Gaia/vari_eclipsing_binary/VariEclipsingBinary_614986-615069.csv
# %ECSV 1.0
# ---
# delimiter: ','
# meta: !!omap
# - RELEASE: Gaia DR3
# - TABLE: vari_eclipsing_binary
# - DESCRIPTION: >
#     This table describes the properties of the eclipsing binaries resulting from the variability analysis. 
# - CITATION: >
#     How to cite and acknowledge Gaia: 
#     https://gea.esac.esa.int/archive/documentation/credits.html 
# - KNOWN_ISSUES: >
#     Known issues: 
#     https://www.cosmos.esa.int/web/gaia-users/known-issues 
# - DOCUMENTATION: >
#     Tutorials and documentation: 
#     https://www.cosmos.esa.int/web/gaia-users/archive 
# datatype:
# - 
#   name: solution_id
#   datatype: int64
#   description: Solution Identifier
#   meta:
#     ucd: meta.version
# - 
#   name: source_id
#   datatype: int64
#   description: Unique source identifier
#   meta:
#     ucd: meta.id;meta.main
# - 
#   name: global_ranking
#   datatype: float32
#   description: Number between 0 (worst) and 1 (best)
#   meta:
#     ucd: stat.param
# - 
#   name: reference_time
#   datatype: float64
#   unit: d
#   description: Reference time used for the geometric model fit
#   meta:
#     ucd: time.epoch
# - 
#   name: frequency
#   datatype: float64
#   unit: d**-1
#   description: Frequency of geometric model of the eclipsing binary light curve
#   meta:
#     ucd: src.orbital
# - 
#   name: frequency_error
#   datatype: float32
#   unit: d**-1
#   description: "Uncertainty of \\texttt{frequency}"
#   meta:
#     ucd: stat.error
# - 
#   name: geom_model_reference_level
#   datatype: float32
#   unit: mag
#   description: Magnitude reference level of geometric model
#   meta:
#     ucd: phot.mag;em.opt
# - 
#   name: geom_model_reference_level_error
#   datatype: float32
#   unit: mag
#   description: "Uncertainty of \\texttt{geomModelReferenceLevel}"
#   meta:
#     ucd: stat.error;phot.mag;em.opt
# - 
#   name: geom_model_gaussian1_phase
#   datatype: float32
#   description: Phase of the Gaussian 1 component
#   meta:
#     ucd: time.phase
# - 
#   name: geom_model_gaussian1_phase_error
#   datatype: float32
#   description: "Uncertainty of \\texttt{geomModelGaussian1Phase}"
#   meta:
#     ucd: stat.error;time.phase
# - 
#   name: geom_model_gaussian1_sigma
#   datatype: float32
#   description: "Standard deviation [phase] of Gaussian 1 component"
#   meta:
#     ucd: stat.stdev
# - 
#   name: geom_model_gaussian1_sigma_error
#   datatype: float32
#   description: "Uncertainty of \\texttt{geomModelGaussian1Sigma}"
#   meta:
#     ucd: stat.error
# - 
#   name: geom_model_gaussian1_depth
#   datatype: float32
#   unit: mag
#   description: Magnitude depth of Gaussian 1 component
#   meta:
#     ucd: src.var.amplitude
# - 
#   name: geom_model_gaussian1_depth_error
#   datatype: float32
#   unit: mag
#   description: "Uncertainty of \\texttt{geomModelGaussian1Depth}"
#   meta:
#     ucd: stat.error;src.var.amplitude
# - 
#   name: geom_model_gaussian2_phase
#   datatype: float32
#   description: Phase of Gaussian 2 component
#   meta:
#     ucd: time.phase
# - 
#   name: geom_model_gaussian2_phase_error
#   datatype: float32
#   description: "Uncertainty of \\texttt{geomModelGaussian2Phase}"
#   meta:
#     ucd: stat.error;time.phase
# - 
#   name: geom_model_gaussian2_sigma
#   datatype: float32
[...]
#   datatype: float32
#   description: "Secondary eclipse: uncertainty of \\texttt{derivedSecondaryEclDuration}"
#   meta:
#     ucd: stat.error;time.duration
# - 
#   name: derived_secondary_ecl_depth
#   datatype: float32
#   unit: mag
#   description: "Secondary eclipse: depth"
#   meta:
#     ucd: src.var.amplitude
# - 
#   name: derived_secondary_ecl_depth_error
#   datatype: float32
#   unit: mag
#   description: "Secondary eclipse: uncertainty of \\texttt{derivedSecondaryEclDepth}"
#   meta:
#     ucd: stat.error;src.var.amplitude
solution_id,source_id,global_ranking,reference_time,frequency,frequency_error,geom_model_reference_level,geom_model_reference_level_error,geom_model_gaussian1_phase,geom_model_gaussian1_phase_error,geom_model_gaussian1_sigma,geom_model_gaussian1_sigma_error,geom_model_gaussian1_depth,geom_model_gaussian1_depth_error,geom_model_gaussian2_phase,geom_model_gaussian2_phase_error,geom_model_gaussian2_sigma,geom_model_gaussian2_sigma_error,geom_model_gaussian2_depth,geom_model_gaussian2_depth_error,geom_model_cosine_half_period_amplitude,geom_model_cosine_half_period_amplitude_error,geom_model_cosine_half_period_phase,geom_model_cosine_half_period_phase_error,model_type,num_model_parameters,reduced_chi2,derived_primary_ecl_phase,derived_primary_ecl_phase_error,derived_primary_ecl_duration,derived_primary_ecl_duration_error,derived_primary_ecl_depth,derived_primary_ecl_depth_error,derived_secondary_ecl_phase,derived_secondary_ecl_phase_error,derived_secondary_ecl_duration,derived_secondary_ecl_duration_error,derived_secondary_ecl_depth,derived_secondary_ecl_depth_error
[from data line 646]
375316653866487564,5410042339068786048,0.520167,2161.6544021434916,0.08163407256386758,1.1397086E-6,19.539246,0.007551287,0.0762811,0.014771324,0.039854,0.017007906,0.048016433,0.010825623,0.4751161,3.4662007E-4,0.0055917394,3.6815583E-4,0.49396664,0.033678144,null,null,null,null,"TWOGAUSSIANS",8,1.9564743,0.4751161,3.4662007E-4,0.03131374,0.0020616727,0.49396664,0.033678144,0.0762811,0.014771324,0.2231824,0.09524427,0.048016433,0.010825623
375316653866487564,5410043576019475840,0.54257935,2128.0154767551567,1.272527730926733,2.6940384E-6,19.143229,0.0047283205,0.3319711,6.3867733E-4,0.033502806,6.841446E-4,0.5600209,0.0077493205,0.83324474,0.022107463,0.037669815,0.013427652,0.14462735,0.030444399,null,null,null,null,"TWOGAUSSIANS",8,1.8216478,0.3319711,6.3867733E-4,0.18761572,0.0038312098,0.5600209,0.0077493205,0.83324474,0.022107463,0.21095096,0.07519485,0.14462735,0.030444399
375316653866487564,5410045328366171776,0.57866484,2114.3792330623423,2.5645131193208357,6.7944775E-6,18.017862,0.016044592,0.25694203,0.0023407224,0.05634049,0.007837679,0.14865904,0.035643097,0.74789035,0.003668173,0.049860362,0.011934877,0.16896729,0.025401553,0.09363109,0.01963489,0.25694203,0.0023407224,"TWOGAUSSIANS_WITH_ELLIPSOIDAL_ON_ECLIPSE1",9,3.49174,0.74951035,0.0028367927,0.27921802,0.066835314,0.35572413,0.0315901,0.25694203,0.0023407224,0.31550676,0.043891005,0.33591303,0.008316691
375316653866487564,5410045470113193088,0.5458714,2133.2589246128396,1.5687365335182533,7.791195E-6,16.619226,0.041297544,0.21876268,0.0031822268,0.11972915,0.020674381,0.11366223,0.038501706,0.7181164,0.0026488556,0.13969195,0.026895441,0.13629702,0.039342165,null,null,null,null,"TWOGAUSSIANS",8,1.9901534,0.7181164,0.0026538009,0.4,0.0,0.0975118,0.003140047,0.21878268,0.0032375094,0.4,0.0,0.0752903,0.0034523108
375316653866487564,5410045676271549312,0.6252856,2125.513009603831,1.8452876381385133,3.5791504E-6,17.7538,0.007652085,0.12937155,8.2218E-4,0.047389317,0.0021306858,0.5478271,0.022145113,0.6298299,0.0018979074,0.044211283,0.0044345018,0.19298705,0.015235778,0.078076676,0.010534179,0.12937155,8.2218E-4,"TWOGAUSSIANS_WITH_ELLIPSOIDAL_ON_ECLIPSE1",9,5.019949,0.12937155,8.2218E-4,0.26538017,0.011931841,0.70397997,0.020317197,0.6298299,0.0018299561,0.24758318,0.02483321,0.3491386,0.009119258
375316653866487564,5410047359898815872,0.6073541,2121.733847163975,0.20663203645883518,1.1069563E-5,15.149539,8.3663635E-4,0.22738281,0.0033051556,0.01831535,0.0030360406,0.25390017,0.015107926,0.5555794,0.0032700985,0.012357231,0.004059072,0.0147537,0.0068321303,null,null,null,null,"TWOGAUSSIANS",8,9.490503,0.22738281,0.0033051556,0.10256597,0.017001826,0.25390017,0.015107926,0.5555794,0.0032700985,0.06920049,0.022730805,0.0147537,0.0068321303
375316653866487564,5410047634776868352,0.5035751,2123.822479272702,0.21976319806558053,5.334819E-5,16.765532,0.0012187056,0.33921424,0.015121392,0.010115453,0.008115234,0.115777574,0.17252032,0.8433673,3.956328E-4,0.0057463055,7.789233E-4,0.26765704,0.15118748,null,null,null,null,"TWOGAUSSIANS",8,3.4109824,0.8433673,3.956328E-4,0.03217931,0.0043619704,0.26765704,0.15118748,0.33921424,0.015121392,0.056646537,0.045445308,0.115777574,0.17252032
375316653866487564,5410048528130088960,0.63920975,2139.9976557807445,1.5268156836808393,2.6259931E-6,16.280987,0.0041232947,0.29899257,0.0010048536,0.08032081,0.0016820811,0.41972122,0.0066616894,0.7945492,0.0018415962,0.08532829,0.002247977,0.36547017,0.007237167,null,null,null,null,"TWOGAUSSIANS",8,9.342044,0.29899257,0.0010048536,0.4,0.0,0.4121552,0.006813312,0.7945492,0.0018415962,0.4,0.0,0.35790414,0.007189388
375316653866487564,5410048631209305344,0.5963335,2160.0858683572856,0.8099974676883149,3.4547425E-6,17.337849,0.0025343685,0.23820224,8.820729E-4,0.02315821,0.0011849252,0.64296865,0.02797022,0.4366879,0.02097012,0.014784594,0.01799706,0.029399684,16.403942,0.006816643,0.0034607812,0.23820224,8.820729E-4,"TWOGAUSSIANS_WITH_ELLIPSOIDAL_ON_ECLIPSE1",9,8.977653,0.23820224,8.820729E-4,0.12968598,0.006635581,0.6566019,0.02804279,0.4366879,0.02097012,0.08279373,0.10078354,0.030778762,16.404266
375316653866487564,5410049249677597056,0.47740066,2137.2678551627387,2.7155453277750925,1.3629899E-5,19.738022,0.034422226,0.27504873,0.0034227867,0.087136835,0.009289018,0.34250903,0.031019773,0.7633904,0.008800512,0.12547384,0.01771762,0.29161215,0.037271068,null,null,null,null,"TWOGAUSSIANS",8,2.0103662,0.27509874,0.0034171578,0.4,0.0,0.30909425,0.019651249,0.7633904,0.008800512,0.4,0.0,0.25797608,0.018587958
375316653866487564,5410051478760680960,0.5786928,2120.9487407315223,2.5444872866163823,6.2613713E-6,19.147951,0.017645692,0.22279271,0.0016822233,0.04578491,0.003355147,0.37250355,0.041702062,0.72313094,0.0053781476,0.044814274,0.008773909,0.39362642,0.14572728,0.1495788,0.023249501,0.22279271,0.0016822233,"TWOGAUSSIANS_WITH_ELLIPSOIDAL_ON_ECLIPSE1",9,3.5359166,0.72313094,0.0052249134,0.25095993,0.04913389,0.6927821,0.15787767,0.22279271,0.0016822233,0.2563955,0.018788824,0.6716606,0.014265766
375316653866487564,5410051684917821952,0.4435457,2121.852389939597,2.4320266767766965,8.7411565E-5,18.312124,0.2387845,0.25604758,0.008121185,0.12386825,0.060591236,0.14148602,0.21420471,0.7466808,0.016602745,0.12086569,0.090126306,0.12565693,0.23165578,null,null,null,null,"TWOGAUSSIANS",8,7.8743777,0.25610757,0.008204339,0.4,0.0,0.110953905,0.013945198,0.7466808,0.016602745,0.4,0.0,0.0951597,0.015883658
375316653866487564,5410052204621846144,0.62878335,2148.2532617581323,0.2108952609611313,2.0131195E-6,17.490955,0.0016033038,0.20050618,0.02034198,0.023397557,0.011402599,0.02276408,0.0818754,0.5492623,3.3804023E-4,0.018742085,4.164777E-4,0.49638727,0.009958467,0.0022557173,0.0026601395,0.5492623,3.3804023E-4,"TWOGAUSSIANS_WITH_ELLIPSOIDAL_ON_ECLIPSE2",9,2.5022879,0.5492623,3.3804023E-4,0.10495567,0.002332275,0.50089866,0.010021652,0.19985618,0.020015372,0.13102631,0.06385455,0.02429793,0.08184711
375316653866487564,5410052303394588160,0.55454946,2110.823532935819,2.7466730141336315,7.577375E-6,19.539274,0.010320975,0.26430038,0.0023813124,0.07043908,0.0051300945,0.4948241,0.024217146,0.7652896,0.002398384,0.06889156,0.0027575626,0.53927696,0.015474817,null,null,null,null,"TWOGAUSSIANS",8,1.6827458,0.7652896,0.002398384,0.38579276,0.015442351,0.5376686,0.015327168,0.26430038,0.0023813124,0.39445883,0.02280115,0.49321574,0.02479159
375316653866487564,5410055567574312960,0.4971648,2105.381136798854,2.6259816826742703,1.0999124E-5,19.201803,0.011043439,0.272977,0.0068977876,0.07318659,0.00845736,0.21791212,0.011110124,0.75361973,0.0058779283,0.0757928,0.009046582,0.25861958,0.017503813,null,null,null,null,"TWOGAUSSIANS",8,2.6826015,0.75361973,0.0058779283,0.4,0.0,0.2575279,0.01770642,0.272977,0.0068977876,0.4,0.0046034614,0.21682043,0.01008617
375316653866487564,5410056671388967808,0.5282004,2147.3836114767037,0.6949021725880129,3.6952765E-6,17.484072,0.0011684133,0.55111593,0.012481578,0.0111385435,0.00848237,0.026441883,0.020230824,0.8062797,0.0010071833,0.027243095,0.0019354103,0.15627512,0.009118692,0.0011511445,0.0017567481,0.8062797,0.0010071833,"TWOGAUSSIANS_WITH_ELLIPSOIDAL_ON_ECLIPSE2",9,1.695091,0.8062797,0.0010071833,0.15256134,0.010838298,0.15857741,0.009253557,0.55111593,0.012499996,0.062375844,0.04750127,0.026444303,0.020235816
375316653866487564,5410056843187793536,0.48039335,2137.1923615543637,0.8893235473524542,1.8747365E-5,18.363764,0.0033409307,0.22705002,0.00479221,0.033408888,0.0039114254,0.29495728,0.07087021,0.68410385,4.597307E-5,0.005479501,3.425521E-4,0.104794815,0.0011862466,null,null,null,null,"TWOGAUSSIANS",8,4.8679056,0.22705002,0.00479221,0.18708977,0.02190398,0.29495728,0.07087021,0.68410385,4.597307E-5,0.030685205,0.0019182918,0.104794815,0.0011862466
375316653866487564,5410058591230835840,0.60062087,2129.8089343903644,2.8871660102756334,2.7474723E-6,18.757502,0.0075096074,0.28173736,0.001245904,0.04714762,0.002255375,0.53519225,0.019882968,0.7759251,0.0027538773,0.037365396,0.0022375083,0.427001,0.026135948,0.13290054,0.009797097,0.28173736,0.001245904,"TWOGAUSSIANS_WITH_ELLIPSOIDAL_ON_ECLIPSE1",9,2.9971163,0.28173736,0.001245904,0.26402667,0.012630099,0.8009924,0.017513867,0.7762951,0.0025807917,0.20924622,0.0125300465,0.6924696,0.022541773
375316653866487564,5410059381500373632,0.5628835,2128.788002599452,2.834368183575289,5.8583346E-6,18.500456,0.017299304,0.21783185,0.0027057435,0.091218606,0.008195542,0.3093953,0.014356153,0.7098518,0.0049125194,0.08970716,0.005503494,0.35017428,0.02224356,null,null,null,null,"TWOGAUSSIANS",8,2.3876867,0.7098518,0.0049125194,0.4,0.0,0.33740187,0.017438289,0.21783185,0.0027057435,0.4,0.0,0.29662284,0.010658537
375316653866487564,5410060240493267456,0.59149307,2133.00466249902,0.6533486820448434,9.808172E-6,11.653053,0.0077036843,0.19320825,0.0014916104,0.0400419,0.0042987713,0.20144692,0.02853936,0.691595,0.003301109,0.04635198,0.0065171053,0.61692697,0.101197325,0.038588766,0.009185844,0.19320825,0.0014916104,"TWOGAUSSIANS_WITH_ELLIPSOIDAL_ON_ECLIPSE1",9,427.43292,0.691625,0.003249805,0.2595711,0.03649579,0.69409627,0.113854684,0.19320825,0.0014916104,0.22423464,0.024073118,0.278624,0.028317897
375316653866487564,5410061550471666816,0.5545053,2130.098401684389,2.820398565140289,7.188776E-6,18.939137,0.007989785,0.2614263,0.0023296005,0.080000676,0.0034092912,0.36843878,0.013382428,0.76278526,0.002474506,0.079742454,0.0037221434,0.31166735,0.010983158,null,null,null,null,"TWOGAUSSIANS",8,2.5004299,0.2614263,0.0023296005,0.4,0.0,0.3635184,0.01330486,0.76278526,0.002474506,0.4,0.0,0.30674696,0.010511049
375316653866487564,5410062439518546048,0.49724624,2110.477693901596,3.083326181924144,9.7852735E-6,19.746891,0.010656739,0.22517249,0.0070471116,0.069998085,0.006629147,0.32285985,0.03310803,0.7178189,0.0036553259,0.059981573,0.0077946372,0.395165,0.033482805,null,null,null,null,"TWOGAUSSIANS",8,2.2164736,0.7178189,0.0036553259,0.33589682,0.043649968,0.39481798,0.033735555,0.22517249,0.0070471116,0.39198926,0.030617714,0.32251287,0.03311657
375316653866487564,5410062714395469696,0.55934423,2135.0264740162615,3.983978059742421,4.3193463E-6,18.670572,0.006449576,0.23655254,0.0017819062,0.07304621,0.0030870936,0.46766952,0.011562354,0.7367284,0.0037809024,0.07747553,0.004428074,0.478362,0.027335646,null,null,null,null,"TWOGAUSSIANS",8,3.829822,0.7367284,0.0037809024,0.4,0.0,0.47457656,0.028065221,0.23655254,0.0017819062,0.4,0.0,0.4638841,0.011905939
375316653866487564,5410065433122796032,0.5159956,2136.745394497008,2.338384097682717,8.240239E-6,18.850737,0.019929323,0.2487004,0.0034980373,0.10737665,0.010344041,0.2163837,0.018436188,0.7735142,0.0038287495,0.09709485,0.0094396565,0.2370329,0.018209476,null,null,null,null,"TWOGAUSSIANS",8,1.8275067,0.77353424,0.0038265393,0.4,0.0,0.22031167,0.009071037,0.2487004,0.0034981207,0.4,0.0,0.19965056,0.011037758
375316653866487564,5410067078086539648,0.49265176,2154.4046306314876,3.9616967877279787,7.573344E-6,18.680368,0.021613244,0.23926912,0.006578213,0.08597331,0.012989141,0.36961183,0.049961966,0.73745894,0.0031427823,0.07624122,0.0071505453,0.40037438,0.050705243,null,null,null,null,"TWOGAUSSIANS",8,10.105522,0.73745894,0.0031427823,0.4,0.002324511,0.3939765,0.05119281,0.23926912,0.006578213,0.4,0.0,0.36321393,0.053154
375316653866487564,5410067185464620160,0.49128023,2111.8395608078727,2.3603793193899714,1.591204E-5,19.30612,0.012809683,0.24315503,0.006414941,0.08442758,0.008857317,0.23720501,0.012549867,0.739699,0.004363193,0.09833841,0.008416871,0.22237384,0.014216294,null,null,null,null,"TWOGAUSSIANS",8,1.525333,0.24315503,0.006414941,0.4,0.0,0.2269324,0.0107436925,0.739699,0.004363193,0.4,0.0,0.21210013,0.012286102
375316653866487564,5410067215525512320,0.5457749,2130.9187340253116,2.5155452548955024,6.8676077E-6,18.298563,0.0064386693,0.21545823,0.0028040176,0.08581971,0.004123359,0.19522756,0.008054556,0.7061735,0.0030677312,0.093971096,0.0037124797,0.26890907,0.00813022,null,null,null,null,"TWOGAUSSIANS",8,2.2570324,0.7061735,0.0030677312,0.4,0.0,0.2605709,0.0065687145,0.21545823,0.0028040176,0.4,0.0,0.18688983,0.007166807
375316653866487564,5410067490403433344,0.54346937,2150.384434539705,1.6899280851466687,7.734047E-6,18.691135,0.0056200325,0.17225687,0.001528751,0.028903022,0.0016708367,0.47401413,0.029750345,0.6875362,0.009059526,0.018610628,0.0036222842,0.56200606,0.17080468,null,null,null,null,"TWOGAUSSIANS",8,5.0231557,0.6875362,0.009059526,0.10421952,0.02028479,0.56200606,0.17080468,0.17225687,0.001528751,0.16185692,0.009356686,0.47401413,0.029750345
375316653866487564,5410068388059821952,0.5582467,2117.625957330805,3.1254837227347645,5.5516152E-6,19.40351,0.008735903,0.22266404,0.0022340934,0.067676574,0.0031331056,0.5819257,0.03698098,0.7263423,0.0017740239,0.056853905,0.0029876651,0.5136941,0.016211865,null,null,null,null,"TWOGAUSSIANS",8,2.2600782,0.22266404,0.0022340934,0.37898883,0.01754539,0.5816185,0.03706418,0.7263423,0.0017740239,0.31838188,0.016730925,0.5133869,0.01624174
375316653866487564,5410068972175193984,0.52920943,2123.0129518423078,1.9442839594497425,5.7212264E-6,17.26275,0.0042436197,0.118585944,0.0035327657,0.050250188,0.003853068,0.20013733,0.0069234287,0.6029315,0.008642223,0.0635623,0.009184666,0.10484727,0.006837933,null,null,null,null,"TWOGAUSSIANS",8,6.9087887,0.118585944,0.0035327657,0.28140104,0.02157718,0.2001277,0.0069187954,0.6029315,0.008642223,0.35594887,0.05143413,0.10483765,0.006831207
375316653866487564,5410070758881652096,0.41732922,2144.8230150767213,0.3412544585885817,1.8457782E-5,16.920595,0.006863126,0.45460555,0.005263127,0.022083966,0.0075320024,0.14462085,0.034786645,0.91571724,0.007226456,0.021944566,0.0040389593,0.10707624,0.020033887,null,null,null,null,"TWOGAUSSIANS",8,84.55834,0.45460555,0.005263127,0.12367021,0.042179216,0.14462085,0.034786645,0.91571724,0.007226456,0.12288957,0.02261817,0.10707624,0.020033887
375316653866487564,5410071171198481664,0.68257374,2170.7709198603784,1.979861241652571,2.307796E-6,14.308181,0.005900516,0.21716706,5.252E-4,0.050534397,0.0018179651,0.27193165,0.012066826,0.7171934,0.002949322,0.059817564,0.0039172075,0.22332723,0.013112593,0.10214481,0.0072033885,0.21716706,5.252E-4,"TWOGAUSSIANS_WITH_ELLIPSOIDAL_ON_ECLIPSE1",9,37.670383,0.21716706,5.252E-4,0.2829926,0.010180605,0.4761831,0.004146689,0.7171934,0.0028720326,0.33497837,0.021936363,0.4275787,0.009680213
375316653866487564,5410071304337155712,0.65005463,2149.3685769313406,0.3988826631499617,1.2881397E-6,16.828903,0.0013296044,0.529077,0.0013800808,0.021700118,0.0011574787,0.45920184,0.011261511,null,null,null,null,null,null,null,null,null,null,"ONEGAUSSIAN",5,3.5820487,0.529077,0.0013800808,0.12152065,0.0064818803,0.45920184,0.0,null,null,null,null,null,null
375316653866487564,5410072060245365760,0.44545925,2155.0699004305625,3.524853325989167,1.6072607E-5,18.74519,0.32549524,0.3227377,0.020221364,0.21107532,0.16448312,0.21544068,0.31957522,0.8139057,0.0055011287,0.085048854,0.013724827,0.26872772,0.090297945,null,null,null,null,"TWOGAUSSIANS",8,3.6808045,0.8139057,0.005475295,0.4,0.0,0.20311296,0.019651026,0.3227377,0.020221364,0.4,0.0,0.123672485,0.013715915
375316653866487564,5410072644359741696,0.610187,2150.2078839558644,3.464121131480005,3.954299E-6,16.647097,0.029704561,0.24236391,0.00200349,0.056578573,0.0062686596,0.3731407,0.066648744,0.7437687,0.0029201177,0.062325105,0.0075412653,0.37913013,0.065258704,0.073352434,0.039294917,0.24236391,0.00200349,"TWOGAUSSIANS_WITH_ELLIPSOIDAL_ON_ECLIPSE1",9,28.791899,0.7437687,0.0029186644,0.3490206,0.042231087,0.5256912,0.02000968,0.24236391,0.00200349,0.31684,0.035104495,0.5197132,0.01844888
