Gaia/vari_eclipsing_binary/VariEclipsingBinary_199775-200211.csv
# %ECSV 1.0
# ---
# delimiter: ','
# meta: !!omap
# - RELEASE: Gaia DR3
# - TABLE: vari_eclipsing_binary
# - DESCRIPTION: >
#     This table describes the properties of the eclipsing binaries resulting from the variability analysis. 
# - CITATION: >
#     How to cite and acknowledge Gaia: 
#     https://gea.esac.esa.int/archive/documentation/credits.html 
# - KNOWN_ISSUES: >
#     Known issues: 
#     https://www.cosmos.esa.int/web/gaia-users/known-issues 
# - DOCUMENTATION: >
#     Tutorials and documentation: 
#     https://www.cosmos.esa.int/web/gaia-users/archive 
# datatype:
# - 
#   name: solution_id
#   datatype: int64
#   description: Solution Identifier
#   meta:
#     ucd: meta.version
# - 
#   name: source_id
#   datatype: int64
#   description: Unique source identifier
#   meta:
#     ucd: meta.id;meta.main
# - 
#   name: global_ranking
#   datatype: float32
#   description: Number between 0 (worst) and 1 (best)
#   meta:
#     ucd: stat.param
# - 
#   name: reference_time
#   datatype: float64
#   unit: d
#   description: Reference time used for the geometric model fit
#   meta:
#     ucd: time.epoch
# - 
#   name: frequency
#   datatype: float64
#   unit: d**-1
#   description: Frequency of geometric model of the eclipsing binary light curve
#   meta:
#     ucd: src.orbital
# - 
#   name: frequency_error
#   datatype: float32
#   unit: d**-1
#   description: "Uncertainty of \\texttt{frequency}"
#   meta:
#     ucd: stat.error
# - 
#   name: geom_model_reference_level
#   datatype: float32
#   unit: mag
#   description: Magnitude reference level of geometric model
#   meta:
#     ucd: phot.mag;em.opt
# - 
#   name: geom_model_reference_level_error
#   datatype: float32
#   unit: mag
#   description: "Uncertainty of \\texttt{geomModelReferenceLevel}"
#   meta:
#     ucd: stat.error;phot.mag;em.opt
# - 
#   name: geom_model_gaussian1_phase
#   datatype: float32
#   description: Phase of the Gaussian 1 component
#   meta:
#     ucd: time.phase
# - 
#   name: geom_model_gaussian1_phase_error
#   datatype: float32
#   description: "Uncertainty of \\texttt{geomModelGaussian1Phase}"
#   meta:
#     ucd: stat.error;time.phase
# - 
#   name: geom_model_gaussian1_sigma
#   datatype: float32
#   description: "Standard deviation [phase] of Gaussian 1 component"
#   meta:
#     ucd: stat.stdev
# - 
#   name: geom_model_gaussian1_sigma_error
#   datatype: float32
#   description: "Uncertainty of \\texttt{geomModelGaussian1Sigma}"
#   meta:
#     ucd: stat.error
# - 
#   name: geom_model_gaussian1_depth
#   datatype: float32
#   unit: mag
#   description: Magnitude depth of Gaussian 1 component
#   meta:
#     ucd: src.var.amplitude
# - 
#   name: geom_model_gaussian1_depth_error
#   datatype: float32
#   unit: mag
#   description: "Uncertainty of \\texttt{geomModelGaussian1Depth}"
#   meta:
#     ucd: stat.error;src.var.amplitude
# - 
#   name: geom_model_gaussian2_phase
#   datatype: float32
#   description: Phase of Gaussian 2 component
#   meta:
#     ucd: time.phase
# - 
#   name: geom_model_gaussian2_phase_error
#   datatype: float32
#   description: "Uncertainty of \\texttt{geomModelGaussian2Phase}"
#   meta:
#     ucd: stat.error;time.phase
# - 
#   name: geom_model_gaussian2_sigma
#   datatype: float32
[...]
#   datatype: float32
#   description: "Secondary eclipse: uncertainty of \\texttt{derivedSecondaryEclDuration}"
#   meta:
#     ucd: stat.error;time.duration
# - 
#   name: derived_secondary_ecl_depth
#   datatype: float32
#   unit: mag
#   description: "Secondary eclipse: depth"
#   meta:
#     ucd: src.var.amplitude
# - 
#   name: derived_secondary_ecl_depth_error
#   datatype: float32
#   unit: mag
#   description: "Secondary eclipse: uncertainty of \\texttt{derivedSecondaryEclDepth}"
#   meta:
#     ucd: stat.error;src.var.amplitude
solution_id,source_id,global_ranking,reference_time,frequency,frequency_error,geom_model_reference_level,geom_model_reference_level_error,geom_model_gaussian1_phase,geom_model_gaussian1_phase_error,geom_model_gaussian1_sigma,geom_model_gaussian1_sigma_error,geom_model_gaussian1_depth,geom_model_gaussian1_depth_error,geom_model_gaussian2_phase,geom_model_gaussian2_phase_error,geom_model_gaussian2_sigma,geom_model_gaussian2_sigma_error,geom_model_gaussian2_depth,geom_model_gaussian2_depth_error,geom_model_cosine_half_period_amplitude,geom_model_cosine_half_period_amplitude_error,geom_model_cosine_half_period_phase,geom_model_cosine_half_period_phase_error,model_type,num_model_parameters,reduced_chi2,derived_primary_ecl_phase,derived_primary_ecl_phase_error,derived_primary_ecl_duration,derived_primary_ecl_duration_error,derived_primary_ecl_depth,derived_primary_ecl_depth_error,derived_secondary_ecl_phase,derived_secondary_ecl_phase_error,derived_secondary_ecl_duration,derived_secondary_ecl_duration_error,derived_secondary_ecl_depth,derived_secondary_ecl_depth_error
[from data line 142]
375316653866487564,1758310996249604224,0.6692868,2302.8880405153695,0.8697416160383112,2.9515754E-6,10.500178,0.006321843,0.3032312,0.001991697,0.0464366,0.008511569,0.04647412,0.015794512,0.8013688,0.0017035507,0.050701506,0.0027031023,0.35242948,0.016653713,0.092915036,0.009971998,0.3032312,0.001991697,"TWOGAUSSIANS_WITH_ELLIPSOIDAL_ON_ECLIPSE1",9,49.534904,0.8015488,0.001500773,0.28392845,0.0151373735,0.5382347,0.017352425,0.3032312,0.001991697,0.26004496,0.04766479,0.23230235,0.00530834
375316653866487564,1758315183842083072,0.5842965,2306.059128306347,1.49984703875338,3.395906E-6,11.99216,0.0027144572,0.28144452,0.0036076203,0.0418027,0.0057370304,0.055537283,0.008996801,0.78168565,8.316452E-4,0.037497845,0.0013406774,0.22781341,0.010762208,0.01647862,0.0044590766,0.28144452,0.0036076203,"TWOGAUSSIANS_WITH_ELLIPSOIDAL_ON_ECLIPSE1",9,53.38243,0.78168565,8.271861E-4,0.20998794,0.007507793,0.26077056,0.010543333,0.28144452,0.0036076203,0.23409513,0.03212737,0.08849451,0.0073914123
375316653866487564,1758324014294843520,0.59481454,2269.3098447197235,2.492618788478713,5.3855747E-6,12.676917,0.0074337535,0.21601897,0.003156128,0.040130228,0.0049504293,0.23432937,0.019046456,0.71049786,0.0017165734,0.043775994,0.005904143,0.23292181,0.06599836,0.1496026,0.012623753,0.71049786,0.0017165734,"TWOGAUSSIANS_WITH_ELLIPSOIDAL_ON_ECLIPSE2",9,529.35333,0.21524897,0.0026285793,0.22472928,0.027722403,0.5332248,0.021503238,0.71049786,0.0017165734,0.24514557,0.033063203,0.53212696,0.068822764
375316653866487564,1758334876266840832,0.4314144,2255.3327560844427,1.926407483827764,3.271093E-5,19.28509,0.023522696,0.34450504,0.013552808,0.053118307,0.02172761,0.09709758,0.03338615,0.6552978,0.007871723,0.08888199,0.01669109,0.19320099,0.032124545,null,null,null,null,"TWOGAUSSIANS",8,3.6670532,0.6552978,0.007871723,0.4,0.0,0.19319877,0.032121792,0.34500504,0.013401229,0.29746252,0.12167462,0.097527094,0.033699267
375316653866487564,1758335632182996864,0.5099933,2322.216976977924,1.6549051092684424,2.3190778E-5,15.857146,0.007635043,0.19588453,0.005405105,0.034149572,0.006976462,0.26491895,0.06290646,0.70464766,0.0033285383,0.033639196,0.0063256123,0.31900224,0.05601734,0.023148265,0.012174122,0.19588453,0.005405105,"TWOGAUSSIANS_WITH_ELLIPSOIDAL_ON_ECLIPSE1",9,98.78816,0.70464766,0.0033285383,0.1883795,0.035423428,0.36515856,0.06270224,0.19588453,0.005405105,0.1912376,0.039068185,0.31121546,0.06734523
375316653866487564,1758344355260412416,0.4661255,2340.328989604773,0.03709010604605106,6.153757E-5,18.027855,0.012079127,0.3813006,0.014832532,0.16840704,0.03518169,0.12432299,0.015723985,0.9077214,0.007638551,0.030312508,0.008454559,0.053927507,0.012351277,null,null,null,null,"TWOGAUSSIANS",8,4.098564,0.3813006,0.014832532,0.4,0.0,0.11888194,0.017709032,0.9081114,0.0077407244,0.16975005,0.04734553,0.051814307,0.0123210335
375316653866487564,1758353116993858944,0.5442824,2327.070051144656,3.164762940253271,9.028707E-6,18.239653,0.0120509565,0.29356238,0.00336169,0.035181955,0.034188997,0.0831532,0.0423374,0.77516866,0.010542557,0.049217794,0.010719101,0.11979437,0.027882945,0.1019922,0.016725898,0.29356238,0.00336169,"TWOGAUSSIANS_WITH_ELLIPSOIDAL_ON_ECLIPSE1",9,4.0770555,0.77968866,0.007859208,0.27561966,0.060026966,0.32172668,0.015954692,0.29356238,0.00336169,0.19701895,0.19145837,0.28713575,0.049536396
375316653866487564,1758363016893863424,0.6304113,2354.5114097007613,2.172649642038634,3.7382133E-6,16.755123,0.0038046374,0.24089566,0.0010504386,0.052089024,0.0055122203,0.06991042,0.010846751,0.7349009,0.021094654,0.046048556,0.02339922,0.068346985,0.02744267,0.10040863,0.005752316,0.24089566,0.0010504386,"TWOGAUSSIANS_WITH_ELLIPSOIDAL_ON_ECLIPSE1",9,4.734281,0.24089566,0.0010504386,0.29169855,0.030868433,0.2707269,0.007999335,0.7368809,0.016000241,0.2578719,0.13103564,0.26897255,0.029799908
375316653866487564,1758366487227332736,0.49431702,2286.8830855806596,1.8983451831499691,1.9010056E-5,17.331747,0.001496987,0.28199077,0.005452263,0.061651547,0.041821398,0.0015253227,0.0047841617,null,null,null,null,null,null,0.034575723,0.0016594217,0.28199077,0.005452263,"ONEGAUSSIAN_WITH_ELLIPSOIDAL",6,2.7711432,0.28199077,0.005452263,0.34524867,0.1302521,0.07067636,0.0045611453,null,null,null,null,null,null
375316653866487564,1758368823689537280,0.6148201,2293.877189071571,3.427604464703175,4.8604966E-6,14.701347,0.015144756,0.20467451,0.0053236145,0.042766836,0.009667567,0.1878679,0.030139307,0.6953699,0.001174854,0.056813207,0.004948562,0.27300626,0.032289784,0.10742849,0.020388773,0.6953699,0.001174854,"TWOGAUSSIANS_WITH_ELLIPSOIDAL_ON_ECLIPSE2",9,104.08462,0.6953699,0.001174854,0.31815395,0.027711948,0.48784605,0.0126578,0.20335451,0.004680405,0.23949428,0.054138374,0.40207788,0.01295375
375316653866487564,1758368991193127808,0.5249314,2304.996803034039,3.4040361431881583,2.0658308E-5,18.687927,0.01109314,0.25968593,0.0037499215,0.09958989,0.007385517,0.2195408,0.011272894,0.75017136,0.0075873025,0.090897664,0.010488088,0.23903935,0.013236291,null,null,null,null,"TWOGAUSSIANS",8,1.8609165,0.75017136,0.0075873025,0.4,0.0,0.22628039,0.013984307,0.25968593,0.0037499215,0.4,0.0,0.20678036,0.008951251
375316653866487564,1758377959082807168,0.5364484,2348.3303176094523,3.3074815847885812,1.4505341E-5,19.034973,0.025248319,0.26343185,0.007546065,0.11251134,0.0139490655,0.28448302,0.023899479,0.7495769,0.0033329464,0.10362805,0.008176445,0.28281075,0.02521859,null,null,null,null,"TWOGAUSSIANS",8,1.6016926,0.26344186,0.007553804,0.4,0.0,0.25090933,0.011545461,0.7495769,0.0033329464,0.4,0.0,0.24926457,0.0065043257
375316653866487564,1758385896183756160,0.57759017,2323.0663564904185,1.0017131950904208,1.0000888E-5,12.392716,0.027106578,0.23781994,0.001821208,0.1203459,0.013146824,0.22476493,0.02228348,0.73516804,0.0027088092,0.108342275,0.010958961,0.21137978,0.02626392,null,null,null,null,"TWOGAUSSIANS",8,96.12138,0.23781994,0.0018216504,0.4,0.0,0.18583095,0.0059806886,0.73516804,0.0027088092,0.4,0.0,0.17251629,0.0047244374
375316653866487564,1758398751021651712,0.57666475,2329.6862847360158,1.363191779134322,9.437855E-6,15.049984,0.0070901834,0.2076557,0.003386512,0.08582527,0.005351836,0.15277763,0.0073547238,0.6960822,0.0025873634,0.09034731,0.0037215345,0.24656728,0.009140519,null,null,null,null,"TWOGAUSSIANS",8,37.577408,0.6960822,0.0025873634,0.4,0.0,0.24082348,0.008282522,0.2076557,0.003386512,0.4,0.0,0.14703394,0.0058871848
375316653866487564,1758400980107413120,0.5559616,2314.4520931940397,2.7960283067701055,1.4054236E-5,11.133776,0.017146928,0.27034175,0.0103138955,0.052278355,0.0113312015,0.14835013,0.042764205,0.78323776,0.0043064305,0.04145534,0.025392486,0.15973088,0.0917199,0.115446456,0.020647127,0.78323776,0.0043064305,"TWOGAUSSIANS_WITH_ELLIPSOIDAL_ON_ECLIPSE2",9,581.17487,0.78323776,0.0043064305,0.23214991,0.14219792,0.39062253,0.099728115,0.27358177,0.007323498,0.2927588,0.06345473,0.3781083,0.023280924
375316653866487564,1758404626537277824,0.44163698,2336.7070761920827,0.7998917722380801,7.4179145E-5,14.233734,0.011889875,0.23038931,0.003741571,0.023908617,0.003465854,0.22804417,0.044584073,0.79956806,0.034744233,0.14289093,0.04909934,0.059123922,0.013666996,null,null,null,null,"TWOGAUSSIANS",8,676.93445,0.2303593,0.0037476132,0.13388826,0.019408783,0.22832915,0.044633675,0.79956806,0.034744233,0.4,0.0,0.05875973,0.012747544
375316653866487564,1758407753273469184,0.61287254,2348.2827589151216,1.745284726943885,4.8503234E-6,16.687834,0.02432274,0.28929552,0.0027041081,0.050298117,0.0061878073,0.3201623,0.05049413,0.78319335,0.0024467562,0.058853764,0.005083861,0.73288155,0.035548463,0.05056147,0.027698709,0.28929552,0.0027041081,"TWOGAUSSIANS_WITH_ELLIPSOIDAL_ON_ECLIPSE1",9,24.654617,0.78341335,0.0023110234,0.32958108,0.02846962,0.833804,0.05534982,0.28929552,0.0027041081,0.28166944,0.03465172,0.4212279,0.018874317
375316653866487564,1758416171409096320,0.5706763,2308.170637723008,2.8676184622652667,7.6027154E-6,17.095612,0.019804638,0.27254343,0.0023325484,0.05318459,0.010317315,0.1743219,0.044895813,0.7638053,0.0039241784,0.054364633,0.007611002,0.27326334,0.04182382,0.07960773,0.027810229,0.27254343,0.0023325484,"TWOGAUSSIANS_WITH_ELLIPSOIDAL_ON_ECLIPSE1",9,17.076853,0.7648453,0.0033416562,0.30444193,0.04262161,0.4320491,0.023844851,0.27254343,0.0023325484,0.2978337,0.057776965,0.3335299,0.013825658
375316653866487564,1758419671806743424,0.53937596,2263.8024361262023,4.4346339523829315,7.533649E-6,19.863415,0.010208029,0.24691218,0.019860515,0.056069937,0.012711152,0.8079469,0.22147097,0.7464059,0.0046045813,0.05754515,0.0049625686,0.56968385,0.029285433,null,null,null,null,"TWOGAUSSIANS",8,2.3868773,0.24691218,0.019860515,0.31399164,0.07118245,0.80786425,0.22150996,0.7464059,0.0046045813,0.32225284,0.027790384,0.56960124,0.029324539
375316653866487564,1758427024790693888,0.6111414,2348.008017286686,4.17957124154542,1.2423928E-5,17.726307,0.0062753805,0.24027874,0.0026767042,0.043703888,0.008958103,0.18019453,0.015070795,0.74247,0.006440725,0.040152393,0.0063895322,0.11377279,0.017488098,0.12391385,0.00807514,0.24027874,0.0026767042,"TWOGAUSSIANS_WITH_ELLIPSOIDAL_ON_ECLIPSE1",9,4.2991595,0.24027874,0.0026767042,0.24474177,0.050165378,0.4280218,0.010141653,0.74247,0.006222155,0.2248534,0.03578138,0.36155304,0.010764601
375316653866487564,1758429429972469888,0.49150538,2321.2696798345564,3.36093717793324,1.3577122E-5,19.524618,0.0154602155,0.22190498,0.0039328905,0.06577988,0.0074242847,0.44303095,0.04680425,0.7294662,0.0051865443,0.08138574,0.007407789,0.45735884,0.06215488,null,null,null,null,"TWOGAUSSIANS",8,5.6522856,0.7294662,0.0051865443,0.4,0.0,0.4550167,0.06307753,0.22190498,0.0039328905,0.36836734,0.041575994,0.44068885,0.04782878
375316653866487564,1758430705578467072,0.701498,2328.3286045592645,1.2081133427365032,1.8048352E-6,14.073744,0.006306349,0.21132277,0.007132996,0.03592669,0.008136641,0.08142122,0.015036997,0.713519,0.015619504,0.034238562,0.0064821164,0.9159127,0.2113072,0.010615059,0.007472966,0.21132277,0.007132996,"TWOGAUSSIANS_WITH_ELLIPSOIDAL_ON_ECLIPSE1",9,72.39725,0.713519,0.015619504,0.19173595,0.03629985,0.93713874,0.20000996,0.21132277,0.007132996,0.20118944,0.045565188,0.10265132,0.008070937
375316653866487564,1758433282557076096,0.55886286,2311.242088602769,3.605037041295219,8.0134605E-6,18.96536,0.00923452,0.22971307,0.004791479,0.0790306,0.0054358356,0.43013403,0.024175787,0.72675526,0.0026234605,0.077881165,0.0025436203,0.52497107,0.023144051,null,null,null,null,"TWOGAUSSIANS",8,3.545146,0.72675526,0.0026234605,0.4,0.0,0.5193954,0.023270633,0.22971307,0.004791479,0.4,0.0,0.42455834,0.024892915
375316653866487564,1758451763801315584,0.59602153,2334.5912828242485,3.671543038203298,6.5992367E-6,18.2226,0.007664521,0.2590593,0.0016316773,0.049329497,0.0034004478,0.26611432,0.023596281,0.7627403,0.005579259,0.05080694,0.004615671,0.2108842,0.024742536,0.099993035,0.014354982,0.2590593,0.0016316773,"TWOGAUSSIANS_WITH_ELLIPSOIDAL_ON_ECLIPSE1",9,3.8268478,0.2590593,0.0016316773,0.27624518,0.019042507,0.466098,0.01549208,0.7627403,0.005579259,0.28451887,0.025847757,0.4107609,0.014525869
375316653866487564,1758457708036324992,0.48481053,2336.2705605518468,2.795533424516879,2.1226535E-5,18.991213,0.04879269,0.21550217,0.0112298755,0.10591053,0.026583381,0.2524641,0.044706132,0.7230877,0.009654047,0.10080022,0.018637324,0.2703678,0.04770929,null,null,null,null,"TWOGAUSSIANS",8,3.8437505,0.7230877,0.009657374,0.4,0.0,0.24478164,0.020403348,0.21550217,0.011230441,0.4,0.0,0.22687286,0.014465374
375316653866487564,1758471039614757760,0.4187966,2330.0523493749724,2.1490864472669013,3.514303E-5,17.769793,0.0031533232,null,null,null,null,null,null,null,null,null,null,null,null,0.03730007,0.005212025,0.35112876,0.0069735,"ELLIPSOIDAL",4,9.440741,null,null,null,null,null,null,null,null,null,null,null,null
375316653866487564,1758471451931695104,0.5471525,2347.534835294247,3.7258750730686576,1.3229756E-5,18.25071,0.014469793,0.20743927,0.008272589,0.08885192,0.0078116367,0.4295163,0.025705393,0.6795506,0.006986692,0.07630129,0.00702268,0.4735831,0.0216536,null,null,null,null,"TWOGAUSSIANS",8,11.00474,0.6795506,0.006986692,0.4,0.0068251626,0.46817017,0.021190025,0.20743927,0.008272589,0.4,0.0,0.42410302,0.024858773
375316653866487564,1758476468453593600,0.43905106,2344.547886897184,0.047363698652685,2.8157949E-5,16.916288,0.0029252416,0.43827084,0.013178487,0.0317795,0.018925814,0.70738024,1.1731623,0.8454075,0.009630737,0.03653743,0.0075704586,0.09351826,0.062402233,null,null,null,null,"TWOGAUSSIANS",8,10.115784,0.43827084,0.013178487,0.17796521,0.10598456,0.70738024,1.1731623,0.8454075,0.009630737,0.20460962,0.042394567,0.09351826,0.062402233
375316653866487564,1758482691860857856,0.45226917,2316.4122274246424,0.7274807653253547,7.588436E-5,19.80583,0.008776581,0.42332783,0.007478605,0.023585858,0.0031963943,0.55066407,0.17677827,0.287898,0.04256958,0.03714968,0.040111717,0.11406581,0.057622306,null,null,null,null,"TWOGAUSSIANS",8,2.989966,0.42331782,0.00746676,0.1320808,0.017899808,0.5508125,0.17680822,0.287898,0.04256958,0.2080382,0.22462562,0.11406585,0.05762256
375316653866487564,1758489250277305088,0.525963,2313.2602301246684,0.7300282539618186,5.4153106E-6,19.129725,0.004516109,0.2633633,0.014560494,0.036985286,0.03183039,0.062828705,23.2676,0.73012334,3.6895128E-6,0.005264584,4.7966594E-5,11.533406,0.56522626,null,null,null,null,"TWOGAUSSIANS",8,2.0107963,0.73012334,3.6895128E-6,0.02948167,2.6861293E-4,11.533406,0.56522626,0.2633633,0.014560494,0.20711759,0.17825018,0.062828705,23.2676
375316653866487564,1758490869480371840,0.57025397,2309.295045241161,3.339948399929244,1.1571743E-5,15.853244,0.006346806,0.2523446,0.0026713428,0.037980556,0.06567393,0.026131075,0.045184065,0.74815345,0.00685293,0.03828495,0.025577111,0.060504813,0.16901071,0.06439315,0.010448606,0.2523446,0.0026713428,"TWOGAUSSIANS_WITH_ELLIPSOIDAL_ON_ECLIPSE1",9,15.138102,0.74898344,0.0059125894,0.21439573,0.14323182,0.18921933,0.17211667,0.2523446,0.0026713428,0.21269111,0.36777404,0.15491724,0.060535524
375316653866487564,1758497324814810624,0.5029062,2328.2251655102737,2.814252187285032,1.501528E-5,15.336291,0.0069116354,0.27579254,0.009146771,0.015797297,0.04716237,0.05824998,1.7456135,0.8375206,0.016520573,0.0264394,0.010439231,0.086809225,0.1278333,0.076860085,0.0086724255,0.27579254,0.009146771,"TWOGAUSSIANS_WITH_ELLIPSOIDAL_ON_ECLIPSE1",9,149.98425,0.8375206,0.016520573,0.14806065,0.05845969,0.21854192,0.12561879,0.27579254,0.009146771,0.088464856,0.26410928,0.21196982,1.7479423
375316653866487564,1758497805851197056,0.46852267,2341.1346508501806,3.6972971332567885,1.0280904E-5,19.040827,0.0057697715,0.5002561,0.03823184,0.0670579,0.033969656,0.0248535,0.018050529,0.86274254,0.0025282446,0.010550984,0.0017225961,0.18713164,0.03091792,null,null,null,null,"TWOGAUSSIANS",8,2.6058078,0.86274254,0.0025282446,0.05908551,0.009646539,0.18713166,0.030918015,0.5002561,0.03823184,0.37552425,0.1490916,0.0248535,0.018050529
375316653866487564,1758498291183943552,0.52751756,2289.332813034335,2.9789017248785337,3.0089515E-5,14.067869,0.007924806,0.1870321,0.0065116044,0.06688453,0.005449647,0.22882606,0.019664815,0.715228,0.017139498,0.028639596,0.01662664,0.13524194,0.05943054,0.051249366,0.011062535,0.715228,0.017139498,"TWOGAUSSIANS_WITH_ELLIPSOIDAL_ON_ECLIPSE2",9,595.59973,0.1908421,0.0042169034,0.37455335,0.030518023,0.32852656,0.010522139,0.715228,0.017139498,0.16038173,0.093109176,0.23770095,0.057071026
375316653866487564,1758515398036211328,0.40594754,2554.173147330095,0.0030502352338454717,6.7784036E-5,17.213495,0.0038087894,0.3285995,0.02827545,0.03995263,0.018434923,0.050064545,0.063533776,0.82481074,0.008475042,0.025562929,0.02033762,0.19589688,0.23233536,null,null,null,null,"TWOGAUSSIANS",8,96.73523,0.82481074,0.008475042,0.1431524,0.11389068,0.19589688,0.23233536,0.3285995,0.02827545,0.2237347,0.103235565,0.050064545,0.063533776
