Gaia/vari_eclipsing_binary/VariEclipsingBinary_464705-464770.csv
# %ECSV 1.0
# ---
# delimiter: ','
# meta: !!omap
# - RELEASE: Gaia DR3
# - TABLE: vari_eclipsing_binary
# - DESCRIPTION: >
#     This table describes the properties of the eclipsing binaries resulting from the variability analysis. 
# - CITATION: >
#     How to cite and acknowledge Gaia: 
#     https://gea.esac.esa.int/archive/documentation/credits.html 
# - KNOWN_ISSUES: >
#     Known issues: 
#     https://www.cosmos.esa.int/web/gaia-users/known-issues 
# - DOCUMENTATION: >
#     Tutorials and documentation: 
#     https://www.cosmos.esa.int/web/gaia-users/archive 
# datatype:
# - 
#   name: solution_id
#   datatype: int64
#   description: Solution Identifier
#   meta:
#     ucd: meta.version
# - 
#   name: source_id
#   datatype: int64
#   description: Unique source identifier
#   meta:
#     ucd: meta.id;meta.main
# - 
#   name: global_ranking
#   datatype: float32
#   description: Number between 0 (worst) and 1 (best)
#   meta:
#     ucd: stat.param
# - 
#   name: reference_time
#   datatype: float64
#   unit: d
#   description: Reference time used for the geometric model fit
#   meta:
#     ucd: time.epoch
# - 
#   name: frequency
#   datatype: float64
#   unit: d**-1
#   description: Frequency of geometric model of the eclipsing binary light curve
#   meta:
#     ucd: src.orbital
# - 
#   name: frequency_error
#   datatype: float32
#   unit: d**-1
#   description: "Uncertainty of \\texttt{frequency}"
#   meta:
#     ucd: stat.error
# - 
#   name: geom_model_reference_level
#   datatype: float32
#   unit: mag
#   description: Magnitude reference level of geometric model
#   meta:
#     ucd: phot.mag;em.opt
# - 
#   name: geom_model_reference_level_error
#   datatype: float32
#   unit: mag
#   description: "Uncertainty of \\texttt{geomModelReferenceLevel}"
#   meta:
#     ucd: stat.error;phot.mag;em.opt
# - 
#   name: geom_model_gaussian1_phase
#   datatype: float32
#   description: Phase of the Gaussian 1 component
#   meta:
#     ucd: time.phase
# - 
#   name: geom_model_gaussian1_phase_error
#   datatype: float32
#   description: "Uncertainty of \\texttt{geomModelGaussian1Phase}"
#   meta:
#     ucd: stat.error;time.phase
# - 
#   name: geom_model_gaussian1_sigma
#   datatype: float32
#   description: "Standard deviation [phase] of Gaussian 1 component"
#   meta:
#     ucd: stat.stdev
# - 
#   name: geom_model_gaussian1_sigma_error
#   datatype: float32
#   description: "Uncertainty of \\texttt{geomModelGaussian1Sigma}"
#   meta:
#     ucd: stat.error
# - 
#   name: geom_model_gaussian1_depth
#   datatype: float32
#   unit: mag
#   description: Magnitude depth of Gaussian 1 component
#   meta:
#     ucd: src.var.amplitude
# - 
#   name: geom_model_gaussian1_depth_error
#   datatype: float32
#   unit: mag
#   description: "Uncertainty of \\texttt{geomModelGaussian1Depth}"
#   meta:
#     ucd: stat.error;src.var.amplitude
# - 
#   name: geom_model_gaussian2_phase
#   datatype: float32
#   description: Phase of Gaussian 2 component
#   meta:
#     ucd: time.phase
# - 
#   name: geom_model_gaussian2_phase_error
#   datatype: float32
#   description: "Uncertainty of \\texttt{geomModelGaussian2Phase}"
#   meta:
#     ucd: stat.error;time.phase
# - 
#   name: geom_model_gaussian2_sigma
#   datatype: float32
[...]
#   datatype: float32
#   description: "Secondary eclipse: uncertainty of \\texttt{derivedSecondaryEclDuration}"
#   meta:
#     ucd: stat.error;time.duration
# - 
#   name: derived_secondary_ecl_depth
#   datatype: float32
#   unit: mag
#   description: "Secondary eclipse: depth"
#   meta:
#     ucd: src.var.amplitude
# - 
#   name: derived_secondary_ecl_depth_error
#   datatype: float32
#   unit: mag
#   description: "Secondary eclipse: uncertainty of \\texttt{derivedSecondaryEclDepth}"
#   meta:
#     ucd: stat.error;src.var.amplitude
solution_id,source_id,global_ranking,reference_time,frequency,frequency_error,geom_model_reference_level,geom_model_reference_level_error,geom_model_gaussian1_phase,geom_model_gaussian1_phase_error,geom_model_gaussian1_sigma,geom_model_gaussian1_sigma_error,geom_model_gaussian1_depth,geom_model_gaussian1_depth_error,geom_model_gaussian2_phase,geom_model_gaussian2_phase_error,geom_model_gaussian2_sigma,geom_model_gaussian2_sigma_error,geom_model_gaussian2_depth,geom_model_gaussian2_depth_error,geom_model_cosine_half_period_amplitude,geom_model_cosine_half_period_amplitude_error,geom_model_cosine_half_period_phase,geom_model_cosine_half_period_phase_error,model_type,num_model_parameters,reduced_chi2,derived_primary_ecl_phase,derived_primary_ecl_phase_error,derived_primary_ecl_duration,derived_primary_ecl_duration_error,derived_primary_ecl_depth,derived_primary_ecl_depth_error,derived_secondary_ecl_phase,derived_secondary_ecl_phase_error,derived_secondary_ecl_duration,derived_secondary_ecl_duration_error,derived_secondary_ecl_depth,derived_secondary_ecl_depth_error
[from data line 448]
375316653866487564,4088106934998721536,0.4325692,2198.6536813507573,0.763321237976409,1.3502891E-4,18.412884,0.02059369,0.22532196,0.036518183,0.13032559,0.062371116,0.058648743,0.018051032,0.6743718,0.017718887,0.090905726,0.021748003,0.10355949,0.022416795,null,null,null,null,"TWOGAUSSIANS",8,5.76605,0.6743718,0.017718887,0.4,0.0,0.09728549,0.015297807,0.22533196,0.036506113,0.4,0.0,0.05221258,0.009921754
375316653866487564,4088107106809862400,0.6711059,2220.2529369779045,2.7370458886229416,4.882388E-6,15.645637,0.010296379,0.21177343,0.0019470993,0.046168197,0.0028824527,0.35899076,0.024064805,0.7183826,0.0043130047,0.050851475,0.007567422,0.4217008,0.10588543,0.12984826,0.016443418,0.7183826,0.0043130047,"TWOGAUSSIANS_WITH_ELLIPSOIDAL_ON_ECLIPSE2",9,46.331707,0.7183826,0.0043130047,0.28476825,0.042377565,0.6813948,0.108961806,0.21249342,0.0014921778,0.25854188,0.016141735,0.61828566,0.019122066
375316653866487564,4088109438960484224,0.5715357,2259.3804164798453,1.398549824929604,2.669172E-5,18.509935,0.005763305,0.23777859,0.007425756,0.046424147,0.014802349,0.8525089,2.9912338,0.68451405,0.0034695978,0.06915097,0.0027476319,0.8662666,0.1263393,null,null,null,null,"TWOGAUSSIANS",8,2.5065458,0.68451405,0.0034695978,0.38724542,0.015386739,0.8662488,0.12634231,0.23777859,0.007425756,0.25997522,0.08289315,0.8524911,2.9912539
375316653866487564,4088111436131278208,0.50437665,2304.662096769137,2.765765143863868,2.7357682E-5,17.293972,0.10958901,0.26601288,0.022062732,0.09619535,0.083015874,0.4073566,0.61068386,0.7602172,0.0043889796,0.09493143,0.016613174,0.35276335,0.095974155,null,null,null,null,"TWOGAUSSIANS",8,42.037304,0.26601288,0.022062052,0.4,0.0,0.38449848,0.65745234,0.7602172,0.0043889796,0.4,0.0,0.3299057,0.016636673
375316653866487564,4088113085389942016,0.536162,2200.4394417034114,3.4102421100688916,5.4709417E-5,18.979141,0.011632974,0.3055202,0.016154505,0.07385497,0.0124688465,0.25796047,0.03210376,0.82449186,0.019475253,0.08685686,0.031157352,0.20365204,0.08519057,null,null,null,null,"TWOGAUSSIANS",8,2.083952,0.3055202,0.016154505,0.4,0.0018979758,0.2555035,0.028024785,0.82449186,0.019475253,0.4,0.06736934,0.20119502,0.08781359
375316653866487564,4088113600801023104,0.4669311,2253.1425157998265,3.0054803181183414,2.7475035E-5,19.546106,0.036072448,0.3143919,0.020134268,0.057108037,0.013200252,0.23600957,0.049472764,0.8159513,0.048343483,0.06463522,0.090995446,0.15802766,0.05828556,null,null,null,null,"TWOGAUSSIANS",8,2.2409523,0.3143919,0.020136049,0.31980503,0.07392141,0.2359312,0.041463986,0.8159513,0.048343483,0.3619572,0.08761707,0.15794928,0.058985334
375316653866487564,4088114730360920832,0.4525965,2289.971762657235,1.652875872903679,1.130817E-4,18.485342,0.013290038,0.39286762,0.027276741,0.13964002,0.031515732,0.18797383,0.031273525,0.7723195,0.08360411,0.059905116,0.0596429,0.032661386,1.01350514E31,null,null,null,null,"TWOGAUSSIANS",8,5.1035805,0.39286762,0.027276741,0.4,0.0,0.186289,0.0333847,0.7723195,0.08360411,0.33546865,0.32864302,0.035670865,1.01350514E31
375316653866487564,4088115383195954048,0.63054216,2244.1230374075485,3.1338513746976027,1.7343675E-5,15.680302,0.007894879,0.2749924,0.004160023,0.065549664,0.003923185,0.74520344,0.06458951,0.7770557,0.0019373026,0.070766255,0.0037114418,0.500032,0.022992602,null,null,null,null,"TWOGAUSSIANS",8,34.09441,0.2749924,0.004160023,0.3670781,0.021969836,0.74383414,0.064960405,0.7770557,0.0019373026,0.39629105,0.015087818,0.49866265,0.023367416
375316653866487564,4088116315220510592,0.51042986,2184.5156926913737,2.9341601587293122,1.596275E-5,17.185865,0.0045132297,null,null,null,null,null,null,null,null,null,null,null,null,0.07291209,0.004722746,0.2749251,0.006393071,"ELLIPSOIDAL",4,9.62188,null,null,null,null,null,null,null,null,null,null,null,null
375316653866487564,4088120129151501952,0.5883062,2226.5373476953214,3.3742241957514607,1.1504011E-5,17.168324,0.02689847,0.29797304,0.0021984207,0.05602731,0.008076378,0.29143634,0.056653105,0.8020725,0.067429096,0.058516,0.04247789,0.13010043,2.343902,0.093917005,0.032145157,0.29797304,0.0021984207,"TWOGAUSSIANS_WITH_ELLIPSOIDAL_ON_ECLIPSE1",9,14.986116,0.29797304,0.0021984207,0.31375295,0.045227718,0.47924456,0.023035962,0.8020725,0.06728772,0.3276896,0.23787619,0.31778407,2.3474073
375316653866487564,4088120404021162240,0.5346004,2222.5747664038886,3.7764737660695022,1.018039E-5,19.08027,0.049822334,0.26490936,0.008709678,0.083743274,0.01809708,0.40904778,0.06050943,0.7633102,0.0045951568,0.081792675,0.009657676,0.7107877,0.09191529,null,null,null,null,"TWOGAUSSIANS",8,10.759393,0.7633102,0.0045951568,0.4,0.0,0.69994,0.09151209,0.26490936,0.008709678,0.4,0.0,0.39820012,0.060259495
375316653866487564,4088121640980037248,0.5214353,2241.107831025044,2.675717818233074,1.3358022E-5,15.7715435,0.11509367,0.24756655,0.07099071,0.053516462,0.04777724,0.44000116,604.69775,0.7690666,0.008579563,0.055495832,0.043736525,0.2836724,0.21066561,0.08311948,0.13085464,0.24756655,0.07099071,"TWOGAUSSIANS_WITH_ELLIPSOIDAL_ON_ECLIPSE1",9,434.1259,0.24756655,0.07099071,0.29969218,0.26755255,0.6062302,604.67725,0.7690666,0.008579563,0.31077665,0.24492455,0.44688618,0.11697705
375316653866487564,4088122877922422016,0.5716505,2254.6693739360535,3.3182607459435274,9.062015E-6,18.640621,0.0657262,0.3597868,0.035567105,0.04239169,0.016753621,0.38410616,0.17791608,0.8678698,0.009360586,0.049831733,0.015075383,0.5775212,0.17283702,0.10885057,0.11060229,0.3597868,0.035567105,"TWOGAUSSIANS_WITH_ELLIPSOIDAL_ON_ECLIPSE1",9,10.616929,0.8678698,0.009245441,0.2790577,0.08442214,0.79466015,0.08292529,0.3597868,0.035567105,0.23739347,0.093820274,0.60180616,0.19147784
375316653866487564,4088126107745665024,0.590086,2158.2485605492357,0.8263441020942601,1.9775158E-5,15.032251,0.0015960656,0.44592282,4.155635E-4,0.013639045,0.0012698633,0.19195256,0.08292033,0.7619515,0.0049591386,0.014601712,0.006265972,0.41068175,1.4347663,0.0041262712,0.0025525934,0.7619515,0.0049591386,"TWOGAUSSIANS_WITH_ELLIPSOIDAL_ON_ECLIPSE2",9,11.232535,0.7619515,0.0049591386,0.081769586,0.03508944,0.41893432,1.4354895,0.44588283,3.9375466E-4,0.07637865,0.0071112346,0.19329402,0.08263448
375316653866487564,4088126137793968384,0.59815466,2204.409070895939,0.9137331818509501,7.005398E-6,16.530176,0.009391785,0.22885728,0.0037171864,0.09807884,0.007090533,0.24688183,0.008352715,0.74004924,0.07023955,0.0935842,0.027572257,0.22467625,0.09810938,null,null,null,null,"TWOGAUSSIANS",8,5.140341,0.22885728,0.0036260793,0.4,0.0,0.2334332,0.0153673375,0.74004924,0.07026341,0.4,0.0,0.2112286,0.08929321
375316653866487564,4088126520062534272,0.5063201,2141.0016479845403,1.6439517683937421,3.3648717E-5,16.326204,0.018243792,0.22234187,0.008456787,0.105552584,0.01671548,0.17179914,0.019019661,0.7103318,0.006006547,0.092826694,0.0108117135,0.20304498,0.023812935,null,null,null,null,"TWOGAUSSIANS",8,31.466034,0.7103318,0.006006547,0.4,0.0,0.18981282,0.019080231,0.22234187,0.008456787,0.4,0.0,0.15856199,0.015379428
375316653866487564,4088126618831772544,0.5986422,2203.8946804298803,2.9896215410577214,1.0296691E-5,15.434081,0.08391988,0.25326908,0.0074121705,0.05445534,0.026809199,0.13798474,0.16088171,0.7464298,0.0015918654,0.0634421,0.01792098,0.22406489,0.15533446,0.08434934,0.08111641,0.7464298,0.0015918654,"TWOGAUSSIANS_WITH_ELLIPSOIDAL_ON_ECLIPSE2",9,29.642313,0.7464298,0.0015918654,0.35527575,0.0494834,0.3926674,0.017223245,0.25174907,0.0056634718,0.3049499,0.104913086,0.30634516,0.008189241
375316653866487564,4088127035458797568,0.5591214,2139.981321886897,3.6644984314030684,2.2066393E-5,17.798817,0.0557356,0.21418028,0.0066819475,0.10172132,0.014316654,0.34431005,0.05626858,0.68317336,0.0092457365,0.12461529,0.03430035,0.28069654,0.035527445,null,null,null,null,"TWOGAUSSIANS",8,6.5267606,0.21436027,0.0063452586,0.4,0.0,0.30569673,0.030233016,0.68317336,0.0092457365,0.4,0.0,0.24182361,0.034828585
375316653866487564,4088127958861760640,0.5038868,2274.146275991315,3.0514959761801683,4.5785273E-5,19.224566,0.04594163,0.25124723,0.016379941,0.05990977,0.05445231,0.38104492,0.20138462,0.78213596,0.019246668,0.08116112,0.059000276,0.19678338,1.854702,null,null,null,null,"TWOGAUSSIANS",8,2.5386071,0.25124723,0.016346263,0.3354947,0.07282097,0.38061538,0.23001845,0.78213596,0.019241579,0.4,0.18127142,0.19635382,1.858168
375316653866487564,4088129303201926144,0.5773061,2242.5935947108073,2.9096505640370394,4.0215262E-5,15.433207,0.0033157251,0.23107201,0.005497896,0.07176716,0.0048736944,0.2123251,0.018988945,0.6474886,0.0026608978,0.029850323,0.0045053214,0.14106987,0.016702235,null,null,null,null,"TWOGAUSSIANS",8,25.912125,0.23107201,0.005497896,0.4,0.01689049,0.21232507,0.01898896,0.6474886,0.0026608978,0.1671618,0.025229799,0.14106986,0.016702289
375316653866487564,4088129818597436288,0.5477279,2162.5244585847927,1.097930523636952,1.270538E-5,17.078154,0.0027022052,0.6388265,0.002174592,0.036126234,0.0036207656,0.114450805,0.016299343,null,null,null,null,null,null,0.023019928,0.00535139,0.6388265,0.002174592,"ONEGAUSSIAN_WITH_ELLIPSOIDAL",6,4.7492833,0.6388265,0.002174592,0.20230691,0.020276288,0.16049066,0.01779415,null,null,null,null,null,null
375316653866487564,4088131223035993216,0.5344072,2275.5449065883595,1.2276552301833181,2.1588545E-5,15.9674225,0.0025907832,0.1774058,0.02971028,0.045030236,0.021784628,0.12554576,3.0525558,0.7496537,0.003380098,0.022994535,0.0047745453,0.2675193,0.13332035,null,null,null,null,"TWOGAUSSIANS",8,14.442942,0.7496537,0.003380098,0.1287694,0.026737453,0.2675193,0.13332035,0.1774058,0.02971028,0.25216934,0.12199392,0.12554576,3.0525558
375316653866487564,4088135419235192320,0.5916161,2198.1936703139386,3.3435415154182335,1.3263122E-5,16.38155,0.00582596,0.2805185,0.002338024,0.06138633,0.0045266347,0.35633177,0.007916291,0.7941779,0.006369644,0.0704627,0.005845289,0.30045024,0.027286625,null,null,null,null,"TWOGAUSSIANS",8,24.384857,0.2805185,0.002338024,0.34376344,0.025349155,0.35600352,0.007867725,0.7941779,0.006369644,0.39459112,0.029716138,0.300122,0.027359942
375316653866487564,4088136415659711744,0.49937633,2253.418240285452,0.49060519096588684,2.7235754E-5,18.929474,0.0041161724,0.1055995,0.0022575897,0.028535636,0.0034217874,0.42625332,0.17871928,0.6041704,0.094450794,0.07706493,0.022475095,0.04484426,0.038764793,null,null,null,null,"TWOGAUSSIANS",8,1.0307001,0.1055995,0.0022575897,0.15979956,0.019162009,0.42625153,0.17872241,0.6041704,0.094450794,0.4,0.04734416,0.044842463,0.038763754
375316653866487564,4088137790057643776,0.5087974,2182.5228072090645,1.1237604082971209,8.780474E-6,19.610744,0.005915375,0.121303074,0.035506926,0.040883362,0.01785112,0.6114238,0.45806858,0.83111453,0.0047807368,0.038940333,0.0065531996,0.14579412,0.026067043,null,null,null,null,"TWOGAUSSIANS",8,0.4451913,0.121303074,0.035506926,0.22894683,0.09996627,0.6114238,0.45806858,0.83111453,0.0047807368,0.21806586,0.036697917,0.14579412,0.026067048
375316653866487564,4088138064927313792,0.5558795,2223.6672152552437,4.818304070650177,6.114426E-6,19.640884,0.014528593,0.2514999,0.0056914603,0.06466457,0.008860368,0.579034,0.10954912,0.7557781,0.0011529065,0.063609645,0.002546894,0.5940525,0.017107649,null,null,null,null,"TWOGAUSSIANS",8,2.2309873,0.7557781,0.0011529065,0.35621402,0.014262606,0.5935357,0.01679904,0.2514999,0.0056914603,0.3621216,0.049618065,0.5785172,0.110011965
375316653866487564,4088138541664677248,0.50261855,2227.683320158485,2.2796290722846027,5.8125137E-5,16.709057,0.0049168076,0.25469455,0.02904171,0.032927923,0.03546063,0.060155936,0.03315404,0.75105226,0.017700402,0.04678336,0.018225096,0.116181664,0.0566454,0.02078689,0.010963805,0.25469455,0.02904171,"TWOGAUSSIANS_WITH_ELLIPSOIDAL_ON_ECLIPSE1",9,16.326145,0.75126225,0.014387289,0.26198682,0.10206054,0.15773478,0.05650197,0.25469455,0.02904171,0.18439637,0.19857953,0.10172955,0.03518289
375316653866487564,4088138683403445632,0.5886823,2245.1102104735764,4.1515739775192335,9.493189E-6,19.3238,0.014390435,0.33411795,0.0027348117,0.05813211,0.002294264,0.7097804,0.032416966,0.8373857,0.001258428,0.07116325,0.0054290057,0.5990064,0.036953446,null,null,null,null,"TWOGAUSSIANS",8,2.5094225,0.33411795,0.0027348117,0.32553983,0.012847879,0.70912135,0.032354027,0.8373857,0.001258428,0.3985142,0.016870221,0.59834737,0.03728673
375316653866487564,4088138713460584576,0.5432649,2207.568288626894,0.1773395749858368,2.8449922E-5,17.488039,0.0037087395,0.26982617,0.00610714,0.04094047,0.0072916565,0.4693078,0.27833673,0.7782282,0.0060397875,0.07208426,0.0066827466,0.15833698,0.009723617,null,null,null,null,"TWOGAUSSIANS",8,2.557296,0.26982617,0.00610714,0.22926663,0.040833276,0.46928984,0.2783606,0.7782282,0.0060397875,0.4,0.017114513,0.15831901,0.009724358
375316653866487564,4088138919617771264,0.4289546,2204.031352285808,0.16378647225280188,2.5835121E-5,17.850117,0.0056867404,null,null,null,null,null,null,null,null,null,null,null,null,0.05593325,0.011941925,0.25125974,0.009577192,"ELLIPSOIDAL",4,2.9680018,null,null,null,null,null,null,null,null,null,null,null,null
375316653866487564,4088142321232085760,0.5362019,2174.325248518127,4.158320656017032,3.614566E-5,18.099327,0.0023032508,0.21004814,0.0028031864,0.038865983,0.0020698924,0.13956368,0.011022334,0.5017898,0.017861694,0.05601028,0.02142655,0.10405211,0.7239385,null,null,null,null,"TWOGAUSSIANS",8,1.0891185,0.21004814,0.0028031864,0.2176495,0.011591397,0.13956381,0.011022318,0.5017898,0.017861694,0.31365755,0.11998867,0.10405211,0.7239385
375316653866487564,4088143970495603072,0.65201217,2189.6005439186965,1.6437411930564647,1.7528026E-4,17.410727,0.0018191955,0.25470725,0.0030008608,0.03470763,0.0014547517,0.57416993,0.044155207,null,null,null,null,null,null,null,null,null,null,"ONEGAUSSIAN",5,2.067501,0.25470725,0.0030008608,0.19436271,0.008146609,0.57416993,0.0,null,null,null,null,null,null
375316653866487564,4088144760769932160,0.5563842,2237.296580063269,2.887558124095283,8.2181305E-6,18.148903,0.020492576,0.21573369,0.0072848867,0.099717095,0.009626516,0.32254076,0.024591446,0.7130396,0.0019699868,0.08835251,0.0064543523,0.33551827,0.01858225,null,null,null,null,"TWOGAUSSIANS",8,2.8370934,0.7130396,0.0019699868,0.4,0.0,0.3171011,0.014417842,0.21573369,0.0072848867,0.4,0.0,0.3041214,0.02118242
375316653866487564,4088145177407009152,0.5614967,2210.2436103721557,2.362241752885373,3.7036338E-5,16.865988,0.010634946,0.2854261,0.013051471,0.050050657,0.010616148,0.4129721,0.06441634,0.8289257,0.02289402,0.03334922,0.01747875,0.098580696,0.048036646,null,null,null,null,"TWOGAUSSIANS",8,30.525665,0.2854261,0.013051471,0.2802837,0.059450425,0.4129721,0.06441636,0.8289257,0.02289402,0.18675563,0.097881,0.098580696,0.048036646
375316653866487564,4088145555337984512,0.4917962,2304.6425400702046,2.8589824256717584,7.313478E-5,18.919954,0.013144993,0.15336299,0.015766123,0.05119438,0.025326055,0.25369313,0.02375978,0.63422716,0.0132784955,0.033374693,0.037187897,0.22445795,0.029114723,null,null,null,null,"TWOGAUSSIANS",8,5.0964155,0.15336299,0.015766123,0.28668854,0.11602233,0.2536931,0.023756735,0.63422716,0.0132784955,0.18689828,0.20825222,0.22445795,0.029143056
375316653866487564,4088145830242773504,0.5741609,2296.2514298723545,2.6767919275667795,1.9479266E-5,18.376097,0.022843916,0.17498209,0.008981556,0.09432162,0.012088222,0.3137413,0.032883357,0.6724345,0.0035922192,0.08883883,0.0069483332,0.36483318,0.0217223,null,null,null,null,"TWOGAUSSIANS",8,3.1947045,0.6724345,0.0035922192,0.4,0.0,0.34919828,0.0142918,0.17498209,0.008981556,0.4,0.0,0.29810598,0.02751512
