Gaia/vari_eclipsing_binary/VariEclipsingBinary_107445-108275.csv
# %ECSV 1.0
# ---
# delimiter: ','
# meta: !!omap
# - RELEASE: Gaia DR3
# - TABLE: vari_eclipsing_binary
# - DESCRIPTION: >
#     This table describes the properties of the eclipsing binaries resulting from the variability analysis. 
# - CITATION: >
#     How to cite and acknowledge Gaia: 
#     https://gea.esac.esa.int/archive/documentation/credits.html 
# - KNOWN_ISSUES: >
#     Known issues: 
#     https://www.cosmos.esa.int/web/gaia-users/known-issues 
# - DOCUMENTATION: >
#     Tutorials and documentation: 
#     https://www.cosmos.esa.int/web/gaia-users/archive 
# datatype:
# - 
#   name: solution_id
#   datatype: int64
#   description: Solution Identifier
#   meta:
#     ucd: meta.version
# - 
#   name: source_id
#   datatype: int64
#   description: Unique source identifier
#   meta:
#     ucd: meta.id;meta.main
# - 
#   name: global_ranking
#   datatype: float32
#   description: Number between 0 (worst) and 1 (best)
#   meta:
#     ucd: stat.param
# - 
#   name: reference_time
#   datatype: float64
#   unit: d
#   description: Reference time used for the geometric model fit
#   meta:
#     ucd: time.epoch
# - 
#   name: frequency
#   datatype: float64
#   unit: d**-1
#   description: Frequency of geometric model of the eclipsing binary light curve
#   meta:
#     ucd: src.orbital
# - 
#   name: frequency_error
#   datatype: float32
#   unit: d**-1
#   description: "Uncertainty of \\texttt{frequency}"
#   meta:
#     ucd: stat.error
# - 
#   name: geom_model_reference_level
#   datatype: float32
#   unit: mag
#   description: Magnitude reference level of geometric model
#   meta:
#     ucd: phot.mag;em.opt
# - 
#   name: geom_model_reference_level_error
#   datatype: float32
#   unit: mag
#   description: "Uncertainty of \\texttt{geomModelReferenceLevel}"
#   meta:
#     ucd: stat.error;phot.mag;em.opt
# - 
#   name: geom_model_gaussian1_phase
#   datatype: float32
#   description: Phase of the Gaussian 1 component
#   meta:
#     ucd: time.phase
# - 
#   name: geom_model_gaussian1_phase_error
#   datatype: float32
#   description: "Uncertainty of \\texttt{geomModelGaussian1Phase}"
#   meta:
#     ucd: stat.error;time.phase
# - 
#   name: geom_model_gaussian1_sigma
#   datatype: float32
#   description: "Standard deviation [phase] of Gaussian 1 component"
#   meta:
#     ucd: stat.stdev
# - 
#   name: geom_model_gaussian1_sigma_error
#   datatype: float32
#   description: "Uncertainty of \\texttt{geomModelGaussian1Sigma}"
#   meta:
#     ucd: stat.error
# - 
#   name: geom_model_gaussian1_depth
#   datatype: float32
#   unit: mag
#   description: Magnitude depth of Gaussian 1 component
#   meta:
#     ucd: src.var.amplitude
# - 
#   name: geom_model_gaussian1_depth_error
#   datatype: float32
#   unit: mag
#   description: "Uncertainty of \\texttt{geomModelGaussian1Depth}"
#   meta:
#     ucd: stat.error;src.var.amplitude
# - 
#   name: geom_model_gaussian2_phase
#   datatype: float32
#   description: Phase of Gaussian 2 component
#   meta:
#     ucd: time.phase
# - 
#   name: geom_model_gaussian2_phase_error
#   datatype: float32
#   description: "Uncertainty of \\texttt{geomModelGaussian2Phase}"
#   meta:
#     ucd: stat.error;time.phase
# - 
#   name: geom_model_gaussian2_sigma
#   datatype: float32
[...]
#   datatype: float32
#   description: "Secondary eclipse: uncertainty of \\texttt{derivedSecondaryEclDuration}"
#   meta:
#     ucd: stat.error;time.duration
# - 
#   name: derived_secondary_ecl_depth
#   datatype: float32
#   unit: mag
#   description: "Secondary eclipse: depth"
#   meta:
#     ucd: src.var.amplitude
# - 
#   name: derived_secondary_ecl_depth_error
#   datatype: float32
#   unit: mag
#   description: "Secondary eclipse: uncertainty of \\texttt{derivedSecondaryEclDepth}"
#   meta:
#     ucd: stat.error;src.var.amplitude
solution_id,source_id,global_ranking,reference_time,frequency,frequency_error,geom_model_reference_level,geom_model_reference_level_error,geom_model_gaussian1_phase,geom_model_gaussian1_phase_error,geom_model_gaussian1_sigma,geom_model_gaussian1_sigma_error,geom_model_gaussian1_depth,geom_model_gaussian1_depth_error,geom_model_gaussian2_phase,geom_model_gaussian2_phase_error,geom_model_gaussian2_sigma,geom_model_gaussian2_sigma_error,geom_model_gaussian2_depth,geom_model_gaussian2_depth_error,geom_model_cosine_half_period_amplitude,geom_model_cosine_half_period_amplitude_error,geom_model_cosine_half_period_phase,geom_model_cosine_half_period_phase_error,model_type,num_model_parameters,reduced_chi2,derived_primary_ecl_phase,derived_primary_ecl_phase_error,derived_primary_ecl_duration,derived_primary_ecl_duration_error,derived_primary_ecl_depth,derived_primary_ecl_depth_error,derived_secondary_ecl_phase,derived_secondary_ecl_phase_error,derived_secondary_ecl_duration,derived_secondary_ecl_duration_error,derived_secondary_ecl_depth,derived_secondary_ecl_depth_error
[from data line 148]
375316653866487564,946613437738618880,0.50281125,2269.2323372908554,3.1092700376714983,2.846172E-5,17.89622,0.0412596,0.24605449,0.008520528,0.100282095,0.023224963,0.16534148,0.039644536,0.7582296,0.011636832,0.10447674,0.027045762,0.18762237,0.040227864,null,null,null,null,"TWOGAUSSIANS",8,7.694017,0.7582296,0.011625131,0.4,0.0,0.1721847,0.016687827,0.24604449,0.008518972,0.4,0.0,0.14990686,0.017018514
375316653866487564,946619798587006976,0.5273318,2288.7999244938082,2.131580851929978,1.0902116E-5,15.306756,0.005631825,0.7333448,0.0020736144,0.041330796,0.0037880088,0.24007976,0.02618002,null,null,null,null,null,null,0.052516412,0.010796478,0.7333448,0.0020736144,"ONEGAUSSIAN_WITH_ELLIPSOIDAL",6,115.80001,0.7333448,0.0020736144,0.23145247,0.02121285,0.3451125,0.02632565,null,null,null,null,null,null
375316653866487564,946619970385605248,0.63378644,2289.6919892253322,4.088324646199757,7.249425E-6,17.249071,0.017912675,0.23338485,0.0027381668,0.0501602,0.014310991,0.15208311,0.04192643,0.73521775,0.0085709,0.052638806,0.010278489,0.18798222,0.04946676,0.10750036,0.021749198,0.23338485,0.0027381668,"TWOGAUSSIANS_WITH_ELLIPSOIDAL_ON_ECLIPSE1",9,4.6902456,0.73521775,0.008320778,0.2947773,0.057559542,0.4029517,0.032370232,0.23338485,0.0027381668,0.2808971,0.08014155,0.36708114,0.03657602
375316653866487564,946625399224243840,0.57125574,2233.6516914730255,2.335733284935573,2.612993E-5,17.663338,0.013780462,0.30833498,0.017604385,0.07051499,0.02110294,0.34977728,0.30468667,0.81568915,0.004036199,0.08693131,0.009312635,0.17748687,0.014186084,null,null,null,null,"TWOGAUSSIANS",8,2.0334554,0.30833498,0.017604385,0.39488396,0.11135525,0.34714392,0.30702835,0.81568915,0.004036199,0.4,0.0,0.17485347,0.012027418
375316653866487564,946631274739492608,0.50118417,2235.636867931496,4.589726739028077,3.735533E-5,18.13368,0.015813144,0.35885364,0.13737704,0.074017935,0.049722265,0.04499125,0.035656564,0.8011687,0.055017475,0.0042640246,0.07811839,0.53723866,12.450098,null,null,null,null,"TWOGAUSSIANS",8,13.269269,0.8011687,0.055017475,0.023878537,0.36391202,0.53723866,12.450271,0.35885364,0.13737704,0.4,0.166494,0.04499125,0.035077512
375316653866487564,946688616845969280,0.63973784,2229.789513606853,4.53202034312254,9.064939E-6,17.75005,0.019418385,0.2669369,0.01073159,0.076882444,0.012962164,0.47691834,0.027830072,0.7798488,0.018161226,0.085221395,0.012206395,0.39838797,0.07216334,null,null,null,null,"TWOGAUSSIANS",8,3.9831955,0.2669369,0.01073159,0.4,0.0,0.47111875,0.022065941,0.7798488,0.018161226,0.4,0.0,0.39258835,0.07187463
375316653866487564,946691026324370560,0.56528634,2281.303085654784,0.2107295784919113,1.392179E-4,14.877358,0.0035222112,0.75434375,0.05641463,0.027902555,0.018098831,3.3974495,3.3604565,null,null,null,null,null,null,0.0019634573,0.005778617,0.75434375,0.05641463,"ONEGAUSSIAN_WITH_ELLIPSOIDAL",6,78.72839,0.75434375,0.05641463,0.1562543,0.10135346,3.4013765,3.3527274,null,null,null,null,null,null
375316653866487564,946692331995020672,0.5532797,2262.4533222232026,4.017622820921989,2.108159E-5,19.831938,0.008335943,0.15665376,0.042194154,0.01853381,0.03130065,2.6380088,3.078078,0.54611045,0.0059776083,0.04430614,0.008853998,0.15862896,0.06573087,null,null,null,null,"TWOGAUSSIANS",8,0.7286488,0.15665376,0.042194154,0.10378933,0.17528364,2.6380088,3.078078,0.54611045,0.0059776083,0.24811439,0.04958239,0.15862896,0.06573087
375316653866487564,946698241869420032,0.67219144,2253.9710473379846,0.8177031535163745,3.6570673E-6,13.370536,0.007939052,0.27205616,0.0012238399,0.027586883,0.0019026616,0.53537685,0.019898364,0.7693471,0.017039724,0.032680407,0.030854087,0.12323228,0.059174415,0.014059172,0.009768047,0.27205616,0.0012238399,"TWOGAUSSIANS_WITH_ELLIPSOIDAL_ON_ECLIPSE1",9,45.49522,0.27205616,0.0012238399,0.15448654,0.010654906,0.56349516,0.017382635,0.7693971,0.016809389,0.1830103,0.1727829,0.15134263,0.06342892
375316653866487564,946703116656178688,0.5087055,2247.5745830426217,0.19327706129846636,1.5747783E-5,17.30137,0.0044172774,0.36661762,0.0018731998,0.04347255,0.004964997,0.08183786,0.009352834,0.82279855,0.038311217,0.04920614,0.0221873,0.069139175,0.025434269,null,null,null,null,"TWOGAUSSIANS",8,1.3340232,0.36661762,0.0018731998,0.24344629,0.027803984,0.081837855,0.009352786,0.82279855,0.038311217,0.2755544,0.12424888,0.06913917,0.0254346
375316653866487564,946734834990700288,0.58301824,2178.3171120584648,2.021913770185933,1.646356E-5,17.700878,0.031006945,0.1569717,0.003570381,0.11288454,0.01140877,0.31150314,0.028722279,0.63236886,0.0061839484,0.0950063,0.009639968,0.4997522,0.032029618,null,null,null,null,"TWOGAUSSIANS",8,4.629242,0.63236886,0.0061839484,0.4,0.0,0.46819237,0.018607363,0.1569717,0.0035729902,0.4,0.0,0.27989504,0.016381787
375316653866487564,946740504347517952,0.42325383,2188.0081488893866,1.2355696710446562,3.2220814E-5,12.214762,0.0016425507,null,null,null,null,null,null,null,null,null,null,null,null,0.00943456,0.002379526,0.20435531,0.010537899,"ELLIPSOIDAL",4,9.743165,null,null,null,null,null,null,null,null,null,null,null,null
375316653866487564,946750743549796864,0.47240946,2248.099063175207,1.313291874294249,3.2427506E-5,13.98166,0.015397545,0.19826375,0.007994106,0.11905612,0.027456192,0.08765924,0.013240704,0.70739883,0.008107337,0.08595421,0.018808866,0.053658616,0.016403524,null,null,null,null,"TWOGAUSSIANS",8,66.122635,0.19826375,0.007994106,0.4,0.0,0.08121403,0.012486568,0.7074388,0.008123208,0.4,0.0,0.047240622,0.01141701
375316653866487564,946765243359310208,0.471175,2184.366528396789,0.20389900229879945,7.556338E-5,19.521101,0.023026276,0.25880215,0.011342787,0.057871632,0.021526672,0.2331583,0.0612831,0.7166745,0.024116322,0.090084046,0.023199867,0.17490573,0.035395343,null,null,null,null,"TWOGAUSSIANS",8,2.5916786,0.25880215,0.011342161,0.32408112,0.10305218,0.23269662,0.06181208,0.7166745,0.024116322,0.4,0.0,0.17444362,0.03416586
375316653866487564,946795995325049472,0.45842502,2264.110902021817,2.931169915790312,1.5574431E-5,18.4839,0.041030463,0.25645006,0.041006885,0.10981834,0.063029155,0.12156647,0.06904681,0.81138813,0.004189156,0.07505337,0.0163043,0.15120557,0.033824068,null,null,null,null,"TWOGAUSSIANS",8,2.9481552,0.8114281,0.003994963,0.4,0.0040221578,0.14837006,0.014187533,0.25645006,0.041006885,0.4,0.0014541388,0.118697606,0.05571839
375316653866487564,946818054277177344,0.5126419,2189.9649454633936,3.2763546101874272,2.4501038E-5,16.718174,0.016546588,0.25342378,0.0038559258,0.09563497,0.009746571,0.14218402,0.015952967,0.7295885,0.022003034,0.1252329,0.036069192,0.08050939,0.015732815,null,null,null,null,"TWOGAUSSIANS",8,6.9951158,0.25351378,0.0037420434,0.4,0.0,0.13021652,0.007989499,0.7295885,0.022003034,0.4,0.0,0.068471275,0.013664679
375316653866487564,946861038309756544,0.52368575,2260.270224278513,0.1281624912295014,4.334742E-5,14.266899,0.0071539576,0.16898365,0.0045160307,0.039612718,0.015746402,0.66412544,0.6006508,0.5159518,0.12589654,0.0383813,0.005321866,0.5388535,0.5195063,null,null,null,null,"TWOGAUSSIANS",8,224.8023,0.16898365,0.0045160307,0.22183122,0.08817985,0.66412544,0.6006508,0.5159518,0.12589654,0.21493527,0.02980245,0.5388535,0.5195063
375316653866487564,946866634650636544,0.52978593,2224.5944596627696,3.0146634057279775,5.164125E-5,17.092785,0.009856019,0.35180998,0.18715638,0.038745195,0.013263619,0.3061936,0.23597991,0.86775,0.007896257,0.025261136,0.0035160638,0.68323874,0.19254942,null,null,null,null,"TWOGAUSSIANS",8,61.648808,0.86775,0.007896257,0.14146237,0.019689957,0.68323874,0.19254942,0.35180998,0.18715638,0.21697308,0.07427626,0.3061936,0.23597991
375316653866487564,946877118667207808,0.45631903,2187.6546623603026,0.10379422692682204,6.976647E-5,17.65417,0.0022295346,0.19309986,0.0192628,0.019536585,0.011155147,0.1564805,0.84898907,0.72872525,0.060767394,0.09329668,0.040956,0.04406885,0.032052696,null,null,null,null,"TWOGAUSSIANS",8,1.8102844,0.19309986,0.0192628,0.10940488,0.062468823,0.1564796,0.8489901,0.72872525,0.060767394,0.4,0.100284725,0.044067763,0.032053165
375316653866487564,946877217450135168,0.52907705,2201.25138181283,2.6844095834042223,3.8846025E-5,18.620378,0.004748412,0.21427272,0.013918968,0.05798172,0.007891036,0.27821267,0.26363483,0.73737633,0.01794227,0.06067699,0.032201897,0.038768303,0.007808109,null,null,null,null,"TWOGAUSSIANS",8,0.9089278,0.21427272,0.013918968,0.32469764,0.0441898,0.27820078,0.26365206,0.73737633,0.01794227,0.33979112,0.14901799,0.0387564,0.007866141
375316653866487564,946886430156429440,0.66642106,2266.569232887638,1.0684339888777064,1.2517895E-4,15.321437,7.30953E-4,0.70553434,0.0015359554,0.05681005,0.0025247543,0.2410697,0.0065024705,null,null,null,null,null,null,null,null,null,null,"ONEGAUSSIAN",5,2.0878022,0.70553434,0.0015359554,0.3181363,0.014138624,0.2410697,0.0,null,null,null,null,null,null
375316653866487564,946896321464317056,0.64424294,2333.301719651256,1.3020974166411972,6.926975E-5,17.233194,0.013004854,0.18481977,0.070503175,0.06385691,0.02966644,0.60297847,1.0051646,0.5621811,0.042781968,0.1376994,0.086677775,0.02531294,0.01187599,null,null,null,null,"TWOGAUSSIANS",8,2.5135438,0.18489978,0.070627704,0.35759866,0.16613208,0.6026471,1.0052518,0.5621811,0.042781968,0.4,0.0,0.024387954,0.008730006
375316653866487564,946900208411505152,0.6945783,2289.439499127995,1.268780438450493,1.2460826E-5,16.758389,0.001881923,0.73363674,0.0016987255,0.041999016,0.0024829688,0.60636675,0.031979073,null,null,null,null,null,null,null,null,null,null,"ONEGAUSSIAN",5,2.631978,0.73363674,0.0016987255,0.23519449,0.013904626,0.60636675,0.0,null,null,null,null,null,null
375316653866487564,946911959441888000,0.65354276,2256.484619317535,3.5691742754586353,7.741013E-6,14.2833395,0.036533784,0.35440907,0.0018192065,0.05434532,0.0069351806,0.41523868,0.073774196,0.8502205,0.0036046852,0.0525194,0.0123337535,0.30329785,0.08135268,0.08364528,0.04651936,0.8502205,0.0036046852,"TWOGAUSSIANS_WITH_ELLIPSOIDAL_ON_ECLIPSE2",9,113.54016,0.35404906,0.0015346472,0.3043338,0.038837012,0.58241224,0.027416918,0.8502205,0.0036046852,0.29410863,0.06906902,0.47057733,0.022261523
375316653866487564,946933709156195456,0.6328206,2253.339631530943,0.6875597483298026,2.6685796E-6,13.8521595,0.0015679455,0.61678,3.2288907E-4,0.035801128,3.670942E-4,0.27330944,0.0019877756,0.8100399,0.021604884,0.06041962,0.026065687,0.0058004665,0.0022417693,null,null,null,null,"TWOGAUSSIANS",8,25.315592,0.61679,3.0939328E-4,0.2004863,0.0020557276,0.27334425,0.0020323712,0.8100399,0.021604884,0.33834988,0.13310948,0.005800595,0.002241621
375316653866487564,946934327631643136,0.6918131,2272.310419149122,0.7918387185224687,4.9736307E-5,13.663024,0.0055271857,0.056995176,0.013608128,0.0080220075,0.008061157,0.14526077,1.10226528E8,0.8303862,0.0017806448,0.016028102,3.9765486E-4,16.54518,2.198112,null,null,null,null,"TWOGAUSSIANS",8,408.89474,0.8303862,0.0017806448,0.089757375,0.0022268672,16.54518,2.198112,0.056995176,0.013608128,0.044923242,0.045142476,0.14526077,1.10226528E8
375316653866487564,946948823145829376,0.60993326,2162.110974445395,4.281933096673026,9.054265E-6,18.547615,0.0143189635,0.29327834,0.0015247086,0.06410969,0.0025174625,0.8602149,0.02477475,0.7896137,0.0023732225,0.0674543,0.004123016,0.4096979,0.012686745,null,null,null,null,"TWOGAUSSIANS",8,4.3500085,0.29327834,0.0015247086,0.35901427,0.014097789,0.8594465,0.024712138,0.7896137,0.0023732225,0.37774408,0.02308889,0.4089296,0.012605407
375316653866487564,946962365178103424,0.50922966,2289.1383502992117,3.4365938663817306,4.458591E-5,19.801666,0.023290578,0.2849819,0.0072949184,0.07585934,0.013333582,0.35786337,0.025573125,0.7753004,0.0127233425,0.08911263,0.01605419,0.29152113,0.072781704,null,null,null,null,"TWOGAUSSIANS",8,1.5315977,0.2849819,0.0072949184,0.4,0.0,0.3524717,0.02374559,0.7753004,0.0127233425,0.4,0.0,0.28612936,0.07654412
375316653866487564,947001153026573696,0.5976453,2215.235992386678,3.9382338371490744,9.811392E-6,17.923265,0.021238895,0.23772287,0.0035312148,0.089314386,0.0086826375,0.4345691,0.014279879,0.7287522,0.0047074356,0.07707895,0.017328693,0.37208366,0.021806972,null,null,null,null,"TWOGAUSSIANS",8,5.762956,0.23772287,0.0035312148,0.4,0.0,0.42707026,0.013379868,0.7287522,0.0047074356,0.4,0.06371538,0.36458495,0.021646878
375316653866487564,947022937100456192,0.53770685,2241.154661181012,1.3580390986914799,1.0137598E-5,16.668217,0.044371877,0.2727125,0.0052772127,0.040745594,0.027905663,0.71854883,2.374288,null,null,null,null,null,null,0.05794411,0.049487107,0.2727125,0.0052772127,"ONEGAUSSIAN_WITH_ELLIPSOIDAL",6,5.512569,0.2727125,0.0052772127,0.22817533,0.15627171,0.8344369,2.4054418,null,null,null,null,null,null
375316653866487564,947026166915900800,0.46935448,2221.263141128335,2.1588432693221535,7.715538E-5,17.76771,0.0071110474,0.18746838,0.0055459314,0.06510521,0.009572529,0.09080052,0.017905269,0.5919282,0.06371804,0.024221793,0.020017574,0.1617414,0.57259655,null,null,null,null,"TWOGAUSSIANS",8,5.491389,0.5919282,0.06371804,0.13564204,0.11209841,0.16174142,0.57259375,0.18746838,0.0055459314,0.36458915,0.053606164,0.09080052,0.017905306
375316653866487564,947033695995257728,0.56101155,2222.040272944554,2.5950304832187086,1.0125369E-5,10.676746,0.071272455,0.22675495,0.0015140247,0.20213883,0.02717983,1.1397245,0.12881605,0.72463113,0.0014747359,0.21467248,0.032601617,1.1944354,0.13750301,null,null,null,null,"TWOGAUSSIANS",8,93.78464,0.72463113,0.0014747359,0.4,0.0,0.1677924,0.0062408703,0.22930495,0.0018035179,0.4,0.0,0.16469324,0.007816485
375316653866487564,947038643797574016,0.59634167,2222.62981601654,2.8610978206695523,4.339585E-6,15.486136,0.0055814562,0.6715255,0.0022719644,0.038229093,0.027951019,0.3792825,0.21201001,null,null,null,null,null,null,0.10986196,0.006790268,0.6715255,0.0022719644,"ONEGAUSSIAN_WITH_ELLIPSOIDAL",6,33.7194,0.6715255,0.0022719644,0.21408293,0.1565257,0.59900635,0.21491757,null,null,null,null,null,null
375316653866487564,947044789895953920,0.56512904,2222.1506281694533,3.97177110627787,2.1324735E-5,18.520226,0.0073965876,0.20452063,0.004882066,0.07542662,0.006589481,0.29034796,0.028836448,0.70518047,0.008973357,0.07025632,0.0070081083,0.28196537,0.021831913,null,null,null,null,"TWOGAUSSIANS",8,2.2906582,0.20452063,0.004882066,0.4,0.0,0.28878865,0.029359931,0.70518047,0.008973357,0.39343542,0.038377687,0.28040606,0.021356711
375316653866487564,947049260956760704,0.50068915,2230.1595573298005,1.146223872251806,2.1180225E-5,15.0004635,0.013185055,0.06575494,0.004298457,0.017127877,0.007652499,1.2593014,1.0316645,0.56908613,0.012427102,0.023268882,0.008673084,0.31964728,0.1949478,null,null,null,null,"TWOGAUSSIANS",8,858.988,0.06575494,0.004298457,0.09591611,0.042853992,1.2593014,1.0316645,0.56908613,0.012427102,0.13030574,0.04856927,0.31964728,0.1949478
375316653866487564,947086816149119744,0.46845773,2306.6272024564987,0.46920131006348803,8.138142E-5,15.377212,0.008650224,0.2979247,9.965518E-5,0.0126017975,5.108563E-4,0.51609766,0.010563132,0.7267102,0.013835241,0.08304047,0.028899439,0.10373216,0.081730604,null,null,null,null,"TWOGAUSSIANS",8,19.770868,0.2979247,9.965518E-5,0.07057007,0.0028607952,0.51609784,0.010561284,0.7267102,0.013835241,0.4,0.011032,0.103732154,0.08173076
375316653866487564,947090969388576128,0.5175856,2217.82981031192,0.35837294838822076,6.582782E-5,13.287705,0.0031435827,0.49010244,0.010139726,0.018369086,0.015305188,0.6987297,0.78265435,0.794377,0.038600292,0.018771542,0.013260364,0.18319188,0.29872128,0.010409858,0.0054937354,0.794377,0.038600292,"TWOGAUSSIANS_WITH_ELLIPSOIDAL_ON_ECLIPSE2",9,214.60211,0.49006242,0.010094105,0.10286688,0.08570905,0.70106,0.78253776,0.794377,0.038600292,0.10512063,0.07425804,0.2040115,0.29544663
