Gaia/vari_eclipsing_binary/VariEclipsingBinary_606611-606630.csv
# %ECSV 1.0
# ---
# delimiter: ','
# meta: !!omap
# - RELEASE: Gaia DR3
# - TABLE: vari_eclipsing_binary
# - DESCRIPTION: >
#     This table describes the properties of the eclipsing binaries resulting from the variability analysis. 
# - CITATION: >
#     How to cite and acknowledge Gaia: 
#     https://gea.esac.esa.int/archive/documentation/credits.html 
# - KNOWN_ISSUES: >
#     Known issues: 
#     https://www.cosmos.esa.int/web/gaia-users/known-issues 
# - DOCUMENTATION: >
#     Tutorials and documentation: 
#     https://www.cosmos.esa.int/web/gaia-users/archive 
# datatype:
# - 
#   name: solution_id
#   datatype: int64
#   description: Solution Identifier
#   meta:
#     ucd: meta.version
# - 
#   name: source_id
#   datatype: int64
#   description: Unique source identifier
#   meta:
#     ucd: meta.id;meta.main
# - 
#   name: global_ranking
#   datatype: float32
#   description: Number between 0 (worst) and 1 (best)
#   meta:
#     ucd: stat.param
# - 
#   name: reference_time
#   datatype: float64
#   unit: d
#   description: Reference time used for the geometric model fit
#   meta:
#     ucd: time.epoch
# - 
#   name: frequency
#   datatype: float64
#   unit: d**-1
#   description: Frequency of geometric model of the eclipsing binary light curve
#   meta:
#     ucd: src.orbital
# - 
#   name: frequency_error
#   datatype: float32
#   unit: d**-1
#   description: "Uncertainty of \\texttt{frequency}"
#   meta:
#     ucd: stat.error
# - 
#   name: geom_model_reference_level
#   datatype: float32
#   unit: mag
#   description: Magnitude reference level of geometric model
#   meta:
#     ucd: phot.mag;em.opt
# - 
#   name: geom_model_reference_level_error
#   datatype: float32
#   unit: mag
#   description: "Uncertainty of \\texttt{geomModelReferenceLevel}"
#   meta:
#     ucd: stat.error;phot.mag;em.opt
# - 
#   name: geom_model_gaussian1_phase
#   datatype: float32
#   description: Phase of the Gaussian 1 component
#   meta:
#     ucd: time.phase
# - 
#   name: geom_model_gaussian1_phase_error
#   datatype: float32
#   description: "Uncertainty of \\texttt{geomModelGaussian1Phase}"
#   meta:
#     ucd: stat.error;time.phase
# - 
#   name: geom_model_gaussian1_sigma
#   datatype: float32
#   description: "Standard deviation [phase] of Gaussian 1 component"
#   meta:
#     ucd: stat.stdev
# - 
#   name: geom_model_gaussian1_sigma_error
#   datatype: float32
#   description: "Uncertainty of \\texttt{geomModelGaussian1Sigma}"
#   meta:
#     ucd: stat.error
# - 
#   name: geom_model_gaussian1_depth
#   datatype: float32
#   unit: mag
#   description: Magnitude depth of Gaussian 1 component
#   meta:
#     ucd: src.var.amplitude
# - 
#   name: geom_model_gaussian1_depth_error
#   datatype: float32
#   unit: mag
#   description: "Uncertainty of \\texttt{geomModelGaussian1Depth}"
#   meta:
#     ucd: stat.error;src.var.amplitude
# - 
#   name: geom_model_gaussian2_phase
#   datatype: float32
#   description: Phase of Gaussian 2 component
#   meta:
#     ucd: time.phase
# - 
#   name: geom_model_gaussian2_phase_error
#   datatype: float32
#   description: "Uncertainty of \\texttt{geomModelGaussian2Phase}"
#   meta:
#     ucd: stat.error;time.phase
# - 
#   name: geom_model_gaussian2_sigma
#   datatype: float32
[...]
#   datatype: float32
#   description: "Secondary eclipse: uncertainty of \\texttt{derivedSecondaryEclDuration}"
#   meta:
#     ucd: stat.error;time.duration
# - 
#   name: derived_secondary_ecl_depth
#   datatype: float32
#   unit: mag
#   description: "Secondary eclipse: depth"
#   meta:
#     ucd: src.var.amplitude
# - 
#   name: derived_secondary_ecl_depth_error
#   datatype: float32
#   unit: mag
#   description: "Secondary eclipse: uncertainty of \\texttt{derivedSecondaryEclDepth}"
#   meta:
#     ucd: stat.error;src.var.amplitude
solution_id,source_id,global_ranking,reference_time,frequency,frequency_error,geom_model_reference_level,geom_model_reference_level_error,geom_model_gaussian1_phase,geom_model_gaussian1_phase_error,geom_model_gaussian1_sigma,geom_model_gaussian1_sigma_error,geom_model_gaussian1_depth,geom_model_gaussian1_depth_error,geom_model_gaussian2_phase,geom_model_gaussian2_phase_error,geom_model_gaussian2_sigma,geom_model_gaussian2_sigma_error,geom_model_gaussian2_depth,geom_model_gaussian2_depth_error,geom_model_cosine_half_period_amplitude,geom_model_cosine_half_period_amplitude_error,geom_model_cosine_half_period_phase,geom_model_cosine_half_period_phase_error,model_type,num_model_parameters,reduced_chi2,derived_primary_ecl_phase,derived_primary_ecl_phase_error,derived_primary_ecl_duration,derived_primary_ecl_duration_error,derived_primary_ecl_depth,derived_primary_ecl_depth_error,derived_secondary_ecl_phase,derived_secondary_ecl_phase_error,derived_secondary_ecl_duration,derived_secondary_ecl_duration_error,derived_secondary_ecl_depth,derived_secondary_ecl_depth_error
[from data line 402]
375316653866487564,5335891000021915520,0.4616656,2201.33434956699,0.564511834396743,2.6263473E-5,17.723932,0.019988272,0.24880452,0.004991005,0.073275924,0.010000307,0.22612722,0.026114495,0.74891865,0.009077309,0.10011941,0.019895,0.19491856,0.019387776,null,null,null,null,"TWOGAUSSIANS",8,19.363165,0.24880452,0.004991005,0.4,0.018188057,0.21974605,0.024562446,0.74891865,0.009077309,0.4,0.0,0.18853591,0.016815692
375316653866487564,5335891038712952832,0.63816476,2182.987344203579,2.873787707015152,3.7667896E-6,18.242905,0.008678942,0.24780251,0.0010597104,0.045536473,0.0023131422,0.5360981,0.028169382,0.7500651,0.0029906665,0.04020916,0.0030535513,0.5384425,0.028007267,0.13417447,0.013107112,0.24780251,0.0010597104,"TWOGAUSSIANS_WITH_ELLIPSOIDAL_ON_ECLIPSE1",9,3.793879,0.7500651,0.0029646964,0.2251713,0.017099887,0.80673665,0.020840758,0.24780251,0.0010597104,0.25500426,0.012953596,0.80444646,0.026138887
375316653866487564,5335891141792467200,0.53693616,2208.6253660636926,0.7057813818732808,4.0427303E-6,18.945192,0.0038865313,0.21708076,0.0026687698,0.032834932,0.0024240848,0.18194063,0.014712322,0.71683836,8.2937884E-4,0.03512813,0.0015165515,0.35626462,0.009975138,null,null,null,null,"TWOGAUSSIANS",8,1.8133307,0.71683836,8.2937884E-4,0.19671753,0.008492689,0.35626462,0.009975138,0.21708076,0.0026687698,0.18387562,0.013574874,0.18194063,0.014712322
375316653866487564,5335891309256158208,0.45265618,2206.7011617521416,0.07139302116071856,2.2903138E-5,13.802132,0.008419983,0.21381542,0.0052976464,0.003127955,0.0040088263,0.04102249,0.0969167,0.79979724,0.0027072215,0.027746445,0.0031975152,0.77200234,0.35957146,0.022366801,0.018692534,0.79979724,0.0027072215,"TWOGAUSSIANS_WITH_ELLIPSOIDAL_ON_ECLIPSE2",9,1291.6345,0.79979724,0.0027072215,0.15538009,0.017906085,0.8167358,0.3533341,0.21387541,0.0053264135,0.017516546,0.022449426,0.07392916,0.10193869
375316653866487564,5335891794651321984,0.5966516,2194.246236442515,0.29810034370689664,5.2496594E-6,17.407177,0.003394265,0.19632648,0.008748142,0.023982313,0.008093782,0.045961034,0.033769295,0.6815853,0.0011480066,0.024691636,5.806803E-4,1.8789206,0.13797714,0.012925012,0.0049992464,0.19632648,0.008748142,"TWOGAUSSIANS_WITH_ELLIPSOIDAL_ON_ECLIPSE1",9,9.148749,0.68159527,0.0011480066,0.13827316,0.0032518099,1.9045496,0.14170098,0.19632648,0.008748142,0.13430095,0.045325175,0.07181104,0.035108577
375316653866487564,5335891932065926528,0.46260053,2218.2012675981036,2.8871310828341747,1.3423128E-5,18.989487,0.0037247967,null,null,null,null,null,null,null,null,null,null,null,null,0.074590236,0.0060549276,0.14975606,0.00515753,"ELLIPSOIDAL",4,3.3097086,null,null,null,null,null,null,null,null,null,null,null,null
375316653866487564,5335892035169647104,0.57648915,2224.7153885832126,1.1738612241861304,6.467234E-6,17.71838,0.010392296,0.22842167,0.0013732137,0.09473114,0.0035321917,0.3070652,0.0098310625,0.72932136,0.005247798,0.109821595,0.009342567,0.19051374,0.014337669,null,null,null,null,"TWOGAUSSIANS",8,2.2091405,0.22842167,0.0013732137,0.4,0.0,0.28366116,0.0063006496,0.72932136,0.005247798,0.4,0.0,0.16709825,0.01571853
375316653866487564,5335892206944327040,0.47587234,2244.4869521597107,0.18937583419424495,4.2610653E-5,16.288303,0.0030271476,0.3158577,0.032337397,0.016102288,0.012506909,0.46233383,1913.652,0.6347822,0.00457162,0.02671552,0.0024863416,0.44616205,0.039857756,0.0040079793,0.0051733507,0.6347822,0.00457162,"TWOGAUSSIANS_WITH_ELLIPSOIDAL_ON_ECLIPSE2",9,52.10621,0.3158377,0.032348886,0.09017281,0.07003868,0.46374595,1913.652,0.6347822,0.00457162,0.14960691,0.013923514,0.454178,0.040231876
375316653866487564,5335892619261315840,0.47702593,2187.4683442925607,2.1827364820731434,2.1214437E-5,19.762962,0.012801284,0.29080224,0.008372807,0.0931108,0.008470466,0.25288165,0.0224636,0.78497773,0.0085427165,0.08555226,0.011873017,0.29296377,0.030875186,null,null,null,null,"TWOGAUSSIANS",8,1.6401521,0.78497773,0.0085427165,0.4,0.0,0.283119,0.03295521,0.29080224,0.008372807,0.4,0.0,0.24303658,0.020337204
375316653866487564,5335892688004805888,0.56067824,2187.9148348098056,0.509571208673675,2.3887894E-6,17.401634,0.0025512038,0.22329378,0.02317927,0.017990798,0.0149126025,0.104616895,0.09072888,0.707418,0.001113128,0.027723256,9.5525826E-4,0.33626023,0.009715994,null,null,null,null,"TWOGAUSSIANS",8,4.908711,0.707418,0.001113128,0.15525024,0.0053494466,0.33626023,0.009715994,0.22329378,0.02317927,0.100748464,0.08351057,0.104616895,0.09072888
375316653866487564,5335892722340910464,0.4429855,2225.0103651934583,0.025385801397729592,3.2708234E-5,18.130396,0.0067248824,0.17110153,0.033828005,0.021808242,0.022498125,0.06265668,1.3022513,0.8443638,0.007508725,0.03613177,0.031309888,0.5230407,0.4508508,0.019900884,0.006526017,0.17110153,0.033828005,"TWOGAUSSIANS_WITH_ELLIPSOIDAL_ON_ECLIPSE1",9,9.904014,0.8443638,0.007508725,0.2023379,0.17533538,0.5315983,0.45160544,0.17110153,0.033828005,0.12212616,0.12598951,0.10245828,1.3041756
375316653866487564,5335892756700519424,0.49297383,2196.1808692545396,2.1313866404600024,2.9425397E-5,19.11045,0.025074596,0.262449,0.011751161,0.082791634,0.016577093,0.3714949,0.041965794,0.76843596,0.0054922765,0.086093776,0.010575636,0.36041296,0.030301897,null,null,null,null,"TWOGAUSSIANS",8,6.2267165,0.262449,0.011751161,0.4,0.0,0.36327252,0.04589381,0.76843596,0.0054922765,0.4,0.0,0.35219055,0.025727376
375316653866487564,5335892859779722240,0.48278528,2190.8559001701387,2.7719991922985594,1.9775098E-5,19.770237,0.010520208,0.1320467,0.0046114977,0.07259861,0.0056470195,0.25694928,0.014684017,0.62722,0.008500323,0.08012519,0.013383777,0.24498117,0.026703548,null,null,null,null,"TWOGAUSSIANS",8,1.601166,0.1320467,0.0046114977,0.4,0.0049875574,0.25482702,0.0143006975,0.62722,0.008500323,0.4,0.0,0.2428589,0.027652312
375316653866487564,5335892997218944000,0.52009434,2203.0668519762467,1.4934118180698626,1.0687556E-5,17.897202,0.02342053,0.2875162,0.0032889666,0.08661731,0.008265165,0.44719774,0.021665,0.7931888,0.0129784765,0.08510162,0.014815031,0.2431839,0.030601805,null,null,null,null,"TWOGAUSSIANS",8,22.06288,0.2875162,0.0032889666,0.4,0.0,0.43858975,0.01834304,0.7931888,0.0129784765,0.4,0.0,0.23457594,0.028767379
375316653866487564,5335893203377488768,0.5663336,2181.983337967052,0.454896285122506,6.557054E-6,18.10417,0.0024958826,0.23157644,0.0014630664,0.0175132,0.0011872988,0.25199535,0.024664275,0.7171257,0.005289032,0.024497872,0.0023037326,0.521237,0.096156344,null,null,null,null,"TWOGAUSSIANS",8,3.247144,0.7171257,0.005289032,0.13718808,0.012900902,0.521237,0.096156344,0.23157644,0.0014630664,0.09807392,0.0066488734,0.25199535,0.024664275
375316653866487564,5335893718773085952,0.5692052,2216.7829603025134,3.1260200737467847,6.722519E-6,18.480225,0.008510787,0.25955483,0.001733386,0.042744335,0.0039968276,0.40552074,0.029348636,0.7630877,0.0015392577,0.039753094,0.0034852554,0.28705198,0.024427433,0.13212207,0.01712892,0.25955483,0.001733386,"TWOGAUSSIANS_WITH_ELLIPSOIDAL_ON_ECLIPSE1",9,7.272681,0.25955483,0.001733386,0.23936827,0.022382233,0.6697649,0.030130297,0.7630877,0.0015392577,0.22261733,0.019517431,0.5511659,0.013273409
375316653866487564,5335893989311217536,0.63924146,2218.2765887837154,0.21925102704228316,3.8649528E-6,16.521004,0.0012065571,0.3261119,0.012271438,0.022917112,0.012392571,0.36900496,15.226075,0.8225203,0.0025668133,0.019794036,0.002786788,0.37850657,0.007185878,null,null,null,null,"TWOGAUSSIANS",8,5.3613772,0.8225203,0.0025668133,0.110846594,0.015606012,0.37850657,0.007185878,0.3261119,0.012271438,0.12833583,0.069398396,0.36900496,15.226075
375316653866487564,5335894543430817792,0.6063747,2221.3677055102535,0.46799416744787875,7.1090053E-6,15.374414,0.004442981,0.28749707,0.003221864,0.027060997,0.0018551738,0.6920844,0.03771002,0.7843163,0.0017530478,0.028066564,0.0018693067,0.6182403,0.03709795,0.010230266,0.007159201,0.28749707,0.003221864,"TWOGAUSSIANS_WITH_ELLIPSOIDAL_ON_ECLIPSE1",9,90.8214,0.28749707,0.003221864,0.15154158,0.010388973,0.71254486,0.03040624,0.7843263,0.0017417119,0.15717277,0.010468118,0.6386927,0.036629263
375316653866487564,5335894577767606912,0.48064902,2232.7990011309503,3.245671652519526,1.9235164E-5,19.756178,0.030320497,0.28170735,0.005813336,0.09204766,0.013486616,0.33808354,0.03155227,0.78870887,0.006210554,0.09126288,0.015751505,0.32160148,0.031375326,null,null,null,null,"TWOGAUSSIANS",8,2.2592618,0.28170735,0.005813336,0.4,0.0,0.32369056,0.030079002,0.78870887,0.006210554,0.4,0.0,0.30720857,0.035088696
375316653866487564,5335895058827236608,0.5150754,2134.308867282869,2.1465203653364155,1.0267387E-4,19.180532,0.004602476,0.15174964,0.019238593,0.10334496,0.04094634,0.032182556,0.010158495,0.4138949,6.138198E-5,0.009544074,1.122836E-4,0.38434875,0.0029678976,null,null,null,null,"TWOGAUSSIANS",8,1.4681646,0.4138949,6.138198E-5,0.05344681,6.2878814E-4,0.3856377,0.004165177,0.15174964,0.019238593,0.4,0.0,0.032182023,0.0101652425
375316653866487564,5335895127546721152,0.5724846,2158.63521733886,0.18785079616996012,3.2537E-5,16.120865,0.0036296227,0.18013842,0.015210748,0.046857335,0.02605994,0.19555573,1.0760558,0.7106136,0.0045877527,0.035841715,0.0031877188,0.5113145,0.021082627,null,null,null,null,"TWOGAUSSIANS",8,65.131195,0.7106136,0.0045877527,0.2007136,0.017851224,0.5113145,0.021082627,0.18013842,0.015210748,0.26240107,0.14593567,0.19555573,1.0760558
375316653866487564,5335895539842196992,0.42856652,2180.0790860598104,0.08294540433609214,8.474612E-6,18.537369,0.010576553,0.17506617,0.01574918,0.013504909,0.009883981,0.15018627,0.049856618,0.87714994,0.0038330902,0.038893484,0.00417117,0.69794315,0.124341,0.05471684,0.019280894,0.17506617,0.01574918,"TWOGAUSSIANS_WITH_ELLIPSOIDAL_ON_ECLIPSE1",9,17.679895,0.87714994,0.0038330902,0.21780351,0.02335855,0.70756567,0.12377862,0.17506617,0.01574918,0.07562749,0.055350292,0.25961939,0.03323115
375316653866487564,5335895672946551680,0.5225058,2175.3981195178876,2.4983209343602963,1.0205021E-5,17.564821,0.003179749,0.22481635,0.00384821,0.071617424,0.0039142715,0.17224894,0.008429608,0.7229499,0.0033284617,0.068728276,0.0042169825,0.16562833,0.006405911,null,null,null,null,"TWOGAUSSIANS",8,4.7651463,0.22481635,0.00384821,0.4,0.011800419,0.17168392,0.008469433,0.7229499,0.0033284617,0.38487837,0.023615101,0.1650633,0.006436858
375316653866487564,5335895780361364736,0.5793946,2165.3003629755513,1.308384119098874,2.9666053E-5,18.033712,0.0033167903,0.31671676,0.0036033827,0.047454026,0.0028181018,0.41398206,0.01725191,0.8163362,0.0053268136,0.056598015,0.004799193,0.11661192,0.01028182,null,null,null,null,"TWOGAUSSIANS",8,3.6856058,0.31671676,0.0036033827,0.26574254,0.01578137,0.41397816,0.017252648,0.8163362,0.0053268136,0.3169489,0.02687548,0.11660802,0.010282485
375316653866487564,5335895849079167104,0.5960224,2150.319236667122,1.2914722369017873,6.8364748E-6,19.15458,0.0046947105,0.25055227,0.008227111,0.051834557,0.0076262765,0.1390167,0.014482925,0.74800533,0.0024471502,0.04878531,0.0018727911,0.7776681,0.022263143,null,null,null,null,"TWOGAUSSIANS",8,1.9380391,0.74800533,0.0024471502,0.27319774,0.01048763,0.77766573,0.022263037,0.25055227,0.008227111,0.29027352,0.04270715,0.13901429,0.014484787
375316653866487564,5335896050900258176,0.58418393,2132.6177476169596,1.1948549007016476,5.823149E-6,17.035381,0.0055287066,0.25716025,0.0029228753,0.029621746,0.015929235,0.072814465,0.014621458,0.7673012,0.0025994556,0.04848589,0.0044504767,0.14503005,0.013142714,0.07846002,0.008431773,0.25716025,0.0029228753,"TWOGAUSSIANS_WITH_ELLIPSOIDAL_ON_ECLIPSE1",9,7.3847003,0.7673012,0.0025994556,0.27152097,0.024922669,0.30131304,0.009927185,0.25716025,0.0029228753,0.16588178,0.089203715,0.22973368,0.00841691
375316653866487564,5335896192676694144,0.42839614,2159.6945411967667,3.055158515841084,2.3872326E-5,18.691042,0.010518317,0.30174363,0.008498329,0.08868114,0.013096006,0.1593373,0.030859947,0.8188446,0.015340375,0.07732916,0.020853184,0.109678335,0.016810786,null,null,null,null,"TWOGAUSSIANS",8,6.493546,0.30174363,0.008498329,0.4,0.0,0.15725003,0.031390406,0.8188446,0.015340375,0.4,0.022735123,0.10759114,0.016868962
375316653866487564,5335896703757465344,0.56074303,2165.143769322223,2.1750044913278916,6.698491E-6,18.486612,0.009303943,0.26007554,0.0033277774,0.095288955,0.005365589,0.26155367,0.010082569,0.76467097,0.0016943557,0.08805088,0.003560279,0.3007162,0.009045049,null,null,null,null,"TWOGAUSSIANS",8,1.7631972,0.76467097,0.0016943557,0.4,0.0,0.28806558,0.0062329248,0.26007554,0.0033277774,0.4,0.0,0.24890259,0.008381539
375316653866487564,5335896811174066048,0.6465123,2168.9736200287916,1.302707957295472,3.1005038E-6,14.723788,0.002926231,0.26606297,0.0031877821,0.042702913,0.0057272594,0.07122235,0.015547419,0.7636656,0.012046202,0.042729102,0.005359396,0.3678134,0.057908393,0.021636624,0.0036448147,0.26606297,0.0031877821,"TWOGAUSSIANS_WITH_ELLIPSOIDAL_ON_ECLIPSE1",9,17.899172,0.7637056,0.0120050395,0.23928298,0.030012617,0.411077,0.054120623,0.26606297,0.0031877821,0.23913631,0.032072652,0.11449558,0.015419124
375316653866487564,5335896909895341952,0.43556842,2210.428746817384,0.08046119928323424,1.1172143E-4,18.001974,0.007178537,0.29950163,0.008964065,0.09320384,0.012826356,0.095528655,0.012333007,0.8168848,0.013893044,0.034000687,0.008072804,0.12874037,0.037511203,null,null,null,null,"TWOGAUSSIANS",8,10.755465,0.8168848,0.013893044,0.19040385,0.045207698,0.12869373,0.03751046,0.29950163,0.008964065,0.4,0.0,0.09548185,0.012343781
375316653866487564,5335897322210664448,0.57203746,2177.8437118061024,1.0520756018867516,6.7712513E-6,16.512232,0.027331673,0.22407416,0.0020033016,0.08951763,0.00601858,0.51084906,0.021901412,0.7652935,0.00664752,0.11956178,0.010885555,0.34820384,0.027626334,null,null,null,null,"TWOGAUSSIANS",8,32.107258,0.22397415,0.0019519542,0.4,0.0,0.4828701,0.015230387,0.7652935,0.006646285,0.4,0.0,0.31999213,0.017929897
375316653866487564,5335897390931674880,0.510402,2182.472670143103,0.1519305112229273,3.7104302E-5,18.154858,0.0031269714,0.28527075,0.00460205,0.010479984,0.006087351,0.98698896,0.95496434,0.62966067,0.051480915,0.11103894,0.03534254,0.01694481,0.0063456157,null,null,null,null,"TWOGAUSSIANS",8,2.2765691,0.28527075,0.004608808,0.05868791,0.034089167,0.9871257,0.95492077,0.62966067,0.051480915,0.4,0.0,0.01694347,0.006349
375316653866487564,5335897704506425728,0.6499898,2161.9479158608547,2.368859409586853,3.4075629E-6,16.927444,0.003111521,0.24572122,0.0010750841,0.08635646,0.0016612036,0.3898154,0.0043907203,0.74429286,0.0011498581,0.08378847,0.0014998958,0.42007977,0.0047752787,null,null,null,null,"TWOGAUSSIANS",8,2.9044478,0.74429286,0.0011498581,0.4,0.0,0.40956536,0.0046635205,0.24572122,0.0010750841,0.4,0.0,0.37930095,0.004463479
375316653866487564,5335897768887296000,0.6192966,2146.8124447845275,0.11946639679002205,2.8554086E-5,17.65553,0.0014429886,0.441627,0.021322977,0.019615654,0.020301433,0.038118742,197.87837,0.947818,4.3503627E-5,0.006161486,6.2501225E-5,0.5273829,0.0026956866,null,null,null,null,"TWOGAUSSIANS",8,1.7271674,0.947818,4.3503627E-5,0.03450432,3.5000686E-4,0.5273829,0.0026956866,0.441627,0.021322977,0.109847665,0.11368802,0.038118742,197.87837
375316653866487564,5335897841945234176,0.43616188,2177.1495468470116,4.657047360811206,2.390409E-5,18.284842,0.0055962503,0.13395995,0.003265387,0.01452339,0.0046214713,0.16054988,0.053639073,0.7976913,0.026185699,0.052029468,0.025210503,0.044598613,0.011072166,null,null,null,null,"TWOGAUSSIANS",8,5.854847,0.13395995,0.003265387,0.081330985,0.025880238,0.16054988,0.053639077,0.7976913,0.026185699,0.29136503,0.12146784,0.044598613,0.011072166
