Gaia/vari_eclipsing_binary/VariEclipsingBinary_679821-679832.csv
# %ECSV 1.0
# ---
# delimiter: ','
# meta: !!omap
# - RELEASE: Gaia DR3
# - TABLE: vari_eclipsing_binary
# - DESCRIPTION: >
#     This table describes the properties of the eclipsing binaries resulting from the variability analysis. 
# - CITATION: >
#     How to cite and acknowledge Gaia: 
#     https://gea.esac.esa.int/archive/documentation/credits.html 
# - KNOWN_ISSUES: >
#     Known issues: 
#     https://www.cosmos.esa.int/web/gaia-users/known-issues 
# - DOCUMENTATION: >
#     Tutorials and documentation: 
#     https://www.cosmos.esa.int/web/gaia-users/archive 
# datatype:
# - 
#   name: solution_id
#   datatype: int64
#   description: Solution Identifier
#   meta:
#     ucd: meta.version
# - 
#   name: source_id
#   datatype: int64
#   description: Unique source identifier
#   meta:
#     ucd: meta.id;meta.main
# - 
#   name: global_ranking
#   datatype: float32
#   description: Number between 0 (worst) and 1 (best)
#   meta:
#     ucd: stat.param
# - 
#   name: reference_time
#   datatype: float64
#   unit: d
#   description: Reference time used for the geometric model fit
#   meta:
#     ucd: time.epoch
# - 
#   name: frequency
#   datatype: float64
#   unit: d**-1
#   description: Frequency of geometric model of the eclipsing binary light curve
#   meta:
#     ucd: src.orbital
# - 
#   name: frequency_error
#   datatype: float32
#   unit: d**-1
#   description: "Uncertainty of \\texttt{frequency}"
#   meta:
#     ucd: stat.error
# - 
#   name: geom_model_reference_level
#   datatype: float32
#   unit: mag
#   description: Magnitude reference level of geometric model
#   meta:
#     ucd: phot.mag;em.opt
# - 
#   name: geom_model_reference_level_error
#   datatype: float32
#   unit: mag
#   description: "Uncertainty of \\texttt{geomModelReferenceLevel}"
#   meta:
#     ucd: stat.error;phot.mag;em.opt
# - 
#   name: geom_model_gaussian1_phase
#   datatype: float32
#   description: Phase of the Gaussian 1 component
#   meta:
#     ucd: time.phase
# - 
#   name: geom_model_gaussian1_phase_error
#   datatype: float32
#   description: "Uncertainty of \\texttt{geomModelGaussian1Phase}"
#   meta:
#     ucd: stat.error;time.phase
# - 
#   name: geom_model_gaussian1_sigma
#   datatype: float32
#   description: "Standard deviation [phase] of Gaussian 1 component"
#   meta:
#     ucd: stat.stdev
# - 
#   name: geom_model_gaussian1_sigma_error
#   datatype: float32
#   description: "Uncertainty of \\texttt{geomModelGaussian1Sigma}"
#   meta:
#     ucd: stat.error
# - 
#   name: geom_model_gaussian1_depth
#   datatype: float32
#   unit: mag
#   description: Magnitude depth of Gaussian 1 component
#   meta:
#     ucd: src.var.amplitude
# - 
#   name: geom_model_gaussian1_depth_error
#   datatype: float32
#   unit: mag
#   description: "Uncertainty of \\texttt{geomModelGaussian1Depth}"
#   meta:
#     ucd: stat.error;src.var.amplitude
# - 
#   name: geom_model_gaussian2_phase
#   datatype: float32
#   description: Phase of Gaussian 2 component
#   meta:
#     ucd: time.phase
# - 
#   name: geom_model_gaussian2_phase_error
#   datatype: float32
#   description: "Uncertainty of \\texttt{geomModelGaussian2Phase}"
#   meta:
#     ucd: stat.error;time.phase
# - 
#   name: geom_model_gaussian2_sigma
#   datatype: float32
[...]
#   datatype: float32
#   description: "Secondary eclipse: uncertainty of \\texttt{derivedSecondaryEclDuration}"
#   meta:
#     ucd: stat.error;time.duration
# - 
#   name: derived_secondary_ecl_depth
#   datatype: float32
#   unit: mag
#   description: "Secondary eclipse: depth"
#   meta:
#     ucd: src.var.amplitude
# - 
#   name: derived_secondary_ecl_depth_error
#   datatype: float32
#   unit: mag
#   description: "Secondary eclipse: uncertainty of \\texttt{derivedSecondaryEclDepth}"
#   meta:
#     ucd: stat.error;src.var.amplitude
solution_id,source_id,global_ranking,reference_time,frequency,frequency_error,geom_model_reference_level,geom_model_reference_level_error,geom_model_gaussian1_phase,geom_model_gaussian1_phase_error,geom_model_gaussian1_sigma,geom_model_gaussian1_sigma_error,geom_model_gaussian1_depth,geom_model_gaussian1_depth_error,geom_model_gaussian2_phase,geom_model_gaussian2_phase_error,geom_model_gaussian2_sigma,geom_model_gaussian2_sigma_error,geom_model_gaussian2_depth,geom_model_gaussian2_depth_error,geom_model_cosine_half_period_amplitude,geom_model_cosine_half_period_amplitude_error,geom_model_cosine_half_period_phase,geom_model_cosine_half_period_phase_error,model_type,num_model_parameters,reduced_chi2,derived_primary_ecl_phase,derived_primary_ecl_phase_error,derived_primary_ecl_duration,derived_primary_ecl_duration_error,derived_primary_ecl_depth,derived_primary_ecl_depth_error,derived_secondary_ecl_phase,derived_secondary_ecl_phase_error,derived_secondary_ecl_duration,derived_secondary_ecl_duration_error,derived_secondary_ecl_depth,derived_secondary_ecl_depth_error
[from data line 557]
375316653866487564,5979870459328816512,0.47390035,2215.8116426541305,2.260911185044892,3.092461E-5,19.61907,0.021079019,0.2648454,0.008368828,0.055362824,0.029612778,0.21394117,0.13253482,0.7238008,2.5472877E-4,0.013759287,0.0033578877,0.30373603,0.020781511,0.1417721,0.025885522,0.2648454,0.008368828,"TWOGAUSSIANS_WITH_ELLIPSOIDAL_ON_ECLIPSE1",9,15.909171,0.7243408,4.6205656E-5,0.07705201,0.01880417,0.56906617,0.034497105,0.2648454,0.008368828,0.3100318,0.1236491,0.49747697,0.13564055
375316653866487564,5979870562410005248,0.5120685,2286.8284804980294,2.3335846364959174,2.138811E-5,17.562748,0.04145213,0.23760359,0.006710917,0.09386952,0.019902278,0.17328614,0.038442127,0.732032,0.012607332,0.119910955,0.030203817,0.23014764,0.029376086,null,null,null,null,"TWOGAUSSIANS",8,10.055829,0.732032,0.012607332,0.4,0.0,0.20553155,0.020301638,0.23763359,0.0067190654,0.4,0.0,0.14874834,0.011202544
375316653866487564,5979870665489266432,0.44967324,2270.2425705947367,3.0844924975376116,5.967394E-5,18.991282,0.009255624,0.28428084,0.019114885,0.07152115,0.016454598,0.3002897,0.09038579,0.7560395,0.011778303,0.055793334,0.014838828,0.32969606,0.03392817,null,null,null,null,"TWOGAUSSIANS",8,18.348204,0.7560395,0.011778303,0.31244266,0.083097436,0.3295827,0.03427858,0.28428084,0.019114885,0.4,0.06130686,0.30017632,0.09055962
375316653866487564,5979870669778977408,0.4255615,2262.7294089031084,0.19682815950557944,2.3087809E-5,19.213266,0.0149689745,0.2202546,0.012612249,0.086933196,0.017469812,0.24534652,0.055907823,0.71256495,0.007132116,0.017836357,0.0043509714,0.13049185,0.023540312,null,null,null,null,"TWOGAUSSIANS",8,5.819189,0.2202546,0.012612249,0.4,0.0,0.24534374,0.0559204,0.71256495,0.007132116,0.09988359,0.02436544,0.13048913,0.023535827
375316653866487564,5979870669779037696,0.4343039,2271.6751209921676,0.3657255877727367,7.7954704E-5,19.7164,0.047399167,0.19127907,0.017962871,0.15046789,0.04310411,0.26802832,0.039716646,0.80739063,0.0299787,0.04569074,0.020513551,0.15959723,0.06684769,null,null,null,null,"TWOGAUSSIANS",8,2.6447048,0.19127907,0.017962871,0.4,0.0,0.26463485,0.039548848,0.8097506,0.02987984,0.25586817,0.11487589,0.16681485,0.0636757
375316653866487564,5979870768546154752,0.58072746,2273.8718617819573,1.9686824408678782,1.2574019E-5,17.15935,0.010369235,0.2499632,0.0025213582,0.08039846,0.0037830062,0.426959,0.017072083,0.75300866,0.0074589127,0.101290844,0.008805322,0.1979061,0.011753731,null,null,null,null,"TWOGAUSSIANS",8,8.729845,0.2499632,0.0025213582,0.4,0.0,0.41521394,0.018034998,0.75300866,0.0074589127,0.4,0.0,0.18615898,0.009547559
375316653866487564,5979870940369037568,0.48954016,2277.6215003683456,2.396873305884359,1.5314343E-5,19.337156,0.0387154,0.27223235,0.009984032,0.099945396,0.016934497,0.27286196,0.039643083,0.7610291,0.0035506466,0.10060183,0.012405353,0.30314428,0.036171023,null,null,null,null,"TWOGAUSSIANS",8,1.953854,0.7610291,0.0035506466,0.4,0.0,0.28081748,0.021110635,0.27223235,0.00999169,0.4,0.0,0.25053588,0.021582132
375316653866487564,5979871077794081920,0.5369229,2293.4244905635924,0.04244032923525205,5.6563126E-6,16.509588,0.0058251116,0.5124017,0.0077833943,0.01727227,0.0045057274,0.19141561,0.028537141,0.7066011,0.0122025255,0.022315748,0.0057524345,0.8536314,0.22902314,null,null,null,null,"TWOGAUSSIANS",8,106.93158,0.7066011,0.0122025255,0.124968186,0.032213632,0.8536314,0.22902314,0.5124017,0.0077833943,0.096724704,0.025232073,0.19141561,0.028537141
375316653866487564,5979871425693965952,0.44497305,2291.3665936981442,1.058585533017007,1.3077626E-5,18.428871,0.0067065232,0.11345636,0.009399567,0.044143386,0.006982754,0.12686533,0.02929125,0.6244601,0.006008236,0.03782902,0.0042428426,0.16405118,0.029001437,null,null,null,null,"TWOGAUSSIANS",8,8.59878,0.6244601,0.006008236,0.2118425,0.023759916,0.16405118,0.029001437,0.11345636,0.009399567,0.24720296,0.039103422,0.12686531,0.02929125
375316653866487564,5979871627515197312,0.473211,2268.5244952519033,0.6857866052780959,3.7125654E-5,18.698559,0.0057106693,0.33124578,0.003965754,0.021612551,0.0035513816,0.39586207,0.19801502,0.66599464,0.011418604,0.048342705,0.019639205,0.063631274,0.020588074,null,null,null,null,"TWOGAUSSIANS",8,5.7858434,0.33124578,0.003965754,0.121030286,0.019887738,0.39586207,0.19801502,0.66599464,0.011418604,0.27071917,0.10997955,0.063631274,0.020588074
375316653866487564,5979871730594518656,0.43772945,2324.2615054982084,0.7906103950612163,1.9388876E-4,19.702261,0.03151729,0.5983597,0.020433754,0.061658494,0.032972123,0.40424767,1.679701,0.8349658,0.039988812,0.053374838,0.028038418,0.12605955,0.11002779,null,null,null,null,"TWOGAUSSIANS",8,4.038719,0.5983697,0.02042187,0.34528756,0.18464388,0.4042545,1.6797562,0.8349658,0.039988812,0.29889908,0.15701514,0.12631604,0.110184826
375316653866487564,5979871765002915328,0.42126328,2258.4353192499343,3.4004589082363976,6.115076E-5,19.454721,0.015732476,0.21492559,0.022778945,0.057000477,0.02285126,0.14884925,0.033936445,0.73354137,0.011447137,0.03835877,0.023483187,0.2749047,0.12898475,null,null,null,null,"TWOGAUSSIANS",8,6.1191807,0.73354137,0.011447137,0.2148091,0.13150585,0.27490455,0.12899578,0.21492559,0.022778945,0.31920266,0.12796706,0.14884911,0.033936698
375316653866487564,5979871769352947584,0.53959674,2271.2013837373916,3.046457559942914,1.9263203E-5,18.762701,0.01515648,0.22936903,0.0034501746,0.07976221,0.0061200163,0.51328605,0.019253528,0.72,0.008088614,0.0863752,0.008103595,0.5220577,0.024337694,null,null,null,null,"TWOGAUSSIANS",8,6.7908144,0.72,0.008088614,0.4,0.0,0.51264626,0.023709856,0.22936903,0.0034501746,0.4,0.0,0.5038747,0.018488511
375316653866487564,5979871833721933952,0.49576193,2286.8022408118777,1.4689593313013058,2.2352588E-5,19.044245,0.023474792,0.23604956,0.0042647915,0.09435486,0.01775551,0.19266106,0.014435216,0.72784424,0.021848219,0.088474125,0.027854776,0.17242688,0.023724623,null,null,null,null,"TWOGAUSSIANS",8,1.5939044,0.23604956,0.0042647915,0.4,0.0,0.18499713,0.012543674,0.72784424,0.021848219,0.4,0.017840996,0.16476326,0.017446078
375316653866487564,5979871833721936896,0.47672287,2250.7429254962203,2.85366964716027,5.306954E-5,19.696827,0.23017503,0.21876422,0.0074418844,0.08462045,0.061667524,0.51300615,0.100032024,0.7357788,0.013494579,0.0897688,0.036282465,0.49296635,0.23036411,null,null,null,null,"TWOGAUSSIANS",8,7.5755677,0.21876422,0.0074081873,0.4,0.0,0.5006079,0.11768077,0.7357788,0.013414968,0.4,0.0,0.48056787,0.13388743
375316653866487564,5979871936803583488,0.53865886,2306.173039184107,2.290237799469859,1.3827475E-5,18.864508,0.008581975,0.24887362,0.0029224087,0.087328896,0.004524263,0.27721238,0.012973893,0.7360957,0.0026258708,0.082196586,0.0034272226,0.5188904,0.025168909,null,null,null,null,"TWOGAUSSIANS",8,2.4559588,0.7360957,0.0026258708,0.4,0.0,0.5112022,0.025759732,0.24887362,0.0029224087,0.4,0.0,0.2695242,0.012954456
375316653866487564,5979872112949835136,0.4640776,2258.816567684959,2.776710669725484,4.706164E-5,19.735996,0.038745627,0.23742725,0.017888332,0.09064906,0.027958738,0.2433437,0.081688665,0.7298016,0.013405687,0.070531905,0.017833581,0.33880916,0.056987755,null,null,null,null,"TWOGAUSSIANS",8,5.832277,0.7298016,0.013405687,0.39497867,0.059147455,0.33491072,0.052984156,0.23742725,0.017888332,0.4,0.0,0.23944513,0.08250761
375316653866487564,5979872177305567232,0.5773631,2284.1300780250763,1.8754144076626058,1.7935403E-5,17.040308,0.0035102614,0.22264197,0.0038430705,0.05861171,0.007999444,0.28255907,0.044386614,0.7355747,0.0070042633,0.01894824,0.008065121,0.072709724,0.04327269,0.06889319,0.004410431,0.22264197,0.0038430705,"TWOGAUSSIANS_WITH_ELLIPSOIDAL_ON_ECLIPSE1",9,8.135835,0.22264197,0.0038430705,0.32822555,0.04479689,0.42031324,0.04391949,0.7355747,0.0070042633,0.10611014,0.04516468,0.20955609,0.04818531
375316653866487564,5979872216029126528,0.44221732,2286.44960709406,0.09423431349728954,4.4807657E-5,19.5982,0.049450696,0.18586358,0.01459615,0.12859167,0.052973844,0.18198663,0.03370331,0.5893074,0.006694032,0.04176488,0.010623805,0.2116564,0.044447325,null,null,null,null,"TWOGAUSSIANS",8,2.1862388,0.5893074,0.006694032,0.23388334,0.05949331,0.21226591,0.04573364,0.18586358,0.01459615,0.4,0.0,0.18126613,0.032405872
375316653866487564,5979872280399463680,0.5279765,2287.3495014788814,1.9423081226482686,1.2712929E-5,19.24708,0.014581042,0.32982177,0.00582358,0.07516982,0.008656275,0.36366692,0.021996781,0.811198,0.0024273905,0.066326916,0.0042316304,0.4049154,0.020856641,null,null,null,null,"TWOGAUSSIANS",8,2.9969869,0.811198,0.0024273905,0.37143075,0.02369713,0.403992,0.020715863,0.32982177,0.00582358,0.4,0.009047789,0.36274353,0.022003198
375316653866487564,5979872349121241472,0.44761053,2275.223130434929,0.10200382441257738,2.581456E-5,19.402908,0.023272403,0.07392139,0.009930441,0.05663422,0.019103289,0.11311686,0.027684987,0.61767644,0.038049392,0.110541336,0.055997264,0.15024984,0.02760783,null,null,null,null,"TWOGAUSSIANS",8,2.4086168,0.61767644,0.038049392,0.4,0.013434347,0.1489464,0.027217912,0.07389139,0.009916148,0.31715164,0.10697842,0.11184432,0.026825812
375316653866487564,5979872623999174400,0.4964169,2295.250181229222,2.015573224193217,4.693987E-5,19.280243,0.00910803,0.22378905,0.014785095,0.061231647,0.027047053,0.07846816,0.026172027,0.7133259,0.0052306606,0.062360454,0.007677111,0.26040462,0.026048075,null,null,null,null,"TWOGAUSSIANS",8,2.2375562,0.7133259,0.0052306606,0.34921855,0.04299182,0.2603484,0.026068294,0.22378905,0.014785095,0.34289724,0.10264412,0.07841197,0.02644465
375316653866487564,5979872830157959040,0.44941762,2313.1854043706917,2.4498150356860595,2.3491128E-5,19.581173,0.06939772,0.17292458,0.01345481,0.12390265,0.08924327,0.16220208,0.0583061,0.63893354,0.0073013934,0.10344771,0.03237059,0.19601841,0.06102368,null,null,null,null,"TWOGAUSSIANS",8,2.485433,0.63893354,0.0073013934,0.4,0.0,0.17392738,0.028135238,0.17295459,0.013476188,0.4,0.1176879,0.13996652,0.023616
375316653866487564,5979872903224071168,0.5412594,2301.4565153948133,1.8230092681831502,2.9343386E-5,19.542782,0.013959984,0.1297219,0.005531185,0.06258556,0.005860035,0.31617877,0.036955837,0.64046246,0.003860976,0.056572795,0.005348829,0.670651,0.07478153,null,null,null,null,"TWOGAUSSIANS",8,3.2034135,0.64046246,0.003860976,0.31680766,0.029953443,0.670559,0.07484016,0.1297219,0.005531185,0.35047913,0.032816194,0.31608674,0.036984812
375316653866487564,5979873315479544192,0.4952983,2310.54943705162,2.129534216444456,4.1455827E-5,18.41383,0.015824907,0.27086222,0.007708991,0.07891409,0.012199129,0.26967806,0.021254022,0.7730854,0.0066089532,0.08666888,0.009944236,0.31484428,0.021250466,null,null,null,null,"TWOGAUSSIANS",8,9.354561,0.7730854,0.0066089532,0.4,0.0,0.30897003,0.019779347,0.27086222,0.007708991,0.4,0.0,0.26380387,0.020928822
375316653866487564,5979873689099823232,0.516248,2310.574329436694,1.1565033219793497,1.0554396E-5,18.219936,0.0074719605,0.30845496,0.010922746,0.073768765,0.008965473,0.13776253,0.015197838,0.78291667,0.0039284434,0.09488927,0.0058328067,0.22163996,0.007292489,null,null,null,null,"TWOGAUSSIANS",8,3.580548,0.78291667,0.0039284434,0.4,0.0,0.21885861,0.0063255136,0.30845496,0.010922746,0.4,0.007664222,0.13498206,0.014577987
375316653866487564,5979873826591987968,0.446448,2289.3771651572483,2.315803243794434,1.1303097E-4,19.572168,0.10285348,0.33606932,0.009752733,0.08074947,0.055579916,0.6216384,0.40732276,0.8415648,0.011786627,0.03180061,0.012492247,0.66379374,0.121043876,null,null,null,null,"TWOGAUSSIANS",8,15.914064,0.8415648,0.011786627,0.1780834,0.06995658,0.6637461,0.12058014,0.33606932,0.009752733,0.4,0.1100331,0.6215908,0.40912732
375316653866487564,5979874002674531328,0.48455983,2223.1192589402663,2.259617801852233,2.1769114E-5,19.270746,0.0061534024,0.27980903,0.0017898781,0.024107914,0.002394921,0.16159798,0.010893138,0.758484,0.0035153073,0.046002977,0.00588093,0.16261573,0.013195931,null,null,null,null,"TWOGAUSSIANS",8,1.6399213,0.758484,0.0035153073,0.25761667,0.032933205,0.16261573,0.013195931,0.27980903,0.0017898781,0.13500433,0.013411556,0.16159798,0.010893138
375316653866487564,5979874002736097408,0.45734286,2276.8812286555667,1.0507542668012544,3.1815565E-5,18.108952,0.01009943,0.226285,0.007041194,0.084640004,0.008673944,0.19365007,0.013951276,0.7282783,0.010918915,0.08173238,0.014580027,0.13664314,0.020644119,null,null,null,null,"TWOGAUSSIANS",8,7.3938847,0.226285,0.007041194,0.4,0.0,0.19021435,0.0135974,0.7282783,0.010918915,0.4,0.0,0.13320744,0.021457769
375316653866487564,5979874032721472384,0.5564488,2298.857997575901,1.553064195956542,1.766417E-5,19.270563,0.01911121,0.28740838,0.0017495435,0.04642848,0.004607594,0.55199265,0.057169545,0.796114,0.010141874,0.038793646,0.00834432,0.38108727,0.09735701,0.15821674,0.031661995,0.28740838,0.0017495435,"TWOGAUSSIANS_WITH_ELLIPSOIDAL_ON_ECLIPSE1",9,5.0768967,0.28740838,0.0017495435,0.25999948,0.025802527,0.8684256,0.053873666,0.796114,0.010141874,0.21724443,0.04672819,0.69657445,0.10407882
375316653866487564,5979874032750254720,0.5317544,2302.997712129482,2.7475868582803837,2.0375648E-5,19.147392,0.01555328,0.2111459,0.0050271833,0.071693614,0.0067808516,0.3619967,0.018786699,0.70258456,0.0038870221,0.0769966,0.00508285,0.377961,0.020793626,null,null,null,null,"TWOGAUSSIANS",8,2.9492567,0.70258456,0.0038870221,0.4,0.0,0.37582812,0.020162916,0.2111459,0.0050271833,0.4,0.026821429,0.35986382,0.017849354
375316653866487564,5979874204550955520,0.4670508,2292.80123424577,0.8885821345529216,3.295913E-5,18.94169,0.011082475,0.4149613,0.014100208,0.03366093,0.0143803395,0.26044664,0.073716976,0.91493744,0.043937273,0.023170067,0.029438995,0.45126474,null,null,null,null,null,"TWOGAUSSIANS",8,11.551908,0.91493744,0.043937273,0.12975237,0.16485837,0.45126474,null,0.4149613,0.014100208,0.18850121,0.080529906,0.26044664,0.073716976
375316653866487564,5979874208894599936,0.54190177,2274.4356904142987,0.6697728474153034,7.6071985E-5,19.057428,0.0060638934,0.2483279,0.0022978832,0.029588317,0.00279689,0.66007817,0.17520353,0.41196418,0.0073673814,0.030894456,0.008506592,0.06334491,0.0113049345,null,null,null,null,"TWOGAUSSIANS",8,2.58749,0.2483279,0.0022978832,0.16569458,0.015662584,0.6600782,0.17520349,0.41196418,0.0073673814,0.17300895,0.047636915,0.06334506,0.011304897
