Gaia/vari_eclipsing_binary/VariEclipsingBinary_764615-764644.csv
# %ECSV 1.0
# ---
# delimiter: ','
# meta: !!omap
# - RELEASE: Gaia DR3
# - TABLE: vari_eclipsing_binary
# - DESCRIPTION: >
#     This table describes the properties of the eclipsing binaries resulting from the variability analysis. 
# - CITATION: >
#     How to cite and acknowledge Gaia: 
#     https://gea.esac.esa.int/archive/documentation/credits.html 
# - KNOWN_ISSUES: >
#     Known issues: 
#     https://www.cosmos.esa.int/web/gaia-users/known-issues 
# - DOCUMENTATION: >
#     Tutorials and documentation: 
#     https://www.cosmos.esa.int/web/gaia-users/archive 
# datatype:
# - 
#   name: solution_id
#   datatype: int64
#   description: Solution Identifier
#   meta:
#     ucd: meta.version
# - 
#   name: source_id
#   datatype: int64
#   description: Unique source identifier
#   meta:
#     ucd: meta.id;meta.main
# - 
#   name: global_ranking
#   datatype: float32
#   description: Number between 0 (worst) and 1 (best)
#   meta:
#     ucd: stat.param
# - 
#   name: reference_time
#   datatype: float64
#   unit: d
#   description: Reference time used for the geometric model fit
#   meta:
#     ucd: time.epoch
# - 
#   name: frequency
#   datatype: float64
#   unit: d**-1
#   description: Frequency of geometric model of the eclipsing binary light curve
#   meta:
#     ucd: src.orbital
# - 
#   name: frequency_error
#   datatype: float32
#   unit: d**-1
#   description: "Uncertainty of \\texttt{frequency}"
#   meta:
#     ucd: stat.error
# - 
#   name: geom_model_reference_level
#   datatype: float32
#   unit: mag
#   description: Magnitude reference level of geometric model
#   meta:
#     ucd: phot.mag;em.opt
# - 
#   name: geom_model_reference_level_error
#   datatype: float32
#   unit: mag
#   description: "Uncertainty of \\texttt{geomModelReferenceLevel}"
#   meta:
#     ucd: stat.error;phot.mag;em.opt
# - 
#   name: geom_model_gaussian1_phase
#   datatype: float32
#   description: Phase of the Gaussian 1 component
#   meta:
#     ucd: time.phase
# - 
#   name: geom_model_gaussian1_phase_error
#   datatype: float32
#   description: "Uncertainty of \\texttt{geomModelGaussian1Phase}"
#   meta:
#     ucd: stat.error;time.phase
# - 
#   name: geom_model_gaussian1_sigma
#   datatype: float32
#   description: "Standard deviation [phase] of Gaussian 1 component"
#   meta:
#     ucd: stat.stdev
# - 
#   name: geom_model_gaussian1_sigma_error
#   datatype: float32
#   description: "Uncertainty of \\texttt{geomModelGaussian1Sigma}"
#   meta:
#     ucd: stat.error
# - 
#   name: geom_model_gaussian1_depth
#   datatype: float32
#   unit: mag
#   description: Magnitude depth of Gaussian 1 component
#   meta:
#     ucd: src.var.amplitude
# - 
#   name: geom_model_gaussian1_depth_error
#   datatype: float32
#   unit: mag
#   description: "Uncertainty of \\texttt{geomModelGaussian1Depth}"
#   meta:
#     ucd: stat.error;src.var.amplitude
# - 
#   name: geom_model_gaussian2_phase
#   datatype: float32
#   description: Phase of Gaussian 2 component
#   meta:
#     ucd: time.phase
# - 
#   name: geom_model_gaussian2_phase_error
#   datatype: float32
#   description: "Uncertainty of \\texttt{geomModelGaussian2Phase}"
#   meta:
#     ucd: stat.error;time.phase
# - 
#   name: geom_model_gaussian2_sigma
#   datatype: float32
[...]
#   datatype: float32
#   description: "Secondary eclipse: uncertainty of \\texttt{derivedSecondaryEclDuration}"
#   meta:
#     ucd: stat.error;time.duration
# - 
#   name: derived_secondary_ecl_depth
#   datatype: float32
#   unit: mag
#   description: "Secondary eclipse: depth"
#   meta:
#     ucd: src.var.amplitude
# - 
#   name: derived_secondary_ecl_depth_error
#   datatype: float32
#   unit: mag
#   description: "Secondary eclipse: uncertainty of \\texttt{derivedSecondaryEclDepth}"
#   meta:
#     ucd: stat.error;src.var.amplitude
solution_id,source_id,global_ranking,reference_time,frequency,frequency_error,geom_model_reference_level,geom_model_reference_level_error,geom_model_gaussian1_phase,geom_model_gaussian1_phase_error,geom_model_gaussian1_sigma,geom_model_gaussian1_sigma_error,geom_model_gaussian1_depth,geom_model_gaussian1_depth_error,geom_model_gaussian2_phase,geom_model_gaussian2_phase_error,geom_model_gaussian2_sigma,geom_model_gaussian2_sigma_error,geom_model_gaussian2_depth,geom_model_gaussian2_depth_error,geom_model_cosine_half_period_amplitude,geom_model_cosine_half_period_amplitude_error,geom_model_cosine_half_period_phase,geom_model_cosine_half_period_phase_error,model_type,num_model_parameters,reduced_chi2,derived_primary_ecl_phase,derived_primary_ecl_phase_error,derived_primary_ecl_duration,derived_primary_ecl_duration_error,derived_primary_ecl_depth,derived_primary_ecl_depth_error,derived_secondary_ecl_phase,derived_secondary_ecl_phase_error,derived_secondary_ecl_duration,derived_secondary_ecl_duration_error,derived_secondary_ecl_depth,derived_secondary_ecl_depth_error
[from data line 517]
375316653866487564,6725872949667787776,0.52552474,2346.994529116433,0.03998242559802971,4.5774054E-6,19.252907,0.0032382798,0.17630102,0.047635656,0.045409154,0.010465711,2.250143,1.9189869,0.5585649,0.001823748,0.034437593,0.0038312185,0.30016065,0.047148816,null,null,null,null,"TWOGAUSSIANS",8,1.069426,0.17630102,0.047635656,0.25429127,0.058607984,2.250143,1.9189869,0.5585649,0.001823748,0.19285052,0.021454824,0.30016065,0.047148816
375316653866487564,6725873121459593216,0.51273197,2303.8468588124642,2.4091593215897276,3.9058374E-5,19.588728,0.005984678,0.21121238,0.00413234,0.006355164,0.0032417604,0.61873776,0.45557538,0.6086249,0.017547183,0.053148367,0.01039505,0.22003697,0.043549214,0.049562,0.012787187,0.21121238,0.00413234,"TWOGAUSSIANS_WITH_ELLIPSOIDAL_ON_ECLIPSE1",9,2.308241,0.21121238,0.00413234,0.03558892,0.018153857,0.71786153,0.45987496,0.6161349,0.015793364,0.29763085,0.05821228,0.28561306,0.04461422
375316653866487564,6725873538058823424,0.4743043,2319.8989440417213,3.050714969994707,5.663992E-5,18.821848,0.022720268,0.2747827,0.068342045,0.03948768,0.061567765,0.2836196,0.05917504,0.79602766,0.01114059,0.061301127,0.010383988,0.23883508,0.030543657,null,null,null,null,"TWOGAUSSIANS",8,11.64573,0.2747827,0.068342045,0.221131,0.19280645,0.28361884,0.05802001,0.79602766,0.01114059,0.3432863,0.058150332,0.2388343,0.02949046
375316653866487564,6725874397052527232,0.5541589,2326.5811910824737,2.7723887910517937,2.1183612E-5,18.259241,0.011985193,0.25872582,0.008507055,0.012430729,0.015996287,0.09119556,0.04994962,0.74984914,0.0266498,0.04352431,0.025863709,0.087055735,0.034621913,0.1103405,0.017860852,0.25872582,0.008507055,"TWOGAUSSIANS_WITH_ELLIPSOIDAL_ON_ECLIPSE1",9,5.840443,0.25872582,0.008507055,0.069612086,0.0895792,0.31187612,0.039747562,0.7522891,0.022064079,0.24373613,0.14483677,0.30723885,0.020511035
375316653866487564,6725874740693923456,0.50387734,2365.9201899441164,0.9844649288329574,1.3409218E-5,17.045675,0.008632996,0.27312896,0.0036227813,0.04745842,0.0036522057,0.37547165,0.021176765,0.75260675,0.0077503687,0.06169726,0.02791677,0.13168803,0.064939044,null,null,null,null,"TWOGAUSSIANS",8,21.022593,0.27312896,0.0036227813,0.26576716,0.020452352,0.37546694,0.02116584,0.75260675,0.0077503687,0.34550467,0.12586452,0.13168333,0.064995356
375316653866487564,6725874908150940160,0.53810775,2336.158275349482,2.2541083783796,1.1151507E-5,17.204317,0.051387668,0.23925507,0.008024848,0.1113845,0.044515807,0.069086716,0.050326176,0.7303203,0.0047200606,0.116072394,0.027308859,0.14418164,0.047110494,null,null,null,null,"TWOGAUSSIANS",8,3.180482,0.7303203,0.0047200606,0.4,0.0,0.12798111,0.0051228604,0.23931508,0.0081304265,0.4,0.0,0.05290839,0.008335197
375316653866487564,6725874946852264960,0.51154184,2355.41072678289,1.5823127878461332,5.6742054E-5,17.305212,0.0019344814,0.43702415,0.025642656,0.048157353,0.032629143,0.015283598,0.02873967,0.67393863,0.007481475,0.042208865,0.0055599613,0.1319161,0.017899431,null,null,null,null,"TWOGAUSSIANS",8,3.647552,0.67393863,0.007481475,0.23636964,0.031135784,0.13191618,0.017888932,0.43702415,0.025657915,0.26968116,0.18218128,0.015283617,0.028739601
375316653866487564,6725875492266273920,0.57198864,2360.436078267248,3.294674817477979,1.2020153E-5,16.803068,0.12466429,0.17849697,0.004529192,0.049143933,0.024117887,0.3208477,0.2382874,0.6826001,0.006946001,0.05988702,0.0198014,0.35248402,0.24747276,0.117452234,0.13019517,0.17849697,0.004529192,"TWOGAUSSIANS_WITH_ELLIPSOIDAL_ON_ECLIPSE1",9,77.42669,0.6826001,0.006946001,0.33536732,0.07929355,0.58718836,0.04321287,0.17849697,0.004529192,0.27520603,0.13308749,0.5557081,0.047950536
375316653866487564,6725875560985769984,0.5797961,2358.7584735020787,2.668516167325555,1.4497084E-5,17.749763,0.010560167,0.2054792,0.0021041913,0.089177616,0.003642194,0.39171186,0.011192328,0.70854425,0.0030560056,0.087886505,0.0069119157,0.37774613,0.013307038,null,null,null,null,"TWOGAUSSIANS",8,5.297632,0.2054792,0.0021041913,0.4,0.0,0.37811852,0.008583816,0.70854425,0.0030560056,0.4,0.0,0.36415282,0.016395044
375316653866487564,6725875977601385728,0.54298496,2302.283585524108,3.2078326974825715,1.5933398E-5,17.968904,0.00958984,0.20661694,0.0068709236,0.091695726,0.0094716875,0.16696526,0.012174914,0.69518775,0.0035393913,0.08509518,0.006676419,0.3147437,0.031789254,null,null,null,null,"TWOGAUSSIANS",8,2.2795658,0.69518775,0.0035393913,0.4,0.0,0.30790454,0.0337628,0.20661694,0.0068709236,0.4,0.0,0.16012599,0.011168683
375316653866487564,6725877729947941248,0.51460886,2344.930714775141,2.4228314989764046,1.1335583E-5,17.425694,0.17722279,0.26390988,0.0060134325,0.13447672,0.051702235,0.292871,0.16891108,0.7714233,0.0034498335,0.11503749,0.029248016,0.35822266,0.15801536,null,null,null,null,"TWOGAUSSIANS",8,11.320682,0.77154326,0.0031717,0.4,0.0,0.27824816,0.015793819,0.26386988,0.0060059666,0.4,0.0,0.21236028,0.015292258
375316653866487564,6725877897450265472,0.46168134,2344.0379132946255,0.23591682835379701,1.0595475E-4,18.678778,0.22003822,0.28003934,0.006749936,0.117131986,0.047120996,0.20407264,0.19158797,0.7717444,0.01371042,0.12932535,0.07272307,0.16891465,0.21529087,null,null,null,null,"TWOGAUSSIANS",8,2.326406,0.28012934,0.00642817,0.4,0.0,0.16039857,0.015355162,0.7717444,0.01371042,0.4,0.0,0.12509023,0.010011214
375316653866487564,6725877901749998080,0.49197295,2434.879225975918,0.8504737485354882,8.9348236E-5,19.677221,0.0116239805,0.45978412,0.011759362,0.052241284,0.021227682,1.7831508,33.839127,0.29261252,0.02076267,0.023812653,0.015273075,0.08605082,0.053458653,null,null,null,null,"TWOGAUSSIANS",8,1.530642,0.45978412,0.011759362,0.2925512,0.11887503,1.7831508,33.839127,0.29884252,0.1571449,0.13335086,0.085529216,0.09865302,0.048071694
375316653866487564,6725878348426914560,0.45727813,2375.3740136204146,3.4098406997999,3.953609E-5,19.68772,0.0076987967,null,null,null,null,null,null,null,null,null,null,null,null,0.087008834,0.012838078,0.22347753,0.009776878,"ELLIPSOIDAL",4,3.1237106,null,null,null,null,null,null,null,null,null,null,null,null
375316653866487564,6725879035619123200,0.5258822,2339.165727959374,4.296480667317663,1.5713624E-5,19.869764,0.015166771,0.2776583,0.020445162,0.06729188,0.016702069,0.6230068,0.3584417,0.7658202,0.0026339171,0.064556904,0.0034496388,0.7020079,0.036474865,null,null,null,null,"TWOGAUSSIANS",8,2.0736847,0.7658202,0.0026339171,0.36151868,0.019317979,0.7013027,0.036413096,0.2776583,0.020445162,0.3768345,0.07209306,0.6223016,0.35924128
375316653866487564,6725879379216318336,0.55122375,2401.9507511662714,3.4809303142361636,9.985566E-6,19.095938,0.016574765,0.2205378,0.002405507,0.07071437,0.006110007,0.4560451,0.029330919,0.72216225,0.0057866336,0.067693815,0.007000081,0.6231113,0.032504626,null,null,null,null,"TWOGAUSSIANS",8,2.8810444,0.72216225,0.0057866336,0.37908533,0.03525836,0.6216203,0.032772806,0.2205378,0.002405507,0.39600047,0.030449983,0.4545541,0.029794063
375316653866487564,6725879482295701248,0.574657,2362.151323059335,2.2129350270746757,1.1198584E-5,16.615534,0.18393496,0.28920648,0.0034874748,0.106895044,0.019242411,0.54616857,0.17501552,0.77811575,0.0056755417,0.11290299,0.040748954,0.46901485,0.14340113,null,null,null,null,"TWOGAUSSIANS",8,37.212234,0.28922647,0.0033314656,0.4,0.0,0.47867703,0.02252072,0.77811575,0.0056755417,0.4,0.0,0.40148854,0.033667486
375316653866487564,6725879890335194240,0.55204934,2340.460348180298,2.141547269212708,8.8071165E-6,18.351545,0.0051140836,0.25076392,0.0029454299,0.05964328,0.0036724524,0.21949488,0.010551885,0.7507798,0.014839259,0.052736234,0.008638346,0.18255462,0.023204286,null,null,null,null,"TWOGAUSSIANS",8,1.4191644,0.25076392,0.0029454299,0.33400238,0.020565733,0.21947467,0.010550998,0.7507798,0.014839259,0.29532292,0.048374735,0.18253443,0.023166073
375316653866487564,6725880375653523072,0.4898825,2345.997649179644,0.1556505337613664,1.09546774E-4,18.605911,0.009312981,0.31166127,0.037397277,0.0470769,0.027090281,0.279297,0.120604776,0.6986548,0.006342018,0.051145192,0.008582756,0.117536895,0.009606385,null,null,null,null,"TWOGAUSSIANS",8,5.004051,0.31166127,0.037397277,0.26363063,0.15170558,0.279297,0.12059987,0.6986548,0.006342018,0.28641307,0.04806343,0.117536895,0.009606039
375316653866487564,6725880581812088960,0.557988,2429.8455529798343,3.8128356977260847,1.8463004E-5,19.545135,0.009910832,0.23771234,0.008810154,0.06775013,0.010821411,0.3890714,0.054630462,0.7328983,0.0066056,0.074048206,0.0062083746,0.49894896,0.017592082,null,null,null,null,"TWOGAUSSIANS",8,2.0836787,0.7328983,0.0066056,0.4,0.0,0.49738297,0.017390879,0.23771234,0.008810154,0.37940073,0.052429404,0.38750544,0.05550318
375316653866487564,6725880856690161280,0.47076318,2311.1714930349053,1.1785295442797676,7.00797E-5,19.476704,0.049083956,0.14524622,0.05384809,0.11824943,0.05429806,0.13268141,0.17209722,0.55141526,0.012563756,0.063501924,0.018619588,0.34030634,0.018921865,null,null,null,null,"TWOGAUSSIANS",8,2.7829547,0.55141526,0.012563756,0.3556108,0.08024024,0.3390229,0.017705856,0.14524622,0.05384809,0.4,0.012274028,0.13103373,0.17242473
375316653866487564,6725881097208439552,0.48451778,2375.5268272694716,3.9643967278319376,3.1727894E-5,17.868809,0.0039891666,0.5273857,0.0037441745,0.02765644,0.0034896825,0.55972475,0.3347054,0.8399305,0.011496475,0.029804094,0.010569311,0.24014547,0.12990594,null,null,null,null,"TWOGAUSSIANS",8,5.869791,0.5273857,0.0037441745,0.15487607,0.019542221,0.55972475,0.3347054,0.8399305,0.011496475,0.16690293,0.059188142,0.24014547,0.12990594
375316653866487564,6725881230365046784,0.49428293,2364.0027496224316,2.128868342617649,4.8871698E-5,19.302347,0.030181924,0.24826333,0.0074472316,0.05299364,0.008641418,0.51382875,0.08257947,0.75931877,0.022992622,0.089292705,0.04875352,0.14155927,0.019645227,null,null,null,null,"TWOGAUSSIANS",8,4.0170712,0.24826333,0.007449929,0.29676437,0.048391942,0.5131505,0.08229896,0.75931877,0.022992622,0.4,0.028785722,0.14088096,0.017111907
375316653866487564,6725881715683885824,0.55658567,2362.0582438973956,1.0800023621742976,1.4635692E-5,16.941511,0.0032793,0.25605768,0.012291504,0.033874728,0.006443219,0.20783624,0.033434097,0.7511968,0.0023565749,0.03588064,0.0022463591,0.14664605,0.009607491,null,null,null,null,"TWOGAUSSIANS",8,7.1065717,0.25605768,0.012291504,0.18969847,0.036082026,0.20783624,0.033434097,0.7511968,0.0023565749,0.20093158,0.0125796115,0.14664605,0.009607491
375316653866487564,6725882334158937984,0.45461378,2365.8855739144233,0.009394604107527202,2.2507438E-5,18.333105,0.017111702,0.22281343,0.023991732,0.090096295,0.027224075,0.18824291,0.02818429,0.7970449,0.009352333,0.054479435,0.012601461,0.36090657,0.10157929,null,null,null,null,"TWOGAUSSIANS",8,8.517767,0.7970449,0.009352597,0.30508485,0.07056819,0.3607359,0.10181948,0.22281343,0.023991732,0.4,0.0,0.18806957,0.028353801
375316653866487564,6725882643396307328,0.44977182,2429.2767088053574,0.7348768424253719,4.8987233E-5,19.293879,0.021076966,0.12106439,0.019882409,0.037912965,0.023108594,0.37035596,0.17940822,0.4738105,0.00697277,0.044444438,0.0054370696,0.50820315,0.054443464,null,null,null,null,"TWOGAUSSIANS",8,6.3441796,0.4738105,0.00697277,0.24888887,0.03044759,0.50820315,0.054443464,0.12106439,0.019882409,0.2123126,0.12940812,0.37035596,0.17940822
375316653866487564,6725882712115929344,0.51968205,2338.296853014182,1.9345373591490242,1.7081235E-5,18.80251,0.004179384,0.16533186,0.04231621,0.07251621,0.028973265,0.02507104,0.0064773667,0.7917312,0.0024378935,0.054216914,0.004005834,0.15033355,0.0056557967,null,null,null,null,"TWOGAUSSIANS",8,1.0753921,0.7917312,0.0024378935,0.3036147,0.022432672,0.15033308,0.005662195,0.16533186,0.04231621,0.4,0.05168945,0.025070522,0.0064943386
375316653866487564,6725883296270227456,0.60441685,2338.769055255223,1.6016544067485552,3.904744E-6,13.314797,0.020771056,0.20309508,0.002884558,0.1103462,0.014215936,0.235596,0.015351268,0.7038468,0.0019669337,0.10388373,0.006849988,0.271769,0.019620491,null,null,null,null,"TWOGAUSSIANS",8,65.10204,0.7038468,0.0019669337,0.4,0.0,0.2389638,0.0052251853,0.20309508,0.002884558,0.4,0.0,0.20277949,0.023181347
375316653866487564,6725883571109954944,0.52742404,2392.3328804799567,2.996834889881173,1.2533774E-5,19.438124,0.02764993,0.26239505,0.003375114,0.06754893,0.011321777,0.59240615,0.09735761,0.7764775,0.0035016853,0.07088112,0.006867054,0.54348123,0.025498467,null,null,null,null,"TWOGAUSSIANS",8,2.968103,0.26239505,0.003375114,0.378274,0.04974771,0.5912592,0.09909937,0.7764775,0.0035016853,0.39693427,0.03024607,0.54233426,0.02422153
375316653866487564,6725883876049904512,0.441819,2363.5587757077005,1.6259782305651984,2.5060996E-5,18.36956,0.009170508,0.25585806,0.0066717193,0.048103575,0.005716545,0.23925778,0.05726411,0.7055589,0.0042441227,0.035217844,0.0040998813,0.1640694,0.026227903,null,null,null,null,"TWOGAUSSIANS",8,4.9567575,0.25585806,0.0066717193,0.26938003,0.032012653,0.23925778,0.05726411,0.7055589,0.0042441227,0.19721992,0.022959335,0.1640694,0.026227903
375316653866487564,6725884567542531712,0.5658503,2401.0382417677165,3.594341193258854,9.35543E-6,19.566051,0.014443743,0.22528566,0.008545466,0.088279486,0.005962778,0.5233314,0.04955917,0.71203846,0.001750592,0.07125645,0.004588436,0.58152336,0.041685667,null,null,null,null,"TWOGAUSSIANS",8,1.1904039,0.71203846,0.001750592,0.3990361,0.010370821,0.57536066,0.04352859,0.22528566,0.008545466,0.4,0.0,0.5171685,0.050573036
375316653866487564,6725884842420251904,0.61186045,2354.036403414321,2.6585986435923643,5.6088556E-6,18.034306,0.009006582,0.11648015,0.002254753,0.04232595,0.0057591326,0.24266797,0.04721923,0.61993253,0.004141297,0.04524278,0.0040522683,0.2890299,0.021957424,0.12042613,0.011740988,0.11648015,0.002254753,"TWOGAUSSIANS_WITH_ELLIPSOIDAL_ON_ECLIPSE1",9,3.5885406,0.61993253,0.004141297,0.25335956,0.022692705,0.52976865,0.015505024,0.11648015,0.002254753,0.23702534,0.032251142,0.48352006,0.05141035
375316653866487564,6725885014219143552,0.43483967,2341.7157744885385,0.13686060448700751,3.875744E-5,18.41547,0.01721923,0.24576178,0.0063079814,0.03790608,0.0071805953,0.6013893,0.051880885,0.7808087,0.010269404,0.09765132,0.013636096,0.2724409,0.043426912,null,null,null,null,"TWOGAUSSIANS",8,30.847458,0.24576178,0.0063079814,0.21227404,0.04021133,0.60114294,0.05186296,0.7808087,0.010269404,0.4,0.0,0.27219117,0.04350477
375316653866487564,6725885495293627904,0.5339464,2373.8516441326487,1.7591634527850124,6.888608E-6,17.508005,0.0017583189,0.2596601,0.002483713,0.04875489,0.031594712,0.0069904467,0.012052321,null,null,null,null,null,null,0.047572676,0.00264401,0.2596601,0.002483713,"ONEGAUSSIAN_WITH_ELLIPSOIDAL",6,1.939301,0.2596601,0.002483713,0.2730274,0.17693038,0.1021357,0.011808523,null,null,null,null,null,null
375316653866487564,6725885525332379392,0.53306854,2369.6266649399076,0.9758111785481193,2.1171083E-5,18.832893,0.012196499,0.51434416,0.005076734,0.028825652,0.0026832414,0.76386684,0.10790456,0.31034833,0.096682996,0.10209071,0.12371551,0.016114213,0.115369454,null,null,null,null,"TWOGAUSSIANS",8,8.9143505,0.51429415,0.005069157,0.16142365,0.015026152,0.7660564,0.10768152,0.31034833,0.096682996,0.4,0.46149734,0.016114013,0.11536964
