Gaia/vari_eclipsing_binary/VariEclipsingBinary_474212-474294.csv
# %ECSV 1.0
# ---
# delimiter: ','
# meta: !!omap
# - RELEASE: Gaia DR3
# - TABLE: vari_eclipsing_binary
# - DESCRIPTION: >
#     This table describes the properties of the eclipsing binaries resulting from the variability analysis. 
# - CITATION: >
#     How to cite and acknowledge Gaia: 
#     https://gea.esac.esa.int/archive/documentation/credits.html 
# - KNOWN_ISSUES: >
#     Known issues: 
#     https://www.cosmos.esa.int/web/gaia-users/known-issues 
# - DOCUMENTATION: >
#     Tutorials and documentation: 
#     https://www.cosmos.esa.int/web/gaia-users/archive 
# datatype:
# - 
#   name: solution_id
#   datatype: int64
#   description: Solution Identifier
#   meta:
#     ucd: meta.version
# - 
#   name: source_id
#   datatype: int64
#   description: Unique source identifier
#   meta:
#     ucd: meta.id;meta.main
# - 
#   name: global_ranking
#   datatype: float32
#   description: Number between 0 (worst) and 1 (best)
#   meta:
#     ucd: stat.param
# - 
#   name: reference_time
#   datatype: float64
#   unit: d
#   description: Reference time used for the geometric model fit
#   meta:
#     ucd: time.epoch
# - 
#   name: frequency
#   datatype: float64
#   unit: d**-1
#   description: Frequency of geometric model of the eclipsing binary light curve
#   meta:
#     ucd: src.orbital
# - 
#   name: frequency_error
#   datatype: float32
#   unit: d**-1
#   description: "Uncertainty of \\texttt{frequency}"
#   meta:
#     ucd: stat.error
# - 
#   name: geom_model_reference_level
#   datatype: float32
#   unit: mag
#   description: Magnitude reference level of geometric model
#   meta:
#     ucd: phot.mag;em.opt
# - 
#   name: geom_model_reference_level_error
#   datatype: float32
#   unit: mag
#   description: "Uncertainty of \\texttt{geomModelReferenceLevel}"
#   meta:
#     ucd: stat.error;phot.mag;em.opt
# - 
#   name: geom_model_gaussian1_phase
#   datatype: float32
#   description: Phase of the Gaussian 1 component
#   meta:
#     ucd: time.phase
# - 
#   name: geom_model_gaussian1_phase_error
#   datatype: float32
#   description: "Uncertainty of \\texttt{geomModelGaussian1Phase}"
#   meta:
#     ucd: stat.error;time.phase
# - 
#   name: geom_model_gaussian1_sigma
#   datatype: float32
#   description: "Standard deviation [phase] of Gaussian 1 component"
#   meta:
#     ucd: stat.stdev
# - 
#   name: geom_model_gaussian1_sigma_error
#   datatype: float32
#   description: "Uncertainty of \\texttt{geomModelGaussian1Sigma}"
#   meta:
#     ucd: stat.error
# - 
#   name: geom_model_gaussian1_depth
#   datatype: float32
#   unit: mag
#   description: Magnitude depth of Gaussian 1 component
#   meta:
#     ucd: src.var.amplitude
# - 
#   name: geom_model_gaussian1_depth_error
#   datatype: float32
#   unit: mag
#   description: "Uncertainty of \\texttt{geomModelGaussian1Depth}"
#   meta:
#     ucd: stat.error;src.var.amplitude
# - 
#   name: geom_model_gaussian2_phase
#   datatype: float32
#   description: Phase of Gaussian 2 component
#   meta:
#     ucd: time.phase
# - 
#   name: geom_model_gaussian2_phase_error
#   datatype: float32
#   description: "Uncertainty of \\texttt{geomModelGaussian2Phase}"
#   meta:
#     ucd: stat.error;time.phase
# - 
#   name: geom_model_gaussian2_sigma
#   datatype: float32
[...]
#   datatype: float32
#   description: "Secondary eclipse: uncertainty of \\texttt{derivedSecondaryEclDuration}"
#   meta:
#     ucd: stat.error;time.duration
# - 
#   name: derived_secondary_ecl_depth
#   datatype: float32
#   unit: mag
#   description: "Secondary eclipse: depth"
#   meta:
#     ucd: src.var.amplitude
# - 
#   name: derived_secondary_ecl_depth_error
#   datatype: float32
#   unit: mag
#   description: "Secondary eclipse: uncertainty of \\texttt{derivedSecondaryEclDepth}"
#   meta:
#     ucd: stat.error;src.var.amplitude
solution_id,source_id,global_ranking,reference_time,frequency,frequency_error,geom_model_reference_level,geom_model_reference_level_error,geom_model_gaussian1_phase,geom_model_gaussian1_phase_error,geom_model_gaussian1_sigma,geom_model_gaussian1_sigma_error,geom_model_gaussian1_depth,geom_model_gaussian1_depth_error,geom_model_gaussian2_phase,geom_model_gaussian2_phase_error,geom_model_gaussian2_sigma,geom_model_gaussian2_sigma_error,geom_model_gaussian2_depth,geom_model_gaussian2_depth_error,geom_model_cosine_half_period_amplitude,geom_model_cosine_half_period_amplitude_error,geom_model_cosine_half_period_phase,geom_model_cosine_half_period_phase_error,model_type,num_model_parameters,reduced_chi2,derived_primary_ecl_phase,derived_primary_ecl_phase_error,derived_primary_ecl_duration,derived_primary_ecl_duration_error,derived_primary_ecl_depth,derived_primary_ecl_depth_error,derived_secondary_ecl_phase,derived_secondary_ecl_phase_error,derived_secondary_ecl_duration,derived_secondary_ecl_duration_error,derived_secondary_ecl_depth,derived_secondary_ecl_depth_error
[from data line 376]
375316653866487564,4171831481288452352,0.49553153,2336.2239466452934,2.7038314740801845,2.8287139E-5,19.179958,0.060914014,0.23625587,0.00925599,0.107004,0.025794925,0.28202352,0.05546561,0.74450666,0.0056655654,0.10388733,0.023713918,0.28224203,0.049780216,null,null,null,null,"TWOGAUSSIANS",8,3.2373886,0.7445167,0.0056719505,0.4,0.0,0.25133574,0.02643932,0.23625587,0.009269052,0.4,0.0,0.25111204,0.021020314
375316653866487564,4171832821302368896,0.51706713,2318.0435703957037,2.382820658071958,1.3243689E-5,18.881327,0.007642212,0.27271,0.0013823082,0.065950625,0.0030944406,0.28928167,0.00928777,0.77082586,0.005638644,0.078668766,0.0070824036,0.16101919,0.01169739,null,null,null,null,"TWOGAUSSIANS",8,2.2288694,0.27271,0.0013823082,0.3693235,0.017328868,0.28827184,0.00923801,0.77082586,0.005638644,0.4,0.0,0.16000935,0.011610694
375316653866487564,4171833126246704128,0.4872365,2286.977176718343,3.558834835906773,3.0528543E-5,18.109077,0.8353304,0.31235725,0.017950235,0.2004503,0.1476636,0.4272211,0.8176811,0.7926618,0.020604096,0.15242915,0.06386422,0.36458555,0.53899086,null,null,null,null,"TWOGAUSSIANS",8,3.5217712,0.31544724,0.011595071,0.4,0.0,0.16330732,0.010215582,0.7926618,0.020604096,0.4,0.0,0.13602085,0.019257994
375316653866487564,4171834053962338304,0.5103343,2283.5631220198748,3.1729386691428956,1.8972665E-5,19.498907,0.015609178,0.28369558,0.005539228,0.08007992,0.0068581654,0.305251,0.025022974,0.7885116,0.0066789044,0.086442664,0.008569529,0.31506857,0.022696758,null,null,null,null,"TWOGAUSSIANS",8,1.9702066,0.7885116,0.0066789044,0.4,0.0,0.3088035,0.021497898,0.28369558,0.005539228,0.4,0.0,0.29898596,0.024171669
375316653866487564,4171835462711620480,0.50557745,2303.110580673215,1.9681366300305183,2.0136627E-5,18.893284,0.07865215,0.22244602,0.0057693166,0.12577455,0.020148374,0.29381162,0.07294827,0.7047679,0.0059946254,0.14004171,0.029109918,0.2538371,0.07542647,null,null,null,null,"TWOGAUSSIANS",8,1.48009,0.22296602,0.0054095807,0.4,0.0,0.21344441,0.011502155,0.7047679,0.0059946254,0.4,0.0,0.17276946,0.010667663
375316653866487564,4171836115547023616,0.49670678,2353.137899662997,2.6165476706913267,3.6678888E-5,18.759497,0.041721106,0.2365875,0.009688836,0.09743129,0.01903907,0.23289078,0.040609,0.7034675,0.008665911,0.119237356,0.02272506,0.2399033,0.03942881,null,null,null,null,"TWOGAUSSIANS",8,4.153225,0.7034675,0.008665911,0.4,0.0,0.21709645,0.014942856,0.23671749,0.009604188,0.4,0.0,0.21020505,0.017057868
375316653866487564,4171836119849798784,0.45357773,2325.7570019537893,0.9477591451299251,5.2490002E-5,19.073433,0.0086234845,0.18783423,0.0045593698,0.00846977,0.0049692974,0.12331099,0.040823806,0.6872563,0.022865808,0.10394673,0.012978398,0.41228607,0.02501722,null,null,null,null,"TWOGAUSSIANS",8,1.9591935,0.6872563,0.022865808,0.4,0.0,0.4122612,0.024999123,0.18783423,0.0045593698,0.047430713,0.027828066,0.1232939,0.040837828
375316653866487564,4171836875751564288,0.5044605,2315.004069181278,2.9307576362329075,2.2398408E-5,19.286942,0.039288707,0.2913987,0.0026977474,0.08469864,0.008643897,0.42958158,0.036584314,0.8209403,0.009799826,0.09752419,0.019999834,0.37632975,0.047692556,null,null,null,null,"TWOGAUSSIANS",8,5.5259333,0.2913987,0.0026972967,0.4,0.0,0.4178923,0.023653943,0.8209403,0.009799826,0.4,0.0,0.3646371,0.046664484
375316653866487564,4171837936612876160,0.4188771,2340.105130284626,2.071667071517098,6.7863984E-5,19.487997,0.059942503,0.25611496,0.009421119,0.09923255,0.027238263,0.19056249,0.058386642,0.7428522,0.010405372,0.059346464,0.019803373,0.23992342,0.11920421,null,null,null,null,"TWOGAUSSIANS",8,5.538253,0.7428522,0.010405372,0.33234018,0.10792572,0.23780186,0.115938924,0.25611496,0.009421119,0.4,0.0,0.1884395,0.04688892
375316653866487564,4171838834270828800,0.5995488,2331.254137896111,2.8111732554125144,9.191852E-6,16.513294,0.0022482963,0.14532195,2.2755623E-5,0.006161272,9.918525E-5,0.76499474,0.009059287,0.66049117,0.005468057,0.012986967,0.0016447464,0.88057977,0.46561164,null,null,null,null,"TWOGAUSSIANS",8,12.444516,0.66049117,0.005468057,0.07272702,0.00921058,0.88057977,0.46561164,0.14532195,2.2755623E-5,0.034503125,5.554374E-4,0.76499474,0.009059287
375316653866487564,4171839315307597696,0.64889234,2361.8728072437934,2.388750481031095,6.668822E-6,15.811457,0.0035034698,0.23563166,0.0010629864,0.044373207,0.0022575217,0.27038068,0.010964258,0.73518467,0.003001112,0.040586814,0.0031850296,0.24755885,0.011848368,0.1279944,0.0064008967,0.23563166,0.0010629864,"TWOGAUSSIANS_WITH_ELLIPSOIDAL_ON_ECLIPSE1",9,32.629272,0.23563166,0.0010629864,0.24848995,0.012642122,0.5263692,0.009558072,0.7352347,0.0028801642,0.22728615,0.017836167,0.50354564,0.011072833
375316653866487564,4171839688959953152,0.4645096,2338.3591150114107,3.9617465994750094,2.4872372E-5,19.231682,0.13667166,0.29291314,0.00653498,0.10378585,0.036848012,0.1921923,0.12804447,0.8002638,0.011418839,0.12492356,0.05673432,0.22895564,0.13185884,null,null,null,null,"TWOGAUSSIANS",8,2.2637799,0.8002638,0.011413991,0.4,0.0,0.19299614,0.017890602,0.29285315,0.0064984784,0.4,0.0,0.15638521,0.015017619
375316653866487564,4171841273800381952,0.48430952,2334.5836702188813,1.563303369472533,4.3614786E-5,19.172743,0.0055250903,0.21344602,0.0057927463,0.050581302,0.005814724,0.21265647,0.01740904,0.7018702,0.0056975754,0.044669695,0.0064398535,0.22029379,0.03455955,null,null,null,null,"TWOGAUSSIANS",8,2.9318426,0.7018702,0.0056975754,0.2501503,0.03606318,0.22029355,0.03455986,0.21344602,0.0057927463,0.28325528,0.032562457,0.21265623,0.017409138
375316653866487564,4171841411250693120,0.5135719,2295.6141881072886,2.8719710470283832,2.6462954E-5,18.735735,0.020851776,0.20896353,0.008169093,0.09108095,0.018387703,0.16979577,0.020800905,0.70632285,0.0036246832,0.094240084,0.008614326,0.24698494,0.021993574,null,null,null,null,"TWOGAUSSIANS",8,3.0915036,0.70632285,0.0036246832,0.4,0.0,0.23662761,0.016106902,0.20896353,0.008169093,0.4,0.0,0.15943873,0.019973155
375316653866487564,4171841926647732480,0.7015279,2350.5568954391993,1.1063323081421337,3.6867777E-6,14.79031,0.0027711561,0.22567393,7.660863E-4,0.045310747,8.9396816E-4,0.54168856,0.010381503,0.72865087,0.00196204,0.03714939,0.005451691,0.06544571,0.016236503,0.052201685,0.0035104135,0.72865087,0.00196204,"TWOGAUSSIANS_WITH_ELLIPSOIDAL_ON_ECLIPSE2",9,20.700056,0.22576393,7.2668697E-4,0.25374016,0.0050062216,0.6460563,0.010099194,0.72865087,0.00196204,0.20803659,0.030529467,0.16984887,0.016914934
375316653866487564,4171843090568602240,0.5454898,2341.4813247545076,3.666650412190233,1.7396726E-5,17.12399,0.005607082,0.20519884,0.0045496845,0.07885409,0.00533891,0.29967794,0.012502129,0.69559675,0.0031354844,0.081315495,0.003970896,0.2683159,0.013108545,null,null,null,null,"TWOGAUSSIANS",8,15.04548,0.20519884,0.0045496845,0.4,0.0,0.29608837,0.012812626,0.69559675,0.0031354844,0.4,0.0,0.26472634,0.013442006
375316653866487564,4171844366189080192,0.4446626,2351.2649875282673,2.7033554434275886,4.0608436E-5,17.737806,0.3943727,0.26986519,0.007450388,0.14918308,0.02289431,0.4435151,0.25703794,0.7662273,0.0060930005,0.23809503,0.10891855,0.52927214,0.3871258,null,null,null,null,"TWOGAUSSIANS",8,8.568083,0.27184516,0.0069956062,0.4,0.0,0.14761443,0.01054092,0.7662273,0.0060930005,0.4,0.0,0.119987585,0.011125634
375316653866487564,4171844464958454528,0.6100092,2346.9479568311976,4.026406815700657,6.8702902E-6,17.843891,0.019319803,0.17855665,0.0026087994,0.05547805,0.0028763546,0.49152783,0.040286742,0.67684454,0.002202257,0.06285531,0.0051728147,0.39762187,0.036658626,0.07482047,0.023591898,0.17855665,0.0026087994,"TWOGAUSSIANS_WITH_ELLIPSOIDAL_ON_ECLIPSE1",9,6.184491,0.17855665,0.0026087994,0.31067708,0.016107585,0.64102036,0.022951694,0.67702454,0.0019286829,0.35198972,0.028967762,0.5470989,0.019227318
375316653866487564,4171845843646006144,0.49890062,2299.4881255914243,3.2979306227015535,1.6182665E-5,19.627024,0.03969929,0.25015822,0.00516485,0.09215346,0.012634357,0.35671958,0.038796157,0.7448014,0.0060912734,0.08378091,0.017092803,0.4328319,0.047160566,null,null,null,null,"TWOGAUSSIANS",8,4.0528936,0.7448014,0.0060912734,0.4,0.0,0.42022398,0.057297494,0.25015822,0.00516485,0.4,0.0,0.34411138,0.028047204
375316653866487564,4171845976786475008,0.6143704,2367.9083098635388,0.3748335515431531,8.686012E-6,14.47348,8.2199567E-4,0.230804,0.0057173995,0.0150615685,0.0032463209,0.20407075,0.05703756,0.73831284,0.0070034093,0.013316426,0.003989625,0.17544766,0.02719547,0.0031201756,0.0012990045,0.230804,0.0057173995,"TWOGAUSSIANS_WITH_ELLIPSOIDAL_ON_ECLIPSE1",9,17.42635,0.230804,0.0057173995,0.08434478,0.018179396,0.2103111,0.05690558,0.73831284,0.0070034093,0.07457199,0.022341898,0.18167412,0.027190663
375316653866487564,4171846737009617664,0.5108644,2319.364355244163,2.6927931106675804,6.811757E-5,18.893805,0.019418193,0.24593547,0.004329411,0.08193621,0.00729491,0.39773303,0.021521397,0.7652841,0.0058075255,0.0946556,0.009885433,0.281629,0.018710876,null,null,null,null,"TWOGAUSSIANS",8,2.2822664,0.24593547,0.004329411,0.4,0.0,0.38903767,0.019585863,0.7652841,0.0058075255,0.4,0.0,0.27293286,0.015628096
375316653866487564,4171850757102008832,0.44985852,2289.006636395741,4.090856657877584,1.5066122E-4,18.370691,0.005820502,0.15049641,0.0333694,0.043426007,0.030629102,0.0573425,0.0819176,0.66340905,0.03766641,0.019781811,0.020431686,0.44708425,0.33342388,null,null,null,null,"TWOGAUSSIANS",8,2.182368,0.66340905,0.03766641,0.11077814,0.11441744,0.44708425,0.33342388,0.15049641,0.0333694,0.24318564,0.17152297,0.0573425,0.0819176
375316653866487564,4171851787891493888,0.48673183,2308.183470384791,3.352464020555018,4.5758166E-5,18.727837,0.07694868,0.30009317,0.004425501,0.08399018,0.0224409,0.38064507,0.06032919,0.7746977,0.0107168965,0.08727593,0.035483625,0.36786735,0.06274065,null,null,null,null,"TWOGAUSSIANS",8,16.252539,0.30009317,0.0044367993,0.4,0.0,0.3738789,0.03197918,0.7746977,0.0107168965,0.4,0.0,0.3611011,0.06227638
375316653866487564,4171852200208395520,0.5525072,2314.36514470364,1.7417190281260921,1.5390104E-5,18.381063,0.00612972,0.21470733,0.013216508,0.056206126,0.017674565,0.15788361,0.02692847,0.7226455,0.0019872957,0.044525053,0.0024346665,0.46020392,0.04638114,null,null,null,null,"TWOGAUSSIANS",8,2.7996638,0.7226455,0.0019872957,0.2493403,0.013634132,0.46020243,0.046381272,0.21470733,0.013216508,0.3147543,0.098977566,0.15788212,0.02694005
375316653866487564,4171852578165525120,0.45419186,2314.9701141304445,2.979878331101691,6.077596E-5,18.64805,0.0069091925,null,null,null,null,null,null,null,null,null,null,null,null,0.094344646,0.014842955,0.2888734,0.016580025,"ELLIPSOIDAL",4,10.933135,null,null,null,null,null,null,null,null,null,null,null,null
375316653866487564,4171853471518536448,0.56201863,2317.564953628574,2.7829421157982726,6.9296107E-6,18.69607,0.012371497,0.32355335,0.0029264393,0.09045117,0.00635159,0.36801338,0.023415588,0.8253907,0.002118741,0.096803784,0.005369495,0.3235137,0.010792523,null,null,null,null,"TWOGAUSSIANS",8,1.3204232,0.32355335,0.0029264393,0.4,0.0,0.34905654,0.027145125,0.8253907,0.002118741,0.4,0.0,0.30455598,0.008534437
375316653866487564,4171856460815734528,0.63904864,2302.1276702299897,1.8795048260626461,3.8617754E-6,16.142633,0.005678807,0.23985827,0.0015740313,0.07971975,0.0025587834,0.44460085,0.01659888,0.74327207,0.0010276436,0.082220435,0.002051379,0.34922066,0.005391571,null,null,null,null,"TWOGAUSSIANS",8,9.244891,0.23985827,0.0015740313,0.4,0.0,0.43833745,0.017412247,0.74327207,0.0010276436,0.4,0.0,0.34295723,0.004470103
375316653866487564,4171857354157101696,0.46949774,2263.5058945154024,2.484253116036231,3.0914594E-5,19.534302,0.24865851,0.20888801,0.0066671553,0.10115194,0.032815136,0.44770232,0.20931354,0.72830975,0.012972443,0.12632982,0.10556066,0.22664778,0.23449683,null,null,null,null,"TWOGAUSSIANS",8,3.2909908,0.20880802,0.0060920645,0.4,0.0,0.4039661,0.036683932,0.7283298,0.012939958,0.4,0.0,0.18270628,0.031087019
375316653866487564,4171859411444833152,0.5003526,2313.785279805826,1.8337083880157794,1.9027999E-5,19.066631,0.037343588,0.26669812,0.004614089,0.106736824,0.0127135,0.32419807,0.03692961,0.7789669,0.0058315247,0.11051355,0.019984469,0.2469518,0.03221973,null,null,null,null,"TWOGAUSSIANS",8,3.1013477,0.2666881,0.0045982995,0.4,0.0,0.2892872,0.015293943,0.7789769,0.0058394647,0.4,0.0,0.21203375,0.02108094
375316653866487564,4171860304807507712,0.43549263,2303.3705655603085,0.9786044059873374,4.9339782E-5,18.567076,0.005861279,0.64875066,0.012403104,0.044488437,0.0095263915,0.110374615,0.024381975,null,null,null,null,null,null,0.026581908,0.008740402,0.64875066,0.012403104,"ONEGAUSSIAN_WITH_ELLIPSOIDAL",6,7.902509,0.64875066,0.012403104,0.24913526,0.053347792,0.16353837,0.023570763,null,null,null,null,null,null
375316653866487564,4171863126593717248,0.47995633,2290.7831745136605,0.6741280567469896,5.2509877E-6,19.478073,0.009779234,0.3748868,7.011717E-4,0.01106085,0.0022358133,0.3963361,0.26746246,0.79028684,0.002867268,0.02488393,0.0022212728,0.72489494,0.11582981,null,null,null,null,"TWOGAUSSIANS",8,5.7407355,0.79028684,0.002867268,0.13935,0.012439127,0.72489494,0.11582981,0.3748868,7.011717E-4,0.06194076,0.0125205545,0.3963361,0.26746246
375316653866487564,4171863332763558528,0.5537659,2291.7627368808685,3.3936464864784326,1.1587386E-5,17.817822,0.01657653,0.23320237,0.0068643973,0.07582148,0.005858801,0.345598,0.019026997,0.7220087,0.0054630334,0.08386097,0.0071237213,0.51839286,0.035168555,null,null,null,null,"TWOGAUSSIANS",8,15.728407,0.7220087,0.0054630334,0.4,0.0,0.5133159,0.035485227,0.23320237,0.0068643973,0.4,0.0,0.34052113,0.016579742
375316653866487564,4171865080801584384,0.54260504,2355.997172893168,3.817511059694744,1.2952191E-5,17.397833,0.0137240095,0.15274853,0.0027830221,0.10290894,0.00788446,0.21925202,0.01175031,0.6453238,0.003640944,0.0987188,0.009328498,0.21038985,0.012137154,null,null,null,null,"TWOGAUSSIANS",8,4.6182914,0.15274853,0.0027830221,0.4,0.0,0.20114775,0.005495713,0.6453238,0.003640944,0.4,0.0,0.19228786,0.012095253
375316653866487564,4171865669214659200,0.62206906,2334.5562169742407,2.299183503984234,5.6474873E-6,16.52182,0.015025574,0.18584181,0.0014449613,0.058981575,0.0050927848,0.26315734,0.028726773,0.69299567,0.0030079377,0.06418561,0.0045122243,0.3847,0.029529737,0.072903335,0.015912395,0.18584181,0.0014449613,"TWOGAUSSIANS_WITH_ELLIPSOIDAL_ON_ECLIPSE1",9,12.554822,0.69299567,0.0030079377,0.35943943,0.025268456,0.5300547,0.008141078,0.18584181,0.0014449613,0.3302968,0.028519595,0.4088064,0.0072751422
375316653866487564,4171866867508589696,0.61513674,2326.612474589662,3.938741381993767,6.2656713E-6,17.448246,0.012038368,0.24482007,0.005054426,0.038458414,0.009544309,0.49743807,0.28434584,0.7347556,0.002039296,0.057674915,0.0031759718,0.33402056,0.024099216,0.10451753,0.012683363,0.24482007,0.005054426,"TWOGAUSSIANS_WITH_ELLIPSOIDAL_ON_ECLIPSE1",9,10.57143,0.24482007,0.005054426,0.21536712,0.05344813,0.7064602,0.2811644,0.73617554,0.0013140157,0.3229795,0.017785443,0.5423254,0.010018479
375316653866487564,4171867936968745984,0.60523903,2334.2778225484935,1.036805415660866,7.3319598E-6,14.598661,0.0056180228,0.2685446,0.0015915083,0.07139632,0.009698047,0.047105968,0.011758621,0.76134616,0.02631745,0.057120856,0.031249596,0.029353343,0.013071987,0.04764187,0.0064692274,0.2685446,0.0015915083,"TWOGAUSSIANS_WITH_ELLIPSOIDAL_ON_ECLIPSE1",9,12.665164,0.2685446,0.0015915083,0.39981937,0.042408526,0.1422876,0.003549529,0.76462615,0.01958314,0.3198768,0.17499773,0.12442887,0.0074599274
