Gaia/vari_eclipsing_binary/VariEclipsingBinary_210735-210922.csv
# %ECSV 1.0
# ---
# delimiter: ','
# meta: !!omap
# - RELEASE: Gaia DR3
# - TABLE: vari_eclipsing_binary
# - DESCRIPTION: >
#     This table describes the properties of the eclipsing binaries resulting from the variability analysis. 
# - CITATION: >
#     How to cite and acknowledge Gaia: 
#     https://gea.esac.esa.int/archive/documentation/credits.html 
# - KNOWN_ISSUES: >
#     Known issues: 
#     https://www.cosmos.esa.int/web/gaia-users/known-issues 
# - DOCUMENTATION: >
#     Tutorials and documentation: 
#     https://www.cosmos.esa.int/web/gaia-users/archive 
# datatype:
# - 
#   name: solution_id
#   datatype: int64
#   description: Solution Identifier
#   meta:
#     ucd: meta.version
# - 
#   name: source_id
#   datatype: int64
#   description: Unique source identifier
#   meta:
#     ucd: meta.id;meta.main
# - 
#   name: global_ranking
#   datatype: float32
#   description: Number between 0 (worst) and 1 (best)
#   meta:
#     ucd: stat.param
# - 
#   name: reference_time
#   datatype: float64
#   unit: d
#   description: Reference time used for the geometric model fit
#   meta:
#     ucd: time.epoch
# - 
#   name: frequency
#   datatype: float64
#   unit: d**-1
#   description: Frequency of geometric model of the eclipsing binary light curve
#   meta:
#     ucd: src.orbital
# - 
#   name: frequency_error
#   datatype: float32
#   unit: d**-1
#   description: "Uncertainty of \\texttt{frequency}"
#   meta:
#     ucd: stat.error
# - 
#   name: geom_model_reference_level
#   datatype: float32
#   unit: mag
#   description: Magnitude reference level of geometric model
#   meta:
#     ucd: phot.mag;em.opt
# - 
#   name: geom_model_reference_level_error
#   datatype: float32
#   unit: mag
#   description: "Uncertainty of \\texttt{geomModelReferenceLevel}"
#   meta:
#     ucd: stat.error;phot.mag;em.opt
# - 
#   name: geom_model_gaussian1_phase
#   datatype: float32
#   description: Phase of the Gaussian 1 component
#   meta:
#     ucd: time.phase
# - 
#   name: geom_model_gaussian1_phase_error
#   datatype: float32
#   description: "Uncertainty of \\texttt{geomModelGaussian1Phase}"
#   meta:
#     ucd: stat.error;time.phase
# - 
#   name: geom_model_gaussian1_sigma
#   datatype: float32
#   description: "Standard deviation [phase] of Gaussian 1 component"
#   meta:
#     ucd: stat.stdev
# - 
#   name: geom_model_gaussian1_sigma_error
#   datatype: float32
#   description: "Uncertainty of \\texttt{geomModelGaussian1Sigma}"
#   meta:
#     ucd: stat.error
# - 
#   name: geom_model_gaussian1_depth
#   datatype: float32
#   unit: mag
#   description: Magnitude depth of Gaussian 1 component
#   meta:
#     ucd: src.var.amplitude
# - 
#   name: geom_model_gaussian1_depth_error
#   datatype: float32
#   unit: mag
#   description: "Uncertainty of \\texttt{geomModelGaussian1Depth}"
#   meta:
#     ucd: stat.error;src.var.amplitude
# - 
#   name: geom_model_gaussian2_phase
#   datatype: float32
#   description: Phase of Gaussian 2 component
#   meta:
#     ucd: time.phase
# - 
#   name: geom_model_gaussian2_phase_error
#   datatype: float32
#   description: "Uncertainty of \\texttt{geomModelGaussian2Phase}"
#   meta:
#     ucd: stat.error;time.phase
# - 
#   name: geom_model_gaussian2_sigma
#   datatype: float32
[...]
#   datatype: float32
#   description: "Secondary eclipse: uncertainty of \\texttt{derivedSecondaryEclDuration}"
#   meta:
#     ucd: stat.error;time.duration
# - 
#   name: derived_secondary_ecl_depth
#   datatype: float32
#   unit: mag
#   description: "Secondary eclipse: depth"
#   meta:
#     ucd: src.var.amplitude
# - 
#   name: derived_secondary_ecl_depth_error
#   datatype: float32
#   unit: mag
#   description: "Secondary eclipse: uncertainty of \\texttt{derivedSecondaryEclDepth}"
#   meta:
#     ucd: stat.error;src.var.amplitude
solution_id,source_id,global_ranking,reference_time,frequency,frequency_error,geom_model_reference_level,geom_model_reference_level_error,geom_model_gaussian1_phase,geom_model_gaussian1_phase_error,geom_model_gaussian1_sigma,geom_model_gaussian1_sigma_error,geom_model_gaussian1_depth,geom_model_gaussian1_depth_error,geom_model_gaussian2_phase,geom_model_gaussian2_phase_error,geom_model_gaussian2_sigma,geom_model_gaussian2_sigma_error,geom_model_gaussian2_depth,geom_model_gaussian2_depth_error,geom_model_cosine_half_period_amplitude,geom_model_cosine_half_period_amplitude_error,geom_model_cosine_half_period_phase,geom_model_cosine_half_period_phase_error,model_type,num_model_parameters,reduced_chi2,derived_primary_ecl_phase,derived_primary_ecl_phase_error,derived_primary_ecl_duration,derived_primary_ecl_duration_error,derived_primary_ecl_depth,derived_primary_ecl_depth_error,derived_secondary_ecl_phase,derived_secondary_ecl_phase_error,derived_secondary_ecl_duration,derived_secondary_ecl_duration_error,derived_secondary_ecl_depth,derived_secondary_ecl_depth_error
[from data line 597]
375316653866487564,1855131138340044672,0.57568014,2213.332112225202,3.124914241725637,1.09936045E-5,17.635448,0.025252478,0.2287165,0.0018928546,0.058116794,0.010928724,0.157423,0.05606494,0.7203064,0.003893623,0.05629891,0.013904028,0.23399276,0.051543977,0.109865025,0.027309675,0.2287165,0.0018928546,"TWOGAUSSIANS_WITH_ELLIPSOIDAL_ON_ECLIPSE1",9,10.085089,0.72190636,0.002721871,0.3152739,0.07786255,0.45320415,0.057804067,0.2287165,0.0018928546,0.32545403,0.061200853,0.37713096,0.024129754
375316653866487564,1855131786873079296,0.53287256,2209.5684227209645,2.815554411128968,5.0839467E-6,19.201088,0.008476069,0.26379555,0.0014340365,0.035281956,0.0026459112,0.6578676,0.043577965,0.75980365,0.0053229625,0.031582784,0.005758936,0.34214273,0.045660365,0.03873812,0.013462277,0.26379555,0.0014340365,"TWOGAUSSIANS_WITH_ELLIPSOIDAL_ON_ECLIPSE1",9,4.0006227,0.26379555,0.0014340365,0.19757895,0.014817103,0.73534375,0.045288198,0.7598736,0.0052364445,0.17686358,0.03225004,0.41957095,0.044168536
375316653866487564,1855133401780838656,0.5327096,2211.350434977369,1.8517539580275637,6.5512977E-6,19.024448,0.0063014543,0.15993664,0.0021849351,0.029272793,0.0017855732,0.557603,0.029693954,0.6516659,0.01260976,0.019625133,0.01611158,0.13540803,0.035138126,0.024836255,0.009857737,0.15993664,0.0021849351,"TWOGAUSSIANS_WITH_ELLIPSOIDAL_ON_ECLIPSE1",9,4.040439,0.15993664,0.0021849351,0.16392763,0.00999921,0.6072755,0.025271399,0.6517559,0.012476898,0.10990075,0.09022485,0.184948,0.030016672
375316653866487564,1855133543522174080,0.5909552,2184.212984662889,4.435954095739003,5.818518E-6,18.903261,0.010869893,0.25486282,0.0014370173,0.049048826,0.003389137,0.29377398,0.024694974,0.7606368,0.0029357777,0.050189566,0.0044558086,0.337696,0.02631683,0.11226994,0.013994095,0.25486282,0.0014370173,"TWOGAUSSIANS_WITH_ELLIPSOIDAL_ON_ECLIPSE1",9,2.5164063,0.7606368,0.0029357777,0.2810616,0.024952529,0.56193787,0.02140564,0.25486282,0.0014370173,0.27467343,0.018979168,0.51831126,0.009902687
375316653866487564,1855134711753640832,0.5907442,2200.902173695622,1.3443102713864445,6.498109E-6,16.431154,0.0027804817,0.23736194,9.487217E-4,0.04160609,0.0015233906,0.271337,0.008369165,0.7351293,0.002496657,0.05375478,0.0029871955,0.14598145,0.008371583,0.010178507,0.003653554,0.23736194,9.487217E-4,"TWOGAUSSIANS_WITH_ELLIPSOIDAL_ON_ECLIPSE1",9,6.0804553,0.23736194,9.487217E-4,0.23299411,0.008530987,0.2916914,0.0085739,0.7351993,0.002414302,0.30102676,0.016728295,0.16633196,0.00780224
375316653866487564,1855140243671172608,0.50308686,2229.476473027783,0.45178023194420114,6.490671E-6,15.441311,8.1955665E-4,0.4233501,0.035373967,0.061048437,0.02162037,0.014454818,0.0031436717,0.8358591,0.0014524474,0.022392694,0.0012385007,0.0898982,0.004157982,null,null,null,null,"TWOGAUSSIANS",8,14.600775,0.8358591,0.0014524474,0.12539908,0.0069356044,0.0898982,0.004157982,0.4233501,0.035373967,0.34187123,0.12052957,0.014454818,0.0031436714
375316653866487564,1855142167816592640,0.5854753,2188.0831593451303,2.632861858729131,3.5104517E-6,14.722493,0.008303928,0.24942937,0.0010276261,0.08858553,0.0025234227,0.41545004,0.008463329,0.7462835,0.0016351534,0.09319183,0.0029316072,0.39955986,0.011523425,null,null,null,null,"TWOGAUSSIANS",8,111.25861,0.24942937,0.0010276261,0.4,0.0,0.39778826,0.007460463,0.7462835,0.0016351534,0.4,0.0,0.3818977,0.01098015
375316653866487564,1855145260193081088,0.5989209,2177.5933195258945,0.14222340320131643,5.6272993E-6,13.699999,0.0021884912,0.42698827,2.1716622E-4,0.009984852,2.549706E-4,0.38307667,0.008174469,0.93509734,0.0069401087,0.0071667996,0.005372304,0.42871287,2.9617064,null,null,null,null,"TWOGAUSSIANS",8,78.939705,0.93509734,0.0069401087,0.040134076,0.030084904,0.42871287,2.9617064,0.42698827,2.1716622E-4,0.05591517,0.0014278353,0.38307667,0.008174469
375316653866487564,1855145844308685952,0.44551283,2187.9750583118666,2.755348481427784,2.944861E-5,14.820645,0.005687003,0.2861807,0.007984923,0.023668401,0.0099000465,0.05911857,0.109010525,0.7188526,0.027124256,0.04965138,0.020136222,0.047474932,0.021313388,0.056457918,0.0077367765,0.2861807,0.007984923,"TWOGAUSSIANS_WITH_ELLIPSOIDAL_ON_ECLIPSE1",9,529.37134,0.2861807,0.007984923,0.13254304,0.055440262,0.17203431,0.10839663,0.74078256,0.021470087,0.27804774,0.112762846,0.14703776,0.015890844
375316653866487564,1855153643969397248,0.5590742,2217.418116386827,2.313749152860164,7.94844E-6,14.032128,0.0072415527,0.20319852,0.0016473535,0.044713568,0.0028797823,0.30941194,0.019711006,0.71216637,0.006689106,0.055836566,0.0033254698,0.16218391,0.023115715,0.10190414,0.010646723,0.20319852,0.0016473535,"TWOGAUSSIANS_WITH_ELLIPSOIDAL_ON_ECLIPSE1",9,526.4627,0.20319852,0.0016473535,0.25039598,0.01612678,0.51321614,0.014631112,0.71216637,0.006689106,0.31268477,0.018622631,0.3653417,0.013425273
375316653866487564,1855153708386681856,0.46896458,2194.413670871645,2.6052061116296694,1.4018502E-5,18.357153,0.018111737,0.2989088,0.014436642,0.0861549,0.016052486,0.14659563,0.017710157,0.76006806,0.0072927442,0.06169843,0.019935494,0.31203678,0.032545455,null,null,null,null,"TWOGAUSSIANS",8,20.3962,0.76006806,0.0072927442,0.3455112,0.11163877,0.3115251,0.03379888,0.2989088,0.014436642,0.4,0.0,0.14608388,0.01656229
375316653866487564,1855155190157688448,0.5067875,2222.5076156725595,2.8192041505073724,1.0209098E-5,15.069933,0.08890656,0.21244957,0.0051980685,0.06725891,0.019526754,0.37332958,0.1661424,0.7236929,0.0047056316,0.06762681,0.014972231,0.28055376,0.19241986,0.03865539,0.098088205,0.7236929,0.0047056316,"TWOGAUSSIANS_WITH_ELLIPSOIDAL_ON_ECLIPSE2",9,704.8207,0.21321957,0.0036518702,0.37664992,0.095192924,0.44978246,0.041154426,0.7236929,0.0047056316,0.37871015,0.07720414,0.3573654,0.028645808
375316653866487564,1855158145095035008,0.60323733,2209.8615006222144,0.018592714595346033,6.831667E-5,18.178755,0.0012438869,0.65947247,4.9735076E-4,0.0019156042,2.822104E-4,0.6697298,0.08288161,0.74394435,0.0027526778,0.008767146,0.0026105025,0.056633927,0.053647853,null,null,null,null,"TWOGAUSSIANS",8,1.4030787,0.65947247,4.9735076E-4,0.010727384,0.0015803784,0.6697298,0.08288161,0.74394435,0.0027526778,0.049096014,0.014618815,0.056633927,0.053647853
375316653866487564,1855159755701157632,0.65888405,2197.9957558503406,1.9280317126226598,2.5802353E-6,17.8797,0.004437651,0.22116655,0.0014776356,0.049547397,0.006864091,0.0553047,0.0114622135,0.720744,0.0011578631,0.050887402,0.001337915,0.5055873,0.013503668,0.10780332,0.0064240387,0.22116655,0.0014776356,"TWOGAUSSIANS_WITH_ELLIPSOIDAL_ON_ECLIPSE1",9,2.4227378,0.720774,0.00107069,0.28496945,0.007492324,0.7211892,0.011501017,0.22116655,0.0014776356,0.27746543,0.03843891,0.27090803,0.0044960044
375316653866487564,1855160722075631360,0.56743073,2196.716174979987,3.4295810381294225,4.818997E-6,17.623137,0.005788305,0.21099925,0.0022914005,0.08991456,0.0038747056,0.2858727,0.008676403,0.71626055,0.0014361261,0.08810214,0.0025585382,0.26455572,0.006110448,null,null,null,null,"TWOGAUSSIANS",8,4.7840543,0.21099925,0.0022914005,0.4,0.0,0.2760732,0.009062921,0.71626055,0.0014361261,0.4,0.0,0.25475627,0.004915874
375316653866487564,1855161920365972736,0.497038,2211.749492323524,3.7266610827913986,1.4892244E-5,19.358955,0.06278276,0.14176328,0.007841601,0.10845379,0.024081869,0.3593927,0.05723845,0.62188816,0.00431121,0.09863606,0.022264345,0.31878883,0.051100776,null,null,null,null,"TWOGAUSSIANS",8,2.5012836,0.14176328,0.007843384,0.4,0.0,0.33036593,0.029490652,0.62188816,0.00431121,0.4,0.0,0.2897831,0.02613346
375316653866487564,1855163092897487232,0.6224285,2201.0986989148955,2.399270617658767,4.414363E-6,15.127364,0.009398156,0.29111475,0.0028416784,0.047771268,0.004816217,0.24101953,0.02644047,0.7969873,0.0013430308,0.044908687,0.0048040687,0.22430702,0.019539343,0.15313932,0.012138505,0.7969873,0.0013430308,"TWOGAUSSIANS_WITH_ELLIPSOIDAL_ON_ECLIPSE2",9,82.89257,0.29220477,0.002381701,0.2675191,0.026970815,0.5469584,0.024265159,0.7969873,0.0013430308,0.25148866,0.026902784,0.53058505,0.011966779
375316653866487564,1855169346366989568,0.49185902,2205.7469398229982,1.4245566861863326,1.9238863E-5,19.427574,0.004694205,0.24383868,0.0018355323,0.023765838,0.0022844174,0.5086946,0.033627152,0.75316864,0.010804297,0.026119083,0.008782624,0.32185033,0.18242003,null,null,null,null,"TWOGAUSSIANS",8,2.5324361,0.24383868,0.0018355323,0.1330887,0.012792738,0.5086946,0.033627152,0.75316864,0.010804297,0.14626688,0.049182698,0.32185033,0.18242003
375316653866487564,1855171815969418880,0.4634226,2225.5092017773554,2.3594598310416584,1.3745533E-5,15.305294,0.0055729323,0.115390256,0.0070204004,0.034163143,0.014356464,0.037464917,0.034958694,0.7110992,0.03174852,0.031254094,0.023006257,0.07303429,0.02065811,0.07682243,0.0062628756,0.115390256,0.0070204004,"TWOGAUSSIANS_WITH_ELLIPSOIDAL_ON_ECLIPSE1",9,213.48465,0.115390256,0.0070204004,0.1913136,0.0803962,0.19110978,0.032427285,0.7110992,0.03174852,0.17502293,0.12883504,0.17749949,0.04183926
375316653866487564,1855172297005732480,0.46424887,2201.0975027071545,1.3452927219981432,1.2724778E-5,18.814163,0.0044426247,0.22262263,0.006811626,0.045333147,0.0051057464,0.12669988,0.018049577,0.7260909,0.005832359,0.03390899,0.0050788433,0.36140665,0.075968966,null,null,null,null,"TWOGAUSSIANS",8,5.72979,0.7260909,0.005832359,0.18989034,0.028441522,0.36140665,0.075968966,0.22262263,0.006811626,0.25386563,0.02859218,0.12669988,0.01804958
375316653866487564,1855175973498473216,0.46834582,2201.1489660811126,3.7594676312914146,2.0621676E-5,18.63541,0.013990564,0.24825591,0.0061970158,0.0942652,0.009767244,0.21333553,0.014866725,0.7284725,0.004872666,0.075713575,0.00664649,0.26783386,0.021025473,null,null,null,null,"TWOGAUSSIANS",8,6.785982,0.7284725,0.004872666,0.4,0.0,0.26347217,0.020514445,0.24825591,0.0061970158,0.4,0.0,0.20897329,0.012959736
375316653866487564,1855177317825925632,0.4384899,2178.5896614307085,1.7644645771829035,4.865128E-5,16.88874,0.006269297,0.35644677,0.006748323,0.050047714,0.006439436,0.13103166,0.033767857,0.6369831,0.016263232,0.037473578,0.011501006,0.062315293,0.01770917,0.020855483,0.008717047,0.6369831,0.016263232,"TWOGAUSSIANS_WITH_ELLIPSOIDAL_ON_ECLIPSE2",9,6.48922,0.35445678,0.0068502757,0.2802672,0.036060844,0.13264611,0.033993304,0.6369831,0.016263232,0.20985204,0.06440563,0.104026265,0.020025393
375316653866487564,1855182162552862848,0.50498575,2232.1453697914894,1.162027782684329,2.0987753E-5,16.818762,0.0051273904,0.078235455,0.0016031651,0.018539488,0.0018356987,0.39440855,0.086171895,0.57960695,0.005956307,0.019301292,0.0065843333,0.5011463,0.12435765,null,null,null,null,"TWOGAUSSIANS",8,62.847767,0.57960695,0.005956307,0.108087234,0.036872268,0.5011463,0.12435765,0.078235455,0.0016031651,0.103821136,0.010279913,0.39440855,0.086171895
375316653866487564,1855183429561460608,0.45211083,2234.069096041524,3.100815153379621,1.6005142E-5,18.90228,0.0114049595,0.2738965,0.0053590205,0.052763075,0.009095857,0.57905877,0.12576105,0.73683137,0.022080524,0.054633882,0.020577606,0.16002196,0.10248892,null,null,null,null,"TWOGAUSSIANS",8,22.757248,0.2738965,0.0053590205,0.29547322,0.0509368,0.57905656,0.12576503,0.73683137,0.022080524,0.30594975,0.11523459,0.16001974,0.102487735
375316653866487564,1855185701605828224,0.5088132,2204.1347728001488,0.47583253043213164,8.161486E-5,18.4124,0.0013839481,0.22264057,0.028208729,0.05675406,0.020049654,0.01251282,0.0032993874,0.7199051,0.0033613697,0.03603435,0.0020903666,0.24766544,0.01841413,null,null,null,null,"TWOGAUSSIANS",8,0.7303547,0.7199051,0.0033613697,0.20179236,0.011706052,0.2476654,0.018414127,0.22264057,0.028208729,0.31782272,0.11227807,0.012512788,0.0032993883
375316653866487564,1855187282153789440,0.4795096,2228.1008341899037,3.4691544480923273,2.247729E-5,18.10825,0.01606779,0.21765296,0.0044252854,0.08850436,0.01153089,0.16807555,0.018038342,0.7335653,0.007947333,0.108789146,0.012356403,0.19204365,0.017352734,null,null,null,null,"TWOGAUSSIANS",8,7.9936547,0.7335653,0.007947333,0.4,0.0,0.18026021,0.010572658,0.21764296,0.0044281804,0.4,0.0,0.1563042,0.01689286
375316653866487564,1855188931421245824,0.55839187,2215.137904818874,3.1436673246553215,8.928209E-6,17.036028,0.011344934,0.23637621,0.0019513076,0.10012258,0.0054712323,0.2600801,0.010149889,0.71483546,0.0024369566,0.099233285,0.0050749383,0.3021922,0.011590613,null,null,null,null,"TWOGAUSSIANS",8,8.90681,0.71483546,0.0024369566,0.4,0.0,0.28390783,0.008971188,0.23637621,0.0019516464,0.4,0.0,0.24179552,0.007360415
375316653866487564,1855190340170538368,0.43217504,2215.8338746524732,1.1633637630992089,6.9554E-5,18.838669,0.008441831,0.368933,0.011545268,0.049224924,0.01158609,0.12704006,0.010246648,0.8346578,0.019824617,0.016516695,0.019713456,0.15202388,0.020796118,null,null,null,null,"TWOGAUSSIANS",8,5.3378882,0.8346578,0.019824617,0.09249349,0.11039536,0.15202388,0.020796131,0.368933,0.011545268,0.2756596,0.0648821,0.12704006,0.010246642
375316653866487564,1855193226388852864,0.6355771,2217.9890684598536,3.3516856701739366,3.6747222E-6,17.581663,0.0052488563,0.27329764,0.0010314327,0.04136067,0.0027130968,0.2323152,0.013107395,0.7743078,0.0012252624,0.042624783,0.0017767415,0.34397745,0.013766461,0.14051652,0.0078785,0.27329764,0.0010314327,"TWOGAUSSIANS_WITH_ELLIPSOIDAL_ON_ECLIPSE1",9,5.155204,0.7743078,0.0012252624,0.23869878,0.009949752,0.62499857,0.010224719,0.27329764,0.0010314327,0.23161975,0.015193342,0.5133476,0.008077456
375316653866487564,1855194149800359552,0.6146412,2232.8879555372805,2.9172417439949276,3.931021E-6,18.400507,0.0062128394,0.2933931,0.0010699902,0.042168878,0.0018898455,0.4046906,0.019727172,0.7931142,0.0010327386,0.042700276,0.002190184,0.43500853,0.015421848,0.14494406,0.009147237,0.2933931,0.0010699902,"TWOGAUSSIANS_WITH_ELLIPSOIDAL_ON_ECLIPSE1",9,3.2751143,0.79313415,9.574966E-4,0.23912154,0.01226503,0.72489554,0.015947443,0.2933931,0.0010699902,0.2361457,0.010583134,0.6945784,0.011832833
375316653866487564,1855194978735303040,0.6040904,2237.036972314316,2.640923839476751,4.714335E-6,16.469978,0.0125621185,0.25778496,0.0017448926,0.045392945,0.0042132735,0.25838903,0.027904512,0.75840646,0.0014167356,0.051512014,0.0052392264,0.31161574,0.02176578,0.088461444,0.0158574,0.25778496,0.0017448926,"TWOGAUSSIANS_WITH_ELLIPSOIDAL_ON_ECLIPSE1",9,26.573748,0.75840646,0.0013780594,0.2884673,0.029339667,0.48853314,0.024169946,0.25778496,0.0017448926,0.2542005,0.023594331,0.4353091,0.008987639
375316653866487564,1855197349557291904,0.4954387,2231.1957298263815,0.9990859990839798,8.780546E-6,14.905492,0.0013101241,0.26807502,0.0054911966,0.03003539,0.005082164,0.034805838,0.0058649494,0.7582543,0.004003373,0.033777975,0.0043455516,0.12105605,0.016727438,0.016100714,0.001972769,0.7582543,0.004003373,"TWOGAUSSIANS_WITH_ELLIPSOIDAL_ON_ECLIPSE2",9,13.106163,0.7582543,0.004003373,0.18915667,0.024335088,0.1532574,0.016644519,0.26746503,0.0052045733,0.16819818,0.028460119,0.06689228,0.0061659454
375316653866487564,1855205424094151936,0.5799335,2227.6482567027588,0.09872283403989568,2.6468457E-5,16.790478,0.0015804493,0.3458751,6.8401605E-5,0.0022808712,2.757802E-5,0.68746936,0.018984659,0.75596595,0.006524091,0.021282997,0.05002984,0.035506282,0.03421389,null,null,null,null,"TWOGAUSSIANS",8,2.4836617,0.3458751,6.8401605E-5,0.012772879,1.5443692E-4,0.68746936,0.018984659,0.75596595,0.006524091,0.119184785,0.2801671,0.035506282,0.03421389
375316653866487564,1855205939490027904,0.5220568,2205.6371156874316,2.7823632265007996,9.2987875E-6,15.426536,0.0024865752,0.18960345,0.02591189,0.068871625,0.018733175,0.034456603,0.008824834,0.72821355,0.0033449123,0.020902174,0.020077566,0.017882872,2.1640307E30,0.06893069,0.0032203563,0.72821355,0.0033449123,"TWOGAUSSIANS_WITH_ELLIPSOIDAL_ON_ECLIPSE2",9,52.741264,0.21325345,0.0057798256,0.3856811,0.09600915,0.16912511,0.009174016,0.72821355,0.0033449123,0.11705217,0.112434365,0.15573867,2.1640307E30
