Gaia/vari_eclipsing_binary/VariEclipsingBinary_498894-499174.csv
# %ECSV 1.0
# ---
# delimiter: ','
# meta: !!omap
# - RELEASE: Gaia DR3
# - TABLE: vari_eclipsing_binary
# - DESCRIPTION: >
#     This table describes the properties of the eclipsing binaries resulting from the variability analysis. 
# - CITATION: >
#     How to cite and acknowledge Gaia: 
#     https://gea.esac.esa.int/archive/documentation/credits.html 
# - KNOWN_ISSUES: >
#     Known issues: 
#     https://www.cosmos.esa.int/web/gaia-users/known-issues 
# - DOCUMENTATION: >
#     Tutorials and documentation: 
#     https://www.cosmos.esa.int/web/gaia-users/archive 
# datatype:
# - 
#   name: solution_id
#   datatype: int64
#   description: Solution Identifier
#   meta:
#     ucd: meta.version
# - 
#   name: source_id
#   datatype: int64
#   description: Unique source identifier
#   meta:
#     ucd: meta.id;meta.main
# - 
#   name: global_ranking
#   datatype: float32
#   description: Number between 0 (worst) and 1 (best)
#   meta:
#     ucd: stat.param
# - 
#   name: reference_time
#   datatype: float64
#   unit: d
#   description: Reference time used for the geometric model fit
#   meta:
#     ucd: time.epoch
# - 
#   name: frequency
#   datatype: float64
#   unit: d**-1
#   description: Frequency of geometric model of the eclipsing binary light curve
#   meta:
#     ucd: src.orbital
# - 
#   name: frequency_error
#   datatype: float32
#   unit: d**-1
#   description: "Uncertainty of \\texttt{frequency}"
#   meta:
#     ucd: stat.error
# - 
#   name: geom_model_reference_level
#   datatype: float32
#   unit: mag
#   description: Magnitude reference level of geometric model
#   meta:
#     ucd: phot.mag;em.opt
# - 
#   name: geom_model_reference_level_error
#   datatype: float32
#   unit: mag
#   description: "Uncertainty of \\texttt{geomModelReferenceLevel}"
#   meta:
#     ucd: stat.error;phot.mag;em.opt
# - 
#   name: geom_model_gaussian1_phase
#   datatype: float32
#   description: Phase of the Gaussian 1 component
#   meta:
#     ucd: time.phase
# - 
#   name: geom_model_gaussian1_phase_error
#   datatype: float32
#   description: "Uncertainty of \\texttt{geomModelGaussian1Phase}"
#   meta:
#     ucd: stat.error;time.phase
# - 
#   name: geom_model_gaussian1_sigma
#   datatype: float32
#   description: "Standard deviation [phase] of Gaussian 1 component"
#   meta:
#     ucd: stat.stdev
# - 
#   name: geom_model_gaussian1_sigma_error
#   datatype: float32
#   description: "Uncertainty of \\texttt{geomModelGaussian1Sigma}"
#   meta:
#     ucd: stat.error
# - 
#   name: geom_model_gaussian1_depth
#   datatype: float32
#   unit: mag
#   description: Magnitude depth of Gaussian 1 component
#   meta:
#     ucd: src.var.amplitude
# - 
#   name: geom_model_gaussian1_depth_error
#   datatype: float32
#   unit: mag
#   description: "Uncertainty of \\texttt{geomModelGaussian1Depth}"
#   meta:
#     ucd: stat.error;src.var.amplitude
# - 
#   name: geom_model_gaussian2_phase
#   datatype: float32
#   description: Phase of Gaussian 2 component
#   meta:
#     ucd: time.phase
# - 
#   name: geom_model_gaussian2_phase_error
#   datatype: float32
#   description: "Uncertainty of \\texttt{geomModelGaussian2Phase}"
#   meta:
#     ucd: stat.error;time.phase
# - 
#   name: geom_model_gaussian2_sigma
#   datatype: float32
[...]
#   datatype: float32
#   description: "Secondary eclipse: uncertainty of \\texttt{derivedSecondaryEclDuration}"
#   meta:
#     ucd: stat.error;time.duration
# - 
#   name: derived_secondary_ecl_depth
#   datatype: float32
#   unit: mag
#   description: "Secondary eclipse: depth"
#   meta:
#     ucd: src.var.amplitude
# - 
#   name: derived_secondary_ecl_depth_error
#   datatype: float32
#   unit: mag
#   description: "Secondary eclipse: uncertainty of \\texttt{derivedSecondaryEclDepth}"
#   meta:
#     ucd: stat.error;src.var.amplitude
solution_id,source_id,global_ranking,reference_time,frequency,frequency_error,geom_model_reference_level,geom_model_reference_level_error,geom_model_gaussian1_phase,geom_model_gaussian1_phase_error,geom_model_gaussian1_sigma,geom_model_gaussian1_sigma_error,geom_model_gaussian1_depth,geom_model_gaussian1_depth_error,geom_model_gaussian2_phase,geom_model_gaussian2_phase_error,geom_model_gaussian2_sigma,geom_model_gaussian2_sigma_error,geom_model_gaussian2_depth,geom_model_gaussian2_depth_error,geom_model_cosine_half_period_amplitude,geom_model_cosine_half_period_amplitude_error,geom_model_cosine_half_period_phase,geom_model_cosine_half_period_phase_error,model_type,num_model_parameters,reduced_chi2,derived_primary_ecl_phase,derived_primary_ecl_phase_error,derived_primary_ecl_duration,derived_primary_ecl_duration_error,derived_primary_ecl_depth,derived_primary_ecl_depth_error,derived_secondary_ecl_phase,derived_secondary_ecl_phase_error,derived_secondary_ecl_duration,derived_secondary_ecl_duration_error,derived_secondary_ecl_depth,derived_secondary_ecl_depth_error
[from data line 36]
375316653866487564,4388559615542760320,0.44737336,2267.369217672708,0.03720454112819068,3.051028E-6,17.893448,0.0034621384,0.4055428,0.014308247,0.075082175,0.014885245,0.0941744,0.01171804,0.7988567,6.861846E-4,0.014277275,0.001978663,0.23799509,0.10384898,null,null,null,null,"TWOGAUSSIANS",8,3.9412866,0.7988567,6.861846E-4,0.07995274,0.011080513,0.23799519,0.10384896,0.4055428,0.014308247,0.4,0.021027153,0.0941744,0.011718041
375316653866487564,4388589027480154624,0.57341605,2202.931464263509,2.3088926481937593,1.0940544E-5,18.785915,0.008847534,0.18420018,0.004438122,0.058795676,0.005086056,0.2877533,0.020706743,0.69034296,0.004914983,0.07648826,0.0058098007,0.45445144,0.022155732,null,null,null,null,"TWOGAUSSIANS",8,2.34092,0.69034296,0.004914983,0.4,0.0,0.45377716,0.022304237,0.18420018,0.004438122,0.3292558,0.028481914,0.28707904,0.020834247
375316653866487564,4388593940921667200,0.53262043,2242.998664954093,0.5447205911316129,1.7354196E-5,18.924417,0.004835704,0.19821805,0.003375916,0.008377578,0.0030358895,0.61674476,1.5358498,0.80837965,0.013192073,0.013533916,0.011925914,0.442758,25.79601,0.005852285,0.006411063,0.19821805,0.003375916,"TWOGAUSSIANS_WITH_ELLIPSOIDAL_ON_ECLIPSE1",9,4.2635255,0.19821805,0.003375916,0.046914436,0.017000983,0.62844926,1.5368029,0.80837965,0.013192073,0.07578993,0.06678512,0.4496952,25.797497
375316653866487564,4388609883841531136,0.45001543,2252.2848379176376,0.036744589966790434,2.8953567E-5,18.492893,0.0038822577,0.23150226,0.003612292,0.036163203,0.0054038297,0.08243667,0.009806112,0.47862217,0.02119778,0.13038799,0.02371748,0.06684042,0.0073566777,null,null,null,null,"TWOGAUSSIANS",8,2.0154057,0.23414226,0.003273705,0.20251393,0.030261446,0.093655944,0.009458715,0.47862217,0.02119778,0.4,0.0,0.06675472,0.007351833
375316653866487564,4388620500999812736,0.60380006,2232.7780378968687,0.4537151636064158,8.264588E-6,16.321896,0.0036877075,0.2917023,5.188273E-4,0.039370853,9.609368E-4,0.46409577,0.008929846,0.7934845,0.010706147,0.037624944,0.01030252,0.08550586,0.009949968,0.0211984,0.0044860067,0.2917023,5.188273E-4,"TWOGAUSSIANS_WITH_ELLIPSOIDAL_ON_ECLIPSE1",9,7.2756863,0.2917023,5.188273E-4,0.22047679,0.005381246,0.5064925,0.010320072,0.7934845,0.010692018,0.21069969,0.057694115,0.12789729,0.005763259
375316653866487564,4388620844597208448,0.5468967,2243.274136570882,3.273052695594316,1.6280868E-5,17.846376,0.009382188,0.24241452,0.004744848,0.09502478,0.0073562083,0.26430568,0.014319086,0.7450837,0.0041849716,0.082222484,0.0049514165,0.29079893,0.016078316,null,null,null,null,"TWOGAUSSIANS",8,5.5494657,0.7450837,0.0041849716,0.4,0.0,0.2809288,0.015177192,0.24241452,0.004744848,0.4,0.0,0.25443503,0.015040519
375316653866487564,4388621841029297792,0.5631745,2266.907743367594,3.4713479908813905,1.0105725E-5,18.621426,0.011397533,0.17081492,0.0029427153,0.08020402,0.0049118563,0.40253428,0.018657342,0.67218107,0.0036271443,0.07791309,0.0067912308,0.33227044,0.021157075,null,null,null,null,"TWOGAUSSIANS",8,4.1282234,0.17081492,0.0029427153,0.4,0.0,0.3977335,0.01886648,0.67218107,0.0036271443,0.4,0.0,0.32746968,0.022132935
375316653866487564,4388628472459198464,0.555688,2265.616781198734,0.08339382199167021,2.3892437E-6,14.650627,9.900375E-4,0.20230147,9.080782E-4,0.0022793617,2.2861041E-4,0.31862688,0.16827652,null,null,null,null,null,null,0.0035422659,0.0012883032,0.20230147,9.080782E-4,"ONEGAUSSIAN_WITH_ELLIPSOIDAL",6,23.267317,0.20230147,9.080782E-4,0.012764425,0.0012802184,0.32571143,0.1686042,null,null,null,null,null,null
375316653866487564,4388637062393438080,0.49774775,2250.019773232595,0.4862276142994423,4.4116838E-5,18.202295,0.0033934622,0.46519035,0.0012800718,0.050770365,0.0038422737,1.0868262,0.23428252,0.8223814,0.024201298,0.019599266,0.020951651,0.04405381,1.01051792E8,null,null,null,null,"TWOGAUSSIANS",8,7.0172806,0.46519035,0.0012800718,0.28431404,0.021516733,1.0868262,0.23428252,0.8223814,0.024201298,0.10975589,0.11732925,0.04405381,1.01051792E8
375316653866487564,4388655964546525184,0.64363265,2303.173957900214,3.2647366064629266,3.0794604E-6,17.335917,0.0049082018,0.23264976,9.506776E-4,0.047083654,0.0030342545,0.16744003,0.010661276,0.7306961,0.003955836,0.060855195,0.005273626,0.11981972,0.011115929,0.09169818,0.0063722124,0.23264976,9.506776E-4,"TWOGAUSSIANS_WITH_ELLIPSOIDAL_ON_ECLIPSE1",9,2.1990762,0.23264976,9.506776E-4,0.26366845,0.016991826,0.35081324,0.0058333995,0.73129606,0.002609393,0.3407891,0.029532306,0.30317384,0.0057541374
375316653866487564,4388672457219707776,0.44306013,2327.7751496535157,1.5672721682942679,1.357267E-4,19.616493,0.034742642,0.5300979,0.06848792,0.18237212,0.11896091,0.07497229,0.029572684,0.6410587,0.011736662,0.022960365,0.008772674,0.2987268,0.5374203,null,null,null,null,"TWOGAUSSIANS",8,3.174747,0.6410587,0.011736662,0.12857804,0.049126975,0.35753408,0.5385078,0.5303479,0.1897648,0.4,0.0,0.07147777,0.48528302
375316653866487564,4388674858106398208,0.50277066,2273.63885541541,2.2854241632133,5.4639626E-5,18.714376,0.0072205933,0.5140424,0.011811958,0.04553063,0.009503111,0.3824158,0.14693765,0.9207504,0.04976084,0.026397312,0.04247884,0.046275795,2786937.2,null,null,null,null,"TWOGAUSSIANS",8,7.3271933,0.5140424,0.011811958,0.2549715,0.053217422,0.3824158,0.14693765,0.9207504,0.04976084,0.14782494,0.2378815,0.046275795,2786937.2
375316653866487564,4388686510351526912,0.5439662,2321.300870666788,4.165405418240983,8.1205E-6,19.781736,0.009483088,0.21423398,0.0021224385,0.06503744,0.0025053374,0.5918252,0.01818827,0.708895,0.002860124,0.06415326,0.0042871153,0.48837966,0.021676963,null,null,null,null,"TWOGAUSSIANS",8,1.9932351,0.21423398,0.0021224385,0.36420962,0.014029888,0.5913131,0.018146707,0.708895,0.002860124,0.35925826,0.024007846,0.48786765,0.021736803
375316653866487564,4388691419498686976,0.4655601,2250.7456014200116,2.1733392405485183,2.654178E-5,16.83467,0.2329298,0.30672485,0.007087785,0.10219212,0.02738352,0.15027353,0.1105841,0.8236816,0.026077982,0.10444168,0.17270575,0.08066204,0.22893614,null,null,null,null,"TWOGAUSSIANS",8,24.377506,0.30672485,0.0068302113,0.4,0.0,0.14077139,0.024031727,0.8236916,0.026086684,0.4,0.0,0.07116021,0.012311631
375316653866487564,4388709909335469952,0.61128026,2263.8158376153783,1.553733086565164,4.7392887E-6,14.31186,0.0043799225,0.25747645,0.0040067774,0.04214691,0.0081077535,0.061745677,0.009667034,0.75194746,0.0015229328,0.06249233,0.0056989533,0.09441724,0.009680933,0.072970845,0.0058335224,0.75194746,0.0015229328,"TWOGAUSSIANS_WITH_ELLIPSOIDAL_ON_ECLIPSE2",9,38.763424,0.75194746,0.0015229328,0.34995705,0.031914137,0.24032742,0.0041034273,0.25609645,0.0029607695,0.2360227,0.045403417,0.20752361,0.0049230154
375316653866487564,4388711283725013760,0.4655401,2262.791347526553,0.037178441689793035,2.7162676E-5,18.898642,0.003729592,0.14116423,0.035694312,0.038216546,0.021181757,0.13417509,0.057693616,0.5631385,0.0076198177,0.077709965,0.009959636,0.24662025,0.022294782,null,null,null,null,"TWOGAUSSIANS",8,4.626427,0.5631385,0.0076198177,0.4,0.011899581,0.24661873,0.02229622,0.14116423,0.035694312,0.21401267,0.11861783,0.13417368,0.05769158
375316653866487564,4388715750490970240,0.45410103,2253.5833891773373,1.7477396706078232,1.1898659E-5,15.093222,0.008563312,0.19855401,0.006841364,0.06495158,0.011976595,0.17442465,0.019628441,0.7845277,0.08785072,0.037804656,0.021240477,0.074837185,0.20264834,null,null,null,null,"TWOGAUSSIANS",8,362.37848,0.19855401,0.006841364,0.36372882,0.0631725,0.17442463,0.019628583,0.7845277,0.08785072,0.21170607,0.11894667,0.07483716,0.2026483
375316653866487564,4388717777715674624,0.48077285,2213.759003584367,0.8344541846199913,1.050004E-4,17.788008,0.009693399,0.3727836,0.009002077,0.063757785,0.025159502,0.10336659,0.006457312,0.8264945,0.010651168,0.06187451,0.014868007,0.10647222,0.019217355,null,null,null,null,"TWOGAUSSIANS",8,3.580044,0.8264945,0.010651168,0.34649724,0.08326084,0.10645577,0.019191781,0.3727836,0.009002077,0.3570436,0.10485938,0.103350155,0.0063296305
375316653866487564,4388745639165559552,0.5365934,2287.126730338927,4.181997271842841,9.600593E-6,19.185629,0.013274553,0.29996073,0.0033960198,0.08566039,0.0056973244,0.36952013,0.012940789,0.796398,0.0045210677,0.090314485,0.007931406,0.36321682,0.031383466,null,null,null,null,"TWOGAUSSIANS",8,1.9176383,0.29996073,0.0033960198,0.4,0.0,0.35731447,0.010503191,0.796398,0.0045210677,0.4,0.0,0.351011,0.035215814
375316653866487564,4388749560473908608,0.5305528,2216.6906162843015,4.6074207356770875,2.1105205E-5,19.81841,0.02489215,0.23041202,0.0057012686,0.07550194,0.009811246,0.41934106,0.031657334,0.7277187,0.01744665,0.07815938,0.026014553,0.4763294,0.17260048,null,null,null,null,"TWOGAUSSIANS",8,1.7670888,0.7277187,0.01744665,0.4,0.0,0.47208604,0.18111572,0.23041202,0.0057012686,0.4,0.0019005999,0.4150977,0.030006632
375316653866487564,4388759593518074624,0.54318684,2276.651195234196,3.3809231316333146,7.6259203E-6,17.404675,0.007224827,0.20660199,0.0031980402,0.076644495,0.0049575064,0.25669393,0.010849272,0.70978147,0.0029482227,0.0856063,0.0048971586,0.26758042,0.008972676,null,null,null,null,"TWOGAUSSIANS",8,10.665841,0.70978147,0.0029482227,0.4,0.0,0.26330662,0.008688206,0.20660199,0.0031980402,0.4,0.0,0.25242013,0.010899945
375316653866487564,4388761929980998784,0.62334365,2305.946077784748,2.7993236781192983,6.6807193E-6,16.9479,0.011866586,0.22908965,0.0011782716,0.046650384,0.005614027,0.19338436,0.025263088,0.7284028,0.0030224,0.054223463,0.006378344,0.25479984,0.023744464,0.10018012,0.015035069,0.22908965,0.0011782716,"TWOGAUSSIANS_WITH_ELLIPSOIDAL_ON_ECLIPSE1",9,11.487782,0.72851276,0.002511294,0.3036514,0.035718724,0.45515084,0.011048274,0.22908965,0.0011782716,0.26124215,0.03143855,0.3937385,0.008713762
375316653866487564,4388765464735451008,0.63474435,2301.2243650951204,3.4987442358538425,4.7497424E-6,16.879068,0.009812515,0.23738691,0.002247813,0.04724577,0.00436378,0.2436768,0.023298347,0.7316807,0.0016959431,0.051802382,0.0024437683,0.3807632,0.019644681,0.11215455,0.010933903,0.23738691,0.002247813,"TWOGAUSSIANS_WITH_ELLIPSOIDAL_ON_ECLIPSE1",9,15.400472,0.7323107,0.0014429119,0.29009333,0.013685103,0.6048124,0.008741198,0.23738691,0.002247813,0.26457632,0.024437169,0.46798226,0.013229917
375316653866487564,4388765842691662976,0.5409153,2276.948860924866,2.512429671333494,9.236728E-6,17.784317,0.0017899877,0.75903773,0.0018996436,0.04765927,0.0052462635,0.09018871,0.0110510625,null,null,null,null,null,null,0.061115384,0.002697477,0.75903773,0.0018996436,"ONEGAUSSIAN_WITH_ELLIPSOIDAL",6,3.5167217,0.75903773,0.0018996436,0.26689193,0.029379077,0.21241939,0.011190633,null,null,null,null,null,null
375316653866487564,4388770485555330048,0.47904286,2300.356850996696,2.3520593056583707,3.423423E-5,13.804743,0.30169794,0.26253986,0.011902169,0.10903764,0.044532508,0.110390306,0.13779245,0.77187437,0.012293126,0.16306876,0.17441484,0.11066323,0.29932263,null,null,null,null,"TWOGAUSSIANS",8,132.86519,0.26184988,0.01119052,0.4,0.0,0.07510257,0.0067979046,0.7718944,0.01219981,0.4,0.0,0.07334068,0.0057789558
375316653866487564,4388772130528421632,0.44972244,2298.6288414746114,3.0884554419544616,3.5547146E-5,18.824059,0.40887004,0.20991099,0.009798229,0.14097922,0.06052691,0.2332806,0.3485282,0.7020184,0.009872156,0.16269867,0.095570944,0.28848526,0.39763662,null,null,null,null,"TWOGAUSSIANS",8,3.2791247,0.7020184,0.009872156,0.4,0.0,0.16062249,0.012417932,0.211191,0.008784624,0.4,0.0,0.10972807,0.009161759
375316653866487564,4388780342502555264,0.46998447,2288.3136606850994,3.5568406708863076,1.7966346E-5,18.732449,0.003136291,0.34966975,0.01106193,0.010961282,0.010561272,0.042700026,0.038672164,0.762981,0.0046154386,0.067617394,0.036917944,0.009803109,0.008673819,0.07051301,0.0047088447,0.762981,0.0046154386,"TWOGAUSSIANS_WITH_ELLIPSOIDAL_ON_ECLIPSE2",9,2.9914064,0.762981,0.0046154386,0.3786574,0.18609934,0.15081859,0.00904345,0.34744975,0.08418023,0.06138318,0.05914312,0.1467173,0.025460187
375316653866487564,4388780583020730624,0.56512475,2333.8213058427386,3.2698774250368627,7.2983253E-6,19.086098,0.009595853,0.2372436,0.0022994273,0.079959996,0.0036572542,0.4209341,0.015508583,0.7442011,0.0026812048,0.087703094,0.0037514658,0.43972534,0.012941326,null,null,null,null,"TWOGAUSSIANS",8,1.8301702,0.7442011,0.0026812048,0.4,0.0,0.43082464,0.012551918,0.2372436,0.0022994273,0.4,0.0,0.4120335,0.015985819
375316653866487564,4388789516553548288,0.6174259,2286.2409352553004,0.2746629055582552,1.2544438E-5,17.155287,0.0014877558,0.3006535,0.009382,0.007327067,0.0057095382,0.017238189,0.29058748,0.4442445,0.003253343,0.010645113,0.0029008475,0.53971666,0.024204688,null,null,null,null,"TWOGAUSSIANS",8,4.6632385,0.4442445,0.003253343,0.05961263,0.016244745,0.53971666,0.024204688,0.3006535,0.009382,0.041031577,0.031973414,0.017238189,0.29058748
375316653866487564,4388793094263140608,0.59136343,2294.824534312457,3.5433008646193667,5.334293E-6,16.663061,0.0052076513,0.24191901,0.0012812715,0.08248596,0.0016731378,0.41331822,0.0068834666,0.75074637,0.0025075777,0.079300806,0.0026773,0.385386,0.012981313,null,null,null,null,"TWOGAUSSIANS",8,19.742449,0.24191901,0.0012812715,0.4,0.0,0.40763655,0.006460748,0.75074637,0.0025075777,0.4,0.0,0.37970433,0.013102642
375316653866487564,4388796461517533056,0.59601027,2269.4996091326775,3.8339061698661534,3.8280077E-6,18.633253,0.0068925135,0.2415485,0.002027595,0.04728075,0.0031507986,0.46208265,0.038996875,0.73988736,7.812038E-4,0.04200885,0.0017780344,0.43131667,0.020443218,0.14018548,0.015295438,0.2415485,0.002027595,"TWOGAUSSIANS_WITH_ELLIPSOIDAL_ON_ECLIPSE1",9,4.409232,0.2415485,0.002027595,0.2647722,0.017644472,0.74245316,0.038954075,0.74002737,6.4772187E-4,0.23524958,0.009956992,0.7116592,0.017274467
375316653866487564,4388801478039424896,0.5955591,2273.381921570833,2.5798484300598807,4.7729945E-6,16.599493,0.007436644,0.21499118,0.0013354454,0.092237465,0.0022718336,0.448466,0.010082979,0.7163596,0.0014333966,0.0856841,0.0021721357,0.5117291,0.010974726,null,null,null,null,"TWOGAUSSIANS",8,19.447414,0.7163596,0.0014333966,0.4,0.0,0.49372193,0.010612865,0.21499118,0.0013354454,0.4,0.0,0.43045846,0.00954867
375316653866487564,4388803878922377984,0.47208008,2308.460270729273,3.118000182137905,2.7733762E-5,19.014112,0.04336461,0.25058967,0.009795143,0.11412609,0.020717148,0.20756438,0.041226506,0.71908945,0.007373063,0.11883505,0.021856152,0.26393577,0.030328462,null,null,null,null,"TWOGAUSSIANS",8,3.6539187,0.71908945,0.007373063,0.4,0.0,0.22927016,0.021343531,0.2507997,0.00972563,0.4,0.0,0.1729728,0.013438888
375316653866487564,4388804536056034688,0.6054857,2264.03270974237,1.1313013442755364,3.5086541E-6,13.637054,0.003479859,0.2650694,0.001018167,0.052084472,0.0029135917,0.11708495,0.007713456,0.7611527,0.0031109925,0.047486257,0.0031334518,0.047522545,0.009264062,0.014383438,0.004661226,0.2650694,0.001018167,"TWOGAUSSIANS_WITH_ELLIPSOIDAL_ON_ECLIPSE1",9,25.547483,0.2650694,0.001018167,0.29167303,0.016316114,0.14585064,0.0033633534,0.76153266,0.0028861556,0.26592305,0.01754733,0.07627251,0.0026927905
375316653866487564,4388807113036488704,0.48527893,2255.0200195193383,1.7858347216321242,1.1389007E-5,16.181692,0.025197618,0.24662898,0.006117244,0.10662877,0.017587679,0.19660318,0.029551415,0.74671155,0.0058126245,0.092407286,0.013450434,0.29069835,0.02179649,null,null,null,null,"TWOGAUSSIANS",8,34.098366,0.74671155,0.0058126245,0.4,0.0,0.27081153,0.02160377,0.24662898,0.006117244,0.4,0.0,0.17670998,0.027919527
