Gaia/vari_eclipsing_binary/VariEclipsingBinary_689690-689750.csv
# %ECSV 1.0
# ---
# delimiter: ','
# meta: !!omap
# - RELEASE: Gaia DR3
# - TABLE: vari_eclipsing_binary
# - DESCRIPTION: >
#     This table describes the properties of the eclipsing binaries resulting from the variability analysis. 
# - CITATION: >
#     How to cite and acknowledge Gaia: 
#     https://gea.esac.esa.int/archive/documentation/credits.html 
# - KNOWN_ISSUES: >
#     Known issues: 
#     https://www.cosmos.esa.int/web/gaia-users/known-issues 
# - DOCUMENTATION: >
#     Tutorials and documentation: 
#     https://www.cosmos.esa.int/web/gaia-users/archive 
# datatype:
# - 
#   name: solution_id
#   datatype: int64
#   description: Solution Identifier
#   meta:
#     ucd: meta.version
# - 
#   name: source_id
#   datatype: int64
#   description: Unique source identifier
#   meta:
#     ucd: meta.id;meta.main
# - 
#   name: global_ranking
#   datatype: float32
#   description: Number between 0 (worst) and 1 (best)
#   meta:
#     ucd: stat.param
# - 
#   name: reference_time
#   datatype: float64
#   unit: d
#   description: Reference time used for the geometric model fit
#   meta:
#     ucd: time.epoch
# - 
#   name: frequency
#   datatype: float64
#   unit: d**-1
#   description: Frequency of geometric model of the eclipsing binary light curve
#   meta:
#     ucd: src.orbital
# - 
#   name: frequency_error
#   datatype: float32
#   unit: d**-1
#   description: "Uncertainty of \\texttt{frequency}"
#   meta:
#     ucd: stat.error
# - 
#   name: geom_model_reference_level
#   datatype: float32
#   unit: mag
#   description: Magnitude reference level of geometric model
#   meta:
#     ucd: phot.mag;em.opt
# - 
#   name: geom_model_reference_level_error
#   datatype: float32
#   unit: mag
#   description: "Uncertainty of \\texttt{geomModelReferenceLevel}"
#   meta:
#     ucd: stat.error;phot.mag;em.opt
# - 
#   name: geom_model_gaussian1_phase
#   datatype: float32
#   description: Phase of the Gaussian 1 component
#   meta:
#     ucd: time.phase
# - 
#   name: geom_model_gaussian1_phase_error
#   datatype: float32
#   description: "Uncertainty of \\texttt{geomModelGaussian1Phase}"
#   meta:
#     ucd: stat.error;time.phase
# - 
#   name: geom_model_gaussian1_sigma
#   datatype: float32
#   description: "Standard deviation [phase] of Gaussian 1 component"
#   meta:
#     ucd: stat.stdev
# - 
#   name: geom_model_gaussian1_sigma_error
#   datatype: float32
#   description: "Uncertainty of \\texttt{geomModelGaussian1Sigma}"
#   meta:
#     ucd: stat.error
# - 
#   name: geom_model_gaussian1_depth
#   datatype: float32
#   unit: mag
#   description: Magnitude depth of Gaussian 1 component
#   meta:
#     ucd: src.var.amplitude
# - 
#   name: geom_model_gaussian1_depth_error
#   datatype: float32
#   unit: mag
#   description: "Uncertainty of \\texttt{geomModelGaussian1Depth}"
#   meta:
#     ucd: stat.error;src.var.amplitude
# - 
#   name: geom_model_gaussian2_phase
#   datatype: float32
#   description: Phase of Gaussian 2 component
#   meta:
#     ucd: time.phase
# - 
#   name: geom_model_gaussian2_phase_error
#   datatype: float32
#   description: "Uncertainty of \\texttt{geomModelGaussian2Phase}"
#   meta:
#     ucd: stat.error;time.phase
# - 
#   name: geom_model_gaussian2_sigma
#   datatype: float32
[...]
#   datatype: float32
#   description: "Secondary eclipse: uncertainty of \\texttt{derivedSecondaryEclDuration}"
#   meta:
#     ucd: stat.error;time.duration
# - 
#   name: derived_secondary_ecl_depth
#   datatype: float32
#   unit: mag
#   description: "Secondary eclipse: depth"
#   meta:
#     ucd: src.var.amplitude
# - 
#   name: derived_secondary_ecl_depth_error
#   datatype: float32
#   unit: mag
#   description: "Secondary eclipse: uncertainty of \\texttt{derivedSecondaryEclDepth}"
#   meta:
#     ucd: stat.error;src.var.amplitude
solution_id,source_id,global_ranking,reference_time,frequency,frequency_error,geom_model_reference_level,geom_model_reference_level_error,geom_model_gaussian1_phase,geom_model_gaussian1_phase_error,geom_model_gaussian1_sigma,geom_model_gaussian1_sigma_error,geom_model_gaussian1_depth,geom_model_gaussian1_depth_error,geom_model_gaussian2_phase,geom_model_gaussian2_phase_error,geom_model_gaussian2_sigma,geom_model_gaussian2_sigma_error,geom_model_gaussian2_depth,geom_model_gaussian2_depth_error,geom_model_cosine_half_period_amplitude,geom_model_cosine_half_period_amplitude_error,geom_model_cosine_half_period_phase,geom_model_cosine_half_period_phase_error,model_type,num_model_parameters,reduced_chi2,derived_primary_ecl_phase,derived_primary_ecl_phase_error,derived_primary_ecl_duration,derived_primary_ecl_duration_error,derived_primary_ecl_depth,derived_primary_ecl_depth_error,derived_secondary_ecl_phase,derived_secondary_ecl_phase_error,derived_secondary_ecl_duration,derived_secondary_ecl_duration_error,derived_secondary_ecl_depth,derived_secondary_ecl_depth_error
[from data line 429]
375316653866487564,6066941820168261376,0.47945297,2290.8740435427208,3.288851928125368,2.6552452E-5,19.12054,0.02112013,0.17457315,0.0060515488,0.0876617,0.012496305,0.22658698,0.027063007,0.67406005,0.0072842673,0.098027505,0.015229611,0.20088501,0.021872716,null,null,null,null,"TWOGAUSSIANS",8,3.235263,0.17457315,0.0060515488,0.4,0.0,0.2153709,0.025126733,0.67406005,0.0072842673,0.4,0.0,0.18966806,0.01942319
375316653866487564,6066941957622712576,0.54210836,2312.8374354571083,1.3908281877287227,9.011022E-6,16.103449,0.013025709,0.27743405,0.0019965023,0.1251585,0.016979875,0.07983729,0.011404747,0.77481097,0.003262265,0.106115304,0.014879223,0.072925314,0.0118194595,null,null,null,null,"TWOGAUSSIANS",8,2.8273265,0.27743405,0.0019940902,0.4,0.0,0.06545093,0.0031019978,0.77481097,0.003262265,0.4,0.0,0.058591574,0.002817782
375316653866487564,6066943503810947200,0.5351084,2315.960927078923,0.12324024540341708,1.2157142E-5,16.906563,0.0015136871,0.046369188,0.005631517,0.004337203,0.0029998114,0.23275143,15.083669,0.5455206,3.5046125E-4,0.0043480154,7.0174417E-4,0.253987,0.05567045,null,null,null,null,"TWOGAUSSIANS",8,7.8027616,0.5455206,3.5046125E-4,0.024348887,0.0039297673,0.253987,0.05567045,0.046369188,0.005631517,0.02428834,0.016798943,0.23275143,15.083669
375316653866487564,6066944568962853504,0.59758,2295.534523499101,1.3541403654634292,3.1715176E-6,16.41356,0.009641903,0.23235528,0.0044379975,0.11142392,0.011473771,0.12889443,0.008359455,0.70778775,0.0012947215,0.10221662,0.0041859476,0.19371152,0.008990796,null,null,null,null,"TWOGAUSSIANS",8,3.12243,0.70778775,0.0012947215,0.4,0.0,0.17846066,0.0028399192,0.23237528,0.0044543846,0.4,0.0,0.11363149,0.00542467
375316653866487564,6066944702093806848,0.53443,2344.119086245736,2.634974455585898,1.0616054E-5,18.340038,0.019244475,0.25457993,0.00417874,0.081300415,0.005666963,0.37988418,0.030083962,0.74989647,0.0043826513,0.0842637,0.008598831,0.4176003,0.020175485,null,null,null,null,"TWOGAUSSIANS",8,12.479089,0.74989647,0.0043826513,0.4,0.0,0.40994737,0.019853855,0.25457993,0.00417874,0.4,0.0,0.37223125,0.028990462
375316653866487564,6066946974132107520,0.58473736,2327.123059705601,3.004176110576109,3.614932E-6,18.408133,0.0047988556,0.26760006,0.0012013667,0.07018149,0.001586931,0.4879686,0.0130785955,0.76402813,0.002638522,0.07250299,0.002603859,0.6166695,0.018205112,null,null,null,null,"TWOGAUSSIANS",8,3.9606118,0.76402813,0.002638522,0.4,2.9327392E-4,0.61450124,0.018405242,0.26760006,0.0012013667,0.39301634,0.008886813,0.4858004,0.013153613
375316653866487564,6066947111584251776,0.59536123,2328.8968648693135,3.1128778099833303,8.410994E-6,16.825043,0.026958998,0.25470778,0.003521148,0.068027854,0.0053390237,0.40907714,0.057344344,0.74899733,0.0018576045,0.061184183,0.005547262,0.35231134,0.05362309,0.054663453,0.028978428,0.25470778,0.003521148,"TWOGAUSSIANS_WITH_ELLIPSOIDAL_ON_ECLIPSE1",9,26.417969,0.25470778,0.003521148,0.380956,0.029898532,0.51789224,0.020539777,0.7494773,0.0014262091,0.34263143,0.031064665,0.46099755,0.016355895
375316653866487564,6066948309863011840,0.47980887,2325.0121230391783,0.8420539893368891,2.5156922E-5,17.039583,0.04319161,0.30073023,0.015002354,0.11351042,0.029972453,0.18068562,0.049325395,0.77497286,0.005929228,0.101210766,0.01543929,0.29824162,0.037692245,null,null,null,null,"TWOGAUSSIANS",8,55.632782,0.77497286,0.005929228,0.4,0.0,0.2756876,0.014191037,0.30075023,0.0149912,0.4,0.0,0.15810388,0.032415092
375316653866487564,6066948382881458560,0.5048875,2304.8569188421725,3.5845097398143975,1.6697079E-5,19.366442,0.0131693715,0.1987863,0.0054371553,0.09240151,0.009300897,0.27440864,0.015937924,0.6946462,0.0059515317,0.086227484,0.0066775326,0.31679586,0.018730601,null,null,null,null,"TWOGAUSSIANS",8,2.6881714,0.6946462,0.0059515317,0.4,0.0,0.30584893,0.01629157,0.1987863,0.0054371553,0.4,0.0,0.2634615,0.015898185
375316653866487564,6066948550381552768,0.5749312,2345.6490025284406,3.2051398735765213,4.2956895E-6,18.023943,0.00793737,0.23651367,0.0012481553,0.035458427,0.0020185607,0.8065255,0.080429226,0.7355035,9.3825825E-4,0.036260933,0.0018895163,0.37982276,0.019937828,0.0433697,0.0130289,0.23651367,0.0012481553,"TWOGAUSSIANS_WITH_ELLIPSOIDAL_ON_ECLIPSE1",9,13.269117,0.23651367,0.0012481553,0.1985672,0.01130394,0.8932649,0.08155669,0.7355235,9.150444E-4,0.20306124,0.010581291,0.46655872,0.013996384
375316653866487564,6066948584740946048,0.6524551,2341.784534169408,0.4297550193309346,2.1761798E-6,16.320087,0.0027168128,0.23997489,3.9076502E-4,0.026962955,4.7846406E-4,0.60194844,0.009706304,0.7414935,0.0060047996,0.032835834,0.0050260397,0.11947971,0.034516875,0.021650955,0.003578445,0.23997489,3.9076502E-4,"TWOGAUSSIANS_WITH_ELLIPSOIDAL_ON_ECLIPSE1",9,13.108325,0.23997489,3.9076502E-4,0.15099254,0.0026793987,0.6452503,0.008890026,0.7414935,0.0059085484,0.18388066,0.028145822,0.16277768,0.03426058
375316653866487564,6066949271936385536,0.55733997,2356.3122265090287,3.1546757173386184,6.4672345E-6,18.507668,0.007877631,0.16095649,0.003944675,0.07127551,0.0043994305,0.33304122,0.011379812,0.66086286,0.0017041498,0.07061883,0.004471408,0.39473474,0.031201515,null,null,null,null,"TWOGAUSSIANS",8,3.27187,0.66086286,0.0017041498,0.39546546,0.010957996,0.39327982,0.031720396,0.16095649,0.003944675,0.39914286,0.014750866,0.3315863,0.011115354
375316653866487564,6066950650637396096,0.47052857,2334.967391026097,2.4416565930436023,2.966316E-5,17.185606,0.599384,0.28102,0.014119992,0.121103995,0.15786405,0.16979311,0.58760995,0.7566175,0.012612458,0.11680946,0.05578699,0.32027432,0.45377457,null,null,null,null,"TWOGAUSSIANS",8,57.12322,0.7566175,0.012612458,0.4,0.0,0.28010178,0.02270393,0.28121996,0.012203426,0.4,0.0,0.12962434,0.02265856
375316653866487564,6066951062954275584,0.56731176,2304.204027426708,0.26918681445265014,7.973168E-6,12.278378,6.703791E-4,0.20067738,0.0032203908,0.02125378,0.003412825,0.09341245,0.022604242,0.6916456,0.021665221,0.021302758,0.012940778,0.12730004,0.0901597,0.013360616,9.074634E-4,0.20067738,0.0032203908,"TWOGAUSSIANS_WITH_ELLIPSOIDAL_ON_ECLIPSE1",9,28.097197,0.69171566,0.021570342,0.11929544,0.072468355,0.1539359,0.09019864,0.20067738,0.0032203908,0.11902116,0.01911182,0.12013363,0.022870759
375316653866487564,6066951921947679616,0.51145524,2338.682407911938,1.4987083828212946,1.33210915E-5,17.435812,0.001434287,0.266027,0.0054918206,0.0642861,0.008256916,0.09732369,0.022891363,0.76343024,0.004834383,0.054076523,0.0038947647,0.05618114,0.0032775556,null,null,null,null,"TWOGAUSSIANS",8,1.2396399,0.266027,0.0054918206,0.36000216,0.04376677,0.09730537,0.022925071,0.76343024,0.004834383,0.30282852,0.021810682,0.05616282,0.0032730089
375316653866487564,6066953330697022592,0.51129276,2306.3248497873433,1.901683546526702,1.1267327E-5,17.854597,0.009531476,0.2955421,0.0031900152,0.10539967,0.00834801,0.14700465,0.008435157,0.7934099,0.003404644,0.09481541,0.00818587,0.15357232,0.008560236,null,null,null,null,"TWOGAUSSIANS",8,2.5024586,0.7934099,0.003404644,0.4,0.0,0.14067306,0.006788497,0.2955421,0.0031900152,0.4,0.0,0.13410184,0.0029250411
375316653866487564,6066954533274995072,0.420417,2315.412641637258,2.5342583892071118,4.3891414E-5,18.817743,0.6438177,0.166081,0.016625699,0.14617278,0.053852838,0.49376363,0.39104453,0.6492593,0.015322523,0.26972502,0.12623432,0.8516399,0.63769656,null,null,null,null,"TWOGAUSSIANS",8,8.61119,0.6492593,0.015322523,0.4,0.0,0.2040721,0.018969607,0.179431,0.015996462,0.4,0.0,0.14953373,0.030828107
375316653866487564,6066955525409466752,0.61724067,2350.4177600323665,3.076145891448502,7.996251E-6,18.892822,0.010177433,0.25775486,0.0018945596,0.048444528,0.0037594666,0.3227406,0.023347316,0.7514014,0.0023384101,0.05432794,0.0045885616,0.36541077,0.022859355,0.1317806,0.012886285,0.25775486,0.0018945596,"TWOGAUSSIANS_WITH_ELLIPSOIDAL_ON_ECLIPSE1",9,2.0608366,0.7523114,0.0019287063,0.30423644,0.025695944,0.6286061,0.018259788,0.25775486,0.0018945596,0.27128935,0.021053012,0.58629537,0.019322934
375316653866487564,6066955529707789184,0.47122118,2343.3313680345454,3.495635908495655,1.8858498E-5,19.490177,0.025626717,0.23552921,0.009647825,0.08333855,0.013606752,0.21705845,0.025991894,0.7337892,0.0073432643,0.11159202,0.019058134,0.23053643,0.022574145,null,null,null,null,"TWOGAUSSIANS",8,2.9784338,0.7337892,0.0073432643,0.4,0.0,0.21436073,0.015427029,0.23552921,0.009655024,0.4,0.0,0.20090294,0.01591125
375316653866487564,6066956148182768640,0.40571937,2356.84548089425,1.5612839504076859,6.233981E-5,17.986599,0.008477754,0.30966243,0.047368966,0.024474252,0.020200916,0.3272138,8.152275,0.7739665,0.011239745,0.06357722,0.008079773,0.16378966,0.03185612,null,null,null,null,"TWOGAUSSIANS",8,6.5123196,0.30966243,0.047368966,0.13705581,0.11312513,0.3272138,8.152275,0.7739665,0.011239745,0.35603246,0.045246724,0.16378966,0.031856127
375316653866487564,6066956182555295104,0.44477293,2353.6526211457162,0.4887172396513749,7.490833E-6,14.948859,0.05816638,0.28858668,0.0063174423,0.045644656,0.0059277085,0.10300443,0.010850154,0.7735883,0.18776238,0.05239809,0.3465856,0.015962705,0.052392993,null,null,null,null,"TWOGAUSSIANS",8,107.309166,0.28858668,0.0050354674,0.25561008,0.033195168,0.10300436,0.013868171,0.7735883,0.18776238,0.2934293,0.18676034,0.01596263,0.009902256
375316653866487564,6066957037237369472,0.5558141,2365.0037921373378,0.7979302616555625,1.2094302E-5,18.138468,0.0017655502,0.27054167,1.6174566E-4,0.026335329,6.159703E-4,0.4705233,0.020083029,0.7604952,0.00287825,0.030932592,0.0032223132,0.12006153,0.011909677,0.025514325,0.0025237713,0.27054167,1.6174566E-4,"TWOGAUSSIANS_WITH_ELLIPSOIDAL_ON_ECLIPSE1",9,1.3436763,0.27054167,1.6174566E-4,0.14747785,0.0034494337,0.52155197,0.02173175,0.76080513,0.0028365985,0.17322251,0.018044954,0.17089342,0.013580012
375316653866487564,6066957793162176256,0.4382824,2342.3275167566107,3.631487524315117,3.127978E-5,18.907715,0.0056282827,null,null,null,null,null,null,null,null,null,null,null,null,0.05488595,0.008301424,0.24239634,0.009891704,"ELLIPSOIDAL",4,6.667635,null,null,null,null,null,null,null,null,null,null,null,null
375316653866487564,6066958755224350976,0.5132504,2361.7889919274207,3.0926871284679316,7.978666E-6,18.347565,0.021041526,0.28756446,0.0038409345,0.09676009,0.009567319,0.24319664,0.020011064,0.79583097,0.0039204024,0.10045729,0.011597564,0.24659963,0.018991148,null,null,null,null,"TWOGAUSSIANS",8,4.325142,0.79583097,0.0039204024,0.4,0.0,0.22891124,0.014203457,0.28756446,0.0038410337,0.4,0.0,0.22550963,0.012585964
375316653866487564,6066959171852668544,0.5154332,2350.512111683992,3.4153023978277717,1.2161044E-5,16.379969,0.0027741087,0.2164582,0.005296174,0.013929387,0.008372639,0.06404291,0.009860937,0.7299456,0.0037340613,0.043742564,0.0036287429,0.122369625,0.016967326,0.046449117,0.003835633,0.2164582,0.005296174,"TWOGAUSSIANS_WITH_ELLIPSOIDAL_ON_ECLIPSE1",9,23.8677,0.7299456,0.0037340613,0.24495836,0.020320961,0.2146023,0.016230993,0.2164582,0.005296174,0.07800456,0.04688678,0.15694115,0.008901215
375316653866487564,6066959412370846848,0.7084702,2345.7792117075314,0.33210510016430816,2.7859128E-6,14.598744,4.9365696E-4,0.14171398,0.00175515,0.011290084,8.6066965E-4,0.5926295,0.08377001,0.47489768,0.006436564,0.011043305,0.002338632,0.6374913,0.24279866,null,null,null,null,"TWOGAUSSIANS",8,7.4149203,0.47489768,0.006436564,0.06184251,0.01309634,0.6374913,0.24279866,0.14171398,0.00175515,0.063224465,0.0048197503,0.5926295,0.08377001
375316653866487564,6066959446718211328,0.5562155,2342.6920536543125,3.4221872735968106,8.396813E-6,18.784239,0.008091943,0.20307636,0.0048844614,0.08446495,0.005475244,0.3279524,0.009591651,0.7050795,0.0025644172,0.08037558,0.004671151,0.3937062,0.0164234,null,null,null,null,"TWOGAUSSIANS",8,2.5761044,0.7050795,0.0025644172,0.4,0.0,0.3867692,0.017271115,0.20307636,0.0048844614,0.4,0.0,0.3210154,0.008037523
375316653866487564,6066959721597743360,0.5085464,2376.195380144664,3.150664469481421,1.21553785E-5,19.762278,0.019193392,0.24910708,0.0054773153,0.08363111,0.0062438697,0.4499261,0.025337983,0.7519992,0.0045005223,0.081621304,0.0061926544,0.3993843,0.018255048,null,null,null,null,"TWOGAUSSIANS",8,3.0578783,0.24910708,0.0054773153,0.4,0.0,0.4416545,0.023407139,0.7519992,0.0045005223,0.4,0.0,0.3911127,0.014717322
375316653866487564,6066960202633177088,0.52264714,2356.321191104895,3.068887576709339,1.3407819E-5,19.809652,0.020332035,0.22189888,0.00484912,0.077604145,0.007901575,0.46211392,0.033007376,0.72526735,0.0031249772,0.07243839,0.0060975426,0.40367073,0.026320951,null,null,null,null,"TWOGAUSSIANS",8,1.7818376,0.22189888,0.00484912,0.4,0.0,0.4590005,0.033125352,0.72526735,0.0031249772,0.4,0.010284904,0.4005573,0.02572975
375316653866487564,6066960576290014080,0.47487178,2332.089270502032,0.9864016202076389,5.4914908E-5,18.24819,0.0054363087,0.5610874,0.044711206,0.14803158,0.04844621,0.03833617,0.0117189055,0.8956853,3.188717E-4,0.0053514387,2.790675E-4,1.5540303,0.3075722,null,null,null,null,"TWOGAUSSIANS",8,6.2427607,0.8956853,3.188717E-4,0.029968057,0.001562778,1.5567563,0.30819637,0.5610874,0.044711206,0.4,0.0,0.038080722,0.012188515
375316653866487564,6066961057331420672,0.50518894,2362.6339693462683,1.2776452042953985,1.9743595E-5,18.256603,0.00988874,0.3180098,0.0016419386,0.021100583,0.0046023745,0.28290725,0.007223322,0.74602026,0.039998405,0.18475121,0.06341679,0.045791134,0.009765482,null,null,null,null,"TWOGAUSSIANS",8,5.0843477,0.31805977,0.0016043325,0.11816326,0.025773296,0.28396273,0.007697305,0.74602026,0.039998405,0.4,0.0,0.04333757,0.008818273
375316653866487564,6066961954991504256,0.5416366,2364.781562946043,0.8772491761375754,6.654911E-6,13.027689,0.0018768604,0.25510922,0.0022105393,0.02856509,0.0034830922,0.32869944,0.01853509,0.75695366,0.0037355118,0.034026504,0.009692825,0.13120118,0.013778686,0.015033315,0.0029585273,0.25510922,0.0022105393,"TWOGAUSSIANS_WITH_ELLIPSOIDAL_ON_ECLIPSE1",9,98.69583,0.25510922,0.0022105393,0.1599645,0.019505316,0.35876605,0.019635953,0.75695366,0.0037355118,0.19054842,0.054279823,0.16126375,0.013693466
375316653866487564,6066965111782445312,0.581041,2326.703446592759,1.0970990243173964,5.0652307E-6,18.650953,0.002974777,0.21688071,0.0049516875,0.041402724,0.0047527314,0.105122544,0.009850381,0.7043196,0.0011425322,0.040990826,0.0010223519,0.52813125,0.012624422,null,null,null,null,"TWOGAUSSIANS",8,1.81163,0.7043196,0.0011425322,0.22954863,0.0057251705,0.52813125,0.012624422,0.21688071,0.0049516875,0.23185526,0.026615296,0.105122544,0.009850383
375316653866487564,6066965184806773760,0.5683265,2299.619346966425,0.1329703844971392,1.1029121E-5,17.689695,0.0023213124,0.44616395,0.012215461,0.011398741,0.043562945,0.12328987,16288.102,0.7696333,6.8653683E-4,0.012242253,4.7777087E-4,0.68455917,0.07808467,0.004977921,0.0040764147,0.44616395,0.012215461,"TWOGAUSSIANS_WITH_ELLIPSOIDAL_ON_ECLIPSE1",9,3.713736,0.7696433,6.869782E-4,0.068556614,0.002675517,0.68653446,0.07804833,0.44616395,0.012215461,0.06383295,0.2439525,0.1332457,16288.103
375316653866487564,6066966765354775296,0.6135427,2320.459017806195,2.1242053649627524,2.4917326E-6,16.668598,0.004284262,0.26670864,0.0011878147,0.04840171,0.005599664,0.08574684,0.009057473,0.75983965,0.0018090981,0.051020104,0.0048742653,0.10789862,0.010832119,0.07599087,0.0050352854,0.26670864,0.0011878147,"TWOGAUSSIANS_WITH_ELLIPSOIDAL_ON_ECLIPSE1",9,5.7008243,0.76137966,0.0012277991,0.28571257,0.027295884,0.25965986,0.01170012,0.26670864,0.0011878147,0.2710496,0.03135812,0.23772754,0.0066762688
