Gaia/vari_eclipsing_binary/VariEclipsingBinary_459230-459241.csv
# %ECSV 1.0
# ---
# delimiter: ','
# meta: !!omap
# - RELEASE: Gaia DR3
# - TABLE: vari_eclipsing_binary
# - DESCRIPTION: >
#     This table describes the properties of the eclipsing binaries resulting from the variability analysis. 
# - CITATION: >
#     How to cite and acknowledge Gaia: 
#     https://gea.esac.esa.int/archive/documentation/credits.html 
# - KNOWN_ISSUES: >
#     Known issues: 
#     https://www.cosmos.esa.int/web/gaia-users/known-issues 
# - DOCUMENTATION: >
#     Tutorials and documentation: 
#     https://www.cosmos.esa.int/web/gaia-users/archive 
# datatype:
# - 
#   name: solution_id
#   datatype: int64
#   description: Solution Identifier
#   meta:
#     ucd: meta.version
# - 
#   name: source_id
#   datatype: int64
#   description: Unique source identifier
#   meta:
#     ucd: meta.id;meta.main
# - 
#   name: global_ranking
#   datatype: float32
#   description: Number between 0 (worst) and 1 (best)
#   meta:
#     ucd: stat.param
# - 
#   name: reference_time
#   datatype: float64
#   unit: d
#   description: Reference time used for the geometric model fit
#   meta:
#     ucd: time.epoch
# - 
#   name: frequency
#   datatype: float64
#   unit: d**-1
#   description: Frequency of geometric model of the eclipsing binary light curve
#   meta:
#     ucd: src.orbital
# - 
#   name: frequency_error
#   datatype: float32
#   unit: d**-1
#   description: "Uncertainty of \\texttt{frequency}"
#   meta:
#     ucd: stat.error
# - 
#   name: geom_model_reference_level
#   datatype: float32
#   unit: mag
#   description: Magnitude reference level of geometric model
#   meta:
#     ucd: phot.mag;em.opt
# - 
#   name: geom_model_reference_level_error
#   datatype: float32
#   unit: mag
#   description: "Uncertainty of \\texttt{geomModelReferenceLevel}"
#   meta:
#     ucd: stat.error;phot.mag;em.opt
# - 
#   name: geom_model_gaussian1_phase
#   datatype: float32
#   description: Phase of the Gaussian 1 component
#   meta:
#     ucd: time.phase
# - 
#   name: geom_model_gaussian1_phase_error
#   datatype: float32
#   description: "Uncertainty of \\texttt{geomModelGaussian1Phase}"
#   meta:
#     ucd: stat.error;time.phase
# - 
#   name: geom_model_gaussian1_sigma
#   datatype: float32
#   description: "Standard deviation [phase] of Gaussian 1 component"
#   meta:
#     ucd: stat.stdev
# - 
#   name: geom_model_gaussian1_sigma_error
#   datatype: float32
#   description: "Uncertainty of \\texttt{geomModelGaussian1Sigma}"
#   meta:
#     ucd: stat.error
# - 
#   name: geom_model_gaussian1_depth
#   datatype: float32
#   unit: mag
#   description: Magnitude depth of Gaussian 1 component
#   meta:
#     ucd: src.var.amplitude
# - 
#   name: geom_model_gaussian1_depth_error
#   datatype: float32
#   unit: mag
#   description: "Uncertainty of \\texttt{geomModelGaussian1Depth}"
#   meta:
#     ucd: stat.error;src.var.amplitude
# - 
#   name: geom_model_gaussian2_phase
#   datatype: float32
#   description: Phase of Gaussian 2 component
#   meta:
#     ucd: time.phase
# - 
#   name: geom_model_gaussian2_phase_error
#   datatype: float32
#   description: "Uncertainty of \\texttt{geomModelGaussian2Phase}"
#   meta:
#     ucd: stat.error;time.phase
# - 
#   name: geom_model_gaussian2_sigma
#   datatype: float32
[...]
#   datatype: float32
#   description: "Secondary eclipse: uncertainty of \\texttt{derivedSecondaryEclDuration}"
#   meta:
#     ucd: stat.error;time.duration
# - 
#   name: derived_secondary_ecl_depth
#   datatype: float32
#   unit: mag
#   description: "Secondary eclipse: depth"
#   meta:
#     ucd: src.var.amplitude
# - 
#   name: derived_secondary_ecl_depth_error
#   datatype: float32
#   unit: mag
#   description: "Secondary eclipse: uncertainty of \\texttt{derivedSecondaryEclDepth}"
#   meta:
#     ucd: stat.error;src.var.amplitude
solution_id,source_id,global_ranking,reference_time,frequency,frequency_error,geom_model_reference_level,geom_model_reference_level_error,geom_model_gaussian1_phase,geom_model_gaussian1_phase_error,geom_model_gaussian1_sigma,geom_model_gaussian1_sigma_error,geom_model_gaussian1_depth,geom_model_gaussian1_depth_error,geom_model_gaussian2_phase,geom_model_gaussian2_phase_error,geom_model_gaussian2_sigma,geom_model_gaussian2_sigma_error,geom_model_gaussian2_depth,geom_model_gaussian2_depth_error,geom_model_cosine_half_period_amplitude,geom_model_cosine_half_period_amplitude_error,geom_model_cosine_half_period_phase,geom_model_cosine_half_period_phase_error,model_type,num_model_parameters,reduced_chi2,derived_primary_ecl_phase,derived_primary_ecl_phase_error,derived_primary_ecl_duration,derived_primary_ecl_duration_error,derived_primary_ecl_depth,derived_primary_ecl_depth_error,derived_secondary_ecl_phase,derived_secondary_ecl_phase_error,derived_secondary_ecl_duration,derived_secondary_ecl_duration_error,derived_secondary_ecl_depth,derived_secondary_ecl_depth_error
[from data line 39]
375316653866487564,4039436468763315456,0.4252659,2295.5711200040646,0.24980239811160948,1.8628954E-5,19.49733,0.009963308,null,null,null,null,null,null,null,null,null,null,null,null,0.13431484,0.016385702,0.36488694,0.006693519,"ELLIPSOIDAL",4,3.5852733,null,null,null,null,null,null,null,null,null,null,null,null
375316653866487564,4039436571842192768,0.5564388,2253.0205205709976,2.4702862019485705,2.1671824E-5,18.653343,0.017788894,0.34489334,0.0065217875,0.059814185,0.009562814,0.5697897,0.025630994,0.84458137,0.005647475,0.0755721,0.015005188,0.4187267,0.086627655,null,null,null,null,"TWOGAUSSIANS",8,6.711017,0.34489334,0.0065217875,0.33495945,0.05355176,0.56876034,0.025239283,0.84458137,0.005647475,0.4,0.003271821,0.41769728,0.08841833
375316653866487564,4039436674950631040,0.6037884,2278.56371832975,0.6903897371329022,1.9784446E-5,17.915676,0.004775309,0.25059137,0.12040568,0.09989136,0.08480928,0.021225603,0.012880626,0.79349893,1.7652104E-5,0.017000463,1.8063639E-4,2.5458145,0.09027812,null,null,null,null,"TWOGAUSSIANS",8,1.434962,0.79349893,1.7652104E-5,0.095202595,0.0010115638,2.545814,0.090151235,0.25059137,0.12040568,0.4,0.0,0.021224398,0.011785146
375316653866487564,4039436876700533632,0.4783124,2315.7589783051976,0.9514037863895493,1.7725204E-5,17.432688,0.0077228616,0.2653114,0.004367835,0.036833204,0.004064541,0.14906737,0.011917754,0.78789306,0.046874728,0.08743272,0.032020904,0.069191106,0.013829946,null,null,null,null,"TWOGAUSSIANS",8,10.739283,0.2653114,0.004367835,0.20626596,0.022761429,0.14904472,0.011855414,0.78789306,0.046874728,0.4,0.022491213,0.06916842,0.013795342
375316653866487564,4039436984159109504,0.54920065,2293.979538917786,0.11631547523810531,4.7816306E-5,19.143208,0.004497183,0.2718921,0.0071204673,0.021692751,0.00345631,0.35863918,0.041573253,0.55020887,0.025183847,0.024550669,0.033428755,0.23477855,0.28645167,null,null,null,null,"TWOGAUSSIANS",8,2.0766158,0.2718921,0.0071204673,0.1214794,0.019355334,0.35863918,0.04157325,0.55020887,0.025183847,0.13748375,0.18720102,0.23477855,0.28645167
375316653866487564,4039437087238324864,0.5627384,2251.8237871234446,3.6392624974150567,1.8494E-5,18.737968,0.020287659,0.23153095,0.008507841,0.08925949,0.012990604,0.32120532,0.022386879,0.7339621,0.005496583,0.077853985,0.009786807,0.32377085,0.019518329,null,null,null,null,"TWOGAUSSIANS",8,2.68325,0.7339621,0.005496583,0.4,0.0,0.3167655,0.016531635,0.23153095,0.008507841,0.4,0.0,0.31419986,0.018425379
375316653866487564,4039437190320435712,0.4475421,2313.2435690262005,1.6126950257970951,3.3069286E-5,19.867891,0.12155376,0.2957343,0.015390211,0.08592915,0.047913004,0.4391517,0.571599,0.78283566,0.012114391,0.11488038,0.044981744,0.32662836,0.17099372,null,null,null,null,"TWOGAUSSIANS",8,2.4034083,0.29575428,0.015423827,0.4,0.04810259,0.4113011,0.6211149,0.78283566,0.012114391,0.4,0.0,0.2987217,0.1653983
375316653866487564,4039437190346667136,0.4637913,2289.6500427729407,1.121379787187804,8.913526E-5,19.469793,0.014598619,0.24403678,0.04912002,0.06514743,0.034880057,0.18621725,0.044938356,0.55633104,0.045780163,0.12886585,0.03664027,0.2152934,0.028217394,null,null,null,null,"TWOGAUSSIANS",8,2.5362582,0.55633104,0.045780163,0.4,0.0,0.2145483,0.02818103,0.24936678,0.050143693,0.36482564,0.17790802,0.19746374,0.05395964
375316653866487564,4039437362116973952,0.44712633,2349.8521357208665,0.936795608640651,7.481672E-5,18.820446,0.139621,0.3689364,0.012224656,0.19933358,0.054503087,0.44752914,0.13469799,0.86752003,0.011837704,0.028121723,0.009803063,0.17232728,0.027203158,null,null,null,null,"TWOGAUSSIANS",8,14.112024,0.3689364,0.012224656,0.4,0.0,0.39015934,0.04970124,0.86752003,0.0120419795,0.15748166,0.054897152,0.15347114,0.02074031
375316653866487564,4039438014953350400,0.4855663,2269.7485017844588,1.2183242207291176,2.1032674E-5,18.680868,0.00746901,0.4181637,0.010173013,0.052432857,0.010842268,0.063196756,0.011384179,0.80109626,0.005435727,0.050318934,0.0060961857,0.16855684,0.022625636,null,null,null,null,"TWOGAUSSIANS",8,1.2076081,0.80109626,0.005435727,0.28178602,0.03413864,0.16855684,0.022625642,0.4181637,0.010173013,0.293624,0.0607167,0.06319675,0.011384179
375316653866487564,4039438083672036864,0.47485965,2240.348322575675,2.9339053493842187,4.752235E-5,19.249329,0.0392199,0.29883468,0.002607248,0.064558916,0.008390645,0.47645083,0.034283724,0.7742679,0.085127935,0.07754605,0.053706843,0.5392239,0.079341225,null,null,null,null,"TWOGAUSSIANS",8,13.934058,0.7742679,0.085127935,0.4,0.23294158,0.53810805,0.07543317,0.29883468,0.0026025455,0.36152992,0.04698761,0.47533497,0.03192781
375316653866487564,4039438186779215872,0.510089,2252.84330116832,3.1235658458708175,2.6818108E-5,19.736084,0.027675698,0.19084568,0.005979357,0.07626692,0.010040399,0.2970024,0.026749536,0.715572,0.04778775,0.07115708,0.037641175,0.48607102,1.1925501,null,null,null,null,"TWOGAUSSIANS",8,1.5076227,0.715572,0.04778775,0.39847967,0.20825334,0.48473915,1.1942304,0.19084568,0.005979357,0.4,0.018265115,0.2956705,0.02567368
375316653866487564,4039438461629738880,0.5028752,2370.57582861451,0.7379821625657498,5.4658693E-5,18.993963,0.03311517,0.13660401,0.060899425,0.1588041,0.07752663,0.10678351,0.04370279,0.75333303,0.01126713,0.048333306,0.012767848,0.52988696,1.1297649,null,null,null,null,"TWOGAUSSIANS",8,3.8253708,0.7537131,0.011206907,0.2706665,0.071499944,0.5326166,1.1302836,0.13660401,0.060899425,0.4,0.0,0.10363692,0.03927
375316653866487564,4039439045748118016,0.47314346,2289.739081130171,0.4127866923335144,4.4562414E-5,19.427986,0.16252126,0.5058642,0.020675847,0.121976286,0.0855303,0.25375724,0.15659855,0.83785605,0.1549198,0.138754,0.07385184,0.09139618,0.105642796,null,null,null,null,"TWOGAUSSIANS",8,2.662511,0.51159424,0.012153814,0.4,0.0,0.24850929,0.05286729,0.83785605,0.1549198,0.4,0.0,0.08691719,0.052520454
375316653866487564,4039439183212355200,0.48953012,2261.1064151531314,2.648455535400276,1.6911657E-5,17.856407,0.037408352,0.25311565,0.013800685,0.08856891,0.03538158,0.1933501,0.025854483,0.735042,0.0042136014,0.08326365,0.026619615,0.24717054,0.03695836,null,null,null,null,"TWOGAUSSIANS",8,11.628741,0.735042,0.0042136014,0.4,0.0,0.24255416,0.04870916,0.25311565,0.013806007,0.4,0.0,0.18873367,0.02001583
375316653866487564,4039439247521467008,0.51867753,2241.301925691878,0.17299256218184433,3.5775687E-5,19.08731,0.0033974717,0.37848014,0.012661057,0.08937113,0.013420843,0.20803086,0.036671106,0.5754523,0.010452623,0.023160677,0.009856413,0.09517619,0.02159584,null,null,null,null,"TWOGAUSSIANS",8,0.5433159,0.37848014,0.012661057,0.4,0.0,0.20803079,0.036671165,0.5754523,0.010452623,0.1296998,0.055195913,0.11351315,0.021701554
375316653866487564,4039439350639648256,0.49006307,2221.5380377510833,0.40772772736092094,1.1321072E-4,18.447903,0.03558472,0.3698459,0.014906997,0.19473363,0.051079407,0.15169807,0.031567544,0.90120286,0.009701174,0.04312088,0.022876758,0.049993906,0.0139358025,null,null,null,null,"TWOGAUSSIANS",8,2.8401818,0.3698459,0.014906997,0.4,0.0,0.13335899,0.013542006,0.90327287,0.011325285,0.24147694,0.12810984,0.04375645,0.008996364
375316653866487564,4039439526784843264,0.48824316,2192.557486167945,0.20639389667885408,8.094938E-5,19.404375,0.06504401,0.32906327,0.027788164,0.07741563,0.03113574,0.2919835,0.07254959,0.83155674,0.007956875,0.10200672,0.04702784,0.2801058,0.023927184,null,null,null,null,"TWOGAUSSIANS",8,2.1346517,0.32906327,0.027788056,0.4,0.112342395,0.28081626,0.047161557,0.83155674,0.007956875,0.4,0.0,0.26893517,0.051450666
375316653866487564,4039439698583776384,0.47347787,2280.1649272257655,0.22509371326558056,3.72498E-5,19.67278,0.017453274,0.37807348,0.046927664,0.08360054,0.036374968,0.2605149,0.08936713,0.85395926,0.007976774,0.07737789,0.018843563,0.15143308,0.0152125675,null,null,null,null,"TWOGAUSSIANS",8,1.2349727,0.37807348,0.046927664,0.4,0.119640134,0.25851822,0.08984754,0.85395926,0.007976774,0.4,0.039504215,0.14943643,0.012452548
375316653866487564,4039439698583789568,0.434324,2254.8293102477664,0.14998476579655473,3.6114725E-5,18.561146,0.0151540665,0.3427253,0.01022258,0.06398623,0.00883802,0.1376897,0.017864635,null,null,null,null,null,null,null,null,null,null,"ONEGAUSSIAN",5,11.419792,0.3427253,0.01022258,0.3583229,0.049492914,0.1376897,0.0,null,null,null,null,null,null
375316653866487564,4039439732943580544,0.5029138,2289.305646630704,0.22245475300396653,2.5567637E-5,19.575407,0.10754042,0.22538683,0.023201056,0.11178277,0.03593582,0.54888624,0.18112269,0.75084525,0.007241822,0.11197831,0.027488433,0.5404487,0.10627102,null,null,null,null,"TWOGAUSSIANS",8,1.9423217,0.22533683,0.02313379,0.4,0.0,0.4798312,0.22530952,0.75089526,0.0071671177,0.4,0.0,0.4713924,0.049886506
375316653866487564,4039439801663225088,0.5586092,2255.0483771109157,2.867221736657267,1.5157701E-5,17.972189,0.007043855,0.20345013,0.003091491,0.09190408,0.0074476567,0.16065703,0.009618143,0.7012277,0.007113508,0.08084908,0.009163753,0.22030431,0.010612268,null,null,null,null,"TWOGAUSSIANS",8,2.5183535,0.7012277,0.007113508,0.4,0.0,0.21488996,0.010415838,0.20345013,0.003091491,0.4,0.0,0.15524256,0.009981635
375316653866487564,4039439900357534976,0.49158838,2232.4758327593463,0.13006411209069293,1.2773161E-5,18.191605,0.0141261555,0.24877892,0.006787131,0.08820973,0.0153809665,0.24769573,0.030394394,0.72747844,0.0022974361,0.04003053,0.004635632,0.120518714,0.01603598,null,null,null,null,"TWOGAUSSIANS",8,4.3698344,0.24877892,0.006787131,0.4,0.0,0.24760075,0.030628167,0.72747844,0.0022974361,0.22417098,0.02595954,0.12042383,0.01568673
375316653866487564,4039439934755168128,0.57060134,2263.616147473793,2.800468638837141,1.2443655E-5,18.212196,0.0031825425,0.7878476,0.0032165442,0.0063640513,0.014060556,0.03107311,0.19710243,null,null,null,null,null,null,0.12031516,0.004670101,0.7878476,0.0032165442,"ONEGAUSSIAN_WITH_ELLIPSOIDAL",6,3.0115042,0.7878476,0.0032165442,0.03563869,0.078739114,0.2717031,0.20173328,null,null,null,null,null,null
375316653866487564,4039440037795499136,0.5583695,2286.4988326393404,2.020084513890251,1.0279837E-5,17.568745,0.007290547,0.24074261,0.004343757,0.09452251,0.006086533,0.20616114,0.009573702,0.73338735,0.0053876364,0.07827969,0.004535486,0.3112086,0.016137427,null,null,null,null,"TWOGAUSSIANS",8,4.943214,0.73338735,0.0053876364,0.4,0.0,0.30460325,0.014840271,0.24074261,0.004343757,0.4,0.0,0.1995554,0.008868673
375316653866487564,4039440042207697152,0.44717985,2309.1169177574902,0.17666737138380267,4.1154475E-5,19.224045,0.014585119,0.2255692,0.006918791,0.059678733,0.011313598,0.22985895,0.02362203,0.89556783,0.029369429,0.04582089,0.020077584,0.116203815,0.05032091,null,null,null,null,"TWOGAUSSIANS",8,4.4473505,0.2255692,0.006918791,0.3342009,0.063356146,0.22985895,0.02362203,0.89556783,0.029369429,0.25659698,0.11243448,0.11620387,0.05032113
375316653866487564,4039440110901235328,0.46772167,2249.0709647908984,0.29028739670887943,5.4766107E-5,19.260757,0.052461565,0.121988006,0.004507778,0.054386944,0.02281038,0.19446118,0.19128032,0.59471905,0.014127807,0.17487946,0.04970759,0.21642192,0.04405276,null,null,null,null,"TWOGAUSSIANS",8,3.8910167,0.59471905,0.014127807,0.4,0.0,0.19062556,0.023361757,0.122728005,0.003372295,0.3045669,0.12773813,0.17658482,0.20618643
375316653866487564,4039440110901261568,0.50470585,2283.831397619145,2.4706055965399716,1.7248243E-5,19.058231,0.04721195,0.26752585,0.006243433,0.09682444,0.016653176,0.3574392,0.040112518,0.786717,0.0060237525,0.09971583,0.020552672,0.2893146,0.037405632,null,null,null,null,"TWOGAUSSIANS",8,2.7843323,0.26752585,0.0062398333,0.4,0.0,0.33786532,0.023433851,0.786717,0.0060199266,0.4,0.0,0.26973957,0.024099082
375316653866487564,4039440110901346560,0.42346504,2218.9481056390846,0.07755986418738217,3.683169E-5,18.940142,0.034306996,0.12509702,0.017893156,0.0110596465,0.010947998,0.30320174,1.29577216E9,null,null,null,null,null,null,0.15671772,0.044006415,0.12509702,0.017893156,"ONEGAUSSIAN_WITH_ELLIPSOIDAL",6,10.883527,0.12509702,0.017893156,0.06193402,0.061308786,0.6166366,1.29577216E9,null,null,null,null,null,null
375316653866487564,4039440145261192448,0.43944055,2360.8251927662754,4.1058430301903375,3.2464843E-5,19.067808,0.026140109,0.2873851,0.0074144932,0.076061904,0.013390198,0.26673263,0.072591014,0.7517214,0.013392,0.10848057,0.01819675,0.16853952,0.035284728,null,null,null,null,"TWOGAUSSIANS",8,3.508589,0.28739512,0.007417644,0.4,0.031194832,0.2608755,0.071417004,0.7517214,0.013392,0.4,0.0,0.16266382,0.031493574
375316653866487564,4039440282699392768,0.5305153,2239.8617246892045,3.246557200371304,3.181506E-5,19.951145,0.022603704,0.24232599,0.0073621897,0.052543692,0.010118889,0.3786848,0.06496688,null,null,null,null,null,null,0.1132766,0.027036607,0.24232599,0.0073621897,"ONEGAUSSIAN_WITH_ELLIPSOIDAL",6,1.7839613,0.24232599,0.0073621897,0.29424468,0.05666578,0.6052332,0.045723837,null,null,null,null,null,null
375316653866487564,4039440385782410496,0.54552275,2253.0797497257713,2.664415760887845,5.0441184E-5,18.985882,0.018391745,0.23574917,0.009703946,0.08816388,0.008711649,0.32336926,0.02551627,0.720893,0.031274736,0.08242992,0.044165604,0.386442,0.23064153,null,null,null,null,"TWOGAUSSIANS",8,2.6564035,0.720893,0.031274736,0.4,0.15987474,0.3790352,0.23724735,0.23574917,0.009703946,0.4,0.0,0.31596237,0.020754917
375316653866487564,4039440553230593920,0.549932,2256.749604064628,2.160995231685882,2.4115901E-5,18.256878,0.024848541,0.25345677,0.00975733,0.087567806,0.017193899,0.28470567,0.03628435,0.77221954,0.0036061124,0.09601,0.008613258,0.30025455,0.025040256,null,null,null,null,"TWOGAUSSIANS",8,4.8314404,0.77221954,0.0036061124,0.4,0.0,0.28946453,0.015734518,0.25345677,0.00975733,0.4,0.0,0.27391675,0.037759546
375316653866487564,4039440660681389184,0.48684964,2194.8081247992236,1.2106865021169113,6.821201E-5,18.805912,0.07159455,0.31880528,0.020467306,0.10493409,0.02083136,0.22101435,0.036562614,0.9354731,0.03453325,0.17064005,0.080993816,0.12741122,0.06843854,null,null,null,null,"TWOGAUSSIANS",8,1.7012537,0.3117453,0.01386081,0.4,0.0,0.20755044,0.014633184,0.93787307,0.033235468,0.4,0.0,0.10337441,0.013007393
375316653866487564,4039440729377123968,0.4909104,2315.32898404491,0.99521455096861,6.32349E-5,19.706299,0.007787012,0.28621572,0.0060108425,0.043578587,0.0070946068,0.22708407,0.033744153,0.7935176,0.00851329,0.042724308,0.011160846,0.15977572,0.023238078,null,null,null,null,"TWOGAUSSIANS",8,1.0000824,0.28621572,0.0060108425,0.24404009,0.0397298,0.22708406,0.03374418,0.7935176,0.00851329,0.23925611,0.06250074,0.15977572,0.023238085
375316653866487564,4039440832454050816,0.46985555,2232.1901191483457,3.0689439279505697,5.367473E-6,19.472696,0.011273077,0.2748271,0.0040980172,0.030246552,0.009126732,0.45533395,0.7464241,0.830068,8.404662E-4,0.0251786,0.0016774007,0.33424225,0.023536531,null,null,null,null,"TWOGAUSSIANS",8,3.4944522,0.2748271,0.0040980172,0.1693807,0.0511097,0.45533395,0.7464241,0.830068,8.404662E-4,0.14100015,0.009393444,0.33424225,0.023536531
375316653866487564,4039440832454088704,0.4683615,2219.812293581817,0.5474800917423888,3.1758496E-5,18.689987,0.26585993,0.23482631,0.033173334,0.12747823,0.051889203,0.26969934,0.15719767,0.69985,0.031810723,0.2213443,0.15235111,0.23170789,0.26020634,null,null,null,null,"TWOGAUSSIANS",8,2.8318887,0.24261631,0.028415805,0.4,0.0,0.16633764,0.01633077,0.69985,0.031810723,0.4,0.0,0.09035611,0.01657313
