Gaia/vari_eclipsing_binary/VariEclipsingBinary_598401-598714.csv
# %ECSV 1.0
# ---
# delimiter: ','
# meta: !!omap
# - RELEASE: Gaia DR3
# - TABLE: vari_eclipsing_binary
# - DESCRIPTION: >
#     This table describes the properties of the eclipsing binaries resulting from the variability analysis. 
# - CITATION: >
#     How to cite and acknowledge Gaia: 
#     https://gea.esac.esa.int/archive/documentation/credits.html 
# - KNOWN_ISSUES: >
#     Known issues: 
#     https://www.cosmos.esa.int/web/gaia-users/known-issues 
# - DOCUMENTATION: >
#     Tutorials and documentation: 
#     https://www.cosmos.esa.int/web/gaia-users/archive 
# datatype:
# - 
#   name: solution_id
#   datatype: int64
#   description: Solution Identifier
#   meta:
#     ucd: meta.version
# - 
#   name: source_id
#   datatype: int64
#   description: Unique source identifier
#   meta:
#     ucd: meta.id;meta.main
# - 
#   name: global_ranking
#   datatype: float32
#   description: Number between 0 (worst) and 1 (best)
#   meta:
#     ucd: stat.param
# - 
#   name: reference_time
#   datatype: float64
#   unit: d
#   description: Reference time used for the geometric model fit
#   meta:
#     ucd: time.epoch
# - 
#   name: frequency
#   datatype: float64
#   unit: d**-1
#   description: Frequency of geometric model of the eclipsing binary light curve
#   meta:
#     ucd: src.orbital
# - 
#   name: frequency_error
#   datatype: float32
#   unit: d**-1
#   description: "Uncertainty of \\texttt{frequency}"
#   meta:
#     ucd: stat.error
# - 
#   name: geom_model_reference_level
#   datatype: float32
#   unit: mag
#   description: Magnitude reference level of geometric model
#   meta:
#     ucd: phot.mag;em.opt
# - 
#   name: geom_model_reference_level_error
#   datatype: float32
#   unit: mag
#   description: "Uncertainty of \\texttt{geomModelReferenceLevel}"
#   meta:
#     ucd: stat.error;phot.mag;em.opt
# - 
#   name: geom_model_gaussian1_phase
#   datatype: float32
#   description: Phase of the Gaussian 1 component
#   meta:
#     ucd: time.phase
# - 
#   name: geom_model_gaussian1_phase_error
#   datatype: float32
#   description: "Uncertainty of \\texttt{geomModelGaussian1Phase}"
#   meta:
#     ucd: stat.error;time.phase
# - 
#   name: geom_model_gaussian1_sigma
#   datatype: float32
#   description: "Standard deviation [phase] of Gaussian 1 component"
#   meta:
#     ucd: stat.stdev
# - 
#   name: geom_model_gaussian1_sigma_error
#   datatype: float32
#   description: "Uncertainty of \\texttt{geomModelGaussian1Sigma}"
#   meta:
#     ucd: stat.error
# - 
#   name: geom_model_gaussian1_depth
#   datatype: float32
#   unit: mag
#   description: Magnitude depth of Gaussian 1 component
#   meta:
#     ucd: src.var.amplitude
# - 
#   name: geom_model_gaussian1_depth_error
#   datatype: float32
#   unit: mag
#   description: "Uncertainty of \\texttt{geomModelGaussian1Depth}"
#   meta:
#     ucd: stat.error;src.var.amplitude
# - 
#   name: geom_model_gaussian2_phase
#   datatype: float32
#   description: Phase of Gaussian 2 component
#   meta:
#     ucd: time.phase
# - 
#   name: geom_model_gaussian2_phase_error
#   datatype: float32
#   description: "Uncertainty of \\texttt{geomModelGaussian2Phase}"
#   meta:
#     ucd: stat.error;time.phase
# - 
#   name: geom_model_gaussian2_sigma
#   datatype: float32
[...]
#   datatype: float32
#   description: "Secondary eclipse: uncertainty of \\texttt{derivedSecondaryEclDuration}"
#   meta:
#     ucd: stat.error;time.duration
# - 
#   name: derived_secondary_ecl_depth
#   datatype: float32
#   unit: mag
#   description: "Secondary eclipse: depth"
#   meta:
#     ucd: src.var.amplitude
# - 
#   name: derived_secondary_ecl_depth_error
#   datatype: float32
#   unit: mag
#   description: "Secondary eclipse: uncertainty of \\texttt{derivedSecondaryEclDepth}"
#   meta:
#     ucd: stat.error;src.var.amplitude
solution_id,source_id,global_ranking,reference_time,frequency,frequency_error,geom_model_reference_level,geom_model_reference_level_error,geom_model_gaussian1_phase,geom_model_gaussian1_phase_error,geom_model_gaussian1_sigma,geom_model_gaussian1_sigma_error,geom_model_gaussian1_depth,geom_model_gaussian1_depth_error,geom_model_gaussian2_phase,geom_model_gaussian2_phase_error,geom_model_gaussian2_sigma,geom_model_gaussian2_sigma_error,geom_model_gaussian2_depth,geom_model_gaussian2_depth_error,geom_model_cosine_half_period_amplitude,geom_model_cosine_half_period_amplitude_error,geom_model_cosine_half_period_phase,geom_model_cosine_half_period_phase_error,model_type,num_model_parameters,reduced_chi2,derived_primary_ecl_phase,derived_primary_ecl_phase_error,derived_primary_ecl_duration,derived_primary_ecl_duration_error,derived_primary_ecl_depth,derived_primary_ecl_depth_error,derived_secondary_ecl_phase,derived_secondary_ecl_phase_error,derived_secondary_ecl_duration,derived_secondary_ecl_duration_error,derived_secondary_ecl_depth,derived_secondary_ecl_depth_error
[from data line 146]
375316653866487564,5265050329133686784,0.53992987,2171.036262598209,0.7615732751199382,1.363039E-4,19.56137,0.00783413,0.34222314,0.0010514455,0.035478853,5.4155686E-4,1.4119811,0.029206173,0.6518102,0.055346504,0.114156336,0.032831136,0.045366876,0.01512554,null,null,null,null,"TWOGAUSSIANS",8,1.7184216,0.34224316,0.0010261402,0.19868158,0.0030327183,1.4131222,0.030715527,0.6518102,0.055346504,0.4,0.0,0.045360215,0.015123277
375316653866487564,5265055792323996672,0.49801126,2201.419408763241,1.860588384286991,1.05825175E-5,19.249321,0.01974641,0.23507138,0.007030446,0.10110822,0.012401448,0.19392207,0.023061594,0.72223395,0.0070566796,0.095160656,0.012371544,0.21903439,0.019130945,null,null,null,null,"TWOGAUSSIANS",8,1.3405662,0.72223395,0.0070566796,0.4,0.0,0.20550859,0.013138294,0.23507138,0.007030446,0.4,0.0,0.18039456,0.014590879
375316653866487564,5265068982168376704,0.50084776,2169.3368249058462,1.1695404015813535,4.2547974E-5,19.375393,0.076170415,0.17876132,0.020592358,0.15804006,0.03470305,0.23582436,0.067379594,0.6096805,0.008849745,0.11125436,0.016783472,0.31013095,0.0638975,null,null,null,null,"TWOGAUSSIANS",8,1.3745435,0.6096805,0.008849745,0.4,0.0,0.26115817,0.01537995,0.17940132,0.019647582,0.4,0.0,0.18093444,0.01983634
375316653866487564,5265078705974598144,0.4599728,2214.4771102271056,0.13428503673398198,4.915515E-5,19.491774,0.014156005,0.27841988,0.008867071,0.090073034,0.013375561,0.18466502,0.018866023,0.75549966,0.016068824,0.06562678,0.037196912,0.23240675,0.16570562,null,null,null,null,"TWOGAUSSIANS",8,2.1493201,0.75549966,0.016068824,0.36750996,0.14993913,0.23098357,0.16913424,0.27841988,0.008867071,0.4,0.0,0.1832417,0.018136544
375316653866487564,5265079156952440704,0.5186069,2191.942089103471,0.11458285955574021,1.9326302E-5,18.839758,0.025967408,0.20513228,0.003937783,0.034091014,0.0039528497,1.2401326,0.04615572,0.67735046,0.026726395,0.124888495,0.028755916,0.16927025,0.030075476,null,null,null,null,"TWOGAUSSIANS",8,22.573145,0.20513228,0.003931825,0.19090968,0.022135958,1.2386522,0.046658084,0.67735046,0.026726395,0.4,0.0,0.16763446,0.028079819
375316653866487564,5265082691704533376,0.43693516,2170.8865414440224,1.423592425472239,5.1444167E-5,18.972944,0.0060424902,null,null,null,null,null,null,null,null,null,null,null,null,0.05840701,0.006918899,0.15045504,0.012620993,"ELLIPSOIDAL",4,3.863291,null,null,null,null,null,null,null,null,null,null,null,null
375316653866487564,5265085204265915264,0.62401026,2152.2432255062913,2.3255316945925077,6.636218E-6,13.277857,0.008999223,0.3062568,0.002616666,0.09493361,0.0036566276,0.38845167,0.011928879,0.8044348,0.0019221285,0.08985758,0.002930649,0.4309082,0.0100069335,null,null,null,null,"TWOGAUSSIANS",8,223.44067,0.8044348,0.0019221285,0.4,0.0,0.41046506,0.006787985,0.3062568,0.002616666,0.4,0.0,0.36800796,0.010958981
375316653866487564,5265085891453426304,0.4805022,2187.6639210012263,1.170861667215549,4.103996E-5,19.624544,0.0832291,0.24233206,0.008622814,0.09381614,0.018430423,0.5860179,0.08500246,0.7527621,0.013569566,0.082864046,0.037655044,0.37350002,0.06965494,null,null,null,null,"TWOGAUSSIANS",8,6.6888165,0.24233206,0.008623614,0.4,0.0,0.5714554,0.06862984,0.7527621,0.013583554,0.4,0.0,0.35893846,0.039384622
375316653866487564,5265085990239702272,0.45084918,2191.117537954932,1.3245267088289363,3.4707376E-5,17.68221,0.0027977382,0.20414154,0.0039158096,0.0096553005,0.011798595,0.056076694,0.22912514,0.7805932,0.006709346,0.06111855,0.004731565,0.07317466,0.0084310565,null,null,null,null,"TWOGAUSSIANS",8,3.7409225,0.7805932,0.006709346,0.34226388,0.026496764,0.07317466,0.0084310565,0.20414154,0.0039158096,0.054069683,0.066072136,0.056076694,0.22912514
375316653866487564,5265090491374394880,0.57131857,2167.138343033978,0.8178226975200616,5.4780207E-6,18.938519,0.008403648,0.2540819,0.0024004062,0.034321874,0.00279952,0.50300944,0.028697392,0.75557184,0.0214498,0.0332309,0.010256926,0.5307373,0.24848537,0.04200817,0.011868844,0.2540819,0.0024004062,"TWOGAUSSIANS_WITH_ELLIPSOIDAL_ON_ECLIPSE1",9,2.1131642,0.75557184,0.021245882,0.18609303,0.057438783,0.6147462,0.25069037,0.2540819,0.0024004062,0.1922025,0.015677312,0.58702576,0.026954666
375316653866487564,5265092454163495552,0.47567862,2176.990700235063,1.0298936317677934,3.380404E-5,19.621996,0.008839482,0.23061426,0.0075325877,0.051759012,0.007353866,0.2633418,0.041770678,0.745446,0.03730752,0.04730277,0.032692026,0.22259024,0.46118456,null,null,null,null,"TWOGAUSSIANS",8,1.6462376,0.23061426,0.0075325877,0.28985044,0.04118165,0.26334116,0.04176853,0.745446,0.03730752,0.26489553,0.18307534,0.22258957,0.4611866
375316653866487564,5265093652462008064,0.52832985,2225.5957568459867,0.04898782133739594,3.2091346E-5,18.497734,0.008247928,0.31076756,0.07164402,0.012328335,0.037503365,0.077967726,0.41356716,0.8024302,0.0042924313,0.02612357,0.0033983625,1.0297544,0.10957126,null,null,null,null,"TWOGAUSSIANS",8,16.251482,0.8024302,0.0042924313,0.146292,0.01903083,1.0297544,0.10957126,0.31076756,0.07164402,0.069038674,0.21001884,0.077967726,0.41356716
375316653866487564,5265095026850505216,0.4548674,2139.288193740365,0.059523366701554815,3.138535E-5,18.076002,0.0037368317,0.3894201,0.008857937,0.06992246,0.0072657294,0.0995219,0.022494433,0.8462502,0.007374969,0.052067593,0.0071763257,0.08184839,0.0038559288,null,null,null,null,"TWOGAUSSIANS",8,2.3456943,0.3894201,0.008857937,0.3915658,0.039145906,0.09951292,0.022496631,0.8462502,0.007374969,0.2915785,0.040187426,0.08183941,0.0038466454
375316653866487564,5265098123529760128,0.5179098,2174.6191601558457,0.08208768356456442,3.1792973E-5,19.816355,0.013321263,0.108390555,4.1980925E-4,0.009415369,3.376001E-4,0.94297004,0.026758919,0.64099336,0.019543745,0.057804093,0.011001623,0.50259787,0.40496844,0.026800195,0.020743022,0.108390555,4.1980925E-4,"TWOGAUSSIANS_WITH_ELLIPSOIDAL_ON_ECLIPSE1",9,3.6657841,0.108390555,4.1980925E-4,0.052726064,0.0018905606,0.9965672,0.03654327,0.64099336,0.019543745,0.3237029,0.061609093,0.5539771,0.40600818
375316653866487564,5265109801539536512,0.5305934,2205.150214775403,1.2428929468754966,3.2681008E-5,19.459034,0.008167822,0.26542386,0.014712394,0.07400616,0.019387491,0.30220285,0.22352763,0.76396894,0.0032853638,0.06355127,0.005284488,0.68260735,0.0653334,null,null,null,null,"TWOGAUSSIANS",8,2.3599112,0.76396894,0.0032853638,0.35588712,0.029593132,0.6814752,0.06615696,0.26542386,0.014712394,0.4,0.08556167,0.30107075,0.22463016
375316653866487564,5265109874560292352,0.49780914,2196.029234749979,0.23481025225003177,1.02687794E-4,17.437496,0.0020296902,0.2935328,0.0040005315,0.009831323,0.0027002788,0.020322759,0.0037007472,0.66918653,0.009909914,0.032621756,0.00709431,0.27532887,0.1911793,null,null,null,null,"TWOGAUSSIANS",8,3.318269,0.66918653,0.009909914,0.18268184,0.039728135,0.27532887,0.1911793,0.2935328,0.0040005315,0.05505541,0.015121561,0.020322759,0.0037007472
375316653866487564,5265115058579012224,0.49815843,2189.629664814769,0.5099739894992705,1.11121335E-4,19.951189,0.030423952,0.27411512,0.026359113,0.09217482,0.034392197,0.11830386,0.04951971,0.69386864,0.054679636,0.043826587,0.02172374,0.71593225,0.59287244,null,null,null,null,"TWOGAUSSIANS",8,2.891273,0.69386864,0.054679636,0.24542889,0.121652946,0.7158935,0.5902763,0.27411512,0.026359113,0.4,0.0,0.11826136,0.049926627
375316653866487564,5265126088055604992,0.5050545,2243.8969026513814,0.859415105533589,2.2908607E-5,19.025467,0.0057971696,0.15493281,0.006392004,0.06149915,0.0070236847,0.19589724,0.017469812,0.67516905,0.004806875,0.052381564,0.0063073467,0.2023825,0.015391683,null,null,null,null,"TWOGAUSSIANS",8,2.039715,0.67516905,0.004806875,0.29333675,0.035321143,0.20237085,0.015407317,0.15493281,0.006392004,0.34439522,0.039332636,0.19588558,0.017475441
375316653866487564,5265154263038639488,0.47380915,2202.757958609519,1.3131080896622571,1.7514305E-5,19.04766,0.016258722,0.2971897,0.025277466,0.076113865,0.03485693,0.11262478,0.020027095,0.78300184,0.004945019,0.079992086,0.0128154745,0.177999,0.0140969725,null,null,null,null,"TWOGAUSSIANS",8,1.7284492,0.78300184,0.004945019,0.4,0.0,0.17674707,0.013090003,0.2971897,0.025277466,0.4,0.07428613,0.11137284,0.020311845
375316653866487564,5265155018952892928,0.47376388,2212.714999673828,0.6646716736916448,3.916485E-5,18.334185,0.005430341,0.20516782,0.0092778085,0.043141186,0.0063727284,0.121937804,0.020155367,0.6883531,0.0055084084,0.054369632,0.011061004,0.09536781,0.01825986,null,null,null,null,"TWOGAUSSIANS",8,2.3560972,0.20516782,0.0092778085,0.24159065,0.03568728,0.12193764,0.020155335,0.6883531,0.0055084084,0.30446994,0.061941624,0.09536765,0.018260391
375316653866487564,5265155156391879040,0.52425,2220.9502744741944,0.24356444842415031,2.4099132E-5,19.437983,0.004850363,0.22436987,0.0030413035,0.041962624,0.0039710696,0.12909934,0.013912285,0.71447015,0.0015858931,0.028191358,0.0017190536,1.0215191,0.1846539,null,null,null,null,"TWOGAUSSIANS",8,1.2777041,0.71447015,0.0015858931,0.1578716,0.009626701,1.0215191,0.1846539,0.22436987,0.0030413035,0.2349907,0.02223799,0.12909934,0.013912285
375316653866487564,5265164399162523904,0.5697534,2231.474659936266,0.5868006485795131,1.0070367E-5,18.989622,0.0047601685,0.21538961,0.03615157,0.042470414,0.017158741,0.22700311,0.07999621,0.71310806,0.0012570369,0.039322127,0.0010202916,1.005991,0.07132769,null,null,null,null,"TWOGAUSSIANS",8,2.072444,0.71310806,0.0012570369,0.22020392,0.0057136333,1.0059909,0.07132769,0.21538961,0.03615157,0.23783432,0.09608895,0.22700311,0.079996206
375316653866487564,5265167324038652800,0.611001,2226.763773745411,2.677788126041145,1.540191E-5,15.076764,0.01149885,0.22700666,0.009607928,0.036002044,0.007765644,0.19820397,0.028717766,0.7356327,0.0022195098,0.051035926,0.004731645,0.3262246,0.027558768,0.116064414,0.015221013,0.7356327,0.0022195098,"TWOGAUSSIANS_WITH_ELLIPSOIDAL_ON_ECLIPSE2",9,166.50612,0.7356327,0.0022195098,0.2858012,0.02649721,0.5583512,0.012957064,0.22792666,0.008891294,0.20161144,0.04348761,0.42972213,0.013977952
375316653866487564,5265171928243593984,0.44747847,2221.9985308025794,4.094274087015061,1.7844E-5,13.533204,0.015272879,0.11302417,0.018669112,0.08672699,0.022159925,0.1341027,0.09801743,0.6288779,0.009167303,0.10853238,0.014814707,0.14182617,0.015861087,null,null,null,null,"TWOGAUSSIANS",8,78.06651,0.6288779,0.009167303,0.4,0.0,0.13344239,0.009296921,0.11301417,0.018684449,0.4,0.01122126,0.12572743,0.10111943
375316653866487564,5265175742169733760,0.5336274,2191.74986491671,4.720106998039878,1.7817189E-5,18.96973,0.02413355,0.25098583,0.0066282083,0.09167417,0.013154609,0.27110413,0.01973647,0.75388753,0.0038552613,0.090156555,0.008645996,0.32863405,0.022657774,null,null,null,null,"TWOGAUSSIANS",8,2.0627997,0.75388753,0.0038552613,0.4,0.0,0.3156274,0.01624809,0.25098583,0.0066282083,0.4,0.0,0.2580974,0.012176361
375316653866487564,5265183468816925952,0.43728253,2212.9517507926184,1.8463545097943226,7.358392E-5,19.174212,0.041770354,0.26932272,0.008517326,0.104560144,0.020434244,0.21003522,0.03983998,0.76227784,0.011493279,0.09740274,0.027539436,0.16171947,0.038725622,null,null,null,null,"TWOGAUSSIANS",8,4.0086956,0.26932272,0.008517248,0.4,0.0,0.19421445,0.019436862,0.76227784,0.011493279,0.4,0.0,0.14590281,0.023162946
375316653866487564,5265199205575795200,0.58602357,2183.093782013671,3.959393318026691,5.771898E-6,18.052061,0.009833971,0.27274114,0.0020887654,0.09227718,0.0053381966,0.30144498,0.011177419,0.76663566,0.0021255373,0.08807998,0.0038843662,0.36090866,0.011666945,null,null,null,null,"TWOGAUSSIANS",8,2.6112592,0.76663566,0.0021255373,0.4,0.0,0.34808546,0.010809736,0.27274114,0.0020887654,0.4,0.0,0.2886216,0.011194465
375316653866487564,5265214804898779392,0.5797387,2147.354209936496,0.03478640498681798,1.569471E-5,18.652212,0.0053659487,0.24585427,0.0057292753,0.020876171,0.0076571037,0.40444717,0.23853494,0.7658394,0.012846937,0.04734668,0.009686976,0.1228304,0.044864967,0.073379874,0.0073195063,0.24585427,0.0057292753,"TWOGAUSSIANS_WITH_ELLIPSOIDAL_ON_ECLIPSE1",9,1.755604,0.24585427,0.0057292753,0.11690656,0.04287978,0.5512062,0.24720277,0.7658394,0.012846937,0.2651414,0.054247063,0.26728743,0.03641475
375316653866487564,5265220096297540224,0.46627074,2164.1485097968857,1.0853668789681548,4.5137072E-5,19.231245,0.035941225,0.31963953,0.01297975,0.13452195,0.020747209,0.19273792,0.034418393,0.7629634,0.009655236,0.10767627,0.014343654,0.243728,0.033562303,null,null,null,null,"TWOGAUSSIANS",8,1.6526631,0.7629634,0.009655236,0.4,0.0,0.21448486,0.012005807,0.3198195,0.012810693,0.4,0.0,0.1626648,0.011423662
375316653866487564,5265237074307212416,0.44558796,2212.3597697319,1.1067667214290964,3.839645E-5,13.589184,0.0017886063,null,null,null,null,null,null,null,null,null,null,null,null,0.026504029,0.002681999,0.30019665,0.0061217425,"ELLIPSOIDAL",4,86.89327,null,null,null,null,null,null,null,null,null,null,null,null
375316653866487564,5265241919030335872,0.5580633,2236.4746824514787,2.80279324687449,1.293916E-5,13.355805,0.029739155,0.2527445,0.0050109336,0.106652364,0.017013712,0.22161953,0.024005264,0.7616212,0.0045830198,0.10662157,0.015699426,0.21941672,0.027314212,null,null,null,null,"TWOGAUSSIANS",8,192.30435,0.2527345,0.0050326306,0.4,0.0,0.1960283,0.0073244865,0.76163113,0.0045839767,0.4,0.0,0.19382562,0.006611752
375316653866487564,5265248172502866432,0.497864,2181.4237171145164,1.0688381630979,1.6120486E-5,18.8432,0.055814993,0.25588334,0.0061252844,0.12193006,0.0244816,0.23766357,0.053311467,0.7398737,0.0039866227,0.11559809,0.014815186,0.31078467,0.0528574,null,null,null,null,"TWOGAUSSIANS",8,2.191681,0.7398737,0.0039866227,0.4,0.0,0.25994545,0.010446377,0.25595334,0.0061179264,0.4,0.0,0.18676682,0.009791282
375316653866487564,5265268646607355392,0.46688342,2185.0558326553933,0.973705614094151,4.9474576E-5,19.037745,0.006965936,0.36979693,0.0133462,0.015388006,0.024911363,0.042134885,0.04024473,0.8311487,0.0066400324,0.049981903,0.007370968,0.13481106,0.016145624,null,null,null,null,"TWOGAUSSIANS",8,2.2177882,0.8311487,0.0066400324,0.27989867,0.04127742,0.13481106,0.016145622,0.36979693,0.0133462,0.086172834,0.13950363,0.042134885,0.04024473
375316653866487564,5265280745532645760,0.5733627,2192.6597686409555,2.6431884818698306,8.065661E-6,14.31185,0.009365755,0.26635665,0.0026894123,0.046531793,0.009902038,0.08031711,0.041334573,0.7687964,0.010248139,0.0588891,0.008574402,0.08050505,0.022314675,0.12120623,0.010461382,0.26635665,0.0026894123,"TWOGAUSSIANS_WITH_ELLIPSOIDAL_ON_ECLIPSE1",9,190.80167,0.7687964,0.0090258755,0.32977894,0.048016652,0.32285196,0.010731801,0.26635665,0.0026894123,0.26057804,0.05545141,0.32272097,0.037101947
375316653866487564,5265291186595743744,0.48821574,2169.113771880429,0.11179286392319716,1.6636786E-5,19.281229,0.0053922185,0.16831024,0.00972254,0.031750195,0.007134437,0.4449623,0.34184173,0.6420412,0.0011753761,0.020053035,8.138298E-4,0.79405785,0.100038186,null,null,null,null,"TWOGAUSSIANS",8,1.9601033,0.6420412,0.0011753761,0.11229699,0.004557447,0.79405785,0.100038186,0.16831024,0.00972254,0.1778011,0.039952848,0.4449623,0.34184173
375316653866487564,5265295859520230784,0.55485886,2151.259308644549,0.929260932337679,1.0514258E-6,18.665133,0.008720866,0.28946516,0.02309468,0.0805979,0.033001095,0.024461722,0.009112607,0.5115472,1.4240187E-4,0.015429657,7.814554E-4,0.35814947,0.010649656,null,null,null,null,"TWOGAUSSIANS",8,2.2885618,0.5115472,1.4240187E-4,0.086406074,0.0043761507,0.3586988,0.011221315,0.28946516,0.02309468,0.4,0.07444958,0.024461722,0.009112588
375316653866487564,5265302563966116608,0.50768584,2159.761925944761,3.4989353148502707,3.5690322E-5,16.786123,0.020596813,0.2966708,0.004475977,0.08068366,0.009929151,0.24599238,0.01820237,0.81352556,0.009129199,0.06550842,0.013776065,0.3955623,0.108739264,null,null,null,null,"TWOGAUSSIANS",8,69.86993,0.81352556,0.009129199,0.36684716,0.04581688,0.394399,0.110678986,0.2966708,0.004475977,0.4,0.0,0.24482907,0.016301246
