Gaia/vari_eclipsing_binary/VariEclipsingBinary_334120-334488.csv
# %ECSV 1.0
# ---
# delimiter: ','
# meta: !!omap
# - RELEASE: Gaia DR3
# - TABLE: vari_eclipsing_binary
# - DESCRIPTION: >
#     This table describes the properties of the eclipsing binaries resulting from the variability analysis. 
# - CITATION: >
#     How to cite and acknowledge Gaia: 
#     https://gea.esac.esa.int/archive/documentation/credits.html 
# - KNOWN_ISSUES: >
#     Known issues: 
#     https://www.cosmos.esa.int/web/gaia-users/known-issues 
# - DOCUMENTATION: >
#     Tutorials and documentation: 
#     https://www.cosmos.esa.int/web/gaia-users/archive 
# datatype:
# - 
#   name: solution_id
#   datatype: int64
#   description: Solution Identifier
#   meta:
#     ucd: meta.version
# - 
#   name: source_id
#   datatype: int64
#   description: Unique source identifier
#   meta:
#     ucd: meta.id;meta.main
# - 
#   name: global_ranking
#   datatype: float32
#   description: Number between 0 (worst) and 1 (best)
#   meta:
#     ucd: stat.param
# - 
#   name: reference_time
#   datatype: float64
#   unit: d
#   description: Reference time used for the geometric model fit
#   meta:
#     ucd: time.epoch
# - 
#   name: frequency
#   datatype: float64
#   unit: d**-1
#   description: Frequency of geometric model of the eclipsing binary light curve
#   meta:
#     ucd: src.orbital
# - 
#   name: frequency_error
#   datatype: float32
#   unit: d**-1
#   description: "Uncertainty of \\texttt{frequency}"
#   meta:
#     ucd: stat.error
# - 
#   name: geom_model_reference_level
#   datatype: float32
#   unit: mag
#   description: Magnitude reference level of geometric model
#   meta:
#     ucd: phot.mag;em.opt
# - 
#   name: geom_model_reference_level_error
#   datatype: float32
#   unit: mag
#   description: "Uncertainty of \\texttt{geomModelReferenceLevel}"
#   meta:
#     ucd: stat.error;phot.mag;em.opt
# - 
#   name: geom_model_gaussian1_phase
#   datatype: float32
#   description: Phase of the Gaussian 1 component
#   meta:
#     ucd: time.phase
# - 
#   name: geom_model_gaussian1_phase_error
#   datatype: float32
#   description: "Uncertainty of \\texttt{geomModelGaussian1Phase}"
#   meta:
#     ucd: stat.error;time.phase
# - 
#   name: geom_model_gaussian1_sigma
#   datatype: float32
#   description: "Standard deviation [phase] of Gaussian 1 component"
#   meta:
#     ucd: stat.stdev
# - 
#   name: geom_model_gaussian1_sigma_error
#   datatype: float32
#   description: "Uncertainty of \\texttt{geomModelGaussian1Sigma}"
#   meta:
#     ucd: stat.error
# - 
#   name: geom_model_gaussian1_depth
#   datatype: float32
#   unit: mag
#   description: Magnitude depth of Gaussian 1 component
#   meta:
#     ucd: src.var.amplitude
# - 
#   name: geom_model_gaussian1_depth_error
#   datatype: float32
#   unit: mag
#   description: "Uncertainty of \\texttt{geomModelGaussian1Depth}"
#   meta:
#     ucd: stat.error;src.var.amplitude
# - 
#   name: geom_model_gaussian2_phase
#   datatype: float32
#   description: Phase of Gaussian 2 component
#   meta:
#     ucd: time.phase
# - 
#   name: geom_model_gaussian2_phase_error
#   datatype: float32
#   description: "Uncertainty of \\texttt{geomModelGaussian2Phase}"
#   meta:
#     ucd: stat.error;time.phase
# - 
#   name: geom_model_gaussian2_sigma
#   datatype: float32
[...]
#   datatype: float32
#   description: "Secondary eclipse: uncertainty of \\texttt{derivedSecondaryEclDuration}"
#   meta:
#     ucd: stat.error;time.duration
# - 
#   name: derived_secondary_ecl_depth
#   datatype: float32
#   unit: mag
#   description: "Secondary eclipse: depth"
#   meta:
#     ucd: src.var.amplitude
# - 
#   name: derived_secondary_ecl_depth_error
#   datatype: float32
#   unit: mag
#   description: "Secondary eclipse: uncertainty of \\texttt{derivedSecondaryEclDepth}"
#   meta:
#     ucd: stat.error;src.var.amplitude
solution_id,source_id,global_ranking,reference_time,frequency,frequency_error,geom_model_reference_level,geom_model_reference_level_error,geom_model_gaussian1_phase,geom_model_gaussian1_phase_error,geom_model_gaussian1_sigma,geom_model_gaussian1_sigma_error,geom_model_gaussian1_depth,geom_model_gaussian1_depth_error,geom_model_gaussian2_phase,geom_model_gaussian2_phase_error,geom_model_gaussian2_sigma,geom_model_gaussian2_sigma_error,geom_model_gaussian2_depth,geom_model_gaussian2_depth_error,geom_model_cosine_half_period_amplitude,geom_model_cosine_half_period_amplitude_error,geom_model_cosine_half_period_phase,geom_model_cosine_half_period_phase_error,model_type,num_model_parameters,reduced_chi2,derived_primary_ecl_phase,derived_primary_ecl_phase_error,derived_primary_ecl_duration,derived_primary_ecl_duration_error,derived_primary_ecl_depth,derived_primary_ecl_depth_error,derived_secondary_ecl_phase,derived_secondary_ecl_phase_error,derived_secondary_ecl_duration,derived_secondary_ecl_duration_error,derived_secondary_ecl_depth,derived_secondary_ecl_depth_error
[from data line 631]
375316653866487564,2941325923654650624,0.6004268,2273.5019916254014,2.1034898826367314,9.7496995E-6,17.471703,0.003261412,0.25200483,0.0021664368,0.059719857,0.0026272486,0.46032074,0.008892988,0.7468552,0.0048551452,0.07395218,0.0054444373,0.15266699,0.0066229776,null,null,null,null,"TWOGAUSSIANS",8,5.9789286,0.25200483,0.0021664368,0.3344312,0.014712592,0.4599331,0.008977375,0.7468552,0.0048551452,0.4,0.0,0.15227935,0.0067658676
375316653866487564,2941327749017675264,0.6410557,2275.8785999531046,0.4654031076270526,1.79733E-6,13.621901,6.826546E-4,0.29863968,0.0064544263,0.015421232,0.00508396,0.18589063,0.08296938,0.79922223,2.3174792E-4,0.014961427,3.2693057E-4,0.22568381,7.967543E-4,null,null,null,null,"TWOGAUSSIANS",8,18.076138,0.79922223,2.3174792E-4,0.08378399,0.0018308113,0.22568381,7.967543E-4,0.29863968,0.0064544263,0.0863589,0.028470177,0.18589063,0.08296938
375316653866487564,2941363139548046464,0.5021912,2268.1400889034826,0.9508913929923744,5.2248743E-6,16.062748,6.1656756E-4,0.30318317,0.0010950145,0.028977891,0.002794562,0.067191094,0.011846438,null,null,null,null,null,null,0.01655337,0.0010970717,0.30318317,0.0010950145,"ONEGAUSSIAN_WITH_ELLIPSOIDAL",6,3.2328205,0.30318317,0.0010950145,0.1622762,0.015649546,0.100297816,0.011998193,null,null,null,null,null,null
375316653866487564,2941363929822005248,0.49750024,2287.2042309030903,0.42384500989086366,4.611683E-6,15.642176,0.002291997,0.14035127,9.565428E-4,0.015973268,0.0014702447,0.17294209,0.009246824,0.6380378,0.0011899428,0.019016609,0.0031126735,0.153449,0.012481047,0.0072006937,0.0042404756,0.14035127,9.565428E-4,"TWOGAUSSIANS_WITH_ELLIPSOIDAL_ON_ECLIPSE1",9,48.43658,0.14035127,9.565428E-4,0.0894503,0.00823337,0.18734348,0.0113374395,0.6380478,0.001184021,0.10649301,0.017430972,0.16784735,0.015082528
375316653866487564,2941364097322730624,0.59962153,2252.479318376564,3.5113082263341475,6.5274326E-6,17.776402,0.009666818,0.20221491,0.0011629561,0.042294282,0.00483486,0.1484413,0.020605063,0.70113504,0.0019021607,0.048055146,0.00328946,0.2767203,0.020077003,0.12446305,0.011965229,0.20221491,0.0011629561,"TWOGAUSSIANS_WITH_ELLIPSOIDAL_ON_ECLIPSE1",9,4.4865174,0.701285,0.001617035,0.2691088,0.018420976,0.52563554,0.0087168645,0.20221491,0.0011629561,0.23684798,0.027075216,0.39736643,0.0078359805
375316653866487564,2941370522593936640,0.46966863,2273.8853790195744,0.7276068889137217,2.6087446E-5,17.779058,0.0033914787,0.24261492,0.007439005,0.02926303,0.009048556,0.13870776,0.040957436,0.7397501,0.0032084326,0.026482252,0.0032368882,0.1837243,0.014290672,null,null,null,null,"TWOGAUSSIANS",8,8.896278,0.7397501,0.0032084326,0.1483006,0.018126575,0.1837243,0.014290672,0.24261492,0.007439005,0.16387297,0.050671913,0.13870776,0.040957436
375316653866487564,2941397288830261120,0.5488265,2297.8277010100173,0.11384808750333493,2.8143857E-6,18.80743,0.0024948916,0.2611699,2.1849832E-5,0.0041657174,5.0272047E-5,0.7102309,0.0026419999,0.73903805,0.15959293,0.10198533,0.05266588,0.009046942,0.028202461,null,null,null,null,"TWOGAUSSIANS",8,1.8296256,0.2611699,2.1849832E-5,0.023328017,2.8152348E-4,0.71023095,0.0026418753,0.73903805,0.15959293,0.4,0.031320985,0.00904683,0.02820262
375316653866487564,2941405402026085504,0.6378259,2308.755438826738,0.9832089099305328,1.6208974E-6,16.072632,0.0019801257,0.24736789,3.2891642E-4,0.029310327,5.2493485E-4,0.33963776,0.0048444695,0.7455235,0.002050652,0.027778856,0.0015769587,0.13882725,0.009270583,0.022841135,0.0026451456,0.24736789,3.2891642E-4,"TWOGAUSSIANS_WITH_ELLIPSOIDAL_ON_ECLIPSE1",9,6.721368,0.24736789,3.2891642E-4,0.16413784,0.0029396352,0.38532,0.00424219,0.7455635,0.002005098,0.1555616,0.008830969,0.18450348,0.0083055515
375316653866487564,2941407532329845120,0.656493,2308.7919181654324,1.857771143372153,3.9355464E-6,16.12085,0.0027056609,0.20470354,0.0011701371,0.050727196,0.0048978925,0.054912683,0.0073624467,0.7027545,8.245552E-4,0.053657886,0.0013890013,0.3320238,0.00803722,0.070867546,0.0035495805,0.20470354,0.0011701371,"TWOGAUSSIANS_WITH_ELLIPSOIDAL_ON_ECLIPSE1",9,5.30855,0.7029245,7.3091715E-4,0.30048415,0.007778407,0.47373357,0.0072335545,0.20470354,0.0011701371,0.2840723,0.027428197,0.19664182,0.003095603
375316653866487564,2941409044158327552,0.5908495,2312.0678601548598,3.2704579126439373,6.5941836E-6,14.740841,0.007105493,0.21619579,0.0013030074,0.08921281,0.0018511887,0.40101808,0.0108158365,0.71373594,0.0011256943,0.08403516,0.0027154482,0.43294412,0.009080458,null,null,null,null,"TWOGAUSSIANS",8,92.4752,0.71373594,0.0011256943,0.4,0.0,0.42054188,0.009345817,0.21619579,0.0013030074,0.4,0.0,0.38861573,0.009876018
375316653866487564,2941416427206103808,0.5863558,2297.9441807953503,2.904943417873145,4.1605786E-6,18.075502,0.0052890102,0.25917852,0.002094711,0.043686714,0.004400738,0.19014797,0.025355378,0.7582126,0.0017451755,0.03460554,0.004144289,0.29712468,0.037659805,0.12287755,0.008026131,0.25917852,0.002094711,"TWOGAUSSIANS_WITH_ELLIPSOIDAL_ON_ECLIPSE1",9,6.2068734,0.7582826,0.0016148571,0.19379103,0.02320802,0.5428711,0.043423343,0.25917852,0.002094711,0.2446456,0.024644135,0.43590277,0.024442857
375316653866487564,2941426601985286784,0.48442245,2317.3624883653947,3.3453640293096223,1.7963519E-5,17.243338,0.02593199,0.22784945,0.0058888947,0.108610295,0.014875868,0.14210714,0.025175642,0.71818435,0.005264132,0.12244424,0.017304102,0.15736856,0.025407711,null,null,null,null,"TWOGAUSSIANS",8,8.574432,0.71818435,0.005264132,0.4,0.0,0.13108668,0.00625058,0.22790945,0.005875943,0.4,0.0,0.11589666,0.0058282632
375316653866487564,2941444430391896320,0.45084238,2282.958240583861,0.1558535446293611,1.888895E-5,18.587027,0.0046763467,0.05784202,0.015731247,0.014056072,0.016061943,0.10124252,0.047861718,0.77775407,0.0073266136,0.0070079076,0.009124935,0.24816881,0.21315281,0.018997863,0.005409881,0.77775407,0.0073266136,"TWOGAUSSIANS_WITH_ELLIPSOIDAL_ON_ECLIPSE2",9,6.1485186,0.77775407,0.0073266136,0.039244283,0.051099632,0.28616446,0.22004895,0.05801202,0.016625864,0.078714006,0.08994688,0.1025919,0.047478218
375316653866487564,2941444602190593024,0.5057839,2282.2155057901464,4.040808823719872,1.1741473E-5,18.90135,0.01729954,0.24610387,0.0056710467,0.09561564,0.008196133,0.32420555,0.018477065,0.7165978,0.0034881665,0.11435944,0.0073139006,0.33272362,0.017350262,null,null,null,null,"TWOGAUSSIANS",8,3.66059,0.7165978,0.0034881665,0.4,0.0,0.3054904,0.012162196,0.24616387,0.0056986767,0.4,0.0,0.29704812,0.01313214
375316653866487564,2941445877798382848,0.5611982,2295.9887535083376,3.662303164553525,1.1395054E-5,15.816379,0.005976529,0.2593523,0.0028338344,0.093132384,0.004808148,0.17044611,0.0066021844,0.7608036,0.0031249023,0.097848676,0.004967663,0.16321057,0.0060018557,null,null,null,null,"TWOGAUSSIANS",8,12.269667,0.2593523,0.0028338344,0.4,0.0,0.15983625,0.005669675,0.7608036,0.0031249023,0.4,0.0,0.1526002,0.004145611
375316653866487564,2941446221395756928,0.5920662,2283.7487023604,0.3052008023533672,2.9451974E-5,15.377427,7.447651E-4,0.52868104,0.005002505,0.010216228,0.0047175875,0.3500678,0.83617896,null,null,null,null,null,null,null,null,null,null,"ONEGAUSSIAN",5,6.5117188,0.52868104,0.005002505,0.057210874,0.026418488,0.3500678,0.0,null,null,null,null,null,null
375316653866487564,2941446393194436864,0.5452,2284.859145502429,3.5436390784354046,9.9407025E-6,17.15862,0.018774537,0.23259096,0.0031840282,0.103568606,0.008747836,0.2582612,0.016648099,0.7322516,0.003206162,0.09722163,0.0080314735,0.26706615,0.01757606,null,null,null,null,"TWOGAUSSIANS",8,10.844745,0.7322516,0.003206162,0.4,0.0,0.24354781,0.007531162,0.23259096,0.0031840282,0.4,0.0,0.23473932,0.008585115
375316653866487564,2941447110451657344,0.58671737,2287.5729863792817,1.79137134575472,5.158303E-6,15.991499,0.0022943125,0.2551156,0.0011680028,0.045903713,0.0025359306,0.15259555,0.005249864,0.7611698,0.006186951,0.043116096,0.0055684852,0.036725562,0.006867325,0.04278466,0.0029982897,0.2551156,0.0011680028,"TWOGAUSSIANS_WITH_ELLIPSOIDAL_ON_ECLIPSE1",9,8.305794,0.2551156,0.0011680028,0.2570608,0.014201212,0.23816477,0.004178111,0.7611698,0.006186951,0.24145015,0.031183518,0.12217103,0.0055609588
375316653866487564,2941460819986841344,0.59256536,2311.828869842996,1.8689682803844347,4.0759396E-6,18.685936,0.008125864,0.3072612,8.635016E-4,0.040346395,0.0021637778,0.47727987,0.028390516,0.8108121,0.0067381617,0.038846523,0.0050025824,0.12253992,0.026676001,0.052047733,0.012846634,0.3072612,8.635016E-4,"TWOGAUSSIANS_WITH_ELLIPSOIDAL_ON_ECLIPSE1",9,2.2668304,0.3072612,8.635016E-4,0.22593981,0.012117157,0.5813752,0.025866557,0.8108121,0.0065358044,0.21754053,0.028014462,0.2265834,0.01383333
375316653866487564,2941463568767449088,0.5199567,2309.9965243651086,3.0845045703622627,1.2166477E-5,18.06639,0.009638989,0.22950079,0.0034189767,0.07196535,0.007883639,0.29064536,0.01863129,0.7192736,0.0032804464,0.07802503,0.003789148,0.28158063,0.0105527295,null,null,null,null,"TWOGAUSSIANS",8,9.511214,0.22950079,0.0034189767,0.4,0.021623665,0.28889114,0.019257452,0.7192736,0.0032804464,0.4,0.0,0.2798264,0.009604778
375316653866487564,2941473739249254784,0.61828876,2316.946924483926,3.4933711466752775,3.7066945E-6,17.967615,0.0075802784,0.25678542,8.2740915E-4,0.03977501,0.002667245,0.29017937,0.01361224,0.75363517,0.0017614858,0.03629954,0.0027410095,0.28481585,0.019035418,0.11160321,0.010319609,0.25678542,8.2740915E-4,"TWOGAUSSIANS_WITH_ELLIPSOIDAL_ON_ECLIPSE1",9,3.9373507,0.25678542,8.2740915E-4,0.22274007,0.014936572,0.51338536,0.0105727995,0.75387514,0.0016260522,0.20327744,0.015349653,0.507941,0.013460483
375316653866487564,2941486868966272640,0.6571235,2298.294478685068,1.4045278732896542,2.6566374E-6,12.748141,0.0052528367,0.2903774,0.002426959,0.051955458,0.003037688,0.34216914,0.015009311,0.7860603,8.537277E-4,0.044279844,0.0018260388,0.3801023,0.01629672,0.12507899,0.0072221938,0.7860603,8.537277E-4,"TWOGAUSSIANS_WITH_ELLIPSOIDAL_ON_ECLIPSE2",9,175.07996,0.7860603,8.537277E-4,0.24796712,0.010225818,0.6302581,0.015139975,0.2897974,0.002055073,0.29095057,0.017011054,0.5921657,0.013920516
375316653866487564,2941487414424676352,0.6031412,2248.997452873208,2.304000844303806,5.1931975E-6,18.638872,0.0052992506,0.20328279,0.002719442,0.026616,0.0018559984,0.8251925,0.044257622,0.702537,0.0018680728,0.02393173,0.0018609558,0.63247496,0.04366986,0.026560437,0.007232843,0.20328279,0.002719442,"TWOGAUSSIANS_WITH_ELLIPSOIDAL_ON_ECLIPSE1",9,4.5231824,0.20328279,0.002719442,0.1490496,0.010393591,0.87831336,0.04532012,0.702537,0.0018674154,0.13401769,0.010421352,0.6855946,0.04438826
375316653866487564,2941493461738765952,0.49912444,2269.5519545688585,0.41309117758411923,8.953646E-6,14.91782,0.0010170462,0.20117788,0.0040083034,0.016682032,0.003512606,0.103549145,0.007259033,0.8243515,1.7220683E-4,0.0039779306,0.0010324869,0.015806163,0.0014016529,null,null,null,null,"TWOGAUSSIANS",8,22.0781,0.20117788,0.0040083034,0.09341938,0.019670593,0.103549145,0.007259033,0.8243515,1.7220683E-4,0.02227641,0.005781927,0.015806163,0.0014016529
375316653866487564,2941497039448491904,0.43953454,2296.2708416288738,0.3191857780665039,3.4944525E-5,16.242037,0.004695643,0.16962565,0.01624635,0.03677414,0.00980216,0.05769144,0.016399903,0.52938294,0.0025160643,0.029196199,0.003822164,0.30874193,0.05957909,null,null,null,null,"TWOGAUSSIANS",8,9.907485,0.52938294,0.0025160643,0.16349871,0.021404117,0.30874193,0.05957909,0.16962565,0.01624635,0.20593518,0.054892093,0.05769144,0.016399903
375316653866487564,2941501055241326464,0.43571195,2272.8035725399704,0.7365952977844934,6.134265E-5,19.331295,0.25533286,0.2775368,0.014334724,0.1347503,0.07793702,0.18153545,0.24908337,0.7697118,0.011470638,0.1257244,0.054497786,0.20391265,0.23429005,null,null,null,null,"TWOGAUSSIANS",8,3.0152612,0.7697118,0.011470638,0.4,0.0,0.14700502,0.012177119,0.2776468,0.0142214,0.4,0.0,0.12440242,0.0125291515
375316653866487564,2941506763254551040,0.57033837,2284.007718305808,4.4565898783792335,1.4581102E-5,16.545952,7.635225E-4,0.19629288,0.0045705703,0.01462462,0.006355152,0.17298505,0.11209746,0.537614,0.001546988,0.013480747,6.062624E-4,0.3565622,0.06430452,null,null,null,null,"TWOGAUSSIANS",8,2.0490599,0.537614,0.001546988,0.07549219,0.0033950696,0.3565622,0.06430452,0.19629288,0.0045705703,0.08189787,0.035588853,0.17298505,0.11209746
375316653866487564,2941514180661475840,0.46633235,2311.4984065548233,1.282454330222044,4.1046944E-5,18.06189,0.01651172,0.27628854,0.005690442,0.0922249,0.016544284,0.11352481,0.015228758,0.7701467,0.010479529,0.11174043,0.029543702,0.08407767,0.01348081,null,null,null,null,"TWOGAUSSIANS",8,4.1605005,0.27629852,0.0057035065,0.4,0.0,0.10476168,0.012648412,0.7701467,0.010479529,0.4,0.0,0.075306885,0.007958604
375316653866487564,2941515971664375424,0.5981564,2308.9120826676594,1.8107099289277326,2.8250215E-6,13.325005,0.01321139,0.2816802,0.00673055,0.07040626,0.024895962,0.04465817,0.027770456,0.7890675,0.0010091028,0.051641066,0.002902719,0.38590845,0.024808114,0.027001942,0.015078314,0.2816802,0.00673055,"TWOGAUSSIANS_WITH_ELLIPSOIDAL_ON_ECLIPSE1",9,149.90613,0.7890675,0.0010091028,0.28918996,0.016255226,0.4397146,0.010833939,0.2816802,0.00673055,0.39427504,0.106548585,0.09858059,0.005789038
375316653866487564,2941520159255737600,0.4451179,2287.773765059476,2.51128615673716,3.8669445E-5,19.121023,0.009336867,0.23797312,0.0073496443,0.051839206,0.006866066,0.17384137,0.015312339,0.7144467,0.029847879,0.06944212,0.04023549,0.12447597,0.032568756,null,null,null,null,"TWOGAUSSIANS",8,4.152816,0.23797312,0.0073496443,0.29029956,0.03844997,0.17381589,0.015241563,0.7144467,0.029847879,0.3888759,0.19055018,0.12445048,0.03259299
375316653866487564,2941525076995918592,0.42877313,2273.084429681842,1.8272502340417662,2.0347494E-5,18.333433,0.15363404,0.1335593,0.0049608746,0.020996634,0.007898917,0.11488737,0.08713357,0.5609522,0.015188877,0.024080658,0.28087053,0.7782185,0.9395164,null,null,null,null,"TWOGAUSSIANS",8,35.03953,0.5609522,0.015188877,0.1348517,0.26420358,0.7782185,1.0087483,0.1335593,0.0047621657,0.11758115,0.04423394,0.11488737,0.089735456
375316653866487564,2941532494400609664,0.51341456,2283.6639379242156,3.8498331548987585,1.33228E-5,18.422953,0.019625654,0.2624394,0.0039250487,0.10457251,0.01302659,0.21211603,0.015833098,0.7578003,0.00524608,0.09734278,0.011323443,0.24736056,0.017948395,null,null,null,null,"TWOGAUSSIANS",8,3.213361,0.7578003,0.00524608,0.4,0.0,0.22729085,0.009300615,0.2624394,0.0039250487,0.4,0.0,0.19204259,0.011961549
375316653866487564,2941545555398996608,0.44679162,2315.039920963495,2.91133639431187,4.986149E-5,15.594123,0.00598298,0.22943136,0.00757966,0.06838684,0.035290644,0.06440031,0.06045907,0.7814264,0.019296715,0.0214006,0.018910447,0.14602453,0.12172456,0.04996137,0.0078882575,0.22943136,0.00757966,"TWOGAUSSIANS_WITH_ELLIPSOIDAL_ON_ECLIPSE1",9,238.56349,0.7814264,0.019296715,0.11984337,0.10589851,0.23557703,0.122234784,0.22943136,0.00757966,0.38296628,0.14086673,0.16424346,0.063952
375316653866487564,2941567373833359360,0.65895516,2318.5663401082998,0.9262444729804117,2.0304667E-6,15.682552,8.259849E-4,0.22127245,0.017244684,0.04146921,0.0117942775,0.0051893145,0.0024689338,0.42573687,5.9748045E-4,0.03453281,5.932777E-4,0.44412813,0.014469965,null,null,null,null,"TWOGAUSSIANS",8,4.3694744,0.42573687,5.9748045E-4,0.19338374,0.003322355,0.44412816,0.014469973,0.22127245,0.017244684,0.23222758,0.06604795,0.0051893257,0.0024689448
