Gaia/vari_eclipsing_binary/VariEclipsingBinary_211239-211349.csv
# %ECSV 1.0
# ---
# delimiter: ','
# meta: !!omap
# - RELEASE: Gaia DR3
# - TABLE: vari_eclipsing_binary
# - DESCRIPTION: >
#     This table describes the properties of the eclipsing binaries resulting from the variability analysis. 
# - CITATION: >
#     How to cite and acknowledge Gaia: 
#     https://gea.esac.esa.int/archive/documentation/credits.html 
# - KNOWN_ISSUES: >
#     Known issues: 
#     https://www.cosmos.esa.int/web/gaia-users/known-issues 
# - DOCUMENTATION: >
#     Tutorials and documentation: 
#     https://www.cosmos.esa.int/web/gaia-users/archive 
# datatype:
# - 
#   name: solution_id
#   datatype: int64
#   description: Solution Identifier
#   meta:
#     ucd: meta.version
# - 
#   name: source_id
#   datatype: int64
#   description: Unique source identifier
#   meta:
#     ucd: meta.id;meta.main
# - 
#   name: global_ranking
#   datatype: float32
#   description: Number between 0 (worst) and 1 (best)
#   meta:
#     ucd: stat.param
# - 
#   name: reference_time
#   datatype: float64
#   unit: d
#   description: Reference time used for the geometric model fit
#   meta:
#     ucd: time.epoch
# - 
#   name: frequency
#   datatype: float64
#   unit: d**-1
#   description: Frequency of geometric model of the eclipsing binary light curve
#   meta:
#     ucd: src.orbital
# - 
#   name: frequency_error
#   datatype: float32
#   unit: d**-1
#   description: "Uncertainty of \\texttt{frequency}"
#   meta:
#     ucd: stat.error
# - 
#   name: geom_model_reference_level
#   datatype: float32
#   unit: mag
#   description: Magnitude reference level of geometric model
#   meta:
#     ucd: phot.mag;em.opt
# - 
#   name: geom_model_reference_level_error
#   datatype: float32
#   unit: mag
#   description: "Uncertainty of \\texttt{geomModelReferenceLevel}"
#   meta:
#     ucd: stat.error;phot.mag;em.opt
# - 
#   name: geom_model_gaussian1_phase
#   datatype: float32
#   description: Phase of the Gaussian 1 component
#   meta:
#     ucd: time.phase
# - 
#   name: geom_model_gaussian1_phase_error
#   datatype: float32
#   description: "Uncertainty of \\texttt{geomModelGaussian1Phase}"
#   meta:
#     ucd: stat.error;time.phase
# - 
#   name: geom_model_gaussian1_sigma
#   datatype: float32
#   description: "Standard deviation [phase] of Gaussian 1 component"
#   meta:
#     ucd: stat.stdev
# - 
#   name: geom_model_gaussian1_sigma_error
#   datatype: float32
#   description: "Uncertainty of \\texttt{geomModelGaussian1Sigma}"
#   meta:
#     ucd: stat.error
# - 
#   name: geom_model_gaussian1_depth
#   datatype: float32
#   unit: mag
#   description: Magnitude depth of Gaussian 1 component
#   meta:
#     ucd: src.var.amplitude
# - 
#   name: geom_model_gaussian1_depth_error
#   datatype: float32
#   unit: mag
#   description: "Uncertainty of \\texttt{geomModelGaussian1Depth}"
#   meta:
#     ucd: stat.error;src.var.amplitude
# - 
#   name: geom_model_gaussian2_phase
#   datatype: float32
#   description: Phase of Gaussian 2 component
#   meta:
#     ucd: time.phase
# - 
#   name: geom_model_gaussian2_phase_error
#   datatype: float32
#   description: "Uncertainty of \\texttt{geomModelGaussian2Phase}"
#   meta:
#     ucd: stat.error;time.phase
# - 
#   name: geom_model_gaussian2_sigma
#   datatype: float32
[...]
#   datatype: float32
#   description: "Secondary eclipse: uncertainty of \\texttt{derivedSecondaryEclDuration}"
#   meta:
#     ucd: stat.error;time.duration
# - 
#   name: derived_secondary_ecl_depth
#   datatype: float32
#   unit: mag
#   description: "Secondary eclipse: depth"
#   meta:
#     ucd: src.var.amplitude
# - 
#   name: derived_secondary_ecl_depth_error
#   datatype: float32
#   unit: mag
#   description: "Secondary eclipse: uncertainty of \\texttt{derivedSecondaryEclDepth}"
#   meta:
#     ucd: stat.error;src.var.amplitude
solution_id,source_id,global_ranking,reference_time,frequency,frequency_error,geom_model_reference_level,geom_model_reference_level_error,geom_model_gaussian1_phase,geom_model_gaussian1_phase_error,geom_model_gaussian1_sigma,geom_model_gaussian1_sigma_error,geom_model_gaussian1_depth,geom_model_gaussian1_depth_error,geom_model_gaussian2_phase,geom_model_gaussian2_phase_error,geom_model_gaussian2_sigma,geom_model_gaussian2_sigma_error,geom_model_gaussian2_depth,geom_model_gaussian2_depth_error,geom_model_cosine_half_period_amplitude,geom_model_cosine_half_period_amplitude_error,geom_model_cosine_half_period_phase,geom_model_cosine_half_period_phase_error,model_type,num_model_parameters,reduced_chi2,derived_primary_ecl_phase,derived_primary_ecl_phase_error,derived_primary_ecl_duration,derived_primary_ecl_duration_error,derived_primary_ecl_depth,derived_primary_ecl_depth_error,derived_secondary_ecl_phase,derived_secondary_ecl_phase_error,derived_secondary_ecl_duration,derived_secondary_ecl_duration_error,derived_secondary_ecl_depth,derived_secondary_ecl_depth_error
[from data line 532]
375316653866487564,1858897442401363328,0.49652925,2201.2554763387284,3.96208013200012,1.6675616E-5,18.746508,0.01581177,0.17094252,0.004284793,0.10742661,0.011718207,0.17998917,0.014250075,0.6666303,0.0053183017,0.10022942,0.010643794,0.19270442,0.015645709,null,null,null,null,"TWOGAUSSIANS",8,1.9456338,0.6666303,0.0053183017,0.4,0.0,0.1732412,0.007406288,0.17094252,0.004284793,0.4,0.0,0.16052026,0.00667291
375316653866487564,1858898236979915520,0.49395993,2192.049770729497,1.708742647985016,1.1962873E-5,14.574797,0.06540235,0.19912048,0.0033234432,0.16027102,0.04631337,0.08078645,0.05963261,0.699403,0.0025571496,0.17635164,0.051046245,0.10584929,0.06253802,null,null,null,null,"TWOGAUSSIANS",8,9.360053,0.699443,0.0026428294,0.4,0.0,0.04564226,0.0017422702,0.19901048,0.0037515217,0.4,0.0,0.023138296,0.0017114638
375316653866487564,1858898614937195392,0.5512643,2213.1728113606014,1.801088428473406,9.682727E-6,16.991951,0.009483,0.23550493,0.0059174206,0.11633619,0.015633363,0.07842106,0.0087539805,0.74136764,0.0022091493,0.10070698,0.007075828,0.12032151,0.008875201,null,null,null,null,"TWOGAUSSIANS",8,1.8513812,0.74137765,0.0022102504,0.4,0.0,0.10783262,0.002588352,0.23550493,0.0059174206,0.4,0.0,0.06591765,0.0030136444
375316653866487564,1858899095973520384,0.42467275,2299.4064147770387,1.6835442037653219,5.616439E-5,17.994713,0.051703744,0.3987785,0.0069157337,0.07598599,0.016012885,0.23812431,0.06739533,0.8600919,0.03496746,0.1401632,0.03741175,0.12263653,0.051191777,null,null,null,null,"TWOGAUSSIANS",8,3.919958,0.3990385,0.006693612,0.4,0.0,0.22590722,0.057712954,0.8600919,0.03496746,0.4,0.0,0.109796956,0.024932329
375316653866487564,1858899680089113600,0.60481477,2198.1797358187314,1.4261508060087198,3.4368352E-6,16.767218,0.0052101132,0.14512655,0.0014500226,0.102198884,0.002865599,0.22348364,0.0055366666,0.6406158,0.0010159262,0.096610956,0.0023696134,0.28415278,0.0052366084,null,null,null,null,"TWOGAUSSIANS",8,4.154629,0.6406158,0.0010159262,0.4,0.0,0.2641311,0.0042390684,0.14512655,0.0014500226,0.4,0.0,0.20345996,0.0041286484
375316653866487564,1858906929994120960,0.5734631,2193.445069859897,3.1690755317171098,6.698451E-6,15.642095,0.008921568,0.15611577,0.0018693522,0.085564144,0.0034804184,0.30577505,0.009349657,0.63643676,0.002594162,0.08454574,0.004530877,0.37239614,0.012406683,null,null,null,null,"TWOGAUSSIANS",8,69.25007,0.63643676,0.002594162,0.4,0.0,0.36605605,0.012744248,0.15611577,0.0018693522,0.4,0.0,0.29943496,0.008301186
375316653866487564,1858907926426602880,0.46339518,2180.9470996816444,0.36670981535289626,1.6586153E-5,17.00456,0.0018719895,0.2917237,0.0049348343,0.049445443,0.00391981,0.047360223,0.0035156156,0.80608726,0.0051945224,0.05506783,0.006043091,0.046832174,0.002933157,null,null,null,null,"TWOGAUSSIANS",8,4.13416,0.2917237,0.0049348343,0.27689448,0.021950936,0.04735971,0.0035153327,0.80608726,0.0051945224,0.30837983,0.03384131,0.046831656,0.0029331998
375316653866487564,1858908476182393216,0.4831735,2196.5006548206343,3.1769409299091453,1.7545715E-5,15.223478,0.0038769203,0.26787427,0.0032890846,0.041383985,0.03546971,0.043478798,0.04966759,0.84591985,0.014053891,0.01688156,0.011926472,0.045924507,0.06467422,0.07576963,0.0056348303,0.26787427,0.0032890846,"TWOGAUSSIANS_WITH_ELLIPSOIDAL_ON_ECLIPSE1",9,147.9757,0.26787427,0.0032890846,0.23175031,0.19863038,0.19501795,0.056027006,0.84591985,0.014053891,0.094536744,0.06678824,0.16385221,0.06375283
375316653866487564,1858911461171299968,0.44622606,2205.6556210137996,0.738422050698833,9.150406E-6,18.780888,0.0043276898,0.25334072,0.0798838,0.08575534,0.03909025,0.012394445,0.009487464,0.58954066,7.62937E-4,0.0140234595,0.0010714564,0.6611222,0.17336035,null,null,null,null,"TWOGAUSSIANS",8,3.4552283,0.58954066,7.62937E-4,0.07853138,0.0060001556,0.66112787,0.17335954,0.25334072,0.0798838,0.4,0.056124866,0.012394444,0.009487468
375316653866487564,1858912801210883712,0.49355584,2202.4107572878675,2.137594721754211,1.1943206E-5,17.045382,0.009142783,0.2620941,0.004608834,0.08832504,0.0067764996,0.24381408,0.01001399,0.7728232,0.004193185,0.09602095,0.01039562,0.14117795,0.008811335,null,null,null,null,"TWOGAUSSIANS",8,20.919716,0.2620941,0.004608834,0.4,0.0,0.23597704,0.007966553,0.7728232,0.004193185,0.4,0.0,0.13334055,0.008126874
375316653866487564,1858913149106912128,0.52638185,2206.30465476958,0.8698906349507951,5.0357307E-6,11.368199,0.0067303344,0.2568179,0.0016699783,0.11439488,0.009768536,0.10836294,0.0042848,0.7580045,0.0017342177,0.09966067,0.005484932,0.116023056,0.006194403,null,null,null,null,"TWOGAUSSIANS",8,20.989943,0.7580045,0.0017342177,0.4,0.0,0.10165789,0.0022656296,0.2568179,0.0016699783,0.4,0.0,0.09398316,0.0061157285
375316653866487564,1858913870660958336,0.46702778,2210.991382963942,2.6471329381559854,1.4769122E-5,16.367353,0.02313097,0.20155257,0.0042395643,0.10429022,0.016104272,0.1289894,0.021033863,0.705551,0.008984207,0.12317129,0.027748263,0.10714692,0.021099338,null,null,null,null,"TWOGAUSSIANS",8,24.601608,0.20153256,0.004253602,0.4,0.0,0.109154634,0.005738203,0.705551,0.008992584,0.4,0.0,0.08725778,0.009429907
375316653866487564,1858914622271427968,0.56979835,2201.225404566238,4.568923412411866,5.551462E-6,18.724669,0.0056597544,0.25895393,0.0029447398,0.067076,0.0032039667,0.5545872,0.01499195,0.7601913,0.0017266719,0.069349416,0.0027205166,0.61017275,0.020684559,null,null,null,null,"TWOGAUSSIANS",8,4.7554464,0.7601913,0.0017266719,0.38835672,0.015234893,0.60880876,0.02092589,0.25895393,0.0029447398,0.37562558,0.017942214,0.5532232,0.015140752
375316653866487564,1858919162060693632,0.5166741,2237.503421174284,0.09111709763694409,6.180383E-5,17.816437,0.0013458047,0.24870501,0.002609113,0.0092855105,0.0041311234,0.20938452,0.016024876,0.75388485,0.013948943,0.029985106,0.016218772,0.03524244,0.008877848,null,null,null,null,"TWOGAUSSIANS",8,2.5538104,0.24870501,0.002609113,0.05199886,0.023134291,0.20938452,0.016024876,0.75388485,0.013948943,0.1679166,0.090825126,0.03524244,0.008877848
375316653866487564,1858920089773898240,0.49046516,2226.4560246614024,1.183228251618623,7.456867E-6,17.6825,0.0021682514,0.24080926,0.0015663331,0.030838948,0.0026032012,0.14937083,0.00691279,0.74090904,0.0058395825,0.01429964,0.0059618573,0.012828273,0.008476452,0.012160235,0.0034395242,0.24080926,0.0015663331,"TWOGAUSSIANS_WITH_ELLIPSOIDAL_ON_ECLIPSE1",9,5.701614,0.24080926,0.0015663331,0.17269811,0.014577926,0.17369127,0.007588109,0.74090904,0.0058000255,0.08007799,0.0333864,0.037148703,0.008099842
375316653866487564,1858920467730993792,0.6063324,2236.9896757446445,1.641030580473518,5.0772887E-6,15.2273,0.006672454,0.24895667,0.001897493,0.12490034,0.0067326208,0.101831645,0.0065047517,0.74772614,0.0011778832,0.10330084,0.0043753684,0.15338024,0.005700189,null,null,null,null,"TWOGAUSSIANS",8,5.959291,0.74772614,0.0011778832,0.4,0.0,0.13182436,0.0020430533,0.24895667,0.001897493,0.4,0.0,0.08021075,0.0012762027
375316653866487564,1858920776968617088,0.55636317,2207.226091090219,3.246358590383092,6.201035E-6,16.576529,0.0024167788,0.26221368,0.0020802892,0.072300114,0.0027981908,0.15067798,0.004834983,0.7568745,0.0023664301,0.07671865,0.0026615597,0.17910199,0.0054940996,null,null,null,null,"TWOGAUSSIANS",8,7.1592855,0.7568745,0.0023664301,0.4,0.0,0.17805389,0.005552556,0.26221368,0.0020802892,0.4,0.0,0.14962988,0.0048698816
375316653866487564,1858920811328341504,0.6202599,2194.2547645138484,2.841542644849426,2.6309665E-6,16.391357,0.0063967006,0.17136304,9.822262E-4,0.05172849,0.0014481772,0.44503716,0.017850116,0.6763126,9.712722E-4,0.045906134,0.002447087,0.33867773,0.015307916,0.12097159,0.009727387,0.6763126,9.712722E-4,"TWOGAUSSIANS_WITH_ELLIPSOIDAL_ON_ECLIPSE2",9,26.664885,0.17187305,8.6015294E-4,0.28967953,0.008109792,0.68676794,0.012163398,0.6763126,9.712722E-4,0.25707436,0.013703687,0.5806183,0.009941058
375316653866487564,1858922529315207424,0.5880902,2205.1142287236735,0.4028089691724769,1.6066911E-5,14.300143,3.657615E-4,0.2957893,0.0018809461,0.017944535,0.0016990608,0.3558672,0.019734565,null,null,null,null,null,null,null,null,null,null,"ONEGAUSSIAN",5,36.60419,0.2957893,0.0018809461,0.10048939,0.009514741,0.3558672,0.0,null,null,null,null,null,null
375316653866487564,1858922804183641344,0.5261572,2192.715727773132,3.133873416337929,9.328884E-6,19.03146,0.004148952,0.22522567,0.0024691958,0.031268332,0.005563997,0.055458028,0.015025669,0.72998166,0.006265933,0.039684035,0.0071901004,0.13700645,0.020664677,0.10202477,0.0062575247,0.22522567,0.0024691958,"TWOGAUSSIANS_WITH_ELLIPSOIDAL_ON_ECLIPSE1",9,2.2908645,0.72998166,0.006265933,0.2222306,0.04026456,0.34087333,0.02216644,0.22522567,0.0024691958,0.17510267,0.031158384,0.25950706,0.011625567
375316653866487564,1858923353949151744,0.58755183,2212.710256311057,3.0314555136632806,3.5519167E-6,16.269459,0.007938282,0.19197153,0.0016640761,0.055573598,0.005649034,0.17790963,0.015968626,0.697293,0.0019275411,0.0488211,0.0034974823,0.1981227,0.019556286,0.09642354,0.0114992475,0.19197153,0.0016640761,"TWOGAUSSIANS_WITH_ELLIPSOIDAL_ON_ECLIPSE1",9,21.65613,0.697293,0.0019275411,0.27339816,0.0195859,0.39074638,0.010285366,0.19197153,0.0016640761,0.31121212,0.031634588,0.37074885,0.009621734
375316653866487564,1858925033268871680,0.61677665,2206.799554136489,2.578173486188939,2.5629918E-6,17.9282,0.0063655837,0.23859935,8.970147E-4,0.045452047,0.0017994827,0.4085932,0.015203758,0.738379,0.0012888453,0.05283394,0.0016688945,0.36477336,0.016300654,0.11954881,0.009341299,0.23859935,8.970147E-4,"TWOGAUSSIANS_WITH_ELLIPSOIDAL_ON_ECLIPSE1",9,5.264004,0.23859935,8.970147E-4,0.25453147,0.010077103,0.6476855,0.009597514,0.738409,0.0011493656,0.29587007,0.00934581,0.6038653,0.009758638
375316653866487564,1858925965280331392,0.53472304,2200.1092348447996,2.659884742406815,6.894774E-6,17.822153,0.0128633585,0.25576517,0.002440887,0.098263256,0.0055216453,0.34524497,0.013036735,0.75420886,0.0019190649,0.091611065,0.0052680913,0.37817702,0.015358106,null,null,null,null,"TWOGAUSSIANS",8,8.886313,0.75420886,0.0019190649,0.4,0.0,0.35616955,0.01698401,0.25576517,0.002440887,0.4,0.0,0.32323614,0.011816697
375316653866487564,1858926613817292416,0.49438548,2209.1759059505616,3.6057895427897555,1.1416741E-5,18.383188,0.027930742,0.2454973,0.0047720503,0.1086893,0.016609937,0.15267162,0.02657949,0.7430396,0.004277979,0.110584706,0.016657444,0.17472172,0.025450576,null,null,null,null,"TWOGAUSSIANS",8,2.4219851,0.7430396,0.004277979,0.4,0.0,0.1510731,0.0067763487,0.2454973,0.0047892784,0.4,0.0,0.12902798,0.005708269
375316653866487564,1858927305319095936,0.51588136,2199.085425935859,0.20858205432447696,3.1826087E-6,16.944416,7.948666E-4,0.12541172,3.915526E-4,0.010563544,3.3675804E-4,0.15637454,0.00499484,null,null,null,null,null,null,null,null,null,null,"ONEGAUSSIAN",5,2.5515466,0.12541172,3.915526E-4,0.059155848,0.001885845,0.15637454,0.0,null,null,null,null,null,null
375316653866487564,1858930432055367552,0.51572865,2219.2241438741194,0.07766784330080484,4.667095E-6,17.300596,9.248357E-4,0.445774,0.0058349418,0.04355103,0.007896044,0.03556647,0.009665104,0.90955836,3.5291647E-5,0.003482923,2.7594098E-5,0.50791395,0.010859078,null,null,null,null,"TWOGAUSSIANS",8,1.7021239,0.90955836,3.5291647E-5,0.019504368,1.5452695E-4,0.50791395,0.010859078,0.445774,0.0058349418,0.24388579,0.044217847,0.03556647,0.009665104
375316653866487564,1858932111377497088,0.44863153,2220.0753545905586,3.1879181696040066,2.6456002E-5,17.581865,0.044691954,0.23444775,0.008250915,0.064172916,0.022480313,0.071109295,0.08962427,0.76634675,0.034768376,0.04103217,0.047603697,0.05944542,0.0902162,0.042524844,0.04353686,0.23444775,0.008250915,"TWOGAUSSIANS_WITH_ELLIPSOIDAL_ON_ECLIPSE1",9,24.374428,0.23444775,0.008250915,0.35936832,0.07226812,0.1561232,0.011674392,0.76634675,0.034768376,0.22978015,0.19104971,0.14108829,0.019092012
375316653866487564,1858934727023083520,0.52990645,2191.9780057071666,0.025352673602902942,8.034778E-6,15.609379,0.0029447046,0.18420313,3.7814013E-4,0.0054432326,3.3432245E-4,0.25311738,0.01354932,0.69719946,0.001884863,0.0042210403,0.0010996312,0.24758913,0.04387914,0.028976282,0.0045304163,0.18420313,3.7814013E-4,"TWOGAUSSIANS_WITH_ELLIPSOIDAL_ON_ECLIPSE1",9,89.66614,0.18420313,3.7814013E-4,0.030482104,0.0018722056,0.31106982,0.014857077,0.69719946,0.001884863,0.023637826,0.0061579347,0.305156,0.04432672
375316653866487564,1858935895254279680,0.58361,2173.342422619372,2.5948362008559442,5.162401E-6,16.579159,0.009444059,0.25531936,0.0018009602,0.057538014,0.014122383,0.08511986,0.020260338,0.7513709,0.0062860255,0.05896933,0.008229716,0.09470836,0.022576068,0.1005993,0.012707116,0.25531936,0.0018009602,"TWOGAUSSIANS_WITH_ELLIPSOIDAL_ON_ECLIPSE1",9,13.163358,0.7528209,0.003766618,0.33022824,0.04608641,0.29581225,0.007831103,0.25531936,0.0018009602,0.32221287,0.07908534,0.28630197,0.00739143
375316653866487564,1858938747112903424,0.55562794,2194.455716217908,2.7138332718547424,4.786094E-6,19.261349,0.018247314,0.24230537,0.003095429,0.04453705,0.009068398,0.32546437,0.03665098,0.7504799,0.0016891358,0.02615439,0.007980377,0.21327958,0.026561782,0.14346178,0.022577176,0.24230537,0.003095429,"TWOGAUSSIANS_WITH_ELLIPSOIDAL_ON_ECLIPSE1",9,3.2071385,0.24230537,0.003095429,0.24940747,0.050783027,0.6123875,0.021390097,0.7504799,0.0016891358,0.14646459,0.044690114,0.49944642,0.044248614
375316653866487564,1858940976191241984,0.5184662,2188.9182366540167,3.9858110497244708,1.1450414E-5,19.654787,0.017134743,0.15487385,0.004640445,0.078276,0.005985693,0.5597781,0.041969955,0.65205985,0.0023179757,0.06257743,0.0032779966,0.58952856,0.02034797,null,null,null,null,"TWOGAUSSIANS",8,3.491882,0.65205985,0.0023179757,0.3504336,0.018356781,0.5875834,0.019799741,0.15487385,0.004640445,0.4,0.0,0.55783296,0.042281527
375316653866487564,1858941869544501120,0.5683056,2184.371679135678,2.0813631555906262,5.6899516E-6,18.525108,0.007224126,0.2645453,0.002680063,0.09593793,0.0042037927,0.24863367,0.007733675,0.7617993,0.0024144985,0.08723381,0.00408171,0.31197184,0.012004458,null,null,null,null,"TWOGAUSSIANS",8,1.8583025,0.7617993,0.0024144985,0.4,0.0,0.29919672,0.0125048235,0.2645453,0.002680063,0.4,0.0,0.23585793,0.0057927757
375316653866487564,1858943935432905600,0.649352,2207.4147892117426,2.560168175978596,2.4858982E-6,16.780195,0.0041711484,0.2817686,8.7232864E-4,0.089888304,0.001786055,0.2796865,0.004013744,0.78415185,0.0011664365,0.095946915,0.001964593,0.25955513,0.004376735,null,null,null,null,"TWOGAUSSIANS",8,2.1350539,0.2817686,8.7232864E-4,0.4,0.0,0.26576898,0.0025984133,0.78415185,0.0011664365,0.4,0.0,0.24563704,0.0028384132
375316653866487564,1858944412165050368,0.58309126,2195.1859193041014,1.5191408575715801,2.243314E-6,17.590986,0.0048840963,0.21476038,0.0011461905,0.028322566,0.001233102,0.67009526,0.03165318,0.7111716,9.135984E-4,0.026498515,0.0012052406,0.6956467,0.030727083,null,null,null,null,"TWOGAUSSIANS",8,18.49047,0.7111716,9.135984E-4,0.14839168,0.006749348,0.6956467,0.030727083,0.21476038,0.0011461905,0.15860637,0.0069053713,0.67009526,0.03165318
375316653866487564,1858945168079780224,0.5519835,2189.968779206503,3.6589498606505657,5.9681315E-6,17.34448,0.0077491445,0.27169713,0.0017391045,0.089647666,0.003219903,0.30434978,0.008001554,0.754664,0.0023934378,0.08374016,0.0048858817,0.37988716,0.02164787,null,null,null,null,"TWOGAUSSIANS",8,10.644513,0.754664,0.0023934378,0.4,0.0,0.37195858,0.02344082,0.27169713,0.0017391045,0.4,0.0,0.29642105,0.006338177
