Gaia/vari_eclipsing_binary/VariEclipsingBinary_527233-528422.csv
# %ECSV 1.0
# ---
# delimiter: ','
# meta: !!omap
# - RELEASE: Gaia DR3
# - TABLE: vari_eclipsing_binary
# - DESCRIPTION: >
#     This table describes the properties of the eclipsing binaries resulting from the variability analysis. 
# - CITATION: >
#     How to cite and acknowledge Gaia: 
#     https://gea.esac.esa.int/archive/documentation/credits.html 
# - KNOWN_ISSUES: >
#     Known issues: 
#     https://www.cosmos.esa.int/web/gaia-users/known-issues 
# - DOCUMENTATION: >
#     Tutorials and documentation: 
#     https://www.cosmos.esa.int/web/gaia-users/archive 
# datatype:
# - 
#   name: solution_id
#   datatype: int64
#   description: Solution Identifier
#   meta:
#     ucd: meta.version
# - 
#   name: source_id
#   datatype: int64
#   description: Unique source identifier
#   meta:
#     ucd: meta.id;meta.main
# - 
#   name: global_ranking
#   datatype: float32
#   description: Number between 0 (worst) and 1 (best)
#   meta:
#     ucd: stat.param
# - 
#   name: reference_time
#   datatype: float64
#   unit: d
#   description: Reference time used for the geometric model fit
#   meta:
#     ucd: time.epoch
# - 
#   name: frequency
#   datatype: float64
#   unit: d**-1
#   description: Frequency of geometric model of the eclipsing binary light curve
#   meta:
#     ucd: src.orbital
# - 
#   name: frequency_error
#   datatype: float32
#   unit: d**-1
#   description: "Uncertainty of \\texttt{frequency}"
#   meta:
#     ucd: stat.error
# - 
#   name: geom_model_reference_level
#   datatype: float32
#   unit: mag
#   description: Magnitude reference level of geometric model
#   meta:
#     ucd: phot.mag;em.opt
# - 
#   name: geom_model_reference_level_error
#   datatype: float32
#   unit: mag
#   description: "Uncertainty of \\texttt{geomModelReferenceLevel}"
#   meta:
#     ucd: stat.error;phot.mag;em.opt
# - 
#   name: geom_model_gaussian1_phase
#   datatype: float32
#   description: Phase of the Gaussian 1 component
#   meta:
#     ucd: time.phase
# - 
#   name: geom_model_gaussian1_phase_error
#   datatype: float32
#   description: "Uncertainty of \\texttt{geomModelGaussian1Phase}"
#   meta:
#     ucd: stat.error;time.phase
# - 
#   name: geom_model_gaussian1_sigma
#   datatype: float32
#   description: "Standard deviation [phase] of Gaussian 1 component"
#   meta:
#     ucd: stat.stdev
# - 
#   name: geom_model_gaussian1_sigma_error
#   datatype: float32
#   description: "Uncertainty of \\texttt{geomModelGaussian1Sigma}"
#   meta:
#     ucd: stat.error
# - 
#   name: geom_model_gaussian1_depth
#   datatype: float32
#   unit: mag
#   description: Magnitude depth of Gaussian 1 component
#   meta:
#     ucd: src.var.amplitude
# - 
#   name: geom_model_gaussian1_depth_error
#   datatype: float32
#   unit: mag
#   description: "Uncertainty of \\texttt{geomModelGaussian1Depth}"
#   meta:
#     ucd: stat.error;src.var.amplitude
# - 
#   name: geom_model_gaussian2_phase
#   datatype: float32
#   description: Phase of Gaussian 2 component
#   meta:
#     ucd: time.phase
# - 
#   name: geom_model_gaussian2_phase_error
#   datatype: float32
#   description: "Uncertainty of \\texttt{geomModelGaussian2Phase}"
#   meta:
#     ucd: stat.error;time.phase
# - 
#   name: geom_model_gaussian2_sigma
#   datatype: float32
[...]
#   datatype: float32
#   description: "Secondary eclipse: uncertainty of \\texttt{derivedSecondaryEclDuration}"
#   meta:
#     ucd: stat.error;time.duration
# - 
#   name: derived_secondary_ecl_depth
#   datatype: float32
#   unit: mag
#   description: "Secondary eclipse: depth"
#   meta:
#     ucd: src.var.amplitude
# - 
#   name: derived_secondary_ecl_depth_error
#   datatype: float32
#   unit: mag
#   description: "Secondary eclipse: uncertainty of \\texttt{derivedSecondaryEclDepth}"
#   meta:
#     ucd: stat.error;src.var.amplitude
solution_id,source_id,global_ranking,reference_time,frequency,frequency_error,geom_model_reference_level,geom_model_reference_level_error,geom_model_gaussian1_phase,geom_model_gaussian1_phase_error,geom_model_gaussian1_sigma,geom_model_gaussian1_sigma_error,geom_model_gaussian1_depth,geom_model_gaussian1_depth_error,geom_model_gaussian2_phase,geom_model_gaussian2_phase_error,geom_model_gaussian2_sigma,geom_model_gaussian2_sigma_error,geom_model_gaussian2_depth,geom_model_gaussian2_depth_error,geom_model_cosine_half_period_amplitude,geom_model_cosine_half_period_amplitude_error,geom_model_cosine_half_period_phase,geom_model_cosine_half_period_phase_error,model_type,num_model_parameters,reduced_chi2,derived_primary_ecl_phase,derived_primary_ecl_phase_error,derived_primary_ecl_duration,derived_primary_ecl_duration_error,derived_primary_ecl_depth,derived_primary_ecl_depth_error,derived_secondary_ecl_phase,derived_secondary_ecl_phase_error,derived_secondary_ecl_duration,derived_secondary_ecl_duration_error,derived_secondary_ecl_depth,derived_secondary_ecl_depth_error
[from data line 394]
375316653866487564,4645133711900465152,0.56504697,2182.4669162904697,1.9200674166774054,3.0285104E-5,19.88808,0.0040249163,0.27210522,0.0022746222,0.058804452,0.004319896,0.1902873,0.010036803,0.75498086,0.0036463721,0.049926978,0.004529209,0.69485974,0.11865828,null,null,null,null,"TWOGAUSSIANS",8,0.5638502,0.75498086,0.0036463721,0.27959105,0.02536357,0.6948514,0.11866833,0.27210522,0.0022746222,0.32930493,0.024191417,0.19027899,0.010040266
375316653866487564,4645181712455511808,0.5322636,2142.3578103701493,0.6693185633511477,1.2968937E-5,13.788885,0.004079906,0.2415636,2.2296635E-4,0.01082624,5.736787E-4,0.34507692,0.015322481,0.7365246,0.0071203327,0.02245952,0.004870712,0.15254548,0.031139903,0.013405915,0.005364094,0.2415636,2.2296635E-4,"TWOGAUSSIANS_WITH_ELLIPSOIDAL_ON_ECLIPSE1",9,372.66403,0.2415636,2.2296635E-4,0.060626946,0.0032126007,0.37188873,0.014658983,0.7365646,0.0070706573,0.12577331,0.027275987,0.17933063,0.030879347
375316653866487564,4645311008150969088,0.448216,2162.5208602818725,0.9024431620960026,3.132109E-5,15.274787,0.0033713803,0.70056033,0.008754058,0.027227309,0.017999047,0.03307587,0.013948981,null,null,null,null,null,null,0.029360116,0.004877891,0.70056033,0.008754058,"ONEGAUSSIAN_WITH_ELLIPSOIDAL",6,84.22078,0.70056033,0.008754058,0.15247293,0.100794666,0.09179608,0.013244976,null,null,null,null,null,null
375316653866487564,4645328497257091072,0.5441871,2201.64267609489,0.7844773680882802,5.7280067E-6,18.680674,0.009652024,0.2846367,0.019537563,0.025602352,0.01718395,0.04383646,0.07590771,0.7835927,0.028643336,0.024732312,0.015295016,0.31266108,0.1360157,0.02795329,0.014248276,0.2846367,0.019537563,"TWOGAUSSIANS_WITH_ELLIPSOIDAL_ON_ECLIPSE1",9,3.9086754,0.7836027,0.028215978,0.13850094,0.08565209,0.36856526,0.1265964,0.2846367,0.019537563,0.14337316,0.09623012,0.099743016,0.07032226
375316653866487564,4645426495526885888,0.63614804,2207.9876413635875,3.0557105686609325,8.232168E-6,14.320894,0.016949294,0.24210684,0.0021101225,0.05643053,0.0063943714,0.25721216,0.035493206,0.74137,0.004831979,0.050588563,0.014316313,0.1682606,0.032975566,0.10375132,0.02071185,0.24210684,0.0021101225,"TWOGAUSSIANS_WITH_ELLIPSOIDAL_ON_ECLIPSE1",9,135.57156,0.24210684,0.0021101225,0.31601095,0.03580848,0.46469995,0.011609194,0.74152005,0.0044080256,0.28329596,0.080171354,0.37574482,0.027390108
375316653866487564,4645469170322185984,0.48112085,2243.735216183672,2.010062156252112,2.6612453E-5,12.096766,0.007773828,0.26752868,0.005468795,0.009233872,0.0042034225,0.3612553,0.08507257,0.6880516,0.0476368,0.025569085,0.022233253,0.07718208,2.9773982,0.030291786,0.011363782,0.26752868,0.005468795,"TWOGAUSSIANS_WITH_ELLIPSOIDAL_ON_ECLIPSE1",9,1587.0281,0.26752868,0.005468795,0.051709685,0.023539167,0.42183885,0.08322987,0.6907216,0.05077991,0.14318687,0.12450621,0.12429822,2.9705763
375316653866487564,4645508580942056320,0.49391302,2204.8837876812468,2.3538042393880083,8.8823035E-6,16.298567,0.004443508,0.4570369,0.002378833,0.009767858,0.005298305,0.09101428,0.25051126,0.78100693,0.0022215866,0.010918188,0.0011242862,0.35773617,0.031930573,0.024224147,0.007465686,0.78100693,0.0022215866,"TWOGAUSSIANS_WITH_ELLIPSOIDAL_ON_ECLIPSE2",9,70.93,0.78100693,0.0022215866,0.061141852,0.006296003,0.40618446,0.034390334,0.45677692,0.0023921428,0.054700006,0.029670509,0.10077864,0.250653
375316653866487564,4645629767739193088,0.55803293,2204.829083086973,3.412205119364575,4.5332467E-6,14.943186,0.017944744,0.21301773,0.0015322624,0.18818271,0.010826524,0.617017,0.023781398,0.7129645,0.0011524847,0.195021,0.011511754,0.65802294,0.022236787,null,null,null,null,"TWOGAUSSIANS",8,16.026344,0.7129645,0.0011406405,0.4,0.0,0.14946723,0.001854211,0.21305773,0.0019097709,0.4,0.0,0.1214839,0.0034280096
375316653866487564,4645870728289012224,0.48771384,2208.586227844894,0.23329197252206052,8.5375475E-5,18.385431,0.014388227,0.1957011,0.014872999,0.07424242,0.023149082,0.08243929,0.013601495,0.67350274,0.005040416,0.032976825,0.0053297346,0.32445306,0.037728887,null,null,null,null,"TWOGAUSSIANS",8,7.5360394,0.67350274,0.005040416,0.18467022,0.029846516,0.32445145,0.03772851,0.1957011,0.014872999,0.4,0.08927587,0.08243768,0.013597655
375316653866487564,4645903511775021312,0.5787437,2216.9003001253573,4.236492440383051,8.827778E-6,15.283515,0.010573705,0.2532132,0.0033932638,0.09223838,0.005021841,0.3227538,0.0105734235,0.75598276,0.0018469417,0.08847857,0.0051962743,0.2608631,0.00886651,null,null,null,null,"TWOGAUSSIANS",8,47.18825,0.2532132,0.0033932638,0.4,0.0,0.3106303,0.006868592,0.75598276,0.0018469417,0.4,0.0,0.2487398,0.006559647
375316653866487564,4645955566778522624,0.5038291,2221.9725859638424,0.3676093479829423,1.4394864E-4,13.843294,0.009098699,0.320928,0.05862593,0.122232184,0.059646614,0.028852355,0.013043785,0.78729,0.04450949,0.03744665,0.024309412,0.3393065,7.572705,null,null,null,null,"TWOGAUSSIANS",8,186.99417,0.78729,0.04450949,0.20970124,0.1361327,0.33902657,7.5729117,0.320928,0.05862593,0.4,0.0,0.028550422,0.012135443
375316653866487564,4645967519672155392,0.5030057,2167.626741782981,1.7004229936889768,4.244088E-5,18.270082,0.0030147242,0.42180386,0.062136907,0.037372287,0.031477038,0.6024136,41.32182,0.5999639,0.008029903,0.023546625,0.0072750775,0.028491434,0.005760704,null,null,null,null,"TWOGAUSSIANS",8,3.4109483,0.42180386,0.062136907,0.2092848,0.17627142,0.6024136,41.32182,0.5999639,0.008029903,0.13186109,0.040740434,0.028498432,0.005763687
375316653866487564,4646013561720824320,0.53509504,2195.399810902673,0.27210068954795436,9.619773E-5,18.451197,0.0032150846,0.40179637,0.006218675,0.012818273,0.003913146,0.446098,0.060482126,0.7570833,0.043154858,0.05034163,0.020603538,0.030504366,0.018379783,null,null,null,null,"TWOGAUSSIANS",8,3.2027686,0.40179637,0.006218675,0.07178233,0.021913618,0.446098,0.060482126,0.7570833,0.043154858,0.28191313,0.1153798,0.030504366,0.018379783
375316653866487564,4646016379219426688,0.4680171,2184.2728114216,2.9704264106119944,2.245219E-5,18.091967,0.0075151757,0.22578603,0.041345272,0.072295904,0.037205566,0.12409913,0.34980214,0.6992539,0.01192237,0.04560327,0.02190993,0.16976595,0.07641236,null,null,null,null,"TWOGAUSSIANS",8,5.074396,0.6992539,0.01192237,0.25537834,0.12269561,0.16975325,0.076604955,0.22578603,0.041345272,0.4,0.19437124,0.12408643,0.34982014
375316653866487564,4646036514026597760,0.5330734,2239.149752679436,3.341867541247234,7.813713E-6,16.86652,0.034727037,0.29323027,0.003911867,0.10477553,0.012625645,0.2793654,0.030843755,0.8053483,0.0045393696,0.11376792,0.016715439,0.22528036,0.03164659,null,null,null,null,"TWOGAUSSIANS",8,17.360682,0.29321027,0.003914029,0.4,0.0,0.24742733,0.012576588,0.8053583,0.0045391363,0.4,0.0,0.19331774,0.011465695
375316653866487564,4646055862854597248,0.45813882,2208.6596173873545,3.2126874348931653,3.8850038E-5,15.929896,0.0037099698,null,null,null,null,null,null,null,null,null,null,null,null,0.05463706,0.006200029,0.22651061,0.0056306035,"ELLIPSOIDAL",4,55.16971,null,null,null,null,null,null,null,null,null,null,null,null
375316653866487564,4646118603736903168,0.4994122,2205.328899476146,1.2329323213888759,1.6747055E-5,15.174184,0.017372753,0.29450953,0.018571744,0.07733569,0.045505084,0.11347221,0.015224535,0.806759,0.006437977,0.067793,0.027137084,0.039904658,0.015803607,null,null,null,null,"TWOGAUSSIANS",8,30.878286,0.29450953,0.018571744,0.4,0.0,0.113200724,0.022065055,0.806759,0.0064206347,0.3796408,0.0482829,0.039633173,0.008942442
375316653866487564,4646193439247081344,0.55436826,2196.823361190733,1.4307941991276472,1.3127014E-5,16.507635,0.0025511878,0.7301279,0.0061584315,0.032650914,0.0035246233,0.43868506,0.046560362,null,null,null,null,null,null,null,null,null,null,"ONEGAUSSIAN",5,17.866625,0.7301279,0.0061584315,0.18284512,0.01973789,0.43868506,0.0,null,null,null,null,null,null
375316653866487564,4646324311195215488,0.5071102,2194.5738062846317,4.256479716775615,1.5802367E-5,17.899147,0.022366796,0.22933674,0.004878465,0.111779876,0.013593011,0.1686819,0.022208741,0.74032706,0.0039390125,0.10610991,0.01413577,0.17433403,0.019466227,null,null,null,null,"TWOGAUSSIANS",8,3.185566,0.7403471,0.003944875,0.4,0.0,0.15244435,0.010205453,0.22932674,0.0048825713,0.4,0.0,0.14678141,0.013779849
375316653866487564,4646427699647577472,0.44423318,2202.373898926282,3.942384312038519,3.3099874E-5,18.238832,0.0035229223,null,null,null,null,null,null,null,null,null,null,null,null,0.04769809,0.0049889046,0.2525535,0.00833498,"ELLIPSOIDAL",4,4.582095,null,null,null,null,null,null,null,null,null,null,null,null
375316653866487564,4646434777753712640,0.46971342,2168.3376343814452,3.4064648293181476,2.4322037E-5,17.336733,0.0136983525,0.28950456,0.008574448,0.076895334,0.013555099,0.14235508,0.010330597,0.76258826,0.011782066,0.07849898,0.013406645,0.19873877,0.0150710335,null,null,null,null,"TWOGAUSSIANS",8,13.388157,0.76258826,0.011782066,0.4,0.0,0.19766623,0.014521964,0.28950456,0.008574448,0.4,0.011391839,0.14128254,0.009224812
375316653866487564,4646487077571379456,0.54843277,2212.8184698631317,4.684405958800621,1.9842862E-5,17.778019,0.0107870065,0.3044949,0.006232897,0.041427456,0.0060534826,0.37245432,0.042458322,0.80863816,0.0093143135,0.048974376,0.0074528363,0.13596429,0.035633657,0.034204353,0.014758591,0.3044949,0.006232897,"TWOGAUSSIANS_WITH_ELLIPSOIDAL_ON_ECLIPSE1",9,12.096444,0.3044949,0.006232897,0.23199375,0.0338995,0.4408628,0.033438385,0.80863816,0.009225683,0.27425653,0.041735884,0.20432644,0.027060151
375316653866487564,4646495388332240384,0.5927397,2243.8003761271516,2.8788201732394088,5.1579896E-6,18.274553,0.008896446,0.28149515,0.0010424281,0.073882066,0.0025409986,0.3254258,0.009913381,0.7779365,0.0015908779,0.06817311,0.0042720395,0.2811706,0.015987292,null,null,null,null,"TWOGAUSSIANS",8,1.6905545,0.28149515,0.0010424281,0.4,0.0,0.32429326,0.009518294,0.7779365,0.0015908779,0.38176945,0.023923421,0.2800381,0.01602037
375316653866487564,4646610085433723136,0.43736687,2276.230150189916,2.187735674896257,2.1295127E-5,18.455282,0.019464772,0.38363346,0.0041648652,0.0057196096,0.0065685404,0.68335724,0.56037205,0.72795653,0.096831255,0.10837614,0.044432413,0.05605229,0.03294557,null,null,null,null,"TWOGAUSSIANS",8,26.141247,0.38363346,0.004179169,0.032029815,0.036783826,0.68371487,0.5602871,0.72795653,0.096831255,0.4,0.0,0.05604961,0.032936346
375316653866487564,4646611837781312640,0.49104303,2246.31955382466,2.625148137060479,2.2425347E-5,14.400425,0.10866212,0.20909713,0.005427035,0.19561686,0.04365429,0.44772983,0.099766746,0.7057902,0.006003023,0.17309415,0.032860897,0.45377174,0.106084645,null,null,null,null,"TWOGAUSSIANS",8,101.788025,0.7057902,0.006003023,0.4,0.0,0.13427511,0.009009452,0.21046713,0.0050351494,0.4,0.0,0.10808128,0.004931321
375316653866487564,4646628669757730560,0.5338361,2223.1256434210127,0.24048731267685003,3.3657256E-5,18.15962,0.004426386,0.48356786,0.0016187028,0.0149933,0.0022035618,0.07991331,0.014988499,0.73253715,5.2599405E-4,0.017735062,8.042459E-4,0.5771189,0.07049641,null,null,null,null,"TWOGAUSSIANS",8,3.6433346,0.73253715,5.2599405E-4,0.09931634,0.004503777,0.5771189,0.07049641,0.48356786,0.0016187028,0.08396248,0.012339947,0.07991331,0.014988499
375316653866487564,4646671005250674688,0.570901,2183.7588551612175,2.4078016258596753,1.1605792E-5,12.93953,0.008538969,0.28622198,0.0041707186,0.056181133,0.009827946,0.13907301,0.029008461,0.7957996,0.0060444893,0.041459948,0.009262791,0.118144944,0.01835536,0.07412603,0.011224892,0.28622198,0.0041707186,"TWOGAUSSIANS_WITH_ELLIPSOIDAL_ON_ECLIPSE1",9,210.69691,0.28622198,0.0041707186,0.31461436,0.0550365,0.287318,0.027151106,0.7957996,0.0060444893,0.23217572,0.051871628,0.26585367,0.01503217
375316653866487564,4646782292148033536,0.40957132,2229.4461082060866,0.07386151729390798,6.896995E-5,17.880533,0.011040241,0.16334262,0.01657332,0.066764146,0.016893283,0.026281321,0.017740589,0.8791726,0.019302752,0.055972725,0.01583527,0.19000109,0.03925094,0.05400122,0.015803114,0.16334262,0.01657332,"TWOGAUSSIANS_WITH_ELLIPSOIDAL_ON_ECLIPSE1",9,32.789146,0.8791726,0.019302752,0.31344727,0.08867751,0.19488281,0.036364432,0.16334262,0.01655149,0.37387922,0.09083584,0.13426061,0.025330395
375316653866487564,4646812395573958016,0.4991852,2223.264367732748,2.3741190054717403,2.928348E-5,10.481584,0.057417106,0.12636156,0.028169706,0.062470514,0.039725408,0.19100182,0.0780304,0.62734103,0.0065890015,0.0865729,0.01986998,0.3563757,0.04929133,null,null,null,null,"TWOGAUSSIANS",8,1043.3695,0.62734103,0.0065890015,0.4,0.0,0.3544705,0.034685638,0.12636156,0.028187992,0.3498349,0.11668741,0.18909667,0.068420514
375316653866487564,4646837100225777280,0.5135966,2253.6004083716443,1.630984490439534,6.5714553E-6,15.944713,0.0025854986,0.47282505,0.0017275712,0.03884916,0.0031599111,0.22335629,0.017859712,null,null,null,null,null,null,null,null,null,null,"ONEGAUSSIAN",5,18.663963,0.47282505,0.0017275712,0.2175553,0.017695501,0.22335629,0.0,null,null,null,null,null,null
375316653866487564,4647061018345420032,0.5391835,2186.8391904397376,0.46947187344821095,1.8666362E-6,19.643528,0.004646122,0.34693033,0.011440123,0.015022617,0.009451717,0.39869776,0.25595945,0.8500632,9.7160734E-4,0.017153682,5.507276E-4,0.46244198,0.033310562,null,null,null,null,"TWOGAUSSIANS",8,0.7782115,0.8500632,9.7160734E-4,0.096060626,0.0030840747,0.46244198,0.033310562,0.34693033,0.011440123,0.08412665,0.052929614,0.39869776,0.25595945
375316653866487564,4647062225231700096,0.5139746,2195.454621764551,1.0046360055652075,3.282129E-5,16.82167,0.0062533515,0.43566376,8.4146496E-4,0.024053404,0.00110792,0.7098616,0.06659361,0.80513406,0.039710216,0.06980457,0.023344027,0.034637783,0.013151349,null,null,null,null,"TWOGAUSSIANS",8,44.805077,0.43566376,8.4146496E-4,0.13469906,0.006204352,0.70986164,0.066593826,0.80513406,0.039710216,0.3909056,0.08652967,0.034637783,0.013151349
375316653866487564,4647072906814955904,0.47483912,2174.8705915409396,1.4177179559714466,3.0201201E-5,19.397362,0.0065897494,0.17526092,0.0041412814,0.020048749,0.0033939814,0.17132485,0.01427036,0.7146737,0.002709831,0.03734704,0.0024267791,0.48748544,0.046197448,null,null,null,null,"TWOGAUSSIANS",8,3.5428984,0.7146737,0.002709831,0.20914343,0.013589963,0.48748544,0.046197448,0.17526092,0.0041412814,0.11227299,0.019006297,0.17132485,0.01427036
375316653866487564,4647087410919992704,0.50310445,2194.038577111335,4.050363091737025,1.7391876E-5,17.496927,0.014135133,0.24556282,0.016348029,0.09509166,0.01916217,0.11674156,0.013853461,0.7308925,0.0069013736,0.08326177,0.011172911,0.15078138,0.014616465,null,null,null,null,"TWOGAUSSIANS",8,8.676371,0.7308925,0.0069013736,0.4,0.0,0.14670928,0.011012736,0.24556282,0.016348029,0.4,0.0,0.112669155,0.01010913
375316653866487564,4647126581021645440,0.6583266,2233.3560104368207,0.852180195398735,2.7587903E-6,11.815628,0.0015657137,0.11544217,0.06385429,0.033253912,0.051488414,0.00493493,0.012305202,0.82278275,0.0012993718,0.018926864,7.2033383E-4,0.8322869,0.030627685,null,null,null,null,"TWOGAUSSIANS",8,101.78566,0.82278275,0.0012993718,0.10599044,0.0040338696,0.8322869,0.03062902,0.11544217,0.06385429,0.1862219,0.2508618,0.00493493,0.012305202
375316653866487564,4647135342754968832,0.5941243,2238.5119408351725,3.257098716177181,1.39167105E-5,14.059728,0.0091508785,0.26459986,0.0032169372,0.045177776,0.013374561,0.0800076,0.022802155,0.78450954,0.034572322,0.047979277,0.014686497,0.14696565,0.05883663,0.10763591,0.011302606,0.26459986,0.0032169372,"TWOGAUSSIANS_WITH_ELLIPSOIDAL_ON_ECLIPSE1",9,179.341,0.78450954,0.032043774,0.26868394,0.08224438,0.3588861,0.05436648,0.26459986,0.0032169372,0.25299555,0.07489754,0.29527932,0.016097236
