Gaia/vari_eclipsing_binary/VariEclipsingBinary_662952-662980.csv
# %ECSV 1.0
# ---
# delimiter: ','
# meta: !!omap
# - RELEASE: Gaia DR3
# - TABLE: vari_eclipsing_binary
# - DESCRIPTION: >
#     This table describes the properties of the eclipsing binaries resulting from the variability analysis. 
# - CITATION: >
#     How to cite and acknowledge Gaia: 
#     https://gea.esac.esa.int/archive/documentation/credits.html 
# - KNOWN_ISSUES: >
#     Known issues: 
#     https://www.cosmos.esa.int/web/gaia-users/known-issues 
# - DOCUMENTATION: >
#     Tutorials and documentation: 
#     https://www.cosmos.esa.int/web/gaia-users/archive 
# datatype:
# - 
#   name: solution_id
#   datatype: int64
#   description: Solution Identifier
#   meta:
#     ucd: meta.version
# - 
#   name: source_id
#   datatype: int64
#   description: Unique source identifier
#   meta:
#     ucd: meta.id;meta.main
# - 
#   name: global_ranking
#   datatype: float32
#   description: Number between 0 (worst) and 1 (best)
#   meta:
#     ucd: stat.param
# - 
#   name: reference_time
#   datatype: float64
#   unit: d
#   description: Reference time used for the geometric model fit
#   meta:
#     ucd: time.epoch
# - 
#   name: frequency
#   datatype: float64
#   unit: d**-1
#   description: Frequency of geometric model of the eclipsing binary light curve
#   meta:
#     ucd: src.orbital
# - 
#   name: frequency_error
#   datatype: float32
#   unit: d**-1
#   description: "Uncertainty of \\texttt{frequency}"
#   meta:
#     ucd: stat.error
# - 
#   name: geom_model_reference_level
#   datatype: float32
#   unit: mag
#   description: Magnitude reference level of geometric model
#   meta:
#     ucd: phot.mag;em.opt
# - 
#   name: geom_model_reference_level_error
#   datatype: float32
#   unit: mag
#   description: "Uncertainty of \\texttt{geomModelReferenceLevel}"
#   meta:
#     ucd: stat.error;phot.mag;em.opt
# - 
#   name: geom_model_gaussian1_phase
#   datatype: float32
#   description: Phase of the Gaussian 1 component
#   meta:
#     ucd: time.phase
# - 
#   name: geom_model_gaussian1_phase_error
#   datatype: float32
#   description: "Uncertainty of \\texttt{geomModelGaussian1Phase}"
#   meta:
#     ucd: stat.error;time.phase
# - 
#   name: geom_model_gaussian1_sigma
#   datatype: float32
#   description: "Standard deviation [phase] of Gaussian 1 component"
#   meta:
#     ucd: stat.stdev
# - 
#   name: geom_model_gaussian1_sigma_error
#   datatype: float32
#   description: "Uncertainty of \\texttt{geomModelGaussian1Sigma}"
#   meta:
#     ucd: stat.error
# - 
#   name: geom_model_gaussian1_depth
#   datatype: float32
#   unit: mag
#   description: Magnitude depth of Gaussian 1 component
#   meta:
#     ucd: src.var.amplitude
# - 
#   name: geom_model_gaussian1_depth_error
#   datatype: float32
#   unit: mag
#   description: "Uncertainty of \\texttt{geomModelGaussian1Depth}"
#   meta:
#     ucd: stat.error;src.var.amplitude
# - 
#   name: geom_model_gaussian2_phase
#   datatype: float32
#   description: Phase of Gaussian 2 component
#   meta:
#     ucd: time.phase
# - 
#   name: geom_model_gaussian2_phase_error
#   datatype: float32
#   description: "Uncertainty of \\texttt{geomModelGaussian2Phase}"
#   meta:
#     ucd: stat.error;time.phase
# - 
#   name: geom_model_gaussian2_sigma
#   datatype: float32
[...]
#   datatype: float32
#   description: "Secondary eclipse: uncertainty of \\texttt{derivedSecondaryEclDuration}"
#   meta:
#     ucd: stat.error;time.duration
# - 
#   name: derived_secondary_ecl_depth
#   datatype: float32
#   unit: mag
#   description: "Secondary eclipse: depth"
#   meta:
#     ucd: src.var.amplitude
# - 
#   name: derived_secondary_ecl_depth_error
#   datatype: float32
#   unit: mag
#   description: "Secondary eclipse: uncertainty of \\texttt{derivedSecondaryEclDepth}"
#   meta:
#     ucd: stat.error;src.var.amplitude
solution_id,source_id,global_ranking,reference_time,frequency,frequency_error,geom_model_reference_level,geom_model_reference_level_error,geom_model_gaussian1_phase,geom_model_gaussian1_phase_error,geom_model_gaussian1_sigma,geom_model_gaussian1_sigma_error,geom_model_gaussian1_depth,geom_model_gaussian1_depth_error,geom_model_gaussian2_phase,geom_model_gaussian2_phase_error,geom_model_gaussian2_sigma,geom_model_gaussian2_sigma_error,geom_model_gaussian2_depth,geom_model_gaussian2_depth_error,geom_model_cosine_half_period_amplitude,geom_model_cosine_half_period_amplitude_error,geom_model_cosine_half_period_phase,geom_model_cosine_half_period_phase_error,model_type,num_model_parameters,reduced_chi2,derived_primary_ecl_phase,derived_primary_ecl_phase_error,derived_primary_ecl_duration,derived_primary_ecl_duration_error,derived_primary_ecl_depth,derived_primary_ecl_depth_error,derived_secondary_ecl_phase,derived_secondary_ecl_phase_error,derived_secondary_ecl_duration,derived_secondary_ecl_duration_error,derived_secondary_ecl_depth,derived_secondary_ecl_depth_error
[from data line 144]
375316653866487564,5831449416205149824,0.48288536,2144.1038143495,3.4331386313720613,1.3143919E-5,19.859676,0.01424728,0.23164268,0.0038635377,0.07754983,0.007935926,0.34466618,0.019686278,0.7371356,0.0035498485,0.08372005,0.0052802474,0.4098123,0.023106307,null,null,null,null,"TWOGAUSSIANS",8,1.7663373,0.7371356,0.0035498485,0.4,0.0,0.40427035,0.022725977,0.23164268,0.0038635377,0.4,0.0,0.33912423,0.02081485
375316653866487564,5831449514950689664,0.5146368,2132.393404112859,3.1702711635892133,1.31485E-5,18.42371,0.030661456,0.2700753,0.0070575895,0.10347603,0.02077515,0.1994697,0.023735866,0.7774094,0.003228787,0.10509884,0.013091636,0.2586798,0.027687483,null,null,null,null,"TWOGAUSSIANS",8,3.6989422,0.7774094,0.0032305894,0.4,0.0,0.23511298,0.007813497,0.2700753,0.007069482,0.4,0.0,0.17590593,0.014635354
375316653866487564,5831450305242854144,0.5011661,2152.1730850447543,3.4766204568933334,3.2256245E-5,16.070524,0.00766634,0.2598968,0.008178393,0.093464956,0.019376151,0.080846705,0.005995394,0.77517885,0.0055446997,0.07093422,0.011080634,0.07785281,0.007943047,null,null,null,null,"TWOGAUSSIANS",8,13.498845,0.2598968,0.008178393,0.4,0.0,0.079688124,0.0044232877,0.77517885,0.0055455747,0.39723164,0.034700457,0.07669436,0.0064311423
375316653866487564,5831450618806509440,0.60964525,2142.651861372792,2.3390657418958525,5.095733E-6,15.672948,0.0049151815,0.13140865,0.0016661648,0.09338535,0.002399729,0.39351574,0.0056961817,0.62800384,0.0011211137,0.0873233,0.00162937,0.433843,0.007980597,null,null,null,null,"TWOGAUSSIANS",8,25.803968,0.62800384,0.0011211137,0.4,0.0,0.416825,0.007854687,0.13140865,0.0016661648,0.4,0.0,0.37649736,0.004764294
375316653866487564,5831451202922117248,0.606965,2148.496485624633,0.8514544977135324,1.770098E-5,18.287546,0.0033150045,0.22285801,5.092982E-4,0.030248787,6.062544E-4,0.5404388,0.0051134033,0.7186209,0.0042596874,0.029849818,0.0032412102,0.062423486,0.005282461,null,null,null,null,"TWOGAUSSIANS",8,2.6113677,0.22285801,5.092982E-4,0.16939321,0.0033950245,0.5404388,0.0051134033,0.7186209,0.0042596874,0.16715898,0.018150778,0.062423486,0.005282461
375316653866487564,5831451473457911040,0.59960294,2160.067217809811,1.5275503456689565,7.148488E-6,17.36641,0.05528118,0.305033,0.0025152948,0.15956117,0.029889718,0.19838296,0.054001085,0.8046071,0.0015476014,0.10233951,0.00796079,0.3390426,0.04770708,null,null,null,null,"TWOGAUSSIANS",8,1.6366975,0.8046071,0.0015491253,0.4,0.0,0.26797742,0.004155738,0.305033,0.0025152948,0.4,0.0,0.12439612,0.003545834
375316653866487564,5831451512159657984,0.5776819,2151.9234015757015,2.2457113519107232,9.052459E-6,17.113165,0.33902213,0.23255923,0.0016692873,0.13190907,0.038320072,0.24343215,0.26548296,0.7339789,0.002875067,0.15306413,0.082601674,0.23899613,0.33202222,null,null,null,null,"TWOGAUSSIANS",8,2.0415807,0.23245923,0.0016142143,0.4,0.0,0.14365724,0.005143921,0.7340189,0.002896827,0.4,0.0,0.1372868,0.005928168
375316653866487564,5831452229372214144,0.5653608,2169.6210138951255,2.7483345997762005,8.294521E-6,18.353333,0.022227168,0.30381107,0.0065298914,0.042489458,0.012077653,0.3181183,0.04439601,0.79769796,0.0031468105,0.05274797,0.006784229,0.30856317,0.044916198,0.09750434,0.02528811,0.30381107,0.0065298914,"TWOGAUSSIANS_WITH_ELLIPSOIDAL_ON_ECLIPSE1",9,6.4834986,0.30381107,0.0065298914,0.23794095,0.06763486,0.5131242,0.0110566225,0.79843795,0.002475964,0.29538864,0.037991684,0.5033165,0.01752769
375316653866487564,5831452371141623936,0.5994882,2149.3519303539892,1.2918061089379516,5.0836898E-6,18.901829,0.0043243375,0.3017112,8.125813E-4,0.0393554,0.0011554434,0.91325796,0.02408376,0.80462605,0.0053912723,0.049614675,0.0062438375,0.14541686,0.018280245,null,null,null,null,"TWOGAUSSIANS",8,2.9052749,0.3017112,8.125813E-4,0.22039025,0.006470483,0.9132579,0.024083778,0.80462605,0.0053912723,0.27784216,0.03496549,0.14541678,0.018280428
375316653866487564,5831454084795535360,0.5182933,2157.5618625647103,0.16171690452942808,2.263169E-5,17.813692,0.0022005776,0.68559754,0.020539261,0.039959766,0.013422791,0.012140885,0.009752395,0.8319078,0.005613012,0.015056217,0.0049496978,0.28665173,0.15311567,null,null,null,null,"TWOGAUSSIANS",8,2.725532,0.8319078,0.005613012,0.084314816,0.027718306,0.28666663,0.15310946,0.68559754,0.020539261,0.2237747,0.07516763,0.012140885,0.009752395
375316653866487564,5831454157859630208,0.5548981,2152.6417971113974,2.6020823910508404,9.392645E-6,15.479923,0.003888658,0.27278072,0.0025342752,0.067365944,0.0041496227,0.11444334,0.0058271512,0.7712141,0.0015044549,0.078528814,0.0030491657,0.14863396,0.0041173412,null,null,null,null,"TWOGAUSSIANS",8,17.790625,0.7712141,0.0015044549,0.4,0.0,0.14792107,0.0039388817,0.27278072,0.0025342752,0.37724927,0.023237886,0.11373046,0.0057883915
375316653866487564,5831454913762921600,0.55125207,2138.2594792014347,1.6070890213864892,1.0121124E-5,16.912346,0.01611551,0.2762175,0.0019806554,0.045132067,0.010772026,0.18806528,0.030100718,0.76713336,0.0012579887,0.04580648,0.0038236794,0.33800998,0.035610914,0.05762903,0.021659054,0.2762175,0.0019806554,"TWOGAUSSIANS_WITH_ELLIPSOIDAL_ON_ECLIPSE1",9,24.467045,0.76761335,0.0011910795,0.25651628,0.021412605,0.4529127,0.01414413,0.2762175,0.0019806554,0.25273958,0.060323346,0.3033231,0.024274858
375316653866487564,5831455635328379776,0.6085585,2137.4436467891082,1.6360105543731691,5.659334E-6,16.586731,0.0031419832,0.26583856,0.0016329014,0.045007564,0.011843846,0.049515292,0.008972355,0.7686358,0.00504968,0.04354782,0.006490105,0.066076756,0.0088074785,0.10351868,0.004447349,0.26583856,0.0016329014,"TWOGAUSSIANS_WITH_ELLIPSOIDAL_ON_ECLIPSE1",9,5.672444,0.7686358,0.00504968,0.2438678,0.036344588,0.2730499,0.007419814,0.26583856,0.0016329014,0.25204235,0.06632554,0.25655237,0.0046457225
375316653866487564,5831455807127099008,0.5861756,2128.5240218245,3.120305077202343,7.063287E-6,15.784077,0.003659732,0.26167747,0.0020655207,0.09104574,0.0032056144,0.13588044,0.00419393,0.76456517,0.0016768086,0.090261236,0.002876633,0.14436267,0.003731612,null,null,null,null,"TWOGAUSSIANS",8,4.44138,0.76456517,0.0016768086,0.4,0.0,0.13838299,0.0026680757,0.26167747,0.0020655207,0.4,0.0,0.12990074,0.0035558322
375316653866487564,5831455807127107200,0.5401246,2138.114924819213,3.2107365601403877,5.7591033E-6,15.69908,0.032785054,0.26344654,0.0011601245,0.18921545,0.010218616,0.9932394,0.048940998,0.76597524,0.0011604287,0.21615306,0.0146357,1.0213403,0.04578865,null,null,null,null,"TWOGAUSSIANS",8,10.623445,0.26118654,0.0011479149,0.4,0.0,0.20068738,0.004329826,0.7681553,0.0010976989,0.4,0.0,0.14861955,0.0026012077
375316653866487564,5831456047646845312,0.45773533,2153.527861329356,3.5906499755700665,1.1558938E-4,19.662895,0.6202542,0.22372507,0.012673052,0.18485647,0.20345005,0.34425625,0.593241,0.7371514,0.010580007,0.10058653,0.04397101,0.34280574,0.31852162,null,null,null,null,"TWOGAUSSIANS",8,3.743036,0.73859143,0.008102606,0.4,0.0,0.23233074,0.052281886,0.22371505,0.012724514,0.4,0.0,0.21570422,0.051254045
375316653866487564,5831456288163504768,0.41763628,2147.3922069001474,3.2933279929940245,4.680202E-5,19.769627,0.016724946,0.18841231,0.010421069,0.018563591,0.0045847003,0.07067916,0.14268331,null,null,null,null,null,null,0.13206223,0.02484275,0.18841231,0.010421069,"ONEGAUSSIAN_WITH_ELLIPSOIDAL",6,9.2436695,0.18841231,0.010421069,0.10395611,0.025674323,0.3348036,0.13837095,null,null,null,null,null,null
375316653866487564,5831456421260315520,0.5268468,2149.048909582478,2.809375354686371,3.9379935E-5,19.335745,0.006470198,0.13632385,0.007737781,0.009912714,0.010642666,0.07646899,2412.1194,0.24369055,0.012303878,0.020496765,0.009540879,0.9197462,1.221215,null,null,null,null,"TWOGAUSSIANS",8,5.058463,0.24369055,0.012303878,0.11478189,0.05342892,0.9197462,1.221215,0.13632385,0.007737781,0.055511203,0.059598934,0.07647,2412.1194
375316653866487564,5831457903017494400,0.50804436,2123.1318542647523,2.153681936616168,8.861193E-6,15.079751,0.008784332,0.23663281,0.002647641,0.09646178,0.0038870615,0.29581365,0.008714604,0.7450647,0.0047235363,0.10495727,0.008294066,0.16538766,0.008937746,null,null,null,null,"TWOGAUSSIANS",8,55.513767,0.23663281,0.0026458981,0.4,0.0,0.27795225,0.003591398,0.7450647,0.0047235363,0.4,0.0,0.14752305,0.0040605944
375316653866487564,5831458143535708800,0.51349807,2146.7226156871693,1.8561660206226882,1.5483454E-5,19.274473,0.002843197,0.15886661,0.019408379,0.024778794,0.01768146,0.025793685,0.042533807,0.43095005,0.003761489,0.018792424,0.0047851745,0.69407505,0.43796885,null,null,null,null,"TWOGAUSSIANS",8,1.3777592,0.43095005,0.003761489,0.10523757,0.026796978,0.69407505,0.43796885,0.15886661,0.019408379,0.13876125,0.09901618,0.025793685,0.042533807
375316653866487564,5831458143584282368,0.7209595,2138.9029030258885,0.43890665859049793,1.1703537E-6,15.752801,0.0031316371,0.08932716,0.0021908341,0.028913677,0.0046385876,0.13054061,0.044416625,0.59126127,3.4446263E-4,0.028917303,2.3281685E-4,2.1026852,0.035614334,0.015768137,0.004960879,0.08932716,0.0021908341,"TWOGAUSSIANS_WITH_ELLIPSOIDAL_ON_ECLIPSE1",9,31.79451,0.59126127,3.4446263E-4,0.1619369,0.0013037744,2.1342168,0.03567123,0.08932716,0.0021908341,0.1619166,0.02597609,0.16207688,0.045823358
375316653866487564,5831458384114668800,0.6000003,2124.641987059191,3.0961384057846537,7.906306E-6,16.453331,0.00737374,0.22727561,0.004033509,0.093280226,0.0055796774,0.29459688,0.0076679755,0.7307402,0.0017222273,0.09007108,0.0034038783,0.33472696,0.0071508563,null,null,null,null,"TWOGAUSSIANS",8,10.842597,0.7307402,0.0017222273,0.4,0.0,0.32027492,0.0057445513,0.22727561,0.004033509,0.4,0.0,0.28014463,0.005608129
375316653866487564,5831458418474406400,0.53742653,2155.9034275012255,2.7346256778540132,9.559177E-6,16.53964,0.0146779055,0.21274875,0.0036094035,0.09834785,0.0068968018,0.3382582,0.0144344885,0.70921654,0.0032287678,0.09132071,0.005010874,0.35789433,0.015781205,null,null,null,null,"TWOGAUSSIANS",8,41.1116,0.70921654,0.0032287678,0.4,0.0,0.33742186,0.01090728,0.21274875,0.0036094035,0.4,0.0,0.3177843,0.011689322
375316653866487564,5831459036937570688,0.5731154,2144.9190640636084,2.571785579265455,1.2595466E-5,16.19684,0.008547794,0.33351648,0.0034823772,0.045632858,0.01520077,0.06706296,0.01793315,0.81871635,0.014075044,0.053832978,0.013136768,0.055402584,0.022847932,0.092510164,0.009871163,0.33351648,0.0034823772,"TWOGAUSSIANS_WITH_ELLIPSOIDAL_ON_ECLIPSE1",9,21.276781,0.33351648,0.0034823772,0.255544,0.085124314,0.25208157,0.008036915,0.8251464,0.0077190897,0.30146468,0.0735659,0.23951614,0.014320424
375316653866487564,5831459208736293888,0.5442604,2155.9718429366694,1.7707590747383126,1.3759951E-5,15.490513,0.006809268,0.17417759,0.0035349731,0.105549335,0.0070006424,0.13182153,0.0068849623,0.6753956,0.002513319,0.09415379,0.006952877,0.13840024,0.005899989,null,null,null,null,"TWOGAUSSIANS",8,15.727877,0.6753956,0.002513319,0.4,0.0,0.12686485,0.003600381,0.17417759,0.0035349731,0.4,0.0,0.1202828,0.004037059
375316653866487564,5831459517925577984,0.47916007,2155.78298473331,0.5129238394058812,3.5680478E-5,19.515127,0.006114679,0.16967371,0.019509632,0.008306813,0.0056611006,0.15957119,0.8610595,0.66245687,4.455117E-4,0.012016433,6.271692E-4,0.5638354,0.013845318,null,null,null,null,"TWOGAUSSIANS",8,5.1619406,0.66245687,4.455117E-4,0.06729203,0.0035121476,0.5638354,0.013845318,0.16967371,0.019509632,0.046518154,0.031702165,0.15957119,0.8610595
375316653866487564,5831460273900335360,0.5518901,2163.997230332073,1.2102566038586793,2.3933359E-5,18.697128,0.0030068527,0.2975379,0.0016403199,0.019536203,0.0057614883,0.44716385,0.027697725,0.4230702,0.06828461,0.057784937,0.022133498,0.055648092,0.011712471,null,null,null,null,"TWOGAUSSIANS",8,3.0829127,0.2977079,0.0016564864,0.10940273,0.032264333,0.45243663,0.012614879,0.4230702,0.06828461,0.32359564,0.10351467,0.055648096,0.011695093
375316653866487564,5831460342607655552,0.5416713,2147.575544845354,3.7659605530562232,9.141668E-6,19.813774,0.019686108,0.28243184,0.0052517434,0.047915373,0.009823484,0.2591957,0.044609074,0.7797234,0.0035966835,0.04396088,0.004007951,0.41301244,0.052863844,0.16185775,0.024996484,0.28243184,0.0052517434,"TWOGAUSSIANS_WITH_ELLIPSOIDAL_ON_ECLIPSE1",9,2.3905463,0.7800134,0.0029622049,0.24618094,0.022444524,0.73664373,0.03555668,0.28243184,0.0052517434,0.26832607,0.05501151,0.5829107,0.019887537
375316653866487564,5831460548717812224,0.48602876,2145.5092107623764,3.850938275336971,1.8067933E-5,19.019072,0.011511758,0.22239552,0.009947154,0.069916934,0.0066381725,0.30510938,0.021301977,0.70865196,0.0041947654,0.07919523,0.0061271945,0.32322496,0.019383933,null,null,null,null,"TWOGAUSSIANS",8,6.1441684,0.70865196,0.0041947654,0.4,0.0,0.32156414,0.019456072,0.22239552,0.009947154,0.39153484,0.028140085,0.30344856,0.021013163
375316653866487564,5831461613918177152,0.5714859,2158.576015285209,1.9190496096619851,8.089381E-6,18.31591,0.0116363065,0.24430744,0.0054042675,0.10364717,0.011694671,0.15148485,0.010667617,0.7279254,0.0014939748,0.08464518,0.004170206,0.3141436,0.01083529,null,null,null,null,"TWOGAUSSIANS",8,2.2438116,0.7279254,0.0014939748,0.4,0.0,0.30456695,0.0077389083,0.24430744,0.0054042675,0.4,0.0,0.14190476,0.00544524
375316653866487564,5831462232393364352,0.4249965,2143.759184729064,3.6049577758772484,4.9197457E-5,18.48398,0.010312532,null,null,null,null,null,null,null,null,null,null,null,null,0.090267204,0.0147455605,0.30372664,0.012689362,"ELLIPSOIDAL",4,16.708656,null,null,null,null,null,null,null,null,null,null,null,null
375316653866487564,5831463469296181760,0.54945093,2166.3903912481287,3.028885656611772,1.8037013E-5,18.886438,0.019214764,0.2792822,0.005336687,0.09811783,0.008996509,0.32472444,0.020390455,0.776723,0.00593098,0.10134925,0.0073921294,0.33141455,0.023366386,null,null,null,null,"TWOGAUSSIANS",8,2.8972962,0.776723,0.00593098,0.4,0.0,0.30396503,0.014795879,0.2792822,0.005336687,0.4,0.0,0.2972769,0.017697869
375316653866487564,5831463503703884288,0.52686775,2165.1032329924055,3.7005252086561806,2.2301543E-5,18.148842,0.02510882,0.27471924,0.0047117816,0.042218477,0.020087924,0.081142016,0.052672576,0.7674872,0.0107318,0.05929568,0.023206882,0.06964317,0.0462978,0.09264449,0.025908248,0.27471924,0.0047117816,"TWOGAUSSIANS_WITH_ELLIPSOIDAL_ON_ECLIPSE1",9,7.078374,0.27471924,0.0047117816,0.23642348,0.11249237,0.26642475,0.02055673,0.7705572,0.0054015713,0.3320558,0.091921985,0.25470594,0.009939182
375316653866487564,5831463881613144704,0.53122634,2174.378828022215,1.9810869116176946,7.675264E-6,19.688982,0.0069007403,0.18694462,0.0036405392,0.023217782,0.0030624513,0.6475279,0.026158491,0.6930462,0.0031118125,0.02161064,0.003621724,0.4590089,0.021106286,null,null,null,null,"TWOGAUSSIANS",8,3.6217675,0.18694462,0.0036405392,0.13001959,0.017149728,0.6475279,0.026158491,0.6930462,0.0031118125,0.12101958,0.020281654,0.4590089,0.021106286
375316653866487564,5831463984740283520,0.6266259,2158.5845271183393,1.207887443711011,4.8260267E-6,16.501078,0.002392922,0.31730455,0.0015556683,0.0344125,0.0013077237,0.47534811,0.009801242,0.8166472,0.0021048104,0.029045446,0.0034880282,0.052589133,0.007644604,0.013070574,0.003068707,0.31730455,0.0015556683,"TWOGAUSSIANS_WITH_ELLIPSOIDAL_ON_ECLIPSE1",9,6.2136617,0.31730455,0.0015556683,0.19271,0.007323253,0.5014892,0.0071398,0.8166672,0.0020560925,0.16265449,0.019532958,0.07872979,0.00661376
375316653866487564,5831464397057320320,0.5620365,2163.0561240771754,2.5530700859559112,9.626288E-6,15.9771385,0.012677888,0.21122408,0.0040087746,0.09132911,0.0057335887,0.40666562,0.015837226,0.7033224,0.0014016359,0.08646386,0.0031729853,0.43278146,0.015044495,null,null,null,null,"TWOGAUSSIANS",8,57.55918,0.7033224,0.0014016359,0.4,0.0,0.4186205,0.0130125005,0.21122408,0.0040087746,0.4,0.0,0.39250442,0.014319926
