Gaia/vari_eclipsing_binary/VariEclipsingBinary_666911-666973.csv
# %ECSV 1.0
# ---
# delimiter: ','
# meta: !!omap
# - RELEASE: Gaia DR3
# - TABLE: vari_eclipsing_binary
# - DESCRIPTION: >
#     This table describes the properties of the eclipsing binaries resulting from the variability analysis. 
# - CITATION: >
#     How to cite and acknowledge Gaia: 
#     https://gea.esac.esa.int/archive/documentation/credits.html 
# - KNOWN_ISSUES: >
#     Known issues: 
#     https://www.cosmos.esa.int/web/gaia-users/known-issues 
# - DOCUMENTATION: >
#     Tutorials and documentation: 
#     https://www.cosmos.esa.int/web/gaia-users/archive 
# datatype:
# - 
#   name: solution_id
#   datatype: int64
#   description: Solution Identifier
#   meta:
#     ucd: meta.version
# - 
#   name: source_id
#   datatype: int64
#   description: Unique source identifier
#   meta:
#     ucd: meta.id;meta.main
# - 
#   name: global_ranking
#   datatype: float32
#   description: Number between 0 (worst) and 1 (best)
#   meta:
#     ucd: stat.param
# - 
#   name: reference_time
#   datatype: float64
#   unit: d
#   description: Reference time used for the geometric model fit
#   meta:
#     ucd: time.epoch
# - 
#   name: frequency
#   datatype: float64
#   unit: d**-1
#   description: Frequency of geometric model of the eclipsing binary light curve
#   meta:
#     ucd: src.orbital
# - 
#   name: frequency_error
#   datatype: float32
#   unit: d**-1
#   description: "Uncertainty of \\texttt{frequency}"
#   meta:
#     ucd: stat.error
# - 
#   name: geom_model_reference_level
#   datatype: float32
#   unit: mag
#   description: Magnitude reference level of geometric model
#   meta:
#     ucd: phot.mag;em.opt
# - 
#   name: geom_model_reference_level_error
#   datatype: float32
#   unit: mag
#   description: "Uncertainty of \\texttt{geomModelReferenceLevel}"
#   meta:
#     ucd: stat.error;phot.mag;em.opt
# - 
#   name: geom_model_gaussian1_phase
#   datatype: float32
#   description: Phase of the Gaussian 1 component
#   meta:
#     ucd: time.phase
# - 
#   name: geom_model_gaussian1_phase_error
#   datatype: float32
#   description: "Uncertainty of \\texttt{geomModelGaussian1Phase}"
#   meta:
#     ucd: stat.error;time.phase
# - 
#   name: geom_model_gaussian1_sigma
#   datatype: float32
#   description: "Standard deviation [phase] of Gaussian 1 component"
#   meta:
#     ucd: stat.stdev
# - 
#   name: geom_model_gaussian1_sigma_error
#   datatype: float32
#   description: "Uncertainty of \\texttt{geomModelGaussian1Sigma}"
#   meta:
#     ucd: stat.error
# - 
#   name: geom_model_gaussian1_depth
#   datatype: float32
#   unit: mag
#   description: Magnitude depth of Gaussian 1 component
#   meta:
#     ucd: src.var.amplitude
# - 
#   name: geom_model_gaussian1_depth_error
#   datatype: float32
#   unit: mag
#   description: "Uncertainty of \\texttt{geomModelGaussian1Depth}"
#   meta:
#     ucd: stat.error;src.var.amplitude
# - 
#   name: geom_model_gaussian2_phase
#   datatype: float32
#   description: Phase of Gaussian 2 component
#   meta:
#     ucd: time.phase
# - 
#   name: geom_model_gaussian2_phase_error
#   datatype: float32
#   description: "Uncertainty of \\texttt{geomModelGaussian2Phase}"
#   meta:
#     ucd: stat.error;time.phase
# - 
#   name: geom_model_gaussian2_sigma
#   datatype: float32
[...]
#   datatype: float32
#   description: "Secondary eclipse: uncertainty of \\texttt{derivedSecondaryEclDuration}"
#   meta:
#     ucd: stat.error;time.duration
# - 
#   name: derived_secondary_ecl_depth
#   datatype: float32
#   unit: mag
#   description: "Secondary eclipse: depth"
#   meta:
#     ucd: src.var.amplitude
# - 
#   name: derived_secondary_ecl_depth_error
#   datatype: float32
#   unit: mag
#   description: "Secondary eclipse: uncertainty of \\texttt{derivedSecondaryEclDepth}"
#   meta:
#     ucd: stat.error;src.var.amplitude
solution_id,source_id,global_ranking,reference_time,frequency,frequency_error,geom_model_reference_level,geom_model_reference_level_error,geom_model_gaussian1_phase,geom_model_gaussian1_phase_error,geom_model_gaussian1_sigma,geom_model_gaussian1_sigma_error,geom_model_gaussian1_depth,geom_model_gaussian1_depth_error,geom_model_gaussian2_phase,geom_model_gaussian2_phase_error,geom_model_gaussian2_sigma,geom_model_gaussian2_sigma_error,geom_model_gaussian2_depth,geom_model_gaussian2_depth_error,geom_model_cosine_half_period_amplitude,geom_model_cosine_half_period_amplitude_error,geom_model_cosine_half_period_phase,geom_model_cosine_half_period_phase_error,model_type,num_model_parameters,reduced_chi2,derived_primary_ecl_phase,derived_primary_ecl_phase_error,derived_primary_ecl_duration,derived_primary_ecl_duration_error,derived_primary_ecl_depth,derived_primary_ecl_depth_error,derived_secondary_ecl_phase,derived_secondary_ecl_phase_error,derived_secondary_ecl_duration,derived_secondary_ecl_duration_error,derived_secondary_ecl_depth,derived_secondary_ecl_depth_error
[from data line 35]
375316653866487564,5866236761498209792,0.41675976,2284.94431703109,3.244200743714271,3.0541796E-5,19.007048,0.005611871,0.17827648,0.010396427,0.016191887,0.007658799,0.18480599,0.103634425,0.59328294,0.008612675,0.03746326,0.012404484,0.16265048,0.04223323,null,null,null,null,"TWOGAUSSIANS",8,5.1230054,0.17827648,0.010396427,0.09067457,0.042889275,0.18480599,0.103634425,0.59328294,0.008612675,0.20979425,0.06946511,0.16265048,0.04223323
375316653866487564,5866236830217699840,0.5524083,2258.5205981728545,0.11275228822121908,1.8413405E-6,15.81518,6.8290293E-4,0.37852708,6.859949E-4,0.011770011,6.650566E-4,0.1552602,0.004536305,0.82815343,2.670987E-4,0.011320426,3.9128558E-4,0.1518928,0.01262673,null,null,null,null,"TWOGAUSSIANS",8,6.1121235,0.37852708,6.859949E-4,0.06591206,0.0037243168,0.1552602,0.004536305,0.82815343,2.670987E-4,0.06339438,0.0021911992,0.1518928,0.01262673
375316653866487564,5866237375658974592,0.49451876,2280.1849521356294,1.8306031500915025,6.941625E-6,18.494835,0.0031195667,0.3125314,0.0028804697,0.045871027,0.0042649796,0.13843277,0.010989243,0.8086267,0.030660478,0.022184726,0.024235059,0.028964747,0.28010017,0.03631241,0.0042350013,0.3125314,0.0028804697,"TWOGAUSSIANS_WITH_ELLIPSOIDAL_ON_ECLIPSE1",9,2.5887756,0.3125314,0.0028804697,0.25687775,0.023883885,0.21105754,0.010134687,0.8089767,0.030588115,0.12423447,0.13571633,0.101549685,0.28318983
375316653866487564,5866237689211375232,0.41641095,2274.33332663122,0.5074806114094982,1.5459682E-5,11.150822,5.262587E-4,0.25534874,0.002097042,0.023844339,0.0055525834,0.10913669,0.039686106,0.75848013,0.002455278,0.020723633,0.002614885,0.13445146,0.01677914,null,null,null,null,"TWOGAUSSIANS",8,26.358206,0.75848013,0.002455278,0.116052344,0.014643356,0.13445146,0.01677914,0.25534874,0.002097042,0.1335283,0.031094467,0.10913669,0.039686106
375316653866487564,5866240369280594688,0.53484917,2261.8948030780357,0.2656536963134329,2.5175407E-6,17.775251,0.0018905152,0.2961404,4.5002872E-4,0.012196316,3.6812067E-4,0.3311619,0.009493466,0.7975414,0.013618506,0.011857279,0.0070461566,0.22159299,0.096029125,null,null,null,null,"TWOGAUSSIANS",8,5.4755797,0.2961404,4.5002872E-4,0.068299375,0.0020614758,0.3311619,0.009493466,0.7975414,0.013618506,0.06640076,0.039458476,0.22159299,0.096029125
375316653866487564,5866241228264512512,0.60652834,2290.536358403538,0.5120769043318273,1.4633862E-6,16.901785,0.001782829,0.33526608,7.2041474E-4,0.02624194,5.6519074E-4,0.5000718,0.015371071,0.83379096,6.609157E-4,0.028075594,7.9628255E-4,0.37951338,0.0136916265,0.009358399,0.0027470083,0.33526608,7.2041474E-4,"TWOGAUSSIANS_WITH_ELLIPSOIDAL_ON_ECLIPSE1",9,5.8603864,0.33526608,7.2041474E-4,0.14695486,0.0031650683,0.51878864,0.015384013,0.83379096,6.519947E-4,0.15722333,0.0044591823,0.39822856,0.0128985485
375316653866487564,5866243392928039424,0.5702427,2279.5128774571235,0.9996717577583935,3.128115E-6,15.0125885,0.0069471523,0.18153484,0.0016664645,0.031634964,0.0030488863,0.13871145,0.015631108,0.68301266,0.0023779178,0.030111186,0.0025250819,1.7421538,0.19146702,0.03502933,0.009489165,0.68301266,0.0023779178,"TWOGAUSSIANS_WITH_ELLIPSOIDAL_ON_ECLIPSE2",9,330.56497,0.68301266,0.0023779178,0.16862264,0.014140458,1.8122125,0.20114483,0.18159483,0.0015846943,0.1771558,0.017073764,0.20876428,0.004628424
375316653866487564,5866243496007262208,0.42565727,2287.1830680633725,0.6280518108399367,1.2668899E-4,13.2406,5.337511E-4,0.3479602,0.01140984,0.029096581,0.01332355,0.028973911,0.021427548,null,null,null,null,null,null,null,null,null,null,"ONEGAUSSIAN",5,26.623087,0.3479602,0.01140984,0.16294084,0.07461188,0.028973911,0.0,null,null,null,null,null,null
375316653866487564,5866244007083976576,0.5926673,2305.1160399231935,0.30500129299546985,1.2541058E-6,17.413977,0.0011335856,0.21042608,3.3970314E-4,0.01729575,2.794919E-4,0.41610843,0.01094519,0.7102554,0.018858992,0.020516142,0.012729426,0.2429033,0.85184294,null,null,null,null,"TWOGAUSSIANS",8,2.528012,0.21042608,3.3970314E-4,0.0968562,0.0015651548,0.41610843,0.01094519,0.7102554,0.018858992,0.1148904,0.071284786,0.2429033,0.85184294
375316653866487564,5866244213242661504,0.45346653,2283.9358210662676,3.24139661330416,1.4274497E-5,18.728813,0.09762641,0.2579788,0.0042745,0.11573886,0.03030289,0.21973103,0.092414066,0.76554465,0.0058476278,0.1283177,0.044980705,0.20399264,0.092009045,null,null,null,null,"TWOGAUSSIANS",8,5.011357,0.2578988,0.0042149443,0.4,0.0,0.17145085,0.0106086,0.76557463,0.005886495,0.4,0.0,0.15554184,0.011544869
375316653866487564,5866244831717996928,0.502621,2257.1809934009484,0.5934095861064965,3.6278143E-6,17.908426,0.0013455622,0.2431133,0.0016738748,0.01855478,0.0016550462,0.19996303,0.032278907,0.7430056,0.0056156362,0.029436704,0.007215295,0.037454154,0.0074370326,null,null,null,null,"TWOGAUSSIANS",8,2.0763822,0.2431133,0.0016738748,0.10390677,0.009268259,0.19996303,0.032278907,0.7430056,0.0056156362,0.16484554,0.040405653,0.037454154,0.0074370326
375316653866487564,5866245420152644608,0.5090758,2261.1127673452906,0.43883718791324194,5.6768713E-6,15.543808,6.6854374E-4,0.2296478,0.10668058,0.023161104,0.040820573,0.009787378,0.0061442433,0.49080786,0.0084498385,0.020358872,0.004200537,0.08478959,0.017173894,null,null,null,null,"TWOGAUSSIANS",8,4.253058,0.49080786,0.0084498385,0.11400968,0.023523008,0.08478959,0.017178735,0.2296478,0.10668058,0.12970218,0.2285952,0.009787378,0.0061442433
375316653866487564,5866247065105158912,0.5644267,2262.527683735388,0.26079628400519583,6.182427E-6,18.61325,0.0022221738,0.41314757,0.0046945857,0.008354526,0.002402776,0.39081368,0.13458732,0.91342205,0.0014010665,0.0081879785,9.129424E-4,0.7142945,0.12555704,null,null,null,null,"TWOGAUSSIANS",8,2.5520878,0.91342205,0.0014010665,0.04585268,0.005112477,0.7142945,0.12555704,0.41314757,0.0046945857,0.046785343,0.0134555455,0.39081368,0.13458732
375316653866487564,5866247138140012160,0.53926045,2271.030240096187,2.3821790469593065,5.6709596E-6,18.485647,0.010288616,0.13991499,0.0020592175,0.04346047,0.005456933,0.2588132,0.023265341,0.630911,0.005718524,0.053111944,0.007044246,0.23798314,0.03464303,0.11314417,0.014021392,0.13991499,0.0020592175,"TWOGAUSSIANS_WITH_ELLIPSOIDAL_ON_ECLIPSE1",9,7.6139436,0.13991499,0.0020592175,0.24337864,0.030558825,0.48509988,0.018956201,0.632481,0.004798377,0.29742688,0.039447777,0.46367252,0.030151375
375316653866487564,5866249573368520448,0.5640495,2255.691616729341,0.3583938588937324,6.6771313E-6,18.126184,0.0019879467,0.46003038,5.923892E-4,0.017154494,3.468039E-4,0.47262594,0.009203656,0.7484655,0.099701546,0.02824719,0.071178794,0.011335097,0.12702021,null,null,null,null,"TWOGAUSSIANS",8,2.223807,0.46003038,5.923892E-4,0.09606516,0.0019421017,0.47262594,0.009203656,0.7484655,0.099701546,0.15818426,0.39860123,0.011335097,0.12702021
375316653866487564,5866249612019655552,0.4561811,2262.380258886295,0.9666689840093712,9.882729E-6,18.97881,0.008253285,0.26596913,0.0038437527,0.048406478,0.0063939304,0.30377468,0.029093588,0.7704171,0.0067834817,0.05652017,0.0033114157,0.37865955,0.034443278,null,null,null,null,"TWOGAUSSIANS",8,6.8418846,0.7704171,0.0067834817,0.31651297,0.018543927,0.37865302,0.034443196,0.26596913,0.0038437527,0.2710763,0.03580601,0.30376816,0.029099558
375316653866487564,5866249612041248512,0.65979904,2256.395924692932,1.5324845870366677,1.5729449E-6,14.861274,0.002411428,0.244586,5.984087E-4,0.079573564,7.633422E-4,0.463588,0.0037273068,0.7448327,9.152676E-4,0.08703936,0.0012644544,0.4416285,0.004487169,null,null,null,null,"TWOGAUSSIANS",8,29.278353,0.244586,5.984087E-4,0.4,0.0,0.45363224,0.0035481935,0.7448327,9.152676E-4,0.4,0.0,0.43167266,0.0045913863
375316653866487564,5866249642081588736,0.5317945,2259.5850097871735,2.900539877290605,8.162862E-6,18.648483,0.00662997,0.27245924,0.0023087673,0.07939973,0.0044579594,0.24870631,0.010216937,0.7663386,0.004599851,0.084372275,0.0067153974,0.2672548,0.009237859,null,null,null,null,"TWOGAUSSIANS",8,2.8497844,0.7663386,0.004599851,0.4,0.0,0.26290223,0.009107703,0.27245924,0.0023087673,0.4,0.0,0.24435377,0.010458842
375316653866487564,5866250191837402752,0.54171413,2273.283080291624,1.0538725608746131,7.2835815E-6,18.39482,0.0049671317,0.36808294,0.0016557301,0.029928604,0.0021350172,0.30617478,0.019863246,0.8710439,0.009032251,0.028640741,0.006194732,0.3580892,0.025917202,null,null,null,null,"TWOGAUSSIANS",8,5.9835143,0.8710439,0.009032251,0.16038816,0.0346905,0.3580892,0.025917202,0.36808294,0.0016557301,0.16760018,0.011956097,0.30617478,0.019863246
375316653866487564,5866250436674984960,0.6891188,2257.568879302217,0.5819998105536062,1.1574479E-6,12.882869,0.0010151437,0.23578794,5.770975E-4,0.039425932,5.625266E-4,0.2374756,0.0036288688,0.7357922,3.7802808E-4,0.03890874,6.5416144E-4,0.22732633,0.0033051043,0.037559554,0.0013675024,0.23578794,5.770975E-4,"TWOGAUSSIANS_WITH_ELLIPSOIDAL_ON_ECLIPSE1",9,18.859951,0.23578794,5.770975E-4,0.22078522,0.0031501488,0.3125946,0.0024843991,0.7357922,3.7693116E-4,0.21788894,0.003663304,0.30244532,0.0031017968
375316653866487564,5866250986430629504,0.4990356,2276.882245633283,0.8353850742946785,7.605485E-6,16.884768,0.0030876063,0.16932495,0.005962061,0.08888305,0.010408073,0.057825692,0.0033381537,0.6741079,0.0030290482,0.08357818,0.005355063,0.083447725,0.003908686,null,null,null,null,"TWOGAUSSIANS",8,4.1758757,0.6741079,0.0030290482,0.4,0.0,0.08154867,0.0038258967,0.16932495,0.005962061,0.4,0.0,0.05592663,0.003360634
375316653866487564,5866251261308557056,0.47734407,2280.3191359771267,0.8210724776980438,1.1306588E-5,18.84284,0.0061998246,0.21090274,0.002658026,0.017077193,0.0018221781,0.3711279,0.0455696,0.71366817,0.004753944,0.023802524,0.00474985,0.06697369,0.014640981,null,null,null,null,"TWOGAUSSIANS",8,6.5416007,0.21090274,0.002658026,0.09563228,0.010204197,0.3711279,0.0455696,0.71366817,0.004753944,0.13329414,0.02659916,0.06697369,0.014640981
375316653866487564,5866251295645394560,0.46771568,2286.6928537034723,2.654605343768323,1.2505378E-5,19.361479,0.025804836,0.41670093,0.03666441,0.076864004,0.03701331,0.07084326,0.03213279,0.7507321,0.0026307565,0.07267984,0.0059704375,0.5570243,0.025735568,null,null,null,null,"TWOGAUSSIANS",8,10.030813,0.7507321,0.0026307565,0.4,0.01928811,0.5570114,0.025742723,0.41678092,0.03688385,0.4,0.13475674,0.070839226,0.032135043
375316653866487564,5866253318580541824,0.5153222,2280.8621817533985,2.3777523644796092,6.153066E-6,19.565487,0.01091713,0.2731262,0.0023721866,0.082712054,0.004734707,0.38691804,0.017216953,0.7662081,0.0036134073,0.08669991,0.0055282656,0.3599718,0.012424009,null,null,null,null,"TWOGAUSSIANS",8,1.667692,0.2731262,0.0023721866,0.4,0.0,0.3784418,0.017724734,0.7662081,0.0036134073,0.4,0.0,0.35149556,0.010892086
375316653866487564,5866253322892890112,0.66293234,2258.354457290463,1.3062839461582119,1.531471E-6,13.852486,0.0025220097,0.30797005,8.417209E-4,0.10221852,0.0018099569,0.20793827,0.0023458533,0.8096267,5.781768E-4,0.09001667,0.0014778039,0.20779845,0.0022825508,null,null,null,null,"TWOGAUSSIANS",8,16.25812,0.30797005,8.417209E-4,0.4,0.0,0.1941645,0.0014925795,0.8096267,5.781768E-4,0.4,0.0,0.19402725,0.0015514247
375316653866487564,5866254177573992320,0.49224573,2265.8640774640917,2.883253689831977,1.2373952E-5,19.001986,0.01220727,0.24934037,0.005877639,0.08250748,0.008838023,0.28251398,0.015795542,0.74122137,0.00636449,0.09830692,0.008451104,0.2545678,0.014797802,null,null,null,null,"TWOGAUSSIANS",8,4.6535883,0.24934037,0.005877639,0.4,0.0,0.27227268,0.014930865,0.74122137,0.00636449,0.4,0.0,0.24432519,0.012276612
375316653866487564,5866256896306074496,0.60857457,2261.9100160818452,0.50641677087532,1.4150667E-6,16.60533,0.0011646091,0.13258079,3.8683915E-4,0.01946629,3.5563455E-4,0.40537173,0.0060458845,0.65554154,9.900649E-4,0.021061664,6.6003215E-4,0.2618379,0.024488045,null,null,null,null,"TWOGAUSSIANS",8,5.294915,0.13258079,3.8683915E-4,0.10901123,0.0019915535,0.40537173,0.0060458845,0.65554154,9.900649E-4,0.11794531,0.00369618,0.2618379,0.024488045
375316653866487564,5866258545573582592,0.5333216,2259.2107141852093,3.4930009596919733,6.348753E-6,17.222769,0.009322645,0.20540711,0.002784436,0.100562595,0.0060677873,0.1663444,0.009066857,0.7018664,0.0022718976,0.11348186,0.0067622047,0.18716796,0.008097015,null,null,null,null,"TWOGAUSSIANS",8,5.910383,0.7018664,0.0022718976,0.4,0.0,0.16495399,0.005009231,0.20541711,0.0027898634,0.4,0.0,0.14415202,0.0041860635
375316653866487564,5866259056654500864,0.43110827,2262.16717028002,1.950784146153419,6.213147E-6,18.594143,0.011371098,0.24454878,0.0025193586,0.025850927,0.0025712582,0.2564629,0.019621575,null,null,null,null,null,null,0.026163073,0.023633135,0.24454878,0.0025193586,"ONEGAUSSIAN_WITH_ELLIPSOIDAL",6,34.822025,0.24454878,0.0025193586,0.14476518,0.014399046,0.30878904,0.033917673,null,null,null,null,null,null
375316653866487564,5866259262812517888,0.53230613,2269.4406093066636,0.6802503068572398,7.5938747E-6,18.375008,0.0020984446,0.33017787,0.0012286948,0.030753631,0.0016334391,0.30699432,0.009258857,0.83706146,0.0049961903,0.025786795,0.0043720715,0.031930808,0.007627382,null,null,null,null,"TWOGAUSSIANS",8,2.4641435,0.33017787,0.0012286948,0.17222033,0.0091472585,0.30699432,0.009258857,0.83706146,0.0049961903,0.14440605,0.0244836,0.031930808,0.007627382
375316653866487564,5866259262812958848,0.5441107,2248.5665374227533,2.6092227894656315,4.754501E-6,17.185993,0.0025026212,0.23649214,0.00203786,0.07816775,0.0025123875,0.15060428,0.0036401197,0.747109,0.003014807,0.07427307,0.0036644721,0.14676249,0.0030016443,null,null,null,null,"TWOGAUSSIANS",8,3.513096,0.23649214,0.00203786,0.4,0.0,0.14951539,0.0035332094,0.747109,0.003014807,0.4,0.0,0.1456736,0.0029048
375316653866487564,5866259537700924160,0.42233926,2269.501325547082,1.247024761251854,1.2058926E-5,17.310814,0.004306742,0.45431542,0.003087242,0.033648554,0.0048798374,0.13499731,0.016748816,0.95058626,0.021193648,0.014990018,0.020034552,0.0635151,359.11523,0.016783204,0.007894456,0.45431542,0.003087242,"TWOGAUSSIANS_WITH_ELLIPSOIDAL_ON_ECLIPSE1",9,43.29965,0.45431542,0.003087242,0.1884319,0.027327089,0.1685637,0.018542372,0.95061624,0.021212455,0.0839441,0.11219349,0.09706323,359.11734
375316653866487564,5866260160481284096,0.64581966,2253.4606581614503,1.9481347151448845,2.8410163E-6,14.384159,0.006301865,0.2584114,8.701699E-4,0.055357575,0.0021089884,0.46908534,0.01326157,0.75975865,0.0011299743,0.042799596,0.0019523674,0.35778368,0.013260751,0.10000483,0.0075049233,0.2584114,8.701699E-4,"TWOGAUSSIANS_WITH_ELLIPSOIDAL_ON_ECLIPSE1",9,137.90927,0.2584114,8.701699E-4,0.31000242,0.011810334,0.6690776,0.008184834,0.75975865,0.0011299743,0.23967773,0.010933258,0.5577616,0.0045108614
375316653866487564,5866260293607003776,0.619857,2260.798622380816,3.153243142177032,1.8128384E-6,17.177998,0.007961694,0.26753336,7.588504E-4,0.0424829,0.0021853922,0.41036525,0.018589428,0.7663598,0.0015523686,0.046566624,0.0019539,0.60748065,0.023296509,0.12014306,0.011095317,0.26753336,7.588504E-4,"TWOGAUSSIANS_WITH_ELLIPSOIDAL_ON_ECLIPSE1",9,17.103302,0.76642984,0.0014500463,0.2607731,0.010941841,0.8477541,0.018905632,0.26753336,7.588504E-4,0.23790425,0.012238196,0.650651,0.014897949
375316653866487564,5866260504078750720,0.5138846,2299.6699694438103,0.7857142913760136,6.388762E-6,16.391466,0.0027186098,0.5799882,0.003768852,0.030304156,0.0027234245,0.25800306,0.016965136,0.87772834,0.004758795,0.011480889,0.012313073,0.22350349,3.14641285E11,null,null,null,null,"TWOGAUSSIANS",8,24.740263,0.5799882,0.003768852,0.16970327,0.015251177,0.25800306,0.016965136,0.87772834,0.004758795,0.064292975,0.06895321,0.22350349,3.14641285E11
