Gaia/vari_eclipsing_binary/VariEclipsingBinary_462818-462831.csv
# %ECSV 1.0
# ---
# delimiter: ','
# meta: !!omap
# - RELEASE: Gaia DR3
# - TABLE: vari_eclipsing_binary
# - DESCRIPTION: >
#     This table describes the properties of the eclipsing binaries resulting from the variability analysis. 
# - CITATION: >
#     How to cite and acknowledge Gaia: 
#     https://gea.esac.esa.int/archive/documentation/credits.html 
# - KNOWN_ISSUES: >
#     Known issues: 
#     https://www.cosmos.esa.int/web/gaia-users/known-issues 
# - DOCUMENTATION: >
#     Tutorials and documentation: 
#     https://www.cosmos.esa.int/web/gaia-users/archive 
# datatype:
# - 
#   name: solution_id
#   datatype: int64
#   description: Solution Identifier
#   meta:
#     ucd: meta.version
# - 
#   name: source_id
#   datatype: int64
#   description: Unique source identifier
#   meta:
#     ucd: meta.id;meta.main
# - 
#   name: global_ranking
#   datatype: float32
#   description: Number between 0 (worst) and 1 (best)
#   meta:
#     ucd: stat.param
# - 
#   name: reference_time
#   datatype: float64
#   unit: d
#   description: Reference time used for the geometric model fit
#   meta:
#     ucd: time.epoch
# - 
#   name: frequency
#   datatype: float64
#   unit: d**-1
#   description: Frequency of geometric model of the eclipsing binary light curve
#   meta:
#     ucd: src.orbital
# - 
#   name: frequency_error
#   datatype: float32
#   unit: d**-1
#   description: "Uncertainty of \\texttt{frequency}"
#   meta:
#     ucd: stat.error
# - 
#   name: geom_model_reference_level
#   datatype: float32
#   unit: mag
#   description: Magnitude reference level of geometric model
#   meta:
#     ucd: phot.mag;em.opt
# - 
#   name: geom_model_reference_level_error
#   datatype: float32
#   unit: mag
#   description: "Uncertainty of \\texttt{geomModelReferenceLevel}"
#   meta:
#     ucd: stat.error;phot.mag;em.opt
# - 
#   name: geom_model_gaussian1_phase
#   datatype: float32
#   description: Phase of the Gaussian 1 component
#   meta:
#     ucd: time.phase
# - 
#   name: geom_model_gaussian1_phase_error
#   datatype: float32
#   description: "Uncertainty of \\texttt{geomModelGaussian1Phase}"
#   meta:
#     ucd: stat.error;time.phase
# - 
#   name: geom_model_gaussian1_sigma
#   datatype: float32
#   description: "Standard deviation [phase] of Gaussian 1 component"
#   meta:
#     ucd: stat.stdev
# - 
#   name: geom_model_gaussian1_sigma_error
#   datatype: float32
#   description: "Uncertainty of \\texttt{geomModelGaussian1Sigma}"
#   meta:
#     ucd: stat.error
# - 
#   name: geom_model_gaussian1_depth
#   datatype: float32
#   unit: mag
#   description: Magnitude depth of Gaussian 1 component
#   meta:
#     ucd: src.var.amplitude
# - 
#   name: geom_model_gaussian1_depth_error
#   datatype: float32
#   unit: mag
#   description: "Uncertainty of \\texttt{geomModelGaussian1Depth}"
#   meta:
#     ucd: stat.error;src.var.amplitude
# - 
#   name: geom_model_gaussian2_phase
#   datatype: float32
#   description: Phase of Gaussian 2 component
#   meta:
#     ucd: time.phase
# - 
#   name: geom_model_gaussian2_phase_error
#   datatype: float32
#   description: "Uncertainty of \\texttt{geomModelGaussian2Phase}"
#   meta:
#     ucd: stat.error;time.phase
# - 
#   name: geom_model_gaussian2_sigma
#   datatype: float32
[...]
#   datatype: float32
#   description: "Secondary eclipse: uncertainty of \\texttt{derivedSecondaryEclDuration}"
#   meta:
#     ucd: stat.error;time.duration
# - 
#   name: derived_secondary_ecl_depth
#   datatype: float32
#   unit: mag
#   description: "Secondary eclipse: depth"
#   meta:
#     ucd: src.var.amplitude
# - 
#   name: derived_secondary_ecl_depth_error
#   datatype: float32
#   unit: mag
#   description: "Secondary eclipse: uncertainty of \\texttt{derivedSecondaryEclDepth}"
#   meta:
#     ucd: stat.error;src.var.amplitude
solution_id,source_id,global_ranking,reference_time,frequency,frequency_error,geom_model_reference_level,geom_model_reference_level_error,geom_model_gaussian1_phase,geom_model_gaussian1_phase_error,geom_model_gaussian1_sigma,geom_model_gaussian1_sigma_error,geom_model_gaussian1_depth,geom_model_gaussian1_depth_error,geom_model_gaussian2_phase,geom_model_gaussian2_phase_error,geom_model_gaussian2_sigma,geom_model_gaussian2_sigma_error,geom_model_gaussian2_depth,geom_model_gaussian2_depth_error,geom_model_cosine_half_period_amplitude,geom_model_cosine_half_period_amplitude_error,geom_model_cosine_half_period_phase,geom_model_cosine_half_period_phase_error,model_type,num_model_parameters,reduced_chi2,derived_primary_ecl_phase,derived_primary_ecl_phase_error,derived_primary_ecl_duration,derived_primary_ecl_duration_error,derived_primary_ecl_depth,derived_primary_ecl_depth_error,derived_secondary_ecl_phase,derived_secondary_ecl_phase_error,derived_secondary_ecl_duration,derived_secondary_ecl_duration_error,derived_secondary_ecl_depth,derived_secondary_ecl_depth_error
[from data line 264]
375316653866487564,4071049661474154496,0.4836924,2396.265313375117,2.254352628053221,1.4550652E-5,19.693481,0.031444542,0.30178872,9.979614E-4,0.035360612,0.00689998,1.8631358,1.0451611,0.7796763,0.033745803,0.042886343,0.061154816,0.29907814,0.13771272,null,null,null,null,"TWOGAUSSIANS",8,2.225853,0.30178872,9.979614E-4,0.19801942,0.03863989,1.8631358,1.0452485,0.7796763,0.033745803,0.2401635,0.1613926,0.29907814,0.13800825
375316653866487564,4071049730123455232,0.4650886,2326.3712292700698,2.5257406452224225,3.4491073E-5,19.706764,0.023352506,0.23966174,0.010732919,0.07166619,0.015855625,0.25659543,0.034867004,0.7289949,0.01725446,0.08415162,0.02352989,0.21089807,0.024192037,null,null,null,null,"TWOGAUSSIANS",8,2.5569894,0.23966174,0.010732919,0.4,0.029114349,0.25445834,0.034940038,0.7289949,0.01725446,0.4,0.0,0.20876095,0.026056537
375316653866487564,4071049970642155776,0.43011287,2351.632824755572,0.10498079912873634,3.161075E-5,19.232515,0.017560456,0.23674677,0.010046272,0.059709575,0.012807484,0.31483674,0.0674452,0.7730873,3.794651E-4,0.024667386,0.0022111768,0.1864602,0.016098062,null,null,null,null,"TWOGAUSSIANS",8,4.9956284,0.23674677,0.010046272,0.33437362,0.07172191,0.31483674,0.06744522,0.7730873,3.794651E-4,0.13813736,0.01238259,0.1864602,0.016098052
375316653866487564,4071049970711858944,0.46016353,2297.254447807327,0.7538600297779373,6.525498E-5,19.549267,0.018392332,0.33962065,0.016448496,0.04400395,0.013008331,0.2715158,0.112453595,0.13110217,0.034515783,0.110887714,0.044062857,0.35068443,0.0751541,null,null,null,null,"TWOGAUSSIANS",8,5.2883844,0.13111219,0.034498893,0.4,0.0,0.35066107,0.075472064,0.33152065,0.013181329,0.24642211,0.07284665,0.33540744,0.038711283
375316653866487564,4071050142440340864,0.5023657,2264.3966785047733,2.153391712422388,1.0252678E-5,17.53186,0.09200403,0.2544381,0.009980019,0.10399301,0.04328199,0.30136707,0.030089477,0.76950115,0.0050694374,0.1079017,0.019302873,0.28438562,0.08941514,null,null,null,null,"TWOGAUSSIANS",8,5.762302,0.25442812,0.010173073,0.4,0.0,0.27089563,0.061421927,0.76951116,0.0046959585,0.4,0.0,0.2539064,0.017794047
375316653866487564,4071050142440348800,0.51315856,2256.5770724519944,0.9668026045847963,1.1457436E-5,19.327892,0.0121129835,0.27808908,0.0059953677,0.08476422,0.012772622,0.3034388,0.04585425,0.7788522,0.0027816915,0.07056936,0.0049911668,0.26987106,0.014828294,null,null,null,null,"TWOGAUSSIANS",8,0.72059,0.27808908,0.0059953677,0.4,0.0,0.30026665,0.048275977,0.7788522,0.0027816915,0.39518842,0.024444897,0.2666989,0.014198944
375316653866487564,4071050176870258048,0.5158537,2235.937282632511,0.7797298786724833,2.0155024E-4,17.304306,0.007791141,0.43977782,0.006346938,0.03498673,0.027614117,0.86142236,0.7485053,0.88000864,0.027818456,0.03176535,0.042296015,0.02047962,0.020527761,null,null,null,null,"TWOGAUSSIANS",8,3.4024034,0.43977782,0.006346938,0.1959257,0.15463905,0.86142236,0.7485053,0.88000864,0.027818456,0.17788595,0.23685768,0.02047962,0.020527761
375316653866487564,4071050314239251200,0.45582643,2264.9503130140065,0.5885600492485684,5.158988E-5,18.589712,0.015815925,0.13092151,0.013226679,0.028087424,0.027150802,0.12767446,0.025353044,0.6061985,0.07092786,0.06731588,0.056791443,0.058036413,0.022923026,null,null,null,null,"TWOGAUSSIANS",8,4.291414,0.13092151,0.013226679,0.15728958,0.15204449,0.12767443,0.025354246,0.6061985,0.07092786,0.3769689,0.29194814,0.058036376,0.022912102
375316653866487564,4071050967075365632,0.4870019,2286.705246264379,2.669770481859261,1.7914863E-5,19.590622,0.024681073,0.3359967,0.009239179,0.08421666,0.013179849,0.4587587,0.084880084,0.81711465,0.006187523,0.0853152,0.012461332,0.3740244,0.036851577,null,null,null,null,"TWOGAUSSIANS",8,3.5128028,0.3359967,0.009239179,0.4,0.0,0.45111156,0.087791644,0.81711465,0.006187523,0.4,0.0,0.36637723,0.03780276
375316653866487564,4071051035795138432,0.47858205,2271.228930260838,1.7127702162971914,8.402161E-5,19.093004,0.033648808,0.28683284,0.008883333,0.08705908,0.013460323,0.3913917,0.038420983,0.7911159,0.028348565,0.066427626,0.028994124,0.2342619,0.069200456,null,null,null,null,"TWOGAUSSIANS",8,6.388403,0.28683284,0.008883333,0.4,0.0,0.3885802,0.036535442,0.7911159,0.028348565,0.37199467,0.1623671,0.23145045,0.069415376
375316653866487564,4071051104583389952,0.45170298,2263.6400112519373,2.2688587709531984,6.224455E-5,17.357208,0.0069870623,0.22303963,0.007228086,0.010109249,0.01990863,6.064779,10.134856,0.7449877,0.012630315,0.03557928,0.0069963643,0.27552506,0.046896964,null,null,null,null,"TWOGAUSSIANS",8,7.5669894,0.22303963,0.007228086,0.056611795,0.11148833,6.064779,10.134856,0.7449877,0.012630315,0.19924395,0.03917964,0.27552506,0.046896964
375316653866487564,4071051581233113088,0.5098292,2260.5844386762465,2.924622514881727,1.3037655E-5,18.526043,0.04782474,0.30273414,0.0031920965,0.081522174,0.011528296,0.44857544,0.03684306,0.805371,0.012058206,0.08404994,0.020400986,0.4529202,0.099110626,null,null,null,null,"TWOGAUSSIANS",8,10.854091,0.805371,0.012058206,0.4,0.0,0.44393048,0.10592299,0.30273414,0.0031920965,0.4,0.0,0.43958575,0.027688773
375316653866487564,4071051791715410432,0.5322867,2252.9769399524193,1.144829893306642,2.7562219E-5,19.614182,0.010145984,0.30601123,0.03723669,0.055229045,0.036796633,0.6938501,1.0031595,0.8074048,0.0022116723,0.038054302,0.0021966256,1.4114771,0.1671241,null,null,null,null,"TWOGAUSSIANS",8,2.0533342,0.8074048,0.0022116723,0.2131041,0.012301103,1.4114761,0.16713844,0.30601123,0.03723669,0.30928266,0.124566615,0.69384915,1.003266
375316653866487564,4071051856087399936,0.5269411,2295.0569622401313,2.6748051033519005,1.9534064E-5,17.18302,0.024970343,0.19350073,0.007797289,0.07226872,0.010419619,0.36409917,0.027467165,0.7060324,0.0155021995,0.08339619,0.01641633,0.32740238,0.05588108,null,null,null,null,"TWOGAUSSIANS",8,38.137558,0.19350073,0.007797289,0.4,0.03416802,0.36106488,0.024322933,0.7060324,0.0155021995,0.4,0.0,0.3243681,0.05575762
375316653866487564,4071052032233709440,0.45567206,2271.0772776730687,0.3723298075659439,3.088445E-5,18.481226,0.0063376497,0.2213995,0.002367652,0.033518504,0.003122061,0.128234,0.011594461,0.70171374,0.03785828,0.05910804,0.039964173,0.05941762,0.035004664,null,null,null,null,"TWOGAUSSIANS",8,2.0520997,0.2213995,0.002367652,0.18770362,0.017483542,0.12823397,0.011591045,0.70171374,0.03785828,0.33100504,0.11689934,0.059417598,0.035030287
375316653866487564,4071052096605574656,0.65295535,2263.228074579115,2.155433470725632,7.030269E-6,17.439352,0.010611196,0.2524005,0.0022588244,0.047430336,0.005290747,0.37305602,0.044104405,0.7234412,0.014448126,0.05561879,0.0047753756,0.61203814,0.18010743,0.14455895,0.013452085,0.2524005,0.0022588244,"TWOGAUSSIANS_WITH_ELLIPSOIDAL_ON_ECLIPSE1",9,4.102492,0.7263912,0.013517181,0.3114652,0.026742104,0.89263856,0.1810704,0.2524005,0.0022588244,0.26560986,0.029628184,0.6621696,0.044685006
375316653866487564,4071052135312987904,0.5029406,2296.71044654393,0.3103456707916903,9.5999065E-5,16.831661,0.005895465,0.23717697,0.05172057,0.044203375,0.0337687,0.6319824,0.3591316,0.37953317,0.11571427,0.07468825,0.08626592,0.3352148,0.45845672,null,null,null,null,"TWOGAUSSIANS",8,8.643275,0.24188697,0.05172269,0.2475389,0.1855208,0.6897523,0.36946812,0.37953317,0.11571427,0.4,0.42924684,0.3387512,0.4536942
375316653866487564,4071052581989581696,0.49456146,2306.6910583864405,1.6901400562987972,2.3016177E-5,19.460897,0.009451486,null,null,null,null,null,null,null,null,null,null,null,null,0.12943986,0.010723166,0.19899714,0.0091367895,"ELLIPSOIDAL",4,2.8118074,null,null,null,null,null,null,null,null,null,null,null,null
375316653866487564,4071053097385953792,0.4409343,2281.083016234327,1.4149629479082317,9.070776E-5,18.532528,0.091090806,0.17395341,0.011403287,0.09429561,0.033286277,0.14571637,0.07890865,0.6858208,0.012158108,0.13782974,0.0845499,0.12641749,0.086438686,null,null,null,null,"TWOGAUSSIANS",8,5.119484,0.17378342,0.011614363,0.4,0.0,0.1231359,0.026981112,0.6858208,0.012145969,0.4,0.0,0.10347027,0.0101056695
375316653866487564,4071053612782065792,0.5170748,2324.9172820588424,4.448779506972199,4.0492487E-5,19.624178,0.007839161,0.29019618,3.4916553E-5,0.011983533,2.7777546E-4,1.5032301,0.059661478,0.74722576,0.0058552916,0.04284959,0.0075721745,0.10563977,0.008502444,null,null,null,null,"TWOGAUSSIANS",8,1.4051528,0.29019618,3.4916553E-5,0.06710779,0.0015555425,1.5032301,0.059661478,0.74722576,0.0058552916,0.23995769,0.04240418,0.10563977,0.008502444
375316653866487564,4071053784581032064,0.46857017,2296.92814634769,1.9918669385829122,1.6987258E-5,19.573551,0.08019183,0.20249441,0.008729691,0.106551245,0.026056193,0.2767302,0.07951069,0.67731,0.01870816,0.11389636,0.038525205,0.2912422,0.083917886,null,null,null,null,"TWOGAUSSIANS",8,2.0222197,0.67731,0.01870816,0.4,0.0,0.2580009,0.029323785,0.20255442,0.008624618,0.4,0.0,0.24353006,0.025880495
375316653866487564,4071053887738689024,0.46700948,2286.50032916523,1.3762890800092957,4.1591713E-5,18.721043,0.04335738,0.2493857,0.024000974,0.09109802,0.0361372,0.2126428,0.055056408,0.7650266,0.008650244,0.09882502,0.029567406,0.2221854,0.028111776,null,null,null,null,"TWOGAUSSIANS",8,5.6522293,0.7650266,0.008650244,0.4,0.0,0.21128151,0.023879152,0.2493857,0.024003845,0.4,0.0632203,0.20174034,0.05637842
375316653866487564,4071054334334271872,0.57396525,2294.5076596413683,1.9549837433872883,1.2165501E-5,18.188244,0.02071818,0.27090546,0.0017880008,0.092414744,0.005649552,0.4468133,0.02115529,0.76347506,0.002629692,0.07877346,0.00887578,0.4914163,0.040260594,null,null,null,null,"TWOGAUSSIANS",8,4.837404,0.76347506,0.002629692,0.4,0.0,0.4799239,0.045590125,0.27090546,0.0017880008,0.4,0.0,0.43532047,0.017040474
375316653866487564,4071054368693787392,0.56894916,2321.883768595806,0.3122913479315026,3.427657E-5,18.074411,0.007964939,0.46787578,0.0070618386,0.0515592,0.008212746,0.09694351,0.011576463,0.79755795,0.0053499485,0.02033164,0.0041160495,0.4836279,0.4568892,0.017876811,0.010295032,0.46787578,0.0070618386,"TWOGAUSSIANS_WITH_ELLIPSOIDAL_ON_ECLIPSE1",9,5.5247235,0.7977179,0.0052828654,0.11385718,0.023049878,0.49187997,0.45716643,0.46787578,0.0070618386,0.28873152,0.04599138,0.13269618,0.01524173
375316653866487564,4071054403053566592,0.6104914,2274.039626520963,1.8253977403685044,7.910035E-6,17.342161,0.013842445,0.3664201,0.001836906,0.08148758,0.004601354,0.386787,0.01687775,0.8663172,0.0030495995,0.07914348,0.0037438145,0.4255202,0.02122368,null,null,null,null,"TWOGAUSSIANS",8,6.610144,0.8663172,0.0030495995,0.4,0.0,0.4191521,0.020538362,0.3664201,0.001836906,0.4,0.0,0.3804189,0.01668813
375316653866487564,4071054781010737152,0.48111692,2311.1332798799613,0.3098950775943718,5.6450812E-5,18.979763,0.03380555,0.06549021,0.021595549,0.030821223,0.018744688,0.13243826,0.6523886,0.4641159,0.014921049,0.18154047,0.036127876,0.24058323,0.03394828,null,null,null,null,"TWOGAUSSIANS",8,4.129724,0.4641159,0.014921049,0.4,0.0,0.22944008,0.03291275,0.067270204,0.021966781,0.17259885,0.10497026,0.1440993,0.65391356
375316653866487564,4071054815436076544,0.46013585,2293.163152235507,0.698333287247147,7.7200595E-5,19.368242,0.4325769,0.30400586,0.014646818,0.110305026,0.042961005,0.6669126,0.32960728,0.8352391,0.012315984,0.17610522,0.10612132,0.5800287,0.40818462,null,null,null,null,"TWOGAUSSIANS",8,5.155641,0.30102587,0.013429791,0.4,0.0022872805,0.47997808,0.11985954,0.8353891,0.012124622,0.4,0.0,0.3700462,0.10448097
375316653866487564,4071054987234780800,0.61184514,2291.5748127335396,1.9133954125266794,2.6076555E-6,17.210403,0.011672935,0.308928,0.0052093673,0.029820919,0.011300766,0.27125737,0.22069591,0.7622007,9.891391E-4,0.057635784,0.0028736393,0.36198115,0.025268307,0.042406898,0.012315541,0.7622007,9.891391E-4,"TWOGAUSSIANS_WITH_ELLIPSOIDAL_ON_ECLIPSE2",9,8.037623,0.7622007,9.891391E-4,0.3227604,0.01609238,0.44676515,0.017656706,0.307978,0.0063167927,0.16699713,0.06328429,0.3490785,0.22126076
375316653866487564,4071055124688217344,0.5072655,2308.123258230822,0.4117461786337307,1.7313607E-4,17.73417,0.008837738,0.52168125,0.011236369,0.057610467,0.012188345,0.18665682,0.014273287,null,null,null,null,null,null,null,null,null,null,"ONEGAUSSIAN",5,6.0248065,0.52168125,0.011236369,0.3226186,0.06825473,0.18665682,0.0,null,null,null,null,null,null
375316653866487564,4071055193327811456,0.42384332,2287.4624147323225,0.5376994365505292,4.746313E-5,16.28963,0.0034826961,0.25724822,0.022568433,0.08812162,0.050593916,0.020765647,0.00492177,0.708351,0.009779102,0.055525076,0.0087812925,0.0389357,0.004417682,null,null,null,null,"TWOGAUSSIANS",8,3.679785,0.708351,0.009779102,0.31094044,0.049175236,0.03890126,0.00434306,0.25724822,0.022568433,0.4,0.14675736,0.020731166,0.0049036504
375316653866487564,4071055330771002752,0.5757289,2346.478424907626,2.377614410653906,1.9601284E-5,18.869982,0.05474468,0.26364726,0.0032355115,0.111255154,0.013153101,0.41484198,0.053449,0.7643008,0.0028795912,0.120444596,0.01385698,0.3645851,0.053601354,null,null,null,null,"TWOGAUSSIANS",8,1.2323464,0.26364726,0.0032347378,0.4,0.0,0.33999753,0.012370638,0.7643008,0.002887093,0.4,0.0,0.28964272,0.011021876
375316653866487564,4071055605644737408,0.45822045,2298.524697409066,0.7064038652201498,6.682994E-5,19.472103,0.0070922156,0.64540917,0.014851039,0.020117855,0.019032687,0.13125198,0.011029552,0.37791294,0.009839537,0.12195929,0.010897951,0.1801058,0.013153354,null,null,null,null,"TWOGAUSSIANS",8,2.4320905,0.37791294,0.009839537,0.4,0.0,0.18002513,0.013165922,0.6444991,0.01316664,0.11265999,0.106583044,0.14755669,0.0077009713
375316653866487564,4071055640084245504,0.48339483,2330.5498550084667,0.3861893510691247,3.7431524E-5,19.146315,0.034979153,0.5517257,0.007873496,0.084980994,0.027807904,0.19219846,0.03527043,0.9061038,0.027902026,0.08975437,0.037849568,0.062512815,0.038667288,null,null,null,null,"TWOGAUSSIANS",8,2.0936897,0.5517657,0.007834322,0.4,0.052287012,0.19199316,0.035531472,0.9061038,0.027902026,0.4,0.067976385,0.062313937,0.038420096
375316653866487564,4071055773124382976,0.49737644,2288.81550086583,3.4880843419858873,3.235907E-5,18.68905,0.009972271,0.21464846,0.0076938546,0.067265,0.007431471,0.3140878,0.0255595,0.72584325,0.0039792894,0.07843058,0.004781065,0.3454731,0.022578618,null,null,null,null,"TWOGAUSSIANS",8,8.183307,0.72584325,0.0039792894,0.4,0.0,0.344074,0.022439796,0.21464846,0.0076938546,0.37668398,0.041616235,0.31268874,0.02558958
375316653866487564,4071056017961754496,0.48918322,2269.3390872157406,0.3949796303747151,3.2329557E-5,19.674334,0.26926538,0.50131404,0.009319467,0.26369473,0.0893473,0.43863037,0.23187903,0.94075924,6.003905E-4,0.020577129,0.0015819051,0.1260999,0.0029975553,null,null,null,null,"TWOGAUSSIANS",8,0.9452779,0.50131404,0.009319467,0.4,0.0,0.29331678,0.035086706,0.94075924,6.003905E-4,0.115231924,0.008858669,0.13532697,0.0041758018
375316653866487564,4071056017961765120,0.62478137,2276.6320547256987,1.6406582919614672,9.9399485E-6,18.142958,0.0044878297,0.23282222,0.0019083424,0.075478956,0.0020921277,0.5005812,0.0063510467,0.7376607,0.0015768233,0.07252193,0.0020150596,0.3730918,0.011624254,null,null,null,null,"TWOGAUSSIANS",8,2.4811847,0.23282222,0.0019083424,0.4,0.0,0.498005,0.006193583,0.7376607,0.0015768233,0.4,3.526182E-4,0.37051556,0.011786253
375316653866487564,4071056327201712768,0.5057396,2360.479371493838,2.0164657111761692,5.568616E-5,19.581621,0.19639304,0.29429054,0.011908328,0.112753384,0.041747194,0.39474174,0.19219404,0.8173436,0.015958816,0.0921899,0.030995522,0.50951296,0.19445296,null,null,null,null,"TWOGAUSSIANS",8,1.2106574,0.8173736,0.01590578,0.4,0.0010427175,0.47579864,0.07862982,0.29429054,0.01189651,0.4,0.0,0.36096847,0.0734512
