Gaia/vari_eclipsing_binary/VariEclipsingBinary_666449-666470.csv
# %ECSV 1.0
# ---
# delimiter: ','
# meta: !!omap
# - RELEASE: Gaia DR3
# - TABLE: vari_eclipsing_binary
# - DESCRIPTION: >
#     This table describes the properties of the eclipsing binaries resulting from the variability analysis. 
# - CITATION: >
#     How to cite and acknowledge Gaia: 
#     https://gea.esac.esa.int/archive/documentation/credits.html 
# - KNOWN_ISSUES: >
#     Known issues: 
#     https://www.cosmos.esa.int/web/gaia-users/known-issues 
# - DOCUMENTATION: >
#     Tutorials and documentation: 
#     https://www.cosmos.esa.int/web/gaia-users/archive 
# datatype:
# - 
#   name: solution_id
#   datatype: int64
#   description: Solution Identifier
#   meta:
#     ucd: meta.version
# - 
#   name: source_id
#   datatype: int64
#   description: Unique source identifier
#   meta:
#     ucd: meta.id;meta.main
# - 
#   name: global_ranking
#   datatype: float32
#   description: Number between 0 (worst) and 1 (best)
#   meta:
#     ucd: stat.param
# - 
#   name: reference_time
#   datatype: float64
#   unit: d
#   description: Reference time used for the geometric model fit
#   meta:
#     ucd: time.epoch
# - 
#   name: frequency
#   datatype: float64
#   unit: d**-1
#   description: Frequency of geometric model of the eclipsing binary light curve
#   meta:
#     ucd: src.orbital
# - 
#   name: frequency_error
#   datatype: float32
#   unit: d**-1
#   description: "Uncertainty of \\texttt{frequency}"
#   meta:
#     ucd: stat.error
# - 
#   name: geom_model_reference_level
#   datatype: float32
#   unit: mag
#   description: Magnitude reference level of geometric model
#   meta:
#     ucd: phot.mag;em.opt
# - 
#   name: geom_model_reference_level_error
#   datatype: float32
#   unit: mag
#   description: "Uncertainty of \\texttt{geomModelReferenceLevel}"
#   meta:
#     ucd: stat.error;phot.mag;em.opt
# - 
#   name: geom_model_gaussian1_phase
#   datatype: float32
#   description: Phase of the Gaussian 1 component
#   meta:
#     ucd: time.phase
# - 
#   name: geom_model_gaussian1_phase_error
#   datatype: float32
#   description: "Uncertainty of \\texttt{geomModelGaussian1Phase}"
#   meta:
#     ucd: stat.error;time.phase
# - 
#   name: geom_model_gaussian1_sigma
#   datatype: float32
#   description: "Standard deviation [phase] of Gaussian 1 component"
#   meta:
#     ucd: stat.stdev
# - 
#   name: geom_model_gaussian1_sigma_error
#   datatype: float32
#   description: "Uncertainty of \\texttt{geomModelGaussian1Sigma}"
#   meta:
#     ucd: stat.error
# - 
#   name: geom_model_gaussian1_depth
#   datatype: float32
#   unit: mag
#   description: Magnitude depth of Gaussian 1 component
#   meta:
#     ucd: src.var.amplitude
# - 
#   name: geom_model_gaussian1_depth_error
#   datatype: float32
#   unit: mag
#   description: "Uncertainty of \\texttt{geomModelGaussian1Depth}"
#   meta:
#     ucd: stat.error;src.var.amplitude
# - 
#   name: geom_model_gaussian2_phase
#   datatype: float32
#   description: Phase of Gaussian 2 component
#   meta:
#     ucd: time.phase
# - 
#   name: geom_model_gaussian2_phase_error
#   datatype: float32
#   description: "Uncertainty of \\texttt{geomModelGaussian2Phase}"
#   meta:
#     ucd: stat.error;time.phase
# - 
#   name: geom_model_gaussian2_sigma
#   datatype: float32
[...]
#   datatype: float32
#   description: "Secondary eclipse: uncertainty of \\texttt{derivedSecondaryEclDuration}"
#   meta:
#     ucd: stat.error;time.duration
# - 
#   name: derived_secondary_ecl_depth
#   datatype: float32
#   unit: mag
#   description: "Secondary eclipse: depth"
#   meta:
#     ucd: src.var.amplitude
# - 
#   name: derived_secondary_ecl_depth_error
#   datatype: float32
#   unit: mag
#   description: "Secondary eclipse: uncertainty of \\texttt{derivedSecondaryEclDepth}"
#   meta:
#     ucd: stat.error;src.var.amplitude
solution_id,source_id,global_ranking,reference_time,frequency,frequency_error,geom_model_reference_level,geom_model_reference_level_error,geom_model_gaussian1_phase,geom_model_gaussian1_phase_error,geom_model_gaussian1_sigma,geom_model_gaussian1_sigma_error,geom_model_gaussian1_depth,geom_model_gaussian1_depth_error,geom_model_gaussian2_phase,geom_model_gaussian2_phase_error,geom_model_gaussian2_sigma,geom_model_gaussian2_sigma_error,geom_model_gaussian2_depth,geom_model_gaussian2_depth_error,geom_model_cosine_half_period_amplitude,geom_model_cosine_half_period_amplitude_error,geom_model_cosine_half_period_phase,geom_model_cosine_half_period_phase_error,model_type,num_model_parameters,reduced_chi2,derived_primary_ecl_phase,derived_primary_ecl_phase_error,derived_primary_ecl_duration,derived_primary_ecl_duration_error,derived_primary_ecl_depth,derived_primary_ecl_depth_error,derived_secondary_ecl_phase,derived_secondary_ecl_phase_error,derived_secondary_ecl_duration,derived_secondary_ecl_duration_error,derived_secondary_ecl_depth,derived_secondary_ecl_depth_error
[from data line 143]
375316653866487564,5862172657277516160,0.5898863,2220.3401884915606,1.3057463490917307,2.4944497E-6,17.894423,0.012038237,0.2153492,0.0014680487,0.040921174,0.0020726665,0.8410628,0.05128036,0.7148678,0.017664576,0.029681304,0.021217054,0.17756025,0.06295798,0.037834067,0.016617578,0.2153492,0.0014680487,"TWOGAUSSIANS_WITH_ELLIPSOIDAL_ON_ECLIPSE1",9,13.352927,0.2153492,0.0014680487,0.22915857,0.011606932,0.9167309,0.05003922,0.7148778,0.017640835,0.16621532,0.1188155,0.25322768,0.05800192
375316653866487564,5862172897797620736,0.4242694,2239.181753876113,0.11860335982028834,1.7760833E-5,17.978464,0.0046878597,0.17020357,0.0058336076,0.036737237,0.003996984,0.07625161,0.0064343642,0.58937716,1.1668876E-4,0.0026481657,1.49543E-4,0.26924714,0.016708413,null,null,null,null,"TWOGAUSSIANS",8,18.238888,0.58937716,1.1668876E-4,0.014829728,8.3744084E-4,0.26924714,0.016708413,0.17020357,0.0058336076,0.20572852,0.02238311,0.07625161,0.0064343642
375316653866487564,5862172897850053760,0.43911973,2229.2654521021395,1.1479292642554628,2.1535623E-5,16.987673,0.003084876,0.25165525,0.0056158775,0.07845639,0.008276483,0.060460337,0.0045417687,0.78734213,0.01832196,0.07284194,0.014445985,0.05045392,0.009536129,null,null,null,null,"TWOGAUSSIANS",8,6.628959,0.25165525,0.0056158775,0.4,0.0,0.060250346,0.004477812,0.78734213,0.01832196,0.4,0.041716035,0.05024393,0.009494459
375316653866487564,5862173030931302656,0.5968326,2211.8707679768213,1.0474551534574732,4.1152225E-6,17.999477,0.0036114682,0.25256333,0.0023162889,0.039204028,0.00230046,0.17550686,0.011016318,0.7486058,0.0032327473,0.03492606,0.0027160472,0.5171131,0.02776795,null,null,null,null,"TWOGAUSSIANS",8,3.608314,0.7486058,0.0032327473,0.19558594,0.015209864,0.5171131,0.02776795,0.25256333,0.0023162889,0.21954256,0.012882575,0.17550686,0.011016318
375316653866487564,5862173099650805376,0.64987004,2221.9335531171364,0.5696126914746832,1.5493733E-6,16.852375,0.0033104245,0.23492527,7.5219455E-4,0.03759409,0.0010847603,0.54686975,0.019020291,0.7348958,0.0037071859,0.036937445,0.002923951,0.45113745,0.036495037,0.090082675,0.0047180536,0.23492527,7.5219455E-4,"TWOGAUSSIANS_WITH_ELLIPSOIDAL_ON_ECLIPSE1",9,8.394278,0.23492527,7.5219455E-4,0.21052691,0.006074657,0.7270351,0.019106682,0.7348958,0.0035619647,0.2068497,0.016374124,0.6313028,0.037233703
375316653866487564,5862173104008500864,0.52955407,2228.3122808528383,3.0932814460934432,8.669607E-6,17.074398,0.0026499145,0.24846645,0.0030291087,0.073244244,0.0064596273,0.08841687,0.0030962222,0.7420147,0.0029817962,0.06917109,0.004683562,0.08424159,0.0047430196,null,null,null,null,"TWOGAUSSIANS",8,2.9206982,0.24846645,0.0030291087,0.4,0.007448033,0.088107064,0.0030815932,0.7420147,0.0029817962,0.3873581,0.0261316,0.08393179,0.004777814
375316653866487564,5862173310166963200,0.5491915,2224.2635073934425,1.8846106739177544,1.0168587E-5,16.871874,0.0021919208,0.94653094,0.007395157,0.008986534,0.00727929,0.52124184,0.18659832,null,null,null,null,null,null,null,null,null,null,"ONEGAUSSIAN",5,20.863808,0.94653094,0.007395157,0.05032459,0.040764026,0.52124184,0.0,null,null,null,null,null,null
375316653866487564,5862173791203764352,0.50600487,2226.1817983085234,0.5922128085077036,4.738586E-6,15.264012,0.0038332634,0.24098393,6.5672636E-4,0.035785932,0.0019468465,0.21422163,0.011451383,0.7374567,0.0122529995,0.025637634,0.0050708726,0.0384227,0.0096757645,0.011025797,0.0052877376,0.24098393,6.5672636E-4,"TWOGAUSSIANS_WITH_ELLIPSOIDAL_ON_ECLIPSE1",9,51.417248,0.24098393,6.5672636E-4,0.20040123,0.0109023405,0.23627323,0.012028997,0.7375567,0.012089945,0.14357075,0.028396886,0.06046378,0.005970621
375316653866487564,5862173821197570688,0.52516264,2210.7831503643633,0.3505081388869938,2.654558E-5,14.548999,0.004905001,0.26559597,0.0043323394,0.04113186,0.005046939,0.13926621,0.01823964,0.7651886,0.026666608,0.04981228,0.027443726,0.07157633,0.020869993,0.029430814,0.0058255503,0.26559597,0.0043323394,"TWOGAUSSIANS_WITH_ELLIPSOIDAL_ON_ECLIPSE1",9,67.98847,0.26559597,0.0043323394,0.23033844,0.028262857,0.19812757,0.014258263,0.7652486,0.025592275,0.27894878,0.15368485,0.13043736,0.023758236
375316653866487564,5862174164801725568,0.5271208,2257.5536978542705,0.6786217723253377,3.2249423E-5,18.569574,0.0038535679,0.26588517,0.014558041,0.024413452,0.012714899,0.28136134,7.282681,0.76240855,0.0063739587,0.021767532,0.0048354655,0.5293342,0.17172073,null,null,null,null,"TWOGAUSSIANS",8,3.2602232,0.76240855,0.0063739587,0.12189819,0.027078608,0.5293342,0.17172073,0.26588517,0.014558041,0.13671532,0.07120343,0.28136134,7.282681
375316653866487564,5862174272189543552,0.60118544,2237.717255151076,1.1267167270381842,4.816844E-6,19.26002,0.008270717,0.26324487,9.675111E-4,0.046330456,0.0025275373,0.5261694,0.025275482,0.7690545,5.8092864E-4,0.03624844,0.006383814,0.3865363,0.18467332,0.08141359,0.013435537,0.26324487,9.675111E-4,"TWOGAUSSIANS_WITH_ELLIPSOIDAL_ON_ECLIPSE1",9,1.4861965,0.26324487,9.675111E-4,0.25945055,0.014154209,0.688996,0.022571802,0.7690545,5.8092864E-4,0.20299128,0.035749357,0.549146,0.1843106
375316653866487564,5862174443988301440,0.51784253,2201.04969453118,0.5574574086129847,2.4360554E-5,18.704313,0.0034793855,0.24006794,0.0011414271,0.015955513,0.0028330747,0.35686147,0.025491117,0.8444511,5.1847514E-4,0.00861045,5.041303E-4,0.22344007,0.002906505,null,null,null,null,"TWOGAUSSIANS",8,3.2545688,0.24006794,0.0011414271,0.08935088,0.015865218,0.35686147,0.025491117,0.8444511,5.1847514E-4,0.04821852,0.0028231298,0.22344007,0.002906505
375316653866487564,5862174547067575040,0.5190421,2190.9939959148096,2.3594361520012823,1.2338E-5,19.413065,0.034246918,0.2827281,0.0036626619,0.10400584,0.013278433,0.26028422,0.031441662,0.78738767,0.006876496,0.10268624,0.01355123,0.24116252,0.033732332,null,null,null,null,"TWOGAUSSIANS",8,1.4638443,0.2827281,0.003662752,0.4,0.0,0.23485087,0.0116029335,0.78738767,0.006886841,0.4,0.0,0.21573076,0.013798575
375316653866487564,5862174581427505280,0.46831748,2207.814628376449,0.6371748122057382,1.4419452E-5,14.230981,0.0010836504,null,null,null,null,null,null,null,null,null,null,null,null,0.027901307,0.0015231285,0.21827477,0.0036641785,"ELLIPSOIDAL",4,45.125435,null,null,null,null,null,null,null,null,null,null,null,null
375316653866487564,5862174817630433792,0.49552274,2230.2652677417186,0.17711017238813956,1.1581939E-5,16.97306,0.002084113,0.2923658,0.0040779854,0.008804331,0.0029071688,0.18556528,0.014527086,0.69340134,0.052254144,0.083490744,0.021593537,0.01304135,0.007336101,null,null,null,null,"TWOGAUSSIANS",8,14.662951,0.2923658,0.0040779854,0.04930425,0.016280144,0.18556541,0.014527112,0.69340134,0.052254144,0.4,0.0040058256,0.013041349,0.0073361024
375316653866487564,5862174925027717120,0.5434077,2256.2995374575335,3.0634406034135604,1.1891633E-5,19.61868,0.020585362,0.19769128,0.0077669523,0.065822,0.018934716,0.59396935,0.23862232,0.6961342,0.0021849081,0.06399351,0.0042458167,0.7189207,0.03860109,null,null,null,null,"TWOGAUSSIANS",8,2.7443929,0.6961342,0.0021849081,0.35836366,0.023776574,0.71817243,0.03835909,0.19769128,0.0077669523,0.3686032,0.042224307,0.593221,0.24120976
375316653866487564,5862174959384238720,0.5202288,2238.2912752858456,2.657558124802819,1.4191108E-5,19.483276,0.0141841285,0.24849069,0.0045606317,0.06636533,0.008938744,0.48193794,0.05676393,0.75482064,0.004983676,0.066412896,0.0052223396,0.4561846,0.01923616,null,null,null,null,"TWOGAUSSIANS",8,4.9568906,0.24849069,0.0045606317,0.37164587,0.050056964,0.48128554,0.057300687,0.75482064,0.004983676,0.3719122,0.029245103,0.4555322,0.019177318
375316653866487564,5862175023788705920,0.5280393,2226.2670678074664,0.5617545305023469,1.766134E-5,15.3831,0.002751489,0.21652122,0.005194123,0.054950405,0.004522242,0.072536185,0.0033138546,0.71821755,0.007240588,0.073746465,0.009366796,0.18154375,0.006738454,null,null,null,null,"TWOGAUSSIANS",8,38.91719,0.71821755,0.007240588,0.4,0.013998042,0.18142244,0.0067695826,0.21652122,0.005194123,0.30772227,0.025324555,0.072414875,0.003200078
375316653866487564,5862175161227669632,0.6376359,2241.333077566887,2.046108197884795,2.470361E-6,17.34266,0.008526083,0.22809179,0.0015117128,0.044528663,0.003531569,0.21211982,0.018760445,0.7283137,0.0019556324,0.044007245,0.0034652683,0.22822577,0.020531515,0.13114297,0.009809724,0.22809179,0.0015117128,"TWOGAUSSIANS_WITH_ELLIPSOIDAL_ON_ECLIPSE1",9,4.9183993,0.7283137,0.0017876541,0.24644057,0.019405503,0.490511,0.013516424,0.22809179,0.0015117128,0.24936052,0.019776786,0.4744056,0.008709081
375316653866487564,5862175165542759040,0.46452624,2215.414718079337,0.6707965755279376,5.928806E-6,16.030777,0.00238425,0.33100665,0.003390716,0.021386953,0.003392442,0.15832482,0.015082624,0.82642317,0.0029048617,0.024858149,0.0035948008,0.120150514,0.014500415,0.013854133,0.003605139,0.33100665,0.003390716,"TWOGAUSSIANS_WITH_ELLIPSOIDAL_ON_ECLIPSE1",9,15.560901,0.33100665,0.003390716,0.119766936,0.018997675,0.18603308,0.01609525,0.8264732,0.002875281,0.13920563,0.020130884,0.14783606,0.01397107
375316653866487564,5862175406061417216,0.47991365,2188.960513956397,4.815567190887076,3.055144E-5,19.023699,0.0077283503,0.41635662,0.010231231,0.16431256,0.014176442,0.19244392,0.008845692,0.7500073,0.0073699015,0.04199797,0.008769513,0.038051024,0.008996992,null,null,null,null,"TWOGAUSSIANS",8,2.3547947,0.41635662,0.010231231,0.4,0.0,0.18867467,0.0084973825,0.7500073,0.0073699015,0.23518862,0.049109273,0.058821015,0.008666749
375316653866487564,5862175612219979776,0.6299217,2207.053536552865,2.601046359687379,3.84914E-6,18.884605,0.0039961445,0.20665959,0.0020412717,0.073676534,0.0020618276,0.59931725,0.013946245,0.71496195,0.0015911293,0.07029198,0.0016337676,0.58522046,0.00830838,null,null,null,null,"TWOGAUSSIANS",8,2.01039,0.20665959,0.0020412717,0.4,0.0,0.5969909,0.014128304,0.71496195,0.0015911293,0.3936351,0.009149099,0.5828941,0.008322074
375316653866487564,5862175646629834240,0.52918386,2232.029712187191,2.366364237241217,1.9652844E-5,17.241554,0.0075202547,0.2387823,0.004393963,0.08576133,0.006347418,0.12687942,0.0081995325,0.74439865,0.0121242935,0.08452756,0.019330526,0.12565473,0.0049577635,null,null,null,null,"TWOGAUSSIANS",8,6.0706506,0.2387823,0.004393963,0.4,0.0,0.1238036,0.005599072,0.74439865,0.0121242935,0.4,0.0,0.122578904,0.0057575284
375316653866487564,5862175784018635264,0.44093272,2213.434358237659,0.042254188635984895,3.4983386E-5,19.460272,0.018131284,0.41271067,0.034697723,0.14882281,0.028778732,0.21757364,0.02298624,0.78509414,0.012392921,0.062791005,0.02289479,0.18888475,0.041197516,null,null,null,null,"TWOGAUSSIANS",8,4.3489475,0.41271067,0.034697723,0.4,0.0,0.21275263,0.021985872,0.78509414,0.012392921,0.3516296,0.107919,0.19360085,0.050350014
375316653866487564,5862176093306419200,0.6618918,2258.2407567514992,0.3214839024404108,3.072258E-5,16.344404,0.0015593661,0.32819116,2.1074904E-4,0.013038479,2.4198262E-4,0.54091513,0.0049073566,0.8258984,0.0056026997,0.012614799,0.008734218,0.59594977,0.80744225,null,null,null,null,"TWOGAUSSIANS",8,7.4951725,0.8258984,0.0056026997,0.07064287,0.04891162,0.59594977,0.80744225,0.32819116,2.1074904E-4,0.07301548,0.0013551026,0.54091513,0.0049073566
375316653866487564,5862176161975910912,0.55471647,2154.1039070015045,2.797682986323603,6.2942395E-6,19.257265,0.008108491,0.28094414,0.0020627866,0.08002861,0.0049667186,0.43500733,0.022132667,0.7815106,0.0040287883,0.06568509,0.0048629353,0.48877418,0.033301234,null,null,null,null,"TWOGAUSSIANS",8,2.0365863,0.7815106,0.0040287883,0.36783653,0.027232438,0.4862784,0.033941366,0.28094414,0.0020627866,0.4,0.0,0.43251157,0.02278267
375316653866487564,5862176299414862336,0.49199903,2221.3657836083285,3.16345336039177,2.2831877E-5,19.159561,0.030688666,0.3018196,0.0063990494,0.08154492,0.013674125,0.3837347,0.034851063,0.8227487,0.005649883,0.09704311,0.01384262,0.25759748,0.030346276,null,null,null,null,"TWOGAUSSIANS",8,4.376234,0.3018196,0.006403035,0.4,0.0,0.3750378,0.034014035,0.8227487,0.005649883,0.4,0.0,0.24889913,0.023453338
375316653866487564,5862176368184385536,0.52771074,2231.498945492444,0.4398788641908673,7.2485154E-6,17.115149,0.00613541,0.23903069,0.0023381126,0.040226582,0.0034001102,0.29911578,0.018312085,0.74432987,0.011116836,0.026709197,0.012937896,0.1324553,0.05871371,0.010987748,0.0104877325,0.23903069,0.0023381126,"TWOGAUSSIANS_WITH_ELLIPSOIDAL_ON_ECLIPSE1",9,21.905027,0.23903069,0.0023381126,0.22526886,0.019040616,0.3210913,0.013397341,0.74432987,0.011116836,0.1495715,0.07245222,0.15440644,0.056208357
375316653866487564,5862176643062366336,0.4880852,2210.0581846401733,2.450605947870908,1.3365331E-5,15.785621,0.12352869,0.24050547,0.0039890725,0.16344398,0.01900693,0.5870592,0.14318492,0.73733824,0.00454882,0.24711089,0.03741875,0.7835287,0.119502224,null,null,null,null,"TWOGAUSSIANS",8,20.225,0.73733824,0.00454882,0.4,0.0,0.14154139,0.007900229,0.24327546,0.0042121448,0.4,0.0,0.13614544,0.006347962
375316653866487564,5862176780452021504,0.6046215,2168.5566033037176,2.1055223318930745,3.9535576E-6,18.792812,0.0060194177,0.20205009,0.0012898947,0.049548015,0.005270308,0.20176114,0.025282262,0.7054043,0.0033620466,0.044437386,0.0030721861,0.22032368,0.015701873,0.1427931,0.0084177535,0.20205009,0.0012898947,"TWOGAUSSIANS_WITH_ELLIPSOIDAL_ON_ECLIPSE1",9,1.3972353,0.7054043,0.0033620466,0.24884936,0.017204242,0.5057823,0.007540276,0.20205009,0.0012898947,0.2774689,0.029513726,0.4873466,0.027656846
375316653866487564,5862176917940577664,0.4719453,2210.2816022135194,3.091675124532443,7.6082484E-5,19.2277,0.019912973,0.26851946,0.014145944,0.0669876,0.026389973,0.4166185,0.024492333,0.74307954,0.022548115,0.07709391,0.02503957,0.48528787,0.054114614,null,null,null,null,"TWOGAUSSIANS",8,15.781156,0.74307954,0.022548115,0.4,0.0,0.48412028,0.057402596,0.26851946,0.014145944,0.37513053,0.07193247,0.41545087,0.024529828
375316653866487564,5862177330207768832,0.49287012,2218.5769022184422,2.189740562159898,1.0883974E-5,17.88105,0.021617277,0.29069388,0.004107341,0.10475192,0.015755862,0.13340345,0.01946012,0.7817581,0.0067221182,0.10933192,0.023862878,0.11859166,0.018474938,null,null,null,null,"TWOGAUSSIANS",8,3.4766707,0.29070386,0.0041002664,0.4,0.0,0.11853398,0.0077690026,0.7817581,0.0067221182,0.4,0.0,0.10371816,0.0067957803
375316653866487564,5862177330257173888,0.5361732,2223.401821948546,0.09691364111610168,1.2752367E-5,16.502098,0.0034713054,0.13825399,0.0086620655,0.0152785545,0.0107334815,0.026896067,0.013903527,0.7785443,0.0013122649,0.007415058,8.0189796E-4,1.6173396,1.322366,0.0062537887,0.004363903,0.13825399,0.0086620655,"TWOGAUSSIANS_WITH_ELLIPSOIDAL_ON_ECLIPSE1",9,15.854788,0.7785443,0.0013122649,0.041524325,0.0044906284,1.6223991,1.3224792,0.13825399,0.0086620655,0.085559905,0.060107496,0.039403636,0.012471264
375316653866487564,5862177428970829312,0.5653332,2201.7598978820256,0.415611692956138,3.8888434E-6,17.699263,0.0048289904,0.19732185,0.0018163437,0.029414803,0.0013853393,0.60145813,0.031056257,0.6954425,0.0016159491,0.028738324,0.0010424327,0.6790739,0.043590527,null,null,null,null,"TWOGAUSSIANS",8,20.7759,0.6954425,0.0016159491,0.16093461,0.0058376235,0.6790739,0.043590527,0.19732185,0.0018163437,0.1647229,0.0077579,0.60145813,0.031056257
375316653866487564,5862177673854593280,0.5156406,2218.984610021783,1.3463101997310472,1.4476099E-5,18.112162,0.005369834,0.24314216,0.0050448664,0.037356257,0.027766528,0.11876454,16531.113,0.74170405,0.0022346296,0.038531918,0.0030446535,0.23341596,0.02614148,0.026306665,0.0075035454,0.24314216,0.0050448664,"TWOGAUSSIANS_WITH_ELLIPSOIDAL_ON_ECLIPSE1",9,3.8504825,0.74174404,0.0021669331,0.21577875,0.01705006,0.28602505,0.023762157,0.24314216,0.0050448664,0.20919505,0.15549254,0.17137782,16531.121
