Gaia/vari_eclipsing_binary/VariEclipsingBinary_784480-784992.csv
# %ECSV 1.0
# ---
# delimiter: ','
# meta: !!omap
# - RELEASE: Gaia DR3
# - TABLE: vari_eclipsing_binary
# - DESCRIPTION: >
#     This table describes the properties of the eclipsing binaries resulting from the variability analysis. 
# - CITATION: >
#     How to cite and acknowledge Gaia: 
#     https://gea.esac.esa.int/archive/documentation/credits.html 
# - KNOWN_ISSUES: >
#     Known issues: 
#     https://www.cosmos.esa.int/web/gaia-users/known-issues 
# - DOCUMENTATION: >
#     Tutorials and documentation: 
#     https://www.cosmos.esa.int/web/gaia-users/archive 
# datatype:
# - 
#   name: solution_id
#   datatype: int64
#   description: Solution Identifier
#   meta:
#     ucd: meta.version
# - 
#   name: source_id
#   datatype: int64
#   description: Unique source identifier
#   meta:
#     ucd: meta.id;meta.main
# - 
#   name: global_ranking
#   datatype: float32
#   description: Number between 0 (worst) and 1 (best)
#   meta:
#     ucd: stat.param
# - 
#   name: reference_time
#   datatype: float64
#   unit: d
#   description: Reference time used for the geometric model fit
#   meta:
#     ucd: time.epoch
# - 
#   name: frequency
#   datatype: float64
#   unit: d**-1
#   description: Frequency of geometric model of the eclipsing binary light curve
#   meta:
#     ucd: src.orbital
# - 
#   name: frequency_error
#   datatype: float32
#   unit: d**-1
#   description: "Uncertainty of \\texttt{frequency}"
#   meta:
#     ucd: stat.error
# - 
#   name: geom_model_reference_level
#   datatype: float32
#   unit: mag
#   description: Magnitude reference level of geometric model
#   meta:
#     ucd: phot.mag;em.opt
# - 
#   name: geom_model_reference_level_error
#   datatype: float32
#   unit: mag
#   description: "Uncertainty of \\texttt{geomModelReferenceLevel}"
#   meta:
#     ucd: stat.error;phot.mag;em.opt
# - 
#   name: geom_model_gaussian1_phase
#   datatype: float32
#   description: Phase of the Gaussian 1 component
#   meta:
#     ucd: time.phase
# - 
#   name: geom_model_gaussian1_phase_error
#   datatype: float32
#   description: "Uncertainty of \\texttt{geomModelGaussian1Phase}"
#   meta:
#     ucd: stat.error;time.phase
# - 
#   name: geom_model_gaussian1_sigma
#   datatype: float32
#   description: "Standard deviation [phase] of Gaussian 1 component"
#   meta:
#     ucd: stat.stdev
# - 
#   name: geom_model_gaussian1_sigma_error
#   datatype: float32
#   description: "Uncertainty of \\texttt{geomModelGaussian1Sigma}"
#   meta:
#     ucd: stat.error
# - 
#   name: geom_model_gaussian1_depth
#   datatype: float32
#   unit: mag
#   description: Magnitude depth of Gaussian 1 component
#   meta:
#     ucd: src.var.amplitude
# - 
#   name: geom_model_gaussian1_depth_error
#   datatype: float32
#   unit: mag
#   description: "Uncertainty of \\texttt{geomModelGaussian1Depth}"
#   meta:
#     ucd: stat.error;src.var.amplitude
# - 
#   name: geom_model_gaussian2_phase
#   datatype: float32
#   description: Phase of Gaussian 2 component
#   meta:
#     ucd: time.phase
# - 
#   name: geom_model_gaussian2_phase_error
#   datatype: float32
#   description: "Uncertainty of \\texttt{geomModelGaussian2Phase}"
#   meta:
#     ucd: stat.error;time.phase
# - 
#   name: geom_model_gaussian2_sigma
#   datatype: float32
[...]
#   datatype: float32
#   description: "Secondary eclipse: uncertainty of \\texttt{derivedSecondaryEclDuration}"
#   meta:
#     ucd: stat.error;time.duration
# - 
#   name: derived_secondary_ecl_depth
#   datatype: float32
#   unit: mag
#   description: "Secondary eclipse: depth"
#   meta:
#     ucd: src.var.amplitude
# - 
#   name: derived_secondary_ecl_depth_error
#   datatype: float32
#   unit: mag
#   description: "Secondary eclipse: uncertainty of \\texttt{derivedSecondaryEclDepth}"
#   meta:
#     ucd: stat.error;src.var.amplitude
solution_id,source_id,global_ranking,reference_time,frequency,frequency_error,geom_model_reference_level,geom_model_reference_level_error,geom_model_gaussian1_phase,geom_model_gaussian1_phase_error,geom_model_gaussian1_sigma,geom_model_gaussian1_sigma_error,geom_model_gaussian1_depth,geom_model_gaussian1_depth_error,geom_model_gaussian2_phase,geom_model_gaussian2_phase_error,geom_model_gaussian2_sigma,geom_model_gaussian2_sigma_error,geom_model_gaussian2_depth,geom_model_gaussian2_depth_error,geom_model_cosine_half_period_amplitude,geom_model_cosine_half_period_amplitude_error,geom_model_cosine_half_period_phase,geom_model_cosine_half_period_phase_error,model_type,num_model_parameters,reduced_chi2,derived_primary_ecl_phase,derived_primary_ecl_phase_error,derived_primary_ecl_duration,derived_primary_ecl_duration_error,derived_primary_ecl_depth,derived_primary_ecl_depth_error,derived_secondary_ecl_phase,derived_secondary_ecl_phase_error,derived_secondary_ecl_duration,derived_secondary_ecl_duration_error,derived_secondary_ecl_depth,derived_secondary_ecl_depth_error
[from data line 287]
375316653866487564,6903935666602881792,0.49249104,2228.5320935819404,0.6376219186185775,8.4472704E-5,18.199064,0.016949318,0.44417366,0.033515986,0.07916376,0.0760843,0.07956705,0.25081527,0.8601865,0.0017498437,0.010899661,0.0014703575,0.67895085,0.06678218,null,null,null,null,"TWOGAUSSIANS",8,29.744009,0.8601865,0.0017498437,0.061038103,0.008234003,0.6789509,0.066782504,0.44417366,0.033515986,0.4,0.3199927,0.079567045,0.2508153
375316653866487564,6903962325465633280,0.5573509,2210.1395166871594,2.7279325511559893,1.1328665E-5,15.115112,0.024070451,0.23722187,0.0052418946,0.05041137,0.0077931313,0.23676991,0.05526329,0.7418379,0.002234283,0.06342863,0.009734461,0.30322954,0.047504917,0.124659725,0.028065082,0.7418379,0.002234283,"TWOGAUSSIANS_WITH_ELLIPSOIDAL_ON_ECLIPSE2",9,146.8612,0.7418379,0.002234283,0.35520035,0.054512985,0.55242145,0.011530072,0.23803188,0.0042350222,0.2823037,0.043641537,0.48578873,0.025857175
375316653866487564,6903962978300727168,0.51353127,2240.9134934279796,1.0083634330303533,3.700257E-6,18.689085,0.0036990975,0.2809788,0.0016719562,0.014118288,0.0015704774,0.34254178,0.014910448,0.78335315,0.013052132,0.017691014,0.005113074,0.57693,0.27589503,null,null,null,null,"TWOGAUSSIANS",8,4.604467,0.78335315,0.013052132,0.099069685,0.028633215,0.57693,0.27589503,0.2809788,0.0016719562,0.07906241,0.008794674,0.34254178,0.014910448
375316653866487564,6903998746790995456,0.5771014,2233.2212918517735,3.4732967383996574,8.992517E-6,11.999039,0.0050560622,0.22158623,0.0060589076,0.038509663,0.008814243,0.083364986,0.0064461045,0.73871124,0.0026353337,0.036080487,0.00867626,0.03500111,0.015027662,0.10540965,0.00533496,0.73871124,0.0026353337,"TWOGAUSSIANS_WITH_ELLIPSOIDAL_ON_ECLIPSE2",9,300.8081,0.22549623,0.0044011837,0.21565412,0.049359757,0.29230514,0.007670348,0.73871124,0.0026353337,0.20205072,0.048587058,0.24582,0.008642442
375316653866487564,6904003591512095360,0.4890176,2214.4351227937145,2.81964953741089,3.317197E-5,19.22627,0.007467756,0.27566278,0.0062917233,0.089588456,0.008344679,0.19317955,0.0095851,0.7677357,0.0077898134,0.08339902,0.009290627,0.12772304,0.009836778,null,null,null,null,"TWOGAUSSIANS",8,1.8990986,0.27566278,0.0062917233,0.4,0.0,0.1889416,0.008296352,0.7677357,0.0077898134,0.4,0.0,0.12348517,0.008628864
375316653866487564,6904020260281987456,0.5886674,2189.59513602643,4.243836835207674,7.6358665E-6,17.2661,0.01105529,0.33802274,0.008272331,0.083214074,0.007783259,0.3374305,0.03815369,0.8540983,0.0028899307,0.09617978,0.005445976,0.2653333,0.0110809775,null,null,null,null,"TWOGAUSSIANS",8,5.758954,0.33802274,0.008272331,0.4,0.0,0.3280132,0.040407535,0.8540983,0.0028899307,0.4,0.0,0.25591505,0.007813001
375316653866487564,6904034790154940160,0.46794432,2161.646623722379,0.050709548937379154,2.1551557E-5,19.08709,0.004719072,0.20305775,0.004281677,0.023884416,0.007852558,0.10997557,0.020550719,0.74015117,0.007873899,0.053288415,0.019349223,0.17968443,0.035096165,null,null,null,null,"TWOGAUSSIANS",8,1.84908,0.74015117,0.007873899,0.29841512,0.10835564,0.17968443,0.035096187,0.20305775,0.004281677,0.13375273,0.043974325,0.10997557,0.020550715
375316653866487564,6904036993471184640,0.54002523,2152.7367978555008,4.2616351848565905,3.735842E-5,19.471006,0.05611934,0.27985597,0.0026031213,0.07616379,0.00916776,0.68205947,0.046996705,0.782253,0.009435245,0.08372504,0.024814816,0.5464354,0.12807772,null,null,null,null,"TWOGAUSSIANS",8,8.837957,0.27985597,0.0026031213,0.4,0.01495598,0.6733618,0.03527727,0.782253,0.009435245,0.4,0.017299507,0.5377377,0.14062828
375316653866487564,6904042319234059776,0.5636601,2208.546638116225,1.605315927600327,1.3185772E-5,15.161525,0.0013389352,0.28945997,0.00295016,0.036091212,0.00959408,0.03694694,0.009854158,0.77885,0.009094666,0.02761373,0.01001994,0.03646209,0.040414624,0.043764003,0.0016064409,0.28945997,0.00295016,"TWOGAUSSIANS_WITH_ELLIPSOIDAL_ON_ECLIPSE1",9,11.904747,0.28945997,0.00295016,0.20211078,0.05372685,0.12447492,0.010068932,0.78019,0.008279252,0.15463689,0.056111664,0.12365056,0.03975083
375316653866487564,6904044312098998144,0.4665182,2178.038502026176,0.03202365892843795,3.579702E-5,16.874842,0.006582487,0.35659367,0.016129293,0.044192437,0.00876372,0.21309339,0.041925427,0.68415445,0.023017924,0.07439282,0.027155984,0.23248197,0.08746388,null,null,null,null,"TWOGAUSSIANS",8,9.524556,0.68415445,0.023017924,0.4,0.030221328,0.23248193,0.08746637,0.35660368,0.016130576,0.24747765,0.049076833,0.21310768,0.041942928
375316653866487564,6904047541914544000,0.48302597,2168.187502240361,1.3676007015420202,3.888492E-5,16.701025,0.0048175133,0.30465758,0.01655183,0.07455204,0.04166136,0.119900964,0.31688324,0.79679126,0.008821841,0.031379882,0.010783357,0.19380459,0.039072935,null,null,null,null,"TWOGAUSSIANS",8,25.60029,0.79679126,0.008821841,0.17572735,0.0603868,0.19380203,0.039080165,0.30465758,0.01655183,0.4,0.13171412,0.119898394,0.3169003
375316653866487564,6904053275692659328,0.57274336,2150.018008884681,0.5928991506474719,2.4422901E-5,17.38373,0.0044202185,0.2954786,0.015218193,0.028667951,0.0052790097,0.38882244,0.17465451,0.41488522,0.05910972,0.16242324,0.07960747,0.014137575,0.0076301233,null,null,null,null,"TWOGAUSSIANS",8,4.0217104,0.2955786,0.015212779,0.16054054,0.029562455,0.3993673,0.17368898,0.41488522,0.05910972,0.4,0.0,0.013956505,0.010035937
375316653866487564,6904056746027833728,0.4639399,2180.7136250897947,0.19708602863398492,3.7271697E-5,17.883821,0.01026842,0.3268148,0.0828084,0.08090294,0.043429695,0.3959872,0.18201146,0.52028984,0.22170673,0.047895268,0.12288678,0.115789786,0.18625951,null,null,null,null,"TWOGAUSSIANS",8,13.5263195,0.3268648,0.049383234,0.4,0.09751336,0.3960204,0.03494116,0.52028984,0.22170673,0.2682135,0.35794038,0.13847864,0.21253085
375316653866487564,6904059361664535296,0.5860319,2150.37017886487,0.9275649360684536,4.749728E-6,7.802113,0.011340753,0.1858394,0.0018942619,0.10308476,0.008463272,0.15307248,0.008848921,0.686268,0.0013609343,0.117267214,0.0066024703,0.15770994,0.010812051,null,null,null,null,"TWOGAUSSIANS",8,11.8918705,0.686268,0.0013609343,0.4,0.0,0.13416995,0.002909836,0.1858394,0.0018942619,0.4,0.0,0.12956569,0.0065384414
375316653866487564,6904063824134064128,0.4834157,2132.9847094150587,2.44178928616725,3.100728E-5,19.000675,0.011768584,0.36931992,0.0054879743,0.034144457,0.0060022203,0.3645985,0.06362258,0.75664175,0.03306951,0.048149467,0.040765215,0.027481431,0.020533355,null,null,null,null,"TWOGAUSSIANS",8,6.7667837,0.36931992,0.0054879743,0.19120897,0.033612434,0.3645985,0.06362258,0.75664175,0.03306951,0.26963702,0.22828521,0.027481431,0.020533355
375316653866487564,6904068909375429888,0.46107066,2148.3460943663686,1.961650392070535,2.2960461E-5,17.363901,0.013722753,0.17266914,0.010878011,0.018182019,0.0034157294,0.105360895,0.08980808,0.68355596,0.0077670394,0.04018449,0.012876664,0.2076283,0.060456607,null,null,null,null,"TWOGAUSSIANS",8,45.707657,0.68355596,0.0077670394,0.22503315,0.07210932,0.2076283,0.060456607,0.17266914,0.010878011,0.1018193,0.019128086,0.105360895,0.08980808
375316653866487564,6904076472814315776,0.48627535,2181.451705497307,1.5160544951757537,7.94026E-6,14.31477,0.009751047,0.27117348,0.008328094,0.09332413,0.013684279,0.07379599,0.010774469,0.7730906,0.0048566894,0.11021062,0.022541285,0.050073292,0.008757254,null,null,null,null,"TWOGAUSSIANS",8,13.376708,0.27117348,0.008342272,0.4,0.0,0.06814167,0.004797792,0.7730906,0.0048566894,0.4,0.0,0.044415645,0.0028139125
375316653866487564,6904077915924221440,0.44404522,2179.4363711888586,1.0248263887861286,7.510323E-5,19.279747,0.00673178,0.30651405,0.027593637,0.03018701,0.02425831,0.07139579,0.030124448,0.7091958,0.009448845,0.031428013,0.036263827,0.013702757,0.53973114,0.06312164,0.010210765,0.7091958,0.009448845,"TWOGAUSSIANS_WITH_ELLIPSOIDAL_ON_ECLIPSE2",9,3.2202358,0.29701406,0.03848641,0.16904727,0.13584653,0.15949921,0.031536587,0.7091958,0.009448845,0.17599687,0.20307744,0.13994576,0.5477823
375316653866487564,6904093132988889856,0.57201976,2197.0152982444165,2.782592978804772,7.3775186E-6,16.75554,0.018629953,0.17547001,0.0025072268,0.08779822,0.0061745155,0.29491082,0.01796793,0.68233556,0.0025134082,0.098597676,0.0069114827,0.29042664,0.017705383,null,null,null,null,"TWOGAUSSIANS",8,11.06079,0.17547001,0.0025072268,0.4,0.0,0.2804367,0.012335161,0.68233556,0.0025134082,0.4,0.0,0.27595097,0.012307112
375316653866487564,6904105227617260416,0.6412151,2143.6149310273213,0.5509038357798773,2.6458772E-6,18.636726,0.0048194015,0.26733422,0.015558036,0.026494166,0.022659874,0.20929143,0.045280654,0.77511823,3.37744E-4,0.030216577,3.240455E-4,1.0884314,0.010181481,null,null,null,null,"TWOGAUSSIANS",8,4.265993,0.77511823,3.37744E-4,0.16921283,0.0018146549,1.0884314,0.010181481,0.26733422,0.015558036,0.14836733,0.1268953,0.20929143,0.045280654
375316653866487564,6904111103133529088,0.49133533,2177.150421103374,4.050940469041854,3.4930596E-5,19.359217,0.057119023,0.3227828,0.008986029,0.110202305,0.021248901,0.3363918,0.0533735,0.7960141,0.012570726,0.10313368,0.02356135,0.30194986,0.055118397,null,null,null,null,"TWOGAUSSIANS",8,4.7337184,0.32279283,0.008979791,0.4,0.0,0.30612952,0.017094374,0.7960141,0.012570726,0.4,0.0,0.27171582,0.015339781
375316653866487564,6904118048097866752,0.66321886,2123.402121040366,2.6766880186613724,5.5087626E-6,16.223064,0.013325875,0.25933716,0.0014361482,0.052186266,0.0036083576,0.3713471,0.029728029,0.7635534,0.001832904,0.053558126,0.002921062,0.37056515,0.030466571,0.10384622,0.016839627,0.25933716,0.0014361482,"TWOGAUSSIANS_WITH_ELLIPSOIDAL_ON_ECLIPSE1",9,11.3874035,0.25933716,0.0014361482,0.2922431,0.020206802,0.5790307,0.009031248,0.7635534,0.001832904,0.2999255,0.016357947,0.578103,0.012213119
375316653866487564,6904133613059277184,0.4579075,2144.147895133984,0.10056999269831106,1.13976064E-4,17.215082,0.006575329,0.25980425,0.030051155,0.08400795,0.016040653,0.040053524,0.005964435,0.762435,0.01008418,0.07540532,0.01768501,0.09448014,0.010589864,null,null,null,null,"TWOGAUSSIANS",8,4.886923,0.762435,0.01008418,0.4,0.02105013,0.09365791,0.011728579,0.25980425,0.030051155,0.4,0.0,0.039231297,0.0051767007
375316653866487564,6904135262326911872,0.52110255,2187.91443790401,1.318699806840901,2.0478918E-5,16.482874,0.013597939,0.2320444,0.004903781,0.050849386,0.014275092,0.18874623,0.02962307,0.7099219,0.013901008,0.036352076,0.028146308,0.7602445,4888970.5,0.06259244,0.018642481,0.2320444,0.004903781,"TWOGAUSSIANS_WITH_ELLIPSOIDAL_ON_ECLIPSE1",9,62.07374,0.71029186,0.014198478,0.20357163,0.15761933,0.883065,4888970.5,0.2320444,0.004903781,0.28475657,0.07994051,0.31393003,0.01923187
375316653866487564,6904145123571733120,0.59129596,2185.0725787388383,3.049295817734388,8.023822E-6,15.437589,0.03590257,0.23196921,0.0045387205,0.06744766,0.012441893,0.39608616,0.07755403,0.73124224,0.0017595513,0.054751452,0.0071633,0.32596374,0.07066012,0.094158605,0.038618945,0.23196921,0.0045387205,"TWOGAUSSIANS_WITH_ELLIPSOIDAL_ON_ECLIPSE1",9,129.8958,0.23196921,0.0045387205,0.37770692,0.04436664,0.5839964,0.039098505,0.73133224,0.0013940287,0.3066081,0.04011448,0.51387054,0.011568599
375316653866487564,6904149349819598464,0.629017,2186.9173023526637,4.469064359472447,5.0855024E-6,18.22871,0.014418502,0.30746442,0.0026836651,0.04249866,0.005973779,0.27639982,0.041047875,0.8027972,0.0028175777,0.055899408,0.0045766737,0.41722754,0.04028284,0.11508662,0.02219122,0.30746442,0.0026836651,"TWOGAUSSIANS_WITH_ELLIPSOIDAL_ON_ECLIPSE1",9,3.4201887,0.8033572,0.0023400371,0.31303668,0.025629371,0.6472116,0.032703754,0.30746442,0.0026836651,0.23799248,0.033453163,0.5065581,0.025903242
375316653866487564,6904159932615150080,0.476427,2198.0949204573176,3.8872420585404353,1.954264E-5,17.314867,0.0026805527,null,null,null,null,null,null,null,null,null,null,null,null,0.05807043,0.0063650655,0.18103695,0.0040706783,"ELLIPSOIDAL",4,6.9944754,null,null,null,null,null,null,null,null,null,null,null,null
375316653866487564,6904182914985008768,0.54954237,2173.390876158809,4.243377461019005,3.3111784E-5,18.662077,0.19291314,0.34547323,0.012660339,0.070255,0.014381432,0.5547314,0.09196862,0.8019065,0.033960696,0.16678554,0.151108,0.16372567,0.17427948,null,null,null,null,"TWOGAUSSIANS",8,4.103946,0.34590322,0.011332208,0.39342797,0.05516595,0.53084123,0.0891603,0.8019065,0.033960696,0.4,0.0,0.13514552,0.029805873
375316653866487564,6904183121143452032,0.58326787,2189.180931873806,2.3293423619854177,7.898548E-6,17.786669,0.007579052,0.21583998,0.003136248,0.09584476,0.0047818217,0.23244616,0.008149576,0.71909004,0.0051124813,0.08438849,0.007574986,0.2914934,0.0188815,null,null,null,null,"TWOGAUSSIANS",8,1.9721282,0.71909004,0.0051124813,0.4,0.0,0.28105706,0.021228565,0.21583998,0.003136248,0.4,0.0,0.22200927,0.007027781
375316653866487564,6904202710493318400,0.49997532,2178.4162428966983,3.807141929055551,1.799076E-5,18.708942,0.010698061,0.17873222,0.007479218,0.07647696,0.006748205,0.25074813,0.021128373,0.6811363,0.0050023007,0.08276326,0.0067433477,0.23946895,0.01675071,null,null,null,null,"TWOGAUSSIANS",8,3.38687,0.17873222,0.007479218,0.4,0.0,0.2473754,0.020216923,0.6811363,0.0050023007,0.4,0.0,0.2360962,0.01617644
375316653866487564,6904225868956298624,0.42633262,2201.80443210765,1.693562747196844,3.7269267E-5,18.142696,0.008174502,null,null,null,null,null,null,null,null,null,null,null,null,0.09158852,0.01204571,0.2682963,0.009292586,"ELLIPSOIDAL",4,25.325567,null,null,null,null,null,null,null,null,null,null,null,null
375316653866487564,6904237723065732096,0.52172524,2166.277616095945,1.507137936186405,3.156543E-5,16.683998,0.010858364,0.42118767,0.030199084,0.18942142,0.078067824,0.028318794,0.009866905,0.805411,0.0070338296,0.042619176,0.005996981,0.19438699,0.055510826,null,null,null,null,"TWOGAUSSIANS",8,5.7437344,0.805411,0.0070338296,0.23866738,0.033583093,0.1959591,0.055949308,0.42118767,0.030199084,0.4,0.0,0.026127908,0.0038890443
375316653866487564,6904258953086853760,0.48769143,2145.7257700064097,2.292762371184881,1.6091795E-5,18.32972,0.0036255256,0.353779,0.0067127952,0.04685916,0.0074955737,0.105556116,0.03497719,0.72466165,0.007975386,0.011900025,0.0045717354,0.15913624,0.09029378,0.0335839,0.0046036197,0.72466165,0.007975386,"TWOGAUSSIANS_WITH_ELLIPSOIDAL_ON_ECLIPSE2",9,3.3919437,0.72466165,0.007975386,0.06664014,0.025601719,0.22630379,0.0911437,0.344859,0.009849818,0.2624113,0.041975215,0.13927013,0.033948056
375316653866487564,6904259232262015616,0.46675032,2134.9520315268687,2.8678572055722,1.9985167E-5,16.474428,0.24468225,0.25216836,0.0073906905,0.16157147,0.062136635,0.22046013,0.2277182,0.7601701,0.010763193,0.16189848,0.05182898,0.20605655,0.2263257,null,null,null,null,"TWOGAUSSIANS",8,17.214523,0.25091836,0.006873707,0.4,0.0,0.09984659,0.010040264,0.7616201,0.010065268,0.4,0.0,0.085619375,0.012758495
375316653866487564,6904262427717702656,0.49978143,2128.812165865049,2.5002410641050594,2.8901388E-5,16.55186,0.25320747,0.30856484,0.007661337,0.20286733,0.06874162,0.3075062,0.24504435,0.8029102,0.008730703,0.16512866,0.045955658,0.25941122,0.194382,null,null,null,null,"TWOGAUSSIANS",8,6.316555,0.31009483,0.007468796,0.4,0.0,0.09184756,0.0063968976,0.8029102,0.008730703,0.4,0.0,0.06797611,0.0060313703
