Gaia/vari_eclipsing_binary/VariEclipsingBinary_689189-689217.csv
# %ECSV 1.0
# ---
# delimiter: ','
# meta: !!omap
# - RELEASE: Gaia DR3
# - TABLE: vari_eclipsing_binary
# - DESCRIPTION: >
#     This table describes the properties of the eclipsing binaries resulting from the variability analysis. 
# - CITATION: >
#     How to cite and acknowledge Gaia: 
#     https://gea.esac.esa.int/archive/documentation/credits.html 
# - KNOWN_ISSUES: >
#     Known issues: 
#     https://www.cosmos.esa.int/web/gaia-users/known-issues 
# - DOCUMENTATION: >
#     Tutorials and documentation: 
#     https://www.cosmos.esa.int/web/gaia-users/archive 
# datatype:
# - 
#   name: solution_id
#   datatype: int64
#   description: Solution Identifier
#   meta:
#     ucd: meta.version
# - 
#   name: source_id
#   datatype: int64
#   description: Unique source identifier
#   meta:
#     ucd: meta.id;meta.main
# - 
#   name: global_ranking
#   datatype: float32
#   description: Number between 0 (worst) and 1 (best)
#   meta:
#     ucd: stat.param
# - 
#   name: reference_time
#   datatype: float64
#   unit: d
#   description: Reference time used for the geometric model fit
#   meta:
#     ucd: time.epoch
# - 
#   name: frequency
#   datatype: float64
#   unit: d**-1
#   description: Frequency of geometric model of the eclipsing binary light curve
#   meta:
#     ucd: src.orbital
# - 
#   name: frequency_error
#   datatype: float32
#   unit: d**-1
#   description: "Uncertainty of \\texttt{frequency}"
#   meta:
#     ucd: stat.error
# - 
#   name: geom_model_reference_level
#   datatype: float32
#   unit: mag
#   description: Magnitude reference level of geometric model
#   meta:
#     ucd: phot.mag;em.opt
# - 
#   name: geom_model_reference_level_error
#   datatype: float32
#   unit: mag
#   description: "Uncertainty of \\texttt{geomModelReferenceLevel}"
#   meta:
#     ucd: stat.error;phot.mag;em.opt
# - 
#   name: geom_model_gaussian1_phase
#   datatype: float32
#   description: Phase of the Gaussian 1 component
#   meta:
#     ucd: time.phase
# - 
#   name: geom_model_gaussian1_phase_error
#   datatype: float32
#   description: "Uncertainty of \\texttt{geomModelGaussian1Phase}"
#   meta:
#     ucd: stat.error;time.phase
# - 
#   name: geom_model_gaussian1_sigma
#   datatype: float32
#   description: "Standard deviation [phase] of Gaussian 1 component"
#   meta:
#     ucd: stat.stdev
# - 
#   name: geom_model_gaussian1_sigma_error
#   datatype: float32
#   description: "Uncertainty of \\texttt{geomModelGaussian1Sigma}"
#   meta:
#     ucd: stat.error
# - 
#   name: geom_model_gaussian1_depth
#   datatype: float32
#   unit: mag
#   description: Magnitude depth of Gaussian 1 component
#   meta:
#     ucd: src.var.amplitude
# - 
#   name: geom_model_gaussian1_depth_error
#   datatype: float32
#   unit: mag
#   description: "Uncertainty of \\texttt{geomModelGaussian1Depth}"
#   meta:
#     ucd: stat.error;src.var.amplitude
# - 
#   name: geom_model_gaussian2_phase
#   datatype: float32
#   description: Phase of Gaussian 2 component
#   meta:
#     ucd: time.phase
# - 
#   name: geom_model_gaussian2_phase_error
#   datatype: float32
#   description: "Uncertainty of \\texttt{geomModelGaussian2Phase}"
#   meta:
#     ucd: stat.error;time.phase
# - 
#   name: geom_model_gaussian2_sigma
#   datatype: float32
[...]
#   datatype: float32
#   description: "Secondary eclipse: uncertainty of \\texttt{derivedSecondaryEclDuration}"
#   meta:
#     ucd: stat.error;time.duration
# - 
#   name: derived_secondary_ecl_depth
#   datatype: float32
#   unit: mag
#   description: "Secondary eclipse: depth"
#   meta:
#     ucd: src.var.amplitude
# - 
#   name: derived_secondary_ecl_depth_error
#   datatype: float32
#   unit: mag
#   description: "Secondary eclipse: uncertainty of \\texttt{derivedSecondaryEclDepth}"
#   meta:
#     ucd: stat.error;src.var.amplitude
solution_id,source_id,global_ranking,reference_time,frequency,frequency_error,geom_model_reference_level,geom_model_reference_level_error,geom_model_gaussian1_phase,geom_model_gaussian1_phase_error,geom_model_gaussian1_sigma,geom_model_gaussian1_sigma_error,geom_model_gaussian1_depth,geom_model_gaussian1_depth_error,geom_model_gaussian2_phase,geom_model_gaussian2_phase_error,geom_model_gaussian2_sigma,geom_model_gaussian2_sigma_error,geom_model_gaussian2_depth,geom_model_gaussian2_depth_error,geom_model_cosine_half_period_amplitude,geom_model_cosine_half_period_amplitude_error,geom_model_cosine_half_period_phase,geom_model_cosine_half_period_phase_error,model_type,num_model_parameters,reduced_chi2,derived_primary_ecl_phase,derived_primary_ecl_phase_error,derived_primary_ecl_duration,derived_primary_ecl_duration_error,derived_primary_ecl_depth,derived_primary_ecl_depth_error,derived_secondary_ecl_phase,derived_secondary_ecl_phase_error,derived_secondary_ecl_duration,derived_secondary_ecl_duration_error,derived_secondary_ecl_depth,derived_secondary_ecl_depth_error
375316653866487564,6062170901826326528,0.5134588,2215.7371984869615,0.3333694263556156,1.4891579E-5,16.44722,5.582423E-4,0.14415586,6.9558586E-4,0.014263909,0.003411396,0.09244558,0.012532807,0.6510641,0.009114858,0.01607142,0.008692581,0.011934946,0.0063116704,null,null,null,null,"TWOGAUSSIANS",8,2.3055344,0.14415586,6.9558586E-4,0.07987789,0.019103818,0.09244558,0.012532807,0.6510641,0.009114858,0.08999995,0.048678454,0.011934946,0.0063116704
375316653866487564,6062171760829281152,0.5164858,2242.8286356140998,3.383291523719988,1.1581801E-5,19.294153,0.017798059,0.28098583,0.003434895,0.095237635,0.007724754,0.3277607,0.016575964,0.7865185,0.0047977474,0.08878317,0.007961857,0.314928,0.024522929,null,null,null,null,"TWOGAUSSIANS",8,2.4503245,0.28098583,0.003434895,0.4,0.0,0.31299654,0.012964308,0.7865185,0.0047977474,0.4,0.0,0.3001645,0.02335054
375316653866487564,6062171928272339328,0.5092169,2236.7019337895754,2.732711407685208,1.361753E-5,17.14381,0.044783756,0.2324491,0.0029926738,0.17070737,0.013182298,0.7773977,0.106934644,0.7282043,0.0029211668,0.23877992,0.024966517,0.99957526,0.045751497,null,null,null,null,"TWOGAUSSIANS",8,4.6104326,0.7282043,0.0029211668,0.4,0.0,0.18134528,0.007065396,0.2366391,0.0034733412,0.4,0.0,0.16093314,0.005484964
375316653866487564,6062172619813330560,0.625053,2225.7291427539085,0.5722703612698075,1.0066659E-6,13.714972,6.563583E-4,0.25785014,0.011731163,0.003037973,0.0028099339,0.019476239,0.25126797,0.41356042,3.4457474E-4,0.02735163,4.8185838E-4,0.3631732,0.009564401,2.8944315E-4,8.47491E-4,0.25785014,0.011731163,"TWOGAUSSIANS_WITH_ELLIPSOIDAL_ON_ECLIPSE1",9,36.430943,0.41356042,3.4457474E-4,0.15316914,0.0026984068,0.3633537,0.009538276,0.25785014,0.011731163,0.01701265,0.01573563,0.020055158,0.25140402
375316653866487564,6062172929015906560,0.48523402,2233.699239682852,1.6611469801646719,2.4775312E-5,18.73441,0.002882524,0.35062015,0.004034235,0.055892985,0.0042344024,0.1685002,0.010746183,0.84581035,0.00643101,0.025344206,0.009571479,0.07369153,0.013502281,null,null,null,null,"TWOGAUSSIANS",8,2.35459,0.35062015,0.004034235,0.31300074,0.023712656,0.1685002,0.010746184,0.84581035,0.00643101,0.14192756,0.05360028,0.073691525,0.013502321
375316653866487564,6062173032094918912,0.61085224,2235.7411496116733,2.0280159535394384,5.749205E-6,18.173365,0.0025229852,0.25783935,0.0015152106,0.07658583,0.0014227398,0.49615052,0.0067626294,0.7584116,0.0015168148,0.07758221,0.0014020717,0.34160796,0.004051978,null,null,null,null,"TWOGAUSSIANS",8,2.2314448,0.25783935,0.0015152106,0.4,0.0,0.49193415,0.00678065,0.7584116,0.0015168148,0.4,0.0,0.33739156,0.0038293418
375316653866487564,6062173410087554432,0.4960912,2229.2979903584346,1.760082568166587,9.687515E-6,19.317976,0.008959331,0.1964951,0.0021523286,0.060855985,0.003945133,0.23431693,0.024054047,0.74040705,0.014041328,0.021923637,0.0065484107,0.092534214,0.032189965,0.09629019,0.013407092,0.1964951,0.0021523286,"TWOGAUSSIANS_WITH_ELLIPSOIDAL_ON_ECLIPSE1",9,3.7507896,0.1964951,0.0021523286,0.34079352,0.022092745,0.4268464,0.0120349275,0.74040705,0.014041328,0.122772366,0.0366711,0.27077183,0.021578472
375316653866487564,6062174028562811136,0.58352745,2227.6428016414593,0.09441311569252057,2.558625E-5,15.950328,6.56119E-4,0.16942689,0.0030281167,0.016738802,0.002604149,0.41654423,0.053981133,0.7513692,3.413362E-5,0.002186036,5.5427892E-5,0.13098963,0.01278829,null,null,null,null,"TWOGAUSSIANS",8,8.925393,0.16942689,0.0030281167,0.09373729,0.014583236,0.41654423,0.053981133,0.7513692,3.413362E-5,0.012241801,3.103962E-4,0.13098963,0.01278829
375316653866487564,6062174097282319104,0.53865266,2244.620957290111,0.27472740769406084,2.2657882E-6,17.135397,0.00207743,0.28437632,7.958387E-4,0.016081281,9.0610515E-4,0.3602072,0.009463571,0.78632987,0.01349241,0.016787611,0.0030203816,0.21166776,0.053251486,0.0072287535,0.0036769204,0.28437632,7.958387E-4,"TWOGAUSSIANS_WITH_ELLIPSOIDAL_ON_ECLIPSE1",9,10.377988,0.28437632,7.958387E-4,0.090055175,0.005074189,0.3746647,0.010623968,0.78632987,0.013462835,0.09401062,0.016914137,0.22612308,0.0532269
375316653866487564,6062176158830423040,0.46881643,2223.6689970686716,3.4209959570965482,1.8416005E-5,19.096067,0.033392735,0.12901776,0.0052043227,0.10802766,0.013069866,0.20145129,0.033101507,0.5938398,0.0046628714,0.1215879,0.015535505,0.23826516,0.030823808,null,null,null,null,"TWOGAUSSIANS",8,3.0470438,0.5938398,0.0046628714,0.4,0.0,0.20921996,0.010490391,0.12927775,0.005179244,0.4,0.0,0.17256108,0.01418824
375316653866487564,6062177361457468544,0.524674,2224.907950367933,2.2194438153436495,1.2151917E-5,16.7957,0.02492238,0.28957912,0.0030093899,0.10965557,0.011959898,0.19866855,0.022210212,0.78959584,0.0043779416,0.118898235,0.016632669,0.17813252,0.023238357,null,null,null,null,"TWOGAUSSIANS",8,11.043282,0.28957912,0.003017633,0.4,0.0,0.16449639,0.007900419,0.78959584,0.0043779416,0.4,0.0,0.14392102,0.0053119897
375316653866487564,6062177498896257024,0.65480465,2226.9471344738654,0.441534902582843,3.362492E-6,17.542837,0.0022621867,0.16933991,0.0019765745,0.027161997,0.0018056496,0.09682891,0.006784087,0.6651651,0.0013271967,0.027431225,8.033773E-4,1.2854583,0.04343295,0.01836148,0.0039971946,0.16933991,0.0019765745,"TWOGAUSSIANS_WITH_ELLIPSOIDAL_ON_ECLIPSE1",9,6.5037723,0.66517514,0.0013271967,0.15361486,0.004498913,1.3221561,0.041741613,0.16933991,0.0019765745,0.15210718,0.010111638,0.13355187,0.004949998
375316653866487564,6062178048617449344,0.48633936,2255.6586718262324,3.1592263155387936,1.3210411E-5,19.767841,0.014606438,0.28995302,0.0040891594,0.07936032,0.006733883,0.46260965,0.021312533,0.78777766,0.0051463163,0.0718027,0.007666083,0.39945385,0.028589688,null,null,null,null,"TWOGAUSSIANS",8,3.873929,0.28995302,0.0040891594,0.4,0.0,0.45915055,0.021392133,0.78777766,0.0051463163,0.4,0.016407808,0.39599478,0.028989736
375316653866487564,6062178770172536192,0.5733717,2244.747119635996,3.2785547613587225,7.686365E-6,18.641773,0.00686511,0.2779697,0.0020358486,0.08125011,0.0021409185,0.4494941,0.013088359,0.77369463,0.002716435,0.08366595,0.0034475117,0.4808496,0.010299283,null,null,null,null,"TWOGAUSSIANS",8,3.7606473,0.77369463,0.002716435,0.4,0.0,0.47217515,0.0100251455,0.2779697,0.0020358486,0.4,0.0,0.44081965,0.01269459
375316653866487564,6062179113804235520,0.44474548,2230.3684285251775,1.9058076304758058,2.4302355E-5,16.444086,0.023500806,0.28550696,0.009016795,0.10122965,0.016280154,0.17562346,0.025059462,0.77227944,0.0066620293,0.10190954,0.022440676,0.13596411,0.018435396,null,null,null,null,"TWOGAUSSIANS",8,81.23897,0.28550696,0.009009192,0.4,0.0,0.16294599,0.012956758,0.77227944,0.0066620293,0.4,0.0,0.123286836,0.011392744
375316653866487564,6062179182489098112,0.49856743,2262.5236714598004,1.5764118924976191,1.5276617E-5,18.126013,0.005436059,0.19088006,0.005957527,0.042778697,0.006691782,0.15999293,0.038962077,0.6906047,0.003877382,0.045289837,0.0035391913,0.35127243,0.014855203,null,null,null,null,"TWOGAUSSIANS",8,16.765972,0.6906047,0.003877382,0.2536231,0.019819472,0.35127237,0.014855203,0.19088006,0.005957527,0.2395607,0.03747398,0.15999289,0.038962122
375316653866487564,6062179319971890688,0.6243526,2234.689613987688,2.1156215966090364,2.9335172E-6,16.90098,0.007731796,0.24951278,8.918457E-4,0.06211755,0.0039039664,0.27851498,0.013211765,0.75525296,0.0020331123,0.047520436,0.0042585908,0.11982847,0.015981507,0.08266412,0.008628935,0.24951278,8.918457E-4,"TWOGAUSSIANS_WITH_ELLIPSOIDAL_ON_ECLIPSE1",9,8.010223,0.24951278,8.918457E-4,0.34785828,0.021862213,0.44375938,0.014800195,0.75525296,0.0020331123,0.26611444,0.023848107,0.28485793,0.0041378764
375316653866487564,6062179869684889216,0.4848937,2234.5331559509727,2.8508676219498947,1.3905512E-5,19.611082,0.015346668,0.24433096,0.00545312,0.083228275,0.007832135,0.2873079,0.01912652,0.74163043,0.0061278986,0.086285,0.013461234,0.3073429,0.027652064,null,null,null,null,"TWOGAUSSIANS",8,2.5758243,0.74163043,0.0061278986,0.4,0.0,0.30002308,0.032141298,0.24433096,0.00545312,0.4,0.0,0.2799881,0.016902704
375316653866487564,6062180453834839680,0.49924147,2196.0913195547573,1.4927994106958753,1.5993113E-5,17.127846,0.030844111,0.2584456,0.0030190153,0.12433854,0.020613048,0.13551757,0.029378481,0.7642663,0.0051663574,0.11498728,0.020304639,0.13014865,0.02902791,null,null,null,null,"TWOGAUSSIANS",8,4.6853027,0.2584256,0.0030214742,0.4,0.0,0.10707744,0.004464946,0.7643163,0.005139689,0.4,0.0,0.10177253,0.007173108
375316653866487564,6062180488194222848,0.75044006,2217.4262626459026,1.3747540739433044,1.0068443E-6,14.450555,0.0013599358,0.24240097,3.302452E-4,0.04689052,5.9904705E-4,0.28137982,0.0036048302,0.74183667,8.262091E-4,0.047758516,8.856389E-4,0.28176516,0.0043109735,0.10352064,0.0019221843,0.24240097,3.302452E-4,"TWOGAUSSIANS_WITH_ELLIPSOIDAL_ON_ECLIPSE1",9,7.9524384,0.74190664,7.455039E-4,0.26744768,0.0049595777,0.48880354,0.0036163535,0.24240097,3.302452E-4,0.26258692,0.0033546635,0.4884205,0.0022463503
375316653866487564,6062180518206872064,0.5860819,2204.0167122854923,2.346183932637248,4.2164497E-6,18.570513,0.011761427,0.22734116,0.0021260756,0.052264284,0.0048146495,0.32489645,0.02679024,0.7201437,0.0034802372,0.051375557,0.0050352938,0.27443013,0.02792147,0.14048664,0.015932206,0.22734116,0.0021260756,"TWOGAUSSIANS_WITH_ELLIPSOIDAL_ON_ECLIPSE1",9,4.597098,0.22734116,0.0021260756,0.29268,0.026962038,0.60586387,0.014790865,0.7214137,0.0027452142,0.28770313,0.028197644,0.5549242,0.013770649
375316653866487564,6062180522521261312,0.48747405,2175.2886229154383,4.69239200562358,2.3440414E-5,17.115074,0.027086208,0.04990018,0.017931066,0.01659847,0.011630455,0.03551005,0.021388562,0.5062089,0.008315757,0.20658106,0.029492,0.19136105,0.025111243,null,null,null,null,"TWOGAUSSIANS",8,13.611173,0.5062089,0.008315757,0.4,0.0,0.170613,0.0094540315,0.050710183,0.017272614,0.09295143,0.06513055,0.037481494,0.020936046
375316653866487564,6062180763039440000,0.4715086,2242.7087391498503,2.1355471194120983,2.3968185E-5,19.8325,0.030592592,0.24596119,0.012402843,0.08352762,0.015284706,0.3577926,0.03745531,0.75236994,0.0074595218,0.092286184,0.012040897,0.343079,0.032678258,null,null,null,null,"TWOGAUSSIANS",8,5.036213,0.24596119,0.012402843,0.4,0.0,0.34675515,0.031000828,0.75236994,0.0074595218,0.4,0.0,0.33204126,0.02755843
375316653866487564,6062181003590334720,0.66710407,2226.75730165361,0.4730141309504094,3.144246E-6,15.668293,0.0023501674,0.27448052,5.3513923E-4,0.03160015,4.1883517E-4,1.0117798,0.012961914,0.7735594,0.0023875625,0.030167455,0.0020923023,0.10186772,0.0067565283,0.01965848,0.0028964274,0.27448052,5.3513923E-4,"TWOGAUSSIANS_WITH_ELLIPSOIDAL_ON_ECLIPSE1",9,22.78094,0.27448052,5.3513923E-4,0.17696086,0.002345477,1.0510968,0.012794012,0.77357936,0.0023268543,0.16893774,0.011716893,0.14118339,0.005154775
375316653866487564,6062181106669588992,0.5477346,2219.8850999634346,2.5547905893474803,1.842255E-5,18.000353,0.009779304,0.24504839,0.0057065384,0.08456162,0.009710649,0.25135538,0.009651308,0.747255,0.0024583966,0.081523046,0.004839342,0.2626706,0.0114222085,null,null,null,null,"TWOGAUSSIANS",8,5.725292,0.747255,0.0024583966,0.4,0.0,0.25736013,0.009745999,0.24504839,0.0057065384,0.4,0.0,0.2460449,0.0078042927
375316653866487564,6062181209714950528,0.5300207,2216.0158550037727,2.846160175580925,6.6262605E-6,19.697044,0.010693968,0.2024237,0.0028028765,0.07146469,0.0035052637,0.3924695,0.016377222,0.6975399,0.0051275874,0.069078885,0.0065222443,0.52432805,0.031183222,null,null,null,null,"TWOGAUSSIANS",8,2.1798778,0.6975399,0.0051275874,0.38684177,0.028905928,0.52290297,0.031433832,0.2024237,0.0028028765,0.4,0.011634185,0.3910444,0.01600487
375316653866487564,6062181690785127424,0.48052993,2229.2161896683215,0.8319108489706377,2.0805039E-5,17.599804,0.0017173821,0.38160294,0.009799727,0.025974931,0.010312371,0.12338428,0.05143882,0.88694245,0.0030339872,0.03590561,0.003296552,0.04820286,0.004144108,null,null,null,null,"TWOGAUSSIANS",8,2.3691003,0.38160294,0.009799727,0.1454596,0.057749275,0.12338428,0.05143882,0.88694245,0.0030339872,0.20107143,0.018460691,0.04820286,0.004144108
375316653866487564,6062181828190189568,0.5418881,2213.2215202358584,2.490932960252777,6.251542E-6,19.10253,0.007043709,0.25247437,0.0019726239,0.07348865,0.003010576,0.4342366,0.014725993,0.76019615,0.0019846072,0.07477799,0.0032627017,0.3975408,0.014130335,null,null,null,null,"TWOGAUSSIANS",8,2.2559552,0.25247437,0.0019726239,0.4,0.0,0.43187612,0.0148718925,0.76019615,0.0019846072,0.4,0.0,0.39518034,0.01430238
375316653866487564,6062181828224086656,0.567112,2213.3746636061214,1.8325811753279098,4.8999245E-6,16.340857,0.010131084,0.1268393,0.0011305409,0.10304167,0.0050284984,0.18658753,0.009464928,0.6396236,0.0029024323,0.10651479,0.0104646385,0.12901317,0.008420669,null,null,null,null,"TWOGAUSSIANS",8,5.7210073,0.1268293,0.0011329396,0.4,0.0,0.17116085,0.0029220786,0.63963354,0.0029028086,0.4,0.0,0.11358499,0.0034071037
375316653866487564,6062181961316299392,0.52006435,2211.294984553406,1.528042473775886,1.0581608E-5,18.834276,0.004548353,0.18496442,0.0029230425,0.02475618,0.001560205,0.60974866,0.010776003,0.685231,0.0025418892,0.034937065,0.003153069,0.15180829,0.024700975,null,null,null,null,"TWOGAUSSIANS",8,5.395952,0.18496442,0.0029230425,0.1386346,0.008737148,0.60974866,0.010776003,0.685231,0.0025418892,0.19564757,0.017657187,0.15180829,0.024700975
375316653866487564,6062182343587517696,0.5020764,2248.7966805066512,3.622188213071198,7.7892855E-6,18.707918,0.0105007505,0.24818046,0.0038012469,0.08141586,0.0066994033,0.29918995,0.021049868,0.7333466,0.003458767,0.081533395,0.0053612157,0.36537752,0.019156083,null,null,null,null,"TWOGAUSSIANS",8,7.4602513,0.7333466,0.003458767,0.4,0.0,0.36088434,0.019323647,0.24818046,0.0038012469,0.4,0.0,0.29469675,0.021983372
375316653866487564,6062182687183899904,0.60843825,2232.1412469929055,2.9917922817824967,3.5914745E-6,19.257711,0.009441743,0.2763451,0.001209428,0.041455608,0.0033983716,0.22773933,0.020104285,0.7778534,0.001651328,0.047383755,0.0035432982,0.29908553,0.02235009,0.12688388,0.011146628,0.2763451,0.001209428,"TWOGAUSSIANS_WITH_ELLIPSOIDAL_ON_ECLIPSE1",9,1.5612847,0.7778534,0.001651328,0.26534903,0.01984247,0.5528299,0.01319013,0.2763451,0.001209428,0.2321514,0.019030882,0.48150656,0.010178335
375316653866487564,6062182751597493632,0.49765956,2229.3523399675655,0.22595674859553314,7.5442854E-6,19.396542,0.0059104897,0.20122747,0.0011601439,0.02381052,8.824879E-4,0.5375259,0.024950486,0.7159969,2.7438463E-4,0.0059840884,2.348278E-4,0.27533254,0.011748376,null,null,null,null,"TWOGAUSSIANS",8,6.6476536,0.20122747,0.0011601439,0.13333891,0.0049419324,0.5375259,0.024950486,0.7159969,2.7438463E-4,0.033510894,0.0013150357,0.27533254,0.011748376
375316653866487564,6062183065141256704,0.52188814,2238.422161477388,3.7714231552400155,9.062E-6,19.154284,0.016270034,0.26776528,0.002112802,0.042221688,0.0053754533,0.31470478,0.039620876,0.7660492,0.004943203,0.05305348,0.009204243,0.4699211,0.06915616,0.13729958,0.021602262,0.26776528,0.002112802,"TWOGAUSSIANS_WITH_ELLIPSOIDAL_ON_ECLIPSE1",9,7.857887,0.7662492,0.0044636354,0.2970995,0.05154376,0.7444854,0.08064101,0.26776528,0.002112802,0.23644146,0.03010254,0.5892973,0.031513773
375316653866487564,6062183065174797696,0.4669662,2225.2502632498063,0.08314388545441999,1.0068442E-6,15.586845,0.004536878,0.41040936,6.5387215E-4,0.006324268,6.348051E-4,0.45776537,0.015500524,null,null,null,null,null,null,null,null,null,null,"ONEGAUSSIAN",5,484.41977,0.41040936,6.5387215E-4,0.0354159,0.0035549088,0.45776537,0.0,null,null,null,null,null,null
