Gaia/vari_eclipsing_binary/VariEclipsingBinary_234558-234761.csv
# %ECSV 1.0
# ---
# delimiter: ','
# meta: !!omap
# - RELEASE: Gaia DR3
# - TABLE: vari_eclipsing_binary
# - DESCRIPTION: >
#     This table describes the properties of the eclipsing binaries resulting from the variability analysis. 
# - CITATION: >
#     How to cite and acknowledge Gaia: 
#     https://gea.esac.esa.int/archive/documentation/credits.html 
# - KNOWN_ISSUES: >
#     Known issues: 
#     https://www.cosmos.esa.int/web/gaia-users/known-issues 
# - DOCUMENTATION: >
#     Tutorials and documentation: 
#     https://www.cosmos.esa.int/web/gaia-users/archive 
# datatype:
# - 
#   name: solution_id
#   datatype: int64
#   description: Solution Identifier
#   meta:
#     ucd: meta.version
# - 
#   name: source_id
#   datatype: int64
#   description: Unique source identifier
#   meta:
#     ucd: meta.id;meta.main
# - 
#   name: global_ranking
#   datatype: float32
#   description: Number between 0 (worst) and 1 (best)
#   meta:
#     ucd: stat.param
# - 
#   name: reference_time
#   datatype: float64
#   unit: d
#   description: Reference time used for the geometric model fit
#   meta:
#     ucd: time.epoch
# - 
#   name: frequency
#   datatype: float64
#   unit: d**-1
#   description: Frequency of geometric model of the eclipsing binary light curve
#   meta:
#     ucd: src.orbital
# - 
#   name: frequency_error
#   datatype: float32
#   unit: d**-1
#   description: "Uncertainty of \\texttt{frequency}"
#   meta:
#     ucd: stat.error
# - 
#   name: geom_model_reference_level
#   datatype: float32
#   unit: mag
#   description: Magnitude reference level of geometric model
#   meta:
#     ucd: phot.mag;em.opt
# - 
#   name: geom_model_reference_level_error
#   datatype: float32
#   unit: mag
#   description: "Uncertainty of \\texttt{geomModelReferenceLevel}"
#   meta:
#     ucd: stat.error;phot.mag;em.opt
# - 
#   name: geom_model_gaussian1_phase
#   datatype: float32
#   description: Phase of the Gaussian 1 component
#   meta:
#     ucd: time.phase
# - 
#   name: geom_model_gaussian1_phase_error
#   datatype: float32
#   description: "Uncertainty of \\texttt{geomModelGaussian1Phase}"
#   meta:
#     ucd: stat.error;time.phase
# - 
#   name: geom_model_gaussian1_sigma
#   datatype: float32
#   description: "Standard deviation [phase] of Gaussian 1 component"
#   meta:
#     ucd: stat.stdev
# - 
#   name: geom_model_gaussian1_sigma_error
#   datatype: float32
#   description: "Uncertainty of \\texttt{geomModelGaussian1Sigma}"
#   meta:
#     ucd: stat.error
# - 
#   name: geom_model_gaussian1_depth
#   datatype: float32
#   unit: mag
#   description: Magnitude depth of Gaussian 1 component
#   meta:
#     ucd: src.var.amplitude
# - 
#   name: geom_model_gaussian1_depth_error
#   datatype: float32
#   unit: mag
#   description: "Uncertainty of \\texttt{geomModelGaussian1Depth}"
#   meta:
#     ucd: stat.error;src.var.amplitude
# - 
#   name: geom_model_gaussian2_phase
#   datatype: float32
#   description: Phase of Gaussian 2 component
#   meta:
#     ucd: time.phase
# - 
#   name: geom_model_gaussian2_phase_error
#   datatype: float32
#   description: "Uncertainty of \\texttt{geomModelGaussian2Phase}"
#   meta:
#     ucd: stat.error;time.phase
# - 
#   name: geom_model_gaussian2_sigma
#   datatype: float32
[...]
#   datatype: float32
#   description: "Secondary eclipse: uncertainty of \\texttt{derivedSecondaryEclDuration}"
#   meta:
#     ucd: stat.error;time.duration
# - 
#   name: derived_secondary_ecl_depth
#   datatype: float32
#   unit: mag
#   description: "Secondary eclipse: depth"
#   meta:
#     ucd: src.var.amplitude
# - 
#   name: derived_secondary_ecl_depth_error
#   datatype: float32
#   unit: mag
#   description: "Secondary eclipse: uncertainty of \\texttt{derivedSecondaryEclDepth}"
#   meta:
#     ucd: stat.error;src.var.amplitude
solution_id,source_id,global_ranking,reference_time,frequency,frequency_error,geom_model_reference_level,geom_model_reference_level_error,geom_model_gaussian1_phase,geom_model_gaussian1_phase_error,geom_model_gaussian1_sigma,geom_model_gaussian1_sigma_error,geom_model_gaussian1_depth,geom_model_gaussian1_depth_error,geom_model_gaussian2_phase,geom_model_gaussian2_phase_error,geom_model_gaussian2_sigma,geom_model_gaussian2_sigma_error,geom_model_gaussian2_depth,geom_model_gaussian2_depth_error,geom_model_cosine_half_period_amplitude,geom_model_cosine_half_period_amplitude_error,geom_model_cosine_half_period_phase,geom_model_cosine_half_period_phase_error,model_type,num_model_parameters,reduced_chi2,derived_primary_ecl_phase,derived_primary_ecl_phase_error,derived_primary_ecl_duration,derived_primary_ecl_duration_error,derived_primary_ecl_depth,derived_primary_ecl_depth_error,derived_secondary_ecl_phase,derived_secondary_ecl_phase_error,derived_secondary_ecl_duration,derived_secondary_ecl_duration_error,derived_secondary_ecl_depth,derived_secondary_ecl_depth_error
375316653866487564,2063197805334239232,0.5380379,2253.6705663757843,0.9310050958330391,7.890341E-6,17.593918,0.002802378,0.2517853,1.7448071E-4,0.015708178,4.0677434E-4,0.58510095,0.03492585,null,null,null,null,null,null,null,null,null,null,"ONEGAUSSIAN",5,7.53386,0.2517853,1.7448071E-4,0.0879658,0.0022779363,0.58510095,0.0,null,null,null,null,null,null
375316653866487564,2063211755392872448,0.48560145,2217.214394137775,0.7241114623066783,1.5240735E-5,15.676249,0.003204176,0.22591183,0.003728825,0.03263176,0.007163758,0.079178974,0.016012037,0.71730334,0.013912096,0.025436783,0.017364709,0.09438472,0.106949545,0.03454595,0.0046091066,0.22591183,0.003728825,"TWOGAUSSIANS_WITH_ELLIPSOIDAL_ON_ECLIPSE1",9,51.85709,0.71761334,0.013568777,0.14244598,0.09724237,0.16328193,0.10867611,0.22591183,0.003728825,0.18273784,0.040117044,0.14827086,0.017522726
375316653866487564,2063211824112357632,0.66986346,2239.6166259869765,1.1546440512332932,4.730644E-6,17.480267,0.003395458,0.27327073,0.0025173477,0.041288078,0.008464613,0.059390992,0.011083958,0.7729085,8.4270403E-4,0.051105104,0.0010410063,0.41765583,0.008192716,0.06369622,0.004905672,0.27327073,0.0025173477,"TWOGAUSSIANS_WITH_ELLIPSOIDAL_ON_ECLIPSE1",9,2.2904983,0.7729285,7.5225363E-4,0.28618857,0.005829635,0.5450447,0.0035783453,0.27327073,0.0025173477,0.23121324,0.04740183,0.1867805,0.0065725194
375316653866487564,2063213434719623296,0.5309053,2203.7200762313537,3.0703105309394876,9.023384E-6,19.08451,0.017463636,0.22270244,0.003932469,0.09495791,0.009051395,0.30820733,0.016274875,0.72602326,0.0033566332,0.08271906,0.0060892594,0.30206454,0.015542976,null,null,null,null,"TWOGAUSSIANS",8,2.27229,0.22270244,0.003932469,0.4,0.0,0.29718864,0.014798603,0.72602326,0.0033566332,0.4,0.0,0.29104644,0.010630172
375316653866487564,2063213542099316224,0.49218678,2217.1827381825383,0.17410348383930657,2.2272388E-5,13.511348,0.007875891,0.29833746,0.0074242624,0.101565264,0.01694482,0.05539119,0.0071180128,0.7972179,0.0072752903,0.09455168,0.017795006,0.054786485,0.0068254913,null,null,null,null,"TWOGAUSSIANS",8,34.05111,0.29833746,0.0074242624,0.4,0.0,0.05118316,0.0038917677,0.7972179,0.0072752903,0.4,0.0,0.05057897,0.0046544923
375316653866487564,2063214018835175424,0.6311478,2226.3577474272142,0.11989556974892573,9.2892085E-5,16.66112,8.0228114E-4,0.6417747,0.032109194,0.03423105,0.033622928,0.008367173,0.28536922,0.8897293,7.496559E-4,0.0053044544,0.0012148865,0.30296934,0.065971844,null,null,null,null,"TWOGAUSSIANS",8,1.9042231,0.8897293,7.496559E-4,0.029704943,0.0068033645,0.30296934,0.065971844,0.6417747,0.032109194,0.19169389,0.18828839,0.008367173,0.28536922
375316653866487564,2063215324505380864,0.51674885,2218.532350304389,2.025131185114771,1.4398981E-5,18.619528,0.017389202,0.2827089,0.0051070303,0.10021082,0.013241804,0.18236993,0.015347825,0.7840374,0.0049229315,0.09782686,0.009385172,0.18978259,0.017831292,null,null,null,null,"TWOGAUSSIANS",8,2.06513,0.7840374,0.0049223965,0.4,0.0,0.17468634,0.008719392,0.2827089,0.0051070303,0.4,0.0,0.16727306,0.0073566833
375316653866487564,2063215431875718912,0.4869328,2199.4911375941656,2.9290940425659064,3.426005E-5,19.506212,0.070634104,0.23670009,0.0068430146,0.072801344,0.019160751,0.23569131,0.05016996,0.78215593,0.009498708,0.16034622,0.078957856,0.123201504,0.06434906,null,null,null,null,"TWOGAUSSIANS",8,1.3767754,0.23599009,0.005729867,0.4,0.057448715,0.2208661,0.022478474,0.78215593,0.009498708,0.4,0.0,0.105770536,0.02157393
375316653866487564,2063215599383324544,0.5135462,2200.2231100155846,2.235644009460803,2.6925522E-5,19.014383,0.14425768,0.28418478,0.006262907,0.11115859,0.031758126,0.2629039,0.13207825,0.7923478,0.013111168,0.13350764,0.052548792,0.24526624,0.14364283,null,null,null,null,"TWOGAUSSIANS",8,1.8432622,0.2840548,0.006109093,0.4,0.0,0.20517258,0.014492525,0.7923678,0.013084195,0.4,0.0,0.18710478,0.012126546
375316653866487564,2063218073284576256,0.5598388,2194.7758792018712,2.788782046467851,1.101179E-5,18.065687,0.008770138,0.24010238,0.0033361183,0.082167275,0.0062844185,0.34568074,0.012356694,0.7480747,0.00415978,0.07394657,0.004293698,0.35119417,0.014031682,null,null,null,null,"TWOGAUSSIANS",8,9.431051,0.7480747,0.00415978,0.4,0.0,0.34770074,0.013977768,0.24010238,0.0033361183,0.4,0.0,0.34218732,0.012401717
375316653866487564,2063218661704595072,0.47011408,2204.474116694369,2.3546930073452725,2.5409578E-5,18.193752,0.015798455,0.3387804,0.011911315,0.052420244,0.007464593,0.4451612,0.044227205,0.80514127,0.0182864,0.052781027,0.028026164,0.11533752,0.030379605,null,null,null,null,"TWOGAUSSIANS",8,41.983368,0.3387804,0.011911315,0.29355335,0.04180172,0.44516003,0.044226103,0.80514127,0.0182864,0.29557374,0.15694651,0.115336366,0.030382318
375316653866487564,2063218936578630272,0.60494184,2189.889832428266,1.2011580543602205,6.6703856E-6,16.327679,0.0060715415,0.22965351,0.0019128409,0.08327956,0.00317155,0.29154846,0.008508986,0.7322133,0.002735955,0.08473906,0.0040352787,0.4198017,0.0073848506,null,null,null,null,"TWOGAUSSIANS",8,19.819252,0.7322133,0.002735955,0.4,0.0,0.41182134,0.007078533,0.22965351,0.0019128409,0.4,0.0,0.28356808,0.008259828
375316653866487564,2063219000997550720,0.46946713,2204.336840833935,0.0933099953652024,7.02546E-5,18.648424,0.018370671,0.17773339,0.037456106,0.024698472,0.042815447,0.90038466,0.8359201,0.63673526,0.02376179,0.10706667,0.043664977,0.080063626,0.027544182,null,null,null,null,"TWOGAUSSIANS",8,13.0182495,0.17773339,0.038119774,0.13831145,0.23976651,0.9003511,0.8375386,0.63673526,0.02376179,0.4,0.0,0.080021665,0.026787996
375316653866487564,2063219413314406912,0.54601175,2233.2641697888225,2.6607305291285916,1.9881698E-5,19.40985,0.00868676,0.24314351,0.0077682612,0.07305195,0.006015872,0.43496627,0.029739643,0.75844634,0.0026175547,0.07655206,0.003236014,0.39986622,0.016952416,null,null,null,null,"TWOGAUSSIANS",8,1.9748338,0.24314351,0.0077682612,0.4,0.015523326,0.43275663,0.030060487,0.75844634,0.0026175547,0.4,0.0,0.3976566,0.016851174
375316653866487564,2063219795572201088,0.44474664,2228.469998668307,0.3841788312954353,6.487155E-5,17.392206,0.001222307,0.26263955,0.004435412,0.028299116,0.0057197334,0.051836863,0.0067318776,0.6527809,0.031827092,0.013342388,0.005221504,0.021751348,0.013138914,null,null,null,null,"TWOGAUSSIANS",8,2.7345228,0.26263955,0.004435412,0.15847504,0.032030508,0.051836863,0.0067318776,0.6527809,0.031827092,0.07471737,0.029240422,0.021751348,0.013138914
375316653866487564,2063220276608582400,0.52332103,2239.285705516594,0.38089764542203886,4.1914973E-5,16.472664,0.0016347889,0.38673532,0.012559399,0.014439262,0.01067502,0.013266742,2.5169315,0.67994124,0.0034845443,0.02270668,0.002464502,0.5675525,0.25369927,null,null,null,null,"TWOGAUSSIANS",8,8.84742,0.67994124,0.0034845443,0.1271574,0.013801211,0.5675525,0.25369927,0.38673532,0.012559399,0.08085987,0.05978011,0.013266742,2.5169315
375316653866487564,2063221577987240448,0.5831531,2248.578202918295,4.417679231090953,1.1206137E-6,19.02378,0.0032486138,0.27635467,1.9967048E-4,0.011010365,1.376165E-4,1.7244174,0.07934978,0.61364484,0.019012993,0.010618425,0.032651745,0.10952802,0.09718286,null,null,null,null,"TWOGAUSSIANS",8,1.396366,0.27635467,1.9967048E-4,0.061658043,7.7065243E-4,1.7244174,0.07934978,0.61364484,0.019012993,0.05946318,0.18284976,0.10952802,0.09718286
375316653866487564,2063222746209209984,0.4997219,2210.662199662065,3.0331914994087423,2.2481874E-5,19.499136,0.0050844476,0.2262892,0.013145947,0.013951954,0.0064573847,0.34044373,0.07282277,0.7340872,4.364211E-4,0.01656794,9.1177126E-4,0.2214069,0.0017084068,null,null,null,null,"TWOGAUSSIANS",8,1.9091679,0.2262892,0.013145947,0.078130946,0.036161356,0.34044373,0.07282277,0.7340872,4.364211E-4,0.09278046,0.005105919,0.2214069,0.0017084068
375316653866487564,2063223025387246464,0.5201127,2261.297243534072,0.20539931153314242,7.1087884E-6,18.483383,0.011049033,0.20774877,0.010793823,0.024067856,0.015334228,0.2600531,0.11690585,0.7045378,0.0011448384,0.03783245,0.0026179724,0.34447393,0.028095553,0.027542079,0.01808451,0.20774877,0.010793823,"TWOGAUSSIANS_WITH_ELLIPSOIDAL_ON_ECLIPSE1",9,8.963049,0.7045978,0.0010926554,0.21186173,0.014660645,0.39953598,0.020490684,0.20774877,0.010793823,0.13478,0.085871674,0.31513718,0.14266475
375316653866487564,2063223334624888832,0.5513601,2192.260028199046,2.5238694050391155,5.974841E-6,17.708786,0.0015083943,null,null,null,null,null,null,null,null,null,null,null,null,0.07895036,0.0021184897,0.24495426,0.0018993764,"ELLIPSOIDAL",4,2.315629,null,null,null,null,null,null,null,null,null,null,null,null
375316653866487564,2063223536483414528,0.5250431,2207.034911917192,2.3397370747391015,5.4427323E-6,19.068295,0.00661124,0.28671706,0.0023994942,0.073947616,0.0029909483,0.31409743,0.011293677,0.7901988,0.002536219,0.07855437,0.0036297452,0.32117748,0.010423652,null,null,null,null,"TWOGAUSSIANS",8,1.8913289,0.7901988,0.002536219,0.4,0.0,0.31844825,0.010386709,0.28671706,0.0023994942,0.4,0.0,0.3113682,0.011178887
375316653866487564,2063224227978104704,0.60613537,2212.5931627180257,2.4285732593610727,7.6158385E-6,15.682129,0.01562038,0.21876343,0.0015348396,0.054908067,0.007238476,0.16714345,0.03422568,0.71627045,0.013244855,0.054809485,0.022505088,0.13600184,0.043633085,0.120375745,0.018514724,0.21876343,0.0015348396,"TWOGAUSSIANS_WITH_ELLIPSOIDAL_ON_ECLIPSE1",9,43.121414,0.21876343,0.0015348396,0.30748516,0.040535465,0.40788588,0.010553328,0.71701044,0.0115065565,0.3069331,0.1260285,0.37670267,0.038372494
375316653866487564,2063225911605682304,0.52696013,2238.112921345034,2.5907566043854624,1.5040813E-5,19.78024,0.030374339,0.2080302,0.0030054776,0.09814078,0.012031762,0.3235114,0.024676055,0.72280777,0.0043156343,0.09245779,0.010274904,0.33706748,0.028003005,null,null,null,null,"TWOGAUSSIANS",8,0.91607034,0.72280777,0.004316488,0.4,0.0,0.31987774,0.017648514,0.2080302,0.0030054776,0.4,0.0,0.3063201,0.019701578
375316653866487564,2063226083404391296,0.5272144,2229.332949986646,2.294619223104926,9.931795E-6,19.421238,0.007902804,0.2697886,0.004283978,0.068013415,0.0049420143,0.3313464,0.01612141,0.7696484,0.004059072,0.083235934,0.0058502704,0.37194657,0.03520112,null,null,null,null,"TWOGAUSSIANS",8,1.714164,0.7696484,0.004059072,0.4,0.0,0.36897948,0.03616863,0.2697886,0.004283978,0.38087514,0.02767528,0.3283793,0.016355904
375316653866487564,2063226216548515072,0.51139873,2227.7543912694696,3.287627211643419,2.313962E-5,19.686138,0.012828685,0.2481676,0.006946188,0.08124859,0.006920218,0.44958997,0.030165972,0.7424481,0.005005683,0.07009692,0.0064016357,0.4322505,0.048585724,null,null,null,null,"TWOGAUSSIANS",8,2.7004614,0.2481676,0.006946188,0.4,0.0,0.4462777,0.030004907,0.7424481,0.005005683,0.39254275,0.030317755,0.42893824,0.04937666
375316653866487564,2063228003245991168,0.5126351,2208.596495998446,0.3389283392660001,9.236915E-6,16.989098,0.0014471334,0.364056,0.0013229913,0.016933667,0.001425055,0.09607096,0.004757549,0.82658947,0.04736631,0.06454275,0.026753463,0.00794569,0.0044798334,null,null,null,null,"TWOGAUSSIANS",8,2.7317278,0.364056,0.0013229913,0.09482854,0.0079803085,0.09607096,0.004757549,0.82658947,0.04736631,0.3614394,0.1498194,0.00794569,0.0044798334
375316653866487564,2063229205839672192,0.50070566,2187.3521224540577,2.4892599650348073,1.9731002E-5,18.160948,0.015873218,0.276661,0.0058070864,0.10101351,0.0123077165,0.21093836,0.01360098,0.7706622,0.009156519,0.09554462,0.013413774,0.1373184,0.016084474,null,null,null,null,"TWOGAUSSIANS",8,5.514122,0.276661,0.0058070864,0.4,0.0,0.1985216,0.009548205,0.7706622,0.009156519,0.4,0.0,0.12490342,0.0080593405
375316653866487564,2063229519377731968,0.6255474,2199.1421604168995,1.430516044317322,8.187244E-6,16.264122,0.0039353874,0.24548686,0.0020986404,0.08773562,0.004016452,0.14370908,0.003813024,0.7414552,0.0022605548,0.08238497,0.0032399031,0.296605,0.006542254,null,null,null,null,"TWOGAUSSIANS",8,6.5363603,0.7414552,0.0022605548,0.4,0.0,0.29159015,0.0067299064,0.24548686,0.0020986404,0.4,0.0,0.13869423,0.0031935289
375316653866487564,2063229656816686080,0.6354828,2209.423904781931,0.13261745223024962,1.0883082E-6,17.183386,0.0018426571,0.16015783,8.858479E-4,0.009483542,5.389957E-4,0.40779042,0.012635397,0.6609103,0.0035209586,0.008690279,0.0014079589,0.36218086,0.07686807,null,null,null,null,"TWOGAUSSIANS",8,4.053682,0.16015783,8.858479E-4,0.05310784,0.003018376,0.40779042,0.012635397,0.6609103,0.0035209586,0.048665565,0.00788457,0.36218086,0.07686807
375316653866487564,2063229721235880448,0.4696216,2197.5063030183805,0.751303365179301,3.0402747E-5,17.300755,0.0069722184,0.21240015,0.004762445,0.029611418,0.0062121963,0.1633926,0.0616992,0.7337274,0.009996214,0.055550035,0.008207756,0.15897647,0.03994341,0.039536897,0.009869223,0.7337274,0.009996214,"TWOGAUSSIANS_WITH_ELLIPSOIDAL_ON_ECLIPSE2",9,28.06776,0.21308015,0.004669002,0.16582395,0.0347883,0.24109355,0.061475918,0.7337274,0.009996214,0.31108022,0.045963433,0.23804383,0.038391095
375316653866487564,2063232474319536128,0.47804362,2200.47698833904,3.162126519425246,3.1827876E-5,19.544239,0.04765745,0.2924923,0.004605751,0.06492424,0.007461627,0.61538756,0.06762105,0.78065455,0.017895509,0.064327985,0.018704798,0.6731247,0.09889812,null,null,null,null,"TWOGAUSSIANS",8,25.120405,0.78065455,0.017895509,0.3602367,0.07611998,0.67261845,0.098693736,0.2924923,0.004605751,0.36357573,0.041785114,0.61488134,0.066631876
375316653866487564,2063232538733189632,0.4885176,2206.399051213925,3.1346846011652443,2.5330246E-5,19.764107,0.012057442,0.24996334,0.0077887974,0.090728916,0.0088700615,0.3209855,0.033600654,0.73666114,0.004336376,0.07406651,0.0072243223,0.33603638,0.021682736,null,null,null,null,"TWOGAUSSIANS",8,1.8237494,0.73666114,0.004336376,0.4,0.0,0.33094192,0.02227365,0.24996334,0.0077887974,0.4,0.0,0.3158908,0.034765992
375316653866487564,2063235635411666560,0.51358706,2203.120214318321,2.449963613512647,1.1654158E-5,19.621502,0.007141422,0.29271626,0.0023671929,0.062148124,0.0033336333,0.34281963,0.027162403,0.7806202,0.0023038026,0.066650845,0.0028390302,0.5308601,0.019004865,null,null,null,null,"TWOGAUSSIANS",8,1.835883,0.7806202,0.0023038026,0.37324473,0.01589857,0.53054315,0.019042036,0.29271626,0.0023671929,0.3480295,0.018668346,0.34250268,0.02721399
375316653866487564,2063238109312868992,0.56048596,2234.935326658029,2.0420054800671172,1.3235365E-5,14.943483,0.6846703,0.2910504,0.0057744593,0.11677065,0.15289089,0.29183638,0.6160628,0.7978244,0.005960211,0.11009668,0.033766747,0.28676873,0.36039922,null,null,null,null,"TWOGAUSSIANS",8,113.33933,0.2910404,0.006045885,0.4,0.0,0.24413165,0.05991252,0.79784435,0.0043457993,0.4,0.0,0.23910697,0.011190555
375316653866487564,2063239822996093312,0.4914321,2256.5265551402063,0.2852136966057291,1.3128401E-5,18.72951,0.006056271,0.17838983,0.00327959,0.04688941,0.009434437,0.25106487,0.2845012,0.7125217,0.008628884,0.03332846,0.003488427,0.49757406,0.09124471,null,null,null,null,"TWOGAUSSIANS",8,5.89355,0.7125217,0.008628884,0.18663938,0.019535191,0.49757406,0.09124471,0.17838983,0.00327959,0.2625807,0.05283285,0.25106487,0.2845012
375316653866487564,2063240548853927168,0.6692642,2236.2408294321936,0.6113029981624046,1.0885171E-6,16.193045,0.0015485175,0.27031234,0.10425346,0.09482352,0.081408635,0.0033514376,0.0038271782,0.58292305,1.7833583E-4,0.031120066,2.0297772E-4,0.5842601,0.006107354,null,null,null,null,"TWOGAUSSIANS",8,3.5948071,0.58292305,1.7833583E-4,0.17427237,0.0011366752,0.5842747,0.006115143,0.27031234,0.10425346,0.4,0.09727402,0.0033514295,0.003830229
