Gaia/vari_eclipsing_binary/VariEclipsingBinary_661368-661443.csv
# %ECSV 1.0
# ---
# delimiter: ','
# meta: !!omap
# - RELEASE: Gaia DR3
# - TABLE: vari_eclipsing_binary
# - DESCRIPTION: >
#     This table describes the properties of the eclipsing binaries resulting from the variability analysis. 
# - CITATION: >
#     How to cite and acknowledge Gaia: 
#     https://gea.esac.esa.int/archive/documentation/credits.html 
# - KNOWN_ISSUES: >
#     Known issues: 
#     https://www.cosmos.esa.int/web/gaia-users/known-issues 
# - DOCUMENTATION: >
#     Tutorials and documentation: 
#     https://www.cosmos.esa.int/web/gaia-users/archive 
# datatype:
# - 
#   name: solution_id
#   datatype: int64
#   description: Solution Identifier
#   meta:
#     ucd: meta.version
# - 
#   name: source_id
#   datatype: int64
#   description: Unique source identifier
#   meta:
#     ucd: meta.id;meta.main
# - 
#   name: global_ranking
#   datatype: float32
#   description: Number between 0 (worst) and 1 (best)
#   meta:
#     ucd: stat.param
# - 
#   name: reference_time
#   datatype: float64
#   unit: d
#   description: Reference time used for the geometric model fit
#   meta:
#     ucd: time.epoch
# - 
#   name: frequency
#   datatype: float64
#   unit: d**-1
#   description: Frequency of geometric model of the eclipsing binary light curve
#   meta:
#     ucd: src.orbital
# - 
#   name: frequency_error
#   datatype: float32
#   unit: d**-1
#   description: "Uncertainty of \\texttt{frequency}"
#   meta:
#     ucd: stat.error
# - 
#   name: geom_model_reference_level
#   datatype: float32
#   unit: mag
#   description: Magnitude reference level of geometric model
#   meta:
#     ucd: phot.mag;em.opt
# - 
#   name: geom_model_reference_level_error
#   datatype: float32
#   unit: mag
#   description: "Uncertainty of \\texttt{geomModelReferenceLevel}"
#   meta:
#     ucd: stat.error;phot.mag;em.opt
# - 
#   name: geom_model_gaussian1_phase
#   datatype: float32
#   description: Phase of the Gaussian 1 component
#   meta:
#     ucd: time.phase
# - 
#   name: geom_model_gaussian1_phase_error
#   datatype: float32
#   description: "Uncertainty of \\texttt{geomModelGaussian1Phase}"
#   meta:
#     ucd: stat.error;time.phase
# - 
#   name: geom_model_gaussian1_sigma
#   datatype: float32
#   description: "Standard deviation [phase] of Gaussian 1 component"
#   meta:
#     ucd: stat.stdev
# - 
#   name: geom_model_gaussian1_sigma_error
#   datatype: float32
#   description: "Uncertainty of \\texttt{geomModelGaussian1Sigma}"
#   meta:
#     ucd: stat.error
# - 
#   name: geom_model_gaussian1_depth
#   datatype: float32
#   unit: mag
#   description: Magnitude depth of Gaussian 1 component
#   meta:
#     ucd: src.var.amplitude
# - 
#   name: geom_model_gaussian1_depth_error
#   datatype: float32
#   unit: mag
#   description: "Uncertainty of \\texttt{geomModelGaussian1Depth}"
#   meta:
#     ucd: stat.error;src.var.amplitude
# - 
#   name: geom_model_gaussian2_phase
#   datatype: float32
#   description: Phase of Gaussian 2 component
#   meta:
#     ucd: time.phase
# - 
#   name: geom_model_gaussian2_phase_error
#   datatype: float32
#   description: "Uncertainty of \\texttt{geomModelGaussian2Phase}"
#   meta:
#     ucd: stat.error;time.phase
# - 
#   name: geom_model_gaussian2_sigma
#   datatype: float32
[...]
#   datatype: float32
#   description: "Secondary eclipse: uncertainty of \\texttt{derivedSecondaryEclDuration}"
#   meta:
#     ucd: stat.error;time.duration
# - 
#   name: derived_secondary_ecl_depth
#   datatype: float32
#   unit: mag
#   description: "Secondary eclipse: depth"
#   meta:
#     ucd: src.var.amplitude
# - 
#   name: derived_secondary_ecl_depth_error
#   datatype: float32
#   unit: mag
#   description: "Secondary eclipse: uncertainty of \\texttt{derivedSecondaryEclDepth}"
#   meta:
#     ucd: stat.error;src.var.amplitude
solution_id,source_id,global_ranking,reference_time,frequency,frequency_error,geom_model_reference_level,geom_model_reference_level_error,geom_model_gaussian1_phase,geom_model_gaussian1_phase_error,geom_model_gaussian1_sigma,geom_model_gaussian1_sigma_error,geom_model_gaussian1_depth,geom_model_gaussian1_depth_error,geom_model_gaussian2_phase,geom_model_gaussian2_phase_error,geom_model_gaussian2_sigma,geom_model_gaussian2_sigma_error,geom_model_gaussian2_depth,geom_model_gaussian2_depth_error,geom_model_cosine_half_period_amplitude,geom_model_cosine_half_period_amplitude_error,geom_model_cosine_half_period_phase,geom_model_cosine_half_period_phase_error,model_type,num_model_parameters,reduced_chi2,derived_primary_ecl_phase,derived_primary_ecl_phase_error,derived_primary_ecl_duration,derived_primary_ecl_duration_error,derived_primary_ecl_depth,derived_primary_ecl_depth_error,derived_secondary_ecl_phase,derived_secondary_ecl_phase_error,derived_secondary_ecl_duration,derived_secondary_ecl_duration_error,derived_secondary_ecl_depth,derived_secondary_ecl_depth_error
[from data line 426]
375316653866487564,5818052141881981184,0.548998,2203.1879101787567,3.2341333619500947,8.703991E-6,16.814499,0.01209305,0.24235491,0.0022855783,0.081451945,0.0036578,0.44967195,0.014522018,0.7303223,0.0041361027,0.08976095,0.00491554,0.5426043,0.021981256,null,null,null,null,"TWOGAUSSIANS",8,67.501015,0.7303223,0.0041361027,0.4,0.0,0.5312798,0.02233182,0.24235491,0.0022855783,0.4,0.0,0.43834767,0.01301199
375316653866487564,5818054443984822272,0.5536485,2230.7282640028807,3.0270648810534095,4.6078994E-6,18.934782,0.0048120003,0.24908851,0.0014719003,0.05321273,0.0018061225,0.47129396,0.015862327,0.7518288,0.0030888242,0.05472518,0.0036072957,0.26952904,0.0103321485,null,null,null,null,"TWOGAUSSIANS",8,3.0096118,0.24908851,0.0014719003,0.29799128,0.010114286,0.4712802,0.015863568,0.7518288,0.0030888242,0.306461,0.020200856,0.26951528,0.010334872
375316653866487564,5818055268615435136,0.47902015,2212.934458568326,1.3579136065508546,1.7723503E-5,17.306938,0.0050604953,0.24948664,0.00425606,0.04985207,0.0054975366,0.18765877,0.018810103,0.75324667,0.010575627,0.032433987,0.009208708,0.08345166,0.018527819,0.03134639,0.008678369,0.24948664,0.00425606,"TWOGAUSSIANS_WITH_ELLIPSOIDAL_ON_ECLIPSE1",9,24.175415,0.24948664,0.00425606,0.2791716,0.030786207,0.2503509,0.014238269,0.75324667,0.010563724,0.18163033,0.051568765,0.1461088,0.0210398
375316653866487564,5818055818363324416,0.5345237,2218.960730437703,4.7290570135803325,6.703404E-6,19.570816,0.006248517,0.25234237,0.0034413983,0.066303186,0.0038505995,0.31530562,0.013940898,0.74619836,0.003509617,0.07016277,0.003683317,0.3025341,0.009810512,null,null,null,null,"TWOGAUSSIANS",8,1.0886325,0.25234237,0.0034413983,0.37129784,0.021563359,0.31466985,0.013932151,0.74619836,0.003509617,0.39291155,0.019919144,0.30189833,0.009694882
375316653866487564,5818056466890796928,0.45407218,2223.1963709813876,0.892410612914302,2.8412172E-5,18.948957,0.009231279,0.27770832,0.037736148,0.054369703,0.04145608,0.083031304,0.018219491,0.7947313,0.002240508,0.015332604,0.0021335839,0.398324,0.060309168,null,null,null,null,"TWOGAUSSIANS",8,6.766985,0.7947313,0.002240508,0.085862584,0.01194807,0.398324,0.060309056,0.27770832,0.037736148,0.30447033,0.15090537,0.083031304,0.018219484
375316653866487564,5818057330199872384,0.5528649,2194.306478874584,3.69832863189619,7.0974215E-6,18.627094,0.014174205,0.27973953,0.00441384,0.041799497,0.013157252,0.10041248,0.02627955,0.7731963,0.0046822606,0.045861103,0.0072736824,0.20362753,0.023105502,0.118946165,0.015043167,0.27973953,0.00441384,"TWOGAUSSIANS_WITH_ELLIPSOIDAL_ON_ECLIPSE1",9,5.237216,0.7742563,0.003484155,0.25682217,0.04073262,0.44118264,0.014202163,0.27973953,0.00441384,0.23407717,0.07368062,0.33830425,0.01096906
375316653866487564,5818057708160001792,0.6021971,2199.733880351867,2.5080995032693147,3.861415E-6,16.288351,0.005871669,0.24859978,0.0013542814,0.09370716,0.0028363569,0.40137106,0.007670299,0.74828875,0.0011227577,0.088972576,0.0018770483,0.46117297,0.0072501902,null,null,null,null,"TWOGAUSSIANS",8,16.148027,0.74828875,0.0011227577,0.4,0.0,0.44100004,0.0065176007,0.24859978,0.0013542814,0.4,0.0,0.38119775,0.0086941
375316653866487564,5818059494855698048,0.4766398,2205.46378571103,1.5858069992747779,1.9636256E-5,18.13773,0.0068087056,0.218245,0.022095285,0.030728707,0.03468994,0.078059606,0.066984534,0.71352834,0.0023628501,0.03822927,0.0037893362,0.30026415,0.05067184,0.022775946,0.009694669,0.218245,0.022095285,"TWOGAUSSIANS_WITH_ELLIPSOIDAL_ON_ECLIPSE1",9,8.218818,0.7136083,0.002196888,0.21408391,0.021220282,0.34577665,0.049601838,0.218245,0.022095285,0.17208077,0.19426368,0.12361141,0.07353781
375316653866487564,5818060147698559104,0.7332822,2233.9102574716444,0.28627628289646423,1.5541485E-6,14.037867,3.9476002E-4,0.23752156,0.0025148345,0.011481156,0.0013055563,0.5370749,0.056404002,0.7373953,3.551818E-4,0.0113200955,3.4016155E-4,0.5608818,0.010205026,null,null,null,null,"TWOGAUSSIANS",8,11.667501,0.7373953,3.551818E-4,0.063392535,0.0019049047,0.5608818,0.010205026,0.23752156,0.0025148345,0.06429447,0.007311115,0.5370749,0.056404002
375316653866487564,5818060761855661440,0.5136471,2218.5830997805638,2.5649999188702917,7.5681432E-6,19.116917,0.006422752,0.22337718,0.0015935963,0.05184694,0.0023637128,0.46008113,0.016922284,0.7219479,0.004297435,0.055717688,0.005329575,0.19766174,0.013428378,null,null,null,null,"TWOGAUSSIANS",8,3.899312,0.22337718,0.0015935963,0.29034287,0.013236792,0.46006984,0.0169247,0.7219479,0.004297435,0.31201905,0.02984562,0.19765046,0.013431389
375316653866487564,5818061934404686848,0.6049029,2220.4423963131944,2.9372264909845276,3.7221666E-6,18.009907,0.0044906437,0.2564001,0.0012429995,0.08508671,0.0019183544,0.31869963,0.0048345933,0.7555416,0.0029990193,0.087898925,0.0037531373,0.28847733,0.009930276,null,null,null,null,"TWOGAUSSIANS",8,1.9566281,0.2564001,0.0012429995,0.4,0.0,0.30954045,0.0038374036,0.7555416,0.0029990193,0.4,0.0,0.27931812,0.010517411
375316653866487564,5818062140563171456,0.58285385,2244.168045946013,2.400760963363713,6.050172E-6,16.218714,0.006191534,0.32510605,0.0024950127,0.06938814,0.016616412,0.050133616,0.0132978335,0.8460586,0.0035031287,0.03847124,0.0045298636,0.06823149,0.013397614,0.08357967,0.0075706257,0.32510605,0.0024950127,"TWOGAUSSIANS_WITH_ELLIPSOIDAL_ON_ECLIPSE1",9,13.941942,0.8460586,0.0035031287,0.21543893,0.025367236,0.2324347,0.0039851605,0.32510605,0.0024950127,0.38857362,0.07429722,0.21721724,0.006672615
375316653866487564,5818062484160598784,0.4867029,2233.6578562165246,1.6018155790773727,1.3184902E-5,17.772978,0.005895654,0.50378287,0.009585555,0.016364297,0.0072262455,0.78266144,13.425058,0.6850863,0.003683517,0.007884291,0.003937092,1.0986719,102.062,null,null,null,null,"TWOGAUSSIANS",8,30.261267,0.6850863,0.003683517,0.04415203,0.022047717,1.0986719,102.062,0.50378287,0.009585555,0.09164006,0.040466975,0.78266144,13.425058
375316653866487564,5818063480593158656,0.4820016,2254.8963292900035,3.6847978788767493,1.0734118E-5,18.580389,0.7829283,0.27267238,0.007820349,0.20560598,0.11188413,0.6185619,0.75867724,0.7623372,0.012751628,0.16286583,0.05383303,0.59140015,0.59490764,null,null,null,null,"TWOGAUSSIANS",8,2.612109,0.7623372,0.012751628,0.4,0.0,0.1955957,0.014648873,0.2757924,0.004209424,0.4,0.0,0.16892199,0.007298508
375316653866487564,5818064408306001024,0.6020075,2286.1499805937015,2.438840470063958,6.209342E-6,17.168756,0.011098532,0.28023928,0.0022610235,0.04613287,0.0030124222,0.48072425,0.034047987,0.77698296,0.0024721255,0.047246985,0.0042915395,0.25497463,0.026698174,0.09394642,0.016388698,0.28023928,0.0022610235,"TWOGAUSSIANS_WITH_ELLIPSOIDAL_ON_ECLIPSE1",9,22.226534,0.28023928,0.0022610235,0.25834405,0.016869565,0.6686164,0.020103324,0.777353,0.002083329,0.2645831,0.02403262,0.4427972,0.01262874
375316653866487564,5818064885027288576,0.52005273,2255.6525173335567,3.5212339714427796,5.98634E-6,19.753603,0.006596844,0.28544787,0.0024311666,0.047323372,0.0021372722,0.67547596,0.084558114,0.78123546,0.002364117,0.04209211,0.0026007278,0.56239057,0.035314675,null,null,null,null,"TWOGAUSSIANS",8,1.687114,0.28544787,0.0024311666,0.26501086,0.0119687235,0.6754758,0.08455818,0.78123546,0.002364117,0.23571584,0.0145640755,0.56239045,0.035314787
375316653866487564,5818065576537291008,0.46985376,2245.889907275618,3.927131004870917,1.4889525E-5,16.609983,0.0032005128,null,null,null,null,null,null,null,null,null,null,null,null,0.06295169,0.005415223,0.24157442,0.0037052636,"ELLIPSOIDAL",4,31.18681,null,null,null,null,null,null,null,null,null,null,null,null
375316653866487564,5818065881459485184,0.45891288,2238.0776955345214,3.403666908256102,2.231639E-5,19.389908,0.014744899,0.18863827,0.008063686,0.09986423,0.016635252,0.16755496,0.026824458,0.68722475,0.0074445126,0.07489481,0.011797152,0.1817378,0.022127308,null,null,null,null,"TWOGAUSSIANS",8,3.0765638,0.68722475,0.0074445126,0.4,0.014894206,0.17615014,0.021557398,0.18863827,0.008063686,0.4,0.0,0.1619661,0.028239693
375316653866487564,5818066538609989376,0.5808351,2248.3543843888933,2.9255936327337446,6.3067737E-6,16.57843,0.005827894,0.21775308,0.0021157374,0.08139382,0.002814095,0.3887776,0.007779426,0.7156094,0.0014637503,0.08024417,0.0025926274,0.39168754,0.009898039,null,null,null,null,"TWOGAUSSIANS",8,19.528883,0.7156094,0.0014637503,0.4,0.0,0.38542616,0.010131127,0.21775308,0.0021157374,0.4,0.0,0.38251626,0.0076496108
375316653866487564,5818068840712561024,0.57222426,2280.2835277325144,1.5307385715059625,8.413341E-6,14.910563,0.004394334,0.15037483,0.009668155,0.038908243,0.005750515,0.2132515,0.034492347,0.64645386,0.0016672045,0.041560784,0.0014297486,0.72403353,0.029319923,null,null,null,null,"TWOGAUSSIANS",8,342.22253,0.64645386,0.0016672045,0.23274039,0.008006592,0.72403353,0.029319923,0.15037483,0.009668155,0.21788616,0.032202885,0.2132515,0.03449235
375316653866487564,5818070730490504448,0.53718245,2225.662522809265,4.111561471097733,1.0318249E-5,18.880753,0.015660815,0.26211643,0.0027923116,0.10334531,0.008131392,0.24167168,0.014178282,0.7651074,0.004267191,0.09808695,0.0068355706,0.27583382,0.016735937,null,null,null,null,"TWOGAUSSIANS",8,1.5792711,0.7651074,0.004267191,0.4,0.0,0.25304863,0.011219559,0.26211643,0.0027923116,0.4,0.0,0.21888371,0.0067799552
375316653866487564,5818071039735782912,0.4151851,2222.562240152039,1.392737498925377,4.9948092E-5,16.951235,0.013007974,0.1764831,0.018085876,0.06227105,0.038248226,0.06879924,0.021842705,0.7291976,0.015965352,0.09067376,0.018769352,0.11844746,0.020266252,null,null,null,null,"TWOGAUSSIANS",8,104.795395,0.7291976,0.015965352,0.4,0.0,0.118175186,0.019682739,0.1764831,0.018078186,0.3487179,0.12985894,0.06852759,0.022957722
375316653866487564,5818071348966143360,0.51243275,2198.0270493584367,3.972199190359971,6.1811843E-6,19.860819,0.010939089,0.2972565,0.0020611412,0.061946295,0.0037276358,0.6583259,0.046562262,0.7967492,0.0056132823,0.07275205,0.0049038315,0.5320002,0.050776474,null,null,null,null,"TWOGAUSSIANS",8,1.8273607,0.2972565,0.0020611412,0.34689927,0.02087476,0.6571525,0.046865255,0.7967492,0.0056132823,0.4,0.0055711074,0.53082675,0.050950814
375316653866487564,5818071482096676096,0.6166787,2195.622369636515,3.1835653998927653,4.103641E-6,18.879108,0.0103827035,0.26279438,0.0010996496,0.05670317,0.0027388749,0.3787942,0.023028273,0.76617,0.0024883093,0.052072298,0.0030586126,0.3195681,0.024078008,0.12009117,0.013442863,0.26279438,0.0010996496,"TWOGAUSSIANS_WITH_ELLIPSOIDAL_ON_ECLIPSE1",9,2.098075,0.26279438,0.0010996496,0.31753775,0.015337699,0.61895025,0.01143144,0.76617,0.0024883093,0.29160488,0.017128231,0.55961615,0.008210788
375316653866487564,5818073204399412096,0.6098014,2207.618516922915,0.22730904535092117,3.924574E-6,16.27891,5.694488E-4,0.30845216,6.44062E-4,0.0061321966,2.0662874E-4,0.43242115,0.0315427,0.5158393,0.03419545,0.08080257,0.01654665,0.0067126355,0.0016290728,null,null,null,null,"TWOGAUSSIANS",8,2.1962519,0.30845216,6.44062E-4,0.034340303,0.0011571209,0.43267033,0.031581867,0.5158393,0.03419545,0.4,0.0,0.0067126355,0.0016290712
375316653866487564,5818074166472195456,0.6195613,2207.5294528722898,1.7352884657587604,3.7596787E-6,16.152739,0.0060553434,0.2689301,0.001280384,0.10300645,0.0037815864,0.19607015,0.0056718094,0.75926995,0.0012323818,0.099602915,0.0037193024,0.20994046,0.005256621,null,null,null,null,"TWOGAUSSIANS",8,4.9557204,0.75926995,0.0012323818,0.4,0.0,0.1928104,0.0037369558,0.2689301,0.001280384,0.4,0.0,0.17893836,0.0043449323
375316653866487564,5818074510062680832,0.44349775,2231.4078380897213,0.13331320722465026,2.6037678E-6,18.876995,0.006197637,0.39674237,1.16628995E-4,0.0040855077,3.4452399E-4,2.1448333,0.95721203,0.81691825,0.024952974,0.029606786,0.01614942,0.079334676,0.046312924,0.015139919,0.0088101,0.81691825,0.024952974,"TWOGAUSSIANS_WITH_ELLIPSOIDAL_ON_ECLIPSE2",9,11.556094,0.39674237,1.16628995E-4,0.022878844,0.0019293344,2.168114,0.9579849,0.81691825,0.024952974,0.165798,0.09043676,0.109614484,0.046391185
375316653866487564,5818075162904632576,0.4980979,2222.6256967390727,3.612326467046414,1.4352085E-5,17.239746,0.09760302,0.24496607,0.0055219117,0.11759845,0.027507218,0.16880319,0.09103754,0.75730306,0.0053399075,0.13505003,0.039776113,0.17228122,0.0956536,null,null,null,null,"TWOGAUSSIANS",8,8.659846,0.75737303,0.005226577,0.4,0.0,0.128783,0.006786868,0.24470608,0.005104193,0.4,0.0,0.1256446,0.00856836
375316653866487564,5818075506504758400,0.59873253,2228.9860648521103,2.839728431372815,3.479035E-6,17.474773,0.0068971766,0.15665591,0.0012465832,0.051913515,0.0034485906,0.16507374,0.015344317,0.65364796,0.002014791,0.06831442,0.0041006235,0.2253307,0.015177936,0.05634639,0.008828473,0.15665591,0.0012465832,"TWOGAUSSIANS_WITH_ELLIPSOIDAL_ON_ECLIPSE1",9,4.939625,0.65411794,0.0017022748,0.38256076,0.02296349,0.3377596,0.008008792,0.15665591,0.0012465832,0.2907157,0.019312108,0.27753666,0.005664892
375316653866487564,5818075643941123200,0.41616505,2203.4355629858555,0.8480637147377531,7.9362464E-5,18.022741,0.05551635,0.28596553,0.0141804535,0.11831513,0.043593664,0.1526443,0.051502712,0.79933023,0.016362507,0.08186991,0.032023795,0.19881861,0.04904961,null,null,null,null,"TWOGAUSSIANS",8,55.093266,0.79935026,0.016327158,0.4,0.0,0.1864845,0.03070344,0.28596553,0.0141804535,0.4,0.0,0.14026536,0.020107321
375316653866487564,5818076807856539264,0.5127856,2237.8531892833053,3.62878343360443,9.339834E-6,18.77614,0.017184272,0.31768095,0.0036819489,0.09114125,0.0069258716,0.2802318,0.01672668,0.7999614,0.0030081675,0.09027554,0.008057393,0.27321213,0.014963409,null,null,null,null,"TWOGAUSSIANS",8,3.5392504,0.31768095,0.0036819489,0.4,0.0,0.27079928,0.012375813,0.7999614,0.0030081675,0.4,0.0,0.26377967,0.0110776955
375316653866487564,5818079148634166784,0.646271,2235.69408893705,2.8653051069018645,3.7144555E-6,16.598293,0.0062591843,0.17917708,9.1578317E-4,0.04129112,0.0024948758,0.48404008,0.016513295,0.6800228,0.0016295053,0.042999897,0.0021824995,0.49738273,0.022465687,0.15149896,0.008433821,0.17917708,9.1578317E-4,"TWOGAUSSIANS_WITH_ELLIPSOIDAL_ON_ECLIPSE1",9,24.441963,0.6800228,0.0016295053,0.24079941,0.012221998,0.80037135,0.02141456,0.17917708,9.1578317E-4,0.23123027,0.0139713045,0.7870372,0.014363185
375316653866487564,5818080041987556480,0.5137598,2251.1868559149193,3.0746078113682374,8.562153E-6,17.853724,0.010582727,0.2925704,0.0029713712,0.09565913,0.00653771,0.24109738,0.010420824,0.80112886,0.0044405437,0.07777482,0.00991994,0.1755576,0.010745378,null,null,null,null,"TWOGAUSSIANS",8,7.44766,0.2925704,0.0029713712,0.4,0.0,0.23544851,0.009180506,0.80112886,0.0044405437,0.4,0.0,0.16990934,0.010699541
375316653866487564,5818080694822585088,0.4945475,2204.375577685674,3.3101809295092095,1.191698E-5,18.391098,0.03653867,0.24767704,0.0050561554,0.10351038,0.010659865,0.4434831,0.038309596,0.7391674,0.004551684,0.093865685,0.011830724,0.3572206,0.03213132,null,null,null,null,"TWOGAUSSIANS",8,16.045744,0.24767704,0.0050561554,0.4,0.0,0.41455936,0.030459382,0.7391674,0.004551684,0.4,0.0,0.32830447,0.01605553
375316653866487564,5818081485096516096,0.5922195,2253.9954532143693,3.302634521298073,5.9882022E-6,17.038754,0.00498119,0.23403701,0.0026712746,0.08353241,0.00369293,0.26292887,0.010420756,0.7326964,0.0017146085,0.08783992,0.0035543132,0.29454073,0.0066676433,null,null,null,null,"TWOGAUSSIANS",8,6.953422,0.7326964,0.0017146085,0.4,0.0,0.28682113,0.0070016584,0.23403701,0.0026712746,0.4,0.0,0.25520933,0.010874777
375316653866487564,5818083718479760640,0.5887599,2229.5077386476887,1.1630689709189104,6.4146907E-6,17.294195,0.0018589987,0.2599786,9.4980985E-4,0.03148935,0.0010522815,0.45263463,0.017656883,0.75950855,0.0037068094,0.032604624,0.0033542877,0.1170349,0.0081677,0.019857645,0.002884391,0.2599786,9.4980985E-4,"TWOGAUSSIANS_WITH_ELLIPSOIDAL_ON_ECLIPSE1",9,5.192436,0.2599786,9.4980985E-4,0.17634036,0.0058927764,0.49234992,0.018127,0.75951856,0.003649256,0.18258588,0.01878401,0.15674984,0.007680609
