Gaia/vari_eclipsing_binary/VariEclipsingBinary_677254-677274.csv
# %ECSV 1.0
# ---
# delimiter: ','
# meta: !!omap
# - RELEASE: Gaia DR3
# - TABLE: vari_eclipsing_binary
# - DESCRIPTION: >
#     This table describes the properties of the eclipsing binaries resulting from the variability analysis. 
# - CITATION: >
#     How to cite and acknowledge Gaia: 
#     https://gea.esac.esa.int/archive/documentation/credits.html 
# - KNOWN_ISSUES: >
#     Known issues: 
#     https://www.cosmos.esa.int/web/gaia-users/known-issues 
# - DOCUMENTATION: >
#     Tutorials and documentation: 
#     https://www.cosmos.esa.int/web/gaia-users/archive 
# datatype:
# - 
#   name: solution_id
#   datatype: int64
#   description: Solution Identifier
#   meta:
#     ucd: meta.version
# - 
#   name: source_id
#   datatype: int64
#   description: Unique source identifier
#   meta:
#     ucd: meta.id;meta.main
# - 
#   name: global_ranking
#   datatype: float32
#   description: Number between 0 (worst) and 1 (best)
#   meta:
#     ucd: stat.param
# - 
#   name: reference_time
#   datatype: float64
#   unit: d
#   description: Reference time used for the geometric model fit
#   meta:
#     ucd: time.epoch
# - 
#   name: frequency
#   datatype: float64
#   unit: d**-1
#   description: Frequency of geometric model of the eclipsing binary light curve
#   meta:
#     ucd: src.orbital
# - 
#   name: frequency_error
#   datatype: float32
#   unit: d**-1
#   description: "Uncertainty of \\texttt{frequency}"
#   meta:
#     ucd: stat.error
# - 
#   name: geom_model_reference_level
#   datatype: float32
#   unit: mag
#   description: Magnitude reference level of geometric model
#   meta:
#     ucd: phot.mag;em.opt
# - 
#   name: geom_model_reference_level_error
#   datatype: float32
#   unit: mag
#   description: "Uncertainty of \\texttt{geomModelReferenceLevel}"
#   meta:
#     ucd: stat.error;phot.mag;em.opt
# - 
#   name: geom_model_gaussian1_phase
#   datatype: float32
#   description: Phase of the Gaussian 1 component
#   meta:
#     ucd: time.phase
# - 
#   name: geom_model_gaussian1_phase_error
#   datatype: float32
#   description: "Uncertainty of \\texttt{geomModelGaussian1Phase}"
#   meta:
#     ucd: stat.error;time.phase
# - 
#   name: geom_model_gaussian1_sigma
#   datatype: float32
#   description: "Standard deviation [phase] of Gaussian 1 component"
#   meta:
#     ucd: stat.stdev
# - 
#   name: geom_model_gaussian1_sigma_error
#   datatype: float32
#   description: "Uncertainty of \\texttt{geomModelGaussian1Sigma}"
#   meta:
#     ucd: stat.error
# - 
#   name: geom_model_gaussian1_depth
#   datatype: float32
#   unit: mag
#   description: Magnitude depth of Gaussian 1 component
#   meta:
#     ucd: src.var.amplitude
# - 
#   name: geom_model_gaussian1_depth_error
#   datatype: float32
#   unit: mag
#   description: "Uncertainty of \\texttt{geomModelGaussian1Depth}"
#   meta:
#     ucd: stat.error;src.var.amplitude
# - 
#   name: geom_model_gaussian2_phase
#   datatype: float32
#   description: Phase of Gaussian 2 component
#   meta:
#     ucd: time.phase
# - 
#   name: geom_model_gaussian2_phase_error
#   datatype: float32
#   description: "Uncertainty of \\texttt{geomModelGaussian2Phase}"
#   meta:
#     ucd: stat.error;time.phase
# - 
#   name: geom_model_gaussian2_sigma
#   datatype: float32
[...]
#   datatype: float32
#   description: "Secondary eclipse: uncertainty of \\texttt{derivedSecondaryEclDuration}"
#   meta:
#     ucd: stat.error;time.duration
# - 
#   name: derived_secondary_ecl_depth
#   datatype: float32
#   unit: mag
#   description: "Secondary eclipse: depth"
#   meta:
#     ucd: src.var.amplitude
# - 
#   name: derived_secondary_ecl_depth_error
#   datatype: float32
#   unit: mag
#   description: "Secondary eclipse: uncertainty of \\texttt{derivedSecondaryEclDepth}"
#   meta:
#     ucd: stat.error;src.var.amplitude
solution_id,source_id,global_ranking,reference_time,frequency,frequency_error,geom_model_reference_level,geom_model_reference_level_error,geom_model_gaussian1_phase,geom_model_gaussian1_phase_error,geom_model_gaussian1_sigma,geom_model_gaussian1_sigma_error,geom_model_gaussian1_depth,geom_model_gaussian1_depth_error,geom_model_gaussian2_phase,geom_model_gaussian2_phase_error,geom_model_gaussian2_sigma,geom_model_gaussian2_sigma_error,geom_model_gaussian2_depth,geom_model_gaussian2_depth_error,geom_model_cosine_half_period_amplitude,geom_model_cosine_half_period_amplitude_error,geom_model_cosine_half_period_phase,geom_model_cosine_half_period_phase_error,model_type,num_model_parameters,reduced_chi2,derived_primary_ecl_phase,derived_primary_ecl_phase_error,derived_primary_ecl_duration,derived_primary_ecl_duration_error,derived_primary_ecl_depth,derived_primary_ecl_depth_error,derived_secondary_ecl_phase,derived_secondary_ecl_phase_error,derived_secondary_ecl_duration,derived_secondary_ecl_duration_error,derived_secondary_ecl_depth,derived_secondary_ecl_depth_error
[from data line 626]
375316653866487564,5957357374610948864,0.4890284,2385.693200776627,3.629378323838629,2.7989498E-5,19.22065,0.0059593967,0.25399178,0.0071523488,0.045112,0.0144470865,0.038403783,0.02272271,null,null,null,null,null,null,0.09721011,0.007243295,0.25399178,0.0071523488,"ONEGAUSSIAN_WITH_ELLIPSOIDAL",6,3.4680545,0.25399178,0.0071523488,0.2526272,0.08090369,0.232824,0.024699962,null,null,null,null,null,null
375316653866487564,5957357481985796992,0.42923293,2424.7062725648066,2.1704708728779463,9.75408E-5,17.596859,0.028512323,0.2054219,0.048822735,0.08422076,0.08184584,0.05183087,0.051499005,0.6310654,0.020608615,0.07015558,0.047420565,0.028932339,0.02782377,null,null,null,null,"TWOGAUSSIANS",8,2.653613,0.2054219,0.048799843,0.4,0.18805258,0.051752828,0.049484044,0.6310654,0.020608615,0.39287126,0.12044817,0.028854445,0.020407597
375316653866487564,5957357722504413056,0.48729318,2384.4396036117378,2.867978535424487,2.0402136E-5,18.729527,0.0033700026,null,null,null,null,null,null,null,null,null,null,null,null,0.07022616,0.0047386666,0.2381297,0.005384237,"ELLIPSOIDAL",4,3.745502,null,null,null,null,null,null,null,null,null,null,null,null
375316653866487564,5957358100468571776,0.5373602,2379.4885151133985,3.4982961810110575,1.15254425E-5,17.968792,0.015275236,0.2856028,0.0058370656,0.08866313,0.00946563,0.3137838,0.028377693,0.76968956,0.0034673586,0.08997246,0.0070502674,0.2848745,0.015555776,null,null,null,null,"TWOGAUSSIANS",8,8.78506,0.2856028,0.0058370656,0.4,0.0,0.3045533,0.029469889,0.76968956,0.0034673586,0.4,0.0,0.27564397,0.013374832
375316653866487564,5957358164884914176,0.49077317,2385.1414824693857,4.271768312236961,1.5741485E-5,18.138811,0.0069408347,0.33893457,0.003513057,0.021169817,0.0033690985,0.44576094,0.39486584,0.873305,0.032372616,0.03765703,0.024614498,0.22980084,0.15699252,null,null,null,null,"TWOGAUSSIANS",8,11.124058,0.33893457,0.003513057,0.11855097,0.01886695,0.44576094,0.39486584,0.873305,0.032372616,0.21087937,0.1378412,0.22980084,0.15699252
375316653866487564,5957358340986848640,0.58490855,2428.4022080142236,3.016472664306111,2.662465E-5,15.954037,0.013716319,0.2911734,0.002793859,0.051135134,0.0074152844,0.14947636,0.03255374,0.78837025,0.0026338315,0.0440006,0.0053086737,0.25294894,0.061556973,0.0905762,0.017791996,0.2911734,0.002793859,"TWOGAUSSIANS_WITH_ELLIPSOIDAL_ON_ECLIPSE1",9,53.43695,0.7886503,0.0025123404,0.24640335,0.029728573,0.4340496,0.04330646,0.2911734,0.002793859,0.28635675,0.041525595,0.33062768,0.0110027315
375316653866487564,5957358581545768192,0.60378087,2363.8889324858033,0.7550853581417218,1.1133819E-5,17.187801,0.0051413868,0.25430083,0.0038569595,0.030564625,0.0060636923,0.10791004,0.03338266,0.7542438,0.036331777,0.03207005,0.01718623,0.64656895,0.25305024,0.015028964,0.0075154044,0.25430083,0.0038569595,"TWOGAUSSIANS_WITH_ELLIPSOIDAL_ON_ECLIPSE1",9,8.021783,0.7542438,0.036127344,0.17959227,0.09624288,0.6766268,0.25009015,0.25430083,0.0038569595,0.1711619,0.033956677,0.13796791,0.033367164
375316653866487564,5957359028211960192,0.42418274,2425.537784098141,0.15185308450526416,8.50193E-5,18.700304,0.122027285,0.21824591,0.0048384476,0.04748578,0.010199571,0.28157464,0.12710479,0.7277086,0.012525754,0.22185075,0.12291278,0.14256775,0.11326126,null,null,null,null,"TWOGAUSSIANS",8,4.556067,0.21810591,0.0048403754,0.26592037,0.0571176,0.26236847,0.13565376,0.7277086,0.012525754,0.4,0.0,0.10079432,0.015042225
375316653866487564,5957359440528838656,0.5057005,2411.4248979074023,2.9856575481559418,1.8315834E-5,13.912322,0.2847017,0.3162499,0.0061544124,0.12931113,0.025001023,0.2550554,0.16653475,0.8093204,0.0061378973,0.20335732,0.103593804,0.2642057,0.28290144,null,null,null,null,"TWOGAUSSIANS",8,90.65897,0.3180499,0.004974711,0.4,0.0,0.12346985,0.010092671,0.8093204,0.0061378973,0.4,0.0,0.10710479,0.006785834
375316653866487564,5957359509217895808,0.45186377,2444.3192671292823,2.647898632383611,5.2164996E-6,18.92217,0.022686588,0.1906792,0.0014917351,0.17172906,0.016171563,0.53847057,0.02794756,0.68365365,0.0022178895,0.21006244,0.021561485,0.635468,0.03707774,null,null,null,null,"TWOGAUSSIANS",8,2.5738583,0.68365365,0.0022178895,0.4,0.0,0.16365643,0.0039326604,0.1960492,0.001623859,0.4,0.0,0.12614627,0.0036067541
375316653866487564,5957359642328059392,0.6470324,2389.8126057896034,3.5597961617435563,4.108756E-6,17.970743,0.0135012735,0.26437336,0.0012118218,0.047243956,0.003468173,0.48546007,0.024921931,0.7613477,0.020292768,0.04307612,0.013644477,0.4265765,0.073799565,0.131367,0.018092096,0.26437336,0.0012118218,"TWOGAUSSIANS_WITH_ELLIPSOIDAL_ON_ECLIPSE1",9,3.8584936,0.26437336,0.0012118218,0.26456615,0.01942177,0.74819344,0.020911489,0.7615977,0.019311337,0.24122627,0.07640907,0.68922275,0.05660281
375316653866487564,5957359646650243712,0.485684,2397.0034872760452,0.10739836399919273,6.630676E-5,17.75372,0.002721207,0.20012723,0.07385119,0.059188467,0.046210516,0.17482872,19.608307,0.6347947,0.00915165,0.06302723,0.0104424665,0.040042758,0.006995196,null,null,null,null,"TWOGAUSSIANS",8,1.4784667,0.20012723,0.07385119,0.3314554,0.25877887,0.17482509,19.608313,0.6347947,0.00915165,0.35295248,0.05847781,0.040039122,0.006994489
375316653866487564,5957359745407296256,0.58176875,2410.997036891847,2.3840319442964706,9.621966E-6,16.698256,0.0100084655,0.23116265,0.0030240945,0.053273898,0.013414038,0.09603872,0.02201477,0.7317431,0.0039261687,0.039384335,0.0065343697,0.1291905,0.022148315,0.09995187,0.013309337,0.23116265,0.0030240945,"TWOGAUSSIANS_WITH_ELLIPSOIDAL_ON_ECLIPSE1",9,18.039541,0.7317431,0.0038273488,0.22055227,0.03659247,0.32908976,0.011584487,0.23116265,0.0030240945,0.29833382,0.075118616,0.29594064,0.011158263
375316653866487564,5957360020302454528,0.53699654,2397.7959157086852,2.5319858108737883,1.648929E-5,18.879932,0.014153103,0.27445096,0.0043903743,0.07888057,0.0046772384,0.43126544,0.030808978,0.7826861,0.0045319013,0.07765003,0.0062094047,0.43800643,0.01883247,null,null,null,null,"TWOGAUSSIANS",8,5.8866286,0.7826861,0.0045319013,0.4,0.0,0.43354025,0.018530084,0.27445096,0.0043903743,0.4,0.0,0.42679927,0.030502725
375316653866487564,5957360162046494208,0.5562471,2406.0008252852253,3.0746039967803243,1.1492688E-5,19.376417,0.014606447,0.27586508,0.0049605435,0.071502164,0.00487559,0.5443732,0.03280148,0.7863056,0.0040666074,0.07439569,0.0050138077,0.46794665,0.019175967,null,null,null,null,"TWOGAUSSIANS",8,3.0913625,0.27586508,0.0049605435,0.4,0.015091801,0.5421588,0.032557756,0.7863056,0.0040666074,0.4,0.0,0.4657322,0.018672375
375316653866487564,5957360501338827008,0.5175363,2397.18455714386,1.142938424785664,2.9528863E-5,18.654324,0.007195427,0.25369224,0.004745195,0.051854134,0.004950443,0.23106338,0.01958385,0.7520814,0.018344738,0.08094505,0.029540643,0.04716607,0.011688183,null,null,null,null,"TWOGAUSSIANS",8,1.9546114,0.25369224,0.004745195,0.29038316,0.02772248,0.23093157,0.019626424,0.7520814,0.018344738,0.4,0.036790438,0.047034264,0.011758777
375316653866487564,5957360986717114240,0.446017,2358.061536542373,4.066267826711442,2.801394E-5,19.71732,0.055231765,0.2994377,0.024294775,0.06990411,0.029587103,0.2382869,0.067096755,0.7969188,0.0119536845,0.116164714,0.0334506,0.2179972,0.051877726,null,null,null,null,"TWOGAUSSIANS",8,4.590161,0.2994377,0.024579156,0.39146304,0.054521814,0.22700907,0.03710393,0.7969188,0.0119536845,0.4,0.0,0.20667782,0.03585673
375316653866487564,5957361325955193216,0.5817708,2369.622368782668,1.1361675407192633,8.73948E-6,15.471395,0.018750377,0.23030265,0.0032681178,0.11939191,0.01198022,0.14127709,0.01749764,0.6989087,0.0034063698,0.11970417,0.009149229,0.21340857,0.01710097,null,null,null,null,"TWOGAUSSIANS",8,9.2915745,0.6989087,0.0034063698,0.4,0.0,0.1842471,0.005452053,0.23059265,0.0031980819,0.4,0.0,0.112156734,0.005672316
375316653866487564,5957361325955216896,0.5031142,2397.0870844875963,0.727494653020028,1.0299674E-6,18.079418,0.0029116683,0.29840684,1.228084E-6,9.5741724E-4,9.40612E-6,1.0703914,0.016044516,null,null,null,null,null,null,null,null,null,null,"ONEGAUSSIAN",5,5.684161,0.29840684,1.228084E-6,0.0053615365,5.267427E-5,1.0703914,0.0,null,null,null,null,null,null
375316653866487564,5957361360332068480,0.50977856,2390.0180324811727,3.4860377132508744,1.1915394E-5,18.994873,0.027067961,0.269685,0.006970133,0.102362186,0.017260397,0.23154826,0.023576183,0.78024757,0.0059277047,0.1049118,0.012901237,0.28372392,0.022675797,null,null,null,null,"TWOGAUSSIANS",8,2.5058928,0.78024757,0.005927408,0.4,0.0,0.25904232,0.017662741,0.269675,0.006977225,0.4,0.0,0.2068706,0.010759516
375316653866487564,5957361433357414656,0.52057475,2376.943748494968,4.316562622816627,1.1971092E-5,19.607512,0.021810945,0.1814986,0.0028091164,0.0685579,0.0053186575,0.4730149,0.025623882,0.67981017,0.009052188,0.069168955,0.011566311,0.5582431,0.077871315,null,null,null,null,"TWOGAUSSIANS",8,2.9691405,0.67981017,0.009052188,0.38734615,0.037626557,0.5568918,0.078560024,0.1814986,0.0028091164,0.38392428,0.029344795,0.4716636,0.02503331
375316653866487564,5957361880034708352,0.42084727,2389.675376357152,0.730677697597137,4.2527507E-5,19.169468,0.009881324,0.42732,0.004792221,0.022660816,0.0062764413,0.14844029,0.020277958,0.67382777,0.002591022,0.013319207,0.003595361,0.1572724,0.28953505,null,null,null,null,"TWOGAUSSIANS",8,6.6093144,0.67382777,0.002591022,0.07458756,0.02013402,0.1572724,0.28953505,0.42732,0.004792221,0.12690057,0.035148073,0.14844029,0.020277958
375316653866487564,5957361914430157952,0.45974138,2410.8767948941036,0.11302549722221672,6.601052E-5,19.229563,0.023238814,0.34356624,0.025808064,0.11042995,0.021407656,0.15452676,0.026162133,0.7804605,0.0106031615,0.09990821,0.016702002,0.24699156,0.031563543,null,null,null,null,"TWOGAUSSIANS",8,3.249681,0.7804605,0.0106031615,0.4,0.0,0.23640987,0.028800983,0.34362623,0.025774267,0.4,0.0,0.14390048,0.019409124
375316653866487564,5957362292352224896,0.5726328,2395.278343449267,0.6916927840515723,1.7132434E-5,18.158873,0.0047698803,0.28776065,0.0015294664,0.03249558,0.0012544639,1.1315457,0.033649243,0.78765225,0.031845517,0.029867573,0.018148538,0.06690997,0.100200176,null,null,null,null,"TWOGAUSSIANS",8,12.878754,0.28776065,0.0015294664,0.18197526,0.0070249983,1.1315457,0.033649243,0.78765225,0.031845517,0.16725841,0.101631805,0.06690997,0.100200176
375316653866487564,5957362635949576448,0.44779107,2383.531078368349,2.988301267902144,3.9575316E-5,19.355785,0.04058621,0.18750034,0.013514912,0.097103685,0.02399773,0.28522483,0.075600855,0.6770231,0.008298157,0.07463271,0.019073064,0.46613252,0.10485428,null,null,null,null,"TWOGAUSSIANS",8,10.29586,0.6770231,0.008298157,0.4,0.0,0.4577626,0.1196263,0.18750034,0.013514912,0.4,0.0,0.27685377,0.077285975
375316653866487564,5957362670344469376,0.60216653,2366.7326196562894,1.7810008646777924,4.3183836E-6,14.653726,0.0034144402,0.28813797,0.0013166675,0.027880648,0.005170221,0.031247394,0.009560535,0.78322977,0.007859236,0.061487917,0.008855252,0.051294953,0.00842748,0.0661921,0.0045487816,0.28813797,0.0013166675,"TWOGAUSSIANS_WITH_ELLIPSOIDAL_ON_ECLIPSE1",9,18.321405,0.78536975,0.0040411945,0.34433234,0.049589407,0.18359843,0.0053924723,0.28813797,0.0013166675,0.15613164,0.028953237,0.16362196,0.005017707
375316653866487564,5957363288784047104,0.48182106,2418.114796895967,0.4113798349376322,4.167444E-5,16.306778,0.0041806167,0.2670363,0.0060429014,0.0016135126,0.003932399,0.4789312,0.26959962,0.6082194,0.016789043,0.028879534,0.014773035,0.06860592,0.019720905,0.018814169,0.007059924,0.2670363,0.0060429014,"TWOGAUSSIANS_WITH_ELLIPSOIDAL_ON_ECLIPSE1",9,58.302917,0.2670363,0.0060429014,0.009035671,0.022021435,0.51655954,0.2691836,0.6108894,0.017236061,0.1617254,0.082729004,0.07995016,0.018882906
375316653866487564,5957363559364238976,0.4538633,2397.7074832215876,2.493993562958704,2.6823593E-5,19.491018,0.0069959005,null,null,null,null,null,null,null,null,null,null,null,null,0.106117286,0.011306029,0.3258471,0.006364958,"ELLIPSOIDAL",4,3.9721453,null,null,null,null,null,null,null,null,null,null,null,null
375316653866487564,5957363971672384128,0.4577409,2443.1950117742763,0.004187918688943275,4.5095527E-5,18.37423,0.021072559,0.34652743,0.10305706,0.0482871,0.03861356,0.18692115,0.14892997,0.77039397,0.0061011226,0.053083926,0.014056673,0.21606179,0.7439565,0.03997231,0.023617461,0.77039397,0.0061011226,"TWOGAUSSIANS_WITH_ELLIPSOIDAL_ON_ECLIPSE2",9,9.910598,0.77039397,0.0061011226,0.29727,0.07871737,0.29600257,0.7403952,0.3416174,0.105995916,0.27040777,0.21623595,0.25092858,0.18362102
375316653866487564,5957364216497486976,0.47719344,2442.0769159983033,3.4498093725883034,3.7953963E-5,16.330603,0.030130655,0.26951844,0.013368341,0.05907767,0.028831659,0.6941167,0.4163915,0.7806143,0.008312471,0.06313286,0.016167972,0.73374146,0.066289015,null,null,null,null,"TWOGAUSSIANS",8,269.40884,0.7806143,0.008312471,0.353544,0.09054065,0.733514,0.066463135,0.26951844,0.013368341,0.33083495,0.16145729,0.6938893,0.41677132
375316653866487564,5957364418332246016,0.58978164,2368.9584684966094,3.009055416839579,1.0287134E-5,17.405266,0.017235111,0.23648423,0.0043906863,0.05712903,0.006824425,0.44507718,0.043062277,0.73564774,0.0021343604,0.05061034,0.0043788366,0.33645466,0.036004122,0.098566845,0.020267807,0.23648423,0.0043906863,"TWOGAUSSIANS_WITH_ELLIPSOIDAL_ON_ECLIPSE1",9,16.251997,0.23648423,0.0043906863,0.31992257,0.03821678,0.6421781,0.029177036,0.73573774,0.0017969225,0.2834179,0.024521485,0.53355074,0.009428712
375316653866487564,5957364658875907328,0.46460927,2390.658244467065,3.343871015478924,9.651965E-5,19.094727,0.0143395215,0.30941808,0.008012471,0.0931953,0.015051473,0.13452046,0.014349382,0.8100778,0.015422318,0.083103,0.024972035,0.12598783,0.031635325,null,null,null,null,"TWOGAUSSIANS",8,2.0625808,0.30941808,0.008012471,0.4,0.0,0.12990232,0.009834283,0.8100778,0.015422318,0.4,0.0,0.12136984,0.03630458
375316653866487564,5957365178605829632,0.48696736,2348.828276285437,1.5727314883053214,1.4965258E-5,16.948769,0.14173575,0.2666649,0.00559274,0.112546064,0.042612914,0.14552465,0.11748063,0.74922526,0.0086589595,0.13014954,0.084835835,0.1362656,0.13247085,null,null,null,null,"TWOGAUSSIANS",8,13.68871,0.2668849,0.0045179836,0.4,0.0,0.11689165,0.013899817,0.74922526,0.0086589595,0.4,0.0,0.10745954,0.013408069
375316653866487564,5957365212928786048,0.4620224,2393.127087055754,0.09009118590034262,1.1610136E-5,18.95523,0.009407662,0.52394396,6.910235E-4,0.0049959295,5.124477E-4,0.21047369,0.029713469,0.6589251,0.06575787,0.074966714,0.09693206,0.02833624,0.01231191,null,null,null,null,"TWOGAUSSIANS",8,1.7886285,0.523964,6.849658E-4,0.027977204,0.002869707,0.21607687,0.027523736,0.6589251,0.06575787,0.4,0.19330291,0.02833624,0.012311856
375316653866487564,5957365311709589632,0.51248944,2382.771363599886,2.6804210252299936,1.1874062E-5,18.802073,0.013918966,0.25263405,0.0045379074,0.078318186,0.0062393458,0.25653833,0.017334135,0.734356,0.010880206,0.093775146,0.013035419,0.31564552,0.03399942,null,null,null,null,"TWOGAUSSIANS",8,4.595159,0.734356,0.010880206,0.4,0.0,0.30950767,0.035608493,0.25263405,0.0045379074,0.4,0.0,0.2504011,0.015362128
375316653866487564,5957366106319271040,0.45062298,2387.4034345957357,4.393194526275469,5.9483267E-5,18.940845,0.6904989,0.0821496,0.07264676,0.12564285,0.033634383,0.28501508,0.35330105,0.50368476,0.020017272,0.17771402,0.15457864,0.51643765,0.68424577,null,null,null,null,"TWOGAUSSIANS",8,3.4824812,0.50368476,0.020017272,0.4,0.0,0.38801926,0.1258372,0.1131696,0.043114766,0.4,0.0,0.19463316,0.1433169
375316653866487564,5957366273757036800,0.4652715,2390.840743929236,0.19991644575737494,4.7793743E-5,17.95711,0.11109914,0.05588063,0.04786907,0.11184339,0.065845996,0.10121389,0.100087866,0.47270766,0.017752284,0.14058343,0.038170792,0.3717357,0.103066504,null,null,null,null,"TWOGAUSSIANS",8,18.364906,0.47270766,0.017752284,0.4,0.0,0.3439966,0.08530563,0.07188063,0.034196686,0.4,0.03821703,0.07877174,0.04453972
