Gaia/vari_eclipsing_binary/VariEclipsingBinary_378389-378603.csv
# %ECSV 1.0
# ---
# delimiter: ','
# meta: !!omap
# - RELEASE: Gaia DR3
# - TABLE: vari_eclipsing_binary
# - DESCRIPTION: >
#     This table describes the properties of the eclipsing binaries resulting from the variability analysis. 
# - CITATION: >
#     How to cite and acknowledge Gaia: 
#     https://gea.esac.esa.int/archive/documentation/credits.html 
# - KNOWN_ISSUES: >
#     Known issues: 
#     https://www.cosmos.esa.int/web/gaia-users/known-issues 
# - DOCUMENTATION: >
#     Tutorials and documentation: 
#     https://www.cosmos.esa.int/web/gaia-users/archive 
# datatype:
# - 
#   name: solution_id
#   datatype: int64
#   description: Solution Identifier
#   meta:
#     ucd: meta.version
# - 
#   name: source_id
#   datatype: int64
#   description: Unique source identifier
#   meta:
#     ucd: meta.id;meta.main
# - 
#   name: global_ranking
#   datatype: float32
#   description: Number between 0 (worst) and 1 (best)
#   meta:
#     ucd: stat.param
# - 
#   name: reference_time
#   datatype: float64
#   unit: d
#   description: Reference time used for the geometric model fit
#   meta:
#     ucd: time.epoch
# - 
#   name: frequency
#   datatype: float64
#   unit: d**-1
#   description: Frequency of geometric model of the eclipsing binary light curve
#   meta:
#     ucd: src.orbital
# - 
#   name: frequency_error
#   datatype: float32
#   unit: d**-1
#   description: "Uncertainty of \\texttt{frequency}"
#   meta:
#     ucd: stat.error
# - 
#   name: geom_model_reference_level
#   datatype: float32
#   unit: mag
#   description: Magnitude reference level of geometric model
#   meta:
#     ucd: phot.mag;em.opt
# - 
#   name: geom_model_reference_level_error
#   datatype: float32
#   unit: mag
#   description: "Uncertainty of \\texttt{geomModelReferenceLevel}"
#   meta:
#     ucd: stat.error;phot.mag;em.opt
# - 
#   name: geom_model_gaussian1_phase
#   datatype: float32
#   description: Phase of the Gaussian 1 component
#   meta:
#     ucd: time.phase
# - 
#   name: geom_model_gaussian1_phase_error
#   datatype: float32
#   description: "Uncertainty of \\texttt{geomModelGaussian1Phase}"
#   meta:
#     ucd: stat.error;time.phase
# - 
#   name: geom_model_gaussian1_sigma
#   datatype: float32
#   description: "Standard deviation [phase] of Gaussian 1 component"
#   meta:
#     ucd: stat.stdev
# - 
#   name: geom_model_gaussian1_sigma_error
#   datatype: float32
#   description: "Uncertainty of \\texttt{geomModelGaussian1Sigma}"
#   meta:
#     ucd: stat.error
# - 
#   name: geom_model_gaussian1_depth
#   datatype: float32
#   unit: mag
#   description: Magnitude depth of Gaussian 1 component
#   meta:
#     ucd: src.var.amplitude
# - 
#   name: geom_model_gaussian1_depth_error
#   datatype: float32
#   unit: mag
#   description: "Uncertainty of \\texttt{geomModelGaussian1Depth}"
#   meta:
#     ucd: stat.error;src.var.amplitude
# - 
#   name: geom_model_gaussian2_phase
#   datatype: float32
#   description: Phase of Gaussian 2 component
#   meta:
#     ucd: time.phase
# - 
#   name: geom_model_gaussian2_phase_error
#   datatype: float32
#   description: "Uncertainty of \\texttt{geomModelGaussian2Phase}"
#   meta:
#     ucd: stat.error;time.phase
# - 
#   name: geom_model_gaussian2_sigma
#   datatype: float32
[...]
#   datatype: float32
#   description: "Secondary eclipse: uncertainty of \\texttt{derivedSecondaryEclDuration}"
#   meta:
#     ucd: stat.error;time.duration
# - 
#   name: derived_secondary_ecl_depth
#   datatype: float32
#   unit: mag
#   description: "Secondary eclipse: depth"
#   meta:
#     ucd: src.var.amplitude
# - 
#   name: derived_secondary_ecl_depth_error
#   datatype: float32
#   unit: mag
#   description: "Secondary eclipse: uncertainty of \\texttt{derivedSecondaryEclDepth}"
#   meta:
#     ucd: stat.error;src.var.amplitude
solution_id,source_id,global_ranking,reference_time,frequency,frequency_error,geom_model_reference_level,geom_model_reference_level_error,geom_model_gaussian1_phase,geom_model_gaussian1_phase_error,geom_model_gaussian1_sigma,geom_model_gaussian1_sigma_error,geom_model_gaussian1_depth,geom_model_gaussian1_depth_error,geom_model_gaussian2_phase,geom_model_gaussian2_phase_error,geom_model_gaussian2_sigma,geom_model_gaussian2_sigma_error,geom_model_gaussian2_depth,geom_model_gaussian2_depth_error,geom_model_cosine_half_period_amplitude,geom_model_cosine_half_period_amplitude_error,geom_model_cosine_half_period_phase,geom_model_cosine_half_period_phase_error,model_type,num_model_parameters,reduced_chi2,derived_primary_ecl_phase,derived_primary_ecl_phase_error,derived_primary_ecl_duration,derived_primary_ecl_duration_error,derived_primary_ecl_depth,derived_primary_ecl_depth_error,derived_secondary_ecl_phase,derived_secondary_ecl_phase_error,derived_secondary_ecl_duration,derived_secondary_ecl_duration_error,derived_secondary_ecl_depth,derived_secondary_ecl_depth_error
[from data line 447]
375316653866487564,3329262316316326912,0.5491916,2205.67057082824,0.7223924736850871,2.946918E-4,17.461428,0.0073664146,0.27000675,0.0096368985,0.035806865,0.0059220996,0.5213721,0.5363424,0.70519155,0.041528195,0.06876431,0.12913089,0.018109336,0.008558097,null,null,null,null,"TWOGAUSSIANS",8,1.8450371,0.27000675,0.009634916,0.20051844,0.033163756,0.521372,0.53642935,0.70519155,0.041528195,0.3850801,0.033254445,0.01810929,0.009090304
375316653866487564,3329263037870840064,0.72226727,2225.821399696252,0.8367372115476069,2.303846E-6,15.459059,0.0019885486,0.8346261,4.2947067E-4,0.03323858,5.359091E-4,0.58433735,0.007006584,null,null,null,null,null,null,0.01880148,0.0034783252,0.8346261,4.2947067E-4,"ONEGAUSSIAN_WITH_ELLIPSOIDAL",6,7.8770614,0.8346261,4.2947067E-4,0.18613605,0.0030010908,0.6219403,0.005901323,null,null,null,null,null,null
375316653866487564,3329265339971849728,0.59581226,2243.7391667842317,3.435795196905393,1.1374777E-5,17.917318,0.010715746,0.25116554,0.006927142,0.08715726,0.0073635494,0.34405288,0.012549085,0.74808913,0.0034544042,0.08696938,0.00547937,0.2803191,0.012423097,null,null,null,null,"TWOGAUSSIANS",8,2.7552974,0.25116554,0.006927142,0.4,0.0,0.3344951,0.011102282,0.74808913,0.0034544042,0.4,0.0,0.27076134,0.009983737
375316653866487564,3329265924087462528,0.6369558,2233.3994275592563,2.7790380021048793,9.660362E-6,18.021204,0.03085509,0.29648742,0.00256863,0.052411973,0.012048586,0.23016845,0.060758635,0.7914322,0.0034260908,0.047739577,0.011414082,0.2003817,0.06399505,0.16301887,0.03682325,0.29648742,0.00256863,"TWOGAUSSIANS_WITH_ELLIPSOIDAL_ON_ECLIPSE1",9,5.7071834,0.29648742,0.00256863,0.29350704,0.067472085,0.5562031,0.032580186,0.7925722,0.0022462916,0.2673416,0.06391886,0.52616197,0.015978042
375316653866487564,3329267916953749120,0.5657074,2274.425998901841,1.0824486996931992,7.287958E-5,18.138395,0.005555139,0.29701906,0.0698382,0.023694776,0.04253489,0.6157935,0.59356254,0.59032327,0.036730494,0.04808762,0.039532926,0.015968036,0.016546523,null,null,null,null,"TWOGAUSSIANS",8,2.444525,0.29701906,0.0698382,0.13269074,0.23819539,0.6157935,0.59356266,0.59032327,0.036730494,0.2692907,0.22138439,0.015968036,0.016546508
375316653866487564,3329271013627732096,0.5967162,2244.392288807374,0.9084451815135192,8.626008E-6,14.778575,0.015430874,0.28302878,0.0026120953,0.07393739,0.011744375,0.55123687,0.070123665,0.7961778,0.0025989725,0.08012996,0.0049259756,0.45516482,0.014353838,null,null,null,null,"TWOGAUSSIANS",8,165.94385,0.28302878,0.0026120953,0.4,0.003720211,0.5473511,0.0746754,0.7961778,0.0025989725,0.4,0.0,0.45127907,0.0128837265
375316653866487564,3329275927071248256,0.49756926,2325.679455694201,1.7014318794295276,2.8887152E-5,15.183738,0.072480224,0.27631542,0.008359461,0.049079433,0.0069429656,0.20773746,0.012890526,0.8133256,0.023294065,0.30331472,0.07900032,0.1045978,0.07022997,null,null,null,null,"TWOGAUSSIANS",8,43.116554,0.27588543,0.008212327,0.27484483,0.03888061,0.20034632,0.009886759,0.8133256,0.023294065,0.4,0.0,0.043663375,0.0076603536
375316653866487564,3329279500483060480,0.58044225,2290.8236057224394,3.0051483493248625,8.819896E-5,16.676153,0.0032133013,0.33910155,0.064352676,0.029458469,0.018868964,0.16135226,0.27945772,0.84385157,0.012494043,0.019042356,0.015897572,0.6772949,0.42671043,null,null,null,null,"TWOGAUSSIANS",8,3.555547,0.84385157,0.012494043,0.10663719,0.0890264,0.6772949,0.42671043,0.33910155,0.064352676,0.16496742,0.1056662,0.16135226,0.27945772
375316653866487564,3329282043103720704,0.46601,2296.283135327746,0.5276508382953989,3.1491716E-5,13.41197,0.0028358942,0.30745015,0.02185053,0.078807116,0.023815198,0.047333907,0.011520183,0.80490893,0.011437096,0.086986385,0.015863676,0.043039437,0.006050348,null,null,null,null,"TWOGAUSSIANS",8,53.66962,0.30745015,0.02185053,0.4,0.07913417,0.046424594,0.01197678,0.80490893,0.011437096,0.4,0.0,0.04213012,0.006367243
375316653866487564,3329283211330171136,0.49189648,2316.5223741419254,3.2486680267835655,6.8153866E-5,19.151615,0.022699537,0.22822562,0.008562485,0.08175926,0.012985455,0.2607241,0.03566057,0.72056973,0.031844527,0.08711146,0.022171114,0.2277625,0.083642155,null,null,null,null,"TWOGAUSSIANS",8,4.7304697,0.22822562,0.008562485,0.4,0.0,0.25542644,0.03502517,0.72056973,0.031844527,0.4,0.0,0.2224648,0.08357587
375316653866487564,3329287158408686464,0.4825148,2238.3396433698026,1.3509166994929236,2.8367322E-5,18.555622,0.005305483,0.5546839,0.011253867,0.05589985,0.015149975,0.12364351,0.015566566,0.24931599,0.024641355,0.044752806,0.033191968,0.055259474,0.018219437,null,null,null,null,"TWOGAUSSIANS",8,1.5684727,0.5546839,0.011253405,0.31303915,0.084839866,0.12364351,0.015567176,0.24931599,0.024641355,0.25061572,0.18077438,0.055259515,0.01821951
375316653866487564,3329287192771257472,0.4999454,2235.4775376045754,1.0375316251562494,1.0146514E-4,18.882114,0.0056803287,0.3531659,0.033401947,0.048652682,0.018918738,0.33666876,0.27215526,0.74633116,0.006849567,0.037924428,0.007013602,0.08713236,0.021700412,null,null,null,null,"TWOGAUSSIANS",8,1.3330574,0.3531659,0.033401947,0.272455,0.10594493,0.33666876,0.27215526,0.74633116,0.006849567,0.21237679,0.03927617,0.08713236,0.02170041
375316653866487564,3329288773313602688,0.48381284,2225.6989572125544,2.847174574212039,1.0996007E-5,18.231419,0.004497439,0.1637589,0.019273002,0.057317525,0.008188529,0.033271465,0.0074845483,0.781105,0.006692402,0.055809777,0.021098044,0.004094805,0.011830873,0.04397088,0.00770122,0.781105,0.006692402,"TWOGAUSSIANS_WITH_ELLIPSOIDAL_ON_ECLIPSE2",9,3.1611586,0.22674891,0.02136112,0.32097813,0.045855764,0.09626527,0.0061329342,0.781105,0.006692402,0.31253475,0.11814905,0.09203575,0.007918448
375316653866487564,3329293862853423616,0.5802226,2263.7941063080207,1.1988207835614673,3.9470036E-5,16.605877,0.0050804084,0.22973575,0.0064147683,0.08966547,0.020872127,0.08615536,0.049909353,0.7156836,0.00906768,0.078875504,0.009775691,0.114326574,0.006754329,null,null,null,null,"TWOGAUSSIANS",8,1.5181727,0.7156836,0.00906768,0.4,0.0,0.11245666,0.005131472,0.22973575,0.0064147683,0.4,0.0,0.08428541,0.051436387
375316653866487564,3329295134163716096,0.7022617,2179.754007764584,1.0182940607615798,1.429647E-4,14.377982,0.0010481813,0.44203627,0.007121261,0.03747913,0.005587887,0.14101109,0.016755871,0.5741956,2.6008725E-4,0.023115579,7.9186144E-4,0.4058851,0.0028461304,0.003466185,0.0014976094,0.5741956,2.6008725E-4,"TWOGAUSSIANS_WITH_ELLIPSOIDAL_ON_ECLIPSE2",9,12.190197,0.5741956,2.6008725E-4,0.12944724,0.0044344245,0.41309875,0.004713241,0.44246626,0.007268391,0.20988312,0.031292167,0.14417522,0.016633227
375316653866487564,3329295473462634752,0.65951306,2213.773352868267,2.1429548100465317,2.913765E-6,15.183667,0.07486907,0.23417327,0.0012947543,0.15996225,0.025356071,0.15965982,0.07267573,0.729819,0.007107234,0.14244783,0.022000369,0.15383424,0.06755715,null,null,null,null,"TWOGAUSSIANS",8,0.54525703,0.23444328,9.7533513E-4,0.4,0.0,0.08237833,0.0016201368,0.729819,0.0072400216,0.4,0.0,0.07832073,0.0012143126
375316653866487564,3329298535777770112,0.63445187,2291.5924706558008,1.6797797317390644,5.2259934E-6,16.215546,0.0021651124,0.10309315,0.027785044,0.01295501,0.006178207,0.06456416,0.5308208,0.35706955,0.0013327583,0.05776836,0.0011591867,0.23885648,0.0046311407,null,null,null,null,"TWOGAUSSIANS",8,4.855847,0.35706955,0.0013327583,0.3235028,0.0064914455,0.23885648,0.0046311407,0.10309315,0.027785044,0.072548054,0.03459796,0.06457933,0.53080803
375316653866487564,3329300593063710720,0.5899701,2270.6096923705963,0.48130045600680266,1.2908372E-4,17.030958,0.007279179,0.06984932,0.024248673,0.08392326,0.03393967,0.020097455,0.007569115,0.71338063,0.015783718,0.093960315,0.008779442,0.2001234,0.017809335,null,null,null,null,"TWOGAUSSIANS",8,2.385259,0.7133906,0.015767548,0.4,0.0,0.19994086,0.017878236,0.06753932,0.025045283,0.4,0.014518163,0.0200694,0.007594306
375316653866487564,3329301525075014400,0.6427305,2268.565032565048,2.404139633498712,8.667008E-6,15.121155,0.016548445,0.11599322,0.00260124,0.052264385,0.003751188,0.3887244,0.03980362,0.6036971,0.0010912351,0.047802746,0.0035519127,0.34797055,0.03767647,0.13281472,0.021884382,0.6036971,0.0010912351,"TWOGAUSSIANS_WITH_ELLIPSOIDAL_ON_ECLIPSE2",9,114.80898,0.11441322,0.0021855182,0.29268056,0.021006653,0.65297186,0.015886081,0.6036971,0.0010912351,0.26769537,0.01989071,0.613598,0.009048632
375316653866487564,3329302452784928512,0.51408225,2391.185499872964,4.793563886422521,2.9792469E-5,19.895437,0.01749311,0.07498529,1.0962475E-5,0.0042075785,7.42165E-4,0.07336839,0.014836463,0.39927214,0.0075477157,0.08913239,0.009259935,0.42642507,0.040828347,null,null,null,null,"TWOGAUSSIANS",8,1.5797989,0.39927214,0.0075477157,0.4,0.0,0.42642495,0.040828526,0.07499529,1.4241925E-5,0.02356244,0.0041561243,0.07393775,0.015385832
375316653866487564,3329302963885772928,0.59986526,2275.286042050958,0.9043366602950826,4.2550793E-5,18.162735,0.004447637,0.21828072,0.016834788,0.0045452486,0.011485266,0.7115513,877.53516,0.53971314,0.015267753,0.019841174,0.011001157,0.295056,0.15789741,0.008394109,0.004325161,0.21828072,0.016834788,"TWOGAUSSIANS_WITH_ELLIPSOIDAL_ON_ECLIPSE1",9,3.0662496,0.21828072,0.016834788,0.025453392,0.06431749,0.72833943,877.5352,0.5398231,0.015731866,0.111110575,0.061606474,0.29822126,0.15662
375316653866487564,3329303380500868096,0.4981971,2276.3863847290177,2.8324069915477397,3.3350796E-5,16.099094,0.0114207715,0.22789307,0.008244216,0.10256575,0.016748684,0.07064796,0.012994801,0.7425335,0.008756462,0.10229517,0.02288503,0.07583984,0.008533259,null,null,null,null,"TWOGAUSSIANS",8,7.8897815,0.7425335,0.008745446,0.4,0.0,0.06960266,0.008027606,0.22788307,0.008243123,0.4,0.0,0.0644108,0.00875265
375316653866487564,3329306846537296640,0.5316564,2300.897981962181,1.1820481424231204,1.045095E-4,18.547989,0.008776372,0.43769965,0.003260668,0.023510754,0.009983587,0.44200084,0.08191313,0.7116108,0.02282059,0.14716186,0.03500204,0.07526847,0.012534605,null,null,null,null,"TWOGAUSSIANS",8,4.7888775,0.43790963,0.0035446754,0.13166022,0.055908088,0.4548648,0.08526041,0.7116108,0.02282059,0.4,0.0,0.07479971,0.012805351
375316653866487564,3329308324003907968,0.567975,2168.207386017829,0.4263336140375218,2.439175E-5,19.208014,0.007966374,0.16481057,0.047704395,0.041813303,0.020803753,0.22801411,0.12501585,0.80206877,0.009999438,0.060992565,0.008090468,0.3866128,0.027089976,null,null,null,null,"TWOGAUSSIANS",8,1.5022972,0.80206877,0.009999438,0.34155837,0.04530662,0.3866128,0.027089937,0.16481057,0.047704395,0.2341545,0.11650102,0.22801411,0.12501504
375316653866487564,3329312928211022848,0.5150709,2250.935557300541,2.328495151544555,2.2984386E-5,16.900776,0.0027435902,null,null,null,null,null,null,null,null,null,null,null,null,0.0449996,0.004015373,0.31509477,0.0054423576,"ELLIPSOIDAL",4,5.150224,null,null,null,null,null,null,null,null,null,null,null,null
375316653866487564,3329319937599125376,0.5892439,2249.710189086972,3.931536294661985,2.4021763E-5,16.740488,0.012817672,0.24079555,0.0019778204,0.06937684,0.0024104319,0.6150466,0.014720265,0.743236,0.017007226,0.0703561,0.010659546,0.5552842,0.099798046,null,null,null,null,"TWOGAUSSIANS",8,49.237297,0.24079555,0.0019778204,0.3885103,0.013498418,0.61322707,0.014111143,0.743236,0.017007226,0.39399415,0.030535147,0.5534646,0.09968325
375316653866487564,3329321037110391808,0.5606987,2196.495300687634,2.7010388760324333,1.351231E-4,19.792582,0.006479296,0.22139867,0.028282737,0.01718112,0.017258298,0.627028,0.6189694,0.11700504,0.07324003,0.078347705,0.056926817,0.059223462,0.037805025,null,null,null,null,"TWOGAUSSIANS",8,0.7542943,0.22119868,0.028168662,0.09621427,0.09664647,0.651445,0.63149476,0.11700504,0.07317831,0.4,0.22911619,0.059223466,0.03780204
375316653866487564,3329321964821073280,0.5514456,2174.2435622809135,1.4769582296583386,2.0975787E-5,19.025099,0.014778645,0.22787975,0.0029689728,0.0342337,0.0025124256,0.348526,0.018757004,0.74343055,0.001873607,0.03156793,0.0023643086,0.46630707,0.015626717,null,null,null,null,"TWOGAUSSIANS",8,4.2276196,0.74343055,0.001873607,0.17678042,0.013240128,0.46630707,0.015626717,0.22787975,0.0029689728,0.19170873,0.014069583,0.348526,0.018757004
375316653866487564,3329322205339261568,0.69424784,2222.501964215778,0.3995073796191681,3.078208E-6,15.387364,7.6217664E-4,0.13214764,3.1462416E-5,0.023043243,6.432526E-5,0.57473236,4.4548555E-4,0.6235934,0.027644336,0.061443772,0.018659724,0.022279425,0.007402262,null,null,null,null,"TWOGAUSSIANS",8,5.857911,0.13214764,3.1462416E-5,0.12904216,3.6022143E-4,0.57473236,4.4546882E-4,0.6235934,0.027644336,0.34408513,0.051201615,0.022279423,0.0074024205
375316653866487564,3329323751527524352,0.4532814,2258.393326298888,0.29160693847710584,4.403292E-5,19.133667,0.428337,0.2974157,0.016385796,0.16015394,0.081031285,0.27759954,0.4051243,0.7772708,0.011216352,0.14695762,0.055108074,0.26620433,0.35755143,null,null,null,null,"TWOGAUSSIANS",8,2.719934,0.29906568,0.013593162,0.4,0.0,0.14986287,0.020255243,0.7772708,0.011216352,0.4,0.0,0.14120016,0.031164624
375316653866487564,3329328630610520704,0.56808716,2243.0199750924226,2.7836485453975546,2.1213791E-5,18.788565,0.02500116,0.23795074,0.0140566155,0.0575776,0.016590877,0.7027768,0.24195562,0.7508346,0.0048673144,0.061360575,0.008066901,0.27451143,0.038185444,null,null,null,null,"TWOGAUSSIANS",8,7.56037,0.23795074,0.0140566155,0.32243457,0.080876574,0.7026981,0.24310899,0.7508346,0.0048673144,0.34361923,0.045174647,0.27443272,0.03761868
375316653866487564,3329334059449428352,0.5708907,2211.970104221137,3.173890638160863,1.6214302E-5,16.442299,0.0076658134,0.22820443,0.004960663,0.0837561,0.010793467,0.17288516,0.008331696,0.7242162,0.0070903017,0.08710946,0.010072422,0.14780721,0.008948121,null,null,null,null,"TWOGAUSSIANS",8,8.030231,0.22820443,0.004960663,0.4,0.0,0.16876896,0.009567121,0.7242162,0.0070903017,0.4,0.0,0.14369097,0.007704997
375316653866487564,3329335296399932160,0.46618447,2257.651743034291,0.38374838464308597,4.6983187E-5,17.16682,0.0044318014,0.1433267,0.001851963,0.018206298,0.002344669,0.09941131,0.012572843,0.63992375,0.07514145,0.02536405,0.047348883,0.043744743,0.1720109,null,null,null,null,"TWOGAUSSIANS",8,1.7438066,0.1433267,0.001851963,0.101955265,0.013130147,0.09941131,0.012572843,0.63992375,0.07514145,0.14203869,0.26515377,0.043744743,0.1720109
375316653866487564,3329338594934182656,0.6006945,2239.4199460587174,0.6780655702653019,2.6073714E-5,13.423315,6.611266E-4,0.26388836,0.0074605905,0.02811642,0.0074240332,0.078000255,0.042244982,null,null,null,null,null,null,0.015669035,8.486191E-4,0.26388836,0.0074605905,"ONEGAUSSIAN_WITH_ELLIPSOIDAL",6,9.978234,0.26388836,0.0074605905,0.15745196,0.041574586,0.109338306,0.042652626,null,null,null,null,null,null
375316653866487564,3329341176213001856,0.49180683,2317.397462924623,2.936722359778626,1.6232007E-5,18.870455,0.039553504,0.30815163,0.0038620273,0.0653062,0.023433015,0.3179737,0.05285579,0.79922724,0.004778339,0.06698969,0.012248933,0.32113189,0.06762498,null,null,null,null,"TWOGAUSSIANS",8,4.5099974,0.79922724,0.004778339,0.37514228,0.05159049,0.32074088,0.0665237,0.30815163,0.0038620273,0.36571473,0.054168276,0.3175827,0.056803867
375316653866487564,3329343650111180672,0.5365932,2268.905855982852,4.49005290626054,3.901452E-5,19.338104,0.009809037,0.26017895,0.015738802,0.06372307,0.014769834,0.25816524,0.035174083,0.7496139,0.015581145,0.040566485,0.011155388,0.57892734,0.1299381,null,null,null,null,"TWOGAUSSIANS",8,1.7918841,0.7496139,0.015581145,0.22717232,0.062470175,0.5789231,0.12995733,0.26017895,0.015738802,0.3568492,0.04600775,0.25816098,0.035194233
