Gaia/vari_eclipsing_binary/VariEclipsingBinary_055359-055654.csv
# %ECSV 1.0
# ---
# delimiter: ','
# meta: !!omap
# - RELEASE: Gaia DR3
# - TABLE: vari_eclipsing_binary
# - DESCRIPTION: >
#     This table describes the properties of the eclipsing binaries resulting from the variability analysis. 
# - CITATION: >
#     How to cite and acknowledge Gaia: 
#     https://gea.esac.esa.int/archive/documentation/credits.html 
# - KNOWN_ISSUES: >
#     Known issues: 
#     https://www.cosmos.esa.int/web/gaia-users/known-issues 
# - DOCUMENTATION: >
#     Tutorials and documentation: 
#     https://www.cosmos.esa.int/web/gaia-users/archive 
# datatype:
# - 
#   name: solution_id
#   datatype: int64
#   description: Solution Identifier
#   meta:
#     ucd: meta.version
# - 
#   name: source_id
#   datatype: int64
#   description: Unique source identifier
#   meta:
#     ucd: meta.id;meta.main
# - 
#   name: global_ranking
#   datatype: float32
#   description: Number between 0 (worst) and 1 (best)
#   meta:
#     ucd: stat.param
# - 
#   name: reference_time
#   datatype: float64
#   unit: d
#   description: Reference time used for the geometric model fit
#   meta:
#     ucd: time.epoch
# - 
#   name: frequency
#   datatype: float64
#   unit: d**-1
#   description: Frequency of geometric model of the eclipsing binary light curve
#   meta:
#     ucd: src.orbital
# - 
#   name: frequency_error
#   datatype: float32
#   unit: d**-1
#   description: "Uncertainty of \\texttt{frequency}"
#   meta:
#     ucd: stat.error
# - 
#   name: geom_model_reference_level
#   datatype: float32
#   unit: mag
#   description: Magnitude reference level of geometric model
#   meta:
#     ucd: phot.mag;em.opt
# - 
#   name: geom_model_reference_level_error
#   datatype: float32
#   unit: mag
#   description: "Uncertainty of \\texttt{geomModelReferenceLevel}"
#   meta:
#     ucd: stat.error;phot.mag;em.opt
# - 
#   name: geom_model_gaussian1_phase
#   datatype: float32
#   description: Phase of the Gaussian 1 component
#   meta:
#     ucd: time.phase
# - 
#   name: geom_model_gaussian1_phase_error
#   datatype: float32
#   description: "Uncertainty of \\texttt{geomModelGaussian1Phase}"
#   meta:
#     ucd: stat.error;time.phase
# - 
#   name: geom_model_gaussian1_sigma
#   datatype: float32
#   description: "Standard deviation [phase] of Gaussian 1 component"
#   meta:
#     ucd: stat.stdev
# - 
#   name: geom_model_gaussian1_sigma_error
#   datatype: float32
#   description: "Uncertainty of \\texttt{geomModelGaussian1Sigma}"
#   meta:
#     ucd: stat.error
# - 
#   name: geom_model_gaussian1_depth
#   datatype: float32
#   unit: mag
#   description: Magnitude depth of Gaussian 1 component
#   meta:
#     ucd: src.var.amplitude
# - 
#   name: geom_model_gaussian1_depth_error
#   datatype: float32
#   unit: mag
#   description: "Uncertainty of \\texttt{geomModelGaussian1Depth}"
#   meta:
#     ucd: stat.error;src.var.amplitude
# - 
#   name: geom_model_gaussian2_phase
#   datatype: float32
#   description: Phase of Gaussian 2 component
#   meta:
#     ucd: time.phase
# - 
#   name: geom_model_gaussian2_phase_error
#   datatype: float32
#   description: "Uncertainty of \\texttt{geomModelGaussian2Phase}"
#   meta:
#     ucd: stat.error;time.phase
# - 
#   name: geom_model_gaussian2_sigma
#   datatype: float32
[...]
#   datatype: float32
#   description: "Secondary eclipse: uncertainty of \\texttt{derivedSecondaryEclDuration}"
#   meta:
#     ucd: stat.error;time.duration
# - 
#   name: derived_secondary_ecl_depth
#   datatype: float32
#   unit: mag
#   description: "Secondary eclipse: depth"
#   meta:
#     ucd: src.var.amplitude
# - 
#   name: derived_secondary_ecl_depth_error
#   datatype: float32
#   unit: mag
#   description: "Secondary eclipse: uncertainty of \\texttt{derivedSecondaryEclDepth}"
#   meta:
#     ucd: stat.error;src.var.amplitude
solution_id,source_id,global_ranking,reference_time,frequency,frequency_error,geom_model_reference_level,geom_model_reference_level_error,geom_model_gaussian1_phase,geom_model_gaussian1_phase_error,geom_model_gaussian1_sigma,geom_model_gaussian1_sigma_error,geom_model_gaussian1_depth,geom_model_gaussian1_depth_error,geom_model_gaussian2_phase,geom_model_gaussian2_phase_error,geom_model_gaussian2_sigma,geom_model_gaussian2_sigma_error,geom_model_gaussian2_depth,geom_model_gaussian2_depth_error,geom_model_cosine_half_period_amplitude,geom_model_cosine_half_period_amplitude_error,geom_model_cosine_half_period_phase,geom_model_cosine_half_period_phase_error,model_type,num_model_parameters,reduced_chi2,derived_primary_ecl_phase,derived_primary_ecl_phase_error,derived_primary_ecl_duration,derived_primary_ecl_duration_error,derived_primary_ecl_depth,derived_primary_ecl_depth_error,derived_secondary_ecl_phase,derived_secondary_ecl_phase_error,derived_secondary_ecl_duration,derived_secondary_ecl_duration_error,derived_secondary_ecl_depth,derived_secondary_ecl_depth_error
[from data line 464]
375316653866487564,488133238033966080,0.52008843,2401.929759762538,1.0802636014398608,6.440287E-6,18.679968,0.0032277438,0.27886206,8.1389915E-4,0.020489179,0.0010200486,0.62064767,0.04357565,0.77377415,0.013606948,0.020370193,0.016409922,0.1069027,0.036038894,null,null,null,null,"TWOGAUSSIANS",8,4.8669267,0.27886206,8.1389915E-4,0.1147394,0.0057122726,0.62064767,0.04357565,0.77377415,0.013606948,0.114073075,0.091895565,0.1069027,0.036038894
375316653866487564,488139835103916800,0.531001,2384.515975614603,1.551615287292772,2.5790964E-6,19.312557,0.0036129237,0.30382904,0.0022647302,0.03350425,0.0040094685,0.17771049,0.017990315,0.80643237,0.0011353041,0.028747994,0.0016704709,0.68072754,0.038816173,null,null,null,null,"TWOGAUSSIANS",8,2.0204499,0.80643237,0.0011353041,0.16098876,0.009354637,0.68072754,0.038816173,0.30382904,0.0022647302,0.1876238,0.022453023,0.17771049,0.017990315
375316653866487564,488141037694835328,0.6251063,2352.0435283825377,3.9219426647914273,2.4098838E-6,16.119526,0.010436617,0.26023763,8.063639E-4,0.05007636,0.002835143,0.38564873,0.024055943,0.76039785,0.0036388189,0.054285362,0.0037347784,0.41535762,0.03042063,0.11534072,0.0153836,0.26023763,8.063639E-4,"TWOGAUSSIANS_WITH_ELLIPSOIDAL_ON_ECLIPSE1",9,34.408024,0.76039785,0.0035174517,0.30399802,0.020914758,0.6460263,0.0156698,0.26023763,8.063639E-4,0.28042763,0.0158768,0.61631763,0.013203488
375316653866487564,488142068487028096,0.48471624,2376.1377502173127,1.7684079690353212,3.7134082E-6,19.155518,0.0028861193,0.30237418,0.0069762715,0.005275675,0.008495749,0.6872967,1.5746088,0.6400273,1.4476226E-4,0.0018449321,1.6725826E-4,0.82053775,0.3505604,null,null,null,null,"TWOGAUSSIANS",8,1.8009635,0.6400273,1.4476226E-4,0.0103316195,9.3664625E-4,0.82053775,0.3505604,0.30237418,0.0069762715,0.029543782,0.047576193,0.6872967,1.5746088
375316653866487564,488144306168375424,0.51514655,2357.4550282904133,0.2558001276026083,7.448419E-6,14.949633,5.005968E-4,0.2874344,0.0017391846,0.020401822,0.0023368709,0.059182227,0.0027658856,0.80660987,0.0028540327,0.016924668,0.0050338684,0.022668794,0.007899014,0.0100446185,7.8752515E-4,0.80660987,0.0028540327,"TWOGAUSSIANS_WITH_ELLIPSOIDAL_ON_ECLIPSE2",9,6.538155,0.2876444,0.0017115428,0.11425021,0.013086477,0.07898441,0.0029778995,0.80660987,0.0028540327,0.09477814,0.028189663,0.04275803,0.008340012
375316653866487564,488149666287463808,0.61438155,2436.783153156278,0.2113215344354269,1.5746284E-6,15.627217,6.88109E-4,0.13902283,0.0015120843,0.008757048,8.4302056E-4,0.31862646,0.02473656,0.6418328,0.0072725224,0.0073228204,0.0032074503,0.32474646,0.17101178,null,null,null,null,"TWOGAUSSIANS",8,9.722076,0.6418328,0.0072725224,0.041007794,0.017961722,0.32474646,0.17101178,0.13902283,0.0015120843,0.049039472,0.004720915,0.31862646,0.02473656
375316653866487564,488151792293316608,0.66220504,2421.70864299661,0.8148337931800516,2.4824062E-6,16.661573,0.0018880597,0.24381423,0.0030180763,0.027229702,0.002609904,0.64790225,0.04409627,0.7437692,4.0341014E-4,0.029130414,4.8908783E-4,0.5956792,0.012043241,0.017728498,0.0030788803,0.24381423,0.0030180763,"TWOGAUSSIANS_WITH_ELLIPSOIDAL_ON_ECLIPSE1",9,5.6180305,0.24381423,0.0030180763,0.15248632,0.014615462,0.68335915,0.04392718,0.7437692,4.021285E-4,0.16313033,0.0027388919,0.6311362,0.011782364
375316653866487564,488156606956293248,0.50133777,2432.025246776535,1.1561065926496585,3.4961763E-6,16.665705,0.0035142095,0.1278339,0.004254315,0.014284332,0.0027264475,0.0837303,0.0151949385,0.6278366,0.0014200942,0.019904854,0.0012174568,0.5803056,0.05430372,null,null,null,null,"TWOGAUSSIANS",8,61.27401,0.6278366,0.0014200942,0.11146718,0.006817758,0.5803056,0.05430372,0.1278339,0.004254315,0.079992265,0.015268106,0.0837303,0.0151949385
375316653866487564,488161176799737728,0.620767,2434.1869880029503,3.4276710495108973,3.3546767E-6,16.175528,0.010124771,0.13661064,0.0013887011,0.050159324,0.004959525,0.20768507,0.019334005,0.6268874,0.0020917442,0.05952146,0.005391372,0.28205803,0.016783556,0.08788774,0.011933034,0.13661064,0.0013887011,"TWOGAUSSIANS_WITH_ELLIPSOIDAL_ON_ECLIPSE1",9,20.404295,0.62832737,0.0016378766,0.33332017,0.030191682,0.4572536,0.01649227,0.13661064,0.0013887011,0.28089222,0.02777334,0.3834389,0.0060638874
375316653866487564,488162134574800128,0.5555562,2402.9493677819864,3.0464926231056575,4.5558704E-6,19.551243,0.010682965,0.27342138,0.0019504892,0.04528356,0.0029034587,0.50564474,0.03908518,0.77138674,0.0012811763,0.04328232,0.0029592365,0.40118048,0.026309302,0.1243149,0.015370495,0.27342138,0.0019504892,"TWOGAUSSIANS_WITH_ELLIPSOIDAL_ON_ECLIPSE1",9,2.2012968,0.27342138,0.0019504892,0.25358793,0.016259369,0.75427425,0.032142453,0.7715568,0.0011336395,0.24238099,0.016571725,0.64977276,0.022514261
375316653866487564,488165196889013120,0.6072063,2366.655324165631,1.2315554786370746,4.001E-6,16.84427,0.0025218418,0.2813833,0.0013458846,0.04454923,0.0015633277,0.3396407,0.011932553,0.78118354,0.004758461,0.043484274,0.0053876317,0.06877001,0.010229741,0.033224884,0.0034090506,0.2813833,0.0013458846,"TWOGAUSSIANS_WITH_ELLIPSOIDAL_ON_ECLIPSE1",9,5.9579606,0.2813833,0.0013458846,0.24947569,0.008754635,0.40609035,0.012204409,0.7812136,0.0044198814,0.24351195,0.030170737,0.13521957,0.0090645
375316653866487564,488166468199489536,0.59262294,2438.2070936763353,1.130456844843778,5.1239235E-6,17.492428,0.0106659625,0.20306402,0.0019439971,0.055491053,0.0050638416,0.16599925,0.02390454,0.6915757,0.001559749,0.053816248,0.0026014254,0.43669,0.022926565,0.104371466,0.014226182,0.20306402,0.0019439971,"TWOGAUSSIANS_WITH_ELLIPSOIDAL_ON_ECLIPSE1",9,15.604163,0.6927057,0.001335289,0.30137098,0.014567982,0.64444387,0.014436172,0.20306402,0.0019439971,0.3107499,0.028357513,0.37473235,0.009773673
375316653866487564,488167151096463872,0.48146603,2447.3260337185734,0.7622363285428996,8.273334E-6,18.270317,0.0026498311,0.55822885,0.0016588111,0.018149799,0.0011854972,0.22210689,0.018288713,0.76120687,0.006089678,0.012039822,0.0046059196,0.04532678,0.08138924,null,null,null,null,"TWOGAUSSIANS",8,5.299822,0.55822885,0.0016588111,0.101638876,0.006638784,0.22210689,0.018288713,0.76120687,0.006089678,0.067423,0.02579315,0.04532678,0.08138924
375316653866487564,488169388777193216,0.5409595,2411.989408443684,0.13549075724467888,1.0104234E-6,17.376608,7.722306E-4,0.104458004,3.8782746E-6,0.0042486996,2.9497003E-5,0.5020556,0.0032891356,null,null,null,null,null,null,null,null,null,null,"ONEGAUSSIAN",5,1.7200559,0.104458004,3.8782746E-6,0.023792718,1.6518323E-4,0.5020556,0.0,null,null,null,null,null,null
375316653866487564,488171274265201920,0.52894586,2452.334936832326,3.2660971896957376,7.0839815E-6,18.953743,0.011941643,0.25449342,0.0030200584,0.09379072,0.0068965047,0.30604082,0.010635003,0.76875585,0.0029038063,0.08890226,0.004622234,0.31808665,0.013025197,null,null,null,null,"TWOGAUSSIANS",8,2.5273366,0.76875585,0.0029038063,0.4,0.0,0.30622518,0.010041263,0.25449342,0.0030200584,0.4,0.0,0.29417893,0.009731307
375316653866487564,488172854813329536,0.54493445,2425.5766324165784,1.9811668129168982,3.3775993E-6,19.217709,0.0025589096,0.7302471,0.0074500674,0.013352741,0.0044240416,0.058777716,0.01294063,0.895607,1.1332268E-4,0.0027434037,1.0925848E-4,0.91484034,0.04163549,null,null,null,null,"TWOGAUSSIANS",8,1.4368092,0.895607,1.1332268E-4,0.01536306,6.118475E-4,0.91484034,0.04163549,0.7302471,0.0074500674,0.074775346,0.024774633,0.058777716,0.01294063
375316653866487564,488173821180944000,0.545472,2445.372691477308,3.4804277520521953,5.465075E-6,19.777687,0.01320118,0.26134944,0.0029269399,0.04045391,0.007176526,0.15888444,0.028773818,0.7545469,0.006647322,0.039918393,0.006631522,0.24867752,0.030628633,0.15406623,0.01555337,0.26134944,0.0029269399,"TWOGAUSSIANS_WITH_ELLIPSOIDAL_ON_ECLIPSE1",9,1.4538856,0.7554669,0.005755329,0.223543,0.03713652,0.5563229,0.013224644,0.26134944,0.0029269399,0.2265419,0.040188547,0.46701658,0.018002836
375316653866487564,488174439660491008,0.5803349,2386.937898469925,2.636211755274884,5.1300576E-6,17.46608,0.0093505345,0.24413382,0.0018767568,0.049286697,0.004737907,0.22060563,0.019889006,0.747329,0.0027842529,0.044036232,0.005200131,0.14431363,0.020615265,0.10405351,0.011310514,0.24413382,0.0018767568,"TWOGAUSSIANS_WITH_ELLIPSOIDAL_ON_ECLIPSE1",9,12.451735,0.24413382,0.0018767568,0.2760055,0.02653228,0.4287119,0.009210035,0.747329,0.0027842529,0.24660291,0.029120732,0.35233605,0.0107085025
375316653866487564,488177703835590016,0.53454816,2381.6968261619036,0.9616119803813318,1.3038683E-5,19.295609,0.006222865,0.20694609,0.0071059605,0.017744249,0.00674043,0.5023933,0.6507796,0.7080621,0.004889016,0.016936462,0.004048171,0.8206278,0.03410774,null,null,null,null,"TWOGAUSSIANS",8,4.3208423,0.7080621,0.004889016,0.09484419,0.022669759,0.8206278,0.03410774,0.20694609,0.0071059605,0.09936779,0.037746407,0.5023933,0.6507796
375316653866487564,488182544259966208,0.6624391,2373.0494153319,1.5806525016366155,2.442693E-6,17.170761,0.006798953,0.24444017,9.943801E-4,0.053224783,0.0028048812,0.19936422,0.01457759,0.74517894,0.0018976162,0.053348206,0.004563512,0.15152967,0.013221345,0.10216478,0.008093206,0.24444017,9.943801E-4,"TWOGAUSSIANS_WITH_ELLIPSOIDAL_ON_ECLIPSE1",9,3.159746,0.24444017,9.943801E-4,0.29805878,0.015707335,0.4036881,0.0048000715,0.74517894,0.0018643859,0.29874995,0.025555667,0.35584915,0.005805816
375316653866487564,488183201392317824,0.5774393,2410.5838726290176,2.7193457399465792,6.56875E-6,16.894802,0.01194942,0.24174432,0.001724455,0.10351438,0.0053460374,0.2581823,0.010797905,0.7280553,0.0018700196,0.10327824,0.0055012293,0.26982787,0.010591819,null,null,null,null,"TWOGAUSSIANS",8,6.6765175,0.7280553,0.0018700196,0.4,0.0,0.24570249,0.0049286145,0.24175432,0.001733147,0.4,0.0,0.23405688,0.0054522026
375316653866487564,488184026027887872,0.4195935,2388.820113031875,2.9259185887406387,3.9516155E-5,19.391027,0.011927033,null,null,null,null,null,null,null,null,null,null,null,null,0.13414922,0.013084156,0.2573497,0.011763155,"ELLIPSOIDAL",4,21.317146,null,null,null,null,null,null,null,null,null,null,null,null
375316653866487564,488187973098333440,0.5392561,2376.5341368051145,2.986210969177494,6.123279E-6,18.124548,0.014262936,0.22859983,0.005253906,0.060137004,0.008172003,0.26156265,0.035115685,0.73818284,0.0020181926,0.04791022,0.007683342,0.2746303,0.07885088,0.12133772,0.02145238,0.73818284,0.0020181926,"TWOGAUSSIANS_WITH_ELLIPSOIDAL_ON_ECLIPSE2",9,10.86782,0.73818284,0.0020181926,0.26829723,0.04302671,0.5172815,0.087106496,0.23060983,0.003952784,0.33676723,0.045763217,0.5035187,0.02804375
375316653866487564,488191409072429440,0.45691365,2376.4294646176663,0.5037678114517584,8.775247E-6,18.041386,0.0033708946,0.30822378,0.0051280684,0.0125816185,0.013122859,0.09577067,2194.1248,0.80893636,0.0014969121,0.012457224,0.0014712644,0.21349262,0.034743227,null,null,null,null,"TWOGAUSSIANS",8,8.614709,0.80893636,0.0014969121,0.06976046,0.008239081,0.21349262,0.034743227,0.30822378,0.0051280684,0.07045706,0.07348801,0.09577067,2194.1248
375316653866487564,488191683950385280,0.52772605,2360.16556607302,3.046537139880182,8.499533E-6,18.457048,0.010058851,0.22539915,0.0040898467,0.099036925,0.007337738,0.18620056,0.010373322,0.73149705,0.0031249907,0.08685585,0.005213334,0.20767726,0.011106863,null,null,null,null,"TWOGAUSSIANS",8,2.213812,0.73149705,0.0031249907,0.4,0.0,0.19807951,0.008225619,0.22539915,0.0040898467,0.4,0.0,0.17660171,0.007529479
375316653866487564,488193028277347328,0.5842302,2379.6823714854713,1.4404022157718213,5.1753746E-6,15.7144575,0.068690225,0.28781992,0.0036042163,0.14468654,0.020365968,0.19149536,0.06475136,0.77492034,0.0025398599,0.14121614,0.021397265,0.17626888,0.06515998,null,null,null,null,"TWOGAUSSIANS",8,4.914642,0.28839993,0.002972579,0.4,0.0,0.11866898,0.0023828682,0.77492034,0.0025398599,0.4,0.0,0.10376028,0.0018471696
375316653866487564,488202988304284928,0.50836444,2353.4477909748216,3.5921737173334494,1.2389588E-5,18.08138,0.044642974,0.27585614,0.0075367857,0.119607374,0.019144578,0.18885638,0.04343797,0.75057065,0.0040479433,0.12940075,0.016401988,0.2548437,0.04186034,null,null,null,null,"TWOGAUSSIANS",8,5.1623764,0.75057065,0.0040479433,0.4,0.0,0.20735322,0.010017911,0.27636614,0.007252132,0.4,0.0,0.14165556,0.008927338
375316653866487564,488205466504586112,0.4867422,2380.7853412806126,0.2452674598420602,4.3429627E-6,17.517262,0.0011183957,0.37067473,0.038269524,0.08805638,0.02068998,0.011919107,0.0027130684,0.7260709,9.1147254E-4,0.016767003,0.0010918049,0.10902422,0.0036713153,null,null,null,null,"TWOGAUSSIANS",8,1.52473,0.7260709,9.1147254E-4,0.09389521,0.0061141076,0.10902768,0.003671493,0.37067473,0.038269524,0.4,0.005872357,0.011919105,0.0027130677
375316653866487564,488205805802952064,0.58161914,2368.6975044217716,0.27102876274344195,1.9272571E-5,17.153038,0.0010313364,0.33334687,0.00378401,0.011367787,0.004718475,0.25962284,0.26025373,0.822734,0.007759946,0.011434658,0.0065253866,0.22909606,0.0991233,null,null,null,null,"TWOGAUSSIANS",8,2.5929132,0.33334687,0.00378401,0.0636596,0.02642346,0.25962284,0.26025373,0.822734,0.007759946,0.06403409,0.036542162,0.22909606,0.0991233
375316653866487564,488207833027645696,0.45027503,2397.6676310578855,1.1770038470429844,2.4027593E-5,18.634296,0.0053573074,0.2636201,0.002952102,0.028889509,0.0023188845,0.45158556,0.07636505,0.7669741,0.0059706015,0.015118162,0.0047495305,0.14984411,0.17198321,null,null,null,null,"TWOGAUSSIANS",8,11.821954,0.2636201,0.002952102,0.16178125,0.012985753,0.45158556,0.07636505,0.7669741,0.0059706015,0.08466171,0.026597371,0.14984411,0.17198321
375316653866487564,488210891044418560,0.50943416,2348.679479010318,3.14458924251294,8.220649E-6,18.298153,0.01473102,0.2515075,0.0042575053,0.09395011,0.007862489,0.2289359,0.01641437,0.76061827,0.0034703873,0.09056595,0.0077099274,0.27948898,0.012903425,null,null,null,null,"TWOGAUSSIANS",8,5.586393,0.76061827,0.0034703873,0.4,0.0,0.26827902,0.009822528,0.2515075,0.0042575053,0.4,0.0,0.21772575,0.014120254
375316653866487564,488213884638116096,0.4977372,2308.3506290984506,3.835649540397658,7.8165085E-6,17.553242,0.0032812676,0.2560616,0.0024780394,0.07670862,0.0038344564,0.10818518,0.0038464307,0.7541891,0.0037956825,0.08155569,0.005456242,0.10680945,0.0055486974,null,null,null,null,"TWOGAUSSIANS",8,3.0432909,0.2560616,0.0024780394,0.4,0.0,0.106777504,0.003546069,0.7541891,0.0037956825,0.4,0.0,0.10540178,0.0055439333
375316653866487564,488218175309061504,0.6153694,2297.2790570051234,3.4606338356827364,2.8557897E-6,18.12981,0.0071156295,0.27377018,9.3242916E-4,0.050413143,0.002782471,0.33479264,0.016306803,0.77492577,0.003682123,0.046929,0.004375297,0.22872579,0.018581878,0.11583363,0.009535603,0.27377018,9.3242916E-4,"TWOGAUSSIANS_WITH_ELLIPSOIDAL_ON_ECLIPSE1",9,2.9982862,0.27377018,9.3242916E-4,0.28231362,0.015581837,0.5664576,0.009395334,0.77492577,0.0036786767,0.26280242,0.024501663,0.4603786,0.010224936
375316653866487564,488218454483512576,0.536493,2366.1718080538394,1.1175114412910192,8.132458E-6,17.455654,0.0018176469,0.23703375,0.0036313364,0.02975215,0.006119671,0.04555827,0.0049047633,0.7440765,0.0037750956,0.032777872,0.0034289202,0.041055933,0.004890752,0.035313882,0.0022253555,0.23703375,0.0036313364,"TWOGAUSSIANS_WITH_ELLIPSOIDAL_ON_ECLIPSE1",9,2.2320676,0.23703375,0.0036313364,0.16661204,0.034270156,0.11618603,0.0046555377,0.7440765,0.0037750956,0.18355608,0.019201953,0.11154548,0.0036340933
