Gaia/vari_eclipsing_binary/VariEclipsingBinary_377044-377320.csv
# %ECSV 1.0
# ---
# delimiter: ','
# meta: !!omap
# - RELEASE: Gaia DR3
# - TABLE: vari_eclipsing_binary
# - DESCRIPTION: >
#     This table describes the properties of the eclipsing binaries resulting from the variability analysis. 
# - CITATION: >
#     How to cite and acknowledge Gaia: 
#     https://gea.esac.esa.int/archive/documentation/credits.html 
# - KNOWN_ISSUES: >
#     Known issues: 
#     https://www.cosmos.esa.int/web/gaia-users/known-issues 
# - DOCUMENTATION: >
#     Tutorials and documentation: 
#     https://www.cosmos.esa.int/web/gaia-users/archive 
# datatype:
# - 
#   name: solution_id
#   datatype: int64
#   description: Solution Identifier
#   meta:
#     ucd: meta.version
# - 
#   name: source_id
#   datatype: int64
#   description: Unique source identifier
#   meta:
#     ucd: meta.id;meta.main
# - 
#   name: global_ranking
#   datatype: float32
#   description: Number between 0 (worst) and 1 (best)
#   meta:
#     ucd: stat.param
# - 
#   name: reference_time
#   datatype: float64
#   unit: d
#   description: Reference time used for the geometric model fit
#   meta:
#     ucd: time.epoch
# - 
#   name: frequency
#   datatype: float64
#   unit: d**-1
#   description: Frequency of geometric model of the eclipsing binary light curve
#   meta:
#     ucd: src.orbital
# - 
#   name: frequency_error
#   datatype: float32
#   unit: d**-1
#   description: "Uncertainty of \\texttt{frequency}"
#   meta:
#     ucd: stat.error
# - 
#   name: geom_model_reference_level
#   datatype: float32
#   unit: mag
#   description: Magnitude reference level of geometric model
#   meta:
#     ucd: phot.mag;em.opt
# - 
#   name: geom_model_reference_level_error
#   datatype: float32
#   unit: mag
#   description: "Uncertainty of \\texttt{geomModelReferenceLevel}"
#   meta:
#     ucd: stat.error;phot.mag;em.opt
# - 
#   name: geom_model_gaussian1_phase
#   datatype: float32
#   description: Phase of the Gaussian 1 component
#   meta:
#     ucd: time.phase
# - 
#   name: geom_model_gaussian1_phase_error
#   datatype: float32
#   description: "Uncertainty of \\texttt{geomModelGaussian1Phase}"
#   meta:
#     ucd: stat.error;time.phase
# - 
#   name: geom_model_gaussian1_sigma
#   datatype: float32
#   description: "Standard deviation [phase] of Gaussian 1 component"
#   meta:
#     ucd: stat.stdev
# - 
#   name: geom_model_gaussian1_sigma_error
#   datatype: float32
#   description: "Uncertainty of \\texttt{geomModelGaussian1Sigma}"
#   meta:
#     ucd: stat.error
# - 
#   name: geom_model_gaussian1_depth
#   datatype: float32
#   unit: mag
#   description: Magnitude depth of Gaussian 1 component
#   meta:
#     ucd: src.var.amplitude
# - 
#   name: geom_model_gaussian1_depth_error
#   datatype: float32
#   unit: mag
#   description: "Uncertainty of \\texttt{geomModelGaussian1Depth}"
#   meta:
#     ucd: stat.error;src.var.amplitude
# - 
#   name: geom_model_gaussian2_phase
#   datatype: float32
#   description: Phase of Gaussian 2 component
#   meta:
#     ucd: time.phase
# - 
#   name: geom_model_gaussian2_phase_error
#   datatype: float32
#   description: "Uncertainty of \\texttt{geomModelGaussian2Phase}"
#   meta:
#     ucd: stat.error;time.phase
# - 
#   name: geom_model_gaussian2_sigma
#   datatype: float32
[...]
#   datatype: float32
#   description: "Secondary eclipse: uncertainty of \\texttt{derivedSecondaryEclDuration}"
#   meta:
#     ucd: stat.error;time.duration
# - 
#   name: derived_secondary_ecl_depth
#   datatype: float32
#   unit: mag
#   description: "Secondary eclipse: depth"
#   meta:
#     ucd: src.var.amplitude
# - 
#   name: derived_secondary_ecl_depth_error
#   datatype: float32
#   unit: mag
#   description: "Secondary eclipse: uncertainty of \\texttt{derivedSecondaryEclDepth}"
#   meta:
#     ucd: stat.error;src.var.amplitude
solution_id,source_id,global_ranking,reference_time,frequency,frequency_error,geom_model_reference_level,geom_model_reference_level_error,geom_model_gaussian1_phase,geom_model_gaussian1_phase_error,geom_model_gaussian1_sigma,geom_model_gaussian1_sigma_error,geom_model_gaussian1_depth,geom_model_gaussian1_depth_error,geom_model_gaussian2_phase,geom_model_gaussian2_phase_error,geom_model_gaussian2_sigma,geom_model_gaussian2_sigma_error,geom_model_gaussian2_depth,geom_model_gaussian2_depth_error,geom_model_cosine_half_period_amplitude,geom_model_cosine_half_period_amplitude_error,geom_model_cosine_half_period_phase,geom_model_cosine_half_period_phase_error,model_type,num_model_parameters,reduced_chi2,derived_primary_ecl_phase,derived_primary_ecl_phase_error,derived_primary_ecl_duration,derived_primary_ecl_duration_error,derived_primary_ecl_depth,derived_primary_ecl_depth_error,derived_secondary_ecl_phase,derived_secondary_ecl_phase_error,derived_secondary_ecl_duration,derived_secondary_ecl_duration_error,derived_secondary_ecl_depth,derived_secondary_ecl_depth_error
[from data line 299]
375316653866487564,3317509572104195840,0.4783742,2153.3030494404006,0.08289416820876001,4.236751E-5,19.697735,0.07124238,0.17109674,0.0060419007,0.084224425,0.023773719,0.43689406,0.09207447,0.6924588,0.013381004,0.10835064,0.03519281,0.23977113,0.068435945,null,null,null,null,"TWOGAUSSIANS",8,1.4415778,0.17108674,0.00597077,0.4,0.0,0.42128697,0.11262177,0.6924588,0.013384915,0.4,0.0,0.22414795,0.031287353
375316653866487564,3317510186281035904,0.570485,2244.287200713965,2.4387267642809665,3.4798155E-5,11.990541,0.004616447,0.91429114,0.0024601237,0.026179925,0.0018119977,0.115804404,0.007593234,0.7601883,0.001968842,0.04237489,0.0021473328,0.45091444,0.022967538,null,null,null,null,"TWOGAUSSIANS",8,679.3967,0.7601883,0.001968842,0.23729938,0.012025064,0.45091444,0.022967536,0.9139711,0.002424987,0.14660758,0.010147188,0.11641831,0.0076303347
375316653866487564,3317514141949372928,0.677098,2182.9723881024643,2.352192676432661,6.136718E-5,16.768585,0.0013604775,0.30288061,0.013868495,0.010513409,0.017467802,0.015421289,0.0076040365,0.6716633,0.051534753,0.05195623,0.046064276,0.4155603,1.38301819E10,0.0037917132,0.0022385954,0.6716633,0.051534753,"TWOGAUSSIANS_WITH_ELLIPSOIDAL_ON_ECLIPSE2",9,1.3920754,0.6716633,0.051534753,0.2909549,0.25795993,0.4231399,1.38301819E10,0.3025406,0.013843142,0.05887509,0.09781969,0.018921323,0.008359533
375316653866487564,3317515035303458304,0.59310526,2192.6344865243586,2.9163760659413036,1.0252417E-5,16.867584,0.018763084,0.15897171,0.0029618093,0.08021283,0.006139376,0.33875918,0.018479433,0.6743028,0.014615463,0.09118337,0.023831662,0.35203955,0.107477196,null,null,null,null,"TWOGAUSSIANS",8,11.278003,0.6743028,0.014615463,0.4,0.0017086574,0.34452593,0.113243565,0.15897171,0.0029618093,0.4,0.0,0.33124587,0.01480778
375316653866487564,3317515237162988416,0.4974957,2211.0053222477322,1.8374003279851292,1.9379106E-5,19.576475,0.0064693303,0.27294204,0.0036962829,0.053607464,0.0044642794,0.46524408,0.07260114,0.018393103,0.03551269,0.016839445,0.054927055,0.031068033,0.016164344,null,null,null,null,"TWOGAUSSIANS",8,2.1079867,0.27294204,0.0036765,0.30020177,0.024999965,0.46524408,0.0726488,0.018393103,0.0366296,0.094300896,0.30239946,0.031073943,0.016071497
375316653866487564,3317516164876026240,0.48093632,2178.6744802806484,3.518286165302139,2.8471837E-5,19.168158,0.019171368,0.2804545,0.006174363,0.061102837,0.01458821,0.330149,0.116583884,0.77785385,0.0072139883,0.081034176,0.013372509,0.23124774,0.02783359,null,null,null,null,"TWOGAUSSIANS",8,3.932041,0.2804545,0.006174363,0.3421759,0.08169397,0.32912466,0.1179445,0.77785385,0.0072139883,0.4,0.0,0.23022342,0.027936017
375316653866487564,3317516718929674752,0.5053185,2170.810194011688,0.46655661064832116,5.2884665E-5,17.012102,0.00730557,0.28339553,8.051788E-4,0.01829545,0.0018419813,0.077195756,0.0070203943,0.7327753,0.026929777,0.14692211,0.082488306,0.02146787,0.0029309469,null,null,null,null,"TWOGAUSSIANS",8,3.0340075,0.28341553,7.8760926E-4,0.10245452,0.010315095,0.07725015,0.007171837,0.7327753,0.026929777,0.4,0.0,0.021303428,0.0026971172
375316653866487564,3317517268683278208,0.47386727,2300.5211137651168,3.872427541716683,6.0549082E-5,19.193382,0.29796115,0.17884198,0.026959797,0.0845623,0.04823227,0.16530831,0.124767974,0.6369851,0.037960548,0.20086631,0.13627994,0.27867946,0.29198194,null,null,null,null,"TWOGAUSSIANS",8,2.077592,0.6369851,0.037960548,0.4,0.0,0.20477495,0.033180233,0.18575197,0.021673879,0.4,0.11625261,0.11987397,0.033586536
375316653866487564,3317519566489872128,0.54692924,2250.5171324338517,0.8220394658604605,9.099238E-5,17.937174,0.0022282791,0.15743268,0.008911244,0.0092693325,0.006741163,0.23458333,0.10754904,null,null,null,null,null,null,null,null,null,null,"ONEGAUSSIAN",5,1.9519151,0.15743268,0.008911244,0.051908266,0.037750512,0.23458333,0.0,null,null,null,null,null,null
375316653866487564,3317520807738681344,0.71207595,2236.7514765382484,2.443459144525504,2.7830256E-6,16.480618,0.0065963725,0.24826078,0.0016685663,0.10612709,0.0032138005,0.33812466,0.0068675787,0.748185,3.694176E-4,0.10410359,0.0018654586,0.36966848,0.005477899,null,null,null,null,"TWOGAUSSIANS",8,1.100704,0.748185,3.694176E-4,0.4,0.0,0.32794645,0.001496883,0.24826078,0.0016685663,0.4,0.0,0.29639962,0.0042390823
375316653866487564,3317520842098411136,0.5834048,2250.75743665906,2.4261222250485113,1.8024779E-5,16.779865,0.0043589594,0.26133522,0.002838683,0.075565934,0.0034367274,0.24434492,0.0049300245,0.75324553,0.0036642766,0.0806681,0.0034300978,0.16021588,0.009597864,null,null,null,null,"TWOGAUSSIANS",8,5.3407464,0.26133522,0.002838683,0.4,0.0,0.2423669,0.004612415,0.75324553,0.0036642766,0.4,0.0,0.15823786,0.009513203
375316653866487564,3317520910817892736,0.5111236,2227.8504660769486,2.879746788775625,1.3089219E-5,19.627995,0.011293991,0.23503321,0.010605426,0.07949685,0.017432868,0.49263573,0.585211,0.75080705,0.004867339,0.08662792,0.0055770944,0.44217914,0.02460623,null,null,null,null,"TWOGAUSSIANS",8,0.8947487,0.23503321,0.010605426,0.4,0.03465344,0.4851317,0.5895495,0.75080705,0.004867339,0.4,0.0,0.43467504,0.025147878
375316653866487564,3317527675388443392,0.5705934,2206.3045672465296,2.900126299027664,6.0120532E-5,19.316378,0.048322927,0.31298864,0.009650599,0.084884554,0.016022049,0.32566735,0.055454813,0.7856976,0.033671807,0.113592274,0.043027304,0.3033639,0.050234348,null,null,null,null,"TWOGAUSSIANS",8,1.2655298,0.31302863,0.0096112415,0.4,0.0,0.3076189,0.040853277,0.7856976,0.033671807,0.4,0.0,0.28525648,0.051902357
375316653866487564,3317531489319456768,0.49651977,2226.3524052953885,0.47315283630099714,1.2624943E-4,18.504835,0.011406742,0.15676084,0.024314351,0.033545565,0.012058355,0.9128781,20.721317,null,null,null,null,null,null,null,null,null,null,"ONEGAUSSIAN",5,10.112406,0.15676084,0.024314351,0.18785517,0.06752679,0.9128781,0.0,null,null,null,null,null,null
375316653866487564,3317532455689886208,0.5772351,2258.74916477625,3.7657844064747703,3.86584E-5,15.109819,0.0020134004,0.42082617,0.056769863,0.04293694,0.09453563,0.0753608,0.10460454,0.768971,0.015078582,0.027305117,0.0049369214,0.21776162,0.10209296,null,null,null,null,"TWOGAUSSIANS",8,10.903392,0.768971,0.015078582,0.15290865,0.02764676,0.21776162,0.10205987,0.42082617,0.056769863,0.24044687,0.17677325,0.0753608,0.1046207
375316653866487564,3317535926023406464,0.57211256,2227.489461134211,1.202673679132481,2.007353E-5,18.37875,0.008797284,0.28199184,0.0041106534,0.043552425,0.006692087,0.5791777,0.17297654,0.7937132,0.011061108,0.049330827,0.012450137,0.21942545,0.03942159,null,null,null,null,"TWOGAUSSIANS",8,3.645786,0.28199184,0.0041106534,0.24389358,0.037475687,0.5791775,0.17297685,0.7937132,0.011061108,0.27625263,0.06972077,0.21942528,0.039422784
375316653866487564,3317546641965980288,0.5017067,2232.6085708270657,0.28040649946823354,3.2036336E-5,18.521059,0.00420646,0.16877872,0.021534275,0.05135139,0.03191036,0.045869205,8.847343,0.89001954,6.1013986E-4,0.018062709,0.0010331043,0.5132227,0.10278948,null,null,null,null,"TWOGAUSSIANS",8,2.101235,0.89001954,6.1013986E-4,0.10115117,0.0057853837,0.5132227,0.10278943,0.16877872,0.021534275,0.2875678,0.178698,0.045869205,8.847343
375316653866487564,3317550868212789120,0.5566207,2176.0976001567633,2.646289988036126,2.175322E-5,18.722137,0.02450681,0.24762583,0.013390636,0.0381918,0.029844102,0.59472865,6.0377883E15,0.7478581,0.016661404,0.040352665,0.013323966,0.4991314,0.096459076,0.116519935,0.029881906,0.24762583,0.013390636,"TWOGAUSSIANS_WITH_ELLIPSOIDAL_ON_ECLIPSE1",9,6.658082,0.24762583,0.013390636,0.21387407,0.16712697,0.8277684,6.0377883E15,0.7478581,0.015940992,0.22597492,0.07461421,0.73217064,0.08554325
375316653866487564,3317550941228999552,0.46417388,2195.2785771832223,3.783188464156472,3.3123044E-5,19.802956,0.057326004,0.33487338,0.015241802,0.110376604,0.029759929,0.27868155,0.06952628,0.79324204,0.009619229,0.099972524,0.023523714,0.19201957,0.05755494,null,null,null,null,"TWOGAUSSIANS",8,1.5165638,0.3348834,0.015216546,0.4,0.0,0.26177168,0.059615638,0.79324204,0.009619229,0.4,0.0,0.17515618,0.029737955
375316653866487564,3317551589767307776,0.4962392,2209.561998178552,0.12197798448277244,1.5430397E-4,16.858967,0.011295305,0.29311743,0.020952024,0.045537665,0.026586017,1.5207565,30757.838,0.631534,0.0125368815,0.02398411,0.0072371187,1.12963,0.78799933,null,null,null,null,"TWOGAUSSIANS",8,159.34029,0.29311743,0.020952024,0.25501093,0.14888169,1.5207565,30757.838,0.631534,0.0125368815,0.134311,0.04052786,1.12963,0.78799933
375316653866487564,3317552281258862208,0.56672794,2249.8156586515825,0.692865099362377,1.46204375E-5,17.268791,0.00769353,0.28177208,0.0015131874,0.11078544,0.0074992348,0.123337746,0.0072381436,0.77746683,0.0056956075,0.078923635,0.006962925,0.19003628,0.015724843,null,null,null,null,"TWOGAUSSIANS",8,1.9075301,0.77746683,0.0056956075,0.4,0.0,0.18164055,0.016699987,0.28177208,0.0015131874,0.4,0.0,0.11493256,0.005098637
375316653866487564,3317558289916693504,0.5067373,2267.3028413554935,0.26198851104983817,3.1292457E-5,18.719168,0.009042067,0.302146,0.0020442435,0.04483919,0.0028894613,0.4141899,0.048223045,0.8020482,0.04289219,0.06338397,0.045984734,0.052302692,0.03232233,null,null,null,null,"TWOGAUSSIANS",8,3.806404,0.302146,0.0020442435,0.25109947,0.016180985,0.41418448,0.048211135,0.8020482,0.04289219,0.35495022,0.15775912,0.05229727,0.032381997
375316653866487564,3317566712348932864,0.5367294,2218.745145552794,1.1916420648973611,3.4878314E-5,13.613917,0.0023304743,0.75050193,0.008103131,0.046372313,0.025537431,0.10780979,0.02977903,null,null,null,null,null,null,0.028372724,0.0029647867,0.75050193,0.008103131,"ONEGAUSSIAN_WITH_ELLIPSOIDAL",6,85.74573,0.75050193,0.008103131,0.25968495,0.14300962,0.16455519,0.02990102,null,null,null,null,null,null
375316653866487564,3317567360887140608,0.6455066,2158.5354750936863,3.41511772419011,8.350852E-6,17.699472,0.0058979923,0.28279608,1.5048575E-4,0.06380798,5.985052E-4,0.5206451,0.005794063,0.77397156,0.0035751609,0.07528201,0.0043945075,0.41029915,0.023930848,null,null,null,null,"TWOGAUSSIANS",8,4.2712274,0.28279608,1.5048575E-4,0.3573247,0.003351629,0.51951426,0.005417271,0.77397156,0.0035751609,0.4,0.0,0.4091683,0.024391444
375316653866487564,3317567640061840128,0.72193533,2265.7002221993757,0.6534362891309006,4.7464277E-6,16.541283,0.0012901868,0.2525826,0.0010699519,0.02754602,8.6077134E-4,0.40284386,0.015181204,0.7396183,0.009728501,0.027723478,0.0045845187,0.29678994,0.048268985,0.023687555,0.0024745343,0.2525826,0.0010699519,"TWOGAUSSIANS_WITH_ELLIPSOIDAL_ON_ECLIPSE1",9,1.6650863,0.2525826,0.0010699519,0.15425771,0.0048203194,0.45021898,0.016045192,0.7397383,0.009663915,0.15525147,0.025673306,0.34385437,0.04865387
375316653866487564,3317573378138409472,0.50777256,2217.1990926508056,3.310212548399893,2.2941884E-5,14.414891,0.01523716,0.21194719,0.0108414255,0.07934295,0.021375613,0.111793354,0.014732905,0.692722,0.009272627,0.10908691,0.023664081,0.12579364,0.05130453,null,null,null,null,"TWOGAUSSIANS",8,77.85689,0.692722,0.009272627,0.4,0.0,0.120489635,0.053273477,0.21195719,0.01084758,0.4,0.032770492,0.10649848,0.009608219
375316653866487564,3317573579999005952,0.6148246,2221.4636000165606,2.9521342272850553,1.1969151E-5,17.946959,0.010571301,0.2640892,0.003975261,0.083890684,0.004520281,0.48731634,0.03151168,0.7680687,0.002144476,0.07392332,0.005242488,0.5532877,0.027757647,null,null,null,null,"TWOGAUSSIANS",8,3.7812836,0.7680687,0.002144476,0.4,0.0052809864,0.5469947,0.029106595,0.2640892,0.003975261,0.4,0.0,0.48102334,0.03254017
375316653866487564,3317584476333831552,0.531764,2231.4734795673835,1.9955798627509813,9.909264E-5,15.865859,0.0033641965,0.3791268,0.002271529,0.046842176,0.0012248096,0.55755234,0.02498993,0.57668865,0.035029296,0.061124638,0.049123794,0.04527719,0.33830816,null,null,null,null,"TWOGAUSSIANS",8,75.54509,0.3791768,0.0021890816,0.2623162,0.0068589337,0.5577967,0.02411626,0.57668865,0.035029296,0.34229797,0.2733603,0.04535368,0.33896044
375316653866487564,3317584991726159104,0.5162991,2248.8567407620067,2.6010214392717494,1.4419642E-5,18.803232,0.0029033623,null,null,null,null,null,null,null,null,null,null,null,null,0.09082597,0.004059177,0.15292324,0.0034047698,"ELLIPSOIDAL",4,1.5310555,null,null,null,null,null,null,null,null,null,null,null,null
375316653866487564,3317588114169338240,0.45492616,2225.2291768807477,2.8793398391958105,1.6841112E-5,18.543243,0.017642863,0.1161323,0.008903402,0.074235395,0.015792308,0.10839303,0.02297228,0.5999056,0.009806106,0.08982073,0.027258635,0.12046415,0.030334521,null,null,null,null,"TWOGAUSSIANS",8,2.4849224,0.5999056,0.009806106,0.4,0.0,0.11884559,0.031909395,0.1161323,0.008902389,0.4,0.019715842,0.10677454,0.020935673
375316653866487564,3317588595205669760,0.5949899,2235.9527422301417,2.939532241783664,8.491844E-6,19.276148,0.015661022,0.22750783,0.0025852579,0.068192914,0.00312237,0.5887463,0.025669286,0.7137809,0.0015995038,0.057742007,0.0026770667,0.56627166,0.015399389,null,null,null,null,"TWOGAUSSIANS",8,2.3689,0.22750783,0.0025852579,0.3818803,0.017485272,0.5884656,0.025654038,0.7137809,0.0015995038,0.32335523,0.014991573,0.5659909,0.015282722
375316653866487564,3317594127121661568,0.5067554,2245.483513377765,3.6053289967610525,3.442345E-5,18.935854,0.010212949,0.21996245,0.06395929,0.07897497,0.027236551,0.27255508,0.11793158,0.7222805,0.010661844,0.07794233,0.013444632,0.22005618,0.02387988,null,null,null,null,"TWOGAUSSIANS",8,4.218205,0.21996245,0.06395929,0.4,0.0,0.26963848,0.1157648,0.7222805,0.010661844,0.4,0.0,0.21713957,0.024236072
375316653866487564,3317595780688573952,0.47852388,2273.4318777599915,0.0973790263463408,2.5616353E-5,17.967981,0.11343534,0.16722187,0.05658172,0.058027253,0.04086056,0.5643488,2.185395,0.6487281,0.020605218,0.1370064,0.037922703,0.6004067,0.11175649,null,null,null,null,"TWOGAUSSIANS",8,22.543013,0.6487281,0.020605218,0.4,0.0,0.56909215,0.038575422,0.16733187,0.056820035,0.32495263,0.22602698,0.53474975,2.2150953
375316653866487564,3317597670473367040,0.65817493,2229.2539226733306,3.4468274163598633,1.2604412E-5,16.60143,0.025897875,0.34387589,0.017210899,0.062034134,0.031556327,0.2522054,0.04589069,0.82527226,0.00464693,0.051310178,0.004998119,0.35065684,0.043638717,0.098046616,0.015044524,0.34387589,0.017210899,"TWOGAUSSIANS_WITH_ELLIPSOIDAL_ON_ECLIPSE1",9,8.830393,0.82720226,0.0028585908,0.28733698,0.027989466,0.5442813,0.008309837,0.34387589,0.017210899,0.34739116,0.0782422,0.44822222,0.031276807
375316653866487564,3317600586752565376,0.54378945,2266.3135887337758,1.2365455887959285,1.5806354E-5,18.21088,0.20951766,0.27845296,0.017860377,0.10867639,0.021576146,0.21710886,0.11827578,0.7780744,0.09493775,0.08873918,0.1480297,0.27476338,0.4152145,null,null,null,null,"TWOGAUSSIANS",8,2.6679826,0.7780744,0.09493775,0.4,0.0,0.2555198,0.42553565,0.27845296,0.010823784,0.4,0.0,0.19785437,0.015304415
375316653866487564,3317604198823347968,0.55559975,2225.6886621516833,1.31646698441669,1.8017052E-5,16.53447,0.038006432,0.16769417,0.025882019,0.07926572,0.033631783,0.23396032,0.042047225,0.65198547,0.004364222,0.081575125,0.012697495,0.30564272,0.032397166,null,null,null,null,"TWOGAUSSIANS",8,28.57535,0.65198547,0.004364222,0.4,0.0,0.3025075,0.022234183,0.16769417,0.025882019,0.4,5.556454E-4,0.23082507,0.039856546
375316653866487564,3317604886020106496,0.68721753,2240.920627770245,1.7929854498755449,6.0354446E-6,17.108673,0.0040389253,0.33419016,0.0013409045,0.05116726,0.0021555836,0.2969642,0.013366118,0.829578,0.0135032395,0.046827924,0.013414474,0.03155998,0.012677091,0.08743794,0.0061532287,0.33419016,0.0013409045,"TWOGAUSSIANS_WITH_ELLIPSOIDAL_ON_ECLIPSE1",9,1.942602,0.33419016,0.0013409045,0.28653666,0.012071268,0.4718381,0.009906316,0.83183795,0.007947153,0.2622364,0.07512105,0.20635892,0.0068437415
