Gaia/vari_eclipsing_binary/VariEclipsingBinary_194043-195959.csv
# %ECSV 1.0
# ---
# delimiter: ','
# meta: !!omap
# - RELEASE: Gaia DR3
# - TABLE: vari_eclipsing_binary
# - DESCRIPTION: >
#     This table describes the properties of the eclipsing binaries resulting from the variability analysis. 
# - CITATION: >
#     How to cite and acknowledge Gaia: 
#     https://gea.esac.esa.int/archive/documentation/credits.html 
# - KNOWN_ISSUES: >
#     Known issues: 
#     https://www.cosmos.esa.int/web/gaia-users/known-issues 
# - DOCUMENTATION: >
#     Tutorials and documentation: 
#     https://www.cosmos.esa.int/web/gaia-users/archive 
# datatype:
# - 
#   name: solution_id
#   datatype: int64
#   description: Solution Identifier
#   meta:
#     ucd: meta.version
# - 
#   name: source_id
#   datatype: int64
#   description: Unique source identifier
#   meta:
#     ucd: meta.id;meta.main
# - 
#   name: global_ranking
#   datatype: float32
#   description: Number between 0 (worst) and 1 (best)
#   meta:
#     ucd: stat.param
# - 
#   name: reference_time
#   datatype: float64
#   unit: d
#   description: Reference time used for the geometric model fit
#   meta:
#     ucd: time.epoch
# - 
#   name: frequency
#   datatype: float64
#   unit: d**-1
#   description: Frequency of geometric model of the eclipsing binary light curve
#   meta:
#     ucd: src.orbital
# - 
#   name: frequency_error
#   datatype: float32
#   unit: d**-1
#   description: "Uncertainty of \\texttt{frequency}"
#   meta:
#     ucd: stat.error
# - 
#   name: geom_model_reference_level
#   datatype: float32
#   unit: mag
#   description: Magnitude reference level of geometric model
#   meta:
#     ucd: phot.mag;em.opt
# - 
#   name: geom_model_reference_level_error
#   datatype: float32
#   unit: mag
#   description: "Uncertainty of \\texttt{geomModelReferenceLevel}"
#   meta:
#     ucd: stat.error;phot.mag;em.opt
# - 
#   name: geom_model_gaussian1_phase
#   datatype: float32
#   description: Phase of the Gaussian 1 component
#   meta:
#     ucd: time.phase
# - 
#   name: geom_model_gaussian1_phase_error
#   datatype: float32
#   description: "Uncertainty of \\texttt{geomModelGaussian1Phase}"
#   meta:
#     ucd: stat.error;time.phase
# - 
#   name: geom_model_gaussian1_sigma
#   datatype: float32
#   description: "Standard deviation [phase] of Gaussian 1 component"
#   meta:
#     ucd: stat.stdev
# - 
#   name: geom_model_gaussian1_sigma_error
#   datatype: float32
#   description: "Uncertainty of \\texttt{geomModelGaussian1Sigma}"
#   meta:
#     ucd: stat.error
# - 
#   name: geom_model_gaussian1_depth
#   datatype: float32
#   unit: mag
#   description: Magnitude depth of Gaussian 1 component
#   meta:
#     ucd: src.var.amplitude
# - 
#   name: geom_model_gaussian1_depth_error
#   datatype: float32
#   unit: mag
#   description: "Uncertainty of \\texttt{geomModelGaussian1Depth}"
#   meta:
#     ucd: stat.error;src.var.amplitude
# - 
#   name: geom_model_gaussian2_phase
#   datatype: float32
#   description: Phase of Gaussian 2 component
#   meta:
#     ucd: time.phase
# - 
#   name: geom_model_gaussian2_phase_error
#   datatype: float32
#   description: "Uncertainty of \\texttt{geomModelGaussian2Phase}"
#   meta:
#     ucd: stat.error;time.phase
# - 
#   name: geom_model_gaussian2_sigma
#   datatype: float32
[...]
#   datatype: float32
#   description: "Secondary eclipse: uncertainty of \\texttt{derivedSecondaryEclDuration}"
#   meta:
#     ucd: stat.error;time.duration
# - 
#   name: derived_secondary_ecl_depth
#   datatype: float32
#   unit: mag
#   description: "Secondary eclipse: depth"
#   meta:
#     ucd: src.var.amplitude
# - 
#   name: derived_secondary_ecl_depth_error
#   datatype: float32
#   unit: mag
#   description: "Secondary eclipse: uncertainty of \\texttt{derivedSecondaryEclDepth}"
#   meta:
#     ucd: stat.error;src.var.amplitude
solution_id,source_id,global_ranking,reference_time,frequency,frequency_error,geom_model_reference_level,geom_model_reference_level_error,geom_model_gaussian1_phase,geom_model_gaussian1_phase_error,geom_model_gaussian1_sigma,geom_model_gaussian1_sigma_error,geom_model_gaussian1_depth,geom_model_gaussian1_depth_error,geom_model_gaussian2_phase,geom_model_gaussian2_phase_error,geom_model_gaussian2_sigma,geom_model_gaussian2_sigma_error,geom_model_gaussian2_depth,geom_model_gaussian2_depth_error,geom_model_cosine_half_period_amplitude,geom_model_cosine_half_period_amplitude_error,geom_model_cosine_half_period_phase,geom_model_cosine_half_period_phase_error,model_type,num_model_parameters,reduced_chi2,derived_primary_ecl_phase,derived_primary_ecl_phase_error,derived_primary_ecl_duration,derived_primary_ecl_duration_error,derived_primary_ecl_depth,derived_primary_ecl_depth_error,derived_secondary_ecl_phase,derived_secondary_ecl_phase_error,derived_secondary_ecl_duration,derived_secondary_ecl_duration_error,derived_secondary_ecl_depth,derived_secondary_ecl_depth_error
[from data line 285]
375316653866487564,1720441479325948672,0.50664777,2223.051100488224,2.059199927681602,3.2282627E-5,18.187664,0.009668153,0.19481315,2.5310396E-4,0.009136933,0.0017647073,3.5937486,6.4484653,0.7259786,0.0108607,0.041090343,0.02831549,0.7265234,0.5758497,null,null,null,null,"TWOGAUSSIANS",8,18.468508,0.19481315,2.5310396E-4,0.051166825,0.009882361,3.5937486,6.4484653,0.7259786,0.0108607,0.23010592,0.15856674,0.7265234,0.5758497
375316653866487564,1720655196898761344,0.6757522,2212.0626556839984,1.9473614918379543,3.5436178E-6,15.086982,0.006159171,0.1988805,0.0011590093,0.04662673,0.0042370073,0.17170851,0.016423298,0.7033159,0.0030362247,0.04802398,0.004595315,0.16346362,0.014943999,0.13785082,0.00962475,0.1988805,0.0011590093,"TWOGAUSSIANS_WITH_ELLIPSOIDAL_ON_ECLIPSE1",9,18.105453,0.1988805,0.0011590093,0.26110968,0.02372724,0.44740966,0.0070194635,0.7033159,0.0030362247,0.26893428,0.025733765,0.43895072,0.008060313
375316653866487564,1720702682057237248,0.59746885,2200.6602908666046,2.9415143153410224,6.6131743E-6,16.932703,0.016008629,0.26096386,0.0027192566,0.09790843,0.005885396,0.32859373,0.015483962,0.76557034,0.0026625646,0.112469845,0.0065282495,0.29490763,0.01549292,null,null,null,null,"TWOGAUSSIANS",8,6.715153,0.26095384,0.0027230592,0.4,0.0,0.29382473,0.0060175173,0.76557034,0.0026625646,0.4,0.0,0.26010948,0.006424973
375316653866487564,1720910146157228160,0.5250912,2211.5589134777333,2.2851615946135806,1.2884846E-5,15.540951,0.0027402476,0.22790506,0.0019466556,0.0064445985,0.034481116,0.7372715,1.323085E7,0.736989,0.004628292,0.018085806,0.0064198715,0.18167774,0.7118628,0.09446517,0.0047775162,0.22790506,0.0019466556,"TWOGAUSSIANS_WITH_ELLIPSOIDAL_ON_ECLIPSE1",9,50.465183,0.22790506,0.0019466556,0.036089752,0.19309424,0.92620176,1.323085E7,0.736989,0.004628292,0.10128052,0.03595128,0.36999324,0.7120939
375316653866487564,1720919251487913984,0.6499546,2164.8989878926504,2.5506700749832305,3.2593323E-6,13.168604,0.0040000197,0.21430342,5.533264E-4,0.088401094,0.0019034299,0.24252278,0.003434143,0.71226025,0.0025519072,0.09570732,0.002627712,0.22739817,0.004327736,null,null,null,null,"TWOGAUSSIANS",8,21.897476,0.21430342,5.533264E-4,0.4,0.0,0.23114505,0.0022833247,0.71226025,0.0025519072,0.4,0.0,0.21601997,0.0029308165
375316653866487564,1720958623452516096,0.48716393,2200.4064957499436,3.708867705734072,4.230425E-5,18.047682,0.016167186,0.2548773,0.00852224,0.08094078,0.01143655,0.265776,0.026119575,0.7486965,0.0040564467,0.0823238,0.010182777,0.28135943,0.03496905,null,null,null,null,"TWOGAUSSIANS",8,14.109878,0.7486965,0.0040564467,0.4,0.0,0.2768846,0.035957914,0.2548773,0.00852224,0.4,0.0,0.26130113,0.02580314
375316653866487564,1721007109338019840,0.4588124,2188.7707995882415,1.677925310001215,1.942547E-4,15.807564,0.008091201,0.29086477,6.970698E-4,0.03020928,0.0017545058,0.5044655,0.038751088,0.5161439,0.0070234546,0.045200475,0.008766481,0.41367045,0.1793272,null,null,null,null,"TWOGAUSSIANS",8,58.499523,0.29086477,6.970698E-4,0.16917197,0.009825232,0.5044672,0.038766786,0.5161439,0.0070234546,0.25312266,0.049092293,0.41367045,0.1793272
375316653866487564,1721021780948134144,0.6387934,2158.143070009019,3.7048056083269683,4.9295177E-6,13.482237,0.014957018,0.22304618,0.0032491246,0.047416918,0.005227361,0.42594314,0.032464806,0.72651184,0.0016441698,0.051459342,0.00394692,0.4711244,0.052141108,0.12707503,0.021381741,0.72651184,0.0016441698,"TWOGAUSSIANS_WITH_ELLIPSOIDAL_ON_ECLIPSE2",9,460.73465,0.72651184,0.0016441698,0.28817233,0.02210275,0.7252707,0.041128263,0.22337618,0.0029066387,0.26553473,0.029273221,0.67998046,0.01280734
375316653866487564,1721042671669090944,0.43530667,2164.037553893915,3.538120770790218,2.9983148E-5,16.195202,0.030840328,0.28718343,0.019909497,0.10742836,0.029673565,0.13969749,0.026969362,0.7187951,0.012361439,0.124649025,0.02249674,0.14418578,0.03054228,null,null,null,null,"TWOGAUSSIANS",8,35.805458,0.7187951,0.012361439,0.4,0.0,0.13011222,0.012603673,0.28801346,0.019855753,0.4,0.0,0.12594788,0.018688088
375316653866487564,1721085002866579840,0.6178712,2194.2049836100905,3.3979687191846457,4.9018854E-6,12.732705,0.020417977,0.24366306,0.0030837492,0.05549122,0.0065680007,0.37798917,0.0489531,0.7369487,0.0035180033,0.048327204,0.010599918,0.36865225,0.1407062,0.09209358,0.028730065,0.24366306,0.0030837492,"TWOGAUSSIANS_WITH_ELLIPSOIDAL_ON_ECLIPSE1",9,357.5498,0.24366306,0.0030837492,0.31075084,0.0367808,0.5621601,0.011375344,0.7375187,0.0033363458,0.27063233,0.05935954,0.55252314,0.16577367
375316653866487564,1721212301400363008,0.6779361,2165.9473498897755,0.6838691574632665,4.4294347E-6,12.09802,0.0011326774,0.2801444,7.796424E-4,0.033858255,0.0011078301,0.23781604,0.01207138,0.7773943,0.0013026862,0.032309238,0.0014802732,0.23105538,0.010260218,0.02795342,0.002153056,0.7773943,0.0013026862,"TWOGAUSSIANS_WITH_ELLIPSOIDAL_ON_ECLIPSE2",9,21.234787,0.2800844,7.633083E-4,0.18960622,0.0062038484,0.29370648,0.012342175,0.7773943,0.0013026862,0.18093173,0.00828953,0.28696218,0.011101272
375316653866487564,1721253296863312640,0.5272076,2220.877423214115,4.166633544886432,6.893255E-5,15.578456,0.0028058128,0.41489378,0.015466631,0.03921912,0.013061997,0.29070145,0.05838607,null,null,null,null,null,null,null,null,null,null,"ONEGAUSSIAN",5,13.992765,0.41489378,0.015466631,0.21962705,0.073147185,0.29070145,0.0,null,null,null,null,null,null
375316653866487564,1721261332747158144,0.5452995,2222.0134292886673,4.399767073658319,1.3124671E-5,19.804352,0.008821904,0.23716883,0.0033576554,0.07450435,0.004142749,0.40931243,0.012038426,0.73169565,0.007083778,0.08341976,0.0069166156,0.36753714,0.031879697,null,null,null,null,"TWOGAUSSIANS",8,0.727837,0.23716883,0.0033576554,0.4,0.0,0.40471166,0.011195353,0.73169565,0.007083778,0.4,0.0,0.36293638,0.031347618
375316653866487564,1721314143665427584,0.48342383,2147.4022859488628,0.9779356630009122,4.5498986E-5,17.804848,0.006103739,0.18347667,0.0010439017,0.012450534,6.5916486E-4,1.6334984,0.41904113,0.6373757,0.018767867,0.09342033,0.028119354,0.06981315,0.0113548245,null,null,null,null,"TWOGAUSSIANS",8,12.384679,0.18347667,0.0010439017,0.06972299,0.003691323,1.6334988,0.41903958,0.6373757,0.018767867,0.4,0.0,0.06981291,0.011355639
375316653866487564,1721321535305315968,0.45481068,2169.6342455568833,4.5888521865771965,4.420558E-5,19.488894,0.012080885,0.21462648,0.075412266,0.08448915,0.052555956,0.050595194,0.015024876,0.59500724,0.0038179185,0.025432587,0.005093631,0.43855637,0.13973327,null,null,null,null,"TWOGAUSSIANS",8,2.8385255,0.59500724,0.0038179185,0.14242248,0.028524334,0.43855837,0.13974206,0.21462648,0.075412266,0.4,0.12876262,0.05059518,0.0150244925
375316653866487564,1721321878902697728,0.56702054,2162.3404946468745,0.14853255883824185,4.7920166E-5,12.885862,0.007338909,0.39734522,0.060075663,0.024794867,0.028734563,0.029159699,18836.934,0.6246806,0.0047339043,0.019618789,0.008017192,0.615035,0.09918826,0.008262409,0.011877076,0.6246806,0.0047339043,"TWOGAUSSIANS_WITH_ELLIPSOIDAL_ON_ECLIPSE2",9,302.414,0.6246806,0.0047339043,0.10986521,0.044896275,0.6315598,0.1110187,0.3979752,0.05989636,0.13885126,0.16091356,0.029501747,18836.934
375316653866487564,1721402693007483520,0.5729217,2194.899529341964,0.12024925861260595,4.1077605E-5,14.509923,0.004317142,0.25315607,6.157863E-4,0.0054470985,3.3009815E-4,1.751778,0.36629283,0.61910444,0.008128913,0.014411551,0.012517585,0.1234571,0.06846678,0.01632467,0.005639593,0.25315607,6.157863E-4,"TWOGAUSSIANS_WITH_ELLIPSOIDAL_ON_ECLIPSE1",9,379.66785,0.25315607,6.157863E-4,0.030503752,0.0018485497,1.7844273,0.36967266,0.61944443,0.006916822,0.08070469,0.07009848,0.13796383,0.06896176
375316653866487564,1721409015199349888,0.47784096,2215.1648198112757,0.04915305489280428,3.0963878E-5,17.594507,0.005570139,0.1404406,0.007789716,0.03037861,0.006346372,0.06596849,0.013982841,0.64873576,0.008855449,0.0030080064,0.005846985,1.3025286,1.883403,null,null,null,null,"TWOGAUSSIANS",8,19.984722,0.64873576,0.008855449,0.016844835,0.032743115,1.3025286,1.883403,0.1404406,0.007789716,0.17012021,0.035539683,0.06596849,0.013982841
375316653866487564,1721424305282938112,0.49303898,2190.2868121310553,2.3855037919510287,1.1988668E-5,16.808401,0.0021032097,0.29579926,0.0033869902,0.01623612,0.0062529175,0.10135878,0.021668602,0.7995879,0.012601491,0.018764513,0.0058451137,0.119153395,0.053389255,0.010793829,0.0043865833,0.29579926,0.0033869902,"TWOGAUSSIANS_WITH_ELLIPSOIDAL_ON_ECLIPSE1",9,10.451379,0.7995879,0.01255339,0.105081275,0.032732636,0.14072877,0.05280229,0.29579926,0.0033869902,0.09092228,0.035016336,0.12294639,0.023412734
375316653866487564,1721446673472671616,0.5381508,2196.144752461995,2.3696496839975776,4.220058E-6,13.099923,0.041397102,0.23890132,0.001356481,0.22112747,0.018157247,0.3829037,0.03952394,0.73948145,0.0015389022,0.17729571,0.012726367,0.32947594,0.0377405,null,null,null,null,"TWOGAUSSIANS",8,10.336927,0.23859131,0.001339774,0.4,0.0,0.070803575,0.0016797028,0.74001145,0.0018706323,0.4,0.0,0.064409874,0.002592332
375316653866487564,1721456049384375680,0.5777863,2184.532766573689,2.4808510215128026,7.805859E-6,18.022116,0.008968824,0.2484976,0.005535105,0.07530313,0.005859011,0.29270583,0.01158374,0.74485797,0.0027101957,0.084341206,0.0064008385,0.35464478,0.016084934,null,null,null,null,"TWOGAUSSIANS",8,2.9789572,0.74485797,0.0027101957,0.4,0.0,0.35018197,0.017159004,0.2484976,0.005535105,0.4,0.0,0.28824306,0.009862604
375316653866487564,1721460795325267200,0.5598752,2174.214596001347,2.9683832497264167,8.703724E-6,15.262424,0.022003189,0.26646447,0.001805517,0.11355982,0.009561644,0.24327928,0.018646315,0.760354,0.0027203504,0.110206366,0.011520502,0.2029474,0.019147031,null,null,null,null,"TWOGAUSSIANS",8,29.047632,0.2664745,0.0018093848,0.4,0.0,0.20884563,0.007071221,0.760354,0.0027203504,0.4,0.0,0.1685304,0.006836111
375316653866487564,1721534767545403264,0.46027762,2137.933242890208,0.5663636008917269,2.2262288E-5,17.792353,0.00531025,0.29563284,0.030342126,0.023625964,0.02359048,0.2579418,4783.083,0.7297016,0.0045109917,0.005907456,0.0047079963,1.1334765,0.8834551,null,null,null,null,"TWOGAUSSIANS",8,13.443581,0.7297016,0.0045109917,0.03308175,0.02636478,1.1334765,0.8834551,0.29563284,0.030342126,0.1323054,0.13210669,0.2579418,4783.083
375316653866487564,1721670660310560768,0.44490904,2203.01076003311,3.6481119504326416,2.6989977E-5,17.188904,0.069907665,0.14696041,0.006858417,0.103277005,0.028646441,0.16416213,0.065854624,0.6448104,0.009893088,0.124448165,0.055178422,0.13216716,0.06451209,null,null,null,null,"TWOGAUSSIANS",8,19.71371,0.14697042,0.0068876934,0.4,0.0,0.138841,0.011983166,0.6448104,0.009893088,0.4,0.0,0.10676595,0.017933635
375316653866487564,1721674130644139520,0.43640116,2186.5380262944,2.1052327291398933,4.4729357E-5,18.331123,0.009711527,0.14604545,0.026011998,0.018067814,0.018132357,0.046765894,0.03244287,0.64634544,0.008617316,0.09595847,0.03387219,0.0899618,0.015333828,null,null,null,null,"TWOGAUSSIANS",8,4.7747974,0.64634544,0.008617316,0.4,0.0,0.089953534,0.015470483,0.14604545,0.026011998,0.101179756,0.1015412,0.04675786,0.032421302
375316653866487564,1721675852926769664,0.5966483,2212.462793622919,1.4830684146933035,2.0252675E-5,13.203095,0.002480737,0.21249773,0.004014398,0.06617132,0.006674999,0.088625126,0.010244446,0.7147421,0.0021434121,0.05258781,0.002083147,0.43052185,0.0221125,null,null,null,null,"TWOGAUSSIANS",8,96.48532,0.7147421,0.0021434121,0.29449174,0.011665623,0.43047658,0.0221216,0.21249773,0.004014398,0.3705594,0.037379995,0.088579856,0.010269066
375316653866487564,1721689562462338688,0.56012464,2200.1239000230144,3.59054353695194,6.8201043E-6,16.883303,0.007934758,0.18180501,0.0027480626,0.08811799,0.0046024006,0.35960957,0.014316347,0.67466193,0.002637395,0.084504426,0.004696159,0.4186968,0.0178062,null,null,null,null,"TWOGAUSSIANS",8,22.93367,0.67466193,0.002637395,0.4,0.0,0.40835425,0.019376446,0.18180501,0.0027480626,0.4,0.0,0.34926698,0.015127085
375316653866487564,1721730244392594304,0.60564774,2172.8212685958624,3.3125457073085167,8.037111E-6,16.75545,0.0115890335,0.28409776,0.002788364,0.04753821,0.0052007725,0.31409705,0.021428004,0.78969556,0.00433732,0.05501699,0.0056911865,0.40007785,0.025927924,0.114935316,0.01298102,0.28409776,0.002788364,"TWOGAUSSIANS_WITH_ELLIPSOIDAL_ON_ECLIPSE1",9,32.982292,0.78969556,0.00433732,0.30809516,0.031870645,0.62965363,0.013965766,0.28409776,0.002788364,0.26621398,0.029124327,0.5439571,0.011434083
375316653866487564,1721784876377142016,0.43669498,2187.257489827664,3.4202195431815685,7.467886E-5,17.694025,0.0076270723,0.2306686,0.0193469,0.048609015,0.010291334,0.18753836,0.08411729,0.7291049,0.01025384,0.036083627,0.0062644947,0.11720464,0.028602012,null,null,null,null,"TWOGAUSSIANS",8,28.98821,0.2306686,0.0193469,0.27221048,0.05763147,0.18753836,0.0841173,0.7291049,0.01025384,0.20206831,0.03508117,0.11720463,0.028602013
375316653866487564,1721792671741374080,0.41285172,2217.3222926656163,0.3713593736061202,1.444848E-4,19.237173,0.0068574715,0.802502,0.020900602,0.031138832,0.017344521,0.574555,0.4691466,null,null,null,null,null,null,null,null,null,null,"ONEGAUSSIAN",5,15.16003,0.802502,0.020900602,0.17437746,0.09712932,0.574555,0.0,null,null,null,null,null,null
375316653866487564,1721859299570075520,0.60245687,2182.7245557790843,0.11215510102165993,5.912799E-6,13.618252,4.629977E-4,0.25816506,0.0011156619,0.024780754,0.01744293,0.038816147,0.017303087,0.56622934,0.011402006,0.043399405,0.017388504,0.010800067,0.0055614007,0.03808866,7.2079245E-4,0.25816506,0.0011156619,"TWOGAUSSIANS_WITH_ELLIPSOIDAL_ON_ECLIPSE1",9,12.181008,0.25816506,0.0011156619,0.13877222,0.09768041,0.11499339,0.017520938,0.75815934,0.0011421688,0.24303667,0.09737562,0.07617786,0.0014433417
375316653866487564,1721906784728533120,0.6201957,2199.3191341543084,2.619821936106652,7.634194E-6,14.856586,0.016230512,0.30239215,0.0019613784,0.06341476,0.006967508,0.17195687,0.035391606,0.7996138,0.005328029,0.05847834,0.00922473,0.17969698,0.034139253,0.061937064,0.01968895,0.30239215,0.0019613784,"TWOGAUSSIANS_WITH_ELLIPSOIDAL_ON_ECLIPSE1",9,48.801987,0.8000538,0.004475167,0.3274787,0.05165849,0.30345154,0.013688553,0.30239215,0.0019613784,0.35512263,0.039018046,0.29574326,0.0065096
375316653866487564,1721919360391891456,0.48041508,2198.2947891285444,3.451064307598406,8.2383325E-5,18.773659,0.004110983,0.28841344,0.02944441,0.02069145,0.012473766,0.09124778,0.045534946,0.58819073,0.0055603175,0.018787296,0.012965489,1.830606,4.90231552E8,null,null,null,null,"TWOGAUSSIANS",8,6.0549088,0.58819073,0.0055603175,0.10520886,0.072606735,1.830606,4.90231552E8,0.28841344,0.02944441,0.11587213,0.06985309,0.09124778,0.045534946
375316653866487564,1721954059432824832,0.5865038,2194.588567360786,3.666931610396154,7.5044577E-6,18.497898,0.007053516,0.25366557,0.0032886344,0.043823652,0.004531944,0.3632583,0.029448358,0.7514947,9.590175E-4,0.041634083,0.0015941423,0.5063127,0.021293363,0.04593453,0.009824154,0.25366557,0.0032886344,"TWOGAUSSIANS_WITH_ELLIPSOIDAL_ON_ECLIPSE1",9,3.2396412,0.7515447,9.277784E-4,0.23315085,0.008927196,0.598165,0.01825593,0.25366557,0.0032886344,0.24541245,0.025378888,0.45512724,0.032050285
375316653866487564,1721975538564868608,0.4659435,2210.0377840876454,0.9081582516256274,1.2516756E-5,13.7784195,0.0010928148,null,null,null,null,null,null,null,null,null,null,null,null,0.017380768,0.0017708135,0.27965242,0.0043776063,"ELLIPSOIDAL",4,25.745838,null,null,null,null,null,null,null,null,null,null,null,null
