Gaia/vari_eclipsing_binary/VariEclipsingBinary_458946-458957.csv
# %ECSV 1.0
# ---
# delimiter: ','
# meta: !!omap
# - RELEASE: Gaia DR3
# - TABLE: vari_eclipsing_binary
# - DESCRIPTION: >
#     This table describes the properties of the eclipsing binaries resulting from the variability analysis. 
# - CITATION: >
#     How to cite and acknowledge Gaia: 
#     https://gea.esac.esa.int/archive/documentation/credits.html 
# - KNOWN_ISSUES: >
#     Known issues: 
#     https://www.cosmos.esa.int/web/gaia-users/known-issues 
# - DOCUMENTATION: >
#     Tutorials and documentation: 
#     https://www.cosmos.esa.int/web/gaia-users/archive 
# datatype:
# - 
#   name: solution_id
#   datatype: int64
#   description: Solution Identifier
#   meta:
#     ucd: meta.version
# - 
#   name: source_id
#   datatype: int64
#   description: Unique source identifier
#   meta:
#     ucd: meta.id;meta.main
# - 
#   name: global_ranking
#   datatype: float32
#   description: Number between 0 (worst) and 1 (best)
#   meta:
#     ucd: stat.param
# - 
#   name: reference_time
#   datatype: float64
#   unit: d
#   description: Reference time used for the geometric model fit
#   meta:
#     ucd: time.epoch
# - 
#   name: frequency
#   datatype: float64
#   unit: d**-1
#   description: Frequency of geometric model of the eclipsing binary light curve
#   meta:
#     ucd: src.orbital
# - 
#   name: frequency_error
#   datatype: float32
#   unit: d**-1
#   description: "Uncertainty of \\texttt{frequency}"
#   meta:
#     ucd: stat.error
# - 
#   name: geom_model_reference_level
#   datatype: float32
#   unit: mag
#   description: Magnitude reference level of geometric model
#   meta:
#     ucd: phot.mag;em.opt
# - 
#   name: geom_model_reference_level_error
#   datatype: float32
#   unit: mag
#   description: "Uncertainty of \\texttt{geomModelReferenceLevel}"
#   meta:
#     ucd: stat.error;phot.mag;em.opt
# - 
#   name: geom_model_gaussian1_phase
#   datatype: float32
#   description: Phase of the Gaussian 1 component
#   meta:
#     ucd: time.phase
# - 
#   name: geom_model_gaussian1_phase_error
#   datatype: float32
#   description: "Uncertainty of \\texttt{geomModelGaussian1Phase}"
#   meta:
#     ucd: stat.error;time.phase
# - 
#   name: geom_model_gaussian1_sigma
#   datatype: float32
#   description: "Standard deviation [phase] of Gaussian 1 component"
#   meta:
#     ucd: stat.stdev
# - 
#   name: geom_model_gaussian1_sigma_error
#   datatype: float32
#   description: "Uncertainty of \\texttt{geomModelGaussian1Sigma}"
#   meta:
#     ucd: stat.error
# - 
#   name: geom_model_gaussian1_depth
#   datatype: float32
#   unit: mag
#   description: Magnitude depth of Gaussian 1 component
#   meta:
#     ucd: src.var.amplitude
# - 
#   name: geom_model_gaussian1_depth_error
#   datatype: float32
#   unit: mag
#   description: "Uncertainty of \\texttt{geomModelGaussian1Depth}"
#   meta:
#     ucd: stat.error;src.var.amplitude
# - 
#   name: geom_model_gaussian2_phase
#   datatype: float32
#   description: Phase of Gaussian 2 component
#   meta:
#     ucd: time.phase
# - 
#   name: geom_model_gaussian2_phase_error
#   datatype: float32
#   description: "Uncertainty of \\texttt{geomModelGaussian2Phase}"
#   meta:
#     ucd: stat.error;time.phase
# - 
#   name: geom_model_gaussian2_sigma
#   datatype: float32
[...]
#   datatype: float32
#   description: "Secondary eclipse: uncertainty of \\texttt{derivedSecondaryEclDuration}"
#   meta:
#     ucd: stat.error;time.duration
# - 
#   name: derived_secondary_ecl_depth
#   datatype: float32
#   unit: mag
#   description: "Secondary eclipse: depth"
#   meta:
#     ucd: src.var.amplitude
# - 
#   name: derived_secondary_ecl_depth_error
#   datatype: float32
#   unit: mag
#   description: "Secondary eclipse: uncertainty of \\texttt{derivedSecondaryEclDepth}"
#   meta:
#     ucd: stat.error;src.var.amplitude
solution_id,source_id,global_ranking,reference_time,frequency,frequency_error,geom_model_reference_level,geom_model_reference_level_error,geom_model_gaussian1_phase,geom_model_gaussian1_phase_error,geom_model_gaussian1_sigma,geom_model_gaussian1_sigma_error,geom_model_gaussian1_depth,geom_model_gaussian1_depth_error,geom_model_gaussian2_phase,geom_model_gaussian2_phase_error,geom_model_gaussian2_sigma,geom_model_gaussian2_sigma_error,geom_model_gaussian2_depth,geom_model_gaussian2_depth_error,geom_model_cosine_half_period_amplitude,geom_model_cosine_half_period_amplitude_error,geom_model_cosine_half_period_phase,geom_model_cosine_half_period_phase_error,model_type,num_model_parameters,reduced_chi2,derived_primary_ecl_phase,derived_primary_ecl_phase_error,derived_primary_ecl_duration,derived_primary_ecl_duration_error,derived_primary_ecl_depth,derived_primary_ecl_depth_error,derived_secondary_ecl_phase,derived_secondary_ecl_phase_error,derived_secondary_ecl_duration,derived_secondary_ecl_duration_error,derived_secondary_ecl_depth,derived_secondary_ecl_depth_error
[from data line 558]
375316653866487564,4037000878737395328,0.45198464,2366.2934264005003,0.4199334441488576,3.6066787E-5,19.353458,0.0123922685,0.40063334,0.0119978525,0.06191077,0.02656541,0.29385468,0.033589747,0.64669853,0.01687891,0.09344939,0.025976216,0.21763776,0.019284993,null,null,null,null,"TWOGAUSSIANS",8,5.309759,0.40329334,0.012549702,0.3467003,0.14130735,0.3009003,0.041761257,0.64669853,0.01687891,0.4,0.0,0.21774319,0.019331198
375316653866487564,4037000913040280576,0.44081655,2370.619442481522,1.841906284159605,1.1669968E-4,19.751503,0.020869162,0.23819947,0.038854424,0.0374259,0.038267475,0.22457083,0.118038274,0.74332017,0.01356012,0.012654284,0.005070784,0.15596336,0.16239637,null,null,null,null,"TWOGAUSSIANS",8,3.6051524,0.23819947,0.038854424,0.20958504,0.2080021,0.22457083,0.11803828,0.74332017,0.01356012,0.07086399,0.02839639,0.15596336,0.16239637
375316653866487564,4037000947399877888,0.42722392,2337.321576919774,4.693057049447418,4.678368E-5,18.96858,0.026330916,0.2652074,0.011677377,0.056404416,0.011935431,0.15778397,0.030024882,0.7637321,0.029955314,0.022014514,0.10192715,0.44113094,6.8419423,null,null,null,null,"TWOGAUSSIANS",8,3.374768,0.7637321,0.029955314,0.12328128,0.27412018,0.44113094,6.842376,0.2652074,0.011676093,0.3158647,0.06683841,0.15778397,0.02669261
375316653866487564,4037000947456916480,0.5752942,2338.980307352544,2.2510378699214253,1.0555213E-5,16.025274,0.050201654,0.25796303,0.005658522,0.060300652,0.02350673,0.27290192,0.0872117,0.76566017,0.0066364626,0.059079517,0.013749831,0.23128016,0.099764764,0.08946636,0.049672216,0.25796303,0.005658522,"TWOGAUSSIANS_WITH_ELLIPSOIDAL_ON_ECLIPSE1",9,51.318596,0.25796303,0.005658522,0.33768365,0.10050891,0.45176607,0.028051535,0.76566017,0.0066364626,0.3308453,0.07699906,0.40972614,0.026622338
375316653866487564,4037001046168970368,0.57483387,2325.6519380491864,2.0352410928102693,8.109161E-6,17.988665,0.0071770605,0.22776899,0.0026610978,0.0858042,0.006809987,0.215447,0.00910493,0.7251271,0.0069230543,0.08525095,0.008079208,0.17022689,0.01370152,null,null,null,null,"TWOGAUSSIANS",8,1.6065019,0.22776899,0.0026610978,0.4,0.0,0.21034178,0.0104968995,0.7251271,0.0069230543,0.4,0.0,0.16512167,0.014029506
375316653866487564,4037001050536199552,0.4010548,2338.986079142379,0.2554059154154256,8.9199435E-5,18.885546,0.016842488,null,null,null,null,null,null,null,null,null,null,null,null,0.087702855,0.025391774,0.3203366,0.020293422,"ELLIPSOIDAL",4,13.808302,null,null,null,null,null,null,null,null,null,null,null,null
375316653866487564,4037001187918449920,0.4370514,2341.2421087523076,0.4537414440692621,8.4464245E-6,19.750502,0.6036206,0.3478251,0.028271753,0.16938551,0.12517346,0.40391928,0.5950602,0.79471385,0.008900551,0.07242318,0.0151255755,0.6292039,0.15939033,null,null,null,null,"TWOGAUSSIANS",8,8.91293,0.79471385,0.008900551,0.4,0.023684883,0.5834622,0.073990665,0.3478251,0.028271753,0.4,0.0,0.34378374,0.08760476
375316653866487564,4037001222278365440,0.4863855,2331.212022615754,1.9011781734261226,1.3785446E-5,18.812223,0.009560161,0.18951537,0.006881009,0.04674108,0.0077702245,0.24954604,0.01941927,0.67719454,0.0048022037,0.038239874,0.006592011,0.4435303,0.09669541,null,null,null,null,"TWOGAUSSIANS",8,9.429368,0.67719454,0.0048022037,0.21414329,0.03691526,0.4435303,0.096695445,0.18951537,0.006881009,0.26175004,0.043513257,0.24954604,0.019419285
375316653866487564,4037001394133745536,0.51355135,2340.4018154032597,4.307987895766244,8.735257E-6,19.405937,0.009482594,0.22452322,0.005933614,0.041400254,0.0070105703,0.23492852,0.046794564,0.6977388,0.006462671,0.045002,0.033388782,0.15022701,0.052495927,0.11493617,0.013097318,0.6977388,0.006462671,"TWOGAUSSIANS_WITH_ELLIPSOIDAL_ON_ECLIPSE2",9,3.1698425,0.22142321,0.0053376397,0.23184142,0.03925919,0.45908958,0.05214483,0.6977388,0.006462671,0.2520112,0.1869772,0.38009894,0.049415905
375316653866487564,4037001565875576320,0.5365473,2340.3688488077405,3.0902804823389247,1.1591572E-5,18.791372,0.014117674,0.31626067,0.0032616197,0.0904586,0.00548402,0.3108491,0.01676618,0.8179005,0.0050616427,0.10515568,0.007948199,0.2548622,0.017538698,null,null,null,null,"TWOGAUSSIANS",8,1.7185115,0.31626067,0.0032616197,0.4,0.0,0.29011512,0.013501223,0.8179005,0.0050616427,0.4,0.0,0.23412205,0.013887592
375316653866487564,4037001595880829440,0.58304113,2313.6686631014195,0.6076441101386771,4.9376886E-6,13.525331,0.015917964,0.43055034,0.028904108,0.26287648,0.17579557,0.010396158,0.01529061,0.5998488,6.9419417E-4,0.013984087,8.084972E-4,0.16077957,0.01675929,null,null,null,null,"TWOGAUSSIANS",8,7.156285,0.5998488,6.9419417E-4,0.078310885,0.004527584,0.16589306,0.01780787,0.43055034,0.028904108,0.4,0.0,0.007004522,8.444926E-4
375316653866487564,4037001595880836736,0.43242973,2355.669440780083,0.05983606227176596,2.0659285E-5,16.585901,0.008872198,0.25348744,0.02174256,0.10075565,0.033893514,0.0496835,0.018601079,0.6909614,0.041975763,0.06765536,0.043868534,0.073438376,0.027942711,null,null,null,null,"TWOGAUSSIANS",8,7.0809817,0.6909614,0.041975763,0.37887,0.059195414,0.07301463,0.02792463,0.25348744,0.02173836,0.4,0.0,0.049255744,0.01843414
375316653866487564,4037001733360891520,0.47642067,2369.718765905725,0.1653677287843174,1.561228E-5,18.777487,0.57886416,0.26886526,0.0034192782,0.09963368,0.020740625,0.43279895,0.17748123,0.76404613,0.007934334,0.28315932,0.16609927,0.7233607,0.5588349,null,null,null,null,"TWOGAUSSIANS",8,3.8380415,0.26995525,0.003568278,0.4,0.0,0.23884146,0.013323746,0.76404613,0.007934334,0.4,0.0,0.22781262,0.02262712
375316653866487564,4037001943906219904,0.54707944,2366.1755139195952,2.838398804935814,7.3316546E-6,19.468637,0.01241406,0.28415516,0.0099161025,0.06468615,0.006758772,0.65054035,0.081468254,0.78196216,0.0029478034,0.061948147,0.003462173,0.72172093,0.03791728,null,null,null,null,"TWOGAUSSIANS",8,1.7507557,0.78196216,0.0029478034,0.3469096,0.019388169,0.7211947,0.038092736,0.28415516,0.0099161025,0.36224243,0.037849125,0.6500141,0.08145531
375316653866487564,4037001973837122304,0.5971624,2344.571552099043,1.5833125593126836,7.677863E-6,17.032692,0.028559025,0.20504421,0.007849356,0.121350184,0.016667873,0.22642674,0.030425048,0.7000614,0.0032704491,0.10403575,0.00968818,0.28229976,0.025925666,null,null,null,null,"TWOGAUSSIANS",8,3.5619848,0.7000614,0.0032704491,0.4,0.0,0.24194103,0.008964864,0.20504421,0.007850713,0.4,0.0,0.18597913,0.008582985
375316653866487564,4037002012552884608,0.42745072,2432.1021642661894,3.677473153412435,1.06304135E-4,18.080788,0.007057137,0.28190717,0.022311354,0.09236294,0.01814346,0.090374686,0.016603794,0.8180511,0.024259388,0.008627298,0.004271093,1.4856191,39.946396,null,null,null,null,"TWOGAUSSIANS",8,8.248625,0.8180511,0.024259388,0.048312873,0.02391812,1.4856192,39.946396,0.28190717,0.022311354,0.4,0.0,0.09037456,0.016603734
375316653866487564,4037002042556596992,0.68445283,2333.618449492836,0.42465375415295714,1.3719234E-5,17.3277,0.0019933986,0.1583373,0.0038977393,0.039655115,0.003650008,0.071981035,0.004843544,0.6570433,0.0010371739,0.03080173,8.94764E-4,1.2050186,0.04270268,null,null,null,null,"TWOGAUSSIANS",8,4.111482,0.6570433,0.0010371739,0.17248969,0.0050106784,1.2050186,0.04270268,0.1583373,0.0038977393,0.22206865,0.020440046,0.071981035,0.004843544
375316653866487564,4037002046985480448,0.42661032,2314.0272169632317,0.10658431125609347,5.5194803E-5,18.74207,0.4350673,0.25619608,0.019050997,0.150865,0.07850165,0.59403425,0.4108549,0.676872,0.03750853,0.12547363,0.034335002,0.51982814,0.34024414,null,null,null,null,"TWOGAUSSIANS",8,10.19784,0.25820607,0.017373445,0.4,0.0,0.47228414,0.04396311,0.676872,0.03750853,0.4,0.0,0.40867895,0.026211806
375316653866487564,4037002111275608064,0.5950081,2388.0709744755136,1.0611804102831477,7.632039E-6,17.184006,0.019808382,0.26667094,0.003112926,0.052971806,0.007984698,0.251111,0.03949053,0.75759524,0.04079013,0.05372244,0.030434368,0.044762883,0.04611171,0.087039016,0.021437963,0.26667094,0.003112926,"TWOGAUSSIANS_WITH_ELLIPSOIDAL_ON_ECLIPSE1",9,10.59411,0.26667094,0.003112926,0.2966421,0.04471431,0.42518407,0.018262802,0.76186526,0.0349005,0.30084568,0.17043246,0.2185361,0.008577122
375316653866487564,4037002493594900608,0.44986865,2463.014854089395,1.7336155071224413,2.3587865E-5,19.025389,0.1821413,0.21587946,0.0049121054,0.08025635,0.0147705255,0.506825,0.08457286,0.72127956,0.0189818,0.206307,0.1156216,0.24172089,0.17575344,null,null,null,null,"TWOGAUSSIANS",8,4.2326846,0.21566947,0.0049870806,0.4,0.0047116354,0.42862725,0.068196334,0.72127956,0.0189818,0.4,0.0,0.13784446,0.025742639
375316653866487564,4037002699755490816,0.44246975,2400.6993124957626,0.820793882945801,3.237976E-5,18.444016,0.0045181885,0.28811947,0.019356744,0.0752022,0.020774625,0.07174682,0.022431776,0.79705566,0.014116553,0.04202734,0.018546868,0.07823875,0.017323185,null,null,null,null,"TWOGAUSSIANS",8,3.7442477,0.79705566,0.014116553,0.2353531,0.103862464,0.07822729,0.017352963,0.28811947,0.019356744,0.4,0.037165817,0.07173537,0.022484168
375316653866487564,4037002802834332928,0.5136018,2406.6778273452715,2.306068098857481,4.23502E-5,18.85439,0.14530222,0.29630804,0.007910009,0.10360412,0.029874025,0.35810173,0.14084582,0.81818044,0.006500566,0.104014374,0.033620454,0.29237917,0.14210711,null,null,null,null,"TWOGAUSSIANS",8,4.672747,0.29629803,0.007917616,0.4,0.0,0.33066303,0.031304616,0.81819046,0.006286017,0.4,0.0,0.2649415,0.037255164
375316653866487564,4037002867192066048,0.61138266,2410.63092957888,1.9373672303350407,1.5090261E-5,17.391014,0.01653295,0.23813364,0.003854292,0.04907789,0.031917095,0.2224231,0.033108752,0.7399456,0.019394271,0.04187229,0.017666234,0.23418026,0.053955562,0.12565608,0.023737278,0.23813364,0.003854292,"TWOGAUSSIANS_WITH_ELLIPSOIDAL_ON_ECLIPSE1",9,10.588402,0.7399456,0.017999208,0.23448482,0.0989309,0.48545915,0.046505757,0.23813364,0.003854292,0.27483618,0.17873573,0.47373456,0.023189249
375316653866487564,4037003039019558528,0.5504264,2443.6565625532135,2.2368853827778676,1.7200715E-5,18.964878,0.036794163,0.23270707,0.004541985,0.08229444,0.0088619515,0.56497943,0.049473844,0.7253137,0.008303388,0.080317125,0.010025462,0.5704512,0.045304872,null,null,null,null,"TWOGAUSSIANS",8,6.6514983,0.7253137,0.008303388,0.4,0.0,0.56172204,0.043495577,0.23270707,0.004541985,0.4,0.0,0.5562503,0.04878606
375316653866487564,4037003043352960512,0.5909452,2459.9357885611776,2.330594332760654,1.755091E-5,17.99735,0.023981614,0.2821061,0.005553296,0.0904598,0.009333272,0.34457263,0.021899292,0.79794514,0.004574684,0.10856715,0.016904386,0.16051261,0.022097098,null,null,null,null,"TWOGAUSSIANS",8,2.008083,0.28209612,0.0055706217,0.4,0.0,0.32914546,0.010428384,0.79794514,0.004574387,0.4,0.0,0.14507595,0.009089947
375316653866487564,4037003180772647040,0.4266388,2399.4110631509307,3.765411840791731,1.5975925E-4,18.603588,0.04182879,0.22934219,0.06625473,0.12081827,0.14466898,0.055196736,0.03313968,0.5694128,0.037058894,0.098734535,0.02095004,0.11270656,0.030988263,null,null,null,null,"TWOGAUSSIANS",8,3.841156,0.5694128,0.037058894,0.4,0.0,0.11212521,0.024756258,0.2323822,0.06333511,0.4,0.17523217,0.053879563,0.02279074
375316653866487564,4037003490078701056,0.4817221,2386.727264176903,1.1424959322981456,2.1992353E-5,18.213903,0.00442393,0.14724393,0.00951121,0.057234544,0.0075831874,0.10386798,0.015388501,0.6410064,0.019067032,0.055103086,0.0155252,0.056297377,0.008940164,null,null,null,null,"TWOGAUSSIANS",8,1.7402165,0.14724393,0.00951121,0.32051346,0.04246585,0.103862,0.01539543,0.6410064,0.019067032,0.30857727,0.08694112,0.0562914,0.008938657
375316653866487564,4037003799267031808,0.4411148,2438.6649542417285,0.2991399069198983,1.919512E-5,18.569288,0.0076897386,0.16212615,0.0025257908,0.010247314,0.0026854023,0.22862126,0.1677337,0.65696913,0.010332396,0.028463777,0.008157156,0.03085109,0.015502534,0.064032264,0.012881675,0.65696913,0.010332396,"TWOGAUSSIANS_WITH_ELLIPSOIDAL_ON_ECLIPSE2",9,4.6225405,0.16210616,0.0025351674,0.05738496,0.015038253,0.35655195,0.1728183,0.65696913,0.010332396,0.15939716,0.045680076,0.1589156,0.015854826
375316653866487564,4037003902395164800,0.45846015,2383.5077803684408,0.1651613473604026,2.251784E-5,17.807774,0.0094482275,0.23365343,0.027571607,0.042808432,0.014443099,0.15331593,0.061382554,0.7000907,0.026712054,0.0810025,0.028126145,0.093030095,0.029322296,null,null,null,null,"TWOGAUSSIANS",8,4.5229707,0.23365343,0.027571607,0.23972721,0.08088135,0.15329655,0.06142026,0.7000907,0.026712054,0.4,0.0,0.09301071,0.029384863
375316653866487564,4037003936705563392,0.4509866,2429.098527439853,0.10624713717668555,4.0699622E-5,18.772532,0.037500344,0.34701136,0.045067456,0.048623502,0.051503,0.12783127,0.049362328,0.810817,0.03669323,0.13055372,0.058195066,0.15969647,0.032276507,null,null,null,null,"TWOGAUSSIANS",8,3.633626,0.810817,0.03669323,0.4,0.0,0.15665095,0.024809377,0.34714136,0.045414384,0.2722916,0.20656857,0.12511106,0.027829094
375316653866487564,4037004142863949184,0.4947205,2416.879747023538,1.2506723277315435,5.7546396E-5,18.712019,0.008862392,0.22946875,0.011787264,0.05313271,0.0064974865,0.499302,0.09042867,0.89596575,0.030947104,0.023779016,0.014590489,0.29258704,0.44330093,null,null,null,null,"TWOGAUSSIANS",8,3.3792062,0.22946875,0.011787264,0.29754317,0.036385924,0.499302,0.09042867,0.89596575,0.030947104,0.13316248,0.08170674,0.29258704,0.44330096
375316653866487564,4037004280298069632,0.414986,2368.8967435725926,0.41212774324679796,5.0519902E-5,18.383007,0.09505944,0.35513827,0.015911601,0.16649649,0.06362978,0.18115048,0.09074458,0.80827826,0.025415799,0.11322677,0.031296894,0.124422915,0.07512164,null,null,null,null,"TWOGAUSSIANS",8,7.921759,0.35535827,0.015622679,0.4,0.0,0.13594152,0.019226694,0.80827826,0.025415799,0.4,0.0,0.08445697,0.016821796
375316653866487564,4037004280298073344,0.55276394,2373.228809494787,1.3618301547271239,7.851732E-6,18.961546,0.007491219,0.24720201,0.0076250974,0.049969155,0.0057115485,0.5417929,0.045543633,0.7568175,0.002106113,0.06274685,0.0049613174,0.38772357,0.018991731,null,null,null,null,"TWOGAUSSIANS",8,2.6139965,0.24720201,0.0076250974,0.27982727,0.031984672,0.54176044,0.04554071,0.7568175,0.002106113,0.35138237,0.027783379,0.38769108,0.019019717
375316653866487564,4037004516501869312,0.50396144,2388.118371643297,0.21716617292805648,5.9427508E-5,19.244123,0.014027927,0.31551558,0.010257624,0.07063132,0.009752416,0.21294527,0.022437062,0.8449656,0.030579789,0.048548467,0.020807033,0.34992567,0.34760636,null,null,null,null,"TWOGAUSSIANS",8,2.872474,0.8449656,0.030579789,0.27187142,0.116519384,0.34989923,0.34740394,0.31551558,0.010257624,0.39553538,0.03690843,0.21291883,0.022224033
375316653866487564,4037004589536067200,0.48555255,2488.866255572015,0.009362087229685359,8.2437284E-5,18.244926,0.026456537,0.35750133,0.051779,0.12706363,0.050945383,0.25189155,0.08086823,0.86660653,0.002602134,0.024237752,0.0038780621,1.3933405,0.99365795,null,null,null,null,"TWOGAUSSIANS",8,10.551098,0.86660653,0.002602134,0.13573141,0.021717148,1.3918778,0.9950289,0.35750133,0.051779,0.4,0.0,0.250202,0.08270422
375316653866487564,4037004727049725952,0.47072738,2386.5916510439433,0.2129849181660806,3.9599963E-5,19.517181,0.43471867,0.09504504,0.0108313495,0.050854318,0.010160665,0.22444126,0.041110884,0.5233869,0.01625982,0.25136983,0.10639576,0.46583852,0.41791764,null,null,null,null,"TWOGAUSSIANS",8,3.1158633,0.5233869,0.01625982,0.4,0.0,0.31873292,0.025721245,0.10026504,0.012714463,0.28478417,0.056899726,0.22225253,0.040029865
375316653866487564,4037004791379805440,0.5566666,2408.276757998604,3.567890398550054,5.9976468E-5,19.355247,0.03717151,0.21726277,0.005827747,0.085347794,0.023306955,0.2960714,0.07568644,0.70389354,0.0043360647,0.07013601,0.0071358876,0.62518615,0.038423743,null,null,null,null,"TWOGAUSSIANS",8,3.521671,0.70389354,0.0043360647,0.39276165,0.0209806,0.62168026,0.033409424,0.21726277,0.005827747,0.4,0.0,0.2925655,0.0792803
