Gaia/vari_eclipsing_binary/VariEclipsingBinary_245830-245886.csv
# %ECSV 1.0
# ---
# delimiter: ','
# meta: !!omap
# - RELEASE: Gaia DR3
# - TABLE: vari_eclipsing_binary
# - DESCRIPTION: >
#     This table describes the properties of the eclipsing binaries resulting from the variability analysis. 
# - CITATION: >
#     How to cite and acknowledge Gaia: 
#     https://gea.esac.esa.int/archive/documentation/credits.html 
# - KNOWN_ISSUES: >
#     Known issues: 
#     https://www.cosmos.esa.int/web/gaia-users/known-issues 
# - DOCUMENTATION: >
#     Tutorials and documentation: 
#     https://www.cosmos.esa.int/web/gaia-users/archive 
# datatype:
# - 
#   name: solution_id
#   datatype: int64
#   description: Solution Identifier
#   meta:
#     ucd: meta.version
# - 
#   name: source_id
#   datatype: int64
#   description: Unique source identifier
#   meta:
#     ucd: meta.id;meta.main
# - 
#   name: global_ranking
#   datatype: float32
#   description: Number between 0 (worst) and 1 (best)
#   meta:
#     ucd: stat.param
# - 
#   name: reference_time
#   datatype: float64
#   unit: d
#   description: Reference time used for the geometric model fit
#   meta:
#     ucd: time.epoch
# - 
#   name: frequency
#   datatype: float64
#   unit: d**-1
#   description: Frequency of geometric model of the eclipsing binary light curve
#   meta:
#     ucd: src.orbital
# - 
#   name: frequency_error
#   datatype: float32
#   unit: d**-1
#   description: "Uncertainty of \\texttt{frequency}"
#   meta:
#     ucd: stat.error
# - 
#   name: geom_model_reference_level
#   datatype: float32
#   unit: mag
#   description: Magnitude reference level of geometric model
#   meta:
#     ucd: phot.mag;em.opt
# - 
#   name: geom_model_reference_level_error
#   datatype: float32
#   unit: mag
#   description: "Uncertainty of \\texttt{geomModelReferenceLevel}"
#   meta:
#     ucd: stat.error;phot.mag;em.opt
# - 
#   name: geom_model_gaussian1_phase
#   datatype: float32
#   description: Phase of the Gaussian 1 component
#   meta:
#     ucd: time.phase
# - 
#   name: geom_model_gaussian1_phase_error
#   datatype: float32
#   description: "Uncertainty of \\texttt{geomModelGaussian1Phase}"
#   meta:
#     ucd: stat.error;time.phase
# - 
#   name: geom_model_gaussian1_sigma
#   datatype: float32
#   description: "Standard deviation [phase] of Gaussian 1 component"
#   meta:
#     ucd: stat.stdev
# - 
#   name: geom_model_gaussian1_sigma_error
#   datatype: float32
#   description: "Uncertainty of \\texttt{geomModelGaussian1Sigma}"
#   meta:
#     ucd: stat.error
# - 
#   name: geom_model_gaussian1_depth
#   datatype: float32
#   unit: mag
#   description: Magnitude depth of Gaussian 1 component
#   meta:
#     ucd: src.var.amplitude
# - 
#   name: geom_model_gaussian1_depth_error
#   datatype: float32
#   unit: mag
#   description: "Uncertainty of \\texttt{geomModelGaussian1Depth}"
#   meta:
#     ucd: stat.error;src.var.amplitude
# - 
#   name: geom_model_gaussian2_phase
#   datatype: float32
#   description: Phase of Gaussian 2 component
#   meta:
#     ucd: time.phase
# - 
#   name: geom_model_gaussian2_phase_error
#   datatype: float32
#   description: "Uncertainty of \\texttt{geomModelGaussian2Phase}"
#   meta:
#     ucd: stat.error;time.phase
# - 
#   name: geom_model_gaussian2_sigma
#   datatype: float32
[...]
#   datatype: float32
#   description: "Secondary eclipse: uncertainty of \\texttt{derivedSecondaryEclDuration}"
#   meta:
#     ucd: stat.error;time.duration
# - 
#   name: derived_secondary_ecl_depth
#   datatype: float32
#   unit: mag
#   description: "Secondary eclipse: depth"
#   meta:
#     ucd: src.var.amplitude
# - 
#   name: derived_secondary_ecl_depth_error
#   datatype: float32
#   unit: mag
#   description: "Secondary eclipse: uncertainty of \\texttt{derivedSecondaryEclDepth}"
#   meta:
#     ucd: stat.error;src.var.amplitude
solution_id,source_id,global_ranking,reference_time,frequency,frequency_error,geom_model_reference_level,geom_model_reference_level_error,geom_model_gaussian1_phase,geom_model_gaussian1_phase_error,geom_model_gaussian1_sigma,geom_model_gaussian1_sigma_error,geom_model_gaussian1_depth,geom_model_gaussian1_depth_error,geom_model_gaussian2_phase,geom_model_gaussian2_phase_error,geom_model_gaussian2_sigma,geom_model_gaussian2_sigma_error,geom_model_gaussian2_depth,geom_model_gaussian2_depth_error,geom_model_cosine_half_period_amplitude,geom_model_cosine_half_period_amplitude_error,geom_model_cosine_half_period_phase,geom_model_cosine_half_period_phase_error,model_type,num_model_parameters,reduced_chi2,derived_primary_ecl_phase,derived_primary_ecl_phase_error,derived_primary_ecl_duration,derived_primary_ecl_duration_error,derived_primary_ecl_depth,derived_primary_ecl_depth_error,derived_secondary_ecl_phase,derived_secondary_ecl_phase_error,derived_secondary_ecl_duration,derived_secondary_ecl_duration_error,derived_secondary_ecl_depth,derived_secondary_ecl_depth_error
[from data line 217]
375316653866487564,2162524730863288192,0.49338847,2180.0394522446572,1.985580653098886,2.5480882E-5,19.199488,0.01795284,0.25221074,0.006552154,0.07485512,0.008304418,0.39243987,0.022281308,0.7534424,0.0062088873,0.07178298,0.006469087,0.31433517,0.02627945,null,null,null,null,"TWOGAUSSIANS",8,7.3411927,0.25221074,0.006552154,0.4,0.0077076256,0.3903967,0.021743946,0.7534424,0.0062088873,0.4,0.0153167285,0.31229198,0.025607463
375316653866487564,2162527200457027072,0.5214342,2191.0083950317644,0.7578866234040604,7.6550195E-6,19.116083,0.004240165,0.28184995,0.0011445073,0.023667188,0.0010252588,0.359131,0.014071733,0.7907182,0.03772995,0.05793753,0.030050626,0.051606037,0.38645974,null,null,null,null,"TWOGAUSSIANS",8,1.9988269,0.28184995,0.0011445073,0.13253625,0.0057414495,0.359131,0.014071732,0.7907182,0.03772995,0.32445017,0.1682835,0.051606037,0.38645974
375316653866487564,2162527234816803712,0.5336381,2220.920823844789,2.1360047565086377,1.6463438E-5,18.208956,0.067139655,0.25322464,0.0039595226,0.1287312,0.025300007,0.20887771,0.06393746,0.75670594,0.0027205835,0.12224426,0.024684142,0.19422123,0.06404374,null,null,null,null,"TWOGAUSSIANS",8,1.9582592,0.25319466,0.0039782696,0.4,0.0,0.15508135,0.009252538,0.75675595,0.002711129,0.4,0.0,0.14055628,0.005831034
375316653866487564,2162527445282720384,0.54481804,2210.2359349978497,1.611645593013397,1.3457894E-5,16.48298,0.008445938,0.24384464,0.0037638696,0.08641792,0.0044046487,0.4108478,0.01976463,0.7547076,0.0042119883,0.062698014,0.00720043,0.26833424,0.013991254,null,null,null,null,"TWOGAUSSIANS",8,33.774994,0.24384464,0.0037638696,0.4,0.0,0.40893027,0.019785488,0.7547076,0.0042119883,0.35110888,0.04032241,0.26641676,0.014365852
375316653866487564,2162527715855083904,0.48017988,2203.35035464814,0.1443063437941454,7.492191E-6,19.88529,0.004892597,0.2872071,0.06703873,0.129095,0.03421769,0.04537294,0.010198697,0.77307177,9.781911E-6,0.004285623,6.038638E-5,0.421611,0.0040165116,null,null,null,null,"TWOGAUSSIANS",8,1.0883243,0.77307177,9.781911E-6,0.023999488,3.3816372E-4,0.42161337,0.0040070103,0.2872071,0.06703873,0.4,0.0,0.045320887,0.010189045
375316653866487564,2162529262041462272,0.5665723,2227.845942516669,1.1657119452864926,2.86398E-5,19.639894,0.0037976475,0.23995756,2.8902397E-4,0.009393565,2.4056126E-4,0.799525,0.01362726,0.3851162,0.030235775,0.06915597,0.0424255,0.027984604,0.04091437,null,null,null,null,"TWOGAUSSIANS",8,1.0960258,0.23996755,2.9000634E-4,0.052603967,0.0013471431,0.80261725,0.014762177,0.3851162,0.030235775,0.38727343,0.2312246,0.027984604,0.04091437
375316653866487564,2162529919183702400,0.54484487,2247.220020495893,1.011706623230506,9.700936E-6,17.099154,0.0016121032,0.29391044,8.591559E-4,0.028298102,8.590356E-4,0.16768646,0.0029871112,0.8038134,0.012972856,0.07231804,0.012639774,0.02288904,0.006339756,null,null,null,null,"TWOGAUSSIANS",8,2.2786365,0.29391044,8.591559E-4,0.15846938,0.004810599,0.16768628,0.0029869576,0.8038134,0.012972856,0.4,0.026709728,0.022888856,0.006340179
375316653866487564,2162530640741570432,0.5093029,2251.94450232987,3.459721155755131,1.5009131E-5,18.961258,0.01009986,0.33962387,0.00897396,0.076882266,0.009593478,0.31192243,0.013221854,0.8282795,0.0038488472,0.072585285,0.005604355,0.35929212,0.018613163,null,null,null,null,"TWOGAUSSIANS",8,5.549612,0.8282795,0.0038488472,0.4,0.0018767607,0.3573733,0.018823212,0.33962387,0.00897396,0.4,0.0057880566,0.3100036,0.012924484
375316653866487564,2162530709457652352,0.55556196,2236.7968982708057,0.49150518636336094,8.637121E-6,14.157502,0.0038427575,0.28971824,0.0037387765,0.021259721,0.0022120706,0.4817855,0.039247826,0.7805527,0.0054816054,0.016370764,0.003971936,0.19851853,0.026045443,0.003288933,0.007070668,0.28971824,0.0037387765,"TWOGAUSSIANS_WITH_ELLIPSOIDAL_ON_ECLIPSE1",9,279.61404,0.28971824,0.0037387765,0.119054444,0.012387596,0.48836336,0.039003965,0.7805627,0.0054822494,0.09167627,0.022242842,0.20507461,0.026753739
375316653866487564,2162530743807592064,0.4739983,2194.437168149581,4.585099068023224,1.929608E-5,19.639196,0.006984397,0.15961897,0.008717737,0.029524192,0.0053981603,0.3455945,0.19625735,0.8221422,0.005088134,0.019097302,0.013936709,0.21590911,0.15170419,null,null,null,null,"TWOGAUSSIANS",8,1.8161534,0.15961897,0.008717737,0.16533548,0.030229697,0.3455945,0.19625735,0.8221422,0.005088134,0.1069449,0.07804557,0.21590911,0.15170419
375316653866487564,2162532977191000576,0.4697034,2197.0163914740697,1.1056064199460869,1.14310305E-5,19.555387,0.020851787,0.5695557,0.02598432,0.21668777,0.13196917,0.03448652,0.018630603,0.87155735,9.5022604E-4,0.02614993,0.0011123989,0.36026692,0.009566418,null,null,null,null,"TWOGAUSSIANS",8,2.0218866,0.87155735,9.5022604E-4,0.14643961,0.006229434,0.36870274,0.009839035,0.5695557,0.02598432,0.4,0.0,0.029674184,0.013538452
375316653866487564,2162533797527031040,0.5661386,2223.654346147349,0.4600560287684555,2.6439031E-5,18.597431,0.002528511,0.35983354,2.6926458E-5,0.02038606,3.4751632E-4,0.5048187,0.002447165,0.77551043,0.0021649767,0.01368224,0.0031887922,0.79091674,0.7419234,null,null,null,null,"TWOGAUSSIANS",8,1.5418743,0.77551043,0.0021649767,0.07662054,0.017857235,0.79091674,0.7419234,0.35983354,2.6926458E-5,0.11416194,0.0019460914,0.5048187,0.002447165
375316653866487564,2162534557748574464,0.6434518,2222.530278291118,0.18987536003232355,1.2434151E-6,17.018143,9.828559E-4,0.45096382,1.4202585E-4,0.0061487737,1.6414758E-4,0.5864302,0.024849804,0.9506043,4.075074E-6,0.0049253395,3.6317233E-5,1.6333641,0.053228017,null,null,null,null,"TWOGAUSSIANS",8,2.1667097,0.9506043,4.075074E-6,0.0275819,2.033765E-4,1.6333641,0.053228017,0.45096382,1.4202585E-4,0.034433134,9.1922644E-4,0.5864302,0.024849804
375316653866487564,2162536340147826688,0.45432407,2203.1329653312164,2.360364049925797,3.7835067E-5,16.891632,0.009941891,0.37936988,0.01868797,0.07015543,0.0197595,0.15608174,0.019513993,0.8716047,0.0053347964,0.044530604,0.007722666,0.10392219,0.010864187,null,null,null,null,"TWOGAUSSIANS",8,57.22055,0.37936988,0.01868797,0.3928704,0.0847922,0.15606734,0.019497877,0.8716047,0.0053347964,0.24937138,0.04324693,0.103907794,0.010828233
375316653866487564,2162536992976526336,0.5588003,2202.176938449801,2.8684536360788164,1.1710875E-5,18.767578,0.008447906,0.27924338,0.0051302337,0.074622266,0.005525352,0.38139275,0.032092966,0.7756201,0.0032393527,0.07185063,0.0034773739,0.4269577,0.016183995,null,null,null,null,"TWOGAUSSIANS",8,2.585191,0.7756201,0.0032393527,0.4,0.008026825,0.4247741,0.016001869,0.27924338,0.0051302337,0.4,0.0,0.37920916,0.032548286
375316653866487564,2162537886336803840,0.47545058,2246.952238223493,0.5348832361660821,5.372253E-6,19.007622,0.010141228,0.2805147,0.12924562,0.1085364,0.1402832,0.03054967,0.028710041,0.6998137,0.0010548993,0.014817359,0.0013449447,0.36759263,0.16331191,null,null,null,null,"TWOGAUSSIANS",8,2.8505013,0.6998137,0.0010548993,0.08297721,0.0075316904,0.36760864,0.16322243,0.2805147,0.12924562,0.4,0.08783855,0.030548112,0.029058281
375316653866487564,2162537955051964544,0.5034051,2240.808046962462,0.0789876197419489,9.871489E-6,16.08387,0.0010009467,0.18449277,0.0062196297,0.0054422156,0.0023214952,0.13232812,0.088490434,0.37389946,0.023102077,0.014496555,0.020502834,0.027885007,0.011696248,null,null,null,null,"TWOGAUSSIANS",8,5.4856687,0.18449277,0.0062196297,0.030476406,0.013000374,0.13232812,0.088490434,0.37389946,0.023102077,0.08118071,0.11481586,0.027885007,0.011696248
375316653866487564,2162538783996956544,0.4587975,2235.749423932278,1.085185174907835,3.4080702E-5,16.27016,0.0070177773,0.324306,0.024188837,0.010052452,0.0071513685,3.1936512,4.82136,0.8309775,0.009012507,0.017168324,0.004151026,0.2972673,0.09965485,null,null,null,null,"TWOGAUSSIANS",8,133.19734,0.324306,0.024188837,0.05629373,0.040047664,3.1936512,4.82136,0.8309775,0.009012507,0.09614261,0.023245744,0.2972673,0.09965485
375316653866487564,2162539574270898304,0.5570668,2222.685525530357,2.119720292266099,4.3998903E-6,15.147029,7.3589967E-4,0.59155196,2.0053585E-4,0.0105119515,5.3249946E-4,0.15118755,0.0056743035,0.71881527,0.062248908,0.050467398,0.062400483,0.0074670236,0.0021777297,null,null,null,null,"TWOGAUSSIANS",8,5.7522397,0.591562,1.8642502E-4,0.058866926,0.0029819969,0.15149824,0.0047636754,0.71881527,0.062248908,0.28261742,0.22214839,0.0074670236,0.0021777283
375316653866487564,2162539780429349632,0.5479706,2235.5822545531423,0.5609832392029147,7.406075E-6,13.524264,0.00417427,0.2338164,0.0019637619,0.06062699,0.019578204,0.016727298,0.0081249615,0.7104443,0.012408061,0.04709632,0.021508588,0.019486176,0.0077748084,0.028580155,0.0045370916,0.2338164,0.0019637619,"TWOGAUSSIANS_WITH_ELLIPSOIDAL_ON_ECLIPSE1",9,14.079027,0.71841425,0.009328819,0.26373938,0.12044809,0.0758323,0.0044366135,0.2338164,0.0019637619,0.33951116,0.1040067,0.073884115,0.0022793692
375316653866487564,2162540188432157312,0.6143555,2217.120919699798,1.0954555441057456,7.0192923E-6,13.866032,0.0039406694,0.2124089,0.0026135072,0.044020675,0.005304873,0.1223271,0.012224503,0.7094924,0.0035057955,0.044498473,0.0023278324,0.2809249,0.012291398,0.056410138,0.0049065133,0.2124089,0.0026135072,"TWOGAUSSIANS_WITH_ELLIPSOIDAL_ON_ECLIPSE1",9,97.24651,0.7096624,0.0032952544,0.24919145,0.013035862,0.39370942,0.007371252,0.2124089,0.0026135072,0.24651577,0.029707288,0.2351473,0.013043979
375316653866487564,2162540192748123392,0.41232556,2242.188141408302,0.19491667398877147,3.6854075E-5,19.732464,0.014233359,0.33958694,0.016537001,0.07052207,0.016880268,0.53992856,0.5271067,0.6088424,0.009506022,0.056900933,0.01234271,0.06707714,0.04287698,0.11527543,0.017769102,0.6088424,0.009506022,"TWOGAUSSIANS_WITH_ELLIPSOIDAL_ON_ECLIPSE2",9,3.1504161,0.33576694,0.018808851,0.3949236,0.07983993,0.543946,0.5272322,0.6088424,0.009506022,0.31864524,0.06911918,0.2979926,0.032326546
375316653866487564,2162540360234023424,0.497581,2233.1194859492657,1.0621439311228273,3.06314E-5,17.307598,0.0012595858,0.5132001,0.0027546668,0.03631715,0.0062919217,0.20428666,0.04999864,0.68388397,0.013826046,0.01380046,0.0042261826,0.0321101,0.022751447,null,null,null,null,"TWOGAUSSIANS",8,2.2649906,0.5132001,0.0027546668,0.20337605,0.03523476,0.20428666,0.04999864,0.68388397,0.013826046,0.07728257,0.023666622,0.032113362,0.022748427
375316653866487564,2162540364544907904,0.6021207,2257.3278701538447,0.45079135098867346,3.1995485E-6,17.542908,0.0019391307,0.26138234,0.013775865,0.023918437,0.013926195,0.021708675,0.03917462,0.768805,5.0981407E-4,0.013187629,0.0010220027,0.6051465,0.067611285,0.0037688196,0.0030522172,0.26138234,0.013775865,"TWOGAUSSIANS_WITH_ELLIPSOIDAL_ON_ECLIPSE1",9,2.213129,0.768805,5.0981407E-4,0.07385073,0.0057232147,0.61266774,0.06788014,0.26138234,0.013775865,0.13394324,0.07798669,0.02924631,0.041338317
375316653866487564,2162543143373062528,0.45829022,2251.058719563309,1.730509295920259,3.5240966E-5,18.250038,0.00903667,0.28952557,0.039614562,0.053404633,0.045224115,0.13865192,0.024024686,0.79280525,0.0058874306,0.02284763,0.005139293,0.120252885,0.023532383,null,null,null,null,"TWOGAUSSIANS",8,10.940889,0.28952557,0.039614562,0.29906595,0.2503186,0.13865192,0.02402466,0.79280525,0.0058874306,0.12794673,0.028780041,0.120252885,0.023532376
375316653866487564,2162543727488614656,0.55378574,2233.2652340162686,0.9433842806747542,1.762777E-5,18.786364,0.0034937097,0.26441637,0.0016349589,0.051780846,0.0022869257,0.50926375,0.03894876,0.77012223,0.007174001,0.05697241,0.004799172,0.10677684,0.00860939,null,null,null,null,"TWOGAUSSIANS",8,2.2575393,0.26441637,0.0016349589,0.28997275,0.012806783,0.5092549,0.03895347,0.77012223,0.007174001,0.31904548,0.026875362,0.10676794,0.008608021
375316653866487564,2162544414683781760,0.4690454,2208.147892152628,4.370746874525179,2.10779E-5,18.800283,0.41380712,0.23337269,0.00886742,0.14045833,0.16394636,0.1520273,0.40444726,0.739806,0.0056269537,0.12291183,0.06776998,0.19916868,0.34069234,null,null,null,null,"TWOGAUSSIANS",8,3.233759,0.73996603,0.0049892403,0.4,0.0,0.14593649,0.011681265,0.23328269,0.008603764,0.4,0.0,0.098353535,0.011059602
375316653866487564,2162544728225417344,0.50619125,2222.5558073486586,2.095524392457713,2.004126E-5,19.904621,0.02120243,0.2954623,0.014349832,0.06969464,0.0143190455,0.23538,0.034064222,0.77725464,0.011006649,0.08401922,0.011710517,0.3604481,0.03082629,null,null,null,null,"TWOGAUSSIANS",8,1.731557,0.77725464,0.011006649,0.4,0.0,0.3584349,0.029457344,0.2954623,0.014349832,0.39028996,0.054604787,0.2333668,0.03063308
375316653866487564,2162545209260713600,0.45191407,2218.6243249093095,3.494160626513567,1.5679394E-5,19.550232,0.10727319,0.2702412,0.0053613298,0.10091783,0.025070835,0.2870246,0.098411195,0.7823439,0.016571566,0.13713452,0.058710087,0.22863029,0.090260945,null,null,null,null,"TWOGAUSSIANS",8,3.6681287,0.2700712,0.0054763914,0.4,0.0,0.23889065,0.025253154,0.78235394,0.016552912,0.4,0.0,0.17987695,0.02901072
375316653866487564,2162545479835892224,0.46625528,2228.9690104839683,3.223123656652822,1.8671515E-5,19.663012,0.17465602,0.24344184,0.006364793,0.114146814,0.03261688,0.35514545,0.16574317,0.74190587,0.009834126,0.12560563,0.045711394,0.31575444,0.16760248,null,null,null,null,"TWOGAUSSIANS",8,2.6354277,0.24345183,0.0064442884,0.4,0.0,0.28069022,0.01563501,0.74190587,0.009839928,0.4,0.0,0.24111865,0.020452837
375316653866487564,2162545655937365888,0.49903873,2220.4828289474394,0.5585939692061583,4.9656337E-5,18.672022,0.0019011481,0.38899437,8.062277E-6,0.0039555863,5.041784E-5,0.5370459,0.0065422985,0.69905454,0.064752884,0.032685287,0.03920221,0.019411674,0.025583277,null,null,null,null,"TWOGAUSSIANS",8,1.0443281,0.38899437,8.062277E-6,0.022151284,2.823399E-4,0.5370459,0.006542294,0.69905454,0.064752884,0.18303761,0.21953237,0.019411674,0.025583277
375316653866487564,2162546308781612288,0.5868927,2184.708618901771,2.1469304922611916,6.0129128E-6,19.22988,0.009815422,0.24607225,0.0036008544,0.07651207,0.0036351413,0.58430177,0.016183091,0.74033034,0.003464031,0.07871896,0.0029954272,0.5605553,0.013455338,null,null,null,null,"TWOGAUSSIANS",8,1.6563725,0.24607225,0.0036008544,0.4,0.0,0.57863224,0.01586986,0.74033034,0.003464031,0.4,0.0,0.55488575,0.012306233
375316653866487564,2162546343132740736,0.5387868,2203.0636073173937,3.0689875559627673,1.51086415E-5,19.771023,0.016536733,0.24008118,0.0052864356,0.071384706,0.009690425,0.72916484,0.11432551,0.7393345,0.005488078,0.06426032,0.005480106,0.60906863,0.04411491,null,null,null,null,"TWOGAUSSIANS",8,2.7193866,0.24008118,0.0052864356,0.39975435,0.02359588,0.727696,0.116133325,0.7393345,0.005488078,0.3598578,0.030688595,0.60759985,0.04418513
375316653866487564,2162546407548432000,0.5716969,2193.5914809799683,0.8891324085946667,8.094475E-6,19.17718,0.008460893,0.35172033,9.633231E-4,0.03220008,8.8310847E-4,0.84970963,0.019424865,0.8526669,0.0057339375,0.0378428,0.006962427,0.09147667,0.016371135,null,null,null,null,"TWOGAUSSIANS",8,2.7632933,0.35172033,9.633231E-4,0.18032044,0.0049454076,0.84970963,0.019424865,0.8526669,0.0057339375,0.21191967,0.038989592,0.09147667,0.016371135
375316653866487564,2162546411858827648,0.712184,2210.3267304014153,0.8969301246037411,1.4146026E-6,14.644856,0.0029855496,0.23205163,2.8678577E-4,0.050691742,0.0014646142,0.21210028,0.006472799,0.73203474,0.0044320715,0.045564525,0.0040053423,0.13610743,0.00959375,0.09524952,0.003944669,0.23205163,2.8678577E-4,"TWOGAUSSIANS_WITH_ELLIPSOIDAL_ON_ECLIPSE1",9,7.5234413,0.23205163,2.8678577E-4,0.28387377,0.008201839,0.40259814,0.0043209624,0.73203474,0.0043895533,0.25516135,0.022429917,0.3266053,0.004980254
