Gaia/vari_eclipsing_binary/VariEclipsingBinary_471166-471179.csv
# %ECSV 1.0
# ---
# delimiter: ','
# meta: !!omap
# - RELEASE: Gaia DR3
# - TABLE: vari_eclipsing_binary
# - DESCRIPTION: >
#     This table describes the properties of the eclipsing binaries resulting from the variability analysis. 
# - CITATION: >
#     How to cite and acknowledge Gaia: 
#     https://gea.esac.esa.int/archive/documentation/credits.html 
# - KNOWN_ISSUES: >
#     Known issues: 
#     https://www.cosmos.esa.int/web/gaia-users/known-issues 
# - DOCUMENTATION: >
#     Tutorials and documentation: 
#     https://www.cosmos.esa.int/web/gaia-users/archive 
# datatype:
# - 
#   name: solution_id
#   datatype: int64
#   description: Solution Identifier
#   meta:
#     ucd: meta.version
# - 
#   name: source_id
#   datatype: int64
#   description: Unique source identifier
#   meta:
#     ucd: meta.id;meta.main
# - 
#   name: global_ranking
#   datatype: float32
#   description: Number between 0 (worst) and 1 (best)
#   meta:
#     ucd: stat.param
# - 
#   name: reference_time
#   datatype: float64
#   unit: d
#   description: Reference time used for the geometric model fit
#   meta:
#     ucd: time.epoch
# - 
#   name: frequency
#   datatype: float64
#   unit: d**-1
#   description: Frequency of geometric model of the eclipsing binary light curve
#   meta:
#     ucd: src.orbital
# - 
#   name: frequency_error
#   datatype: float32
#   unit: d**-1
#   description: "Uncertainty of \\texttt{frequency}"
#   meta:
#     ucd: stat.error
# - 
#   name: geom_model_reference_level
#   datatype: float32
#   unit: mag
#   description: Magnitude reference level of geometric model
#   meta:
#     ucd: phot.mag;em.opt
# - 
#   name: geom_model_reference_level_error
#   datatype: float32
#   unit: mag
#   description: "Uncertainty of \\texttt{geomModelReferenceLevel}"
#   meta:
#     ucd: stat.error;phot.mag;em.opt
# - 
#   name: geom_model_gaussian1_phase
#   datatype: float32
#   description: Phase of the Gaussian 1 component
#   meta:
#     ucd: time.phase
# - 
#   name: geom_model_gaussian1_phase_error
#   datatype: float32
#   description: "Uncertainty of \\texttt{geomModelGaussian1Phase}"
#   meta:
#     ucd: stat.error;time.phase
# - 
#   name: geom_model_gaussian1_sigma
#   datatype: float32
#   description: "Standard deviation [phase] of Gaussian 1 component"
#   meta:
#     ucd: stat.stdev
# - 
#   name: geom_model_gaussian1_sigma_error
#   datatype: float32
#   description: "Uncertainty of \\texttt{geomModelGaussian1Sigma}"
#   meta:
#     ucd: stat.error
# - 
#   name: geom_model_gaussian1_depth
#   datatype: float32
#   unit: mag
#   description: Magnitude depth of Gaussian 1 component
#   meta:
#     ucd: src.var.amplitude
# - 
#   name: geom_model_gaussian1_depth_error
#   datatype: float32
#   unit: mag
#   description: "Uncertainty of \\texttt{geomModelGaussian1Depth}"
#   meta:
#     ucd: stat.error;src.var.amplitude
# - 
#   name: geom_model_gaussian2_phase
#   datatype: float32
#   description: Phase of Gaussian 2 component
#   meta:
#     ucd: time.phase
# - 
#   name: geom_model_gaussian2_phase_error
#   datatype: float32
#   description: "Uncertainty of \\texttt{geomModelGaussian2Phase}"
#   meta:
#     ucd: stat.error;time.phase
# - 
#   name: geom_model_gaussian2_sigma
#   datatype: float32
[...]
#   datatype: float32
#   description: "Secondary eclipse: uncertainty of \\texttt{derivedSecondaryEclDuration}"
#   meta:
#     ucd: stat.error;time.duration
# - 
#   name: derived_secondary_ecl_depth
#   datatype: float32
#   unit: mag
#   description: "Secondary eclipse: depth"
#   meta:
#     ucd: src.var.amplitude
# - 
#   name: derived_secondary_ecl_depth_error
#   datatype: float32
#   unit: mag
#   description: "Secondary eclipse: uncertainty of \\texttt{derivedSecondaryEclDepth}"
#   meta:
#     ucd: stat.error;src.var.amplitude
solution_id,source_id,global_ranking,reference_time,frequency,frequency_error,geom_model_reference_level,geom_model_reference_level_error,geom_model_gaussian1_phase,geom_model_gaussian1_phase_error,geom_model_gaussian1_sigma,geom_model_gaussian1_sigma_error,geom_model_gaussian1_depth,geom_model_gaussian1_depth_error,geom_model_gaussian2_phase,geom_model_gaussian2_phase_error,geom_model_gaussian2_sigma,geom_model_gaussian2_sigma_error,geom_model_gaussian2_depth,geom_model_gaussian2_depth_error,geom_model_cosine_half_period_amplitude,geom_model_cosine_half_period_amplitude_error,geom_model_cosine_half_period_phase,geom_model_cosine_half_period_phase_error,model_type,num_model_parameters,reduced_chi2,derived_primary_ecl_phase,derived_primary_ecl_phase_error,derived_primary_ecl_duration,derived_primary_ecl_duration_error,derived_primary_ecl_depth,derived_primary_ecl_depth_error,derived_secondary_ecl_phase,derived_secondary_ecl_phase_error,derived_secondary_ecl_duration,derived_secondary_ecl_duration_error,derived_secondary_ecl_depth,derived_secondary_ecl_depth_error
[from data line 341]
375316653866487564,4144482190398051072,0.4918076,2266.0867925608068,2.112462030568239,3.429882E-5,19.271803,0.0573191,0.31661737,0.00843112,0.099718146,0.030327626,0.25338417,0.04800146,0.81733054,0.011352952,0.0983194,0.024583254,0.23730147,0.059888277,null,null,null,null,"TWOGAUSSIANS",8,2.460697,0.31661737,0.008432173,0.4,0.0,0.23331769,0.0328014,0.81733054,0.011362577,0.4,0.0,0.21723558,0.034885447
375316653866487564,4144482366512199424,0.52573586,2222.715226893709,0.10783525073988082,3.0939198E-5,19.733112,0.007901357,0.18445766,0.003445198,0.04558507,0.0024867158,1.2754824,0.2124164,0.6295619,0.034565542,0.0906303,0.019703235,0.38260785,0.04508421,null,null,null,null,"TWOGAUSSIANS",8,1.9262561,0.18445766,0.003445198,0.25527638,0.013925608,1.2752213,0.2125093,0.6295619,0.034565542,0.4,0.0,0.38234457,0.045151684
375316653866487564,4144482843256660224,0.54698676,2271.7993407061126,3.282960156525388,1.014348E-5,18.636576,0.013424111,0.29819605,0.0056732525,0.07358286,0.006676157,0.35362634,0.021583948,0.78548986,0.0023884024,0.069884546,0.0050114575,0.41663536,0.012546297,null,null,null,null,"TWOGAUSSIANS",8,4.3677754,0.78548986,0.0023884024,0.39135346,0.02781089,0.41534477,0.012203672,0.29819605,0.0056732525,0.4,0.0026832817,0.35233578,0.021513466
375316653866487564,4144482946317008000,0.64681655,2317.270645971522,1.197944195868581,9.766802E-6,12.906445,0.008284017,0.2021451,0.002325548,0.10042279,0.0055859694,0.2296886,0.009336204,0.7078053,0.0036820057,0.098052844,0.005667958,0.2850362,0.00947172,null,null,null,null,"TWOGAUSSIANS",8,44.803295,0.7078053,0.0036820057,0.4,0.0,0.2651582,0.009321651,0.2021451,0.002325548,0.4,0.0,0.20980996,0.010470076
375316653866487564,4144483083751545344,0.55471414,2302.8787577195785,1.5645685929770308,1.2248452E-5,18.24764,0.011352725,0.28816828,0.0064917793,0.09888089,0.0107461335,0.1834768,0.0120048,0.79119086,0.004230516,0.09222985,0.006836674,0.23043722,0.0108776055,null,null,null,null,"TWOGAUSSIANS",8,1.5502257,0.79119086,0.004230516,0.4,0.0,0.21764617,0.0053806007,0.28816828,0.0064917793,0.4,0.0,0.1706849,0.011095309
375316653866487564,4144483186830609920,0.44723445,2278.6365659586877,2.334360540815272,6.271878E-5,18.488895,0.030333696,0.30705002,0.009281698,0.03911096,0.009028625,0.16261072,0.061487243,0.72793746,0.011427576,0.06840351,0.015278344,0.17186967,0.10537597,0.065080926,0.035869695,0.72793746,0.011427576,"TWOGAUSSIANS_WITH_ELLIPSOIDAL_ON_ECLIPSE2",9,30.599434,0.72793746,0.011427576,0.38305965,0.08298139,0.30182156,0.07289667,0.30087003,0.0065187193,0.21902137,0.050560296,0.26507273,0.041687913
375316653866487564,4144483328593911808,0.48655188,2286.395938929102,0.12399484360175511,8.581073E-5,19.21368,0.065242425,0.2684113,0.004416321,0.069513544,0.021782221,0.20847023,0.05262881,0.7424441,0.08146613,0.14999641,0.10077199,0.21613944,0.061040554,null,null,null,null,"TWOGAUSSIANS",8,2.4916,0.7424441,0.08146613,0.4,0.055088814,0.19377862,0.046402834,0.2688813,0.0042443248,0.38927585,0.11542778,0.18804176,0.023271443
375316653866487564,4144483466024444544,0.5442633,2336.72217359844,1.8957682517581855,3.9805524E-5,19.698732,0.017947871,0.29601923,0.011127574,0.06798572,0.011106109,0.7144546,0.3080693,0.81771636,0.009038014,0.069185376,0.012117311,0.46643427,0.06490297,null,null,null,null,"TWOGAUSSIANS",8,1.8873808,0.29601923,0.011127574,0.38072005,0.062194213,0.71362305,0.3088033,0.81771636,0.009038014,0.38743812,0.05099147,0.46560276,0.065727174
375316653866487564,4144483496072983680,0.59809756,2297.641919842864,3.3014713979180574,9.321304E-6,18.82947,0.011712223,0.14692415,0.026958369,0.050041247,0.019653402,0.067632064,0.012600799,0.5088337,0.0033045022,0.14533636,0.0052106665,0.57472676,0.017101025,null,null,null,null,"TWOGAUSSIANS",8,1.9435579,0.5088337,0.0033045022,0.4,0.0,0.5708543,0.016861588,0.17515415,0.4516745,0.28023097,0.11005905,0.095019735,0.6366649
375316653866487564,4144483603471970816,0.5190816,2301.319249290138,3.2542908463695257,4.226869E-5,19.39575,0.033181176,0.18236138,0.008324548,0.027914923,0.0058873342,0.31427974,0.09962721,0.76321167,0.026869915,0.033540465,0.019607602,0.34075758,0.0680719,0.1806763,0.055160895,0.18236138,0.008324548,"TWOGAUSSIANS_WITH_ELLIPSOIDAL_ON_ECLIPSE1",9,17.67293,0.18236138,0.008324548,0.15632357,0.032969072,0.67563224,0.062746845,0.76321167,0.026869915,0.1878266,0.109802574,0.61660945,0.088297166
375316653866487564,4144483672183097984,0.5308827,2272.629594362064,3.7839181137589017,1.5073192E-5,19.104124,0.033497516,0.324719,0.0069631306,0.09577932,0.010894567,0.36973977,0.041887343,0.81034243,0.0049817585,0.09485431,0.011924823,0.35165894,0.031474497,null,null,null,null,"TWOGAUSSIANS",8,3.4883406,0.324719,0.0069631306,0.4,0.0,0.3508108,0.036766164,0.81034243,0.0049817585,0.4,0.0,0.33273026,0.02261338
375316653866487564,4144483775329509120,0.462653,2350.072273467497,0.3037034182293689,5.331246E-5,19.7302,0.09725635,0.09971092,0.0033731046,0.04348294,0.012457762,0.28128305,0.089998536,0.7099044,0.0153351445,0.11083636,0.051737875,0.28764838,0.087407865,null,null,null,null,"TWOGAUSSIANS",8,3.6425529,0.7099044,0.0153351445,0.4,0.0,0.28744042,0.08223597,0.09958092,0.0028326113,0.24350448,0.06976347,0.28166923,0.095449895
375316653866487564,4144483809621048192,0.45390928,2278.6277379972526,1.8235286135744824,6.290233E-5,18.693495,0.011012404,0.1707635,0.01977621,0.055813927,0.018926552,0.08530074,0.024687303,0.7133707,0.009820333,0.057121016,0.0185115,0.12966847,0.022443976,null,null,null,null,"TWOGAUSSIANS",8,3.385146,0.7133707,0.009820333,0.31987768,0.103664406,0.12966643,0.022447314,0.1707635,0.01977621,0.312558,0.10598869,0.0852987,0.02468789
375316653866487564,4144484015779530752,0.50810623,2264.4539322716823,4.0415939986074765,4.5122222E-5,19.621616,0.03458702,0.13244918,0.009995844,0.06751531,0.009470423,0.5444844,0.056841183,0.6271502,0.013813317,0.079499654,0.033167742,0.5214567,0.7017066,null,null,null,null,"TWOGAUSSIANS",8,4.330309,0.13244918,0.009995844,0.37808576,0.046065226,0.5416005,0.053458236,0.6271502,0.013813317,0.4,0.11223941,0.51857287,0.7054762
375316653866487564,4144484221938225664,0.45986113,2321.539357851875,0.3814825951820416,1.3560796E-5,19.27574,0.056843396,0.36806667,0.0073009273,0.05638562,0.0121824285,0.34445095,0.04868953,0.8614383,0.056090523,0.13296972,0.05149751,0.28214723,0.105470546,null,null,null,null,"TWOGAUSSIANS",8,2.201268,0.36808667,0.0074133095,0.31575948,0.0682216,0.32984847,0.0267807,0.8614383,0.056090523,0.4,0.0,0.26705697,0.103981815
375316653866487564,4144485561968133248,0.52831006,2224.5702431526033,2.208573683858077,2.1637496E-5,19.226799,0.03784437,0.23176831,0.00577534,0.08486713,0.010692914,0.42556986,0.035202555,0.72520673,0.06769813,0.084234826,0.054538786,0.5384359,1.3185406,null,null,null,null,"TWOGAUSSIANS",8,7.243202,0.72520673,0.06769813,0.4,0.17576794,0.5276729,1.3286697,0.23176831,0.0057742842,0.4,0.0,0.41480687,0.023779484
375316653866487564,4144486077432268672,0.6796276,2290.399803333097,3.2450494430462746,1.1982181E-4,13.83148,0.0015623776,0.10566759,0.050876006,0.04741324,0.05397651,0.0067763617,0.0077725146,0.6582038,9.847665E-4,0.022172885,0.0050108316,3.983812,14.871875,null,null,null,null,"TWOGAUSSIANS",8,15.5698595,0.6582038,9.847665E-4,0.12416816,0.028060656,3.983812,14.871875,0.10566759,0.050876006,0.26551414,0.24093509,0.0067763617,0.007772519
375316653866487564,4144486107408626432,0.4661906,2301.7399086942264,0.8311187320513443,1.069044E-4,19.35757,0.029323539,0.20953421,0.010464744,0.079963244,0.018430894,0.20656799,0.033426758,0.6917028,0.024946727,0.0899531,0.05873683,0.20627351,0.318482,null,null,null,null,"TWOGAUSSIANS",8,2.8631384,0.20953421,0.010462577,0.4,0.01419645,0.20260414,0.027531695,0.6917028,0.024946727,0.4,0.08936555,0.20230953,0.326902
375316653866487564,4144486146084567680,0.54641527,2318.3696334436613,2.4646349857155188,1.3139387E-5,19.880194,0.021989655,0.23112771,0.004646508,0.06953121,0.009545436,0.30614907,0.043583766,0.739286,0.004766294,0.06941268,0.008178022,0.3952566,0.026017908,null,null,null,null,"TWOGAUSSIANS",8,1.7432847,0.739286,0.004766294,0.388711,0.039158322,0.39439037,0.025976237,0.23112771,0.004646508,0.3893748,0.040757917,0.30528283,0.043670848
375316653866487564,4144486146151783936,0.4506213,2394.3916837351744,0.560554859470219,4.8755966E-5,19.353472,0.044399172,0.24551897,0.012334539,0.07955655,0.02031179,0.3653457,0.14082158,0.82332563,0.011600685,0.08316901,0.02453323,0.1452727,0.04401288,null,null,null,null,"TWOGAUSSIANS",8,2.8422956,0.24551897,0.012342708,0.4,0.019837648,0.3645204,0.14156868,0.82332563,0.011602447,0.4,0.002649135,0.14444731,0.041999526
375316653866487564,4144486249163915776,0.58558786,2327.9490508282065,2.7497743454887584,3.8557655E-6,18.768211,0.014551253,0.31453618,0.0015481951,0.07628678,0.0033268328,0.442617,0.012410175,0.8130251,0.0018676952,0.079091705,0.0037653346,0.504937,0.015598196,null,null,null,null,"TWOGAUSSIANS",8,1.6885667,0.8130251,0.0018676952,0.4,0.0,0.49976185,0.014713597,0.31453618,0.0015481951,0.4,0.0,0.43744183,0.010926872
375316653866487564,4144486420962865408,0.48252532,2294.641658045926,2.2978232138777144,2.3374034E-5,18.721893,0.08462045,0.22104357,0.006984225,0.111955635,0.032863062,0.23150463,0.06750693,0.7074336,0.041584298,0.12342979,0.0521243,0.18918611,0.10263876,null,null,null,null,"TWOGAUSSIANS",8,3.7137845,0.22112356,0.006781047,0.4,0.0,0.19325037,0.020057585,0.7074336,0.041584298,0.4,0.0,0.15084325,0.08091388
375316653866487564,4144486764559936896,0.45389006,2331.6952625024787,1.1221662713722977,4.8522896E-5,18.30999,0.013527325,0.45642737,0.040927656,0.13776575,0.063182294,0.11678212,0.029358879,0.87830627,0.00875672,0.03185193,0.0063071824,0.050332773,0.009738927,null,null,null,null,"TWOGAUSSIANS",8,3.3764305,0.45642737,0.040927656,0.4,0.0,0.11623824,0.03425078,0.87830627,0.00875672,0.1783708,0.035320222,0.050880518,0.009265227
375316653866487564,4144486897679478912,0.65380377,2298.6152477952746,1.02517762628543,9.710076E-6,12.457059,0.006612522,0.26579747,0.0021778734,0.079498105,0.0053309305,0.37436587,0.008010101,0.7726255,0.0021707234,0.10107585,0.0046916367,0.2535155,0.008858002,null,null,null,null,"TWOGAUSSIANS",8,88.534805,0.26579747,0.0021778734,0.4,0.0,0.36281404,0.00880955,0.7726255,0.0021707234,0.4,0.0,0.2419611,0.009807246
375316653866487564,4144486970785600640,0.6266681,2291.3423746606463,2.4718367645224326,1.1458128E-4,17.859137,0.0083931815,0.6444248,0.06668621,0.044705994,0.028292468,0.9838292,18.511635,0.3100023,0.03475098,0.16909282,0.034146752,0.044745676,0.009651503,null,null,null,null,"TWOGAUSSIANS",8,2.4715328,0.6442748,0.06683437,0.25035357,0.15843782,0.9888493,18.512735,0.3100023,0.03475098,0.4,0.0,0.043411195,0.008402182
375316653866487564,4144487486211768832,0.50231534,2297.778941154438,1.9203038167580115,6.569122E-5,19.386955,0.010863662,0.2634633,0.009686742,0.054732624,0.021469096,0.18434446,0.025694529,0.81168807,0.009535986,0.05724005,0.008855589,0.1849617,0.051878333,null,null,null,null,"TWOGAUSSIANS",8,1.1008489,0.81168807,0.009535986,0.3205443,0.0495913,0.18495941,0.051876463,0.2634633,0.009686742,0.3065027,0.10521184,0.18434216,0.025736583
375316653866487564,4144488306432631936,0.512218,2293.131653434749,1.8539202108522375,4.686449E-5,19.097221,0.19007963,0.26400378,0.009434102,0.1295422,0.05793613,0.317501,0.18586132,0.77596396,0.023692876,0.09878541,0.043671455,0.36554867,0.18164447,null,null,null,null,"TWOGAUSSIANS",8,2.8827407,0.776064,0.023528408,0.4,0.007395372,0.3120669,0.060312334,0.26400378,0.009446525,0.4,0.0,0.2636297,0.029934822
375316653866487564,4144489891296648448,0.5256855,2291.4880167887763,1.9228016899970182,3.3273624E-5,19.237974,0.042262133,0.289199,0.009074312,0.090211794,0.030824477,0.3570351,0.41847417,0.77613544,0.0046046535,0.10765388,0.018097544,0.3409894,0.034608778,null,null,null,null,"TWOGAUSSIANS",8,1.8092448,0.289209,0.009060111,0.4,0.058057275,0.33302316,0.43818286,0.77613544,0.0046046535,0.4,0.0,0.31696138,0.031938396
375316653866487564,4144490544128408704,0.5346318,2319.3391906472903,1.7468676858424244,1.5845177E-5,18.302309,0.09754682,0.28481287,0.002281847,0.12453044,0.024820078,0.29628953,0.09319125,0.80166185,0.009584657,0.1165551,0.030534053,0.28993374,0.093615785,null,null,null,null,"TWOGAUSSIANS",8,2.4608223,0.28474286,0.0021833703,0.4,0.0,0.23748647,0.010258521,0.8018119,0.009480846,0.4,0.0,0.23127492,0.023148991
375316653866487564,4144490612847924992,0.46144652,2303.8957854854116,0.1543237306952078,5.05653E-5,18.633759,0.01321164,0.37658316,0.034480847,0.11158568,0.041613095,0.08983297,0.024866188,0.6857006,0.021066165,0.091806106,0.030596325,0.26282573,0.29801944,null,null,null,null,"TWOGAUSSIANS",8,3.6821241,0.6857006,0.021066165,0.4,0.037111674,0.26387253,0.3006936,0.38213316,0.0305966,0.4,0.0,0.089942545,0.025784431
375316653866487564,4144490711634908928,0.5778694,2335.5242096872225,1.2214818779174836,1.13643955E-5,18.591932,0.0068746232,0.3333629,0.0010029349,0.052643538,0.001599322,0.73099864,0.058692552,0.835201,0.0025197535,0.05303793,0.003841666,0.23270997,0.007269269,null,null,null,null,"TWOGAUSSIANS",8,1.575279,0.3333629,0.0010029349,0.2948038,0.008956202,0.73098826,0.058695436,0.835201,0.0025197535,0.2970124,0.02151333,0.23269959,0.0072654514
375316653866487564,4144490784646671104,0.4807796,2310.03052849234,3.9353625350003343,1.5261896E-5,19.780045,0.022047568,0.16101883,0.01198376,0.054078802,0.008159291,0.47707912,0.044089884,0.3889491,8.720451E-5,0.003642643,9.165267E-4,0.79459006,1.4009604,null,null,null,null,"TWOGAUSSIANS",8,3.3689206,0.3889491,8.720451E-5,0.020398801,0.0051325494,0.79465634,1.4008372,0.16101883,0.01198376,0.3028413,0.04569203,0.47707912,0.044089884
375316653866487564,4144490986491120384,0.5911135,2330.613260245537,1.6927401516279494,2.0640382E-5,18.828514,0.020947149,0.20764217,0.0034383768,0.07555274,0.0065555936,0.25907487,0.020663418,0.7295975,0.0033172553,0.09452262,0.009901971,0.24337117,0.019209275,null,null,null,null,"TWOGAUSSIANS",8,0.85413784,0.20764217,0.0034383768,0.4,0.0069439546,0.25459874,0.017412303,0.7295975,0.0033172553,0.4,0.0,0.23889431,0.016102716
375316653866487564,4144491196963482112,0.4871919,2296.9145996547054,0.17703855202837382,1.3176732E-4,19.544876,0.047956176,0.24630287,0.009376068,0.046029236,0.0075386926,0.26731524,0.063501,0.6560693,0.026043633,0.10610377,0.041866936,0.38983473,0.05339418,null,null,null,null,"TWOGAUSSIANS",8,5.756621,0.6560693,0.026043633,0.4,0.0,0.3894892,0.053464733,0.24637288,0.009298866,0.2577637,0.04221668,0.26719508,0.062647186
375316653866487564,4144491295728860160,0.55287844,2293.0694656966075,0.16843747482232013,1.1011755E-4,18.089037,0.0031873176,0.30203712,0.065890945,0.020339385,0.02131005,0.35538498,0.7144479,null,null,null,null,null,null,null,null,null,null,"ONEGAUSSIAN",5,3.7655485,0.30203712,0.065890945,0.11390056,0.11933628,0.35538498,0.0,null,null,null,null,null,null
375316653866487564,4144491467527285120,0.65532064,2273.8671466960345,0.38912633475047675,5.3114636E-6,18.001825,0.0023511641,0.29891947,0.0071123773,0.026567644,0.006770787,0.12526558,0.016820334,0.8018505,6.0328405E-4,0.027092433,6.5762474E-4,1.2143553,0.053734858,null,null,null,null,"TWOGAUSSIANS",8,1.9388877,0.8018505,6.0328405E-4,0.15171762,0.0036826986,1.2143553,0.053734858,0.29891947,0.0071123773,0.14877881,0.037916407,0.12526558,0.016820334
