Gaia/vari_eclipsing_binary/VariEclipsingBinary_127786-129587.csv
# %ECSV 1.0
# ---
# delimiter: ','
# meta: !!omap
# - RELEASE: Gaia DR3
# - TABLE: vari_eclipsing_binary
# - DESCRIPTION: >
#     This table describes the properties of the eclipsing binaries resulting from the variability analysis. 
# - CITATION: >
#     How to cite and acknowledge Gaia: 
#     https://gea.esac.esa.int/archive/documentation/credits.html 
# - KNOWN_ISSUES: >
#     Known issues: 
#     https://www.cosmos.esa.int/web/gaia-users/known-issues 
# - DOCUMENTATION: >
#     Tutorials and documentation: 
#     https://www.cosmos.esa.int/web/gaia-users/archive 
# datatype:
# - 
#   name: solution_id
#   datatype: int64
#   description: Solution Identifier
#   meta:
#     ucd: meta.version
# - 
#   name: source_id
#   datatype: int64
#   description: Unique source identifier
#   meta:
#     ucd: meta.id;meta.main
# - 
#   name: global_ranking
#   datatype: float32
#   description: Number between 0 (worst) and 1 (best)
#   meta:
#     ucd: stat.param
# - 
#   name: reference_time
#   datatype: float64
#   unit: d
#   description: Reference time used for the geometric model fit
#   meta:
#     ucd: time.epoch
# - 
#   name: frequency
#   datatype: float64
#   unit: d**-1
#   description: Frequency of geometric model of the eclipsing binary light curve
#   meta:
#     ucd: src.orbital
# - 
#   name: frequency_error
#   datatype: float32
#   unit: d**-1
#   description: "Uncertainty of \\texttt{frequency}"
#   meta:
#     ucd: stat.error
# - 
#   name: geom_model_reference_level
#   datatype: float32
#   unit: mag
#   description: Magnitude reference level of geometric model
#   meta:
#     ucd: phot.mag;em.opt
# - 
#   name: geom_model_reference_level_error
#   datatype: float32
#   unit: mag
#   description: "Uncertainty of \\texttt{geomModelReferenceLevel}"
#   meta:
#     ucd: stat.error;phot.mag;em.opt
# - 
#   name: geom_model_gaussian1_phase
#   datatype: float32
#   description: Phase of the Gaussian 1 component
#   meta:
#     ucd: time.phase
# - 
#   name: geom_model_gaussian1_phase_error
#   datatype: float32
#   description: "Uncertainty of \\texttt{geomModelGaussian1Phase}"
#   meta:
#     ucd: stat.error;time.phase
# - 
#   name: geom_model_gaussian1_sigma
#   datatype: float32
#   description: "Standard deviation [phase] of Gaussian 1 component"
#   meta:
#     ucd: stat.stdev
# - 
#   name: geom_model_gaussian1_sigma_error
#   datatype: float32
#   description: "Uncertainty of \\texttt{geomModelGaussian1Sigma}"
#   meta:
#     ucd: stat.error
# - 
#   name: geom_model_gaussian1_depth
#   datatype: float32
#   unit: mag
#   description: Magnitude depth of Gaussian 1 component
#   meta:
#     ucd: src.var.amplitude
# - 
#   name: geom_model_gaussian1_depth_error
#   datatype: float32
#   unit: mag
#   description: "Uncertainty of \\texttt{geomModelGaussian1Depth}"
#   meta:
#     ucd: stat.error;src.var.amplitude
# - 
#   name: geom_model_gaussian2_phase
#   datatype: float32
#   description: Phase of Gaussian 2 component
#   meta:
#     ucd: time.phase
# - 
#   name: geom_model_gaussian2_phase_error
#   datatype: float32
#   description: "Uncertainty of \\texttt{geomModelGaussian2Phase}"
#   meta:
#     ucd: stat.error;time.phase
# - 
#   name: geom_model_gaussian2_sigma
#   datatype: float32
[...]
#   datatype: float32
#   description: "Secondary eclipse: uncertainty of \\texttt{derivedSecondaryEclDuration}"
#   meta:
#     ucd: stat.error;time.duration
# - 
#   name: derived_secondary_ecl_depth
#   datatype: float32
#   unit: mag
#   description: "Secondary eclipse: depth"
#   meta:
#     ucd: src.var.amplitude
# - 
#   name: derived_secondary_ecl_depth_error
#   datatype: float32
#   unit: mag
#   description: "Secondary eclipse: uncertainty of \\texttt{derivedSecondaryEclDepth}"
#   meta:
#     ucd: stat.error;src.var.amplitude
solution_id,source_id,global_ranking,reference_time,frequency,frequency_error,geom_model_reference_level,geom_model_reference_level_error,geom_model_gaussian1_phase,geom_model_gaussian1_phase_error,geom_model_gaussian1_sigma,geom_model_gaussian1_sigma_error,geom_model_gaussian1_depth,geom_model_gaussian1_depth_error,geom_model_gaussian2_phase,geom_model_gaussian2_phase_error,geom_model_gaussian2_sigma,geom_model_gaussian2_sigma_error,geom_model_gaussian2_depth,geom_model_gaussian2_depth_error,geom_model_cosine_half_period_amplitude,geom_model_cosine_half_period_amplitude_error,geom_model_cosine_half_period_phase,geom_model_cosine_half_period_phase_error,model_type,num_model_parameters,reduced_chi2,derived_primary_ecl_phase,derived_primary_ecl_phase_error,derived_primary_ecl_duration,derived_primary_ecl_duration_error,derived_primary_ecl_depth,derived_primary_ecl_depth_error,derived_secondary_ecl_phase,derived_secondary_ecl_phase_error,derived_secondary_ecl_duration,derived_secondary_ecl_duration_error,derived_secondary_ecl_depth,derived_secondary_ecl_depth_error
[from data line 36]
375316653866487564,1126344079477001344,0.50028014,2216.4834427393266,0.19083056384639902,8.017172E-5,7.9609413,0.5325751,0.40910482,0.050996803,0.349304,0.16436419,0.631859,0.49916527,0.7386241,0.006683784,0.013543592,0.001776897,6.232731,4.051262,null,null,null,null,"TWOGAUSSIANS",8,717.4497,0.7386241,0.006683784,0.07584412,0.009950623,6.284466,4.0543566,0.40910482,0.050996803,0.4,0.0,0.19906679,0.048053067
375316653866487564,1126358957243203328,0.60848355,2229.4038570475245,3.41964561301428,5.522334E-6,14.171006,0.011292888,0.27225086,0.0013626753,0.054044083,0.0048695067,0.20123394,0.023690224,0.76121986,0.0049735303,0.05874403,0.006085049,0.2118931,0.030149102,0.11959652,0.013672449,0.27225086,0.0013626753,"TWOGAUSSIANS_WITH_ELLIPSOIDAL_ON_ECLIPSE1",9,135.25333,0.76380986,0.0038812852,0.32896656,0.034076273,0.45019203,0.021510618,0.27225086,0.0013626753,0.30264688,0.027269239,0.4404109,0.007091181
375316653866487564,1126370364676303744,0.53861433,2164.2125544729624,1.6543210263653092,4.4217218E-6,15.146194,0.009894786,0.3136815,0.001270916,0.03319974,0.0018354813,0.55193704,0.030277582,0.81346405,0.0068524866,0.02636639,0.0050638835,0.40109992,0.12983496,0.021180544,0.017479999,0.3136815,0.001270916,"TWOGAUSSIANS_WITH_ELLIPSOIDAL_ON_ECLIPSE1",9,380.85428,0.3136815,0.001270916,0.18591854,0.010278695,0.5942981,0.027401106,0.81346405,0.006842784,0.14765179,0.028357748,0.44346088,0.13488609
375316653866487564,1126371047575248512,0.5079579,2208.90618024559,1.0161110425552058,7.3410065E-6,19.24632,0.0071101254,0.6910286,7.711532E-4,0.019853454,0.0011124504,0.46468487,0.016469007,0.8425066,0.049522925,0.05079641,0.042568617,0.06294313,0.03436173,0.0028763863,0.010961353,0.6910286,7.711532E-4,"TWOGAUSSIANS_WITH_ELLIPSOIDAL_ON_ECLIPSE1",9,4.357062,0.6910686,7.7621E-4,0.11117934,0.006229722,0.47117618,0.014693429,0.8425066,0.049522925,0.2844599,0.23838425,0.064879976,0.03490394
375316653866487564,1126502748452292096,0.57288665,2230.6127620424472,3.6028415454439533,1.0545232E-5,15.443439,0.02752962,0.26568532,0.014699683,0.052007683,0.018436918,0.23517236,0.06213918,0.75544035,0.0026315746,0.05923605,0.010355523,0.31595203,0.054884825,0.10190021,0.036528505,0.75544035,0.0026315746,"TWOGAUSSIANS_WITH_ELLIPSOIDAL_ON_ECLIPSE2",9,142.10042,0.75544035,0.0026315746,0.33172187,0.057990927,0.51970786,0.03514839,0.26408532,0.012544823,0.29124302,0.10324674,0.4382162,0.025232915
375316653866487564,1126697606825073152,0.54921395,2186.819986562037,3.112587619519415,1.1158344E-5,13.911038,0.016853584,0.18832558,0.004890104,0.07962871,0.0062881378,0.475961,0.025742833,0.6752068,0.0064644683,0.09760571,0.016831098,0.18616542,0.021116154,null,null,null,null,"TWOGAUSSIANS",8,634.2493,0.18832558,0.004890104,0.4,0.0,0.46759722,0.024795981,0.6752068,0.0064644683,0.4,0.0,0.17780071,0.023593074
375316653866487564,1126722174037501440,0.60966146,2168.551669656361,3.176551058967788,7.0935494E-6,17.133186,0.009151486,0.27983093,0.0014201616,0.04091297,0.003900338,0.17342293,0.020902384,0.77381057,0.0029233748,0.05242691,0.0054548793,0.26093662,0.021983154,0.11377135,0.0111130355,0.27983093,0.0014201616,"TWOGAUSSIANS_WITH_ELLIPSOIDAL_ON_ECLIPSE1",9,9.889426,0.77477056,0.002322649,0.29359066,0.030547325,0.48820356,0.014094141,0.27983093,0.0014201616,0.22911264,0.021841893,0.40096357,0.009950028
375316653866487564,1126753853716298240,0.562468,2199.5932920182854,0.713703092742225,6.8274453E-6,13.976836,0.011090498,0.3616024,0.0015671826,0.024163812,0.0016966573,1.343383,0.16803816,0.83758444,0.01671242,0.04699107,0.008821498,0.113499336,0.03360983,null,null,null,null,"TWOGAUSSIANS",8,484.89087,0.3616024,0.0015671826,0.13531736,0.00950128,1.343383,0.16803816,0.83758444,0.01671242,0.26315,0.04940039,0.113499336,0.03360983
375316653866487564,1126765673466317312,0.569776,2213.817487839196,2.287019060192303,8.235041E-6,12.909808,0.011721961,0.31973726,0.0028472573,0.09717101,0.007705306,0.19297938,0.010701212,0.8298029,0.0027422225,0.09558756,0.0086311735,0.14550798,0.010408631,null,null,null,null,"TWOGAUSSIANS",8,51.034588,0.31973726,0.0028472573,0.4,0.0,0.18287317,0.007822311,0.8298029,0.0027422225,0.4,0.0,0.13540217,0.0062646195
375316653866487564,1126820099291910272,0.6451442,2202.2607030420168,3.1629126778154633,6.2091017E-6,14.542822,0.0068104165,0.18116048,0.0013346144,0.045735456,0.0025853391,0.26365742,0.015240533,0.6773505,0.0036203007,0.047383387,0.003454893,0.3904177,0.017936079,0.12884982,0.008033162,0.18116048,0.0013346144,"TWOGAUSSIANS_WITH_ELLIPSOIDAL_ON_ECLIPSE1",9,99.69131,0.6777505,0.0032207095,0.26534697,0.0193474,0.64798427,0.0113148205,0.18116048,0.0013346144,0.25611857,0.014477899,0.5213562,0.0075055687
375316653866487564,1126823977646312064,0.57195693,2214.161764706234,2.5649586989638826,8.614114E-6,12.688886,0.0025648477,null,null,null,null,null,null,null,null,null,null,null,null,0.13146721,0.0030023602,0.23074509,0.0025668722,"ELLIPSOIDAL",4,116.63623,null,null,null,null,null,null,null,null,null,null,null,null
375316653866487564,1126854248576204160,0.52128553,2189.274173507412,2.105602274522481,8.92501E-6,18.920038,0.018710064,0.2285969,0.004444387,0.09943441,0.012370808,0.16998184,0.016582627,0.7137985,0.0027896694,0.095195614,0.008716768,0.28448224,0.016851783,null,null,null,null,"TWOGAUSSIANS",8,1.5198516,0.7137985,0.0027896694,0.4,0.0,0.27133903,0.012568894,0.2285969,0.0044465936,0.4,0.0,0.15683798,0.008841339
375316653866487564,1127090265619223552,0.49106437,2227.580995434712,1.2233839244808535,1.0008033E-6,17.885433,0.0042092255,0.27384683,7.0827475E-5,0.004829102,9.151263E-5,0.40525457,0.0050325347,0.80977434,1.9643156E-4,0.0069812182,3.9879582E-4,0.51055694,0.067248285,null,null,null,null,"TWOGAUSSIANS",8,8.435768,0.80977434,1.9643156E-4,0.03909482,0.0022332566,0.51055694,0.067248285,0.27384683,7.0827475E-5,0.027042972,5.124707E-4,0.40525457,0.0050325347
375316653866487564,1127154075949146112,0.5160826,2207.2465440036776,0.15199102289090566,5.326885E-5,8.836453,0.004433365,0.16059795,0.0038408504,0.01446691,0.0026732832,0.4239703,0.074810214,0.65465146,0.009385043,0.015337879,0.0091723,0.4471568,0.2866301,0.039510306,0.0065204627,0.16059795,0.0038408504,"TWOGAUSSIANS_WITH_ELLIPSOIDAL_ON_ECLIPSE1",9,561.29285,0.65467143,0.009233154,0.085892126,0.051364876,0.5260674,0.29374126,0.16059795,0.0038408504,0.08101469,0.0149703855,0.50299084,0.07416514
375316653866487564,1127155038021926528,0.6241377,2228.4425034721658,2.677430808999347,5.785237E-6,16.208302,0.011464091,0.27678305,0.0014910138,0.05087043,0.0027285144,0.4480569,0.025631862,0.7817336,0.0017787506,0.055363633,0.002887834,0.4161574,0.03051023,0.09519806,0.014008816,0.27678305,0.0014910138,"TWOGAUSSIANS_WITH_ELLIPSOIDAL_ON_ECLIPSE1",9,21.417803,0.27678305,0.0014910138,0.2848744,0.0152796805,0.6384398,0.008820186,0.7817336,0.0017787506,0.31003633,0.01617187,0.60635614,0.021473156
375316653866487564,1127230625150068096,0.4616887,2232.5030657734706,0.9440844644715809,7.284563E-5,18.677767,0.0062601026,0.31353405,0.008086139,0.012349691,0.0024614288,1.0079716,0.7682028,0.7765843,0.02392062,0.08191875,0.027751883,0.06351461,0.016180884,null,null,null,null,"TWOGAUSSIANS",8,6.674602,0.31353405,0.008086139,0.06915827,0.013784002,1.0079716,0.7682028,0.7765843,0.02392062,0.4,0.0,0.0635146,0.016181396
375316653866487564,1127334047962825216,0.5655345,2180.2092974804345,1.030227498583652,1.0616005E-5,16.92221,0.004539748,0.21916908,0.0027349067,0.029852513,0.0043028723,0.26516664,0.011416202,0.72307163,0.0062474716,0.02854713,0.006141933,0.6518481,0.39508963,null,null,null,null,"TWOGAUSSIANS",8,32.04156,0.72307163,0.0062474716,0.15986392,0.034394827,0.6518481,0.39508963,0.21916908,0.0027349067,0.16717407,0.024096085,0.26516664,0.011416202
375316653866487564,1127334361496560640,0.65878326,2217.5868902823345,3.8363970353866885,2.475409E-6,14.589054,0.0077488758,0.20152831,6.9118006E-4,0.046207987,0.0016119485,0.5270593,0.018733976,0.69932926,0.0013205282,0.044757795,0.0032524506,0.46171838,0.023366548,0.12899925,0.0108523825,0.20152831,6.9118006E-4,"TWOGAUSSIANS_WITH_ELLIPSOIDAL_ON_ECLIPSE1",9,127.62447,0.20152831,6.9118006E-4,0.2587647,0.009026911,0.7850574,0.012583998,0.6995092,0.0012105021,0.25064367,0.018213723,0.71967125,0.020828383
375316653866487564,1127431943153492096,0.57500744,2260.4751959807213,1.2592739424555244,2.0831612E-5,15.693324,0.004896266,0.20169112,0.006629712,0.03587362,0.0071596624,0.07918119,0.015747415,0.6950444,0.0017331102,0.040618036,0.001906674,0.38688427,0.011193403,0.02989489,0.007419583,0.20169112,0.006629712,"TWOGAUSSIANS_WITH_ELLIPSOIDAL_ON_ECLIPSE1",9,56.56965,0.6951744,0.0016619802,0.227461,0.010677375,0.44657174,0.0077387705,0.20169112,0.006629712,0.20089228,0.04009411,0.13897082,0.011403902
375316653866487564,1127474510573032448,0.5532609,2182.37898951153,3.0370482190396744,7.2429675E-6,19.010435,0.009621137,0.24656808,0.0022835138,0.08528704,0.0036274593,0.32673842,0.011885001,0.7417386,0.0021315075,0.095054746,0.0041604354,0.29379538,0.010162306,null,null,null,null,"TWOGAUSSIANS",8,1.1642061,0.24656808,0.0022835138,0.4,0.0,0.31448358,0.010807977,0.7417386,0.0021315075,0.4,0.0,0.28153995,0.009046501
375316653866487564,1127586592039436288,0.5257204,2214.252614481229,3.9069052403576054,3.5776666E-5,19.476934,0.0031430821,0.15157202,8.8753906E-5,0.0034229297,5.3646E-5,0.7863271,0.017686145,0.51273835,0.011893884,0.03169167,0.01047415,0.09975507,0.017792054,null,null,null,null,"TWOGAUSSIANS",8,1.0778763,0.15157202,8.8753906E-5,0.019168407,3.004176E-4,0.7863271,0.017686145,0.51273835,0.011893884,0.17747335,0.05865524,0.09975507,0.017792054
375316653866487564,1127644561214136960,0.47992206,2220.2527025272207,2.917895887695179,4.484706E-5,15.235043,0.026654629,0.1460563,0.0069315676,0.11149295,0.024738114,0.11189858,0.025014272,0.66047126,0.01227251,0.11560844,0.028617697,0.10445969,0.025376018,null,null,null,null,"TWOGAUSSIANS",8,59.378784,0.1460163,0.006920928,0.4,0.0,0.095311925,0.005567555,0.66050124,0.012273346,0.4,0.0,0.08786354,0.007851088
375316653866487564,1127651806822862592,0.51616144,2216.4644007048005,1.5835094120672473,3.2408112E-5,17.604702,0.0060786577,0.12092625,0.88130337,0.1247061,0.43237886,0.008753324,0.069097586,0.8470674,0.0021195568,0.02659255,0.0033493754,0.31864926,0.0432957,null,null,null,null,"TWOGAUSSIANS",8,10.714714,0.8470974,0.0020806466,0.14891829,0.018756503,0.319429,0.04696201,0.12092625,0.88122195,0.4,1.1591411,0.008747668,0.06932363
375316653866487564,1127716269988086528,0.4977393,2219.503181495082,1.603322914964714,1.8941642E-5,16.164927,0.0048922123,0.19011553,0.0079489155,0.008631908,0.008621118,0.09232789,0.32381177,0.6792319,0.0019292545,0.030790413,0.0031576236,0.53005475,0.10599984,0.0126471585,0.0087020565,0.19011553,0.0079489155,"TWOGAUSSIANS_WITH_ELLIPSOIDAL_ON_ECLIPSE1",9,104.7827,0.6792719,0.0019125893,0.17242631,0.017682692,0.55523133,0.10797007,0.19011553,0.0079489155,0.048338685,0.04827826,0.117622174,0.3240001
375316653866487564,1127717708801193728,0.4993821,2189.4575598418423,3.4017558937851375,1.2890243E-5,19.18297,0.005107127,0.28551877,0.00688651,0.041644633,0.008181426,0.30913967,0.087886676,0.7534656,0.015852977,0.018150615,0.00941322,0.35455126,0.08690387,null,null,null,null,"TWOGAUSSIANS",8,2.334154,0.7534656,0.015852977,0.101643436,0.05271403,0.35455126,0.08690387,0.28551877,0.00688651,0.23320994,0.045815982,0.30913967,0.087886676
375316653866487564,1127730426200752000,0.50475764,2176.949590139397,0.6770557836282278,7.3237265E-5,16.083979,0.0055838474,0.48628664,0.03847352,0.06766612,0.035627108,0.039344404,0.046453323,0.7921473,0.021130087,0.02125063,0.010552794,0.37570897,0.5483445,0.009153191,0.0057841144,0.7921473,0.021130087,"TWOGAUSSIANS_WITH_ELLIPSOIDAL_ON_ECLIPSE2",9,27.236794,0.7921473,0.021130087,0.119003534,0.059095643,0.39401677,0.5519396,0.47632664,0.031275954,0.3789303,0.17437023,0.041877024,0.049090695
375316653866487564,1127740046927428736,0.4796176,2150.1278169956267,1.0769038730515332,5.20135E-5,13.940295,0.0036666451,0.3360234,0.0070945485,0.05229019,0.009969181,0.107032076,0.015752327,0.7219515,0.0012518013,0.00761395,0.010683799,0.5955382,3.58998606E11,0.035671204,0.004297123,0.3360234,0.0070945485,"TWOGAUSSIANS_WITH_ELLIPSOIDAL_ON_ECLIPSE1",9,350.70108,0.7219915,0.0025970316,0.04263812,0.059829276,0.636101,3.58998606E11,0.3360234,0.0070945485,0.29282504,0.055827416,0.1783733,0.017330553
375316653866487564,1127756711400607488,0.44378754,2199.7495097894953,1.7562163396599093,5.9373247E-5,17.740393,0.0052075083,0.24939829,0.011769215,0.005994634,0.0121569885,0.15406103,0.048202507,null,null,null,null,null,null,0.04394048,0.0067608976,0.24939829,0.011769215,"ONEGAUSSIAN_WITH_ELLIPSOIDAL",6,22.402773,0.24939829,0.011769215,0.03356995,0.06807914,0.24194196,0.048306275,null,null,null,null,null,null
375316653866487564,1127837078827235072,0.5133289,2216.2544789506364,1.6040573846047512,1.4338376E-5,17.779707,0.023473311,0.3109349,0.00369357,0.08674432,0.012136807,0.17825162,0.021190325,0.81035686,0.008096691,0.12584877,0.029963164,0.108494624,0.020630872,null,null,null,null,"TWOGAUSSIANS",8,4.0911646,0.3109349,0.0037134367,0.4,0.0,0.16231027,0.007444829,0.81035686,0.008096691,0.4,0.0,0.092472225,0.007219206
375316653866487564,1127846562116273920,0.46661225,2345.906781337383,0.00527281150861509,1.9859724E-5,15.296714,0.0059941933,0.2900515,0.0016905043,0.016513512,0.0020553083,0.39613622,0.15613136,0.7489964,0.07663811,0.066037,0.07513193,0.07653191,0.07570228,null,null,null,null,"TWOGAUSSIANS",8,38.236275,0.2900515,0.0016905043,0.09247566,0.011509727,0.39613622,0.15613136,0.7489964,0.07663811,0.36980718,0.41507053,0.07653191,0.07570228
375316653866487564,1128048008965920768,0.51991236,2216.74106946502,2.1467597814987935,1.026286E-5,15.235666,0.014142729,0.2676421,0.018329475,0.04326855,0.01043745,0.3416716,0.13914837,0.76790375,0.002152196,0.036927257,0.004106986,0.52077585,0.031132963,0.0118585285,0.01850233,0.76790375,0.002152196,"TWOGAUSSIANS_WITH_ELLIPSOIDAL_ON_ECLIPSE2",9,429.51453,0.76790375,0.002152196,0.20679264,0.02299912,0.5444929,0.024585953,0.2676421,0.018147763,0.24230388,0.058449723,0.36538854,0.14509943
375316653866487564,1128079967819066624,0.65046585,2174.2509702529605,3.1475328344453457,3.49618E-6,13.706976,0.005802259,0.25028604,0.0092150085,0.052016456,0.0057669906,0.2862979,0.026577372,0.76012576,0.0010024647,0.04953329,0.003449177,0.22375605,0.01139848,0.100472674,0.006949397,0.76012576,0.0010024647,"TWOGAUSSIANS_WITH_ELLIPSOIDAL_ON_ECLIPSE2",9,77.89438,0.25156605,0.007992235,0.29129213,0.032295145,0.48657298,0.019309686,0.76012576,0.0010024647,0.27738643,0.019315392,0.42469847,0.007429436
375316653866487564,1128098522078376832,0.5899461,2194.013298433802,3.545372820138822,7.0000397E-6,17.622978,0.01538599,0.24366559,0.0020230804,0.041773565,0.003210877,0.3605314,0.044457972,0.7419193,0.0050592944,0.044048015,0.004896447,0.52967143,0.04491703,0.14825343,0.017936021,0.24366559,0.0020230804,"TWOGAUSSIANS_WITH_ELLIPSOIDAL_ON_ECLIPSE1",9,20.054865,0.74205923,0.004597065,0.24666888,0.027420105,0.826145,0.036783475,0.24366559,0.0020230804,0.23393197,0.01798091,0.65703785,0.026081238
375316653866487564,1128134393644730880,0.6643456,2249.074944834659,0.5271269113481863,4.142874E-6,13.966789,2.6515857E-4,0.6636431,0.0021227086,0.019451454,8.1742497E-4,0.18810739,0.007667016,null,null,null,null,null,null,null,null,null,null,"ONEGAUSSIAN",5,2.6435025,0.6636431,0.0021227086,0.10892815,0.00457758,0.18810739,0.0,null,null,null,null,null,null
