Gaia/vari_eclipsing_binary/VariEclipsingBinary_458934-458945.csv
# %ECSV 1.0
# ---
# delimiter: ','
# meta: !!omap
# - RELEASE: Gaia DR3
# - TABLE: vari_eclipsing_binary
# - DESCRIPTION: >
#     This table describes the properties of the eclipsing binaries resulting from the variability analysis. 
# - CITATION: >
#     How to cite and acknowledge Gaia: 
#     https://gea.esac.esa.int/archive/documentation/credits.html 
# - KNOWN_ISSUES: >
#     Known issues: 
#     https://www.cosmos.esa.int/web/gaia-users/known-issues 
# - DOCUMENTATION: >
#     Tutorials and documentation: 
#     https://www.cosmos.esa.int/web/gaia-users/archive 
# datatype:
# - 
#   name: solution_id
#   datatype: int64
#   description: Solution Identifier
#   meta:
#     ucd: meta.version
# - 
#   name: source_id
#   datatype: int64
#   description: Unique source identifier
#   meta:
#     ucd: meta.id;meta.main
# - 
#   name: global_ranking
#   datatype: float32
#   description: Number between 0 (worst) and 1 (best)
#   meta:
#     ucd: stat.param
# - 
#   name: reference_time
#   datatype: float64
#   unit: d
#   description: Reference time used for the geometric model fit
#   meta:
#     ucd: time.epoch
# - 
#   name: frequency
#   datatype: float64
#   unit: d**-1
#   description: Frequency of geometric model of the eclipsing binary light curve
#   meta:
#     ucd: src.orbital
# - 
#   name: frequency_error
#   datatype: float32
#   unit: d**-1
#   description: "Uncertainty of \\texttt{frequency}"
#   meta:
#     ucd: stat.error
# - 
#   name: geom_model_reference_level
#   datatype: float32
#   unit: mag
#   description: Magnitude reference level of geometric model
#   meta:
#     ucd: phot.mag;em.opt
# - 
#   name: geom_model_reference_level_error
#   datatype: float32
#   unit: mag
#   description: "Uncertainty of \\texttt{geomModelReferenceLevel}"
#   meta:
#     ucd: stat.error;phot.mag;em.opt
# - 
#   name: geom_model_gaussian1_phase
#   datatype: float32
#   description: Phase of the Gaussian 1 component
#   meta:
#     ucd: time.phase
# - 
#   name: geom_model_gaussian1_phase_error
#   datatype: float32
#   description: "Uncertainty of \\texttt{geomModelGaussian1Phase}"
#   meta:
#     ucd: stat.error;time.phase
# - 
#   name: geom_model_gaussian1_sigma
#   datatype: float32
#   description: "Standard deviation [phase] of Gaussian 1 component"
#   meta:
#     ucd: stat.stdev
# - 
#   name: geom_model_gaussian1_sigma_error
#   datatype: float32
#   description: "Uncertainty of \\texttt{geomModelGaussian1Sigma}"
#   meta:
#     ucd: stat.error
# - 
#   name: geom_model_gaussian1_depth
#   datatype: float32
#   unit: mag
#   description: Magnitude depth of Gaussian 1 component
#   meta:
#     ucd: src.var.amplitude
# - 
#   name: geom_model_gaussian1_depth_error
#   datatype: float32
#   unit: mag
#   description: "Uncertainty of \\texttt{geomModelGaussian1Depth}"
#   meta:
#     ucd: stat.error;src.var.amplitude
# - 
#   name: geom_model_gaussian2_phase
#   datatype: float32
#   description: Phase of Gaussian 2 component
#   meta:
#     ucd: time.phase
# - 
#   name: geom_model_gaussian2_phase_error
#   datatype: float32
#   description: "Uncertainty of \\texttt{geomModelGaussian2Phase}"
#   meta:
#     ucd: stat.error;time.phase
# - 
#   name: geom_model_gaussian2_sigma
#   datatype: float32
[...]
#   datatype: float32
#   description: "Secondary eclipse: uncertainty of \\texttt{derivedSecondaryEclDuration}"
#   meta:
#     ucd: stat.error;time.duration
# - 
#   name: derived_secondary_ecl_depth
#   datatype: float32
#   unit: mag
#   description: "Secondary eclipse: depth"
#   meta:
#     ucd: src.var.amplitude
# - 
#   name: derived_secondary_ecl_depth_error
#   datatype: float32
#   unit: mag
#   description: "Secondary eclipse: uncertainty of \\texttt{derivedSecondaryEclDepth}"
#   meta:
#     ucd: stat.error;src.var.amplitude
solution_id,source_id,global_ranking,reference_time,frequency,frequency_error,geom_model_reference_level,geom_model_reference_level_error,geom_model_gaussian1_phase,geom_model_gaussian1_phase_error,geom_model_gaussian1_sigma,geom_model_gaussian1_sigma_error,geom_model_gaussian1_depth,geom_model_gaussian1_depth_error,geom_model_gaussian2_phase,geom_model_gaussian2_phase_error,geom_model_gaussian2_sigma,geom_model_gaussian2_sigma_error,geom_model_gaussian2_depth,geom_model_gaussian2_depth_error,geom_model_cosine_half_period_amplitude,geom_model_cosine_half_period_amplitude_error,geom_model_cosine_half_period_phase,geom_model_cosine_half_period_phase_error,model_type,num_model_parameters,reduced_chi2,derived_primary_ecl_phase,derived_primary_ecl_phase_error,derived_primary_ecl_duration,derived_primary_ecl_duration_error,derived_primary_ecl_depth,derived_primary_ecl_depth_error,derived_secondary_ecl_phase,derived_secondary_ecl_phase_error,derived_secondary_ecl_duration,derived_secondary_ecl_duration_error,derived_secondary_ecl_depth,derived_secondary_ecl_depth_error
375316653866487564,4036826399897306624,0.55713105,2343.783118634247,1.9787674447179597,1.16797855E-5,18.289618,0.013574512,0.29111993,0.0076888404,0.04246627,0.007344403,0.18186767,0.033864725,0.78000593,0.009470803,0.05313995,0.012107392,0.13533747,0.034255963,0.09251062,0.016148938,0.29111993,0.0076888404,"TWOGAUSSIANS_WITH_ELLIPSOIDAL_ON_ECLIPSE1",9,4.4062643,0.29111993,0.0076888404,0.23781113,0.041128654,0.36688808,0.024344439,0.78259593,0.007209901,0.29758373,0.06780139,0.31966698,0.028573545
375316653866487564,4036826502976794496,0.49289653,2342.7336268076833,1.1921183314607817,4.87434E-5,18.83556,0.008168883,0.46156564,0.0068077813,0.06000236,0.010060705,0.30431953,0.04488074,null,null,null,null,null,null,null,null,null,null,"ONEGAUSSIAN",5,7.469142,0.46156564,0.0068077813,0.33601323,0.05633995,0.30431953,0.0,null,null,null,null,null,null
375316653866487564,4036827087167448448,0.5246777,2363.4313094269273,1.6392312164176068,1.3251283E-5,17.286736,0.01379421,0.26388896,0.0057812105,0.0948215,0.011261147,0.2850822,0.027439069,0.7730468,0.004214792,0.089966975,0.007680332,0.26409656,0.015981508,null,null,null,null,"TWOGAUSSIANS",8,14.644143,0.26388896,0.0057812105,0.4,0.0,0.27274838,0.031984072,0.7730468,0.004214792,0.4,0.0,0.25176322,0.015117588
375316653866487564,4036827258891448192,0.47672877,2350.1543223289386,3.6392599569380346,3.7450875E-5,19.296122,0.07417348,0.51352906,0.013611301,0.030880857,0.008262557,0.37794492,0.43307054,0.29021427,0.026160585,0.20330602,0.10401216,0.11915318,0.05831235,null,null,null,null,"TWOGAUSSIANS",8,2.367959,0.51263905,0.013980038,0.1729328,0.04627032,0.43177962,0.4335661,0.29021427,0.026160585,0.4,0.0,0.10757341,0.021572853
375316653866487564,4036827258891495552,0.4300126,2365.698499810692,0.8624619739759812,6.1475585E-5,18.577597,0.14114445,0.2206,0.015825933,0.1523181,0.06949921,0.1995918,0.13055114,0.68060553,0.013957702,0.1100092,0.030180708,0.20894298,0.11166895,null,null,null,null,"TWOGAUSSIANS",8,4.0726743,0.68060553,0.013957702,0.4,0.0,0.16336784,0.01529667,0.22073999,0.015078121,0.4,0.0,0.15159142,0.020968463
375316653866487564,4036827293251146368,0.46531093,2344.699694082718,2.538404015128282,4.1762632E-5,19.107683,0.02706469,0.12011848,0.011316074,0.02946732,0.034745988,0.14501628,0.07028715,0.5308176,0.025618682,0.046028815,0.027300421,0.1040206,0.055866167,0.08810456,0.04295974,0.12011848,0.011316074,"TWOGAUSSIANS_WITH_ELLIPSOIDAL_ON_ECLIPSE1",9,7.8685107,0.12011848,0.011316074,0.165017,0.19457753,0.321225,0.067354046,0.54979765,0.015199945,0.25776136,0.15288235,0.23953258,0.049882643
375316653866487564,4036827327611113344,0.53615284,2307.8012556894723,2.335533159820484,7.6089127E-6,19.167189,0.013809702,0.2959218,0.0012440034,0.07032626,0.0029880083,0.47145754,0.01839158,0.7871909,0.0079224445,0.08370755,0.007978431,0.46771917,0.06788675,null,null,null,null,"TWOGAUSSIANS",8,3.359535,0.2959218,0.0012440034,0.39382705,0.01593922,0.46745658,0.017745864,0.7871909,0.0079224445,0.4,0.0,0.4637182,0.068958074
375316653866487564,4036827465124674816,0.45334566,2360.8562212076276,3.2062623282783043,5.58726E-5,17.512568,0.011870945,null,null,null,null,null,null,null,null,null,null,null,null,0.1286047,0.019619994,0.26295504,0.005960564,"ELLIPSOIDAL",4,78.140305,null,null,null,null,null,null,null,null,null,null,null,null
375316653866487564,4036827495113989632,0.5911308,2343.3342334479416,1.4252002169591287,9.693539E-6,17.538914,0.015168396,0.23838256,0.0021555573,0.098444365,0.0061300467,0.30331513,0.013206186,0.7350954,0.0034520994,0.10125284,0.009261329,0.23462431,0.01327049,null,null,null,null,"TWOGAUSSIANS",8,3.4602377,0.23838256,0.0021555573,0.4,0.0,0.281121,0.0073345248,0.7350954,0.0034520994,0.4,0.0,0.21242931,0.007264637
375316653866487564,4036827877367005568,0.45735916,2331.9433421744925,0.06724761048981182,8.428421E-6,19.234474,0.016595094,0.2672452,7.029332E-6,0.008309156,3.50074E-4,0.26335254,0.016169548,0.6521361,0.025531339,0.09190396,0.030700231,0.10799071,0.019637184,null,null,null,null,"TWOGAUSSIANS",8,3.8743086,0.2672452,7.029332E-6,0.04653127,0.0019604142,0.26336926,0.016258912,0.6521361,0.025531339,0.4,0.0,0.10799063,0.019635513
375316653866487564,4036828010482941952,0.57253635,2385.6079636633813,2.2486978430788893,1.3127461E-5,15.717846,0.015425976,0.28623894,0.025672399,0.039475176,0.027271237,0.1842434,0.03269428,0.805314,0.0031854496,0.04960377,0.010112656,0.1331427,0.031015722,0.111195534,0.016922297,0.805314,0.0031854496,"TWOGAUSSIANS_WITH_ELLIPSOIDAL_ON_ECLIPSE2",9,74.26409,0.2886989,0.021286674,0.22106099,0.15271893,0.4038612,0.023254162,0.805314,0.0031854496,0.2777811,0.056630876,0.35553282,0.013550439
375316653866487564,4036828186605362048,0.45167142,2411.0627257289843,0.20933189565224034,6.0759823E-5,19.873941,0.017621158,0.31831017,0.008756878,0.04138249,0.015328082,0.54961807,0.26401642,0.8344867,0.004902501,0.04739857,0.0047920863,0.3581263,0.022940345,null,null,null,null,"TWOGAUSSIANS",8,3.5756466,0.31831017,0.008756878,0.23174196,0.08583726,0.549618,0.26401734,0.8344867,0.004902501,0.265432,0.026835684,0.35812625,0.022939922
375316653866487564,4036828427121943168,0.4738455,2357.1653849822915,2.9512359620475332,2.0899537E-5,18.959845,0.0075747166,null,null,null,null,null,null,null,null,null,null,null,null,0.18104476,0.0121460995,0.3075044,0.005224377,"ELLIPSOIDAL",4,13.245288,null,null,null,null,null,null,null,null,null,null,null,null
375316653866487564,4036828530200945792,0.4383709,2329.1617192754425,0.30477125790004234,5.2949104E-5,18.86218,0.015985921,0.17604612,0.017415004,0.120423175,0.029601786,0.12008984,0.020175368,0.8320414,0.047634084,0.07245481,0.047162384,0.06574197,0.3025836,null,null,null,null,"TWOGAUSSIANS",8,3.7574162,0.17603612,0.017409263,0.4,0.0,0.11951865,0.01991164,0.8362414,0.047459602,0.4,0.23749104,0.067301,0.3045978
375316653866487564,4036828564561040384,0.4396496,2390.884763465781,0.6587756187946414,3.4417208E-5,19.248486,0.012791471,0.13120537,0.006567902,0.028809788,0.0048719803,0.24474385,0.070771374,0.64032364,0.01717864,0.04880506,0.013147706,0.17822985,0.042153984,null,null,null,null,"TWOGAUSSIANS",8,6.1207805,0.13120537,0.006567902,0.16133481,0.027283091,0.24474385,0.070771374,0.64032364,0.01717864,0.27330834,0.07362715,0.17822985,0.042153988
375316653866487564,4036828869510871168,0.4397386,2414.703741263932,0.404177488908267,1.4911975E-5,18.898008,0.006556048,0.22187147,0.0018026732,0.03173816,0.0040394743,0.2572605,0.10500132,0.53772396,0.0043707327,0.015189336,0.006830256,0.18416636,0.3762786,null,null,null,null,"TWOGAUSSIANS",8,4.8894744,0.22187147,0.0018026732,0.17773369,0.022621056,0.2572605,0.10500132,0.53772396,0.0043707327,0.08506028,0.038249433,0.18416636,0.3762786
375316653866487564,4036828908158110976,0.53523993,2365.488424659918,2.0613483884936183,1.803779E-5,19.04798,0.01185754,0.22825055,0.004877677,0.069249816,0.009332627,0.5486667,0.07264838,0.74103695,0.007447121,0.064117424,0.0073369965,0.65788937,0.07755511,null,null,null,null,"TWOGAUSSIANS",8,8.669216,0.74103695,0.007447121,0.35905758,0.04108718,0.6571522,0.07807875,0.22825055,0.004877677,0.38779896,0.0321776,0.5479295,0.07337218
375316653866487564,4036828938200016640,0.45940274,2346.6525192311765,0.1650455292534947,4.5716264E-5,19.634405,0.040184718,0.32049,0.0018464107,0.04304076,0.0096581,0.23974138,0.035049707,0.8116642,0.035005227,0.11852219,0.0359681,0.1983506,0.052889783,null,null,null,null,"TWOGAUSSIANS",8,3.1143,0.32049,0.0018568743,0.24102825,0.05408536,0.23722266,0.028859269,0.8116642,0.035005227,0.4,0.0,0.19577512,0.04764134
375316653866487564,4036829011237719168,0.57701856,2374.670146564045,1.444455325789178,7.259141E-6,16.379526,0.0037512875,0.29314962,0.0034168002,0.0964168,0.0057506585,0.17788745,0.008399533,0.7882445,0.0010504228,0.086447895,0.002246682,0.21559997,0.0036859,null,null,null,null,"TWOGAUSSIANS",8,5.396973,0.7882445,0.0010504228,0.4,0.0,0.20701338,0.0030348771,0.29314962,0.0034168002,0.4,0.0,0.16930036,0.009568932
375316653866487564,4036829079957035392,0.5351941,2372.2939120396622,1.6000478151666875,3.8154245E-5,18.079092,0.010180574,0.30632654,0.010864823,0.071627244,0.012637706,0.1695506,0.03918268,0.79070926,0.006708997,0.05621389,0.011063951,0.67924225,0.14289613,null,null,null,null,"TWOGAUSSIANS",8,12.608956,0.79070926,0.006708997,0.3147978,0.061958123,0.6790642,0.14325379,0.30632654,0.010864823,0.4,0.051024254,0.1693725,0.03923544
375316653866487564,4036829114316971520,0.51177496,2378.38085923488,2.5364739620408803,1.1478152E-5,19.555155,0.013319366,0.17769633,0.004829814,0.0671879,0.005252538,0.49344593,0.0299015,0.6805795,0.0020031265,0.07416378,0.0049276473,0.3981285,0.041903045,null,null,null,null,"TWOGAUSSIANS",8,3.1667438,0.17769633,0.004829814,0.37625223,0.029414212,0.49187562,0.029818831,0.6805795,0.0020031265,0.4,0.0,0.3965582,0.042253226
375316653866487564,4036829251756438016,0.5236323,2363.013683657363,1.6027335509829215,1.8691379E-5,18.092005,0.05078698,0.18854582,0.007297065,0.09451808,0.027231326,0.18332772,0.04745122,0.6895168,0.0073140636,0.09964103,0.028319472,0.203973,0.046890236,null,null,null,null,"TWOGAUSSIANS",8,4.6905036,0.6895168,0.0073215864,0.4,0.0,0.19009885,0.025847664,0.18854582,0.0072971084,0.4,0.0,0.16945466,0.025300033
375316653866487564,4036829251831027328,0.42866307,2385.807179615345,4.689805080660339,3.8919876E-5,19.075045,0.011166365,0.13286373,0.04880269,0.048661128,0.03286192,0.08726743,0.13736169,0.58497995,0.004983231,0.02050494,0.0039620344,0.25387603,0.08624831,null,null,null,null,"TWOGAUSSIANS",8,7.6749945,0.58497995,0.004983231,0.11482766,0.022187393,0.25387603,0.08624831,0.13286373,0.04880269,0.27250233,0.18402673,0.08726743,0.13736169
375316653866487564,4036829320475724288,0.46063936,2349.6200881659597,1.2164767042438704,2.1782973E-5,19.333723,0.009377449,0.3609598,0.0101130875,0.02605932,0.01290637,0.40228274,1.7305325,0.8450718,0.03619773,0.06481491,0.031692274,0.06976511,0.018657632,null,null,null,null,"TWOGAUSSIANS",8,2.7360082,0.3609598,0.0101130875,0.1459322,0.07227567,0.4022827,1.7305328,0.8450718,0.03619773,0.3629635,0.10177658,0.06976509,0.018656498
375316653866487564,4036829457915131648,0.5227535,2374.893436050467,2.5593999233556173,1.9809151E-5,18.292015,0.3438174,0.22549593,0.008223877,0.10107926,0.13190648,0.15374207,0.31921628,0.7084686,0.009903346,0.09959121,0.04196705,0.2320559,0.24423584,null,null,null,null,"TWOGAUSSIANS",8,3.6023834,0.7084686,0.009903346,0.4,0.0,0.21846537,0.015432528,0.22549593,0.007972788,0.4,0.0,0.14015168,0.021160105
375316653866487564,4036829560994516736,0.50042343,2353.689723571158,3.3465398800599946,3.0351122E-5,19.09232,0.01928479,0.23037852,0.03859138,0.043054126,0.040368095,0.072579466,0.12313876,0.78211737,0.00732194,0.050697174,0.094990514,0.06507498,0.8652852,0.12782544,0.029707568,0.78211737,0.00732194,"TWOGAUSSIANS_WITH_ELLIPSOIDAL_ON_ECLIPSE2",9,5.929772,0.78211737,0.00732194,0.28390417,0.5238479,0.32072377,0.8974674,0.24868852,0.050811786,0.2411031,0.22606134,0.3108393,0.11804822
375316653866487564,4036829694144734464,0.5370006,2383.407357915698,2.839444508388212,8.45309E-6,18.508638,0.019299876,0.21186355,0.003774233,0.09019653,0.0084873615,0.3196682,0.019233355,0.723891,0.0020615708,0.08653838,0.0066081015,0.33409923,0.015896522,null,null,null,null,"TWOGAUSSIANS",8,4.7926025,0.723891,0.0020615708,0.4,0.0,0.32427374,0.012706573,0.21186355,0.003774233,0.4,0.0,0.30984256,0.018053265
375316653866487564,4036829801513318784,0.43310964,2342.9673644123613,0.0971322632647922,1.0267331E-4,19.53071,0.05727003,0.3027692,0.0065810345,0.12158798,0.017102508,0.76201844,0.13836539,0.8627029,0.007951782,0.054680295,0.008524236,0.5526366,0.05864822,null,null,null,null,"TWOGAUSSIANS",8,13.017028,0.3027692,0.0065810345,0.4,0.0,0.7537886,0.14109911,0.8628729,0.007854372,0.30620965,0.047735725,0.54551846,0.050587445
375316653866487564,4036829900296023168,0.5369247,2360.5068276742586,2.4689277229475834,1.9445773E-5,18.199982,0.061905704,0.26563022,0.0040821824,0.12118712,0.02065067,0.31708717,0.059297178,0.7708804,0.0040485607,0.1127385,0.01780276,0.28354678,0.057492193,null,null,null,null,"TWOGAUSSIANS",8,3.4719641,0.2656202,0.0041002077,0.4,0.0,0.25884086,0.011785719,0.7709104,0.0040390906,0.4,0.0,0.225399,0.010066101
375316653866487564,4036829938952384128,0.46789885,2344.2859211476352,2.277611657979293,2.657152E-5,18.609818,0.022946049,0.2196022,0.016019052,0.08762195,0.020816708,0.16661942,0.025789754,0.7357578,0.008853903,0.0966121,0.018251654,0.31156117,0.03001831,null,null,null,null,"TWOGAUSSIANS",8,9.306364,0.7357578,0.008853903,0.4,0.0,0.30247954,0.033438493,0.2196022,0.016017416,0.4,0.0,0.15753907,0.016429547
375316653866487564,4036830243900873216,0.606399,2380.6731174080383,2.5484358860066725,5.3117938E-6,16.02588,0.032458138,0.23318687,0.0017506572,0.05994578,0.0089977505,0.33162326,0.06650984,0.7420194,0.0063972687,0.057645623,0.01195026,0.2738858,0.06326531,0.10915599,0.038100515,0.23318687,0.0017506572,"TWOGAUSSIANS_WITH_ELLIPSOIDAL_ON_ECLIPSE1",9,50.418957,0.23318687,0.0017506572,0.33569637,0.050387405,0.5498684,0.041356146,0.7420194,0.0063972687,0.3228155,0.06692146,0.49145928,0.015835866
375316653866487564,4036830832379287168,0.47665086,2366.3511771994886,0.038661924728334456,9.963155E-5,17.428896,0.008245425,0.30924442,0.0100561045,0.056950185,0.0070582544,0.1487715,0.018696714,0.77578264,0.009053221,0.05114824,0.021845255,0.16102181,0.5063698,null,null,null,null,"TWOGAUSSIANS",8,5.1803174,0.77578264,0.009053221,0.28643015,0.12233343,0.16102023,0.5063723,0.30924442,0.0100561045,0.31892103,0.039526228,0.14876992,0.018693972
375316653866487564,4036830866665753856,0.5355638,2318.2827534287994,1.877189326448017,1.6323276E-5,18.24398,0.014623164,0.27741185,0.006028093,0.09907376,0.008004261,0.27812764,0.016859403,0.79471314,0.004843888,0.08424615,0.0070382217,0.2882304,0.017165743,null,null,null,null,"TWOGAUSSIANS",8,3.8186378,0.79471314,0.004843888,0.4,0.0,0.27772346,0.01517141,0.27741185,0.006028093,0.4,0.0,0.26761845,0.011963023
375316653866487564,4036830896734280192,0.50821215,2318.4921490600987,3.378085293777563,1.4417944E-5,19.160618,0.005575001,0.12640134,0.0033220013,0.058609787,0.007146011,0.17596842,0.013726704,0.60311705,0.04533381,0.08094329,0.020477269,0.14229615,0.07279248,null,null,null,null,"TWOGAUSSIANS",8,1.1088481,0.12640134,0.0033220013,0.32821482,0.04001766,0.17569728,0.013908003,0.60311705,0.04533381,0.4,0.036619734,0.14202501,0.072831176
375316653866487564,4036831102893691008,0.6176806,2344.108485522406,1.8275527361616248,1.0474865E-5,15.857189,0.07091264,0.22878015,0.0033887452,0.065646976,0.019336062,0.2577011,0.13035464,0.73092234,0.01558471,0.0677174,0.023277488,0.21297954,0.14229338,0.091644324,0.06908282,0.22878015,0.0033887452,"TWOGAUSSIANS_WITH_ELLIPSOIDAL_ON_ECLIPSE1",9,34.56096,0.22878015,0.0033887452,0.36762306,0.0826027,0.44059864,0.022652874,0.73092234,0.014715964,0.37921745,0.10367009,0.3958439,0.02845526
375316653866487564,4036831171579067008,0.45913905,2351.330164132752,0.1947876619327066,1.9558269E-5,16.885231,0.006420671,0.2999497,0.0054010176,0.057436608,0.007710301,0.114039786,0.017642,0.7784052,0.068441555,0.111058176,0.04512694,0.049936417,0.013729178,null,null,null,null,"TWOGAUSSIANS",8,11.958619,0.2999497,0.005389523,0.321645,0.043177683,0.11302891,0.018142864,0.7784052,0.068441555,0.4,0.0,0.04892007,0.012454586
375316653866487564,4036831382153113216,0.46474957,2302.456711547879,0.5346461307602707,5.8372018E-5,18.954597,0.1078255,0.29219595,0.04118292,0.095243484,0.03676669,0.2670509,0.051762342,0.95279145,0.06391085,0.19019133,0.09632801,0.24112797,0.10388466,null,null,null,null,"TWOGAUSSIANS",8,4.4972477,0.27477595,0.0327625,0.4,0.0,0.28661487,0.057898816,0.95568144,0.05635617,0.4,0.0,0.20766571,0.027618343
