Gaia/vari_eclipsing_binary/VariEclipsingBinary_471092-471110.csv
# %ECSV 1.0
# ---
# delimiter: ','
# meta: !!omap
# - RELEASE: Gaia DR3
# - TABLE: vari_eclipsing_binary
# - DESCRIPTION: >
#     This table describes the properties of the eclipsing binaries resulting from the variability analysis. 
# - CITATION: >
#     How to cite and acknowledge Gaia: 
#     https://gea.esac.esa.int/archive/documentation/credits.html 
# - KNOWN_ISSUES: >
#     Known issues: 
#     https://www.cosmos.esa.int/web/gaia-users/known-issues 
# - DOCUMENTATION: >
#     Tutorials and documentation: 
#     https://www.cosmos.esa.int/web/gaia-users/archive 
# datatype:
# - 
#   name: solution_id
#   datatype: int64
#   description: Solution Identifier
#   meta:
#     ucd: meta.version
# - 
#   name: source_id
#   datatype: int64
#   description: Unique source identifier
#   meta:
#     ucd: meta.id;meta.main
# - 
#   name: global_ranking
#   datatype: float32
#   description: Number between 0 (worst) and 1 (best)
#   meta:
#     ucd: stat.param
# - 
#   name: reference_time
#   datatype: float64
#   unit: d
#   description: Reference time used for the geometric model fit
#   meta:
#     ucd: time.epoch
# - 
#   name: frequency
#   datatype: float64
#   unit: d**-1
#   description: Frequency of geometric model of the eclipsing binary light curve
#   meta:
#     ucd: src.orbital
# - 
#   name: frequency_error
#   datatype: float32
#   unit: d**-1
#   description: "Uncertainty of \\texttt{frequency}"
#   meta:
#     ucd: stat.error
# - 
#   name: geom_model_reference_level
#   datatype: float32
#   unit: mag
#   description: Magnitude reference level of geometric model
#   meta:
#     ucd: phot.mag;em.opt
# - 
#   name: geom_model_reference_level_error
#   datatype: float32
#   unit: mag
#   description: "Uncertainty of \\texttt{geomModelReferenceLevel}"
#   meta:
#     ucd: stat.error;phot.mag;em.opt
# - 
#   name: geom_model_gaussian1_phase
#   datatype: float32
#   description: Phase of the Gaussian 1 component
#   meta:
#     ucd: time.phase
# - 
#   name: geom_model_gaussian1_phase_error
#   datatype: float32
#   description: "Uncertainty of \\texttt{geomModelGaussian1Phase}"
#   meta:
#     ucd: stat.error;time.phase
# - 
#   name: geom_model_gaussian1_sigma
#   datatype: float32
#   description: "Standard deviation [phase] of Gaussian 1 component"
#   meta:
#     ucd: stat.stdev
# - 
#   name: geom_model_gaussian1_sigma_error
#   datatype: float32
#   description: "Uncertainty of \\texttt{geomModelGaussian1Sigma}"
#   meta:
#     ucd: stat.error
# - 
#   name: geom_model_gaussian1_depth
#   datatype: float32
#   unit: mag
#   description: Magnitude depth of Gaussian 1 component
#   meta:
#     ucd: src.var.amplitude
# - 
#   name: geom_model_gaussian1_depth_error
#   datatype: float32
#   unit: mag
#   description: "Uncertainty of \\texttt{geomModelGaussian1Depth}"
#   meta:
#     ucd: stat.error;src.var.amplitude
# - 
#   name: geom_model_gaussian2_phase
#   datatype: float32
#   description: Phase of Gaussian 2 component
#   meta:
#     ucd: time.phase
# - 
#   name: geom_model_gaussian2_phase_error
#   datatype: float32
#   description: "Uncertainty of \\texttt{geomModelGaussian2Phase}"
#   meta:
#     ucd: stat.error;time.phase
# - 
#   name: geom_model_gaussian2_sigma
#   datatype: float32
[...]
#   datatype: float32
#   description: "Secondary eclipse: uncertainty of \\texttt{derivedSecondaryEclDuration}"
#   meta:
#     ucd: stat.error;time.duration
# - 
#   name: derived_secondary_ecl_depth
#   datatype: float32
#   unit: mag
#   description: "Secondary eclipse: depth"
#   meta:
#     ucd: src.var.amplitude
# - 
#   name: derived_secondary_ecl_depth_error
#   datatype: float32
#   unit: mag
#   description: "Secondary eclipse: uncertainty of \\texttt{derivedSecondaryEclDepth}"
#   meta:
#     ucd: stat.error;src.var.amplitude
solution_id,source_id,global_ranking,reference_time,frequency,frequency_error,geom_model_reference_level,geom_model_reference_level_error,geom_model_gaussian1_phase,geom_model_gaussian1_phase_error,geom_model_gaussian1_sigma,geom_model_gaussian1_sigma_error,geom_model_gaussian1_depth,geom_model_gaussian1_depth_error,geom_model_gaussian2_phase,geom_model_gaussian2_phase_error,geom_model_gaussian2_sigma,geom_model_gaussian2_sigma_error,geom_model_gaussian2_depth,geom_model_gaussian2_depth_error,geom_model_cosine_half_period_amplitude,geom_model_cosine_half_period_amplitude_error,geom_model_cosine_half_period_phase,geom_model_cosine_half_period_phase_error,model_type,num_model_parameters,reduced_chi2,derived_primary_ecl_phase,derived_primary_ecl_phase_error,derived_primary_ecl_duration,derived_primary_ecl_duration_error,derived_primary_ecl_depth,derived_primary_ecl_depth_error,derived_secondary_ecl_phase,derived_secondary_ecl_phase_error,derived_secondary_ecl_duration,derived_secondary_ecl_duration_error,derived_secondary_ecl_depth,derived_secondary_ecl_depth_error
[from data line 38]
375316653866487564,4143774830784509184,0.45326203,2282.6119282807335,0.6554688057687901,7.172831E-5,19.721298,0.02599638,0.23957808,0.016835636,0.08211255,0.015463274,0.2385544,0.02531478,0.8386666,0.01852813,0.037598692,0.024726585,0.15427406,0.0460242,null,null,null,null,"TWOGAUSSIANS",8,2.939495,0.23957808,0.016835636,0.4,0.0,0.23855299,0.025304206,0.8386666,0.018528216,0.21055268,0.13846888,0.15427424,0.04607153
375316653866487564,4143774865134486144,0.48604962,2262.7403143659885,0.6916730454512925,2.1571443E-5,19.764706,0.012672995,0.28533965,0.028038066,0.0407056,0.019893063,0.05073136,0.07245967,0.59091914,0.009404274,0.1365755,0.012267277,0.26537976,0.011833564,null,null,null,null,"TWOGAUSSIANS",8,1.3364092,0.59091914,0.009404274,0.4,0.0,0.26472676,0.011048202,0.30037966,0.2743532,0.22795136,0.111401156,0.07434815,0.18413968
375316653866487564,4143775105652471296,0.46011183,2287.2761883484404,0.7774385046388113,5.8567508E-5,19.719776,0.025363328,0.31939816,0.016482087,0.11629136,0.022232192,0.24221857,0.07195425,0.784372,0.0062920647,0.07407572,0.010641662,0.26210052,0.024097139,null,null,null,null,"TWOGAUSSIANS",8,2.124731,0.784372,0.0062920647,0.4,0.018972289,0.25284463,0.01624409,0.31939816,0.016482087,0.4,0.0,0.23287475,0.07341985
375316653866487564,4143775174372029312,0.52220607,2288.029369868671,1.202752042679462,5.875349E-5,19.656376,0.036163557,0.095461905,0.010279449,0.052626546,0.020921469,0.11852898,0.026916377,0.5652868,0.016900023,0.16249871,0.02835129,0.40733567,0.05571387,null,null,null,null,"TWOGAUSSIANS",8,2.5568347,0.5652868,0.016900023,0.4,0.0,0.38166443,0.061230026,0.0972219,0.009775459,0.29470864,0.11716022,0.101142086,0.015922487
375316653866487564,4143775208731798528,0.505744,2287.7003570069796,0.3915755728061739,4.7881415E-5,18.409649,0.008222441,0.7354418,0.01117889,0.026871763,0.0114128785,0.17225277,0.036297638,0.5796296,0.087538585,0.089542784,0.047103595,0.2802676,0.090735056,null,null,null,null,"TWOGAUSSIANS",8,6.7759514,0.5796296,0.08809013,0.4,0.15979345,0.2802675,0.090429276,0.7299418,0.012350112,0.15048186,0.06391212,0.23717915,0.021063102
375316653866487564,4143775582398769920,0.51030254,2304.2751843783235,2.736661797136238,5.041519E-5,18.809935,0.008526229,0.249637,0.0065763816,0.07482106,0.009561101,0.1818294,0.02536312,0.7430751,0.016571108,0.083900504,0.015019158,0.20073718,0.019748626,null,null,null,null,"TWOGAUSSIANS",8,1.7372853,0.7430751,0.016571108,0.4,0.0,0.19838792,0.019869743,0.249637,0.0065763816,0.4,0.0053292555,0.17948015,0.025882727
375316653866487564,4143775621048881280,0.439485,2296.6479826872123,0.12105749379066953,8.249206E-5,19.323532,0.006410534,0.4737303,0.061651148,0.08098051,0.053003047,0.06344656,0.049720414,0.89520925,0.0122595355,0.021557435,0.00504434,0.61048645,0.49349377,null,null,null,null,"TWOGAUSSIANS",8,5.6122193,0.89520925,0.0122595355,0.12072164,0.028248305,0.6104865,0.49349406,0.4737303,0.061651148,0.4,0.19146453,0.06344654,0.04972073
375316653866487564,4143775827224738944,0.66495025,2303.6472855121206,0.8776871176314097,1.0442817E-5,18.161861,0.09908217,0.19579615,0.0025692976,0.054602068,0.019420337,0.4446169,0.20615076,0.6921434,0.017676268,0.045575768,0.039248236,0.45518258,0.106925316,0.14561231,0.09911666,0.19579615,0.0025692976,"TWOGAUSSIANS_WITH_ELLIPSOIDAL_ON_ECLIPSE1",9,2.9333196,0.6924934,0.01699656,0.2552243,0.15826471,0.7462554,0.29788497,0.19579615,0.0025692976,0.3057716,0.099738404,0.7358286,0.05979712
375316653866487564,4143776372674544000,0.52560264,2217.5071308218066,0.14657201864362926,9.239372E-5,17.775675,0.017360376,0.2379133,4.5142202E-5,0.014421485,4.83616E-4,0.63907415,0.027812831,0.7444627,0.08659746,0.1631173,0.087585256,0.032208808,0.023554277,null,null,null,null,"TWOGAUSSIANS",8,9.450317,0.2379133,4.5142202E-5,0.08076032,0.0027082495,0.63872564,0.028016025,0.7444627,0.08659746,0.4,0.0,0.031269237,0.02020889
375316653866487564,4143776445694060288,0.51441014,2319.269655427202,2.5621969750304334,2.603773E-5,18.666092,0.26983744,0.43768728,0.01370378,0.09540516,0.015412782,0.8503992,0.12839876,0.827197,0.010907328,0.17619146,0.058937293,0.502808,0.26476958,null,null,null,null,"TWOGAUSSIANS",8,1.7947456,0.44368726,0.0062742187,0.4,0.0,0.8067771,0.0649535,0.827197,0.010907328,0.4,0.0,0.4129135,0.105541915
375316653866487564,4143776651852644224,0.47745556,2236.731797655498,0.34974553663015046,9.406782E-5,19.662676,0.33501494,0.276988,0.015515452,0.13037553,0.0836643,0.41965437,0.19973709,0.7677357,0.017889932,0.1836386,0.09985443,0.3236842,0.32374603,null,null,null,null,"TWOGAUSSIANS",8,1.6844728,0.278278,0.013892805,0.4,0.0,0.24951632,0.12316297,0.7677357,0.017889932,0.4,0.0,0.13805556,0.026819065
375316653866487564,4143777339060286848,0.48317125,2316.880051940294,0.43308336477856096,1.0248205E-4,19.35412,0.5457641,0.33467096,0.020758765,0.24196826,0.12732686,0.53624827,0.533762,0.7866565,0.019896213,0.10768012,0.03360481,0.3122986,0.11126767,null,null,null,null,"TWOGAUSSIANS",8,2.172248,0.33487096,0.020035444,0.4,0.0,0.2760228,0.022843732,0.7866565,0.019896213,0.4,0.0,0.18676399,0.06389849
375316653866487564,4143777888801717376,0.47436866,2324.509166465624,3.8233482847031195,8.2659E-6,19.396654,0.02279506,0.2110661,0.0030114625,0.011372264,0.004004684,0.63569176,0.16335891,0.6891769,0.06235328,0.042077124,0.045862023,0.378077,6.115198E23,0.102837004,0.058854878,0.2110661,0.0030114625,"TWOGAUSSIANS_WITH_ELLIPSOIDAL_ON_ECLIPSE1",9,23.736282,0.2110661,0.0030114625,0.06368468,0.022426229,0.84136564,0.17341827,0.6907069,0.060829286,0.23563188,0.25682732,0.58015376,6.115198E23
375316653866487564,4143778296797519872,0.47506782,2247.6585204079265,1.7892460663373277,1.1426672E-5,18.760172,0.043100663,0.2636959,0.017272351,0.11258371,0.021068811,0.26068214,0.039256062,0.7805418,0.010485765,0.106338166,0.02154449,0.23580344,0.041006856,null,null,null,null,"TWOGAUSSIANS",8,5.054046,0.26368588,0.017280078,0.4,0.0,0.23010921,0.0166457,0.78057176,0.010492337,0.4,0.0,0.20525406,0.026424406
375316653866487564,4143778335470846336,0.5399676,2247.6733746881287,4.537897348781104,2.8058614E-5,17.698256,0.0070561795,0.23459217,7.881578E-4,0.013507456,0.002427873,0.085550435,0.0071701547,0.49036598,0.0073554455,0.14095591,0.014448021,0.2862182,0.016325915,null,null,null,null,"TWOGAUSSIANS",8,9.611237,0.49036598,0.0073554455,0.4,0.0,0.28515783,0.017330512,0.23614217,0.0010930146,0.07564175,0.013596089,0.14020798,0.007120556
375316653866487564,4143778404189652352,0.570106,2295.5149727356225,2.1035520776682746,1.2900762E-5,18.630966,0.015734687,0.3617007,0.009298831,0.0414152,0.008592702,0.4072171,0.050215546,0.8775239,0.002016305,0.03305564,0.0043344605,0.5841657,0.08262174,0.17795618,0.028441373,0.8775239,0.002016305,"TWOGAUSSIANS_WITH_ELLIPSOIDAL_ON_ECLIPSE2",9,12.011364,0.8775239,0.002016305,0.18511158,0.024272978,0.9400779,0.10449091,0.36337072,0.007812927,0.23192513,0.048119135,0.7599912,0.0444877
375316653866487564,4143778507269074944,0.51438576,2232.6168315433083,1.285811998371106,6.0592814E-5,19.52916,0.01697167,0.3231635,0.018883383,0.09585351,0.017768567,0.30990016,0.03305701,0.9281581,0.033797927,0.06203412,0.027383821,0.058514934,0.018559393,null,null,null,null,"TWOGAUSSIANS",8,1.4753133,0.3231635,0.018883383,0.4,0.0,0.30969897,0.032954127,0.9283381,0.033752467,0.34739107,0.14815934,0.05837762,0.018108286
375316653866487564,4143778507269080576,0.4927952,2286.0365072212576,0.3975632794188676,1.1743273E-4,19.235382,0.057965927,0.17878859,0.015076521,0.09333224,0.019920725,0.45683685,0.06180819,0.7371429,0.0073910924,0.08384621,0.0091230115,0.581535,0.05809111,null,null,null,null,"TWOGAUSSIANS",8,6.093693,0.7371429,0.0074007935,0.4,0.0,0.57442063,0.045031924,0.17878859,0.015075675,0.4,0.0,0.44971672,0.056643277
375316653866487564,4143778816506997888,0.46514282,2271.88967802621,1.5711011442024865,2.2319564E-5,16.401615,0.043767434,0.39186966,0.0049102413,0.035046987,0.005915636,0.18461818,0.022928864,0.73035365,0.048429828,0.13556342,0.080703735,0.05030074,0.04394982,null,null,null,null,"TWOGAUSSIANS",8,16.250095,0.39213967,0.0039104386,0.19626313,0.03312756,0.18673645,0.0307857,0.73035365,0.048429828,0.4,0.0,0.05018564,0.033184037
375316653866487564,4143778919586492288,0.53401834,2299.9197435719757,1.7492174360740296,2.0493112E-4,18.972265,0.0065745995,0.31375942,0.09121637,0.051497888,0.02295016,0.09835786,0.076229736,0.77192116,0.03456425,0.030835658,0.037384085,2.8458946,3.4080365,null,null,null,null,"TWOGAUSSIANS",8,3.5643454,0.77192116,0.03456425,0.17267969,0.20935088,2.8458946,3.4080393,0.31375942,0.09121637,0.28838816,0.12852089,0.09835786,0.07622989
375316653866487564,4143779160105065344,0.519453,2225.699243231813,0.6522238460775973,5.6249777E-5,19.316282,0.029717607,0.44477034,0.01784892,0.12388436,0.023050021,0.22836766,0.03438767,0.8429995,0.026937503,0.11530952,0.030464489,0.11798216,0.020150203,null,null,null,null,"TWOGAUSSIANS",8,0.907487,0.4453903,0.017388424,0.4,0.0,0.21476872,0.024589833,0.8429995,0.026937503,0.4,0.0,0.10538129,0.02150578
375316653866487564,4143779263278591104,0.4638598,2267.0881697398963,0.04444061317220426,4.669311E-5,19.49251,0.16354735,0.26377112,0.021270785,0.10242477,0.06175981,0.24279098,0.13699405,0.72393185,0.029100498,0.11656951,0.08274756,0.18555038,0.1602303,null,null,null,null,"TWOGAUSSIANS",8,2.3775904,0.26388112,0.019878805,0.4,0.078988515,0.22282718,0.073837765,0.72393185,0.029100498,0.4,0.016135376,0.16551594,0.051283635
375316653866487564,4143779366263794560,0.4842983,2319.6776287207595,0.03081691161398674,5.8735277E-5,19.120377,0.0052179024,0.074255064,0.0031095946,0.038101155,0.0038042015,0.23009056,0.040219393,0.6052867,0.016795954,0.06697065,0.009185923,0.15279981,0.021348324,null,null,null,null,"TWOGAUSSIANS",8,2.0683727,0.074255064,0.0031095946,0.21336646,0.021303529,0.23008959,0.040220078,0.6052867,0.016795954,0.3750356,0.051441174,0.15279885,0.021347778
375316653866487564,4143779469437109888,0.5938197,2223.3619612297434,0.6632867476524433,2.3655758E-4,17.773777,0.006496249,0.80509084,0.07057109,0.054650977,0.06951257,0.036731876,0.009687487,0.5211516,0.07283125,0.04634482,0.06857469,0.52448463,0.69443077,null,null,null,null,"TWOGAUSSIANS",8,0.9995397,0.5211516,0.07280929,0.259531,0.18312751,0.5244847,0.6943669,0.80509084,0.06913398,0.30604547,0.22086304,0.03673188,0.009898923
375316653866487564,4143779705544590592,0.540101,2298.023151602363,4.414700394032388,1.05659274E-4,17.792969,0.008553818,0.528359,0.08975172,0.13197452,0.044065766,0.06670184,0.024443258,0.6898993,6.0762215E-4,0.031220619,0.0018987148,1.1668857,0.043707483,null,null,null,null,"TWOGAUSSIANS",8,32.938396,0.6898993,6.0762215E-4,0.17483546,0.010632803,1.1983192,0.070627786,0.528439,0.17704976,0.4,0.0,0.0666017,1.1286664
375316653866487564,4143779744220519808,0.4708676,2275.2889371834076,2.628968594203532,1.5704198E-5,18.841871,0.04295386,0.2767238,0.0053338525,0.09391282,0.023061395,0.1370266,0.042155314,0.7727389,0.011168636,0.09742083,0.03737236,0.1152368,0.038832422,null,null,null,null,"TWOGAUSSIANS",8,2.6084294,0.2767238,0.005351969,0.4,0.0,0.12922093,0.01756285,0.7727389,0.011168636,0.4,0.0,0.107430875,0.01730804
375316653866487564,4143779778580644352,0.56257236,2351.188033280516,2.2914532759251762,1.8519442E-5,19.42889,0.046216685,0.30344748,0.0041831313,0.08873655,0.009041233,0.42965785,0.042666204,0.8057935,0.008880678,0.12297313,0.021609448,0.322229,0.04802991,null,null,null,null,"TWOGAUSSIANS",8,1.6730261,0.30343747,0.0041974527,0.4,0.0,0.3872546,0.021944307,0.8057935,0.008880678,0.4,0.0,0.27965966,0.03200218
375316653866487564,4143779950379251200,0.4558655,2267.240194112485,4.4909515979799925,3.057564E-5,19.735893,0.036429193,0.23832637,0.0119093675,0.09826971,0.026533566,0.26092568,0.037030898,0.75358623,0.051753625,0.08108609,0.06250718,0.30678362,1.707552,null,null,null,null,"TWOGAUSSIANS",8,4.0073023,0.75358623,0.051757768,0.4,0.25818947,0.29778492,1.7160003,0.23832637,0.01190884,0.4,0.0,0.25192535,0.037843633
375316653866487564,4143780259615774848,0.56736183,2230.5144372928526,1.3984749513615315,1.1080341E-5,18.659252,0.015118067,0.2326263,0.02232052,0.09980949,0.031103393,0.106463425,0.027435714,0.74410963,0.0020450996,0.061487798,0.0032532134,0.4118155,0.017755779,null,null,null,null,"TWOGAUSSIANS",8,3.1831532,0.74410963,0.0020450996,0.34433168,0.018217994,0.4096381,0.016349511,0.2326263,0.02232052,0.4,0.0,0.10428516,0.028279074
375316653866487564,4143780427101833344,0.5734322,2237.5074526125154,3.7733915848790462,2.1472999E-5,18.274921,0.018238993,0.29043552,0.018212698,0.08842245,0.017624872,0.23650481,0.0334708,0.7759317,0.005479113,0.071122475,0.010016409,0.24680483,0.019230232,null,null,null,null,"TWOGAUSSIANS",8,2.0576594,0.7759317,0.005479113,0.39828584,0.032394502,0.24416263,0.012082193,0.29043552,0.018212698,0.4,0.0,0.23386255,0.026092624
375316653866487564,4143780598897792256,0.5636995,2239.1606082987914,0.32475852054543547,1.0743077E-5,13.273815,0.006368151,0.5073981,0.019422775,0.046846624,0.026167018,0.27426034,0.14238384,0.36516234,0.007765955,0.03147877,0.0059171948,0.73965484,0.08546581,null,null,null,null,"TWOGAUSSIANS",8,1779.9033,0.36540237,0.007799718,0.17628112,0.03313629,0.7424075,0.085903876,0.50736815,0.019445525,0.2623411,0.1465353,0.27428767,0.14239691
375316653866487564,4143780706292450432,0.62138975,2236.750924579501,2.3110126177498906,8.678277E-6,18.086565,0.010006326,0.24402502,0.008831271,0.029999673,0.015417415,0.44663814,0.033638448,0.74014616,0.011245902,0.035772838,0.010513268,0.43583345,0.087187134,0.138183,0.012087774,0.24402502,0.008831271,"TWOGAUSSIANS_WITH_ELLIPSOIDAL_ON_ECLIPSE1",9,7.427171,0.24402502,0.008831271,0.16799816,0.08633752,0.7230041,0.03505095,0.7403762,0.010885446,0.20032789,0.058874305,0.7120452,0.09681536
375316653866487564,4143780912451084800,0.4652457,2349.447996516783,2.8308769103200464,2.1147298E-5,19.538277,0.1317996,0.08854877,0.011977161,0.045701414,0.0045377673,0.24690701,0.07405262,0.51230544,0.011595877,0.23228341,0.05631426,0.48483467,0.10892252,null,null,null,null,"TWOGAUSSIANS",8,2.3542202,0.51230544,0.011595877,0.4,0.0,0.37586358,0.03683536,0.092868775,0.011127905,0.25592792,0.025411496,0.25304446,0.07907088
375316653866487564,4143780946896573184,0.50075233,2291.763888298712,0.9315189618110488,4.123918E-5,19.396357,0.20942253,0.51397604,0.024462648,0.092050605,0.012337025,0.42592776,0.10994743,0.8351584,0.06788925,0.066843025,0.218551,0.07919214,0.19119771,null,null,null,null,"TWOGAUSSIANS",8,4.21659,0.51397604,0.02000252,0.4,0.0,0.425884,0.086169995,0.8351584,0.06788925,0.37432092,0.28809515,0.08011518,0.0595242
375316653866487564,4143781221774568192,0.5005366,2302.7338726523317,0.19717895058672533,1.0633157E-4,18.543703,0.013603186,0.499987,0.008386659,0.06390467,0.012100717,0.44612718,0.14097893,0.8690831,0.020143745,0.06831864,0.012022356,0.17035048,0.035352807,null,null,null,null,"TWOGAUSSIANS",8,7.01003,0.499987,0.008386659,0.35786617,0.051963612,0.44612113,0.1410134,0.8690831,0.020143745,0.3825844,0.06558203,0.17034437,0.0353442
375316653866487564,4143781256049064064,0.5455431,2269.8761537301475,0.2996319811001621,1.02359145E-5,18.613457,0.0035292495,0.2751409,0.016395668,0.059064303,0.011104775,0.058477968,0.011966222,0.6463376,8.765675E-5,0.00399697,3.1799494E-4,3.9891636,2.932981,0.019266317,0.0052638752,0.6463376,8.765675E-5,"TWOGAUSSIANS_WITH_ELLIPSOIDAL_ON_ECLIPSE2",9,0.9204233,0.6463376,8.765675E-5,0.022383032,0.0017807717,4.0276957,2.9351416,0.26038092,0.015473143,0.3307601,0.062186737,0.07859061,0.013688105
