Gaia/vari_eclipsing_binary/VariEclipsingBinary_472188-472228.csv
# %ECSV 1.0
# ---
# delimiter: ','
# meta: !!omap
# - RELEASE: Gaia DR3
# - TABLE: vari_eclipsing_binary
# - DESCRIPTION: >
#     This table describes the properties of the eclipsing binaries resulting from the variability analysis. 
# - CITATION: >
#     How to cite and acknowledge Gaia: 
#     https://gea.esac.esa.int/archive/documentation/credits.html 
# - KNOWN_ISSUES: >
#     Known issues: 
#     https://www.cosmos.esa.int/web/gaia-users/known-issues 
# - DOCUMENTATION: >
#     Tutorials and documentation: 
#     https://www.cosmos.esa.int/web/gaia-users/archive 
# datatype:
# - 
#   name: solution_id
#   datatype: int64
#   description: Solution Identifier
#   meta:
#     ucd: meta.version
# - 
#   name: source_id
#   datatype: int64
#   description: Unique source identifier
#   meta:
#     ucd: meta.id;meta.main
# - 
#   name: global_ranking
#   datatype: float32
#   description: Number between 0 (worst) and 1 (best)
#   meta:
#     ucd: stat.param
# - 
#   name: reference_time
#   datatype: float64
#   unit: d
#   description: Reference time used for the geometric model fit
#   meta:
#     ucd: time.epoch
# - 
#   name: frequency
#   datatype: float64
#   unit: d**-1
#   description: Frequency of geometric model of the eclipsing binary light curve
#   meta:
#     ucd: src.orbital
# - 
#   name: frequency_error
#   datatype: float32
#   unit: d**-1
#   description: "Uncertainty of \\texttt{frequency}"
#   meta:
#     ucd: stat.error
# - 
#   name: geom_model_reference_level
#   datatype: float32
#   unit: mag
#   description: Magnitude reference level of geometric model
#   meta:
#     ucd: phot.mag;em.opt
# - 
#   name: geom_model_reference_level_error
#   datatype: float32
#   unit: mag
#   description: "Uncertainty of \\texttt{geomModelReferenceLevel}"
#   meta:
#     ucd: stat.error;phot.mag;em.opt
# - 
#   name: geom_model_gaussian1_phase
#   datatype: float32
#   description: Phase of the Gaussian 1 component
#   meta:
#     ucd: time.phase
# - 
#   name: geom_model_gaussian1_phase_error
#   datatype: float32
#   description: "Uncertainty of \\texttt{geomModelGaussian1Phase}"
#   meta:
#     ucd: stat.error;time.phase
# - 
#   name: geom_model_gaussian1_sigma
#   datatype: float32
#   description: "Standard deviation [phase] of Gaussian 1 component"
#   meta:
#     ucd: stat.stdev
# - 
#   name: geom_model_gaussian1_sigma_error
#   datatype: float32
#   description: "Uncertainty of \\texttt{geomModelGaussian1Sigma}"
#   meta:
#     ucd: stat.error
# - 
#   name: geom_model_gaussian1_depth
#   datatype: float32
#   unit: mag
#   description: Magnitude depth of Gaussian 1 component
#   meta:
#     ucd: src.var.amplitude
# - 
#   name: geom_model_gaussian1_depth_error
#   datatype: float32
#   unit: mag
#   description: "Uncertainty of \\texttt{geomModelGaussian1Depth}"
#   meta:
#     ucd: stat.error;src.var.amplitude
# - 
#   name: geom_model_gaussian2_phase
#   datatype: float32
#   description: Phase of Gaussian 2 component
#   meta:
#     ucd: time.phase
# - 
#   name: geom_model_gaussian2_phase_error
#   datatype: float32
#   description: "Uncertainty of \\texttt{geomModelGaussian2Phase}"
#   meta:
#     ucd: stat.error;time.phase
# - 
#   name: geom_model_gaussian2_sigma
#   datatype: float32
[...]
#   datatype: float32
#   description: "Secondary eclipse: uncertainty of \\texttt{derivedSecondaryEclDuration}"
#   meta:
#     ucd: stat.error;time.duration
# - 
#   name: derived_secondary_ecl_depth
#   datatype: float32
#   unit: mag
#   description: "Secondary eclipse: depth"
#   meta:
#     ucd: src.var.amplitude
# - 
#   name: derived_secondary_ecl_depth_error
#   datatype: float32
#   unit: mag
#   description: "Secondary eclipse: uncertainty of \\texttt{derivedSecondaryEclDepth}"
#   meta:
#     ucd: stat.error;src.var.amplitude
solution_id,source_id,global_ranking,reference_time,frequency,frequency_error,geom_model_reference_level,geom_model_reference_level_error,geom_model_gaussian1_phase,geom_model_gaussian1_phase_error,geom_model_gaussian1_sigma,geom_model_gaussian1_sigma_error,geom_model_gaussian1_depth,geom_model_gaussian1_depth_error,geom_model_gaussian2_phase,geom_model_gaussian2_phase_error,geom_model_gaussian2_sigma,geom_model_gaussian2_sigma_error,geom_model_gaussian2_depth,geom_model_gaussian2_depth_error,geom_model_cosine_half_period_amplitude,geom_model_cosine_half_period_amplitude_error,geom_model_cosine_half_period_phase,geom_model_cosine_half_period_phase_error,model_type,num_model_parameters,reduced_chi2,derived_primary_ecl_phase,derived_primary_ecl_phase_error,derived_primary_ecl_duration,derived_primary_ecl_duration_error,derived_primary_ecl_depth,derived_primary_ecl_depth_error,derived_secondary_ecl_phase,derived_secondary_ecl_phase_error,derived_secondary_ecl_duration,derived_secondary_ecl_duration_error,derived_secondary_ecl_depth,derived_secondary_ecl_depth_error
[from data line 189]
375316653866487564,4153613054640878592,0.5287118,2290.057831227931,3.317865132194943,3.2230353E-5,17.730827,0.05176423,0.2664679,0.012448307,0.103347406,0.026850592,0.319183,0.050847232,0.77917165,0.009488428,0.09414877,0.020884462,0.31842914,0.043948624,null,null,null,null,"TWOGAUSSIANS",8,10.992332,0.2664679,0.012448307,0.4,0.0,0.29727504,0.04482156,0.77917165,0.009491869,0.4,0.0,0.29652682,0.0146518955
375316653866487564,4153613943697015296,0.6274183,2279.611027329617,1.6644420570795977,7.1784084E-6,18.186203,0.004791822,0.26767677,0.0059029884,0.078349225,0.005430207,0.31551754,0.017782934,0.76413965,0.0015968279,0.061908048,0.0012575354,0.68412143,0.015054635,null,null,null,null,"TWOGAUSSIANS",8,2.8783777,0.76413965,0.0015968279,0.34668508,0.0070421984,0.68273425,0.015033688,0.26767677,0.0059029884,0.4,0.0,0.3141304,0.017939903
375316653866487564,4153613982353902720,0.55259216,2265.942429747692,2.1369408168933552,1.7559796E-5,18.714891,0.022275677,0.28665656,0.0037132557,0.08984789,0.008448602,0.33630657,0.021487657,0.79364824,0.0063662757,0.08597519,0.013853802,0.22462636,0.019560887,null,null,null,null,"TWOGAUSSIANS",8,1.7316687,0.28665656,0.0037132557,0.4,0.0,0.32768673,0.018756917,0.79364824,0.0063662757,0.4,0.0,0.21600664,0.012411362
375316653866487564,4153614566512296320,0.4593911,2257.815669531335,2.7488816092224937,4.654428E-5,18.16445,0.019160822,0.14111874,0.044105653,0.080686666,0.07515975,0.08372711,22011.844,0.6018029,0.003449232,0.04268778,0.086597666,0.59289443,0.503113,null,null,null,null,"TWOGAUSSIANS",8,11.239329,0.6018029,0.003449232,0.23905158,0.15477276,0.59287304,0.51193863,0.14111874,0.044073008,0.4,0.33016968,0.083705716,22011.844
375316653866487564,4153615047548603904,0.49367324,2268.071954996272,0.2729958529114936,7.217974E-5,19.86948,0.03624677,0.3296379,0.02381905,0.09499962,0.025151754,0.19389103,0.034377206,0.7938552,0.025624922,0.07263893,0.021815132,0.2138197,0.043184843,null,null,null,null,"TWOGAUSSIANS",8,1.6078286,0.7938552,0.025624922,0.4,0.08519689,0.21139857,0.03701275,0.3296379,0.02381905,0.4,0.0,0.19146861,0.026137834
375316653866487564,4153615356749720832,0.56183267,2314.0850797360745,2.3756526579067994,3.793028E-5,19.594301,0.009005017,0.16254108,0.030601567,0.06642455,0.02156128,0.54913515,0.09671744,0.6553981,0.0072982903,0.069414906,0.006023398,0.55172354,0.04017315,null,null,null,null,"TWOGAUSSIANS",8,1.3818315,0.6553981,0.0072982903,0.38872346,0.026354996,0.5506883,0.040297195,0.16254108,0.030601567,0.37197745,0.11951781,0.5481,0.09739891
375316653866487564,4153616731133380864,0.5322095,2304.1285414564695,2.2679958137784175,1.6482789E-5,19.579954,0.032421023,0.20983419,0.016082602,0.087369606,0.018726872,0.36350745,0.04878461,0.70577097,0.0017563092,0.09136521,0.007521879,0.38613275,0.03036454,null,null,null,null,"TWOGAUSSIANS",8,1.2735324,0.70577097,0.0017563092,0.4,0.0,0.37207898,0.022133991,0.20983419,0.016082602,0.4,0.0,0.3494539,0.049332973
375316653866487564,4153616799852960512,0.51190156,2256.52770069674,2.8674220948342644,1.2318265E-5,19.60478,0.011465516,0.3201159,0.006752042,0.08935799,0.007025498,0.39074305,0.025814846,0.8069456,0.009487576,0.053747702,0.009281292,0.54751176,0.05358041,null,null,null,null,"TWOGAUSSIANS",8,3.0998917,0.8069456,0.009487576,0.30098712,0.051975235,0.54613453,0.054487616,0.3201159,0.006752042,0.4,0.0,0.3893657,0.026269238
375316653866487564,4153618002485614976,0.42996922,2206.3070164425517,0.24582865877189988,3.7445167E-5,18.7318,0.018912304,0.28031498,0.0066241245,0.059806753,0.016272571,0.12869814,0.06441252,0.7372368,0.011955234,0.068693206,0.024955468,0.29620275,0.21727218,null,null,null,null,"TWOGAUSSIANS",8,6.941312,0.7372368,0.011955234,0.38468197,0.09688488,0.2961499,0.21748249,0.28031498,0.0066241245,0.3349178,0.086050004,0.1286453,0.06443809
375316653866487564,4153618139924566656,0.570655,2278.8169278546015,0.463261632764509,6.747571E-5,19.28516,0.06955002,0.037665084,0.019416517,0.054514717,0.013155948,0.059914056,0.053203195,0.5191003,0.010247621,0.17951028,0.0434192,0.49436268,0.046355315,null,null,null,null,"TWOGAUSSIANS",8,1.6738595,0.5191003,0.010247621,0.4,0.0,0.4480006,0.03147264,0.042755086,0.0227301,0.3052824,0.07367331,0.034930903,0.034769487
375316653866487564,4153618380401172096,0.4941261,2289.961389880467,1.7804469302062569,5.21188E-5,18.979471,0.05476116,0.22402884,0.01577206,0.09657234,0.04043108,0.21664661,0.023661222,0.70779496,0.007906513,0.10120092,0.03326579,0.24599057,0.021648906,null,null,null,null,"TWOGAUSSIANS",8,2.2809043,0.70779496,0.007906513,0.4,0.0060793194,0.2306683,0.01230076,0.22402884,0.01577637,0.4,0.08377641,0.20132667,0.019399986
375316653866487564,4153618998883847424,0.5393081,2271.789989712794,3.166744780673381,3.6155023E-5,18.954367,0.012182031,0.19766814,0.010198506,0.076134324,0.009019216,0.3515161,0.038972046,0.6971906,0.008601293,0.08348255,0.014202036,0.4512712,0.06706259,null,null,null,null,"TWOGAUSSIANS",8,4.5210643,0.6971906,0.008601293,0.4,0.0,0.44540608,0.0715637,0.19766814,0.010198506,0.4,1.8157126E-4,0.34565097,0.039015338
375316653866487564,4153619613052102784,0.5726902,2280.6673508820973,1.258161183415233,1.5139093E-5,16.376938,0.014909604,0.3067792,0.0042640115,0.09196472,0.008707172,0.18500146,0.01593438,0.781021,0.0038713529,0.084255464,0.013919081,0.3285636,0.0419232,null,null,null,null,"TWOGAUSSIANS",8,15.363869,0.781021,0.0038713529,0.4,0.0,0.32292548,0.048444767,0.3067792,0.0042640115,0.4,0.0,0.17936304,0.011544759
375316653866487564,4153619926589568512,0.49826849,2282.8019585226384,4.101593034890922,3.2234813E-5,19.756441,0.018060654,0.25983268,0.019671472,0.0808153,0.02035928,0.1995285,0.031308398,0.7968301,0.007351662,0.08462165,0.012685232,0.29165396,0.014942146,null,null,null,null,"TWOGAUSSIANS",8,1.110602,0.7968301,0.007351662,0.4,0.0,0.2891609,0.012694884,0.25983268,0.019671472,0.4,0.022298202,0.19703552,0.030426724
375316653866487564,4153620957403766912,0.5119395,2256.82008187624,2.956622370143346,1.7815266E-5,18.37411,0.011996731,0.28047895,0.0052774986,0.08737651,0.011065558,0.2106523,0.021350302,0.7847003,0.004289222,0.07004303,0.01180874,0.21987998,0.041998763,null,null,null,null,"TWOGAUSSIANS",8,4.368256,0.7847003,0.004289222,0.39224094,0.02294664,0.21735628,0.04396224,0.28047895,0.0052774986,0.4,0.0,0.20812857,0.022035055
375316653866487564,4153621300989655808,0.47892815,2262.559189292706,1.9676116181165768,4.647628E-5,19.288548,0.059072066,0.20872399,0.008701654,0.08839097,0.011963382,0.5030102,0.06763906,0.71890724,0.010712772,0.08739018,0.034048222,0.50383097,0.12509376,null,null,null,null,"TWOGAUSSIANS",8,10.771227,0.71890724,0.010712772,0.4,0.0,0.4889106,0.15740198,0.20872399,0.0087018,0.4,0.0,0.48808983,0.04660736
375316653866487564,4153621335382190848,0.5885451,2241.967537556405,1.190484223293102,1.8825354E-5,17.76735,0.006459776,0.21902609,0.0027537642,0.062837474,0.0035876215,0.18208027,0.00634245,0.7222731,0.008381824,0.055747874,0.012414713,0.4176109,0.18026517,null,null,null,null,"TWOGAUSSIANS",8,2.4178612,0.7222731,0.008381824,0.3121881,0.069522396,0.41754538,0.18047318,0.21902609,0.0027537642,0.35188988,0.02009068,0.18201473,0.0062082014
375316653866487564,4153622537941564416,0.58582956,2251.8568739331004,1.7668302936241895,1.4640682E-4,19.039785,0.0045933756,0.40033096,0.054869264,0.13031289,0.11517477,0.040119946,0.2341004,0.61868864,0.028931865,0.04835127,0.018280989,0.20954992,0.4050213,null,null,null,null,"TWOGAUSSIANS",8,0.432974,0.61868864,0.028931865,0.2707671,0.10237354,0.21935397,0.4053537,0.40065095,0.05522201,0.4,0.16748883,0.04007686,0.23430835
375316653866487564,4153623774891411584,0.5826407,2297.9350876531053,0.0787333753268164,1.0377568E-6,19.366581,0.0062130047,0.23444824,0.0019133234,0.03197039,0.0016222162,0.5888083,0.021507947,0.74978113,0.023328884,0.08117758,0.012289165,0.44016168,0.07025812,null,null,null,null,"TWOGAUSSIANS",8,0.89090604,0.23444824,0.0019133234,0.17903417,0.00908441,0.58878136,0.021509644,0.74978113,0.023328884,0.4,0.009715935,0.44013476,0.07029913
375316653866487564,4153623946698251392,0.51614463,2229.686335384039,1.8504490041870711,7.160157E-5,19.796503,0.02598745,0.2027985,0.012275326,0.041161157,0.00850634,0.66725975,0.11998197,0.78887725,0.018376272,0.06153074,0.0133001655,0.3124825,0.04343648,null,null,null,null,"TWOGAUSSIANS",8,3.2334666,0.2027985,0.012275326,0.23050249,0.047635503,0.66725963,0.1199819,0.78887725,0.018376272,0.34457216,0.07448093,0.31248245,0.043434884
375316653866487564,4153624118489122816,0.55488425,2256.152726709838,1.53902840206928,2.607035E-5,18.789461,0.013333789,0.278428,0.007158941,0.093114264,0.010581166,0.27008563,0.016070278,0.8025028,0.009551437,0.07301743,0.01487727,0.17592844,0.014179496,null,null,null,null,"TWOGAUSSIANS",8,2.1610081,0.278428,0.007158941,0.4,0.0,0.26702064,0.01441595,0.8025028,0.009551437,0.4,0.041255612,0.17286405,0.013595879
375316653866487564,4153624217264339584,0.5748852,2271.177006490541,1.6468852676644612,1.3979131E-5,18.082743,0.03280315,0.18004438,0.008181147,0.10576528,0.022799527,0.17981333,0.029733162,0.6777609,0.0028389245,0.06710477,0.0068201814,0.4831455,0.034080464,null,null,null,null,"TWOGAUSSIANS",8,5.2977924,0.6777609,0.0028389245,0.3757867,0.038193014,0.47582984,0.031439133,0.18004438,0.008181147,0.4,0.0,0.17249258,0.023414101
375316653866487564,4153624255960215040,0.6009828,2267.5141323836997,0.09724948352510479,3.640184E-5,17.800741,0.0029735481,0.5655754,0.008159545,0.05977558,0.0041891793,0.3777196,0.0063164,0.78892803,1.6253203E-4,0.0056896494,4.24375E-4,0.2510558,0.03293743,0.001059788,0.0032052342,0.78892803,1.6253203E-4,"TWOGAUSSIANS_WITH_ELLIPSOIDAL_ON_ECLIPSE2",9,2.7639875,0.5656154,0.00814864,0.33474323,0.023459403,0.37777856,0.0064387457,0.78892803,1.6253203E-4,0.03186204,0.0023765,0.25352648,0.035325695
375316653866487564,4153624285983804032,0.6080382,2280.948170191413,1.1583801281286001,1.0935607E-5,18.88999,0.033571515,0.20286368,0.0027474524,0.048989456,0.002405215,0.94780266,0.034361962,0.73592126,0.06728643,0.07805431,0.113449804,0.23755597,0.14391361,null,null,null,null,"TWOGAUSSIANS",8,3.4433522,0.20286368,0.0026221764,0.27434096,0.013469203,0.94768685,0.034237817,0.73592126,0.06728643,0.4,0.026391763,0.23744014,0.1550597
375316653866487564,4153624290319939712,0.62205964,2257.2836106975697,0.7213180859782514,5.0812455E-6,17.344885,0.003330893,0.13784085,0.0037209461,0.027849315,0.0014643689,0.5885813,0.047247857,0.4791422,0.004345903,0.022295728,0.0031191516,0.5242159,0.038751293,null,null,null,null,"TWOGAUSSIANS",8,7.4926577,0.13784085,0.0037209461,0.15595616,0.008200466,0.5885813,0.047247857,0.4791422,0.004345903,0.12485608,0.01746725,0.5242159,0.038751293
375316653866487564,4153624354704320000,0.61494535,2257.3034435103928,1.2171836823606212,4.0460636E-6,17.519726,0.006329309,0.26813576,0.00663193,0.08582013,0.006385322,0.34284562,0.018951751,0.76685953,0.003319695,0.07661526,0.0028074875,0.4433617,0.008234789,null,null,null,null,"TWOGAUSSIANS",8,3.9380286,0.76685953,0.003319695,0.4,0.0,0.4367659,0.007013359,0.26813576,0.00663193,0.4,0.0,0.3362498,0.019682363
375316653866487564,4153624393399155712,0.52512157,2254.3860405934324,0.2784413395546418,1.08256514E-4,16.398964,0.009074415,0.5537928,0.008356092,0.025937596,0.0048568654,1.4953678,1.1457419,0.3232531,0.015885651,0.10568287,0.043205813,0.15974087,0.074397385,null,null,null,null,"TWOGAUSSIANS",8,65.59257,0.55365276,0.008667274,0.14525054,0.027198445,1.5101786,1.1496701,0.3232531,0.015885651,0.4,0.0,0.15973645,0.07455176
375316653866487564,4153624560864977792,0.48198542,2225.6553336083475,1.787973820108304,1.782777E-5,18.046116,0.004195623,0.3873816,0.0036496052,0.035373054,0.012047487,0.13362603,0.05731223,0.6310778,0.0023822384,0.016932098,0.005507034,0.06857988,0.03455053,null,null,null,null,"TWOGAUSSIANS",8,1.9645222,0.3873816,0.0036496052,0.19808911,0.06746593,0.13362603,0.05731223,0.6310778,0.0023822384,0.09481975,0.03083939,0.06857988,0.03455052
375316653866487564,4153624565165786880,0.5271259,2249.5093991940776,1.5869989928093626,6.9131725E-6,18.494047,0.18925256,0.2964586,0.008381695,0.13782887,0.09509092,0.18823326,0.18242258,0.82140076,0.007326895,0.088593714,0.023889039,0.46234447,0.113457374,null,null,null,null,"TWOGAUSSIANS",8,4.6132703,0.8215507,0.006150238,0.4,0.0,0.42900115,0.07304972,0.2964586,0.008387976,0.4,0.0,0.15426084,0.033309143
375316653866487564,4153625218002113536,0.5403671,2184.990733398883,0.2745814413633668,4.6062174E-5,19.012218,0.0028099895,0.22147487,0.0025021501,0.0075139496,0.0019647959,0.039205417,0.0025946777,0.5381285,0.005373564,0.11401758,0.008318583,0.18964317,0.0036738748,null,null,null,null,"TWOGAUSSIANS",8,1.2947669,0.5381285,0.005373564,0.4,0.0,0.18961787,0.0036889133,0.22161487,0.0025334195,0.04207812,0.011002856,0.04319635,0.0030270321
375316653866487564,4153625286721762176,0.5299922,2263.055925960953,1.0485614275787056,2.0005036E-5,18.420074,0.012751371,0.3283788,0.0063896542,0.068295255,0.007899084,0.32046014,0.038390692,0.7054887,0.1894002,0.042722628,0.06026042,0.11714274,0.08573283,null,null,null,null,"TWOGAUSSIANS",8,5.35939,0.3283788,0.006195206,0.38245344,0.03913811,0.32046008,0.03861564,0.7054887,0.1894002,0.23924671,0.1745316,0.11714275,0.08263039
375316653866487564,4153625591654883584,0.50199264,2212.3981479572158,2.6591329360076084,2.2528817E-5,18.957804,0.0075422106,0.71576875,0.008339697,0.029256776,0.0069871824,0.030968213,0.009369469,null,null,null,null,null,null,0.09599085,0.014828027,0.71576875,0.008339697,"ONEGAUSSIAN_WITH_ELLIPSOIDAL",6,3.867918,0.71576875,0.008339697,0.16383794,0.03912822,0.22294961,0.023137057,null,null,null,null,null,null
375316653866487564,4153625630318799744,0.48020408,2205.6339594714905,1.3979986678519707,2.8398732E-5,18.26568,0.21784164,0.16469105,0.007848816,0.11383888,0.08690148,0.23174104,0.1838808,0.65166146,0.012684886,0.10852432,0.04073277,0.26739988,0.20152447,null,null,null,null,"TWOGAUSSIANS",8,11.359931,0.65166146,0.012684886,0.4,0.0,0.23276703,0.035323486,0.16471106,0.008027767,0.4,0.0,0.19708966,0.028584346
375316653866487564,4153625699038443904,0.5390793,2217.6644530261697,0.7963919154081889,3.89383E-5,18.698582,0.013018517,0.18923785,0.009198809,0.078236155,0.009564186,0.13079838,0.015776947,0.7047734,0.011840566,0.064629525,0.015034172,0.28739542,0.041479003,null,null,null,null,"TWOGAUSSIANS",8,3.2269723,0.7047734,0.011840566,0.36192533,0.08419136,0.28684774,0.04167805,0.18923785,0.009198809,0.4,0.0,0.13025072,0.015114291
375316653866487564,4153625767757718528,0.5387127,2267.152473412353,0.07869533241195921,8.0332684E-5,19.740208,0.008920373,0.16688208,0.010537791,0.090519294,0.008632934,0.26184726,0.040306766,0.6379594,0.011614088,0.04418842,0.015707972,0.22816321,0.021378247,null,null,null,null,"TWOGAUSSIANS",8,1.0726423,0.16688208,0.010537791,0.4,0.0,0.26163617,0.040416367,0.6379594,0.011614088,0.24745516,0.08796464,0.22795248,0.021489726
375316653866487564,4153625767757758720,0.525567,2253.9528368005112,1.1014763932988179,1.1787336E-4,19.444578,0.014073394,0.4501111,0.0075659337,0.062000185,0.014212957,0.4673101,0.18500847,0.7485192,0.023806471,0.050371636,0.02726598,0.08965681,0.04735919,null,null,null,null,"TWOGAUSSIANS",8,1.4157248,0.4501111,0.0075659337,0.34720105,0.05480229,0.4673101,0.18500859,0.7485192,0.023806471,0.28208116,0.15268949,0.08966116,0.047373116
