Gaia/vari_eclipsing_binary/VariEclipsingBinary_373831-374689.csv
# %ECSV 1.0
# ---
# delimiter: ','
# meta: !!omap
# - RELEASE: Gaia DR3
# - TABLE: vari_eclipsing_binary
# - DESCRIPTION: >
#     This table describes the properties of the eclipsing binaries resulting from the variability analysis. 
# - CITATION: >
#     How to cite and acknowledge Gaia: 
#     https://gea.esac.esa.int/archive/documentation/credits.html 
# - KNOWN_ISSUES: >
#     Known issues: 
#     https://www.cosmos.esa.int/web/gaia-users/known-issues 
# - DOCUMENTATION: >
#     Tutorials and documentation: 
#     https://www.cosmos.esa.int/web/gaia-users/archive 
# datatype:
# - 
#   name: solution_id
#   datatype: int64
#   description: Solution Identifier
#   meta:
#     ucd: meta.version
# - 
#   name: source_id
#   datatype: int64
#   description: Unique source identifier
#   meta:
#     ucd: meta.id;meta.main
# - 
#   name: global_ranking
#   datatype: float32
#   description: Number between 0 (worst) and 1 (best)
#   meta:
#     ucd: stat.param
# - 
#   name: reference_time
#   datatype: float64
#   unit: d
#   description: Reference time used for the geometric model fit
#   meta:
#     ucd: time.epoch
# - 
#   name: frequency
#   datatype: float64
#   unit: d**-1
#   description: Frequency of geometric model of the eclipsing binary light curve
#   meta:
#     ucd: src.orbital
# - 
#   name: frequency_error
#   datatype: float32
#   unit: d**-1
#   description: "Uncertainty of \\texttt{frequency}"
#   meta:
#     ucd: stat.error
# - 
#   name: geom_model_reference_level
#   datatype: float32
#   unit: mag
#   description: Magnitude reference level of geometric model
#   meta:
#     ucd: phot.mag;em.opt
# - 
#   name: geom_model_reference_level_error
#   datatype: float32
#   unit: mag
#   description: "Uncertainty of \\texttt{geomModelReferenceLevel}"
#   meta:
#     ucd: stat.error;phot.mag;em.opt
# - 
#   name: geom_model_gaussian1_phase
#   datatype: float32
#   description: Phase of the Gaussian 1 component
#   meta:
#     ucd: time.phase
# - 
#   name: geom_model_gaussian1_phase_error
#   datatype: float32
#   description: "Uncertainty of \\texttt{geomModelGaussian1Phase}"
#   meta:
#     ucd: stat.error;time.phase
# - 
#   name: geom_model_gaussian1_sigma
#   datatype: float32
#   description: "Standard deviation [phase] of Gaussian 1 component"
#   meta:
#     ucd: stat.stdev
# - 
#   name: geom_model_gaussian1_sigma_error
#   datatype: float32
#   description: "Uncertainty of \\texttt{geomModelGaussian1Sigma}"
#   meta:
#     ucd: stat.error
# - 
#   name: geom_model_gaussian1_depth
#   datatype: float32
#   unit: mag
#   description: Magnitude depth of Gaussian 1 component
#   meta:
#     ucd: src.var.amplitude
# - 
#   name: geom_model_gaussian1_depth_error
#   datatype: float32
#   unit: mag
#   description: "Uncertainty of \\texttt{geomModelGaussian1Depth}"
#   meta:
#     ucd: stat.error;src.var.amplitude
# - 
#   name: geom_model_gaussian2_phase
#   datatype: float32
#   description: Phase of Gaussian 2 component
#   meta:
#     ucd: time.phase
# - 
#   name: geom_model_gaussian2_phase_error
#   datatype: float32
#   description: "Uncertainty of \\texttt{geomModelGaussian2Phase}"
#   meta:
#     ucd: stat.error;time.phase
# - 
#   name: geom_model_gaussian2_sigma
#   datatype: float32
[...]
#   datatype: float32
#   description: "Secondary eclipse: uncertainty of \\texttt{derivedSecondaryEclDuration}"
#   meta:
#     ucd: stat.error;time.duration
# - 
#   name: derived_secondary_ecl_depth
#   datatype: float32
#   unit: mag
#   description: "Secondary eclipse: depth"
#   meta:
#     ucd: src.var.amplitude
# - 
#   name: derived_secondary_ecl_depth_error
#   datatype: float32
#   unit: mag
#   description: "Secondary eclipse: uncertainty of \\texttt{derivedSecondaryEclDepth}"
#   meta:
#     ucd: stat.error;src.var.amplitude
solution_id,source_id,global_ranking,reference_time,frequency,frequency_error,geom_model_reference_level,geom_model_reference_level_error,geom_model_gaussian1_phase,geom_model_gaussian1_phase_error,geom_model_gaussian1_sigma,geom_model_gaussian1_sigma_error,geom_model_gaussian1_depth,geom_model_gaussian1_depth_error,geom_model_gaussian2_phase,geom_model_gaussian2_phase_error,geom_model_gaussian2_sigma,geom_model_gaussian2_sigma_error,geom_model_gaussian2_depth,geom_model_gaussian2_depth_error,geom_model_cosine_half_period_amplitude,geom_model_cosine_half_period_amplitude_error,geom_model_cosine_half_period_phase,geom_model_cosine_half_period_phase_error,model_type,num_model_parameters,reduced_chi2,derived_primary_ecl_phase,derived_primary_ecl_phase_error,derived_primary_ecl_duration,derived_primary_ecl_duration_error,derived_primary_ecl_depth,derived_primary_ecl_depth_error,derived_secondary_ecl_phase,derived_secondary_ecl_phase_error,derived_secondary_ecl_duration,derived_secondary_ecl_duration_error,derived_secondary_ecl_depth,derived_secondary_ecl_depth_error
[from data line 36]
375316653866487564,3288617498901696768,0.6100848,2189.623107552919,3.0837782271420746,9.990204E-6,17.40172,0.007363312,0.27363312,0.0013866368,0.04041633,0.0018060046,0.36198378,0.018813506,0.76847875,0.002343234,0.04517477,0.0025773412,0.41048795,0.0180444,0.12347531,0.00955805,0.27363312,0.0013866368,"TWOGAUSSIANS_WITH_ELLIPSOIDAL_ON_ECLIPSE1",9,10.041639,0.7689388,0.0021041702,0.2529787,0.01443311,0.65720224,0.011497693,0.27363312,0.0013866368,0.22633144,0.010113626,0.6089341,0.011144654
375316653866487564,3288628008683947008,0.50679326,2169.073815664275,0.5076531129333601,1.6138134E-5,18.004185,0.0015042786,0.7869953,9.3106774E-4,0.010826749,6.734511E-4,0.29088128,0.03674988,null,null,null,null,null,null,null,null,null,null,"ONEGAUSSIAN",5,2.7874966,0.7869953,9.3106774E-4,0.060629793,0.0037713263,0.29088128,0.0,null,null,null,null,null,null
375316653866487564,3288633647978710656,0.46386364,2198.82273630006,0.22941238437383948,8.654419E-5,15.714232,0.0026337486,0.4393424,0.0120953135,0.008564672,0.004199909,0.31911466,0.23055899,0.75474024,0.014770204,0.019100528,0.010125018,0.11489272,0.03726631,null,null,null,null,"TWOGAUSSIANS",8,74.836525,0.4393424,0.0120953135,0.047962166,0.02351949,0.31911466,0.23055899,0.75474024,0.014770204,0.10696296,0.0567001,0.11489272,0.03726631
375316653866487564,3288634055998988032,0.51047456,2182.1295610494935,4.2438149587850384,1.9116394E-5,19.690845,0.005956033,0.22942643,0.0050542955,0.032621276,0.008102854,0.9103573,0.27558938,0.7264683,0.0024456987,0.040682554,0.0033609339,0.3860353,0.034863204,null,null,null,null,"TWOGAUSSIANS",8,2.4333458,0.22942643,0.0050542955,0.18267915,0.045375984,0.9103573,0.2755894,0.7264683,0.0024456987,0.22782229,0.01882123,0.3860353,0.034863204
375316653866487564,3288651996078923392,0.5734831,2128.3282303463156,3.675364416518584,1.9485771E-5,16.678122,0.020143334,0.26309192,0.0016223885,0.053598557,0.005718409,0.3194256,0.040165335,0.777862,0.0113322195,0.04776304,0.008503948,0.2895992,0.089577496,0.10558995,0.024137964,0.26309192,0.0016223885,"TWOGAUSSIANS_WITH_ELLIPSOIDAL_ON_ECLIPSE1",9,31.0342,0.26309192,0.0016223885,0.3001519,0.03202309,0.53059816,0.010238031,0.777862,0.0113322195,0.267473,0.04762211,0.49895817,0.085950054
375316653866487564,3288670511680699392,0.675326,2146.6681213503707,0.09184866213405277,1.641063E-6,12.576521,0.0050710673,0.20242022,8.569066E-4,0.033610545,0.0030799324,0.26836422,0.015522317,0.7001293,3.1665707E-4,0.02405687,5.391231E-4,0.9723933,0.01261739,0.060626347,0.007851508,0.20242022,8.569066E-4,"TWOGAUSSIANS_WITH_ELLIPSOIDAL_ON_ECLIPSE1",9,215.44753,0.7001393,3.1649088E-4,0.13471848,0.0030190893,1.093621,0.007314514,0.20242022,8.569066E-4,0.18821904,0.017247623,0.3896169,0.017887568
375316653866487564,3288676971311298944,0.65150183,2166.1333851821632,4.302681928573249,5.060407E-6,16.995653,0.006941297,0.250062,7.239292E-4,0.043281756,0.0020156654,0.473932,0.016964493,0.75073236,0.0020841223,0.04569241,0.002076798,0.5022701,0.021565793,0.12778653,0.00947149,0.250062,7.239292E-4,"TWOGAUSSIANS_WITH_ELLIPSOIDAL_ON_ECLIPSE1",9,11.672829,0.75073236,0.0020757285,0.2558775,0.0116300685,0.75783837,0.0153933205,0.250062,7.239292E-4,0.24237783,0.011287726,0.7295048,0.014340358
375316653866487564,3288697831969790464,0.54720056,2200.4672432341126,3.6427664396436295,5.7679595E-6,18.69262,0.0058055595,0.23342751,0.004570939,0.07909718,0.0033020293,0.3878407,0.020338735,0.73627687,0.0010605243,0.074406564,0.0018846381,0.36974582,0.007843984,null,null,null,null,"TWOGAUSSIANS",8,2.980032,0.23342751,0.004570939,0.4,0.0,0.38429883,0.020761997,0.73627687,0.0010605243,0.4,0.0,0.36620393,0.007652407
375316653866487564,3288700748250740736,0.579854,2182.8266238966685,4.576309897575833,6.4739806E-6,19.24143,0.012675653,0.27074385,0.001056024,0.051724143,0.003508671,0.43305653,0.028197555,0.7737094,0.0027859234,0.044500377,0.00426141,0.38856694,0.031160487,0.107995816,0.015973492,0.27074385,0.001056024,"TWOGAUSSIANS_WITH_ELLIPSOIDAL_ON_ECLIPSE1",9,1.9107537,0.27074385,0.001056024,0.2896552,0.019648558,0.649044,0.025696456,0.7737094,0.0027859234,0.2492021,0.023863895,0.6044794,0.024586227
375316653866487564,3288726350552526208,0.54177785,2156.918254845082,3.163829693001414,1.677669E-5,17.134136,0.016877064,0.32163182,0.0023875393,0.10998718,0.008241686,0.21234721,0.015515303,0.8060108,0.0030759561,0.10285843,0.0080112945,0.21877515,0.016111739,null,null,null,null,"TWOGAUSSIANS",8,7.2535934,0.8060108,0.0030759561,0.4,0.0,0.19590136,0.0068065682,0.32164183,0.0023883535,0.4,0.0,0.18946089,0.0060075205
375316653866487564,3288755659408621696,0.6197792,2170.166140111073,0.4723687428779349,8.760399E-6,14.544041,0.0010928352,0.2838366,0.013564615,0.015851455,0.015638964,0.08981633,0.65879726,0.78445303,8.369043E-4,0.01760843,0.0010079334,0.29303315,0.025163999,0.0043167663,0.0016319933,0.2838366,0.013564615,"TWOGAUSSIANS_WITH_ELLIPSOIDAL_ON_ECLIPSE1",9,16.413334,0.78445303,8.3677203E-4,0.098607205,0.005644427,0.30166656,0.02556567,0.2838366,0.013564615,0.08876815,0.0875782,0.09844985,0.6590112
375316653866487564,3288847155095473664,0.53991944,2161.0335189506122,4.829722211806261,4.0101928E-5,19.377552,0.0025036698,0.18388607,0.0050931773,0.010300891,0.007984351,0.6804125,0.57898676,0.68651396,0.005572049,0.021465078,0.0038595712,0.14200225,0.05734533,null,null,null,null,"TWOGAUSSIANS",8,0.7800651,0.18388607,0.0050931773,0.057684988,0.04471237,0.6804125,0.57898676,0.68651396,0.005572049,0.120204434,0.021613598,0.14200225,0.05734533
375316653866487564,3288848155824058240,0.6075518,2171.5181782367313,3.024801852300167,1.2498154E-5,15.489642,0.013744759,0.19000447,0.0026635595,0.061015822,0.0043046456,0.47194624,0.037429027,0.6938314,0.002771445,0.048600603,0.0051140157,0.34485942,0.03058551,0.11106997,0.018828413,0.19000447,0.0026635595,"TWOGAUSSIANS_WITH_ELLIPSOIDAL_ON_ECLIPSE1",9,101.968346,0.19000447,0.0026635595,0.3416886,0.024106015,0.6939804,0.024174513,0.6938314,0.002771445,0.27216336,0.028638488,0.5667652,0.025406582
375316653866487564,3288853447223829248,0.5920613,2155.977447711401,2.887000249336936,4.554181E-6,14.683424,0.049707517,0.19238038,0.0028105741,0.069446996,0.015623751,0.21736865,0.10225494,0.6991463,0.0374628,0.06897395,0.04548514,0.19803698,0.10164558,0.09191561,0.05289339,0.19238038,0.0028105741,"TWOGAUSSIANS_WITH_ELLIPSOIDAL_ON_ECLIPSE1",9,132.37816,0.19238038,0.0028105741,0.38890317,0.08005667,0.40067282,0.015276289,0.6991463,0.0374628,0.3862541,0.25062522,0.38100916,0.08882101
375316653866487564,3288861521762554624,0.6244298,2197.045720444129,3.444659506517298,6.578047E-6,12.932191,0.008170237,0.28525645,0.00379574,0.04527985,0.0030906994,0.4784855,0.042946875,0.7889411,0.0014683895,0.043995984,0.0027086395,0.6537888,0.022771932,0.1299755,0.01087723,0.7889411,0.0014683895,"TWOGAUSSIANS_WITH_ELLIPSOIDAL_ON_ECLIPSE2",9,316.2514,0.7889411,0.0014683895,0.2463775,0.015168381,0.91373944,0.02237387,0.28555647,0.0034819986,0.25356716,0.017307917,0.7383081,0.042679824
375316653866487564,3288861654905432192,0.5031153,2155.712583384863,1.4260362746461601,1.7845154E-5,18.359102,0.016027257,0.26007867,0.0064831977,0.097711615,0.01461147,0.14239566,0.015291321,0.76048386,0.004021844,0.096431024,0.011980244,0.16258544,0.013831206,null,null,null,null,"TWOGAUSSIANS",8,2.4480844,0.76048386,0.004021844,0.4,0.0,0.151614,0.00769394,0.26007867,0.0064831977,0.4,0.0,0.13142411,0.010243754
375316653866487564,3288864236181662080,0.49875116,2158.046968791494,0.3921804169436744,2.4668516E-5,15.040985,0.34107146,0.065331064,0.12339892,0.05207376,0.30302802,0.07122715,0.3092251,0.6222744,0.0040868274,0.062373977,0.0046467553,0.6276315,0.04876095,null,null,null,null,"TWOGAUSSIANS",8,1974.9788,0.6222744,0.0040868274,0.34929428,0.026021829,0.6276282,0.032646578,0.065331064,0.12339892,0.29161307,0.11197108,0.07122388,0.029354112
375316653866487564,3288922029262097536,0.5945344,2156.0555486827157,3.831393772894486,1.2729715E-5,15.278141,0.008911617,0.18413104,0.0022168728,0.047029596,0.010194854,0.10514862,0.01770657,0.67919654,0.005104399,0.046819154,0.0065428717,0.14172493,0.022808434,0.09501698,0.012851345,0.18413104,0.0022168728,"TWOGAUSSIANS_WITH_ELLIPSOIDAL_ON_ECLIPSE1",9,50.47062,0.68012655,0.004092301,0.26218727,0.03664008,0.33161023,0.009533419,0.18413104,0.0022168728,0.26336575,0.05709118,0.29518217,0.013157748
375316653866487564,3288925774473576448,0.6675938,2167.398939514511,4.394871432029356,4.785048E-6,16.843794,0.006196345,0.22729425,0.0011923887,0.05146129,0.0031148703,0.19630127,0.012723212,0.7284065,0.0034330946,0.047866408,0.003251097,0.2600919,0.01603088,0.10570139,0.0070621856,0.22729425,0.0011923887,"TWOGAUSSIANS_WITH_ELLIPSOIDAL_ON_ECLIPSE1",9,4.9709544,0.7284065,0.0031736677,0.2680519,0.018206144,0.47148234,0.009156997,0.22729425,0.0011923887,0.28818324,0.017443275,0.40770203,0.003480671
375316653866487564,3288934433127596928,0.5090092,2156.8387687991985,0.9999345212932186,2.4492172E-5,14.146807,0.0043162717,0.31111678,0.005833216,0.023819167,0.008722515,0.096650034,0.011186555,0.80670786,0.021207964,0.027354853,0.028878257,0.04291361,0.009288034,0.023166882,0.0058012363,0.31111678,0.005833216,"TWOGAUSSIANS_WITH_ELLIPSOIDAL_ON_ECLIPSE1",9,25.963818,0.31111678,0.005833216,0.13338733,0.04884608,0.1429838,0.0046857614,0.80696785,0.020848392,0.15318719,0.16171823,0.089213945,0.016576964
375316653866487564,3288946218517761280,0.6057292,2180.8165886946986,2.617894525752022,5.895063E-6,13.312574,0.006871836,0.22886387,0.0036423544,0.057222746,0.005615694,0.16269742,0.015949983,0.7225032,0.0011284747,0.04757685,0.0053392756,0.13378634,0.019540744,0.09480393,0.00867811,0.7225032,0.0011284747,"TWOGAUSSIANS_WITH_ELLIPSOIDAL_ON_ECLIPSE2",9,181.8882,0.22739387,0.0026204593,0.3204474,0.031447887,0.3520635,0.012418723,0.7225032,0.0011284747,0.26643035,0.029899942,0.3233851,0.016763458
375316653866487564,3288947214950275968,0.60375094,2153.400400470021,1.7853451687085127,9.125434E-6,13.728113,0.0017324009,0.23322548,0.0017994624,0.053243227,0.0023649547,0.30377334,0.021379743,null,null,null,null,null,null,0.118001446,0.0019443101,0.23322548,0.0017994624,"ONEGAUSSIAN_WITH_ELLIPSOIDAL",6,53.149437,0.23322548,0.0017994624,0.29816207,0.013243746,0.53977084,0.021088991,null,null,null,null,null,null
375316653866487564,3288959412657293056,0.63189805,2199.0245660481696,0.0421288125144734,1.7883958E-5,17.483524,0.0013113928,0.5811354,0.007244085,0.02199861,0.0051513975,0.012159873,0.0018551141,0.6984625,2.4546083E-4,0.0034281241,1.565812E-4,0.526694,0.010233468,null,null,null,null,"TWOGAUSSIANS",8,1.7188419,0.6984625,2.4546083E-4,0.019197496,8.768547E-4,0.526694,0.010233469,0.5811354,0.007244085,0.12319222,0.028847825,0.012159873,0.0018551141
375316653866487564,3288989133830949376,0.5876075,2184.6117222926923,0.796613880630355,6.0467073E-6,14.657099,0.0025058228,0.17894009,0.010820684,0.029704839,0.007706566,0.07693651,0.016953979,0.6755955,0.0019083023,0.02562922,0.0023984427,0.58491105,0.122938685,0.012770267,0.0047594365,0.17894009,0.010820684,"TWOGAUSSIANS_WITH_ELLIPSOIDAL_ON_ECLIPSE1",9,60.216553,0.67560554,0.0019071532,0.14352363,0.01343128,0.6104404,0.12572587,0.17894009,0.010820684,0.1663471,0.04315677,0.102477044,0.01720438
375316653866487564,3289003869862628992,0.50585634,2182.0711328829666,4.831738873672753,1.4287581E-5,19.565186,0.014115799,0.21628073,0.02024874,0.07047577,0.0211723,0.44376487,0.17803045,0.70921284,0.002194749,0.07177377,0.003219168,0.5728898,0.02508742,null,null,null,null,"TWOGAUSSIANS",8,3.6777668,0.70921284,0.002194749,0.4,0.0062134922,0.571133,0.024040932,0.21628073,0.02024874,0.39466432,0.049441755,0.44200808,0.18025933
375316653866487564,3289017137017734400,0.5202763,2193.2093088863794,3.322172498121018,1.4148264E-5,16.51315,0.11589171,0.23593709,0.0056097494,0.12747169,0.026091702,0.23840706,0.1105153,0.7202772,0.0049139787,0.13499245,0.04425059,0.23651999,0.09909029,null,null,null,null,"TWOGAUSSIANS",8,14.5735445,0.23632708,0.004778029,0.4,0.0,0.17006086,0.0074041123,0.7202772,0.0049139787,0.4,0.0,0.16787478,0.022095418
375316653866487564,3289068672328492928,0.5279614,2158.5126902176967,0.5927227301501135,3.7856615E-5,12.044705,5.5798533E-4,0.8463327,0.006659064,0.026346585,0.0053564715,0.086280845,0.06592976,null,null,null,null,null,null,0.010687862,7.3083094E-4,0.8463327,0.006659064,"ONEGAUSSIAN_WITH_ELLIPSOIDAL",6,21.580965,0.8463327,0.006659064,0.14754088,0.02999624,0.107656516,0.06573882,null,null,null,null,null,null
375316653866487564,3289085066220267520,0.6511874,2158.2386032528966,2.9202816984011566,5.571442E-6,17.942888,0.010731287,0.2932705,0.001051981,0.042023707,0.0028491179,0.33824372,0.024517423,0.7969494,0.0016832585,0.04334701,0.002399725,0.4273847,0.02983795,0.14701922,0.013733223,0.2932705,0.001051981,"TWOGAUSSIANS_WITH_ELLIPSOIDAL_ON_ECLIPSE1",9,3.8536494,0.7969494,0.0016832585,0.24274324,0.0134384595,0.72126544,0.015775537,0.2932705,0.001051981,0.23533276,0.01595506,0.6322815,0.010361113
375316653866487564,3289086921646119680,0.5135839,2155.876115688592,2.6094900196762607,4.4513636E-5,17.29652,0.07003728,0.2512822,0.0060052574,0.11823861,0.025853511,0.21848704,0.067369476,0.77646846,0.0068302127,0.112990156,0.030385548,0.1667808,0.06767747,null,null,null,null,"TWOGAUSSIANS",8,12.459666,0.2512322,0.005895076,0.4,0.0,0.18952927,0.013360147,0.7766185,0.0064383503,0.4,0.0,0.13787553,0.010760538
375316653866487564,3289111523218762240,0.53605473,2165.616412189878,0.7378748501657267,1.093732E-5,13.038495,0.013420525,0.28500158,0.0015947095,0.12153569,0.009275076,0.14685656,0.012710584,0.7777421,0.0025738575,0.108013295,0.008638583,0.13884968,0.012685022,null,null,null,null,"TWOGAUSSIANS",8,30.034279,0.2850116,0.001599282,0.4,0.0,0.12201541,0.002290892,0.7777421,0.0025738575,0.4,0.0,0.11406586,0.0027162838
375316653866487564,3289132207781237248,0.5118452,2172.1758131850156,0.6307274831900894,2.1025866E-5,17.762585,0.0067280247,0.25891128,0.006541639,0.0062264972,0.01065123,0.6135383,0.6885566,0.55704033,0.023551922,0.009469073,0.0099799195,12.077257,1220.3286,0.021476395,0.012698995,0.55704033,0.023551922,"TWOGAUSSIANS_WITH_ELLIPSOIDAL_ON_ECLIPSE2",9,37.716324,0.55704033,0.023551922,0.05302681,0.05588755,12.120211,1220.3326,0.25890127,0.0071295016,0.034868386,0.059646886,0.6173487,0.6873035
375316653866487564,3289142996739172352,0.61229926,2187.356700593246,0.4313824149858592,1.0662122E-5,16.03401,0.0012179799,0.40392122,0.03195686,0.036639124,0.011485272,0.009216699,0.003275029,0.6280419,4.3413384E-4,0.015260237,9.234208E-4,0.29927126,0.009390779,null,null,null,null,"TWOGAUSSIANS",8,5.542782,0.6280419,4.3413384E-4,0.08545733,0.0051711565,0.29927126,0.009390762,0.40392122,0.03195686,0.2051791,0.064317524,0.009216699,0.003275029
375316653866487564,3289156087799452928,0.6033075,2176.226899713904,0.195331028520265,2.3048826E-5,14.100206,5.9770176E-4,0.2968432,0.018061372,0.023651158,0.018725611,0.004567932,0.003557892,0.5924528,0.00152002,0.01431419,0.00103502,0.15180452,0.008482817,null,null,null,null,"TWOGAUSSIANS",8,6.9410725,0.5924528,0.00152002,0.08015946,0.0057961117,0.15180452,0.008482817,0.2968432,0.018061372,0.13244648,0.10486342,0.004567932,0.003557892
375316653866487564,3289157767130942592,0.6239445,2170.9022730701486,4.330657314464924,8.0721475E-6,19.044767,0.017176673,0.28116193,0.0026700497,0.047578357,0.0056389663,0.36233228,0.03785239,0.78038925,0.002140706,0.04419344,0.0043695117,0.5255121,0.037756577,0.1424472,0.022464685,0.28116193,0.0026700497,"TWOGAUSSIANS_WITH_ELLIPSOIDAL_ON_ECLIPSE1",9,1.8096155,0.7804492,0.0019800263,0.24748325,0.024469266,0.8103997,0.044935267,0.28116193,0.0026700497,0.2664388,0.031578213,0.6472261,0.0165191
