Gaia/vari_eclipsing_binary/VariEclipsingBinary_229556-229589.csv
# %ECSV 1.0
# ---
# delimiter: ','
# meta: !!omap
# - RELEASE: Gaia DR3
# - TABLE: vari_eclipsing_binary
# - DESCRIPTION: >
#     This table describes the properties of the eclipsing binaries resulting from the variability analysis. 
# - CITATION: >
#     How to cite and acknowledge Gaia: 
#     https://gea.esac.esa.int/archive/documentation/credits.html 
# - KNOWN_ISSUES: >
#     Known issues: 
#     https://www.cosmos.esa.int/web/gaia-users/known-issues 
# - DOCUMENTATION: >
#     Tutorials and documentation: 
#     https://www.cosmos.esa.int/web/gaia-users/archive 
# datatype:
# - 
#   name: solution_id
#   datatype: int64
#   description: Solution Identifier
#   meta:
#     ucd: meta.version
# - 
#   name: source_id
#   datatype: int64
#   description: Unique source identifier
#   meta:
#     ucd: meta.id;meta.main
# - 
#   name: global_ranking
#   datatype: float32
#   description: Number between 0 (worst) and 1 (best)
#   meta:
#     ucd: stat.param
# - 
#   name: reference_time
#   datatype: float64
#   unit: d
#   description: Reference time used for the geometric model fit
#   meta:
#     ucd: time.epoch
# - 
#   name: frequency
#   datatype: float64
#   unit: d**-1
#   description: Frequency of geometric model of the eclipsing binary light curve
#   meta:
#     ucd: src.orbital
# - 
#   name: frequency_error
#   datatype: float32
#   unit: d**-1
#   description: "Uncertainty of \\texttt{frequency}"
#   meta:
#     ucd: stat.error
# - 
#   name: geom_model_reference_level
#   datatype: float32
#   unit: mag
#   description: Magnitude reference level of geometric model
#   meta:
#     ucd: phot.mag;em.opt
# - 
#   name: geom_model_reference_level_error
#   datatype: float32
#   unit: mag
#   description: "Uncertainty of \\texttt{geomModelReferenceLevel}"
#   meta:
#     ucd: stat.error;phot.mag;em.opt
# - 
#   name: geom_model_gaussian1_phase
#   datatype: float32
#   description: Phase of the Gaussian 1 component
#   meta:
#     ucd: time.phase
# - 
#   name: geom_model_gaussian1_phase_error
#   datatype: float32
#   description: "Uncertainty of \\texttt{geomModelGaussian1Phase}"
#   meta:
#     ucd: stat.error;time.phase
# - 
#   name: geom_model_gaussian1_sigma
#   datatype: float32
#   description: "Standard deviation [phase] of Gaussian 1 component"
#   meta:
#     ucd: stat.stdev
# - 
#   name: geom_model_gaussian1_sigma_error
#   datatype: float32
#   description: "Uncertainty of \\texttt{geomModelGaussian1Sigma}"
#   meta:
#     ucd: stat.error
# - 
#   name: geom_model_gaussian1_depth
#   datatype: float32
#   unit: mag
#   description: Magnitude depth of Gaussian 1 component
#   meta:
#     ucd: src.var.amplitude
# - 
#   name: geom_model_gaussian1_depth_error
#   datatype: float32
#   unit: mag
#   description: "Uncertainty of \\texttt{geomModelGaussian1Depth}"
#   meta:
#     ucd: stat.error;src.var.amplitude
# - 
#   name: geom_model_gaussian2_phase
#   datatype: float32
#   description: Phase of Gaussian 2 component
#   meta:
#     ucd: time.phase
# - 
#   name: geom_model_gaussian2_phase_error
#   datatype: float32
#   description: "Uncertainty of \\texttt{geomModelGaussian2Phase}"
#   meta:
#     ucd: stat.error;time.phase
# - 
#   name: geom_model_gaussian2_sigma
#   datatype: float32
[...]
#   datatype: float32
#   description: "Secondary eclipse: uncertainty of \\texttt{derivedSecondaryEclDuration}"
#   meta:
#     ucd: stat.error;time.duration
# - 
#   name: derived_secondary_ecl_depth
#   datatype: float32
#   unit: mag
#   description: "Secondary eclipse: depth"
#   meta:
#     ucd: src.var.amplitude
# - 
#   name: derived_secondary_ecl_depth_error
#   datatype: float32
#   unit: mag
#   description: "Secondary eclipse: uncertainty of \\texttt{derivedSecondaryEclDepth}"
#   meta:
#     ucd: stat.error;src.var.amplitude
solution_id,source_id,global_ranking,reference_time,frequency,frequency_error,geom_model_reference_level,geom_model_reference_level_error,geom_model_gaussian1_phase,geom_model_gaussian1_phase_error,geom_model_gaussian1_sigma,geom_model_gaussian1_sigma_error,geom_model_gaussian1_depth,geom_model_gaussian1_depth_error,geom_model_gaussian2_phase,geom_model_gaussian2_phase_error,geom_model_gaussian2_sigma,geom_model_gaussian2_sigma_error,geom_model_gaussian2_depth,geom_model_gaussian2_depth_error,geom_model_cosine_half_period_amplitude,geom_model_cosine_half_period_amplitude_error,geom_model_cosine_half_period_phase,geom_model_cosine_half_period_phase_error,model_type,num_model_parameters,reduced_chi2,derived_primary_ecl_phase,derived_primary_ecl_phase_error,derived_primary_ecl_duration,derived_primary_ecl_duration_error,derived_primary_ecl_depth,derived_primary_ecl_depth_error,derived_secondary_ecl_phase,derived_secondary_ecl_phase_error,derived_secondary_ecl_duration,derived_secondary_ecl_duration_error,derived_secondary_ecl_depth,derived_secondary_ecl_depth_error
[from data line 328]
375316653866487564,2019412567960118144,0.5496326,2203.8853921666,1.7620625904674163,1.3700855E-5,16.091606,0.016510615,0.23279066,0.0018858669,0.10033413,0.008565483,0.15155195,0.015692318,0.7354232,0.005096764,0.11634283,0.016385645,0.14335021,0.01336856,null,null,null,null,"TWOGAUSSIANS",8,9.213267,0.23278067,0.0018917923,0.4,0.0,0.1316999,0.0043626283,0.7354232,0.005096764,0.4,0.0,0.1234713,0.0099155335
375316653866487564,2019412709736438144,0.6113836,2246.1996573578954,0.10753245545040768,2.2397624E-5,17.109217,0.0020649782,0.41845536,0.02320451,0.101106025,0.023733601,0.010476417,0.003572449,0.8834176,2.8920824E-6,0.00834791,2.8487384E-5,0.48436967,0.0019909313,null,null,null,null,"TWOGAUSSIANS",8,3.512636,0.8834176,2.8920824E-6,0.046748295,1.5952936E-4,0.4843698,0.0019916776,0.41845536,0.02320451,0.4,0.0,0.01047628,0.0035722125
375316653866487564,2019413053314924160,0.5209911,2224.727203944468,2.4279099930675265,9.139419E-6,19.758997,0.0067275227,0.27426156,0.003622283,0.07389392,0.0041823224,0.4227307,0.022163384,0.7680443,0.0033367272,0.07057765,0.0042883856,0.3118173,0.016725695,null,null,null,null,"TWOGAUSSIANS",8,1.3486766,0.27426156,0.003622283,0.4,0.0,0.42115977,0.022792542,0.7680443,0.0033367272,0.39523485,0.022478048,0.31024635,0.016835148
375316653866487564,2019413255154973696,0.56260246,2236.2550758994657,1.6735455201465952,1.0668292E-5,17.811842,0.0055612875,0.24664119,0.004905511,0.043624245,0.0109703345,0.06419082,0.02713252,0.7455559,0.0022941069,0.049203496,0.0032178136,0.21251534,0.013416611,0.03540074,0.008087288,0.24664119,0.004905511,"TWOGAUSSIANS_WITH_ELLIPSOIDAL_ON_ECLIPSE1",9,3.238427,0.7456159,0.0020880892,0.27553958,0.018019756,0.2833131,0.007815216,0.24664119,0.004905511,0.24429578,0.061433874,0.13499166,0.026636282
375316653866487564,2019413293834012416,0.55106866,2221.467264912025,0.1293753560629775,8.670909E-5,19.845568,0.011258873,0.20994082,0.013690445,0.036682278,0.027795954,0.14785218,0.051603638,0.6774282,0.03899096,0.048351143,0.031797793,1.0430784,0.9359754,null,null,null,null,"TWOGAUSSIANS",8,1.5015407,0.6774282,0.03899096,0.2707664,0.14070614,1.0430784,0.9359984,0.20994082,0.013690445,0.20542075,0.15565734,0.14785218,0.05160763
375316653866487564,2019413671808938880,0.5502091,2205.565176467297,1.3347830051034026,1.0262534E-5,15.872332,0.2291854,0.27926308,0.004115581,0.17681779,0.054009248,0.31873748,0.20151825,0.7784146,0.0016704797,0.20010497,0.071694076,0.3045098,0.21669978,null,null,null,null,"TWOGAUSSIANS",8,2.4604201,0.27971306,0.0037626333,0.4,0.0,0.0896236,0.0023676727,0.7784146,0.0016704797,0.4,0.0,0.06024833,0.0017409987
375316653866487564,2019413701836184192,0.527389,2214.163413351206,3.1628148366451465,1.9898582E-5,18.164045,0.015544575,0.23190434,0.00391356,0.08453054,0.006786122,0.21391281,0.016872996,0.72794217,0.006197298,0.09042433,0.014264765,0.26164323,0.020729557,null,null,null,null,"TWOGAUSSIANS",8,5.3923564,0.72794217,0.006197298,0.4,0.0,0.25415558,0.02662988,0.23190434,0.00391356,0.4,0.0,0.20642526,0.011622595
375316653866487564,2019415110600260608,0.5306526,2210.547511179667,1.6413258158718016,2.1490883E-5,17.807386,0.017783139,0.2185025,0.009986011,0.11706168,0.028910533,0.08173176,0.0146485865,0.72861975,0.0041430257,0.08637237,0.01121045,0.15386936,0.016049642,null,null,null,null,"TWOGAUSSIANS",8,2.5348854,0.72862977,0.0041625476,0.4,0.0,0.14495103,0.008331123,0.2185025,0.009986011,0.4,0.0,0.07279442,0.0069774515
375316653866487564,2019415522917569408,0.53222287,2186.909446250322,2.0668180464284074,2.7014694E-5,18.545115,0.025939703,0.2228249,0.014390787,0.10580913,0.018634876,0.21456875,0.028564697,0.7084346,0.0054261694,0.092526734,0.01354422,0.2642997,0.022654856,null,null,null,null,"TWOGAUSSIANS",8,3.6997864,0.7084346,0.0054261694,0.4,0.0,0.24800904,0.0139064,0.2228249,0.014390787,0.4,0.0,0.19827111,0.017813204
375316653866487564,2019415763417271296,0.51679313,2218.4024491975047,0.012453092322448199,1.6457772E-4,18.01996,0.0025007655,0.36689958,0.04220398,0.06760261,0.055340473,0.010052314,0.0044374685,0.5279623,7.7925415E-6,9.4293826E-4,1.7021715E-5,0.26262966,0.004502513,null,null,null,null,"TWOGAUSSIANS",8,2.3898804,0.5279623,7.7925415E-6,0.005280454,9.532161E-5,0.26321808,0.002789293,0.36689958,0.04220398,0.3785746,0.16064984,0.010052314,0.004437732
375316653866487564,2019415866499800192,0.5677792,2234.3232753574825,1.4751711641860814,1.5534888E-5,17.51854,0.0069079213,0.29333538,0.00456099,0.081585646,0.005740126,0.2261962,0.010476133,0.79751575,0.00345196,0.0854793,0.0056245383,0.19566432,0.008226998,null,null,null,null,"TWOGAUSSIANS",8,4.085531,0.29333538,0.00456099,0.4,0.0,0.22177793,0.010128065,0.79751575,0.00345196,0.4,0.0,0.19124603,0.0076256157
375316653866487564,2019416072658241024,0.4625262,2228.3989593187835,0.39032790811853496,1.957776E-5,17.554146,0.0026040378,0.7560661,0.009412046,0.03645261,0.011358123,0.09000649,0.030857539,null,null,null,null,null,null,0.013266348,0.0032059245,0.7560661,0.009412046,"ONEGAUSSIAN_WITH_ELLIPSOIDAL",6,4.3013997,0.7560661,0.009412046,0.20413463,0.063605495,0.11653919,0.032991517,null,null,null,null,null,null
375316653866487564,2019416317509529344,0.43090603,2233.897117779268,0.9767017207708762,5.851079E-5,17.051546,0.022860989,0.27577087,0.015083711,0.08167379,0.033025604,0.11741275,0.029694762,0.80930823,0.015916465,0.091116905,0.050735053,0.053256713,0.020712076,null,null,null,null,"TWOGAUSSIANS",8,39.70735,0.27577087,0.015095257,0.4,0.017910758,0.116113804,0.028575206,0.80930823,0.015921071,0.4,0.0,0.05195766,0.011974759
375316653866487564,2019416420570603648,0.4534599,2238.4192555559894,2.9821667398745624,3.93872E-5,19.380323,0.030804025,0.3104806,0.015989915,0.07142356,0.021819724,0.271272,0.063697904,0.7957546,0.011614672,0.061919764,0.016361356,0.33329841,0.034493864,null,null,null,null,"TWOGAUSSIANS",8,8.04746,0.7957546,0.011614672,0.34675068,0.0916236,0.3329527,0.033718083,0.3104806,0.015989915,0.39997193,0.05843312,0.27092627,0.06447528
375316653866487564,2019416523649788288,0.5258763,2230.354801093879,0.7140124901490094,1.0112295E-5,16.063278,0.0017746105,0.2222036,0.01000653,0.019456593,0.020581393,0.0061688833,0.10099459,0.71854377,0.0026719377,0.04187282,0.0024392074,0.12179991,0.0043103546,0.01725745,0.0028716724,0.2222036,0.01000653,"TWOGAUSSIANS_WITH_ELLIPSOIDAL_ON_ECLIPSE1",9,9.834196,0.7186838,0.002466589,0.2344878,0.013659561,0.15629718,0.0031378714,0.2222036,0.01000653,0.10895692,0.115255795,0.04068371,0.09955326
375316653866487564,2019416794213285504,0.564501,2201.7854656336044,1.9847532894111701,1.4897411E-5,18.64949,0.01344596,0.2620652,0.0038993726,0.032545667,0.006919611,0.46854848,0.12636119,0.7578078,0.0019892266,0.037114553,0.0024003044,0.7734303,0.024755841,0.05648415,0.017755186,0.2620652,0.0038993726,"TWOGAUSSIANS_WITH_ELLIPSOIDAL_ON_ECLIPSE1",9,6.710716,0.7578778,0.0019532675,0.2078415,0.013441705,0.886319,0.01819025,0.2620652,0.0038993726,0.18225574,0.038749818,0.58151674,0.14005567
375316653866487564,2019417073406362752,0.49407685,2230.9153835187603,2.8898180606081816,1.7970082E-5,18.882284,0.015214567,0.2597632,0.008946772,0.096455835,0.013599911,0.19696642,0.015997779,0.761006,0.0054070707,0.09045756,0.010780748,0.20559491,0.014623865,null,null,null,null,"TWOGAUSSIANS",8,3.0818067,0.761006,0.0054070707,0.4,0.0,0.1945669,0.01091314,0.2597632,0.008946772,0.4,0.0,0.18593794,0.011849727
375316653866487564,2019417176485698944,0.4922812,2197.622267471474,2.845456577461069,2.3469156E-5,19.212221,0.0060282107,0.7830893,0.005378738,0.055982307,0.011115926,0.036666002,0.023707777,null,null,null,null,null,null,0.10756334,0.006767332,0.7830893,0.005378738,"ONEGAUSSIAN_WITH_ELLIPSOIDAL",6,2.782431,0.7830893,0.005378738,0.3135009,0.06224919,0.25179094,0.023756055,null,null,null,null,null,null
375316653866487564,2019417313925181312,0.48901987,2193.6754176912928,0.8697088679530068,6.1985347E-6,19.547386,0.004839304,0.24504256,0.016129067,0.06925374,0.021365445,0.11206898,0.025668686,0.7626393,0.0016166552,0.04661166,0.002485365,0.28341264,0.018220058,null,null,null,null,"TWOGAUSSIANS",8,1.8304993,0.7626393,0.0016166552,0.2610253,0.013918043,0.28339797,0.018221734,0.24504256,0.016129067,0.38782096,0.09025918,0.11205432,0.025698613
375316653866487564,2019417588819868416,0.6399403,2209.504402715298,0.12614326581985885,3.6082063E-6,13.744834,0.0014912857,0.2855814,6.256799E-4,0.017466106,8.4146054E-4,0.33974394,0.008652537,0.7839336,0.0030679977,0.01600178,0.0027092611,0.2793065,0.067398354,0.0021670733,0.0018385695,0.2855814,6.256799E-4,"TWOGAUSSIANS_WITH_ELLIPSOIDAL_ON_ECLIPSE1",9,48.461876,0.2855814,6.256799E-4,0.09781019,0.004712179,0.3440781,0.008748344,0.7839336,0.0030679977,0.08960996,0.015171862,0.2836402,0.06869323
375316653866487564,2019417657521741056,0.5100526,2209.3500932956354,1.9222312388188603,1.3636516E-5,19.91732,0.010283931,0.29875517,0.007815599,0.0693133,0.008743875,0.45365357,0.048781652,0.7963413,0.0038675354,0.07826241,0.0038947845,0.37442183,0.020324001,null,null,null,null,"TWOGAUSSIANS",8,1.2871768,0.29875517,0.007815599,0.38815448,0.03369615,0.45116788,0.04975424,0.7963413,0.0038675354,0.4,0.0,0.3719361,0.019911267
375316653866487564,2019417863680711040,0.48338947,2190.1108936093538,3.1146747835278004,2.8983664E-5,19.359188,0.015295541,0.29753596,0.0067083687,0.08035412,0.011262159,0.26599383,0.025567476,0.805774,0.005550708,0.08674521,0.009917603,0.32390198,0.019114664,null,null,null,null,"TWOGAUSSIANS",8,4.016331,0.805774,0.005550708,0.4,0.0,0.3181325,0.017782876,0.29753596,0.0067083687,0.4,0.0,0.2602244,0.026235506
375316653866487564,2019417893718708352,0.49836636,2217.2043783066674,1.1462837565503046,1.3801846E-5,15.980594,0.035635773,0.24920255,0.005150302,0.08903767,0.034055743,0.07607906,0.018346885,0.7492179,0.0049856496,0.1232684,0.060010463,0.04084753,0.035064194,null,null,null,null,"TWOGAUSSIANS",8,3.1907358,0.24920255,0.0052187857,0.4,0.0,0.06971417,0.014816543,0.7492179,0.0049827117,0.4,0.0,0.034460805,0.0023381407
375316653866487564,2019418069837936256,0.50278324,2202.925077306443,3.0188180497805206,2.1251924E-5,19.321804,0.007014196,0.2913512,0.003782777,0.06252767,0.007688532,0.16659376,0.008023507,0.80646086,0.0046346723,0.077829406,0.0048421673,0.23330623,0.010241501,null,null,null,null,"TWOGAUSSIANS",8,1.5153335,0.80646086,0.0046346723,0.4,0.0,0.23283152,0.010091844,0.2913512,0.003782777,0.35015497,0.04305578,0.16611904,0.007994924
375316653866487564,2019418207294981120,0.5037378,2179.877619393301,3.1501151351649597,1.1968988E-5,19.767584,0.019959671,0.16786307,0.010218584,0.074666016,0.014646147,0.43643942,0.06585728,0.6733728,0.0035132829,0.06938523,0.008124828,0.534142,0.039283898,null,null,null,null,"TWOGAUSSIANS",8,3.4515636,0.6733728,0.0035132829,0.38855729,0.029611481,0.53210723,0.041460108,0.16786307,0.010218584,0.4,0.0063934596,0.43440464,0.06915849
375316653866487564,2019418271675975936,0.5895941,2233.8409105129745,0.347140378471168,4.8782655E-5,17.013239,0.0030782968,0.29004338,0.006167144,0.025825359,0.003636281,0.5218158,0.052464295,null,null,null,null,null,null,0.016747938,0.0038518345,0.29004338,0.006167144,"ONEGAUSSIAN_WITH_ELLIPSOIDAL",6,9.246009,0.29004338,0.006167144,0.14462201,0.020363173,0.5553117,0.05215057,null,null,null,null,null,null
375316653866487564,2019418619593692416,0.41400522,2187.9321343265437,3.497898018607349,8.813773E-5,19.507505,0.024153862,0.2514087,0.012699661,0.08834048,0.012733447,0.56474483,0.04455087,0.6736271,0.039141744,0.022767799,0.03008405,1.1897544,0.7594659,null,null,null,null,"TWOGAUSSIANS",8,26.384777,0.6736271,0.039141744,0.12749967,0.16847068,1.1897591,0.7600359,0.2514087,0.012699661,0.4,0.0,0.5647434,0.044603914
375316653866487564,2019419341148885376,0.49657434,2193.125325236505,1.5664811532058447,7.482106E-6,19.883205,0.007822245,0.27443787,0.002717925,0.034050826,0.0023227523,0.58668584,0.048365314,0.7656396,0.0017720179,0.030938603,0.0017343932,0.42845467,0.020390224,null,null,null,null,"TWOGAUSSIANS",8,1.8570786,0.27443787,0.002717925,0.19068463,0.013007413,0.58668584,0.048365314,0.7656396,0.0017720179,0.17325617,0.009712602,0.42845467,0.020390224
375316653866487564,2019419542986667008,0.5193607,2241.6335318144215,3.437389336030715,1.6188218E-5,18.772203,0.009666892,0.28456843,0.0033845927,0.07756825,0.0039615743,0.4373962,0.017072566,0.7938829,0.005089564,0.0771114,0.0053076013,0.37486812,0.028316716,null,null,null,null,"TWOGAUSSIANS",8,5.5108314,0.28456843,0.0033845927,0.4,0.0,0.43381408,0.016559996,0.7938829,0.005089564,0.4,0.0,0.37128603,0.02850972
375316653866487564,2019419787843061504,0.5424242,2243.400150273785,0.4273380669485379,9.9325E-6,16.098217,0.004268913,0.20279868,0.0010964826,0.024509385,0.0011406506,0.44264093,0.020243963,0.70423704,0.01122375,0.02345235,0.00975454,0.32386008,0.18102324,null,null,null,null,"TWOGAUSSIANS",8,88.55936,0.20279868,0.0010964826,0.13725255,0.0063876435,0.44264093,0.020243963,0.70423704,0.01122375,0.13133316,0.054625425,0.32386008,0.18102324
375316653866487564,2019420406318535808,0.5695529,2193.7516491434485,2.558033248963918,5.2135088E-6,17.20512,0.008782835,0.20207901,0.0029154592,0.07823728,0.0042635114,0.49811736,0.024885394,0.70423436,0.0015097322,0.06362705,0.0023985135,0.3287904,0.007734973,null,null,null,null,"TWOGAUSSIANS",8,18.226946,0.20207901,0.0029154592,0.4,0.0,0.49655333,0.025187746,0.70423436,0.0015097322,0.35631147,0.013431676,0.3272264,0.007114609
375316653866487564,2019421123540245888,0.6025357,2205.152471894301,0.8506886491776569,4.917657E-6,19.038527,0.006818128,0.19970852,5.9545226E-4,0.030366855,9.141662E-4,1.2881908,0.034485094,null,null,null,null,null,null,0.031580504,0.012068324,0.19970852,5.9545226E-4,"ONEGAUSSIAN_WITH_ELLIPSOIDAL",6,4.216755,0.19970852,5.9545226E-4,0.17005438,0.0051193307,1.3513517,0.039405767,null,null,null,null,null,null
375316653866487564,2019421226619850496,0.6082623,2221.8298227296236,0.817079202928772,1.339331E-6,18.471806,0.0028266169,0.39765757,0.09133477,0.070850834,0.08317148,0.023996593,6.2511795E8,0.6040388,8.642858E-4,0.04220855,9.1136934E-4,0.5895686,0.011303772,0.0047604716,0.0041520717,0.39765757,0.09133477,"TWOGAUSSIANS_WITH_ELLIPSOIDAL_ON_ECLIPSE1",9,2.6355186,0.6040388,8.2825037E-4,0.23636787,0.005103668,0.59056664,0.011665975,0.39773756,0.091432065,0.39676467,0.4563488,0.033477105,6.2511795E8
375316653866487564,2019421299655064192,0.5060989,2218.6655581012687,3.583699624885934,9.289058E-6,19.131351,0.019162782,0.26952845,0.0040772855,0.086291805,0.009145323,0.28978482,0.020930856,0.75982237,0.0032869382,0.07705402,0.0068961857,0.37938717,0.019696675,null,null,null,null,"TWOGAUSSIANS",8,4.2633495,0.75982237,0.0032869382,0.4,0.0,0.37434804,0.018689746,0.26952845,0.0040772855,0.4,0.0,0.2847457,0.020273212
375316653866487564,2019421604591334784,0.47602987,2186.711693411184,2.5328979012853248,2.1302363E-5,19.261833,0.025963569,0.2834537,0.00571814,0.088466965,0.010996243,0.38930127,0.03364919,0.78071505,0.009276853,0.09395451,0.0139435595,0.34651947,0.025924154,null,null,null,null,"TWOGAUSSIANS",8,4.737073,0.2834537,0.00571814,0.4,0.0,0.37287384,0.035030026,0.78071505,0.009276853,0.4,0.0,0.33009166,0.016923882
375316653866487564,2019421677629045120,0.55437267,2209.1018625734596,4.148141228532362,1.0581625E-5,16.466114,0.012791026,0.2677554,0.0028810326,0.069843285,0.010317815,0.0926965,0.03241393,0.76802605,0.006632874,0.051991023,0.010225646,0.13912,0.032048516,0.07697872,0.019499388,0.2677554,0.0028810326,"TWOGAUSSIANS_WITH_ELLIPSOIDAL_ON_ECLIPSE1",9,21.300322,0.76802605,0.0059123016,0.29114974,0.05726362,0.29292488,0.015651602,0.2677554,0.0028810326,0.3911224,0.055171918,0.24650183,0.010294353
