Gaia/vari_eclipsing_binary/VariEclipsingBinary_460464-460474.csv
# %ECSV 1.0
# ---
# delimiter: ','
# meta: !!omap
# - RELEASE: Gaia DR3
# - TABLE: vari_eclipsing_binary
# - DESCRIPTION: >
#     This table describes the properties of the eclipsing binaries resulting from the variability analysis. 
# - CITATION: >
#     How to cite and acknowledge Gaia: 
#     https://gea.esac.esa.int/archive/documentation/credits.html 
# - KNOWN_ISSUES: >
#     Known issues: 
#     https://www.cosmos.esa.int/web/gaia-users/known-issues 
# - DOCUMENTATION: >
#     Tutorials and documentation: 
#     https://www.cosmos.esa.int/web/gaia-users/archive 
# datatype:
# - 
#   name: solution_id
#   datatype: int64
#   description: Solution Identifier
#   meta:
#     ucd: meta.version
# - 
#   name: source_id
#   datatype: int64
#   description: Unique source identifier
#   meta:
#     ucd: meta.id;meta.main
# - 
#   name: global_ranking
#   datatype: float32
#   description: Number between 0 (worst) and 1 (best)
#   meta:
#     ucd: stat.param
# - 
#   name: reference_time
#   datatype: float64
#   unit: d
#   description: Reference time used for the geometric model fit
#   meta:
#     ucd: time.epoch
# - 
#   name: frequency
#   datatype: float64
#   unit: d**-1
#   description: Frequency of geometric model of the eclipsing binary light curve
#   meta:
#     ucd: src.orbital
# - 
#   name: frequency_error
#   datatype: float32
#   unit: d**-1
#   description: "Uncertainty of \\texttt{frequency}"
#   meta:
#     ucd: stat.error
# - 
#   name: geom_model_reference_level
#   datatype: float32
#   unit: mag
#   description: Magnitude reference level of geometric model
#   meta:
#     ucd: phot.mag;em.opt
# - 
#   name: geom_model_reference_level_error
#   datatype: float32
#   unit: mag
#   description: "Uncertainty of \\texttt{geomModelReferenceLevel}"
#   meta:
#     ucd: stat.error;phot.mag;em.opt
# - 
#   name: geom_model_gaussian1_phase
#   datatype: float32
#   description: Phase of the Gaussian 1 component
#   meta:
#     ucd: time.phase
# - 
#   name: geom_model_gaussian1_phase_error
#   datatype: float32
#   description: "Uncertainty of \\texttt{geomModelGaussian1Phase}"
#   meta:
#     ucd: stat.error;time.phase
# - 
#   name: geom_model_gaussian1_sigma
#   datatype: float32
#   description: "Standard deviation [phase] of Gaussian 1 component"
#   meta:
#     ucd: stat.stdev
# - 
#   name: geom_model_gaussian1_sigma_error
#   datatype: float32
#   description: "Uncertainty of \\texttt{geomModelGaussian1Sigma}"
#   meta:
#     ucd: stat.error
# - 
#   name: geom_model_gaussian1_depth
#   datatype: float32
#   unit: mag
#   description: Magnitude depth of Gaussian 1 component
#   meta:
#     ucd: src.var.amplitude
# - 
#   name: geom_model_gaussian1_depth_error
#   datatype: float32
#   unit: mag
#   description: "Uncertainty of \\texttt{geomModelGaussian1Depth}"
#   meta:
#     ucd: stat.error;src.var.amplitude
# - 
#   name: geom_model_gaussian2_phase
#   datatype: float32
#   description: Phase of Gaussian 2 component
#   meta:
#     ucd: time.phase
# - 
#   name: geom_model_gaussian2_phase_error
#   datatype: float32
#   description: "Uncertainty of \\texttt{geomModelGaussian2Phase}"
#   meta:
#     ucd: stat.error;time.phase
# - 
#   name: geom_model_gaussian2_sigma
#   datatype: float32
[...]
#   datatype: float32
#   description: "Secondary eclipse: uncertainty of \\texttt{derivedSecondaryEclDuration}"
#   meta:
#     ucd: stat.error;time.duration
# - 
#   name: derived_secondary_ecl_depth
#   datatype: float32
#   unit: mag
#   description: "Secondary eclipse: depth"
#   meta:
#     ucd: src.var.amplitude
# - 
#   name: derived_secondary_ecl_depth_error
#   datatype: float32
#   unit: mag
#   description: "Secondary eclipse: uncertainty of \\texttt{derivedSecondaryEclDepth}"
#   meta:
#     ucd: stat.error;src.var.amplitude
solution_id,source_id,global_ranking,reference_time,frequency,frequency_error,geom_model_reference_level,geom_model_reference_level_error,geom_model_gaussian1_phase,geom_model_gaussian1_phase_error,geom_model_gaussian1_sigma,geom_model_gaussian1_sigma_error,geom_model_gaussian1_depth,geom_model_gaussian1_depth_error,geom_model_gaussian2_phase,geom_model_gaussian2_phase_error,geom_model_gaussian2_sigma,geom_model_gaussian2_sigma_error,geom_model_gaussian2_depth,geom_model_gaussian2_depth_error,geom_model_cosine_half_period_amplitude,geom_model_cosine_half_period_amplitude_error,geom_model_cosine_half_period_phase,geom_model_cosine_half_period_phase_error,model_type,num_model_parameters,reduced_chi2,derived_primary_ecl_phase,derived_primary_ecl_phase_error,derived_primary_ecl_duration,derived_primary_ecl_duration_error,derived_primary_ecl_depth,derived_primary_ecl_depth_error,derived_secondary_ecl_phase,derived_secondary_ecl_phase_error,derived_secondary_ecl_duration,derived_secondary_ecl_duration_error,derived_secondary_ecl_depth,derived_secondary_ecl_depth_error
[from data line 264]
375316653866487564,4050301395948838144,0.4769187,2259.011611389335,0.212930192495574,1.3135867E-5,18.925776,0.03325745,0.22099169,0.0026929968,0.048048016,0.008441202,0.31214157,0.029088946,0.7647867,0.012999191,0.052589145,0.012173851,0.21323979,0.051697448,null,null,null,null,"TWOGAUSSIANS",8,5.3270288,0.22099169,0.0026929968,0.2690689,0.047270734,0.31214133,0.029086249,0.7647867,0.012999191,0.29449922,0.068173565,0.21323955,0.05169477
375316653866487564,4050301533388197376,0.4274016,2191.8639136502406,0.05231837092026023,9.230304E-5,18.596132,0.19589782,0.28814828,0.027772576,0.12296906,0.04531073,0.17131054,0.13966474,0.73525095,0.03002363,0.13431141,0.10701084,0.11443874,0.21313255,null,null,null,null,"TWOGAUSSIANS",8,2.9059901,0.28908828,0.019857042,0.4,0.0,0.14446741,0.028070496,0.73525095,0.03002363,0.4,0.024715934,0.08735547,0.13227943
375316653866487564,4050301563560727552,0.531586,2258.2333771766976,2.420517018437623,1.0962378E-5,18.661581,0.010390648,0.24764474,0.0057872203,0.08393286,0.007940653,0.38843793,0.034660034,0.73608136,0.0039576706,0.07976609,0.005131172,0.3769855,0.017562114,null,null,null,null,"TWOGAUSSIANS",8,4.0367665,0.24764474,0.0057872203,0.4,0.0,0.38263977,0.037803423,0.73608136,0.0039576706,0.4,0.0,0.37118733,0.017821828
375316653866487564,4050301563560761344,0.48857006,2264.288083204677,0.12066833510612489,1.641968E-4,17.308634,0.0011726229,0.44638306,0.031865045,0.090489656,0.023181168,0.06286384,0.019393237,0.17077264,0.03137863,0.021726178,0.01889474,0.06072595,0.062313695,null,null,null,null,"TWOGAUSSIANS",8,1.5164523,0.44638306,0.031865045,0.4,0.016615411,0.06286381,0.019393303,0.17093265,0.03153799,0.121666595,0.10581054,0.061335683,0.061852247
375316653866487564,4050301567748059520,0.445365,2245.6616339122206,0.07866438574741806,6.6557644E-5,18.516613,0.2613533,0.2574412,0.0036306158,0.043996274,0.008761341,0.40133676,0.22488417,0.7557538,0.019089807,0.17001161,0.14459908,0.24304427,0.21557827,null,null,null,null,"TWOGAUSSIANS",8,9.445553,0.25745118,0.0036175703,0.24637914,0.04906351,0.38021916,0.22732581,0.7557538,0.019089807,0.4,0.0,0.21548943,0.061169032
375316653866487564,4050301597919534976,0.50375175,2198.117115293233,1.1113350781814306,4.7774734E-5,18.900768,0.100944825,0.32198212,0.012406675,0.100485556,0.04002219,0.47814038,0.0855297,0.75595975,0.024113907,0.10033679,0.02437177,0.566026,0.115639605,null,null,null,null,"TWOGAUSSIANS",8,8.233561,0.75595975,0.024113907,0.4,0.0,0.5464827,0.081322946,0.3220221,0.012537669,0.4,0.0,0.45860362,0.04892513
375316653866487564,4050301597919982080,0.5005867,2221.7845809250066,1.0895040344674467,1.5350264E-5,16.950394,0.075299285,0.28717566,0.006583962,0.079057865,0.0117105935,0.6175438,0.07180996,0.78910387,0.021507524,0.103410855,0.032760687,0.43830422,0.0722247,null,null,null,null,"TWOGAUSSIANS",8,118.45165,0.28717566,0.006570275,0.4,0.0,0.59477943,0.044329014,0.78910387,0.021507524,0.4,0.0,0.41553247,0.045113325
375316653866487564,4050301602107770368,0.4828635,2161.62456679532,0.5140853075195485,2.9739651E-5,18.860195,0.03921588,0.24725886,0.018576058,0.073678456,0.030601798,0.3115854,0.24838321,0.7339767,0.012792041,0.0880253,0.021682927,0.28195015,0.03179899,null,null,null,null,"TWOGAUSSIANS",8,6.010156,0.24725886,0.018576058,0.4,0.11080217,0.30777493,0.25307018,0.7339767,0.012792041,0.4,0.0,0.2781396,0.022753552
375316653866487564,4050301666635198976,0.56478226,2261.4838581522486,2.679378542314385,2.5642614E-5,18.914595,0.023980016,0.29784808,0.006198396,0.07059308,0.006229644,0.53223467,0.043208707,0.80985445,0.026417097,0.07943535,0.022703325,0.4692816,0.45254296,null,null,null,null,"TWOGAUSSIANS",8,3.6086235,0.29784808,0.006198396,0.39532125,0.022804303,0.5292964,0.04115861,0.80985445,0.026417097,0.4,0.06573741,0.46634337,0.45521897
375316653866487564,4050301670827036800,0.4931014,2316.1379409865676,4.5064548934261905,7.066665E-5,16.411745,0.0090624485,0.3074059,0.023166904,0.051386487,0.022984277,0.110295795,0.06808331,0.65242475,0.004660488,0.039105177,0.0031695107,0.40929973,0.018187264,null,null,null,null,"TWOGAUSSIANS",8,2.35965,0.65242475,0.004660488,0.21898898,0.01774926,0.40929973,0.018187264,0.3074059,0.023166904,0.28776434,0.12871195,0.110295795,0.06808331
375316653866487564,4050301769883968256,0.4468895,2345.9478119802334,2.502204321313948,3.384965E-5,17.280735,0.010169333,0.1827629,0.010539739,0.05866593,0.009861177,0.080350496,0.012632461,0.77958184,0.0036089115,0.05985044,0.005174138,0.17203031,0.015542862,null,null,null,null,"TWOGAUSSIANS",8,6.5207067,0.77958184,0.0036089115,0.33516246,0.028975174,0.17202958,0.015542295,0.1827629,0.010539739,0.3285292,0.05522259,0.080349766,0.012631331
375316653866487564,4050301808267627264,0.5365316,2289.374345000382,1.2929506899940866,2.8382206E-5,15.738063,0.00255958,0.8013987,0.008040887,0.032087877,0.004403619,0.21200548,0.03427001,null,null,null,null,null,null,0.03624474,0.004113878,0.8013987,0.008040887,"ONEGAUSSIAN_WITH_ELLIPSOIDAL",6,14.565663,0.8013987,0.008040887,0.17969212,0.024660267,0.2844949,0.029124958,null,null,null,null,null,null
375316653866487564,4050301838603449728,0.47325885,2303.6380550605063,0.057194734882758856,3.560109E-5,18.126404,0.018041037,0.2134029,0.012498028,0.0551241,0.015574604,0.20987725,0.043241385,0.738855,0.0057749324,0.082480155,0.0090505555,0.1718687,0.02013225,null,null,null,null,"TWOGAUSSIANS",8,9.613198,0.2134029,0.012498028,0.30869496,0.087217785,0.20962916,0.04334469,0.738855,0.0057749324,0.4,0.0,0.17162059,0.019773982
375316653866487564,4050301911346805248,0.49569762,2267.9288761727876,0.21569621630681146,2.6334008E-5,18.573172,0.0070297834,0.6594347,0.02182568,0.110979274,0.01649557,0.42135605,0.046373427,0.96020687,0.007979014,0.045547273,0.009113668,0.22326012,0.02309074,null,null,null,null,"TWOGAUSSIANS",8,5.0766506,0.6594347,0.02182568,0.4,0.0,0.42131466,0.046382084,0.96020687,0.007979014,0.25506473,0.051036544,0.2339266,0.025203645
375316653866487564,4050301976039220608,0.625426,2303.809108435643,2.8210438619634224,1.7234386E-5,17.070616,0.026027348,0.22838569,0.0040193447,0.050366774,0.005071609,0.45764276,0.06575808,0.7421843,0.002946101,0.0476346,0.006292843,0.37950185,0.07117223,0.11561219,0.040083013,0.7421843,0.002946101,"TWOGAUSSIANS_WITH_ELLIPSOIDAL_ON_ECLIPSE2",9,25.6436,0.22964568,0.0035295072,0.28205395,0.02840101,0.68729,0.022609685,0.7421843,0.002946101,0.26675376,0.03523992,0.61072445,0.05426295
375316653866487564,4050302014426162048,0.5123326,2289.24670315203,0.10792372999377774,1.055229E-5,18.740757,0.5453459,0.20157076,0.014642355,0.16192815,0.12183855,0.46506765,0.5441263,0.67814153,0.0010723071,0.039545167,0.0148860505,0.5022645,0.25979534,null,null,null,null,"TWOGAUSSIANS",8,4.411572,0.67814153,0.0010723071,0.22145294,0.08336188,0.48455608,0.18939239,0.20157076,0.014642355,0.4,0.0,0.43873748,0.20203102
375316653866487564,4050302048786137472,0.4889651,2219.8480770503716,0.13660594131674725,7.401245E-5,18.875418,0.2690845,0.049105708,0.00956472,0.030861216,0.017004052,0.22984631,5.6015677,0.550988,0.019068412,0.24119951,0.08645527,0.40754104,0.26370645,null,null,null,null,"TWOGAUSSIANS",8,3.8840818,0.550988,0.019068412,0.4,0.0,0.28907517,0.026424412,0.04906571,0.009689484,0.1728228,0.0952227,0.20631576,5.610266
375316653866487564,4050302186225123072,0.48922566,2375.19914519246,3.673244356147163,4.7022106E-5,18.268919,0.004421167,0.20212026,0.09248367,0.054333765,0.030513158,0.12630866,0.09072612,0.7261301,0.0015641445,0.02511369,0.0011676764,0.18565668,0.009818877,null,null,null,null,"TWOGAUSSIANS",8,1.5989604,0.7261301,0.0015641445,0.14063667,0.006538988,0.18565668,0.0098188855,0.20212026,0.09248367,0.30426908,0.13804857,0.12630866,0.090726264
375316653866487564,4050302353988439040,0.42780295,2316.5676324371148,2.3726882822937463,2.5840933E-5,18.76557,0.00754754,null,null,null,null,null,null,null,null,null,null,null,null,0.12616523,0.015052011,0.25061637,0.004003826,"ELLIPSOIDAL",4,7.5060816,null,null,null,null,null,null,null,null,null,null,null,null
375316653866487564,4050302353988448640,0.49770546,2294.9230434037086,2.348323704387948,3.1565934E-5,18.745611,0.014945319,0.31315184,0.0054430505,0.09874903,0.008058885,0.24457707,0.014376341,0.70093864,0.010873257,0.13412781,0.019181395,0.15906665,0.015999844,null,null,null,null,"TWOGAUSSIANS",8,0.9908849,0.31532183,0.004548331,0.4,0.0,0.23528881,0.010576241,0.70093864,0.010873257,0.4,0.0,0.1473915,0.012275972
375316653866487564,4050302388348253056,0.5102061,2258.7017423132966,0.07328123307388786,4.4631266E-5,18.796331,0.08583555,0.28127858,0.008594113,0.066333875,0.015152324,0.24316993,0.053760175,0.8173655,0.0070571615,0.1546825,0.062353708,0.24539977,0.060349885,null,null,null,null,"TWOGAUSSIANS",8,2.1769204,0.28054857,0.008194083,0.3714697,0.08433613,0.22301541,0.03264378,0.8173655,0.0070571615,0.4,0.0,0.22189273,0.02592633
375316653866487564,4050302422708027904,0.45133626,2259.1515931597614,0.2475812195974471,1.2695944E-4,18.3767,0.09089144,0.4910537,0.018576613,0.113602795,0.044695757,0.25076336,0.09546675,0.81958926,0.047481213,0.10268812,0.035019316,0.1712887,0.088732064,null,null,null,null,"TWOGAUSSIANS",8,8.119735,0.4927837,0.016163629,0.4,0.0,0.24844469,0.08791391,0.81958926,0.047481213,0.4,0.0,0.17174637,0.07927805
375316653866487564,4050302426743159040,0.46888676,2271.695031179771,0.05726456858045648,2.6205415E-5,18.40536,0.02164582,null,null,null,null,null,null,null,null,null,null,null,null,0.19590996,0.040112495,0.16179255,0.012961395,"ELLIPSOIDAL",4,12.465732,null,null,null,null,null,null,null,null,null,null,null,null
375316653866487564,4050302529822344704,0.4540553,2299.9115894664587,0.07584369888492061,1.938923E-5,17.866642,0.100579634,0.2916557,0.026808493,0.08145082,0.038922545,0.41217935,0.07293836,0.8076051,0.0061206967,0.11025774,0.027720828,0.39436287,0.089457884,null,null,null,null,"TWOGAUSSIANS",8,15.352926,0.2916457,0.026781507,0.4,0.05219124,0.39101303,0.07558652,0.8076051,0.006122511,0.4,0.0,0.37316388,0.04154857
375316653866487564,4050302564182096896,0.48855102,2292.049874057755,0.06934640970216135,2.3809991E-5,18.419743,0.018405193,0.18146266,0.011516619,0.06313675,0.010410653,0.20295297,0.038399454,0.6864983,0.015353262,0.0508322,0.015977453,0.28290713,0.05160134,null,null,null,null,"TWOGAUSSIANS",8,3.735175,0.6864983,0.015353262,0.28466034,0.08947374,0.28288168,0.051647805,0.18146266,0.011516619,0.3535658,0.05829966,0.20292753,0.038377456
375316653866487564,4050302594506742400,0.47029793,2260.551170078406,1.374400230713351,4.438305E-5,17.616877,0.9872264,0.24217968,0.0049501066,0.12230272,0.03766807,0.73323727,0.48206684,0.73826814,0.008717173,0.23870687,0.18564424,0.8625428,0.9411706,null,null,null,null,"TWOGAUSSIANS",8,28.31398,0.24336968,0.005412487,0.4,0.0,0.34586942,0.04943538,0.73826814,0.008721241,0.4,0.0,0.28332454,0.048353635
375316653866487564,4050302766023309056,0.52396613,2287.583355835487,0.15716970702566183,6.033142E-5,17.638113,0.0074192584,0.30531844,0.016874617,0.023724856,0.004869852,2.9660404,2.1517146,null,null,null,null,null,null,0.033848375,0.019229878,0.30531844,0.016874617,"ONEGAUSSIAN_WITH_ELLIPSOIDAL",6,18.430742,0.30531844,0.016874617,0.1328592,0.027271174,3.033737,2.153848,null,null,null,null,null,null
375316653866487564,4050302938104736128,0.51547796,2308.739781768649,0.9233947554126352,1.1393304E-5,18.423393,0.026307808,0.30075744,0.0021684568,0.09080694,0.013727824,0.19334011,0.02158336,0.83229965,0.03332551,0.04513967,0.05287629,0.45875427,0.5606842,null,null,null,null,"TWOGAUSSIANS",8,3.5023143,0.83229965,0.03332551,0.25278217,0.2000592,0.45852575,0.56698334,0.30075744,0.0021684568,0.4,0.0,0.19311126,0.018982599
375316653866487564,4050302938105123200,0.4630176,2311.8135603871897,3.4244589621367987,1.2628443E-4,18.287767,0.0070060515,0.28463677,0.03810874,0.08042314,0.026766079,0.14089611,0.04824259,0.7997773,0.006872502,0.059432425,0.015392531,0.21105501,0.034339324,null,null,null,null,"TWOGAUSSIANS",8,6.2514477,0.7997773,0.006872502,0.33282158,0.08619817,0.21068223,0.035073604,0.28463677,0.03810874,0.4,0.0,0.14052333,0.049075715
375316653866487564,4050302942207124992,0.48454908,2300.373423247433,2.319146263047285,9.402264E-5,15.530728,0.042397574,0.110375635,0.01623956,0.06690088,0.05613399,0.13635848,0.07276267,0.3671307,0.016502624,0.039170343,0.028300473,0.33987015,2080256.9,0.06814078,0.07071444,0.3671307,0.016502624,"TWOGAUSSIANS_WITH_ELLIPSOIDAL_ON_ECLIPSE2",9,29.331543,0.3671307,0.016502624,0.21935393,0.15848266,0.4762368,2080257.0,0.10669563,0.018416697,0.37464494,0.31435034,0.1367361,0.07308484
375316653866487564,4050303247339046272,0.5125854,2244.497898234174,0.3357008902142389,9.556914E-5,18.161076,0.021874813,0.079758815,0.050104193,0.042183906,0.046667032,0.0625973,4.1497855,0.7113112,0.0128696095,0.11771386,0.019714402,0.35598028,0.025018692,null,null,null,null,"TWOGAUSSIANS",8,6.5139613,0.7113112,0.0128696095,0.4,0.0,0.35580233,0.025061904,0.07764882,0.05199687,0.23622987,0.26133537,0.06514874,4.1500535
375316653866487564,4050303285737405312,0.47913894,2241.6545453046,0.8180415265921646,4.105262E-5,17.850378,0.13615733,0.20295715,0.011883028,0.12730604,0.05018736,0.23863012,0.118797086,0.6757217,0.025801934,0.11597,0.06832998,0.1994355,0.11760483,null,null,null,null,"TWOGAUSSIANS",8,9.346765,0.20305716,0.011150908,0.4,0.0,0.19689193,0.027918749,0.6757217,0.025801934,0.4,0.014927448,0.15792824,0.04139848
375316653866487564,4050303320097182080,0.4671466,2291.597177866937,0.4124835377037059,7.9747406E-5,18.135376,0.0067611854,0.27621436,0.011958097,0.041677624,0.022502251,0.023358012,0.020878902,0.5981778,0.021962462,0.09786882,0.021256445,0.18230832,0.032825753,null,null,null,null,"TWOGAUSSIANS",8,2.6060936,0.5981778,0.021962462,0.4,0.0,0.18230681,0.032837413,0.27839437,0.012382051,0.23339468,0.12601261,0.024200499,0.021033267
375316653866487564,4050303457535660672,0.4517485,2324.206238075635,0.7674610218642167,2.6417101E-5,18.59266,0.1840899,0.19034672,0.012673621,0.15932098,0.12915131,0.14705178,0.17185764,0.7057451,0.008844812,0.09474406,0.037675183,0.1972069,0.1255338,null,null,null,null,"TWOGAUSSIANS",8,3.1919098,0.7062851,0.008432094,0.4,0.0,0.15977943,0.02920555,0.19034672,0.012710455,0.4,0.0,0.10739599,0.023221575
375316653866487564,4050303457535697664,0.44135156,2327.381973434181,0.05289953479207701,1.1728729E-4,18.20696,0.0518574,0.10879921,0.084123045,0.030461265,0.06342635,0.6542558,2.28916276E17,0.6368032,0.021385888,0.05372275,0.036796242,1.3932589,19.762367,0.2076614,0.06776914,0.6368032,0.021385888,"TWOGAUSSIANS_WITH_ELLIPSOIDAL_ON_ECLIPSE2",9,180.4689,0.6368032,0.021385888,0.3008474,0.1764693,1.8085543,19.774834,0.11001921,0.080882736,0.17058308,0.3551876,1.0573747,2.28916276E17
375316653866487564,4050303625295345536,0.4658571,2328.61700240857,1.7886178419566987,4.4956065E-5,18.262411,0.049090892,0.23351543,0.026166558,0.05801242,0.026915938,0.27492693,0.042615682,0.78473705,0.044497333,0.06965152,0.05237275,0.13320084,3.3193529,null,null,null,null,"TWOGAUSSIANS",8,18.36285,0.23351543,0.026166435,0.32486954,0.11984742,0.2748941,0.041225426,0.78473705,0.044497333,0.3900485,0.20619401,0.13316803,3.3195312
375316653866487564,4050303694015294464,0.5260389,2357.521338930143,4.059583911931276,3.244295E-5,16.765503,0.01821396,0.34770414,0.007289072,0.03439391,0.011388174,0.54655945,0.60528237,0.868908,0.012170373,0.06366482,0.012691077,0.2914018,0.038305044,null,null,null,null,"TWOGAUSSIANS",8,1.3909942,0.34770414,0.007289072,0.1926059,0.06377378,0.546559,0.6052831,0.868908,0.012170373,0.35652298,0.07107003,0.2914013,0.03830595
