Gaia/vari_eclipsing_binary/VariEclipsingBinary_666533-666576.csv
# %ECSV 1.0
# ---
# delimiter: ','
# meta: !!omap
# - RELEASE: Gaia DR3
# - TABLE: vari_eclipsing_binary
# - DESCRIPTION: >
#     This table describes the properties of the eclipsing binaries resulting from the variability analysis. 
# - CITATION: >
#     How to cite and acknowledge Gaia: 
#     https://gea.esac.esa.int/archive/documentation/credits.html 
# - KNOWN_ISSUES: >
#     Known issues: 
#     https://www.cosmos.esa.int/web/gaia-users/known-issues 
# - DOCUMENTATION: >
#     Tutorials and documentation: 
#     https://www.cosmos.esa.int/web/gaia-users/archive 
# datatype:
# - 
#   name: solution_id
#   datatype: int64
#   description: Solution Identifier
#   meta:
#     ucd: meta.version
# - 
#   name: source_id
#   datatype: int64
#   description: Unique source identifier
#   meta:
#     ucd: meta.id;meta.main
# - 
#   name: global_ranking
#   datatype: float32
#   description: Number between 0 (worst) and 1 (best)
#   meta:
#     ucd: stat.param
# - 
#   name: reference_time
#   datatype: float64
#   unit: d
#   description: Reference time used for the geometric model fit
#   meta:
#     ucd: time.epoch
# - 
#   name: frequency
#   datatype: float64
#   unit: d**-1
#   description: Frequency of geometric model of the eclipsing binary light curve
#   meta:
#     ucd: src.orbital
# - 
#   name: frequency_error
#   datatype: float32
#   unit: d**-1
#   description: "Uncertainty of \\texttt{frequency}"
#   meta:
#     ucd: stat.error
# - 
#   name: geom_model_reference_level
#   datatype: float32
#   unit: mag
#   description: Magnitude reference level of geometric model
#   meta:
#     ucd: phot.mag;em.opt
# - 
#   name: geom_model_reference_level_error
#   datatype: float32
#   unit: mag
#   description: "Uncertainty of \\texttt{geomModelReferenceLevel}"
#   meta:
#     ucd: stat.error;phot.mag;em.opt
# - 
#   name: geom_model_gaussian1_phase
#   datatype: float32
#   description: Phase of the Gaussian 1 component
#   meta:
#     ucd: time.phase
# - 
#   name: geom_model_gaussian1_phase_error
#   datatype: float32
#   description: "Uncertainty of \\texttt{geomModelGaussian1Phase}"
#   meta:
#     ucd: stat.error;time.phase
# - 
#   name: geom_model_gaussian1_sigma
#   datatype: float32
#   description: "Standard deviation [phase] of Gaussian 1 component"
#   meta:
#     ucd: stat.stdev
# - 
#   name: geom_model_gaussian1_sigma_error
#   datatype: float32
#   description: "Uncertainty of \\texttt{geomModelGaussian1Sigma}"
#   meta:
#     ucd: stat.error
# - 
#   name: geom_model_gaussian1_depth
#   datatype: float32
#   unit: mag
#   description: Magnitude depth of Gaussian 1 component
#   meta:
#     ucd: src.var.amplitude
# - 
#   name: geom_model_gaussian1_depth_error
#   datatype: float32
#   unit: mag
#   description: "Uncertainty of \\texttt{geomModelGaussian1Depth}"
#   meta:
#     ucd: stat.error;src.var.amplitude
# - 
#   name: geom_model_gaussian2_phase
#   datatype: float32
#   description: Phase of Gaussian 2 component
#   meta:
#     ucd: time.phase
# - 
#   name: geom_model_gaussian2_phase_error
#   datatype: float32
#   description: "Uncertainty of \\texttt{geomModelGaussian2Phase}"
#   meta:
#     ucd: stat.error;time.phase
# - 
#   name: geom_model_gaussian2_sigma
#   datatype: float32
[...]
#   datatype: float32
#   description: "Secondary eclipse: uncertainty of \\texttt{derivedSecondaryEclDuration}"
#   meta:
#     ucd: stat.error;time.duration
# - 
#   name: derived_secondary_ecl_depth
#   datatype: float32
#   unit: mag
#   description: "Secondary eclipse: depth"
#   meta:
#     ucd: src.var.amplitude
# - 
#   name: derived_secondary_ecl_depth_error
#   datatype: float32
#   unit: mag
#   description: "Secondary eclipse: uncertainty of \\texttt{derivedSecondaryEclDepth}"
#   meta:
#     ucd: stat.error;src.var.amplitude
solution_id,source_id,global_ranking,reference_time,frequency,frequency_error,geom_model_reference_level,geom_model_reference_level_error,geom_model_gaussian1_phase,geom_model_gaussian1_phase_error,geom_model_gaussian1_sigma,geom_model_gaussian1_sigma_error,geom_model_gaussian1_depth,geom_model_gaussian1_depth_error,geom_model_gaussian2_phase,geom_model_gaussian2_phase_error,geom_model_gaussian2_sigma,geom_model_gaussian2_sigma_error,geom_model_gaussian2_depth,geom_model_gaussian2_depth_error,geom_model_cosine_half_period_amplitude,geom_model_cosine_half_period_amplitude_error,geom_model_cosine_half_period_phase,geom_model_cosine_half_period_phase_error,model_type,num_model_parameters,reduced_chi2,derived_primary_ecl_phase,derived_primary_ecl_phase_error,derived_primary_ecl_duration,derived_primary_ecl_duration_error,derived_primary_ecl_depth,derived_primary_ecl_depth_error,derived_secondary_ecl_phase,derived_secondary_ecl_phase_error,derived_secondary_ecl_duration,derived_secondary_ecl_duration_error,derived_secondary_ecl_depth,derived_secondary_ecl_depth_error
[from data line 427]
375316653866487564,5863167131195256960,0.5811552,2238.8651878970854,0.400026749413583,4.3690594E-5,17.067234,0.0023416777,0.17725547,0.0031325023,0.022396931,0.0022387037,0.2430427,0.047147464,0.68088996,0.016164556,0.014782514,0.0072100298,0.34532315,0.23613673,null,null,null,null,"TWOGAUSSIANS",8,7.2289367,0.68088996,0.016164556,0.08278208,0.040376168,0.34532315,0.23613673,0.17725547,0.0031325023,0.12542282,0.012536741,0.2430427,0.047147464
375316653866487564,5863167337333484800,0.46467918,2256.922983874474,0.16640672408264745,1.09723966E-4,18.387959,0.003661276,0.46088153,0.020440966,0.022142682,0.019823004,0.32400063,0.31555453,0.79902303,0.012774524,0.053683575,0.012602756,0.043033294,0.009663076,null,null,null,null,"TWOGAUSSIANS",8,4.8521466,0.46088153,0.020440966,0.12399902,0.11100882,0.32400063,0.31555453,0.79902303,0.012774524,0.30062804,0.07057543,0.043033294,0.009663076
375316653866487564,5863167612231679616,0.4875338,2272.2163061079546,0.13701591300071572,1.9885654E-5,13.797895,0.076163314,0.30528477,0.005748803,0.11245898,0.027746096,0.26694384,0.06537036,0.7787916,0.025141211,0.12720095,0.057819117,0.17451917,0.062152468,null,null,null,null,"TWOGAUSSIANS",8,570.3105,0.30547476,0.0053152456,0.4,0.0,0.22943455,0.024741484,0.7787916,0.025141211,0.4,0.0,0.13684772,0.012620301
375316653866487564,5863168161986991616,0.4862357,2267.6789709214054,2.9392758042154257,2.0799731E-5,16.268503,0.002744526,0.20642537,0.0040396256,0.06688266,0.007338205,0.06111891,0.007324558,0.7099464,0.004764833,0.068444654,0.009419938,0.06439006,0.007050484,null,null,null,null,"TWOGAUSSIANS",8,6.433139,0.7099464,0.004764833,0.38329005,0.043038096,0.06426632,0.0071294345,0.20642537,0.0040396256,0.3745429,0.04109395,0.060995158,0.007387173
375316653866487564,5863168398187550848,0.6157054,2259.9486016205246,0.8876893820031398,2.9791465E-6,17.388407,0.003197934,0.155214,0.0022334768,0.029548382,0.0017627643,0.15838814,0.006298675,0.6569721,6.655701E-4,0.033135913,6.9258525E-4,0.6663849,0.011485973,null,null,null,null,"TWOGAUSSIANS",8,11.72562,0.6569721,6.655701E-4,0.18556112,0.0038784775,0.6663849,0.011485973,0.155214,0.0022334768,0.16547094,0.00987148,0.15838814,0.006298675
375316653866487564,5863168780462307456,0.41735765,2310.787837982255,1.0501084472102222,2.95993E-5,17.61832,0.05147269,0.19101763,0.014896961,0.046447832,0.036253184,0.40370634,0.11458885,0.7435216,0.015886635,0.097904734,0.034732006,0.23276238,0.051748045,null,null,null,null,"TWOGAUSSIANS",8,8.170737,0.19101763,0.014850827,0.26010787,0.16806473,0.40337425,0.12498285,0.7435216,0.015886635,0.4,0.0,0.2324235,0.046080332
375316653866487564,5863169020980463744,0.5531742,2266.925815368153,0.9943830454936864,3.0155801E-5,18.595816,0.002793122,0.30182442,0.0077212555,0.03429831,0.0063243383,0.06559692,0.00351894,0.8109349,0.0029391465,0.032829665,0.00616937,0.33624423,0.01618096,null,null,null,null,"TWOGAUSSIANS",8,2.919238,0.8109349,0.0029391465,0.18384612,0.034548473,0.33624423,0.01618096,0.30182442,0.0077212555,0.19207053,0.035416294,0.06559692,0.00351894
375316653866487564,5863169124039900032,0.4742747,2222.2049923593986,4.364797978935222,2.0259069E-5,19.755518,0.06832565,0.31328252,0.0061828545,0.105463214,0.023078796,0.28213826,0.061628096,0.823673,0.009600066,0.10394071,0.019979086,0.31610018,0.06245436,null,null,null,null,"TWOGAUSSIANS",8,1.9814335,0.82368296,0.009617053,0.4,0.0,0.2855013,0.024464462,0.3132725,0.006195631,0.4,0.0,0.25153783,0.02457987
375316653866487564,5863171048205080576,0.53468573,2195.484988510438,0.7553468746241402,4.0690786E-5,19.12787,0.0025228094,0.19718732,0.012356496,0.021859001,0.0067675672,0.4774274,0.12986049,0.58793586,0.037840284,0.01958066,0.018220866,0.02480128,0.004419557,null,null,null,null,"TWOGAUSSIANS",8,1.3646545,0.19718732,0.012356496,0.1224104,0.037898377,0.4774274,0.12986049,0.58793586,0.037840284,0.10965169,0.102036856,0.02480128,0.004419557
375316653866487564,5863171078248158336,0.5328114,2228.2607790847305,2.2986921380190344,1.1911049E-5,18.243437,0.025773602,0.2768695,0.0024236883,0.050275285,0.0054638633,0.69181514,0.05632234,0.77096176,0.03393712,0.0418887,0.011748919,0.49564874,0.22496322,0.06718166,0.03431983,0.2768695,0.0024236883,"TWOGAUSSIANS_WITH_ELLIPSOIDAL_ON_ECLIPSE1",9,32.358704,0.2768695,0.0024236883,0.2815416,0.030597635,0.82617533,0.048406165,0.77117175,0.03368845,0.2345767,0.06579395,0.6298306,0.24167864
375316653866487564,5863171181330609024,0.45483938,2204.4237340495515,1.4605275104546172,3.246131E-5,19.131536,0.009340838,0.12628302,0.008031461,0.029742202,0.005132221,0.06948701,0.026563382,0.56870025,0.007355273,0.11169649,0.016108813,0.13575521,0.009302541,null,null,null,null,"TWOGAUSSIANS",8,2.5380402,0.56870025,0.007355273,0.4,0.0,0.13567178,0.009278928,0.12630302,0.008019198,0.16655633,0.02874044,0.069457345,0.02649149
375316653866487564,5863171529220426624,0.60923934,2239.6076144389363,1.8645419370172267,4.0351474E-6,16.416561,0.004524248,0.22109348,0.00122664,0.09485301,0.0022912917,0.25932112,0.0053611877,0.72367865,0.0014155166,0.10216153,0.0027099955,0.25076896,0.005163346,null,null,null,null,"TWOGAUSSIANS",8,5.5591245,0.22109348,0.00122664,0.4,0.0,0.23965499,0.0046771495,0.72367865,0.0014155166,0.4,0.0,0.23110013,0.0046562054
375316653866487564,5863171804119416320,0.5956791,2228.1133481547704,1.653901946859361,3.8198746E-6,17.21066,0.0032094028,0.23034884,0.0020444181,0.09107963,0.0039987117,0.117069244,0.0035295119,0.7321352,0.0012617231,0.077382565,0.0018383453,0.21769284,0.0037744888,null,null,null,null,"TWOGAUSSIANS",8,2.0287647,0.7321352,0.0012617231,0.4,0.0,0.21405338,0.0033136583,0.23034884,0.0020444181,0.4,0.0,0.11342971,0.0032690219
375316653866487564,5863172491314829056,0.54125,2286.2717033395015,0.2907491698042366,3.2687305E-5,18.671942,0.00436096,0.68183976,0.007253077,0.030763596,0.0036239536,0.5560037,0.055586528,0.8893218,0.05908345,0.02207665,0.031923074,0.009442589,0.045655634,null,null,null,null,"TWOGAUSSIANS",8,3.7982652,0.68183976,0.007253077,0.17227614,0.020294141,0.5560037,0.055586528,0.8893218,0.05908345,0.12362924,0.17876922,0.009442589,0.04565568
375316653866487564,5863173281588570880,0.45826146,2270.678637098692,1.122842659801858,1.3113047E-4,18.167831,0.01149956,0.38185796,0.051161103,0.043656617,0.049499698,0.21828887,0.15143071,0.54905283,0.2269678,0.17379665,0.0845354,0.05432424,0.028414566,null,null,null,null,"TWOGAUSSIANS",8,6.742413,0.38350797,0.050042488,0.24447705,0.17796639,0.25091326,0.15683545,0.54905283,0.2269678,0.4,0.0,0.05273399,0.027383253
375316653866487564,5863175033934864768,0.69940555,2223.971690780077,1.0586377881722997,1.0904157E-6,15.04496,0.0028443323,0.22808082,0.0011730392,0.042065904,0.0031203474,0.093835995,0.008211176,0.7269339,3.0340947E-4,0.044989374,9.036118E-4,0.42696628,0.0073480583,0.037598494,0.0032900865,0.22808082,0.0011730392,"TWOGAUSSIANS_WITH_ELLIPSOIDAL_ON_ECLIPSE1",9,10.239512,0.7269639,2.9341292E-4,0.2519405,0.005060226,0.50215936,0.007550972,0.22808082,0.0011730392,0.23556906,0.017473945,0.16903287,0.0073894444
375316653866487564,5863175068294612480,0.6301379,2218.0884945689522,0.5790897436084403,4.0094737E-6,16.245106,0.0037071062,0.16513038,0.0016942698,0.022234755,0.0016940909,0.1367334,0.006800038,0.6623551,9.3008217E-4,0.032603122,0.001245177,0.9699435,0.034901995,null,null,null,null,"TWOGAUSSIANS",8,40.60432,0.6623551,9.3008217E-4,0.18257749,0.0069729914,0.9699435,0.034901995,0.16513038,0.0016942698,0.124514624,0.009486909,0.1367334,0.006800038
375316653866487564,5863175308812785280,0.538158,2221.5425473189125,1.6582632227214888,6.482954E-6,17.763758,0.06168319,0.24920882,0.0034812447,0.12363044,0.0173022,0.22279894,0.055842504,0.7296605,0.0028672148,0.14531603,0.02198917,0.23556827,0.06018615,null,null,null,null,"TWOGAUSSIANS",8,1.8262182,0.7296605,0.0028672148,0.4,0.0,0.16491613,0.004483147,0.25013882,0.0029233315,0.4,0.0,0.15339436,0.007619099
375316653866487564,5863175446251670784,0.601752,2234.489833236818,1.1730407162467478,6.254302E-6,16.20821,0.0035937703,0.28448293,0.0011335838,0.09059926,0.0019688122,0.27457944,0.004023427,0.7798831,0.0017999036,0.09770895,0.0031015929,0.21554598,0.003716229,null,null,null,null,"TWOGAUSSIANS",8,6.6529813,0.28448293,0.0011335838,0.4,0.0,0.2612533,0.0031327452,0.7798831,0.0017999036,0.4,0.0,0.20221907,0.0032729248
375316653866487564,5863175755468485120,0.5459331,2190.7613141357665,3.6224763918578318,1.3001545E-5,19.806925,0.011848846,0.31481507,0.0035656807,0.072150216,0.004500346,0.44698867,0.019925343,0.8113298,0.0051184595,0.07341072,0.0058593336,0.5213886,0.026162434,null,null,null,null,"TWOGAUSSIANS",8,1.5551432,0.8113298,0.0051184595,0.4,0.0,0.51895094,0.026501155,0.31481507,0.0035656807,0.4,0.010974309,0.44455102,0.019719888
375316653866487564,5863177439122076032,0.5323587,2198.4418867049376,0.28809331294475676,1.557296E-5,19.70157,0.004562624,0.45177123,0.0021970656,0.006806277,0.0012811612,0.777059,0.23237687,0.7618779,0.019058844,0.02471661,0.01217541,0.57883584,0.26368168,null,null,null,null,"TWOGAUSSIANS",8,1.6641705,0.45177123,0.0021970656,0.03811515,0.0071745026,0.777059,0.23237687,0.7618779,0.019058844,0.13841301,0.0681823,0.57883584,0.26368168
375316653866487564,5863177778396085248,0.4992935,2207.6323552812164,2.170573788149034,2.051184E-5,19.617956,0.051265687,0.25426465,0.005041318,0.098401956,0.014958903,0.36044282,0.048677813,0.75170994,0.008436462,0.10087451,0.017504381,0.3512081,0.0504538,null,null,null,null,"TWOGAUSSIANS",8,3.3435297,0.25426465,0.005041318,0.4,0.0,0.33086234,0.027801497,0.75170994,0.008436462,0.4,0.0,0.32162613,0.025566613
375316653866487564,5863179225801239424,0.5217894,2258.0347152029476,3.071619923347939,1.1981667E-5,17.999826,0.013241091,0.21817236,0.0060283537,0.09031329,0.0075851534,0.31558666,0.022408785,0.7156269,0.0027564073,0.083204865,0.0050288583,0.3335203,0.014371937,null,null,null,null,"TWOGAUSSIANS",8,8.346873,0.7156269,0.0027564073,0.4,0.0,0.32375446,0.012181538,0.21817236,0.0060283537,0.4,0.0,0.3058207,0.021146886
375316653866487564,5863180153514198784,0.5575739,2232.1850691287805,1.2301141757131115,4.8070333E-6,19.661507,0.006517899,0.21970521,0.01938819,0.034181308,0.021777684,0.08202005,0.032098703,0.7428801,7.497355E-4,0.034199864,0.0010571348,1.0463561,0.02775305,null,null,null,null,"TWOGAUSSIANS",8,2.3650625,0.7428801,7.497355E-4,0.19151925,0.005919955,1.0463561,0.02775305,0.21970521,0.01938819,0.19141532,0.12195503,0.08202005,0.032098703
375316653866487564,5863180217937905024,0.45941398,2266.4716790515445,3.0059254342528128,2.4341705E-5,18.876112,0.014296598,0.16654687,0.0059012244,0.0863569,0.013472752,0.15331323,0.015583505,0.6590761,0.015628884,0.08839113,0.026800824,0.11383652,0.024447564,null,null,null,null,"TWOGAUSSIANS",8,3.3757253,0.16654687,0.0059012244,0.4,0.0,0.14943007,0.014770614,0.6590761,0.015628884,0.4,0.0,0.109953344,0.026147574
375316653866487564,5863180359672740992,0.46374846,2246.955242140439,2.889765856948698,4.1913187E-5,19.691511,0.47620845,0.19980223,0.007197849,0.115457736,0.053723697,0.29119483,0.42496955,0.7100007,0.0077450546,0.11063653,0.08700508,0.2784078,0.43819585,null,null,null,null,"TWOGAUSSIANS",8,3.2774518,0.19978222,0.006275503,0.4,0.0,0.24656607,0.026926283,0.71003073,0.007753569,0.4,0.0,0.23380964,0.028571174
375316653866487564,5863182073367348224,0.50061655,2210.909138913469,2.09351192377309,2.8492923E-5,19.529839,0.029350659,0.2473103,0.005063423,0.101469465,0.01372717,0.23864353,0.030324023,0.7550508,0.011108385,0.09213037,0.020872297,0.25362852,0.038246647,null,null,null,null,"TWOGAUSSIANS",8,1.9404608,0.7550508,0.011115331,0.4,0.0,0.23788837,0.0402887,0.2473103,0.0050604152,0.4,0.0,0.22290085,0.01778667
375316653866487564,5863182696156252800,0.46518922,2267.2707942024026,1.623405438057245,2.837697E-5,16.492317,0.008017492,0.24825314,0.008923846,0.09756555,0.016336687,0.07567517,0.008001974,0.74153155,0.010395334,0.09773505,0.020650366,0.045118645,0.00787659,null,null,null,null,"TWOGAUSSIANS",8,8.652244,0.24825314,0.008923846,0.4,0.0,0.07166431,0.0058297515,0.74153155,0.010395334,0.4,0.0,0.041107908,0.0046423483
375316653866487564,5863183275959030656,0.58140826,2284.6453456341756,1.0242800659939801,8.809553E-6,18.994772,0.0061946255,0.25058746,0.0020934548,0.032288693,0.0032089727,1.6316898,0.34322837,0.7648697,0.0065927347,0.027359083,0.0048244772,0.14577761,0.026267758,0.029643789,0.011807335,0.25058746,0.0020934548,"TWOGAUSSIANS_WITH_ELLIPSOIDAL_ON_ECLIPSE1",9,5.4972105,0.25058746,0.0020934548,0.18081668,0.017970247,1.6909773,0.34979692,0.7648697,0.0065927347,0.15321086,0.027017074,0.20458902,0.024496354
375316653866487564,5863183726928951808,0.4552336,2244.8906865947506,2.611523562354945,1.8489412E-5,19.778412,0.0062733307,0.24847946,0.0039094943,0.026018724,0.028829155,0.09554858,0.09695646,0.8813265,0.031602126,0.05451221,0.023984449,0.07248363,0.02271285,0.09208031,0.012962307,0.24847946,0.0039094943,"TWOGAUSSIANS_WITH_ELLIPSOIDAL_ON_ECLIPSE1",9,2.3536894,0.24847946,0.0039094943,0.14570485,0.16144326,0.2797092,0.10365785,0.8813265,0.031602126,0.30526838,0.13431291,0.15549874,0.04713645
375316653866487564,5863183967445337216,0.48680186,2238.9669562079844,2.690428490653904,2.9689061E-5,19.858456,0.13187568,0.2282958,0.0046807765,0.08894321,0.021804186,0.34047028,0.115267456,0.7178972,0.021571526,0.11745679,0.07726498,0.30235115,0.089969374,null,null,null,null,"TWOGAUSSIANS",8,1.494386,0.22831582,0.004198176,0.4,0.0,0.31102437,0.019210847,0.7178972,0.021571526,0.4,0.0,0.27283034,0.0900352
375316653866487564,5863187059843804032,0.5178943,2263.7905951201897,1.6218675954808808,1.1189837E-5,16.412468,0.0063821273,0.18826233,0.0013796163,0.025681496,0.001013375,0.36868516,0.019838719,0.6885105,0.010689964,0.027791804,0.029027963,0.65693307,1.6995026,null,null,null,null,"TWOGAUSSIANS",8,51.87316,0.6885105,0.010689964,0.1556341,0.16255659,0.65693307,1.6995026,0.18826233,0.0013796163,0.14381637,0.0056749,0.36868516,0.019838719
375316653866487564,5863187227325365248,0.44936752,2262.005357823137,1.6187782730901754,7.099823E-5,19.066856,0.010016173,0.24939966,0.02038946,0.06971171,0.017817661,0.022484912,0.034150813,0.7704811,0.001849378,0.014611162,0.0033177126,0.2185096,0.04140781,0.043078627,0.014143074,0.24939966,0.02038946,"TWOGAUSSIANS_WITH_ELLIPSOIDAL_ON_ECLIPSE1",9,8.962121,0.7704811,0.001849378,0.08182251,0.01857919,0.30312797,0.033452,0.24939966,0.02038946,0.39038557,0.052466936,0.10860612,0.025576362
375316653866487564,5863187983239618944,0.5220914,2256.6672070888503,2.1480334273366255,1.6511802E-5,18.43426,0.036411215,0.21250705,0.004291846,0.114159256,0.014702687,0.20498191,0.03505389,0.70523834,0.0048046596,0.11776065,0.019069057,0.20402464,0.030967854,null,null,null,null,"TWOGAUSSIANS",8,2.2155926,0.21253707,0.0042989687,0.4,0.0,0.16763969,0.006898331,0.70523834,0.0048046596,0.4,0.0,0.16666017,0.012750601
375316653866487564,5863188017599355264,0.56686,2221.4229435125235,2.586239499398523,1.1462863E-5,18.939125,0.04514537,0.22167638,0.002133947,0.033622097,0.0063619204,0.5339797,0.084004626,0.72149235,0.0039254506,0.04257881,0.02819605,0.7051367,0.31406814,0.1628594,0.05205274,0.22167638,0.002133947,"TWOGAUSSIANS_WITH_ELLIPSOIDAL_ON_ECLIPSE1",9,11.768846,0.72150236,0.0037143514,0.23844133,0.15789789,1.0308546,0.40637884,0.22167638,0.002133947,0.18828376,0.035626754,0.859698,0.04004247
375316653866487564,5863191595329315712,0.57911634,2281.0203317803735,0.15870908247240312,1.0473024E-6,16.73406,0.001093948,0.7132296,8.107394E-5,0.0033204586,2.3704344E-4,0.2153143,0.053879246,0.84005487,1.872037E-6,0.009428383,3.2333824E-5,0.2743713,9.6839695E-4,null,null,null,null,"TWOGAUSSIANS",8,2.638213,0.84005487,1.872037E-6,0.052798945,1.8106942E-4,0.2743713,9.6839695E-4,0.7132296,8.107394E-5,0.018594569,0.0013274433,0.2153143,0.053879246
