Gaia/vari_eclipsing_binary/VariEclipsingBinary_491116-491154.csv
# %ECSV 1.0
# ---
# delimiter: ','
# meta: !!omap
# - RELEASE: Gaia DR3
# - TABLE: vari_eclipsing_binary
# - DESCRIPTION: >
#     This table describes the properties of the eclipsing binaries resulting from the variability analysis. 
# - CITATION: >
#     How to cite and acknowledge Gaia: 
#     https://gea.esac.esa.int/archive/documentation/credits.html 
# - KNOWN_ISSUES: >
#     Known issues: 
#     https://www.cosmos.esa.int/web/gaia-users/known-issues 
# - DOCUMENTATION: >
#     Tutorials and documentation: 
#     https://www.cosmos.esa.int/web/gaia-users/archive 
# datatype:
# - 
#   name: solution_id
#   datatype: int64
#   description: Solution Identifier
#   meta:
#     ucd: meta.version
# - 
#   name: source_id
#   datatype: int64
#   description: Unique source identifier
#   meta:
#     ucd: meta.id;meta.main
# - 
#   name: global_ranking
#   datatype: float32
#   description: Number between 0 (worst) and 1 (best)
#   meta:
#     ucd: stat.param
# - 
#   name: reference_time
#   datatype: float64
#   unit: d
#   description: Reference time used for the geometric model fit
#   meta:
#     ucd: time.epoch
# - 
#   name: frequency
#   datatype: float64
#   unit: d**-1
#   description: Frequency of geometric model of the eclipsing binary light curve
#   meta:
#     ucd: src.orbital
# - 
#   name: frequency_error
#   datatype: float32
#   unit: d**-1
#   description: "Uncertainty of \\texttt{frequency}"
#   meta:
#     ucd: stat.error
# - 
#   name: geom_model_reference_level
#   datatype: float32
#   unit: mag
#   description: Magnitude reference level of geometric model
#   meta:
#     ucd: phot.mag;em.opt
# - 
#   name: geom_model_reference_level_error
#   datatype: float32
#   unit: mag
#   description: "Uncertainty of \\texttt{geomModelReferenceLevel}"
#   meta:
#     ucd: stat.error;phot.mag;em.opt
# - 
#   name: geom_model_gaussian1_phase
#   datatype: float32
#   description: Phase of the Gaussian 1 component
#   meta:
#     ucd: time.phase
# - 
#   name: geom_model_gaussian1_phase_error
#   datatype: float32
#   description: "Uncertainty of \\texttt{geomModelGaussian1Phase}"
#   meta:
#     ucd: stat.error;time.phase
# - 
#   name: geom_model_gaussian1_sigma
#   datatype: float32
#   description: "Standard deviation [phase] of Gaussian 1 component"
#   meta:
#     ucd: stat.stdev
# - 
#   name: geom_model_gaussian1_sigma_error
#   datatype: float32
#   description: "Uncertainty of \\texttt{geomModelGaussian1Sigma}"
#   meta:
#     ucd: stat.error
# - 
#   name: geom_model_gaussian1_depth
#   datatype: float32
#   unit: mag
#   description: Magnitude depth of Gaussian 1 component
#   meta:
#     ucd: src.var.amplitude
# - 
#   name: geom_model_gaussian1_depth_error
#   datatype: float32
#   unit: mag
#   description: "Uncertainty of \\texttt{geomModelGaussian1Depth}"
#   meta:
#     ucd: stat.error;src.var.amplitude
# - 
#   name: geom_model_gaussian2_phase
#   datatype: float32
#   description: Phase of Gaussian 2 component
#   meta:
#     ucd: time.phase
# - 
#   name: geom_model_gaussian2_phase_error
#   datatype: float32
#   description: "Uncertainty of \\texttt{geomModelGaussian2Phase}"
#   meta:
#     ucd: stat.error;time.phase
# - 
#   name: geom_model_gaussian2_sigma
#   datatype: float32
[...]
#   datatype: float32
#   description: "Secondary eclipse: uncertainty of \\texttt{derivedSecondaryEclDuration}"
#   meta:
#     ucd: stat.error;time.duration
# - 
#   name: derived_secondary_ecl_depth
#   datatype: float32
#   unit: mag
#   description: "Secondary eclipse: depth"
#   meta:
#     ucd: src.var.amplitude
# - 
#   name: derived_secondary_ecl_depth_error
#   datatype: float32
#   unit: mag
#   description: "Secondary eclipse: uncertainty of \\texttt{derivedSecondaryEclDepth}"
#   meta:
#     ucd: stat.error;src.var.amplitude
solution_id,source_id,global_ranking,reference_time,frequency,frequency_error,geom_model_reference_level,geom_model_reference_level_error,geom_model_gaussian1_phase,geom_model_gaussian1_phase_error,geom_model_gaussian1_sigma,geom_model_gaussian1_sigma_error,geom_model_gaussian1_depth,geom_model_gaussian1_depth_error,geom_model_gaussian2_phase,geom_model_gaussian2_phase_error,geom_model_gaussian2_sigma,geom_model_gaussian2_sigma_error,geom_model_gaussian2_depth,geom_model_gaussian2_depth_error,geom_model_cosine_half_period_amplitude,geom_model_cosine_half_period_amplitude_error,geom_model_cosine_half_period_phase,geom_model_cosine_half_period_phase_error,model_type,num_model_parameters,reduced_chi2,derived_primary_ecl_phase,derived_primary_ecl_phase_error,derived_primary_ecl_duration,derived_primary_ecl_duration_error,derived_primary_ecl_depth,derived_primary_ecl_depth_error,derived_secondary_ecl_phase,derived_secondary_ecl_phase_error,derived_secondary_ecl_duration,derived_secondary_ecl_duration_error,derived_secondary_ecl_depth,derived_secondary_ecl_depth_error
[from data line 546]
375316653866487564,4320207238256100736,0.44229835,2092.9098156669565,0.36487278912719506,7.306569E-5,19.394735,0.0077195233,0.36717382,0.0017166804,0.010309734,0.0048395274,0.4357728,0.29105273,0.7531674,0.020636525,0.066333234,0.01383136,0.0753024,0.04833358,null,null,null,null,"TWOGAUSSIANS",8,3.9064677,0.36717382,0.0017166804,0.05773451,0.027101353,0.4357728,0.29105273,0.7531674,0.020636525,0.3714661,0.07745562,0.0753024,0.04833358
375316653866487564,4320207891094936448,0.455504,2107.8083619733225,3.3452524956216534,2.3953888E-5,18.658152,0.0034996092,null,null,null,null,null,null,null,null,null,null,null,null,0.065562256,0.004769091,0.29291996,0.0059357886,"ELLIPSOIDAL",4,3.5294085,null,null,null,null,null,null,null,null,null,null,null,null
375316653866487564,4320208273406334976,0.46970472,2097.9896208840723,2.175053027702593,2.2454544E-5,19.639732,0.026741164,0.21858537,0.009686137,0.10140723,0.018236123,0.2466276,0.02407949,0.7056668,0.00485635,0.09000728,0.011825297,0.2962461,0.025413103,null,null,null,null,"TWOGAUSSIANS",8,1.8611405,0.7056668,0.00485635,0.4,0.0,0.28146693,0.014224318,0.21858537,0.009686137,0.4,0.0,0.23184548,0.017457802
375316653866487564,4320208956247017344,0.44530645,2112.3088414168597,3.6907244412567404,6.5369575E-5,18.712975,0.0038839953,0.08618231,0.0012930741,0.010549217,0.0018934946,0.036744177,0.0039621317,0.6471756,0.052800633,0.052152373,0.022683578,0.2976201,0.6200651,null,null,null,null,"TWOGAUSSIANS",8,2.956655,0.6471756,0.052800633,0.29205328,0.12702803,0.2976201,0.6200651,0.08618231,0.0012930741,0.059075616,0.01060357,0.036744177,0.0039621317
375316653866487564,4320209166744891008,0.6285926,2127.5919000091408,0.11685725106595178,6.6409125E-6,15.87737,0.0053345715,0.24640377,0.007266449,0.027058244,0.004706929,0.13197201,0.09701304,0.73316544,6.381069E-4,0.020665083,0.0012481501,1.4849403,0.14283626,0.061611746,0.0060915714,0.24640377,0.007266449,"TWOGAUSSIANS_WITH_ELLIPSOIDAL_ON_ECLIPSE1",9,35.398205,0.7332055,6.397481E-4,0.11572447,0.0069896406,1.6073155,0.14753114,0.24640377,0.007266449,0.15152617,0.026358802,0.25519547,0.098886035
375316653866487564,4320210025734471808,0.47465327,2126.37306517632,0.9246404481613698,1.7188E-5,18.535492,0.011203642,0.3130459,0.004412456,0.057111878,0.019684633,0.3000101,0.10129798,0.8182325,0.008329238,0.06847677,0.008750378,0.17789288,0.028106863,null,null,null,null,"TWOGAUSSIANS",8,5.802044,0.3130459,0.004412456,0.3198265,0.11023394,0.29987293,0.101896614,0.8182325,0.008329238,0.3834699,0.04900212,0.17775571,0.028024606
375316653866487564,4320210506775096064,0.49954888,2097.1851493037857,0.5770652092717403,9.6058875E-6,19.820433,0.0043504084,0.3091638,0.0011606243,0.026612498,0.0014381552,0.5905828,0.08664742,0.8062767,7.037391E-4,0.019596675,0.016174776,3.1313176,31.911242,null,null,null,null,"TWOGAUSSIANS",8,1.2458594,0.8062767,7.037391E-4,0.10974138,0.09057875,3.1313176,31.911242,0.3091638,0.0011606243,0.14902999,0.008053669,0.5905828,0.08664742
375316653866487564,4320210644214041344,0.48746622,2145.3109093025205,2.4336567478576074,2.1144722E-5,17.88233,1.3775083,0.2686906,0.019608188,0.18846744,0.12301337,0.87664616,1.2566973,0.758123,0.01903067,0.18733874,0.10599221,0.95227313,1.2295924,null,null,null,null,"TWOGAUSSIANS",8,8.118411,0.758123,0.01903067,0.4,0.0,0.2787775,0.014779865,0.2752606,0.009718562,0.4,0.0,0.20564346,0.019815153
375316653866487564,4320210880392482560,0.5372199,2102.6114352933496,2.8866503071961587,1.1446429E-5,19.191883,0.016620493,0.2624672,0.010894097,0.06592951,0.008479917,0.30816394,0.028552512,0.78000003,0.0050844545,0.07935034,0.007415897,0.42389888,0.024488224,null,null,null,null,"TWOGAUSSIANS",8,3.7307625,0.78000003,0.0050844545,0.4,0.0,0.4226167,0.024437906,0.2624672,0.010894097,0.36920527,0.04748754,0.30688176,0.026845042
375316653866487564,4320210983471477632,0.5415129,2109.360425994675,2.1852537113635275,1.4768763E-5,18.872501,0.0106317345,0.2506911,0.004771185,0.070337065,0.0055612293,0.43428808,0.035470817,0.7518343,0.0030293455,0.07418024,0.005514107,0.52806824,0.02477849,null,null,null,null,"TWOGAUSSIANS",8,4.838058,0.7518343,0.0030293455,0.4,0.0,0.5257183,0.025489746,0.2506911,0.004771185,0.39388758,0.019784043,0.4319381,0.035929628
375316653866487564,4320211125246307200,0.5358578,2108.158877284682,2.6645463100950195,1.6465288E-5,19.700645,0.014538299,0.3099176,0.0052488013,0.072765544,0.005513021,0.5664858,0.037242197,0.80480033,0.0047404496,0.07102306,0.0043339934,0.59680367,0.05397409,null,null,null,null,"TWOGAUSSIANS",8,2.872762,0.80480033,0.0047404496,0.39772913,0.01854667,0.5943736,0.054288402,0.3099176,0.0052488013,0.4,0.0020650905,0.56405574,0.037343632
375316653866487564,4320212632739254016,0.51340896,2160.6515969818074,0.1430743070113903,1.0432066E-6,18.162281,0.0030550365,0.3001983,1.2466129E-5,0.002247842,4.300645E-5,2.588029,0.20633575,0.78348386,0.034268875,0.096717276,0.017102325,0.014497763,0.0064132437,null,null,null,null,"TWOGAUSSIANS",8,2.7049012,0.3001983,1.2466129E-5,0.012587915,2.4083612E-4,2.588029,0.20633571,0.78348386,0.034268875,0.4,0.0,0.014497717,0.00641332
375316653866487564,4320213491727662976,0.51618886,2093.4616294206867,2.3588665339565518,1.1687056E-5,19.69433,0.020645363,0.25739902,0.006060497,0.08859555,0.00845951,0.415224,0.023793435,0.7655494,0.0042602643,0.086721934,0.0064287283,0.4039134,0.024990877,null,null,null,null,"TWOGAUSSIANS",8,1.8649962,0.25739902,0.006060497,0.4,0.0,0.40294692,0.019385092,0.7655494,0.0042602643,0.4,0.0,0.39163637,0.021727197
375316653866487564,4320214423781463808,0.6018799,2129.624796582191,1.641680047049401,7.5035878E-6,18.840834,0.0040233936,0.2867616,0.0016358703,0.05590555,0.0014006464,0.8591897,0.020814585,0.7853268,0.002069532,0.06419997,0.004325731,0.33471352,0.029801581,null,null,null,null,"TWOGAUSSIANS",8,2.0254073,0.2867616,0.0016358703,0.31307107,0.00784362,0.85902125,0.02082553,0.7853268,0.002069532,0.35951984,0.024224095,0.33454505,0.029920135
375316653866487564,4320214625604018432,0.5962236,2134.4671203199887,0.7925930086043603,1.0466786E-5,18.663116,0.0052807694,0.30955407,0.0028034048,0.029428987,0.003667841,0.5755663,0.07571757,0.8109989,0.013833598,0.029357819,0.009196194,0.4065815,0.72435296,0.031781472,0.009056449,0.30955407,0.0028034048,"TWOGAUSSIANS_WITH_ELLIPSOIDAL_ON_ECLIPSE1",9,2.6422424,0.30955407,0.0028034048,0.16480233,0.02053991,0.6391292,0.07744864,0.8109989,0.013833598,0.16440378,0.051498685,0.4701392,0.72572756
375316653866487564,4320214900481990784,0.5834917,2124.772922432458,2.2926950438619507,5.270489E-6,17.816751,0.0061402996,0.315375,0.0015955347,0.08996779,0.0039352775,0.22030123,0.004933707,0.8189914,0.0020281004,0.09119132,0.0032127548,0.2330836,0.0085731875,null,null,null,null,"TWOGAUSSIANS",8,1.9796188,0.8189914,0.0020281004,0.4,0.0,0.22357342,0.0079927435,0.315375,0.0015955347,0.4,0.0,0.2107911,0.0037467098
375316653866487564,4320215042256735104,0.5859702,2142.308859682126,0.29042429860760405,1.358682E-4,17.759188,0.0029997118,0.21636134,0.006057032,0.02197804,0.0040248935,0.6007112,0.1231792,0.582524,0.13363715,0.042236652,0.044563662,0.28368804,11.821351,null,null,null,null,"TWOGAUSSIANS",8,5.1102986,0.21636134,0.006057032,0.12307702,0.022539403,0.6007112,0.1231792,0.582524,0.13363715,0.23652524,0.2495565,0.28368804,11.821351
375316653866487564,4320217035120706688,0.5900062,2148.979128725808,0.3005517529197786,1.2103272E-5,18.371758,0.004719969,0.20502682,0.0022947085,0.023187077,0.0029259613,0.13715126,0.018933518,0.7051257,0.0026453754,0.026355842,0.001797509,1.255689,0.17135768,0.023794765,0.0094867,0.20502682,0.0022947085,"TWOGAUSSIANS_WITH_ELLIPSOIDAL_ON_ECLIPSE1",9,6.097259,0.7051257,0.0026453754,0.14759272,0.010066051,1.3032786,0.17267464,0.20502682,0.0022947085,0.12984763,0.016385382,0.18474078,0.020875104
375316653866487564,4320217928478755840,0.5461261,2171.996462326107,0.27156848388270016,7.770255E-6,15.9774885,0.0018200306,0.60695267,0.001342629,0.023064643,0.001990411,0.240601,0.06544772,null,null,null,null,null,null,0.027124932,0.0032284975,0.60695267,0.001342629,"ONEGAUSSIAN_WITH_ELLIPSOIDAL",6,15.832114,0.60695267,0.001342629,0.129162,0.011146301,0.29485086,0.066662654,null,null,null,null,null,null
375316653866487564,4320218272075918848,0.6090404,2160.8013910612426,0.3701199416112788,1.8847608E-5,16.9291,0.0013561689,0.17561986,5.4226955E-4,0.016530396,5.1509094E-4,0.38176903,0.01735451,0.67958623,0.0027333437,0.019947203,0.0016979952,0.19890289,0.041355655,null,null,null,null,"TWOGAUSSIANS",8,3.8793638,0.17561986,5.4226955E-4,0.092570215,0.0028845093,0.38176903,0.01735451,0.67958623,0.0027333437,0.111704335,0.009508774,0.19890289,0.041355655
375316653866487564,4320218512594110464,0.5352555,2166.560505154668,0.48991408531177966,2.347236E-5,16.618086,0.0018739674,0.4676395,0.010552502,0.014209453,0.015686749,0.013058113,101364.586,0.6369658,0.004172397,0.0277042,0.0040184474,0.17758808,0.021065073,null,null,null,null,"TWOGAUSSIANS",8,6.4151607,0.6369658,0.004172397,0.15514351,0.022503303,0.17758808,0.021065073,0.4676395,0.010552502,0.07957294,0.08784579,0.013058114,101364.586
375316653866487564,4320218650047725952,0.51797867,2157.929750115838,1.1477014130130865,1.6276163E-5,19.425308,0.026295416,0.2790593,0.007018194,0.106121585,0.021769192,0.17991616,0.020869812,0.775419,0.0052103577,0.09575686,0.009728902,0.3121245,0.02642362,null,null,null,null,"TWOGAUSSIANS",8,1.4565355,0.775419,0.0052103577,0.4,0.0,0.29156545,0.011457831,0.2790593,0.007018194,0.4,0.0,0.15935235,0.015251638
375316653866487564,4320218817486572032,0.48072532,2090.56010364099,1.1783777445212542,1.9710982E-5,18.951385,0.10526833,0.23618723,0.010998685,0.11940536,0.07242741,0.14370398,0.09920021,0.7403933,0.006527147,0.10542514,0.028726177,0.23250003,0.10216364,null,null,null,null,"TWOGAUSSIANS",8,3.0474482,0.7404033,0.006622541,0.4,0.0,0.20379253,0.015596195,0.23618723,0.011016484,0.4,0.0,0.114957415,0.0131637715
375316653866487564,4320218890497083520,0.4584909,2104.077042118041,4.424462203827017,3.6642887E-5,19.526129,0.023241019,0.1471535,5.481557E-4,0.0061439546,0.0012553278,0.13958162,0.0062673143,0.57655925,0.0122239785,0.16004954,0.016809681,0.37822533,0.032379515,null,null,null,null,"TWOGAUSSIANS",8,6.696309,0.57655925,0.0122239785,0.4,0.0,0.3724771,0.030943172,0.14719349,5.7785894E-4,0.034406148,0.007029836,0.14483777,0.008355769
375316653866487564,4320218890555413760,0.5472026,2105.578487207193,0.44568159429237086,1.1542318E-5,17.571299,0.0015028482,0.27439776,0.0014665287,0.025364498,0.0021882295,0.27146804,0.057547633,0.66290116,0.011719818,0.018743373,0.015866213,0.014098062,0.008819566,null,null,null,null,"TWOGAUSSIANS",8,1.8112117,0.27439776,0.0014665287,0.14204119,0.012254085,0.27146804,0.057547633,0.66290116,0.011719818,0.10496289,0.088850796,0.014098062,0.008819566
375316653866487564,4320219199793653888,0.50692916,2108.9065064032347,2.231162069224379,1.4480683E-5,17.599186,0.045374975,0.2779749,0.005518985,0.11924383,0.028750721,0.11599118,0.043351885,0.77666205,0.005364417,0.12551041,0.033843298,0.108376205,0.044459894,null,null,null,null,"TWOGAUSSIANS",8,1.8345475,0.2779849,0.0056244796,0.4,0.0,0.088592224,0.0047779772,0.77666205,0.005369066,0.4,0.0,0.08093491,0.0044269427
375316653866487564,4320219234094321408,0.47306088,2108.9058085580123,0.057227393536600675,1.38679625E-5,19.30602,0.020089656,0.29064193,0.006207326,0.078806154,0.01164708,0.29527733,0.07265811,0.7760339,0.0032863666,0.054851364,0.006782818,0.3119491,0.037838876,null,null,null,null,"TWOGAUSSIANS",8,3.8596573,0.7760339,0.0032863666,0.30716762,0.037983783,0.3115907,0.03776431,0.29064193,0.006207326,0.4,0.0,0.2949189,0.07282053
375316653866487564,4320219607760593920,0.49952692,2134.8553045697604,0.8592920541799629,2.1631991E-5,19.112438,0.014111977,0.20339349,0.006258097,0.031996302,0.007748709,0.4459404,0.20084004,0.6969261,0.0073982608,0.0342332,0.005922206,0.23915285,0.018610928,null,null,null,null,"TWOGAUSSIANS",8,6.443981,0.20339349,0.006258097,0.1791793,0.04339277,0.4459404,0.20084004,0.6969261,0.0073982608,0.19170593,0.033164356,0.23915285,0.018610928
375316653866487564,4320220432394343040,0.42738917,2138.671879608704,1.148991646384856,6.136074E-5,17.511225,0.0062771663,0.2988317,0.042188425,0.07794561,0.044420008,0.027405871,0.011279317,0.81015265,0.0077417023,0.028193014,0.023793582,0.09999746,0.026383609,null,null,null,null,"TWOGAUSSIANS",8,12.398477,0.81015265,0.0077417023,0.15788089,0.13324405,0.09999684,0.026444953,0.2988317,0.042188425,0.4,0.029325524,0.027405255,0.011264159
375316653866487564,4320220539823008768,0.4957108,2148.932817543819,0.5749118254272774,1.3525214E-5,16.964401,0.0022753242,0.26640716,0.0025621797,0.027065499,0.0038689603,0.157729,0.01912094,0.7618157,0.008339168,0.010893826,0.010080798,0.14009117,0.011491914,0.015593662,0.0029573943,0.26640716,0.0025621797,"TWOGAUSSIANS_WITH_ELLIPSOIDAL_ON_ECLIPSE1",9,14.187195,0.26640716,0.0025621797,0.15156679,0.021666178,0.18891631,0.019559965,0.76182574,0.008260992,0.061005425,0.056452468,0.17125258,0.009263255
375316653866487564,4320221050869629440,0.49403352,2142.0614963209846,0.5366440047183314,6.7161345E-5,18.797752,0.0027672525,0.31772485,0.0027377538,0.020230878,0.0030340008,0.21262124,0.019991394,0.7857806,0.025678854,0.044955846,0.019269798,0.052304186,0.061991822,null,null,null,null,"TWOGAUSSIANS",8,1.5091746,0.31772485,0.0027377538,0.11329292,0.016990405,0.21262124,0.019991394,0.7857806,0.025678854,0.25175273,0.10791087,0.052304186,0.061991822
375316653866487564,4320221227017707776,0.5867132,2138.6486285868623,0.2651003814498028,8.441804E-6,17.385752,0.00204654,0.44626558,0.003283946,0.007880479,0.0037815908,0.45947915,0.14663143,null,null,null,null,null,null,null,null,null,null,"ONEGAUSSIAN",5,2.7421432,0.44626558,0.003283946,0.044130683,0.021176908,0.45947915,0.0,null,null,null,null,null,null
375316653866487564,4320221261319502976,0.4234312,2112.044593010791,0.7818147116592454,2.0451083E-5,19.563156,0.019062644,0.26724565,0.0061163907,0.032089483,0.007985535,0.3367997,0.040883955,0.7401172,0.013344997,0.020223472,0.008290713,0.28983676,0.103285074,null,null,null,null,"TWOGAUSSIANS",8,4.589524,0.26724565,0.0061163907,0.1797011,0.044718996,0.3367997,0.040883955,0.7401172,0.013344997,0.11325145,0.04642799,0.28983676,0.103285074
375316653866487564,4320221948514308736,0.45616084,2126.2604909747474,0.11807225221338194,6.587478E-5,19.695189,0.016206697,0.6311904,0.042690765,0.05214022,0.027775677,0.068000615,0.0589216,0.4142843,0.10729021,0.06805576,0.016586995,0.65827245,0.51160717,0.0238496,0.019360198,0.6311904,0.042690765,"TWOGAUSSIANS_WITH_ELLIPSOIDAL_ON_ECLIPSE1",9,5.38773,0.4151643,0.12411535,0.38111222,0.0631339,0.66036993,0.4888162,0.6208004,0.20720154,0.2919852,0.15554379,0.12074866,0.4898067
375316653866487564,4320222184749607040,0.5358222,2137.4687789644263,3.1602439715884207,1.534E-5,19.480883,0.012373461,0.19280042,0.009570542,0.06549671,0.006108313,0.39509627,0.036674954,0.69310236,0.0035920986,0.0682478,0.005323766,0.4678123,0.034260493,null,null,null,null,"TWOGAUSSIANS",8,2.8932474,0.69310236,0.0035920986,0.38218766,0.02981309,0.4670244,0.03446028,0.19280042,0.009570542,0.3667816,0.034206554,0.3943084,0.036751516
375316653866487564,4320222292111990272,0.47847003,2136.7765804824808,0.1675129713426692,2.6423615E-5,19.419489,0.006865544,0.5370635,0.009275551,0.06618077,0.008796401,0.52397215,0.043651745,0.8594651,0.013966219,0.05982682,0.007526566,0.09111601,0.020608118,null,null,null,null,"TWOGAUSSIANS",8,3.9864979,0.5370635,0.009275551,0.37061232,0.04925985,0.523972,0.043651953,0.8594651,0.013966219,0.3350302,0.04214877,0.09111945,0.020607986
