Gaia/vari_eclipsing_binary/VariEclipsingBinary_669434-669462.csv
# %ECSV 1.0
# ---
# delimiter: ','
# meta: !!omap
# - RELEASE: Gaia DR3
# - TABLE: vari_eclipsing_binary
# - DESCRIPTION: >
#     This table describes the properties of the eclipsing binaries resulting from the variability analysis. 
# - CITATION: >
#     How to cite and acknowledge Gaia: 
#     https://gea.esac.esa.int/archive/documentation/credits.html 
# - KNOWN_ISSUES: >
#     Known issues: 
#     https://www.cosmos.esa.int/web/gaia-users/known-issues 
# - DOCUMENTATION: >
#     Tutorials and documentation: 
#     https://www.cosmos.esa.int/web/gaia-users/archive 
# datatype:
# - 
#   name: solution_id
#   datatype: int64
#   description: Solution Identifier
#   meta:
#     ucd: meta.version
# - 
#   name: source_id
#   datatype: int64
#   description: Unique source identifier
#   meta:
#     ucd: meta.id;meta.main
# - 
#   name: global_ranking
#   datatype: float32
#   description: Number between 0 (worst) and 1 (best)
#   meta:
#     ucd: stat.param
# - 
#   name: reference_time
#   datatype: float64
#   unit: d
#   description: Reference time used for the geometric model fit
#   meta:
#     ucd: time.epoch
# - 
#   name: frequency
#   datatype: float64
#   unit: d**-1
#   description: Frequency of geometric model of the eclipsing binary light curve
#   meta:
#     ucd: src.orbital
# - 
#   name: frequency_error
#   datatype: float32
#   unit: d**-1
#   description: "Uncertainty of \\texttt{frequency}"
#   meta:
#     ucd: stat.error
# - 
#   name: geom_model_reference_level
#   datatype: float32
#   unit: mag
#   description: Magnitude reference level of geometric model
#   meta:
#     ucd: phot.mag;em.opt
# - 
#   name: geom_model_reference_level_error
#   datatype: float32
#   unit: mag
#   description: "Uncertainty of \\texttt{geomModelReferenceLevel}"
#   meta:
#     ucd: stat.error;phot.mag;em.opt
# - 
#   name: geom_model_gaussian1_phase
#   datatype: float32
#   description: Phase of the Gaussian 1 component
#   meta:
#     ucd: time.phase
# - 
#   name: geom_model_gaussian1_phase_error
#   datatype: float32
#   description: "Uncertainty of \\texttt{geomModelGaussian1Phase}"
#   meta:
#     ucd: stat.error;time.phase
# - 
#   name: geom_model_gaussian1_sigma
#   datatype: float32
#   description: "Standard deviation [phase] of Gaussian 1 component"
#   meta:
#     ucd: stat.stdev
# - 
#   name: geom_model_gaussian1_sigma_error
#   datatype: float32
#   description: "Uncertainty of \\texttt{geomModelGaussian1Sigma}"
#   meta:
#     ucd: stat.error
# - 
#   name: geom_model_gaussian1_depth
#   datatype: float32
#   unit: mag
#   description: Magnitude depth of Gaussian 1 component
#   meta:
#     ucd: src.var.amplitude
# - 
#   name: geom_model_gaussian1_depth_error
#   datatype: float32
#   unit: mag
#   description: "Uncertainty of \\texttt{geomModelGaussian1Depth}"
#   meta:
#     ucd: stat.error;src.var.amplitude
# - 
#   name: geom_model_gaussian2_phase
#   datatype: float32
#   description: Phase of Gaussian 2 component
#   meta:
#     ucd: time.phase
# - 
#   name: geom_model_gaussian2_phase_error
#   datatype: float32
#   description: "Uncertainty of \\texttt{geomModelGaussian2Phase}"
#   meta:
#     ucd: stat.error;time.phase
# - 
#   name: geom_model_gaussian2_sigma
#   datatype: float32
[...]
#   datatype: float32
#   description: "Secondary eclipse: uncertainty of \\texttt{derivedSecondaryEclDuration}"
#   meta:
#     ucd: stat.error;time.duration
# - 
#   name: derived_secondary_ecl_depth
#   datatype: float32
#   unit: mag
#   description: "Secondary eclipse: depth"
#   meta:
#     ucd: src.var.amplitude
# - 
#   name: derived_secondary_ecl_depth_error
#   datatype: float32
#   unit: mag
#   description: "Secondary eclipse: uncertainty of \\texttt{derivedSecondaryEclDepth}"
#   meta:
#     ucd: stat.error;src.var.amplitude
solution_id,source_id,global_ranking,reference_time,frequency,frequency_error,geom_model_reference_level,geom_model_reference_level_error,geom_model_gaussian1_phase,geom_model_gaussian1_phase_error,geom_model_gaussian1_sigma,geom_model_gaussian1_sigma_error,geom_model_gaussian1_depth,geom_model_gaussian1_depth_error,geom_model_gaussian2_phase,geom_model_gaussian2_phase_error,geom_model_gaussian2_sigma,geom_model_gaussian2_sigma_error,geom_model_gaussian2_depth,geom_model_gaussian2_depth_error,geom_model_cosine_half_period_amplitude,geom_model_cosine_half_period_amplitude_error,geom_model_cosine_half_period_phase,geom_model_cosine_half_period_phase_error,model_type,num_model_parameters,reduced_chi2,derived_primary_ecl_phase,derived_primary_ecl_phase_error,derived_primary_ecl_duration,derived_primary_ecl_duration_error,derived_primary_ecl_depth,derived_primary_ecl_depth_error,derived_secondary_ecl_phase,derived_secondary_ecl_phase_error,derived_secondary_ecl_duration,derived_secondary_ecl_duration_error,derived_secondary_ecl_depth,derived_secondary_ecl_depth_error
[from data line 292]
375316653866487564,5888544684226371328,0.49737084,2172.7156003373443,0.1858955721661281,2.6917085E-5,18.877417,0.008586492,0.32205462,0.027332138,0.02339974,0.016984493,0.241748,0.07729002,0.8238935,0.0034202822,0.01480829,0.0036446473,0.54237014,0.4678706,null,null,null,null,"TWOGAUSSIANS",8,5.371941,0.8238935,0.0034202822,0.08292642,0.020410025,0.54237014,0.4678706,0.32205462,0.027332138,0.13103855,0.09511316,0.241748,0.07729002
375316653866487564,5888544821636082560,0.43905824,2176.3923395744832,2.6220899427199145,4.7457874E-5,19.724028,0.028706217,0.26094106,0.009924744,0.10703848,0.02488727,0.18666604,0.031315703,0.79253656,0.012945678,0.09097415,0.017546253,0.21139604,0.0371467,null,null,null,null,"TWOGAUSSIANS",8,3.1836073,0.7925566,0.012945904,0.4,0.0,0.20070128,0.030543702,0.26094106,0.009924713,0.4,0.0,0.17595787,0.028460959
375316653866487564,5888544924744559360,0.66856974,2159.504186682986,0.6499751021723545,2.1830205E-5,16.017212,0.0012116407,0.21349683,0.0011209906,0.026275769,0.0013578736,0.41979915,0.025947083,0.7218553,0.026454141,0.024058117,0.020129465,0.35579932,5.812693,0.013877384,0.0019908154,0.21349683,0.0011209906,"TWOGAUSSIANS_WITH_ELLIPSOIDAL_ON_ECLIPSE1",9,3.9303005,0.21349683,0.0011209906,0.1471443,0.007604092,0.44755393,0.02642991,0.7218553,0.026454141,0.13472545,0.112725,0.3834776,5.812436
375316653866487564,5888544959075044864,0.5673334,2141.7428092808564,1.5806646988690838,1.3584804E-5,17.823772,0.014048202,0.2626488,0.0064727366,0.10094116,0.01287366,0.15722388,0.013996533,0.73760206,0.004690105,0.09633735,0.008728,0.24764216,0.015328381,null,null,null,null,"TWOGAUSSIANS",8,2.8943446,0.73760206,0.004690105,0.4,0.0,0.23633562,0.013467691,0.2626488,0.006483251,0.4,0.0,0.14591609,0.010048374
375316653866487564,5888544959075107712,0.4897566,2149.528087610434,2.48382862358512,3.8442788E-5,18.4228,0.54438514,0.2758718,0.008633043,0.1082744,0.08962378,0.41272625,0.5018324,0.76566577,0.0047165737,0.12227867,0.042617954,0.4223493,0.4771655,null,null,null,null,"TWOGAUSSIANS",8,15.279321,0.76566577,0.0047165737,0.4,0.0,0.35031816,0.04347715,0.27593184,0.008386288,0.4,0.0,0.34088272,0.0656115
375316653866487564,5888545543219930752,0.4474735,2148.2043452964836,0.05709845140426695,4.3585304E-5,19.320326,0.103951536,0.23379791,0.012631685,0.13211678,0.022696199,0.44382316,0.10872334,0.7932676,0.011676546,0.09821006,0.017828947,0.35555232,0.10323528,null,null,null,null,"TWOGAUSSIANS",8,5.6341276,0.23376791,0.01260079,0.4,0.0,0.40203652,0.05389755,0.7944176,0.010518469,0.4,0.0,0.3155406,0.049031567
375316653866487564,5888545641954550016,0.44582114,2160.9135364925137,3.110815612427768,1.9275123E-5,17.602785,0.5023549,0.3170258,0.0052424893,0.18395576,0.06126453,0.7757176,0.4842708,0.81671894,0.0073390994,0.16094276,0.035227522,0.7436634,0.45537055,null,null,null,null,"TWOGAUSSIANS",8,19.691553,0.3170858,0.00568984,0.4,0.0,0.2578922,0.014301899,0.81671894,0.007240284,0.4,0.0,0.2525009,0.024958113
375316653866487564,5888546672746891904,0.5913818,2181.0572944400783,0.41193084198176044,2.9517258E-5,16.917135,0.011460724,0.33034316,0.002640566,0.032598004,0.0010368798,2.8158057,0.12664016,null,null,null,null,null,null,null,null,null,null,"ONEGAUSSIAN",5,171.06638,0.33034316,0.002640566,0.18254882,0.005806527,2.8158057,0.0,null,null,null,null,null,null
375316653866487564,5888546848892900992,0.44261014,2161.382408766957,0.3748698178010617,1.5495216E-5,19.436653,0.0512606,0.3420107,0.06468184,0.22187711,0.13385952,0.07049362,0.04946306,0.6763665,0.012782104,0.07651942,0.012078322,0.36991197,0.073987596,null,null,null,null,"TWOGAUSSIANS",8,3.2922351,0.6763665,0.012782104,0.4,0.008792085,0.3771733,0.072388925,0.3431307,0.06589891,0.4,0.0,0.054356415,0.019846715
375316653866487564,5888546917609455488,0.44761634,2131.6120618854607,3.25931364976415,1.2424421E-4,18.662418,0.029537583,0.039613243,0.016522823,0.019481767,0.02586245,0.044928607,0.086494,0.4902489,0.02096604,0.13828526,0.0460441,0.16073033,0.026209464,null,null,null,null,"TWOGAUSSIANS",8,8.269124,0.4902489,0.02096604,0.4,0.0,0.16014053,0.021117441,0.039753243,0.016748184,0.1090979,0.14482972,0.04519472,0.08616417
375316653866487564,5888547158127674880,0.5566084,2155.1199768222227,1.5990087902828856,1.398632E-5,18.021456,0.0069217244,0.27410245,0.003275975,0.086229615,0.008550395,0.12004538,0.006506995,0.77116466,0.006788632,0.07028447,0.006067686,0.33162597,0.016092984,null,null,null,null,"TWOGAUSSIANS",8,2.1132689,0.77116466,0.006788632,0.39359304,0.01793117,0.32950944,0.016166653,0.27410245,0.003275975,0.4,0.0,0.11792884,0.005698711
375316653866487564,5888547226850385920,0.6809505,2150.4971095596075,0.5880807471508044,1.3880764E-5,12.366706,0.0010575939,0.22062138,6.348283E-4,0.020221172,6.128318E-4,0.62183243,0.019154694,0.7207133,0.012225773,0.021528322,0.006475099,0.62175983,0.393155,null,null,null,null,"TWOGAUSSIANS",8,64.03456,0.22062138,6.348283E-4,0.11323856,0.003431858,0.62183243,0.019154694,0.7207133,0.012225773,0.1205586,0.036260553,0.62175983,0.393155
375316653866487564,5888547673494943616,0.4241485,2141.174095518809,0.05720266292196286,2.3775046E-5,19.708656,0.012229293,0.25755122,0.009709745,0.08157172,0.013475691,0.37132236,0.044463225,0.7121499,0.009729303,0.08806321,0.012924037,0.5437238,0.20435935,null,null,null,null,"TWOGAUSSIANS",8,5.3580313,0.7121499,0.009729303,0.4,0.0,0.53858066,0.20745267,0.25755122,0.009709745,0.4,0.0,0.36618,0.04594657
375316653866487564,5888547707854779904,0.56188107,2103.4253436614977,2.8317895663247237,1.2724592E-5,19.30732,0.0141227115,0.27352756,0.0050326134,0.06416283,0.0055768997,0.42807093,0.029637393,0.776768,0.003764249,0.07560444,0.0051320866,0.5099668,0.023070348,null,null,null,null,"TWOGAUSSIANS",8,2.7818935,0.776768,0.003764249,0.4,0.0,0.508531,0.023116214,0.27352756,0.0050326134,0.35931185,0.031230638,0.4266351,0.029736986
375316653866487564,5888547810935585024,0.48894235,2158.4952701605876,3.3430876044564917,3.0494646E-5,19.816763,0.035975978,0.2542973,0.012613985,0.08112075,0.020015152,0.45467138,0.09694653,0.7498944,0.007120625,0.08460117,0.0152735,0.46251312,0.059200827,null,null,null,null,"TWOGAUSSIANS",8,3.8652618,0.7498944,0.007120625,0.4,0.0,0.45358455,0.06321448,0.2542973,0.012613985,0.4,0.0,0.44574282,0.107885845
375316653866487564,5888548085811966976,0.46495637,2111.9680677407346,2.4421510149651997,6.298112E-5,19.902044,0.027030459,0.24896987,0.027503358,0.08302353,0.05058526,0.12120092,0.03534995,0.7053102,0.0095177535,0.07502729,0.01339893,0.2960183,0.051641695,null,null,null,null,"TWOGAUSSIANS",8,2.4941776,0.7053102,0.0095177535,0.4,0.012840944,0.29503235,0.050708853,0.24896987,0.027503358,0.4,0.058008723,0.12021494,0.03270114
375316653866487564,5888548154531542656,0.5910851,2166.8962594458435,0.9364096479784185,4.9264836E-6,16.583591,0.0061204443,0.28769818,0.0013031961,0.085785896,0.0023361733,0.31840777,0.0061475784,0.78775114,0.0015808058,0.0953203,0.0033269676,0.30589873,0.0070318845,null,null,null,null,"TWOGAUSSIANS",8,6.0415716,0.28769818,0.0013031961,0.4,0.0,0.30464825,0.0049690423,0.78775114,0.0015808058,0.4,0.0,0.2921386,0.0069935694
375316653866487564,5888548459453811968,0.51010054,2147.85223988706,2.831940034089585,1.8964352E-5,18.539598,0.032017067,0.3020901,0.005036808,0.06042989,0.018336475,0.19950978,0.06855605,0.7905285,0.007198889,0.05387208,0.011633446,0.2844869,0.07141957,0.10284392,0.035273023,0.3020901,0.005036808,"TWOGAUSSIANS_WITH_ELLIPSOIDAL_ON_ECLIPSE1",9,11.748106,0.79216844,0.005950849,0.30168363,0.0651473,0.48920423,0.051096525,0.3020901,0.005036808,0.3384074,0.10268427,0.40515724,0.051183462
375316653866487564,5888548463770135040,0.5533342,2166.628824659531,3.4351110880651676,2.5103722E-5,19.583815,0.027509326,0.2789475,0.005728647,0.06695586,0.00723227,0.5257335,0.050273795,0.7750766,0.029994886,0.04555963,0.035762053,0.9289794,0.16685393,null,null,null,null,"TWOGAUSSIANS",8,3.9873567,0.7750766,0.029994886,0.25513393,0.18349953,0.9289223,0.16921224,0.2789475,0.005728647,0.3749528,0.04050071,0.5256763,0.049697746
375316653866487564,5888549391513990400,0.53898656,2154.6504485328333,0.9463929638734692,4.946902E-6,17.81255,0.005004583,0.46352032,0.0014730226,0.033785913,0.001585706,0.2585748,0.006725365,null,null,null,null,null,null,null,null,null,null,"ONEGAUSSIAN",5,7.4081287,0.46352032,0.0014730226,0.18920112,0.008879953,0.2585748,0.0,null,null,null,null,null,null
375316653866487564,5888549425870458752,0.6045275,2173.076399150407,0.760096404777876,6.445813E-6,17.715248,0.0058895093,0.19848512,0.0056785326,0.03304589,0.0032753586,0.70973206,0.10072086,0.7037147,0.007421048,0.036948968,0.0037077614,0.6945338,0.07260859,0.018199343,0.009361874,0.19848512,0.0056785326,"TWOGAUSSIANS_WITH_ELLIPSOIDAL_ON_ECLIPSE1",9,10.36862,0.19848512,0.0056785326,0.185057,0.018342007,0.74613076,0.10174915,0.7037147,0.007421048,0.20691422,0.020763464,0.7308932,0.066552304
375316653866487564,5888550834591637248,0.44193903,2154.6965911901834,0.075476709325303,3.9653212E-5,19.026192,0.009050391,0.25144342,0.003736689,0.010740627,0.0050173514,0.24296866,0.15202211,0.6520306,0.014600526,0.12518224,0.016991176,0.16711834,0.039084792,null,null,null,null,"TWOGAUSSIANS",8,3.2427447,0.25145343,0.0037018901,0.06014751,0.028097168,0.2438544,0.1520618,0.6520306,0.014600526,0.4,0.0,0.16700359,0.039162893
375316653866487564,5888550937670907264,0.5362133,2109.0164094961287,2.358127680479273,1.7915572E-5,19.624578,0.020085678,0.17127223,0.007223275,0.09173301,0.00853534,0.34424317,0.021679433,0.6561937,0.0043252385,0.08940126,0.009887682,0.35838825,0.023464208,null,null,null,null,"TWOGAUSSIANS",8,1.143717,0.6561937,0.0043252385,0.4,0.0,0.34606966,0.025623448,0.17127223,0.007223275,0.4,0.0,0.3319244,0.015394444
375316653866487564,5888551212576955904,0.6372895,2140.1943767244315,3.3901301548468763,7.984119E-6,16.471004,0.018259134,0.23721921,0.002235192,0.048245244,0.005992051,0.47620255,0.04803826,0.74029326,0.0020600078,0.050984073,0.009101967,0.39245424,0.0571028,0.11037915,0.022302972,0.23721921,0.002235192,"TWOGAUSSIANS_WITH_ELLIPSOIDAL_ON_ECLIPSE1",9,15.606298,0.23721921,0.002235192,0.27017337,0.033555485,0.69695777,0.055253297,0.74029326,0.0020600078,0.2855108,0.05097102,0.6131271,0.07906173
375316653866487564,5888551212576968832,0.48424044,2127.531584382112,1.9169177717851844,2.734431E-5,19.656296,0.02088587,0.25468317,0.005806607,0.07827381,0.011717789,0.25847566,0.019579612,0.7552949,0.0041398457,0.082673565,0.00942101,0.18348834,0.022760961,null,null,null,null,"TWOGAUSSIANS",8,1.6148754,0.25468317,0.005806607,0.4,0.0,0.25504732,0.016643567,0.7552949,0.0041398457,0.4,0.0,0.18006001,0.019686151
375316653866487564,5888551624893867264,0.5208158,2159.1635957727945,1.2151503865338122,9.505977E-6,13.416017,0.03354034,0.3399652,0.0026785417,0.2523036,0.021070415,0.19945058,0.032761987,0.83904904,0.0026940727,0.15087709,0.013252739,0.1408528,0.023532465,null,null,null,null,"TWOGAUSSIANS",8,12.391052,0.3401452,0.0027452195,0.4,0.0,0.041567147,0.0013982868,0.83904904,0.0027100567,0.4,0.0,0.037638046,0.0029061516
375316653866487564,5888552518219104768,0.44666937,2190.4054573492726,1.8221360137717582,3.9718234E-5,18.860172,0.4994019,0.29660684,0.0055396417,0.20407419,0.13807221,0.45635822,0.48640925,0.79064125,0.007313056,0.12857339,0.050910037,0.42252412,0.34618455,null,null,null,null,"TWOGAUSSIANS",8,3.5527828,0.79064125,0.007313056,0.4,0.0,0.19894986,0.02281675,0.29681683,0.005311919,0.4,0.0,0.1877642,0.03253517
375316653866487564,5888552861844574592,0.56914634,2176.206984641222,0.6598857918704756,3.8301437E-6,16.876595,0.0018238475,0.60076636,0.0023313044,0.03380917,0.0020810922,0.2945046,0.02909417,null,null,null,null,null,null,null,null,null,null,"ONEGAUSSIAN",5,5.7133455,0.60076636,0.0023313044,0.18933137,0.011654116,0.2945046,0.0,null,null,null,null,null,null
375316653866487564,5888552960583492480,0.46074164,2193.897707319862,0.26252140117553413,3.6169517E-5,18.286142,0.0073164403,0.53588575,4.8003206E-4,0.016472468,4.3498623E-4,0.46340808,0.010788282,0.8901045,0.009592642,0.035678968,0.008247715,0.098712794,0.024749111,0.031359673,0.013575664,0.8901045,0.009592642,"TWOGAUSSIANS_WITH_ELLIPSOIDAL_ON_ECLIPSE2",9,19.795853,0.53566575,3.8684654E-4,0.09224582,0.0024359229,0.48671356,0.018439416,0.8901045,0.009592642,0.19980223,0.046187207,0.16143213,0.025551299
375316653866487564,5888553102334745344,0.4532495,2090.0727998395682,2.9294930063521316,3.660835E-5,19.123367,0.03171639,0.34518492,0.0073170317,0.090766214,0.019408675,0.19570306,0.02797997,0.8353122,0.009537013,0.088639714,0.01932776,0.2501172,0.031892262,null,null,null,null,"TWOGAUSSIANS",8,4.4707417,0.8353122,0.009537013,0.4,0.0,0.24234079,0.030156076,0.34518492,0.0073170317,0.4,0.0,0.18792659,0.022874406
375316653866487564,5888553239773741824,0.6034026,2165.7826328979872,2.025416135194967,6.7501965E-6,18.648453,0.0110054305,0.26515576,0.0056256396,0.08091148,0.0056551592,0.44906324,0.014558935,0.7659795,0.0028266192,0.0829416,0.005146556,0.30006427,0.010857065,null,null,null,null,"TWOGAUSSIANS",8,1.7196281,0.26515576,0.0056256396,0.4,0.0,0.44222677,0.014249365,0.7659795,0.0028266192,0.4,0.0,0.29322782,0.00989897
375316653866487564,5888553308520414208,0.64627105,2168.250634771575,1.8100658530141738,3.2082053E-6,15.941575,0.008591151,0.24564783,0.0011226103,0.03951219,0.0046948325,0.32594028,0.022933582,0.74163264,0.0014480277,0.046475846,0.0025367448,0.6106136,0.028411746,0.13197829,0.011380019,0.24564783,0.0011226103,"TWOGAUSSIANS_WITH_ELLIPSOIDAL_ON_ECLIPSE1",9,42.619553,0.74191266,0.0013493957,0.26026472,0.0142057715,0.874413,0.03261496,0.24564783,0.0011226103,0.22126827,0.026291061,0.5898961,0.030767102
375316653866487564,5888553583373029760,0.48795438,2122.4940922584137,2.502695703437447,3.4254346E-5,19.619862,0.014137962,0.24537435,0.012108414,0.057075877,0.018980972,0.26421607,0.03041048,0.7371335,0.0071945502,0.07572205,0.0077573173,0.3684246,0.016770074,null,null,null,null,"TWOGAUSSIANS",8,3.9416587,0.7371335,0.0071945502,0.4,0.0,0.36800727,0.015979167,0.24537435,0.012108414,0.3196249,0.09561498,0.26379874,0.031345252
375316653866487564,5888553652092553472,0.45607588,2114.1073058466623,2.7785322793360296,4.6434965E-5,19.46879,0.41421506,0.22525081,0.01062123,0.12580065,0.038185023,0.36216453,0.30121326,0.7143927,0.01373213,0.19024625,0.118986204,0.35585693,0.40539932,null,null,null,null,"TWOGAUSSIANS",8,2.1603878,0.2273308,0.008453441,0.4,0.0,0.19704325,0.013288157,0.7143927,0.01373213,0.4,0.0,0.16825043,0.019163571
375316653866487564,5888553785213506176,0.594069,2127.2177807865733,0.5036613418586002,1.2240756E-5,18.5681,0.004447241,0.2392437,0.0029610738,0.026597893,0.0033606219,0.88016015,0.14664893,null,null,null,null,null,null,0.02237079,0.0055506285,0.2392437,0.0029610738,"ONEGAUSSIAN_WITH_ELLIPSOIDAL",6,3.037738,0.2392437,0.0029610738,0.1489482,0.018819483,0.9249016,0.14969778,null,null,null,null,null,null
375316653866487564,5888553892610712576,0.4608494,2105.785618661058,2.5898356161270644,9.631572E-5,19.85901,0.04423268,0.25105038,0.016097752,0.094000295,0.018848805,0.27666637,0.05510215,0.74999976,0.010187587,0.10227614,0.025457265,0.20481136,0.037822906,null,null,null,null,"TWOGAUSSIANS",8,3.2857795,0.25105038,0.016097752,0.4,0.0,0.25855437,0.041017637,0.74999976,0.010187587,0.4,0.0,0.1866971,0.020691635
