Gaia/vari_eclipsing_binary/VariEclipsingBinary_660793-660949.csv
# %ECSV 1.0
# ---
# delimiter: ','
# meta: !!omap
# - RELEASE: Gaia DR3
# - TABLE: vari_eclipsing_binary
# - DESCRIPTION: >
#     This table describes the properties of the eclipsing binaries resulting from the variability analysis. 
# - CITATION: >
#     How to cite and acknowledge Gaia: 
#     https://gea.esac.esa.int/archive/documentation/credits.html 
# - KNOWN_ISSUES: >
#     Known issues: 
#     https://www.cosmos.esa.int/web/gaia-users/known-issues 
# - DOCUMENTATION: >
#     Tutorials and documentation: 
#     https://www.cosmos.esa.int/web/gaia-users/archive 
# datatype:
# - 
#   name: solution_id
#   datatype: int64
#   description: Solution Identifier
#   meta:
#     ucd: meta.version
# - 
#   name: source_id
#   datatype: int64
#   description: Unique source identifier
#   meta:
#     ucd: meta.id;meta.main
# - 
#   name: global_ranking
#   datatype: float32
#   description: Number between 0 (worst) and 1 (best)
#   meta:
#     ucd: stat.param
# - 
#   name: reference_time
#   datatype: float64
#   unit: d
#   description: Reference time used for the geometric model fit
#   meta:
#     ucd: time.epoch
# - 
#   name: frequency
#   datatype: float64
#   unit: d**-1
#   description: Frequency of geometric model of the eclipsing binary light curve
#   meta:
#     ucd: src.orbital
# - 
#   name: frequency_error
#   datatype: float32
#   unit: d**-1
#   description: "Uncertainty of \\texttt{frequency}"
#   meta:
#     ucd: stat.error
# - 
#   name: geom_model_reference_level
#   datatype: float32
#   unit: mag
#   description: Magnitude reference level of geometric model
#   meta:
#     ucd: phot.mag;em.opt
# - 
#   name: geom_model_reference_level_error
#   datatype: float32
#   unit: mag
#   description: "Uncertainty of \\texttt{geomModelReferenceLevel}"
#   meta:
#     ucd: stat.error;phot.mag;em.opt
# - 
#   name: geom_model_gaussian1_phase
#   datatype: float32
#   description: Phase of the Gaussian 1 component
#   meta:
#     ucd: time.phase
# - 
#   name: geom_model_gaussian1_phase_error
#   datatype: float32
#   description: "Uncertainty of \\texttt{geomModelGaussian1Phase}"
#   meta:
#     ucd: stat.error;time.phase
# - 
#   name: geom_model_gaussian1_sigma
#   datatype: float32
#   description: "Standard deviation [phase] of Gaussian 1 component"
#   meta:
#     ucd: stat.stdev
# - 
#   name: geom_model_gaussian1_sigma_error
#   datatype: float32
#   description: "Uncertainty of \\texttt{geomModelGaussian1Sigma}"
#   meta:
#     ucd: stat.error
# - 
#   name: geom_model_gaussian1_depth
#   datatype: float32
#   unit: mag
#   description: Magnitude depth of Gaussian 1 component
#   meta:
#     ucd: src.var.amplitude
# - 
#   name: geom_model_gaussian1_depth_error
#   datatype: float32
#   unit: mag
#   description: "Uncertainty of \\texttt{geomModelGaussian1Depth}"
#   meta:
#     ucd: stat.error;src.var.amplitude
# - 
#   name: geom_model_gaussian2_phase
#   datatype: float32
#   description: Phase of Gaussian 2 component
#   meta:
#     ucd: time.phase
# - 
#   name: geom_model_gaussian2_phase_error
#   datatype: float32
#   description: "Uncertainty of \\texttt{geomModelGaussian2Phase}"
#   meta:
#     ucd: stat.error;time.phase
# - 
#   name: geom_model_gaussian2_sigma
#   datatype: float32
[...]
#   datatype: float32
#   description: "Secondary eclipse: uncertainty of \\texttt{derivedSecondaryEclDuration}"
#   meta:
#     ucd: stat.error;time.duration
# - 
#   name: derived_secondary_ecl_depth
#   datatype: float32
#   unit: mag
#   description: "Secondary eclipse: depth"
#   meta:
#     ucd: src.var.amplitude
# - 
#   name: derived_secondary_ecl_depth_error
#   datatype: float32
#   unit: mag
#   description: "Secondary eclipse: uncertainty of \\texttt{derivedSecondaryEclDepth}"
#   meta:
#     ucd: stat.error;src.var.amplitude
solution_id,source_id,global_ranking,reference_time,frequency,frequency_error,geom_model_reference_level,geom_model_reference_level_error,geom_model_gaussian1_phase,geom_model_gaussian1_phase_error,geom_model_gaussian1_sigma,geom_model_gaussian1_sigma_error,geom_model_gaussian1_depth,geom_model_gaussian1_depth_error,geom_model_gaussian2_phase,geom_model_gaussian2_phase_error,geom_model_gaussian2_sigma,geom_model_gaussian2_sigma_error,geom_model_gaussian2_depth,geom_model_gaussian2_depth_error,geom_model_cosine_half_period_amplitude,geom_model_cosine_half_period_amplitude_error,geom_model_cosine_half_period_phase,geom_model_cosine_half_period_phase_error,model_type,num_model_parameters,reduced_chi2,derived_primary_ecl_phase,derived_primary_ecl_phase_error,derived_primary_ecl_duration,derived_primary_ecl_duration_error,derived_primary_ecl_depth,derived_primary_ecl_depth_error,derived_secondary_ecl_phase,derived_secondary_ecl_phase_error,derived_secondary_ecl_duration,derived_secondary_ecl_duration_error,derived_secondary_ecl_depth,derived_secondary_ecl_depth_error
[from data line 176]
375316653866487564,5813087228399623808,0.60969555,2136.6085433485405,0.03078340181419808,5.3565755E-6,14.748086,0.0018817788,0.22574532,7.861207E-4,0.054615047,0.0018802636,0.18960686,0.0062741656,0.73033285,0.0041926256,0.03912189,0.0029944025,0.06619713,0.007168376,0.088626966,0.0027000324,0.22574532,7.861207E-4,"TWOGAUSSIANS_WITH_ELLIPSOIDAL_ON_ECLIPSE1",9,33.932426,0.22574532,7.861207E-4,0.30584428,0.010529476,0.36685497,0.005695967,0.73033285,0.0041926256,0.21908258,0.016768655,0.24329801,0.005069913
375316653866487564,5813087503277587072,0.54094064,2129.049742305182,2.7528505458690726,5.8997853E-6,17.71094,0.010201061,0.2227858,0.0026266854,0.10295238,0.008917127,0.122870825,0.009136251,0.72136784,0.002161985,0.1085182,0.006653265,0.1856974,0.009033463,null,null,null,null,"TWOGAUSSIANS",8,2.1034355,0.72136784,0.002161985,0.4,0.0,0.16750091,0.003482733,0.2227858,0.0026266854,0.4,0.0,0.1046816,0.0036141363
375316653866487564,5813095062417160192,0.51542777,2148.7904285893683,3.0321550004591082,1.04970695E-5,17.800827,0.017930754,0.30102184,0.0024126018,0.10567016,0.009887097,0.21978916,0.014474741,0.8069815,0.0027726484,0.09792083,0.0076463907,0.2276343,0.016930182,null,null,null,null,"TWOGAUSSIANS",8,4.6733346,0.8069815,0.0027726986,0.4,0.0,0.20727913,0.0076885223,0.30102184,0.0024126018,0.4,0.0,0.1994288,0.0070126583
375316653866487564,5813095165490788352,0.4498815,2149.2466194437643,3.3835519775744394,2.6959331E-5,17.786604,0.065389745,0.24800238,0.008173052,0.124496914,0.03627064,0.15980318,0.059946068,0.7295906,0.007786632,0.12284214,0.026631635,0.18577068,0.06273603,null,null,null,null,"TWOGAUSSIANS",8,14.315483,0.7295906,0.007786632,0.4,0.0,0.14763,0.0124963075,0.24818237,0.007839225,0.4,0.0,0.12165587,0.015334068
375316653866487564,5813098876348158336,0.5185091,2140.9382447433823,3.9152255772879894,6.4825654E-6,19.864983,0.0051988186,0.24684076,0.001997684,0.039958276,0.003195763,0.6424292,0.07248827,0.74549097,0.0072119115,0.040545344,0.0036172355,0.46586823,0.039995853,null,null,null,null,"TWOGAUSSIANS",8,1.7911006,0.24684076,0.001997684,0.22376634,0.017896274,0.6424291,0.07248828,0.74549097,0.0072119115,0.22705393,0.02025652,0.46586823,0.039995845
375316653866487564,5813100143351999744,0.53776664,2128.8786462135863,3.9246663288833257,7.037364E-6,18.874725,0.006371533,0.24799487,0.0015550579,0.08608333,0.0032233936,0.2906246,0.009167227,0.75690335,0.0018114897,0.08398801,0.0034269444,0.33920893,0.012442888,null,null,null,null,"TWOGAUSSIANS",8,1.877715,0.75690335,0.0018114897,0.4,0.0,0.33208144,0.013121468,0.24799487,0.0015550579,0.4,0.0,0.2834971,0.009180343
375316653866487564,5813100864903964416,0.5063982,2142.121245988077,0.5993288147407112,2.5338943E-5,17.954985,0.0016993098,0.45633996,0.01499925,0.009119879,0.00858097,0.4239935,0.274685,0.56947166,0.0052038743,0.011090157,0.004020101,0.02539075,0.0073584085,null,null,null,null,"TWOGAUSSIANS",8,3.2976232,0.45633996,0.01499925,0.051071323,0.048053432,0.4239935,0.274685,0.56947166,0.0052038743,0.062104873,0.022512564,0.02539075,0.0073584085
375316653866487564,5813104850633755648,0.47722748,2135.4177304083623,4.395732488970365,1.722444E-5,18.239658,0.0022285604,0.2001453,6.4120715E-4,0.0069478727,6.9967186E-4,0.28658873,0.0062702796,0.6769392,0.02512356,0.023417857,0.019012937,0.06962102,0.04814903,null,null,null,null,"TWOGAUSSIANS",8,5.7202616,0.2001453,6.4120715E-4,0.038908087,0.0039181625,0.28658873,0.0062702796,0.6769392,0.02512356,0.13114001,0.10647245,0.06962102,0.04814903
375316653866487564,5813110352500195840,0.626209,2157.7975090984396,1.904209420110144,2.9225946E-6,15.811205,0.0040797275,0.3022082,0.001056664,0.059881557,0.0054374523,0.073754475,0.0077226497,0.7980631,0.0022604142,0.052809827,0.004292224,0.09670793,0.008281705,0.064293325,0.0046848813,0.3022082,0.001056664,"TWOGAUSSIANS_WITH_ELLIPSOIDAL_ON_ECLIPSE1",9,5.8568892,0.79900306,0.0016427913,0.29573503,0.024036454,0.22521411,0.0019772006,0.3022082,0.001056664,0.33533671,0.030449733,0.20232812,0.003484413
375316653866487564,5813110799176813824,0.5386744,2141.49864321578,0.9628988446918086,7.4598734E-6,18.295748,0.0020584117,0.5495846,0.0016347745,0.02185385,0.00243568,0.5476278,0.052810628,null,null,null,null,null,null,null,null,null,null,"ONEGAUSSIAN",5,4.926694,0.5495846,0.0016347745,0.12238156,0.013639809,0.5476278,0.0,null,null,null,null,null,null
375316653866487564,5813111172828011648,0.6053205,2153.4149364808936,3.718494396020135,6.577077E-6,18.188467,0.013241945,0.21577944,0.0010656617,0.058926076,0.003044246,0.34374937,0.030190345,0.715878,0.002843392,0.055422135,0.0046782084,0.3616257,0.02619408,0.08807072,0.01622079,0.21577944,0.0010656617,"TWOGAUSSIANS_WITH_ELLIPSOIDAL_ON_ECLIPSE1",9,4.363583,0.715878,0.0027562422,0.31036395,0.026197966,0.53771013,0.01428024,0.21577944,0.0010656617,0.32998604,0.017047778,0.51983386,0.012127895
375316653866487564,5813114097711717248,0.53714615,2154.192240155329,0.16589831831008342,5.2287323E-6,17.837162,0.0020295756,0.2915874,8.6479634E-4,0.007482661,4.5608325E-4,0.8183603,0.08070777,0.6192892,0.0012316961,0.00605932,0.0010404037,0.41340694,0.09287218,null,null,null,null,"TWOGAUSSIANS",8,8.519261,0.2915874,8.6479634E-4,0.041902903,0.0025540662,0.8183603,0.08070777,0.6192892,0.0012316961,0.033932194,0.005826261,0.41340694,0.09287218
375316653866487564,5813115884418500352,0.5726145,2127.7957603286286,2.3541287356293186,7.5306357E-6,15.230658,0.007710509,0.28393862,0.0026200793,0.049545486,0.0050645936,0.20248644,0.019336151,0.79201347,0.0019490082,0.044094607,0.0053357556,0.13063933,0.017098667,0.11195149,0.009579898,0.79201347,0.0019490082,"TWOGAUSSIANS_WITH_ELLIPSOIDAL_ON_ECLIPSE2",9,129.26501,0.2853586,0.0021010747,0.27745473,0.028361723,0.4259137,0.018549157,0.79201347,0.0019490082,0.2469298,0.029880233,0.35454094,0.0053906967
375316653866487564,5813116124936290048,0.56367517,2147.2076074925963,2.8714096976826227,7.838155E-6,17.535229,0.004755805,0.26417983,0.0019637602,0.086948745,0.003097908,0.24826978,0.00471015,0.7584627,0.0022451584,0.08987152,0.0034339668,0.29539534,0.005393174,null,null,null,null,"TWOGAUSSIANS",8,6.2696915,0.7584627,0.0022451584,0.4,0.0,0.28632027,0.0047935992,0.26417983,0.0019637602,0.4,0.0,0.23919478,0.0035721113
375316653866487564,5813128872400264320,0.6218764,2127.456062231602,3.389947042977056,2.8985894E-6,18.237394,0.008533776,0.23924929,8.4683514E-4,0.047960725,0.0020508785,0.5679949,0.019508736,0.7343675,8.934631E-4,0.042429212,0.0018033944,0.42786047,0.020804971,0.1263826,0.013524774,0.23924929,8.4683514E-4,"TWOGAUSSIANS_WITH_ELLIPSOIDAL_ON_ECLIPSE1",9,8.317534,0.23924929,8.4683514E-4,0.26858005,0.01148492,0.8207588,0.01469184,0.7347475,8.136692E-4,0.23760359,0.010099009,0.6804051,0.010059144
375316653866487564,5813129765753438208,0.5764268,2139.0734844492554,2.9350926175741647,7.1413097E-6,16.75151,0.0057484787,0.23344891,0.0014088077,0.05351591,0.010594255,0.08462771,0.010824939,0.72984767,0.0045144786,0.04756213,0.00688547,0.07430464,0.013565479,0.09509759,0.007573436,0.23344891,0.0014088077,"TWOGAUSSIANS_WITH_ELLIPSOIDAL_ON_ECLIPSE1",9,9.928331,0.23344891,0.0014088077,0.2996891,0.05932783,0.27482122,0.008966046,0.73097765,0.0031388304,0.26634791,0.03855863,0.26443133,0.006105483
375316653866487564,5813131380661193600,0.5672458,2110.8198668778864,2.9408221579698925,8.397596E-6,18.145775,0.008897078,0.265189,0.0014978822,0.07592185,0.0025155721,0.48898855,0.014439575,0.7663418,0.0017085777,0.076900065,0.0034704613,0.28358978,0.0098566385,null,null,null,null,"TWOGAUSSIANS",8,6.1698613,0.265189,0.0014978822,0.4,0.0,0.48556605,0.014221446,0.7663418,0.0017085777,0.4,0.0,0.28016725,0.0091584
375316653866487564,5813136397182967808,0.5330276,2140.527698583916,0.3187406680747304,3.243757E-5,18.107538,0.0015710695,0.30380675,0.0225974,0.05080925,0.025877446,0.009956442,0.0042997133,0.4477708,0.0015914174,0.010838351,9.0004393E-4,0.4069162,0.007911442,null,null,null,null,"TWOGAUSSIANS",8,2.3286922,0.4477708,0.0015914174,0.06069477,0.005040246,0.407096,0.007915215,0.30380675,0.0225974,0.2845318,0.1449137,0.009956442,0.0042997133
375316653866487564,5813137977730950144,0.53875726,2129.323098151474,0.36105349275185766,4.4567718E-5,17.284561,0.0025774122,0.43451002,2.9258782E-4,0.0025122082,3.2605694E-4,1.3451613,0.535519,0.93326735,0.002731121,0.01618562,0.001614044,0.31903675,0.03806237,0.005491546,0.00561602,0.43451002,2.9258782E-4,"TWOGAUSSIANS_WITH_ELLIPSOIDAL_ON_ECLIPSE1",9,23.944445,0.43451002,2.9258782E-4,0.014068366,0.0018259188,1.3561444,0.53613716,0.93326735,0.002731121,0.09063947,0.009038646,0.33001915,0.039301097
375316653866487564,5813145639952824192,0.6336059,2137.264339442941,1.4447176082393312,4.7282388E-6,15.062361,0.005198462,0.25416473,0.0010543603,0.05410309,0.0025914763,0.14639333,0.011719182,0.758239,0.0010447329,0.058017943,0.0023558286,0.23156917,0.010250349,0.08285082,0.0057613063,0.25416473,0.0010543603,"TWOGAUSSIANS_WITH_ELLIPSOIDAL_ON_ECLIPSE1",9,31.60793,0.758239,0.0010447329,0.32490048,0.013192641,0.39714193,0.0040679243,0.25416473,0.0010543603,0.3029773,0.014512268,0.31207466,0.004282688
375316653866487564,5813146666437352704,0.4565991,2131.614559092249,1.0956096537294975,1.4348361E-5,18.221825,0.002449302,0.18775818,0.0015052439,0.01790172,0.0018218582,0.19027889,0.005279773,0.5014742,0.03723287,0.026297908,0.020968553,0.029666461,0.015899885,null,null,null,null,"TWOGAUSSIANS",8,6.300118,0.18775818,0.0015052439,0.10024963,0.010202406,0.19027889,0.005279773,0.5014742,0.03723287,0.14726828,0.1174239,0.029666461,0.015899885
375316653866487564,5813148040827008640,0.54894924,2135.7231986017914,3.620758998961458,7.161429E-6,19.166426,0.006508132,0.1986344,0.0020209202,0.07962449,0.0024143618,0.4695656,0.013506745,0.7060399,0.0021759686,0.08084555,0.0027227877,0.41311827,0.012247419,null,null,null,null,"TWOGAUSSIANS",8,2.316762,0.1986344,0.0020209202,0.4,0.0,0.46362975,0.013462011,0.7060399,0.0021759686,0.4,0.0,0.4071824,0.012226456
375316653866487564,5813150415956607232,0.48194203,2144.050120985105,3.1310611990192445,2.0249165E-5,14.99235,0.057429325,0.28136185,0.0054010674,0.13203944,0.028489811,0.17533521,0.054633413,0.7698775,0.0045215003,0.12330186,0.025258232,0.17800167,0.05421604,null,null,null,null,"TWOGAUSSIANS",8,136.86534,0.7698775,0.0045215003,0.4,0.0,0.1308203,0.0050760536,0.28147185,0.0053283675,0.4,0.0,0.12797248,0.007326239
375316653866487564,5813154431734341504,0.5052748,2140.477656431679,2.467904176058347,1.0439937E-5,18.561895,0.009028374,0.2350456,0.0039347066,0.08971065,0.006682509,0.20886743,0.009898358,0.73278147,0.0029179582,0.10248005,0.0065377397,0.20155734,0.008858683,null,null,null,null,"TWOGAUSSIANS",8,3.1030786,0.2350456,0.0039347066,0.4,0.0,0.19543064,0.008705773,0.73278147,0.0029179582,0.4,0.0,0.18811788,0.007195265
375316653866487564,5813155020161520000,0.572157,2148.291442907456,3.0683941369878056,5.7855364E-6,17.274456,0.0045485063,0.27046922,0.0016256153,0.08542152,0.0026099791,0.3574508,0.00909605,0.7742145,0.001677406,0.08317954,0.0018968728,0.36719725,0.008509346,null,null,null,null,"TWOGAUSSIANS",8,11.001089,0.7742145,0.001677406,0.4,0.0,0.35885042,0.008192945,0.27046922,0.0016256153,0.4,0.0,0.349104,0.009473648
375316653866487564,5813156944306936576,0.5056636,2148.8532728652485,1.0276350024389238,6.364455E-6,18.115015,0.0034519152,0.22179976,0.002657679,0.03001688,0.0022942033,0.32515353,0.018142913,0.72275174,0.0022703523,0.024187902,0.0037061349,0.15854682,0.030314758,0.010893199,0.0061977683,0.22179976,0.002657679,"TWOGAUSSIANS_WITH_ELLIPSOIDAL_ON_ECLIPSE1",9,9.745629,0.22179976,0.002657679,0.16809453,0.012847538,0.34693992,0.017794015,0.72275174,0.0022703845,0.13545226,0.020754356,0.1803324,0.032511618
375316653866487564,5813162373137333888,0.5138013,2124.8829713580085,3.234930316732467,1.1069691E-5,15.012033,0.0063031963,0.27195475,0.002817123,0.088288724,0.004879186,0.22417027,0.008942498,0.75740546,0.0035509563,0.08479375,0.005006628,0.23711021,0.008330412,null,null,null,null,"TWOGAUSSIANS",8,159.05946,0.75740546,0.0035509563,0.4,0.0,0.2315605,0.0080780545,0.27195475,0.002817123,0.4,0.0,0.2186205,0.008860715
375316653866487564,5813165014533585536,0.5552187,2136.725488184146,3.018528868434755,6.3583634E-6,18.786865,0.006747119,0.25101998,0.0021539214,0.04929153,0.0052762697,0.1253437,0.016624728,0.7505691,0.003808373,0.049697343,0.005349987,0.17975573,0.0148888305,0.08172497,0.007906043,0.25101998,0.0021539214,"TWOGAUSSIANS_WITH_ELLIPSOIDAL_ON_ECLIPSE1",9,2.263741,0.75063914,0.003467555,0.2783051,0.029959928,0.3432037,0.009061758,0.25101998,0.0021539214,0.27603257,0.02954711,0.28879276,0.0095347455
375316653866487564,5813166874263131520,0.6027231,2124.888919065574,4.11357771536213,4.130788E-6,16.747755,0.0022640345,0.26853514,0.0012113178,0.04753192,0.002932685,0.1221123,0.0051978137,0.7648496,0.0017790329,0.045543987,0.0028147884,0.10149959,0.005650836,0.049032524,0.0027624366,0.26853514,0.0012113178,"TWOGAUSSIANS_WITH_ELLIPSOIDAL_ON_ECLIPSE1",9,4.3401804,0.26853514,0.0012113178,0.26617876,0.016423035,0.22017717,0.004024006,0.7653496,0.0015190209,0.25504634,0.015762815,0.19951907,0.004975671
375316653866487564,5813168867128216960,0.50277525,2135.6675045175716,1.1546849208590202,1.1158278E-5,13.065269,0.03064517,0.2595929,0.00205312,0.19864303,0.015640765,0.22868888,0.028748313,0.7597539,0.0019381555,0.17572138,0.012486102,0.21054646,0.026186401,null,null,null,null,"TWOGAUSSIANS",8,19.78873,0.25952289,0.002277224,0.4,0.0,0.055958916,0.0019195214,0.75985384,0.0021714831,0.4,0.0,0.049718425,0.0016642784
375316653866487564,5813173918009750400,0.63046587,2193.186579709885,2.2627002030864944,2.735909E-6,11.006697,0.0031032113,0.27646172,0.0012345113,0.09472074,0.0024313075,0.33777168,0.007315406,0.7758114,7.0995674E-4,0.089089334,0.0013812841,0.39410207,0.005080507,null,null,null,null,"TWOGAUSSIANS",8,94.83464,0.7758114,7.0995674E-4,0.4,0.0,0.3762959,0.00538408,0.27646172,0.0012345113,0.4,0.0,0.31996503,0.008515239
375316653866487564,5813176151392783616,0.5951204,2167.0010994798804,2.815333566738687,3.6184065E-6,15.91315,0.0049145557,0.24693905,0.0017138828,0.091322765,0.0025839955,0.2936376,0.005248459,0.7490975,0.0013802812,0.100422606,0.0027469888,0.25243437,0.004899891,null,null,null,null,"TWOGAUSSIANS",8,10.536114,0.24693905,0.0017138828,0.4,0.0,0.27609715,0.0046221158,0.7490975,0.0013802812,0.4,0.0,0.23489203,0.0035604544
375316653866487564,5813181614591005568,0.5081651,2141.4624191465286,3.5383017128616547,9.5295445E-6,19.38499,0.006546038,0.27457693,0.0029798476,0.090754,0.005185984,0.28238744,0.008208273,0.77990174,0.0034712844,0.08576119,0.0043896697,0.24211904,0.010391175,null,null,null,null,"TWOGAUSSIANS",8,1.6965835,0.27457693,0.0029798476,0.4,0.0,0.27368644,0.008306794,0.77990174,0.0034712844,0.4,0.0,0.23341818,0.010049228
375316653866487564,5813181786389660032,0.61153334,2151.8928141273946,3.519088024097757,4.8883685E-6,15.856573,0.009023344,0.21910265,0.0014746279,0.054311033,0.005199201,0.2015243,0.020044204,0.7150203,0.002098357,0.05389683,0.005094695,0.14144816,0.020181287,0.09172785,0.012046466,0.21910265,0.0014746279,"TWOGAUSSIANS_WITH_ELLIPSOIDAL_ON_ECLIPSE1",9,27.40493,0.21910265,0.0014746279,0.3041418,0.029115524,0.38497275,0.008473673,0.7159603,0.0014424485,0.30182225,0.028530292,0.3248036,0.005796395
375316653866487564,5813184569528535936,0.5299116,2147.7784556745783,3.2259750451791422,9.46278E-6,16.516582,0.02676972,0.22692795,0.0029754525,0.10904796,0.010783474,0.28453502,0.023489837,0.71093,0.0035702987,0.10580986,0.008746505,0.32526976,0.026235776,null,null,null,null,"TWOGAUSSIANS",8,39.814102,0.71093,0.0035702987,0.4,0.0,0.29132345,0.0101781525,0.22693795,0.0029745838,0.4,0.0,0.25058132,0.010029946
