Gaia/vari_eclipsing_binary/VariEclipsingBinary_462732-462754.csv
# %ECSV 1.0
# ---
# delimiter: ','
# meta: !!omap
# - RELEASE: Gaia DR3
# - TABLE: vari_eclipsing_binary
# - DESCRIPTION: >
#     This table describes the properties of the eclipsing binaries resulting from the variability analysis. 
# - CITATION: >
#     How to cite and acknowledge Gaia: 
#     https://gea.esac.esa.int/archive/documentation/credits.html 
# - KNOWN_ISSUES: >
#     Known issues: 
#     https://www.cosmos.esa.int/web/gaia-users/known-issues 
# - DOCUMENTATION: >
#     Tutorials and documentation: 
#     https://www.cosmos.esa.int/web/gaia-users/archive 
# datatype:
# - 
#   name: solution_id
#   datatype: int64
#   description: Solution Identifier
#   meta:
#     ucd: meta.version
# - 
#   name: source_id
#   datatype: int64
#   description: Unique source identifier
#   meta:
#     ucd: meta.id;meta.main
# - 
#   name: global_ranking
#   datatype: float32
#   description: Number between 0 (worst) and 1 (best)
#   meta:
#     ucd: stat.param
# - 
#   name: reference_time
#   datatype: float64
#   unit: d
#   description: Reference time used for the geometric model fit
#   meta:
#     ucd: time.epoch
# - 
#   name: frequency
#   datatype: float64
#   unit: d**-1
#   description: Frequency of geometric model of the eclipsing binary light curve
#   meta:
#     ucd: src.orbital
# - 
#   name: frequency_error
#   datatype: float32
#   unit: d**-1
#   description: "Uncertainty of \\texttt{frequency}"
#   meta:
#     ucd: stat.error
# - 
#   name: geom_model_reference_level
#   datatype: float32
#   unit: mag
#   description: Magnitude reference level of geometric model
#   meta:
#     ucd: phot.mag;em.opt
# - 
#   name: geom_model_reference_level_error
#   datatype: float32
#   unit: mag
#   description: "Uncertainty of \\texttt{geomModelReferenceLevel}"
#   meta:
#     ucd: stat.error;phot.mag;em.opt
# - 
#   name: geom_model_gaussian1_phase
#   datatype: float32
#   description: Phase of the Gaussian 1 component
#   meta:
#     ucd: time.phase
# - 
#   name: geom_model_gaussian1_phase_error
#   datatype: float32
#   description: "Uncertainty of \\texttt{geomModelGaussian1Phase}"
#   meta:
#     ucd: stat.error;time.phase
# - 
#   name: geom_model_gaussian1_sigma
#   datatype: float32
#   description: "Standard deviation [phase] of Gaussian 1 component"
#   meta:
#     ucd: stat.stdev
# - 
#   name: geom_model_gaussian1_sigma_error
#   datatype: float32
#   description: "Uncertainty of \\texttt{geomModelGaussian1Sigma}"
#   meta:
#     ucd: stat.error
# - 
#   name: geom_model_gaussian1_depth
#   datatype: float32
#   unit: mag
#   description: Magnitude depth of Gaussian 1 component
#   meta:
#     ucd: src.var.amplitude
# - 
#   name: geom_model_gaussian1_depth_error
#   datatype: float32
#   unit: mag
#   description: "Uncertainty of \\texttt{geomModelGaussian1Depth}"
#   meta:
#     ucd: stat.error;src.var.amplitude
# - 
#   name: geom_model_gaussian2_phase
#   datatype: float32
#   description: Phase of Gaussian 2 component
#   meta:
#     ucd: time.phase
# - 
#   name: geom_model_gaussian2_phase_error
#   datatype: float32
#   description: "Uncertainty of \\texttt{geomModelGaussian2Phase}"
#   meta:
#     ucd: stat.error;time.phase
# - 
#   name: geom_model_gaussian2_sigma
#   datatype: float32
[...]
#   datatype: float32
#   description: "Secondary eclipse: uncertainty of \\texttt{derivedSecondaryEclDuration}"
#   meta:
#     ucd: stat.error;time.duration
# - 
#   name: derived_secondary_ecl_depth
#   datatype: float32
#   unit: mag
#   description: "Secondary eclipse: depth"
#   meta:
#     ucd: src.var.amplitude
# - 
#   name: derived_secondary_ecl_depth_error
#   datatype: float32
#   unit: mag
#   description: "Secondary eclipse: uncertainty of \\texttt{derivedSecondaryEclDepth}"
#   meta:
#     ucd: stat.error;src.var.amplitude
solution_id,source_id,global_ranking,reference_time,frequency,frequency_error,geom_model_reference_level,geom_model_reference_level_error,geom_model_gaussian1_phase,geom_model_gaussian1_phase_error,geom_model_gaussian1_sigma,geom_model_gaussian1_sigma_error,geom_model_gaussian1_depth,geom_model_gaussian1_depth_error,geom_model_gaussian2_phase,geom_model_gaussian2_phase_error,geom_model_gaussian2_sigma,geom_model_gaussian2_sigma_error,geom_model_gaussian2_depth,geom_model_gaussian2_depth_error,geom_model_cosine_half_period_amplitude,geom_model_cosine_half_period_amplitude_error,geom_model_cosine_half_period_phase,geom_model_cosine_half_period_phase_error,model_type,num_model_parameters,reduced_chi2,derived_primary_ecl_phase,derived_primary_ecl_phase_error,derived_primary_ecl_duration,derived_primary_ecl_duration_error,derived_primary_ecl_depth,derived_primary_ecl_depth_error,derived_secondary_ecl_phase,derived_secondary_ecl_phase_error,derived_secondary_ecl_duration,derived_secondary_ecl_duration_error,derived_secondary_ecl_depth,derived_secondary_ecl_depth_error
[from data line 38]
375316653866487564,4070245845345299840,0.6174927,2229.4289578175462,1.0680516550440602,3.5875391E-6,17.85441,0.005177084,0.21847357,0.0045679193,0.042580638,0.002684754,0.79279894,0.09048897,0.7225314,0.0068510077,0.048446573,0.008750843,0.1898208,0.15575217,null,null,null,null,"TWOGAUSSIANS",8,4.3192654,0.21847357,0.0045679193,0.23845157,0.015034623,0.7927988,0.09048907,0.7225314,0.0068510077,0.27130082,0.04900472,0.18982063,0.15575248
375316653866487564,4070246910496884864,0.5107587,2268.633632200789,2.3517930096840063,1.4183025E-5,17.955957,0.0039304616,null,null,null,null,null,null,null,null,null,null,null,null,0.07753646,0.0058482075,0.25702667,0.0048796264,"ELLIPSOIDAL",4,6.696461,null,null,null,null,null,null,null,null,null,null,null,null
375316653866487564,4070247533315661824,0.52382165,2247.834370095886,2.6884801441577064,1.6588088E-5,17.869772,0.034933537,0.1930444,0.009091688,0.09712464,0.015560709,0.4161809,0.034636978,0.6778187,0.0053289523,0.08790278,0.011703348,0.46039644,0.058204,null,null,null,null,"TWOGAUSSIANS",8,13.886915,0.6778187,0.0053289523,0.4,0.0,0.44234437,0.062459916,0.1930444,0.009091688,0.4,0.0,0.39812702,0.036164775
375316653866487564,4070247739474116608,0.50909305,2262.475509216073,1.2915193167436116,6.4936496E-5,19.748617,0.016603647,0.30478352,0.06624138,0.08265474,0.08455832,0.04490113,0.022418296,0.6999404,0.009331409,0.07999274,0.0075594676,0.27970898,0.01778978,null,null,null,null,"TWOGAUSSIANS",8,0.9549272,0.6999404,0.009331409,0.4,0.0,0.2794974,0.013754416,0.3047935,0.066368215,0.4,0.079894,0.04469049,0.019997943
375316653866487564,4070247842553776256,0.5191302,2278.7662820319956,1.81884391175361,2.1097883E-5,19.826874,0.00870463,0.16361648,0.006439415,0.04181034,0.008697324,0.06442944,0.0105587775,0.50205714,0.008877129,0.05595172,0.0050349627,0.4155337,0.0434606,null,null,null,null,"TWOGAUSSIANS",8,0.9747375,0.50205714,0.008877129,0.31332964,0.028195791,0.4155337,0.0434606,0.16361648,0.006439415,0.23413791,0.04870502,0.06442945,0.010558814
375316653866487564,4070248048739854848,0.6173887,2266.948825059278,1.3438908344817162,7.2462167E-6,16.373568,0.02480341,0.32293072,0.0035814908,0.058871854,0.0099251475,0.29010636,0.04709087,0.82660997,0.0016790642,0.06586196,0.004912318,0.41419345,0.04657477,0.060833216,0.025842555,0.32293072,0.0035814908,"TWOGAUSSIANS_WITH_ELLIPSOIDAL_ON_ECLIPSE1",9,25.226513,0.82660997,0.0016790642,0.36882702,0.027508982,0.53551745,0.012373655,0.32293072,0.0035814908,0.32968238,0.055580825,0.41149542,0.047093906
375316653866487564,4070248083072467968,0.48030514,2320.4844523523616,0.11731616987884716,5.4058622E-5,17.78578,0.0957724,0.18059184,0.04522069,0.049335327,0.101263605,0.20930399,0.07134852,0.7776585,0.027665133,0.11635571,0.025357053,0.20956613,0.090140544,null,null,null,null,"TWOGAUSSIANS",8,4.0068946,0.18041185,0.043997545,0.27627784,0.15143746,0.20924702,0.074774526,0.7776585,0.025627393,0.4,0.0,0.20898582,0.018189643
375316653866487564,4070248289231379328,0.47882426,2256.9318214212954,3.1459689768528007,9.367182E-5,19.674026,0.011796328,0.16015108,0.012778075,0.09665456,0.021714766,0.20808564,0.03715084,0.5070963,0.00544238,0.021271281,0.0069638435,0.17905681,0.16215698,null,null,null,null,"TWOGAUSSIANS",8,1.9815456,0.16015108,0.012778075,0.4,0.0,0.208085,0.03716282,0.5070963,0.00544238,0.11911917,0.038997523,0.17938757,0.16210763
375316653866487564,4070248495390072448,0.4743471,2310.2603389606334,0.5951409404701721,5.3699873E-6,18.879349,0.006484895,0.19877718,0.037279237,0.024730248,0.01051363,1.4030992,2.7784944,0.72436774,0.057130806,0.028295226,0.029624732,0.25952527,0.14216483,null,null,null,null,"TWOGAUSSIANS",8,6.1703935,0.19877718,0.037279237,0.1384894,0.058876324,1.4030992,2.7784944,0.72436774,0.057130806,0.15845327,0.1658985,0.25952527,0.14216483
375316653866487564,4070249079505679616,0.6177138,2267.939580797567,3.5463053349729683,1.0730753E-5,19.230682,0.006133844,0.2467968,0.0019911001,0.07276191,0.0034372287,0.58440745,0.014708144,0.73524797,0.005147462,0.07041574,0.0061164186,0.620759,0.11436974,null,null,null,null,"TWOGAUSSIANS",8,0.9281618,0.73524797,0.005147462,0.39432815,0.013215663,0.61872363,0.115181014,0.2467968,0.0019911001,0.4,0.0016679992,0.58237207,0.014919141
375316653866487564,4070249182583033088,0.51562816,2249.8057884162063,0.44802174425444663,2.5936286E-5,18.92943,0.010656665,0.2975445,0.017433593,0.07812775,0.021414353,0.18940751,0.064190574,0.8014754,0.0050191567,0.060627025,0.006777847,0.778663,0.20896402,null,null,null,null,"TWOGAUSSIANS",8,6.0688343,0.8014754,0.0050191567,0.33951133,0.037955947,0.777736,0.2102021,0.2975445,0.017433593,0.4,0.016581818,0.18848053,0.06559295
375316653866487564,4070249457489117824,0.5627608,2251.1083632183354,2.422852951807086,1.353512E-5,18.359213,0.005648561,0.28082776,0.0016707759,0.07401924,0.0037340962,0.45370463,0.024345996,0.7792514,0.0056008445,0.07821721,0.006179077,0.5043576,0.03176696,null,null,null,null,"TWOGAUSSIANS",8,4.8119307,0.7792514,0.0056008445,0.4,0.0,0.50014895,0.032664936,0.28082776,0.0016707759,0.4,0.0,0.449496,0.025352895
375316653866487564,4070250934938330496,0.52408254,2290.740625990187,2.7293217580311055,1.1320697E-5,18.777533,0.060797792,0.23170865,0.009279021,0.091369405,0.023408607,0.41991284,0.054948173,0.7530879,0.0062708156,0.07603105,0.016974626,0.60488886,0.06510752,null,null,null,null,"TWOGAUSSIANS",8,8.064566,0.7530879,0.0062708156,0.4,0.018546278,0.59719616,0.072077945,0.23170865,0.009279021,0.4,0.0,0.41221967,0.058630247
375316653866487564,4070250999314431616,0.47517124,2357.868808683801,4.638959879385294,2.8685507E-5,19.066807,0.018877117,0.2635226,0.011836842,0.026218357,0.021099916,0.39627242,0.13657165,0.8701352,0.0287859,0.049512826,0.018005464,0.3037233,0.12581609,null,null,null,null,"TWOGAUSSIANS",8,5.422081,0.2635226,0.011836842,0.1468228,0.11815953,0.39627242,0.13657166,0.8701352,0.0287859,0.2772718,0.1008306,0.3037233,0.12581609
375316653866487564,4070251312915510528,0.49680406,2303.205741060213,2.027926110878044,5.8837202E-5,19.669807,0.023997622,0.24646874,0.0122287,0.081723906,0.020971073,0.38161314,0.064121395,0.7477947,0.0107088685,0.08681823,0.013365016,0.26799738,0.035106473,null,null,null,null,"TWOGAUSSIANS",8,3.9597578,0.24646874,0.0122287,0.4,0.004674136,0.37400967,0.07200574,0.7477947,0.0107088685,0.4,0.0,0.26039392,0.033507515
375316653866487564,4070251725206550656,0.4917658,2253.895442750084,1.938187047636341,1.347932E-5,17.740128,0.0029593431,null,null,null,null,null,null,null,null,null,null,null,null,0.050475296,0.0047613606,0.2479985,0.004506272,"ELLIPSOIDAL",4,2.6050127,null,null,null,null,null,null,null,null,null,null,null,null
375316653866487564,4070252103163273984,0.47467113,2375.76193564499,1.786112389839529,1.9810286E-5,19.583918,0.24681148,0.37465912,0.019133294,0.13074481,0.030845385,0.34025186,0.21768674,0.79738593,0.01669802,0.12307066,0.06547132,0.2521475,0.23696288,null,null,null,null,"TWOGAUSSIANS",8,1.9441152,0.37564912,0.011252898,0.4,0.0,0.2967467,0.05854288,0.79738593,0.01669802,0.4,0.0,0.20978446,0.04114645
375316653866487564,4070252408084270720,0.6170225,2275.6175469570053,2.0444128861817688,6.8000913E-6,17.881672,0.0148050655,0.26707974,0.0019887525,0.08852625,0.0042949473,0.37466845,0.013284614,0.7747646,0.0056471485,0.10226523,0.007872843,0.30223623,0.0153817935,null,null,null,null,"TWOGAUSSIANS",8,1.7409973,0.26707974,0.0019887525,0.4,0.0,0.35540205,0.0075970893,0.7747646,0.0056471485,0.4,0.0,0.2829658,0.01106159
375316653866487564,4070253099596659968,0.5043309,2264.5813573955106,0.2532322352360983,4.9688457E-5,19.55617,0.073020585,0.24448982,0.013338954,0.12744752,0.06660339,0.15435143,0.13266295,0.77013505,0.010409011,0.04446696,0.019655723,0.8104471,0.4793222,null,null,null,null,"TWOGAUSSIANS",8,2.1947315,0.77013505,0.010570269,0.24901497,0.110072054,0.8104769,0.49344948,0.24448982,0.013338954,0.4,0.0,0.15435,0.13592726
375316653866487564,4070253649351127552,0.56246877,2266.805075336173,0.7627189778738065,1.2803344E-5,18.36862,0.0021517763,0.13252233,0.010366921,0.044190645,0.013156379,0.008900529,0.0028675748,0.617075,0.0013454207,0.03941544,0.0014896448,0.33801094,0.015524937,null,null,null,null,"TWOGAUSSIANS",8,1.6133934,0.617075,0.0013454207,0.22072648,0.008342011,0.33801094,0.015524937,0.13252233,0.010366921,0.2474676,0.07367572,0.008900528,0.0028675743
375316653866487564,4070253889870435200,0.5037621,2255.3590468516923,1.3561518681523803,1.55518E-5,19.767347,0.020339238,0.24975489,0.0075440877,0.07499526,0.011886309,0.34101826,0.0441041,0.7535221,0.05600101,0.07822774,0.042890843,0.36288157,0.15177266,null,null,null,null,"TWOGAUSSIANS",8,2.6521225,0.7535221,0.05600101,0.4,0.1782936,0.35971734,0.15209572,0.24975489,0.0075440877,0.4,0.013360948,0.33785403,0.044467878
375316653866487564,4070253958589518336,0.49166942,2197.8368655418453,0.7249433204216233,3.3463813E-5,19.496742,0.0223821,0.26731962,0.0053378013,0.06580858,0.008850917,0.24793714,0.02480859,0.7546553,0.015247286,0.091829166,0.022432785,0.21826339,0.03281233,null,null,null,null,"TWOGAUSSIANS",8,1.6207043,0.26731962,0.0053379186,0.36852807,0.049565136,0.24564981,0.022838602,0.7546553,0.015247286,0.4,0.0,0.21597585,0.032778468
375316653866487564,4070254027309488896,0.5615938,2250.3485447532116,2.893174851035812,6.542598E-6,18.75763,0.016864682,0.23993355,0.0017269229,0.07504493,0.004567137,0.41799733,0.019293644,0.72725385,0.0083920695,0.08113334,0.01275887,0.44126934,0.034388218,null,null,null,null,"TWOGAUSSIANS",8,1.9414747,0.72725385,0.0083920695,0.4,0.0,0.43734127,0.036504112,0.23993355,0.0017269229,0.4,0.0,0.4140693,0.018939998
375316653866487564,4070254474011570688,0.49967664,2248.9699027246106,1.5170733201778752,5.5593246E-5,19.31746,0.008460392,0.6145116,0.013462742,0.09487793,0.011297746,0.10718423,0.012467935,0.7260124,9.996836E-4,0.00940413,0.002249949,3.9903128,3.6907837,null,null,null,null,"TWOGAUSSIANS",8,1.1252737,0.7260124,9.996836E-4,0.05266313,0.012599714,4.044044,3.694495,0.6145116,0.013462742,0.4,0.0,0.10718403,0.012467847
375316653866487564,4070254680184382976,0.5046773,2323.032587129705,0.9089291421152146,8.0484024E-5,17.854197,0.008844098,0.3428407,3.641738E-4,0.013879003,9.896248E-4,0.7288819,0.0773129,0.508109,0.01379122,0.047411855,0.021228584,0.023613453,0.009108688,0.014423741,0.010956351,0.508109,0.01379122,"TWOGAUSSIANS_WITH_ELLIPSOIDAL_ON_ECLIPSE2",9,1.3948313,0.3428807,3.8548757E-4,0.077722415,0.005541899,0.73637205,0.075902924,0.508109,0.01379122,0.2655064,0.11888007,0.052460883,0.020254396
375316653866487564,4070256226335332992,0.4648406,2224.851788542604,0.34144666611213265,3.3787044E-5,19.535343,0.13451436,0.20220968,0.018713312,0.10069305,0.045040626,0.4012351,0.11926303,0.64864814,0.015488,0.05945064,0.02608974,0.4702776,1.4401109,null,null,null,null,"TWOGAUSSIANS",8,7.2126026,0.64864814,0.015488,0.3329236,0.14429735,0.46821588,1.4418474,0.20220968,0.018713312,0.4,0.0,0.39915168,0.099206045
375316653866487564,4070256771768196352,0.5011735,2347.9556651124553,0.36585622897005043,4.2004365E-5,19.22624,0.053615253,0.28525957,0.012648007,0.06968552,0.020057593,0.26482666,0.055478163,0.8156436,0.019729905,0.0928348,0.02950095,0.30998003,0.050018836,null,null,null,null,"TWOGAUSSIANS",8,1.7636231,0.8156436,0.019729905,0.4,0.0,0.30718854,0.043136716,0.28525957,0.012645507,0.3902389,0.085960925,0.26203606,0.04782354
375316653866487564,4070256810474218112,0.5410117,2307.2215302858376,0.13003895558546497,2.7309528E-5,19.344225,0.008795104,0.31020248,0.009568293,0.09015176,0.0073128534,0.30934608,0.029164823,0.65046537,0.017991683,0.035118405,0.022652574,0.5666863,511.35397,null,null,null,null,"TWOGAUSSIANS",8,1.5606519,0.65046537,0.017991683,0.19666307,0.1268544,0.5669351,511.35413,0.31020248,0.009568293,0.4,0.0,0.30934542,0.029165003
375316653866487564,4070256840502858624,0.4586654,2388.2184880698464,1.3886693073775749,3.7553007E-5,18.13213,0.3826324,0.33053267,0.022251222,0.096892856,0.042256534,0.58933,0.61382496,0.6943165,0.08199999,0.18102983,0.12439654,0.30445638,0.37366417,null,null,null,null,"TWOGAUSSIANS",8,5.4102654,0.33798268,0.01965289,0.4,0.0358774,0.58009416,0.63228106,0.6943165,0.08199999,0.4,0.0,0.25305244,0.12699914
375316653866487564,4070256947890295040,0.43475682,2358.918046462079,0.9589512012563985,1.8479188E-5,18.48597,0.07903895,0.3344466,0.005418412,0.07523772,0.011890983,0.5823856,0.08053461,0.8012452,0.070831224,0.110445455,0.101286836,0.28180125,10.835014,null,null,null,null,"TWOGAUSSIANS",8,10.127584,0.3344566,0.005293565,0.4,0.0,0.5706312,0.06268598,0.8012452,0.070831224,0.4,0.21810046,0.27000713,10.850282
375316653866487564,4070257046645652352,0.5655482,2314.5940857667792,1.1589988787138867,6.9057955E-5,17.35816,0.0024194426,0.4167278,0.014113756,0.07088383,0.008461742,0.22925504,0.035118893,null,null,null,null,null,null,null,null,null,null,"ONEGAUSSIAN",5,2.516316,0.4167278,0.014113756,0.39694947,0.013035813,0.22925504,0.0,null,null,null,null,null,null
375316653866487564,4070257050992476416,0.48105484,2374.9374797643554,1.278670330445837,5.492287E-5,19.6197,0.025870575,0.32275817,0.0041653933,0.07553507,0.009903067,0.5201036,0.06684634,0.71731794,0.04399817,0.13434409,0.041504554,0.1312056,0.045871336,null,null,null,null,"TWOGAUSSIANS",8,3.441778,0.32317817,0.0037146911,0.4,0.017659403,0.5157662,0.06932401,0.71731794,0.04399817,0.4,0.0,0.12509805,0.046519473
375316653866487564,4070257355860799488,0.5970911,2298.4433385655034,2.445729787355079,2.4536961E-5,16.97442,0.0068974826,0.23502523,0.009939592,0.080106646,0.011747051,0.357755,0.09915128,0.7345907,0.006710082,0.07379063,0.008117466,0.39121288,0.013801823,null,null,null,null,"TWOGAUSSIANS",8,14.316676,0.7345907,0.006710082,0.4,0.0067938394,0.38744032,0.013782768,0.23502523,0.009939592,0.4,0.0,0.35398245,0.10112925
375316653866487564,4070257428927104256,0.50733095,2304.1249727758895,0.3941455177455407,3.361768E-5,19.615292,0.1032372,0.4035026,0.012093405,0.07161127,0.034837298,0.4199736,0.16828299,0.8459816,0.033963643,0.034705583,0.10443037,0.06308722,0.09285451,null,null,null,null,"TWOGAUSSIANS",8,1.8591009,0.4035026,0.012093848,0.4,0.055298578,0.41997316,0.17159218,0.8459816,0.033963643,0.19435127,0.2734327,0.06308677,0.07047949
375316653866487564,4070257566365833088,0.46117795,2330.0550804419413,0.09707624797061472,4.0535277E-5,18.411123,0.013564871,0.36843073,0.017696159,0.069284245,0.016072946,0.3057138,0.05582259,0.8728607,0.008393143,0.055780843,0.007026564,0.2917449,0.033886705,null,null,null,null,"TWOGAUSSIANS",8,5.66423,0.36843073,0.017696159,0.38799176,0.06784184,0.30553913,0.05603657,0.8728607,0.008393143,0.3123727,0.039348755,0.29157025,0.033882465
375316653866487564,4070257806921191168,0.460419,2291.085886653772,0.7777812889966248,6.69413E-5,19.261444,0.091786854,0.28605196,0.008280709,0.13203338,0.03919761,0.24042132,0.087763056,0.82024866,0.09163848,0.06679347,0.04246251,0.30572045,0.28623748,null,null,null,null,"TWOGAUSSIANS",8,1.9413544,0.8204087,0.092217766,0.37404343,0.20700999,0.29309818,0.2759758,0.28605196,0.008280709,0.4,0.0,0.22725438,0.041995358
375316653866487564,4070258047400484480,0.49948823,2264.772176327601,1.203450789061007,5.2439977E-5,19.228344,0.028123977,0.17368045,0.014218829,0.08184571,0.031293843,0.19388346,0.01827941,0.67405915,0.035051204,0.07760768,0.033333786,0.17921065,0.116660364,null,null,null,null,"TWOGAUSSIANS",8,2.244166,0.17368045,0.014218829,0.4,0.0,0.19117038,0.019919863,0.67405915,0.035053328,0.4,0.12558156,0.17649756,0.11806489
