Gaia/vari_eclipsing_binary/VariEclipsingBinary_481687-481820.csv
# %ECSV 1.0
# ---
# delimiter: ','
# meta: !!omap
# - RELEASE: Gaia DR3
# - TABLE: vari_eclipsing_binary
# - DESCRIPTION: >
#     This table describes the properties of the eclipsing binaries resulting from the variability analysis. 
# - CITATION: >
#     How to cite and acknowledge Gaia: 
#     https://gea.esac.esa.int/archive/documentation/credits.html 
# - KNOWN_ISSUES: >
#     Known issues: 
#     https://www.cosmos.esa.int/web/gaia-users/known-issues 
# - DOCUMENTATION: >
#     Tutorials and documentation: 
#     https://www.cosmos.esa.int/web/gaia-users/archive 
# datatype:
# - 
#   name: solution_id
#   datatype: int64
#   description: Solution Identifier
#   meta:
#     ucd: meta.version
# - 
#   name: source_id
#   datatype: int64
#   description: Unique source identifier
#   meta:
#     ucd: meta.id;meta.main
# - 
#   name: global_ranking
#   datatype: float32
#   description: Number between 0 (worst) and 1 (best)
#   meta:
#     ucd: stat.param
# - 
#   name: reference_time
#   datatype: float64
#   unit: d
#   description: Reference time used for the geometric model fit
#   meta:
#     ucd: time.epoch
# - 
#   name: frequency
#   datatype: float64
#   unit: d**-1
#   description: Frequency of geometric model of the eclipsing binary light curve
#   meta:
#     ucd: src.orbital
# - 
#   name: frequency_error
#   datatype: float32
#   unit: d**-1
#   description: "Uncertainty of \\texttt{frequency}"
#   meta:
#     ucd: stat.error
# - 
#   name: geom_model_reference_level
#   datatype: float32
#   unit: mag
#   description: Magnitude reference level of geometric model
#   meta:
#     ucd: phot.mag;em.opt
# - 
#   name: geom_model_reference_level_error
#   datatype: float32
#   unit: mag
#   description: "Uncertainty of \\texttt{geomModelReferenceLevel}"
#   meta:
#     ucd: stat.error;phot.mag;em.opt
# - 
#   name: geom_model_gaussian1_phase
#   datatype: float32
#   description: Phase of the Gaussian 1 component
#   meta:
#     ucd: time.phase
# - 
#   name: geom_model_gaussian1_phase_error
#   datatype: float32
#   description: "Uncertainty of \\texttt{geomModelGaussian1Phase}"
#   meta:
#     ucd: stat.error;time.phase
# - 
#   name: geom_model_gaussian1_sigma
#   datatype: float32
#   description: "Standard deviation [phase] of Gaussian 1 component"
#   meta:
#     ucd: stat.stdev
# - 
#   name: geom_model_gaussian1_sigma_error
#   datatype: float32
#   description: "Uncertainty of \\texttt{geomModelGaussian1Sigma}"
#   meta:
#     ucd: stat.error
# - 
#   name: geom_model_gaussian1_depth
#   datatype: float32
#   unit: mag
#   description: Magnitude depth of Gaussian 1 component
#   meta:
#     ucd: src.var.amplitude
# - 
#   name: geom_model_gaussian1_depth_error
#   datatype: float32
#   unit: mag
#   description: "Uncertainty of \\texttt{geomModelGaussian1Depth}"
#   meta:
#     ucd: stat.error;src.var.amplitude
# - 
#   name: geom_model_gaussian2_phase
#   datatype: float32
#   description: Phase of Gaussian 2 component
#   meta:
#     ucd: time.phase
# - 
#   name: geom_model_gaussian2_phase_error
#   datatype: float32
#   description: "Uncertainty of \\texttt{geomModelGaussian2Phase}"
#   meta:
#     ucd: stat.error;time.phase
# - 
#   name: geom_model_gaussian2_sigma
#   datatype: float32
[...]
#   datatype: float32
#   description: "Secondary eclipse: uncertainty of \\texttt{derivedSecondaryEclDuration}"
#   meta:
#     ucd: stat.error;time.duration
# - 
#   name: derived_secondary_ecl_depth
#   datatype: float32
#   unit: mag
#   description: "Secondary eclipse: depth"
#   meta:
#     ucd: src.var.amplitude
# - 
#   name: derived_secondary_ecl_depth_error
#   datatype: float32
#   unit: mag
#   description: "Secondary eclipse: uncertainty of \\texttt{derivedSecondaryEclDepth}"
#   meta:
#     ucd: stat.error;src.var.amplitude
solution_id,source_id,global_ranking,reference_time,frequency,frequency_error,geom_model_reference_level,geom_model_reference_level_error,geom_model_gaussian1_phase,geom_model_gaussian1_phase_error,geom_model_gaussian1_sigma,geom_model_gaussian1_sigma_error,geom_model_gaussian1_depth,geom_model_gaussian1_depth_error,geom_model_gaussian2_phase,geom_model_gaussian2_phase_error,geom_model_gaussian2_sigma,geom_model_gaussian2_sigma_error,geom_model_gaussian2_depth,geom_model_gaussian2_depth_error,geom_model_cosine_half_period_amplitude,geom_model_cosine_half_period_amplitude_error,geom_model_cosine_half_period_phase,geom_model_cosine_half_period_phase_error,model_type,num_model_parameters,reduced_chi2,derived_primary_ecl_phase,derived_primary_ecl_phase_error,derived_primary_ecl_duration,derived_primary_ecl_duration_error,derived_primary_ecl_depth,derived_primary_ecl_depth_error,derived_secondary_ecl_phase,derived_secondary_ecl_phase_error,derived_secondary_ecl_duration,derived_secondary_ecl_duration_error,derived_secondary_ecl_depth,derived_secondary_ecl_depth_error
[from data line 253]
375316653866487564,4237597944665015168,0.5027847,2050.571962270767,3.267931656511757,2.3774497E-5,18.484333,0.022200387,0.27705365,0.0068316725,0.09710613,0.011404919,0.2189845,0.023267964,0.76177144,0.0049922634,0.086880006,0.016745858,0.23088422,0.019733937,null,null,null,null,"TWOGAUSSIANS",8,3.9545362,0.76177144,0.0049922634,0.4,0.0,0.22200999,0.023586592,0.27705365,0.0068316725,0.4,0.0,0.21010928,0.016211178
375316653866487564,4237598563140355072,0.4490047,2050.9608889803885,2.71809034860952,3.6450187E-5,17.121475,0.0047909156,0.2954621,0.014217076,0.013284592,0.013695393,0.07631443,0.077692024,0.8068105,0.0100641055,0.042894423,0.042885993,0.025928095,0.02856217,0.040113676,0.009024548,0.8068105,0.0100641055,"TWOGAUSSIANS_WITH_ELLIPSOIDAL_ON_ECLIPSE2",9,27.117426,0.2956221,0.013921291,0.07439371,0.0766942,0.15614022,0.08036878,0.8068105,0.0100641055,0.24020876,0.24016155,0.106155254,0.027903905
375316653866487564,4237601105761000704,0.45810384,2061.788465155365,0.07706281128923968,5.0314353E-5,15.667339,0.004478579,0.40383327,0.0040387725,0.0151213445,0.0069024116,1.0707103,6.449285,0.86183167,0.016480647,0.046786774,0.007924765,0.037955854,0.006391975,null,null,null,null,"TWOGAUSSIANS",8,139.16943,0.40383327,0.0040387725,0.08467953,0.038653504,1.0707103,6.449285,0.86183167,0.016480647,0.26200593,0.044378687,0.037955854,0.006391975
375316653866487564,4237603407863565696,0.53069425,2047.024685130881,2.9481095741938086,2.9459208E-5,15.635086,0.03005908,0.26289952,0.007491196,0.094324,0.017810538,0.214952,0.026812831,0.75039107,0.004983876,0.10735489,0.01537592,0.2645594,0.024533033,null,null,null,null,"TWOGAUSSIANS",8,83.84377,0.75039107,0.004983876,0.4,0.0,0.24558727,0.011877275,0.26290953,0.007519504,0.4,0.0,0.19599125,0.010514494
375316653866487564,4237603682741415168,0.6046114,2048.0148055901827,3.779817907115189,2.8444877E-6,18.550976,0.028461274,0.24337392,0.0045365966,0.048202775,0.009357139,0.46136126,0.063851856,0.73629576,0.0014128487,0.048131466,0.0064467415,0.36739618,0.051838294,0.12683481,0.035498578,0.24337392,0.0045365966,"TWOGAUSSIANS_WITH_ELLIPSOIDAL_ON_ECLIPSE1",9,4.5528173,0.24337392,0.0045365966,0.26993555,0.052399974,0.715029,0.033083815,0.73708576,9.636024E-4,0.2695362,0.03610175,0.62061864,0.021791574
375316653866487564,4237606083616601472,0.50108606,2004.7873179552969,3.5469842720679248,1.8361407E-5,19.717773,0.0200888,0.25360563,0.0029980207,0.08408277,0.0077830493,0.3492587,0.026980523,0.75721085,0.007456704,0.08601,0.010560399,0.33112973,0.028895985,null,null,null,null,"TWOGAUSSIANS",8,1.5868329,0.25360563,0.0029980207,0.4,0.0,0.34076932,0.026126586,0.75721085,0.007456704,0.4,0.0,0.32264033,0.026826082
375316653866487564,4237612852485271680,0.585298,2091.83195695739,2.964770915165623,1.2260587E-5,15.989502,0.012789545,0.21473783,0.004735529,0.09030966,0.0069267955,0.30231947,0.012905004,0.70347315,0.0035815549,0.093467705,0.008846793,0.30055723,0.013711979,null,null,null,null,"TWOGAUSSIANS",8,22.176344,0.21473783,0.004735529,0.4,0.0,0.2897438,0.009179746,0.70347315,0.0035815549,0.4,0.0,0.28798127,0.017236441
375316653866487564,4237615743006304128,0.4614956,2045.4900401695927,0.10623293588443156,4.6496258E-5,15.919584,0.002853652,0.2565506,0.008128522,0.09784666,0.017323038,0.030993298,0.004005484,0.74042994,0.008139948,0.069081955,0.01761356,0.029437913,0.0042992854,null,null,null,null,"TWOGAUSSIANS",8,2.4603999,0.2565506,0.008128522,0.4,0.0,0.030491857,0.004069025,0.74042994,0.008139948,0.38685894,0.05466035,0.02893665,0.004601115
375316653866487564,4237621618521651072,0.4557822,2068.629360703051,4.3454828847480504,2.9458568E-5,18.429533,0.2307804,0.24627565,0.014769568,0.22855587,0.17765762,0.20000044,0.22848214,0.7619698,0.012074914,0.12106757,0.038756847,0.20162202,0.14561264,null,null,null,null,"TWOGAUSSIANS",8,2.632282,0.7657098,0.009298148,0.4,0.0,0.11242974,0.014185514,0.24589565,0.014224751,0.4,0.0,0.07397757,0.010597299
375316653866487564,4237623302141041792,0.42512423,2044.7943057720527,3.719105425865111,2.3876679E-4,19.881102,0.09061093,0.26472968,0.048749775,0.0464052,0.093684025,0.20770557,0.049533904,0.7244604,0.013021477,0.07865573,0.043133587,0.20405911,0.08614887,null,null,null,null,"TWOGAUSSIANS",8,4.878489,0.26472968,0.048749775,0.25986913,0.29856998,0.20767045,0.060791638,0.7244604,0.013021477,0.4,0.06241128,0.20402399,0.06801959
375316653866487564,4237626424582100352,0.543428,2100.900993801951,4.183951888654048,1.5980237E-5,19.447899,0.01121826,0.21783507,0.005794118,0.07869695,0.0063975505,0.3129473,0.021360239,0.71953803,0.0040447954,0.060059458,0.0033582,0.7694464,0.06640185,null,null,null,null,"TWOGAUSSIANS",8,1.8161387,0.71953803,0.0040447954,0.33633298,0.01880592,0.7681376,0.06671459,0.21783507,0.005794118,0.4,0.0,0.3116385,0.021321455
375316653866487564,4237631033090151808,0.50822663,2105.929452581495,0.08332045291141846,1.9277442E-5,17.6186,0.09234837,0.28614467,0.012185612,0.30506518,0.10991922,0.122031994,0.0895389,0.69056964,0.00490682,0.08238791,0.00406562,0.17160788,0.013471028,null,null,null,null,"TWOGAUSSIANS",8,2.1084983,0.69056964,0.00490682,0.4,0.0,0.16343896,0.012750792,0.28619465,0.012182206,0.4,0.0,0.046165105,0.004045284
375316653866487564,4237636015252147840,0.6011986,2073.982410002739,2.629557837953127,4.5808006E-6,16.4295,0.0037430646,0.2738079,0.0015473007,0.09666089,0.0026707002,0.24399874,0.004312106,0.7740714,0.0016413373,0.087376036,0.0028135069,0.2539356,0.007606828,null,null,null,null,"TWOGAUSSIANS",8,4.5861278,0.7740714,0.0016413373,0.4,0.0,0.24159305,0.008333437,0.2738079,0.0015473007,0.4,0.0,0.23165546,0.0040632165
375316653866487564,4237636255770331136,0.5939417,2111.05813263774,1.688447611408819,8.165785E-6,16.389324,0.010784048,0.30145073,0.00416211,0.12338128,0.00966361,0.15099315,0.010707546,0.8109854,0.0016125285,0.10491479,0.0051821745,0.16723274,0.01003957,null,null,null,null,"TWOGAUSSIANS",8,3.0495412,0.8110354,0.0015868739,0.4,0.0,0.14123793,0.004029479,0.30144075,0.004169878,0.4,0.0,0.12491678,0.0039236043
375316653866487564,4237636255770332160,0.65414184,2067.3803517457754,3.474574474317001,3.7718007E-6,16.654495,0.0055221124,0.20258605,7.614413E-4,0.03962567,0.002202716,0.36129066,0.017314792,0.7095168,0.0016680422,0.04548924,0.0028619051,0.3792985,0.012675589,0.12601064,0.008763067,0.20258605,7.614413E-4,"TWOGAUSSIANS_WITH_ELLIPSOIDAL_ON_ECLIPSE1",9,13.100307,0.7095168,0.0016680422,0.25473976,0.016026668,0.630842,0.009386341,0.20258605,7.614413E-4,0.22190376,0.012335209,0.61331177,0.017257227
375316653866487564,4237637733239163520,0.52006245,2093.4508675540487,4.444035135663692,1.049844E-5,18.646627,0.019986728,0.28009745,0.0067663495,0.09187921,0.008819615,0.321033,0.028719332,0.79857975,0.0030182803,0.07869069,0.005063634,0.42990646,0.02177685,null,null,null,null,"TWOGAUSSIANS",8,7.497323,0.79857975,0.0030182803,0.4,0.0,0.42271084,0.019531624,0.28009745,0.0067663495,0.4,0.0,0.313837,0.027410274
375316653866487564,4237645326742030208,0.5510163,2080.283619180774,2.435430280221461,6.061042E-6,17.19763,0.009416593,0.20914993,0.004084047,0.077227294,0.003754173,0.39957362,0.015787147,0.7052223,0.0014437459,0.06942357,0.0027514545,0.54238546,0.021782825,null,null,null,null,"TWOGAUSSIANS",8,20.61047,0.7052223,0.0014437459,0.38877198,0.015408144,0.53987336,0.021972641,0.20914993,0.004084047,0.4,0.0,0.39706156,0.015508301
375316653866487564,4237647899420456320,0.4526965,2007.9046243505277,3.854527564177238,4.9341685E-5,19.143572,0.016783087,0.2486479,0.008305124,0.1022108,0.016653905,0.13339333,0.01640593,0.6819247,0.015853062,0.08247957,0.021806112,0.12314127,0.025092592,null,null,null,null,"TWOGAUSSIANS",8,2.0418544,0.2486479,0.008304492,0.4,0.0,0.13108416,0.013669452,0.6819247,0.015853062,0.4,0.0,0.120848715,0.02433451
375316653866487564,4237653362619314176,0.45764655,2091.6703755193685,2.042247081477644,8.6177984E-5,16.037424,0.011761665,0.3594642,0.015911367,0.095401265,0.02700427,0.1521228,0.024193237,0.83893025,0.0025843154,0.02551307,0.008067965,0.21219982,0.087497935,null,null,null,null,"TWOGAUSSIANS",8,152.32999,0.83893025,0.0025843154,0.14287318,0.0451806,0.21217485,0.0875315,0.3594642,0.015911367,0.4,0.0,0.15209727,0.024232052
375316653866487564,4237659860911125504,0.5564643,2085.78928449044,1.3275683516704078,8.772444E-6,17.194921,0.005992023,0.5667345,0.00233087,0.035495676,0.0018559318,0.5242824,0.017619433,0.7827427,0.013629697,0.041632406,0.01423544,0.05634722,0.012187731,null,null,null,null,"TWOGAUSSIANS",8,33.368065,0.5667345,0.00233087,0.1987758,0.010393218,0.52428246,0.017619543,0.7827427,0.013629697,0.23314148,0.07971846,0.05634723,0.012187739
375316653866487564,4237662781488901760,0.63990426,2098.273606257274,3.584170379446718,5.34597E-6,17.205133,0.013410552,0.30974084,0.001209136,0.057844974,0.0032888972,0.50517523,0.028347226,0.8041059,0.0031281337,0.05346695,0.005209425,0.38480172,0.028732635,0.08877525,0.016352922,0.30974084,0.001209136,"TWOGAUSSIANS_WITH_ELLIPSOIDAL_ON_ECLIPSE1",9,11.285527,0.30974084,0.001209136,0.32393184,0.018417824,0.68267584,0.015664278,0.8046359,0.0028187165,0.2994149,0.029172778,0.5621008,0.01640102
375316653866487564,4237669962674367872,0.54283667,2115.530303392953,3.5089310186748506,1.7706221E-5,17.719648,0.018550212,0.23457904,0.0033283364,0.09738837,0.008226471,0.27977514,0.018964125,0.7100137,0.0069225184,0.10571241,0.01385718,0.23441435,0.014870928,null,null,null,null,"TWOGAUSSIANS",8,4.7520666,0.23458904,0.0033319758,0.4,0.0,0.26165935,0.015081955,0.7100137,0.0069225184,0.4,0.0,0.21629003,0.009721877
375316653866487564,4237670198891745152,0.4785145,2073.900835187383,0.3961080938724272,4.027809E-5,18.056854,0.0040687183,0.65908146,0.022239393,0.024401324,0.020409487,0.06016313,1.2988561,0.8893666,0.0083559165,0.026928023,0.007374518,0.15403605,0.010567911,null,null,null,null,"TWOGAUSSIANS",8,5.105916,0.8893666,0.0083559165,0.15079692,0.0412973,0.15403605,0.010567911,0.65908146,0.022239393,0.13664742,0.114293136,0.06016313,1.2988561
375316653866487564,4237671371423653248,0.5800656,2075.818863600734,3.3117407145540403,9.094077E-6,18.148382,0.014179802,0.1847403,0.0028089164,0.047790967,0.0049946187,0.352949,0.0432826,0.69257706,0.0033720508,0.0450166,0.006639293,0.25806308,0.029488465,0.1159305,0.017070273,0.1847403,0.0028089164,"TWOGAUSSIANS_WITH_ELLIPSOIDAL_ON_ECLIPSE1",9,8.971577,0.1847403,0.0028089164,0.2676294,0.027969865,0.58480906,0.028647278,0.69257706,0.0033720508,0.25209296,0.03718004,0.4893615,0.019120507
375316653866487564,4237673433008042624,0.52594817,2131.0317261503524,2.5545436681589178,1.3101064E-5,17.24982,0.007796662,0.14844918,0.0035399583,0.09995104,0.007976323,0.10831822,0.0075677503,0.65154654,0.005414595,0.10183145,0.01169215,0.10792138,0.0071056457,null,null,null,null,"TWOGAUSSIANS",8,2.670491,0.14844918,0.0035399583,0.4,0.0,0.0986581,0.0038372544,0.65154654,0.005414595,0.4,0.0,0.098260805,0.004926252
375316653866487564,4237675662090630272,0.54599845,2120.0072878087694,1.6629191481210603,7.1827394E-6,18.760096,0.0041561974,0.09761333,0.0020254713,0.028634645,0.002872218,0.44749758,0.06797303,0.5969399,0.001789057,0.024183957,0.0017313319,0.44459274,0.05122136,null,null,null,null,"TWOGAUSSIANS",8,2.0183578,0.09761333,0.0020254713,0.16035402,0.016084421,0.44749758,0.06797303,0.5969399,0.001789057,0.13543016,0.009695458,0.44459274,0.05122136
375316653866487564,4237677384378254592,0.54984134,2119.0312391365487,2.8961693038469116,1.23132595E-5,16.663387,0.006178093,0.22485687,0.004875041,0.08386928,0.006148555,0.19919828,0.01259988,0.72356254,0.005933164,0.09223231,0.009999246,0.21574071,0.017290853,null,null,null,null,"TWOGAUSSIANS",8,14.795469,0.72356254,0.005933164,0.4,0.0,0.2085234,0.01954938,0.22485687,0.004875041,0.4,0.0,0.19198114,0.012959705
375316653866487564,4237677831054850688,0.6185824,2114.0939020472597,3.258246045304514,9.860288E-6,16.201662,0.013322558,0.2502648,0.0015663333,0.057616916,0.0038545174,0.4385282,0.037125718,0.7490561,0.002063424,0.051510558,0.0045764823,0.307826,0.027398668,0.08033304,0.01634197,0.2502648,0.0015663333,"TWOGAUSSIANS_WITH_ELLIPSOIDAL_ON_ECLIPSE1",9,19.697916,0.2502648,0.0015663333,0.32265472,0.021585297,0.5991566,0.033855014,0.7491761,0.0018276357,0.28845912,0.025628302,0.46844605,0.008088696
375316653866487564,4237682087358607232,0.61774474,2093.2949218096073,2.494651109802895,3.377672E-6,17.468466,0.01409642,0.1989421,0.0013812805,0.05533809,0.003480667,0.30010223,0.030231388,0.69938874,8.644487E-4,0.061554655,0.0023135566,0.4573803,0.029620286,0.05607415,0.016273776,0.1989421,0.0013812805,"TWOGAUSSIANS_WITH_ELLIPSOIDAL_ON_ECLIPSE1",9,8.273414,0.69938874,8.622821E-4,0.34470606,0.012955918,0.5694025,0.010694316,0.1989421,0.0013812805,0.3098933,0.019491734,0.41212535,0.012085187
375316653866487564,4237685111015619968,0.4604069,2095.0556805381925,2.978479138562594,2.5848847E-5,17.506325,0.006069872,0.25686926,0.011184636,0.01390398,0.013546601,0.07294412,4.77348659E11,0.6957558,0.018946333,0.0586716,0.06214523,0.032123446,0.012365527,0.053882655,0.006710788,0.25686926,0.011184636,"TWOGAUSSIANS_WITH_ELLIPSOIDAL_ON_ECLIPSE1",9,16.537386,0.25686926,0.011184636,0.07786229,0.07586096,0.18070933,4.77348659E11,0.7266558,0.022144394,0.32856095,0.15470496,0.13189149,0.00692053
375316653866487564,4237686180471293952,0.5359902,2078.366448548818,1.6265880644709847,3.2506858E-5,18.333673,0.006102872,0.31892428,0.0037525638,0.03791125,0.0032153998,0.27024576,0.020562842,0.8299276,0.0020084477,0.0341104,0.0036511673,0.36872533,0.037389338,0.030324008,0.010223053,0.31892428,0.0037525638,"TWOGAUSSIANS_WITH_ELLIPSOIDAL_ON_ECLIPSE1",9,5.3620424,0.8299276,0.0020084477,0.19101825,0.020446537,0.42908388,0.04349255,0.31892428,0.0037525638,0.21230301,0.01800624,0.33089373,0.023263589
375316653866487564,4237687383062110080,0.66125023,2061.528692372719,3.8283840858097267,2.7585465E-6,16.020435,0.008719558,0.30158544,0.001410944,0.048982456,0.0021524718,0.43216598,0.020611353,0.8066284,6.834101E-4,0.044418,0.0023083908,0.39363152,0.026398905,0.13148132,0.012246844,0.8066284,6.834101E-4,"TWOGAUSSIANS_WITH_ELLIPSOIDAL_ON_ECLIPSE2",9,18.980223,0.30210546,0.0012582314,0.27430174,0.012053843,0.6948913,0.007853922,0.8066284,6.834101E-4,0.2487408,0.012926988,0.6565935,0.023456566
375316653866487564,4237687825436821888,0.48767373,2090.5261761335355,2.225246520602204,1.3385547E-5,19.382555,0.0071103848,0.31081802,0.0025745975,0.0411706,0.005015086,0.30035365,0.057586163,0.79463947,0.004067594,0.035181385,0.0033081959,0.24019644,0.035192303,null,null,null,null,"TWOGAUSSIANS",8,3.0008998,0.31081802,0.0025745975,0.23055537,0.028084481,0.30035365,0.057586163,0.79463947,0.004067594,0.19701575,0.018525897,0.24019644,0.035192303
375316653866487564,4237688787509598848,0.51680267,2048.60320748717,3.416941585857541,1.6080427E-5,18.692392,0.015206044,0.19496743,0.004935278,0.09032902,0.00969251,0.2341743,0.013711506,0.68695486,0.0075723142,0.091475956,0.010195073,0.25916514,0.017729381,null,null,null,null,"TWOGAUSSIANS",8,2.812302,0.68695486,0.0075723142,0.4,0.0,0.24922968,0.012817128,0.19496743,0.004935278,0.4,0.0,0.2242389,0.010411338
375316653866487564,4237694632967112704,0.4996584,2100.503393262132,0.19566231254178,1.3166926E-5,13.520327,0.011872305,0.3257077,0.004094209,0.078661546,0.008830576,0.12806936,0.012172608,0.83166736,0.009627198,0.05709786,0.014566799,0.21421105,0.013314998,null,null,null,null,"TWOGAUSSIANS",8,459.4023,0.83166736,0.009627198,0.319748,0.081574075,0.21391039,0.013329817,0.3257077,0.004094209,0.4,0.0,0.1277687,0.011467343
