Gaia/vari_eclipsing_binary/VariEclipsingBinary_097403-098884.csv
# %ECSV 1.0
# ---
# delimiter: ','
# meta: !!omap
# - RELEASE: Gaia DR3
# - TABLE: vari_eclipsing_binary
# - DESCRIPTION: >
#     This table describes the properties of the eclipsing binaries resulting from the variability analysis. 
# - CITATION: >
#     How to cite and acknowledge Gaia: 
#     https://gea.esac.esa.int/archive/documentation/credits.html 
# - KNOWN_ISSUES: >
#     Known issues: 
#     https://www.cosmos.esa.int/web/gaia-users/known-issues 
# - DOCUMENTATION: >
#     Tutorials and documentation: 
#     https://www.cosmos.esa.int/web/gaia-users/archive 
# datatype:
# - 
#   name: solution_id
#   datatype: int64
#   description: Solution Identifier
#   meta:
#     ucd: meta.version
# - 
#   name: source_id
#   datatype: int64
#   description: Unique source identifier
#   meta:
#     ucd: meta.id;meta.main
# - 
#   name: global_ranking
#   datatype: float32
#   description: Number between 0 (worst) and 1 (best)
#   meta:
#     ucd: stat.param
# - 
#   name: reference_time
#   datatype: float64
#   unit: d
#   description: Reference time used for the geometric model fit
#   meta:
#     ucd: time.epoch
# - 
#   name: frequency
#   datatype: float64
#   unit: d**-1
#   description: Frequency of geometric model of the eclipsing binary light curve
#   meta:
#     ucd: src.orbital
# - 
#   name: frequency_error
#   datatype: float32
#   unit: d**-1
#   description: "Uncertainty of \\texttt{frequency}"
#   meta:
#     ucd: stat.error
# - 
#   name: geom_model_reference_level
#   datatype: float32
#   unit: mag
#   description: Magnitude reference level of geometric model
#   meta:
#     ucd: phot.mag;em.opt
# - 
#   name: geom_model_reference_level_error
#   datatype: float32
#   unit: mag
#   description: "Uncertainty of \\texttt{geomModelReferenceLevel}"
#   meta:
#     ucd: stat.error;phot.mag;em.opt
# - 
#   name: geom_model_gaussian1_phase
#   datatype: float32
#   description: Phase of the Gaussian 1 component
#   meta:
#     ucd: time.phase
# - 
#   name: geom_model_gaussian1_phase_error
#   datatype: float32
#   description: "Uncertainty of \\texttt{geomModelGaussian1Phase}"
#   meta:
#     ucd: stat.error;time.phase
# - 
#   name: geom_model_gaussian1_sigma
#   datatype: float32
#   description: "Standard deviation [phase] of Gaussian 1 component"
#   meta:
#     ucd: stat.stdev
# - 
#   name: geom_model_gaussian1_sigma_error
#   datatype: float32
#   description: "Uncertainty of \\texttt{geomModelGaussian1Sigma}"
#   meta:
#     ucd: stat.error
# - 
#   name: geom_model_gaussian1_depth
#   datatype: float32
#   unit: mag
#   description: Magnitude depth of Gaussian 1 component
#   meta:
#     ucd: src.var.amplitude
# - 
#   name: geom_model_gaussian1_depth_error
#   datatype: float32
#   unit: mag
#   description: "Uncertainty of \\texttt{geomModelGaussian1Depth}"
#   meta:
#     ucd: stat.error;src.var.amplitude
# - 
#   name: geom_model_gaussian2_phase
#   datatype: float32
#   description: Phase of Gaussian 2 component
#   meta:
#     ucd: time.phase
# - 
#   name: geom_model_gaussian2_phase_error
#   datatype: float32
#   description: "Uncertainty of \\texttt{geomModelGaussian2Phase}"
#   meta:
#     ucd: stat.error;time.phase
# - 
#   name: geom_model_gaussian2_sigma
#   datatype: float32
[...]
#   datatype: float32
#   description: "Secondary eclipse: uncertainty of \\texttt{derivedSecondaryEclDuration}"
#   meta:
#     ucd: stat.error;time.duration
# - 
#   name: derived_secondary_ecl_depth
#   datatype: float32
#   unit: mag
#   description: "Secondary eclipse: depth"
#   meta:
#     ucd: src.var.amplitude
# - 
#   name: derived_secondary_ecl_depth_error
#   datatype: float32
#   unit: mag
#   description: "Secondary eclipse: uncertainty of \\texttt{derivedSecondaryEclDepth}"
#   meta:
#     ucd: stat.error;src.var.amplitude
solution_id,source_id,global_ranking,reference_time,frequency,frequency_error,geom_model_reference_level,geom_model_reference_level_error,geom_model_gaussian1_phase,geom_model_gaussian1_phase_error,geom_model_gaussian1_sigma,geom_model_gaussian1_sigma_error,geom_model_gaussian1_depth,geom_model_gaussian1_depth_error,geom_model_gaussian2_phase,geom_model_gaussian2_phase_error,geom_model_gaussian2_sigma,geom_model_gaussian2_sigma_error,geom_model_gaussian2_depth,geom_model_gaussian2_depth_error,geom_model_cosine_half_period_amplitude,geom_model_cosine_half_period_amplitude_error,geom_model_cosine_half_period_phase,geom_model_cosine_half_period_phase_error,model_type,num_model_parameters,reduced_chi2,derived_primary_ecl_phase,derived_primary_ecl_phase_error,derived_primary_ecl_duration,derived_primary_ecl_duration_error,derived_primary_ecl_depth,derived_primary_ecl_depth_error,derived_secondary_ecl_phase,derived_secondary_ecl_phase_error,derived_secondary_ecl_duration,derived_secondary_ecl_duration_error,derived_secondary_ecl_depth,derived_secondary_ecl_depth_error
[from data line 363]
375316653866487564,867225365318332416,0.6453684,2243.608685420014,3.272904018721498,1.6139278E-5,17.516502,0.023894662,0.2901902,0.0025514632,0.04687129,0.0058791717,0.50032955,0.06460036,0.7954492,0.0048950496,0.045045033,0.006252258,0.37146354,0.053932887,0.11904443,0.02902081,0.2901902,0.0025514632,"TWOGAUSSIANS_WITH_ELLIPSOIDAL_ON_ECLIPSE1",9,12.708795,0.2901902,0.0025514632,0.26247922,0.03292336,0.73841774,0.055443488,0.7954492,0.0048950496,0.2522522,0.035012644,0.60929185,0.014757762
375316653866487564,867260691426805632,0.4383575,2227.0971937986224,0.3628969853432438,7.180047E-5,15.729474,0.00633067,0.36009893,0.029520148,0.09830674,0.047268845,0.10008182,0.01711417,0.8590589,0.013722728,0.05377481,0.010612195,0.10808432,0.017323889,null,null,null,null,"TWOGAUSSIANS",8,18.944956,0.8590589,0.013722728,0.30113894,0.059428293,0.10722362,0.016864303,0.36009893,0.029520148,0.4,0.0,0.09922063,0.02076457
375316653866487564,867279589283175936,0.5290727,2105.2519837018262,0.601787484618098,4.0071816E-5,19.88375,0.04738932,0.32519737,0.010175366,0.16118889,0.031805784,0.31601578,0.03606371,0.78210115,0.0075004753,0.045412757,0.010091565,0.114523046,0.043490455,null,null,null,null,"TWOGAUSSIANS",8,0.86667645,0.32519737,0.010175366,0.4,0.0,0.30202472,0.023910075,0.78210115,0.0075004753,0.25431144,0.05651276,0.107302874,0.035671376
375316653866487564,867294982445588096,0.5902988,2170.0229260190436,3.22845961771136,8.08652E-6,15.472152,0.044359535,0.18590575,0.0057282723,0.10121722,0.015401559,0.3210281,0.0447367,0.70821434,0.005123466,0.099619344,0.019015782,0.27511156,0.03571441,null,null,null,null,"TWOGAUSSIANS",8,25.264389,0.18590575,0.0057454333,0.4,0.0,0.30082586,0.02253346,0.70822436,0.0051349904,0.4,0.0,0.25491142,0.018445771
375316653866487564,867304878050193664,0.5056862,2257.5806426600116,0.5722553508665986,7.34908E-5,18.069519,0.012755796,0.14704202,0.08079775,0.0980643,0.04866781,0.039778125,0.010385108,0.78562844,0.019097382,0.05513823,0.008360601,0.65416,0.45157182,null,null,null,null,"TWOGAUSSIANS",8,5.6977854,0.78563845,0.019094367,0.30877408,0.046819367,0.65417194,0.45153335,0.14704202,0.08080579,0.4,0.08660729,0.03974536,0.010317303
375316653866487564,867308928202241664,0.5304386,2282.635436212133,0.41537226316860265,2.077765E-4,17.943405,0.0058046686,0.403591,0.008090718,0.07050058,0.005696082,0.6282197,0.17568055,0.79897285,0.043142043,0.094554886,0.041270357,0.021956978,0.008330351,null,null,null,null,"TWOGAUSSIANS",8,2.282529,0.403591,0.008074709,0.3948033,0.026101986,0.62802744,0.17558554,0.79897285,0.043142043,0.4,0.0043089986,0.021761259,0.008074311
375316653866487564,867309241736965888,0.55370295,2280.001934421163,2.371838138942392,9.925088E-6,14.389807,0.004441309,0.34011042,0.002317416,0.06524565,0.003845068,0.12506455,0.004532832,0.8316032,0.0054254658,0.07224447,0.007004772,0.10096028,0.0051386906,null,null,null,null,"TWOGAUSSIANS",8,22.90147,0.34011042,0.002317416,0.36537564,0.021532381,0.124825716,0.004408525,0.8316032,0.0054254658,0.4,0.021446226,0.100721434,0.0050656674
375316653866487564,867316903958488448,0.5175943,2180.3744346125554,1.257319873767028,4.672645E-4,16.446213,0.006085837,0.87119794,0.00859604,0.028203689,0.005118456,0.49118423,0.24465358,null,null,null,null,null,null,null,null,null,null,"ONEGAUSSIAN",5,68.9072,0.87119794,0.00859604,0.15794066,0.028663354,0.49118423,0.0,null,null,null,null,null,null
375316653866487564,867332670781513472,0.49019715,2215.749826134073,0.2803202949369748,1.8532319E-5,17.97773,0.027381705,0.2677984,0.009298895,0.10841724,0.032482713,0.09527106,0.02459859,0.7789727,0.0041265297,0.08957734,0.021381801,0.10513055,0.024823524,null,null,null,null,"TWOGAUSSIANS",8,2.2368052,0.7789827,0.0040995805,0.4,0.0,0.098069206,0.010924084,0.2677984,0.009298895,0.4,0.0,0.088204674,0.011334242
375316653866487564,867337897759186304,0.49203673,2155.086266462267,0.38406704962485144,6.362983E-5,19.343426,0.094689704,0.26101798,0.0036905035,0.07519816,0.008917931,0.9407466,0.07338454,0.7459852,0.0074566994,0.1418042,0.017288964,0.9092202,0.11601951,null,null,null,null,"TWOGAUSSIANS",8,8.492472,0.26120797,0.003725744,0.4,8.982406E-4,0.8407745,0.014625382,0.7459852,0.0074566994,0.4,0.0,0.80537957,0.10955838
375316653866487564,867359441314503680,0.62131,2192.877420516847,3.5157681361417525,1.6519076E-5,16.335789,0.008212968,0.1807295,0.0025507458,0.06357654,0.0035558078,0.36170653,0.009906917,0.69244254,0.007286116,0.076404594,0.007048567,0.3791741,0.02083763,null,null,null,null,"TWOGAUSSIANS",8,11.042081,0.69244254,0.007286116,0.4,0.0,0.3782476,0.021107078,0.1807295,0.0025507458,0.35602862,0.019912524,0.36077997,0.009507584
375316653866487564,867364797137055872,0.60532224,2233.0436390983095,3.8750441840569043,8.713138E-6,16.257126,0.004166861,0.3284492,0.001775939,0.06575513,0.001983206,0.2499095,0.0058637643,0.8153473,0.0016083533,0.06871468,0.0027372257,0.3087752,0.0140986005,null,null,null,null,"TWOGAUSSIANS",8,7.880127,0.8153473,0.0016083533,0.3848022,0.015328465,0.30839157,0.014175135,0.3284492,0.001775939,0.36822873,0.011105954,0.24952589,0.0057949703
375316653866487564,867387955601225344,0.5764666,2154.1835875494967,3.7652242262343254,1.9535142E-5,17.944233,0.013721497,0.2559728,0.004204149,0.09193621,0.007937405,0.22420919,0.011964867,0.76753795,0.004609301,0.0985576,0.007666481,0.26209036,0.014952465,null,null,null,null,"TWOGAUSSIANS",8,2.7226655,0.76753795,0.004609301,0.4,0.0,0.24889436,0.012348183,0.2559728,0.004204149,0.4,0.0,0.21101457,0.010321615
375316653866487564,867391563376570752,0.47278503,2151.2533857340404,3.044553699494405,1.8329703E-5,18.195734,0.008198021,0.2221707,0.023764092,0.060325682,0.024145406,0.12010242,0.039991442,0.6735938,0.003533168,0.0609239,0.008382385,0.13352351,0.0066331564,null,null,null,null,"TWOGAUSSIANS",8,5.210432,0.6735938,0.003533168,0.34117383,0.04694135,0.13351442,0.006608919,0.2221707,0.023764092,0.3378238,0.103708774,0.12009333,0.040078253
375316653866487564,867410976625418368,0.49758726,2168.4172854701505,1.0111609148006635,8.2038336E-5,18.330635,0.010242914,0.3095638,0.035167493,0.046016943,0.052336834,0.40515292,0.33173695,0.7055339,6.6706527E-4,0.026850833,0.0013165445,0.52077633,0.01379379,null,null,null,null,"TWOGAUSSIANS",8,10.7899065,0.7055339,6.6706527E-4,0.15036467,0.007372649,0.52077633,0.013790059,0.3095638,0.035167493,0.25769487,0.15196918,0.40515292,0.33174202
375316653866487564,867411084001491840,0.49159414,2217.308709222489,2.7964318086316453,2.3258972E-5,13.913806,0.30786848,0.22211906,0.010882925,0.13051586,0.0780391,0.17080642,0.27240777,0.72246194,0.007897198,0.13990209,0.10095326,0.17437588,0.29820463,null,null,null,null,"TWOGAUSSIANS",8,309.7735,0.7224719,0.00785597,0.4,0.0,0.11229957,0.009925065,0.22210906,0.011257443,0.4,0.0,0.109095335,0.023980627
375316653866487564,867424587378550016,0.646309,2180.0877829609108,0.8635457539698224,2.431799E-5,16.293558,0.00369063,0.30773053,0.0050141127,0.046697494,0.0033132867,0.5329653,0.03260634,0.8045028,0.007911794,0.0372963,0.0034767156,0.34633705,0.024781859,null,null,null,null,"TWOGAUSSIANS",8,12.488029,0.30773053,0.0050141127,0.26150596,0.018554406,0.5329653,0.032606345,0.8045028,0.007911794,0.20885926,0.019469608,0.34633705,0.024781846
375316653866487564,867440117980394496,0.5506254,2244.480975698801,3.9290786617159354,1.2819465E-5,16.179106,0.0054468946,0.28931546,0.0034402353,0.07998087,0.006819283,0.083556704,0.0051817177,0.7989083,0.0033805093,0.07178743,0.007564985,0.09437787,0.0058372663,null,null,null,null,"TWOGAUSSIANS",8,4.500855,0.7989083,0.0033805093,0.4,0.02108287,0.09374829,0.005663765,0.28931546,0.0034402353,0.4,0.0,0.08292712,0.0045861225
375316653866487564,867442621945044096,0.44615746,2279.6834788941946,0.1065524929238803,2.0787238E-5,19.237598,0.039413672,0.16704899,0.013076236,0.099762164,0.026394453,0.31060725,0.11929649,0.58679676,0.004274114,0.0342658,0.0049222447,0.3326058,0.048036586,null,null,null,null,"TWOGAUSSIANS",8,6.1810303,0.58679676,0.004274114,0.1918885,0.02756457,0.33260307,0.048048735,0.16704899,0.013076236,0.4,0.0,0.31056005,0.11936775
375316653866487564,867445611242286720,0.5562191,2233.655380671149,4.160010366917718,1.6741993E-5,17.879217,0.016201958,0.21122995,0.006646143,0.095012814,0.008941253,0.2945429,0.022311436,0.69270694,0.0029374908,0.0714073,0.006291188,0.42393953,0.030859608,null,null,null,null,"TWOGAUSSIANS",8,9.400283,0.69270694,0.0029374908,0.39988092,0.016700832,0.41865483,0.03218791,0.21122995,0.006646143,0.4,0.0,0.28925732,0.02162303
375316653866487564,867446607674102016,0.46892092,2271.2723852594613,0.7524484967497715,9.48285E-5,18.628479,0.014051698,0.28312072,0.007889053,0.091684744,0.016059661,0.11617273,0.0147312265,0.8233364,0.011012786,0.08449653,0.012574996,0.15884016,0.020788645,null,null,null,null,"TWOGAUSSIANS",8,1.9453267,0.8233364,0.011012798,0.4,0.0,0.15639508,0.019427707,0.28312072,0.007889053,0.4,0.0,0.1137273,0.013013409
375316653866487564,867453346479505280,0.5956403,2132.9034538918368,2.2898204275614176,1.1052743E-5,12.416772,0.025285715,0.28520906,0.0031650532,0.111185744,0.015218444,0.1507453,0.023748567,0.77950877,0.004635372,0.10240512,0.01198934,0.2254061,0.024902701,null,null,null,null,"TWOGAUSSIANS",8,98.754974,0.77950877,0.004635372,0.4,0.0,0.20340502,0.0058875573,0.28520906,0.003162036,0.4,0.0,0.1287348,0.005376272
375316653866487564,867453449558724096,0.6268602,2171.1948716960646,3.9108459660630945,1.0153596E-5,15.953317,0.012869329,0.2222903,0.003608876,0.04964181,0.010992813,0.31596205,0.23103003,0.7233273,0.0031048125,0.057295796,0.0047719767,0.25597167,0.027705843,0.09821131,0.014422494,0.2222903,0.003608876,"TWOGAUSSIANS_WITH_ELLIPSOIDAL_ON_ECLIPSE1",9,23.718155,0.2222903,0.003608876,0.27799413,0.06155975,0.5123658,0.24767181,0.7233273,0.0030154784,0.32085645,0.02672307,0.45236713,0.009833799
375316653866487564,867455678645402368,0.57306087,2167.8292553033884,3.8975639259476647,1.8355044E-5,17.19705,0.007225881,0.24130294,0.004615946,0.07771634,0.007147257,0.18809812,0.00940876,0.73120624,0.0071408595,0.092827864,0.006484051,0.22914663,0.0127184205,null,null,null,null,"TWOGAUSSIANS",8,5.4568167,0.73120624,0.0071408595,0.4,0.0,0.2243849,0.011438357,0.24130294,0.004615946,0.4,0.0,0.18333666,0.008864074
375316653866487564,867469628698338176,0.6879092,2245.1164186849333,3.794631922045723,6.9550324E-6,16.978539,0.009441191,0.30341154,0.0011210915,0.055173643,0.0102381725,0.22868837,0.028648011,0.8081394,0.035648484,0.04611306,0.02557675,0.21158609,0.06898504,0.12310967,0.0143896,0.30341154,0.0011210915,"TWOGAUSSIANS_WITH_ELLIPSOIDAL_ON_ECLIPSE1",9,2.9933248,0.30341154,0.0011210915,0.30897242,0.057333764,0.4748996,0.03351285,0.8081394,0.0356364,0.25823313,0.1432298,0.4575801,0.07063469
375316653866487564,867471110464318208,0.5483272,2243.4951688711385,2.794631149314466,2.543931E-5,14.642966,0.011295076,0.21705133,0.009189018,0.04092612,0.008056512,0.105460756,0.03856477,0.70465934,0.005647592,0.036257908,0.02747571,0.15209223,1358.5795,0.13011293,0.013953705,0.70465934,0.005647592,"TWOGAUSSIANS_WITH_ELLIPSOIDAL_ON_ECLIPSE2",9,269.9311,0.70465934,0.005647592,0.20304428,0.15386398,0.41231766,1358.5779,0.21400133,0.0061530992,0.22918628,0.04511647,0.36449817,0.02591053
375316653866487564,867492001185110400,0.6574369,2172.0399475579848,0.15699825352410565,8.330993E-5,15.766545,0.0018511727,0.28580302,0.006870805,0.044879615,0.007035777,0.045844335,0.0048077,0.59882605,0.010820794,0.05275475,0.009559251,1.5148997,0.8014689,null,null,null,null,"TWOGAUSSIANS",8,7.299936,0.59882605,0.010820794,0.29542658,0.053531807,1.5148997,0.8014689,0.28580302,0.006870805,0.25132585,0.03940035,0.045844372,0.004807745
375316653866487564,867507458770228352,0.5569222,2207.926374506472,0.8226718753088675,1.5232417E-5,18.586308,0.006864611,0.42133167,0.011508242,0.013682713,0.009467282,0.54836774,4.6300163,0.9192355,0.0024328015,0.01189899,0.0013125191,0.67564785,0.1343049,null,null,null,null,"TWOGAUSSIANS",8,6.052942,0.9192355,0.0024328015,0.06663434,0.007350107,0.67564785,0.1343049,0.42133167,0.011508242,0.076623194,0.05301678,0.54836774,4.6300163
375316653866487564,867514777394521856,0.5726709,2171.1755096420916,4.0792761387078516,1.3724694E-5,19.13314,0.0027407974,0.23391359,0.0073583485,0.008186633,0.008922455,0.2415687,0.44128555,0.651719,0.0051791463,0.07109155,0.014022246,0.90084726,4.5429235,null,null,null,null,"TWOGAUSSIANS",8,0.4296802,0.651719,0.0051791463,0.39811265,0.07785399,0.90084726,4.5429235,0.23391359,0.0073583485,0.045845147,0.04996575,0.24156873,0.44128555
375316653866487564,867548175060886784,0.49021417,2176.1736868953485,3.086698424007577,3.130731E-5,19.110147,0.0742572,0.27389362,0.011478685,0.10398803,0.028467385,0.32435685,0.063417144,0.76178336,0.005306459,0.10223115,0.028013375,0.3051816,0.056489166,null,null,null,null,"TWOGAUSSIANS",8,4.7412114,0.27389362,0.011494877,0.4,0.0,0.2955352,0.035089474,0.76178336,0.005306459,0.4,0.0,0.27636254,0.017754745
375316653866487564,867548621737492096,0.6562355,2189.169802223476,0.7461499798070313,1.519464E-5,16.543364,0.0011045139,0.3160224,0.0046267407,0.02871614,0.0033745752,0.4676724,0.022826608,0.84347063,0.05294516,0.040334612,0.040288907,0.020242566,0.72263896,null,null,null,null,"TWOGAUSSIANS",8,3.801813,0.3160224,0.0046267407,0.16081038,0.018897621,0.4676724,0.022826608,0.84347063,0.05294516,0.22587383,0.22561789,0.020242566,0.72263896
375316653866487564,867563808741885696,0.6104277,2149.474025108941,2.3504325238616595,1.9098916E-5,15.275801,0.03783129,0.21102352,0.0045092427,0.050681714,0.016060976,0.16874401,0.08938647,0.72038025,0.0074121947,0.06302492,0.021350045,0.1755953,0.080778174,0.08562117,0.051775075,0.21102352,0.0045092427,"TWOGAUSSIANS_WITH_ELLIPSOIDAL_ON_ECLIPSE1",9,92.273636,0.72038025,0.0074121947,0.35293958,0.11928609,0.3462078,0.030214798,0.21102352,0.0045092427,0.2838176,0.089941464,0.3399477,0.017656012
375316653866487564,867565835966479744,0.5991504,2158.5843975077473,2.716279793104501,1.8843284E-5,18.546293,0.015042698,0.33200982,0.0069509237,0.080220625,0.010047774,0.4544818,0.037689786,0.82737404,0.0026920117,0.08896066,0.004419253,0.4010805,0.018812886,null,null,null,null,"TWOGAUSSIANS",8,2.5114582,0.33200982,0.0069509237,0.4,0.0,0.44454914,0.041171122,0.82737404,0.0026920117,0.4,0.0,0.3911477,0.016487608
375316653866487564,867607961005221376,0.54482985,2224.742148711907,0.4552596551145241,1.9619505E-5,13.836286,0.009526428,0.43673366,0.011355942,0.07059084,0.008766719,3.1808627,1.0082115,null,null,null,null,null,null,null,null,null,null,"ONEGAUSSIAN",5,4112.4487,0.43673366,0.011355942,0.3953087,0.015926117,3.1808627,0.0,null,null,null,null,null,null
375316653866487564,867610950302486656,0.58107036,2238.1885259943356,2.8188998087544546,1.2565639E-5,18.57529,0.004410636,0.28231335,0.004825451,0.07590359,0.00761729,0.4108374,0.025801886,0.78415304,7.759655E-4,0.0706119,0.0010313812,0.42193314,0.008542747,null,null,null,null,"TWOGAUSSIANS",8,1.9872898,0.78415304,7.759655E-4,0.39542666,0.005775735,0.41957542,0.008315598,0.28231335,0.004825451,0.4,0.010531555,0.40847966,0.027002059
375316653866487564,867629298403017728,0.5027077,2253.1635427713486,2.9031828875447467,1.8609975E-5,19.062763,0.0039260667,0.24620844,0.0053366786,0.062306605,0.02485181,0.029870622,0.019053392,null,null,null,null,null,null,0.07196948,0.004980714,0.24620844,0.0053366786,"ONEGAUSSIAN_WITH_ELLIPSOIDAL",6,0.96316755,0.24620844,0.0053366786,0.348917,0.13917014,0.17379993,0.01660169,null,null,null,null,null,null
