Gaia/vari_eclipsing_binary/VariEclipsingBinary_677421-677437.csv
# %ECSV 1.0
# ---
# delimiter: ','
# meta: !!omap
# - RELEASE: Gaia DR3
# - TABLE: vari_eclipsing_binary
# - DESCRIPTION: >
#     This table describes the properties of the eclipsing binaries resulting from the variability analysis. 
# - CITATION: >
#     How to cite and acknowledge Gaia: 
#     https://gea.esac.esa.int/archive/documentation/credits.html 
# - KNOWN_ISSUES: >
#     Known issues: 
#     https://www.cosmos.esa.int/web/gaia-users/known-issues 
# - DOCUMENTATION: >
#     Tutorials and documentation: 
#     https://www.cosmos.esa.int/web/gaia-users/archive 
# datatype:
# - 
#   name: solution_id
#   datatype: int64
#   description: Solution Identifier
#   meta:
#     ucd: meta.version
# - 
#   name: source_id
#   datatype: int64
#   description: Unique source identifier
#   meta:
#     ucd: meta.id;meta.main
# - 
#   name: global_ranking
#   datatype: float32
#   description: Number between 0 (worst) and 1 (best)
#   meta:
#     ucd: stat.param
# - 
#   name: reference_time
#   datatype: float64
#   unit: d
#   description: Reference time used for the geometric model fit
#   meta:
#     ucd: time.epoch
# - 
#   name: frequency
#   datatype: float64
#   unit: d**-1
#   description: Frequency of geometric model of the eclipsing binary light curve
#   meta:
#     ucd: src.orbital
# - 
#   name: frequency_error
#   datatype: float32
#   unit: d**-1
#   description: "Uncertainty of \\texttt{frequency}"
#   meta:
#     ucd: stat.error
# - 
#   name: geom_model_reference_level
#   datatype: float32
#   unit: mag
#   description: Magnitude reference level of geometric model
#   meta:
#     ucd: phot.mag;em.opt
# - 
#   name: geom_model_reference_level_error
#   datatype: float32
#   unit: mag
#   description: "Uncertainty of \\texttt{geomModelReferenceLevel}"
#   meta:
#     ucd: stat.error;phot.mag;em.opt
# - 
#   name: geom_model_gaussian1_phase
#   datatype: float32
#   description: Phase of the Gaussian 1 component
#   meta:
#     ucd: time.phase
# - 
#   name: geom_model_gaussian1_phase_error
#   datatype: float32
#   description: "Uncertainty of \\texttt{geomModelGaussian1Phase}"
#   meta:
#     ucd: stat.error;time.phase
# - 
#   name: geom_model_gaussian1_sigma
#   datatype: float32
#   description: "Standard deviation [phase] of Gaussian 1 component"
#   meta:
#     ucd: stat.stdev
# - 
#   name: geom_model_gaussian1_sigma_error
#   datatype: float32
#   description: "Uncertainty of \\texttt{geomModelGaussian1Sigma}"
#   meta:
#     ucd: stat.error
# - 
#   name: geom_model_gaussian1_depth
#   datatype: float32
#   unit: mag
#   description: Magnitude depth of Gaussian 1 component
#   meta:
#     ucd: src.var.amplitude
# - 
#   name: geom_model_gaussian1_depth_error
#   datatype: float32
#   unit: mag
#   description: "Uncertainty of \\texttt{geomModelGaussian1Depth}"
#   meta:
#     ucd: stat.error;src.var.amplitude
# - 
#   name: geom_model_gaussian2_phase
#   datatype: float32
#   description: Phase of Gaussian 2 component
#   meta:
#     ucd: time.phase
# - 
#   name: geom_model_gaussian2_phase_error
#   datatype: float32
#   description: "Uncertainty of \\texttt{geomModelGaussian2Phase}"
#   meta:
#     ucd: stat.error;time.phase
# - 
#   name: geom_model_gaussian2_sigma
#   datatype: float32
[...]
#   datatype: float32
#   description: "Secondary eclipse: uncertainty of \\texttt{derivedSecondaryEclDuration}"
#   meta:
#     ucd: stat.error;time.duration
# - 
#   name: derived_secondary_ecl_depth
#   datatype: float32
#   unit: mag
#   description: "Secondary eclipse: depth"
#   meta:
#     ucd: src.var.amplitude
# - 
#   name: derived_secondary_ecl_depth_error
#   datatype: float32
#   unit: mag
#   description: "Secondary eclipse: uncertainty of \\texttt{derivedSecondaryEclDepth}"
#   meta:
#     ucd: stat.error;src.var.amplitude
solution_id,source_id,global_ranking,reference_time,frequency,frequency_error,geom_model_reference_level,geom_model_reference_level_error,geom_model_gaussian1_phase,geom_model_gaussian1_phase_error,geom_model_gaussian1_sigma,geom_model_gaussian1_sigma_error,geom_model_gaussian1_depth,geom_model_gaussian1_depth_error,geom_model_gaussian2_phase,geom_model_gaussian2_phase_error,geom_model_gaussian2_sigma,geom_model_gaussian2_sigma_error,geom_model_gaussian2_depth,geom_model_gaussian2_depth_error,geom_model_cosine_half_period_amplitude,geom_model_cosine_half_period_amplitude_error,geom_model_cosine_half_period_phase,geom_model_cosine_half_period_phase_error,model_type,num_model_parameters,reduced_chi2,derived_primary_ecl_phase,derived_primary_ecl_phase_error,derived_primary_ecl_duration,derived_primary_ecl_duration_error,derived_primary_ecl_depth,derived_primary_ecl_depth_error,derived_secondary_ecl_phase,derived_secondary_ecl_phase_error,derived_secondary_ecl_duration,derived_secondary_ecl_duration_error,derived_secondary_ecl_depth,derived_secondary_ecl_depth_error
[from data line 38]
375316653866487564,5958665660374154496,0.5432619,2219.7643625640303,0.03855463271835603,5.5602577E-5,15.932361,0.001379671,0.27040645,0.009674707,0.06273293,0.012046,0.041231416,0.023411434,0.8398039,2.8562284E-4,0.002702554,1.1352317E-4,0.32700184,0.032254487,null,null,null,null,"TWOGAUSSIANS",8,11.149761,0.8398039,2.8562284E-4,0.015134302,6.3572975E-4,0.32700184,0.032254487,0.27040645,0.009674707,0.35130438,0.0674576,0.041231416,0.023411434
375316653866487564,5958665896503926528,0.5094014,2218.377392100713,1.9622221446801835,9.417776E-6,16.765999,0.0038098844,0.33117968,0.0030394294,0.039079912,0.0029004705,0.19995849,0.012976025,null,null,null,null,null,null,null,null,null,null,"ONEGAUSSIAN",5,21.3463,0.33117968,0.0030394294,0.21884751,0.016242636,0.19995849,0.0,null,null,null,null,null,null
375316653866487564,5958665969572982400,0.5641058,2227.548208295853,0.3495068662391354,2.2680633E-4,18.287025,0.0024846853,0.2403087,0.017829265,0.023736997,0.015172284,0.020177318,0.011274329,0.54764855,0.0024048833,0.055513196,0.002920115,0.39956963,0.027788358,null,null,null,null,"TWOGAUSSIANS",8,1.7648697,0.54764855,0.0024048833,0.3108739,0.016352644,0.39956963,0.027788358,0.2403087,0.017829265,0.13292718,0.0849648,0.020177405,0.011274312
375316653866487564,5958666072652521856,0.54925203,2199.190042916516,2.963236538965223,1.3318778E-5,19.755627,0.008461716,0.20324463,0.010753127,0.06878145,0.011410625,0.47858852,0.021783832,0.71117324,0.00324166,0.06422858,0.0036551713,0.39455965,0.022568537,null,null,null,null,"TWOGAUSSIANS",8,1.513278,0.20324463,0.010753127,0.38517612,0.023384491,0.47799462,0.021864438,0.71117324,0.00324166,0.35968006,0.02046896,0.39396575,0.022385165
375316653866487564,5958666347578536320,0.46708694,2199.137007549351,1.4440238134070604,1.6755408E-5,19.115757,0.04792868,0.23964927,0.001888694,0.02931149,0.0021293238,0.3537457,0.022164093,0.4102423,0.0523573,0.17726962,0.14427051,0.10338382,0.043330364,null,null,null,null,"TWOGAUSSIANS",8,9.105369,0.24050927,0.0015689776,0.16414434,0.011924214,0.41509283,0.029929187,0.4102423,0.0523573,0.4,0.0,0.09951166,0.041170985
375316653866487564,5958666514993077376,0.52824247,2250.3919016072746,0.1198178001226973,9.6417134E-5,17.568789,0.003961686,0.29533714,0.023027226,0.18224974,0.04243835,0.020784605,0.00426384,0.84949285,3.7515454E-4,0.008847268,3.6252604E-4,0.27484375,0.03125138,null,null,null,null,"TWOGAUSSIANS",8,1.7050228,0.84949285,3.7515454E-4,0.049544703,0.0020301458,0.27512616,0.031293724,0.29533714,0.023027226,0.4,0.0,0.019819958,0.0038329612
375316653866487564,5958666519329282432,0.47985002,2178.5938417587986,3.9418434228753605,9.168479E-5,19.237835,0.033348218,0.5112876,0.053409785,0.14463092,0.062923156,0.059876066,0.04325223,0.89924145,0.061046522,0.023126936,0.026761012,0.7749303,4.023519,null,null,null,null,"TWOGAUSSIANS",8,6.343409,0.89924145,0.061046522,0.12951085,0.14986166,0.77627003,4.0244675,0.5112876,0.053409785,0.4,0.0,0.059568014,0.040258672
375316653866487564,5958666583695140864,0.46759602,2213.9532030738155,0.8959504230934708,9.893648E-5,19.147984,0.005886884,0.274203,0.017239695,0.034056492,0.012154243,0.18696861,0.026837533,0.7716818,0.0016081148,0.030995324,0.0024377634,0.11217546,0.01060304,null,null,null,null,"TWOGAUSSIANS",8,3.1253245,0.274203,0.017239695,0.19071636,0.06806376,0.18696861,0.026837533,0.7716818,0.0016081148,0.1735738,0.013651474,0.11217546,0.01060304
375316653866487564,5958666656768325248,0.47415167,2209.277059008276,0.7381780974789725,3.516942E-5,19.250196,0.0072307126,0.2620731,0.026395304,0.03328859,0.01212444,0.0988196,0.0504621,0.74727744,0.0057311123,0.030721422,0.004640172,0.2813335,0.023677662,null,null,null,null,"TWOGAUSSIANS",8,3.2444694,0.74727744,0.0057311123,0.17203997,0.025984962,0.2813335,0.023677662,0.2620731,0.026395304,0.18641612,0.067896865,0.0988196,0.0504621
375316653866487564,5958666656768479360,0.4629084,2221.294548167907,2.7700019372074394,4.193371E-5,19.68982,0.102638066,0.33082563,0.007606055,0.116733976,0.036799226,0.25676268,0.09748182,0.822139,0.009768779,0.10944942,0.036488216,0.2723911,0.093044214,null,null,null,null,"TWOGAUSSIANS",8,2.813793,0.822139,0.009768779,0.4,0.0,0.2303531,0.025241762,0.3308356,0.0076602423,0.4,0.0,0.21468583,0.022658946
375316653866487564,5958666691166406784,0.48366597,2212.9190544164794,1.9243354174421434,3.2706568E-5,17.034134,0.0106124645,0.32345772,0.007562975,0.07110421,0.01281927,0.2028024,0.029430563,0.73115,0.0769403,0.031087458,0.05504146,0.099122785,0.12558872,0.03260124,0.012446498,0.32345772,0.007562975,"TWOGAUSSIANS_WITH_ELLIPSOIDAL_ON_ECLIPSE1",9,65.18737,0.32345772,0.0075622946,0.3981836,0.03639263,0.26762098,0.024019748,0.73476,0.059498113,0.17408977,0.22880189,0.14503583,0.12829521
375316653866487564,5958667305252580992,0.64514434,2244.9968231224393,2.8317451738789328,4.730998E-6,16.333256,0.011318369,0.23807752,8.6363783E-4,0.0665128,0.0048644356,0.16363162,0.022693813,0.7418896,0.0027920485,0.058611587,0.0075441143,0.16561057,0.019006414,0.08304838,0.012150965,0.23807752,8.6363783E-4,"TWOGAUSSIANS_WITH_ELLIPSOIDAL_ON_ECLIPSE1",9,4.891451,0.7418896,0.0027920485,0.3282249,0.04224704,0.3314597,0.010238519,0.23807752,8.6363783E-4,0.37247166,0.027240839,0.32957605,0.0061509092
375316653866487564,5958667442691605888,0.48372644,2270.054833874421,2.46639011664287,4.808352E-5,18.33043,0.080968246,0.28518978,0.00850039,0.12190571,0.022000913,0.24987614,0.079559244,0.7613391,0.004974729,0.12656568,0.024857061,0.25403184,0.076312035,null,null,null,null,"TWOGAUSSIANS",8,3.7865663,0.7613391,0.004974729,0.4,0.0,0.19958596,0.022309959,0.28547975,0.007995024,0.4,0.0,0.19554792,0.010583691
375316653866487564,5958667481442872320,0.46986893,2264.8528925003325,2.8032280228518176,4.8083475E-5,19.865952,0.030106785,0.21819662,0.0067569963,0.09474328,0.016106598,0.22451416,0.032093517,0.72384226,0.006845642,0.08133833,0.02107461,0.27125928,0.023645084,null,null,null,null,"TWOGAUSSIANS",8,1.7394972,0.72384226,0.006845642,0.4,0.0,0.2633636,0.027202835,0.21819662,0.0067569963,0.4,0.0,0.21661808,0.026339674
375316653866487564,5958667653198848512,0.61220527,2232.10370683494,2.548529233650299,9.081952E-6,18.721546,0.011951201,0.17325315,0.003837988,0.04534331,0.0057073785,0.2553884,0.027544579,0.68123734,0.0025677092,0.047477614,0.007914719,0.21436626,0.037466086,0.13769934,0.013944972,0.68123734,0.0025677092,"TWOGAUSSIANS_WITH_ELLIPSOIDAL_ON_ECLIPSE2",9,2.1373718,0.17444314,0.0031847875,0.25392255,0.03196132,0.5301969,0.02284297,0.68123734,0.0025677092,0.26587465,0.044322427,0.48976427,0.030237671
375316653866487564,5958667928118363136,0.5837452,2218.0285926114475,2.752110012096197,1.8933906E-5,18.55711,0.005681933,0.2626618,0.0022806597,0.07137455,0.0031163376,0.5662942,0.020054372,0.75777036,0.0028526185,0.0689747,0.0022874272,0.60203177,0.014444859,null,null,null,null,"TWOGAUSSIANS",8,3.940763,0.75777036,0.0028526185,0.38625833,0.012809593,0.6002251,0.014359136,0.2626618,0.0022806597,0.3996975,0.009131022,0.5644875,0.020277586
375316653866487564,5958667996797321728,0.53282523,2205.082594060779,3.6314465397972038,7.75098E-6,19.314713,0.029135622,0.2151653,0.0052193142,0.07791364,0.010986191,0.4391526,0.028147938,0.69450957,0.0023460165,0.09299313,0.0082585905,0.37880385,0.025338272,null,null,null,null,"TWOGAUSSIANS",8,2.5810895,0.2151653,0.0052193142,0.4,0.010386298,0.43137184,0.02716544,0.69450957,0.0023460165,0.4,0.0,0.37102237,0.020430952
375316653866487564,5958668336047315968,0.55815715,2230.8690060508993,1.0884918355399722,1.348469E-5,19.164717,0.004410504,0.24244405,0.006451716,0.045350023,0.0033916356,0.21722692,0.03128027,0.7516798,0.0033713516,0.033784345,0.0044363816,0.57052964,0.0998403,null,null,null,null,"TWOGAUSSIANS",8,1.6277868,0.7516798,0.0033713516,0.18919232,0.024843737,0.57052964,0.0998403,0.24244405,0.006451716,0.25396013,0.01899316,0.21722692,0.03128027
375316653866487564,5958668443478205952,0.41757616,2275.907638013442,3.0584771288412855,6.178977E-5,18.398695,0.011235858,0.34668636,0.010932062,0.048086215,0.02444929,0.23870023,0.86931527,0.7250776,0.010811177,0.013792746,0.010717275,0.7121201,0.80663127,null,null,null,null,"TWOGAUSSIANS",8,9.023147,0.7250776,0.010811177,0.07723938,0.060016736,0.7121201,0.80663127,0.34668636,0.010932062,0.26928282,0.13691603,0.23870023,0.86931527
375316653866487564,5958668477837972736,0.48792064,2243.593335743653,3.2588359622384466,2.8481345E-5,19.422499,0.008840861,0.19891162,0.0057748677,0.0809672,0.0065785297,0.23897797,0.014008694,0.6514101,0.0061271316,0.093841396,0.007286571,0.23013689,0.014508246,null,null,null,null,"TWOGAUSSIANS",8,1.4409428,0.19891162,0.005774702,0.4,0.0,0.23551926,0.013186343,0.6514101,0.0061271316,0.4,0.0,0.22667615,0.015502745
375316653866487564,5958668580917151616,0.51714116,2222.150169358839,0.1885770619630894,1.1223517E-5,19.071016,0.0075909253,0.1612869,9.602488E-7,0.0021752152,3.0768628E-5,7.2747173,0.44598126,0.79979116,0.037643943,0.08473853,0.023977099,0.05379281,0.011943539,null,null,null,null,"TWOGAUSSIANS",8,5.204789,0.1612869,9.602488E-7,0.012181205,1.7230432E-4,7.2747235,0.4459688,0.79979116,0.037643943,0.4,0.028517475,0.053792804,0.011943529
375316653866487564,5958668649673573120,0.49299118,2242.3412417402074,3.525241107055485,1.0667189E-4,17.388956,0.14284225,0.25168878,0.01181162,0.14351872,0.043411665,0.2095476,0.13224402,0.7205856,0.01070607,0.14833973,0.037318066,0.2600251,0.13638942,null,null,null,null,"TWOGAUSSIANS",8,9.789375,0.7205856,0.01070607,0.4,0.0,0.17211923,0.0096420655,0.2546388,0.008174389,0.4,0.0,0.12263858,0.008430147
375316653866487564,5958669165027579392,0.4187129,2284.4337251441734,4.118456464920779,1.3051211E-4,17.259111,0.012039355,0.1613251,0.011980608,0.044202067,0.008369279,0.10527706,0.016801946,0.4557743,0.026577855,0.16107094,0.05767516,0.038668677,0.012137856,null,null,null,null,"TWOGAUSSIANS",8,7.9816055,0.16287509,0.011532228,0.24753158,0.04686796,0.11198909,0.017623818,0.4557743,0.026577855,0.4,0.0,0.03804161,0.011236444
375316653866487564,5958669195043510912,0.44085112,2254.610559484415,3.4506181083584893,6.281979E-5,19.138212,0.04052165,0.3159463,0.019397868,0.11676768,0.047307737,0.18692982,0.034390047,0.8256703,0.009145258,0.0762819,0.015213367,0.25618103,0.040357996,null,null,null,null,"TWOGAUSSIANS",8,8.13455,0.82568026,0.009167265,0.4,0.008850978,0.2436715,0.023889454,0.3159463,0.019397868,0.4,0.0,0.17437893,0.030172186
375316653866487564,5958669199387727360,0.44210705,2243.188317311223,0.43570063748999427,5.66477E-5,19.383987,0.009598827,0.18222924,1.8428049E-4,0.006529351,3.32423E-4,0.6091121,0.016828788,0.59296757,0.030720893,0.122743495,0.0218774,0.06725404,0.018564029,null,null,null,null,"TWOGAUSSIANS",8,4.1465454,0.18222924,1.8428049E-4,0.036564365,0.0018615688,0.60932815,0.016821187,0.59296757,0.030720893,0.4,0.0,0.06722051,0.018578866
375316653866487564,5958669229398200064,0.44180775,2250.2780168452664,1.4859715458521923,2.6993572E-5,16.412823,0.009437368,0.22228804,0.003313469,0.039147485,0.0042865123,0.20766462,0.022973517,0.73609644,0.017600618,0.05067715,0.013287313,0.14075187,0.038226016,null,null,null,null,"TWOGAUSSIANS",8,123.962425,0.22228804,0.003313469,0.21922593,0.024004469,0.2076646,0.022973504,0.73609644,0.017600618,0.28379205,0.07440895,0.14075184,0.03822605
375316653866487564,5958669302507904128,0.61722076,2255.0332828254254,1.2487456411261266,8.122306E-6,16.200022,0.006181944,0.17524,0.0020322823,0.10445639,0.003623955,0.24716705,0.00731935,0.6765879,0.0010073924,0.09174693,0.0024819097,0.34287503,0.0058463444,null,null,null,null,"TWOGAUSSIANS",8,8.057232,0.6765879,0.0010073924,0.4,0.0,0.32101497,0.0044699474,0.17524,0.0020322823,0.4,0.0,0.225302,0.0062066
375316653866487564,5958669405546327936,0.46897244,2271.2015290692484,3.056461700835483,2.7118214E-5,19.801394,0.040411804,0.31888157,0.0055972394,0.08608477,0.010459746,0.41534403,0.041327376,0.8185461,0.006868361,0.079527035,0.010846435,0.50574064,0.045488734,null,null,null,null,"TWOGAUSSIANS",8,3.8684313,0.8185461,0.006868361,0.4,0.0,0.49624118,0.040843263,0.31888157,0.0055972394,0.4,0.0,0.40584454,0.034199707
375316653866487564,5958669439906277248,0.48870546,2244.0125674873325,0.011865135934276395,4.230634E-4,18.831669,0.0072908415,0.58727443,0.026040511,0.0958699,0.014326481,0.06789354,0.015392396,0.773367,0.0070080417,0.008343196,0.002149074,0.9262864,0.44940138,null,null,null,null,"TWOGAUSSIANS",8,6.3108397,0.773367,0.0070080417,0.046721894,0.012034816,0.9366055,0.4513661,0.58727443,0.026040511,0.4,0.0,0.06789338,0.015392752
375316653866487564,5958669538630311552,0.65166265,2240.0509723259042,1.3459874872279998,4.3873433E-6,12.578062,0.0017351361,0.19129536,0.0013442094,0.042529088,0.0046187076,0.037730604,0.0063244174,0.6805597,0.002613234,0.056081988,0.0028731776,0.14483297,0.005800015,0.06631686,0.0035543714,0.19129536,0.0013442094,"TWOGAUSSIANS_WITH_ELLIPSOIDAL_ON_ECLIPSE1",9,65.81263,0.68254966,0.0022271245,0.31405914,0.016089795,0.27697176,0.0038749685,0.19129536,0.0013442094,0.23816289,0.025864763,0.17036064,0.0041110623
375316653866487564,5958670195828515840,0.43782818,2224.243602863782,4.877598529546117,9.6642165E-5,19.674738,0.07302058,0.34979844,0.025368711,0.12894328,0.024644872,0.5370664,0.10430151,0.69023675,0.04016681,0.07698743,0.08905726,0.15238906,0.05749493,null,null,null,null,"TWOGAUSSIANS",8,6.961931,0.34981844,0.025259769,0.4,0.0,0.5332297,0.102583915,0.69023675,0.04016681,0.4,0.38180086,0.16500182,0.06814606
375316653866487564,5958670225843617152,0.56472284,2225.079275367869,0.8137723547040626,2.3653844E-5,19.054209,0.0062423535,0.27005813,0.003111291,0.05780226,0.0040538553,0.38165662,0.025500588,0.75748324,0.008819217,0.070299044,0.0120842615,0.1366541,0.008077638,null,null,null,null,"TWOGAUSSIANS",8,1.4278549,0.27005813,0.003111291,0.32369265,0.02270159,0.38151404,0.025528695,0.75748324,0.008819217,0.39367464,0.040981296,0.13651152,0.008083762
375316653866487564,5958670470699354112,0.4665221,2217.957918235199,2.9157282771998747,4.2270138E-5,19.413631,0.008206919,0.30618075,0.016346054,0.03519898,0.013193247,0.04767742,0.056241315,0.6773819,0.009542823,0.095401354,0.009733328,0.26407242,0.024883447,null,null,null,null,"TWOGAUSSIANS",8,3.3235931,0.6773819,0.009542823,0.4,0.0,0.26406962,0.02488538,0.30633074,0.016451925,0.19711429,0.073882185,0.04781125,0.056238443
375316653866487564,5958670535070132224,0.6286009,2235.979804505344,3.4994398364164208,1.1926352E-5,18.009663,0.009493072,0.27544552,0.0012820531,0.08053153,0.0021777172,0.47084075,0.011305028,0.77481264,0.0013915094,0.0801404,0.002521239,0.43105707,0.010927234,null,null,null,null,"TWOGAUSSIANS",8,2.668215,0.27544552,0.0012820531,0.4,0.0,0.4638172,0.0104384655,0.77481264,0.0013915094,0.4,0.0,0.42403352,0.009872695
375316653866487564,5958670603790783872,0.5405293,2256.325422638578,2.625674615884812,3.619205E-5,17.067024,0.0130873015,0.26922357,0.004789862,0.09360141,0.009231257,0.27045795,0.013918134,0.7664229,0.003331295,0.08942987,0.005734758,0.29234326,0.01781872,null,null,null,null,"TWOGAUSSIANS",8,23.558039,0.7664229,0.003331295,0.4,0.0,0.27943876,0.016437585,0.26922357,0.004789862,0.4,0.0,0.25755325,0.012139702
375316653866487564,5958670848656542592,0.58811116,2282.516467439631,2.659886144867507,1.1991878E-5,17.755993,0.0056122164,0.1429887,0.0017695823,0.07352727,0.0020091843,0.4739376,0.008180786,0.649032,0.005742682,0.07206864,0.006045116,0.5357372,0.019221094,null,null,null,null,"TWOGAUSSIANS",8,5.6246424,0.649032,0.005742682,0.4,0.0025617671,0.533339,0.019943092,0.1429887,0.0017695823,0.4,0.0,0.4715394,0.008013999
