Gaia/vari_eclipsing_binary/VariEclipsingBinary_059486-059612.csv
# %ECSV 1.0
# ---
# delimiter: ','
# meta: !!omap
# - RELEASE: Gaia DR3
# - TABLE: vari_eclipsing_binary
# - DESCRIPTION: >
#     This table describes the properties of the eclipsing binaries resulting from the variability analysis. 
# - CITATION: >
#     How to cite and acknowledge Gaia: 
#     https://gea.esac.esa.int/archive/documentation/credits.html 
# - KNOWN_ISSUES: >
#     Known issues: 
#     https://www.cosmos.esa.int/web/gaia-users/known-issues 
# - DOCUMENTATION: >
#     Tutorials and documentation: 
#     https://www.cosmos.esa.int/web/gaia-users/archive 
# datatype:
# - 
#   name: solution_id
#   datatype: int64
#   description: Solution Identifier
#   meta:
#     ucd: meta.version
# - 
#   name: source_id
#   datatype: int64
#   description: Unique source identifier
#   meta:
#     ucd: meta.id;meta.main
# - 
#   name: global_ranking
#   datatype: float32
#   description: Number between 0 (worst) and 1 (best)
#   meta:
#     ucd: stat.param
# - 
#   name: reference_time
#   datatype: float64
#   unit: d
#   description: Reference time used for the geometric model fit
#   meta:
#     ucd: time.epoch
# - 
#   name: frequency
#   datatype: float64
#   unit: d**-1
#   description: Frequency of geometric model of the eclipsing binary light curve
#   meta:
#     ucd: src.orbital
# - 
#   name: frequency_error
#   datatype: float32
#   unit: d**-1
#   description: "Uncertainty of \\texttt{frequency}"
#   meta:
#     ucd: stat.error
# - 
#   name: geom_model_reference_level
#   datatype: float32
#   unit: mag
#   description: Magnitude reference level of geometric model
#   meta:
#     ucd: phot.mag;em.opt
# - 
#   name: geom_model_reference_level_error
#   datatype: float32
#   unit: mag
#   description: "Uncertainty of \\texttt{geomModelReferenceLevel}"
#   meta:
#     ucd: stat.error;phot.mag;em.opt
# - 
#   name: geom_model_gaussian1_phase
#   datatype: float32
#   description: Phase of the Gaussian 1 component
#   meta:
#     ucd: time.phase
# - 
#   name: geom_model_gaussian1_phase_error
#   datatype: float32
#   description: "Uncertainty of \\texttt{geomModelGaussian1Phase}"
#   meta:
#     ucd: stat.error;time.phase
# - 
#   name: geom_model_gaussian1_sigma
#   datatype: float32
#   description: "Standard deviation [phase] of Gaussian 1 component"
#   meta:
#     ucd: stat.stdev
# - 
#   name: geom_model_gaussian1_sigma_error
#   datatype: float32
#   description: "Uncertainty of \\texttt{geomModelGaussian1Sigma}"
#   meta:
#     ucd: stat.error
# - 
#   name: geom_model_gaussian1_depth
#   datatype: float32
#   unit: mag
#   description: Magnitude depth of Gaussian 1 component
#   meta:
#     ucd: src.var.amplitude
# - 
#   name: geom_model_gaussian1_depth_error
#   datatype: float32
#   unit: mag
#   description: "Uncertainty of \\texttt{geomModelGaussian1Depth}"
#   meta:
#     ucd: stat.error;src.var.amplitude
# - 
#   name: geom_model_gaussian2_phase
#   datatype: float32
#   description: Phase of Gaussian 2 component
#   meta:
#     ucd: time.phase
# - 
#   name: geom_model_gaussian2_phase_error
#   datatype: float32
#   description: "Uncertainty of \\texttt{geomModelGaussian2Phase}"
#   meta:
#     ucd: stat.error;time.phase
# - 
#   name: geom_model_gaussian2_sigma
#   datatype: float32
[...]
#   datatype: float32
#   description: "Secondary eclipse: uncertainty of \\texttt{derivedSecondaryEclDuration}"
#   meta:
#     ucd: stat.error;time.duration
# - 
#   name: derived_secondary_ecl_depth
#   datatype: float32
#   unit: mag
#   description: "Secondary eclipse: depth"
#   meta:
#     ucd: src.var.amplitude
# - 
#   name: derived_secondary_ecl_depth_error
#   datatype: float32
#   unit: mag
#   description: "Secondary eclipse: uncertainty of \\texttt{derivedSecondaryEclDepth}"
#   meta:
#     ucd: stat.error;src.var.amplitude
solution_id,source_id,global_ranking,reference_time,frequency,frequency_error,geom_model_reference_level,geom_model_reference_level_error,geom_model_gaussian1_phase,geom_model_gaussian1_phase_error,geom_model_gaussian1_sigma,geom_model_gaussian1_sigma_error,geom_model_gaussian1_depth,geom_model_gaussian1_depth_error,geom_model_gaussian2_phase,geom_model_gaussian2_phase_error,geom_model_gaussian2_sigma,geom_model_gaussian2_sigma_error,geom_model_gaussian2_depth,geom_model_gaussian2_depth_error,geom_model_cosine_half_period_amplitude,geom_model_cosine_half_period_amplitude_error,geom_model_cosine_half_period_phase,geom_model_cosine_half_period_phase_error,model_type,num_model_parameters,reduced_chi2,derived_primary_ecl_phase,derived_primary_ecl_phase_error,derived_primary_ecl_duration,derived_primary_ecl_duration_error,derived_primary_ecl_depth,derived_primary_ecl_depth_error,derived_secondary_ecl_phase,derived_secondary_ecl_phase_error,derived_secondary_ecl_duration,derived_secondary_ecl_duration_error,derived_secondary_ecl_depth,derived_secondary_ecl_depth_error
[from data line 395]
375316653866487564,523762018981282688,0.56559926,2211.1308803939505,3.652957545724237,8.632084E-6,18.840849,0.009703626,0.18369588,0.0011116664,0.048738867,0.0037002042,0.4974695,0.04737353,0.68300736,0.0031162412,0.042586964,0.0031034902,0.42165565,0.032549787,0.1220087,0.01505846,0.18369588,0.0011116664,"TWOGAUSSIANS_WITH_ELLIPSOIDAL_ON_ECLIPSE1",9,5.1179333,0.18369588,0.0011116664,0.27293766,0.020721143,0.74148536,0.055649653,0.6830573,0.0029020936,0.23848699,0.017379545,0.6656673,0.018985901
375316653866487564,523762195084767616,0.5772852,2213.709196759071,0.38236084680900273,5.5111577E-6,14.056389,0.001841264,0.16915187,0.0043248045,0.034945324,0.0043657846,0.08766695,0.006522709,0.6672321,0.00182065,0.028944165,0.0019974597,0.23251134,0.0115227485,0.007101367,0.0028140685,0.16915187,0.0043248045,"TWOGAUSSIANS_WITH_ELLIPSOIDAL_ON_ECLIPSE1",9,98.652756,0.66724205,0.001813381,0.16208732,0.011185775,0.24671198,0.009182452,0.16915187,0.0043248045,0.19569382,0.024448393,0.10186966,0.0062864814
375316653866487564,523764325382843008,0.49595413,2214.341742023267,2.711135282778696,1.5636684E-5,19.326921,0.01472394,0.21630415,0.005080467,0.08656987,0.010441867,0.20036528,0.017001536,0.70659167,0.0061780224,0.093416646,0.011141958,0.21455877,0.016229,null,null,null,null,"TWOGAUSSIANS",8,1.8911873,0.70659167,0.0061780224,0.4,0.0,0.20703462,0.014825496,0.21630415,0.005080467,0.4,0.0,0.1928414,0.015674455
375316653866487564,523764737699675776,0.57873476,2204.9413728554923,2.4017919188391517,3.7164968E-6,19.364985,0.014929329,0.29251376,0.0022841063,0.050761417,0.0057299905,0.394289,0.034803987,0.7935918,0.0023514768,0.046164617,0.0042691054,0.30839333,0.03573417,0.12965252,0.01663613,0.29251376,0.0022841063,"TWOGAUSSIANS_WITH_ELLIPSOIDAL_ON_ECLIPSE1",9,1.7387141,0.29251376,0.0022841063,0.28426394,0.03208795,0.65359175,0.019654054,0.7935918,0.0023213963,0.25852185,0.02390699,0.56768423,0.027737148
375316653866487564,523765356173773440,0.4596577,2157.0249234267135,0.8905153080263165,1.0182839E-5,17.236038,0.002883235,0.3639406,0.04635996,0.033104964,0.079475805,0.06810679,4.086633,0.54543525,0.0022778858,0.020143142,0.0021408063,0.578691,0.14902,null,null,null,null,"TWOGAUSSIANS",8,8.410564,0.54543525,0.0022778858,0.11280159,0.011988516,0.578691,0.14902,0.3639406,0.04635996,0.18538779,0.44506449,0.06810679,4.086633
375316653866487564,523766245227089664,0.6381914,2163.1417969102586,1.7635757752860695,2.7581634E-6,17.844849,0.002273914,0.25851038,9.297581E-4,0.05029741,0.0016442223,0.19706275,0.0065882164,0.7667204,0.028860696,0.023531536,0.029375892,0.021702481,125121.01,0.08920522,0.0028171395,0.25851038,9.297581E-4,"TWOGAUSSIANS_WITH_ELLIPSOIDAL_ON_ECLIPSE1",9,1.2462152,0.25851038,9.297581E-4,0.2816655,0.0092076445,0.37547234,0.0050819255,0.7667204,0.027716508,0.1317766,0.16450499,0.19963774,125121.01
375316653866487564,523766490052001664,0.5255208,2192.0684830357172,0.2842868370534352,6.1210536E-5,17.46675,0.0016173497,0.41863903,0.002185015,0.020814288,0.0034304077,0.26992503,0.1667349,0.7337149,0.0822945,0.10805102,0.059930798,0.00831016,0.0047391756,null,null,null,null,"TWOGAUSSIANS",8,1.6584425,0.41864905,0.002181101,0.11656001,0.019210283,0.27004302,0.16674085,0.7337149,0.0822945,0.4,0.10336764,0.008309787,0.004739433
375316653866487564,523767035503371520,0.4784387,2214.762498136752,3.441406009905187,4.74296E-5,17.680399,0.010827452,0.2849609,0.004040288,0.028592516,0.011967751,0.19455263,0.120601505,0.7768047,0.06904965,0.053336654,0.06713963,0.09817782,2.7586226,0.105231814,0.015357859,0.2849609,0.004040288,"TWOGAUSSIANS_WITH_ELLIPSOIDAL_ON_ECLIPSE1",9,30.808008,0.2849609,0.004040288,0.16011809,0.06701941,0.4050154,0.1305795,0.7794547,0.061753906,0.29868525,0.3630153,0.30826768,2.7605817
375316653866487564,523768379837893248,0.667241,2220.7711750774342,0.26317662414183457,5.181402E-5,15.652781,6.0162315E-4,0.23832482,0.027841639,0.021987068,0.019639874,0.43621743,0.10581007,0.51111645,0.015648186,0.035712644,0.018814212,0.0036488664,0.0021895391,6.987119E-4,0.0010575422,0.23832482,0.027841639,"TWOGAUSSIANS_WITH_ELLIPSOIDAL_ON_ECLIPSE1",9,2.6411688,0.23832482,0.027841639,0.12312758,0.109983295,0.43761486,0.10492076,0.5120164,0.015920632,0.19999081,0.105359584,0.003678439,0.0022175265
375316653866487564,523769170111585280,0.56296664,2213.6613074309003,2.7373277550089696,4.8566267E-6,17.78017,0.012326114,0.24654359,0.0020745266,0.098970845,0.005259473,0.2808397,0.0115033435,0.74652034,0.0027662402,0.10226372,0.006402028,0.24736486,0.011349972,null,null,null,null,"TWOGAUSSIANS",8,2.849013,0.24654359,0.0020745266,0.4,0.0,0.25682893,0.0072143595,0.74652034,0.0027662402,0.4,0.0,0.2233525,0.0059311893
375316653866487564,523770647580278144,0.5738559,2200.862453047603,3.0341555758117513,6.4312558E-6,16.537167,0.014263113,0.21844833,0.0015553067,0.051676285,0.0132761095,0.071351044,0.034829285,0.7155694,0.0068272213,0.0624632,0.018113673,0.08791103,0.032944676,0.08100356,0.021058924,0.21844833,0.0015553067,"TWOGAUSSIANS_WITH_ELLIPSOIDAL_ON_ECLIPSE1",9,15.167307,0.71660936,0.0039692232,0.34979394,0.09894605,0.24985853,0.014307281,0.21844833,0.0015553067,0.2893872,0.074346215,0.23333235,0.0128967995
375316653866487564,523772159408966144,0.5026721,2195.791356516791,2.334542069202728,3.298772E-5,18.52884,0.0056894966,0.50633734,0.030041464,0.017155537,0.059123628,0.13703245,0.11530833,0.893598,0.010580372,0.020723253,0.0048248917,0.35685155,0.12460155,null,null,null,null,"TWOGAUSSIANS",8,4.4843693,0.893598,0.010580372,0.11605021,0.027019393,0.35685155,0.12460153,0.50633734,0.030041464,0.096071005,0.29962748,0.13703245,0.11530833
375316653866487564,523772228128136576,0.5952718,2204.0740635452726,1.7455683095088814,4.764581E-6,16.075968,0.0019121581,0.23019439,0.0030436516,0.03325248,0.0064691724,0.0283597,0.00551517,0.7299103,0.0021396584,0.053196616,0.0023413727,0.12244329,0.004309464,0.044089127,0.0026692364,0.23019439,0.0030436516,"TWOGAUSSIANS_WITH_ELLIPSOIDAL_ON_ECLIPSE1",9,7.132146,0.7299503,0.0018093991,0.29790103,0.013111687,0.2106192,0.0025847005,0.23019439,0.0030436516,0.18621388,0.036227368,0.11653585,0.0032994084
375316653866487564,523772434286566016,0.46011928,2193.3809692920595,1.9994786535921516,2.5670774E-5,17.093866,0.015535766,0.281913,0.011302082,0.08647578,0.01898573,0.1723827,0.026380908,0.7942142,0.02583478,0.05683475,0.051586792,0.12086318,0.034969974,null,null,null,null,"TWOGAUSSIANS",8,27.225489,0.281913,0.011302082,0.4,0.0,0.17189053,0.030090647,0.7942142,0.02583478,0.3182746,0.21590558,0.120371036,0.041197505
375316653866487564,523774805108680192,0.5836951,2223.22086881252,4.2109786968015,3.9588513E-6,15.620042,0.011937947,0.2635972,0.0018232289,0.044598214,0.0039276835,0.41931343,0.057820696,0.75378084,0.0011580762,0.05040126,0.0038386544,0.39333183,0.024508964,0.12772189,0.017383687,0.75378084,0.0011580762,"TWOGAUSSIANS_WITH_ELLIPSOIDAL_ON_ECLIPSE2",9,122.453865,0.26273718,0.0017451661,0.24974999,0.021995028,0.6738689,0.059703838,0.75378084,0.0011580762,0.28224704,0.021496464,0.6487733,0.020929595
375316653866487564,523775144401613440,0.57436687,2235.2568934479923,2.3143163532818574,6.9174857E-6,18.283936,0.014202459,0.2929526,0.0027067629,0.09481604,0.0074574426,0.28138667,0.015921168,0.7937099,0.0022563091,0.10510931,0.007148449,0.255831,0.012821485,null,null,null,null,"TWOGAUSSIANS",8,1.9052277,0.2929526,0.0027067629,0.4,0.0,0.25820118,0.017992435,0.7937099,0.0022563091,0.4,0.0,0.23263977,0.0056810575
375316653866487564,523776346992585728,0.5819398,2208.69754688183,4.215843370111187,5.743841E-6,19.123716,0.004700622,0.22647394,0.0021893708,0.072306514,0.0022815631,0.54741955,0.019544616,0.7366868,0.0023429017,0.07043602,0.0028346782,0.4874258,0.017052088,null,null,null,null,"TWOGAUSSIANS",8,1.6339371,0.22647394,0.0021893708,0.4,0.0,0.54568094,0.01976847,0.7366868,0.0023429017,0.39444172,0.013731265,0.48568717,0.017347658
375316653866487564,523778584679658624,0.57656384,2193.0147147223975,0.3441929422078796,3.8272915E-6,13.528143,4.1759497E-4,0.24455915,0.0013158993,0.01971313,0.0023171888,0.03750275,0.00403439,0.74473286,0.0011041643,0.020145696,0.002744852,0.02586844,0.009599939,0.026581984,6.821636E-4,0.24455915,0.0013158993,"TWOGAUSSIANS_WITH_ELLIPSOIDAL_ON_ECLIPSE1",9,13.286741,0.24455915,0.0013158993,0.11039353,0.012976257,0.09066671,0.0040465314,0.74473286,0.0010578193,0.112815894,0.015371172,0.07903234,0.009826416
375316653866487564,523779546752319360,0.58191574,2194.6001147690963,0.36531422693086774,5.5802306E-5,15.957573,0.0013154835,0.46124005,0.0015857462,0.017647762,0.0016065089,0.34424692,0.050888866,0.82971436,0.004329053,0.015169783,0.008823534,0.38812733,36.54304,null,null,null,null,"TWOGAUSSIANS",8,7.605602,0.82971436,0.004329053,0.08495078,0.04941179,0.38812733,36.54304,0.46124005,0.0015857462,0.09882746,0.008996449,0.34424692,0.050888866
375316653866487564,523779890349715200,0.57828224,2174.785307834931,0.38031542518051487,1.26864115E-5,17.149326,9.4025047E-4,0.11282703,8.9051394E-4,0.014543184,0.0011734519,0.21133387,0.008999459,0.80213195,0.08979375,0.084786825,0.06675747,0.0043678856,0.0019102409,null,null,null,null,"TWOGAUSSIANS",8,1.7588135,0.11282703,8.9051394E-4,0.081441835,0.0065713306,0.21133918,0.009000597,0.80213195,0.08979375,0.4,0.12347512,0.0043678856,0.0019105152
375316653866487564,523781539617332608,0.5071206,2226.3255884034947,0.16994996042496036,2.6111444E-5,17.403057,0.0019977477,0.098581046,0.0020540426,0.011971551,0.00143855,0.4757178,0.037351932,null,null,null,null,null,null,null,null,null,null,"ONEGAUSSIAN",5,13.498406,0.098581046,0.0020540426,0.06704068,0.00805588,0.4757178,0.0,null,null,null,null,null,null
375316653866487564,523783051445761280,0.686428,2228.0197149473693,0.5589754301351969,1.1509716E-6,16.347073,6.3626445E-4,0.2412616,8.932061E-4,0.01789287,5.171286E-4,0.40423155,0.0038206142,0.7395811,2.7658005E-4,0.017467096,4.5372045E-4,0.42106926,0.012206947,null,null,null,null,"TWOGAUSSIANS",8,2.5356612,0.7395811,2.7658005E-4,0.097815745,0.0025408345,0.42106926,0.012206947,0.2412616,8.932061E-4,0.100200064,0.0028959203,0.40423155,0.0038206142
375316653866487564,523783704281193984,0.52521825,2235.7518947578155,0.5167942308145655,1.25040415E-5,16.02966,0.0012041429,0.20357049,0.0018768377,0.027485456,0.001964553,0.11909726,0.0036072272,null,null,null,null,null,null,0.017403817,0.0016418507,0.20357049,0.0018768377,"ONEGAUSSIAN_WITH_ELLIPSOIDAL",6,5.013611,0.20357049,0.0018768377,0.15391856,0.011001497,0.15390489,0.0028653904,null,null,null,null,null,null
375316653866487564,523785422260086912,0.545445,2207.024229987767,0.6443475519202176,2.5737667E-5,18.826786,0.003501048,0.40942937,0.13893108,0.040100694,0.06720025,0.016976593,0.018300397,0.80993193,0.011830473,0.022135176,0.0051226057,0.69743544,0.2012299,null,null,null,null,"TWOGAUSSIANS",8,2.3107164,0.80993193,0.011830473,0.123956986,0.028686592,0.69743544,0.2012445,0.40942937,0.13893108,0.22456388,0.21171533,0.016976593,0.01829996
375316653866487564,523785456627309952,0.5030007,2186.5054768293016,0.1987595169745165,2.8245799E-5,17.925419,0.0018338199,0.0866352,0.023111392,0.019121747,0.025849188,0.0819806,1.79472376E15,0.56596076,0.0028443253,0.043475717,0.0015960434,0.3429803,0.0046606017,null,null,null,null,"TWOGAUSSIANS",8,3.2228901,0.56596076,0.0028443253,0.24346402,0.008937843,0.3429803,0.0046606017,0.0866352,0.023111392,0.107081786,0.14475545,0.0819806,1.79472376E15
375316653866487564,523786453059714176,0.5279627,2190.467246387183,0.7535452595960485,4.561098E-6,13.80784,5.4180936E-4,0.293788,0.0034303453,0.014860054,0.0046871076,0.0029312854,0.0028565605,0.7928411,0.0023234198,0.028945351,0.0021673914,0.030920174,0.0021578053,0.013372183,8.515804E-4,0.293788,0.0034303453,"TWOGAUSSIANS_WITH_ELLIPSOIDAL_ON_ECLIPSE1",9,9.898888,0.7928911,0.0021817442,0.16209397,0.012137392,0.057663582,0.002169099,0.293788,0.0034303453,0.0832163,0.026247803,0.02967559,0.0021677322
375316653866487564,523788583363600256,0.5086564,2190.6438145303414,0.1431328861754028,1.1162981E-5,15.965989,7.862704E-4,0.55166554,0.002988891,0.007312098,0.003921481,0.83093446,14.1969185,null,null,null,null,null,null,null,null,null,null,"ONEGAUSSIAN",5,39.50465,0.55166554,0.002988891,0.040947746,0.021960294,0.83093446,0.0,null,null,null,null,null,null
375316653866487564,523791911954482560,0.50123256,2171.3507148974227,1.3736334050810388,1.4121431E-5,19.605486,0.0114078475,0.17963478,0.0028580008,0.040384896,0.0045119384,0.49048594,0.048826102,0.6726427,0.005676674,0.03860456,0.0059345877,0.25511497,0.07031484,null,null,null,null,"TWOGAUSSIANS",8,3.308201,0.17963478,0.0028580008,0.22615542,0.025266856,0.49048594,0.048826106,0.6726427,0.005676674,0.21618554,0.03323369,0.25511497,0.07031484
375316653866487564,523794110978073856,0.42705423,2166.6879462563934,0.2785722009937051,4.818615E-5,19.446426,0.01386633,0.32584617,0.017226722,0.068922535,0.011255561,0.1706742,0.034428705,0.7706748,0.0053225867,0.04416308,0.0052225552,0.38923132,0.082533665,null,null,null,null,"TWOGAUSSIANS",8,8.675936,0.7706748,0.0053225867,0.24731325,0.02924631,0.38922867,0.08253512,0.32584617,0.017226722,0.3859662,0.05560523,0.17067154,0.034425974
375316653866487564,523794385855564544,0.4839855,2198.605717649969,2.4128396110406536,2.0068726E-5,19.219572,0.024379594,0.2022044,0.0058817714,0.069616005,0.011069872,0.21207815,0.023777923,0.6592397,0.006977018,0.08920778,0.013239947,0.32662907,0.034316376,null,null,null,null,"TWOGAUSSIANS",8,4.7020845,0.6592397,0.006977018,0.4,0.0,0.3250745,0.03433774,0.2022044,0.0058817714,0.38984963,0.048548754,0.21052423,0.021441797
375316653866487564,523794557654246144,0.42027324,2170.135236500516,3.1633468351459544,5.3097094E-5,19.895002,0.019331237,0.31235498,0.013313102,0.014239596,0.010423533,0.30037504,0.04117471,0.7483477,0.014927236,0.06590123,0.011334118,0.3520347,0.033369683,null,null,null,null,"TWOGAUSSIANS",8,11.106925,0.7483477,0.014927236,0.3690469,0.05344492,0.3520347,0.033369683,0.31235498,0.013313102,0.07974174,0.058371786,0.30037504,0.041174706
375316653866487564,523795111715084288,0.6268427,2180.658753882435,0.5720731894731156,6.5479235E-6,17.488327,0.0044177715,0.12074018,0.0028445674,0.030374274,0.0021301825,0.095212184,0.0054116384,0.6167131,9.5329236E-4,0.030449737,8.901719E-4,1.2557498,0.04061336,null,null,null,null,"TWOGAUSSIANS",8,10.980082,0.6167131,9.5329236E-4,0.17051853,0.0049849628,1.2557498,0.04061336,0.12074018,0.0028445674,0.17009594,0.011929022,0.095212184,0.0054116384
375316653866487564,523796894116809344,0.5734813,2208.7737177758213,2.285440472986536,1.5990081E-5,19.085352,0.007839992,0.3212347,0.007772955,0.033052288,0.0038363417,0.47918573,0.105570935,0.8171471,0.002084899,0.033398665,0.002896648,0.6916764,0.028399026,0.048277825,0.012735257,0.3212347,0.007772955,"TWOGAUSSIANS_WITH_ELLIPSOIDAL_ON_ECLIPSE1",9,4.1998296,0.8171971,0.0020586275,0.18703252,0.016221227,0.788169,0.023335306,0.3212347,0.007772955,0.1850928,0.021483514,0.5757413,0.10162615
375316653866487564,523797035860383616,0.53306323,2204.8441973283916,0.6923304444399953,1.0597037E-5,15.430066,0.22085387,0.23305635,0.0036587971,0.14473686,0.11979618,0.07601126,0.21345514,0.73219323,0.003230381,0.13091978,0.074826665,0.07754439,0.18459564,null,null,null,null,"TWOGAUSSIANS",8,4.1712112,0.73219323,0.0032395131,0.4,0.0,0.048540358,0.002883462,0.23307636,0.003685445,0.4,0.0,0.04672321,0.0019134766
