Gaia/vari_eclipsing_binary/VariEclipsingBinary_642279-642709.csv
# %ECSV 1.0
# ---
# delimiter: ','
# meta: !!omap
# - RELEASE: Gaia DR3
# - TABLE: vari_eclipsing_binary
# - DESCRIPTION: >
#     This table describes the properties of the eclipsing binaries resulting from the variability analysis. 
# - CITATION: >
#     How to cite and acknowledge Gaia: 
#     https://gea.esac.esa.int/archive/documentation/credits.html 
# - KNOWN_ISSUES: >
#     Known issues: 
#     https://www.cosmos.esa.int/web/gaia-users/known-issues 
# - DOCUMENTATION: >
#     Tutorials and documentation: 
#     https://www.cosmos.esa.int/web/gaia-users/archive 
# datatype:
# - 
#   name: solution_id
#   datatype: int64
#   description: Solution Identifier
#   meta:
#     ucd: meta.version
# - 
#   name: source_id
#   datatype: int64
#   description: Unique source identifier
#   meta:
#     ucd: meta.id;meta.main
# - 
#   name: global_ranking
#   datatype: float32
#   description: Number between 0 (worst) and 1 (best)
#   meta:
#     ucd: stat.param
# - 
#   name: reference_time
#   datatype: float64
#   unit: d
#   description: Reference time used for the geometric model fit
#   meta:
#     ucd: time.epoch
# - 
#   name: frequency
#   datatype: float64
#   unit: d**-1
#   description: Frequency of geometric model of the eclipsing binary light curve
#   meta:
#     ucd: src.orbital
# - 
#   name: frequency_error
#   datatype: float32
#   unit: d**-1
#   description: "Uncertainty of \\texttt{frequency}"
#   meta:
#     ucd: stat.error
# - 
#   name: geom_model_reference_level
#   datatype: float32
#   unit: mag
#   description: Magnitude reference level of geometric model
#   meta:
#     ucd: phot.mag;em.opt
# - 
#   name: geom_model_reference_level_error
#   datatype: float32
#   unit: mag
#   description: "Uncertainty of \\texttt{geomModelReferenceLevel}"
#   meta:
#     ucd: stat.error;phot.mag;em.opt
# - 
#   name: geom_model_gaussian1_phase
#   datatype: float32
#   description: Phase of the Gaussian 1 component
#   meta:
#     ucd: time.phase
# - 
#   name: geom_model_gaussian1_phase_error
#   datatype: float32
#   description: "Uncertainty of \\texttt{geomModelGaussian1Phase}"
#   meta:
#     ucd: stat.error;time.phase
# - 
#   name: geom_model_gaussian1_sigma
#   datatype: float32
#   description: "Standard deviation [phase] of Gaussian 1 component"
#   meta:
#     ucd: stat.stdev
# - 
#   name: geom_model_gaussian1_sigma_error
#   datatype: float32
#   description: "Uncertainty of \\texttt{geomModelGaussian1Sigma}"
#   meta:
#     ucd: stat.error
# - 
#   name: geom_model_gaussian1_depth
#   datatype: float32
#   unit: mag
#   description: Magnitude depth of Gaussian 1 component
#   meta:
#     ucd: src.var.amplitude
# - 
#   name: geom_model_gaussian1_depth_error
#   datatype: float32
#   unit: mag
#   description: "Uncertainty of \\texttt{geomModelGaussian1Depth}"
#   meta:
#     ucd: stat.error;src.var.amplitude
# - 
#   name: geom_model_gaussian2_phase
#   datatype: float32
#   description: Phase of Gaussian 2 component
#   meta:
#     ucd: time.phase
# - 
#   name: geom_model_gaussian2_phase_error
#   datatype: float32
#   description: "Uncertainty of \\texttt{geomModelGaussian2Phase}"
#   meta:
#     ucd: stat.error;time.phase
# - 
#   name: geom_model_gaussian2_sigma
#   datatype: float32
[...]
#   datatype: float32
#   description: "Secondary eclipse: uncertainty of \\texttt{derivedSecondaryEclDuration}"
#   meta:
#     ucd: stat.error;time.duration
# - 
#   name: derived_secondary_ecl_depth
#   datatype: float32
#   unit: mag
#   description: "Secondary eclipse: depth"
#   meta:
#     ucd: src.var.amplitude
# - 
#   name: derived_secondary_ecl_depth_error
#   datatype: float32
#   unit: mag
#   description: "Secondary eclipse: uncertainty of \\texttt{derivedSecondaryEclDepth}"
#   meta:
#     ucd: stat.error;src.var.amplitude
solution_id,source_id,global_ranking,reference_time,frequency,frequency_error,geom_model_reference_level,geom_model_reference_level_error,geom_model_gaussian1_phase,geom_model_gaussian1_phase_error,geom_model_gaussian1_sigma,geom_model_gaussian1_sigma_error,geom_model_gaussian1_depth,geom_model_gaussian1_depth_error,geom_model_gaussian2_phase,geom_model_gaussian2_phase_error,geom_model_gaussian2_sigma,geom_model_gaussian2_sigma_error,geom_model_gaussian2_depth,geom_model_gaussian2_depth_error,geom_model_cosine_half_period_amplitude,geom_model_cosine_half_period_amplitude_error,geom_model_cosine_half_period_phase,geom_model_cosine_half_period_phase_error,model_type,num_model_parameters,reduced_chi2,derived_primary_ecl_phase,derived_primary_ecl_phase_error,derived_primary_ecl_duration,derived_primary_ecl_duration_error,derived_primary_ecl_depth,derived_primary_ecl_depth_error,derived_secondary_ecl_phase,derived_secondary_ecl_phase_error,derived_secondary_ecl_duration,derived_secondary_ecl_duration_error,derived_secondary_ecl_depth,derived_secondary_ecl_depth_error
[from data line 429]
375316653866487564,5652364466927091968,0.5164901,2260.6908357749044,3.7965840007114733,1.6543267E-5,17.88936,0.005775575,0.1984645,0.002167408,0.08278889,0.0043134275,0.32144347,0.010014834,0.69701827,0.00464287,0.083518796,0.0055923406,0.16270415,0.007865387,null,null,null,null,"TWOGAUSSIANS",8,5.597002,0.1984645,0.002167408,0.4,0.0,0.31663167,0.010209277,0.69701827,0.00464287,0.4,0.0,0.15789235,0.0074480274
375316653866487564,5652366528511506048,0.6709743,2308.85576777126,1.668379118142015,2.6193065E-6,14.658113,0.0024030919,0.15979369,0.0012744236,0.04571153,0.0030412045,0.073124446,0.005337061,0.6581093,0.0014018948,0.053471483,0.001312367,0.22529835,0.005490982,0.0401831,0.0027084774,0.15979369,0.0012744236,"TWOGAUSSIANS_WITH_ELLIPSOIDAL_ON_ECLIPSE1",9,8.919419,0.6582393,0.0012689546,0.2994403,0.0073492555,0.30565268,0.003966854,0.15979369,0.0012744236,0.25598454,0.017030746,0.15348713,0.0031509916
375316653866487564,5652371270155882880,0.60115975,2277.3309338790787,0.23448004981225865,2.7297016E-5,16.571901,0.002364406,0.33841518,0.12559491,0.071511894,0.041959286,0.036646906,0.048864905,0.8556507,7.716912E-4,0.008465986,7.2772754E-4,0.5918383,0.12425032,null,null,null,null,"TWOGAUSSIANS",8,6.426913,0.8556507,7.716912E-4,0.04740952,0.0040752743,0.5918383,0.12425032,0.33841518,0.12559491,0.4,0.11208895,0.036646906,0.048864957
375316653866487564,5652376114878955520,0.52261597,2293.436894061805,1.8132929061216618,2.2840093E-5,16.81314,0.0026562726,0.5214426,0.0013263765,0.04301102,0.001584928,0.29282162,0.0145481415,null,null,null,null,null,null,null,null,null,null,"ONEGAUSSIAN",5,15.106124,0.5214426,0.0013263765,0.24086173,0.008875596,0.29282162,0.0,null,null,null,null,null,null
375316653866487564,5652377381891251712,0.42871055,2303.439233631234,0.08967986714867675,8.5471775E-6,16.980923,0.0048753177,0.39779317,0.0056007276,0.008842079,0.0021176834,0.2044256,0.112139545,0.82830787,0.015409936,0.06198631,0.017342204,0.055828936,0.0076220315,null,null,null,null,"TWOGAUSSIANS",8,18.93739,0.39779317,0.0056007276,0.04951564,0.011859027,0.2044256,0.112139545,0.82830787,0.015409936,0.34712332,0.09711635,0.055828936,0.0076220315
375316653866487564,5652379379054033024,0.45274255,2270.7606394685363,3.2251215594191414,3.2056792E-5,16.155828,0.0038435094,0.12884083,0.0055659176,0.06587855,0.04218657,0.022925034,0.022275075,0.57093894,0.028427904,0.014822104,0.017874481,0.20769702,9.294142E36,0.053772997,0.008367662,0.12884083,0.0055659176,"TWOGAUSSIANS_WITH_ELLIPSOIDAL_ON_ECLIPSE1",9,54.993015,0.5714089,0.028498614,0.08300378,0.1000971,0.30171463,9.294142E36,0.12884083,0.0055659176,0.36891985,0.11397034,0.13045388,0.020784484
375316653866487564,5652383772802912000,0.5992181,2227.156623710736,3.9482404928796946,6.994346E-6,17.762266,0.0074750823,0.25105435,0.0016360016,0.07422931,0.0020769795,0.43322855,0.0077235387,0.75495327,0.0021520886,0.07835906,0.0032469467,0.38757136,0.016309086,null,null,null,null,"TWOGAUSSIANS",8,4.6107826,0.25105435,0.0016360016,0.4,0.0,0.42972487,0.007050607,0.75495327,0.0021520886,0.4,0.0,0.38406768,0.016633714
375316653866487564,5652384082040630272,0.66333807,2251.593690106862,3.743481601573996,4.1220896E-6,17.951263,0.01673411,0.27323455,0.0011543868,0.05600096,0.003090618,0.4739485,0.032452438,0.7734592,0.0012904074,0.048787788,0.0026973013,0.41974604,0.037737098,0.104660794,0.020442268,0.27323455,0.0011543868,"TWOGAUSSIANS_WITH_ELLIPSOIDAL_ON_ECLIPSE1",9,3.434579,0.27323455,0.0011543868,0.31360537,0.01730746,0.6832469,0.011478036,0.7734592,0.0012519221,0.2732116,0.015104888,0.62904406,0.011486223
375316653866487564,5652387655452957056,0.53348935,2277.05309080992,2.4202337325484846,5.5364017E-6,16.277857,8.0563256E-4,0.6127912,1.7198648E-4,0.0060579,2.3847571E-4,0.14620115,0.005929559,0.7859701,0.02747606,0.007252053,0.015869437,0.020606853,0.08313082,null,null,null,null,"TWOGAUSSIANS",8,3.5304682,0.6127912,1.7198648E-4,0.03392424,0.001335464,0.14620115,0.005929559,0.7859701,0.02747606,0.040611498,0.08886884,0.020606853,0.08313082
375316653866487564,5652388999780930816,0.6363092,2280.6404117574216,1.2714406262837739,1.4891953E-5,15.756598,0.0012012351,0.41568094,0.0010323416,0.038800273,8.346531E-4,0.5379577,0.0039024418,0.6109317,0.020994958,0.030230058,0.020597378,0.009245799,0.023165451,null,null,null,null,"TWOGAUSSIANS",8,10.017102,0.41568094,0.0010323416,0.21728154,0.0046740575,0.5379577,0.003902442,0.6109317,0.020994958,0.16928832,0.115345314,0.009247505,0.023164673
375316653866487564,5652393118651901056,0.508847,2282.007110056926,4.139303484043184,1.820975E-5,18.974602,0.012059002,0.20066577,0.0031586953,0.0777281,0.006127402,0.3377666,0.015518059,0.70295465,0.007982084,0.07391956,0.0055557,0.40993434,0.06393162,null,null,null,null,"TWOGAUSSIANS",8,4.630153,0.70295465,0.007982084,0.4,0.0,0.4068584,0.06416113,0.20066577,0.0031586953,0.4,0.0,0.33469066,0.015470748
375316653866487564,5652398242550339712,0.4735805,2271.458256070055,0.5495755554849834,4.742745E-5,16.249958,0.002468325,0.45626205,0.04224623,0.0785006,0.028597204,0.024936492,0.009999271,0.6811929,2.5656374E-4,0.008933155,5.0406327E-4,0.9457426,0.2004559,null,null,null,null,"TWOGAUSSIANS",8,40.468292,0.6811929,2.5656374E-4,0.050025668,0.0028227544,0.9461538,0.2005263,0.45626205,0.04224623,0.4,0.06380978,0.024936492,0.0099992715
375316653866487564,5652398650570302976,0.5301514,2280.0924017290317,4.146524438567449,3.4379027E-5,18.690233,0.005228328,0.28138447,0.0040232018,0.023803592,0.007037843,0.18358709,0.16019182,null,null,null,null,null,null,0.10771346,0.0066031627,0.28138447,0.0040232018,"ONEGAUSSIAN_WITH_ELLIPSOIDAL",6,4.3878226,0.28138447,0.0040232018,0.13330011,0.03941192,0.39901382,0.15867469,null,null,null,null,null,null
375316653866487564,5652401025688676608,0.5453086,2255.542114213173,1.715670102987606,1.5980642E-5,17.328213,0.003933656,0.24485485,0.004756681,0.037687257,0.008448919,0.018821774,0.011024765,0.7458653,0.005336949,0.048596743,0.0074513853,0.14325039,0.02630096,0.042439025,0.0057023065,0.24485485,0.004756681,"TWOGAUSSIANS_WITH_ELLIPSOIDAL_ON_ECLIPSE1",9,3.9018893,0.7458653,0.00530375,0.27214175,0.04172776,0.22812468,0.02533392,0.24485485,0.004756681,0.21104863,0.04731395,0.103699476,0.0031047708
375316653866487564,5652401575444497408,0.5640556,2269.952971761399,3.6618126494356025,6.6028247E-6,16.660572,0.0019559981,0.27840003,0.007215372,0.06424673,0.0069015217,0.1003262,0.01160752,0.7914175,0.0022295702,0.06465625,0.002920371,0.12570453,0.0035087906,null,null,null,null,"TWOGAUSSIANS",8,4.409546,0.7914175,0.0022295702,0.362075,0.016354078,0.12562287,0.003512448,0.27840003,0.007215372,0.35978165,0.038648523,0.100244544,0.011629885
375316653866487564,5652403911906689920,0.5346316,2265.680472460151,3.2473982947232525,1.6943572E-5,17.000307,0.014059755,0.26983055,0.0032849628,0.049478684,0.010786717,0.111039974,0.030722938,0.78295374,0.011650855,0.054417137,0.016002059,0.0799148,0.02986636,0.08683714,0.016444227,0.26983055,0.0032849628,"TWOGAUSSIANS_WITH_ELLIPSOIDAL_ON_ECLIPSE1",9,17.053818,0.26983055,0.0032849628,0.27708063,0.060405612,0.2847126,0.010852654,0.78295374,0.011650855,0.30473596,0.08961154,0.25240934,0.008973833
375316653866487564,5652406312791821952,0.55802304,2297.704032699363,4.200990160470181,9.952437E-6,18.138031,0.01221635,0.23519911,0.004844093,0.07614191,0.006075883,0.33871368,0.018466564,0.74747175,0.0043085865,0.06852049,0.005107687,0.39601767,0.028633628,null,null,null,null,"TWOGAUSSIANS",8,8.882807,0.74747175,0.0043085865,0.3837147,0.026390444,0.39463985,0.028848508,0.23519911,0.004844093,0.4,0.0,0.33733585,0.018357832
375316653866487564,5652407107362638720,0.6673947,2282.9962186885246,0.29113546899159215,3.725552E-6,15.222943,0.0010433155,0.17416456,0.015247467,0.01261772,0.011982821,0.3285737,3.6538417E10,0.6771704,5.878731E-4,0.011186158,4.0604197E-4,0.47809806,0.010136335,null,null,null,null,"TWOGAUSSIANS",8,11.330798,0.6771704,5.878731E-4,0.062642485,0.002273835,0.47809806,0.010136335,0.17416456,0.015247467,0.070659235,0.067103796,0.3285737,3.6538417E10
375316653866487564,5652409856141764480,0.5298027,2292.260343195276,0.781608930000324,1.9314994E-5,15.620421,0.0036398864,0.51521003,0.0020469036,0.021556128,0.003077009,0.2539623,0.047032624,0.85393214,0.013209133,0.023216665,0.0030609155,0.26114196,0.06266602,0.004692831,0.005582295,0.51521003,0.0020469036,"TWOGAUSSIANS_WITH_ELLIPSOIDAL_ON_ECLIPSE1",9,51.465157,0.8540421,0.013159708,0.13001332,0.017141126,0.26377165,0.0632321,0.51521003,0.0020469036,0.12071432,0.01723125,0.26334798,0.04975797
375316653866487564,5652410539039926272,0.45742,2315.9525246172784,2.1749775632191324,3.8511036E-5,17.01101,0.007352085,0.25908822,0.009673216,0.03449575,0.030877255,0.063231595,0.062357537,0.95319396,0.025602382,0.03937462,0.046287615,0.020569291,0.01454078,0.041022316,0.010902419,0.25908822,0.009673216,"TWOGAUSSIANS_WITH_ELLIPSOIDAL_ON_ECLIPSE1",9,26.61944,0.25908822,0.009673216,0.19317618,0.17291263,0.14527565,0.072873645,0.95319396,0.025602382,0.22049786,0.25921065,0.030278629,0.016340738
375316653866487564,5652413704432327168,0.5530105,2314.3282535350577,2.549547824336506,1.533329E-5,15.943091,0.029145898,0.28921008,0.0042902804,0.106498785,0.015190811,0.23760162,0.026810097,0.79638034,0.004402059,0.097648114,0.014446065,0.24274461,0.018318148,null,null,null,null,"TWOGAUSSIANS",8,30.927023,0.79638034,0.0044104056,0.4,0.0,0.22084518,0.013845371,0.28921008,0.0042902804,0.4,0.0,0.2156951,0.00918202
375316653866487564,5652416178333360896,0.5833348,2275.3750980614222,3.788309287334693,3.999486E-6,18.935072,0.005619645,0.22222693,0.0030211413,0.06291712,0.003318562,0.545522,0.037290443,0.7207745,0.0015812606,0.06151481,0.0019979922,0.4970842,0.012276932,null,null,null,null,"TWOGAUSSIANS",8,2.3764136,0.22222693,0.0030211413,0.35233587,0.018583948,0.54521203,0.037380006,0.7207745,0.0015812606,0.34448293,0.011188756,0.49677423,0.012294542
375316653866487564,5652416380195821696,0.61021185,2261.2870437848856,0.2981031491440413,7.1694467E-6,16.772614,0.0013565636,0.1890875,0.0013184776,0.02379019,0.0013729058,1.1431601,0.28671256,0.6875009,0.0033427142,0.023615114,0.004908502,0.10282963,0.006389589,0.016094735,0.0024200708,0.1890875,0.0013184776,"TWOGAUSSIANS_WITH_ELLIPSOIDAL_ON_ECLIPSE1",9,3.7850223,0.1890875,0.0013184776,0.13322507,0.0076882727,1.1753496,0.28806898,0.68752086,0.00330873,0.13224465,0.027487611,0.13501592,0.005387589
375316653866487564,5652425902139205760,0.45564535,2296.9585587465217,0.10096226326255088,7.037348E-5,15.249416,0.0012587834,0.30405298,0.021467725,0.049306888,0.020747777,0.102080375,0.33109564,0.7289729,0.018474119,0.10571899,0.009869752,0.058552906,0.008945929,null,null,null,null,"TWOGAUSSIANS",8,11.050192,0.30407298,0.021451684,0.27611858,0.11618755,0.10196623,0.3312578,0.7289729,0.018474119,0.4,0.0,0.05842056,0.008999043
375316653866487564,5652426619397695232,0.4962177,2275.0409045841857,2.815227876857658,2.2418646E-5,19.753242,0.0068871034,0.2795037,0.0029229796,0.05823801,0.0050880183,0.25724396,0.030339018,0.8082247,0.04641991,0.021504683,0.024824975,0.3006977,0.542464,null,null,null,null,"TWOGAUSSIANS",8,1.3503698,0.8082247,0.04641991,0.12042623,0.13901986,0.3006977,0.54246396,0.2795037,0.0029229796,0.32613286,0.028492901,0.25724396,0.03033897
375316653866487564,5652430403267045248,0.677113,2280.9633527632946,0.4400244320893659,4.1898707E-6,16.98312,8.421596E-4,0.22030851,0.003788942,0.014348079,8.609267E-4,0.71339524,0.22852482,0.721411,7.7734294E-4,0.016141746,0.0011638833,0.52610815,0.010795919,null,null,null,null,"TWOGAUSSIANS",8,2.1510534,0.22030851,0.003788942,0.080349244,0.004821189,0.71339524,0.22852482,0.721411,7.7734294E-4,0.090393774,0.006517746,0.52610815,0.010795919
375316653866487564,5652433598720753024,0.61406255,2297.172003169853,0.5288654104139026,3.0598043E-5,16.621895,0.002343102,0.45689234,0.03459977,0.046790976,0.04811312,0.021883393,22.809216,0.7252927,0.0018370574,0.033820745,0.0021701024,0.44957092,0.005952649,0.006044027,0.0034667482,0.7252927,0.0018370574,"TWOGAUSSIANS_WITH_ELLIPSOIDAL_ON_ECLIPSE2",9,10.63519,0.7252927,0.0018370574,0.18939617,0.012152573,0.46165892,0.006878991,0.45497233,0.037161075,0.26202947,0.26943347,0.022060912,22.809216
375316653866487564,5652437447011269120,0.6513614,2243.466363463341,2.4063592499297917,5.321278E-6,16.487144,0.0145152025,0.26742533,0.0014548216,0.054042187,0.00830742,0.13629273,0.02985227,0.76810586,0.004638277,0.06249744,0.013181478,0.10534784,0.02724366,0.09209306,0.016407022,0.26742533,0.0014548216,"TWOGAUSSIANS_WITH_ELLIPSOIDAL_ON_ECLIPSE1",9,3.887015,0.26742533,0.0014548216,0.30263624,0.04652155,0.32044172,0.004801435,0.76810586,0.0045025856,0.3499857,0.07381628,0.28949347,0.00858494
375316653866487564,5652441432740685824,0.63112026,2291.8403948955993,0.5697054569393054,6.4682827E-6,15.701235,0.0010295212,0.35919052,0.02453766,0.020961521,0.011605771,0.12689614,0.07063549,0.8626362,5.544362E-4,0.020600632,9.995619E-4,0.38911393,0.019569332,null,null,null,null,"TWOGAUSSIANS",8,8.330225,0.8626362,5.544362E-4,0.11536354,0.0055975467,0.38911393,0.019569332,0.35919052,0.02453766,0.117384516,0.064992316,0.12689614,0.07063549
375316653866487564,5652442253077323136,0.5107456,2296.182662531125,2.6913267571374604,1.6002208E-5,17.787437,0.015149909,0.27400112,0.007371692,0.0965016,0.015192922,0.13337933,0.013920826,0.76262736,0.0047028004,0.10353982,0.012625415,0.16172612,0.014042942,null,null,null,null,"TWOGAUSSIANS",8,3.974337,0.76262736,0.0047028004,0.4,0.0,0.15050657,0.0056401263,0.27400112,0.0073883487,0.4,0.0,0.1221625,0.0086189015
375316653866487564,5652443799265620224,0.48825574,2306.23630110882,0.1196949754839047,1.2546166E-5,17.565487,0.0023774058,0.22269867,0.003807068,0.028840365,0.006359463,0.10476921,0.012972526,0.6842625,0.0055264235,0.021644613,0.0038129773,0.07661022,0.008522509,null,null,null,null,"TWOGAUSSIANS",8,3.0461466,0.22269867,0.003807068,0.16150604,0.035612993,0.10476921,0.012972526,0.6842625,0.0055264235,0.12120983,0.021352673,0.07661022,0.008522509
375316653866487564,5652446346183258880,0.48174903,2288.8630180619525,1.4913253375869489,1.9942841E-5,15.212939,0.004582136,0.23928727,0.00436547,0.09845067,0.01211086,0.045138124,0.004316471,0.7472492,0.0074890726,0.09468809,0.012247029,0.04070142,0.004938162,null,null,null,null,"TWOGAUSSIANS",8,9.476557,0.23928727,0.00436547,0.4,0.0,0.04243799,0.0026419417,0.7472492,0.0074890726,0.4,0.0,0.03800145,0.0034858675
375316653866487564,5652449502983735168,0.4892628,2286.690363975225,2.6247296532148305,1.8675417E-5,17.424286,0.014017767,0.19209293,0.0071176314,0.10543646,0.014165148,0.12333999,0.014142211,0.7056244,0.0077327588,0.09037327,0.013765721,0.14837496,0.012189362,null,null,null,null,"TWOGAUSSIANS",8,9.31148,0.7056244,0.007727239,0.4,0.0,0.1398026,0.009877339,0.19209293,0.0071176314,0.4,0.0,0.11476391,0.009325054
375316653866487564,5652449915299096192,0.5043819,2265.139629761188,2.5850695609019017,1.06230755E-5,19.284607,0.0062610307,0.24339078,0.0019928936,0.049662407,0.0038513234,0.2999127,0.026887542,0.7467818,0.0057117892,0.038798016,0.0045349197,0.21485649,0.032367487,null,null,null,null,"TWOGAUSSIANS",8,2.5442948,0.24339078,0.0019928936,0.2781095,0.021567412,0.29991263,0.026887633,0.7467818,0.0057117892,0.21726888,0.025395552,0.21485643,0.03236754
375316653866487564,5652454248923140736,0.64238256,2284.4408807876853,0.46191851501043424,7.4115087E-6,15.576915,4.1983975E-4,0.25415358,2.808871E-8,1.198098E-4,8.105129E-6,0.0040805223,4.0086373E-4,0.668653,0.0068523777,0.025244959,0.006898756,0.283705,0.0725115,null,null,null,null,"TWOGAUSSIANS",8,2.5918934,0.668653,0.0068523777,0.14137177,0.038633034,0.283705,0.0725115,0.25415358,2.808871E-8,6.709349E-4,4.5388722E-5,0.0040805223,4.0086373E-4
