Gaia/vari_eclipsing_binary/VariEclipsingBinary_756504-756682.csv
# %ECSV 1.0
# ---
# delimiter: ','
# meta: !!omap
# - RELEASE: Gaia DR3
# - TABLE: vari_eclipsing_binary
# - DESCRIPTION: >
#     This table describes the properties of the eclipsing binaries resulting from the variability analysis. 
# - CITATION: >
#     How to cite and acknowledge Gaia: 
#     https://gea.esac.esa.int/archive/documentation/credits.html 
# - KNOWN_ISSUES: >
#     Known issues: 
#     https://www.cosmos.esa.int/web/gaia-users/known-issues 
# - DOCUMENTATION: >
#     Tutorials and documentation: 
#     https://www.cosmos.esa.int/web/gaia-users/archive 
# datatype:
# - 
#   name: solution_id
#   datatype: int64
#   description: Solution Identifier
#   meta:
#     ucd: meta.version
# - 
#   name: source_id
#   datatype: int64
#   description: Unique source identifier
#   meta:
#     ucd: meta.id;meta.main
# - 
#   name: global_ranking
#   datatype: float32
#   description: Number between 0 (worst) and 1 (best)
#   meta:
#     ucd: stat.param
# - 
#   name: reference_time
#   datatype: float64
#   unit: d
#   description: Reference time used for the geometric model fit
#   meta:
#     ucd: time.epoch
# - 
#   name: frequency
#   datatype: float64
#   unit: d**-1
#   description: Frequency of geometric model of the eclipsing binary light curve
#   meta:
#     ucd: src.orbital
# - 
#   name: frequency_error
#   datatype: float32
#   unit: d**-1
#   description: "Uncertainty of \\texttt{frequency}"
#   meta:
#     ucd: stat.error
# - 
#   name: geom_model_reference_level
#   datatype: float32
#   unit: mag
#   description: Magnitude reference level of geometric model
#   meta:
#     ucd: phot.mag;em.opt
# - 
#   name: geom_model_reference_level_error
#   datatype: float32
#   unit: mag
#   description: "Uncertainty of \\texttt{geomModelReferenceLevel}"
#   meta:
#     ucd: stat.error;phot.mag;em.opt
# - 
#   name: geom_model_gaussian1_phase
#   datatype: float32
#   description: Phase of the Gaussian 1 component
#   meta:
#     ucd: time.phase
# - 
#   name: geom_model_gaussian1_phase_error
#   datatype: float32
#   description: "Uncertainty of \\texttt{geomModelGaussian1Phase}"
#   meta:
#     ucd: stat.error;time.phase
# - 
#   name: geom_model_gaussian1_sigma
#   datatype: float32
#   description: "Standard deviation [phase] of Gaussian 1 component"
#   meta:
#     ucd: stat.stdev
# - 
#   name: geom_model_gaussian1_sigma_error
#   datatype: float32
#   description: "Uncertainty of \\texttt{geomModelGaussian1Sigma}"
#   meta:
#     ucd: stat.error
# - 
#   name: geom_model_gaussian1_depth
#   datatype: float32
#   unit: mag
#   description: Magnitude depth of Gaussian 1 component
#   meta:
#     ucd: src.var.amplitude
# - 
#   name: geom_model_gaussian1_depth_error
#   datatype: float32
#   unit: mag
#   description: "Uncertainty of \\texttt{geomModelGaussian1Depth}"
#   meta:
#     ucd: stat.error;src.var.amplitude
# - 
#   name: geom_model_gaussian2_phase
#   datatype: float32
#   description: Phase of Gaussian 2 component
#   meta:
#     ucd: time.phase
# - 
#   name: geom_model_gaussian2_phase_error
#   datatype: float32
#   description: "Uncertainty of \\texttt{geomModelGaussian2Phase}"
#   meta:
#     ucd: stat.error;time.phase
# - 
#   name: geom_model_gaussian2_sigma
#   datatype: float32
[...]
#   datatype: float32
#   description: "Secondary eclipse: uncertainty of \\texttt{derivedSecondaryEclDuration}"
#   meta:
#     ucd: stat.error;time.duration
# - 
#   name: derived_secondary_ecl_depth
#   datatype: float32
#   unit: mag
#   description: "Secondary eclipse: depth"
#   meta:
#     ucd: src.var.amplitude
# - 
#   name: derived_secondary_ecl_depth_error
#   datatype: float32
#   unit: mag
#   description: "Secondary eclipse: uncertainty of \\texttt{derivedSecondaryEclDepth}"
#   meta:
#     ucd: stat.error;src.var.amplitude
solution_id,source_id,global_ranking,reference_time,frequency,frequency_error,geom_model_reference_level,geom_model_reference_level_error,geom_model_gaussian1_phase,geom_model_gaussian1_phase_error,geom_model_gaussian1_sigma,geom_model_gaussian1_sigma_error,geom_model_gaussian1_depth,geom_model_gaussian1_depth_error,geom_model_gaussian2_phase,geom_model_gaussian2_phase_error,geom_model_gaussian2_sigma,geom_model_gaussian2_sigma_error,geom_model_gaussian2_depth,geom_model_gaussian2_depth_error,geom_model_cosine_half_period_amplitude,geom_model_cosine_half_period_amplitude_error,geom_model_cosine_half_period_phase,geom_model_cosine_half_period_phase_error,model_type,num_model_parameters,reduced_chi2,derived_primary_ecl_phase,derived_primary_ecl_phase_error,derived_primary_ecl_duration,derived_primary_ecl_duration_error,derived_primary_ecl_depth,derived_primary_ecl_depth_error,derived_secondary_ecl_phase,derived_secondary_ecl_phase_error,derived_secondary_ecl_duration,derived_secondary_ecl_duration_error,derived_secondary_ecl_depth,derived_secondary_ecl_depth_error
375316653866487564,6654284164172611072,0.5012783,2368.050760268982,1.2852386584545605,1.2096399E-5,18.262653,0.013304292,0.1711637,6.4941315E-4,0.03155324,0.0026999188,3.2947295,1.7682173,0.8625704,0.041781776,0.107975006,0.037619505,0.1003604,0.058445662,null,null,null,null,"TWOGAUSSIANS",8,3.2513447,0.1711537,6.342976E-4,0.17669813,0.015119545,3.296415,1.7687819,0.8625704,0.041781776,0.4,0.0,0.10035594,0.05844656
375316653866487564,6654285946588042112,0.56439084,2340.8982930124016,0.800643565079938,1.3152638E-4,19.263737,0.0066990657,0.47456652,0.0144655835,0.025656197,0.01239901,0.03610921,0.027967317,0.80545306,0.012359062,0.03274436,0.0059927846,0.4797781,0.11839921,null,null,null,null,"TWOGAUSSIANS",8,1.3662423,0.80545306,0.012359062,0.1833684,0.033559594,0.4797781,0.11839921,0.47456652,0.0144655835,0.1436747,0.06943446,0.03610921,0.027967317
375316653866487564,6654290447711834880,0.45926374,2259.1750397494425,0.4281295758224036,3.3648907E-5,18.699593,0.010605121,0.31953153,0.048914433,0.039441127,0.093452126,0.8811584,0.82332426,null,null,null,null,null,null,null,null,null,null,"ONEGAUSSIAN",5,2.8697605,0.31953153,0.048914433,0.22087032,0.1736478,0.8811584,0.0,null,null,null,null,null,null
375316653866487564,6654290619510401280,0.5343346,2276.7109759984983,3.7678797368613215,1.7807311E-5,17.23898,0.002790275,0.32557344,0.0038021195,0.013275424,0.0120607475,0.017700424,114.54453,0.68188465,0.0010624578,0.014384875,0.0031415941,0.061841547,0.023449907,0.07310639,0.0041751945,0.32557344,0.0038021195,"TWOGAUSSIANS_WITH_ELLIPSOIDAL_ON_ECLIPSE1",9,5.649368,0.32557344,0.0038021195,0.07434238,0.06754018,0.16391322,114.54414,0.6849746,0.0022218153,0.080555305,0.017592927,0.11929876,0.02323664
375316653866487564,6654292509296305920,0.45446512,2315.2125686748586,0.1703277451678265,4.6058245E-5,19.18324,0.009659584,0.21082734,0.020741845,0.08330577,0.021491481,0.17522694,0.033200935,0.6609851,0.027642168,0.07957279,0.020114461,0.16332965,0.0861128,null,null,null,null,"TWOGAUSSIANS",8,3.0977743,0.21082734,0.020741845,0.4,0.0,0.17409182,0.03342399,0.6609851,0.027642168,0.4,0.0021195104,0.16219458,0.08579646
375316653866487564,6654296808560632704,0.52030647,2289.392438378065,2.356038264799913,1.7160066E-5,14.454881,0.012354614,0.22705644,0.0040298854,0.04246068,0.012179724,0.09872896,0.03260789,0.68725556,0.058997426,0.068848304,0.04276363,0.11203264,0.02685103,0.088717155,0.019898687,0.22705644,0.0040298854,"TWOGAUSSIANS_WITH_ELLIPSOIDAL_ON_ECLIPSE1",9,357.30652,0.70213556,0.021070272,0.38555053,0.108680084,0.28254974,0.01741759,0.22705644,0.004005373,0.2377798,0.06820645,0.27614722,0.024959542
375316653866487564,6654297525819887872,0.55887115,2338.8382708137783,2.8364054285386944,1.8512485E-5,17.954365,0.007316611,0.1965745,0.03315532,0.069941916,0.022774165,0.14512856,0.029188292,0.71748704,0.004716681,0.08339775,0.0070775794,0.17727071,0.0077977777,null,null,null,null,"TWOGAUSSIANS",8,2.230907,0.71748704,0.004716681,0.4,0.0,0.176265,0.006377326,0.1965745,0.03315532,0.39167473,0.029182263,0.14412285,0.024740145
375316653866487564,6654298354749035392,0.56753075,2330.90051698396,0.20744976371079898,3.795709E-5,16.64606,0.0037729056,0.14155298,0.0036596167,0.042549256,0.0036618093,0.18533994,0.00616985,0.65295434,0.02710253,0.0950954,0.059619438,0.03869358,0.082791716,null,null,null,null,"TWOGAUSSIANS",8,4.465413,0.14155298,0.0036596167,0.23827584,0.02050613,0.18522783,0.0058089406,0.65295434,0.02710253,0.4,0.024498984,0.03858136,0.08320013
375316653866487564,6654305226693235584,0.5603438,2314.159862533295,2.85119432251999,1.656047E-5,17.619886,0.005339264,0.2853371,0.003037753,0.06882737,0.00824657,0.1748715,0.013435095,0.7830747,0.0012829155,0.05760908,0.0017186137,0.29426923,0.006961895,null,null,null,null,"TWOGAUSSIANS",8,4.457773,0.7830747,0.0012829155,0.32261086,0.009624236,0.29410455,0.006865707,0.2853371,0.003037753,0.3854333,0.039294735,0.17470682,0.013550974
375316653866487564,6654305535934345088,0.4861184,2305.059906404104,2.8921704007912816,2.4641646E-5,17.971231,0.0031450768,0.19905509,0.00733603,0.03642025,0.0183179,0.10374952,0.06309973,0.7190792,0.0028969413,0.013477143,0.008197299,0.10679079,0.1565043,0.026445393,0.0040573366,0.19905509,0.00733603,"TWOGAUSSIANS_WITH_ELLIPSOIDAL_ON_ECLIPSE1",9,1.9629388,0.7190792,0.0028969413,0.075472005,0.045904875,0.15884873,0.16215661,0.19905509,0.00733603,0.2039534,0.10258025,0.15664028,0.06271327
375316653866487564,6654308727093072512,0.47797003,2258.5787979354154,0.7484791537146966,8.4450505E-5,17.24695,0.0059159514,0.31717277,0.026499752,0.10656665,0.029627552,0.0141761955,0.006500837,0.6292349,0.012893948,0.044854503,0.0052254447,0.53904474,0.122380905,null,null,null,null,"TWOGAUSSIANS",8,6.251852,0.6292349,0.012893948,0.25118524,0.02926249,0.5392372,0.122287676,0.31717277,0.026499752,0.4,0.0,0.014173884,0.006494312
375316653866487564,6654309246785992704,0.5864176,2258.014876835713,3.834588281237895,8.433385E-6,16.401001,0.0127728935,0.32888672,0.001807728,0.06506796,0.0037784067,0.46406734,0.018462317,0.836266,0.004252419,0.07102972,0.008050457,0.37404028,0.05310587,null,null,null,null,"TWOGAUSSIANS",8,40.58814,0.32888672,0.001807728,0.3643806,0.021159077,0.4632731,0.018162455,0.836266,0.004252419,0.39776644,0.014463084,0.37324604,0.05387173
375316653866487564,6654316973427879936,0.5230627,2347.4022166845166,2.5172517493513182,1.4868264E-6,19.670849,0.007882457,0.22303031,0.025671704,0.05098197,0.008942915,0.16228154,0.041683566,0.71659666,6.9139737E-6,0.012269994,6.730153E-4,5.3108473,1.6872587,null,null,null,null,"TWOGAUSSIANS",8,3.2391267,0.71659666,6.9139737E-6,0.068711974,0.0037688857,5.3108473,1.6872587,0.22303031,0.025671704,0.285499,0.050080325,0.16228154,0.041683566
375316653866487564,6654323089461607296,0.432801,2338.231531416672,1.2393044248442948,1.5683469E-4,18.99711,0.01606602,0.3616884,0.05516352,0.07172781,0.04090598,0.22918412,0.04467643,0.6491818,0.054203447,0.12333138,0.09103355,0.19901632,0.036414936,null,null,null,null,"TWOGAUSSIANS",8,2.5970325,0.3678384,0.057804946,0.4,0.047684275,0.24257906,0.02876646,0.6491818,0.054203447,0.4,0.051625997,0.19857346,0.03132212
375316653866487564,6654324223332910080,0.5342532,2357.126056933481,4.321147309644305,1.12461355E-4,16.211378,0.006344014,0.2896134,4.1468552E-4,0.00661741,0.0026431077,1.3605841,73.53867,0.64355725,0.047429457,0.049071033,0.02227576,1.404671,1.7079054,null,null,null,null,"TWOGAUSSIANS",8,105.95581,0.64355725,0.047429457,0.2747978,0.12474426,1.404671,1.7079054,0.2896134,4.1468552E-4,0.037057497,0.0148014035,1.3605841,73.53867
375316653866487564,6654325219765377152,0.523736,2352.1787180112697,2.2145616190975854,8.460588E-5,18.150667,0.0043854415,0.40232867,0.0072149206,0.04070513,0.010051592,0.21118727,0.02422146,0.23600927,0.11790509,0.080968365,0.09857694,0.021477038,0.26982704,null,null,null,null,"TWOGAUSSIANS",8,3.4039752,0.40180868,0.007102041,0.22794873,0.056288917,0.21380913,0.017013002,0.23782927,0.30789122,0.4,0.3775807,0.021531632,0.41684523
375316653866487564,6654326594155014272,0.6540724,2351.6009478353294,3.4409800102143344,7.4614036E-6,17.428152,0.009605676,0.18110867,0.0017442399,0.04540068,0.0032208501,0.40618432,0.03590059,0.6760866,0.0010913817,0.040651746,0.0024985939,0.3489689,0.022085948,0.13396344,0.012782634,0.18110867,0.0017442399,"TWOGAUSSIANS_WITH_ELLIPSOIDAL_ON_ECLIPSE1",9,5.502826,0.18110867,0.0017442399,0.25424382,0.01803676,0.6741108,0.03324339,0.6765466,9.457629E-4,0.22764978,0.013992125,0.6166529,0.009458693
375316653866487564,6654334329394964224,0.4886692,2247.5416017624298,0.4999933744089745,4.387957E-5,13.468997,0.007731216,0.5731359,0.0025793798,0.015234269,0.008154427,0.21950312,4.465599,0.8338347,0.015915297,0.0515856,0.03559051,0.3298643,1.08623872E9,0.01230183,0.014309442,0.8338347,0.015915297,"TWOGAUSSIANS_WITH_ELLIPSOIDAL_ON_ECLIPSE2",9,740.07715,0.8338347,0.015915297,0.28887936,0.19930688,0.35446534,1.08623872E9,0.57311594,0.0025745954,0.08531191,0.04566479,0.21961269,4.4656157
375316653866487564,6654340582867919616,0.63628787,2333.4410085060313,1.6503630087285637,4.4142803E-6,15.835264,0.0020184608,0.32797453,0.0016710329,0.05283749,0.0014797092,0.2822317,0.00502652,0.83280367,0.005174333,0.06447915,0.003973043,0.1100216,0.0061491746,null,null,null,null,"TWOGAUSSIANS",8,6.621634,0.32797453,0.0016710329,0.29588994,0.008286371,0.2822001,0.005025202,0.83280367,0.005174333,0.36108324,0.02224904,0.10998999,0.0061467644
375316653866487564,6654350405461459328,0.5190149,2335.8931397552765,3.5838561273879415,6.413997E-5,19.554426,0.01890823,0.2626956,0.011929426,0.08086867,0.009016511,0.42598376,0.0713242,0.7443454,0.010928699,0.059137955,0.0084180515,0.6367026,0.042308476,null,null,null,null,"TWOGAUSSIANS",8,7.578192,0.7443454,0.010928699,0.33117256,0.047141086,0.6356545,0.040791154,0.2626956,0.011929426,0.4,0.0,0.42493567,0.071294524
375316653866487564,6654358175053022080,0.62466663,2330.0476241502683,2.0601595710466336,1.310327E-5,16.762335,0.0040681544,0.22053984,0.0051374394,0.03980366,0.0061232075,0.048885453,0.011352134,0.72133946,0.003775422,0.051196877,0.0033655271,0.26171857,0.011319752,0.01945832,0.0064033167,0.22053984,0.0051374394,"TWOGAUSSIANS_WITH_ELLIPSOIDAL_ON_ECLIPSE1",9,4.0683193,0.72133946,0.0036974126,0.2867025,0.018846951,0.30063263,0.005656187,0.22053984,0.0051374394,0.22290051,0.034289964,0.08780049,0.009924776
375316653866487564,6654360472858961152,0.5217164,2298.8107729700428,0.20017388789190635,3.8038517E-5,17.292797,0.0026432946,0.4009681,0.009750076,0.01444199,0.012932332,0.14584158,2.6246526,0.59586954,0.00809585,0.034118418,0.014823274,0.036072675,0.0066038887,null,null,null,null,"TWOGAUSSIANS",8,4.7044353,0.4009681,0.009750076,0.08087514,0.07242106,0.1458416,2.6246526,0.59586954,0.00809585,0.19106315,0.08301034,0.036072675,0.0066038887
375316653866487564,6654360855108563456,0.66487354,2291.5486723318018,3.3041991023936674,4.1364347E-6,17.170523,0.0080463225,0.25649735,0.0044286205,0.044215064,0.008448445,0.30070424,0.020726478,0.7566495,0.004960102,0.048186883,0.003174441,0.3751249,0.030383,0.12152915,0.011495162,0.25649735,0.0044286205,"TWOGAUSSIANS_WITH_ELLIPSOIDAL_ON_ECLIPSE1",9,5.474542,0.7566495,0.004850478,0.26984656,0.01777687,0.6181824,0.023279661,0.25649735,0.0044286205,0.24760437,0.04731129,0.54376197,0.019975418
375316653866487564,6654362019047213568,0.59830815,2306.779981573124,2.618760242018219,9.598034E-6,18.57068,0.016133565,0.27330527,0.003998843,0.09665449,0.006725358,0.42567074,0.018612502,0.76557183,0.0023099347,0.09164768,0.005428711,0.49707878,0.01512576,null,null,null,null,"TWOGAUSSIANS",8,2.7162743,0.76557183,0.0023099347,0.4,0.0,0.4728921,0.01320003,0.27330527,0.003998843,0.4,0.0,0.40148303,0.013695024
375316653866487564,6654365493677187712,0.6010121,2312.174242471197,2.902469041564615,6.6965576E-6,16.632269,0.048320137,0.2658962,0.010629021,0.054175723,0.029350322,0.24224557,0.05137671,0.7810467,0.0022229732,0.054091882,0.016295902,0.22655207,0.09791942,0.097668976,0.05532278,0.7810467,0.0022229732,"TWOGAUSSIANS_WITH_ELLIPSOIDAL_ON_ECLIPSE2",9,19.993668,0.26827618,0.008474794,0.30338407,0.1643618,0.43608627,0.086106285,0.7810467,0.0022229732,0.30291453,0.09125705,0.42188138,0.028605128
375316653866487564,6654365626819854080,0.57324964,2296.4411644756,3.4489886052247587,2.1490961E-5,18.656467,0.008073837,0.27273104,0.0036753519,0.071321785,0.0032519472,0.83403087,0.047110375,0.78248906,0.0039248765,0.057078406,0.0066515217,0.6802649,0.11730915,null,null,null,null,"TWOGAUSSIANS",8,6.251886,0.27273104,0.0036753519,0.399402,0.011493964,0.8334585,0.04724155,0.78248906,0.0039248765,0.31963906,0.037248522,0.67969257,0.1177753
375316653866487564,6654367585324649472,0.5644559,2323.9201456682076,2.662135415408644,2.1359327E-5,16.4812,0.026504865,0.16273737,0.0038270955,0.049371805,0.029826164,0.10698557,0.041768722,0.6625988,0.017632386,0.056998994,0.029052716,0.11602672,0.056808043,0.06789244,0.037312075,0.16273737,0.0038270955,"TWOGAUSSIANS_WITH_ELLIPSOIDAL_ON_ECLIPSE1",9,18.92261,0.6626288,0.016186217,0.31919438,0.1626952,0.25180355,0.02627983,0.16273737,0.0038270955,0.2764821,0.16702652,0.24276246,0.041257177
375316653866487564,6654373770076618624,0.4708077,2293.556252895971,3.860702836741112,6.289865E-5,18.177664,0.010597158,0.2775468,0.01995269,0.052570242,0.027512029,0.036677234,0.014117346,0.6258544,0.0120189,0.030178115,0.01672564,1.111128,1.1015599,null,null,null,null,"TWOGAUSSIANS",8,3.725367,0.6258544,0.0120189,0.16899745,0.09366359,1.111128,1.1015599,0.2775468,0.01995269,0.29439336,0.15406735,0.036677234,0.014117346
375316653866487564,6654374388551889664,0.6038632,2309.095034579251,3.6349532156992796,3.6897243E-6,17.782795,0.008629547,0.20265952,0.0017630534,0.047560856,0.004775774,0.3113516,0.039490633,0.7015233,0.003916099,0.06780766,0.004956519,0.2902922,0.029646417,0.13220018,0.01621759,0.20265952,0.0017630534,"TWOGAUSSIANS_WITH_ELLIPSOIDAL_ON_ECLIPSE1",9,6.4654517,0.20265952,0.0017630534,0.2663408,0.026744336,0.57545066,0.045175254,0.7018033,0.0031947242,0.3797229,0.027532404,0.55438113,0.013429017
375316653866487564,6654382295589490560,0.47527066,2347.9360085250323,0.3132752383153216,7.5170516E-5,19.427097,0.018944258,0.08703256,0.0320424,0.049997047,0.029690137,0.08411175,0.02533266,0.6057896,0.13344076,0.015714863,0.023740873,0.76912594,774.6128,null,null,null,null,"TWOGAUSSIANS",8,2.981576,0.6057896,0.13344076,0.08800323,0.13294889,0.76912594,774.6128,0.08703256,0.0320424,0.27998346,0.15495078,0.08411175,0.025332643
375316653866487564,6654384009280303232,0.4851914,2300.561384818269,2.8788559831064675,2.5957142E-5,18.334917,0.0040300163,null,null,null,null,null,null,null,null,null,null,null,null,0.06717934,0.006034917,0.22106615,0.0066548553,"ELLIPSOIDAL",4,3.996596,null,null,null,null,null,null,null,null,null,null,null,null
375316653866487564,6654384799554567680,0.554761,2273.6809730973328,1.7738624091672928,6.770733E-6,17.7095,0.0027875921,0.28030798,0.019706998,0.05186762,0.018303616,0.1564841,0.0124073895,0.78139246,0.0019824263,0.049266227,0.0030025467,0.16380998,0.008316881,null,null,null,null,"TWOGAUSSIANS",8,2.309439,0.78139246,0.0019824263,0.27589086,0.016814262,0.16380848,0.008314784,0.28030798,0.019706998,0.29045865,0.10250025,0.15648259,0.012420344
375316653866487564,6654388785283840000,0.48425886,2308.870215718435,0.037372742699425844,3.117946E-5,18.1239,0.0034803941,0.2635188,0.0059824144,0.04607002,0.007828845,0.07232676,0.007780974,0.55604625,0.02188986,0.04896491,0.03265693,0.0153299235,0.02964195,null,null,null,null,"TWOGAUSSIANS",8,2.0836499,0.2635188,0.0059824144,0.25799212,0.04384153,0.07232676,0.007780975,0.55604625,0.02188986,0.2742035,0.1828788,0.0153299235,0.02964195
375316653866487564,6654394355858129664,0.59292793,2330.2103779679824,0.0744951794785659,1.0188229E-6,13.991047,0.0014994249,0.9675824,0.007502418,0.0116785625,0.010292678,0.01259863,0.0195144,0.54842347,1.3900897E-4,0.0036630046,8.376299E-5,0.32912138,0.007758197,null,null,null,null,"TWOGAUSSIANS",8,83.74047,0.54842347,1.3900897E-4,0.020512825,4.6907278E-4,0.32912138,0.007758197,0.9675824,0.007502418,0.06539995,0.057638995,0.01259863,0.0195144
375316653866487564,6654399922136831744,0.49107695,2372.0017267959265,2.50026875369521,2.4924717E-5,13.319332,0.79631656,0.24783319,0.0058727614,0.17017786,0.037551664,0.7460763,0.44268334,0.7453808,0.0067681777,0.23130517,0.08080832,0.9139509,0.7756943,null,null,null,null,"TWOGAUSSIANS",8,396.1335,0.7453808,0.0067681777,0.4,0.0,0.17223202,0.01172302,0.2500132,0.006196934,0.4,0.0,0.16105032,0.0111982
375316653866487564,6654400330156718720,0.47239485,2311.1617937934952,3.2317635921838677,1.9652325E-5,19.508703,0.01676,0.10540407,0.008947797,0.07134521,0.014052681,0.20708492,0.015389557,0.63815916,0.0072646043,0.07132773,0.009563403,0.2621645,0.031640768,null,null,null,null,"TWOGAUSSIANS",8,2.2044191,0.63815916,0.0072646043,0.39943528,0.027032254,0.26172763,0.031465974,0.10540407,0.008947797,0.39953318,0.041569773,0.20664805,0.014840846
