Gaia/vari_eclipsing_binary/VariEclipsingBinary_662188-662221.csv
# %ECSV 1.0
# ---
# delimiter: ','
# meta: !!omap
# - RELEASE: Gaia DR3
# - TABLE: vari_eclipsing_binary
# - DESCRIPTION: >
#     This table describes the properties of the eclipsing binaries resulting from the variability analysis. 
# - CITATION: >
#     How to cite and acknowledge Gaia: 
#     https://gea.esac.esa.int/archive/documentation/credits.html 
# - KNOWN_ISSUES: >
#     Known issues: 
#     https://www.cosmos.esa.int/web/gaia-users/known-issues 
# - DOCUMENTATION: >
#     Tutorials and documentation: 
#     https://www.cosmos.esa.int/web/gaia-users/archive 
# datatype:
# - 
#   name: solution_id
#   datatype: int64
#   description: Solution Identifier
#   meta:
#     ucd: meta.version
# - 
#   name: source_id
#   datatype: int64
#   description: Unique source identifier
#   meta:
#     ucd: meta.id;meta.main
# - 
#   name: global_ranking
#   datatype: float32
#   description: Number between 0 (worst) and 1 (best)
#   meta:
#     ucd: stat.param
# - 
#   name: reference_time
#   datatype: float64
#   unit: d
#   description: Reference time used for the geometric model fit
#   meta:
#     ucd: time.epoch
# - 
#   name: frequency
#   datatype: float64
#   unit: d**-1
#   description: Frequency of geometric model of the eclipsing binary light curve
#   meta:
#     ucd: src.orbital
# - 
#   name: frequency_error
#   datatype: float32
#   unit: d**-1
#   description: "Uncertainty of \\texttt{frequency}"
#   meta:
#     ucd: stat.error
# - 
#   name: geom_model_reference_level
#   datatype: float32
#   unit: mag
#   description: Magnitude reference level of geometric model
#   meta:
#     ucd: phot.mag;em.opt
# - 
#   name: geom_model_reference_level_error
#   datatype: float32
#   unit: mag
#   description: "Uncertainty of \\texttt{geomModelReferenceLevel}"
#   meta:
#     ucd: stat.error;phot.mag;em.opt
# - 
#   name: geom_model_gaussian1_phase
#   datatype: float32
#   description: Phase of the Gaussian 1 component
#   meta:
#     ucd: time.phase
# - 
#   name: geom_model_gaussian1_phase_error
#   datatype: float32
#   description: "Uncertainty of \\texttt{geomModelGaussian1Phase}"
#   meta:
#     ucd: stat.error;time.phase
# - 
#   name: geom_model_gaussian1_sigma
#   datatype: float32
#   description: "Standard deviation [phase] of Gaussian 1 component"
#   meta:
#     ucd: stat.stdev
# - 
#   name: geom_model_gaussian1_sigma_error
#   datatype: float32
#   description: "Uncertainty of \\texttt{geomModelGaussian1Sigma}"
#   meta:
#     ucd: stat.error
# - 
#   name: geom_model_gaussian1_depth
#   datatype: float32
#   unit: mag
#   description: Magnitude depth of Gaussian 1 component
#   meta:
#     ucd: src.var.amplitude
# - 
#   name: geom_model_gaussian1_depth_error
#   datatype: float32
#   unit: mag
#   description: "Uncertainty of \\texttt{geomModelGaussian1Depth}"
#   meta:
#     ucd: stat.error;src.var.amplitude
# - 
#   name: geom_model_gaussian2_phase
#   datatype: float32
#   description: Phase of Gaussian 2 component
#   meta:
#     ucd: time.phase
# - 
#   name: geom_model_gaussian2_phase_error
#   datatype: float32
#   description: "Uncertainty of \\texttt{geomModelGaussian2Phase}"
#   meta:
#     ucd: stat.error;time.phase
# - 
#   name: geom_model_gaussian2_sigma
#   datatype: float32
[...]
#   datatype: float32
#   description: "Secondary eclipse: uncertainty of \\texttt{derivedSecondaryEclDuration}"
#   meta:
#     ucd: stat.error;time.duration
# - 
#   name: derived_secondary_ecl_depth
#   datatype: float32
#   unit: mag
#   description: "Secondary eclipse: depth"
#   meta:
#     ucd: src.var.amplitude
# - 
#   name: derived_secondary_ecl_depth_error
#   datatype: float32
#   unit: mag
#   description: "Secondary eclipse: uncertainty of \\texttt{derivedSecondaryEclDepth}"
#   meta:
#     ucd: stat.error;src.var.amplitude
solution_id,source_id,global_ranking,reference_time,frequency,frequency_error,geom_model_reference_level,geom_model_reference_level_error,geom_model_gaussian1_phase,geom_model_gaussian1_phase_error,geom_model_gaussian1_sigma,geom_model_gaussian1_sigma_error,geom_model_gaussian1_depth,geom_model_gaussian1_depth_error,geom_model_gaussian2_phase,geom_model_gaussian2_phase_error,geom_model_gaussian2_sigma,geom_model_gaussian2_sigma_error,geom_model_gaussian2_depth,geom_model_gaussian2_depth_error,geom_model_cosine_half_period_amplitude,geom_model_cosine_half_period_amplitude_error,geom_model_cosine_half_period_phase,geom_model_cosine_half_period_phase_error,model_type,num_model_parameters,reduced_chi2,derived_primary_ecl_phase,derived_primary_ecl_phase_error,derived_primary_ecl_duration,derived_primary_ecl_duration_error,derived_primary_ecl_depth,derived_primary_ecl_depth_error,derived_secondary_ecl_phase,derived_secondary_ecl_phase_error,derived_secondary_ecl_duration,derived_secondary_ecl_duration_error,derived_secondary_ecl_depth,derived_secondary_ecl_depth_error
[from data line 36]
375316653866487564,5824694016765867136,0.5038913,2261.2294381788147,0.2819371807992596,2.266906E-5,17.74764,0.0011606258,0.17446876,0.002715481,0.0087413825,0.0034791671,0.030362304,0.059714988,0.31038025,0.0024428046,0.012956883,0.0027200645,0.19329198,0.014197193,null,null,null,null,"TWOGAUSSIANS",8,2.3350825,0.31038025,0.0024428046,0.072558545,0.015232361,0.19329198,0.014197193,0.17446876,0.002715481,0.04895174,0.019483335,0.030362304,0.059714988
375316653866487564,5824694527825794560,0.4834364,2273.6049228169836,3.322162961228041,1.6683003E-5,18.771822,0.008056879,0.23600511,0.0077777016,0.0831495,0.008979216,0.13422205,0.011051406,0.73073816,0.0054532285,0.08603352,0.009055142,0.14605305,0.008909931,null,null,null,null,"TWOGAUSSIANS",8,2.6893787,0.73073816,0.0054532285,0.4,0.0,0.14281191,0.007812253,0.23600511,0.0077777016,0.4,0.0,0.13098092,0.009998249
375316653866487564,5824694871423161856,0.5255605,2278.783413925208,3.4130635326866363,1.1663427E-5,18.105488,0.021758366,0.25488615,0.0030057211,0.097567685,0.006378743,0.3938635,0.02077152,0.7478314,0.0035991117,0.10561978,0.009591637,0.37312576,0.01921608,null,null,null,null,"TWOGAUSSIANS",8,11.512494,0.25488615,0.0030054022,0.4,0.0,0.3598841,0.010037868,0.7478314,0.0035991117,0.4,0.0,0.33913738,0.02056184
375316653866487564,5824694910119080576,0.56465167,2263.838961132489,2.524345047734338,4.8658812E-6,17.258959,0.01228508,0.23429516,0.002944903,0.10758494,0.0059552565,0.26248696,0.012488883,0.73754793,0.0012039298,0.0956497,0.004055211,0.3009446,0.011253973,null,null,null,null,"TWOGAUSSIANS",8,7.5413094,0.73754793,0.0012039298,0.4,0.0,0.2749427,0.0055301525,0.23429516,0.002944903,0.4,0.0,0.236475,0.007900911
375316653866487564,5824696177093349760,0.5305674,2255.3525530097904,1.2042799748749793,1.489937E-5,18.572067,0.006888684,0.2841055,0.001690913,0.034868356,0.0026686057,0.21727265,0.015430441,0.78371954,0.0043790387,0.031067086,0.003961629,0.49751368,0.03809545,0.029387146,0.008835917,0.2841055,0.001690913,"TWOGAUSSIANS_WITH_ELLIPSOIDAL_ON_ECLIPSE1",9,5.1954904,0.78371954,0.004340502,0.17397568,0.02218512,0.5562876,0.036472008,0.2841055,0.001690913,0.19526279,0.014944192,0.27604693,0.0072409594
375316653866487564,5824696623770034688,0.48107567,2264.175141383652,3.114795898238524,1.080795E-5,18.571234,0.012101547,0.25683653,0.0072599584,0.07812632,0.0067954664,0.2715358,0.026361702,0.73783886,0.0048186723,0.082465865,0.0074467,0.2860589,0.016703576,null,null,null,null,"TWOGAUSSIANS",8,10.190721,0.73783886,0.0048186723,0.4,0.0,0.28305015,0.017057108,0.25683653,0.0072599584,0.4,0.0,0.2685271,0.026768817
375316653866487564,5824696834253488768,0.5436816,2251.0783605654415,3.8003289030140364,1.0276287E-5,20.02141,0.009394783,0.25154713,0.0026453077,0.026821144,0.005151344,0.3710573,0.03240111,0.7586807,0.004942208,0.04290357,0.005282144,0.5443609,0.09179309,0.17863412,0.013305974,0.25154713,0.0026453077,"TWOGAUSSIANS_WITH_ELLIPSOIDAL_ON_ECLIPSE1",9,1.8993164,0.7586807,0.004942208,0.24025999,0.029580006,0.9009118,0.09248561,0.25154713,0.0026453077,0.1501984,0.028847527,0.72832555,0.030011311
375316653866487564,5824698719714034688,0.5000924,2277.0809765645818,2.330727943214178,1.2316034E-5,17.59898,0.023314666,0.17634584,0.0031691492,0.10733964,0.01048598,0.22571534,0.021629581,0.6874073,0.0046175793,0.108388044,0.013024376,0.2199733,0.020240571,null,null,null,null,"TWOGAUSSIANS",8,11.476963,0.17633584,0.0031650388,0.4,0.0,0.19879468,0.009683681,0.6874173,0.0046199574,0.4,0.0,0.19305073,0.012132527
375316653866487564,5824700025385037952,0.5355276,2307.597334946844,3.327689760342423,1.2710224E-5,18.952082,0.0058285827,0.14708316,0.0045788097,0.06822775,0.004248811,0.2975575,0.014266372,0.6541902,0.0023048422,0.062857054,0.0027964127,0.40407732,0.01661514,null,null,null,null,"TWOGAUSSIANS",8,3.1408863,0.6541902,0.0023048422,0.3519995,0.015659912,0.40369037,0.016650457,0.14708316,0.0045788097,0.38207543,0.023793342,0.29717058,0.014243429
375316653866487564,5824700167159363072,0.4906863,2274.9730808529685,0.1648754407202408,2.1332914E-6,15.38001,0.0040029273,0.55512106,0.05206108,0.16577624,0.035884492,0.014890757,0.0057897437,0.9480226,4.7824034E-4,0.012253175,4.738573E-4,0.23034047,0.0075776353,null,null,null,null,"TWOGAUSSIANS",8,47.627617,0.9480226,4.7824034E-4,0.068617776,0.0026536009,0.23094124,0.007735204,0.55512106,0.05206108,0.4,0.0,0.014575568,0.005284095
375316653866487564,5824700785634579456,0.606507,2283.4601528903822,2.7456381078841656,5.26733E-6,17.197273,0.010452915,0.19822712,0.00127386,0.047757,0.00382038,0.2667794,0.020820886,0.6992637,0.003002435,0.06017546,0.004929182,0.34331885,0.022255497,0.09465669,0.01231245,0.19822712,0.00127386,"TWOGAUSSIANS_WITH_ELLIPSOIDAL_ON_ECLIPSE1",9,12.846192,0.6992637,0.002919649,0.33698258,0.02760342,0.5325656,0.015233141,0.19822712,0.00127386,0.2674392,0.021394128,0.45603415,0.008964354
375316653866487564,5824701605933008128,0.45994347,2289.0148242382106,2.7294468886540524,1.1245979E-5,18.684107,0.011325985,0.2504805,0.012731161,0.04129262,0.028925832,0.062207036,0.03864314,0.7536963,0.0059867813,0.03745585,0.0058519384,0.17075285,0.028076041,0.035213105,0.016110327,0.2504805,0.012731161,"TWOGAUSSIANS_WITH_ELLIPSOIDAL_ON_ECLIPSE1",9,10.977752,0.7536963,0.0059508914,0.20975275,0.032770853,0.2411503,0.015782733,0.2504805,0.012731161,0.23123866,0.16198465,0.13263324,0.033413067
375316653866487564,5824701988225531136,0.55263186,2280.87907540016,2.2555739425855252,6.366487E-6,18.719995,0.0044095083,0.19012085,0.0028485912,0.080635995,0.0035158931,0.25563443,0.008440361,0.6896376,0.0022341597,0.087820366,0.0032608144,0.20562784,0.0052579762,null,null,null,null,"TWOGAUSSIANS",8,1.4352529,0.19012085,0.0028485912,0.4,0.0,0.2501184,0.00844329,0.6896376,0.0022341597,0.4,0.0,0.2001118,0.004652273
375316653866487564,5824702744094633600,0.48174453,2187.576726827197,3.782479181516983,1.6434271E-5,19.284729,0.0053402265,0.29067615,0.0042720716,0.026834887,0.010044004,0.02139283,0.069910064,null,null,null,null,null,null,0.12403068,0.009760027,0.29067615,0.0042720716,"ONEGAUSSIAN_WITH_ELLIPSOIDAL",6,4.1420097,0.29067615,0.0042720716,0.15027536,0.05624642,0.269454,0.06816265,null,null,null,null,null,null
375316653866487564,5824705424193339648,0.53038996,2239.3007415530637,2.442091470804042,8.492919E-6,14.819545,0.009653296,0.21757613,0.0027654192,0.08108807,0.0038351535,0.3881352,0.014639392,0.7090547,0.0026521594,0.08345865,0.0042031147,0.41585857,0.016142366,null,null,null,null,"TWOGAUSSIANS",8,442.03516,0.7090547,0.0026521594,0.4,0.0,0.409078,0.016236322,0.21757613,0.0027654192,0.4,0.0,0.38135466,0.01420535
375316653866487564,5824705561632308096,0.4636458,2229.214682081871,0.9657745502808766,1.6433909E-5,17.286263,0.0024331098,0.32206327,0.0021913932,0.01929519,0.002118864,0.25305343,0.014227153,0.826446,0.0019906973,0.014235651,0.0025945979,0.25391233,0.1310624,null,null,null,null,"TWOGAUSSIANS",8,17.185284,0.826446,0.0019906973,0.07971965,0.014529748,0.25391233,0.1310624,0.32206327,0.0021913932,0.108053066,0.011865639,0.25305343,0.014227153
375316653866487564,5824705595992040576,0.5868403,2220.619764499437,2.3963545290899217,3.3807853E-6,18.451393,0.0038821355,0.24092887,0.0014208779,0.08502522,0.002812569,0.31115502,0.0060234265,0.7442164,0.001669965,0.08514644,0.0022449987,0.32950544,0.0056089046,null,null,null,null,"TWOGAUSSIANS",8,1.4995719,0.7442164,0.001669965,0.4,0.0,0.32143208,0.0054670176,0.24092887,0.0014208779,0.4,0.0,0.30308166,0.006634099
375316653866487564,5824705763461955584,0.49181172,2235.0948356667504,3.31704490992183,1.4608756E-5,19.372023,0.0093589295,0.29475623,0.0036417036,0.061107133,0.0074787186,0.15288384,0.0252029,0.7624231,0.010076608,0.04013798,0.008204859,0.2424892,0.052117962,0.09325764,0.014687361,0.29475623,0.0036417036,"TWOGAUSSIANS_WITH_ELLIPSOIDAL_ON_ECLIPSE1",9,4.3015313,0.76525307,0.009497792,0.22477268,0.04594721,0.42202988,0.046777282,0.29475623,0.0036417036,0.34219995,0.041880824,0.33936274,0.013511406
375316653866487564,5824705900900956160,0.5303808,2238.126798371025,3.061224044310973,1.4798005E-5,19.032578,0.012531257,0.28974518,0.0049347463,0.07532487,0.008965955,0.4691697,0.02731505,0.77638066,0.0039982395,0.073632196,0.005579664,0.5069439,0.017992513,null,null,null,null,"TWOGAUSSIANS",8,6.2844696,0.77638066,0.0039982395,0.4,0.0,0.504375,0.01772823,0.28974518,0.0049347463,0.4,0.0047382633,0.46660078,0.0283123
375316653866487564,5824706656812675712,0.52827233,2271.773180253695,0.7963306765303075,1.646213E-6,14.891155,0.004525898,0.14982462,4.999304E-4,0.016589496,4.984417E-4,0.4347828,0.02360755,0.64128006,0.004083176,0.018976292,0.001789882,0.7642967,0.11709778,null,null,null,null,"TWOGAUSSIANS",8,451.45697,0.64128006,0.004083176,0.106267236,0.01002334,0.7642967,0.11709778,0.14982462,4.999304E-4,0.092901185,0.0027912736,0.4347828,0.02360755
375316653866487564,5824706794251671296,0.6272266,2254.844617578036,2.7270068696099945,2.7610856E-6,17.054592,0.008706787,0.2663228,0.001228951,0.046188977,0.0025345448,0.33750147,0.021345198,0.7627495,0.0012938961,0.053858243,0.0028981124,0.45132232,0.02348952,0.11420045,0.010409695,0.2663228,0.001228951,"TWOGAUSSIANS_WITH_ELLIPSOIDAL_ON_ECLIPSE1",9,10.84149,0.7631195,0.0011047056,0.30160615,0.016229428,0.6796119,0.025984589,0.2663228,0.001228951,0.25865826,0.014193451,0.56589425,0.01117613
375316653866487564,5824707382659817088,0.55550724,2228.4194629715025,3.8602318203908155,4.1977137E-6,19.510328,0.020801531,0.22262967,0.0017189638,0.048501894,0.00452771,0.47242007,0.05258371,0.7200978,0.0028562285,0.04555193,0.005374069,0.4388173,0.050812885,0.11961878,0.033707127,0.22262967,0.0017189638,"TWOGAUSSIANS_WITH_ELLIPSOIDAL_ON_ECLIPSE1",9,3.1483169,0.22262967,0.0017189638,0.2716106,0.025355175,0.7116564,0.03469859,0.72030777,0.0026017325,0.2550908,0.030094786,0.67799807,0.02691708
375316653866487564,5824707554497189760,0.5493827,2247.6774901087974,0.3687855829306196,1.8957104E-5,13.996225,6.1156094E-4,0.13227145,0.011883933,0.0070986967,0.008873029,0.072203614,0.015080321,0.63660955,0.0019665163,0.013388983,0.0032492133,0.17413273,0.18636367,0.0012672804,8.719628E-4,0.13227145,0.011883933,"TWOGAUSSIANS_WITH_ELLIPSOIDAL_ON_ECLIPSE1",9,14.743686,0.63660955,0.0019665163,0.07497831,0.018195596,0.17666541,0.18709262,0.13227145,0.011883933,0.0397527,0.04968896,0.074738175,0.015391394
375316653866487564,5824707863734886912,0.6241022,2250.0208037369816,3.9010243754100133,1.7466606E-6,16.560009,0.009785781,0.2601499,9.5627015E-4,0.053660665,0.002683954,0.36393327,0.022342227,0.7656011,8.5722253E-4,0.05205787,0.0025951543,0.38612163,0.023829428,0.10660422,0.014313172,0.7656011,8.5722253E-4,"TWOGAUSSIANS_WITH_ELLIPSOIDAL_ON_ECLIPSE2",9,23.837507,0.7656011,8.5722253E-4,0.29152408,0.014532864,0.59932184,0.01791496,0.26078987,8.3981035E-4,0.3004997,0.015030143,0.5769128,0.009071741
375316653866487564,5824708379092634752,0.4771014,2235.4005169823226,2.8220243227378674,1.2174872E-5,19.271194,0.114802904,0.22715804,0.003979134,0.12955086,0.030358931,0.28381205,0.11166485,0.7287923,0.0040665697,0.12472572,0.028946456,0.29746848,0.1061942,null,null,null,null,"TWOGAUSSIANS",8,1.9210156,0.72881234,0.004090876,0.4,0.0,0.2148622,0.012981135,0.22713804,0.0040114955,0.4,0.0,0.20106755,0.009229916
375316653866487564,5824708482171804672,0.43931705,2257.8787993194856,0.03178004138380542,1.3556562E-5,19.630217,0.011097424,0.39009166,0.02260628,0.16282968,0.020289762,0.2158285,0.019613938,0.7660467,7.2181E-4,0.018591931,0.0023531215,3.515594,2.8932571,null,null,null,null,"TWOGAUSSIANS",8,5.2258763,0.7660467,7.2181E-4,0.10411481,0.013177481,3.5268788,2.8931384,0.39009166,0.02260628,0.4,0.0,0.21195924,0.017919917
375316653866487564,5824708585289410304,0.6019082,2241.227784910507,2.4350637463110747,4.3961204E-6,16.281847,0.030400328,0.26365843,0.0014302847,0.06418704,0.0068265633,0.30768448,0.05864775,0.7629286,0.002392327,0.06689734,0.0061737946,0.31988728,0.060158405,0.07868489,0.030957708,0.26365843,0.0014302847,"TWOGAUSSIANS_WITH_ELLIPSOIDAL_ON_ECLIPSE1",9,30.18286,0.7630386,0.0020563796,0.3746251,0.03457325,0.47681448,0.011502768,0.26365843,0.0014302847,0.35944742,0.038228754,0.4646145,0.011259664
375316653866487564,5824709753520525184,0.6146793,2266.6169082606143,3.5316209649846897,2.8870165E-6,17.681276,0.0028087976,0.22387804,0.0015416286,0.08059823,0.0019369035,0.31515282,0.004567726,0.72608274,8.791029E-4,0.0773386,0.0013320158,0.33359393,0.0041149245,null,null,null,null,"TWOGAUSSIANS",8,2.4340055,0.72608274,8.791029E-4,0.4,0.0,0.32946393,0.004057169,0.22387804,0.0015416286,0.4,0.0,0.31102282,0.00472201
375316653866487564,5824709890959504000,0.46968475,2260.054316208399,3.002293941694966,8.861898E-6,16.497402,0.009059477,0.19441831,0.0037744928,0.06417172,0.020453924,0.036315553,0.029260708,0.753502,0.008363178,0.0237763,0.005370499,0.06474735,0.02297106,0.13034806,0.012871636,0.19441831,0.0037744928,"TWOGAUSSIANS_WITH_ELLIPSOIDAL_ON_ECLIPSE1",9,35.22965,0.19441831,0.0037744928,0.35936162,0.09874769,0.2969933,0.018591814,0.753502,0.008363178,0.13314728,0.030074796,0.29111782,0.016844328
375316653866487564,5824710303276377984,0.581375,2238.0613494583818,3.422478071010205,3.9502975E-6,18.598085,0.011472403,0.2409787,0.0029667744,0.04078313,0.011490154,0.13768582,0.024542347,0.7371058,0.002486692,0.050488885,0.0045398045,0.22221662,0.024698026,0.10646336,0.014687703,0.2409787,0.0029667744,"TWOGAUSSIANS_WITH_ELLIPSOIDAL_ON_ECLIPSE1",9,2.3390846,0.73773575,0.0018244018,0.28273776,0.025422907,0.43503693,0.011398015,0.2409787,0.0029667744,0.22838552,0.06434486,0.3506118,0.018210335
375316653866487564,5824710440715346432,0.5421765,2262.5721196290906,3.698713427268311,1.1566939E-5,17.89768,0.024327174,0.24045977,0.002943264,0.052242417,0.0141658215,0.20242089,0.038150325,0.73821837,0.008648656,0.053503014,0.016989892,0.15587635,0.050676458,0.07461077,0.029470112,0.24045977,0.002943264,"TWOGAUSSIANS_WITH_ELLIPSOIDAL_ON_ECLIPSE1",9,9.971517,0.24045977,0.002943264,0.29255754,0.079328604,0.35163683,0.025870362,0.7386184,0.007919674,0.29961687,0.0951434,0.30506796,0.023260174
375316653866487564,5824711093550393600,0.6240811,2221.030484851607,1.6043255928704918,1.5306856E-6,16.806698,0.002437361,0.2645367,0.0013680847,0.038322203,0.0021054982,0.10642429,0.005909106,0.76373553,4.4843805E-4,0.041748665,7.8239985E-4,0.4049969,0.0091228075,0.022867186,0.002990059,0.2645367,0.0013680847,"TWOGAUSSIANS_WITH_ELLIPSOIDAL_ON_ECLIPSE1",9,3.9889882,0.7637455,4.406371E-4,0.23379253,0.004381439,0.45073014,0.008817532,0.2645367,0.0013680847,0.21460433,0.01179079,0.15215865,0.0039324
375316653866487564,5824711574550478976,0.42961416,2352.3885720356107,3.029981002231226,5.0540537E-5,19.77347,0.062051304,0.35918295,0.010944411,0.1331793,0.035636693,0.44576678,0.058721412,0.8260491,0.019712385,0.052645184,0.012696584,0.2116038,0.08614378,null,null,null,null,"TWOGAUSSIANS",8,9.986957,0.35918295,0.010944411,0.4,0.0,0.435075,0.06791475,0.8260491,0.019712385,0.29481304,0.07110087,0.20201606,0.07744113
375316653866487564,5824711982574854272,0.4645426,2280.627415115957,2.5380852165381573,1.861909E-5,18.832191,0.059326015,0.23889984,0.010129293,0.11055825,0.028412899,0.27398786,0.052052848,0.7429766,0.006040585,0.0956701,0.022337727,0.26937574,0.049850516,null,null,null,null,"TWOGAUSSIANS",8,9.270125,0.23889984,0.010129293,0.4,0.0,0.24665357,0.019750725,0.7429766,0.0060426975,0.4,0.0,0.24206091,0.02048123
375316653866487564,5824712502299947904,0.594456,2274.4298273550517,1.5870562721449666,3.6165152E-6,15.666087,0.0077735116,0.23816021,0.0024292185,0.10196319,0.0028156764,0.3028872,0.01060188,0.74085146,0.0017578965,0.11140112,0.005540777,0.21124092,0.0068591475,null,null,null,null,"TWOGAUSSIANS",8,19.39395,0.23816021,0.0024292185,0.4,0.0,0.27182811,0.0077711833,0.74085146,0.0017578965,0.4,0.0,0.18016754,0.0071430355
