Gaia/vari_eclipsing_binary/VariEclipsingBinary_678874-678895.csv
# %ECSV 1.0
# ---
# delimiter: ','
# meta: !!omap
# - RELEASE: Gaia DR3
# - TABLE: vari_eclipsing_binary
# - DESCRIPTION: >
#     This table describes the properties of the eclipsing binaries resulting from the variability analysis. 
# - CITATION: >
#     How to cite and acknowledge Gaia: 
#     https://gea.esac.esa.int/archive/documentation/credits.html 
# - KNOWN_ISSUES: >
#     Known issues: 
#     https://www.cosmos.esa.int/web/gaia-users/known-issues 
# - DOCUMENTATION: >
#     Tutorials and documentation: 
#     https://www.cosmos.esa.int/web/gaia-users/archive 
# datatype:
# - 
#   name: solution_id
#   datatype: int64
#   description: Solution Identifier
#   meta:
#     ucd: meta.version
# - 
#   name: source_id
#   datatype: int64
#   description: Unique source identifier
#   meta:
#     ucd: meta.id;meta.main
# - 
#   name: global_ranking
#   datatype: float32
#   description: Number between 0 (worst) and 1 (best)
#   meta:
#     ucd: stat.param
# - 
#   name: reference_time
#   datatype: float64
#   unit: d
#   description: Reference time used for the geometric model fit
#   meta:
#     ucd: time.epoch
# - 
#   name: frequency
#   datatype: float64
#   unit: d**-1
#   description: Frequency of geometric model of the eclipsing binary light curve
#   meta:
#     ucd: src.orbital
# - 
#   name: frequency_error
#   datatype: float32
#   unit: d**-1
#   description: "Uncertainty of \\texttt{frequency}"
#   meta:
#     ucd: stat.error
# - 
#   name: geom_model_reference_level
#   datatype: float32
#   unit: mag
#   description: Magnitude reference level of geometric model
#   meta:
#     ucd: phot.mag;em.opt
# - 
#   name: geom_model_reference_level_error
#   datatype: float32
#   unit: mag
#   description: "Uncertainty of \\texttt{geomModelReferenceLevel}"
#   meta:
#     ucd: stat.error;phot.mag;em.opt
# - 
#   name: geom_model_gaussian1_phase
#   datatype: float32
#   description: Phase of the Gaussian 1 component
#   meta:
#     ucd: time.phase
# - 
#   name: geom_model_gaussian1_phase_error
#   datatype: float32
#   description: "Uncertainty of \\texttt{geomModelGaussian1Phase}"
#   meta:
#     ucd: stat.error;time.phase
# - 
#   name: geom_model_gaussian1_sigma
#   datatype: float32
#   description: "Standard deviation [phase] of Gaussian 1 component"
#   meta:
#     ucd: stat.stdev
# - 
#   name: geom_model_gaussian1_sigma_error
#   datatype: float32
#   description: "Uncertainty of \\texttt{geomModelGaussian1Sigma}"
#   meta:
#     ucd: stat.error
# - 
#   name: geom_model_gaussian1_depth
#   datatype: float32
#   unit: mag
#   description: Magnitude depth of Gaussian 1 component
#   meta:
#     ucd: src.var.amplitude
# - 
#   name: geom_model_gaussian1_depth_error
#   datatype: float32
#   unit: mag
#   description: "Uncertainty of \\texttt{geomModelGaussian1Depth}"
#   meta:
#     ucd: stat.error;src.var.amplitude
# - 
#   name: geom_model_gaussian2_phase
#   datatype: float32
#   description: Phase of Gaussian 2 component
#   meta:
#     ucd: time.phase
# - 
#   name: geom_model_gaussian2_phase_error
#   datatype: float32
#   description: "Uncertainty of \\texttt{geomModelGaussian2Phase}"
#   meta:
#     ucd: stat.error;time.phase
# - 
#   name: geom_model_gaussian2_sigma
#   datatype: float32
[...]
#   datatype: float32
#   description: "Secondary eclipse: uncertainty of \\texttt{derivedSecondaryEclDuration}"
#   meta:
#     ucd: stat.error;time.duration
# - 
#   name: derived_secondary_ecl_depth
#   datatype: float32
#   unit: mag
#   description: "Secondary eclipse: depth"
#   meta:
#     ucd: src.var.amplitude
# - 
#   name: derived_secondary_ecl_depth_error
#   datatype: float32
#   unit: mag
#   description: "Secondary eclipse: uncertainty of \\texttt{derivedSecondaryEclDepth}"
#   meta:
#     ucd: stat.error;src.var.amplitude
solution_id,source_id,global_ranking,reference_time,frequency,frequency_error,geom_model_reference_level,geom_model_reference_level_error,geom_model_gaussian1_phase,geom_model_gaussian1_phase_error,geom_model_gaussian1_sigma,geom_model_gaussian1_sigma_error,geom_model_gaussian1_depth,geom_model_gaussian1_depth_error,geom_model_gaussian2_phase,geom_model_gaussian2_phase_error,geom_model_gaussian2_sigma,geom_model_gaussian2_sigma_error,geom_model_gaussian2_depth,geom_model_gaussian2_depth_error,geom_model_cosine_half_period_amplitude,geom_model_cosine_half_period_amplitude_error,geom_model_cosine_half_period_phase,geom_model_cosine_half_period_phase_error,model_type,num_model_parameters,reduced_chi2,derived_primary_ecl_phase,derived_primary_ecl_phase_error,derived_primary_ecl_duration,derived_primary_ecl_duration_error,derived_primary_ecl_depth,derived_primary_ecl_depth_error,derived_secondary_ecl_phase,derived_secondary_ecl_phase_error,derived_secondary_ecl_duration,derived_secondary_ecl_duration_error,derived_secondary_ecl_depth,derived_secondary_ecl_depth_error
[from data line 369]
375316653866487564,5971556231538273664,0.5510328,2280.226516139908,2.180332198245613,1.8902847E-5,19.333542,0.008905156,0.15345815,0.006823532,0.07782669,0.00622011,0.15996052,0.012019164,0.64118737,8.943162E-4,0.065207586,0.0025526863,0.60099256,0.03369887,null,null,null,null,"TWOGAUSSIANS",8,1.1757411,0.64118737,8.943162E-4,0.3651625,0.014295043,0.60005933,0.03392027,0.15345815,0.006823532,0.4,0.0,0.15902731,0.011724478
375316653866487564,5971556265898117504,0.47174424,2285.6985923810084,2.8353366627447127,6.7802706E-5,19.377085,0.007346604,0.23566025,0.009557634,0.06693674,0.012192857,0.19982688,0.01860744,0.680231,0.001977173,0.026701305,0.0038117354,0.3626508,0.13383478,null,null,null,null,"TWOGAUSSIANS",8,2.8264303,0.680231,0.001977173,0.14952731,0.021345718,0.3626508,0.1338348,0.23566025,0.009557634,0.37484574,0.068280004,0.19982688,0.018607445
375316653866487564,5971556369019210496,0.46045795,2312.7418159079857,3.578197989829359,2.6084372E-5,19.532202,0.44489494,0.3307006,0.07516943,0.15169999,0.19701739,0.32547444,0.41406536,0.8087151,0.0079534035,0.06731466,0.016388444,0.69573176,0.15775055,null,null,null,null,"TWOGAUSSIANS",8,23.501205,0.8087151,0.0079534035,0.37696213,0.08929732,0.6564943,0.08831935,0.3307006,0.07516943,0.4,0.0,0.2830908,0.09407362
375316653866487564,5971556575132907904,0.47882125,2296.4351152127465,3.1858192300495607,2.1824562E-5,19.84011,0.016939633,0.31159347,0.007858253,0.081897154,0.011150575,0.15620235,0.015515093,0.79338855,0.006859915,0.08395753,0.010961937,0.24659032,0.015134905,null,null,null,null,"TWOGAUSSIANS",8,1.2271218,0.79338855,0.006859915,0.4,0.0,0.24361132,0.012404118,0.31159347,0.007858253,0.4,0.0,0.15322337,0.011869705
375316653866487564,5971556678215744640,0.44765162,2297.9295168235144,0.2809278769361446,5.4611264E-5,19.54113,0.0381391,0.29831213,0.0148866065,0.11838568,0.030169293,0.334641,0.054236732,0.7276705,0.0148797175,0.075846225,0.019588158,0.5465095,1.0182174,null,null,null,null,"TWOGAUSSIANS",8,6.9032607,0.7276705,0.0148797175,0.4,0.06376382,0.53654987,1.0218676,0.29831213,0.0148866065,0.4,0.0,0.32421246,0.062460784
375316653866487564,5971557296690472704,0.46397656,2313.16008334812,0.2355364758908488,5.767172E-5,19.2511,0.0139441565,0.28690046,0.028146544,0.050815944,0.020554509,0.20680073,0.04921799,0.67485917,0.048685152,0.15400918,0.05234599,0.06889718,0.02345048,null,null,null,null,"TWOGAUSSIANS",8,1.6869764,0.28749046,0.028130574,0.2845693,0.11510525,0.20791686,0.047217168,0.67485917,0.048685152,0.4,0.0,0.067088306,0.021905605
375316653866487564,5971557361120438144,0.46048698,2277.9649922972503,2.0232229482701474,3.271909E-5,19.789377,0.012488434,0.34514564,0.03234558,0.020562623,0.056757282,0.34390217,0.3360695,0.8543071,0.007199533,0.0081211245,0.0087860385,0.124152385,1.7947743E11,0.09978025,0.015468585,0.8543071,0.007199533,"TWOGAUSSIANS_WITH_ELLIPSOIDAL_ON_ECLIPSE2",9,2.6927862,0.34531564,0.031048156,0.11515068,0.28434172,0.5428143,0.3210596,0.8543071,0.007199533,0.045478296,0.049201816,0.32371256,1.7947743E11
375316653866487564,5971557640282735104,0.44487143,2264.806565224985,4.887027568937592,1.152294E-4,18.579588,0.03479971,0.46560296,0.013332845,0.22395267,0.048701406,0.14592391,0.031494543,0.8764093,0.03241424,0.024198659,0.02046735,0.03986911,135.73445,null,null,null,null,"TWOGAUSSIANS",8,3.627158,0.46560296,0.013332845,0.4,0.0,0.12175927,0.010293529,0.8764093,0.03241424,0.13551249,0.11461716,0.047404565,135.73584
375316653866487564,5971557743361984384,0.5673098,2251.208562305754,2.6282196354851797,1.1507312E-5,19.226305,0.012545566,0.25511616,0.003347905,0.043544494,0.005612708,0.27378798,0.03568682,0.752942,0.0014994909,0.029913364,0.0049762917,0.20643085,0.027576663,0.14294565,0.022789996,0.25511616,0.003347905,"TWOGAUSSIANS_WITH_ELLIPSOIDAL_ON_ECLIPSE1",9,2.861067,0.25511616,0.003347905,0.24384916,0.03143117,0.5596791,0.021384915,0.75313205,0.0011919127,0.16751485,0.027867233,0.4922734,0.02657459
375316653866487564,5971557945220764800,0.54784834,2284.5463028470112,2.6939733773357615,5.3141853E-6,18.82932,0.0039261854,0.25728545,0.0019653344,0.06923873,0.0020302036,0.37388587,0.008357538,0.7647365,0.002147084,0.06440163,0.0029861273,0.29962897,0.020169422,null,null,null,null,"TWOGAUSSIANS",8,1.774876,0.25728545,0.0019653344,0.3877369,0.01136914,0.37338907,0.008362358,0.7647365,0.002147084,0.3606491,0.016722312,0.29913217,0.020283682
375316653866487564,5971558769854592640,0.46917143,2277.5577452757284,0.6206214083129757,4.0885723E-5,18.311655,0.013403573,0.2722857,0.008848969,0.048865773,0.013954103,0.13266818,0.035745636,0.70221764,0.035284117,0.057948034,0.04064066,0.10376582,0.11736706,0.06632029,0.018822039,0.2722857,0.008848969,"TWOGAUSSIANS_WITH_ELLIPSOIDAL_ON_ECLIPSE1",9,16.608034,0.2722857,0.008848969,0.27364835,0.07814297,0.2653081,0.0211336,0.71956766,0.019110601,0.324509,0.2275877,0.2178289,0.1448284
375316653866487564,5971559255190907520,0.46772164,2233.743159956829,2.2221650511203164,5.6411875E-5,19.18578,0.09952177,0.2283757,0.013549276,0.109746195,0.057422966,0.1385941,0.08679412,0.7319566,0.015788719,0.13643451,0.07890525,0.12554161,0.09551185,null,null,null,null,"TWOGAUSSIANS",8,1.7632061,0.22831571,0.013678176,0.4,0.024170218,0.10682795,0.010937502,0.7319666,0.01578435,0.4,0.0,0.09347845,0.015097693
375316653866487564,5971559495711185280,0.45521802,2240.569860689725,1.8758681122537917,1.9995201E-5,19.713978,0.0834392,0.25614718,0.0074265497,0.12009564,0.036173668,0.23610516,0.0778724,0.76763445,0.029088542,0.10380837,0.02955487,0.2845434,0.07845017,null,null,null,null,"TWOGAUSSIANS",8,2.4515586,0.76767445,0.029107606,0.4,0.0,0.246963,0.019380586,0.2561372,0.007458881,0.4,0.0,0.19844323,0.018698141
375316653866487564,5971559804992824064,0.44694918,2322.9293234309853,0.10782935671809618,1.6779998E-4,17.206724,0.06779222,0.14138968,0.008524958,0.018321848,0.0065512536,0.11188056,0.031074965,0.63686013,0.019370558,0.20610999,0.04413403,0.29558322,0.071136996,null,null,null,null,"TWOGAUSSIANS",8,5.2192907,0.63686013,0.019370558,0.4,0.0,0.2586053,0.019814366,0.14143968,0.008580179,0.10260235,0.03668702,0.10611061,0.031135805
375316653866487564,5971560114230516992,0.5196622,2269.05250743631,2.4800776875773294,3.409651E-5,16.989079,0.032965895,0.2093151,0.00402043,0.10964809,0.013564322,0.24459633,0.03030037,0.6993715,0.0050972044,0.10323095,0.014875841,0.26287097,0.029730717,null,null,null,null,"TWOGAUSSIANS",8,24.954573,0.6993715,0.0050972044,0.4,0.0,0.23416471,0.011613336,0.2093151,0.0040237764,0.4,0.0,0.21587859,0.011683384
375316653866487564,5971560212960755712,0.5618057,2280.438312603638,2.2298935609014205,9.08294E-6,17.992218,0.017755711,0.23193695,0.001803411,0.10052913,0.0061162133,0.30018243,0.016338281,0.74626696,0.0035850145,0.11663373,0.011113681,0.1888974,0.016127517,null,null,null,null,"TWOGAUSSIANS",8,1.5655527,0.23191695,0.0017982895,0.4,0.0,0.27224895,0.009614261,0.7462769,0.003588113,0.4,0.0,0.16092338,0.0061131255
375316653866487564,5971560247320510464,0.5854242,2277.681253513032,1.5168801608578992,7.153196E-6,13.641602,0.5370037,0.14288656,0.0022615104,0.15807264,0.12106499,0.21944746,0.52495825,0.6438959,0.0011981395,0.13820344,0.045498483,0.23646683,0.35936397,null,null,null,null,"TWOGAUSSIANS",8,26.335814,0.6439859,0.0011819393,0.4,0.0,0.13119219,0.002624789,0.14283657,0.0023018487,0.4,0.0,0.111903064,0.0055301483
375316653866487564,5971560281680243712,0.57449716,2273.3043040811685,1.2346295883517484,2.9272906E-5,16.507175,0.00898654,0.23873273,0.0055834516,0.03353586,0.0047519337,0.42325538,0.029351052,0.7338455,0.004101962,0.03148577,0.003996376,0.54531884,0.02150649,0.012431375,0.01176088,0.23873273,0.0055834516,"TWOGAUSSIANS_WITH_ELLIPSOIDAL_ON_ECLIPSE1",9,49.84212,0.73386544,0.0040972773,0.17632031,0.022379706,0.5701582,0.021343406,0.23873273,0.0055834516,0.18780081,0.026610829,0.4481181,0.023399912
375316653866487564,5971560453478965632,0.6445789,2318.7467192886297,1.0091201852406322,9.725468E-6,15.794917,0.0019102602,0.32748103,0.0012867127,0.03598252,8.115158E-4,0.49557918,0.01593538,0.82754296,0.0031237667,0.038399182,0.0030660145,0.06286253,0.0040174695,null,null,null,null,"TWOGAUSSIANS",8,11.00407,0.32748103,0.0012867127,0.20150211,0.004544488,0.49557918,0.01593538,0.82754296,0.0031237667,0.21503542,0.017169682,0.06286253,0.0040174695
375316653866487564,5971561003236136832,0.60824907,2288.1415751275063,2.540547753086724,1.048607E-5,18.017624,0.012943856,0.26648444,0.0018945023,0.03824444,0.0061241835,0.26929986,0.026012938,0.7643873,0.0037350862,0.054064177,0.005690671,0.3548371,0.028166007,0.11775088,0.016388984,0.26648444,0.0018945023,"TWOGAUSSIANS_WITH_ELLIPSOIDAL_ON_ECLIPSE1",9,6.320507,0.76466733,0.0031544524,0.30275938,0.031867757,0.59029436,0.021882556,0.26648444,0.0018945023,0.21416888,0.03429543,0.5047926,0.022168813
375316653866487564,5971561484274045952,0.5482455,2303.4754863895264,2.8415245328075245,1.9407405E-5,18.575762,0.020461721,0.2340357,0.0038040534,0.10117812,0.007852885,0.3195062,0.019440064,0.7361824,0.00420725,0.101630285,0.0069216266,0.33304945,0.021043902,null,null,null,null,"TWOGAUSSIANS",8,2.485609,0.7361824,0.00420725,0.4,0.0,0.30262065,0.009538186,0.2340357,0.0038040534,0.4,0.0,0.28907794,0.00930121
375316653866487564,5971561694778804736,0.5188419,2311.9597515568407,3.5493337434398864,2.8027875E-5,19.817915,0.016509661,0.28311202,0.041243173,0.070906624,0.01954709,0.55141807,0.14998297,0.7739003,0.0048064664,0.07261852,0.0064724577,0.4658209,0.048088957,null,null,null,null,"TWOGAUSSIANS",8,2.8151774,0.28311202,0.041243173,0.39707708,0.040287755,0.5495475,0.14877063,0.7739003,0.0048064664,0.4,0.012769395,0.46395037,0.04837518
375316653866487564,5971562102740067328,0.48789763,2272.870845485737,0.3549521864579574,1.5123203E-5,17.57156,0.002663047,0.34047028,0.005682754,0.049079437,0.004548296,0.09259459,0.009311127,0.8495967,0.0032632465,0.019272266,0.0018498978,0.08876392,0.007945386,null,null,null,null,"TWOGAUSSIANS",8,4.2643948,0.34047028,0.005682754,0.27484486,0.025470458,0.09259459,0.009311127,0.8495967,0.0032632465,0.10792469,0.010359428,0.08876392,0.007945386
375316653866487564,5971562107062473344,0.53297555,2279.014238039076,4.34888937029222,1.4190333E-5,19.867472,0.019613694,0.26095402,0.0022534253,0.06585605,0.005011721,0.6431422,0.04205933,0.7665844,0.019309308,0.06383863,0.016211938,0.6014227,0.04395149,null,null,null,null,"TWOGAUSSIANS",8,2.0306036,0.26095402,0.0022534253,0.36879385,0.028065637,0.642519,0.042147912,0.7665844,0.019309308,0.35749632,0.05482966,0.6007995,0.044193987
375316653866487564,5971562210137155328,0.53843,2253.4350495183053,2.9494426026679257,2.5128193E-5,19.752096,0.016745308,0.1874797,0.006647662,0.068382874,0.009090272,0.5129303,0.0743374,0.6840049,0.0066043856,0.070630826,0.0060995757,0.48642427,0.06302884,null,null,null,null,"TWOGAUSSIANS",8,1.4390526,0.1874797,0.006647662,0.3829441,0.030734539,0.5115147,0.075517155,0.6840049,0.0066043856,0.3955326,0.020651128,0.4850087,0.062965415
375316653866487564,5971562244496895360,0.5005884,2300.7784328943258,1.2139100621946441,2.323794E-5,17.796183,0.010847401,0.23834917,0.0076014884,0.08096324,0.014538966,0.22063863,0.030302832,0.73608994,0.0055221086,0.09988803,0.012127277,0.12203458,0.010824093,null,null,null,null,"TWOGAUSSIANS",8,3.7249289,0.23834917,0.0076014884,0.4,0.0,0.21402669,0.03544912,0.73608994,0.0055221086,0.4,0.0,0.11542174,0.0071763326
375316653866487564,5971562244496905728,0.50932616,2253.86775176351,2.423589187378633,5.547005E-5,19.69862,0.022320924,0.1484702,0.007317257,0.09162542,0.009569795,0.31958416,0.03261314,0.64602983,0.008930247,0.07782188,0.011140483,0.3703894,0.03741707,null,null,null,null,"TWOGAUSSIANS",8,2.395969,0.64602983,0.008930247,0.4,0.0,0.36200032,0.035430424,0.1484702,0.007317257,0.4,0.0,0.31119484,0.029846607
375316653866487564,5971562588098252160,0.5143054,2221.8780469200033,2.280288365899819,4.5098583E-5,19.049217,0.098058775,0.27638152,0.007946264,0.1097393,0.029837929,0.21771836,0.10046387,0.78517455,0.0085478015,0.08667511,0.032122307,0.26625034,0.09262185,null,null,null,null,"TWOGAUSSIANS",8,5.6491814,0.78518456,0.008564634,0.4,0.0,0.24983463,0.023676021,0.27638152,0.007946264,0.4,0.0,0.20128828,0.020614043
375316653866487564,5971562828612504320,0.5440496,2260.5763997258096,1.962553104661239,3.6392965E-5,19.353163,0.014443042,0.28389692,0.006424714,0.05008265,0.011638014,0.9456738,0.09768422,0.7967147,0.005554589,0.061972816,0.0073314044,0.26791477,0.031580325,null,null,null,null,"TWOGAUSSIANS",8,5.7224607,0.28389692,0.006424714,0.28046283,0.06517287,0.94564766,0.09773157,0.7967147,0.005554589,0.34704778,0.041055866,0.2678886,0.031586614
375316653866487564,5971563133535765504,0.54184747,2286.640247792011,0.7049112098013072,3.667089E-5,12.934926,6.2598987E-4,0.47110265,0.10225956,0.036084905,0.09144686,0.0018421849,0.4087257,0.7726613,0.0033131747,0.020036817,0.0019665887,0.091136724,0.0021573992,0.0052621257,8.953658E-4,0.7726613,0.0033131747,"TWOGAUSSIANS_WITH_ELLIPSOIDAL_ON_ECLIPSE2",9,14.054874,0.7726613,0.0033131747,0.112206176,0.011012897,0.10166092,0.0025193046,0.27266267,0.6139537,0.20207547,0.5121024,0.0105241975,0.3899494
375316653866487564,5971563653246369536,0.4247547,2251.839734886937,2.8256000541614203,9.9330355E-5,19.806437,0.07660554,0.24302593,0.004049208,0.030463304,0.027553458,1.9252461,3.7448176E8,0.63441557,0.021277085,0.16568016,0.06866146,0.19914387,0.06851916,null,null,null,null,"TWOGAUSSIANS",8,4.867692,0.24310592,0.0039333166,0.1705945,0.15429936,1.9330243,3.7448176E8,0.63441557,0.021277085,0.4,0.0,0.19445297,0.0392732
375316653866487564,5971564580959359744,0.48403916,2220.4423674994273,3.5672143536542253,4.5751658E-5,19.329088,0.11729346,0.28052896,0.0061621857,0.118156046,0.03658125,0.21273255,0.11304824,0.7716059,0.008366599,0.118894346,0.05006283,0.18770814,0.10934473,null,null,null,null,"TWOGAUSSIANS",8,1.5507082,0.28056896,0.0060932213,0.4,0.0,0.17293501,0.013127092,0.7716059,0.008366599,0.4,0.0,0.14791146,0.014001365
375316653866487564,5971564645364432512,0.6679246,2260.982293829012,2.1653572789986772,2.6166533E-6,15.326717,0.003957447,0.18452077,0.0012619322,0.090381496,0.0017656551,0.40733257,0.004254133,0.68350965,6.029736E-4,0.094613284,0.0015147201,0.36013874,0.0040928028,null,null,null,null,"TWOGAUSSIANS",8,10.145901,0.18452077,0.0012619322,0.4,0.0,0.38780686,0.0029016822,0.68350965,6.029736E-4,0.4,0.0,0.3406126,0.003667484
375316653866487564,5971565882311485696,0.6492829,2284.2364218374278,1.9718162356410656,6.2664476E-6,17.421604,0.008600745,0.2704074,0.001606945,0.050633643,0.0026078152,0.45864347,0.02208209,0.76866406,0.0017522798,0.047411017,0.0020891456,0.5201617,0.020828336,0.11082908,0.010563214,0.2704074,0.001606945,"TWOGAUSSIANS_WITH_ELLIPSOIDAL_ON_ECLIPSE1",9,6.00587,0.76878405,0.0016092251,0.2655017,0.011699215,0.74179214,0.01290517,0.2704074,0.001606945,0.28354838,0.014603766,0.6802986,0.015104879
375316653866487564,5971566225911216256,0.49133107,2291.884128564612,1.2585227239013126,5.3115145E-5,18.63965,0.0028803549,0.20373313,0.0045033568,0.026361834,0.008734578,0.018411173,0.013742759,null,null,null,null,null,null,0.067636706,0.004605262,0.20373313,0.0045033568,"ONEGAUSSIAN_WITH_ELLIPSOIDAL",6,3.3663654,0.20373313,0.0045033568,0.14762627,0.04891364,0.15368433,0.013974614,null,null,null,null,null,null
375316653866487564,5971566402025744640,0.4886738,2249.370047563564,2.7290321425162203,2.3097542E-5,19.301636,0.037351765,0.35961702,0.005833005,0.09855677,0.018779807,0.300833,0.03137747,0.8531128,0.009179879,0.092917144,0.022905974,0.2591062,0.055805493,null,null,null,null,"TWOGAUSSIANS",8,2.5264885,0.35961702,0.005833005,0.4,0.0,0.28392404,0.029350521,0.8531128,0.009179879,0.4,0.0,0.2421986,0.062232
