Gaia/vari_eclipsing_binary/VariEclipsingBinary_674868-674887.csv
# %ECSV 1.0
# ---
# delimiter: ','
# meta: !!omap
# - RELEASE: Gaia DR3
# - TABLE: vari_eclipsing_binary
# - DESCRIPTION: >
#     This table describes the properties of the eclipsing binaries resulting from the variability analysis. 
# - CITATION: >
#     How to cite and acknowledge Gaia: 
#     https://gea.esac.esa.int/archive/documentation/credits.html 
# - KNOWN_ISSUES: >
#     Known issues: 
#     https://www.cosmos.esa.int/web/gaia-users/known-issues 
# - DOCUMENTATION: >
#     Tutorials and documentation: 
#     https://www.cosmos.esa.int/web/gaia-users/archive 
# datatype:
# - 
#   name: solution_id
#   datatype: int64
#   description: Solution Identifier
#   meta:
#     ucd: meta.version
# - 
#   name: source_id
#   datatype: int64
#   description: Unique source identifier
#   meta:
#     ucd: meta.id;meta.main
# - 
#   name: global_ranking
#   datatype: float32
#   description: Number between 0 (worst) and 1 (best)
#   meta:
#     ucd: stat.param
# - 
#   name: reference_time
#   datatype: float64
#   unit: d
#   description: Reference time used for the geometric model fit
#   meta:
#     ucd: time.epoch
# - 
#   name: frequency
#   datatype: float64
#   unit: d**-1
#   description: Frequency of geometric model of the eclipsing binary light curve
#   meta:
#     ucd: src.orbital
# - 
#   name: frequency_error
#   datatype: float32
#   unit: d**-1
#   description: "Uncertainty of \\texttt{frequency}"
#   meta:
#     ucd: stat.error
# - 
#   name: geom_model_reference_level
#   datatype: float32
#   unit: mag
#   description: Magnitude reference level of geometric model
#   meta:
#     ucd: phot.mag;em.opt
# - 
#   name: geom_model_reference_level_error
#   datatype: float32
#   unit: mag
#   description: "Uncertainty of \\texttt{geomModelReferenceLevel}"
#   meta:
#     ucd: stat.error;phot.mag;em.opt
# - 
#   name: geom_model_gaussian1_phase
#   datatype: float32
#   description: Phase of the Gaussian 1 component
#   meta:
#     ucd: time.phase
# - 
#   name: geom_model_gaussian1_phase_error
#   datatype: float32
#   description: "Uncertainty of \\texttt{geomModelGaussian1Phase}"
#   meta:
#     ucd: stat.error;time.phase
# - 
#   name: geom_model_gaussian1_sigma
#   datatype: float32
#   description: "Standard deviation [phase] of Gaussian 1 component"
#   meta:
#     ucd: stat.stdev
# - 
#   name: geom_model_gaussian1_sigma_error
#   datatype: float32
#   description: "Uncertainty of \\texttt{geomModelGaussian1Sigma}"
#   meta:
#     ucd: stat.error
# - 
#   name: geom_model_gaussian1_depth
#   datatype: float32
#   unit: mag
#   description: Magnitude depth of Gaussian 1 component
#   meta:
#     ucd: src.var.amplitude
# - 
#   name: geom_model_gaussian1_depth_error
#   datatype: float32
#   unit: mag
#   description: "Uncertainty of \\texttt{geomModelGaussian1Depth}"
#   meta:
#     ucd: stat.error;src.var.amplitude
# - 
#   name: geom_model_gaussian2_phase
#   datatype: float32
#   description: Phase of Gaussian 2 component
#   meta:
#     ucd: time.phase
# - 
#   name: geom_model_gaussian2_phase_error
#   datatype: float32
#   description: "Uncertainty of \\texttt{geomModelGaussian2Phase}"
#   meta:
#     ucd: stat.error;time.phase
# - 
#   name: geom_model_gaussian2_sigma
#   datatype: float32
[...]
#   datatype: float32
#   description: "Secondary eclipse: uncertainty of \\texttt{derivedSecondaryEclDuration}"
#   meta:
#     ucd: stat.error;time.duration
# - 
#   name: derived_secondary_ecl_depth
#   datatype: float32
#   unit: mag
#   description: "Secondary eclipse: depth"
#   meta:
#     ucd: src.var.amplitude
# - 
#   name: derived_secondary_ecl_depth_error
#   datatype: float32
#   unit: mag
#   description: "Secondary eclipse: uncertainty of \\texttt{derivedSecondaryEclDepth}"
#   meta:
#     ucd: stat.error;src.var.amplitude
solution_id,source_id,global_ranking,reference_time,frequency,frequency_error,geom_model_reference_level,geom_model_reference_level_error,geom_model_gaussian1_phase,geom_model_gaussian1_phase_error,geom_model_gaussian1_sigma,geom_model_gaussian1_sigma_error,geom_model_gaussian1_depth,geom_model_gaussian1_depth_error,geom_model_gaussian2_phase,geom_model_gaussian2_phase_error,geom_model_gaussian2_sigma,geom_model_gaussian2_sigma_error,geom_model_gaussian2_depth,geom_model_gaussian2_depth_error,geom_model_cosine_half_period_amplitude,geom_model_cosine_half_period_amplitude_error,geom_model_cosine_half_period_phase,geom_model_cosine_half_period_phase_error,model_type,num_model_parameters,reduced_chi2,derived_primary_ecl_phase,derived_primary_ecl_phase_error,derived_primary_ecl_duration,derived_primary_ecl_duration_error,derived_primary_ecl_depth,derived_primary_ecl_depth_error,derived_secondary_ecl_phase,derived_secondary_ecl_phase_error,derived_secondary_ecl_duration,derived_secondary_ecl_duration_error,derived_secondary_ecl_depth,derived_secondary_ecl_depth_error
[from data line 37]
375316653866487564,5936213426759988096,0.57692057,2158.766119047931,1.0062344910208743,1.187317E-5,17.08377,0.0026540076,0.27531177,0.006550193,0.041277338,0.006722046,0.03418586,0.008596857,0.7596631,0.011932848,0.03238984,0.005665325,0.49582523,0.13059177,0.021352889,0.004447172,0.27531177,0.006550193,"TWOGAUSSIANS_WITH_ELLIPSOIDAL_ON_ECLIPSE1",9,6.3894672,0.75977314,0.011832295,0.18138309,0.03172582,0.5381223,0.13093111,0.27531177,0.006550193,0.2311531,0.03764346,0.076891564,0.0058042025
375316653866487564,5936214045175402240,0.53879905,2155.5235732477076,3.0638564866910665,8.686869E-6,18.872225,0.0104931975,0.30186248,0.0035052479,0.083445,0.00537288,0.44305357,0.017597781,0.8067502,0.0020840515,0.07758444,0.004647368,0.40487474,0.020994024,null,null,null,null,"TWOGAUSSIANS",8,4.4006524,0.30186248,0.0035052479,0.4,0.0,0.43683532,0.017840011,0.8067502,0.0020840515,0.4,0.0,0.39865652,0.021986706
375316653866487564,5936214148314647168,0.60516346,2156.6910999093293,0.9289743254816571,8.3677505E-6,15.417326,0.0024770887,0.2804074,0.0026820183,0.033935893,0.005218687,0.024979189,0.0058753425,0.78189075,0.002688504,0.044943318,0.0033191645,0.17011634,0.006159908,0.01615319,0.003015797,0.2804074,0.0026820183,"TWOGAUSSIANS_WITH_ELLIPSOIDAL_ON_ECLIPSE1",9,8.760483,0.78189075,0.002688504,0.25168258,0.018587321,0.20241988,0.0054459935,0.2804074,0.0026820183,0.190041,0.02922465,0.057285525,0.0023720094
375316653866487564,5936214801090068608,0.5013557,2158.1293545339677,0.19564683014466408,7.6036995E-5,15.848035,0.0050447444,0.13105884,0.0013986938,0.014282061,5.071217E-4,1.0522481,0.1069639,0.8514444,0.008193668,0.025305774,0.0034556969,0.61096185,0.34275296,null,null,null,null,"TWOGAUSSIANS",8,23.231464,0.13105884,0.0013986938,0.07997954,0.0028398815,1.0522481,0.1069639,0.8514444,0.008193668,0.14171234,0.019351903,0.61096185,0.34275296
375316653866487564,5936214869809797888,0.4707981,2168.639062987377,3.3472923158803205,1.8592738E-5,18.89905,0.0052420674,0.18400645,0.0068757813,0.06632569,0.008917444,0.14057235,0.018569913,0.68116266,0.0072769504,0.07497479,0.008843773,0.10667264,0.013731091,null,null,null,null,"TWOGAUSSIANS",8,2.7084942,0.18400645,0.0068757813,0.37142384,0.04993769,0.14014201,0.018743157,0.68116266,0.0072769504,0.4,0.0018797927,0.10624229,0.013779867
375316653866487564,5936215316545762432,0.5774462,2171.073658683296,0.34851483705287506,2.875667E-5,14.360377,4.963158E-4,0.36242765,0.0025017369,0.015930388,0.0013522764,0.21298146,0.01775057,null,null,null,null,null,null,null,null,null,null,"ONEGAUSSIAN",5,11.906795,0.36242765,0.0025017369,0.08921017,0.007572748,0.21298146,0.0,null,null,null,null,null,null
375316653866487564,5936215419625032832,0.44602236,2129.821620933496,2.052863147982625,4.018607E-5,18.814837,0.014119372,0.13098185,0.011987282,0.07293325,0.029621061,0.111647904,0.020860301,0.62995934,0.009966857,0.0974202,0.01561589,0.127028,0.0183369,null,null,null,null,"TWOGAUSSIANS",8,4.987715,0.62995934,0.009966857,0.4,0.0,0.12388065,0.016362643,0.13098185,0.011987282,0.4,0.06411393,0.10850104,0.025128406
375316653866487564,5936215660143163136,0.43973354,2152.019093559793,0.03717543142593986,5.7852958E-5,19.15506,0.03233391,0.28866205,0.010018821,0.11082734,0.019012377,0.3340995,0.02583735,0.6934372,0.020873694,0.12320955,0.012011442,0.27945432,0.041089054,null,null,null,null,"TWOGAUSSIANS",8,6.384455,0.28994203,0.009741793,0.4,0.0,0.31150743,0.019255532,0.6934372,0.020873694,0.4,0.0,0.25599584,0.029924747
375316653866487564,5936215900601776000,0.52064395,2149.3217633167897,3.07703957166046,5.871054E-6,18.698208,0.019357914,0.28022784,0.003236545,0.062050715,0.005302544,0.49641788,0.019306011,0.76708865,0.0021020197,0.061161183,0.0039857873,0.7991007,0.07708503,null,null,null,null,"TWOGAUSSIANS",8,13.197873,0.76708865,0.0021020197,0.34250262,0.022320408,0.7988857,0.07717424,0.28022784,0.003236545,0.347484,0.029694246,0.49620286,0.019279089
375316653866487564,5936216106820039936,0.44938287,2115.5837298926954,2.720706851520823,3.634631E-5,19.365871,0.020541172,0.2022951,0.026971553,0.06242945,0.023128623,0.23332088,0.100207426,0.7039418,0.007498787,0.07101845,0.0080912765,0.3781336,0.032418605,null,null,null,null,"TWOGAUSSIANS",8,8.655443,0.7039418,0.007498787,0.39770332,0.02388917,0.37761992,0.03166347,0.2022951,0.026971553,0.34960493,0.07911797,0.23280722,0.09982395
375316653866487564,5936216553496430336,0.5084566,2144.8878522928203,3.7945348399069796,1.703104E-5,15.640935,0.006223856,0.25896,0.040540677,0.029263625,0.04571186,0.05253883,0.017712543,0.7257647,0.0035812734,0.03156932,0.014105527,0.05040942,0.016046334,0.055029955,0.0077173086,0.7257647,0.0035812734,"TWOGAUSSIANS_WITH_ELLIPSOIDAL_ON_ECLIPSE2",9,52.36306,0.7257647,0.0035812734,0.1767882,0.07899095,0.16046913,0.014092845,0.25489002,0.032508448,0.1638763,0.24449223,0.15844803,0.019770732
375316653866487564,5936216553496431232,0.54345083,2117.635828525564,3.1747065414283315,1.2127549E-5,18.584637,0.01471531,0.14577262,0.0031334322,0.09768304,0.007239852,0.3984751,0.01667825,0.64602834,0.0034130348,0.08977485,0.005191144,0.38779098,0.018312002,null,null,null,null,"TWOGAUSSIANS",8,4.412052,0.14577262,0.0031334322,0.4,0.0,0.37614298,0.019067539,0.64602834,0.0034130348,0.4,0.0,0.36546037,0.01658331
375316653866487564,5936216759654907008,0.644949,2117.3464844292284,0.8379564318752822,1.064636E-5,14.339768,0.02324756,0.23960567,0.0022735142,0.100472994,0.0050429385,0.36335456,0.02205773,0.7484397,0.0014284737,0.14258432,0.013217297,0.18501014,0.022154942,null,null,null,null,"TWOGAUSSIANS",8,29.394453,0.23949566,0.0022603632,0.4,0.0,0.31219122,0.0050428384,0.74844974,0.0014248844,0.4,0.0,0.13304207,0.002619399
375316653866487564,5936216824003539456,0.42678228,2137.5017762297653,0.037210898723496005,1.1771079E-4,18.36417,0.007909398,0.0052414793,0.020331917,0.01514742,0.028100904,0.054111242,0.011433153,0.53021,0.010715548,0.06783613,0.009014521,0.161846,0.017499445,null,null,null,null,"TWOGAUSSIANS",8,9.221921,0.53021,0.010715548,0.37988234,0.04809297,0.161846,0.017499126,0.0052414793,0.020331917,0.084825546,0.15736507,0.054111242,0.011435985
375316653866487564,5936216927083018752,0.55857706,2143.1247730027712,2.5568672287543643,1.23732825E-5,18.113045,0.004879711,0.30745295,0.003619931,0.041246373,0.004419586,0.11969445,0.015553506,0.8065017,0.007811685,0.042038277,0.0066291876,0.09672805,0.01557765,0.05403355,0.00693299,0.30745295,0.003619931,"TWOGAUSSIANS_WITH_ELLIPSOIDAL_ON_ECLIPSE1",9,3.0740383,0.30745295,0.003619931,0.2309797,0.024749683,0.2277615,0.013875679,0.8066317,0.007096483,0.23541434,0.03712345,0.20479177,0.009797719
375316653866487564,5936217236320383232,0.64256245,2143.704849269379,3.1817529341990896,3.29725E-6,17.947405,0.00842191,0.2254325,0.0013192431,0.045866072,0.0030566507,0.42272577,0.030393148,0.7274046,0.0022434278,0.0402535,0.0019384846,0.6147148,0.021456381,0.13350599,0.01263167,0.2254325,0.0013192431,"TWOGAUSSIANS_WITH_ELLIPSOIDAL_ON_ECLIPSE1",9,6.2889223,0.7274046,0.0022338764,0.22541961,0.010855514,0.8816856,0.008061187,0.2254325,0.0013192431,0.25685,0.017117245,0.68973756,0.030366587
375316653866487564,5936217240691412352,0.51866204,2162.0136926959276,3.2936219429182203,1.4271673E-5,18.32247,0.040091064,0.21124361,0.0023029756,0.042190965,0.010536645,0.61030537,0.12370829,0.70456797,0.0039088395,0.05926012,0.015229975,0.64422274,0.12518598,0.09607049,0.06556443,0.21124361,0.0023029756,"TWOGAUSSIANS_WITH_ELLIPSOIDAL_ON_ECLIPSE1",9,41.037598,0.705078,0.0034562952,0.33185667,0.08219683,0.8359961,0.14545849,0.21124361,0.0023029756,0.2362694,0.05900521,0.8023908,0.15374565
375316653866487564,5936217481150052096,0.4691399,2119.234208926275,2.133166070759552,2.5502559E-5,19.396189,0.021851998,0.1965076,0.0045478065,0.05603162,0.0074829096,0.3245347,0.039832316,0.6692676,0.03310433,0.10791108,0.04345762,0.092834584,0.02234719,null,null,null,null,"TWOGAUSSIANS",8,4.1760364,0.1965076,0.0045480537,0.31377706,0.041904293,0.32306695,0.03960168,0.6692676,0.03310433,0.4,0.0,0.091359906,0.019551028
375316653866487564,5936217923515735808,0.5115906,2136.7135401637534,1.7279100874061386,1.4699059E-5,17.473015,0.0037044857,0.27102897,0.0036807929,0.08325085,0.008821455,0.08606565,0.0051179724,0.76897997,0.0043976996,0.08405594,0.00566335,0.05868049,0.0043638423,null,null,null,null,"TWOGAUSSIANS",8,1.881241,0.27102897,0.0036807929,0.4,0.0,0.0844956,0.0054819924,0.76897997,0.0043976996,0.4,0.0,0.05711044,0.0036967096
375316653866487564,5936219027411075840,0.47627246,2131.895488952845,0.5659235676432229,2.819701E-5,17.760822,0.0043731853,0.29023805,0.011210754,0.022421254,0.0067427056,0.6136497,0.37063593,0.7918844,0.012805998,0.023843905,0.013540165,0.06652728,0.040464163,0.027420606,0.0071309954,0.29023805,0.011210754,"TWOGAUSSIANS_WITH_ELLIPSOIDAL_ON_ECLIPSE1",9,13.886271,0.29023805,0.011210754,0.12555903,0.03775915,0.6684908,0.37191907,0.7918844,0.012805998,0.13352586,0.075824924,0.12136254,0.04306372
375316653866487564,5936219955055366912,0.51868963,2091.6034198907482,3.452755076612704,8.798001E-6,19.638304,0.013183083,0.28001717,0.0044450527,0.058256168,0.006744789,0.5846867,0.032777037,0.77164555,0.005343962,0.062088046,0.0045413403,0.834994,0.105808444,null,null,null,null,"TWOGAUSSIANS",8,4.885204,0.77164555,0.005343962,0.34769306,0.025431506,0.8348068,0.10584336,0.28001717,0.0044450527,0.32623455,0.03777082,0.5844995,0.03286558
375316653866487564,5936220019457761536,0.4889289,2119.415334990496,3.080099991966243,2.451383E-5,18.636381,0.015237944,0.22079875,0.005872712,0.09334474,0.010587932,0.222349,0.013372306,0.73908967,0.006200655,0.095175475,0.009245213,0.18832791,0.017084828,null,null,null,null,"TWOGAUSSIANS",8,3.281994,0.22079875,0.005872712,0.4,0.0,0.21301527,0.00801696,0.73908967,0.006200655,0.4,0.0,0.178994,0.011252265
375316653866487564,5936220023774839040,0.4724362,2110.74510839011,4.921571763544223,1.9478437E-5,19.11101,0.004607338,0.798804,0.00454139,0.056487367,0.029626032,0.0286152,0.018564165,null,null,null,null,null,null,0.10988827,0.0075332876,0.798804,0.00454139,"ONEGAUSSIAN_WITH_ELLIPSOIDAL",6,4.963176,0.798804,0.00454139,0.31632927,0.16590577,0.24838965,0.015822854,null,null,null,null,null,null
375316653866487564,5936220195640866560,0.6470469,2108.9433152099177,3.810574380150823,4.092755E-6,16.115808,0.009895347,0.28372368,0.0020330101,0.04698682,0.0042244014,0.36439985,0.031364933,0.7874459,8.647317E-4,0.049294572,0.0023973896,0.40036497,0.02344799,0.1277452,0.015399314,0.7874459,8.647317E-4,"TWOGAUSSIANS_WITH_ELLIPSOIDAL_ON_ECLIPSE2",9,25.573133,0.7874459,8.647317E-4,0.2760496,0.013425381,0.65585405,0.009599273,0.28413367,0.001828408,0.2631262,0.023656648,0.61976445,0.029927585
375316653866487564,5936220607946103168,0.50219554,2085.4665453161533,2.0882170891417795,1.447566E-5,19.432823,0.02515126,0.22986464,0.010595018,0.089819126,0.021312457,0.21406007,0.022966633,0.7166249,0.0035554275,0.093248725,0.010233749,0.36191246,0.0203153,null,null,null,null,"TWOGAUSSIANS",8,1.8080133,0.7166249,0.0035554275,0.4,0.0,0.35097227,0.011993996,0.22986464,0.010595018,0.4,0.0,0.2031203,0.027130952
375316653866487564,5936220775397385984,0.5763555,2113.3171858370174,2.4494920240969575,5.2699443E-6,18.132523,0.010661833,0.24988154,0.0015024156,0.04998702,0.004954684,0.17847387,0.02342431,0.7504608,0.0027291148,0.054082997,0.005973898,0.15430427,0.02117806,0.099399574,0.0129512455,0.24988154,0.0015024156,"TWOGAUSSIANS_WITH_ELLIPSOIDAL_ON_ECLIPSE1",9,3.1027741,0.24988154,0.0015024156,0.27992734,0.02774623,0.37726858,0.0066057825,0.7504608,0.0026277537,0.3028648,0.033453826,0.35309634,0.0070960443
375316653866487564,5936220878451396992,0.48710775,2138.4629550377344,0.1108212387176227,1.5853977E-5,18.09416,0.0015848399,0.1172958,0.0060993833,0.004102115,0.001946089,0.22676188,0.3323251,0.8344695,0.0025257326,0.014223942,0.0031039023,0.045048628,0.014387162,null,null,null,null,"TWOGAUSSIANS",8,1.6175996,0.1172958,0.0060993833,0.022971844,0.010898098,0.22676188,0.3323251,0.8344695,0.0025257326,0.079654075,0.017381852,0.045048628,0.014387162
375316653866487564,5936220878483057408,0.5640656,2137.018782146746,0.5823684583992478,1.6702352E-5,13.638114,4.9894204E-4,0.23071297,0.002699975,0.028986512,0.005339319,0.015599029,0.0030738073,0.7340353,0.005022434,0.032433517,0.004133507,0.0785239,0.00445629,0.012456257,7.3083094E-4,0.23071297,0.002699975,"TWOGAUSSIANS_WITH_ELLIPSOIDAL_ON_ECLIPSE1",9,12.676044,0.7340353,0.00499666,0.1816277,0.02314764,0.1034255,0.0044285967,0.23071297,0.002699975,0.16232446,0.029900184,0.04051149,0.0030798942
375316653866487564,5936220882824041984,0.68549424,2121.946842059846,1.1054506762443503,4.1579656E-6,15.347662,0.003978485,0.2613181,0.0014870708,0.032518573,0.0013143903,0.863166,0.015126832,0.7642472,0.0012125317,0.034908812,0.0031971482,0.068749465,0.009826666,0.016729115,0.004747734,0.2613181,0.0014870708,"TWOGAUSSIANS_WITH_ELLIPSOIDAL_ON_ECLIPSE1",9,21.36495,0.2613181,0.0014870708,0.182104,0.0073605855,0.89662415,0.013485596,0.7642472,0.0012125317,0.19548936,0.01790403,0.10219631,0.00507047
375316653866487564,5936221020206290560,0.55556923,2109.513577078409,2.654687438921006,1.8618603E-5,17.659775,0.0074422644,0.21250321,0.0059869955,0.08800399,0.00576977,0.22843091,0.0119708115,0.71600235,0.0028932279,0.08950993,0.005018281,0.20688124,0.008389838,null,null,null,null,"TWOGAUSSIANS",8,5.7014117,0.21250321,0.0059869955,0.4,0.0,0.22065054,0.010598143,0.71600235,0.0028932279,0.4,0.0,0.19910084,0.006993972
375316653866487564,5936221707458031616,0.4502715,2106.7426656996904,0.3775048735191175,2.543017E-5,13.889812,0.0073236055,0.21759766,0.008019512,0.037849266,0.021242576,0.10738391,0.05462442,0.6389548,0.010795233,0.009253098,0.0030669288,0.38641703,0.48087397,null,null,null,null,"TWOGAUSSIANS",8,1263.8456,0.6389548,0.010795233,0.051817346,0.0171748,0.38641703,0.48087397,0.21759766,0.008019512,0.2119559,0.11895842,0.10738391,0.05462442
375316653866487564,5936221707458033792,0.5941539,2101.9485206207337,1.3221157204185525,6.484506E-6,17.255293,0.007940276,0.29283383,0.0027172077,0.096377,0.0045382096,0.2739994,0.010369877,0.7879917,0.0021522422,0.09490174,0.00410322,0.31428552,0.008570634,null,null,null,null,"TWOGAUSSIANS",8,3.6639442,0.7879917,0.0021522422,0.4,0.0,0.29627684,0.0077592353,0.29283383,0.0027172077,0.4,0.0,0.2559905,0.009807759
375316653866487564,5936221707458040576,0.47816303,2134.1361014986996,2.567049585970956,2.7370454E-5,16.421864,0.034873046,0.25477988,0.010459739,0.10822586,0.029960055,0.1353682,0.031874873,0.7467618,0.008173018,0.09786522,0.025516007,0.15851006,0.031611912,null,null,null,null,"TWOGAUSSIANS",8,41.972626,0.7467618,0.008173018,0.4,0.0,0.14457226,0.010317932,0.25477988,0.010464256,0.4,0.0,0.121424496,0.014280296
375316653866487564,5936221844896998656,0.6375162,2102.745119588418,0.14632403518652998,1.3602976E-5,15.501292,0.0040326007,0.15966386,0.008363784,0.05435822,0.0032391332,1.1620657,0.03761901,0.6550817,0.0034568675,0.058255963,0.0054433243,0.20862465,0.010088001,null,null,null,null,"TWOGAUSSIANS",8,69.638374,0.15966386,0.008363784,0.30440605,0.018139146,1.1620249,0.037613906,0.6550817,0.0034568675,0.3262334,0.030482614,0.20858373,0.010100889
375316653866487564,5936222012348463616,0.5384631,2086.974957583008,1.8815644246332905,8.392429E-6,18.946106,0.0042878897,0.24869666,0.0017913801,0.027509151,0.0019911684,0.746809,0.088974155,0.76433617,0.00955414,0.024588786,0.0053715915,0.40406775,0.47889796,null,null,null,null,"TWOGAUSSIANS",8,4.4815707,0.24869666,0.0017913801,0.15405124,0.011150544,0.746809,0.088974155,0.76433617,0.00955414,0.1376972,0.030080913,0.40406775,0.47889796
