Gaia/vari_eclipsing_binary/VariEclipsingBinary_022882-023058.csv
# %ECSV 1.0
# ---
# delimiter: ','
# meta: !!omap
# - RELEASE: Gaia DR3
# - TABLE: vari_eclipsing_binary
# - DESCRIPTION: >
#     This table describes the properties of the eclipsing binaries resulting from the variability analysis. 
# - CITATION: >
#     How to cite and acknowledge Gaia: 
#     https://gea.esac.esa.int/archive/documentation/credits.html 
# - KNOWN_ISSUES: >
#     Known issues: 
#     https://www.cosmos.esa.int/web/gaia-users/known-issues 
# - DOCUMENTATION: >
#     Tutorials and documentation: 
#     https://www.cosmos.esa.int/web/gaia-users/archive 
# datatype:
# - 
#   name: solution_id
#   datatype: int64
#   description: Solution Identifier
#   meta:
#     ucd: meta.version
# - 
#   name: source_id
#   datatype: int64
#   description: Unique source identifier
#   meta:
#     ucd: meta.id;meta.main
# - 
#   name: global_ranking
#   datatype: float32
#   description: Number between 0 (worst) and 1 (best)
#   meta:
#     ucd: stat.param
# - 
#   name: reference_time
#   datatype: float64
#   unit: d
#   description: Reference time used for the geometric model fit
#   meta:
#     ucd: time.epoch
# - 
#   name: frequency
#   datatype: float64
#   unit: d**-1
#   description: Frequency of geometric model of the eclipsing binary light curve
#   meta:
#     ucd: src.orbital
# - 
#   name: frequency_error
#   datatype: float32
#   unit: d**-1
#   description: "Uncertainty of \\texttt{frequency}"
#   meta:
#     ucd: stat.error
# - 
#   name: geom_model_reference_level
#   datatype: float32
#   unit: mag
#   description: Magnitude reference level of geometric model
#   meta:
#     ucd: phot.mag;em.opt
# - 
#   name: geom_model_reference_level_error
#   datatype: float32
#   unit: mag
#   description: "Uncertainty of \\texttt{geomModelReferenceLevel}"
#   meta:
#     ucd: stat.error;phot.mag;em.opt
# - 
#   name: geom_model_gaussian1_phase
#   datatype: float32
#   description: Phase of the Gaussian 1 component
#   meta:
#     ucd: time.phase
# - 
#   name: geom_model_gaussian1_phase_error
#   datatype: float32
#   description: "Uncertainty of \\texttt{geomModelGaussian1Phase}"
#   meta:
#     ucd: stat.error;time.phase
# - 
#   name: geom_model_gaussian1_sigma
#   datatype: float32
#   description: "Standard deviation [phase] of Gaussian 1 component"
#   meta:
#     ucd: stat.stdev
# - 
#   name: geom_model_gaussian1_sigma_error
#   datatype: float32
#   description: "Uncertainty of \\texttt{geomModelGaussian1Sigma}"
#   meta:
#     ucd: stat.error
# - 
#   name: geom_model_gaussian1_depth
#   datatype: float32
#   unit: mag
#   description: Magnitude depth of Gaussian 1 component
#   meta:
#     ucd: src.var.amplitude
# - 
#   name: geom_model_gaussian1_depth_error
#   datatype: float32
#   unit: mag
#   description: "Uncertainty of \\texttt{geomModelGaussian1Depth}"
#   meta:
#     ucd: stat.error;src.var.amplitude
# - 
#   name: geom_model_gaussian2_phase
#   datatype: float32
#   description: Phase of Gaussian 2 component
#   meta:
#     ucd: time.phase
# - 
#   name: geom_model_gaussian2_phase_error
#   datatype: float32
#   description: "Uncertainty of \\texttt{geomModelGaussian2Phase}"
#   meta:
#     ucd: stat.error;time.phase
# - 
#   name: geom_model_gaussian2_sigma
#   datatype: float32
[...]
#   datatype: float32
#   description: "Secondary eclipse: uncertainty of \\texttt{derivedSecondaryEclDuration}"
#   meta:
#     ucd: stat.error;time.duration
# - 
#   name: derived_secondary_ecl_depth
#   datatype: float32
#   unit: mag
#   description: "Secondary eclipse: depth"
#   meta:
#     ucd: src.var.amplitude
# - 
#   name: derived_secondary_ecl_depth_error
#   datatype: float32
#   unit: mag
#   description: "Secondary eclipse: uncertainty of \\texttt{derivedSecondaryEclDepth}"
#   meta:
#     ucd: stat.error;src.var.amplitude
solution_id,source_id,global_ranking,reference_time,frequency,frequency_error,geom_model_reference_level,geom_model_reference_level_error,geom_model_gaussian1_phase,geom_model_gaussian1_phase_error,geom_model_gaussian1_sigma,geom_model_gaussian1_sigma_error,geom_model_gaussian1_depth,geom_model_gaussian1_depth_error,geom_model_gaussian2_phase,geom_model_gaussian2_phase_error,geom_model_gaussian2_sigma,geom_model_gaussian2_sigma_error,geom_model_gaussian2_depth,geom_model_gaussian2_depth_error,geom_model_cosine_half_period_amplitude,geom_model_cosine_half_period_amplitude_error,geom_model_cosine_half_period_phase,geom_model_cosine_half_period_phase_error,model_type,num_model_parameters,reduced_chi2,derived_primary_ecl_phase,derived_primary_ecl_phase_error,derived_primary_ecl_duration,derived_primary_ecl_duration_error,derived_primary_ecl_depth,derived_primary_ecl_depth_error,derived_secondary_ecl_phase,derived_secondary_ecl_phase_error,derived_secondary_ecl_duration,derived_secondary_ecl_duration_error,derived_secondary_ecl_depth,derived_secondary_ecl_depth_error
[from data line 755]
375316653866487564,202458333064719744,0.5324783,2263.89986954693,0.4157995995628737,2.0720172E-6,16.754265,0.002922426,0.7823414,7.673439E-6,0.01341159,1.0622364E-4,0.3950677,0.0021566467,null,null,null,null,null,null,null,null,null,null,"ONEGAUSSIAN",5,8.526102,0.7823414,7.673439E-6,0.07510491,5.9485243E-4,0.3950677,0.0,null,null,null,null,null,null
375316653866487564,202462116935239680,0.54682195,2262.275728650983,3.2633002863152965,1.3155344E-5,18.756218,0.007758249,0.1913715,0.004059494,0.07913595,0.0043780864,0.33608964,0.012590378,0.68632835,0.0035628816,0.0808963,0.005159514,0.35089362,0.012689325,null,null,null,null,"TWOGAUSSIANS",8,2.8011394,0.68632835,0.0035628816,0.4,0.0,0.3461706,0.013068497,0.1913715,0.004059494,0.4,0.0,0.33136663,0.01217191
375316653866487564,202463319524077824,0.5724037,2277.19505299133,0.6173418328099204,2.2330773E-6,16.413597,0.0015302453,0.60609293,5.194894E-4,0.028617831,6.90003E-4,0.23209777,0.003788154,0.79459786,0.0141956275,0.046209488,0.015825322,0.014824185,0.0041551613,null,null,null,null,"TWOGAUSSIANS",8,3.7918735,0.60609293,5.1890203E-4,0.16025986,0.0038640166,0.23210138,0.0037823617,0.79459786,0.0141956275,0.25877315,0.0886218,0.0148241855,0.004155161
375316653866487564,202464105500817536,0.5110776,2279.5383224239695,3.9171768808740226,1.8788052E-5,18.062044,0.0038433368,0.43960094,0.005243596,0.014976094,0.004541867,0.45032158,0.4207106,0.8341587,0.02030786,0.023275714,0.02873895,0.08972021,83.21312,null,null,null,null,"TWOGAUSSIANS",8,7.0782223,0.43960094,0.005243596,0.08386612,0.025434457,0.45032158,0.4207106,0.8341587,0.02030786,0.130344,0.16093811,0.08972021,83.21312
375316653866487564,202464242939866112,0.49260885,2271.100337553315,1.337753454731444,5.9285045E-5,17.424574,0.0020835625,0.23370954,0.019090343,0.08889172,0.015395434,0.017244028,0.00270084,0.7130107,0.003727786,0.04132967,0.0034586967,0.10388022,0.009325946,null,null,null,null,"TWOGAUSSIANS",8,1.6746657,0.7130107,0.003727786,0.23144616,0.0193687,0.10386185,0.009326604,0.23370954,0.019090343,0.4,0.0,0.017225647,0.0026800632
375316653866487564,202464865712300544,0.6000603,2244.124160605715,1.96564075089397,7.406789E-6,15.220924,0.022798494,0.27210063,0.0017949865,0.12591283,0.010196088,0.19750744,0.02157918,0.76029104,0.003994943,0.12062903,0.011582116,0.18276115,0.022156844,null,null,null,null,"TWOGAUSSIANS",8,11.93868,0.27217063,0.0017730555,0.4,0.0,0.15350528,0.003010462,0.76029104,0.003994943,0.4,0.0,0.13884416,0.0030996578
375316653866487564,202466858573134208,0.49283564,2261.399137506989,0.03747259997383313,9.81557E-6,19.467138,0.020051736,0.3856998,0.018311556,0.11526335,0.023000877,0.21096876,0.05017735,0.7880823,0.031867053,0.046544418,0.0147772515,0.810978,0.32466966,null,null,null,null,"TWOGAUSSIANS",8,5.5583453,0.7880823,0.031867053,0.26064876,0.08275261,0.8108595,0.31894127,0.3856998,0.018311556,0.4,0.0,0.21037368,0.04958185
375316653866487564,202467472755741568,0.45999044,2265.2878317978084,3.851311425673584,6.0148708E-5,18.081827,0.012125028,0.27202326,0.018891469,0.031967748,0.0341611,0.07095654,0.06789125,0.7650097,0.010934949,0.043795746,0.018179117,0.17414992,0.03893297,0.06000708,0.017973615,0.27202326,0.018891469,"TWOGAUSSIANS_WITH_ELLIPSOIDAL_ON_ECLIPSE1",9,27.040648,0.7656697,0.010135629,0.24525619,0.10180305,0.29395312,0.03153319,0.27202326,0.018891469,0.17901938,0.19130215,0.1909707,0.06498355
375316653866487564,202468503548216576,0.50876373,2256.595401786606,0.6587883710311142,4.9443765E-6,19.743317,0.0036366023,0.40921977,5.327849E-4,0.04366407,0.0032279661,1.7052591,1.5341156,0.67436165,1.9885636E-4,0.0068879803,9.0620294E-4,0.18245539,0.055645827,null,null,null,null,"TWOGAUSSIANS",8,0.9835067,0.40921977,5.327849E-4,0.2445188,0.01807661,1.7052591,1.5341156,0.67436165,1.9885636E-4,0.03857269,0.0050747367,0.1824554,0.055645816
375316653866487564,202469156383265792,0.45521328,2277.598941345022,3.2363616300556517,1.0257516E-4,18.974997,0.008248478,0.3328452,0.008700759,0.0698408,0.011667332,0.18124501,0.01715466,0.83039665,0.004614732,0.01622444,0.001950167,0.04199679,0.012337563,null,null,null,null,"TWOGAUSSIANS",8,3.7878332,0.3328452,0.008700759,0.39110845,0.05835472,0.181245,0.01715467,0.83039665,0.004614732,0.09085687,0.010920935,0.04199678,0.012337538
375316653866487564,202469504277161344,0.62672824,2262.4811100264537,0.9687011093131048,2.2161978E-6,16.917288,0.002226901,0.23624325,4.0799202E-4,0.028446458,3.1480167E-4,0.4691329,0.0053721415,0.73588204,0.06434352,0.028772071,0.030997096,0.254179,0.48158476,null,null,null,null,"TWOGAUSSIANS",8,7.589835,0.23624325,4.0799202E-4,0.15930016,0.0017628893,0.4691329,0.0053721415,0.73588204,0.06434352,0.16112359,0.17358375,0.254179,0.48158476
375316653866487564,202470118455966848,0.4570523,2276.8791503401294,1.6430328944892503,4.364508E-5,18.615244,0.045688484,0.2588717,0.010848356,0.104594454,0.037689094,0.108898096,0.044149335,0.7430916,0.010691867,0.114553854,0.031603318,0.12727445,0.044799916,null,null,null,null,"TWOGAUSSIANS",8,2.6967666,0.7430916,0.010691867,0.4,0.0,0.11248192,0.009910124,0.25891173,0.010702168,0.4,0.0,0.09412441,0.011908008
375316653866487564,202471149248162944,0.53835416,2281.738021922205,0.5339625732543681,2.1404894E-5,18.354456,0.004282623,0.3830241,0.001287582,0.017090583,0.0016973128,0.5834921,0.08192377,0.5941359,0.04161242,0.020815166,0.05126734,0.025283199,3.295782E30,null,null,null,null,"TWOGAUSSIANS",8,6.4365115,0.3830241,0.0012873418,0.09570726,0.009504952,0.5834921,0.08193043,0.5941359,0.04161242,0.11656492,0.2870971,0.025283199,3.295782E30
375316653866487564,202472527934025856,0.53951806,2284.850667282778,0.646383438456478,9.639133E-6,14.539948,0.11753744,0.30352226,0.002227586,0.20592773,0.06498868,0.17325853,0.114391744,0.8056477,0.0073666666,0.16429028,0.043788053,0.15626824,0.094933994,null,null,null,null,"TWOGAUSSIANS",8,7.566857,0.30289227,0.002506612,0.4,0.0,0.045202676,0.0016125891,0.8068577,0.006699712,0.4,0.0,0.043347903,0.0017630748
375316653866487564,202473210832453504,0.4596333,2263.0647463514756,2.8254704694122714,4.6460016E-5,19.125246,0.08137486,0.13710901,0.012152721,0.11500735,0.043111518,0.23572153,0.068210214,0.61447334,0.0065113115,0.11497196,0.037553802,0.2580701,0.06892001,null,null,null,null,"TWOGAUSSIANS",8,6.0969696,0.61447334,0.0065113115,0.4,0.0,0.22083373,0.030773645,0.13718902,0.012241052,0.4,0.0,0.1984897,0.024023049
375316653866487564,202473867965804928,0.6300986,2283.5239805480624,2.214941167415709,1.1215629E-5,16.888538,0.0065026223,0.2014696,0.0025841352,0.036993634,0.008478686,0.13380688,0.039376076,0.7014424,0.0014557006,0.048820626,0.0020351966,0.49575794,0.019584201,0.09547613,0.009519974,0.2014696,0.0025841352,"TWOGAUSSIANS_WITH_ELLIPSOIDAL_ON_ECLIPSE1",9,13.077238,0.7014424,0.0013545387,0.2733955,0.011397101,0.68670917,0.018860023,0.2014696,0.0025841352,0.20716435,0.047480643,0.3247581,0.042144954
375316653866487564,202473932387053312,0.5064217,2258.4284385399533,3.3632157341774884,1.961475E-5,19.57717,0.0063060033,0.27058768,0.0036987748,0.058599465,0.0071347286,0.48734853,0.04866756,0.51829004,0.04734793,0.045457415,0.038606558,0.081439555,1.3578695,null,null,null,null,"TWOGAUSSIANS",8,1.8707542,0.27058768,0.0036987748,0.328157,0.03995448,0.48734856,0.048667658,0.51829004,0.04734793,0.2545615,0.21619672,0.08150381,1.3577951
375316653866487564,202474413423368960,0.6815328,2258.048515527,0.43528294214192625,3.8681414E-5,16.483238,0.0012717905,0.22363299,0.009562128,0.029881248,0.015357854,0.008777425,0.0060769026,0.4471904,7.45066E-6,0.006999493,3.116016E-5,3.2439916,0.054370537,null,null,null,null,"TWOGAUSSIANS",8,2.7339487,0.4471904,7.45066E-6,0.03919716,1.7449692E-4,3.2439916,0.054370537,0.22363299,0.009562128,0.16733499,0.08600398,0.008777425,0.0060769026
375316653866487564,202474795676834304,0.61191446,2245.7813062255605,0.9137177640185332,9.687512E-6,15.759295,3.8446664E-4,0.67990714,8.074063E-4,0.023900742,0.0010501661,0.095393986,0.0032232443,null,null,null,null,null,null,0.008076128,7.8792276E-4,0.67990714,8.074063E-4,"ONEGAUSSIAN_WITH_ELLIPSOIDAL",6,1.6812494,0.67990714,8.074063E-4,0.13384415,0.00588093,0.11154624,0.0034268913,null,null,null,null,null,null
375316653866487564,202475753453239808,0.5250605,2257.5402656233614,2.1440814903639533,3.7582933E-5,16.400473,9.720956E-4,0.3426904,0.018009786,0.022884257,0.021092376,0.009769623,1.29604708E16,0.78958935,1.16962845E-4,0.0061931834,5.1740542E-5,1.7149844,0.07735801,null,null,null,null,"TWOGAUSSIANS",8,2.3673668,0.78958935,1.16962845E-4,0.034681827,2.8974703E-4,1.7149844,0.07735801,0.3426904,0.018009786,0.12815183,0.11811731,0.009769623,1.29604708E16
375316653866487564,202477853693399424,0.5067636,2267.711174102029,0.6673054977655124,1.40022985E-5,17.19096,0.0014106021,0.7086387,3.617169E-4,0.00548784,5.7321234E-4,0.033513676,0.0037976461,null,null,null,null,null,null,0.025401933,0.002307776,0.7086387,3.617169E-4,"ONEGAUSSIAN_WITH_ELLIPSOIDAL",6,1.9101553,0.7086387,3.617169E-4,0.030731905,0.003209989,0.084317476,0.00220524,null,null,null,null,null,null
375316653866487564,202478266010920960,0.54874724,2286.139209627408,1.3317285794531564,2.897765E-5,13.915297,0.0044467775,0.385447,0.008890186,0.02696713,0.0037747785,0.47978893,0.08939812,0.879491,0.0047317566,0.030423095,0.0030427468,0.5177975,0.09086742,null,null,null,null,"TWOGAUSSIANS",8,210.70107,0.879491,0.0047317566,0.17036933,0.017039383,0.5177975,0.09086742,0.385447,0.008890186,0.15101592,0.02113876,0.47978893,0.08939812
375316653866487564,202479399881567360,0.43366563,2279.661407695146,0.08981164329993213,2.9645247E-5,17.30098,0.013517073,0.23453599,0.01526259,0.09324816,0.047026794,0.09131635,0.0403077,0.744115,0.010310314,0.07539951,0.014466659,0.16868334,0.017200472,null,null,null,null,"TWOGAUSSIANS",8,9.621225,0.744115,0.010310314,0.4,0.007148931,0.16622122,0.018624892,0.23453599,0.01526259,0.4,0.0,0.08885412,0.048186798
375316653866487564,202482423534594176,0.46822485,2278.118732446107,0.2318027695885786,2.1356927E-5,19.851912,0.017572576,0.35433093,0.0077701416,0.09143356,0.009847278,0.5434622,0.108134314,0.6537692,0.008488748,0.03101897,0.009425446,0.12052448,0.03407056,null,null,null,null,"TWOGAUSSIANS",8,3.3426478,0.35433093,0.0077701416,0.4,0.0,0.54346186,0.10813516,0.6537692,0.008488748,0.17370623,0.0527825,0.123072326,0.03510099
375316653866487564,202482904576933248,0.50118273,2268.558133467601,3.4894000149627202,2.7566837E-5,18.47681,0.0128278,0.2839423,0.0063715545,0.07742267,0.013545405,0.29391003,0.01916042,0.788774,0.0053356187,0.08782569,0.0076087792,0.2995531,0.014356813,null,null,null,null,"TWOGAUSSIANS",8,4.845607,0.788774,0.0053356187,0.4,0.0,0.29397961,0.012249538,0.2839423,0.0063715545,0.4,0.0,0.2883366,0.021542732
375316653866487564,202483316891746176,0.6836066,2278.952168389204,1.1210719879201099,3.3071983E-6,17.184608,0.0019698867,0.26005256,5.360349E-4,0.049377613,9.540602E-4,0.37928507,0.006727228,0.7533308,0.0023853248,0.043552577,0.0047443705,0.08409756,0.008440329,0.09053194,0.0028617554,0.26005256,5.360349E-4,"TWOGAUSSIANS_WITH_ELLIPSOIDAL_ON_ECLIPSE1",9,1.6050975,0.26005256,5.360349E-4,0.27651465,0.0053427373,0.5603479,0.0062742447,0.7549708,0.0018759826,0.24389443,0.026568476,0.26491624,0.0093165925
375316653866487564,202483626129355008,0.47508782,2270.2153791101764,1.6583875995707285,1.5963611E-5,18.211086,0.011195773,0.28776506,0.008201105,0.08227468,0.009105263,0.14012739,0.014981676,0.7821079,0.0044082585,0.07097869,0.012022999,0.087074704,0.011041949,null,null,null,null,"TWOGAUSSIANS",8,3.262087,0.28776506,0.008201105,0.4,0.0,0.13915892,0.014260301,0.7821079,0.0044082585,0.39748067,0.051916286,0.086106226,0.010433197
375316653866487564,202484278960349056,0.54048526,2281.253453516293,4.065115633979053,1.2941685E-5,18.530342,0.017024199,0.23891144,0.011136786,0.08934364,0.013283318,0.26119784,0.022872603,0.74586654,0.00899141,0.08712233,0.01368501,0.23737346,0.01706116,null,null,null,null,"TWOGAUSSIANS",8,2.5779715,0.23891144,0.011136786,0.4,0.0,0.253157,0.016796554,0.74586654,0.00899141,0.4,0.0,0.22933269,0.014016225
375316653866487564,202488677010787072,0.4777224,2257.3536378247704,0.7494804110156861,2.3366381E-5,15.799783,0.0017357653,0.3818435,0.009008478,0.014746881,0.013958007,0.010010904,0.0044477023,0.62172323,0.00818281,0.055486456,0.0053321933,0.4266517,0.033943836,null,null,null,null,"TWOGAUSSIANS",8,350.05133,0.62172323,0.00818281,0.31072414,0.029860282,0.4266517,0.033943836,0.38190353,0.009053272,0.08258253,0.07816484,0.010048282,0.00443828
375316653866487564,202488947589773184,0.523577,2273.343377574384,4.071425444946583,2.394032E-5,19.811506,0.0109723415,0.2689328,0.0030796656,0.06873671,0.0039154636,0.37415782,0.010438077,0.771151,0.005456293,0.07371564,0.008290069,0.2774216,0.01826343,null,null,null,null,"TWOGAUSSIANS",8,0.8948444,0.2689328,0.0030796656,0.38492557,0.021926597,0.3728785,0.009553704,0.771151,0.005456293,0.4,0.0097047575,0.27614224,0.018559564
375316653866487564,202489222470381568,0.547354,2281.977734685024,3.0551053657729974,1.265255E-5,18.741873,0.011749955,0.24129246,0.0028074388,0.047682036,0.008747306,0.13262512,0.03253102,0.74323046,0.0060392367,0.04560375,0.008094284,0.15032527,0.03193574,0.08131268,0.017397689,0.24129246,0.0028074388,"TWOGAUSSIANS_WITH_ELLIPSOIDAL_ON_ECLIPSE1",9,2.7547793,0.74323046,0.0055922903,0.255381,0.045327988,0.31292608,0.018224673,0.24129246,0.0028074388,0.2670194,0.04898491,0.29525006,0.0240673
375316653866487564,202492319138993024,0.45251364,2272.7496454701845,1.2547963351652616,2.8964758E-5,16.715897,0.0061597447,0.31154794,0.020383168,0.019578757,0.009508036,0.11678313,0.036501996,0.802321,0.0019735524,0.024354959,0.005015215,0.41414124,0.13541609,null,null,null,null,"TWOGAUSSIANS",8,86.30155,0.802321,0.0019735524,0.13638777,0.028085204,0.41414124,0.13541609,0.31154794,0.020383168,0.10964104,0.053245,0.11678313,0.036501996
375316653866487564,202495853896808704,0.57007253,2273.2722488459344,2.9723479380271005,1.7786506E-5,17.924885,0.005090858,0.22634101,0.0024203267,0.084789015,0.0034986627,0.3430036,0.009168237,0.7414631,0.0055138236,0.065389305,0.0043461467,0.28823346,0.01588278,null,null,null,null,"TWOGAUSSIANS",8,5.181609,0.22634101,0.0024203267,0.4,0.0,0.3412457,0.009172614,0.7414631,0.0055138236,0.3661801,0.024338422,0.2864756,0.015837403
375316653866487564,202496781613832192,0.5773916,2274.788474668541,2.6952643461568275,1.4140638E-5,18.032206,0.013644279,0.17131865,0.0017487924,0.03970515,0.005548492,0.3449354,0.04750383,0.66870105,0.0037675023,0.041014247,0.004662939,0.35777405,0.08654687,0.15182544,0.01563602,0.17131865,0.0017487924,"TWOGAUSSIANS_WITH_ELLIPSOIDAL_ON_ECLIPSE1",9,7.55138,0.668971,0.003312552,0.2296798,0.026112458,0.66135097,0.08606844,0.17131865,0.0017487924,0.22234884,0.031071557,0.64858615,0.06026903
375316653866487564,202502901942333824,0.6326847,2257.028057881501,0.5142771390778914,5.347941E-6,16.743378,0.0021254735,0.16074257,4.1065138E-4,0.021399688,3.8711765E-4,0.24615875,0.0046544005,0.75272065,8.5143786E-4,0.007266057,0.0019460749,0.035836805,0.015015323,null,null,null,null,"TWOGAUSSIANS",8,2.7499516,0.16074257,4.1065138E-4,0.11983825,0.0021678586,0.24615875,0.0046544005,0.75272065,8.5143786E-4,0.04068992,0.01089802,0.035836805,0.015015323
