Gaia/vari_eclipsing_binary/VariEclipsingBinary_607133-607170.csv
# %ECSV 1.0
# ---
# delimiter: ','
# meta: !!omap
# - RELEASE: Gaia DR3
# - TABLE: vari_eclipsing_binary
# - DESCRIPTION: >
#     This table describes the properties of the eclipsing binaries resulting from the variability analysis. 
# - CITATION: >
#     How to cite and acknowledge Gaia: 
#     https://gea.esac.esa.int/archive/documentation/credits.html 
# - KNOWN_ISSUES: >
#     Known issues: 
#     https://www.cosmos.esa.int/web/gaia-users/known-issues 
# - DOCUMENTATION: >
#     Tutorials and documentation: 
#     https://www.cosmos.esa.int/web/gaia-users/archive 
# datatype:
# - 
#   name: solution_id
#   datatype: int64
#   description: Solution Identifier
#   meta:
#     ucd: meta.version
# - 
#   name: source_id
#   datatype: int64
#   description: Unique source identifier
#   meta:
#     ucd: meta.id;meta.main
# - 
#   name: global_ranking
#   datatype: float32
#   description: Number between 0 (worst) and 1 (best)
#   meta:
#     ucd: stat.param
# - 
#   name: reference_time
#   datatype: float64
#   unit: d
#   description: Reference time used for the geometric model fit
#   meta:
#     ucd: time.epoch
# - 
#   name: frequency
#   datatype: float64
#   unit: d**-1
#   description: Frequency of geometric model of the eclipsing binary light curve
#   meta:
#     ucd: src.orbital
# - 
#   name: frequency_error
#   datatype: float32
#   unit: d**-1
#   description: "Uncertainty of \\texttt{frequency}"
#   meta:
#     ucd: stat.error
# - 
#   name: geom_model_reference_level
#   datatype: float32
#   unit: mag
#   description: Magnitude reference level of geometric model
#   meta:
#     ucd: phot.mag;em.opt
# - 
#   name: geom_model_reference_level_error
#   datatype: float32
#   unit: mag
#   description: "Uncertainty of \\texttt{geomModelReferenceLevel}"
#   meta:
#     ucd: stat.error;phot.mag;em.opt
# - 
#   name: geom_model_gaussian1_phase
#   datatype: float32
#   description: Phase of the Gaussian 1 component
#   meta:
#     ucd: time.phase
# - 
#   name: geom_model_gaussian1_phase_error
#   datatype: float32
#   description: "Uncertainty of \\texttt{geomModelGaussian1Phase}"
#   meta:
#     ucd: stat.error;time.phase
# - 
#   name: geom_model_gaussian1_sigma
#   datatype: float32
#   description: "Standard deviation [phase] of Gaussian 1 component"
#   meta:
#     ucd: stat.stdev
# - 
#   name: geom_model_gaussian1_sigma_error
#   datatype: float32
#   description: "Uncertainty of \\texttt{geomModelGaussian1Sigma}"
#   meta:
#     ucd: stat.error
# - 
#   name: geom_model_gaussian1_depth
#   datatype: float32
#   unit: mag
#   description: Magnitude depth of Gaussian 1 component
#   meta:
#     ucd: src.var.amplitude
# - 
#   name: geom_model_gaussian1_depth_error
#   datatype: float32
#   unit: mag
#   description: "Uncertainty of \\texttt{geomModelGaussian1Depth}"
#   meta:
#     ucd: stat.error;src.var.amplitude
# - 
#   name: geom_model_gaussian2_phase
#   datatype: float32
#   description: Phase of Gaussian 2 component
#   meta:
#     ucd: time.phase
# - 
#   name: geom_model_gaussian2_phase_error
#   datatype: float32
#   description: "Uncertainty of \\texttt{geomModelGaussian2Phase}"
#   meta:
#     ucd: stat.error;time.phase
# - 
#   name: geom_model_gaussian2_sigma
#   datatype: float32
[...]
#   datatype: float32
#   description: "Secondary eclipse: uncertainty of \\texttt{derivedSecondaryEclDuration}"
#   meta:
#     ucd: stat.error;time.duration
# - 
#   name: derived_secondary_ecl_depth
#   datatype: float32
#   unit: mag
#   description: "Secondary eclipse: depth"
#   meta:
#     ucd: src.var.amplitude
# - 
#   name: derived_secondary_ecl_depth_error
#   datatype: float32
#   unit: mag
#   description: "Secondary eclipse: uncertainty of \\texttt{derivedSecondaryEclDepth}"
#   meta:
#     ucd: stat.error;src.var.amplitude
solution_id,source_id,global_ranking,reference_time,frequency,frequency_error,geom_model_reference_level,geom_model_reference_level_error,geom_model_gaussian1_phase,geom_model_gaussian1_phase_error,geom_model_gaussian1_sigma,geom_model_gaussian1_sigma_error,geom_model_gaussian1_depth,geom_model_gaussian1_depth_error,geom_model_gaussian2_phase,geom_model_gaussian2_phase_error,geom_model_gaussian2_sigma,geom_model_gaussian2_sigma_error,geom_model_gaussian2_depth,geom_model_gaussian2_depth_error,geom_model_cosine_half_period_amplitude,geom_model_cosine_half_period_amplitude_error,geom_model_cosine_half_period_phase,geom_model_cosine_half_period_phase_error,model_type,num_model_parameters,reduced_chi2,derived_primary_ecl_phase,derived_primary_ecl_phase_error,derived_primary_ecl_duration,derived_primary_ecl_duration_error,derived_primary_ecl_depth,derived_primary_ecl_depth_error,derived_secondary_ecl_phase,derived_secondary_ecl_phase_error,derived_secondary_ecl_duration,derived_secondary_ecl_duration_error,derived_secondary_ecl_depth,derived_secondary_ecl_depth_error
[from data line 292]
375316653866487564,5340492013830519552,0.46610147,2240.323326531758,0.9218113667874729,2.8583334E-5,18.159773,0.011555813,0.12803793,0.0108470535,0.03850481,0.007924655,0.033983175,0.030518262,0.8057252,7.170817E-4,0.01655646,0.0012493627,0.7302734,0.07466795,0.05369841,0.019052356,0.8057252,7.170817E-4,"TWOGAUSSIANS_WITH_ELLIPSOIDAL_ON_ECLIPSE2",9,39.51493,0.8057252,7.170817E-4,0.09271618,0.0069964314,0.83767015,0.08022614,0.30571792,0.16138871,0.21562693,0.044378072,0.107397504,0.05057498
375316653866487564,5340492666665605376,0.42120507,2254.71074619167,0.05398698525823271,2.8008171E-5,18.90194,0.009277998,0.28781193,0.023386002,0.06671888,0.01514713,0.15506445,0.054779455,0.70415246,0.05842286,0.07071906,0.045584373,0.06300101,0.02646676,null,null,null,null,"TWOGAUSSIANS",8,7.031578,0.28781193,0.023386002,0.3736257,0.084712654,0.15504095,0.05477253,0.70415246,0.05842286,0.39602673,0.25270686,0.06297751,0.026462039
375316653866487564,5340492799799097344,0.5302867,2235.1028786492575,2.4359443142148685,1.1275976E-5,19.421137,0.022286804,0.28176305,0.005049884,0.09249551,0.008505711,0.42799377,0.02048629,0.79185474,0.0041564656,0.088626474,0.006722117,0.44610822,0.020959197,null,null,null,null,"TWOGAUSSIANS",8,2.092857,0.79185474,0.0041564656,0.4,0.0,0.42955753,0.013896851,0.28176305,0.005049884,0.4,0.0,0.41144276,0.015669888
375316653866487564,5340492902857350528,0.50378776,2251.3231700036017,0.050410860161688456,6.0775863E-5,18.218254,0.002048459,0.34426472,0.0072530843,0.0655549,0.0036512606,0.21591361,0.00210648,0.8082825,0.013135334,0.032079134,0.008071388,0.015540264,0.0060703843,null,null,null,null,"TWOGAUSSIANS",8,1.0768952,0.34426472,0.0072530843,0.36710745,0.020447059,0.21591356,0.0021064512,0.8082825,0.013135334,0.17964315,0.04519977,0.015540215,0.006070414
375316653866487564,5340494418986325888,0.4553279,2195.3075332999915,0.34501460635098213,1.3866777E-5,18.9792,0.0072024106,0.3471278,0.00206239,0.0047923457,6.0407683E-4,3.33249,2.8228745,0.7902497,0.052094772,0.030745622,0.0371323,0.050332535,0.05244239,null,null,null,null,"TWOGAUSSIANS",8,5.86001,0.3471278,0.00206239,0.026837137,0.0033828302,3.33249,2.8228745,0.7902497,0.052094772,0.17217548,0.20794088,0.050332535,0.05244239
375316653866487564,5340495411117300736,0.59100723,2156.797594778747,2.4503993270520907,2.9167127E-6,17.958338,0.002680075,0.25379053,0.008928093,0.016118374,0.004372102,0.027244914,0.011656712,0.6408429,8.4562794E-7,0.0027107976,6.38537E-5,0.7183417,0.013456102,null,null,null,null,"TWOGAUSSIANS",8,3.060634,0.6408429,8.4562794E-7,0.015180467,3.5758072E-4,0.7183417,0.013456102,0.25379053,0.008928093,0.0902629,0.024483772,0.027244914,0.011656712
375316653866487564,5340495484145408896,0.5518079,2167.7759026144754,2.496172160628865,9.4788975E-6,18.717447,0.0038696942,0.21945956,0.002071074,0.066921905,0.0032059767,0.23531848,0.004325463,0.733401,0.007244551,0.071746394,0.0067082196,0.16285999,0.009951344,null,null,null,null,"TWOGAUSSIANS",8,1.22928,0.21945956,0.002071074,0.37476268,0.01795347,0.23491466,0.0042519635,0.733401,0.007244551,0.4,0.02534954,0.16245617,0.010031066
375316653866487564,5340495617277845504,0.64561075,2174.6352437291216,2.7074218907784737,4.855777E-6,18.428427,0.017940843,0.29458034,0.0013412541,0.04893739,0.0060523367,0.30301127,0.036972992,0.7962703,0.0012462062,0.05321805,0.004405465,0.33636293,0.0390889,0.116335034,0.02240129,0.29458034,0.0013412541,"TWOGAUSSIANS_WITH_ELLIPSOIDAL_ON_ECLIPSE1",9,2.432722,0.7962703,0.0012462062,0.2980211,0.024670605,0.56900144,0.019446649,0.29458034,0.0013412541,0.2740494,0.033893086,0.535676,0.014096871
375316653866487564,5340495685995244416,0.5718734,2179.42525139807,0.5407437398815464,9.331686E-6,18.575571,0.0044422727,0.3676506,0.030089522,0.028405333,0.0142391,1.0288576,0.61832416,0.8377703,0.004707944,0.014333386,0.0019686515,0.4918384,0.08832454,null,null,null,null,"TWOGAUSSIANS",8,4.63343,0.3676506,0.030089522,0.15906987,0.07973896,1.0288576,0.61832416,0.8377703,0.004707944,0.08026696,0.011024449,0.4918384,0.08832454
375316653866487564,5340495823434237184,0.5375673,2185.341335351301,0.3767456459994194,9.086959E-5,18.379995,0.0034503262,0.34656176,2.4964625E-4,0.007926131,3.742309E-4,0.63352257,0.038854096,0.7717402,0.009248327,0.048574083,0.009879772,0.037304502,0.010024784,0.015761405,0.0052588806,0.7717402,0.009248327,"TWOGAUSSIANS_WITH_ELLIPSOIDAL_ON_ECLIPSE2",9,2.7561529,0.34654176,2.476841E-4,0.04438633,0.002095693,0.6585779,0.043192953,0.7717402,0.009248327,0.27201486,0.055326723,0.06882719,0.009173252
375316653866487564,5340495827762083968,0.49281493,2212.9134851906947,0.32509752074683057,1.21311314E-4,15.733092,6.324846E-4,0.2337188,0.0068440493,0.013148208,0.010258132,0.06949805,0.043306652,0.8765895,9.80296E-4,0.017502837,0.0018473273,0.011748281,0.0010528371,0.00414139,7.6699874E-4,0.2337188,0.0068440493,"TWOGAUSSIANS_WITH_ELLIPSOIDAL_ON_ECLIPSE1",9,4.7676387,0.2337188,0.0068440493,0.07362997,0.057445537,0.07778081,0.04369698,0.8765895,9.80296E-4,0.09801588,0.010345032,0.014967421,0.001095691
375316653866487564,5340496755475831808,0.5646565,2187.089729862069,1.6327212891333884,9.009758E-6,17.076052,0.0018211608,0.26547146,0.0024236802,0.05123821,0.00523391,0.07079583,0.0067197043,0.76808774,0.004004617,0.037508737,0.0032339904,0.11183538,0.010038275,0.022540111,0.003731925,0.26547146,0.0024236802,"TWOGAUSSIANS_WITH_ELLIPSOIDAL_ON_ECLIPSE1",9,2.657346,0.76808774,0.004004617,0.21004894,0.018110346,0.15690294,0.009499313,0.26547146,0.0024236802,0.28693396,0.029309895,0.115875565,0.0060323747
375316653866487564,5340497545730965888,0.47941753,2216.1371278939223,4.646230892782,3.5703313E-6,18.961233,0.08400737,0.10670633,0.0014200653,0.018505482,0.0041518286,2.0846152,3.843532,0.5654613,0.01422891,0.22665367,0.0613312,0.26328656,0.07482782,null,null,null,null,"TWOGAUSSIANS",8,3.3168778,0.106726326,0.0014262259,0.1036307,0.023250239,2.0850236,3.845129,0.5654613,0.01422891,0.4,0.0,0.2145638,0.018396862
375316653866487564,5340497923688157824,0.49053153,2224.0397361292908,1.5679806445218207,1.1335561E-5,18.553951,0.0028320067,null,null,null,null,null,null,null,null,null,null,null,null,0.07737127,0.004414579,0.22378376,0.003375637,"ELLIPSOIDAL",4,2.0994208,null,null,null,null,null,null,null,null,null,null,null,null
375316653866487564,5340498228628209920,0.5245139,2210.569429553502,2.485582096881539,1.2683593E-5,19.347311,0.016076911,0.25033113,0.0050900048,0.07215468,0.00797035,0.3454925,0.019695908,0.7620801,0.00334352,0.07798773,0.0054342067,0.3852712,0.027143216,null,null,null,null,"TWOGAUSSIANS",8,2.398746,0.7620801,0.00334352,0.4,0.0,0.38307786,0.02729497,0.25033113,0.0050900048,0.4,0.015940292,0.34329915,0.019729462
375316653866487564,5340499091919520640,0.48394316,2247.781801753359,3.264135220379826,5.598135E-5,19.715147,0.06784403,0.26129434,0.009866815,0.11120878,0.02801873,0.26239282,0.06477881,0.7756464,0.00864774,0.106023885,0.029508175,0.2695818,0.056013823,null,null,null,null,"TWOGAUSSIANS",8,2.3487444,0.7756664,0.008671783,0.4,0.0,0.23738526,0.023897527,0.26128435,0.0098534925,0.4,0.0,0.23018096,0.02359947
375316653866487564,5340500019650049664,0.5370781,2176.848330946541,0.6984994046973336,5.6471326E-6,14.655116,0.001515136,0.20957777,9.5610676E-4,0.03599842,0.0017108327,0.1680496,0.008632228,0.7233599,0.010222404,0.029627135,0.0056210817,0.17904304,0.04758534,0.014444349,0.002688655,0.20957777,9.5610676E-4,"TWOGAUSSIANS_WITH_ELLIPSOIDAL_ON_ECLIPSE1",9,19.64282,0.7233599,0.010222404,0.16591196,0.03147806,0.20771563,0.047089875,0.20957777,9.5610676E-4,0.20159115,0.009580663,0.19693828,0.009199812
375316653866487564,5340500535027658240,0.4292668,2192.7907647395577,0.3297841489810681,2.956638E-5,17.480022,0.0035938493,0.28338835,0.011119956,0.07766832,0.011296041,0.1108325,0.024540478,0.7904016,0.012820459,0.019580845,0.007117363,0.2140237,0.029655514,null,null,null,null,"TWOGAUSSIANS",8,8.061241,0.7904016,0.012820459,0.10965273,0.039857235,0.21402344,0.029655164,0.28338835,0.011119956,0.4,0.008382724,0.11083224,0.02454083
375316653866487564,5340501492793273472,0.59341484,2210.1581563333375,2.351578814229876,6.763163E-6,19.199196,0.008187857,0.24084042,0.0022553338,0.039701194,0.0035277153,0.18808506,0.020783653,0.73288846,0.004856179,0.044850882,0.006515182,0.23999569,0.028669557,0.13219123,0.0115663,0.24084042,0.0022553338,"TWOGAUSSIANS_WITH_ELLIPSOIDAL_ON_ECLIPSE1",9,1.6022891,0.73406845,0.0038793907,0.25116494,0.03648502,0.5038165,0.034376293,0.24084042,0.0022553338,0.22232668,0.019755205,0.4524673,0.008759111
375316653866487564,5340501664592003584,0.49294534,2228.287719568895,3.8287384308055983,1.4496404E-5,18.858866,0.043080296,0.23825818,0.0052924324,0.08823556,0.012274886,0.32993937,0.046221394,0.74011564,0.005386782,0.090023786,0.015269802,0.3835163,0.03314152,null,null,null,null,"TWOGAUSSIANS",8,7.4063706,0.74011564,0.005386782,0.4,0.0,0.36998942,0.022651147,0.23825818,0.0052924324,0.4,0.0,0.31641257,0.03456603
375316653866487564,5340502253033384576,0.6063492,2204.1817308920463,3.3453988246057627,7.982385E-5,16.642374,0.022121994,0.67124254,0.0019274573,0.011503613,6.380149E-4,4.7179675,0.74571145,0.48436126,0.112848066,0.18256718,0.12347463,0.045937818,0.032101907,null,null,null,null,"TWOGAUSSIANS",8,171.61313,0.67124254,0.0019278065,0.06442023,0.0035728838,4.743014,0.7492239,0.48436126,0.112848066,0.4,0.0,0.04377773,0.029197026
375316653866487564,5340502283067929984,0.57336897,2221.605757108209,2.8165698339937895,6.7628407E-6,19.04449,0.012229414,0.24915138,0.0023010725,0.030971842,0.0038083019,0.35767764,0.042853303,0.7498744,0.005909357,0.038689084,0.0056448914,0.32535017,0.039981965,0.18157305,0.030700095,0.24915138,0.0023010725,"TWOGAUSSIANS_WITH_ELLIPSOIDAL_ON_ECLIPSE1",9,7.3155017,0.24915138,0.0023010725,0.17344232,0.021326492,0.7208234,0.027606875,0.7498744,0.0058539985,0.21665888,0.031611394,0.6884884,0.02920144
375316653866487564,5340502489225228544,0.5310757,2227.6982887755203,2.39657037905766,1.1348819E-5,18.487976,0.011465492,0.24957775,0.00317197,0.08089674,0.0048397384,0.44590756,0.02729685,0.7497865,0.0027884855,0.07356803,0.005926289,0.5183325,0.044546545,null,null,null,null,"TWOGAUSSIANS",8,6.618241,0.7497865,0.0027884855,0.4,0.0049882475,0.51328117,0.04645759,0.24957775,0.00317197,0.4,0.0,0.44085628,0.028043503
375316653866487564,5340504310290981504,0.5570096,2228.461437718786,1.7862947574470072,9.346174E-6,18.34996,0.011424427,0.25155202,0.003712255,0.078638,0.0055928235,0.39259356,0.025744261,0.7522361,0.0060314615,0.10051739,0.011508088,0.18108572,0.010041224,null,null,null,null,"TWOGAUSSIANS",8,3.3865738,0.25155202,0.003712255,0.4,0.0,0.38261366,0.02887912,0.7522361,0.0060314615,0.4,0.0,0.1711043,0.007361181
375316653866487564,5340504379009401216,0.5951489,2261.406030106628,2.3044672498925545,6.1838737E-6,18.209831,0.0042288443,0.3093778,0.0017161071,0.053502865,0.0018708612,0.4134122,0.00914473,0.8069822,0.0064418977,0.05442843,0.005413608,0.12774259,0.011716712,null,null,null,null,"TWOGAUSSIANS",8,3.0766237,0.3093778,0.0017161071,0.29961604,0.010476823,0.41340327,0.009145698,0.8069822,0.0064418977,0.3047992,0.030316204,0.12773365,0.011718403
375316653866487564,5340504658197973760,0.4952541,2237.441383287474,1.6795495313956457,2.150188E-5,19.879023,0.007781631,0.26710898,0.01218158,0.054500926,0.016458126,0.15906247,0.023371646,0.76257694,0.0032784932,0.052179743,0.0034471443,0.4122553,0.054034486,null,null,null,null,"TWOGAUSSIANS",8,1.24219,0.76257694,0.0032784932,0.29220656,0.019304007,0.41224828,0.05403671,0.26710898,0.01218158,0.30520517,0.09216551,0.15905547,0.023375845
375316653866487564,5340505238003986304,0.5164113,2224.8214698001766,2.6659044894974673,1.29504415E-5,18.443182,0.018674832,0.18750471,0.0047587766,0.0747597,0.008482001,0.3497597,0.030720666,0.68712133,0.0034495695,0.085588016,0.009416966,0.32297578,0.020405397,null,null,null,null,"TWOGAUSSIANS",8,10.152058,0.18750471,0.0047587766,0.4,0.007587671,0.34462595,0.031222388,0.68712133,0.0034495695,0.4,0.0,0.317842,0.020465361
375316653866487564,5340505895165921024,0.5564109,2200.539753005662,2.067736889281447,1.6728294E-5,17.102484,0.0052538207,0.22166672,0.010079224,0.04016526,0.0064951684,0.06407836,0.015609531,0.7488662,0.007132291,0.06534766,0.0064280755,0.13633251,0.015670527,0.047200754,0.009497589,0.22166672,0.010079224,"TWOGAUSSIANS_WITH_ELLIPSOIDAL_ON_ECLIPSE1",9,10.086765,0.7488662,0.007132291,0.36594686,0.035997223,0.22798681,0.015392789,0.22166672,0.010079224,0.22492546,0.03637294,0.15846306,0.008121087
375316653866487564,5340506578033836928,0.48672315,2236.943753509257,1.5327907700676462,1.4044005E-5,18.305695,0.008506376,0.30812588,0.021650238,0.06949685,0.03870578,0.06197926,0.017412592,0.8041199,0.0036532276,0.050546553,0.00490769,0.18009731,0.00974916,null,null,null,null,"TWOGAUSSIANS",8,2.725665,0.8041199,0.0036532276,0.2830607,0.027483065,0.18006918,0.009683826,0.30812588,0.021650238,0.38918236,0.17792685,0.061951123,0.017467711
375316653866487564,5340506960301212544,0.55561197,2240.506058050225,1.862594808038887,8.568781E-6,18.461214,0.007692691,0.2555517,0.006132276,0.09551147,0.0077324817,0.2140244,0.015707707,0.7577097,0.0030421107,0.08477012,0.0053646774,0.3060872,0.0152148735,null,null,null,null,"TWOGAUSSIANS",8,2.321618,0.7577097,0.0030421107,0.4,0.0,0.29568258,0.017054165,0.2555517,0.006132276,0.4,0.0,0.20361932,0.017472653
375316653866487564,5340508094172501376,0.5226077,2165.9098474655575,3.4449720366114103,2.2070692E-5,19.522692,0.14401431,0.2842344,0.0036995765,0.079988025,0.01342588,0.7907399,0.14031596,0.77321595,0.014027062,0.11417125,0.04963593,0.6922663,0.11185904,null,null,null,null,"TWOGAUSSIANS",8,8.368939,0.2842444,0.0036445924,0.4,0.020386966,0.74596226,0.08446426,0.77321595,0.014027062,0.4,0.0,0.64738584,0.17576115
375316653866487564,5340508643947794688,0.47429484,2217.374758875599,1.0406081632412225,2.9907053E-5,16.397713,0.0045189233,0.32959545,0.0060574114,0.06546211,0.011435759,0.0940377,0.0100755505,0.7912447,0.009427956,0.060045943,0.011067978,0.060151663,0.016243415,null,null,null,null,"TWOGAUSSIANS",8,15.53433,0.32959545,0.0060574114,0.36658782,0.06404025,0.09402237,0.010091673,0.7912447,0.009427956,0.33625728,0.06198068,0.060136333,0.016253348
375316653866487564,5340509090604438272,0.6307441,2192.3228982613355,2.805682293250607,4.149473E-6,18.37473,0.020595822,0.2331516,0.0014539561,0.042817645,0.0052341507,0.35247806,0.0595824,0.7301998,0.00235052,0.047408387,0.0062162387,0.30105498,0.03339775,0.15095605,0.019926133,0.2331516,0.0014539561,"TWOGAUSSIANS_WITH_ELLIPSOIDAL_ON_ECLIPSE1",9,3.120839,0.2331516,0.0014539561,0.23977882,0.029311243,0.6543896,0.053854093,0.7306498,0.0019514788,0.26548696,0.034810938,0.6028784,0.012801492
375316653866487564,5340509262420352640,0.55846024,2181.508177690247,1.3757428237059097,9.15024E-6,18.420511,0.0071804714,0.29909,0.002534404,0.04904442,0.0028762536,0.62941015,0.04154608,0.80638254,0.010467429,0.06547009,0.007837124,0.12465128,0.008603406,null,null,null,null,"TWOGAUSSIANS",8,6.746948,0.29909,0.002534404,0.27464876,0.016107019,0.62938374,0.041553214,0.80638254,0.010467429,0.3666325,0.043887895,0.124624856,0.008601686
375316653866487564,5340509571657897344,0.53290546,2208.8083569658534,0.46393358299982773,1.2429804E-5,18.142406,0.0041589374,0.122404434,0.008447007,0.019099832,0.004426126,0.68142277,0.15678571,0.42355412,0.027341275,0.021247942,0.020646455,0.031034779,0.07323184,null,null,null,null,"TWOGAUSSIANS",8,18.631804,0.122404434,0.008447007,0.10695906,0.024786307,0.68142277,0.15678571,0.42355412,0.027341275,0.11898847,0.11562014,0.031034779,0.07323184
