Gaia/vari_eclipsing_binary/VariEclipsingBinary_663396-663412.csv
# %ECSV 1.0
# ---
# delimiter: ','
# meta: !!omap
# - RELEASE: Gaia DR3
# - TABLE: vari_eclipsing_binary
# - DESCRIPTION: >
#     This table describes the properties of the eclipsing binaries resulting from the variability analysis. 
# - CITATION: >
#     How to cite and acknowledge Gaia: 
#     https://gea.esac.esa.int/archive/documentation/credits.html 
# - KNOWN_ISSUES: >
#     Known issues: 
#     https://www.cosmos.esa.int/web/gaia-users/known-issues 
# - DOCUMENTATION: >
#     Tutorials and documentation: 
#     https://www.cosmos.esa.int/web/gaia-users/archive 
# datatype:
# - 
#   name: solution_id
#   datatype: int64
#   description: Solution Identifier
#   meta:
#     ucd: meta.version
# - 
#   name: source_id
#   datatype: int64
#   description: Unique source identifier
#   meta:
#     ucd: meta.id;meta.main
# - 
#   name: global_ranking
#   datatype: float32
#   description: Number between 0 (worst) and 1 (best)
#   meta:
#     ucd: stat.param
# - 
#   name: reference_time
#   datatype: float64
#   unit: d
#   description: Reference time used for the geometric model fit
#   meta:
#     ucd: time.epoch
# - 
#   name: frequency
#   datatype: float64
#   unit: d**-1
#   description: Frequency of geometric model of the eclipsing binary light curve
#   meta:
#     ucd: src.orbital
# - 
#   name: frequency_error
#   datatype: float32
#   unit: d**-1
#   description: "Uncertainty of \\texttt{frequency}"
#   meta:
#     ucd: stat.error
# - 
#   name: geom_model_reference_level
#   datatype: float32
#   unit: mag
#   description: Magnitude reference level of geometric model
#   meta:
#     ucd: phot.mag;em.opt
# - 
#   name: geom_model_reference_level_error
#   datatype: float32
#   unit: mag
#   description: "Uncertainty of \\texttt{geomModelReferenceLevel}"
#   meta:
#     ucd: stat.error;phot.mag;em.opt
# - 
#   name: geom_model_gaussian1_phase
#   datatype: float32
#   description: Phase of the Gaussian 1 component
#   meta:
#     ucd: time.phase
# - 
#   name: geom_model_gaussian1_phase_error
#   datatype: float32
#   description: "Uncertainty of \\texttt{geomModelGaussian1Phase}"
#   meta:
#     ucd: stat.error;time.phase
# - 
#   name: geom_model_gaussian1_sigma
#   datatype: float32
#   description: "Standard deviation [phase] of Gaussian 1 component"
#   meta:
#     ucd: stat.stdev
# - 
#   name: geom_model_gaussian1_sigma_error
#   datatype: float32
#   description: "Uncertainty of \\texttt{geomModelGaussian1Sigma}"
#   meta:
#     ucd: stat.error
# - 
#   name: geom_model_gaussian1_depth
#   datatype: float32
#   unit: mag
#   description: Magnitude depth of Gaussian 1 component
#   meta:
#     ucd: src.var.amplitude
# - 
#   name: geom_model_gaussian1_depth_error
#   datatype: float32
#   unit: mag
#   description: "Uncertainty of \\texttt{geomModelGaussian1Depth}"
#   meta:
#     ucd: stat.error;src.var.amplitude
# - 
#   name: geom_model_gaussian2_phase
#   datatype: float32
#   description: Phase of Gaussian 2 component
#   meta:
#     ucd: time.phase
# - 
#   name: geom_model_gaussian2_phase_error
#   datatype: float32
#   description: "Uncertainty of \\texttt{geomModelGaussian2Phase}"
#   meta:
#     ucd: stat.error;time.phase
# - 
#   name: geom_model_gaussian2_sigma
#   datatype: float32
[...]
#   datatype: float32
#   description: "Secondary eclipse: uncertainty of \\texttt{derivedSecondaryEclDuration}"
#   meta:
#     ucd: stat.error;time.duration
# - 
#   name: derived_secondary_ecl_depth
#   datatype: float32
#   unit: mag
#   description: "Secondary eclipse: depth"
#   meta:
#     ucd: src.var.amplitude
# - 
#   name: derived_secondary_ecl_depth_error
#   datatype: float32
#   unit: mag
#   description: "Secondary eclipse: uncertainty of \\texttt{derivedSecondaryEclDepth}"
#   meta:
#     ucd: stat.error;src.var.amplitude
solution_id,source_id,global_ranking,reference_time,frequency,frequency_error,geom_model_reference_level,geom_model_reference_level_error,geom_model_gaussian1_phase,geom_model_gaussian1_phase_error,geom_model_gaussian1_sigma,geom_model_gaussian1_sigma_error,geom_model_gaussian1_depth,geom_model_gaussian1_depth_error,geom_model_gaussian2_phase,geom_model_gaussian2_phase_error,geom_model_gaussian2_sigma,geom_model_gaussian2_sigma_error,geom_model_gaussian2_depth,geom_model_gaussian2_depth_error,geom_model_cosine_half_period_amplitude,geom_model_cosine_half_period_amplitude_error,geom_model_cosine_half_period_phase,geom_model_cosine_half_period_phase_error,model_type,num_model_parameters,reduced_chi2,derived_primary_ecl_phase,derived_primary_ecl_phase_error,derived_primary_ecl_duration,derived_primary_ecl_duration_error,derived_primary_ecl_depth,derived_primary_ecl_depth_error,derived_secondary_ecl_phase,derived_secondary_ecl_phase_error,derived_secondary_ecl_duration,derived_secondary_ecl_duration_error,derived_secondary_ecl_depth,derived_secondary_ecl_depth_error
[from data line 37]
375316653866487564,5835301555232073600,0.46219993,2164.5519585400402,0.061610450435432375,2.0024601E-5,17.33299,0.004448215,0.21032363,0.030822566,0.0930531,0.028871141,0.038804803,0.0110773835,0.70691144,0.009776348,0.007014841,0.0030969747,0.3070242,0.91936123,null,null,null,null,"TWOGAUSSIANS",8,15.1692,0.70691144,0.009776348,0.039283108,0.01734306,0.30702406,0.91936123,0.21032363,0.030822566,0.4,0.0,0.03880462,0.011077583
375316653866487564,5835301894498772096,0.5276278,2172.1201662980525,2.999296766254207,2.119486E-5,19.347551,0.009381212,0.26907438,0.002762981,0.045326408,0.015322289,0.10105557,0.020297948,0.78175724,0.0057250955,0.019803628,0.009789994,0.1710069,0.050213706,0.12402298,0.012970055,0.26907438,0.002762981,"TWOGAUSSIANS_WITH_ELLIPSOIDAL_ON_ECLIPSE1",9,2.3077435,0.78175724,0.0057250955,0.11090032,0.054823965,0.41748098,0.06183657,0.26907438,0.002762981,0.25382787,0.08580482,0.34910148,0.017122028
375316653866487564,5835301928858464128,0.47607538,2156.0791654995296,2.985974420521302,2.142016E-5,19.40062,0.02596856,0.23930143,0.008714213,0.08684664,0.018494261,0.18992743,0.023345435,0.73888826,0.008825373,0.09985533,0.023282105,0.18853988,0.021398112,null,null,null,null,"TWOGAUSSIANS",8,1.7665663,0.23930143,0.008714213,0.4,0.0,0.17953585,0.011841133,0.73888826,0.008825373,0.4,0.0,0.17814696,0.012172153
375316653866487564,5835302311088956672,0.46937457,2150.8815181276,0.6758396994552782,2.7316059E-5,18.834768,0.004278436,0.18862753,0.0017243787,0.021051664,0.001545154,0.3212588,0.096610725,0.45877185,0.017950526,0.009536098,0.019581763,0.03714793,0.0048240633,null,null,null,null,"TWOGAUSSIANS",8,2.9829228,0.18862753,0.0017243787,0.117889315,0.008652863,0.3212588,0.096610725,0.45877185,0.017950526,0.05340215,0.10965787,0.03714793,0.0048240633
375316653866487564,5835302654686491136,0.493671,2175.803264832276,2.518657582932651,2.7166756E-5,17.933548,0.034626205,0.25631854,0.0048370534,0.11873113,0.018804956,0.19902644,0.031556174,0.7505323,0.0059248237,0.11185722,0.017963545,0.19814771,0.032278236,null,null,null,null,"TWOGAUSSIANS",8,8.935791,0.25632855,0.0048361723,0.4,0.0,0.16323341,0.015042701,0.7505323,0.0059248237,0.4,0.0,0.16239329,0.010061552
375316653866487564,5835302684772635776,0.63079166,2167.648062097096,3.3177022842997177,3.887939E-6,17.338278,0.0076795025,0.2562061,0.0011978734,0.040563665,0.0016751316,0.50417984,0.02144075,0.7592615,0.0012219932,0.043832578,0.0019919428,0.6133652,0.026926732,0.13159269,0.008660954,0.2562061,0.0011978734,"TWOGAUSSIANS_WITH_ELLIPSOIDAL_ON_ECLIPSE1",9,14.431338,0.7592615,0.0012219932,0.24546243,0.011154879,0.8764531,0.03068033,0.2562061,0.0011978734,0.22715652,0.009380737,0.7673647,0.01568209
375316653866487564,5835302860902380160,0.52677095,2170.302592147948,1.8042598112492911,1.4830253E-5,16.984657,0.0031886485,0.32121757,0.0391094,0.02061996,0.02224412,0.048599552,0.13585582,0.73236287,0.003075003,0.06692982,0.019347755,0.028061867,0.008987263,0.06556235,0.0036206343,0.73236287,0.003075003,"TWOGAUSSIANS_WITH_ELLIPSOIDAL_ON_ECLIPSE2",9,8.064395,0.73236287,0.003075003,0.37480697,0.08669162,0.1591601,0.006355753,0.31470758,0.083828226,0.11547177,0.12456707,0.14525674,0.12318934
375316653866487564,5835303028369840000,0.502518,2128.2077823875543,2.030787748718819,2.9816307E-5,18.934967,0.0071610194,0.2905466,0.0025146613,0.047207255,0.0031417706,0.29481578,0.008666032,0.79094404,0.019467825,0.061311044,0.0109336395,0.22939645,0.05199302,null,null,null,null,"TWOGAUSSIANS",8,6.1240892,0.2905466,0.0025146613,0.26436064,0.017593915,0.29480353,0.00866593,0.79094404,0.019467825,0.34334183,0.061228383,0.22938423,0.05199325
375316653866487564,5835303303207751296,0.46743134,2157.4053596502085,0.07185099441757103,1.4723441E-6,18.168673,0.0029274214,0.26572725,1.2586924E-4,0.0043830927,1.5314126E-4,0.111107096,0.0021402354,0.7560723,0.24991083,0.095859475,0.14904036,0.009667448,0.21167982,null,null,null,null,"TWOGAUSSIANS",8,1.2462178,0.26572725,1.2586924E-4,0.02454532,8.5759105E-4,0.11110709,0.0025639713,0.7560723,0.24991083,0.4,0.2862079,0.009667412,0.21168838
375316653866487564,5835303341880476544,0.5439849,2136.682627802169,1.1526405642066793,2.8404687E-5,18.282742,0.002676565,0.24290848,0.007098522,0.07895989,0.00635547,0.10165609,0.0068027712,0.73080677,0.0052751973,0.0644513,0.0037240812,0.27535766,0.012701096,null,null,null,null,"TWOGAUSSIANS",8,1.99234,0.73080677,0.0052751973,0.36092728,0.020854855,0.27482668,0.012691924,0.24290848,0.007098522,0.4,0.0,0.10112511,0.0068258424
375316653866487564,5835303651176647936,0.50786126,2171.508357010091,0.40498231723374883,1.635789E-5,17.341747,0.0012001881,0.30516493,0.0054822243,0.026042597,0.0030112625,0.13905632,0.023130337,0.78715193,0.007326725,0.04898244,0.010107928,0.019935064,0.015143562,0.019561056,0.001869465,0.78715193,0.007326725,"TWOGAUSSIANS_WITH_ELLIPSOIDAL_ON_ECLIPSE2",9,2.4624016,0.30489492,0.005354483,0.14583854,0.01686307,0.17768669,0.023467658,0.78715193,0.007326725,0.27430168,0.056604397,0.059057113,0.013453242
375316653866487564,5835304166573108608,0.51100534,2178.1678983959523,2.5497969560586404,2.8051176E-5,16.577297,0.5059506,0.23841429,0.0054453784,0.11288833,0.04204319,0.23931064,0.35161677,0.72302556,0.008757453,0.12751089,0.11193311,0.21329348,0.4997059,null,null,null,null,"TWOGAUSSIANS",8,32.35575,0.23856428,0.004351366,0.4,0.0,0.19446896,0.011985605,0.72302556,0.008757453,0.4,0.0,0.16826636,0.01189492
375316653866487564,5835304269594476288,0.50045663,2149.1922951927354,2.103610537265456,2.249101E-5,19.493248,0.049469605,0.22572984,0.0062449044,0.09553392,0.015749658,0.3917419,0.04212408,0.71919596,0.0065902523,0.113835655,0.018952902,0.3555062,0.043535735,null,null,null,null,"TWOGAUSSIANS",8,3.227425,0.22573985,0.0062606707,0.4,0.0,0.3521932,0.028495945,0.71919596,0.0065902523,0.4,0.0,0.31591108,0.025356092
375316653866487564,5835304368360226304,0.46954602,2176.9158446891247,2.145286701347264,2.2841616E-5,17.714918,0.45725876,0.29827884,0.004485889,0.23014446,0.09678187,0.6484786,0.45181495,0.7992043,0.0060374797,0.14989704,0.038836908,0.5489062,0.32595,null,null,null,null,"TWOGAUSSIANS",8,6.276412,0.79970425,0.0059563136,0.4,0.0,0.17426644,0.0049912813,0.29810882,0.0046328185,0.4,0.0,0.15568802,0.007036033
375316653866487564,5835304647608917120,0.54283553,2153.42942045559,2.739634960666776,1.8029377E-5,19.35478,0.013987173,0.23125184,0.0031893235,0.07350644,0.0037549424,0.5397807,0.016755424,0.7207877,0.0027397121,0.054148093,0.004641912,0.5169314,0.030229773,null,null,null,null,"TWOGAUSSIANS",8,4.440406,0.23125184,0.0031893235,0.4,0.0,0.5394276,0.01663184,0.7207877,0.0027397121,0.30322933,0.025994707,0.51657826,0.030328657
375316653866487564,5835304677629767168,0.4397167,2181.8901643204504,0.02915562022881379,4.0915063E-5,18.164686,0.0049057417,0.50803584,0.0037990492,0.026225902,0.010004947,0.26091838,0.13525566,0.8488906,0.031301416,0.029397974,0.023166288,0.047518555,0.029456543,null,null,null,null,"TWOGAUSSIANS",8,10.170524,0.50803584,0.0037990492,0.14686505,0.0560277,0.26091838,0.13525566,0.8488906,0.031301416,0.16462865,0.12973121,0.047518555,0.029456543
375316653866487564,5835304986867360128,0.66197056,2164.7417768555324,4.031006274583353,3.984577E-6,17.70338,0.0094076125,0.16108105,0.0016178656,0.048875015,0.0026609048,0.429293,0.018733004,0.6594286,0.0031117646,0.049452316,0.003184521,0.39025217,0.01969314,0.122779004,0.010407207,0.16108105,0.0016178656,"TWOGAUSSIANS_WITH_ELLIPSOIDAL_ON_ECLIPSE1",9,4.1417427,0.16108105,0.0016178656,0.2737001,0.014901067,0.6748489,0.0065495963,0.6596086,0.002729152,0.27693298,0.017833319,0.63578445,0.007830497
375316653866487564,5835305059868588032,0.5033773,2157.7758682164263,0.054429398251566265,1.17693335E-5,18.411566,0.003207875,0.41014305,0.0038608557,0.023467578,0.005022024,0.05093938,0.0063209147,0.7280875,2.5280096E-4,0.009715824,3.7485803E-4,0.44377232,0.020425156,null,null,null,null,"TWOGAUSSIANS",8,2.3487022,0.7280875,2.5280096E-4,0.054408617,0.002099205,0.44377232,0.020425156,0.41014305,0.0038608557,0.13141844,0.028123334,0.05093938,0.0063209147
375316653866487564,5835305231667455360,0.5480297,2159.5593873113803,3.257943999259964,9.347151E-6,19.40496,0.0059916703,0.2998329,0.0026349907,0.070861265,0.0031632148,0.45257452,0.012427888,0.79739714,0.0019221453,0.065405004,0.0036756028,0.3849947,0.018119222,null,null,null,null,"TWOGAUSSIANS",8,2.1417842,0.2998329,0.0026349907,0.3968231,0.014796508,0.45164013,0.012406443,0.79739714,0.0019221453,0.366268,0.020583376,0.3840603,0.018367764
375316653866487564,5835305540905350016,0.48898798,2169.5980230139476,0.3436964493914806,1.3011159E-5,18.67987,0.014005252,0.24443316,0.001954912,0.026251785,0.0026887474,1.7753315,0.46215987,0.73384666,0.005036086,0.05118928,0.007359505,0.22157131,0.036567777,null,null,null,null,"TWOGAUSSIANS",8,33.886024,0.24443316,0.001954912,0.14701,0.015056985,1.7753315,0.46215987,0.73384666,0.005036086,0.28666,0.04121323,0.22157131,0.036567777
375316653866487564,5835306051987639040,0.58606404,2154.145566764229,2.4905362096831256,6.4567616E-6,17.781576,0.010360525,0.22573207,0.0051340684,0.078079455,0.0064798654,0.4147443,0.014171855,0.7253277,0.002514624,0.07824146,0.004958392,0.39532122,0.011012398,null,null,null,null,"TWOGAUSSIANS",8,6.932433,0.22573207,0.0051340684,0.4,0.0,0.40992248,0.012989207,0.7253277,0.002514624,0.4,0.0,0.39049938,0.010209338
375316653866487564,5835306228156793472,0.52290803,2148.172301057709,3.665801659449146,1.2690423E-5,18.081009,0.120260164,0.23132741,0.002616335,0.12765989,0.03007046,0.27523318,0.11434,0.74823356,0.003565543,0.13784154,0.03018382,0.31194657,0.11438808,null,null,null,null,"TWOGAUSSIANS",8,2.7440042,0.7484736,0.0029071236,0.4,0.0,0.22402695,0.008231544,0.23073742,0.0026783843,0.4,0.0,0.1879732,0.010033683
375316653866487564,5835306399955484672,0.5063787,2126.3138206205786,2.52557518560425,3.986193E-5,17.174297,0.01871089,0.2524317,0.004612723,0.108038396,0.013948543,0.18861844,0.016758427,0.75679094,0.008902928,0.089567,0.0125308605,0.20107646,0.020952756,null,null,null,null,"TWOGAUSSIANS",8,16.807983,0.75679094,0.008906738,0.4,0.0,0.18622294,0.014946226,0.2524317,0.004612723,0.4,0.0,0.1737564,0.011829075
375316653866487564,5835306606055791744,0.5766074,2129.84625217515,2.092902055233636,1.28167E-5,18.140451,0.016278824,0.23137218,0.007315505,0.04736321,0.007035307,0.17419158,0.048552558,0.7264839,0.00304559,0.04982308,0.0034716015,0.78928113,0.06512517,0.06272591,0.020764418,0.23137218,0.007315505,"TWOGAUSSIANS_WITH_ELLIPSOIDAL_ON_ECLIPSE1",9,11.486245,0.72663385,0.0028900527,0.27900925,0.019440968,0.9146156,0.062633276,0.23137218,0.007315505,0.265234,0.03939772,0.2996408,0.033036623
375316653866487564,5835307018430811136,0.5662729,2142.283471455594,4.034498627879271,1.7136621E-5,19.510876,0.011055287,0.22921078,0.003666972,0.06836362,0.003555606,0.6067848,0.033606574,0.727756,0.005558711,0.072084,0.0046722773,0.6244023,0.035135742,null,null,null,null,"TWOGAUSSIANS",8,2.1376271,0.727756,0.005558711,0.4,0.011472472,0.6223026,0.03533186,0.22921078,0.003666972,0.38283628,0.019911394,0.6046851,0.033590063
375316653866487564,5835307052790870528,0.47500846,2158.260482952039,1.062239246509581,8.057751E-5,17.130356,0.004471644,0.24467371,0.0025784923,0.015869226,0.0032589978,1.1507437,0.5368511,0.7431172,0.011954619,0.015557751,0.00631031,0.099968255,0.036733884,0.011226362,0.00697782,0.24467371,0.0025784923,"TWOGAUSSIANS_WITH_ELLIPSOIDAL_ON_ECLIPSE1",9,64.13211,0.24467371,0.0025784923,0.088867664,0.018250387,1.1731964,0.53874004,0.74312717,0.011934415,0.08712341,0.035337735,0.122418806,0.036953066
375316653866487564,5835307121453319552,0.43183544,2164.5870338583227,2.716672795040003,9.7963E-5,18.886118,0.015162246,0.3432214,0.017196698,0.07574583,0.018103221,0.10655046,0.02094106,0.80060947,0.011142751,0.09255014,0.012633701,0.12696263,0.019272583,null,null,null,null,"TWOGAUSSIANS",8,5.704608,0.80060947,0.011142751,0.4,0.0,0.12567125,0.01686524,0.3432214,0.017192377,0.4,0.0,0.105259724,0.019460265
375316653866487564,5835307190229876992,0.56149846,2147.7030649139856,0.5510278063200316,1.3206724E-5,16.500484,0.0022729293,0.30546898,0.0024622558,0.069788285,0.0046588066,0.19062278,0.0100061195,0.8090727,0.0017523216,0.061932545,0.0030990243,0.090648785,0.002247759,null,null,null,null,"TWOGAUSSIANS",8,6.8652644,0.30546898,0.0024622558,0.39081442,0.02015607,0.19044365,0.010095384,0.8090727,0.0017523216,0.34682223,0.017354535,0.09046967,0.0021939497
375316653866487564,5835307671265870208,0.4616825,2145.4156281453315,2.1236251494452905,1.6789023E-5,18.97562,0.00796141,0.34280983,0.023367513,0.10398562,0.025382124,0.0963242,0.011756604,0.788903,0.0025508767,0.03312241,0.002307606,0.28562203,0.03718583,null,null,null,null,"TWOGAUSSIANS",8,6.5293455,0.788903,0.0025508767,0.18548548,0.012922592,0.2855713,0.037183095,0.34280983,0.023367513,0.4,0.0,0.09626368,0.011750817
375316653866487564,5835307838695318528,0.50189334,2151.090329716993,1.4471792660818208,1.2753658E-5,18.576584,0.006763109,0.11671013,0.0031928557,0.08142441,0.0042828107,0.2058305,0.009235836,0.62401605,0.0040678573,0.07914795,0.0048684273,0.23111539,0.01591975,null,null,null,null,"TWOGAUSSIANS",8,3.7121658,0.62401605,0.0040678573,0.4,0.0,0.22815216,0.015992409,0.11671013,0.0031928557,0.4,0.0,0.20286727,0.008907588
375316653866487564,5835308049222998016,0.5700208,2133.633050536944,0.2578889623709597,7.453284E-6,15.859123,9.89923E-4,0.23564179,5.00841E-4,0.011161496,0.001739783,0.04321472,0.007237011,0.7645218,0.0013063898,0.007263145,5.477163E-4,0.23076226,0.025591783,null,null,null,null,"TWOGAUSSIANS",8,5.9663463,0.7645218,0.0013063898,0.040673614,0.0030672112,0.23076226,0.025591783,0.23564179,5.00841E-4,0.06250437,0.009742784,0.04321472,0.007237011
375316653866487564,5835308770721473280,0.54490626,2153.2533242051572,2.1912293039151263,1.198044E-5,19.285442,0.013091129,0.17020519,0.0042021107,0.085643254,0.0067090276,0.3508021,0.014018023,0.66826105,0.0029087272,0.080664374,0.0033251743,0.45525515,0.01789119,null,null,null,null,"TWOGAUSSIANS",8,2.048571,0.66826105,0.0029087272,0.4,0.0,0.44689792,0.015686208,0.17020519,0.0042021107,0.4,0.0,0.34244487,0.012139301
375316653866487564,5835309389196510976,0.51134634,2176.363212856216,3.9236680557397787,4.5381843E-5,18.282728,0.034867067,0.28576902,0.011657502,0.08182553,0.015948215,0.5005812,0.03238233,0.7999054,0.014371937,0.057930302,0.015446635,0.57801956,0.059312284,null,null,null,null,"TWOGAUSSIANS",8,19.013344,0.7999054,0.014371937,0.3244097,0.08650115,0.5768165,0.057984695,0.28576902,0.011657502,0.4,0.0,0.49937811,0.029548986
375316653866487564,5835309457972644480,0.5715893,2147.5070729904296,0.335529540173031,6.1532132E-6,16.444592,0.0021120291,0.16378936,0.0088725565,0.022992073,0.010903765,0.022468444,0.3585633,0.66274416,9.076192E-4,0.025576636,0.0017741553,0.3181967,0.033527598,0.018112665,0.002717715,0.16378936,0.0088725565,"TWOGAUSSIANS_WITH_ELLIPSOIDAL_ON_ECLIPSE1",9,10.175836,0.6627542,8.9626806E-4,0.14322917,0.00993527,0.35442045,0.03363946,0.16378936,0.0088725565,0.12875561,0.061061084,0.05869375,0.35826376
375316653866487564,5835310007671789568,0.56675786,2169.6186063884147,3.256803618024769,1.31076085E-5,18.777025,0.0066792537,0.26913902,0.003912909,0.07457251,0.0038707305,0.5054797,0.016311765,0.7664462,0.0016403163,0.066865034,0.0021639306,0.4765199,0.014064976,null,null,null,null,"TWOGAUSSIANS",8,4.7820487,0.26913902,0.003912909,0.4,0.0,0.5037055,0.01630049,0.7664462,0.0016403163,0.3744442,0.012118011,0.47474572,0.014089374
