Gaia/vari_eclipsing_binary/VariEclipsingBinary_459324-459334.csv
# %ECSV 1.0
# ---
# delimiter: ','
# meta: !!omap
# - RELEASE: Gaia DR3
# - TABLE: vari_eclipsing_binary
# - DESCRIPTION: >
#     This table describes the properties of the eclipsing binaries resulting from the variability analysis. 
# - CITATION: >
#     How to cite and acknowledge Gaia: 
#     https://gea.esac.esa.int/archive/documentation/credits.html 
# - KNOWN_ISSUES: >
#     Known issues: 
#     https://www.cosmos.esa.int/web/gaia-users/known-issues 
# - DOCUMENTATION: >
#     Tutorials and documentation: 
#     https://www.cosmos.esa.int/web/gaia-users/archive 
# datatype:
# - 
#   name: solution_id
#   datatype: int64
#   description: Solution Identifier
#   meta:
#     ucd: meta.version
# - 
#   name: source_id
#   datatype: int64
#   description: Unique source identifier
#   meta:
#     ucd: meta.id;meta.main
# - 
#   name: global_ranking
#   datatype: float32
#   description: Number between 0 (worst) and 1 (best)
#   meta:
#     ucd: stat.param
# - 
#   name: reference_time
#   datatype: float64
#   unit: d
#   description: Reference time used for the geometric model fit
#   meta:
#     ucd: time.epoch
# - 
#   name: frequency
#   datatype: float64
#   unit: d**-1
#   description: Frequency of geometric model of the eclipsing binary light curve
#   meta:
#     ucd: src.orbital
# - 
#   name: frequency_error
#   datatype: float32
#   unit: d**-1
#   description: "Uncertainty of \\texttt{frequency}"
#   meta:
#     ucd: stat.error
# - 
#   name: geom_model_reference_level
#   datatype: float32
#   unit: mag
#   description: Magnitude reference level of geometric model
#   meta:
#     ucd: phot.mag;em.opt
# - 
#   name: geom_model_reference_level_error
#   datatype: float32
#   unit: mag
#   description: "Uncertainty of \\texttt{geomModelReferenceLevel}"
#   meta:
#     ucd: stat.error;phot.mag;em.opt
# - 
#   name: geom_model_gaussian1_phase
#   datatype: float32
#   description: Phase of the Gaussian 1 component
#   meta:
#     ucd: time.phase
# - 
#   name: geom_model_gaussian1_phase_error
#   datatype: float32
#   description: "Uncertainty of \\texttt{geomModelGaussian1Phase}"
#   meta:
#     ucd: stat.error;time.phase
# - 
#   name: geom_model_gaussian1_sigma
#   datatype: float32
#   description: "Standard deviation [phase] of Gaussian 1 component"
#   meta:
#     ucd: stat.stdev
# - 
#   name: geom_model_gaussian1_sigma_error
#   datatype: float32
#   description: "Uncertainty of \\texttt{geomModelGaussian1Sigma}"
#   meta:
#     ucd: stat.error
# - 
#   name: geom_model_gaussian1_depth
#   datatype: float32
#   unit: mag
#   description: Magnitude depth of Gaussian 1 component
#   meta:
#     ucd: src.var.amplitude
# - 
#   name: geom_model_gaussian1_depth_error
#   datatype: float32
#   unit: mag
#   description: "Uncertainty of \\texttt{geomModelGaussian1Depth}"
#   meta:
#     ucd: stat.error;src.var.amplitude
# - 
#   name: geom_model_gaussian2_phase
#   datatype: float32
#   description: Phase of Gaussian 2 component
#   meta:
#     ucd: time.phase
# - 
#   name: geom_model_gaussian2_phase_error
#   datatype: float32
#   description: "Uncertainty of \\texttt{geomModelGaussian2Phase}"
#   meta:
#     ucd: stat.error;time.phase
# - 
#   name: geom_model_gaussian2_sigma
#   datatype: float32
[...]
#   datatype: float32
#   description: "Secondary eclipse: uncertainty of \\texttt{derivedSecondaryEclDuration}"
#   meta:
#     ucd: stat.error;time.duration
# - 
#   name: derived_secondary_ecl_depth
#   datatype: float32
#   unit: mag
#   description: "Secondary eclipse: depth"
#   meta:
#     ucd: src.var.amplitude
# - 
#   name: derived_secondary_ecl_depth_error
#   datatype: float32
#   unit: mag
#   description: "Secondary eclipse: uncertainty of \\texttt{derivedSecondaryEclDepth}"
#   meta:
#     ucd: stat.error;src.var.amplitude
solution_id,source_id,global_ranking,reference_time,frequency,frequency_error,geom_model_reference_level,geom_model_reference_level_error,geom_model_gaussian1_phase,geom_model_gaussian1_phase_error,geom_model_gaussian1_sigma,geom_model_gaussian1_sigma_error,geom_model_gaussian1_depth,geom_model_gaussian1_depth_error,geom_model_gaussian2_phase,geom_model_gaussian2_phase_error,geom_model_gaussian2_sigma,geom_model_gaussian2_sigma_error,geom_model_gaussian2_depth,geom_model_gaussian2_depth_error,geom_model_cosine_half_period_amplitude,geom_model_cosine_half_period_amplitude_error,geom_model_cosine_half_period_phase,geom_model_cosine_half_period_phase_error,model_type,num_model_parameters,reduced_chi2,derived_primary_ecl_phase,derived_primary_ecl_phase_error,derived_primary_ecl_duration,derived_primary_ecl_duration_error,derived_primary_ecl_depth,derived_primary_ecl_depth_error,derived_secondary_ecl_phase,derived_secondary_ecl_phase_error,derived_secondary_ecl_duration,derived_secondary_ecl_duration_error,derived_secondary_ecl_depth,derived_secondary_ecl_depth_error
[from data line 113]
375316653866487564,4040264499936566272,0.44389215,2368.7735164451965,0.052749062508159424,6.2656145E-5,19.02476,0.35409862,0.096963264,0.030829236,0.043690484,0.03632572,0.12527683,0.052095857,0.51251376,0.031521544,0.17128249,0.17378645,0.2180555,0.3413723,null,null,null,null,"TWOGAUSSIANS",8,5.12449,0.51251376,0.031521544,0.4,0.0,0.20878504,0.040483832,0.099333264,0.028480021,0.24466673,0.20342404,0.12832268,0.044978894
375316653866487564,4040264534102261120,0.44701934,2356.218126599827,0.009296627306163069,2.8757604E-5,18.323713,0.0051090457,0.11344992,0.0064313775,0.06747887,0.00734416,0.09407094,0.011376856,0.5913217,0.006620676,0.028869381,0.009400866,0.10622557,0.011056663,null,null,null,null,"TWOGAUSSIANS",8,3.0623097,0.5913217,0.006620676,0.16166852,0.052644853,0.1062255,0.011056998,0.11344992,0.0064313775,0.3778817,0.037163027,0.09407087,0.011376914
375316653866487564,4040264534296114688,0.4675375,2394.8974994236833,0.21455842179839923,2.0094416E-5,19.23206,0.008773789,0.26310965,0.01235753,0.072435565,0.009610324,0.22388016,0.024815604,0.84049046,0.0035986088,0.05857476,0.0051404764,0.35985357,0.045430947,null,null,null,null,"TWOGAUSSIANS",8,3.5775166,0.84049046,0.0035986088,0.32801864,0.028786667,0.3598203,0.045455214,0.26310965,0.01235753,0.4,0.03342849,0.22384688,0.02481761
375316653866487564,4040264568639571456,0.49816638,2356.8575519395,0.05244162934118278,5.9444455E-6,19.126131,0.006311532,0.5473302,3.3692404E-4,0.004231866,8.036156E-4,0.25099492,0.08822817,0.8520344,0.020115614,0.07007221,0.011164043,0.20159455,0.015047147,null,null,null,null,"TWOGAUSSIANS",8,1.8426358,0.5473302,3.3692404E-4,0.023698451,0.0045002475,0.25101072,0.08824005,0.8520344,0.020115614,0.3924044,0.042784605,0.20159455,0.015047147
375316653866487564,4040264675890331520,0.48064756,2437.3324688018033,0.07771101084209917,8.580217E-5,19.560427,0.01944796,0.42214555,0.029692465,0.0909679,0.0347195,0.26550394,0.032018974,0.7165252,0.050705884,0.12311908,0.03620065,0.16285014,0.029153405,null,null,null,null,"TWOGAUSSIANS",8,2.6343877,0.42839554,0.026922315,0.4,0.0,0.27368808,0.032629352,0.7165252,0.050705884,0.4,0.0,0.16254063,0.02723879
375316653866487564,4040264675938039552,0.4866864,2475.641192136164,1.9399785416181412,8.988845E-5,19.679777,0.12217654,0.19073653,0.02375306,0.08089549,0.054501876,0.15030278,0.15818422,0.7423532,0.020751713,0.10768454,0.07608499,0.25352997,0.14932667,null,null,null,null,"TWOGAUSSIANS",8,1.2175409,0.7423532,0.020661388,0.4,0.0,0.24797206,0.14295438,0.19066654,0.02314597,0.4,0.13608629,0.14478897,0.13085128
375316653866487564,4040264740454418304,0.50245225,2495.50452861698,0.04467349308222315,1.988311E-5,19.378193,0.04496398,0.36079347,0.009969969,0.07073081,0.0077282535,0.2462314,0.021226596,0.69629157,0.010929519,0.17191055,0.025645759,0.36612073,0.04150649,null,null,null,null,"TWOGAUSSIANS",8,1.3417751,0.69629157,0.010929519,0.4,0.0,0.34962764,0.03065179,0.37513345,0.0097975815,0.39609253,0.018920982,0.28881603,0.022077696
375316653866487564,4040264778968001408,0.45272878,2381.486739157571,1.8956304232349854,2.7830421E-5,19.264174,0.037344445,0.3921396,0.0073806252,0.02647249,0.008004103,0.3327819,0.05092189,0.7624179,0.017279308,0.06831456,0.021119446,0.19844398,0.12757905,0.06134291,0.045082137,0.7624179,0.017279308,"TWOGAUSSIANS_WITH_ELLIPSOIDAL_ON_ECLIPSE2",9,8.176492,0.3905096,0.00712609,0.14824595,0.044822976,0.3908746,0.06100197,0.7624179,0.017279308,0.38256153,0.092288084,0.3208924,0.08551861
375316653866487564,4040264843517107968,0.50954646,2408.23474654023,1.7553298572272338,1.2272027E-5,18.135588,0.2409139,0.22728932,0.0046111206,0.10917724,0.0137855355,0.2759384,0.0824335,0.72022486,0.008153442,0.2815421,0.15302649,0.3058294,0.23688178,null,null,null,null,"TWOGAUSSIANS",8,2.9272525,0.22851932,0.0048629194,0.4,0.0,0.17266609,0.010706797,0.72022486,0.008153442,0.4,0.0,0.07721767,0.0072773094
375316653866487564,4040264881999822848,0.4910447,2334.8427178227753,0.38559062858828186,4.9458664E-5,18.142603,0.017828763,0.114631526,0.01290413,0.029430293,0.018630132,0.0786007,0.10274961,0.80334854,0.012196042,0.124053605,0.028263912,0.13264038,0.016129784,null,null,null,null,"TWOGAUSSIANS",8,2.3191683,0.80334854,0.012196042,0.4,0.0,0.13256164,0.016000813,0.11333153,0.013164104,0.16480964,0.10432874,0.08429092,0.10087137
375316653866487564,4040264881999871104,0.41879043,2396.0061649286886,1.966497708746194,5.329893E-5,18.04825,0.013377052,0.08360455,0.024907742,0.020773808,0.022169039,0.07829547,0.17659588,0.7611198,0.01551627,0.08995205,0.015410281,0.139732,0.021878794,null,null,null,null,"TWOGAUSSIANS",8,4.757629,0.7611198,0.01551627,0.4,0.0,0.13973194,0.021878554,0.08355455,0.024905026,0.11633333,0.12414661,0.078521766,0.1765268
375316653866487564,4040264946596934016,0.4743052,2375.2457867578273,2.214412556828084,9.867921E-6,18.829092,0.016309457,0.21805431,0.004242099,0.07813641,0.008186254,0.22942753,0.019984392,0.7463623,0.011639791,0.11550466,0.02063731,0.123501204,0.016050225,null,null,null,null,"TWOGAUSSIANS",8,2.9871492,0.21803431,0.0042582015,0.4,0.0,0.22206867,0.017616067,0.7463623,0.011639791,0.4,0.0,0.11610925,0.015060416
375316653866487564,4040265084038117632,0.43989792,2406.027426232561,0.17869818617208294,2.5597572E-5,18.675213,0.0039644055,0.31320292,0.006022743,0.08148477,0.007895088,0.13082223,0.0050197435,0.7439828,0.017348766,0.049282905,0.028532228,0.1976375,0.71186197,null,null,null,null,"TWOGAUSSIANS",8,2.3121142,0.7439828,0.017348766,0.27598426,0.15978047,0.19761495,0.7119014,0.31320292,0.006022743,0.4,0.0,0.13079956,0.0050537703
375316653866487564,4040265088205575168,0.44424018,2429.0165591873074,0.06919793883222737,1.08995206E-4,19.106861,0.018469801,0.27047524,0.017957268,0.091571234,0.024076618,0.25988114,0.058419853,0.7095962,0.031489193,0.07036076,0.026488073,0.18553013,0.033115633,null,null,null,null,"TWOGAUSSIANS",8,6.971665,0.27047524,0.017957268,0.4,0.0,0.25877604,0.059657685,0.7095962,0.031489193,0.39402026,0.07061825,0.18442768,0.030188428
375316653866487564,4040265122518105472,0.43237463,2383.399748146721,0.2345790063967874,3.2595322E-5,18.732311,0.03106266,0.27579793,0.017855473,0.091970675,0.034648236,0.0888693,0.028807282,0.7970508,0.026924448,0.11041386,0.0331145,0.18238504,0.033901375,null,null,null,null,"TWOGAUSSIANS",8,2.2065544,0.7970508,0.026924696,0.4,0.0,0.17294224,0.020413397,0.27574793,0.01782461,0.4,0.0,0.0794441,0.015507726
375316653866487564,4040265122518126848,0.48775065,2395.046659928588,4.840892325078331,4.392493E-5,19.148228,0.019867618,0.48042077,0.011917417,0.106077574,0.019628868,0.47523788,0.046879113,0.22974809,0.022964047,0.064495884,0.01100549,0.21187244,0.08129005,null,null,null,null,"TWOGAUSSIANS",8,4.5574346,0.4802608,0.011778886,0.4,0.0,0.47530407,0.047092885,0.24789809,0.22189915,0.36117694,0.061630744,0.24660873,0.22174731
375316653866487564,4040265152755075712,0.42509463,2383.2246036798488,4.617729738744292,6.74008E-5,18.55,0.04665764,0.29717118,0.012610771,0.034378458,0.0074297828,0.14844897,0.058954228,0.58241546,0.020739863,0.11815396,0.06125469,0.43164286,0.08438894,null,null,null,null,"TWOGAUSSIANS",8,30.033865,0.58241546,0.020739863,0.4,0.0,0.4315313,0.08918313,0.30128118,0.010310349,0.19251937,0.041606784,0.1727338,0.05596676
375316653866487564,4040265221476905472,0.52254915,2398.4640649265407,1.5289419698382467,1.0758579E-5,18.140518,0.007333704,0.23346761,0.00538934,0.07596058,0.008006609,0.23081954,0.011981438,0.72730875,0.002972962,0.08300633,0.0048025064,0.28457737,0.012371071,null,null,null,null,"TWOGAUSSIANS",8,5.8592014,0.72730875,0.002972962,0.4,0.0,0.28134283,0.012317941,0.23346761,0.00538934,0.4,0.0,0.227585,0.012700486
375316653866487564,4040265290196522496,0.43645665,2441.464405453298,4.053195333834964,4.5300265E-5,17.72576,0.016754415,0.8644217,0.013732495,0.017563999,0.012554312,0.39801902,0.5131013,null,null,null,null,null,null,0.077253975,0.03138242,0.8644217,0.013732495,"ONEGAUSSIAN_WITH_ELLIPSOIDAL",6,6.204042,0.8644217,0.013732495,0.09835839,0.07030415,0.5525268,0.5093295,null,null,null,null,null,null
375316653866487564,4040265294316865664,0.4605841,2377.6229567445,0.15150317966067525,4.467523E-5,18.21866,0.004371444,0.30626354,0.014941218,0.09656389,0.026814379,0.09455367,0.016140303,0.8632663,0.01892968,0.06322176,0.022764936,0.022220172,0.0053781536,null,null,null,null,"TWOGAUSSIANS",8,1.7749584,0.30626354,0.014941218,0.4,0.0,0.094316706,0.016770773,0.86328626,0.018950984,0.35404184,0.12028788,0.021985758,0.0047638235
375316653866487564,4040265294316882304,0.43459287,2399.1147013594555,1.339507915779076,8.557494E-5,17.690905,0.020792542,0.26395264,0.011023108,0.08922968,0.026603157,0.24866436,0.064408734,0.7533989,0.011666847,0.071898066,0.011951424,0.33511785,0.04345623,null,null,null,null,"TWOGAUSSIANS",8,71.49082,0.7533989,0.011666847,0.4,0.035986226,0.33140057,0.042403977,0.26395264,0.011023108,0.4,0.0,0.24494702,0.06982653
375316653866487564,4040265363083575936,0.43668666,2461.1183836360674,4.451696635025242,4.6544792E-5,17.029903,0.0070161135,0.35544178,0.026531564,0.100296855,0.017871011,0.12010194,0.01126599,0.088051476,0.0016093618,0.010980516,0.002148058,0.13898547,0.04840117,null,null,null,null,"TWOGAUSSIANS",8,4.195605,0.08813147,0.0016072871,0.061490886,0.012029124,0.1424251,0.048510626,0.35544178,0.026531564,0.4,0.0,0.120100975,0.011259175
375316653866487564,4040265363083609984,0.44920957,2336.9541088267106,0.13854480129514163,3.184366E-5,19.537535,0.016993092,0.754661,0.0095943585,0.030646296,0.011637667,0.43717176,9.656782,null,null,null,null,null,null,0.1480804,0.023005638,0.754661,0.0095943585,"ONEGAUSSIAN_WITH_ELLIPSOIDAL",6,9.233911,0.754661,0.0095943585,0.17161927,0.06517094,0.7333323,9.65226,null,null,null,null,null,null
375316653866487564,4040265363083619712,0.46222654,2416.9404771154022,2.3788019868013297,8.3492545E-5,19.041824,0.0073980573,0.25830612,0.010880194,0.013176194,0.010683093,0.062079046,78.60625,0.6729017,0.03279508,0.042838693,0.028605966,0.06867949,58.014282,0.07727739,0.008879098,0.25830612,0.010880194,"TWOGAUSSIANS_WITH_ELLIPSOIDAL_ON_ECLIPSE1",9,5.7211056,0.25830612,0.010880194,0.07378669,0.059825324,0.21663328,78.60579,0.69408166,0.02956141,0.23989668,0.16019341,0.19150141,58.00009
375316653866487564,4040265393275812864,0.43553078,2522.686790225487,3.8712345748274495,7.453828E-5,19.405664,0.022814514,0.29022074,0.014990417,0.1604484,0.0323964,0.18274276,0.028430307,0.9379328,0.0154623,0.024007054,0.02107161,0.68097353,7.1595065E12,null,null,null,null,"TWOGAUSSIANS",8,3.537232,0.93812275,0.014562452,0.1344395,0.118001014,0.6946081,7.1595065E12,0.29022074,0.014990417,0.4,0.0,0.17989737,0.030107813
375316653866487564,4040265397443328384,0.43340516,2437.691153551866,2.1369295576226897,5.7756377E-5,19.22265,0.037111823,0.35826585,0.018436546,0.1154561,0.03703125,0.20658043,0.034670074,0.70450675,0.02310904,0.051241852,0.03563961,0.14203279,0.054185458,null,null,null,null,"TWOGAUSSIANS",8,5.6112924,0.35826585,0.018436546,0.4,0.0,0.20642234,0.034506347,0.70450675,0.02310904,0.28695437,0.19958182,0.14417723,0.053937074
375316653866487564,4040265397443337216,0.44472808,2436.395327408624,0.28080966668505725,2.416163E-5,17.385006,0.38705644,0.61791706,0.031349033,0.25219518,0.19616595,0.2706296,0.3719739,0.34383002,0.002959699,0.0194373,0.00654379,0.5507846,0.16155457,null,null,null,null,"TWOGAUSSIANS",8,8.640263,0.34424,0.0034275975,0.10884888,0.036645222,0.6293021,0.16228436,0.61791706,0.031349033,0.4,0.0,0.1950028,0.028234493
375316653866487564,4040265427464504064,0.5300266,2359.601026315206,1.5650776733493443,1.594442E-5,18.095335,0.006319461,0.2174998,0.0049412907,0.07624425,0.006486315,0.20138343,0.014607562,0.71526235,0.004113529,0.08208922,0.0068076723,0.16156173,0.016131418,null,null,null,null,"TWOGAUSSIANS",8,2.785276,0.2174998,0.0049412907,0.4,0.0,0.19904026,0.014757889,0.71526235,0.004113529,0.4,0.0,0.15921856,0.0165666
375316653866487564,4040265461963776512,0.50703394,2391.633112858677,0.06005457732469718,5.0024286E-5,19.177694,0.012610045,0.49940774,0.0064165434,0.10919682,0.0049341996,0.59139574,0.044098075,0.8019869,9.9757504E-5,0.0051205116,3.0746812E-4,0.20702863,0.034433097,null,null,null,null,"TWOGAUSSIANS",8,6.5337768,0.49940774,0.0064165434,0.4,0.0,0.5913626,0.044114303,0.8019869,9.9757504E-5,0.028674865,0.0017218215,0.21971834,0.03336094
375316653866487564,4040265530685817216,0.42899016,2337.383027627477,0.09731887115587108,2.2140268E-5,19.39323,0.025294892,0.3982857,0.010236055,0.042694997,0.0061745914,0.5033919,0.055861134,0.82499075,0.0121053215,0.11233195,0.016432086,0.45444342,0.025339335,null,null,null,null,"TWOGAUSSIANS",8,10.870168,0.39832568,0.010230762,0.23909199,0.034577712,0.5028317,0.055230476,0.82499075,0.0121053215,0.4,0.0,0.45354763,0.024393314
375316653866487564,4040265672323549056,0.46112418,2397.2187184802365,2.556010279416971,3.981151E-5,18.40728,0.01891033,0.24119025,0.0038813942,0.082124494,0.008741001,0.3035535,0.028156806,0.7436052,0.013408946,0.08782381,0.015649687,0.2733668,0.028160902,null,null,null,null,"TWOGAUSSIANS",8,20.367004,0.24119025,0.0038813942,0.4,0.0,0.29628336,0.028635114,0.7436052,0.013408946,0.4,0.0,0.26609665,0.02720344
375316653866487564,4040265775355369600,0.5564191,2362.050678634537,2.0881721120179573,1.1535248E-5,19.39782,0.02685611,0.2531243,0.0047107437,0.09239458,0.009217018,0.41392773,0.027165795,0.7486101,0.0041971947,0.09724395,0.010162567,0.3656338,0.019729268,null,null,null,null,"TWOGAUSSIANS",8,2.0805132,0.2531243,0.0047107437,0.4,0.0,0.39138582,0.022456821,0.7486101,0.0041971947,0.4,0.0,0.34309086,0.011717954
375316653866487564,4040266015873268864,0.5513564,2350.9160192480917,3.4785128058316417,9.293396E-6,18.827583,0.008627168,0.2833605,0.009164588,0.06851578,0.010805781,0.3728716,0.03706352,0.7930263,0.0033465927,0.07642825,0.005861072,0.42664108,0.024465088,null,null,null,null,"TWOGAUSSIANS",8,3.0109837,0.7930263,0.0033465927,0.4,0.0,0.42498907,0.025263278,0.2833605,0.009164588,0.38368836,0.04125677,0.3712196,0.038754135
375316653866487564,4040266045939941760,0.434221,2367.0103088275487,0.4121716255056541,2.3841365E-5,18.835571,0.022348078,0.29521465,8.304919E-4,0.011179824,0.0054685106,0.22066316,3.435377,0.63490736,0.015051676,0.17682667,0.03470966,0.11738717,0.021398386,null,null,null,null,"TWOGAUSSIANS",8,3.6555345,0.29532465,7.250151E-4,0.06260702,0.03062366,0.23502082,3.4355068,0.63490736,0.015051676,0.4,0.0,0.113077395,0.016004162
375316653866487564,4040266046084362752,0.47178662,2341.2956795945,1.8302101886669537,2.5784368E-5,19.655602,0.23525397,0.2878765,0.012037371,0.090199515,0.028443074,0.41108114,0.199348,0.7714522,0.0089286985,0.1413006,0.094714895,0.37463406,0.15453579,null,null,null,null,"TWOGAUSSIANS",8,4.050473,0.2881565,0.0115967095,0.4,0.0,0.35019416,0.058564898,0.7714522,0.0089286985,0.4,0.0,0.31220207,0.07637612
375316653866487564,4040266050280720128,0.44024658,2411.2715408278314,0.1854664410465143,1.3294087E-5,19.399628,0.0794975,0.3237187,0.052641276,0.06451115,0.052017476,0.19102012,0.14729266,0.789829,0.007340432,0.08458602,0.029921105,0.22393422,0.07218768,null,null,null,null,"TWOGAUSSIANS",8,2.8919342,0.789829,0.0073295245,0.4,0.0,0.22325341,0.03258673,0.3237187,0.05267837,0.36126244,0.12542737,0.19033937,0.1085143
375316653866487564,4040266084678925312,0.44771352,2395.078445648302,0.25797831518772135,8.33013E-5,19.885391,0.011005022,0.21107364,0.025666147,0.045024935,0.013349962,0.49946183,0.18969752,0.73975056,0.026698735,0.039981935,0.029550387,0.061697308,26.103794,null,null,null,null,"TWOGAUSSIANS",8,1.9417865,0.21107364,0.025666147,0.25213963,0.07475979,0.49946183,0.18969734,0.73975056,0.026698735,0.22389884,0.16548216,0.061697308,26.103794
