Gaia/vari_eclipsing_binary/VariEclipsingBinary_678199-678236.csv
# %ECSV 1.0
# ---
# delimiter: ','
# meta: !!omap
# - RELEASE: Gaia DR3
# - TABLE: vari_eclipsing_binary
# - DESCRIPTION: >
#     This table describes the properties of the eclipsing binaries resulting from the variability analysis. 
# - CITATION: >
#     How to cite and acknowledge Gaia: 
#     https://gea.esac.esa.int/archive/documentation/credits.html 
# - KNOWN_ISSUES: >
#     Known issues: 
#     https://www.cosmos.esa.int/web/gaia-users/known-issues 
# - DOCUMENTATION: >
#     Tutorials and documentation: 
#     https://www.cosmos.esa.int/web/gaia-users/archive 
# datatype:
# - 
#   name: solution_id
#   datatype: int64
#   description: Solution Identifier
#   meta:
#     ucd: meta.version
# - 
#   name: source_id
#   datatype: int64
#   description: Unique source identifier
#   meta:
#     ucd: meta.id;meta.main
# - 
#   name: global_ranking
#   datatype: float32
#   description: Number between 0 (worst) and 1 (best)
#   meta:
#     ucd: stat.param
# - 
#   name: reference_time
#   datatype: float64
#   unit: d
#   description: Reference time used for the geometric model fit
#   meta:
#     ucd: time.epoch
# - 
#   name: frequency
#   datatype: float64
#   unit: d**-1
#   description: Frequency of geometric model of the eclipsing binary light curve
#   meta:
#     ucd: src.orbital
# - 
#   name: frequency_error
#   datatype: float32
#   unit: d**-1
#   description: "Uncertainty of \\texttt{frequency}"
#   meta:
#     ucd: stat.error
# - 
#   name: geom_model_reference_level
#   datatype: float32
#   unit: mag
#   description: Magnitude reference level of geometric model
#   meta:
#     ucd: phot.mag;em.opt
# - 
#   name: geom_model_reference_level_error
#   datatype: float32
#   unit: mag
#   description: "Uncertainty of \\texttt{geomModelReferenceLevel}"
#   meta:
#     ucd: stat.error;phot.mag;em.opt
# - 
#   name: geom_model_gaussian1_phase
#   datatype: float32
#   description: Phase of the Gaussian 1 component
#   meta:
#     ucd: time.phase
# - 
#   name: geom_model_gaussian1_phase_error
#   datatype: float32
#   description: "Uncertainty of \\texttt{geomModelGaussian1Phase}"
#   meta:
#     ucd: stat.error;time.phase
# - 
#   name: geom_model_gaussian1_sigma
#   datatype: float32
#   description: "Standard deviation [phase] of Gaussian 1 component"
#   meta:
#     ucd: stat.stdev
# - 
#   name: geom_model_gaussian1_sigma_error
#   datatype: float32
#   description: "Uncertainty of \\texttt{geomModelGaussian1Sigma}"
#   meta:
#     ucd: stat.error
# - 
#   name: geom_model_gaussian1_depth
#   datatype: float32
#   unit: mag
#   description: Magnitude depth of Gaussian 1 component
#   meta:
#     ucd: src.var.amplitude
# - 
#   name: geom_model_gaussian1_depth_error
#   datatype: float32
#   unit: mag
#   description: "Uncertainty of \\texttt{geomModelGaussian1Depth}"
#   meta:
#     ucd: stat.error;src.var.amplitude
# - 
#   name: geom_model_gaussian2_phase
#   datatype: float32
#   description: Phase of Gaussian 2 component
#   meta:
#     ucd: time.phase
# - 
#   name: geom_model_gaussian2_phase_error
#   datatype: float32
#   description: "Uncertainty of \\texttt{geomModelGaussian2Phase}"
#   meta:
#     ucd: stat.error;time.phase
# - 
#   name: geom_model_gaussian2_sigma
#   datatype: float32
[...]
#   datatype: float32
#   description: "Secondary eclipse: uncertainty of \\texttt{derivedSecondaryEclDuration}"
#   meta:
#     ucd: stat.error;time.duration
# - 
#   name: derived_secondary_ecl_depth
#   datatype: float32
#   unit: mag
#   description: "Secondary eclipse: depth"
#   meta:
#     ucd: src.var.amplitude
# - 
#   name: derived_secondary_ecl_depth_error
#   datatype: float32
#   unit: mag
#   description: "Secondary eclipse: uncertainty of \\texttt{derivedSecondaryEclDepth}"
#   meta:
#     ucd: stat.error;src.var.amplitude
solution_id,source_id,global_ranking,reference_time,frequency,frequency_error,geom_model_reference_level,geom_model_reference_level_error,geom_model_gaussian1_phase,geom_model_gaussian1_phase_error,geom_model_gaussian1_sigma,geom_model_gaussian1_sigma_error,geom_model_gaussian1_depth,geom_model_gaussian1_depth_error,geom_model_gaussian2_phase,geom_model_gaussian2_phase_error,geom_model_gaussian2_sigma,geom_model_gaussian2_sigma_error,geom_model_gaussian2_depth,geom_model_gaussian2_depth_error,geom_model_cosine_half_period_amplitude,geom_model_cosine_half_period_amplitude_error,geom_model_cosine_half_period_phase,geom_model_cosine_half_period_phase_error,model_type,num_model_parameters,reduced_chi2,derived_primary_ecl_phase,derived_primary_ecl_phase_error,derived_primary_ecl_duration,derived_primary_ecl_duration_error,derived_primary_ecl_depth,derived_primary_ecl_depth_error,derived_secondary_ecl_phase,derived_secondary_ecl_phase_error,derived_secondary_ecl_duration,derived_secondary_ecl_duration_error,derived_secondary_ecl_depth,derived_secondary_ecl_depth_error
[from data line 182]
375316653866487564,5965657209909680000,0.43958485,2303.5031103628116,2.265220695972586,3.0949417E-5,19.736958,0.007557961,null,null,null,null,null,null,null,null,null,null,null,null,0.10382077,0.007959919,0.130606,0.008481649,"ELLIPSOIDAL",4,3.8651028,null,null,null,null,null,null,null,null,null,null,null,null
375316653866487564,5965657622223856896,0.5816021,2310.8485630860787,1.101461644603192,8.633917E-6,18.307098,0.0071696686,0.10975374,0.0030097219,0.09032882,0.0052460814,0.24591888,0.008832816,0.5952264,0.0018287369,0.077166066,0.0027201788,0.48743808,0.012543395,null,null,null,null,"TWOGAUSSIANS",8,3.0144904,0.5952264,0.0018287369,0.4,0.0,0.48149866,0.012526688,0.10975374,0.0030097219,0.4,0.0,0.2399793,0.00875081
375316653866487564,5965657660897491456,0.46955678,2317.796662223586,0.14611267697836522,4.680963E-5,15.79987,0.022898417,0.42095596,0.0522517,0.17539945,0.05706965,0.076570645,0.025307788,0.7515016,0.0013958437,0.018268032,0.0012844027,0.3660535,0.01416438,null,null,null,null,"TWOGAUSSIANS",8,196.82027,0.7515016,0.0013958437,0.10230098,0.0071926545,0.3764406,0.017989567,0.42095596,0.0522517,0.4,0.0,0.0739372,0.021005085
375316653866487564,5965658279372821632,0.54967886,2321.0070224788633,2.510570947073521,9.899512E-6,18.578928,0.010694725,0.15737358,0.0030763124,0.0405764,0.008576458,0.1397183,0.027794018,0.65859413,0.0054878155,0.049703952,0.008381992,0.14062384,0.020961301,0.10032021,0.013064494,0.15737358,0.0030763124,"TWOGAUSSIANS_WITH_ELLIPSOIDAL_ON_ECLIPSE1",9,3.6854486,0.65859413,0.005273417,0.27834213,0.046939157,0.34125206,0.010219558,0.15737358,0.0030763124,0.22722782,0.048028167,0.34035832,0.026295861
375316653866487564,5965658412497907456,0.5582161,2319.6976468228627,1.904728819294614,9.946327E-6,18.519894,0.011229197,0.20326485,0.00538844,0.067771986,0.004676481,0.28861487,0.014815428,0.69145244,0.0023432153,0.07410213,0.003623359,0.55947566,0.02009895,null,null,null,null,"TWOGAUSSIANS",8,7.4910626,0.69145244,0.0023432153,0.4,0.0,0.5582634,0.0201646,0.20326485,0.00538844,0.37952313,0.026188292,0.2874026,0.014491528
375316653866487564,5965658485516454016,0.4715652,2299.1669980665056,0.7277683480218136,1.3711737E-5,19.231907,0.0047890265,0.24301663,0.0036315534,0.032740485,0.0055089644,0.14495149,0.013572606,0.750536,0.020412255,0.01034315,0.0050000725,0.09251233,0.25848097,0.027715275,0.0074172784,0.24301663,0.0036315534,"TWOGAUSSIANS_WITH_ELLIPSOIDAL_ON_ECLIPSE1",9,2.8997586,0.24301663,0.0036315534,0.18334672,0.0308502,0.20038204,0.012608464,0.750536,0.02014735,0.05792164,0.028000407,0.14781924,0.25912645
375316653866487564,5965658897848164992,0.4501063,2286.7374010311714,1.3807898319085283,3.3292497E-5,17.29234,0.039290193,0.28783563,0.01869431,0.14647703,0.06301377,0.07906346,0.038731262,0.76283586,0.005668939,0.08236199,0.012870906,0.16265215,0.03337576,null,null,null,null,"TWOGAUSSIANS",8,8.011957,0.76283586,0.005668939,0.4,0.0,0.1495907,0.017874181,0.28783563,0.01869431,0.4,0.0,0.065462075,0.007351321
375316653866487564,5965661023840705664,0.53539145,2321.5343975552864,2.410150069113499,1.346215E-5,18.960007,0.013055876,0.2016473,0.004881663,0.08472087,0.005804173,0.37626094,0.016305516,0.6905026,0.004040686,0.081414,0.0059951115,0.36695018,0.022063415,null,null,null,null,"TWOGAUSSIANS",8,3.164396,0.2016473,0.004881663,0.4,0.0,0.36972055,0.012816585,0.6905026,0.004040686,0.4,0.0,0.3604098,0.021418579
375316653866487564,5965661058211301504,0.5572944,2325.1514507608376,0.3063769373033373,2.6833306E-5,16.960524,0.003335555,0.26847437,0.004310677,0.028233318,0.0035294637,0.25397933,0.026720922,0.7702018,0.003607074,0.027359132,0.0046911277,0.21126178,0.09003138,0.010255105,0.0047345473,0.26847437,0.004310677,"TWOGAUSSIANS_WITH_ELLIPSOIDAL_ON_ECLIPSE1",9,8.031805,0.26847437,0.004310677,0.15810658,0.019764997,0.27448952,0.0257103,0.7702018,0.003606929,0.15321113,0.026270317,0.23176958,0.09451084
375316653866487564,5965661268655148544,0.47025535,2319.667260462733,3.4528505381878274,3.0257379E-5,19.415697,0.19954939,0.21954906,0.0075144344,0.10515245,0.0327681,0.3225547,0.17533939,0.70738083,0.00939538,0.13429435,0.07343336,0.2631804,0.18688966,null,null,null,null,"TWOGAUSSIANS",8,3.1146793,0.21970907,0.0072307065,0.4,0.0,0.26549667,0.023920145,0.70738083,0.00939538,0.4,0.0,0.20558952,0.023520388
375316653866487564,5965661990209886336,0.4522355,2313.699813496433,2.428165399020056,2.493392E-5,19.573381,0.5446789,0.2427457,0.008347509,0.17191334,0.09249062,0.42773274,0.5357626,0.7516274,0.0071710045,0.14085837,0.042158198,0.43843147,0.44018605,null,null,null,null,"TWOGAUSSIANS",8,1.9990025,0.75310737,0.0057821292,0.4,0.0,0.22271082,0.022691844,0.2421257,0.007678771,0.4,0.0,0.20106228,0.015618542
375316653866487564,5965662054629477120,0.4861609,2308.228205633481,0.4493392877973648,2.0578274E-5,17.936829,0.0026109288,0.21471426,0.0027905186,0.023350429,0.0018355183,0.19750193,0.013491643,0.66742885,0.011759951,0.056239303,0.01008419,0.04477421,0.011420408,null,null,null,null,"TWOGAUSSIANS",8,4.5419984,0.21471426,0.0027905186,0.1307624,0.010278903,0.19750193,0.013491643,0.66742885,0.011759951,0.3149401,0.056471467,0.04477421,0.011420408
375316653866487564,5965664189234391296,0.55401546,2323.1019199025554,3.06166722258647,1.1779771E-5,19.895391,0.006647957,0.25310495,0.0026337914,0.031795546,0.0029173412,0.2501885,0.042492315,0.75921816,0.0059094657,0.042801175,0.005059512,0.33999786,0.030709332,0.16937974,0.01069437,0.25310495,0.0026337914,"TWOGAUSSIANS_WITH_ELLIPSOIDAL_ON_ECLIPSE1",9,1.7908328,0.75921816,0.0059094657,0.23968658,0.028333267,0.6782576,0.02788971,0.25310495,0.0026337914,0.17805506,0.016337112,0.58894783,0.038015686
375316653866487564,5965664253653441280,0.59521496,2317.329736750033,2.7788658898945746,1.1478624E-5,18.733835,0.0051847976,0.20535645,0.0013987721,0.068125494,0.0015966431,0.6080469,0.016230607,0.7087475,0.0011758237,0.06516442,0.0015685573,0.5535141,0.010250645,null,null,null,null,"TWOGAUSSIANS",8,2.8624997,0.20535645,0.0013987721,0.38150275,0.0089412015,0.6071184,0.016304765,0.7087475,0.0011758237,0.36492074,0.008783921,0.55258566,0.010271321
375316653866487564,5965664292312282880,0.50945294,2318.8696017334078,1.4950120061258536,1.5419748E-5,18.223179,0.004567517,0.27037793,0.018725784,0.06970243,0.013512336,0.05083514,0.010723192,0.76710665,0.0025461623,0.065080665,0.0036041948,0.15155841,0.006995196,null,null,null,null,"TWOGAUSSIANS",8,2.7825103,0.76710665,0.0025461623,0.36445174,0.02018349,0.15139885,0.0069330884,0.27037793,0.018725784,0.39033362,0.07063601,0.05067558,0.010732229
375316653866487564,5965664395391519104,0.4961451,2336.7326171004875,0.20519235847796624,4.211317E-5,18.301033,0.0065718535,0.13564968,0.033301115,0.018313305,0.010766645,0.18005502,0.15370105,0.31065223,0.020007841,0.020741358,0.019190986,0.71981037,8.150207,null,null,null,null,"TWOGAUSSIANS",8,21.28002,0.31065223,0.020007841,0.11615161,0.10746952,0.71981037,8.150207,0.13564968,0.033301115,0.102554515,0.060293213,0.18005502,0.15370105
375316653866487564,5965664876442667520,0.4725267,2318.0924881568044,0.31393318652886254,2.2237782E-5,17.617834,0.002479927,0.12542805,0.0032849058,0.01208572,0.0031395757,0.10745674,0.09431687,0.6268848,0.0016403014,0.009970727,0.0015200792,0.12586471,0.0033863466,null,null,null,null,"TWOGAUSSIANS",8,5.780881,0.6268848,0.0016403014,0.055836074,0.008512444,0.12586471,0.0033863466,0.12542805,0.0032849058,0.06768003,0.017581625,0.10745674,0.09431687
375316653866487564,5965665013881650816,0.51132804,2325.069794245686,0.26505778397852797,3.0703592E-4,16.951674,7.270722E-4,0.20420663,2.2450823E-4,0.012069318,3.8582226E-4,0.16301487,0.001974574,0.64437044,0.050713167,0.024223303,0.027420158,0.013455323,212.50111,null,null,null,null,"TWOGAUSSIANS",8,1.8317039,0.20420663,2.2450823E-4,0.06758819,0.0021606048,0.16301487,0.001974574,0.64437044,0.050713167,0.1356505,0.15355289,0.013455323,212.50111
375316653866487564,5965665220026540288,0.59514743,2329.8391902577932,0.26069024751341763,2.9870702E-5,17.702246,0.0061411266,0.2350118,0.00350581,0.017948477,0.0035064644,0.4584971,0.028324718,0.73019,0.007944768,0.022709727,0.0066982685,0.79879355,0.19578338,0.010765885,0.00894105,0.2350118,0.00350581,"TWOGAUSSIANS_WITH_ELLIPSOIDAL_ON_ECLIPSE1",9,7.090802,0.7302,0.007942323,0.12717447,0.037510302,0.8203056,0.20426634,0.2350118,0.00350581,0.10051147,0.0196362,0.48002887,0.02726977
375316653866487564,5965666250817895936,0.5014676,2310.576015280255,3.0959722342922977,1.9786494E-5,18.304243,0.26446116,0.2631673,0.0046790605,0.1319558,0.06836545,0.19663486,0.24986407,0.76673985,0.010825578,0.13131174,0.082183644,0.16192529,0.25598392,null,null,null,null,"TWOGAUSSIANS",8,2.2919884,0.2631073,0.0046100016,0.4,0.0,0.13966478,0.008257985,0.76682985,0.010762375,0.4,0.0,0.105025336,0.0054995893
375316653866487564,5965667178545219712,0.52945405,2292.793060640859,2.099489125800519,1.1209759E-5,16.588303,0.3572954,0.2591892,0.0033168492,0.14509897,0.038495425,0.26631293,0.27788633,0.7615423,0.002714229,0.17715202,0.08759965,0.2694135,0.3502634,null,null,null,null,"TWOGAUSSIANS",8,5.8615484,0.25868917,0.0029235655,0.4,0.0,0.11854055,0.0052327537,0.7617623,0.002787733,0.4,0.0,0.11300425,0.0029033248
375316653866487564,5965667522142627328,0.56160784,2312.978611369329,0.2930078304710702,5.816528E-4,16.276688,0.00124796,0.40661907,0.0019485231,0.020867405,0.00193882,0.41456214,0.04590238,null,null,null,null,null,null,null,null,null,null,"ONEGAUSSIAN",5,9.393514,0.40661907,0.0019485231,0.11685747,0.010857392,0.41456214,0.0,null,null,null,null,null,null
375316653866487564,5965668759093714816,0.63339317,2330.2328610265313,0.7287267296698696,4.6791724E-6,17.149576,0.0015484178,0.27838004,3.146939E-4,0.0042544487,4.969813E-4,0.022899851,0.0018116644,0.48820755,5.6495314E-4,0.0403281,6.542905E-4,0.57475173,0.009394863,null,null,null,null,"TWOGAUSSIANS",8,4.5812683,0.48820755,5.6495314E-4,0.22583735,0.0036640267,0.57475173,0.009394863,0.27838004,3.146939E-4,0.023824912,0.0027830952,0.022900613,0.0018117311
375316653866487564,5965669201454978944,0.55524325,2319.215254227104,1.2862137775578268,1.65173E-5,17.529211,0.003961739,0.17461397,0.0054335454,0.042748217,0.010125835,0.04125072,0.015511775,0.6768025,0.0030950157,0.036652435,0.0042282166,0.19112599,0.010519603,0.031358127,0.005395628,0.17461397,0.0054335454,"TWOGAUSSIANS_WITH_ELLIPSOIDAL_ON_ECLIPSE1",9,3.8663368,0.6768025,0.0030676073,0.20525363,0.023678014,0.25383028,0.0069189025,0.17461397,0.0054335454,0.23939002,0.056704678,0.10396688,0.012875543
375316653866487564,5965669480648277120,0.5971744,2328.9807208651387,1.5062609607823836,9.757966E-6,18.397388,0.0064668073,0.18022704,0.0015271939,0.045219768,0.0028036195,0.25424436,0.021476625,0.68841857,0.0067016394,0.041428756,0.005408423,0.54988575,0.047106814,0.08813418,0.013986483,0.18022704,0.0015271939,"TWOGAUSSIANS_WITH_ELLIPSOIDAL_ON_ECLIPSE1",9,3.48397,0.68841857,0.0067016394,0.23200104,0.03028717,0.7256872,0.049586084,0.18022704,0.0015271939,0.25323072,0.01570027,0.43051237,0.013181102
375316653866487564,5965671366117198208,0.6275156,2313.7883179746705,0.9410122566362431,3.0163337E-6,11.995407,0.0036481712,0.25491896,9.1627147E-4,0.03429331,0.0011126727,0.6527657,0.014144538,0.7572996,0.0019059972,0.03133095,0.0030693207,0.08698067,0.01165956,0.027204253,0.0076590525,0.25491896,9.1627147E-4,"TWOGAUSSIANS_WITH_ELLIPSOIDAL_ON_ECLIPSE1",9,167.85915,0.25491896,9.1627147E-4,0.19204253,0.006230967,0.7071742,0.012716243,0.7572996,0.0019059972,0.17545332,0.017188195,0.14137699,0.009191068
375316653866487564,5965671954534424192,0.5137628,2304.023324942712,2.4491452631166424,2.322054E-5,18.78583,0.008829609,0.24635299,0.005740416,0.0866492,0.008146395,0.25424358,0.016216073,0.749657,0.0039195255,0.0753709,0.005277291,0.2755746,0.01718852,null,null,null,null,"TWOGAUSSIANS",8,3.6952212,0.749657,0.0039195255,0.4,0.0,0.27135026,0.017102465,0.24635299,0.005740416,0.4,0.0,0.25001922,0.01669707
375316653866487564,5965672985341216000,0.5049615,2321.837008508098,1.0795063084555094,2.15188E-5,15.233511,0.01280009,0.2652833,0.0055685816,0.1054225,0.02200256,0.055723093,0.009957078,0.7673788,0.0055196784,0.12213462,0.026466174,0.044252086,0.012258152,null,null,null,null,"TWOGAUSSIANS",8,5.9194603,0.26527327,0.005580498,0.4,0.0,0.047172382,0.0038685529,0.7673788,0.0055240192,0.4,0.0,0.035682477,0.0023151648
375316653866487564,5965673152822103552,0.47908112,2305.943052599757,0.9663716766491534,2.6941758E-5,19.13908,0.007862348,0.3085779,0.0055857827,0.04835393,0.008179988,0.28960255,0.025782047,0.82941633,0.016805125,0.070251256,0.015275444,0.09598811,0.01718949,null,null,null,null,"TWOGAUSSIANS",8,2.8642335,0.3085779,0.0055857827,0.270782,0.04580793,0.28958356,0.025801215,0.82941633,0.016805125,0.39340705,0.06818917,0.09596915,0.01718744
375316653866487564,5965674428439230080,0.4704182,2309.6043570007873,0.7761854909651016,1.1822391E-5,18.714256,0.004686072,0.8932031,0.0023395596,0.022001734,0.0028956744,0.3094709,0.046357613,null,null,null,null,null,null,null,null,null,null,"ONEGAUSSIAN",5,5.5990405,0.8932031,0.0023395596,0.123209715,0.016215777,0.3094709,0.0,null,null,null,null,null,null
375316653866487564,5965675046914102912,0.517354,2303.813772144147,2.8458063505773143,3.0468333E-5,17.884808,0.006440219,0.24946201,0.005647279,0.06476804,0.0056102355,0.29790643,0.010020585,0.75670964,0.0043314234,0.07869471,0.00598697,0.2540232,0.008407517,null,null,null,null,"TWOGAUSSIANS",8,7.2842407,0.24946201,0.005647279,0.362701,0.031417318,0.29685962,0.010018887,0.75670964,0.0043314234,0.4,0.0,0.2529764,0.008202585
375316653866487564,5965675218712467200,0.46896344,2328.7194145161993,1.3657322684572974,2.924062E-5,19.93536,0.009840341,0.29818553,0.023980686,0.06464423,0.017307043,0.13707815,0.028292824,0.8020338,0.0029130788,0.047934413,0.0051854304,0.58630186,0.17537798,null,null,null,null,"TWOGAUSSIANS",8,2.32874,0.8020338,0.0029130788,0.2684327,0.02903841,0.58627975,0.17539528,0.29818553,0.023980686,0.3620077,0.08401417,0.13705607,0.02828876
375316653866487564,5965675390529259904,0.5055695,2287.1501542192527,0.48754589514558005,1.0615417E-5,19.080853,0.0050787022,0.24079421,0.0014231384,0.029392628,0.0015944961,0.28872755,0.0073428047,0.7381159,0.002165351,0.03374811,0.0023906492,0.2605826,0.017397206,null,null,null,null,"TWOGAUSSIANS",8,2.4154081,0.24079421,0.0014231384,0.16459872,0.008929178,0.28872755,0.0073428047,0.7381159,0.002165351,0.18898942,0.013387636,0.2605826,0.017397206
375316653866487564,5965675558011245568,0.50068665,2313.2360850126424,0.1592148234555713,3.538529E-5,19.730202,0.0065341056,0.22331704,0.006691651,0.020445904,0.012199663,2.408572,4.764628,0.7146398,9.933743E-4,0.008638951,0.0029954629,0.21189055,0.036881305,0.034919154,0.007894522,0.22331704,0.006691651,"TWOGAUSSIANS_WITH_ELLIPSOIDAL_ON_ECLIPSE1",9,2.1502802,0.22331704,0.006691651,0.11449706,0.068318106,2.4784102,4.7661943,0.71465975,9.860375E-4,0.048378125,0.016774593,0.2815218,0.03500254
375316653866487564,5965676073399956352,0.453883,2307.4318979305326,0.9349853649614738,5.6224446E-5,16.568785,0.002407426,0.26778865,0.0035413909,0.018186143,0.0047209365,0.07894867,0.015509354,0.5952173,0.017941864,0.03526257,0.007350012,0.017890215,0.0072801653,0.013902844,0.003363917,0.26778865,0.0035413909,"TWOGAUSSIANS_WITH_ELLIPSOIDAL_ON_ECLIPSE1",9,15.195439,0.26778865,0.0035413909,0.1018424,0.026437245,0.1067543,0.015111286,0.6067373,0.02079625,0.1974704,0.04116007,0.024778116,0.006428009
