Gaia/vari_eclipsing_binary/VariEclipsingBinary_483344-483358.csv
# %ECSV 1.0
# ---
# delimiter: ','
# meta: !!omap
# - RELEASE: Gaia DR3
# - TABLE: vari_eclipsing_binary
# - DESCRIPTION: >
#     This table describes the properties of the eclipsing binaries resulting from the variability analysis. 
# - CITATION: >
#     How to cite and acknowledge Gaia: 
#     https://gea.esac.esa.int/archive/documentation/credits.html 
# - KNOWN_ISSUES: >
#     Known issues: 
#     https://www.cosmos.esa.int/web/gaia-users/known-issues 
# - DOCUMENTATION: >
#     Tutorials and documentation: 
#     https://www.cosmos.esa.int/web/gaia-users/archive 
# datatype:
# - 
#   name: solution_id
#   datatype: int64
#   description: Solution Identifier
#   meta:
#     ucd: meta.version
# - 
#   name: source_id
#   datatype: int64
#   description: Unique source identifier
#   meta:
#     ucd: meta.id;meta.main
# - 
#   name: global_ranking
#   datatype: float32
#   description: Number between 0 (worst) and 1 (best)
#   meta:
#     ucd: stat.param
# - 
#   name: reference_time
#   datatype: float64
#   unit: d
#   description: Reference time used for the geometric model fit
#   meta:
#     ucd: time.epoch
# - 
#   name: frequency
#   datatype: float64
#   unit: d**-1
#   description: Frequency of geometric model of the eclipsing binary light curve
#   meta:
#     ucd: src.orbital
# - 
#   name: frequency_error
#   datatype: float32
#   unit: d**-1
#   description: "Uncertainty of \\texttt{frequency}"
#   meta:
#     ucd: stat.error
# - 
#   name: geom_model_reference_level
#   datatype: float32
#   unit: mag
#   description: Magnitude reference level of geometric model
#   meta:
#     ucd: phot.mag;em.opt
# - 
#   name: geom_model_reference_level_error
#   datatype: float32
#   unit: mag
#   description: "Uncertainty of \\texttt{geomModelReferenceLevel}"
#   meta:
#     ucd: stat.error;phot.mag;em.opt
# - 
#   name: geom_model_gaussian1_phase
#   datatype: float32
#   description: Phase of the Gaussian 1 component
#   meta:
#     ucd: time.phase
# - 
#   name: geom_model_gaussian1_phase_error
#   datatype: float32
#   description: "Uncertainty of \\texttt{geomModelGaussian1Phase}"
#   meta:
#     ucd: stat.error;time.phase
# - 
#   name: geom_model_gaussian1_sigma
#   datatype: float32
#   description: "Standard deviation [phase] of Gaussian 1 component"
#   meta:
#     ucd: stat.stdev
# - 
#   name: geom_model_gaussian1_sigma_error
#   datatype: float32
#   description: "Uncertainty of \\texttt{geomModelGaussian1Sigma}"
#   meta:
#     ucd: stat.error
# - 
#   name: geom_model_gaussian1_depth
#   datatype: float32
#   unit: mag
#   description: Magnitude depth of Gaussian 1 component
#   meta:
#     ucd: src.var.amplitude
# - 
#   name: geom_model_gaussian1_depth_error
#   datatype: float32
#   unit: mag
#   description: "Uncertainty of \\texttt{geomModelGaussian1Depth}"
#   meta:
#     ucd: stat.error;src.var.amplitude
# - 
#   name: geom_model_gaussian2_phase
#   datatype: float32
#   description: Phase of Gaussian 2 component
#   meta:
#     ucd: time.phase
# - 
#   name: geom_model_gaussian2_phase_error
#   datatype: float32
#   description: "Uncertainty of \\texttt{geomModelGaussian2Phase}"
#   meta:
#     ucd: stat.error;time.phase
# - 
#   name: geom_model_gaussian2_sigma
#   datatype: float32
[...]
#   datatype: float32
#   description: "Secondary eclipse: uncertainty of \\texttt{derivedSecondaryEclDuration}"
#   meta:
#     ucd: stat.error;time.duration
# - 
#   name: derived_secondary_ecl_depth
#   datatype: float32
#   unit: mag
#   description: "Secondary eclipse: depth"
#   meta:
#     ucd: src.var.amplitude
# - 
#   name: derived_secondary_ecl_depth_error
#   datatype: float32
#   unit: mag
#   description: "Secondary eclipse: uncertainty of \\texttt{derivedSecondaryEclDepth}"
#   meta:
#     ucd: stat.error;src.var.amplitude
solution_id,source_id,global_ranking,reference_time,frequency,frequency_error,geom_model_reference_level,geom_model_reference_level_error,geom_model_gaussian1_phase,geom_model_gaussian1_phase_error,geom_model_gaussian1_sigma,geom_model_gaussian1_sigma_error,geom_model_gaussian1_depth,geom_model_gaussian1_depth_error,geom_model_gaussian2_phase,geom_model_gaussian2_phase_error,geom_model_gaussian2_sigma,geom_model_gaussian2_sigma_error,geom_model_gaussian2_depth,geom_model_gaussian2_depth_error,geom_model_cosine_half_period_amplitude,geom_model_cosine_half_period_amplitude_error,geom_model_cosine_half_period_phase,geom_model_cosine_half_period_phase_error,model_type,num_model_parameters,reduced_chi2,derived_primary_ecl_phase,derived_primary_ecl_phase_error,derived_primary_ecl_duration,derived_primary_ecl_duration_error,derived_primary_ecl_depth,derived_primary_ecl_depth_error,derived_secondary_ecl_phase,derived_secondary_ecl_phase_error,derived_secondary_ecl_duration,derived_secondary_ecl_duration_error,derived_secondary_ecl_depth,derived_secondary_ecl_depth_error
[from data line 151]
375316653866487564,4251571908540999680,0.4703854,2238.3871960973493,3.471216774944721,1.7674029E-5,18.165981,0.006267618,null,null,null,null,null,null,null,null,null,null,null,null,0.10861689,0.008427085,0.31820297,0.005731813,"ELLIPSOIDAL",4,8.782192,null,null,null,null,null,null,null,null,null,null,null,null
375316653866487564,4251572015907292672,0.58538264,2256.252527328635,2.531118011796304,1.1136469E-5,18.97122,0.012669524,0.24499694,0.0041160095,0.07686223,0.0043500233,0.5183871,0.03554219,0.7597157,0.0061105583,0.07786552,0.0067041744,0.44019133,0.017133394,null,null,null,null,"TWOGAUSSIANS",8,2.1429553,0.24499694,0.0041160095,0.4,0.0,0.5146129,0.035834238,0.7597157,0.0061105583,0.4,0.0,0.43641716,0.016152613
375316653866487564,4251572050341868288,0.474112,2223.315662656752,0.5710713145902196,2.3579745E-5,19.382635,0.023109378,0.30406255,0.008991335,0.07844453,0.017828817,0.1557798,0.021218913,0.83267736,0.07175981,0.04477406,0.04218282,0.20341736,0.15208118,null,null,null,null,"TWOGAUSSIANS",8,2.544009,0.83267736,0.07175981,0.25073475,0.17428139,0.20338419,0.14901783,0.30406255,0.008991335,0.4,0.010292812,0.15574662,0.020194393
375316653866487564,4251572256427663360,0.5937947,2189.021280966713,2.6472056181643726,2.2097705E-5,17.848639,0.022556262,0.26685098,0.004513893,0.049302176,0.0055836807,0.46145615,0.047289852,0.7436606,0.013324001,0.044021692,0.012502904,0.5514952,0.06415224,0.13057566,0.024108505,0.26685098,0.004513893,"TWOGAUSSIANS_WITH_ELLIPSOIDAL_ON_ECLIPSE1",9,10.7120285,0.7452106,0.0129813105,0.24652147,0.070016265,0.8075048,0.05816364,0.26685098,0.004513893,0.2760922,0.03126861,0.72260594,0.023959406
375316653866487564,4251572565663099520,0.47152042,2190.176480483925,2.225913590608013,3.4851208E-5,18.91941,0.09965321,0.1841481,0.03307329,0.09805692,0.04041586,0.11470026,0.076336704,0.61321044,0.020648057,0.15061408,0.06315374,0.15418194,0.09278227,null,null,null,null,"TWOGAUSSIANS",8,2.1748896,0.61321044,0.020648057,0.4,0.0,0.13495927,0.018528612,0.1884681,0.023906764,0.4,0.0,0.098354496,0.013126078
375316653866487564,4251572874901571200,0.5151715,2239.6783281290714,2.996798566965668,1.5191878E-5,19.666044,0.029858148,0.23466823,0.0069287284,0.06279288,0.010618908,0.5421298,0.34963274,0.7504159,0.005114882,0.0540301,0.010338517,0.6143736,0.07730147,null,null,null,null,"TWOGAUSSIANS",8,3.8411767,0.7504159,0.005114882,0.30256855,0.057895698,0.6143065,0.07740422,0.23466823,0.0069287284,0.35164016,0.05946589,0.5420627,0.34968272
375316653866487564,4251572909261326592,0.4924592,2256.001904818063,0.4263345972098319,5.9017148E-5,18.256565,0.009259939,0.3211261,0.00812744,0.018225545,0.005403188,0.28042406,0.2798792,0.5414278,0.002441185,0.011896157,0.002423974,0.16917291,0.03946453,0.04447765,0.012804538,0.5414278,0.002441185,"TWOGAUSSIANS_WITH_ELLIPSOIDAL_ON_ECLIPSE2",9,9.354601,0.3213661,0.008240517,0.10206306,0.030257853,0.28351,0.27964777,0.5414278,0.002441185,0.06661848,0.013574255,0.25812775,0.048110902
375316653866487564,4251572943621420416,0.4518279,2236.573918814737,0.7563902087567395,4.639859E-5,19.349419,0.01402435,0.41985166,0.010184797,0.14520998,0.018433226,0.26635092,0.03957299,0.84728,0.013817681,0.04524844,0.017536215,0.078352705,0.011401627,null,null,null,null,"TWOGAUSSIANS",8,2.88846,0.41985166,0.010184797,0.4,0.0,0.26244956,0.041803993,0.84728,0.013817681,0.25339127,0.0982028,0.07806303,0.011267028
375316653866487564,4251573218499717632,0.52122444,2235.1415244891587,1.6276996497289198,2.1139784E-5,17.310059,0.023643076,0.27244633,0.01048186,0.11671614,0.047511954,0.06707402,0.01790973,0.79684913,0.004413891,0.09478632,0.014271592,0.15174085,0.033810887,null,null,null,null,"TWOGAUSSIANS",8,3.7401485,0.7968792,0.00435014,0.4,0.0,0.14308023,0.031039359,0.27243632,0.010482806,0.4,0.0,0.05839454,0.0070575043
375316653866487564,4251573321578862336,0.478066,2211.327559557573,2.1834744816950957,1.4001087E-5,18.919184,0.010068411,0.27358094,0.008174153,0.048354063,0.008286463,0.29595286,0.013553565,0.60394835,0.02989667,0.044154126,0.028884932,0.120468184,0.061216984,null,null,null,null,"TWOGAUSSIANS",8,3.3601484,0.27358094,0.008174153,0.27078277,0.046404194,0.29595286,0.013553558,0.60394835,0.02989667,0.2472631,0.16175562,0.120468184,0.06121714
375316653866487564,4251573356012142080,0.5760406,2191.3160931613374,0.6571249876676937,1.403959E-5,15.13361,0.005865399,0.26165393,0.012034925,0.046907384,0.008180027,0.11134751,0.018214233,0.7855301,0.03177578,0.050962772,0.056960672,0.89705,0.9101381,null,null,null,null,"TWOGAUSSIANS",8,17.204403,0.7855301,0.03177578,0.2853915,0.11364173,0.8970496,0.91098887,0.26165393,0.012034925,0.26268134,0.045808148,0.111347124,0.018019143
375316653866487564,4251573385988777728,0.5064896,2214.9480626701966,2.0396685046811136,3.715411E-5,18.10194,0.014980625,0.21332677,0.017326334,0.0716671,0.030717317,0.21936637,0.059419822,0.7087446,0.0075342758,0.08370887,0.008640941,0.2631181,0.01965301,null,null,null,null,"TWOGAUSSIANS",8,9.126235,0.7087446,0.0075342758,0.4,0.0,0.2606443,0.017126111,0.21332677,0.017326334,0.4,0.12611353,0.2168926,0.062339786
375316653866487564,4251573390371882752,0.47607425,2224.6080699902245,1.1872895135324935,5.8581474E-5,18.260721,0.025884159,0.30866972,0.05677646,0.10242152,0.03854701,0.13815713,0.03797253,0.850922,0.014976883,0.04489513,0.041698806,0.068978466,0.01889266,null,null,null,null,"TWOGAUSSIANS",8,2.568905,0.30866972,0.05677646,0.4,0.0,0.13792089,0.03358916,0.850932,0.015309128,0.25141272,0.15599601,0.06874869,0.013850539
375316653866487564,4251573424731490176,0.55535495,2178.403265222873,1.6478900759788935,2.6333606E-5,16.145092,0.01639331,0.28268507,0.007902935,0.034418575,0.011554668,0.29054207,0.03638406,0.7740596,0.0036621697,0.033817366,0.004663598,0.12761419,0.039273947,0.07831855,0.026217693,0.28268507,0.007902935,"TWOGAUSSIANS_WITH_ELLIPSOIDAL_ON_ECLIPSE1",9,15.134874,0.28268507,0.007902935,0.19274402,0.06470614,0.44717902,0.03765364,0.77491957,0.002874766,0.18937725,0.026116146,0.2838373,0.017093651
375316653866487564,4251573596455954304,0.49340692,2192.4332822037177,0.8868861499915932,2.2851418E-5,18.357523,0.005803495,0.3122478,0.040564362,0.04369653,0.04301001,0.070020355,0.03657071,0.81847554,0.0032427213,0.034365423,0.008252542,0.120976895,0.019872662,null,null,null,null,"TWOGAUSSIANS",8,1.7423265,0.81847554,0.0032427213,0.19244637,0.04621423,0.120976895,0.019872293,0.3122478,0.040564362,0.24470057,0.18322687,0.070020355,0.036570452
375316653866487564,4251573940127699584,0.59302163,2186.0396110299957,2.1465237669924537,1.3243372E-5,17.524862,0.0069876844,0.21664973,0.01627658,0.07026326,0.008452373,0.29116586,0.015263868,0.75550425,0.003525896,0.085570134,0.0060367794,0.2376069,0.009964742,null,null,null,null,"TWOGAUSSIANS",8,2.9629226,0.21664973,0.01627658,0.39347422,0.042432055,0.28985566,0.014373381,0.75550425,0.003525896,0.4,0.0,0.23629656,0.009993027
375316653866487564,4251574146214124800,0.5087341,2172.197228146613,2.4217608960805963,3.2983426E-5,18.680674,0.07027455,0.25259858,0.0084903315,0.09997337,0.019100979,0.3832452,0.06132891,0.762834,0.012565912,0.095129155,0.036761656,0.27734816,0.07618016,null,null,null,null,"TWOGAUSSIANS",8,9.841017,0.25259858,0.00850798,0.4,0.0,0.36186242,0.025080983,0.762834,0.012565908,0.4,0.0,0.25596794,0.085004695
375316653866487564,4251574249293560576,0.47747648,2184.228186100563,1.2647256765532573,3.6097397E-5,19.068638,0.011959712,0.16833599,0.01242334,0.054254416,0.015897144,0.09025408,0.053443074,0.75557536,0.026825001,0.1452234,0.025471767,0.157174,0.017950572,null,null,null,null,"TWOGAUSSIANS",8,2.3261912,0.75557536,0.026825001,0.4,0.0,0.15394075,0.01676852,0.16655599,0.011246155,0.30382472,0.08902401,0.08988041,0.055075403
375316653866487564,4251574283653328896,0.5259286,2226.71356043984,2.7972684612595877,3.1456388E-5,18.211887,0.01920808,0.16242608,0.005097745,0.09962284,0.012447539,0.23445037,0.020713642,0.6859071,0.017756484,0.078803554,0.026528932,0.3631854,0.26832905,null,null,null,null,"TWOGAUSSIANS",8,3.5166183,0.6859071,0.017762484,0.4,0.020349378,0.3556059,0.27618924,0.16242608,0.005097745,0.4,0.0,0.2268681,0.0196273
375316653866487564,4251574455452060928,0.5501227,2179.491874292608,2.5515860320455452,3.0227047E-5,18.915716,0.009862084,0.19664563,0.00731153,0.06530405,0.009149817,0.23190035,0.018044185,0.7229009,0.008445012,0.07539578,0.009284803,0.124425285,0.021615513,null,null,null,null,"TWOGAUSSIANS",8,1.3416827,0.19664563,0.00731153,0.36570266,0.051238973,0.23159829,0.018121678,0.7229009,0.008445012,0.4,0.0075929994,0.124123216,0.021595862
375316653866487564,4251574627252376064,0.5626565,2307.5979511811393,2.944638502693462,1.4935407E-5,19.158092,0.016582662,0.29991198,0.01349758,0.07840689,0.0070108445,0.5931188,0.052591693,0.7832751,0.008803994,0.070516944,0.009413111,0.5667396,0.10310635,null,null,null,null,"TWOGAUSSIANS",8,3.5768776,0.29991198,0.01349758,0.4,0.0,0.5902944,0.05129218,0.7832751,0.008803994,0.39489487,0.025368951,0.5639153,0.104561254
375316653866487564,4251574696042339456,0.7369309,2254.3990797017473,1.0863946098481863,3.848937E-6,16.360405,0.006576244,0.21041907,8.7742996E-4,0.048334617,0.003874588,0.381583,0.063899584,0.71189713,0.011048635,0.047955703,0.0072065094,0.39885995,0.031436387,0.1544027,0.0070724874,0.21041907,8.7742996E-4,"TWOGAUSSIANS_WITH_ELLIPSOIDAL_ON_ECLIPSE1",9,3.5444267,0.71189713,0.011022666,0.26855192,0.040356454,0.70763767,0.036620162,0.21041907,8.7742996E-4,0.27067387,0.021697693,0.69038737,0.0671257
375316653866487564,4251574764761864064,0.45118728,2249.5791871794563,0.10371623473261128,2.5123629E-5,19.468948,0.019430665,0.78057545,0.0052291215,0.059774783,0.04628576,0.080430664,153151.25,null,null,null,null,null,null,0.118922636,0.040824644,0.78057545,0.0052291215,"ONEGAUSSIAN_WITH_ELLIPSOIDAL",6,4.2246423,0.78057545,0.0052291215,0.3347388,0.25920025,0.31826317,153151.27,null,null,null,null,null,null
375316653866487564,4251574794733634176,0.56997496,2221.2975838835023,0.6829339433285534,4.826085E-5,17.20784,0.0073147644,0.23619938,0.01407519,0.059459254,0.01036037,0.28668734,0.051899306,0.7444021,0.024854938,0.09081561,0.018117473,0.32052156,0.036904704,null,null,null,null,"TWOGAUSSIANS",8,5.553449,0.7444021,0.024854938,0.4,0.0,0.31855208,0.037190054,0.23619938,0.01407519,0.33297184,0.058018073,0.28471807,0.05281774
375316653866487564,4251574936490336768,0.5028096,2269.0765732178434,3.4058984731614252,1.4225097E-5,19.425104,0.043244902,0.23538229,0.00529047,0.112239555,0.015643474,0.3883346,0.038556185,0.69124067,0.01672829,0.103434116,0.034137536,0.2891002,0.08006995,null,null,null,null,"TWOGAUSSIANS",8,2.0208127,0.23540229,0.0052762353,0.4,0.0,0.36044553,0.028898098,0.69124067,0.01672829,0.4,0.0,0.2612981,0.09177846
375316653866487564,4251574970849929216,0.5660802,2325.0357297483047,0.15590589005514735,6.911444E-5,19.38121,0.006972863,0.38488427,0.002979381,0.044226687,0.003926416,0.25937408,0.03813707,0.9253378,0.0034821937,0.02683493,0.003016368,0.26083422,0.016911363,null,null,null,null,"TWOGAUSSIANS",8,1.096716,0.9253378,0.0034821937,0.1502756,0.01689166,0.26083422,0.016911363,0.38488427,0.002979381,0.24766946,0.021987928,0.25937408,0.03813707
375316653866487564,4251575383236954368,0.6224143,2128.4396891148454,3.5060492205831744,1.3114643E-5,17.62386,0.06542705,0.27146715,0.010088966,0.037127715,0.039684217,0.26081532,0.13937704,0.77186745,0.006153308,0.04465627,0.010898435,0.38985744,0.13762304,0.15068886,0.07458558,0.27146715,0.010088966,"TWOGAUSSIANS_WITH_ELLIPSOIDAL_ON_ECLIPSE1",9,25.47662,0.77186745,0.0057881675,0.2500751,0.061031234,0.69123316,0.027630763,0.27146715,0.010088966,0.2079152,0.19191332,0.5621929,0.04139836
375316653866487564,4251575658045194240,0.5292057,2291.1118085197686,0.8161856195397179,1.436374E-4,19.019041,0.021467986,0.38861603,8.255541E-5,0.03970539,0.0024910918,0.88817936,0.053804185,0.86922777,0.035095483,0.047590345,0.031562187,0.03448477,0.08047464,null,null,null,null,"TWOGAUSSIANS",8,4.7930055,0.38861603,8.255541E-5,0.22235018,0.013950114,0.88817936,0.053808253,0.86922777,0.035095483,0.26650593,0.17674826,0.034484763,0.08047361
375316653866487564,4251575756814806784,0.58602804,2272.7286888740455,2.5764771010066716,1.8218867E-5,17.209341,0.0069358177,0.15886912,0.0078001004,0.072131276,0.0072400635,0.28107426,0.03184577,0.65858144,0.0057778824,0.07577361,0.007345099,0.3051618,0.037825193,null,null,null,null,"TWOGAUSSIANS",8,6.041714,0.65858144,0.0057778824,0.4,0.0,0.3032404,0.03869625,0.15886912,0.0078001004,0.4,0.027800813,0.27915284,0.032585483
375316653866487564,4251575962967936256,0.55754805,2189.7053955707274,3.413779817033945,2.1305741E-5,17.226198,0.010529479,0.2917307,0.007835088,0.084388204,0.0076212953,0.3620241,0.04502143,0.7724342,0.0040989053,0.073191136,0.009562727,0.44051185,0.02918139,null,null,null,null,"TWOGAUSSIANS",8,18.341795,0.7724342,0.0040989053,0.4,0.023531932,0.43704933,0.030306323,0.2917307,0.007835088,0.4,0.0,0.35856155,0.04549406
375316653866487564,4251576207800188032,0.46610072,2248.8793843943313,4.105419351497096,3.229325E-5,18.09204,0.004077166,0.11760428,0.008548855,0.037186857,0.0072104293,0.15738373,0.05253891,0.62524354,0.007774503,0.06890455,0.009433949,0.14079921,0.016943868,null,null,null,null,"TWOGAUSSIANS",8,5.108674,0.11760428,0.008548855,0.2082464,0.040378403,0.15738074,0.052542616,0.62524354,0.007774503,0.38586548,0.050114553,0.14079623,0.016946314
375316653866487564,4251576723266916864,0.631744,2244.414113253927,1.0135420504495607,2.9892615E-6,15.560939,0.003887446,0.15543409,6.7269447E-4,0.036615834,0.0014846526,0.58721364,0.023284333,0.6557581,8.160948E-4,0.026101975,0.001892266,0.894423,0.05767006,null,null,null,null,"TWOGAUSSIANS",8,56.824734,0.6557581,8.160948E-4,0.14617106,0.01059669,0.894423,0.05767006,0.15543409,6.7269447E-4,0.20504868,0.008314054,0.58721364,0.023284333
375316653866487564,4251576787601781376,0.48673028,2220.7881916564456,1.0233714608488604,2.7340984E-5,18.71267,0.3152682,0.22303614,0.0150014665,0.105261154,0.142158,0.15849493,0.30228677,0.7289911,0.013517845,0.09739195,0.040575527,0.17928067,0.18636101,null,null,null,null,"TWOGAUSSIANS",8,3.309406,0.7289911,0.011506019,0.4,0.0,0.16440813,0.02979451,0.22303614,0.015490137,0.4,0.0,0.14361899,0.011047231
375316653866487564,4251576993760306176,0.6332684,2247.8017091685274,2.74083000410451,1.4442928E-5,15.378023,0.008444584,0.3654679,0.007501178,0.057600725,0.012796656,0.07953488,0.016595507,0.8685478,0.004921617,0.052195903,0.009018296,0.093165934,0.017261662,0.04003488,0.009875614,0.3654679,0.007501178,"TWOGAUSSIANS_WITH_ELLIPSOIDAL_ON_ECLIPSE1",9,7.737069,0.8685478,0.004463869,0.29229704,0.05050246,0.17319852,0.009561948,0.3654679,0.007501178,0.32256407,0.07166127,0.15959744,0.0048612677
375316653866487564,4251577410461794176,0.57234067,2216.729554208332,1.8870502686376769,2.111767E-5,16.665392,0.013889488,0.25119114,0.0075193997,0.08062861,0.008272435,0.2231608,0.014850217,0.75244784,0.06617117,0.08547747,0.038147565,0.33563375,0.21359473,null,null,null,null,"TWOGAUSSIANS",8,15.234529,0.75244784,0.06617117,0.4,0.106294654,0.32984677,0.21521187,0.25119114,0.0075193997,0.4,0.0,0.21737385,0.009498285
375316653866487564,4251577479181294720,0.63220704,2231.1202201800515,1.676551330133214,1.507082E-5,16.312595,0.007745855,0.23583192,0.002267795,0.04126775,0.028911402,0.38914073,0.6382955,0.7314099,0.020641822,0.05202623,0.01338667,0.37009597,0.049765274,0.13045302,0.013063808,0.23583192,0.002267795,"TWOGAUSSIANS_WITH_ELLIPSOIDAL_ON_ECLIPSE1",9,27.62524,0.23583192,0.002267795,0.2310994,0.16190386,0.65004414,0.6414817,0.7319899,0.019550977,0.2913469,0.07496535,0.6308244,0.049450118
