Gaia/vari_eclipsing_binary/VariEclipsingBinary_209104-209404.csv
# %ECSV 1.0
# ---
# delimiter: ','
# meta: !!omap
# - RELEASE: Gaia DR3
# - TABLE: vari_eclipsing_binary
# - DESCRIPTION: >
#     This table describes the properties of the eclipsing binaries resulting from the variability analysis. 
# - CITATION: >
#     How to cite and acknowledge Gaia: 
#     https://gea.esac.esa.int/archive/documentation/credits.html 
# - KNOWN_ISSUES: >
#     Known issues: 
#     https://www.cosmos.esa.int/web/gaia-users/known-issues 
# - DOCUMENTATION: >
#     Tutorials and documentation: 
#     https://www.cosmos.esa.int/web/gaia-users/archive 
# datatype:
# - 
#   name: solution_id
#   datatype: int64
#   description: Solution Identifier
#   meta:
#     ucd: meta.version
# - 
#   name: source_id
#   datatype: int64
#   description: Unique source identifier
#   meta:
#     ucd: meta.id;meta.main
# - 
#   name: global_ranking
#   datatype: float32
#   description: Number between 0 (worst) and 1 (best)
#   meta:
#     ucd: stat.param
# - 
#   name: reference_time
#   datatype: float64
#   unit: d
#   description: Reference time used for the geometric model fit
#   meta:
#     ucd: time.epoch
# - 
#   name: frequency
#   datatype: float64
#   unit: d**-1
#   description: Frequency of geometric model of the eclipsing binary light curve
#   meta:
#     ucd: src.orbital
# - 
#   name: frequency_error
#   datatype: float32
#   unit: d**-1
#   description: "Uncertainty of \\texttt{frequency}"
#   meta:
#     ucd: stat.error
# - 
#   name: geom_model_reference_level
#   datatype: float32
#   unit: mag
#   description: Magnitude reference level of geometric model
#   meta:
#     ucd: phot.mag;em.opt
# - 
#   name: geom_model_reference_level_error
#   datatype: float32
#   unit: mag
#   description: "Uncertainty of \\texttt{geomModelReferenceLevel}"
#   meta:
#     ucd: stat.error;phot.mag;em.opt
# - 
#   name: geom_model_gaussian1_phase
#   datatype: float32
#   description: Phase of the Gaussian 1 component
#   meta:
#     ucd: time.phase
# - 
#   name: geom_model_gaussian1_phase_error
#   datatype: float32
#   description: "Uncertainty of \\texttt{geomModelGaussian1Phase}"
#   meta:
#     ucd: stat.error;time.phase
# - 
#   name: geom_model_gaussian1_sigma
#   datatype: float32
#   description: "Standard deviation [phase] of Gaussian 1 component"
#   meta:
#     ucd: stat.stdev
# - 
#   name: geom_model_gaussian1_sigma_error
#   datatype: float32
#   description: "Uncertainty of \\texttt{geomModelGaussian1Sigma}"
#   meta:
#     ucd: stat.error
# - 
#   name: geom_model_gaussian1_depth
#   datatype: float32
#   unit: mag
#   description: Magnitude depth of Gaussian 1 component
#   meta:
#     ucd: src.var.amplitude
# - 
#   name: geom_model_gaussian1_depth_error
#   datatype: float32
#   unit: mag
#   description: "Uncertainty of \\texttt{geomModelGaussian1Depth}"
#   meta:
#     ucd: stat.error;src.var.amplitude
# - 
#   name: geom_model_gaussian2_phase
#   datatype: float32
#   description: Phase of Gaussian 2 component
#   meta:
#     ucd: time.phase
# - 
#   name: geom_model_gaussian2_phase_error
#   datatype: float32
#   description: "Uncertainty of \\texttt{geomModelGaussian2Phase}"
#   meta:
#     ucd: stat.error;time.phase
# - 
#   name: geom_model_gaussian2_sigma
#   datatype: float32
[...]
#   datatype: float32
#   description: "Secondary eclipse: uncertainty of \\texttt{derivedSecondaryEclDuration}"
#   meta:
#     ucd: stat.error;time.duration
# - 
#   name: derived_secondary_ecl_depth
#   datatype: float32
#   unit: mag
#   description: "Secondary eclipse: depth"
#   meta:
#     ucd: src.var.amplitude
# - 
#   name: derived_secondary_ecl_depth_error
#   datatype: float32
#   unit: mag
#   description: "Secondary eclipse: uncertainty of \\texttt{derivedSecondaryEclDepth}"
#   meta:
#     ucd: stat.error;src.var.amplitude
solution_id,source_id,global_ranking,reference_time,frequency,frequency_error,geom_model_reference_level,geom_model_reference_level_error,geom_model_gaussian1_phase,geom_model_gaussian1_phase_error,geom_model_gaussian1_sigma,geom_model_gaussian1_sigma_error,geom_model_gaussian1_depth,geom_model_gaussian1_depth_error,geom_model_gaussian2_phase,geom_model_gaussian2_phase_error,geom_model_gaussian2_sigma,geom_model_gaussian2_sigma_error,geom_model_gaussian2_depth,geom_model_gaussian2_depth_error,geom_model_cosine_half_period_amplitude,geom_model_cosine_half_period_amplitude_error,geom_model_cosine_half_period_phase,geom_model_cosine_half_period_phase_error,model_type,num_model_parameters,reduced_chi2,derived_primary_ecl_phase,derived_primary_ecl_phase_error,derived_primary_ecl_duration,derived_primary_ecl_duration_error,derived_primary_ecl_depth,derived_primary_ecl_depth_error,derived_secondary_ecl_phase,derived_secondary_ecl_phase_error,derived_secondary_ecl_duration,derived_secondary_ecl_duration_error,derived_secondary_ecl_depth,derived_secondary_ecl_depth_error
[from data line 143]
375316653866487564,1839966673963259776,0.7137506,2297.3318282105834,0.753808006851182,2.5453394E-6,13.12087,5.86866E-4,0.40821618,7.8451313E-4,0.031821046,8.5802964E-4,0.43812323,0.005742393,0.7105562,0.020448092,0.033546984,0.059379075,0.0038968155,2.93769779E9,0.003588471,6.5815035E-4,0.7105562,0.020448092,"TWOGAUSSIANS_WITH_ELLIPSOIDAL_ON_ECLIPSE2",9,17.635462,0.4081562,7.812076E-4,0.17819786,0.004804966,0.43887267,0.0057483613,0.7105562,0.020448092,0.18786311,0.28550127,0.011073711,2.93769779E9
375316653866487564,1839989896849858432,0.5440869,2291.5857881394422,2.588128096458754,7.4814734E-6,18.98669,0.005584963,0.23568831,0.0031301947,0.07278297,0.0034718818,0.39386803,0.014107316,0.7311763,0.0015914985,0.06361463,0.0035999122,0.48921221,0.019514844,null,null,null,null,"TWOGAUSSIANS",8,2.6145349,0.7311763,0.0015914985,0.35624194,0.020159507,0.48828343,0.019826237,0.23568831,0.0031301947,0.4,8.190891E-4,0.39293924,0.014177231
375316653866487564,1839993749437009920,0.65194577,2318.0726213606704,3.6445002479695447,3.2463024E-6,16.466398,0.006941614,0.2599941,0.0010390675,0.049050838,0.0025034104,0.34558642,0.016026797,0.7590869,0.0071149655,0.04243589,0.005151514,0.24114028,0.030582527,0.13484147,0.007946088,0.2599941,0.0010390675,"TWOGAUSSIANS_WITH_ELLIPSOIDAL_ON_ECLIPSE1",9,14.363871,0.2599941,0.0010390675,0.2746847,0.014019098,0.6152686,0.010957606,0.7592069,0.0069833663,0.23764096,0.028848477,0.51081485,0.028749546
375316653866487564,1839999659310534144,0.5081509,2310.2100601541924,3.450150041974668,2.4594896E-5,16.64643,0.05719656,0.23529665,0.0062173014,0.11840076,0.02370113,0.24443056,0.055324957,0.7330206,0.0069591273,0.10928808,0.0212761,0.23893903,0.05669572,null,null,null,null,"TWOGAUSSIANS",8,32.46748,0.23529665,0.0062228264,0.4,0.0,0.20204629,0.011960453,0.7330206,0.0069591273,0.4,0.0,0.19660686,0.01398363
375316653866487564,1840000239131040000,0.47074115,2300.8258105447994,3.3450720261883142,3.7916012E-5,16.775148,0.0074720546,0.28155726,0.013952036,0.038567476,0.06301689,0.05187497,0.020280337,null,null,null,null,null,null,0.050633293,0.007318735,0.28155726,0.013952036,"ONEGAUSSIAN_WITH_ELLIPSOIDAL",6,26.407078,0.28155726,0.013952036,0.21597786,0.30344343,0.15314154,0.027607532,null,null,null,null,null,null
375316653866487564,1840007145440143232,0.6742487,2329.569731918511,3.2681920442191736,2.6743157E-6,16.512691,0.015997723,0.32351863,9.6913014E-4,0.057133067,0.0029151228,0.38644055,0.031914648,0.8256298,0.00322435,0.05283405,0.0043258863,0.34664628,0.03285436,0.08225811,0.016811462,0.32351863,9.6913014E-4,"TWOGAUSSIANS_WITH_ELLIPSOIDAL_ON_ECLIPSE1",9,10.6385565,0.32351863,9.6913014E-4,0.3199452,0.016324688,0.550926,0.00713853,0.8256298,0.0031646516,0.29587066,0.024224963,0.5111028,0.004302252
375316653866487564,1840015597933610752,0.60142124,2342.210829261857,0.8766501866579621,2.1157877E-5,18.537832,0.010050621,0.25550917,0.00653733,0.038302556,0.006121656,0.76937,0.058574203,0.7608784,0.0051617124,0.03552359,0.0050406945,0.3291277,0.05068994,0.051544763,0.014687975,0.25550917,0.00653733,"TWOGAUSSIANS_WITH_ELLIPSOIDAL_ON_ECLIPSE1",9,4.9043274,0.25550917,0.00653733,0.2144943,0.034281272,0.87245953,0.05193994,0.7608784,0.0051617124,0.19893211,0.02822789,0.43209994,0.05382401
375316653866487564,1840016044610256384,0.5124161,2321.365811194653,3.34396648317349,4.3469227E-5,18.966768,0.015740095,0.29642886,0.01190153,0.089916304,0.01355655,0.25562024,0.019602366,0.79198307,0.0082550375,0.08061653,0.008340461,0.24178606,0.025201535,null,null,null,null,"TWOGAUSSIANS",8,3.5058916,0.29642886,0.01190153,0.4,0.0,0.24936138,0.01589447,0.79198307,0.0082550375,0.4,0.0,0.23552729,0.022099007
375316653866487564,1840016976619666560,0.5419525,2326.0224155463175,2.093116313792834,2.3051347E-5,15.594932,0.005674871,0.24209866,0.003956043,0.08427877,0.009167651,0.08986368,0.006252138,0.7450713,0.0096331015,0.08013198,0.022336623,0.15432242,0.039211348,null,null,null,null,"TWOGAUSSIANS",8,15.630039,0.7450713,0.0096331015,0.4,0.038422726,0.15216243,0.041441,0.24209866,0.003956043,0.4,0.0,0.087703705,0.005487968
375316653866487564,1840022439818097664,0.5907871,2332.439792476592,3.5861123839180022,1.0304133E-5,17.00211,0.02010421,0.23802085,0.0033888316,0.045494873,0.010207334,0.3320311,0.04341514,0.7644219,0.011421861,0.049934104,0.008388789,0.35379508,0.09035068,0.10368625,0.02530063,0.23802085,0.0033888316,"TWOGAUSSIANS_WITH_ELLIPSOIDAL_ON_ECLIPSE1",9,18.939777,0.7644219,0.011421861,0.279631,0.04697722,0.5555115,0.12009964,0.23802085,0.0033888316,0.2547713,0.05716107,0.53940165,0.051158436
375316653866487564,1840025532195059328,0.6112694,2319.2231383210624,0.3359009033966087,2.3496976E-5,13.531399,0.0023353416,0.26660824,0.015624736,0.02656506,0.0060863066,0.693502,0.38308468,0.78267837,0.026150726,0.02093826,0.015676904,0.066595204,0.029901264,0.012686913,0.0029745274,0.26660824,0.015624736,"TWOGAUSSIANS_WITH_ELLIPSOIDAL_ON_ECLIPSE1",9,53.603363,0.26660824,0.015624736,0.14876434,0.034083318,0.7188758,0.38403705,0.78267837,0.026150726,0.11725426,0.08779066,0.09171121,0.02665289
375316653866487564,1840040409959540096,0.5118856,2296.1471792897887,2.96503678344716,1.771192E-5,17.719961,0.50386995,0.25987503,0.008962321,0.18056728,0.098183185,0.38466647,0.4821457,0.7542005,0.007329506,0.1519768,0.051119108,0.3901039,0.4142958,null,null,null,null,"TWOGAUSSIANS",8,5.300456,0.7542005,0.007329506,0.4,0.0,0.16473271,0.007771462,0.26069504,0.008228526,0.4,0.0,0.14611165,0.021066604
375316653866487564,1840059097363054720,0.57974255,2261.6630772776266,4.008534359781891,1.1490876E-5,18.803238,0.032817293,0.27855992,0.0072672414,0.058094777,0.015766028,0.3544858,0.07733267,0.7721425,0.0042723017,0.047334123,0.0069895373,0.5132855,0.06702489,0.101117425,0.040725417,0.27855992,0.0072672414,"TWOGAUSSIANS_WITH_ELLIPSOIDAL_ON_ECLIPSE1",9,7.657053,0.77256256,0.0038394076,0.2650711,0.03914141,0.7151784,0.040917326,0.27855992,0.0072672414,0.32533073,0.08828976,0.5566859,0.061163962
375316653866487564,1840066214125992192,0.54177314,2320.0606268426804,2.9261990406787297,2.0972617E-5,15.59522,0.014556827,0.21194543,0.0064809173,0.105276056,0.01052622,0.2093524,0.015770134,0.7076856,0.0070459223,0.091908954,0.010898963,0.21722159,0.015885992,null,null,null,null,"TWOGAUSSIANS",8,45.481224,0.7076856,0.0070459223,0.4,0.0,0.20108292,0.010244709,0.21194543,0.0064809173,0.4,0.0,0.1932085,0.0091871265
375316653866487564,1840074078208632064,0.66055167,2358.246567962052,1.5824246187701212,2.6850103E-6,15.434973,0.007020978,0.23527226,0.001078699,0.04530147,0.0018337853,0.57153755,0.023405518,0.73495626,0.007517085,0.04701295,0.009192883,0.0462317,0.018434577,0.017137505,0.008238359,0.23527226,0.001078699,"TWOGAUSSIANS_WITH_ELLIPSOIDAL_ON_ECLIPSE1",9,17.375479,0.23527226,0.001078699,0.25368822,0.010269198,0.6058124,0.02395656,0.73499626,0.007035428,0.26327252,0.051480144,0.080506355,0.009567625
375316653866487564,1840074799763139456,0.51774275,2336.229261118887,3.938524216794367,1.5797055E-5,17.684738,0.019458791,0.2544487,0.0106913475,0.078316346,0.013575059,0.3331875,0.040383257,0.74130505,0.0018996737,0.0756231,0.0058972687,0.4608717,0.030180667,null,null,null,null,"TWOGAUSSIANS",8,34.693768,0.74130505,0.0018996737,0.4,0.0,0.4578565,0.029770084,0.2544487,0.0106913475,0.4,0.0,0.33017233,0.04051094
375316653866487564,1840077793357136256,0.5936776,2290.6595403742576,2.8842530302289724,1.249093E-5,15.752021,0.018155703,0.26957226,0.004018079,0.098380506,0.010474986,0.2572466,0.014470453,0.77313536,0.003410531,0.09186468,0.0073327017,0.2509994,0.017058382,null,null,null,null,"TWOGAUSSIANS",8,23.224045,0.26957226,0.004018079,0.4,0.0,0.24194951,0.00950942,0.77313536,0.003410531,0.4,0.0,0.2357034,0.008627364
375316653866487564,1840078240033757184,0.65185237,2283.876716733247,2.7181239659487595,4.4365293E-6,14.529142,0.0044233873,0.2951132,0.011826483,0.041905634,0.018384019,0.09066007,0.010948973,0.7815699,0.0013384921,0.045505684,0.004827688,0.09904599,0.010122722,0.11356549,0.0060235504,0.7815699,0.0013384921,"TWOGAUSSIANS_WITH_ELLIPSOIDAL_ON_ECLIPSE2",9,48.17289,0.7815699,0.0013384921,0.25483182,0.027035052,0.3261769,0.0048196022,0.2916232,0.008206657,0.23467155,0.102950506,0.31657207,0.00950187
375316653866487564,1840078338816312832,0.67847294,2303.574770036104,1.4492087228398298,1.4082723E-6,16.911066,0.0038679529,0.2071382,0.004383123,0.02833531,0.006936321,0.08274114,0.009933754,0.7019429,7.407961E-4,0.037877996,7.0159364E-4,0.7848516,0.01397253,0.01980503,0.0067625716,0.2071382,0.004383123,"TWOGAUSSIANS_WITH_ELLIPSOIDAL_ON_ECLIPSE1",9,8.086059,0.70197296,7.3093915E-4,0.21211676,0.0039289244,0.8244197,0.012824357,0.2071382,0.004383123,0.15867774,0.038843397,0.122351155,0.008406417
375316653866487564,1840078789789585536,0.45864144,2293.7457176645585,0.7663129950899034,3.2232674E-5,19.536484,0.03428077,0.2851883,0.018329164,0.10436413,0.031377356,0.1692711,0.043412577,0.714942,0.010671369,0.07130316,0.019134168,0.19610207,0.031052224,null,null,null,null,"TWOGAUSSIANS",8,3.0490465,0.714942,0.010671369,0.39929768,0.0550604,0.19432566,0.025833357,0.2851883,0.018329164,0.4,0.0,0.16745943,0.038779497
375316653866487564,1840080262961847424,0.56828845,2302.062142859085,3.1858455987346685,9.251405E-6,16.787495,0.041298434,0.30049217,0.0071660555,0.06394988,0.012794093,0.23330888,0.07901073,0.79075444,0.004038313,0.056720477,0.016188828,0.20170683,0.08413271,0.13991107,0.041799642,0.79075444,0.004038313,"TWOGAUSSIANS_WITH_ELLIPSOIDAL_ON_ECLIPSE2",9,38.910217,0.29777217,0.0044106655,0.35811934,0.06832117,0.5123014,0.022398941,0.79075444,0.004038313,0.31763467,0.090657435,0.48145396,0.012140954
375316653866487564,1840086104117621120,0.44033253,2325.2957026106537,0.09409758910165285,1.8390943E-5,19.204464,0.0060660485,0.29127592,8.617427E-4,0.0077168993,0.0011963142,0.18923934,0.021278236,0.756834,0.042036008,0.06742186,0.019928453,0.12821274,0.03707772,null,null,null,null,"TWOGAUSSIANS",8,3.7620041,0.29127592,8.617427E-4,0.043214638,0.0066993595,0.18923934,0.021278236,0.756834,0.042036008,0.3775624,0.10497973,0.12821274,0.03707772
375316653866487564,1840088165702223872,0.54037714,2303.7412852856996,4.069468380863587,1.7739952E-5,19.125866,0.052079283,0.28232098,0.0031064095,0.042066675,0.0107926335,0.46047774,0.064760715,0.7928791,0.011153704,0.051179223,0.017773136,0.4409105,0.11498264,0.11281513,0.05485299,0.28232098,0.0031064095,"TWOGAUSSIANS_WITH_ELLIPSOIDAL_ON_ECLIPSE1",9,7.687062,0.28232098,0.0031064095,0.23557338,0.06043875,0.6861065,0.063087665,0.7928791,0.011153704,0.28660366,0.099529564,0.6655478,0.13620684
375316653866487564,1840091017559941376,0.5804481,2292.6608315339636,3.459119765166261,1.0290913E-5,18.247223,0.030476818,0.30871353,0.001242477,0.05236496,0.006718285,0.43805012,0.08998276,0.8040705,0.0056857485,0.052506864,0.010364657,0.32031646,0.08311982,0.098871924,0.055790395,0.30871353,0.001242477,"TWOGAUSSIANS_WITH_ELLIPSOIDAL_ON_ECLIPSE1",9,7.4715157,0.30871353,0.001242477,0.2932438,0.037622396,0.6357855,0.068284586,0.8046205,0.004917308,0.29403844,0.058042083,0.51790357,0.03552113
375316653866487564,1840094354751092224,0.47706756,2266.464503213955,0.2054111740704874,3.5923906E-5,16.632404,0.056199882,0.21545453,0.009815041,0.0648596,0.01288608,0.2135447,0.030481316,0.74523884,0.012545542,0.19370337,0.12902926,0.060064238,0.049929425,null,null,null,null,"TWOGAUSSIANS",8,6.5238476,0.21506454,0.009469194,0.36321378,0.07216205,0.20215847,0.03706683,0.74523884,0.012545542,0.4,0.0,0.04409283,0.0089287115
375316653866487564,1840101806518710784,0.5635155,2290.780181689967,0.2341908509049,1.9439633E-5,17.66769,0.0017996888,0.22940192,0.024546959,0.03141389,0.012619816,0.51833946,0.68090874,0.8966977,0.0056299428,0.010025815,0.0030425196,0.016994137,0.0060980087,null,null,null,null,"TWOGAUSSIANS",8,2.5219674,0.22940192,0.024546959,0.17591779,0.07067097,0.51833946,0.68090874,0.8966977,0.0056299428,0.056144565,0.01703811,0.016994137,0.0060980087
375316653866487564,1840101875245369472,0.54338324,2303.278879744235,3.252183489557289,1.14954955E-5,18.698126,0.020642767,0.22824943,0.0032225146,0.08808736,0.006712544,0.3762393,0.021492634,0.71874934,0.0038675694,0.09336692,0.00809564,0.37757534,0.02011111,null,null,null,null,"TWOGAUSSIANS",8,5.202441,0.71874934,0.0038675694,0.4,0.0,0.36295158,0.017635,0.22824943,0.0032225146,0.4,0.0,0.36161596,0.017258791
375316653866487564,1840102287562317696,0.5302499,2318.5849494271397,3.368975842766685,1.4085384E-5,19.884336,0.013564464,0.28576198,0.0067643956,0.022317946,0.010539737,0.22462334,0.12306306,0.7854978,0.0066947197,0.04154671,0.0074840747,0.33993405,0.07612072,0.13408788,0.014942674,0.28576198,0.0067643956,"TWOGAUSSIANS_WITH_ELLIPSOIDAL_ON_ECLIPSE1",9,2.4127233,0.7855278,0.0062594167,0.23266158,0.04191082,0.6081086,0.08076031,0.28576198,0.0067643956,0.1249805,0.059022523,0.49279854,0.12993988
375316653866487564,1840103528800971904,0.511743,2295.2917476894004,2.050026922848621,1.2116592E-5,12.5930395,0.008254983,0.23139277,0.0028891994,0.06687512,0.004149101,0.13399568,0.008738689,0.7047478,0.0028881663,0.071852855,0.004431204,0.2862303,0.014978719,null,null,null,null,"TWOGAUSSIANS",8,276.1895,0.7047478,0.0028881663,0.4,0.007598,0.285937,0.014980225,0.23139277,0.0028891994,0.3745007,0.023234965,0.1337024,0.008522423
375316653866487564,1840107716393272832,0.4665863,2282.1010590061596,1.2139448488203817,4.9825834E-5,19.031572,0.0040812027,0.16100135,0.024055192,0.037010334,0.027406128,0.035455346,0.19183415,0.5983761,0.0035159565,0.019362709,0.002894469,0.25135928,0.08165631,null,null,null,null,"TWOGAUSSIANS",8,1.844484,0.5983761,0.0035159565,0.10843117,0.016209027,0.25135928,0.08165631,0.16100135,0.024055192,0.20725787,0.15347432,0.035455346,0.19183415
375316653866487564,1840108747185532672,0.46986336,2265.6225108153994,2.2353630144667225,2.1789416E-5,19.06472,0.007990176,0.2206638,0.005071735,0.050283145,0.0067191212,0.20857272,0.012813481,0.7132583,0.016454907,0.05617528,0.022940615,0.16790782,0.062409487,null,null,null,null,"TWOGAUSSIANS",8,2.4286983,0.2206638,0.005071735,0.2815856,0.03762708,0.20856838,0.012809637,0.7132583,0.016454907,0.31458157,0.10962751,0.16790348,0.062480684
375316653866487564,1840112874649647616,0.6871537,2321.226109704523,2.354617251991983,2.6388134E-6,14.192962,0.0033571315,0.270068,7.318123E-4,0.04690834,0.0067605926,0.059244663,0.009762158,0.76111025,0.014322313,0.043000598,0.011309236,0.08114929,0.009564749,0.10948675,0.004474018,0.270068,7.318123E-4,"TWOGAUSSIANS_WITH_ELLIPSOIDAL_ON_ECLIPSE1",9,15.97427,0.7636402,0.0123811355,0.24080335,0.06333172,0.29962543,0.009293991,0.270068,7.318123E-4,0.2626867,0.03785932,0.2782181,0.009761224
375316653866487564,1840119226913376128,0.5225405,2279.954546252794,4.39400820616209,1.8072358E-5,19.19828,0.0062508867,0.20704989,0.0051290775,0.053382117,0.0044655316,0.46584475,0.12640458,0.8238298,0.0112772025,0.036109503,0.008903502,0.27352196,0.122816145,null,null,null,null,"TWOGAUSSIANS",8,1.7902336,0.20704989,0.0051290775,0.29893985,0.025006978,0.46584475,0.12640458,0.8238298,0.0112772025,0.20221321,0.04985961,0.27352196,0.122816145
375316653866487564,1840119845382279040,0.5796085,2305.0543809840815,0.3344278462429072,3.8044665E-5,13.11673,0.0010156187,0.20105146,0.0016252339,0.010836649,0.0017613734,0.18115868,0.037156776,0.6688966,0.0029528958,0.011474623,0.0038568438,0.2126717,0.095535204,7.616437E-4,0.0016391344,0.6688966,0.0029528958,"TWOGAUSSIANS_WITH_ELLIPSOIDAL_ON_ECLIPSE2",9,72.99217,0.6688966,0.0029528958,0.06425789,0.021598326,0.21419498,0.09579909,0.20105146,0.0016255523,0.060685232,0.0098636905,0.18262061,0.03733357
