Gaia/vari_eclipsing_binary/VariEclipsingBinary_659257-659320.csv
# %ECSV 1.0
# ---
# delimiter: ','
# meta: !!omap
# - RELEASE: Gaia DR3
# - TABLE: vari_eclipsing_binary
# - DESCRIPTION: >
#     This table describes the properties of the eclipsing binaries resulting from the variability analysis. 
# - CITATION: >
#     How to cite and acknowledge Gaia: 
#     https://gea.esac.esa.int/archive/documentation/credits.html 
# - KNOWN_ISSUES: >
#     Known issues: 
#     https://www.cosmos.esa.int/web/gaia-users/known-issues 
# - DOCUMENTATION: >
#     Tutorials and documentation: 
#     https://www.cosmos.esa.int/web/gaia-users/archive 
# datatype:
# - 
#   name: solution_id
#   datatype: int64
#   description: Solution Identifier
#   meta:
#     ucd: meta.version
# - 
#   name: source_id
#   datatype: int64
#   description: Unique source identifier
#   meta:
#     ucd: meta.id;meta.main
# - 
#   name: global_ranking
#   datatype: float32
#   description: Number between 0 (worst) and 1 (best)
#   meta:
#     ucd: stat.param
# - 
#   name: reference_time
#   datatype: float64
#   unit: d
#   description: Reference time used for the geometric model fit
#   meta:
#     ucd: time.epoch
# - 
#   name: frequency
#   datatype: float64
#   unit: d**-1
#   description: Frequency of geometric model of the eclipsing binary light curve
#   meta:
#     ucd: src.orbital
# - 
#   name: frequency_error
#   datatype: float32
#   unit: d**-1
#   description: "Uncertainty of \\texttt{frequency}"
#   meta:
#     ucd: stat.error
# - 
#   name: geom_model_reference_level
#   datatype: float32
#   unit: mag
#   description: Magnitude reference level of geometric model
#   meta:
#     ucd: phot.mag;em.opt
# - 
#   name: geom_model_reference_level_error
#   datatype: float32
#   unit: mag
#   description: "Uncertainty of \\texttt{geomModelReferenceLevel}"
#   meta:
#     ucd: stat.error;phot.mag;em.opt
# - 
#   name: geom_model_gaussian1_phase
#   datatype: float32
#   description: Phase of the Gaussian 1 component
#   meta:
#     ucd: time.phase
# - 
#   name: geom_model_gaussian1_phase_error
#   datatype: float32
#   description: "Uncertainty of \\texttt{geomModelGaussian1Phase}"
#   meta:
#     ucd: stat.error;time.phase
# - 
#   name: geom_model_gaussian1_sigma
#   datatype: float32
#   description: "Standard deviation [phase] of Gaussian 1 component"
#   meta:
#     ucd: stat.stdev
# - 
#   name: geom_model_gaussian1_sigma_error
#   datatype: float32
#   description: "Uncertainty of \\texttt{geomModelGaussian1Sigma}"
#   meta:
#     ucd: stat.error
# - 
#   name: geom_model_gaussian1_depth
#   datatype: float32
#   unit: mag
#   description: Magnitude depth of Gaussian 1 component
#   meta:
#     ucd: src.var.amplitude
# - 
#   name: geom_model_gaussian1_depth_error
#   datatype: float32
#   unit: mag
#   description: "Uncertainty of \\texttt{geomModelGaussian1Depth}"
#   meta:
#     ucd: stat.error;src.var.amplitude
# - 
#   name: geom_model_gaussian2_phase
#   datatype: float32
#   description: Phase of Gaussian 2 component
#   meta:
#     ucd: time.phase
# - 
#   name: geom_model_gaussian2_phase_error
#   datatype: float32
#   description: "Uncertainty of \\texttt{geomModelGaussian2Phase}"
#   meta:
#     ucd: stat.error;time.phase
# - 
#   name: geom_model_gaussian2_sigma
#   datatype: float32
[...]
#   datatype: float32
#   description: "Secondary eclipse: uncertainty of \\texttt{derivedSecondaryEclDuration}"
#   meta:
#     ucd: stat.error;time.duration
# - 
#   name: derived_secondary_ecl_depth
#   datatype: float32
#   unit: mag
#   description: "Secondary eclipse: depth"
#   meta:
#     ucd: src.var.amplitude
# - 
#   name: derived_secondary_ecl_depth_error
#   datatype: float32
#   unit: mag
#   description: "Secondary eclipse: uncertainty of \\texttt{derivedSecondaryEclDepth}"
#   meta:
#     ucd: stat.error;src.var.amplitude
solution_id,source_id,global_ranking,reference_time,frequency,frequency_error,geom_model_reference_level,geom_model_reference_level_error,geom_model_gaussian1_phase,geom_model_gaussian1_phase_error,geom_model_gaussian1_sigma,geom_model_gaussian1_sigma_error,geom_model_gaussian1_depth,geom_model_gaussian1_depth_error,geom_model_gaussian2_phase,geom_model_gaussian2_phase_error,geom_model_gaussian2_sigma,geom_model_gaussian2_sigma_error,geom_model_gaussian2_depth,geom_model_gaussian2_depth_error,geom_model_cosine_half_period_amplitude,geom_model_cosine_half_period_amplitude_error,geom_model_cosine_half_period_phase,geom_model_cosine_half_period_phase_error,model_type,num_model_parameters,reduced_chi2,derived_primary_ecl_phase,derived_primary_ecl_phase_error,derived_primary_ecl_duration,derived_primary_ecl_duration_error,derived_primary_ecl_depth,derived_primary_ecl_depth_error,derived_secondary_ecl_phase,derived_secondary_ecl_phase_error,derived_secondary_ecl_duration,derived_secondary_ecl_duration_error,derived_secondary_ecl_depth,derived_secondary_ecl_depth_error
[from data line 536]
375316653866487564,5799428987572338304,0.46938917,2256.503663492921,0.031621412910600964,1.8071965E-5,18.423807,0.025509715,0.09497927,0.0019901616,0.0052398634,0.0021654286,0.036494873,0.029583061,0.4981675,0.010569384,0.22164507,0.04182194,0.12317965,0.0233955,null,null,null,null,"TWOGAUSSIANS",8,2.07002,0.4981675,0.010569384,0.4,0.0,0.10384578,0.0058990256,0.09509927,0.002090246,0.029343236,0.0121264,0.043992728,0.029374888
375316653866487564,5799431156551395200,0.61470413,2244.6878452203437,3.5622759060468843,3.3283102E-6,17.27113,0.012435514,0.25399432,0.001326329,0.05516154,0.003890288,0.41247493,0.027561307,0.7508054,0.0035249118,0.053569682,0.004628564,0.4260231,0.049069524,0.10249352,0.015363226,0.25399432,0.001326329,"TWOGAUSSIANS_WITH_ELLIPSOIDAL_ON_ECLIPSE1",9,12.388028,0.7511154,0.00313908,0.29999024,0.025919959,0.63091564,0.055054713,0.25399432,0.001326329,0.30890462,0.021785613,0.61744165,0.024007993
375316653866487564,5799431431429205120,0.575935,2243.9975120681875,2.5613649757573724,5.9113995E-6,15.988822,0.0077296696,0.20445706,0.007056427,0.05176668,0.007617432,0.062962584,0.023180109,0.6829032,0.0019268366,0.0487696,0.015292703,0.07658823,0.021240098,0.110894084,0.0128524,0.6829032,0.0019268366,"TWOGAUSSIANS_WITH_ELLIPSOIDAL_ON_ECLIPSE2",9,39.334183,0.6829032,0.0019268366,0.27310976,0.085639134,0.29837617,0.014951321,0.19518706,0.0038288182,0.28989342,0.04265762,0.28243047,0.008748568
375316653866487564,5799431495833372800,0.48408884,2205.79927125226,0.6524304290220472,1.5146179E-4,18.370848,0.009222912,0.371693,0.024880884,0.028052248,0.011007068,0.33429286,0.13236094,0.62350327,0.041689288,0.10462381,0.14624205,0.025613807,0.01515495,null,null,null,null,"TWOGAUSSIANS",8,5.2462015,0.371773,0.024816256,0.15709259,0.06163958,0.33570802,0.13096717,0.62350327,0.041689288,0.4,0.29530364,0.025613245,0.015132352
375316653866487564,5799432496564445056,0.4543155,2227.5617093272363,0.03168902914408511,2.3261655E-5,19.878458,0.029202338,0.3415205,0.019268377,0.16464765,0.03183092,0.3671429,0.04373872,0.81443214,0.0044335513,0.0054131723,0.0029118285,0.22836341,0.06298043,null,null,null,null,"TWOGAUSSIANS",8,5.429406,0.3415205,0.019268377,0.4,0.0,0.35984227,0.04504775,0.81443214,0.0044335513,0.030313766,0.01630624,0.22918226,0.06278268
375316653866487564,5799432874521806848,0.57008696,2201.4781527080004,3.2870316191043623,5.135889E-6,18.367651,0.0057585062,0.22886145,0.0015318836,0.042570587,0.007999207,0.100183114,0.011651763,0.72286654,0.002396151,0.05071637,0.0036765083,0.22840884,0.01710948,0.11360721,0.007999288,0.22886145,0.0015318836,"TWOGAUSSIANS_WITH_ELLIPSOIDAL_ON_ECLIPSE1",9,3.0180717,0.72387654,0.0018911258,0.2840117,0.020588446,0.45535436,0.016961897,0.22886145,0.0015318836,0.23839529,0.044795558,0.32739675,0.013784795
375316653866487564,5799432904585441408,0.5418374,2240.335122920143,2.9675200495823035,8.164218E-6,17.764788,0.081506856,0.23290168,0.003976313,0.055189926,0.027479036,0.18426013,0.1633269,0.72268975,0.0042176736,0.05776602,0.019932404,0.32331413,0.14827813,0.11459589,0.08485913,0.23290168,0.003976313,"TWOGAUSSIANS_WITH_ELLIPSOIDAL_ON_ECLIPSE1",9,21.804314,0.7242998,0.003740113,0.32348973,0.09256253,0.55169237,0.03782284,0.23290168,0.003976313,0.30906358,0.13685682,0.41343275,0.070824966
375316653866487564,5799434833042905344,0.5615856,2212.5621201876343,2.7885274169971246,7.4279656E-6,17.366726,0.007510158,0.2211871,0.002504993,0.084630296,0.0038317665,0.2883227,0.00894352,0.72104883,0.0025328977,0.09038761,0.0041295625,0.3008793,0.0077920468,null,null,null,null,"TWOGAUSSIANS",8,8.199033,0.72104883,0.0025328977,0.4,0.0,0.29094854,0.0063497867,0.2211871,0.002504993,0.4,0.0,0.27839205,0.008291289
375316653866487564,5799435241057812864,0.647783,2229.8883821579357,0.5742288628110712,2.2136398E-6,16.527899,0.0027881947,0.27753833,0.00266518,0.031246211,9.805394E-4,1.1689987,0.08828913,0.7728636,0.0016410789,0.032837495,0.002795254,0.110408604,0.006498718,0.020243822,0.0041140295,0.27753833,0.00266518,"TWOGAUSSIANS_WITH_ELLIPSOIDAL_ON_ECLIPSE1",9,9.253036,0.27753833,0.00266518,0.1749788,0.0054910206,1.2094864,0.08535309,0.77300364,0.0015717386,0.18388999,0.015653424,0.15086238,0.0061854245
375316653866487564,5799435790803503360,0.4357249,2250.479882482284,0.5220863135042909,5.2768933E-6,17.819643,0.0034025514,0.28343916,0.029636238,0.018745035,0.028476967,0.029469974,0.38978258,0.4743749,0.0019298188,0.018951105,0.0023799161,0.16013901,0.014026112,null,null,null,null,"TWOGAUSSIANS",8,13.27837,0.4743749,0.0019298188,0.10612619,0.013327531,0.16013901,0.014026257,0.28343916,0.029636238,0.10497219,0.15947102,0.029469974,0.38978258
375316653866487564,5799436619749850880,0.57206327,2225.22095734626,4.490720401228503,7.195693E-6,16.956635,0.0045887334,0.2755359,0.0021023056,0.092320874,0.0033604337,0.24117538,0.007779034,0.7649144,0.0017508471,0.08591441,0.0024772238,0.32276744,0.008142262,null,null,null,null,"TWOGAUSSIANS",8,7.2088976,0.7649144,0.0017508471,0.4,0.0,0.31362867,0.008197981,0.2755359,0.0021023056,0.4,0.0,0.2320364,0.008110475
375316653866487564,5799437238225148416,0.4884147,2254.9506719446563,3.4536228739486843,1.2714883E-5,15.681711,0.08291796,0.2277111,0.003924438,0.16139193,0.018515175,0.36760643,0.080105074,0.7301868,0.004218079,0.23435403,0.03136817,0.4349568,0.07952786,null,null,null,null,"TWOGAUSSIANS",8,23.362906,0.2259911,0.00440246,0.4,0.0,0.10010318,0.0061629005,0.7310268,0.0045688897,0.4,0.0,0.08424711,0.0050215623
375316653866487564,5799437513103072000,0.47119266,2243.235306266347,1.7057646621047031,2.687506E-5,16.986872,0.011758279,0.16858704,0.010063674,0.07070286,0.016458731,0.1316864,0.009457841,0.637901,0.0062675015,0.08228999,0.012100325,0.13490765,0.011336764,null,null,null,null,"TWOGAUSSIANS",8,22.52051,0.637901,0.0062675015,0.4,0.0,0.1342587,0.010479773,0.16858704,0.010063674,0.39593598,0.037126414,0.13103746,0.008866945
375316653866487564,5799437783666152576,0.51241237,2240.8339057385974,2.8453339668017743,1.0857187E-5,19.170666,0.033731554,0.20384808,0.008013574,0.08794712,0.02348011,0.22177947,0.03251502,0.6772713,0.0038345396,0.09773958,0.012287307,0.39517203,0.029648304,null,null,null,null,"TWOGAUSSIANS",8,3.6075554,0.6772713,0.0038345396,0.4,0.0,0.38444704,0.026610509,0.20385808,0.008029756,0.4,0.0,0.21105772,0.036085207
375316653866487564,5799438062858346624,0.4522632,2225.7378407725246,2.6659666060125513,6.684212E-5,10.929793,0.037121877,0.24522607,0.009807423,0.2043011,0.057908054,0.39341387,0.06799859,0.7445135,0.008942964,0.20486361,0.050232235,0.394596,0.0830576,null,null,null,null,"TWOGAUSSIANS",8,218.80495,0.7445135,0.008942964,0.4,0.0,0.060336765,0.0056085354,0.24594608,0.010618874,0.4,0.0,0.05992783,0.00571362
375316653866487564,5799438470858313088,0.51303166,2246.635168337661,2.981202865198338,1.2572984E-5,17.473274,0.015266795,0.15216935,0.005409841,0.08648393,0.011884861,0.22233337,0.014315979,0.632647,0.0031284105,0.097838655,0.007927115,0.26126537,0.014956195,null,null,null,null,"TWOGAUSSIANS",8,13.808895,0.632647,0.0031284105,0.4,0.0,0.2521592,0.011250958,0.15216935,0.005409841,0.4,0.0,0.21322887,0.01602729
375316653866487564,5799438990571842816,0.6571384,2238.2076678281082,2.972905613030887,1.9491772E-6,16.534235,0.005585178,0.23331003,0.001235162,0.04727856,0.0018747798,0.37173253,0.013875241,0.7369334,8.359742E-4,0.045387547,0.0021904102,0.2526216,0.014512376,0.12341524,0.009253953,0.7369334,8.359742E-4,"TWOGAUSSIANS_WITH_ELLIPSOIDAL_ON_ECLIPSE2",9,12.404698,0.23369004,0.0010767248,0.26475993,0.010498767,0.61844796,0.0062440764,0.7369334,8.359742E-4,0.25417027,0.012266297,0.4994515,0.0085988175
375316653866487564,5799439054976545920,0.5802288,2195.142034607428,3.3759448406435624,8.27265E-6,18.474834,0.0166606,0.22813623,0.0018137151,0.05463096,0.0044508786,0.37051824,0.03349466,0.72638696,0.003868766,0.05757623,0.0049080336,0.28739905,0.036436938,0.105795726,0.019209342,0.22813623,0.0018137151,"TWOGAUSSIANS_WITH_ELLIPSOIDAL_ON_ECLIPSE1",9,5.7099752,0.22813623,0.0018137151,0.3059334,0.02492492,0.5820786,0.015127988,0.726667,0.0031707776,0.3224269,0.027484987,0.49893796,0.015624572
375316653866487564,5799442770128495360,0.575686,2239.047810057114,3.5715756255852527,3.593831E-6,19.075306,0.009234872,0.23249096,0.0012907406,0.047572337,0.0040001697,0.23347583,0.022803681,0.7305987,0.006820231,0.04618617,0.0069268323,0.28909725,0.052051466,0.11942385,0.013070125,0.23249096,0.0012907406,"TWOGAUSSIANS_WITH_ELLIPSOIDAL_ON_ECLIPSE1",9,2.1230843,0.7308287,0.0062435707,0.25864255,0.038790263,0.52791494,0.057710145,0.23249096,0.0012907406,0.2664051,0.022400951,0.47232315,0.01630846
375316653866487564,5799443491698031232,0.48735178,2248.534059107643,2.603221665807623,1.2709064E-5,17.211071,0.005207602,0.24942465,0.009412778,0.03431432,0.011450592,0.0936615,0.040077124,0.73675734,0.0062258337,0.02800162,0.014633978,0.065410465,0.037739027,0.08844847,0.00771869,0.73675734,0.0062258337,"TWOGAUSSIANS_WITH_ELLIPSOIDAL_ON_ECLIPSE2",9,36.486343,0.24753465,0.008389518,0.19216019,0.06412332,0.2696062,0.039946225,0.73675734,0.0062258337,0.15680908,0.08195028,0.24230705,0.03560519
375316653866487564,5799444762993353728,0.56269115,2252.7584565822426,3.1023801283275736,5.8655824E-6,18.792585,0.006671257,0.21886827,0.0012279159,0.065231755,0.00225118,0.4699105,0.013830754,0.723242,0.004488607,0.06643025,0.0045244712,0.517292,0.012722107,null,null,null,null,"TWOGAUSSIANS",8,3.4227448,0.723242,0.004488607,0.3720094,0.02533704,0.5166501,0.012968727,0.21886827,0.0012279159,0.36529782,0.012606607,0.46926856,0.013874357
375316653866487564,5799445793800645120,0.48567826,2255.116136302312,1.7703798776403346,1.6713731E-5,16.290026,0.014849715,0.23486738,0.0017160823,0.036596805,0.004467865,0.35527778,0.029289396,0.73454356,0.015781142,0.0237803,0.01567433,0.17132649,0.16105844,0.024985276,0.020308128,0.23486738,0.0017160823,"TWOGAUSSIANS_WITH_ELLIPSOIDAL_ON_ECLIPSE1",9,155.1404,0.23486738,0.0017160823,0.2049421,0.025020044,0.40524828,0.03171157,0.73454356,0.015762016,0.13316968,0.08777625,0.22129682,0.16578321
375316653866487564,5799445999959069312,0.5089849,2242.2720671096154,0.6677557839465554,1.3148006E-5,15.979468,0.0019676555,0.3285923,0.0053124335,0.04409826,0.0047515454,0.23854536,0.031523887,0.8574998,0.00785982,0.013877078,0.008764328,0.031577323,0.007393576,0.0057964562,0.0026163661,0.3285923,0.0053124335,"TWOGAUSSIANS_WITH_ELLIPSOIDAL_ON_ECLIPSE1",9,18.975578,0.3285923,0.0053124335,0.24695025,0.026608653,0.25013825,0.031769272,0.8574998,0.00785982,0.077711634,0.049080238,0.04279195,0.0073988508
375316653866487564,5799447477427870080,0.4857294,2252.8354287151224,0.6614541784206849,2.0737318E-5,19.674126,0.0042183907,0.24967411,0.0029695476,0.025840776,0.0030997954,0.33618295,0.05949296,0.6746078,0.022120813,0.019165535,0.011781014,0.069310784,0.046590574,null,null,null,null,"TWOGAUSSIANS",8,1.5483867,0.24967411,0.0029695476,0.14470834,0.017358854,0.33618295,0.05949296,0.6746078,0.022120813,0.10732699,0.06597368,0.069310784,0.046590574
375316653866487564,5799447546132899456,0.4344333,2117.22392268614,0.17464219652601412,5.2257376E-5,18.118732,0.007993032,0.22251204,0.047303546,0.03816922,0.01822539,0.05945901,0.049079567,0.68872505,0.008938539,0.04689094,0.010473019,0.13130961,0.023280099,null,null,null,null,"TWOGAUSSIANS",8,8.80305,0.68872505,0.008938539,0.26258928,0.05864891,0.13130961,0.023280097,0.22251204,0.047303546,0.21374764,0.10206218,0.05945901,0.04907957
375316653866487564,5799447992809647488,0.4841486,2216.977684063133,3.3971122263925366,2.3026261E-5,19.010136,0.027808756,0.28393126,0.009637654,0.1049752,0.016594991,0.19187793,0.027796466,0.79268444,0.004754079,0.10139537,0.01636953,0.20995729,0.02378334,null,null,null,null,"TWOGAUSSIANS",8,2.8705487,0.79268444,0.0047546676,0.4,0.0,0.19076028,0.011246612,0.28393126,0.009637505,0.4,0.0,0.17267843,0.014315656
375316653866487564,5799448095903246976,0.59443444,2233.2302619391057,1.8895956079726073,4.9849687E-6,15.526672,0.0029970089,0.21235193,0.002818364,0.08478819,0.0030401018,0.18049693,0.0048637157,0.71447456,0.0011257093,0.073278695,0.0018556427,0.23277757,0.003849028,null,null,null,null,"TWOGAUSSIANS",8,15.247369,0.71447456,0.0011257093,0.4,0.0,0.23017512,0.0037214423,0.21235193,0.002818364,0.4,0.0,0.17789447,0.004702454
