Gaia/vari_eclipsing_binary/VariEclipsingBinary_053786-053992.csv
# %ECSV 1.0
# ---
# delimiter: ','
# meta: !!omap
# - RELEASE: Gaia DR3
# - TABLE: vari_eclipsing_binary
# - DESCRIPTION: >
#     This table describes the properties of the eclipsing binaries resulting from the variability analysis. 
# - CITATION: >
#     How to cite and acknowledge Gaia: 
#     https://gea.esac.esa.int/archive/documentation/credits.html 
# - KNOWN_ISSUES: >
#     Known issues: 
#     https://www.cosmos.esa.int/web/gaia-users/known-issues 
# - DOCUMENTATION: >
#     Tutorials and documentation: 
#     https://www.cosmos.esa.int/web/gaia-users/archive 
# datatype:
# - 
#   name: solution_id
#   datatype: int64
#   description: Solution Identifier
#   meta:
#     ucd: meta.version
# - 
#   name: source_id
#   datatype: int64
#   description: Unique source identifier
#   meta:
#     ucd: meta.id;meta.main
# - 
#   name: global_ranking
#   datatype: float32
#   description: Number between 0 (worst) and 1 (best)
#   meta:
#     ucd: stat.param
# - 
#   name: reference_time
#   datatype: float64
#   unit: d
#   description: Reference time used for the geometric model fit
#   meta:
#     ucd: time.epoch
# - 
#   name: frequency
#   datatype: float64
#   unit: d**-1
#   description: Frequency of geometric model of the eclipsing binary light curve
#   meta:
#     ucd: src.orbital
# - 
#   name: frequency_error
#   datatype: float32
#   unit: d**-1
#   description: "Uncertainty of \\texttt{frequency}"
#   meta:
#     ucd: stat.error
# - 
#   name: geom_model_reference_level
#   datatype: float32
#   unit: mag
#   description: Magnitude reference level of geometric model
#   meta:
#     ucd: phot.mag;em.opt
# - 
#   name: geom_model_reference_level_error
#   datatype: float32
#   unit: mag
#   description: "Uncertainty of \\texttt{geomModelReferenceLevel}"
#   meta:
#     ucd: stat.error;phot.mag;em.opt
# - 
#   name: geom_model_gaussian1_phase
#   datatype: float32
#   description: Phase of the Gaussian 1 component
#   meta:
#     ucd: time.phase
# - 
#   name: geom_model_gaussian1_phase_error
#   datatype: float32
#   description: "Uncertainty of \\texttt{geomModelGaussian1Phase}"
#   meta:
#     ucd: stat.error;time.phase
# - 
#   name: geom_model_gaussian1_sigma
#   datatype: float32
#   description: "Standard deviation [phase] of Gaussian 1 component"
#   meta:
#     ucd: stat.stdev
# - 
#   name: geom_model_gaussian1_sigma_error
#   datatype: float32
#   description: "Uncertainty of \\texttt{geomModelGaussian1Sigma}"
#   meta:
#     ucd: stat.error
# - 
#   name: geom_model_gaussian1_depth
#   datatype: float32
#   unit: mag
#   description: Magnitude depth of Gaussian 1 component
#   meta:
#     ucd: src.var.amplitude
# - 
#   name: geom_model_gaussian1_depth_error
#   datatype: float32
#   unit: mag
#   description: "Uncertainty of \\texttt{geomModelGaussian1Depth}"
#   meta:
#     ucd: stat.error;src.var.amplitude
# - 
#   name: geom_model_gaussian2_phase
#   datatype: float32
#   description: Phase of Gaussian 2 component
#   meta:
#     ucd: time.phase
# - 
#   name: geom_model_gaussian2_phase_error
#   datatype: float32
#   description: "Uncertainty of \\texttt{geomModelGaussian2Phase}"
#   meta:
#     ucd: stat.error;time.phase
# - 
#   name: geom_model_gaussian2_sigma
#   datatype: float32
[...]
#   datatype: float32
#   description: "Secondary eclipse: uncertainty of \\texttt{derivedSecondaryEclDuration}"
#   meta:
#     ucd: stat.error;time.duration
# - 
#   name: derived_secondary_ecl_depth
#   datatype: float32
#   unit: mag
#   description: "Secondary eclipse: depth"
#   meta:
#     ucd: src.var.amplitude
# - 
#   name: derived_secondary_ecl_depth_error
#   datatype: float32
#   unit: mag
#   description: "Secondary eclipse: uncertainty of \\texttt{derivedSecondaryEclDepth}"
#   meta:
#     ucd: stat.error;src.var.amplitude
solution_id,source_id,global_ranking,reference_time,frequency,frequency_error,geom_model_reference_level,geom_model_reference_level_error,geom_model_gaussian1_phase,geom_model_gaussian1_phase_error,geom_model_gaussian1_sigma,geom_model_gaussian1_sigma_error,geom_model_gaussian1_depth,geom_model_gaussian1_depth_error,geom_model_gaussian2_phase,geom_model_gaussian2_phase_error,geom_model_gaussian2_sigma,geom_model_gaussian2_sigma_error,geom_model_gaussian2_depth,geom_model_gaussian2_depth_error,geom_model_cosine_half_period_amplitude,geom_model_cosine_half_period_amplitude_error,geom_model_cosine_half_period_phase,geom_model_cosine_half_period_phase_error,model_type,num_model_parameters,reduced_chi2,derived_primary_ecl_phase,derived_primary_ecl_phase_error,derived_primary_ecl_duration,derived_primary_ecl_duration_error,derived_primary_ecl_depth,derived_primary_ecl_depth_error,derived_secondary_ecl_phase,derived_secondary_ecl_phase_error,derived_secondary_ecl_duration,derived_secondary_ecl_duration_error,derived_secondary_ecl_depth,derived_secondary_ecl_depth_error
[from data line 217]
375316653866487564,473556295131935232,0.4668693,2161.4627882980485,4.038119132142002,2.5363885E-5,19.07756,0.017840477,0.23016265,0.0096509885,0.08412333,0.017352201,0.16052136,0.017421963,0.7326326,0.010490303,0.09059618,0.016531013,0.13955382,0.021795068,null,null,null,null,"TWOGAUSSIANS",8,2.548206,0.23016265,0.0096509885,0.4,0.0,0.15575182,0.013099245,0.7326326,0.010490303,0.4,0.0,0.13478422,0.019188272
375316653866487564,473557085405913728,0.46858275,2200.8975178948476,0.39354648986383894,2.8597586E-5,14.146286,0.12997018,0.2364757,0.008624027,0.060293823,0.069226615,0.14762327,0.03493381,0.7511588,0.011568289,0.11213512,0.10364256,0.07463842,0.124842644,null,null,null,null,"TWOGAUSSIANS",8,108.999214,0.2364757,0.013011354,0.3376454,0.066169865,0.1455763,0.05841019,0.7511588,0.011098031,0.4,0.0,0.07258307,0.012629769
375316653866487564,473559142690117120,0.50636363,2134.989426925307,0.2430377303598775,6.708951E-5,19.765593,0.012829027,0.20581515,0.03893215,0.050925013,0.09618861,0.04569764,0.05872908,0.6463655,0.008898711,0.026210975,0.0053209215,0.60367745,0.18402672,null,null,null,null,"TWOGAUSSIANS",8,1.4504483,0.6463655,0.008898711,0.14678146,0.029797161,0.60367745,0.18402672,0.20581515,0.03893215,0.28518006,0.53733486,0.04569764,0.058729082
375316653866487564,473560688878337792,0.5508808,2161.446553389055,3.1731121157122586,3.2811415E-6,19.572515,0.016469277,0.18842307,0.0015252725,0.06949961,0.0036357695,0.49037254,0.015552198,0.69554526,0.0011012673,0.06592454,0.002476949,0.6333707,0.027684685,null,null,null,null,"TWOGAUSSIANS",8,1.7159929,0.69554526,0.0011012673,0.36917743,0.0138709145,0.63237035,0.02754638,0.18842307,0.0015252725,0.38919786,0.017002027,0.48937222,0.0152229145
375316653866487564,473560796251477120,0.5741874,2188.3298733234014,2.3223465985576217,8.303768E-6,17.230366,0.004730519,0.2552992,0.0019420653,0.06878824,0.0035350698,0.42880112,0.019494051,0.765384,0.0037978855,0.06782529,0.004012101,0.23897842,0.010565444,null,null,null,null,"TWOGAUSSIANS",8,9.787501,0.2552992,0.0019420653,0.38521412,0.01979639,0.42820048,0.019672569,0.765384,0.0037978855,0.3798216,0.022467766,0.23837776,0.010564006
375316653866487564,473564227931986176,0.6118729,2163.254531797586,1.0603369061966605,6.9259067E-6,17.74661,0.0020092076,0.26570222,3.332392E-4,0.0046685818,2.940327E-4,0.5317598,0.031247882,0.7983091,0.2110855,0.11181047,0.14341956,0.004381631,0.0052043507,null,null,null,null,"TWOGAUSSIANS",8,2.5012825,0.26570222,3.332392E-4,0.026144058,0.0016465831,0.53176016,0.031247804,0.7983091,0.2110855,0.4,0.3281095,0.004381233,0.00520405
375316653866487564,473569420551875200,0.6414082,2187.388833741542,0.05968727397721421,4.6764353E-6,15.922688,0.0035823293,0.2451238,5.2996795E-4,0.020626688,7.110046E-4,0.37130395,0.009812651,0.7493764,0.003582941,0.03870353,0.0077291,0.117361985,0.010848284,0.08249778,0.0042222636,0.2451238,5.2996795E-4,"TWOGAUSSIANS_WITH_ELLIPSOIDAL_ON_ECLIPSE1",9,18.325014,0.2451238,5.2996795E-4,0.11550946,0.0039816257,0.5362994,0.0070263087,0.7493764,0.003582941,0.21673977,0.04328296,0.28223968,0.013412219
375316653866487564,473571379049199872,0.44346932,2177.7761651621677,0.10928854583040902,3.245216E-5,19.12374,0.0857958,0.3960157,0.031432506,0.12364964,0.038784467,0.46983588,0.09056912,0.81591666,0.0061039603,0.06515469,0.007348883,1.1874835,0.20785709,null,null,null,null,"TWOGAUSSIANS",8,6.147081,0.81591666,0.0061039603,0.36486623,0.041153748,1.1783111,0.2071882,0.3960157,0.031432506,0.4,0.0,0.45918405,0.07469159
375316653866487564,473574059116707840,0.6588928,2182.656730911994,1.2716217574404918,8.668855E-6,16.572126,0.0010748224,0.41690424,0.0027999778,0.039594945,0.0023203483,0.43219885,0.028032253,0.66871554,0.08255569,0.055474482,0.05326873,0.0064791436,0.005013562,null,null,null,null,"TWOGAUSSIANS",8,2.7235382,0.41690424,0.002793538,0.2217317,0.01299395,0.43219906,0.028024593,0.66871554,0.08255569,0.31065708,0.1861753,0.006479144,0.005024329
375316653866487564,473574398414109056,0.4726912,2163.359340435869,3.288275615376358,2.3821873E-5,19.114363,0.7329301,0.2152366,0.008738529,0.14259177,0.09151391,0.4064585,0.7043353,0.6996367,0.009403166,0.12270996,0.05897413,0.44861102,0.60501564,null,null,null,null,"TWOGAUSSIANS",8,6.1566124,0.6996367,0.009403166,0.4,0.0,0.32244134,0.038253546,0.21542661,0.00798455,0.4,0.0,0.27868387,0.026734553
375316653866487564,473574810731003520,0.5581667,2181.9815687646446,2.874427883083598,1.2092764E-5,17.685068,0.024263836,0.22216931,0.003969382,0.10248963,0.009376354,0.27603796,0.024230458,0.734331,0.0020191509,0.101254895,0.009796286,0.24612361,0.022544496,null,null,null,null,"TWOGAUSSIANS",8,4.2122684,0.22216931,0.003969382,0.4,0.0,0.2539101,0.014081305,0.734331,0.0020209984,0.4,0.0,0.22399718,0.011873595
375316653866487564,473575566645287808,0.6327388,2182.728312634604,0.5414352981858068,4.2864876E-6,18.297419,0.0031045664,0.7112066,6.763627E-4,0.027474646,5.872904E-4,0.80665344,0.018704975,null,null,null,null,null,null,0.029357681,0.0048809377,0.7112066,6.763627E-4,"ONEGAUSSIAN_WITH_ELLIPSOIDAL",6,3.6600122,0.7112066,6.763627E-4,0.153858,0.0032888262,0.86536866,0.019025635,null,null,null,null,null,null
375316653866487564,473577976118816000,0.55487895,2201.368363858859,3.1711339849473914,3.5285062E-5,18.233242,0.009383264,0.25829414,0.005771855,0.07581605,0.007164343,0.3132904,0.017738407,0.76608664,0.006101763,0.0897263,0.008290988,0.3431999,0.01848278,null,null,null,null,"TWOGAUSSIANS",8,5.5020905,0.76608664,0.006101763,0.4,0.0,0.33726054,0.017934777,0.25829414,0.005771855,0.4,0.0,0.30735117,0.01787225
375316653866487564,473579277497104896,0.4761722,2173.7582237965,4.2284004419390335,2.798742E-5,19.20639,0.0147818355,0.27090016,0.010678945,0.11145999,0.015694095,0.17471297,0.018839182,0.7909282,0.006139487,0.07836421,0.010173681,0.20649022,0.024710951,null,null,null,null,"TWOGAUSSIANS",8,2.6089807,0.79093814,0.0061414978,0.4,0.0,0.19790284,0.025988307,0.27090016,0.010678945,0.4,0.0,0.16610588,0.017188657
375316653866487564,473584916792436096,0.6378182,2142.718518826972,1.5316685876569405,4.918833E-6,17.442673,0.0023439892,0.26323652,0.001635685,0.036744833,0.0015737116,0.40088412,0.030175019,0.7616556,0.0012211979,0.04095268,9.980105E-4,0.35045066,0.009384545,0.035659693,0.0039519058,0.26323652,0.001635685,"TWOGAUSSIANS_WITH_ELLIPSOIDAL_ON_ECLIPSE1",9,2.3864462,0.26323652,0.001635685,0.20577107,0.008812785,0.47220337,0.029547099,0.7616956,0.0011863353,0.229335,0.0055888584,0.42176306,0.007746138
375316653866487564,473586359897598080,0.60060525,2176.8392376607244,2.8511389402843776,5.91968E-6,16.339443,0.004744048,0.28088912,0.0049327267,0.055849,0.0070163994,0.04843249,0.010300065,0.788358,0.0020837912,0.04655755,0.010380388,0.05247493,0.010254785,0.070249744,0.005494762,0.788358,0.0020837912,"TWOGAUSSIANS_WITH_ELLIPSOIDAL_ON_ECLIPSE2",9,6.0253377,0.788358,0.0020837912,0.26072228,0.05813017,0.19297306,0.0052153417,0.28399912,0.0024197192,0.31275442,0.039291836,0.18875022,0.0035884855
375316653866487564,473588279747565696,0.6149036,2146.490424387935,3.4387371278808136,3.5904316E-6,18.821035,0.009568176,0.22314733,0.0015267804,0.04162518,0.0024234895,0.5482487,0.031689968,0.7221215,0.0016651433,0.047604125,0.0029178308,0.56073064,0.0363518,0.123987116,0.015405676,0.22314733,0.0015267804,"TWOGAUSSIANS_WITH_ELLIPSOIDAL_ON_ECLIPSE1",9,2.2990267,0.72220147,0.0015075336,0.26658309,0.016339852,0.8086945,0.037897773,0.22314733,0.0015267804,0.23310101,0.013571541,0.7962221,0.026681617
375316653866487564,473588971241533056,0.5624353,2147.5528019422673,3.028003938078603,6.148659E-6,17.934328,0.0065153083,0.24989896,0.00205012,0.08367341,0.003764818,0.37053382,0.013232764,0.7423917,0.002858164,0.08639351,0.0039060216,0.40719894,0.011949732,null,null,null,null,"TWOGAUSSIANS",8,5.712597,0.7423917,0.002858164,0.4,0.0,0.3981446,0.012211842,0.24989896,0.00205012,0.4,0.0,0.36147952,0.014242373
375316653866487564,473589005602434560,0.51099735,2160.711315861538,1.5370527132402374,1.6241644E-5,17.85286,0.0046835113,0.17245014,0.0030868468,0.053814482,0.0059664696,0.070469886,0.0051411954,0.6921654,0.0073489686,0.0749667,0.011265721,0.14155243,0.010622535,null,null,null,null,"TWOGAUSSIANS",8,3.5914316,0.6921654,0.0073489686,0.4,0.019251194,0.14149183,0.010664928,0.17245014,0.0030868468,0.30136108,0.03341223,0.07040928,0.005099511
375316653866487564,473590306972284288,0.51874816,2142.4553282119473,3.329883528991468,2.7660119E-5,19.847284,0.01382077,0.15553163,0.0040407362,0.07548455,0.005539596,0.3614443,0.022367062,0.6627605,0.008321681,0.07223172,0.009008497,0.38954344,0.025218282,null,null,null,null,"TWOGAUSSIANS",8,1.7911092,0.6627605,0.008321681,0.4,0.014871223,0.38748085,0.024047155,0.15553163,0.0040407362,0.4,0.0,0.35938174,0.022016471
375316653866487564,473590586149233024,0.49973118,2176.354631462328,0.22292412259960437,3.3968117E-5,14.859578,0.0012329442,0.2974597,0.0031075827,0.082174614,0.005834732,0.059409782,0.0043163025,0.8042865,0.0066247247,0.07125071,0.005248957,0.052805327,0.0029861678,null,null,null,null,"TWOGAUSSIANS",8,12.70305,0.2974597,0.0031075827,0.4,0.0,0.05893072,0.004502672,0.8042865,0.0066247247,0.39900395,0.022300232,0.052326266,0.002861652
375316653866487564,473592682093171200,0.5691073,2172.54119814737,0.3580806364476207,9.5241885E-6,15.236762,5.362558E-4,0.3862134,0.04600619,0.031167038,0.025641106,0.0028423716,51.243706,0.86525583,5.4369884E-4,0.0061322595,7.640617E-4,0.12902345,0.015806902,0.0011345247,7.6833984E-4,0.3862134,0.04600619,"TWOGAUSSIANS_WITH_ELLIPSOIDAL_ON_ECLIPSE1",9,5.4004536,0.86525583,5.4369884E-4,0.034340654,0.0042787455,0.13125338,0.01590252,0.3862134,0.04600619,0.17453541,0.1435902,0.0051114205,51.243687
375316653866487564,473593468066638592,0.5506637,2148.3297760220944,3.347517593756511,1.4713201E-5,18.434916,0.014288549,0.21097629,0.004329427,0.07026994,0.008353008,0.17537498,0.036071096,0.69989777,0.0029706154,0.040567644,0.008968523,0.21101847,0.06730213,0.086325824,0.01749686,0.21097629,0.004329427,"TWOGAUSSIANS_WITH_ELLIPSOIDAL_ON_ECLIPSE1",9,4.8935533,0.7009578,0.002855239,0.2271788,0.050223727,0.38261062,0.078693524,0.21097629,0.004329427,0.39351168,0.041078158,0.34772238,0.016739458
375316653866487564,473594812396821120,0.43926635,2161.315359286182,0.7815196323823642,3.532006E-5,18.024002,0.0083381245,0.31352776,0.029660378,0.067701764,0.042378604,0.0625216,0.02335743,0.7952153,0.0051442836,0.066179864,0.010260701,0.074816495,0.009766235,null,null,null,null,"TWOGAUSSIANS",8,5.5802445,0.7952153,0.0051442836,0.37060723,0.055261683,0.074740484,0.009101712,0.31352776,0.029660378,0.3791299,0.16410385,0.06244559,0.023558792
375316653866487564,473595121635855872,0.6004437,2172.598384487534,3.2760190999678196,5.4814313E-6,18.870527,0.00801926,0.27512527,0.0016798715,0.04658376,0.0037436252,0.37066832,0.03734817,0.77409595,0.0014811942,0.043162927,0.0032790322,0.31564415,0.023658974,0.13858299,0.019845778,0.27512527,0.0016798715,"TWOGAUSSIANS_WITH_ELLIPSOIDAL_ON_ECLIPSE1",9,4.6765833,0.27512527,0.0016798715,0.26086906,0.0209643,0.64783394,0.037256084,0.77421594,0.0012557382,0.24171239,0.01836258,0.59279954,0.019900776
375316653866487564,473595568311181184,0.5372269,2166.9353039827624,3.406669387756217,1.7622147E-5,18.643057,0.0149668045,0.21914175,0.0034197934,0.09471311,0.0063580545,0.30458128,0.014976886,0.71089,0.004662716,0.09080878,0.008185487,0.3193414,0.01648458,null,null,null,null,"TWOGAUSSIANS",8,3.6405945,0.71089,0.004662716,0.4,0.0,0.3047232,0.01617054,0.21914175,0.0034197934,0.4,0.0,0.2899627,0.011320237
375316653866487564,473597389378555776,0.44571096,2169.8742780575526,0.27449950080672736,6.204781E-5,17.552025,0.008051669,0.11676343,0.010304028,0.029364685,0.007349628,0.071613915,0.025239216,0.45067513,0.01447912,0.10716957,0.010984655,0.18721929,0.016752446,null,null,null,null,"TWOGAUSSIANS",8,12.09394,0.45067513,0.01447912,0.4,0.0,0.18721224,0.01675153,0.11728343,0.010427755,0.16444224,0.04115792,0.0730778,0.025650857
375316653866487564,473598007853828224,0.6286813,2154.709498442017,1.583566640973652,8.92968E-6,18.599602,0.0027605656,0.238935,0.0061490377,0.059717163,0.008227738,0.11783662,0.025957251,0.74166393,0.0032646828,0.043808855,0.0026322957,0.7644478,0.02034243,null,null,null,null,"TWOGAUSSIANS",8,2.019683,0.74166393,0.0032646828,0.24532959,0.014740855,0.76444405,0.020343615,0.238935,0.0061490377,0.3344161,0.04607533,0.117832825,0.025960283
375316653866487564,473599313522911360,0.5954976,2188.5106097079874,0.38394569451160016,2.9872492E-6,15.04544,0.009802519,0.26337573,6.4911286E-4,0.042124785,0.0019637486,0.51507145,0.020662704,null,null,null,null,null,null,0.028235994,0.012372884,0.26337573,6.4911286E-4,"ONEGAUSSIAN_WITH_ELLIPSOIDAL",6,90.93197,0.26337573,6.4911286E-4,0.2358988,0.010996993,0.57154334,0.016927252,null,null,null,null,null,null
375316653866487564,473602508978375936,0.5728292,2184.6438669197687,3.490096250467223,1.30602675E-5,15.840304,0.0071638813,0.2650674,0.0018949772,0.09292985,0.004175939,0.29441285,0.010797179,0.7697229,0.0033871108,0.08323678,0.004771681,0.25135386,0.008651073,null,null,null,null,"TWOGAUSSIANS",8,34.043972,0.2650674,0.0018949772,0.4,0.0,0.2853983,0.010952009,0.7697229,0.0033871108,0.4,0.0,0.24233961,0.0074344906
375316653866487564,473606700866436224,0.5867334,2194.767163160431,1.472552481082158,1.6165723E-5,16.36609,0.0010833787,0.46515068,3.0312527E-4,0.0136709055,3.2986814E-4,0.51701593,0.018228136,0.79992473,0.012156257,0.034551486,0.009016008,0.021304557,0.0064453916,null,null,null,null,"TWOGAUSSIANS",8,6.192098,0.46515068,3.0312527E-4,0.07655707,0.0018472616,0.51701593,0.018228136,0.79992473,0.012156257,0.19348831,0.050489645,0.021304557,0.0064453916
375316653866487564,473607766018320896,0.6076374,2205.8803855792094,2.900731625591264,7.82999E-6,17.68828,0.00863828,0.23463853,0.0024398486,0.044802457,0.0059791254,0.18529242,0.020242762,0.7384169,0.008138596,0.046168186,0.007090592,0.2164146,0.023967013,0.12039142,0.011066901,0.23463853,0.0024398486,"TWOGAUSSIANS_WITH_ELLIPSOIDAL_ON_ECLIPSE1",9,5.7247252,0.7384169,0.008079033,0.25854185,0.039707314,0.45706144,0.0132855205,0.23463853,0.0024398486,0.25089374,0.0334831,0.42607495,0.010293088
375316653866487564,473608247054641536,0.4450843,2190.2416167243123,2.5378087285517985,5.589047E-5,16.87153,0.00822874,0.30627224,0.014532807,0.073319666,0.022072416,0.07173238,0.00986436,0.79232603,0.016299728,0.1056314,0.021547843,0.08823295,0.016125856,null,null,null,null,"TWOGAUSSIANS",8,25.309654,0.79232603,0.016299728,0.4,0.0,0.08565414,0.016218048,0.30628225,0.014535545,0.4,0.070342615,0.06915644,0.007636724
375316653866487564,473611511229631104,0.41289943,2185.0489998671665,0.06583257683534828,2.0367319E-5,18.27557,0.008758079,0.19657156,0.003394735,0.06400849,0.0050313612,0.14955376,0.014085371,0.6427406,0.021700986,0.09156815,0.023834314,0.05662065,0.010336919,null,null,null,null,"TWOGAUSSIANS",8,5.3456063,0.19657156,0.0033943865,0.35844752,0.028175624,0.14926499,0.013866719,0.6427406,0.021700986,0.4,0.0,0.05633149,0.01027328
375316653866487564,473613160497112320,0.46885172,2200.932853637651,3.2647010467952025,4.1346884E-5,17.033373,0.004518058,null,null,null,null,null,null,null,null,null,null,null,null,0.07309817,0.005856651,0.1759082,0.0079119345,"ELLIPSOIDAL",4,37.33762,null,null,null,null,null,null,null,null,null,null,null,null
