Gaia/vari_eclipsing_binary/VariEclipsingBinary_676926-676964.csv
# %ECSV 1.0
# ---
# delimiter: ','
# meta: !!omap
# - RELEASE: Gaia DR3
# - TABLE: vari_eclipsing_binary
# - DESCRIPTION: >
#     This table describes the properties of the eclipsing binaries resulting from the variability analysis. 
# - CITATION: >
#     How to cite and acknowledge Gaia: 
#     https://gea.esac.esa.int/archive/documentation/credits.html 
# - KNOWN_ISSUES: >
#     Known issues: 
#     https://www.cosmos.esa.int/web/gaia-users/known-issues 
# - DOCUMENTATION: >
#     Tutorials and documentation: 
#     https://www.cosmos.esa.int/web/gaia-users/archive 
# datatype:
# - 
#   name: solution_id
#   datatype: int64
#   description: Solution Identifier
#   meta:
#     ucd: meta.version
# - 
#   name: source_id
#   datatype: int64
#   description: Unique source identifier
#   meta:
#     ucd: meta.id;meta.main
# - 
#   name: global_ranking
#   datatype: float32
#   description: Number between 0 (worst) and 1 (best)
#   meta:
#     ucd: stat.param
# - 
#   name: reference_time
#   datatype: float64
#   unit: d
#   description: Reference time used for the geometric model fit
#   meta:
#     ucd: time.epoch
# - 
#   name: frequency
#   datatype: float64
#   unit: d**-1
#   description: Frequency of geometric model of the eclipsing binary light curve
#   meta:
#     ucd: src.orbital
# - 
#   name: frequency_error
#   datatype: float32
#   unit: d**-1
#   description: "Uncertainty of \\texttt{frequency}"
#   meta:
#     ucd: stat.error
# - 
#   name: geom_model_reference_level
#   datatype: float32
#   unit: mag
#   description: Magnitude reference level of geometric model
#   meta:
#     ucd: phot.mag;em.opt
# - 
#   name: geom_model_reference_level_error
#   datatype: float32
#   unit: mag
#   description: "Uncertainty of \\texttt{geomModelReferenceLevel}"
#   meta:
#     ucd: stat.error;phot.mag;em.opt
# - 
#   name: geom_model_gaussian1_phase
#   datatype: float32
#   description: Phase of the Gaussian 1 component
#   meta:
#     ucd: time.phase
# - 
#   name: geom_model_gaussian1_phase_error
#   datatype: float32
#   description: "Uncertainty of \\texttt{geomModelGaussian1Phase}"
#   meta:
#     ucd: stat.error;time.phase
# - 
#   name: geom_model_gaussian1_sigma
#   datatype: float32
#   description: "Standard deviation [phase] of Gaussian 1 component"
#   meta:
#     ucd: stat.stdev
# - 
#   name: geom_model_gaussian1_sigma_error
#   datatype: float32
#   description: "Uncertainty of \\texttt{geomModelGaussian1Sigma}"
#   meta:
#     ucd: stat.error
# - 
#   name: geom_model_gaussian1_depth
#   datatype: float32
#   unit: mag
#   description: Magnitude depth of Gaussian 1 component
#   meta:
#     ucd: src.var.amplitude
# - 
#   name: geom_model_gaussian1_depth_error
#   datatype: float32
#   unit: mag
#   description: "Uncertainty of \\texttt{geomModelGaussian1Depth}"
#   meta:
#     ucd: stat.error;src.var.amplitude
# - 
#   name: geom_model_gaussian2_phase
#   datatype: float32
#   description: Phase of Gaussian 2 component
#   meta:
#     ucd: time.phase
# - 
#   name: geom_model_gaussian2_phase_error
#   datatype: float32
#   description: "Uncertainty of \\texttt{geomModelGaussian2Phase}"
#   meta:
#     ucd: stat.error;time.phase
# - 
#   name: geom_model_gaussian2_sigma
#   datatype: float32
[...]
#   datatype: float32
#   description: "Secondary eclipse: uncertainty of \\texttt{derivedSecondaryEclDuration}"
#   meta:
#     ucd: stat.error;time.duration
# - 
#   name: derived_secondary_ecl_depth
#   datatype: float32
#   unit: mag
#   description: "Secondary eclipse: depth"
#   meta:
#     ucd: src.var.amplitude
# - 
#   name: derived_secondary_ecl_depth_error
#   datatype: float32
#   unit: mag
#   description: "Secondary eclipse: uncertainty of \\texttt{derivedSecondaryEclDepth}"
#   meta:
#     ucd: stat.error;src.var.amplitude
solution_id,source_id,global_ranking,reference_time,frequency,frequency_error,geom_model_reference_level,geom_model_reference_level_error,geom_model_gaussian1_phase,geom_model_gaussian1_phase_error,geom_model_gaussian1_sigma,geom_model_gaussian1_sigma_error,geom_model_gaussian1_depth,geom_model_gaussian1_depth_error,geom_model_gaussian2_phase,geom_model_gaussian2_phase_error,geom_model_gaussian2_sigma,geom_model_gaussian2_sigma_error,geom_model_gaussian2_depth,geom_model_gaussian2_depth_error,geom_model_cosine_half_period_amplitude,geom_model_cosine_half_period_amplitude_error,geom_model_cosine_half_period_phase,geom_model_cosine_half_period_phase_error,model_type,num_model_parameters,reduced_chi2,derived_primary_ecl_phase,derived_primary_ecl_phase_error,derived_primary_ecl_duration,derived_primary_ecl_duration_error,derived_primary_ecl_depth,derived_primary_ecl_depth_error,derived_secondary_ecl_phase,derived_secondary_ecl_phase_error,derived_secondary_ecl_duration,derived_secondary_ecl_duration_error,derived_secondary_ecl_depth,derived_secondary_ecl_depth_error
[from data line 184]
375316653866487564,5954410923938684544,0.59617597,2329.5648310324436,2.49406227189428,6.8232252E-6,17.437647,0.0070696017,0.25137982,0.003099751,0.075572304,0.0031226366,0.4460973,0.016482864,0.7378456,0.0018411094,0.07383384,0.0024757548,0.48856992,0.014927986,null,null,null,null,"TWOGAUSSIANS",8,7.9454155,0.7378456,0.0018411094,0.4,0.0,0.486032,0.015037369,0.25137982,0.003099751,0.4,0.0,0.4435594,0.016563825
375316653866487564,5954411340577244544,0.55401224,2338.5202398455763,3.905685935745241,1.5997217E-5,17.191029,0.013168997,0.24249588,0.0030065246,0.051362105,0.0107045295,0.27245766,0.09203987,0.73797816,0.006429459,0.03142697,0.008609979,0.20271438,0.029693665,0.14711991,0.017184272,0.24249588,0.0030065246,"TWOGAUSSIANS_WITH_ELLIPSOIDAL_ON_ECLIPSE1",9,42.871777,0.24249588,0.0030065246,0.2876278,0.059945367,0.5666955,0.090937585,0.7384382,0.0056403344,0.17599103,0.04821588,0.49673933,0.014101849
375316653866487564,5954411817308744960,0.54824346,2299.1049860603857,3.4595046980490265,2.2566093E-5,19.749851,0.015252066,0.17030069,0.0045156847,0.07618338,0.005212104,0.645411,0.04348291,0.6744367,0.008229618,0.058739733,0.004728565,0.6023832,0.053629003,null,null,null,null,"TWOGAUSSIANS",8,2.4866583,0.17030069,0.0045156847,0.4,0.0,0.64425635,0.04357703,0.6744367,0.008229618,0.3289425,0.026479963,0.6012285,0.053380363
375316653866487564,5954412057826887808,0.5447062,2262.290231850041,3.2805739732567223,1.2941365E-5,18.647282,0.0076401746,0.26848054,0.0049611856,0.09034847,0.008075127,0.21407908,0.007421709,0.76948524,0.005042452,0.090592265,0.004599046,0.21022353,0.011291055,null,null,null,null,"TWOGAUSSIANS",8,1.3122274,0.26848054,0.0049611856,0.4,0.0,0.20489846,0.00734463,0.76948524,0.005042452,0.4,0.0,0.20104288,0.0092537375
375316653866487564,5954414428632189952,0.5450418,2363.9414419184814,2.157216980039252,1.5658636E-5,16.943712,0.026058821,0.23383585,0.007532307,0.075389504,0.009508744,0.47574005,0.029795002,0.7428687,0.00771532,0.0867648,0.015465789,0.41457194,0.033610445,null,null,null,null,"TWOGAUSSIANS",8,67.35007,0.23383585,0.007532307,0.4,0.0020085336,0.46935746,0.03145637,0.7428687,0.00771532,0.4,0.0,0.40818933,0.03397268
375316653866487564,5954414737871846016,0.5704434,2307.923121364206,2.9848739541843368,1.2219629E-5,18.174128,0.006463417,0.27651727,0.0032856388,0.088397264,0.0060767047,0.26785406,0.010047488,0.77316517,0.0043636085,0.08361563,0.0052971835,0.3083633,0.0073044286,null,null,null,null,"TWOGAUSSIANS",8,3.5709116,0.77316517,0.0043636085,0.4,0.0,0.30044192,0.0058149314,0.27651727,0.0032856388,0.4,0.0,0.25993264,0.010505625
375316653866487564,5954416219645236096,0.5869966,2347.9492145527047,2.87953340174491,6.718986E-6,17.926878,0.0075653195,0.22024249,0.0021632544,0.08842951,0.0035049384,0.40614408,0.016991552,0.7196152,0.006749449,0.08570111,0.004853236,0.4422477,0.01570033,null,null,null,null,"TWOGAUSSIANS",8,4.677638,0.7196152,0.006749449,0.4,0.0,0.42866814,0.013554147,0.22024249,0.0021632544,0.4,0.0,0.39256445,0.01785708
375316653866487564,5954417658466043136,0.6068542,2315.428899764049,3.6872816461280564,4.7192502E-6,18.618645,0.011988206,0.24697967,0.0010426646,0.047348976,0.0034616461,0.31063992,0.026318008,0.7453599,0.0063573928,0.047747787,0.012343818,0.20142093,0.032058522,0.101273336,0.016915081,0.24697967,0.0010426646,"TWOGAUSSIANS_WITH_ELLIPSOIDAL_ON_ECLIPSE1",9,2.7492244,0.24697967,0.0010426646,0.26515427,0.019385219,0.51318616,0.012498134,0.74560994,0.005844604,0.2673876,0.069125384,0.40394938,0.021686563
375316653866487564,5954417834553406208,0.57121336,2332.52996933545,3.048671755607066,1.2275193E-5,17.997852,0.006715081,0.18324743,0.0031432912,0.041344825,0.0078006983,0.14600454,0.016276212,0.63364404,3.942703E-4,0.014938872,0.00113618,0.69060665,0.11196522,0.1333519,0.010060153,0.18324743,0.0031432912,"TWOGAUSSIANS_WITH_ELLIPSOIDAL_ON_ECLIPSE1",9,9.457564,0.63395405,4.0783806E-4,0.08365768,0.006362608,0.9323852,0.12850697,0.18324743,0.0031432912,0.23153102,0.04368391,0.412708,0.010737246
375316653866487564,5954418139487365504,0.66417426,2367.81605915409,1.8191691909161734,6.316101E-6,16.53656,0.0187506,0.22543325,0.0015615576,0.06158144,0.007095387,0.18870261,0.035826676,0.72543174,0.0023633114,0.0649041,0.006139839,0.39039448,0.032350827,0.07254833,0.018791495,0.22543325,0.0015615576,"TWOGAUSSIANS_WITH_ELLIPSOIDAL_ON_ECLIPSE1",9,5.4836655,0.72543174,0.0022864386,0.36346298,0.0343831,0.5352115,0.010585497,0.22543325,0.0015615576,0.34485605,0.039734166,0.33351964,0.01055101
375316653866487564,5954418380007113728,0.47167817,2375.8874097374496,0.14877967335020723,1.818707E-5,19.18633,0.051805828,0.4262705,0.0096959025,0.15959834,0.049555343,0.29428038,0.05319317,0.7915092,0.025356334,0.016036497,0.006972089,3.5727506,15.677684,null,null,null,null,"TWOGAUSSIANS",8,14.783252,0.7915092,0.025356334,0.08980438,0.0390437,3.589963,15.673407,0.4262705,0.0096959025,0.4,0.0,0.28992993,0.05927341
375316653866487564,5954420132351047552,0.5098485,2315.8339247889453,3.0179379031593183,4.104846E-5,18.013502,0.037660748,0.28550926,0.008664311,0.102925554,0.02766573,0.14661579,0.03272308,0.77641344,0.009333584,0.100218125,0.026560735,0.15464799,0.036050566,null,null,null,null,"TWOGAUSSIANS",8,4.986798,0.77641344,0.009333584,0.4,0.0,0.14162561,0.0070887976,0.28550926,0.008661808,0.4,0.0,0.13359235,0.012134959
375316653866487564,5954420716464910464,0.6237223,2340.5041277527725,2.579530429246984,6.8012264E-6,14.855673,0.014541536,0.27499086,0.002477394,0.055877242,0.023223497,0.15145998,0.5870904,0.77672225,0.008696384,0.065064296,0.007819514,0.22347057,0.031618614,0.08967103,0.01500189,0.27499086,0.002477394,"TWOGAUSSIANS_WITH_ELLIPSOIDAL_ON_ECLIPSE1",9,35.66822,0.77672225,0.007783119,0.36436003,0.043789275,0.4026607,0.010780979,0.27499086,0.002477394,0.31291255,0.13005158,0.33067134,0.6070881
375316653866487564,5954421407967473024,0.54533315,2269.0099012400356,0.6403118871245774,6.330417E-5,18.184675,0.025904974,0.22718811,0.008226651,0.067998014,0.0070403283,0.85685647,0.04400857,0.6999271,0.020860573,0.09828304,0.03524951,0.2384633,0.06078374,null,null,null,null,"TWOGAUSSIANS",8,22.371237,0.22718811,0.008227094,0.38078886,0.03942584,0.85184884,0.03932864,0.6999271,0.020860573,0.4,0.010840942,0.23345326,0.06650974
375316653866487564,5954422159578343808,0.44477117,2336.1942506420414,2.0956296050718493,1.9898238E-5,18.044727,0.009090912,0.24483944,0.0028488378,0.010942668,0.0031309393,0.14412406,0.036615305,0.82806844,0.010194348,0.024552735,0.007791174,0.46700487,0.6019791,null,null,null,null,"TWOGAUSSIANS",8,18.199865,0.82806844,0.010194348,0.13749531,0.043630578,0.46700487,0.6019791,0.24483944,0.0028488378,0.06127894,0.017533261,0.14412406,0.036615305
375316653866487564,5954422335680590336,0.5452922,2391.3811633984647,3.307163483608143,1.335388E-5,19.27574,0.015637564,0.24689996,0.0046880106,0.07752273,0.008086637,0.47294074,0.03260819,0.75603473,0.004434534,0.077493235,0.004956875,0.5257255,0.052645173,null,null,null,null,"TWOGAUSSIANS",8,2.6729147,0.75603473,0.004434534,0.4,0.0,0.5211927,0.05255519,0.24689996,0.0046880106,0.4,0.0,0.468408,0.03406868
375316653866487564,5954423847509289088,0.49348405,2340.2564702270465,3.9382693633370165,5.689706E-5,19.565348,0.012142928,0.13040698,0.009985793,0.057623904,0.010226173,0.31326905,0.026379148,0.66117436,0.032160953,0.07675636,0.039574552,0.30415803,0.06725004,null,null,null,null,"TWOGAUSSIANS",8,3.288846,0.13040698,0.009985793,0.32269385,0.057266567,0.31301937,0.026160294,0.66117436,0.032160953,0.4,0.16874327,0.30390835,0.066981174
375316653866487564,5954424736557211136,0.5571235,2358.2584923842505,1.291104447527487,4.3155964E-5,16.45532,0.0077205487,0.21424939,0.015333723,0.026567526,0.01042283,0.81893206,0.3330077,0.7093078,0.009186434,0.038329028,0.008614346,0.4521232,0.12501886,null,null,null,null,"TWOGAUSSIANS",8,95.37696,0.21424939,0.015333723,0.14877814,0.058367845,0.81893206,0.3330077,0.7093078,0.009186434,0.21464257,0.048240338,0.4521232,0.12501886
375316653866487564,5954425221898809984,0.5218839,2366.792004105814,2.7130119922002955,2.2885182E-5,18.886538,0.02388731,0.2509005,0.008305447,0.08907137,0.016804153,0.2538807,0.021616424,0.7469487,0.007893204,0.09040253,0.014514918,0.3086604,0.027364077,null,null,null,null,"TWOGAUSSIANS",8,2.389334,0.7469487,0.007893204,0.4,0.0,0.29779544,0.023810377,0.2509005,0.008305447,0.4,0.0,0.24301584,0.016752068
375316653866487564,5954427627086465792,0.43932256,2440.236315841426,2.0770557548991335,3.7040416E-5,16.19557,0.035021793,0.113585405,0.0035035557,0.016417723,0.00852541,0.45986643,1.3891994,0.4961772,0.024853664,0.14448416,0.06276961,0.19533212,0.09794224,null,null,null,null,"TWOGAUSSIANS",8,7.092681,0.113645405,0.0034115466,0.091939256,0.047742292,0.4647745,1.387961,0.4961772,0.024853664,0.4,0.0,0.1943519,0.099447615
375316653866487564,5954428692238545920,0.50985,2419.430952634941,3.52514621521312,1.692006E-5,19.530613,0.014933751,0.17469795,0.0047082226,0.06872262,0.010967098,0.6256827,0.19429095,0.6622091,0.011440378,0.055706326,0.006180582,0.70396364,0.14080949,null,null,null,null,"TWOGAUSSIANS",8,1.6656902,0.6622091,0.011440378,0.31195542,0.03461126,0.703692,0.14081691,0.17469795,0.0047082226,0.3848467,0.023824593,0.6254111,0.19485028
375316653866487564,5954429276362309120,0.6527503,2386.987965169852,1.512346946820227,8.060843E-6,16.130875,0.009498249,0.25416648,0.0016794216,0.098556586,0.0044702105,0.21631916,0.009200633,0.7523363,0.0018979592,0.09168498,0.0033227874,0.24201784,0.009482714,null,null,null,null,"TWOGAUSSIANS",8,3.83614,0.7523363,0.0018979592,0.4,0.0,0.22795671,0.0055867266,0.25416648,0.0016794216,0.4,0.0,0.2022571,0.0053086695
375316653866487564,5954429345073692160,0.60760593,2384.1581772973864,3.633914038081974,2.1453538E-5,17.365427,0.00918707,0.26213852,0.004642014,0.08767504,0.0063748593,0.44725144,0.015174803,0.74818605,0.003636278,0.08875884,0.004593142,0.30436364,0.014625892,null,null,null,null,"TWOGAUSSIANS",8,7.886752,0.26213852,0.004642014,0.4,0.0,0.43669027,0.015354028,0.74818605,0.003636278,0.4,0.0,0.29380247,0.013446602
375316653866487564,5954429723038891392,0.59456915,2378.1969887930723,0.6407436515813657,5.7650283E-5,15.6171,0.011512597,0.28351715,0.0099792965,0.035112783,0.011585031,0.5592722,0.27165827,0.7798392,0.0044991,0.04131708,0.015582352,0.07659966,0.02109318,0.011407223,0.013497415,0.28351715,0.0099792965,"TWOGAUSSIANS_WITH_ELLIPSOIDAL_ON_ECLIPSE1",9,11.40137,0.28351715,0.0099792965,0.1966316,0.06487617,0.5820866,0.2847104,0.7799792,0.004374881,0.23137565,0.08726117,0.09940239,0.0088831615
375316653866487564,5954430302833713024,0.6315337,2331.2810934442723,4.519870809094956,5.6894282E-6,17.678324,0.013079849,0.15775661,0.001965818,0.04282022,0.0031848042,0.33152524,0.037220407,0.6649117,0.003714238,0.04533749,0.004055759,0.39105108,0.03832335,0.13253574,0.026349338,0.15775661,0.001965818,"TWOGAUSSIANS_WITH_ELLIPSOIDAL_ON_ECLIPSE1",9,8.736845,0.6649117,0.003714238,0.25388995,0.02271225,0.6555867,0.023576513,0.15775661,0.001965818,0.23979321,0.017834904,0.59659624,0.022942925
375316653866487564,5954431166137415424,0.5429567,2340.9855227786857,2.839875792768087,1.1778055E-5,17.877874,0.010616254,0.20897664,0.01725737,0.08214437,0.011558028,0.35362947,0.044039004,0.6842121,0.008328041,0.0798189,0.007901946,0.5036934,0.020424578,null,null,null,null,"TWOGAUSSIANS",8,12.342282,0.6842121,0.008328041,0.4,0.0,0.49927914,0.020674516,0.20897664,0.01725737,0.4,0.0,0.34921524,0.043740954
375316653866487564,5954431299264578048,0.5586933,2333.5468994079542,1.03640808641881,6.0742473E-6,16.534641,0.0062476173,0.21820113,0.009520077,0.017932205,0.011284186,0.68989754,10.047341,0.7136976,0.0042987023,0.028325962,0.005300958,0.2773156,0.07236444,null,null,null,null,"TWOGAUSSIANS",8,44.624413,0.21820113,0.009520077,0.10042035,0.063191436,0.68989754,10.047341,0.7136976,0.0042987023,0.1586254,0.029685365,0.2773156,0.07236444
375316653866487564,5954431441028510720,0.5296217,2339.2408371440843,2.3466917765927593,1.4774802E-5,17.245102,0.016617306,0.10049211,0.005185944,0.03346737,0.0040475377,0.4540669,0.04899001,0.6061897,0.012810273,0.047516197,0.015242671,0.22094633,0.047609877,0.019583747,0.02274264,0.10049211,0.005185944,"TWOGAUSSIANS_WITH_ELLIPSOIDAL_ON_ECLIPSE1",9,55.819572,0.10049211,0.005185944,0.18741727,0.02266621,0.49323425,0.031028816,0.6061897,0.012810273,0.26609072,0.085358955,0.2600635,0.03414771
375316653866487564,5954431745942614656,0.5433038,2392.0663729446137,2.7544334621711015,2.3396458E-5,17.618263,0.011845334,0.13708887,0.004880585,0.089977235,0.0072494685,0.24444841,0.016545117,0.6404376,0.0037806965,0.08522919,0.007672818,0.23622969,0.0128641,null,null,null,null,"TWOGAUSSIANS",8,8.169129,0.13708887,0.004880585,0.4,0.0,0.2366929,0.015799528,0.6404376,0.0037806965,0.4,0.0,0.22847426,0.012012265
375316653866487564,5954431922062171392,0.5594939,2362.608186223715,0.49928218908153327,3.205639E-5,15.548112,0.0043730456,0.15646085,0.0019274827,0.02755015,0.0016085572,0.64302397,0.05701277,null,null,null,null,null,null,null,null,null,null,"ONEGAUSSIAN",5,100.02939,0.15646085,0.0019274827,0.15428084,0.0090079205,0.64302397,0.0,null,null,null,null,null,null
375316653866487564,5954432403090565248,0.45496276,2353.7146601671666,1.369274396022128,6.583331E-5,16.46333,0.0032788594,0.30277628,0.03696999,0.052187655,0.02527431,0.030852737,0.017442163,0.68408984,0.005636932,0.05918772,0.005802356,0.10559705,0.025272518,null,null,null,null,"TWOGAUSSIANS",8,5.0859027,0.68408984,0.005636932,0.33145124,0.032493193,0.10559702,0.025272535,0.30277628,0.03696999,0.29225087,0.14153615,0.030852713,0.017442197
375316653866487564,5954433055922553984,0.5620749,2303.434646902417,3.998112953875384,1.9379617E-5,18.779982,0.019477187,0.2358539,0.010752073,0.07971756,0.018646954,0.4570981,0.08117948,0.72217745,0.004958329,0.0784996,0.0060310275,0.4514894,0.02295595,null,null,null,null,"TWOGAUSSIANS",8,5.614866,0.2358539,0.010752073,0.4,0.0,0.45242643,0.088052355,0.72217745,0.004958329,0.4,0.0,0.44681773,0.01916292
375316653866487564,5954433567007287168,0.54940593,2394.054421416795,0.6002604211179418,7.848005E-6,14.785227,0.002059022,0.7663882,0.0012288787,0.027377142,0.0025395611,0.12864302,0.011306674,null,null,null,null,null,null,0.018281892,0.0034928194,0.7663882,0.0012288787,"ONEGAUSSIAN_WITH_ELLIPSOIDAL",6,35.705402,0.7663882,0.0012288787,0.153312,0.014221542,0.16520679,0.012033332,null,null,null,null,null,null
375316653866487564,5954433811839800192,0.55719554,2363.5071634784304,4.224341492121307,1.1244601E-5,18.949186,0.013764808,0.3156346,0.0031192708,0.08525959,0.00967587,0.28621674,0.019660886,0.8226841,0.0054162857,0.092715904,0.0076848576,0.35372266,0.01916899,null,null,null,null,"TWOGAUSSIANS",8,1.8415011,0.8226841,0.0054162857,0.4,0.0,0.34269145,0.018964933,0.3156346,0.0031192708,0.4,0.0,0.27518585,0.021745885
375316653866487564,5954434395953018112,0.59717476,2260.559359021178,2.819219596367592,1.0140684E-5,18.508902,0.011059733,0.2230145,0.0015616751,0.043798693,0.0048786188,0.28420848,0.042566746,0.72993654,0.0078910515,0.04460838,0.009901318,0.260385,0.023552971,0.122020304,0.018558914,0.2230145,0.0015616751,"TWOGAUSSIANS_WITH_ELLIPSOIDAL_ON_ECLIPSE1",9,2.3439677,0.2230145,0.0015616751,0.24527267,0.027320264,0.52824897,0.043626796,0.72993654,0.007855994,0.24980694,0.05544738,0.5039641,0.016397338
375316653866487564,5954435181918401920,0.59497607,2297.537204362564,1.6290129911289482,7.867292E-6,18.316336,0.0016919158,0.5094601,4.3916714E-4,0.025148096,6.159158E-4,0.6962263,0.07831991,0.318212,0.02396184,0.019326935,0.019647663,0.022097286,0.011804289,null,null,null,null,"TWOGAUSSIANS",8,0.57456803,0.5094601,4.3916714E-4,0.14082934,0.0034491285,0.6962263,0.078319885,0.318212,0.02396184,0.10823083,0.11002691,0.022097286,0.011804289
