Gaia/vari_eclipsing_binary/VariEclipsingBinary_169160-172467.csv
# %ECSV 1.0
# ---
# delimiter: ','
# meta: !!omap
# - RELEASE: Gaia DR3
# - TABLE: vari_eclipsing_binary
# - DESCRIPTION: >
#     This table describes the properties of the eclipsing binaries resulting from the variability analysis. 
# - CITATION: >
#     How to cite and acknowledge Gaia: 
#     https://gea.esac.esa.int/archive/documentation/credits.html 
# - KNOWN_ISSUES: >
#     Known issues: 
#     https://www.cosmos.esa.int/web/gaia-users/known-issues 
# - DOCUMENTATION: >
#     Tutorials and documentation: 
#     https://www.cosmos.esa.int/web/gaia-users/archive 
# datatype:
# - 
#   name: solution_id
#   datatype: int64
#   description: Solution Identifier
#   meta:
#     ucd: meta.version
# - 
#   name: source_id
#   datatype: int64
#   description: Unique source identifier
#   meta:
#     ucd: meta.id;meta.main
# - 
#   name: global_ranking
#   datatype: float32
#   description: Number between 0 (worst) and 1 (best)
#   meta:
#     ucd: stat.param
# - 
#   name: reference_time
#   datatype: float64
#   unit: d
#   description: Reference time used for the geometric model fit
#   meta:
#     ucd: time.epoch
# - 
#   name: frequency
#   datatype: float64
#   unit: d**-1
#   description: Frequency of geometric model of the eclipsing binary light curve
#   meta:
#     ucd: src.orbital
# - 
#   name: frequency_error
#   datatype: float32
#   unit: d**-1
#   description: "Uncertainty of \\texttt{frequency}"
#   meta:
#     ucd: stat.error
# - 
#   name: geom_model_reference_level
#   datatype: float32
#   unit: mag
#   description: Magnitude reference level of geometric model
#   meta:
#     ucd: phot.mag;em.opt
# - 
#   name: geom_model_reference_level_error
#   datatype: float32
#   unit: mag
#   description: "Uncertainty of \\texttt{geomModelReferenceLevel}"
#   meta:
#     ucd: stat.error;phot.mag;em.opt
# - 
#   name: geom_model_gaussian1_phase
#   datatype: float32
#   description: Phase of the Gaussian 1 component
#   meta:
#     ucd: time.phase
# - 
#   name: geom_model_gaussian1_phase_error
#   datatype: float32
#   description: "Uncertainty of \\texttt{geomModelGaussian1Phase}"
#   meta:
#     ucd: stat.error;time.phase
# - 
#   name: geom_model_gaussian1_sigma
#   datatype: float32
#   description: "Standard deviation [phase] of Gaussian 1 component"
#   meta:
#     ucd: stat.stdev
# - 
#   name: geom_model_gaussian1_sigma_error
#   datatype: float32
#   description: "Uncertainty of \\texttt{geomModelGaussian1Sigma}"
#   meta:
#     ucd: stat.error
# - 
#   name: geom_model_gaussian1_depth
#   datatype: float32
#   unit: mag
#   description: Magnitude depth of Gaussian 1 component
#   meta:
#     ucd: src.var.amplitude
# - 
#   name: geom_model_gaussian1_depth_error
#   datatype: float32
#   unit: mag
#   description: "Uncertainty of \\texttt{geomModelGaussian1Depth}"
#   meta:
#     ucd: stat.error;src.var.amplitude
# - 
#   name: geom_model_gaussian2_phase
#   datatype: float32
#   description: Phase of Gaussian 2 component
#   meta:
#     ucd: time.phase
# - 
#   name: geom_model_gaussian2_phase_error
#   datatype: float32
#   description: "Uncertainty of \\texttt{geomModelGaussian2Phase}"
#   meta:
#     ucd: stat.error;time.phase
# - 
#   name: geom_model_gaussian2_sigma
#   datatype: float32
[...]
#   datatype: float32
#   description: "Secondary eclipse: uncertainty of \\texttt{derivedSecondaryEclDuration}"
#   meta:
#     ucd: stat.error;time.duration
# - 
#   name: derived_secondary_ecl_depth
#   datatype: float32
#   unit: mag
#   description: "Secondary eclipse: depth"
#   meta:
#     ucd: src.var.amplitude
# - 
#   name: derived_secondary_ecl_depth_error
#   datatype: float32
#   unit: mag
#   description: "Secondary eclipse: uncertainty of \\texttt{derivedSecondaryEclDepth}"
#   meta:
#     ucd: stat.error;src.var.amplitude
solution_id,source_id,global_ranking,reference_time,frequency,frequency_error,geom_model_reference_level,geom_model_reference_level_error,geom_model_gaussian1_phase,geom_model_gaussian1_phase_error,geom_model_gaussian1_sigma,geom_model_gaussian1_sigma_error,geom_model_gaussian1_depth,geom_model_gaussian1_depth_error,geom_model_gaussian2_phase,geom_model_gaussian2_phase_error,geom_model_gaussian2_sigma,geom_model_gaussian2_sigma_error,geom_model_gaussian2_depth,geom_model_gaussian2_depth_error,geom_model_cosine_half_period_amplitude,geom_model_cosine_half_period_amplitude_error,geom_model_cosine_half_period_phase,geom_model_cosine_half_period_phase_error,model_type,num_model_parameters,reduced_chi2,derived_primary_ecl_phase,derived_primary_ecl_phase_error,derived_primary_ecl_duration,derived_primary_ecl_duration_error,derived_primary_ecl_depth,derived_primary_ecl_depth_error,derived_secondary_ecl_phase,derived_secondary_ecl_phase_error,derived_secondary_ecl_duration,derived_secondary_ecl_duration_error,derived_secondary_ecl_depth,derived_secondary_ecl_depth_error
375316653866487564,1488011004750895104,0.5278273,2184.7715049893827,2.0501099789181443,8.248721E-6,18.657776,0.0047565997,0.3007202,0.014637856,0.012113945,0.0051072827,0.55666894,0.60228825,0.7960629,0.017131174,0.014378258,0.0130311055,0.40107355,214830.42,0.019845651,0.0060460404,0.3007202,0.014637856,"TWOGAUSSIANS_WITH_ELLIPSOIDAL_ON_ECLIPSE1",9,4.183492,0.3007202,0.014637856,0.06783809,0.028600782,0.59636015,0.60074276,0.7960729,0.01712003,0.080518246,0.07297419,0.44073087,214830.42
375316653866487564,1488033063702673024,0.47830775,2180.162054548183,3.148946433608657,5.7485245E-6,18.083048,0.0028464354,0.52065486,2.7695723E-4,0.021735007,0.0016931954,0.24253526,0.014153801,0.9171165,0.02988215,0.027358381,0.03562362,0.022755636,2.13219758E10,null,null,null,null,"TWOGAUSSIANS",8,5.1673603,0.52065486,2.7695723E-4,0.12171604,0.009481894,0.24253526,0.014153801,0.9171165,0.02988215,0.15320693,0.19949229,0.022755636,2.13219758E10
375316653866487564,1488066083411467776,0.50025976,2161.685587221585,3.8071922044528494,1.5960139E-5,19.358095,0.030716177,0.17174907,0.005602127,0.10014584,0.010768677,0.32009056,0.030252447,0.68860817,0.0065082633,0.09677197,0.011872057,0.35434726,0.031321164,null,null,null,null,"TWOGAUSSIANS",8,3.431407,0.68860817,0.00650703,0.4,0.0,0.332883,0.019084014,0.17174907,0.005602127,0.4,0.0,0.29862455,0.015940534
375316653866487564,1488137482947007232,0.4421856,2146.5989536782618,2.2435874719990365,4.660247E-5,12.36717,0.028887743,0.26594856,0.025322372,0.074639715,0.051616497,0.07194289,0.022594372,0.8068355,0.01396601,0.08446392,0.04664846,0.08542457,0.026424026,null,null,null,null,"TWOGAUSSIANS",8,548.17523,0.8068355,0.013948993,0.4,0.0,0.0849379,0.0205399,0.26594856,0.025265977,0.4,0.061531063,0.07145625,0.009949112
375316653866487564,1488252351849240448,0.5083695,2177.949361245955,1.714050599040627,1.24811995E-5,18.41879,0.004231564,0.2510951,0.0020478952,0.025565656,0.001204821,0.28874195,0.019374393,0.7503871,0.0014592528,0.026904125,0.0013012559,0.24395566,0.008825338,null,null,null,null,"TWOGAUSSIANS",8,6.184723,0.2510951,0.0020478952,0.14316767,0.006746998,0.28874195,0.019374393,0.7503871,0.0014592528,0.1506631,0.007287033,0.24395566,0.008825338
375316653866487564,1488332611901633408,0.4635668,2132.99281471405,2.3585104046093432,4.985366E-5,18.949694,0.005649356,0.2970781,0.0043499083,0.021987228,0.0047458014,0.2461927,0.18089953,0.7914564,0.0015063778,0.0131519325,0.0036226788,0.18811047,0.10255633,0.026660405,0.0070458455,0.2970781,0.0043499083,"TWOGAUSSIANS_WITH_ELLIPSOIDAL_ON_ECLIPSE1",9,4.0819798,0.2970781,0.0043499083,0.123128474,0.02657649,0.2995135,0.18142909,0.7914764,0.0015129405,0.07365082,0.020287002,0.24136505,0.10318977
375316653866487564,1488342748024488320,0.63529503,2157.2080755311504,4.325697242520507,4.23617E-6,17.54271,0.0072669415,0.31134963,0.0018578317,0.05039463,0.0043463204,0.20770462,0.017151447,0.80573446,0.0018470723,0.050166767,0.002140585,0.26749587,0.018938228,0.107306845,0.009450169,0.31134963,0.0018578317,"TWOGAUSSIANS_WITH_ELLIPSOIDAL_ON_ECLIPSE1",9,3.522786,0.8065045,0.0015487785,0.2809339,0.011987277,0.48187697,0.009325672,0.31134963,0.0018578317,0.2822099,0.024339395,0.42231604,0.0063208034
375316653866487564,1488500051202971136,0.44801897,2177.6466563459,0.3617180633002109,6.7818495E-5,16.71437,0.0038441578,0.4965126,0.01971028,0.01824681,0.011703916,0.27367386,0.23610547,0.6301953,0.017407313,0.034375917,0.011981575,0.029275376,0.012238389,0.0034926478,0.004949624,0.6301953,0.017407313,"TWOGAUSSIANS_WITH_ELLIPSOIDAL_ON_ECLIPSE2",9,27.13695,0.4965726,0.019545723,0.10218214,0.06554193,0.27680266,0.23615088,0.6301953,0.017407313,0.19250514,0.06709682,0.03626066,0.009826296
375316653866487564,1488518188848481536,0.585444,2173.3814225721944,3.5399810450044065,1.1424779E-5,16.766655,0.01753893,0.26154658,0.0027128602,0.048328206,0.0059233992,0.2661572,0.03702722,0.77331734,0.0023973442,0.05474556,0.0055967104,0.3498504,0.0326308,0.106091484,0.019631095,0.26154658,0.0027128602,"TWOGAUSSIANS_WITH_ELLIPSOIDAL_ON_ECLIPSE1",9,37.074654,0.77331734,0.0023973442,0.30657512,0.03134158,0.56087065,0.017737847,0.26154658,0.0027128602,0.27063796,0.033171035,0.47833598,0.007603103
375316653866487564,1488580830947223040,0.586142,2162.4166359898195,3.450525888764102,4.333795E-6,16.909758,0.0059041195,0.22430961,0.0018252701,0.08458478,0.0033271974,0.28406978,0.0067949393,0.7132945,0.0036249384,0.08919046,0.004314356,0.33513004,0.006899716,null,null,null,null,"TWOGAUSSIANS",8,10.05752,0.7132945,0.0036249384,0.4,0.0,0.32693934,0.006456836,0.22430961,0.0018252701,0.4,0.0,0.27587917,0.0064704698
375316653866487564,1488586942684990848,0.50271827,2165.190657105353,2.0306862999129045,2.7510778E-5,18.494308,0.0029302042,0.29626164,0.014615295,0.034539275,0.01574138,0.092260346,0.009583366,0.8129774,0.003502547,0.026412444,0.0020318849,0.30362564,0.02459858,null,null,null,null,"TWOGAUSSIANS",8,2.908619,0.8129774,0.003502547,0.14790969,0.011378555,0.30362564,0.02459858,0.29626164,0.014615295,0.19341995,0.08815173,0.092260346,0.009583366
375316653866487564,1488738851384416256,0.5417573,2190.4121140001453,3.655461331709145,1.9602561E-5,14.694129,0.07532174,0.2677901,0.00630058,0.06492417,0.012811826,0.2532201,0.15453044,0.778979,0.008316534,0.05215242,0.01750172,0.2789217,0.14009283,0.11932764,0.07581374,0.2677901,0.00630058,"TWOGAUSSIANS_WITH_ELLIPSOIDAL_ON_ECLIPSE1",9,731.3669,0.778979,0.008316534,0.29205358,0.09800962,0.51624715,0.027911302,0.2677901,0.00630058,0.3635754,0.053167008,0.49172312,0.028550537
375316653866487564,1488946036310653568,0.5242274,2131.920093061398,1.454903356357165,1.3690344E-5,19.17652,0.004201878,0.3650532,0.0022339937,0.014552248,0.0021373478,0.37258086,0.05374962,0.86490417,8.778361E-4,0.011386564,6.8864244E-4,0.44450027,0.032112744,null,null,null,null,"TWOGAUSSIANS",8,2.3779745,0.86490417,8.778361E-4,0.06376476,0.0038563975,0.44450027,0.032112744,0.3650532,0.0022339937,0.08149259,0.011969148,0.37258086,0.05374962
375316653866487564,1488953874626770048,0.5631003,2202.6139887796917,2.7371710704989582,9.014475E-6,13.329335,0.12323984,0.24468295,0.0022397598,0.06382852,0.022331933,0.20265952,0.23680222,0.72945523,0.007121578,0.065500855,0.017259547,0.23305008,0.24201964,0.11776178,0.11757678,0.24468295,0.0022397598,"TWOGAUSSIANS_WITH_ELLIPSOIDAL_ON_ECLIPSE1",9,816.3865,0.7333352,0.0036380051,0.36680478,0.0485989,0.46680966,0.01079428,0.24468295,0.0022397598,0.35743973,0.05475867,0.43802294,0.01598393
375316653866487564,1488964418770864000,0.45442227,2160.6028697695406,1.4714225154807874,1.9626277E-5,19.058485,0.0053543863,0.24987394,0.005621049,0.054024044,0.007774215,0.20049825,0.013433249,0.75957,0.008673859,0.07761641,0.009215148,0.06967069,0.009545844,null,null,null,null,"TWOGAUSSIANS",8,2.2502017,0.24987394,0.005621049,0.30253467,0.043535605,0.20038272,0.01353228,0.75957,0.008673859,0.4,0.0,0.06955517,0.009533553
375316653866487564,1488971226294695936,0.4231216,2170.525747803809,1.1586180892140874,2.138761E-5,11.318099,0.09311078,0.25695193,0.045606792,0.36140838,0.03003116,0.257382,0.08402767,0.69426394,0.008415641,0.096365556,0.013024794,0.1291619,0.025964275,null,null,null,null,"TWOGAUSSIANS",8,461.43378,0.69426394,0.008415641,0.4,0.0,0.10658979,0.009476918,0.25710192,0.0456189,0.4,0.0,0.0455215,0.0068351794
375316653866487564,1489051142750004480,0.5810765,2166.598694721815,4.265859164682417,5.4402426E-6,19.372345,0.0086385,0.22320592,0.0020576369,0.038473815,0.0027582478,0.48441076,0.0236247,0.72461253,0.0027726858,0.04527915,0.0027254075,0.5088274,0.03166499,0.11521206,0.014221096,0.22320592,0.0020576369,"TWOGAUSSIANS_WITH_ELLIPSOIDAL_ON_ECLIPSE1",9,3.3513303,0.72461253,0.0027726858,0.25356323,0.015262282,0.7392329,0.029295197,0.22320592,0.0020576369,0.21545336,0.015446188,0.7148343,0.019575063
375316653866487564,1489334443089180800,0.5133842,2154.3984652535414,0.056682663445475796,4.5014123E-5,17.0144,0.0017851113,0.2299835,0.003877239,0.05373659,0.00911433,0.037660662,0.007727665,0.55163974,1.547686E-5,0.00340046,3.2626875E-5,0.38405263,0.0016224107,null,null,null,null,"TWOGAUSSIANS",8,6.101739,0.55163974,1.547686E-5,0.019042576,1.827105E-4,0.38405263,0.0016224125,0.2299835,0.003877239,0.30092493,0.051040247,0.037660662,0.007727665
375316653866487564,1489576885403359616,0.57609105,2164.951075652905,2.764398293346761,5.6066074E-6,13.652666,0.003552753,0.23750257,0.0070829582,0.045746416,0.012025332,0.052958436,0.0084151765,0.7531378,0.0021422023,0.02713534,0.009371526,0.023086958,0.012325504,0.08299722,0.0053492286,0.7531378,0.0021422023,"TWOGAUSSIANS_WITH_ELLIPSOIDAL_ON_ECLIPSE2",9,120.02306,0.24285257,0.00414584,0.25617993,0.067341864,0.21789944,0.005121397,0.7531378,0.0021422023,0.15195791,0.052480545,0.18908116,0.009167268
375316653866487564,1489653267101853696,0.59979236,2148.208058320555,1.7628772937511348,4.4385433E-6,17.501717,0.003082496,0.2732983,0.006086815,0.029237816,0.003810284,0.6757905,0.055892967,0.7709543,9.6344005E-4,0.029367726,6.503262E-4,0.6395588,0.011585305,null,null,null,null,"TWOGAUSSIANS",8,10.697455,0.2732983,0.006086815,0.16373177,0.021337591,0.6757905,0.055892967,0.7709543,9.6344005E-4,0.16445926,0.0036418268,0.6395588,0.011585305
375316653866487564,1489656389541731456,0.5564952,2123.061271320226,3.140484819525588,8.675777E-6,18.04227,0.009610149,0.28670776,0.0023395307,0.04277306,0.006122485,0.16431746,0.024390684,0.78463304,0.0058726035,0.045946,0.009992218,0.1710574,0.020424627,0.095210835,0.01379133,0.28670776,0.0023395307,"TWOGAUSSIANS_WITH_ELLIPSOIDAL_ON_ECLIPSE1",9,6.885773,0.784953,0.0051815733,0.2572976,0.055956416,0.36145148,0.016298302,0.28670776,0.0023395307,0.23952913,0.034285914,0.35473883,0.016789602
375316653866487564,1489682163641805440,0.52362144,2153.3733586643934,1.6099752025816527,1.05936015E-5,12.646588,0.008910824,0.264191,0.02767119,0.048970107,0.0302568,0.03868025,0.037174504,0.73298836,0.0028861116,0.02514765,0.002217823,0.49746278,0.03778152,0.019035753,0.01556122,0.264191,0.02767119,"TWOGAUSSIANS_WITH_ELLIPSOIDAL_ON_ECLIPSE1",9,1579.1729,0.7331084,0.0028714885,0.14082685,0.012419809,0.53409475,0.0358226,0.264191,0.02767119,0.2742326,0.16943808,0.07675163,0.027871836
375316653866487564,1489748237418120576,0.5923695,2142.7648889836496,3.045068122584331,3.817989E-6,14.655545,0.014946593,0.2709235,0.0033333811,0.04651664,0.007964018,0.23713495,0.031092912,0.7627843,0.0038809692,0.05028815,0.007705136,0.28279042,0.033168476,0.093388714,0.019604744,0.2709235,0.0033333811,"TWOGAUSSIANS_WITH_ELLIPSOIDAL_ON_ECLIPSE1",9,217.93079,0.7637343,0.0033302598,0.28161362,0.043148763,0.46913582,0.011667616,0.2709235,0.0033333811,0.2604932,0.044598497,0.42391163,0.017852865
375316653866487564,1489803934554059264,0.48904043,2160.814185897924,2.458500791441304,9.612372E-6,16.519543,0.007708254,0.25928208,0.0037394317,0.032789513,0.0048623723,0.26834604,0.024948746,0.7615421,0.0017540954,0.020512968,0.0029430725,0.13647471,0.020958412,0.039953668,0.0110978745,0.25928208,0.0037394317,"TWOGAUSSIANS_WITH_ELLIPSOIDAL_ON_ECLIPSE1",9,101.414116,0.25928208,0.0037394317,0.18362127,0.027229285,0.34825322,0.022801952,0.7615421,0.0017540954,0.11487263,0.016481206,0.21636577,0.017152863
375316653866487564,1489821973416751616,0.5382598,2177.0901988598685,2.587232284684779,9.665544E-6,17.035585,0.031596467,0.2628461,0.0060738935,0.110810965,0.025656065,0.17438368,0.019417545,0.7444817,0.0038618199,0.11062302,0.011945753,0.19798301,0.030243864,null,null,null,null,"TWOGAUSSIANS",8,6.531757,0.7444817,0.0038618199,0.4,0.0,0.17401683,0.0063182847,0.26287612,0.0061460272,0.4,0.0,0.15041918,0.013924069
375316653866487564,1490038199250439296,0.6025708,2158.009991163742,3.272175833546663,5.1953903E-6,16.986712,0.02321162,0.24654788,0.0018790409,0.062524416,0.0057944055,0.39580682,0.049678136,0.74421906,0.0027197893,0.05605834,0.0048917546,0.39170504,0.050622933,0.0844726,0.028299574,0.24654788,0.0018790409,"TWOGAUSSIANS_WITH_ELLIPSOIDAL_ON_ECLIPSE1",9,27.037865,0.24654788,0.0018790409,0.35013673,0.032448668,0.5646047,0.02316423,0.7444491,0.0024178028,0.3139267,0.027393825,0.5604702,0.023670113
375316653866487564,1490172129214570112,0.5475933,2151.227795654649,3.9238115439697636,9.208887E-6,19.10817,0.009511145,0.22535773,0.004132462,0.07546105,0.0057151904,0.5079338,0.019170348,0.7312146,0.0019446735,0.065896146,0.002006197,0.5223803,0.010458426,null,null,null,null,"TWOGAUSSIANS",8,3.7108827,0.7312146,0.0019446735,0.36901844,0.011234704,0.5206798,0.00968837,0.22535773,0.004132462,0.4,0.0,0.5062333,0.019559383
375316653866487564,1490347535678732416,0.5205543,2179.997683680622,0.5837544069400009,1.440346E-5,18.020638,0.03745952,0.23535804,0.0054962803,0.103592634,0.017348835,0.1682966,0.03544036,0.73640394,0.0082033295,0.11787737,0.03704998,0.14539544,0.025030864,null,null,null,null,"TWOGAUSSIANS",8,2.4762325,0.23535804,0.0055004926,0.4,0.0,0.14434487,0.007081802,0.73640394,0.0082033295,0.4,0.0,0.12141059,0.024456711
375316653866487564,1490401450404246784,0.5408335,2157.1755257433815,4.2537318480763755,1.7220926E-5,17.344078,0.013580032,0.21789664,0.0059531536,0.08684708,0.007622204,0.28753224,0.014257945,0.72912455,0.005271716,0.086765505,0.0077840886,0.30090365,0.014159395,null,null,null,null,"TWOGAUSSIANS",8,18.054731,0.72912455,0.005271716,0.4,0.0,0.2931995,0.011973749,0.21789664,0.0059531536,0.4,0.0,0.2798281,0.01093465
375316653866487564,1490697008577852160,0.48188585,2180.4303506725146,3.8609958548472116,9.7419E-6,18.24485,0.016306343,0.16940461,0.0089731775,0.1058444,0.021056883,0.1103374,0.013769092,0.6585462,0.0039047361,0.09545805,0.012087922,0.14116473,0.015289476,null,null,null,null,"TWOGAUSSIANS",8,2.659104,0.6585462,0.0039047361,0.4,0.0,0.13130043,0.009024938,0.16940461,0.0089731775,0.4,0.0,0.100469954,0.008403363
375316653866487564,1490755252630300544,0.5198124,2159.5073248973495,2.768112506512653,1.5043552E-5,13.352152,0.0193388,0.23721428,0.0054469923,0.1013625,0.013599318,0.14548202,0.018975388,0.75128824,0.004485659,0.109973885,0.013381959,0.1522212,0.018567715,null,null,null,null,"TWOGAUSSIANS",8,201.96623,0.75128824,0.004479187,0.4,0.0,0.13677624,0.0059604943,0.23719427,0.005430127,0.4,0.0,0.1300467,0.0067385975
375316653866487564,1490825793173122944,0.5280745,2165.4865680118605,0.20643285531493658,1.5643469E-5,14.472254,0.0029837596,0.5882065,0.0076998556,0.025208171,0.0072283223,0.0512529,0.0065818503,0.936671,7.051751E-4,0.006269264,9.1218465E-4,0.42106614,0.035848062,null,null,null,null,"TWOGAUSSIANS",8,257.84302,0.936671,7.051751E-4,0.035107877,0.005108234,0.42106614,0.035848062,0.5882065,0.0076998556,0.14116576,0.040478606,0.0512529,0.0065818503
375316653866487564,1490921553764185984,0.4111227,2137.8056281370623,1.127408527797016,1.6831907E-5,15.935237,0.12126279,0.30534422,0.006306116,0.12614915,0.019104455,0.38017407,0.08873032,0.7798506,0.012180734,0.33249992,0.022452705,0.84668624,0.1253505,null,null,null,null,"TWOGAUSSIANS",8,123.3512,0.31431425,0.0065348293,0.4,0.0,0.19719602,0.024739068,0.7798506,0.012180734,0.4,0.0,0.13302359,0.014757167
375316653866487564,1490963915025607552,0.5461711,2123.5309346369722,2.3502581201841917,1.5574338E-5,17.362818,0.0072860727,0.26496065,0.014199947,0.032599516,0.0089149475,0.25983053,0.035614807,0.76426715,0.008945421,0.028130664,0.009348343,0.4850893,1.5442971,0.011554258,0.006038336,0.26496065,0.014199947,"TWOGAUSSIANS_WITH_ELLIPSOIDAL_ON_ECLIPSE1",9,13.105387,0.76426715,0.008945157,0.15753171,0.052350722,0.50819737,1.54765,0.26496065,0.014199947,0.18255728,0.049923703,0.28293905,0.031394623
375316653866487564,1491002539668043648,0.4397528,2141.1690172816084,1.1936773764404431,2.071679E-4,13.509651,0.002453748,0.5885126,0.050254874,0.016400414,0.014818416,0.31331056,0.112537645,null,null,null,null,null,null,0.002098828,0.003161141,0.5885126,0.050254874,"ONEGAUSSIAN_WITH_ELLIPSOIDAL",6,335.7072,0.5885126,0.050254874,0.091842316,0.08298313,0.31750822,0.115546025,null,null,null,null,null,null
