Gaia/vari_eclipsing_binary/VariEclipsingBinary_675545-675568.csv
# %ECSV 1.0
# ---
# delimiter: ','
# meta: !!omap
# - RELEASE: Gaia DR3
# - TABLE: vari_eclipsing_binary
# - DESCRIPTION: >
#     This table describes the properties of the eclipsing binaries resulting from the variability analysis. 
# - CITATION: >
#     How to cite and acknowledge Gaia: 
#     https://gea.esac.esa.int/archive/documentation/credits.html 
# - KNOWN_ISSUES: >
#     Known issues: 
#     https://www.cosmos.esa.int/web/gaia-users/known-issues 
# - DOCUMENTATION: >
#     Tutorials and documentation: 
#     https://www.cosmos.esa.int/web/gaia-users/archive 
# datatype:
# - 
#   name: solution_id
#   datatype: int64
#   description: Solution Identifier
#   meta:
#     ucd: meta.version
# - 
#   name: source_id
#   datatype: int64
#   description: Unique source identifier
#   meta:
#     ucd: meta.id;meta.main
# - 
#   name: global_ranking
#   datatype: float32
#   description: Number between 0 (worst) and 1 (best)
#   meta:
#     ucd: stat.param
# - 
#   name: reference_time
#   datatype: float64
#   unit: d
#   description: Reference time used for the geometric model fit
#   meta:
#     ucd: time.epoch
# - 
#   name: frequency
#   datatype: float64
#   unit: d**-1
#   description: Frequency of geometric model of the eclipsing binary light curve
#   meta:
#     ucd: src.orbital
# - 
#   name: frequency_error
#   datatype: float32
#   unit: d**-1
#   description: "Uncertainty of \\texttt{frequency}"
#   meta:
#     ucd: stat.error
# - 
#   name: geom_model_reference_level
#   datatype: float32
#   unit: mag
#   description: Magnitude reference level of geometric model
#   meta:
#     ucd: phot.mag;em.opt
# - 
#   name: geom_model_reference_level_error
#   datatype: float32
#   unit: mag
#   description: "Uncertainty of \\texttt{geomModelReferenceLevel}"
#   meta:
#     ucd: stat.error;phot.mag;em.opt
# - 
#   name: geom_model_gaussian1_phase
#   datatype: float32
#   description: Phase of the Gaussian 1 component
#   meta:
#     ucd: time.phase
# - 
#   name: geom_model_gaussian1_phase_error
#   datatype: float32
#   description: "Uncertainty of \\texttt{geomModelGaussian1Phase}"
#   meta:
#     ucd: stat.error;time.phase
# - 
#   name: geom_model_gaussian1_sigma
#   datatype: float32
#   description: "Standard deviation [phase] of Gaussian 1 component"
#   meta:
#     ucd: stat.stdev
# - 
#   name: geom_model_gaussian1_sigma_error
#   datatype: float32
#   description: "Uncertainty of \\texttt{geomModelGaussian1Sigma}"
#   meta:
#     ucd: stat.error
# - 
#   name: geom_model_gaussian1_depth
#   datatype: float32
#   unit: mag
#   description: Magnitude depth of Gaussian 1 component
#   meta:
#     ucd: src.var.amplitude
# - 
#   name: geom_model_gaussian1_depth_error
#   datatype: float32
#   unit: mag
#   description: "Uncertainty of \\texttt{geomModelGaussian1Depth}"
#   meta:
#     ucd: stat.error;src.var.amplitude
# - 
#   name: geom_model_gaussian2_phase
#   datatype: float32
#   description: Phase of Gaussian 2 component
#   meta:
#     ucd: time.phase
# - 
#   name: geom_model_gaussian2_phase_error
#   datatype: float32
#   description: "Uncertainty of \\texttt{geomModelGaussian2Phase}"
#   meta:
#     ucd: stat.error;time.phase
# - 
#   name: geom_model_gaussian2_sigma
#   datatype: float32
[...]
#   datatype: float32
#   description: "Secondary eclipse: uncertainty of \\texttt{derivedSecondaryEclDuration}"
#   meta:
#     ucd: stat.error;time.duration
# - 
#   name: derived_secondary_ecl_depth
#   datatype: float32
#   unit: mag
#   description: "Secondary eclipse: depth"
#   meta:
#     ucd: src.var.amplitude
# - 
#   name: derived_secondary_ecl_depth_error
#   datatype: float32
#   unit: mag
#   description: "Secondary eclipse: uncertainty of \\texttt{derivedSecondaryEclDepth}"
#   meta:
#     ucd: stat.error;src.var.amplitude
solution_id,source_id,global_ranking,reference_time,frequency,frequency_error,geom_model_reference_level,geom_model_reference_level_error,geom_model_gaussian1_phase,geom_model_gaussian1_phase_error,geom_model_gaussian1_sigma,geom_model_gaussian1_sigma_error,geom_model_gaussian1_depth,geom_model_gaussian1_depth_error,geom_model_gaussian2_phase,geom_model_gaussian2_phase_error,geom_model_gaussian2_sigma,geom_model_gaussian2_sigma_error,geom_model_gaussian2_depth,geom_model_gaussian2_depth_error,geom_model_cosine_half_period_amplitude,geom_model_cosine_half_period_amplitude_error,geom_model_cosine_half_period_phase,geom_model_cosine_half_period_phase_error,model_type,num_model_parameters,reduced_chi2,derived_primary_ecl_phase,derived_primary_ecl_phase_error,derived_primary_ecl_duration,derived_primary_ecl_duration_error,derived_primary_ecl_depth,derived_primary_ecl_depth_error,derived_secondary_ecl_phase,derived_secondary_ecl_phase_error,derived_secondary_ecl_duration,derived_secondary_ecl_duration_error,derived_secondary_ecl_depth,derived_secondary_ecl_depth_error
[from data line 108]
375316653866487564,5942189547314877312,0.47700012,2114.471281088213,3.212202101160771,2.0730313E-5,19.36436,0.026068421,0.29438862,0.0026081798,0.077151686,0.006342194,0.46373203,0.0321495,0.78505194,0.015964719,0.0773761,0.019049548,0.34426278,0.028367234,null,null,null,null,"TWOGAUSSIANS",8,8.584318,0.29438862,0.0026081798,0.4,0.0,0.46024144,0.030512461,0.78505194,0.015964719,0.4,0.058128357,0.34077215,0.026782656
375316653866487564,5942189581652348544,0.52755165,2150.864445385262,1.5962554601993095,1.2985592E-5,18.880941,0.0055343513,0.2500683,0.0055228057,0.08556555,0.005427091,0.17204975,0.0067622387,0.75242627,0.002656158,0.07939193,0.003609651,0.31974316,0.012631808,null,null,null,null,"TWOGAUSSIANS",8,1.7830266,0.75242627,0.002656158,0.4,0.0,0.31528756,0.012950477,0.2500683,0.0055228057,0.4,0.0,0.16759415,0.005766338
375316653866487564,5942189616012121984,0.4754548,2114.0157557421303,3.396930982709621,2.0246247E-5,19.673483,0.032391265,0.25947726,0.009651948,0.090345025,0.014306765,0.34570062,0.031410083,0.76406497,0.0071760174,0.09440757,0.013964996,0.32823312,0.036625132,null,null,null,null,"TWOGAUSSIANS",8,3.4363198,0.25947726,0.009651948,0.4,0.0,0.3295455,0.026519652,0.76406497,0.0071760174,0.4,0.0,0.3120776,0.033173434
375316653866487564,5942190028351160064,0.5644507,2158.020219092764,1.5439457378726544,5.6795247E-6,17.80573,0.006085617,0.22887552,0.0021622567,0.083836645,0.003174097,0.49009103,0.018052192,0.7354424,0.0019271848,0.072165065,0.0038088425,0.30352744,0.010351232,null,null,null,null,"TWOGAUSSIANS",8,7.455551,0.22887552,0.0021622567,0.4,0.0,0.4860771,0.018647887,0.7354424,0.0019271848,0.4,0.0069406144,0.29951352,0.010690164
375316653866487564,5942190062688386688,0.5287763,2110.692808560131,3.51765235047881,1.8418243E-5,19.619812,0.011335602,0.24782625,0.008670757,0.07727085,0.008493389,0.3899633,0.027024167,0.7364311,0.0060483674,0.08419014,0.006563727,0.49544886,0.018536279,null,null,null,null,"TWOGAUSSIANS",8,2.589132,0.7364311,0.0060483674,0.4,0.0,0.48959592,0.01825705,0.24782625,0.008670757,0.4,0.0,0.38411036,0.026025282
375316653866487564,5942190745560097792,0.4336364,2088.0790250845253,1.9849099517732582,3.9897754E-5,19.835735,0.0067243613,0.75047827,0.0048377602,0.00936332,0.012608375,0.60236925,19.276907,null,null,null,null,null,null,0.06085454,0.014977256,0.75047827,0.0048377602,"ONEGAUSSIAN_WITH_ELLIPSOIDAL",6,4.1713037,0.75047827,0.0048377602,0.052434593,0.0706069,0.7240783,19.27731,null,null,null,null,null,null
375316653866487564,5942190784265433344,0.49327844,2174.4014147356697,0.5318029518319202,6.7900155E-6,16.444065,0.00147637,0.46639013,0.0033047837,0.032540113,0.0024859514,0.1469848,0.0043987203,0.93545306,0.002620902,0.0040196916,0.0023683074,0.02028063,0.20849332,null,null,null,null,"TWOGAUSSIANS",8,9.150871,0.46639013,0.0033047837,0.18222462,0.013921328,0.1469848,0.0043987203,0.93545306,0.002620902,0.022510272,0.0132625215,0.02028063,0.20849332
375316653866487564,5942191437078268032,0.48189554,2162.1889314542527,1.4464115072613366,1.1179925E-5,18.857763,0.00931607,0.1975392,0.009124079,0.085144736,0.019613793,0.08015422,0.01248969,0.6893434,0.0025288812,0.05360188,0.005864193,0.22858079,0.021063816,null,null,null,null,"TWOGAUSSIANS",8,2.5139327,0.6893434,0.0025288812,0.3001705,0.03283948,0.22830085,0.02113669,0.1975392,0.009124079,0.4,0.0,0.07987427,0.012600609
375316653866487564,5942192364813747456,0.6251905,2180.970860661846,0.98139696203015,3.0956035E-6,17.096657,0.0027746188,0.2623767,4.1836133E-4,0.044423956,8.465296E-4,0.3602723,0.0066245906,0.7596365,0.0021851119,0.040987574,0.0034994287,0.06358033,0.0069197887,0.013465426,0.0041442728,0.2623767,4.1836133E-4,"TWOGAUSSIANS_WITH_ELLIPSOIDAL_ON_ECLIPSE1",9,3.456315,0.2623767,4.1836133E-4,0.24877414,0.004740566,0.3872031,0.004074662,0.75978655,0.0020628653,0.22953042,0.019596802,0.09050355,0.004061143
375316653866487564,5942192708390809088,0.4950897,2131.430607863604,0.37905751384580005,3.904321E-5,19.548737,0.00956125,0.2595558,0.003942037,0.025808575,0.0034459576,0.48459983,0.05767934,0.7584644,0.012181175,0.015095208,0.007594394,0.6620568,0.4910432,null,null,null,null,"TWOGAUSSIANS",8,4.634073,0.7584644,0.012181175,0.08453316,0.042528607,0.6620568,0.4910432,0.2595558,0.003942037,0.14452802,0.019297363,0.48459983,0.05767934
375316653866487564,5942192880209847680,0.61340415,2175.699454064883,0.8352028025526796,7.032329E-6,14.254277,8.883856E-4,0.25804573,0.0026918363,0.026325975,0.003419342,0.031992573,0.0037761955,0.75796616,7.8948453E-4,0.026531393,0.0017654736,0.18218651,0.003091302,0.017685942,0.001226116,0.25804573,0.0026918363,"TWOGAUSSIANS_WITH_ELLIPSOIDAL_ON_ECLIPSE1",9,13.780691,0.75796616,7.830548E-4,0.1485758,0.009886652,0.21755838,0.0026661535,0.25804573,0.0026918363,0.14742546,0.019148316,0.067364454,0.002828862
375316653866487564,5942193120707798400,0.471808,2170.416493848547,1.1663429169245498,2.9759834E-5,18.78098,0.24763979,0.29592237,0.009101266,0.06753746,0.022951229,0.27127033,0.11808068,0.81680125,0.052434444,0.08884097,0.28473952,0.09523417,0.22075197,null,null,null,null,"TWOGAUSSIANS",8,6.686664,0.29592237,0.0061933687,0.37820974,0.050192926,0.27013832,0.049578674,0.81680125,0.052434444,0.4,0.018544154,0.09410209,0.04074556
375316653866487564,5942193223787118336,0.58435285,2206.9478768208614,1.1437314147847517,6.3663138E-6,16.635147,0.0065988037,0.23898312,6.7887333E-4,0.04451902,0.0021175141,0.2825844,0.014003883,0.74195784,0.0045845844,0.037162643,0.005192931,0.06472305,0.014468111,0.033747815,0.0074284947,0.23898312,6.7887333E-4,"TWOGAUSSIANS_WITH_ELLIPSOIDAL_ON_ECLIPSE1",9,12.898407,0.23898312,6.7887333E-4,0.2493065,0.01185808,0.35007998,0.009829501,0.74195784,0.004539692,0.20811081,0.029080413,0.13219507,0.003607196
375316653866487564,5942193292526734592,0.510335,2127.5408713624147,2.665718224788808,2.3519495E-5,19.770363,0.01338787,0.21963981,0.004413661,0.019700214,0.007984239,0.33715406,0.07376886,0.7186227,0.0037756644,0.033221178,0.0062940223,0.36677548,0.056437604,0.1974625,0.026540637,0.21963981,0.004413661,"TWOGAUSSIANS_WITH_ELLIPSOIDAL_ON_ECLIPSE1",9,7.6858563,0.7187127,0.0034074502,0.1860386,0.035246525,0.76168525,0.06677846,0.21963981,0.004413661,0.110321194,0.044711735,0.7320786,0.05856738
375316653866487564,5942193601744259712,0.5264096,2135.8704068107454,2.763314709306899,2.043372E-5,19.625662,0.0106909,0.24769019,0.0038109622,0.07495459,0.0050828005,0.39909828,0.022128431,0.75357914,0.009446916,0.07631235,0.007035195,0.35257664,0.03339819,null,null,null,null,"TWOGAUSSIANS",8,1.9560022,0.24769019,0.0038109622,0.4,0.0,0.39630464,0.02224896,0.75357914,0.009446916,0.4,0.005399332,0.349783,0.03314973
375316653866487564,5942194014061568256,0.56351465,2173.157608601691,2.8868889978615266,1.28062375E-5,19.02849,0.0155140925,0.2175423,0.0036396035,0.04220278,0.0085539175,0.2434541,0.041264635,0.71125644,0.00510711,0.04344044,0.011148679,0.36036626,0.037939437,0.093703784,0.023990577,0.2175423,0.0036396035,"TWOGAUSSIANS_WITH_ELLIPSOIDAL_ON_ECLIPSE1",9,3.9290855,0.71170646,0.004586745,0.24326646,0.062432606,0.5475025,0.0520174,0.2175423,0.0036396035,0.23633555,0.047901936,0.43086156,0.04250581
375316653866487564,5942194288938909312,0.49666592,2092.984597976832,2.4932900750966485,3.459857E-5,19.468409,0.018548587,0.22859006,0.008210978,0.09153247,0.011669988,0.29766285,0.024126923,0.71456826,0.0033731554,0.078525886,0.014712035,0.3138308,0.048234686,null,null,null,null,"TWOGAUSSIANS",8,2.6384194,0.71456826,0.0033731554,0.4,0.0,0.30752277,0.05423899,0.22859006,0.008210978,0.4,0.0,0.29135457,0.02293481
375316653866487564,5942194495117558784,0.59999526,2191.418135666435,0.036693562631918905,1.1112201E-6,14.742468,7.069407E-4,0.16744845,2.3633052E-4,0.0037796737,1.5014016E-4,0.32596698,0.012531744,0.6676886,2.1872639E-4,0.0036007795,4.2103874E-4,0.37397778,0.043597247,null,null,null,null,"TWOGAUSSIANS",8,31.85578,0.6676886,2.1872639E-4,0.020164365,0.002357817,0.37397778,0.043597247,0.16744845,2.3633052E-4,0.021166172,8.4078487E-4,0.32596698,0.012531744
375316653866487564,5942194598176487680,0.49830496,2111.9893089724023,2.510451486071014,1.4119503E-5,19.323046,0.00842194,0.22060749,0.0044174916,0.068570994,0.011470978,0.06502934,0.02131923,null,null,null,null,null,null,0.13209209,0.0119205965,0.22060749,0.0044174916,"ONEGAUSSIAN_WITH_ELLIPSOIDAL",6,5.1269155,0.22060749,0.0044174916,0.3839976,0.052590687,0.3291282,0.013732869,null,null,null,null,null,null
375316653866487564,5942194701255876096,0.4597918,2160.9515560108757,0.38135285447708256,6.960217E-5,18.073343,0.0016186527,0.29932317,0.01893129,0.020817215,0.017572397,0.018540457,0.07651962,0.46323076,4.638624E-4,0.010657429,3.5197946E-4,0.16377547,0.005477125,null,null,null,null,"TWOGAUSSIANS",8,2.5880063,0.46323076,4.638624E-4,0.0596816,0.0019710849,0.16377547,0.005477125,0.29932317,0.01893129,0.1165764,0.09840542,0.018540457,0.07651962
375316653866487564,5942195147934233088,0.4906843,2119.3745717763645,2.2673674459255704,2.3333478E-5,19.085768,0.044778254,0.25227603,0.005639754,0.113670744,0.018357515,0.28314447,0.04023016,0.7463043,0.0052856267,0.101691276,0.01556367,0.33053043,0.037723016,null,null,null,null,"TWOGAUSSIANS",8,2.5907664,0.7463043,0.0052856267,0.4,0.0,0.292136,0.02784415,0.25227603,0.0056394762,0.4,0.0,0.24471742,0.015316633
375316653866487564,5942195594609577472,0.5931902,2163.904117566886,0.8657537150521228,2.837764E-6,18.29772,0.0041871495,0.25493878,7.141006E-4,0.036116034,0.0013481438,0.4561584,0.015281928,0.75094235,9.043325E-4,0.034419805,0.0028449234,0.473436,0.0686088,0.023458786,0.0071999826,0.25493878,7.141006E-4,"TWOGAUSSIANS_WITH_ELLIPSOIDAL_ON_ECLIPSE1",9,2.4291158,0.7509824,8.955278E-4,0.1927509,0.01593157,0.52032423,0.075374246,0.25493878,7.141006E-4,0.20224978,0.0075496053,0.50307596,0.016553
375316653866487564,5942195732048373248,0.513602,2110.9559671556444,2.332865280958146,1.7175142E-5,19.053776,0.010696747,0.25140727,0.006288748,0.093088195,0.0065767113,0.29345545,0.027172951,0.74942976,0.003098537,0.079293415,0.007079901,0.33154985,0.018661723,null,null,null,null,"TWOGAUSSIANS",8,2.5804057,0.74942976,0.003098537,0.4,0.0,0.32264546,0.020762969,0.25140727,0.006288748,0.4,0.0,0.28455076,0.027212331
375316653866487564,5942195732068236928,0.54798037,2118.284240794346,0.33504816856171293,6.705007E-6,19.519947,0.0041414686,0.30922565,0.0013689537,0.03029789,0.001230218,0.51062256,0.012354504,0.8497595,0.0037389896,0.008603509,0.0058168564,0.15156247,80299.99,null,null,null,null,"TWOGAUSSIANS",8,1.755285,0.30922565,0.0013689537,0.16966818,0.0068892203,0.51062256,0.012354504,0.8497595,0.0037389896,0.04817965,0.032574397,0.15156247,80299.99
375316653866487564,5942195766408302720,0.5097037,2087.339927336046,2.182061701315901,1.7800481E-5,19.22843,0.011548948,0.30163497,0.0058282646,0.08484049,0.0067084865,0.43148294,0.020369302,0.8142659,0.008207872,0.07644882,0.0110043185,0.2575127,0.05641784,null,null,null,null,"TWOGAUSSIANS",8,2.728738,0.30163497,0.0058282646,0.4,0.0,0.42717132,0.019464577,0.8142659,0.008207872,0.4,0.022826329,0.2532011,0.05774387
375316653866487564,5942196694140961920,0.56269115,2197.8094783040547,0.564016237990688,2.9107252E-5,16.62217,8.2402764E-4,0.4906845,8.3243306E-4,0.032537635,0.0013554613,0.19280834,0.0062533338,0.77960515,0.047420304,0.013848549,0.039132576,0.012491994,2.07428749E9,0.0019269587,0.0011459287,0.77960515,0.047420304,"TWOGAUSSIANS_WITH_ELLIPSOIDAL_ON_ECLIPSE2",9,3.168087,0.4906245,8.14944E-4,0.18221076,0.007590583,0.19303459,0.006268249,0.77960515,0.047420304,0.07755187,0.21914242,0.016345883,2.07428749E9
375316653866487564,5942196728481055104,0.56119454,2166.9686223825433,4.08347280931281,8.589861E-6,18.669622,0.0069715674,0.19820781,0.0017523008,0.066822946,0.0038049687,0.5201902,0.034007147,0.68814886,0.0029823342,0.06828213,0.0039179344,0.45605993,0.01801922,null,null,null,null,"TWOGAUSSIANS",8,4.6230597,0.19820781,0.0017523008,0.3742085,0.021307824,0.51940787,0.034326907,0.68814886,0.0029823342,0.38237992,0.021940432,0.45527756,0.018045574
375316653866487564,5942196831560122624,0.4918122,2180.322546863709,2.336023680831484,2.0875534E-5,17.828733,1.0580214,0.29269272,0.012211537,0.14632465,0.085955665,0.38196525,0.89910895,0.78051555,0.011059066,0.15856941,0.13407683,0.36264977,1.0162972,null,null,null,null,"TWOGAUSSIANS",8,6.7782593,0.2940627,0.0074091293,0.4,0.0,0.20612703,0.015973248,0.78051555,0.011059066,0.4,0.0,0.18394333,0.009795419
375316653866487564,5942197484415009920,0.515676,2200.0640135112976,0.05585217117509021,6.3417247E-6,17.342236,0.0019761156,0.27679932,0.0013661662,0.008481557,0.0015796524,0.086319506,0.007984369,0.7709919,9.3815627E-4,0.008627797,8.462299E-4,0.20512746,0.01787627,null,null,null,null,"TWOGAUSSIANS",8,6.0148926,0.7709919,9.3815627E-4,0.04831566,0.0047388873,0.20512746,0.01787627,0.27679932,0.0013661662,0.047496717,0.008846054,0.086319506,0.007984369
375316653866487564,5942197651862430080,0.48591918,2175.3650082519184,1.830898988181015,1.2529994E-5,18.32727,0.008283921,0.25978923,0.005258226,0.091620736,0.00962995,0.117747396,0.008961488,0.75241053,0.0054042595,0.10056239,0.011385671,0.101585075,0.009208746,null,null,null,null,"TWOGAUSSIANS",8,1.8136101,0.25978923,0.005258226,0.4,0.0,0.11108149,0.007710712,0.75241053,0.0054042595,0.4,0.0,0.09491833,0.008007834
375316653866487564,5942197724933241216,0.44867095,2204.2377923246822,0.4532129462947251,9.961163E-6,16.920603,0.0018581934,0.4183148,0.001069288,0.011801799,0.0013360354,0.12577751,0.021025777,0.9185331,0.01599153,0.012250999,0.012313039,0.21110205,2122.8198,null,null,null,null,"TWOGAUSSIANS",8,12.85466,0.9185331,0.01599153,0.068605594,0.06895302,0.21110205,2122.8198,0.4183148,0.001069288,0.06609007,0.007481798,0.12577751,0.021025777
375316653866487564,5942197965432171520,0.50893134,2119.0288476764467,2.2046548142077795,2.9841283E-5,19.743177,0.004716699,0.16294385,7.247007E-4,0.004734588,6.958531E-4,1.707505,1.6450821,0.43253344,0.02669285,0.019598767,0.013925673,0.18744618,0.16745731,null,null,null,null,"TWOGAUSSIANS",8,2.0202146,0.16294385,7.247007E-4,0.026513694,0.0038967773,1.707505,1.6450821,0.43253344,0.02669285,0.1097531,0.077983774,0.18744618,0.16745731
375316653866487564,5942198274670127488,0.52371407,2136.840305797532,2.6395796393291238,1.2225471E-5,19.421938,0.023300432,0.28817686,0.0049527036,0.102113694,0.013898155,0.40105924,0.02278814,0.7845461,0.0037046236,0.08660066,0.0058164336,0.4904065,0.02288351,null,null,null,null,"TWOGAUSSIANS",8,2.3603673,0.7845461,0.0037046236,0.4,0.0,0.46557373,0.012741212,0.28817686,0.0049527036,0.4,0.0,0.37622148,0.02548398
375316653866487564,5942199026249212032,0.62700355,2176.800284965013,1.2515071454261832,3.3994365E-6,18.086397,0.006242837,0.26578942,0.0011244112,0.0542754,0.0032949562,0.21136469,0.014591491,0.7656824,0.0024839493,0.05118454,0.0032361657,0.23869088,0.013930119,0.11189912,0.0075327232,0.26578942,0.0011244112,"TWOGAUSSIANS_WITH_ELLIPSOIDAL_ON_ECLIPSE1",9,3.0243979,0.76570237,0.0023208798,0.2866334,0.01812253,0.46248174,0.008020075,0.26578942,0.0011244112,0.30394223,0.018451754,0.43515563,0.011511053
375316653866487564,5942199236761743616,0.5576187,2159.461256916281,2.578621314374358,9.25075E-6,18.643469,0.0059533236,0.2850287,0.003602979,0.06748751,0.0042395466,0.4102326,0.0161112,0.78162503,0.0019011104,0.06153095,0.0025216625,0.32497126,0.007493311,null,null,null,null,"TWOGAUSSIANS",8,3.49725,0.2850287,0.003602979,0.37793005,0.023741461,0.40986988,0.016130565,0.78162503,0.0019011104,0.34457332,0.01412131,0.32460856,0.007389422
