Gaia/vari_eclipsing_binary/VariEclipsingBinary_607171-607214.csv
# %ECSV 1.0
# ---
# delimiter: ','
# meta: !!omap
# - RELEASE: Gaia DR3
# - TABLE: vari_eclipsing_binary
# - DESCRIPTION: >
#     This table describes the properties of the eclipsing binaries resulting from the variability analysis. 
# - CITATION: >
#     How to cite and acknowledge Gaia: 
#     https://gea.esac.esa.int/archive/documentation/credits.html 
# - KNOWN_ISSUES: >
#     Known issues: 
#     https://www.cosmos.esa.int/web/gaia-users/known-issues 
# - DOCUMENTATION: >
#     Tutorials and documentation: 
#     https://www.cosmos.esa.int/web/gaia-users/archive 
# datatype:
# - 
#   name: solution_id
#   datatype: int64
#   description: Solution Identifier
#   meta:
#     ucd: meta.version
# - 
#   name: source_id
#   datatype: int64
#   description: Unique source identifier
#   meta:
#     ucd: meta.id;meta.main
# - 
#   name: global_ranking
#   datatype: float32
#   description: Number between 0 (worst) and 1 (best)
#   meta:
#     ucd: stat.param
# - 
#   name: reference_time
#   datatype: float64
#   unit: d
#   description: Reference time used for the geometric model fit
#   meta:
#     ucd: time.epoch
# - 
#   name: frequency
#   datatype: float64
#   unit: d**-1
#   description: Frequency of geometric model of the eclipsing binary light curve
#   meta:
#     ucd: src.orbital
# - 
#   name: frequency_error
#   datatype: float32
#   unit: d**-1
#   description: "Uncertainty of \\texttt{frequency}"
#   meta:
#     ucd: stat.error
# - 
#   name: geom_model_reference_level
#   datatype: float32
#   unit: mag
#   description: Magnitude reference level of geometric model
#   meta:
#     ucd: phot.mag;em.opt
# - 
#   name: geom_model_reference_level_error
#   datatype: float32
#   unit: mag
#   description: "Uncertainty of \\texttt{geomModelReferenceLevel}"
#   meta:
#     ucd: stat.error;phot.mag;em.opt
# - 
#   name: geom_model_gaussian1_phase
#   datatype: float32
#   description: Phase of the Gaussian 1 component
#   meta:
#     ucd: time.phase
# - 
#   name: geom_model_gaussian1_phase_error
#   datatype: float32
#   description: "Uncertainty of \\texttt{geomModelGaussian1Phase}"
#   meta:
#     ucd: stat.error;time.phase
# - 
#   name: geom_model_gaussian1_sigma
#   datatype: float32
#   description: "Standard deviation [phase] of Gaussian 1 component"
#   meta:
#     ucd: stat.stdev
# - 
#   name: geom_model_gaussian1_sigma_error
#   datatype: float32
#   description: "Uncertainty of \\texttt{geomModelGaussian1Sigma}"
#   meta:
#     ucd: stat.error
# - 
#   name: geom_model_gaussian1_depth
#   datatype: float32
#   unit: mag
#   description: Magnitude depth of Gaussian 1 component
#   meta:
#     ucd: src.var.amplitude
# - 
#   name: geom_model_gaussian1_depth_error
#   datatype: float32
#   unit: mag
#   description: "Uncertainty of \\texttt{geomModelGaussian1Depth}"
#   meta:
#     ucd: stat.error;src.var.amplitude
# - 
#   name: geom_model_gaussian2_phase
#   datatype: float32
#   description: Phase of Gaussian 2 component
#   meta:
#     ucd: time.phase
# - 
#   name: geom_model_gaussian2_phase_error
#   datatype: float32
#   description: "Uncertainty of \\texttt{geomModelGaussian2Phase}"
#   meta:
#     ucd: stat.error;time.phase
# - 
#   name: geom_model_gaussian2_sigma
#   datatype: float32
[...]
#   datatype: float32
#   description: "Secondary eclipse: uncertainty of \\texttt{derivedSecondaryEclDuration}"
#   meta:
#     ucd: stat.error;time.duration
# - 
#   name: derived_secondary_ecl_depth
#   datatype: float32
#   unit: mag
#   description: "Secondary eclipse: depth"
#   meta:
#     ucd: src.var.amplitude
# - 
#   name: derived_secondary_ecl_depth_error
#   datatype: float32
#   unit: mag
#   description: "Secondary eclipse: uncertainty of \\texttt{derivedSecondaryEclDepth}"
#   meta:
#     ucd: stat.error;src.var.amplitude
solution_id,source_id,global_ranking,reference_time,frequency,frequency_error,geom_model_reference_level,geom_model_reference_level_error,geom_model_gaussian1_phase,geom_model_gaussian1_phase_error,geom_model_gaussian1_sigma,geom_model_gaussian1_sigma_error,geom_model_gaussian1_depth,geom_model_gaussian1_depth_error,geom_model_gaussian2_phase,geom_model_gaussian2_phase_error,geom_model_gaussian2_sigma,geom_model_gaussian2_sigma_error,geom_model_gaussian2_depth,geom_model_gaussian2_depth_error,geom_model_cosine_half_period_amplitude,geom_model_cosine_half_period_amplitude_error,geom_model_cosine_half_period_phase,geom_model_cosine_half_period_phase_error,model_type,num_model_parameters,reduced_chi2,derived_primary_ecl_phase,derived_primary_ecl_phase_error,derived_primary_ecl_duration,derived_primary_ecl_duration_error,derived_primary_ecl_depth,derived_primary_ecl_depth_error,derived_secondary_ecl_phase,derived_secondary_ecl_phase_error,derived_secondary_ecl_duration,derived_secondary_ecl_duration_error,derived_secondary_ecl_depth,derived_secondary_ecl_depth_error
[from data line 690]
375316653866487564,5341036680076523520,0.44243968,2227.996694537296,3.1863107506240853,2.553504E-5,17.24433,0.00673863,0.30606288,0.010314303,0.08656639,0.022684027,0.067223825,0.012822218,0.8215661,0.0109040905,0.077696845,0.015595295,0.038327247,0.0076088994,null,null,null,null,"TWOGAUSSIANS",8,6.519444,0.30606288,0.010314303,0.4,0.0,0.06647803,0.01374787,0.8215661,0.0109037645,0.4,0.0067598918,0.037581462,0.0064541623
375316653866487564,5341036684397230208,0.49901417,2203.537063085854,3.201912362667541,1.8873341E-5,19.341663,0.01518686,0.21956654,0.0053629777,0.07126669,0.005314055,0.42973784,0.04746875,0.72274125,0.0040521906,0.07433594,0.007680129,0.5211886,0.025969254,null,null,null,null,"TWOGAUSSIANS",8,8.290499,0.72274125,0.0040521906,0.4,0.0012164235,0.5187701,0.026715921,0.21956654,0.0053629777,0.39909345,0.022788212,0.42731932,0.04741382
375316653866487564,5341036753096324736,0.49087512,2219.099960333222,0.5945141538045398,9.515028E-5,19.692863,0.0030589206,0.29274672,0.0013424068,0.019516688,0.002374904,0.08134302,0.016606657,0.5600071,9.715419E-6,0.008933798,7.897361E-5,3.1820364,0.09444719,null,null,null,null,"TWOGAUSSIANS",8,1.222334,0.5600071,9.715419E-6,0.05002927,4.422522E-4,3.1820364,0.09444719,0.29274672,0.0013424068,0.10929345,0.013299462,0.08134302,0.016606657
375316653866487564,5341037092393581568,0.4760901,2222.8373426057387,0.3928436041638442,1.8279594E-5,17.842577,0.005972322,0.08864949,0.0039524804,0.006092711,0.0039324276,0.6127108,2.4196472,0.5732118,0.011555545,0.023223294,0.01356957,0.18281606,0.016273208,null,null,null,null,"TWOGAUSSIANS",8,32.553703,0.08864949,0.0039524804,0.03411918,0.022021595,0.6127108,2.4196472,0.5732118,0.011555545,0.13005045,0.07598959,0.18281606,0.016273208
375316653866487564,5341037886988138368,0.5295739,2244.9086236041426,2.4649923434054886,1.3232497E-5,18.546864,0.015241547,0.28210273,0.0055567846,0.0945986,0.0085645085,0.30349287,0.022766827,0.78270584,0.0018068412,0.08544548,0.0055834474,0.31297275,0.01410783,null,null,null,null,"TWOGAUSSIANS",8,5.380225,0.78270584,0.0018068412,0.4,0.0,0.3000885,0.009252661,0.28210273,0.0055567846,0.4,0.0,0.2906081,0.02176717
375316653866487564,5341037955707624192,0.51510376,2228.8851388379335,1.0605551320156585,9.2847775E-5,18.123976,0.0021501589,0.7604451,0.0010719832,0.014180604,9.045381E-4,0.17679232,0.027093105,0.5713258,0.03641133,0.05126358,0.051704347,0.36108404,1.02163161E11,null,null,null,null,"TWOGAUSSIANS",8,2.1830018,0.5713258,0.03641133,0.28707606,0.28954434,0.36108404,1.02163161E11,0.7604151,0.0010605959,0.07941139,0.0050654137,0.17719299,0.027338862
375316653866487564,5341038161845657728,0.490269,2183.474391750411,3.754818262503593,9.55108E-6,19.82559,0.07165541,0.15413944,0.003621424,0.088700585,0.01647912,0.42578202,0.065131284,0.6508248,0.002892688,0.09743315,0.023608213,0.40759397,0.058354374,null,null,null,null,"TWOGAUSSIANS",8,2.2327864,0.15413944,0.003621424,0.4,0.0,0.40430933,0.04462137,0.6508248,0.002892688,0.4,0.0,0.38611978,0.058025658
375316653866487564,5341038226265193984,0.49411607,2224.7791364622913,2.1427143680850174,1.9112345E-5,17.73654,0.0038122805,0.3541606,0.010971904,0.04556808,0.014671911,0.028438635,0.0038148183,0.5141805,0.0015315262,0.021298086,0.0010785054,0.21737081,0.015297775,null,null,null,null,"TWOGAUSSIANS",8,4.16819,0.5141805,0.0015315262,0.11926928,0.00603963,0.21743052,0.015310021,0.3541606,0.010971904,0.25518125,0.0821627,0.028438635,0.0038148183
375316653866487564,5341038711601722496,0.4992645,2215.061630471083,2.6458732993171763,1.0128558E-5,19.023016,0.0032123951,null,null,null,null,null,null,null,null,null,null,null,null,0.09656139,0.006580536,0.29807374,0.003416679,"ELLIPSOIDAL",4,1.9427359,null,null,null,null,null,null,null,null,null,null,null,null
375316653866487564,5341039497575517568,0.6311848,2220.9370321747656,3.502894955636426,2.3811133E-6,18.310196,0.011011584,0.2924973,0.0017437285,0.044212665,0.004848443,0.5379222,0.030623136,0.7923386,0.0018115743,0.0444308,0.0035375706,0.45647493,0.023112059,0.14727475,0.013076258,0.2924973,0.0017437285,"TWOGAUSSIANS_WITH_ELLIPSOIDAL_ON_ECLIPSE1",9,2.8697104,0.2924973,0.0017437285,0.24759093,0.027151281,0.83247155,0.04500823,0.7923486,0.0017202947,0.24881248,0.019810395,0.751024,0.013498279
375316653866487564,5341039669376367104,0.578013,2222.430517681518,2.80572889087092,1.1556496E-5,18.737032,0.017558385,0.23576698,0.004037576,0.0460658,0.010419711,0.21326983,0.04827259,0.7412589,0.002836794,0.04653195,0.0052064536,0.34438813,0.036396578,0.13235797,0.020212447,0.23576698,0.004037576,"TWOGAUSSIANS_WITH_ELLIPSOIDAL_ON_ECLIPSE1",9,5.089784,0.7412589,0.002836794,0.26057893,0.029156141,0.6087881,0.030526739,0.23576698,0.004037576,0.2579685,0.058350377,0.47798485,0.030189805
375316653866487564,5341039708054298624,0.6079038,2225.567434118761,1.9310405093348586,8.6393675E-6,16.633398,0.003466642,0.20733781,0.0024385306,0.08591527,0.0036363706,0.15681396,0.0043677012,0.70855063,0.0038862769,0.06613748,0.0047800825,0.2990312,0.017178973,null,null,null,null,"TWOGAUSSIANS",8,5.2028713,0.70855063,0.0038862769,0.37036988,0.026768463,0.29724953,0.017610878,0.20733781,0.0024385306,0.4,0.0,0.15503225,0.004136606
375316653866487564,5341041288601845376,0.6027801,2239.223093267364,1.534518257411471,5.9630447E-6,15.876868,0.017527448,0.2658656,0.0024360847,0.1065652,0.0065863975,0.2956564,0.016379256,0.7653047,0.0018611549,0.123615816,0.007511956,0.2435185,0.016558237,null,null,null,null,"TWOGAUSSIANS",8,10.073372,0.2658656,0.0024442484,0.4,0.0,0.24604274,0.0056060315,0.7653047,0.0018611549,0.4,0.0,0.19377817,0.003942687
375316653866487564,5341041490439653760,0.4820411,2243.0220507874083,0.6104485752881612,3.3886652E-5,17.952353,0.007108479,0.30200094,0.02213066,0.061185095,0.013281309,0.0920872,0.046254106,0.7685186,0.0073783575,0.028633557,0.006552998,0.682047,0.04920323,null,null,null,null,"TWOGAUSSIANS",8,33.262524,0.7685186,0.0073783575,0.16034792,0.036696788,0.682047,0.049203265,0.30200094,0.02213066,0.34263653,0.07437533,0.092087194,0.04625413
375316653866487564,5341041524799506688,0.5050126,2257.5025280349905,2.532676036509965,1.8040371E-5,17.197025,0.010706281,0.25159454,0.007588369,0.08842555,0.009248424,0.14543283,0.012948088,0.747257,0.0050075627,0.09230172,0.009830878,0.15196191,0.0109943,null,null,null,null,"TWOGAUSSIANS",8,9.848184,0.747257,0.0050075627,0.4,0.0,0.14590414,0.0090195015,0.25159454,0.007588369,0.4,0.0,0.13937517,0.0111544905
375316653866487564,5341041765317450752,0.6382756,2258.5904749615092,0.37155084533462973,5.2486794E-6,16.745625,0.0028362228,0.3336502,3.4380844E-4,0.025596868,4.1525645E-4,0.7071308,0.009019395,null,null,null,null,null,null,0.018763073,0.003722593,0.3336502,3.4380844E-4,"ONEGAUSSIAN_WITH_ELLIPSOIDAL",6,11.590751,0.3336502,3.4380844E-4,0.14334245,0.002325436,0.7446569,0.008411975,null,null,null,null,null,null
375316653866487564,5341041838357587584,0.6366511,2267.233739917358,2.6371047595250166,5.5515593E-6,17.3956,0.0041225622,0.22705127,0.0016287145,0.08235476,0.0018673951,0.4368626,0.007227739,0.7275382,0.0021387867,0.08636899,0.0029504008,0.38952455,0.014350509,null,null,null,null,"TWOGAUSSIANS",8,3.6539106,0.22705127,0.0016287145,0.4,0.0,0.42674807,0.0072005894,0.7275382,0.0021387867,0.4,0.0,0.37941003,0.015355365
375316653866487564,5341042010134959616,0.54429215,2221.235490542955,3.4058130365802777,8.1725275E-6,19.590042,0.010555771,0.15059556,0.0040823687,0.075049266,0.0038979515,0.57412136,0.04204581,0.6629958,0.005253362,0.07585795,0.005456103,0.44354746,0.0152462,null,null,null,null,"TWOGAUSSIANS",8,1.924127,0.15059556,0.0040823687,0.4,0.0,0.57096034,0.042420838,0.6629958,0.005253362,0.4,0.0,0.44038647,0.014787629
375316653866487564,5341042280716165504,0.47665188,2235.5649308224615,0.03983338080876659,3.6155052E-5,18.90541,0.006127288,0.09642583,0.001855725,0.025145687,0.0018760393,0.3316923,0.07960499,0.71346414,0.020411948,0.15834565,0.021971688,0.061033353,0.00846184,null,null,null,null,"TWOGAUSSIANS",8,1.6964359,0.09633583,0.0018501359,0.14081584,0.01050582,0.33416238,0.079852186,0.71346414,0.020411948,0.4,0.0,0.06019371,0.008203768
375316653866487564,5341042383795346432,0.51739466,2234.8285637596605,2.528955186336606,1.192598E-5,18.18556,0.02500293,0.25776768,0.006509456,0.090786114,0.011756584,0.38083488,0.03103139,0.7469397,0.0029853487,0.08660727,0.006760134,0.38671485,0.02358305,null,null,null,null,"TWOGAUSSIANS",8,13.145347,0.7469397,0.0029853487,0.4,0.0,0.37457404,0.017079426,0.25776768,0.006509456,0.4,0.0,0.3686939,0.032132544
375316653866487564,5341043728125080320,0.56066626,2242.9723987531797,2.9273098607516745,1.7331107E-5,19.288279,0.010252274,0.21052063,0.0072110128,0.07267365,0.007705753,0.46301165,0.058456153,0.6975514,0.0033181189,0.07481542,0.003241755,0.43581226,0.014079494,null,null,null,null,"TWOGAUSSIANS",8,2.4963586,0.21052063,0.0072110128,0.4,0.019041015,0.46089095,0.059484202,0.6975514,0.0033181189,0.4,0.0,0.43369156,0.0135093825
375316653866487564,5341043998700981504,0.6259241,2285.5276769640923,2.048102673137629,4.861652E-6,17.136206,0.005337851,0.14304194,0.0015852259,0.09868354,0.0033588414,0.21978131,0.005690353,0.64914197,0.0016712454,0.09156828,0.0031016092,0.22137548,0.005225626,null,null,null,null,"TWOGAUSSIANS",8,1.8422112,0.64914197,0.0016712454,0.4,0.0,0.2085662,0.0042635836,0.14304194,0.0015852259,0.4,0.0,0.20697096,0.004997778
375316653866487564,5341044170499723648,0.6550022,2253.5743515698323,2.179818357079323,4.8061734E-6,16.33417,0.007862109,0.25443968,0.0016793596,0.05532449,0.00859436,0.13163018,0.016103752,0.75539804,0.002000029,0.05651978,0.0037493776,0.17255543,0.017533658,0.12338402,0.010061762,0.25443968,0.0016793596,"TWOGAUSSIANS_WITH_ELLIPSOIDAL_ON_ECLIPSE1",9,6.64037,0.75539804,0.0019378199,0.31651077,0.020996515,0.4193006,0.00527306,0.25443968,0.0016793596,0.30981717,0.04812842,0.3783843,0.012360212
375316653866487564,5341044479737446656,0.5237953,2285.664485689208,0.7665759539141629,6.294446E-6,17.12569,0.0021127218,0.25554627,0.0036765074,0.025785873,0.006643771,0.10993896,0.030037826,0.7576529,0.0011527437,0.018208418,0.002905953,0.19984609,0.0703512,0.027717058,0.002886704,0.25554627,0.0036765074,"TWOGAUSSIANS_WITH_ELLIPSOIDAL_ON_ECLIPSE1",9,4.4906497,0.7576529,0.0011527437,0.10196714,0.016273336,0.25527048,0.06982226,0.25554627,0.0036765074,0.14440088,0.03720512,0.16537307,0.030501492
375316653866487564,5341044690216605952,0.6022433,2255.629919867662,3.1749044969004956,2.044665E-5,16.155642,6.3837075E-4,0.28363323,1.3577596E-4,0.006309689,1.8043003E-4,0.9613166,0.12724966,0.5031104,0.015585757,0.032619406,0.008651692,0.00616485,0.001941793,null,null,null,null,"TWOGAUSSIANS",8,1.4285202,0.28363323,1.3577596E-4,0.03533426,0.0010104082,0.9613166,0.12724966,0.5031104,0.015585757,0.18266867,0.048449475,0.00616485,0.001941793
375316653866487564,5341045549190500224,0.46032578,2259.3463998936213,4.174882837675357,4.0099963E-5,19.630234,0.0593552,0.31633314,0.011623185,0.08745731,0.025306743,0.2871486,0.051134218,0.81450176,0.007922027,0.11396506,0.029393088,0.2101747,0.056639303,null,null,null,null,"TWOGAUSSIANS",8,2.110605,0.31633314,0.011673778,0.4,0.0,0.26592234,0.028363058,0.81450176,0.007922027,0.4,0.0,0.18892063,0.02601007
375316653866487564,5341045583550206848,0.54573697,2261.3164086011825,0.021374619064471002,1.0121534E-4,17.780363,9.693406E-4,0.29900873,0.013663152,0.06014856,0.0051574744,0.15324621,0.036411945,0.6924331,0.006187918,0.012424308,0.0016405366,0.56880957,0.22281833,null,null,null,null,"TWOGAUSSIANS",8,0.6121081,0.6924331,0.006187918,0.06957612,0.0091870045,0.56880957,0.22281833,0.29900873,0.013663152,0.33683196,0.028881857,0.15324621,0.036411945
375316653866487564,5341046786137478144,0.6087654,2202.375460494459,2.3548684236530346,6.636645E-6,18.864943,0.025150761,0.30923396,0.0026995665,0.05190881,0.009363831,0.3162266,0.10760114,0.8031,0.0022525662,0.05126961,0.004359109,0.50403863,0.06894343,0.111770205,0.04509076,0.30923396,0.0026995665,"TWOGAUSSIANS_WITH_ELLIPSOIDAL_ON_ECLIPSE1",9,2.5197308,0.80362,0.0019812218,0.28710982,0.02441101,0.72727007,0.024753666,0.30923396,0.0026995665,0.29068932,0.052437454,0.5397619,0.09553474
375316653866487564,5341046919279271040,0.49740294,2235.1131714182907,3.935517075117954,1.073208E-5,18.350924,0.003562777,0.26028553,0.005553396,0.0763184,0.006664398,0.16118194,0.019126201,0.76126856,0.0036017573,0.06667568,0.006776236,0.16290389,0.01617731,null,null,null,null,"TWOGAUSSIANS",8,1.7376003,0.76126856,0.0036017573,0.3733838,0.03464691,0.1622055,0.016552094,0.26028553,0.005553396,0.4,0.0,0.16048354,0.019332394
375316653866487564,5341046923598651136,0.4842995,2218.403178413358,0.842455657373182,2.6686525E-5,17.89523,0.003553052,0.23827094,0.007127773,0.058883093,0.009470544,0.053055342,0.008698264,0.7204793,0.010072452,0.077783264,0.0143326735,0.08898467,0.011110703,null,null,null,null,"TWOGAUSSIANS",8,3.8097992,0.7204793,0.010072452,0.4,0.02084156,0.088876955,0.011143378,0.23827094,0.007127773,0.32974532,0.053035043,0.05294763,0.008723176
375316653866487564,5341047438995600000,0.6530636,2227.483303985593,1.0994141303486573,8.588058E-6,15.904279,0.0025429074,0.29438794,5.5949675E-4,0.03454393,8.760525E-4,0.76580334,0.027799964,0.7880207,0.008432494,0.03485842,0.008083949,0.07464393,0.011725138,0.010068086,0.0046172244,0.29438794,5.5949675E-4,"TWOGAUSSIANS_WITH_ELLIPSOIDAL_ON_ECLIPSE1",9,14.837969,0.29438794,5.5949675E-4,0.19344601,0.004905894,0.7859395,0.028420664,0.78818065,0.008254101,0.19520715,0.045270115,0.09474868,0.0103933355
375316653866487564,5341048607203735808,0.48031995,2209.7129573559446,2.764287134077808,7.1952377E-6,19.597792,0.014774258,0.16405594,3.6176885E-4,0.0072163837,0.0011242125,0.66692716,0.22417563,0.6974094,0.0068522524,0.049109668,0.0076062116,0.29919726,0.048140705,0.12518917,0.019677274,0.6974094,0.0068522524,"TWOGAUSSIANS_WITH_ELLIPSOIDAL_ON_ECLIPSE2",9,8.974798,0.16410595,3.5751768E-4,0.040411748,0.0062955897,0.9064847,0.24036443,0.6974094,0.0068522524,0.27501413,0.042594787,0.5495749,0.037298538
375316653866487564,5341049324460473984,0.4380537,2215.5465105037833,0.1833575272514272,6.565098E-5,18.441303,0.002850527,0.24672355,0.0038080825,0.02683817,0.0068772323,0.11755825,0.03101111,0.782197,0.008887264,0.022971978,0.0054972423,0.075826,0.029274419,null,null,null,null,"TWOGAUSSIANS",8,2.9506927,0.24672355,0.0038080825,0.15029375,0.038512502,0.11755825,0.03101111,0.782197,0.008887264,0.12864308,0.030784557,0.075826,0.029274419
375316653866487564,5341049569278467968,0.5114229,2214.7188056865693,3.1055631651459743,1.8912982E-5,18.408188,0.027787777,0.28439188,0.0076884273,0.09173786,0.013556658,0.3220297,0.034396518,0.7893066,0.005418536,0.09402731,0.0124183595,0.32701433,0.02480654,null,null,null,null,"TWOGAUSSIANS",8,9.374462,0.7893066,0.005418536,0.4,0.0,0.31086797,0.016566673,0.28439188,0.0076884273,0.4,0.0,0.3058836,0.03554195
375316653866487564,5341049569299081472,0.516645,2227.492775972636,1.2601471313440413,7.373537E-6,16.653347,0.0050710784,0.20810786,0.0018504093,0.025619166,0.0025928647,0.62188923,0.14398703,0.71273226,0.03560466,0.029320434,0.026299372,0.4168593,327.79468,null,null,null,null,"TWOGAUSSIANS",8,51.55801,0.20810786,0.0018504093,0.14346734,0.014520042,0.62188923,0.14398703,0.71273226,0.03560466,0.16419443,0.14727649,0.4168593,327.79468
