Gaia/vari_eclipsing_binary/VariEclipsingBinary_477778-477806.csv
# %ECSV 1.0
# ---
# delimiter: ','
# meta: !!omap
# - RELEASE: Gaia DR3
# - TABLE: vari_eclipsing_binary
# - DESCRIPTION: >
#     This table describes the properties of the eclipsing binaries resulting from the variability analysis. 
# - CITATION: >
#     How to cite and acknowledge Gaia: 
#     https://gea.esac.esa.int/archive/documentation/credits.html 
# - KNOWN_ISSUES: >
#     Known issues: 
#     https://www.cosmos.esa.int/web/gaia-users/known-issues 
# - DOCUMENTATION: >
#     Tutorials and documentation: 
#     https://www.cosmos.esa.int/web/gaia-users/archive 
# datatype:
# - 
#   name: solution_id
#   datatype: int64
#   description: Solution Identifier
#   meta:
#     ucd: meta.version
# - 
#   name: source_id
#   datatype: int64
#   description: Unique source identifier
#   meta:
#     ucd: meta.id;meta.main
# - 
#   name: global_ranking
#   datatype: float32
#   description: Number between 0 (worst) and 1 (best)
#   meta:
#     ucd: stat.param
# - 
#   name: reference_time
#   datatype: float64
#   unit: d
#   description: Reference time used for the geometric model fit
#   meta:
#     ucd: time.epoch
# - 
#   name: frequency
#   datatype: float64
#   unit: d**-1
#   description: Frequency of geometric model of the eclipsing binary light curve
#   meta:
#     ucd: src.orbital
# - 
#   name: frequency_error
#   datatype: float32
#   unit: d**-1
#   description: "Uncertainty of \\texttt{frequency}"
#   meta:
#     ucd: stat.error
# - 
#   name: geom_model_reference_level
#   datatype: float32
#   unit: mag
#   description: Magnitude reference level of geometric model
#   meta:
#     ucd: phot.mag;em.opt
# - 
#   name: geom_model_reference_level_error
#   datatype: float32
#   unit: mag
#   description: "Uncertainty of \\texttt{geomModelReferenceLevel}"
#   meta:
#     ucd: stat.error;phot.mag;em.opt
# - 
#   name: geom_model_gaussian1_phase
#   datatype: float32
#   description: Phase of the Gaussian 1 component
#   meta:
#     ucd: time.phase
# - 
#   name: geom_model_gaussian1_phase_error
#   datatype: float32
#   description: "Uncertainty of \\texttt{geomModelGaussian1Phase}"
#   meta:
#     ucd: stat.error;time.phase
# - 
#   name: geom_model_gaussian1_sigma
#   datatype: float32
#   description: "Standard deviation [phase] of Gaussian 1 component"
#   meta:
#     ucd: stat.stdev
# - 
#   name: geom_model_gaussian1_sigma_error
#   datatype: float32
#   description: "Uncertainty of \\texttt{geomModelGaussian1Sigma}"
#   meta:
#     ucd: stat.error
# - 
#   name: geom_model_gaussian1_depth
#   datatype: float32
#   unit: mag
#   description: Magnitude depth of Gaussian 1 component
#   meta:
#     ucd: src.var.amplitude
# - 
#   name: geom_model_gaussian1_depth_error
#   datatype: float32
#   unit: mag
#   description: "Uncertainty of \\texttt{geomModelGaussian1Depth}"
#   meta:
#     ucd: stat.error;src.var.amplitude
# - 
#   name: geom_model_gaussian2_phase
#   datatype: float32
#   description: Phase of Gaussian 2 component
#   meta:
#     ucd: time.phase
# - 
#   name: geom_model_gaussian2_phase_error
#   datatype: float32
#   description: "Uncertainty of \\texttt{geomModelGaussian2Phase}"
#   meta:
#     ucd: stat.error;time.phase
# - 
#   name: geom_model_gaussian2_sigma
#   datatype: float32
[...]
#   datatype: float32
#   description: "Secondary eclipse: uncertainty of \\texttt{derivedSecondaryEclDuration}"
#   meta:
#     ucd: stat.error;time.duration
# - 
#   name: derived_secondary_ecl_depth
#   datatype: float32
#   unit: mag
#   description: "Secondary eclipse: depth"
#   meta:
#     ucd: src.var.amplitude
# - 
#   name: derived_secondary_ecl_depth_error
#   datatype: float32
#   unit: mag
#   description: "Secondary eclipse: uncertainty of \\texttt{derivedSecondaryEclDepth}"
#   meta:
#     ucd: stat.error;src.var.amplitude
solution_id,source_id,global_ranking,reference_time,frequency,frequency_error,geom_model_reference_level,geom_model_reference_level_error,geom_model_gaussian1_phase,geom_model_gaussian1_phase_error,geom_model_gaussian1_sigma,geom_model_gaussian1_sigma_error,geom_model_gaussian1_depth,geom_model_gaussian1_depth_error,geom_model_gaussian2_phase,geom_model_gaussian2_phase_error,geom_model_gaussian2_sigma,geom_model_gaussian2_sigma_error,geom_model_gaussian2_depth,geom_model_gaussian2_depth_error,geom_model_cosine_half_period_amplitude,geom_model_cosine_half_period_amplitude_error,geom_model_cosine_half_period_phase,geom_model_cosine_half_period_phase_error,model_type,num_model_parameters,reduced_chi2,derived_primary_ecl_phase,derived_primary_ecl_phase_error,derived_primary_ecl_duration,derived_primary_ecl_duration_error,derived_primary_ecl_depth,derived_primary_ecl_depth_error,derived_secondary_ecl_phase,derived_secondary_ecl_phase_error,derived_secondary_ecl_duration,derived_secondary_ecl_duration_error,derived_secondary_ecl_depth,derived_secondary_ecl_depth_error
[from data line 76]
375316653866487564,4202628935111787520,0.59917367,2205.58648693406,1.7772728925811656,2.6529216E-5,16.08579,6.7766657E-4,0.6099454,0.06500461,0.074029826,0.062133044,0.01309303,3104.6018,0.92504525,0.010890767,0.021337483,0.0034864233,0.1680695,0.050715156,null,null,null,null,"TWOGAUSSIANS",8,2.5426466,0.92504525,0.010890767,0.1194899,0.019523969,0.16807102,0.05071657,0.6099454,0.06500461,0.4,0.31303006,0.01309303,3104.6018
375316653866487564,4202628939438612608,0.50945437,2172.5542289881,0.137185997942052,8.974333E-6,18.576456,0.00893616,0.23642413,0.008655945,0.038296033,0.007066484,0.23194198,0.02965147,0.750924,0.03144387,0.06318652,0.017349657,0.36263236,0.11848945,null,null,null,null,"TWOGAUSSIANS",8,4.9915466,0.750924,0.03144387,0.3538445,0.097158074,0.3626308,0.11848959,0.23642413,0.008655945,0.21445778,0.03957231,0.23194042,0.029652277
375316653866487564,4202631241541099904,0.5312935,2210.007734923246,2.109346740546236,4.1992993E-5,16.745178,0.003409406,0.2576253,0.008153884,0.04785568,0.0092852665,0.23169126,0.09371229,null,null,null,null,null,null,0.027108058,0.005008328,0.2576253,0.008153884,"ONEGAUSSIAN_WITH_ELLIPSOIDAL",6,13.181713,0.2576253,0.008153884,0.2679918,0.051997494,0.28590706,0.09518912,null,null,null,null,null,null
375316653866487564,4202632718991120512,0.56389093,2107.5757615510297,2.279989900944217,1.1257934E-5,18.082634,0.010052188,0.23555286,0.0020717583,0.09177573,0.005045688,0.1941274,0.009738732,0.73282135,0.0055392394,0.09967084,0.011681036,0.16256604,0.011652311,null,null,null,null,"TWOGAUSSIANS",8,1.1137863,0.23555286,0.0020717583,0.4,0.0,0.18289198,0.0042105517,0.73282135,0.0055392394,0.4,0.0,0.15132964,0.013600775
375316653866487564,4202632920843543680,0.5266066,2125.6054620464506,3.7258112080124843,2.8486169E-5,18.124548,0.010230741,0.23127535,0.022219053,0.079162695,0.013582328,0.3452243,0.08116308,0.720093,0.004285815,0.062344674,0.0047928253,0.48382565,0.035813205,null,null,null,null,"TWOGAUSSIANS",8,12.831663,0.720093,0.004285815,0.34913018,0.02683982,0.48266265,0.036106326,0.23127535,0.022219053,0.4,0.022549998,0.3440613,0.08059729
375316653866487564,4202634265179787776,0.50586045,2160.4692201536463,2.7920304710991197,1.332148E-5,19.24932,0.022360288,0.23688412,0.039180327,0.078303844,0.04029949,0.31688213,0.3263299,0.7359424,0.005862625,0.07844637,0.00833582,0.38024685,0.034188047,null,null,null,null,"TWOGAUSSIANS",8,3.0848193,0.7359424,0.005862625,0.4,0.0,0.37604338,0.033275854,0.23688412,0.039180327,0.4,0.17569736,0.31267866,0.3293398
375316653866487564,4202635119867066240,0.5004619,2187.3871045601372,2.6609082942931224,2.6847902E-5,17.843815,0.0106417285,0.2644619,0.009564092,0.09483706,0.013787803,0.10167373,0.011965398,0.73275894,0.01018053,0.089752056,0.018894255,0.10457429,0.014158455,null,null,null,null,"TWOGAUSSIANS",8,2.3060513,0.73275894,0.01018053,0.4,0.0,0.10132187,0.015348732,0.2644619,0.009562821,0.4,0.0,0.0984209,0.009934384
375316653866487564,4202635978860633344,0.49380282,2160.35553153326,2.3604447269512785,4.3996573E-5,16.654871,0.004468845,0.5273633,0.0066961213,0.045350727,0.009788763,0.38413814,0.81393474,0.882932,0.04008787,0.04935433,0.022381814,0.02885423,0.013603543,null,null,null,null,"TWOGAUSSIANS",8,25.948816,0.5273633,0.0066961213,0.25396407,0.054817073,0.38413814,0.81393474,0.882932,0.04008787,0.27638423,0.12533815,0.02885423,0.013603543
375316653866487564,4202637494995520256,0.52114457,2140.0362632646243,0.29054774883710993,1.6450264E-4,19.848639,0.015234114,0.7823131,0.013224497,0.089468785,0.032799516,0.5540031,7.4197097,0.3188725,0.004845616,0.051305097,0.0057750423,0.7206849,0.07491518,null,null,null,null,"TWOGAUSSIANS",8,2.4769802,0.3188725,0.004845616,0.28730854,0.032340236,0.7198673,0.075156085,0.7823131,0.013224497,0.4,0.08174253,0.5531846,7.4204783
375316653866487564,4202638044751688704,0.44817078,2152.1085520863376,1.9739428401649577,1.9245372E-5,18.250507,0.04589094,0.32031193,0.021550141,0.10419978,0.11394431,0.13656689,0.024516335,0.81463844,0.046600327,0.045005586,0.036314357,0.17918761,0.10294764,null,null,null,null,"TWOGAUSSIANS",8,9.655971,0.81463844,0.046600327,0.25203127,0.2033604,0.17832445,0.096898645,0.32031193,0.021550141,0.4,0.0,0.1357009,0.057557266
375316653866487564,4202639277395687552,0.53710467,2124.920734486711,2.4283708118804714,1.4590893E-5,18.28633,0.024270691,0.21129547,0.0050842897,0.09396202,0.015713949,0.21934344,0.013319889,0.7184522,0.0034607395,0.110496804,0.01580493,0.18058191,0.018958462,null,null,null,null,"TWOGAUSSIANS",8,1.191695,0.21128547,0.005072325,0.4,0.0,0.20125495,0.01577863,0.7184522,0.0034607395,0.4,0.0,0.16248031,0.010420348
375316653866487564,4202639556598460544,0.56254387,2147.150974680019,0.4789074876911137,2.8835919E-5,17.399654,0.002600817,0.36645052,0.027465016,0.06336318,0.0075174,0.8219638,0.2926583,null,null,null,null,null,null,null,null,null,null,"ONEGAUSSIAN",5,2.501651,0.36645052,0.027465016,0.35483378,0.04209744,0.8219638,0.0,null,null,null,null,null,null
375316653866487564,4202640136389424640,0.5864888,2171.406075325447,2.722151048468674,5.653697E-5,17.414394,0.013428643,0.25399324,0.0068602483,0.08151539,0.00861879,0.41784418,0.010909124,0.76490235,0.0024344404,0.0805593,0.0036826544,0.46618426,0.021724321,null,null,null,null,"TWOGAUSSIANS",8,8.951925,0.76490235,0.0024344404,0.4,0.0,0.46004942,0.021074269,0.25399324,0.0068602483,0.4,0.0,0.41170934,0.010628911
375316653866487564,4202640583065964672,0.58526313,2123.4146366863333,3.467938413479892,2.124158E-5,19.057697,0.018424626,0.26829174,0.0031187858,0.07653819,0.004381422,0.5418167,0.01937615,0.77610636,0.016440932,0.062372345,0.011246404,0.44398132,0.07636061,null,null,null,null,"TWOGAUSSIANS",8,3.9505677,0.26829174,0.0031187858,0.4,0.0,0.540581,0.018694663,0.77610636,0.016440932,0.34928513,0.06297986,0.44274554,0.07606396
375316653866487564,4202641171488090752,0.49876454,2136.532626140968,0.13718652065430306,4.398147E-5,18.726917,0.008824307,0.25670993,0.03871527,0.09064256,0.021422472,0.17826019,0.03551574,0.59227854,0.047869563,0.06551145,0.05200118,0.07825995,0.057497483,null,null,null,null,"TWOGAUSSIANS",8,2.0749383,0.25670993,0.038712412,0.4,0.0,0.17823121,0.035546813,0.59227854,0.047869563,0.36686414,0.2504453,0.07841915,0.059972744
375316653866487564,4202642232335319936,0.5925392,2152.754163457119,4.029029020341603,1.0913794E-5,18.537224,0.011657164,0.22989404,0.003261372,0.073247835,0.0039681755,0.49634188,0.027680961,0.7375071,0.0148810875,0.065757334,0.020734845,0.516839,0.17714225,null,null,null,null,"TWOGAUSSIANS",8,3.4315383,0.7375071,0.0148810875,0.36824107,0.04257691,0.5155545,0.18044198,0.22989404,0.003261372,0.4,0.0,0.49505737,0.027032312
375316653866487564,4202642369772464640,0.45994103,2214.961888845535,0.029307302981105298,1.1371744E-4,16.290756,0.0015117535,0.27070946,0.0038230822,0.0131449755,0.005891207,0.031829007,0.011667174,0.74896973,0.056667674,0.05923681,0.047113013,0.0277906,0.007343969,null,null,null,null,"TWOGAUSSIANS",8,2.1401534,0.27070946,0.0038230822,0.07361186,0.03299076,0.031829007,0.011667162,0.74896973,0.056667674,0.33172613,0.1937841,0.0277906,0.007344034
375316653866487564,4202642679009909888,0.56071305,2103.360095148344,2.65290719474576,1.6894093E-5,17.962646,0.056423724,0.15664968,0.0023281204,0.1003526,0.01554285,0.341003,0.050677747,0.6545183,0.005086334,0.10891438,0.022950657,0.32742396,0.04097307,null,null,null,null,"TWOGAUSSIANS",8,3.693081,0.15664968,0.0023281204,0.4,0.0,0.3035358,0.019499604,0.6545183,0.005086334,0.4,0.0,0.28994212,0.023761537
375316653866487564,4202642820757974656,0.69733405,2122.4199529205994,0.8938487287969339,2.601566E-5,18.364042,0.0035476377,0.2612755,0.012509825,0.048655685,0.015337502,0.30952543,1.2649643,0.7991081,0.008057078,0.045429185,0.021317476,1.1774547,0.96105194,null,null,null,null,"TWOGAUSSIANS",8,0.60936844,0.7991081,0.008057078,0.25440344,0.11937787,1.1774546,0.9610656,0.2612755,0.012509825,0.27247182,0.08589001,0.30952534,1.2649653
375316653866487564,4202642988261070976,0.5220421,2130.677408405002,1.1213440251339741,3.5331872E-5,19.048885,0.0067387065,0.5577341,0.016769445,0.16216424,0.015981788,0.17167664,0.01493318,0.32544813,0.020872068,0.03742959,0.0062301164,0.42341158,0.281614,null,null,null,null,"TWOGAUSSIANS",8,1.7307469,0.32726812,0.022555904,0.20960571,0.03488865,0.48248774,0.27715215,0.5577341,0.016769445,0.4,0.0,0.16871594,0.014860358
375316653866487564,4202643817190151936,0.5394598,2203.046989557363,2.40571112220017,2.0382744E-4,18.476925,0.009844185,0.25120184,3.747012E-4,0.05422101,8.624598E-4,0.7777634,0.009593685,0.72645617,0.021705817,0.045020834,0.033087365,0.23734298,0.03519939,null,null,null,null,"TWOGAUSSIANS",8,9.073158,0.25120184,3.747012E-4,0.30363765,0.004829775,0.77776265,0.009243532,0.72645617,0.021705817,0.25211668,0.15048645,0.23734222,0.035309613
375316653866487564,4202643817206545408,0.52278155,2214.971606495091,1.3638438209363941,4.4290082E-5,16.042227,0.004144331,0.24046262,0.008015925,0.1077501,0.018360604,0.04011188,0.0034396236,0.7303672,0.0063934713,0.096073315,0.0092227645,0.059185673,0.004450987,null,null,null,null,"TWOGAUSSIANS",8,1.625483,0.7303672,0.0063934713,0.4,0.0,0.055013075,0.003135867,0.24046262,0.008015925,0.4,0.0,0.035937615,0.0029765083
375316653866487564,4202644225194705920,0.6304708,2270.503740982564,3.575161130568641,2.8831391E-6,18.549875,0.022067348,0.36384216,0.005973439,0.06969788,0.0045144097,0.8037366,0.04374577,0.8440274,0.011983819,0.087070435,0.008536763,0.5001874,0.052417427,null,null,null,null,"TWOGAUSSIANS",8,2.1612554,0.36384216,0.005973439,0.39030814,0.025280694,0.7987357,0.04100428,0.8440274,0.011983819,0.4,0.0,0.49518636,0.05157724
375316653866487564,4202646321142496256,0.601716,2147.4958160169062,2.0122188935735807,1.6907472E-5,17.989426,0.031614073,0.21671675,0.004177216,0.108644806,0.023796914,0.1671669,0.025886195,0.71155787,0.002875647,0.08182173,0.006399191,0.36903092,0.028166847,null,null,null,null,"TWOGAUSSIANS",8,2.4054837,0.71155787,0.002875647,0.4,0.0,0.3555431,0.012265779,0.21671675,0.004177216,0.4,0.0,0.15367049,0.008524935
375316653866487564,4202646497250233088,0.5244417,2191.388161840356,1.7690250904813396,3.0492076E-5,18.045115,0.023754893,0.21263225,0.008196669,0.10700009,0.016443873,0.16536617,0.023096187,0.71818,0.018854342,0.08591372,0.027135227,0.1846334,0.036227953,null,null,null,null,"TWOGAUSSIANS",8,2.851963,0.71818,0.018871855,0.4,0.0,0.17352283,0.035912473,0.21263225,0.008195867,0.4,0.0,0.15424944,0.00943473
375316653866487564,4202647798611640192,0.5844524,2210.3532068198,3.0863663979902367,3.8151233E-5,17.5698,0.031660747,0.2764594,0.010002866,0.058302138,0.02208274,0.18415006,0.06897864,0.7698172,0.0060673575,0.04783351,0.0069121434,0.30791363,0.07970122,0.08246389,0.033520494,0.2764594,0.010002866,"TWOGAUSSIANS_WITH_ELLIPSOIDAL_ON_ECLIPSE1",9,16.76029,0.7704072,0.005333541,0.26786765,0.038708005,0.4725602,0.030412655,0.2764594,0.010002866,0.32649198,0.12366334,0.34905842,0.04007588
375316653866487564,4202647974718968704,0.5327757,2198.9344179836753,0.09496861372639585,3.0839816E-4,19.502378,0.006750849,0.7458457,0.004140941,0.049150426,0.007015725,0.38764834,0.0065304097,null,null,null,null,null,null,null,null,null,null,"ONEGAUSSIAN",5,1.8799542,0.7458457,0.004140941,0.2752424,0.039288063,0.38764834,0.0,null,null,null,null,null,null
375316653866487564,4202649241720793472,0.62370396,2244.3923465193798,3.0327854692970146,1.7146309E-5,17.865078,0.11195629,0.3264278,0.001944357,0.11887041,0.02047805,0.36529925,0.11030697,0.8147177,0.0027360478,0.11729439,0.022469811,0.36407724,0.1100545,null,null,null,null,"TWOGAUSSIANS",8,1.445156,0.3264778,0.0019382068,0.4,0.0,0.29564893,0.015193242,0.8147177,0.0027360478,0.4,0.0,0.29445097,0.015443534
375316653866487564,4202649692708185216,0.5617198,2252.415527541968,1.239533276599841,2.1365488E-5,17.638586,0.031891897,0.2562127,0.007893732,0.110621884,0.018464651,0.21041006,0.02734084,0.74731076,0.005281769,0.09796348,0.011443941,0.2845204,0.029321272,null,null,null,null,"TWOGAUSSIANS",8,4.2618365,0.74731076,0.005281769,0.4,0.0,0.25997117,0.010064217,0.2562127,0.00789543,0.4,0.0,0.18584587,0.015642393
375316653866487564,4202650547389980928,0.58148915,2192.2600402862513,3.0436634825686344,2.322256E-5,16.154018,0.014932174,0.26880312,0.0040940475,0.09408554,0.0076978,0.20617172,0.014389001,0.7715541,0.008636487,0.099100836,0.011540573,0.24922152,0.01565296,null,null,null,null,"TWOGAUSSIANS",8,14.930467,0.7715541,0.008636487,0.4,0.0,0.23385651,0.012375396,0.26880312,0.0040940475,0.4,0.0,0.1908079,0.0068710246
375316653866487564,4202650753561094400,0.48779997,2152.3637957039136,0.16450344058958508,6.053908E-5,19.092056,0.010323832,0.1807123,0.005675234,0.05601269,0.013287215,0.4983193,0.50905436,0.6859138,0.030364953,0.089617096,0.0216864,0.12900728,0.0207333,null,null,null,null,"TWOGAUSSIANS",8,0.9766421,0.1807123,0.005675234,0.31367105,0.074408405,0.49732488,0.5102089,0.6859138,0.030364953,0.4,0.014920591,0.1280128,0.019906806
375316653866487564,4202651204532418944,0.49994642,2171.9328220705797,0.19217845484523519,1.1601878E-4,19.746885,0.022949861,0.84289473,0.23304321,0.055847745,0.057061177,0.18640366,2.2541018,0.53105694,0.059996903,0.09087688,0.03702138,0.3245028,0.14440557,null,null,null,null,"TWOGAUSSIANS",8,2.0657651,0.53105694,0.038941298,0.4,0.09463869,0.32449427,0.059777036,0.8423147,0.33460218,0.31274736,0.22961952,0.18730524,2.2510326
375316653866487564,4202651788647940096,0.53337103,2164.1033094173554,0.029294885355413896,3.5910532E-5,19.595488,0.012926061,0.21025932,6.470104E-4,0.032009922,0.0039023466,0.6395927,0.15894544,0.7993339,0.04205682,0.090851516,0.029918779,0.25402662,0.028551271,null,null,null,null,"TWOGAUSSIANS",8,0.7585735,0.21025932,6.468671E-4,0.17925556,0.021853141,0.63959616,0.15896653,0.7993339,0.04205682,0.4,0.0,0.25402087,0.028945459
375316653866487564,4202651956139511296,0.54286575,2188.7170669461207,3.4735482995478844,4.353872E-5,16.047117,0.03500601,0.26637977,0.009725076,0.09773864,0.022257606,0.25769174,0.025547639,0.7675302,0.006697086,0.095789984,0.015260415,0.29582238,0.030807428,null,null,null,null,"TWOGAUSSIANS",8,61.254284,0.7675302,0.006697086,0.4,0.0,0.27652884,0.016852608,0.26637977,0.009725076,0.4,0.0,0.23839785,0.024411708
375316653866487564,4202652304061524480,0.6002622,2181.5052718366564,1.0372734853445382,7.549718E-5,17.030325,0.007989127,0.28179628,0.0019286113,0.031410627,0.001753941,2.786387,0.3018629,0.651955,0.052419234,0.029763069,0.021566674,0.6654967,161.3519,null,null,null,null,"TWOGAUSSIANS",8,73.32481,0.28179628,0.0019286113,0.17589952,0.00982207,2.786387,0.3018629,0.651955,0.052419234,0.16667318,0.12077337,0.6654967,161.3519
375316653866487564,4202652372785416064,0.54541874,2182.657653482167,2.435799443383114,5.021272E-5,17.902515,0.017024633,0.227159,0.01254959,0.077368475,0.010535539,0.37131563,0.055206195,0.72892976,0.006056686,0.07641488,0.011727678,0.4069555,0.044367563,null,null,null,null,"TWOGAUSSIANS",8,8.370624,0.72892976,0.006056686,0.4,0.0018370295,0.4031648,0.046349134,0.227159,0.01254959,0.4,0.0037496544,0.36752492,0.054891247
375316653866487564,4202652956878657280,0.6348037,2155.661787765615,2.519563123917388,8.0250975E-6,18.3681,0.05733903,0.26810965,0.002182491,0.12615961,0.011582202,0.41344023,0.05664763,0.7534677,0.00435192,0.115198724,0.0138312215,0.39925513,0.053890407,null,null,null,null,"TWOGAUSSIANS",8,0.64543587,0.26815963,0.0021116673,0.4,0.0,0.32987118,0.008089097,0.7534677,0.00435192,0.4,0.0,0.31596503,0.0067431405
375316653866487564,4202653330529343360,0.51167476,2132.316348378512,2.4237605238998947,1.7872671E-5,16.310848,0.0052151033,null,null,null,null,null,null,null,null,null,null,null,null,0.18752618,0.009716246,0.20634897,0.0026524407,"ELLIPSOIDAL",4,32.20219,null,null,null,null,null,null,null,null,null,null,null,null
