Gaia/vari_eclipsing_binary/VariEclipsingBinary_463435-463455.csv
# %ECSV 1.0
# ---
# delimiter: ','
# meta: !!omap
# - RELEASE: Gaia DR3
# - TABLE: vari_eclipsing_binary
# - DESCRIPTION: >
#     This table describes the properties of the eclipsing binaries resulting from the variability analysis. 
# - CITATION: >
#     How to cite and acknowledge Gaia: 
#     https://gea.esac.esa.int/archive/documentation/credits.html 
# - KNOWN_ISSUES: >
#     Known issues: 
#     https://www.cosmos.esa.int/web/gaia-users/known-issues 
# - DOCUMENTATION: >
#     Tutorials and documentation: 
#     https://www.cosmos.esa.int/web/gaia-users/archive 
# datatype:
# - 
#   name: solution_id
#   datatype: int64
#   description: Solution Identifier
#   meta:
#     ucd: meta.version
# - 
#   name: source_id
#   datatype: int64
#   description: Unique source identifier
#   meta:
#     ucd: meta.id;meta.main
# - 
#   name: global_ranking
#   datatype: float32
#   description: Number between 0 (worst) and 1 (best)
#   meta:
#     ucd: stat.param
# - 
#   name: reference_time
#   datatype: float64
#   unit: d
#   description: Reference time used for the geometric model fit
#   meta:
#     ucd: time.epoch
# - 
#   name: frequency
#   datatype: float64
#   unit: d**-1
#   description: Frequency of geometric model of the eclipsing binary light curve
#   meta:
#     ucd: src.orbital
# - 
#   name: frequency_error
#   datatype: float32
#   unit: d**-1
#   description: "Uncertainty of \\texttt{frequency}"
#   meta:
#     ucd: stat.error
# - 
#   name: geom_model_reference_level
#   datatype: float32
#   unit: mag
#   description: Magnitude reference level of geometric model
#   meta:
#     ucd: phot.mag;em.opt
# - 
#   name: geom_model_reference_level_error
#   datatype: float32
#   unit: mag
#   description: "Uncertainty of \\texttt{geomModelReferenceLevel}"
#   meta:
#     ucd: stat.error;phot.mag;em.opt
# - 
#   name: geom_model_gaussian1_phase
#   datatype: float32
#   description: Phase of the Gaussian 1 component
#   meta:
#     ucd: time.phase
# - 
#   name: geom_model_gaussian1_phase_error
#   datatype: float32
#   description: "Uncertainty of \\texttt{geomModelGaussian1Phase}"
#   meta:
#     ucd: stat.error;time.phase
# - 
#   name: geom_model_gaussian1_sigma
#   datatype: float32
#   description: "Standard deviation [phase] of Gaussian 1 component"
#   meta:
#     ucd: stat.stdev
# - 
#   name: geom_model_gaussian1_sigma_error
#   datatype: float32
#   description: "Uncertainty of \\texttt{geomModelGaussian1Sigma}"
#   meta:
#     ucd: stat.error
# - 
#   name: geom_model_gaussian1_depth
#   datatype: float32
#   unit: mag
#   description: Magnitude depth of Gaussian 1 component
#   meta:
#     ucd: src.var.amplitude
# - 
#   name: geom_model_gaussian1_depth_error
#   datatype: float32
#   unit: mag
#   description: "Uncertainty of \\texttt{geomModelGaussian1Depth}"
#   meta:
#     ucd: stat.error;src.var.amplitude
# - 
#   name: geom_model_gaussian2_phase
#   datatype: float32
#   description: Phase of Gaussian 2 component
#   meta:
#     ucd: time.phase
# - 
#   name: geom_model_gaussian2_phase_error
#   datatype: float32
#   description: "Uncertainty of \\texttt{geomModelGaussian2Phase}"
#   meta:
#     ucd: stat.error;time.phase
# - 
#   name: geom_model_gaussian2_sigma
#   datatype: float32
[...]
#   datatype: float32
#   description: "Secondary eclipse: uncertainty of \\texttt{derivedSecondaryEclDuration}"
#   meta:
#     ucd: stat.error;time.duration
# - 
#   name: derived_secondary_ecl_depth
#   datatype: float32
#   unit: mag
#   description: "Secondary eclipse: depth"
#   meta:
#     ucd: src.var.amplitude
# - 
#   name: derived_secondary_ecl_depth_error
#   datatype: float32
#   unit: mag
#   description: "Secondary eclipse: uncertainty of \\texttt{derivedSecondaryEclDepth}"
#   meta:
#     ucd: stat.error;src.var.amplitude
solution_id,source_id,global_ranking,reference_time,frequency,frequency_error,geom_model_reference_level,geom_model_reference_level_error,geom_model_gaussian1_phase,geom_model_gaussian1_phase_error,geom_model_gaussian1_sigma,geom_model_gaussian1_sigma_error,geom_model_gaussian1_depth,geom_model_gaussian1_depth_error,geom_model_gaussian2_phase,geom_model_gaussian2_phase_error,geom_model_gaussian2_sigma,geom_model_gaussian2_sigma_error,geom_model_gaussian2_depth,geom_model_gaussian2_depth_error,geom_model_cosine_half_period_amplitude,geom_model_cosine_half_period_amplitude_error,geom_model_cosine_half_period_phase,geom_model_cosine_half_period_phase_error,model_type,num_model_parameters,reduced_chi2,derived_primary_ecl_phase,derived_primary_ecl_phase_error,derived_primary_ecl_duration,derived_primary_ecl_duration_error,derived_primary_ecl_depth,derived_primary_ecl_depth_error,derived_secondary_ecl_phase,derived_secondary_ecl_phase_error,derived_secondary_ecl_duration,derived_secondary_ecl_duration_error,derived_secondary_ecl_depth,derived_secondary_ecl_depth_error
[from data line 568]
375316653866487564,4076568728736560768,0.51166177,2341.166908510978,2.4750111473598633,2.0639785E-5,19.20706,0.008611866,0.15660226,0.007691747,0.06406087,0.0077946777,0.29034686,0.065358825,0.7215338,0.008436442,0.06904986,0.014476862,0.34302974,0.05029032,null,null,null,null,"TWOGAUSSIANS",8,1.0871571,0.7215338,0.008436442,0.3866792,0.021094942,0.3429521,0.050579987,0.15660226,0.007691747,0.35874084,0.043650195,0.29026923,0.0654384
375316653866487564,4076568827498697856,0.6010896,2272.9469762386093,2.2914446434767504,9.685794E-6,18.305456,0.23674992,0.18252376,0.0060424097,0.13479976,0.033526234,0.54098654,0.22475682,0.6808733,0.002985874,0.1327152,0.034028534,0.43439248,0.22950779,null,null,null,null,"TWOGAUSSIANS",8,1.5607736,0.18255377,0.006094679,0.4,0.0,0.37481323,0.016874872,0.6808733,0.0029791875,0.4,0.0,0.26861382,0.010931993
375316653866487564,4076569072334340096,0.585092,2284.825105976212,4.178451198916611,4.5241817E-5,19.473814,0.0074605667,0.27805296,0.0047426415,0.056381486,0.005570417,0.4395273,0.014849664,0.78611416,0.0096374005,0.056364425,0.0086002005,0.3938731,0.02906362,null,null,null,null,"TWOGAUSSIANS",8,1.4057198,0.27805296,0.0047426415,0.31573632,0.031194335,0.43949488,0.014840545,0.78611416,0.0096374005,0.31564078,0.048161123,0.39384067,0.029078178
375316653866487564,4076569171071956096,0.56472707,2322.1792087725044,3.152105926062547,2.8211802E-5,17.829048,0.011267151,0.2738582,0.004022184,0.08666388,0.0061472254,0.35031867,0.025469065,0.77028126,0.002346868,0.082173616,0.005142213,0.3336911,0.012270674,null,null,null,null,"TWOGAUSSIANS",8,9.733887,0.2738582,0.004022184,0.4,0.0,0.34231356,0.026023768,0.77028126,0.002346868,0.4,0.0,0.325686,0.010424039
375316653866487564,4076569519004213504,0.48291206,2313.9945900720813,2.95508856518334,4.220226E-5,19.226772,0.008664832,0.17875245,0.014243234,0.061857373,0.019174416,0.21916556,0.07926389,0.7130554,0.011532522,0.0759867,0.017420337,0.19722377,0.022434331,null,null,null,null,"TWOGAUSSIANS",8,2.6133168,0.17875245,0.014243234,0.34640127,0.107376724,0.21894099,0.07963062,0.7130554,0.011532522,0.4,0.0028575163,0.19699919,0.022935785
375316653866487564,4076569931342768256,0.5680559,2324.1615409674046,3.21627176003128,4.280104E-5,19.405083,0.009632485,0.29988006,0.0026439284,0.06797619,0.0017843142,0.2694664,0.014808898,0.808811,0.0061068777,0.05422306,0.007609398,0.39950734,0.046107303,null,null,null,null,"TWOGAUSSIANS",8,1.0701293,0.808811,0.0061068777,0.30364913,0.04261263,0.39939842,0.0461839,0.29988006,0.0026439284,0.38066667,0.00999216,0.2693575,0.014741501
375316653866487564,4076570274918923136,0.6043435,2288.445790259855,2.2676518248941075,1.29027085E-5,17.608908,0.04128125,0.33505505,0.003894487,0.103435405,0.014828462,0.2907054,0.036895793,0.8288296,0.0036946838,0.10326206,0.012182079,0.3751591,0.038277786,null,null,null,null,"TWOGAUSSIANS",8,2.8579464,0.8288296,0.0036946838,0.4,0.0,0.34230772,0.01141659,0.33505505,0.0038978534,0.4,0.0,0.25785524,0.012398824
375316653866487564,4076570717284509440,0.4373763,2286.7368357072646,1.9902740593025936,5.0677147E-5,19.264874,0.094466954,0.23599559,0.03703985,0.10778606,0.05150487,0.2877257,0.15857138,0.7810477,0.019014942,0.063006304,0.040148657,0.56584305,0.15503019,null,null,null,null,"TWOGAUSSIANS",8,25.045584,0.7810577,0.018905513,0.35283533,0.09597526,0.5615784,0.18147606,0.23599559,0.037038438,0.4,0.0,0.2834213,0.1515204
375316653866487564,4076571030833209088,0.47614473,2262.0462537709705,0.12652473833568018,5.3230564E-5,18.038538,0.005415846,0.16876644,0.00548603,0.04579698,0.0077767866,0.18617459,0.032087404,0.5602978,0.021994157,0.11869254,0.018102191,0.14353569,0.013329464,null,null,null,null,"TWOGAUSSIANS",8,5.7931623,0.16896644,0.00546526,0.25646308,0.043550007,0.1865032,0.032313168,0.5602978,0.021994157,0.4,0.0,0.14323992,0.013382578
375316653866487564,4076571236991869312,0.48587576,2304.394231095299,0.6024595458768044,1.3505637E-4,19.201384,0.043414667,0.28219372,0.0033066361,0.025872856,0.0046228236,0.16616398,0.019111978,0.47900838,0.020119205,0.19969955,0.06999787,0.13576934,0.037544806,null,null,null,null,"TWOGAUSSIANS",8,1.4634616,0.2838537,0.0030308592,0.144888,0.025887813,0.23826589,0.030407771,0.47900838,0.020119205,0.4,0.0,0.123951465,0.017787311
375316653866487564,4076571718048525824,0.6133457,2326.9501809568246,1.7225533682581364,1.756106E-5,16.802092,0.004639991,0.25324148,0.0029298428,0.041725002,0.0028707955,0.2819165,0.014116274,0.76102364,0.004065825,0.03650347,0.008141647,0.18167922,0.016957425,0.033211157,0.0060526403,0.25324148,0.0029298428,"TWOGAUSSIANS_WITH_ELLIPSOIDAL_ON_ECLIPSE1",9,4.536221,0.25324148,0.0029298428,0.23366001,0.016076455,0.34833866,0.010599966,0.76102364,0.004065825,0.20441945,0.045593224,0.2479427,0.017271867
375316653866487564,4076572400887462016,0.66838604,2277.090103333514,0.24866373915818865,2.3733066E-6,16.070404,0.0024362416,0.3612964,0.0044640796,0.026449407,0.0052698003,0.13958432,0.049207166,0.73373884,0.010288946,0.059780795,0.0025231848,2.2580314,0.48323858,null,null,null,null,"TWOGAUSSIANS",8,5.154738,0.73373884,0.010288946,0.33477244,0.014129835,2.2580314,0.48323858,0.3612964,0.0044640796,0.14811668,0.029510884,0.13958432,0.04920716
375316653866487564,4076572778844764416,0.57059675,2328.529147479009,1.647400177715682,1.4366237E-5,17.151657,0.06277407,0.21144143,0.0040478664,0.10746327,0.023626173,0.28400445,0.050674506,0.7175722,0.010660845,0.11495569,0.035616685,0.20536679,0.056509983,null,null,null,null,"TWOGAUSSIANS",8,7.9891834,0.21143143,0.004029972,0.4,0.0,0.24815126,0.00978464,0.71758217,0.010690091,0.4,0.0,0.16949245,0.017394327
375316653866487564,4076573401662289152,0.44127783,2302.637750227965,2.9915690057735933,1.0317057E-4,19.423914,0.19745758,0.33168858,0.12865646,0.054551557,0.12740175,0.30050036,0.13000174,0.7000749,0.09776407,0.20820105,0.12425405,0.53643674,0.18348958,null,null,null,null,"TWOGAUSSIANS",8,4.610365,0.7000749,0.09776407,0.4,0.0,0.4697377,0.15479371,0.3410886,0.13175774,0.3054887,0.14144033,0.3553764,0.1929148
375316653866487564,4076573706557786624,0.5605178,2271.6062019899127,3.518019296439096,1.5747826E-5,17.811405,0.006495489,0.28170317,0.008722566,0.06897774,0.009244294,0.10438269,0.00821817,0.789185,0.029153796,0.078906655,0.02107562,0.1259367,0.018020146,null,null,null,null,"TWOGAUSSIANS",8,1.4063097,0.789185,0.029153796,0.4,0.0,0.12529834,0.016129665,0.28170317,0.008722566,0.38627535,0.036260977,0.103744306,0.0074258554
375316653866487564,4076574088869204224,0.6185563,2272.156070696884,1.8507817105948976,6.244088E-6,16.835285,0.010539105,0.2306328,0.0055761957,0.08788193,0.0050556757,0.347991,0.013589431,0.7317966,0.0050971503,0.09818324,0.012330188,0.27720815,0.017049136,null,null,null,null,"TWOGAUSSIANS",8,5.941563,0.2306328,0.0055761957,0.4,0.0,0.33164367,0.009922969,0.7317966,0.0050971503,0.4,0.0,0.26085958,0.02323129
375316653866487564,4076574393752717824,0.49399525,2281.915037628413,0.20513591755552874,6.171778E-5,17.352404,0.014434755,0.3672243,0.009290334,0.046001434,0.010554293,0.26050147,0.07110996,0.763127,0.0045816936,0.11224026,0.017456077,0.22916725,0.02489241,null,null,null,null,"TWOGAUSSIANS",8,3.0605927,0.36734432,0.009274419,0.25760803,0.05910404,0.26066232,0.07141399,0.763127,0.0045816936,0.4,0.0,0.22887166,0.025083153
375316653866487564,4076574638606873216,0.4772096,2287.1432684404076,4.303631683994147,4.343935E-5,19.091604,0.01571191,0.25030592,0.0073883804,0.07690074,0.011060338,0.19151172,0.022258634,0.7290815,0.016618451,0.084543504,0.02015183,0.22473438,0.040997412,null,null,null,null,"TWOGAUSSIANS",8,2.6371627,0.7290815,0.016618451,0.4,0.0,0.22246602,0.041485008,0.25030592,0.0073883804,0.4,0.0037696955,0.18924339,0.02128085
375316653866487564,4076574771708449792,0.6290012,2223.4418401215567,2.405405530137644,9.279499E-6,12.538887,0.118824616,0.32679155,0.008550068,0.068310514,0.043910872,0.1255695,0.20679072,0.82141286,0.0056337696,0.06864198,0.056909837,0.120883614,0.21491885,0.08447572,0.10536627,0.82141286,0.0056337696,"TWOGAUSSIANS_WITH_ELLIPSOIDAL_ON_ECLIPSE2",9,183.19168,0.32501155,0.0044900435,0.38253888,0.12458019,0.29411533,0.037810266,0.82141286,0.0056337696,0.3843951,0.22350742,0.28955844,0.054298818
375316653866487564,4076575085301832960,0.57199234,2297.043455034961,2.707602356942046,8.944059E-6,15.424302,0.0017275829,null,null,null,null,null,null,null,null,null,null,null,null,0.06871573,0.00312723,0.24803798,0.0021406072,"ELLIPSOIDAL",4,17.64904,null,null,null,null,null,null,null,null,null,null,null,null
375316653866487564,4076575115307322624,0.5548749,2233.5511969103904,4.503913985784153,6.4907086E-5,18.099186,0.005904718,0.46128076,0.10658156,0.04091755,0.019822624,0.32233053,0.6710833,0.82189626,0.024549225,0.06001429,0.027299285,0.22458036,30.78788,0.00760624,0.008337781,0.82189626,0.024549225,"TWOGAUSSIANS_WITH_ELLIPSOIDAL_ON_ECLIPSE2",9,2.346624,0.46079078,0.10593718,0.22913828,0.11100669,0.32855657,0.67456543,0.82189626,0.024549225,0.33608,0.15287599,0.23975708,30.784836
375316653866487564,4076575493264486400,0.5120633,2314.729881230452,0.266052185598334,7.408981E-5,18.976679,0.010794216,0.46565214,0.008160244,0.072787836,0.012882748,0.2084935,0.01757215,0.8211751,0.013348292,0.03460957,0.0055996017,0.43214768,0.31175572,null,null,null,null,"TWOGAUSSIANS",8,2.528594,0.8211751,0.013348292,0.19381359,0.03135777,0.43214905,0.31175616,0.46565214,0.008160244,0.4,0.028417382,0.20849349,0.01757221
375316653866487564,4076575527624273664,0.6047198,2280.3266235869305,1.2067482391585773,2.845589E-5,17.683447,0.004793697,0.25943998,0.021426842,0.04966734,0.023483953,0.091923356,0.21451923,0.74874103,0.005283513,0.044020224,0.0035618735,0.70360416,0.08445504,null,null,null,null,"TWOGAUSSIANS",8,5.7325554,0.74874103,0.005283513,0.24651326,0.019946491,0.703604,0.08445538,0.25943998,0.021426842,0.2781371,0.13151014,0.09192319,0.21451946
375316653866487564,4076576077381386624,0.49922112,2224.518355429849,1.8779904463041268,3.3540066E-4,18.237951,0.0074763456,0.32526788,0.00434903,0.034258973,0.002090333,0.43390012,0.029333072,null,null,null,null,null,null,null,null,null,null,"ONEGAUSSIAN",5,8.564327,0.32526788,0.00434903,0.19185026,0.011705865,0.43390012,0.0,null,null,null,null,null,null
375316653866487564,4076577043787341568,0.47899073,2268.3605500674735,1.407066347808345,1.0366507E-4,19.326237,0.0073931366,0.22128184,0.0813804,0.058589883,0.037684355,0.020274952,0.03748771,0.6445217,0.0064206203,0.071864784,0.0051275287,0.26639435,0.00942843,null,null,null,null,"TWOGAUSSIANS",8,1.6921389,0.6445217,0.0064206203,0.4,0.01289494,0.2663852,0.009420036,0.22128184,0.0813804,0.32810333,0.21103239,0.02026582,0.03749583
375316653866487564,4076577112526110080,0.502598,2228.9766692824655,0.22379901436543922,3.43429E-5,18.021667,0.02359245,0.20707506,0.022493353,0.09497822,0.04224245,0.14236057,0.01578379,0.7977917,0.0036369376,0.036566835,0.0070467056,0.20097947,0.050809518,null,null,null,null,"TWOGAUSSIANS",8,6.1322064,0.7977917,0.0036391965,0.20477429,0.039461553,0.20098096,0.050734155,0.20707506,0.022493353,0.4,0.0,0.14234884,0.015153691
375316653866487564,4076577146866853504,0.5160272,2256.1767996038116,0.20781295271042546,1.1404108E-4,18.3481,0.0149044935,0.15585302,0.023885058,0.113036215,0.03794511,0.117250256,0.039023593,0.57103235,0.026838902,0.1003577,0.018610176,0.19143768,0.022005804,null,null,null,null,"TWOGAUSSIANS",8,1.7942233,0.57103235,0.026838902,0.4,0.0,0.1847285,0.02382323,0.15602303,0.023704996,0.4,0.0,0.110439904,0.04028121
375316653866487564,4076577383049996544,0.5798822,2254.4257788498694,2.317947636684978,1.8732631E-5,17.126942,0.010767081,0.32744992,0.0035393073,0.043817066,0.014208065,0.13051802,0.038931955,0.82509863,0.01591177,0.02169701,0.014168634,0.10426746,0.03665654,0.11449692,0.014828031,0.32744992,0.0035393073,"TWOGAUSSIANS_WITH_ELLIPSOIDAL_ON_ECLIPSE1",9,22.916996,0.32744992,0.0035393073,0.24537557,0.07956517,0.35951167,0.03945011,0.82527864,0.015680635,0.12150326,0.07934435,0.33321494,0.015538209
375316653866487564,4076577589229668864,0.5518719,2230.818163380457,3.264664089868161,9.623835E-6,18.473932,0.015323138,0.18245788,0.0025706023,0.09323911,0.008014794,0.28673503,0.024736755,0.71181184,0.01112433,0.08831573,0.008613038,0.3691026,0.040527176,null,null,null,null,"TWOGAUSSIANS",8,1.6672106,0.71181184,0.01112433,0.4,0.0,0.35987642,0.040705044,0.18245788,0.0025706023,0.4,0.0,0.27750823,0.025707494
375316653866487564,4076578349476583808,0.49193814,2233.198751411136,0.20524675622438282,2.1865832E-5,19.425749,0.01760898,null,null,null,null,null,null,null,null,null,null,null,null,0.12800802,0.010907641,0.30600727,0.016895073,"ELLIPSOIDAL",4,1.86267,null,null,null,null,null,null,null,null,null,null,null,null
375316653866487564,4076578418176514304,0.49173185,2228.307175794569,4.504321627463037,4.4399356E-5,18.844755,0.025253974,0.31161633,0.0092557,0.10845917,0.031881146,0.12796599,0.024460938,0.8017341,0.0075109075,0.06357484,0.010864194,0.18589549,0.039528508,null,null,null,null,"TWOGAUSSIANS",8,1.6640096,0.8017341,0.0075109075,0.35601914,0.06083948,0.18243143,0.036188424,0.31161633,0.0092557,0.4,0.0,0.124495186,0.020562952
375316653866487564,4076578624334501248,0.45085946,2227.507250165816,0.6513385716141679,2.7932078E-5,18.92669,0.017250009,0.20040974,0.007426296,0.07267185,0.014166194,0.1711685,0.030200455,0.71009356,0.1913703,0.052281257,0.04215781,0.350362,0.46377125,null,null,null,null,"TWOGAUSSIANS",8,4.4072385,0.71009356,0.1913703,0.29277503,0.16036431,0.3502518,0.4652891,0.20040974,0.007426296,0.4,0.016779099,0.1710583,0.030320792
375316653866487564,4076578658694349312,0.49362046,2228.2875208528353,0.20519987685980629,1.017149E-4,18.869287,0.009858299,0.79458696,0.01167835,0.090956494,0.018042596,0.18202588,0.028315753,0.3336147,0.054768257,0.07129218,0.028532559,0.14102802,0.035919197,null,null,null,null,"TWOGAUSSIANS",8,1.7112851,0.79458696,0.01167835,0.4,0.0,0.18072997,0.029760046,0.3336147,0.054767944,0.39923617,0.08942751,0.1397326,0.028806167
375316653866487564,4076579861286051200,0.47639534,2163.3274894248007,0.36454331687591557,5.2569423E-5,18.652233,0.01274771,0.7592238,0.014282351,0.14394538,0.02349875,0.07561232,0.01515269,0.5556277,0.005504634,0.026365396,0.0140791,0.48672828,1350.5621,null,null,null,null,"TWOGAUSSIANS",8,1.9376543,0.5560177,0.0053333133,0.14764622,0.07884297,0.5142279,1350.5624,0.7592238,0.014282351,0.4,0.0,0.075249545,0.014397708
375316653866487564,4076579998744127872,0.5908875,2228.1839581726845,2.2948338694857093,1.5108764E-5,16.24498,0.012222346,0.23517995,0.0031038013,0.09131153,0.006725772,0.187459,0.012220506,0.73350084,0.005356636,0.09023403,0.009882973,0.28473145,0.024126701,null,null,null,null,"TWOGAUSSIANS",8,14.8342705,0.73350084,0.005356636,0.4,0.0,0.27462858,0.02657488,0.23517995,0.0031038013,0.4,0.0,0.17735612,0.0074984576
375316653866487564,4076580273622114432,0.57032776,2233.0006465685465,2.4892736964871762,9.055348E-6,15.923943,0.0069243987,0.30576664,0.0037404108,0.06736836,0.019089067,0.02468157,0.016974585,0.79648095,0.009122904,0.031975526,0.011498727,0.041613888,0.015465551,0.063012846,0.008645776,0.30576664,0.0037404108,"TWOGAUSSIANS_WITH_ELLIPSOIDAL_ON_ECLIPSE1",9,14.748261,0.7983009,0.008239569,0.17906295,0.06439287,0.16726936,0.0075781145,0.30576664,0.0037404108,0.3772628,0.09442005,0.15068151,0.006594653
