Gaia/vari_eclipsing_binary/VariEclipsingBinary_673740-673765.csv
# %ECSV 1.0
# ---
# delimiter: ','
# meta: !!omap
# - RELEASE: Gaia DR3
# - TABLE: vari_eclipsing_binary
# - DESCRIPTION: >
#     This table describes the properties of the eclipsing binaries resulting from the variability analysis. 
# - CITATION: >
#     How to cite and acknowledge Gaia: 
#     https://gea.esac.esa.int/archive/documentation/credits.html 
# - KNOWN_ISSUES: >
#     Known issues: 
#     https://www.cosmos.esa.int/web/gaia-users/known-issues 
# - DOCUMENTATION: >
#     Tutorials and documentation: 
#     https://www.cosmos.esa.int/web/gaia-users/archive 
# datatype:
# - 
#   name: solution_id
#   datatype: int64
#   description: Solution Identifier
#   meta:
#     ucd: meta.version
# - 
#   name: source_id
#   datatype: int64
#   description: Unique source identifier
#   meta:
#     ucd: meta.id;meta.main
# - 
#   name: global_ranking
#   datatype: float32
#   description: Number between 0 (worst) and 1 (best)
#   meta:
#     ucd: stat.param
# - 
#   name: reference_time
#   datatype: float64
#   unit: d
#   description: Reference time used for the geometric model fit
#   meta:
#     ucd: time.epoch
# - 
#   name: frequency
#   datatype: float64
#   unit: d**-1
#   description: Frequency of geometric model of the eclipsing binary light curve
#   meta:
#     ucd: src.orbital
# - 
#   name: frequency_error
#   datatype: float32
#   unit: d**-1
#   description: "Uncertainty of \\texttt{frequency}"
#   meta:
#     ucd: stat.error
# - 
#   name: geom_model_reference_level
#   datatype: float32
#   unit: mag
#   description: Magnitude reference level of geometric model
#   meta:
#     ucd: phot.mag;em.opt
# - 
#   name: geom_model_reference_level_error
#   datatype: float32
#   unit: mag
#   description: "Uncertainty of \\texttt{geomModelReferenceLevel}"
#   meta:
#     ucd: stat.error;phot.mag;em.opt
# - 
#   name: geom_model_gaussian1_phase
#   datatype: float32
#   description: Phase of the Gaussian 1 component
#   meta:
#     ucd: time.phase
# - 
#   name: geom_model_gaussian1_phase_error
#   datatype: float32
#   description: "Uncertainty of \\texttt{geomModelGaussian1Phase}"
#   meta:
#     ucd: stat.error;time.phase
# - 
#   name: geom_model_gaussian1_sigma
#   datatype: float32
#   description: "Standard deviation [phase] of Gaussian 1 component"
#   meta:
#     ucd: stat.stdev
# - 
#   name: geom_model_gaussian1_sigma_error
#   datatype: float32
#   description: "Uncertainty of \\texttt{geomModelGaussian1Sigma}"
#   meta:
#     ucd: stat.error
# - 
#   name: geom_model_gaussian1_depth
#   datatype: float32
#   unit: mag
#   description: Magnitude depth of Gaussian 1 component
#   meta:
#     ucd: src.var.amplitude
# - 
#   name: geom_model_gaussian1_depth_error
#   datatype: float32
#   unit: mag
#   description: "Uncertainty of \\texttt{geomModelGaussian1Depth}"
#   meta:
#     ucd: stat.error;src.var.amplitude
# - 
#   name: geom_model_gaussian2_phase
#   datatype: float32
#   description: Phase of Gaussian 2 component
#   meta:
#     ucd: time.phase
# - 
#   name: geom_model_gaussian2_phase_error
#   datatype: float32
#   description: "Uncertainty of \\texttt{geomModelGaussian2Phase}"
#   meta:
#     ucd: stat.error;time.phase
# - 
#   name: geom_model_gaussian2_sigma
#   datatype: float32
[...]
#   datatype: float32
#   description: "Secondary eclipse: uncertainty of \\texttt{derivedSecondaryEclDuration}"
#   meta:
#     ucd: stat.error;time.duration
# - 
#   name: derived_secondary_ecl_depth
#   datatype: float32
#   unit: mag
#   description: "Secondary eclipse: depth"
#   meta:
#     ucd: src.var.amplitude
# - 
#   name: derived_secondary_ecl_depth_error
#   datatype: float32
#   unit: mag
#   description: "Secondary eclipse: uncertainty of \\texttt{derivedSecondaryEclDepth}"
#   meta:
#     ucd: stat.error;src.var.amplitude
solution_id,source_id,global_ranking,reference_time,frequency,frequency_error,geom_model_reference_level,geom_model_reference_level_error,geom_model_gaussian1_phase,geom_model_gaussian1_phase_error,geom_model_gaussian1_sigma,geom_model_gaussian1_sigma_error,geom_model_gaussian1_depth,geom_model_gaussian1_depth_error,geom_model_gaussian2_phase,geom_model_gaussian2_phase_error,geom_model_gaussian2_sigma,geom_model_gaussian2_sigma_error,geom_model_gaussian2_depth,geom_model_gaussian2_depth_error,geom_model_cosine_half_period_amplitude,geom_model_cosine_half_period_amplitude_error,geom_model_cosine_half_period_phase,geom_model_cosine_half_period_phase_error,model_type,num_model_parameters,reduced_chi2,derived_primary_ecl_phase,derived_primary_ecl_phase_error,derived_primary_ecl_duration,derived_primary_ecl_duration_error,derived_primary_ecl_depth,derived_primary_ecl_depth_error,derived_secondary_ecl_phase,derived_secondary_ecl_phase_error,derived_secondary_ecl_duration,derived_secondary_ecl_duration_error,derived_secondary_ecl_depth,derived_secondary_ecl_depth_error
[from data line 472]
375316653866487564,5926470963421972480,0.46531805,2271.45502686088,0.746464772371019,6.151233E-5,17.08717,0.0038814014,0.23558253,0.0070500704,0.018110255,0.00438334,0.29254135,0.013365541,0.7358805,0.0030752907,0.024797527,0.002970565,0.21655576,0.016858168,null,null,null,null,"TWOGAUSSIANS",8,15.003884,0.23558253,0.0070500704,0.10141742,0.024546703,0.29254135,0.013365541,0.7358805,0.0030752907,0.13886616,0.016635165,0.21655576,0.016858168
375316653866487564,5926471341379017984,0.56801337,2285.8307767749407,2.208325009500939,1.9939393E-5,16.993076,0.018408129,0.2832338,0.0020098654,0.05767156,0.004703936,0.3331397,0.044014372,0.7862603,0.002159007,0.05778463,0.0057463762,0.2572393,0.038528215,0.07963188,0.022498503,0.2832338,0.0020098654,"TWOGAUSSIANS_WITH_ELLIPSOIDAL_ON_ECLIPSE1",9,29.207983,0.2832338,0.0020098654,0.32296073,0.026342042,0.49235776,0.019080166,0.7862603,0.002159007,0.32359394,0.032179706,0.41639978,0.013253445
375316653866487564,5926471783721275264,0.5521977,2292.435929218581,3.258167245915187,1.1350304E-5,18.179329,0.017585238,0.29230294,0.0028700475,0.10887897,0.008062809,0.22078706,0.016924862,0.7960998,0.0035860816,0.10870608,0.0108706495,0.1813811,0.016634025,null,null,null,null,"TWOGAUSSIANS",8,1.5866746,0.29230294,0.0028714123,0.4,0.0,0.19339664,0.0065982975,0.7960998,0.0036039734,0.4,0.0,0.1539931,0.004857549
375316653866487564,5926471925456803072,0.4644479,2276.9028896124523,2.9268932455870624,5.522127E-5,19.03384,0.06320585,0.1973644,0.011183274,0.10947088,0.030256955,0.2408306,0.059715785,0.7079955,0.0080665555,0.09334194,0.02417161,0.26792318,0.05659311,null,null,null,null,"TWOGAUSSIANS",8,8.284227,0.7080055,0.008085777,0.4,0.0,0.24678129,0.027263291,0.1973644,0.011183768,0.4,0.0,0.21967353,0.024950396
375316653866487564,5926472200386894080,0.4358443,2296.7815627258724,0.5545293096363864,7.13616E-5,19.608433,0.017298508,0.06605175,0.01699935,0.016758904,0.020185709,0.36939615,3.8203706E21,0.6330451,0.0075000743,0.009588491,0.007839861,0.55135685,0.17664145,0.06445688,0.03353135,0.06605175,0.01699935,"TWOGAUSSIANS_WITH_ELLIPSOIDAL_ON_ECLIPSE1",9,6.161181,0.6330451,0.0075000743,0.053695552,0.043903224,0.65874654,0.18455553,0.06605175,0.01699935,0.09384986,0.11303998,0.4983096,3.8203706E21
375316653866487564,5926472509573048704,0.5729674,2264.324259097214,2.440576406613535,2.1936783E-5,19.129906,0.011924788,0.28265876,0.011269396,0.08642109,0.011560565,0.2737418,0.019374622,0.79370457,0.003432069,0.082202636,0.0052441936,0.43858865,0.012340101,null,null,null,null,"TWOGAUSSIANS",8,1.8277427,0.79370457,0.003432069,0.4,0.0,0.43164286,0.008680492,0.28265876,0.011269396,0.4,0.0,0.266796,0.018197909
375316653866487564,5926472539635547904,0.46442112,2273.434926193391,0.6554503206804019,2.9190996E-5,15.565746,0.0038266266,0.24427405,0.0040099984,0.027509367,0.0041246735,0.15884951,0.017233545,0.7521404,0.04399821,0.037322193,0.022450047,0.04771595,0.02808315,null,null,null,null,"TWOGAUSSIANS",8,100.92192,0.24427405,0.0040099984,0.15405245,0.023098173,0.15884951,0.017233545,0.7521404,0.04399821,0.20900428,0.12572026,0.04771595,0.02808315
375316653866487564,5926473162408336000,0.5891859,2271.6013740807985,3.0626597394761026,1.3602355E-5,18.946852,0.00589219,0.29010648,0.005060238,0.075242825,0.00629801,0.48724148,0.012381409,0.7935888,0.0033905806,0.068118945,0.0034133892,0.49090713,0.022800917,null,null,null,null,"TWOGAUSSIANS",8,2.241005,0.7935888,0.0033905806,0.3814661,0.01911498,0.48885825,0.022938013,0.29010648,0.005060238,0.4,0.0,0.48519257,0.012187094
375316653866487564,5926473196768227456,0.53346604,2283.789198859596,0.39179690570530756,1.6306438E-5,18.498817,0.0034333996,0.2520429,0.008802024,0.03126705,0.02266473,0.08799019,0.027751632,0.75720084,0.009070883,0.019752968,0.008148784,0.43271747,3.9574492,0.050027736,0.007761818,0.2520429,0.008802024,"TWOGAUSSIANS_WITH_ELLIPSOIDAL_ON_ECLIPSE1",9,2.6694388,0.75720084,0.009069829,0.11061662,0.045633186,0.5326679,3.9581425,0.2520429,0.008802024,0.17509548,0.12692249,0.18804565,0.034896657
375316653866487564,5926473849601623680,0.45449188,2267.3886796001148,3.0086024481578795,3.1790256E-5,19.755238,0.032364387,0.20031714,0.009296942,0.08433475,0.01652578,0.23662856,0.033345778,0.7020397,0.00610721,0.08443184,0.018058222,0.23443969,0.03357997,null,null,null,null,"TWOGAUSSIANS",8,3.3193102,0.20031714,0.009296942,0.4,0.0,0.23095387,0.028462162,0.7020397,0.00610721,0.4,0.0,0.22876498,0.032523125
375316653866487564,5926473884000238464,0.5665317,2269.056121882555,2.735693784740542,1.1117354E-5,17.768112,0.0056031146,0.23919141,0.0036837575,0.088354506,0.0035337294,0.26969767,0.00918098,0.7452305,0.0026828088,0.08190423,0.003067175,0.25311956,0.00623993,null,null,null,null,"TWOGAUSSIANS",8,5.2009645,0.23919141,0.0036837575,0.4,0.0,0.26338664,0.008799398,0.7452305,0.0026828088,0.4,0.0,0.24680859,0.0052145594
375316653866487564,5926474429420169856,0.49436417,2296.981670471341,2.65355883688644,6.3916144E-5,18.19576,0.030984135,0.18310915,0.0089273015,0.08570104,0.05106865,0.052692484,0.027000895,0.6796795,0.008685649,0.112623714,0.022224432,0.1625406,0.028942397,null,null,null,null,"TWOGAUSSIANS",8,3.6832106,0.6796795,0.008685649,0.4,0.0,0.1547766,0.0079502035,0.18311915,0.008950466,0.4,0.0,0.044945702,0.0076567824
375316653866487564,5926474605516426240,0.54173654,2283.552947552085,3.020721837071234,1.8211926E-5,15.816547,0.008841366,0.26305154,0.00538455,0.08406877,0.0057321526,0.262441,0.010419777,0.76567596,0.0025729472,0.09123329,0.004040786,0.26986444,0.011009197,null,null,null,null,"TWOGAUSSIANS",8,62.571503,0.76567596,0.0025729472,0.4,0.0,0.2611366,0.009976689,0.26305154,0.00538455,0.4,0.0,0.2537133,0.008601555
375316653866487564,5926475086556679680,0.5197049,2288.843686577627,3.306501505233225,2.3271125E-5,19.799822,0.020334458,0.23320317,0.0043968256,0.08653486,0.007437119,0.42838034,0.029648248,0.74386626,0.006511318,0.08723736,0.0097232945,0.41208103,0.03208777,null,null,null,null,"TWOGAUSSIANS",8,2.4064474,0.23320317,0.0043968256,0.4,0.0,0.41718277,0.028735057,0.74386626,0.006511318,0.4,0.0,0.40088344,0.033080492
375316653866487564,5926475494581706112,0.5187093,2284.547078563639,3.1031518786470844,1.0920518E-5,18.366377,0.027295712,0.21355166,0.013356886,0.027475178,0.00862284,0.4126922,0.062407963,0.6800757,0.00478251,0.056885332,0.008218109,0.55912817,0.05217245,0.08935335,0.039257776,0.21355166,0.013356886,"TWOGAUSSIANS_WITH_ELLIPSOIDAL_ON_ECLIPSE1",9,32.25137,0.6825457,0.0036177754,0.31855786,0.04602141,0.7306075,0.04858324,0.21355166,0.013356886,0.15386099,0.048287906,0.5913955,0.065056734
375316653866487564,5926475498869340160,0.46884713,2291.3183194747976,1.9998988838913134,1.2512497E-5,19.548225,0.008215404,0.33067858,0.005825085,0.039313525,0.0075530936,0.34733054,0.1339398,0.8061844,0.0020901707,0.026091686,0.008149892,0.14577594,0.061539624,null,null,null,null,"TWOGAUSSIANS",8,2.5118167,0.33067858,0.005825085,0.22015575,0.042297326,0.34733054,0.1339398,0.8061844,0.0020901707,0.14611344,0.045639396,0.14577594,0.061539624
375316653866487564,5926475498869381760,0.5393488,2293.9885537534014,2.8195580648114333,1.1146278E-5,19.01308,0.004155164,0.27385104,0.0041924054,0.06593456,0.0067221094,0.16721661,0.030958254,0.7724906,0.0018533374,0.06287908,0.002152032,0.3559601,0.0116287265,null,null,null,null,"TWOGAUSSIANS",8,1.6100049,0.7724906,0.0018533374,0.35212284,0.012051379,0.35571325,0.0116314525,0.27385104,0.0041924054,0.36923352,0.037643813,0.16696976,0.031112378
375316653866487564,5926475567627429760,0.4673643,2251.8956656999035,2.1661738040115326,3.6855872E-5,17.190845,0.03190916,0.24249174,0.0064323046,0.07146107,0.0119848475,0.2336189,0.026744206,0.70038384,0.022702977,0.12362885,0.06272254,0.09387728,0.025922002,null,null,null,null,"TWOGAUSSIANS",8,19.943325,0.24255173,0.006374195,0.4,0.034795925,0.22858095,0.016942013,0.70038384,0.022702977,0.4,0.0,0.08873441,0.017145766
375316653866487564,5926475876826850688,0.47002748,2276.6254302120205,3.5153209194649735,3.4841648E-6,19.490396,0.00969491,0.44060493,0.029583303,0.02050031,0.00784881,0.34892318,0.76322824,0.7964542,3.639821E-4,0.021800458,8.900027E-4,1.5789708,0.15968782,null,null,null,null,"TWOGAUSSIANS",8,6.4975963,0.7964542,3.639821E-4,0.12208257,0.004984015,1.5789708,0.15968782,0.44060493,0.029583303,0.114801735,0.043953337,0.34892318,0.76322824
375316653866487564,5926476323503670656,0.4376642,2289.1515518185206,3.0669904915472808,8.6798624E-5,19.408602,0.019731276,0.26686886,0.021533504,0.06494966,0.102610074,0.06822389,0.9467298,0.8731113,0.016093148,0.03557722,0.008665101,0.13159923,0.051691506,0.0854338,0.022418255,0.26686886,0.021533504,"TWOGAUSSIANS_WITH_ELLIPSOIDAL_ON_ECLIPSE1",9,10.8754225,0.26686886,0.021533504,0.36371812,0.53885216,0.23904885,0.956532,0.8731113,0.016093148,0.19923243,0.048524566,0.23694241,0.036401458
375316653866487564,5926477251217140992,0.5345936,2280.3713105319575,3.3389804448808147,1.6397142E-5,19.492317,0.0122275045,0.25683463,0.0031051254,0.08235538,0.0047942065,0.41851914,0.017442659,0.7538736,0.003235174,0.0862254,0.006540615,0.38928196,0.034852155,null,null,null,null,"TWOGAUSSIANS",8,2.0399408,0.25683463,0.0031051254,0.4,0.0,0.40910956,0.016802724,0.7538736,0.003235174,0.4,0.0,0.37987235,0.036989346
375316653866487564,5926477418718167552,0.6274374,2261.4613730243814,1.0764320952155502,3.6060835E-6,16.691795,0.008089687,0.159889,0.001394064,0.10939149,0.006554582,0.2157482,0.0055195875,0.6647487,7.518584E-4,0.100099385,0.0030752895,0.27540818,0.0070944917,null,null,null,null,"TWOGAUSSIANS",8,1.7103329,0.6647487,7.518584E-4,0.4,0.0,0.24894589,0.0034664657,0.159889,0.001394064,0.4,0.0,0.1892753,0.00923064
375316653866487564,5926477766612895232,0.59423316,2254.4649326389704,2.51420545312071,1.18445305E-5,18.638979,0.014866466,0.3137647,0.004313125,0.078098334,0.0041649113,0.43598965,0.024791643,0.8089001,0.0022801587,0.08305344,0.005537361,0.45399746,0.012685822,null,null,null,null,"TWOGAUSSIANS",8,3.1302824,0.8089001,0.0022801587,0.4,0.0,0.4474189,0.011455748,0.3137647,0.004313125,0.4,0.0,0.42941108,0.023552999
375316653866487564,5926477766613059584,0.517064,2259.0318431849273,3.1147761250805672,1.9186844E-5,19.437382,0.022571273,0.31939188,0.0046657007,0.08308505,0.011436658,0.41913742,0.0482402,0.8354898,0.0036837924,0.08302626,0.0076180147,0.32888055,0.022356514,null,null,null,null,"TWOGAUSSIANS",8,2.041489,0.31939188,0.0046657007,0.4,0.0,0.41319048,0.05303765,0.8354898,0.0036837924,0.4,0.0,0.3229336,0.018924113
375316653866487564,5926477904052174080,0.5195652,2286.782745221132,3.205372351565383,1.8748815E-5,19.329355,0.02887607,0.2407166,0.0065656435,0.099287756,0.016894015,0.28378215,0.023892276,0.7206649,0.0048220097,0.0831696,0.007974868,0.39912337,0.03828243,null,null,null,null,"TWOGAUSSIANS",8,3.0525186,0.7206649,0.0048220097,0.4,0.0,0.38780946,0.035708264,0.2407166,0.0065656435,0.4,0.0,0.27246556,0.017842317
375316653866487564,5926478105912554880,0.48589838,2260.302226015329,0.33934499602371837,6.989341E-5,17.766285,0.010794494,0.26417416,0.0056147296,0.103678316,0.01749572,0.07336661,0.009289728,0.754803,0.01007526,0.10808228,0.032645736,0.03770311,0.009880593,null,null,null,null,"TWOGAUSSIANS",8,1.0736506,0.26417416,0.0056047724,0.4,0.0,0.067656286,0.0041742763,0.754803,0.01007526,0.4,0.0,0.031992387,0.0029404107
375316653866487564,5926478380790553216,0.49234498,2263.4740493829827,0.5801909710971046,8.6789E-6,18.557543,0.003139594,0.09933459,9.7501546E-4,0.01224198,0.0014213513,0.9459321,0.6003402,0.3363186,0.020424528,0.011384092,0.0190699,0.24442632,0.829082,null,null,null,null,"TWOGAUSSIANS",8,4.207795,0.09933459,9.7501546E-4,0.06855509,0.007959568,0.9459321,0.6003402,0.3363186,0.020424528,0.063750915,0.106791444,0.24442632,0.829082
375316653866487564,5926478385088866432,0.4737874,2267.3199220229867,3.5974864734735084,1.89856E-5,19.490183,0.03588887,0.26870736,0.007121787,0.09370337,0.014807858,0.2903166,0.034487244,0.76840895,0.007514465,0.096230246,0.017677657,0.2617385,0.031524353,null,null,null,null,"TWOGAUSSIANS",8,3.585293,0.26870736,0.007121787,0.4,0.0,0.27316707,0.024445418,0.76840895,0.007514465,0.4,0.0,0.2445886,0.0177351
375316653866487564,5926479141003779456,0.46365356,2297.0904569951476,2.5244457726173906,1.5281441E-5,18.470299,0.015136708,0.2980768,0.049319796,0.06587621,0.03185829,0.050176535,0.03590099,0.7378242,0.008271755,0.018907975,0.0072599086,0.12910376,0.04509501,0.073116586,0.02117949,0.7378242,0.008271755,"TWOGAUSSIANS_WITH_ELLIPSOIDAL_ON_ECLIPSE2",9,15.2996645,0.7378242,0.008271755,0.105884664,0.04065549,0.27533603,0.020779312,0.26657683,0.021712538,0.36890677,0.15321496,0.18626724,0.020240849
375316653866487564,5926479308504271232,0.62931424,2271.753973964117,0.43321875564387946,2.9346716E-6,17.462194,0.006719759,0.24578688,0.0013648928,0.029954517,0.0012255462,0.87703013,0.021604963,0.7429846,0.0034645132,0.02561543,0.006010478,0.09870885,0.021145696,0.021922769,0.010067698,0.24578688,0.0013648928,"TWOGAUSSIANS_WITH_ELLIPSOIDAL_ON_ECLIPSE1",9,12.186946,0.24578688,0.0013648928,0.16774529,0.006863059,0.9208756,0.015586917,0.74304456,0.0034135238,0.1434464,0.033658676,0.14254102,0.015657004
375316653866487564,5926479312802379648,0.48236525,2275.529228686163,3.0803465797753358,3.7412072E-5,19.762295,0.023305446,0.21867336,0.0093109,0.08492789,0.013303425,0.362605,0.058868263,0.71131694,0.008907113,0.0960958,0.016741436,0.30249748,0.03410673,null,null,null,null,"TWOGAUSSIANS",8,3.8344352,0.21867336,0.0093109,0.4,0.0,0.34968194,0.0637539,0.71131694,0.008907113,0.4,0.0,0.28957358,0.037057362
375316653866487564,5926479622076821248,0.6636391,2308.2090130319807,1.2116021707491462,5.7271427E-6,14.646089,0.0037352976,0.25450334,0.0013672393,0.09416997,0.0021123278,0.25388062,0.003980615,0.75560254,0.001030399,0.085787,0.0023122933,0.26558268,0.00529728,null,null,null,null,"TWOGAUSSIANS",8,16.12178,0.75560254,0.001030399,0.4,0.0,0.2548509,0.0056301844,0.25450334,0.0013672393,0.4,0.0,0.24314846,0.0029788916
375316653866487564,5926479862557594368,0.42611355,2242.115425349931,0.20447425922252116,5.4134813E-5,19.13651,0.008476499,0.2431807,0.011779502,0.06435457,0.018797202,0.18022543,0.031196442,0.6668416,0.008845417,0.01608615,0.004775795,0.18353274,0.043257277,null,null,null,null,"TWOGAUSSIANS",8,6.604842,0.6668416,0.008845417,0.09008244,0.026744453,0.18353274,0.043257274,0.2431807,0.011779502,0.36038557,0.07878245,0.18022543,0.031196442
375316653866487564,5926479931277337088,0.51082546,2280.6625044175967,1.5751156895012004,3.863023E-5,18.91547,0.0033967043,0.27672783,0.0030874375,0.042865712,0.0024149541,0.2721006,0.007327555,0.7680743,0.010618281,0.039735455,0.017163139,0.08728915,0.058685407,null,null,null,null,"TWOGAUSSIANS",8,1.68602,0.27672783,0.0030874375,0.24004798,0.013523743,0.27210057,0.0073275547,0.7680743,0.010618281,0.22251855,0.09611358,0.08728915,0.05868541
375316653866487564,5926480103076074624,0.5425251,2259.917239035786,2.9650234720510933,2.121865E-5,18.451307,0.017743042,0.27790964,0.007890567,0.08802032,0.01676855,0.33742544,0.018357262,0.7732178,0.010173117,0.07154677,0.010304251,0.30147788,0.019835187,null,null,null,null,"TWOGAUSSIANS",8,5.8408065,0.27790964,0.007890567,0.4,0.0,0.33313394,0.022053942,0.7732178,0.010173117,0.4,0.038816065,0.29718646,0.0143669285
375316653866487564,5926480373655671296,0.5230131,2260.986536995588,2.934956402133514,3.2138134E-5,17.343527,0.0264495,0.22558504,0.003684967,0.09414613,0.009951482,0.25711176,0.024639877,0.7227829,0.0044969814,0.107217744,0.0130841015,0.19079286,0.026743963,null,null,null,null,"TWOGAUSSIANS",8,14.592169,0.22558504,0.0036849543,0.4,0.0,0.23782237,0.010275777,0.7227829,0.0044969814,0.4,0.0,0.17149656,0.01511162
