Gaia/vari_eclipsing_binary/VariEclipsingBinary_688318-688355.csv
# %ECSV 1.0
# ---
# delimiter: ','
# meta: !!omap
# - RELEASE: Gaia DR3
# - TABLE: vari_eclipsing_binary
# - DESCRIPTION: >
#     This table describes the properties of the eclipsing binaries resulting from the variability analysis. 
# - CITATION: >
#     How to cite and acknowledge Gaia: 
#     https://gea.esac.esa.int/archive/documentation/credits.html 
# - KNOWN_ISSUES: >
#     Known issues: 
#     https://www.cosmos.esa.int/web/gaia-users/known-issues 
# - DOCUMENTATION: >
#     Tutorials and documentation: 
#     https://www.cosmos.esa.int/web/gaia-users/archive 
# datatype:
# - 
#   name: solution_id
#   datatype: int64
#   description: Solution Identifier
#   meta:
#     ucd: meta.version
# - 
#   name: source_id
#   datatype: int64
#   description: Unique source identifier
#   meta:
#     ucd: meta.id;meta.main
# - 
#   name: global_ranking
#   datatype: float32
#   description: Number between 0 (worst) and 1 (best)
#   meta:
#     ucd: stat.param
# - 
#   name: reference_time
#   datatype: float64
#   unit: d
#   description: Reference time used for the geometric model fit
#   meta:
#     ucd: time.epoch
# - 
#   name: frequency
#   datatype: float64
#   unit: d**-1
#   description: Frequency of geometric model of the eclipsing binary light curve
#   meta:
#     ucd: src.orbital
# - 
#   name: frequency_error
#   datatype: float32
#   unit: d**-1
#   description: "Uncertainty of \\texttt{frequency}"
#   meta:
#     ucd: stat.error
# - 
#   name: geom_model_reference_level
#   datatype: float32
#   unit: mag
#   description: Magnitude reference level of geometric model
#   meta:
#     ucd: phot.mag;em.opt
# - 
#   name: geom_model_reference_level_error
#   datatype: float32
#   unit: mag
#   description: "Uncertainty of \\texttt{geomModelReferenceLevel}"
#   meta:
#     ucd: stat.error;phot.mag;em.opt
# - 
#   name: geom_model_gaussian1_phase
#   datatype: float32
#   description: Phase of the Gaussian 1 component
#   meta:
#     ucd: time.phase
# - 
#   name: geom_model_gaussian1_phase_error
#   datatype: float32
#   description: "Uncertainty of \\texttt{geomModelGaussian1Phase}"
#   meta:
#     ucd: stat.error;time.phase
# - 
#   name: geom_model_gaussian1_sigma
#   datatype: float32
#   description: "Standard deviation [phase] of Gaussian 1 component"
#   meta:
#     ucd: stat.stdev
# - 
#   name: geom_model_gaussian1_sigma_error
#   datatype: float32
#   description: "Uncertainty of \\texttt{geomModelGaussian1Sigma}"
#   meta:
#     ucd: stat.error
# - 
#   name: geom_model_gaussian1_depth
#   datatype: float32
#   unit: mag
#   description: Magnitude depth of Gaussian 1 component
#   meta:
#     ucd: src.var.amplitude
# - 
#   name: geom_model_gaussian1_depth_error
#   datatype: float32
#   unit: mag
#   description: "Uncertainty of \\texttt{geomModelGaussian1Depth}"
#   meta:
#     ucd: stat.error;src.var.amplitude
# - 
#   name: geom_model_gaussian2_phase
#   datatype: float32
#   description: Phase of Gaussian 2 component
#   meta:
#     ucd: time.phase
# - 
#   name: geom_model_gaussian2_phase_error
#   datatype: float32
#   description: "Uncertainty of \\texttt{geomModelGaussian2Phase}"
#   meta:
#     ucd: stat.error;time.phase
# - 
#   name: geom_model_gaussian2_sigma
#   datatype: float32
[...]
#   datatype: float32
#   description: "Secondary eclipse: uncertainty of \\texttt{derivedSecondaryEclDuration}"
#   meta:
#     ucd: stat.error;time.duration
# - 
#   name: derived_secondary_ecl_depth
#   datatype: float32
#   unit: mag
#   description: "Secondary eclipse: depth"
#   meta:
#     ucd: src.var.amplitude
# - 
#   name: derived_secondary_ecl_depth_error
#   datatype: float32
#   unit: mag
#   description: "Secondary eclipse: uncertainty of \\texttt{derivedSecondaryEclDepth}"
#   meta:
#     ucd: stat.error;src.var.amplitude
solution_id,source_id,global_ranking,reference_time,frequency,frequency_error,geom_model_reference_level,geom_model_reference_level_error,geom_model_gaussian1_phase,geom_model_gaussian1_phase_error,geom_model_gaussian1_sigma,geom_model_gaussian1_sigma_error,geom_model_gaussian1_depth,geom_model_gaussian1_depth_error,geom_model_gaussian2_phase,geom_model_gaussian2_phase_error,geom_model_gaussian2_sigma,geom_model_gaussian2_sigma_error,geom_model_gaussian2_depth,geom_model_gaussian2_depth_error,geom_model_cosine_half_period_amplitude,geom_model_cosine_half_period_amplitude_error,geom_model_cosine_half_period_phase,geom_model_cosine_half_period_phase_error,model_type,num_model_parameters,reduced_chi2,derived_primary_ecl_phase,derived_primary_ecl_phase_error,derived_primary_ecl_duration,derived_primary_ecl_duration_error,derived_primary_ecl_depth,derived_primary_ecl_depth_error,derived_secondary_ecl_phase,derived_secondary_ecl_phase_error,derived_secondary_ecl_duration,derived_secondary_ecl_duration_error,derived_secondary_ecl_depth,derived_secondary_ecl_depth_error
[from data line 73]
375316653866487564,6054536683347653376,0.47898287,2219.0285681171026,4.272875522733873,2.0218284E-5,16.426445,0.0017457057,0.12459971,0.0023275467,0.023070497,0.001782992,0.10037791,0.0043927776,0.8076478,0.009881635,0.028667433,0.009218598,0.026296226,0.010641617,null,null,null,null,"TWOGAUSSIANS",8,6.0310054,0.12459971,0.0023275467,0.1291948,0.009984755,0.10037791,0.0043927776,0.8076478,0.009881635,0.16053763,0.05162415,0.026296226,0.010641617
375316653866487564,6054536752067145600,0.47884193,2207.91051788701,0.6849801113313522,1.5590622E-5,14.654885,5.38328E-4,0.80513597,0.004519075,0.046564218,0.017972559,0.0013119614,0.0018157145,null,null,null,null,null,null,0.01297784,6.8405387E-4,0.80513597,0.004519075,"ONEGAUSSIAN_WITH_ELLIPSOIDAL",6,5.204895,0.80513597,0.004519075,0.26075962,0.10064633,0.027267635,0.0017829667,null,null,null,null,null,null
375316653866487564,6054537061264858624,0.55948955,2190.5404175816047,1.0251207827741933,2.6061239E-6,19.117727,0.003847849,0.12931103,0.0031567581,0.012514171,0.005379232,0.05766403,0.023439167,0.33198985,4.1956906E-4,0.02860945,4.1934103E-4,0.5486768,0.008505751,null,null,null,null,"TWOGAUSSIANS",8,1.8735819,0.33198985,4.1956906E-4,0.16021292,0.0023483096,0.5486768,0.008505751,0.12931103,0.0031567581,0.070079364,0.0301237,0.05766403,0.023439167
375316653866487564,6054537129984546432,0.5208259,2157.9262709271507,3.178946958391259,1.20219465E-5,19.454018,0.01405633,0.24171332,0.006125528,0.0690865,0.005926141,0.3875482,0.022457499,0.73354423,0.0031672632,0.07174878,0.004126086,0.4727387,0.015096792,null,null,null,null,"TWOGAUSSIANS",8,3.3930469,0.73354423,0.0031672632,0.4,0.009699755,0.4714623,0.014545625,0.24171332,0.006125528,0.3868844,0.03318639,0.3862718,0.022276796
375316653866487564,6054537404902269824,0.5410153,2189.895074027778,0.188611747749391,5.3594453E-5,17.90243,0.005771874,0.22767682,0.0045547206,0.02413665,0.0037451095,0.13786983,0.018272046,0.7498864,0.0029517084,0.0114310635,0.0037864354,0.6661136,0.08907461,null,null,null,null,"TWOGAUSSIANS",8,19.99545,0.7498864,0.0029517084,0.06401396,0.021204038,0.6661136,0.08907461,0.22767682,0.0045547206,0.13516523,0.020972613,0.13786983,0.018272046
375316653866487564,6054537473621713664,0.43095893,2193.2786375997257,2.1609238803463584,3.8594386E-5,17.763762,0.32631084,0.18214557,0.02127129,0.085326195,0.14656295,0.088893235,0.3123414,0.73696226,0.036490515,0.07698245,0.076629244,0.14391398,0.2592641,null,null,null,null,"TWOGAUSSIANS",8,23.541582,0.73696226,0.030949252,0.4,2.5605338E-4,0.14326909,0.032313764,0.18214557,0.020867774,0.4,0.011530046,0.08824824,0.029170346
375316653866487564,6054537542341525888,0.6287507,2207.9018432048406,3.299688414547926,3.643799E-6,17.114979,0.009946304,0.16158603,0.001674858,0.05168108,0.006183222,0.12741259,0.019979892,0.6599954,0.0040009115,0.05472096,0.006594443,0.17537124,0.019401275,0.067990124,0.010892167,0.16158603,0.001674858,"TWOGAUSSIANS_WITH_ELLIPSOIDAL_ON_ECLIPSE1",9,3.8854942,0.6602454,0.0035846129,0.30643737,0.036928885,0.31133398,0.0060895523,0.16158603,0.001674858,0.28941405,0.03462604,0.2633868,0.0048475335
375316653866487564,6054537611021237504,0.50720656,2200.2293417806313,0.36942453079589194,2.258456E-5,19.554613,0.008306976,0.36650974,0.02030093,0.048234094,0.03197002,0.33719277,0.15918285,0.8759773,0.00401506,0.02262971,0.0024554234,0.47105047,0.07804307,null,null,null,null,"TWOGAUSSIANS",8,2.6572778,0.8759773,0.00401506,0.12672637,0.013750371,0.47105047,0.07804307,0.36650974,0.02030093,0.2701109,0.17903212,0.33719277,0.15918285
375316653866487564,6054538470054313344,0.6324097,2226.360768265258,0.07011876445148951,4.2460033E-5,12.655419,3.7562093E-4,0.34359017,0.0016522402,0.009521275,7.453835E-4,0.08076756,0.007855585,0.71935713,0.029152958,0.03393941,0.013674832,0.21364383,1.0826144,null,null,null,null,"TWOGAUSSIANS",8,17.218386,0.71935713,0.029152958,0.19006069,0.076579064,0.21364383,1.0826144,0.34359017,0.0016522402,0.053319138,0.0041741477,0.08076756,0.007855585
375316653866487564,6054538573094579840,0.50333804,2224.283473016048,1.6041575375904527,1.1262915E-5,19.508705,0.007881377,0.22073503,0.0074160486,0.049101718,0.005881906,0.22282316,0.025733659,0.7121014,0.0023804826,0.049268477,0.0030699742,0.5399525,0.024463406,null,null,null,null,"TWOGAUSSIANS",8,2.4657893,0.7121014,0.0023804826,0.27590346,0.017191855,0.53995144,0.024463467,0.22073503,0.0074160486,0.27496964,0.032938674,0.22282207,0.025733968
375316653866487564,6054539225977102208,0.51375335,2181.6342743362384,1.0681614530927452,1.308284E-5,19.497982,0.007106948,0.29020852,0.0038749906,0.044520758,0.008029346,0.7805139,0.317789,0.79534763,0.018469209,0.037070654,0.010040446,0.19296557,0.04729244,null,null,null,null,"TWOGAUSSIANS",8,2.6564107,0.29020852,0.0038749906,0.24931625,0.044964336,0.7805138,0.31778914,0.79534763,0.018469209,0.20759568,0.0562265,0.19296557,0.04729248
375316653866487564,6054539432088278912,0.42753163,2223.1622323002352,2.478536622637725,4.6894147E-5,19.631649,0.008821727,0.24604116,0.01807963,0.015840627,0.02512883,0.29247707,0.51758814,0.67395365,0.0119749755,0.043408483,0.01550798,0.23826267,0.05357462,null,null,null,null,"TWOGAUSSIANS",8,3.7765791,0.24604116,0.01807963,0.08870751,0.14072144,0.29247707,0.51758814,0.67395365,0.0119749755,0.2430875,0.08684469,0.23826267,0.05357462
375316653866487564,6054539535167581056,0.5213333,2210.182182439246,1.733516760542211,1.4573483E-5,19.233978,0.006944741,0.2879426,0.0068515437,0.065950654,0.009649682,0.35307556,0.039229646,0.7845592,0.006483633,0.06975036,0.007641165,0.20905478,0.008738069,null,null,null,null,"TWOGAUSSIANS",8,1.7226157,0.2879426,0.0068515437,0.36932367,0.042668212,0.35252297,0.03975838,0.7845592,0.006483633,0.390602,0.036445174,0.2085022,0.0084262295
375316653866487564,6054539603925751168,0.6133882,2221.253833311117,0.29533489293443727,1.6683654E-6,16.903368,0.0017719154,0.2902556,0.033677656,0.045665886,0.02484344,0.012138398,0.0059166634,0.5472845,1.8955811E-4,0.018090082,2.535673E-4,0.46263582,0.005650478,0.0046555963,0.0029839578,0.5472845,1.8955811E-4,"TWOGAUSSIANS_WITH_ELLIPSOIDAL_ON_ECLIPSE2",9,5.7010193,0.5472845,1.8955811E-4,0.101304464,0.0014199769,0.47194692,0.006663061,0.2892456,0.03766134,0.25572896,0.13912326,0.012159077,0.00585442
375316653866487564,6054540634678463232,0.5179928,2203.4415567890233,2.743382690031392,1.0831283E-5,18.942951,0.014940585,0.29126003,0.003350089,0.090946965,0.0047492185,0.42000842,0.019796401,0.7828581,0.0027099901,0.098543815,0.005042324,0.41189173,0.01633006,null,null,null,null,"TWOGAUSSIANS",8,2.5547085,0.29126003,0.003350089,0.4,0.0,0.39729494,0.019109817,0.7828581,0.0027099901,0.4,0.0,0.38917622,0.013993821
375316653866487564,6054540875235946112,0.55570596,2175.4691990184624,0.5263374234772099,4.5207985E-6,16.971123,0.0015730258,0.29913458,0.008530121,0.026336394,0.005982403,0.08454427,0.018779809,0.7961175,0.0012387052,0.025960078,0.0013866515,0.12711841,0.006701967,0.012918384,0.0022161826,0.29913458,0.008530121,"TWOGAUSSIANS_WITH_ELLIPSOIDAL_ON_ECLIPSE1",9,2.2591336,0.79614747,0.0012057616,0.14537644,0.0077652484,0.15294598,0.0063170884,0.29913458,0.008530121,0.14748381,0.033501457,0.11038103,0.017453823
375316653866487564,6054541390592547840,0.46555614,2182.5735793065187,2.676169714742496,3.5976922E-5,19.847254,0.026164323,0.21759139,0.007182315,0.07731391,0.008613155,0.38442475,0.039052315,0.71663034,0.023658467,0.053559408,0.02058225,0.41030565,0.08975616,null,null,null,null,"TWOGAUSSIANS",8,5.942504,0.71663034,0.023658467,0.2999327,0.11526059,0.4097952,0.08968158,0.21759139,0.007182315,0.4,0.0,0.3839143,0.03876659
375316653866487564,6054541424991720704,0.48260403,2188.342372161351,0.6656900272198677,1.5204931E-5,13.643342,0.0017988327,0.15977214,0.02001606,0.036695525,0.011778955,0.09355702,0.02265583,0.63679516,0.0034896054,0.027260477,0.002165797,0.089248665,0.004598525,null,null,null,null,"TWOGAUSSIANS",8,77.8673,0.15977214,0.02001606,0.20549496,0.06596215,0.09355702,0.02265583,0.63679516,0.0034896054,0.15265867,0.012128463,0.089248665,0.004598525
375316653866487564,6054541424991724032,0.6343177,2154.753602058247,1.0212944598483773,5.6505664E-6,15.257316,0.033468932,0.22674422,0.001565228,0.070007205,0.0067094862,0.29986992,0.0670701,0.72139156,0.002930471,0.069414474,0.01333442,0.2132033,0.0555702,0.053704727,0.03358167,0.22674422,0.001565228,"TWOGAUSSIANS_WITH_ELLIPSOIDAL_ON_ECLIPSE1",9,29.201538,0.22674422,0.001565228,0.39204034,0.035418555,0.40653047,0.0040630996,0.72225153,0.0021577345,0.38872105,0.070538305,0.31976193,0.01918679
375316653866487564,6054541631150208128,0.4436488,2180.0610267900297,0.5282507889036527,2.6136295E-5,16.657495,0.009493521,0.381385,0.0024487798,0.020398717,0.008520712,0.13716516,0.032493975,0.8564172,0.011039376,0.02633025,0.014379084,0.17110343,0.04584682,0.011051267,0.018937234,0.8564172,0.011039376,"TWOGAUSSIANS_WITH_ELLIPSOIDAL_ON_ECLIPSE2",9,81.28159,0.8564172,0.011039376,0.14744939,0.08052287,0.19320594,0.045941357,0.381255,0.0024222357,0.11423282,0.047715984,0.15873092,0.042688224
375316653866487564,6054541665509933568,0.52612466,2209.5655222156824,2.181015523011911,1.27323965E-5,17.646572,0.015879428,0.23637725,0.0040945644,0.08501309,0.006600503,0.2983586,0.01840913,0.72723275,0.0042503593,0.08879248,0.0085050585,0.29609042,0.021640144,null,null,null,null,"TWOGAUSSIANS",8,14.294432,0.23637725,0.0040945644,0.4,0.0,0.29021922,0.0161856,0.72723275,0.0042503593,0.4,0.0,0.287951,0.021908185
375316653866487564,6054541974708895104,0.56855226,2235.7411949733364,3.5264915673704866,7.3716287E-6,19.615398,0.014611859,0.22176825,0.0024959038,0.06710953,0.004396024,0.6427475,0.030612314,0.7128611,0.006090594,0.07731685,0.007789423,0.5388017,0.06152612,null,null,null,null,"TWOGAUSSIANS",8,1.6477165,0.22176825,0.0024959038,0.3758134,0.024617733,0.6404011,0.031129496,0.7128611,0.006090594,0.4,0.0,0.53645533,0.062197033
375316653866487564,6054542210930480256,0.6065157,2210.231030905961,0.3204672433918697,5.2607597E-6,17.845997,0.001852607,0.26166636,6.8817206E-4,0.022562126,5.731922E-4,0.55404043,0.02263967,null,null,null,null,null,null,0.01454832,0.003022879,0.26166636,6.8817206E-4,"ONEGAUSSIAN_WITH_ELLIPSOIDAL",6,2.5262868,0.26166636,6.8817206E-4,0.1263479,0.0032098764,0.58313704,0.025098156,null,null,null,null,null,null
375316653866487564,6054542726327082880,0.54021174,2204.214208983293,2.6035218683049757,8.920639E-6,19.026293,0.01114611,0.26546848,0.0030416187,0.043528575,0.007573371,0.21539894,0.06746753,0.7638471,0.003263063,0.045837197,0.0046823355,0.25015023,0.028519304,0.10856549,0.018832449,0.26546848,0.0030416187,"TWOGAUSSIANS_WITH_ELLIPSOIDAL_ON_ECLIPSE1",9,3.4923515,0.7640471,0.0027930033,0.2566883,0.02622108,0.46726137,0.0148366885,0.26546848,0.0030416187,0.24376002,0.042410877,0.43252978,0.06349435
375316653866487564,6054543207363014272,0.500997,2188.0494479882827,1.9107781174606986,3.1379168E-5,18.338976,0.0024081618,0.36512804,0.008485157,0.027994324,0.010340989,0.4219992,8.212454,0.56135327,0.0017866667,0.006828304,0.0019374761,0.4472162,0.65346706,null,null,null,null,"TWOGAUSSIANS",8,2.534871,0.56135327,0.0017866667,0.0382385,0.010849866,0.4472162,0.65346706,0.36512804,0.008485157,0.1567682,0.057909537,0.4219992,8.212454
375316653866487564,6054543555257334016,0.471678,2220.897085096681,2.3764657999913505,3.1127653E-5,18.83857,0.0074938387,0.80148995,0.0053751245,0.011012821,0.0029863713,0.6069003,2.8480737,null,null,null,null,null,null,null,null,null,null,"ONEGAUSSIAN",5,5.8514085,0.80148995,0.0053751245,0.0616718,0.01672368,0.6069003,0.0,null,null,null,null,null,null
375316653866487564,6054543589617098368,0.6366024,2235.112889367969,0.25149784806005876,1.03693135E-4,15.892049,6.146616E-4,0.4155134,0.022924863,0.024550812,0.009602757,0.39482495,0.1841053,null,null,null,null,null,null,null,null,null,null,"ONEGAUSSIAN",5,3.2582903,0.4155134,0.022924863,0.13748455,0.05377544,0.39482495,0.0,null,null,null,null,null,null
375316653866487564,6054544173771013120,0.63325363,2206.7550175749243,1.8683829177371638,3.1706613E-6,17.329428,0.005044772,0.28845897,0.0010970633,0.055988587,0.0024196457,0.31820998,0.01962582,0.770551,0.044795744,0.059778653,0.025056947,0.016414577,0.012431178,0.066091225,0.0065140445,0.28845897,0.0010970633,"TWOGAUSSIANS_WITH_ELLIPSOIDAL_ON_ECLIPSE1",9,2.6758006,0.28845897,0.0010970633,0.3135361,0.013550016,0.45037633,0.019120578,0.78307104,0.0265969,0.33476046,0.1403189,0.14807342,0.004344842
375316653866487564,6054545921787416064,0.54386604,2226.3264682344115,0.46929858911026295,8.763776E-6,19.226017,0.0067327106,0.23081073,0.0013202466,0.035253163,0.0028679157,0.5719749,0.16773829,0.7288774,0.0013788308,0.03237584,0.0015853608,0.53245515,0.019715624,null,null,null,null,"TWOGAUSSIANS",8,3.4654038,0.23081073,0.0013202466,0.19741772,0.016060328,0.5719749,0.16773829,0.7288774,0.0013788308,0.1813047,0.008878021,0.53245515,0.019715624
375316653866487564,6054546475873917440,0.5291937,2227.866378180061,0.7667020069298605,2.2846729E-5,18.327328,0.0054347883,0.16991074,0.0065995185,0.017904354,0.0068786913,0.028530797,0.0058376896,0.5637024,0.0018236566,0.042235587,0.0022297155,0.31546882,0.00882536,null,null,null,null,"TWOGAUSSIANS",8,5.2026205,0.5637024,0.0018236566,0.23651929,0.012486407,0.31546882,0.00882536,0.16991074,0.0065995185,0.100264385,0.03852067,0.028530797,0.0058376896
375316653866487564,6054546819430303104,0.5145824,2241.788754417872,3.1363859133414427,2.479156E-5,19.4395,0.019233009,0.25895065,0.0018507425,0.05106493,0.002798851,0.55814385,0.024247684,0.757429,0.02426517,0.061845582,0.033195045,0.23493132,0.040040217,null,null,null,null,"TWOGAUSSIANS",8,4.2624335,0.25895065,0.0018507425,0.2859636,0.015673567,0.55810815,0.02419724,0.757429,0.02426517,0.34633526,0.18589225,0.23489562,0.04008926
375316653866487564,6054548326969408768,0.5687562,2205.2986102929062,1.0690647724165956,1.1208859E-5,18.110157,0.0023815453,0.28761804,0.0023433564,0.0077229366,0.0062387553,0.7033228,0.4208989,null,null,null,null,null,null,null,null,null,null,"ONEGAUSSIAN",5,2.5731404,0.28761804,0.0023433564,0.043248445,0.03493703,0.7033228,0.0,null,null,null,null,null,null
375316653866487564,6054548674897297664,0.6187868,2225.7195932412806,0.4792243958421052,5.1286734E-6,17.122915,0.004457445,0.5086288,0.0013664637,0.03806396,0.0014692011,0.36379877,0.008602315,null,null,null,null,null,null,null,null,null,null,"ONEGAUSSIAN",5,10.669523,0.5086288,0.0013664637,0.21315816,0.008227525,0.36379877,0.0,null,null,null,null,null,null
375316653866487564,6054548777939224832,0.52498204,2239.246868312904,1.5282189438970362,2.933205E-5,19.763811,0.009146357,0.24805517,0.003918761,0.045123816,0.0038653996,0.656515,0.0673664,0.89147687,0.050570536,0.02319467,0.0601444,0.04840472,0.037366956,null,null,null,null,"TWOGAUSSIANS",8,2.5728154,0.24805517,0.003918761,0.25269336,0.021646239,0.656515,0.06736786,0.89147687,0.050570536,0.12989016,0.29298943,0.04840472,0.037366964
375316653866487564,6054549636969854336,0.4877182,2244.1539647176846,0.8550553653249824,4.4610537E-5,14.322277,7.8185624E-4,0.32399592,0.0071076895,0.053724214,0.008305123,0.04274101,0.005938172,0.85507244,0.015017011,0.03048824,0.009473322,0.012541088,0.0033187035,null,null,null,null,"TWOGAUSSIANS",8,13.31465,0.32399592,0.0071076895,0.3008556,0.046508692,0.04274101,0.0059381723,0.85507244,0.015017011,0.17073415,0.053050604,0.012541088,0.0033187037
