Gaia/vari_eclipsing_binary/VariEclipsingBinary_685860-685888.csv
# %ECSV 1.0
# ---
# delimiter: ','
# meta: !!omap
# - RELEASE: Gaia DR3
# - TABLE: vari_eclipsing_binary
# - DESCRIPTION: >
#     This table describes the properties of the eclipsing binaries resulting from the variability analysis. 
# - CITATION: >
#     How to cite and acknowledge Gaia: 
#     https://gea.esac.esa.int/archive/documentation/credits.html 
# - KNOWN_ISSUES: >
#     Known issues: 
#     https://www.cosmos.esa.int/web/gaia-users/known-issues 
# - DOCUMENTATION: >
#     Tutorials and documentation: 
#     https://www.cosmos.esa.int/web/gaia-users/archive 
# datatype:
# - 
#   name: solution_id
#   datatype: int64
#   description: Solution Identifier
#   meta:
#     ucd: meta.version
# - 
#   name: source_id
#   datatype: int64
#   description: Unique source identifier
#   meta:
#     ucd: meta.id;meta.main
# - 
#   name: global_ranking
#   datatype: float32
#   description: Number between 0 (worst) and 1 (best)
#   meta:
#     ucd: stat.param
# - 
#   name: reference_time
#   datatype: float64
#   unit: d
#   description: Reference time used for the geometric model fit
#   meta:
#     ucd: time.epoch
# - 
#   name: frequency
#   datatype: float64
#   unit: d**-1
#   description: Frequency of geometric model of the eclipsing binary light curve
#   meta:
#     ucd: src.orbital
# - 
#   name: frequency_error
#   datatype: float32
#   unit: d**-1
#   description: "Uncertainty of \\texttt{frequency}"
#   meta:
#     ucd: stat.error
# - 
#   name: geom_model_reference_level
#   datatype: float32
#   unit: mag
#   description: Magnitude reference level of geometric model
#   meta:
#     ucd: phot.mag;em.opt
# - 
#   name: geom_model_reference_level_error
#   datatype: float32
#   unit: mag
#   description: "Uncertainty of \\texttt{geomModelReferenceLevel}"
#   meta:
#     ucd: stat.error;phot.mag;em.opt
# - 
#   name: geom_model_gaussian1_phase
#   datatype: float32
#   description: Phase of the Gaussian 1 component
#   meta:
#     ucd: time.phase
# - 
#   name: geom_model_gaussian1_phase_error
#   datatype: float32
#   description: "Uncertainty of \\texttt{geomModelGaussian1Phase}"
#   meta:
#     ucd: stat.error;time.phase
# - 
#   name: geom_model_gaussian1_sigma
#   datatype: float32
#   description: "Standard deviation [phase] of Gaussian 1 component"
#   meta:
#     ucd: stat.stdev
# - 
#   name: geom_model_gaussian1_sigma_error
#   datatype: float32
#   description: "Uncertainty of \\texttt{geomModelGaussian1Sigma}"
#   meta:
#     ucd: stat.error
# - 
#   name: geom_model_gaussian1_depth
#   datatype: float32
#   unit: mag
#   description: Magnitude depth of Gaussian 1 component
#   meta:
#     ucd: src.var.amplitude
# - 
#   name: geom_model_gaussian1_depth_error
#   datatype: float32
#   unit: mag
#   description: "Uncertainty of \\texttt{geomModelGaussian1Depth}"
#   meta:
#     ucd: stat.error;src.var.amplitude
# - 
#   name: geom_model_gaussian2_phase
#   datatype: float32
#   description: Phase of Gaussian 2 component
#   meta:
#     ucd: time.phase
# - 
#   name: geom_model_gaussian2_phase_error
#   datatype: float32
#   description: "Uncertainty of \\texttt{geomModelGaussian2Phase}"
#   meta:
#     ucd: stat.error;time.phase
# - 
#   name: geom_model_gaussian2_sigma
#   datatype: float32
[...]
#   datatype: float32
#   description: "Secondary eclipse: uncertainty of \\texttt{derivedSecondaryEclDuration}"
#   meta:
#     ucd: stat.error;time.duration
# - 
#   name: derived_secondary_ecl_depth
#   datatype: float32
#   unit: mag
#   description: "Secondary eclipse: depth"
#   meta:
#     ucd: src.var.amplitude
# - 
#   name: derived_secondary_ecl_depth_error
#   datatype: float32
#   unit: mag
#   description: "Secondary eclipse: uncertainty of \\texttt{derivedSecondaryEclDepth}"
#   meta:
#     ucd: stat.error;src.var.amplitude
solution_id,source_id,global_ranking,reference_time,frequency,frequency_error,geom_model_reference_level,geom_model_reference_level_error,geom_model_gaussian1_phase,geom_model_gaussian1_phase_error,geom_model_gaussian1_sigma,geom_model_gaussian1_sigma_error,geom_model_gaussian1_depth,geom_model_gaussian1_depth_error,geom_model_gaussian2_phase,geom_model_gaussian2_phase_error,geom_model_gaussian2_sigma,geom_model_gaussian2_sigma_error,geom_model_gaussian2_depth,geom_model_gaussian2_depth_error,geom_model_cosine_half_period_amplitude,geom_model_cosine_half_period_amplitude_error,geom_model_cosine_half_period_phase,geom_model_cosine_half_period_phase_error,model_type,num_model_parameters,reduced_chi2,derived_primary_ecl_phase,derived_primary_ecl_phase_error,derived_primary_ecl_duration,derived_primary_ecl_duration_error,derived_primary_ecl_depth,derived_primary_ecl_depth_error,derived_secondary_ecl_phase,derived_secondary_ecl_phase_error,derived_secondary_ecl_duration,derived_secondary_ecl_duration_error,derived_secondary_ecl_depth,derived_secondary_ecl_depth_error
[from data line 443]
375316653866487564,6033122285631729280,0.5449569,2210.698759785668,2.7227214998348495,2.304009E-5,18.342207,0.008996083,0.263376,0.006621656,0.08311214,0.00859023,0.30138272,0.025839707,0.7693607,0.005670631,0.08777512,0.0075973365,0.2545341,0.012550119,null,null,null,null,"TWOGAUSSIANS",8,3.3304121,0.263376,0.006621656,0.4,0.0,0.29449242,0.028486788,0.7693607,0.005670631,0.4,0.0,0.24764377,0.012048138
375316653866487564,6033122319991470592,0.50039995,2205.2183719947575,3.5784440554290327,3.2691936E-5,19.34099,0.049635753,0.17532098,0.0074894326,0.10970092,0.017987445,0.26459154,0.049153175,0.69545466,0.0056911847,0.12017099,0.017658455,0.26112357,0.0502983,null,null,null,null,"TWOGAUSSIANS",8,1.793793,0.17522098,0.0075049377,0.4,0.0,0.22412847,0.024053328,0.69548464,0.005663324,0.4,0.0,0.22057003,0.019458337
375316653866487564,6033122663600711936,0.60920864,2220.327662389586,1.9759700959782125,1.2792927E-5,17.928242,0.006270263,0.2528176,0.002175819,0.08082986,0.0027334834,0.37476495,0.012222682,0.7503281,0.0026857893,0.07663604,0.0025257235,0.5077876,0.00894571,null,null,null,null,"TWOGAUSSIANS",8,4.4342513,0.7503281,0.0026857893,0.4,0.0,0.50245583,0.0083293365,0.2528176,0.002175819,0.4,0.0,0.36943322,0.012158639
375316653866487564,6033122835387651968,0.50142,2211.066493823999,0.1964782174374133,8.058844E-6,19.647697,0.007693337,0.1870353,0.0033605387,0.019305887,0.0015278117,0.7296171,0.07860621,0.58460206,0.001811576,0.044427365,0.007834219,0.42308336,0.3547383,null,null,null,null,"TWOGAUSSIANS",8,2.663633,0.1870353,0.0033605387,0.10811297,0.008555746,0.7296171,0.07860621,0.58460206,0.001811576,0.24879324,0.043871626,0.42308336,0.3547383
375316653866487564,6033123419504637696,0.5628364,2196.581714375666,3.3636562942001875,2.5002137E-5,19.58851,0.009033537,0.2567941,0.0057882625,0.067503765,0.0059600016,0.61939603,0.041559692,0.7669269,0.0046589207,0.06342744,0.010753999,0.5820813,0.0693372,null,null,null,null,"TWOGAUSSIANS",8,1.9153311,0.2567941,0.0057882625,0.3780211,0.026574044,0.6187887,0.041645113,0.7669269,0.0046589207,0.35519364,0.060222395,0.581474,0.07008261
375316653866487564,6033123625661690240,0.5239405,2231.131551507825,2.5733406195465407,1.4406393E-5,18.204525,0.012019922,0.25086334,0.0072443374,0.077873774,0.0092336675,0.36826205,0.036949247,0.74294174,0.0035859153,0.080426395,0.0056120763,0.3576389,0.017633727,null,null,null,null,"TWOGAUSSIANS",8,8.560132,0.25086334,0.0072443374,0.4,0.0,0.36404407,0.038574677,0.74294174,0.0035859153,0.4,0.0,0.3534209,0.017409924
375316653866487564,6033126065215550592,0.63403183,2224.148724994992,3.6576501407103246,3.897192E-6,17.310469,0.008191372,0.24147055,0.0017726811,0.054156046,0.005759914,0.20158094,0.026016025,0.7494773,0.0012762981,0.05109755,0.002055268,0.33658257,0.017145872,0.0989782,0.009918501,0.7494773,0.0012762981,"TWOGAUSSIANS_WITH_ELLIPSOIDAL_ON_ECLIPSE2",9,4.3113275,0.7494773,0.0012762981,0.28614628,0.011509501,0.53453445,0.007368494,0.24295054,0.0012765387,0.30327386,0.03225552,0.39912483,0.026866509
375316653866487564,6033126889841313920,0.43604496,2256.6551474377475,3.6275571304779564,8.633804E-5,18.108341,0.04800792,0.3441516,0.007903677,0.11881472,0.035912897,0.102391824,0.04697135,0.81836486,0.017976057,0.09180228,0.037751894,0.08237455,0.04685044,null,null,null,null,"TWOGAUSSIANS",8,5.678176,0.3441516,0.0079048285,0.4,0.0,0.09420228,0.014358881,0.81836486,0.017976057,0.4,0.0,0.07422617,0.017057437
375316653866487564,6033127199075560960,0.57074153,2227.3798996025394,2.763385590670382,1.29045075E-5,18.832108,0.011969546,0.1936285,0.004074956,0.10336879,0.0056287656,0.31733033,0.015180149,0.6927939,0.0037361754,0.08951143,0.0072860606,0.32753855,0.016802397,null,null,null,null,"TWOGAUSSIANS",8,1.4309033,0.6927939,0.0037361754,0.4,0.0,0.30549306,0.01864436,0.1936285,0.004074956,0.4,0.0,0.29527965,0.013889238
375316653866487564,6033127366552982016,0.47365096,2204.1884944113917,3.657271179088046,5.7715784E-5,19.778553,0.16631128,0.24039143,0.013393157,0.09784486,0.03100841,0.3751488,0.15157722,0.7303156,0.012886136,0.11623981,0.046998646,0.36089787,0.15638907,null,null,null,null,"TWOGAUSSIANS",8,3.019806,0.24041143,0.013381269,0.4,0.0,0.33243534,0.026838081,0.7303156,0.012886136,0.4,0.0,0.3181123,0.025897907
375316653866487564,6033128878385714944,0.6381276,2248.582473265725,3.0473999080965033,6.2588815E-6,18.220333,0.0066295047,0.24406768,8.483109E-4,0.045778017,0.0019734504,0.38806513,0.014668737,0.74394995,0.003399101,0.04884812,0.00478006,0.32637003,0.051407363,0.13230734,0.0083436165,0.24406768,8.483109E-4,"TWOGAUSSIANS_WITH_ELLIPSOIDAL_ON_ECLIPSE1",9,2.44286,0.24406768,8.483109E-4,0.2563569,0.011051323,0.6526789,0.0070947735,0.74397,0.0032110969,0.27354947,0.026768338,0.59098375,0.05011243
375316653866487564,6033130050937918464,0.5547214,2261.149426361055,2.7256578066612667,1.1726845E-5,18.979225,0.011860306,0.19311056,0.0046235314,0.08269371,0.0070835077,0.26525503,0.016280822,0.6941787,0.0064299055,0.079518355,0.0076931836,0.2809346,0.012898317,null,null,null,null,"TWOGAUSSIANS",8,1.8127745,0.6941787,0.0064299055,0.4,0.0,0.27631247,0.011101097,0.19311056,0.0046235314,0.4,0.0,0.26063287,0.015608891
375316653866487564,6033131390963902848,0.47109714,2216.7331751860133,3.0368044622550823,2.4680809E-5,19.082466,0.379165,0.22028035,0.006031443,0.11310735,0.009885614,0.2917087,0.06090577,0.6959964,0.0049928688,0.29178584,0.09355616,0.7353291,0.37017864,null,null,null,null,"TWOGAUSSIANS",8,1.6889786,0.6959964,0.0049928688,0.4,0.0,0.23239757,0.0072621843,0.23263034,0.0082332175,0.4,0.0,0.12676233,0.014581169
375316653866487564,6033131768932213248,0.5395787,2240.1508451378922,2.4798507386336617,2.2206541E-5,14.877734,0.037958782,0.26915976,0.0061249277,0.10070809,0.026316885,0.23090276,0.02083656,0.7437652,0.004975344,0.10478338,0.012964114,0.30647543,0.03604232,null,null,null,null,"TWOGAUSSIANS",8,151.1506,0.7437652,0.004975344,0.4,0.0,0.28620198,0.012569664,0.26917976,0.006149166,0.4,0.0,0.2106374,0.022996124
375316653866487564,6033132383079167360,0.51378983,2189.035705435771,2.1792623637761532,1.945967E-5,17.660997,0.057956256,0.32228583,0.008976237,0.10133325,0.02638024,0.12817034,0.05336634,0.8095338,0.008812952,0.11697675,0.06590828,0.094768226,0.05384236,null,null,null,null,"TWOGAUSSIANS",8,3.3113327,0.32231584,0.008472561,0.4,0.0,0.114478044,0.011015381,0.8095338,0.008812952,0.4,0.0,0.08105495,0.008492379
375316653866487564,6033132456127280256,0.5269879,2240.5636110487944,3.3580048132955795,3.845734E-5,16.316122,0.030459631,0.25169215,0.0024262369,0.107482135,0.0142160095,0.2520509,0.02415263,0.73656005,0.0060441582,0.09702166,0.013114349,0.26921293,0.029104296,null,null,null,null,"TWOGAUSSIANS",8,43.337395,0.73656005,0.0060441582,0.4,0.0,0.2474767,0.011715668,0.25169215,0.0024259896,0.4,0.0,0.2303037,0.012903324
375316653866487564,6033133589991342848,0.49769837,2215.7516942291827,1.3889775003810099,8.093167E-5,19.610281,0.004543363,0.5325998,2.0497775E-4,0.020345412,0.0015678759,1.8254592,0.7356141,0.8477483,6.875416E-4,0.024483563,0.0032808722,0.074908316,0.010629424,null,null,null,null,"TWOGAUSSIANS",8,1.1946719,0.5325998,2.0497775E-4,0.11393431,0.008780105,1.8254592,0.7356141,0.8477483,6.875416E-4,0.13710795,0.018372884,0.074908316,0.010629424
375316653866487564,6033134444676400256,0.4943613,2202.5750889694236,0.7537563632407897,7.753426E-5,19.800121,0.0071701244,0.55931306,0.015361927,0.03246262,0.021146813,0.09418673,0.08655379,0.8687052,0.02147869,0.017421465,0.014573574,0.45090678,76.5481,null,null,null,null,"TWOGAUSSIANS",8,1.4569173,0.8687052,0.02147869,0.097560205,0.08161201,0.45090678,76.5481,0.55931306,0.015361927,0.18179068,0.11842216,0.09418673,0.08655379
375316653866487564,6033134650849987840,0.5984807,2244.0732830255834,3.3087595821548006,6.5936047E-6,18.6099,0.0070526097,0.24638134,0.0020328893,0.07356733,0.0023288475,0.568098,0.01710663,0.740616,0.0023257115,0.072539814,0.0027712116,0.46235627,0.017724758,null,null,null,null,"TWOGAUSSIANS",8,3.5584579,0.24638134,0.0020328893,0.4,0.0,0.5655339,0.017204408,0.740616,0.0023257115,0.4,0.0034011763,0.45979214,0.017873451
375316653866487564,6033134994440718720,0.4600983,2300.20277445151,0.045115526148053295,1.5545571E-4,19.042969,0.012631532,0.13914491,0.010210383,0.07201146,0.010139313,0.16766362,0.029386457,0.53138924,0.013558682,0.08605253,0.012869513,0.42210156,0.0389005,null,null,null,null,"TWOGAUSSIANS",8,4.613037,0.53138924,0.013558682,0.4,0.0,0.42176303,0.038991485,0.13916492,0.010201632,0.4,0.04216578,0.16733804,0.0294161
375316653866487564,6033135063141236352,0.5024429,2238.6906351068474,3.2752973001993455,3.0333995E-5,17.544538,0.04186809,0.31585813,0.009012427,0.12660395,0.019732626,0.24432677,0.04038875,0.7788424,0.0054502967,0.1139442,0.014817871,0.25003642,0.03828137,null,null,null,null,"TWOGAUSSIANS",8,10.384354,0.7788424,0.0054502967,0.4,0.0,0.20956765,0.011668525,0.31599814,0.008929471,0.4,0.0,0.20359187,0.017871013
375316653866487564,6033135136147919744,0.5220867,2246.610111132173,2.547296653360434,1.9825791E-5,19.134972,0.011306695,0.19407284,0.0026524656,0.07572322,0.004719284,0.3426215,0.019381536,0.6952461,0.003553611,0.07855533,0.0064612296,0.31076583,0.010235982,null,null,null,null,"TWOGAUSSIANS",8,2.5837991,0.19407284,0.0026524656,0.4,0.0,0.33928996,0.01942936,0.6952461,0.003553611,0.4,0.0,0.30743432,0.008870755
375316653866487564,6033136166940852224,0.42604128,2267.8344186695917,1.1144152757879855,6.251464E-5,18.860472,0.025934547,0.20762944,0.0334221,0.0338393,0.052949123,0.1394017,0.06598667,0.6582449,0.0030445075,0.056118865,0.00949126,0.3718753,0.08800045,null,null,null,null,"TWOGAUSSIANS",8,6.281721,0.6582449,0.0030445075,0.31426564,0.053151056,0.3718753,0.088042885,0.20762944,0.0334221,0.18950008,0.29651508,0.1394017,0.066115566
375316653866487564,6033136235660516224,0.42830047,2252.4086833941114,1.5018147052662023,2.008973E-5,19.000746,0.011985528,0.22232945,0.014445921,0.06917054,0.01837872,0.2586338,0.044050265,0.8060828,0.006275908,0.029497063,0.010006731,0.22033523,0.7970361,null,null,null,null,"TWOGAUSSIANS",8,6.3965263,0.22232945,0.014445921,0.38735503,0.0641332,0.25863376,0.044051066,0.8060828,0.006275908,0.16518354,0.056037698,0.22033523,0.7970361
375316653866487564,6033136819776188800,0.5602703,2221.614948758566,3.745448405547331,1.2247751E-5,18.805578,0.015674295,0.2427844,0.002742691,0.04817741,0.0054650228,0.26369742,0.040893592,0.7355244,0.0037878703,0.04957825,0.0058606905,0.32334697,0.04273149,0.120557874,0.023303568,0.2427844,0.002742691,"TWOGAUSSIANS_WITH_ELLIPSOIDAL_ON_ECLIPSE1",9,6.5352693,0.7364444,0.003198838,0.2776382,0.032819867,0.5640234,0.036428276,0.2427844,0.002742691,0.2697935,0.030604128,0.50481194,0.019037925
375316653866487564,6033137021646414464,0.42396396,2249.0903191350562,1.3729086663944103,2.6953066E-5,19.248066,0.013055616,0.14726764,7.262618E-5,0.007204523,6.885828E-4,3.1628623,2.288721,0.3946036,0.008356362,0.04682963,0.0047008307,0.32858467,0.045594864,null,null,null,null,"TWOGAUSSIANS",8,4.0741663,0.14726764,7.262618E-5,0.04034533,0.0038560636,3.1628625,2.2887208,0.3946036,0.008356362,0.26224592,0.02632465,0.32858467,0.045594864
375316653866487564,6033137262164587648,0.5881617,2204.4040492668864,1.0317827483606568,1.9534813E-5,17.023304,0.002919335,0.24497092,0.004318921,0.02853352,0.0035992288,0.23603699,0.03630597,0.7476671,0.007944822,0.030664168,0.0051508923,0.21418409,0.021395214,0.011014358,0.003938589,0.24497092,0.004318921,"TWOGAUSSIANS_WITH_ELLIPSOIDAL_ON_ECLIPSE1",9,4.218196,0.24497092,0.004318921,0.15978771,0.020155681,0.2580657,0.036751993,0.7476671,0.007944641,0.17171934,0.028844995,0.23620649,0.018681075
375316653866487564,6033137541329417088,0.5861379,2236.2674975676396,2.983312908204287,7.735521E-6,19.141312,0.00941502,0.2974792,0.003151469,0.06858928,0.0029662831,0.6596537,0.018804058,0.79521036,0.002720889,0.06682561,0.004951216,0.56936,0.061972886,null,null,null,null,"TWOGAUSSIANS",8,1.7006228,0.2974792,0.003151469,0.38409993,0.016611187,0.658391,0.018604755,0.79521036,0.002720889,0.37422344,0.027648548,0.5680973,0.06263771
375316653866487564,6033137575701413760,0.47526014,2186.1384069319074,1.5772207140469354,5.4001484E-5,18.76308,0.00925167,0.22794956,0.013721185,0.03595895,0.017757744,0.15205431,0.023738453,0.7271418,0.005696564,0.052639022,0.0052809166,0.2976171,0.025546875,null,null,null,null,"TWOGAUSSIANS",8,5.97661,0.7271418,0.005696564,0.29477853,0.029573133,0.29761705,0.02554684,0.22794956,0.013721185,0.20137012,0.09944337,0.15205425,0.023739032
375316653866487564,6033137713128375936,0.4540439,2206.3579620794117,0.04558226944910646,6.612385E-5,19.114325,0.032873187,0.22304912,0.015483325,0.16835377,0.01952796,0.54046214,0.038309615,0.67202884,0.006778866,0.0529172,0.005368932,0.3868522,0.044667102,null,null,null,null,"TWOGAUSSIANS",8,17.675797,0.22304912,0.015483325,0.4,0.0,0.5009272,0.029000225,0.67202884,0.006778866,0.29633632,0.030066019,0.36529723,0.044244695
375316653866487564,6033137983744696064,0.48023975,2228.371936826993,2.8608597459231655,1.749259E-5,18.888393,0.50630784,0.25316453,0.0036731863,0.11179213,0.02183698,0.4082877,0.20861647,0.75514406,0.0084139565,0.22472061,0.14431937,0.42717594,0.5032137,null,null,null,null,"TWOGAUSSIANS",8,3.2426968,0.2527545,0.0036671257,0.4,0.0,0.22430979,0.01597334,0.7551541,0.008442467,0.4,0.0,0.17137992,0.011617565
375316653866487564,6033137988006758016,0.42655614,2218.2749384890585,0.22911692049849286,1.3534057E-4,18.153978,0.0122614,0.36438346,0.022887643,0.08158812,0.023585642,0.14229213,0.025832066,0.6798395,0.037516735,0.08141184,0.02481605,0.0516758,0.04063504,null,null,null,null,"TWOGAUSSIANS",8,8.926186,0.36444345,0.022894511,0.4,0.0,0.14229535,0.025889907,0.6798395,0.037516735,0.4,0.024790576,0.05173132,0.04066331
375316653866487564,6033138022416078976,0.4128077,2220.9240112793395,0.10254304569898023,6.3956504E-5,18.366884,0.01527825,0.094716616,0.027749866,0.10813017,0.04221159,0.10548803,0.028226122,0.5658224,0.017783849,0.071404435,0.018706322,0.09746988,0.020629955,null,null,null,null,"TWOGAUSSIANS",8,7.2700644,0.094716616,0.027749866,0.4,0.0,0.102880836,0.029037608,0.5658224,0.017783849,0.39986482,0.060033698,0.09487132,0.019378817
375316653866487564,6033138606488362240,0.57597643,2225.959046382834,3.5405389074885307,1.1926452E-5,19.237516,0.018363629,0.24786176,0.0028912686,0.03937662,0.005300187,0.37632173,0.048220452,0.7349389,0.009830013,0.047926337,0.013768004,0.413955,0.054008942,0.12515728,0.026782246,0.24786176,0.0028912686,"TWOGAUSSIANS_WITH_ELLIPSOIDAL_ON_ECLIPSE1",9,2.745182,0.7362089,0.008579324,0.2683875,0.07710082,0.66278446,0.04864429,0.24786176,0.0028912686,0.22050907,0.029681047,0.62663597,0.030477975
375316653866487564,6033138640891394432,0.5907294,2196.852025399765,1.2314141852194491,1.5707845E-5,17.745594,0.0023057945,0.2467664,0.0063545182,0.077030055,0.005915113,0.10886429,0.0063455356,0.7512336,0.0018253309,0.053950854,0.0017453256,0.38663533,0.018417476,null,null,null,null,"TWOGAUSSIANS",8,3.1044846,0.7512336,0.0018253309,0.30212477,0.009773823,0.38642302,0.01844756,0.2467664,0.0063545182,0.4,0.0,0.10865197,0.00636332
375316653866487564,6033138980170617728,0.5706198,2183.7287697220736,3.119393153110261,1.6962093E-5,18.579536,0.005023859,0.27209252,0.004456524,0.029031515,0.010923887,0.32911417,0.5203925,0.7700209,0.0028530613,0.03574239,0.0030488283,0.32480976,0.026060605,0.04467312,0.007703705,0.27209252,0.004456524,"TWOGAUSSIANS_WITH_ELLIPSOIDAL_ON_ECLIPSE1",9,2.6282878,0.27209252,0.004456524,0.16257648,0.061173767,0.4184604,0.51672953,0.77008086,0.002757652,0.20015739,0.01707344,0.41414124,0.026019568
