Gaia/vari_eclipsing_binary/VariEclipsingBinary_483942-483969.csv
# %ECSV 1.0
# ---
# delimiter: ','
# meta: !!omap
# - RELEASE: Gaia DR3
# - TABLE: vari_eclipsing_binary
# - DESCRIPTION: >
#     This table describes the properties of the eclipsing binaries resulting from the variability analysis. 
# - CITATION: >
#     How to cite and acknowledge Gaia: 
#     https://gea.esac.esa.int/archive/documentation/credits.html 
# - KNOWN_ISSUES: >
#     Known issues: 
#     https://www.cosmos.esa.int/web/gaia-users/known-issues 
# - DOCUMENTATION: >
#     Tutorials and documentation: 
#     https://www.cosmos.esa.int/web/gaia-users/archive 
# datatype:
# - 
#   name: solution_id
#   datatype: int64
#   description: Solution Identifier
#   meta:
#     ucd: meta.version
# - 
#   name: source_id
#   datatype: int64
#   description: Unique source identifier
#   meta:
#     ucd: meta.id;meta.main
# - 
#   name: global_ranking
#   datatype: float32
#   description: Number between 0 (worst) and 1 (best)
#   meta:
#     ucd: stat.param
# - 
#   name: reference_time
#   datatype: float64
#   unit: d
#   description: Reference time used for the geometric model fit
#   meta:
#     ucd: time.epoch
# - 
#   name: frequency
#   datatype: float64
#   unit: d**-1
#   description: Frequency of geometric model of the eclipsing binary light curve
#   meta:
#     ucd: src.orbital
# - 
#   name: frequency_error
#   datatype: float32
#   unit: d**-1
#   description: "Uncertainty of \\texttt{frequency}"
#   meta:
#     ucd: stat.error
# - 
#   name: geom_model_reference_level
#   datatype: float32
#   unit: mag
#   description: Magnitude reference level of geometric model
#   meta:
#     ucd: phot.mag;em.opt
# - 
#   name: geom_model_reference_level_error
#   datatype: float32
#   unit: mag
#   description: "Uncertainty of \\texttt{geomModelReferenceLevel}"
#   meta:
#     ucd: stat.error;phot.mag;em.opt
# - 
#   name: geom_model_gaussian1_phase
#   datatype: float32
#   description: Phase of the Gaussian 1 component
#   meta:
#     ucd: time.phase
# - 
#   name: geom_model_gaussian1_phase_error
#   datatype: float32
#   description: "Uncertainty of \\texttt{geomModelGaussian1Phase}"
#   meta:
#     ucd: stat.error;time.phase
# - 
#   name: geom_model_gaussian1_sigma
#   datatype: float32
#   description: "Standard deviation [phase] of Gaussian 1 component"
#   meta:
#     ucd: stat.stdev
# - 
#   name: geom_model_gaussian1_sigma_error
#   datatype: float32
#   description: "Uncertainty of \\texttt{geomModelGaussian1Sigma}"
#   meta:
#     ucd: stat.error
# - 
#   name: geom_model_gaussian1_depth
#   datatype: float32
#   unit: mag
#   description: Magnitude depth of Gaussian 1 component
#   meta:
#     ucd: src.var.amplitude
# - 
#   name: geom_model_gaussian1_depth_error
#   datatype: float32
#   unit: mag
#   description: "Uncertainty of \\texttt{geomModelGaussian1Depth}"
#   meta:
#     ucd: stat.error;src.var.amplitude
# - 
#   name: geom_model_gaussian2_phase
#   datatype: float32
#   description: Phase of Gaussian 2 component
#   meta:
#     ucd: time.phase
# - 
#   name: geom_model_gaussian2_phase_error
#   datatype: float32
#   description: "Uncertainty of \\texttt{geomModelGaussian2Phase}"
#   meta:
#     ucd: stat.error;time.phase
# - 
#   name: geom_model_gaussian2_sigma
#   datatype: float32
[...]
#   datatype: float32
#   description: "Secondary eclipse: uncertainty of \\texttt{derivedSecondaryEclDuration}"
#   meta:
#     ucd: stat.error;time.duration
# - 
#   name: derived_secondary_ecl_depth
#   datatype: float32
#   unit: mag
#   description: "Secondary eclipse: depth"
#   meta:
#     ucd: src.var.amplitude
# - 
#   name: derived_secondary_ecl_depth_error
#   datatype: float32
#   unit: mag
#   description: "Secondary eclipse: uncertainty of \\texttt{derivedSecondaryEclDepth}"
#   meta:
#     ucd: stat.error;src.var.amplitude
solution_id,source_id,global_ranking,reference_time,frequency,frequency_error,geom_model_reference_level,geom_model_reference_level_error,geom_model_gaussian1_phase,geom_model_gaussian1_phase_error,geom_model_gaussian1_sigma,geom_model_gaussian1_sigma_error,geom_model_gaussian1_depth,geom_model_gaussian1_depth_error,geom_model_gaussian2_phase,geom_model_gaussian2_phase_error,geom_model_gaussian2_sigma,geom_model_gaussian2_sigma_error,geom_model_gaussian2_depth,geom_model_gaussian2_depth_error,geom_model_cosine_half_period_amplitude,geom_model_cosine_half_period_amplitude_error,geom_model_cosine_half_period_phase,geom_model_cosine_half_period_phase_error,model_type,num_model_parameters,reduced_chi2,derived_primary_ecl_phase,derived_primary_ecl_phase_error,derived_primary_ecl_duration,derived_primary_ecl_duration_error,derived_primary_ecl_depth,derived_primary_ecl_depth_error,derived_secondary_ecl_phase,derived_secondary_ecl_phase_error,derived_secondary_ecl_duration,derived_secondary_ecl_duration_error,derived_secondary_ecl_depth,derived_secondary_ecl_depth_error
[from data line 374]
375316653866487564,4257022569941387648,0.59397197,2162.5003625281265,2.182648813204495,1.1541988E-5,19.163132,0.017412912,0.19800039,0.009768554,0.08207574,0.011622967,0.35831016,0.01620683,0.6881911,0.0042180903,0.073341094,0.005811778,0.3914743,0.023595098,null,null,null,null,"TWOGAUSSIANS",8,0.7274039,0.6881911,0.0042180903,0.4,0.0120377345,0.3880383,0.022737594,0.19800039,0.009768554,0.4,0.0,0.35487416,0.013574675
375316653866487564,4257023154059243648,0.53142303,2172.8424011213942,2.828637887794688,2.9346156E-5,19.1294,0.036036573,0.20054486,0.0120167425,0.09644676,0.016880259,0.34415725,0.035773825,0.71035415,0.010111755,0.0901434,0.016378995,0.29560184,0.038389526,null,null,null,null,"TWOGAUSSIANS",8,2.2377496,0.20054486,0.0120167425,0.4,0.0,0.32886252,0.0244346,0.71035415,0.010111755,0.4,0.0,0.2803081,0.026716165
375316653866487564,4257023566374216064,0.43889943,2246.156806754657,1.1514738405427332,2.5710913E-5,18.907698,0.014564888,0.31276047,0.033547003,0.039408356,0.035180755,0.24754782,0.060237627,0.79554325,0.07973332,0.063842356,0.015637873,0.15952249,0.082553394,null,null,null,null,"TWOGAUSSIANS",8,4.9258294,0.31276047,0.033547003,0.2206868,0.17391342,0.24754651,0.060707793,0.79554325,0.07973332,0.3575172,0.08479774,0.15952119,0.08246683
375316653866487564,4257024219222174336,0.5986822,2221.740995686293,2.9037257433232893,1.4889867E-5,15.878963,0.044485,0.30792657,0.0060200854,0.068585925,0.03250012,0.13442452,0.091954194,0.7959323,0.004352517,0.061540797,0.02512968,0.13070194,0.094286226,0.08303754,0.051247265,0.30792657,0.0060200854,"TWOGAUSSIANS_WITH_ELLIPSOIDAL_ON_ECLIPSE1",9,24.496544,0.30792657,0.0060200854,0.38408116,0.16980046,0.30031133,0.016560452,0.7992323,0.0023555052,0.34462848,0.14072621,0.2959059,0.010954979
375316653866487564,4257026624391093888,0.49170676,2177.2430769829857,2.4967279895484253,3.1364823E-5,19.199173,0.014460811,0.34152466,0.010777053,0.06256506,0.0086439,0.24256247,0.025262998,0.8555791,0.015810506,0.07459437,0.019585257,0.26519728,0.038091976,null,null,null,null,"TWOGAUSSIANS",8,3.0513124,0.8555791,0.015810506,0.4,0.04208733,0.2647453,0.03922653,0.34152466,0.010777053,0.35036433,0.048405837,0.24211049,0.024801057
375316653866487564,4257026864909538432,0.5741192,2233.946422264709,2.708569112911626,9.026861E-6,19.080132,0.020909235,0.7414259,0.0019657493,0.0451098,0.0067487853,0.58269346,0.11843697,null,null,null,null,null,null,0.14455172,0.0254798,0.7414259,0.0019657493,"ONEGAUSSIAN_WITH_ELLIPSOIDAL",6,2.75793,0.7414259,0.0019657493,0.2526149,0.037793197,0.8717967,0.12558271,null,null,null,null,null,null
375316653866487564,4257027204181108736,0.54402965,2184.0143288506906,1.3670346818006605,2.4866637E-5,17.316519,0.003534291,0.26205605,0.004702276,0.06940824,0.0057061845,0.14815725,0.019204367,0.7628445,0.0023727443,0.060848832,0.0041001826,0.29678783,0.033422116,null,null,null,null,"TWOGAUSSIANS",8,4.2822866,0.7628445,0.0023727443,0.34075347,0.02296102,0.29653695,0.033541184,0.26205605,0.004702276,0.38868615,0.031954635,0.1479064,0.019290965
375316653866487564,4257027345945928960,0.47801042,2239.8187599501252,0.7218601349083471,1.4293519E-5,19.904696,0.033439726,0.29872537,0.0055249943,0.07460898,0.014601406,0.30233762,0.022616463,0.75526184,0.061048727,0.0800337,0.05955865,0.1267894,0.097826816,null,null,null,null,"TWOGAUSSIANS",8,0.991522,0.29872537,0.0055249943,0.4,0.030069986,0.30154347,0.018497024,0.75526184,0.061048727,0.4,0.22553986,0.12599526,0.09814746
375316653866487564,4257027513418763264,0.44494992,2217.2354429834263,0.10525796147206054,2.194948E-5,17.86239,0.16147076,0.31371754,0.06690766,0.12060469,0.06270822,0.1453939,0.042670105,0.7938128,0.0072260476,0.24854898,0.11084563,0.26046515,0.15285608,null,null,null,null,"TWOGAUSSIANS",8,4.315265,0.7938128,0.0072260476,0.4,0.0,0.10401448,0.035351902,0.32395756,0.065997556,0.4,0.0,0.058603447,0.06234409
375316653866487564,4257028582895487872,0.6236499,2288.0537785987563,2.513987209280838,3.259627E-5,18.096186,0.012866134,0.2888981,0.090884686,0.08341707,0.06934901,0.34865934,121.31711,0.7678014,0.004075184,0.08202571,0.005148627,0.48643142,0.02186442,null,null,null,null,"TWOGAUSSIANS",8,3.7928295,0.7678014,0.004075184,0.4,0.0,0.48067516,0.020023772,0.2888981,0.090884686,0.4,0.28779837,0.34290305,121.32213
375316653866487564,4257028754701646464,0.5538396,2244.111467001481,0.3518245629838175,1.09541215E-4,19.203455,0.0036246253,0.25851905,0.013596977,0.031595208,0.01893204,1.9366494,1.8004271,0.5985281,8.469113E-6,0.01857638,6.491134E-4,0.30180952,0.003236463,null,null,null,null,"TWOGAUSSIANS",8,0.92069775,0.25851905,0.013596977,0.17693317,0.10601943,1.9366494,1.8004271,0.5985281,8.469113E-6,0.10402773,0.0036350351,0.30180952,0.003236463
375316653866487564,4257030124762058240,0.4587351,2253.3463735516793,2.7072621949410864,6.675827E-5,19.214233,0.053771984,0.24572536,0.10012368,0.08661237,0.08726952,0.39195514,0.098135285,0.70767516,0.058836184,0.11340819,0.057716276,0.27878016,0.056419868,null,null,null,null,"TWOGAUSSIANS",8,10.66065,0.24577536,0.100081734,0.4,0.0,0.37496552,0.1203828,0.70767516,0.058836184,0.4,0.029872242,0.2617176,0.043028247
375316653866487564,4257030159121809024,0.49357477,2229.6443040193735,0.866888474931175,1.0516971E-5,18.703583,0.005152458,0.33440307,0.013144504,0.05420345,0.019135058,0.08111438,0.014419097,0.8274746,3.9634484E-4,0.014728062,6.798738E-4,0.5170457,0.05706802,null,null,null,null,"TWOGAUSSIANS",8,1.8557572,0.8274746,3.9634484E-4,0.082477145,0.0038072933,0.5170457,0.05706802,0.33440307,0.013144504,0.30353934,0.10715633,0.08111438,0.014419097
375316653866487564,4257030197766923520,0.512405,2243.8689147848004,2.5292119604920065,3.2088028E-5,19.523746,0.009199197,0.3228728,0.0032444445,0.07313138,0.007293994,0.3207378,0.03731645,0.8312965,0.008911791,0.06642999,0.009995045,0.3471245,0.046473384,null,null,null,null,"TWOGAUSSIANS",8,1.6755345,0.8312965,0.008911791,0.37200794,0.049882356,0.34625146,0.04715701,0.3228728,0.0032444445,0.4,0.016084014,0.3198648,0.03774992
375316653866487564,4257030330920006912,0.51887274,2231.802905993519,2.466999127439793,1.6687842E-5,18.518377,0.015960691,0.25828034,0.028344594,0.0900609,0.020861987,0.15747012,0.0369311,0.77295285,0.007849714,0.08609445,0.015410286,0.16881031,0.011840061,null,null,null,null,"TWOGAUSSIANS",8,1.7613221,0.77295285,0.007849714,0.4,0.0,0.16424847,0.00892131,0.25828034,0.028344594,0.4,0.0,0.15290822,0.036317617
375316653866487564,4257031159875902720,0.52090585,2221.354377114342,3.568620274633607,3.3544155E-5,18.384798,0.042726405,0.3859073,0.025948144,0.090972096,0.023754822,0.50416017,0.094153374,0.8777528,0.007689799,0.08146567,0.011582704,0.54412043,0.03662353,null,null,null,null,"TWOGAUSSIANS",8,16.708424,0.8777528,0.007689799,0.4,0.0,0.5305495,0.025716236,0.3859073,0.025948144,0.4,0.0,0.49058896,0.09538488
375316653866487564,4257032465510555392,0.49610627,2248.8897506519634,2.3893445185913986,4.915286E-6,19.597513,0.014775951,0.4435713,0.0017707709,0.004653351,0.0025681816,0.18692845,0.8400576,0.8012993,0.077437565,0.08872092,0.062208593,0.5738712,87.33449,null,null,null,null,"TWOGAUSSIANS",8,5.274076,0.8012993,0.077437565,0.4,0.20446454,0.5738711,87.33449,0.4435713,0.001765954,0.026058767,0.014381817,0.18709755,0.83997804
375316653866487564,4257032534229691136,0.56002617,2294.8938093922866,2.056752962491747,5.1808303E-5,19.256239,0.031091735,0.29519594,0.012695702,0.09474462,0.0141394725,0.41402346,0.037111904,0.80961365,0.0074899527,0.09444466,0.010353403,0.41030458,0.029943716,null,null,null,null,"TWOGAUSSIANS",8,2.1698291,0.29519594,0.012695702,0.4,0.0,0.39357483,0.02397382,0.80961365,0.0074899527,0.4,0.0,0.389856,0.01430483
375316653866487564,4257032736106764672,0.60043913,2271.479176803342,0.8582584147817564,1.2841432E-5,17.111992,0.008368774,0.2572469,0.007851204,0.07810985,0.018506356,0.2437847,0.29626918,0.7510892,0.0023378343,0.07637883,0.0028002728,0.38561273,0.008997075,null,null,null,null,"TWOGAUSSIANS",8,5.865011,0.7510892,0.0023378343,0.4,0.0,0.38276634,0.0071959165,0.2572469,0.007851204,0.4,0.057278007,0.24093832,0.29816183
375316653866487564,4257033084021364736,0.5195593,2260.6052123386416,1.2406455837245176,2.0735273E-5,17.417126,0.007881804,0.091576196,0.013769503,0.12950584,0.03402934,0.034454,0.008688346,0.31952053,0.011144024,0.0126544945,0.0032657823,0.67682296,1.0758648,null,null,null,null,"TWOGAUSSIANS",8,3.9690156,0.31952053,0.011144024,0.07086517,0.01828838,0.6841032,1.0749533,0.091576196,0.013769503,0.4,0.0,0.034414053,0.008664101
375316653866487564,4257033148418148224,0.510958,2207.2507846916506,0.9280674403675856,5.183139E-5,18.757887,0.03199148,0.116073355,0.015111059,0.019803345,0.01875666,0.9500506,0.6308394,0.59352946,0.05958223,0.059621766,0.04279788,0.23473069,0.10085112,null,null,null,null,"TWOGAUSSIANS",8,33.241314,0.116073355,0.015111059,0.11089873,0.105037294,0.9500506,0.63084674,0.59352946,0.05958223,0.33388188,0.1398907,0.23473069,0.100848414
375316653866487564,4257033839900281216,0.5291539,2218.5833314739475,1.5453553725127793,7.643115E-5,19.046339,0.053926017,0.2320763,0.028483666,0.06955355,0.03837339,0.5808456,0.2186546,0.73628473,0.010530404,0.09159812,0.032561652,0.24014062,0.051257163,null,null,null,null,"TWOGAUSSIANS",8,6.817375,0.2320763,0.028501082,0.38949987,0.02517192,0.57572514,0.25266343,0.73628473,0.010530404,0.4,0.0,0.23502,0.04402782
375316653866487564,4257034664533748352,0.5764297,2272.181543418455,1.1938078128849192,6.3810053E-6,17.798615,0.06305753,0.29759324,0.0044039176,0.1107226,0.039039426,0.14905085,0.04983113,0.78096473,0.0039979997,0.12823327,0.026064144,0.22016849,0.061541297,null,null,null,null,"TWOGAUSSIANS",8,1.3351933,0.78096473,0.0039979997,0.4,0.0,0.18484557,0.0067822766,0.29786325,0.0045866515,0.4,0.0,0.11396139,0.01801408
375316653866487564,4257035179932998656,0.52922064,2314.4881248493143,3.999614363620728,4.038973E-5,19.753242,0.021460107,0.3123725,0.038096976,0.11384899,0.026447311,0.3571872,0.058775574,0.78309,0.023033073,0.069045424,0.01779985,0.4605917,0.05564043,null,null,null,null,"TWOGAUSSIANS",8,1.9886371,0.78309,0.023033073,0.38665438,0.059247855,0.44918436,0.05545251,0.3123725,0.038096976,0.4,0.0,0.3457033,0.055033125
375316653866487564,4257035484880516352,0.5615875,2243.2932089701007,3.0533675807829526,1.0163402E-5,18.175167,0.011148163,0.21189721,0.010872292,0.073537596,0.011152231,0.36653805,0.047064755,0.6970072,0.0027263833,0.072576515,0.0070560123,0.50003886,0.08642691,null,null,null,null,"TWOGAUSSIANS",8,4.7296104,0.6970072,0.0027263833,0.4,3.5358478E-6,0.49832,0.087614596,0.21189721,0.010872292,0.4,0.047328617,0.36481917,0.047787733
375316653866487564,4257035519240209920,0.5964476,2219.914964971675,2.27971091485356,7.973695E-6,18.289244,0.01402014,0.31366134,0.003907858,0.08023293,0.006434015,0.47568628,0.024251664,0.8069564,0.001992477,0.08707435,0.0047079376,0.43513715,0.019448848,null,null,null,null,"TWOGAUSSIANS",8,2.6184325,0.31366134,0.003907858,0.4,0.0,0.46644136,0.025038578,0.8069564,0.001992477,0.4,0.0,0.42589217,0.018941164
375316653866487564,4257035519241381248,0.59556013,2268.6368575350198,0.9027496254540792,3.6808044E-5,18.423643,0.022766467,0.27650955,0.005502803,0.11263589,0.012289453,0.2624346,0.025059326,0.74791837,0.0037227967,0.08595225,0.0058418657,0.5367748,0.029650714,null,null,null,null,"TWOGAUSSIANS",8,2.7753286,0.74791837,0.0037227967,0.4,0.0,0.5166892,0.025530573,0.27650955,0.005502803,0.4,0.0,0.24230355,0.021207895
375316653866487564,4257035523562819584,0.5073559,2190.500363452171,1.425831194361243,6.343972E-5,17.81973,0.008665627,0.24417086,0.0091142915,0.038409397,0.022799581,0.10675626,0.06343353,0.68942446,0.05440043,0.07395991,0.07242231,0.5460377,7.7310259E13,null,null,null,null,"TWOGAUSSIANS",8,3.2609587,0.68942446,0.05440043,0.4,0.38427833,0.54603463,7.7310259E13,0.24417086,0.0091142915,0.21509261,0.12767765,0.10675325,0.06349034
375316653866487564,4257036348162941440,0.6093996,2262.6901686178844,2.04532428976361,1.4612154E-5,19.460419,0.03373723,0.28402337,0.004007639,0.07863042,0.0066838386,0.65171677,0.03348122,0.78199613,0.00416148,0.07411807,0.00640803,0.62550783,0.042128757,null,null,null,null,"TWOGAUSSIANS",8,2.8757327,0.28402337,0.004007639,0.4,0.0,0.64595366,0.029821316,0.78199613,0.00416148,0.4,0.007295973,0.6197448,0.04055359
375316653866487564,4257036863592953856,0.57284415,2267.0410427387997,1.4760063022104293,5.7989914E-6,16.973043,0.004067634,0.2175942,0.026558924,0.034273945,0.029259527,0.18012848,0.40904173,0.7678332,0.0012489713,0.083473094,0.0034423105,0.33472374,0.01149995,null,null,null,null,"TWOGAUSSIANS",8,5.047935,0.7678332,0.0012489713,0.4,0.0,0.3347145,0.011501136,0.2175942,0.026558924,0.19193408,0.16385335,0.18011941,0.4090601
375316653866487564,4257037855702800384,0.66735697,2248.9231090694207,1.263207216676084,2.4633268E-6,17.079988,0.00997537,0.19263847,3.0244928E-4,0.041050136,0.0010263814,0.7612099,0.018559687,0.7018019,0.0044573294,0.034396008,0.0066048554,0.12967423,0.022995407,0.038270958,0.0125086885,0.19263847,3.0244928E-4,"TWOGAUSSIANS_WITH_ELLIPSOIDAL_ON_ECLIPSE1",9,6.746381,0.19263847,3.0244928E-4,0.22988077,0.0057477355,0.8377517,0.010545695,0.7018019,0.0044573294,0.19261764,0.03698719,0.20596257,0.008460516
375316653866487564,4257038336739340544,0.5306763,2287.765055010692,0.0693506005931294,4.2581098E-5,19.922586,0.014256279,0.2619663,0.01287731,0.06588477,0.020143054,0.23365349,0.021926658,0.76352924,0.0018669732,0.037941672,0.008904718,0.34031007,0.03842304,null,null,null,null,"TWOGAUSSIANS",8,0.7765788,0.76352924,0.0018669732,0.21247336,0.049866423,0.34030566,0.038424186,0.2619663,0.01287731,0.36895472,0.09096218,0.23364908,0.021936571
375316653866487564,4257039131304943488,0.57825565,2211.582059576238,1.6720587376249674,3.227883E-5,16.487751,0.0146894315,0.18931277,0.003751593,0.10966485,0.013823926,0.13847236,0.013884548,0.6858802,0.005105358,0.07936131,0.008360357,0.2479818,0.015038423,null,null,null,null,"TWOGAUSSIANS",8,8.220767,0.6858802,0.005105358,0.4,0.0,0.23808563,0.011044157,0.18931277,0.003751593,0.4,0.0,0.12856764,0.010498828
375316653866487564,4257039818500212224,0.49479592,2236.129040370895,2.492382144865944,5.9552647E-5,19.451553,0.037230927,0.27778444,0.020893713,0.109954,0.031720165,0.2774924,0.08813861,0.7526226,0.008551172,0.0855934,0.019185333,0.2737882,0.03388509,null,null,null,null,"TWOGAUSSIANS",8,1.5839316,0.27778444,0.020893458,0.4,0.0,0.2626423,0.09496272,0.7526226,0.008551172,0.4,0.0,0.25896588,0.035474937
375316653866487564,4257039887219791744,0.5273627,2275.024224620026,3.09974334182749,8.680917E-5,19.541613,0.024559781,0.22876608,0.016647974,0.086546525,0.023233762,0.5484967,1.089781,0.71501845,0.007149479,0.062122792,0.00896193,0.6194306,0.04041931,null,null,null,null,"TWOGAUSSIANS",8,7.0774264,0.71501845,0.007149479,0.34788764,0.050186805,0.616531,0.04057276,0.22876608,0.016647974,0.4,0.03918232,0.545597,1.0919865
375316653866487564,4257040196488033792,0.53411216,2259.578135052044,0.4611952974379092,9.88516E-6,15.82478,9.837098E-4,0.78609806,0.0026143305,0.024889635,0.0041936496,0.056739207,0.004366899,null,null,null,null,null,null,0.018223949,0.0023068981,0.78609806,0.0026143305,"ONEGAUSSIAN_WITH_ELLIPSOIDAL",6,3.2856195,0.78609806,0.0026143305,0.13938196,0.023484439,0.0931871,0.0056054695,null,null,null,null,null,null
375316653866487564,4257040368255840640,0.51080316,2211.3545337775454,1.4736206414290323,1.876885E-5,17.736765,0.02664714,0.26628068,0.008454345,0.028686214,0.0073461593,0.4122753,0.08685326,0.67381126,0.0022745817,0.006131891,0.0040873764,0.55308485,0.6131741,0.1421022,0.06491979,0.26628068,0.008454345,"TWOGAUSSIANS_WITH_ELLIPSOIDAL_ON_ECLIPSE1",9,50.389874,0.6739213,0.0022916214,0.03433859,0.022889309,0.7517634,0.6188322,0.26628068,0.008454345,0.1606428,0.041138493,0.6964791,0.07140932
