Gaia/vari_eclipsing_binary/VariEclipsingBinary_344905-345055.csv
# %ECSV 1.0
# ---
# delimiter: ','
# meta: !!omap
# - RELEASE: Gaia DR3
# - TABLE: vari_eclipsing_binary
# - DESCRIPTION: >
#     This table describes the properties of the eclipsing binaries resulting from the variability analysis. 
# - CITATION: >
#     How to cite and acknowledge Gaia: 
#     https://gea.esac.esa.int/archive/documentation/credits.html 
# - KNOWN_ISSUES: >
#     Known issues: 
#     https://www.cosmos.esa.int/web/gaia-users/known-issues 
# - DOCUMENTATION: >
#     Tutorials and documentation: 
#     https://www.cosmos.esa.int/web/gaia-users/archive 
# datatype:
# - 
#   name: solution_id
#   datatype: int64
#   description: Solution Identifier
#   meta:
#     ucd: meta.version
# - 
#   name: source_id
#   datatype: int64
#   description: Unique source identifier
#   meta:
#     ucd: meta.id;meta.main
# - 
#   name: global_ranking
#   datatype: float32
#   description: Number between 0 (worst) and 1 (best)
#   meta:
#     ucd: stat.param
# - 
#   name: reference_time
#   datatype: float64
#   unit: d
#   description: Reference time used for the geometric model fit
#   meta:
#     ucd: time.epoch
# - 
#   name: frequency
#   datatype: float64
#   unit: d**-1
#   description: Frequency of geometric model of the eclipsing binary light curve
#   meta:
#     ucd: src.orbital
# - 
#   name: frequency_error
#   datatype: float32
#   unit: d**-1
#   description: "Uncertainty of \\texttt{frequency}"
#   meta:
#     ucd: stat.error
# - 
#   name: geom_model_reference_level
#   datatype: float32
#   unit: mag
#   description: Magnitude reference level of geometric model
#   meta:
#     ucd: phot.mag;em.opt
# - 
#   name: geom_model_reference_level_error
#   datatype: float32
#   unit: mag
#   description: "Uncertainty of \\texttt{geomModelReferenceLevel}"
#   meta:
#     ucd: stat.error;phot.mag;em.opt
# - 
#   name: geom_model_gaussian1_phase
#   datatype: float32
#   description: Phase of the Gaussian 1 component
#   meta:
#     ucd: time.phase
# - 
#   name: geom_model_gaussian1_phase_error
#   datatype: float32
#   description: "Uncertainty of \\texttt{geomModelGaussian1Phase}"
#   meta:
#     ucd: stat.error;time.phase
# - 
#   name: geom_model_gaussian1_sigma
#   datatype: float32
#   description: "Standard deviation [phase] of Gaussian 1 component"
#   meta:
#     ucd: stat.stdev
# - 
#   name: geom_model_gaussian1_sigma_error
#   datatype: float32
#   description: "Uncertainty of \\texttt{geomModelGaussian1Sigma}"
#   meta:
#     ucd: stat.error
# - 
#   name: geom_model_gaussian1_depth
#   datatype: float32
#   unit: mag
#   description: Magnitude depth of Gaussian 1 component
#   meta:
#     ucd: src.var.amplitude
# - 
#   name: geom_model_gaussian1_depth_error
#   datatype: float32
#   unit: mag
#   description: "Uncertainty of \\texttt{geomModelGaussian1Depth}"
#   meta:
#     ucd: stat.error;src.var.amplitude
# - 
#   name: geom_model_gaussian2_phase
#   datatype: float32
#   description: Phase of Gaussian 2 component
#   meta:
#     ucd: time.phase
# - 
#   name: geom_model_gaussian2_phase_error
#   datatype: float32
#   description: "Uncertainty of \\texttt{geomModelGaussian2Phase}"
#   meta:
#     ucd: stat.error;time.phase
# - 
#   name: geom_model_gaussian2_sigma
#   datatype: float32
[...]
#   datatype: float32
#   description: "Secondary eclipse: uncertainty of \\texttt{derivedSecondaryEclDuration}"
#   meta:
#     ucd: stat.error;time.duration
# - 
#   name: derived_secondary_ecl_depth
#   datatype: float32
#   unit: mag
#   description: "Secondary eclipse: depth"
#   meta:
#     ucd: src.var.amplitude
# - 
#   name: derived_secondary_ecl_depth_error
#   datatype: float32
#   unit: mag
#   description: "Secondary eclipse: uncertainty of \\texttt{derivedSecondaryEclDepth}"
#   meta:
#     ucd: stat.error;src.var.amplitude
solution_id,source_id,global_ranking,reference_time,frequency,frequency_error,geom_model_reference_level,geom_model_reference_level_error,geom_model_gaussian1_phase,geom_model_gaussian1_phase_error,geom_model_gaussian1_sigma,geom_model_gaussian1_sigma_error,geom_model_gaussian1_depth,geom_model_gaussian1_depth_error,geom_model_gaussian2_phase,geom_model_gaussian2_phase_error,geom_model_gaussian2_sigma,geom_model_gaussian2_sigma_error,geom_model_gaussian2_depth,geom_model_gaussian2_depth_error,geom_model_cosine_half_period_amplitude,geom_model_cosine_half_period_amplitude_error,geom_model_cosine_half_period_phase,geom_model_cosine_half_period_phase_error,model_type,num_model_parameters,reduced_chi2,derived_primary_ecl_phase,derived_primary_ecl_phase_error,derived_primary_ecl_duration,derived_primary_ecl_duration_error,derived_primary_ecl_depth,derived_primary_ecl_depth_error,derived_secondary_ecl_phase,derived_secondary_ecl_phase_error,derived_secondary_ecl_duration,derived_secondary_ecl_duration_error,derived_secondary_ecl_depth,derived_secondary_ecl_depth_error
375316653866487564,3033819629225863040,0.4578067,2143.999047466818,0.12552580287486076,6.054863E-6,13.305321,0.010081215,0.26964962,0.02913438,0.09639506,0.025851896,0.10666038,0.016590325,0.76987225,0.005290168,0.108061,0.0106517235,0.10356769,0.010624654,null,null,null,null,"TWOGAUSSIANS",8,18.01053,0.26964962,0.029143948,0.4,0.0,0.0961562,0.0105083035,0.76987225,0.005290168,0.4,0.0,0.09305917,0.0052306005
375316653866487564,3033821106694160256,0.47009742,2151.743348502524,2.5362917394304025,3.94658E-5,15.49746,0.54914325,0.23527718,0.006719253,0.13945052,0.022568608,0.5789788,0.31259882,0.74227136,0.008205643,0.24459553,0.10261057,0.73537743,0.54769635,null,null,null,null,"TWOGAUSSIANS",8,59.56686,0.23191717,0.00669594,0.4,0.0,0.21636297,0.017305195,0.7429913,0.0077775763,0.4,0.0,0.19262815,0.018701145
375316653866487564,3033821278492872320,0.4648056,2120.671948730954,1.7524802912774768,2.30119E-5,16.297745,9.5122133E-4,0.14970459,0.007733911,0.011938941,0.006380013,0.010572334,0.0018255131,0.6393801,3.8761794E-4,0.008522962,3.4290832E-4,0.06709478,0.0017262517,null,null,null,null,"TWOGAUSSIANS",8,3.3319445,0.6393801,3.8761794E-4,0.04772859,0.0019202864,0.06709478,0.0017262517,0.14970459,0.007733911,0.06685807,0.035728075,0.010572334,0.0018255131
375316653866487564,3033821377270778496,0.68201226,2123.2497285733116,3.224227030437802,3.0808803E-6,17.667469,0.0055026687,0.22530918,7.4110104E-4,0.050901156,0.0014601724,0.39819604,0.014166381,0.72786814,0.0029486804,0.046182122,0.0031029945,0.3665198,0.016325507,0.12108103,0.007397842,0.22530918,7.4110104E-4,"TWOGAUSSIANS_WITH_ELLIPSOIDAL_ON_ECLIPSE1",9,2.1162298,0.22530918,7.4110104E-4,0.28504646,0.008176965,0.64035547,0.007682548,0.72786814,0.0029486804,0.25861987,0.01737677,0.60861665,0.016235247
375316653866487564,3033821862608324864,0.5387358,2132.7371684116015,0.018648211429774277,1.8686585E-6,18.24627,0.0039306805,0.2828428,1.8953535E-6,5.1782856E-4,5.2872574E-6,0.6894126,0.0038796258,0.7431823,0.011983752,0.01832869,0.014187142,0.10159195,68.116394,null,null,null,null,"TWOGAUSSIANS",8,6.214709,0.2828428,1.8953535E-6,0.00289984,2.9608642E-5,0.6894126,0.0038796258,0.7431823,0.011983752,0.10264067,0.079448,0.10159195,68.116394
375316653866487564,3033823340077062144,0.52333575,2108.076443517663,0.20813553985548558,1.6138014E-5,16.949951,0.0011856467,0.44210055,9.3947584E-4,0.015468769,8.757713E-4,0.6594166,0.1827568,0.80857754,0.033255946,0.04662598,0.028428886,0.05339669,0.08959911,null,null,null,null,"TWOGAUSSIANS",8,3.0912821,0.44210055,9.3947584E-4,0.08662511,0.004904319,0.6594166,0.1827568,0.80857754,0.033255946,0.26110548,0.15920176,0.05339669,0.08959911
375316653866487564,3033828146141959168,0.57399356,2086.800158374909,3.1011106188356243,1.9869769E-5,18.653109,0.011679921,0.25607365,0.0025259398,0.070236705,0.0065594157,0.8466925,0.124635406,0.76325804,0.0031116595,0.06011138,0.003958869,0.46402645,0.029249232,null,null,null,null,"TWOGAUSSIANS",8,4.4903708,0.25607365,0.0025259398,0.39332554,0.015136804,0.8460338,0.12533352,0.76325804,0.0031116595,0.33662373,0.022169666,0.46336776,0.029328458
375316653866487564,3033832411048174592,0.44035217,2183.1238045556747,0.13698202925915276,4.1940664E-5,19.839144,0.011496599,null,null,null,null,null,null,null,null,null,null,null,null,0.14184652,0.013773558,0.25699842,0.010331894,"ELLIPSOIDAL",4,6.280008,null,null,null,null,null,null,null,null,null,null,null,null
375316653866487564,3033832475466527872,0.5502584,2162.081058774972,3.7972186596657793,8.490384E-6,16.829363,0.016706042,0.2362976,0.0069326223,0.036606297,0.007534726,0.3076302,0.03882944,0.7463087,0.0038978518,0.049936824,0.004794018,0.35990942,0.06327712,0.11991865,0.020222068,0.7463087,0.0038978518,"TWOGAUSSIANS_WITH_ELLIPSOIDAL_ON_ECLIPSE2",9,25.74392,0.7463087,0.0038978518,0.27964622,0.0268465,0.59974504,0.048605476,0.23705761,0.006330048,0.20499526,0.042194467,0.54659015,0.017776692
375316653866487564,3033833957236337024,0.45716685,2183.9512664727636,0.20912455596560056,6.134832E-5,16.90028,0.0071495837,0.31028548,0.016666489,0.023462078,0.011847887,0.04698288,0.06365765,0.61536884,0.015205907,0.10769582,0.017489284,0.14479667,0.009495113,null,null,null,null,"TWOGAUSSIANS",8,29.522057,0.61536884,0.015205907,0.4,0.0,0.14479062,0.009491547,0.31110546,0.016137388,0.13138764,0.066348165,0.04962442,0.06438087
375316653866487564,3033834403912945920,0.6591273,2161.5754480340975,1.1609228250812746,1.77689E-6,15.192426,0.003906222,0.25838047,0.010794536,0.034734506,0.008241638,0.06101938,0.009147717,0.7543929,3.6222354E-4,0.0360135,7.712828E-4,0.5359782,0.015501103,0.009447439,0.004677821,0.25838047,0.010794536,"TWOGAUSSIANS_WITH_ELLIPSOIDAL_ON_ECLIPSE1",9,21.09429,0.75440294,3.517022E-4,0.2016756,0.0043191835,0.55486125,0.015321316,0.25838047,0.010794536,0.19451323,0.046153173,0.07991424,0.00234106
375316653866487564,3033836976592622080,0.44711617,2087.512152224666,3.512705909170835,3.8798633E-5,19.926924,0.016060058,0.19802296,0.009737263,0.08159616,0.015092453,0.2862652,0.0465636,0.70888805,0.0136024915,0.07850726,0.017385468,0.21875739,0.02975664,null,null,null,null,"TWOGAUSSIANS",8,2.6753328,0.19802296,0.009737263,0.4,0.0,0.2831802,0.048043262,0.70888805,0.0136024915,0.4,0.012033601,0.21567242,0.02968432
375316653866487564,3033837083972308224,0.5664336,2129.7515457445343,0.8995923708330479,8.675806E-6,13.68543,0.016246472,0.16087812,0.002296543,0.13948226,0.018179646,0.09374723,0.015445468,0.6576687,0.0024282103,0.10738475,0.008463841,0.11863752,0.015729746,null,null,null,null,"TWOGAUSSIANS",8,9.049382,0.6576687,0.0024282103,0.4,0.0,0.09338786,0.0019553863,0.16088812,0.0022940754,0.4,0.0,0.06819747,0.0015805035
375316653866487564,3033839278695027712,0.58342147,2144.371722906056,1.2570269316721003,2.5709166E-6,18.272097,0.0042140926,0.31069267,0.0011627456,0.029432297,0.0014507503,0.43238884,0.020882346,0.8030056,0.0041535534,0.0376926,0.0026761652,0.25086623,0.013445355,null,null,null,null,"TWOGAUSSIANS",8,3.8177667,0.31069267,0.0011627456,0.16482086,0.008124202,0.43238884,0.020882346,0.8030056,0.0041535534,0.21107855,0.014986525,0.25086623,0.013445355
375316653866487564,3033839454794322688,0.6722202,2145.021768061793,0.8826758417425631,2.9012223E-5,17.349009,0.0023326608,0.24056934,0.005111361,0.02817243,0.0033086867,0.61698747,0.10861402,0.7388829,0.014102212,0.028513968,0.013071166,0.56271666,0.6029906,0.014249928,0.0033315285,0.24056934,0.005111361,"TWOGAUSSIANS_WITH_ELLIPSOIDAL_ON_ECLIPSE1",9,1.7178361,0.24056934,0.005111361,0.1577656,0.018528646,0.6454873,0.109604746,0.7388929,0.0140916305,0.15967822,0.073198535,0.59121335,0.60551447
375316653866487564,3033840657385163264,0.58012795,2139.1512264152575,2.707557671648625,5.284975E-6,17.85395,0.009992167,0.24462801,0.0015160707,0.09350342,0.0033524001,0.3738126,0.009834288,0.7438387,0.002196997,0.09722463,0.004104146,0.34653628,0.011731014,null,null,null,null,"TWOGAUSSIANS",8,2.7948437,0.24462801,0.0015160707,0.4,0.0,0.35092235,0.006297569,0.7438387,0.002196997,0.4,0.0,0.32364523,0.011226233
375316653866487564,3033846086225031808,0.48714328,2150.112982128451,2.4432213035517263,1.6803342E-5,17.137175,0.0031843341,null,null,null,null,null,null,null,null,null,null,null,null,0.050705504,0.0046600234,0.23719302,0.005138617,"ELLIPSOIDAL",4,8.401183,null,null,null,null,null,null,null,null,null,null,null,null
375316653866487564,3033847529333921920,0.5238176,2138.9853377339978,3.5984480819598588,1.9074918E-5,16.324625,0.014951527,0.2509142,0.0056608026,0.08682008,0.0071266284,0.35137776,0.022992777,0.74218535,0.004795466,0.07823588,0.00846741,0.31610218,0.016985798,null,null,null,null,"TWOGAUSSIANS",8,83.798546,0.2509142,0.0056608026,0.4,0.0,0.3456017,0.022319548,0.74218535,0.004795466,0.4,0.0,0.3103262,0.01572707
375316653866487564,3033848113449414016,0.44652888,2101.2494874172558,0.1385116787689664,9.309646E-5,16.456997,0.0041856994,0.30126,0.009385257,0.05213912,0.006354513,0.13754955,0.012682892,0.82783586,0.027866993,0.10252695,0.029043363,0.049884144,0.008501983,null,null,null,null,"TWOGAUSSIANS",8,12.00194,0.30126,0.009385257,0.29197904,0.035585273,0.13715756,0.012586813,0.82783586,0.027866993,0.4,0.0,0.04949088,0.008570228
375316653866487564,3033849556558374528,0.62040925,2143.8162905602617,2.4403736726043928,5.4508378E-6,16.185545,0.004819575,0.23673335,0.0018459213,0.089155406,0.003788368,0.27179614,0.0055667255,0.746025,0.0019307762,0.08376784,0.0037888784,0.14827606,0.0046614236,null,null,null,null,"TWOGAUSSIANS",8,5.195475,0.23673335,0.0018459213,0.4,0.0,0.26652476,0.005587523,0.746025,0.0019307762,0.4,0.0,0.14300479,0.003452955
375316653866487564,3033849590914748160,0.421751,2116.3295251407462,3.2892780887232016,2.1980666E-4,18.119606,0.017550977,0.23877913,0.007488055,0.011656223,0.008321126,0.13160639,0.08757632,0.60287774,0.06693393,0.06257613,0.1194529,0.091523774,0.09765938,0.017341295,0.009907426,0.60287774,0.06693393,"TWOGAUSSIANS_WITH_ELLIPSOIDAL_ON_ECLIPSE2",9,6.880218,0.23855913,0.0075128987,0.06527485,0.046598308,0.14657293,0.084701814,0.60287774,0.06693393,0.35042632,0.6223514,0.12617572,0.10501369
375316653866487564,3033849930214172800,0.47364476,2086.0915266877296,2.945536829858569,3.9995866E-5,18.189608,0.36463544,0.29935944,0.0074692545,0.12179366,0.10519256,0.18424326,0.35768777,0.7907347,0.0059480034,0.10424974,0.042236567,0.19727977,0.27555236,null,null,null,null,"TWOGAUSSIANS",8,6.8597107,0.7907347,0.0059480034,0.4,0.0,0.16725293,0.023511348,0.29936945,0.0072606923,0.4,0.0,0.15413682,0.02682959
375316653866487564,3033856218046508800,0.62538993,2148.527030199774,2.681849143114795,4.9143555E-6,17.368027,0.0059237154,0.2681781,0.0020864669,0.10306596,0.0038332834,0.21620847,0.0058500865,0.763364,0.0022982007,0.09354627,0.004220857,0.2297295,0.005591176,null,null,null,null,"TWOGAUSSIANS",8,1.5596936,0.763364,0.0022982007,0.4,0.0,0.21328269,0.003880728,0.2681781,0.0020864669,0.4,0.0,0.19975851,0.004377045
375316653866487564,3033858387011286272,0.6797068,2168.4656754762555,1.6753696649397394,4.656416E-6,16.50763,0.005712965,0.3132184,0.0016196684,0.046273645,0.0026472397,0.47677496,0.013326311,0.8104076,0.0044997823,0.0483072,0.0052002943,0.116819344,0.012912978,0.041482445,0.0076214653,0.3132184,0.0016196684,"TWOGAUSSIANS_WITH_ELLIPSOIDAL_ON_ECLIPSE1",9,4.504799,0.3132184,0.0016196684,0.25913242,0.014824542,0.5597394,0.012877502,0.81073755,0.003989118,0.27052033,0.029121649,0.19976093,0.004866791
375316653866487564,3033859623961557760,0.49231037,2142.5951899076135,0.4189798340752469,8.565183E-5,15.629052,8.4427366E-4,0.2495636,0.0020471471,0.02087535,0.002265875,0.050505273,0.0019524938,0.73527145,0.016733153,0.07715699,0.021885497,0.010248845,0.0016534916,null,null,null,null,"TWOGAUSSIANS",8,4.041271,0.2495636,0.0020471471,0.11690196,0.0126889,0.050505247,0.0019524312,0.73527145,0.016733153,0.4,0.010347525,0.01024882,0.0016535802
375316653866487564,3033862368439608832,0.5658605,2095.4983476686166,2.8591692140680247,1.0052903E-5,18.212215,0.011365614,0.2717734,0.0067071156,0.086978145,0.009003291,0.29008415,0.017864851,0.77882445,0.0022038445,0.08590566,0.0046657547,0.26795593,0.011022285,null,null,null,null,"TWOGAUSSIANS",8,3.9514585,0.2717734,0.0067071156,0.4,0.0,0.28252354,0.017613761,0.77882445,0.0022038445,0.4,0.0,0.26039538,0.007818243
375316653866487564,3033862815116273152,0.5682902,2122.6335234434646,2.5241908173133125,2.4750845E-5,17.503963,0.020722138,0.19683985,0.008988017,0.050175693,0.013799804,0.20697612,0.049271166,0.6781712,0.003133583,0.06789063,0.008086135,0.16153277,0.05600343,0.10561664,0.033179816,0.6781712,0.003133583,"TWOGAUSSIANS_WITH_ELLIPSOIDAL_ON_ECLIPSE2",9,15.121341,0.19369985,0.008078028,0.28098387,0.077278905,0.4156189,0.03100887,0.6781712,0.003133583,0.38018754,0.042583145,0.37258497,0.01979133
375316653866487564,3033862922496596480,0.5758018,2115.5991760272736,0.29702012504258063,5.6309153E-5,16.249502,0.0019241961,0.64685446,0.04599804,0.17406578,0.07726196,0.0056474274,0.0021877754,0.5404663,0.038747128,0.021679115,0.016781574,0.15423849,1.8409861,null,null,null,null,"TWOGAUSSIANS",8,1.6728437,0.5405163,0.038814995,0.121403046,0.09397681,0.15874171,1.8404318,0.64531446,0.2680564,0.4,0.0,0.005466029,0.37696335
375316653866487564,3033864876700506240,0.510699,2148.141720702027,0.6489329536522608,2.7802213E-5,17.84331,0.0014462742,0.5835831,0.012479279,0.016572509,0.008656145,0.21921763,2.1176343,0.40333176,0.061657548,0.0888025,0.0590998,0.03268139,0.08097466,null,null,null,null,"TWOGAUSSIANS",8,1.5810281,0.58346313,0.012578714,0.09280605,0.048474412,0.2233885,2.1247022,0.40333176,0.061657548,0.4,0.03716861,0.03268138,0.08098379
375316653866487564,3033865052796482048,0.4952356,2145.295062081859,3.593184898309047,1.56842E-5,19.63914,0.03532909,0.25006205,0.006415572,0.09196728,0.015240013,0.2655022,0.03308343,0.7506058,0.007124705,0.10166181,0.020489467,0.36373168,0.02728996,null,null,null,null,"TWOGAUSSIANS",8,2.4418945,0.7506058,0.007124705,0.4,0.0,0.3416104,0.033445247,0.25006205,0.006415572,0.4,0.0,0.24338481,0.020544395
375316653866487564,3033865739991180800,0.4648266,2129.1711613852453,2.3307628278974364,3.0707608E-5,19.683851,0.025541913,0.22895676,0.02756367,0.048664548,0.037574742,0.27551317,0.115258954,0.72885704,0.007969237,0.048057348,0.01695347,0.16608588,0.026367549,null,null,null,null,"TWOGAUSSIANS",8,2.5238805,0.22895676,0.02756367,0.27252147,0.21041855,0.27551252,0.11537639,0.72885704,0.007969237,0.26912114,0.09493943,0.16608521,0.026314832
375316653866487564,3033868660568721152,0.4477819,2175.5001246944894,4.2072629161659005,3.0474997E-5,17.732418,0.009548762,0.38032192,0.013239871,0.018176893,0.016014097,0.034639582,30339.598,0.7816506,0.0062109875,0.045449674,0.0077652945,0.2717953,0.09983611,null,null,null,null,"TWOGAUSSIANS",8,6.1850743,0.7816506,0.0062109875,0.25451818,0.04348565,0.2717953,0.09983611,0.38032192,0.013239871,0.1017906,0.08967894,0.034639582,30339.598
375316653866487564,3033868759351413248,0.57193434,2124.4008277713906,2.782182967229901,1.0645215E-5,18.575018,0.008707211,0.1842031,0.0018859045,0.07813395,0.0033163878,0.30234256,0.009700355,0.6884502,0.0043075234,0.06882927,0.006153798,0.45234728,0.031754248,null,null,null,null,"TWOGAUSSIANS",8,2.8694308,0.6884502,0.0043075234,0.3854439,0.022634134,0.45032948,0.032343656,0.1842031,0.0018859045,0.4,0.0,0.30032477,0.009265264
375316653866487564,3033869966242810752,0.6331202,2137.9193720558746,0.5047023791093278,5.777578E-6,12.787945,0.0032015457,0.25789443,0.0017451663,0.061784778,0.003313063,0.14206935,0.015190913,0.78018,0.015839702,0.03535141,0.015581924,0.054554053,0.010786662,0.065027304,0.003438649,0.25789443,0.0017451663,"TWOGAUSSIANS_WITH_ELLIPSOIDAL_ON_ECLIPSE1",9,30.37272,0.25789443,0.0017451663,0.34599474,0.018553153,0.27208406,0.012813584,0.78018,0.015839702,0.1979679,0.08725877,0.18203542,0.009748467
375316653866487564,3033872611942647424,0.4915666,2143.8464882194307,2.3699381585984334,1.8810824E-5,13.905398,6.7331304E-4,0.47848773,6.7230785E-4,0.01037158,4.1626187E-4,0.08523829,0.004257781,0.7854033,0.0018249571,0.007347891,0.008577825,0.012710216,0.0032770718,null,null,null,null,"TWOGAUSSIANS",8,9.04819,0.47848773,6.7230785E-4,0.058080845,0.0023310664,0.08523829,0.004257781,0.7854033,0.0018249571,0.04114819,0.048035815,0.012710216,0.0032770718
375316653866487564,3033873123041236864,0.52205855,2082.8262798663986,3.4020777145857175,2.3548197E-5,18.216959,0.08882203,0.26906562,0.0042860582,0.049321692,0.016394643,0.35816565,0.16975333,0.75479645,0.015945563,0.03914204,0.032318737,0.45573452,0.15061988,0.09688969,0.09635375,0.26906562,0.0042860582,"TWOGAUSSIANS_WITH_ELLIPSOIDAL_ON_ECLIPSE1",9,34.23617,0.7554864,0.015196991,0.21919541,0.18098493,0.64803493,0.055663504,0.26906562,0.0042860582,0.2762015,0.09181,0.5519441,0.030427834
