Gaia/vari_eclipsing_binary/VariEclipsingBinary_229699-229743.csv
# %ECSV 1.0
# ---
# delimiter: ','
# meta: !!omap
# - RELEASE: Gaia DR3
# - TABLE: vari_eclipsing_binary
# - DESCRIPTION: >
#     This table describes the properties of the eclipsing binaries resulting from the variability analysis. 
# - CITATION: >
#     How to cite and acknowledge Gaia: 
#     https://gea.esac.esa.int/archive/documentation/credits.html 
# - KNOWN_ISSUES: >
#     Known issues: 
#     https://www.cosmos.esa.int/web/gaia-users/known-issues 
# - DOCUMENTATION: >
#     Tutorials and documentation: 
#     https://www.cosmos.esa.int/web/gaia-users/archive 
# datatype:
# - 
#   name: solution_id
#   datatype: int64
#   description: Solution Identifier
#   meta:
#     ucd: meta.version
# - 
#   name: source_id
#   datatype: int64
#   description: Unique source identifier
#   meta:
#     ucd: meta.id;meta.main
# - 
#   name: global_ranking
#   datatype: float32
#   description: Number between 0 (worst) and 1 (best)
#   meta:
#     ucd: stat.param
# - 
#   name: reference_time
#   datatype: float64
#   unit: d
#   description: Reference time used for the geometric model fit
#   meta:
#     ucd: time.epoch
# - 
#   name: frequency
#   datatype: float64
#   unit: d**-1
#   description: Frequency of geometric model of the eclipsing binary light curve
#   meta:
#     ucd: src.orbital
# - 
#   name: frequency_error
#   datatype: float32
#   unit: d**-1
#   description: "Uncertainty of \\texttt{frequency}"
#   meta:
#     ucd: stat.error
# - 
#   name: geom_model_reference_level
#   datatype: float32
#   unit: mag
#   description: Magnitude reference level of geometric model
#   meta:
#     ucd: phot.mag;em.opt
# - 
#   name: geom_model_reference_level_error
#   datatype: float32
#   unit: mag
#   description: "Uncertainty of \\texttt{geomModelReferenceLevel}"
#   meta:
#     ucd: stat.error;phot.mag;em.opt
# - 
#   name: geom_model_gaussian1_phase
#   datatype: float32
#   description: Phase of the Gaussian 1 component
#   meta:
#     ucd: time.phase
# - 
#   name: geom_model_gaussian1_phase_error
#   datatype: float32
#   description: "Uncertainty of \\texttt{geomModelGaussian1Phase}"
#   meta:
#     ucd: stat.error;time.phase
# - 
#   name: geom_model_gaussian1_sigma
#   datatype: float32
#   description: "Standard deviation [phase] of Gaussian 1 component"
#   meta:
#     ucd: stat.stdev
# - 
#   name: geom_model_gaussian1_sigma_error
#   datatype: float32
#   description: "Uncertainty of \\texttt{geomModelGaussian1Sigma}"
#   meta:
#     ucd: stat.error
# - 
#   name: geom_model_gaussian1_depth
#   datatype: float32
#   unit: mag
#   description: Magnitude depth of Gaussian 1 component
#   meta:
#     ucd: src.var.amplitude
# - 
#   name: geom_model_gaussian1_depth_error
#   datatype: float32
#   unit: mag
#   description: "Uncertainty of \\texttt{geomModelGaussian1Depth}"
#   meta:
#     ucd: stat.error;src.var.amplitude
# - 
#   name: geom_model_gaussian2_phase
#   datatype: float32
#   description: Phase of Gaussian 2 component
#   meta:
#     ucd: time.phase
# - 
#   name: geom_model_gaussian2_phase_error
#   datatype: float32
#   description: "Uncertainty of \\texttt{geomModelGaussian2Phase}"
#   meta:
#     ucd: stat.error;time.phase
# - 
#   name: geom_model_gaussian2_sigma
#   datatype: float32
[...]
#   datatype: float32
#   description: "Secondary eclipse: uncertainty of \\texttt{derivedSecondaryEclDuration}"
#   meta:
#     ucd: stat.error;time.duration
# - 
#   name: derived_secondary_ecl_depth
#   datatype: float32
#   unit: mag
#   description: "Secondary eclipse: depth"
#   meta:
#     ucd: src.var.amplitude
# - 
#   name: derived_secondary_ecl_depth_error
#   datatype: float32
#   unit: mag
#   description: "Secondary eclipse: uncertainty of \\texttt{derivedSecondaryEclDepth}"
#   meta:
#     ucd: stat.error;src.var.amplitude
solution_id,source_id,global_ranking,reference_time,frequency,frequency_error,geom_model_reference_level,geom_model_reference_level_error,geom_model_gaussian1_phase,geom_model_gaussian1_phase_error,geom_model_gaussian1_sigma,geom_model_gaussian1_sigma_error,geom_model_gaussian1_depth,geom_model_gaussian1_depth_error,geom_model_gaussian2_phase,geom_model_gaussian2_phase_error,geom_model_gaussian2_sigma,geom_model_gaussian2_sigma_error,geom_model_gaussian2_depth,geom_model_gaussian2_depth_error,geom_model_cosine_half_period_amplitude,geom_model_cosine_half_period_amplitude_error,geom_model_cosine_half_period_phase,geom_model_cosine_half_period_phase_error,model_type,num_model_parameters,reduced_chi2,derived_primary_ecl_phase,derived_primary_ecl_phase_error,derived_primary_ecl_duration,derived_primary_ecl_duration_error,derived_primary_ecl_depth,derived_primary_ecl_depth_error,derived_secondary_ecl_phase,derived_secondary_ecl_phase_error,derived_secondary_ecl_duration,derived_secondary_ecl_duration_error,derived_secondary_ecl_depth,derived_secondary_ecl_depth_error
375316653866487564,2020455145503455360,0.4322014,2336.1585259822536,3.3884056436860197,1.5300846E-5,19.166512,0.009695296,0.4413262,1.4861964E-4,0.003075297,0.0010838964,1.0391648,7.4120255,0.8165624,0.0063798805,0.06914837,0.008790374,0.24623473,0.050272398,null,null,null,null,"TWOGAUSSIANS",8,11.105454,0.4413262,1.4861964E-4,0.017221663,0.0060698194,1.0391649,7.4120255,0.8165624,0.0063798805,0.38723087,0.049151093,0.24623473,0.050272398
375316653866487564,2020459543550615936,0.403388,2346.7318867880504,2.9870533500672733,1.3978206E-4,19.936949,0.014882648,0.2674513,0.0098279165,0.025357084,0.007859846,0.47872597,0.071578674,0.6066324,0.020408709,0.027647294,0.019151336,0.28624552,0.62343556,null,null,null,null,"TWOGAUSSIANS",8,6.6683946,0.2674513,0.0098279165,0.14199968,0.044015136,0.47872597,0.071578674,0.6066324,0.020408709,0.15482485,0.10724748,0.28624552,0.62343556
375316653866487564,2020460505623418112,0.5582506,2329.1899911162864,2.422828430556814,8.963624E-6,18.2876,0.0038713058,0.25530168,0.0020848468,0.04197739,0.0058682286,0.10772714,0.016114855,0.7569021,0.0031057273,0.03583026,0.0040470413,0.11033314,0.015567489,0.10599171,0.005595082,0.25530168,0.0020848468,"TWOGAUSSIANS_WITH_ELLIPSOIDAL_ON_ECLIPSE1",9,3.315459,0.7569021,0.0030751077,0.20064946,0.022663431,0.32229477,0.014479398,0.25530168,0.0020848468,0.2350734,0.032862082,0.31971022,0.012673991
375316653866487564,2020461094049730176,0.6270068,2350.7082567498865,3.1157118669711625,6.2591716E-6,17.134472,0.007287972,0.23347472,0.0012592106,0.049227543,0.0025133474,0.33171543,0.016601745,0.7319628,0.002515579,0.05187274,0.003489735,0.4655339,0.019694164,0.098507926,0.009111061,0.23347472,0.0012592106,"TWOGAUSSIANS_WITH_ELLIPSOIDAL_ON_ECLIPSE1",9,15.918954,0.73208284,0.00230499,0.29048735,0.019542515,0.6625278,0.016134331,0.23347472,0.0012592106,0.27567422,0.014074746,0.5287256,0.007473242
375316653866487564,2020461918683455872,0.65403426,2335.795272611174,3.006629449755594,3.5530836E-6,17.313255,0.0050209947,0.31626633,9.516872E-4,0.03907458,0.0014591265,0.4215633,0.012127438,0.81762075,0.0023327502,0.041833032,0.0020960676,0.48197213,0.019549612,0.14267887,0.009754143,0.31626633,9.516872E-4,"TWOGAUSSIANS_WITH_ELLIPSOIDAL_ON_ECLIPSE1",9,7.3575845,0.81762075,0.002321203,0.23426498,0.011737978,0.7673087,0.016780414,0.31626633,9.516872E-4,0.21881767,0.008171109,0.70692056,0.008855891
375316653866487564,2020462537158750592,0.51972044,2341.280654957394,2.5340364767760755,1.2974906E-6,17.883926,0.0020269945,0.29447505,5.638375E-5,0.0031568434,4.2888303E-5,0.4710068,0.004616417,0.4882276,0.06559489,0.042591322,0.04433229,0.008868647,0.019370232,null,null,null,null,"TWOGAUSSIANS",8,4.003766,0.29447505,5.638375E-5,0.017678322,2.401745E-4,0.4710071,0.004616166,0.4882276,0.06559489,0.2385114,0.24826081,0.008868647,0.019370232
375316653866487564,2020463082603309696,0.4899482,2366.777820089336,1.0093972918931124,1.4901017E-5,18.827925,0.011497088,0.19081956,0.007708833,0.09493491,0.012694265,0.1412242,0.014804727,0.6969936,0.0070254174,0.084972024,0.007951096,0.23625067,0.014881588,null,null,null,null,"TWOGAUSSIANS",8,3.2266014,0.6969936,0.0070254174,0.4,0.0,0.22943,0.011449017,0.19081956,0.007708833,0.4,0.0,0.13440327,0.014204581
375316653866487564,2020463224354537216,0.617554,2348.0582525291675,1.7891929490600746,2.6892646E-6,16.99973,0.006647366,0.22830977,9.3512895E-4,0.06309425,0.0068868552,0.102314904,0.0121801235,0.7271572,0.0016429203,0.050274417,0.0056546363,0.11262578,0.011495689,0.0777639,0.007531714,0.22830977,9.3512895E-4,"TWOGAUSSIANS_WITH_ELLIPSOIDAL_ON_ECLIPSE1",9,2.6704686,0.72740716,0.0012270767,0.28153673,0.031665962,0.26810703,0.006905331,0.22830977,9.3512895E-4,0.3533278,0.03856639,0.25780255,0.004895691
375316653866487564,2020463258714274432,0.48019284,2333.3902903419,1.7331070080958448,6.689291E-6,18.339365,0.003325813,0.27731597,0.0016964965,0.03813389,0.0037132876,0.11617185,0.005859727,0.77578014,0.0010532832,0.03192956,0.0019191178,0.18362735,0.011482035,null,null,null,null,"TWOGAUSSIANS",8,4.0025496,0.77578014,0.0010532832,0.17880553,0.010747059,0.18362735,0.011482035,0.27731597,0.0016964965,0.21354978,0.020794412,0.11617185,0.005859727
375316653866487564,2020464014628152192,0.48323193,2339.132652321471,0.14308787175904428,2.1980479E-5,17.053213,0.0010987798,0.14497751,0.013962059,0.042020746,0.011351756,0.010742251,0.0035781597,0.6800016,0.0039022972,0.018911721,0.0042469846,0.22804104,0.031495698,null,null,null,null,"TWOGAUSSIANS",8,10.514671,0.6800016,0.0039022972,0.10590564,0.023783116,0.22804104,0.031495698,0.14497751,0.013962059,0.23531617,0.06356984,0.010742251,0.0035781597
375316653866487564,2020464083331746944,0.46989948,2363.1704230736323,0.4711230077951024,2.8920813E-5,19.202488,0.0035003847,0.14616689,0.04144982,0.048611343,0.035200767,0.029348563,0.0079353005,0.92329305,0.0025002777,0.025733046,0.0038917076,0.31894925,0.052878838,null,null,null,null,"TWOGAUSSIANS",8,2.1429882,0.92329305,0.0025002777,0.14410506,0.021793563,0.31895003,0.05287879,0.14616689,0.04144982,0.2722235,0.1971243,0.029348563,0.0079353005
375316653866487564,2020464560068468480,0.5663185,2352.774614193846,0.6992401740789503,6.1860906E-6,19.035423,0.010386303,0.24018182,0.0012945712,0.041649517,0.0031493008,0.513888,0.041232597,0.74354064,0.0016362419,0.040246464,0.002530943,0.5228762,0.018868348,0.036491748,0.012478317,0.24018182,0.0012945712,"TWOGAUSSIANS_WITH_ELLIPSOIDAL_ON_ECLIPSE1",9,2.2538366,0.74354064,0.0016362419,0.2253802,0.0141732795,0.5958271,0.016722439,0.24018182,0.0012945712,0.2332373,0.017636085,0.5868714,0.04790277
375316653866487564,2020465006748715520,0.48261544,2352.7468732281395,0.49118987544506926,9.598758E-6,19.258883,0.0068837483,0.96813035,0.9531368,0.03307666,0.03329707,0.03816607,0.016497836,0.20185815,0.001852421,0.026968818,0.0020572993,0.59933907,0.07528766,null,null,null,null,"TWOGAUSSIANS",8,6.0594025,0.20185815,0.001852421,0.15102538,0.011520876,0.59933907,0.075288,0.96813035,0.9531368,0.18522929,0.18646358,0.03816607,0.016497836
375316653866487564,2020465079780435200,0.54035646,2369.5298684637137,3.063695852499991,1.0737131E-5,16.408447,0.20282356,0.25053838,0.0026600016,0.18639202,0.049895395,0.308158,0.19801198,0.75571364,0.0028516755,0.14777753,0.017555859,0.3246524,0.15743718,null,null,null,null,"TWOGAUSSIANS",8,5.750337,0.75702363,0.0025090266,0.4,0.0,0.14313309,0.0038931086,0.24986838,0.0024276697,0.4,0.0,0.1118505,0.0034879541
375316653866487564,2020465148483315840,0.46497592,2357.9703880219076,1.0580623108324927,1.8745433E-5,19.038933,0.0046189395,0.25814453,0.0052765133,0.08039723,0.006118348,0.16067672,0.010230947,0.7615873,0.0053951913,0.07315888,0.007336491,0.11595217,0.005557608,null,null,null,null,"TWOGAUSSIANS",8,1.8457097,0.25814453,0.0052765133,0.4,0.0,0.15940435,0.010281481,0.7615873,0.0053951913,0.4,0.0019553367,0.114679806,0.0054779374
375316653866487564,2020465182859656576,0.4562336,2360.497330110559,2.6153783084185465,9.516109E-5,16.869034,0.25893793,0.23925775,0.019102363,0.27232146,0.09861003,0.6568094,0.17710243,0.72498864,0.009068034,0.17227437,0.058171805,0.54427785,0.47570997,null,null,null,null,"TWOGAUSSIANS",8,28.461142,0.72498864,0.009068034,0.4,0.0,0.17715573,0.007618647,0.25222775,0.01394715,0.4,0.0,0.06389604,0.007241564
375316653866487564,2020466729031254016,0.51636726,2346.5150902005007,1.6540223160525553,9.166965E-6,19.806934,0.006990484,0.28058487,0.005462538,0.06409378,0.0050457064,0.25551933,0.024796113,0.7894842,0.003131792,0.051519737,0.006058981,0.67787814,0.10452848,null,null,null,null,"TWOGAUSSIANS",8,1.6878539,0.7894842,0.003131792,0.28851053,0.033930294,0.6778299,0.104610935,0.28058487,0.005462538,0.3589252,0.028255956,0.2554711,0.024803827
375316653866487564,2020467137052400256,0.49046198,2356.1422002540667,1.5251483334025735,1.788182E-5,18.549454,0.0047443043,0.27422526,0.0041046767,0.0540234,0.0038708493,0.27614126,0.009463423,0.76740825,0.0068168263,0.05334659,0.009935821,0.07700505,0.012316765,null,null,null,null,"TWOGAUSSIANS",8,4.6042585,0.27422526,0.0041046767,0.30253103,0.021676756,0.27613705,0.009462007,0.76740825,0.0068168263,0.2987409,0.055640597,0.07700084,0.012321001
375316653866487564,2020467343207291136,0.581829,2340.662139579996,0.8942691095989883,3.4988664E-6,18.43736,0.0035827935,0.28093696,7.465209E-4,0.039930064,0.0012844906,0.31154367,0.009401915,0.7813419,0.001168289,0.038832616,0.0014059125,0.2802842,0.010379752,0.027204217,0.006400937,0.28093696,7.465209E-4,"TWOGAUSSIANS_WITH_ELLIPSOIDAL_ON_ECLIPSE1",9,2.3875535,0.28093696,7.465209E-4,0.22360836,0.007193147,0.3659521,0.007589173,0.7813419,0.001168289,0.21746266,0.00787311,0.33469224,0.007224106
375316653866487564,2020468408359207808,0.46803313,2340.3947185804113,1.0998502642696326,1.6319756E-5,17.61901,0.0017566157,0.23355581,0.039439347,0.0676694,0.020481518,0.0143534485,0.0048570726,0.7246878,0.002010165,0.0324342,0.0024788335,0.11688682,0.009713764,null,null,null,null,"TWOGAUSSIANS",8,2.6997714,0.7246878,0.002010165,0.18163152,0.013881468,0.11688669,0.009713816,0.23355581,0.039439347,0.37894866,0.10490693,0.014353323,0.004857114
375316653866487564,2020468859334653568,0.52715576,2351.27309261583,0.5163442219288117,6.7470255E-6,19.117144,0.0019949654,0.24037592,0.0021439851,0.02257197,0.0014655223,0.48506892,0.03286206,0.76447827,4.8638266E-4,0.02114001,5.249242E-4,0.63143206,0.032122854,null,null,null,null,"TWOGAUSSIANS",8,1.4655315,0.76447827,4.8638266E-4,0.11838405,0.0029395754,0.63143206,0.032122854,0.24037592,0.0021439851,0.12640303,0.008206924,0.48506892,0.03286206
375316653866487564,2020469065510289664,0.45859477,2339.783832717648,0.25300761366140045,2.2902317E-5,14.103193,0.0010726234,0.29765707,0.00188578,0.010832586,0.0018181301,0.041983567,0.0038555674,0.43990728,0.08073888,0.04577341,0.08248908,0.0050564962,0.0013272313,0.003499397,0.0012568316,0.29765707,0.00188578,"TWOGAUSSIANS_WITH_ELLIPSOIDAL_ON_ECLIPSE1",9,17.380022,0.2976671,0.0018842452,0.060662486,0.0101815285,0.049022757,0.00142106,0.43990728,0.08073888,0.2563311,0.15096329,0.007803205,0.0028267368
375316653866487564,2020469645309892352,0.58744746,2311.395297918664,0.40584114938920685,9.373549E-6,14.925523,0.005064139,0.20029111,0.0017004731,0.020414928,0.0018560383,0.12796363,0.014304316,0.6970403,5.547544E-4,0.02652061,8.1403396E-4,1.7964683,0.0880525,0.016378848,0.007531139,0.20029111,0.0017004731,"TWOGAUSSIANS_WITH_ELLIPSOIDAL_ON_ECLIPSE1",9,281.75104,0.6970403,5.547544E-4,0.14851542,0.0045585902,1.8292122,0.09099862,0.20029111,0.0017004731,0.11432359,0.010393814,0.1607213,0.0073195337
375316653866487564,2020469714029350144,0.46474907,2319.309084346681,0.43260702221641084,9.1446316E-5,17.983604,0.0015743088,0.49361455,0.0018999106,0.027034322,0.0013550782,0.18659747,0.012836525,0.72777206,0.02176648,0.036767878,0.019447377,0.013045742,0.006271326,null,null,null,null,"TWOGAUSSIANS",8,2.0562577,0.49361455,0.0018999106,0.1513922,0.007588438,0.18659747,0.012836525,0.72777206,0.02176648,0.2059001,0.10890531,0.013045742,0.006271326
375316653866487564,2020470332504661376,0.59472555,2334.154054556718,0.5715533602271994,2.908196E-6,18.319237,0.005861561,0.27759045,0.0014107497,0.031374007,0.0016675408,1.6533787,0.17808855,0.7784186,0.0029902686,0.035703003,0.00332141,0.16309793,0.020943409,0.019818136,0.0067761587,0.27759045,0.0014107497,"TWOGAUSSIANS_WITH_ELLIPSOIDAL_ON_ECLIPSE1",9,8.042352,0.27759045,0.0014107497,0.17569445,0.009338228,1.693015,0.18105951,0.7784186,0.002971107,0.1999368,0.018599896,0.20273311,0.018963186
375316653866487564,2020470332508784128,0.47588378,2326.9932423706127,0.7588406133086447,8.546716E-6,19.123146,0.0038823497,0.25476664,0.0014504459,0.0178367,0.0019584366,0.2424339,0.01954198,0.7573729,0.005480949,0.024261344,0.004352061,0.22308958,0.038947422,null,null,null,null,"TWOGAUSSIANS",8,2.69277,0.25476664,0.0014504459,0.09988551,0.010967244,0.2424339,0.01954198,0.7573729,0.005480949,0.13586353,0.02437154,0.22308958,0.038947422
375316653866487564,2020470439883229568,0.52320313,2347.160844939255,0.48899999654907444,1.5436137E-5,19.87754,0.004958456,0.2902153,0.003072444,0.025586046,0.002577282,0.8097641,0.05770687,0.7966962,0.006956414,0.031296633,0.004922026,0.22148855,0.08039189,null,null,null,null,"TWOGAUSSIANS",8,1.8269488,0.2902153,0.003072444,0.14328186,0.0144327795,0.8097641,0.05770687,0.7966962,0.006956414,0.17526114,0.027563345,0.22148855,0.08039189
375316653866487564,2020471706894157312,0.5451427,2329.298381177267,1.7844456525284007,1.291257E-5,19.013304,0.0066366154,0.23483674,0.005040892,0.06168028,0.00492438,0.5087561,0.02170254,0.7248637,0.0022443524,0.07440342,0.0034162176,0.5894724,0.027258966,null,null,null,null,"TWOGAUSSIANS",8,4.498391,0.7248637,0.0022443524,0.4,0.0,0.5884927,0.0274848,0.23483674,0.005040892,0.34540957,0.027576528,0.5077764,0.022159532
375316653866487564,2020471775613642752,0.5152791,2354.3763725920644,0.5512203519199022,8.247972E-6,17.787798,0.0021642316,0.7447324,0.0011228878,0.024083566,0.0012354801,0.18781175,0.0070600305,null,null,null,null,null,null,0.016403094,0.0024450587,0.7447324,0.0011228878,"ONEGAUSSIAN_WITH_ELLIPSOIDAL",6,4.5540624,0.7447324,0.0011228878,0.13486797,0.006918689,0.22061786,0.006917661,null,null,null,null,null,null
375316653866487564,2020472570203057280,0.6772485,2331.9962639984924,0.205764303404997,2.6428088E-6,14.895468,5.229415E-4,0.24599245,0.001609886,0.009652346,0.0010551607,0.3843198,0.05131966,0.74697596,0.0017239015,0.008540419,0.0025995763,0.47122127,0.060418747,null,null,null,null,"TWOGAUSSIANS",8,7.1166363,0.74697596,0.0017239015,0.04782635,0.014557627,0.47122127,0.060418747,0.24599245,0.001609886,0.05405314,0.0059088995,0.3843198,0.05131966
375316653866487564,2020472875130424192,0.59566826,2307.94841167298,0.3387613144837125,4.0987225E-6,18.46572,0.0030508575,0.23588218,3.507229E-4,0.0242524,6.745959E-4,0.7528305,0.029689308,0.7343205,0.0014509906,0.022198895,0.0036452364,0.123055205,0.025073953,0.029580573,0.0051384363,0.23588218,3.507229E-4,"TWOGAUSSIANS_WITH_ELLIPSOIDAL_ON_ECLIPSE1",9,3.2681108,0.23588218,3.507229E-4,0.13581344,0.0037777368,0.81199163,0.030911928,0.7343505,0.0014234115,0.12431381,0.020413324,0.18221073,0.024022875
375316653866487564,2020476036226312704,0.47994733,2320.5150026180013,2.089117476387878,1.7874452E-5,18.345196,0.0047829226,0.23440187,0.0046767383,0.04003205,0.016686687,0.021083504,0.018646859,0.7530686,0.0077256267,0.008216711,0.009198405,0.10171264,8.255303,0.091260724,0.0056593684,0.23440187,0.0046767383,"TWOGAUSSIANS_WITH_ELLIPSOIDAL_ON_ECLIPSE1",9,8.738414,0.7530686,0.0077256267,0.04601358,0.051511068,0.28173473,8.256302,0.23440187,0.0046767383,0.22417949,0.09344545,0.2036049,0.015849754
375316653866487564,2020477238817134080,0.49823615,2315.1325635566827,0.695395505321004,7.814723E-6,19.858528,0.0053212773,0.1453049,0.002296922,0.026190674,0.0013126925,0.62944067,0.06682511,0.6453149,0.014659854,0.022984056,0.00606108,0.68523735,0.31627065,null,null,null,null,"TWOGAUSSIANS",8,2.4486814,0.6453149,0.014659854,0.12871072,0.033942048,0.68523735,0.31627065,0.1453049,0.002296922,0.14666778,0.007351078,0.62944067,0.06682511
375316653866487564,2020477311830089600,0.5107041,2296.0199572279635,2.948410706934867,7.4591426E-6,19.812983,0.011769166,0.26717198,0.003315442,0.08372562,0.00512454,0.41442463,0.026024226,0.75405383,0.0037457726,0.08629478,0.0044866777,0.47753838,0.0302159,null,null,null,null,"TWOGAUSSIANS",8,1.9613221,0.75405383,0.0037457726,0.4,0.0,0.46816748,0.030545047,0.26717198,0.003315442,0.4,0.0,0.4050538,0.026784156
