Gaia/vari_eclipsing_binary/VariEclipsingBinary_461944-461955.csv
# %ECSV 1.0
# ---
# delimiter: ','
# meta: !!omap
# - RELEASE: Gaia DR3
# - TABLE: vari_eclipsing_binary
# - DESCRIPTION: >
#     This table describes the properties of the eclipsing binaries resulting from the variability analysis. 
# - CITATION: >
#     How to cite and acknowledge Gaia: 
#     https://gea.esac.esa.int/archive/documentation/credits.html 
# - KNOWN_ISSUES: >
#     Known issues: 
#     https://www.cosmos.esa.int/web/gaia-users/known-issues 
# - DOCUMENTATION: >
#     Tutorials and documentation: 
#     https://www.cosmos.esa.int/web/gaia-users/archive 
# datatype:
# - 
#   name: solution_id
#   datatype: int64
#   description: Solution Identifier
#   meta:
#     ucd: meta.version
# - 
#   name: source_id
#   datatype: int64
#   description: Unique source identifier
#   meta:
#     ucd: meta.id;meta.main
# - 
#   name: global_ranking
#   datatype: float32
#   description: Number between 0 (worst) and 1 (best)
#   meta:
#     ucd: stat.param
# - 
#   name: reference_time
#   datatype: float64
#   unit: d
#   description: Reference time used for the geometric model fit
#   meta:
#     ucd: time.epoch
# - 
#   name: frequency
#   datatype: float64
#   unit: d**-1
#   description: Frequency of geometric model of the eclipsing binary light curve
#   meta:
#     ucd: src.orbital
# - 
#   name: frequency_error
#   datatype: float32
#   unit: d**-1
#   description: "Uncertainty of \\texttt{frequency}"
#   meta:
#     ucd: stat.error
# - 
#   name: geom_model_reference_level
#   datatype: float32
#   unit: mag
#   description: Magnitude reference level of geometric model
#   meta:
#     ucd: phot.mag;em.opt
# - 
#   name: geom_model_reference_level_error
#   datatype: float32
#   unit: mag
#   description: "Uncertainty of \\texttt{geomModelReferenceLevel}"
#   meta:
#     ucd: stat.error;phot.mag;em.opt
# - 
#   name: geom_model_gaussian1_phase
#   datatype: float32
#   description: Phase of the Gaussian 1 component
#   meta:
#     ucd: time.phase
# - 
#   name: geom_model_gaussian1_phase_error
#   datatype: float32
#   description: "Uncertainty of \\texttt{geomModelGaussian1Phase}"
#   meta:
#     ucd: stat.error;time.phase
# - 
#   name: geom_model_gaussian1_sigma
#   datatype: float32
#   description: "Standard deviation [phase] of Gaussian 1 component"
#   meta:
#     ucd: stat.stdev
# - 
#   name: geom_model_gaussian1_sigma_error
#   datatype: float32
#   description: "Uncertainty of \\texttt{geomModelGaussian1Sigma}"
#   meta:
#     ucd: stat.error
# - 
#   name: geom_model_gaussian1_depth
#   datatype: float32
#   unit: mag
#   description: Magnitude depth of Gaussian 1 component
#   meta:
#     ucd: src.var.amplitude
# - 
#   name: geom_model_gaussian1_depth_error
#   datatype: float32
#   unit: mag
#   description: "Uncertainty of \\texttt{geomModelGaussian1Depth}"
#   meta:
#     ucd: stat.error;src.var.amplitude
# - 
#   name: geom_model_gaussian2_phase
#   datatype: float32
#   description: Phase of Gaussian 2 component
#   meta:
#     ucd: time.phase
# - 
#   name: geom_model_gaussian2_phase_error
#   datatype: float32
#   description: "Uncertainty of \\texttt{geomModelGaussian2Phase}"
#   meta:
#     ucd: stat.error;time.phase
# - 
#   name: geom_model_gaussian2_sigma
#   datatype: float32
[...]
#   datatype: float32
#   description: "Secondary eclipse: uncertainty of \\texttt{derivedSecondaryEclDuration}"
#   meta:
#     ucd: stat.error;time.duration
# - 
#   name: derived_secondary_ecl_depth
#   datatype: float32
#   unit: mag
#   description: "Secondary eclipse: depth"
#   meta:
#     ucd: src.var.amplitude
# - 
#   name: derived_secondary_ecl_depth_error
#   datatype: float32
#   unit: mag
#   description: "Secondary eclipse: uncertainty of \\texttt{derivedSecondaryEclDepth}"
#   meta:
#     ucd: stat.error;src.var.amplitude
solution_id,source_id,global_ranking,reference_time,frequency,frequency_error,geom_model_reference_level,geom_model_reference_level_error,geom_model_gaussian1_phase,geom_model_gaussian1_phase_error,geom_model_gaussian1_sigma,geom_model_gaussian1_sigma_error,geom_model_gaussian1_depth,geom_model_gaussian1_depth_error,geom_model_gaussian2_phase,geom_model_gaussian2_phase_error,geom_model_gaussian2_sigma,geom_model_gaussian2_sigma_error,geom_model_gaussian2_depth,geom_model_gaussian2_depth_error,geom_model_cosine_half_period_amplitude,geom_model_cosine_half_period_amplitude_error,geom_model_cosine_half_period_phase,geom_model_cosine_half_period_phase_error,model_type,num_model_parameters,reduced_chi2,derived_primary_ecl_phase,derived_primary_ecl_phase_error,derived_primary_ecl_duration,derived_primary_ecl_duration_error,derived_primary_ecl_depth,derived_primary_ecl_depth_error,derived_secondary_ecl_phase,derived_secondary_ecl_phase_error,derived_secondary_ecl_duration,derived_secondary_ecl_duration_error,derived_secondary_ecl_depth,derived_secondary_ecl_depth_error
[from data line 302]
375316653866487564,4063346650398569472,0.4619618,2236.1120497373327,1.618762709221283,2.3527358E-5,17.171762,0.013711538,0.27620354,0.0081431065,0.08125715,0.011740461,0.2984232,0.047514185,0.7492547,0.009579566,0.06926423,0.006996302,0.3125257,0.035807867,null,null,null,null,"TWOGAUSSIANS",8,38.42125,0.7492547,0.009579566,0.3878797,0.032809667,0.31120074,0.0355305,0.27620354,0.0081431065,0.4,0.0,0.29709822,0.048147164
375316653866487564,4063346719261328384,0.50993186,2323.7241635142927,1.8491087253406644,3.1348307E-5,19.36533,0.058686793,0.2511923,0.009208648,0.09857808,0.022019766,0.31853858,0.05175791,0.7564231,0.015694825,0.07792326,0.037486266,0.33219644,0.09376432,null,null,null,null,"TWOGAUSSIANS",8,4.6334944,0.7564231,0.015727175,0.4,0.0010728949,0.32149678,0.11743664,0.2511923,0.009198455,0.4,0.0,0.30783722,0.026769297
375316653866487564,4063346787983031296,0.46510068,2264.7651336418157,0.15282034304937822,5.413695E-5,18.97137,0.019174099,0.49424943,0.0045189173,0.032597408,0.0034869986,0.114350356,0.020864569,0.7474044,0.010322669,0.0849067,0.0081883045,0.35879436,0.037424564,null,null,null,null,"TWOGAUSSIANS",8,11.185091,0.7474044,0.010322669,0.4,0.0,0.35879433,0.037424527,0.49568942,0.004535958,0.18254548,0.019527191,0.118668385,0.023299476
375316653866487564,4063347135829680128,0.46272352,2268.518909201793,0.46296251823813084,5.0364273E-5,19.40223,0.029941801,0.2267889,0.010168994,0.08889738,0.014957851,0.375367,0.03574828,0.7102839,0.018704917,0.080867775,0.026510859,0.30889502,0.16714543,null,null,null,null,"TWOGAUSSIANS",8,5.631928,0.2267889,0.010168994,0.4,0.0,0.36869007,0.027181638,0.7102839,0.018704917,0.4,0.044937003,0.30221826,0.17352194
375316653866487564,4063347509392211328,0.502039,2271.5142299413283,0.19758573434980303,4.7209214E-5,19.085495,0.01251483,0.33193368,0.0058133593,0.029667832,0.01659165,0.084956855,0.030595198,0.7197866,0.018140888,0.11408526,0.017539626,0.41709897,0.038074616,null,null,null,null,"TWOGAUSSIANS",8,1.1068236,0.7197866,0.018140888,0.4,0.0,0.41702488,0.03811689,0.33233365,0.006278442,0.16613986,0.09291323,0.08618047,0.030741202
375316653866487564,4063347509537352832,0.5020189,2331.4719859490706,3.7441102675792166,3.8019978E-5,16.971474,0.018027663,0.25243288,0.03398772,0.12746708,0.06476348,0.08960927,0.0119264,0.81946987,0.0030320664,0.0431906,0.004534077,0.17804284,0.018715156,null,null,null,null,"TWOGAUSSIANS",8,1.3913698,0.81954986,0.002975239,0.24186736,0.025390832,0.17759395,0.016389921,0.25243288,0.03398772,0.4,0.0,0.08887564,0.0116856145
375316653866487564,4063347513786476928,0.46270707,2234.15710867166,3.247225002184227,1.0863031E-4,19.19821,0.17766877,0.33050048,0.034347147,0.07771327,0.03771112,0.35837805,0.15725438,0.76520675,0.01492923,0.13102834,0.033921354,0.824355,0.16740164,null,null,null,null,"TWOGAUSSIANS",8,17.030529,0.76520675,0.01492923,0.4,0.0,0.7945053,0.13948722,0.3319405,0.035811998,0.4,0.15461951,0.33202016,0.13290174
375316653866487564,4063347548146217728,0.45929715,2252.850401727317,0.9366932864294513,1.0689138E-4,19.52047,0.03333001,0.25141948,0.033590604,0.038443074,0.05166437,0.2698561,0.5786014,0.69525,0.028445417,0.10461065,0.037470523,0.12855846,0.03679207,null,null,null,null,"TWOGAUSSIANS",8,2.4426942,0.25141948,0.03348194,0.2152812,0.27450916,0.2697283,0.58239764,0.69525,0.028445417,0.4,0.0,0.12841474,0.032076743
375316653866487564,4063347651169534592,0.43481976,2330.677812717349,2.1528479978830335,3.9145943E-5,18.204962,0.10282065,0.14141598,0.013802671,0.11814771,0.033155948,0.27998742,0.10967352,0.6105295,0.0040152227,0.08668283,0.01388336,0.4081341,0.09763424,null,null,null,null,"TWOGAUSSIANS",8,3.6123962,0.6105295,0.0040152227,0.4,0.0,0.38589984,0.044238195,0.14141598,0.013805147,0.4,0.0,0.25763616,0.06308587
375316653866487564,4063347681337804800,0.47705507,2222.5414254623,0.06692795930756201,2.8277818E-5,19.144136,0.10586422,0.26389116,0.02018057,0.12892391,0.036350533,0.27857867,0.10528551,0.7960318,0.009246916,0.09657038,0.026277293,0.4029134,0.09516381,null,null,null,null,"TWOGAUSSIANS",8,3.1406543,0.79624176,0.009061988,0.4,0.0,0.36391822,0.071413256,0.26388115,0.020172218,0.4,0.0,0.23914538,0.050611373
375316653866487564,4063347685528473984,0.49285978,2289.518507419094,0.20656096773318952,4.07158E-5,19.564568,0.007725514,0.21744847,0.008097917,0.041322246,0.0061469707,0.4151447,0.18346146,0.6786984,0.0967718,0.039420236,0.030338949,3.60788,85.95656,null,null,null,null,"TWOGAUSSIANS",8,0.9647091,0.6786984,0.0967718,0.22075333,0.16989811,3.60788,85.95656,0.21744847,0.008097917,0.23140457,0.034423035,0.4151447,0.18346146
375316653866487564,4063347994823556864,0.42582625,2248.9815179158345,0.26582778856918826,1.1742935E-4,17.67115,0.0058545736,0.18465668,0.03486882,0.094839565,0.040296517,0.047714904,0.011746326,0.7854378,0.02413115,0.082070805,0.030190388,0.048680414,0.016160099,null,null,null,null,"TWOGAUSSIANS",8,4.5855026,0.7854778,0.024105413,0.4,0.07057725,0.04838646,0.016234308,0.18465668,0.034885433,0.4,0.04040657,0.047414523,0.011719048
375316653866487564,4063348093654820736,0.7015646,2276.995950320591,2.0724836878530497,3.4513455E-6,16.75696,0.003572197,0.23293471,8.5319043E-4,0.04898279,0.0016796623,0.3265886,0.010814882,0.7054269,0.0048521482,0.03175952,0.0057296613,0.2213657,0.01369152,0.13222142,0.0057820044,0.23293471,8.5319043E-4,"TWOGAUSSIANS_WITH_ELLIPSOIDAL_ON_ECLIPSE1",9,3.5962095,0.23293471,8.5319043E-4,0.27430364,0.009406108,0.5910307,0.010457471,0.70778686,0.004853633,0.1778533,0.032086104,0.47864997,0.013004487
375316653866487564,4063348334174823168,0.59895545,2306.948168297799,0.5380259458284659,3.1680487E-5,18.715622,0.006382727,0.29825968,0.0030607488,0.039331973,0.0031089531,1.4309307,0.8774273,0.73309433,0.010382405,0.08300905,0.014103219,0.09580781,0.014233963,null,null,null,null,"TWOGAUSSIANS",8,1.603682,0.29825968,0.0030607488,0.22025904,0.017410137,1.4309214,0.87743306,0.73309433,0.010382405,0.4,0.0,0.09579845,0.014248774
375316653866487564,4063348372780727552,0.5007548,2261.9184546946294,0.3550953912886008,8.0078225E-6,18.304638,0.1373059,0.2268244,0.034856535,0.2298181,0.10305347,0.23038016,0.124165185,0.7711238,0.0015102775,0.030206649,0.0032905315,1.3467269,0.30272886,null,null,null,null,"TWOGAUSSIANS",8,19.017498,0.7712138,0.0014700828,0.16915724,0.018426975,1.3413945,0.30501136,0.2268244,0.034856535,0.4,0.0,0.17887257,0.04777855
375316653866487564,4063348540333315840,0.46156546,2199.792466341508,0.6388954131505832,5.8332145E-5,19.50402,0.0808315,0.26111266,0.042619128,0.0772672,0.0281566,0.20225498,0.20967442,0.6764387,0.011790972,0.15550059,0.049696483,0.3287209,0.07114713,null,null,null,null,"TWOGAUSSIANS",8,3.2991688,0.6764387,0.011790972,0.4,0.0,0.30607748,0.021784991,0.26600266,0.0436535,0.4,0.0,0.18954855,0.1913651
375316653866487564,4063348643411114112,0.549058,2242.127254964337,1.2255977021882143,1.639763E-5,18.714127,0.013328426,0.12000563,0.007068029,0.047086988,0.007922385,0.8708102,0.16503447,0.6321137,0.016175432,0.074406296,0.014704039,0.10168607,0.024552025,null,null,null,null,"TWOGAUSSIANS",8,5.077189,0.12000563,0.007068029,0.26368713,0.044365354,0.8707499,0.16515397,0.6321137,0.016175432,0.4,0.03212303,0.10162573,0.024492849
375316653866487564,4063348746492525696,0.4988289,2360.5704825340886,3.1433743571686668,3.4774225E-6,19.732328,0.009117506,0.68737155,9.2275976E-4,0.039040685,0.0036613066,0.20055093,0.0055251857,0.46193913,1.1103488E-4,0.008967689,3.8822176E-4,2.9562156,0.5147918,null,null,null,null,"TWOGAUSSIANS",8,1.653254,0.46193913,1.1103488E-4,0.05021906,0.002174042,2.9562156,0.5147917,0.68737155,9.2275976E-4,0.21862783,0.020503316,0.20055093,0.0055251857
375316653866487564,4063348849569558400,0.47261828,2211.482711954088,0.1908021850480677,8.9184796E-5,19.440516,0.06423817,0.1937119,0.03457631,0.12782155,0.03292627,0.41945586,0.058499735,0.66005605,0.009901175,0.08842059,0.0144603895,0.61944026,0.15975016,null,null,null,null,"TWOGAUSSIANS",8,3.3547304,0.66005605,0.009901175,0.4,0.0,0.57460797,0.17139138,0.1937119,0.03457631,0.4,0.0,0.37401545,0.023920806
375316653866487564,4063348918290999168,0.55528474,2339.0429075502125,0.7716411656135811,3.4538818E-5,19.152674,0.07773752,0.16091822,0.004109046,0.13748758,0.019382583,0.57623225,0.07689571,0.53506017,0.012516527,0.08196294,0.015765226,0.25196588,0.067762636,null,null,null,null,"TWOGAUSSIANS",8,1.0076115,0.16092822,0.004079228,0.4,0.0,0.5621864,0.06637691,0.53506017,0.012516527,0.4,0.0,0.25213918,0.05746525
375316653866487564,4063349193169069312,0.50256187,2264.984251885037,2.7431028693464,4.8707887E-5,17.980412,0.025712159,0.2860488,0.011707412,0.095210835,0.022768248,0.18740675,0.039526854,0.77577305,0.016837124,0.08235286,0.02625337,0.19629045,0.025660485,null,null,null,null,"TWOGAUSSIANS",8,10.489543,0.77577305,0.016837124,0.4,0.0,0.19014718,0.015831683,0.2860488,0.011707412,0.4,0.0,0.18126303,0.038582355
375316653866487564,4063349300439245824,0.4841143,2356.557116792572,0.6447161442507303,7.141554E-5,18.746391,0.0094752535,0.070815384,0.0017469634,0.015792843,0.0028122573,0.04451603,0.008710956,0.40903342,0.025980953,0.08912285,0.03198428,0.1462958,0.010822464,null,null,null,null,"TWOGAUSSIANS",8,2.8754687,0.40903342,0.025980953,0.4,0.0,0.14629576,0.010845408,0.07084539,0.0017082067,0.08843993,0.01574864,0.044625174,0.009376931
375316653866487564,4063349502408308096,0.4929464,2136.3372096986645,2.5629387637717556,5.2940908E-5,19.333687,0.035553996,0.3603748,0.044155225,0.06394122,0.05100318,0.14557683,0.04817366,0.85599864,0.008198295,0.04011344,0.031623214,0.79998183,0.6900253,null,null,null,null,"TWOGAUSSIANS",8,1.3566992,0.85599864,0.008198295,0.22463529,0.16714233,0.7999776,0.69277596,0.3603748,0.044155225,0.35807082,0.100924216,0.14557262,0.04659953
375316653866487564,4063349536767972736,0.49524984,2283.141138324239,2.318278571430939,1.9546273E-5,16.53719,0.024322134,0.2445067,0.004733083,0.06608673,0.006266623,0.39405757,0.05213629,0.7487498,0.0036049886,0.062058564,0.004509323,0.8270742,0.08643768,null,null,null,null,"TWOGAUSSIANS",8,208.32367,0.7487498,0.0036049886,0.34752795,0.025252208,0.8265871,0.08651622,0.2445067,0.004733083,0.37008572,0.035093088,0.39357045,0.052177656
375316653866487564,4063349639848268544,0.5177863,2324.194994198839,2.4877865660137934,2.6619373E-5,18.640923,0.01238819,0.2353267,0.011111058,0.022467257,0.009308184,0.15404116,0.03282137,0.800061,0.012196457,0.047569353,0.020730926,0.27993414,0.06362542,0.15842797,0.014776679,0.800061,0.012196457,"TWOGAUSSIANS_WITH_ELLIPSOIDAL_ON_ECLIPSE2",9,11.735167,0.800061,0.012196457,0.2663884,0.11609318,0.5967898,0.06565408,0.2398967,0.012248989,0.12581664,0.05212583,0.42457974,0.009934666
375316653866487564,4063349708564684416,0.52142274,2234.0575142861862,2.8706268702122135,1.27867415E-5,19.637825,0.012699157,0.17756155,0.0056923158,0.01915049,0.0044115186,0.27515715,0.04537575,null,null,null,null,null,null,0.197652,0.023462119,0.17756155,0.0056923158,"ONEGAUSSIAN_WITH_ELLIPSOIDAL",6,3.0253618,0.17756155,0.0056923158,0.10724274,0.024704505,0.6704609,0.050836876,null,null,null,null,null,null
375316653866487564,4063349708564686720,0.48924345,2253.5523702724277,2.16419932623823,1.8311428E-5,19.081894,0.04029181,0.35230455,0.0067113237,0.07476566,0.014288259,0.31829718,0.03949853,0.84352964,0.004740896,0.08591187,0.01403453,0.35940626,0.082434386,null,null,null,null,"TWOGAUSSIANS",8,6.1869216,0.84352964,0.004740896,0.4,0.0,0.35489967,0.08217537,0.35230455,0.0067113237,0.4,0.0034121163,0.31379062,0.034157526
375316653866487564,4063349811526488960,0.4785464,2287.5311823620577,3.381287804681443,1.865706E-4,19.492107,0.08906562,0.25149813,0.035549253,0.06930589,0.04448026,0.44599512,0.12012008,0.7067907,0.04018157,0.09375499,0.04829755,0.24993412,0.12300355,null,null,null,null,"TWOGAUSSIANS",8,5.5081086,0.25149813,0.035540678,0.38811296,0.08954077,0.4436323,0.070077226,0.7067907,0.04018157,0.4,0.055364154,0.24756943,0.094767675
375316653866487564,4063349815889480576,0.45901573,2268.9160429844437,0.023854201505049136,5.1585506E-5,18.748236,0.04222745,0.52408797,0.018797014,0.083546035,0.031460334,0.1482477,0.028755222,0.9209267,0.024946623,0.15965353,0.06542732,0.07393759,0.042271953,null,null,null,null,"TWOGAUSSIANS",8,2.474928,0.52657795,0.01648639,0.4,0.030576011,0.14375657,0.022419728,0.9209267,0.024946623,0.4,0.0,0.0659589,0.023848798
375316653866487564,4063350021991869184,0.43338883,2227.3561114318386,0.6393655655725003,4.2489115E-5,19.258274,0.015447248,0.40827233,0.011849226,0.1433218,0.018144527,0.32868934,0.01499084,0.56672657,0.0061432403,0.040615354,0.005568232,0.2526878,0.039794546,null,null,null,null,"TWOGAUSSIANS",8,6.1192455,0.56672657,0.0061432403,0.22744599,0.0311821,0.42957863,0.03212814,0.40908232,0.012097589,0.4,0.0,0.3273231,0.013534598
375316653866487564,4063350125070941824,0.5092389,2291.3102398414494,1.7542034290312645,2.1883328E-5,19.31418,0.042653624,0.24153243,0.013112119,0.09297092,0.056315415,0.17515184,0.027689142,0.7381595,0.0042768647,0.07326737,0.014016489,0.36434945,0.109785944,null,null,null,null,"TWOGAUSSIANS",8,1.6713831,0.7381595,0.0042758207,0.4,0.03639675,0.3595131,0.112481,0.24153243,0.013112119,0.4,0.0,0.17031531,0.04946266
375316653866487564,4063350327041718912,0.4806198,2298.31764605488,0.40727061799179126,3.5157733E-5,18.850397,0.03303543,0.12791008,0.007858221,0.079112716,0.017555457,0.10469159,0.026638826,0.5859082,0.009567211,0.1548215,0.025867948,0.16494854,0.03313309,null,null,null,null,"TWOGAUSSIANS",8,1.2179788,0.5859082,0.009567211,0.4,0.0,0.1466286,0.016375372,0.12990008,0.0070927483,0.4,0.0020970076,0.088837914,0.011644911
375316653866487564,4063350434310319488,0.5893728,2291.2445010936267,0.5287499594267796,4.334363E-5,15.741495,0.0014133465,0.31357437,0.020714847,0.033602368,0.014583168,0.1528972,0.117767826,0.5826503,8.221726E-4,0.0087742815,5.721393E-4,0.4605397,0.14176849,null,null,null,null,"TWOGAUSSIANS",8,4.576641,0.5826503,8.221726E-4,0.049135976,0.0032039802,0.4605397,0.14176849,0.31357437,0.020714847,0.18817326,0.08166574,0.1528972,0.117767826
375316653866487564,4063351018424519552,0.49804267,2348.07906786462,1.577976059518128,4.9558344E-5,18.002857,0.07310532,0.24879852,0.011455859,0.061009087,0.01448547,0.17953989,0.036457654,0.63657594,0.018135956,0.23243599,0.10051777,0.1049097,0.06900888,null,null,null,null,"TWOGAUSSIANS",8,1.3718796,0.2519985,0.012272879,0.34165087,0.07499006,0.1829237,0.038913038,0.63657594,0.018135956,0.4,0.0,0.07871768,0.0064056
375316653866487564,4063351018480710272,0.43688092,2276.2839650628703,0.2715277945933908,2.89053E-5,18.347008,0.009847602,null,null,null,null,null,null,null,null,null,null,null,null,0.094062135,0.019539837,0.2711997,0.010413339,"ELLIPSOIDAL",4,10.136922,null,null,null,null,null,null,null,null,null,null,null,null
375316653866487564,4063351151680519168,0.538006,2271.188639087756,1.4826088904893324,2.561079E-5,19.381393,0.017704388,0.2840323,0.010838602,0.07179217,0.011243277,0.50665087,0.028869007,0.7806197,0.013934548,0.056984697,0.016843097,0.5325585,0.35605708,null,null,null,null,"TWOGAUSSIANS",8,4.731131,0.7806197,0.013934548,0.3191143,0.09432135,0.5320644,0.35669062,0.2840323,0.010838602,0.4,0.014410127,0.5061568,0.028727388
375316653866487564,4063351293358724736,0.58833796,2290.264472002308,0.3535561744234583,3.1546973E-5,15.566117,0.0052039465,0.33124715,0.0028671382,0.032130763,0.0062720417,0.2562028,0.039360996,0.81598806,0.05427048,0.052239846,0.027099127,0.32043043,0.13804667,0.02860964,0.011399527,0.33124715,0.0028671382,"TWOGAUSSIANS_WITH_ELLIPSOIDAL_ON_ECLIPSE1",9,47.50191,0.8165481,0.053461947,0.29254314,0.15175511,0.37714374,0.14055382,0.33124715,0.0028671382,0.17993227,0.035123434,0.31342116,0.04322825
