Gaia/vari_eclipsing_binary/VariEclipsingBinary_685658-685689.csv
# %ECSV 1.0
# ---
# delimiter: ','
# meta: !!omap
# - RELEASE: Gaia DR3
# - TABLE: vari_eclipsing_binary
# - DESCRIPTION: >
#     This table describes the properties of the eclipsing binaries resulting from the variability analysis. 
# - CITATION: >
#     How to cite and acknowledge Gaia: 
#     https://gea.esac.esa.int/archive/documentation/credits.html 
# - KNOWN_ISSUES: >
#     Known issues: 
#     https://www.cosmos.esa.int/web/gaia-users/known-issues 
# - DOCUMENTATION: >
#     Tutorials and documentation: 
#     https://www.cosmos.esa.int/web/gaia-users/archive 
# datatype:
# - 
#   name: solution_id
#   datatype: int64
#   description: Solution Identifier
#   meta:
#     ucd: meta.version
# - 
#   name: source_id
#   datatype: int64
#   description: Unique source identifier
#   meta:
#     ucd: meta.id;meta.main
# - 
#   name: global_ranking
#   datatype: float32
#   description: Number between 0 (worst) and 1 (best)
#   meta:
#     ucd: stat.param
# - 
#   name: reference_time
#   datatype: float64
#   unit: d
#   description: Reference time used for the geometric model fit
#   meta:
#     ucd: time.epoch
# - 
#   name: frequency
#   datatype: float64
#   unit: d**-1
#   description: Frequency of geometric model of the eclipsing binary light curve
#   meta:
#     ucd: src.orbital
# - 
#   name: frequency_error
#   datatype: float32
#   unit: d**-1
#   description: "Uncertainty of \\texttt{frequency}"
#   meta:
#     ucd: stat.error
# - 
#   name: geom_model_reference_level
#   datatype: float32
#   unit: mag
#   description: Magnitude reference level of geometric model
#   meta:
#     ucd: phot.mag;em.opt
# - 
#   name: geom_model_reference_level_error
#   datatype: float32
#   unit: mag
#   description: "Uncertainty of \\texttt{geomModelReferenceLevel}"
#   meta:
#     ucd: stat.error;phot.mag;em.opt
# - 
#   name: geom_model_gaussian1_phase
#   datatype: float32
#   description: Phase of the Gaussian 1 component
#   meta:
#     ucd: time.phase
# - 
#   name: geom_model_gaussian1_phase_error
#   datatype: float32
#   description: "Uncertainty of \\texttt{geomModelGaussian1Phase}"
#   meta:
#     ucd: stat.error;time.phase
# - 
#   name: geom_model_gaussian1_sigma
#   datatype: float32
#   description: "Standard deviation [phase] of Gaussian 1 component"
#   meta:
#     ucd: stat.stdev
# - 
#   name: geom_model_gaussian1_sigma_error
#   datatype: float32
#   description: "Uncertainty of \\texttt{geomModelGaussian1Sigma}"
#   meta:
#     ucd: stat.error
# - 
#   name: geom_model_gaussian1_depth
#   datatype: float32
#   unit: mag
#   description: Magnitude depth of Gaussian 1 component
#   meta:
#     ucd: src.var.amplitude
# - 
#   name: geom_model_gaussian1_depth_error
#   datatype: float32
#   unit: mag
#   description: "Uncertainty of \\texttt{geomModelGaussian1Depth}"
#   meta:
#     ucd: stat.error;src.var.amplitude
# - 
#   name: geom_model_gaussian2_phase
#   datatype: float32
#   description: Phase of Gaussian 2 component
#   meta:
#     ucd: time.phase
# - 
#   name: geom_model_gaussian2_phase_error
#   datatype: float32
#   description: "Uncertainty of \\texttt{geomModelGaussian2Phase}"
#   meta:
#     ucd: stat.error;time.phase
# - 
#   name: geom_model_gaussian2_sigma
#   datatype: float32
[...]
#   datatype: float32
#   description: "Secondary eclipse: uncertainty of \\texttt{derivedSecondaryEclDuration}"
#   meta:
#     ucd: stat.error;time.duration
# - 
#   name: derived_secondary_ecl_depth
#   datatype: float32
#   unit: mag
#   description: "Secondary eclipse: depth"
#   meta:
#     ucd: src.var.amplitude
# - 
#   name: derived_secondary_ecl_depth_error
#   datatype: float32
#   unit: mag
#   description: "Secondary eclipse: uncertainty of \\texttt{derivedSecondaryEclDepth}"
#   meta:
#     ucd: stat.error;src.var.amplitude
solution_id,source_id,global_ranking,reference_time,frequency,frequency_error,geom_model_reference_level,geom_model_reference_level_error,geom_model_gaussian1_phase,geom_model_gaussian1_phase_error,geom_model_gaussian1_sigma,geom_model_gaussian1_sigma_error,geom_model_gaussian1_depth,geom_model_gaussian1_depth_error,geom_model_gaussian2_phase,geom_model_gaussian2_phase_error,geom_model_gaussian2_sigma,geom_model_gaussian2_sigma_error,geom_model_gaussian2_depth,geom_model_gaussian2_depth_error,geom_model_cosine_half_period_amplitude,geom_model_cosine_half_period_amplitude_error,geom_model_cosine_half_period_phase,geom_model_cosine_half_period_phase_error,model_type,num_model_parameters,reduced_chi2,derived_primary_ecl_phase,derived_primary_ecl_phase_error,derived_primary_ecl_duration,derived_primary_ecl_duration_error,derived_primary_ecl_depth,derived_primary_ecl_depth_error,derived_secondary_ecl_phase,derived_secondary_ecl_phase_error,derived_secondary_ecl_duration,derived_secondary_ecl_duration_error,derived_secondary_ecl_depth,derived_secondary_ecl_depth_error
[from data line 255]
375316653866487564,6031268268503656832,0.6096516,2222.308002360305,2.611144498355257,7.430304E-6,18.331846,0.0075324266,0.21231031,0.0020531637,0.08727779,0.003554165,0.29865313,0.008329923,0.71222496,0.0021438638,0.08788157,0.003261362,0.31483918,0.008929482,null,null,null,null,"TWOGAUSSIANS",8,1.2422969,0.71222496,0.0021438638,0.4,0.0,0.30442402,0.0077098734,0.21231031,0.0020531637,0.4,0.0,0.28823796,0.0072010905
375316653866487564,6031268474662206976,0.5459393,2208.4508548543927,2.8469682869658754,1.5704596E-5,19.499609,0.026963037,0.2468316,0.0077409404,0.07517912,0.010831272,0.53965443,0.064044885,0.7454652,0.016013341,0.07790897,0.01530361,0.5676467,0.042018883,null,null,null,null,"TWOGAUSSIANS",8,3.6967146,0.7454652,0.016013341,0.4,0.026066842,0.5624563,0.04135933,0.2468316,0.0077409404,0.4,0.0,0.53446406,0.06681638
375316653866487564,6031268783896583808,0.4779601,2200.708807620308,3.847420869301337,3.1171785E-5,19.448936,0.13566937,0.23224305,0.014167833,0.11455752,0.06421521,0.24211746,0.10392549,0.74973243,0.011896081,0.103232384,0.03512852,0.27035958,0.12008732,null,null,null,null,"TWOGAUSSIANS",8,2.1668537,0.7497725,0.011564957,0.4,0.0,0.24015637,0.024293816,0.23223305,0.014101492,0.4,0.0,0.2118771,0.046794843
375316653866487564,6031269196213552128,0.57426053,2189.0200189616326,2.9468188393210872,9.7825805E-6,19.64679,0.013911553,0.30342448,0.002287007,0.058882393,0.00380536,0.7070834,0.047273688,0.81385356,0.0027480386,0.05921751,0.0037277772,0.6361308,0.047209192,null,null,null,null,"TWOGAUSSIANS",8,1.8251734,0.30342448,0.002287007,0.32974142,0.021310017,0.70696557,0.047303353,0.81385356,0.0027480386,0.33161804,0.020875553,0.636013,0.047264427
375316653866487564,6031269986506824448,0.4394051,2263.3970865185165,0.055700375230407106,1.2452489E-5,18.592804,0.005127825,0.09375341,0.005529168,0.019763261,0.0092859585,0.36163494,0.18244854,0.51895714,0.028564028,0.031775832,0.012067602,0.18039563,0.10150621,null,null,null,null,"TWOGAUSSIANS",8,7.705038,0.09375341,0.005529168,0.11067426,0.05200137,0.36163494,0.18244854,0.51895714,0.028564028,0.17794466,0.06757857,0.18039563,0.10150621
375316653866487564,6031270428852764032,0.6278754,2246.0189393874853,2.748252974614274,8.517915E-6,15.751757,0.0064205173,0.23103042,0.0016064633,0.043162275,0.0027359552,0.23308532,0.0156496,0.73357767,0.002329038,0.04860673,0.0027480223,0.41880646,0.023329671,0.12508155,0.009678438,0.23103042,0.0016064633,"TWOGAUSSIANS_WITH_ELLIPSOIDAL_ON_ECLIPSE1",9,54.409122,0.73357767,0.002329038,0.2721977,0.015388926,0.6689045,0.022116702,0.23103042,0.0016064633,0.24170874,0.01532135,0.4832474,0.006293439
375316653866487564,6031272662258294144,0.49696976,2232.570775541844,2.858293551514995,2.6767764E-5,18.946926,0.006445607,0.21910535,0.032354977,0.030381212,0.034067202,0.055056255,67.9953,0.7598041,0.0044205133,0.02703161,0.015566985,0.12023975,1.6687336,0.10628792,0.011759665,0.7598041,0.0044205133,"TWOGAUSSIANS_WITH_ELLIPSOIDAL_ON_ECLIPSE2",9,4.8926954,0.7598041,0.0044205133,0.151377,0.087175116,0.33281523,1.6781929,0.22816536,0.02584521,0.17013478,0.19077632,0.2569467,67.99958
375316653866487564,6031273933546687232,0.5045133,2222.1780324204033,3.254904141644498,2.1714763E-5,18.299538,0.045720946,0.23018593,0.0056221914,0.105627544,0.01669495,0.3105067,0.043586966,0.73515105,0.004131622,0.10836719,0.015789418,0.30149972,0.04175239,null,null,null,null,"TWOGAUSSIANS",8,8.851384,0.23018593,0.005631757,0.4,0.0,0.27272496,0.019137856,0.73515105,0.004134108,0.4,0.0,0.26371193,0.018260049
375316653866487564,6031275479746739968,0.44709316,2230.0086340653,3.7124616325118334,2.483828E-5,18.692987,0.0060689617,null,null,null,null,null,null,null,null,null,null,null,null,0.09975074,0.010907483,0.26569715,0.0063248584,"ELLIPSOIDAL",4,10.078102,null,null,null,null,null,null,null,null,null,null,null,null
375316653866487564,6031276961519693952,0.523203,2251.9870029886733,2.8055979463367695,3.5251785E-5,18.950619,0.010008626,0.26944765,0.0020004855,0.06384399,0.0022935963,0.6105488,0.020678772,0.78078735,0.004838081,0.06812305,0.0031904147,0.4318247,0.020814894,null,null,null,null,"TWOGAUSSIANS",8,7.83668,0.26944765,0.0020004855,0.35752636,0.012844139,0.609989,0.020637976,0.78078735,0.004838081,0.3814891,0.017866323,0.4312649,0.020738415
375316653866487564,6031277541323153024,0.55819297,2219.101989506645,3.3017504150033794,8.75853E-6,18.551674,0.01108004,0.18733123,0.0021527654,0.09374081,0.0050521125,0.26395398,0.010411722,0.70505655,0.0065833707,0.09279242,0.009859449,0.22248796,0.011069418,null,null,null,null,"TWOGAUSSIANS",8,2.09094,0.18733123,0.0021527654,0.4,0.0,0.253659,0.006806196,0.70505655,0.0065833707,0.4,0.0,0.2121932,0.009070878
375316653866487564,6031277648728401152,0.5134571,2231.014558389484,3.6897671828969476,1.4762713E-5,19.697903,0.0111055905,0.217437,0.0049692793,0.07778773,0.009549579,0.35209128,0.028874401,0.6993951,0.009605715,0.08478698,0.009666932,0.3300354,0.015926054,null,null,null,null,"TWOGAUSSIANS",8,1.5013369,0.217437,0.0049692793,0.4,0.0,0.34784788,0.03202548,0.6993951,0.009605715,0.4,0.0,0.32579195,0.014980191
375316653866487564,6031277786167363968,0.5539216,2237.4122519148877,3.179319845248615,1.1273802E-5,19.430481,0.012124377,0.3008167,0.0013067775,0.066644326,0.0022027553,0.60982955,0.011446895,0.8025449,0.005182048,0.06490219,0.004281078,0.5278057,0.02921017,null,null,null,null,"TWOGAUSSIANS",8,2.6733816,0.3008167,0.0013067775,0.37320822,0.01233543,0.60904163,0.011216507,0.8025449,0.005182048,0.36345226,0.023974037,0.52701783,0.02919546
375316653866487564,6031277953655860096,0.43954346,2217.8198076897947,0.3112322947980538,1.1217593E-4,19.30355,0.13999845,0.10402742,0.008735939,0.01337379,0.016413381,0.12878451,0.041598067,0.34456363,0.013721333,0.23902537,0.10026229,0.17140824,0.13460015,null,null,null,null,"TWOGAUSSIANS",8,3.319806,0.104607426,0.009953973,0.07489323,0.09191494,0.19486713,0.044193152,0.34456363,0.013721333,0.4,0.0,0.13301377,0.017216733
375316653866487564,6031278228517123968,0.595032,2230.0581841696803,0.3464866665637127,7.323015E-5,16.211916,9.668099E-4,0.31404006,0.009991966,0.023590397,0.012885971,0.19420484,0.16706558,0.80692554,0.002040706,0.02561068,0.0019909737,0.26883167,0.016840402,null,null,null,null,"TWOGAUSSIANS",8,4.5325346,0.80692554,0.002040706,0.14341982,0.011149453,0.26883167,0.016840402,0.31404006,0.009991966,0.13210623,0.072161436,0.19420484,0.16706558
375316653866487564,6031279229279542912,0.4649338,2216.204987930608,0.1687476854581317,4.26238E-5,18.983725,0.0046012616,0.4795599,0.01294847,0.056220308,0.0111898985,0.061947737,0.049551085,0.72210336,5.843501E-4,0.008499058,0.001365492,0.3685199,0.024844473,0.037054934,0.0071869246,0.72210336,5.843501E-4,"TWOGAUSSIANS_WITH_ELLIPSOIDAL_ON_ECLIPSE2",9,4.5826125,0.72210336,5.843501E-4,0.047594726,0.0076467553,0.44263536,0.026727274,0.48272988,0.018017992,0.31483373,0.062663436,0.06217918,0.049550846
375316653866487564,6031279534208717952,0.46629384,2213.5946861440843,2.3877926668882656,4.2066215E-5,19.307491,0.023126628,0.29288602,0.026749676,0.07186369,0.031850945,0.22287166,0.044367936,0.7859119,0.008473803,0.07756414,0.00917618,0.34972635,0.034959152,null,null,null,null,"TWOGAUSSIANS",8,7.340776,0.7859119,0.008473803,0.4,0.0,0.34794748,0.031314388,0.29288602,0.026749676,0.4,0.05779214,0.22109278,0.038731247
375316653866487564,6031280152663226240,0.5616773,2229.4650557644463,3.1415246031606165,1.4053431E-5,18.399403,0.004725635,0.27021807,0.0024488794,0.07351529,0.0028087783,0.31847242,0.007857465,0.7770529,0.0016643592,0.073326096,0.0033033497,0.26364112,0.013384512,null,null,null,null,"TWOGAUSSIANS",8,2.0143938,0.27021807,0.0024488794,0.4,0.0,0.31697252,0.0077426485,0.7770529,0.0016643592,0.4,0.0029815147,0.26214123,0.013611034
375316653866487564,6031280187022123776,0.55872804,2219.2202942898034,2.7467563186781456,1.8788205E-5,18.04792,0.009660276,0.29544312,0.0028457593,0.0761597,0.003211146,0.48580667,0.010128871,0.8065109,0.0034352671,0.07475591,0.0033540146,0.41433886,0.013886612,null,null,null,null,"TWOGAUSSIANS",8,10.07741,0.29544312,0.0028457593,0.4,0.0,0.48290274,0.009310338,0.8065109,0.0034352671,0.4,0.0,0.41143495,0.013245011
375316653866487564,6031281698851528576,0.51318145,2220.6600470659164,1.5529405002789862,1.7147848E-5,18.108149,0.0059065768,0.17794639,0.009420914,0.04756971,0.017570462,0.14462902,0.009311086,0.6673174,0.0071635176,0.0687741,0.00995465,0.09198176,0.008519846,null,null,null,null,"TWOGAUSSIANS",8,3.042769,0.17794639,0.009420914,0.26639038,0.09839458,0.14461479,0.009362747,0.6673174,0.0071635176,0.38513494,0.05197111,0.09196753,0.008471524
375316653866487564,6031282184214507136,0.5300133,2224.6665424066477,2.597104551844067,1.1316435E-5,18.35714,0.008959497,0.20820007,0.0039331494,0.1045037,0.009859764,0.12270489,0.008241644,0.7058955,0.0035768086,0.092570536,0.006591923,0.18904205,0.011278337,null,null,null,null,"TWOGAUSSIANS",8,1.3625386,0.7058955,0.0035768086,0.4,0.0,0.17746733,0.01069162,0.20820007,0.0039331494,0.4,0.0,0.11112772,0.004887801
375316653866487564,6031286509214465280,0.5980582,2225.3437707584058,2.952306916791301,7.4112063E-6,15.627836,0.010534241,0.27657127,0.0017465062,0.050118517,0.006757458,0.13322023,0.022971636,0.7825541,0.00840225,0.04753954,0.010899629,0.11605783,0.024905873,0.102390304,0.012785582,0.27657127,0.0017465062,"TWOGAUSSIANS_WITH_ELLIPSOIDAL_ON_ECLIPSE1",9,36.924202,0.27657127,0.0017465062,0.2806637,0.037841767,0.33800024,0.010819308,0.7825541,0.00840225,0.26622143,0.061037924,0.3205486,0.013104448
375316653866487564,6031289292374844800,0.591482,2226.339189061662,3.3960981192803548,9.7501E-6,18.902906,0.008207826,0.23698212,0.0039330795,0.073384576,0.005456368,0.5238639,0.0149725005,0.733905,0.0039608967,0.0694149,0.005922496,0.51005346,0.017097693,null,null,null,null,"TWOGAUSSIANS",8,2.5002706,0.23698212,0.0039330795,0.4,0.015431132,0.5217776,0.014879226,0.733905,0.0039608967,0.38872343,0.027591929,0.5079671,0.017202215
375316653866487564,6031294931678169344,0.5493142,2218.759069329856,3.0824705560794787,1.7669423E-5,18.68899,0.0050378763,0.26939353,0.0046644337,0.077213034,0.005220245,0.3314652,0.026749866,0.7702348,0.0038479734,0.07800127,0.0042873775,0.22680715,0.008243108,null,null,null,null,"TWOGAUSSIANS",8,1.8213028,0.26939353,0.0046644337,0.4,0.0,0.32846716,0.027620401,0.7702348,0.0038479734,0.4,0.0,0.22380908,0.008153135
375316653866487564,6031295481434003328,0.4946532,2201.07958938157,2.2327243338701575,3.734763E-5,15.216942,0.5032587,0.40420464,0.011675103,0.123283185,0.027475225,0.35556176,0.22480664,0.9306681,0.014703507,0.19123791,0.20535101,0.2144672,0.4969225,null,null,null,null,"TWOGAUSSIANS",8,125.78033,0.40137464,0.0065493216,0.4,0.0,0.25086927,0.017222125,0.93165815,0.013699533,0.4,0.0,0.09510694,0.01578608
375316653866487564,6031296576618313344,0.5954089,2209.8056341753345,3.097191608421825,4.01557E-6,18.61692,0.0055502728,0.27759638,0.0029406538,0.065907456,0.003101018,0.5986371,0.032176044,0.78265804,0.0010369598,0.06864899,0.0016527263,0.52889305,0.0063291285,null,null,null,null,"TWOGAUSSIANS",8,2.3295095,0.27759638,0.0029406538,0.36908174,0.017365701,0.59765726,0.032362245,0.78265804,0.0010369598,0.38443434,0.009255268,0.5279132,0.0062735043
375316653866487564,6031296679697534976,0.46796912,2223.0087830551583,0.039736684517714296,3.400114E-5,19.298101,0.009379799,0.2674831,0.0055597266,0.092397906,0.0089946585,0.39904028,0.015112316,0.84569657,0.010135759,0.0120945,0.0067475443,0.18727283,2.207942,null,null,null,null,"TWOGAUSSIANS",8,7.2584686,0.2674831,0.0055597266,0.4,0.0,0.39903992,0.015112478,0.84569657,0.010135759,0.0677292,0.03778625,0.1872844,2.2079394
375316653866487564,6031297920961032064,0.4836256,2248.575266661135,0.04012897220528092,3.7770584E-5,19.29541,0.00731407,0.27689433,0.012027971,0.07866938,0.015259527,0.49116993,0.12692052,0.7800882,0.0059501473,0.01491135,0.0067598433,0.06499924,0.02421039,null,null,null,null,"TWOGAUSSIANS",8,3.2284312,0.27689433,0.012027971,0.4,0.015795007,0.49116963,0.12692167,0.7800882,0.0059501473,0.08350356,0.037855122,0.06499895,0.024210408
375316653866487564,6031298947439893376,0.60899925,2201.2974489247986,1.0170987108681981,1.8191067E-5,16.571943,0.0030545925,0.2607966,0.0025854965,0.045486324,0.005126668,0.081615604,0.009246252,0.7577385,0.0058372756,0.042390566,0.0036703434,0.24254528,0.017824745,0.013314892,0.004817295,0.2607966,0.0025854965,"TWOGAUSSIANS_WITH_ELLIPSOIDAL_ON_ECLIPSE1",9,3.952019,0.7577885,0.0057876254,0.23738717,0.020553924,0.2691653,0.014874241,0.2607966,0.0025854965,0.2547234,0.02870934,0.10824531,0.0085953055
375316653866487564,6031301386981351936,0.6077019,2211.9702060031177,1.7748408191008778,5.8764595E-6,14.975391,0.009459799,0.2701319,0.0018570948,0.09852844,0.005736149,0.28805482,0.008501546,0.7686968,0.0020993236,0.106043994,0.004272517,0.24360609,0.009268637,null,null,null,null,"TWOGAUSSIANS",8,28.589994,0.2701319,0.0018570948,0.4,0.0,0.26192632,0.010473005,0.7686968,0.0020993236,0.4,0.0,0.21747182,0.004607763
375316653866487564,6031302284662923904,0.52185136,2213.6019333127338,3.6247524203949277,2.7594719E-5,17.123062,0.0033470774,0.27728018,0.0055813985,0.0890248,0.007181538,0.07958257,0.004120119,0.7692178,0.0045403577,0.080501996,0.007768791,0.07171561,0.0046305866,null,null,null,null,"TWOGAUSSIANS",8,1.9161775,0.27728018,0.0055813985,0.4,0.0,0.07788618,0.0037110983,0.7692178,0.0045403577,0.4,0.0,0.07001924,0.0046282187
375316653866487564,6031302593900548992,0.42010182,2252.8560726498085,2.662433742778345,2.7752305E-5,18.916891,0.014197108,0.6196391,0.024425855,0.021230835,0.011437651,0.116998136,0.11758733,0.913959,0.0032678598,0.029818201,0.0024896243,0.5641563,0.072293565,null,null,null,null,"TWOGAUSSIANS",8,5.4170165,0.913959,0.0032678598,0.16698192,0.013941896,0.5641563,0.072293565,0.6196391,0.024425855,0.118892685,0.064050846,0.116998136,0.11758733
375316653866487564,6031305170841796864,0.53885573,2186.4515066241715,2.228546069098902,2.4287954E-5,17.968489,0.014040208,0.3013902,0.004419386,0.085417464,0.0064447555,0.27327856,0.019138716,0.7899843,0.0054985294,0.09870748,0.010074885,0.25727326,0.01357051,null,null,null,null,"TWOGAUSSIANS",8,4.74265,0.3013902,0.004419386,0.4,0.0,0.26213863,0.017128587,0.7899843,0.0054985294,0.4,0.0,0.24613173,0.012069115
375316653866487564,6031305170871427456,0.5481552,2214.0887245152353,0.42511189917065856,1.6388884E-5,11.419428,0.003293056,0.19626307,0.001636651,0.035154607,0.0021971362,0.23073076,0.016738495,0.69578207,0.0046657524,0.038566794,0.0046320762,0.1464697,0.01233745,0.02673235,0.0053355773,0.19626307,0.001636651,"TWOGAUSSIANS_WITH_ELLIPSOIDAL_ON_ECLIPSE1",9,137.33723,0.19626307,0.001636651,0.19686581,0.012303962,0.2841954,0.014888351,0.6958021,0.004631751,0.21597405,0.025939627,0.19993386,0.0071525127
375316653866487564,6031305548828584320,0.5228718,2213.7342338919952,0.16102975923447355,2.4130282E-5,17.375097,0.003891848,0.25261867,2.9469953E-5,0.008844735,1.1862461E-4,1.0135913,0.015445239,0.7556918,0.010653639,0.013816212,0.012260071,0.19686936,4.974252,null,null,null,null,"TWOGAUSSIANS",8,21.633827,0.25261867,2.9469953E-5,0.049530517,6.6429784E-4,1.0135913,0.015445239,0.7556918,0.010653639,0.07737079,0.0686564,0.19686936,4.974252
375316653866487564,6031305578872451840,0.45809108,2235.391298986027,4.394115863753025,7.27729E-5,18.339893,0.035874274,0.04028031,0.014784994,0.020248767,0.023145631,0.045708753,75.0117,0.47585827,0.010525145,0.21418937,0.04732227,0.13572156,0.03407179,null,null,null,null,"TWOGAUSSIANS",8,4.351731,0.47585827,0.010525145,0.4,0.0,0.1177972,0.0113707585,0.04129031,0.013489548,0.11339309,0.12961553,0.049214445,75.01183
