Gaia/vari_eclipsing_binary/VariEclipsingBinary_364665-365697.csv
# %ECSV 1.0
# ---
# delimiter: ','
# meta: !!omap
# - RELEASE: Gaia DR3
# - TABLE: vari_eclipsing_binary
# - DESCRIPTION: >
#     This table describes the properties of the eclipsing binaries resulting from the variability analysis. 
# - CITATION: >
#     How to cite and acknowledge Gaia: 
#     https://gea.esac.esa.int/archive/documentation/credits.html 
# - KNOWN_ISSUES: >
#     Known issues: 
#     https://www.cosmos.esa.int/web/gaia-users/known-issues 
# - DOCUMENTATION: >
#     Tutorials and documentation: 
#     https://www.cosmos.esa.int/web/gaia-users/archive 
# datatype:
# - 
#   name: solution_id
#   datatype: int64
#   description: Solution Identifier
#   meta:
#     ucd: meta.version
# - 
#   name: source_id
#   datatype: int64
#   description: Unique source identifier
#   meta:
#     ucd: meta.id;meta.main
# - 
#   name: global_ranking
#   datatype: float32
#   description: Number between 0 (worst) and 1 (best)
#   meta:
#     ucd: stat.param
# - 
#   name: reference_time
#   datatype: float64
#   unit: d
#   description: Reference time used for the geometric model fit
#   meta:
#     ucd: time.epoch
# - 
#   name: frequency
#   datatype: float64
#   unit: d**-1
#   description: Frequency of geometric model of the eclipsing binary light curve
#   meta:
#     ucd: src.orbital
# - 
#   name: frequency_error
#   datatype: float32
#   unit: d**-1
#   description: "Uncertainty of \\texttt{frequency}"
#   meta:
#     ucd: stat.error
# - 
#   name: geom_model_reference_level
#   datatype: float32
#   unit: mag
#   description: Magnitude reference level of geometric model
#   meta:
#     ucd: phot.mag;em.opt
# - 
#   name: geom_model_reference_level_error
#   datatype: float32
#   unit: mag
#   description: "Uncertainty of \\texttt{geomModelReferenceLevel}"
#   meta:
#     ucd: stat.error;phot.mag;em.opt
# - 
#   name: geom_model_gaussian1_phase
#   datatype: float32
#   description: Phase of the Gaussian 1 component
#   meta:
#     ucd: time.phase
# - 
#   name: geom_model_gaussian1_phase_error
#   datatype: float32
#   description: "Uncertainty of \\texttt{geomModelGaussian1Phase}"
#   meta:
#     ucd: stat.error;time.phase
# - 
#   name: geom_model_gaussian1_sigma
#   datatype: float32
#   description: "Standard deviation [phase] of Gaussian 1 component"
#   meta:
#     ucd: stat.stdev
# - 
#   name: geom_model_gaussian1_sigma_error
#   datatype: float32
#   description: "Uncertainty of \\texttt{geomModelGaussian1Sigma}"
#   meta:
#     ucd: stat.error
# - 
#   name: geom_model_gaussian1_depth
#   datatype: float32
#   unit: mag
#   description: Magnitude depth of Gaussian 1 component
#   meta:
#     ucd: src.var.amplitude
# - 
#   name: geom_model_gaussian1_depth_error
#   datatype: float32
#   unit: mag
#   description: "Uncertainty of \\texttt{geomModelGaussian1Depth}"
#   meta:
#     ucd: stat.error;src.var.amplitude
# - 
#   name: geom_model_gaussian2_phase
#   datatype: float32
#   description: Phase of Gaussian 2 component
#   meta:
#     ucd: time.phase
# - 
#   name: geom_model_gaussian2_phase_error
#   datatype: float32
#   description: "Uncertainty of \\texttt{geomModelGaussian2Phase}"
#   meta:
#     ucd: stat.error;time.phase
# - 
#   name: geom_model_gaussian2_sigma
#   datatype: float32
[...]
#   datatype: float32
#   description: "Secondary eclipse: uncertainty of \\texttt{derivedSecondaryEclDuration}"
#   meta:
#     ucd: stat.error;time.duration
# - 
#   name: derived_secondary_ecl_depth
#   datatype: float32
#   unit: mag
#   description: "Secondary eclipse: depth"
#   meta:
#     ucd: src.var.amplitude
# - 
#   name: derived_secondary_ecl_depth_error
#   datatype: float32
#   unit: mag
#   description: "Secondary eclipse: uncertainty of \\texttt{derivedSecondaryEclDepth}"
#   meta:
#     ucd: stat.error;src.var.amplitude
solution_id,source_id,global_ranking,reference_time,frequency,frequency_error,geom_model_reference_level,geom_model_reference_level_error,geom_model_gaussian1_phase,geom_model_gaussian1_phase_error,geom_model_gaussian1_sigma,geom_model_gaussian1_sigma_error,geom_model_gaussian1_depth,geom_model_gaussian1_depth_error,geom_model_gaussian2_phase,geom_model_gaussian2_phase_error,geom_model_gaussian2_sigma,geom_model_gaussian2_sigma_error,geom_model_gaussian2_depth,geom_model_gaussian2_depth_error,geom_model_cosine_half_period_amplitude,geom_model_cosine_half_period_amplitude_error,geom_model_cosine_half_period_phase,geom_model_cosine_half_period_phase_error,model_type,num_model_parameters,reduced_chi2,derived_primary_ecl_phase,derived_primary_ecl_phase_error,derived_primary_ecl_duration,derived_primary_ecl_duration_error,derived_primary_ecl_depth,derived_primary_ecl_depth_error,derived_secondary_ecl_phase,derived_secondary_ecl_phase_error,derived_secondary_ecl_duration,derived_secondary_ecl_duration_error,derived_secondary_ecl_depth,derived_secondary_ecl_depth_error
[from data line 321]
375316653866487564,3213003293984399616,0.5264459,2249.943647482799,0.9662953594461003,4.1014584E-5,14.14321,0.004120564,0.29320365,0.01280503,0.004507004,7.17614E-4,12.680998,1604427.5,0.7760262,0.012440795,0.015441959,0.010122176,0.3562858,1.3470569,0.010704177,0.0056973225,0.29320365,0.01280503,"TWOGAUSSIANS_WITH_ELLIPSOIDAL_ON_ECLIPSE1",9,481.6432,0.29320365,0.01280503,0.025239222,0.0040186387,12.702406,1604427.5,0.77604616,0.012465153,0.08647497,0.05668419,0.377446,1.3484209
375316653866487564,3213036519851300608,0.61129695,2249.5378115119415,0.5910064560216839,5.436053E-6,14.025566,0.007222811,0.26867458,0.0013953174,0.033109326,0.0017934866,1.5531276,0.21608332,0.7678001,0.002868644,0.034668375,0.0043694964,0.21094145,0.016207585,0.027777381,0.012611915,0.26867458,0.0013953174,"TWOGAUSSIANS_WITH_ELLIPSOIDAL_ON_ECLIPSE1",9,640.0979,0.26867458,0.0013953174,0.18541223,0.010043525,1.6086824,0.22420411,0.76782006,0.002810232,0.19414291,0.02446918,0.2664945,0.014977033
375316653866487564,3213036863447804032,0.40857157,2267.9201488357958,0.530047020861725,1.1806849E-4,16.84274,0.18906778,0.23419695,0.03349048,0.123429954,0.02890519,0.15467142,0.08694878,0.65806806,0.029168168,0.19650601,0.11620818,0.19618955,0.18199609,null,null,null,null,"TWOGAUSSIANS",8,24.093012,0.65806806,0.029168168,0.4,0.0,0.12720028,0.011802512,0.25658694,0.02169941,0.4,0.0,0.10896284,0.0104383975
375316653866487564,3213038066039621248,0.5023835,2307.212711592725,0.8500469231710236,6.1510996E-6,13.883786,7.958194E-4,0.22565383,0.0030518987,0.019779567,0.0027991475,0.089365184,0.041240077,0.5062041,0.022866065,0.023255482,0.020832852,0.014946887,0.35582924,0.0024244422,0.0012744075,0.22565383,0.0030518987,"TWOGAUSSIANS_WITH_ELLIPSOIDAL_ON_ECLIPSE1",9,11.261186,0.22565383,0.0030518987,0.11076557,0.015675226,0.09421405,0.04152151,0.5066241,0.026307568,0.1302307,0.11666396,0.015125732,0.355836
375316653866487564,3213041020977114624,0.48127744,2286.457500926954,1.6842301294409674,2.1544254E-5,14.883474,0.069260634,0.23343158,0.006915569,0.214038,0.06761868,0.3789703,0.08066984,0.7293279,0.005077198,0.18783146,0.04789295,0.36731893,0.10016513,null,null,null,null,"TWOGAUSSIANS",8,15.6020975,0.7293279,0.005077198,0.4,0.0,0.07727612,0.0024429013,0.23670158,0.0072081955,0.4,0.0,0.060700536,0.004283152
375316653866487564,3213076304132006912,0.47769293,2274.9310415138266,0.8348855547987575,4.927293E-6,17.099312,0.002625811,0.2745762,4.9213954E-4,0.008000978,6.0982315E-4,0.1491206,0.009642634,0.80618817,1.3523294E-4,0.007526667,0.0033331746,0.11994049,0.08274593,0.01057567,0.004397264,0.2745762,4.9213954E-4,"TWOGAUSSIANS_WITH_ELLIPSOIDAL_ON_ECLIPSE1",9,13.965277,0.2745762,4.9213954E-4,0.04480548,0.0034150097,0.17027195,0.0105348835,0.80618817,1.3523294E-4,0.042149335,0.018665778,0.1402683,0.08229519
375316653866487564,3213084623485067008,0.6326877,2285.8946428426443,3.707195122179746,3.0616134E-6,14.213581,0.006956813,0.2696698,0.0014741105,0.046584312,0.0033256835,0.2491931,0.018224433,0.7737359,0.0010491859,0.045438763,0.002578531,0.30870718,0.021848096,0.1340754,0.011817842,0.7737359,0.0010491859,"TWOGAUSSIANS_WITH_ELLIPSOIDAL_ON_ECLIPSE2",9,143.9122,0.7737359,0.0010491859,0.25445706,0.014439773,0.5768573,0.018206824,0.2702998,0.0012462104,0.26087213,0.018623829,0.5171955,0.011171986
375316653866487564,3213090224122321536,0.4184304,2249.252776487334,0.32269605320762423,2.235211E-5,17.94502,0.0050236313,0.23537542,0.031193651,0.071447514,0.037550684,0.069353126,0.020299342,0.82082045,4.907693E-4,0.005483918,0.0019784868,0.827471,10.012133,null,null,null,null,"TWOGAUSSIANS",8,10.22969,0.82082045,4.907693E-4,0.03070994,0.011079526,0.827471,10.012133,0.23537542,0.031193651,0.4,0.17430346,0.069353126,0.020299342
375316653866487564,3213102383173774208,0.57567006,2265.140452921719,4.65180520051236,6.548075E-6,19.893835,0.014894314,0.26848313,0.0026914119,0.03440542,0.01326181,0.45152432,0.029101513,0.76583695,0.0049291593,0.041190904,0.008464065,0.4275828,0.5638245,0.16240652,0.018887855,0.26848313,0.0026914119,"TWOGAUSSIANS_WITH_ELLIPSOIDAL_ON_ECLIPSE1",9,1.0269041,0.26848313,0.0026914119,0.19267036,0.074266136,0.7763373,0.04915575,0.7660769,0.0047127036,0.23066907,0.047398765,0.7523143,0.568924
375316653866487564,3213110182835037696,0.4425745,2278.9007840436047,0.2931357886820319,4.6599573E-5,17.654638,0.0073584304,0.53847814,0.016402284,0.1649589,0.01856049,0.17465296,0.018170306,0.9560127,0.007853048,0.009692154,0.0106719,0.072226785,0.87853324,null,null,null,null,"TWOGAUSSIANS",8,12.249835,0.53847814,0.016402284,0.4,0.0,0.17111936,0.019457303,0.9560127,0.007853048,0.054276064,0.059762638,0.07613129,0.8784857
375316653866487564,3213116818559850624,0.62446696,2267.411744210489,1.2362209739517651,4.049847E-6,13.528326,0.0062528756,0.2700106,0.0015625366,0.05329669,0.00709324,0.10296068,0.017741768,0.7742681,0.0020030837,0.045759417,0.0038576003,0.15778907,0.017109495,0.09829014,0.011369139,0.2700106,0.0015625366,"TWOGAUSSIANS_WITH_ELLIPSOIDAL_ON_ECLIPSE1",9,51.021828,0.7742681,0.0020030837,0.25625274,0.021602562,0.35422692,0.006323586,0.2700106,0.0015625366,0.29846147,0.039722145,0.29953915,0.012116258
375316653866487564,3213125129321252736,0.49362633,2309.024817808203,3.177920455633394,1.7928978E-5,17.314285,0.02120588,0.36737645,0.006251093,0.039268944,0.006164954,0.4135234,0.065759696,0.86543524,0.008772509,0.030005239,0.007471168,0.6515207,0.109055854,0.022838192,0.035152778,0.36737645,0.006251093,"TWOGAUSSIANS_WITH_ELLIPSOIDAL_ON_ECLIPSE1",9,84.83649,0.8654452,0.0087465495,0.16802934,0.04183854,0.6971903,0.1066509,0.36737645,0.006251093,0.21990609,0.034523744,0.4591997,0.042808868
375316653866487564,3213146642812700416,0.5824851,2291.8733675745607,2.9145840940505128,6.8444574E-6,15.029262,0.007947656,0.24905488,0.0016288689,0.05940992,0.0066653364,0.09972932,0.02024903,0.75840294,0.010478026,0.03621604,0.020436332,0.08446599,0.048425402,0.09383777,0.010704909,0.24905488,0.0016288689,"TWOGAUSSIANS_WITH_ELLIPSOIDAL_ON_ECLIPSE1",9,56.21519,0.24905488,0.0016288689,0.33269554,0.037325885,0.28739065,0.008471565,0.75840294,0.010478026,0.20280983,0.11444345,0.2714806,0.05741177
375316653866487564,3213171892924755328,0.4370947,2294.9562608096485,1.6882030357397737,3.1250253E-5,19.658112,0.013953742,0.12236553,0.0035433858,0.040234573,0.004007742,0.34889227,0.028412398,0.7654162,0.006205828,0.044492636,0.014587063,0.14925246,0.23902786,null,null,null,null,"TWOGAUSSIANS",8,6.723617,0.12236553,0.0035433858,0.2253136,0.022443356,0.34889227,0.028412398,0.7654162,0.006205828,0.24915875,0.081687555,0.14925246,0.23902786
375316653866487564,3213184747762903168,0.69634134,2256.8860612587755,2.0946761118097585,1.8176083E-6,15.375452,0.004315836,0.3288949,7.218702E-4,0.048165426,0.0017467564,0.2857763,0.012192566,0.82751983,6.7136536E-4,0.04802155,0.001455658,0.3129404,0.0105416775,0.12239839,0.0065179765,0.3288949,7.218702E-4,"TWOGAUSSIANS_WITH_ELLIPSOIDAL_ON_ECLIPSE1",9,13.4151535,0.8276898,5.6828023E-4,0.2689207,0.008151685,0.5577201,0.006447389,0.3288949,7.218702E-4,0.2697264,0.009781836,0.530572,0.009936347
375316653866487564,3213185812914793856,0.50409997,2261.4519827543572,3.583787006653144,2.4417905E-5,16.311165,0.01990836,0.24736515,0.005097558,0.09184085,0.01355912,0.2133325,0.017923705,0.730977,0.009118976,0.10010508,0.015306348,0.24975109,0.025375385,null,null,null,null,"TWOGAUSSIANS",8,63.20631,0.730977,0.009118976,0.4,0.0,0.23734276,0.025190528,0.24736515,0.005107548,0.4,0.0,0.2009265,0.016675524
375316653866487564,3213204294158235392,0.65062803,2260.8563333125826,0.1655359690307433,7.035677E-5,10.974466,2.1208166E-4,0.44966567,2.2992709E-4,0.008199392,1.3791086E-4,0.32994038,0.007288497,null,null,null,null,null,null,null,null,null,null,"ONEGAUSSIAN",5,4.567411,0.44966567,2.2992709E-4,0.045916595,7.723008E-4,0.32994038,0.0,null,null,null,null,null,null
375316653866487564,3213204843914236288,0.5796643,2241.8471854111126,3.9451615177546016,4.9496302E-6,18.684414,0.018842015,0.16172463,0.001459296,0.05841482,0.0058240388,0.29999605,0.046173643,0.6644448,0.006139824,0.048189733,0.007890716,0.24630956,0.051010177,0.09260629,0.03043695,0.16172463,0.001459296,"TWOGAUSSIANS_WITH_ELLIPSOIDAL_ON_ECLIPSE1",9,3.2059255,0.16172463,0.001459296,0.327123,0.03261462,0.48517588,0.021989778,0.6644448,0.006139824,0.2698625,0.044188008,0.4314353,0.02481067
375316653866487564,3213236076915516544,0.58608913,2257.201414259353,0.3419201062175971,5.312305E-6,16.800093,0.0011475274,0.25435266,0.0026702324,0.01631168,0.0043202434,0.34283534,0.058165044,0.75111365,0.0060743187,0.017172659,0.003429814,0.38172597,0.059349805,null,null,null,null,"TWOGAUSSIANS",8,4.3674507,0.75111365,0.0060743187,0.096166894,0.019206958,0.38172597,0.059349805,0.25435266,0.0026702324,0.091345415,0.024193361,0.34283534,0.058165044
375316653866487564,3213237593040304512,0.54432696,2256.6649903077523,2.802774922659284,9.093109E-6,15.55753,0.14040112,0.19095887,0.0030131147,0.12724185,0.026351402,0.24872051,0.13178624,0.68730485,0.0033185561,0.14309514,0.042078547,0.23795095,0.13791469,null,null,null,null,"TWOGAUSSIANS",8,21.698425,0.19109887,0.0029787116,0.4,0.0,0.16437164,0.0060801986,0.68730485,0.0033185561,0.4,0.0,0.15275759,0.005513725
375316653866487564,3213277656495301760,0.474244,2258.3835290933957,1.5976728650191458,1.4100552E-5,15.540203,0.0040780962,0.14869702,0.00341064,0.071418695,0.006290597,0.08551084,0.0037633434,0.6685932,0.010953866,0.08782561,0.025900114,0.035220623,0.0038336464,null,null,null,null,"TWOGAUSSIANS",8,13.992496,0.14869702,0.00341064,0.39994466,0.021633148,0.08501288,0.0031237649,0.6685932,0.010953866,0.4,0.0,0.034722652,0.0041473554
375316653866487564,3213280611432679296,0.6401677,2258.630258184691,3.1057199004376925,3.4789714E-6,10.861093,0.0051449244,0.23529185,0.0011640466,0.040669058,0.002656328,0.37105212,0.024661785,0.7346452,0.0024855107,0.043927453,0.0025567834,0.41338515,0.035960395,0.14449362,0.005880859,0.23529185,0.0011640466,"TWOGAUSSIANS_WITH_ELLIPSOIDAL_ON_ECLIPSE1",9,83.95795,0.73470515,0.0022389952,0.24599373,0.014317987,0.7023676,0.035463307,0.23529185,0.0011640466,0.22774673,0.014875437,0.6600389,0.023247682
375316653866487564,3213315692725592960,0.62797904,2288.7940741956922,1.0739532209885152,3.9988286E-6,14.779762,0.0024514056,0.17846476,0.0029848265,0.030093819,0.0036141968,0.06780931,0.013465056,0.6748261,7.314222E-4,0.038801473,0.0010625914,0.39537627,0.010653927,0.0074345036,0.0031843486,0.17846476,0.0029848265,"TWOGAUSSIANS_WITH_ELLIPSOIDAL_ON_ECLIPSE1",9,28.775675,0.67484605,7.232271E-4,0.21728824,0.005950512,0.41023752,0.0104844775,0.17846476,0.0029848265,0.16852538,0.020239502,0.08267832,0.012886204
375316653866487564,3213330119520272640,0.5411128,2320.7729240512435,1.7348380847514182,1.5627542E-5,18.42865,0.004905203,0.48566365,0.0037157184,0.01745411,0.004271608,1.2382377,0.55570215,0.76026785,7.590995E-5,0.010408787,8.13965E-4,0.06884124,0.0045546917,null,null,null,null,"TWOGAUSSIANS",8,6.4285088,0.48566365,0.0037157184,0.09774301,0.023921004,1.2382377,0.55570215,0.76026785,7.590995E-5,0.058289208,0.0045582037,0.06884124,0.0045546917
375316653866487564,3213345723136779264,0.6143516,2282.3825105386227,2.5230797282362123,5.3847252E-6,14.339837,0.021134462,0.24409802,0.0019610357,0.056876495,0.0072112936,0.23181865,0.043638773,0.7384235,0.0031488957,0.060908247,0.007488198,0.26689234,0.045064807,0.054227307,0.025558883,0.24409802,0.0019610357,"TWOGAUSSIANS_WITH_ELLIPSOIDAL_ON_ECLIPSE1",9,114.968506,0.7390235,0.002735945,0.34108618,0.04193391,0.375169,0.015292747,0.24409802,0.0019610357,0.31850836,0.040383242,0.34021845,0.0096630845
375316653866487564,3213353041760947712,0.61424375,2265.922977839715,2.2854977562571523,5.350037E-6,13.53238,0.0019887665,0.25815737,0.0011381496,0.04679098,0.004625454,0.059557684,0.0040249988,0.76787114,0.007467363,0.0595281,0.005807543,0.03861122,0.0065794582,0.042770684,0.0027723266,0.25815737,0.0011381496,"TWOGAUSSIANS_WITH_ELLIPSOIDAL_ON_ECLIPSE1",9,18.50986,0.25815737,0.0011381496,0.2620295,0.025902541,0.14509568,0.0024402987,0.76787114,0.007467363,0.33335736,0.032522243,0.12383096,0.0047737625
375316653866487564,3213381624767712384,0.4947788,2281.680094646737,1.5376089899014302,1.0188156E-4,18.134562,0.0044713756,0.2511483,0.013330702,0.017361978,0.010978399,0.20903312,7.965615,0.74721575,0.016797135,0.02046223,0.014564535,0.35645047,0.83615816,0.012647012,0.0071622645,0.2511483,0.013330702,"TWOGAUSSIANS_WITH_ELLIPSOIDAL_ON_ECLIPSE1",9,5.5972157,0.7472257,0.016793257,0.114588484,0.081561394,0.38172907,0.840352,0.2511483,0.013330702,0.097227074,0.061479036,0.23432712,7.9672885
375316653866487564,3213387298420004480,0.5866514,2295.355035942372,1.103398336314923,1.5671492E-5,15.891107,0.011138258,0.2781605,0.0037896908,0.10074017,0.0073601524,0.2787192,0.010252449,0.7961077,0.0027980183,0.08664232,0.007884523,0.17295738,0.009115179,null,null,null,null,"TWOGAUSSIANS",8,25.479858,0.2781605,0.0037896908,0.4,0.0,0.2689643,0.0066260975,0.7961177,0.00280699,0.4,0.0,0.1632059,0.0050394186
375316653866487564,3213391009271892608,0.59214157,2293.369073715847,1.190548176448275,4.424531E-5,16.630205,0.0051549,0.30226246,0.0055638347,0.045560684,0.0049887523,0.2451307,0.01345273,0.7832258,0.0015956277,0.02092638,0.0010907333,0.88066787,0.04392429,null,null,null,null,"TWOGAUSSIANS",8,53.48311,0.7832258,0.0015956277,0.11718774,0.0061081066,0.88066787,0.04392429,0.30226246,0.0055638347,0.25513983,0.027937012,0.2451307,0.01345273
375316653866487564,3213424887973847680,0.4554274,2252.2947699282277,0.17873185730308075,5.3587508E-5,17.65637,0.0057814606,0.51018673,0.0037521957,0.01986128,0.004842025,0.07899217,0.019686762,0.6773327,1.8618097E-4,0.0068755946,3.3560957E-4,0.22173534,0.005328853,null,null,null,null,"TWOGAUSSIANS",8,10.736425,0.6773327,1.8618097E-4,0.03850333,0.0018794135,0.22173534,0.005328853,0.51018673,0.0037521957,0.11122317,0.027115341,0.07899217,0.019686762
375316653866487564,3213435642571893888,0.4506429,2276.253958610602,0.03714998235131583,9.6044905E-6,17.700754,0.0060034874,0.3643714,0.013572081,0.13376069,0.0139379315,0.25794402,0.03166631,0.7577338,6.386953E-4,0.01425456,0.001958461,1.1996145,1.2628804,null,null,null,null,"TWOGAUSSIANS",8,13.143043,0.7577338,6.386953E-4,0.079825535,0.010967381,1.2025629,1.262842,0.3643714,0.013572081,0.4,0.0,0.2574671,0.03191038
375316653866487564,3213445675615455360,0.60816514,2222.3933804437925,2.961489315604445,4.847256E-6,13.749168,0.011890448,0.24338834,0.0015804396,0.08517968,0.0037557967,0.45622468,0.020543922,0.74375874,0.001251399,0.09572643,0.0032355918,0.43091163,0.010909576,null,null,null,null,"TWOGAUSSIANS",8,168.1798,0.24338834,0.0015804396,0.4,0.0,0.4369557,0.021613281,0.74375874,0.001251399,0.4,0.0,0.41164166,0.0075377445
375316653866487564,3213447840278976512,0.55015683,2215.5507635384483,4.6919166223508455,1.0085083E-5,17.139545,0.008728555,0.29471663,0.0059512653,0.07819213,0.006367167,0.25751042,0.008442056,0.8007084,0.004355693,0.100432254,0.008674041,0.18542708,0.008183583,null,null,null,null,"TWOGAUSSIANS",8,6.115276,0.29471663,0.0059512653,0.4,0.0,0.24986847,0.0070705656,0.8007084,0.004355693,0.4,0.0,0.17778353,0.005803532
375316653866487564,3213467421033717248,0.4934565,2393.974484441251,4.205741773732935,1.6957212E-5,19.600574,0.01206871,0.21077025,0.00427403,0.096085645,0.008743931,0.22092363,0.010970462,0.7316495,0.005223914,0.083480455,0.008143696,0.23144838,0.011825625,null,null,null,null,"TWOGAUSSIANS",8,1.1635967,0.7316495,0.005223914,0.4,0.0,0.22474769,0.009261485,0.21077025,0.00427403,0.4,0.0,0.21422197,0.008710008
