Gaia/vari_eclipsing_binary/VariEclipsingBinary_529823-529870.csv
# %ECSV 1.0
# ---
# delimiter: ','
# meta: !!omap
# - RELEASE: Gaia DR3
# - TABLE: vari_eclipsing_binary
# - DESCRIPTION: >
#     This table describes the properties of the eclipsing binaries resulting from the variability analysis. 
# - CITATION: >
#     How to cite and acknowledge Gaia: 
#     https://gea.esac.esa.int/archive/documentation/credits.html 
# - KNOWN_ISSUES: >
#     Known issues: 
#     https://www.cosmos.esa.int/web/gaia-users/known-issues 
# - DOCUMENTATION: >
#     Tutorials and documentation: 
#     https://www.cosmos.esa.int/web/gaia-users/archive 
# datatype:
# - 
#   name: solution_id
#   datatype: int64
#   description: Solution Identifier
#   meta:
#     ucd: meta.version
# - 
#   name: source_id
#   datatype: int64
#   description: Unique source identifier
#   meta:
#     ucd: meta.id;meta.main
# - 
#   name: global_ranking
#   datatype: float32
#   description: Number between 0 (worst) and 1 (best)
#   meta:
#     ucd: stat.param
# - 
#   name: reference_time
#   datatype: float64
#   unit: d
#   description: Reference time used for the geometric model fit
#   meta:
#     ucd: time.epoch
# - 
#   name: frequency
#   datatype: float64
#   unit: d**-1
#   description: Frequency of geometric model of the eclipsing binary light curve
#   meta:
#     ucd: src.orbital
# - 
#   name: frequency_error
#   datatype: float32
#   unit: d**-1
#   description: "Uncertainty of \\texttt{frequency}"
#   meta:
#     ucd: stat.error
# - 
#   name: geom_model_reference_level
#   datatype: float32
#   unit: mag
#   description: Magnitude reference level of geometric model
#   meta:
#     ucd: phot.mag;em.opt
# - 
#   name: geom_model_reference_level_error
#   datatype: float32
#   unit: mag
#   description: "Uncertainty of \\texttt{geomModelReferenceLevel}"
#   meta:
#     ucd: stat.error;phot.mag;em.opt
# - 
#   name: geom_model_gaussian1_phase
#   datatype: float32
#   description: Phase of the Gaussian 1 component
#   meta:
#     ucd: time.phase
# - 
#   name: geom_model_gaussian1_phase_error
#   datatype: float32
#   description: "Uncertainty of \\texttt{geomModelGaussian1Phase}"
#   meta:
#     ucd: stat.error;time.phase
# - 
#   name: geom_model_gaussian1_sigma
#   datatype: float32
#   description: "Standard deviation [phase] of Gaussian 1 component"
#   meta:
#     ucd: stat.stdev
# - 
#   name: geom_model_gaussian1_sigma_error
#   datatype: float32
#   description: "Uncertainty of \\texttt{geomModelGaussian1Sigma}"
#   meta:
#     ucd: stat.error
# - 
#   name: geom_model_gaussian1_depth
#   datatype: float32
#   unit: mag
#   description: Magnitude depth of Gaussian 1 component
#   meta:
#     ucd: src.var.amplitude
# - 
#   name: geom_model_gaussian1_depth_error
#   datatype: float32
#   unit: mag
#   description: "Uncertainty of \\texttt{geomModelGaussian1Depth}"
#   meta:
#     ucd: stat.error;src.var.amplitude
# - 
#   name: geom_model_gaussian2_phase
#   datatype: float32
#   description: Phase of Gaussian 2 component
#   meta:
#     ucd: time.phase
# - 
#   name: geom_model_gaussian2_phase_error
#   datatype: float32
#   description: "Uncertainty of \\texttt{geomModelGaussian2Phase}"
#   meta:
#     ucd: stat.error;time.phase
# - 
#   name: geom_model_gaussian2_sigma
#   datatype: float32
[...]
#   datatype: float32
#   description: "Secondary eclipse: uncertainty of \\texttt{derivedSecondaryEclDuration}"
#   meta:
#     ucd: stat.error;time.duration
# - 
#   name: derived_secondary_ecl_depth
#   datatype: float32
#   unit: mag
#   description: "Secondary eclipse: depth"
#   meta:
#     ucd: src.var.amplitude
# - 
#   name: derived_secondary_ecl_depth_error
#   datatype: float32
#   unit: mag
#   description: "Secondary eclipse: uncertainty of \\texttt{derivedSecondaryEclDepth}"
#   meta:
#     ucd: stat.error;src.var.amplitude
solution_id,source_id,global_ranking,reference_time,frequency,frequency_error,geom_model_reference_level,geom_model_reference_level_error,geom_model_gaussian1_phase,geom_model_gaussian1_phase_error,geom_model_gaussian1_sigma,geom_model_gaussian1_sigma_error,geom_model_gaussian1_depth,geom_model_gaussian1_depth_error,geom_model_gaussian2_phase,geom_model_gaussian2_phase_error,geom_model_gaussian2_sigma,geom_model_gaussian2_sigma_error,geom_model_gaussian2_depth,geom_model_gaussian2_depth_error,geom_model_cosine_half_period_amplitude,geom_model_cosine_half_period_amplitude_error,geom_model_cosine_half_period_phase,geom_model_cosine_half_period_phase_error,model_type,num_model_parameters,reduced_chi2,derived_primary_ecl_phase,derived_primary_ecl_phase_error,derived_primary_ecl_duration,derived_primary_ecl_duration_error,derived_primary_ecl_depth,derived_primary_ecl_depth_error,derived_secondary_ecl_phase,derived_secondary_ecl_phase_error,derived_secondary_ecl_duration,derived_secondary_ecl_duration_error,derived_secondary_ecl_depth,derived_secondary_ecl_depth_error
[from data line 774]
375316653866487564,4660737602966518144,0.49264497,1838.1269533607353,0.7890821301230495,4.239325E-6,18.161148,0.0013986817,0.20425275,0.0046043834,0.022486595,0.002741708,0.035250638,0.0055454304,0.6839125,8.280647E-4,0.024679255,0.0010492014,0.21728261,0.0061410274,null,null,null,null,"TWOGAUSSIANS",8,2.303508,0.6839125,8.280647E-4,0.13820383,0.005875528,0.21728261,0.0061410274,0.20425275,0.0046043834,0.12592494,0.015353564,0.035250638,0.0055454304
375316653866487564,4660738569337827968,0.41436955,1846.3419899268215,4.125866272122622,3.2472464E-5,17.57405,0.0025422268,0.35260496,0.028759798,0.06496246,0.023221856,0.015024087,0.0052048992,0.66059476,0.010823356,0.09586072,0.01100302,0.07285804,0.008433369,null,null,null,null,"TWOGAUSSIANS",8,4.856253,0.66059476,0.010823356,0.4,0.0,0.0728511,0.008435391,0.35711494,0.029304741,0.3637898,0.12536657,0.015466192,0.0053118505
375316653866487564,4660739428331570176,0.553032,1842.6981937887235,0.5121293773129381,2.4176477E-6,19.100782,0.0030190637,0.16181974,8.7987795E-4,0.020985477,0.0010828505,0.57489544,0.042811736,0.6611109,0.0013837299,0.020780904,8.384681E-4,0.6506684,0.04580968,null,null,null,null,"TWOGAUSSIANS",8,2.2448142,0.6611109,0.0013837299,0.11637306,0.004695421,0.6506684,0.04580968,0.16181974,8.7987795E-4,0.11751866,0.0060639624,0.57489544,0.042811736
375316653866487564,4660741386836923520,0.51354057,1868.7151279488112,0.5047839289402976,6.876841E-6,19.186253,0.004930004,0.22324412,0.0036178017,0.030284045,0.0044784723,0.30068433,0.095816664,0.7209785,0.0019647214,0.032979276,0.0031883079,0.33209896,0.037963036,0.02688825,0.0066890987,0.22324412,0.0036178017,"TWOGAUSSIANS_WITH_ELLIPSOIDAL_ON_ECLIPSE1",9,1.992189,0.7210085,0.0019351558,0.18468395,0.017854523,0.3858646,0.040877994,0.22324412,0.0036178017,0.16959065,0.025079446,0.35446072,0.09981429
375316653866487564,4660742452007769344,0.5855242,1877.3237441284045,0.29367351421917026,1.5080992E-6,16.987003,0.0013710513,0.27125716,6.549156E-4,0.026511401,7.8448135E-4,0.45552838,0.018297072,0.8115573,5.313684E-4,0.024603885,5.118798E-4,0.39980042,0.0071843457,0.0084794015,0.0019885928,0.27125716,6.549156E-4,"TWOGAUSSIANS_WITH_ELLIPSOIDAL_ON_ECLIPSE1",9,6.477579,0.27125716,6.549156E-4,0.14846385,0.0043930956,0.47248712,0.018750543,0.8115573,5.313684E-4,0.13778175,0.0028665268,0.4156949,0.00701485
375316653866487564,4660744165699483264,0.510746,1895.6339840954577,0.33793046103472424,1.3790684E-5,17.148266,0.004004349,0.1918226,0.0034163771,0.028912617,0.0032844883,0.055820074,0.010204859,0.68333334,0.0020897842,0.037052505,0.0030647235,0.36979172,0.018634208,0.017294552,0.0051225354,0.1918226,0.0034163771,"TWOGAUSSIANS_WITH_ELLIPSOIDAL_ON_ECLIPSE1",9,17.677277,0.6834233,0.0020599891,0.20749404,0.017162452,0.40428346,0.019547496,0.1918226,0.0034163771,0.16191065,0.018393135,0.09040916,0.005652794
375316653866487564,4660744955973646336,0.4685852,1889.3539191466464,0.18870478823248144,5.127722E-5,19.447859,0.0032766978,0.30538946,0.016253073,0.015795246,0.012355671,0.027210299,0.031467095,0.6563527,0.006313768,0.0038507783,0.0024489227,1.6858747,25.802822,null,null,null,null,"TWOGAUSSIANS",8,1.8051684,0.6563527,0.006313768,0.021564359,0.013713967,1.6858747,25.802822,0.30538946,0.016253073,0.08845338,0.069191754,0.027210299,0.031467095
375316653866487564,4660746025402737536,0.533294,1905.8728720190013,0.10192489638949888,1.5907384E-5,19.050001,0.00937023,0.296618,0.00862423,0.12993139,0.012273234,0.1642273,0.009784915,0.76112527,0.0012864945,0.023065494,0.0016610319,0.50052816,0.023594651,null,null,null,null,"TWOGAUSSIANS",8,3.783472,0.76112527,0.0012864945,0.12916677,0.009301778,0.5001982,0.023575598,0.296618,0.00862423,0.4,0.0,0.16358821,0.009461412
375316653866487564,4660746192901657216,0.52705,1903.2086649328278,0.7581456833525415,7.4893524E-6,18.10311,0.0030345,0.24937087,0.0021228506,0.03528656,0.0027446398,0.18269452,0.015018732,0.7489326,0.0021583887,0.028920654,0.0029595518,0.1441012,0.015464917,0.027920175,0.00460309,0.24937087,0.0021228506,"TWOGAUSSIANS_WITH_ELLIPSOIDAL_ON_ECLIPSE1",9,3.065849,0.24937087,0.0021228506,0.19760475,0.015369983,0.23853484,0.014825911,0.7489426,0.0021248423,0.16195567,0.016573489,0.19994111,0.016269986
375316653866487564,4660746433431351936,0.5293703,1880.259859717282,0.15052245145459903,2.8985996E-6,19.053005,0.0023960727,0.23310067,0.0025385336,0.0063621383,0.002802006,0.025789514,0.005510469,0.7039205,0.0015695916,0.01822391,0.0010408097,0.5280625,0.061373927,0.028555637,0.0031867488,0.7039205,0.0015695916,"TWOGAUSSIANS_WITH_ELLIPSOIDAL_ON_ECLIPSE2",9,1.5338428,0.7039205,0.0015695916,0.10205389,0.0058285343,0.58517385,0.061550517,0.23290066,0.0024577884,0.035627976,0.015691234,0.081015304,0.009366618
375316653866487564,4660746781334829824,0.48774704,1860.1748951962165,0.36873960329745326,1.5159974E-5,19.599648,0.0059869247,0.24778594,0.0043675285,0.03897643,0.004333495,0.2946218,0.041432496,0.7510495,0.004814649,0.036582258,0.004084333,0.5404299,0.1001288,null,null,null,null,"TWOGAUSSIANS",8,2.8335168,0.7510495,0.004814649,0.20486064,0.022872264,0.5404299,0.1001288,0.24778594,0.0043675285,0.218268,0.024267573,0.2946218,0.041432496
375316653866487564,4660748224443883904,0.5249783,1873.0706023823789,1.985640124406365,3.1160966E-5,16.64357,0.018462274,0.30354697,0.0027433962,0.03895295,0.006114685,0.28650326,0.04700398,0.8185815,0.006537175,0.056925923,0.0074489317,0.51052,0.054537576,0.017704794,0.030071547,0.30354697,0.0027433962,"TWOGAUSSIANS_WITH_ELLIPSOIDAL_ON_ECLIPSE1",9,116.23507,0.8185815,0.006537175,0.31878516,0.041714016,0.54560447,0.028821444,0.30354697,0.0027433962,0.21813652,0.034242235,0.3219028,0.018423097
375316653866487564,4660749083419539072,0.48114187,1909.0113837517465,1.6397034186542354,1.877685E-5,18.975437,0.0031320413,0.44673932,0.004264515,0.064190544,0.005172399,0.13349324,0.0068382844,0.6915355,0.02765451,0.04507554,0.043324053,0.03568859,0.11157817,null,null,null,null,"TWOGAUSSIANS",8,1.5126911,0.44673932,0.0042623207,0.35946706,0.028965434,0.13349326,0.0068387566,0.6915355,0.02765451,0.25242302,0.2426147,0.035781354,0.11153598
375316653866487564,4660749323937703424,0.5033792,1917.9271318935437,1.3948422711646018,1.084755E-5,19.0866,0.0048279394,0.26900876,0.0036100582,0.062802024,0.0045844265,0.27789158,0.010712395,0.763364,0.0037571222,0.05642939,0.0049261567,0.182185,0.011808097,null,null,null,null,"TWOGAUSSIANS",8,2.4304616,0.26900876,0.0036100582,0.3516913,0.02567279,0.27783507,0.010732927,0.763364,0.0037571222,0.31600457,0.027586477,0.1821285,0.011819929
375316653866487564,4660749628873041792,0.5951562,1910.5426570253114,0.14690354392241559,4.0646546E-6,18.728344,0.0036881515,0.16312724,0.009081053,0.033266474,0.005287187,0.044316463,0.009807506,0.6406182,5.806716E-4,0.020912992,6.237287E-4,1.3152574,0.028189134,0.018110551,0.0049246936,0.16312724,0.009081053,"TWOGAUSSIANS_WITH_ELLIPSOIDAL_ON_ECLIPSE1",9,4.266897,0.64063823,5.7990884E-4,0.117112756,0.0034928806,1.3507595,0.028770076,0.16312724,0.009081053,0.18629225,0.02960825,0.0805375,0.006510818
375316653866487564,4660750767064763008,0.5065829,1839.2342635631035,0.23163110786935528,2.432166E-6,18.558344,0.002127413,0.45426953,5.931877E-4,0.015582408,6.023803E-4,0.454284,0.015559747,0.69604987,0.017549887,0.011072112,0.015641395,0.048966035,2.14630848E9,null,null,null,null,"TWOGAUSSIANS",8,3.4259727,0.45426953,5.931877E-4,0.08726148,0.0033733298,0.454284,0.015559747,0.69604987,0.017549887,0.06200383,0.087591805,0.048966035,2.14630848E9
375316653866487564,4660752107077363712,0.46329895,1834.8078062811153,0.8184022197968719,2.2494633E-5,18.409006,0.0023127783,0.105959035,0.006741446,0.027136527,0.0047306013,0.043342166,0.006855889,0.59927166,0.002280026,0.028649222,0.0025599727,0.1795274,0.02084788,null,null,null,null,"TWOGAUSSIANS",8,2.8696945,0.59927166,0.002280026,0.16043565,0.014335847,0.1795274,0.02084788,0.105959035,0.006741446,0.15196455,0.026491368,0.043342166,0.006855889
375316653866487564,4660755130756821888,0.4573195,1859.1141943108503,3.96494250873352,2.7524711E-5,15.944378,8.409224E-4,0.077306226,0.005595061,0.017825164,0.004428197,0.081453495,0.023171712,0.4445248,0.0040504234,0.022418689,0.005071507,0.03810572,0.004321024,null,null,null,null,"TWOGAUSSIANS",8,3.1983464,0.077306226,0.005595061,0.09982092,0.024797903,0.081453495,0.023171712,0.4445248,0.0040504234,0.12554465,0.028400438,0.03810572,0.004321024
375316653866487564,4660755199471046144,0.416969,1820.4269375391818,2.0009836644700734,4.002247E-5,19.364155,0.0096770665,null,null,null,null,null,null,null,null,null,null,null,null,0.110427506,0.014702362,0.700742,0.00818523,"ELLIPSOIDAL",4,7.2393494,null,null,null,null,null,null,null,null,null,null,null,null
375316653866487564,4660755577428179712,0.47873402,1836.4009164576134,0.5144328232403932,1.9831736E-5,18.817461,0.11536886,0.23543471,0.004898444,0.13233748,0.04503225,0.18373013,0.111411005,0.7323248,0.0054915147,0.11929417,0.036970556,0.1900909,0.1098318,null,null,null,null,"TWOGAUSSIANS",8,1.7677981,0.7323248,0.005512321,0.4,0.0,0.13989015,0.0069668647,0.23545472,0.0049011568,0.4,0.0,0.13329485,0.007979422
375316653866487564,4660756157247029888,0.5652218,1862.2136690262855,0.6033128118431402,3.849537E-6,19.17426,0.0027737448,0.2885897,9.90627E-4,0.034731496,0.0012482884,0.7672906,0.022759737,0.7864708,0.0053438307,0.04492511,0.006042471,0.08191341,0.011686479,null,null,null,null,"TWOGAUSSIANS",8,1.595048,0.2885897,9.90627E-4,0.19449638,0.0069904155,0.7672906,0.02275974,0.7864708,0.0053438307,0.25158063,0.03383784,0.081913404,0.011686481
375316653866487564,4660756608220358656,0.46638593,1868.1328820732322,0.044509194984043515,9.415011E-6,18.844275,0.0019206733,0.08433572,0.004950492,0.020396577,0.0027069848,0.22202827,0.040012147,0.27396414,0.025006637,0.018166248,0.02981906,0.021648765,0.0067577614,null,null,null,null,"TWOGAUSSIANS",8,2.046683,0.08433572,0.004950492,0.11422083,0.015159114,0.22202827,0.04001215,0.27396414,0.025006637,0.10173099,0.16698673,0.021648765,0.0067577614
375316653866487564,4660757501556584064,0.51166743,1867.5367172802412,0.28663670111100664,1.8718534E-5,18.48359,0.0015032485,0.14909683,0.001147827,0.02294147,0.001151581,0.22625451,0.009599664,0.6318122,0.0253966,0.024984457,0.014287265,0.02469884,0.0852561,null,null,null,null,"TWOGAUSSIANS",8,1.373449,0.14909683,0.001147827,0.12847222,0.0064488533,0.22625451,0.009599664,0.6318122,0.0253966,0.13991296,0.080008686,0.02469884,0.0852561
375316653866487564,4660760112897597696,0.5651977,1886.9033446280862,1.172659019005286,3.6749188E-6,19.526236,0.00703117,0.25247052,8.0168794E-4,0.041641533,0.0019666252,0.6130057,0.021928484,0.76283306,0.027450344,0.04028395,0.019635709,0.11101011,0.035485435,0.068656966,0.010226004,0.25247052,8.0168794E-4,"TWOGAUSSIANS_WITH_ELLIPSOIDAL_ON_ECLIPSE1",9,1.5865017,0.25247052,8.0168794E-4,0.2331926,0.011013101,0.7503196,0.025097633,0.76283306,0.026756808,0.22559011,0.109959975,0.24774274,0.03494699
375316653866487564,4660760834452067072,0.54692,1901.7866165051705,0.8701232793789073,6.4132914E-6,19.223215,0.0037476672,0.23234811,0.011964749,0.046410996,0.012744263,0.10809538,0.02493213,0.7346816,0.0012719936,0.035007108,0.0014190282,0.94510984,0.06548168,null,null,null,null,"TWOGAUSSIANS",8,2.6951652,0.7346816,0.0012719936,0.19603981,0.007946557,0.94510984,0.06548168,0.23234811,0.011964749,0.25990158,0.071367875,0.10809537,0.024932135
375316653866487564,4660760903187937408,0.55887955,1900.632300869452,0.5316044190625158,2.79353E-6,18.169678,0.002335589,0.5858685,0.043523688,0.029055092,0.033283427,0.018519953,0.1402064,0.8637361,4.1422184E-4,0.02967291,5.08242E-4,0.5565951,0.008454197,null,null,null,null,"TWOGAUSSIANS",8,3.0942717,0.8637361,4.1422184E-4,0.16616829,0.002846155,0.5565951,0.008454223,0.5858685,0.043523688,0.16270852,0.18638718,0.018519953,0.1402064
375316653866487564,4660761964019154048,0.4893517,1929.2473273733344,0.06461736644600416,2.6908217E-6,18.703777,0.00302568,0.30397215,2.1636121E-4,0.00983521,8.8578905E-4,0.060283776,5.070997E-4,0.570485,1.9911035E-4,0.0090015875,1.902241E-4,0.29378095,0.0065258597,null,null,null,null,"TWOGAUSSIANS",8,2.7591698,0.570485,1.9911035E-4,0.050408892,0.001065255,0.29378095,0.0065258597,0.30397215,2.1636121E-4,0.055077177,0.0049604187,0.060283776,5.070997E-4
375316653866487564,4660762518079559936,0.4474323,1925.8972782352248,3.9996422706935797,1.0207207E-4,19.44339,0.02149735,0.25993186,0.007149896,0.06799775,0.009722349,0.18460631,0.03339041,0.4665089,0.0151943965,0.022872917,0.033128943,0.24946572,0.0261461,null,null,null,null,"TWOGAUSSIANS",8,3.4994335,0.4665089,0.0151943965,0.12808834,0.18552208,0.25129423,0.026616853,0.25993186,0.007068168,0.3807874,0.04877568,0.18460631,0.033415794
375316653866487564,4660763514528177408,0.52815574,1949.9650240358822,0.1623914187108199,2.2145208E-5,16.527132,0.0014990215,0.20984253,0.0014928711,0.022943605,0.0011476858,0.48038986,0.05300452,0.66045624,1.3478235E-6,0.0027589037,5.286729E-5,0.8796234,0.0424216,0.0025758492,0.0021747232,0.20984253,0.0014928711,"TWOGAUSSIANS_WITH_ELLIPSOIDAL_ON_ECLIPSE1",9,11.705629,0.66045624,1.3478235E-6,0.015449861,2.9605682E-4,0.88429475,0.04593979,0.20984253,0.0014928711,0.12848419,0.006427041,0.48554155,0.05360004
375316653866487564,4660764128683706624,0.54242396,1899.8039744860246,0.3254216003262125,1.8723093E-6,18.27249,0.0021847936,0.13002132,9.3482685E-4,0.014730492,9.133767E-4,0.409803,0.022187084,0.57468456,0.0018013004,0.023590496,0.0014154463,0.3032815,0.024646144,null,null,null,null,"TWOGAUSSIANS",8,3.3372407,0.13002132,9.3482685E-4,0.08249075,0.0051149093,0.409803,0.022187084,0.57468456,0.0018013004,0.13210678,0.0079264995,0.3032815,0.024646144
375316653866487564,4660765090767315712,0.49235192,1907.375919321381,0.23816965651068453,9.721879E-5,18.863956,0.002665143,0.31224132,0.019629668,0.06394622,0.016385103,0.02078434,0.005417267,0.71932465,4.948308E-4,0.01312133,3.4148453E-4,0.37726003,0.013623162,null,null,null,null,"TWOGAUSSIANS",8,1.6659963,0.71932465,4.948308E-4,0.07347945,0.0019123133,0.37726003,0.013623162,0.31224132,0.019629668,0.3580988,0.09140856,0.02078434,0.005417267
375316653866487564,4660765885333890304,0.5732071,1956.2023328410612,0.7034341627264574,3.9460774E-6,19.504112,0.0046823625,0.2383279,0.0018271937,0.055123173,0.0025006384,0.5779622,0.014653174,0.7426841,0.002453293,0.05610979,0.0036361339,0.4176566,0.017693494,null,null,null,null,"TWOGAUSSIANS",8,1.4820489,0.2383279,0.0018271937,0.30868977,0.014003576,0.57792854,0.014660487,0.7426841,0.002453293,0.31421483,0.02036235,0.41762295,0.0177052
375316653866487564,4660766263291123968,0.5867712,1919.080808106005,0.10136689147862969,3.5755286E-6,18.23824,0.003010564,0.12563084,0.008533387,0.006811567,0.0050809174,0.5818089,0.2582517,0.79877746,6.205359E-4,0.008477293,3.306144E-4,0.6292033,0.040036593,null,null,null,null,"TWOGAUSSIANS",8,3.4397485,0.79877746,6.205359E-4,0.04747284,0.0018514406,0.6292033,0.040036593,0.12563084,0.008533387,0.03814478,0.028453138,0.5818089,0.2582517
375316653866487564,4660767465898060416,0.4378684,1947.8464205440775,1.0509624729904665,1.721656E-5,15.984173,0.001544786,0.44806093,0.0015690651,0.01909704,0.0031505683,0.27763042,0.09983241,0.8634269,0.007972304,0.013572976,0.012157028,0.013316316,95.01638,null,null,null,null,"TWOGAUSSIANS",8,13.676922,0.44806093,0.0015690651,0.10694342,0.017643183,0.27763042,0.09983241,0.8634269,0.007972304,0.07600866,0.06807935,0.013316316,95.01638
