Gaia/vari_eclipsing_binary/VariEclipsingBinary_666080-666093.csv
# %ECSV 1.0
# ---
# delimiter: ','
# meta: !!omap
# - RELEASE: Gaia DR3
# - TABLE: vari_eclipsing_binary
# - DESCRIPTION: >
#     This table describes the properties of the eclipsing binaries resulting from the variability analysis. 
# - CITATION: >
#     How to cite and acknowledge Gaia: 
#     https://gea.esac.esa.int/archive/documentation/credits.html 
# - KNOWN_ISSUES: >
#     Known issues: 
#     https://www.cosmos.esa.int/web/gaia-users/known-issues 
# - DOCUMENTATION: >
#     Tutorials and documentation: 
#     https://www.cosmos.esa.int/web/gaia-users/archive 
# datatype:
# - 
#   name: solution_id
#   datatype: int64
#   description: Solution Identifier
#   meta:
#     ucd: meta.version
# - 
#   name: source_id
#   datatype: int64
#   description: Unique source identifier
#   meta:
#     ucd: meta.id;meta.main
# - 
#   name: global_ranking
#   datatype: float32
#   description: Number between 0 (worst) and 1 (best)
#   meta:
#     ucd: stat.param
# - 
#   name: reference_time
#   datatype: float64
#   unit: d
#   description: Reference time used for the geometric model fit
#   meta:
#     ucd: time.epoch
# - 
#   name: frequency
#   datatype: float64
#   unit: d**-1
#   description: Frequency of geometric model of the eclipsing binary light curve
#   meta:
#     ucd: src.orbital
# - 
#   name: frequency_error
#   datatype: float32
#   unit: d**-1
#   description: "Uncertainty of \\texttt{frequency}"
#   meta:
#     ucd: stat.error
# - 
#   name: geom_model_reference_level
#   datatype: float32
#   unit: mag
#   description: Magnitude reference level of geometric model
#   meta:
#     ucd: phot.mag;em.opt
# - 
#   name: geom_model_reference_level_error
#   datatype: float32
#   unit: mag
#   description: "Uncertainty of \\texttt{geomModelReferenceLevel}"
#   meta:
#     ucd: stat.error;phot.mag;em.opt
# - 
#   name: geom_model_gaussian1_phase
#   datatype: float32
#   description: Phase of the Gaussian 1 component
#   meta:
#     ucd: time.phase
# - 
#   name: geom_model_gaussian1_phase_error
#   datatype: float32
#   description: "Uncertainty of \\texttt{geomModelGaussian1Phase}"
#   meta:
#     ucd: stat.error;time.phase
# - 
#   name: geom_model_gaussian1_sigma
#   datatype: float32
#   description: "Standard deviation [phase] of Gaussian 1 component"
#   meta:
#     ucd: stat.stdev
# - 
#   name: geom_model_gaussian1_sigma_error
#   datatype: float32
#   description: "Uncertainty of \\texttt{geomModelGaussian1Sigma}"
#   meta:
#     ucd: stat.error
# - 
#   name: geom_model_gaussian1_depth
#   datatype: float32
#   unit: mag
#   description: Magnitude depth of Gaussian 1 component
#   meta:
#     ucd: src.var.amplitude
# - 
#   name: geom_model_gaussian1_depth_error
#   datatype: float32
#   unit: mag
#   description: "Uncertainty of \\texttt{geomModelGaussian1Depth}"
#   meta:
#     ucd: stat.error;src.var.amplitude
# - 
#   name: geom_model_gaussian2_phase
#   datatype: float32
#   description: Phase of Gaussian 2 component
#   meta:
#     ucd: time.phase
# - 
#   name: geom_model_gaussian2_phase_error
#   datatype: float32
#   description: "Uncertainty of \\texttt{geomModelGaussian2Phase}"
#   meta:
#     ucd: stat.error;time.phase
# - 
#   name: geom_model_gaussian2_sigma
#   datatype: float32
[...]
#   datatype: float32
#   description: "Secondary eclipse: uncertainty of \\texttt{derivedSecondaryEclDuration}"
#   meta:
#     ucd: stat.error;time.duration
# - 
#   name: derived_secondary_ecl_depth
#   datatype: float32
#   unit: mag
#   description: "Secondary eclipse: depth"
#   meta:
#     ucd: src.var.amplitude
# - 
#   name: derived_secondary_ecl_depth_error
#   datatype: float32
#   unit: mag
#   description: "Secondary eclipse: uncertainty of \\texttt{derivedSecondaryEclDepth}"
#   meta:
#     ucd: stat.error;src.var.amplitude
solution_id,source_id,global_ranking,reference_time,frequency,frequency_error,geom_model_reference_level,geom_model_reference_level_error,geom_model_gaussian1_phase,geom_model_gaussian1_phase_error,geom_model_gaussian1_sigma,geom_model_gaussian1_sigma_error,geom_model_gaussian1_depth,geom_model_gaussian1_depth_error,geom_model_gaussian2_phase,geom_model_gaussian2_phase_error,geom_model_gaussian2_sigma,geom_model_gaussian2_sigma_error,geom_model_gaussian2_depth,geom_model_gaussian2_depth_error,geom_model_cosine_half_period_amplitude,geom_model_cosine_half_period_amplitude_error,geom_model_cosine_half_period_phase,geom_model_cosine_half_period_phase_error,model_type,num_model_parameters,reduced_chi2,derived_primary_ecl_phase,derived_primary_ecl_phase_error,derived_primary_ecl_duration,derived_primary_ecl_duration_error,derived_primary_ecl_depth,derived_primary_ecl_depth_error,derived_secondary_ecl_phase,derived_secondary_ecl_phase_error,derived_secondary_ecl_duration,derived_secondary_ecl_duration_error,derived_secondary_ecl_depth,derived_secondary_ecl_depth_error
[from data line 367]
375316653866487564,5858955280177018624,0.5479811,2213.544889892011,1.8297732174576835,4.622732E-6,16.992342,0.0057703196,0.30161506,0.004382896,0.044014093,0.0051114396,0.2004042,0.024909846,0.79748213,0.0010633902,0.037028514,0.0011328475,0.54897004,0.019149862,null,null,null,null,"TWOGAUSSIANS",8,31.570862,0.79748213,0.0010633902,0.20735967,0.006343946,0.54897004,0.019149862,0.30161506,0.004382896,0.24647892,0.028624061,0.2004042,0.024909848
375316653866487564,5858955344524540544,0.60183746,2208.8310360346595,1.4904055412053387,4.4506814E-6,17.764174,0.0031696062,0.29266796,0.0014587466,0.04349352,0.0045617097,0.09583887,0.013740908,0.7908354,0.0026444476,0.057192102,0.003634397,0.12953228,0.009645052,0.07501732,0.005544662,0.29266796,0.0014587466,"TWOGAUSSIANS_WITH_ELLIPSOIDAL_ON_ECLIPSE1",9,2.2290618,0.79125535,0.0019280871,0.32027578,0.020352622,0.27954298,0.0062497775,0.29266796,0.0014587466,0.24356371,0.025545575,0.2458649,0.013349819
375316653866487564,5858955554967052288,0.529178,2192.014298989928,1.2961956223868494,9.949885E-6,19.158817,0.009790433,0.23346427,0.01263995,0.05041234,0.029473409,0.40429157,3.885309,0.7378111,0.0024379315,0.043754347,0.008594498,0.76006544,0.161736,null,null,null,null,"TWOGAUSSIANS",8,5.0838437,0.7378111,0.0024379315,0.24502434,0.04812919,0.7600648,0.16174108,0.23346427,0.01263995,0.2823091,0.16505109,0.4042909,3.8853102
375316653866487564,5858955688109392000,0.51529914,2154.5577911586297,0.25730763566013604,2.8137432E-5,18.964811,0.027510574,0.13163541,0.019604795,0.0633793,0.014015872,0.10318878,0.030702898,0.58451754,0.00977821,0.15416725,0.016981175,0.46722224,0.026015926,null,null,null,null,"TWOGAUSSIANS",8,6.0680633,0.58451754,0.00977821,0.4,0.0,0.4438762,0.01867065,0.13591541,0.019688906,0.35492408,0.07848888,0.08716193,0.029636426
375316653866487564,5858955692493884928,0.5851218,2205.6839133176522,0.8829151518251016,5.6921226E-6,15.846874,0.3352982,0.26224613,0.0047364286,0.17572738,0.04915019,0.35676405,0.3240852,0.746009,0.0065962183,0.15230629,0.026587881,0.34453055,0.2711861,null,null,null,null,"TWOGAUSSIANS",8,4.915266,0.26438615,0.0025599236,0.4,0.0,0.15725847,0.004062992,0.746009,0.0065962183,0.4,0.0,0.15451328,0.0034348054
375316653866487564,5858955898564766208,0.52918,2197.4496585837787,1.7714326475739395,1.0317506E-5,18.070639,0.012639337,0.2054002,0.0032310558,0.09412253,0.008833247,0.19154572,0.010501579,0.71835285,0.005997877,0.096554406,0.010251636,0.15094121,0.013172488,null,null,null,null,"TWOGAUSSIANS",8,3.3381073,0.2054002,0.0032310558,0.4,0.0,0.18245123,0.0077023814,0.71835285,0.005997877,0.4,0.0,0.14184652,0.008760347
375316653866487564,5858956139083177728,0.4618684,2141.0618828490824,2.633051798555973,2.8865083E-5,19.523174,0.013949972,0.22438347,0.012189946,0.058172304,0.019062135,0.20340843,0.031914234,0.6871961,0.009249709,0.09478512,0.009930203,0.41506222,0.08940994,null,null,null,null,"TWOGAUSSIANS",8,5.7579355,0.6871961,0.009249709,0.4,0.0,0.41377312,0.090022296,0.22438347,0.012190187,0.3257649,0.10674796,0.20212212,0.032933578
375316653866487564,5858956139083233408,0.5226722,2204.125149480229,0.16443108716861543,1.1087696E-4,18.211939,0.0043161954,0.6943741,0.018358199,0.05850816,0.01227138,0.06567714,0.036788028,0.8691788,0.006940617,0.009663997,0.003776889,0.57207227,0.25518602,null,null,null,null,"TWOGAUSSIANS",8,6.54901,0.8691788,0.006940617,0.054118384,0.02115058,0.57282925,0.25531214,0.6943741,0.018358199,0.32764572,0.06871973,0.06567714,0.036788028
375316653866487564,5858956276609549568,0.52219987,2199.976758657856,0.18572630644325158,9.461907E-6,16.894154,0.00210467,0.7836124,0.0013998479,0.01678044,0.002573448,0.20415372,0.020060152,null,null,null,null,null,null,0.015784776,0.0037971349,0.7836124,0.0013998479,"ONEGAUSSIAN_WITH_ELLIPSOIDAL",6,11.766556,0.7836124,0.0013998479,0.09397046,0.01441131,0.23572327,0.020891495,null,null,null,null,null,null
375316653866487564,5858956379601604096,0.55521065,2164.8526571895836,3.6436501708108557,6.8207514E-6,19.479046,0.006698435,0.25837788,0.0023105403,0.07052899,0.0038039046,0.44280103,0.018576728,0.76069057,0.0022058792,0.07249796,0.0045492817,0.35576963,0.014896456,null,null,null,null,"TWOGAUSSIANS",8,1.2081993,0.25837788,0.0023105403,0.39496237,0.018963708,0.4411398,0.018890018,0.76069057,0.0022058792,0.4,0.006451581,0.35410842,0.015180879
375316653866487564,5858956512739355008,0.54163355,2180.5948454678187,1.1425360833674933,2.9840447E-5,17.938137,0.001997844,0.45378405,4.1044208E-5,0.015304193,3.5263138E-4,0.45192158,0.009416201,0.81926316,8.515557E-5,0.0050744656,3.4344787E-4,0.024027966,0.0019038608,null,null,null,null,"TWOGAUSSIANS",8,2.6789536,0.45378405,4.1044208E-5,0.08570348,0.0019747356,0.45192158,0.009416201,0.81926316,8.515557E-5,0.028417008,0.001923308,0.024027966,0.0019038608
375316653866487564,5858956654479371904,0.47345537,2220.206899008939,3.0987299157240504,1.26521645E-5,19.902565,0.041660793,0.3171975,0.0025884057,0.070486106,0.008032238,0.40294018,0.041207135,0.82205206,0.013405515,0.08872964,0.024273936,0.2412164,0.041068938,null,null,null,null,"TWOGAUSSIANS",8,3.808836,0.3171975,0.0025884057,0.39472216,0.037622213,0.39902535,0.035841584,0.82205206,0.013405515,0.4,0.0,0.23730153,0.04008101
375316653866487564,5858956929357550464,0.5771375,2217.129172771562,2.7986307765578893,4.404199E-6,18.75648,0.009628596,0.32613742,0.0017566402,0.06551388,0.0025412443,0.6907745,0.026046911,0.8321629,0.0024973901,0.062470965,0.0021520674,0.7436509,0.026874911,null,null,null,null,"TWOGAUSSIANS",8,3.7701936,0.8321629,0.0024973901,0.3498374,0.012051578,0.7430735,0.026923222,0.32613742,0.0017566402,0.36687773,0.014230968,0.6901971,0.026124505
375316653866487564,5858957135603133952,0.41548082,2251.15946056123,0.3325036035004692,1.3279115E-4,18.726097,0.44491673,0.2166413,0.023512783,0.058314458,0.019211756,0.14932312,0.11293492,0.5891126,0.01814811,0.17985734,0.15764321,0.25100031,0.41911352,null,null,null,null,"TWOGAUSSIANS",8,17.27226,0.5891126,0.01814811,0.4,0.0,0.23634812,0.052243277,0.2247713,0.019747093,0.32656097,0.10758583,0.16596852,0.12695895
375316653866487564,5858957169877843200,0.52715844,2235.5918510722795,2.5348570181630294,9.044187E-6,19.337383,0.019599289,0.25303864,0.004815768,0.08527561,0.0077539347,0.42503884,0.025564268,0.7544618,0.0037284244,0.09546121,0.007614213,0.36900946,0.019428695,null,null,null,null,"TWOGAUSSIANS",8,2.4416974,0.25303864,0.004815768,0.4,0.0,0.40827224,0.02731332,0.7544618,0.0037284244,0.4,0.0,0.35224208,0.0146223735
375316653866487564,5858957272957175168,0.48156217,2261.163594622034,2.9256389593128422,3.0096087E-5,18.75422,0.010039478,0.2160069,0.009468878,0.07927327,0.011398278,0.12664683,0.012877924,0.71607345,0.012088459,0.092360996,0.01664052,0.1776204,0.02266549,null,null,null,null,"TWOGAUSSIANS",8,3.2559109,0.71607345,0.012088459,0.4,0.0,0.17327648,0.025017751,0.2160069,0.009468878,0.4,0.0,0.12230306,0.011102065
375316653866487564,5858957273042431488,0.61315924,2235.6978576235406,0.4331712693798421,3.624649E-5,15.141538,0.0028175004,0.2649486,0.005751391,0.036328506,0.005094671,0.46144637,0.1205222,0.7697841,0.006960884,0.031072034,0.006286851,0.07449859,0.008608598,0.008195069,0.0044653635,0.7697841,0.006960884,"TWOGAUSSIANS_WITH_ELLIPSOIDAL_ON_ECLIPSE2",9,21.580465,0.2649686,0.005726751,0.20343964,0.028530158,0.47782138,0.123744965,0.7697841,0.006960884,0.17400338,0.035206366,0.090888694,0.002725836
375316653866487564,5858957341761922176,0.6889825,2230.420715584599,1.0114021123901349,2.0903399E-6,13.717255,0.008222417,0.24700274,8.860372E-4,0.04982669,0.0028296374,0.24608597,0.01636441,0.7461941,0.0013522023,0.057934962,0.0038963926,0.19231041,0.015510998,0.14506829,0.009217543,0.24700274,8.860372E-4,"TWOGAUSSIANS_WITH_ELLIPSOIDAL_ON_ECLIPSE1",9,72.95747,0.24700274,8.860372E-4,0.27902946,0.01584597,0.5362053,0.0032942996,0.74642414,9.2829176E-4,0.3244358,0.021819798,0.4824244,0.005136912
375316653866487564,5858957479215787264,0.40186796,2243.344595012289,1.6852939666039757,2.7272106E-5,18.7459,0.053310487,0.29534262,0.007737006,0.029537715,0.007035769,0.397425,0.12921266,0.77185297,0.022140129,0.11590623,0.052252613,0.209766,0.045784105,null,null,null,null,"TWOGAUSSIANS",8,11.866154,0.29534262,0.007705512,0.1654112,0.039400306,0.39688355,0.12714237,0.77185297,0.022140129,0.4,0.0,0.2091719,0.044918783
375316653866487564,5858957650914476416,0.4439568,2241.3877798497138,3.5543839768057546,7.025923E-5,17.72481,0.024306942,0.123736925,0.029431453,0.03632525,0.020769384,0.021149712,0.012038861,0.58770347,0.022762857,0.1924139,0.05894303,0.09803796,0.019358734,null,null,null,null,"TWOGAUSSIANS",8,7.2997713,0.58770347,0.022762857,0.4,0.0,0.08883495,0.0102929985,0.12626693,0.02805648,0.2034214,0.11630855,0.019373795,0.011038452
375316653866487564,5858958544352516480,0.55658084,2199.0576347899573,1.1307344152830647,5.754375E-6,15.347971,0.016855307,0.14160027,0.0017727687,0.11154588,0.0079222955,0.21358345,0.015315033,0.6351412,0.0034680264,0.10400136,0.009512279,0.23147845,0.014143232,null,null,null,null,"TWOGAUSSIANS",8,23.0087,0.6351412,0.0034680264,0.4,0.0,0.20343731,0.0057635056,0.14160027,0.0017719937,0.4,0.0,0.18552782,0.0056958674
375316653866487564,5858958578712555136,0.56962824,2215.984251211619,2.6942942963967935,5.449791E-6,15.83914,0.0043288404,0.32388815,0.0028540734,0.04231657,0.012611509,0.06358626,0.010276078,0.8057941,0.008817638,0.040887725,0.009978073,0.04617004,0.0119441245,0.06985832,0.0072544715,0.32388815,0.0028540734,"TWOGAUSSIANS_WITH_ELLIPSOIDAL_ON_ECLIPSE1",9,16.546291,0.32388815,0.0028540734,0.23697281,0.070624456,0.2033027,0.009444765,0.8109741,0.007869229,0.22897127,0.05587721,0.1845996,0.006548131
375316653866487564,5858958677403351168,0.5870006,2226.341924573113,0.4357505417865061,3.7521668E-6,16.963037,0.0014131693,0.29214743,7.2252075E-4,0.020556098,0.0013140946,0.15079549,0.0028434924,0.7834572,4.0229435E-5,0.011274909,8.880376E-5,0.5525788,0.0037415475,null,null,null,null,"TWOGAUSSIANS",8,4.3160343,0.7834572,4.0229435E-5,0.06313949,4.9730105E-4,0.5525788,0.0037415475,0.29214743,7.2252075E-4,0.115114145,0.00735893,0.15079549,0.0028434924
375316653866487564,5858958990941761152,0.5896785,2176.906226313901,1.0185859262080723,1.2967831E-5,19.240143,0.0057730586,0.1646432,0.0037760248,0.029853983,0.004372715,0.27998254,0.12575443,0.6639308,0.0025689185,0.032026425,0.0022263555,1.1186695,0.20945552,0.04625541,0.009718784,0.1646432,0.0037760248,"TWOGAUSSIANS_WITH_ELLIPSOIDAL_ON_ECLIPSE1",9,1.746196,0.6639308,0.002557595,0.17934799,0.012467591,1.2111783,0.21276438,0.1646432,0.0037760248,0.1671823,0.024487203,0.37249318,0.12547916
375316653866487564,5858959059661348352,0.4948781,2140.962038638073,0.6856180243574932,2.1178865E-5,19.569235,0.0082041435,0.14604625,0.0025881638,0.015006128,0.0020968518,0.8816401,0.36999497,0.8138138,0.0043758294,0.022568006,0.0026319646,0.6643148,0.05386501,null,null,null,null,"TWOGAUSSIANS",8,2.64948,0.14604625,0.0025881638,0.084034316,0.01174237,0.8816401,0.36999497,0.8138138,0.0043758294,0.12638083,0.014739002,0.6643148,0.05386501
375316653866487564,5858959746943304576,0.66511893,2203.808417922772,0.3270126846981917,2.6472628E-5,16.687222,0.0013124107,0.30494547,2.2904938E-5,0.011466495,3.1005128E-4,0.3467157,0.00219877,0.8052556,0.0049264715,0.0130169885,0.0037061835,0.41363978,0.08473517,null,null,null,null,"TWOGAUSSIANS",8,2.4814346,0.8052556,0.0049264715,0.07289513,0.020754628,0.41363978,0.08473517,0.30494547,2.2904938E-5,0.064212374,0.0017362871,0.3467157,0.00219877
375316653866487564,5858959849936119552,0.43985885,2215.9672470565224,2.5825502514652294,2.8224827E-5,17.727427,0.5209629,0.24137568,0.011911363,0.118258275,0.0255633,0.32866475,0.12848003,0.7184207,0.015586003,0.30469605,0.16224027,0.60356236,0.5111636,null,null,null,null,"TWOGAUSSIANS",8,13.601546,0.2487357,0.007864139,0.4,0.0,0.1742407,0.020797828,0.7184207,0.015586003,0.4,0.0,0.1387272,0.013520355
375316653866487564,5858959850022538112,0.5370021,2217.239648818116,2.9798208436520164,1.1914494E-5,19.72484,0.016442334,0.13380721,0.004142489,0.07635511,0.005013488,0.4691997,0.023127934,0.6392713,0.0022708362,0.07989197,0.0050464366,0.4004965,0.0317474,null,null,null,null,"TWOGAUSSIANS",8,1.5849857,0.13380721,0.004142489,0.4,0.0,0.4645828,0.022142872,0.6392713,0.0022708362,0.4,0.0,0.3958796,0.03156325
375316653866487564,5858960154871788032,0.60259974,2202.036923223179,0.324022962691732,5.682838E-6,16.137653,0.0015231515,0.21401116,0.0013256653,0.021761324,0.0012526762,0.22478402,0.008770889,0.7084163,0.012798553,0.024758304,0.008018629,0.22278562,0.13132127,0.005163433,0.002191965,0.21401116,0.0013256653,"TWOGAUSSIANS_WITH_ELLIPSOIDAL_ON_ECLIPSE1",9,5.5084352,0.21401116,0.0013256653,0.12186342,0.007014987,0.23511088,0.007980046,0.7084263,0.0127671845,0.1386465,0.04490432,0.23309976,0.1331094
375316653866487564,5858960537130814208,0.44308415,2185.73985150726,2.8764523467932905,2.7017591E-5,19.350931,0.016322557,0.21376951,0.023170028,0.0484699,0.06219587,0.116578266,0.05175365,0.66047585,1.2906836E-5,0.0017233437,6.375061E-4,0.4720408,0.99429387,0.070922695,0.021698171,0.21376951,0.023170028,"TWOGAUSSIANS_WITH_ELLIPSOIDAL_ON_ECLIPSE1",9,7.246281,0.66047585,1.2845546E-5,0.009650725,0.003570034,0.5985667,1.0279897,0.21376951,0.023170028,0.27143145,0.18781908,0.25842324,0.03741195
375316653866487564,5858960605850501888,0.5726014,2177.454159322625,1.3145178543485134,8.001082E-6,18.600086,0.0029773933,0.18013012,8.8189094E-4,0.03624181,0.0012142017,0.26635432,0.014912464,0.68527037,0.0022873604,0.036568943,0.0019686834,0.30915606,0.013144386,null,null,null,null,"TWOGAUSSIANS",8,1.731756,0.68527037,0.0022873604,0.20478609,0.011024628,0.30915606,0.013144386,0.18013012,8.8189094E-4,0.20295414,0.0067995293,0.26635432,0.014912464
375316653866487564,5858960635907515648,0.47972283,2193.7010914653183,0.4388488451304077,8.604265E-5,12.157949,0.0013856698,0.3811402,0.015470839,0.11566755,0.020527568,0.011454407,0.002145002,0.8295354,0.0062296162,0.017624756,0.0089421775,0.078605846,0.030611923,null,null,null,null,"TWOGAUSSIANS",8,26.311123,0.8295354,0.0062296162,0.09869863,0.050076198,0.07860798,0.03062002,0.3811402,0.015470839,0.4,0.0,0.011450154,0.0021391767
375316653866487564,5858960880728665856,0.47637826,2182.5593180970877,2.432841578496509,2.4423462E-5,19.601158,0.020892225,0.27978703,0.009293409,0.09083603,0.01819865,0.2526972,0.025753219,0.76845235,0.00673989,0.08450451,0.016304754,0.33231264,0.04080851,null,null,null,null,"TWOGAUSSIANS",8,2.423788,0.76845235,0.00673989,0.4,0.0,0.32412615,0.048867524,0.27978703,0.009293409,0.4,0.0,0.24451058,0.02691016
375316653866487564,5858961224412151808,0.4004883,2248.241764354533,1.8138150229306598,3.44184E-5,18.222801,0.01034964,0.48694035,0.013489167,0.038242295,0.011158028,0.20674746,0.06955941,0.8748622,0.01628986,0.020212559,0.016331147,0.20292473,2.510807E7,null,null,null,null,"TWOGAUSSIANS",8,11.710169,0.48694035,0.013489167,0.21415685,0.062484957,0.20674746,0.06955941,0.8748622,0.01628986,0.11319033,0.09145443,0.20292473,2.510807E7
375316653866487564,5858961258685871872,0.4460109,2195.903953391235,3.0193570783331523,2.5529058E-5,19.42939,0.015705863,0.31849933,0.0047828173,0.031645633,0.016051177,0.20213059,0.084286034,0.80770457,0.009186651,0.008283507,0.007480901,0.3214245,1.62393188E12,0.16500212,0.030003969,0.31849933,0.0047828173,"TWOGAUSSIANS_WITH_ELLIPSOIDAL_ON_ECLIPSE1",9,14.911589,0.8077646,0.009128764,0.04638764,0.041893046,0.64992124,1.62393188E12,0.31849933,0.0047828173,0.17721555,0.08988659,0.5321348,0.09014933
