Gaia/vari_eclipsing_binary/VariEclipsingBinary_238119-238460.csv
# %ECSV 1.0
# ---
# delimiter: ','
# meta: !!omap
# - RELEASE: Gaia DR3
# - TABLE: vari_eclipsing_binary
# - DESCRIPTION: >
#     This table describes the properties of the eclipsing binaries resulting from the variability analysis. 
# - CITATION: >
#     How to cite and acknowledge Gaia: 
#     https://gea.esac.esa.int/archive/documentation/credits.html 
# - KNOWN_ISSUES: >
#     Known issues: 
#     https://www.cosmos.esa.int/web/gaia-users/known-issues 
# - DOCUMENTATION: >
#     Tutorials and documentation: 
#     https://www.cosmos.esa.int/web/gaia-users/archive 
# datatype:
# - 
#   name: solution_id
#   datatype: int64
#   description: Solution Identifier
#   meta:
#     ucd: meta.version
# - 
#   name: source_id
#   datatype: int64
#   description: Unique source identifier
#   meta:
#     ucd: meta.id;meta.main
# - 
#   name: global_ranking
#   datatype: float32
#   description: Number between 0 (worst) and 1 (best)
#   meta:
#     ucd: stat.param
# - 
#   name: reference_time
#   datatype: float64
#   unit: d
#   description: Reference time used for the geometric model fit
#   meta:
#     ucd: time.epoch
# - 
#   name: frequency
#   datatype: float64
#   unit: d**-1
#   description: Frequency of geometric model of the eclipsing binary light curve
#   meta:
#     ucd: src.orbital
# - 
#   name: frequency_error
#   datatype: float32
#   unit: d**-1
#   description: "Uncertainty of \\texttt{frequency}"
#   meta:
#     ucd: stat.error
# - 
#   name: geom_model_reference_level
#   datatype: float32
#   unit: mag
#   description: Magnitude reference level of geometric model
#   meta:
#     ucd: phot.mag;em.opt
# - 
#   name: geom_model_reference_level_error
#   datatype: float32
#   unit: mag
#   description: "Uncertainty of \\texttt{geomModelReferenceLevel}"
#   meta:
#     ucd: stat.error;phot.mag;em.opt
# - 
#   name: geom_model_gaussian1_phase
#   datatype: float32
#   description: Phase of the Gaussian 1 component
#   meta:
#     ucd: time.phase
# - 
#   name: geom_model_gaussian1_phase_error
#   datatype: float32
#   description: "Uncertainty of \\texttt{geomModelGaussian1Phase}"
#   meta:
#     ucd: stat.error;time.phase
# - 
#   name: geom_model_gaussian1_sigma
#   datatype: float32
#   description: "Standard deviation [phase] of Gaussian 1 component"
#   meta:
#     ucd: stat.stdev
# - 
#   name: geom_model_gaussian1_sigma_error
#   datatype: float32
#   description: "Uncertainty of \\texttt{geomModelGaussian1Sigma}"
#   meta:
#     ucd: stat.error
# - 
#   name: geom_model_gaussian1_depth
#   datatype: float32
#   unit: mag
#   description: Magnitude depth of Gaussian 1 component
#   meta:
#     ucd: src.var.amplitude
# - 
#   name: geom_model_gaussian1_depth_error
#   datatype: float32
#   unit: mag
#   description: "Uncertainty of \\texttt{geomModelGaussian1Depth}"
#   meta:
#     ucd: stat.error;src.var.amplitude
# - 
#   name: geom_model_gaussian2_phase
#   datatype: float32
#   description: Phase of Gaussian 2 component
#   meta:
#     ucd: time.phase
# - 
#   name: geom_model_gaussian2_phase_error
#   datatype: float32
#   description: "Uncertainty of \\texttt{geomModelGaussian2Phase}"
#   meta:
#     ucd: stat.error;time.phase
# - 
#   name: geom_model_gaussian2_sigma
#   datatype: float32
[...]
#   datatype: float32
#   description: "Secondary eclipse: uncertainty of \\texttt{derivedSecondaryEclDuration}"
#   meta:
#     ucd: stat.error;time.duration
# - 
#   name: derived_secondary_ecl_depth
#   datatype: float32
#   unit: mag
#   description: "Secondary eclipse: depth"
#   meta:
#     ucd: src.var.amplitude
# - 
#   name: derived_secondary_ecl_depth_error
#   datatype: float32
#   unit: mag
#   description: "Secondary eclipse: uncertainty of \\texttt{derivedSecondaryEclDepth}"
#   meta:
#     ucd: stat.error;src.var.amplitude
solution_id,source_id,global_ranking,reference_time,frequency,frequency_error,geom_model_reference_level,geom_model_reference_level_error,geom_model_gaussian1_phase,geom_model_gaussian1_phase_error,geom_model_gaussian1_sigma,geom_model_gaussian1_sigma_error,geom_model_gaussian1_depth,geom_model_gaussian1_depth_error,geom_model_gaussian2_phase,geom_model_gaussian2_phase_error,geom_model_gaussian2_sigma,geom_model_gaussian2_sigma_error,geom_model_gaussian2_depth,geom_model_gaussian2_depth_error,geom_model_cosine_half_period_amplitude,geom_model_cosine_half_period_amplitude_error,geom_model_cosine_half_period_phase,geom_model_cosine_half_period_phase_error,model_type,num_model_parameters,reduced_chi2,derived_primary_ecl_phase,derived_primary_ecl_phase_error,derived_primary_ecl_duration,derived_primary_ecl_duration_error,derived_primary_ecl_depth,derived_primary_ecl_depth_error,derived_secondary_ecl_phase,derived_secondary_ecl_phase_error,derived_secondary_ecl_duration,derived_secondary_ecl_duration_error,derived_secondary_ecl_depth,derived_secondary_ecl_depth_error
[from data line 357]
375316653866487564,2096938518655813504,0.66674507,2214.790823980089,4.565630267367986,4.130014E-6,17.14921,0.009225862,0.23318835,0.0011464176,0.0521251,0.0032185805,0.3616229,0.022006797,0.7273049,0.0017792919,0.04957707,0.0028398312,0.37251037,0.022688238,0.09625746,0.014428628,0.23318835,0.0011464176,"TWOGAUSSIANS_WITH_ELLIPSOIDAL_ON_ECLIPSE1",9,6.068326,0.7278449,0.0015977833,0.27763158,0.015903054,0.5647817,0.008239218,0.23318835,0.0011464176,0.29190055,0.018024052,0.5541333,0.018618159
375316653866487564,2096939755606414720,0.5060083,2244.49489857389,0.9951483194591142,8.970752E-5,15.2917385,0.0010016492,0.37755755,0.013517287,0.02327068,0.018432096,0.19708492,1.1105608,null,null,null,null,null,null,null,null,null,null,"ONEGAUSSIAN",5,39.94661,0.37755755,0.013517287,0.13031581,0.10321974,0.19708492,0.0,null,null,null,null,null,null
375316653866487564,2096941851550394496,0.4924871,2176.470951145716,1.3959179151410657,1.3492467E-4,11.625491,0.002288255,0.5483565,0.0032383178,0.04253524,0.0042345277,0.39215308,0.049762443,null,null,null,null,null,null,null,null,null,null,"ONEGAUSSIAN",5,326.1101,0.5483565,0.0032383178,0.23819734,0.023713354,0.39215308,0.0,null,null,null,null,null,null
375316653866487564,2096962364314541824,0.57455736,2246.984920794779,2.396878400993676,1.6160824E-5,16.776367,0.026405532,0.21416649,0.005130856,0.11061014,0.01433985,0.23022917,0.025586963,0.72727257,0.0038540687,0.10167104,0.023108419,0.11176357,0.02197591,null,null,null,null,"TWOGAUSSIANS",8,5.8195834,0.21416649,0.0051199654,0.4,0.0,0.21288338,0.0071208044,0.7273026,0.0039079916,0.4,0.0,0.09443546,0.0071388506
375316653866487564,2096964082301502080,0.55444723,2254.935577041166,3.9067707917394543,2.117687E-5,16.747707,0.045869958,0.21221898,0.00665945,0.043213695,0.0213302,0.454578,0.12176731,0.69126123,0.01518178,0.053127233,0.018745258,0.4611021,0.08646166,0.13783309,0.058426064,0.21221898,0.00665945,"TWOGAUSSIANS_WITH_ELLIPSOIDAL_ON_ECLIPSE1",9,76.09909,0.6937113,0.013393851,0.2975125,0.10497345,0.73256546,0.13720022,0.21221898,0.00665945,0.24199669,0.119449124,0.73024243,0.14522476
375316653866487564,2096987756161275392,0.6428837,2229.1074731405733,2.923837335171526,4.4898916E-6,16.855719,0.023286296,0.2779132,0.0013859136,0.05317675,0.007747239,0.27633882,0.04047937,0.77540123,0.0072485744,0.05280173,0.009544769,0.24809235,0.05125527,0.101137176,0.026610896,0.2779132,0.0013859136,"TWOGAUSSIANS_WITH_ELLIPSOIDAL_ON_ECLIPSE1",9,10.742218,0.2779132,0.0013859136,0.2977898,0.043384537,0.478606,0.016107937,0.7757813,0.0061766645,0.29568967,0.053450707,0.45031682,0.016160667
375316653866487564,2096993253719065216,0.55080295,2239.2202765526736,1.7473516931341924,1.2467544E-5,15.950805,0.009395371,0.25187856,0.0021098664,0.09106306,0.004940418,0.23289193,0.0087695625,0.76388335,0.0075623575,0.08102307,0.012997748,0.12739961,0.011863755,null,null,null,null,"TWOGAUSSIANS",8,18.391886,0.25187856,0.0021098664,0.4,0.0,0.2287212,0.005842623,0.76388335,0.0075623575,0.4,0.0,0.12322903,0.011802971
375316653866487564,2096997823559148288,0.4380319,2223.9994465681593,4.5551284175334,5.07488E-5,18.23717,0.43072882,0.14273684,0.033062432,0.12564248,0.033182763,0.24435945,0.22368388,0.60211307,0.014478186,0.19044334,0.11822613,0.35626245,0.4212435,null,null,null,null,"TWOGAUSSIANS",8,4.5966682,0.60211307,0.014478186,0.4,0.0,0.21688019,0.018850112,0.15586685,0.022290017,0.4,0.0,0.13139758,0.033309545
375316653866487564,2096999026155163776,0.44061556,2261.5287293822266,1.4038358468330163,7.573803E-5,11.984214,8.646498E-4,0.09080448,0.012609057,0.016307175,0.009040541,0.014423321,0.012779879,0.3349621,0.019917369,0.044014078,0.013508444,0.026956955,0.017528731,null,null,null,null,"TWOGAUSSIANS",8,17.819645,0.3349621,0.019917369,0.24647884,0.07564729,0.026956955,0.017528731,0.09080448,0.012609057,0.09132018,0.05062703,0.014423327,0.012779872
375316653866487564,2097000572343413376,0.5102727,2251.7399953903955,0.6323996626742588,5.9262646E-5,18.738708,0.007640004,0.15818706,0.028165499,0.017370187,0.0347044,0.46268812,0.6148326,0.6499847,0.0057142647,0.04948955,0.0043542436,0.30369267,0.039173983,null,null,null,null,"TWOGAUSSIANS",8,6.159965,0.15818706,0.028165499,0.097273044,0.19434464,0.46268812,0.6148335,0.6499847,0.0057142647,0.27714148,0.024383763,0.30369267,0.039173897
375316653866487564,2097008372004133120,0.66820544,2249.915519728514,0.6632099121566478,2.8355223E-6,14.0848465,9.6062757E-4,0.20560151,7.2094664E-4,0.040687714,0.0036309804,0.036086127,0.0030952566,0.70954955,0.0017750121,0.06613789,0.0013664943,0.0780563,0.0029586633,0.07230678,0.0020339887,0.20560151,7.2094664E-4,"TWOGAUSSIANS_WITH_ELLIPSOIDAL_ON_ECLIPSE1",9,8.239167,0.70954955,0.0017750121,0.37037218,0.0076523684,0.2225321,0.0019295141,0.20560151,7.2094664E-4,0.2278512,0.020333491,0.1806509,0.0032184187
375316653866487564,2097009986911873152,0.55522543,2234.0481424508384,3.7155058343116214,2.1549586E-5,17.161604,0.010772033,0.19493872,0.0040463894,0.04791097,0.0038542221,0.32047334,0.02669055,0.713919,0.006095401,0.05608685,0.015276969,0.061399378,0.029373782,0.025342142,0.0129511375,0.713919,0.006095401,"TWOGAUSSIANS_WITH_ELLIPSOIDAL_ON_ECLIPSE2",9,14.869772,0.19545873,0.00392177,0.26830143,0.021583643,0.37045658,0.012643843,0.713919,0.006095401,0.31408635,0.08555102,0.11208033,0.01998276
375316653866487564,2097022970592757504,0.5524034,2185.353131673856,4.1315327913531705,1.1039781E-5,19.690811,0.018515822,0.24575183,0.010048638,0.058972917,0.017500672,0.7076799,0.18687789,0.7524298,0.0040643704,0.07270915,0.0042389194,0.60248554,0.033062547,null,null,null,null,"TWOGAUSSIANS",8,3.0662453,0.24575183,0.010048638,0.33024833,0.083079405,0.70689535,0.18921433,0.7524298,0.0040643704,0.4,0.007506585,0.60170096,0.032695003
375316653866487564,2097026273427728128,0.5893461,2228.9846813845916,2.9464636492908287,9.975052E-6,14.90068,0.0071257264,0.28391296,0.0023841453,0.04842819,0.007960754,0.17142247,0.025458224,0.78319305,0.00583685,0.049810857,0.006979609,0.10106574,0.018319491,0.07290812,0.009320576,0.28391296,0.0023841453,"TWOGAUSSIANS_WITH_ELLIPSOIDAL_ON_ECLIPSE1",9,64.34163,0.28391296,0.0023841453,0.27119786,0.044580225,0.31723803,0.0270693,0.78335303,0.0047512846,0.2789408,0.03908581,0.24687897,0.011528534
375316653866487564,2097029606322720512,0.4402555,2299.233702901374,0.01041009483903946,4.5576126E-5,14.86801,0.0025877354,0.31026214,0.0024029787,0.023352172,0.0025159845,0.19540535,0.07211094,0.66027784,0.008066362,0.12905033,0.010553879,0.17011458,0.027090248,null,null,null,null,"TWOGAUSSIANS",8,13.685685,0.31051216,0.0023135908,0.13077216,0.014089513,0.19952904,0.07260488,0.66027784,0.008066362,0.4,0.0,0.16992748,0.027262349
375316653866487564,2097038299336741888,0.5879039,2245.9049801446195,2.747782250103522,6.311318E-6,15.383126,0.005224527,0.21698064,0.0024546091,0.0757929,0.0031613573,0.42593065,0.015060652,0.7138568,0.0015872609,0.08686503,0.0026709433,0.35340536,0.0078051374,null,null,null,null,"TWOGAUSSIANS",8,47.38913,0.21698064,0.0024546091,0.4,0.0,0.4195059,0.015789598,0.7138568,0.0015872609,0.4,0.0,0.34698057,0.007815516
375316653866487564,2097040601439270016,0.6019731,2221.1358483954145,2.1150899432662515,8.410202E-6,13.859736,0.0071590627,0.27924126,8.98421E-4,0.08987133,0.0034667652,0.36446658,0.012261263,0.7831485,0.002723796,0.09384488,0.0037457782,0.33543846,0.009733623,null,null,null,null,"TWOGAUSSIANS",8,93.88882,0.27924126,8.98421E-4,0.4,0.0,0.3482338,0.014706772,0.7831485,0.002723796,0.4,0.0,0.31920534,0.008764167
375316653866487564,2097043105399518976,0.48857418,2218.636555445963,2.1297370960770405,6.6383404E-6,19.445452,0.005116526,0.20322075,0.0011509733,0.038630016,0.002076478,0.42289412,0.03507599,0.7058327,0.006717417,0.048002042,0.0064524356,0.1863363,0.053169798,null,null,null,null,"TWOGAUSSIANS",8,1.1335322,0.20322075,0.0011509733,0.2163281,0.011628277,0.4228941,0.03507601,0.7058327,0.006717417,0.26881143,0.03613364,0.18633626,0.053169835
375316653866487564,2097045613660745856,0.40606686,2332.671008094703,0.016299324695127324,3.4557004E-5,18.024729,0.010000185,0.1554778,0.018165313,0.08123246,0.021400033,0.11445677,0.033969205,0.62832445,0.011517803,0.097466476,0.021688279,0.122607246,0.014233366,null,null,null,null,"TWOGAUSSIANS",8,25.77609,0.62832445,0.011517803,0.4,0.0,0.11955642,0.015737057,0.1554778,0.018168902,0.4,0.0032883205,0.111406945,0.03577272
375316653866487564,2097048366740005504,0.618,2230.3845219598816,3.4943016378945004,5.010227E-6,16.683905,0.027893318,0.18356237,0.0012780715,0.04768372,0.008401906,0.19906004,0.062351607,0.67571235,0.0019834237,0.05052042,0.01619315,0.24630246,0.03754781,0.09338674,0.034599807,0.18356237,0.0012780715,"TWOGAUSSIANS_WITH_ELLIPSOIDAL_ON_ECLIPSE1",9,8.206029,0.6767523,0.0017000309,0.28291434,0.090681635,0.43268025,0.070468076,0.18356237,0.0012780715,0.26702884,0.047050674,0.38583174,0.017148945
375316653866487564,2097069424959117952,0.4505081,2208.4404474105013,0.19391320369959866,6.0618062E-5,18.734402,0.0041404073,0.23136485,0.007730033,0.03877401,0.010577981,0.0977682,0.08117565,0.8240427,0.0075661507,0.016698018,0.008009161,0.08256647,0.11907856,0.037901435,0.005224127,0.23136485,0.007730033,"TWOGAUSSIANS_WITH_ELLIPSOIDAL_ON_ECLIPSE1",9,2.9166224,0.23136485,0.007730033,0.21713445,0.059236698,0.17357104,0.07963765,0.8240427,0.0075661507,0.0935089,0.0448513,0.13544257,0.12222832
375316653866487564,2097069768556604288,0.52125067,2212.1870178712943,3.1728129806349723,1.2683587E-5,18.848068,0.016251653,0.2709294,0.009591933,0.08614626,0.011959239,0.33958283,0.032479785,0.77657056,0.0036687395,0.08638802,0.008153033,0.3547827,0.020078002,null,null,null,null,"TWOGAUSSIANS",8,3.5543134,0.77657056,0.0036687395,0.4,0.0,0.3453105,0.02074935,0.2709294,0.009591933,0.4,0.0,0.33011064,0.031788398
375316653866487564,2097074583221417344,0.5499323,2193.2408060334274,4.321367199175941,8.773027E-5,16.629677,0.0034752737,0.80849105,0.06575953,0.07188912,0.059506167,0.022113549,0.008590638,0.66374755,0.03545329,0.02812867,0.010390695,1.3673195,1.2470732,null,null,null,null,"TWOGAUSSIANS",8,23.653023,0.66379756,0.035409577,0.15752055,0.058187895,1.3702346,1.2498614,0.808381,0.20544818,0.4,0.26906744,0.022116004,2.453778
375316653866487564,2097074613279878784,0.6529175,2201.9141625471398,2.893089341609392,5.058905E-6,16.680553,0.019237049,0.2636444,0.005433857,0.065081276,0.0087350225,0.40473711,0.039939284,0.7568264,0.0022393793,0.05780539,0.004294589,0.48504773,0.036936797,0.07776535,0.022680867,0.2636444,0.005433857,"TWOGAUSSIANS_WITH_ELLIPSOIDAL_ON_ECLIPSE1",9,13.147811,0.7573564,0.0019059198,0.32371017,0.024049701,0.64004296,0.020311011,0.2636444,0.005433857,0.36445513,0.04412968,0.55999535,0.016285436
375316653866487564,2097078775108092160,0.5423379,2248.8407469763783,0.793793307733446,3.778579E-5,13.05484,5.6144333E-4,0.7956886,5.705453E-4,0.017934587,0.004864789,0.08190483,0.002752622,null,null,null,null,null,null,0.0056895684,9.453039E-4,0.7956886,5.705453E-4,"ONEGAUSSIAN_WITH_ELLIPSOIDAL",6,21.157421,0.7956886,5.705453E-4,0.100433685,0.027242817,0.09328396,0.0024922227,null,null,null,null,null,null
375316653866487564,2097080145199337728,0.620084,2223.6980588868746,3.107651784542223,5.0431327E-6,18.590826,0.018617604,0.24566206,0.0016376805,0.05199703,0.004369222,0.4551666,0.042155452,0.74649614,0.0055990787,0.053462204,0.0059500607,0.3227641,0.054463267,0.115118586,0.026677866,0.24566206,0.0016376805,"TWOGAUSSIANS_WITH_ELLIPSOIDAL_ON_ECLIPSE1",9,2.8195431,0.24566206,0.0016376805,0.29118335,0.024467645,0.6853938,0.030675987,0.74649614,0.005421924,0.29938835,0.03332034,0.552985,0.02956861
375316653866487564,2097094095254121088,0.5992337,2232.7392674632765,2.1219636353766913,1.0917936E-6,17.93778,0.0028044898,0.41367722,4.9243885E-4,0.01967512,3.186713E-4,0.48374036,0.008209493,0.68129724,6.512073E-7,0.0011560605,4.8258953E-6,3.9276705,0.0421281,null,null,null,null,"TWOGAUSSIANS",8,5.8652477,0.68129724,6.512073E-7,0.0064739385,2.7025015E-5,3.9276705,0.0421281,0.41367722,4.9243885E-4,0.110180676,0.0017845592,0.48374036,0.008209493
375316653866487564,2097096569152979200,0.52186,2264.568379037153,4.402467112258522,1.8658164E-5,18.113384,0.02436348,0.20551334,0.0062357103,0.11380782,0.019760022,0.16627163,0.022529438,0.7104163,0.0073853214,0.09043384,0.01050146,0.2659014,0.026510205,null,null,null,null,"TWOGAUSSIANS",8,5.4422235,0.7104163,0.007384181,0.4,0.0,0.24698944,0.015880039,0.20551334,0.0062357103,0.4,0.0,0.14733806,0.014862227
375316653866487564,2097102208450392960,0.47682065,2192.114421571995,2.0479109862586764,2.0618349E-5,17.398487,0.0057284976,0.2344039,0.030717647,0.034621604,0.023930805,0.27530947,0.14290121,0.73311114,0.003288963,0.034336213,0.0035987392,0.1630048,0.009413343,null,null,null,null,"TWOGAUSSIANS",8,18.129349,0.2344039,0.030717647,0.19388099,0.1340125,0.27530947,0.14290123,0.73311114,0.003288963,0.1922828,0.02015294,0.1630048,0.009413341
375316653866487564,2097103479760459008,0.5108522,2245.440987959146,3.1211255999850955,1.3492428E-5,17.6555,0.0037241029,0.15336956,0.00363897,0.035389148,0.01748129,0.049825672,0.01811745,null,null,null,null,null,null,0.10142873,0.006427771,0.15336956,0.00363897,"ONEGAUSSIAN_WITH_ELLIPSOIDAL",6,11.214574,0.15336956,0.00363897,0.19817922,0.09789522,0.25268313,0.016072512,null,null,null,null,null,null
375316653866487564,2097121411245827072,0.5591017,2224.1982770788263,1.0592448094253188,9.2041355E-6,18.968355,0.0044227936,0.31159857,0.0019783424,0.019760124,0.002251896,0.46131027,0.048651833,0.81289923,0.0012475961,0.018418951,0.0012154344,0.7488539,0.014807652,null,null,null,null,"TWOGAUSSIANS",8,3.66939,0.81289923,0.0012475961,0.10314613,0.0068064327,0.7488539,0.014807652,0.31159857,0.0019783424,0.11065669,0.012610618,0.46131027,0.048651833
375316653866487564,2097137186663091200,0.49810132,2222.754668424026,2.9385235372498286,1.4967779E-5,17.089874,0.012519634,0.2156018,0.0059437715,0.086752474,0.00622926,0.31588036,0.019872166,0.71302015,0.00422279,0.06498721,0.007024991,0.3549558,0.020922415,null,null,null,null,"TWOGAUSSIANS",8,48.12805,0.71302015,0.00422279,0.36392838,0.03933995,0.3522345,0.021438608,0.2156018,0.0059437715,0.4,0.0,0.31315902,0.019497449
375316653866487564,2097139901082540288,0.55036455,2238.9399777344192,1.265280172784142,5.880408E-6,12.98633,0.0029226725,0.28786093,0.0016127961,0.033813182,0.0018008781,0.30636308,0.009719038,0.78435946,9.5206476E-4,0.03347675,0.0012809339,0.35756266,0.0049056523,null,null,null,null,"TWOGAUSSIANS",8,340.5294,0.78435946,9.5206476E-4,0.18746981,0.0071732295,0.35756266,0.0049056523,0.28786093,0.0016127961,0.18935381,0.010084917,0.30636308,0.009719038
375316653866487564,2097153301380334976,0.46646583,2272.8501390295055,3.0956788841810035,4.132997E-5,18.378735,0.5063328,0.19144326,0.015097984,0.17991336,0.088696055,0.48872116,0.46495402,0.68183887,0.07872574,0.18882294,0.18631913,0.31269965,0.4465748,null,null,null,null,"TWOGAUSSIANS",8,11.004227,0.19399327,0.010843416,0.4,0.0,0.21792345,0.022164747,0.68183887,0.07872574,0.4,0.01731674,0.043697175,0.036082
375316653866487564,2097160620004767104,0.56907064,2270.3313811792127,0.4135892424929212,9.218474E-5,16.951967,0.010780712,0.2798539,0.03186572,0.01547411,0.013329313,0.7674811,0.96551484,0.7608425,0.016918954,0.010270213,0.0095206145,0.72547305,6.1780531E8,0.027433772,0.016563933,0.7608425,0.016918954,"TWOGAUSSIANS_WITH_ELLIPSOIDAL_ON_ECLIPSE2",9,75.79645,0.27982393,0.031815954,0.08665501,0.074644156,0.8215704,0.95667547,0.7608425,0.016918954,0.057513192,0.053315442,0.7803405,6.1780531E8
