Gaia/vari_eclipsing_binary/VariEclipsingBinary_227940-228009.csv
# %ECSV 1.0
# ---
# delimiter: ','
# meta: !!omap
# - RELEASE: Gaia DR3
# - TABLE: vari_eclipsing_binary
# - DESCRIPTION: >
#     This table describes the properties of the eclipsing binaries resulting from the variability analysis. 
# - CITATION: >
#     How to cite and acknowledge Gaia: 
#     https://gea.esac.esa.int/archive/documentation/credits.html 
# - KNOWN_ISSUES: >
#     Known issues: 
#     https://www.cosmos.esa.int/web/gaia-users/known-issues 
# - DOCUMENTATION: >
#     Tutorials and documentation: 
#     https://www.cosmos.esa.int/web/gaia-users/archive 
# datatype:
# - 
#   name: solution_id
#   datatype: int64
#   description: Solution Identifier
#   meta:
#     ucd: meta.version
# - 
#   name: source_id
#   datatype: int64
#   description: Unique source identifier
#   meta:
#     ucd: meta.id;meta.main
# - 
#   name: global_ranking
#   datatype: float32
#   description: Number between 0 (worst) and 1 (best)
#   meta:
#     ucd: stat.param
# - 
#   name: reference_time
#   datatype: float64
#   unit: d
#   description: Reference time used for the geometric model fit
#   meta:
#     ucd: time.epoch
# - 
#   name: frequency
#   datatype: float64
#   unit: d**-1
#   description: Frequency of geometric model of the eclipsing binary light curve
#   meta:
#     ucd: src.orbital
# - 
#   name: frequency_error
#   datatype: float32
#   unit: d**-1
#   description: "Uncertainty of \\texttt{frequency}"
#   meta:
#     ucd: stat.error
# - 
#   name: geom_model_reference_level
#   datatype: float32
#   unit: mag
#   description: Magnitude reference level of geometric model
#   meta:
#     ucd: phot.mag;em.opt
# - 
#   name: geom_model_reference_level_error
#   datatype: float32
#   unit: mag
#   description: "Uncertainty of \\texttt{geomModelReferenceLevel}"
#   meta:
#     ucd: stat.error;phot.mag;em.opt
# - 
#   name: geom_model_gaussian1_phase
#   datatype: float32
#   description: Phase of the Gaussian 1 component
#   meta:
#     ucd: time.phase
# - 
#   name: geom_model_gaussian1_phase_error
#   datatype: float32
#   description: "Uncertainty of \\texttt{geomModelGaussian1Phase}"
#   meta:
#     ucd: stat.error;time.phase
# - 
#   name: geom_model_gaussian1_sigma
#   datatype: float32
#   description: "Standard deviation [phase] of Gaussian 1 component"
#   meta:
#     ucd: stat.stdev
# - 
#   name: geom_model_gaussian1_sigma_error
#   datatype: float32
#   description: "Uncertainty of \\texttt{geomModelGaussian1Sigma}"
#   meta:
#     ucd: stat.error
# - 
#   name: geom_model_gaussian1_depth
#   datatype: float32
#   unit: mag
#   description: Magnitude depth of Gaussian 1 component
#   meta:
#     ucd: src.var.amplitude
# - 
#   name: geom_model_gaussian1_depth_error
#   datatype: float32
#   unit: mag
#   description: "Uncertainty of \\texttt{geomModelGaussian1Depth}"
#   meta:
#     ucd: stat.error;src.var.amplitude
# - 
#   name: geom_model_gaussian2_phase
#   datatype: float32
#   description: Phase of Gaussian 2 component
#   meta:
#     ucd: time.phase
# - 
#   name: geom_model_gaussian2_phase_error
#   datatype: float32
#   description: "Uncertainty of \\texttt{geomModelGaussian2Phase}"
#   meta:
#     ucd: stat.error;time.phase
# - 
#   name: geom_model_gaussian2_sigma
#   datatype: float32
[...]
#   datatype: float32
#   description: "Secondary eclipse: uncertainty of \\texttt{derivedSecondaryEclDuration}"
#   meta:
#     ucd: stat.error;time.duration
# - 
#   name: derived_secondary_ecl_depth
#   datatype: float32
#   unit: mag
#   description: "Secondary eclipse: depth"
#   meta:
#     ucd: src.var.amplitude
# - 
#   name: derived_secondary_ecl_depth_error
#   datatype: float32
#   unit: mag
#   description: "Secondary eclipse: uncertainty of \\texttt{derivedSecondaryEclDepth}"
#   meta:
#     ucd: stat.error;src.var.amplitude
solution_id,source_id,global_ranking,reference_time,frequency,frequency_error,geom_model_reference_level,geom_model_reference_level_error,geom_model_gaussian1_phase,geom_model_gaussian1_phase_error,geom_model_gaussian1_sigma,geom_model_gaussian1_sigma_error,geom_model_gaussian1_depth,geom_model_gaussian1_depth_error,geom_model_gaussian2_phase,geom_model_gaussian2_phase_error,geom_model_gaussian2_sigma,geom_model_gaussian2_sigma_error,geom_model_gaussian2_depth,geom_model_gaussian2_depth_error,geom_model_cosine_half_period_amplitude,geom_model_cosine_half_period_amplitude_error,geom_model_cosine_half_period_phase,geom_model_cosine_half_period_phase_error,model_type,num_model_parameters,reduced_chi2,derived_primary_ecl_phase,derived_primary_ecl_phase_error,derived_primary_ecl_duration,derived_primary_ecl_duration_error,derived_primary_ecl_depth,derived_primary_ecl_depth_error,derived_secondary_ecl_phase,derived_secondary_ecl_phase_error,derived_secondary_ecl_duration,derived_secondary_ecl_duration_error,derived_secondary_ecl_depth,derived_secondary_ecl_depth_error
[from data line 649]
375316653866487564,2005426333377755648,0.5912221,2150.993523848607,0.5301621071185811,1.115811E-5,18.512415,0.0049060136,0.2840379,7.3839957E-4,0.02387556,0.0010151655,0.57826555,0.021868,0.7875122,0.0019015637,0.028996907,0.0077610374,0.48014417,0.30002913,null,null,null,null,"TWOGAUSSIANS",8,2.4568224,0.2840379,7.3839957E-4,0.13370314,0.0056849266,0.57826555,0.021868,0.7875122,0.0019015637,0.16238268,0.04346181,0.48014417,0.30002913
375316653866487564,2005426921808242688,0.48307604,2134.9467553793847,0.13581420652427204,1.9132853E-5,16.118645,0.0128423665,0.1611326,0.002866472,0.037913576,0.0026153566,0.17017068,0.010911782,0.6101675,0.017074216,0.17833301,0.060889408,0.047982085,0.009575302,null,null,null,null,"TWOGAUSSIANS",8,9.538241,0.1613126,0.0028189758,0.21231602,0.0146459965,0.16892149,0.009553839,0.6101675,0.017074216,0.4,0.0,0.044309787,0.005516025
375316653866487564,2005427123651826304,0.5391794,2132.0188602057337,1.0871492035533394,7.3069377E-6,17.94189,0.0032706717,0.21744776,0.004186097,0.035568904,0.0043305447,0.4327245,0.044336498,0.7205593,0.0013015452,0.03795024,0.0025026773,0.17266425,0.0060792034,null,null,null,null,"TWOGAUSSIANS",8,4.2642093,0.21744776,0.004186097,0.19918588,0.024251051,0.4327245,0.044336498,0.7205593,0.0013015452,0.21252134,0.014014993,0.17266425,0.0060792034
375316653866487564,2005428330557753472,0.46166247,2149.3875076410336,2.5304159591955524,2.981174E-5,16.275522,0.011834289,0.24201493,0.008389264,0.028208569,0.0092780385,0.17581366,0.06762037,0.699769,0.009272739,0.03219251,0.030241404,0.033154376,0.19715804,0.10544458,0.01620464,0.699769,0.009272739,"TWOGAUSSIANS_WITH_ELLIPSOIDAL_ON_ECLIPSE2",9,228.43953,0.23915493,0.0076198378,0.15796798,0.051957015,0.3731477,0.07453184,0.699769,0.009272739,0.18027805,0.16935186,0.24404326,0.19699264
375316653866487564,2005428360602647680,0.5310044,2146.85319732895,2.9477575381813343,5.7198713E-6,18.72882,0.004438691,0.14774185,0.0014237724,0.044852044,0.0018664098,0.54103565,0.036362004,null,null,null,null,null,null,0.08465744,0.007674343,0.14774185,0.0014237724,"ONEGAUSSIAN_WITH_ELLIPSOIDAL",6,4.24424,0.14774185,0.0014237724,0.25117144,0.010451895,0.7103503,0.035777934,null,null,null,null,null,null
375316653866487564,2005428502356716672,0.4861516,2158.9873398266786,0.11912268640235377,8.361957E-6,14.777952,0.0024273326,0.102006756,0.0041220235,0.0143984,0.0033183924,0.33010662,0.08502815,0.8261179,0.02721579,0.040423278,0.033215024,0.026487209,0.009670181,0.009913546,0.0035308697,0.8261179,0.02721579,"TWOGAUSSIANS_WITH_ELLIPSOIDAL_ON_ECLIPSE2",9,51.091057,0.10203675,0.0041241553,0.08063104,0.018582998,0.33062693,0.08508458,0.8261179,0.02721579,0.22637036,0.18479948,0.046314135,0.009146574
375316653866487564,2005428605419282048,0.4282603,2147.9309049892327,0.07763356978206228,1.5733433E-5,17.390635,0.0031838743,0.2989307,0.0069161747,0.03844385,0.008973125,0.121080615,0.022246111,0.79162693,0.014389389,0.06394348,0.014380557,0.057967678,0.00864137,null,null,null,null,"TWOGAUSSIANS",8,4.830314,0.2989307,0.0069161747,0.21528555,0.050249502,0.12107993,0.022250224,0.79162693,0.014389389,0.35808352,0.08053112,0.057966992,0.008642244
375316653866487564,2005429326972760192,0.46893913,2126.5365153980347,3.2018447371826197,5.580291E-6,18.341156,0.030794227,0.25831375,0.0031130612,0.20964345,0.011822938,0.6462876,0.032283816,0.7546605,0.0020834515,0.16658267,0.0085954275,0.5914089,0.04544731,null,null,null,null,"TWOGAUSSIANS",8,2.5920577,0.7546605,0.0020834515,0.4,0.0,0.16296984,0.00200278,0.25957373,0.0032372535,0.4,0.0,0.15571481,0.0070651136
375316653866487564,2005430697069545984,0.530231,2135.969434342245,3.3200687832959535,7.9291885E-6,18.738647,0.00984877,0.27246454,0.004452562,0.08133075,0.0049232775,0.38212636,0.028153136,0.77556497,0.0025874127,0.07046566,0.0047591617,0.47020882,0.023327053,null,null,null,null,"TWOGAUSSIANS",8,5.254928,0.77556497,0.0025874127,0.3946077,0.021683183,0.46675742,0.023965044,0.27246454,0.004452562,0.4,0.0,0.37867495,0.02878608
375316653866487564,2005431354198464128,0.5464319,2125.1590135078523,2.958851956965723,5.730258E-6,19.079,0.01610037,0.2611777,0.0031076164,0.08796734,0.006826692,0.41613218,0.030126972,0.7712079,0.0025316614,0.08435574,0.0041940124,0.53119886,0.020962017,null,null,null,null,"TWOGAUSSIANS",8,2.3349504,0.7712079,0.0025316614,0.4,0.0,0.5194687,0.019575268,0.2611777,0.0031076164,0.4,0.0,0.404402,0.03214916
375316653866487564,2005432415056939392,0.61999696,2083.21362513335,3.219129800107632,2.948447E-6,17.953308,0.004974571,0.2950988,8.353751E-4,0.056915272,0.0024325093,0.19781704,0.011188765,0.7916807,0.0057969317,0.0496951,0.0059104166,0.18729396,0.012736984,0.058111075,0.006658092,0.2950988,8.353751E-4,"TWOGAUSSIANS_WITH_ELLIPSOIDAL_ON_ECLIPSE1",9,1.1114527,0.2950988,8.353751E-4,0.31872553,0.013622053,0.31402603,0.006048102,0.79205066,0.005253358,0.27829257,0.033098333,0.30345514,0.005004738
375316653866487564,2005433244001125632,0.53974825,2122.1844904072027,3.303196993043134,1.3805169E-5,17.061573,0.018620534,0.29956523,0.0038811532,0.05720572,0.0072355038,0.45006695,0.073134504,0.80369014,0.011104895,0.05068682,0.012671593,0.37830484,0.05067266,0.0950389,0.021580206,0.29956523,0.0038811532,"TWOGAUSSIANS_WITH_ELLIPSOIDAL_ON_ECLIPSE1",9,71.09535,0.29956523,0.0038811532,0.32035205,0.04051882,0.6401113,0.06854495,0.80369014,0.010685029,0.2838462,0.07096092,0.56822157,0.039641246
375316653866487564,2005433858166035328,0.62386054,2111.836199423194,2.7502286061275845,4.3138803E-6,17.94631,0.012789615,0.22830392,0.0013512013,0.051541172,0.0044827308,0.26435363,0.02674549,0.72680765,0.0023341882,0.05356489,0.004827853,0.27009457,0.0278054,0.11684687,0.016311865,0.22830392,0.0013512013,"TWOGAUSSIANS_WITH_ELLIPSOIDAL_ON_ECLIPSE1",9,3.876364,0.7270577,0.0019155914,0.29996338,0.027035978,0.5037635,0.012489868,0.22830392,0.0013512013,0.28863055,0.025103293,0.49803984,0.008844852
375316653866487564,2005433926885501824,0.5573568,2126.532328412263,2.8719867650767625,1.0928397E-5,17.884827,0.008384751,0.1758236,0.0025962323,0.06261573,0.002685261,0.45249504,0.016996711,0.6788805,0.0037769596,0.075102895,0.0034385552,0.56302565,0.031386804,null,null,null,null,"TWOGAUSSIANS",8,14.476583,0.6788805,0.0037769596,0.4,0.0,0.56173956,0.031449728,0.1758236,0.0025962323,0.3506481,0.015037461,0.45120895,0.016949486
375316653866487564,2005434029964723072,0.42532563,2094.260773352641,1.2505524128008376,5.0533945E-5,18.882376,0.00991686,0.22598283,0.04186529,0.056758862,0.033673175,0.1322907,0.046022773,0.70443445,0.007342324,0.07504369,0.009732779,0.12719624,0.013671276,null,null,null,null,"TWOGAUSSIANS",8,7.695538,0.22598283,0.04186529,0.31784964,0.18856978,0.1321888,0.04606813,0.70443445,0.007342324,0.4,5.2921276E-4,0.12709431,0.013599174
375316653866487564,2005435511727506048,0.56626606,2110.344855775507,3.0796949218303737,4.929537E-6,16.885546,0.0023942466,0.25767225,0.0020588813,0.07071565,0.0025586013,0.13043454,0.004872513,0.76104736,0.0025608928,0.079989836,0.0037772227,0.11782148,0.0034928313,null,null,null,null,"TWOGAUSSIANS",8,2.3930013,0.25767225,0.0020588813,0.39600763,0.012788985,0.12950279,0.0048982645,0.76104736,0.0025608928,0.4,0.0,0.116889715,0.0034757976
375316653866487564,2005436233281993216,0.45128173,2069.0586782342048,3.0506632062293195,3.059457E-5,19.261133,0.028509427,0.2440456,0.0075370003,0.06296637,0.011806005,0.45034522,0.027939975,0.7237424,0.014271064,0.07195265,0.020753505,0.38671744,0.067812234,null,null,null,null,"TWOGAUSSIANS",8,11.952306,0.2440456,0.0075370003,0.3526117,0.06611363,0.44985685,0.027069991,0.7237424,0.014271064,0.4,0.07416786,0.38622907,0.068971306
375316653866487564,2005436675664837888,0.49945217,2109.6447605369576,0.4920899793278148,6.831953E-5,18.37321,0.0017909181,0.23226711,0.01060091,0.023281885,0.01014642,0.15993878,1.0083381,0.72714126,0.011254589,0.032866724,0.007533135,0.1577867,0.02825794,null,null,null,null,"TWOGAUSSIANS",8,1.2992246,0.23226711,0.01060091,0.13037856,0.056819953,0.15993878,1.0083381,0.72714126,0.011254589,0.18405364,0.042185556,0.1577867,0.02825794
375316653866487564,2005436881823040768,0.507829,2115.023019264423,0.48761794908572326,8.3258856E-5,17.982546,0.0028122803,0.48174807,0.0010414565,0.0038293367,3.3812865E-4,1.0333072,0.2475953,0.6892667,0.025094576,0.03086877,0.010821258,0.019556373,0.008774204,null,null,null,null,"TWOGAUSSIANS",8,4.778613,0.48174807,0.0010414565,0.021444285,0.0018935205,1.0333072,0.2475953,0.6892667,0.025094576,0.17286512,0.060599044,0.019556373,0.008774204
375316653866487564,2005436950542663040,0.51215285,2104.602621491789,4.741540786424739,5.349879E-6,18.438267,0.003784525,0.36173373,0.0064794184,0.017568342,0.0022088569,0.63724124,0.16388716,0.83309704,0.0042545586,0.0196131,0.004363601,0.5003565,1.2089136,null,null,null,null,"TWOGAUSSIANS",8,5.583301,0.36173373,0.0064794184,0.09838272,0.012369599,0.63724124,0.16388716,0.83309704,0.0042545586,0.10983336,0.024436167,0.5003565,1.2089136
375316653866487564,2005436989212323456,0.5417959,2099.398650085848,0.34363814083572286,1.2911221E-5,15.43739,5.366213E-4,0.21908216,0.0033510383,0.016297046,0.0059910985,0.055614565,0.08179732,0.7175408,0.0015145461,0.017844098,8.593168E-4,0.07971755,0.0049599567,0.007299252,9.139705E-4,0.21908216,0.0033510383,"TWOGAUSSIANS_WITH_ELLIPSOIDAL_ON_ECLIPSE1",9,3.4153209,0.7175508,0.0015024627,0.09992695,0.004812174,0.09431468,0.0051099285,0.21908216,0.0033510383,0.09126345,0.03355015,0.07021306,0.081599794
375316653866487564,2005437332809953536,0.59645855,2084.3358128870022,2.0098807139717665,5.452223E-6,16.54834,0.003936027,0.20615864,0.008269345,0.061575565,0.0072705215,0.20485076,0.025718188,0.6990894,0.0013512158,0.03619145,0.0012337959,0.7399737,0.030492945,null,null,null,null,"TWOGAUSSIANS",8,45.38555,0.6990894,0.0013512158,0.20267211,0.0069092573,0.73997283,0.030493058,0.20615864,0.008269345,0.34482318,0.04071492,0.20484985,0.025719265
375316653866487564,2005437878255644288,0.4668952,2098.24357092135,1.8443904193715912,5.3335675E-6,19.153072,0.005088188,0.3687136,0.003664767,0.04034348,0.003252632,0.23993108,0.039290175,0.90080047,0.006834902,0.032840993,0.006632622,0.11940325,0.029081251,null,null,null,null,"TWOGAUSSIANS",8,2.3086395,0.3687136,0.003664767,0.22592348,0.01821474,0.23993108,0.039290175,0.90080047,0.006834902,0.18390957,0.037142683,0.11940325,0.029081251
375316653866487564,2005437946975132032,0.5046688,2102.2242778864484,1.1062106620543275,7.967208E-5,18.009806,0.0039896965,0.26401994,0.0033556467,0.017912941,0.0036309739,0.5199377,0.2852121,0.73330635,0.012630607,0.019580387,0.015415433,0.25384513,1.7126321,0.011159206,0.006188075,0.26401994,0.0033556467,"TWOGAUSSIANS_WITH_ELLIPSOIDAL_ON_ECLIPSE1",9,12.021596,0.26401994,0.0033556467,0.10031247,0.020333454,0.5422561,0.28660384,0.73338634,0.012405458,0.10965017,0.08632643,0.27534473,1.7115701
375316653866487564,2005437981334872576,0.5746578,2109.842908303388,1.3578518683228062,9.142138E-6,17.582945,0.010900735,0.28592283,0.0057321475,0.1067292,0.011003246,0.18757886,0.011189466,0.7868108,0.0022990387,0.089419596,0.004974093,0.25571522,0.009838286,null,null,null,null,"TWOGAUSSIANS",8,3.1130936,0.7868108,0.0022990387,0.4,0.0,0.23929408,0.0056728837,0.28592283,0.0057321475,0.4,0.0,0.17115135,0.008991529
375316653866487564,2005438599808907520,0.5027282,2121.740639963892,0.09648989377032129,3.1287458E-5,18.279305,0.0025161188,0.3105321,9.212939E-4,0.0052459966,8.957281E-4,0.23573434,0.05147941,0.6060513,0.010141963,0.04006169,0.0133119,0.029885927,0.010827802,0.0143346,0.0033976065,0.3105321,9.212939E-4,"TWOGAUSSIANS_WITH_ELLIPSOIDAL_ON_ECLIPSE1",9,2.2179809,0.3105321,9.212939E-4,0.029377582,0.005016078,0.26440328,0.051791508,0.61194134,0.010763936,0.22434546,0.07454664,0.032453097,0.0108762495
375316653866487564,2005439153876576768,0.6049227,2113.494400992081,3.1836789619155637,2.2225915E-6,15.6924,0.0073090815,0.24899411,8.609998E-4,0.04174192,0.0012367716,0.9218343,0.027630089,0.7441252,0.0036587082,0.04156234,0.0039729467,0.33355564,0.032663003,0.045279432,0.013567081,0.7441252,0.0036587082,"TWOGAUSSIANS_WITH_ELLIPSOIDAL_ON_ECLIPSE2",9,105.446335,0.24893412,8.405111E-4,0.23375475,0.006925921,1.0123094,0.029144917,0.7441252,0.0036587082,0.23274912,0.022248503,0.42411444,0.03075689
375316653866487564,2005439394380721280,0.46057424,2109.310490909729,0.03881761370568685,9.790942E-5,19.650888,0.006018398,0.46762338,0.016390672,0.032617476,0.029092835,0.17037606,333.31198,0.8045149,0.011228806,0.0285278,0.0028209768,0.75774294,0.46219015,null,null,null,null,"TWOGAUSSIANS",8,2.8058407,0.8045149,0.011228806,0.15975568,0.01579747,0.75774294,0.46219015,0.46762338,0.016390672,0.18265787,0.16291988,0.17037606,333.31198
375316653866487564,2005440386509214208,0.49473855,2130.64404417387,2.4940514633923976,1.4861489E-5,18.245352,0.016964063,0.25738388,0.0064428654,0.11127137,0.014730483,0.16978662,0.015616623,0.7469433,0.006089577,0.09396549,0.012530398,0.19472623,0.016980533,null,null,null,null,"TWOGAUSSIANS",8,3.887944,0.7469433,0.006089577,0.4,0.0,0.17842999,0.015709782,0.25738388,0.0064428654,0.4,0.0,0.1534755,0.011007678
375316653866487564,2005440734424758272,0.7028408,2130.8733171738468,0.7465233613426165,1.9075053E-6,16.71061,0.0021168357,0.26213768,4.382971E-4,0.029241836,4.3287198E-4,0.54577786,0.0068755024,0.7603371,4.3240012E-4,0.028805304,9.273874E-4,0.54328614,0.015472689,0.015762884,0.0029786362,0.26213768,4.382971E-4,"TWOGAUSSIANS_WITH_ELLIPSOIDAL_ON_ECLIPSE1",9,2.0477633,0.26213768,4.382971E-4,0.16375428,0.0024240832,0.5773036,0.0053050793,0.76034707,4.3240012E-4,0.1613097,0.0051933695,0.5748079,0.017262267
375316653866487564,2005440734424759040,0.5052996,2107.22055887429,0.3830514728078071,4.456556E-5,14.140215,0.0013230562,0.3623161,0.003776945,0.038302016,0.002697444,0.14088953,0.0067809513,0.7420084,0.0122146895,0.022600029,0.007393758,0.012792774,0.00467185,0.0022962547,0.0015784109,0.7420084,0.0122146895,"TWOGAUSSIANS_WITH_ELLIPSOIDAL_ON_ECLIPSE2",9,50.602066,0.3620161,0.0037367104,0.2144913,0.015105687,0.14332542,0.0069043324,0.7420084,0.0122146895,0.12656017,0.041405044,0.017385282,0.0044812737
375316653866487564,2005441352886606080,0.52123815,2113.086069986742,1.8926526363665284,9.771893E-6,19.390312,0.00871375,0.22869155,0.0027674886,0.046466,0.0046685226,0.6925143,0.074577294,0.72810245,0.0031139108,0.05274041,0.0051140324,0.73288757,0.081066325,null,null,null,null,"TWOGAUSSIANS",8,4.3692265,0.72810245,0.0031139108,0.2953463,0.028638583,0.73288333,0.081071824,0.22869155,0.0027674886,0.26020962,0.026143728,0.69251007,0.074584275
375316653866487564,2005441589100216960,0.45066616,2109.527051800438,1.837013463969557,7.5346775E-6,17.356655,0.0021658828,0.124542765,0.0032544578,0.027164625,0.0032148347,0.07250439,0.0065656714,0.6237384,0.003206429,0.038540445,0.0055503934,0.062492866,0.01791599,null,null,null,null,"TWOGAUSSIANS",8,4.2133546,0.124542765,0.0032544578,0.1521219,0.018003074,0.07250439,0.0065656714,0.6237384,0.003206429,0.21582648,0.031082204,0.062492866,0.01791599
375316653866487564,2005442796009372800,0.6009504,2134.3974250799924,0.4902454571547428,1.9567278E-6,16.85005,0.0020998307,0.34978786,0.0010966783,0.024259938,8.177709E-4,0.48646754,0.006575007,0.84666836,6.912649E-4,0.024050286,8.271715E-4,0.50252557,0.029155022,null,null,null,null,"TWOGAUSSIANS",8,10.176004,0.84666836,6.912649E-4,0.13468161,0.0046321605,0.50252557,0.029155022,0.34978786,0.0010966783,0.13585564,0.004579517,0.48646754,0.006575007
