Gaia/vari_eclipsing_binary/VariEclipsingBinary_485032-485128.csv
# %ECSV 1.0
# ---
# delimiter: ','
# meta: !!omap
# - RELEASE: Gaia DR3
# - TABLE: vari_eclipsing_binary
# - DESCRIPTION: >
#     This table describes the properties of the eclipsing binaries resulting from the variability analysis. 
# - CITATION: >
#     How to cite and acknowledge Gaia: 
#     https://gea.esac.esa.int/archive/documentation/credits.html 
# - KNOWN_ISSUES: >
#     Known issues: 
#     https://www.cosmos.esa.int/web/gaia-users/known-issues 
# - DOCUMENTATION: >
#     Tutorials and documentation: 
#     https://www.cosmos.esa.int/web/gaia-users/archive 
# datatype:
# - 
#   name: solution_id
#   datatype: int64
#   description: Solution Identifier
#   meta:
#     ucd: meta.version
# - 
#   name: source_id
#   datatype: int64
#   description: Unique source identifier
#   meta:
#     ucd: meta.id;meta.main
# - 
#   name: global_ranking
#   datatype: float32
#   description: Number between 0 (worst) and 1 (best)
#   meta:
#     ucd: stat.param
# - 
#   name: reference_time
#   datatype: float64
#   unit: d
#   description: Reference time used for the geometric model fit
#   meta:
#     ucd: time.epoch
# - 
#   name: frequency
#   datatype: float64
#   unit: d**-1
#   description: Frequency of geometric model of the eclipsing binary light curve
#   meta:
#     ucd: src.orbital
# - 
#   name: frequency_error
#   datatype: float32
#   unit: d**-1
#   description: "Uncertainty of \\texttt{frequency}"
#   meta:
#     ucd: stat.error
# - 
#   name: geom_model_reference_level
#   datatype: float32
#   unit: mag
#   description: Magnitude reference level of geometric model
#   meta:
#     ucd: phot.mag;em.opt
# - 
#   name: geom_model_reference_level_error
#   datatype: float32
#   unit: mag
#   description: "Uncertainty of \\texttt{geomModelReferenceLevel}"
#   meta:
#     ucd: stat.error;phot.mag;em.opt
# - 
#   name: geom_model_gaussian1_phase
#   datatype: float32
#   description: Phase of the Gaussian 1 component
#   meta:
#     ucd: time.phase
# - 
#   name: geom_model_gaussian1_phase_error
#   datatype: float32
#   description: "Uncertainty of \\texttt{geomModelGaussian1Phase}"
#   meta:
#     ucd: stat.error;time.phase
# - 
#   name: geom_model_gaussian1_sigma
#   datatype: float32
#   description: "Standard deviation [phase] of Gaussian 1 component"
#   meta:
#     ucd: stat.stdev
# - 
#   name: geom_model_gaussian1_sigma_error
#   datatype: float32
#   description: "Uncertainty of \\texttt{geomModelGaussian1Sigma}"
#   meta:
#     ucd: stat.error
# - 
#   name: geom_model_gaussian1_depth
#   datatype: float32
#   unit: mag
#   description: Magnitude depth of Gaussian 1 component
#   meta:
#     ucd: src.var.amplitude
# - 
#   name: geom_model_gaussian1_depth_error
#   datatype: float32
#   unit: mag
#   description: "Uncertainty of \\texttt{geomModelGaussian1Depth}"
#   meta:
#     ucd: stat.error;src.var.amplitude
# - 
#   name: geom_model_gaussian2_phase
#   datatype: float32
#   description: Phase of Gaussian 2 component
#   meta:
#     ucd: time.phase
# - 
#   name: geom_model_gaussian2_phase_error
#   datatype: float32
#   description: "Uncertainty of \\texttt{geomModelGaussian2Phase}"
#   meta:
#     ucd: stat.error;time.phase
# - 
#   name: geom_model_gaussian2_sigma
#   datatype: float32
[...]
#   datatype: float32
#   description: "Secondary eclipse: uncertainty of \\texttt{derivedSecondaryEclDuration}"
#   meta:
#     ucd: stat.error;time.duration
# - 
#   name: derived_secondary_ecl_depth
#   datatype: float32
#   unit: mag
#   description: "Secondary eclipse: depth"
#   meta:
#     ucd: src.var.amplitude
# - 
#   name: derived_secondary_ecl_depth_error
#   datatype: float32
#   unit: mag
#   description: "Secondary eclipse: uncertainty of \\texttt{derivedSecondaryEclDepth}"
#   meta:
#     ucd: stat.error;src.var.amplitude
solution_id,source_id,global_ranking,reference_time,frequency,frequency_error,geom_model_reference_level,geom_model_reference_level_error,geom_model_gaussian1_phase,geom_model_gaussian1_phase_error,geom_model_gaussian1_sigma,geom_model_gaussian1_sigma_error,geom_model_gaussian1_depth,geom_model_gaussian1_depth_error,geom_model_gaussian2_phase,geom_model_gaussian2_phase_error,geom_model_gaussian2_sigma,geom_model_gaussian2_sigma_error,geom_model_gaussian2_depth,geom_model_gaussian2_depth_error,geom_model_cosine_half_period_amplitude,geom_model_cosine_half_period_amplitude_error,geom_model_cosine_half_period_phase,geom_model_cosine_half_period_phase_error,model_type,num_model_parameters,reduced_chi2,derived_primary_ecl_phase,derived_primary_ecl_phase_error,derived_primary_ecl_duration,derived_primary_ecl_duration_error,derived_primary_ecl_depth,derived_primary_ecl_depth_error,derived_secondary_ecl_phase,derived_secondary_ecl_phase_error,derived_secondary_ecl_duration,derived_secondary_ecl_duration_error,derived_secondary_ecl_depth,derived_secondary_ecl_depth_error
375316653866487564,4266387071796738176,0.6043106,2113.458006148746,0.5651027554704436,3.8260496E-5,19.675219,0.007955562,0.36234802,0.004573774,0.056655318,0.0033925844,0.5217517,0.077853024,0.6455606,0.010043522,0.033039797,0.01681654,0.08597178,1.1257639,null,null,null,null,"TWOGAUSSIANS",8,0.43270865,0.36234802,0.004573774,0.31726977,0.018998474,0.5217517,0.077853024,0.6455606,0.010043522,0.18502286,0.09417262,0.08597373,1.125764
375316653866487564,4266387449742058752,0.5308085,2163.412996775296,2.888760468672326,3.974438E-5,18.260382,0.015989088,0.21267274,0.01507604,0.06457115,0.008656235,0.5180248,0.081855014,0.6828283,0.0026855834,0.06218979,0.0034960853,0.7250757,0.062134977,null,null,null,null,"TWOGAUSSIANS",8,13.881072,0.6828283,0.0026855834,0.34826282,0.019578077,0.72487956,0.062171407,0.21267274,0.01507604,0.36159846,0.04847492,0.51782864,0.08179786
375316653866487564,4266388652333204736,0.558953,2182.77437695657,1.6063378689085885,1.0737081E-5,19.198801,0.018619537,0.28509024,0.0038199285,0.059953403,0.01131876,0.13816766,0.06285969,null,null,null,null,null,null,0.07330258,0.035112306,0.28509024,0.0038199285,"ONEGAUSSIAN_WITH_ELLIPSOIDAL",6,1.5979706,0.28509024,0.0038199285,0.33573905,0.063385054,0.28474975,0.036410123,null,null,null,null,null,null
375316653866487564,4266390542119269888,0.6550718,2214.4718438842283,0.27719601640791947,3.7200111E-6,17.52177,0.0014612963,0.47627714,0.095402375,0.09809304,0.03727437,0.0071475855,0.013455204,0.6481265,2.4393207E-4,0.017613573,3.4903397E-4,0.4566674,0.009773308,null,null,null,null,"TWOGAUSSIANS",8,1.8632576,0.6481265,2.4393207E-4,0.098636016,0.0019545902,0.458208,0.0019828293,0.47627714,0.09555584,0.4,0.0046006725,0.007147553,0.013457898
375316653866487564,4266395253704124160,0.48352465,2266.2786823047327,1.3011253994202092,8.6620734E-5,19.541039,0.017646085,0.40875414,0.059856303,0.073931135,0.07906739,0.29095873,6.303934,0.7616865,0.007241681,0.040797498,0.029568017,1.3783034,1.1142903E23,null,null,null,null,"TWOGAUSSIANS",8,4.943863,0.7616865,0.007241681,0.228466,0.16558088,1.3783066,1.1142903E23,0.40875414,0.059856303,0.4,0.26741007,0.2909586,6.303943
375316653866487564,4266398655315135232,0.5426488,2250.032879369168,2.336506167134935,1.9248022E-5,19.669975,0.021477254,0.2002569,0.0061412803,0.07470213,0.007953495,0.46891207,0.023297904,0.69793487,0.00743267,0.06503253,0.009126198,0.49315476,0.05488996,null,null,null,null,"TWOGAUSSIANS",8,2.7824664,0.69793487,0.00743267,0.36418217,0.051106706,0.49165857,0.05519928,0.2002569,0.0061412803,0.4,0.005830052,0.46741584,0.022160595
375316653866487564,4266404389099759872,0.6575884,2200.2353153376844,1.8762124615025924,1.23174505E-5,18.328617,0.005467714,0.28832215,0.0050934465,0.05011564,0.0029672731,0.5751076,0.0233261,0.78565913,7.662541E-4,0.056462757,0.0014223446,0.4265442,0.009806565,null,null,null,null,"TWOGAUSSIANS",8,1.682844,0.28832215,0.0050934465,0.28064758,0.01661673,0.5750931,0.023324478,0.78565913,7.662541E-4,0.31619143,0.00796513,0.4265297,0.009805757
375316653866487564,4266404870131454080,0.5290969,2197.4374105314564,1.6334152114652543,1.6532449E-5,19.730516,0.028456189,0.35825503,0.015176855,0.08857339,0.020364309,0.23660147,0.04883976,0.8377289,0.0026908282,0.07280204,0.004558256,0.5921489,0.028401045,null,null,null,null,"TWOGAUSSIANS",8,1.9732245,0.8377289,0.0026908282,0.4,0.0011849983,0.5882898,0.025643924,0.35825503,0.015176855,0.4,0.0,0.23274225,0.04843351
375316653866487564,4266407000440736768,0.5059205,2170.8721746582964,0.047525858859694244,1.0822204E-4,19.85371,0.021140676,0.18693228,0.019349735,0.065108836,0.086261876,0.08072864,0.08493646,0.42395446,0.0135843735,0.036903236,0.014760185,2.4929054,11.8652525,0.092240654,0.014812692,0.18693228,0.019349735,"TWOGAUSSIANS_WITH_ELLIPSOIDAL_ON_ECLIPSE1",9,2.8993556,0.42395446,0.0135843735,0.20665812,0.08265703,2.4941854,11.868809,0.18693228,0.019349735,0.36460948,0.26823097,0.2651592,0.084169105
375316653866487564,4266407687635470208,0.5290765,2228.1732883590025,1.8886508060116063,4.192437E-5,19.605318,0.022513706,0.25179034,0.009243519,0.056709386,0.0115353055,0.23919481,0.036490932,0.785725,0.016869111,0.13612981,0.06497775,0.05868049,0.024066424,null,null,null,null,"TWOGAUSSIANS",8,0.49364674,0.25174034,0.009329751,0.31757256,0.06459771,0.2361096,0.035884988,0.785725,0.016869111,0.4,0.0,0.055401232,0.022165775
375316653866487564,4266407859428880000,0.5438785,2225.1476968213697,2.4499226489801558,2.0564197E-5,19.612747,0.01264047,0.23397133,0.009828978,0.07411637,0.016999448,0.49750665,0.30019253,0.7436998,0.0034431457,0.07842055,0.007441713,0.33194357,0.024207583,null,null,null,null,"TWOGAUSSIANS",8,0.6381987,0.23397133,0.009828978,0.4,0.06609489,0.49447736,0.303062,0.7436998,0.0034431457,0.4,0.0,0.32891428,0.02485021
375316653866487564,4266408069880397696,0.5447748,2243.9786339395478,3.2166772957041587,1.568496E-5,19.834286,0.029190348,0.24635461,0.002436058,0.05926134,0.0058625713,0.65479183,0.07644182,0.72820926,0.009373106,0.06249404,0.013718201,0.6474692,0.21653338,null,null,null,null,"TWOGAUSSIANS",8,2.8065534,0.24635461,0.002436058,0.33186352,0.0328304,0.6546398,0.07671201,0.72820926,0.009373106,0.34996662,0.06344365,0.6473172,0.21736723
375316653866487564,4266408447837576064,0.5276091,2207.7025330420383,1.54561283308911,3.153503E-5,19.659353,0.017991854,0.2612399,0.00860488,0.079804376,0.012926362,0.48731357,0.06218942,0.76861787,0.0069864895,0.08060676,0.010835498,0.5267712,0.081226625,null,null,null,null,"TWOGAUSSIANS",8,1.9816782,0.76861787,0.0069864895,0.4,0.0,0.5199578,0.08632487,0.2612399,0.00860488,0.4,0.009976842,0.4805002,0.06629126
375316653866487564,4266408447848148224,0.60439676,2263.7567136655066,0.8966396167164254,1.5298872E-5,18.130136,0.010075162,0.29936862,0.010047004,0.04112123,0.044044256,0.73991656,0.5997381,0.7950313,0.006264664,0.050244946,0.006511295,0.12914784,0.009641551,null,null,null,null,"TWOGAUSSIANS",8,1.9793077,0.29936862,0.010047004,0.2302789,0.16240045,0.73991644,0.60010344,0.7950313,0.006264664,0.2813717,0.036463253,0.12914771,0.009347389
375316653866487564,4266408821500750336,0.49717486,2142.6001049953893,0.5324618671765898,1.5120797E-5,16.737854,0.009757406,0.19403365,0.03941502,0.064318575,0.01819436,0.23912917,0.21418795,0.84657574,0.0058243605,0.030437753,0.004560306,0.14860389,0.020840142,null,null,null,null,"TWOGAUSSIANS",8,21.782515,0.19403365,0.03941502,0.360184,0.08050468,0.23912917,0.21418789,0.84657574,0.0058243605,0.17045142,0.025537716,0.14860399,0.020840367
375316653866487564,4266409478628443904,0.56613743,2082.080066929781,0.030626105682426054,2.4704974E-5,19.86402,0.0152701605,0.3441912,0.01025945,0.056548715,0.02148237,0.6036602,0.4002491,0.851832,0.0012241979,0.034443516,0.004940226,1.2309407,0.47832078,null,null,null,null,"TWOGAUSSIANS",8,1.050949,0.851832,0.0012241979,0.19288369,0.027665267,1.2309403,0.4783214,0.3441912,0.01025945,0.3166728,0.12030128,0.6036599,0.4002497
375316653866487564,4266411295403183360,0.62994933,2261.9363549379523,0.1973034281829407,2.6108748E-6,18.727114,0.009074353,0.61913013,1.7807622E-5,0.0062194653,6.46749E-5,0.6932846,0.009464175,0.8442919,6.729592E-4,0.030802114,0.007765228,0.03707048,0.0066973404,null,null,null,null,"TWOGAUSSIANS",8,2.7815464,0.61913013,1.7807622E-5,0.034829006,3.6217945E-4,0.6932846,0.009464176,0.8442919,6.729592E-4,0.17249185,0.043485276,0.03707048,0.0066973404
375316653866487564,4266411712023332864,0.48583835,2223.2135664535717,0.10031837410638143,5.911918E-5,19.733398,0.011006387,0.18737672,9.5752766E-5,0.009012871,6.434885E-4,0.111814216,0.011004983,0.70387703,0.06977041,0.049531657,0.040213402,0.9162713,6.955128,null,null,null,null,"TWOGAUSSIANS",8,1.7383893,0.70387703,0.06977041,0.27737728,0.22519507,0.9162713,6.955128,0.18737672,9.5752766E-5,0.05047208,0.0036035355,0.111814216,0.011004983
375316653866487564,4266418545314661376,0.55934703,2249.646889669235,2.3052221026905775,2.7352962E-5,18.031425,0.061992034,0.18578853,0.007361897,0.09936546,0.02223898,0.22858594,0.057267122,0.6675971,0.01900179,0.11249839,0.049485788,0.19911112,0.05054739,null,null,null,null,"TWOGAUSSIANS",8,2.4135323,0.18581854,0.007040855,0.4,0.0,0.20734827,0.012195268,0.6675971,0.01900179,0.4,0.0,0.17784989,0.051581014
375316653866487564,4266419099368569600,0.61916006,2301.6926323704065,2.4193644373831473,1.7455079E-5,18.66959,0.012423479,0.28080708,0.009254352,0.07663576,0.008682539,0.59849864,0.020320525,0.7803981,0.0074882163,0.071054436,0.005547087,0.5490906,0.03437762,null,null,null,null,"TWOGAUSSIANS",8,3.4544885,0.28080708,0.009254352,0.4,0.0012459421,0.5948097,0.01979588,0.7803981,0.0074882163,0.3979048,0.020362148,0.5454017,0.03414884
375316653866487564,4266421397167531392,0.5406351,2257.014707933956,0.4929265282613662,3.8041486E-5,18.589952,0.004737322,0.19552982,0.009780299,0.029652975,0.009531597,0.27957544,0.12933262,0.7444268,0.07433502,0.017538771,0.028859548,0.23642442,0.6556302,null,null,null,null,"TWOGAUSSIANS",8,1.6292096,0.19552982,0.009780299,0.16605666,0.053376943,0.27957544,0.12933262,0.7444268,0.07433502,0.09821712,0.16161348,0.23642442,0.6556302
375316653866487564,4266425898299033984,0.5344209,2199.8969403632796,0.5247296771549389,1.8995313E-5,19.921783,0.025521137,0.24677663,0.006014837,0.05582467,0.06157495,2.0054898,1.8020624,0.75985974,0.0011452645,0.04509476,0.0031951324,2.3269053,0.35062817,null,null,null,null,"TWOGAUSSIANS",8,0.98502326,0.75985974,0.0011452645,0.25253063,0.01789274,2.326895,0.35457215,0.24677663,0.006014837,0.31261817,0.086405486,2.0054796,1.8071263
375316653866487564,4266429888318032128,0.5037512,2211.753837186716,0.093378680007647,2.5180288E-4,19.641502,0.010113944,0.31303507,0.013454207,0.11087272,0.034315385,0.15193273,0.072537735,0.88790256,5.770803E-5,0.009504772,3.0188804E-4,2.2428586,0.16543967,null,null,null,null,"TWOGAUSSIANS",8,1.2266388,0.88790256,5.770803E-5,0.05322672,0.001690573,2.2429447,0.16514847,0.31303507,0.013454207,0.4,0.0,0.15192108,0.0726233
375316653866487564,4266441158312580864,0.53670317,2249.545989919487,0.7454216993766664,2.21921E-5,18.439133,0.0058896504,0.22851864,0.0043385364,0.04454232,0.0049873632,0.35242948,0.079941966,0.7265843,0.010473234,0.043416485,0.014465951,0.4229535,0.073171854,null,null,null,null,"TWOGAUSSIANS",8,6.0987577,0.7265843,0.010473234,0.24313232,0.08100933,0.42295343,0.073174775,0.22851864,0.0043385364,0.24943699,0.027929233,0.3524294,0.07994206
375316653866487564,4266442906363907968,0.46453834,2172.878938424845,2.762996047576033,3.830234E-5,18.42987,0.004557794,null,null,null,null,null,null,null,null,null,null,null,null,0.069207504,0.005525086,0.2733248,0.007724219,"ELLIPSOIDAL",4,4.4277787,null,null,null,null,null,null,null,null,null,null,null,null
375316653866487564,4266447510569128192,0.56903666,2212.839033892929,2.004199499972972,4.872118E-6,18.078112,0.0062699085,0.26343438,0.0054875836,0.07781346,0.006010982,0.20243298,0.014900674,0.75790375,0.002455572,0.07075179,0.003354369,0.40891713,0.012077294,null,null,null,null,"TWOGAUSSIANS",8,3.6432877,0.75790375,0.002455572,0.39621004,0.016013673,0.40720037,0.012137985,0.26343438,0.0054875836,0.4,0.0,0.20071621,0.014968522
375316653866487564,4266452149134015488,0.60296136,2183.0321951883056,1.385805282500484,1.4761692E-5,18.322317,0.011373102,0.14841571,0.022824895,0.09352887,0.01883485,0.19582736,0.016782057,0.65013564,0.0038176,0.08471277,0.0056985226,0.43812752,0.014293083,null,null,null,null,"TWOGAUSSIANS",8,2.474432,0.65013564,0.0038176,0.4,0.0,0.4273701,0.013126201,0.14841571,0.022824895,0.4,0.0,0.18506971,0.009572699
375316653866487564,4266455451971332608,0.5234862,2178.105687636469,2.4942370251150807,1.9366616E-5,16.369883,0.09676512,0.326863,0.0020944977,0.20760487,0.01835329,0.70671475,0.09786191,0.8271221,0.002086334,0.16200688,0.00929858,0.6422758,0.06293347,null,null,null,null,"TWOGAUSSIANS",8,9.7565565,0.8272621,0.0023804684,0.4,0.0,0.18236211,0.0078763645,0.326793,0.002272761,0.4,0.0,0.18003596,0.0054673506
375316653866487564,4266460227967367936,0.5087607,2251.4891860251514,3.2150983047225457,3.3457713E-5,19.836155,0.011046106,0.4164958,1.595388E-5,0.0020648893,8.670506E-5,1.7539581,0.18644567,0.8333781,0.01982443,0.048265845,0.009468612,0.3956245,0.42865285,null,null,null,null,"TWOGAUSSIANS",8,1.7435918,0.4164958,1.595388E-5,0.01156338,4.8554834E-4,1.7539581,0.18644567,0.8333781,0.01982443,0.27028874,0.05302423,0.3956245,0.42865285
375316653866487564,4266463797082726784,0.5322484,2174.2296395225303,1.0836055055140352,1.7883369E-5,19.923607,0.008624472,0.2453772,1.301057E-4,0.035354942,9.43231E-4,0.69929,0.009441218,0.7989495,0.01750671,0.06352255,0.022688594,0.08736669,0.03101101,null,null,null,null,"TWOGAUSSIANS",8,0.87636477,0.2453772,1.301057E-4,0.19798768,0.0052820933,0.6992899,0.009441748,0.7989495,0.01750671,0.35572624,0.10419807,0.08736664,0.031011978
375316653866487564,4266466000403282048,0.503726,2252.9197904787143,2.5976148336488567,3.3109493E-5,19.051691,0.03030164,0.252566,0.013809874,0.09180353,0.027121611,0.23687297,0.028600598,0.73754305,0.004283783,0.08025602,0.012008127,0.30482012,0.025493093,null,null,null,null,"TWOGAUSSIANS",8,1.8975811,0.73754305,0.004283783,0.4,0.0,0.2988078,0.022010019,0.252566,0.013809874,0.4,0.0,0.23086041,0.02414736
375316653866487564,4266466962480045824,0.54884344,2253.755850566699,1.1055384192124789,1.4796647E-5,16.395216,0.017984813,0.27278733,0.024166435,0.09354075,0.02447281,0.17356724,0.02621568,0.7576837,0.008041629,0.109696604,0.01830435,0.09542002,0.019426074,null,null,null,null,"TWOGAUSSIANS",8,6.1808734,0.27279732,0.024206417,0.4,0.0,0.16361183,0.028073134,0.7576837,0.008041629,0.4,0.0,0.08545789,0.011295967
375316653866487564,4266469775675207808,0.5500956,2263.9900009152093,0.21915075422224625,1.3924412E-4,19.290207,0.008588937,0.08145504,0.0030227904,0.013737831,0.0019210087,0.30411765,0.07431085,0.39912972,0.06773466,0.045821775,0.047233365,0.4068528,14207.345,null,null,null,null,"TWOGAUSSIANS",8,1.9036313,0.39912972,0.06773466,0.25660193,0.26450685,0.4068528,14207.345,0.08145504,0.0030227904,0.07693186,0.010757649,0.30411765,0.07431085
375316653866487564,4266472180856916864,0.54461217,2233.885721803222,3.1166758020033942,2.6628466E-5,19.046953,0.013868313,0.2205622,0.00553662,0.08113211,0.0060768803,0.37496394,0.014963511,0.7189473,0.0044397474,0.072866514,0.009915387,0.33396098,0.025967976,null,null,null,null,"TWOGAUSSIANS",8,2.4160647,0.2205622,0.00553662,0.4,0.0,0.37144247,0.013081228,0.7189473,0.0044397474,0.4,0.014778154,0.3304395,0.026937688
375316653866487564,4266472597476205952,0.5317734,2241.4688762465307,2.895793711388707,3.316128E-5,18.935955,0.07954421,0.21691379,0.013156729,0.11607972,0.030266145,0.23288259,0.07811327,0.70946234,0.014257333,0.09599023,0.040491916,0.24144435,0.07528673,null,null,null,null,"TWOGAUSSIANS",8,1.2741759,0.70946234,0.014371558,0.4,0.0,0.21461062,0.0689779,0.21691379,0.013172708,0.4,0.0,0.20600437,0.01355653
375316653866487564,4266475208815881728,0.5430527,2186.37566424724,1.2034302823898682,1.2982055E-5,17.54856,0.023178237,0.32581997,0.018264687,0.08259078,0.017711816,0.28679976,0.024389248,0.8350944,0.0023016727,0.07660054,0.014238047,0.17321841,0.014547678,null,null,null,null,"TWOGAUSSIANS",8,6.6542945,0.32581997,0.018264687,0.4,0.0,0.28411132,0.017775396,0.8350944,0.0022985593,0.4,0.0,0.17052998,0.009383981
375316653866487564,4266480221034939392,0.570749,2193.862226803179,2.083228896943351,1.2067959E-5,18.5841,0.0058384337,0.301977,0.01375831,0.03449645,0.004124272,0.6699876,0.2318081,0.6977962,0.23600817,0.13820717,0.20423546,0.011082785,0.50563747,null,null,null,null,"TWOGAUSSIANS",8,2.070691,0.301987,0.013755997,0.19318011,0.023095924,0.6700914,0.2317013,0.6977962,0.23600817,0.4,0.43539792,0.01100231,0.50576556
