Gaia/vari_eclipsing_binary/VariEclipsingBinary_666758-666768.csv
# %ECSV 1.0
# ---
# delimiter: ','
# meta: !!omap
# - RELEASE: Gaia DR3
# - TABLE: vari_eclipsing_binary
# - DESCRIPTION: >
#     This table describes the properties of the eclipsing binaries resulting from the variability analysis. 
# - CITATION: >
#     How to cite and acknowledge Gaia: 
#     https://gea.esac.esa.int/archive/documentation/credits.html 
# - KNOWN_ISSUES: >
#     Known issues: 
#     https://www.cosmos.esa.int/web/gaia-users/known-issues 
# - DOCUMENTATION: >
#     Tutorials and documentation: 
#     https://www.cosmos.esa.int/web/gaia-users/archive 
# datatype:
# - 
#   name: solution_id
#   datatype: int64
#   description: Solution Identifier
#   meta:
#     ucd: meta.version
# - 
#   name: source_id
#   datatype: int64
#   description: Unique source identifier
#   meta:
#     ucd: meta.id;meta.main
# - 
#   name: global_ranking
#   datatype: float32
#   description: Number between 0 (worst) and 1 (best)
#   meta:
#     ucd: stat.param
# - 
#   name: reference_time
#   datatype: float64
#   unit: d
#   description: Reference time used for the geometric model fit
#   meta:
#     ucd: time.epoch
# - 
#   name: frequency
#   datatype: float64
#   unit: d**-1
#   description: Frequency of geometric model of the eclipsing binary light curve
#   meta:
#     ucd: src.orbital
# - 
#   name: frequency_error
#   datatype: float32
#   unit: d**-1
#   description: "Uncertainty of \\texttt{frequency}"
#   meta:
#     ucd: stat.error
# - 
#   name: geom_model_reference_level
#   datatype: float32
#   unit: mag
#   description: Magnitude reference level of geometric model
#   meta:
#     ucd: phot.mag;em.opt
# - 
#   name: geom_model_reference_level_error
#   datatype: float32
#   unit: mag
#   description: "Uncertainty of \\texttt{geomModelReferenceLevel}"
#   meta:
#     ucd: stat.error;phot.mag;em.opt
# - 
#   name: geom_model_gaussian1_phase
#   datatype: float32
#   description: Phase of the Gaussian 1 component
#   meta:
#     ucd: time.phase
# - 
#   name: geom_model_gaussian1_phase_error
#   datatype: float32
#   description: "Uncertainty of \\texttt{geomModelGaussian1Phase}"
#   meta:
#     ucd: stat.error;time.phase
# - 
#   name: geom_model_gaussian1_sigma
#   datatype: float32
#   description: "Standard deviation [phase] of Gaussian 1 component"
#   meta:
#     ucd: stat.stdev
# - 
#   name: geom_model_gaussian1_sigma_error
#   datatype: float32
#   description: "Uncertainty of \\texttt{geomModelGaussian1Sigma}"
#   meta:
#     ucd: stat.error
# - 
#   name: geom_model_gaussian1_depth
#   datatype: float32
#   unit: mag
#   description: Magnitude depth of Gaussian 1 component
#   meta:
#     ucd: src.var.amplitude
# - 
#   name: geom_model_gaussian1_depth_error
#   datatype: float32
#   unit: mag
#   description: "Uncertainty of \\texttt{geomModelGaussian1Depth}"
#   meta:
#     ucd: stat.error;src.var.amplitude
# - 
#   name: geom_model_gaussian2_phase
#   datatype: float32
#   description: Phase of Gaussian 2 component
#   meta:
#     ucd: time.phase
# - 
#   name: geom_model_gaussian2_phase_error
#   datatype: float32
#   description: "Uncertainty of \\texttt{geomModelGaussian2Phase}"
#   meta:
#     ucd: stat.error;time.phase
# - 
#   name: geom_model_gaussian2_sigma
#   datatype: float32
[...]
#   datatype: float32
#   description: "Secondary eclipse: uncertainty of \\texttt{derivedSecondaryEclDuration}"
#   meta:
#     ucd: stat.error;time.duration
# - 
#   name: derived_secondary_ecl_depth
#   datatype: float32
#   unit: mag
#   description: "Secondary eclipse: depth"
#   meta:
#     ucd: src.var.amplitude
# - 
#   name: derived_secondary_ecl_depth_error
#   datatype: float32
#   unit: mag
#   description: "Secondary eclipse: uncertainty of \\texttt{derivedSecondaryEclDepth}"
#   meta:
#     ucd: stat.error;src.var.amplitude
solution_id,source_id,global_ranking,reference_time,frequency,frequency_error,geom_model_reference_level,geom_model_reference_level_error,geom_model_gaussian1_phase,geom_model_gaussian1_phase_error,geom_model_gaussian1_sigma,geom_model_gaussian1_sigma_error,geom_model_gaussian1_depth,geom_model_gaussian1_depth_error,geom_model_gaussian2_phase,geom_model_gaussian2_phase_error,geom_model_gaussian2_sigma,geom_model_gaussian2_sigma_error,geom_model_gaussian2_depth,geom_model_gaussian2_depth_error,geom_model_cosine_half_period_amplitude,geom_model_cosine_half_period_amplitude_error,geom_model_cosine_half_period_phase,geom_model_cosine_half_period_phase_error,model_type,num_model_parameters,reduced_chi2,derived_primary_ecl_phase,derived_primary_ecl_phase_error,derived_primary_ecl_duration,derived_primary_ecl_duration_error,derived_primary_ecl_depth,derived_primary_ecl_depth_error,derived_secondary_ecl_phase,derived_secondary_ecl_phase_error,derived_secondary_ecl_duration,derived_secondary_ecl_duration_error,derived_secondary_ecl_depth,derived_secondary_ecl_depth_error
[from data line 436]
375316653866487564,5864922638996947840,0.5037465,2222.321012327668,0.22296870834015164,1.0114294E-6,18.649632,0.0040685316,0.13430528,1.8498806E-5,0.0069461036,1.2056066E-4,0.8360265,0.012179708,0.4064094,2.867714E-5,0.0050682314,1.564532E-4,0.51383114,0.021739362,null,null,null,null,"TWOGAUSSIANS",8,5.5612416,0.13430528,1.8498806E-5,0.03889818,6.751397E-4,0.8360265,0.012179708,0.4064094,2.867714E-5,0.028382096,8.7613787E-4,0.51383114,0.021739362
375316653866487564,5864922668987470848,0.5732466,2213.184062276624,2.605241836448835,6.1505502E-6,15.25713,0.11654748,0.26439238,0.0022163673,0.13759437,0.024505448,0.35861903,0.11307943,0.7643019,0.0020177492,0.12319042,0.018060172,0.3964901,0.11024709,null,null,null,null,"TWOGAUSSIANS",8,41.508244,0.7643019,0.0020373291,0.4,0.0,0.278289,0.006504465,0.26439238,0.002227623,0.4,0.0,0.23965457,0.0066642286
375316653866487564,5864922707716797312,0.45942453,2196.7572653528537,2.5917306054634177,3.156542E-5,19.52179,0.063845076,0.15367658,0.026049694,0.092758164,0.037110195,0.35841107,0.08983003,0.65837574,0.0055553983,0.097076915,0.022273099,0.44055906,0.06091374,null,null,null,null,"TWOGAUSSIANS",8,9.592989,0.65837574,0.0055553983,0.4,0.0,0.41732794,0.059690468,0.15367658,0.026049694,0.4,0.060733367,0.33518118,0.09970697
375316653866487564,5864922776488602496,0.67241085,2223.767163883359,0.1883398331231136,4.2643123E-6,13.738377,0.0029883676,0.25003323,2.813391E-4,0.03111244,7.08908E-4,0.3149914,0.0059677907,0.7495738,0.0020360455,0.029737702,0.0013279688,0.583543,0.019761553,0.013296383,0.0036627194,0.25003323,2.813391E-4,"TWOGAUSSIANS_WITH_ELLIPSOIDAL_ON_ECLIPSE1",9,104.98557,0.7495738,0.0020262673,0.16653113,0.007436625,0.61013556,0.018436385,0.25003323,2.813391E-4,0.17422965,0.003969885,0.34158418,0.00214993
375316653866487564,5864922806450581376,0.49510977,2238.928758067448,0.141404238709985,2.2936754E-5,17.24561,0.002439358,0.1534963,0.05091037,0.03104161,0.02070065,0.28030565,0.59922063,0.7670631,0.004378981,0.02888847,0.002779563,0.27801713,0.097825915,null,null,null,null,"TWOGAUSSIANS",8,7.673466,0.1534963,0.05091037,0.17383301,0.11592364,0.28030565,0.59922063,0.7670631,0.004378981,0.16177543,0.015565553,0.27801713,0.097825915
375316653866487564,5864922840786200576,0.6507778,2230.309691425156,3.5351099402889474,1.7823049E-6,16.359484,0.0049912794,0.26807156,0.0010520408,0.045803633,0.0015564007,0.5621527,0.029048499,0.76686794,0.001126654,0.040121082,0.0014363186,0.45491964,0.013829044,0.13183242,0.007492458,0.26807156,0.0010520408,"TWOGAUSSIANS_WITH_ELLIPSOIDAL_ON_ECLIPSE1",9,23.664764,0.26807156,0.0010520408,0.25650033,0.008715844,0.8258173,0.028833538,0.7669479,0.0010414755,0.22467805,0.008043384,0.71857023,0.0110509815
375316653866487564,5864922879567814656,0.58531314,2223.705408394329,2.837490114571626,5.136051E-6,18.145788,0.0077747116,0.21939738,0.0038047927,0.045009665,0.005172786,0.17146127,0.022403838,0.72572976,0.00559834,0.050846703,0.007105476,0.16528247,0.0186908,0.06835498,0.010488048,0.21939738,0.0038047927,"TWOGAUSSIANS_WITH_ELLIPSOIDAL_ON_ECLIPSE1",9,2.8322012,0.21939738,0.0038047927,0.25205413,0.0289676,0.30817068,0.011468803,0.72572976,0.00559834,0.28474152,0.039790668,0.30177557,0.008637373
375316653866487564,5864922879567815296,0.56626093,2206.2976583007553,0.21120216243382048,5.9633476E-6,14.936582,5.135869E-4,0.22480142,0.0010859552,0.013156082,7.35787E-4,0.08634467,0.00590652,0.7221459,0.011873207,0.012017106,0.0049569793,0.080662824,0.04857068,0.004345958,6.9202407E-4,0.22480142,0.0010859552,"TWOGAUSSIANS_WITH_ELLIPSOIDAL_ON_ECLIPSE1",9,4.081819,0.22480142,0.0010859552,0.07367406,0.0041204067,0.09503657,0.0059993886,0.7221459,0.011854057,0.06729579,0.027759083,0.08935231,0.048524737
375316653866487564,5864922913927550208,0.55149174,2206.849548386419,1.5824433748272806,4.192585E-6,15.95233,0.013939124,0.23238906,0.0016843637,0.07887982,0.004397791,0.40766054,0.013463441,0.74987274,0.0021031399,0.08659521,0.00494265,0.3562507,0.013487274,null,null,null,null,"TWOGAUSSIANS",8,79.67301,0.23238906,0.0016843637,0.4,0.0,0.40195566,0.012689257,0.74987274,0.0021031399,0.4,0.0,0.35054576,0.012139188
375316653866487564,5864923120033864192,0.41633594,2191.470064330352,0.48743762012399955,4.5050194E-5,19.775593,0.03610999,0.17196754,0.034878973,0.0578494,0.02608577,0.50632143,0.22643544,0.8650757,0.019259153,0.053720612,0.017145285,0.26698533,0.1810508,0.1311138,0.039695397,0.17196754,0.034878973,"TWOGAUSSIANS_WITH_ELLIPSOIDAL_ON_ECLIPSE1",9,12.3388405,0.17196754,0.034878973,0.32395664,0.14608032,0.76850384,0.23354931,0.8650757,0.019259153,0.30083543,0.0960136,0.29904458,0.18074778
375316653866487564,5864923218743579776,0.6260563,2225.8137809750656,0.2568189561520889,4.17941E-5,15.98456,0.001068148,0.25168666,0.0013220347,0.018088587,0.0014091033,0.20541833,0.014556109,0.74795985,0.0013527251,0.022689845,0.001378734,0.16294774,0.0053870785,0.006100711,0.001525024,0.25168666,0.0013220347,"TWOGAUSSIANS_WITH_ELLIPSOIDAL_ON_ECLIPSE1",9,4.0029254,0.25168666,0.0013220347,0.10129609,0.007890978,0.21761973,0.014260069,0.74796987,0.0013527251,0.12706314,0.0077209105,0.17514248,0.0053086304
375316653866487564,5864923566762697344,0.59071696,2208.2044446933864,0.3665643069181481,4.8779943E-6,16.54148,0.0031273488,0.3625885,6.7279197E-4,0.02172175,6.4733287E-4,0.5016425,0.013746642,0.7153282,0.04256951,0.159974,0.0466156,0.025567943,0.0054491893,null,null,null,null,"TWOGAUSSIANS",8,11.455427,0.36261848,6.7060976E-4,0.1216418,0.0036250642,0.503512,0.014279004,0.7153282,0.04256951,0.4,0.0,0.025181167,0.005584327
375316653866487564,5864923635431768320,0.53711057,2231.4285066460475,0.3371616696692808,2.015375E-5,18.768887,0.0048821894,0.19022648,0.09956435,0.074707866,0.08561018,0.022236612,0.03429009,0.38991234,2.8178754E-4,0.009529644,1.9995525E-4,0.64494264,0.014625168,null,null,null,null,"TWOGAUSSIANS",8,4.4826117,0.38991234,2.8178754E-4,0.053366,0.0011197494,0.6455674,0.0148823755,0.19022648,0.09956435,0.4,0.44085014,0.022236612,0.03429009
375316653866487564,5864923738561299968,0.47976533,2218.2714501526702,0.876555010533014,1.2524974E-5,17.488863,0.0017571716,0.26644874,0.0023503092,0.019668669,0.0023370842,0.049168196,0.005273769,0.7709286,0.0066994387,0.020659648,0.010160245,0.15421079,0.087803416,0.010924802,0.0029040133,0.26644874,0.0023503092,"TWOGAUSSIANS_WITH_ELLIPSOIDAL_ON_ECLIPSE1",9,3.4817016,0.7709286,0.0066909376,0.11569402,0.056897372,0.17604308,0.08913923,0.26644874,0.0023503092,0.11014455,0.013087671,0.071017794,0.004462
375316653866487564,5864923910360048384,0.5720486,2229.913550060151,0.38725340835258776,5.4807842E-6,15.128584,6.6984864E-4,0.2523075,0.0017661442,0.034039896,0.0039720535,0.064332284,0.017048372,0.75934315,0.014696544,0.03213173,0.012550465,0.0074593946,0.0036176885,0.028430222,0.0011226767,0.2523075,0.0017661442,"TWOGAUSSIANS_WITH_ELLIPSOIDAL_ON_ECLIPSE1",9,6.2395024,0.2523075,0.0017661442,0.19062342,0.0222435,0.12119265,0.01766718,0.75934315,0.014696544,0.17993769,0.0702826,0.06420871,0.0033392839
375316653866487564,5864924597504769152,0.43146843,2247.5071301788726,1.068880497657551,6.067849E-5,17.860767,0.007472768,0.45777008,0.012137656,0.055891193,0.01637989,0.18464096,0.26058674,0.12622036,0.056240294,0.03713131,0.030258194,0.044648457,0.037379812,null,null,null,null,"TWOGAUSSIANS",8,18.460865,0.45777008,0.012137656,0.3129907,0.091727376,0.18464096,0.26058674,0.12622036,0.056249294,0.20793533,0.16944587,0.04464846,0.037379194
375316653866487564,5864924666274383488,0.46605742,2225.695679342867,1.184060356491819,2.5659865E-5,18.570423,0.009540708,0.17394789,0.006053399,0.08564972,0.01068046,0.13244377,0.011429314,0.6978628,0.01203414,0.098741405,0.016043989,0.101257704,0.010503515,null,null,null,null,"TWOGAUSSIANS",8,2.6060238,0.17394789,0.006055197,0.4,0.0,0.12841554,0.010206362,0.6978628,0.01203414,0.4,0.0,0.09722853,0.009488768
375316653866487564,5864924734993865984,0.4567808,2229.8950592528063,0.042336661053373345,2.7909306E-5,19.25384,0.32042545,0.36719847,0.015743028,0.16697271,0.08409763,0.46171546,0.30781078,0.93024105,0.009433751,0.05406283,0.012922995,0.3385896,0.14027126,null,null,null,null,"TWOGAUSSIANS",8,5.0465817,0.36719847,0.015743028,0.4,0.0,0.4320085,0.09239724,0.9320611,0.0073137763,0.30275184,0.07236877,0.32567683,0.10434509
375316653866487564,5864924769302472320,0.49762738,2236.013496017529,1.6490848075174551,1.110304E-5,18.977457,0.010223342,0.21817283,0.004036812,0.074905306,0.007164379,0.15743151,0.012157917,0.7109339,0.004231991,0.06617995,0.010363581,0.26721182,0.024417985,null,null,null,null,"TWOGAUSSIANS",8,3.3412051,0.7109339,0.004231991,0.37060773,0.05803605,0.26658618,0.024830483,0.21817283,0.004036812,0.4,0.002282388,0.15680587,0.011733768
375316653866487564,5864924803662520064,0.4433666,2160.941551179343,4.68941132030611,4.6209287E-5,18.865524,0.023768976,0.24858662,0.025369821,0.14855792,0.034912094,0.33473772,0.024710786,0.5115744,0.03679203,0.09495819,0.0144072175,0.13949567,0.06607866,null,null,null,null,"TWOGAUSSIANS",8,4.0657954,0.25547662,0.023489034,0.4,0.0,0.33288175,0.02357597,0.5115744,0.03679203,0.4,0.0,0.20418186,0.03820122
375316653866487564,5864924872432961792,0.47384572,2249.519311203429,2.4492630507022763,5.1411636E-5,18.335833,0.015273928,0.30883113,0.005149679,0.060226955,0.009351516,0.07726063,0.015204117,0.7392886,0.010418574,0.11651183,0.02814869,0.091712594,0.025101751,null,null,null,null,"TWOGAUSSIANS",8,1.6556123,0.7392886,0.010418574,0.4,0.0,0.09080165,0.024657747,0.30898112,0.0051291897,0.33727095,0.052368492,0.07645016,0.013143999
375316653866487564,5864924941101854464,0.50527287,2235.9958797362565,1.8785559241572027,1.265022E-5,18.422705,0.0075117266,0.3283441,0.0054804655,0.0915016,0.014056744,0.1018863,0.013251333,0.81903857,0.003315243,0.09273783,0.0062284614,0.16031554,0.007744843,null,null,null,null,"TWOGAUSSIANS",8,1.9364247,0.81903857,0.003315243,0.4,0.0,0.1547274,0.006181968,0.3283441,0.0054804655,0.4,0.0,0.09629825,0.015051879
375316653866487564,5864925039810166400,0.60388076,2204.491398292422,2.092029044725183,8.971441E-6,16.74363,0.00712176,0.26834416,0.002086968,0.055078503,0.0072482866,0.1229307,0.016817104,0.77070856,0.004219094,0.042220745,0.004773696,0.17097498,0.015774349,0.117204204,0.0090148505,0.26834416,0.002086968,"TWOGAUSSIANS_WITH_ELLIPSOIDAL_ON_ECLIPSE1",9,13.929178,0.77070856,0.0042140884,0.23643619,0.026732698,0.40532732,0.0066311397,0.26834416,0.002086968,0.3084396,0.040590405,0.35733476,0.007771701
375316653866487564,5864925284701453312,0.5333395,2239.2101707841052,0.7260960683793002,1.271207E-5,18.0218,0.0021167917,0.32066035,6.917914E-4,0.0435478,0.0014878745,0.18639565,0.004161541,0.8248882,0.0037060778,0.047229618,0.0042477483,0.16724965,0.006225744,null,null,null,null,"TWOGAUSSIANS",8,3.2840009,0.32066035,6.917914E-4,0.2438677,0.008332097,0.18639559,0.0041615465,0.8248882,0.0037060778,0.26448587,0.023787392,0.16724959,0.00622578
375316653866487564,5864925353419445504,0.5413092,2257.1226914018093,0.8494729743052603,1.0154523E-5,17.845064,0.0036232162,0.34780762,0.0024357429,0.021371769,0.0032725236,0.4128366,0.040178772,0.84277976,0.0012234857,0.021533513,0.0015096307,0.21763499,0.008238075,0.016089337,0.00573737,0.34780762,0.0024357429,"TWOGAUSSIANS_WITH_ELLIPSOIDAL_ON_ECLIPSE1",9,8.999763,0.34780762,0.0024357429,0.1196819,0.018326133,0.44501522,0.04116413,0.84280974,0.0012126288,0.12058767,0.008453932,0.24978168,0.007720866
375316653866487564,5864925353469335936,0.61554617,2225.708917674574,0.16335805294796238,3.282491E-6,15.672839,6.6626375E-4,0.36757168,7.47182E-4,0.011110354,8.631991E-4,0.18734653,0.00497314,0.8684217,1.6250536E-4,0.013119453,2.3988659E-4,0.11281408,7.149917E-4,null,null,null,null,"TWOGAUSSIANS",8,3.9028506,0.36757168,7.47182E-4,0.06221798,0.0048339153,0.18734653,0.00497314,0.8684217,1.6250536E-4,0.07346893,0.001343365,0.11281408,7.149917E-4
375316653866487564,5864925662657346432,0.52347875,2217.3959856490346,2.7427550323676684,1.080641E-5,19.556025,0.014960295,0.25183627,0.002862039,0.07263617,0.0045865695,0.50288653,0.02836254,0.74600625,0.0049292827,0.07378127,0.006607709,0.49762845,0.043700952,null,null,null,null,"TWOGAUSSIANS",8,2.6603312,0.25183627,0.002862039,0.4,0.00688163,0.5003244,0.028329825,0.74600625,0.0049292827,0.4,0.0011024764,0.49506634,0.044258494
375316653866487564,5864925662657436544,0.48888353,2207.4969040924466,2.2503116630820656,5.7906536E-6,19.05369,0.0029517137,0.26286536,0.0042807763,0.0049028676,0.0041291113,0.05708975,0.034460012,0.57121986,0.0011285809,0.015375955,9.872967E-4,0.53128415,0.06727025,null,null,null,null,"TWOGAUSSIANS",8,2.4016404,0.57121986,0.0011285809,0.08610535,0.005528861,0.53128415,0.06727025,0.26286536,0.0042807763,0.027456058,0.023123024,0.05708975,0.034460012
375316653866487564,5864925731377020160,0.5384615,2245.1085590839307,0.13967625880283624,4.7014155E-6,17.445337,0.0013214911,0.08462799,1.6762756E-4,0.0058643753,1.7418574E-4,0.21302743,0.0015993546,0.5867689,0.0012376957,0.007158091,0.002694939,0.25420836,0.19857633,null,null,null,null,"TWOGAUSSIANS",8,3.442997,0.5867689,0.0012376957,0.04008531,0.015091659,0.25420836,0.19857633,0.08462799,1.6762756E-4,0.0328405,9.7544014E-4,0.21302743,0.0015993546
375316653866487564,5864925971894984704,0.51267016,2205.099373488627,1.8765995366640953,1.0023842E-5,19.389698,0.009193757,0.23248772,0.00274264,0.047496498,0.009324423,0.2532378,0.018082298,0.72744745,0.0034712134,0.040545646,0.009658655,0.28831407,0.03398655,null,null,null,null,"TWOGAUSSIANS",8,2.408842,0.72744745,0.0034712134,0.22705562,0.05408847,0.28831404,0.033986915,0.23248772,0.00274264,0.2659804,0.052216772,0.25323778,0.018082399
375316653866487564,5864926109383677824,0.49519232,2227.5503882282173,1.5221389003295716,1.0135673E-5,16.395393,0.0013334062,null,null,null,null,null,null,null,null,null,null,null,null,0.04566762,0.0018461827,0.22739089,0.0031586166,"ELLIPSOIDAL",4,8.918845,null,null,null,null,null,null,null,null,null,null,null,null
375316653866487564,5864926178103245184,0.45077005,2259.840685097524,0.41504954905863106,2.1922906E-5,19.892181,0.00805871,0.39734235,0.01082522,0.017241364,0.009142107,0.2530001,0.02114214,0.8923087,0.0042405524,0.019278748,0.0020052015,0.41476235,0.094021134,null,null,null,null,"TWOGAUSSIANS",8,4.882502,0.8923087,0.0042405524,0.10796099,0.011229129,0.41476235,0.094021134,0.39734235,0.01082522,0.096551634,0.051195804,0.2530001,0.02114214
375316653866487564,5864926418571881984,0.43910742,2167.236604980368,2.1951094264901303,7.831493E-5,19.188335,0.7233367,0.2452422,0.020440165,0.13194795,0.06025508,0.50269604,0.6187304,0.752892,0.011798415,0.15971163,0.11601429,0.4610483,0.7025878,null,null,null,null,"TWOGAUSSIANS",8,7.8069367,0.2445522,0.020681089,0.4,0.0,0.30072403,0.059899423,0.753152,0.011473437,0.4,0.0,0.25292128,0.04307027
375316653866487564,5864926620366423168,0.49501956,2243.389250481454,1.2520135302914663,2.0075959E-5,16.597448,0.38592115,0.28443813,0.022988126,0.17497535,0.13923724,0.12733707,0.37663537,0.74957484,0.012535572,0.1396112,0.03806296,0.18211405,0.22101988,null,null,null,null,"TWOGAUSSIANS",8,9.215135,0.74957484,0.012535572,0.4,0.0,0.11857916,0.004549894,0.28812814,0.01715465,0.4,0.0,0.05974322,0.005980139
375316653866487564,5864926723438146560,0.48826966,2214.3287902512507,1.5179156286364288,1.6873324E-5,15.352044,9.6282345E-4,0.50813925,0.0031256066,0.015180215,0.004289551,0.2643583,0.041832082,0.37163872,0.007788198,0.025365071,0.018320614,0.12120436,0.028314592,null,null,null,null,"TWOGAUSSIANS",8,70.31391,0.50813925,0.0031256066,0.08500921,0.024021488,0.2643584,0.041832123,0.37163872,0.007788198,0.1420444,0.10259544,0.12120436,0.028314592
