Gaia/vari_eclipsing_binary/VariEclipsingBinary_606865-606889.csv
# %ECSV 1.0
# ---
# delimiter: ','
# meta: !!omap
# - RELEASE: Gaia DR3
# - TABLE: vari_eclipsing_binary
# - DESCRIPTION: >
#     This table describes the properties of the eclipsing binaries resulting from the variability analysis. 
# - CITATION: >
#     How to cite and acknowledge Gaia: 
#     https://gea.esac.esa.int/archive/documentation/credits.html 
# - KNOWN_ISSUES: >
#     Known issues: 
#     https://www.cosmos.esa.int/web/gaia-users/known-issues 
# - DOCUMENTATION: >
#     Tutorials and documentation: 
#     https://www.cosmos.esa.int/web/gaia-users/archive 
# datatype:
# - 
#   name: solution_id
#   datatype: int64
#   description: Solution Identifier
#   meta:
#     ucd: meta.version
# - 
#   name: source_id
#   datatype: int64
#   description: Unique source identifier
#   meta:
#     ucd: meta.id;meta.main
# - 
#   name: global_ranking
#   datatype: float32
#   description: Number between 0 (worst) and 1 (best)
#   meta:
#     ucd: stat.param
# - 
#   name: reference_time
#   datatype: float64
#   unit: d
#   description: Reference time used for the geometric model fit
#   meta:
#     ucd: time.epoch
# - 
#   name: frequency
#   datatype: float64
#   unit: d**-1
#   description: Frequency of geometric model of the eclipsing binary light curve
#   meta:
#     ucd: src.orbital
# - 
#   name: frequency_error
#   datatype: float32
#   unit: d**-1
#   description: "Uncertainty of \\texttt{frequency}"
#   meta:
#     ucd: stat.error
# - 
#   name: geom_model_reference_level
#   datatype: float32
#   unit: mag
#   description: Magnitude reference level of geometric model
#   meta:
#     ucd: phot.mag;em.opt
# - 
#   name: geom_model_reference_level_error
#   datatype: float32
#   unit: mag
#   description: "Uncertainty of \\texttt{geomModelReferenceLevel}"
#   meta:
#     ucd: stat.error;phot.mag;em.opt
# - 
#   name: geom_model_gaussian1_phase
#   datatype: float32
#   description: Phase of the Gaussian 1 component
#   meta:
#     ucd: time.phase
# - 
#   name: geom_model_gaussian1_phase_error
#   datatype: float32
#   description: "Uncertainty of \\texttt{geomModelGaussian1Phase}"
#   meta:
#     ucd: stat.error;time.phase
# - 
#   name: geom_model_gaussian1_sigma
#   datatype: float32
#   description: "Standard deviation [phase] of Gaussian 1 component"
#   meta:
#     ucd: stat.stdev
# - 
#   name: geom_model_gaussian1_sigma_error
#   datatype: float32
#   description: "Uncertainty of \\texttt{geomModelGaussian1Sigma}"
#   meta:
#     ucd: stat.error
# - 
#   name: geom_model_gaussian1_depth
#   datatype: float32
#   unit: mag
#   description: Magnitude depth of Gaussian 1 component
#   meta:
#     ucd: src.var.amplitude
# - 
#   name: geom_model_gaussian1_depth_error
#   datatype: float32
#   unit: mag
#   description: "Uncertainty of \\texttt{geomModelGaussian1Depth}"
#   meta:
#     ucd: stat.error;src.var.amplitude
# - 
#   name: geom_model_gaussian2_phase
#   datatype: float32
#   description: Phase of Gaussian 2 component
#   meta:
#     ucd: time.phase
# - 
#   name: geom_model_gaussian2_phase_error
#   datatype: float32
#   description: "Uncertainty of \\texttt{geomModelGaussian2Phase}"
#   meta:
#     ucd: stat.error;time.phase
# - 
#   name: geom_model_gaussian2_sigma
#   datatype: float32
[...]
#   datatype: float32
#   description: "Secondary eclipse: uncertainty of \\texttt{derivedSecondaryEclDuration}"
#   meta:
#     ucd: stat.error;time.duration
# - 
#   name: derived_secondary_ecl_depth
#   datatype: float32
#   unit: mag
#   description: "Secondary eclipse: depth"
#   meta:
#     ucd: src.var.amplitude
# - 
#   name: derived_secondary_ecl_depth_error
#   datatype: float32
#   unit: mag
#   description: "Secondary eclipse: uncertainty of \\texttt{derivedSecondaryEclDepth}"
#   meta:
#     ucd: stat.error;src.var.amplitude
solution_id,source_id,global_ranking,reference_time,frequency,frequency_error,geom_model_reference_level,geom_model_reference_level_error,geom_model_gaussian1_phase,geom_model_gaussian1_phase_error,geom_model_gaussian1_sigma,geom_model_gaussian1_sigma_error,geom_model_gaussian1_depth,geom_model_gaussian1_depth_error,geom_model_gaussian2_phase,geom_model_gaussian2_phase_error,geom_model_gaussian2_sigma,geom_model_gaussian2_sigma_error,geom_model_gaussian2_depth,geom_model_gaussian2_depth_error,geom_model_cosine_half_period_amplitude,geom_model_cosine_half_period_amplitude_error,geom_model_cosine_half_period_phase,geom_model_cosine_half_period_phase_error,model_type,num_model_parameters,reduced_chi2,derived_primary_ecl_phase,derived_primary_ecl_phase_error,derived_primary_ecl_duration,derived_primary_ecl_duration_error,derived_primary_ecl_depth,derived_primary_ecl_depth_error,derived_secondary_ecl_phase,derived_secondary_ecl_phase_error,derived_secondary_ecl_duration,derived_secondary_ecl_duration_error,derived_secondary_ecl_depth,derived_secondary_ecl_depth_error
[from data line 398]
375316653866487564,5338138371750359680,0.4800627,2210.9640543120718,0.23293043218238207,4.6650202E-5,17.634129,0.006008955,0.28146684,0.0035871174,0.013790286,0.003787432,0.3353872,0.12532446,0.78805614,0.010579099,0.025388373,0.01798516,0.21868564,0.15583433,0.015149864,0.007868368,0.28146684,0.0035871174,"TWOGAUSSIANS_WITH_ELLIPSOIDAL_ON_ECLIPSE1",9,12.565197,0.28146684,0.0035871174,0.0772256,0.02120962,0.36568692,0.13120848,0.78805614,0.010579099,0.1421749,0.10071689,0.24893345,0.1600066
375316653866487564,5338138406136409728,0.51275355,2176.115139843068,0.13429261761156722,3.3859178E-5,19.726168,0.006000065,0.6328588,0.045428455,0.043473717,0.033108264,0.04615224,0.043444205,0.8060436,0.0038784295,0.012771181,0.0015908044,0.6167435,0.10649243,null,null,null,null,"TWOGAUSSIANS",8,1.4430649,0.8060436,0.0038784295,0.071518615,0.008908505,0.61676,0.10651108,0.6328588,0.045428455,0.24345282,0.18540628,0.04615224,0.043444205
375316653866487564,5338138917182996736,0.51641136,2223.6203714862963,2.8074256507606914,6.598965E-6,18.741419,0.01030045,0.19902119,0.0015319068,0.02965286,0.005364974,1.8255643,1.2787564,0.6902422,0.0027293535,0.04348363,0.006021407,0.5278174,0.10064063,0.04542965,0.021089619,0.19902119,0.0015319068,"TWOGAUSSIANS_WITH_ELLIPSOIDAL_ON_ECLIPSE1",9,5.2707486,0.19902119,0.0015319068,0.16605602,0.030043855,1.9164236,1.3044015,0.6904622,0.0026150763,0.24350832,0.03371988,0.6184074,0.12005753
375316653866487564,5338138990225538176,0.55219513,2178.0483890187447,3.9250141604728,1.0784457E-5,19.491436,0.013034001,0.2486465,0.0052729426,0.0706638,0.006049633,0.5405358,0.03181544,0.73951346,0.0024836874,0.058793776,0.003275341,0.8914578,0.0636783,null,null,null,null,"TWOGAUSSIANS",8,4.844624,0.73951346,0.0024836874,0.32924515,0.01834191,0.8908684,0.06381314,0.2486465,0.0052729426,0.3957173,0.030833673,0.53994644,0.031922467
375316653866487564,5338139707474392832,0.43398818,2168.67273641856,3.1839461699402696,5.957045E-5,19.168905,0.020081198,0.1693996,0.021808624,0.07352219,0.016257754,0.26271325,0.09175072,0.696588,0.01184605,0.05163062,0.026129765,0.15368018,0.063086934,null,null,null,null,"TWOGAUSSIANS",8,12.131395,0.1693996,0.021808624,0.4,0.037780523,0.26265508,0.09172931,0.696588,0.01184605,0.28913146,0.1301855,0.15362202,0.06353976
375316653866487564,5338139741816752512,0.5409924,2204.104447615237,2.3649127687378786,4.083294E-6,18.26426,0.013665304,0.23066689,0.008987043,0.114304595,0.022976536,0.09553023,0.011482156,0.71155113,0.0013185889,0.080587365,0.007222817,0.20494168,0.0106792,null,null,null,null,"TWOGAUSSIANS",8,1.2376343,0.71155113,0.0013185889,0.4,0.0,0.1977016,0.009554326,0.23066689,0.008987043,0.4,0.0,0.08827329,0.0072273575
375316653866487564,5338139746139968896,0.48004797,2169.1594736154907,2.977397848528532,2.6077938E-5,19.083778,0.3781731,0.2786439,0.014073694,0.15901305,0.14414689,0.21511929,0.372166,0.7636667,0.005091296,0.08898174,0.019185992,0.3801349,0.12939195,null,null,null,null,"TWOGAUSSIANS",8,4.6293764,0.7636667,0.005091296,0.4,0.0,0.32700408,0.034640875,0.2786439,0.014067656,0.4,0.0,0.1588002,0.019043904
375316653866487564,5338140325949657344,0.48149106,2190.286669598732,1.9589788368789982,2.0589701E-5,18.180408,0.21866956,0.22849277,0.007593943,0.13465334,0.039886273,0.15413943,0.18257007,0.7416566,0.006345851,0.15804346,0.0643908,0.17895211,0.21341881,null,null,null,null,"TWOGAUSSIANS",8,1.8026114,0.7420766,0.005659519,0.4,0.0,0.107650764,0.0065386365,0.22699277,0.0054386584,0.4,0.0,0.08499037,0.006565447
375316653866487564,5338140398998241536,0.5498446,2307.975568731408,0.005276977932413774,6.5652175E-6,16.561901,0.0027411582,0.6149752,7.159401E-5,1.8265567E-4,3.5341727E-5,0.6565375,0.08401193,null,null,null,null,null,null,0.016794074,0.0030909586,0.6149752,7.159401E-5,"ONEGAUSSIAN_WITH_ELLIPSOIDAL",6,20.428246,0.6149752,7.159401E-5,0.0010228718,1.9791367E-4,0.6901256,0.08412209,null,null,null,null,null,null
375316653866487564,5338140532093818112,0.434881,2203.3801523680154,0.7652730087011709,1.1893857E-4,18.359106,0.007881633,0.31770948,0.012466263,0.07352406,0.014313989,0.063180834,0.011452336,0.8452842,0.011779489,0.0060840887,0.006420516,0.34979478,205.2241,null,null,null,null,"TWOGAUSSIANS",8,11.161533,0.8452842,0.011779489,0.034070898,0.03595489,0.34979478,205.2241,0.31770948,0.012466263,0.4,0.035113823,0.063180834,0.011452335
375316653866487564,5338140536437376640,0.62770045,2215.053500817054,0.6970742757356743,1.4923746E-6,17.747002,0.001825126,0.24896263,2.5903288E-4,0.020980602,2.5513617E-4,0.5399072,0.015253479,0.7496495,0.0033088792,0.021546941,0.0026696257,0.565632,0.035686594,null,null,null,null,"TWOGAUSSIANS",8,3.1479523,0.7496495,0.0033088792,0.12066287,0.014949904,0.565632,0.035686594,0.24896263,2.5903288E-4,0.11749137,0.0014287625,0.5399072,0.015253479
375316653866487564,5338140742573631744,0.48281768,2199.7613315759263,0.878017098588179,1.9412353E-5,19.600903,0.009277603,0.27780572,0.0143481605,0.019372705,0.015895696,0.22127627,0.6127484,0.7864411,0.0076144724,0.012653109,0.011417543,0.74264187,0.48762664,null,null,null,null,"TWOGAUSSIANS",8,3.839312,0.7864411,0.0076144724,0.07085741,0.06393824,0.74264187,0.48762664,0.27780572,0.0143481605,0.108487144,0.0890159,0.22127627,0.6127484
375316653866487564,5338140845674847488,0.49962738,2196.2523895647396,3.805120142493384,1.4422685E-5,16.265396,0.013618398,0.2567479,0.009757569,0.11574965,0.012512786,0.13078363,0.01711077,0.73603314,0.0031593132,0.07428955,0.0049250633,0.25967428,0.018216299,null,null,null,null,"TWOGAUSSIANS",8,58.551727,0.73603314,0.0031593132,0.4,0.0,0.25205544,0.016158303,0.2567479,0.009757569,0.4,0.0,0.12313477,0.01358205
375316653866487564,5338140875691180416,0.4555642,2200.971666499129,2.7470051436660254,1.5470307E-5,18.458216,0.02048715,0.2663787,0.0047436384,0.08463081,0.012843425,0.23063771,0.022074316,0.74498165,0.009647466,0.08014775,0.013146151,0.16496445,0.025089752,null,null,null,null,"TWOGAUSSIANS",8,9.103302,0.2663787,0.0047436384,0.4,0.0,0.22801685,0.02096694,0.74498165,0.009647466,0.4,0.0,0.1623436,0.022902617
375316653866487564,5338141842107378176,0.54672533,2167.4395061775745,0.607364529327232,4.018395E-5,16.15302,0.02893503,0.3029271,0.04076192,0.038659256,0.042693768,0.41801608,0.1416943,0.79943556,0.0050390936,0.025054894,0.019943472,0.10447852,0.045457233,0.02359338,0.031041527,0.3029271,0.04076192,"TWOGAUSSIANS_WITH_ELLIPSOIDAL_ON_ECLIPSE1",9,42.461224,0.3029271,0.04076192,0.21649183,0.2188497,0.4652028,0.15563716,0.79951555,0.004931742,0.14030741,0.11168345,0.15164304,0.024211382
375316653866487564,5338142323143342336,0.50187737,2103.258255807145,3.4193017528723333,5.5233418E-6,16.750692,0.0056012715,0.22314027,2.3736221E-4,0.0113782985,8.4592844E-4,0.2967801,0.025091652,0.7272912,6.6196117E-7,0.009148067,2.0657397E-4,0.43468273,0.002977036,null,null,null,null,"TWOGAUSSIANS",8,2.9485188,0.7272912,6.6196117E-7,0.051229175,0.0011568142,0.43468273,0.002977036,0.22314027,2.3736221E-4,0.06371847,0.0047371993,0.2967801,0.025091652
375316653866487564,5338142735438713472,0.5104084,2179.5806597133837,1.2058762771779903,5.1900017E-5,19.089582,0.0044960496,0.3651316,0.02998666,0.022165077,0.015537774,0.66667664,0.865711,0.839647,0.019896396,0.011704182,0.008347831,0.050234377,0.761061,null,null,null,null,"TWOGAUSSIANS",8,2.88267,0.3651316,0.02998666,0.12412443,0.08701154,0.66667664,0.865711,0.839647,0.019896396,0.06554342,0.046747852,0.050234377,0.761061
375316653866487564,5338142804179744896,0.4376484,2193.7407087370575,1.7810629268627653,2.9481014E-5,18.322697,0.02145195,0.26607788,0.0072033666,0.07798555,0.01275882,0.17789795,0.027804306,0.77685976,0.016885169,0.0783407,0.038827293,0.1339036,0.023111021,null,null,null,null,"TWOGAUSSIANS",8,13.551027,0.26607788,0.0072063357,0.4,0.0,0.17641659,0.02451904,0.77685976,0.016885169,0.4,0.021770906,0.13242225,0.021773467
375316653866487564,5338142907236151296,0.5323361,2166.894785439345,2.5858034410931627,1.1221406E-5,19.742096,0.011375441,0.30563968,0.0015537217,0.06385304,0.0040770997,0.6622734,0.05606732,0.80052555,0.003614259,0.069399744,0.0048255795,0.4863971,0.044703443,null,null,null,null,"TWOGAUSSIANS",8,1.7782332,0.30563968,0.0015537217,0.35757706,0.022831758,0.66142017,0.056428257,0.80052555,0.003614259,0.3886386,0.026985796,0.48554382,0.04492302
375316653866487564,5338144350345384960,0.52131605,2180.1610694357123,2.480314824372228,1.6284395E-5,19.144564,0.0136848055,0.25146887,0.004396718,0.0923983,0.005775213,0.39342275,0.016601259,0.75017124,0.0044336217,0.09041908,0.0049251183,0.3576638,0.021818304,null,null,null,null,"TWOGAUSSIANS",8,3.465691,0.25146887,0.004396718,0.4,0.0,0.3759385,0.01496476,0.75017124,0.0044336217,0.4,0.0,0.34017977,0.019487603
375316653866487564,5338144384705258240,0.55792403,2181.1009009558165,2.0713870935513095,2.0070394E-5,18.900372,0.007917652,0.28553572,0.00296552,0.07870917,0.004541278,0.4131103,0.022420036,0.78239346,0.0040891767,0.0731408,0.0034559711,0.42630264,0.019105664,null,null,null,null,"TWOGAUSSIANS",8,3.3924217,0.78239346,0.0040891767,0.4,0.0,0.42284068,0.019147003,0.28553572,0.00296552,0.4,0.0,0.40964836,0.022943024
375316653866487564,5338144968843473408,0.46026683,2197.0772426999824,0.659241926780602,3.236041E-5,16.206161,0.005879214,0.33213156,0.007247925,0.02431384,0.018194353,0.07874578,0.01570123,null,null,null,null,null,null,0.01761462,0.008085082,0.33213156,0.007247925,"ONEGAUSSIAN_WITH_ELLIPSOIDAL",6,35.994286,0.33213156,0.007247925,0.1361575,0.10188838,0.11397502,0.026611108,null,null,null,null,null,null
375316653866487564,5338145690375618816,0.5562998,2209.937517249082,2.1972552841017268,6.546426E-6,19.587858,0.010622378,0.14313048,0.0014586925,0.08168053,0.0030229,0.4618769,0.013731715,0.6337406,0.005567912,0.0894101,0.0054081297,0.42037037,0.018784909,null,null,null,null,"TWOGAUSSIANS",8,0.96748346,0.14313048,0.0014586925,0.4,0.0,0.45143867,0.013062527,0.6337406,0.005567912,0.4,0.0,0.409932,0.017878292
375316653866487564,5338146132731384192,0.48593333,2218.4283549723605,0.23628294109880119,1.2016212E-4,17.7961,0.0032974626,0.09632296,0.016581269,0.05164116,0.03580809,0.028720975,0.038594015,0.5120916,0.0053719846,0.038740598,0.0034471906,0.23570256,0.026426515,null,null,null,null,"TWOGAUSSIANS",8,3.199416,0.5120916,0.0053719846,0.21694735,0.019304268,0.23570256,0.026426526,0.09632296,0.016581269,0.2891905,0.17631856,0.028720975,0.03859411
375316653866487564,5338146171434422656,0.66283137,2218.417302176718,0.16226331458267132,1.3905272E-6,12.083349,0.0028890236,0.2577228,4.0340252E-4,0.03635451,7.795532E-4,0.4417214,0.008640795,0.71341294,6.9296826E-4,0.035987735,7.4705033E-4,0.43565112,0.006862848,0.010508329,0.003986,0.71341294,6.9296826E-4,"TWOGAUSSIANS_WITH_ELLIPSOIDAL_ON_ECLIPSE2",9,128.48476,0.2575128,3.8105366E-4,0.20358524,0.0043654977,0.46115792,0.0083582,0.71341294,6.9296826E-4,0.20153132,0.004183482,0.45666772,0.0048187077
375316653866487564,5338146377570733440,0.5844904,2222.4076689936996,2.3906015301539463,5.7243938E-6,18.472387,0.0039611873,0.2587035,0.0036144222,0.08505013,0.0033402124,0.28333145,0.012501994,0.7651089,0.0013971892,0.07506697,0.0029258349,0.28601784,0.005714956,null,null,null,null,"TWOGAUSSIANS",8,1.3689829,0.7651089,0.0013971892,0.4,0.0,0.28219628,0.0059594363,0.2587035,0.0036144222,0.4,0.0,0.2795099,0.012798491
375316653866487564,5338146407618949888,0.5997908,2236.618335585141,2.7747574017993686,6.507374E-6,18.802507,0.019645944,0.25361076,0.0019095853,0.051688455,0.005910952,0.43147472,0.04797948,0.74046504,0.0062875594,0.068688564,0.006533115,0.3970316,0.04358518,0.09900691,0.02279557,0.25361076,0.0019095853,"TWOGAUSSIANS_WITH_ELLIPSOIDAL_ON_ECLIPSE1",9,2.612681,0.25361076,0.0019095853,0.28945535,0.03310133,0.6292311,0.04354653,0.7425151,0.005146739,0.38465595,0.036421858,0.59365034,0.015547601
375316653866487564,5338146446312328960,0.46268636,2236.0292754507554,0.4126625418690154,3.8355272E-5,16.733011,0.0023381624,0.12826236,0.009374718,0.048941422,0.0116468035,0.05163146,0.020885503,0.6500913,0.0034617472,0.048096802,0.0030316727,0.065893605,0.006547916,null,null,null,null,"TWOGAUSSIANS",8,5.378642,0.6500913,0.0034617472,0.2693421,0.016977368,0.065893546,0.006547868,0.12826236,0.009374718,0.27407196,0.0652221,0.0516314,0.020885948
375316653866487564,5338146648121608192,0.4991581,2212.733950512302,0.10660323831182213,5.367025E-5,17.717686,0.0044469833,0.21049936,0.004311724,0.014355058,0.00423225,1.4343481,0.99419945,0.5240032,0.00881299,0.06195533,0.009470389,0.0686906,0.018471345,null,null,null,null,"TWOGAUSSIANS",8,11.333336,0.21049936,0.004311724,0.08038832,0.0237006,1.4343483,0.9941995,0.5240032,0.00881299,0.34694985,0.05303418,0.0686906,0.018471345
375316653866487564,5338146686830875008,0.49279884,2189.065157705841,0.7310842368544715,7.883004E-6,18.538525,0.008189518,0.22476768,0.0023577749,0.02773067,0.0023944625,0.24592261,0.025316428,0.6317475,0.027702438,0.049384262,0.096799195,0.03534716,0.039019957,null,null,null,null,"TWOGAUSSIANS",8,3.071184,0.22476768,0.0023577749,0.15529175,0.01340899,0.24592261,0.025317993,0.6317475,0.027702438,0.27655187,0.2754638,0.03534716,0.0390223
375316653866487564,5338146996068545408,0.4472985,2199.0463640222897,2.381384085789167,4.382954E-5,18.453701,0.0029390492,0.10617928,0.016351232,0.021356449,0.01565129,0.036847204,0.02068689,0.4085321,0.016388422,0.034833632,0.0046120603,0.34113312,0.19215521,null,null,null,null,"TWOGAUSSIANS",8,2.5312452,0.4085321,0.016388422,0.19506834,0.025827536,0.34113312,0.19215521,0.10617928,0.016351232,0.11959611,0.087647215,0.036847204,0.02068689
375316653866487564,5338147094821201792,0.41800663,2201.77486691154,2.1295355765382853,3.915064E-5,18.970163,0.023036303,0.22265509,0.032702263,0.0391187,0.050061762,0.10728348,0.024240172,0.7384527,0.008742032,0.06280674,0.022135194,0.106671184,0.024343329,null,null,null,null,"TWOGAUSSIANS",8,3.9148755,0.22265509,0.032702263,0.21906471,0.20186138,0.10728291,0.023492971,0.7384527,0.008742032,0.35171774,0.09007269,0.10667061,0.023323838
375316653866487564,5338147374004985600,0.46766576,2177.9863002845896,0.5524576845579747,2.7964366E-5,19.134115,0.008649969,0.40552306,0.022649687,0.042226538,0.003926736,2.431574,2.725253,0.8967803,0.012705028,0.035918377,0.024514899,0.07970361,0.21941014,null,null,null,null,"TWOGAUSSIANS",8,9.037152,0.40552306,0.022649687,0.23646861,0.02198972,2.431574,2.725253,0.8967803,0.012705028,0.2011429,0.13728343,0.07970361,0.21941014
375316653866487564,5338147683263262848,0.57127744,2194.4378466085773,3.800419538999551,8.302705E-6,18.508778,0.014767335,0.23035075,0.0028273494,0.04691021,0.0059511997,0.28145918,0.040117547,0.7215157,0.0021348116,0.05167455,0.0031161662,0.49092078,0.037221268,0.083532624,0.022555992,0.23035075,0.0028273494,"TWOGAUSSIANS_WITH_ELLIPSOIDAL_ON_ECLIPSE1",9,8.985106,0.7221057,0.0019239318,0.28937748,0.01745053,0.6575032,0.019984853,0.23035075,0.0028273494,0.2626972,0.03332672,0.44852155,0.02894982
375316653866487564,5338147992479986944,0.42044693,2162.571337235125,1.3820256616874416,3.0488967E-5,14.852836,7.6264614E-4,0.15847476,0.014523469,0.031580817,0.011883728,0.008985344,0.005658146,0.5927191,0.001576993,0.006786537,0.0013396752,0.016953839,0.004511983,0.0040331725,0.0013432293,0.15847476,0.014523469,"TWOGAUSSIANS_WITH_ELLIPSOIDAL_ON_ECLIPSE1",9,8.950273,0.5928191,0.0015993185,0.038004607,0.0075021805,0.023721749,0.004724161,0.15847476,0.014523469,0.17685257,0.06654888,0.017051687,0.0053360746
