Gaia/vari_eclipsing_binary/VariEclipsingBinary_674248-674265.csv
# %ECSV 1.0
# ---
# delimiter: ','
# meta: !!omap
# - RELEASE: Gaia DR3
# - TABLE: vari_eclipsing_binary
# - DESCRIPTION: >
#     This table describes the properties of the eclipsing binaries resulting from the variability analysis. 
# - CITATION: >
#     How to cite and acknowledge Gaia: 
#     https://gea.esac.esa.int/archive/documentation/credits.html 
# - KNOWN_ISSUES: >
#     Known issues: 
#     https://www.cosmos.esa.int/web/gaia-users/known-issues 
# - DOCUMENTATION: >
#     Tutorials and documentation: 
#     https://www.cosmos.esa.int/web/gaia-users/archive 
# datatype:
# - 
#   name: solution_id
#   datatype: int64
#   description: Solution Identifier
#   meta:
#     ucd: meta.version
# - 
#   name: source_id
#   datatype: int64
#   description: Unique source identifier
#   meta:
#     ucd: meta.id;meta.main
# - 
#   name: global_ranking
#   datatype: float32
#   description: Number between 0 (worst) and 1 (best)
#   meta:
#     ucd: stat.param
# - 
#   name: reference_time
#   datatype: float64
#   unit: d
#   description: Reference time used for the geometric model fit
#   meta:
#     ucd: time.epoch
# - 
#   name: frequency
#   datatype: float64
#   unit: d**-1
#   description: Frequency of geometric model of the eclipsing binary light curve
#   meta:
#     ucd: src.orbital
# - 
#   name: frequency_error
#   datatype: float32
#   unit: d**-1
#   description: "Uncertainty of \\texttt{frequency}"
#   meta:
#     ucd: stat.error
# - 
#   name: geom_model_reference_level
#   datatype: float32
#   unit: mag
#   description: Magnitude reference level of geometric model
#   meta:
#     ucd: phot.mag;em.opt
# - 
#   name: geom_model_reference_level_error
#   datatype: float32
#   unit: mag
#   description: "Uncertainty of \\texttt{geomModelReferenceLevel}"
#   meta:
#     ucd: stat.error;phot.mag;em.opt
# - 
#   name: geom_model_gaussian1_phase
#   datatype: float32
#   description: Phase of the Gaussian 1 component
#   meta:
#     ucd: time.phase
# - 
#   name: geom_model_gaussian1_phase_error
#   datatype: float32
#   description: "Uncertainty of \\texttt{geomModelGaussian1Phase}"
#   meta:
#     ucd: stat.error;time.phase
# - 
#   name: geom_model_gaussian1_sigma
#   datatype: float32
#   description: "Standard deviation [phase] of Gaussian 1 component"
#   meta:
#     ucd: stat.stdev
# - 
#   name: geom_model_gaussian1_sigma_error
#   datatype: float32
#   description: "Uncertainty of \\texttt{geomModelGaussian1Sigma}"
#   meta:
#     ucd: stat.error
# - 
#   name: geom_model_gaussian1_depth
#   datatype: float32
#   unit: mag
#   description: Magnitude depth of Gaussian 1 component
#   meta:
#     ucd: src.var.amplitude
# - 
#   name: geom_model_gaussian1_depth_error
#   datatype: float32
#   unit: mag
#   description: "Uncertainty of \\texttt{geomModelGaussian1Depth}"
#   meta:
#     ucd: stat.error;src.var.amplitude
# - 
#   name: geom_model_gaussian2_phase
#   datatype: float32
#   description: Phase of Gaussian 2 component
#   meta:
#     ucd: time.phase
# - 
#   name: geom_model_gaussian2_phase_error
#   datatype: float32
#   description: "Uncertainty of \\texttt{geomModelGaussian2Phase}"
#   meta:
#     ucd: stat.error;time.phase
# - 
#   name: geom_model_gaussian2_sigma
#   datatype: float32
[...]
#   datatype: float32
#   description: "Secondary eclipse: uncertainty of \\texttt{derivedSecondaryEclDuration}"
#   meta:
#     ucd: stat.error;time.duration
# - 
#   name: derived_secondary_ecl_depth
#   datatype: float32
#   unit: mag
#   description: "Secondary eclipse: depth"
#   meta:
#     ucd: src.var.amplitude
# - 
#   name: derived_secondary_ecl_depth_error
#   datatype: float32
#   unit: mag
#   description: "Secondary eclipse: uncertainty of \\texttt{derivedSecondaryEclDepth}"
#   meta:
#     ucd: stat.error;src.var.amplitude
solution_id,source_id,global_ranking,reference_time,frequency,frequency_error,geom_model_reference_level,geom_model_reference_level_error,geom_model_gaussian1_phase,geom_model_gaussian1_phase_error,geom_model_gaussian1_sigma,geom_model_gaussian1_sigma_error,geom_model_gaussian1_depth,geom_model_gaussian1_depth_error,geom_model_gaussian2_phase,geom_model_gaussian2_phase_error,geom_model_gaussian2_sigma,geom_model_gaussian2_sigma_error,geom_model_gaussian2_depth,geom_model_gaussian2_depth_error,geom_model_cosine_half_period_amplitude,geom_model_cosine_half_period_amplitude_error,geom_model_cosine_half_period_phase,geom_model_cosine_half_period_phase_error,model_type,num_model_parameters,reduced_chi2,derived_primary_ecl_phase,derived_primary_ecl_phase_error,derived_primary_ecl_duration,derived_primary_ecl_duration_error,derived_primary_ecl_depth,derived_primary_ecl_depth_error,derived_secondary_ecl_phase,derived_secondary_ecl_phase_error,derived_secondary_ecl_duration,derived_secondary_ecl_duration_error,derived_secondary_ecl_depth,derived_secondary_ecl_depth_error
375316653866487564,5930748372923671296,0.65504974,2195.749927420835,0.9951726856733384,4.583162E-6,13.313079,0.0055206013,0.1872268,0.0036211056,0.036065713,0.007343712,0.08233321,0.020883763,0.68796587,0.001189991,0.040344246,0.0014291252,0.7633851,0.02383818,0.04334366,0.0075445957,0.1872268,0.0036211056,"TWOGAUSSIANS_WITH_ELLIPSOIDAL_ON_ECLIPSE1",9,135.1851,0.68796587,0.0011828723,0.22592779,0.008003101,0.85007036,0.024607463,0.1872268,0.0036211056,0.201968,0.041124787,0.16902037,0.020745436
375316653866487564,5930748574738404736,0.5320042,2196.0199808526404,2.067936326137398,1.5440657E-5,18.39672,0.008083426,0.22844943,0.0064684674,0.099043794,0.012350234,0.13870472,0.009161254,0.72142094,0.004944233,0.08143117,0.0058864956,0.28014186,0.025558347,null,null,null,null,"TWOGAUSSIANS",8,2.4711487,0.72142094,0.004944233,0.4,0.0,0.2729196,0.02611012,0.22844943,0.0064684674,0.4,0.0,0.1314816,0.009462851
375316653866487564,5930748952679249792,0.48383355,2201.5798665953216,0.011225117107078105,2.5514139E-5,17.414026,0.089977674,0.11889546,0.045656253,0.15556009,0.19258893,0.05479619,0.081123166,0.64938927,0.019698553,0.06614728,0.022738557,0.36198688,1.2468911,null,null,null,null,"TWOGAUSSIANS",8,8.41709,0.64947927,0.01972514,0.37042478,0.12733592,0.3538769,1.2514358,0.11889546,0.045656253,0.4,0.07730549,0.045946043,0.01828093
375316653866487564,5930749575514623872,0.57286805,2179.4022208589736,2.686891278661887,7.5281787E-6,17.419983,0.0143732615,0.26322466,0.0026607192,0.088328294,0.0049188896,0.436572,0.014822004,0.7683706,0.002209254,0.088733606,0.007103658,0.43937263,0.04177594,null,null,null,null,"TWOGAUSSIANS",8,14.8880625,0.7683706,0.002209254,0.4,0.0,0.42440742,0.04507278,0.26322466,0.0026607192,0.4,0.0,0.4216068,0.012039715
375316653866487564,5930749987791245184,0.5106495,2200.4883341309023,3.2641538281596008,1.5680404E-5,19.361897,0.047075495,0.22024174,0.005194275,0.10172128,0.018471083,0.36993983,0.037008367,0.72827196,0.0085231075,0.09012447,0.0126633,0.3755115,0.05211309,null,null,null,null,"TWOGAUSSIANS",8,4.18285,0.72827196,0.0085231075,0.4,0.0,0.3532055,0.029769301,0.22024174,0.005194275,0.4,0.0,0.34762952,0.018512549
375316653866487564,5930750090870531328,0.51029694,2199.5517779811785,2.675047797390899,1.7270937E-5,19.876167,0.023063825,0.22229896,0.0068960246,0.079880975,0.008504381,0.3655632,0.038763195,0.7271426,0.005277147,0.08025514,0.011479393,0.3540437,0.022315886,null,null,null,null,"TWOGAUSSIANS",8,1.5113975,0.22229896,0.0068960246,0.4,0.0,0.3605648,0.037731905,0.7271426,0.005277147,0.4,0.0,0.34904525,0.02209446
375316653866487564,5930750567581713536,0.58387065,2202.1548313142284,1.936794273118282,5.1935463E-6,16.899292,0.016464561,0.22388297,0.002265633,0.084544145,0.0037704771,0.42730162,0.017844247,0.71867377,0.0020333626,0.078627095,0.0039530713,0.45353094,0.017967377,null,null,null,null,"TWOGAUSSIANS",8,19.532848,0.71867377,0.0020333626,0.4,0.0,0.44625017,0.01585226,0.22388297,0.002265633,0.4,0.0,0.4200208,0.01551888
375316653866487564,5930750640666463744,0.45289403,2220.0992341656747,0.092043472347549,3.518174E-5,15.444932,0.0061079008,0.36012536,0.011430671,0.07756523,0.013354047,0.06793565,0.018389758,0.7628111,0.0038464146,0.026576191,0.008423727,0.16032234,0.054487962,null,null,null,null,"TWOGAUSSIANS",8,145.45993,0.7628111,0.0038464146,0.14882667,0.04717287,0.16032243,0.054487973,0.36012536,0.011430671,0.4,0.0,0.06793564,0.01838984
375316653866487564,5930750812465224064,0.5439675,2221.7349855805282,1.821398842485041,1.42343615E-5,17.049139,0.005666234,0.28670374,0.0037791885,0.07673207,0.005385683,0.10519372,0.0076857996,0.7732033,0.0034663612,0.069801874,0.006571449,0.22640774,0.00902034,null,null,null,null,"TWOGAUSSIANS",8,8.15659,0.7732033,0.0034663612,0.3908905,0.02267446,0.22576052,0.009208289,0.28670374,0.0037791885,0.4,0.0,0.1045465,0.0074167866
375316653866487564,5930751048618139776,0.6610771,2217.4028833739394,2.240014675086005,3.0958713E-6,16.566872,0.0033969078,0.27596015,9.793615E-4,0.08558623,0.0016797432,0.37620923,0.007543923,0.7780983,0.0014930898,0.08340716,0.0014488188,0.40651792,0.005609197,null,null,null,null,"TWOGAUSSIANS",8,4.0199933,0.7780983,0.0014930898,0.4,0.0,0.39706025,0.005465454,0.27596015,9.793615E-4,0.4,0.0,0.36675152,0.007993876
375316653866487564,5930751156022274304,0.5548089,2211.8995094813727,3.359608674102548,1.5179188E-5,18.22124,0.011165827,0.17293662,0.004318469,0.09374903,0.00690776,0.25772014,0.012766696,0.68987215,0.0041049332,0.08854791,0.008148687,0.26812282,0.011081905,null,null,null,null,"TWOGAUSSIANS",8,4.0608387,0.68987215,0.0041049332,0.4,0.0,0.25869977,0.007514837,0.17293662,0.004318469,0.4,0.0,0.2482967,0.011170714
375316653866487564,5930751259101697536,0.5439112,2216.1317335598214,3.76541912787816,2.2482474E-5,19.57255,0.01219276,0.30840456,0.0023088483,0.066830784,0.0038280578,0.47447047,0.017290968,0.81263417,0.006311269,0.07114171,0.006678925,0.551434,0.03428353,null,null,null,null,"TWOGAUSSIANS",8,1.9062396,0.81263417,0.006311269,0.39839357,0.024229635,0.5501443,0.034161393,0.30840456,0.0023088483,0.37425238,0.021437123,0.47318077,0.017199744
375316653866487564,5930751774537988224,0.6187476,2192.74685802235,1.6150862262523376,5.323272E-6,12.468268,0.002966143,0.20507629,0.0036406948,0.031097515,0.004643318,0.070389375,0.008860179,0.6943524,0.0012852782,0.043418024,0.001661198,0.33221656,0.008195721,0.0316949,0.0034907684,0.20507629,0.0036406948,"TWOGAUSSIANS_WITH_ELLIPSOIDAL_ON_ECLIPSE1",9,209.60977,0.6946524,0.0012280018,0.24314092,0.009302708,0.39532685,0.0076813777,0.20507629,0.0036406948,0.17414609,0.026002578,0.13377914,0.0085096685
375316653866487564,5930751946336713472,0.6062346,2186.159184186588,3.9565028315742636,5.3253652E-6,17.603024,0.008767114,0.211988,0.00108118,0.06888834,0.0027646,0.5472718,0.024866384,0.70962405,0.0030277942,0.075933576,0.0035659184,0.5013972,0.014866159,null,null,null,null,"TWOGAUSSIANS",8,10.017696,0.211988,0.00108118,0.38577467,0.015481761,0.5447266,0.025169937,0.70962405,0.0030277942,0.4,0.0,0.49885204,0.014956787
375316653866487564,5930752221174795520,0.57487965,2244.192370755798,3.1688489140251894,1.0282778E-5,18.75193,0.011575054,0.1793918,0.0028060263,0.08181197,0.0042228773,0.4996075,0.017128855,0.67609674,0.0037908044,0.08006494,0.005713178,0.5537691,0.017882254,null,null,null,null,"TWOGAUSSIANS",8,3.307348,0.67609674,0.0037908044,0.4,0.0,0.5454022,0.019282293,0.1793918,0.0028060263,0.4,0.0,0.49124065,0.016966637
375316653866487564,5930752594805036928,0.6198949,2192.374360902817,1.3989693530144738,5.373455E-6,16.636646,0.0053584184,0.22858961,0.002685357,0.08967823,0.0044261278,0.18693681,0.0063290372,0.7255323,0.0013886354,0.09041517,0.0039236685,0.21220323,0.0052083833,null,null,null,null,"TWOGAUSSIANS",8,2.9370847,0.7255323,0.0013886354,0.4,0.0,0.20415036,0.0046407846,0.22858961,0.002685357,0.4,0.0,0.17888398,0.0051965727
375316653866487564,5930752633531426688,0.5747674,2183.3460979774122,1.355343109362833,1.3959836E-5,17.254528,0.026699467,0.6494091,0.03448776,0.130745,0.18527868,0.020538405,0.024773994,0.8675725,7.0564356E-4,0.03243886,0.0013490871,0.4828139,0.008268088,null,null,null,null,"TWOGAUSSIANS",8,12.328165,0.8675725,7.0564356E-4,0.18165761,0.0075548883,0.48789117,0.012860714,0.6494091,0.03448776,0.4,0.0,0.020510996,0.009075373
375316653866487564,5930753045808754048,0.41452545,2153.871210760768,1.719597493459572,9.5888994E-5,18.308323,0.0235678,0.13747695,0.030551134,0.055232774,0.023285886,0.1116029,0.04491091,0.56124866,0.04981907,0.04979919,0.043091804,0.1777628,0.06828735,null,null,null,null,"TWOGAUSSIANS",8,26.50995,0.56124866,0.04981907,0.27887544,0.1910223,0.17776273,0.068326764,0.13747695,0.03055189,0.30930352,0.13040096,0.11160283,0.044900764
375316653866487564,5930753144561228032,0.46400467,2172.9735129736987,1.4917240026495031,2.334885E-5,17.725203,0.014380276,0.29016906,0.020925893,0.10457372,0.03146225,0.053749625,0.016656196,0.7690049,0.0071104034,0.09442874,0.013797827,0.11724042,0.013365286,null,null,null,null,"TWOGAUSSIANS",8,5.131737,0.7690049,0.0071104034,0.4,0.0,0.11228623,0.008118023,0.29016906,0.02091652,0.4,0.0,0.048794046,0.0077450844
375316653866487564,5930753183247523968,0.45274696,2205.626682576461,0.09653817876478717,3.7307036E-5,19.414742,0.009620911,0.34093553,0.0065511265,0.034693822,0.016300933,0.36572894,0.18106644,0.62488955,0.03777909,0.06792105,0.020463899,0.09388,0.01842681,null,null,null,null,"TWOGAUSSIANS",8,3.7707407,0.34093553,0.0065435166,0.1942854,0.09128523,0.365744,0.1810779,0.62488955,0.03777909,0.3803579,0.10568206,0.09388,0.018426813
375316653866487564,5930753728683005056,0.5232588,2182.759348727988,2.8307462441190263,2.117058E-5,17.65014,0.03856463,0.2831892,0.0052070054,0.103147626,0.01929237,0.28373215,0.026614886,0.7717831,0.0072681895,0.099681355,0.015900211,0.30393943,0.034987923,null,null,null,null,"TWOGAUSSIANS",8,13.564008,0.7717831,0.0072681895,0.4,0.0,0.27950978,0.016371744,0.2831892,0.005200986,0.4,0.0,0.25929984,0.025494829
375316653866487564,5930753973561404800,0.52710307,2182.2615951453445,3.582142628289748,7.289976E-6,19.395954,0.0101406835,0.21016616,0.003180642,0.07093288,0.004119144,0.40183735,0.019156624,0.71941197,0.003203207,0.06602803,0.0044017667,0.40595397,0.02265884,null,null,null,null,"TWOGAUSSIANS",8,2.3525324,0.71941197,0.003203207,0.36975697,0.024649894,0.40515053,0.022732424,0.21016616,0.003180642,0.39722413,0.020001454,0.4010339,0.019179871
375316653866487564,5930754042241430400,0.5157343,2168.339199478044,1.2984837081317162,7.981348E-6,19.685158,0.0076527796,0.18615894,0.0015197361,0.026386743,0.0016209078,0.62207687,0.06751751,0.6884327,0.0031005288,0.02457768,0.003509432,0.6151967,0.13651007,null,null,null,null,"TWOGAUSSIANS",8,3.086129,0.18615894,0.0015197361,0.14776577,0.009077083,0.62207687,0.06751751,0.6884327,0.0031005288,0.13763501,0.01965282,0.6151967,0.13651007
375316653866487564,5930754179680316800,0.5946222,2185.6621597697904,3.299102748651952,6.1603278E-6,19.353008,0.0112012485,0.2636076,0.0024759374,0.043865763,0.003245354,0.4103702,0.03533241,0.76525414,0.0025791104,0.052596733,0.0026416627,0.5943512,0.034028754,0.11409809,0.01447473,0.2636076,0.0024759374,"TWOGAUSSIANS_WITH_ELLIPSOIDAL_ON_ECLIPSE1",9,1.9512929,0.76525414,0.002576025,0.2945417,0.014793311,0.8225165,0.026107144,0.2636076,0.0024759374,0.24564826,0.018173981,0.63855994,0.019259023
375316653866487564,5930754317119235328,0.46090552,2198.301836481139,0.03696296979562645,3.2394495E-5,19.198551,0.058003064,0.3211634,0.026730875,0.18541759,0.05650866,0.2589481,0.055680133,0.76728374,0.0043601897,0.029803654,0.006116017,1.3109628,1.2573893,null,null,null,null,"TWOGAUSSIANS",8,5.3833194,0.76728374,0.0043601897,0.16690047,0.034249693,1.309231,1.2627548,0.3211634,0.026730875,0.4,0.0,0.23990075,0.021980762
375316653866487564,5930754695076836096,0.48455673,2190.9122739322584,3.3273222269627665,4.1472405E-5,19.32288,0.0550824,0.28622743,0.008386732,0.11728393,0.022118019,0.26345038,0.05418842,0.7888773,0.004597518,0.10605583,0.019087302,0.2809621,0.051168863,null,null,null,null,"TWOGAUSSIANS",8,2.5270717,0.7888873,0.0046212045,0.4,0.0,0.23794916,0.012473347,0.28622743,0.008388963,0.4,0.0,0.22038603,0.011432791
375316653866487564,5930754793834910336,0.47434333,2233.9873968795587,0.046769611060304965,1.9960215E-5,18.219025,0.008235598,0.26270974,0.006045875,0.06946848,0.0075114467,0.17867245,0.022111895,0.7462923,0.0041132844,0.05389954,0.0053787716,0.22007889,0.027670758,null,null,null,null,"TWOGAUSSIANS",8,7.5367355,0.7462923,0.0041132844,0.3018374,0.030121122,0.22001812,0.027709669,0.26270974,0.006045875,0.3890235,0.03964575,0.17861167,0.022127096
375316653866487564,5930755073072998272,0.568171,2181.615782744636,0.7288397989790936,8.762666E-6,16.250792,0.0014536236,0.2050514,0.006610544,0.029058648,0.007001589,0.09294057,0.011931237,0.7216739,0.0073039797,0.026746783,0.023509512,0.3627248,6.9006136E29,0.022908792,0.002671194,0.7216739,0.0073039797,"TWOGAUSSIANS_WITH_ELLIPSOIDAL_ON_ECLIPSE2",9,4.9047823,0.7216739,0.0073039797,0.14978199,0.13165326,0.40854234,6.9006136E29,0.20558141,0.0063198195,0.16272843,0.0392089,0.13827579,0.010670469
375316653866487564,5930755416630789760,0.4586861,2232.5124169671135,2.7802223008808853,3.9678416E-5,19.811237,0.055626288,0.2999222,0.015266241,0.08515086,0.026891911,0.26166764,0.054928575,0.7915403,0.009676956,0.09528866,0.031722087,0.27458996,0.038038082,null,null,null,null,"TWOGAUSSIANS",8,3.3113632,0.7915403,0.009676956,0.4,0.0,0.2644651,0.03483131,0.2999222,0.015274718,0.4,0.0,0.2515434,0.03738797
375316653866487564,5930755485389866112,0.60507905,2190.954774351651,1.8886373815524802,5.545424E-6,16.594465,0.0058440166,0.27595988,0.0025721963,0.088536784,0.002885858,0.28506738,0.0073513053,0.7814079,0.001735437,0.08615806,0.0026785242,0.26726142,0.0075248424,null,null,null,null,"TWOGAUSSIANS",8,5.601465,0.27595988,0.0025721963,0.4,0.0,0.2766666,0.0059521333,0.7814079,0.001735437,0.4,0.0,0.2588607,0.006823463
375316653866487564,5930755588469096320,0.47691828,2215.639268016626,1.0665813833971314,3.6744736E-5,17.118977,0.0067570903,0.28090033,0.01523881,0.10183508,0.023337953,0.0710112,0.007686655,0.7871466,0.007071819,0.084885836,0.013752226,0.045223594,0.006565177,null,null,null,null,"TWOGAUSSIANS",8,3.1989923,0.28090033,0.01523881,0.4,0.0,0.06809611,0.0074946294,0.7871466,0.007071819,0.4,0.0,0.042309366,0.0038958578
375316653866487564,5930755622789492992,0.55320054,2199.782159617111,2.8293998385671952,1.478176E-5,19.12639,0.015915785,0.30304778,0.0022055286,0.08363674,0.004837284,0.4363974,0.019982414,0.7980329,0.0038859237,0.074499816,0.004732118,0.46631923,0.027597228,null,null,null,null,"TWOGAUSSIANS",8,2.6885083,0.7980329,0.0038859237,0.4,0.0,0.4608365,0.026510097,0.30304778,0.0022055286,0.4,0.0,0.43091467,0.018991046
375316653866487564,5930756206905416320,0.53619754,2239.5890450478882,0.8393457313326727,1.7455117E-5,18.713743,0.006657317,0.24324138,0.0011217413,0.023126159,0.0016660445,3.9444406,1.8182832,0.74161494,0.0011454074,0.028067546,0.003860373,0.11429785,0.010450036,0.024718544,0.0077205095,0.24324138,0.0011217413,"TWOGAUSSIANS_WITH_ELLIPSOIDAL_ON_ECLIPSE1",9,3.0107372,0.24324138,0.0011217413,0.1295065,0.009329849,3.9938774,1.8273605,0.74165493,0.0011164015,0.15717825,0.021618089,0.16372979,0.007306168
375316653866487564,5930756447462638848,0.46778214,2203.3144042197728,2.846458202084169,1.9522075E-5,19.151327,0.120602675,0.18964656,0.012001719,0.096054964,0.07270302,0.24923512,0.057193134,0.6978064,0.0036573107,0.084001265,0.02587968,0.2667155,0.10218548,null,null,null,null,"TWOGAUSSIANS",8,4.2045217,0.6978064,0.0036687616,0.4,0.0,0.2571544,0.018553928,0.18964656,0.012001719,0.4,0.0,0.23967335,0.06528812
375316653866487564,5930756511819823104,0.58441633,2189.3541646274502,3.345946162164255,7.3290234E-6,17.743525,0.006158307,0.2727543,0.0023123943,0.07648269,0.0037303334,0.34161785,0.02177502,0.7678421,0.0025242013,0.077605054,0.003584579,0.33864963,0.008388574,null,null,null,null,"TWOGAUSSIANS",8,4.6439714,0.2727543,0.0023123943,0.4,0.0,0.3384477,0.022265162,0.7678421,0.0025242013,0.4,0.0,0.33547947,0.0082458
375316653866487564,5930756614896445824,0.51536906,2189.2032076870732,2.4920501890839883,2.1183374E-5,16.870985,0.010961675,0.1949902,0.00897678,0.077419475,0.008622748,0.3633245,0.026845226,0.7021672,0.0047996338,0.08070224,0.006523175,0.39651945,0.021908693,null,null,null,null,"TWOGAUSSIANS",8,77.00957,0.7021672,0.0047996338,0.4,0.0,0.39208767,0.022563264,0.1949902,0.00897678,0.4,0.0,0.3588927,0.028153008
375316653866487564,5930756619222291200,0.57725614,2166.8439391618545,0.801634708409939,4.489814E-5,19.480246,0.0035010828,0.34576678,0.012970335,0.028970871,0.009193982,0.06353004,0.019383797,0.8580678,0.007924007,0.026814647,0.004532653,0.6841196,0.04247932,null,null,null,null,"TWOGAUSSIANS",8,0.9001416,0.8580678,0.007924007,0.15016203,0.025382856,0.6841196,0.04247932,0.34576678,0.012970335,0.16223687,0.0514863,0.06353004,0.019383797
