Gaia/vari_eclipsing_binary/VariEclipsingBinary_664838-664881.csv
# %ECSV 1.0
# ---
# delimiter: ','
# meta: !!omap
# - RELEASE: Gaia DR3
# - TABLE: vari_eclipsing_binary
# - DESCRIPTION: >
#     This table describes the properties of the eclipsing binaries resulting from the variability analysis. 
# - CITATION: >
#     How to cite and acknowledge Gaia: 
#     https://gea.esac.esa.int/archive/documentation/credits.html 
# - KNOWN_ISSUES: >
#     Known issues: 
#     https://www.cosmos.esa.int/web/gaia-users/known-issues 
# - DOCUMENTATION: >
#     Tutorials and documentation: 
#     https://www.cosmos.esa.int/web/gaia-users/archive 
# datatype:
# - 
#   name: solution_id
#   datatype: int64
#   description: Solution Identifier
#   meta:
#     ucd: meta.version
# - 
#   name: source_id
#   datatype: int64
#   description: Unique source identifier
#   meta:
#     ucd: meta.id;meta.main
# - 
#   name: global_ranking
#   datatype: float32
#   description: Number between 0 (worst) and 1 (best)
#   meta:
#     ucd: stat.param
# - 
#   name: reference_time
#   datatype: float64
#   unit: d
#   description: Reference time used for the geometric model fit
#   meta:
#     ucd: time.epoch
# - 
#   name: frequency
#   datatype: float64
#   unit: d**-1
#   description: Frequency of geometric model of the eclipsing binary light curve
#   meta:
#     ucd: src.orbital
# - 
#   name: frequency_error
#   datatype: float32
#   unit: d**-1
#   description: "Uncertainty of \\texttt{frequency}"
#   meta:
#     ucd: stat.error
# - 
#   name: geom_model_reference_level
#   datatype: float32
#   unit: mag
#   description: Magnitude reference level of geometric model
#   meta:
#     ucd: phot.mag;em.opt
# - 
#   name: geom_model_reference_level_error
#   datatype: float32
#   unit: mag
#   description: "Uncertainty of \\texttt{geomModelReferenceLevel}"
#   meta:
#     ucd: stat.error;phot.mag;em.opt
# - 
#   name: geom_model_gaussian1_phase
#   datatype: float32
#   description: Phase of the Gaussian 1 component
#   meta:
#     ucd: time.phase
# - 
#   name: geom_model_gaussian1_phase_error
#   datatype: float32
#   description: "Uncertainty of \\texttt{geomModelGaussian1Phase}"
#   meta:
#     ucd: stat.error;time.phase
# - 
#   name: geom_model_gaussian1_sigma
#   datatype: float32
#   description: "Standard deviation [phase] of Gaussian 1 component"
#   meta:
#     ucd: stat.stdev
# - 
#   name: geom_model_gaussian1_sigma_error
#   datatype: float32
#   description: "Uncertainty of \\texttt{geomModelGaussian1Sigma}"
#   meta:
#     ucd: stat.error
# - 
#   name: geom_model_gaussian1_depth
#   datatype: float32
#   unit: mag
#   description: Magnitude depth of Gaussian 1 component
#   meta:
#     ucd: src.var.amplitude
# - 
#   name: geom_model_gaussian1_depth_error
#   datatype: float32
#   unit: mag
#   description: "Uncertainty of \\texttt{geomModelGaussian1Depth}"
#   meta:
#     ucd: stat.error;src.var.amplitude
# - 
#   name: geom_model_gaussian2_phase
#   datatype: float32
#   description: Phase of Gaussian 2 component
#   meta:
#     ucd: time.phase
# - 
#   name: geom_model_gaussian2_phase_error
#   datatype: float32
#   description: "Uncertainty of \\texttt{geomModelGaussian2Phase}"
#   meta:
#     ucd: stat.error;time.phase
# - 
#   name: geom_model_gaussian2_sigma
#   datatype: float32
[...]
#   datatype: float32
#   description: "Secondary eclipse: uncertainty of \\texttt{derivedSecondaryEclDuration}"
#   meta:
#     ucd: stat.error;time.duration
# - 
#   name: derived_secondary_ecl_depth
#   datatype: float32
#   unit: mag
#   description: "Secondary eclipse: depth"
#   meta:
#     ucd: src.var.amplitude
# - 
#   name: derived_secondary_ecl_depth_error
#   datatype: float32
#   unit: mag
#   description: "Secondary eclipse: uncertainty of \\texttt{derivedSecondaryEclDepth}"
#   meta:
#     ucd: stat.error;src.var.amplitude
solution_id,source_id,global_ranking,reference_time,frequency,frequency_error,geom_model_reference_level,geom_model_reference_level_error,geom_model_gaussian1_phase,geom_model_gaussian1_phase_error,geom_model_gaussian1_sigma,geom_model_gaussian1_sigma_error,geom_model_gaussian1_depth,geom_model_gaussian1_depth_error,geom_model_gaussian2_phase,geom_model_gaussian2_phase_error,geom_model_gaussian2_sigma,geom_model_gaussian2_sigma_error,geom_model_gaussian2_depth,geom_model_gaussian2_depth_error,geom_model_cosine_half_period_amplitude,geom_model_cosine_half_period_amplitude_error,geom_model_cosine_half_period_phase,geom_model_cosine_half_period_phase_error,model_type,num_model_parameters,reduced_chi2,derived_primary_ecl_phase,derived_primary_ecl_phase_error,derived_primary_ecl_duration,derived_primary_ecl_duration_error,derived_primary_ecl_depth,derived_primary_ecl_depth_error,derived_secondary_ecl_phase,derived_secondary_ecl_phase_error,derived_secondary_ecl_duration,derived_secondary_ecl_duration_error,derived_secondary_ecl_depth,derived_secondary_ecl_depth_error
[from data line 362]
375316653866487564,5848214112334450176,0.58418244,2263.0639967420193,3.6327609113186483,4.6091377E-6,17.799799,0.0094576115,0.2431177,0.0017719361,0.051534828,0.0054979497,0.2257051,0.024028549,0.7419756,0.0028700137,0.04927563,0.0049963333,0.14753395,0.01946268,0.0582844,0.011161481,0.2431177,0.0017719361,"TWOGAUSSIANS_WITH_ELLIPSOIDAL_ON_ECLIPSE1",9,3.8888092,0.2431177,0.0017719361,0.28859502,0.030788518,0.34227175,0.02515966,0.7421256,0.0025652677,0.27594352,0.027979467,0.2640954,0.0070739365
375316653866487564,5848214833888929536,0.6212956,2240.7303355490108,2.874903033943329,6.0460766E-6,18.18706,0.007311802,0.25668794,0.0025873869,0.037284747,0.0064577414,0.16728216,0.018626042,0.7589015,0.0050194454,0.045732386,0.0053795446,0.23829006,0.015925998,0.12907724,0.008703065,0.25668794,0.0025873869,"TWOGAUSSIANS_WITH_ELLIPSOIDAL_ON_ECLIPSE1",9,2.7836354,0.7589015,0.0050194454,0.25610137,0.030125448,0.49639422,0.0060994267,0.25668794,0.0025873869,0.20879458,0.036163352,0.42543626,0.01214258
375316653866487564,5848215009980991872,0.48388088,2256.435807607743,2.588889800818071,1.0329467E-5,17.568783,0.17180116,0.29520842,0.003652127,0.19697005,0.03616722,0.5135547,0.16598284,0.79755884,0.0027392723,0.15682393,0.011409603,0.5063061,0.1084572,null,null,null,null,"TWOGAUSSIANS",8,5.626969,0.7984688,0.002867855,0.4,0.0,0.17878887,0.009186061,0.29469845,0.003965687,0.4,0.0,0.15134692,0.012730882
375316653866487564,5848215078700470016,0.46475115,2279.133341165746,1.483115105022606,3.1608066E-5,17.698315,0.002305604,0.17541349,0.008766862,0.03632565,0.008571933,0.060711164,0.044202443,0.691819,0.0081997495,0.053589553,0.016587658,0.13789181,0.041643023,null,null,null,null,"TWOGAUSSIANS",8,3.9233823,0.691819,0.0081997495,0.3001015,0.09289088,0.13789181,0.041643746,0.17541349,0.008766862,0.20342363,0.048002824,0.060711153,0.044202443
375316653866487564,5848215383645302400,0.5911582,2256.8325599620516,2.589828971071043,4.6204473E-6,17.44389,0.012934033,0.22164132,0.00404116,0.064144254,0.0054071494,0.3485196,0.029068705,0.73951995,0.0015408274,0.04869474,0.0037466458,0.3056405,0.028146999,0.109765954,0.016727524,0.73951995,0.0015408274,"TWOGAUSSIANS_WITH_ELLIPSOIDAL_ON_ECLIPSE2",9,17.318663,0.22467132,0.0029794665,0.3592078,0.030280037,0.56569993,0.011436513,0.73951995,0.0015408274,0.27269056,0.020981217,0.52511483,0.014548463
375316653866487564,5848215972081698432,0.50464875,2237.305936400023,0.44645617593621895,9.993713E-7,17.905214,0.004079142,0.47608587,0.012443266,0.045546293,0.012700816,0.026821824,0.00889699,0.73059034,3.5325561E-7,0.0037135393,2.8790257E-5,3.6838374,0.09220784,null,null,null,null,"TWOGAUSSIANS",8,8.602181,0.73059034,3.5325561E-7,0.02079582,1.6122544E-4,3.6838374,0.09220783,0.47608587,0.012443266,0.25505924,0.07112457,0.026821824,0.00889699
375316653866487564,5848216006441469184,0.4800561,2263.326742658987,1.5810653758644115,1.3765504E-5,16.920206,0.004855633,0.25709236,0.033387877,0.038406845,0.022125462,0.026209058,0.028632397,0.7501142,0.0043131355,0.055443853,0.008558099,0.19991398,0.030877672,null,null,null,null,"TWOGAUSSIANS",8,16.665428,0.7501142,0.0043131355,0.31048557,0.047925357,0.19991389,0.03087809,0.25709236,0.033387877,0.21507834,0.12390259,0.02620898,0.028632414
375316653866487564,5848216173920362880,0.4759933,2245.791342359779,1.9511009109927542,1.4542567E-5,19.130367,0.0048049944,0.25313637,0.010818778,0.054691046,0.01815004,0.07883483,0.027420467,0.7772509,0.00332928,0.040895123,0.0037203662,0.23121966,0.024810307,null,null,null,null,"TWOGAUSSIANS",8,2.6481016,0.7772509,0.00332928,0.22901268,0.020834051,0.23121959,0.024810325,0.25313637,0.010818778,0.30626985,0.101640224,0.07883476,0.02742055
375316653866487564,5848216865409149824,0.5149606,2240.382867342886,1.7319825609526405,1.09223165E-5,19.876297,0.008192128,0.3323389,0.0069160755,0.04000261,0.006015866,0.20791075,0.029666372,0.8352111,0.005099698,0.046623565,0.0033125498,0.86999226,0.15954708,null,null,null,null,"TWOGAUSSIANS",8,2.3590343,0.8352111,0.005099698,0.26109198,0.018550279,0.8699922,0.15954715,0.3323389,0.0069160755,0.22401461,0.03368885,0.2079107,0.029666392
375316653866487564,5848216968514141312,0.53162557,2235.9286564915687,3.686024058644624,1.0273512E-5,19.216751,0.011207285,0.2804869,0.0031598175,0.051206816,0.015414878,0.09757295,0.026856935,0.78313345,0.019283716,0.03694326,0.015496105,0.19335915,0.09457595,0.10076541,0.01563484,0.2804869,0.0031598175,"TWOGAUSSIANS_WITH_ELLIPSOIDAL_ON_ECLIPSE1",9,2.3646555,0.78313345,0.018588828,0.20688227,0.086778186,0.39483356,0.09364726,0.2804869,0.0031598175,0.28675815,0.08632331,0.2991031,0.01856321
375316653866487564,5848217037206021760,0.49378407,2223.7807283684956,0.2650006879410764,7.3257615E-6,19.134409,0.003622881,0.122641526,4.3063927E-5,0.010977294,2.0865013E-4,1.2909824,0.053460207,0.81347525,0.0021915943,0.010158383,0.0018821589,0.12714171,0.01211852,null,null,null,null,"TWOGAUSSIANS",8,2.3720582,0.122641526,4.3063927E-5,0.061472848,0.0011684408,1.2909824,0.053460207,0.81347525,0.0021915943,0.056886945,0.01054009,0.12714171,0.01211852
375316653866487564,5848217174672568448,0.66524655,2237.2038143748428,0.6552434589915006,2.9074736E-6,16.53158,0.0019307887,0.23736373,0.0020825127,0.027771272,0.002411303,0.10010504,0.0053504216,0.738398,4.0219698E-4,0.02866252,5.788526E-4,0.8210486,0.013406051,0.009151954,0.0025756455,0.23736373,0.0020825127,"TWOGAUSSIANS_WITH_ELLIPSOIDAL_ON_ECLIPSE1",9,6.0726247,0.738398,4.0219698E-4,0.16051011,0.0032415744,0.8393517,0.013728491,0.23736373,0.0020825127,0.15551911,0.013503297,0.11840894,0.0041811247
375316653866487564,5848218510381020672,0.4312304,2297.785542206681,1.8727473217849147,8.88615E-6,17.806095,0.0040565804,0.26217243,0.0014184987,0.0043633184,0.0019681565,0.03071745,0.0038767192,0.7158808,9.0715545E-4,0.019902237,0.0034875022,0.32180628,0.062480927,0.021827785,0.0067146537,0.7158808,9.0715545E-4,"TWOGAUSSIANS_WITH_ELLIPSOIDAL_ON_ECLIPSE2",9,24.960155,0.7158808,9.0715545E-4,0.11145252,0.019530013,0.36546186,0.061362043,0.26208243,0.0014847735,0.024434585,0.0110216765,0.07078979,0.011022892
375316653866487564,5848218892659497472,0.6143651,2249.248954123879,1.178077583028165,3.8698504E-6,14.628507,0.013244781,0.22573464,0.0016187838,0.12076758,0.0069455844,0.23012073,0.011096243,0.72431505,0.0017737255,0.10805375,0.0044535273,0.28451455,0.012433121,null,null,null,null,"TWOGAUSSIANS",8,24.23805,0.72431505,0.0017737255,0.4,0.0,0.23871987,0.004626943,0.22573464,0.0016187838,0.4,0.0,0.18425146,0.005666056
375316653866487564,5848220022209480960,0.52081615,2252.5167635735543,2.1409092240246563,1.0427349E-5,16.497065,0.013801423,0.258562,0.00329997,0.08831915,0.0060225916,0.29739973,0.013214025,0.76292866,0.0031558722,0.07742647,0.007062073,0.2620855,0.014067365,null,null,null,null,"TWOGAUSSIANS",8,33.584763,0.258562,0.00329997,0.4,0.0,0.2919417,0.010851756,0.76292866,0.0031558722,0.4,0.0,0.25662753,0.012790245
375316653866487564,5848220095258254464,0.45102397,2260.976974393608,0.4801787384849347,5.9209455E-5,19.889013,0.03294569,0.19498542,0.017445667,0.05016343,0.0063941204,1.1683303,0.25855672,0.62268275,0.031180732,0.17040746,0.047057442,0.12494817,0.032503355,null,null,null,null,"TWOGAUSSIANS",8,6.433522,0.19513541,0.017384226,0.2809152,0.035807073,1.1632401,0.25745082,0.62268275,0.031180732,0.4,0.0,0.11405253,0.021755338
375316653866487564,5848220404488147328,0.54815954,2269.4919312489737,2.764623601261433,1.1720299E-5,16.615038,1.1752719,0.22990467,0.0032658777,0.14919579,0.067702375,0.6458192,0.9961249,0.72942054,0.0038259204,0.16777469,0.11645791,0.6288603,1.1402751,null,null,null,null,"TWOGAUSSIANS",8,23.459095,0.22998467,0.003261687,0.4,0.0,0.29572296,0.007177931,0.72942054,0.0038249616,0.4,0.0,0.26864138,0.012361913
375316653866487564,5848221602779818624,0.44893095,2253.7772284842895,2.228921066085497,4.1726373E-5,19.334742,0.23185188,0.29393977,0.10186763,0.22286823,0.3035041,0.13478465,0.19532678,0.7003243,0.006809185,0.042499695,0.0115031805,0.38444632,0.041885655,null,null,null,null,"TWOGAUSSIANS",8,8.585214,0.7003243,0.006809185,0.23799829,0.06441781,0.38866138,0.048198245,0.29393977,0.10186763,0.4,0.018421726,0.109563455,0.05774795
375316653866487564,5848223153267401344,0.6816753,2239.120650621664,0.35616951481529996,1.385527E-6,15.806332,7.6656026E-4,0.7813351,6.1224523E-4,0.0191195,5.3640123E-4,0.5619836,0.01661283,0.28039348,0.0013076946,0.019463403,0.0013314507,0.52915746,0.054528687,null,null,null,null,"TWOGAUSSIANS",8,6.311704,0.7813351,6.1224523E-4,0.1070692,0.0030038469,0.5619836,0.01661283,0.28039348,0.0013076946,0.10899506,0.007456124,0.52915746,0.054528687
375316653866487564,5848223187601489152,0.56932044,2263.7382197209995,2.554614647529202,4.7366225E-6,19.587162,0.006446818,0.22934444,0.001380465,0.06557031,0.0016176875,0.70836586,0.015135472,0.72577107,0.002367181,0.06443881,0.0025864267,0.71379715,0.037842862,null,null,null,null,"TWOGAUSSIANS",8,1.5118468,0.72577107,0.002367181,0.36085737,0.01448399,0.7130116,0.037962787,0.22934444,0.001380465,0.36719373,0.00905905,0.7075803,0.015133743
375316653866487564,5848224115340507392,0.602651,2301.117635995053,1.8564864001793395,5.8746054E-6,16.951035,0.0059293187,0.28227475,0.001601751,0.08584354,0.0028784005,0.3351481,0.006011418,0.78351855,0.0021153206,0.09307,0.0035317943,0.24128109,0.0062860698,null,null,null,null,"TWOGAUSSIANS",8,5.6754456,0.28227475,0.001601751,0.4,0.0,0.32403132,0.0050145006,0.78351855,0.0021153206,0.4,0.0,0.23016413,0.00519409
375316653866487564,5848225730248244352,0.42296764,2344.754798804232,0.008682672463154352,1.0364507E-6,16.424114,0.007161577,0.23839355,0.027598199,0.023363179,0.022408118,0.10163938,2.1614606,0.5537987,2.6516826E-5,2.0849732E-4,2.5734984E-5,0.40698788,0.10162726,null,null,null,null,"TWOGAUSSIANS",8,95.975746,0.5537987,2.6516826E-5,0.001167585,1.4411591E-4,0.40698788,0.10162726,0.23839355,0.027598199,0.13083379,0.12548546,0.10163938,2.1614606
375316653866487564,5848225932084190848,0.5000924,2265.594345186053,2.8884610142861638,1.0657744E-5,15.852105,0.008295619,0.2900736,0.004861377,0.08441132,0.0071858037,0.16141075,0.0095870225,0.7904603,0.0077687274,0.08345008,0.010589102,0.13260646,0.012500572,null,null,null,null,"TWOGAUSSIANS",8,63.625,0.2900736,0.004861377,0.4,0.0,0.15796967,0.008438301,0.7904603,0.0077687274,0.4,0.0,0.12916538,0.012354913
375316653866487564,5848226206977175296,0.5785113,2253.329647704129,1.5713078951172954,2.7061872E-6,18.608166,0.0038312918,0.14226213,0.0046670614,0.047748767,0.01125276,0.1085115,0.02323087,0.64183235,7.5744354E-4,0.044340957,0.0011730978,0.36287528,0.007552244,null,null,null,null,"TWOGAUSSIANS",8,1.5781605,0.64183235,7.5744354E-4,0.24830936,0.0065693473,0.36287513,0.007552055,0.14226213,0.0046670614,0.26739308,0.06301545,0.10851135,0.023232711
375316653866487564,5848226550560609536,0.44852293,2261.06487171908,2.7352020566513757,1.7549057E-5,19.277117,0.0061334968,0.11777234,0.027421327,0.019863624,0.023749,0.046954468,1217750.8,0.46792877,0.007828491,0.015423279,0.0064647757,0.41111946,0.20129836,null,null,null,null,"TWOGAUSSIANS",8,4.095898,0.46792877,0.007828491,0.086370364,0.036202744,0.41111946,0.20129836,0.11777234,0.027421327,0.1112363,0.1329944,0.046954468,1217750.8
375316653866487564,5848227100316447616,0.6031804,2228.8142404994455,2.656015023767423,9.165E-6,19.055893,0.012490037,0.28805578,0.0025442156,0.047216054,0.006115961,0.3691972,0.028694658,0.8015263,0.0046117427,0.047276065,0.005029783,0.27783802,0.032377962,0.11265505,0.017928995,0.28805578,0.0025442156,"TWOGAUSSIANS_WITH_ELLIPSOIDAL_ON_ECLIPSE1",9,2.3040102,0.28805578,0.0025442156,0.2644099,0.03424938,0.59450597,0.022165876,0.8015263,0.0046117427,0.26474595,0.028166784,0.5015366,0.017200336
375316653866487564,5848227413847843584,0.45121545,2257.4467818443227,3.1515079543103814,2.5968995E-5,19.353104,0.01605325,0.23190126,0.017642455,0.019360974,0.015484855,0.2173908,0.116900295,0.71161765,0.009351872,0.010321192,0.02838271,0.24666722,0.15310434,0.07228723,0.023408141,0.23190126,0.017642455,"TWOGAUSSIANS_WITH_ELLIPSOIDAL_ON_ECLIPSE1",9,10.866364,0.71171767,0.005627515,0.05779868,0.15894318,0.38891736,0.16802815,0.23190126,0.017642455,0.10842146,0.086715184,0.36196524,0.11662468
375316653866487564,5848227516954089472,0.4132437,2259.912153976194,0.4167203724887699,2.8948865E-5,16.14383,0.0011211917,0.28370586,0.004819661,0.025066879,0.0135321235,0.19529907,0.54607654,0.5459013,0.0020621943,0.009551382,0.0042525646,0.00999582,0.106495135,null,null,null,null,"TWOGAUSSIANS",8,292.6779,0.28370586,0.004819661,0.14037453,0.07577989,0.19529907,0.54607654,0.5459013,0.0020621943,0.053487737,0.023814363,0.00999582,0.106495135
375316653866487564,5848228062387999360,0.5119075,2279.9817896230993,3.3268949745122947,1.8994859E-5,17.184658,0.024050102,0.23955224,0.006484325,0.10374646,0.014745618,0.21370645,0.022419523,0.72223777,0.004760463,0.105803706,0.011074404,0.2416042,0.023128472,null,null,null,null,"TWOGAUSSIANS",8,16.554329,0.72223777,0.004760463,0.4,0.0,0.22002046,0.010610971,0.23956224,0.0064920634,0.4,0.0,0.19212645,0.008305536
375316653866487564,5848228272843631104,0.4523832,2260.8957491882397,0.03169825779164783,8.2940816E-5,18.674473,0.035457186,0.3229413,0.008485029,0.1831604,0.029745635,0.2554374,0.035000514,0.811854,0.06665923,0.040992755,0.028963413,0.18261619,0.14731517,null,null,null,null,"TWOGAUSSIANS",8,6.1079483,0.3229413,0.008485029,0.4,0.0,0.22612402,0.024174424,0.811854,0.066669546,0.22955944,0.16219512,0.16575426,0.11874652
375316653866487564,5848228994422389120,0.5267221,2256.877695198263,2.233678878500088,7.3320925E-6,15.298862,0.0046616592,0.2119951,0.009272489,0.099954285,0.015973963,0.044596456,0.0040661627,0.710034,0.005084578,0.0978603,0.0069405455,0.08087572,0.0055245836,null,null,null,null,"TWOGAUSSIANS",8,11.044537,0.710034,0.005084578,0.4,0.0,0.076131426,0.0044206074,0.2119951,0.009272489,0.4,0.0,0.039852187,0.002416841
375316653866487564,5848229819032182400,0.5288457,2271.2323245074704,3.8376586105115718,7.894375E-6,19.515339,0.0076364498,0.25905207,0.0036112715,0.07379711,0.003957564,0.38732418,0.017962104,0.7584842,0.0033566835,0.061767448,0.004497095,0.4756878,0.034597725,null,null,null,null,"TWOGAUSSIANS",8,2.3342981,0.7584842,0.0033566835,0.3458977,0.025183732,0.4747613,0.03488047,0.25905207,0.0036112715,0.4,0.0010894845,0.38639772,0.017956516
375316653866487564,5848230952928565632,0.45318455,2266.8300014396928,1.0334954753719745,2.651207E-5,17.37964,0.003644478,0.18231915,0.027647298,0.055401202,0.028549276,0.03341382,0.010210489,0.6724436,0.00527047,0.059920017,0.0062571443,0.10388585,0.007961519,null,null,null,null,"TWOGAUSSIANS",8,5.5164914,0.6724436,0.00527047,0.3355521,0.035040006,0.10387905,0.007960014,0.18231915,0.027647298,0.31024674,0.15987594,0.033407018,0.010216335
375316653866487564,5848231330861110272,0.42473206,2266.545639145978,0.06377085153395218,1.8883857E-5,19.397154,0.011778737,0.20062236,0.020599663,0.063495286,0.014690904,0.15088974,0.023604574,0.7334707,0.0055035395,0.017875448,0.003390341,0.24550942,0.09851493,null,null,null,null,"TWOGAUSSIANS",8,8.348741,0.7334707,0.0055035395,0.10010251,0.01898591,0.24550942,0.09851493,0.20062236,0.020599663,0.3555736,0.07325905,0.15088974,0.023604585
