Gaia/vari_eclipsing_binary/VariEclipsingBinary_212578-212643.csv
# %ECSV 1.0
# ---
# delimiter: ','
# meta: !!omap
# - RELEASE: Gaia DR3
# - TABLE: vari_eclipsing_binary
# - DESCRIPTION: >
#     This table describes the properties of the eclipsing binaries resulting from the variability analysis. 
# - CITATION: >
#     How to cite and acknowledge Gaia: 
#     https://gea.esac.esa.int/archive/documentation/credits.html 
# - KNOWN_ISSUES: >
#     Known issues: 
#     https://www.cosmos.esa.int/web/gaia-users/known-issues 
# - DOCUMENTATION: >
#     Tutorials and documentation: 
#     https://www.cosmos.esa.int/web/gaia-users/archive 
# datatype:
# - 
#   name: solution_id
#   datatype: int64
#   description: Solution Identifier
#   meta:
#     ucd: meta.version
# - 
#   name: source_id
#   datatype: int64
#   description: Unique source identifier
#   meta:
#     ucd: meta.id;meta.main
# - 
#   name: global_ranking
#   datatype: float32
#   description: Number between 0 (worst) and 1 (best)
#   meta:
#     ucd: stat.param
# - 
#   name: reference_time
#   datatype: float64
#   unit: d
#   description: Reference time used for the geometric model fit
#   meta:
#     ucd: time.epoch
# - 
#   name: frequency
#   datatype: float64
#   unit: d**-1
#   description: Frequency of geometric model of the eclipsing binary light curve
#   meta:
#     ucd: src.orbital
# - 
#   name: frequency_error
#   datatype: float32
#   unit: d**-1
#   description: "Uncertainty of \\texttt{frequency}"
#   meta:
#     ucd: stat.error
# - 
#   name: geom_model_reference_level
#   datatype: float32
#   unit: mag
#   description: Magnitude reference level of geometric model
#   meta:
#     ucd: phot.mag;em.opt
# - 
#   name: geom_model_reference_level_error
#   datatype: float32
#   unit: mag
#   description: "Uncertainty of \\texttt{geomModelReferenceLevel}"
#   meta:
#     ucd: stat.error;phot.mag;em.opt
# - 
#   name: geom_model_gaussian1_phase
#   datatype: float32
#   description: Phase of the Gaussian 1 component
#   meta:
#     ucd: time.phase
# - 
#   name: geom_model_gaussian1_phase_error
#   datatype: float32
#   description: "Uncertainty of \\texttt{geomModelGaussian1Phase}"
#   meta:
#     ucd: stat.error;time.phase
# - 
#   name: geom_model_gaussian1_sigma
#   datatype: float32
#   description: "Standard deviation [phase] of Gaussian 1 component"
#   meta:
#     ucd: stat.stdev
# - 
#   name: geom_model_gaussian1_sigma_error
#   datatype: float32
#   description: "Uncertainty of \\texttt{geomModelGaussian1Sigma}"
#   meta:
#     ucd: stat.error
# - 
#   name: geom_model_gaussian1_depth
#   datatype: float32
#   unit: mag
#   description: Magnitude depth of Gaussian 1 component
#   meta:
#     ucd: src.var.amplitude
# - 
#   name: geom_model_gaussian1_depth_error
#   datatype: float32
#   unit: mag
#   description: "Uncertainty of \\texttt{geomModelGaussian1Depth}"
#   meta:
#     ucd: stat.error;src.var.amplitude
# - 
#   name: geom_model_gaussian2_phase
#   datatype: float32
#   description: Phase of Gaussian 2 component
#   meta:
#     ucd: time.phase
# - 
#   name: geom_model_gaussian2_phase_error
#   datatype: float32
#   description: "Uncertainty of \\texttt{geomModelGaussian2Phase}"
#   meta:
#     ucd: stat.error;time.phase
# - 
#   name: geom_model_gaussian2_sigma
#   datatype: float32
[...]
#   datatype: float32
#   description: "Secondary eclipse: uncertainty of \\texttt{derivedSecondaryEclDuration}"
#   meta:
#     ucd: stat.error;time.duration
# - 
#   name: derived_secondary_ecl_depth
#   datatype: float32
#   unit: mag
#   description: "Secondary eclipse: depth"
#   meta:
#     ucd: src.var.amplitude
# - 
#   name: derived_secondary_ecl_depth_error
#   datatype: float32
#   unit: mag
#   description: "Secondary eclipse: uncertainty of \\texttt{derivedSecondaryEclDepth}"
#   meta:
#     ucd: stat.error;src.var.amplitude
solution_id,source_id,global_ranking,reference_time,frequency,frequency_error,geom_model_reference_level,geom_model_reference_level_error,geom_model_gaussian1_phase,geom_model_gaussian1_phase_error,geom_model_gaussian1_sigma,geom_model_gaussian1_sigma_error,geom_model_gaussian1_depth,geom_model_gaussian1_depth_error,geom_model_gaussian2_phase,geom_model_gaussian2_phase_error,geom_model_gaussian2_sigma,geom_model_gaussian2_sigma_error,geom_model_gaussian2_depth,geom_model_gaussian2_depth_error,geom_model_cosine_half_period_amplitude,geom_model_cosine_half_period_amplitude_error,geom_model_cosine_half_period_phase,geom_model_cosine_half_period_phase_error,model_type,num_model_parameters,reduced_chi2,derived_primary_ecl_phase,derived_primary_ecl_phase_error,derived_primary_ecl_duration,derived_primary_ecl_duration_error,derived_primary_ecl_depth,derived_primary_ecl_depth_error,derived_secondary_ecl_phase,derived_secondary_ecl_phase_error,derived_secondary_ecl_duration,derived_secondary_ecl_duration_error,derived_secondary_ecl_depth,derived_secondary_ecl_depth_error
[from data line 431]
375316653866487564,1870176026518554880,0.6201965,2205.7823860788917,1.615142425897857,5.108068E-6,18.460705,0.0036933862,0.2533459,0.0017762105,0.06193883,0.0028967203,0.11410088,0.0039000881,0.7581952,0.0011114452,0.05506278,0.0014574272,0.56735533,0.017124237,null,null,null,null,"TWOGAUSSIANS",8,2.0179644,0.7581952,0.0011114452,0.30835158,0.008161592,0.56731236,0.017131269,0.2533459,0.0017762105,0.34685746,0.016221633,0.114057876,0.0038903803
375316653866487564,1870176301396533504,0.42461228,2183.7324280506996,3.3002899294986023,4.575651E-5,19.575333,0.008278772,null,null,null,null,null,null,null,null,null,null,null,null,0.077708885,0.010605097,0.24303001,0.013092841,"ELLIPSOIDAL",4,6.504972,null,null,null,null,null,null,null,null,null,null,null,null
375316653866487564,1870177366548262272,0.63216305,2217.022028972228,1.0464180357840245,4.8841166E-6,16.80615,0.0064407224,0.33386073,0.0020200324,0.054918915,0.0068494515,0.21572585,0.018985933,0.83523184,0.002880687,0.04432994,0.004639079,0.13282621,0.013516433,0.10136008,0.008263136,0.33386073,0.0020200324,"TWOGAUSSIANS_WITH_ELLIPSOIDAL_ON_ECLIPSE1",9,8.184911,0.33386073,0.0020200324,0.30754593,0.03835693,0.41843864,0.01716424,0.83523184,0.002769112,0.24824767,0.02597884,0.33552396,0.005094695
375316653866487564,1870177435267774464,0.52192956,2225.0441302776926,1.0652363270295764,8.02758E-6,17.241674,0.0012828223,0.7717203,0.0019473664,0.017997863,0.030289616,0.03449189,0.011826043,null,null,null,null,null,null,0.052027036,0.0024443376,0.7717203,0.0019473664,"ONEGAUSSIAN_WITH_ELLIPSOIDAL",6,3.31985,0.7717203,0.0019473664,0.100788034,0.16962186,0.1385458,0.014032528,null,null,null,null,null,null
375316653866487564,1870178328621007872,0.5814308,2232.3764592950297,3.3022183715930726,4.839648E-6,17.926323,0.0067708343,0.29491195,0.0017528342,0.054172125,0.0066449987,0.17933281,0.015987538,0.79403067,0.008311268,0.047444794,0.009674578,0.09638307,0.017678149,0.09631248,0.009852746,0.29491195,0.0017528342,"TWOGAUSSIANS_WITH_ELLIPSOIDAL_ON_ECLIPSE1",9,4.633402,0.29491195,0.0017528342,0.3033639,0.03721199,0.37195325,0.014719962,0.7942607,0.006531383,0.26569086,0.05417764,0.28899914,0.008885578
375316653866487564,1870178362980775808,0.5456027,2230.8272750450315,2.423057348277128,8.674969E-6,18.332037,0.017975146,0.24876647,0.0032177416,0.10312389,0.0066896663,0.24110645,0.01709337,0.7684298,0.0033756902,0.094489746,0.012522236,0.15507758,0.016122453,null,null,null,null,"TWOGAUSSIANS",8,2.1828523,0.24876647,0.0032177416,0.4,0.0,0.22884943,0.010801751,0.76843977,0.0033792914,0.4,0.0,0.14282557,0.010786068
375316653866487564,1870178534779589248,0.4678962,2202.344255826452,0.1677719549213827,2.303504E-5,19.421703,0.010226242,0.11243254,0.0024074784,0.018968316,0.0027516403,0.39757884,0.03307021,0.54952514,0.03386094,0.044379447,0.038709782,0.06342584,0.03299349,null,null,null,null,"TWOGAUSSIANS",8,4.2068677,0.11243254,0.0024074784,0.10622256,0.015409185,0.39757884,0.03307021,0.54952514,0.03386094,0.2485249,0.21677478,0.06342584,0.03299349
375316653866487564,1870178848326422528,0.6225969,2194.0951367391913,3.7763119605942346,3.326189E-6,18.69716,0.012600757,0.25111535,0.001034492,0.038954567,0.002325386,0.6112692,0.03006548,0.74729174,0.0014893836,0.03980967,0.0028516734,0.49343637,0.030466294,0.16143677,0.015720062,0.25111535,0.001034492,"TWOGAUSSIANS_WITH_ELLIPSOIDAL_ON_ECLIPSE1",9,4.0491657,0.25111535,0.001034492,0.21814558,0.013022162,0.93414253,0.020578507,0.7475818,0.0013417074,0.22293414,0.015969371,0.8161375,0.02719802
375316653866487564,1870179874809585408,0.6418231,2213.4534533832707,2.7112666873297253,4.8242077E-6,17.611662,0.0057557174,0.22241989,0.0012333983,0.041413322,0.0031348113,0.34305203,0.023611765,0.72125465,0.0023973335,0.045617707,0.0024863489,0.3422653,0.019872187,0.13455622,0.007918995,0.22241989,0.0012333983,"TWOGAUSSIANS_WITH_ELLIPSOIDAL_ON_ECLIPSE1",9,5.852258,0.22241989,0.0012333983,0.23191461,0.017554943,0.6121643,0.024996767,0.72138464,0.0021028589,0.25545916,0.013923554,0.61136484,0.016402284
375316653866487564,1870180046607189248,0.53726274,2185.496747876967,1.3191825953147178,1.4775722E-5,13.717734,0.004890941,0.24280997,0.0046232482,0.02907225,0.0027877777,0.24242459,0.04363531,0.74456847,0.0037016373,0.024134966,0.0032510036,0.72857845,0.2548514,0.02449157,0.0072009144,0.74456847,0.0037016373,"TWOGAUSSIANS_WITH_ELLIPSOIDAL_ON_ECLIPSE2",9,647.7674,0.74456847,0.0037016373,0.13515581,0.01820562,0.77756155,0.25498512,0.24282998,0.004558069,0.16280459,0.015611555,0.29140183,0.04307937
375316653866487564,1870180149687611136,0.6135567,2200.6195960769965,2.36698557053012,6.044364E-6,17.669344,0.007988252,0.27295995,0.0020780622,0.09388873,0.003713352,0.3960099,0.00943106,0.77236146,0.0022396264,0.0884848,0.0033043493,0.44378203,0.009453014,null,null,null,null,"TWOGAUSSIANS",8,4.4444227,0.77236146,0.0022396264,0.4,0.0,0.42445257,0.008232319,0.27295995,0.0020780622,0.4,0.0,0.37668,0.008877043
375316653866487564,1870180836884261376,0.62053716,2204.9940239890516,1.6356275116349952,4.2473894E-6,17.80505,0.0038916424,0.2037978,0.001762618,0.093382485,0.0035361117,0.19719683,0.0045681777,0.7033519,0.0016540963,0.07011912,0.0015752134,0.5033316,0.008114999,null,null,null,null,"TWOGAUSSIANS",8,2.13551,0.7033519,0.0016540963,0.39266706,0.008821195,0.4980545,0.00796085,0.2037978,0.001762618,0.4,0.0,0.19191954,0.004481658
375316653866487564,1870181219137776512,0.4975216,2218.0196456340395,1.8677715241495036,2.5546324E-5,19.347116,0.012296223,0.25455612,0.007952528,0.031381007,0.00981432,0.4572034,0.5287441,0.7425944,0.016201895,0.017647427,0.018395912,0.53098434,0.08908452,0.054896906,0.024493767,0.25455612,0.007952528,"TWOGAUSSIANS_WITH_ELLIPSOIDAL_ON_ECLIPSE1",9,10.181305,0.74265444,0.015828708,0.098825596,0.10301711,0.6401622,0.07085324,0.25455612,0.007952528,0.17573364,0.054960195,0.5669972,0.53328216
375316653866487564,1870182181209712896,0.53900415,2186.4882863486287,3.2912075639733422,7.5312732E-6,19.734034,0.01137854,0.28581983,0.002210245,0.073135436,0.0033103642,0.56303316,0.03158747,0.77823544,0.004193545,0.0693306,0.006465497,0.47678357,0.026184494,null,null,null,null,"TWOGAUSSIANS",8,1.6274776,0.28581983,0.002210245,0.4,0.0,0.5612144,0.031790417,0.77823544,0.004193545,0.38825136,0.036206786,0.47496483,0.026654085
375316653866487564,1870183761757606400,0.4532355,2195.0290108504614,2.191980038878851,4.2023745E-5,19.417921,0.008117466,0.3456467,0.006068606,0.077879645,0.009281916,0.18842313,0.018455805,0.566963,0.004436638,0.0084141,0.0061909114,0.053728327,109.61174,null,null,null,null,"TWOGAUSSIANS",8,3.1517398,0.3456467,0.006068606,0.4,0.0,0.18842313,0.018455807,0.566963,0.004436638,0.047118958,0.034669105,0.057051275,109.61203
375316653866487564,1870184826920712448,0.5742013,2221.0353879607874,0.7089357424838545,6.419335E-6,17.15908,0.003187357,0.18228735,0.011538107,0.01809882,0.016182564,0.026612103,0.013834726,0.6856884,6.2861544E-4,0.029344976,0.0014933456,0.31232166,0.0070276805,0.011336626,0.0049667717,0.18228735,0.011538107,"TWOGAUSSIANS_WITH_ELLIPSOIDAL_ON_ECLIPSE1",9,7.181835,0.6856884,6.2796695E-4,0.16433187,0.008362736,0.33498454,0.007831636,0.18228735,0.011538107,0.1013534,0.09062236,0.049285334,0.007763182
375316653866487564,1870185200569606656,0.529189,2213.5801955558395,3.0880290973552422,6.1373635E-6,19.355509,0.0027479304,0.34340182,0.0035348865,0.014432864,0.0032665438,0.6311884,0.36807457,0.94928765,0.0052099344,0.013073083,0.004050689,0.08175723,0.08170192,null,null,null,null,"TWOGAUSSIANS",8,1.3194914,0.34340182,0.0035348865,0.08082404,0.018292645,0.6311884,0.36807457,0.94928765,0.0052099344,0.07320926,0.022683857,0.08175723,0.08170192
375316653866487564,1870185754633704192,0.5088783,2229.7311345627445,4.234931148069238,2.0990008E-5,14.048626,0.03096861,0.19697604,0.03643351,0.06548056,0.016552867,0.09249905,0.058326583,0.7644568,0.008593591,0.031877037,0.045077976,0.15269472,0.0339752,0.10891516,0.0356863,0.7644568,0.008593591,"TWOGAUSSIANS_WITH_ELLIPSOIDAL_ON_ECLIPSE2",9,1022.3879,0.7644568,0.008593591,0.17851141,0.25243667,0.3705243,0.06648986,0.22823603,0.01410027,0.36669114,0.08365154,0.28927773,0.013997003
375316653866487564,1870187781858364416,0.5196219,2189.525917452193,0.8322939660740338,9.6232645E-5,16.923155,0.0058531202,0.15591885,0.035743654,0.06024845,0.03920946,0.063141614,0.04820277,0.6345845,0.0013448683,0.022282464,0.0015466486,0.5112828,0.040403705,null,null,null,null,"TWOGAUSSIANS",8,25.471996,0.6345845,0.0013448683,0.124781795,0.008661232,0.5112828,0.04040371,0.15591885,0.035743654,0.33739132,0.21957296,0.063141614,0.04820277
375316653866487564,1870188331617263872,0.44576532,2203.3436275273034,3.1874713386940976,2.5904808E-5,18.671883,0.32345843,0.2757724,0.008604629,0.084178574,0.06022643,0.19099368,0.20721142,0.77313423,0.013176222,0.114333674,0.111375354,0.14340183,0.3200448,null,null,null,null,"TWOGAUSSIANS",8,6.337752,0.2757724,0.010031875,0.4,0.0,0.17813747,0.041348163,0.77313423,0.013176222,0.4,0.0,0.13052537,0.012572218
375316653866487564,1870188670903547136,0.47359708,2218.7190130699278,3.5362160609872966,1.8764335E-5,18.973248,0.013433166,0.23185389,0.012989253,0.086782716,0.01518837,0.20215541,0.02118677,0.7287583,0.0075155115,0.09258187,0.010854232,0.19757913,0.016731814,null,null,null,null,"TWOGAUSSIANS",8,4.3032618,0.23185389,0.012989253,0.4,0.0,0.1943406,0.020248493,0.7287583,0.0075155115,0.4,0.0,0.18976416,0.014827763
375316653866487564,1870189740363406336,0.40861812,2188.7643577984213,0.030278698168444557,3.765977E-5,17.881123,0.023949895,0.28771713,0.0036479058,0.018931158,0.0045990148,0.72374994,0.68902194,0.72218424,0.05378968,0.04736466,0.059991896,0.12991002,0.22556557,0.02881751,0.033323728,0.72218424,0.05378968,"TWOGAUSSIANS_WITH_ELLIPSOIDAL_ON_ECLIPSE2",9,31.011993,0.28758714,0.0036059076,0.10601448,0.025754482,0.7721705,0.6891837,0.72218424,0.05378968,0.2652421,0.32710782,0.18754482,0.20547712
375316653866487564,1870190491971825792,0.5452085,2227.1460551793384,3.593995936175581,8.649498E-6,19.287453,0.0133018205,0.2016147,0.002735133,0.06523399,0.003065307,0.578892,0.016890353,0.6990364,0.0046345373,0.06486144,0.004879708,0.44752827,0.020697044,null,null,null,null,"TWOGAUSSIANS",8,5.4467587,0.2016147,0.002735133,0.36531034,0.017165719,0.5783071,0.016712235,0.6990364,0.0046345373,0.3632241,0.027326364,0.44694337,0.020637985
375316653866487564,1870191973747099904,0.564271,2224.3022241037006,0.7206318209118531,1.11296295E-5,17.609116,0.0019797324,0.59262955,0.0064666127,0.032851566,0.0067999153,0.3933686,0.07044207,0.81271803,0.02160921,0.043387562,0.016823255,0.014074575,0.0060710725,null,null,null,null,"TWOGAUSSIANS",8,4.700692,0.59262955,0.0064666127,0.18396877,0.038079526,0.39336866,0.070442036,0.81271803,0.02160921,0.24297035,0.09421023,0.014074575,0.0060710725
375316653866487564,1870192072520095232,0.49796772,2211.4917607309912,3.4571198455945398,1.5149408E-5,19.782104,0.018057339,0.29260615,0.0032099765,0.09479347,0.006704599,0.33559015,0.019195793,0.79317516,0.00592932,0.09565751,0.009430466,0.3253851,0.023720562,null,null,null,null,"TWOGAUSSIANS",8,1.5731171,0.29260615,0.0032099765,0.4,0.0,0.31469798,0.0142509835,0.79317516,0.00592932,0.4,0.0,0.30449277,0.021072295
375316653866487564,1870193275111178240,0.5240224,2236.552678878301,2.9523450702296907,1.2487491E-5,18.48865,0.018964186,0.25031677,0.0065725097,0.110644616,0.012920274,0.18030249,0.019956633,0.7388905,0.0042192293,0.10266708,0.011711387,0.18255149,0.016789138,null,null,null,null,"TWOGAUSSIANS",8,1.6855923,0.7388905,0.0042192293,0.4,0.0,0.16210042,0.0066616507,0.25031677,0.0065651243,0.4,0.0,0.1598397,0.007672974
375316653866487564,1870193966603464320,0.56109846,2208.728546418483,2.7844545522839175,1.342804E-5,19.430525,0.0078432,0.26019886,0.0036463328,0.0785198,0.004720497,0.31981474,0.018153733,0.75136244,0.004624414,0.080804884,0.0053301943,0.4030857,0.021753052,null,null,null,null,"TWOGAUSSIANS",8,1.4530071,0.75136244,0.004624414,0.4,0.0,0.39870268,0.02204701,0.26019886,0.0036463328,0.4,0.0,0.3154317,0.018525872
375316653866487564,1870194237183942400,0.6062576,2238.3374514578704,2.237689585363672,5.347155E-6,18.008486,0.0052142236,0.21704203,0.0020096255,0.07689613,0.002475535,0.44177508,0.013792309,0.71376646,0.0017458842,0.075353034,0.0028097013,0.47965777,0.022004066,null,null,null,null,"TWOGAUSSIANS",8,3.136237,0.71376646,0.0017458842,0.4,0.0,0.47575766,0.02289485,0.21704203,0.0020096255,0.4,0.0,0.437875,0.014046488
375316653866487564,1870194241489962880,0.5305509,2230.554215569938,1.2334846123091001,1.4332862E-5,15.265353,0.011760137,0.2870304,0.0035854422,0.10761144,0.011960431,0.09968587,0.010011627,0.7943003,0.0045129117,0.12653601,0.01683384,0.071568474,0.01140128,null,null,null,null,"TWOGAUSSIANS",8,7.1253276,0.28698042,0.0035737115,0.4,0.0,0.08397735,0.004720689,0.79431033,0.0045117303,0.4,0.0,0.05580458,0.0022641325
375316653866487564,1870196264407211008,0.4623706,2234.222059325514,3.1539253965967577,4.4850665E-5,19.951715,0.023481306,0.7641292,0.0075541497,0.039971128,0.03891803,0.38639647,0.26840636,null,null,null,null,null,null,0.22400248,0.04232493,0.7641292,0.0075541497,"ONEGAUSSIAN_WITH_ELLIPSOIDAL",6,18.562145,0.7641292,0.0075541497,0.22383831,0.21794097,0.8344012,0.28554612,null,null,null,null,null,null
375316653866487564,1870196608004621952,0.5137437,2224.951257961559,0.16717139887783444,9.634882E-6,17.444187,0.0028597808,0.15650952,0.008873469,0.012815767,0.010114398,0.30246553,0.14722602,0.676567,0.004590053,0.025883127,0.0021195705,0.33520874,0.039496038,null,null,null,null,"TWOGAUSSIANS",8,9.750346,0.676567,0.004590053,0.14494552,0.011869594,0.33520874,0.039496038,0.15650952,0.008873469,0.07176829,0.05664063,0.30246553,0.14722602
375316653866487564,1870196887189829120,0.49035305,2225.4109300471846,1.8014740574373789,2.5302714E-5,17.01623,0.030069672,0.26966903,0.0080554355,0.095779076,0.01503188,0.29758254,0.032190103,0.7563025,0.0095002,0.10114544,0.012845907,0.29978403,0.03493127,null,null,null,null,"TWOGAUSSIANS",8,51.911625,0.7563025,0.0095002,0.4,0.0,0.27981576,0.023502655,0.26966903,0.008062289,0.4,0.0,0.27761692,0.026163261
375316653866487564,1870197436945641600,0.5274398,2204.1968734041357,2.820507577821361,1.6795619E-5,16.646181,1.0792367,0.2118881,0.008419181,0.12472021,0.093213536,0.4229097,1.0468473,0.6914735,0.007899278,0.11569237,0.054066908,0.38564327,0.8727243,null,null,null,null,"TWOGAUSSIANS",8,42.56004,0.21195811,0.0066245296,0.4,0.0,0.34533906,0.019881278,0.6914735,0.007899278,0.4,0.0,0.30831578,0.024014825
375316653866487564,1870198399018344576,0.6926445,2198.3801461571584,1.5284508196660402,1.03946195E-5,15.359755,4.521384E-4,0.7865095,1.7996541E-4,0.0033569746,1.4368644E-4,0.78233004,0.0687087,null,null,null,null,null,null,null,null,null,null,"ONEGAUSSIAN",5,3.6544263,0.7865095,1.7996541E-4,0.018799057,8.046441E-4,0.78233004,0.0,null,null,null,null,null,null
375316653866487564,1870198532151531648,0.52511084,2217.0419137890544,0.15704556245864365,5.8717433E-6,19.217718,0.003678138,0.39973462,3.119323E-4,0.006669884,6.4926205E-4,0.45389903,0.040249642,0.8944118,0.051590074,0.026831001,0.01942728,0.0793122,0.03911541,null,null,null,null,"TWOGAUSSIANS",8,1.3846701,0.39973462,3.119323E-4,0.03735135,0.0036358673,0.45389903,0.040249642,0.8944118,0.051590074,0.15025361,0.10879277,0.0793122,0.03911541
