Gaia/vari_eclipsing_binary/VariEclipsingBinary_462832-462858.csv
# %ECSV 1.0
# ---
# delimiter: ','
# meta: !!omap
# - RELEASE: Gaia DR3
# - TABLE: vari_eclipsing_binary
# - DESCRIPTION: >
#     This table describes the properties of the eclipsing binaries resulting from the variability analysis. 
# - CITATION: >
#     How to cite and acknowledge Gaia: 
#     https://gea.esac.esa.int/archive/documentation/credits.html 
# - KNOWN_ISSUES: >
#     Known issues: 
#     https://www.cosmos.esa.int/web/gaia-users/known-issues 
# - DOCUMENTATION: >
#     Tutorials and documentation: 
#     https://www.cosmos.esa.int/web/gaia-users/archive 
# datatype:
# - 
#   name: solution_id
#   datatype: int64
#   description: Solution Identifier
#   meta:
#     ucd: meta.version
# - 
#   name: source_id
#   datatype: int64
#   description: Unique source identifier
#   meta:
#     ucd: meta.id;meta.main
# - 
#   name: global_ranking
#   datatype: float32
#   description: Number between 0 (worst) and 1 (best)
#   meta:
#     ucd: stat.param
# - 
#   name: reference_time
#   datatype: float64
#   unit: d
#   description: Reference time used for the geometric model fit
#   meta:
#     ucd: time.epoch
# - 
#   name: frequency
#   datatype: float64
#   unit: d**-1
#   description: Frequency of geometric model of the eclipsing binary light curve
#   meta:
#     ucd: src.orbital
# - 
#   name: frequency_error
#   datatype: float32
#   unit: d**-1
#   description: "Uncertainty of \\texttt{frequency}"
#   meta:
#     ucd: stat.error
# - 
#   name: geom_model_reference_level
#   datatype: float32
#   unit: mag
#   description: Magnitude reference level of geometric model
#   meta:
#     ucd: phot.mag;em.opt
# - 
#   name: geom_model_reference_level_error
#   datatype: float32
#   unit: mag
#   description: "Uncertainty of \\texttt{geomModelReferenceLevel}"
#   meta:
#     ucd: stat.error;phot.mag;em.opt
# - 
#   name: geom_model_gaussian1_phase
#   datatype: float32
#   description: Phase of the Gaussian 1 component
#   meta:
#     ucd: time.phase
# - 
#   name: geom_model_gaussian1_phase_error
#   datatype: float32
#   description: "Uncertainty of \\texttt{geomModelGaussian1Phase}"
#   meta:
#     ucd: stat.error;time.phase
# - 
#   name: geom_model_gaussian1_sigma
#   datatype: float32
#   description: "Standard deviation [phase] of Gaussian 1 component"
#   meta:
#     ucd: stat.stdev
# - 
#   name: geom_model_gaussian1_sigma_error
#   datatype: float32
#   description: "Uncertainty of \\texttt{geomModelGaussian1Sigma}"
#   meta:
#     ucd: stat.error
# - 
#   name: geom_model_gaussian1_depth
#   datatype: float32
#   unit: mag
#   description: Magnitude depth of Gaussian 1 component
#   meta:
#     ucd: src.var.amplitude
# - 
#   name: geom_model_gaussian1_depth_error
#   datatype: float32
#   unit: mag
#   description: "Uncertainty of \\texttt{geomModelGaussian1Depth}"
#   meta:
#     ucd: stat.error;src.var.amplitude
# - 
#   name: geom_model_gaussian2_phase
#   datatype: float32
#   description: Phase of Gaussian 2 component
#   meta:
#     ucd: time.phase
# - 
#   name: geom_model_gaussian2_phase_error
#   datatype: float32
#   description: "Uncertainty of \\texttt{geomModelGaussian2Phase}"
#   meta:
#     ucd: stat.error;time.phase
# - 
#   name: geom_model_gaussian2_sigma
#   datatype: float32
[...]
#   datatype: float32
#   description: "Secondary eclipse: uncertainty of \\texttt{derivedSecondaryEclDuration}"
#   meta:
#     ucd: stat.error;time.duration
# - 
#   name: derived_secondary_ecl_depth
#   datatype: float32
#   unit: mag
#   description: "Secondary eclipse: depth"
#   meta:
#     ucd: src.var.amplitude
# - 
#   name: derived_secondary_ecl_depth_error
#   datatype: float32
#   unit: mag
#   description: "Secondary eclipse: uncertainty of \\texttt{derivedSecondaryEclDepth}"
#   meta:
#     ucd: stat.error;src.var.amplitude
solution_id,source_id,global_ranking,reference_time,frequency,frequency_error,geom_model_reference_level,geom_model_reference_level_error,geom_model_gaussian1_phase,geom_model_gaussian1_phase_error,geom_model_gaussian1_sigma,geom_model_gaussian1_sigma_error,geom_model_gaussian1_depth,geom_model_gaussian1_depth_error,geom_model_gaussian2_phase,geom_model_gaussian2_phase_error,geom_model_gaussian2_sigma,geom_model_gaussian2_sigma_error,geom_model_gaussian2_depth,geom_model_gaussian2_depth_error,geom_model_cosine_half_period_amplitude,geom_model_cosine_half_period_amplitude_error,geom_model_cosine_half_period_phase,geom_model_cosine_half_period_phase_error,model_type,num_model_parameters,reduced_chi2,derived_primary_ecl_phase,derived_primary_ecl_phase_error,derived_primary_ecl_duration,derived_primary_ecl_duration_error,derived_primary_ecl_depth,derived_primary_ecl_depth_error,derived_secondary_ecl_phase,derived_secondary_ecl_phase_error,derived_secondary_ecl_duration,derived_secondary_ecl_duration_error,derived_secondary_ecl_depth,derived_secondary_ecl_depth_error
[from data line 378]
375316653866487564,4071326871434670720,0.4620078,2266.4805352351864,0.7552909666703873,1.2477208E-4,17.750969,0.018903023,0.28298894,0.0473163,0.123300724,0.045389503,0.15573436,0.025969554,0.88140297,0.021885946,0.075902954,0.027121842,0.12513214,0.028000312,null,null,null,null,"TWOGAUSSIANS",8,2.7429192,0.28298894,0.047314152,0.4,0.0,0.15268089,0.022408247,0.88236296,0.021021528,0.4,0.045251146,0.122863896,0.028691089
375316653866487564,4071327700376302208,0.6012812,2243.214184101137,2.975188028425253,9.542106E-6,15.915437,0.007981279,0.28085703,0.0022449112,0.087916054,0.0049342564,0.18199262,0.0068241656,0.7799215,0.0035631685,0.097563416,0.007222819,0.16743769,0.007479995,null,null,null,null,"TWOGAUSSIANS",8,6.499168,0.28085703,0.0022449112,0.4,0.0,0.1729302,0.0033837243,0.7799215,0.0035631685,0.4,0.0,0.15837464,0.0053479536
375316653866487564,4071328525033225856,0.5825998,2225.923906709223,1.0801127429817543,8.996838E-6,16.239178,0.029795352,0.32746056,0.0064857313,0.11478008,0.020686412,0.1664287,0.027564162,0.81092864,0.004103591,0.11026267,0.011833822,0.26325527,0.027903348,null,null,null,null,"TWOGAUSSIANS",8,9.113117,0.81092864,0.004103591,0.4,0.0,0.23359518,0.008476247,0.32750058,0.006525433,0.4,0.0,0.1367607,0.008906307
375316653866487564,4071329246565772672,0.56212276,2249.5833696845602,3.3262133024464524,1.4625208E-5,19.610281,0.01389158,0.2995406,0.0066256346,0.066892296,0.008789118,0.5635712,0.28046364,0.8025253,0.0043094447,0.07153707,0.004756646,0.5481165,0.028049154,null,null,null,null,"TWOGAUSSIANS",8,1.4560937,0.2995406,0.0066256346,0.37459686,0.04921906,0.56206256,0.28132024,0.8025253,0.0043094447,0.4,0.018062567,0.54660785,0.028079307
375316653866487564,4071329345335876224,0.6361733,2205.8753404726085,3.6515479739941705,8.248337E-6,17.01258,0.032520834,0.20362863,0.003043493,0.04625393,0.0062373644,0.3890977,0.07284123,0.71481013,0.0062251096,0.0445327,0.015401383,0.32507673,0.07729266,0.14034973,0.039150503,0.71481013,0.0062251096,"TWOGAUSSIANS_WITH_ELLIPSOIDAL_ON_ECLIPSE2",9,9.998813,0.20483862,0.0021310134,0.25902203,0.034929242,0.66856265,0.032051634,0.71481013,0.0062251096,0.24938312,0.08624775,0.60577524,0.07311168
375316653866487564,4071331853610290432,0.48104995,2291.4242694514683,2.9361409168985744,2.4183673E-5,18.452677,0.0032329431,0.81449425,0.003977329,0.047718816,0.012132855,0.01834999,0.027283508,null,null,null,null,null,null,0.07143287,0.0050339242,0.81449425,0.003977329,"ONEGAUSSIAN_WITH_ELLIPSOIDAL",6,1.607399,0.81449425,0.003977329,0.26722538,0.06794399,0.1612157,0.024939869,null,null,null,null,null,null
375316653866487564,4071331857905837440,0.5612007,2234.2056312447667,3.84381393626263,1.2093257E-5,19.925867,0.012408701,0.2825209,0.0012637057,0.06374803,0.00208495,0.54540956,0.018065846,0.76446307,0.0024968274,0.061491676,0.004293878,0.3788774,0.018154742,null,null,null,null,"TWOGAUSSIANS",8,1.4488431,0.2825209,0.0012637057,0.35698897,0.01167572,0.54523414,0.017999016,0.76446307,0.0024968274,0.34435338,0.024045717,0.37870196,0.018144095
375316653866487564,4071332609514078848,0.63638145,2282.8153747223837,2.440240804166585,4.6749396E-6,12.871865,0.78330964,0.27918452,0.0015237753,0.1802924,0.06074788,0.68451476,0.7275754,0.7796619,0.001908872,0.17424889,0.04613408,0.68121725,0.66545534,null,null,null,null,"TWOGAUSSIANS",8,43.54382,0.77984184,0.0021538513,0.4,0.0,0.20613305,0.0033744443,0.2790245,0.0015350725,0.4,0.0,0.20236816,0.005705401
375316653866487564,4071333575891594112,0.5661736,2239.979435257661,2.728088896470032,2.4559873E-5,18.126215,0.01645584,0.3073374,0.008850147,0.09022143,0.009608896,0.40417618,0.026710134,0.81350976,0.002459182,0.08168272,0.0047461456,0.3850679,0.016858583,null,null,null,null,"TWOGAUSSIANS",8,4.629374,0.3073374,0.008850147,0.4,0.0,0.39383897,0.025089959,0.81350976,0.002459182,0.4,0.0,0.3747309,0.013664284
375316653866487564,4071333949543599616,0.492987,2264.5114386022356,0.12812854039835195,1.2760196E-4,17.846554,0.0068685985,0.20856054,0.008572365,0.08552165,0.013382477,0.17640795,0.008276561,0.6977226,0.015082691,0.05857813,0.038276374,0.14998229,0.034114756,null,null,null,null,"TWOGAUSSIANS",8,1.267695,0.20856054,0.008572365,0.4,0.0,0.17580241,0.008785065,0.6977226,0.015082691,0.32803753,0.2143477,0.14937676,0.03453599
375316653866487564,4071334190079275136,0.55709106,2247.8649979606457,0.12558583254854547,3.7306832E-5,19.137398,0.019139826,0.19642834,0.00375879,0.07911108,0.00904329,0.37771824,0.033670727,0.7058389,0.010281909,0.080871314,0.01601544,0.31720227,0.038122367,null,null,null,null,"TWOGAUSSIANS",8,0.9589585,0.19642834,0.00375879,0.4,0.0,0.37337297,0.03632373,0.7058389,0.010281909,0.4,0.022962015,0.312857,0.039483905
375316653866487564,4071334911615298560,0.51701033,2216.139789986432,0.20523729102854343,3.8004007E-5,18.9364,0.00828359,0.29271674,0.0074670054,0.04862209,0.01367013,0.12783302,0.028032362,0.7268222,0.026336646,0.032332506,0.066123314,0.15750812,0.06383805,null,null,null,null,"TWOGAUSSIANS",8,0.98283863,0.7268222,0.026336646,0.18106204,0.28634533,0.15750812,0.06392019,0.29271674,0.0074670054,0.2722837,0.07655273,0.12783302,0.028019054
375316653866487564,4071335014706473344,0.46661654,2223.2134591548747,1.81875993906449,8.347158E-5,19.098953,0.009045362,0.6505724,0.05747218,0.049635198,0.039716918,0.18043981,2.7640357,0.40331405,0.030128522,0.13380517,0.041033577,0.09074781,0.014316276,null,null,null,null,"TWOGAUSSIANS",8,1.9198389,0.6473625,0.05994829,0.2779571,0.22241473,0.1970914,2.7700446,0.40332404,0.030159768,0.4,0.0,0.090579584,0.014297978
375316653866487564,4071335049046390656,0.50676495,2210.0095926423105,0.20534564218637938,3.3005656E-6,15.929026,0.0027253318,0.27031636,3.0053992E-4,0.00691522,5.8953743E-4,3.593883,2.0173185,0.791925,0.013654101,0.037555642,0.01708785,0.18751857,0.075791836,null,null,null,null,"TWOGAUSSIANS",8,4.169565,0.27031636,3.0053992E-4,0.03872523,0.0033014098,3.593883,2.0173185,0.791925,0.013654101,0.21031159,0.095691964,0.18751857,0.075791836
375316653866487564,4071335220848847744,0.57117736,2218.6171871990164,2.688562618597478,3.405057E-5,17.684446,0.02733371,0.2573728,0.0077014146,0.013393844,0.021987453,0.050328106,0.07929622,0.8854159,0.062799506,0.036901157,0.03937975,0.043048188,0.062629506,0.14135315,0.043913487,0.2573728,0.0077014146,"TWOGAUSSIANS_WITH_ELLIPSOIDAL_ON_ECLIPSE1",9,4.688587,0.2573728,0.0077014146,0.075005524,0.12312973,0.3330342,0.029392865,0.8854159,0.062799506,0.20664647,0.17775951,0.178997,0.08110784
375316653866487564,4071335289564566912,0.6526115,2241.427380440016,2.3001013185630277,1.25852375E-5,14.767504,0.02328089,0.23532754,0.0032962684,0.070203125,0.0064156717,0.31703717,0.049001005,0.7356037,0.007616908,0.056812022,0.011573757,0.21439953,0.052024554,0.05247939,0.02525396,0.23532754,0.0032962684,"TWOGAUSSIANS_WITH_ELLIPSOIDAL_ON_ECLIPSE1",9,44.56749,0.23532754,0.0032962684,0.39313748,0.02805823,0.42146218,0.009508022,0.7356037,0.0074530584,0.31814733,0.06481304,0.31882423,0.013677626
375316653866487564,4071335568779416192,0.5118984,2267.976812641722,2.4860496285708598,1.2431743E-5,17.846205,0.005395492,0.21034686,0.0038546794,0.011266022,0.028614476,0.2813793,1.2462601E27,null,null,null,null,null,null,0.11773441,0.008653566,0.21034686,0.0038546794,"ONEGAUSSIAN_WITH_ELLIPSOIDAL",6,14.20293,0.21034686,0.0038546794,0.06308972,0.16024107,0.516848,1.2462601E27,null,null,null,null,null,null
375316653866487564,4071336389080144128,0.49014074,2256.3526429969797,0.7551942664741471,4.531218E-5,18.473976,0.0137485005,0.34640697,0.011699647,0.118629836,0.013737711,0.27472365,0.026652105,0.6916715,0.032120526,0.0877258,0.035331305,0.11878513,0.030275133,null,null,null,null,"TWOGAUSSIANS",8,4.3931127,0.34652698,0.011211203,0.4,0.0,0.27230558,0.026968835,0.6916715,0.032120526,0.4,0.07046309,0.12029225,0.029832589
375316653866487564,4071336530829276416,0.5011842,2170.271177858459,0.3645398277951081,3.0177676E-5,19.281757,0.03659169,0.24491408,0.0046317307,0.08400176,0.010162058,0.2594945,0.034368407,0.7754066,0.012469349,0.13458723,0.025970966,0.19485776,0.036768325,null,null,null,null,"TWOGAUSSIANS",8,1.5615519,0.24466409,0.0046300185,0.4,0.0,0.23803927,0.015298716,0.7754066,0.012469349,0.4,0.0,0.17287526,0.018498657
375316653866487564,4071337252406746880,0.60328305,2252.236470171532,0.9187209908248732,8.948484E-5,18.948853,0.004106247,0.28266734,0.012282174,0.058706988,0.018084938,0.122525185,0.23873368,0.78725505,0.011817559,0.056656063,0.004247599,0.7963024,0.11044154,null,null,null,null,"TWOGAUSSIANS",8,0.80298585,0.78725505,0.011817559,0.31727394,0.023786552,0.79626036,0.11041667,0.28266734,0.012282174,0.32875913,0.10127565,0.12248317,0.23880708
375316653866487564,4071337557309614464,0.54992616,2232.754183889839,2.7497373184109453,2.0626383E-5,18.398598,0.011742418,0.2525064,0.0043240488,0.07468021,0.0072861942,0.2670504,0.024857074,0.75139713,0.0052521834,0.084003426,0.0075046485,0.26570478,0.016448827,null,null,null,null,"TWOGAUSSIANS",8,3.4075685,0.2525064,0.0043240488,0.4,0.006576491,0.26341847,0.025341935,0.75139713,0.0052521834,0.4,0.0,0.26207283,0.015997378
375316653866487564,4071337699084272384,0.58542246,2305.1400454716813,2.918417332690415,2.1854006E-5,19.364397,0.014811536,0.28263673,0.007166429,0.08385915,0.006974048,0.6342391,0.022790076,0.77750313,0.01034932,0.06773391,0.009796873,0.48844558,0.12644556,null,null,null,null,"TWOGAUSSIANS",8,2.259161,0.28263673,0.007166429,0.4,0.0,0.62988275,0.022077546,0.77750313,0.01034932,0.37930992,0.05231217,0.48408926,0.12820226
375316653866487564,4071338351896068480,0.49844456,2233.9025300244516,1.2229322273550465,5.482413E-5,16.869156,0.006436696,0.3341788,0.014499208,0.03552133,0.032043003,0.074191146,0.028308671,0.830826,0.037559956,0.072488055,0.036532447,0.06659243,0.015392332,null,null,null,null,"TWOGAUSSIANS",8,5.340432,0.3341788,0.014499208,0.19891945,0.17944081,0.07418866,0.028628914,0.830826,0.037559956,0.4,0.10762241,0.06658994,0.015369151
375316653866487564,4071338626774324608,0.57160586,2290.988202564837,1.2514524154147726,1.1194252E-5,19.622574,0.02059952,0.27008373,0.0037683812,0.067939885,0.0037429251,0.5063967,0.02433249,0.79857683,0.011623562,0.093614236,0.02168875,0.20885794,0.028069433,null,null,null,null,"TWOGAUSSIANS",8,0.6022014,0.27008373,0.0037691898,0.38046336,0.02096038,0.5036074,0.021350935,0.79857683,0.011623562,0.4,0.0,0.20606792,0.029425755
375316653866487564,4071338862981216512,0.5448233,2282.357730585679,3.0990407495989,2.35786E-5,18.044058,0.07238716,0.2720367,0.0112357,0.091959104,0.025931595,0.36937633,0.0662048,0.7611261,0.09592891,0.10898414,0.11166165,0.33795163,714.36816,null,null,null,null,"TWOGAUSSIANS",8,7.2698555,0.2720467,0.011253494,0.4,0.0,0.3417544,0.02741728,0.7611261,0.09592891,0.4,0.32217076,0.31031004,714.40204
375316653866487564,4071338901674454272,0.5403069,2354.561011249132,0.19927170472925076,3.0473766E-5,17.619688,0.008429,0.29856944,0.014624027,0.0669398,0.014432825,0.20788193,0.07181603,0.7904547,0.07726531,0.0788241,0.041013155,0.1955828,0.90797734,null,null,null,null,"TWOGAUSSIANS",8,4.580535,0.29856944,0.014624027,0.37486288,0.04857055,0.2069609,0.07268776,0.7904547,0.07726531,0.4,0.17095669,0.19466178,0.90873444
375316653866487564,4071339275294450688,0.583528,2265.1548688822077,3.0634821719807492,2.0862686E-5,15.390031,0.0085674105,0.314264,0.002428221,0.092223674,0.005611331,0.17109524,0.008584204,0.8175732,0.004741642,0.091054596,0.008488978,0.1646786,0.008920619,null,null,null,null,"TWOGAUSSIANS",8,16.966347,0.314264,0.002428221,0.4,0.0,0.16336031,0.0061748,0.8175732,0.004741642,0.4,0.0,0.15694372,0.00778725
375316653866487564,4071340928877111040,0.6720389,2233.4062530878773,0.3013671356694919,4.404091E-5,16.288086,0.0055685313,0.32886744,0.06304011,0.029541282,0.022340473,1.315439,2.990566,0.83114934,0.013107004,0.0331511,0.017515283,0.1489991,0.015686903,null,null,null,null,"TWOGAUSSIANS",8,19.756546,0.32886744,0.06304011,0.16543119,0.12510665,1.315439,2.990566,0.83114934,0.013107004,0.18564616,0.09808558,0.1489991,0.015686903
375316653866487564,4071340997596746496,0.5361878,2332.24594222207,2.6761823857794695,3.5478704E-5,19.227037,0.037900325,0.19329615,0.01328346,0.08441105,0.019067321,0.5060538,0.08251493,0.697724,0.0038560426,0.084805466,0.011041496,0.49904194,0.043627486,null,null,null,null,"TWOGAUSSIANS",8,5.812321,0.19329615,0.01328346,0.4,0.0,0.4942343,0.087850764,0.697724,0.0038560426,0.4,0.0,0.48722246,0.043374076
375316653866487564,4071341646120486272,0.48280385,2270.2773051040826,0.024266051656416453,1.0116808E-4,18.530643,0.009826161,0.29101342,0.025791334,0.1207132,0.044647105,0.14970353,0.013249535,0.56417316,0.031374466,0.10027794,0.0210795,0.16395961,0.021791056,null,null,null,null,"TWOGAUSSIANS",8,5.1207004,0.56417316,0.031374466,0.4,0.0,0.17413856,0.012210981,0.30604342,0.026286129,0.4,0.0,0.15312606,0.024971006
375316653866487564,4071341994050997504,0.46824253,2357.6217796378687,2.164633877337319,1.3764911E-4,17.342985,0.011865622,0.17838211,0.026728064,0.08756712,0.04160726,0.035106767,0.011223013,0.5523977,0.019979933,0.042140078,0.014033668,0.09926923,0.045514956,null,null,null,null,"TWOGAUSSIANS",8,3.5402536,0.5523977,0.019979933,0.23598443,0.078588545,0.09927227,0.04553699,0.17838211,0.026728064,0.4,0.018446473,0.03510597,0.011199814
375316653866487564,4071342062770494080,0.531561,2216.0980545024045,3.246028494441071,1.6027709E-5,17.119843,0.007680083,0.35226947,0.0031251677,0.07771869,0.004121007,0.21242695,0.0071942173,0.8459983,0.005182351,0.074662104,0.0062909503,0.17412539,0.013072052,null,null,null,null,"TWOGAUSSIANS",8,5.9690676,0.35226947,0.0031251677,0.4,0.0,0.21088257,0.00640584,0.8459983,0.005182351,0.4,0.0,0.17258102,0.012919106
375316653866487564,4071342509426206720,0.5511059,2186.299419373748,3.5223665565643585,2.287184E-5,18.548986,0.112781264,0.22118494,0.019857042,0.10688392,0.088165075,0.2212433,0.05366526,0.7128836,0.0043944083,0.07946993,0.016976492,0.3199551,0.090032145,null,null,null,null,"TWOGAUSSIANS",8,3.6524262,0.7128836,0.0043944083,0.4,0.005064557,0.30764943,0.028035602,0.22118494,0.019857042,0.4,0.0,0.2089293,0.061080314
375316653866487564,4071344124354984448,0.6027011,2200.691530335764,2.003515513497883,1.0344839E-5,16.079382,0.011697283,0.24301134,0.0034628613,0.049603146,0.009784512,0.15328346,0.044984933,0.75759506,0.0140006,0.0527923,0.012605009,0.14817555,0.026209889,0.117111154,0.014617835,0.24301134,0.0034628613,"TWOGAUSSIANS_WITH_ELLIPSOIDAL_ON_ECLIPSE1",9,29.536535,0.24301134,0.0034628613,0.2777776,0.054793265,0.38750264,0.043263685,0.75759506,0.013833219,0.29563686,0.07058805,0.3804336,0.03359258
375316653866487564,4071344296153520640,0.45516276,2197.776602083736,0.10512119770689914,1.9421737E-5,18.969341,0.018755931,0.4314751,0.0075748833,0.08970264,0.016810928,0.11915673,0.021008106,0.8720094,0.018433373,0.08047655,0.016458342,0.18058859,0.030472632,null,null,null,null,"TWOGAUSSIANS",8,1.7977246,0.8720094,0.018433373,0.4,0.0,0.17929052,0.03001237,0.4314751,0.0075737988,0.4,0.0,0.11785804,0.020061702
375316653866487564,4071345528770507520,0.47078562,2255.261939588607,2.1924851665291074,5.5159744E-5,19.53461,0.0438042,0.24629563,0.015696699,0.07646086,0.022320913,0.27403572,0.03999957,0.69335175,0.035066504,0.11305688,0.0520423,0.23432818,0.050717577,null,null,null,null,"TWOGAUSSIANS",8,3.820452,0.24636564,0.015217035,0.4,0.024079219,0.26721928,0.035166495,0.69335175,0.035066504,0.4,0.0,0.22741586,0.053244267
