Gaia/vari_eclipsing_binary/VariEclipsingBinary_223997-224078.csv
# %ECSV 1.0
# ---
# delimiter: ','
# meta: !!omap
# - RELEASE: Gaia DR3
# - TABLE: vari_eclipsing_binary
# - DESCRIPTION: >
#     This table describes the properties of the eclipsing binaries resulting from the variability analysis. 
# - CITATION: >
#     How to cite and acknowledge Gaia: 
#     https://gea.esac.esa.int/archive/documentation/credits.html 
# - KNOWN_ISSUES: >
#     Known issues: 
#     https://www.cosmos.esa.int/web/gaia-users/known-issues 
# - DOCUMENTATION: >
#     Tutorials and documentation: 
#     https://www.cosmos.esa.int/web/gaia-users/archive 
# datatype:
# - 
#   name: solution_id
#   datatype: int64
#   description: Solution Identifier
#   meta:
#     ucd: meta.version
# - 
#   name: source_id
#   datatype: int64
#   description: Unique source identifier
#   meta:
#     ucd: meta.id;meta.main
# - 
#   name: global_ranking
#   datatype: float32
#   description: Number between 0 (worst) and 1 (best)
#   meta:
#     ucd: stat.param
# - 
#   name: reference_time
#   datatype: float64
#   unit: d
#   description: Reference time used for the geometric model fit
#   meta:
#     ucd: time.epoch
# - 
#   name: frequency
#   datatype: float64
#   unit: d**-1
#   description: Frequency of geometric model of the eclipsing binary light curve
#   meta:
#     ucd: src.orbital
# - 
#   name: frequency_error
#   datatype: float32
#   unit: d**-1
#   description: "Uncertainty of \\texttt{frequency}"
#   meta:
#     ucd: stat.error
# - 
#   name: geom_model_reference_level
#   datatype: float32
#   unit: mag
#   description: Magnitude reference level of geometric model
#   meta:
#     ucd: phot.mag;em.opt
# - 
#   name: geom_model_reference_level_error
#   datatype: float32
#   unit: mag
#   description: "Uncertainty of \\texttt{geomModelReferenceLevel}"
#   meta:
#     ucd: stat.error;phot.mag;em.opt
# - 
#   name: geom_model_gaussian1_phase
#   datatype: float32
#   description: Phase of the Gaussian 1 component
#   meta:
#     ucd: time.phase
# - 
#   name: geom_model_gaussian1_phase_error
#   datatype: float32
#   description: "Uncertainty of \\texttt{geomModelGaussian1Phase}"
#   meta:
#     ucd: stat.error;time.phase
# - 
#   name: geom_model_gaussian1_sigma
#   datatype: float32
#   description: "Standard deviation [phase] of Gaussian 1 component"
#   meta:
#     ucd: stat.stdev
# - 
#   name: geom_model_gaussian1_sigma_error
#   datatype: float32
#   description: "Uncertainty of \\texttt{geomModelGaussian1Sigma}"
#   meta:
#     ucd: stat.error
# - 
#   name: geom_model_gaussian1_depth
#   datatype: float32
#   unit: mag
#   description: Magnitude depth of Gaussian 1 component
#   meta:
#     ucd: src.var.amplitude
# - 
#   name: geom_model_gaussian1_depth_error
#   datatype: float32
#   unit: mag
#   description: "Uncertainty of \\texttt{geomModelGaussian1Depth}"
#   meta:
#     ucd: stat.error;src.var.amplitude
# - 
#   name: geom_model_gaussian2_phase
#   datatype: float32
#   description: Phase of Gaussian 2 component
#   meta:
#     ucd: time.phase
# - 
#   name: geom_model_gaussian2_phase_error
#   datatype: float32
#   description: "Uncertainty of \\texttt{geomModelGaussian2Phase}"
#   meta:
#     ucd: stat.error;time.phase
# - 
#   name: geom_model_gaussian2_sigma
#   datatype: float32
[...]
#   datatype: float32
#   description: "Secondary eclipse: uncertainty of \\texttt{derivedSecondaryEclDuration}"
#   meta:
#     ucd: stat.error;time.duration
# - 
#   name: derived_secondary_ecl_depth
#   datatype: float32
#   unit: mag
#   description: "Secondary eclipse: depth"
#   meta:
#     ucd: src.var.amplitude
# - 
#   name: derived_secondary_ecl_depth_error
#   datatype: float32
#   unit: mag
#   description: "Secondary eclipse: uncertainty of \\texttt{derivedSecondaryEclDepth}"
#   meta:
#     ucd: stat.error;src.var.amplitude
solution_id,source_id,global_ranking,reference_time,frequency,frequency_error,geom_model_reference_level,geom_model_reference_level_error,geom_model_gaussian1_phase,geom_model_gaussian1_phase_error,geom_model_gaussian1_sigma,geom_model_gaussian1_sigma_error,geom_model_gaussian1_depth,geom_model_gaussian1_depth_error,geom_model_gaussian2_phase,geom_model_gaussian2_phase_error,geom_model_gaussian2_sigma,geom_model_gaussian2_sigma_error,geom_model_gaussian2_depth,geom_model_gaussian2_depth_error,geom_model_cosine_half_period_amplitude,geom_model_cosine_half_period_amplitude_error,geom_model_cosine_half_period_phase,geom_model_cosine_half_period_phase_error,model_type,num_model_parameters,reduced_chi2,derived_primary_ecl_phase,derived_primary_ecl_phase_error,derived_primary_ecl_duration,derived_primary_ecl_duration_error,derived_primary_ecl_depth,derived_primary_ecl_depth_error,derived_secondary_ecl_phase,derived_secondary_ecl_phase_error,derived_secondary_ecl_duration,derived_secondary_ecl_duration_error,derived_secondary_ecl_depth,derived_secondary_ecl_depth_error
[from data line 323]
375316653866487564,1970542299765357056,0.626564,2242.4496762155145,1.659419231446139,2.622905E-6,17.997643,0.0064468514,0.29307655,0.0067177406,0.03282671,0.003437455,0.23054665,0.044785645,0.78306264,9.132751E-4,0.040759888,0.0012477367,0.6851147,0.015461739,0.029300733,0.009060464,0.29307655,0.0067177406,"TWOGAUSSIANS_WITH_ELLIPSOIDAL_ON_ECLIPSE1",9,4.393177,0.78317267,8.888798E-4,0.22825536,0.006987326,0.74348706,0.011262778,0.29307655,0.0067177406,0.18382958,0.019249748,0.28914812,0.035613928
375316653866487564,1970543055679675904,0.5767781,2220.0086418696997,3.561139138586511,1.3297117E-5,19.170235,0.0068665994,0.22403537,0.0037419838,0.07083272,0.0032981772,0.38611466,0.014431647,0.72455454,0.0046014893,0.075709775,0.0048158425,0.42640123,0.011244223,null,null,null,null,"TWOGAUSSIANS",8,1.9995714,0.72455454,0.0046014893,0.4,0.0,0.4240212,0.011136749,0.22403537,0.0037419838,0.39666325,0.017584162,0.3837346,0.014384388
375316653866487564,1970545117263937664,0.4951355,2242.2806078996505,3.546160187144987,1.1418233E-5,18.594986,0.053627525,0.29834485,0.005689441,0.121185616,0.027059466,0.17327426,0.05177532,0.8031704,0.0027893283,0.11093554,0.017346354,0.20401493,0.051974453,null,null,null,null,"TWOGAUSSIANS",8,1.8071177,0.80319035,0.002793419,0.4,0.0,0.16899136,0.0075303675,0.29833484,0.005689656,0.4,0.0,0.13819622,0.0097680185
375316653866487564,1970545843113789312,0.49146917,2255.717405796492,2.6013170979068305,1.8897897E-5,19.101973,0.083099686,0.1527553,0.008326402,0.1101889,0.027613325,0.30503312,0.07793502,0.66275406,0.00677396,0.10832131,0.024289902,0.30570224,0.077564545,null,null,null,null,"TWOGAUSSIANS",8,4.2261558,0.6627641,0.006767536,0.4,0.0,0.26564476,0.022236766,0.1527453,0.00830608,0.4,0.0,0.26496902,0.015034181
375316653866487564,1970546667759211008,0.43446517,2211.2223460748946,1.131233261792233,8.269885E-6,17.474974,0.0030075465,0.25297078,0.0034079053,0.035607334,0.007140845,0.1534142,0.031350028,0.8819963,2.5719462E-4,0.0032228292,5.299582E-4,0.078049935,0.032765415,0.027441768,0.003614235,0.25297078,0.0034079053,"TWOGAUSSIANS_WITH_ELLIPSOIDAL_ON_ECLIPSE1",9,5.854915,0.25297078,0.0034079053,0.19940108,0.03998873,0.20829773,0.03388772,0.8819963,2.5719462E-4,0.018047845,0.002967766,0.10410413,0.03248947
375316653866487564,1970547075765233920,0.49974138,2260.5654318577945,1.4017251614747175,2.4112462E-5,17.521244,0.040403087,0.23454276,0.0057649147,0.13137113,0.043604363,0.09003176,0.03843375,0.7128573,0.007894937,0.109555416,0.030253762,0.11162621,0.03745631,null,null,null,null,"TWOGAUSSIANS",8,2.6220043,0.7128573,0.007894937,0.4,0.0,0.09291215,0.00571868,0.23459275,0.005574559,0.4,0.0,0.071174175,0.004862869
375316653866487564,1970547350643274368,0.60877126,2250.3340761162353,1.3764359906549894,6.940504E-6,16.021261,0.009501584,0.2584343,0.0027595619,0.10634214,0.004520456,0.24993207,0.010381189,0.749911,0.001682297,0.0962348,0.0042927917,0.2426562,0.008777971,null,null,null,null,"TWOGAUSSIANS",8,8.335675,0.2584343,0.0027595619,0.4,0.0,0.22885513,0.005140754,0.749911,0.001682297,0.4,0.0,0.22158699,0.0055503105
375316653866487564,1970547629829204096,0.55767095,2223.581555575219,1.8151399887297617,8.959968E-6,17.820654,0.0055839573,0.2215401,0.0035235805,0.07489603,0.0062093255,0.24081571,0.0135715585,0.72994334,0.0036031182,0.07798852,0.009350732,0.12421695,0.008624457,null,null,null,null,"TWOGAUSSIANS",8,2.4527972,0.2215401,0.0035235805,0.4,0.0049329754,0.23946045,0.014079586,0.72994334,0.0036031182,0.4,0.0,0.12286169,0.009275462
375316653866487564,1970548179576078080,0.5523128,2234.9127959762022,3.3779031904124595,9.67947E-6,19.50981,0.012721394,0.2571183,0.0024817458,0.040980734,0.0054998295,0.25854933,0.029425573,0.755328,0.0060775666,0.042492267,0.008528741,0.33339474,0.17401484,0.14541984,0.017860623,0.2571183,0.0024817458,"TWOGAUSSIANS_WITH_ELLIPSOIDAL_ON_ECLIPSE1",9,2.8139265,0.75552803,0.0055789123,0.23795669,0.04776095,0.62420154,0.17931782,0.2571183,0.0024817458,0.22949211,0.030799044,0.5493889,0.013975188
375316653866487564,1970548454454042368,0.54563636,2226.710952906266,2.3624599313727015,5.1724533E-6,19.22043,0.012007344,0.28537372,0.004221289,0.04287138,0.008936352,0.5652563,0.14145947,0.78866816,0.0048900023,0.043007825,0.004504217,0.30097872,0.04552745,0.1477438,0.02283242,0.28537372,0.004221289,"TWOGAUSSIANS_WITH_ELLIPSOIDAL_ON_ECLIPSE1",9,8.760043,0.28537372,0.004221289,0.24007972,0.05004357,0.8607436,0.14663155,0.78866816,0.004881319,0.24084383,0.025223615,0.5963394,0.0357904
375316653866487564,1970548553234588160,0.53059626,2241.16646120416,1.3024366289789295,8.989143E-6,18.794888,0.0024373787,0.23407742,0.0067794425,0.023528716,0.005998136,0.028664542,0.0040454795,0.46993107,0.0018758661,0.027181158,0.0015639483,0.6316662,0.12812606,null,null,null,null,"TWOGAUSSIANS",8,1.0288935,0.46993107,0.0018758661,0.15221448,0.008758111,0.6316662,0.12812606,0.23407742,0.0067794425,0.1317608,0.033589564,0.028664542,0.0040454795
375316653866487564,1970550378608406272,0.5036965,2219.847813497742,3.373795873369084,6.5648484E-5,17.364609,0.0020492931,0.21416186,0.01953298,0.03751815,0.018809088,0.020431416,0.008282582,0.84951603,0.008452866,0.01587382,0.007663566,0.18769765,0.053867813,null,null,null,null,"TWOGAUSSIANS",8,3.922405,0.84951603,0.008452866,0.08889339,0.04291597,0.18769765,0.053867813,0.21416186,0.01953298,0.21010165,0.10533089,0.020431416,0.008282582
375316653866487564,1970550546102977408,0.62607425,2200.9666149954346,2.999345808875054,8.587932E-6,18.83151,0.036824398,0.22470812,0.0010973876,0.03728898,0.0068060257,0.37117615,0.07012389,0.7255673,0.010242067,0.038116183,0.019817103,0.45211622,0.06725702,0.15025932,0.043498166,0.22470812,0.0010973876,"TWOGAUSSIANS_WITH_ELLIPSOIDAL_ON_ECLIPSE1",9,2.0246644,0.7255673,0.010242067,0.21345063,0.11097577,0.75262547,0.08910555,0.22470812,0.0010973876,0.20881827,0.038113747,0.67169416,0.019047195
375316653866487564,1970550928364215040,0.5865419,2261.315328552873,1.9789006627049461,9.130843E-6,17.279314,0.009258991,0.2559511,0.0028376752,0.056838196,0.008032902,0.23704228,0.03454993,0.7608215,0.005516253,0.04302435,0.0061821025,0.24335289,0.02565455,0.08338211,0.010759205,0.2559511,0.0028376752,"TWOGAUSSIANS_WITH_ELLIPSOIDAL_ON_ECLIPSE1",9,9.981568,0.7608215,0.005516253,0.24093635,0.034619775,0.40994596,0.025102692,0.2559511,0.0028376752,0.3182939,0.04498425,0.40379146,0.03620841
375316653866487564,1970551336373260672,0.45087686,2236.249986435131,2.737624069142423,2.6432044E-5,17.959816,0.023206498,0.25827834,0.0071439384,0.09607826,0.019998295,0.1243012,0.022036603,0.7435676,0.017265346,0.09726456,0.03375609,0.15566403,0.023294518,null,null,null,null,"TWOGAUSSIANS",8,11.726817,0.7435676,0.017265346,0.4,0.0,0.14762366,0.028866338,0.25827834,0.007084577,0.4,0.0,0.116261154,0.015040431
375316653866487564,1970551375040780672,0.68331623,2257.2903321709896,0.3771896157563913,1.9034902E-6,16.467735,0.0011925125,0.33165014,2.7136668E-4,0.021213643,3.13964E-4,0.42707765,0.0021491,0.8318003,0.010571727,0.019706838,0.0055337017,0.38956118,0.05743153,null,null,null,null,"TWOGAUSSIANS",8,3.0729375,0.33165014,2.7136668E-4,0.1187964,0.0017581985,0.42707765,0.0021491,0.8318003,0.010571727,0.11035829,0.030988729,0.38956118,0.05743153
375316653866487564,1970554467409716736,0.46374193,2177.9491432423065,2.9557280922130995,4.556205E-5,19.744904,0.010752028,0.27514586,0.011705366,0.066216595,0.019525545,0.17667155,0.012616621,0.7652853,0.008967036,0.043602884,0.009865962,0.42571563,0.10140063,null,null,null,null,"TWOGAUSSIANS",8,3.3082607,0.7652853,0.008967036,0.24417616,0.055249386,0.4257055,0.101414986,0.27514586,0.011705366,0.37081292,0.06219468,0.1766614,0.012644087
375316653866487564,1970555184667394432,0.533706,2214.8515154885104,2.0856695066318403,1.1029607E-5,19.10528,0.009968762,0.25151125,0.0022447305,0.02128083,0.0027771841,0.64882207,0.10204741,0.75621337,0.010157604,0.022020157,0.010970424,0.61522853,0.46141526,null,null,null,null,"TWOGAUSSIANS",8,5.4108086,0.25151125,0.0022447305,0.119172655,0.015552231,0.64882207,0.10204741,0.75621337,0.010157604,0.123312876,0.061434373,0.61522853,0.46141526
375316653866487564,1970555390825957376,0.61010987,2218.833529778993,3.0277512497356645,4.785308E-6,17.69283,0.010260248,0.28887597,0.0019146254,0.051870547,0.0041219075,0.26979426,0.022965143,0.7904203,0.0024894278,0.054398417,0.0055198562,0.19920056,0.02257497,0.091621146,0.01249449,0.28887597,0.0019146254,"TWOGAUSSIANS_WITH_ELLIPSOIDAL_ON_ECLIPSE1",9,4.151415,0.28887597,0.0019146254,0.29047507,0.023082681,0.4530288,0.01945934,0.7904203,0.0024800284,0.30463114,0.030911194,0.38241786,0.01964246
375316653866487564,1970556112380519424,0.5935594,2226.9980127286562,2.895414364139151,4.531244E-6,18.505058,0.011440484,0.23140742,0.002514188,0.08746375,0.006511089,0.3283734,0.009989798,0.73483694,0.0014605433,0.08455894,0.0044261515,0.3386413,0.009990172,null,null,null,null,"TWOGAUSSIANS",8,1.6933514,0.73483694,0.0014605433,0.4,0.0,0.32943445,0.008764211,0.23140742,0.002514188,0.4,0.0,0.3191665,0.0090549635
375316653866487564,1970556249819524224,0.52438843,2206.4225560342284,4.104025608718885,7.4566074E-6,19.601532,0.017214838,0.3189737,0.0031314327,0.08564557,0.006536887,0.4744078,0.038696922,0.8006485,0.0028051178,0.07718705,0.003931916,0.5252658,0.023921257,null,null,null,null,"TWOGAUSSIANS",8,1.773853,0.8006485,0.0028051178,0.4,0.0,0.51899904,0.022852272,0.3189737,0.0031314327,0.4,0.0,0.4681409,0.040203646
375316653866487564,1970556700791659264,0.53383225,2214.2637965695385,0.36893084787976527,5.4858152E-5,15.2409525,0.004285597,0.2916728,0.02287113,0.01637597,0.010283172,0.3378262,0.21217665,0.7635218,2.9799921E-5,0.0053015454,1.2441672E-4,0.7558187,0.0014542416,null,null,null,null,"TWOGAUSSIANS",8,219.19597,0.7635218,2.9799921E-5,0.029688654,6.9673365E-4,0.7558187,0.0014542416,0.2916728,0.02287113,0.09170543,0.057585765,0.3378262,0.21217665
375316653866487564,1970556838239620992,0.6053575,2211.6550738930027,3.011612510960918,5.209198E-6,17.215982,0.030727763,0.14990722,0.0027082162,0.052806,0.007656541,0.4379618,0.06503606,0.64005405,0.00616724,0.060706183,0.008653265,0.4504571,0.06443466,0.07813161,0.038571637,0.14990722,0.0027082162,"TWOGAUSSIANS_WITH_ELLIPSOIDAL_ON_ECLIPSE1",9,12.687312,0.6409541,0.0054877526,0.3399546,0.048458286,0.60612357,0.076032795,0.14990722,0.0027082162,0.2957136,0.04287663,0.59417176,0.023388786
375316653866487564,1970556872599050880,0.63206846,2198.8744972128075,2.7710201158591428,4.7949725E-6,18.118023,0.010616637,0.2700588,0.0012557717,0.0458766,0.0023836147,0.49675158,0.023994396,0.7744293,0.0018016514,0.043511894,0.0028528213,0.44919142,0.025565837,0.13429187,0.014775164,0.2700588,0.0012557717,"TWOGAUSSIANS_WITH_ELLIPSOIDAL_ON_ECLIPSE1",9,4.8510876,0.2700588,0.0012557717,0.25690895,0.013348241,0.7653351,0.01621434,0.7744293,0.0018016514,0.2436666,0.0159758,0.71757245,0.017176632
375316653866487564,1970557040094098688,0.48549947,2197.1071575581186,3.8629312047862765,2.6270836E-5,19.5839,0.021819914,0.22541597,0.008590501,0.08674556,0.012083914,0.31108618,0.028904311,0.72758144,0.007970878,0.082491696,0.013854844,0.2724747,0.02806255,null,null,null,null,"TWOGAUSSIANS",8,3.325425,0.22541597,0.008590501,0.4,0.0,0.3039438,0.026937699,0.72758144,0.007970878,0.4,0.0,0.26533237,0.02725953
375316653866487564,1970557830367712128,0.51594317,2222.313646815927,2.855375064564267,2.4406556E-5,17.66022,0.40272328,0.27741015,0.0062954086,0.14001767,0.02663549,0.4019912,0.30879003,0.7849502,0.009225969,0.17736137,0.07711173,0.38146022,0.39715913,null,null,null,null,"TWOGAUSSIANS",8,7.514633,0.27603015,0.0050344863,0.4,0.0,0.2018858,0.010141144,0.78550017,0.00930318,0.4,0.0,0.16829562,0.0081091495
375316653866487564,1970557830367731840,0.5653169,2229.5241542882527,1.8354794680194377,4.0727286E-6,18.46172,0.0040361225,0.23638323,0.0011870688,0.05809144,0.0017504848,0.48741454,0.010538265,0.7448516,0.009587046,0.07963101,0.005904118,0.1388554,0.009742669,null,null,null,null,"TWOGAUSSIANS",8,2.6411839,0.23638323,0.0011870688,0.32531208,0.009802715,0.48691523,0.010594956,0.7448516,0.009587046,0.4,0.0,0.1383561,0.009744399
375316653866487564,1970558895519442688,0.57638514,2219.994229850058,2.67470613409695,5.16752E-6,17.596457,0.005125099,0.27443278,0.0015127041,0.07645122,0.003435552,0.19558889,0.0050512683,0.776225,0.0016028634,0.07383977,0.0028640581,0.19910666,0.0061236443,null,null,null,null,"TWOGAUSSIANS",8,2.6642046,0.776225,0.0016028634,0.4,0.0,0.19760865,0.0059234276,0.27443278,0.0015127041,0.4,0.0,0.19409087,0.0048283916
375316653866487564,1970562090975428864,0.5676793,2215.7425209381977,2.9657989980649515,4.021896E-6,18.073694,0.006428101,0.23253223,0.0017008905,0.08013254,0.00487393,0.23267673,0.010045789,0.732194,0.0011132038,0.0749556,0.0028942707,0.25628167,0.0069027045,null,null,null,null,"TWOGAUSSIANS",8,1.6941447,0.732194,0.0011132038,0.4,0.0,0.25360498,0.0066433134,0.23253223,0.0017008905,0.4,0.0,0.23000002,0.010435619
375316653866487564,1970562816825175936,0.64094955,2217.368358583547,2.7672447853615787,5.257712E-6,17.272934,0.012550072,0.2813271,0.0017690856,0.05428968,0.0044771805,0.30640224,0.026779527,0.78391373,0.0068923878,0.057333726,0.0060855057,0.28252813,0.030294552,0.13205071,0.013948159,0.2813271,0.0017690856,"TWOGAUSSIANS_WITH_ELLIPSOIDAL_ON_ECLIPSE1",9,8.615413,0.2813271,0.0017690856,0.3040222,0.02507221,0.5704782,0.011225362,0.78391373,0.006162346,0.32106885,0.034078833,0.54653436,0.012373463
375316653866487564,1970564397381801984,0.47897357,2211.8845797658328,0.5986728500709944,3.2019747E-5,17.494062,0.0039610877,0.16820313,0.010460804,0.07482455,0.028697435,0.034694213,0.0064092493,0.6641581,0.007829148,0.046446543,0.009176624,0.07773859,0.007932362,null,null,null,null,"TWOGAUSSIANS",8,1.7157528,0.6641581,0.007829148,0.26010063,0.05138909,0.077722475,0.007905863,0.16820313,0.010460804,0.4,0.060866,0.034678098,0.0064487355
375316653866487564,1970564569180419968,0.66960996,2255.9716219517427,3.1546310191800164,2.8627137E-6,15.760282,0.0054427944,0.17402476,8.624701E-4,0.04483297,0.0021590062,0.25630862,0.011202418,0.6713311,0.0014154514,0.04813316,0.0018664816,0.36894944,0.012398215,0.12708668,0.005920497,0.17402476,8.624701E-4,"TWOGAUSSIANS_WITH_ELLIPSOIDAL_ON_ECLIPSE1",9,18.754335,0.6716311,0.0012450906,0.2695457,0.0104522975,0.6230576,0.0086628515,0.17402476,8.624701E-4,0.25106466,0.012090434,0.5104814,0.0069917203
375316653866487564,1970566390246621568,0.5831168,2222.975274355203,0.39336378248343995,1.0255264E-5,16.336472,9.500161E-4,0.12672497,0.003736067,0.02672306,0.0029220434,0.15963115,0.007106301,0.5159937,0.06363769,0.06632321,0.036333334,0.0027980786,0.0013694969,null,null,null,null,"TWOGAUSSIANS",8,2.6775055,0.12672497,0.003736067,0.14964914,0.016363444,0.15963115,0.007106302,0.5159937,0.06363769,0.37140998,0.16858028,0.0027980786,0.0013694905
375316653866487564,1970566592098507264,0.54305834,2201.217803019218,3.062482073537736,7.9678875E-6,19.244112,0.0068869134,0.21967849,0.0027120092,0.07350658,0.0030618862,0.4441399,0.01046273,0.7225799,0.0049198777,0.07533941,0.00408084,0.3632892,0.015220006,null,null,null,null,"TWOGAUSSIANS",8,1.5454756,0.21967849,0.0027120092,0.4,0.0,0.44147742,0.010178002,0.7225799,0.0049198777,0.4,0.0,0.36062673,0.014945152
375316653866487564,1970566768206213760,0.5830572,2226.059851736797,1.3086363768491438,4.8471356E-6,16.929844,0.0061761998,0.22933134,0.0011873872,0.069290675,0.002046312,0.2938411,0.0068960437,0.72668844,0.002223785,0.08165876,0.0036526676,0.44738156,0.017418088,null,null,null,null,"TWOGAUSSIANS",8,14.370327,0.72668844,0.002223785,0.4,0.0,0.44450834,0.01789927,0.22933134,0.0011873872,0.38802776,0.011459348,0.29096788,0.0063590445
