Gaia/vari_eclipsing_binary/VariEclipsingBinary_665102-665132.csv
# %ECSV 1.0
# ---
# delimiter: ','
# meta: !!omap
# - RELEASE: Gaia DR3
# - TABLE: vari_eclipsing_binary
# - DESCRIPTION: >
#     This table describes the properties of the eclipsing binaries resulting from the variability analysis. 
# - CITATION: >
#     How to cite and acknowledge Gaia: 
#     https://gea.esac.esa.int/archive/documentation/credits.html 
# - KNOWN_ISSUES: >
#     Known issues: 
#     https://www.cosmos.esa.int/web/gaia-users/known-issues 
# - DOCUMENTATION: >
#     Tutorials and documentation: 
#     https://www.cosmos.esa.int/web/gaia-users/archive 
# datatype:
# - 
#   name: solution_id
#   datatype: int64
#   description: Solution Identifier
#   meta:
#     ucd: meta.version
# - 
#   name: source_id
#   datatype: int64
#   description: Unique source identifier
#   meta:
#     ucd: meta.id;meta.main
# - 
#   name: global_ranking
#   datatype: float32
#   description: Number between 0 (worst) and 1 (best)
#   meta:
#     ucd: stat.param
# - 
#   name: reference_time
#   datatype: float64
#   unit: d
#   description: Reference time used for the geometric model fit
#   meta:
#     ucd: time.epoch
# - 
#   name: frequency
#   datatype: float64
#   unit: d**-1
#   description: Frequency of geometric model of the eclipsing binary light curve
#   meta:
#     ucd: src.orbital
# - 
#   name: frequency_error
#   datatype: float32
#   unit: d**-1
#   description: "Uncertainty of \\texttt{frequency}"
#   meta:
#     ucd: stat.error
# - 
#   name: geom_model_reference_level
#   datatype: float32
#   unit: mag
#   description: Magnitude reference level of geometric model
#   meta:
#     ucd: phot.mag;em.opt
# - 
#   name: geom_model_reference_level_error
#   datatype: float32
#   unit: mag
#   description: "Uncertainty of \\texttt{geomModelReferenceLevel}"
#   meta:
#     ucd: stat.error;phot.mag;em.opt
# - 
#   name: geom_model_gaussian1_phase
#   datatype: float32
#   description: Phase of the Gaussian 1 component
#   meta:
#     ucd: time.phase
# - 
#   name: geom_model_gaussian1_phase_error
#   datatype: float32
#   description: "Uncertainty of \\texttt{geomModelGaussian1Phase}"
#   meta:
#     ucd: stat.error;time.phase
# - 
#   name: geom_model_gaussian1_sigma
#   datatype: float32
#   description: "Standard deviation [phase] of Gaussian 1 component"
#   meta:
#     ucd: stat.stdev
# - 
#   name: geom_model_gaussian1_sigma_error
#   datatype: float32
#   description: "Uncertainty of \\texttt{geomModelGaussian1Sigma}"
#   meta:
#     ucd: stat.error
# - 
#   name: geom_model_gaussian1_depth
#   datatype: float32
#   unit: mag
#   description: Magnitude depth of Gaussian 1 component
#   meta:
#     ucd: src.var.amplitude
# - 
#   name: geom_model_gaussian1_depth_error
#   datatype: float32
#   unit: mag
#   description: "Uncertainty of \\texttt{geomModelGaussian1Depth}"
#   meta:
#     ucd: stat.error;src.var.amplitude
# - 
#   name: geom_model_gaussian2_phase
#   datatype: float32
#   description: Phase of Gaussian 2 component
#   meta:
#     ucd: time.phase
# - 
#   name: geom_model_gaussian2_phase_error
#   datatype: float32
#   description: "Uncertainty of \\texttt{geomModelGaussian2Phase}"
#   meta:
#     ucd: stat.error;time.phase
# - 
#   name: geom_model_gaussian2_sigma
#   datatype: float32
[...]
#   datatype: float32
#   description: "Secondary eclipse: uncertainty of \\texttt{derivedSecondaryEclDuration}"
#   meta:
#     ucd: stat.error;time.duration
# - 
#   name: derived_secondary_ecl_depth
#   datatype: float32
#   unit: mag
#   description: "Secondary eclipse: depth"
#   meta:
#     ucd: src.var.amplitude
# - 
#   name: derived_secondary_ecl_depth_error
#   datatype: float32
#   unit: mag
#   description: "Secondary eclipse: uncertainty of \\texttt{derivedSecondaryEclDepth}"
#   meta:
#     ucd: stat.error;src.var.amplitude
solution_id,source_id,global_ranking,reference_time,frequency,frequency_error,geom_model_reference_level,geom_model_reference_level_error,geom_model_gaussian1_phase,geom_model_gaussian1_phase_error,geom_model_gaussian1_sigma,geom_model_gaussian1_sigma_error,geom_model_gaussian1_depth,geom_model_gaussian1_depth_error,geom_model_gaussian2_phase,geom_model_gaussian2_phase_error,geom_model_gaussian2_sigma,geom_model_gaussian2_sigma_error,geom_model_gaussian2_depth,geom_model_gaussian2_depth_error,geom_model_cosine_half_period_amplitude,geom_model_cosine_half_period_amplitude_error,geom_model_cosine_half_period_phase,geom_model_cosine_half_period_phase_error,model_type,num_model_parameters,reduced_chi2,derived_primary_ecl_phase,derived_primary_ecl_phase_error,derived_primary_ecl_duration,derived_primary_ecl_duration_error,derived_primary_ecl_depth,derived_primary_ecl_depth_error,derived_secondary_ecl_phase,derived_secondary_ecl_phase_error,derived_secondary_ecl_duration,derived_secondary_ecl_duration_error,derived_secondary_ecl_depth,derived_secondary_ecl_depth_error
[from data line 399]
375316653866487564,5850454092404084480,0.551264,2243.6240387122452,2.638172980808621,1.0491852E-5,18.023397,0.0071763573,0.23473538,0.0020448093,0.07650332,0.004455764,0.26761797,0.009398101,0.74455357,0.0034894815,0.08466642,0.004282461,0.22826687,0.009270699,null,null,null,null,"TWOGAUSSIANS",8,4.807155,0.23473538,0.0020448093,0.4,0.0,0.26431805,0.0093128085,0.74455357,0.0034894815,0.4,0.0,0.22496693,0.008766861
375316653866487564,5850454470357391744,0.53826797,2264.4851890174996,1.0304068587519004,9.003221E-6,18.151667,0.051039074,0.2394432,0.004761508,0.116492085,0.022409145,0.26249158,0.047194943,0.72699636,0.002685633,0.1046515,0.015878882,0.29161268,0.04460853,null,null,null,null,"TWOGAUSSIANS",8,3.990317,0.72699636,0.002685633,0.4,0.0,0.2541229,0.013155715,0.2394532,0.0047719055,0.4,0.0,0.22495154,0.010764404
375316653866487564,5850454577772829696,0.5228651,2253.703208151544,2.5597133108697014,1.7257858E-5,17.840445,0.019295251,0.26754722,0.005995958,0.096987806,0.011353158,0.2186502,0.018070305,0.7741853,0.003969426,0.10114588,0.010476334,0.1974626,0.01843134,null,null,null,null,"TWOGAUSSIANS",8,5.1787305,0.26754722,0.005995958,0.4,0.0,0.20287335,0.010286057,0.7741853,0.003969426,0.4,0.0,0.18168448,0.009919744
375316653866487564,5850454848313347200,0.56653875,2259.9839600888054,3.1425727682174434,1.1077866E-5,17.427683,0.02150814,0.20605989,0.0024194415,0.056141302,0.012963315,0.20917185,0.038970575,0.69527674,0.025469989,0.058737464,0.022959094,0.12580921,0.04858018,0.10801028,0.024956519,0.20605989,0.0024194415,"TWOGAUSSIANS_WITH_ELLIPSOIDAL_ON_ECLIPSE1",9,13.146873,0.20605989,0.0024194415,0.3143913,0.07259456,0.4251754,0.03335118,0.69871676,0.020882366,0.32892978,0.12857093,0.34113765,0.013225732
375316653866487564,5850456055241465216,0.48570526,2292.0849305812835,2.6531140623248075,2.732237E-5,18.431875,0.05024825,0.26462972,0.0067042136,0.11087744,0.02686298,0.22415318,0.0444514,0.77349776,0.0041176677,0.10290232,0.0205213,0.22875299,0.0441666,null,null,null,null,"TWOGAUSSIANS",8,6.7102637,0.7735077,0.004115232,0.4,0.0,0.20215948,0.014969266,0.26462972,0.0067195464,0.4,0.0,0.1975451,0.019528085
375316653866487564,5850456089601221632,0.6687111,2242.9968506050122,1.3077014496723007,3.1737238E-6,16.498167,0.0025066603,0.2880197,0.0016465725,0.043886825,0.006342581,0.031759538,0.005362994,0.7845752,0.0017019304,0.05251229,0.0012674746,0.28254923,0.008339427,0.07002718,0.003050952,0.2880197,0.0016465725,"TWOGAUSSIANS_WITH_ELLIPSOIDAL_ON_ECLIPSE1",9,3.1973014,0.7849152,0.0014768848,0.2940688,0.007097858,0.42254192,0.0063238344,0.2880197,0.0016465725,0.24576621,0.035518456,0.17181143,0.0015857941
375316653866487564,5850456089602422656,0.4646864,2245.844508193653,2.916532689167423,5.7153582E-5,19.764593,0.018151175,0.20368777,0.020387912,0.036863253,0.016086163,0.15217058,0.046593767,0.71779895,0.0190381,0.02408309,0.05070462,1.1462313,1.4229773,null,null,null,null,"TWOGAUSSIANS",8,3.904341,0.71779895,0.0190381,0.1348653,0.2581493,1.1462313,1.423,0.20368777,0.020387912,0.20643422,0.09008252,0.15217058,0.046600495
375316653866487564,5850456708076518656,0.5759578,2240.064267166542,3.463010235830862,8.227375E-6,17.302294,0.006131525,0.23561783,0.0033710818,0.08675334,0.00417522,0.31106445,0.0137200365,0.7326742,0.0023659621,0.086468205,0.0035259367,0.29876247,0.0060833595,null,null,null,null,"TWOGAUSSIANS",8,8.725913,0.23561783,0.0033710818,0.4,0.0,0.30205825,0.014300392,0.7326742,0.0023659621,0.4,0.0,0.28975627,0.0052091717
375316653866487564,5850456914218603776,0.53819394,2222.466650926278,2.7060834624599943,1.6251573E-5,19.067076,0.0059878575,0.2865482,0.005710597,0.078417405,0.009446709,0.26945752,0.014908982,0.7846669,0.0051596807,0.08278818,0.0052844477,0.24593885,0.010395853,null,null,null,null,"TWOGAUSSIANS",8,1.512565,0.2865482,0.005710597,0.4,0.0,0.26541966,0.017133998,0.7846669,0.0051596807,0.4,0.0,0.24190098,0.009674618
375316653866487564,5850456944284766848,0.5001867,2234.1096903819907,2.4561367808048713,1.9894402E-5,18.995941,0.008927686,0.1512138,0.008570357,0.020518754,0.011149522,0.67655367,68.075714,0.6641574,1.895792E-4,0.003004173,9.9842684E-5,0.92445713,0.040963642,null,null,null,null,"TWOGAUSSIANS",8,9.642464,0.6641574,1.895792E-4,0.01682337,5.5911904E-4,0.92445713,0.040963642,0.1512138,0.008570357,0.114905015,0.062437326,0.67655367,68.075714
375316653866487564,5850457189112900864,0.6000243,2241.1972303316775,2.5181043987442755,3.199578E-6,17.401482,0.008815955,0.23695382,0.0014662899,0.04828811,0.0032145476,0.3883837,0.039628066,0.7317959,0.0023480377,0.050913434,0.004220249,0.37598878,0.034760386,0.12530874,0.011900704,0.23695382,0.0014662899,"TWOGAUSSIANS_WITH_ELLIPSOIDAL_ON_ECLIPSE1",9,10.700345,0.23695382,0.0014662899,0.2704134,0.018001467,0.6389992,0.040237594,0.7324159,0.0020516613,0.28511524,0.023633394,0.62637275,0.036706463
375316653866487564,5850457326551867136,0.59460217,2262.830933090268,0.9143325363922642,7.0902743E-6,16.589876,0.0017656579,0.23356631,7.5361505E-4,0.028873729,9.678972E-4,0.21040347,0.0049060597,0.7289784,0.0057159713,0.03231348,0.0051777754,0.10330218,0.008739436,0.014389847,0.0026669744,0.23356631,7.5361505E-4,"TWOGAUSSIANS_WITH_ELLIPSOIDAL_ON_ECLIPSE1",9,3.6085925,0.23356631,7.5361505E-4,0.16169289,0.0054202243,0.23918316,0.0036502306,0.7290784,0.005630984,0.18095548,0.028995542,0.13205849,0.0089206
375316653866487564,5850457326553036800,0.5165902,2274.9375724836314,0.8710342191195908,6.7929454E-6,18.83204,0.0050491095,0.19088379,0.005949936,0.041377973,0.0076071965,0.15582053,0.036488634,0.6764347,0.00341453,0.042256474,0.0019625355,0.71943146,0.0726729,null,null,null,null,"TWOGAUSSIANS",8,2.7996104,0.6764347,0.00341453,0.23663625,0.010990199,0.71943146,0.0726729,0.19088379,0.005949936,0.23171665,0.0426003,0.15582052,0.036488645
375316653866487564,5850457635780977408,0.49332055,2209.8053217267793,1.2581596941160218,3.593759E-5,16.373278,0.004797778,0.20260839,0.003982877,0.087109655,0.019953033,0.021048874,0.0043004076,0.7031951,0.011259296,0.11459019,0.01842755,0.04849368,0.004388592,null,null,null,null,"TWOGAUSSIANS",8,1.7185458,0.7031951,0.011259296,0.4,0.0,0.04543656,0.003337274,0.20260839,0.004003322,0.4,0.0,0.017998874,0.0017533487
375316653866487564,5850459010170554624,0.474893,2243.3015364794223,1.0864740079402782,8.954645E-6,16.842594,0.0060800817,0.25770712,0.005251362,0.044272535,0.004994866,0.08282341,0.0075289076,0.7629781,0.0023107713,0.046015073,0.0032008365,0.091219395,0.0069969436,null,null,null,null,"TWOGAUSSIANS",8,13.607982,0.7629781,0.0023107713,0.2576844,0.017924683,0.091219366,0.00699682,0.25770712,0.005251362,0.24792619,0.02797125,0.08282338,0.007528801
375316653866487564,5850460144007720832,0.52360684,2201.50385602049,2.9690693629463425,9.530157E-6,19.529293,0.008103819,0.20281707,0.0029723502,0.08127626,0.0035284634,0.4590335,0.019844541,0.7061194,0.0044635404,0.07115807,0.0051805386,0.4187531,0.03132958,null,null,null,null,"TWOGAUSSIANS",8,2.0298262,0.20281707,0.0029723502,0.4,0.0,0.45526612,0.019986885,0.7061194,0.0044635404,0.39848518,0.016323064,0.41498575,0.032046404
375316653866487564,5850460178401857280,0.5418854,2217.317518978911,3.322788127578937,1.2943854E-5,16.486654,0.027020296,0.27698508,0.0035718696,0.101048194,0.014000241,0.19919127,0.024203697,0.7637883,0.0032357846,0.10357139,0.0121980775,0.23144507,0.025565408,null,null,null,null,"TWOGAUSSIANS",8,23.702908,0.7637883,0.0032357846,0.4,0.0,0.21294664,0.011583475,0.27699506,0.003575019,0.4,0.0,0.18069528,0.013165824
375316653866487564,5850461518395380096,0.5747569,2185.9032965481556,2.3973007156319555,8.031271E-6,18.378971,0.008194589,0.2763904,0.0038482603,0.083526805,0.0035172736,0.3822792,0.015679955,0.77498066,0.0020270345,0.084482186,0.004160953,0.39454192,0.0132068135,null,null,null,null,"TWOGAUSSIANS",8,3.7900085,0.77498066,0.0020270345,0.4,0.0,0.38550013,0.014108242,0.2763904,0.0038482603,0.4,0.0,0.37323743,0.0145569295
375316653866487564,5850461724553961216,0.5431044,2251.3919033749835,0.4306076932991057,4.622607E-6,16.45555,0.0016892697,0.7178263,0.0011805331,0.020982914,0.0019802658,0.2872264,0.07761599,null,null,null,null,null,null,0.021144424,0.0028897715,0.7178263,0.0011805331,"ONEGAUSSIAN_WITH_ELLIPSOIDAL",6,8.437584,0.7178263,0.0011805331,0.11750431,0.011089489,0.32951525,0.07794019,null,null,null,null,null,null
375316653866487564,5850461724555972736,0.43380708,2207.402072924645,0.042375048906169444,2.5845111E-5,19.72951,0.036164444,0.3199342,0.03251576,0.0572485,0.06402312,0.28776166,0.052514598,0.90213484,0.009222887,0.054537863,0.0141954,0.15204251,0.045649603,null,null,null,null,"TWOGAUSSIANS",8,5.078698,0.3199342,0.03251576,0.3205916,0.11695037,0.28776112,0.0527083,0.90213484,0.009076327,0.30541202,0.079494245,0.15204197,0.045026366
375316653866487564,5850462411748251648,0.5484404,2204.0423624305467,4.791775166080123,8.40577E-6,19.289837,0.013056134,0.17701949,0.0026695945,0.06731654,0.0036440957,0.59529996,0.025857413,0.67217195,0.006001589,0.07037536,0.008233665,0.44572774,0.034401584,null,null,null,null,"TWOGAUSSIANS",8,3.1581712,0.17701949,0.0026695945,0.37697262,0.020406935,0.5940646,0.025847368,0.67217195,0.006001589,0.394102,0.03572505,0.4444924,0.034798175
375316653866487564,5850462995866043776,0.5372385,2212.901516422328,3.7321954701070665,1.23732525E-5,19.631334,0.012473352,0.25743422,0.0022710566,0.06620683,0.0029397076,0.5083803,0.020713111,0.75841975,0.005000072,0.0656745,0.0065282467,0.4700735,0.030186156,null,null,null,null,"TWOGAUSSIANS",8,2.262588,0.25743422,0.0022710566,0.3707582,0.016462361,0.50766134,0.020522576,0.75841975,0.005000072,0.36777717,0.03655818,0.46935454,0.030342368
375316653866487564,5850463305137925504,0.53107065,2232.8254514014648,1.227405213309068,4.063599E-6,17.615652,0.0068485397,0.26235437,0.0020863437,0.023910485,0.0019166665,0.54127735,0.04763919,0.74722254,8.3226623E-4,0.0022706857,0.0021920665,0.07198059,1.6898435,0.023420958,0.011947809,0.26235437,0.0020863437,"TWOGAUSSIANS_WITH_ELLIPSOIDAL_ON_ECLIPSE1",9,28.16575,0.26235437,0.0020863437,0.13389872,0.0107333325,0.5881192,0.04892872,0.74722254,8.3226623E-4,0.01271584,0.012275573,0.118400306,1.6859834
375316653866487564,5850463511260125952,0.4594861,2208.26197024872,3.9188335512641244,3.1638458E-5,19.209944,0.68488926,0.2156582,0.008264475,0.1291715,0.055307355,0.52340996,0.458397,0.71628255,0.02274016,0.23293376,0.19436665,0.57146955,0.6822732,null,null,null,null,"TWOGAUSSIANS",8,2.6438513,0.21545821,0.008131649,0.4,0.0,0.23529169,0.018792162,0.7163125,0.022733327,0.4,0.0,0.16989206,0.013522396
375316653866487564,5850463579981715840,0.4788015,2200.1289134671392,1.1753966050764155,1.144463E-5,19.548826,0.0050286492,0.28239715,0.005938007,0.03416636,0.004936173,0.3231563,0.07319685,0.7608936,0.011153236,0.020400206,0.009834862,0.504674,7.293786,null,null,null,null,"TWOGAUSSIANS",8,1.8808563,0.7608936,0.011153236,0.11424115,0.05507523,0.504674,7.293786,0.28239715,0.005938007,0.1913316,0.027642569,0.3231563,0.07319685
375316653866487564,5850464164095272320,0.46281287,2197.6890064705176,3.271322150859494,1.3485366E-5,19.837116,0.020450408,0.26418898,0.007355967,0.08411246,0.012978132,0.28508317,0.022166224,0.7378842,0.005799348,0.086398125,0.00865349,0.31141466,0.021441044,null,null,null,null,"TWOGAUSSIANS",8,3.00825,0.7378842,0.005799348,0.4,0.0,0.30632603,0.018154731,0.26418898,0.007355967,0.4,0.0,0.2799946,0.02189718
375316653866487564,5850464301538677504,0.49933147,2211.6779686250898,1.78520295351864,1.28428155E-5,18.650337,0.02058507,0.26409462,0.008359327,0.103535764,0.015191477,0.17713614,0.022690903,0.7687066,0.0026926904,0.07140656,0.00786775,0.40623966,0.015369844,null,null,null,null,"TWOGAUSSIANS",8,6.4040422,0.7687066,0.0026926904,0.39987674,0.026205638,0.3987876,0.0130367745,0.26409462,0.008359327,0.4,0.0,0.16968097,0.01946647
375316653866487564,5850465087517390848,0.58457124,2225.908372822296,1.807577735857297,5.632686E-6,17.46864,0.007478214,0.117888115,0.0029205806,0.041759316,0.0049689477,0.29502177,0.055899657,0.6102469,0.0012879405,0.04294177,0.0014834728,0.68503743,0.022388592,0.034070615,0.012844607,0.117888115,0.0029205806,"TWOGAUSSIANS_WITH_ELLIPSOIDAL_ON_ECLIPSE1",9,22.644182,0.6103569,0.0012582835,0.24047393,0.008307448,0.7530239,0.014574055,0.117888115,0.0029205806,0.23385216,0.027826108,0.363163,0.060653836
375316653866487564,5850465538521014400,0.4475411,2224.0815009824955,0.4631698781590844,9.1026095E-6,15.888065,0.07526124,0.24564688,0.010140336,0.33153725,0.012176735,0.428747,0.07471755,0.7103383,0.0059584877,0.11834855,0.009978229,0.2053153,0.026186008,null,null,null,null,"TWOGAUSSIANS",8,46.477913,0.7103383,0.0059584877,0.4,0.0,0.12283736,0.00735941,0.24653688,0.009525693,0.4,0.0,0.07842179,0.0044169836
375316653866487564,5850465985162014848,0.43837446,2182.8636407319987,0.4285656612459099,3.9220013E-5,18.827972,0.010455056,0.30168745,0.009934413,0.112963594,0.011721642,0.12459775,0.018957986,0.7395342,0.0046556145,0.038643632,0.0028451458,0.4616686,0.06256187,null,null,null,null,"TWOGAUSSIANS",8,3.686985,0.7395342,0.0046556145,0.21640433,0.015932817,0.46143186,0.06260138,0.30168745,0.009934413,0.4,0.0,0.12429238,0.018901322
375316653866487564,5850466534919249536,0.5549451,2219.555744721711,3.6146418567449827,1.15573175E-5,19.02445,0.005882038,0.21406983,0.0027359684,0.06275209,0.0026790893,0.57616794,0.018412145,0.71584237,0.0047164294,0.06806118,0.005548082,0.6725484,0.03942568,null,null,null,null,"TWOGAUSSIANS",8,4.694588,0.71584237,0.0047164294,0.38114262,0.031069258,0.67175174,0.039688043,0.21406983,0.0027359684,0.3514117,0.015002901,0.57537127,0.018476123
375316653866487564,5850467462666996224,0.60653895,2205.975984103367,2.7883232127539497,4.3520627E-6,16.244785,0.0036113437,0.26334715,0.0018480497,0.04931188,0.0044155773,0.11143475,0.01159143,0.75926024,0.0020748486,0.04704292,0.003936719,0.09655401,0.008508125,0.04223439,0.005281348,0.26334715,0.0018480497,"TWOGAUSSIANS_WITH_ELLIPSOIDAL_ON_ECLIPSE1",9,4.575692,0.26334715,0.0018480497,0.27614653,0.02472723,0.19590303,0.009747405,0.7598002,0.0017079604,0.26344037,0.022045627,0.18097399,0.0050322716
375316653866487564,5850467737512917632,0.425739,2228.4140007200754,0.02252497102079868,3.162877E-5,19.092014,0.014572757,0.27774447,0.024060953,0.12948199,0.031034559,0.07593897,0.020128924,0.70182776,0.0073889513,0.052318957,0.008611536,0.39089286,0.10232598,null,null,null,null,"TWOGAUSSIANS",8,7.5114374,0.70182776,0.0073889513,0.29298615,0.048224602,0.38987637,0.102594614,0.27774447,0.024060953,0.4,0.0,0.07456291,0.019409202
375316653866487564,5850468527787131136,0.4773725,2202.1092423697555,2.809679275283709,1.3720907E-5,18.546192,1.1608208,0.13029046,0.0065868306,0.11199011,0.05613055,0.35243964,0.8017391,0.6174751,0.005128807,0.13399509,0.110766254,0.36315635,1.1394279,null,null,null,null,"TWOGAUSSIANS",8,9.44582,0.6174751,0.005128807,0.4,0.0,0.2820313,0.02911688,0.13052046,0.003910833,0.4,0.0,0.272007,0.024504654
375316653866487564,5850468562146940288,0.50946707,2214.7666042765663,3.3749113999927682,1.060921E-5,19.642302,0.0085441675,0.20608822,0.004186266,0.07339496,0.005753653,0.3723193,0.033595517,0.7234934,0.005398898,0.08426877,0.006574461,0.2951473,0.018315023,null,null,null,null,"TWOGAUSSIANS",8,1.4588174,0.20608822,0.004186266,0.4,0.0015945487,0.3693153,0.03448561,0.7234934,0.005398898,0.4,0.0,0.29214326,0.018412955
375316653866487564,5850468695291094656,0.55118203,2209.7166209759584,3.2511220676719987,1.0799623E-5,18.459042,0.003381076,0.28272563,0.002491466,0.079594046,0.0052072434,0.18427944,0.007227591,0.7808156,0.003228478,0.07614044,0.0037514172,0.19390674,0.0057769828,null,null,null,null,"TWOGAUSSIANS",8,1.362729,0.7808156,0.003228478,0.4,0.0,0.19180894,0.0056737657,0.28272563,0.002491466,0.4,0.0,0.18218166,0.0076462794
