Gaia/vari_eclipsing_binary/VariEclipsingBinary_513289-513348.csv
# %ECSV 1.0
# ---
# delimiter: ','
# meta: !!omap
# - RELEASE: Gaia DR3
# - TABLE: vari_eclipsing_binary
# - DESCRIPTION: >
#     This table describes the properties of the eclipsing binaries resulting from the variability analysis. 
# - CITATION: >
#     How to cite and acknowledge Gaia: 
#     https://gea.esac.esa.int/archive/documentation/credits.html 
# - KNOWN_ISSUES: >
#     Known issues: 
#     https://www.cosmos.esa.int/web/gaia-users/known-issues 
# - DOCUMENTATION: >
#     Tutorials and documentation: 
#     https://www.cosmos.esa.int/web/gaia-users/archive 
# datatype:
# - 
#   name: solution_id
#   datatype: int64
#   description: Solution Identifier
#   meta:
#     ucd: meta.version
# - 
#   name: source_id
#   datatype: int64
#   description: Unique source identifier
#   meta:
#     ucd: meta.id;meta.main
# - 
#   name: global_ranking
#   datatype: float32
#   description: Number between 0 (worst) and 1 (best)
#   meta:
#     ucd: stat.param
# - 
#   name: reference_time
#   datatype: float64
#   unit: d
#   description: Reference time used for the geometric model fit
#   meta:
#     ucd: time.epoch
# - 
#   name: frequency
#   datatype: float64
#   unit: d**-1
#   description: Frequency of geometric model of the eclipsing binary light curve
#   meta:
#     ucd: src.orbital
# - 
#   name: frequency_error
#   datatype: float32
#   unit: d**-1
#   description: "Uncertainty of \\texttt{frequency}"
#   meta:
#     ucd: stat.error
# - 
#   name: geom_model_reference_level
#   datatype: float32
#   unit: mag
#   description: Magnitude reference level of geometric model
#   meta:
#     ucd: phot.mag;em.opt
# - 
#   name: geom_model_reference_level_error
#   datatype: float32
#   unit: mag
#   description: "Uncertainty of \\texttt{geomModelReferenceLevel}"
#   meta:
#     ucd: stat.error;phot.mag;em.opt
# - 
#   name: geom_model_gaussian1_phase
#   datatype: float32
#   description: Phase of the Gaussian 1 component
#   meta:
#     ucd: time.phase
# - 
#   name: geom_model_gaussian1_phase_error
#   datatype: float32
#   description: "Uncertainty of \\texttt{geomModelGaussian1Phase}"
#   meta:
#     ucd: stat.error;time.phase
# - 
#   name: geom_model_gaussian1_sigma
#   datatype: float32
#   description: "Standard deviation [phase] of Gaussian 1 component"
#   meta:
#     ucd: stat.stdev
# - 
#   name: geom_model_gaussian1_sigma_error
#   datatype: float32
#   description: "Uncertainty of \\texttt{geomModelGaussian1Sigma}"
#   meta:
#     ucd: stat.error
# - 
#   name: geom_model_gaussian1_depth
#   datatype: float32
#   unit: mag
#   description: Magnitude depth of Gaussian 1 component
#   meta:
#     ucd: src.var.amplitude
# - 
#   name: geom_model_gaussian1_depth_error
#   datatype: float32
#   unit: mag
#   description: "Uncertainty of \\texttt{geomModelGaussian1Depth}"
#   meta:
#     ucd: stat.error;src.var.amplitude
# - 
#   name: geom_model_gaussian2_phase
#   datatype: float32
#   description: Phase of Gaussian 2 component
#   meta:
#     ucd: time.phase
# - 
#   name: geom_model_gaussian2_phase_error
#   datatype: float32
#   description: "Uncertainty of \\texttt{geomModelGaussian2Phase}"
#   meta:
#     ucd: stat.error;time.phase
# - 
#   name: geom_model_gaussian2_sigma
#   datatype: float32
[...]
#   datatype: float32
#   description: "Secondary eclipse: uncertainty of \\texttt{derivedSecondaryEclDuration}"
#   meta:
#     ucd: stat.error;time.duration
# - 
#   name: derived_secondary_ecl_depth
#   datatype: float32
#   unit: mag
#   description: "Secondary eclipse: depth"
#   meta:
#     ucd: src.var.amplitude
# - 
#   name: derived_secondary_ecl_depth_error
#   datatype: float32
#   unit: mag
#   description: "Secondary eclipse: uncertainty of \\texttt{derivedSecondaryEclDepth}"
#   meta:
#     ucd: stat.error;src.var.amplitude
solution_id,source_id,global_ranking,reference_time,frequency,frequency_error,geom_model_reference_level,geom_model_reference_level_error,geom_model_gaussian1_phase,geom_model_gaussian1_phase_error,geom_model_gaussian1_sigma,geom_model_gaussian1_sigma_error,geom_model_gaussian1_depth,geom_model_gaussian1_depth_error,geom_model_gaussian2_phase,geom_model_gaussian2_phase_error,geom_model_gaussian2_sigma,geom_model_gaussian2_sigma_error,geom_model_gaussian2_depth,geom_model_gaussian2_depth_error,geom_model_cosine_half_period_amplitude,geom_model_cosine_half_period_amplitude_error,geom_model_cosine_half_period_phase,geom_model_cosine_half_period_phase_error,model_type,num_model_parameters,reduced_chi2,derived_primary_ecl_phase,derived_primary_ecl_phase_error,derived_primary_ecl_duration,derived_primary_ecl_duration_error,derived_primary_ecl_depth,derived_primary_ecl_depth_error,derived_secondary_ecl_phase,derived_secondary_ecl_phase_error,derived_secondary_ecl_duration,derived_secondary_ecl_duration_error,derived_secondary_ecl_depth,derived_secondary_ecl_depth_error
[from data line 74]
375316653866487564,4515042558427760768,0.53861445,2156.0862997770764,2.3742387971507135,8.453135E-6,18.22769,0.014245278,0.23199354,0.004140268,0.08540835,0.006234014,0.32461613,0.017518053,0.7332564,0.0022057455,0.08391206,0.0061696586,0.29539534,0.020796161,null,null,null,null,"TWOGAUSSIANS",8,4.4571514,0.23199354,0.004140268,0.4,0.0,0.3168723,0.015880443,0.7332564,0.0022057455,0.4,0.0,0.28765154,0.020872878
375316653866487564,4515043584915915648,0.47195217,2120.9050849096247,2.502682321884085,2.9910345E-5,19.394604,0.036730815,0.14103705,0.007823743,0.085993074,0.009872331,0.29047915,0.04465799,0.6335151,0.017580748,0.101878956,0.024241505,0.26599398,0.040158816,null,null,null,null,"TWOGAUSSIANS",8,3.423878,0.14103705,0.00782363,0.4,0.0,0.27613986,0.026222253,0.6335151,0.017580748,0.4,0.0,0.25165138,0.03231875
375316653866487564,4515044718787855744,0.5004072,2142.7573498987445,0.7180859656907111,5.5096552E-6,19.142313,0.010427806,0.23476359,0.0048441165,0.036120605,0.006551858,0.26103744,0.050294746,0.73509103,0.0014800518,0.032542456,0.002095615,0.32108095,0.010858592,null,null,null,null,"TWOGAUSSIANS",8,5.141555,0.73509103,0.0014800518,0.18223776,0.011735444,0.32108095,0.010858592,0.23476359,0.0048441165,0.2022754,0.036690403,0.26103744,0.050294746
375316653866487564,4515046058814748032,0.4796147,2116.3279833859124,0.8639703724670761,2.431375E-5,19.452286,0.014625527,0.55108607,1.0158091E-4,0.008290234,3.7503755E-4,0.56771606,0.015741063,0.7767658,0.027680395,0.05469245,0.020847984,0.13861164,0.0408711,0.06537792,0.020559045,0.55108607,1.0158091E-4,"TWOGAUSSIANS_WITH_ELLIPSOIDAL_ON_ECLIPSE1",9,1.9187218,0.55108607,1.0158091E-4,0.046425313,0.0021002104,0.6984995,0.046996415,0.7767658,0.027680395,0.30627772,0.116748706,0.14164092,0.039527263
375316653866487564,4515047609298897280,0.48052445,2117.8247811115884,2.6499456402487294,3.0267249E-5,19.66838,0.14773057,0.19044368,0.0071664513,0.084050596,0.042718187,0.27711713,0.121920936,0.67144287,0.037963137,0.11278531,0.08005897,0.2985413,0.12550858,null,null,null,null,"TWOGAUSSIANS",8,1.9075681,0.67144287,0.037963137,0.4,0.0,0.28086108,0.039091926,0.19046369,0.006507825,0.4,0.0,0.25947797,0.033253416
375316653866487564,4515051732467862784,0.4797045,2077.378771414632,1.3205758866615867,2.171887E-5,19.1254,0.015674386,0.20141007,0.021812998,0.029212935,0.025647085,1.7180014,2.13103313E11,0.73346865,0.0039991955,0.061253645,0.005414425,0.43324935,0.027018482,null,null,null,null,"TWOGAUSSIANS",8,11.987726,0.20141007,0.021812998,0.16359243,0.14362368,1.7180014,2.13103313E11,0.73346865,0.0039991955,0.3430204,0.03032078,0.43324932,0.027018437
375316653866487564,4515052484084322304,0.57176316,2194.9539999831445,0.7450065154173009,9.940999E-6,18.451202,0.004602546,0.26216245,0.0017577821,0.0322909,0.0016573882,0.3632246,0.012253494,0.7654449,0.0019881,0.03513858,0.003445802,0.1804659,0.0071596894,null,null,null,null,"TWOGAUSSIANS",8,2.4153626,0.26216245,0.0017577821,0.18082902,0.009281374,0.3632246,0.012253494,0.7654449,0.0019881,0.19677605,0.019296492,0.1804659,0.0071596894
375316653866487564,4515055026706212864,0.6716496,2160.8438011201874,0.9494058782177726,3.6574208E-6,17.567522,0.0041455245,0.25861472,0.0013530393,0.053147707,0.0022089565,0.3936026,0.009797923,0.78315073,0.0043628784,0.031421866,0.005998153,0.06769296,0.013593221,0.09919243,0.005330308,0.25861472,0.0013530393,"TWOGAUSSIANS_WITH_ELLIPSOIDAL_ON_ECLIPSE1",9,1.6945821,0.25861472,0.0013530393,0.29762715,0.012370156,0.5919812,0.006255143,0.78315073,0.0043628784,0.17596246,0.033589657,0.2613938,0.0090875765
375316653866487564,4515055202811543680,0.74588543,2161.231883634641,0.37312384246811797,1.0440292E-6,13.204727,8.5638475E-4,0.23667073,5.757628E-7,0.009719161,2.0202071E-5,2.0423439,0.0070431186,0.72099376,1.6091877E-6,0.014976929,2.6087097E-5,0.6917781,3.139549E-4,null,null,null,null,"TWOGAUSSIANS",8,26.166288,0.23667073,5.757628E-7,0.0544273,1.13131595E-4,2.0423439,0.0070431186,0.72099376,1.6091877E-6,0.0838708,1.4608774E-4,0.6917781,3.139549E-4
375316653866487564,4515057844203813504,0.47864422,2149.095768101072,3.0179462412852045,5.2926956E-5,18.655077,0.0052948417,0.35560605,0.028564136,0.034382448,0.017460568,0.07022772,0.025245788,0.85930794,8.01989E-4,0.012439271,5.483566E-4,0.29796994,0.01188709,null,null,null,null,"TWOGAUSSIANS",8,1.8644317,0.85930794,8.01989E-4,0.06965992,0.003070797,0.29796994,0.01188709,0.35560605,0.028564136,0.19254172,0.09777918,0.07022772,0.025245788
375316653866487564,4515058570057066112,0.5051048,2105.58832935317,0.8945954222804119,2.85997E-5,19.804476,0.01196922,0.17114879,0.026471121,0.06135492,0.030377615,0.100288786,0.0404837,0.668327,0.0056612883,0.070135795,0.009635757,0.32038328,0.016706318,null,null,null,null,"TWOGAUSSIANS",8,1.3629525,0.668327,0.0056612883,0.39276043,0.03456556,0.32013735,0.016586578,0.17114879,0.026471121,0.34358755,0.15583263,0.100042865,0.040913083
375316653866487564,4515064784872082688,0.5045929,2096.232765401267,0.7860365040317137,9.085783E-6,18.396347,0.0026348976,0.87440425,0.012693291,0.034631126,0.009609453,0.082072854,0.029346509,0.7227851,7.986671E-4,0.02016337,8.977936E-4,0.6765099,0.07811202,0.007460184,0.0038061724,0.7227851,7.986671E-4,"TWOGAUSSIANS_WITH_ELLIPSOIDAL_ON_ECLIPSE2",9,2.4529204,0.7227851,7.9527765E-4,0.112914875,0.0050276443,0.6914359,0.080996364,0.8731043,0.013912975,0.1939343,0.05381294,0.08714142,0.028900003
375316653866487564,4515065265913295232,0.443813,2049.4955474306817,2.7081454934282414,7.9704994E-5,19.830994,0.015249865,0.25190702,0.021246916,0.08692855,0.020331496,0.195476,0.021973208,0.8424383,0.0074978108,0.039409664,0.0109378435,0.17271252,0.056757543,null,null,null,null,"TWOGAUSSIANS",8,3.400158,0.25190702,0.021246916,0.4,0.0,0.19546969,0.021956816,0.8424383,0.007498426,0.22069411,0.06125192,0.1727092,0.056759115
375316653866487564,4515066232287673856,0.62463903,2072.9918576058126,2.551452991680672,4.4808116E-6,18.129452,0.008208117,0.29484746,0.0017130169,0.053355884,0.0033395088,0.30127746,0.020857763,0.7982102,0.0019197896,0.042076744,0.0033779002,0.23436981,0.017066265,0.103576615,0.0106923925,0.29484746,0.0017130169,"TWOGAUSSIANS_WITH_ELLIPSOIDAL_ON_ECLIPSE1",9,2.8323922,0.29484746,0.0017130169,0.29879296,0.01870125,0.5084251,0.013393443,0.7982102,0.0019197896,0.23562978,0.018916242,0.44142503,0.009300091
375316653866487564,4515066674658027392,0.45947945,2090.393444692521,3.3663662617752124,5.582336E-5,19.4391,0.015389389,0.26897687,0.016109537,0.08863681,0.02278944,0.20592315,0.047142502,0.7741126,0.007783198,0.07524227,0.015158765,0.22939588,0.025136972,null,null,null,null,"TWOGAUSSIANS",8,4.1316485,0.7741126,0.007783198,0.4,0.018250376,0.22566979,0.027970137,0.26897687,0.016109537,0.4,0.0,0.202197,0.050305363
375316653866487564,4515068152131292160,0.47053835,2097.047973319091,2.0627021114848367,3.998146E-5,19.769081,0.010574274,0.24799368,0.009993357,0.07531711,0.007793431,0.46657878,0.11873873,0.8622206,0.006351943,0.026369262,0.0063219694,0.3258542,0.12602207,null,null,null,null,"TWOGAUSSIANS",8,1.9711311,0.24799368,0.009993357,0.4,0.0041688806,0.46657878,0.11873875,0.8622206,0.006351943,0.14766787,0.035403028,0.32585514,0.12602235
375316653866487564,4515068225142880256,0.52049035,2104.2307497316056,3.120020831717583,2.1444932E-5,19.794455,0.021675996,0.22260225,0.0137936575,0.07891616,0.014901502,0.3783853,0.038641877,0.7318466,0.0047793086,0.07552927,0.009677989,0.32122815,0.021393703,null,null,null,null,"TWOGAUSSIANS",8,1.5263201,0.22260225,0.0137936575,0.4,0.0,0.37534285,0.036031637,0.7318466,0.0047793086,0.4,0.0,0.31818572,0.018429076
375316653866487564,4515068293871975808,0.5500457,2115.20169558125,2.129316784800226,1.3892264E-5,16.828407,0.0122182565,0.27296898,0.0052868607,0.09334618,0.0072017894,0.2711449,0.017760793,0.7665201,0.0041196267,0.09393387,0.006573953,0.2872393,0.0137444725,null,null,null,null,"TWOGAUSSIANS",8,14.209326,0.7665201,0.0041196267,0.4,0.0,0.2728242,0.010702276,0.27296898,0.0052868607,0.4,0.0,0.25672987,0.016862528
375316653866487564,4515068809268082560,0.5423395,2090.926741553343,0.3392875458932111,3.7291655E-5,17.562695,0.0051446804,0.19881311,0.0017582357,0.023329763,0.0018770567,0.2560869,0.028010953,0.6833005,0.001764516,0.018045517,0.0015920646,0.3676288,0.018912438,0.016713921,0.0077512804,0.19881311,0.0017582357,"TWOGAUSSIANS_WITH_ELLIPSOIDAL_ON_ECLIPSE1",9,13.090441,0.6833405,0.0017593387,0.10105489,0.008915562,0.40074077,0.016682617,0.19881311,0.0017582357,0.13064668,0.0105115175,0.2895147,0.028723923
375316653866487564,4515069114203911296,0.52553815,2133.5692801987816,0.3808518200227442,3.4690704E-6,18.565878,0.0058991215,0.20866077,9.971251E-5,0.0071606054,6.2517315E-4,6.914304,6.168466,0.7434072,0.02758679,0.02146402,0.011030145,0.31589812,0.25189596,0.01748772,0.01061887,0.7434072,0.02758679,"TWOGAUSSIANS_WITH_ELLIPSOIDAL_ON_ECLIPSE2",9,4.110135,0.20866077,9.971251E-5,0.04009939,0.0035009696,6.9476385,6.1662703,0.7434072,0.02758679,0.12019851,0.06176881,0.35087356,0.2608758
375316653866487564,4515069496465089024,0.43238723,2048.6395098448643,2.7588442874675767,3.5604084E-5,19.440308,0.043614622,0.29063734,0.029251974,0.092846766,0.034223817,0.1853126,0.06420033,0.7600492,0.0069558495,0.09280073,0.020045416,0.2519226,0.058423944,null,null,null,null,"TWOGAUSSIANS",8,5.672839,0.7600492,0.0069558495,0.4,0.0,0.24465975,0.051787797,0.29063734,0.029251141,0.4,0.0,0.17804994,0.041966524
375316653866487564,4515069801391958400,0.44085827,2070.206470823312,0.8592900704618627,5.8875823E-5,19.762259,0.012454846,0.3367156,0.005011377,0.04688586,0.00963241,0.3326748,0.042091258,0.8202995,1.8317453E-4,0.015359892,0.0010469096,2.3943934,0.60386854,null,null,null,null,"TWOGAUSSIANS",8,3.2207067,0.8202995,1.8317453E-4,0.086015396,0.005862694,2.3943934,0.60386854,0.3367156,0.005011377,0.2625608,0.053941492,0.3326748,0.042091258
375316653866487564,4515071661127207680,0.4655232,2121.947509701822,3.334175266227494,4.225747E-5,16.669674,0.196565,0.23746859,0.008129056,0.120480776,0.049008094,0.18443571,0.18567134,0.72437,0.01651484,0.12275303,0.07810112,0.17982459,0.18631637,null,null,null,null,"TWOGAUSSIANS",8,41.72726,0.23756859,0.007881787,0.4,0.0,0.14517953,0.021119563,0.72437,0.01651484,0.4,0.0,0.14054418,0.02050808
375316653866487564,4515078533074386560,0.507823,2159.769661076712,0.627087164880071,4.6738438E-5,18.275543,0.002987635,0.16901635,0.0030958334,0.0181803,0.0022692913,0.3359121,0.047114227,0.4579391,0.01625252,0.04842397,0.012110275,0.21553257,0.08618952,null,null,null,null,"TWOGAUSSIANS",8,2.752183,0.16901635,0.0030958334,0.10180967,0.012708032,0.33591214,0.04711426,0.4579391,0.01625252,0.27117422,0.06781754,0.21553257,0.08618952
375316653866487564,4515082273978544640,0.44874883,2143.1555748884984,4.398689667428235,1.238135E-5,19.763844,0.033400614,0.17663208,0.001161105,0.024679368,0.0026189003,1.6522186,0.438229,0.7682885,0.010361352,0.031997796,0.011419136,0.42707452,0.069839634,null,null,null,null,"TWOGAUSSIANS",8,3.556148,0.17663208,0.001161105,0.13820446,0.014665841,1.6522186,0.438229,0.7682885,0.010361352,0.17918767,0.063947156,0.42707452,0.069839634
375316653866487564,4515091108738846464,0.61758244,2145.237083529878,2.779350677178011,4.250589E-6,15.898682,0.008305083,0.24286292,0.0015797513,0.042713623,0.023527108,0.1944335,133.9749,0.74245787,0.0035453532,0.050435234,0.007660468,0.16137715,0.02960937,0.12252733,0.010506928,0.24286292,0.0015797513,"TWOGAUSSIANS_WITH_ELLIPSOIDAL_ON_ECLIPSE1",9,20.448582,0.24286292,0.0015797513,0.2391963,0.1317518,0.43948728,133.98645,0.74254787,0.0029435114,0.2824373,0.04289862,0.4064297,0.0303889
375316653866487564,4515091482387768576,0.5508973,2138.230814766315,3.056196324778216,1.2467834E-5,18.69326,0.027578162,0.3041907,0.002995586,0.052484438,0.0067188134,0.5223954,0.054963216,0.8053072,0.0047044894,0.045529176,0.0063536474,0.36283562,0.064396724,0.07703645,0.033644043,0.3041907,0.002995586,"TWOGAUSSIANS_WITH_ELLIPSOIDAL_ON_ECLIPSE1",9,8.802312,0.3041907,0.002995586,0.29391286,0.037625354,0.67646194,0.048042335,0.8053072,0.004575219,0.25496337,0.035580426,0.5168946,0.021551648
375316653866487564,4515092723646582784,0.5384427,2087.244423862222,3.5882761102792435,2.514101E-5,18.272839,0.01268053,0.23353033,0.002014912,0.087242335,0.003910058,0.3933573,0.013653414,0.74440366,0.0040078424,0.093517594,0.008337453,0.29294038,0.013212355,null,null,null,null,"TWOGAUSSIANS",8,6.2783265,0.23353033,0.002014912,0.4,0.0,0.3809468,0.011195586,0.74440366,0.0040078424,0.4,0.0,0.28052947,0.013301934
375316653866487564,4515093372177508608,0.45648465,2099.456187767883,1.0850654691030621,4.830706E-5,19.782957,0.012861461,0.30666298,1.33246585E-5,0.006975271,2.5786617E-4,0.5009247,0.0066995197,0.82736343,0.012154887,0.020180307,0.0050966786,0.6723949,1.0305947,null,null,null,null,"TWOGAUSSIANS",8,2.722968,0.82736343,0.012154887,0.11300971,0.0285414,0.6723949,1.0305947,0.30666298,1.33246585E-5,0.039061517,0.0014440506,0.5009247,0.0066995197
375316653866487564,4515093685712161664,0.48082516,2087.8496468734024,1.7703551001078082,2.8413084E-5,19.912058,0.0064244615,0.40241185,0.11763935,0.04357499,0.020568574,0.7542606,0.5834003,0.774613,0.020713788,0.020825986,0.028007062,0.20510638,759803.2,null,null,null,null,"TWOGAUSSIANS",8,1.5018858,0.40241185,0.11763935,0.24401994,0.11518401,0.7542606,0.5834003,0.774613,0.020713788,0.116625525,0.15683955,0.20510638,759803.2
375316653866487564,4515093750130496896,0.56982493,2098.233679176405,2.1873231420467123,1.941864E-5,19.05672,0.013763008,0.26469707,0.0026390234,0.03506149,0.0056681703,0.28149414,0.0400888,0.7660912,0.04107074,0.037103504,0.028335478,0.27228588,52.43706,0.1902437,0.022814242,0.26469707,0.0026390234,"TWOGAUSSIANS_WITH_ELLIPSOIDAL_ON_ECLIPSE1",9,5.304676,0.26469707,0.0026390234,0.19634435,0.031741753,0.66198105,0.035084687,0.7660912,0.04087993,0.20777962,0.15867868,0.6527436,52.41157
375316653866487564,4515100656438088576,0.5766981,2136.129787000202,3.4091737641110957,7.904373E-6,19.145645,0.011449228,0.20401494,0.0076878844,0.0286384,0.019097501,0.25656518,2240.676,0.7052885,0.0023966199,0.037931908,0.00397716,0.28290677,0.03211994,0.12344177,0.014450118,0.20401494,0.0076878844,"TWOGAUSSIANS_WITH_ELLIPSOIDAL_ON_ECLIPSE1",9,2.1719935,0.7052885,0.0023966199,0.21241869,0.022272097,0.5297744,0.028831383,0.20401494,0.0076878844,0.16037504,0.10694601,0.50344867,2240.6821
375316653866487564,4515100793877031296,0.52676,2154.1016014662746,2.5178518461092803,1.03143175E-5,18.781723,0.013891106,0.26323465,0.003662089,0.043056134,0.008315755,0.20750038,0.031995963,0.7654844,0.006218144,0.041304547,0.010524351,0.24448812,0.060170315,0.13789912,0.018864015,0.26323465,0.003662089,"TWOGAUSSIANS_WITH_ELLIPSOIDAL_ON_ECLIPSE1",9,4.5777097,0.7654844,0.0060900324,0.23130547,0.05893637,0.5202307,0.06486386,0.26323465,0.003662089,0.24111436,0.04656823,0.48329806,0.025112022
375316653866487564,4515101279214253440,0.4878304,2162.895064822312,3.8791634805281348,8.946691E-5,18.949661,0.0032357743,0.35055,0.004358536,0.03682567,0.005528639,0.032958295,0.0034755762,0.63028,0.008990542,0.03151249,0.0038622844,0.29423493,0.0267692,null,null,null,null,"TWOGAUSSIANS",8,1.4749041,0.63028,0.008990542,0.17646995,0.021628791,0.29423493,0.0267692,0.35055,0.004358536,0.20622376,0.03096038,0.032958295,0.0034755762
375316653866487564,4515102035136864640,0.47610924,2125.9905472441023,2.4976771880032045,3.291075E-5,19.155903,0.623028,0.1418176,0.0085635735,0.103376836,0.03990382,0.30753055,0.3421257,0.6590242,0.010143245,0.13627934,0.13230857,0.25288686,0.61587507,null,null,null,null,"TWOGAUSSIANS",8,3.911468,0.14156759,0.005684361,0.4,0.0,0.25547668,0.015410313,0.6590342,0.010080263,0.4,0.0,0.20017438,0.021314237
