Gaia/vari_eclipsing_binary/VariEclipsingBinary_765941-766146.csv
# %ECSV 1.0
# ---
# delimiter: ','
# meta: !!omap
# - RELEASE: Gaia DR3
# - TABLE: vari_eclipsing_binary
# - DESCRIPTION: >
#     This table describes the properties of the eclipsing binaries resulting from the variability analysis. 
# - CITATION: >
#     How to cite and acknowledge Gaia: 
#     https://gea.esac.esa.int/archive/documentation/credits.html 
# - KNOWN_ISSUES: >
#     Known issues: 
#     https://www.cosmos.esa.int/web/gaia-users/known-issues 
# - DOCUMENTATION: >
#     Tutorials and documentation: 
#     https://www.cosmos.esa.int/web/gaia-users/archive 
# datatype:
# - 
#   name: solution_id
#   datatype: int64
#   description: Solution Identifier
#   meta:
#     ucd: meta.version
# - 
#   name: source_id
#   datatype: int64
#   description: Unique source identifier
#   meta:
#     ucd: meta.id;meta.main
# - 
#   name: global_ranking
#   datatype: float32
#   description: Number between 0 (worst) and 1 (best)
#   meta:
#     ucd: stat.param
# - 
#   name: reference_time
#   datatype: float64
#   unit: d
#   description: Reference time used for the geometric model fit
#   meta:
#     ucd: time.epoch
# - 
#   name: frequency
#   datatype: float64
#   unit: d**-1
#   description: Frequency of geometric model of the eclipsing binary light curve
#   meta:
#     ucd: src.orbital
# - 
#   name: frequency_error
#   datatype: float32
#   unit: d**-1
#   description: "Uncertainty of \\texttt{frequency}"
#   meta:
#     ucd: stat.error
# - 
#   name: geom_model_reference_level
#   datatype: float32
#   unit: mag
#   description: Magnitude reference level of geometric model
#   meta:
#     ucd: phot.mag;em.opt
# - 
#   name: geom_model_reference_level_error
#   datatype: float32
#   unit: mag
#   description: "Uncertainty of \\texttt{geomModelReferenceLevel}"
#   meta:
#     ucd: stat.error;phot.mag;em.opt
# - 
#   name: geom_model_gaussian1_phase
#   datatype: float32
#   description: Phase of the Gaussian 1 component
#   meta:
#     ucd: time.phase
# - 
#   name: geom_model_gaussian1_phase_error
#   datatype: float32
#   description: "Uncertainty of \\texttt{geomModelGaussian1Phase}"
#   meta:
#     ucd: stat.error;time.phase
# - 
#   name: geom_model_gaussian1_sigma
#   datatype: float32
#   description: "Standard deviation [phase] of Gaussian 1 component"
#   meta:
#     ucd: stat.stdev
# - 
#   name: geom_model_gaussian1_sigma_error
#   datatype: float32
#   description: "Uncertainty of \\texttt{geomModelGaussian1Sigma}"
#   meta:
#     ucd: stat.error
# - 
#   name: geom_model_gaussian1_depth
#   datatype: float32
#   unit: mag
#   description: Magnitude depth of Gaussian 1 component
#   meta:
#     ucd: src.var.amplitude
# - 
#   name: geom_model_gaussian1_depth_error
#   datatype: float32
#   unit: mag
#   description: "Uncertainty of \\texttt{geomModelGaussian1Depth}"
#   meta:
#     ucd: stat.error;src.var.amplitude
# - 
#   name: geom_model_gaussian2_phase
#   datatype: float32
#   description: Phase of Gaussian 2 component
#   meta:
#     ucd: time.phase
# - 
#   name: geom_model_gaussian2_phase_error
#   datatype: float32
#   description: "Uncertainty of \\texttt{geomModelGaussian2Phase}"
#   meta:
#     ucd: stat.error;time.phase
# - 
#   name: geom_model_gaussian2_sigma
#   datatype: float32
[...]
#   datatype: float32
#   description: "Secondary eclipse: uncertainty of \\texttt{derivedSecondaryEclDuration}"
#   meta:
#     ucd: stat.error;time.duration
# - 
#   name: derived_secondary_ecl_depth
#   datatype: float32
#   unit: mag
#   description: "Secondary eclipse: depth"
#   meta:
#     ucd: src.var.amplitude
# - 
#   name: derived_secondary_ecl_depth_error
#   datatype: float32
#   unit: mag
#   description: "Secondary eclipse: uncertainty of \\texttt{derivedSecondaryEclDepth}"
#   meta:
#     ucd: stat.error;src.var.amplitude
solution_id,source_id,global_ranking,reference_time,frequency,frequency_error,geom_model_reference_level,geom_model_reference_level_error,geom_model_gaussian1_phase,geom_model_gaussian1_phase_error,geom_model_gaussian1_sigma,geom_model_gaussian1_sigma_error,geom_model_gaussian1_depth,geom_model_gaussian1_depth_error,geom_model_gaussian2_phase,geom_model_gaussian2_phase_error,geom_model_gaussian2_sigma,geom_model_gaussian2_sigma_error,geom_model_gaussian2_depth,geom_model_gaussian2_depth_error,geom_model_cosine_half_period_amplitude,geom_model_cosine_half_period_amplitude_error,geom_model_cosine_half_period_phase,geom_model_cosine_half_period_phase_error,model_type,num_model_parameters,reduced_chi2,derived_primary_ecl_phase,derived_primary_ecl_phase_error,derived_primary_ecl_duration,derived_primary_ecl_duration_error,derived_primary_ecl_depth,derived_primary_ecl_depth_error,derived_secondary_ecl_phase,derived_secondary_ecl_phase_error,derived_secondary_ecl_duration,derived_secondary_ecl_duration_error,derived_secondary_ecl_depth,derived_secondary_ecl_depth_error
[from data line 335]
375316653866487564,6738560695355952512,0.5427204,2261.8582301848396,4.064551710259026,4.7759677E-5,19.024572,0.027039297,0.19075993,0.0068567903,0.0856397,0.014476818,0.3891936,0.049168523,0.7034705,0.022916155,0.08869369,0.02559794,0.37455758,0.037865654,null,null,null,null,"TWOGAUSSIANS",8,3.5039225,0.19075993,0.0068567903,0.4,0.0,0.3790901,0.05533041,0.7034705,0.022916155,0.4,0.010432952,0.36445403,0.032505866
375316653866487564,6738564406207508864,0.5510746,2277.269466523457,1.1306753484414196,3.273883E-4,17.335669,0.0075971507,0.31435087,0.05756735,0.15160191,0.0984188,0.019427871,0.006632382,0.7272173,0.038164463,0.08027136,0.012888615,0.19874161,0.010310994,null,null,null,null,"TWOGAUSSIANS",8,1.9225862,0.7272173,0.038164463,0.4,0.0,0.19635515,0.007006587,0.31438085,0.05747002,0.4,0.0,0.016554669,0.0024166547
375316653866487564,6738567842181655424,0.54815054,2272.7340015612376,3.082102037591171,3.9440532E-5,16.203236,0.013911901,0.2786741,0.017018806,0.06986013,0.02028133,0.26855615,0.06363488,0.7875044,0.007920798,0.054833192,0.0185612,0.28994536,0.09510817,null,null,null,null,"TWOGAUSSIANS",8,32.341866,0.7875044,0.007920798,0.30706587,0.103942715,0.28981188,0.095775016,0.2786741,0.017018806,0.39121673,0.06669269,0.26842266,0.06416129
375316653866487564,6738574237389205888,0.6276853,2258.08203064106,2.983208106536686,1.6449401E-5,13.907199,0.072412565,0.26817048,0.0039574886,0.061972693,0.022097474,0.21418409,0.13993017,0.7399642,0.010883111,0.068258,0.024848975,0.24420077,0.13401596,0.05560565,0.07799569,0.26817048,0.0039574886,"TWOGAUSSIANS_WITH_ELLIPSOIDAL_ON_ECLIPSE1",9,239.63687,0.7439642,0.008014604,0.38224483,0.052687056,0.35231733,0.02530903,0.26817048,0.0039574886,0.3470471,0.10537934,0.32527235,0.027339129
375316653866487564,6738590794486553600,0.63138,2224.069954625669,0.9483964844088588,7.137065E-5,17.885292,0.005793055,0.19474052,5.9016235E-4,0.015765455,8.3861157E-4,1.945925,0.42968902,0.77982736,0.0054359245,0.022883052,0.0038150875,1.4586196,0.51735425,0.019024862,0.013573401,0.77982736,0.0054359245,"TWOGAUSSIANS_WITH_ELLIPSOIDAL_ON_ECLIPSE2",9,9.076158,0.19477053,5.762232E-4,0.08828654,0.004696225,1.9740998,0.44771495,0.77982736,0.0054359245,0.12814508,0.02136449,1.4966693,0.5210721
375316653866487564,6738595433050168448,0.50115687,2284.1580272074116,4.440322368841577,2.2810818E-5,19.657112,0.01622371,0.25756168,0.010169396,0.090972826,0.012023484,0.26132947,0.021741942,0.7570284,0.016253198,0.07331603,0.0148977665,0.2700092,0.045850743,null,null,null,null,"TWOGAUSSIANS",8,1.3278793,0.7570284,0.016253198,0.4,0.04437347,0.26492724,0.04596458,0.25756168,0.010169396,0.4,0.0,0.25624737,0.019313129
375316653866487564,6738601927040698496,0.58443713,2223.734054030575,3.6932249014135072,5.7173847E-6,18.429667,0.020085916,0.2616904,0.0029127763,0.07540295,0.004278709,0.45984,0.023526588,0.770093,0.0038214263,0.08733502,0.011798387,0.39834806,0.06924497,null,null,null,null,"TWOGAUSSIANS",8,4.4283834,0.2616904,0.0029127763,0.4,0.0,0.4533955,0.021497361,0.770093,0.0038214263,0.4,0.0,0.3919035,0.07287483
375316653866487564,6738604164721552384,0.4341888,2189.1128901082393,0.4965459615595331,2.6836879E-5,14.227057,0.056385428,null,null,null,null,null,null,null,null,null,null,null,null,0.08067208,0.06765385,0.35368735,0.009567499,"ELLIPSOIDAL",4,369.9665,null,null,null,null,null,null,null,null,null,null,null,null
375316653866487564,6738610929292380672,0.64631695,2326.973038369441,2.0456366574805522,6.2101867E-6,17.912622,0.007545231,0.25982913,0.0012343057,0.071706735,0.002126408,0.29352352,0.0075291866,0.7666714,0.011150183,0.10746911,0.016138375,0.12913094,0.008388778,null,null,null,null,"TWOGAUSSIANS",8,0.7749965,0.25982913,0.0012343057,0.4,0.0037137584,0.28725228,0.0051520537,0.7666714,0.011150183,0.4,0.0,0.12285434,0.0091855675
375316653866487564,6738614816240456320,0.5347006,2285.1747851478917,2.357303884575134,3.730312E-5,15.690572,0.5679585,0.2803356,0.00836514,0.11939344,0.057367064,0.3721289,0.5181754,0.76854926,0.0072350656,0.117190376,0.080682516,0.29772717,0.5481458,null,null,null,null,"TWOGAUSSIANS",8,91.49376,0.2803756,0.0077241845,0.4,0.0,0.30808866,0.037187185,0.76854926,0.0072350656,0.4,0.0,0.23373982,0.014623381
375316653866487564,6738621374654301312,0.5098836,2255.1205916383897,0.4594339239680197,3.429344E-5,17.929474,0.0035199206,0.21123822,0.011655292,0.089181654,0.014871515,0.059775516,0.019512272,0.78827184,0.04038974,0.04349899,0.027413728,0.13469276,0.050425347,null,null,null,null,"TWOGAUSSIANS",8,0.88868505,0.78827184,0.04038974,0.24359435,0.15351687,0.13468222,0.050438456,0.21123822,0.011655292,0.4,0.0,0.0597642,0.019519618
375316653866487564,6738622474166005632,0.49435833,2270.21784002845,3.0526743227251596,2.529897E-5,17.13488,0.0030407708,0.29159737,0.0023988734,0.070714936,0.0049197874,0.106252804,0.0024536706,0.7855476,0.01628181,0.06666861,0.015813893,0.06103396,0.017679743,null,null,null,null,"TWOGAUSSIANS",8,6.6177697,0.29159737,0.0023988734,0.39600366,0.020278493,0.10606956,0.0023002536,0.7855476,0.01628181,0.37334418,0.064214736,0.060850717,0.017907117
375316653866487564,6738628074804337664,0.558894,2224.965623458393,0.5977660692464867,7.9444144E-5,18.970003,0.005365409,0.21242294,3.990744E-4,0.027322782,0.00158817,0.57229877,0.06021371,0.78929114,0.028017288,0.042435076,0.017356796,0.037664816,0.017754855,null,null,null,null,"TWOGAUSSIANS",8,1.2624855,0.21242294,3.990744E-4,0.15300758,0.008893752,0.57229877,0.06021371,0.78929114,0.028017288,0.23763643,0.097198054,0.037664816,0.017754855
375316653866487564,6738636630378447744,0.49200594,2276.8031696964044,4.459992868521598,4.8634345E-5,18.46484,0.010096158,0.51062804,0.008118568,0.027375244,0.01305446,0.04627371,0.08458457,0.74706435,0.012330914,0.069558896,0.025816374,0.22800086,6.141576,null,null,null,null,"TWOGAUSSIANS",8,3.1692994,0.74706435,0.012330914,0.38952982,0.14303596,0.22800086,6.141576,0.51119804,0.008058554,0.15330136,0.07310498,0.046990044,0.08496107
375316653866487564,6738640203789562752,0.60325426,2268.511546555949,1.4302704677132765,1.8282413E-5,18.53742,0.009178824,0.27778476,0.015959822,0.03771979,0.013490333,0.47325164,0.116465874,0.77441,0.0031930904,0.037482657,0.0025525452,0.63191694,0.020371456,null,null,null,null,"TWOGAUSSIANS",8,2.4815965,0.77441,0.0031930904,0.20990287,0.014294253,0.63191694,0.02037144,0.27778476,0.015959822,0.21123083,0.07554587,0.47325164,0.11646589
375316653866487564,6738648523141630080,0.5909973,2278.615969309343,3.8565568115367372,3.294109E-5,19.356544,0.015401201,0.251388,0.01100635,0.071978256,0.0076026944,0.7149908,0.03086784,0.7608062,0.0054857605,0.06563824,0.0054246075,0.6098957,0.01813715,null,null,null,null,"TWOGAUSSIANS",8,3.3737314,0.251388,0.01100635,0.4,0.014123502,0.71358997,0.030368708,0.7608062,0.0054857605,0.3675741,0.030377802,0.6084948,0.017217986
375316653866487564,6738651100124307712,0.5811607,2161.7992164055004,2.473898801706782,1.8651552E-5,14.740845,0.013159627,0.3033576,0.0043107765,0.08352214,0.0060397196,0.29749528,0.016708205,0.80140096,0.0028843698,0.0786603,0.004947149,0.3434803,0.015667958,null,null,null,null,"TWOGAUSSIANS",8,97.31738,0.80140096,0.0028843698,0.4,0.0,0.33818042,0.014373463,0.3033576,0.0043107765,0.4,0.0,0.2921954,0.015329813
375316653866487564,6738662056583253376,0.6211618,2203.8935334842085,0.7989061805212075,2.2020194E-4,18.039885,0.0049749943,0.1717995,0.019197071,0.024169847,0.019633524,0.67712206,17.235264,0.53001934,0.028364144,0.040219776,0.018874725,0.612649,6.6947894,null,null,null,null,"TWOGAUSSIANS",8,5.225976,0.1717995,0.019197071,0.13535115,0.10994773,0.67712206,17.235264,0.53001934,0.028364144,0.22523074,0.10569846,0.612649,6.6947894
375316653866487564,6738666630725583360,0.53317505,2182.845833416788,2.6929757945442785,1.0249513E-6,17.28208,0.0051907836,0.23543957,1.7342267E-5,0.002999329,6.426912E-5,0.21683596,0.0053214733,0.7827136,2.6322061E-6,0.010739887,7.9146484E-5,0.4517985,0.005081399,null,null,null,null,"TWOGAUSSIANS",8,25.34826,0.7827136,2.6322061E-6,0.060143366,4.4322028E-4,0.4517985,0.005081399,0.23543957,1.7342267E-5,0.016796242,3.5990708E-4,0.21683596,0.0053214733
375316653866487564,6738672845541012736,0.58252496,2173.5781093572614,2.6991541193213147,2.7642402E-5,13.191146,0.016175058,0.25469074,0.0042657703,0.0850589,0.0063186726,0.4263029,0.01958816,0.74096656,0.008358723,0.091347635,0.007013977,0.4366006,0.027250564,null,null,null,null,"TWOGAUSSIANS",8,852.54395,0.74096656,0.008358723,0.4,0.0,0.4241763,0.025138648,0.25469074,0.0042657703,0.4,0.0,0.41387895,0.016019342
375316653866487564,6738676899990542976,0.5460673,2197.7817421536342,1.515643387970655,5.7476004E-6,17.54007,0.0048559736,0.16844125,3.2660112E-4,0.037032265,0.0017107739,0.12614122,0.0031256627,0.8347046,0.002612275,0.03239227,0.003145391,0.214426,0.019316768,null,null,null,null,"TWOGAUSSIANS",8,6.7965117,0.8347046,0.002612275,0.18139672,0.01761419,0.214426,0.019316768,0.16844125,3.2660112E-4,0.20738068,0.009580334,0.12614122,0.0031256627
375316653866487564,6738685455565891200,0.42833278,2218.9313470168036,2.1204582355052133,1.0513232E-4,16.990435,0.07120425,0.20469332,0.038877476,0.09978891,0.038976908,0.08111535,0.048098907,0.6529222,0.022100529,0.18229143,0.06944932,0.13773847,0.06544702,null,null,null,null,"TWOGAUSSIANS",8,6.704914,0.6529222,0.022100529,0.4,0.0,0.105208926,0.01781546,0.21465331,0.039795667,0.4,0.010969695,0.05702749,0.019794868
375316653866487564,6738692022572211584,0.6291143,2229.9144110350453,0.19434779207709912,7.821527E-6,17.187502,0.0060153063,0.44239736,0.0021306323,0.012265685,6.30795E-4,1.3610271,0.3237972,0.6722349,0.12159521,0.06627425,0.096447945,0.009470039,0.011028414,null,null,null,null,"TWOGAUSSIANS",8,1.4173707,0.44239736,0.0021306323,0.068687834,0.003532452,1.3610502,0.32325733,0.6722349,0.12159521,0.37113577,0.20944956,0.009470039,0.010815677
375316653866487564,6738693087724121984,0.5709233,2278.38153725535,2.220232703088621,1.7897413E-5,14.176033,0.009708659,0.29467478,0.0055046645,0.03599365,0.03427759,0.053939804,0.02706227,0.80495304,0.019725697,0.06744727,0.015209585,0.083905235,0.03024167,0.12791437,0.020632448,0.29467478,0.0055046645,"TWOGAUSSIANS_WITH_ELLIPSOIDAL_ON_ECLIPSE1",9,158.45213,0.80495304,0.019113638,0.37770468,0.07801273,0.33861968,0.01622957,0.29467478,0.0055046645,0.20156445,0.19195451,0.30971974,0.02452347
375316653866487564,6738709747901108096,0.5800561,2263.20825267266,2.1935529904342967,1.6114096E-5,18.30994,0.0015741375,0.20545682,0.007492768,0.015962478,0.007911165,0.08917795,0.1086067,0.72770727,0.00512715,0.07619912,0.002890129,0.3071155,0.042017892,null,null,null,null,"TWOGAUSSIANS",8,0.23821083,0.72770727,0.00512715,0.4,0.0,0.30711547,0.042017892,0.20545682,0.007492768,0.08938988,0.044302527,0.089177914,0.108606935
375316653866487564,6738712604052990336,0.5474873,2246.31280660847,4.166724950392277,1.5280704E-5,19.636915,0.01657683,0.25301066,0.0031592895,0.059461117,0.0044125174,0.639849,0.0253325,0.7784441,0.045904182,0.07513076,0.031860784,0.41916102,1.340058,null,null,null,null,"TWOGAUSSIANS",8,2.4625723,0.25301066,0.0031592895,0.33298224,0.024710098,0.6393584,0.024708945,0.7784441,0.045904182,0.4,0.13756338,0.41867048,1.3405651
375316653866487564,6738719098046389120,0.57792187,2290.3839687335494,2.0424543839323954,1.0659709E-4,13.988798,0.007282379,0.45621708,0.020719547,0.010463198,0.011440947,1.7722198,1.158136,null,null,null,null,null,null,0.005645021,0.008628776,0.45621708,0.020719547,"ONEGAUSSIAN_WITH_ELLIPSOIDAL",6,1056.083,0.45621708,0.020719547,0.05859391,0.0640693,1.7835099,1.1644697,null,null,null,null,null,null
375316653866487564,6738729539110159744,0.6650811,2196.8043965594215,3.984884280244063,6.714358E-6,17.828724,0.009042174,0.15531962,0.0019816828,0.04569127,0.0047849636,0.3327339,0.023638597,0.65518236,0.012292355,0.0448913,0.0134527,0.19489805,0.2025062,0.13471496,0.013180362,0.15531962,0.0019816828,"TWOGAUSSIANS_WITH_ELLIPSOIDAL_ON_ECLIPSE1",9,2.4576778,0.15531962,0.0019816828,0.25587112,0.026795795,0.6021636,0.017328318,0.6552023,0.00916152,0.2513913,0.07533512,0.46432757,0.21322046
375316653866487564,6738753797086179968,0.5127128,2257.463467104338,4.004073772189331,3.690421E-5,17.236032,0.42658606,0.23965259,0.0049821245,0.16924368,0.03525835,0.45331538,0.35906377,0.7473825,0.0063277725,0.19103466,0.0722301,0.44968414,0.40777606,null,null,null,null,"TWOGAUSSIANS",8,4.1527553,0.23639259,0.0047343713,0.4,0.0,0.14940886,0.013990263,0.7500025,0.004909798,0.4,0.0,0.12797487,0.012448203
375316653866487564,6738754385497647360,0.45487425,2214.611869041781,1.0423664963557417,2.1925764E-5,15.965161,0.0016466177,0.19765592,0.029187435,0.03725671,0.021100964,0.031660546,0.08152654,0.66597915,0.006751717,0.014659118,0.0017798776,1.284638,1.1829513,null,null,null,null,"TWOGAUSSIANS",8,12.028216,0.66597915,0.006751717,0.082091056,0.009967315,1.284638,1.1829513,0.19765592,0.029187435,0.20863757,0.118165396,0.031660546,0.08152654
375316653866487564,6738761493667659776,0.4852638,2258.8962304293027,2.081688315847313,1.4374453E-5,17.595295,0.0050887587,0.30896333,0.012326849,0.07110511,0.013802694,0.051852204,0.008002821,0.7907204,0.008154447,0.057987355,0.016369998,0.073073536,0.013311987,null,null,null,null,"TWOGAUSSIANS",8,2.1368039,0.7907204,0.008154447,0.3247292,0.08006147,0.07303553,0.013612003,0.30896333,0.012326849,0.39818862,0.05200594,0.051814202,0.007919599
375316653866487564,6738762215222005376,0.47391215,2227.2104512081523,2.2594227929703306,6.189336E-5,18.291096,0.004058767,0.24301456,0.0067737754,0.040042233,0.012708657,0.11231978,0.042353272,0.805776,0.12179907,0.099208765,0.06889257,0.018754877,0.033547007,null,null,null,null,"TWOGAUSSIANS",8,1.6270978,0.24301456,0.0067745126,0.2242365,0.07116848,0.112305395,0.042430334,0.805776,0.12179907,0.4,0.10049746,0.018739352,0.033570945
375316653866487564,6738766819427200768,0.54942966,2246.1306784098015,0.34729669812100006,5.387206E-5,17.072714,0.019617729,0.2253625,0.053548817,0.047271855,0.037081115,0.24985953,1.55793736E10,0.6101522,0.016838225,0.021888202,0.01004942,1.1467433,1.0482086,0.034428615,0.029892469,0.2253625,0.053548817,"TWOGAUSSIANS_WITH_ELLIPSOIDAL_ON_ECLIPSE1",9,20.564816,0.6103322,0.016790532,0.122573934,0.056276757,1.1854349,1.0668321,0.2253625,0.053548817,0.26472238,0.20765425,0.3187165,1.55793736E10
375316653866487564,6738767197384245888,0.5122057,2266.3633405064274,3.2717983698264512,1.8875042E-5,15.958946,0.002779365,null,null,null,null,null,null,null,null,null,null,null,null,0.07729728,0.0034437662,0.2788941,0.0038548375,"ELLIPSOIDAL",4,31.23901,null,null,null,null,null,null,null,null,null,null,null,null
375316653866487564,6738768954024552448,0.5166222,2184.2406506023394,0.2041362273399211,1.8921786E-5,19.53975,0.007439775,0.26908854,0.058747172,0.067682944,0.0410898,0.059214123,0.022571364,0.7392528,3.4041714E-4,0.017086113,6.377188E-4,0.36324826,0.00669878,null,null,null,null,"TWOGAUSSIANS",8,2.463349,0.7392528,3.4041714E-4,0.095682226,0.0035712256,0.36324826,0.0066987784,0.26908854,0.058747172,0.37902448,0.22855867,0.059214123,0.022571366
375316653866487564,6738771973388116480,0.53317255,2271.109314022238,2.6120141902607004,1.9568683E-5,16.404024,0.07330291,0.30808488,0.0150977075,0.066861175,0.029945385,0.14274023,0.14811227,0.77690804,0.025629371,0.06614561,0.025445517,0.1502317,0.14768922,0.13572836,0.06779135,0.30808488,0.0150977075,"TWOGAUSSIANS_WITH_ELLIPSOIDAL_ON_ECLIPSE1",9,16.538908,0.78893805,0.012893982,0.37041542,0.08283226,0.41516525,0.037292693,0.30808488,0.0150977075,0.37442258,0.10377073,0.41404778,0.03391647
