Gaia/vari_eclipsing_binary/VariEclipsingBinary_669301-669327.csv
# %ECSV 1.0
# ---
# delimiter: ','
# meta: !!omap
# - RELEASE: Gaia DR3
# - TABLE: vari_eclipsing_binary
# - DESCRIPTION: >
#     This table describes the properties of the eclipsing binaries resulting from the variability analysis. 
# - CITATION: >
#     How to cite and acknowledge Gaia: 
#     https://gea.esac.esa.int/archive/documentation/credits.html 
# - KNOWN_ISSUES: >
#     Known issues: 
#     https://www.cosmos.esa.int/web/gaia-users/known-issues 
# - DOCUMENTATION: >
#     Tutorials and documentation: 
#     https://www.cosmos.esa.int/web/gaia-users/archive 
# datatype:
# - 
#   name: solution_id
#   datatype: int64
#   description: Solution Identifier
#   meta:
#     ucd: meta.version
# - 
#   name: source_id
#   datatype: int64
#   description: Unique source identifier
#   meta:
#     ucd: meta.id;meta.main
# - 
#   name: global_ranking
#   datatype: float32
#   description: Number between 0 (worst) and 1 (best)
#   meta:
#     ucd: stat.param
# - 
#   name: reference_time
#   datatype: float64
#   unit: d
#   description: Reference time used for the geometric model fit
#   meta:
#     ucd: time.epoch
# - 
#   name: frequency
#   datatype: float64
#   unit: d**-1
#   description: Frequency of geometric model of the eclipsing binary light curve
#   meta:
#     ucd: src.orbital
# - 
#   name: frequency_error
#   datatype: float32
#   unit: d**-1
#   description: "Uncertainty of \\texttt{frequency}"
#   meta:
#     ucd: stat.error
# - 
#   name: geom_model_reference_level
#   datatype: float32
#   unit: mag
#   description: Magnitude reference level of geometric model
#   meta:
#     ucd: phot.mag;em.opt
# - 
#   name: geom_model_reference_level_error
#   datatype: float32
#   unit: mag
#   description: "Uncertainty of \\texttt{geomModelReferenceLevel}"
#   meta:
#     ucd: stat.error;phot.mag;em.opt
# - 
#   name: geom_model_gaussian1_phase
#   datatype: float32
#   description: Phase of the Gaussian 1 component
#   meta:
#     ucd: time.phase
# - 
#   name: geom_model_gaussian1_phase_error
#   datatype: float32
#   description: "Uncertainty of \\texttt{geomModelGaussian1Phase}"
#   meta:
#     ucd: stat.error;time.phase
# - 
#   name: geom_model_gaussian1_sigma
#   datatype: float32
#   description: "Standard deviation [phase] of Gaussian 1 component"
#   meta:
#     ucd: stat.stdev
# - 
#   name: geom_model_gaussian1_sigma_error
#   datatype: float32
#   description: "Uncertainty of \\texttt{geomModelGaussian1Sigma}"
#   meta:
#     ucd: stat.error
# - 
#   name: geom_model_gaussian1_depth
#   datatype: float32
#   unit: mag
#   description: Magnitude depth of Gaussian 1 component
#   meta:
#     ucd: src.var.amplitude
# - 
#   name: geom_model_gaussian1_depth_error
#   datatype: float32
#   unit: mag
#   description: "Uncertainty of \\texttt{geomModelGaussian1Depth}"
#   meta:
#     ucd: stat.error;src.var.amplitude
# - 
#   name: geom_model_gaussian2_phase
#   datatype: float32
#   description: Phase of Gaussian 2 component
#   meta:
#     ucd: time.phase
# - 
#   name: geom_model_gaussian2_phase_error
#   datatype: float32
#   description: "Uncertainty of \\texttt{geomModelGaussian2Phase}"
#   meta:
#     ucd: stat.error;time.phase
# - 
#   name: geom_model_gaussian2_sigma
#   datatype: float32
[...]
#   datatype: float32
#   description: "Secondary eclipse: uncertainty of \\texttt{derivedSecondaryEclDuration}"
#   meta:
#     ucd: stat.error;time.duration
# - 
#   name: derived_secondary_ecl_depth
#   datatype: float32
#   unit: mag
#   description: "Secondary eclipse: depth"
#   meta:
#     ucd: src.var.amplitude
# - 
#   name: derived_secondary_ecl_depth_error
#   datatype: float32
#   unit: mag
#   description: "Secondary eclipse: uncertainty of \\texttt{derivedSecondaryEclDepth}"
#   meta:
#     ucd: stat.error;src.var.amplitude
solution_id,source_id,global_ranking,reference_time,frequency,frequency_error,geom_model_reference_level,geom_model_reference_level_error,geom_model_gaussian1_phase,geom_model_gaussian1_phase_error,geom_model_gaussian1_sigma,geom_model_gaussian1_sigma_error,geom_model_gaussian1_depth,geom_model_gaussian1_depth_error,geom_model_gaussian2_phase,geom_model_gaussian2_phase_error,geom_model_gaussian2_sigma,geom_model_gaussian2_sigma_error,geom_model_gaussian2_depth,geom_model_gaussian2_depth_error,geom_model_cosine_half_period_amplitude,geom_model_cosine_half_period_amplitude_error,geom_model_cosine_half_period_phase,geom_model_cosine_half_period_phase_error,model_type,num_model_parameters,reduced_chi2,derived_primary_ecl_phase,derived_primary_ecl_phase_error,derived_primary_ecl_duration,derived_primary_ecl_duration_error,derived_primary_ecl_depth,derived_primary_ecl_depth_error,derived_secondary_ecl_phase,derived_secondary_ecl_phase_error,derived_secondary_ecl_duration,derived_secondary_ecl_duration_error,derived_secondary_ecl_depth,derived_secondary_ecl_depth_error
[from data line 295]
375316653866487564,5887320034435531648,0.5498763,2118.3066343453547,2.9286601572611857,1.0985355E-5,19.11364,0.014160496,0.30106643,0.0056051835,0.074175626,0.0038918392,0.5851721,0.038862392,0.79469866,0.0018797129,0.065288335,0.005107674,0.45642555,0.03298328,null,null,null,null,"TWOGAUSSIANS",8,4.355865,0.30106643,0.0056051835,0.4,0.0,0.5837453,0.038914673,0.79469866,0.0018797129,0.36561465,0.028602973,0.45499876,0.03332043
375316653866487564,5887320206234181376,0.53745115,2107.090521020132,3.7927671039081226,1.2006967E-5,19.154148,0.020068897,0.2719073,0.008890497,0.07168238,0.013347174,0.6440323,0.14401117,0.75573,0.002657801,0.07028048,0.004172466,0.6582757,0.021197801,null,null,null,null,"TWOGAUSSIANS",8,5.139642,0.75573,0.002657801,0.39357066,0.019227676,0.6565224,0.020728989,0.2719073,0.008890497,0.4,0.040141065,0.64227897,0.14601403
375316653866487564,5887320408044286720,0.5025088,2123.93523628698,0.5471388190605221,1.4397474E-5,18.150755,0.004073269,0.648562,0.0018405095,0.027636789,0.0031647114,0.24543911,0.014801953,null,null,null,null,null,null,0.013154723,0.0043852874,0.648562,0.0018405095,"ONEGAUSSIAN_WITH_ELLIPSOIDAL",6,5.110187,0.648562,0.0018405095,0.15476602,0.017722383,0.2717485,0.016847452,null,null,null,null,null,null
375316653866487564,5887320545495152512,0.4644014,2140.619813539388,3.527909690703614,5.8731555E-5,19.667753,0.07822062,0.3137372,0.049002923,0.092981175,0.06918816,0.34170178,0.18440814,0.8209381,0.009423479,0.080167666,0.017757388,0.41754568,0.08053983,null,null,null,null,"TWOGAUSSIANS",8,7.0372596,0.8209381,0.009423479,0.4,0.0,0.4073207,0.060280025,0.3137372,0.049002923,0.4,0.10558514,0.3314764,0.18761156
375316653866487564,5887320824709742848,0.5116119,2093.2464080858617,3.1979582590543454,1.693611E-5,19.645105,0.010498226,0.2863688,0.008766398,0.07789405,0.0066506653,0.46069485,0.023475196,0.7725045,0.0052617476,0.072525226,0.005504285,0.53338695,0.015773986,null,null,null,null,"TWOGAUSSIANS",8,2.8190749,0.7725045,0.0052617476,0.4,0.011412159,0.53050035,0.015553987,0.2863688,0.008766398,0.4,0.0,0.45780823,0.022326894
375316653866487564,5887321374481233152,0.514547,2156.874759700388,2.0924887787563526,1.261087E-5,17.114405,0.024703795,0.30112615,0.004778418,0.09843382,0.0123920515,0.2680975,0.021860061,0.7882476,0.0037014643,0.107220694,0.011881973,0.25977823,0.02145371,null,null,null,null,"TWOGAUSSIANS",8,22.596386,0.30113614,0.0047793635,0.4,0.0,0.24460621,0.016440038,0.7882476,0.0037014643,0.4,0.0,0.23627724,0.011016617
375316653866487564,5887321443200698624,0.46270883,2138.152177648133,1.0786594047115876,4.3857945E-5,18.31749,0.08909358,0.22775987,0.0057044956,0.08952176,0.02768986,0.10792713,0.068372235,0.73208165,0.018453604,0.10872209,0.10588016,0.065692835,0.085271776,null,null,null,null,"TWOGAUSSIANS",8,2.6095757,0.22775987,0.0069444543,0.4,0.0,0.101563245,0.0102577945,0.73208165,0.018453604,0.4,0.0,0.059325576,0.008352128
375316653866487564,5887322400915567488,0.5168393,2141.0615492313973,3.2113246714478545,1.36421395E-5,18.82487,0.014083697,0.20224454,0.0031046025,0.063194886,0.0057126284,0.38984412,0.049340628,0.7024352,0.0138503825,0.06947053,0.011542563,0.42164692,0.06168638,null,null,null,null,"TWOGAUSSIANS",8,5.989485,0.7024352,0.0138503825,0.389035,0.033894554,0.42098242,0.061641317,0.20224454,0.0031046025,0.35389134,0.031990718,0.38917965,0.049567465
375316653866487564,5887322645791811584,0.627918,2121.1885020803206,0.6241091228085953,3.4731138E-6,11.602926,0.003215047,0.29689083,0.0010517178,0.03511581,0.0020785318,0.7503298,0.018384263,0.80688405,0.052933287,0.02664619,0.018957445,0.111474514,0.522477,null,null,null,null,"TWOGAUSSIANS",8,238.22896,0.29689083,0.0010517178,0.19664852,0.011639778,0.7503298,0.018384263,0.80688405,0.052933287,0.14921866,0.1061617,0.111474514,0.522477
375316653866487564,5887323229907390848,0.6016417,2162.288073265596,0.42135549490620927,3.8240732E-6,17.61171,0.0028692898,0.34093112,0.0014988565,0.032386605,0.0015131916,0.25445285,0.015432585,0.841061,9.851896E-4,0.028839907,9.2500774E-4,0.44044513,0.009009529,null,null,null,null,"TWOGAUSSIANS",8,4.9558797,0.841061,9.851896E-4,0.16150348,0.0051800436,0.44044513,0.009009529,0.34093112,0.0014988565,0.18136498,0.008473873,0.25445285,0.015432585
375316653866487564,5887323706585670912,0.49688497,2119.8016026645437,0.34536759351998436,2.9824196E-5,19.184292,0.0042121345,0.17759481,0.05443977,0.035570096,0.022820057,0.25068355,0.3911472,0.8119246,1.488493E-4,0.007889409,4.06201E-4,0.100741565,0.006988103,null,null,null,null,"TWOGAUSSIANS",8,1.4929932,0.17759481,0.05443977,0.19919254,0.12779231,0.25068355,0.3911472,0.8119246,1.488493E-4,0.04418069,0.0022747256,0.100741565,0.006988103
375316653866487564,5887324191980229248,0.46841505,2108.821190169789,2.4631124871078853,3.142163E-5,19.021671,0.014821241,0.26554674,0.0036696182,0.0157088,0.0075722183,1.7263699,19.68579,0.7578838,0.0037719777,0.015258948,0.016015647,0.39528108,0.4136744,0.1767323,0.030960942,0.7578838,0.0037719777,"TWOGAUSSIANS_WITH_ELLIPSOIDAL_ON_ECLIPSE2",9,30.598875,0.26551673,0.0036501798,0.08796928,0.042404424,2.0790188,19.6953,0.7578838,0.0037719777,0.085450105,0.08968762,0.74874544,0.39566153
375316653866487564,5887324466858160000,0.658274,2174.1668577800574,0.5139117331002183,6.140803E-5,15.71177,0.0014838248,0.23152308,0.020315142,0.018496422,0.010115198,0.40469915,0.9408892,0.731311,0.00937558,0.021119248,0.005445995,0.38070416,0.9958166,0.0049131108,0.0024529304,0.731311,0.00937558,"TWOGAUSSIANS_WITH_ELLIPSOIDAL_ON_ECLIPSE2",9,5.9238334,0.23152308,0.020306028,0.10357997,0.05664511,0.41452536,0.9422546,0.731311,0.00937558,0.11826779,0.030497571,0.39053038,0.996454
375316653866487564,5887324943529942400,0.56418985,2156.949337365912,0.06792490627174996,4.47908E-5,18.681404,0.0025602668,0.4171061,0.0010853474,0.014353992,0.0013152716,2.3727815,1.5536174,0.93406034,4.0929346E-5,0.0035572206,4.651218E-5,0.6168646,0.0041769333,null,null,null,null,"TWOGAUSSIANS",8,1.8418982,0.4171061,0.0010853474,0.08038236,0.007365521,2.3727815,1.5536174,0.93406034,4.0929346E-5,0.019920435,2.6046822E-4,0.6168646,0.0041769333
375316653866487564,5887325291491913472,0.66166157,2157.0534006292464,2.1477665117898352,3.0885305E-6,16.210617,0.010311596,0.30939204,0.0015340366,0.055779275,0.0029864945,0.21179038,0.022421867,0.808829,0.0024711422,0.05805234,0.004517242,0.172123,0.02193027,0.099207915,0.011808641,0.30939204,0.0015340366,"TWOGAUSSIANS_WITH_ELLIPSOIDAL_ON_ECLIPSE1",9,5.387475,0.30939204,0.0015340366,0.31236392,0.016724369,0.4101805,0.004656251,0.808959,0.0017805807,0.3250931,0.025296556,0.3705112,0.0059135044
375316653866487564,5887325600729586304,0.54344696,2095.121321401529,2.2116431731954744,3.0608764E-5,19.270588,0.01557946,0.23031522,0.0068308455,0.07424739,0.00901733,0.44310433,0.018659689,0.7474609,0.011848692,0.0754954,0.0119045675,0.41656932,0.055858176,null,null,null,null,"TWOGAUSSIANS",8,3.069814,0.23031522,0.0068308455,0.4,0.013676959,0.4408961,0.016473005,0.7474609,0.011848692,0.4,0.013199339,0.41436106,0.05615132
375316653866487564,5887325772528274432,0.45718044,2143.724327489215,0.5484587308184979,2.1179978E-5,15.4702015,0.0033394718,0.48848945,0.014061981,0.013731169,0.012011663,0.4531291,0.57366425,0.82353723,0.001450334,0.009150897,0.0016747479,0.15419587,0.044366308,0.0014221933,0.0056401268,0.82353723,0.001450334,"TWOGAUSSIANS_WITH_ELLIPSOIDAL_ON_ECLIPSE2",9,131.38507,0.48847944,0.013842606,0.076894544,0.06726532,0.45386693,0.57382137,0.82353723,0.001450334,0.051245023,0.009378588,0.15704025,0.041082084
375316653866487564,5887326150473379072,0.5026094,2146.316211253409,0.9083791532483289,7.530595E-6,18.051258,0.17762183,0.14895982,0.003654086,0.21855865,0.09110051,0.24347182,0.17334253,0.6451677,0.0035935005,0.14289014,0.023815904,0.23907028,0.12884286,null,null,null,null,"TWOGAUSSIANS",8,1.0374665,0.6451677,0.0035935005,0.4,0.0,0.098153286,0.0033004903,0.14944981,0.0036419625,0.4,0.0,0.06803582,0.0045246
375316653866487564,5887326455358359040,0.6251879,2155.022086183286,1.710127437168426,7.558181E-6,17.76923,0.005612213,0.24847123,0.0012765338,0.07458494,0.0018110755,0.45848793,0.008833918,0.7440795,0.0025319094,0.07432399,0.0023083535,0.5693431,0.010691723,null,null,null,null,"TWOGAUSSIANS",8,4.547661,0.7440795,0.0025319094,0.4,0.0,0.56604916,0.010445423,0.24847123,0.0012765338,0.4,0.0,0.455194,0.008799514
375316653866487564,5887326764595990016,0.49888915,2150.0818996897883,0.4199812758933344,1.7330067E-5,17.99101,0.0058806343,0.32022044,0.011100062,0.03251553,0.008384581,0.39678088,0.074875355,0.84028316,0.014219043,0.02810242,0.011897124,0.04276108,0.009383856,null,null,null,null,"TWOGAUSSIANS",8,12.574453,0.32022044,0.011100062,0.18208696,0.046953652,0.39678088,0.074875355,0.84028316,0.014219043,0.15737355,0.0666239,0.04276108,0.009383856
375316653866487564,5887327005114264576,0.48280963,2141.210953059963,0.08702369765868169,1.4100767E-5,18.51132,0.53048795,0.21332386,0.00627911,0.07867628,0.011598343,0.9848967,0.08198455,0.70649105,0.0146327615,0.28459257,0.18674158,0.5232348,0.5220445,null,null,null,null,"TWOGAUSSIANS",8,8.329899,0.21358386,0.0060673086,0.4,0.0026415924,0.8522703,0.10452002,0.70649105,0.0146327615,0.4,0.0,0.16905472,0.02472633
375316653866487564,5887327043838411008,0.4449082,2120.0405937531295,1.6941123275276675,2.6074993E-5,17.360058,0.30887705,0.18400314,0.014254866,0.15327273,0.15967333,0.13091667,0.30220413,0.70159346,0.005742191,0.08238251,0.018578254,0.22315566,0.09334425,null,null,null,null,"TWOGAUSSIANS",8,15.978688,0.70188344,0.0049577258,0.4,0.0,0.19845934,0.023314439,0.18400314,0.01425743,0.4,0.0,0.104857236,0.02302713
375316653866487564,5887327451791037568,0.6158125,2136.0709008317676,2.6877212383292224,3.4651127E-6,18.200432,0.012160834,0.26597238,0.0013403889,0.046605866,0.0031883465,0.33671543,0.029157555,0.76794,0.0025432159,0.049855564,0.0043288856,0.3681795,0.024259575,0.10427904,0.015956143,0.26597238,0.0013403889,"TWOGAUSSIANS_WITH_ELLIPSOIDAL_ON_ECLIPSE1",9,3.0531304,0.76794,0.0025432159,0.27919114,0.024241759,0.57670397,0.02588595,0.26597238,0.0013403889,0.26099285,0.01785474,0.54527175,0.017405013
375316653866487564,5887327765392962688,0.4961203,2063.8054486445844,1.7870206983245065,2.0051431E-5,19.392221,0.01327334,0.19875316,0.0051125023,0.06748268,0.0072100717,0.2190149,0.016590137,0.6971302,0.020419033,0.048105177,0.025481602,0.11600909,0.042020533,null,null,null,null,"TWOGAUSSIANS",8,1.4296101,0.19875316,0.0051125023,0.377903,0.0403764,0.21898794,0.016542442,0.6971302,0.020419033,0.26938897,0.14269698,0.11598214,0.042087566
375316653866487564,5887327967193247232,0.47409573,2091.668490036031,0.9573701545049442,9.579173E-6,19.25044,0.0059288447,0.17013249,3.4125117E-4,0.015638417,4.7195866E-4,0.54312384,0.0054505495,0.67127186,7.9305767E-4,0.016724218,9.7028585E-4,0.4498653,0.038864773,null,null,null,null,"TWOGAUSSIANS",8,3.4885132,0.17013249,3.4125117E-4,0.08757513,0.0026429684,0.54312384,0.0054505495,0.67127186,7.9305767E-4,0.09365562,0.005433601,0.4498653,0.038864773
375316653866487564,5887328177696740352,0.49231333,2076.3161360930735,2.6978671849967077,1.5136815E-5,19.365822,0.013779754,0.31775945,0.007274692,0.04946277,0.0069293426,0.53567857,0.028497051,0.8305287,0.0037096895,0.059703946,0.008779116,0.25364408,0.023691902,null,null,null,null,"TWOGAUSSIANS",8,7.422328,0.31775945,0.007274692,0.2769915,0.03880432,0.5356672,0.028487366,0.8305287,0.0037096895,0.3343421,0.04916305,0.2536327,0.023698615
375316653866487564,5887328413863541248,0.59073156,2153.387225896136,2.6533353016590757,8.2723345E-6,18.735535,0.01281591,0.3004013,0.0021662067,0.0681851,0.0042719073,0.64196354,0.027941395,0.80308455,0.0015854135,0.06661907,0.002621532,0.5391146,0.01287507,null,null,null,null,"TWOGAUSSIANS",8,4.441424,0.3004013,0.0021662067,0.38183653,0.02392268,0.64083755,0.028237458,0.80308455,0.0015854135,0.37306678,0.014680578,0.5379886,0.012575049
375316653866487564,5887328693092671360,0.47025147,2108.0493055397455,2.3924692110119814,6.760796E-5,18.84529,0.005876162,0.2970664,5.648233E-5,0.010866442,5.588035E-4,0.093767755,0.0054458505,0.64015937,0.034946326,0.02406779,0.035518814,0.21306075,0.11968025,null,null,null,null,"TWOGAUSSIANS",8,2.516866,0.64015937,0.034946326,0.13477962,0.19890536,0.21306075,0.11968025,0.2970664,5.648233E-5,0.060852073,0.0031292995,0.093767755,0.005445851
375316653866487564,5887328933624254336,0.6197762,2185.828380503522,2.925675909229369,9.366433E-6,15.922875,0.014812625,0.23722929,0.0030271115,0.047752008,0.0062213885,0.4716009,0.036179803,0.7332359,0.002854728,0.057398982,0.0038946813,0.59446067,0.030688424,0.0892948,0.015804145,0.23722929,0.0030271115,"TWOGAUSSIANS_WITH_ELLIPSOIDAL_ON_ECLIPSE1",9,83.75621,0.73352593,0.0026048722,0.3214343,0.021810215,0.77291113,0.01851404,0.23722929,0.0030271115,0.26741123,0.034839775,0.65015566,0.022258984
375316653866487564,5887328963620847104,0.50935876,2153.1875396828605,2.8537336793263295,1.2869606E-5,18.71062,0.0030205706,null,null,null,null,null,null,null,null,null,null,null,null,0.090303384,0.004447994,0.23154306,0.0031919351,"ELLIPSOIDAL",4,2.1708913,null,null,null,null,null,null,null,null,null,null,null,null
375316653866487564,5887329135418138368,0.5424363,2150.389180343586,2.2469006911224807,1.1885074E-5,18.066212,0.0108968625,0.24244365,0.0037345355,0.09284106,0.006782956,0.2804117,0.018428795,0.72963536,0.005305116,0.086085886,0.0054525947,0.32569537,0.017535744,null,null,null,null,"TWOGAUSSIANS",8,5.8868327,0.72963536,0.005305116,0.4,0.0,0.3157924,0.01630746,0.24244365,0.0037345355,0.4,0.0,0.2705084,0.019293996
375316653866487564,5887329449020348160,0.6420531,2159.124413363474,1.6512196086092297,4.879414E-6,16.1277,0.010314507,0.19467756,0.003439064,0.06544421,0.008310261,0.096978664,0.022891713,0.6953248,0.0038113713,0.056167558,0.005688032,0.144991,0.023114014,0.085482836,0.012899512,0.19467756,0.003439064,"TWOGAUSSIANS_WITH_ELLIPSOIDAL_ON_ECLIPSE1",9,6.63202,0.6953248,0.0034258731,0.3145383,0.03185298,0.31588006,0.0045649344,0.19467756,0.003439064,0.3664876,0.046537466,0.26787058,0.005028053
375316653866487564,5887329719535105792,0.49483106,2125.221978696836,2.7946271162752003,8.492402E-5,19.10352,0.012118633,0.17503649,0.016477102,0.027342265,0.022022275,0.080428906,0.06593883,0.6664712,0.009302433,0.08227396,0.012515479,0.15447736,0.013188515,null,null,null,null,"TWOGAUSSIANS",8,2.351455,0.6664712,0.009302433,0.4,0.0,0.15447249,0.013183238,0.17503649,0.016477102,0.15311669,0.123324744,0.08042404,0.06594319
375316653866487564,5887330617175073792,0.5886619,2135.8688725047004,0.5169708477638425,1.1531802E-5,19.105225,0.0070123174,0.24474628,0.002328143,0.020673852,0.0021708282,0.6146866,0.048834544,0.7398475,0.0028741579,0.025083825,0.0016052617,0.66675717,0.113288626,null,null,null,null,"TWOGAUSSIANS",8,2.5870895,0.7398475,0.0028741579,0.14046942,0.008989465,0.66675717,0.113288626,0.24474628,0.002328143,0.115773566,0.012156638,0.6146866,0.048834544
375316653866487564,5887330750326240128,0.42585862,2134.9678778468997,0.7108189515609316,5.27712E-5,18.728743,0.0077600405,0.4695666,0.010562027,0.06590675,0.011356697,0.11760732,0.025884045,0.80952835,0.0022412213,0.037123725,0.012001985,0.7625702,5.476004,null,null,null,null,"TWOGAUSSIANS",8,6.37535,0.80952835,0.0022412213,0.20789285,0.067211114,0.7625704,5.476004,0.4695666,0.010562027,0.36907777,0.06359751,0.11760732,0.025884047
