Gaia/vari_eclipsing_binary/VariEclipsingBinary_665057-665076.csv
# %ECSV 1.0
# ---
# delimiter: ','
# meta: !!omap
# - RELEASE: Gaia DR3
# - TABLE: vari_eclipsing_binary
# - DESCRIPTION: >
#     This table describes the properties of the eclipsing binaries resulting from the variability analysis. 
# - CITATION: >
#     How to cite and acknowledge Gaia: 
#     https://gea.esac.esa.int/archive/documentation/credits.html 
# - KNOWN_ISSUES: >
#     Known issues: 
#     https://www.cosmos.esa.int/web/gaia-users/known-issues 
# - DOCUMENTATION: >
#     Tutorials and documentation: 
#     https://www.cosmos.esa.int/web/gaia-users/archive 
# datatype:
# - 
#   name: solution_id
#   datatype: int64
#   description: Solution Identifier
#   meta:
#     ucd: meta.version
# - 
#   name: source_id
#   datatype: int64
#   description: Unique source identifier
#   meta:
#     ucd: meta.id;meta.main
# - 
#   name: global_ranking
#   datatype: float32
#   description: Number between 0 (worst) and 1 (best)
#   meta:
#     ucd: stat.param
# - 
#   name: reference_time
#   datatype: float64
#   unit: d
#   description: Reference time used for the geometric model fit
#   meta:
#     ucd: time.epoch
# - 
#   name: frequency
#   datatype: float64
#   unit: d**-1
#   description: Frequency of geometric model of the eclipsing binary light curve
#   meta:
#     ucd: src.orbital
# - 
#   name: frequency_error
#   datatype: float32
#   unit: d**-1
#   description: "Uncertainty of \\texttt{frequency}"
#   meta:
#     ucd: stat.error
# - 
#   name: geom_model_reference_level
#   datatype: float32
#   unit: mag
#   description: Magnitude reference level of geometric model
#   meta:
#     ucd: phot.mag;em.opt
# - 
#   name: geom_model_reference_level_error
#   datatype: float32
#   unit: mag
#   description: "Uncertainty of \\texttt{geomModelReferenceLevel}"
#   meta:
#     ucd: stat.error;phot.mag;em.opt
# - 
#   name: geom_model_gaussian1_phase
#   datatype: float32
#   description: Phase of the Gaussian 1 component
#   meta:
#     ucd: time.phase
# - 
#   name: geom_model_gaussian1_phase_error
#   datatype: float32
#   description: "Uncertainty of \\texttt{geomModelGaussian1Phase}"
#   meta:
#     ucd: stat.error;time.phase
# - 
#   name: geom_model_gaussian1_sigma
#   datatype: float32
#   description: "Standard deviation [phase] of Gaussian 1 component"
#   meta:
#     ucd: stat.stdev
# - 
#   name: geom_model_gaussian1_sigma_error
#   datatype: float32
#   description: "Uncertainty of \\texttt{geomModelGaussian1Sigma}"
#   meta:
#     ucd: stat.error
# - 
#   name: geom_model_gaussian1_depth
#   datatype: float32
#   unit: mag
#   description: Magnitude depth of Gaussian 1 component
#   meta:
#     ucd: src.var.amplitude
# - 
#   name: geom_model_gaussian1_depth_error
#   datatype: float32
#   unit: mag
#   description: "Uncertainty of \\texttt{geomModelGaussian1Depth}"
#   meta:
#     ucd: stat.error;src.var.amplitude
# - 
#   name: geom_model_gaussian2_phase
#   datatype: float32
#   description: Phase of Gaussian 2 component
#   meta:
#     ucd: time.phase
# - 
#   name: geom_model_gaussian2_phase_error
#   datatype: float32
#   description: "Uncertainty of \\texttt{geomModelGaussian2Phase}"
#   meta:
#     ucd: stat.error;time.phase
# - 
#   name: geom_model_gaussian2_sigma
#   datatype: float32
[...]
#   datatype: float32
#   description: "Secondary eclipse: uncertainty of \\texttt{derivedSecondaryEclDuration}"
#   meta:
#     ucd: stat.error;time.duration
# - 
#   name: derived_secondary_ecl_depth
#   datatype: float32
#   unit: mag
#   description: "Secondary eclipse: depth"
#   meta:
#     ucd: src.var.amplitude
# - 
#   name: derived_secondary_ecl_depth_error
#   datatype: float32
#   unit: mag
#   description: "Secondary eclipse: uncertainty of \\texttt{derivedSecondaryEclDepth}"
#   meta:
#     ucd: stat.error;src.var.amplitude
solution_id,source_id,global_ranking,reference_time,frequency,frequency_error,geom_model_reference_level,geom_model_reference_level_error,geom_model_gaussian1_phase,geom_model_gaussian1_phase_error,geom_model_gaussian1_sigma,geom_model_gaussian1_sigma_error,geom_model_gaussian1_depth,geom_model_gaussian1_depth_error,geom_model_gaussian2_phase,geom_model_gaussian2_phase_error,geom_model_gaussian2_sigma,geom_model_gaussian2_sigma_error,geom_model_gaussian2_depth,geom_model_gaussian2_depth_error,geom_model_cosine_half_period_amplitude,geom_model_cosine_half_period_amplitude_error,geom_model_cosine_half_period_phase,geom_model_cosine_half_period_phase_error,model_type,num_model_parameters,reduced_chi2,derived_primary_ecl_phase,derived_primary_ecl_phase_error,derived_primary_ecl_duration,derived_primary_ecl_duration_error,derived_primary_ecl_depth,derived_primary_ecl_depth_error,derived_secondary_ecl_phase,derived_secondary_ecl_phase_error,derived_secondary_ecl_duration,derived_secondary_ecl_duration_error,derived_secondary_ecl_depth,derived_secondary_ecl_depth_error
[from data line 608]
375316653866487564,5850065934805534464,0.5480736,2292.756085876532,2.7422593780859827,5.487755E-6,17.104727,0.004492805,0.23555881,0.0021104382,0.040719364,0.008550797,0.04498671,0.016008532,0.71992105,0.0041051456,0.045778554,0.010427402,0.0770601,0.01252575,0.091136344,0.009161741,0.23555881,0.0021104382,"TWOGAUSSIANS_WITH_ELLIPSOIDAL_ON_ECLIPSE1",9,13.979364,0.72432107,0.0031501013,0.2563599,0.058393452,0.25807023,0.012236429,0.23555881,0.0021104382,0.22802843,0.04788446,0.22725919,0.010661812
375316653866487564,5850066450135030016,0.5026509,2315.265372072527,2.5466153732872296,1.3353168E-5,18.545053,0.009424213,0.2665208,0.005460692,0.08447055,0.007954981,0.22023101,0.011401234,0.75980186,0.0049511264,0.08711455,0.006916925,0.2450927,0.015795592,null,null,null,null,"TWOGAUSSIANS",8,5.425885,0.75980186,0.0049511264,0.4,0.0,0.23915471,0.015534186,0.2665208,0.005460692,0.4,0.0,0.21429305,0.010161237
375316653866487564,5850066518854470656,0.5502596,2293.026028755261,1.1144052411518153,4.5357597E-6,19.159735,0.0033132902,0.2834922,0.0011308977,0.04472439,0.0010951058,0.4012386,0.009399624,0.7843789,0.0032326935,0.03702638,0.0034105992,0.095068015,0.005603854,null,null,null,null,"TWOGAUSSIANS",8,1.8514452,0.2834922,0.0011308977,0.2504566,0.0061325924,0.4012386,0.009399624,0.7843789,0.0032326935,0.20734772,0.019099355,0.09506801,0.0056038545
375316653866487564,5850066553297758592,0.4267937,2295.3733254914773,3.137527551794309,3.0175222E-5,19.723825,0.011670411,0.28515527,0.01275458,0.062308446,0.010215421,0.21433511,0.021330886,0.77380425,0.009607891,0.066702254,0.010727256,0.18577498,0.021662671,null,null,null,null,"TWOGAUSSIANS",8,6.11653,0.28515527,0.01275458,0.3489273,0.057206355,0.21418087,0.021318076,0.77380425,0.009607891,0.37353265,0.056321453,0.18562074,0.021674233
375316653866487564,5850066725013086336,0.553449,2295.9076003067808,3.0352293737933196,5.552944E-6,18.859407,0.013245468,0.25096065,0.0018496398,0.05776,0.005806523,0.30223277,0.031656995,0.75178015,0.0036221528,0.050761566,0.005504766,0.2243161,0.030281866,0.10597031,0.017635955,0.25096065,0.0018496398,"TWOGAUSSIANS_WITH_ELLIPSOIDAL_ON_ECLIPSE1",9,4.5819483,0.25096065,0.0018496398,0.323456,0.032516528,0.51414615,0.027477115,0.75178015,0.0034881858,0.28426477,0.03082669,0.43622386,0.016450677
375316653866487564,5850066828159151744,0.54928535,2298.0845599412687,2.6803758784727707,4.7368326E-6,19.348322,0.011448126,0.28569287,0.0019554202,0.07686529,0.0034781448,0.42203102,0.013519641,0.7873671,0.0012292858,0.07221579,0.0033600396,0.40245736,0.012099172,null,null,null,null,"TWOGAUSSIANS",8,2.1501336,0.28569287,0.0019554202,0.4,0.0,0.41916513,0.013099867,0.7873671,0.0012292858,0.4,0.009445679,0.39959148,0.01153955
375316653866487564,5850067068609599872,0.4678957,2282.2419182294134,1.900347568845496,1.7965916E-5,18.54082,0.022509832,0.23622599,0.007116427,0.108676106,0.016832102,0.13696662,0.02329194,0.7458784,0.0062798867,0.11044828,0.017653884,0.12606198,0.021546511,null,null,null,null,"TWOGAUSSIANS",8,2.9010918,0.236216,0.007110875,0.4,0.0,0.11941014,0.008266839,0.7458884,0.006274083,0.4,0.0,0.10850339,0.006914184
375316653866487564,5850067167388285568,0.67085356,2290.5726130578482,0.5297363630659329,1.3888534E-6,16.098898,0.0017212237,0.24503759,9.023721E-4,0.025365785,4.8554107E-4,1.4348269,0.03022049,0.75257194,0.0070004296,0.019221187,0.0046141883,0.053081658,0.010501064,0.01604111,0.0032504513,0.24503759,9.023721E-4,"TWOGAUSSIANS_WITH_ELLIPSOIDAL_ON_ECLIPSE1",9,26.193432,0.24503759,9.023721E-4,0.14204839,0.00271903,1.466909,0.030093586,0.75257194,0.0070004296,0.10763864,0.025839455,0.08509203,0.010560335
375316653866487564,5850067274768080512,0.49412066,2278.7510854522325,2.509898566259355,1.0235898E-5,19.052938,0.2705765,0.24977584,0.0040908493,0.12410507,0.050260328,0.30867356,0.25610727,0.74644095,0.004827454,0.12802297,0.050575357,0.3828015,0.25070748,null,null,null,null,"TWOGAUSSIANS",8,3.777478,0.74644095,0.004827454,0.4,0.0,0.28925085,0.0189273,0.24982585,0.004123822,0.4,0.0,0.21531236,0.014923063
375316653866487564,5850067515353575040,0.5209977,2293.378619501236,2.8710078310938756,6.0615193E-6,16.836903,0.08104645,0.2654853,0.0025704915,0.14391927,0.029652424,0.20761265,0.07909198,0.77401024,0.0035898178,0.12495603,0.023461387,0.19922718,0.07609981,null,null,null,null,"TWOGAUSSIANS",8,6.677804,0.2653753,0.0024708654,0.4,0.0,0.13984008,0.0036804574,0.7743802,0.0032444797,0.4,0.0,0.13233107,0.0046994057
375316653866487564,5850067652792548224,0.6488861,2296.7677312463493,0.14755421532972973,7.80979E-6,15.40249,5.0516037E-4,0.21684106,0.0015072896,0.007443509,0.0014416109,0.31105158,0.024162542,0.79464674,0.0023882457,0.013319815,0.0024904984,0.22520657,0.017294534,null,null,null,null,"TWOGAUSSIANS",8,4.139799,0.21684106,0.0015072896,0.04168365,0.008073021,0.31105158,0.024162542,0.79464674,0.0023882457,0.074590966,0.013946791,0.22520657,0.017294534
375316653866487564,5850068026382003712,0.53841484,2268.0706926111257,2.2982017300279383,6.3118814E-6,17.281542,0.0077971485,0.25637007,0.0018307938,0.09653875,0.0046478957,0.2458981,0.00935454,0.7597359,0.00314519,0.09033893,0.0046600495,0.25721017,0.008932462,null,null,null,null,"TWOGAUSSIANS",8,8.502564,0.7597359,0.00314519,0.4,0.0,0.24386212,0.007874279,0.25637007,0.0018307938,0.4,0.0,0.23254941,0.009185617
375316653866487564,5850068030683347968,0.55716807,2268.5795622478986,4.2823307885899,5.5519663E-6,19.76239,0.013094414,0.23915651,0.0015296707,0.04702902,0.003291879,0.5505839,0.038942434,0.7482393,0.006791896,0.05362912,0.0059710136,0.3762462,0.03463215,0.13406168,0.01774627,0.23915651,0.0015296707,"TWOGAUSSIANS_WITH_ELLIPSOIDAL_ON_ECLIPSE1",9,2.3770094,0.23915651,0.0015296707,0.2633625,0.018434523,0.8187024,0.03447687,0.7482393,0.006791896,0.30032307,0.033437677,0.6434924,0.017663956
375316653866487564,5850068065109440128,0.60021794,2297.8790987583907,2.827191110645603,2.4047395E-6,16.518496,0.012519064,0.24925612,0.0015566802,0.043191683,0.0032507956,0.3416468,0.032681096,0.75077176,0.0017202464,0.04290178,0.0034204307,0.39520407,0.027355466,0.13757285,0.014558748,0.24925612,0.0015566802,"TWOGAUSSIANS_WITH_ELLIPSOIDAL_ON_ECLIPSE1",9,43.917984,0.75077176,0.0017202464,0.24024996,0.019154413,0.67032415,0.0246936,0.24925612,0.0015566802,0.24187341,0.018204454,0.61679184,0.021183517
375316653866487564,5850068374347454848,0.5957081,2286.276108063089,0.7287041889049147,4.5376823E-6,15.262595,0.003087994,0.28252026,8.992136E-4,0.036874212,0.0013866746,0.4952088,0.014223948,0.7764376,0.004450581,0.03291688,0.0049670865,0.07472076,0.01216074,0.041999124,0.0077065206,0.28252026,8.992136E-4,"TWOGAUSSIANS_WITH_ELLIPSOIDAL_ON_ECLIPSE1",9,128.42209,0.28252026,8.992136E-4,0.2064956,0.007765378,0.57920706,0.015067673,0.7769676,0.0040344354,0.18433453,0.027815685,0.15860713,0.01273835
375316653866487564,5850068885375632896,0.5124719,2317.0329285818484,2.582990568637292,9.383655E-6,18.283884,0.020256314,0.2538775,0.004330841,0.0494758,0.007992321,0.35592157,0.043754067,0.74276274,0.004301085,0.049191616,0.0057213437,0.3921889,0.045895435,0.043368734,0.025526542,0.2538775,0.004330841,"TWOGAUSSIANS_WITH_ELLIPSOIDAL_ON_ECLIPSE1",9,20.08204,0.74321276,0.004075728,0.27547306,0.032039523,0.4785197,0.020865655,0.2538775,0.004330841,0.27706447,0.044756997,0.44265765,0.031739734
375316653866487564,5850069160253680896,0.4439002,2304.2519015655957,2.51882307281699,2.249132E-5,17.938793,0.33308512,0.22728863,0.006929071,0.110447705,0.07764484,0.15056759,0.3120681,0.72886056,0.006357582,0.11453582,0.06903741,0.14303939,0.3068479,null,null,null,null,"TWOGAUSSIANS",8,9.825609,0.22728863,0.0075709573,0.4,0.0,0.12615392,0.010742057,0.72886056,0.0063613653,0.4,0.0,0.11861557,0.01095399
375316653866487564,5850069611231513984,0.5514497,2296.303591507497,1.9775021635522305,5.4386583E-6,18.882753,0.007195346,0.19546676,0.0019580608,0.084649704,0.0036781458,0.2876512,0.006711457,0.68785536,0.0034650634,0.093116835,0.005901528,0.22965415,0.009520246,null,null,null,null,"TWOGAUSSIANS",8,1.8756026,0.19546676,0.0019580608,0.4,0.0,0.2790054,0.005449188,0.68785536,0.0034650634,0.4,0.0,0.22100806,0.009722278
375316653866487564,5850069710009450368,0.51490474,2304.568126457729,3.3930514986763396,8.275829E-6,18.43364,0.0075647323,0.23581076,0.009509693,0.04062159,0.0109652765,0.110703975,0.03779754,0.7150817,0.002993993,0.04656137,0.016834978,0.051938374,0.017794635,0.100509934,0.009851489,0.7150817,0.002993993,"TWOGAUSSIANS_WITH_ELLIPSOIDAL_ON_ECLIPSE2",9,6.7092643,0.23185076,0.007741486,0.2274809,0.06140555,0.30897558,0.039765038,0.7150817,0.002993993,0.26074368,0.09427588,0.2529581,0.008334158
375316653866487564,5850069989188926976,0.6151011,2294.1180000050763,0.14183335138144973,2.4306496E-6,17.5086,0.0019037382,0.21798816,3.3978652E-4,0.011992607,4.287915E-4,0.48322725,0.0303712,0.7141061,1.5125757E-4,0.011873752,1.6501705E-4,0.56111515,0.009320872,null,null,null,null,"TWOGAUSSIANS",8,3.7489812,0.7141061,1.5125757E-4,0.06649301,9.240954E-4,0.56111515,0.009320872,0.21798816,3.3978652E-4,0.0671586,0.0024012325,0.48322725,0.0303712
375316653866487564,5850070019247197824,0.60331476,2313.1162488448936,1.8538026443109565,2.319349E-6,18.21112,0.0066833426,0.2699318,0.0023329584,0.031202955,0.018361306,0.058688227,0.009564416,0.75896466,0.0015783263,0.054458797,0.0023179923,0.27051032,0.014747221,0.0791287,0.009653157,0.2699318,0.0023329584,"TWOGAUSSIANS_WITH_ELLIPSOIDAL_ON_ECLIPSE1",9,2.5932472,0.7602846,0.0011824695,0.30496928,0.012980757,0.42810467,0.0068402407,0.2699318,0.0023329584,0.17473656,0.10282332,0.2169428,0.020758228
375316653866487564,5850070294137054336,0.46838063,2284.4415815517395,1.7520452308438719,1.3887119E-5,17.801268,0.15638189,0.22500683,0.004123808,0.122386485,0.03944611,0.17748512,0.14263007,0.72471225,0.0044826907,0.14097987,0.06856372,0.16036077,0.15163365,null,null,null,null,"TWOGAUSSIANS",8,5.540861,0.22501683,0.004242722,0.4,0.0,0.12303431,0.006820442,0.72471225,0.00451411,0.4,0.0,0.105398916,0.00856409
375316653866487564,5850070470291806336,0.55319595,2293.7451049335737,0.7230700227254464,8.261295E-6,16.565609,0.0012190487,0.2418919,0.002546176,0.029995663,0.0032394242,0.16583362,0.008845555,0.7521815,0.0053971414,0.035655018,0.0070022903,0.012588539,0.0040528346,0.006278963,0.0020676763,0.2418919,0.002546176,"TWOGAUSSIANS_WITH_ELLIPSOIDAL_ON_ECLIPSE1",9,4.5578723,0.2418919,0.002546176,0.16797571,0.018140776,0.17839155,0.008933248,0.7521815,0.0053971414,0.19966811,0.039212827,0.025094043,0.0030409566
375316653866487564,5850071157486621440,0.6618029,2280.6753390158115,0.41473402569076356,1.23341315E-5,14.987291,4.1477993E-4,0.5516384,0.0063545676,0.017313676,0.002818259,0.40962037,0.084657095,null,null,null,null,null,null,null,null,null,null,"ONEGAUSSIAN",5,4.8537107,0.5516384,0.0063545676,0.09695659,0.01578225,0.40962037,0.0,null,null,null,null,null,null
375316653866487564,5850071427995633152,0.5660848,2268.517320896902,2.6758931397719947,4.34599E-6,17.99717,0.0079498105,0.24279457,0.00246173,0.09257971,0.0042684283,0.3772416,0.008784925,0.74171317,0.0016988767,0.095482014,0.0032319229,0.3611876,0.008840674,null,null,null,null,"TWOGAUSSIANS",8,4.9282017,0.24279457,0.00246173,0.4,0.0,0.35603982,0.008840935,0.74171317,0.0016988767,0.4,0.0,0.33998534,0.007891528
375316653866487564,5850071428015477120,0.4772776,2280.2978418773796,3.1002762279408635,1.2859357E-5,19.212164,0.016121553,0.2785568,0.020126987,0.046629757,0.0101164635,0.09218574,0.039419215,0.7330867,0.0038965654,0.051965207,0.01261544,0.13735053,0.0481307,0.114321075,0.022087501,0.7330867,0.0038965654,"TWOGAUSSIANS_WITH_ELLIPSOIDAL_ON_ECLIPSE2",9,6.880473,0.7330867,0.0038965654,0.29100513,0.070646465,0.36599126,0.03630016,0.2648168,0.0159747,0.26112664,0.056652196,0.30794206,0.019904466
375316653866487564,5850071604099433728,0.5289893,2293.0219448008556,0.6442067852108586,7.4567924E-6,17.405243,0.0026682308,0.27829093,0.002453815,0.042354576,0.0029593473,0.18275511,0.0140483705,0.7763369,0.006927524,0.029488655,0.0054401658,0.025332268,0.007675664,0.02049171,0.0037018107,0.27829093,0.002453815,"TWOGAUSSIANS_WITH_ELLIPSOIDAL_ON_ECLIPSE1",9,5.441244,0.27829093,0.002453815,0.23718563,0.016572345,0.22373843,0.013834998,0.7765369,0.006372731,0.16513646,0.030464927,0.066310026,0.0051470394
375316653866487564,5850071672819028096,0.52274513,2311.7668919697235,2.2082675063969868,8.148385E-6,18.46112,0.014960199,0.19713567,0.0031976341,0.054379612,0.007625749,0.117907345,0.032394428,0.69103587,0.009843916,0.038418237,0.016136518,0.11523507,0.029300673,0.113186345,0.016677784,0.19713567,0.0031976341,"TWOGAUSSIANS_WITH_ELLIPSOIDAL_ON_ECLIPSE1",9,7.8531237,0.19713567,0.0031976341,0.30452582,0.042704195,0.34427673,0.014189094,0.69217587,0.008489931,0.21514213,0.0903645,0.34133396,0.022972584
375316653866487564,5850071741538456576,0.61797315,2310.295970223701,3.1058119777011286,5.760038E-6,18.172829,0.0076290844,0.23212749,0.0014747226,0.042401902,0.002595756,0.26372296,0.016367402,0.7266552,0.001758237,0.048296798,0.002571453,0.39774728,0.013990788,0.112221934,0.007950915,0.23212749,0.0014747226,"TWOGAUSSIANS_WITH_ELLIPSOIDAL_ON_ECLIPSE1",9,4.4868693,0.72716516,0.0015582327,0.27046207,0.014400138,0.6219503,0.007952803,0.23212749,0.0014747226,0.23745064,0.014536234,0.48816627,0.009083151
375316653866487564,5850072669251526400,0.42295852,2280.1102090669965,0.024321738810560517,9.301281E-6,19.52317,0.0065993126,0.1655065,0.0010499144,0.0035840017,7.504445E-4,0.29152533,0.03511402,null,null,null,null,null,null,0.029387865,0.008436686,0.1655065,0.0010499144,"ONEGAUSSIAN_WITH_ELLIPSOIDAL",6,6.174886,0.1655065,0.0010499144,0.02007041,0.0042024893,0.35030106,0.036755778,null,null,null,null,null,null
375316653866487564,5850073317781512960,0.50065655,2263.5982387293116,3.596843705946412,1.19411925E-5,18.377924,0.06008127,0.25245497,0.0063862046,0.13359258,0.023412578,0.22740531,0.058710754,0.7352969,0.0070939735,0.12612249,0.022021355,0.19189571,0.056581482,null,null,null,null,"TWOGAUSSIANS",8,3.2489016,0.252645,0.0064047175,0.4,0.0,0.16994907,0.005716137,0.7352969,0.0070939735,0.4,0.0,0.13472827,0.0053034266
375316653866487564,5850073695738536320,0.44162798,2301.15528384276,1.1910046105043968,4.8239085E-6,17.706703,0.005290759,0.10726643,0.00496393,0.0063810297,0.003899563,0.21111478,0.03923985,0.60708326,0.013114113,0.073313184,0.016876513,0.11245981,0.016651783,null,null,null,null,"TWOGAUSSIANS",8,25.786526,0.10726643,0.00496393,0.035733767,0.021837553,0.21111478,0.039239846,0.60708326,0.013114113,0.4,0.057096563,0.11245981,0.016651787
375316653866487564,5850073803186620160,0.4729422,2289.45762220397,0.2507883619886733,7.3352085E-6,15.656973,6.3724694E-4,0.31468904,0.0028741139,0.009035344,0.0017758766,0.070687085,0.011463722,0.8115656,0.00816842,0.0097452495,0.006945094,0.08715894,0.13772209,0.001550958,8.9534133E-4,0.31468904,0.0028741139,"TWOGAUSSIANS_WITH_ELLIPSOIDAL_ON_ECLIPSE1",9,7.2424417,0.8115656,0.00816842,0.054573398,0.038892526,0.090259664,0.13790828,0.31468904,0.0028741139,0.050597925,0.009944909,0.073789,0.011355348
375316653866487564,5850074490318412160,0.5499479,2269.2023056647763,3.9755757634912667,5.373132E-6,19.212275,0.008445486,0.21928625,0.0017442435,0.080104224,0.003281567,0.4343398,0.009112352,0.70439196,0.0040574837,0.08538557,0.0051262714,0.41317853,0.017622521,null,null,null,null,"TWOGAUSSIANS",8,1.9971143,0.21928625,0.0017442435,0.4,0.0,0.42765123,0.009076697,0.70439196,0.0040574837,0.4,0.0,0.40648994,0.01820712
