Gaia/vari_eclipsing_binary/VariEclipsingBinary_255146-255619.csv
# %ECSV 1.0
# ---
# delimiter: ','
# meta: !!omap
# - RELEASE: Gaia DR3
# - TABLE: vari_eclipsing_binary
# - DESCRIPTION: >
#     This table describes the properties of the eclipsing binaries resulting from the variability analysis. 
# - CITATION: >
#     How to cite and acknowledge Gaia: 
#     https://gea.esac.esa.int/archive/documentation/credits.html 
# - KNOWN_ISSUES: >
#     Known issues: 
#     https://www.cosmos.esa.int/web/gaia-users/known-issues 
# - DOCUMENTATION: >
#     Tutorials and documentation: 
#     https://www.cosmos.esa.int/web/gaia-users/archive 
# datatype:
# - 
#   name: solution_id
#   datatype: int64
#   description: Solution Identifier
#   meta:
#     ucd: meta.version
# - 
#   name: source_id
#   datatype: int64
#   description: Unique source identifier
#   meta:
#     ucd: meta.id;meta.main
# - 
#   name: global_ranking
#   datatype: float32
#   description: Number between 0 (worst) and 1 (best)
#   meta:
#     ucd: stat.param
# - 
#   name: reference_time
#   datatype: float64
#   unit: d
#   description: Reference time used for the geometric model fit
#   meta:
#     ucd: time.epoch
# - 
#   name: frequency
#   datatype: float64
#   unit: d**-1
#   description: Frequency of geometric model of the eclipsing binary light curve
#   meta:
#     ucd: src.orbital
# - 
#   name: frequency_error
#   datatype: float32
#   unit: d**-1
#   description: "Uncertainty of \\texttt{frequency}"
#   meta:
#     ucd: stat.error
# - 
#   name: geom_model_reference_level
#   datatype: float32
#   unit: mag
#   description: Magnitude reference level of geometric model
#   meta:
#     ucd: phot.mag;em.opt
# - 
#   name: geom_model_reference_level_error
#   datatype: float32
#   unit: mag
#   description: "Uncertainty of \\texttt{geomModelReferenceLevel}"
#   meta:
#     ucd: stat.error;phot.mag;em.opt
# - 
#   name: geom_model_gaussian1_phase
#   datatype: float32
#   description: Phase of the Gaussian 1 component
#   meta:
#     ucd: time.phase
# - 
#   name: geom_model_gaussian1_phase_error
#   datatype: float32
#   description: "Uncertainty of \\texttt{geomModelGaussian1Phase}"
#   meta:
#     ucd: stat.error;time.phase
# - 
#   name: geom_model_gaussian1_sigma
#   datatype: float32
#   description: "Standard deviation [phase] of Gaussian 1 component"
#   meta:
#     ucd: stat.stdev
# - 
#   name: geom_model_gaussian1_sigma_error
#   datatype: float32
#   description: "Uncertainty of \\texttt{geomModelGaussian1Sigma}"
#   meta:
#     ucd: stat.error
# - 
#   name: geom_model_gaussian1_depth
#   datatype: float32
#   unit: mag
#   description: Magnitude depth of Gaussian 1 component
#   meta:
#     ucd: src.var.amplitude
# - 
#   name: geom_model_gaussian1_depth_error
#   datatype: float32
#   unit: mag
#   description: "Uncertainty of \\texttt{geomModelGaussian1Depth}"
#   meta:
#     ucd: stat.error;src.var.amplitude
# - 
#   name: geom_model_gaussian2_phase
#   datatype: float32
#   description: Phase of Gaussian 2 component
#   meta:
#     ucd: time.phase
# - 
#   name: geom_model_gaussian2_phase_error
#   datatype: float32
#   description: "Uncertainty of \\texttt{geomModelGaussian2Phase}"
#   meta:
#     ucd: stat.error;time.phase
# - 
#   name: geom_model_gaussian2_sigma
#   datatype: float32
[...]
#   datatype: float32
#   description: "Secondary eclipse: uncertainty of \\texttt{derivedSecondaryEclDuration}"
#   meta:
#     ucd: stat.error;time.duration
# - 
#   name: derived_secondary_ecl_depth
#   datatype: float32
#   unit: mag
#   description: "Secondary eclipse: depth"
#   meta:
#     ucd: src.var.amplitude
# - 
#   name: derived_secondary_ecl_depth_error
#   datatype: float32
#   unit: mag
#   description: "Secondary eclipse: uncertainty of \\texttt{derivedSecondaryEclDepth}"
#   meta:
#     ucd: stat.error;src.var.amplitude
solution_id,source_id,global_ranking,reference_time,frequency,frequency_error,geom_model_reference_level,geom_model_reference_level_error,geom_model_gaussian1_phase,geom_model_gaussian1_phase_error,geom_model_gaussian1_sigma,geom_model_gaussian1_sigma_error,geom_model_gaussian1_depth,geom_model_gaussian1_depth_error,geom_model_gaussian2_phase,geom_model_gaussian2_phase_error,geom_model_gaussian2_sigma,geom_model_gaussian2_sigma_error,geom_model_gaussian2_depth,geom_model_gaussian2_depth_error,geom_model_cosine_half_period_amplitude,geom_model_cosine_half_period_amplitude_error,geom_model_cosine_half_period_phase,geom_model_cosine_half_period_phase_error,model_type,num_model_parameters,reduced_chi2,derived_primary_ecl_phase,derived_primary_ecl_phase_error,derived_primary_ecl_duration,derived_primary_ecl_duration_error,derived_primary_ecl_depth,derived_primary_ecl_depth_error,derived_secondary_ecl_phase,derived_secondary_ecl_phase_error,derived_secondary_ecl_duration,derived_secondary_ecl_duration_error,derived_secondary_ecl_depth,derived_secondary_ecl_depth_error
[from data line 502]
375316653866487564,2247465062110635264,0.61750937,2000.9330374893937,1.819675555773121,2.6672449E-6,17.85221,0.0060148,0.21058898,0.0022872023,0.041384153,0.002408288,0.26255092,0.018368632,0.70913327,0.0021433653,0.03881141,0.0014398065,0.88865054,0.04084346,0.038671482,0.008036209,0.21058898,0.0022872023,"TWOGAUSSIANS_WITH_ELLIPSOIDAL_ON_ECLIPSE1",9,5.5087686,0.7091433,0.002114746,0.21734391,0.008062917,0.965987,0.04038064,0.21058898,0.0022872023,0.23175125,0.013486412,0.33989385,0.012912012
375316653866487564,2247465573208680192,0.59056866,1979.860401941248,4.460475214759918,6.742519E-6,19.251005,0.008343129,0.23100406,0.0017653678,0.041237157,0.0029497826,0.36599693,0.028878246,0.7271873,0.0023086825,0.044875864,0.0027510761,0.4725317,0.03156017,0.13204084,0.010317889,0.23100406,0.0017653678,"TWOGAUSSIANS_WITH_ELLIPSOIDAL_ON_ECLIPSE1",9,1.6878932,0.7274973,0.0020918224,0.25130484,0.0154060265,0.73647386,0.029327134,0.23100406,0.0017653678,0.23092808,0.016518783,0.63007855,0.027515728
375316653866487564,2247466608299046272,0.583556,2014.646497056572,0.6986340524890019,4.662733E-6,16.997623,9.233153E-4,0.58330745,3.0770572E-4,0.019082695,3.8299363E-4,0.68556243,0.032252714,null,null,null,null,null,null,null,null,null,null,"ONEGAUSSIAN",5,2.9131868,0.58330745,3.0770572E-4,0.1068631,0.0021447644,0.68556243,0.0,null,null,null,null,null,null
375316653866487564,2247468321987816192,0.48755497,2002.1878785242397,3.8986761834078068,1.9135274E-5,17.19023,0.5093831,0.24284989,0.0042981044,0.12762152,0.10243132,0.21842736,0.5007891,0.73437375,0.0071190405,0.106474824,0.04846316,0.22189695,0.37617138,null,null,null,null,"TWOGAUSSIANS",8,17.674221,0.73437375,0.0071190405,0.4,0.0,0.18074088,0.017935758,0.24285989,0.004215626,0.4,0.0,0.17706966,0.0102580665
375316653866487564,2247473377167427456,0.67512137,2023.9325492450396,2.2269308395449037,1.7645999E-6,13.491339,0.0055764345,0.27101594,8.3209324E-4,0.054712214,0.0026448988,0.2791648,0.013552614,0.7698,0.001665932,0.054199982,0.0020850254,0.30775836,0.012168112,0.11132742,0.0060089277,0.27101594,8.3209324E-4,"TWOGAUSSIANS_WITH_ELLIPSOIDAL_ON_ECLIPSE1",9,74.82423,0.76997,0.0014215608,0.3035199,0.011676143,0.5303872,0.005544177,0.27101594,8.3209324E-4,0.3063884,0.014811433,0.50180477,0.012963568
375316653866487564,2247480352194486528,0.53374773,2023.5827701932449,3.787122530665129,9.053357E-6,17.354158,0.05079013,0.25864398,0.006330654,0.11981873,0.022965744,0.21236643,0.048497412,0.7706798,0.0025273573,0.116857834,0.016074924,0.25794673,0.048839092,null,null,null,null,"TWOGAUSSIANS",8,5.600237,0.7707298,0.00253859,0.4,0.0,0.21307416,0.008159371,0.258584,0.0063051134,0.4,0.0,0.16747737,0.008227236
375316653866487564,2247490282158833024,0.4430437,1989.6727494067247,0.2076177065093036,4.6498742E-5,13.676786,0.001023522,0.1821748,0.002935076,0.011233728,0.002572515,0.0700353,0.011868153,0.72860616,0.055742748,0.042861037,0.052427314,0.008007001,0.0029935087,0.0025887394,0.0020775038,0.1821748,0.002935076,"TWOGAUSSIANS_WITH_ELLIPSOIDAL_ON_ECLIPSE1",9,50.678276,0.1821748,0.002935076,0.06290888,0.014406084,0.07521277,0.011788827,0.72860616,0.055742748,0.24002181,0.22677092,0.012756169,0.0019341484
375316653866487564,2247491038073069056,0.6049143,2016.6179555050448,1.253627963030918,4.743235E-6,16.709372,0.0042501953,0.23581575,0.0066054557,0.03534786,0.0065885484,0.11946373,0.015041328,0.7401856,8.6873415E-4,0.03084227,0.0011241523,1.0772299,0.056385085,0.028041506,0.0072112945,0.23581575,0.0066054557,"TWOGAUSSIANS_WITH_ELLIPSOIDAL_ON_ECLIPSE1",9,31.443834,0.7401856,8.6783007E-4,0.17271672,0.0062952535,1.1332705,0.058126856,0.23581575,0.0066054557,0.19794801,0.03689587,0.17554668,0.011507326
375316653866487564,2247492030207606144,0.570445,1999.9545888752064,3.798526470527979,8.502851E-6,18.844725,0.01667379,0.2765457,0.0021191144,0.050314665,0.0050213384,0.6244413,0.079265766,0.7727803,0.0029011467,0.04794445,0.0051154094,0.5683503,0.037653927,0.10720951,0.022460494,0.2765457,0.0021191144,"TWOGAUSSIANS_WITH_ELLIPSOIDAL_ON_ECLIPSE1",9,4.7153797,0.2765457,0.0021191144,0.28176212,0.028119495,0.8388565,0.08932238,0.7730203,0.0026983807,0.2684889,0.028646292,0.7826532,0.033318207
375316653866487564,2247519036962056960,0.6071222,1969.6685568695987,3.5052426103420835,5.6047E-6,18.632362,0.012140811,0.22835585,0.0019138413,0.045513857,0.005614707,0.37174815,0.025248926,0.7258053,0.0035584227,0.049857344,0.0028994258,0.4203128,0.034341484,0.1175549,0.014590491,0.22835585,0.0019138413,"TWOGAUSSIANS_WITH_ELLIPSOIDAL_ON_ECLIPSE1",9,2.7421372,0.72605526,0.0032408994,0.27920112,0.016236784,0.65536606,0.01671135,0.22835585,0.0019138413,0.2548776,0.03144236,0.6068558,0.015881134
375316653866487564,2247533472349929600,0.53092337,2038.897133521629,0.4170107635247054,1.3420589E-6,15.840155,0.0026022252,0.2994015,9.5264154E-4,0.021353904,0.0010464484,3.789435,1.318762,0.79656625,0.0013072907,0.018997332,0.0026247876,0.08328404,0.0063237795,0.023624308,0.0035918276,0.2994015,9.5264154E-4,"TWOGAUSSIANS_WITH_ELLIPSOIDAL_ON_ECLIPSE1",9,20.341888,0.2994015,9.5264154E-4,0.11958186,0.0058601107,3.8366833,1.3228692,0.79661626,0.0012963162,0.10638506,0.014698811,0.13051787,0.005974464
375316653866487564,2247546627832352128,0.5182401,2030.528778379429,4.399502021477083,6.171655E-6,19.867998,0.012769608,0.27659994,0.0019161161,0.06808919,0.0034774262,0.5042907,0.01742882,0.7799125,0.005525789,0.0692424,0.0052549955,0.54640365,0.020821271,null,null,null,null,"TWOGAUSSIANS",8,1.5412616,0.7799125,0.005525789,0.38775745,0.028361721,0.54513144,0.020545883,0.27659994,0.0019161161,0.38129944,0.019473588,0.5030185,0.01735123
375316653866487564,2247551060238715904,0.49017808,2013.4938921716837,3.060869915814002,2.07539E-5,19.424896,0.01316733,0.27329886,0.0063684587,0.077792875,0.0077612405,0.2763896,0.016332973,0.772483,0.0055117398,0.07744724,0.00639648,0.2978578,0.02063843,null,null,null,null,"TWOGAUSSIANS",8,2.2803957,0.772483,0.0055117398,0.4,0.0,0.29470423,0.020132998,0.27329886,0.0063684587,0.4,0.0,0.27323607,0.0152638415
375316653866487564,2247559345233292160,0.6055021,2034.4758455319477,0.7978327791488595,7.710928E-6,15.95678,0.0026533208,0.28780094,0.010872012,0.023722637,0.005445694,0.46658376,0.112642884,0.8039625,0.0034753056,0.030571654,0.0039589074,0.056343395,0.006656444,0.011957785,0.003545943,0.28780094,0.010872012,"TWOGAUSSIANS_WITH_ELLIPSOIDAL_ON_ECLIPSE1",9,15.544573,0.28780094,0.010872012,0.13284677,0.030495886,0.4904993,0.109751195,0.8039625,0.0034753056,0.17120126,0.02216988,0.08001315,0.004291587
375316653866487564,2247560376025217280,0.47028542,2032.144415997158,3.7668220076958687,9.987221E-6,14.23526,0.041298274,0.2655975,0.0039309603,0.083740376,0.008197219,0.4058856,0.041270375,0.77036875,0.0052394243,0.10417769,0.020257032,0.39571273,0.043470804,null,null,null,null,"TWOGAUSSIANS",8,897.7543,0.2655975,0.0039309603,0.4,0.0,0.3843428,0.023671556,0.77036875,0.0052394243,0.4,0.0,0.37416184,0.05160924
375316653866487564,2247575867968594176,0.5305068,2020.6207793446506,0.7038114473746713,9.617239E-6,17.794088,0.0011609786,0.60444766,0.0062275585,0.010474622,0.0040703025,0.3446088,0.17730187,0.8718286,0.03366184,0.031420104,0.023172805,0.012992753,0.018564098,null,null,null,null,"TWOGAUSSIANS",8,1.7858826,0.60444766,0.0062275585,0.05865788,0.022793693,0.3446088,0.17730187,0.8718286,0.03366184,0.17595257,0.12976772,0.012992753,0.018564098
375316653866487564,2247581163666439424,0.6316538,1997.9959865876776,2.3113370687510892,2.262968E-6,16.14724,0.010680189,0.26796973,7.4639166E-4,0.059495732,0.0020685045,0.5770905,0.019739565,0.7711061,0.0062160403,0.062206417,0.006356078,0.083105616,0.023632972,0.02395541,0.011565857,0.26796973,7.4639166E-4,"TWOGAUSSIANS_WITH_ELLIPSOIDAL_ON_ECLIPSE1",9,17.995474,0.26796973,7.4639166E-4,0.3331761,0.011583625,0.6248977,0.016512683,0.7711061,0.0060223197,0.34835592,0.03559404,0.13089421,0.0037435566
375316653866487564,2247585145099475328,0.50413406,1962.0694945458686,3.4138229244819307,1.8241546E-5,18.67653,0.0053517856,0.24846938,0.0090898145,0.05513389,0.008862033,0.17169695,0.032878812,0.73683864,0.003450833,0.0461092,0.004464464,0.28686792,0.009382725,null,null,null,null,"TWOGAUSSIANS",8,5.070055,0.73683864,0.003450833,0.25821152,0.025000999,0.2868667,0.009382296,0.24846938,0.0090898145,0.3087498,0.049627382,0.17169571,0.032881033
375316653866487564,2247594082928269312,0.57961357,2028.664479025666,4.204928065832072,4.5466645E-6,17.290842,0.016601838,0.24150273,0.0015711254,0.055246327,0.0055907853,0.3777562,0.029730681,0.73895967,0.003739545,0.05161164,0.0053214785,0.4358582,0.038008228,0.10325992,0.019543823,0.24150273,0.0015711254,"TWOGAUSSIANS_WITH_ELLIPSOIDAL_ON_ECLIPSE1",9,16.006748,0.7391897,0.0033457566,0.2890252,0.029800279,0.6423121,0.025839766,0.24150273,0.0015711254,0.30937943,0.031308398,0.5842581,0.018771872
375316653866487564,2247602771643773696,0.4811438,1939.1232627968184,3.4827983168027603,2.3076069E-5,18.534275,0.0255809,0.3708873,0.007042806,0.13302395,0.014210845,0.2145529,0.024817094,0.80150247,0.017715894,0.09951379,0.028895872,0.09726123,0.020523228,null,null,null,null,"TWOGAUSSIANS",8,4.366117,0.3709173,0.006983843,0.4,0.0,0.19955036,0.009943781,0.80150247,0.017715894,0.4,0.0,0.08341064,0.017230123
375316653866487564,2247615523405098368,0.61433727,2010.157968624965,2.6483964951733365,3.7117359E-6,16.308142,0.009128321,0.27387232,0.0013392038,0.039081093,0.002880235,0.34318283,0.029080877,0.77225673,0.0011514288,0.048045628,0.00259873,0.40120322,0.026007539,0.13421784,0.009262093,0.27387232,0.0013392038,"TWOGAUSSIANS_WITH_ELLIPSOIDAL_ON_ECLIPSE1",9,32.694237,0.77243674,9.982514E-4,0.26905552,0.0145528875,0.66961354,0.023518667,0.27387232,0.0013392038,0.21885413,0.016129317,0.6116178,0.027818177
375316653866487564,2247623597943746048,0.53400946,2013.2718114732295,3.7869256992359213,7.3616156E-6,18.118206,0.015361029,0.12360309,0.0033199284,0.09805438,0.008029308,0.24329379,0.014535127,0.6258489,0.0031952248,0.09125859,0.0066801417,0.25485045,0.014809068,null,null,null,null,"TWOGAUSSIANS",8,4.09936,0.6258489,0.0031952248,0.4,0.0,0.24012469,0.00945359,0.12360309,0.0033199284,0.4,0.0,0.22856706,0.010359043
375316653866487564,2247625002394900736,0.5940806,1998.5721809539532,3.3696543539138117,4.212149E-6,18.316034,0.008405386,0.22420238,0.0019532982,0.049375482,0.0053547355,0.12975945,0.02390527,0.7281977,0.0019927965,0.04840658,0.0038358965,0.25960755,0.020507738,0.11056701,0.013675838,0.22420238,0.0019532982,"TWOGAUSSIANS_WITH_ELLIPSOIDAL_ON_ECLIPSE1",9,2.9094164,0.7281977,0.0019927965,0.27107686,0.02148102,0.48060098,0.009594338,0.22420238,0.0019532982,0.2765027,0.02998652,0.35089222,0.011988503
375316653866487564,2247627308795485824,0.62075967,1970.777014841832,4.222087054774035,2.6245996E-6,17.434372,0.008214233,0.24652384,0.0012896246,0.053630896,0.0038284585,0.31331694,0.016721534,0.74567074,0.0011667752,0.05263215,0.0036143633,0.29476544,0.019351454,0.07456037,0.01059807,0.24652384,0.0012896246,"TWOGAUSSIANS_WITH_ELLIPSOIDAL_ON_ECLIPSE1",9,4.688916,0.24652384,0.0012896246,0.30033302,0.021439368,0.46242765,0.012853521,0.7457508,0.0010264874,0.29474002,0.020240435,0.4438723,0.01951452
375316653866487564,2247637204400127616,0.60508615,1992.379756666976,3.4456108805216075,2.3272862E-6,17.603876,0.011833358,0.2398045,0.0013881602,0.04229209,0.003310143,0.410745,0.032198206,0.7446397,0.0012748779,0.0451251,0.0027571102,0.48481196,0.030012723,0.14452705,0.020881921,0.2398045,0.0013881602,"TWOGAUSSIANS_WITH_ELLIPSOIDAL_ON_ECLIPSE1",9,18.857666,0.7446397,0.0012748779,0.25270057,0.015439817,0.77359873,0.018298851,0.2398045,0.0013881602,0.23683569,0.0185368,0.6997985,0.02793225
375316653866487564,2247639369063697792,0.4997162,2007.9742778168443,3.2913496303447984,1.9202918E-5,15.3374195,0.048736203,0.17755239,0.00782572,0.21729271,0.06925678,0.78205144,0.29616562,0.67078424,0.008437087,0.21534805,0.079513006,0.85458523,0.2126326,null,null,null,null,"TWOGAUSSIANS",8,22.482046,0.67078424,0.008437087,0.4,0.0,0.14041084,0.004247804,0.19077238,0.006378695,0.4,0.0,0.07298635,0.0063865087
375316653866487564,2247639369063697920,0.474239,2006.1406698840876,1.3217671552125703,1.3094263E-5,15.701877,0.004162441,0.29671106,0.002690985,0.03217241,0.0022601264,0.30764374,0.04022824,0.776869,7.173419E-4,0.012044109,7.937903E-4,0.15659136,0.008396322,0.006825996,0.005854403,0.29671106,0.002690985,"TWOGAUSSIANS_WITH_ELLIPSOIDAL_ON_ECLIPSE1",9,126.00016,0.29671106,0.002690985,0.1801655,0.012656707,0.3212957,0.04049744,0.776889,7.174427E-4,0.067447014,0.004445226,0.17003246,0.0072171288
375316653866487564,2247649363450574976,0.5851261,2002.8799888860817,3.301294425789912,3.5842409E-6,17.888334,0.019233245,0.25036046,0.0017818572,0.054844324,0.00606356,0.27283472,0.04373048,0.74784744,0.0022001879,0.061918586,0.0053326664,0.29248807,0.043523464,0.095224544,0.025930116,0.25036046,0.0017818572,"TWOGAUSSIANS_WITH_ELLIPSOIDAL_ON_ECLIPSE1",9,6.1362,0.74825746,0.0017625362,0.3467441,0.029862931,0.48281696,0.012485483,0.25036046,0.0017818572,0.30712822,0.03395594,0.46320328,0.013866131
375316653866487564,2247649573905534976,0.47697052,1989.023923076671,1.8872849703016932,1.3635537E-5,14.115205,0.23306201,0.36474887,0.0265528,0.34397689,0.14138514,0.26377785,0.21491131,0.7644209,0.0032905187,0.033708688,0.0036973502,0.38025576,0.051412277,null,null,null,null,"TWOGAUSSIANS",8,626.8751,0.7644209,0.0032905187,0.18876866,0.02070516,0.3877681,0.05118367,0.36474887,0.0265528,0.4,0.0,0.08710549,0.012674913
375316653866487564,2247669227676012032,0.51416427,1990.382957735757,2.608205547063124,1.0722288E-5,15.355434,0.006559876,0.23974362,0.0030194928,0.037271153,0.0063269995,0.10616738,0.022250902,0.7416976,0.023633514,0.04135497,0.01632152,0.09222758,0.026176853,0.09296062,0.008305006,0.23974362,0.0030194928,"TWOGAUSSIANS_WITH_ELLIPSOIDAL_ON_ECLIPSE1",9,183.66193,0.23974362,0.0030194928,0.20871845,0.035431195,0.29208815,0.018775206,0.7416976,0.021268247,0.23158783,0.09140051,0.27812034,0.023460222
375316653866487564,2247671319323474176,0.55439615,1991.666129073199,3.3290497775194594,7.8079265E-6,17.980875,0.0074475994,0.2914287,0.0028781751,0.07687698,0.0039021038,0.26009107,0.009176089,0.7833326,0.0034368753,0.07700366,0.005057948,0.24700803,0.01086869,null,null,null,null,"TWOGAUSSIANS",8,4.8296766,0.2914287,0.0028781751,0.4,0.0,0.25791588,0.008597727,0.7833326,0.0034368753,0.4,0.0,0.24483284,0.01057902
375316653866487564,2247673179046004736,0.48360336,1980.7351226830988,1.1189207643246302,2.8466275E-5,14.91882,0.0022260447,0.20884776,0.045263533,0.020362252,0.02327394,0.011350971,0.15296528,0.69801486,0.0044399407,0.054191165,0.019154597,0.047368497,0.005787589,0.00869308,0.0021893831,0.69801486,0.0044399407,"TWOGAUSSIANS_WITH_ELLIPSOIDAL_ON_ECLIPSE2",9,20.052286,0.69801486,0.0044399407,0.30347052,0.10726574,0.06475352,0.008265224,0.20832776,0.045764666,0.11402862,0.13033406,0.02865939,0.15012988
375316653866487564,2247684139802695168,0.5802799,1997.1130480149095,3.733031097043188,5.0341832E-6,17.36903,0.030057987,0.28292748,0.00277373,0.070072554,0.0131102735,0.21224275,0.05674102,0.7912773,0.0045809145,0.061235562,0.016089862,0.14375722,0.059031423,0.06464598,0.031327862,0.28292748,0.00277373,"TWOGAUSSIANS_WITH_ELLIPSOIDAL_ON_ECLIPSE1",9,8.217846,0.28292748,0.00277373,0.3924063,0.06000179,0.34116298,0.011311365,0.7912773,0.0045809145,0.34291917,0.09010323,0.27232194,0.007089281
