Gaia/vari_eclipsing_binary/VariEclipsingBinary_471360-471425.csv
# %ECSV 1.0
# ---
# delimiter: ','
# meta: !!omap
# - RELEASE: Gaia DR3
# - TABLE: vari_eclipsing_binary
# - DESCRIPTION: >
#     This table describes the properties of the eclipsing binaries resulting from the variability analysis. 
# - CITATION: >
#     How to cite and acknowledge Gaia: 
#     https://gea.esac.esa.int/archive/documentation/credits.html 
# - KNOWN_ISSUES: >
#     Known issues: 
#     https://www.cosmos.esa.int/web/gaia-users/known-issues 
# - DOCUMENTATION: >
#     Tutorials and documentation: 
#     https://www.cosmos.esa.int/web/gaia-users/archive 
# datatype:
# - 
#   name: solution_id
#   datatype: int64
#   description: Solution Identifier
#   meta:
#     ucd: meta.version
# - 
#   name: source_id
#   datatype: int64
#   description: Unique source identifier
#   meta:
#     ucd: meta.id;meta.main
# - 
#   name: global_ranking
#   datatype: float32
#   description: Number between 0 (worst) and 1 (best)
#   meta:
#     ucd: stat.param
# - 
#   name: reference_time
#   datatype: float64
#   unit: d
#   description: Reference time used for the geometric model fit
#   meta:
#     ucd: time.epoch
# - 
#   name: frequency
#   datatype: float64
#   unit: d**-1
#   description: Frequency of geometric model of the eclipsing binary light curve
#   meta:
#     ucd: src.orbital
# - 
#   name: frequency_error
#   datatype: float32
#   unit: d**-1
#   description: "Uncertainty of \\texttt{frequency}"
#   meta:
#     ucd: stat.error
# - 
#   name: geom_model_reference_level
#   datatype: float32
#   unit: mag
#   description: Magnitude reference level of geometric model
#   meta:
#     ucd: phot.mag;em.opt
# - 
#   name: geom_model_reference_level_error
#   datatype: float32
#   unit: mag
#   description: "Uncertainty of \\texttt{geomModelReferenceLevel}"
#   meta:
#     ucd: stat.error;phot.mag;em.opt
# - 
#   name: geom_model_gaussian1_phase
#   datatype: float32
#   description: Phase of the Gaussian 1 component
#   meta:
#     ucd: time.phase
# - 
#   name: geom_model_gaussian1_phase_error
#   datatype: float32
#   description: "Uncertainty of \\texttt{geomModelGaussian1Phase}"
#   meta:
#     ucd: stat.error;time.phase
# - 
#   name: geom_model_gaussian1_sigma
#   datatype: float32
#   description: "Standard deviation [phase] of Gaussian 1 component"
#   meta:
#     ucd: stat.stdev
# - 
#   name: geom_model_gaussian1_sigma_error
#   datatype: float32
#   description: "Uncertainty of \\texttt{geomModelGaussian1Sigma}"
#   meta:
#     ucd: stat.error
# - 
#   name: geom_model_gaussian1_depth
#   datatype: float32
#   unit: mag
#   description: Magnitude depth of Gaussian 1 component
#   meta:
#     ucd: src.var.amplitude
# - 
#   name: geom_model_gaussian1_depth_error
#   datatype: float32
#   unit: mag
#   description: "Uncertainty of \\texttt{geomModelGaussian1Depth}"
#   meta:
#     ucd: stat.error;src.var.amplitude
# - 
#   name: geom_model_gaussian2_phase
#   datatype: float32
#   description: Phase of Gaussian 2 component
#   meta:
#     ucd: time.phase
# - 
#   name: geom_model_gaussian2_phase_error
#   datatype: float32
#   description: "Uncertainty of \\texttt{geomModelGaussian2Phase}"
#   meta:
#     ucd: stat.error;time.phase
# - 
#   name: geom_model_gaussian2_sigma
#   datatype: float32
[...]
#   datatype: float32
#   description: "Secondary eclipse: uncertainty of \\texttt{derivedSecondaryEclDuration}"
#   meta:
#     ucd: stat.error;time.duration
# - 
#   name: derived_secondary_ecl_depth
#   datatype: float32
#   unit: mag
#   description: "Secondary eclipse: depth"
#   meta:
#     ucd: src.var.amplitude
# - 
#   name: derived_secondary_ecl_depth_error
#   datatype: float32
#   unit: mag
#   description: "Secondary eclipse: uncertainty of \\texttt{derivedSecondaryEclDepth}"
#   meta:
#     ucd: stat.error;src.var.amplitude
solution_id,source_id,global_ranking,reference_time,frequency,frequency_error,geom_model_reference_level,geom_model_reference_level_error,geom_model_gaussian1_phase,geom_model_gaussian1_phase_error,geom_model_gaussian1_sigma,geom_model_gaussian1_sigma_error,geom_model_gaussian1_depth,geom_model_gaussian1_depth_error,geom_model_gaussian2_phase,geom_model_gaussian2_phase_error,geom_model_gaussian2_sigma,geom_model_gaussian2_sigma_error,geom_model_gaussian2_depth,geom_model_gaussian2_depth_error,geom_model_cosine_half_period_amplitude,geom_model_cosine_half_period_amplitude_error,geom_model_cosine_half_period_phase,geom_model_cosine_half_period_phase_error,model_type,num_model_parameters,reduced_chi2,derived_primary_ecl_phase,derived_primary_ecl_phase_error,derived_primary_ecl_duration,derived_primary_ecl_duration_error,derived_primary_ecl_depth,derived_primary_ecl_depth_error,derived_secondary_ecl_phase,derived_secondary_ecl_phase_error,derived_secondary_ecl_duration,derived_secondary_ecl_duration_error,derived_secondary_ecl_depth,derived_secondary_ecl_depth_error
375316653866487564,4146126514326074240,0.48798788,2291.99067495994,0.9339962153472113,1.2919483E-4,19.371199,0.017816428,0.19502886,0.10894924,0.075303406,0.08154527,0.074969836,0.55679166,0.6971037,0.006233392,0.039116714,0.008732942,0.3704873,0.17581443,null,null,null,null,"TWOGAUSSIANS",8,3.3072793,0.6971037,0.006233392,0.2190536,0.04890448,0.37047157,0.17583886,0.19502886,0.10894924,0.4,0.39850017,0.07495409,0.55681336
375316653866487564,4146127648197595776,0.54562074,2217.6900779760067,1.569865614575282,7.2708085E-6,17.425137,0.007850506,0.33361968,0.0013605688,0.05330554,0.003990489,0.8025451,0.113870256,0.8387396,0.0068493653,0.0637357,0.006213055,0.3041914,0.022487136,null,null,null,null,"TWOGAUSSIANS",8,15.733336,0.33361968,0.0013605688,0.29851103,0.022346737,0.8024608,0.11393486,0.8387396,0.0068493653,0.35691994,0.03479311,0.3041071,0.022487456
375316653866487564,4146127678258336000,0.5515684,2224.603376041841,1.504746189768736,2.0456375E-5,19.243532,0.00855288,0.2561003,0.003054517,0.067270234,0.0041346843,0.7415643,0.011918806,0.6159112,0.010559054,0.12676975,0.014948044,0.084334046,0.0152680315,null,null,null,null,"TWOGAUSSIANS",8,2.0630002,0.25631028,0.003033015,0.37671334,0.023154233,0.74170816,0.012584965,0.6159112,0.010559054,0.4,0.0,0.08297267,0.015407602
375316653866487564,4146127682557345024,0.5122231,2192.143577306635,2.942463486950971,2.6458698E-5,18.70061,0.01708775,0.12762599,0.00801553,0.04892374,0.00824651,0.34396523,0.045051195,0.6174274,0.0020340101,0.04115907,0.002908648,0.40988666,0.04003595,null,null,null,null,"TWOGAUSSIANS",8,11.207665,0.6174274,0.0020340101,0.2304908,0.016288428,0.40988657,0.04003594,0.12762599,0.00801553,0.27397293,0.046180457,0.34396514,0.0450513
375316653866487564,4146127716917144960,0.52520627,2208.040176510529,2.35276142326621,2.126757E-5,18.82531,0.013226167,0.27418065,0.0646024,0.07930859,0.04667087,0.2081737,0.22985983,0.75876456,0.0047637927,0.093988836,0.011283798,0.19169722,0.011552018,null,null,null,null,"TWOGAUSSIANS",8,1.8870451,0.27418065,0.0646024,0.4,0.19386053,0.20341825,0.23275755,0.75876456,0.0047637927,0.4,0.0,0.18694139,0.009725759
375316653866487564,4146128438468355328,0.50192463,2224.351127380129,0.26424694778899255,3.187381E-5,18.961704,0.08360835,0.06929912,0.008075775,0.061210766,0.046844605,0.057687905,0.07640231,0.5802931,0.009485588,0.15524696,0.054130778,0.26106074,0.0683393,null,null,null,null,"TWOGAUSSIANS",8,2.6809583,0.5802931,0.009485588,0.4,0.0,0.24207428,0.028772542,0.06841912,0.009316583,0.3427803,0.23035547,0.041695558,0.061736524
375316653866487564,4146128472854352896,0.41412628,2207.2667275173712,0.4561043501093043,6.9654925E-5,17.4882,0.13345481,0.33480275,0.020046882,0.16601156,0.059390534,0.37334856,0.122904144,0.78732634,0.015374489,0.09390243,0.016333986,0.3818352,0.11304948,null,null,null,null,"TWOGAUSSIANS",8,12.211019,0.78732634,0.015374489,0.4,0.0,0.3145611,0.036613114,0.33481276,0.020029545,0.4,0.0,0.2953625,0.019808479
375316653866487564,4146129739843936384,0.681897,2230.5922865554003,1.117082375687636,2.187332E-6,14.962293,0.003636859,0.75197667,5.332312E-4,0.053319465,0.0013225937,0.4769081,0.009936911,null,null,null,null,null,null,0.101370476,0.005429639,0.75197667,5.332312E-4,"ONEGAUSSIAN_WITH_ELLIPSOIDAL",6,42.918823,0.75197667,5.332312E-4,0.29858902,0.0074065244,0.679641,0.008326217,null,null,null,null,null,null
375316653866487564,4146130839354330496,0.46512157,2223.7132805932724,1.8333189826774277,1.2981628E-4,17.952726,0.06358915,0.2305479,0.022017652,0.038681105,0.029809294,0.23194492,653.36774,0.65373725,0.061191253,0.17075783,0.15140118,0.061115347,0.057934847,null,null,null,null,"TWOGAUSSIANS",8,7.3315277,0.2307879,0.021745093,0.21661419,0.16693205,0.23207165,653.36847,0.65373725,0.061191253,0.4,0.0,0.058199972,0.013318172
375316653866487564,4146131187251036928,0.47754425,2242.907249218173,0.7569169912225558,3.464937E-5,19.248133,0.019466456,0.22680604,0.015627291,0.060228474,0.016971583,0.17333248,0.037358865,0.7568188,0.014493073,0.054996505,0.019436248,0.20535439,0.049465533,null,null,null,null,"TWOGAUSSIANS",8,1.9042836,0.7568188,0.014493073,0.30798045,0.108842984,0.20534484,0.049589448,0.22680604,0.015627291,0.33727947,0.09504086,0.17332293,0.03732271
375316653866487564,4146132213745149440,0.48735452,2250.8558738358,2.3347237790559583,4.1723837E-5,17.66439,0.13457526,0.26908037,0.020683814,0.12049421,0.05846579,0.22837593,0.13058616,0.7856906,0.014868643,0.114710204,0.05470067,0.18778403,0.13002813,null,null,null,null,"TWOGAUSSIANS",8,14.344756,0.26904038,0.020363739,0.4,0.0,0.19123806,0.026183302,0.7858006,0.014683207,0.4,0.0,0.15070906,0.015503173
375316653866487564,4146133317571560448,0.5768973,2190.0631174223536,0.3302439184409983,7.027069E-5,9.442697,0.009802581,0.37494904,0.015334912,0.06891487,0.0068997946,1.2046785,0.16694427,0.7395226,6.3969544E-4,0.01995906,7.134738E-4,0.31808227,0.009843905,0.0053015277,0.011007784,0.37494904,0.015334912,"TWOGAUSSIANS_WITH_ELLIPSOIDAL_ON_ECLIPSE1",9,1554.4794,0.37494904,0.015334912,0.38592327,0.028496988,1.2146056,0.17168376,0.73960257,6.232809E-4,0.111770734,0.0039954535,0.32201886,0.010403884
375316653866487564,4146133558069483136,0.6016894,2258.130436973766,4.29142753672236,9.481279E-6,15.67366,0.0057720547,0.21984513,0.0044177417,0.083049454,0.0044274433,0.42512956,0.017342621,0.719987,0.0010826549,0.085758284,0.0024200596,0.36471376,0.009258394,null,null,null,null,"TWOGAUSSIANS",8,15.306172,0.21984513,0.0044177417,0.4,0.0,0.41537225,0.018845888,0.719987,0.0010826549,0.4,0.0,0.3549564,0.009431208
375316653866487564,4146134107845593856,0.6175477,2221.698258148607,0.6091747023426884,4.1849205E-5,14.937023,0.004655145,0.1716934,0.0030337018,0.037860066,0.0031313475,0.21036156,0.014876687,0.6702028,0.010753268,0.034109004,0.0068830308,0.27717295,0.02325329,0.015408275,0.006587521,0.1716934,0.0030337018,"TWOGAUSSIANS_WITH_ELLIPSOIDAL_ON_ECLIPSE1",9,39.05583,0.6702228,0.010733988,0.19101042,0.03854497,0.30798677,0.028069677,0.1716934,0.0030337018,0.21201636,0.017535547,0.24117805,0.007533495
375316653866487564,4146134412768638720,0.75814015,2225.186874285379,0.45144989406510383,3.867463E-6,14.30413,9.954826E-4,0.18498366,0.0025837135,0.043763116,0.003061019,0.17628783,0.009695703,0.6844526,0.0029880048,0.03307638,0.003952511,1.0201013,0.019178526,null,null,null,null,"TWOGAUSSIANS",8,24.61627,0.6844526,0.0029880048,0.18522774,0.022134062,1.0201013,0.019178526,0.18498366,0.0025837135,0.24507345,0.017141705,0.17628783,0.009695704
375316653866487564,4146134451423549696,0.59492725,2197.7327220251486,2.162180030742947,9.162241E-6,17.945553,0.021628628,0.19021471,0.018417383,0.08867591,0.015627272,0.46765077,0.016042521,0.6907327,0.0024039573,0.09843585,0.009624658,0.3960574,0.023067279,null,null,null,null,"TWOGAUSSIANS",8,5.4511027,0.19021471,0.018417383,0.4,0.0,0.4437746,0.010359282,0.6907327,0.0024039573,0.4,0.0,0.37217936,0.027205683
375316653866487564,4146134859448314624,0.6052612,2214.245807367938,2.4437966542127487,1.5441023E-5,17.37244,0.0069836085,0.22835103,0.0048214393,0.032315247,0.009713412,0.25336987,0.06837902,0.69295394,0.0037330168,0.050492626,0.012753566,0.20678954,0.13375613,0.14211002,0.00898974,0.69295394,0.0037330168,"TWOGAUSSIANS_WITH_ELLIPSOIDAL_ON_ECLIPSE2",9,12.520403,0.22542103,0.005744355,0.1809654,0.05439511,0.52488506,0.06815119,0.69295394,0.0037330168,0.2827587,0.07141997,0.49100858,0.13746028
375316653866487564,4146134962524546944,0.58519185,2223.465029511935,1.5676249628315067,4.0771843E-5,16.869278,0.0067062974,0.17359672,0.0075392034,0.0316871,0.007849283,0.6907827,1.8029339,0.67278063,0.0031992116,0.028499208,0.0059578996,0.59326893,0.14716572,null,null,null,null,"TWOGAUSSIANS",8,47.12683,0.17359672,0.0075392034,0.17744775,0.04395598,0.6907827,1.8029339,0.67278063,0.0031992116,0.15959556,0.03336424,0.59326893,0.14716572
375316653866487564,4146136165118357888,0.5820493,2170.6983849959793,3.68442058269303,2.2073673E-5,18.423418,0.008878811,0.23007092,0.005325171,0.07126552,0.004823513,0.6951258,0.041657757,0.7262294,0.0052384245,0.067012675,0.003922714,0.5963281,0.02725745,null,null,null,null,"TWOGAUSSIANS",8,7.326932,0.23007092,0.005325171,0.39908692,0.015414595,0.6934362,0.042021614,0.7262294,0.0052384245,0.375271,0.021967199,0.59463847,0.027168896
375316653866487564,4146137161547779072,0.50509894,2150.9516176187776,3.73113501787634,3.4608627E-5,18.3832,0.010164263,0.2593951,0.0050314316,0.07014614,0.018342182,0.16945307,0.021787481,0.7558457,0.017768279,0.082855575,0.017247478,0.1382512,0.015488136,null,null,null,null,"TWOGAUSSIANS",8,4.138602,0.2593951,0.0050314316,0.3928184,0.03685355,0.1681105,0.023577845,0.7558457,0.017768279,0.4,0.0,0.13690862,0.014935589
375316653866487564,4146137303280774400,0.49246728,2127.0562525763503,1.8308111066602415,1.1617989E-4,19.792881,0.013211253,0.45646027,0.018275863,0.05819659,0.018716967,0.53407556,0.97040594,0.6593217,0.06823404,0.09350133,0.043854117,0.11832118,0.01935774,null,null,null,null,"TWOGAUSSIANS",8,1.3822702,0.45817026,0.01807904,0.3259009,0.10481501,0.54554135,0.96414703,0.6593217,0.06823404,0.4,0.03823562,0.119548455,0.024152813
375316653866487564,4146137333346605056,0.61649287,2161.4534045393843,0.8671122801680015,1.9864328E-5,17.73699,0.00515915,0.31055596,0.022577448,0.039942745,0.04084757,0.33808663,0.30129117,0.80100745,0.0024426559,0.03947714,0.0045358185,0.49651927,0.024530806,null,null,null,null,"TWOGAUSSIANS",8,3.6343305,0.80100745,0.0024426559,0.22107197,0.025400585,0.49651927,0.024527347,0.31055596,0.022577448,0.22367938,0.17117561,0.33808663,0.30132574
375316653866487564,4146138368432102016,0.5310975,2192.828379780179,0.8940858318506751,2.2641882E-5,18.990732,0.006109335,0.4371363,0.0065770117,0.034785546,0.00677944,0.94841427,0.62902814,0.73949707,0.02283819,0.0827373,0.014193988,0.08172745,0.013413885,null,null,null,null,"TWOGAUSSIANS",8,1.915772,0.4371463,0.0065541165,0.19479907,0.037964866,0.9485172,0.62901217,0.73949707,0.02283819,0.4,0.0,0.081727445,0.013413868
375316653866487564,4146138398496856320,0.4853112,2193.269697019246,2.0520345707607452,2.1142101E-5,19.414059,0.010845114,0.7393304,0.007919415,0.04749093,0.019655554,0.19941077,0.03984245,null,null,null,null,null,null,0.14327443,0.01889002,0.7393304,0.007919415,"ONEGAUSSIAN_WITH_ELLIPSOIDAL",6,6.496018,0.7393304,0.007919415,0.2659492,0.1100711,0.4859591,0.039815113,null,null,null,null,null,null
375316653866487564,4146138574611379456,0.55871487,2171.4908596944506,0.7423795370344829,1.2027673E-5,13.821153,0.015732892,0.21639629,0.0110137705,0.12203882,0.038382713,0.03309715,0.015146976,0.71893424,0.002859902,0.12616026,0.023212153,0.05246001,0.015293442,null,null,null,null,"TWOGAUSSIANS",8,5.449243,0.71894425,0.0028760068,0.4,0.0,0.041783806,0.0013059183,0.21635629,0.011058932,0.4,0.0,0.022446776,0.0017298495
375316653866487564,4146141117232281856,0.53889704,2196.152196809895,2.6188421842583587,1.2995766E-5,18.998507,0.027529152,0.2928745,0.012601608,0.09581221,0.013422812,0.30058733,0.03187278,0.80912805,0.0041488674,0.0923905,0.011174547,0.34379038,0.020754745,null,null,null,null,"TWOGAUSSIANS",8,2.273858,0.80912805,0.0041488674,0.4,0.0,0.32888356,0.014591943,0.2928745,0.012601608,0.4,0.0,0.28567994,0.029776175
375316653866487564,4146142148004443264,0.44547552,2226.868251557696,2.0048847561471694,2.142195E-4,16.454592,0.006219395,0.490543,0.024064975,0.058598284,0.02116408,0.033625644,0.009931921,0.8065161,0.046411876,0.071605906,0.020324921,0.19236101,0.04188278,null,null,null,null,"TWOGAUSSIANS",8,19.585365,0.8065161,0.046411876,0.4,0.016915133,0.19236086,0.04188282,0.490613,0.022005878,0.3281504,0.11851885,0.033636868,0.010515029
375316653866487564,4146143002703786880,0.588001,2201.6615835229713,0.18603492529789303,1.0367559E-6,14.767256,7.316176E-4,0.70750344,5.7075825E-4,0.013910284,0.0012026404,0.19691287,0.028170107,null,null,null,null,null,null,null,null,null,null,"ONEGAUSSIAN",5,8.99244,0.70750344,5.7075825E-4,0.07789759,0.006734786,0.19691287,0.0,null,null,null,null,null,null
375316653866487564,4146143586819499008,0.53610486,2145.575954181329,2.5118944788561937,1.580666E-5,17.889666,0.15746264,0.24555098,0.0053682076,0.114392385,0.037647933,0.19835351,0.14309244,0.7470059,0.006300449,0.12638375,0.061342984,0.18659142,0.14687313,null,null,null,null,"TWOGAUSSIANS",8,2.07574,0.24554098,0.0054317457,0.4,0.0,0.15467867,0.008655689,0.7470059,0.006321051,0.4,0.0,0.14279564,0.013687617
375316653866487564,4146144175232334080,0.5136318,2273.66554066515,0.5573068068753417,3.4370994E-5,19.614607,0.22909702,0.3573213,0.028483162,0.15272689,0.05034485,0.28208804,0.21713307,0.78516537,0.015881805,0.13024513,0.033604994,0.41256487,0.19473067,null,null,null,null,"TWOGAUSSIANS",8,0.86608523,0.78516537,0.015881805,0.4,0.0,0.33263004,0.0341315,0.3615613,0.021727644,0.4,0.0,0.1983215,0.03935636
375316653866487564,4146145618342380416,0.4886169,2412.4734899710566,1.632476276455712,6.953495E-5,19.465265,0.017732117,0.22603446,0.0063571488,0.058304455,0.0074330023,0.28433886,0.053892937,0.7013762,0.17709194,0.079692185,0.06690749,0.15840037,0.5143845,null,null,null,null,"TWOGAUSSIANS",8,1.9898114,0.22603446,0.0063571488,0.32650495,0.041624814,0.28404987,0.053873215,0.7013762,0.17709194,0.4,0.3096929,0.15811135,0.5147343
375316653866487564,4146145717122574848,0.6046337,2268.8311568825993,0.5649897384364538,5.0474213E-5,13.855775,0.0017885974,0.31105873,0.013237494,0.070640095,0.026214514,0.104886375,0.33371896,0.79801875,0.0038835143,0.05476064,0.0029397944,0.14749683,0.0015621877,null,null,null,null,"TWOGAUSSIANS",8,37.629436,0.79801875,0.0038835143,0.30665958,0.01646285,0.14744097,0.0015029605,0.31105873,0.013237494,0.39558452,0.116544396,0.1048305,0.33379793
375316653866487564,4146146683490925440,0.6326416,2237.0849334721865,2.4317452254607335,1.2313512E-5,17.404106,0.009921443,0.23520227,0.0010277516,0.042852774,0.0069699907,0.37155873,0.046757143,0.73211026,0.03127059,0.04940464,0.019521981,0.30337593,0.47358638,0.106332034,0.015941441,0.23520227,0.0010277516,"TWOGAUSSIANS_WITH_ELLIPSOIDAL_ON_ECLIPSE1",9,7.105434,0.23520227,0.0010277516,0.23997554,0.03903195,0.5842218,0.051080763,0.7324802,0.030904701,0.276666,0.10932309,0.51596826,0.47763318
375316653866487564,4146147744347467008,0.49298692,2231.195041534943,0.19176977454900845,1.5412412E-5,18.109514,0.010575585,0.26946598,0.020342242,0.13462597,0.041847076,0.08935323,0.037245862,0.85866994,0.0035214967,0.02023089,0.0070951544,0.1910795,0.107035995,null,null,null,null,"TWOGAUSSIANS",8,3.106802,0.85870993,0.0035475427,0.113292985,0.039732866,0.19174986,0.10695943,0.26946598,0.020342242,0.4,0.0,0.08916732,0.03786152
375316653866487564,4146147744351501696,0.69401556,2234.8226479505815,0.9503104112124735,3.536225E-5,18.831825,0.0034824158,0.22149144,0.006858303,0.040535334,0.01306741,1.2951123,9.583261,0.7389326,0.002508187,0.046940863,0.0015747474,1.1459005,0.030821804,null,null,null,null,"TWOGAUSSIANS",8,0.8517262,0.22149144,0.006858303,0.22699788,0.0731775,1.2951123,9.583261,0.7389326,0.002508187,0.26286885,0.008818585,1.1459005,0.030821802
375316653866487564,4146148087944966272,0.54503894,2217.40777709541,0.8261891257438255,1.3650308E-4,15.204078,0.0022369085,0.51668197,0.020356063,0.03344242,0.010148664,0.17431694,0.06764784,null,null,null,null,null,null,null,null,null,null,"ONEGAUSSIAN",5,24.8552,0.51668197,0.020356063,0.18727754,0.05683252,0.17431694,0.0,null,null,null,null,null,null
375316653866487564,4146148332758753664,0.5158895,2249.601429759996,0.8365296408161661,2.3035276E-5,17.059946,0.0044159237,0.24581738,0.027151383,0.021939337,0.016279982,0.07363982,0.040312495,0.7641622,0.008264961,0.05807247,0.023786075,0.015321327,0.004496416,null,null,null,null,"TWOGAUSSIANS",8,1.7263772,0.24581738,0.027151383,0.12286029,0.0911679,0.07363982,0.040311843,0.7641622,0.008264961,0.32520583,0.12077815,0.015321327,0.0044959784
