Gaia/vari_eclipsing_binary/VariEclipsingBinary_483660-483689.csv
# %ECSV 1.0
# ---
# delimiter: ','
# meta: !!omap
# - RELEASE: Gaia DR3
# - TABLE: vari_eclipsing_binary
# - DESCRIPTION: >
#     This table describes the properties of the eclipsing binaries resulting from the variability analysis. 
# - CITATION: >
#     How to cite and acknowledge Gaia: 
#     https://gea.esac.esa.int/archive/documentation/credits.html 
# - KNOWN_ISSUES: >
#     Known issues: 
#     https://www.cosmos.esa.int/web/gaia-users/known-issues 
# - DOCUMENTATION: >
#     Tutorials and documentation: 
#     https://www.cosmos.esa.int/web/gaia-users/archive 
# datatype:
# - 
#   name: solution_id
#   datatype: int64
#   description: Solution Identifier
#   meta:
#     ucd: meta.version
# - 
#   name: source_id
#   datatype: int64
#   description: Unique source identifier
#   meta:
#     ucd: meta.id;meta.main
# - 
#   name: global_ranking
#   datatype: float32
#   description: Number between 0 (worst) and 1 (best)
#   meta:
#     ucd: stat.param
# - 
#   name: reference_time
#   datatype: float64
#   unit: d
#   description: Reference time used for the geometric model fit
#   meta:
#     ucd: time.epoch
# - 
#   name: frequency
#   datatype: float64
#   unit: d**-1
#   description: Frequency of geometric model of the eclipsing binary light curve
#   meta:
#     ucd: src.orbital
# - 
#   name: frequency_error
#   datatype: float32
#   unit: d**-1
#   description: "Uncertainty of \\texttt{frequency}"
#   meta:
#     ucd: stat.error
# - 
#   name: geom_model_reference_level
#   datatype: float32
#   unit: mag
#   description: Magnitude reference level of geometric model
#   meta:
#     ucd: phot.mag;em.opt
# - 
#   name: geom_model_reference_level_error
#   datatype: float32
#   unit: mag
#   description: "Uncertainty of \\texttt{geomModelReferenceLevel}"
#   meta:
#     ucd: stat.error;phot.mag;em.opt
# - 
#   name: geom_model_gaussian1_phase
#   datatype: float32
#   description: Phase of the Gaussian 1 component
#   meta:
#     ucd: time.phase
# - 
#   name: geom_model_gaussian1_phase_error
#   datatype: float32
#   description: "Uncertainty of \\texttt{geomModelGaussian1Phase}"
#   meta:
#     ucd: stat.error;time.phase
# - 
#   name: geom_model_gaussian1_sigma
#   datatype: float32
#   description: "Standard deviation [phase] of Gaussian 1 component"
#   meta:
#     ucd: stat.stdev
# - 
#   name: geom_model_gaussian1_sigma_error
#   datatype: float32
#   description: "Uncertainty of \\texttt{geomModelGaussian1Sigma}"
#   meta:
#     ucd: stat.error
# - 
#   name: geom_model_gaussian1_depth
#   datatype: float32
#   unit: mag
#   description: Magnitude depth of Gaussian 1 component
#   meta:
#     ucd: src.var.amplitude
# - 
#   name: geom_model_gaussian1_depth_error
#   datatype: float32
#   unit: mag
#   description: "Uncertainty of \\texttt{geomModelGaussian1Depth}"
#   meta:
#     ucd: stat.error;src.var.amplitude
# - 
#   name: geom_model_gaussian2_phase
#   datatype: float32
#   description: Phase of Gaussian 2 component
#   meta:
#     ucd: time.phase
# - 
#   name: geom_model_gaussian2_phase_error
#   datatype: float32
#   description: "Uncertainty of \\texttt{geomModelGaussian2Phase}"
#   meta:
#     ucd: stat.error;time.phase
# - 
#   name: geom_model_gaussian2_sigma
#   datatype: float32
[...]
#   datatype: float32
#   description: "Secondary eclipse: uncertainty of \\texttt{derivedSecondaryEclDuration}"
#   meta:
#     ucd: stat.error;time.duration
# - 
#   name: derived_secondary_ecl_depth
#   datatype: float32
#   unit: mag
#   description: "Secondary eclipse: depth"
#   meta:
#     ucd: src.var.amplitude
# - 
#   name: derived_secondary_ecl_depth_error
#   datatype: float32
#   unit: mag
#   description: "Secondary eclipse: uncertainty of \\texttt{derivedSecondaryEclDepth}"
#   meta:
#     ucd: stat.error;src.var.amplitude
solution_id,source_id,global_ranking,reference_time,frequency,frequency_error,geom_model_reference_level,geom_model_reference_level_error,geom_model_gaussian1_phase,geom_model_gaussian1_phase_error,geom_model_gaussian1_sigma,geom_model_gaussian1_sigma_error,geom_model_gaussian1_depth,geom_model_gaussian1_depth_error,geom_model_gaussian2_phase,geom_model_gaussian2_phase_error,geom_model_gaussian2_sigma,geom_model_gaussian2_sigma_error,geom_model_gaussian2_depth,geom_model_gaussian2_depth_error,geom_model_cosine_half_period_amplitude,geom_model_cosine_half_period_amplitude_error,geom_model_cosine_half_period_phase,geom_model_cosine_half_period_phase_error,model_type,num_model_parameters,reduced_chi2,derived_primary_ecl_phase,derived_primary_ecl_phase_error,derived_primary_ecl_duration,derived_primary_ecl_duration_error,derived_primary_ecl_depth,derived_primary_ecl_depth_error,derived_secondary_ecl_phase,derived_secondary_ecl_phase_error,derived_secondary_ecl_duration,derived_secondary_ecl_duration_error,derived_secondary_ecl_depth,derived_secondary_ecl_depth_error
[from data line 151]
375316653866487564,4254377896551140608,0.5789595,2231.1557277316606,2.9558470900389056,6.036898E-5,17.969322,0.017030694,0.31532243,0.006620643,0.07184654,0.0075835222,0.47292247,0.019716034,0.8214903,0.0022538288,0.07298256,0.00496927,0.38294366,0.014792451,null,null,null,null,"TWOGAUSSIANS",8,8.82087,0.31532243,0.006620643,0.4,0.008956507,0.47102973,0.019216236,0.8214903,0.0022538288,0.4,0.0074911406,0.3810509,0.013746696
375316653866487564,4254378038319612416,0.5729516,2245.9557426380566,1.9163906046010228,2.193492E-5,16.881346,0.020439968,0.3224193,0.0037920314,0.0939623,0.019117054,0.29382017,0.04234631,0.82170117,0.004864788,0.09670948,0.009590363,0.26529574,0.021835018,null,null,null,null,"TWOGAUSSIANS",8,8.826882,0.3224193,0.0037920314,0.4,0.0,0.2760826,0.057997826,0.82170117,0.004864788,0.4,0.0,0.24755777,0.014833102
375316653866487564,4254379618867274112,0.61164266,2161.7755981471414,1.9162442957456938,7.582662E-6,17.308453,0.0074934834,0.31979543,0.0027511485,0.050419573,0.0059778397,0.2243339,0.019312922,0.8248115,0.0017212501,0.03849528,0.0057041124,0.13616891,0.021425309,0.09414404,0.01358708,0.31979543,0.0027511485,"TWOGAUSSIANS_WITH_ELLIPSOIDAL_ON_ECLIPSE1",9,4.8272977,0.31979543,0.0027511485,0.28234962,0.033475902,0.41262054,0.012233742,0.8248115,0.0017212501,0.21557356,0.031943027,0.32426858,0.013806089
375316653866487564,4254379996830182272,0.50466484,2229.8159361584944,0.4155075477516869,2.5776262E-5,18.131008,0.017106697,0.49780545,0.024811836,0.0464093,0.020675398,1.199841,0.74637073,0.9062312,0.009220584,0.04998887,0.0176567,0.058968343,0.017080083,null,null,null,null,"TWOGAUSSIANS",8,1.2490377,0.49780545,0.024811836,0.2598921,0.11578223,1.199841,0.7463723,0.9062312,0.009220584,0.27993768,0.09887753,0.05896834,0.017079262
375316653866487564,4254380271668818048,0.50533736,2172.5641451109154,1.5990215415273215,6.942069E-5,18.56287,0.016227838,0.4703436,0.024196312,0.016503187,0.024401374,0.99156064,0.91556877,0.8011305,0.006639899,0.043649457,0.01387608,0.06991044,0.018854221,null,null,null,null,"TWOGAUSSIANS",8,16.243786,0.4703436,0.024196312,0.09241784,0.1366477,0.99156064,0.91556877,0.8011305,0.006639899,0.24443695,0.07770605,0.06991044,0.018854221
375316653866487564,4254380855817624064,0.58347225,2178.7736221365058,1.473420382012637,9.256153E-6,15.3962,0.0050864033,0.307946,0.002877027,0.08645478,0.006887034,0.16707371,0.0056809457,0.8093629,0.02700568,0.075933054,0.018288685,0.13769808,0.010139405,null,null,null,null,"TWOGAUSSIANS",8,14.026035,0.307946,0.002877027,0.4,0.0,0.16448316,0.0063212523,0.8093629,0.02700568,0.4,0.05874628,0.13510755,0.0077850805
375316653866487564,4254381096302806784,0.5432436,2197.1016822586776,4.095987912863671,3.2907286E-5,19.695854,0.012800773,0.24244489,0.0035864683,0.0759787,0.005642873,0.39904332,0.014985613,0.75917935,0.009812598,0.091876864,0.008204907,0.43018672,0.02561395,null,null,null,null,"TWOGAUSSIANS",8,1.3798778,0.75917935,0.009812598,0.4,0.0,0.42294145,0.026953645,0.24244489,0.0035864683,0.4,0.0,0.39179856,0.015042433
375316653866487564,4254381199415029632,0.48435757,2192.3768654027394,1.1219673936404213,1.9275448E-4,19.799809,0.019084515,0.29647177,0.084094815,0.042318042,0.08776694,0.51737,0.43419558,null,null,null,null,null,null,null,null,null,null,"ONEGAUSSIAN",5,1.850419,0.29647177,0.084094815,0.23698105,0.15729514,0.51737,0.0,null,null,null,null,null,null
375316653866487564,4254381607401050880,0.54597825,2238.137386180305,0.09869775365665728,1.544924E-5,17.050777,0.0077249403,0.29753968,0.02217303,0.02704162,0.009283677,0.38207343,0.1742589,0.9329178,0.014316038,0.022072172,0.009768683,0.08501722,0.072181106,0.012584693,0.011298172,0.29753968,0.02217303,"TWOGAUSSIANS_WITH_ELLIPSOIDAL_ON_ECLIPSE1",9,34.76122,0.29753968,0.02217303,0.15143308,0.051988587,0.40724283,0.1574109,0.9329178,0.014316038,0.123604156,0.054704625,0.09596532,0.073716454
375316653866487564,4254382642524011392,0.49102697,2206.166978898858,1.9225504319879971,1.3390224E-4,16.531044,0.015412174,0.27645296,0.012374019,0.06382314,0.008934563,0.2540419,0.032570377,0.768675,0.0030277437,0.040903345,0.005615893,0.3280742,0.061083935,null,null,null,null,"TWOGAUSSIANS",8,92.93788,0.768675,0.0030277437,0.22905873,0.031448998,0.3280699,0.06109133,0.27645296,0.012374019,0.3574096,0.05003355,0.25403762,0.03256693
375316653866487564,4254383982553848320,0.6043709,2132.7496356746724,2.18675260863413,1.22202055E-5,17.589725,0.008535395,0.25205395,0.011829474,0.08460762,0.010772145,0.35363853,0.028606178,0.7517387,0.0026343015,0.081903316,0.0037406692,0.2684679,0.00948043,null,null,null,null,"TWOGAUSSIANS",8,2.7642488,0.25205395,0.011829474,0.4,0.0,0.34688053,0.030772528,0.7517387,0.0026343015,0.4,0.0,0.2617099,0.007235341
375316653866487564,4254384566669498240,0.5447994,2194.8622877319794,1.6982487031684423,2.3849387E-5,17.076805,0.15719095,0.29655054,0.0140430825,0.17344841,0.13356838,0.105970226,0.15544741,0.7701452,0.0072958996,0.10956642,0.02192041,0.17581588,0.084926,null,null,null,null,"TWOGAUSSIANS",8,3.7976477,0.7701452,0.0072958996,0.4,0.0,0.13662164,0.010496688,0.29670054,0.013900914,0.4,0.0,0.063185394,0.010254468
375316653866487564,4254386314688622208,0.42874327,2205.168654996552,0.21585434366539272,2.4028359E-5,17.889084,0.009172909,0.34472045,0.016816033,0.1515863,0.028338986,0.1114884,0.015444075,0.7985088,0.0011793481,0.018976001,0.0023986164,0.06688061,0.007082807,null,null,null,null,"TWOGAUSSIANS",8,2.873502,0.34472045,0.016816033,0.4,0.0,0.11033059,0.015815422,0.7985088,0.0011793481,0.106265604,0.013432252,0.067154296,0.007206299
375316653866487564,4254387178009619200,0.624172,2176.0706287122757,1.2360792035079617,1.7663357E-5,16.600801,0.009042378,0.26507273,0.0062263645,0.09058964,0.008933056,0.2240414,0.010530271,0.77325064,0.0055565652,0.09249484,0.008399313,0.15471238,0.009547304,null,null,null,null,"TWOGAUSSIANS",8,4.0268197,0.26507273,0.0062263645,0.4,0.0,0.21617223,0.0070514916,0.77325064,0.0055565652,0.4,0.0,0.14684318,0.006758337
375316653866487564,4254387414199030144,0.5563514,2168.2357755746393,2.284013771047094,1.5273206E-5,18.092546,0.023068186,0.19769552,0.032486625,0.08971021,0.026492296,0.24589416,0.038061094,0.6988872,0.007420458,0.08474033,0.010894811,0.23912552,0.021690292,null,null,null,null,"TWOGAUSSIANS",8,2.7225688,0.19769552,0.032486625,0.4,0.0,0.23807023,0.026437778,0.6988872,0.007420458,0.4,0.0,0.23130167,0.012889848
375316653866487564,4254387929595117568,0.5393148,2163.144971776404,2.70590246386301,2.3589399E-5,17.924828,0.009837846,0.32398123,0.004488764,0.088461876,0.012599777,0.1854335,0.01628242,0.8246245,0.0039049415,0.09138969,0.00854439,0.17558871,0.011535495,null,null,null,null,"TWOGAUSSIANS",8,2.1563685,0.32398123,0.004488764,0.4,0.0,0.17794386,0.020515103,0.8246245,0.0039049415,0.4,0.0,0.168099,0.011800034
375316653866487564,4254387998312794752,0.56287193,2139.65738231502,1.3586211031466764,2.1296693E-5,17.64158,0.004517212,0.3419752,0.0033827065,0.044116315,0.007086232,0.23653184,0.0389313,0.84080416,0.007566698,0.044914797,0.024218205,0.101885594,0.085193865,null,null,null,null,"TWOGAUSSIANS",8,3.302288,0.3419752,0.0033827065,0.24705136,0.0396829,0.2365318,0.038931377,0.84080416,0.007566698,0.25152287,0.13562195,0.10188556,0.085193954
375316653866487564,4254389102156030208,0.6077915,2210.847743709683,1.7121795793111942,1.0352165E-5,18.101881,0.026525583,0.28889534,0.002581361,0.047817346,0.00616329,0.52484155,0.053596616,0.80495137,0.019993814,0.05475017,0.013872932,0.5095817,0.12010389,0.10119245,0.0340015,0.28889534,0.002581361,"TWOGAUSSIANS_WITH_ELLIPSOIDAL_ON_ECLIPSE1",9,7.9684596,0.28889534,0.002581361,0.26777714,0.034514423,0.72722113,0.040362794,0.80495137,0.019993814,0.30660096,0.07768842,0.7099085,0.12687229
375316653866487564,4254389102161165824,0.48970753,2247.668013263518,2.0881528977085186,1.7948708E-4,18.402613,0.009769098,0.25513294,0.081022464,0.03661854,0.024730606,0.52294785,0.47809464,0.74637467,0.06467,0.0881134,0.07713126,0.045901638,0.054010503,null,null,null,null,"TWOGAUSSIANS",8,2.5220594,0.25513294,0.081031635,0.2050638,0.13849139,0.5229086,0.4780514,0.74637467,0.06467,0.4,0.0,0.045862425,0.05419253
375316653866487564,4254389411393609728,0.5863583,2206.7017356143233,2.4330457146754987,1.0189889E-5,18.493183,0.022491368,0.21579672,0.0042532478,0.08796385,0.009036065,0.3680869,0.021979036,0.72300506,0.0031201637,0.08027842,0.007011837,0.3517953,0.023822002,null,null,null,null,"TWOGAUSSIANS",8,1.5445542,0.21579672,0.0042532478,0.4,0.0,0.36043882,0.019733476,0.72300506,0.0031201637,0.4,0.0,0.34414724,0.020594718
375316653866487564,4254389445725028736,0.51426077,2149.725468560007,2.476584547250145,2.9479206E-5,19.200808,0.013998566,0.20393743,0.00906789,0.08099772,0.014753951,0.19001865,0.01232051,0.7728768,0.014076137,0.0602526,0.0114506455,0.21039592,0.027430618,null,null,null,null,"TWOGAUSSIANS",8,2.563682,0.7728768,0.014076137,0.33741456,0.064123616,0.21027844,0.027343705,0.20393743,0.00906789,0.4,0.0023296145,0.18990104,0.012192647
375316653866487564,4254389647578672384,0.5637091,2226.115274356718,0.42600628189223727,1.1213433E-4,18.329575,0.012427936,0.25373068,0.01674511,0.031958535,0.02654943,0.052342374,0.023899365,0.8997167,3.6983454E-4,0.009684248,4.1752474E-4,0.60457575,0.019151349,null,null,null,null,"TWOGAUSSIANS",8,11.376655,0.8997167,3.6983454E-4,0.05423179,0.0023381386,0.60457575,0.01915135,0.25373068,0.01674511,0.1789678,0.14867681,0.052342374,0.023899365
375316653866487564,4254389991181215360,0.57438636,2192.874042343164,3.6762630426559846,4.0077615E-5,18.52579,0.012968436,0.24949111,0.0077992124,0.07691274,0.006598621,0.42272234,0.022250222,0.7451876,0.010539314,0.07741954,0.01561912,0.3583119,0.03649283,null,null,null,null,"TWOGAUSSIANS",8,3.38161,0.24949111,0.0077992124,0.4,0.0,0.41898718,0.020941954,0.7451876,0.010539314,0.4,0.0,0.3545767,0.040076572
375316653866487564,4254389995481454848,0.53444403,2117.8109738795556,0.6288315832098949,3.099965E-5,19.124554,0.010472147,0.29968998,0.0053966576,0.03338166,0.0077932416,0.40382197,0.12366321,0.71195346,0.012772989,0.049280904,0.015494978,0.05878676,0.01853375,null,null,null,null,"TWOGAUSSIANS",8,1.4490687,0.29968998,0.0053966576,0.1869373,0.043642152,0.40382197,0.12366321,0.71195346,0.012772989,0.27597308,0.086771876,0.05878676,0.01853375
375316653866487564,4254391537364298880,0.5085597,2199.868760608048,0.850359220919071,3.079858E-4,17.961246,0.0058710095,0.7859586,0.02299268,0.034111623,0.037409127,1.528378,1.719166,null,null,null,null,null,null,null,null,null,null,"ONEGAUSSIAN",5,3.9898152,0.7859586,0.02299268,0.1910251,0.2094911,1.528378,0.0,null,null,null,null,null,null
375316653866487564,4254392331943915520,0.55403656,2130.3524685842617,3.499464690417109,2.965109E-5,19.17696,0.017652668,0.28959745,0.008642271,0.077005215,0.010697129,0.26108932,0.024800515,0.80300903,0.02133855,0.074809074,0.021459011,0.26898265,0.13584104,null,null,null,null,"TWOGAUSSIANS",8,0.9205467,0.80300903,0.02133855,0.4,0.09113411,0.26724213,0.13678586,0.28959745,0.008642271,0.4,0.004822493,0.2593488,0.023411235
375316653866487564,4254393878159794688,0.61170954,2219.407576989167,3.9168259750220007,7.481489E-6,16.889057,0.032871448,0.24249555,0.00601174,0.055138335,0.013872109,0.38031924,0.1288753,0.74646556,0.0019869672,0.055194367,0.008721154,0.4535394,0.053725235,0.09218997,0.0386711,0.74646556,0.0019869672,"TWOGAUSSIANS_WITH_ELLIPSOIDAL_ON_ECLIPSE2",9,19.406242,0.74646556,0.0019869672,0.30908847,0.048838463,0.63789403,0.048055228,0.24290554,0.0054284995,0.30877468,0.077683814,0.5645711,0.13900633
375316653866487564,4254394427915723008,0.5328248,2192.902826925116,3.4274980682472065,2.5796873E-5,18.201982,0.011725919,0.29731077,0.0061555854,0.08462612,0.010475446,0.14565891,0.010461852,0.7876422,0.005796768,0.079944015,0.008503496,0.16837898,0.013993366,null,null,null,null,"TWOGAUSSIANS",8,1.687828,0.7876422,0.005796768,0.4,0.0,0.16579783,0.012065223,0.29731077,0.0061555854,0.4,0.0,0.14307775,0.008555123
375316653866487564,4254394737153413760,0.5051937,2215.8486491122144,2.330574761751307,2.2555236E-5,12.4198065,0.40744993,0.22791569,0.017850231,0.2644045,0.27016586,0.21972522,0.4004921,0.72357345,0.006545796,0.120905034,0.031156436,0.22069284,0.14718975,null,null,null,null,"TWOGAUSSIANS",8,293.78052,0.72357345,0.0063053877,0.4,0.0,0.12576568,0.0087486,0.22805569,0.018006846,0.4,0.0,0.051686745,0.010817199
375316653866487564,4254395527400063104,0.6639725,2195.200455246144,2.386268914340042,7.086624E-6,17.904152,0.016822593,0.23142184,0.0017980557,0.04894349,0.00404322,0.44416577,0.036421,0.737347,0.00863929,0.05258886,0.010162264,0.43308526,0.06610671,0.11376254,0.025156291,0.23142184,0.0017980557,"TWOGAUSSIANS_WITH_ELLIPSOIDAL_ON_ECLIPSE1",9,3.4829085,0.23142184,0.0017980557,0.27408355,0.022642033,0.6716867,0.026677899,0.737347,0.008472033,0.29449764,0.05690868,0.660291,0.0617586
375316653866487564,4254395596147562752,0.64400876,2255.762382760291,1.4272844082276732,7.2478397E-6,16.077814,0.0084854,0.25912032,0.010443591,0.08292394,0.008021071,0.26470146,0.021190988,0.7605292,0.0030074932,0.09248083,0.0052073514,0.22889148,0.00839879,null,null,null,null,"TWOGAUSSIANS",8,6.141019,0.25912032,0.010443591,0.4,0.0,0.25648007,0.018723963,0.7605292,0.0030074932,0.4,0.0,0.2206699,0.0057590413
375316653866487564,4254396936176675200,0.5587729,2225.9211840688713,0.7634550874143375,1.1351272E-5,15.612262,0.0011528053,0.115597405,0.014240027,0.043956313,0.012884708,0.057492852,0.022417841,0.6428785,0.0021918633,0.0354748,0.0017591134,0.05547072,0.0017586646,null,null,null,null,"TWOGAUSSIANS",8,2.3094816,0.115597405,0.014240027,0.24615537,0.072154365,0.057492852,0.02241785,0.6428785,0.0021918633,0.19865888,0.009851036,0.05547072,0.0017586626
375316653866487564,4254397348493516928,0.61306155,2204.398807384786,1.364082016770581,6.798379E-6,15.6417265,0.0044808555,0.2157252,0.001274902,0.08300164,0.0024766447,0.30542988,0.009494623,0.7226711,0.0035219018,0.08833206,0.0032456233,0.24209481,0.008882599,null,null,null,null,"TWOGAUSSIANS",8,12.183296,0.2157252,0.001274902,0.4,0.0,0.2986367,0.009970579,0.7226711,0.0035219018,0.4,0.0,0.23530158,0.008760245
375316653866487564,4254397589011366656,0.56753916,2185.338050790173,3.6768486036047734,1.01832375E-5,17.3788,0.025387136,0.19024198,0.008772166,0.09508126,0.01735636,0.34864178,0.05438434,0.6966424,0.0018939687,0.072164126,0.00495812,0.47833946,0.022789832,null,null,null,null,"TWOGAUSSIANS",8,14.608706,0.6966424,0.0018939687,0.4,0.006353502,0.47029537,0.015050401,0.19024198,0.008772166,0.4,0.0,0.34059697,0.060435224
375316653866487564,4254397653397748352,0.54071903,2233.201259845722,4.534251860343866,1.665139E-5,18.14479,0.01820703,0.4698625,0.014978765,0.08317982,0.031081462,0.10141339,0.08578435,0.78691167,0.009358837,0.05101955,0.0073381946,0.57164097,0.2162377,null,null,null,null,"TWOGAUSSIANS",8,5.63167,0.78691167,0.009358837,0.28570947,0.04109389,0.57171106,0.21616262,0.4698625,0.014978765,0.4,0.04003495,0.10141251,0.08578692
375316653866487564,4254397657730823168,0.49206543,2188.1086018592864,0.2812017807440929,4.5501118E-5,17.379501,0.030290518,0.24038664,0.011511337,0.12032829,0.0736125,0.07569391,0.020275366,0.6957091,0.019978223,0.081225656,0.025940469,0.14293577,0.026773492,null,null,null,null,"TWOGAUSSIANS",8,7.8286285,0.6957091,0.019978223,0.4,0.02332912,0.13811252,0.021537066,0.24038664,0.011510202,0.4,0.0,0.070809126,0.022096146
