Gaia/vari_eclipsing_binary/VariEclipsingBinary_464059-464123.csv
# %ECSV 1.0
# ---
# delimiter: ','
# meta: !!omap
# - RELEASE: Gaia DR3
# - TABLE: vari_eclipsing_binary
# - DESCRIPTION: >
#     This table describes the properties of the eclipsing binaries resulting from the variability analysis. 
# - CITATION: >
#     How to cite and acknowledge Gaia: 
#     https://gea.esac.esa.int/archive/documentation/credits.html 
# - KNOWN_ISSUES: >
#     Known issues: 
#     https://www.cosmos.esa.int/web/gaia-users/known-issues 
# - DOCUMENTATION: >
#     Tutorials and documentation: 
#     https://www.cosmos.esa.int/web/gaia-users/archive 
# datatype:
# - 
#   name: solution_id
#   datatype: int64
#   description: Solution Identifier
#   meta:
#     ucd: meta.version
# - 
#   name: source_id
#   datatype: int64
#   description: Unique source identifier
#   meta:
#     ucd: meta.id;meta.main
# - 
#   name: global_ranking
#   datatype: float32
#   description: Number between 0 (worst) and 1 (best)
#   meta:
#     ucd: stat.param
# - 
#   name: reference_time
#   datatype: float64
#   unit: d
#   description: Reference time used for the geometric model fit
#   meta:
#     ucd: time.epoch
# - 
#   name: frequency
#   datatype: float64
#   unit: d**-1
#   description: Frequency of geometric model of the eclipsing binary light curve
#   meta:
#     ucd: src.orbital
# - 
#   name: frequency_error
#   datatype: float32
#   unit: d**-1
#   description: "Uncertainty of \\texttt{frequency}"
#   meta:
#     ucd: stat.error
# - 
#   name: geom_model_reference_level
#   datatype: float32
#   unit: mag
#   description: Magnitude reference level of geometric model
#   meta:
#     ucd: phot.mag;em.opt
# - 
#   name: geom_model_reference_level_error
#   datatype: float32
#   unit: mag
#   description: "Uncertainty of \\texttt{geomModelReferenceLevel}"
#   meta:
#     ucd: stat.error;phot.mag;em.opt
# - 
#   name: geom_model_gaussian1_phase
#   datatype: float32
#   description: Phase of the Gaussian 1 component
#   meta:
#     ucd: time.phase
# - 
#   name: geom_model_gaussian1_phase_error
#   datatype: float32
#   description: "Uncertainty of \\texttt{geomModelGaussian1Phase}"
#   meta:
#     ucd: stat.error;time.phase
# - 
#   name: geom_model_gaussian1_sigma
#   datatype: float32
#   description: "Standard deviation [phase] of Gaussian 1 component"
#   meta:
#     ucd: stat.stdev
# - 
#   name: geom_model_gaussian1_sigma_error
#   datatype: float32
#   description: "Uncertainty of \\texttt{geomModelGaussian1Sigma}"
#   meta:
#     ucd: stat.error
# - 
#   name: geom_model_gaussian1_depth
#   datatype: float32
#   unit: mag
#   description: Magnitude depth of Gaussian 1 component
#   meta:
#     ucd: src.var.amplitude
# - 
#   name: geom_model_gaussian1_depth_error
#   datatype: float32
#   unit: mag
#   description: "Uncertainty of \\texttt{geomModelGaussian1Depth}"
#   meta:
#     ucd: stat.error;src.var.amplitude
# - 
#   name: geom_model_gaussian2_phase
#   datatype: float32
#   description: Phase of Gaussian 2 component
#   meta:
#     ucd: time.phase
# - 
#   name: geom_model_gaussian2_phase_error
#   datatype: float32
#   description: "Uncertainty of \\texttt{geomModelGaussian2Phase}"
#   meta:
#     ucd: stat.error;time.phase
# - 
#   name: geom_model_gaussian2_sigma
#   datatype: float32
[...]
#   datatype: float32
#   description: "Secondary eclipse: uncertainty of \\texttt{derivedSecondaryEclDuration}"
#   meta:
#     ucd: stat.error;time.duration
# - 
#   name: derived_secondary_ecl_depth
#   datatype: float32
#   unit: mag
#   description: "Secondary eclipse: depth"
#   meta:
#     ucd: src.var.amplitude
# - 
#   name: derived_secondary_ecl_depth_error
#   datatype: float32
#   unit: mag
#   description: "Secondary eclipse: uncertainty of \\texttt{derivedSecondaryEclDepth}"
#   meta:
#     ucd: stat.error;src.var.amplitude
solution_id,source_id,global_ranking,reference_time,frequency,frequency_error,geom_model_reference_level,geom_model_reference_level_error,geom_model_gaussian1_phase,geom_model_gaussian1_phase_error,geom_model_gaussian1_sigma,geom_model_gaussian1_sigma_error,geom_model_gaussian1_depth,geom_model_gaussian1_depth_error,geom_model_gaussian2_phase,geom_model_gaussian2_phase_error,geom_model_gaussian2_sigma,geom_model_gaussian2_sigma_error,geom_model_gaussian2_depth,geom_model_gaussian2_depth_error,geom_model_cosine_half_period_amplitude,geom_model_cosine_half_period_amplitude_error,geom_model_cosine_half_period_phase,geom_model_cosine_half_period_phase_error,model_type,num_model_parameters,reduced_chi2,derived_primary_ecl_phase,derived_primary_ecl_phase_error,derived_primary_ecl_duration,derived_primary_ecl_duration_error,derived_primary_ecl_depth,derived_primary_ecl_depth_error,derived_secondary_ecl_phase,derived_secondary_ecl_phase_error,derived_secondary_ecl_duration,derived_secondary_ecl_duration_error,derived_secondary_ecl_depth,derived_secondary_ecl_depth_error
[from data line 150]
375316653866487564,4082060583129165312,0.58178586,2247.405654937706,0.1957965865628686,1.8849105E-5,13.104546,0.014874244,0.29124817,0.018507212,0.103086375,0.018737385,0.114021726,0.036173522,0.77125645,0.015502855,0.09943171,0.018084174,0.14400539,0.015264168,null,null,null,null,"TWOGAUSSIANS",8,39.606342,0.77125645,0.015502855,0.4,0.0,0.13455789,0.010269685,0.29124817,0.018501736,0.4,0.0,0.10457306,0.033838276
375316653866487564,4082060681902510080,0.56326056,2223.0367904927202,0.282671277690977,4.1702297E-5,17.970428,0.0036975788,0.1105062,0.0037064804,0.029320428,0.005370644,0.029319968,0.0043085455,0.75229317,0.0092645595,0.074819,0.00737876,0.43023604,0.093189985,null,null,null,null,"TWOGAUSSIANS",8,1.5771126,0.75229317,0.0092645595,0.4,0.0,0.43023604,0.09318999,0.1104962,0.0037074334,0.16419439,0.030075604,0.029324498,0.004315974
375316653866487564,4082061437812264960,0.6359384,2223.3399358528854,4.138188767096991,9.278433E-6,17.376415,0.004207528,0.29419038,1.0044935E-4,0.02113841,3.9883787E-4,0.2359317,0.008479203,0.7648807,0.0019305308,0.03179311,0.004094088,0.33273223,0.0340632,0.13201474,0.00595118,0.7648807,0.0019305308,"TWOGAUSSIANS_WITH_ELLIPSOIDAL_ON_ECLIPSE2",9,6.5646567,0.7648807,0.0019305308,0.17804143,0.022926893,0.59676147,0.03642423,0.29310036,2.7542863E-5,0.118375085,0.002233492,0.4914334,0.0048614386
375316653866487564,4082061717000535680,0.5216586,2212.838210229881,2.6667052209159934,1.672131E-5,18.742592,0.03238279,0.18146332,0.032247405,0.052014753,0.028199013,0.21802321,0.051228672,0.6898805,0.041988097,0.05350625,0.03631172,0.2927373,0.050375704,null,null,null,null,"TWOGAUSSIANS",8,4.5538692,0.6898805,0.041988097,0.299635,0.097376056,0.29273272,0.04480441,0.18146332,0.032247405,0.29128262,0.11330998,0.2180186,0.04578855
375316653866487564,4082063847299229184,0.44964322,2309.9808086881417,1.3314293836457385,1.1360565E-5,19.647635,0.016677395,0.79817903,0.004669258,0.069753364,0.008158718,0.7974847,0.222999,null,null,null,null,null,null,null,null,null,null,"ONEGAUSSIAN",5,5.870779,0.79817903,0.004669258,0.39061886,0.031161398,0.7974847,0.0,null,null,null,null,null,null
375316653866487564,4082065290405522816,0.5256622,2267.9993742925103,2.49822014191823,3.9291772E-5,19.135902,0.02247026,0.34757113,0.020416178,0.04727901,0.009810792,0.42198035,0.115045555,0.796601,0.12166048,0.12221407,0.15771076,0.04666713,2.327749,null,null,null,null,"TWOGAUSSIANS",8,2.9782236,0.34758112,0.020405082,0.26476246,0.054940436,0.42131433,0.11490941,0.796601,0.12166048,0.4,0.25039968,0.045944642,2.3292682
375316653866487564,4082065698424891904,0.4944805,2247.2833630303885,0.22222635564668572,4.629262E-5,18.486809,0.080429785,0.20609738,0.013377388,0.11255334,0.076686315,0.103670515,0.07668299,0.7090389,0.0057738675,0.0946372,0.028160004,0.18362938,0.06257467,null,null,null,null,"TWOGAUSSIANS",8,1.6251165,0.7090389,0.005775174,0.4,0.0,0.16974336,0.040386308,0.20609738,0.013422219,0.4,0.0,0.089774005,0.005872197
375316653866487564,4082066385630178304,0.55716413,2239.2336771678797,0.3873027002317604,7.5062026E-6,18.687975,0.0030898822,0.22473629,9.091439E-4,0.04049149,0.0021134585,0.0949526,0.0035405646,0.8281772,4.3240868E-4,0.019276945,4.14516E-4,0.37639025,0.005430443,null,null,null,null,"TWOGAUSSIANS",8,1.1942654,0.8281772,4.3240868E-4,0.10795089,0.0023212894,0.37639025,0.005430443,0.22473629,9.091439E-4,0.22675236,0.011835367,0.0949526,0.0035405646
375316653866487564,4082066729227568384,0.51840395,2266.847766727019,3.5979836183503284,2.4149238E-5,19.584076,0.035380386,0.2290713,0.0052224374,0.07741189,0.009270055,0.58472127,0.04653044,0.74514323,0.014468764,0.09298749,0.03125864,0.41520494,0.23642868,null,null,null,null,"TWOGAUSSIANS",8,3.7120461,0.2290713,0.0052224374,0.4,0.0,0.5749166,0.041747104,0.74514323,0.014468764,0.4,0.03391565,0.40539962,0.24475779
375316653866487564,4082066939680891264,0.625068,2219.096418794604,1.326722999620072,6.1030846E-6,15.552084,0.004180467,0.27279246,0.012174017,0.027209824,0.031918142,0.040211406,3.55520741E11,0.75953084,6.754974E-4,0.040249,0.001046979,0.3443075,0.009592905,0.011758332,0.005567901,0.27279246,0.012174017,"TWOGAUSSIANS_WITH_ELLIPSOIDAL_ON_ECLIPSE1",9,22.69162,0.7596408,6.2893116E-4,0.22539441,0.0058630826,0.3676626,0.008172268,0.27279246,0.012174017,0.15237501,0.1787416,0.06372802,3.55520741E11
375316653866487564,4082068485870381952,0.5674988,2194.8381136908174,0.3733269101485994,7.49975E-5,19.73686,0.004952727,0.3167948,0.03318482,0.08517568,0.018464832,0.2386218,0.02760911,0.5112637,0.036209118,0.046713825,0.029117158,0.27374935,0.05810228,null,null,null,null,"TWOGAUSSIANS",8,0.55792165,0.5112637,0.036209118,0.26159742,0.13760294,0.29135975,0.04615993,0.3169248,0.019723939,0.4,0.02354309,0.23866928,0.015320335
375316653866487564,4082068653364052352,0.45548776,2228.2913151439498,0.6338988874392895,9.0101974E-5,17.143461,0.011710274,0.207352,0.01236914,0.07070168,0.044765513,0.07067945,0.022273388,0.7303202,0.008706143,0.075934656,0.02748102,0.041586854,0.012816959,null,null,null,null,"TWOGAUSSIANS",8,5.1998353,0.207352,0.01236914,0.3959294,0.08254259,0.07049446,0.025701769,0.7303202,0.0087141115,0.4,0.025755962,0.041401867,0.010488383
375316653866487564,4082071337728684800,0.50763243,2263.9051535777394,0.41074216708443223,1.3103081E-4,17.826311,0.18523587,0.43897372,0.029524256,0.20968568,0.074564904,0.42556626,0.18239827,0.8908072,0.032828167,0.08921896,0.029905265,0.15920529,0.07561413,null,null,null,null,"TWOGAUSSIANS",8,3.7122345,0.43897372,0.02951846,0.4,0.0,0.3110365,0.023084927,0.8908072,0.032828167,0.4,0.031093322,0.1003817,0.015035977
375316653866487564,4082074082201036672,0.50671107,2220.9517551104163,0.18670967643434816,3.5762547E-5,19.384129,0.10622972,0.367309,0.019290166,0.22062233,0.089512736,0.21054462,0.09677736,0.83469176,0.002790816,0.056780595,0.007447335,0.2799124,0.036568243,null,null,null,null,"TWOGAUSSIANS",8,0.93282074,0.83469176,0.002790816,0.31797135,0.041705076,0.25431564,0.032283388,0.367309,0.019290166,0.4,0.0,0.15121402,0.019857617
375316653866487564,4082076556102574848,0.46023712,2192.0806318492128,1.4101748815375403,5.6449884E-5,17.972342,0.011787966,0.29450294,0.0059195096,0.041995477,0.0077508595,0.11565129,0.020386193,0.6560651,0.020447005,0.11828071,0.016201204,0.19198366,0.027351923,null,null,null,null,"TWOGAUSSIANS",8,3.708579,0.6560651,0.020447005,0.4,0.0,0.19186942,0.027398225,0.29522294,0.005654641,0.23517467,0.043404814,0.11734946,0.021103738
375316653866487564,4082077213243099136,0.66368926,2192.4603764044596,1.8793674193956513,8.788429E-6,13.757781,0.011270864,0.29305875,0.0027417704,0.04169329,0.030052982,0.06983984,29.071594,0.7921912,0.012004992,0.057810087,0.014417313,0.083428115,0.02306654,0.08867535,0.011959003,0.29305875,0.0027417704,"TWOGAUSSIANS_WITH_ELLIPSOIDAL_ON_ECLIPSE1",9,15.839823,0.7925012,0.007951554,0.3237365,0.08073695,0.26076865,0.009151904,0.29305875,0.0027417704,0.2334824,0.1682967,0.24718374,29.073029
375316653866487564,4082078102300922368,0.49445927,2257.3044930263727,0.18416557630218366,2.7099737E-5,19.14523,0.014315992,0.16795605,0.012549127,0.070793696,0.015953923,0.12653698,0.014751345,0.6956519,0.009622131,0.08024055,0.01082062,0.13689323,0.015971448,null,null,null,null,"TWOGAUSSIANS",8,1.0404257,0.6956519,0.009622131,0.4,0.0,0.13630459,0.0146664055,0.16795605,0.012549127,0.39644468,0.056781948,0.12594834,0.013298725
375316653866487564,4082078583327285376,0.50928235,2255.3324602267603,1.208634413701986,1.571045E-5,19.294514,0.010021593,0.3969173,0.010364184,0.05989388,0.026844136,0.8063955,1.8069,0.8771516,0.0029661679,0.024656061,0.00554679,0.16166657,0.081681974,null,null,null,null,"TWOGAUSSIANS",8,4.4162188,0.3969173,0.010364184,0.33540574,0.15032716,0.8063955,1.8069,0.8771516,0.0029661679,0.13807394,0.031062024,0.16166657,0.08168199
375316653866487564,4082078759421275520,0.5387196,2269.843756169431,3.1638754651309573,1.4548608E-5,19.172895,0.025516734,0.2563487,0.011629412,0.08889363,0.016255487,0.31974798,0.04472695,0.7555281,0.011597325,0.08848325,0.012082731,0.40789518,0.056102403,null,null,null,null,"TWOGAUSSIANS",8,2.4786155,0.7555281,0.011597325,0.4,0.0,0.3944984,0.055745088,0.2563487,0.011629412,0.4,0.0,0.3063512,0.048194498
375316653866487564,4082078862500552320,0.4848703,2317.4451374083033,3.3078387571672887,2.082311E-5,19.560719,0.0074759647,0.24669507,0.037864517,0.060586054,0.02733815,0.25180575,0.06921059,0.7448351,0.010701629,0.031263366,0.017279318,0.5046993,0.81509584,null,null,null,null,"TWOGAUSSIANS",8,2.2174919,0.7448351,0.010701629,0.17507485,0.096764185,0.50469905,0.81509715,0.24669507,0.037864517,0.33928192,0.15309365,0.25180554,0.069211684
375316653866487564,4082079133083124608,0.5370325,2264.5138944782325,2.3878306062967036,1.6385102E-5,18.044468,0.028965825,0.21543108,0.0072396016,0.123846896,0.022167357,0.15978044,0.02876119,0.72585136,0.0024794866,0.098068975,0.012144821,0.20114008,0.025973387,null,null,null,null,"TWOGAUSSIANS",8,1.5378041,0.72590137,0.002505253,0.4,0.0,0.17644094,0.00989621,0.21543108,0.0072424496,0.4,0.0,0.134985,0.015336333
375316653866487564,4082079476675241728,0.54241824,2240.2869094986386,1.2260631888000029,5.5807042E-5,14.921644,0.0044545084,0.16742443,0.0047592153,0.0366985,0.006103596,0.051790364,0.008154202,0.66267914,0.016305963,0.044357102,0.025023535,0.20120218,0.10442648,0.007978772,0.0043411586,0.16742443,0.0047592153,"TWOGAUSSIANS_WITH_ELLIPSOIDAL_ON_ECLIPSE1",9,35.671173,0.66273916,0.016113237,0.24839978,0.1401318,0.21714568,0.106415905,0.16742443,0.0047592153,0.20551161,0.03418014,0.06774786,0.0060534533
375316653866487564,4082079854637664128,0.5261848,2204.7480848467862,4.024066047687999,3.4164987E-5,19.199148,0.021274654,0.24078889,0.005864414,0.07460255,0.00852297,0.45256674,0.053036306,0.7371436,0.0075157853,0.08862929,0.011993202,0.46545938,0.060742345,null,null,null,null,"TWOGAUSSIANS",8,2.656062,0.7371436,0.0075157853,0.4,0.0,0.4576177,0.06430058,0.24078889,0.005864414,0.4,0.013866296,0.4447252,0.053875808
375316653866487564,4082080511771703040,0.5550949,2266.504565124347,0.3734675207688848,1.3043023E-4,18.926453,0.011206274,0.6070802,0.066961706,0.13778885,0.023842804,0.25022718,0.05303333,0.81906915,0.08713297,0.075629726,0.068816066,0.11506991,0.7268257,null,null,null,null,"TWOGAUSSIANS",8,2.2661793,0.61536026,0.03806792,0.4,0.0,0.25207484,0.035614114,0.81906915,0.08713297,0.4,0.27178475,0.19093092,0.71246105
375316653866487564,4082082264124389632,0.53955185,2215.6089581209567,2.9749564126735315,1.8918243E-5,18.377745,0.01723314,0.23887703,0.0030586226,0.09795851,0.010886728,0.29169276,0.017376993,0.74512106,0.006458014,0.084790416,0.007816847,0.28654063,0.038398776,null,null,null,null,"TWOGAUSSIANS",8,4.476686,0.23887703,0.0030586226,0.4,0.0,0.2792538,0.020409826,0.74512106,0.006458014,0.4,0.0,0.274103,0.037851352
375316653866487564,4082082397258456064,0.61393005,2247.9193936300426,4.060064850652754,9.345652E-6,18.37808,0.016478071,0.18956311,0.0044861296,0.0892487,0.009073352,0.32516095,0.015398679,0.6770943,0.0076759215,0.08586609,0.008177086,0.38215277,0.020786762,null,null,null,null,"TWOGAUSSIANS",8,1.2847553,0.6770943,0.0076759215,0.4,0.0,0.37243763,0.017987987,0.18956311,0.0044861296,0.4,0.0,0.31544572,0.01591807
375316653866487564,4082083638506799616,0.50113434,2189.191191655241,0.08798669844179755,1.7785202E-4,19.628733,0.11924802,0.2406772,0.0059351693,0.1235867,0.039025012,0.30926692,0.11677817,0.7458507,0.016446378,0.08844482,0.020594072,0.3736578,0.11787987,null,null,null,null,"TWOGAUSSIANS",8,1.9506572,0.7458707,0.016480586,0.4,0.0,0.33546498,0.039790805,0.2406772,0.0059351693,0.4,0.0,0.27089924,0.03555537
375316653866487564,4082084256981756928,0.5502294,2230.2594387095614,2.2551189829308798,2.7227316E-5,18.706522,0.024271164,0.26551002,0.009768077,0.038730502,0.013144685,0.19420967,0.12569043,null,null,null,null,null,null,0.16185516,0.029728295,0.26551002,0.009768077,"ONEGAUSSIAN_WITH_ELLIPSOIDAL",6,6.590803,0.26551002,0.009768077,0.21689081,0.07361024,0.51791996,0.12009411,null,null,null,null,null,null
375316653866487564,4082085180390033152,0.43029505,2202.9929247735226,1.0819069640156702,1.84233E-5,18.259884,0.009609654,0.14916135,0.0032708924,0.04150799,0.006714648,0.07054959,0.009790681,0.6837376,0.03271089,0.11523314,0.05587193,0.03008739,0.010141222,null,null,null,null,"TWOGAUSSIANS",8,2.0659592,0.14915136,0.0032995522,0.23244473,0.03760203,0.07036443,0.008627968,0.6837376,0.03271089,0.4,0.0,0.02989296,0.008955116
375316653866487564,4082085214749784960,0.4561279,2232.546704588848,2.7921307050843023,9.059382E-6,18.309994,0.011789998,0.17894141,0.030685475,0.013527797,0.060476243,3.2439628,31.623123,0.76898104,0.021507714,0.092993714,0.016674936,0.109509006,0.019732557,null,null,null,null,"TWOGAUSSIANS",8,4.943295,0.17894141,0.030702837,0.07575566,0.32728302,3.2439692,31.623198,0.76898104,0.021507714,0.4,0.0,0.109508894,0.019450253
375316653866487564,4082086108103051264,0.51737666,2227.908029248608,3.684752224318064,1.2752719E-5,19.158012,0.024416188,0.3008688,0.002997333,0.08239121,0.007156066,0.29922056,0.029023547,0.7957738,0.0060397433,0.08081571,0.010809065,0.33640945,0.035800155,null,null,null,null,"TWOGAUSSIANS",8,2.411886,0.7957738,0.0060397433,0.4,0.0,0.33113384,0.03725939,0.3008688,0.002997333,0.4,0.0,0.29394493,0.026447402
375316653866487564,4082086249846921216,0.58115727,2160.4545022162724,3.5691846312763356,1.3519098E-5,18.695442,0.008248722,0.16465113,0.0056877546,0.07570255,0.0065179304,0.26091757,0.018257637,0.6723327,0.0031357838,0.09578597,0.005105967,0.24832316,0.009774922,null,null,null,null,"TWOGAUSSIANS",8,0.94204926,0.16465113,0.0056877546,0.4,0.0,0.25462508,0.018739536,0.6723327,0.0031357838,0.4,0.0,0.24203002,0.008704256
375316653866487564,4082087619930996352,0.48438737,2274.6938148153267,0.18681615165262727,3.1845484E-5,18.315704,0.0051420266,0.30330473,0.020018585,0.072009176,0.02026967,0.085698225,0.009019839,0.78707,0.009215762,0.077108905,0.010842096,0.14006723,0.021671567,null,null,null,null,"TWOGAUSSIANS",8,1.5775782,0.78707,0.009215762,0.4,0.0031786452,0.1395168,0.021945836,0.30330473,0.020018585,0.4,0.024082508,0.08514778,0.00879665
375316653866487564,4082088929906647808,0.48488128,2220.4010800197816,3.493192804477024,9.833117E-5,18.741653,0.02421954,0.25112632,0.030856322,0.09482198,0.032713335,0.12059645,0.036160268,0.7471768,0.0018233273,0.061874203,0.01980761,0.29768324,0.1082749,null,null,null,null,"TWOGAUSSIANS",8,3.023157,0.7471768,0.0018261286,0.34649554,0.058004178,0.2958123,0.11359234,0.25112632,0.030856322,0.4,0.0,0.1187253,0.030075166
375316653866487564,4082089926346189312,0.5850191,2161.8499821130404,2.2704937395219327,7.5253133E-6,14.886888,0.010507236,0.2334113,0.0024686814,0.056586724,0.0047949194,0.4102131,0.034212306,0.7438604,0.0035951922,0.06486667,0.0041074445,0.5248347,0.038639855,null,null,null,null,"TWOGAUSSIANS",8,164.58939,0.7438604,0.0035951922,0.36325333,0.02300169,0.52469844,0.038696013,0.2334113,0.0024686814,0.31688565,0.026851548,0.41007683,0.034264024
375316653866487564,4082092846919115392,0.56945455,2201.314348620847,1.1004345612606512,9.690826E-6,17.636194,0.039502565,0.20596299,0.002260462,0.09995079,0.020036492,0.17029265,0.036830682,0.7066203,0.005682899,0.101422265,0.024184199,0.12790728,0.03741084,null,null,null,null,"TWOGAUSSIANS",8,2.3394036,0.20596299,0.002263483,0.4,0.0,0.15691504,0.0073231566,0.7066203,0.005682899,0.4,0.0,0.11452958,0.010672578
