Gaia/vari_eclipsing_binary/VariEclipsingBinary_608673-608730.csv
# %ECSV 1.0
# ---
# delimiter: ','
# meta: !!omap
# - RELEASE: Gaia DR3
# - TABLE: vari_eclipsing_binary
# - DESCRIPTION: >
#     This table describes the properties of the eclipsing binaries resulting from the variability analysis. 
# - CITATION: >
#     How to cite and acknowledge Gaia: 
#     https://gea.esac.esa.int/archive/documentation/credits.html 
# - KNOWN_ISSUES: >
#     Known issues: 
#     https://www.cosmos.esa.int/web/gaia-users/known-issues 
# - DOCUMENTATION: >
#     Tutorials and documentation: 
#     https://www.cosmos.esa.int/web/gaia-users/archive 
# datatype:
# - 
#   name: solution_id
#   datatype: int64
#   description: Solution Identifier
#   meta:
#     ucd: meta.version
# - 
#   name: source_id
#   datatype: int64
#   description: Unique source identifier
#   meta:
#     ucd: meta.id;meta.main
# - 
#   name: global_ranking
#   datatype: float32
#   description: Number between 0 (worst) and 1 (best)
#   meta:
#     ucd: stat.param
# - 
#   name: reference_time
#   datatype: float64
#   unit: d
#   description: Reference time used for the geometric model fit
#   meta:
#     ucd: time.epoch
# - 
#   name: frequency
#   datatype: float64
#   unit: d**-1
#   description: Frequency of geometric model of the eclipsing binary light curve
#   meta:
#     ucd: src.orbital
# - 
#   name: frequency_error
#   datatype: float32
#   unit: d**-1
#   description: "Uncertainty of \\texttt{frequency}"
#   meta:
#     ucd: stat.error
# - 
#   name: geom_model_reference_level
#   datatype: float32
#   unit: mag
#   description: Magnitude reference level of geometric model
#   meta:
#     ucd: phot.mag;em.opt
# - 
#   name: geom_model_reference_level_error
#   datatype: float32
#   unit: mag
#   description: "Uncertainty of \\texttt{geomModelReferenceLevel}"
#   meta:
#     ucd: stat.error;phot.mag;em.opt
# - 
#   name: geom_model_gaussian1_phase
#   datatype: float32
#   description: Phase of the Gaussian 1 component
#   meta:
#     ucd: time.phase
# - 
#   name: geom_model_gaussian1_phase_error
#   datatype: float32
#   description: "Uncertainty of \\texttt{geomModelGaussian1Phase}"
#   meta:
#     ucd: stat.error;time.phase
# - 
#   name: geom_model_gaussian1_sigma
#   datatype: float32
#   description: "Standard deviation [phase] of Gaussian 1 component"
#   meta:
#     ucd: stat.stdev
# - 
#   name: geom_model_gaussian1_sigma_error
#   datatype: float32
#   description: "Uncertainty of \\texttt{geomModelGaussian1Sigma}"
#   meta:
#     ucd: stat.error
# - 
#   name: geom_model_gaussian1_depth
#   datatype: float32
#   unit: mag
#   description: Magnitude depth of Gaussian 1 component
#   meta:
#     ucd: src.var.amplitude
# - 
#   name: geom_model_gaussian1_depth_error
#   datatype: float32
#   unit: mag
#   description: "Uncertainty of \\texttt{geomModelGaussian1Depth}"
#   meta:
#     ucd: stat.error;src.var.amplitude
# - 
#   name: geom_model_gaussian2_phase
#   datatype: float32
#   description: Phase of Gaussian 2 component
#   meta:
#     ucd: time.phase
# - 
#   name: geom_model_gaussian2_phase_error
#   datatype: float32
#   description: "Uncertainty of \\texttt{geomModelGaussian2Phase}"
#   meta:
#     ucd: stat.error;time.phase
# - 
#   name: geom_model_gaussian2_sigma
#   datatype: float32
[...]
#   datatype: float32
#   description: "Secondary eclipse: uncertainty of \\texttt{derivedSecondaryEclDuration}"
#   meta:
#     ucd: stat.error;time.duration
# - 
#   name: derived_secondary_ecl_depth
#   datatype: float32
#   unit: mag
#   description: "Secondary eclipse: depth"
#   meta:
#     ucd: src.var.amplitude
# - 
#   name: derived_secondary_ecl_depth_error
#   datatype: float32
#   unit: mag
#   description: "Secondary eclipse: uncertainty of \\texttt{derivedSecondaryEclDepth}"
#   meta:
#     ucd: stat.error;src.var.amplitude
solution_id,source_id,global_ranking,reference_time,frequency,frequency_error,geom_model_reference_level,geom_model_reference_level_error,geom_model_gaussian1_phase,geom_model_gaussian1_phase_error,geom_model_gaussian1_sigma,geom_model_gaussian1_sigma_error,geom_model_gaussian1_depth,geom_model_gaussian1_depth_error,geom_model_gaussian2_phase,geom_model_gaussian2_phase_error,geom_model_gaussian2_sigma,geom_model_gaussian2_sigma_error,geom_model_gaussian2_depth,geom_model_gaussian2_depth_error,geom_model_cosine_half_period_amplitude,geom_model_cosine_half_period_amplitude_error,geom_model_cosine_half_period_phase,geom_model_cosine_half_period_phase_error,model_type,num_model_parameters,reduced_chi2,derived_primary_ecl_phase,derived_primary_ecl_phase_error,derived_primary_ecl_duration,derived_primary_ecl_duration_error,derived_primary_ecl_depth,derived_primary_ecl_depth_error,derived_secondary_ecl_phase,derived_secondary_ecl_phase_error,derived_secondary_ecl_duration,derived_secondary_ecl_duration_error,derived_secondary_ecl_depth,derived_secondary_ecl_depth_error
[from data line 829]
375316653866487564,5354406402180736768,0.48694625,2148.4869498999774,3.9232411494521156,1.9212443E-5,19.254215,0.063149385,0.25119308,0.006785531,0.120770365,0.017988825,0.2675905,0.059406415,0.72974014,0.008647817,0.12771901,0.025460046,0.25796217,0.06114295,null,null,null,null,"TWOGAUSSIANS",8,1.8008406,0.2514531,0.006434045,0.4,0.0,0.20983769,0.014363051,0.72974014,0.008647817,0.4,0.0,0.2000443,0.011757704
375316653866487564,5354407158095027200,0.5139229,2189.42119370642,0.903288704362892,1.0053099E-6,17.8281,0.005156119,0.2376466,0.04003914,0.12810382,0.045634586,0.045585737,0.012676907,0.6586691,9.4409677E-7,0.0026749452,2.6471545E-5,10.825113,0.6852778,null,null,null,null,"TWOGAUSSIANS",8,12.639742,0.6586691,9.4409677E-7,0.014979692,1.4824065E-4,10.825276,0.6851358,0.2376466,0.04003914,0.4,0.0,0.045540877,0.012748568
375316653866487564,5354408051452301568,0.43461618,2140.5354310523544,0.1032464188909735,6.1084276E-5,19.276272,0.008736013,0.4298264,0.022228858,0.13592046,0.015137956,0.23632902,0.025891185,0.8510439,0.0035905668,0.00876855,0.006616603,0.27599934,67.664116,null,null,null,null,"TWOGAUSSIANS",8,7.564252,0.8510439,0.0035905668,0.049103882,0.037052978,0.2774233,67.66393,0.4298264,0.022228858,0.4,0.0,0.23578444,0.026302619
375316653866487564,5354408081497465600,0.5505391,2140.279641691754,3.1702907233944173,6.136434E-6,18.730917,0.011371385,0.31805116,0.0032614034,0.048789844,0.0057119606,0.2734922,0.036076974,0.7895615,0.004553903,0.042554446,0.005333107,0.3605692,0.03456353,0.08130042,0.01677818,0.31805116,0.0032614034,"TWOGAUSSIANS_WITH_ELLIPSOIDAL_ON_ECLIPSE1",9,5.606522,0.7912615,0.0046190987,0.2383049,0.029865399,0.51831824,0.025609517,0.31805116,0.0032614034,0.27322313,0.031986978,0.4360925,0.028047722
375316653866487564,5354408669923529600,0.6568479,2188.2208431508516,0.2887326985080758,3.0131083E-5,15.68514,0.0027237455,0.20904863,0.0073145386,0.025066052,0.0046153064,0.12543012,0.010979393,0.7067349,0.0021463435,0.023634814,0.0016935273,1.9044135,0.11497425,0.026687961,0.003740221,0.20904863,0.0073145386,"TWOGAUSSIANS_WITH_ELLIPSOIDAL_ON_ECLIPSE1",9,57.19652,0.7067349,0.002137021,0.13235496,0.009483754,1.9577781,0.11283083,0.20904863,0.0073145386,0.14036989,0.025845716,0.17880604,0.009002428
375316653866487564,5354408837411960576,0.58384734,2152.1209230934123,3.664785484564374,7.87465E-6,18.408548,0.015201873,0.23681483,0.0038082805,0.03769847,0.005793919,0.51568156,0.061713487,0.7264747,0.0056414423,0.04370752,0.008260398,0.3734821,0.034326926,0.12433638,0.023004627,0.23681483,0.0038082805,"TWOGAUSSIANS_WITH_ELLIPSOIDAL_ON_ECLIPSE1",9,8.5630045,0.23681483,0.0038082805,0.21111143,0.032445945,0.76435405,0.057878472,0.7274147,0.0048802756,0.24476211,0.046258226,0.62120175,0.038030606
375316653866487564,5354410834586880640,0.6188044,2146.023111172827,1.634813903977501,3.2120472E-6,16.467802,0.0064628627,0.24415164,0.0010905359,0.094285674,0.0025354358,0.2867838,0.0062267156,0.7406931,0.002988351,0.105119705,0.003644143,0.24790743,0.009487613,null,null,null,null,"TWOGAUSSIANS",8,5.9842453,0.24415164,0.0010905359,0.4,0.0,0.2649266,0.0038991102,0.7406931,0.002988351,0.4,0.0,0.22604455,0.0069668037
375316653866487564,5354412071537256576,0.5468576,2129.316930793487,3.6838277731226374,1.0938576E-5,16.965862,0.019168945,0.20898877,0.0039025545,0.1059388,0.007733439,0.2741549,0.01904422,0.73464817,0.0031314618,0.113369726,0.01007845,0.32007125,0.019999495,null,null,null,null,"TWOGAUSSIANS",8,15.518237,0.73466814,0.003124539,0.4,0.0,0.28651693,0.025508305,0.20891878,0.003912064,0.4,0.0,0.2406447,0.008733003
375316653866487564,5354412827439694080,0.55549675,2146.4590543649215,1.220835295856141,9.26318E-6,18.092361,0.011997773,0.2710328,0.0031157534,0.0800704,0.0047632544,0.28348795,0.014372258,0.7805516,0.0037649043,0.1069542,0.010552554,0.14009371,0.0118257385,null,null,null,null,"TWOGAUSSIANS",8,3.3700492,0.2710328,0.0031176182,0.4,0.0,0.27449116,0.011960109,0.7805516,0.0037649043,0.4,0.0,0.13109146,0.009315982
375316653866487564,5354414545438499328,0.53554374,2178.4078312786414,1.3164277906651336,2.1850032E-5,15.694052,0.002569484,0.7211298,0.0021628616,0.03945536,0.0017529108,0.23529202,0.009643223,null,null,null,null,null,null,0.0127928555,0.004024866,0.7211298,0.0021628616,"ONEGAUSSIAN_WITH_ELLIPSOIDAL",6,22.488958,0.7211298,0.0021628616,0.22095002,0.0098163,0.2608777,0.007438368,null,null,null,null,null,null
375316653866487564,5354414953447387904,0.5553776,2142.6656962126717,3.147554791814371,1.1188861E-5,19.734138,0.009691782,0.241198,0.0030420765,0.0664363,0.0033992883,0.45648697,0.025901023,0.73403114,0.0021255983,0.0703877,0.0033745691,0.49701127,0.015091947,null,null,null,null,"TWOGAUSSIANS",8,1.2406232,0.73403114,0.0021255983,0.39417112,0.018897586,0.49602097,0.015077823,0.241198,0.0030420765,0.37204328,0.019036015,0.45549667,0.025902444
375316653866487564,5354416297784892032,0.5488046,2176.6092090050056,1.092706356525882,8.044639E-6,16.799294,0.003985792,0.26705164,0.0038291537,0.019562095,0.008497196,0.031035243,0.0078222975,0.7639236,0.0026117277,0.03827517,0.0034273327,0.16762765,0.008711376,0.019324524,0.0053762966,0.26705164,0.0038291537,"TWOGAUSSIANS_WITH_ELLIPSOIDAL_ON_ECLIPSE1",9,7.320696,0.7640036,0.0025266937,0.21434096,0.019193063,0.20626216,0.0034810172,0.26705164,0.0038291537,0.109547734,0.047584303,0.06968429,0.008166289
375316653866487564,5354416400851538176,0.48531514,2179.5101643899484,3.003277186856489,1.4824295E-5,17.90074,0.019452635,0.24112983,0.003921334,0.09426525,0.009717033,0.21593773,0.01813179,0.7481407,0.0071853492,0.09786184,0.01451938,0.21853341,0.017795954,null,null,null,null,"TWOGAUSSIANS",8,9.609292,0.7481407,0.0071853492,0.4,0.0,0.20517668,0.016899625,0.24112983,0.003921334,0.4,0.0,0.20258164,0.011830258
375316653866487564,5354416881904957056,0.40904123,2172.7379715691122,4.057799688230078,2.0971896E-5,16.63862,0.0025975073,0.13655901,0.007003545,0.016557265,0.007752916,0.039431434,0.061994225,0.47953308,0.02636296,0.05310626,0.01735388,0.038819905,0.04484047,null,null,null,null,"TWOGAUSSIANS",8,5.6927724,0.13655901,0.007003545,0.09272069,0.04341633,0.039431434,0.061994225,0.47953308,0.02636296,0.29739505,0.09718172,0.038819905,0.04484047
375316653866487564,5354418187570559232,0.4970278,2121.4577644751416,3.2154872916251245,1.5808091E-5,19.325651,0.016926156,0.1444184,0.0062774187,0.08606779,0.011289228,0.29759467,0.0249614,0.6427298,0.004746118,0.08227287,0.0066821924,0.29741147,0.018602679,null,null,null,null,"TWOGAUSSIANS",8,2.6537855,0.1444184,0.0062774187,0.4,0.0,0.29058325,0.025475254,0.6427298,0.004746118,0.4,0.0,0.2904001,0.015274005
375316653866487564,5354420146075892864,0.61975604,2164.0883979734303,1.5107916257627028,2.7758424E-6,13.719768,0.0049821963,0.23841633,0.0019385349,0.08984205,0.002525802,0.31899565,0.006198719,0.7224032,0.0014852893,0.08564219,0.0016738044,0.5505318,0.0102124,null,null,null,null,"TWOGAUSSIANS",8,105.7873,0.7224032,0.0014852893,0.4,0.0,0.53955996,0.010177414,0.23841633,0.0019385349,0.4,0.0,0.30802372,0.0056372806
375316653866487564,5354420760241308544,0.53210753,2184.571630996573,3.4406731955651053,1.0968091E-5,18.550934,0.010627754,0.2771239,0.0035461108,0.0927092,0.006945976,0.2608587,0.011716465,0.7774189,0.0044263215,0.0911375,0.005730044,0.343254,0.01673019,null,null,null,null,"TWOGAUSSIANS",8,2.721587,0.7774189,0.0044263215,0.4,0.0,0.32853898,0.016887309,0.2771239,0.0035461108,0.4,0.0,0.24614365,0.011266101
375316653866487564,5354421279947262848,0.5869902,2156.552737804259,3.553751089648985,3.1756317E-6,17.981117,0.017702172,0.18816175,0.001663646,0.05301204,0.005476301,0.25928995,0.039273843,0.6827153,0.0012468335,0.059795324,0.004329139,0.36173615,0.036513217,0.081837125,0.02273505,0.18816175,0.001663646,"TWOGAUSSIANS_WITH_ELLIPSOIDAL_ON_ECLIPSE1",9,5.507941,0.6833353,0.0010495277,0.3348538,0.024243178,0.5251964,0.01695787,0.18816175,0.001663646,0.2968674,0.030667286,0.42292008,0.015540262
375316653866487564,5354423101001213824,0.4970634,2104.6360602808727,3.3898208113298507,1.4783983E-5,19.848541,0.040445417,0.1823259,0.003592669,0.06582825,0.00778811,0.47453192,0.046521883,0.6992647,0.019496744,0.06584977,0.034080755,0.41673332,0.1095903,null,null,null,null,"TWOGAUSSIANS",8,3.4618301,0.1823259,0.003592669,0.36863822,0.039894,0.47413144,0.040252745,0.6992647,0.019496744,0.36875874,0.069679655,0.41633287,0.118494295
375316653866487564,5354424402374111744,0.46489793,2152.969152700071,2.7186556646411155,5.054483E-5,19.501926,0.008246352,0.28489676,0.007301053,0.040929694,0.009076898,0.098045066,0.038264703,0.73811066,0.010851135,0.023854176,0.0082847895,0.18782564,0.19574557,0.07584626,0.024636503,0.28489676,0.007301053,"TWOGAUSSIANS_WITH_ELLIPSOIDAL_ON_ECLIPSE1",9,4.0875173,0.7396707,0.010792871,0.13358338,0.04639482,0.32719395,0.19666569,0.28489676,0.007301053,0.2292063,0.05083063,0.24973747,0.034190014
375316653866487564,5354425398806788352,0.47841603,2177.52290334935,3.279361599417777,2.9258243E-5,18.392338,0.0045804977,0.24223287,0.008360814,0.06732353,0.009769767,0.1287812,0.009832825,0.75732136,0.0055270577,0.07797694,0.007648487,0.08051372,0.007979711,null,null,null,null,"TWOGAUSSIANS",8,2.2973611,0.24223287,0.008360814,0.37701175,0.05471069,0.12841,0.009854848,0.75732136,0.0055270577,0.4,0.0,0.08014251,0.007914291
375316653866487564,5354426090297995520,0.51860124,2138.8370450666184,3.852617777732834,1.1708282E-5,19.584795,0.014637871,0.2253734,0.007071074,0.07962328,0.0076940656,0.3933946,0.034323104,0.717272,0.004138639,0.077886194,0.007869814,0.5187098,0.060229957,null,null,null,null,"TWOGAUSSIANS",8,2.3369243,0.717272,0.004138639,0.4,0.0,0.51375407,0.06305962,0.2253734,0.007071074,0.4,0.0,0.38843885,0.03435418
375316653866487564,5354426532678363904,0.62181836,2150.911826571179,0.23619829828936595,2.7883818E-5,16.002363,0.0017686817,0.16537814,0.0055155214,0.020700566,0.0036715223,1.3406976,0.176248,0.66720784,0.008982568,0.02009057,0.005492331,0.1424464,0.007557968,0.026444431,0.0035343016,0.16537814,0.0055155214,"TWOGAUSSIANS_WITH_ELLIPSOIDAL_ON_ECLIPSE1",9,33.546616,0.16537814,0.0055155214,0.11592317,0.020560525,1.3935865,0.17636497,0.66720784,0.008973572,0.1125072,0.030757055,0.19532828,0.0039481507
375316653866487564,5354428319388120320,0.44464007,2198.4040633374475,1.2617541658855924,2.1284985E-5,18.708158,0.053017464,0.31332245,0.014283129,0.12328337,0.045263726,0.11540081,0.051095646,0.7551091,0.0071640345,0.10203608,0.027864391,0.17778394,0.04608909,null,null,null,null,"TWOGAUSSIANS",8,4.8302875,0.7551091,0.0071640345,0.4,0.0,0.16510668,0.023565391,0.31340244,0.014184473,0.4,0.0,0.10254687,0.026894152
375316653866487564,5354428628638766720,0.62925637,2201.453457800134,2.8655413952875866,2.2154004E-6,17.619362,0.008186356,0.31298605,8.5855054E-4,0.043719772,0.002338464,0.39269963,0.019464642,0.8132756,0.0011145094,0.0478811,0.003484973,0.59233946,0.08952642,0.118757024,0.015322704,0.31298605,8.5855054E-4,"TWOGAUSSIANS_WITH_ELLIPSOIDAL_ON_ECLIPSE1",9,7.0521255,0.8132756,0.0011131683,0.26813415,0.019515848,0.8298519,0.10201558,0.31298605,8.5855054E-4,0.24483071,0.013095398,0.63021284,0.016967647
375316653866487564,5354429796850706304,0.46600243,2158.680641307675,0.10339833763886631,4.8080194E-5,17.490776,0.008716787,0.017766478,0.0047312467,0.005429534,0.003261625,0.042033806,0.02600536,0.5834276,0.011687248,0.133859,0.01928598,0.15312013,0.018496383,null,null,null,null,"TWOGAUSSIANS",8,10.317321,0.5834276,0.011687248,0.4,0.0,0.15283412,0.018732565,0.017756477,0.004727922,0.030405391,0.0182651,0.042560373,0.026120739
375316653866487564,5354430488358925440,0.6259613,2163.380341364135,1.6661593937729606,3.666264E-6,15.1320715,0.008504131,0.23606485,0.0023464023,0.08577601,0.0029842563,0.46891165,0.009228176,0.74951535,0.0015195998,0.0791174,0.0037084033,0.24180724,0.007653532,null,null,null,null,"TWOGAUSSIANS",8,33.69768,0.23606485,0.0023464023,0.4,0.0,0.46358794,0.0079681855,0.74951535,0.0015195998,0.4,0.0,0.23648357,0.0063500456
375316653866487564,5354431446118226304,0.54950047,2160.034925498199,3.9348616062665362,6.5994227E-6,19.426199,0.011789172,0.32997838,0.002185626,0.06456227,0.0029300007,0.62693954,0.025010895,0.8263626,0.0028821572,0.06692907,0.003330622,0.5628704,0.0381027,null,null,null,null,"TWOGAUSSIANS",8,2.488341,0.32997838,0.002185626,0.3615487,0.016408004,0.62616515,0.025011897,0.8263626,0.0028821572,0.37480283,0.018651484,0.562096,0.038158678
375316653866487564,5354431652276756864,0.5738851,2175.676232549044,3.623019461761593,4.8950646E-6,18.972006,0.007880541,0.25916278,0.002263225,0.06696992,0.0022272102,0.6707297,0.016518816,0.7582819,0.0018671642,0.06731162,0.0023067142,0.6067518,0.017378224,null,null,null,null,"TWOGAUSSIANS",8,3.6090982,0.25916278,0.002263225,0.37503156,0.012472377,0.6695149,0.016540445,0.7582819,0.0018671642,0.37694508,0.012917599,0.60553706,0.0174255
375316653866487564,5354432786151499520,0.5611031,2159.4281798853376,3.052280593465839,6.262448E-6,18.380667,0.01193567,0.27981207,0.0032776892,0.08590301,0.0055052135,0.36109555,0.012324481,0.78121626,0.0018383225,0.08328095,0.0044846893,0.3253626,0.013922186,null,null,null,null,"TWOGAUSSIANS",8,3.2728875,0.27981207,0.0032776892,0.4,0.0,0.3526034,0.011122288,0.78121626,0.0018383225,0.4,0.0,0.31687048,0.013094701
375316653866487564,5354433816940234624,0.61730593,2129.645186842217,1.8801535144099724,3.3654794E-6,14.986005,0.0015610334,0.7251506,9.244723E-4,0.049697,0.0034422863,0.08847068,0.0052564233,null,null,null,null,null,null,0.07427119,0.0022775943,0.7251506,9.244723E-4,"ONEGAUSSIAN_WITH_ELLIPSOIDAL",6,14.689626,0.7251506,9.244723E-4,0.2783032,0.019276803,0.2370126,0.004667466,null,null,null,null,null,null
375316653866487564,5354434027414191104,0.54753166,2149.1704375570885,2.9809949387187404,6.7292362E-6,19.331148,0.015131402,0.26920363,0.005904695,0.076967634,0.009384423,0.40605256,0.023614151,0.76983607,0.0023768677,0.07532733,0.005171042,0.4657427,0.01768822,null,null,null,null,"TWOGAUSSIANS",8,2.1177387,0.76983607,0.0023768677,0.4,0.0,0.4618303,0.017518291,0.26920363,0.005904695,0.4,0.0075242356,0.40214014,0.024229081
375316653866487564,5354434955124720256,0.47409317,2137.5248978166783,2.7747963557068225,1.9212797E-5,17.621742,0.010208032,0.22703391,0.0056113494,0.037690468,0.011142241,0.108161665,0.019029237,0.74970996,0.006363367,0.051295847,0.03841609,0.029243793,0.025908189,0.07067419,0.0162386,0.74970996,0.006363367,"TWOGAUSSIANS_WITH_ELLIPSOIDAL_ON_ECLIPSE2",9,19.827356,0.22991392,0.00457176,0.21106662,0.06239655,0.24701875,0.015965236,0.74970996,0.006363367,0.28725675,0.2151301,0.17059173,0.01508167
375316653866487564,5354438631616868864,0.49718806,2158.570378574201,2.7674289055533907,8.806201E-6,18.549517,0.015028166,0.26487154,0.006517237,0.06736857,0.0073518255,0.37141314,0.025462281,0.7669824,0.0040089074,0.07008861,0.0061509344,0.4849865,0.033123557,null,null,null,null,"TWOGAUSSIANS",8,14.969458,0.7669824,0.0040089074,0.39249623,0.029177949,0.48390955,0.033391044,0.26487154,0.006517237,0.377264,0.037409876,0.37033617,0.025573874
375316653866487564,5354439456250532992,0.5610959,2185.4783264349053,1.127649124962318,5.5027876E-6,18.52567,0.0033615571,0.20823464,0.0079749515,0.04631024,0.01121055,0.09428823,0.032830253,0.7117107,9.332433E-4,0.042784076,0.0012157101,0.5575863,0.025432397,null,null,null,null,"TWOGAUSSIANS",8,2.083837,0.7117107,9.332433E-4,0.23959082,0.0068079764,0.55758625,0.025432419,0.20823464,0.0079749515,0.25933734,0.06277908,0.09428818,0.032830317
