Gaia/vari_eclipsing_binary/VariEclipsingBinary_232519-232563.csv
# %ECSV 1.0
# ---
# delimiter: ','
# meta: !!omap
# - RELEASE: Gaia DR3
# - TABLE: vari_eclipsing_binary
# - DESCRIPTION: >
#     This table describes the properties of the eclipsing binaries resulting from the variability analysis. 
# - CITATION: >
#     How to cite and acknowledge Gaia: 
#     https://gea.esac.esa.int/archive/documentation/credits.html 
# - KNOWN_ISSUES: >
#     Known issues: 
#     https://www.cosmos.esa.int/web/gaia-users/known-issues 
# - DOCUMENTATION: >
#     Tutorials and documentation: 
#     https://www.cosmos.esa.int/web/gaia-users/archive 
# datatype:
# - 
#   name: solution_id
#   datatype: int64
#   description: Solution Identifier
#   meta:
#     ucd: meta.version
# - 
#   name: source_id
#   datatype: int64
#   description: Unique source identifier
#   meta:
#     ucd: meta.id;meta.main
# - 
#   name: global_ranking
#   datatype: float32
#   description: Number between 0 (worst) and 1 (best)
#   meta:
#     ucd: stat.param
# - 
#   name: reference_time
#   datatype: float64
#   unit: d
#   description: Reference time used for the geometric model fit
#   meta:
#     ucd: time.epoch
# - 
#   name: frequency
#   datatype: float64
#   unit: d**-1
#   description: Frequency of geometric model of the eclipsing binary light curve
#   meta:
#     ucd: src.orbital
# - 
#   name: frequency_error
#   datatype: float32
#   unit: d**-1
#   description: "Uncertainty of \\texttt{frequency}"
#   meta:
#     ucd: stat.error
# - 
#   name: geom_model_reference_level
#   datatype: float32
#   unit: mag
#   description: Magnitude reference level of geometric model
#   meta:
#     ucd: phot.mag;em.opt
# - 
#   name: geom_model_reference_level_error
#   datatype: float32
#   unit: mag
#   description: "Uncertainty of \\texttt{geomModelReferenceLevel}"
#   meta:
#     ucd: stat.error;phot.mag;em.opt
# - 
#   name: geom_model_gaussian1_phase
#   datatype: float32
#   description: Phase of the Gaussian 1 component
#   meta:
#     ucd: time.phase
# - 
#   name: geom_model_gaussian1_phase_error
#   datatype: float32
#   description: "Uncertainty of \\texttt{geomModelGaussian1Phase}"
#   meta:
#     ucd: stat.error;time.phase
# - 
#   name: geom_model_gaussian1_sigma
#   datatype: float32
#   description: "Standard deviation [phase] of Gaussian 1 component"
#   meta:
#     ucd: stat.stdev
# - 
#   name: geom_model_gaussian1_sigma_error
#   datatype: float32
#   description: "Uncertainty of \\texttt{geomModelGaussian1Sigma}"
#   meta:
#     ucd: stat.error
# - 
#   name: geom_model_gaussian1_depth
#   datatype: float32
#   unit: mag
#   description: Magnitude depth of Gaussian 1 component
#   meta:
#     ucd: src.var.amplitude
# - 
#   name: geom_model_gaussian1_depth_error
#   datatype: float32
#   unit: mag
#   description: "Uncertainty of \\texttt{geomModelGaussian1Depth}"
#   meta:
#     ucd: stat.error;src.var.amplitude
# - 
#   name: geom_model_gaussian2_phase
#   datatype: float32
#   description: Phase of Gaussian 2 component
#   meta:
#     ucd: time.phase
# - 
#   name: geom_model_gaussian2_phase_error
#   datatype: float32
#   description: "Uncertainty of \\texttt{geomModelGaussian2Phase}"
#   meta:
#     ucd: stat.error;time.phase
# - 
#   name: geom_model_gaussian2_sigma
#   datatype: float32
[...]
#   datatype: float32
#   description: "Secondary eclipse: uncertainty of \\texttt{derivedSecondaryEclDuration}"
#   meta:
#     ucd: stat.error;time.duration
# - 
#   name: derived_secondary_ecl_depth
#   datatype: float32
#   unit: mag
#   description: "Secondary eclipse: depth"
#   meta:
#     ucd: src.var.amplitude
# - 
#   name: derived_secondary_ecl_depth_error
#   datatype: float32
#   unit: mag
#   description: "Secondary eclipse: uncertainty of \\texttt{derivedSecondaryEclDepth}"
#   meta:
#     ucd: stat.error;src.var.amplitude
solution_id,source_id,global_ranking,reference_time,frequency,frequency_error,geom_model_reference_level,geom_model_reference_level_error,geom_model_gaussian1_phase,geom_model_gaussian1_phase_error,geom_model_gaussian1_sigma,geom_model_gaussian1_sigma_error,geom_model_gaussian1_depth,geom_model_gaussian1_depth_error,geom_model_gaussian2_phase,geom_model_gaussian2_phase_error,geom_model_gaussian2_sigma,geom_model_gaussian2_sigma_error,geom_model_gaussian2_depth,geom_model_gaussian2_depth_error,geom_model_cosine_half_period_amplitude,geom_model_cosine_half_period_amplitude_error,geom_model_cosine_half_period_phase,geom_model_cosine_half_period_phase_error,model_type,num_model_parameters,reduced_chi2,derived_primary_ecl_phase,derived_primary_ecl_phase_error,derived_primary_ecl_duration,derived_primary_ecl_duration_error,derived_primary_ecl_depth,derived_primary_ecl_depth_error,derived_secondary_ecl_phase,derived_secondary_ecl_phase_error,derived_secondary_ecl_duration,derived_secondary_ecl_duration_error,derived_secondary_ecl_depth,derived_secondary_ecl_depth_error
[from data line 360]
375316653866487564,2045420351592350208,0.58428854,2198.839296280539,3.9312968275460296,5.1750794E-6,18.719244,0.013198283,0.21979846,0.0028900865,0.04566575,0.005973406,0.21866548,0.031061752,0.7092063,0.002653408,0.047838513,0.006706301,0.20752822,0.031093795,0.10998009,0.018983128,0.21979846,0.0028900865,"TWOGAUSSIANS_WITH_ELLIPSOIDAL_ON_ECLIPSE1",9,2.834145,0.21979846,0.0028900865,0.2557282,0.033451073,0.43862525,0.011914165,0.71090627,0.002093542,0.26789567,0.037555285,0.4266711,0.023327809
375316653866487564,2045420420316765568,0.47952962,2263.386776008859,3.6016636842298966,3.4885452E-5,19.436712,0.03376551,0.30029407,0.016682815,0.11998038,0.02437542,0.23654415,0.034080245,0.74604225,0.0067378473,0.091089875,0.014765502,0.29467857,0.037470162,null,null,null,null,"TWOGAUSSIANS",8,2.9565854,0.74604225,0.0067378473,0.4,0.0,0.27860808,0.03172672,0.30030409,0.016676158,0.4,0.0,0.22023197,0.021390991
375316653866487564,2045420970086331648,0.44348142,2202.259881637283,3.5009171819795752,3.3440916E-5,16.84939,0.058856864,0.30034998,0.010206838,0.0645528,0.029383754,0.07550284,0.11766817,0.790848,0.011587613,0.05263283,0.056120604,0.06897298,0.1046272,0.037649095,0.0569785,0.30034998,0.010206838,"TWOGAUSSIANS_WITH_ELLIPSOIDAL_ON_ECLIPSE1",9,26.92086,0.30034998,0.010206838,0.36149567,0.10427198,0.15075935,0.019069001,0.792678,0.009627486,0.29474384,0.2129366,0.14401297,0.026417082
375316653866487564,2045422030913909120,0.6671681,2221.060097830614,0.1300302792727587,1.0883047E-6,17.5397,0.00144085,0.2989952,9.036913E-7,0.0064429427,1.08965305E-5,0.67204535,0.0013413919,0.80278647,2.1590646E-4,0.0063808407,1.3272878E-4,0.44666275,0.007373266,null,null,null,null,"TWOGAUSSIANS",8,2.2425456,0.2989952,9.036913E-7,0.03608048,6.1020568E-5,0.67204535,0.0013413919,0.80278647,2.1590646E-4,0.03573271,7.4328115E-4,0.44666275,0.007373266
375316653866487564,2045422340156354048,0.4943247,2211.210470152112,0.9878461871220648,7.423155E-6,17.296787,0.0045722,0.09247325,0.038068105,0.026164979,0.042988688,0.059703834,0.018656906,0.5762049,8.4325165E-4,0.016300093,0.0016795256,0.3667443,0.07925177,0.015756156,0.007149137,0.09247325,0.038068105,"TWOGAUSSIANS_WITH_ELLIPSOIDAL_ON_ECLIPSE1",9,30.929174,0.5762349,8.2604535E-4,0.09128052,0.009405344,0.3979291,0.08039986,0.09247325,0.038068105,0.14652388,0.24073665,0.091216125,0.020380184
375316653866487564,2045422481901163904,0.5508787,2248.2226255118894,3.799293742327084,1.5333635E-5,19.186075,0.017217642,0.24186176,0.0038150044,0.07534338,0.006682265,0.3662947,0.01969987,0.7343141,0.0048441216,0.08384643,0.006426868,0.4106696,0.017738175,null,null,null,null,"TWOGAUSSIANS",8,2.4937217,0.7343141,0.0048441216,0.4,0.0,0.40584973,0.014905444,0.24186176,0.0038150044,0.4,0.0,0.36147487,0.01877653
375316653866487564,2045422619354108160,0.52337843,2200.467508351705,2.96668613982432,1.0293728E-5,16.02459,0.0467195,0.26939726,0.0030611632,0.20372206,0.028053721,0.7995752,0.07237771,0.770598,0.0019967349,0.17943439,0.022033911,0.7174063,0.03541462,null,null,null,null,"TWOGAUSSIANS",8,16.463573,0.26882726,0.0038251092,0.4,0.0,0.18318923,0.00984596,0.771498,0.0016158021,0.4,0.0,0.15013587,0.0040701614
375316653866487564,2045423169109913856,0.52614313,2210.5797813100976,2.4894348079163455,1.2753698E-5,16.190117,0.0826431,0.28210396,0.005747007,0.12403657,0.033057794,0.17563319,0.08127628,0.7760593,0.0045837197,0.11941767,0.028389392,0.1848204,0.079736575,null,null,null,null,"TWOGAUSSIANS",8,17.160583,0.7760593,0.0045837197,0.4,0.0,0.14342198,0.00442557,0.28214395,0.005681274,0.4,0.0,0.13418777,0.0077370526
375316653866487564,2045424096822742784,0.5378719,2224.9487580994683,0.8468011407763282,4.297071E-5,18.487162,0.0023863711,0.23265404,0.0076953266,0.024519054,0.006567538,0.23077899,0.033941865,0.73695475,5.8512134E-4,0.022876577,0.0013629822,0.19605596,0.018904693,0.018335748,0.003667721,0.23265404,0.0076953266,"TWOGAUSSIANS_WITH_ELLIPSOIDAL_ON_ECLIPSE1",9,1.4133581,0.23265404,0.0076953266,0.1373067,0.03677821,0.26745045,0.034956556,0.73695475,5.8512134E-4,0.12810883,0.0076327003,0.23270065,0.018865617
375316653866487564,2045424406060275712,0.61502814,2225.6163452364563,0.061670800985392606,1.1447489E-5,14.564299,4.605289E-4,0.37418842,4.7614712E-6,0.003057878,1.1876855E-5,0.11177828,4.6078078E-4,0.8276891,0.018128647,0.07127886,0.013549495,0.006598033,0.0017530998,null,null,null,null,"TWOGAUSSIANS",8,2.833495,0.37418842,4.7614712E-6,0.017124118,6.651039E-5,0.11177828,4.6078087E-4,0.8276891,0.018128647,0.3991616,0.05224764,0.006598033,0.0017530998
375316653866487564,2045425535608250368,0.5453059,2225.7581416784424,1.7341503240549048,8.861915E-6,19.492374,0.005630639,0.33619463,0.002039154,0.06456783,0.0016994947,0.53274703,0.022471173,0.0963286,0.020114804,0.048288792,0.034976825,0.0355262,0.008683037,null,null,null,null,"TWOGAUSSIANS",8,1.337314,0.33619463,0.002017736,0.36157984,0.0095171705,0.53274715,0.02246958,0.098618604,0.020083023,0.27041724,0.1383464,0.036098145,0.009014633
375316653866487564,2045425539918537472,0.43503845,2222.724325345547,0.372249175437267,6.697535E-5,19.172476,0.09489335,0.39103034,0.018405225,0.14455783,0.034423526,0.314732,0.09443432,0.83730924,0.017173456,0.11566397,0.022706915,0.23888057,0.087742545,null,null,null,null,"TWOGAUSSIANS",8,5.680628,0.39134035,0.017991591,0.4,0.0,0.25735363,0.023144852,0.83730924,0.017173456,0.4,0.0,0.18424563,0.021860516
375316653866487564,2045425643014654208,0.46700275,2262.4775978384914,2.2993841059056477,2.122058E-5,19.104073,0.010393302,0.31551874,0.00794222,0.096808374,0.013537885,0.150472,0.010733105,0.828122,0.009076554,0.07485329,0.009937127,0.13519926,0.015884442,null,null,null,null,"TWOGAUSSIANS",8,1.8368999,0.31551874,0.00794222,0.4,0.0,0.14717402,0.009367608,0.828122,0.009076554,0.4,0.008636927,0.13190186,0.014786446
375316653866487564,2045425711730566656,0.6606408,2238.4815806133042,2.9928841628207934,2.816512E-6,17.88418,0.009102647,0.18801688,0.001040304,0.06075789,0.0024432228,0.36792472,0.021096531,0.6883069,0.0014548133,0.05407306,0.0028717024,0.37316546,0.02108606,0.096866466,0.012303595,0.18801688,0.001040304,"TWOGAUSSIANS_WITH_ELLIPSOIDAL_ON_ECLIPSE1",9,2.5887356,0.6883069,0.001444146,0.30280915,0.016081534,0.56681246,0.010897484,0.18801688,0.001040304,0.3402442,0.013682048,0.5615724,0.009341123
375316653866487564,2045426051007777152,0.5036527,2255.350568624884,0.05161959109312106,2.1141519E-5,19.41577,0.051432483,0.23860271,0.0045908317,0.083902,0.010833035,0.5212275,0.05260004,0.7318252,0.011969225,0.09974804,0.034590453,0.30465752,0.037652522,null,null,null,null,"TWOGAUSSIANS",8,3.6712036,0.23860271,0.0045847227,0.4,0.0,0.5041605,0.043707248,0.7318252,0.011969225,0.4,0.0,0.28758833,0.055889614
375316653866487564,2045426635121774336,0.5493662,2272.658335771836,3.532016265741311,1.2099089E-5,18.83687,0.010418537,0.2815574,0.0060345,0.08203529,0.0061841076,0.41189107,0.0215707,0.7758177,0.004855442,0.07684837,0.004458134,0.37989235,0.018598044,null,null,null,null,"TWOGAUSSIANS",8,3.6051357,0.2815574,0.0060345,0.4,0.0,0.40689686,0.021212569,0.7758177,0.004855442,0.4,0.0,0.37489814,0.0176212
375316653866487564,2045427360984607744,0.5284264,2257.97753228039,2.8363332530050096,1.12530715E-5,19.645315,0.008042009,0.27902326,0.0049811937,0.083792105,0.004422854,0.39059085,0.020081079,0.7681317,0.0043031652,0.06936012,0.004419958,0.4978493,0.012651582,null,null,null,null,"TWOGAUSSIANS",8,1.9176298,0.7681317,0.0043031652,0.38841668,0.02009879,0.49452895,0.012968349,0.27902326,0.0049811937,0.4,0.0,0.3872705,0.020233061
375316653866487564,2045428456185020544,0.56517404,2223.1579792236494,0.5548583069419878,3.9986903E-6,17.930376,0.0016921303,0.49150673,3.1637636E-4,0.023299333,5.0647033E-4,0.2856421,0.0025700028,null,null,null,null,null,null,null,null,null,null,"ONEGAUSSIAN",5,1.8681135,0.49150673,3.1637636E-4,0.13047627,0.0028362337,0.2856421,0.0,null,null,null,null,null,null
375316653866487564,2045429040300889856,0.46611556,2236.6441348769345,0.9939785653783988,9.363994E-5,18.49433,0.0039006246,0.3684247,3.2787575E-4,0.018811598,4.3838331E-4,0.3378701,0.0029392994,null,null,null,null,null,null,null,null,null,null,"ONEGAUSSIAN",5,6.7854643,0.3684247,3.2787575E-4,0.10534494,0.0024549465,0.3378701,0.0,null,null,null,null,null,null
375316653866487564,2045429590053252736,0.5474152,2247.9119271850527,2.922658738572194,1.1563707E-5,18.743135,0.0069665946,0.2715011,0.004470751,0.083407454,0.0045429096,0.27954724,0.010390104,0.77455705,0.0039224997,0.08633334,0.0044951797,0.34719375,0.010186292,null,null,null,null,"TWOGAUSSIANS",8,2.4714918,0.77455705,0.0039224997,0.4,0.0,0.33947065,0.009170328,0.2715011,0.004470751,0.4,0.0,0.27182418,0.00925068
375316653866487564,2045429830578004352,0.54187894,2231.825565122165,2.800735517373506,9.564633E-6,19.02516,0.008470935,0.259769,0.0034959794,0.043750398,0.0033664734,0.5881309,0.06588631,0.7596471,0.0020323175,0.04898127,0.002425084,0.57971877,0.016123932,null,null,null,null,"TWOGAUSSIANS",8,7.7986374,0.259769,0.0034959794,0.24500224,0.01885225,0.5881303,0.065886624,0.7596471,0.0020323175,0.27429512,0.013580469,0.57971823,0.016123936
375316653866487564,2045430178479459200,0.50538784,2214.260855867077,2.7234547184131017,1.4272268E-5,17.886192,0.011453982,0.27454275,0.012598852,0.07885128,0.0335447,0.055655755,0.008380419,0.7714357,0.0059137004,0.10536849,0.014951372,0.10175506,0.009660741,null,null,null,null,"TWOGAUSSIANS",8,1.7583938,0.7714357,0.0059137004,0.4,0.0,0.09802672,0.0048839035,0.27454275,0.012613034,0.4,0.07125781,0.05193007,0.0073399856
375316653866487564,2045430998802514304,0.5793211,2252.6237951015983,2.5539565976569825,1.099181E-5,19.190756,0.008531416,0.25324813,0.0045590336,0.08410366,0.0056199874,0.21084464,0.009793838,0.7553502,0.002207267,0.06502221,0.0029640493,0.5353639,0.0234871,null,null,null,null,"TWOGAUSSIANS",8,1.6690449,0.7553502,0.002207267,0.3641244,0.016598677,0.5332308,0.023701042,0.25324813,0.0045590336,0.4,0.0,0.20871152,0.0091977855
375316653866487564,2045431621589149440,0.52286947,2226.452120437165,2.2333810035620543,1.129941E-5,18.454466,0.037619643,0.23945214,0.007932926,0.11337501,0.031707715,0.12651002,0.035619017,0.73312414,0.0037233317,0.10018718,0.016923703,0.1626426,0.034334164,null,null,null,null,"TWOGAUSSIANS",8,0.97924376,0.73312414,0.0037233317,0.4,0.0,0.14562525,0.0045421897,0.23945214,0.007972815,0.4,0.0,0.10947844,0.006040828
375316653866487564,2045433236513698176,0.45757583,2232.5114357315265,3.684526889162176,2.3509652E-5,17.413261,0.029494988,0.1856725,0.00888404,0.11091296,0.029681068,0.0848147,0.02721561,0.71332455,0.0064716516,0.11991438,0.023457533,0.10084491,0.02864085,null,null,null,null,"TWOGAUSSIANS",8,4.3241777,0.71337456,0.0063583767,0.4,0.0,0.087259136,0.0061602774,0.1855025,0.008445135,0.4,0.0,0.07126759,0.006485568
375316653866487564,2045434056819313024,0.5932484,2256.368550952772,3.04133342852284,5.0641306E-6,18.672987,0.03617913,0.20887032,0.004319105,0.044597402,0.007612484,0.5736777,0.0803979,0.7073495,0.0035650872,0.052303165,0.0075148144,0.5737695,0.069599815,0.07995898,0.046213098,0.20887032,0.004319105,"TWOGAUSSIANS_WITH_ELLIPSOIDAL_ON_ECLIPSE1",9,7.710008,0.7074395,0.0034179415,0.29289773,0.04208296,0.73366815,0.040804826,0.20887032,0.004319105,0.24974544,0.04262991,0.7335901,0.021637615
375316653866487564,2045434232946212096,0.5702526,2237.367923738767,2.3835803127434207,5.3437316E-6,18.555702,0.010578654,0.2350264,0.0024749977,0.10849842,0.0071138153,0.26109824,0.009288515,0.7342835,0.0017731014,0.09557314,0.003919995,0.2854362,0.010356341,null,null,null,null,"TWOGAUSSIANS",8,1.0332255,0.7342835,0.0017731014,0.4,0.0,0.25870907,0.0052599856,0.2350264,0.0024749977,0.4,0.0,0.23435898,0.010987659
375316653866487564,2045435985292608256,0.54805183,2240.2045355851205,0.40137900569691337,1.3527304E-5,17.227919,0.0018280097,0.73837155,5.7454227E-4,0.019157447,7.1806577E-4,0.34672937,0.012256131,null,null,null,null,null,null,null,null,null,null,"ONEGAUSSIAN",5,5.9747667,0.73837155,5.7454227E-4,0.1072817,0.004021168,0.34672937,0.0,null,null,null,null,null,null
375316653866487564,2045436054012118528,0.60811496,2234.909982894547,2.6008417408515405,6.0906514E-6,15.6187725,0.013008326,0.26868623,0.0065696873,0.051861297,0.0054496587,0.31199023,0.04293188,0.7634675,0.003467536,0.038036924,0.0071386476,0.16633353,0.030866217,0.10452352,0.01522589,0.7634675,0.003467536,"TWOGAUSSIANS_WITH_ELLIPSOIDAL_ON_ECLIPSE2",9,53.80194,0.26803622,0.005495841,0.29042327,0.03051809,0.5208372,0.02276017,0.7634675,0.003467536,0.21300676,0.03997643,0.3753772,0.012331977
375316653866487564,2045436084050611968,0.5476511,2232.41921598546,3.4969465620652715,1.1483685E-5,18.441088,0.0129906135,0.28179616,0.0031880492,0.051393338,0.0091981245,0.18618499,0.031213518,0.78742135,0.010195235,0.05157364,0.0100307455,0.15339245,0.03300571,0.0912603,0.016223514,0.28179616,0.0031880492,"TWOGAUSSIANS_WITH_ELLIPSOIDAL_ON_ECLIPSE1",9,5.3313565,0.28179616,0.0031880492,0.2878027,0.051509496,0.368703,0.022337982,0.78742135,0.009732404,0.2888124,0.056172173,0.33568254,0.017187588
375316653866487564,2045436157091373056,0.61929363,2229.3862605303507,0.26151013501811626,1.7462819E-5,16.575245,0.0018978729,0.41050127,0.0035903277,0.008490522,0.002753629,0.7734657,1.246729,0.90784734,1.5781689E-4,0.00897472,2.0118452E-4,0.3484139,0.016564421,null,null,null,null,"TWOGAUSSIANS",8,11.842744,0.41050127,0.0035903277,0.047546927,0.015420322,0.7734657,1.246729,0.90784734,1.5781689E-4,0.05025843,0.0011266334,0.3484139,0.016564421
375316653866487564,2045436775566598144,0.6442214,2219.087097429528,0.8424135450726037,2.9399916E-6,17.53805,0.002824533,0.16095728,0.0029175647,0.045004748,0.0046595335,0.14753723,0.007970477,0.65977013,5.063712E-4,0.033969924,7.1110326E-4,0.6515109,0.011294113,null,null,null,null,"TWOGAUSSIANS",8,3.7225819,0.65977013,5.063712E-4,0.19023158,0.0039821784,0.6515109,0.0112941135,0.16095728,0.0029175647,0.2520266,0.026093388,0.14753723,0.007970478
375316653866487564,2045437325322243584,0.5218154,2219.32768451307,3.9317666000912737,2.6124064E-5,16.373526,0.4913038,0.2302159,0.009292083,0.14165822,0.117524,0.21621883,0.48662376,0.70653504,0.008163483,0.12048135,0.033920262,0.21426168,0.2884383,null,null,null,null,"TWOGAUSSIANS",8,19.656567,0.23042591,0.008153321,0.4,0.0,0.1580227,0.011976845,0.70653504,0.008163483,0.4,0.0,0.15695313,0.014763722
375316653866487564,2045437497107904512,0.53785515,2255.530520421452,3.6159535040668067,1.3390103E-5,19.230627,0.010597636,0.18469134,0.0036487633,0.07561748,0.005251129,0.48145837,0.023833772,0.6875703,0.005027555,0.06850695,0.0074704518,0.39557302,0.027836172,null,null,null,null,"TWOGAUSSIANS",8,3.9978244,0.18469134,0.0036487633,0.4,0.0,0.47946858,0.024011262,0.6875703,0.005027555,0.38363892,0.03909525,0.39358324,0.028381197
375316653866487564,2045438459179293952,0.54597694,2240.520510015381,3.925352146148499,1.1031213E-5,19.685787,0.011083463,0.25337085,0.0034571157,0.06680294,0.0033157205,0.64199793,0.016972078,0.7429654,0.006991198,0.081260726,0.0067449263,0.5161247,0.03458468,null,null,null,null,"TWOGAUSSIANS",8,2.0397007,0.25337085,0.0034571157,0.37409645,0.018568035,0.63902456,0.016447322,0.7429654,0.006991198,0.4,0.0,0.5131513,0.034885347
375316653866487564,2045439627408618496,0.48465848,2258.022485529835,0.17211049663867442,2.3021506E-5,19.02439,0.0031866697,0.09167163,0.0019142925,0.005982919,0.0013097734,0.31096822,0.13626553,0.32489318,0.07276736,0.09086343,0.043066543,0.024627948,0.010394054,null,null,null,null,"TWOGAUSSIANS",8,1.2747077,0.09167163,0.0019105575,0.03350435,0.0073347315,0.311882,0.13629965,0.32489318,0.07276736,0.4,0.08043028,0.024627935,0.010394037
