Gaia/vari_eclipsing_binary/VariEclipsingBinary_605341-605457.csv
# %ECSV 1.0
# ---
# delimiter: ','
# meta: !!omap
# - RELEASE: Gaia DR3
# - TABLE: vari_eclipsing_binary
# - DESCRIPTION: >
#     This table describes the properties of the eclipsing binaries resulting from the variability analysis. 
# - CITATION: >
#     How to cite and acknowledge Gaia: 
#     https://gea.esac.esa.int/archive/documentation/credits.html 
# - KNOWN_ISSUES: >
#     Known issues: 
#     https://www.cosmos.esa.int/web/gaia-users/known-issues 
# - DOCUMENTATION: >
#     Tutorials and documentation: 
#     https://www.cosmos.esa.int/web/gaia-users/archive 
# datatype:
# - 
#   name: solution_id
#   datatype: int64
#   description: Solution Identifier
#   meta:
#     ucd: meta.version
# - 
#   name: source_id
#   datatype: int64
#   description: Unique source identifier
#   meta:
#     ucd: meta.id;meta.main
# - 
#   name: global_ranking
#   datatype: float32
#   description: Number between 0 (worst) and 1 (best)
#   meta:
#     ucd: stat.param
# - 
#   name: reference_time
#   datatype: float64
#   unit: d
#   description: Reference time used for the geometric model fit
#   meta:
#     ucd: time.epoch
# - 
#   name: frequency
#   datatype: float64
#   unit: d**-1
#   description: Frequency of geometric model of the eclipsing binary light curve
#   meta:
#     ucd: src.orbital
# - 
#   name: frequency_error
#   datatype: float32
#   unit: d**-1
#   description: "Uncertainty of \\texttt{frequency}"
#   meta:
#     ucd: stat.error
# - 
#   name: geom_model_reference_level
#   datatype: float32
#   unit: mag
#   description: Magnitude reference level of geometric model
#   meta:
#     ucd: phot.mag;em.opt
# - 
#   name: geom_model_reference_level_error
#   datatype: float32
#   unit: mag
#   description: "Uncertainty of \\texttt{geomModelReferenceLevel}"
#   meta:
#     ucd: stat.error;phot.mag;em.opt
# - 
#   name: geom_model_gaussian1_phase
#   datatype: float32
#   description: Phase of the Gaussian 1 component
#   meta:
#     ucd: time.phase
# - 
#   name: geom_model_gaussian1_phase_error
#   datatype: float32
#   description: "Uncertainty of \\texttt{geomModelGaussian1Phase}"
#   meta:
#     ucd: stat.error;time.phase
# - 
#   name: geom_model_gaussian1_sigma
#   datatype: float32
#   description: "Standard deviation [phase] of Gaussian 1 component"
#   meta:
#     ucd: stat.stdev
# - 
#   name: geom_model_gaussian1_sigma_error
#   datatype: float32
#   description: "Uncertainty of \\texttt{geomModelGaussian1Sigma}"
#   meta:
#     ucd: stat.error
# - 
#   name: geom_model_gaussian1_depth
#   datatype: float32
#   unit: mag
#   description: Magnitude depth of Gaussian 1 component
#   meta:
#     ucd: src.var.amplitude
# - 
#   name: geom_model_gaussian1_depth_error
#   datatype: float32
#   unit: mag
#   description: "Uncertainty of \\texttt{geomModelGaussian1Depth}"
#   meta:
#     ucd: stat.error;src.var.amplitude
# - 
#   name: geom_model_gaussian2_phase
#   datatype: float32
#   description: Phase of Gaussian 2 component
#   meta:
#     ucd: time.phase
# - 
#   name: geom_model_gaussian2_phase_error
#   datatype: float32
#   description: "Uncertainty of \\texttt{geomModelGaussian2Phase}"
#   meta:
#     ucd: stat.error;time.phase
# - 
#   name: geom_model_gaussian2_sigma
#   datatype: float32
[...]
#   datatype: float32
#   description: "Secondary eclipse: uncertainty of \\texttt{derivedSecondaryEclDuration}"
#   meta:
#     ucd: stat.error;time.duration
# - 
#   name: derived_secondary_ecl_depth
#   datatype: float32
#   unit: mag
#   description: "Secondary eclipse: depth"
#   meta:
#     ucd: src.var.amplitude
# - 
#   name: derived_secondary_ecl_depth_error
#   datatype: float32
#   unit: mag
#   description: "Secondary eclipse: uncertainty of \\texttt{derivedSecondaryEclDepth}"
#   meta:
#     ucd: stat.error;src.var.amplitude
solution_id,source_id,global_ranking,reference_time,frequency,frequency_error,geom_model_reference_level,geom_model_reference_level_error,geom_model_gaussian1_phase,geom_model_gaussian1_phase_error,geom_model_gaussian1_sigma,geom_model_gaussian1_sigma_error,geom_model_gaussian1_depth,geom_model_gaussian1_depth_error,geom_model_gaussian2_phase,geom_model_gaussian2_phase_error,geom_model_gaussian2_sigma,geom_model_gaussian2_sigma_error,geom_model_gaussian2_depth,geom_model_gaussian2_depth_error,geom_model_cosine_half_period_amplitude,geom_model_cosine_half_period_amplitude_error,geom_model_cosine_half_period_phase,geom_model_cosine_half_period_phase_error,model_type,num_model_parameters,reduced_chi2,derived_primary_ecl_phase,derived_primary_ecl_phase_error,derived_primary_ecl_duration,derived_primary_ecl_duration_error,derived_primary_ecl_depth,derived_primary_ecl_depth_error,derived_secondary_ecl_phase,derived_secondary_ecl_phase_error,derived_secondary_ecl_duration,derived_secondary_ecl_duration_error,derived_secondary_ecl_depth,derived_secondary_ecl_depth_error
[from data line 655]
375316653866487564,5325509621685341312,0.49404737,2101.365164069129,2.1389943758858547,9.70379E-5,17.491806,0.0016797866,0.5351487,2.1236867E-4,0.008830717,3.2425817E-4,0.47435683,0.05478642,0.71616805,0.045240633,0.031511903,0.02502316,0.016000956,0.035932112,null,null,null,null,"TWOGAUSSIANS",8,2.8908434,0.5351487,2.1236867E-4,0.049452014,0.0018158458,0.47435683,0.054786433,0.71616805,0.045240633,0.17646666,0.1401297,0.016000956,0.035932112
375316653866487564,5325511408391620480,0.5830763,2116.124840229462,0.9615661123474516,2.2429773E-5,14.267176,0.0016872046,0.21614999,0.003074194,0.033182815,0.008586783,0.013330426,0.004875802,0.7080155,0.013716725,0.0390208,0.016462341,0.08725765,0.008460822,0.01396552,0.002386267,0.21614999,0.003074194,"TWOGAUSSIANS_WITH_ELLIPSOIDAL_ON_ECLIPSE1",9,11.296799,0.7083155,0.013603085,0.21851647,0.09218911,0.11511845,0.011450409,0.21614999,0.003074194,0.18582377,0.048085984,0.04126143,0.002970783
375316653866487564,5325511511470837760,0.54569536,2138.929578834529,0.4870074049185067,2.6384926E-6,15.567924,0.002401098,0.16107322,0.0012014144,0.028761461,9.9427E-4,0.26499045,0.017109517,0.66069794,3.5832537E-4,0.028414628,5.689763E-4,0.26712227,0.007949171,null,null,null,null,"TWOGAUSSIANS",8,33.589367,0.66069794,3.5832537E-4,0.15912192,0.0031862673,0.26712227,0.007949171,0.16107322,0.0012014144,0.16106418,0.0055679115,0.26499045,0.017109517
375316653866487564,5325512675402541952,0.60756415,2100.7931204559964,0.3256216529718382,2.2513577E-6,18.241259,0.0024675247,0.32070634,3.4894046E-4,0.016382705,3.6989758E-4,0.5374372,0.004457178,0.8211394,7.7140535E-4,0.016902778,6.69607E-4,0.44810572,0.04087575,null,null,null,null,"TWOGAUSSIANS",8,2.2518914,0.32070634,3.4894046E-4,0.09174315,0.0020714265,0.5374372,0.004457178,0.8211394,7.7140535E-4,0.094655566,0.0037497992,0.44810572,0.04087575
375316653866487564,5325514981804445696,0.65043455,2127.7152301381993,0.22008210514527374,3.2608875E-6,12.578238,0.0022918826,0.22129528,4.2850449E-4,0.018794369,3.978571E-4,1.4312043,0.06395444,0.71908826,4.1322835E-4,0.015795255,0.0045283046,0.042960133,0.0048172288,0.03960202,0.0028007189,0.22129528,4.2850449E-4,"TWOGAUSSIANS_WITH_ELLIPSOIDAL_ON_ECLIPSE1",9,173.42282,0.22129528,4.2850449E-4,0.105248466,0.0022279997,1.5104083,0.06646779,0.71916825,4.4000588E-4,0.08845343,0.025358507,0.12214938,0.008977321
375316653866487564,5325518177260225408,0.59145015,2052.8506058444323,1.7668640215286306,5.1954935E-6,17.819706,0.0032909329,0.3464121,0.0178389,0.051382773,0.015695019,0.03034188,0.006168623,0.5978045,9.6652994E-4,0.07419902,0.00203783,0.28727943,0.004831311,null,null,null,null,"TWOGAUSSIANS",8,2.0624244,0.5978045,9.6652994E-4,0.4,0.0,0.2872796,0.004831223,0.3508321,0.021652063,0.28774354,0.08789211,0.0313584,0.005788429
375316653866487564,5325520749938965760,0.58444136,2084.584126619649,1.2767366320146518,5.755008E-6,18.13433,0.0041317255,0.37200764,0.03562628,0.03870044,0.05088786,0.021314137,0.22485356,0.6135717,0.0014247238,0.06026839,0.0015339535,0.42052448,0.01239026,null,null,null,null,"TWOGAUSSIANS",8,3.77262,0.6135717,0.0014247238,0.337503,0.008590139,0.42052448,0.012390261,0.37267762,0.03703131,0.21672246,0.284972,0.021453703,0.2246836
375316653866487564,5325523571738957952,0.48683006,2078.0480007586716,0.8173664223538856,1.5310932E-5,15.615859,0.0066377167,0.24770477,0.005521759,0.09702064,0.008817887,0.123314045,0.006197865,0.779004,0.008293074,0.08630352,0.015950786,0.07420918,0.0061452757,null,null,null,null,"TWOGAUSSIANS",8,20.38459,0.24770477,0.005521759,0.4,0.0,0.120413356,0.0042902185,0.779014,0.00829065,0.4,0.0,0.07130956,0.00463302
375316653866487564,5325528588255112576,0.51374656,2088.534770349916,1.0550097904565754,9.0116555E-6,18.328861,0.039941218,0.23668212,0.0068207285,0.11607133,0.021374518,0.19818844,0.040094662,0.73747015,0.0032142368,0.106482185,0.014472872,0.2539498,0.034910742,null,null,null,null,"TWOGAUSSIANS",8,2.9474726,0.73747015,0.0032207423,0.4,0.0,0.21864875,0.009364986,0.23668212,0.0068363575,0.4,0.0,0.1628586,0.008260554
375316653866487564,5325533703562134912,0.56632733,2112.2924119389927,0.6385346663018028,1.2518614E-5,19.107302,0.0030906128,0.26283908,0.0022559983,0.022015298,0.0012679101,0.5274538,0.061388772,0.7628486,0.0014566003,0.021700133,0.0032452114,0.45255277,0.09889431,null,null,null,null,"TWOGAUSSIANS",8,1.4507755,0.26283908,0.0022559983,0.123285666,0.0071002967,0.5274538,0.061388772,0.7628486,0.0014566003,0.12152074,0.018173184,0.45255277,0.09889431
375316653866487564,5325537173894225024,0.48562932,2081.6715684826086,0.32045454442608895,5.4696753E-5,19.691061,0.0051919883,0.1674486,9.450159E-4,0.016426858,0.0013949153,3.1286595,1.1733513,0.029710062,0.010833671,0.016009213,0.01013113,0.08907371,0.15503897,null,null,null,null,"TWOGAUSSIANS",8,1.0933677,0.1674486,9.450159E-4,0.0919904,0.0078115254,3.1286595,1.1733513,0.029710062,0.010833671,0.08965159,0.056734327,0.08907371,0.15503897
375316653866487564,5325540167492608640,0.49392542,2085.1074783897334,3.2770821657636944,1.4951766E-5,16.504663,0.0021283152,0.2269576,0.004562579,0.06710893,0.0045212023,0.087098256,0.0037917087,0.7331498,0.0064745564,0.065768234,0.009028583,0.06667908,0.006873346,null,null,null,null,"TWOGAUSSIANS",8,6.0025835,0.2269576,0.004562579,0.37581,0.025318732,0.08699056,0.0037709898,0.7331498,0.0064745564,0.3683021,0.050560065,0.066571385,0.0069310563
375316653866487564,5325540854687230592,0.50393033,2095.005548208396,4.651389964884664,1.502369E-5,17.841005,0.01803401,0.30567494,0.004379426,0.09739119,0.010208337,0.21933304,0.017375138,0.7933147,0.0056302086,0.1087342,0.013789631,0.17318387,0.016434535,null,null,null,null,"TWOGAUSSIANS",8,5.3398166,0.30568492,0.0043798788,0.4,0.0,0.20178623,0.011541259,0.7933147,0.0056302086,0.4,0.0,0.15562801,0.006520346
375316653866487564,5325541537581189120,0.59233034,2109.1907253936333,2.80581543779545,4.8020497E-6,18.878115,0.009854149,0.2658984,0.0016298149,0.050642394,0.004694018,0.30537975,0.026220335,0.76759505,0.0028864539,0.050171115,0.0036259023,0.3611665,0.02690809,0.11205624,0.014256551,0.2658984,0.0016298149,"TWOGAUSSIANS_WITH_ELLIPSOIDAL_ON_ECLIPSE1",9,1.9738632,0.76759505,0.0028864539,0.28095824,0.020305052,0.5852501,0.014460218,0.2658984,0.0016298149,0.2835974,0.026286501,0.5294888,0.025335636
375316653866487564,5325544153223091200,0.49725989,2127.3839266643545,0.6989583889868601,1.5795547E-5,12.984941,5.646123E-4,0.24049874,0.0032341287,0.01517018,0.011621922,0.019612126,0.637388,0.7426692,0.0026346243,0.0104633225,0.0040284214,0.010056944,0.0015491882,0.014454863,8.3365425E-4,0.24049874,0.0032341287,"TWOGAUSSIANS_WITH_ELLIPSOIDAL_ON_ECLIPSE1",9,11.043202,0.24049874,0.0032341287,0.08495301,0.065082766,0.04852185,0.63779646,0.7426692,0.0026346243,0.058594607,0.02255916,0.03896129,0.0012527225
375316653866487564,5325545974289113984,0.4701,2082.1500946622587,0.8818708052217344,3.707681E-5,17.984795,0.009099639,0.23847468,0.018097725,0.05500479,0.025592454,0.058243163,0.021673819,0.70925254,0.016702956,0.045709647,0.045249987,0.21665996,0.119739294,null,null,null,null,"TWOGAUSSIANS",8,3.9314039,0.70925254,0.016702956,0.25597402,0.14186527,0.21665975,0.12097268,0.23847468,0.018097725,0.30802682,0.13412373,0.058242954,0.021808416
375316653866487564,5325546592764374784,0.54925823,2091.772210905883,3.23367147388512,6.338434E-6,17.790895,0.008538093,0.250914,0.0034377351,0.08735284,0.0060548116,0.32513258,0.02354625,0.7499721,0.003206218,0.08648604,0.004514536,0.32346967,0.010386158,null,null,null,null,"TWOGAUSSIANS",8,6.3298035,0.250914,0.0034377351,0.4,0.0,0.31492722,0.025329204,0.7499721,0.003206218,0.4,0.0,0.31326434,0.009282638
375316653866487564,5325549960018581248,0.549714,2061.711380073887,0.7144939302670021,6.788397E-6,17.023252,0.0039896644,0.28998715,0.0048056436,0.05868468,0.007480206,0.059417345,0.010663126,0.78640497,0.0010100545,0.041483752,0.0035082744,0.08189084,0.010656259,0.025424859,0.0069787814,0.28998715,0.0048056436,"TWOGAUSSIANS_WITH_ELLIPSOIDAL_ON_ECLIPSE1",9,3.1052644,0.78668493,6.4108777E-4,0.23230901,0.019646337,0.13270997,0.0053206948,0.28998715,0.0048056436,0.3286342,0.041889153,0.11026022,0.0039562024
375316653866487564,5325550269256227968,0.5748298,2086.100640159658,2.4772994515279976,4.593651E-6,16.705807,0.0050262306,0.16244523,0.0064550987,0.035839126,0.011388163,0.110030614,0.027505944,0.6471679,0.0017902526,0.050346036,0.014324304,0.082816474,0.015875716,0.10949959,0.00744895,0.6471679,0.0017902526,"TWOGAUSSIANS_WITH_ELLIPSOIDAL_ON_ECLIPSE2",9,14.881025,0.15988523,0.0050489963,0.2006991,0.063773714,0.3273533,0.03583642,0.6471679,0.0017902526,0.2819378,0.0802161,0.30181482,0.011033519
375316653866487564,5325553018035625344,0.6645791,2086.9064554392903,0.28607063378692243,3.0905178E-6,13.708202,0.00608404,0.24320236,9.853895E-4,0.029612571,0.0015681515,0.31580544,0.012665677,0.7449702,6.593293E-4,0.031908758,0.0023430896,0.82744074,0.06374608,0.081571706,0.0074779987,0.7449702,6.593293E-4,"TWOGAUSSIANS_WITH_ELLIPSOIDAL_ON_ECLIPSE2",9,114.25806,0.7449702,6.593293E-4,0.17868905,0.013121301,0.99058414,0.069016375,0.24326237,9.527493E-4,0.16583039,0.008781648,0.4789294,0.005593799
375316653866487564,5325553116811340800,0.53979087,2083.047347095737,0.5634418744416505,8.225728E-5,17.777407,0.011499323,0.25017893,0.003505851,0.0075250897,0.0021776545,0.59936535,1.9281747,0.6341892,0.031590253,0.15638709,0.07178087,0.03762811,0.0092588095,null,null,null,null,"TWOGAUSSIANS",8,5.6679306,0.25017893,0.0035060341,0.042140502,0.012194864,0.6007736,1.9281075,0.6341892,0.031590253,0.4,0.0,0.03717432,0.00672582
375316653866487564,5325553877023878144,0.58351874,2075.36233294496,1.3888728924571365,3.953996E-6,18.223076,0.0033184749,0.27627,0.003922685,0.052927762,0.0050823935,0.07936762,0.0077546854,0.7752075,8.775819E-4,0.033129137,9.3311904E-4,0.40141967,0.013550148,null,null,null,null,"TWOGAUSSIANS",8,1.9409826,0.7752075,8.775819E-4,0.18552315,0.0052254666,0.40141964,0.013550148,0.27627,0.003922685,0.29639548,0.028461402,0.079367615,0.0077546923
375316653866487564,5325556454009171840,0.55022734,2079.541816037834,0.44214162774594057,5.776575E-6,15.753408,0.0018512831,0.29235628,0.0013797642,0.0074209436,0.0023695193,0.09893856,0.31100717,0.6316701,0.0035161257,0.013440319,0.0020370472,0.3274309,0.011317649,null,null,null,null,"TWOGAUSSIANS",8,35.18036,0.6316701,0.0035161257,0.07526579,0.011407464,0.3274309,0.011317649,0.29235628,0.0013797642,0.041557286,0.013269308,0.09893856,0.31100717
375316653866487564,5325558275077240192,0.5774506,2073.928438883398,3.6505999429408416,3.617871E-6,18.31547,0.007484017,0.250021,0.0018053276,0.05095172,0.0057714176,0.15230137,0.018635519,0.7521901,0.005248064,0.04227602,0.0046937983,0.23757635,0.032708295,0.103078075,0.013605922,0.250021,0.0018053276,"TWOGAUSSIANS_WITH_ELLIPSOIDAL_ON_ECLIPSE1",9,3.1140633,0.7521901,0.005248064,0.23674572,0.026285272,0.4436933,0.039013345,0.250021,0.0018053276,0.28532964,0.032319937,0.3584566,0.011654267
375316653866487564,5325558343794823552,0.559548,2066.5945254036296,0.4936140332700027,9.285882E-6,18.89538,0.003541414,0.19379653,0.07380517,0.061358605,0.065087244,0.028689189,0.014413896,0.43880725,0.0014664805,0.040750936,0.0013708689,0.60340023,0.015246601,null,null,null,null,"TWOGAUSSIANS",8,1.8803102,0.43880725,0.0014664805,0.22820523,0.0076768654,0.6034101,0.015247509,0.19379653,0.07380517,0.3436082,0.36448857,0.028689198,0.014419755
375316653866487564,5325559202790184320,0.5370665,2128.3396394244173,1.4117864986911555,9.2567225E-6,10.01839,0.3811558,0.2590757,0.008966032,0.15127695,0.08609822,0.14490603,0.3670067,0.7323543,0.011789884,0.1410362,0.03905404,0.18592697,0.28458372,null,null,null,null,"TWOGAUSSIANS",8,32.965794,0.7323543,0.011789884,0.4,0.0,0.1232894,0.0047500567,0.26099572,0.0052132215,0.4,0.0,0.08169685,0.0067367395
375316653866487564,5325559267206701824,0.43687153,2081.458079621344,1.7263478790183293,2.5932495E-5,19.595823,0.0051839193,0.11822742,0.0011159555,0.0043871216,0.0011803991,0.34166655,0.025781259,0.7976707,0.017437479,0.07573593,0.018225476,0.075306855,0.024958774,null,null,null,null,"TWOGAUSSIANS",8,2.5098088,0.11822742,0.0011159555,0.024567882,0.0066102347,0.34167624,0.025785992,0.7976707,0.017437479,0.4,0.02066799,0.075306855,0.024958774
375316653866487564,5325562020286750848,0.48638943,2063.3342245713197,0.3235403144012065,5.0102448E-5,18.462158,0.0070432094,0.14241506,0.0022382988,0.012321739,0.0014678899,0.4551366,0.1541177,0.7920559,0.024474656,0.11818212,0.027204348,0.051755294,0.015040568,null,null,null,null,"TWOGAUSSIANS",8,3.869951,0.14240506,0.0022378317,0.06900174,0.008220184,0.45576224,0.15412825,0.7920559,0.024474656,0.4,0.0,0.05174186,0.015053777
375316653866487564,5325563012417792128,0.48605362,2063.0121009083323,2.565223560721177,4.3192995E-5,17.933554,0.04754813,0.3155475,0.042495463,0.08839762,0.09179329,0.09058498,0.030911313,0.7895656,0.009149779,0.059787557,0.027278466,0.31259146,0.036918104,null,null,null,null,"TWOGAUSSIANS",8,14.9388685,0.7895656,0.009149779,0.33481032,0.11840508,0.31206724,0.048522357,0.3155475,0.042495463,0.4,0.0,0.0900607,0.017126432
375316653866487564,5325563738273623296,0.69502026,2142.3510338891588,0.5509662373437817,5.1518782E-5,14.153467,6.6367286E-4,0.30741534,0.053204738,0.0792295,0.014221703,0.002861368,0.0010789762,0.4737702,0.0014876616,0.030233346,0.0017002607,0.55686104,0.08954592,null,null,null,null,"TWOGAUSSIANS",8,10.74467,0.4737702,0.0014876616,0.16930674,0.009521459,0.55717677,0.09012201,0.30747533,0.23255013,0.4,0.0,0.0028615172,0.82715
375316653866487564,5325563841352843648,0.48762506,2166.3831638235956,0.08700664641362221,1.019244E-4,15.588539,0.00534842,0.2535031,0.037032127,0.030176545,0.013066553,0.8140799,2.4241338,0.74708056,0.009759571,0.042664062,0.00734811,0.15922062,0.05533776,null,null,null,null,"TWOGAUSSIANS",8,129.7448,0.2535031,0.037032127,0.16898865,0.073172696,0.8140799,2.4241338,0.74708056,0.009759571,0.23891875,0.041149415,0.15922062,0.05533776
375316653866487564,5325568136320207872,0.48261595,2083.4597258808085,3.6358050876507413,3.4773755E-5,15.799602,7.2298135E-4,0.1633159,0.016134659,0.0081298705,0.007844087,0.36612055,172.56664,0.73458695,0.040636916,0.042699095,0.03196618,0.010792494,0.012861456,null,null,null,null,"TWOGAUSSIANS",8,5.4813385,0.1633159,0.016134659,0.045527272,0.043926883,0.36612055,172.56664,0.73458695,0.040636916,0.23911494,0.1790106,0.010792494,0.012861456
375316653866487564,5325568445552478848,0.42940727,2097.9428399305134,3.996824556296203,2.6143858E-5,19.393465,0.0064868084,0.26845548,0.009853016,0.0062094117,0.00345534,0.5702878,0.49666443,0.6541339,0.0077602128,0.0533796,0.010399482,0.3431466,0.17452003,null,null,null,null,"TWOGAUSSIANS",8,2.8245058,0.26845548,0.009853016,0.034772705,0.019349905,0.5702878,0.49666443,0.6541339,0.0077602128,0.29892576,0.0582371,0.3431466,0.17452003
375316653866487564,5325571052602848896,0.6223663,2081.7965202702276,1.704896332777276,2.875492E-6,17.770615,0.006782192,0.26394024,0.0016725996,0.050476357,0.008183128,0.16120417,0.013289799,0.7696787,0.0031166598,0.045182202,0.003996609,0.19597176,0.015662694,0.12527834,0.008378646,0.26394024,0.0016725996,"TWOGAUSSIANS_WITH_ELLIPSOIDAL_ON_ECLIPSE1",9,2.7067308,0.7696787,0.0031166598,0.25302035,0.02238101,0.44620192,0.006149182,0.26394024,0.0016725996,0.2826676,0.04582552,0.41175994,0.018206106
