Gaia/vari_eclipsing_binary/VariEclipsingBinary_680866-680910.csv
# %ECSV 1.0
# ---
# delimiter: ','
# meta: !!omap
# - RELEASE: Gaia DR3
# - TABLE: vari_eclipsing_binary
# - DESCRIPTION: >
#     This table describes the properties of the eclipsing binaries resulting from the variability analysis. 
# - CITATION: >
#     How to cite and acknowledge Gaia: 
#     https://gea.esac.esa.int/archive/documentation/credits.html 
# - KNOWN_ISSUES: >
#     Known issues: 
#     https://www.cosmos.esa.int/web/gaia-users/known-issues 
# - DOCUMENTATION: >
#     Tutorials and documentation: 
#     https://www.cosmos.esa.int/web/gaia-users/archive 
# datatype:
# - 
#   name: solution_id
#   datatype: int64
#   description: Solution Identifier
#   meta:
#     ucd: meta.version
# - 
#   name: source_id
#   datatype: int64
#   description: Unique source identifier
#   meta:
#     ucd: meta.id;meta.main
# - 
#   name: global_ranking
#   datatype: float32
#   description: Number between 0 (worst) and 1 (best)
#   meta:
#     ucd: stat.param
# - 
#   name: reference_time
#   datatype: float64
#   unit: d
#   description: Reference time used for the geometric model fit
#   meta:
#     ucd: time.epoch
# - 
#   name: frequency
#   datatype: float64
#   unit: d**-1
#   description: Frequency of geometric model of the eclipsing binary light curve
#   meta:
#     ucd: src.orbital
# - 
#   name: frequency_error
#   datatype: float32
#   unit: d**-1
#   description: "Uncertainty of \\texttt{frequency}"
#   meta:
#     ucd: stat.error
# - 
#   name: geom_model_reference_level
#   datatype: float32
#   unit: mag
#   description: Magnitude reference level of geometric model
#   meta:
#     ucd: phot.mag;em.opt
# - 
#   name: geom_model_reference_level_error
#   datatype: float32
#   unit: mag
#   description: "Uncertainty of \\texttt{geomModelReferenceLevel}"
#   meta:
#     ucd: stat.error;phot.mag;em.opt
# - 
#   name: geom_model_gaussian1_phase
#   datatype: float32
#   description: Phase of the Gaussian 1 component
#   meta:
#     ucd: time.phase
# - 
#   name: geom_model_gaussian1_phase_error
#   datatype: float32
#   description: "Uncertainty of \\texttt{geomModelGaussian1Phase}"
#   meta:
#     ucd: stat.error;time.phase
# - 
#   name: geom_model_gaussian1_sigma
#   datatype: float32
#   description: "Standard deviation [phase] of Gaussian 1 component"
#   meta:
#     ucd: stat.stdev
# - 
#   name: geom_model_gaussian1_sigma_error
#   datatype: float32
#   description: "Uncertainty of \\texttt{geomModelGaussian1Sigma}"
#   meta:
#     ucd: stat.error
# - 
#   name: geom_model_gaussian1_depth
#   datatype: float32
#   unit: mag
#   description: Magnitude depth of Gaussian 1 component
#   meta:
#     ucd: src.var.amplitude
# - 
#   name: geom_model_gaussian1_depth_error
#   datatype: float32
#   unit: mag
#   description: "Uncertainty of \\texttt{geomModelGaussian1Depth}"
#   meta:
#     ucd: stat.error;src.var.amplitude
# - 
#   name: geom_model_gaussian2_phase
#   datatype: float32
#   description: Phase of Gaussian 2 component
#   meta:
#     ucd: time.phase
# - 
#   name: geom_model_gaussian2_phase_error
#   datatype: float32
#   description: "Uncertainty of \\texttt{geomModelGaussian2Phase}"
#   meta:
#     ucd: stat.error;time.phase
# - 
#   name: geom_model_gaussian2_sigma
#   datatype: float32
[...]
#   datatype: float32
#   description: "Secondary eclipse: uncertainty of \\texttt{derivedSecondaryEclDuration}"
#   meta:
#     ucd: stat.error;time.duration
# - 
#   name: derived_secondary_ecl_depth
#   datatype: float32
#   unit: mag
#   description: "Secondary eclipse: depth"
#   meta:
#     ucd: src.var.amplitude
# - 
#   name: derived_secondary_ecl_depth_error
#   datatype: float32
#   unit: mag
#   description: "Secondary eclipse: uncertainty of \\texttt{derivedSecondaryEclDepth}"
#   meta:
#     ucd: stat.error;src.var.amplitude
solution_id,source_id,global_ranking,reference_time,frequency,frequency_error,geom_model_reference_level,geom_model_reference_level_error,geom_model_gaussian1_phase,geom_model_gaussian1_phase_error,geom_model_gaussian1_sigma,geom_model_gaussian1_sigma_error,geom_model_gaussian1_depth,geom_model_gaussian1_depth_error,geom_model_gaussian2_phase,geom_model_gaussian2_phase_error,geom_model_gaussian2_sigma,geom_model_gaussian2_sigma_error,geom_model_gaussian2_depth,geom_model_gaussian2_depth_error,geom_model_cosine_half_period_amplitude,geom_model_cosine_half_period_amplitude_error,geom_model_cosine_half_period_phase,geom_model_cosine_half_period_phase_error,model_type,num_model_parameters,reduced_chi2,derived_primary_ecl_phase,derived_primary_ecl_phase_error,derived_primary_ecl_duration,derived_primary_ecl_duration_error,derived_primary_ecl_depth,derived_primary_ecl_depth_error,derived_secondary_ecl_phase,derived_secondary_ecl_phase_error,derived_secondary_ecl_duration,derived_secondary_ecl_duration_error,derived_secondary_ecl_depth,derived_secondary_ecl_depth_error
[from data line 185]
375316653866487564,5989101306085714688,0.5199583,2083.68122121951,3.9556018571464353,2.9516843E-5,18.178608,0.0017388719,0.4710231,0.011015237,0.011911244,0.017680094,0.021369716,1.0053163E22,0.7801273,3.1042062E-5,0.0022840993,2.24063E-4,0.3493988,0.12482655,null,null,null,null,"TWOGAUSSIANS",8,2.4856203,0.7801273,3.1042062E-5,0.012790957,0.0012547529,0.3493988,0.12482655,0.4710231,0.011015237,0.06670296,0.09900852,0.021369716,1.0053163E22
375316653866487564,5989102134997618048,0.46186885,2084.813106460448,0.06446276299074753,1.2257892E-4,18.134151,0.0058016554,0.1075536,0.009610302,0.012336304,0.008654942,0.0541368,0.014093037,0.5234539,0.014914929,0.15177776,0.022738598,0.18944448,0.026724612,null,null,null,null,"TWOGAUSSIANS",8,8.075726,0.5234539,0.014914929,0.4,0.0,0.18777734,0.028813865,0.1077736,0.009442704,0.0690833,0.048467673,0.057029344,0.014161017
375316653866487564,5989102375544997888,0.5495849,2183.11868343942,0.19242378944601707,7.9665704E-5,18.85458,0.009583473,0.12967592,0.002783552,0.010696305,0.0032779363,1.2541637,6.9840846,0.54799855,0.02622609,0.15797134,0.03341007,0.12153273,0.013556754,null,null,null,null,"TWOGAUSSIANS",8,4.3857045,0.12968592,0.0027770263,0.059899308,0.018356442,1.2563263,6.9839854,0.54799855,0.02622609,0.4,0.0,0.11990969,0.01231476
375316653866487564,5989102444259777920,0.71548164,2098.8822237305094,2.1656965290749652,5.0072217E-6,15.981638,0.01101346,0.2337889,7.3594396E-4,0.069749154,0.006504605,0.1279596,0.020635683,0.73384863,0.0022401013,0.06340509,0.005292032,0.15966281,0.021484366,0.08241997,0.010976758,0.2337889,7.3594396E-4,"TWOGAUSSIANS_WITH_ELLIPSOIDAL_ON_ECLIPSE1",9,2.2484941,0.73384863,0.0019279098,0.3550685,0.02963538,0.3242293,0.003196724,0.2337889,7.3594396E-4,0.39059526,0.033422306,0.2925261,0.0026410013
375316653866487564,5989102753497405696,0.5996206,2113.86388224351,0.08139483492165188,9.130148E-6,15.80951,0.0010285092,0.5193667,4.372519E-5,0.0029911757,7.2269955E-5,0.46881106,0.00646405,0.7300337,0.007893901,0.018043632,0.010826072,0.013066919,0.0029924496,0.0026658473,0.0015597059,0.7300337,0.007893901,"TWOGAUSSIANS_WITH_ELLIPSOIDAL_ON_ECLIPSE2",9,8.412479,0.5193667,4.372519E-5,0.016750583,4.0471175E-4,0.46913013,0.0063316193,0.7300337,0.007893901,0.10104434,0.060626,0.018398613,0.0038100902
375316653866487564,5989103440670063360,0.54834616,2129.2941952890133,3.107769057753031,1.8861385E-5,19.004465,0.006404401,0.28603333,0.015766699,0.041342985,0.010611876,0.3640102,0.027870746,0.78360236,0.0035657473,0.04332484,0.004010869,0.44349727,0.014810256,null,null,null,null,"TWOGAUSSIANS",8,3.6051278,0.78360236,0.0035657473,0.2426191,0.022460867,0.44349724,0.014810253,0.28603333,0.015766699,0.23152073,0.059426505,0.3640102,0.027870437
375316653866487564,5989104265325309952,0.4690002,2088.9454347826963,2.0412433833034713,4.142969E-5,16.607363,0.026832836,0.24590167,0.008680937,0.08529485,0.016208824,0.20055015,0.02292019,0.71997535,0.010576154,0.10327154,0.026934588,0.2121152,0.023660755,null,null,null,null,"TWOGAUSSIANS",8,54.655685,0.71997535,0.010576154,0.4,0.0,0.20369516,0.028790148,0.24591167,0.008684579,0.4,0.0,0.19213621,0.015022094
375316653866487564,5989104467167290240,0.44790974,2147.418474877394,0.02923467089987163,1.6170181E-4,18.128414,0.0042287908,0.20712751,0.004179759,0.02744848,0.0039732433,0.13185552,0.027576415,0.64971125,0.017521365,0.06523981,0.013106457,0.06822764,0.011669351,null,null,null,null,"TWOGAUSSIANS",8,5.2019176,0.20712751,0.004179759,0.15371148,0.022250162,0.1318555,0.027576417,0.64971125,0.017521365,0.36534294,0.07339616,0.068227634,0.011669357
375316653866487564,5989104883777223808,0.5978657,2130.2917676769107,3.6498363825308084,1.621243E-5,18.684875,0.011092178,0.1731969,0.0027845164,0.042739686,0.0036815046,0.42092,0.029664084,0.67503655,0.0030770372,0.04867091,0.0041835355,0.5603833,0.053284153,0.111832425,0.019986618,0.1731969,0.0027845164,"TWOGAUSSIANS_WITH_ELLIPSOIDAL_ON_ECLIPSE1",9,6.1840444,0.67503655,0.0030756663,0.27255708,0.0234278,0.78401697,0.057820655,0.1731969,0.0027845164,0.23934224,0.020616427,0.6445835,0.019173019
375316653866487564,5989105948953096960,0.5791254,2093.846158189648,2.3122036639369474,1.0966837E-5,17.680908,0.01238748,0.27425864,0.0017502656,0.07861278,0.0055935797,0.19829857,0.010630842,0.77859,0.0044821794,0.09975403,0.011472962,0.1245874,0.012509958,null,null,null,null,"TWOGAUSSIANS",8,2.0646617,0.27425864,0.0017502656,0.4,0.0,0.19277008,0.005812162,0.77859,0.0044821794,0.4,0.0,0.11905803,0.008003763
375316653866487564,5989106258190763904,0.56088334,2090.808405658482,1.7613504716315438,1.5797446E-5,16.366945,0.13828711,0.24288289,0.0034942462,0.15123045,0.10757081,0.086036414,0.13520426,0.74241894,0.0029112583,0.11718466,0.023827318,0.12209276,0.082738824,null,null,null,null,"TWOGAUSSIANS",8,1.648292,0.74241894,0.0029228611,0.4,0.0,0.08845875,0.0024890993,0.24288289,0.0035208825,0.4,0.0,0.051701672,0.0032808753
375316653866487564,5989107048464751744,0.46792492,2096.2483737588627,0.5590252129554232,2.3226343E-5,16.687153,0.0019121033,0.12957813,0.0039259745,0.036376152,0.0030704355,0.05721157,0.0071669836,0.633877,0.024416963,0.037099995,0.026962958,0.053043462,0.02687433,null,null,null,null,"TWOGAUSSIANS",8,2.9650118,0.12957813,0.0039259745,0.20370646,0.017194439,0.05721157,0.0071669463,0.633877,0.024416963,0.20775998,0.15099257,0.053043462,0.026874473
375316653866487564,5989107353385414528,0.55997103,2105.6616205304335,3.018635695621631,1.1619823E-5,18.923676,0.009177536,0.30856606,0.0023979228,0.08610446,0.0032342821,0.46185347,0.0113971075,0.8076199,0.004185683,0.08449773,0.00442219,0.48587897,0.021444615,null,null,null,null,"TWOGAUSSIANS",8,3.1092355,0.8076199,0.004185683,0.4,0.0,0.47316942,0.021626815,0.30856606,0.0023979228,0.4,0.0,0.44914392,0.010414881
375316653866487564,5989109659804492416,0.59093094,2091.7686608096337,2.844898782441626,4.7608173E-6,17.544388,0.012187896,0.20824806,0.0018290316,0.044440303,0.005376048,0.17930736,0.034918867,0.70245224,0.0034809846,0.052664828,0.007075342,0.23447615,0.03254112,0.09729828,0.023429379,0.20824806,0.0018290316,"TWOGAUSSIANS_WITH_ELLIPSOIDAL_ON_ECLIPSE1",9,6.6579537,0.7033422,0.0028360565,0.29492304,0.039621916,0.4288519,0.024653994,0.20824806,0.0018290316,0.2488657,0.03010587,0.37390143,0.017481884
375316653866487564,5989110411399083776,0.57209307,2105.2412414202763,3.762073380567337,1.2568299E-5,17.441877,0.046907954,0.24173959,0.0043223347,0.11706177,0.021873845,0.22544314,0.033546638,0.72605735,0.003474012,0.12670551,0.015094582,0.2224545,0.0453825,null,null,null,null,"TWOGAUSSIANS",8,2.8826394,0.24190958,0.004281128,0.4,0.0,0.17791742,0.018866401,0.72605735,0.003474012,0.4,0.0,0.17477986,0.0047014467
375316653866487564,5989111858804377472,0.47086364,2112.5961598819495,0.41527582235724136,4.2298918E-5,19.444515,0.018055264,0.5259946,0.026633644,0.12680618,0.016437594,0.08790605,0.024568802,0.92758965,9.2835684E-4,0.012405657,0.0014674958,2.4727542,1.4575377,null,null,null,null,"TWOGAUSSIANS",8,4.296524,0.92758965,9.2835684E-4,0.06947168,0.008217976,2.4732652,1.4574827,0.5259946,0.026633644,0.4,0.0,0.08783209,0.024574656
375316653866487564,5989112305504351360,0.5406643,2080.20160961837,2.601109019748968,7.742574E-5,18.135431,0.011332686,0.2468633,0.0024030285,0.07558854,0.0038974949,0.34467998,0.013785993,0.7508622,0.005700572,0.083465345,0.0059046424,0.3222938,0.013663178,null,null,null,null,"TWOGAUSSIANS",8,10.589018,0.2468633,0.0024030285,0.4,0.0,0.34029356,0.013022708,0.7508622,0.005700572,0.4,0.0,0.31790736,0.012553938
375316653866487564,5989112546022399488,0.55656904,2086.602308117906,3.193131325267084,9.854173E-6,16.013165,0.008107887,0.26634657,0.004552532,0.07947142,0.004969946,0.26984513,0.010355472,0.7521452,0.0028893242,0.07847866,0.006180378,0.28074777,0.0071069906,null,null,null,null,"TWOGAUSSIANS",8,22.235851,0.7521452,0.0028893242,0.4,0.0,0.27799758,0.0067907637,0.26634657,0.004552532,0.4,0.0,0.26709494,0.009698221
375316653866487564,5989113439352667008,0.57860345,2108.9112267339765,1.0461018077664128,3.3510605E-5,19.246527,0.0047807414,0.6679434,1.551161E-4,0.024177957,4.4414573E-4,1.0432951,0.012736091,0.890403,0.0059205876,0.020354463,0.004857947,0.038367767,0.0051002614,null,null,null,null,"TWOGAUSSIANS",8,1.6879958,0.6679434,1.551161E-4,0.13539657,0.0024872161,1.0432951,0.012736091,0.890403,0.0059205876,0.11398499,0.027204504,0.038367767,0.0051002614
375316653866487564,5989113778669280512,0.5471448,2095.0449138140207,2.303385549322678,1.0151155E-5,17.715708,0.00972122,0.26151234,0.0031462142,0.05486978,0.004258769,0.5490383,0.011191397,0.75582546,0.00217862,0.04785868,0.0035307268,0.39643574,0.0516836,null,null,null,null,"TWOGAUSSIANS",8,28.79887,0.26151234,0.0031462142,0.30727077,0.023849107,0.54903316,0.011189487,0.75582546,0.00217862,0.26800862,0.01977207,0.39643058,0.051686227
375316653866487564,5989113954771827328,0.6338624,2079.064716194052,1.525977627474058,4.9598884E-6,16.416487,0.004769469,0.2172881,0.002050596,0.081854165,0.0025061895,0.23374242,0.0050338944,0.71357965,7.7402056E-4,0.080580756,0.001667501,0.37111533,0.0049743066,null,null,null,null,"TWOGAUSSIANS",8,8.999731,0.71357965,7.7402056E-4,0.4,0.0,0.36633053,0.0044225003,0.2172881,0.002050596,0.4,0.0,0.22895762,0.0043528825
375316653866487564,5989114603287287424,0.48685655,2099.354275450545,0.7152407275676131,1.8535746E-5,17.748245,0.019629499,0.32637012,0.040311664,0.13207735,0.10920791,0.044306867,0.026564356,0.8023882,0.004145667,0.055731136,0.008934006,0.08298065,0.012776158,null,null,null,null,"TWOGAUSSIANS",8,1.7377219,0.8023882,0.004145667,0.31209436,0.050030436,0.08112514,0.0092467815,0.32637012,0.040311664,0.4,0.0,0.042367455,0.029290518
375316653866487564,5989114676303140992,0.6036224,2092.934964760342,1.3234502798734464,3.2003016E-5,18.283525,0.003321712,0.4850667,0.03854832,0.03657939,0.033503428,0.05406569,35.791847,0.66594154,0.0026332752,0.036192834,0.0024122791,0.7431981,0.016928047,null,null,null,null,"TWOGAUSSIANS",8,4.5732446,0.66594154,0.0026332752,0.20267987,0.013508763,0.7431984,0.016928788,0.4850767,0.03857612,0.20484458,0.18761921,0.054068495,35.791843
375316653866487564,5989115019923712640,0.56633854,2093.885382688095,3.248979636554199,1.3097981E-5,17.174793,0.013588006,0.21850477,0.0065517863,0.0833781,0.005942357,0.45686874,0.020370824,0.715572,0.0031431958,0.08325088,0.0042953733,0.55825335,0.01866485,null,null,null,null,"TWOGAUSSIANS",8,27.501436,0.715572,0.0031431958,0.4,0.0,0.54764074,0.01750995,0.21850477,0.0065517863,0.4,0.0,0.44625616,0.017190643
375316653866487564,5989115397880859776,0.4854886,2101.8818134413123,1.1212018149791494,6.564267E-5,15.6438675,0.0050586197,0.3329301,1.4239109E-5,0.01864008,5.0124235E-4,0.12395615,0.0049842387,0.80852073,0.030694127,0.07246984,0.054338314,0.029604986,0.0077438,null,null,null,null,"TWOGAUSSIANS",8,19.13343,0.3329301,1.4239109E-5,0.104384445,0.0028069573,0.12395615,0.004983009,0.80852073,0.030694127,0.4,0.14724949,0.02960498,0.007744396
375316653866487564,5989119727208698496,0.4914832,2059.4526761293364,0.10813339263121712,6.76164E-5,15.2592745,0.004127857,0.2582618,0.025194678,0.069475465,0.02058248,0.018076617,0.0036526625,0.62718445,0.009013042,0.1306004,0.014410427,0.06858111,0.0050392305,null,null,null,null,"TWOGAUSSIANS",8,18.616825,0.62718445,0.009013042,0.4,0.0,0.06801168,0.0048488867,0.2669418,0.02857375,0.3890626,0.08641254,0.018894741,0.0036355073
375316653866487564,5989119929046760960,0.56000954,2071.01400861227,2.3784337983677064,7.6120878E-6,17.845345,0.00468261,0.2810826,0.007358432,0.087306194,0.009830556,0.09764615,0.0053388327,0.7873927,0.0021369099,0.069155686,0.0025532239,0.2671906,0.004894239,null,null,null,null,"TWOGAUSSIANS",8,2.603909,0.7873927,0.0021369099,0.38727185,0.014298053,0.26561105,0.0042617056,0.2810826,0.007358432,0.4,0.0,0.096066564,0.0051497626
375316653866487564,5989121269079762304,0.44987375,2079.8062358508864,0.7684247507090031,2.2211085E-5,18.55508,0.012188043,0.47407952,0.010341064,0.07095202,0.01320233,0.107221805,0.01304905,0.68484354,2.9310363E-4,0.005633845,6.384231E-4,2.6643739,1.127574,null,null,null,null,"TWOGAUSSIANS",8,18.032911,0.68484354,2.9310363E-4,0.031549532,0.0035751692,2.6656747,1.1264653,0.47407952,0.010341064,0.39733133,0.05051906,0.107221805,0.01304905
375316653866487564,5989121509598052864,0.54651535,2080.6010789481434,3.15715272939553,1.45078E-5,18.250498,0.008368034,0.2888381,0.002786484,0.085257575,0.004950691,0.26812598,0.008323878,0.78905755,0.0039929515,0.08581614,0.005309027,0.30047837,0.012473205,null,null,null,null,"TWOGAUSSIANS",8,3.8053074,0.78905755,0.0039929515,0.4,0.0,0.29257977,0.012280859,0.2888381,0.002786484,0.4,0.0,0.2602274,0.0069422177
375316653866487564,5989121513915132544,0.6073191,2096.8652516100497,3.040918443535177,1.0696062E-5,18.907845,0.0121030575,0.24996053,0.0026960066,0.0728169,0.004182163,0.5059787,0.015448486,0.7610785,0.004993333,0.0844036,0.0060604652,0.41328323,0.023523686,null,null,null,null,"TWOGAUSSIANS",8,2.6332219,0.24996053,0.0026960066,0.4,0.005376143,0.5013958,0.014883247,0.7610785,0.004993333,0.4,0.0,0.4087003,0.023738071
375316653866487564,5989122128073713024,0.5798786,2079.695225686166,1.3118633143584495,2.8526918E-5,18.342117,0.006626214,0.45945692,0.03789193,0.06338137,0.05590344,0.032229636,0.012975185,0.8308341,0.0077767503,0.02928996,0.00860065,0.722886,0.12078142,null,null,null,null,"TWOGAUSSIANS",8,7.8672657,0.8308341,0.0077767503,0.16402379,0.048163645,0.722886,0.12079094,0.45945692,0.03789193,0.35493565,0.092042364,0.032229636,0.012976612
375316653866487564,5989122574750212608,0.45973575,2086.257402364883,0.6300070026769163,2.02779E-4,18.494839,0.0018417087,0.2403498,0.0017644131,0.006067697,0.0020213118,0.037481897,0.031208063,0.66546327,0.0052313865,0.03295162,0.0067581483,0.30160746,0.043487865,null,null,null,null,"TWOGAUSSIANS",8,2.2244964,0.66546327,0.0052313865,0.18452907,0.03784563,0.30160746,0.043487865,0.2403498,0.0017644131,0.033979103,0.011319346,0.037481897,0.031208063
375316653866487564,5989124743730720640,0.61941576,2081.602510141476,2.579544381379255,5.462736E-6,16.500875,0.005442907,0.24328035,0.0010498136,0.07676718,0.0025583485,0.28249285,0.0064589824,0.731386,0.0031219546,0.08341935,0.002631356,0.46927583,0.01927443,null,null,null,null,"TWOGAUSSIANS",8,7.0814624,0.731386,0.0031219546,0.4,0.0,0.46483058,0.019528285,0.24328035,0.0010498136,0.4,0.0,0.2780476,0.0063896985
375316653866487564,5989125740163098496,0.47173774,2071.9428742846576,2.737595857017665,4.4343316E-5,16.195108,0.034071703,0.3196263,0.009019537,0.11950014,0.017504364,0.15980032,0.035453025,0.74611235,0.03803089,0.10559374,0.042115334,0.10842011,0.034136336,null,null,null,null,"TWOGAUSSIANS",8,67.474075,0.3197363,0.008740855,0.4,0.0,0.1494943,0.017481888,0.74611235,0.03803089,0.4,0.0,0.09835847,0.014330407
375316653866487564,5989125877602889472,0.47717682,2055.928483389586,0.20834821097408235,5.7623092E-5,16.945421,0.0051824087,0.16451547,0.01783003,0.026358914,0.014068613,0.027111646,0.011420232,0.8213957,0.006614213,0.037637927,0.008584419,0.21281287,0.087213114,0.020024857,0.005342663,0.16451547,0.01783003,"TWOGAUSSIANS_WITH_ELLIPSOIDAL_ON_ECLIPSE1",9,19.445112,0.8213957,0.006614213,0.2107724,0.04807275,0.22502826,0.087160796,0.16451547,0.01783003,0.14760992,0.078784235,0.067161344,0.012822247
