Gaia/vari_eclipsing_binary/VariEclipsingBinary_207682-207715.csv
# %ECSV 1.0
# ---
# delimiter: ','
# meta: !!omap
# - RELEASE: Gaia DR3
# - TABLE: vari_eclipsing_binary
# - DESCRIPTION: >
#     This table describes the properties of the eclipsing binaries resulting from the variability analysis. 
# - CITATION: >
#     How to cite and acknowledge Gaia: 
#     https://gea.esac.esa.int/archive/documentation/credits.html 
# - KNOWN_ISSUES: >
#     Known issues: 
#     https://www.cosmos.esa.int/web/gaia-users/known-issues 
# - DOCUMENTATION: >
#     Tutorials and documentation: 
#     https://www.cosmos.esa.int/web/gaia-users/archive 
# datatype:
# - 
#   name: solution_id
#   datatype: int64
#   description: Solution Identifier
#   meta:
#     ucd: meta.version
# - 
#   name: source_id
#   datatype: int64
#   description: Unique source identifier
#   meta:
#     ucd: meta.id;meta.main
# - 
#   name: global_ranking
#   datatype: float32
#   description: Number between 0 (worst) and 1 (best)
#   meta:
#     ucd: stat.param
# - 
#   name: reference_time
#   datatype: float64
#   unit: d
#   description: Reference time used for the geometric model fit
#   meta:
#     ucd: time.epoch
# - 
#   name: frequency
#   datatype: float64
#   unit: d**-1
#   description: Frequency of geometric model of the eclipsing binary light curve
#   meta:
#     ucd: src.orbital
# - 
#   name: frequency_error
#   datatype: float32
#   unit: d**-1
#   description: "Uncertainty of \\texttt{frequency}"
#   meta:
#     ucd: stat.error
# - 
#   name: geom_model_reference_level
#   datatype: float32
#   unit: mag
#   description: Magnitude reference level of geometric model
#   meta:
#     ucd: phot.mag;em.opt
# - 
#   name: geom_model_reference_level_error
#   datatype: float32
#   unit: mag
#   description: "Uncertainty of \\texttt{geomModelReferenceLevel}"
#   meta:
#     ucd: stat.error;phot.mag;em.opt
# - 
#   name: geom_model_gaussian1_phase
#   datatype: float32
#   description: Phase of the Gaussian 1 component
#   meta:
#     ucd: time.phase
# - 
#   name: geom_model_gaussian1_phase_error
#   datatype: float32
#   description: "Uncertainty of \\texttt{geomModelGaussian1Phase}"
#   meta:
#     ucd: stat.error;time.phase
# - 
#   name: geom_model_gaussian1_sigma
#   datatype: float32
#   description: "Standard deviation [phase] of Gaussian 1 component"
#   meta:
#     ucd: stat.stdev
# - 
#   name: geom_model_gaussian1_sigma_error
#   datatype: float32
#   description: "Uncertainty of \\texttt{geomModelGaussian1Sigma}"
#   meta:
#     ucd: stat.error
# - 
#   name: geom_model_gaussian1_depth
#   datatype: float32
#   unit: mag
#   description: Magnitude depth of Gaussian 1 component
#   meta:
#     ucd: src.var.amplitude
# - 
#   name: geom_model_gaussian1_depth_error
#   datatype: float32
#   unit: mag
#   description: "Uncertainty of \\texttt{geomModelGaussian1Depth}"
#   meta:
#     ucd: stat.error;src.var.amplitude
# - 
#   name: geom_model_gaussian2_phase
#   datatype: float32
#   description: Phase of Gaussian 2 component
#   meta:
#     ucd: time.phase
# - 
#   name: geom_model_gaussian2_phase_error
#   datatype: float32
#   description: "Uncertainty of \\texttt{geomModelGaussian2Phase}"
#   meta:
#     ucd: stat.error;time.phase
# - 
#   name: geom_model_gaussian2_sigma
#   datatype: float32
[...]
#   datatype: float32
#   description: "Secondary eclipse: uncertainty of \\texttt{derivedSecondaryEclDuration}"
#   meta:
#     ucd: stat.error;time.duration
# - 
#   name: derived_secondary_ecl_depth
#   datatype: float32
#   unit: mag
#   description: "Secondary eclipse: depth"
#   meta:
#     ucd: src.var.amplitude
# - 
#   name: derived_secondary_ecl_depth_error
#   datatype: float32
#   unit: mag
#   description: "Secondary eclipse: uncertainty of \\texttt{derivedSecondaryEclDepth}"
#   meta:
#     ucd: stat.error;src.var.amplitude
solution_id,source_id,global_ranking,reference_time,frequency,frequency_error,geom_model_reference_level,geom_model_reference_level_error,geom_model_gaussian1_phase,geom_model_gaussian1_phase_error,geom_model_gaussian1_sigma,geom_model_gaussian1_sigma_error,geom_model_gaussian1_depth,geom_model_gaussian1_depth_error,geom_model_gaussian2_phase,geom_model_gaussian2_phase_error,geom_model_gaussian2_sigma,geom_model_gaussian2_sigma_error,geom_model_gaussian2_depth,geom_model_gaussian2_depth_error,geom_model_cosine_half_period_amplitude,geom_model_cosine_half_period_amplitude_error,geom_model_cosine_half_period_phase,geom_model_cosine_half_period_phase_error,model_type,num_model_parameters,reduced_chi2,derived_primary_ecl_phase,derived_primary_ecl_phase_error,derived_primary_ecl_duration,derived_primary_ecl_duration_error,derived_primary_ecl_depth,derived_primary_ecl_depth_error,derived_secondary_ecl_phase,derived_secondary_ecl_phase_error,derived_secondary_ecl_duration,derived_secondary_ecl_duration_error,derived_secondary_ecl_depth,derived_secondary_ecl_depth_error
[from data line 513]
375316653866487564,1827003603687264640,0.5681058,2322.9959185777193,3.365824934666938,6.2720815E-6,19.026772,0.006880252,0.24751736,0.002699118,0.07687812,0.002769695,0.47036204,0.011789861,0.74978423,0.0019275246,0.07752129,0.003105269,0.39442673,0.013045866,null,null,null,null,"TWOGAUSSIANS",8,2.050964,0.24751736,0.002699118,0.4,0.0,0.46602646,0.011469664,0.74978423,0.0019275246,0.4,0.0,0.39009115,0.0133087495
375316653866487564,1827004084741339776,0.6135581,2314.6206443194906,0.8191764185070306,2.8742654E-6,15.72937,0.0050416947,0.2579357,0.0015667453,0.11035743,0.0043275068,0.16764928,0.004067979,0.76211995,0.0010731658,0.10071878,0.0030354506,0.17101632,0.004634972,null,null,null,null,"TWOGAUSSIANS",8,4.5952616,0.76211995,0.0010728769,0.4,0.0,0.15152948,0.0023667281,0.2579357,0.0015667453,0.4,0.0,0.14815214,0.0031474498
375316653866487564,1827004565759960448,0.5776728,2325.293079150985,2.7666815743601534,4.12397E-6,18.967457,0.011772365,0.2854413,0.002650263,0.04897372,0.0049122763,0.29038647,0.043590512,0.77383167,0.0018503075,0.050761476,0.0029024305,0.42857546,0.028025562,0.113112316,0.016189838,0.2854413,0.002650263,"TWOGAUSSIANS_WITH_ELLIPSOIDAL_ON_ECLIPSE1",9,2.936683,0.77495164,0.0015779393,0.28426427,0.016253611,0.6537116,0.019751484,0.2854413,0.002650263,0.27425283,0.027508747,0.51660824,0.040400065
375316653866487564,1827004840655618560,0.56526697,2334.2066048683587,2.456842072812088,8.160544E-6,18.399546,0.007640428,0.22341356,0.002611261,0.08627886,0.004475627,0.35300183,0.012269138,0.7268596,0.0014765848,0.08276465,0.0027082625,0.34279245,0.0075853853,null,null,null,null,"TWOGAUSSIANS",8,3.6363738,0.22341356,0.002611261,0.4,0.0,0.34475166,0.012937401,0.7268596,0.0014765848,0.4,0.0,0.3345423,0.006132332
375316653866487564,1827005424755933184,0.55277354,2345.148547571391,2.4114753772598543,5.2244354E-6,19.385191,0.015450845,0.22108538,0.0040259003,0.09977503,0.0063923523,0.41400394,0.016124798,0.71622,0.0015338479,0.08722288,0.0038707028,0.44329277,0.01584631,null,null,null,null,"TWOGAUSSIANS",8,1.2217969,0.71622,0.0015338479,0.4,0.0,0.42102504,0.012888477,0.22108538,0.0040259003,0.4,0.0,0.3917333,0.013534158
375316653866487564,1827006008886639232,0.6252859,2293.775777130827,3.93749820809482,3.5014973E-6,17.460798,0.00992952,0.25869843,0.0013348198,0.053016387,0.0029298037,0.38526282,0.020622034,0.75934553,0.0021511572,0.051654547,0.0033179764,0.3616027,0.024766505,0.096630916,0.012655363,0.25869843,0.0013348198,"TWOGAUSSIANS_WITH_ELLIPSOIDAL_ON_ECLIPSE1",9,10.156057,0.25869843,0.0013348198,0.29689175,0.016406901,0.5785158,0.0067412294,0.75934553,0.0020773562,0.28926545,0.018580668,0.5548525,0.013421806
375316653866487564,1827006077587005184,0.46481347,2290.1094639456824,3.5608751661711135,1.9691272E-5,19.820494,0.012597992,0.18024702,0.006910574,0.05153786,0.008631431,0.2952865,0.09301132,0.6557916,0.0063185557,0.0729721,0.007494233,0.26955646,0.017853767,null,null,null,null,"TWOGAUSSIANS",8,3.419459,0.18024702,0.006910574,0.28861204,0.048336014,0.29520917,0.09305482,0.6557916,0.0063185557,0.4,0.008943263,0.26947913,0.017825197
375316653866487564,1827006142000752768,0.5690715,2304.2851984543972,3.3698266720941255,4.5785364E-6,18.69603,0.0069623,0.13751432,0.0014747649,0.08183659,0.002335075,0.47907096,0.011999832,0.6357664,0.0022233885,0.081909284,0.0033182404,0.41987693,0.013111568,null,null,null,null,"TWOGAUSSIANS",8,2.043087,0.13751432,0.0014747649,0.4,0.0,0.47087085,0.012086041,0.6357664,0.0022233885,0.4,0.0,0.41167682,0.013681965
375316653866487564,1827007005319069696,0.45585662,2302.0129208147923,0.13326424577235713,5.797459E-5,16.490114,0.0035014548,0.18387032,0.009683573,0.009235721,0.0070370133,0.28508317,3213.1133,0.62273806,3.0514708E-4,0.013774439,7.852583E-4,0.055090275,0.004868968,0.010880705,0.0045131654,0.18387032,0.009683573,"TWOGAUSSIANS_WITH_ELLIPSOIDAL_ON_ECLIPSE1",9,42.24199,0.18387032,0.009683573,0.051720034,0.039407276,0.3068446,3213.1194,0.62306803,1.431347E-4,0.07713686,0.0043974463,0.07381137,0.0041863313
375316653866487564,1827007039663601152,0.45535284,2321.9365990993606,2.931861085323354,3.1043342E-5,19.29461,0.036443263,0.2909047,0.006156896,0.09093048,0.012462376,0.45962906,0.03456122,0.7978674,0.006773156,0.0822621,0.010462884,0.4069625,0.052089393,null,null,null,null,"TWOGAUSSIANS",8,13.530972,0.2909047,0.006156896,0.4,0.0,0.44768336,0.02404515,0.7978674,0.006773156,0.4,0.0,0.3950171,0.04990711
375316653866487564,1827007859980804352,0.41685468,2319.31402991491,0.3188247490621951,2.3586199E-5,18.223639,0.0036875913,0.037038222,0.016073164,0.020080589,0.0094084535,0.01806883,0.0068967175,0.7023734,2.0766312E-4,0.007921218,0.0011247882,0.20443279,0.02334619,null,null,null,null,"TWOGAUSSIANS",8,10.315168,0.7023734,2.0766312E-4,0.044358823,0.0062988135,0.20443279,0.02334619,0.037038222,0.016073164,0.1124513,0.05268734,0.01806883,0.0068967175
375316653866487564,1827007997427331456,0.52543336,2319.5035714864625,1.7139341744671492,1.0489986E-5,19.202631,0.007591243,0.2568187,0.0032254658,0.08535744,0.003868445,0.29319343,0.009823333,0.7609387,0.0035228159,0.07890601,0.005390906,0.32817784,0.012391052,null,null,null,null,"TWOGAUSSIANS",8,2.0961158,0.7609387,0.0035228159,0.4,0.0,0.32260662,0.012495873,0.2568187,0.0032254658,0.4,0.0,0.28762218,0.0089322515
375316653866487564,1827009749775043072,0.40573886,2319.42311134938,0.021197195936313126,7.6444354E-5,17.396578,0.013738169,0.25968006,0.016500885,0.16790423,0.04387575,0.07689165,0.010963401,0.69516575,0.014501297,0.05515121,0.011668126,0.1709627,0.089632556,null,null,null,null,"TWOGAUSSIANS",8,16.163763,0.69516575,0.014501297,0.30884677,0.0653415,0.16746642,0.09138834,0.25968006,0.016500885,0.4,0.0,0.070463955,0.0058448794
375316653866487564,1827009784134802176,0.52980095,2336.939645702936,3.0714630570772896,4.8874117E-6,17.995922,0.008313617,0.25741988,0.0019194379,0.089769,0.0043705073,0.2580566,0.0139083555,0.76472545,0.0037593583,0.091319226,0.0069849747,0.21219909,0.010612026,null,null,null,null,"TWOGAUSSIANS",8,4.565012,0.25741988,0.0019194379,0.4,0.0,0.24882318,0.013915902,0.76472545,0.0037593583,0.4,0.0,0.20296563,0.010716437
375316653866487564,1827009788442849152,0.49513915,2341.4571290334698,0.4563629217189721,2.691566E-5,19.603516,0.0037124641,0.3148691,0.003921654,0.011975858,0.0016175552,0.74123883,0.28962442,0.8184863,0.01558231,0.014354961,0.007911587,0.26150882,0.38818607,null,null,null,null,"TWOGAUSSIANS",8,1.7253379,0.3148691,0.003921654,0.06706481,0.009058309,0.74123883,0.28962442,0.8184863,0.01558231,0.08038778,0.04430489,0.26150882,0.38818607
375316653866487564,1827010028961039232,0.52839464,2254.320480647111,3.3692357463290943,1.1525629E-5,19.234161,0.012721051,0.24613422,0.0031898383,0.08354789,0.005063497,0.47806004,0.021402938,0.7460803,0.014000461,0.080630444,0.0151411425,0.3709702,0.028789021,null,null,null,null,"TWOGAUSSIANS",8,2.8158095,0.24613422,0.0031898383,0.4,0.0,0.46990117,0.021579117,0.7460803,0.014000461,0.4,0.023128223,0.36281136,0.03169696
375316653866487564,1827010643127389184,0.49279082,2331.3188359885908,1.9939968022995038,1.6195927E-5,19.831264,0.008863168,0.34197688,0.023787277,0.06473072,0.015933909,0.11024209,0.010011977,0.85983014,0.0035313454,0.048455756,0.0054316516,0.30621168,0.013989038,null,null,null,null,"TWOGAUSSIANS",8,1.6251903,0.85983014,0.0035313454,0.27135223,0.030417249,0.30620217,0.013988304,0.34197688,0.023787277,0.36249202,0.08594127,0.11023257,0.010005144
375316653866487564,1827011437725710336,0.5412187,2351.5659331310517,0.21040885613035237,1.6446314E-6,17.548862,0.0011433015,0.23992166,3.7216503E-4,0.010599224,4.0711722E-4,0.19991884,0.005389113,0.7424696,0.008692857,0.0134157585,0.0051679714,0.1115428,0.06925539,null,null,null,null,"TWOGAUSSIANS",8,1.9911118,0.23992166,3.7216503E-4,0.059355654,0.0022798565,0.19991884,0.005389113,0.7424696,0.008692857,0.07512824,0.02894064,0.1115428,0.06925539
375316653866487564,1827012090560750336,0.5779137,2329.411847161614,0.4796802553008889,4.089814E-6,17.550253,0.0016713766,0.20964256,0.00329446,0.03774484,0.0026720567,0.0666253,0.003967532,0.7072533,4.8180873E-4,0.03430058,8.789407E-4,0.3449184,0.0062390286,null,null,null,null,"TWOGAUSSIANS",8,3.4600673,0.7072533,4.8180873E-4,0.19208325,0.0049220677,0.3449184,0.0062390286,0.20964256,0.00329446,0.2113711,0.014963518,0.0666253,0.003967532
375316653866487564,1827012502877677568,0.5598191,2326.300484279181,2.634230165431052,7.3758542E-6,18.019295,0.01174415,0.19477288,0.002150966,0.09416437,0.0040762518,0.39433974,0.011720112,0.6958513,0.0018957489,0.09852808,0.004758599,0.36743584,0.012412475,null,null,null,null,"TWOGAUSSIANS",8,5.8105965,0.19477288,0.002150966,0.4,0.0,0.3684828,0.008343433,0.6958513,0.0018957489,0.4,0.0,0.3415776,0.011809589
375316653866487564,1827013086993275904,0.53612524,2333.1473045321095,1.4746638206554437,7.6126735E-6,16.052896,0.0020932318,0.23042858,0.0018928328,0.031244474,0.07641276,0.007599709,0.037780385,null,null,null,null,null,null,0.08420381,0.003918942,0.23042858,0.0018928328,"ONEGAUSSIAN_WITH_ELLIPSOIDAL",6,27.183039,0.23042858,0.0018928328,0.17496905,0.42791143,0.17600732,0.04203061,null,null,null,null,null,null
375316653866487564,1827013705452233856,0.47947252,2338.4795042754445,1.7018820882650747,1.4993664E-5,19.490929,0.006633848,0.28599465,0.004791816,0.06396649,0.0060776058,0.26074868,0.011572792,0.7836611,0.008034286,0.07011394,0.010740054,0.18740231,0.046516377,null,null,null,null,"TWOGAUSSIANS",8,2.744539,0.28599465,0.004791816,0.35821235,0.034034595,0.26035684,0.011547246,0.7836611,0.008034286,0.3926381,0.0499402,0.18701044,0.04673048
375316653866487564,1827014457060308352,0.6165233,2361.6059714932026,2.473060618843449,5.7273205E-6,17.588469,0.0050880425,0.24225566,0.0014245829,0.084850125,0.001850013,0.45793676,0.008225,0.74013954,0.0015600862,0.088742405,0.0019302906,0.3968826,0.009549785,null,null,null,null,"TWOGAUSSIANS",8,4.552107,0.24225566,0.0014245829,0.4,0.0,0.44496647,0.0083716875,0.74013954,0.0015600862,0.4,0.0,0.3839122,0.009530056
375316653866487564,1827015011138535424,0.57977647,2343.4129189925898,0.8746043784777087,3.846003E-6,17.908873,0.0048830626,0.24817045,0.0012870813,0.08944831,0.002348321,0.30583006,0.0055446085,0.7462829,0.001272836,0.0900904,0.0025676554,0.24193099,0.007091537,null,null,null,null,"TWOGAUSSIANS",8,2.429623,0.24817045,0.0012870813,0.4,0.0,0.2949131,0.00500413,0.7462829,0.001272836,0.4,0.0,0.23101404,0.0068906583
375316653866487564,1827015316053019008,0.5262129,2368.2129308780823,1.48488318284347,4.6195505E-6,19.259289,0.0053889435,0.31118232,0.0010621704,0.03347481,0.0017690863,0.64575946,0.05401499,0.80908066,0.0011908603,0.03368833,0.0013145918,0.43985173,0.024975495,null,null,null,null,"TWOGAUSSIANS",8,3.368763,0.31118232,0.0010621704,0.18745893,0.009906883,0.64575946,0.05401499,0.80908066,0.0011908603,0.18865465,0.0073617143,0.43985173,0.024975495
375316653866487564,1827015732693043840,0.5862157,2317.4296983288446,2.134586710597258,4.8514694E-6,16.049711,0.0066034067,0.2345921,0.0019378519,0.10650477,0.0045562624,0.18914035,0.006117862,0.73293114,0.0016620277,0.09961813,0.0042617247,0.192943,0.006005761,null,null,null,null,"TWOGAUSSIANS",8,7.026286,0.73293114,0.0016620277,0.4,0.0,0.17320496,0.0037142516,0.2345921,0.0019378519,0.4,0.0,0.1693974,0.0033586663
375316653866487564,1827015968888282368,0.57233113,2318.291852157387,0.47850821184775966,1.3703946E-5,16.838266,0.001978812,0.22077273,0.0035764165,0.035655454,0.008510542,0.05230486,0.011569412,0.7180781,0.0020921642,0.024593187,0.0013971038,0.5009636,0.032512724,null,null,null,null,"TWOGAUSSIANS",8,7.7074976,0.7180781,0.0020921642,0.13772185,0.007823781,0.5009636,0.032512724,0.22077273,0.0035764165,0.19967054,0.047659036,0.05230486,0.011569412
375316653866487564,1827016041930697728,0.50461495,2318.2084787475287,0.8057218046381067,4.464954E-5,14.080222,0.0018613479,0.18379222,0.0046226955,0.02220607,0.003580256,0.10855263,0.011719409,0.664733,0.004521515,0.011716015,0.004710036,0.3177472,0.0605101,0.00889978,0.0032836623,0.18379222,0.0046226955,"TWOGAUSSIANS_WITH_ELLIPSOIDAL_ON_ECLIPSE1",9,233.35301,0.664743,0.004521316,0.06560968,0.026376203,0.33529285,0.06099907,0.18379222,0.0046226955,0.124354,0.020049432,0.12635218,0.009071149
375316653866487564,1827017141426305280,0.4525932,2337.5112795450327,3.0288181619380325,1.8687739E-5,18.903944,0.27572736,0.25656322,0.0052223545,0.17222679,0.025972646,0.8265299,0.2514902,0.7559133,0.006206672,0.17132223,0.02507285,0.80036086,0.24663007,null,null,null,null,"TWOGAUSSIANS",8,6.618033,0.2567332,0.005155578,0.4,0.0,0.28653258,0.016896637,0.7559133,0.006221346,0.4,0.0,0.26216978,0.019293956
375316653866487564,1827017588102952576,0.54844576,2357.385947324596,1.5795111129032167,5.1305146E-6,18.681128,0.0023319586,0.25988746,0.004713765,0.0668941,0.004988452,0.14457026,0.009306546,0.7626804,0.0015017794,0.05399039,0.0016393599,0.2964521,0.0115411,null,null,null,null,"TWOGAUSSIANS",8,1.4767716,0.7626804,0.0015017794,0.3023462,0.009180415,0.29638314,0.01154848,0.25988746,0.004713765,0.37460697,0.02793533,0.14450127,0.009325519
375316653866487564,1827017721235737856,0.46369237,2354.230733428637,2.5559279110527817,1.8257117E-5,18.179792,0.011184409,0.28353032,0.0088903485,0.07268754,0.0054198764,0.21840505,0.01783342,0.7387731,0.021168927,0.114437655,0.034533802,0.063833624,0.011840081,null,null,null,null,"TWOGAUSSIANS",8,12.37741,0.28355032,0.008895928,0.4,0.00983274,0.21565062,0.016013468,0.7387731,0.021168927,0.4,0.0,0.061055046,0.010515098
375316653866487564,1827017858674508288,0.6204428,2343.5265486005487,2.182687420990015,4.0573636E-6,18.015621,0.0065243854,0.23923309,0.0018204389,0.04979776,0.006233694,0.12079968,0.018011894,0.7402662,0.0020956679,0.050808284,0.003704021,0.14633875,0.014734864,0.11132205,0.008277078,0.23923309,0.0018204389,"TWOGAUSSIANS_WITH_ELLIPSOIDAL_ON_ECLIPSE1",9,2.4382126,0.7402662,0.0020224876,0.28452638,0.020742517,0.36897177,0.005872989,0.23923309,0.0018204389,0.27886745,0.034908686,0.34344205,0.006521976
375316653866487564,1827019855862254080,0.67281246,2336.3353814698266,3.3321711073238607,1.5426208E-6,13.575915,0.004775679,0.22709551,8.1224536E-4,0.043590616,0.002089868,0.51997346,0.027056126,0.72613156,7.790761E-4,0.04340425,0.0014097636,0.5728756,0.021144737,0.124945775,0.0061201085,0.22709551,8.1224536E-4,"TWOGAUSSIANS_WITH_ELLIPSOIDAL_ON_ECLIPSE1",9,80.61672,0.7261916,7.2706846E-4,0.24306381,0.007894676,0.8227583,0.024141438,0.22709551,8.1224536E-4,0.24410746,0.011703261,0.7698648,0.031622514
375316653866487564,1827019855862257536,0.6007973,2334.4089058269915,3.0691609400777997,3.5220141E-6,16.426538,0.005400044,0.24833365,0.0011459348,0.0537699,0.0040611234,0.108477496,0.011056807,0.7499213,0.0025960482,0.06345007,0.0051177475,0.12586932,0.010614669,0.030808516,0.0062979874,0.24833365,0.0011459348,"TWOGAUSSIANS_WITH_ELLIPSOIDAL_ON_ECLIPSE1",9,4.025176,0.7499213,0.0025752108,0.35532036,0.028659387,0.18743013,0.0038645677,0.24833365,0.0011459348,0.30111146,0.022742292,0.17004442,0.0034497823
375316653866487564,1827019993301269120,0.5319282,2345.337472336338,3.124611123838194,8.141837E-6,18.483225,0.0066438704,0.28051078,0.002350196,0.07614673,0.0025982722,0.4697452,0.01735469,0.78983307,0.0021109313,0.07328754,0.0034077342,0.3606946,0.017233146,null,null,null,null,"TWOGAUSSIANS",8,3.8173828,0.28051078,0.002350196,0.4,0.0,0.46726912,0.017467454,0.78983307,0.0021109313,0.4,0.0,0.35821855,0.01754367
