Gaia/vari_eclipsing_binary/VariEclipsingBinary_470066-470099.csv
# %ECSV 1.0
# ---
# delimiter: ','
# meta: !!omap
# - RELEASE: Gaia DR3
# - TABLE: vari_eclipsing_binary
# - DESCRIPTION: >
#     This table describes the properties of the eclipsing binaries resulting from the variability analysis. 
# - CITATION: >
#     How to cite and acknowledge Gaia: 
#     https://gea.esac.esa.int/archive/documentation/credits.html 
# - KNOWN_ISSUES: >
#     Known issues: 
#     https://www.cosmos.esa.int/web/gaia-users/known-issues 
# - DOCUMENTATION: >
#     Tutorials and documentation: 
#     https://www.cosmos.esa.int/web/gaia-users/archive 
# datatype:
# - 
#   name: solution_id
#   datatype: int64
#   description: Solution Identifier
#   meta:
#     ucd: meta.version
# - 
#   name: source_id
#   datatype: int64
#   description: Unique source identifier
#   meta:
#     ucd: meta.id;meta.main
# - 
#   name: global_ranking
#   datatype: float32
#   description: Number between 0 (worst) and 1 (best)
#   meta:
#     ucd: stat.param
# - 
#   name: reference_time
#   datatype: float64
#   unit: d
#   description: Reference time used for the geometric model fit
#   meta:
#     ucd: time.epoch
# - 
#   name: frequency
#   datatype: float64
#   unit: d**-1
#   description: Frequency of geometric model of the eclipsing binary light curve
#   meta:
#     ucd: src.orbital
# - 
#   name: frequency_error
#   datatype: float32
#   unit: d**-1
#   description: "Uncertainty of \\texttt{frequency}"
#   meta:
#     ucd: stat.error
# - 
#   name: geom_model_reference_level
#   datatype: float32
#   unit: mag
#   description: Magnitude reference level of geometric model
#   meta:
#     ucd: phot.mag;em.opt
# - 
#   name: geom_model_reference_level_error
#   datatype: float32
#   unit: mag
#   description: "Uncertainty of \\texttt{geomModelReferenceLevel}"
#   meta:
#     ucd: stat.error;phot.mag;em.opt
# - 
#   name: geom_model_gaussian1_phase
#   datatype: float32
#   description: Phase of the Gaussian 1 component
#   meta:
#     ucd: time.phase
# - 
#   name: geom_model_gaussian1_phase_error
#   datatype: float32
#   description: "Uncertainty of \\texttt{geomModelGaussian1Phase}"
#   meta:
#     ucd: stat.error;time.phase
# - 
#   name: geom_model_gaussian1_sigma
#   datatype: float32
#   description: "Standard deviation [phase] of Gaussian 1 component"
#   meta:
#     ucd: stat.stdev
# - 
#   name: geom_model_gaussian1_sigma_error
#   datatype: float32
#   description: "Uncertainty of \\texttt{geomModelGaussian1Sigma}"
#   meta:
#     ucd: stat.error
# - 
#   name: geom_model_gaussian1_depth
#   datatype: float32
#   unit: mag
#   description: Magnitude depth of Gaussian 1 component
#   meta:
#     ucd: src.var.amplitude
# - 
#   name: geom_model_gaussian1_depth_error
#   datatype: float32
#   unit: mag
#   description: "Uncertainty of \\texttt{geomModelGaussian1Depth}"
#   meta:
#     ucd: stat.error;src.var.amplitude
# - 
#   name: geom_model_gaussian2_phase
#   datatype: float32
#   description: Phase of Gaussian 2 component
#   meta:
#     ucd: time.phase
# - 
#   name: geom_model_gaussian2_phase_error
#   datatype: float32
#   description: "Uncertainty of \\texttt{geomModelGaussian2Phase}"
#   meta:
#     ucd: stat.error;time.phase
# - 
#   name: geom_model_gaussian2_sigma
#   datatype: float32
[...]
#   datatype: float32
#   description: "Secondary eclipse: uncertainty of \\texttt{derivedSecondaryEclDuration}"
#   meta:
#     ucd: stat.error;time.duration
# - 
#   name: derived_secondary_ecl_depth
#   datatype: float32
#   unit: mag
#   description: "Secondary eclipse: depth"
#   meta:
#     ucd: src.var.amplitude
# - 
#   name: derived_secondary_ecl_depth_error
#   datatype: float32
#   unit: mag
#   description: "Secondary eclipse: uncertainty of \\texttt{derivedSecondaryEclDepth}"
#   meta:
#     ucd: stat.error;src.var.amplitude
solution_id,source_id,global_ranking,reference_time,frequency,frequency_error,geom_model_reference_level,geom_model_reference_level_error,geom_model_gaussian1_phase,geom_model_gaussian1_phase_error,geom_model_gaussian1_sigma,geom_model_gaussian1_sigma_error,geom_model_gaussian1_depth,geom_model_gaussian1_depth_error,geom_model_gaussian2_phase,geom_model_gaussian2_phase_error,geom_model_gaussian2_sigma,geom_model_gaussian2_sigma_error,geom_model_gaussian2_depth,geom_model_gaussian2_depth_error,geom_model_cosine_half_period_amplitude,geom_model_cosine_half_period_amplitude_error,geom_model_cosine_half_period_phase,geom_model_cosine_half_period_phase_error,model_type,num_model_parameters,reduced_chi2,derived_primary_ecl_phase,derived_primary_ecl_phase_error,derived_primary_ecl_duration,derived_primary_ecl_duration_error,derived_primary_ecl_depth,derived_primary_ecl_depth_error,derived_secondary_ecl_phase,derived_secondary_ecl_phase_error,derived_secondary_ecl_duration,derived_secondary_ecl_duration_error,derived_secondary_ecl_depth,derived_secondary_ecl_depth_error
[from data line 112]
375316653866487564,4134817208310914048,0.5032518,2261.4733848496135,3.6221631789244837,1.8072518E-5,17.832033,0.007100916,0.26591066,0.0048291595,0.057541154,0.0053655934,0.1811176,0.022511521,0.7769807,0.0061420454,0.064448744,0.016783224,0.20919116,0.055660795,null,null,null,null,"TWOGAUSSIANS",8,5.1925826,0.7769807,0.0061420454,0.36091298,0.050311793,0.20913088,0.056033526,0.26591066,0.0048291595,0.32223046,0.030047324,0.18105732,0.02246479
375316653866487564,4134817448819993856,0.57189465,2236.7264126094587,2.1599551827258545,1.2762144E-5,17.631893,0.0054881503,0.20761909,0.008950704,0.043390725,0.012267792,0.1429334,0.020808475,0.7050404,0.002483609,0.045583155,0.0038987717,0.14623576,0.015492448,0.02897183,0.00982178,0.20761909,0.008950704,"TWOGAUSSIANS_WITH_ELLIPSOIDAL_ON_ECLIPSE1",9,2.6303737,0.7052004,0.0020595528,0.25526565,0.021833122,0.20416501,0.00951974,0.20761909,0.008950704,0.24298805,0.068699636,0.20087692,0.024109978
375316653866487564,4134818071605432832,0.527241,2247.1362323850744,2.7578347730087436,1.2900861E-5,19.255877,0.009267533,0.28694496,0.0024914956,0.071821615,0.0035080507,0.5124799,0.022763778,0.79530466,0.0050335666,0.06996361,0.011512518,0.41320258,0.1247279,null,null,null,null,"TWOGAUSSIANS",8,3.8767507,0.28694496,0.0024914956,0.4,0.0081472015,0.510991,0.02282712,0.79530466,0.0050335666,0.39179623,0.03460062,0.41171363,0.12626916
375316653866487564,4134818101655048576,0.4496498,2247.644802056277,3.2648179735870917,2.7111482E-5,18.825663,0.1902479,0.24384464,0.015368292,0.09091546,0.02924799,0.45779026,0.24279524,0.7753521,0.013631365,0.087807484,0.05378257,0.47826132,0.14387426,null,null,null,null,"TWOGAUSSIANS",8,37.688496,0.7753521,0.013630997,0.4,0.0,0.46703002,0.11224125,0.24384464,0.015334099,0.4,0.0,0.44655848,0.18147491
375316653866487564,4134818445252536192,0.53116363,2219.926415111492,2.820404921491869,2.494361E-5,18.118677,0.019959092,0.32947838,0.008666182,0.09585262,0.015929673,0.27309147,0.028652355,0.83280534,0.0038491057,0.08892401,0.00892567,0.25538215,0.020080607,null,null,null,null,"TWOGAUSSIANS",8,4.920366,0.32947838,0.008666182,0.4,0.0,0.26015604,0.03170746,0.83280534,0.0038491057,0.4,0.0,0.24244735,0.016585313
375316653866487564,4134820167549810432,0.4812222,2239.7574689948256,1.0690331846458385,8.095048E-6,19.310158,0.008136181,0.081865534,2.7938758E-4,0.016809944,0.0025534455,0.52402556,0.29304132,0.67712516,1.1399528E-4,0.02950322,0.0013861178,0.26302037,0.008162188,null,null,null,null,"TWOGAUSSIANS",8,2.152346,0.081865534,2.7938758E-4,0.09413569,0.014299295,0.52402556,0.29304132,0.67712516,1.1399528E-4,0.16521804,0.0077622593,0.26302037,0.008162188
375316653866487564,4134820923464107648,0.5585025,2272.501246744572,3.0015505993005083,1.39083895E-5,19.268534,0.027902232,0.15331458,0.005902263,0.09633053,0.008143934,0.39570737,0.03022188,0.6477093,0.0050250976,0.09142866,0.008886816,0.36680606,0.029511178,null,null,null,null,"TWOGAUSSIANS",8,1.340962,0.15331458,0.005902263,0.4,0.0,0.3754015,0.018853387,0.6477093,0.0050250976,0.4,0.0,0.34650108,0.023040691
375316653866487564,4134820957823897600,0.58798444,2264.0071048682744,2.6155755610873266,2.3899127E-5,18.903591,0.013954997,0.27796963,0.004546114,0.062412858,0.0064154333,0.4927386,0.019199446,0.7793719,0.011686726,0.058710407,0.008852364,0.60177773,0.05909426,null,null,null,null,"TWOGAUSSIANS",8,3.3049932,0.7793719,0.011686726,0.3287783,0.04957324,0.60157156,0.05890768,0.27796963,0.004546114,0.349512,0.035926428,0.49253243,0.019125406
375316653866487564,4134822263493850112,0.5768053,2259.5157245768432,2.9361756111001696,1.0147385E-5,19.071997,0.0070169764,0.27241737,0.0033107998,0.062020812,0.0030940922,0.77340555,0.040346436,0.7719647,0.0013035771,0.05804897,0.0013124659,0.66351384,0.012148982,null,null,null,null,"TWOGAUSSIANS",8,3.2831361,0.27241737,0.0033107998,0.34731653,0.017326916,0.7731631,0.040398385,0.7719647,0.0013035771,0.32507426,0.0073498087,0.6632713,0.012132053
375316653866487564,4134822607104731904,0.5813547,2233.3698093836247,1.7214930698648059,2.1781794E-5,19.109747,0.0057612853,0.29267487,0.004864938,0.043592814,0.009209955,0.81398696,0.17724323,0.8476973,0.017983582,0.02106554,0.0128779225,0.12118308,0.05838813,null,null,null,null,"TWOGAUSSIANS",8,0.97310936,0.29267487,0.004864938,0.24411976,0.051575746,0.81398696,0.17724323,0.8476973,0.017983582,0.117967024,0.07211637,0.12118308,0.05838813
375316653866487564,4134823053781322240,0.5092036,2242.015522864405,4.100402126672832,1.16022136E-4,18.54935,0.029269928,0.2987695,0.021612898,0.029644396,0.018366175,0.06304208,0.033142224,0.8876347,0.004001516,0.036064062,0.1376292,0.55118537,0.4649813,null,null,null,null,"TWOGAUSSIANS",8,9.42533,0.8876347,0.004001516,0.20195875,0.19224952,0.55118537,0.46869868,0.2987695,0.02245958,0.1660086,0.10285058,0.06304208,0.034826837
375316653866487564,4134823118177400192,0.5350944,2267.545092019404,3.0885061186620377,1.5542855E-5,15.8986845,0.056035206,0.21088669,0.0053914962,0.10720533,0.023112776,0.2842887,0.044317182,0.7390777,0.008438947,0.107285455,0.023706215,0.25254765,0.053409763,null,null,null,null,"TWOGAUSSIANS",8,51.866432,0.21086669,0.0053873346,0.4,0.0,0.25847483,0.016942887,0.7391077,0.008433399,0.4,0.0,0.22673567,0.018982474
375316653866487564,4134823878402505088,0.5513722,2238.909744435856,3.635604649532368,1.3859472E-5,19.379002,0.01973541,0.20893252,0.006090385,0.08008613,0.008411297,0.4861938,0.047347758,0.7140432,0.00821952,0.07980551,0.009001396,0.43018797,0.022827301,null,null,null,null,"TWOGAUSSIANS",8,2.379456,0.20893252,0.006090385,0.4,0.0,0.47996873,0.05028219,0.7140432,0.00821952,0.4,0.0,0.4239629,0.020019794
375316653866487564,4134824733084913664,0.59706044,2248.087630962323,2.8348245895168924,1.588557E-5,18.244814,0.0049743787,0.25792766,0.0024090381,0.070515014,0.003234322,0.33385032,0.015160038,0.76077473,0.008334872,0.074198686,0.009702918,0.35632014,0.019572733,null,null,null,null,"TWOGAUSSIANS",8,2.353998,0.76077473,0.008334872,0.4,0.021464018,0.35467148,0.020215286,0.25792766,0.0024090381,0.39488408,0.015127859,0.33220166,0.015323875
375316653866487564,4134826038772479616,0.4727079,2253.647965439122,0.4900972330913266,9.007884E-5,17.280005,0.0072885123,0.21334334,0.015037879,0.032441534,0.020041365,0.57328844,551.0739,null,null,null,null,null,null,null,null,null,null,"ONEGAUSSIAN",5,53.699154,0.21334334,0.015037879,0.1816726,0.11223165,0.57328844,0.0,null,null,null,null,null,null
375316653866487564,4134826485458372736,0.5384077,2260.1423660902437,3.874460327170152,2.1835654E-5,18.965878,0.032003485,0.18678856,0.010614534,0.08278073,0.014950301,0.29522339,0.03158327,0.65976083,0.010999539,0.08663082,0.013776622,0.39835763,0.033032972,null,null,null,null,"TWOGAUSSIANS",8,2.943317,0.65976083,0.010999539,0.4,0.0,0.3929166,0.02711871,0.18678856,0.010614534,0.4,0.0,0.28978246,0.02628907
375316653866487564,4134827761054073088,0.5328738,2242.376156178877,3.3402252257661313,2.194003E-5,19.908464,0.02260003,0.24768347,0.015100515,0.071443796,0.01312032,0.59509337,0.10984256,0.76026535,0.0071842493,0.06669344,0.0074839965,0.5207562,0.038712744,null,null,null,null,"TWOGAUSSIANS",8,2.343877,0.24768347,0.015100515,0.4,0.034645326,0.59395194,0.11018795,0.76026535,0.0071842493,0.37348327,0.04191038,0.51961476,0.038336426
375316653866487564,4134829857009867904,0.4453588,2262.2480663480096,1.1102080331171076,1.1407169E-4,14.627191,0.0244181,0.29534858,0.056335825,0.04881069,0.098792605,0.45837334,1.2094944,0.7820318,0.013607371,0.081476204,0.020821903,0.11655597,0.022482919,null,null,null,null,"TWOGAUSSIANS",8,434.15448,0.29534858,0.056335825,0.27333987,0.19479655,0.45821705,1.2146766,0.7820318,0.013606879,0.4,0.0,0.116399676,0.017207379
375316653866487564,4134829994436397184,0.55863416,2240.971649282402,2.8002456790191386,1.2393039E-5,18.271917,0.0104233045,0.30401623,0.0083314795,0.08001383,0.008781289,0.43652755,0.035012007,0.803863,0.0022087062,0.07028654,0.0038690346,0.42700502,0.01934633,null,null,null,null,"TWOGAUSSIANS",8,5.872531,0.30401623,0.0083314795,0.4,0.0,0.43313125,0.036090087,0.803863,0.0022087062,0.39360464,0.018701108,0.42360875,0.019979985
375316653866487564,4134830544204597120,0.6449347,2240.6116343209565,2.397508629901958,1.6815058E-6,17.469778,0.011350421,0.2736321,7.911052E-4,0.059771415,0.002456735,0.2788736,0.020670012,0.77463853,0.002104091,0.06814295,0.07346892,0.0024892662,0.021617515,0.0763409,0.010169791,0.77463853,0.002104091,"TWOGAUSSIANS_WITH_ELLIPSOIDAL_ON_ECLIPSE2",9,2.0631573,0.2737621,5.230758E-4,0.33471993,0.013757716,0.4315054,0.0022431465,0.77463853,0.002104091,0.38160053,0.089588575,0.1551264,0.0035630108
375316653866487564,4134833808372308224,0.54568595,2292.6032718388624,3.215721349927648,3.1594445E-5,18.765602,0.33042023,0.23887505,0.00893033,0.120995894,0.044824477,0.41461593,0.31924775,0.73230034,0.004938101,0.12597159,0.04926706,0.41682696,0.3202639,null,null,null,null,"TWOGAUSSIANS",8,3.0740638,0.73230034,0.004938101,0.4,0.0,0.31556982,0.014835576,0.23894505,0.0088157905,0.4,0.0,0.31351522,0.019017905
375316653866487564,4134836076123443456,0.524867,2321.894455840398,0.5313542974128321,2.5257412E-5,13.81156,0.0018876847,0.2210121,0.007038782,0.0949696,0.011456286,0.023177173,0.0018034603,0.7253348,0.006169339,0.07806368,0.008305931,0.038439427,0.0022162672,null,null,null,null,"TWOGAUSSIANS",8,8.1592455,0.7253348,0.006169339,0.4,0.0,0.037617195,0.0018205659,0.2210121,0.007038782,0.4,0.0,0.022354897,0.0013158749
375316653866487564,4134836316641632512,0.54977906,2328.222256553449,0.5691447233021785,2.3683955E-5,17.717426,0.005434428,0.24289483,0.0015962529,0.032821417,9.326169E-4,0.8632076,0.030256398,0.8123896,0.04116128,0.03555123,0.020090027,0.05722079,0.051332485,null,null,null,null,"TWOGAUSSIANS",8,12.565015,0.24289483,0.0015962529,0.18379994,0.0052226544,0.8632076,0.030256398,0.8123896,0.04116128,0.19908689,0.11250415,0.05722079,0.051332485
375316653866487564,4134836862072743808,0.5290091,2302.043537008363,2.3054961438330115,1.3216447E-5,18.536982,0.007700675,0.2519759,0.0037406685,0.026122877,0.022978658,0.10281318,212.94487,0.73010206,0.007395998,0.043763675,0.0125129735,0.25187948,0.081934564,0.16000922,0.015625214,0.2519759,0.0037406685,"TWOGAUSSIANS_WITH_ELLIPSOIDAL_ON_ECLIPSE1",9,9.14052,0.73361206,0.0050817574,0.24507658,0.07007265,0.56684744,0.08421227,0.2519759,0.0037406685,0.14628811,0.12868048,0.4228316,212.94531
375316653866487564,4134837450504639872,0.51831746,2307.861478887306,2.5783514739349656,2.3265362E-5,18.940294,0.009968492,0.16129436,0.00440265,0.09861944,0.007783312,0.18558899,0.010066628,0.670315,0.006509373,0.07665221,0.0086400425,0.18799593,0.016400063,null,null,null,null,"TWOGAUSSIANS",8,1.2720982,0.670315,0.006509373,0.4,0.0,0.18254398,0.016599644,0.16129436,0.00440265,0.4,0.0,0.18013597,0.008369825
375316653866487564,4134838068980013952,0.526791,2242.988278200713,0.5281767106291947,5.30934E-5,18.665932,0.008061487,0.30251706,0.013478339,0.014074823,0.004659793,1.3766122,13.978357,0.6934823,0.033207733,0.12755686,0.03480057,0.035573892,0.00843849,null,null,null,null,"TWOGAUSSIANS",8,1.6403391,0.30251706,0.013478339,0.07881901,0.02609484,1.3769044,13.978314,0.6934823,0.033207733,0.4,0.0,0.035541106,0.008301846
375316653866487564,4134838790534550400,0.49236783,2295.8951174112635,0.0771719914272172,2.2440725E-5,18.801975,0.043124396,0.3179382,0.018064475,0.12764053,0.033842444,0.19244902,0.042911995,0.78426975,0.039085448,0.08239354,0.05452139,0.17651996,0.043036226,null,null,null,null,"TWOGAUSSIANS",8,2.0264494,0.3179382,0.018064551,0.4,0.0,0.1780801,0.022514937,0.78426975,0.039085448,0.4,0.15326945,0.16242495,0.044757284
375316653866487564,4134839202860286720,0.6734575,2316.4367505727723,1.1289371963056398,9.748416E-6,17.104761,0.0034471708,0.23663591,0.0011933672,0.034313373,9.642655E-4,0.6060388,0.013833882,0.7377468,0.0030245157,0.035932414,0.0026903502,0.16933306,0.011770085,0.01554138,0.004960656,0.23663591,0.0011933672,"TWOGAUSSIANS_WITH_ELLIPSOIDAL_ON_ECLIPSE1",9,3.1361265,0.23663591,0.0011933672,0.1921549,0.005399887,0.63712156,0.012172388,0.7377468,0.0030009523,0.20122151,0.015065961,0.20041429,0.010697482
375316653866487564,4134839305938972416,0.51901335,2286.1195471273063,2.0377528482675658,3.744747E-5,17.618996,0.41932297,0.28742856,0.008057471,0.11820085,0.067378454,0.20050405,0.36922905,0.77263904,0.008024143,0.12693913,0.07571123,0.19600841,0.3971446,null,null,null,null,"TWOGAUSSIANS",8,3.5791712,0.28758854,0.0063130185,0.4,0.0,0.15703283,0.022232948,0.77263904,0.008024143,0.4,0.0,0.15241191,0.009554148
375316653866487564,4134839786965246464,0.48971343,2320.704049259278,3.0677121511581773,5.0593037E-5,18.911259,0.054953605,0.16923049,0.012231384,0.110110536,0.037832923,0.2038371,0.04285705,0.6670924,0.0056264703,0.10310443,0.022091094,0.23396295,0.049138095,null,null,null,null,"TWOGAUSSIANS",8,3.8702166,0.6670924,0.0056288275,0.4,0.0,0.20680204,0.018282676,0.16923049,0.012236522,0.4,0.0,0.17666623,0.022203062
375316653866487564,4134839821325012480,0.5148985,2302.1080325380776,2.7167942534478318,1.5532054E-5,18.78605,0.06517478,0.28063342,0.009222873,0.09105821,0.027227854,0.23554298,0.05880657,0.78839105,0.012456198,0.08846723,0.032787237,0.29656258,0.052355204,null,null,null,null,"TWOGAUSSIANS",8,3.1057394,0.78839105,0.012456198,0.4,0.0,0.28690726,0.029487386,0.28063342,0.009232622,0.4,0.0,0.22588757,0.027883783
375316653866487564,4134840298051254784,0.47686794,2314.1870575505786,3.076296742810491,2.0007443E-5,18.571995,0.175051,0.2842148,0.0065715914,0.15825096,0.033497028,0.37348968,0.17344038,0.772781,0.005065239,0.14861155,0.03204816,0.330589,0.16686283,null,null,null,null,"TWOGAUSSIANS",8,2.6578138,0.2851148,0.006098859,0.4,0.0,0.20041195,0.016754722,0.772781,0.005065239,0.4,0.0,0.16032843,0.016939348
375316653866487564,4134840474170083200,0.532868,2275.166919719535,2.508316826970747,5.6237575E-5,17.726479,0.005308752,0.27935112,0.003928767,0.08678057,0.01039296,0.13965748,0.015747137,0.774388,0.006660245,0.07884843,0.007763973,0.16664334,0.011681177,null,null,null,null,"TWOGAUSSIANS",8,3.293105,0.774388,0.006660245,0.4,0.0,0.16373754,0.011823992,0.27935112,0.003928767,0.4,0.0,0.13675165,0.017296707
375316653866487564,4134841608030685312,0.5463992,2318.1197953979968,4.182975201473114,1.3368205E-5,19.422745,0.006329716,0.26699802,0.0025665192,0.07153091,0.002124401,0.45737833,0.016294047,0.7645606,0.002664174,0.07453653,0.004185562,0.44283408,0.023488909,null,null,null,null,"TWOGAUSSIANS",8,1.7110629,0.26699802,0.0025665192,0.4,0.0067550084,0.45495313,0.016267706,0.7645606,0.002664174,0.4,0.0,0.4404089,0.023905605
375316653866487564,4134842020358155776,0.44405177,2336.4565594131045,0.37119242941035363,8.873568E-6,17.352032,0.005942346,0.20077942,0.0016551117,0.015614176,0.0013518877,0.44965863,0.06707575,0.50311565,0.002674706,0.0118480325,0.0061819446,0.08698036,0.064876445,null,null,null,null,"TWOGAUSSIANS",8,37.152245,0.20077942,0.0016551117,0.08743939,0.0075705713,0.44965863,0.06707575,0.50311565,0.002674706,0.066348985,0.03461889,0.08698036,0.064876445
375316653866487564,4134842776262165120,0.59255916,2317.6517684602386,3.1174909264685953,5.1618404E-6,19.10878,0.0077502215,0.25413603,0.0015685931,0.074662924,0.002725977,0.4045665,0.011289884,0.75452286,0.0015497059,0.073127866,0.0017929007,0.45930886,0.0077202506,null,null,null,null,"TWOGAUSSIANS",8,1.0570691,0.75452286,0.0015497059,0.4,0.0,0.4565167,0.007066976,0.25413603,0.0015685931,0.4,0.0,0.40177435,0.011273477
