Gaia/vari_eclipsing_binary/VariEclipsingBinary_329985-331030.csv
# %ECSV 1.0
# ---
# delimiter: ','
# meta: !!omap
# - RELEASE: Gaia DR3
# - TABLE: vari_eclipsing_binary
# - DESCRIPTION: >
#     This table describes the properties of the eclipsing binaries resulting from the variability analysis. 
# - CITATION: >
#     How to cite and acknowledge Gaia: 
#     https://gea.esac.esa.int/archive/documentation/credits.html 
# - KNOWN_ISSUES: >
#     Known issues: 
#     https://www.cosmos.esa.int/web/gaia-users/known-issues 
# - DOCUMENTATION: >
#     Tutorials and documentation: 
#     https://www.cosmos.esa.int/web/gaia-users/archive 
# datatype:
# - 
#   name: solution_id
#   datatype: int64
#   description: Solution Identifier
#   meta:
#     ucd: meta.version
# - 
#   name: source_id
#   datatype: int64
#   description: Unique source identifier
#   meta:
#     ucd: meta.id;meta.main
# - 
#   name: global_ranking
#   datatype: float32
#   description: Number between 0 (worst) and 1 (best)
#   meta:
#     ucd: stat.param
# - 
#   name: reference_time
#   datatype: float64
#   unit: d
#   description: Reference time used for the geometric model fit
#   meta:
#     ucd: time.epoch
# - 
#   name: frequency
#   datatype: float64
#   unit: d**-1
#   description: Frequency of geometric model of the eclipsing binary light curve
#   meta:
#     ucd: src.orbital
# - 
#   name: frequency_error
#   datatype: float32
#   unit: d**-1
#   description: "Uncertainty of \\texttt{frequency}"
#   meta:
#     ucd: stat.error
# - 
#   name: geom_model_reference_level
#   datatype: float32
#   unit: mag
#   description: Magnitude reference level of geometric model
#   meta:
#     ucd: phot.mag;em.opt
# - 
#   name: geom_model_reference_level_error
#   datatype: float32
#   unit: mag
#   description: "Uncertainty of \\texttt{geomModelReferenceLevel}"
#   meta:
#     ucd: stat.error;phot.mag;em.opt
# - 
#   name: geom_model_gaussian1_phase
#   datatype: float32
#   description: Phase of the Gaussian 1 component
#   meta:
#     ucd: time.phase
# - 
#   name: geom_model_gaussian1_phase_error
#   datatype: float32
#   description: "Uncertainty of \\texttt{geomModelGaussian1Phase}"
#   meta:
#     ucd: stat.error;time.phase
# - 
#   name: geom_model_gaussian1_sigma
#   datatype: float32
#   description: "Standard deviation [phase] of Gaussian 1 component"
#   meta:
#     ucd: stat.stdev
# - 
#   name: geom_model_gaussian1_sigma_error
#   datatype: float32
#   description: "Uncertainty of \\texttt{geomModelGaussian1Sigma}"
#   meta:
#     ucd: stat.error
# - 
#   name: geom_model_gaussian1_depth
#   datatype: float32
#   unit: mag
#   description: Magnitude depth of Gaussian 1 component
#   meta:
#     ucd: src.var.amplitude
# - 
#   name: geom_model_gaussian1_depth_error
#   datatype: float32
#   unit: mag
#   description: "Uncertainty of \\texttt{geomModelGaussian1Depth}"
#   meta:
#     ucd: stat.error;src.var.amplitude
# - 
#   name: geom_model_gaussian2_phase
#   datatype: float32
#   description: Phase of Gaussian 2 component
#   meta:
#     ucd: time.phase
# - 
#   name: geom_model_gaussian2_phase_error
#   datatype: float32
#   description: "Uncertainty of \\texttt{geomModelGaussian2Phase}"
#   meta:
#     ucd: stat.error;time.phase
# - 
#   name: geom_model_gaussian2_sigma
#   datatype: float32
[...]
#   datatype: float32
#   description: "Secondary eclipse: uncertainty of \\texttt{derivedSecondaryEclDuration}"
#   meta:
#     ucd: stat.error;time.duration
# - 
#   name: derived_secondary_ecl_depth
#   datatype: float32
#   unit: mag
#   description: "Secondary eclipse: depth"
#   meta:
#     ucd: src.var.amplitude
# - 
#   name: derived_secondary_ecl_depth_error
#   datatype: float32
#   unit: mag
#   description: "Secondary eclipse: uncertainty of \\texttt{derivedSecondaryEclDepth}"
#   meta:
#     ucd: stat.error;src.var.amplitude
solution_id,source_id,global_ranking,reference_time,frequency,frequency_error,geom_model_reference_level,geom_model_reference_level_error,geom_model_gaussian1_phase,geom_model_gaussian1_phase_error,geom_model_gaussian1_sigma,geom_model_gaussian1_sigma_error,geom_model_gaussian1_depth,geom_model_gaussian1_depth_error,geom_model_gaussian2_phase,geom_model_gaussian2_phase_error,geom_model_gaussian2_sigma,geom_model_gaussian2_sigma_error,geom_model_gaussian2_depth,geom_model_gaussian2_depth_error,geom_model_cosine_half_period_amplitude,geom_model_cosine_half_period_amplitude_error,geom_model_cosine_half_period_phase,geom_model_cosine_half_period_phase_error,model_type,num_model_parameters,reduced_chi2,derived_primary_ecl_phase,derived_primary_ecl_phase_error,derived_primary_ecl_duration,derived_primary_ecl_duration_error,derived_primary_ecl_depth,derived_primary_ecl_depth_error,derived_secondary_ecl_phase,derived_secondary_ecl_phase_error,derived_secondary_ecl_duration,derived_secondary_ecl_duration_error,derived_secondary_ecl_depth,derived_secondary_ecl_depth_error
[from data line 175]
375316653866487564,2906152619697635584,0.47182378,2205.1359851045313,1.3863185442267691,2.9386205E-5,13.685626,0.0035643734,0.260684,0.007863395,0.05797673,0.013705634,0.030929288,0.003030242,0.74682856,0.0073885443,0.10458868,0.00953724,0.06916122,0.005121392,null,null,null,null,"TWOGAUSSIANS",8,124.78392,0.74682856,0.0073885443,0.4,0.0,0.068487786,0.004844255,0.260684,0.007872846,0.3246697,0.076751545,0.030257655,0.0030746108
375316653866487564,2906157292622046208,0.600336,2193.1541145172614,3.2508747455672067,7.79371E-6,14.784347,0.009067191,0.26810667,0.0023693242,0.045643356,0.0069734594,0.122957066,0.023004973,0.76084656,0.006272069,0.044382483,0.013786227,0.1979065,0.03074846,0.098253,0.011053811,0.26810667,0.0023693242,"TWOGAUSSIANS_WITH_ELLIPSOIDAL_ON_ECLIPSE1",9,77.31841,0.76181656,0.0055467756,0.24854189,0.07720287,0.39405832,0.042651415,0.26810667,0.0023693242,0.25560278,0.039051373,0.31946295,0.013574992
375316653866487564,2906173476058894848,0.6341668,2169.825466369748,3.4211825745027293,5.0404497E-6,15.160587,0.008998467,0.27446884,9.871834E-4,0.04834327,0.0035913773,0.2581011,0.021009466,0.77252483,0.005367466,0.05242675,0.007179091,0.20150228,0.039192665,0.11144533,0.011109002,0.27446884,9.871834E-4,"TWOGAUSSIANS_WITH_ELLIPSOIDAL_ON_ECLIPSE1",9,36.775463,0.27446884,9.871834E-4,0.27072233,0.020111714,0.48098856,0.014349334,0.7729049,0.004546884,0.29358983,0.040202912,0.4243629,0.037807904
375316653866487564,2906210069180069376,0.5567441,2190.820148190764,0.26426063591544263,8.254502E-6,12.389786,0.0010572892,0.41373274,3.4904064E-4,0.009515193,2.0950074E-4,0.2165498,0.0019592193,0.9122519,9.187008E-4,0.009236454,0.0010802957,0.28468022,0.02972405,null,null,null,null,"TWOGAUSSIANS",8,139.92,0.9122519,9.187008E-4,0.051724143,0.0060496554,0.28468022,0.02972405,0.41373274,3.4904064E-4,0.05328508,0.001173204,0.2165498,0.0019592193
375316653866487564,2906210271041606016,0.47947925,2175.3066564539595,3.500809641637157,2.6760079E-5,18.825294,0.11545603,0.2514489,0.007262611,0.13337152,0.041862443,0.24860872,0.11193682,0.77589035,0.009190239,0.11863688,0.04186641,0.23010366,0.10820736,null,null,null,null,"TWOGAUSSIANS",8,3.0741498,0.2512989,0.0070992303,0.4,0.0,0.19379914,0.021565283,0.77641034,0.008337127,0.4,0.0,0.1757487,0.019678604
375316653866487564,2906287481670643328,0.5197334,2209.130817238464,2.803990894277004,8.8112965E-6,14.077527,0.0029208837,0.2576856,0.01723899,0.055012707,0.011482805,0.04727343,0.009680381,0.73978037,0.0026400029,0.031384014,0.011382868,0.048245676,0.13574103,0.084591016,0.0050785863,0.73978037,0.0026400029,"TWOGAUSSIANS_WITH_ELLIPSOIDAL_ON_ECLIPSE2",9,197.5908,0.73978037,0.0026400029,0.17575048,0.06374406,0.21742707,0.13603695,0.24939561,0.009451694,0.30807114,0.06430371,0.21530436,0.007783419
375316653866487564,2906327094151617408,0.5881093,2165.9810850439844,2.6832140682347614,4.143971E-6,12.308705,0.01799591,0.22209246,0.0024552732,0.062547795,0.00627587,0.2963625,0.037160855,0.7306929,0.0018455868,0.054396227,0.0046572196,0.3434306,0.0357339,0.0891371,0.020296011,0.22209246,0.0024552732,"TWOGAUSSIANS_WITH_ELLIPSOIDAL_ON_ECLIPSE1",9,574.7883,0.7306929,0.0018455868,0.30461887,0.02608043,0.5210811,0.021932203,0.22209246,0.0024552732,0.35026768,0.035144873,0.47453308,0.014267884
375316653866487564,2906333897380046080,0.49158838,2234.6523713908045,2.1500750718281156,1.1017545E-5,18.93088,0.00944378,0.17431884,0.002232998,0.023504358,0.004071153,0.1785569,0.0328805,0.75066453,0.0020741955,0.037080977,0.0035191197,0.43089733,0.057272036,null,null,null,null,"TWOGAUSSIANS",8,4.709198,0.75066453,0.0020741955,0.20765348,0.01970707,0.43089733,0.057272036,0.17431884,0.002232998,0.1316244,0.022798454,0.1785569,0.0328805
375316653866487564,2906349707157343360,0.5469247,2229.596566350309,3.787100977391642,1.1596275E-5,17.005928,0.0015646106,0.26143137,0.0029250786,0.046068992,0.003914601,0.115393944,0.005883315,0.7581661,0.0024203036,0.039960586,0.0025005436,0.07637378,0.0057113008,null,null,null,null,"TWOGAUSSIANS",8,2.5228665,0.26143137,0.0029250786,0.25798637,0.021921767,0.11539394,0.005883324,0.7581661,0.0024203036,0.22377929,0.014003045,0.07637377,0.005711303
375316653866487564,2906357403738137344,0.47486055,2180.9243455509973,0.97938690379237,5.5662204E-5,17.945581,0.004277921,0.24629392,0.011636187,0.087723695,0.008874692,0.2344121,0.056577608,0.8022325,0.010017841,0.026068455,0.00485851,0.3179024,0.050457634,null,null,null,null,"TWOGAUSSIANS",8,2.087481,0.8022325,0.010017841,0.14598334,0.027207658,0.31790024,0.05045701,0.24629392,0.011636187,0.4,0.0,0.2344093,0.056580525
375316653866487564,2906360255596420736,0.49593177,2134.447046891476,0.5060267661955464,1.7540484E-5,16.824661,0.004235131,0.6415569,0.003943044,0.009381662,0.0019005972,0.49005005,0.16720456,null,null,null,null,null,null,0.015803874,0.007236453,0.6415569,0.003943044,"ONEGAUSSIAN_WITH_ELLIPSOIDAL",6,35.737755,0.6415569,0.003943044,0.052537307,0.010643344,0.52165776,0.16806416,null,null,null,null,null,null
375316653866487564,2906415815293503232,0.5347097,2179.8512546110455,1.3680761380737074,2.2010136E-5,14.624087,0.0017027922,0.22751763,0.016138613,0.030949455,0.010188503,0.15336476,0.025461484,0.71342397,0.003958895,0.020061033,0.0018879026,0.1382936,0.025456388,null,null,null,null,"TWOGAUSSIANS",8,50.562,0.22751763,0.016138613,0.17331694,0.05705562,0.15336476,0.025461484,0.71342397,0.003958895,0.11234178,0.010572255,0.1382936,0.025456388
375316653866487564,2906433166961283072,0.44722974,2206.7784811334723,2.090853163102056,1.9345236E-5,17.557592,0.005314706,0.17138915,0.011304671,0.009572335,0.0042787776,0.5674208,0.33100268,0.75848585,0.013883019,0.051433843,0.010910538,0.030964736,0.007033936,null,null,null,null,"TWOGAUSSIANS",8,12.061187,0.17138915,0.011304671,0.053605072,0.023961155,0.5674208,0.33100268,0.75848585,0.013883019,0.28802952,0.06109901,0.030964736,0.007033936
375316653866487564,2906444467018484352,0.4743189,2226.060441558076,0.9555737062571512,2.64893E-5,17.245966,0.0013553897,0.14304216,0.003997015,0.017522682,0.005841864,0.04107564,0.029783644,0.6425391,0.0026214854,0.0150299845,0.0026263345,0.09190913,0.007804591,null,null,null,null,"TWOGAUSSIANS",8,2.6476028,0.6425391,0.0026214854,0.08416791,0.014707474,0.09190913,0.007804591,0.14304216,0.003997015,0.098127015,0.032714438,0.04107564,0.029783644
375316653866487564,2906532466605347968,0.55209905,2196.110264041506,2.3946170936860374,9.777476E-6,14.996345,0.007846287,0.29013202,0.0043585994,0.06932,0.0045109717,0.18535008,0.011645743,0.7874238,0.0047552884,0.09094379,0.0085400455,0.15973124,0.0070145535,null,null,null,null,"TWOGAUSSIANS",8,36.43352,0.29013202,0.0043585994,0.38819203,0.025261443,0.18289097,0.010949267,0.7874238,0.0047552884,0.4,0.0,0.15727204,0.0056009814
375316653866487564,2906553426045691136,0.63890177,2226.2368105821784,2.6232484367351385,6.27045E-6,16.195652,0.0022533413,0.2438742,0.0020160838,0.025995879,0.0016049341,0.49181286,0.012811593,0.7426544,0.0017813494,0.024086438,0.0019737617,0.23823293,0.00870566,0.018373376,0.0035072286,0.2438742,0.0020160838,"TWOGAUSSIANS_WITH_ELLIPSOIDAL_ON_ECLIPSE1",9,11.225742,0.2438742,0.0020160838,0.14557692,0.008987631,0.5285596,0.012471235,0.74266434,0.0017685038,0.13488406,0.011053066,0.2749775,0.008956102
375316653866487564,2906557617934335744,0.4283066,2252.836750984528,1.748624169250402,9.4436546E-5,16.49776,0.00410727,0.39490768,0.018794572,0.03439503,0.00883346,0.078277424,0.03293956,0.67492497,0.0048830435,0.035212167,0.0067728045,0.20261106,0.03140101,null,null,null,null,"TWOGAUSSIANS",8,8.323242,0.67492497,0.0048830435,0.19718814,0.037927706,0.20261106,0.03140101,0.39490768,0.018794572,0.19261217,0.04946737,0.078277424,0.03293956
375316653866487564,2906603178946811776,0.660084,2224.06698435149,1.9610037234380937,2.9417765E-6,16.983189,0.0033803524,0.277238,7.083851E-4,0.038556606,0.0012112802,0.26102036,0.009556238,0.77780426,4.961218E-4,0.035712425,7.0854137E-4,0.59803915,0.01409095,0.030252073,0.0047645653,0.277238,7.083851E-4,"TWOGAUSSIANS_WITH_ELLIPSOIDAL_ON_ECLIPSE1",9,4.0483313,0.77780426,4.961218E-4,0.19998957,0.003967832,0.6585424,0.013925093,0.277238,7.083851E-4,0.21591699,0.006783169,0.3215244,0.0074954024
375316653866487564,2906625066100061696,0.6815897,2241.4783063826017,3.9422188461437813,2.084376E-6,15.02013,0.005103301,0.29838252,7.7159924E-4,0.04513212,0.0013307364,0.47603267,0.012328079,0.797375,0.0010883624,0.048638374,0.0013959308,0.45464426,0.013033389,0.13871194,0.00717143,0.29838252,7.7159924E-4,"TWOGAUSSIANS_WITH_ELLIPSOIDAL_ON_ECLIPSE1",9,37.15433,0.29838252,7.7159924E-4,0.25273988,0.0074521243,0.7534552,0.0055960235,0.79747504,9.558823E-4,0.2723749,0.0078172125,0.73205686,0.0073300377
375316653866487564,2906666057268195072,0.648246,2186.0802592106706,4.194919540486521,2.5994002E-6,17.357609,0.0051965564,0.2437298,0.001240964,0.047312938,0.0025292104,0.52586406,0.04054571,0.747899,0.0011347359,0.0438954,0.002028782,0.43832353,0.01784041,0.13088492,0.008486524,0.747899,0.0011347359,"TWOGAUSSIANS_WITH_ELLIPSOIDAL_ON_ECLIPSE2",9,4.9169903,0.2440698,0.0011340517,0.26495245,0.014163579,0.78746796,0.046023652,0.747899,0.0011347359,0.24581425,0.011361179,0.7000925,0.015646286
375316653866487564,2906721582605160064,0.5071881,2208.142678940206,0.14446958620451136,3.6153135E-5,11.811804,4.2469E-4,0.20602861,1.4128776E-5,0.014042766,6.486743E-5,0.07318867,4.3517415E-4,0.4254237,0.0022601439,0.020046739,0.004405403,0.0059667453,9.787078E-4,null,null,null,null,"TWOGAUSSIANS",8,11.462566,0.20602861,1.4128776E-5,0.078639485,3.6325763E-4,0.07318867,4.3517415E-4,0.4254237,0.0022601439,0.11226174,0.024670258,0.0059667453,9.787078E-4
375316653866487564,2906739037352334208,0.56419253,2233.0291916204305,3.282098754193172,1.4101405E-5,16.92148,0.010645045,0.2633125,0.0041481517,0.08935128,0.007170744,0.23900928,0.011150791,0.7523686,0.0023937873,0.09581777,0.0043340754,0.2797066,0.011032385,null,null,null,null,"TWOGAUSSIANS",8,12.874514,0.7523686,0.0023937873,0.4,0.0,0.268195,0.007588867,0.2633125,0.0041481517,0.4,0.0,0.22749841,0.009093107
375316653866487564,2906756109845608832,0.48025805,2168.3532323288246,1.2772178522561897,4.670542E-6,18.019585,0.0060812575,0.19384953,0.0012463408,0.024383968,9.951665E-4,0.4719659,0.029111575,0.6948105,0.0021341157,0.021123772,0.0021869496,0.4131321,0.03475054,null,null,null,null,"TWOGAUSSIANS",8,30.456528,0.19384953,0.0012463408,0.13655022,0.0055729323,0.4719659,0.029111575,0.6948105,0.0021341157,0.11829313,0.012246918,0.4131321,0.03475054
375316653866487564,2906765936730139648,0.5037012,2199.423440583022,0.1909367267622093,8.142904E-6,18.985838,0.0028988412,0.19951399,7.642502E-6,0.0031088502,4.2231775E-5,0.61287594,0.0049456637,0.92174625,1.9144196E-5,0.003818941,1.7125666E-4,0.37565,0.04157774,null,null,null,null,"TWOGAUSSIANS",8,2.1879747,0.19951399,7.642502E-6,0.017409561,2.3649793E-4,0.61287594,0.0049456637,0.92174625,1.9144196E-5,0.02138607,9.590373E-4,0.37565,0.04157774
375316653866487564,2906769716301406080,0.5750382,2193.820130160514,4.14538663441303,1.0837052E-5,17.641764,0.015867261,0.25545865,0.005054799,0.053782865,0.011648257,0.19036794,0.033705883,0.73922545,0.0039719357,0.043804318,0.0075937477,0.13847838,0.0347144,0.10538858,0.019305414,0.25545865,0.005054799,"TWOGAUSSIANS_WITH_ELLIPSOIDAL_ON_ECLIPSE1",9,14.948255,0.25545865,0.005054799,0.30118403,0.06523024,0.40114114,0.015080243,0.7422654,0.002598797,0.24530418,0.042524986,0.34747344,0.011884834
375316653866487564,2906777520259267968,0.6124438,2204.292793501833,0.7545879272607897,1.6324426E-5,14.575649,0.0022836009,0.22608961,2.7979832E-4,0.02698298,3.6269616E-4,1.1469588,0.04095118,0.7269291,0.0056653735,0.030444765,0.0054972325,0.09060625,0.011153543,0.01018044,0.0033822465,0.22608961,2.7979832E-4,"TWOGAUSSIANS_WITH_ELLIPSOIDAL_ON_ECLIPSE1",9,34.4626,0.22608961,2.7979832E-4,0.15110469,0.0020310986,1.1673197,0.041141964,0.7269291,0.005654315,0.1704907,0.0307845,0.11096655,0.010273655
375316653866487564,2906793287082809600,0.50527287,2169.5154571449825,3.691641197220201,1.0329536E-5,19.09353,0.010328181,0.26481292,0.0044748653,0.057120405,0.005318458,0.41853613,0.05629829,0.7658535,0.004066357,0.070432514,0.008027554,0.24989633,0.016411481,null,null,null,null,"TWOGAUSSIANS",8,3.489693,0.26481292,0.0044748653,0.3198743,0.029783366,0.418258,0.056431234,0.7658535,0.004066357,0.39442208,0.028729506,0.24961823,0.016611109
375316653866487564,2906812464111840128,0.4373061,2225.4313075030896,0.34805721207449003,1.8176528E-5,18.304167,0.0048299762,0.09526378,0.007227362,0.008280729,0.0027680253,0.31688654,0.16437536,0.6950489,0.011181075,0.034627594,0.0095704375,0.057283383,0.035952628,null,null,null,null,"TWOGAUSSIANS",8,8.67511,0.09526378,0.007227362,0.046372086,0.015500941,0.31688654,0.16437536,0.6950489,0.011181075,0.19391452,0.05359445,0.057283383,0.035952628
375316653866487564,2906817102677894656,0.48752037,2214.9433468320385,0.6238363942860053,1.2665586E-5,14.630186,0.0013144693,0.6311738,0.004026872,0.007771575,0.0026977581,0.20543988,0.11654818,null,null,null,null,null,null,null,null,null,null,"ONEGAUSSIAN",5,55.945625,0.6311738,0.004026872,0.04352082,0.015107445,0.20543988,0.0,null,null,null,null,null,null
375316653866487564,2906838504497490816,0.49548498,2180.574430814845,2.184462818159982,1.1610913E-5,19.48244,0.0065718414,0.25550765,0.0018936308,0.037062306,0.0014429854,0.5324749,0.011871604,0.78368276,0.0036750583,0.02753064,0.0053002266,0.09950221,0.010735896,null,null,null,null,"TWOGAUSSIANS",8,2.4157417,0.25550765,0.0018936308,0.20754892,0.008080718,0.5324749,0.011871604,0.78368276,0.0036750583,0.15417159,0.029681267,0.09950221,0.010735896
375316653866487564,2906856680799687936,0.49269563,2196.490868036695,3.724125299667638,1.6810569E-5,19.382864,0.09442886,0.26635298,0.010207166,0.11868824,0.04458787,0.19801731,0.09084776,0.7687792,0.00482984,0.10519008,0.026754681,0.287153,0.08688052,null,null,null,null,"TWOGAUSSIANS",8,2.6863117,0.76878923,0.004894669,0.4,0.0,0.24954528,0.016662115,0.26635298,0.010221573,0.4,0.0,0.1603611,0.0207385
375316653866487564,2906867989450320128,0.48988345,2197.2382182725846,2.8225444196031155,3.4178214E-5,13.804839,0.013039099,0.30019686,0.007727976,0.097643,0.015424717,0.12932792,0.014049867,0.78788805,0.0066767544,0.09134059,0.01123683,0.15205792,0.012824403,null,null,null,null,"TWOGAUSSIANS",8,254.15694,0.78788805,0.0066767544,0.4,0.0,0.14497496,0.0069125025,0.30019686,0.007727976,0.4,0.0,0.122244455,0.012844019
375316653866487564,2906893931052756352,0.63533014,2175.7088388711672,0.3858141369842057,1.0482446E-6,14.879344,3.8211216E-4,0.16692106,4.774148E-5,0.0020116232,2.2009405E-4,0.016413305,0.0035484459,0.272892,3.8061673E-6,0.00577234,1.4173063E-5,1.1386201,0.0076500173,null,null,null,null,"TWOGAUSSIANS",8,3.6432145,0.272892,3.8061673E-6,0.032325104,7.936915E-5,1.1386201,0.0076500173,0.16692106,4.774148E-5,0.011265091,0.0012325266,0.016413305,0.0035484459
375316653866487564,2906903414340532480,0.5216016,2213.84463255822,2.3351432057955566,1.6820975E-5,17.587795,0.0032779214,0.14520279,0.001238564,0.023434646,0.001757402,0.20628196,0.0135612115,0.64337534,0.0027436593,0.027354727,0.0038298597,0.21901819,0.015005681,0.017808095,0.0056590056,0.14520279,0.001238564,"TWOGAUSSIANS_WITH_ELLIPSOIDAL_ON_ECLIPSE1",9,7.155603,0.64339536,0.0027172107,0.15318647,0.021447213,0.25462967,0.015943099,0.14520279,0.001238564,0.13123402,0.009841451,0.24189809,0.014099733
