Gaia/vari_eclipsing_binary/VariEclipsingBinary_669406-669433.csv
# %ECSV 1.0
# ---
# delimiter: ','
# meta: !!omap
# - RELEASE: Gaia DR3
# - TABLE: vari_eclipsing_binary
# - DESCRIPTION: >
#     This table describes the properties of the eclipsing binaries resulting from the variability analysis. 
# - CITATION: >
#     How to cite and acknowledge Gaia: 
#     https://gea.esac.esa.int/archive/documentation/credits.html 
# - KNOWN_ISSUES: >
#     Known issues: 
#     https://www.cosmos.esa.int/web/gaia-users/known-issues 
# - DOCUMENTATION: >
#     Tutorials and documentation: 
#     https://www.cosmos.esa.int/web/gaia-users/archive 
# datatype:
# - 
#   name: solution_id
#   datatype: int64
#   description: Solution Identifier
#   meta:
#     ucd: meta.version
# - 
#   name: source_id
#   datatype: int64
#   description: Unique source identifier
#   meta:
#     ucd: meta.id;meta.main
# - 
#   name: global_ranking
#   datatype: float32
#   description: Number between 0 (worst) and 1 (best)
#   meta:
#     ucd: stat.param
# - 
#   name: reference_time
#   datatype: float64
#   unit: d
#   description: Reference time used for the geometric model fit
#   meta:
#     ucd: time.epoch
# - 
#   name: frequency
#   datatype: float64
#   unit: d**-1
#   description: Frequency of geometric model of the eclipsing binary light curve
#   meta:
#     ucd: src.orbital
# - 
#   name: frequency_error
#   datatype: float32
#   unit: d**-1
#   description: "Uncertainty of \\texttt{frequency}"
#   meta:
#     ucd: stat.error
# - 
#   name: geom_model_reference_level
#   datatype: float32
#   unit: mag
#   description: Magnitude reference level of geometric model
#   meta:
#     ucd: phot.mag;em.opt
# - 
#   name: geom_model_reference_level_error
#   datatype: float32
#   unit: mag
#   description: "Uncertainty of \\texttt{geomModelReferenceLevel}"
#   meta:
#     ucd: stat.error;phot.mag;em.opt
# - 
#   name: geom_model_gaussian1_phase
#   datatype: float32
#   description: Phase of the Gaussian 1 component
#   meta:
#     ucd: time.phase
# - 
#   name: geom_model_gaussian1_phase_error
#   datatype: float32
#   description: "Uncertainty of \\texttt{geomModelGaussian1Phase}"
#   meta:
#     ucd: stat.error;time.phase
# - 
#   name: geom_model_gaussian1_sigma
#   datatype: float32
#   description: "Standard deviation [phase] of Gaussian 1 component"
#   meta:
#     ucd: stat.stdev
# - 
#   name: geom_model_gaussian1_sigma_error
#   datatype: float32
#   description: "Uncertainty of \\texttt{geomModelGaussian1Sigma}"
#   meta:
#     ucd: stat.error
# - 
#   name: geom_model_gaussian1_depth
#   datatype: float32
#   unit: mag
#   description: Magnitude depth of Gaussian 1 component
#   meta:
#     ucd: src.var.amplitude
# - 
#   name: geom_model_gaussian1_depth_error
#   datatype: float32
#   unit: mag
#   description: "Uncertainty of \\texttt{geomModelGaussian1Depth}"
#   meta:
#     ucd: stat.error;src.var.amplitude
# - 
#   name: geom_model_gaussian2_phase
#   datatype: float32
#   description: Phase of Gaussian 2 component
#   meta:
#     ucd: time.phase
# - 
#   name: geom_model_gaussian2_phase_error
#   datatype: float32
#   description: "Uncertainty of \\texttt{geomModelGaussian2Phase}"
#   meta:
#     ucd: stat.error;time.phase
# - 
#   name: geom_model_gaussian2_sigma
#   datatype: float32
[...]
#   datatype: float32
#   description: "Secondary eclipse: uncertainty of \\texttt{derivedSecondaryEclDuration}"
#   meta:
#     ucd: stat.error;time.duration
# - 
#   name: derived_secondary_ecl_depth
#   datatype: float32
#   unit: mag
#   description: "Secondary eclipse: depth"
#   meta:
#     ucd: src.var.amplitude
# - 
#   name: derived_secondary_ecl_depth_error
#   datatype: float32
#   unit: mag
#   description: "Secondary eclipse: uncertainty of \\texttt{derivedSecondaryEclDepth}"
#   meta:
#     ucd: stat.error;src.var.amplitude
solution_id,source_id,global_ranking,reference_time,frequency,frequency_error,geom_model_reference_level,geom_model_reference_level_error,geom_model_gaussian1_phase,geom_model_gaussian1_phase_error,geom_model_gaussian1_sigma,geom_model_gaussian1_sigma_error,geom_model_gaussian1_depth,geom_model_gaussian1_depth_error,geom_model_gaussian2_phase,geom_model_gaussian2_phase_error,geom_model_gaussian2_sigma,geom_model_gaussian2_sigma_error,geom_model_gaussian2_depth,geom_model_gaussian2_depth_error,geom_model_cosine_half_period_amplitude,geom_model_cosine_half_period_amplitude_error,geom_model_cosine_half_period_phase,geom_model_cosine_half_period_phase_error,model_type,num_model_parameters,reduced_chi2,derived_primary_ecl_phase,derived_primary_ecl_phase_error,derived_primary_ecl_duration,derived_primary_ecl_duration_error,derived_primary_ecl_depth,derived_primary_ecl_depth_error,derived_secondary_ecl_phase,derived_secondary_ecl_phase_error,derived_secondary_ecl_duration,derived_secondary_ecl_duration_error,derived_secondary_ecl_depth,derived_secondary_ecl_depth_error
[from data line 439]
375316653866487564,5888314400913167360,0.5545345,2174.6092206191956,0.6440294323091132,2.1279684E-5,18.46014,0.003072678,0.29705906,0.0064253025,0.034998983,0.003622977,0.525055,0.09804603,0.8031321,0.0121129155,0.04451276,0.009597352,0.075698644,0.019043397,null,null,null,null,"TWOGAUSSIANS",8,2.8093796,0.29705906,0.0064253025,0.1959943,0.02028867,0.525055,0.09804603,0.8031321,0.0121129155,0.24927147,0.05374517,0.075698644,0.019043397
375316653866487564,5888314680134823552,0.44596,2105.7183053966646,1.7922961054277742,2.8983259E-5,19.031357,0.16250342,0.26944077,0.006532014,0.11462958,0.043875817,0.19533564,0.14878966,0.78780913,0.011787385,0.13039303,0.09018672,0.15011002,0.1574027,null,null,null,null,"TWOGAUSSIANS",8,2.1904335,0.26924077,0.005700151,0.4,0.0,0.15959825,0.018778289,0.78789914,0.0113149695,0.4,0.0,0.11418898,0.017391024
375316653866487564,5888315466081833856,0.521424,2140.4317380081816,0.5345278933738016,3.5704757E-5,18.843739,0.005152984,0.21898252,4.915831E-4,0.020706337,9.7183755E-4,0.5235797,0.016005833,0.90308964,0.02800181,0.015906377,0.0035596967,0.059662182,0.051721193,null,null,null,null,"TWOGAUSSIANS",8,2.8471384,0.21898252,4.915831E-4,0.11595548,0.0054422906,0.5235797,0.016005833,0.90308964,0.02800181,0.08907571,0.019934302,0.059662182,0.051721193
375316653866487564,5888315917074578944,0.5614822,2159.8728515287994,2.5561749546079233,7.735618E-6,18.01007,0.008767318,0.26492175,0.0046538785,0.08511506,0.006177211,0.36740518,0.00905374,0.7696644,0.0021069737,0.08101364,0.0036132573,0.35002968,0.016029695,null,null,null,null,"TWOGAUSSIANS",8,5.5623455,0.26492175,0.0046538785,0.4,0.0,0.3603047,0.008235995,0.7696644,0.0021069737,0.4,0.0,0.34292924,0.01614733
375316653866487564,5888316054513546368,0.59991705,2142.0146479580703,0.7473918297083334,2.5063297E-5,14.060379,0.0018725919,0.12630454,0.0040318263,0.033054274,0.0039467723,0.13543616,0.025644047,0.6332382,0.004622833,0.030694459,0.003917889,0.21324195,0.018004885,0.011609498,0.003111793,0.12630454,0.0040318263,"TWOGAUSSIANS_WITH_ELLIPSOIDAL_ON_ECLIPSE1",9,26.484419,0.6332382,0.004622833,0.17188898,0.021940181,0.23641689,0.016200699,0.12630454,0.0040318263,0.18510392,0.022101926,0.15865515,0.027308075
375316653866487564,5888316187633263104,0.57209677,2190.2675272084475,2.7521908211379245,8.071616E-6,18.391827,0.0076429024,0.28303236,0.002807954,0.04789801,0.004441209,0.2302314,0.021561034,0.76703596,0.06631622,0.03835309,0.01853025,0.13718382,0.07705614,0.12375181,0.010263365,0.28303236,0.002807954,"TWOGAUSSIANS_WITH_ELLIPSOIDAL_ON_ECLIPSE1",9,4.169505,0.28303236,0.002807954,0.26822886,0.02487077,0.47773474,0.016139934,0.76980597,0.059474997,0.21477729,0.10376939,0.38262442,0.13245147
375316653866487564,5888316260671985664,0.6378487,2154.8979200317804,2.5712195052166527,5.1883294E-6,18.029804,0.018272296,0.26612902,0.002371217,0.0497704,0.0046192883,0.41177183,0.040390346,0.7658741,0.004020053,0.051301397,0.007027047,0.41819024,0.024919158,0.107921645,0.020632787,0.26612902,0.002371217,"TWOGAUSSIANS_WITH_ELLIPSOIDAL_ON_ECLIPSE1",9,3.1661947,0.76589406,0.0038070052,0.28728783,0.039351463,0.63402873,0.034579247,0.26612902,0.002371217,0.27871424,0.025868014,0.6276108,0.010098815
375316653866487564,5888317154025219584,0.49608004,2166.2158831760808,1.7481255356289145,1.8614168E-5,18.61524,0.009014092,0.27389774,0.0038731128,0.08559157,0.00787099,0.22674027,0.022116804,0.7811314,0.004576935,0.082979225,0.009345832,0.2778124,0.056462232,null,null,null,null,"TWOGAUSSIANS",8,1.8873892,0.7811314,0.004576935,0.4,0.0,0.27239892,0.05887867,0.27389774,0.0038731128,0.4,0.0,0.22132678,0.023761949
375316653866487564,5888317222702815616,0.5027762,2099.0500860881853,4.25051674910904,4.330418E-5,18.92749,0.010553332,0.2369959,0.011042712,0.08066387,0.013750237,0.22638968,0.017433064,0.7463138,0.007995172,0.083973646,0.009741246,0.24896504,0.020572927,null,null,null,null,"TWOGAUSSIANS",8,2.2187877,0.7463138,0.007995172,0.4,0.0,0.24499576,0.021122852,0.2369959,0.011042712,0.4,0.0,0.22242041,0.017663129
375316653866487564,5888317768165891456,0.5371644,2173.570657208255,1.1305520860965408,2.3088356E-5,18.790031,0.0062918733,0.29386818,0.0059829117,0.028049165,0.0034667037,0.48452833,0.10183704,0.794592,6.675599E-4,0.025160844,9.711718E-4,0.6210278,0.02457079,null,null,null,null,"TWOGAUSSIANS",8,4.7379985,0.794592,6.675599E-4,0.14090072,0.005438562,0.6210278,0.02457079,0.29386818,0.0059829117,0.15707533,0.019413542,0.48452833,0.10183704
375316653866487564,5888318184776469888,0.43235198,2174.090727139782,1.2187288068466584,8.613256E-5,18.3125,0.00499762,0.28235087,0.016591098,0.058427826,0.017413145,0.08116812,0.008557955,0.8103057,0.044290937,0.061622802,0.03620927,0.13701455,0.1127124,null,null,null,null,"TWOGAUSSIANS",8,2.8908303,0.8103057,0.044290937,0.3450877,0.20277192,0.13700117,0.11272798,0.28235087,0.016591098,0.32719582,0.08221617,0.081154734,0.008538729
375316653866487564,5888318184817827072,0.6000865,2091.4674137782354,1.3503916187560518,1.33586545E-5,17.294998,0.005297047,0.23954968,0.00657428,0.058033355,0.0073530045,0.13715714,0.00906601,0.7353721,0.02025341,0.042623837,0.008136141,0.9181976,0.26370007,null,null,null,null,"TWOGAUSSIANS",8,11.414593,0.7353721,0.02025341,0.23869349,0.04556239,0.9181955,0.26369134,0.23954968,0.00657428,0.3249868,0.041176826,0.13715503,0.009066405
375316653866487564,5888318390976086400,0.4906253,2172.406630355627,3.693934964256961,1.893176E-5,18.486982,0.039689198,0.2722866,0.006419092,0.12195954,0.02172088,0.21568924,0.033310317,0.74946326,0.005391793,0.11100534,0.020242577,0.18220413,0.035379414,null,null,null,null,"TWOGAUSSIANS",8,1.8247862,0.27232662,0.006342725,0.4,0.0,0.18366693,0.010761953,0.74946326,0.005391793,0.4,0.0,0.15028563,0.008812646
375316653866487564,5888318425294722688,0.51654136,2090.712134556781,1.7673518623024376,1.5885125E-5,19.101463,0.009332074,0.23857462,0.0047330824,0.08117354,0.008158392,0.1846324,0.013742039,0.72642094,0.004399104,0.08424579,0.00640716,0.23614825,0.0102920905,null,null,null,null,"TWOGAUSSIANS",8,1.1634436,0.72642094,0.004399104,0.4,0.0,0.23268145,0.009249963,0.23857462,0.0047330824,0.4,0.0,0.18116562,0.014035312
375316653866487564,5888319348713898624,0.58317643,2167.6491312819962,2.292368686974967,5.8829537E-6,18.392788,0.011286919,0.1865853,0.001706699,0.07387373,0.0032171474,0.39322472,0.009758616,0.6893104,0.0015186559,0.08190006,0.0039299265,0.38082397,0.016528362,null,null,null,null,"TWOGAUSSIANS",8,2.6079545,0.1865853,0.001706699,0.4,0.0,0.38899744,0.008605257,0.6893104,0.0015186559,0.4,0.0,0.3765967,0.016493892
375316653866487564,5888319524806507264,0.51437354,2116.4770068119915,2.8277240628110905,1.124633E-5,19.385427,0.016911866,0.21099105,0.0030529671,0.08029758,0.006222898,0.44425252,0.039752416,0.7110962,0.0064790514,0.07854005,0.009423966,0.4572504,0.030952768,null,null,null,null,"TWOGAUSSIANS",8,2.6497104,0.7110962,0.0064790514,0.4,0.0,0.4509085,0.03163484,0.21099105,0.0030529671,0.4,0.0,0.43791065,0.0407533
375316653866487564,5888320207707299584,0.54768664,2095.7176685202376,4.136308633293124,4.9471608E-5,19.157476,0.0041399817,0.55775195,0.016597522,0.045401048,0.01526908,0.07331251,0.038534094,0.7965724,0.0790694,0.02614437,0.02245809,0.48805004,3.1539862,null,null,null,null,"TWOGAUSSIANS",8,1.1992394,0.7965724,0.0790694,0.14640847,0.1257653,0.48805013,3.1539643,0.55775195,0.016597522,0.25424585,0.08550685,0.07331251,0.038534094
375316653866487564,5888320418158734208,0.5047167,2093.550995947261,3.059725929091054,3.5818466E-5,19.064964,0.027580516,0.24233124,0.00558047,0.06559874,0.008078143,0.6078564,0.037426975,0.7249582,0.014557035,0.099040955,0.015254666,0.6427324,0.11858114,null,null,null,null,"TWOGAUSSIANS",8,13.418546,0.7249582,0.014557035,0.4,0.0,0.6339153,0.12343719,0.24233124,0.00558047,0.36735293,0.042555075,0.5990446,0.036451593
375316653866487564,5888320929261879296,0.5986957,2155.4450423982435,1.6603636853936283,4.633157E-6,17.73917,0.0068779197,0.3076938,0.0019678986,0.07976072,0.0026317185,0.35289773,0.009101318,0.8056644,0.0039200946,0.11242122,0.008057605,0.122575685,0.007002051,null,null,null,null,"TWOGAUSSIANS",8,1.7930297,0.3076938,0.0019678986,0.4,0.0,0.3410265,0.008742085,0.8056644,0.0039200946,0.4,0.0,0.11069202,0.004962569
375316653866487564,5888321208432972672,0.5317743,2148.579681808558,2.8871382818982094,1.9533123E-5,17.684912,0.019982893,0.2976963,0.0068128523,0.089979045,0.009257038,0.3909683,0.031446513,0.815905,0.006608778,0.08552615,0.009871456,0.4208998,0.033553883,null,null,null,null,"TWOGAUSSIANS",8,19.207645,0.815905,0.006608778,0.4,0.0,0.41053894,0.034673598,0.2976963,0.0068128523,0.4,0.0,0.38060722,0.031405747
375316653866487564,5888321586390121472,0.43832394,2070.5675485179113,0.25656010322520006,4.2019357E-5,19.86603,0.014904366,0.22542249,0.07596712,0.038842775,0.040570177,0.048135255,0.04322213,0.8784871,0.0130023295,0.010445209,0.007426486,0.1619455,0.1242382,0.079762734,0.032319173,0.8784871,0.0130023295,"TWOGAUSSIANS_WITH_ELLIPSOIDAL_ON_ECLIPSE2",9,3.287289,0.8784871,0.0130023295,0.05849317,0.04158832,0.32147086,0.12672162,0.37832248,0.16959402,0.21751954,0.19904831,0.15954596,0.0826173
375316653866487564,5888322170547234304,0.6064709,2169.4389366074233,1.448187995593102,5.3130707E-6,14.94663,0.005506169,0.2923849,0.0039708917,0.10064594,0.0077099157,0.17848447,0.004913322,0.7943084,0.0015430736,0.090379626,0.003297271,0.19821645,0.0049007363,null,null,null,null,"TWOGAUSSIANS",8,15.993677,0.7943084,0.0015430736,0.4,0.0,0.18636067,0.002946493,0.2923849,0.0039708917,0.4,0.0,0.16662721,0.003933759
375316653866487564,5888322204865646208,0.5549287,2134.631366154621,2.654179947668971,9.153921E-6,18.750105,0.0069156983,0.30416253,0.002678139,0.06754562,0.003420525,0.39848664,0.026076594,0.8079397,0.0025620542,0.06765947,0.0028144226,0.44583005,0.011323385,null,null,null,null,"TWOGAUSSIANS",8,2.9865122,0.8079397,0.0025620542,0.37889302,0.015760766,0.44501513,0.011262035,0.30416253,0.002678139,0.37825552,0.01915494,0.39767176,0.026208451
375316653866487564,5888322273626454144,0.4581244,2166.8895978434107,4.096083969596076,1.8479837E-5,17.402325,0.002650798,0.78356415,0.005821293,0.03961999,0.02390149,0.0074520875,0.009794202,null,null,null,null,null,null,0.046776183,0.006380631,0.78356415,0.005821293,"ONEGAUSSIAN_WITH_ELLIPSOIDAL",6,23.355566,0.78356415,0.005821293,0.22187193,0.13384835,0.101004444,0.00691335,null,null,null,null,null,null
375316653866487564,5888322956486540928,0.6199211,2163.4129320683037,0.573908130568226,6.340154E-6,17.70852,0.0039939983,0.26482114,0.0010249076,0.022878028,0.002747801,1.4325162,0.17325649,0.76875573,0.0012651875,0.028043978,0.0033490488,0.095083445,0.011165644,0.01494228,0.0077261026,0.26482114,0.0010249076,"TWOGAUSSIANS_WITH_ELLIPSOIDAL_ON_ECLIPSE1",9,5.654794,0.26482114,0.0010249076,0.12811697,0.015387685,1.4624007,0.17861259,0.76875573,0.0012651875,0.15704627,0.018754672,0.1249497,0.0082382485
375316653866487564,5888322990845420416,0.5820839,2176.1247901685247,0.2924132587850179,1.3485087E-4,17.288404,0.0012708206,0.34420168,0.03097903,0.023611367,0.013080848,0.24790186,0.82572234,0.63200194,0.016877193,0.028778082,0.012483427,0.011628352,0.0048258253,0.0020984607,0.0023417554,0.63200194,0.016877193,"TWOGAUSSIANS_WITH_ELLIPSOIDAL_ON_ECLIPSE2",9,1.2689773,0.3441717,0.031017216,0.13222367,0.07325275,0.24813433,0.8255445,0.63200194,0.016877193,0.16115727,0.069907196,0.015825272,0.004298997
375316653866487564,5888323132579269760,0.564026,2179.4237205760246,2.2073585391792574,1.7659377E-5,18.406862,0.032337815,0.241758,0.004274303,0.11588837,0.0146227535,0.25812793,0.028822342,0.74019104,0.0032331736,0.1078086,0.012434366,0.29088742,0.030632304,null,null,null,null,"TWOGAUSSIANS",8,2.2122788,0.74019104,0.0032331736,0.4,0.0,0.24673405,0.008237314,0.241758,0.004274303,0.4,0.0,0.21394008,0.008262234
375316653866487564,5888323510535656576,0.45186588,2110.279246052784,2.430706492793959,3.501371E-5,19.85335,0.014343422,0.6779358,0.0069189463,0.05677885,0.013397116,0.2780587,0.07094309,null,null,null,null,null,null,0.06794971,0.019738257,0.6779358,0.0069189463,"ONEGAUSSIAN_WITH_ELLIPSOIDAL",6,4.8448205,0.6779358,0.0069189463,0.31796154,0.07502385,0.41394097,0.06745371,null,null,null,null,null,null
375316653866487564,5888323819814693632,0.5441186,2156.3854147158063,1.618659099909153,8.320994E-6,17.442547,0.0026878912,0.18549159,0.007452984,0.051957212,0.008089217,0.049949724,0.0029743428,0.69477063,0.007293081,0.05115753,0.004642571,0.20973289,0.031896386,null,null,null,null,"TWOGAUSSIANS",8,2.2485635,0.69477063,0.007293081,0.28648216,0.025998397,0.20973186,0.031897526,0.18549159,0.007452984,0.2909604,0.045299616,0.049948707,0.0029729179
375316653866487564,5888323991573031808,0.5215316,2086.606121512113,3.3599345188296628,4.7778012E-5,19.747168,0.0121993655,0.26771033,0.009596334,0.0719482,0.0056582065,0.64361733,0.11860654,0.7582924,0.002772477,0.06688059,0.0043155216,0.60281944,0.038061,null,null,null,null,"TWOGAUSSIANS",8,2.9502764,0.26771033,0.009596334,0.4,0.022547519,0.6421317,0.118812375,0.7582924,0.002772477,0.37453133,0.024166921,0.6013338,0.038372472
375316653866487564,5888324266491479808,0.48588005,2201.3624176042263,2.3690548746847586,1.9878342E-5,16.709038,0.36768308,0.2495193,0.00776252,0.1224882,0.05988205,0.15813619,0.31275302,0.7541391,0.007404928,0.13220902,0.08718516,0.1636998,0.3535727,null,null,null,null,"TWOGAUSSIANS",8,15.505031,0.7541791,0.007530572,0.4,0.0,0.11857717,0.008249393,0.24942932,0.0075653493,0.4,0.0,0.11319528,0.00888855
375316653866487564,5888324300851202176,0.67565995,2206.195676238749,0.8549830138168629,5.1545258E-6,15.384772,0.0025059443,0.31122172,0.0013283743,0.031090507,0.0015124052,0.85737914,0.02922262,0.81032467,0.0011153037,0.030760184,0.0023431687,0.09229828,0.0074048587,0.011979532,0.003204587,0.31122172,0.0013283743,"TWOGAUSSIANS_WITH_ELLIPSOIDAL_ON_ECLIPSE1",9,16.08214,0.31122172,0.0013283743,0.17410684,0.008469469,0.8813382,0.03046664,0.81034464,0.0010995419,0.17225704,0.013121745,0.116256565,0.0053599714
375316653866487564,5888324781848773632,0.47447124,2114.7991665041714,2.552731503482738,2.476052E-5,19.532412,0.098039635,0.25959703,0.005443664,0.111875705,0.025953377,0.32056236,0.09150492,0.7808259,0.01463585,0.116075896,0.030296633,0.33534086,0.101850174,null,null,null,null,"TWOGAUSSIANS",8,3.3178623,0.7808659,0.014560704,0.4,0.0,0.2873518,0.0328341,0.25952703,0.005395477,0.4,0.0,0.27261513,0.030700827
375316653866487564,5888324919287730816,0.5654982,2095.578603571058,1.1742338000184067,5.0130348E-6,19.55154,0.008760211,0.19050184,9.667815E-4,0.037124865,0.0010808426,0.9598976,0.04602959,0.68830407,0.00905305,0.027966049,0.0077147805,0.103431694,0.033430923,null,null,null,null,"TWOGAUSSIANS",8,2.3579688,0.19050184,9.667815E-4,0.20789924,0.006052718,0.9598976,0.04602959,0.68830407,0.00905305,0.15660988,0.043202773,0.103431694,0.033430923
375316653866487564,5888325434683974400,0.5090077,2129.0748228107536,4.811302739290844,2.7214288E-5,18.882677,0.00995243,0.42849508,0.006468136,0.161054,0.010376647,0.3385719,0.018330142,0.8681366,0.03763306,0.022194821,0.017065136,0.15271753,0.17346956,null,null,null,null,"TWOGAUSSIANS",8,4.6407623,0.42849508,0.006468136,0.4,0.0,0.33252066,0.019658254,0.8681366,0.03763306,0.124291,0.09556476,0.15561947,0.17250274
375316653866487564,5888326190598272896,0.46215275,2106.34041555452,2.8666792835655155,2.7505537E-5,19.586836,0.0071439375,0.2079106,0.011081866,0.06660117,0.011238466,0.17525539,0.02373587,0.6999217,0.0048344578,0.04748319,0.0052462304,0.2512926,0.030256145,null,null,null,null,"TWOGAUSSIANS",8,2.3475032,0.6999217,0.0048344578,0.26590586,0.029378891,0.25127277,0.03026547,0.2079106,0.011081866,0.37296656,0.06289798,0.17523557,0.023747552
