Gaia/vari_eclipsing_binary/VariEclipsingBinary_493384-493804.csv
# %ECSV 1.0
# ---
# delimiter: ','
# meta: !!omap
# - RELEASE: Gaia DR3
# - TABLE: vari_eclipsing_binary
# - DESCRIPTION: >
#     This table describes the properties of the eclipsing binaries resulting from the variability analysis. 
# - CITATION: >
#     How to cite and acknowledge Gaia: 
#     https://gea.esac.esa.int/archive/documentation/credits.html 
# - KNOWN_ISSUES: >
#     Known issues: 
#     https://www.cosmos.esa.int/web/gaia-users/known-issues 
# - DOCUMENTATION: >
#     Tutorials and documentation: 
#     https://www.cosmos.esa.int/web/gaia-users/archive 
# datatype:
# - 
#   name: solution_id
#   datatype: int64
#   description: Solution Identifier
#   meta:
#     ucd: meta.version
# - 
#   name: source_id
#   datatype: int64
#   description: Unique source identifier
#   meta:
#     ucd: meta.id;meta.main
# - 
#   name: global_ranking
#   datatype: float32
#   description: Number between 0 (worst) and 1 (best)
#   meta:
#     ucd: stat.param
# - 
#   name: reference_time
#   datatype: float64
#   unit: d
#   description: Reference time used for the geometric model fit
#   meta:
#     ucd: time.epoch
# - 
#   name: frequency
#   datatype: float64
#   unit: d**-1
#   description: Frequency of geometric model of the eclipsing binary light curve
#   meta:
#     ucd: src.orbital
# - 
#   name: frequency_error
#   datatype: float32
#   unit: d**-1
#   description: "Uncertainty of \\texttt{frequency}"
#   meta:
#     ucd: stat.error
# - 
#   name: geom_model_reference_level
#   datatype: float32
#   unit: mag
#   description: Magnitude reference level of geometric model
#   meta:
#     ucd: phot.mag;em.opt
# - 
#   name: geom_model_reference_level_error
#   datatype: float32
#   unit: mag
#   description: "Uncertainty of \\texttt{geomModelReferenceLevel}"
#   meta:
#     ucd: stat.error;phot.mag;em.opt
# - 
#   name: geom_model_gaussian1_phase
#   datatype: float32
#   description: Phase of the Gaussian 1 component
#   meta:
#     ucd: time.phase
# - 
#   name: geom_model_gaussian1_phase_error
#   datatype: float32
#   description: "Uncertainty of \\texttt{geomModelGaussian1Phase}"
#   meta:
#     ucd: stat.error;time.phase
# - 
#   name: geom_model_gaussian1_sigma
#   datatype: float32
#   description: "Standard deviation [phase] of Gaussian 1 component"
#   meta:
#     ucd: stat.stdev
# - 
#   name: geom_model_gaussian1_sigma_error
#   datatype: float32
#   description: "Uncertainty of \\texttt{geomModelGaussian1Sigma}"
#   meta:
#     ucd: stat.error
# - 
#   name: geom_model_gaussian1_depth
#   datatype: float32
#   unit: mag
#   description: Magnitude depth of Gaussian 1 component
#   meta:
#     ucd: src.var.amplitude
# - 
#   name: geom_model_gaussian1_depth_error
#   datatype: float32
#   unit: mag
#   description: "Uncertainty of \\texttt{geomModelGaussian1Depth}"
#   meta:
#     ucd: stat.error;src.var.amplitude
# - 
#   name: geom_model_gaussian2_phase
#   datatype: float32
#   description: Phase of Gaussian 2 component
#   meta:
#     ucd: time.phase
# - 
#   name: geom_model_gaussian2_phase_error
#   datatype: float32
#   description: "Uncertainty of \\texttt{geomModelGaussian2Phase}"
#   meta:
#     ucd: stat.error;time.phase
# - 
#   name: geom_model_gaussian2_sigma
#   datatype: float32
[...]
#   datatype: float32
#   description: "Secondary eclipse: uncertainty of \\texttt{derivedSecondaryEclDuration}"
#   meta:
#     ucd: stat.error;time.duration
# - 
#   name: derived_secondary_ecl_depth
#   datatype: float32
#   unit: mag
#   description: "Secondary eclipse: depth"
#   meta:
#     ucd: src.var.amplitude
# - 
#   name: derived_secondary_ecl_depth_error
#   datatype: float32
#   unit: mag
#   description: "Secondary eclipse: uncertainty of \\texttt{derivedSecondaryEclDepth}"
#   meta:
#     ucd: stat.error;src.var.amplitude
solution_id,source_id,global_ranking,reference_time,frequency,frequency_error,geom_model_reference_level,geom_model_reference_level_error,geom_model_gaussian1_phase,geom_model_gaussian1_phase_error,geom_model_gaussian1_sigma,geom_model_gaussian1_sigma_error,geom_model_gaussian1_depth,geom_model_gaussian1_depth_error,geom_model_gaussian2_phase,geom_model_gaussian2_phase_error,geom_model_gaussian2_sigma,geom_model_gaussian2_sigma_error,geom_model_gaussian2_depth,geom_model_gaussian2_depth_error,geom_model_cosine_half_period_amplitude,geom_model_cosine_half_period_amplitude_error,geom_model_cosine_half_period_phase,geom_model_cosine_half_period_phase_error,model_type,num_model_parameters,reduced_chi2,derived_primary_ecl_phase,derived_primary_ecl_phase_error,derived_primary_ecl_duration,derived_primary_ecl_duration_error,derived_primary_ecl_depth,derived_primary_ecl_depth_error,derived_secondary_ecl_phase,derived_secondary_ecl_phase_error,derived_secondary_ecl_duration,derived_secondary_ecl_duration_error,derived_secondary_ecl_depth,derived_secondary_ecl_depth_error
375316653866487564,4339851632686569856,0.58382654,2179.433320490894,0.689920763181502,7.055613E-6,13.869249,0.0019071517,0.25935546,6.2600337E-4,0.03478414,0.001389424,0.25994802,0.0047702435,0.7630538,0.002664372,0.03228967,0.004107533,0.056475524,0.0044712303,0.0170751,0.0025384773,0.25935546,6.2600337E-4,"TWOGAUSSIANS_WITH_ELLIPSOIDAL_ON_ECLIPSE1",9,45.45317,0.25935546,6.2600337E-4,0.19479117,0.0077807745,0.29409817,0.0057739625,0.7630538,0.002664372,0.18082215,0.023002185,0.090607256,0.0038533974
375316653866487564,4339860355763382144,0.5339556,2170.6705607864787,4.048430085740006,1.683808E-5,18.72331,0.019989714,0.26503992,0.0034485552,0.09251394,0.0074062804,0.41004622,0.01968753,0.7707874,0.0035068186,0.09131109,0.010688032,0.35068774,0.033531897,null,null,null,null,"TWOGAUSSIANS",8,4.7254577,0.26503992,0.0034485552,0.4,0.0,0.3928161,0.015747411,0.7707874,0.0035068186,0.4,0.0,0.33345777,0.039463997
375316653866487564,4339863830394195712,0.48307726,2174.6471878811426,0.6122874794424538,1.6526248E-5,14.31139,0.0017956389,0.28570974,0.002248326,0.021806099,0.0052616606,0.07817604,0.010714391,null,null,null,null,null,null,0.02027171,0.0024530152,0.28570974,0.002248326,"ONEGAUSSIAN_WITH_ELLIPSOIDAL",6,46.355343,0.28570974,0.002248326,0.12211415,0.0294653,0.11871941,0.010893542,null,null,null,null,null,null
375316653866487564,4339866201215794048,0.51161534,2184.270793646451,2.133235273319111,1.45436625E-5,18.855057,0.014222325,0.2657976,0.002254538,0.08939972,0.007413319,0.21293576,0.0119175855,0.7658788,0.005771503,0.11716219,0.014517019,0.12725213,0.013658328,null,null,null,null,"TWOGAUSSIANS",8,1.1727684,0.2657976,0.0022539638,0.4,0.0,0.19639839,0.0072992546,0.7658788,0.005771503,0.4,0.0,0.11068659,0.0064959116
375316653866487564,4339870663685770880,0.568082,2181.0383732702785,3.16237775766883,2.056824E-5,18.244345,0.0049121836,0.20506097,0.0027344448,0.08684839,0.0039618136,0.19233263,0.0061526755,0.7000949,0.0023254205,0.09345075,0.0038305707,0.218794,0.0069028875,null,null,null,null,"TWOGAUSSIANS",8,1.6495214,0.7000949,0.0023254205,0.4,0.0,0.21065664,0.0069237202,0.20506097,0.0027344448,0.4,0.0,0.18419552,0.0055322754
375316653866487564,4339876406057989376,0.54723185,2182.797173990226,3.1012471028567195,7.5940234E-6,16.819489,0.009877566,0.19442396,0.00378409,0.05943663,0.0029893958,0.3892952,0.019713366,0.6858958,0.0020975813,0.06767318,0.00528116,0.73252326,0.06770523,null,null,null,null,"TWOGAUSSIANS",8,71.29396,0.6858958,0.0020975813,0.37896982,0.029009867,0.7321601,0.06800312,0.19442396,0.00378409,0.33284512,0.016740616,0.38893205,0.019612094
375316653866487564,4339879154837052416,0.4278829,2166.0319518935376,1.6673159979635042,2.6515406E-4,16.991917,0.012110263,0.23926711,0.013323589,0.11515378,0.025859868,0.10338638,0.014235205,0.6554616,0.03465235,0.09541728,0.02753749,0.031632435,0.013146506,null,null,null,null,"TWOGAUSSIANS",8,31.760859,0.23927711,0.013325113,0.4,0.0,0.10085777,0.015840203,0.6554616,0.03465235,0.4,0.0,0.029252393,0.009185761
375316653866487564,4339903923910882688,0.5679497,2166.3087224948795,3.3385619253365277,8.949122E-6,18.160957,0.008254496,0.23362389,0.0023075,0.10885735,0.0058862194,0.19634855,0.0072433865,0.72981393,0.0015883616,0.098815985,0.0041118586,0.20705211,0.007886505,null,null,null,null,"TWOGAUSSIANS",8,1.1804014,0.72981393,0.0015883616,0.4,0.0,0.18586427,0.0042166384,0.23362389,0.0023075,0.4,0.0,0.17515145,0.00524529
375316653866487564,4339911345615692928,0.5664335,2181.9431606873195,2.9640161328404044,8.085879E-6,18.439339,0.01613284,0.25452963,0.0026193664,0.106831394,0.0076467535,0.22843176,0.014587511,0.73977065,0.00202637,0.115648545,0.0074642063,0.24980675,0.014723483,null,null,null,null,"TWOGAUSSIANS",8,1.1577724,0.73977065,0.00202637,0.4,0.0,0.21691751,0.004586724,0.25456962,0.0026055248,0.4,0.0,0.19558293,0.0057588224
375316653866487564,4339911895370159232,0.4868367,2181.442217266036,2.8487036393942375,1.4876333E-5,19.629898,0.0052514547,0.29304662,0.0042453837,0.07103002,0.0052612172,0.18979499,0.011526118,0.7953838,0.0043168897,0.067118056,0.0039855256,0.24768913,0.00954757,null,null,null,null,"TWOGAUSSIANS",8,1.2589734,0.7953838,0.0043168897,0.3758611,0.022318942,0.2471086,0.009477696,0.29304662,0.0042453837,0.3977681,0.021409046,0.18921445,0.011600915
375316653866487564,4339917873964667008,0.54115677,2170.333695334259,3.3566057822585242,1.6223552E-5,18.791855,0.008106885,0.22022082,0.002255015,0.078402214,0.0037898796,0.31990495,0.012574619,0.7126084,0.002083295,0.079824075,0.0037325355,0.3543649,0.012919159,null,null,null,null,"TWOGAUSSIANS",8,2.6202657,0.7126084,0.002083295,0.4,0.0,0.350443,0.012958263,0.22022082,0.002255015,0.4,0.0,0.3159831,0.012484429
375316653866487564,4339923547619265664,0.5077422,2168.0409708151005,1.3974682199799018,1.6376398E-5,12.067861,0.07976997,0.3132082,0.0039324807,0.21236806,0.051215068,1.130951,0.19939028,0.8117852,0.003244155,0.2114286,0.048275955,1.1854681,0.25446832,null,null,null,null,"TWOGAUSSIANS",8,269.69977,0.8117852,0.003244155,0.4,0.0,0.17340606,0.0057730335,0.3152882,0.005459036,0.4,0.0,0.122117944,0.006553407
375316653866487564,4339941792640369536,0.5253834,2161.169651802911,2.7613460267043624,1.2368281E-5,17.859394,0.014633945,0.24684644,0.0025270083,0.097193964,0.008786377,0.13839272,0.013876063,0.74018896,0.006660725,0.11182902,0.01583481,0.1439947,0.012618001,null,null,null,null,"TWOGAUSSIANS",8,2.5729911,0.74018896,0.006660725,0.4,0.0,0.12905487,0.0069448794,0.24685645,0.0025281054,0.4,0.0,0.12346594,0.004791543
375316653866487564,4339943476267561728,0.6338901,2144.582811387355,2.0680904334459753,5.3576027E-6,15.761609,0.004078422,0.309818,0.0023466626,0.08569916,0.0028490939,0.17873472,0.0053352215,0.8039426,9.885961E-4,0.08053629,0.0017548042,0.32738507,0.0037762173,null,null,null,null,"TWOGAUSSIANS",8,10.541029,0.8039426,9.885961E-4,0.4,0.0,0.3227448,0.0032637673,0.309818,0.0023466626,0.4,0.0,0.17409442,0.005073212
375316653866487564,4339948424070067328,0.56690234,2138.8979599090594,0.5070600372438144,8.651529E-6,15.942212,0.003711519,0.22860274,0.016249117,0.035366926,0.011149733,0.064148046,0.020592045,0.7193444,0.0012744201,0.036214665,0.001938056,0.28433648,0.01890444,0.00979648,0.005085927,0.22860274,0.016249117,"TWOGAUSSIANS_WITH_ELLIPSOIDAL_ON_ECLIPSE1",9,21.16402,0.71941435,0.0012278808,0.20280212,0.010853114,0.30386367,0.019625632,0.22860274,0.016249117,0.19805478,0.062438503,0.083740994,0.016569247
375316653866487564,4339952474221412352,0.54314125,2155.6901617133144,3.846998476070816,1.6765844E-5,18.524876,0.012983899,0.23688641,0.0040584016,0.08875889,0.0069211284,0.3550903,0.015333899,0.73167425,0.003703561,0.093702205,0.0064605805,0.30785447,0.014041135,null,null,null,null,"TWOGAUSSIANS",8,3.6272178,0.23688641,0.0040584016,0.4,0.0,0.34082514,0.014784691,0.73167425,0.003703561,0.4,0.0,0.29358897,0.011522521
375316653866487564,4339957804279014400,0.48185617,2208.357128853605,0.33342758587001664,3.751699E-5,17.288265,0.0136118755,0.45136547,0.009104008,0.0661483,0.010971295,0.44048566,0.10211566,0.83122975,0.041461095,0.03532662,0.018826673,0.10630877,0.073840946,null,null,null,null,"TWOGAUSSIANS",8,65.46351,0.45136547,0.009104008,0.37043047,0.05727916,0.44048566,0.1021157,0.83122975,0.041461095,0.19782907,0.105429366,0.106308796,0.07383992
375316653866487564,4339970929698809728,0.47028366,2156.318590913073,1.4763061510952145,1.1467243E-5,16.825218,0.006164023,0.25207812,0.007990768,0.012331642,0.0137740495,0.21376881,0.037204895,0.7432925,0.004817748,0.029540027,0.0067060404,0.06970296,0.010934015,null,null,null,null,"TWOGAUSSIANS",8,45.54867,0.25207812,0.007990768,0.0690572,0.07713468,0.21376881,0.037204895,0.7432925,0.004817748,0.16542415,0.037553824,0.06970296,0.010934015
375316653866487564,4339975701404705024,0.59064,2184.5028741246615,0.2461937148182834,1.982791E-4,18.312906,0.0025691763,0.35062677,5.6677277E-4,0.014585068,3.1231658E-4,0.33860555,0.006250715,0.4760973,0.026167253,0.11061172,0.018864788,0.013555703,0.004066435,null,null,null,null,"TWOGAUSSIANS",8,0.8393125,0.35067677,5.736266E-4,0.08167638,0.0017489728,0.3457301,0.00624118,0.4760973,0.026167253,0.4,0.0,0.013554712,0.004065359
375316653866487564,4339982126676669952,0.54080373,2144.9920851727397,0.6442925553542256,1.0284737E-5,18.157906,0.004276953,0.2255897,0.007204659,0.029579313,0.011370697,0.2224009,0.105636545,0.7294827,0.0018508562,0.025835052,9.1840245E-4,1.0746163,0.095696546,null,null,null,null,"TWOGAUSSIANS",8,5.9759045,0.7294827,0.0018508562,0.14467628,0.005143054,1.0746163,0.095696546,0.2255897,0.007204659,0.16564415,0.0636759,0.2224009,0.105636545
375316653866487564,4339986937040918272,0.5176226,2144.9062337139103,1.972073802205629,9.190881E-6,18.314775,0.0031459737,0.23680611,0.0020628814,0.06265289,0.0021004337,0.23187177,0.009388798,0.73437744,0.0044417335,0.071905516,0.005641655,0.12467887,0.01017765,null,null,null,null,"TWOGAUSSIANS",8,1.7901163,0.23680611,0.0020628814,0.3508562,0.011762429,0.23156166,0.009380014,0.73437744,0.0044417335,0.4,0.014674736,0.12436877,0.0103102885
375316653866487564,4339989170422470784,0.51919276,2159.454497785633,3.0626452062363336,2.045778E-5,19.556648,0.0125308,0.25989056,0.003860097,0.079735264,0.0052980236,0.37604558,0.02498104,0.75242376,0.0058080233,0.09044581,0.008617474,0.38764918,0.016906597,null,null,null,null,"TWOGAUSSIANS",8,1.7075311,0.75242376,0.0058080233,0.4,0.0,0.37870458,0.017638227,0.25989056,0.003860097,0.4,0.0,0.3671012,0.025088375
375316653866487564,4339991300726290176,0.5774822,2141.3581080687773,2.4060957963899607,8.49115E-6,18.956692,0.008273514,0.3172506,0.0019782796,0.08383806,0.002738735,0.41435894,0.008941875,0.8198098,0.0020332194,0.08681463,0.003815968,0.37011606,0.012433344,null,null,null,null,"TWOGAUSSIANS",8,1.2799994,0.3172506,0.0019782796,0.4,0.0,0.40412575,0.0072914553,0.8198098,0.0020332194,0.4,0.0,0.35988283,0.013002265
375316653866487564,4340000822667754624,0.5288248,2158.2715544658286,3.673969409781148,8.201753E-6,18.937195,0.012687355,0.27015215,0.0027528303,0.083929345,0.006216986,0.31339276,0.014139996,0.7574077,0.0024110007,0.08585397,0.0052643106,0.32821256,0.013192622,null,null,null,null,"TWOGAUSSIANS",8,3.1524637,0.7574077,0.0024110007,0.4,0.0,0.32150176,0.01206389,0.27015215,0.0027528303,0.4,0.0,0.306682,0.013900659
375316653866487564,4340002849895512960,0.58767605,2134.5838084504494,3.37991152376944,1.3441842E-5,17.106367,0.011265504,0.2460561,0.0019837522,0.045683887,0.0061453828,0.1697424,0.029470572,0.739042,0.0029199556,0.053868152,0.0070642657,0.26421002,0.020009384,0.10116506,0.013159175,0.2460561,0.0019837522,"TWOGAUSSIANS_WITH_ELLIPSOIDAL_ON_ECLIPSE1",9,12.720629,0.740092,0.0023076262,0.30166164,0.039559886,0.46620286,0.015620407,0.2460561,0.0019837522,0.25582978,0.034414142,0.37206942,0.020581376
375316653866487564,4340024427811287808,0.5502486,2173.5209274884487,2.832430727399369,1.0991617E-5,15.725025,0.013249032,0.21986014,0.0020470489,0.083546184,0.0040919716,0.39402306,0.013352343,0.7361318,0.003412001,0.09663986,0.0072228196,0.3211948,0.01469913,null,null,null,null,"TWOGAUSSIANS",8,88.87159,0.21986014,0.0020470489,0.4,0.0,0.38243055,0.011107314,0.7361318,0.003412001,0.4,0.0,0.30960095,0.014236386
375316653866487564,4340024633969722880,0.6276564,2168.4885347339673,2.2775753474228555,4.5854163E-6,12.312707,0.0037863993,0.24879651,9.4245054E-4,0.046534054,0.005647195,0.070919655,0.0097995745,0.7471401,0.004224674,0.058738843,0.004269397,0.07890207,0.010590694,0.09583005,0.0061924574,0.24879651,9.4245054E-4,"TWOGAUSSIANS_WITH_ELLIPSOIDAL_ON_ECLIPSE1",9,84.96289,0.7478001,0.0024485064,0.32893753,0.023908623,0.2705413,0.004493689,0.24879651,9.4245054E-4,0.2605907,0.031624295,0.26257136,0.007019565
375316653866487564,4340026210221448960,0.576914,2170.0650367684416,0.15322092127170248,5.041145E-5,17.63848,0.0013409556,0.20299324,7.891012E-5,0.013256763,1.21459925E-4,0.42883995,8.9513493E-4,null,null,null,null,null,null,null,null,null,null,"ONEGAUSSIAN",5,1.8793461,0.20299324,7.891012E-5,0.074237876,6.8017555E-4,0.42883995,0.0,null,null,null,null,null,null
375316653866487564,4340035075033960832,0.55712724,2136.189002213723,3.040916104109675,6.8108066E-6,19.082718,0.015246125,0.26467544,0.001536308,0.066265024,0.003138503,0.5087421,0.014526841,0.76565695,0.0015999929,0.07484709,0.0049092243,0.4691391,0.020618249,null,null,null,null,"TWOGAUSSIANS",8,2.3356977,0.26467544,0.001536308,0.37108412,0.017575618,0.5069598,0.013805643,0.76565695,0.0015999929,0.4,0.0,0.46735683,0.021092957
375316653866487564,4340035629086384512,0.5566877,2170.6075540148677,0.6160759901158331,8.2266715E-6,17.275486,0.0019019139,0.2787021,0.002499164,0.029919812,0.0020691373,0.29988202,0.049905494,0.78778046,0.0074674073,0.026144816,0.0063539543,0.060654838,0.025829142,0.0128601715,0.0026360196,0.2787021,0.002499164,"TWOGAUSSIANS_WITH_ELLIPSOIDAL_ON_ECLIPSE1",9,2.8391213,0.2787021,0.002499164,0.16755095,0.011587169,0.32560235,0.051390115,0.78778046,0.0074674073,0.14641097,0.035582144,0.08629156,0.0248834
375316653866487564,4340035796588448896,0.49268687,2150.688209251351,3.807721140773457,1.2747185E-5,19.014671,0.00893017,0.23305556,0.0050916453,0.071133174,0.0054758424,0.38120943,0.016575955,0.71389997,0.0054954262,0.07414901,0.0048469016,0.35490623,0.014313621,null,null,null,null,"TWOGAUSSIANS",8,3.888205,0.23305556,0.0050916453,0.39834577,0.016744,0.37996945,0.016542558,0.71389997,0.0054954262,0.4,0.0,0.35366625,0.014019393
375316653866487564,4340036659875466880,0.4151615,2146.1338294073735,1.9751785885983904,6.2374485E-5,17.872349,0.03270624,0.30524194,0.018968962,0.18668953,0.04246604,0.13518977,0.03327462,0.72560245,0.012242384,0.048883982,0.013128515,0.1579756,0.03020219,null,null,null,null,"TWOGAUSSIANS",8,6.7697716,0.72560245,0.012242384,0.2737503,0.073519684,0.15751979,0.031917546,0.30524194,0.018968962,0.4,0.0,0.12292793,0.017992873
375316653866487564,4340040125914584960,0.5362988,2132.6147488982942,3.1738726783724918,3.019572E-5,18.092146,0.02432475,0.21499886,0.011039529,0.088141546,0.018377392,0.23321462,0.026603848,0.72288096,0.0029567876,0.09140475,0.01051095,0.23785128,0.021261184,null,null,null,null,"TWOGAUSSIANS",8,5.420611,0.72288096,0.0029567876,0.4,0.0,0.22923028,0.011307025,0.21499886,0.011039529,0.4,0.0,0.22459374,0.016833771
375316653866487564,4340044219020848512,0.65353227,2117.6459085396928,2.018241490584508,2.6159125E-6,16.811682,0.0049502985,0.14566536,0.0012379398,0.08455747,0.0018104642,0.396193,0.0049237027,0.646052,6.6190166E-4,0.08226095,0.0013279101,0.42481586,0.0052898806,null,null,null,null,"TWOGAUSSIANS",8,4.7994313,0.646052,6.6190166E-4,0.4,0.0,0.4156954,0.0044852765,0.14566536,0.0012379398,0.4,0.0,0.38707253,0.0038595821
375316653866487564,4340044459539022848,0.53838295,2112.747659458586,0.8736422509771643,4.4226614E-5,14.343413,0.0064147124,0.26203492,0.007112317,0.06450542,0.016489556,0.0851014,0.011921033,0.7599926,0.01022232,0.05233817,0.01593511,0.034196064,0.012156742,0.010950198,0.0061326292,0.26203492,0.007112317,"TWOGAUSSIANS_WITH_ELLIPSOIDAL_ON_ECLIPSE1",9,31.335655,0.26203492,0.007112317,0.36123037,0.0800259,0.10695677,0.008124376,0.7602426,0.008953523,0.29309377,0.08923661,0.056048267,0.003975137
375316653866487564,4340045730849470592,0.5320571,2177.2515852720226,0.10773984922916546,3.7862726E-5,15.103399,0.010886831,0.19079971,0.0019703049,0.034502607,0.0035860226,0.23763283,0.0057111857,0.6964427,0.009540932,0.02439045,0.04778173,1.2848973,1.2444948,null,null,null,null,"TWOGAUSSIANS",8,312.27295,0.6964427,0.009540932,0.13658652,0.25787,1.2848973,1.2445002,0.19079971,0.0019703049,0.19321461,0.020081727,0.23763283,0.0057086567
