Gaia/vari_eclipsing_binary/VariEclipsingBinary_465002-465013.csv
# %ECSV 1.0
# ---
# delimiter: ','
# meta: !!omap
# - RELEASE: Gaia DR3
# - TABLE: vari_eclipsing_binary
# - DESCRIPTION: >
#     This table describes the properties of the eclipsing binaries resulting from the variability analysis. 
# - CITATION: >
#     How to cite and acknowledge Gaia: 
#     https://gea.esac.esa.int/archive/documentation/credits.html 
# - KNOWN_ISSUES: >
#     Known issues: 
#     https://www.cosmos.esa.int/web/gaia-users/known-issues 
# - DOCUMENTATION: >
#     Tutorials and documentation: 
#     https://www.cosmos.esa.int/web/gaia-users/archive 
# datatype:
# - 
#   name: solution_id
#   datatype: int64
#   description: Solution Identifier
#   meta:
#     ucd: meta.version
# - 
#   name: source_id
#   datatype: int64
#   description: Unique source identifier
#   meta:
#     ucd: meta.id;meta.main
# - 
#   name: global_ranking
#   datatype: float32
#   description: Number between 0 (worst) and 1 (best)
#   meta:
#     ucd: stat.param
# - 
#   name: reference_time
#   datatype: float64
#   unit: d
#   description: Reference time used for the geometric model fit
#   meta:
#     ucd: time.epoch
# - 
#   name: frequency
#   datatype: float64
#   unit: d**-1
#   description: Frequency of geometric model of the eclipsing binary light curve
#   meta:
#     ucd: src.orbital
# - 
#   name: frequency_error
#   datatype: float32
#   unit: d**-1
#   description: "Uncertainty of \\texttt{frequency}"
#   meta:
#     ucd: stat.error
# - 
#   name: geom_model_reference_level
#   datatype: float32
#   unit: mag
#   description: Magnitude reference level of geometric model
#   meta:
#     ucd: phot.mag;em.opt
# - 
#   name: geom_model_reference_level_error
#   datatype: float32
#   unit: mag
#   description: "Uncertainty of \\texttt{geomModelReferenceLevel}"
#   meta:
#     ucd: stat.error;phot.mag;em.opt
# - 
#   name: geom_model_gaussian1_phase
#   datatype: float32
#   description: Phase of the Gaussian 1 component
#   meta:
#     ucd: time.phase
# - 
#   name: geom_model_gaussian1_phase_error
#   datatype: float32
#   description: "Uncertainty of \\texttt{geomModelGaussian1Phase}"
#   meta:
#     ucd: stat.error;time.phase
# - 
#   name: geom_model_gaussian1_sigma
#   datatype: float32
#   description: "Standard deviation [phase] of Gaussian 1 component"
#   meta:
#     ucd: stat.stdev
# - 
#   name: geom_model_gaussian1_sigma_error
#   datatype: float32
#   description: "Uncertainty of \\texttt{geomModelGaussian1Sigma}"
#   meta:
#     ucd: stat.error
# - 
#   name: geom_model_gaussian1_depth
#   datatype: float32
#   unit: mag
#   description: Magnitude depth of Gaussian 1 component
#   meta:
#     ucd: src.var.amplitude
# - 
#   name: geom_model_gaussian1_depth_error
#   datatype: float32
#   unit: mag
#   description: "Uncertainty of \\texttt{geomModelGaussian1Depth}"
#   meta:
#     ucd: stat.error;src.var.amplitude
# - 
#   name: geom_model_gaussian2_phase
#   datatype: float32
#   description: Phase of Gaussian 2 component
#   meta:
#     ucd: time.phase
# - 
#   name: geom_model_gaussian2_phase_error
#   datatype: float32
#   description: "Uncertainty of \\texttt{geomModelGaussian2Phase}"
#   meta:
#     ucd: stat.error;time.phase
# - 
#   name: geom_model_gaussian2_sigma
#   datatype: float32
[...]
#   datatype: float32
#   description: "Secondary eclipse: uncertainty of \\texttt{derivedSecondaryEclDuration}"
#   meta:
#     ucd: stat.error;time.duration
# - 
#   name: derived_secondary_ecl_depth
#   datatype: float32
#   unit: mag
#   description: "Secondary eclipse: depth"
#   meta:
#     ucd: src.var.amplitude
# - 
#   name: derived_secondary_ecl_depth_error
#   datatype: float32
#   unit: mag
#   description: "Secondary eclipse: uncertainty of \\texttt{derivedSecondaryEclDepth}"
#   meta:
#     ucd: stat.error;src.var.amplitude
solution_id,source_id,global_ranking,reference_time,frequency,frequency_error,geom_model_reference_level,geom_model_reference_level_error,geom_model_gaussian1_phase,geom_model_gaussian1_phase_error,geom_model_gaussian1_sigma,geom_model_gaussian1_sigma_error,geom_model_gaussian1_depth,geom_model_gaussian1_depth_error,geom_model_gaussian2_phase,geom_model_gaussian2_phase_error,geom_model_gaussian2_sigma,geom_model_gaussian2_sigma_error,geom_model_gaussian2_depth,geom_model_gaussian2_depth_error,geom_model_cosine_half_period_amplitude,geom_model_cosine_half_period_amplitude_error,geom_model_cosine_half_period_phase,geom_model_cosine_half_period_phase_error,model_type,num_model_parameters,reduced_chi2,derived_primary_ecl_phase,derived_primary_ecl_phase_error,derived_primary_ecl_duration,derived_primary_ecl_duration_error,derived_primary_ecl_depth,derived_primary_ecl_depth_error,derived_secondary_ecl_phase,derived_secondary_ecl_phase_error,derived_secondary_ecl_duration,derived_secondary_ecl_duration_error,derived_secondary_ecl_depth,derived_secondary_ecl_depth_error
[from data line 568]
375316653866487564,4090259156030349440,0.44718686,2148.829313040617,0.8651810977833834,9.7300996E-5,18.47761,0.045914643,0.44529277,0.01703707,0.19222182,0.050176144,0.14544864,0.045573186,0.79374653,0.022140428,0.033733986,0.024509745,0.109791555,0.38484767,null,null,null,null,"TWOGAUSSIANS",8,5.10667,0.44529277,0.01703707,0.4,0.0,0.13557008,0.031180197,0.79374653,0.022140428,0.18891032,0.13725457,0.12850586,0.3899538
375316653866487564,4090259224749910272,0.45542824,2201.261083939465,0.5384310690619294,2.725928E-5,17.969324,0.015311069,0.22557984,0.017227057,0.070904344,0.013927679,0.12897238,0.036460303,0.7347393,0.006127475,0.12703322,0.027778355,0.070121184,0.014343794,null,null,null,null,"TWOGAUSSIANS",8,1.4759208,0.22555985,0.01728945,0.39706433,0.039129734,0.12307432,0.029397354,0.7347393,0.006127475,0.4,0.0,0.06416017,0.0057571135
375316653866487564,4090259259109601024,0.4947184,2226.1999389208854,0.047909342807737745,6.703142E-5,18.957815,0.008249211,0.17088999,0.005635447,0.06599009,0.013044143,0.22544207,0.016180238,0.64728296,0.0067671686,0.04556907,0.041095756,0.4902415,13748.042,null,null,null,null,"TWOGAUSSIANS",8,3.790009,0.64728296,0.0067671686,0.2551868,0.23013625,0.49023157,13748.042,0.17088999,0.005635447,0.36954448,0.060409315,0.22543211,0.016196784
375316653866487564,4090259327829041024,0.5444062,2190.5537678908254,0.2836737129718342,1.4508336E-6,18.71465,0.0033157484,0.28850794,0.03591909,0.043041475,0.019019777,0.048407197,0.023548817,0.7711125,2.0663024E-4,0.012412945,2.7084938E-4,0.31030965,0.0035271796,null,null,null,null,"TWOGAUSSIANS",8,1.170739,0.7711125,2.0663024E-4,0.069512494,0.0015167565,0.31030965,0.0035271796,0.28850794,0.03591909,0.24103226,0.10651075,0.048407197,0.023548817
375316653866487564,4090259396548525184,0.48820153,2241.676445086102,0.2604223855295844,5.6133E-5,19.369972,0.045610696,0.24898136,0.025969854,0.09715824,0.027925009,0.24898581,0.05748148,0.8482605,0.0019511987,0.022930216,0.006061409,0.22798142,0.046393022,null,null,null,null,"TWOGAUSSIANS",8,2.2688932,0.24898136,0.025969854,0.4,0.0,0.24898411,0.05738918,0.8482605,0.00196783,0.1284092,0.03394389,0.22803012,0.04749444
375316653866487564,4090259503937260672,0.51845014,2161.0603558426674,2.8950105685802323,6.175643E-5,17.816935,0.037630115,0.24009292,0.008351352,0.08845206,0.03377819,0.17192824,0.018661791,0.74996233,0.009365629,0.11109607,0.027938964,0.12606627,0.03646189,null,null,null,null,"TWOGAUSSIANS",8,2.3531065,0.24008292,0.008403804,0.4,0.0,0.16102186,0.034001388,0.74996233,0.009358492,0.4,0.0,0.115149096,0.008877822
375316653866487564,4090259533976539392,0.48707053,2223.3141300884818,0.1916585303059699,5.9476664E-5,17.986464,0.80593497,0.16545321,0.03762465,0.12097864,0.069178835,0.50288147,0.52554625,0.6268591,0.027674787,0.19031462,0.10907282,0.9047089,0.80292916,null,null,null,null,"TWOGAUSSIANS",8,3.896391,0.6268591,0.027674787,0.4,0.0,0.58889216,0.12932132,0.18043321,0.018800808,0.4,0.00785961,0.25377533,0.087030716
375316653866487564,4090259778814983936,0.58746415,2172.977386522727,1.81853142104304,2.172183E-5,18.23426,0.016286528,0.28842592,0.0032578206,0.088237815,0.0075983168,0.32899404,0.025082944,0.7804008,0.0042852135,0.0886154,0.01268575,0.35860083,0.037568554,null,null,null,null,"TWOGAUSSIANS",8,1.8659062,0.7804008,0.0042852135,0.4,0.0,0.34750646,0.04855714,0.28842592,0.0032578206,0.4,0.0,0.3178997,0.026770754
375316653866487564,4090259984973539072,0.48545474,2165.867965128858,1.7215275118285995,1.737899E-5,18.941998,0.01547518,0.40064642,0.008471647,0.082192324,0.0091787465,0.1906298,0.019588092,0.11142812,0.0263046,0.12156674,0.040143143,0.06644087,0.015986435,null,null,null,null,"TWOGAUSSIANS",8,1.2187409,0.39779642,0.0059726113,0.4,0.0,0.19421458,0.02027515,0.11584812,0.031878017,0.4,0.0,0.06642286,0.015532264
375316653866487564,4090260049386070656,0.5418574,2206.26470132088,2.362215819508298,8.9967925E-6,17.350994,0.0025966265,0.8080077,0.0042983573,0.013289911,0.0022683437,0.0671705,0.0111406,null,null,null,null,null,null,0.08132301,0.0030768695,0.8080077,0.0042983573,"ONEGAUSSIAN_WITH_ELLIPSOIDAL",6,6.2423706,0.8080077,0.0042983573,0.0744235,0.012702724,0.22981651,0.01285989,null,null,null,null,null,null
375316653866487564,4090260049386278912,0.48296556,2160.6979693991566,0.4328842722746153,9.392972E-5,19.027613,0.10052153,0.019518007,0.88397396,0.099723734,0.03773019,0.118439004,0.057043493,0.435506,0.012884733,0.15861388,0.06404604,0.21746138,0.090176076,null,null,null,null,"TWOGAUSSIANS",8,2.0170934,0.435506,0.012884733,0.4,0.0,0.19140105,0.018679392,0.030488007,0.8882013,0.4,0.0,0.10018272,0.05469949
375316653866487564,4090260294210746624,0.4850438,2200.519280279658,0.7150185385516641,8.209198E-5,19.305483,0.087611124,0.2831601,0.0079493625,0.10209365,0.0380971,0.1765736,0.090413064,0.7530374,0.012705713,0.08384634,0.03221385,0.19836408,0.08536273,null,null,null,null,"TWOGAUSSIANS",8,1.469038,0.7530374,0.012705713,0.4,0.0,0.19201766,0.030554712,0.2831601,0.007919485,0.4,0.0,0.17022254,0.043988686
375316653866487564,4090260466010029184,0.46379805,2265.683120458795,3.134991343560738,8.0036125E-6,18.935156,0.012712559,0.26740593,0.0075878226,0.04752788,0.012763945,0.17771426,0.051015113,0.8752709,0.0023052334,0.019880947,0.0045202654,0.31391844,0.3233585,0.0893602,0.017328212,0.26740593,0.0075878226,"TWOGAUSSIANS_WITH_ELLIPSOIDAL_ON_ECLIPSE1",9,2.998351,0.8752709,0.0023052334,0.1113333,0.025313487,0.4223715,0.31142724,0.26740593,0.0075878226,0.26615614,0.07147809,0.3564344,0.05132394
375316653866487564,4090260599134007808,0.5235303,2268.2407873009624,0.024965288713722146,9.5930176E-5,19.09366,0.02131726,0.38624945,0.012592317,0.040290527,0.015332928,0.20355289,0.23183835,0.8655262,0.0042370483,0.055531308,0.006146351,0.2766143,0.04281065,null,null,null,null,"TWOGAUSSIANS",8,1.628325,0.8655262,0.0042370483,0.3109753,0.034419566,0.27661413,0.04281062,0.38624945,0.012592317,0.22562696,0.085864395,0.20355271,0.23183855
375316653866487564,4090261080137987200,0.5302401,2222.347779861531,0.13887288053229468,2.3577904E-5,16.667717,0.0031450293,0.17934234,6.334266E-6,0.007889243,2.637901E-4,0.0742943,0.0031432384,0.8099315,0.014925024,0.037360474,0.0072460864,0.15867485,0.027017042,null,null,null,null,"TWOGAUSSIANS",8,9.361434,0.8099315,0.014925024,0.20921867,0.040578082,0.15867485,0.027017042,0.17934234,6.334266E-6,0.04417976,0.0014772246,0.0742943,0.0031432384
375316653866487564,4090261325003103488,0.47329932,2215.4666734916914,0.9658761938325728,3.689881E-5,17.688612,0.011070818,0.25036722,0.05728541,0.10362089,0.05455303,0.1251235,0.36249152,0.71363616,0.0070513543,0.08196691,0.01109311,0.1342929,0.033095714,null,null,null,null,"TWOGAUSSIANS",8,4.1376257,0.71363616,0.0070513543,0.4,0.0,0.13038965,0.03337126,0.25036722,0.05728541,0.4,0.07181526,0.12121436,0.36592287
375316653866487564,4090261492478838400,0.45806593,2210.899730455782,0.6856597118650076,9.234885E-5,18.777994,0.0136154,0.25952715,0.013936007,0.08224959,0.012667043,0.15328786,0.03629932,0.80630225,0.024088867,0.055403978,0.024834936,0.10380945,0.028153006,null,null,null,null,"TWOGAUSSIANS",8,3.650781,0.25952715,0.013936007,0.4,0.0,0.15319145,0.036252666,0.80630225,0.024088867,0.31026226,0.13907565,0.10371308,0.028096758
375316653866487564,4090261664295359232,0.59175897,2222.7163231338113,1.4976047082790236,5.0164417E-6,17.43204,0.02767232,0.790338,0.0026388995,0.06090488,0.0077035124,0.3416137,0.054194674,null,null,null,null,null,null,0.11226319,0.032258987,0.790338,0.0026388995,"ONEGAUSSIAN_WITH_ELLIPSOIDAL",6,16.59995,0.790338,0.0026388995,0.3410673,0.04313967,0.56606424,0.022068005,null,null,null,null,null,null
375316653866487564,4090261767374753664,0.47818145,2276.234243029635,3.3341093449102326,7.259743E-5,17.10498,0.25997922,0.2905048,0.030024871,0.09821686,0.032079052,0.23810914,0.07476491,0.767591,0.025381414,0.242804,0.13280158,0.2984574,0.25368407,null,null,null,null,"TWOGAUSSIANS",8,10.727614,0.2948448,0.029646432,0.4,0.0,0.15165757,0.020764733,0.767591,0.025381414,0.4,0.0,0.13927697,0.013213918
375316653866487564,4090261836094229248,0.56056714,2251.8838528532374,3.538983991985689,2.9223067E-5,17.69575,0.014339629,0.30382562,0.00457711,0.096172936,0.010441756,0.17567603,0.016489068,0.78123796,0.012221838,0.0881599,0.013094551,0.17959651,0.020857926,null,null,null,null,"TWOGAUSSIANS",8,2.8108675,0.78123796,0.012221838,0.4,0.0,0.17322147,0.014164189,0.30382562,0.00457711,0.4,0.0,0.16930021,0.013788673
375316653866487564,4090261904771746944,0.5516471,2287.521040155067,0.5109797753347504,4.3156408E-5,13.772462,0.017007444,0.29740217,0.020002816,0.024702948,0.046225447,0.48651087,1.9846382,0.798223,0.011684077,0.02654413,0.0450585,0.027858686,0.19964767,0.0223419,0.019377576,0.29740217,0.020002816,"TWOGAUSSIANS_WITH_ELLIPSOIDAL_ON_ECLIPSE1",9,84.47462,0.29740217,0.020002816,0.13833651,0.2588625,0.5311946,1.9954758,0.798223,0.011362236,0.14864713,0.25232762,0.07254126,0.1992101
375316653866487564,4090261939173666304,0.49919897,2192.7475230423797,0.5541560826119688,8.404178E-5,19.603806,0.070873104,0.21989809,0.017007032,0.1093772,0.039165433,0.30514622,0.052791554,0.7295132,0.0433555,0.111226186,0.040102184,0.38088605,0.17927064,null,null,null,null,"TWOGAUSSIANS",8,1.8384931,0.7295232,0.043360658,0.4,0.0,0.3336196,0.18281619,0.21987809,0.017033515,0.4,0.0,0.25789413,0.03828031
375316653866487564,4090262110995544704,0.51773876,2244.8349506306963,0.1917135810442292,2.8428067E-5,19.354881,0.12188764,0.098603174,0.01593569,0.09920494,0.03109303,0.20254394,0.102227375,0.48127124,0.02597392,0.116289124,0.038881477,0.33229184,0.10737041,null,null,null,null,"TWOGAUSSIANS",8,0.732417,0.48127124,0.02597392,0.4,0.0,0.32371503,0.05324459,0.10075317,0.008750199,0.4,0.0,0.19537295,0.05275466
375316653866487564,4090262115223237248,0.48315543,2285.8155892249742,0.20586917409308997,1.7890057E-5,17.761719,0.001150849,0.16206911,0.0147254085,0.059522595,0.016799565,0.020002425,0.006754225,0.81894016,0.0038230927,0.016139554,0.0034621444,0.07784442,0.013836569,null,null,null,null,"TWOGAUSSIANS",8,1.3219959,0.81894016,0.0038230927,0.0903815,0.019388009,0.07784442,0.013836569,0.16206911,0.0147254085,0.33332655,0.09407757,0.020002425,0.006754225
375316653866487564,4090262115223294592,0.5189178,2253.6768056285305,0.15462425144571057,4.142168E-5,18.699963,0.010960159,0.633486,0.06880947,0.11272673,0.084281914,0.14115557,0.14582022,0.44390273,0.014191169,0.026834548,0.011742673,0.17498854,0.070425145,null,null,null,null,"TWOGAUSSIANS",8,2.9775126,0.4460627,0.015085406,0.15027347,0.065758966,0.20984204,0.045604758,0.633486,0.06880947,0.4,0.19710332,0.14114048,0.1458356
375316653866487564,4090262390155227904,0.5319878,2206.095148738625,0.8118370855845818,7.910695E-5,17.734203,0.0024417434,0.283993,0.014303577,0.043913092,0.011674129,0.36627617,0.19600727,0.77971596,0.013985784,0.041612227,0.015035135,0.12805362,0.037135504,null,null,null,null,"TWOGAUSSIANS",8,2.093942,0.283993,0.014303577,0.24591331,0.06537512,0.36627617,0.19600765,0.77971596,0.013985784,0.23302847,0.084196754,0.1280536,0.037136167
375316653866487564,4090262420187104384,0.4813001,2239.693983109398,3.3345102883372806,2.948988E-5,18.0088,0.24123982,0.28359333,0.00647521,0.19699846,0.0935381,0.28809252,0.23777837,0.7712737,0.007883945,0.10957604,0.022838747,0.30580953,0.11830622,null,null,null,null,"TWOGAUSSIANS",8,7.9123974,0.7712737,0.007883945,0.4,0.0,0.19208252,0.029878758,0.28364334,0.006375741,0.4,0.0,0.15114334,0.0074014426
375316653866487564,4090262660758175104,0.50993377,2238.8940323184943,0.4318297156385537,4.2805943E-5,19.160145,0.04889357,0.35167778,0.010849008,0.07511096,0.026193677,0.2490628,0.041330047,0.8348798,0.07238235,0.09731777,0.051944833,0.25951773,0.13341244,null,null,null,null,"TWOGAUSSIANS",8,1.5675324,0.8348798,0.07238235,0.4,0.12397803,0.25385725,0.12710938,0.35167778,0.010850739,0.4,0.06687766,0.24340369,0.038324155
375316653866487564,4090262905499048064,0.60869044,2301.395970830357,3.074605567131855,1.2351152E-5,17.362675,0.0112269325,0.26080248,0.0048067467,0.103870906,0.0043651797,0.3189816,0.013422267,0.76195776,0.0012055945,0.108402625,0.0034671212,0.36728108,0.010615519,null,null,null,null,"TWOGAUSSIANS",8,2.6334198,0.76195776,0.0012055945,0.4,0.0,0.32506737,0.0080380775,0.26080248,0.0048067467,0.4,0.0,0.2767796,0.008638122
375316653866487564,4090263146016878848,0.47336936,2288.207474137846,0.405402961815513,4.6791632E-5,18.925898,0.011718809,0.29994613,0.0072760023,0.06779702,0.011975738,0.21221678,0.04047205,0.61044455,0.04031983,0.08923645,0.056183167,0.10200607,0.06097698,null,null,null,null,"TWOGAUSSIANS",8,2.7714374,0.30014613,0.006914347,0.3796633,0.055104624,0.21243948,0.040937193,0.61044455,0.04031983,0.4,0.13472928,0.10199406,0.061035033
375316653866487564,4090263244837028480,0.567421,2257.334920499459,2.788319209917982,1.5166402E-5,17.794163,0.016257444,0.23328286,0.005144371,0.10190921,0.007016782,0.28433532,0.017237585,0.73393166,0.005712244,0.09474775,0.009614074,0.23544343,0.019346219,null,null,null,null,"TWOGAUSSIANS",8,4.367145,0.23328286,0.005144371,0.4,0.0,0.2640303,0.009420836,0.73393166,0.005712244,0.4,0.0,0.21514136,0.016775157
375316653866487564,4090263283456055552,0.53227216,2257.7582227805506,3.2999989010457464,3.017699E-5,16.758518,0.0077813496,0.35954636,0.0014741078,0.014577237,0.0012034535,0.23635298,0.026320092,0.71846443,0.008071742,0.050356332,0.008965805,0.562183,0.2523137,0.024833202,0.011535721,0.71846443,0.008071742,"TWOGAUSSIANS_WITH_ELLIPSOIDAL_ON_ECLIPSE2",9,44.396168,0.71846443,0.008071742,0.28199545,0.050208513,0.6118469,0.25074047,0.35926637,0.0013426653,0.081632525,0.00673934,0.25624123,0.017995775
375316653866487564,4090263420972621312,0.5030668,2223.2762473964794,0.4473498084779475,3.955879E-5,18.951868,0.25580037,0.48617673,0.012304727,0.14748362,0.04086753,0.5441823,0.24393123,0.8707893,0.07425119,0.10535956,0.07255562,0.33614317,0.22757503,null,null,null,null,"TWOGAUSSIANS",8,2.059185,0.48678672,0.010744124,0.4,0.0,0.49917388,0.14313614,0.8707893,0.07425119,0.4,0.17667516,0.30894503,0.14453256
375316653866487564,4090263657143103104,0.5186335,2224.273561174581,0.5285852760580378,1.3547041E-6,18.929245,0.006688554,0.6681108,1.5164516E-5,0.0031230538,3.580827E-4,2.1950386,1.479608,0.47578546,0.06635473,0.10462442,0.0803881,0.086847775,0.04896809,null,null,null,null,"TWOGAUSSIANS",8,1.0841377,0.6681108,1.5164516E-5,0.017489102,0.0020052632,2.2110686,1.5042424,0.47578546,0.06635473,0.4,0.0,0.08684587,0.050853506
375316653866487564,4090263657190418176,0.51658535,2233.328225475546,2.934055019271533,1.5043646E-5,18.920357,0.0059169354,0.28661504,0.007174441,0.06227487,0.009938604,0.2624168,0.093736,0.80183595,0.018659778,0.032024942,0.0045668976,2.3086615,2.3898015,null,null,null,null,"TWOGAUSSIANS",8,2.1549773,0.80183595,0.018659778,0.17933968,0.025574626,2.3086612,2.3898013,0.28661504,0.007174441,0.34873927,0.05565618,0.26241648,0.09373691
375316653866487564,4090263725909756288,0.5256094,2153.6476214618856,1.5319103726527752,9.1937975E-5,19.022163,0.0076394076,0.49658877,6.766511E-4,0.043942947,0.0026793615,4.4976554,1.3768022,null,null,null,null,null,null,null,null,null,null,"ONEGAUSSIAN",5,2.3711824,0.49658877,6.766511E-4,0.2460805,0.015004424,4.4976554,0.0,null,null,null,null,null,null
