Gaia/vari_eclipsing_binary/VariEclipsingBinary_529585-529596.csv
# %ECSV 1.0
# ---
# delimiter: ','
# meta: !!omap
# - RELEASE: Gaia DR3
# - TABLE: vari_eclipsing_binary
# - DESCRIPTION: >
#     This table describes the properties of the eclipsing binaries resulting from the variability analysis. 
# - CITATION: >
#     How to cite and acknowledge Gaia: 
#     https://gea.esac.esa.int/archive/documentation/credits.html 
# - KNOWN_ISSUES: >
#     Known issues: 
#     https://www.cosmos.esa.int/web/gaia-users/known-issues 
# - DOCUMENTATION: >
#     Tutorials and documentation: 
#     https://www.cosmos.esa.int/web/gaia-users/archive 
# datatype:
# - 
#   name: solution_id
#   datatype: int64
#   description: Solution Identifier
#   meta:
#     ucd: meta.version
# - 
#   name: source_id
#   datatype: int64
#   description: Unique source identifier
#   meta:
#     ucd: meta.id;meta.main
# - 
#   name: global_ranking
#   datatype: float32
#   description: Number between 0 (worst) and 1 (best)
#   meta:
#     ucd: stat.param
# - 
#   name: reference_time
#   datatype: float64
#   unit: d
#   description: Reference time used for the geometric model fit
#   meta:
#     ucd: time.epoch
# - 
#   name: frequency
#   datatype: float64
#   unit: d**-1
#   description: Frequency of geometric model of the eclipsing binary light curve
#   meta:
#     ucd: src.orbital
# - 
#   name: frequency_error
#   datatype: float32
#   unit: d**-1
#   description: "Uncertainty of \\texttt{frequency}"
#   meta:
#     ucd: stat.error
# - 
#   name: geom_model_reference_level
#   datatype: float32
#   unit: mag
#   description: Magnitude reference level of geometric model
#   meta:
#     ucd: phot.mag;em.opt
# - 
#   name: geom_model_reference_level_error
#   datatype: float32
#   unit: mag
#   description: "Uncertainty of \\texttt{geomModelReferenceLevel}"
#   meta:
#     ucd: stat.error;phot.mag;em.opt
# - 
#   name: geom_model_gaussian1_phase
#   datatype: float32
#   description: Phase of the Gaussian 1 component
#   meta:
#     ucd: time.phase
# - 
#   name: geom_model_gaussian1_phase_error
#   datatype: float32
#   description: "Uncertainty of \\texttt{geomModelGaussian1Phase}"
#   meta:
#     ucd: stat.error;time.phase
# - 
#   name: geom_model_gaussian1_sigma
#   datatype: float32
#   description: "Standard deviation [phase] of Gaussian 1 component"
#   meta:
#     ucd: stat.stdev
# - 
#   name: geom_model_gaussian1_sigma_error
#   datatype: float32
#   description: "Uncertainty of \\texttt{geomModelGaussian1Sigma}"
#   meta:
#     ucd: stat.error
# - 
#   name: geom_model_gaussian1_depth
#   datatype: float32
#   unit: mag
#   description: Magnitude depth of Gaussian 1 component
#   meta:
#     ucd: src.var.amplitude
# - 
#   name: geom_model_gaussian1_depth_error
#   datatype: float32
#   unit: mag
#   description: "Uncertainty of \\texttt{geomModelGaussian1Depth}"
#   meta:
#     ucd: stat.error;src.var.amplitude
# - 
#   name: geom_model_gaussian2_phase
#   datatype: float32
#   description: Phase of Gaussian 2 component
#   meta:
#     ucd: time.phase
# - 
#   name: geom_model_gaussian2_phase_error
#   datatype: float32
#   description: "Uncertainty of \\texttt{geomModelGaussian2Phase}"
#   meta:
#     ucd: stat.error;time.phase
# - 
#   name: geom_model_gaussian2_sigma
#   datatype: float32
[...]
#   datatype: float32
#   description: "Secondary eclipse: uncertainty of \\texttt{derivedSecondaryEclDuration}"
#   meta:
#     ucd: stat.error;time.duration
# - 
#   name: derived_secondary_ecl_depth
#   datatype: float32
#   unit: mag
#   description: "Secondary eclipse: depth"
#   meta:
#     ucd: src.var.amplitude
# - 
#   name: derived_secondary_ecl_depth_error
#   datatype: float32
#   unit: mag
#   description: "Secondary eclipse: uncertainty of \\texttt{derivedSecondaryEclDepth}"
#   meta:
#     ucd: stat.error;src.var.amplitude
solution_id,source_id,global_ranking,reference_time,frequency,frequency_error,geom_model_reference_level,geom_model_reference_level_error,geom_model_gaussian1_phase,geom_model_gaussian1_phase_error,geom_model_gaussian1_sigma,geom_model_gaussian1_sigma_error,geom_model_gaussian1_depth,geom_model_gaussian1_depth_error,geom_model_gaussian2_phase,geom_model_gaussian2_phase_error,geom_model_gaussian2_sigma,geom_model_gaussian2_sigma_error,geom_model_gaussian2_depth,geom_model_gaussian2_depth_error,geom_model_cosine_half_period_amplitude,geom_model_cosine_half_period_amplitude_error,geom_model_cosine_half_period_phase,geom_model_cosine_half_period_phase_error,model_type,num_model_parameters,reduced_chi2,derived_primary_ecl_phase,derived_primary_ecl_phase_error,derived_primary_ecl_duration,derived_primary_ecl_duration_error,derived_primary_ecl_depth,derived_primary_ecl_depth_error,derived_secondary_ecl_phase,derived_secondary_ecl_phase_error,derived_secondary_ecl_duration,derived_secondary_ecl_duration_error,derived_secondary_ecl_depth,derived_secondary_ecl_depth_error
[from data line 150]
375316653866487564,4658290330665287296,0.44167447,2176.1291848311985,0.7413882247775683,7.2761926E-5,19.45234,0.02199743,0.3441249,0.015520601,0.09834259,0.020551043,0.19614525,0.03921986,0.6718242,0.032936435,0.07252993,0.067780316,0.11629016,0.040279247,null,null,null,null,"TWOGAUSSIANS",8,2.5023844,0.3441349,0.013455948,0.4,0.0,0.19601448,0.0391765,0.6718242,0.032936435,0.4,0.068252854,0.11691618,0.042721026
375316653866487564,4658290433743323136,0.4455035,2199.1081229599663,0.7473604570672185,3.7442074E-5,18.586733,0.018314082,0.29177326,0.014009609,0.08306004,0.022510644,0.08529305,0.019036554,0.7299219,0.009805197,0.091992944,0.021174576,0.113001734,0.047108382,null,null,null,null,"TWOGAUSSIANS",8,2.9573512,0.7299219,0.009805197,0.4,0.0,0.11185778,0.047089055,0.29178324,0.013992751,0.4,0.0,0.08415035,0.016820768
375316653866487564,4658290502464033536,0.4281319,2183.3641647519744,1.4527089142767262,1.3625763E-4,19.061665,0.061327875,0.39119038,0.025592688,0.10881394,0.06607936,0.22993477,0.03795624,0.75421405,0.05227119,0.13158402,0.04910533,0.12572701,0.04553264,null,null,null,null,"TWOGAUSSIANS",8,4.5448337,0.3943904,0.020741217,0.4,0.0,0.22311883,0.05236584,0.75421405,0.05227119,0.4,0.0,0.11690022,0.023073621
375316653866487564,4658290506735607296,0.45266208,2128.0080588343467,0.5047371243818323,8.876997E-5,19.559793,0.01458577,0.21262711,0.00992147,0.06839586,0.012989248,0.5161801,0.15303949,0.78276134,0.038930062,0.04503789,0.046789415,0.2323753,0.08079699,null,null,null,null,"TWOGAUSSIANS",8,5.1428576,0.21262711,0.00992147,0.3830168,0.05035772,0.5161777,0.15312882,0.78276134,0.038930062,0.2522122,0.19457762,0.2323729,0.08116054
375316653866487564,4658290506747633024,0.4523275,2180.788621715654,0.051795085718053545,3.6304315E-5,18.575567,0.0121052805,0.17025739,0.013701376,0.05732525,0.007145409,0.22358248,0.048257347,0.87535924,0.016546478,0.046673596,0.013779091,0.13188495,0.030707415,0.07891684,0.020442989,0.87535924,0.016546478,"TWOGAUSSIANS_WITH_ELLIPSOIDAL_ON_ECLIPSE2",9,11.571561,0.87535924,0.016546478,0.26137215,0.07716291,0.2897185,0.036064994,0.17955738,0.0145554375,0.3210214,0.04001429,0.23826557,0.049569115
375316653866487564,4658290536824399104,0.4487221,2208.158563853838,0.3243342497020323,2.2050388E-5,18.977701,0.014688669,0.27085844,0.02520372,0.04129416,0.07248525,0.102760196,0.04636955,0.57605124,0.003050156,0.030640302,0.0052325707,0.17683402,0.038785484,null,null,null,null,"TWOGAUSSIANS",8,3.727247,0.57605124,0.003050156,0.1715857,0.029302394,0.17683402,0.03889591,0.27085844,0.02520372,0.2312473,0.23336275,0.102760196,0.046370316
375316653866487564,4658290609826746624,0.4334565,2166.557889999398,1.1806612790642248,4.7979927E-5,19.20925,0.030223625,0.134223,0.008703128,0.067858376,0.011697689,0.17701328,0.018798782,0.7499488,0.06901815,0.18079059,0.11540116,0.06905697,0.031128958,null,null,null,null,"TWOGAUSSIANS",8,3.3798819,0.132073,0.0070442506,0.3800069,0.05746553,0.17717415,0.020651259,0.7499488,0.0690267,0.4,0.0,0.061707806,0.022224192
375316653866487564,4658290609826787712,0.5228304,2170.8093454574373,0.9316033383037792,1.7120474E-5,18.717575,0.03029188,0.285762,0.008728127,0.11957095,0.013466093,0.32552376,0.028822204,0.7361794,0.004374651,0.10491126,0.008925899,0.4929453,0.035921484,null,null,null,null,"TWOGAUSSIANS",8,3.7630312,0.7361794,0.004374651,0.4,0.0,0.4541238,0.033435747,0.28585202,0.008690471,0.4,0.0,0.2864735,0.013477882
375316653866487564,4658290644174568832,0.47287688,2116.7785851222206,3.417180035150278,3.314037E-5,18.030115,0.036373205,0.21464586,0.057550564,0.04747807,0.12914519,0.031814434,0.028234364,0.72503644,0.009876867,0.08020994,0.020173104,0.18219732,0.05393694,null,null,null,null,"TWOGAUSSIANS",8,2.4223073,0.72503644,0.009824083,0.4,0.0,0.18213555,0.047861762,0.21464586,0.057596643,0.2658772,0.221479,0.03175267,0.015511479
375316653866487564,4658290674262701056,0.45542577,2197.102019650831,0.6507133028324282,9.153852E-5,18.751514,0.38976896,0.62026685,0.030735029,0.3044431,0.18794113,0.3880897,0.374858,0.32766154,0.022581665,0.020262288,0.012328943,2.078399,4.3583245,null,null,null,null,"TWOGAUSSIANS",8,4.225486,0.32777154,0.023983931,0.11346882,0.06904208,2.1476164,4.3621354,0.62026685,0.030735029,0.4,0.0,0.19012053,0.0166822
375316653866487564,4658290678546107520,0.42084253,2187.707558099195,3.2179270573563286,9.587431E-6,18.946331,0.012642398,0.33024716,0.018921828,0.009725378,0.004422313,0.9040215,4.364941,0.6187078,7.680161E-5,0.013731647,0.0017042817,0.70489955,0.32484266,null,null,null,null,"TWOGAUSSIANS",8,14.032616,0.33024716,0.018921828,0.054462116,0.024764953,0.9040215,4.364941,0.6187078,7.680161E-5,0.076897226,0.009543978,0.70489955,0.32484266
375316653866487564,4658290678546130048,0.45267132,2129.9671871744063,2.1199278472825718,2.1884485E-5,19.269981,0.05640148,0.2283099,0.0060920874,0.084948026,0.026265511,0.2900246,0.08495347,0.77461594,0.010340759,0.13021871,0.036239475,0.19948843,0.051873993,null,null,null,null,"TWOGAUSSIANS",8,2.043804,0.22801991,0.0058070896,0.4,0.0,0.27274728,0.095973216,0.77461594,0.010335407,0.4,0.0,0.1817183,0.02488989
375316653866487564,4658290953423753216,0.4383219,2218.179559867138,0.3976555136271981,3.9705134E-5,18.397587,0.025528463,0.27213264,0.0141798025,0.06304061,0.025221463,0.081252165,0.025886197,0.7129736,0.013370281,0.12377677,0.033866737,0.15785953,0.039725836,null,null,null,null,"TWOGAUSSIANS",8,5.8183503,0.7129736,0.013370281,0.4,0.0,0.15514718,0.039774526,0.27251264,0.013943667,0.3530274,0.1277199,0.07882499,0.021676337
375316653866487564,4658291258376922240,0.45215353,2178.8203823801136,0.07530087641696506,5.4314518E-5,19.81272,0.00843365,0.39407286,0.024500454,0.011326454,0.008878082,1.4012551,7.850025,0.713505,0.007582448,0.07237869,0.008671578,0.3013694,0.043369465,null,null,null,null,"TWOGAUSSIANS",8,2.3446686,0.39407286,0.024500454,0.06342814,0.049717262,1.4012729,7.8500133,0.713505,0.007582448,0.4,0.028010163,0.3013694,0.043369465
375316653866487564,4658291361455817984,0.46095818,2172.6100307079078,0.13216968224177175,1.476324E-4,19.270872,0.025947768,0.27770236,0.0056137303,0.03932394,0.0071083503,0.41409138,0.027459627,0.7289049,0.039038915,0.14266343,0.058474064,0.06609203,0.03293654,null,null,null,null,"TWOGAUSSIANS",8,3.9120638,0.27773234,0.0056583076,0.22021408,0.03980676,0.412953,0.027779369,0.7289049,0.039038915,0.4,0.0,0.06446832,0.030255012
375316653866487564,4658291365727890944,0.4496284,2214.092966230886,0.11005168093962185,1.2637738E-5,18.506142,0.0071067554,0.3131293,0.012149083,0.038137972,0.0141411945,0.11058488,0.059996013,0.69334817,0.026949905,0.09999644,0.039875124,0.06723677,0.017447168,null,null,null,null,"TWOGAUSSIANS",8,2.3266177,0.3131493,0.012130594,0.21357265,0.07919069,0.11062781,0.0599934,0.69334817,0.026949905,0.4,0.03192971,0.06723092,0.017451296
375316653866487564,4658291395815561856,0.41896296,2239.976539561368,4.855760173040747,4.021081E-5,19.03331,0.01030136,0.2564668,0.009990301,0.044850744,0.015727598,0.1121596,0.13722366,0.7570818,0.028377583,0.08333384,0.02977442,0.08438137,0.015264513,null,null,null,null,"TWOGAUSSIANS",8,4.0124774,0.2564668,0.009990301,0.25116417,0.08807455,0.11207332,0.13730147,0.7570818,0.028377583,0.4,0.013568402,0.08429508,0.015212851
375316653866487564,4658291434459837952,0.45297837,2215.9805584674937,0.010858658616708738,1.0071247E-4,19.192242,0.120147906,0.15750657,0.019669307,0.11182814,0.037097804,0.32922843,0.122287214,0.59550047,0.025965793,0.13030227,0.042641774,0.33633643,0.12002474,null,null,null,null,"TWOGAUSSIANS",8,6.6444187,0.59550047,0.025965793,0.4,0.0,0.29159856,0.04562773,0.15865658,0.018054597,0.4,0.0,0.28556743,0.055004478
375316653866487564,4658291567614215808,0.45808825,2159.958066078231,4.698182386495127,3.259435E-5,19.055931,0.023658551,0.41195783,0.008546494,0.085822314,0.014481175,0.175582,0.024128323,0.9282958,0.020298123,0.10425526,0.043091908,0.12298712,0.021980619,null,null,null,null,"TWOGAUSSIANS",8,1.347882,0.41195783,0.008553834,0.4,0.0,0.16844371,0.015967067,0.9282958,0.020298123,0.4,0.0,0.11584564,0.017632948
375316653866487564,4658291808069587200,0.5115861,2166.6513300553474,0.8908374500399419,5.1779907E-6,17.79674,0.010488644,0.3559985,0.002602083,0.038765248,0.0028246217,0.3767621,0.011070276,0.8710275,0.012141705,0.04166605,0.008705313,0.6114729,0.209666,null,null,null,null,"TWOGAUSSIANS",8,9.326028,0.8710275,0.012141705,0.23332986,0.048749752,0.6114729,0.2096661,0.3559985,0.002602083,0.21708539,0.015817882,0.3767621,0.011070273
375316653866487564,4658291842498525824,0.5147099,2189.2491351576027,0.5433910877829882,9.581489E-5,18.333426,0.0034715652,0.20868765,0.006790014,0.03124804,0.0038337393,0.35567197,0.01912186,null,null,null,null,null,null,null,null,null,null,"ONEGAUSSIAN",5,3.4090056,0.20868765,0.006790014,0.17498903,0.021468941,0.35567197,0.0,null,null,null,null,null,null
375316653866487564,4658291846776639104,0.44889963,2168.5313731640563,1.5174672879689979,9.886814E-5,19.655273,0.7969949,0.37329376,0.05505365,0.10834186,0.073614754,0.61381316,0.5441956,0.7882735,0.029559968,0.1356543,0.12720646,0.34549934,0.7727405,null,null,null,null,"TWOGAUSSIANS",8,6.422143,0.37470376,0.04435599,0.4,0.0010109056,0.56787777,0.43732965,0.7882735,0.029559968,0.4,0.0,0.29667374,0.0521608
375316653866487564,4658291876858276480,0.4252883,2220.3128553794622,2.2392980690600486,3.1422845E-5,18.893185,0.030680811,0.32338282,0.018887162,0.14403445,0.050447755,0.11784134,0.025296016,0.6857286,0.030112498,0.043734197,0.039027657,0.08268115,0.03334971,null,null,null,null,"TWOGAUSSIANS",8,3.7133136,0.32338282,0.018886924,0.4,0.0,0.11709361,0.023911498,0.6857286,0.030112498,0.2449115,0.156197,0.086917795,0.0411276
375316653866487564,4658291984203321600,0.44438866,2196.313335482723,0.7084971094110463,5.4941363E-5,18.166037,0.0033080026,0.49811184,0.010236768,0.06909083,0.011579097,0.06547339,0.0092153065,0.83962137,0.004630169,0.012979933,0.00411107,0.09537502,0.036291886,null,null,null,null,"TWOGAUSSIANS",8,2.5213592,0.83962137,0.004630169,0.072687626,0.023021992,0.095375344,0.036291942,0.49811184,0.010236768,0.38690865,0.04486713,0.06547339,0.0092153065
375316653866487564,4658292087282263680,0.43384,2170.835299581428,0.5893818946429826,3.2768956E-5,18.012976,0.011833873,0.14658172,0.013723679,0.0554724,0.014366391,0.07403015,0.015241695,0.7352023,0.041099813,0.08265187,0.04759838,0.10444778,0.08572262,null,null,null,null,"TWOGAUSSIANS",8,3.3896036,0.7352023,0.041099813,0.4,0.1073334,0.104427464,0.0856537,0.14658172,0.013705454,0.31064543,0.080451794,0.074010275,0.01441912
375316653866487564,4658292087282276992,0.4206859,2204.1505000004204,1.9422307457893155,1.683553E-5,18.632437,0.01006965,0.35205254,0.0027648888,0.0014780898,0.0013639005,0.4484867,6.940639,0.6855483,0.010780249,0.029479388,0.008194872,0.13324633,0.03805971,0.0565187,0.016327668,0.35205254,0.0027648888,"TWOGAUSSIANS_WITH_ELLIPSOIDAL_ON_ECLIPSE1",9,8.93489,0.35205254,0.0027648888,0.008277303,0.007637843,0.5615241,6.94126,0.6897183,0.01274471,0.16508457,0.045891285,0.1628846,0.037525784
375316653866487564,4658292186100786944,0.4487719,2164.0642804646486,0.08502062031780178,4.959662E-5,18.970228,0.113141015,0.35202554,0.022136005,0.2260346,0.11151134,0.18349312,0.102582514,0.8282413,0.006847722,0.058869198,0.010563716,0.27634898,0.03958289,null,null,null,null,"TWOGAUSSIANS",8,4.556212,0.8282413,0.006847722,0.3296675,0.05915681,0.2481856,0.033539634,0.35202554,0.022136005,0.4,0.0,0.122889005,0.022048254
375316653866487564,4658292293453218944,0.4521078,2123.2684006118548,0.4937859952807395,1.1418313E-4,19.365246,0.055992074,0.43667048,0.008061827,0.09450318,0.036293477,0.81243956,0.37499267,0.7592675,0.010152688,0.042768627,0.034159552,0.64366794,2657300.0,null,null,null,null,"TWOGAUSSIANS",8,13.537615,0.43667048,0.008061827,0.4,0.0,0.8124323,0.37531862,0.7592675,0.010152688,0.23950431,0.1912935,0.64605635,2657300.0
375316653866487564,4658292327843056640,0.425706,2173.8473899925993,0.19453953300206556,2.854602E-5,19.140013,0.033732835,0.19695823,0.008340037,0.056990825,0.017761027,0.19900796,0.04453347,0.788855,0.05157122,0.0780707,0.03079148,0.20782836,0.06147277,null,null,null,null,"TWOGAUSSIANS",8,9.685051,0.788855,0.05157122,0.4,0.10006411,0.20780113,0.061196838,0.19695823,0.008337541,0.3191486,0.09946176,0.19898097,0.044370543
375316653866487564,4658292396532170496,0.42908573,2158.845733294906,0.5897660336490445,1.2671339E-4,18.555649,0.069737926,0.4750466,0.05021224,0.20663211,0.072266735,0.16728511,0.06958788,0.7536489,0.09864278,0.06642251,0.048694484,0.0679819,0.08442942,null,null,null,null,"TWOGAUSSIANS",8,9.676189,0.47521663,0.16581275,0.4,0.0,0.14916104,0.046492968,0.7536489,0.09864278,0.37196603,0.2097039,0.117628604,0.0790111
375316653866487564,4658292460978744320,0.44544816,2178.0757675525992,0.3276896119599762,1.3532069E-4,18.900204,0.007184166,0.4806378,0.070821896,0.09807725,0.06391354,0.07606631,0.014707634,0.7119343,0.037305202,0.057720996,0.026085457,0.17732766,0.05096574,null,null,null,null,"TWOGAUSSIANS",8,2.581215,0.7119343,0.037305202,0.32323757,0.13673371,0.1820418,0.046391197,0.4811678,0.069963455,0.4,0.118305005,0.0761241,0.014525326
375316653866487564,4658292499611265536,0.4469509,2189.6478237381543,0.6744535486492576,8.843131E-5,19.435974,0.1431889,0.29378754,0.01360766,0.121537946,0.061138917,0.3113988,0.11853073,0.7878642,0.007079151,0.07363853,0.027913153,0.55785006,0.07607013,null,null,null,null,"TWOGAUSSIANS",8,13.172156,0.7878642,0.007079151,0.4,0.087846905,0.532418,0.080477126,0.29378754,0.01360766,0.4,0.0,0.2858327,0.078210935
375316653866487564,4658292632764298240,0.43782362,2171.452581498736,0.2018752739203197,2.2387389E-5,18.730501,0.034536187,0.35718036,0.02432457,0.19961628,0.055267207,0.13932285,0.03684243,0.85310537,0.004367063,0.043151006,0.011745427,0.12462699,0.011569046,null,null,null,null,"TWOGAUSSIANS",8,3.2567368,0.35718036,0.02432457,0.4,0.0,0.113664456,0.009824124,0.85310537,0.0043657366,0.24164563,0.06577439,0.11107738,0.013614205
375316653866487564,4658292701422077184,0.41359967,2176.9793910559383,0.12447204243254195,1.1808667E-4,18.300835,0.017576389,0.22695705,0.0029189575,0.01688181,0.003206827,0.09263298,0.026844015,0.48926163,0.015614187,0.14305241,0.052312072,0.105659336,0.013206599,null,null,null,null,"TWOGAUSSIANS",8,4.8768015,0.22773705,0.002743292,0.094538145,0.017958231,0.1119323,0.028088024,0.48926163,0.015614187,0.4,0.0,0.10518928,0.014024748
375316653866487564,4658292705770016128,0.47975042,2226.617040698199,0.203879926005243,5.108112E-5,18.849333,0.007945464,0.26765513,0.007803367,0.057679873,0.013291386,0.16658135,0.03892103,0.8294589,0.0062845983,0.02974143,0.005539511,0.26510605,0.06888923,null,null,null,null,"TWOGAUSSIANS",8,3.804652,0.8294589,0.0062845983,0.166552,0.031021262,0.26510605,0.06888924,0.26765513,0.007803367,0.3230073,0.07443176,0.16658135,0.038921043
375316653866487564,4658292740129571584,0.44851515,2196.216609942786,0.1159035818107542,3.4656277E-5,17.7878,0.0037794993,0.3414028,0.0062003946,0.048011392,0.0054867784,0.11382421,0.024580153,0.7882746,0.009453322,0.03798875,0.015039787,0.10592452,0.03424246,null,null,null,null,"TWOGAUSSIANS",8,3.3513186,0.3414028,0.0062003946,0.2688638,0.030725958,0.11382421,0.024580156,0.7882746,0.009453322,0.21273698,0.08422281,0.10592452,0.034242496
375316653866487564,4658292804563262976,0.43497616,2186.9566031095674,0.9623805442221924,1.20068806E-4,19.375593,0.029277131,0.2887343,0.026544834,0.03660026,0.036550865,0.07965676,0.031064782,0.66730076,0.016299298,0.16816242,0.036998212,0.18830249,0.03057159,null,null,null,null,"TWOGAUSSIANS",8,2.429926,0.66730076,0.016299298,0.4,0.0,0.18358262,0.027724046,0.29216427,0.016482404,0.20496143,0.19839156,0.090416715,0.037918996
