Gaia/vari_eclipsing_binary/VariEclipsingBinary_709748-710046.csv
# %ECSV 1.0
# ---
# delimiter: ','
# meta: !!omap
# - RELEASE: Gaia DR3
# - TABLE: vari_eclipsing_binary
# - DESCRIPTION: >
#     This table describes the properties of the eclipsing binaries resulting from the variability analysis. 
# - CITATION: >
#     How to cite and acknowledge Gaia: 
#     https://gea.esac.esa.int/archive/documentation/credits.html 
# - KNOWN_ISSUES: >
#     Known issues: 
#     https://www.cosmos.esa.int/web/gaia-users/known-issues 
# - DOCUMENTATION: >
#     Tutorials and documentation: 
#     https://www.cosmos.esa.int/web/gaia-users/archive 
# datatype:
# - 
#   name: solution_id
#   datatype: int64
#   description: Solution Identifier
#   meta:
#     ucd: meta.version
# - 
#   name: source_id
#   datatype: int64
#   description: Unique source identifier
#   meta:
#     ucd: meta.id;meta.main
# - 
#   name: global_ranking
#   datatype: float32
#   description: Number between 0 (worst) and 1 (best)
#   meta:
#     ucd: stat.param
# - 
#   name: reference_time
#   datatype: float64
#   unit: d
#   description: Reference time used for the geometric model fit
#   meta:
#     ucd: time.epoch
# - 
#   name: frequency
#   datatype: float64
#   unit: d**-1
#   description: Frequency of geometric model of the eclipsing binary light curve
#   meta:
#     ucd: src.orbital
# - 
#   name: frequency_error
#   datatype: float32
#   unit: d**-1
#   description: "Uncertainty of \\texttt{frequency}"
#   meta:
#     ucd: stat.error
# - 
#   name: geom_model_reference_level
#   datatype: float32
#   unit: mag
#   description: Magnitude reference level of geometric model
#   meta:
#     ucd: phot.mag;em.opt
# - 
#   name: geom_model_reference_level_error
#   datatype: float32
#   unit: mag
#   description: "Uncertainty of \\texttt{geomModelReferenceLevel}"
#   meta:
#     ucd: stat.error;phot.mag;em.opt
# - 
#   name: geom_model_gaussian1_phase
#   datatype: float32
#   description: Phase of the Gaussian 1 component
#   meta:
#     ucd: time.phase
# - 
#   name: geom_model_gaussian1_phase_error
#   datatype: float32
#   description: "Uncertainty of \\texttt{geomModelGaussian1Phase}"
#   meta:
#     ucd: stat.error;time.phase
# - 
#   name: geom_model_gaussian1_sigma
#   datatype: float32
#   description: "Standard deviation [phase] of Gaussian 1 component"
#   meta:
#     ucd: stat.stdev
# - 
#   name: geom_model_gaussian1_sigma_error
#   datatype: float32
#   description: "Uncertainty of \\texttt{geomModelGaussian1Sigma}"
#   meta:
#     ucd: stat.error
# - 
#   name: geom_model_gaussian1_depth
#   datatype: float32
#   unit: mag
#   description: Magnitude depth of Gaussian 1 component
#   meta:
#     ucd: src.var.amplitude
# - 
#   name: geom_model_gaussian1_depth_error
#   datatype: float32
#   unit: mag
#   description: "Uncertainty of \\texttt{geomModelGaussian1Depth}"
#   meta:
#     ucd: stat.error;src.var.amplitude
# - 
#   name: geom_model_gaussian2_phase
#   datatype: float32
#   description: Phase of Gaussian 2 component
#   meta:
#     ucd: time.phase
# - 
#   name: geom_model_gaussian2_phase_error
#   datatype: float32
#   description: "Uncertainty of \\texttt{geomModelGaussian2Phase}"
#   meta:
#     ucd: stat.error;time.phase
# - 
#   name: geom_model_gaussian2_sigma
#   datatype: float32
[...]
#   datatype: float32
#   description: "Secondary eclipse: uncertainty of \\texttt{derivedSecondaryEclDuration}"
#   meta:
#     ucd: stat.error;time.duration
# - 
#   name: derived_secondary_ecl_depth
#   datatype: float32
#   unit: mag
#   description: "Secondary eclipse: depth"
#   meta:
#     ucd: src.var.amplitude
# - 
#   name: derived_secondary_ecl_depth_error
#   datatype: float32
#   unit: mag
#   description: "Secondary eclipse: uncertainty of \\texttt{derivedSecondaryEclDepth}"
#   meta:
#     ucd: stat.error;src.var.amplitude
solution_id,source_id,global_ranking,reference_time,frequency,frequency_error,geom_model_reference_level,geom_model_reference_level_error,geom_model_gaussian1_phase,geom_model_gaussian1_phase_error,geom_model_gaussian1_sigma,geom_model_gaussian1_sigma_error,geom_model_gaussian1_depth,geom_model_gaussian1_depth_error,geom_model_gaussian2_phase,geom_model_gaussian2_phase_error,geom_model_gaussian2_sigma,geom_model_gaussian2_sigma_error,geom_model_gaussian2_depth,geom_model_gaussian2_depth_error,geom_model_cosine_half_period_amplitude,geom_model_cosine_half_period_amplitude_error,geom_model_cosine_half_period_phase,geom_model_cosine_half_period_phase_error,model_type,num_model_parameters,reduced_chi2,derived_primary_ecl_phase,derived_primary_ecl_phase_error,derived_primary_ecl_duration,derived_primary_ecl_duration_error,derived_primary_ecl_depth,derived_primary_ecl_depth_error,derived_secondary_ecl_phase,derived_secondary_ecl_phase_error,derived_secondary_ecl_duration,derived_secondary_ecl_duration_error,derived_secondary_ecl_depth,derived_secondary_ecl_depth_error
[from data line 328]
375316653866487564,6245301293594948224,0.5618001,2118.8205622339087,1.9549011089840709,8.786537E-6,18.570263,0.0061239703,0.2719977,0.0042707617,0.09571668,0.006920645,0.17929605,0.006671367,0.77541083,0.0014428399,0.079925746,0.004065775,0.38224405,0.023351256,null,null,null,null,"TWOGAUSSIANS",8,1.8203466,0.77541083,0.0014428399,0.4,0.0,0.37407494,0.025299663,0.2719977,0.0042707617,0.4,0.0,0.17112647,0.0068088416
375316653866487564,6245314934411204736,0.59810406,2136.9201048924747,1.451207297628821,1.718979E-5,18.485207,0.0049264254,0.23016934,0.0016038792,0.02671518,0.0018020836,0.65882313,0.044668768,0.7328601,0.0010226397,0.026793733,0.0024259998,0.38585618,0.06261655,0.04439773,0.006987856,0.23016934,0.0016038792,"TWOGAUSSIANS_WITH_ELLIPSOIDAL_ON_ECLIPSE1",9,3.2954154,0.23016934,0.0016038792,0.149605,0.010091668,0.74761844,0.04546503,0.7328601,0.0010226397,0.1500449,0.013585599,0.47462612,0.06640471
375316653866487564,6245320225810599168,0.60433155,2127.1490011651053,4.405332006116679,5.2935598E-6,18.108034,0.010216461,0.22006764,0.0014704062,0.05856669,0.0069870977,0.15467578,0.020855637,0.7051407,0.0031950506,0.045213815,0.0049636452,0.25060657,0.021643467,0.114774965,0.013113876,0.22006764,0.0014704062,"TWOGAUSSIANS_WITH_ELLIPSOIDAL_ON_ECLIPSE1",9,3.014452,0.70706075,0.0028600637,0.25319737,0.027796414,0.47838384,0.011420608,0.22006764,0.0014704062,0.32797346,0.03912775,0.38420865,0.009188511
375316653866487564,6245334691262587520,0.5642705,2129.7628756160575,3.590029725169778,1.2285583E-5,19.602432,0.007859361,0.22568744,0.0073023364,0.06298166,0.005122811,0.70741457,0.057757057,0.7298587,0.003465406,0.06285862,0.0033020095,0.61134833,0.02180408,null,null,null,null,"TWOGAUSSIANS",8,1.5706962,0.22568744,0.0073023364,0.35269728,0.028687742,0.7069845,0.057797357,0.7298587,0.003465406,0.35200828,0.018491253,0.6109183,0.021804366
375316653866487564,6245335241018411776,0.50645435,2137.9035882072176,3.495059239775333,3.4185847E-5,19.85538,0.013446555,0.24269636,0.005642428,0.081748016,0.005617258,0.39268604,0.017482288,0.7370395,0.008868619,0.08870023,0.008611802,0.354233,0.036990054,null,null,null,null,"TWOGAUSSIANS",8,1.5971769,0.24269636,0.005642428,0.4,0.0,0.38356382,0.015321297,0.7370395,0.008868619,0.4,0.0,0.34511068,0.038183104
375316653866487564,6245342353484413568,0.62360424,2113.056303965396,2.840973289881054,7.119482E-6,15.338017,0.011692582,0.25079268,0.0018639052,0.11027678,0.006205145,0.2554633,0.009640144,0.74881107,0.0031470833,0.10617759,0.0062258407,0.21874051,0.012001937,null,null,null,null,"TWOGAUSSIANS",8,10.098697,0.25079268,0.0018639052,0.4,0.0,0.2233202,0.0045462237,0.74881107,0.0031470833,0.4,0.0,0.1866083,0.0021217735
375316653866487564,6245345518873913472,0.5765454,2109.0097013318896,3.448909616042882,1.3119307E-5,19.185667,0.008322529,0.23855166,0.0030145634,0.04141079,0.0053047994,0.36827073,0.035672233,0.73816234,0.0027926718,0.051513784,0.0031494137,0.35144958,0.025544573,0.11418689,0.01678599,0.23855166,0.0030145634,"TWOGAUSSIANS_WITH_ELLIPSOIDAL_ON_ECLIPSE1",9,2.183032,0.23855166,0.0030145634,0.23190042,0.029706877,0.59664166,0.028757509,0.73821235,0.0024983955,0.2884772,0.017636716,0.5798193,0.014793725
375316653866487564,6245349298447813888,0.4593137,2149.9190121882966,1.5228803594999445,1.1203507E-5,17.376894,0.007554332,0.24808112,0.0044204653,0.021259528,0.0037658948,0.23918028,0.02337079,0.71507806,0.006691605,0.06936373,0.01826886,0.11255935,0.026736606,null,null,null,null,"TWOGAUSSIANS",8,31.692436,0.24808112,0.0044204653,0.11905336,0.02108901,0.23918027,0.02337076,0.71507806,0.006691605,0.38843688,0.05570699,0.11255934,0.026736911
375316653866487564,6245355032226363904,0.5363128,2132.781607554788,0.7249107685485823,8.651315E-6,18.3925,0.0022126473,0.2253044,0.0031232198,0.03437609,0.0048038783,0.16205637,0.03964435,0.72405666,0.0043908283,0.02878304,0.003388095,0.45475748,0.04800304,null,null,null,null,"TWOGAUSSIANS",8,1.7785511,0.72405666,0.0043908283,0.16118503,0.018973332,0.45475748,0.04800304,0.2253044,0.0031232198,0.1925061,0.026901716,0.16205637,0.03964435
375316653866487564,6245357746645790080,0.47953385,2150.0993269925225,3.7059110422873154,2.9537636E-5,18.324903,0.0022459687,null,null,null,null,null,null,null,null,null,null,null,null,0.05776042,0.0032441695,0.2973889,0.0045613437,"ELLIPSOIDAL",4,3.2868621,null,null,null,null,null,null,null,null,null,null,null,null
375316653866487564,6245362247773099136,0.4574336,2108.6576128301836,2.6964011546295117,3.336244E-5,18.772097,0.034862056,0.23982629,0.012265347,0.11079415,0.027669976,0.17555343,0.030873112,0.7763704,0.008581041,0.09355424,0.02297132,0.2550328,0.027477521,null,null,null,null,"TWOGAUSSIANS",8,8.6397085,0.7764004,0.008548551,0.4,0.0,0.24192585,0.03128723,0.23982629,0.012257659,0.4,0.0,0.16241838,0.019967427
375316653866487564,6245369570692961792,0.6141049,2142.4382145424674,3.9586258862521624,1.0475591E-5,16.35543,0.011364285,0.22769184,0.0032784157,0.03845002,0.013220875,0.19540581,0.023593362,0.7227387,0.010623999,0.048557807,0.015656177,0.1423713,0.02213372,0.118625835,0.014316477,0.22769184,0.0032784157,"TWOGAUSSIANS_WITH_ELLIPSOIDAL_ON_ECLIPSE1",9,20.43219,0.22769184,0.0032784157,0.21532011,0.074036896,0.43265665,0.022891654,0.7239087,0.0065272315,0.27192372,0.087674595,0.37944677,0.01238902
375316653866487564,6245371902859278976,0.59900594,2170.044065775694,3.9440634311507794,1.12609205E-5,17.237017,0.014458627,0.19781765,0.0026367854,0.055181522,0.009264756,0.1151529,0.03811288,0.7100324,0.0483479,0.04936038,0.027561104,0.19981562,0.05917239,0.07039022,0.01923532,0.19781765,0.0026367854,"TWOGAUSSIANS_WITH_ELLIPSOIDAL_ON_ECLIPSE1",9,5.446198,0.7100324,0.0483479,0.27641812,0.12198062,0.3397634,0.03907713,0.19781765,0.0026367854,0.30901653,0.051882632,0.25592828,0.02148015
375316653866487564,6245372590054033280,0.5224995,2160.0469692269503,1.875654206830476,1.5964642E-5,18.256742,0.0030865653,0.3108173,0.0043539302,0.052292746,0.0038402295,0.15295626,0.023291321,0.7983947,0.0057747816,0.06752227,0.0054364065,0.13503657,0.0059756637,null,null,null,null,"TWOGAUSSIANS",8,1.3368702,0.3108173,0.0043539302,0.29283938,0.021505285,0.1529261,0.023303667,0.7983947,0.0057747816,0.3781247,0.028550943,0.13500641,0.005981413
375316653866487564,6245378603006091776,0.5700851,2154.34061261664,3.9256076338427133,3.100243E-5,18.899693,0.015991708,0.22477187,0.0035390807,0.08256095,0.005389108,0.42921212,0.01558423,0.73705864,0.013676566,0.082197525,0.011737768,0.47183728,0.04491571,null,null,null,null,"TWOGAUSSIANS",8,3.3263905,0.73705864,0.013676566,0.4,0.0,0.46467814,0.04699837,0.22477187,0.0035390807,0.4,0.0,0.42205298,0.0128370775
375316653866487564,6245380355355056896,0.6012465,2161.65940081202,3.2979021563217032,1.5291444E-5,18.945448,0.009676328,0.24173535,0.0064592646,0.08018721,0.0054229232,0.5229742,0.012237415,0.73922986,0.0043010213,0.08224561,0.0045712474,0.5152285,0.023466123,null,null,null,null,"TWOGAUSSIANS",8,1.9320068,0.24173535,0.0064592646,0.4,0.0,0.514305,0.011374814,0.73922986,0.0043010213,0.4,0.0,0.5065593,0.023500456
375316653866487564,6245385376172520064,0.60787714,2141.2762351875435,2.6242593814039634,7.4367335E-6,16.400785,0.0071030785,0.26421463,0.0018727685,0.03750558,0.0049987296,0.17038922,0.017494312,0.7626363,0.0018795708,0.044293225,0.0041619437,0.28098625,0.023126436,0.119056836,0.01145139,0.26421463,0.0018727685,"TWOGAUSSIANS_WITH_ELLIPSOIDAL_ON_ECLIPSE1",9,24.583923,0.7628163,0.0015991477,0.24804206,0.023306886,0.5190788,0.022262225,0.26421463,0.0018727685,0.21003123,0.027992887,0.4085025,0.012710715
375316653866487564,6245395679796172544,0.4840122,2151.9549078583696,3.0926617280990816,1.5408852E-5,17.91942,0.057720575,0.27043813,0.025333164,0.15928078,0.104459256,0.07502112,0.053003583,0.7671614,0.0031088674,0.08832754,0.015476618,0.14266871,0.041551795,null,null,null,null,"TWOGAUSSIANS",8,1.630036,0.7671614,0.003106241,0.4,0.0,0.12191722,0.011605479,0.27043813,0.025333164,0.4,0.0,0.053180087,0.009575095
375316653866487564,6245405506681405312,0.47417042,2121.6757347279604,0.19273341506902872,4.129435E-5,19.826105,0.023447622,0.25299624,0.044247758,0.020569986,0.023173027,0.1650072,0.14447787,0.78762907,0.008549471,0.106942676,0.01191011,0.2658603,0.027051112,null,null,null,null,"TWOGAUSSIANS",8,1.6214721,0.78762907,0.008549471,0.4,0.0,0.26580194,0.026891198,0.25299624,0.044276573,0.11519192,0.12976895,0.16497038,0.14434606
375316653866487564,6245413894755590016,0.53228754,2162.5317163027753,0.36179368051730293,1.1379978E-4,17.704996,0.0020833544,0.33490473,0.015512142,0.017694551,0.0055042533,0.41479856,0.34158412,0.8090091,0.018389883,0.025440391,0.031046694,0.055890996,0.032898057,null,null,null,null,"TWOGAUSSIANS",8,2.9767022,0.33490473,0.015512142,0.09908949,0.030823817,0.41479856,0.34158412,0.8090091,0.018389883,0.14246619,0.17386149,0.055890996,0.032898057
375316653866487564,6245415956339908736,0.5807842,2115.2232394875186,3.4534565869932248,8.83784E-6,18.245956,0.010576287,0.24708986,0.0035812368,0.055310562,0.007441578,0.14592806,0.035491914,0.77849567,0.008031194,0.03621393,0.008064424,0.1508889,0.036682848,0.13515888,0.022717947,0.24708986,0.0035812368,"TWOGAUSSIANS_WITH_ELLIPSOIDAL_ON_ECLIPSE1",9,7.723012,0.24708986,0.0035812368,0.30973914,0.041672837,0.41624042,0.017760644,0.77849567,0.008031194,0.20279802,0.04516077,0.41081142,0.02551321
375316653866487564,6245427191974417664,0.5287562,2077.3862067028435,2.132323113370942,2.0190255E-5,15.389185,0.0022146888,null,null,null,null,null,null,null,null,null,null,null,null,0.0493023,0.003351177,0.22535099,0.0035744978,"ELLIPSOIDAL",4,24.632254,null,null,null,null,null,null,null,null,null,null,null,null
375316653866487564,6245432960112856320,0.5618141,2066.6948658521374,3.4904348952634185,1.2941785E-5,19.240084,0.025160553,0.29345298,0.005457711,0.08786335,0.010743468,0.3862356,0.021722471,0.77438354,0.005497705,0.086149596,0.009122187,0.42686424,0.031248908,null,null,null,null,"TWOGAUSSIANS",8,2.1273072,0.77438354,0.005497705,0.4,0.0,0.4173773,0.028667651,0.29345298,0.005457711,0.4,0.0,0.37674862,0.016368834
375316653866487564,6245442860014971264,0.4645028,2162.96534781919,4.5608741978011125,3.3433647E-5,17.692122,0.0035409904,0.45436507,0.007837969,0.12573539,0.015803201,0.07647375,0.0101725785,0.808736,0.015044501,0.050130308,0.019586677,0.031915635,0.01154814,null,null,null,null,"TWOGAUSSIANS",8,2.2734213,0.45436507,0.007837969,0.4,0.0,0.0763377,0.010332997,0.808736,0.015044501,0.2807297,0.10968539,0.03322067,0.012186754
375316653866487564,6245445638858379904,0.5869605,2133.940873081885,3.7231249696322584,1.4138082E-5,18.780882,0.0086346455,0.27341408,0.0026617192,0.07636272,0.006041634,0.43261465,0.024712786,0.7657621,0.0025136601,0.07963806,0.002927933,0.5351147,0.019973882,null,null,null,null,"TWOGAUSSIANS",8,1.7212098,0.7657621,0.0025136601,0.4,0.0,0.5302783,0.019802982,0.27341408,0.0026617192,0.4,0.0,0.42777824,0.026568107
375316653866487564,6245455985434925312,0.53071374,2140.8609480084997,0.3736775494442459,2.9260851E-5,16.914873,0.0030526435,0.22128151,0.008335648,0.03062537,0.008839688,0.20243287,0.03577237,0.7223239,7.4184366E-4,0.026781017,0.0013032899,0.7028627,0.106848784,null,null,null,null,"TWOGAUSSIANS",8,10.571782,0.7223239,7.4184366E-4,0.14997369,0.0072984234,0.7028627,0.106848784,0.22128151,0.008335648,0.17150207,0.049502254,0.20243287,0.03577237
375316653866487564,6245461547417330304,0.5213478,2136.8297702866853,1.0036081155760628,3.7295456E-5,18.39201,0.0063571716,0.2912683,0.0049439385,0.020693077,0.0037442031,0.51159286,0.19723217,0.5091882,0.06074895,0.12015211,0.03391197,0.038464457,0.012549234,null,null,null,null,"TWOGAUSSIANS",8,3.916563,0.2913583,0.004936832,0.11588123,0.020967538,0.5190107,0.19889446,0.5091882,0.06074895,0.4,0.0,0.038451098,0.0125325825
375316653866487564,6245478525423731456,0.6003921,2165.103415053488,2.7471763478900053,1.10208E-5,16.619675,0.022301115,0.310187,0.0033187068,0.053173237,0.013296829,0.18746607,0.057690855,0.8204219,0.0043498613,0.05581484,0.012709868,0.14097944,0.053062007,0.08795421,0.031875636,0.310187,0.0033187068,"TWOGAUSSIANS_WITH_ELLIPSOIDAL_ON_ECLIPSE1",9,11.708314,0.310187,0.0033187068,0.29777014,0.07446224,0.36336786,0.044403728,0.8204219,0.0043498613,0.3125631,0.07117526,0.31615478,0.01745726
375316653866487564,6245481068044246144,0.49717587,2146.257746092579,2.9726177728036336,1.3426911E-4,14.983666,0.005885441,0.088908456,0.019966675,0.027751226,0.0070073884,0.017352764,0.0047688824,0.43402004,0.014637959,0.18987964,0.031146683,0.053087134,0.005243629,null,null,null,null,"TWOGAUSSIANS",8,16.238894,0.43402004,0.014637959,0.4,0.0,0.04977346,0.004268712,0.093308456,0.02094905,0.15540686,0.039241374,0.024563203,0.0047346577
375316653866487564,6245481304264893440,0.63747025,2109.539368797642,1.9844975485781335,5.4446347E-5,16.836937,0.002117648,0.5414111,0.022244219,0.051476434,0.010188006,0.42994705,0.101773225,0.29872486,0.010209443,0.018341538,0.017147709,0.011201132,0.005595479,null,null,null,null,"TWOGAUSSIANS",8,5.2449636,0.5414111,0.022244219,0.28826803,0.057052832,0.42994705,0.101773225,0.29874486,0.010198677,0.10271262,0.09602717,0.011207549,0.0056390576
375316653866487564,6245487454658325632,0.63713646,2079.336636871532,3.3257371381596355,6.0343887E-6,15.884568,0.012337435,0.2670405,0.014485142,0.044979412,0.008141644,0.34601325,0.07085083,0.7790938,0.0011373089,0.047520142,0.0034499029,0.45494604,0.03061733,0.13267817,0.014886729,0.7790938,0.0011373089,"TWOGAUSSIANS_WITH_ELLIPSOIDAL_ON_ECLIPSE2",9,39.72437,0.7790938,0.0011373089,0.2661128,0.019319456,0.7203016,0.032194823,0.26835048,0.012993361,0.2518847,0.04559321,0.6100148,0.06747768
375316653866487564,6245493231389150720,0.55222464,2122.5507091118834,2.9777963601609665,1.6541022E-5,18.103777,0.013893733,0.23586988,0.005348061,0.07281707,0.0068199444,0.4732237,0.016381552,0.72215027,0.008227877,0.078104004,0.0075947917,0.42975786,0.04078225,null,null,null,null,"TWOGAUSSIANS",8,9.966497,0.23586988,0.005348061,0.4,0.0049378956,0.47048175,0.016008226,0.72215027,0.008227877,0.4,0.0,0.42701593,0.04103391
375316653866487564,6245494846299474560,0.5972447,2124.683616160253,2.9171945345960792,8.391497E-6,14.875838,0.011094574,0.265905,0.004369828,0.063931905,0.0056224787,0.18045427,0.02766585,0.7770417,0.0028771549,0.05221031,0.0042874864,0.20611644,0.028773466,0.0873998,0.013199216,0.7770417,0.0028771549,"TWOGAUSSIANS_WITH_ELLIPSOIDAL_ON_ECLIPSE2",9,69.182076,0.7770417,0.0028771549,0.2923777,0.024009923,0.38087046,0.014045179,0.26855502,0.0027001551,0.35801867,0.03148588,0.35455677,0.015475397
375316653866487564,6245495980170842880,0.66449493,2151.048700095119,1.3563977439921862,8.486494E-6,14.048586,0.0042369,0.2798572,0.021098122,0.038351584,0.006650266,0.6184485,0.31030878,0.77944964,0.007921478,0.043847334,0.0077584093,0.078398965,0.01846364,0.010485098,0.0069054714,0.2798572,0.021098122,"TWOGAUSSIANS_WITH_ELLIPSOIDAL_ON_ECLIPSE1",9,61.92807,0.2798572,0.021098122,0.21476889,0.03724149,0.63941866,0.31158364,0.77946967,0.0069594765,0.24554506,0.043447092,0.099369,0.011374858
375316653866487564,6245500786236943232,0.5495564,2054.602848290293,3.5011769409709395,1.5225123E-5,18.328156,0.018231323,0.1897076,0.009289619,0.09307749,0.011780915,0.19846906,0.021189235,0.6919096,0.0040361765,0.11063216,0.01706557,0.17362651,0.014475146,null,null,null,null,"TWOGAUSSIANS",8,1.0878594,0.1897076,0.009287951,0.4,0.0,0.18090895,0.012194928,0.6919096,0.0040361765,0.4,0.0,0.15605381,0.0076988516
