Gaia/vari_eclipsing_binary/VariEclipsingBinary_206893-206931.csv
# %ECSV 1.0
# ---
# delimiter: ','
# meta: !!omap
# - RELEASE: Gaia DR3
# - TABLE: vari_eclipsing_binary
# - DESCRIPTION: >
#     This table describes the properties of the eclipsing binaries resulting from the variability analysis. 
# - CITATION: >
#     How to cite and acknowledge Gaia: 
#     https://gea.esac.esa.int/archive/documentation/credits.html 
# - KNOWN_ISSUES: >
#     Known issues: 
#     https://www.cosmos.esa.int/web/gaia-users/known-issues 
# - DOCUMENTATION: >
#     Tutorials and documentation: 
#     https://www.cosmos.esa.int/web/gaia-users/archive 
# datatype:
# - 
#   name: solution_id
#   datatype: int64
#   description: Solution Identifier
#   meta:
#     ucd: meta.version
# - 
#   name: source_id
#   datatype: int64
#   description: Unique source identifier
#   meta:
#     ucd: meta.id;meta.main
# - 
#   name: global_ranking
#   datatype: float32
#   description: Number between 0 (worst) and 1 (best)
#   meta:
#     ucd: stat.param
# - 
#   name: reference_time
#   datatype: float64
#   unit: d
#   description: Reference time used for the geometric model fit
#   meta:
#     ucd: time.epoch
# - 
#   name: frequency
#   datatype: float64
#   unit: d**-1
#   description: Frequency of geometric model of the eclipsing binary light curve
#   meta:
#     ucd: src.orbital
# - 
#   name: frequency_error
#   datatype: float32
#   unit: d**-1
#   description: "Uncertainty of \\texttt{frequency}"
#   meta:
#     ucd: stat.error
# - 
#   name: geom_model_reference_level
#   datatype: float32
#   unit: mag
#   description: Magnitude reference level of geometric model
#   meta:
#     ucd: phot.mag;em.opt
# - 
#   name: geom_model_reference_level_error
#   datatype: float32
#   unit: mag
#   description: "Uncertainty of \\texttt{geomModelReferenceLevel}"
#   meta:
#     ucd: stat.error;phot.mag;em.opt
# - 
#   name: geom_model_gaussian1_phase
#   datatype: float32
#   description: Phase of the Gaussian 1 component
#   meta:
#     ucd: time.phase
# - 
#   name: geom_model_gaussian1_phase_error
#   datatype: float32
#   description: "Uncertainty of \\texttt{geomModelGaussian1Phase}"
#   meta:
#     ucd: stat.error;time.phase
# - 
#   name: geom_model_gaussian1_sigma
#   datatype: float32
#   description: "Standard deviation [phase] of Gaussian 1 component"
#   meta:
#     ucd: stat.stdev
# - 
#   name: geom_model_gaussian1_sigma_error
#   datatype: float32
#   description: "Uncertainty of \\texttt{geomModelGaussian1Sigma}"
#   meta:
#     ucd: stat.error
# - 
#   name: geom_model_gaussian1_depth
#   datatype: float32
#   unit: mag
#   description: Magnitude depth of Gaussian 1 component
#   meta:
#     ucd: src.var.amplitude
# - 
#   name: geom_model_gaussian1_depth_error
#   datatype: float32
#   unit: mag
#   description: "Uncertainty of \\texttt{geomModelGaussian1Depth}"
#   meta:
#     ucd: stat.error;src.var.amplitude
# - 
#   name: geom_model_gaussian2_phase
#   datatype: float32
#   description: Phase of Gaussian 2 component
#   meta:
#     ucd: time.phase
# - 
#   name: geom_model_gaussian2_phase_error
#   datatype: float32
#   description: "Uncertainty of \\texttt{geomModelGaussian2Phase}"
#   meta:
#     ucd: stat.error;time.phase
# - 
#   name: geom_model_gaussian2_sigma
#   datatype: float32
[...]
#   datatype: float32
#   description: "Secondary eclipse: uncertainty of \\texttt{derivedSecondaryEclDuration}"
#   meta:
#     ucd: stat.error;time.duration
# - 
#   name: derived_secondary_ecl_depth
#   datatype: float32
#   unit: mag
#   description: "Secondary eclipse: depth"
#   meta:
#     ucd: src.var.amplitude
# - 
#   name: derived_secondary_ecl_depth_error
#   datatype: float32
#   unit: mag
#   description: "Secondary eclipse: uncertainty of \\texttt{derivedSecondaryEclDepth}"
#   meta:
#     ucd: stat.error;src.var.amplitude
solution_id,source_id,global_ranking,reference_time,frequency,frequency_error,geom_model_reference_level,geom_model_reference_level_error,geom_model_gaussian1_phase,geom_model_gaussian1_phase_error,geom_model_gaussian1_sigma,geom_model_gaussian1_sigma_error,geom_model_gaussian1_depth,geom_model_gaussian1_depth_error,geom_model_gaussian2_phase,geom_model_gaussian2_phase_error,geom_model_gaussian2_sigma,geom_model_gaussian2_sigma_error,geom_model_gaussian2_depth,geom_model_gaussian2_depth_error,geom_model_cosine_half_period_amplitude,geom_model_cosine_half_period_amplitude_error,geom_model_cosine_half_period_phase,geom_model_cosine_half_period_phase_error,model_type,num_model_parameters,reduced_chi2,derived_primary_ecl_phase,derived_primary_ecl_phase_error,derived_primary_ecl_duration,derived_primary_ecl_duration_error,derived_primary_ecl_depth,derived_primary_ecl_depth_error,derived_secondary_ecl_phase,derived_secondary_ecl_phase_error,derived_secondary_ecl_duration,derived_secondary_ecl_duration_error,derived_secondary_ecl_depth,derived_secondary_ecl_depth_error
[from data line 109]
375316653866487564,1819896802909725952,0.46892855,2183.949545366152,3.5922495714082254,4.7514426E-5,19.099691,0.10670722,0.26790592,0.011368338,0.11757252,0.03030951,0.3162603,0.103284724,0.7331544,0.008529587,0.11909916,0.03252468,0.34876326,0.09891423,null,null,null,null,"TWOGAUSSIANS",8,6.370881,0.7331544,0.008529587,0.4,0.0,0.29716554,0.037099645,0.26812592,0.011092741,0.4,0.0,0.26471114,0.029779572
375316653866487564,1819897253893490944,0.513579,2172.444654886154,2.3231486105664505,1.9921888E-5,17.432554,0.03109276,0.27115223,0.004600752,0.10449132,0.011919865,0.21657296,0.031982936,0.74939215,0.0036102238,0.1217678,0.016133137,0.20383348,0.028583571,null,null,null,null,"TWOGAUSSIANS",8,8.026937,0.27126223,0.0046010395,0.4,0.0,0.18745081,0.01493919,0.74939215,0.0036102238,0.4,0.0,0.17460601,0.01121081
375316653866487564,1819897558802930688,0.49825716,2187.21509425463,0.08337424490030614,4.0059144E-6,18.60637,0.0033153116,0.39207006,8.837061E-4,0.001128255,2.2013152E-4,1.1034656,0.6587019,0.8093166,1.0620413E-4,0.004285667,8.563096E-5,0.5463139,0.008010133,0.012161449,0.0034704355,0.39207006,8.837061E-4,"TWOGAUSSIANS_WITH_ELLIPSOIDAL_ON_ECLIPSE1",9,3.8490245,0.39207006,8.837061E-4,0.0063182283,0.0012327365,1.1277884,0.65912086,0.8093166,1.0620413E-4,0.023999738,4.7953337E-4,0.56463265,0.009332913
375316653866487564,1819897666181511936,0.57565063,2175.83504527542,2.9180915861660446,6.6756375E-6,17.17117,0.16541511,0.19062217,0.003082861,0.1381146,0.031969253,0.36528283,0.16175391,0.69672936,0.0016352006,0.13168584,0.027849529,0.38204983,0.15852155,null,null,null,null,"TWOGAUSSIANS",8,4.593876,0.6969194,0.0014871248,0.4,0.0,0.25464576,0.009165638,0.19048215,0.0030987924,0.4,0.0,0.23739836,0.009924613
375316653866487564,1819898039860017408,0.5635789,2149.424267119062,4.3002654018674855,9.644675E-6,19.056786,0.011827599,0.28545392,0.0024240662,0.034818564,0.0036803067,0.23715235,0.038454533,0.79063797,0.019922798,0.042926617,0.011836457,0.333111,0.06564446,0.1374001,0.01627915,0.28545392,0.0024240662,"TWOGAUSSIANS_WITH_ELLIPSOIDAL_ON_ECLIPSE1",9,4.3304534,0.79063797,0.018115873,0.24038905,0.06628416,0.6076197,0.06066103,0.28545392,0.0024240662,0.19498394,0.020609718,0.5119525,0.026557071
375316653866487564,1819898284685708032,0.54065096,2174.206298790809,1.0081791992927118,9.036887E-6,13.284706,0.0828435,0.17717715,0.0029171177,0.12583114,0.033760864,0.0937368,0.07434232,0.6786981,0.0018181435,0.15032114,0.048534796,0.11467639,0.08128601,null,null,null,null,"TWOGAUSSIANS",8,14.3373375,0.67871815,0.0018414359,0.4,0.0,0.07468822,0.0014288865,0.17706715,0.00289232,0.4,0.0,0.054587107,0.0014610292
375316653866487564,1819898353405220864,0.4612423,2185.836492335764,0.34037923643709717,3.4288063E-5,18.032192,0.002263291,0.2790927,0.004154024,0.02079968,0.0022379262,0.15012199,0.025040505,0.64200526,0.017379338,0.020607864,0.017252082,0.03157521,0.08017929,null,null,null,null,"TWOGAUSSIANS",8,2.6324759,0.2790927,0.004154024,0.11647821,0.012532387,0.15012199,0.025040505,0.64200526,0.017379338,0.11540404,0.096611656,0.03157521,0.08017929
375316653866487564,1819899418556972416,0.5533745,2163.4023936038034,2.267890117504199,7.2454454E-6,17.984331,0.012175412,0.21749622,0.0015368067,0.040340316,0.0026565194,0.42838797,0.029953131,0.7191105,0.005434744,0.039657466,0.005989699,0.35558182,0.034076463,0.051291417,0.016948907,0.21749622,0.0015368067,"TWOGAUSSIANS_WITH_ELLIPSOIDAL_ON_ECLIPSE1",9,14.11207,0.21749622,0.0015368067,0.22590578,0.014876509,0.5309708,0.019275371,0.7191105,0.0054215267,0.22208183,0.033542316,0.45815408,0.028000211
375316653866487564,1819899860905417472,0.60021526,2152.0391043670143,2.1328456643636935,3.7402276E-6,16.92355,0.006430797,0.2923867,0.00151565,0.08841282,0.0027085491,0.23408215,0.0061071664,0.793775,0.0032000004,0.09922853,0.0046253507,0.18305649,0.0072291964,null,null,null,null,"TWOGAUSSIANS",8,3.4168184,0.2923867,0.00151565,0.4,0.0,0.22255716,0.003598737,0.793775,0.0032000004,0.4,0.0,0.17153043,0.005604267
375316653866487564,1819900140082876800,0.49277446,2158.3138530012857,3.2187789934264184,2.492572E-5,17.601189,0.010813071,0.25792336,0.0047923843,0.08502428,0.0085177,0.2679171,0.018271267,0.76651055,0.0078179585,0.082691066,0.009522407,0.19842722,0.017195694,null,null,null,null,"TWOGAUSSIANS",8,23.42979,0.25792336,0.0047923843,0.4,0.0,0.26326728,0.019313298,0.76651055,0.0078179585,0.4,0.0,0.19377743,0.016934829
375316653866487564,1819900410679312256,0.5238705,2136.0223360760206,3.6975637115368327,1.2280487E-5,19.22295,0.011899903,0.25600937,0.003924011,0.08233349,0.0045233564,0.38646314,0.019588485,0.7572792,0.003247005,0.08220984,0.003996944,0.5300789,0.017478032,null,null,null,null,"TWOGAUSSIANS",8,3.8626158,0.7572792,0.003247005,0.4,0.0,0.52135295,0.016711622,0.25600937,0.003924011,0.4,0.0,0.37773713,0.019045949
375316653866487564,1819900552428475392,0.56272036,2171.0644737236894,2.868924879081453,1.0159696E-5,17.913912,0.006023359,0.3147026,0.002436938,0.0408393,0.005067409,0.123848066,0.013583923,0.81583047,0.003918689,0.053694814,0.005573609,0.11561954,0.01559929,0.08825506,0.008110902,0.3147026,0.002436938,"TWOGAUSSIANS_WITH_ELLIPSOIDAL_ON_ECLIPSE1",9,4.227205,0.3147026,0.002436938,0.22870007,0.02837749,0.30035603,0.008125551,0.81583047,0.003749923,0.30069098,0.031212209,0.29211864,0.009043991
375316653866487564,1819901033464807552,0.5077959,2166.4152998681006,0.660122600255364,5.4204756E-5,16.084967,0.0010365917,0.28088742,0.035208803,0.053739797,0.038697585,0.005458645,0.0019229045,0.5496585,0.0034578822,0.030269796,0.0037200071,0.06300648,0.0038335975,null,null,null,null,"TWOGAUSSIANS",8,2.6031513,0.5496585,0.0034578822,0.16951086,0.02083204,0.0630065,0.0038337286,0.28088742,0.035208803,0.30094287,0.21670647,0.005458645,0.0019229045
375316653866487564,1819901067796054400,0.48074904,2263.1381334045946,0.010733461059258449,2.8139133E-5,18.923264,0.0079264855,0.1679515,0.0042529055,0.06558643,0.009944834,0.10537627,0.010098029,0.7616231,9.468188E-4,0.030391354,0.0050865253,5.0086136,3.7079296,null,null,null,null,"TWOGAUSSIANS",8,1.9879338,0.7616231,9.468188E-4,0.17019159,0.028484542,5.0086136,3.7079296,0.1679515,0.0042529055,0.36728403,0.05569107,0.105376266,0.010098023
375316653866487564,1819901823738784768,0.5743849,2169.764430232809,4.503310127812247,7.664432E-6,18.50209,0.0075994194,0.30642936,0.0022255338,0.077502124,0.0029281455,0.4631947,0.012796419,0.80136365,0.0016419567,0.08021024,0.0030847937,0.39265975,0.01184777,null,null,null,null,"TWOGAUSSIANS",8,2.9172752,0.30642936,0.0022255338,0.4,0.0,0.45814714,0.012656394,0.80136365,0.0016419567,0.4,0.0,0.3876122,0.011877982
375316653866487564,1819902167336222336,0.4232944,2166.48168252029,3.1614794340493004,3.0798197E-5,17.03348,0.004031298,0.20203711,0.0068142335,0.012504365,0.0034541404,0.27622312,0.67578804,0.8223699,0.0062067793,0.017167315,0.0076946984,0.05693768,0.06216955,0.053093176,0.006383233,0.8223699,0.0062067793,"TWOGAUSSIANS_WITH_ELLIPSOIDAL_ON_ECLIPSE2",9,17.149635,0.2024171,0.006808002,0.070024446,0.019343186,0.3325538,0.67593235,0.8223699,0.0062067793,0.096136965,0.04309031,0.16312386,0.05955551
375316653866487564,1819902304775188480,0.47026685,2177.5958993909476,2.731756936036794,3.8673636E-5,11.634011,0.09492938,0.21051644,0.005844692,0.22055823,0.06577763,0.41341022,0.06543853,0.71431464,0.005544983,0.17676342,0.066424936,0.39467975,0.14301501,null,null,null,null,"TWOGAUSSIANS",8,317.28708,0.71713465,0.0052707572,0.4,0.0,0.09862132,0.0061085164,0.20817643,0.0054139686,0.4,0.0,0.068491854,0.01704199
375316653866487564,1819902648344483072,0.4341941,2178.3994981422657,0.8494821268943321,5.0040526E-5,18.87919,0.012976829,0.25854883,0.024844564,0.09560003,0.02351656,0.08374402,0.017123638,0.70287234,0.006460458,0.07270246,0.010241197,0.21492057,0.024331266,null,null,null,null,"TWOGAUSSIANS",8,6.308408,0.70287234,0.006460458,0.4,0.027524093,0.21387054,0.024367271,0.25854883,0.024844564,0.4,0.0,0.08269228,0.016055837
375316653866487564,1819904568210890368,0.5700655,2190.507264320123,2.824739914252651,7.8403245E-6,18.731195,0.010131465,0.23597473,0.0026254635,0.046802744,0.0065279696,0.22761719,0.022846233,0.7322456,0.005269567,0.055899438,0.005289244,0.15467547,0.026058009,0.107571796,0.010615323,0.23597473,0.0026254635,"TWOGAUSSIANS_WITH_ELLIPSOIDAL_ON_ECLIPSE1",9,3.346871,0.23597473,0.0026254635,0.26209536,0.036556628,0.44275543,0.01923978,0.7331956,0.0038187716,0.31303683,0.029619766,0.3697258,0.01382772
375316653866487564,1819905294040008576,0.6159984,2170.599843401339,3.163765974568378,6.749721E-6,17.316534,0.005877175,0.2778844,0.0011520721,0.036316976,0.0022444045,0.4214772,0.03000668,0.77626264,0.00433619,0.04173351,0.003075392,0.43571386,0.03890764,0.14000548,0.008267143,0.2778844,0.0011520721,"TWOGAUSSIANS_WITH_ELLIPSOIDAL_ON_ECLIPSE1",9,10.565889,0.77639264,0.004130284,0.23370765,0.017222196,0.7156979,0.036437098,0.2778844,0.0011520721,0.20337507,0.012568666,0.7014879,0.03207767
375316653866487564,1819905324110066560,0.5619026,2160.279595405902,3.3072154793454343,1.1731538E-5,19.02951,0.010647491,0.18434021,0.0030740453,0.06991108,0.0038034802,0.5223486,0.019687943,0.68273836,0.002794902,0.07517809,0.0033435991,0.6495535,0.04157194,null,null,null,null,"TWOGAUSSIANS",8,3.3343258,0.68273836,0.002794902,0.4,0.0,0.64658654,0.04190671,0.18434021,0.0030740453,0.39150205,0.016645102,0.5193816,0.019858457
375316653866487564,1819905431479113984,0.56072795,2152.5181054349664,3.2378285657955064,1.2418517E-5,18.601656,0.016833207,0.25911224,0.0020807409,0.0969261,0.0051096105,0.39730728,0.016341299,0.75724673,0.0033079616,0.10231963,0.008419869,0.3704715,0.019476129,null,null,null,null,"TWOGAUSSIANS",8,2.7035744,0.25911224,0.0020807409,0.4,0.0,0.36520836,0.010567061,0.75724673,0.0033079616,0.4,0.0,0.33836904,0.023313204
375316653866487564,1819906187425994368,0.61142814,2155.380918369954,0.061827510764050575,2.2819904E-6,14.793782,0.0016736852,0.73169225,0.060285937,0.12098706,0.06481822,0.004985036,0.0022679556,0.95716816,1.8950907E-4,0.0035469506,9.094461E-5,0.41338336,0.041925047,null,null,null,null,"TWOGAUSSIANS",8,6.613618,0.95716816,1.8950907E-4,0.019862924,5.092898E-4,0.41425937,0.041870296,0.73169225,0.060285937,0.4,0.0,0.0049830857,0.0022125547
375316653866487564,1819906565383177856,0.4684169,2157.899224051278,0.7600865362996685,2.3562072E-5,19.097887,0.006987768,0.3675713,0.012163904,0.053831298,0.022618907,0.25983262,0.16249283,0.82353085,0.00235742,0.0104888845,0.0021092158,3.0464342,11.396582,null,null,null,null,"TWOGAUSSIANS",8,4.7758675,0.82353085,0.00235742,0.05873775,0.011811608,3.0464342,11.396582,0.3675713,0.012163904,0.30145526,0.10456129,0.25983262,0.16249283
375316653866487564,1819906634102684160,0.5231631,2160.329152884211,1.908331724537486,8.800311E-6,17.125315,0.0036704293,0.27332088,0.0021806096,0.04873817,0.005244612,0.13331768,0.009205212,0.7691566,0.018826708,0.03348919,0.013288476,0.041126512,0.027506117,0.034825142,0.00743719,0.27332088,0.0021806096,"TWOGAUSSIANS_WITH_ELLIPSOIDAL_ON_ECLIPSE1",9,8.782296,0.27332088,0.0021806096,0.27293375,0.02936983,0.20296761,0.008245485,0.7696966,0.017728169,0.18753946,0.07441547,0.11073498,0.02698383
375316653866487564,1819906908980499968,0.46150103,2143.224130561958,4.382288782021836,2.0594602E-5,16.387838,0.0047579044,0.4244688,0.037982084,0.16098614,0.04619104,0.022629013,0.005548362,0.886764,0.0029792285,0.003666875,0.0016510568,0.12326882,0.3052593,null,null,null,null,"TWOGAUSSIANS",8,12.51365,0.886764,0.0029792285,0.0205345,0.009245918,0.12335685,0.30525154,0.4244688,0.037982084,0.4,0.0,0.022265071,0.005033844
375316653866487564,1819907046419518080,0.4823631,2165.3067156984403,2.6914094832644766,1.6402262E-5,15.723392,0.042847127,0.22091566,0.0038591695,0.20298819,0.041711405,0.56949997,0.08578671,0.72009844,0.005123285,0.18258195,0.04106767,0.5417411,0.05499577,null,null,null,null,"TWOGAUSSIANS",8,29.922607,0.72009844,0.005423355,0.4,0.0,0.11823967,0.009337801,0.22137567,0.0033872745,0.4,0.0,0.11666398,0.0048146597
375316653866487564,1819907110819924864,0.63648224,2140.277154430857,3.065734511093581,2.2318095E-6,17.667707,0.006807422,0.24441902,7.2087435E-4,0.04718838,0.002728403,0.3772835,0.01637878,0.74707323,0.0014624275,0.044921715,0.002164254,0.36213642,0.017798191,0.13288707,0.011783401,0.24441902,7.2087435E-4,"TWOGAUSSIANS_WITH_ELLIPSOIDAL_ON_ECLIPSE1",9,4.9663625,0.24441902,7.2087435E-4,0.26425493,0.0152790565,0.6430572,0.012787193,0.74707323,0.0014624275,0.2515616,0.012119822,0.6278362,0.013089344
375316653866487564,1819907488767851392,0.54470325,2165.1450731414407,0.17912389025276523,2.5302787E-5,18.467268,0.0016621404,0.36761847,6.290987E-4,0.010606041,4.4723004E-4,0.32043386,0.0072899526,0.87300605,0.011212784,0.012053834,0.0076158433,0.023921272,0.02329746,null,null,null,null,"TWOGAUSSIANS",8,1.4097466,0.36761847,6.290987E-4,0.05939383,0.0025044882,0.32043386,0.0072899526,0.87300605,0.011212784,0.06750147,0.04264872,0.023921272,0.02329746
375316653866487564,1819907493096251520,0.5938013,2181.1723361258414,2.4798021739284706,8.3086115E-6,16.080389,0.007222317,0.196306,0.0021409164,0.078368336,0.0033302985,0.40857065,0.012106232,0.69801784,0.003192046,0.074664675,0.003201568,0.38538054,0.009976036,null,null,null,null,"TWOGAUSSIANS",8,38.42698,0.196306,0.0021409164,0.4,0.0,0.40489078,0.01227628,0.69801784,0.003192046,0.4,0.0,0.38170063,0.009599821
375316653866487564,1819907557487295744,0.53079504,2187.551375880127,3.028447158134655,1.1268246E-5,16.810555,0.0071992516,0.22665301,0.008238957,0.04141996,0.012448135,0.0871706,0.016679998,0.69356704,0.0072849407,0.043327287,0.013376113,0.08203441,0.014530093,0.048607,0.010495956,0.22665301,0.008238957,"TWOGAUSSIANS_WITH_ELLIPSOIDAL_ON_ECLIPSE1",9,19.007156,0.22665301,0.008238957,0.23195179,0.069709554,0.1843842,0.008579839,0.698447,0.0067972243,0.24263279,0.07490623,0.17570783,0.014079772
375316653866487564,1819908038544337792,0.44220588,2182.050966445897,3.6573773169612243,5.383389E-5,19.37784,0.048310783,0.27050716,0.013282479,0.0959162,0.025176357,0.21626988,0.04456712,0.7595903,0.013033954,0.10451148,0.041119423,0.17951906,0.037737284,null,null,null,null,"TWOGAUSSIANS",8,5.978578,0.27050716,0.013294317,0.4,0.0,0.20107946,0.021069806,0.7595903,0.013033954,0.4,0.0,0.16432495,0.031464614
375316653866487564,1819908214650753664,0.52492726,2187.593045554036,2.6887543526740267,1.5263948E-5,18.740215,0.016052362,0.28772956,0.0018813813,0.08985305,0.005834652,0.3132511,0.015201954,0.79245204,0.008881331,0.09960348,0.0076628393,0.277363,0.022962946,null,null,null,null,"TWOGAUSSIANS",8,3.4360814,0.28772956,0.0018813813,0.4,0.0,0.29638788,0.011683922,0.79245204,0.008881331,0.4,0.0,0.260498,0.017057039
375316653866487564,1819908661327480704,0.4410349,2167.286303497196,0.07780238289934116,4.561383E-5,16.706533,0.001351416,0.104182884,0.02084876,0.02198087,0.015688771,0.07281143,0.105279595,0.6082815,0.019122658,0.103470035,0.019306626,0.018876895,0.002895845,null,null,null,null,"TWOGAUSSIANS",8,2.714784,0.104182884,0.02084876,0.12309287,0.08785712,0.072800316,0.105285265,0.6082815,0.019122658,0.4,0.0,0.018865446,0.0029064056
375316653866487564,1819908798734330240,0.429991,2146.340267777442,2.6550953518340896,7.7187164E-5,19.189335,0.028960573,0.26381168,0.026251651,0.05746375,0.031394187,0.22238334,0.030928258,0.7362317,0.017411627,0.087554075,0.021311684,0.19795544,0.041784115,null,null,null,null,"TWOGAUSSIANS",8,13.050952,0.26381168,0.026251651,0.32179698,0.08903357,0.22184268,0.0256491,0.7362317,0.017411627,0.4,0.0,0.1974147,0.038105357
