Gaia/vari_eclipsing_binary/VariEclipsingBinary_467256-467279.csv
# %ECSV 1.0
# ---
# delimiter: ','
# meta: !!omap
# - RELEASE: Gaia DR3
# - TABLE: vari_eclipsing_binary
# - DESCRIPTION: >
#     This table describes the properties of the eclipsing binaries resulting from the variability analysis. 
# - CITATION: >
#     How to cite and acknowledge Gaia: 
#     https://gea.esac.esa.int/archive/documentation/credits.html 
# - KNOWN_ISSUES: >
#     Known issues: 
#     https://www.cosmos.esa.int/web/gaia-users/known-issues 
# - DOCUMENTATION: >
#     Tutorials and documentation: 
#     https://www.cosmos.esa.int/web/gaia-users/archive 
# datatype:
# - 
#   name: solution_id
#   datatype: int64
#   description: Solution Identifier
#   meta:
#     ucd: meta.version
# - 
#   name: source_id
#   datatype: int64
#   description: Unique source identifier
#   meta:
#     ucd: meta.id;meta.main
# - 
#   name: global_ranking
#   datatype: float32
#   description: Number between 0 (worst) and 1 (best)
#   meta:
#     ucd: stat.param
# - 
#   name: reference_time
#   datatype: float64
#   unit: d
#   description: Reference time used for the geometric model fit
#   meta:
#     ucd: time.epoch
# - 
#   name: frequency
#   datatype: float64
#   unit: d**-1
#   description: Frequency of geometric model of the eclipsing binary light curve
#   meta:
#     ucd: src.orbital
# - 
#   name: frequency_error
#   datatype: float32
#   unit: d**-1
#   description: "Uncertainty of \\texttt{frequency}"
#   meta:
#     ucd: stat.error
# - 
#   name: geom_model_reference_level
#   datatype: float32
#   unit: mag
#   description: Magnitude reference level of geometric model
#   meta:
#     ucd: phot.mag;em.opt
# - 
#   name: geom_model_reference_level_error
#   datatype: float32
#   unit: mag
#   description: "Uncertainty of \\texttt{geomModelReferenceLevel}"
#   meta:
#     ucd: stat.error;phot.mag;em.opt
# - 
#   name: geom_model_gaussian1_phase
#   datatype: float32
#   description: Phase of the Gaussian 1 component
#   meta:
#     ucd: time.phase
# - 
#   name: geom_model_gaussian1_phase_error
#   datatype: float32
#   description: "Uncertainty of \\texttt{geomModelGaussian1Phase}"
#   meta:
#     ucd: stat.error;time.phase
# - 
#   name: geom_model_gaussian1_sigma
#   datatype: float32
#   description: "Standard deviation [phase] of Gaussian 1 component"
#   meta:
#     ucd: stat.stdev
# - 
#   name: geom_model_gaussian1_sigma_error
#   datatype: float32
#   description: "Uncertainty of \\texttt{geomModelGaussian1Sigma}"
#   meta:
#     ucd: stat.error
# - 
#   name: geom_model_gaussian1_depth
#   datatype: float32
#   unit: mag
#   description: Magnitude depth of Gaussian 1 component
#   meta:
#     ucd: src.var.amplitude
# - 
#   name: geom_model_gaussian1_depth_error
#   datatype: float32
#   unit: mag
#   description: "Uncertainty of \\texttt{geomModelGaussian1Depth}"
#   meta:
#     ucd: stat.error;src.var.amplitude
# - 
#   name: geom_model_gaussian2_phase
#   datatype: float32
#   description: Phase of Gaussian 2 component
#   meta:
#     ucd: time.phase
# - 
#   name: geom_model_gaussian2_phase_error
#   datatype: float32
#   description: "Uncertainty of \\texttt{geomModelGaussian2Phase}"
#   meta:
#     ucd: stat.error;time.phase
# - 
#   name: geom_model_gaussian2_sigma
#   datatype: float32
[...]
#   datatype: float32
#   description: "Secondary eclipse: uncertainty of \\texttt{derivedSecondaryEclDuration}"
#   meta:
#     ucd: stat.error;time.duration
# - 
#   name: derived_secondary_ecl_depth
#   datatype: float32
#   unit: mag
#   description: "Secondary eclipse: depth"
#   meta:
#     ucd: src.var.amplitude
# - 
#   name: derived_secondary_ecl_depth_error
#   datatype: float32
#   unit: mag
#   description: "Secondary eclipse: uncertainty of \\texttt{derivedSecondaryEclDepth}"
#   meta:
#     ucd: stat.error;src.var.amplitude
solution_id,source_id,global_ranking,reference_time,frequency,frequency_error,geom_model_reference_level,geom_model_reference_level_error,geom_model_gaussian1_phase,geom_model_gaussian1_phase_error,geom_model_gaussian1_sigma,geom_model_gaussian1_sigma_error,geom_model_gaussian1_depth,geom_model_gaussian1_depth_error,geom_model_gaussian2_phase,geom_model_gaussian2_phase_error,geom_model_gaussian2_sigma,geom_model_gaussian2_sigma_error,geom_model_gaussian2_depth,geom_model_gaussian2_depth_error,geom_model_cosine_half_period_amplitude,geom_model_cosine_half_period_amplitude_error,geom_model_cosine_half_period_phase,geom_model_cosine_half_period_phase_error,model_type,num_model_parameters,reduced_chi2,derived_primary_ecl_phase,derived_primary_ecl_phase_error,derived_primary_ecl_duration,derived_primary_ecl_duration_error,derived_primary_ecl_depth,derived_primary_ecl_depth_error,derived_secondary_ecl_phase,derived_secondary_ecl_phase_error,derived_secondary_ecl_duration,derived_secondary_ecl_duration_error,derived_secondary_ecl_depth,derived_secondary_ecl_depth_error
[from data line 151]
375316653866487564,4110061497882406656,0.60190237,2244.4507695412817,1.6417402244286339,9.533163E-6,19.202562,0.010363904,0.24998535,0.0037767272,0.0780751,0.004487936,0.3923182,0.02169276,0.7614439,0.0026445219,0.064059906,0.004681093,0.31762105,0.014418478,null,null,null,null,"TWOGAUSSIANS",8,0.7536894,0.24998535,0.0037767272,0.4,0.0,0.39122275,0.02168335,0.7614439,0.0026445219,0.35873547,0.026214123,0.3165256,0.014588123
375316653866487564,4110061600964971008,0.51949006,2256.8342376238024,1.4328842794060048,3.4425735E-5,19.164974,0.013162479,0.24976504,0.057772826,0.09417831,0.053920895,0.10541798,0.23081867,0.73064065,0.006333227,0.055323802,0.005716565,0.34739795,0.02941696,null,null,null,null,"TWOGAUSSIANS",8,1.6564054,0.73064065,0.006332425,0.3098133,0.032012764,0.3466577,0.0284221,0.24976504,0.057772826,0.4,0.041401144,0.10467746,0.23228703
375316653866487564,4110062292470010880,0.44964626,2267.8365008916617,3.701494358749735,4.900142E-5,19.413118,0.021740852,0.27207658,0.0012278543,0.0076807966,0.005726775,0.5541776,0.42619982,0.7881939,0.05734303,0.06380326,0.028584389,0.19047298,0.16366062,0.10232165,0.030321825,0.27207658,0.0012278543,"TWOGAUSSIANS_WITH_ELLIPSOIDAL_ON_ECLIPSE1",9,14.51728,0.27207658,0.0012278543,0.043012463,0.03206994,0.75878775,0.46210632,0.7881939,0.05562721,0.35729828,0.16007258,0.39299163,0.14590429
375316653866487564,4110062391202716416,0.6482881,2294.6141121047426,0.7481917349606194,1.3799106E-6,17.150146,0.0029605436,0.23399393,2.201419E-4,0.028917324,7.180147E-4,0.74494433,0.020357456,null,null,null,null,null,null,0.022581834,0.0058429046,0.23399393,2.201419E-4,"ONEGAUSSIAN_WITH_ELLIPSOIDAL",6,5.8847866,0.23399393,2.201419E-4,0.16193701,0.0040208823,0.790108,0.022643398,null,null,null,null,null,null
375316653866487564,4110062563056078336,0.51635444,2271.456546165188,0.05364984031613328,7.845717E-5,16.844799,0.003961588,0.50028443,0.06359259,0.0429063,0.015811183,0.9472973,2.6891992,null,null,null,null,null,null,null,null,null,null,"ONEGAUSSIAN",5,25.042625,0.50028443,0.06359259,0.24027528,0.088542625,0.9472973,0.0,null,null,null,null,null,null
375316653866487564,4110062876638689280,0.4491813,2263.1607524271303,2.242766239483681,3.5078952E-5,19.502682,0.029053308,0.25054848,0.011133391,0.07082303,0.008513756,0.5071626,0.06762752,0.753296,0.008966959,0.07417043,0.016031286,0.5707116,0.15441853,null,null,null,null,"TWOGAUSSIANS",8,11.252196,0.753296,0.008966959,0.4,0.042764373,0.5680718,0.15710323,0.25054848,0.011133391,0.39660898,0.030120384,0.50452274,0.066602
375316653866487564,4110063117107079296,0.45145035,2284.8085306196413,2.028759530912402,3.093374E-5,19.10039,0.015469078,0.2637659,0.0188051,0.119249955,0.024923198,0.20176144,0.029613366,0.6630036,0.0179457,0.09764793,0.028458187,0.111248955,0.015547466,null,null,null,null,"TWOGAUSSIANS",8,3.1387455,0.2638459,0.01868363,0.4,0.0,0.1951782,0.028776383,0.6630036,0.0179457,0.4,0.0,0.105383135,0.014862535
375316653866487564,4110063392034845184,0.4834791,2263.196453055291,0.855939868823338,4.9093065E-5,17.894695,0.024554338,0.20584597,0.01660316,0.07682828,0.03223958,0.2787182,0.09448958,0.70689374,0.0066630444,0.061309054,0.007913795,0.34028205,0.027677761,null,null,null,null,"TWOGAUSSIANS",8,27.213415,0.70689374,0.0066630444,0.3433307,0.044317257,0.339442,0.0257777,0.20584597,0.01660316,0.4,0.007650368,0.27787817,0.09833614
375316653866487564,4110063598143803136,0.4668019,2231.1584957696537,2.459892426003539,3.7453196E-5,19.155466,0.2200797,0.2507811,0.010763515,0.14180657,0.06594329,0.4562034,0.18239322,0.72335494,0.05337108,0.08116831,0.049023602,0.6754522,0.2650244,null,null,null,null,"TWOGAUSSIANS",8,13.661654,0.72335494,0.053380385,0.4,0.20125544,0.6171763,0.1838212,0.2507811,0.010763515,0.4,0.0,0.395707,0.06883108
375316653866487564,4110063696909371392,0.5019575,2247.859857749136,2.3448489536805224,3.615953E-5,19.310072,0.052469894,0.26398417,0.006720326,0.12371616,0.020053366,0.27690828,0.05404517,0.7534458,0.008756948,0.099061035,0.015973026,0.33980018,0.04468389,null,null,null,null,"TWOGAUSSIANS",8,2.2890387,0.7534458,0.008756948,0.4,0.0,0.2965628,0.026902545,0.26398417,0.006716778,0.4,0.0,0.23350716,0.018480984
375316653866487564,4110063976150552064,0.57069963,2235.4028835911554,1.7813540157196435,1.0860205E-5,16.895857,0.044565424,0.261569,0.004290011,0.11596158,0.01917071,0.18853046,0.042243004,0.76073486,0.0046334644,0.10781594,0.022277435,0.18995535,0.0431484,null,null,null,null,"TWOGAUSSIANS",8,3.599264,0.76073486,0.0046606865,0.4,0.0,0.15909226,0.0062798127,0.261569,0.0042874315,0.4,0.0,0.15764084,0.01113236
375316653866487564,4110064521509270400,0.59216046,2240.9267839090276,1.2941706452901498,1.4324657E-5,18.022741,0.013247436,0.1968198,0.005846485,0.077379875,0.008410724,0.25785342,0.013496644,0.6963847,0.004132292,0.08173717,0.0063495915,0.44278628,0.020213136,null,null,null,null,"TWOGAUSSIANS",8,5.383653,0.6963847,0.004132292,0.4,0.0,0.43796074,0.020038633,0.1968198,0.005846485,0.4,0.0,0.2530279,0.013716943
375316653866487564,4110064555868998144,0.5295837,2236.387428910524,0.8346639358403104,1.7323657E-5,17.088665,0.024308326,0.23211227,0.020194562,0.097915776,0.022090686,0.22213411,0.04071733,0.73333853,0.004687352,0.10734362,0.013814989,0.20155077,0.020899566,null,null,null,null,"TWOGAUSSIANS",8,7.844561,0.23211227,0.020194562,0.4,0.0,0.20076734,0.0386154,0.73333853,0.004687352,0.4,0.0,0.18017712,0.01030462
375316653866487564,4110064865162908416,0.42579207,2274.5614614373885,2.3934537476758018,7.4352894E-5,19.935217,0.034089785,0.38782582,0.012298449,0.068594046,0.016301952,1.6131039,1.2240083,0.78421366,0.012650213,0.07554096,0.017191384,0.26623613,0.05145539,null,null,null,null,"TWOGAUSSIANS",8,5.171005,0.38782582,0.012298449,0.38412663,0.054092493,1.6129143,1.224695,0.78421366,0.012650213,0.4,0.024378074,0.2660465,0.05120834
375316653866487564,4110065178740644224,0.6486998,2256.808132441841,2.9522052584212104,6.6303783E-6,14.250632,0.03350235,0.22310166,0.0020629298,0.070766844,0.005571539,0.34600326,0.067802265,0.7259507,0.0030415722,0.05847676,0.007636719,0.3366042,0.061772093,0.085008524,0.03406615,0.22310166,0.0020629298,"TWOGAUSSIANS_WITH_ELLIPSOIDAL_ON_ECLIPSE1",9,162.55496,0.22310166,0.0020629298,0.39629433,0.02044765,0.5153487,0.0095954565,0.7259507,0.0030415722,0.32746986,0.04276563,0.50589514,0.012255828
375316653866487564,4110065346138086784,0.5185446,2265.396402674162,0.45002334522468795,8.216696E-6,17.980444,0.009149327,0.6219041,0.011979268,0.031936016,0.008720331,0.38377178,0.04833825,0.86311066,0.0016702883,0.019421073,0.0038574128,0.18482587,0.025519384,0.026792279,0.028228387,0.86311066,0.0016702883,"TWOGAUSSIANS_WITH_ELLIPSOIDAL_ON_ECLIPSE2",9,9.357032,0.6220041,0.012136909,0.17884168,0.04883385,0.38393703,0.048408944,0.86311066,0.0016702883,0.108758,0.021601511,0.23841043,0.04710979
375316653866487564,4110065625366098560,0.57068944,2271.9263879733594,1.4769095891646988,1.1501614E-5,18.60399,0.018695021,0.24853739,0.004074746,0.0838167,0.008451826,0.23291579,0.018141741,0.7228242,0.016418764,0.08196667,0.01193217,0.60438776,0.051772658,null,null,null,null,"TWOGAUSSIANS",8,3.2703242,0.7228242,0.016418764,0.4,0.0,0.5995609,0.05032389,0.24853739,0.004074746,0.4,0.0,0.22808895,0.014613031
375316653866487564,4110065694136821632,0.5058258,2242.3728365485313,2.2172627744015565,2.8380315E-5,18.814308,0.026788458,0.24370824,0.012525258,0.08900571,0.028673474,0.14736973,0.025546646,0.74210423,0.0058906497,0.09465449,0.016135415,0.15194239,0.026179276,null,null,null,null,"TWOGAUSSIANS",8,1.7548035,0.74210423,0.005893692,0.4,0.0,0.14475918,0.013816422,0.24370824,0.012534146,0.4,0.0,0.14018676,0.011681992
375316653866487564,4110065762856310144,0.54537565,2173.302080438013,3.4295130574729944,2.0955127E-5,19.794142,0.023130527,0.23895872,0.009297313,0.065843135,0.0078871455,0.57663554,0.05969447,0.7377678,0.0056435703,0.06957283,0.015850311,0.48186317,0.2324413,null,null,null,null,"TWOGAUSSIANS",8,1.5332309,0.23895872,0.009297313,0.36872154,0.0407639,0.57552147,0.058948874,0.7377678,0.0056435703,0.38960785,0.07841315,0.48074907,0.23393232
375316653866487564,4110065865935545984,0.48887348,2147.2426145926484,0.7822202781021279,4.4780612E-5,19.562494,0.09320833,0.18485862,0.018198313,0.0783973,0.01510029,0.40697148,0.09743568,0.5504002,0.040253412,0.20216015,0.088078775,0.24982469,0.08230292,null,null,null,null,"TWOGAUSSIANS",8,3.1002085,0.19133863,0.014982089,0.4,0.00857232,0.41660613,0.10424968,0.5504002,0.040253412,0.4,0.0,0.2076207,0.04475348
375316653866487564,4110066067753307008,0.4639698,2235.621022865325,0.6942366656038145,8.228345E-5,19.899832,0.014401236,0.34096682,0.014427241,0.07410465,0.013719929,0.20736635,0.033068236,0.721228,0.013259161,0.11847311,0.013442749,0.14507017,0.017403867,null,null,null,null,"TWOGAUSSIANS",8,1.5161986,0.3415768,0.014429202,0.4,0.033796497,0.20640165,0.03371724,0.721228,0.013259161,0.4,0.0,0.14325827,0.01611293
375316653866487564,4110066175122363392,0.53021836,2167.9385314503825,0.0652505017569561,2.702225E-5,19.58502,0.00951995,0.25906324,0.012279307,0.06315028,0.009220471,0.435089,0.015651427,0.75858045,0.025250359,0.0697651,0.020840975,0.445172,0.13027927,null,null,null,null,"TWOGAUSSIANS",8,2.1772494,0.75858045,0.025250359,0.39068455,0.099032424,0.44443816,0.13063712,0.25906324,0.012279307,0.35364157,0.05045306,0.43435514,0.014860075
375316653866487564,4110066346920854272,0.532441,2249.9078564608203,2.1301457005292126,2.5306916E-5,19.334383,0.03443994,0.2672482,0.011841257,0.101197846,0.015162299,0.41088182,0.039160013,0.77928245,0.030170474,0.08232726,0.027031574,0.47732696,0.08019386,null,null,null,null,"TWOGAUSSIANS",8,3.4557128,0.77928245,0.030170076,0.4,0.07272559,0.45953295,0.07585355,0.2672482,0.011841257,0.4,0.0,0.393083,0.026547333
375316653866487564,4110066450000010368,0.5051216,2246.0822828949367,2.208076047418596,8.890237E-6,19.542398,0.014171847,0.3260285,0.0033969956,0.026881387,0.0061230445,0.7658686,0.37848556,0.82838476,0.0017144332,0.028423648,0.002592458,0.58687323,0.027207676,0.16627903,0.036121912,0.3260285,0.0033969956,"TWOGAUSSIANS_WITH_ELLIPSOIDAL_ON_ECLIPSE1",9,8.28225,0.3260285,0.0033969956,0.15053578,0.034289047,1.0984266,0.39710224,0.82838476,0.0016984271,0.15917243,0.014517765,0.9193584,0.047102187
375316653866487564,4110066690518374656,0.55553204,2257.938449371348,0.4910020695747487,5.5041543E-5,18.770521,0.005884423,0.21872844,0.0029253974,0.025444867,0.005786151,0.075531535,0.016123613,0.71937335,0.028065532,0.02769115,0.020563085,1.3666844,4.30551178E12,0.011474048,0.008367474,0.71937335,0.028065532,"TWOGAUSSIANS_WITH_ELLIPSOIDAL_ON_ECLIPSE2",9,0.7060993,0.71937335,0.028065532,0.15507044,0.115153275,1.3896325,4.30551178E12,0.21873844,0.002704309,0.14249125,0.03240245,0.09847925,0.011012011
375316653866487564,4110066793648575104,0.5094111,2269.6538478493894,1.635319676512164,2.3198141E-5,18.426474,0.016048439,0.2231966,0.016194826,0.08915001,0.018698,0.08366107,0.01705073,0.738702,0.0038206705,0.060521755,0.007819501,0.32258108,0.03486551,null,null,null,null,"TWOGAUSSIANS",8,8.581645,0.738702,0.0038206705,0.33892184,0.043789204,0.32185242,0.035080492,0.2231966,0.016194826,0.4,0.0,0.08293238,0.016130533
375316653866487564,4110067029830614016,0.5238237,2296.9721257908227,1.6933406349213718,2.0229078E-5,19.218767,0.013802632,0.21534155,0.022564627,0.09488585,0.025823094,0.1320949,0.017219663,0.71461457,0.010166215,0.078395285,0.008963492,0.3023408,0.034248564,null,null,null,null,"TWOGAUSSIANS",8,1.5239232,0.71461457,0.010166215,0.4,0.0,0.29656103,0.032885756,0.21534155,0.022564627,0.4,0.0,0.12631491,0.01619076
375316653866487564,4110067102839580416,0.47440916,2314.3719475265416,0.6649227083435337,5.98073E-5,18.067469,0.008666745,0.16859894,0.038554203,0.07768145,0.058745317,0.010336988,0.008758554,0.58640695,0.0054878886,0.08544527,0.018422931,0.078350574,0.0066012414,null,null,null,null,"TWOGAUSSIANS",8,1.3611592,0.58640695,0.0054878886,0.4,0.0,0.078252286,0.0061565368,0.16861893,0.038557224,0.4,0.23558211,0.010239198,0.00836679
375316653866487564,4110067583874329728,0.4379078,2224.91353432989,4.190661640307543,1.5185857E-5,19.846186,0.014493783,0.7270319,0.003109815,0.04176912,0.0054292977,0.28899667,0.042265538,null,null,null,null,null,null,null,null,null,null,"ONEGAUSSIAN",5,3.4992435,0.7270319,0.003109815,0.23390709,0.030404069,0.28899667,0.0,null,null,null,null,null,null
375316653866487564,4110067957483073920,0.47315046,2274.219132061458,0.7697409116102636,7.363329E-5,17.624453,0.02840224,0.2895245,0.022196462,0.100403056,0.056103647,0.040279202,0.027579205,0.7486786,0.01999378,0.06958662,0.05814562,0.17055151,0.10338123,null,null,null,null,"TWOGAUSSIANS",8,2.4887228,0.7486786,0.01999378,0.3896851,0.049187366,0.16968317,0.12464005,0.2895245,0.022060875,0.4,0.0,0.03940969,0.0063363654
375316653866487564,4110068614667035136,0.45548126,2315.2693472063784,0.13809571408508298,8.161893E-5,19.20478,0.106474034,0.20963992,0.09933065,0.05645694,0.09856558,0.22928299,0.17143568,0.6669683,0.024327753,0.07651169,0.034018815,0.1687764,0.087618224,null,null,null,null,"TWOGAUSSIANS",8,2.6108918,0.20963992,0.09933065,0.31615886,0.10570727,0.22919141,0.15872177,0.6669683,0.024327753,0.4,0.13753437,0.16868483,0.0945916
375316653866487564,4110068885226112256,0.45519683,2290.939770941823,1.223135849268003,3.0877767E-5,19.862675,0.083661385,0.3921334,0.07638206,0.02744927,0.096031345,0.34184498,0.15706144,0.9358958,0.0023150428,0.012250692,0.0022530563,6.186967,3.4989586,null,null,null,null,"TWOGAUSSIANS",8,10.344601,0.9358958,0.0023150428,0.06860387,0.012617115,6.186967,3.499008,0.3921334,0.07638206,0.15371592,0.3117946,0.34184498,0.15689489
375316653866487564,4110068992624879744,0.51616335,2334.017320054452,0.018662329167277957,8.531378E-5,19.765615,0.0066217766,0.097526185,0.004282194,0.012782884,0.0048791254,0.059161946,0.0097742835,0.5719482,0.03072722,0.04077605,0.04405466,3.6254025,6.0482345,null,null,null,null,"TWOGAUSSIANS",8,0.7316863,0.5719482,0.03072722,0.22834589,0.16927952,3.6254025,6.048235,0.097526185,0.004282194,0.07158415,0.027323103,0.059161946,0.00977428
375316653866487564,4110069095700530688,0.55164593,2204.599451128368,2.1216600883563426,1.3890395E-5,19.182903,0.007509601,0.25248665,0.003070712,0.08208121,0.005339006,0.37679785,0.019555844,0.7634521,0.0024437008,0.07798374,0.0036413576,0.33493504,0.01158883,null,null,null,null,"TWOGAUSSIANS",8,1.30579,0.25248665,0.003070712,0.4,0.0,0.37244034,0.02032393,0.7634521,0.0024437008,0.4,0.0,0.33057755,0.011632074
375316653866487564,4110069267549766656,0.48532882,2213.84044355562,0.5962685698810622,3.1501935E-5,19.571442,0.010492453,0.34194085,0.026101407,0.0886595,0.010800426,0.3803635,0.026672142,0.7305919,0.0051780357,0.02705395,0.004289239,0.07976419,0.027269842,null,null,null,null,"TWOGAUSSIANS",8,2.2785363,0.34194085,0.026101407,0.4,0.0,0.38036308,0.026671598,0.7305919,0.0051780357,0.15150212,0.024019739,0.07978934,0.027168542
375316653866487564,4110069331902733568,0.459566,2219.648295527463,2.1452434446911055,5.4979548E-5,18.745022,0.1865699,0.38500765,0.007465044,0.25621077,0.084353626,0.34880456,0.1807076,0.86741954,0.01407521,0.079899035,0.017848477,0.17575459,0.05276378,null,null,null,null,"TWOGAUSSIANS",8,3.7407322,0.38500765,0.007465044,0.4,0.0,0.17875136,0.010794648,0.86741954,0.01407521,0.4,0.029085282,0.10994706,0.047585744
