Gaia/vari_eclipsing_binary/VariEclipsingBinary_467043-467066.csv
# %ECSV 1.0
# ---
# delimiter: ','
# meta: !!omap
# - RELEASE: Gaia DR3
# - TABLE: vari_eclipsing_binary
# - DESCRIPTION: >
#     This table describes the properties of the eclipsing binaries resulting from the variability analysis. 
# - CITATION: >
#     How to cite and acknowledge Gaia: 
#     https://gea.esac.esa.int/archive/documentation/credits.html 
# - KNOWN_ISSUES: >
#     Known issues: 
#     https://www.cosmos.esa.int/web/gaia-users/known-issues 
# - DOCUMENTATION: >
#     Tutorials and documentation: 
#     https://www.cosmos.esa.int/web/gaia-users/archive 
# datatype:
# - 
#   name: solution_id
#   datatype: int64
#   description: Solution Identifier
#   meta:
#     ucd: meta.version
# - 
#   name: source_id
#   datatype: int64
#   description: Unique source identifier
#   meta:
#     ucd: meta.id;meta.main
# - 
#   name: global_ranking
#   datatype: float32
#   description: Number between 0 (worst) and 1 (best)
#   meta:
#     ucd: stat.param
# - 
#   name: reference_time
#   datatype: float64
#   unit: d
#   description: Reference time used for the geometric model fit
#   meta:
#     ucd: time.epoch
# - 
#   name: frequency
#   datatype: float64
#   unit: d**-1
#   description: Frequency of geometric model of the eclipsing binary light curve
#   meta:
#     ucd: src.orbital
# - 
#   name: frequency_error
#   datatype: float32
#   unit: d**-1
#   description: "Uncertainty of \\texttt{frequency}"
#   meta:
#     ucd: stat.error
# - 
#   name: geom_model_reference_level
#   datatype: float32
#   unit: mag
#   description: Magnitude reference level of geometric model
#   meta:
#     ucd: phot.mag;em.opt
# - 
#   name: geom_model_reference_level_error
#   datatype: float32
#   unit: mag
#   description: "Uncertainty of \\texttt{geomModelReferenceLevel}"
#   meta:
#     ucd: stat.error;phot.mag;em.opt
# - 
#   name: geom_model_gaussian1_phase
#   datatype: float32
#   description: Phase of the Gaussian 1 component
#   meta:
#     ucd: time.phase
# - 
#   name: geom_model_gaussian1_phase_error
#   datatype: float32
#   description: "Uncertainty of \\texttt{geomModelGaussian1Phase}"
#   meta:
#     ucd: stat.error;time.phase
# - 
#   name: geom_model_gaussian1_sigma
#   datatype: float32
#   description: "Standard deviation [phase] of Gaussian 1 component"
#   meta:
#     ucd: stat.stdev
# - 
#   name: geom_model_gaussian1_sigma_error
#   datatype: float32
#   description: "Uncertainty of \\texttt{geomModelGaussian1Sigma}"
#   meta:
#     ucd: stat.error
# - 
#   name: geom_model_gaussian1_depth
#   datatype: float32
#   unit: mag
#   description: Magnitude depth of Gaussian 1 component
#   meta:
#     ucd: src.var.amplitude
# - 
#   name: geom_model_gaussian1_depth_error
#   datatype: float32
#   unit: mag
#   description: "Uncertainty of \\texttt{geomModelGaussian1Depth}"
#   meta:
#     ucd: stat.error;src.var.amplitude
# - 
#   name: geom_model_gaussian2_phase
#   datatype: float32
#   description: Phase of Gaussian 2 component
#   meta:
#     ucd: time.phase
# - 
#   name: geom_model_gaussian2_phase_error
#   datatype: float32
#   description: "Uncertainty of \\texttt{geomModelGaussian2Phase}"
#   meta:
#     ucd: stat.error;time.phase
# - 
#   name: geom_model_gaussian2_sigma
#   datatype: float32
[...]
#   datatype: float32
#   description: "Secondary eclipse: uncertainty of \\texttt{derivedSecondaryEclDuration}"
#   meta:
#     ucd: stat.error;time.duration
# - 
#   name: derived_secondary_ecl_depth
#   datatype: float32
#   unit: mag
#   description: "Secondary eclipse: depth"
#   meta:
#     ucd: src.var.amplitude
# - 
#   name: derived_secondary_ecl_depth_error
#   datatype: float32
#   unit: mag
#   description: "Secondary eclipse: uncertainty of \\texttt{derivedSecondaryEclDepth}"
#   meta:
#     ucd: stat.error;src.var.amplitude
solution_id,source_id,global_ranking,reference_time,frequency,frequency_error,geom_model_reference_level,geom_model_reference_level_error,geom_model_gaussian1_phase,geom_model_gaussian1_phase_error,geom_model_gaussian1_sigma,geom_model_gaussian1_sigma_error,geom_model_gaussian1_depth,geom_model_gaussian1_depth_error,geom_model_gaussian2_phase,geom_model_gaussian2_phase_error,geom_model_gaussian2_sigma,geom_model_gaussian2_sigma_error,geom_model_gaussian2_depth,geom_model_gaussian2_depth_error,geom_model_cosine_half_period_amplitude,geom_model_cosine_half_period_amplitude_error,geom_model_cosine_half_period_phase,geom_model_cosine_half_period_phase_error,model_type,num_model_parameters,reduced_chi2,derived_primary_ecl_phase,derived_primary_ecl_phase_error,derived_primary_ecl_duration,derived_primary_ecl_duration_error,derived_primary_ecl_depth,derived_primary_ecl_depth_error,derived_secondary_ecl_phase,derived_secondary_ecl_phase_error,derived_secondary_ecl_duration,derived_secondary_ecl_duration_error,derived_secondary_ecl_depth,derived_secondary_ecl_depth_error
[from data line 223]
375316653866487564,4108261356795380480,0.45802823,2360.5967762925166,0.025057207264374357,4.8623515E-5,12.59393,0.005522568,0.1743189,0.01762355,0.048689436,0.014749598,0.03251429,0.0120417485,0.7537706,0.013088608,0.111528374,0.028362077,0.027033802,0.0055358945,null,null,null,null,"TWOGAUSSIANS",8,12.862591,0.17426889,0.017194152,0.27266082,0.08259775,0.032460768,0.011400616,0.7537706,0.013088608,0.4,0.0,0.026958127,0.0047904314
375316653866487564,4108262318872688640,0.49534425,2329.9650894666825,1.4895419763945705,1.3360585E-5,18.833317,0.0045745005,0.18561116,0.010446945,0.020403787,0.011777496,0.1227899,0.08092862,0.6870198,0.0019480812,0.04538476,0.0020260261,0.34232014,0.012382377,null,null,null,null,"TWOGAUSSIANS",8,3.5319858,0.6870198,0.0019480812,0.25415465,0.011345746,0.34232014,0.012382377,0.18561116,0.010446945,0.11426121,0.06595398,0.1227899,0.08092863
375316653866487564,4108262666809376384,0.46568754,2302.0136000386883,0.563077366920726,2.4469333E-5,19.679205,0.009994153,0.33734655,0.0068440638,0.06846683,0.006877438,0.31898674,0.028912714,null,null,null,null,null,null,null,null,null,null,"ONEGAUSSIAN",5,3.5807412,0.33734655,0.0068440638,0.38341424,0.03830602,0.31898674,0.0,null,null,null,null,null,null
375316653866487564,4108263457084107136,0.5242922,2314.541119583247,0.41995817664789503,1.0787645E-4,18.820257,0.0076299016,0.11016347,0.031884886,0.040182646,0.048562475,0.18031755,52.49451,0.62864506,0.0019062798,0.029905032,0.001446616,1.0385853,0.1271857,null,null,null,null,"TWOGAUSSIANS",8,6.906708,0.62864506,0.0019062798,0.16746819,0.00810105,1.0385853,0.1271857,0.11016347,0.031884886,0.22502282,0.27194986,0.18031755,52.49451
375316653866487564,4108263903761102848,0.45191646,2279.32190891864,2.2113971445906135,2.3396164E-5,19.052187,0.15984167,0.22873451,0.0027694686,0.2074464,0.02065685,0.89287865,0.1589249,0.7251026,0.0027519793,0.15366484,0.009949933,0.8547311,0.09954415,null,null,null,null,"TWOGAUSSIANS",8,3.054152,0.7251026,0.0027519793,0.4,0.0,0.3008971,0.021486938,0.2294645,0.0028388556,0.4,0.0,0.24980359,0.009102879
375316653866487564,4108264041199972992,0.52556014,2287.0771983624136,2.456732964589259,1.6300268E-5,19.792067,0.007131448,0.21071033,0.007046344,0.06170165,0.0074990513,0.28872833,0.027494945,0.7093785,0.011732067,0.06229269,0.007882223,0.5360818,0.07645538,null,null,null,null,"TWOGAUSSIANS",8,1.8252145,0.7093785,0.011732067,0.34883907,0.04414045,0.53586024,0.07649827,0.21071033,0.007046344,0.34552926,0.041994687,0.28850675,0.027577823
375316653866487564,4108264041223538432,0.55061054,2315.323917826272,2.436395484672737,1.3970263E-5,18.954008,0.0312298,0.24326819,0.0064323777,0.09954546,0.013636598,0.40834403,0.026509637,0.7343385,0.003429767,0.094201356,0.008679164,0.4267324,0.02710049,null,null,null,null,"TWOGAUSSIANS",8,2.9998496,0.7343385,0.003429767,0.4,0.0,0.40026286,0.014721636,0.24326819,0.0064323777,0.4,0.0,0.38187227,0.013865106
375316653866487564,4108264346092660608,0.5289318,2337.1765135277215,0.7365520141313263,4.302855E-5,18.68445,0.007251622,0.33555526,0.0040381243,0.0417072,0.0065927873,0.3521323,0.029632647,0.83194995,0.00453677,0.057377186,0.011975767,0.065308966,0.0068676258,null,null,null,null,"TWOGAUSSIANS",8,2.5492518,0.33555526,0.0040381243,0.23356031,0.03691961,0.35213166,0.02963493,0.83194995,0.00453677,0.32131225,0.06706429,0.06530833,0.0068661217
375316653866487564,4108264453518587392,0.48864424,2340.1509916059335,1.8541439691610804,3.4448694E-5,18.62095,0.016453775,0.27337387,0.008337248,0.09130366,0.010956714,0.29224172,0.030641662,0.769175,0.009028344,0.09336543,0.0140189575,0.25026226,0.02861895,null,null,null,null,"TWOGAUSSIANS",8,8.970164,0.27337387,0.008337248,0.4,0.0,0.279248,0.030465225,0.769175,0.009028344,0.4,0.0,0.23726839,0.03167101
375316653866487564,4108265003296376448,0.56306916,2298.878602007151,0.6654532696259965,9.305883E-6,17.24383,0.002246026,0.33173996,0.0023691722,0.04027876,0.002607473,0.22557631,0.00858442,0.828218,0.0012401608,0.032496784,0.0039688395,0.071568586,0.0058980514,null,null,null,null,"TWOGAUSSIANS",8,4.9859324,0.33173996,0.0023691722,0.22556105,0.014601848,0.22557631,0.008584421,0.828218,0.0012401608,0.181982,0.022225501,0.071568586,0.0058980514
375316653866487564,4108266515101047680,0.44635493,2318.9560184881907,1.7567601735258662,2.8179535E-5,19.386135,0.027862988,0.28329596,0.00915437,0.08836613,0.016992306,0.17817946,0.028026346,0.79100055,0.009836044,0.09913233,0.025123036,0.12959997,0.026536588,null,null,null,null,"TWOGAUSSIANS",8,2.6170726,0.28329596,0.00915469,0.4,0.0,0.17051806,0.018283173,0.79100055,0.009836044,0.4,0.0,0.12193779,0.022222418
375316653866487564,4108266789979375232,0.4728623,2358.112547431552,1.4405962948288946,7.8994446E-5,19.71577,0.007242536,0.22313897,0.045516226,0.07092023,0.019795716,0.13215905,0.03874686,0.7105906,0.005848209,0.05454065,0.0114067225,0.6317127,0.25650957,null,null,null,null,"TWOGAUSSIANS",8,2.5437996,0.7105906,0.005848209,0.30542764,0.06387765,0.63159287,0.25692356,0.22313897,0.045516226,0.39715326,0.09985794,0.13203926,0.038672898
375316653866487564,4108268920299129600,0.5865337,2333.570175212425,0.889223536359897,1.11691015E-5,17.261576,0.006081226,0.29222032,0.0018514838,0.09837412,0.0056652236,0.19114143,0.006482053,0.8004703,0.0016441281,0.095200755,0.004376061,0.2079978,0.0061887763,null,null,null,null,"TWOGAUSSIANS",8,2.0344825,0.8004703,0.0016441281,0.4,0.0,0.19531313,0.0058747176,0.29222032,0.0018514838,0.4,0.0,0.1784562,0.008221477
375316653866487564,4108270844375938944,0.42476183,2341.0448076080506,3.5233968407347134,2.5476458E-5,19.79868,0.0144903185,0.31036058,0.0018115961,0.018680193,0.0041150646,0.27837986,0.015885202,0.799222,1.2320031E-4,0.005177746,2.8786503E-4,0.28045097,0.01562941,null,null,null,null,"TWOGAUSSIANS",8,3.1307113,0.799222,1.2320031E-4,0.028995378,0.0016120442,0.28045097,0.01562941,0.31036058,0.0018115961,0.10460908,0.023044363,0.27837986,0.015885202
375316653866487564,4108271046241909632,0.5477052,2318.55881821181,3.1943375150554627,9.79319E-6,18.178272,0.016057977,0.25415438,0.0019371302,0.09180427,0.005658931,0.2592943,0.015445235,0.7637438,0.0056680846,0.10033196,0.011978262,0.22102876,0.014428811,null,null,null,null,"TWOGAUSSIANS",8,2.5049608,0.25415438,0.0019371302,0.4,0.0,0.24516548,0.008117886,0.7637438,0.0056680846,0.4,0.0,0.2068982,0.010524881
375316653866487564,4108272386271883904,0.51762265,2318.572485587115,2.1450212713261956,1.7066019E-5,17.972279,0.028464591,0.25809103,0.007935195,0.09414076,0.016267413,0.27489582,0.028467689,0.77497613,0.009047292,0.08528688,0.022406312,0.15924896,0.025299571,null,null,null,null,"TWOGAUSSIANS",8,7.050946,0.25809103,0.00793533,0.4,0.0,0.2682359,0.025425583,0.77497613,0.009062473,0.4,0.0,0.15258963,0.015719363
375316653866487564,4108273868031444480,0.47871667,2366.3847077332503,1.5632820422226734,7.06331E-5,19.348713,0.010415374,0.28486592,0.010041889,0.058274798,0.012449159,0.094416164,0.017102605,0.7933453,0.008758255,0.06502291,0.015324894,0.22823009,0.022672977,null,null,null,null,"TWOGAUSSIANS",8,2.987732,0.7933453,0.008758255,0.3641283,0.08581941,0.22816947,0.022706337,0.28486592,0.010041889,0.3263389,0.06971529,0.09435554,0.017085286
375316653866487564,4108274314707977600,0.5080264,2329.1822602116285,2.1086908353587064,2.4237308E-5,19.249933,0.045542207,0.2695376,0.0038872515,0.04287589,0.006189856,0.37712997,0.10737811,0.77767265,0.0057662176,0.058898408,0.014877915,0.32155126,0.09413683,0.10071747,0.05520593,0.2695376,0.0038872515,"TWOGAUSSIANS_WITH_ELLIPSOIDAL_ON_ECLIPSE1",9,8.636216,0.2695376,0.0038872515,0.24010497,0.034663193,0.57854325,0.022130577,0.77767265,0.0057662176,0.3298311,0.083316326,0.5224387,0.03863441
375316653866487564,4108275276782955520,0.48463252,2313.4779868083156,1.349791478983995,3.517232E-5,19.479834,0.116299905,0.26406553,0.0058485596,0.097193494,0.018660625,0.39701504,0.1057508,0.7456888,0.014014283,0.13839306,0.058020193,0.27538803,0.101175144,null,null,null,null,"TWOGAUSSIANS",8,1.995112,0.26429552,0.0058256276,0.4,0.0,0.34274292,0.02185332,0.7456888,0.014014283,0.4,0.0,0.22022387,0.025912518
375316653866487564,4108275547388117504,0.4800706,2344.755689761705,1.7275997817970843,1.9086885E-5,18.841455,0.40672264,0.22432514,0.0030931376,0.14666352,0.039187763,0.6283871,0.33376896,0.72306484,0.0044037243,0.20406455,0.07817779,0.62699807,0.4015369,null,null,null,null,"TWOGAUSSIANS",8,2.2065117,0.22475514,0.00287822,0.4,0.0,0.24924995,0.012587996,0.72306484,0.004409849,0.4,0.0,0.18930116,0.025243383
375316653866487564,4108275787888247168,0.57376,2343.432799477328,2.2837129828508598,1.1712149E-5,18.878849,0.008015276,0.27238494,0.0036252446,0.075825796,0.0037877217,0.5149033,0.014577082,0.76524884,0.0018669583,0.0660158,0.0023064942,0.59197104,0.019729802,null,null,null,null,"TWOGAUSSIANS",8,2.5209353,0.76524884,0.0018669583,0.3696885,0.012916367,0.59013563,0.019782467,0.27238494,0.0036252446,0.4,0.0,0.5130679,0.01448683
375316653866487564,4108276440723598976,0.4094239,2340.695300857758,0.0924751448586215,2.6551515E-5,18.796642,0.047449958,0.18694948,0.019435825,0.07547069,0.0333833,0.113177456,0.04484808,0.71641093,0.019206623,0.11375033,0.106452554,0.07818566,0.03851279,null,null,null,null,"TWOGAUSSIANS",8,4.311992,0.18692946,0.019149452,0.4,0.10464406,0.10968967,0.0265218,0.71641093,0.019206623,0.4,0.049630523,0.074681275,0.018083492
375316653866487564,4108278742826129792,0.58135146,2332.0440118966776,1.5819443713159078,1.4751375E-5,18.442804,0.005277429,0.235343,0.0015907408,0.079957224,0.0020160594,0.44072443,0.008964818,0.7515868,0.0051559675,0.07467875,0.005746925,0.27600628,0.020063883,null,null,null,null,"TWOGAUSSIANS",8,2.2722313,0.235343,0.0015907408,0.4,0.0,0.43805888,0.008867411,0.7515868,0.0051559675,0.4,0.0,0.27334073,0.020501575
375316653866487564,4108280323371661440,0.5188408,2256.253232929506,2.0549758413907426,1.6769112E-5,17.449322,0.5956871,0.25190932,0.008991295,0.14755802,0.066378556,0.47449443,0.5313283,0.75364316,0.007828348,0.16627082,0.1087608,0.44894084,0.56750506,null,null,null,null,"TWOGAUSSIANS",8,5.623423,0.25164932,0.009198174,0.4,0.0,0.22857799,0.010134768,0.75381315,0.007676348,0.4,0.0,0.19630691,0.025670342
375316653866487564,4108285236817113088,0.4568086,2318.5778267206633,2.03932334737711,7.156408E-5,19.312193,0.0046404395,0.7466808,0.0068912846,0.023064751,0.039504897,0.07298938,0.026844328,null,null,null,null,null,null,0.054231912,0.006591234,0.7466808,0.0068912846,"ONEGAUSSIAN_WITH_ELLIPSOIDAL",6,1.63602,0.7466808,0.0068912846,0.1291626,0.22122742,0.18145306,0.028532036,null,null,null,null,null,null
375316653866487564,4108285408615765504,0.46483,2269.2582878669355,2.877764061605985,1.175519E-5,19.648684,0.058366034,0.25534332,0.005960119,0.10493987,0.021793028,0.38086084,0.03841981,0.76959085,0.00893563,0.10068487,0.019404482,0.38209417,0.052814662,null,null,null,null,"TWOGAUSSIANS",8,2.7170525,0.76960087,0.008933847,0.4,0.0,0.34866834,0.033930525,0.25534332,0.0059480527,0.4,0.0,0.34742838,0.04164579
375316653866487564,4108285722141242880,0.47747558,2347.084669952862,0.8785844694677156,3.073458E-5,19.134653,0.16890742,0.25617078,0.0062258756,0.09231365,0.027222224,0.27865562,0.14814444,0.74107116,0.011137847,0.1269424,0.08080391,0.21937352,0.15806219,null,null,null,null,"TWOGAUSSIANS",8,2.8971918,0.25625077,0.0051176567,0.4,0.0,0.2487702,0.025313469,0.74107116,0.011137847,0.4,0.0,0.18928117,0.024563553
375316653866487564,4108287611927040640,0.56223845,2351.417012936869,0.3860586321328579,1.567819E-5,18.573673,0.0062836525,0.21776925,0.0020951664,0.031240134,0.0020334353,0.69268787,0.040515766,0.72184193,0.0028467486,0.04467685,0.0048455764,0.18584965,0.017079445,null,null,null,null,"TWOGAUSSIANS",8,5.7334056,0.21776925,0.0020951664,0.17494474,0.011387237,0.69268787,0.040515766,0.72184193,0.0028467486,0.25019035,0.027135229,0.18584965,0.017079445
375316653866487564,4108290154547689984,0.4559873,2328.2992333534926,1.160911421509201,4.1394796E-5,19.620285,0.02828199,0.10664342,0.019516397,0.037725803,0.010617909,0.1895286,0.042113006,0.61393255,0.010529627,0.07477782,0.024625575,0.50316733,0.14957789,null,null,null,null,"TWOGAUSSIANS",8,9.951165,0.61393255,0.010529627,0.4,0.023310572,0.5031409,0.1499969,0.10664342,0.019516397,0.21126449,0.059460294,0.18950221,0.04200731
375316653866487564,4108290154617648000,0.5461375,2340.634034094331,2.14339648531425,1.8180357E-5,18.058912,0.0050947964,0.2858614,0.0032268465,0.08802421,0.0055478,0.21159352,0.008392633,0.78603995,0.004318368,0.083486274,0.0058695483,0.11706194,0.006175401,null,null,null,null,"TWOGAUSSIANS",8,2.0818536,0.2858614,0.0032268465,0.4,0.0,0.20710278,0.008873822,0.78603995,0.004318368,0.4,0.0,0.112571225,0.0054209908
375316653866487564,4108292181772491392,0.591575,2346.3850087343285,1.3411656647854233,7.924967E-6,18.0628,0.004936543,0.24972065,0.0022689898,0.07647346,0.0025047238,0.3573831,0.007974733,0.7559302,0.002752621,0.08699639,0.003753773,0.25546998,0.0074986736,null,null,null,null,"TWOGAUSSIANS",8,2.928981,0.24972065,0.0022689898,0.4,0.0,0.35246223,0.0077013597,0.7559302,0.002752621,0.4,0.0,0.25054908,0.007504973
375316653866487564,4108293242634153728,0.5039375,2330.393923545317,3.0312814145283435,3.8941987E-5,17.71853,0.006588683,0.27318913,0.024597235,0.022058329,0.024831578,0.047689073,0.020290604,0.7062499,0.0067443834,0.045773264,0.02576415,0.04211088,0.013961916,0.0862009,0.0073005874,0.7062499,0.0067443834,"TWOGAUSSIANS_WITH_ELLIPSOIDAL_ON_ECLIPSE2",9,10.069507,0.7062499,0.0067443834,0.25633028,0.14427924,0.21451236,0.006352101,0.26522914,0.030520756,0.12352664,0.13905683,0.19447303,0.025373243
375316653866487564,4108293453082659328,0.5400025,2334.078802067052,1.6755002928877385,6.184735E-6,19.411531,0.010836067,0.24893638,0.004995874,0.080543116,0.0059962263,0.28928345,0.021851605,0.7523958,0.002004681,0.07860485,0.0041059013,0.42851233,0.014216833,null,null,null,null,"TWOGAUSSIANS",8,1.4556383,0.7523958,0.002004681,0.4,0.0,0.423808,0.014260313,0.24893638,0.004995874,0.4,0.0,0.28457913,0.0222436
375316653866487564,4108296098785318528,0.42546478,2348.9275325926874,3.8439749386863924,2.0448339E-5,19.831861,0.009610741,0.42299086,0.020892609,0.060533866,0.015582442,0.28209662,0.02323814,0.8949896,0.0034633544,0.028496414,0.0034901085,0.25000194,0.040367942,null,null,null,null,"TWOGAUSSIANS",8,2.4632552,0.42299086,0.020892609,0.33898965,0.082993425,0.2820966,0.02323822,0.8949896,0.0034633544,0.15957993,0.019544609,0.2500019,0.040367853
375316653866487564,4108296270584061696,0.43147284,2337.650159544206,1.6845113073262536,8.4263615E-5,19.382135,0.04042322,0.29089743,0.020191448,0.06347964,0.029965157,0.18050353,0.055533078,0.8023522,0.015129054,0.11342246,0.026625486,0.21527806,0.039316513,null,null,null,null,"TWOGAUSSIANS",8,4.8386984,0.8023522,0.015129054,0.4,0.0,0.20935078,0.02464151,0.29088745,0.02028888,0.35548598,0.094010495,0.17460467,0.053984266
375316653866487564,4108296300650248960,0.4430865,2342.671898161514,3.9614257031829667,3.0142255E-5,17.74529,0.006086789,0.40704715,0.011420049,0.08578225,0.0112513425,0.12617186,0.036517255,0.9500998,0.0052901497,0.010993456,0.0026728672,0.16348091,0.046158873,null,null,null,null,"TWOGAUSSIANS",8,5.9842553,0.9500998,0.0052901497,0.061563354,0.014968055,0.16348097,0.046158887,0.40704715,0.011420049,0.4,0.0,0.12617183,0.0365173
375316653866487564,4108296442382938112,0.49578232,2347.1203861388344,1.0196084286852416,2.9889881E-5,18.994408,0.006064157,0.33129203,0.013035241,0.040835194,0.010117671,0.3631507,0.009437745,0.8200047,0.02625024,0.042439934,0.017490273,0.081380434,0.027580615,null,null,null,null,"TWOGAUSSIANS",8,3.9805546,0.33129203,0.013035241,0.22867708,0.05665896,0.3631507,0.009437708,0.8200047,0.02625024,0.23766363,0.097945526,0.08138043,0.027580617
