Gaia/vari_eclipsing_binary/VariEclipsingBinary_677864-677882.csv
# %ECSV 1.0
# ---
# delimiter: ','
# meta: !!omap
# - RELEASE: Gaia DR3
# - TABLE: vari_eclipsing_binary
# - DESCRIPTION: >
#     This table describes the properties of the eclipsing binaries resulting from the variability analysis. 
# - CITATION: >
#     How to cite and acknowledge Gaia: 
#     https://gea.esac.esa.int/archive/documentation/credits.html 
# - KNOWN_ISSUES: >
#     Known issues: 
#     https://www.cosmos.esa.int/web/gaia-users/known-issues 
# - DOCUMENTATION: >
#     Tutorials and documentation: 
#     https://www.cosmos.esa.int/web/gaia-users/archive 
# datatype:
# - 
#   name: solution_id
#   datatype: int64
#   description: Solution Identifier
#   meta:
#     ucd: meta.version
# - 
#   name: source_id
#   datatype: int64
#   description: Unique source identifier
#   meta:
#     ucd: meta.id;meta.main
# - 
#   name: global_ranking
#   datatype: float32
#   description: Number between 0 (worst) and 1 (best)
#   meta:
#     ucd: stat.param
# - 
#   name: reference_time
#   datatype: float64
#   unit: d
#   description: Reference time used for the geometric model fit
#   meta:
#     ucd: time.epoch
# - 
#   name: frequency
#   datatype: float64
#   unit: d**-1
#   description: Frequency of geometric model of the eclipsing binary light curve
#   meta:
#     ucd: src.orbital
# - 
#   name: frequency_error
#   datatype: float32
#   unit: d**-1
#   description: "Uncertainty of \\texttt{frequency}"
#   meta:
#     ucd: stat.error
# - 
#   name: geom_model_reference_level
#   datatype: float32
#   unit: mag
#   description: Magnitude reference level of geometric model
#   meta:
#     ucd: phot.mag;em.opt
# - 
#   name: geom_model_reference_level_error
#   datatype: float32
#   unit: mag
#   description: "Uncertainty of \\texttt{geomModelReferenceLevel}"
#   meta:
#     ucd: stat.error;phot.mag;em.opt
# - 
#   name: geom_model_gaussian1_phase
#   datatype: float32
#   description: Phase of the Gaussian 1 component
#   meta:
#     ucd: time.phase
# - 
#   name: geom_model_gaussian1_phase_error
#   datatype: float32
#   description: "Uncertainty of \\texttt{geomModelGaussian1Phase}"
#   meta:
#     ucd: stat.error;time.phase
# - 
#   name: geom_model_gaussian1_sigma
#   datatype: float32
#   description: "Standard deviation [phase] of Gaussian 1 component"
#   meta:
#     ucd: stat.stdev
# - 
#   name: geom_model_gaussian1_sigma_error
#   datatype: float32
#   description: "Uncertainty of \\texttt{geomModelGaussian1Sigma}"
#   meta:
#     ucd: stat.error
# - 
#   name: geom_model_gaussian1_depth
#   datatype: float32
#   unit: mag
#   description: Magnitude depth of Gaussian 1 component
#   meta:
#     ucd: src.var.amplitude
# - 
#   name: geom_model_gaussian1_depth_error
#   datatype: float32
#   unit: mag
#   description: "Uncertainty of \\texttt{geomModelGaussian1Depth}"
#   meta:
#     ucd: stat.error;src.var.amplitude
# - 
#   name: geom_model_gaussian2_phase
#   datatype: float32
#   description: Phase of Gaussian 2 component
#   meta:
#     ucd: time.phase
# - 
#   name: geom_model_gaussian2_phase_error
#   datatype: float32
#   description: "Uncertainty of \\texttt{geomModelGaussian2Phase}"
#   meta:
#     ucd: stat.error;time.phase
# - 
#   name: geom_model_gaussian2_sigma
#   datatype: float32
[...]
#   datatype: float32
#   description: "Secondary eclipse: uncertainty of \\texttt{derivedSecondaryEclDuration}"
#   meta:
#     ucd: stat.error;time.duration
# - 
#   name: derived_secondary_ecl_depth
#   datatype: float32
#   unit: mag
#   description: "Secondary eclipse: depth"
#   meta:
#     ucd: src.var.amplitude
# - 
#   name: derived_secondary_ecl_depth_error
#   datatype: float32
#   unit: mag
#   description: "Secondary eclipse: uncertainty of \\texttt{derivedSecondaryEclDepth}"
#   meta:
#     ucd: stat.error;src.var.amplitude
solution_id,source_id,global_ranking,reference_time,frequency,frequency_error,geom_model_reference_level,geom_model_reference_level_error,geom_model_gaussian1_phase,geom_model_gaussian1_phase_error,geom_model_gaussian1_sigma,geom_model_gaussian1_sigma_error,geom_model_gaussian1_depth,geom_model_gaussian1_depth_error,geom_model_gaussian2_phase,geom_model_gaussian2_phase_error,geom_model_gaussian2_sigma,geom_model_gaussian2_sigma_error,geom_model_gaussian2_depth,geom_model_gaussian2_depth_error,geom_model_cosine_half_period_amplitude,geom_model_cosine_half_period_amplitude_error,geom_model_cosine_half_period_phase,geom_model_cosine_half_period_phase_error,model_type,num_model_parameters,reduced_chi2,derived_primary_ecl_phase,derived_primary_ecl_phase_error,derived_primary_ecl_duration,derived_primary_ecl_duration_error,derived_primary_ecl_depth,derived_primary_ecl_depth_error,derived_secondary_ecl_phase,derived_secondary_ecl_phase_error,derived_secondary_ecl_duration,derived_secondary_ecl_duration_error,derived_secondary_ecl_depth,derived_secondary_ecl_depth_error
[from data line 186]
375316653866487564,5962666469559979136,0.59595543,2207.816606824887,2.761308385061062,2.6031488E-5,18.080368,0.009973207,0.22387148,0.0015778856,0.08922912,0.003164032,0.2980977,0.010862962,0.7037373,0.006731027,0.08282138,0.0074290554,0.3571108,0.04898793,null,null,null,null,"TWOGAUSSIANS",8,2.914404,0.7037373,0.006731027,0.4,0.0,0.35038388,0.05067995,0.22387148,0.0015778856,0.4,0.0,0.29137063,0.009724096
375316653866487564,5962667367222801280,0.49852237,2196.9430726093083,2.7442891903966338,9.5704076E-5,19.246382,0.018433142,0.27592412,0.030532992,0.08060094,0.032149296,0.29230702,0.054264743,0.7751505,0.005641754,0.07367342,0.011516409,0.3175977,0.019541323,null,null,null,null,"TWOGAUSSIANS",8,3.4976609,0.7751505,0.005641754,0.4,0.025314525,0.31446746,0.019255452,0.27592412,0.030532992,0.4,0.11048997,0.28917676,0.055657353
375316653866487564,5962667603429003648,0.5940797,2231.1025098626405,2.2194729940661553,1.0640755E-5,17.316135,0.020429714,0.21701346,0.0024271384,0.08258438,0.009280543,0.2520218,0.017850714,0.7059811,0.007942991,0.08444142,0.01003083,0.50902057,0.026529925,null,null,null,null,"TWOGAUSSIANS",8,14.520298,0.7059811,0.007942991,0.4,0.0,0.50239784,0.019380655,0.21701346,0.0024271384,0.4,0.0,0.24539906,0.013404286
375316653866487564,5962668020128648832,0.46113604,2251.1885486365823,1.0189627468869027,1.4340259E-4,19.020836,0.03704127,0.30930868,0.01601837,0.106770575,0.024997588,0.28001484,0.038977515,0.87264156,0.016462034,0.089052066,0.029401409,0.14406753,0.037714176,null,null,null,null,"TWOGAUSSIANS",8,5.2361555,0.30930868,0.016003633,0.4,0.0,0.27346328,0.02601805,0.8727816,0.016463416,0.4,0.0,0.13758086,0.028145615
375316653866487564,5962668982201428608,0.5761096,2200.9055895227366,1.7011420636474939,2.0537678E-5,17.262886,0.051010836,0.2870899,0.005098056,0.10875797,0.023517229,0.1495953,0.049985614,0.78723574,0.015537698,0.09994196,0.03367552,0.20859206,0.043923937,null,null,null,null,"TWOGAUSSIANS",8,2.8688555,0.78723574,0.015537698,0.4,0.0,0.1888472,0.0112488065,0.2870899,0.0050429157,0.4,0.0,0.12984428,0.0056987246
375316653866487564,5962669016561152128,0.5373685,2217.639218689703,0.9850314586835732,1.4731668E-5,17.434927,0.01821609,0.43079284,0.060553953,0.04356064,0.06113919,0.22454232,0.22482117,0.8994052,0.0032389413,0.019866144,0.0032472853,0.42945477,0.04657319,null,null,null,null,"TWOGAUSSIANS",8,25.562845,0.8994052,0.0032389413,0.11125041,0.018184798,0.42945477,0.046574604,0.43079284,0.060553953,0.24393958,0.22366002,0.22454232,0.22482172
375316653866487564,5962669154000521088,0.5859865,2236.0265545395087,2.405774457394911,1.021274E-5,17.262297,0.0067085964,0.2763799,0.0030626163,0.04122957,0.020634511,0.12512945,1.109235,0.7777468,0.024041833,0.04292145,0.01650774,0.09460446,0.0509853,0.11995623,0.010370579,0.2763799,0.0030626163,"TWOGAUSSIANS_WITH_ELLIPSOIDAL_ON_ECLIPSE1",9,9.645512,0.2763799,0.0030626163,0.23088558,0.11555327,0.3650417,1.1159071,0.7777468,0.023997635,0.24036013,0.09244334,0.33449903,0.05225694
375316653866487564,5962669188285915648,0.51374894,2196.2080288458324,2.725802445394268,3.3196553E-5,18.867481,0.016787348,0.275021,0.002722952,0.076974705,0.006573403,0.43559265,0.04571703,0.7783517,0.008781916,0.091578625,0.009321175,0.3612135,0.038291384,null,null,null,null,"TWOGAUSSIANS",8,5.475223,0.275021,0.002722952,0.4,0.0,0.42653444,0.0477732,0.7783517,0.008781916,0.4,0.0,0.35215506,0.03921173
375316653866487564,5962669222645817728,0.46748465,2249.7444094006705,2.9007941297977085,2.1243288E-5,18.809736,0.025171606,0.30702364,0.007842501,0.08190349,0.014651668,0.29706037,0.047946367,0.807357,0.01078609,0.08213758,0.014926234,0.2729205,0.049620584,null,null,null,null,"TWOGAUSSIANS",8,6.2871184,0.30702364,0.007842501,0.4,0.0,0.29162335,0.048965145,0.807357,0.01078609,0.4,0.0,0.2674835,0.049910147
375316653866487564,5962669222645834496,0.4565462,2228.952586017999,0.9817627167784754,4.9924438E-5,19.001736,0.008559315,0.3278589,0.16044086,0.051040582,0.05077209,0.16633181,2.72722823E14,0.81762034,0.021594295,0.08849702,0.020546934,0.12545761,0.010988863,null,null,null,null,"TWOGAUSSIANS",8,2.5038185,0.3278589,0.16044086,0.28582725,0.2800267,0.16599898,2.72722823E14,0.81762034,0.021594295,0.4,0.0,0.12512475,0.01118747
375316653866487564,5962669738041818624,0.44053853,2213.7987172763665,0.39944789567527894,3.322311E-5,18.738796,1.1603442,0.1736569,0.02796521,0.15738845,0.06375385,0.8793191,0.8296446,0.65110177,0.036811918,0.23280072,0.15720144,0.94696254,1.1345184,null,null,null,null,"TWOGAUSSIANS",8,5.5769334,0.18602689,0.0129060745,0.4,0.0,0.34063458,0.033828992,0.65110177,0.036811918,0.4,0.0,0.2272346,0.06274227
375316653866487564,5962670047353826176,0.5007916,2227.9522060391573,1.8973595659797189,2.575206E-5,18.79335,0.019624552,0.28158075,0.006898608,0.078773424,0.012398088,0.17664774,0.018543951,0.7906797,0.004192739,0.080557965,0.012962929,0.30140808,0.023935795,null,null,null,null,"TWOGAUSSIANS",8,3.5530367,0.7906797,0.004192739,0.4,0.0,0.2986093,0.025895491,0.28158075,0.006898608,0.4,0.0,0.17384894,0.01592269
375316653866487564,5962670700188955520,0.49625957,2216.5449507170224,0.620848793213621,1.6342003E-4,16.778597,0.0053191,0.38086054,0.0016173116,0.020173404,0.0024373613,0.26303685,0.004110248,0.73462754,0.041236926,0.020189935,0.015727077,0.10291439,0.13786586,0.013193861,0.0074159415,0.73462754,0.041236926,"TWOGAUSSIANS_WITH_ELLIPSOIDAL_ON_ECLIPSE2",9,21.964643,0.38061053,0.0015244005,0.11297107,0.013649223,0.2727716,0.0087544555,0.73462754,0.041236926,0.11306363,0.08807164,0.12930198,0.14277609
375316653866487564,5962670871914762496,0.5152474,2228.5942452419567,3.6604632429637833,2.0690426E-5,19.80525,0.043062896,0.2765993,0.016762752,0.087700486,0.01866787,0.5074599,0.057175715,0.7819551,0.004116086,0.068803996,0.00834337,0.70861286,0.065951586,null,null,null,null,"TWOGAUSSIANS",8,3.3449059,0.7819551,0.004116086,0.38530236,0.044369414,0.7022877,0.06830683,0.2765993,0.016762752,0.4,0.0,0.50113463,0.056321368
375316653866487564,5962671352961457152,0.525224,2346.5058779508795,1.0113881425523987,6.471476E-5,19.63265,0.008298767,0.32876316,0.015733607,0.060297314,0.009942302,0.4408921,0.031834196,0.8326376,0.034844562,0.060256768,0.03161591,0.11590787,0.024879362,null,null,null,null,"TWOGAUSSIANS",8,1.3573112,0.32876316,0.015733607,0.33766496,0.055676885,0.44082028,0.031646043,0.8326376,0.034844562,0.3374379,0.11969688,0.11583606,0.024858914
375316653866487564,5962671387309393536,0.49880153,2285.5342104925494,1.4870794907968508,2.9809898E-5,19.878075,0.021788895,0.25726414,0.011842733,0.06700136,0.013721118,0.31800565,0.038899593,0.7689987,0.010509599,0.07265435,0.011443785,0.37454394,0.05116543,null,null,null,null,"TWOGAUSSIANS",8,1.7754588,0.7689987,0.010509599,0.4,0.03162126,0.3737034,0.05161604,0.25726414,0.011842733,0.3752076,0.07683826,0.3171651,0.038791757
375316653866487564,5962671593468164224,0.60530376,2308.98960185136,2.858257963283954,5.711554E-6,18.794706,0.006516973,0.26660356,0.0077885194,0.06735983,0.005313337,0.6474817,0.051985912,0.7662812,0.002391928,0.056035116,0.00244611,0.6339473,0.03686698,null,null,null,null,"TWOGAUSSIANS",8,2.3708596,0.26660356,0.0077885194,0.37721506,0.029754687,0.6471379,0.051994774,0.7662812,0.002391928,0.31379664,0.013698216,0.6336036,0.03692767
375316653866487564,5962671627828229376,0.4945824,2261.60014194134,0.16580140487693645,3.1403935E-5,19.534367,0.1403363,0.2745143,0.011112163,0.17372414,0.04709584,0.45047942,0.16351037,0.7989947,0.006922263,0.062694676,0.01255966,0.51739824,0.12167692,null,null,null,null,"TWOGAUSSIANS",8,2.2469547,0.79966474,0.0066500334,0.35109016,0.07033409,0.46318117,0.105418794,0.2745143,0.011112163,0.4,0.0,0.38087323,0.07290212
375316653866487564,5962672040144673664,0.4289718,2352.617174551309,1.642255703910516,1.2843954E-5,19.713274,0.005337284,null,null,null,null,null,null,null,null,null,null,null,null,0.10796078,0.0074438266,0.24359357,0.0055922875,"ELLIPSOIDAL",4,1.9074599,null,null,null,null,null,null,null,null,null,null,null,null
375316653866487564,5962672383742833664,0.4749136,2329.6270498053973,1.4231507559509855,2.1548974E-5,19.441175,0.2375698,0.3068758,0.015977273,0.11761114,0.07580859,0.24766682,0.23103993,0.8357656,0.01871826,0.09122575,0.048375063,0.33429745,0.21439065,null,null,null,null,"TWOGAUSSIANS",8,3.9760783,0.8358256,0.017114824,0.4,0.0,0.31186718,0.057377093,0.3068758,0.015974479,0.4,0.0,0.22514574,0.03246815
375316653866487564,5962672452462437888,0.48317996,2282.6504520486933,1.8793818748455082,5.6551195E-5,19.616146,0.031627417,0.2430781,0.009738065,0.067074835,0.0070960135,0.62149215,0.07877385,0.7048022,0.061110653,0.062403977,0.06945347,0.22841707,1.3238977,null,null,null,null,"TWOGAUSSIANS",8,2.1827698,0.2430781,0.009736114,0.37561908,0.036653034,0.62135756,0.08140593,0.7048022,0.061110653,0.34946227,0.22450747,0.22828248,1.3254433
375316653866487564,5962672486895309056,0.4947566,2244.2366837704117,0.3485742342332056,2.7889828E-5,18.225986,0.008115649,0.23165564,0.0039195353,0.054304294,0.0063739256,0.29744056,0.057699192,0.5508768,0.072886236,0.059704017,0.062991105,0.057343524,0.013285729,null,null,null,null,"TWOGAUSSIANS",8,3.640711,0.23165564,0.003885952,0.30410406,0.035693984,0.2974406,0.057712495,0.5508768,0.072886236,0.3343425,0.081210814,0.057343528,0.012788114
375316653866487564,5962672521255090176,0.5301491,2223.584320488492,3.402883115012384,4.436906E-5,18.959515,0.016844016,0.25488666,0.009331287,0.09216726,0.009115817,0.4658968,0.036648944,0.7375888,0.008352419,0.08532509,0.007883977,0.49944884,0.026765414,null,null,null,null,"TWOGAUSSIANS",8,7.6044073,0.7375888,0.008352419,0.4,0.0,0.48568118,0.027756607,0.25488666,0.009331287,0.4,0.0,0.45212862,0.03770951
375316653866487564,5962672555552509184,0.4784176,2264.0558146909616,1.4332966881769378,2.6455262E-5,19.649403,0.015963946,0.24037091,0.018279789,0.10141566,0.02353923,0.17505205,0.06082633,0.743954,0.0055758245,0.07654852,0.0096322885,0.30744103,0.02866015,null,null,null,null,"TWOGAUSSIANS",8,2.739018,0.743954,0.0055750255,0.4,0.0,0.29947934,0.030141462,0.24037091,0.018279789,0.4,0.0,0.16708848,0.06444366
375316653866487564,5962672692981147904,0.44980124,2277.867169414806,0.8632931102734601,8.192314E-5,19.008007,0.34785113,0.2789265,0.017707698,0.11248994,0.03362721,0.26745138,0.16727717,0.8010907,0.0108549325,0.20162639,0.13928184,0.23994452,0.3444114,null,null,null,null,"TWOGAUSSIANS",8,2.1282344,0.2755165,0.013818269,0.4,0.0,0.17286484,0.06515369,0.8012607,0.010643588,0.4,0.0,0.122431085,0.019894285
375316653866487564,5962673242737081344,0.4714028,2330.7324867426187,1.4589507748979647,4.0263894E-5,19.46279,0.3669859,0.26151025,0.011364145,0.10705111,0.037422094,0.3431867,0.2912809,0.7470595,0.008638166,0.13726941,0.089560926,0.37372833,0.32552955,null,null,null,null,"TWOGAUSSIANS",8,2.3179371,0.7470595,0.008638166,0.4,0.0,0.29596588,0.0447478,0.26183027,0.0110344,0.4,0.0,0.26646107,0.02906437
375316653866487564,5962673723773802624,0.56684965,2260.0910107562236,1.3854259449734498,7.1503305E-6,17.46485,0.004084693,0.28332996,0.02094197,0.07234061,0.0133680925,0.1487462,0.015621808,0.7856758,0.0013675927,0.05875617,0.002048786,0.26147863,0.0054195677,null,null,null,null,"TWOGAUSSIANS",8,4.0747476,0.7856758,0.0013675927,0.32903457,0.011473202,0.26123303,0.0053910725,0.28332996,0.02094197,0.4,0.06618845,0.14850062,0.015622201
375316653866487564,5962673998652518272,0.63713944,2214.8953418210804,2.4851909062233126,6.218438E-6,18.174461,0.009745081,0.2885411,0.0018879444,0.033091474,0.0069486946,0.22989003,0.031198688,0.792525,0.010994891,0.034667533,0.010689263,0.2149993,0.046088796,0.16322248,0.01893363,0.2885411,0.0018879444,"TWOGAUSSIANS_WITH_ELLIPSOIDAL_ON_ECLIPSE1",9,3.079385,0.2885411,0.0018879444,0.18531227,0.03891269,0.556335,0.02649026,0.792525,0.010374726,0.19413817,0.059859872,0.54123974,0.042118832
375316653866487564,5962674582768565120,0.478049,2241.18096553242,1.3132922630533912,8.8135996E-5,19.338297,0.015294343,0.24549058,0.009208975,0.07033676,0.013210759,0.21999641,0.032977734,0.72566915,0.117759705,0.084442526,0.07890779,0.11620724,8.664713,null,null,null,null,"TWOGAUSSIANS",8,2.1594846,0.24549058,0.009208975,0.39388585,0.039810386,0.21890588,0.035365045,0.72566915,0.117759705,0.4,0.3111692,0.11511669,8.66602
375316653866487564,5962674857717528960,0.6062319,2248.654529829285,1.110911151640826,8.568094E-5,15.841573,0.0022424043,0.28852853,0.0075531397,0.04218861,0.0029784928,0.5550098,0.073144756,0.9572106,0.017704222,0.005505873,0.011454345,0.01496777,0.03715129,null,null,null,null,"TWOGAUSSIANS",8,15.197072,0.28852853,0.0075531397,0.23625621,0.016679559,0.5550098,0.073144756,0.9572106,0.017704222,0.030832889,0.06414433,0.01496777,0.03715129
375316653866487564,5962676300754832512,0.45656687,2291.346250175126,0.039328332292146446,2.6157859E-5,19.68098,0.04347194,0.1543728,0.0040362277,0.08676077,0.016266584,0.5097323,0.13888568,0.5979108,0.05418579,0.047045894,0.030163856,0.18267871,0.051860753,null,null,null,null,"TWOGAUSSIANS",8,3.009993,0.1543728,0.0040362277,0.4,0.0,0.5096131,0.13914289,0.5979108,0.05418579,0.263457,0.1689176,0.18256055,0.05144105
375316653866487564,5962677778233248512,0.5610245,2291.520469172568,2.526471325236442,1.4389601E-5,19.320625,0.022998497,0.25146538,0.004538152,0.08691522,0.0066942642,0.3979181,0.026867615,0.74867254,0.0065857815,0.08992382,0.0122851655,0.35842752,0.021905381,null,null,null,null,"TWOGAUSSIANS",8,1.0824145,0.25146538,0.004538152,0.4,0.0,0.38467073,0.02084976,0.74867254,0.0065857815,0.4,0.0,0.3451801,0.017875912
375316653866487564,5962677950023794048,0.5363309,2203.1358221359333,2.0957859964141416,1.17216505E-5,16.359457,0.0025667236,0.1499633,0.018806595,0.040547665,0.010264463,0.019171074,0.0041885125,0.44988096,0.007545723,0.07143744,0.0064722407,0.3105027,0.10501293,null,null,null,null,"TWOGAUSSIANS",8,7.0221934,0.44988096,0.007545723,0.4,0.031815026,0.3105027,0.10501294,0.1502033,0.01901889,0.22706692,0.05748099,0.019217594,0.004176441
375316653866487564,5962678499787607424,0.4681914,2248.274119474778,3.3734672205489096,3.601292E-5,19.021454,0.112838514,0.29279307,0.01874034,0.10501164,0.035594866,0.28973377,0.11134988,0.76864356,0.015037196,0.08732079,0.025910204,0.3337623,0.13623044,null,null,null,null,"TWOGAUSSIANS",8,13.967654,0.76864356,0.015037196,0.4,0.0,0.31879464,0.08861645,0.29279307,0.0187365,0.4,0.0,0.274755,0.05357961
375316653866487564,5962678705938470400,0.6092017,2208.542224447666,2.164518823460195,6.93827E-6,17.95245,0.009713182,0.16945378,0.001061099,0.04605462,0.004617689,0.25903997,0.028096912,0.66800827,0.013721446,0.053008087,0.020185197,0.2291917,1.316488,0.16848464,0.01278415,0.16945378,0.001061099,"TWOGAUSSIANS_WITH_ELLIPSOIDAL_ON_ECLIPSE1",9,5.766441,0.16945378,0.001061099,0.25790587,0.025859058,0.5960053,0.029625377,0.6683683,0.013209036,0.2968453,0.1130371,0.56613606,1.3167651
375316653866487564,5962678946457442688,0.503209,2205.5496487555993,0.22083245318302736,4.9986094E-5,19.793602,0.019035235,0.23599958,0.009269357,0.07899288,0.013603085,0.22325502,0.018456424,0.71656895,0.006317651,0.06820926,0.012866923,0.3381947,0.08293906,null,null,null,null,"TWOGAUSSIANS",8,1.1525488,0.71656895,0.006317651,0.38197184,0.05826118,0.33713058,0.08382798,0.23599958,0.009269357,0.4,0.0023576731,0.22219093,0.01592265
375316653866487564,5962679874171835008,0.48663592,2149.1671633983688,1.247738807264061,5.141685E-5,19.546244,0.027368456,0.11720114,0.0017551713,0.023068406,0.0038387978,0.36592937,0.024422906,0.6628976,0.010910398,0.056893453,0.0073217317,0.40429354,0.057696193,null,null,null,null,"TWOGAUSSIANS",8,5.258412,0.6628976,0.010910398,0.31860334,0.041001696,0.40429354,0.057696193,0.11720114,0.0017551713,0.12918307,0.021497268,0.36592937,0.024422906
