Gaia/vari_eclipsing_binary/VariEclipsingBinary_693293-693427.csv
# %ECSV 1.0
# ---
# delimiter: ','
# meta: !!omap
# - RELEASE: Gaia DR3
# - TABLE: vari_eclipsing_binary
# - DESCRIPTION: >
#     This table describes the properties of the eclipsing binaries resulting from the variability analysis. 
# - CITATION: >
#     How to cite and acknowledge Gaia: 
#     https://gea.esac.esa.int/archive/documentation/credits.html 
# - KNOWN_ISSUES: >
#     Known issues: 
#     https://www.cosmos.esa.int/web/gaia-users/known-issues 
# - DOCUMENTATION: >
#     Tutorials and documentation: 
#     https://www.cosmos.esa.int/web/gaia-users/archive 
# datatype:
# - 
#   name: solution_id
#   datatype: int64
#   description: Solution Identifier
#   meta:
#     ucd: meta.version
# - 
#   name: source_id
#   datatype: int64
#   description: Unique source identifier
#   meta:
#     ucd: meta.id;meta.main
# - 
#   name: global_ranking
#   datatype: float32
#   description: Number between 0 (worst) and 1 (best)
#   meta:
#     ucd: stat.param
# - 
#   name: reference_time
#   datatype: float64
#   unit: d
#   description: Reference time used for the geometric model fit
#   meta:
#     ucd: time.epoch
# - 
#   name: frequency
#   datatype: float64
#   unit: d**-1
#   description: Frequency of geometric model of the eclipsing binary light curve
#   meta:
#     ucd: src.orbital
# - 
#   name: frequency_error
#   datatype: float32
#   unit: d**-1
#   description: "Uncertainty of \\texttt{frequency}"
#   meta:
#     ucd: stat.error
# - 
#   name: geom_model_reference_level
#   datatype: float32
#   unit: mag
#   description: Magnitude reference level of geometric model
#   meta:
#     ucd: phot.mag;em.opt
# - 
#   name: geom_model_reference_level_error
#   datatype: float32
#   unit: mag
#   description: "Uncertainty of \\texttt{geomModelReferenceLevel}"
#   meta:
#     ucd: stat.error;phot.mag;em.opt
# - 
#   name: geom_model_gaussian1_phase
#   datatype: float32
#   description: Phase of the Gaussian 1 component
#   meta:
#     ucd: time.phase
# - 
#   name: geom_model_gaussian1_phase_error
#   datatype: float32
#   description: "Uncertainty of \\texttt{geomModelGaussian1Phase}"
#   meta:
#     ucd: stat.error;time.phase
# - 
#   name: geom_model_gaussian1_sigma
#   datatype: float32
#   description: "Standard deviation [phase] of Gaussian 1 component"
#   meta:
#     ucd: stat.stdev
# - 
#   name: geom_model_gaussian1_sigma_error
#   datatype: float32
#   description: "Uncertainty of \\texttt{geomModelGaussian1Sigma}"
#   meta:
#     ucd: stat.error
# - 
#   name: geom_model_gaussian1_depth
#   datatype: float32
#   unit: mag
#   description: Magnitude depth of Gaussian 1 component
#   meta:
#     ucd: src.var.amplitude
# - 
#   name: geom_model_gaussian1_depth_error
#   datatype: float32
#   unit: mag
#   description: "Uncertainty of \\texttt{geomModelGaussian1Depth}"
#   meta:
#     ucd: stat.error;src.var.amplitude
# - 
#   name: geom_model_gaussian2_phase
#   datatype: float32
#   description: Phase of Gaussian 2 component
#   meta:
#     ucd: time.phase
# - 
#   name: geom_model_gaussian2_phase_error
#   datatype: float32
#   description: "Uncertainty of \\texttt{geomModelGaussian2Phase}"
#   meta:
#     ucd: stat.error;time.phase
# - 
#   name: geom_model_gaussian2_sigma
#   datatype: float32
[...]
#   datatype: float32
#   description: "Secondary eclipse: uncertainty of \\texttt{derivedSecondaryEclDuration}"
#   meta:
#     ucd: stat.error;time.duration
# - 
#   name: derived_secondary_ecl_depth
#   datatype: float32
#   unit: mag
#   description: "Secondary eclipse: depth"
#   meta:
#     ucd: src.var.amplitude
# - 
#   name: derived_secondary_ecl_depth_error
#   datatype: float32
#   unit: mag
#   description: "Secondary eclipse: uncertainty of \\texttt{derivedSecondaryEclDepth}"
#   meta:
#     ucd: stat.error;src.var.amplitude
solution_id,source_id,global_ranking,reference_time,frequency,frequency_error,geom_model_reference_level,geom_model_reference_level_error,geom_model_gaussian1_phase,geom_model_gaussian1_phase_error,geom_model_gaussian1_sigma,geom_model_gaussian1_sigma_error,geom_model_gaussian1_depth,geom_model_gaussian1_depth_error,geom_model_gaussian2_phase,geom_model_gaussian2_phase_error,geom_model_gaussian2_sigma,geom_model_gaussian2_sigma_error,geom_model_gaussian2_depth,geom_model_gaussian2_depth_error,geom_model_cosine_half_period_amplitude,geom_model_cosine_half_period_amplitude_error,geom_model_cosine_half_period_phase,geom_model_cosine_half_period_phase_error,model_type,num_model_parameters,reduced_chi2,derived_primary_ecl_phase,derived_primary_ecl_phase_error,derived_primary_ecl_duration,derived_primary_ecl_duration_error,derived_primary_ecl_depth,derived_primary_ecl_depth_error,derived_secondary_ecl_phase,derived_secondary_ecl_phase_error,derived_secondary_ecl_duration,derived_secondary_ecl_duration_error,derived_secondary_ecl_depth,derived_secondary_ecl_depth_error
[from data line 75]
375316653866487564,6098464165709558656,0.58939403,2142.0261489960953,2.807771392291232,2.1160284E-5,16.341469,0.022407152,0.27064255,0.0056944634,0.054085705,0.011260416,0.1941842,0.04875194,0.76091343,0.003682961,0.064040534,0.0080720205,0.22450696,0.048594452,0.047523115,0.026044324,0.76091343,0.003682961,"TWOGAUSSIANS_WITH_ELLIPSOIDAL_ON_ECLIPSE2",9,16.85512,0.76091343,0.003682961,0.35862696,0.045203313,0.31944355,0.014942142,0.26965255,0.0048095533,0.30287996,0.06305833,0.28880197,0.024344211
375316653866487564,6098464539365524992,0.55586845,2149.0009497579495,1.0048511639732798,1.649122E-5,17.445028,0.0053693103,0.22894636,0.0070755268,0.020557476,0.021353899,0.06307294,0.008558236,0.730127,0.003846355,0.03557235,0.0027859972,0.28085148,0.021435076,0.024797823,0.006994919,0.22894636,0.0070755268,"TWOGAUSSIANS_WITH_ELLIPSOIDAL_ON_ECLIPSE1",9,5.814901,0.730127,0.0038354953,0.19920515,0.015601585,0.3304444,0.018516645,0.22894636,0.0070755268,0.11512187,0.119581826,0.11266859,0.0083328225
375316653866487564,6098465127782238848,0.42830637,2154.313897999636,2.6885023779003854,4.6175275E-5,15.622997,0.010875381,null,null,null,null,null,null,null,null,null,null,null,null,0.06538252,0.017271942,0.74498844,0.011369239,"ELLIPSOIDAL",4,393.9285,null,null,null,null,null,null,null,null,null,null,null,null
375316653866487564,6098467051927532288,0.46934447,2151.316741902418,3.3527880560315215,8.386327E-5,17.762844,0.0029555908,0.72698575,0.010445264,0.0069172387,0.008206775,0.05374373,5.0806284E21,null,null,null,null,null,null,0.03746169,0.003914185,0.72698575,0.010445264,"ONEGAUSSIAN_WITH_ELLIPSOIDAL",6,5.302405,0.72698575,0.010445264,0.038736537,0.04595794,0.12866712,5.0806284E21,null,null,null,null,null,null
375316653866487564,6098467081986489600,0.5226996,2137.1599130103045,4.003520075742422,2.742055E-5,19.443033,0.0039578537,0.14738211,0.032221496,0.032032225,0.026695851,0.10732887,0.646723,0.6593857,0.0028111031,0.010017587,8.525369E-4,1.0515183,0.29498687,null,null,null,null,"TWOGAUSSIANS",8,1.1786042,0.6593857,0.0028111031,0.056098487,0.0047742063,1.0515183,0.29498687,0.14738211,0.032221496,0.17938046,0.14949676,0.10732887,0.646723
375316653866487564,6098469555887771520,0.45284912,2161.6310927459544,3.4932818527063914,4.7544858E-5,18.50375,0.020493047,0.2744967,0.004173824,0.0763491,0.010708698,0.1458752,0.018683925,0.73509485,0.02027871,0.12486918,0.0419449,0.0712055,0.019142924,null,null,null,null,"TWOGAUSSIANS",8,3.754401,0.27457672,0.004157247,0.4,0.014520903,0.14109588,0.012683668,0.73509485,0.02027871,0.4,0.0,0.0663407,0.012215692
375316653866487564,6098474645430089984,0.5668434,2115.7600848402785,3.2540188877588623,1.6520655E-5,15.13665,0.016079372,0.2591458,0.002972016,0.10427092,0.007317817,0.31168503,0.01600587,0.76694196,0.0046822736,0.084112264,0.00794652,0.3039107,0.017421804,null,null,null,null,"TWOGAUSSIANS",8,120.30191,0.2591458,0.002972016,0.4,0.0,0.29549444,0.014057362,0.76694196,0.0046822736,0.4,0.0,0.28772682,0.013585717
375316653866487564,6098475229545674368,0.53678674,2119.0286788916546,2.865237366811092,1.9981493E-5,14.4545965,0.04513096,0.31278205,0.011401996,0.10604036,0.021360336,0.35113382,0.04249247,0.816081,0.0057635736,0.10149904,0.01533323,0.32150555,0.043213308,null,null,null,null,"TWOGAUSSIANS",8,414.1544,0.31278205,0.011403165,0.4,0.0,0.31560406,0.013442203,0.816081,0.0057746395,0.4,0.0,0.28598285,0.020669878
375316653866487564,6098476603935192192,0.6193097,2149.4298379391926,1.4421629949116432,1.1279973E-5,13.808151,0.00897353,0.2563656,0.0021177486,0.07786241,0.0022196372,0.56370646,0.014570317,0.771324,0.002254247,0.08063985,0.0043819062,0.2219039,0.009958263,null,null,null,null,"TWOGAUSSIANS",8,205.09354,0.2563656,0.0021177486,0.4,0.0,0.5601692,0.014145927,0.771324,0.002254247,0.4,0.0,0.21836668,0.009340822
375316653866487564,6098477909605313920,0.6040766,2154.352269941009,3.975168819965286,1.2586299E-5,12.151873,0.10183046,0.24873222,0.003910516,0.056962244,0.014134935,0.46038052,0.22888948,0.7521428,0.010957416,0.06415344,0.016895838,0.2770859,0.25884977,0.12212896,0.12935577,0.7521428,0.010957416,"TWOGAUSSIANS_WITH_ELLIPSOIDAL_ON_ECLIPSE2",9,1169.1959,0.24914223,0.0030556798,0.31898856,0.07915564,0.70437706,0.033884414,0.7521428,0.010957416,0.35925925,0.09398478,0.52118117,0.06536266
375316653866487564,6098482646950253440,0.51072735,2173.736215258951,3.484901444395941,2.1585187E-5,18.868273,0.035551496,0.1471805,0.005271372,0.08849192,0.013514838,0.3400174,0.03586782,0.6326375,0.0047938777,0.09362977,0.011977388,0.36412835,0.032505117,null,null,null,null,"TWOGAUSSIANS",8,5.2736535,0.6326375,0.0047938777,0.4,0.0,0.35111493,0.023582641,0.1471805,0.005271372,0.4,0.0,0.3270045,0.03244616
375316653866487564,6098483780821831808,0.575409,2156.644219295555,2.2986780426228495,5.3850895E-6,17.451883,0.008622795,0.19121757,0.0020646444,0.08475156,0.0045521497,0.20598382,0.009907717,0.6815714,0.0023406765,0.0962584,0.006101392,0.18537761,0.007879093,null,null,null,null,"TWOGAUSSIANS",8,1.9528614,0.19121757,0.0020646444,0.4,0.0,0.19860826,0.008350194,0.6815714,0.0023406765,0.4,0.0,0.17800151,0.0059541147
375316653866487564,6098484571095885312,0.5017491,2156.0738696768376,3.386077533882871,2.4605319E-5,18.92116,0.080487736,0.25928822,0.0051805195,0.12160205,0.033515222,0.21524741,0.07640274,0.75569975,0.0077555757,0.10808934,0.027313052,0.26704082,0.07487421,null,null,null,null,"TWOGAUSSIANS",8,2.467918,0.75569975,0.0077555757,0.4,0.0,0.22428605,0.012771072,0.2592982,0.005170055,0.4,0.0,0.17241241,0.009729685
375316653866487564,6098485159510272896,0.67102706,2150.224502078598,3.908367514759377,4.6365813E-6,17.077868,0.013240228,0.2593621,0.0016002809,0.04981016,0.0028550343,0.5342899,0.031634226,0.7580181,0.0016434564,0.048153743,0.0057939384,0.37488383,0.051375397,0.12966183,0.016811775,0.2593621,0.0016002809,"TWOGAUSSIANS_WITH_ELLIPSOIDAL_ON_ECLIPSE1",9,9.633216,0.2593621,0.0016002809,0.2789369,0.015988192,0.79361093,0.012992859,0.7581681,0.0013915831,0.26966095,0.032446057,0.6341885,0.062192056
375316653866487564,6098485777987730560,0.4178826,2166.7285279199846,0.12501764380838434,4.22793E-5,18.990736,0.01768156,null,null,null,null,null,null,null,null,null,null,null,null,0.13965745,0.016624248,0.24999534,0.01585876,"ELLIPSOIDAL",4,13.086536,null,null,null,null,null,null,null,null,null,null,null,null
375316653866487564,6098485979845081728,0.47403646,2169.14555097466,3.230096392881108,1.548021E-5,18.852734,0.010499089,0.29643095,0.012196814,0.06445745,0.013743635,0.10234385,0.029103454,0.7602655,0.0070698084,0.079567894,0.007041104,0.2619333,0.018655155,null,null,null,null,"TWOGAUSSIANS",8,3.8154776,0.7602655,0.0070698084,0.4,0.0,0.2616002,0.018536536,0.29643095,0.012196814,0.3609617,0.07634853,0.10201076,0.029135799
375316653866487564,6098486117284057856,0.63458776,2157.5306035471694,3.359450132465318,9.835339E-6,18.564428,0.010273646,0.23759016,0.0029015709,0.041204464,0.0037430522,0.35387906,0.04053862,0.73962307,0.0030626284,0.04661618,0.0035383443,0.32919464,0.030178374,0.14674081,0.01483663,0.23759016,0.0029015709,"TWOGAUSSIANS_WITH_ELLIPSOIDAL_ON_ECLIPSE1",9,2.3627937,0.23759016,0.0029015709,0.230745,0.020961093,0.64736044,0.021223841,0.73962307,0.0029190918,0.2610506,0.019814728,0.6226281,0.018461669
375316653866487564,6098490450912146176,0.52270895,2140.9957327247985,0.5642660036091806,3.8940416E-5,18.279558,0.0017204169,0.31717062,0.004613535,0.025866644,0.004369867,0.29724267,0.61666805,0.5059021,1.970131E-4,0.0058922316,7.06492E-4,0.1119079,0.037706047,null,null,null,null,"TWOGAUSSIANS",8,0.82182556,0.31717062,0.004613535,0.1448532,0.024471255,0.29724267,0.61666805,0.5059021,1.970131E-4,0.032996498,0.003956355,0.1119079,0.037706047
375316653866487564,6098492993530624640,0.55935794,2144.9428267601484,1.5220189220832507,1.9312203E-5,15.745443,0.0024386202,0.28780857,0.005456282,0.041274965,0.014606128,0.024673002,0.035694264,0.8150922,0.009147017,0.036944557,0.008421581,0.06229495,0.00622926,0.021892007,0.0036483717,0.28780857,0.005456282,"TWOGAUSSIANS_WITH_ELLIPSOIDAL_ON_ECLIPSE1",9,6.141403,0.8150922,0.009147017,0.20688951,0.047160856,0.10480472,0.0032247028,0.28780857,0.005456282,0.23113981,0.081794314,0.068456925,0.035283983
375316653866487564,6098493818166599168,0.51253575,2121.5849826589897,1.5132753395607048,2.6464537E-5,19.561422,0.007509889,0.23375213,0.0045312867,0.02535973,0.0038720716,0.36829314,0.038898904,0.7358428,0.004644144,0.021766558,0.0037918112,0.40595654,0.02010892,null,null,null,null,"TWOGAUSSIANS",8,2.2127757,0.7358428,0.004644144,0.12189273,0.021234144,0.40595654,0.02010892,0.23375213,0.0045312867,0.14201449,0.021683602,0.36829314,0.038898904
375316653866487564,6098500788890487168,0.5981829,2145.69560070207,2.3684324068050477,7.811172E-6,18.069649,0.009624703,0.24036998,0.003694681,0.07909381,0.004938808,0.23896465,0.014414824,0.7263333,0.0031051217,0.094824426,0.004829463,0.35699046,0.010015145,null,null,null,null,"TWOGAUSSIANS",8,2.4251857,0.7263333,0.0031051217,0.4,0.0,0.34948516,0.008097666,0.24036998,0.003694681,0.4,0.0,0.23146018,0.013674936
375316653866487564,6098502094560830976,0.5290217,2146.342485041555,3.7152829008736563,2.8001981E-5,18.665163,0.06652586,0.24099712,0.0059773596,0.08246976,0.018788075,0.3082333,0.05747909,0.72351265,0.014611346,0.108289555,0.030297773,0.27058476,0.07327655,null,null,null,null,"TWOGAUSSIANS",8,5.4098287,0.24100712,0.0059443,0.4,0.0,0.29397812,0.019257585,0.72351265,0.014611346,0.4,0.0,0.2563134,0.04519213
375316653866487564,6098503572029566848,0.6071093,2106.983051975078,1.4441849223185352,7.780202E-6,16.489813,0.011357695,0.3137796,0.0020743872,0.03787778,0.0034339323,0.44044015,0.025171034,0.81623954,0.0029785368,0.03114679,0.0040935595,0.8877163,0.06946378,0.09363343,0.01539951,0.81623954,0.0029785368,"TWOGAUSSIANS_WITH_ELLIPSOIDAL_ON_ECLIPSE2",9,51.46646,0.81623954,0.0029785368,0.17442203,0.022923933,1.0749829,0.07509056,0.3138896,0.001960009,0.21211557,0.019230021,0.6276641,0.02636342
375316653866487564,6098505775353493376,0.49078923,2115.330485527311,3.052105393993212,3.2898315E-5,16.540623,0.039938696,0.3277651,0.005780185,0.13068044,0.021762649,0.16606456,0.040579826,0.820972,0.0042570685,0.11025655,0.017942734,0.17379478,0.038615305,null,null,null,null,"TWOGAUSSIANS",8,12.573324,0.820972,0.0042570685,0.4,0.0,0.13709392,0.005994962,0.32777512,0.005792995,0.4,0.0,0.12915199,0.009595881
375316653866487564,6098505912792451200,0.5877274,2140.316685472492,2.471023157854798,5.9023887E-6,17.287874,0.015537914,0.13713421,0.0022614317,0.052062813,0.006041595,0.23369364,0.036440652,0.63526744,0.0051991898,0.06156671,0.007103693,0.22293562,0.035516135,0.10964919,0.021009525,0.13713421,0.0022614317,"TWOGAUSSIANS_WITH_ELLIPSOIDAL_ON_ECLIPSE1",9,12.026268,0.13713421,0.0022614317,0.29155177,0.03383293,0.45293662,0.012832076,0.6356875,0.0039008225,0.3447736,0.039780684,0.44215527,0.013108258
375316653866487564,6098507385959102592,0.5956265,2143.2253721587917,3.051683026540367,8.672109E-6,16.892553,0.011484875,0.27295443,0.0027156894,0.101811044,0.0056701205,0.28379208,0.010849308,0.77693295,0.0011663168,0.09817432,0.004699528,0.3044442,0.009177157,null,null,null,null,"TWOGAUSSIANS",8,5.255521,0.77693295,0.0011663168,0.4,0.0,0.27991226,0.005661417,0.27295443,0.0027156894,0.4,0.0,0.25925824,0.010412234
375316653866487564,6098510894954918912,0.5920769,2149.160650522382,4.052188178847136,1.8214085E-5,16.592388,0.0018062254,0.24355224,0.009553371,0.07518966,0.008236137,0.12593749,0.017625012,0.7485813,0.0034245027,0.07753234,0.0047977143,0.1333354,0.002936769,null,null,null,null,"TWOGAUSSIANS",8,2.7540228,0.7485813,0.0034245027,0.4,0.0,0.13224094,0.002856975,0.24355224,0.009553371,0.4,0.013221204,0.12484302,0.017881751
375316653866487564,6098514537080451200,0.49799636,2139.348831287721,3.840714087060919,3.9144732E-5,19.687853,0.024349049,0.21940215,0.00564509,0.08470622,0.010376947,0.36296415,0.033489864,0.74447036,0.013571778,0.09845911,0.02039169,0.29235634,0.025063839,null,null,null,null,"TWOGAUSSIANS",8,1.722721,0.21940215,0.0056490116,0.4,0.0,0.3524046,0.0326004,0.74447036,0.013571778,0.4,0.0,0.28179404,0.018993009
375316653866487564,6098514567145217792,0.50318295,2123.852694385855,0.9362315774449111,3.3389128E-6,18.53127,0.02162279,0.38635024,0.02513053,0.19322503,0.074874334,0.06261276,0.01910168,0.7194497,2.423415E-6,5.1953073E-4,1.2401459E-5,0.3216661,0.0046298085,null,null,null,null,"TWOGAUSSIANS",8,1.8076841,0.7194497,2.423415E-6,0.0029093723,6.944817E-5,0.33159494,0.008339667,0.38635024,0.02513053,0.4,0.0,0.05821055,0.009726835
375316653866487564,6098521026776146560,0.6164587,2122.1360692920503,2.692577955028206,5.3461386E-6,18.212692,0.0027996907,0.18201779,0.0018195101,0.07807131,0.0019907604,0.5431129,0.011158293,0.6832902,0.001990914,0.07144172,0.0018873687,0.49418896,0.011067433,null,null,null,null,"TWOGAUSSIANS",8,2.0394394,0.18201779,0.0018195101,0.4,0.0,0.53935367,0.011419356,0.6832902,0.001990914,0.4,0.0067521688,0.49042973,0.011203981
375316653866487564,6098526593049985664,0.564048,2087.666713910262,3.6212861723305627,1.10209E-5,19.920593,0.018906891,0.30540028,0.007514085,0.067324534,0.0065741627,0.7042428,0.07748779,0.79961,0.003151127,0.06473357,0.0041744616,0.6890334,0.036430683,null,null,null,null,"TWOGAUSSIANS",8,1.3718246,0.30540028,0.007514085,0.37701738,0.0332755,0.70333356,0.07748456,0.79961,0.003151127,0.362508,0.023376985,0.6881241,0.03667634
375316653866487564,6098527903027165440,0.51875687,2116.2301482040884,1.8601141340732015,4.0664887E-5,18.421543,0.0047634006,0.16344067,0.004738978,0.033534773,0.0073163775,0.031688545,0.010905709,0.7741154,0.012514947,0.04912713,0.0050370204,0.34061188,0.056345798,null,null,null,null,"TWOGAUSSIANS",8,2.1850462,0.7741154,0.012514947,0.27511194,0.028207313,0.34061188,0.056345798,0.16344067,0.004738978,0.18779473,0.040971715,0.031688545,0.010905709
375316653866487564,6098528796378683392,0.519806,2115.8078416605586,0.8816024000904116,5.0519986E-5,12.913742,0.0045398963,0.48652673,0.0051094657,0.020961154,0.008500988,0.63104624,6.510466,0.8490791,0.022538204,0.022654189,0.027322354,0.03912696,2.1661712E25,0.0056248563,0.0069207675,0.8490791,0.022538204,"TWOGAUSSIANS_WITH_ELLIPSOIDAL_ON_ECLIPSE2",9,211.67873,0.48647675,0.0050670197,0.11738246,0.047605533,0.63579655,6.510582,0.8490791,0.022538204,0.12686346,0.15300518,0.050376672,2.1661712E25
375316653866487564,6098529483573301632,0.6372956,2124.359458254225,0.3485621167646743,1.0743701E-5,15.962448,0.0030559464,0.31641954,7.487899E-4,0.025915442,9.5998985E-4,1.6615815,0.23557657,null,null,null,null,null,null,0.034531526,0.0055413865,0.31641954,7.487899E-4,"ONEGAUSSIAN_WITH_ELLIPSOIDAL",6,28.578035,0.31641954,7.487899E-4,0.14512648,0.005375943,1.7306445,0.23753445,null,null,null,null,null,null
375316653866487564,6098529616707014144,0.5872196,2126.3746936954294,3.6838853018963573,8.304121E-6,19.032766,0.0067990213,0.23896967,0.0036935376,0.07689701,0.0041714944,0.4682626,0.014318917,0.7343944,0.0025085295,0.0799611,0.0028607459,0.53149074,0.02141361,null,null,null,null,"TWOGAUSSIANS",8,1.7540761,0.7343944,0.0025085295,0.4,0.0,0.52583486,0.021707455,0.23896967,0.0036935376,0.4,0.0,0.46260673,0.014383643
375316653866487564,6098530097743416192,0.53282315,2117.6107693526246,3.324764965040271,1.0715267E-5,17.042915,0.028804453,0.27923506,0.006833486,0.103703946,0.012604662,0.30189514,0.02956574,0.76205623,0.0028476387,0.10395898,0.009403787,0.24302736,0.02783298,null,null,null,null,"TWOGAUSSIANS",8,14.494851,0.27924508,0.006844542,0.4,0.0,0.27755645,0.018483361,0.76205623,0.0028476387,0.4,0.0,0.21868972,0.011966008
