Gaia/vari_eclipsing_binary/VariEclipsingBinary_487795-487846.csv
# %ECSV 1.0
# ---
# delimiter: ','
# meta: !!omap
# - RELEASE: Gaia DR3
# - TABLE: vari_eclipsing_binary
# - DESCRIPTION: >
#     This table describes the properties of the eclipsing binaries resulting from the variability analysis. 
# - CITATION: >
#     How to cite and acknowledge Gaia: 
#     https://gea.esac.esa.int/archive/documentation/credits.html 
# - KNOWN_ISSUES: >
#     Known issues: 
#     https://www.cosmos.esa.int/web/gaia-users/known-issues 
# - DOCUMENTATION: >
#     Tutorials and documentation: 
#     https://www.cosmos.esa.int/web/gaia-users/archive 
# datatype:
# - 
#   name: solution_id
#   datatype: int64
#   description: Solution Identifier
#   meta:
#     ucd: meta.version
# - 
#   name: source_id
#   datatype: int64
#   description: Unique source identifier
#   meta:
#     ucd: meta.id;meta.main
# - 
#   name: global_ranking
#   datatype: float32
#   description: Number between 0 (worst) and 1 (best)
#   meta:
#     ucd: stat.param
# - 
#   name: reference_time
#   datatype: float64
#   unit: d
#   description: Reference time used for the geometric model fit
#   meta:
#     ucd: time.epoch
# - 
#   name: frequency
#   datatype: float64
#   unit: d**-1
#   description: Frequency of geometric model of the eclipsing binary light curve
#   meta:
#     ucd: src.orbital
# - 
#   name: frequency_error
#   datatype: float32
#   unit: d**-1
#   description: "Uncertainty of \\texttt{frequency}"
#   meta:
#     ucd: stat.error
# - 
#   name: geom_model_reference_level
#   datatype: float32
#   unit: mag
#   description: Magnitude reference level of geometric model
#   meta:
#     ucd: phot.mag;em.opt
# - 
#   name: geom_model_reference_level_error
#   datatype: float32
#   unit: mag
#   description: "Uncertainty of \\texttt{geomModelReferenceLevel}"
#   meta:
#     ucd: stat.error;phot.mag;em.opt
# - 
#   name: geom_model_gaussian1_phase
#   datatype: float32
#   description: Phase of the Gaussian 1 component
#   meta:
#     ucd: time.phase
# - 
#   name: geom_model_gaussian1_phase_error
#   datatype: float32
#   description: "Uncertainty of \\texttt{geomModelGaussian1Phase}"
#   meta:
#     ucd: stat.error;time.phase
# - 
#   name: geom_model_gaussian1_sigma
#   datatype: float32
#   description: "Standard deviation [phase] of Gaussian 1 component"
#   meta:
#     ucd: stat.stdev
# - 
#   name: geom_model_gaussian1_sigma_error
#   datatype: float32
#   description: "Uncertainty of \\texttt{geomModelGaussian1Sigma}"
#   meta:
#     ucd: stat.error
# - 
#   name: geom_model_gaussian1_depth
#   datatype: float32
#   unit: mag
#   description: Magnitude depth of Gaussian 1 component
#   meta:
#     ucd: src.var.amplitude
# - 
#   name: geom_model_gaussian1_depth_error
#   datatype: float32
#   unit: mag
#   description: "Uncertainty of \\texttt{geomModelGaussian1Depth}"
#   meta:
#     ucd: stat.error;src.var.amplitude
# - 
#   name: geom_model_gaussian2_phase
#   datatype: float32
#   description: Phase of Gaussian 2 component
#   meta:
#     ucd: time.phase
# - 
#   name: geom_model_gaussian2_phase_error
#   datatype: float32
#   description: "Uncertainty of \\texttt{geomModelGaussian2Phase}"
#   meta:
#     ucd: stat.error;time.phase
# - 
#   name: geom_model_gaussian2_sigma
#   datatype: float32
[...]
#   datatype: float32
#   description: "Secondary eclipse: uncertainty of \\texttt{derivedSecondaryEclDuration}"
#   meta:
#     ucd: stat.error;time.duration
# - 
#   name: derived_secondary_ecl_depth
#   datatype: float32
#   unit: mag
#   description: "Secondary eclipse: depth"
#   meta:
#     ucd: src.var.amplitude
# - 
#   name: derived_secondary_ecl_depth_error
#   datatype: float32
#   unit: mag
#   description: "Secondary eclipse: uncertainty of \\texttt{derivedSecondaryEclDepth}"
#   meta:
#     ucd: stat.error;src.var.amplitude
solution_id,source_id,global_ranking,reference_time,frequency,frequency_error,geom_model_reference_level,geom_model_reference_level_error,geom_model_gaussian1_phase,geom_model_gaussian1_phase_error,geom_model_gaussian1_sigma,geom_model_gaussian1_sigma_error,geom_model_gaussian1_depth,geom_model_gaussian1_depth_error,geom_model_gaussian2_phase,geom_model_gaussian2_phase_error,geom_model_gaussian2_sigma,geom_model_gaussian2_sigma_error,geom_model_gaussian2_depth,geom_model_gaussian2_depth_error,geom_model_cosine_half_period_amplitude,geom_model_cosine_half_period_amplitude_error,geom_model_cosine_half_period_phase,geom_model_cosine_half_period_phase_error,model_type,num_model_parameters,reduced_chi2,derived_primary_ecl_phase,derived_primary_ecl_phase_error,derived_primary_ecl_duration,derived_primary_ecl_duration_error,derived_primary_ecl_depth,derived_primary_ecl_depth_error,derived_secondary_ecl_phase,derived_secondary_ecl_phase_error,derived_secondary_ecl_duration,derived_secondary_ecl_duration_error,derived_secondary_ecl_depth,derived_secondary_ecl_depth_error
[from data line 37]
375316653866487564,4290735658017103616,0.66157264,2111.580383765468,2.719855134047143,3.849678E-6,17.241436,0.009697894,0.2435726,0.0012273963,0.05238519,0.002608507,0.42906782,0.022204611,0.7452413,0.0014750161,0.04946455,0.0030807122,0.3144049,0.021127578,0.10444836,0.012476781,0.2435726,0.0012273963,"TWOGAUSSIANS_WITH_ELLIPSOIDAL_ON_ECLIPSE1",9,6.0644517,0.2435726,0.0012273963,0.29335704,0.014607638,0.6379588,0.01196082,0.7452413,0.0014750161,0.27700147,0.017251989,0.523273,0.0061852075
375316653866487564,4290736448290952448,0.43642718,2115.3585695600386,1.765592124191114,7.204371E-5,19.624342,0.039389655,0.4793528,0.019453952,0.1498689,0.03505579,0.33369872,0.059763454,0.86053574,0.00219739,0.013994398,0.003142277,0.23879328,0.05985968,null,null,null,null,"TWOGAUSSIANS",8,6.834216,0.4793528,0.019453952,0.4,0.0,0.3311435,0.06118745,0.86053574,0.00219739,0.07836863,0.017596751,0.24944468,0.06194277
375316653866487564,4290736585729925504,0.5811574,2099.657245448857,2.758223205215476,9.418937E-6,16.99437,0.014098568,0.31181815,0.0050784457,0.048335508,0.009574363,0.23819779,0.05272267,0.80205864,0.0076124114,0.053675726,0.006443455,0.2619821,0.037707966,0.09650611,0.016265532,0.31181815,0.0050784457,"TWOGAUSSIANS_WITH_ELLIPSOIDAL_ON_ECLIPSE1",9,17.52273,0.80345863,0.0061179046,0.30058408,0.036083348,0.45437032,0.016172895,0.31181815,0.0050784457,0.27067885,0.053616434,0.43120706,0.055154804
375316653866487564,4290736959377116160,0.460238,2090.2947730323976,4.7133624666499365,1.0938554E-5,19.619541,0.007833217,0.23762225,0.002192357,0.040535692,0.0038455974,0.4688853,0.23468891,0.4865536,0.050033864,0.022310102,0.02645557,0.05933436,0.051511277,null,null,null,null,"TWOGAUSSIANS",8,2.8801043,0.23762225,0.002192357,0.22699988,0.021535344,0.4688853,0.23468891,0.4865536,0.050033864,0.12493657,0.1481512,0.059334364,0.051511273
375316653866487564,4290737169845473792,0.6176429,2083.326396023803,2.218711643045138,8.061301E-6,16.127344,0.017932868,0.23896265,0.00398783,0.058826853,0.005064045,0.54455155,0.04696577,0.7383266,0.004168852,0.051624533,0.0060737883,0.29394415,0.044647787,0.08617111,0.024959378,0.23896265,0.00398783,"TWOGAUSSIANS_WITH_ELLIPSOIDAL_ON_ECLIPSE1",9,43.884125,0.23896265,0.00398783,0.32943037,0.028358653,0.71682644,0.026148733,0.7383966,0.0039722654,0.28909737,0.03401321,0.46621662,0.025313744
375316653866487564,4290738265047658112,0.5697383,2068.023475999346,3.0929416816918174,6.4470637E-6,18.586393,0.0064804903,0.30105448,0.0016994068,0.0732451,0.004089268,0.5259594,0.042058386,0.80151635,0.001977989,0.066773385,0.0033840272,0.47719994,0.026625918,null,null,null,null,"TWOGAUSSIANS",8,2.5976398,0.30105448,0.0016994068,0.4,0.0,0.5242716,0.04268408,0.80151635,0.001977989,0.37393096,0.018950552,0.4755122,0.027053291
375316653866487564,4290738578594881792,0.6014329,2107.9518696980927,0.3413446609827178,5.502631E-5,16.307844,0.0014974633,0.16662462,0.039191782,0.011809837,0.010745637,0.038066648,16.351583,0.65741944,0.04155718,0.026536059,0.01802499,0.44431368,0.24379145,null,null,null,null,"TWOGAUSSIANS",8,8.24766,0.65741944,0.04155718,0.14860192,0.100939944,0.44431368,0.24379145,0.16662462,0.039191782,0.066135086,0.060175568,0.038066648,16.351583
375316653866487564,4290740537100135168,0.6043919,2100.767242970383,1.8824581147026125,8.726361E-6,15.595888,0.009045175,0.18965548,0.0027709787,0.09864729,0.0046428917,0.24809065,0.009080151,0.69193894,0.0013336282,0.112422846,0.004907876,0.20250127,0.008516841,null,null,null,null,"TWOGAUSSIANS",8,9.778275,0.18965548,0.0027709787,0.4,0.0,0.22200382,0.0052161696,0.69193894,0.0013336282,0.4,0.0,0.17639515,0.0034300801
375316653866487564,4290741018124951936,0.526129,2116.097743359744,2.4660212930717043,1.2783994E-5,17.84883,0.020987613,0.23483911,0.011355138,0.10318559,0.012128178,0.35020912,0.029536406,0.73833644,0.0024496424,0.090517186,0.006205821,0.37469995,0.019322367,null,null,null,null,"TWOGAUSSIANS",8,11.128488,0.73833644,0.0024496424,0.4,0.0,0.3501231,0.010894398,0.23483911,0.011355138,0.4,0.0,0.32562682,0.020066733
375316653866487564,4290741464812951552,0.6144294,2098.3872213269046,1.6615161954935205,4.5219253E-6,14.814842,0.02245968,0.28129643,0.017715503,0.059207365,0.027842704,0.102142915,0.03454359,0.7701524,0.0022841033,0.06598054,0.0110033145,0.14537407,0.046957843,0.075290516,0.023872433,0.7701524,0.0022841033,"TWOGAUSSIANS_WITH_ELLIPSOIDAL_ON_ECLIPSE2",9,31.91465,0.7701524,0.0022841033,0.369491,0.06124703,0.2958386,0.017107842,0.27806643,0.014734086,0.33156124,0.15591915,0.25208354,0.022370199
375316653866487564,4290741670971462272,0.5632437,2094.3894364959115,0.19554534492313994,1.1216476E-5,16.877665,0.0026023025,0.38589776,8.543964E-4,0.01384554,7.0272636E-4,0.34625503,0.013292881,null,null,null,null,null,null,null,null,null,null,"ONEGAUSSIAN",5,7.96978,0.38589776,8.543964E-4,0.07753502,0.0039352677,0.34625503,0.0,null,null,null,null,null,null
375316653866487564,4290742422576226560,0.55774146,2094.0923708764594,2.9716280478976533,1.1575669E-5,18.6134,0.013850454,0.22182696,0.004349124,0.09212147,0.006629457,0.38221967,0.014193887,0.72582626,0.0028180212,0.08478121,0.0047879983,0.41021633,0.021792572,null,null,null,null,"TWOGAUSSIANS",8,3.342895,0.72582626,0.0028180212,0.4,0.0,0.39657277,0.020583425,0.22182696,0.004349124,0.4,0.0,0.3685758,0.0110856285
375316653866487564,4290742594376921728,0.49193677,2080.902349444766,0.027128810441269652,4.130711E-5,18.671658,0.0031444589,0.40373665,0.010934358,0.022905434,0.011683593,0.067591585,0.0483738,0.7660578,0.011150228,0.04242306,0.00618137,0.36531767,0.13468412,null,null,null,null,"TWOGAUSSIANS",8,1.4264486,0.7660578,0.011150228,0.23756912,0.034615673,0.36531767,0.13468412,0.40373665,0.010934358,0.12827042,0.065428115,0.067591585,0.0483738
375316653866487564,4290744518520333312,0.61774355,2039.2841235308542,0.5877286744265512,4.2665447E-6,18.431076,0.0040771617,0.22518618,0.008562103,0.016418766,0.004348779,0.87628275,0.063314706,0.7326844,0.0027987105,0.021140527,0.0013818627,0.4032873,0.033734303,null,null,null,null,"TWOGAUSSIANS",8,3.0374148,0.22518618,0.008562103,0.09194509,0.024353161,0.87628275,0.063314706,0.7326844,0.0027987105,0.118386954,0.007738431,0.4032873,0.033734303
375316653866487564,4290746202149347584,0.62811744,2138.85301980972,1.3363094678735437,7.933349E-6,16.15583,0.0092659285,0.26087815,0.0021649825,0.09156529,0.0046606115,0.23616551,0.00898035,0.7569124,0.002431382,0.11806803,0.007581476,0.15053344,0.008634844,null,null,null,null,"TWOGAUSSIANS",8,4.1793003,0.26088813,0.0021647916,0.4,0.0,0.216242,0.0058619524,0.7569124,0.002431382,0.4,0.0,0.13057132,0.003480995
375316653866487564,4290746687493153536,0.5940185,2060.9353122860107,2.464705462749452,1.0111017E-5,15.784679,0.016048009,0.29664612,0.0011991651,0.049420428,0.0064405543,0.3451896,0.022317639,0.7970497,0.0041488116,0.04783281,0.0058120186,0.34144565,0.044168096,0.13212082,0.020677151,0.29664612,0.0011991651,"TWOGAUSSIANS_WITH_ELLIPSOIDAL_ON_ECLIPSE1",9,59.337666,0.29664612,0.0011991651,0.2767544,0.036067102,0.6094298,0.04221825,0.7970497,0.0038750605,0.26786375,0.032547306,0.60568416,0.03594241
375316653866487564,4290750600194804608,0.5188056,2099.17057354363,3.1653627565789098,1.8003719E-5,17.563774,0.010809626,0.20892967,0.019771246,0.043602005,0.010940592,0.14049827,0.043360848,0.6893266,0.0066372002,0.06825161,0.01314165,0.08032255,0.024512509,0.081734486,0.014255283,0.6893266,0.0066372002,"TWOGAUSSIANS_WITH_ELLIPSOIDAL_ON_ECLIPSE2",9,16.964954,0.20602967,0.017990481,0.24417123,0.061267313,0.30176565,0.039155673,0.6893266,0.0066372002,0.38220903,0.06479922,0.24369425,0.012238007
375316653866487564,4290752528648920704,0.50896764,2088.9694743821115,3.0154299456154434,4.7148475E-5,19.078863,0.019117622,0.22380884,0.013238111,0.102236204,0.019227978,0.23412544,0.01856334,0.73678505,0.009557141,0.07895796,0.011175942,0.24771532,0.02508914,null,null,null,null,"TWOGAUSSIANS",8,3.1166737,0.73678505,0.009556535,0.4,0.0,0.23908176,0.0217267,0.22380884,0.013238111,0.4,0.0,0.2254883,0.012810468
375316653866487564,4290754693315316608,0.62767994,2100.5303773681953,3.578092668484352,2.1759779E-5,18.38579,0.013179276,0.23788384,0.0015957006,0.042332,0.0026418853,0.48344788,0.031622935,0.7336254,0.014904156,0.047138803,0.011832945,0.56835693,0.03309795,0.12612073,0.019099625,0.23788384,0.0015957006,"TWOGAUSSIANS_WITH_ELLIPSOIDAL_ON_ECLIPSE1",9,4.504937,0.7339354,0.014179845,0.2639773,0.06626449,0.8204305,0.019475438,0.23788384,0.0015957006,0.2370592,0.014794558,0.735689,0.013185951
375316653866487564,4290755346137241600,0.51386905,2062.5021686987056,2.705856569738886,1.9360166E-5,18.173752,0.011149661,0.25643402,0.005713265,0.088112265,0.007312798,0.19284482,0.016255913,0.7437107,0.00545736,0.09699898,0.009812535,0.17838009,0.012506201,null,null,null,null,"TWOGAUSSIANS",8,4.4329643,0.25643402,0.005713265,0.4,0.0,0.18486881,0.014224076,0.7437107,0.00545736,0.4,0.0,0.17040339,0.011127897
375316653866487564,4290756411302286080,0.508237,2027.7049505463688,0.8507631610476442,8.144323E-5,19.025345,0.02690537,0.40632942,0.0045228694,0.01653282,0.0036930174,0.59778035,0.6194799,0.52785313,0.023031298,0.17317553,0.09793217,0.04733211,0.025253955,null,null,null,null,"TWOGAUSSIANS",8,1.0367749,0.40639943,0.0045443107,0.09258379,0.020680899,0.633322,0.6224814,0.52785313,0.023031298,0.4,0.0,0.045866538,0.01646808
375316653866487564,4290756926685526400,0.46706352,2030.9447990190906,3.681430055483531,3.53819E-5,19.76616,0.021423534,0.16875225,0.0053691124,0.06744637,0.018416122,0.38247126,0.11344887,0.69092304,0.015535642,0.06438417,0.025499089,0.3679254,1.2744008,null,null,null,null,"TWOGAUSSIANS",8,2.717462,0.16875225,0.0053691124,0.37769967,0.049148083,0.38217708,0.11475916,0.69092304,0.015535642,0.36055136,0.14279489,0.36763123,1.274727
375316653866487564,4290758193693640576,0.5166206,2076.145107189789,3.5717252563461526,2.4321556E-5,18.434576,0.010840971,0.20539494,0.008785141,0.08748576,0.00998459,0.18878898,0.017845036,0.6835807,0.0052835126,0.09659071,0.008841928,0.18959045,0.01041066,null,null,null,null,"TWOGAUSSIANS",8,3.3022957,0.6835807,0.0052835126,0.4,0.0,0.18279202,0.0076798913,0.20539494,0.008785141,0.4,0.0,0.18199147,0.01852766
375316653866487564,4290758782111504000,0.49317142,2034.3311411906259,3.5648597716750094,2.866275E-5,19.39,0.025422962,0.2555803,0.0067477603,0.08646003,0.01193928,0.35223752,0.031659573,0.71671695,0.018622292,0.07162236,0.022787414,0.31091183,0.1944325,null,null,null,null,"TWOGAUSSIANS",8,3.5660589,0.2555803,0.0067477603,0.4,0.0,0.35025027,0.03134228,0.71671695,0.018622292,0.4,0.11516772,0.30892482,0.19592756
375316653866487564,4290759812913891584,0.60762846,2075.3723566740514,2.291290169261857,3.905691E-6,16.318237,0.0071013644,0.23974249,0.0018572952,0.09600312,0.0033477803,0.28131816,0.0079981955,0.7307094,0.0017519703,0.096612215,0.0024841742,0.41766894,0.0077526756,null,null,null,null,"TWOGAUSSIANS",8,9.123248,0.7307094,0.0017519703,0.4,0.0,0.3968547,0.00576455,0.23974249,0.0018572952,0.4,0.0,0.26050454,0.007083999
375316653866487564,4290760843695017984,0.607202,2070.308206715695,1.0525509706201805,3.685165E-6,14.7981615,0.0075311027,0.16469344,0.0011310385,0.10357216,0.0040940302,0.18044902,0.0069101565,0.6680304,0.0019736316,0.11207495,0.0055741784,0.1526733,0.006988839,null,null,null,null,"TWOGAUSSIANS",8,8.118454,0.16469344,0.0011393505,0.4,0.0,0.15880738,0.0035050297,0.6680304,0.0019736316,0.4,0.0,0.13102017,0.003876526
375316653866487564,4290762389893992576,0.581135,2074.6752263296894,3.072107948274922,1.2851314E-5,15.505067,0.084950365,0.31468034,0.0059956843,0.055530023,0.030671531,0.24945578,0.13640407,0.80638003,0.01428291,0.057119347,0.028293688,0.15795588,0.1787298,0.08093445,0.091180384,0.31468034,0.0059956843,"TWOGAUSSIANS_WITH_ELLIPSOIDAL_ON_ECLIPSE1",9,89.547905,0.31468034,0.0059956843,0.31096813,0.13935962,0.41130796,0.052278947,0.80811006,0.010709049,0.31986833,0.13121362,0.31945994,0.015827283
375316653866487564,4290762557383856000,0.4583559,2017.968343114049,3.5881237590492816,4.2763106E-5,17.538181,0.08708407,0.28970587,0.013702399,0.12585485,0.039531853,0.15169325,0.07879879,0.82873166,0.02222044,0.12284155,0.06701336,0.09515994,0.08542478,null,null,null,null,"TWOGAUSSIANS",8,11.864353,0.28946587,0.012578022,0.4,0.0,0.1289281,0.019027296,0.82952166,0.021351488,0.4,0.0,0.07250789,0.022678498
375316653866487564,4290763523768089216,0.42198145,2065.5953792531586,3.9909867356372453,5.210496E-5,19.389524,0.051389225,0.52858126,0.01318508,0.15435061,0.026299471,0.52958596,0.061043087,0.93068486,0.0072570597,0.022206025,0.010887639,0.6041253,4.0253143,null,null,null,null,"TWOGAUSSIANS",8,13.4606495,0.93068486,0.0072570597,0.124353744,0.060970776,0.61660457,4.0239654,0.52858126,0.01318508,0.4,0.0,0.52398115,0.061604656
375316653866487564,4290764451478319488,0.5650999,2060.8093963957676,3.4331791762391393,5.1047004E-6,18.918608,0.0046324464,0.17869146,0.0064234436,0.06979694,0.004941474,0.6079375,0.046474427,0.67977643,0.0020230024,0.067142315,0.0026628708,0.45746458,0.012406263,null,null,null,null,"TWOGAUSSIANS",8,1.6791208,0.17869146,0.0064234436,0.39086288,0.014296469,0.60662985,0.046869922,0.67977643,0.0020230024,0.37599698,0.014912076,0.45615694,0.0125110205
375316653866487564,4290764520197825152,0.4741451,2074.080333356129,2.6193625483058534,3.0049101E-5,15.907655,0.01695399,0.29759505,0.0085332915,0.1017031,0.022261117,0.096087925,0.015851762,0.7832031,0.007034186,0.1102153,0.017794052,0.098020434,0.01659115,null,null,null,null,"TWOGAUSSIANS",8,23.238974,0.7832031,0.007034186,0.4,0.0,0.08782625,0.0049946215,0.29761505,0.008550801,0.4,0.0,0.0859002,0.0053987755
375316653866487564,4290766817991756160,0.48426503,2064.26190294795,1.9031810754794087,6.753264E-5,18.350256,0.006629432,0.3188725,0.019652022,0.091917574,0.015431818,0.06069872,0.008175819,0.8020882,0.008175376,0.046700854,0.014103812,0.122504726,0.014796259,null,null,null,null,"TWOGAUSSIANS",8,2.2054832,0.8020882,0.008175376,0.26152477,0.07898135,0.12236723,0.014933366,0.3188725,0.019652022,0.4,0.0,0.060561158,0.0078498395
375316653866487564,4290767024153238528,0.46865672,2008.4141358926888,3.8469155734725518,2.9247587E-5,19.202724,0.012238802,0.22514358,0.011508286,0.116563864,0.012299485,0.17444284,0.02430539,0.6779522,0.008184633,0.07431988,0.0101999445,0.20264827,0.019130122,null,null,null,null,"TWOGAUSSIANS",8,2.7169201,0.6779522,0.008184633,0.4,0.0073704896,0.19684982,0.018430963,0.22514358,0.011508286,0.4,0.0,0.16854931,0.024290806
375316653866487564,4290768608997364864,0.4850768,2091.4787269709923,0.17253269782443933,2.116432E-5,19.242699,0.00969627,0.32263398,0.010637427,0.039331682,0.010512922,0.11238609,0.0645721,0.6508114,0.0796608,0.03361681,0.024634281,0.54830146,0.58901894,null,null,null,null,"TWOGAUSSIANS",8,3.0064578,0.6508114,0.0796608,0.18825415,0.13795197,0.54830146,0.58901894,0.32263398,0.010637427,0.22025742,0.05887236,0.11238609,0.0645721
375316653866487564,4290769296201720832,0.52381253,2040.1832928380834,2.850238943223276,2.048891E-5,16.698221,0.012537196,0.24411315,0.0037920335,0.07157232,0.0051089665,0.2488135,0.019875873,0.724398,0.0057809595,0.09573891,0.010983984,0.3735116,0.020645596,null,null,null,null,"TWOGAUSSIANS",8,47.456573,0.724398,0.0057809595,0.4,0.0,0.36852223,0.02234438,0.24411315,0.0037920335,0.4,0.015388675,0.24382555,0.01873214
375316653866487564,4290770941159908736,0.59838647,2080.470216113322,3.050945948659966,9.077327E-6,18.921442,0.007962258,0.21112153,0.0026157103,0.07542877,0.0050126347,0.46484137,0.043412056,0.7123201,0.002369469,0.07301236,0.0032635897,0.6310189,0.017000211,null,null,null,null,"TWOGAUSSIANS",8,1.6709012,0.7123201,0.002369469,0.4,0.0,0.6274091,0.017312592,0.21112153,0.0026157103,0.4,0.0,0.46123156,0.04461185
