Gaia/vari_eclipsing_binary/VariEclipsingBinary_688290-688317.csv
# %ECSV 1.0
# ---
# delimiter: ','
# meta: !!omap
# - RELEASE: Gaia DR3
# - TABLE: vari_eclipsing_binary
# - DESCRIPTION: >
#     This table describes the properties of the eclipsing binaries resulting from the variability analysis. 
# - CITATION: >
#     How to cite and acknowledge Gaia: 
#     https://gea.esac.esa.int/archive/documentation/credits.html 
# - KNOWN_ISSUES: >
#     Known issues: 
#     https://www.cosmos.esa.int/web/gaia-users/known-issues 
# - DOCUMENTATION: >
#     Tutorials and documentation: 
#     https://www.cosmos.esa.int/web/gaia-users/archive 
# datatype:
# - 
#   name: solution_id
#   datatype: int64
#   description: Solution Identifier
#   meta:
#     ucd: meta.version
# - 
#   name: source_id
#   datatype: int64
#   description: Unique source identifier
#   meta:
#     ucd: meta.id;meta.main
# - 
#   name: global_ranking
#   datatype: float32
#   description: Number between 0 (worst) and 1 (best)
#   meta:
#     ucd: stat.param
# - 
#   name: reference_time
#   datatype: float64
#   unit: d
#   description: Reference time used for the geometric model fit
#   meta:
#     ucd: time.epoch
# - 
#   name: frequency
#   datatype: float64
#   unit: d**-1
#   description: Frequency of geometric model of the eclipsing binary light curve
#   meta:
#     ucd: src.orbital
# - 
#   name: frequency_error
#   datatype: float32
#   unit: d**-1
#   description: "Uncertainty of \\texttt{frequency}"
#   meta:
#     ucd: stat.error
# - 
#   name: geom_model_reference_level
#   datatype: float32
#   unit: mag
#   description: Magnitude reference level of geometric model
#   meta:
#     ucd: phot.mag;em.opt
# - 
#   name: geom_model_reference_level_error
#   datatype: float32
#   unit: mag
#   description: "Uncertainty of \\texttt{geomModelReferenceLevel}"
#   meta:
#     ucd: stat.error;phot.mag;em.opt
# - 
#   name: geom_model_gaussian1_phase
#   datatype: float32
#   description: Phase of the Gaussian 1 component
#   meta:
#     ucd: time.phase
# - 
#   name: geom_model_gaussian1_phase_error
#   datatype: float32
#   description: "Uncertainty of \\texttt{geomModelGaussian1Phase}"
#   meta:
#     ucd: stat.error;time.phase
# - 
#   name: geom_model_gaussian1_sigma
#   datatype: float32
#   description: "Standard deviation [phase] of Gaussian 1 component"
#   meta:
#     ucd: stat.stdev
# - 
#   name: geom_model_gaussian1_sigma_error
#   datatype: float32
#   description: "Uncertainty of \\texttt{geomModelGaussian1Sigma}"
#   meta:
#     ucd: stat.error
# - 
#   name: geom_model_gaussian1_depth
#   datatype: float32
#   unit: mag
#   description: Magnitude depth of Gaussian 1 component
#   meta:
#     ucd: src.var.amplitude
# - 
#   name: geom_model_gaussian1_depth_error
#   datatype: float32
#   unit: mag
#   description: "Uncertainty of \\texttt{geomModelGaussian1Depth}"
#   meta:
#     ucd: stat.error;src.var.amplitude
# - 
#   name: geom_model_gaussian2_phase
#   datatype: float32
#   description: Phase of Gaussian 2 component
#   meta:
#     ucd: time.phase
# - 
#   name: geom_model_gaussian2_phase_error
#   datatype: float32
#   description: "Uncertainty of \\texttt{geomModelGaussian2Phase}"
#   meta:
#     ucd: stat.error;time.phase
# - 
#   name: geom_model_gaussian2_sigma
#   datatype: float32
[...]
#   datatype: float32
#   description: "Secondary eclipse: uncertainty of \\texttt{derivedSecondaryEclDuration}"
#   meta:
#     ucd: stat.error;time.duration
# - 
#   name: derived_secondary_ecl_depth
#   datatype: float32
#   unit: mag
#   description: "Secondary eclipse: depth"
#   meta:
#     ucd: src.var.amplitude
# - 
#   name: derived_secondary_ecl_depth_error
#   datatype: float32
#   unit: mag
#   description: "Secondary eclipse: uncertainty of \\texttt{derivedSecondaryEclDepth}"
#   meta:
#     ucd: stat.error;src.var.amplitude
solution_id,source_id,global_ranking,reference_time,frequency,frequency_error,geom_model_reference_level,geom_model_reference_level_error,geom_model_gaussian1_phase,geom_model_gaussian1_phase_error,geom_model_gaussian1_sigma,geom_model_gaussian1_sigma_error,geom_model_gaussian1_depth,geom_model_gaussian1_depth_error,geom_model_gaussian2_phase,geom_model_gaussian2_phase_error,geom_model_gaussian2_sigma,geom_model_gaussian2_sigma_error,geom_model_gaussian2_depth,geom_model_gaussian2_depth_error,geom_model_cosine_half_period_amplitude,geom_model_cosine_half_period_amplitude_error,geom_model_cosine_half_period_phase,geom_model_cosine_half_period_phase_error,model_type,num_model_parameters,reduced_chi2,derived_primary_ecl_phase,derived_primary_ecl_phase_error,derived_primary_ecl_duration,derived_primary_ecl_duration_error,derived_primary_ecl_depth,derived_primary_ecl_depth_error,derived_secondary_ecl_phase,derived_secondary_ecl_phase_error,derived_secondary_ecl_duration,derived_secondary_ecl_duration_error,derived_secondary_ecl_depth,derived_secondary_ecl_depth_error
375316653866487564,6054262939317776896,0.64196455,2216.7015306529015,0.5944359412363018,3.958983E-6,15.702279,0.0023753215,0.2497386,9.953772E-4,0.040864866,0.0017111084,0.13856708,0.0056154183,0.7516365,0.0021401122,0.04500773,0.002592074,0.23599628,0.009426156,0.051025502,0.0031003486,0.2497386,9.953772E-4,"TWOGAUSSIANS_WITH_ELLIPSOIDAL_ON_ECLIPSE1",9,5.9255104,0.7516365,0.0021401122,0.2520433,0.014515614,0.3380325,0.009652583,0.2497386,9.953772E-4,0.22884326,0.009582207,0.24061781,0.0028810692
375316653866487564,6054263214154318208,0.41958696,2159.7062719926334,0.33624043903720396,7.203944E-5,19.268814,0.02605809,0.33303657,0.015630871,0.09842851,0.028547043,0.19029221,0.025402311,0.7860789,0.00980433,0.09932733,0.02056088,0.1738812,0.024140654,null,null,null,null,"TWOGAUSSIANS",8,4.772239,0.33304656,0.015628107,0.4,0.0,0.18236198,0.018328942,0.7860789,0.00980433,0.4,0.0,0.16595045,0.016186839
375316653866487564,6054264038788100096,0.515703,2173.0450493128387,1.992237692841393,1.4159698E-5,18.773895,0.0048113815,0.12938859,0.003925644,0.017938415,0.0032140834,0.04972953,0.01032293,0.7352361,0.002308743,0.03562412,0.0021217654,0.4930435,0.036465023,null,null,null,null,"TWOGAUSSIANS",8,3.7936704,0.7352361,0.002308743,0.19949506,0.011881886,0.4930435,0.036465023,0.12938859,0.003925644,0.10045512,0.017998867,0.04972953,0.01032293
375316653866487564,6054264309367922816,0.5693818,2192.311925012853,1.4128641671279558,6.135332E-6,18.159664,0.0053590457,0.2684135,0.004238652,0.08842629,0.0054322765,0.17981514,0.00710513,0.76917577,0.0015388404,0.07412543,0.0028184932,0.34240744,0.010755356,null,null,null,null,"TWOGAUSSIANS",8,2.017059,0.76917577,0.0015388404,0.4,0.0,0.33826998,0.011121316,0.2684135,0.004238652,0.4,0.0,0.17567764,0.006581251
375316653866487564,6054265237080179328,0.52399606,2237.774156418911,2.8748374862831625,4.957581E-6,16.07798,0.007007713,0.25035566,0.0076059876,0.05332515,0.010847898,0.14983599,0.015150679,0.7558484,0.0011486711,0.047842406,0.00673976,0.102939315,0.015444596,0.08949771,0.0099808965,0.7558484,0.0011486711,"TWOGAUSSIANS_WITH_ELLIPSOIDAL_ON_ECLIPSE2",9,24.94929,0.25151566,0.0054840976,0.29862085,0.06074823,0.3286608,0.008096805,0.7558484,0.0011486711,0.26791748,0.037742656,0.28193218,0.008999306
375316653866487564,6054265619336736256,0.46763363,2214.4179284392044,2.4633439987611703,3.5254627E-5,19.447409,0.017725656,0.27840295,0.015217396,0.06997111,0.024533987,0.19309837,0.027155206,0.7764257,0.006916828,0.074052684,0.011217895,0.18074253,0.026868656,null,null,null,null,"TWOGAUSSIANS",8,2.626785,0.27840295,0.015217396,0.3918382,0.056425747,0.1922395,0.02668813,0.7764257,0.006916828,0.4,0.0137942545,0.17988366,0.02572837
375316653866487564,6054265752481806080,0.46123043,2221.2889429491447,0.7986281033318465,1.6342674E-5,17.640175,0.0011793689,null,null,null,null,null,null,null,null,null,null,null,null,0.02552917,0.0017029954,0.25803256,0.0051548122,"ELLIPSOIDAL",4,2.0946522,null,null,null,null,null,null,null,null,null,null,null,null
375316653866487564,6054266821928061184,0.50480336,2233.9068837483496,1.8050792768042474,3.1033258E-5,18.892143,0.006139201,0.27478778,0.0030844843,0.050856475,0.0030680266,0.5482179,0.07662718,0.7769115,0.01110473,0.069807135,0.008529504,0.10971179,0.015635349,null,null,null,null,"TWOGAUSSIANS",8,2.8141687,0.27478778,0.0030844843,0.28479627,0.01718095,0.5481457,0.07665435,0.7769115,0.01110473,0.39091995,0.04239239,0.10963962,0.015631825
375316653866487564,6054266925007335040,0.5125567,2184.603070499671,0.23865865689369237,1.1867257E-5,19.301262,0.003144763,0.24052717,0.0011985952,0.01386579,9.881239E-4,0.4211933,0.004000438,0.9333971,0.013545082,0.027195096,0.010285887,0.0673338,0.013443003,null,null,null,null,"TWOGAUSSIANS",8,0.920818,0.24052717,0.0011985952,0.07764842,0.005533494,0.4211933,0.004000438,0.9333971,0.013545082,0.15229253,0.057600968,0.0673338,0.013443003
375316653866487564,6054267199885392640,0.43276796,2187.8307848141985,2.1877961527516314,6.883139E-5,19.235373,0.10398019,0.18355608,0.02190891,0.06299239,0.016946338,0.127526,0.056297813,0.5835516,0.018353008,0.20202553,0.07134697,0.29385322,0.09397079,null,null,null,null,"TWOGAUSSIANS",8,6.7972565,0.5835516,0.018353008,0.4,0.0,0.25506496,0.035191197,0.19623609,0.01959658,0.35275736,0.09489949,0.13590898,0.059054907
375316653866487564,6054267371682915456,0.5040234,2179.501267101671,0.3726560293870774,9.867136E-6,18.596498,0.0049832766,0.30946526,0.002164994,0.042838752,0.0021915778,0.3326843,0.023125147,0.8112955,0.022493742,0.030138062,0.025253974,0.21586666,0.16188708,null,null,null,null,"TWOGAUSSIANS",8,4.3233004,0.30946526,0.002164994,0.23989701,0.012272836,0.3326843,0.023125144,0.8112955,0.022493742,0.16877314,0.14142224,0.21586666,0.1618874
375316653866487564,6054267436102461952,0.510615,2204.7353345983115,0.4098688272270527,1.2104955E-5,12.352956,0.0035162584,0.25344884,0.0038284739,0.104070134,0.01152575,0.039755702,0.0030034133,0.7401425,0.0055083525,0.0983069,0.009763814,0.05187304,0.003374208,null,null,null,null,"TWOGAUSSIANS",8,36.7197,0.7401425,0.0055083525,0.4,0.0,0.048256714,0.0019190597,0.25344884,0.0038291225,0.4,0.0,0.036138773,0.0016600809
375316653866487564,6054267646602027776,0.53967345,2179.3632279633407,2.0972821488140325,3.4110177E-5,13.269367,8.9810544E-4,0.2924901,0.036219113,0.0044038384,0.00578801,0.4802429,2376.4329,null,null,null,null,null,null,0.001875865,9.2322263E-4,0.2924901,0.036219113,"ONEGAUSSIAN_WITH_ELLIPSOIDAL",6,50.19522,0.2924901,0.036219113,0.024661496,0.032412857,0.48399463,2376.4329,null,null,null,null,null,null
375316653866487564,6054268333756321920,0.48804316,2210.624715501426,4.098316178078475,1.1285802E-4,19.924915,0.060672592,0.16689555,0.015495872,0.059721686,0.01273231,0.5715202,0.06247434,0.6499095,0.02602487,0.10005733,0.047213186,0.18013251,0.06782438,null,null,null,null,"TWOGAUSSIANS",8,2.6211176,0.16689555,0.015507397,0.33444142,0.07130094,0.56875277,0.052392717,0.6499095,0.02602487,0.4,0.036134552,0.1773632,0.059920236
375316653866487564,6054268398176869760,0.5627682,2179.307447335718,1.3921769073765713,6.388398E-6,18.111843,0.032235462,0.21365406,0.0040995744,0.12639463,0.0268667,0.19016084,0.017526353,0.7102878,0.0027089054,0.09426507,0.007016415,0.29167607,0.029968867,null,null,null,null,"TWOGAUSSIANS",8,1.6818924,0.7102878,0.0027089054,0.4,0.0,0.25882915,0.008087976,0.21365406,0.0040995744,0.4,0.0,0.15716149,0.019620158
375316653866487564,6054268402475267840,0.5553142,2172.7087966465506,4.094902202305443,1.9277511E-5,19.537834,0.010052989,0.49200097,0.0039744806,0.14229701,0.0065887743,0.58251154,0.022060277,0.8697065,0.008925364,0.0096263625,0.00875531,0.10721198,0.073619105,null,null,null,null,"TWOGAUSSIANS",8,2.1180513,0.49200097,0.0039744806,0.4,0.0,0.58008325,0.022832217,0.8697065,0.008925364,0.053907633,0.049029738,0.122018866,0.07329912
375316653866487564,6054268471194786560,0.61205703,2138.0769649883136,4.425631602792131,8.979053E-6,18.417658,0.0028739723,0.22914591,2.836788E-4,0.011716014,1.8467214E-4,0.8518902,0.011701138,0.43724865,0.09007953,0.023761159,0.017800696,0.022052223,0.020364866,null,null,null,null,"TWOGAUSSIANS",8,2.27027,0.22914591,2.836788E-4,0.06560968,0.001034164,0.8518902,0.011728712,0.43724865,0.09007953,0.1330625,0.0996839,0.022052223,0.020364866
375316653866487564,6054268707412779136,0.52543104,2196.6373147504455,0.548253535609459,7.426025E-6,9.234067,0.0021946426,0.29546323,0.011247344,0.027646784,0.042262748,0.0076604947,0.0024651648,0.7930231,0.0031570734,0.031942062,0.0030166565,0.0731487,0.0067665074,0.007534626,0.002727512,0.29546323,0.011247344,"TWOGAUSSIANS_WITH_ELLIPSOIDAL_ON_ECLIPSE1",9,20.31642,0.7930631,0.003074883,0.17887555,0.016893275,0.08821446,0.006744745,0.29546323,0.011247344,0.15482199,0.23667139,0.022729743,0.0058355876
375316653866487564,6054269433308636160,0.6716435,2218.7619408514443,0.6190628264888663,2.0512614E-6,13.968704,0.0026728734,0.26936096,0.0036617657,0.03382923,0.0026966184,1.007338,0.056651074,0.77233744,0.005005737,0.034399837,0.00628074,0.11530801,0.009973222,0.033570018,0.0039379783,0.26936096,0.0036617657,"TWOGAUSSIANS_WITH_ELLIPSOIDAL_ON_ECLIPSE1",9,63.743298,0.26936096,0.0036617657,0.1894437,0.015101064,1.074478,0.05882321,0.77233744,0.005005737,0.19263908,0.035172142,0.1824245,0.008297027
375316653866487564,6054269811225176576,0.5065236,2214.828300404215,0.659493721539544,2.9897123E-5,19.929136,0.015166654,0.14113475,0.0022017604,0.03029179,0.0024208138,0.2752864,0.023536168,0.6449913,0.025159365,0.030285222,0.037459232,0.4426614,0.13476819,null,null,null,null,"TWOGAUSSIANS",8,2.3350325,0.6449913,0.025159365,0.16959725,0.20977171,0.4426614,0.13476825,0.14113475,0.0022017604,0.16963403,0.013556557,0.2752864,0.023536153
375316653866487564,6054270979456663552,0.45187727,2216.7648389946394,2.571915016452479,3.215771E-5,19.916544,0.023723608,0.29229692,0.010107255,0.060460657,0.015951147,0.20343047,0.033772003,0.80728614,0.009179034,0.07527256,0.010787031,0.24731281,0.044739913,null,null,null,null,"TWOGAUSSIANS",8,2.6572592,0.80728614,0.009179034,0.4,0.016874118,0.24697547,0.044344645,0.29229692,0.010107255,0.33857968,0.08932642,0.20309313,0.033609413
375316653866487564,6054271146956108288,0.65400445,2205.6645904620045,0.8399777502077239,5.077999E-6,17.936092,0.005003622,0.18148415,0.0012511389,0.035567272,0.0012069796,1.0907723,0.033471312,0.67906016,0.0018789765,0.0409325,0.0033098985,0.35924685,0.028515672,0.06931412,0.007828609,0.18148415,0.0012511389,"TWOGAUSSIANS_WITH_ELLIPSOIDAL_ON_ECLIPSE1",9,4.1515326,0.18148415,0.0012511389,0.19917673,0.006759086,1.2294005,0.034153815,0.67918015,0.0017590777,0.229222,0.018535431,0.4978445,0.034385797
375316653866487564,6054271838451658624,0.519187,2177.4128217281645,2.1277931505545666,1.704549E-5,19.719847,0.031654175,0.20989467,0.0051737223,0.08410177,0.010671899,0.378028,0.0270697,0.7100658,0.0044731773,0.09939915,0.012100595,0.37001324,0.030986577,null,null,null,null,"TWOGAUSSIANS",8,2.00983,0.20989467,0.0051737223,0.4,0.0,0.3598993,0.020337509,0.7100658,0.0044731773,0.4,0.0,0.35188222,0.023868911
375316653866487564,6054272388246639616,0.5694653,2212.104734240178,3.2515148820261985,8.383156E-6,13.963536,0.011521528,0.22440311,0.004778719,0.05241782,0.007946418,0.23142907,0.029420227,0.711098,0.0034386453,0.055786777,0.0059058894,0.17475908,0.034022134,0.11562953,0.014593245,0.711098,0.0034386453,"TWOGAUSSIANS_WITH_ELLIPSOIDAL_ON_ECLIPSE2",9,379.54242,0.22203311,0.0037935134,0.29353976,0.044499937,0.4613531,0.030446334,0.711098,0.0034386453,0.31240597,0.033072982,0.4060095,0.022302698
375316653866487564,6054272628764825472,0.66746664,2185.7896104804895,2.7850781012624735,2.3917823E-6,16.224695,0.0059067253,0.21931826,0.0010973309,0.04643563,0.0047871554,0.22646244,0.017121153,0.7207087,0.001856227,0.04842707,0.0027943128,0.23883174,0.01508616,0.14968011,0.00841365,0.21931826,0.0010973309,"TWOGAUSSIANS_WITH_ELLIPSOIDAL_ON_ECLIPSE1",9,9.989386,0.7207087,0.001856227,0.2711916,0.01564815,0.53816843,0.010550255,0.21931826,0.0010973309,0.26003954,0.026808072,0.5258219,0.015901182
375316653866487564,6054273178531291392,0.48615965,2216.3004380644793,0.46010337116403094,1.42929575E-5,18.501844,0.006924687,0.26022637,3.7027044E-6,0.003165135,6.508933E-5,7.238511,0.83089834,0.76019067,0.0065975427,0.012284718,0.006793099,0.29755536,0.09312226,null,null,null,null,"TWOGAUSSIANS",8,14.611839,0.26022637,3.7027044E-6,0.017724756,3.6450024E-4,7.238511,0.83089834,0.76019067,0.0065975427,0.06879442,0.038041353,0.29755536,0.09312226
375316653866487564,6054273212842968192,0.47463378,2158.323042203764,3.893208003092266,4.6069697E-5,19.305847,0.008891768,0.4790713,0.010870639,0.17115232,0.016771588,0.15693286,0.012349593,0.82872564,0.020435851,0.045151267,0.016347244,0.05252185,0.010898235,null,null,null,null,"TWOGAUSSIANS",8,1.7865397,0.4790713,0.010870639,0.4,0.0,0.15238391,0.012426885,0.82872564,0.020435851,0.2528471,0.091544576,0.06756046,0.011737239
375316653866487564,6054274140554498688,0.5466715,2164.6151744751037,3.4818535371291364,7.78032E-6,19.279556,0.011850348,0.21169181,0.0030071128,0.071737446,0.0048043923,0.50230306,0.020653492,0.72183776,0.005200749,0.0788638,0.0059885955,0.36515704,0.019349242,null,null,null,null,"TWOGAUSSIANS",8,2.6786678,0.21169181,0.0030071128,0.4,0.009535242,0.49957103,0.021095634,0.72183776,0.005200749,0.4,0.0,0.36242497,0.019238876
375316653866487564,6054274930867529856,0.56589323,2200.2949051444884,1.4930912455889054,7.909787E-6,16.89642,0.0019605446,0.22910497,0.0027473755,0.029712344,0.011098352,0.019616887,0.010386787,0.7301008,0.0028204713,0.05460965,0.0028345382,0.1078726,0.008837753,0.03576818,0.0057787104,0.22910497,0.0027473755,"TWOGAUSSIANS_WITH_ELLIPSOIDAL_ON_ECLIPSE1",9,3.5502741,0.7301008,0.0028159388,0.30581403,0.015873414,0.17940289,0.006396596,0.22910497,0.0027473755,0.16638912,0.062150773,0.09114998,0.009713573
375316653866487564,6054275205706795776,0.5945084,2188.4437841079516,1.2483676496544756,1.0541315E-5,18.970715,0.00693172,0.32255378,0.0041947686,0.043217376,0.004421621,0.88231266,0.07946031,0.8292851,0.004761033,0.032679994,0.005259103,0.17936201,0.026074113,0.05725013,0.009013883,0.32255378,0.0041947686,"TWOGAUSSIANS_WITH_ELLIPSOIDAL_ON_ECLIPSE1",9,2.3346071,0.32255378,0.0041947686,0.2420173,0.024761079,0.9968129,0.082900986,0.8292851,0.004761033,0.18300797,0.02945098,0.2936575,0.024134567
375316653866487564,6054275789860954752,0.5316577,2190.037787489241,0.04670351718656667,7.8876496E-5,12.173641,0.0043498017,0.067997225,0.01714165,0.023309601,0.024912108,0.1070732,4.42606624E8,0.5474793,0.010558142,0.0090634115,0.006397582,0.5266137,0.31121016,0.004446513,0.0078036403,0.067997225,0.01714165,"TWOGAUSSIANS_WITH_ELLIPSOIDAL_ON_ECLIPSE1",9,1152.7305,0.5474793,0.010551739,0.050755102,0.03582646,0.53535974,0.31392208,0.067997225,0.01714165,0.13053377,0.1395078,0.115966216,4.42606624E8
375316653866487564,6054275824220715136,0.6385192,2216.1678799340216,1.6466272402859155,2.55601E-6,15.958279,0.004845385,0.23090991,0.0027559237,0.05711563,0.0077486727,0.06422559,0.020067446,0.73769146,0.0015210786,0.054545805,0.0019404041,0.28262478,0.011172756,0.039290626,0.0053960807,0.23090991,0.0027559237,"TWOGAUSSIANS_WITH_ELLIPSOIDAL_ON_ECLIPSE1",9,9.183872,0.73769146,0.0015210786,0.30545652,0.010866263,0.3610541,0.005758199,0.23090991,0.0027559237,0.31984752,0.043392565,0.1427975,0.017776502
375316653866487564,6054275961621649536,0.44584525,2184.6478349294343,2.862379339042917,3.8058595E-5,18.019384,0.021249566,0.233341,0.0049182894,0.07541455,0.019261274,0.10637724,0.016311707,0.7469225,0.018810285,0.1203701,0.0342194,0.09126038,0.021657437,null,null,null,null,"TWOGAUSSIANS",8,5.5001106,0.233311,0.0049023754,0.4,0.013322458,0.100416645,0.009398798,0.7469225,0.018810285,0.4,0.0,0.08526366,0.01055457
375316653866487564,6054275995981379712,0.56892693,2202.403677954994,2.8689379208391617,6.2766912E-6,18.51181,0.0056505706,0.33578545,0.0033240982,0.070840225,0.0034087272,0.44413057,0.016089428,0.83489746,0.0018125117,0.06945159,0.002164426,0.47873747,0.015888967,null,null,null,null,"TWOGAUSSIANS",8,3.0077355,0.83489746,0.0018125117,0.3889289,0.012120785,0.47716492,0.015977366,0.33578545,0.0033240982,0.39670527,0.013536356,0.44255802,0.016095277
375316653866487564,6054276270897075584,0.5555884,2194.550573560608,2.2847067311382343,8.4243175E-6,16.487709,0.008959343,0.2443137,0.0031382712,0.03121935,0.0070631425,0.15677877,0.021978999,0.7463252,0.0042302758,0.037825488,0.010402077,0.16155122,0.023252763,0.140138,0.011723684,0.2443137,0.0031382712,"TWOGAUSSIANS_WITH_ELLIPSOIDAL_ON_ECLIPSE1",9,67.902954,0.7463252,0.0041449224,0.21182273,0.058251627,0.4417821,0.02458174,0.2443137,0.0031382712,0.17482837,0.039553598,0.4370544,0.015643742
