Gaia/vari_eclipsing_binary/VariEclipsingBinary_386354-386630.csv
# %ECSV 1.0
# ---
# delimiter: ','
# meta: !!omap
# - RELEASE: Gaia DR3
# - TABLE: vari_eclipsing_binary
# - DESCRIPTION: >
#     This table describes the properties of the eclipsing binaries resulting from the variability analysis. 
# - CITATION: >
#     How to cite and acknowledge Gaia: 
#     https://gea.esac.esa.int/archive/documentation/credits.html 
# - KNOWN_ISSUES: >
#     Known issues: 
#     https://www.cosmos.esa.int/web/gaia-users/known-issues 
# - DOCUMENTATION: >
#     Tutorials and documentation: 
#     https://www.cosmos.esa.int/web/gaia-users/archive 
# datatype:
# - 
#   name: solution_id
#   datatype: int64
#   description: Solution Identifier
#   meta:
#     ucd: meta.version
# - 
#   name: source_id
#   datatype: int64
#   description: Unique source identifier
#   meta:
#     ucd: meta.id;meta.main
# - 
#   name: global_ranking
#   datatype: float32
#   description: Number between 0 (worst) and 1 (best)
#   meta:
#     ucd: stat.param
# - 
#   name: reference_time
#   datatype: float64
#   unit: d
#   description: Reference time used for the geometric model fit
#   meta:
#     ucd: time.epoch
# - 
#   name: frequency
#   datatype: float64
#   unit: d**-1
#   description: Frequency of geometric model of the eclipsing binary light curve
#   meta:
#     ucd: src.orbital
# - 
#   name: frequency_error
#   datatype: float32
#   unit: d**-1
#   description: "Uncertainty of \\texttt{frequency}"
#   meta:
#     ucd: stat.error
# - 
#   name: geom_model_reference_level
#   datatype: float32
#   unit: mag
#   description: Magnitude reference level of geometric model
#   meta:
#     ucd: phot.mag;em.opt
# - 
#   name: geom_model_reference_level_error
#   datatype: float32
#   unit: mag
#   description: "Uncertainty of \\texttt{geomModelReferenceLevel}"
#   meta:
#     ucd: stat.error;phot.mag;em.opt
# - 
#   name: geom_model_gaussian1_phase
#   datatype: float32
#   description: Phase of the Gaussian 1 component
#   meta:
#     ucd: time.phase
# - 
#   name: geom_model_gaussian1_phase_error
#   datatype: float32
#   description: "Uncertainty of \\texttt{geomModelGaussian1Phase}"
#   meta:
#     ucd: stat.error;time.phase
# - 
#   name: geom_model_gaussian1_sigma
#   datatype: float32
#   description: "Standard deviation [phase] of Gaussian 1 component"
#   meta:
#     ucd: stat.stdev
# - 
#   name: geom_model_gaussian1_sigma_error
#   datatype: float32
#   description: "Uncertainty of \\texttt{geomModelGaussian1Sigma}"
#   meta:
#     ucd: stat.error
# - 
#   name: geom_model_gaussian1_depth
#   datatype: float32
#   unit: mag
#   description: Magnitude depth of Gaussian 1 component
#   meta:
#     ucd: src.var.amplitude
# - 
#   name: geom_model_gaussian1_depth_error
#   datatype: float32
#   unit: mag
#   description: "Uncertainty of \\texttt{geomModelGaussian1Depth}"
#   meta:
#     ucd: stat.error;src.var.amplitude
# - 
#   name: geom_model_gaussian2_phase
#   datatype: float32
#   description: Phase of Gaussian 2 component
#   meta:
#     ucd: time.phase
# - 
#   name: geom_model_gaussian2_phase_error
#   datatype: float32
#   description: "Uncertainty of \\texttt{geomModelGaussian2Phase}"
#   meta:
#     ucd: stat.error;time.phase
# - 
#   name: geom_model_gaussian2_sigma
#   datatype: float32
[...]
#   datatype: float32
#   description: "Secondary eclipse: uncertainty of \\texttt{derivedSecondaryEclDuration}"
#   meta:
#     ucd: stat.error;time.duration
# - 
#   name: derived_secondary_ecl_depth
#   datatype: float32
#   unit: mag
#   description: "Secondary eclipse: depth"
#   meta:
#     ucd: src.var.amplitude
# - 
#   name: derived_secondary_ecl_depth_error
#   datatype: float32
#   unit: mag
#   description: "Secondary eclipse: uncertainty of \\texttt{derivedSecondaryEclDepth}"
#   meta:
#     ucd: stat.error;src.var.amplitude
solution_id,source_id,global_ranking,reference_time,frequency,frequency_error,geom_model_reference_level,geom_model_reference_level_error,geom_model_gaussian1_phase,geom_model_gaussian1_phase_error,geom_model_gaussian1_sigma,geom_model_gaussian1_sigma_error,geom_model_gaussian1_depth,geom_model_gaussian1_depth_error,geom_model_gaussian2_phase,geom_model_gaussian2_phase_error,geom_model_gaussian2_sigma,geom_model_gaussian2_sigma_error,geom_model_gaussian2_depth,geom_model_gaussian2_depth_error,geom_model_cosine_half_period_amplitude,geom_model_cosine_half_period_amplitude_error,geom_model_cosine_half_period_phase,geom_model_cosine_half_period_phase_error,model_type,num_model_parameters,reduced_chi2,derived_primary_ecl_phase,derived_primary_ecl_phase_error,derived_primary_ecl_duration,derived_primary_ecl_duration_error,derived_primary_ecl_depth,derived_primary_ecl_depth_error,derived_secondary_ecl_phase,derived_secondary_ecl_phase_error,derived_secondary_ecl_duration,derived_secondary_ecl_duration_error,derived_secondary_ecl_depth,derived_secondary_ecl_depth_error
[from data line 404]
375316653866487564,3399422050203540608,0.51634496,2379.3021563336324,0.042640121507948915,5.0220037E-6,19.36583,0.013413354,0.09148131,3.0411998E-4,0.0020186168,2.2017864E-4,1.2431588,0.36642802,0.7793841,0.0054363767,0.021519106,0.018671101,0.537687,89049.36,0.04623225,0.018658847,0.7793841,0.0054363767,"TWOGAUSSIANS_WITH_ELLIPSOIDAL_ON_ECLIPSE2",9,6.9245844,0.09148131,3.0411998E-4,0.011304254,0.0012330004,1.2565348,0.36543554,0.7793841,0.0054363767,0.120506994,0.10455817,0.63015145,89049.38
375316653866487564,3399424390963230208,0.5068217,2398.093848056941,3.084900309556124,1.2118743E-5,19.441067,0.014668607,0.24325827,0.010235879,0.059204355,0.01318702,0.24986531,0.014180861,0.724104,0.0023092504,0.06674338,0.0055821333,0.2656927,0.012962205,null,null,null,null,"TWOGAUSSIANS",8,1.8416381,0.724104,0.0023092504,0.37376294,0.031259947,0.26558736,0.012851433,0.24325827,0.010235879,0.3315444,0.073847316,0.24975996,0.014307286
375316653866487564,3399425696634265088,0.58370197,2370.9105394842977,0.14956943627396216,8.192386E-5,10.409549,4.91612E-4,0.11915031,0.0024337256,0.015956039,0.0018926738,0.16864084,0.018417295,0.80093694,0.0012135935,0.0011626538,6.211063E-4,0.26783046,0.13711374,0.0011822759,6.03141E-4,0.80093694,0.0012135935,"TWOGAUSSIANS_WITH_ELLIPSOIDAL_ON_ECLIPSE2",9,9.547821,0.80093694,0.0012135935,0.0065108608,0.0034781953,0.27019498,0.13710414,0.11917031,0.002425061,0.08935382,0.010598973,0.16904931,0.01841025
375316653866487564,3399435622300337152,0.4839034,2402.4730739940887,1.9106263103188807,6.3046005E-5,18.62717,0.0034677747,0.2603554,0.013382351,0.0713297,0.028445639,0.053127684,0.012744037,0.70544267,0.007008441,0.033466414,0.011827763,0.32377997,0.2173568,null,null,null,null,"TWOGAUSSIANS",8,2.0864115,0.70544267,0.007008441,0.1874119,0.066235475,0.32377985,0.21735826,0.2603554,0.013382351,0.3994463,0.056689322,0.053127542,0.012749063
375316653866487564,3399437035346973568,0.5463422,2394.1232666697633,3.255854217183052,1.4563784E-5,15.397853,0.023627708,0.28456637,0.006253058,0.11510075,0.016802218,0.20699994,0.017831208,0.7714652,0.0045536496,0.104663484,0.010984476,0.19476515,0.023069605,null,null,null,null,"TWOGAUSSIANS",8,51.54609,0.2845764,0.0062525715,0.4,0.0,0.1806911,0.013819126,0.7714652,0.0045536496,0.4,0.0,0.16848819,0.0078101745
375316653866487564,3399437512086001408,0.53298354,2353.49310398059,3.4842632180712703,1.1217896E-5,18.965164,0.019497275,0.22291432,0.00425501,0.110661864,0.011071742,0.22304785,0.019329606,0.73090684,0.004741734,0.09580112,0.008905756,0.24290222,0.019437425,null,null,null,null,"TWOGAUSSIANS",8,1.3678201,0.73091686,0.004750184,0.4,0.0,0.2205141,0.009340033,0.22291432,0.00425501,0.4,0.0,0.20064309,0.011846354
375316653866487564,3399437963059882112,0.4961078,2375.3833400028334,2.8720105675526457,1.795804E-5,15.004512,0.007632208,0.7730215,0.013955641,0.057689626,0.020307468,0.05785647,0.02380079,0.5307611,0.0045177005,0.064935915,0.0051698415,0.22373885,0.027727384,0.0034678513,0.009465149,0.5307611,0.0045177005,"TWOGAUSSIANS_WITH_ELLIPSOIDAL_ON_ECLIPSE2",9,223.92603,0.53077114,0.004476674,0.36364114,0.028951112,0.23058234,0.026714534,0.77200156,0.014453791,0.3230619,0.113721825,0.057992928,0.023892177
375316653866487564,3399438577245280768,0.5028745,2390.343306710422,3.3795645103139873,3.1406835E-5,18.675638,0.022643693,0.27450517,0.0032004386,0.06978439,0.0066814017,0.20965803,0.047470983,0.7821963,0.004621798,0.03794253,0.031087214,0.241089,0.06118093,0.07113125,0.024577998,0.27450517,0.0032004386,"TWOGAUSSIANS_WITH_ELLIPSOIDAL_ON_ECLIPSE1",9,15.789213,0.7821963,0.004621798,0.21247816,0.17408839,0.3826899,0.04029335,0.27450517,0.0032004386,0.39079258,0.027608398,0.35159087,0.010228313
375316653866487564,3399442670344049152,0.6366529,2431.4809900962314,0.4138817876120124,9.808431E-5,16.81359,0.001215351,0.7291758,0.004144044,0.022384917,0.0033244367,0.4577803,0.11174418,null,null,null,null,null,null,null,null,null,null,"ONEGAUSSIAN",5,2.3704894,0.7291758,0.004144044,0.12535553,0.018616846,0.4577803,0.0,null,null,null,null,null,null
375316653866487564,3399444869367264896,0.6500437,2347.0262846763912,0.7766761575725877,2.81628E-6,15.937925,0.005442688,0.2587562,0.0038927495,0.036018237,0.0028926467,0.4468201,0.020033576,0.7579957,0.0049359794,0.037168227,0.003475337,0.4628481,0.0576588,0.036370385,0.0073013594,0.2587562,0.0038927495,"TWOGAUSSIANS_WITH_ELLIPSOIDAL_ON_ECLIPSE1",9,16.884811,0.75800574,0.004917361,0.20814206,0.019461887,0.5355871,0.056773048,0.2587562,0.0038927495,0.20170213,0.016198821,0.5195607,0.017261332
375316653866487564,3399449400557269120,0.52659196,2373.8430365993318,1.7528012859175932,7.285558E-6,18.957502,0.00760946,0.6276916,0.0010459382,0.030605398,8.698886E-4,0.53250927,0.009575533,null,null,null,null,null,null,null,null,null,null,"ONEGAUSSIAN",5,5.2018423,0.6276916,0.0010459382,0.17139024,0.004871376,0.53250927,0.0,null,null,null,null,null,null
375316653866487564,3399449675433562752,0.48413083,2397.6059748417147,4.77761704249418,9.831391E-6,18.513975,0.003984884,0.2595217,0.0032810832,0.031476673,0.0052523445,0.06854333,0.012923594,0.7642778,0.004493744,0.037824947,0.007903944,0.105684616,0.048856635,0.041175768,0.00827228,0.2595217,0.0032810832,"TWOGAUSSIANS_WITH_ELLIPSOIDAL_ON_ECLIPSE1",9,2.181817,0.7642778,0.004493744,0.2118197,0.044262085,0.18796264,0.052100737,0.2595217,0.0032810832,0.17626938,0.029413128,0.15089487,0.011440598
375316653866487564,3399450878026129664,0.5097669,2379.3945214188634,3.5436417430225564,1.2965782E-5,18.228674,0.055942446,0.21416196,0.0040998934,0.11940457,0.025272783,0.21069382,0.051150266,0.7169628,0.0034461503,0.116758354,0.018920274,0.20946237,0.054130446,null,null,null,null,"TWOGAUSSIANS",8,2.5244098,0.21415196,0.0041473354,0.4,0.0,0.16717568,0.008391072,0.7169728,0.003440962,0.4,0.0,0.1659663,0.007246945
375316653866487564,3399456341224810496,0.6275829,2392.353110100678,3.2256641100185863,3.33302E-6,17.29716,0.00674838,0.20222783,5.252704E-4,0.04541231,0.002958834,0.2613614,0.008074394,0.703086,0.0055038417,0.049135983,0.004861651,0.30199602,0.03342876,0.114330456,0.008840735,0.20222783,5.252704E-4,"TWOGAUSSIANS_WITH_ELLIPSOIDAL_ON_ECLIPSE1",9,4.6299925,0.703086,0.0055020265,0.2751615,0.027225247,0.5306491,0.03577506,0.20222783,5.252704E-4,0.25430894,0.01656947,0.4900211,0.012351881
375316653866487564,3399459055644123008,0.41721112,2375.0090973571923,0.06819521266498642,3.6735913E-5,17.265514,0.018900974,0.23611195,0.004024565,0.028568124,0.0053108614,0.1502671,0.03247687,0.6215918,0.02979668,0.16530041,0.04464513,0.17772488,0.01723259,null,null,null,null,"TWOGAUSSIANS",8,7.714025,0.6215918,0.02979668,0.4,0.0,0.17402412,0.018317088,0.23700196,0.0041762907,0.15998149,0.029740823,0.15853317,0.030401077
375316653866487564,3399460159450718464,0.56671745,2375.7287544436253,0.3678823204247853,2.4881963E-5,15.470414,6.0533424E-4,0.13328509,0.022549734,0.02296169,0.030055145,0.0076272194,0.003044168,0.92227376,7.6210045E-4,0.009327872,3.0581572E-4,0.14202611,0.0061751185,null,null,null,null,"TWOGAUSSIANS",8,4.657539,0.92227376,7.6210045E-4,0.05223608,0.001712568,0.14202611,0.0061751143,0.13328509,0.022549734,0.12858546,0.16830881,0.0076272194,0.003044168
375316653866487564,3399468882530140928,0.49997535,2417.140999244944,0.8059328066629574,4.31551E-5,15.25588,0.007826851,0.69958884,0.0064399927,0.044237845,0.053081498,0.14017814,0.06212367,null,null,null,null,null,null,0.021892784,0.0041043046,0.69958884,0.0064399927,"ONEGAUSSIAN_WITH_ELLIPSOIDAL",6,69.96359,0.69958884,0.0064399927,0.24773192,0.15553623,0.18396367,0.06270804,null,null,null,null,null,null
375316653866487564,3399472013560469504,0.70435977,2412.154996996259,2.3383318018551464,3.1756665E-6,15.601416,0.0052320263,0.2648038,6.4826E-4,0.055336807,0.0027643405,0.15649945,0.011577108,0.76693183,0.0045045684,0.054655258,0.006464503,0.131354,0.011397629,0.11341756,0.0070001986,0.2648038,6.4826E-4,"TWOGAUSSIANS_WITH_ELLIPSOIDAL_ON_ECLIPSE1",9,4.9087467,0.2648038,6.4826E-4,0.30988613,0.015480307,0.38332483,0.0035514839,0.76693183,0.0045045684,0.30606943,0.036201216,0.35813883,0.0045132004
375316653866487564,3399473864689696512,0.51115155,2375.105602067263,0.03982760651767032,1.9787092E-5,18.176168,0.007160454,0.2502933,0.0048837215,0.10024474,0.0049993126,0.2659022,0.012501965,0.9259204,9.681231E-4,0.01223153,0.0023088453,0.10783539,0.038573775,null,null,null,null,"TWOGAUSSIANS",8,6.056863,0.2502933,0.0048837215,0.4,0.0,0.26590008,0.012501672,0.92598045,9.45199E-4,0.06849656,0.012929533,0.10925082,0.03868166
375316653866487564,3399474521821393024,0.5381727,2420.105226617694,4.119103801237061,1.5356789E-5,19.373457,0.00924882,0.24336375,0.002442128,0.07394849,0.0029994135,0.43497273,0.016577637,0.7457195,0.0055466406,0.06624914,0.0074365647,0.5030145,0.070931025,null,null,null,null,"TWOGAUSSIANS",8,2.2328565,0.7457195,0.0055466406,0.3709952,0.039285872,0.5014997,0.07191985,0.24336375,0.002442128,0.4,0.0,0.43345794,0.016389739
375316653866487564,3399477167519642240,0.62992746,2391.703231994345,0.7973384287754451,5.1754496E-6,15.566337,0.0017847315,0.2199048,0.0024720032,0.03122389,0.0021868236,0.19048646,0.014615064,0.7185598,0.0010778969,0.028338624,9.1561483E-4,0.3427665,0.004082632,0.019184785,0.0024613629,0.2199048,0.0024720032,"TWOGAUSSIANS_WITH_ELLIPSOIDAL_ON_ECLIPSE1",9,11.529637,0.7185698,0.0010750694,0.1586963,0.005127443,0.38113332,0.0019564251,0.2199048,0.0024720032,0.17485379,0.012246213,0.22885603,0.013530611
375316653866487564,3399481423834013952,0.48652455,2389.3056665432186,1.0612347730383496,1.92551E-5,15.294263,0.008083949,0.24151088,0.006236119,0.085464805,0.016051993,0.0490385,0.007132765,0.7209721,0.005199525,0.0958282,0.016822398,0.09568612,0.0084756045,null,null,null,null,"TWOGAUSSIANS",8,23.504223,0.7209721,0.005199525,0.4,0.0,0.09343801,0.010632367,0.24151088,0.006244522,0.4,0.0,0.04679076,0.003929565
375316653866487564,3399483008676628480,0.65926933,2373.867623261125,2.499442602865867,1.9210188E-6,15.440018,0.01586574,0.2542404,7.384775E-4,0.117071,0.0057203337,0.1962232,0.014930102,0.75445586,7.9554896E-4,0.12989168,0.00817617,0.1868093,0.014355522,null,null,null,null,"TWOGAUSSIANS",8,1.7604169,0.2542404,7.485207E-4,0.4,0.0,0.14739218,0.0017290466,0.75445586,7.9554896E-4,0.4,0.0,0.13779485,0.0019372944
375316653866487564,3399484967181760768,0.63338137,2372.3702600322927,0.48663301481197013,5.8600976E-6,14.1328745,9.185598E-4,0.23635766,0.0034875222,0.021123081,0.002763997,0.13090985,0.0072329463,0.7293837,0.020040084,0.0388479,0.014912113,0.08982449,0.076908715,0.01491477,0.0017209724,0.23635766,0.0034875222,"TWOGAUSSIANS_WITH_ELLIPSOIDAL_ON_ECLIPSE1",9,11.468983,0.23635766,0.0034875222,0.11828926,0.015478384,0.16073936,0.0066101854,0.7296537,0.019702975,0.21754824,0.08350783,0.11959895,0.076589994
375316653866487564,3399490533459568384,0.58024955,2352.3903082417955,3.987637893555945,4.4388133E-5,17.898685,0.0012489067,0.14568377,0.002779031,0.02743143,0.0017666584,0.27855158,0.038276285,0.49830136,0.011642099,0.041559692,0.013916892,0.32696822,14.463657,null,null,null,null,"TWOGAUSSIANS",8,0.73829776,0.49830136,0.011642099,0.23273426,0.07793459,0.32696822,14.463657,0.14568377,0.002779031,0.15361601,0.009893287,0.27855158,0.038276285
375316653866487564,3399492590752801280,0.53843194,2403.4463202242873,3.077347342432999,9.970388E-6,18.22785,0.008791305,0.31838843,0.0022205352,0.0931378,0.0065000164,0.26939046,0.01567202,0.81609416,0.002945558,0.093993045,0.0044245315,0.26186273,0.009701831,null,null,null,null,"TWOGAUSSIANS",8,2.157927,0.31838843,0.0022205352,0.4,0.0,0.25491223,0.01839999,0.81609416,0.002945558,0.4,0.0,0.24738441,0.0076584504
375316653866487564,3399498294467458304,0.50708973,2520.716115085428,0.01332531450852607,3.759279E-6,19.655178,0.0071663777,0.39260557,9.682993E-4,0.059349265,6.8564696E-4,0.8432292,0.026723893,0.85570395,0.0060122632,0.012051247,0.02084359,0.11843265,0.06452257,null,null,null,null,"TWOGAUSSIANS",8,1.5119911,0.39260557,9.682993E-4,0.3323559,0.003839623,0.8432292,0.026723891,0.85570395,0.0060122632,0.06748698,0.116724096,0.11843265,0.064522594
375316653866487564,3399498466262500352,0.5127587,2393.6601352875145,4.036116724990769,1.1638503E-5,19.53405,0.011985758,0.27756506,0.002517471,0.08467212,0.0040805186,0.42162406,0.019635683,0.77630043,0.0021895436,0.07471125,0.0041846824,0.5021434,0.029191919,null,null,null,null,"TWOGAUSSIANS",8,1.989391,0.77630043,0.0021895436,0.4,0.0,0.49565166,0.030235425,0.27756506,0.002517471,0.4,0.0,0.41513228,0.01946198
375316653866487564,3399498882875764864,0.44443166,2383.832597874674,0.08927456516711176,6.144645E-5,15.717476,0.0022137403,0.24852692,0.01126649,0.030632794,0.007249744,0.10634615,0.05309613,0.7064467,0.010463976,0.0489773,0.040296428,0.032819323,0.011621544,0.0020990625,0.0031352737,0.24852692,0.01126649,"TWOGAUSSIANS_WITH_ELLIPSOIDAL_ON_ECLIPSE1",9,8.940954,0.24852692,0.01126649,0.17154364,0.040598568,0.11054424,0.053207938,0.7073967,0.011916868,0.2742729,0.13470711,0.03673705,0.00957871
375316653866487564,3399505406929755648,0.4336096,2346.1517454210225,3.1334325211065153,3.992539E-5,17.33627,0.0023049375,null,null,null,null,null,null,null,null,null,null,null,null,0.031263646,0.0026308475,0.2527198,0.009219392,"ELLIPSOIDAL",4,10.632047,null,null,null,null,null,null,null,null,null,null,null,null
375316653866487564,3399505754823396096,0.6907118,2358.864197176463,2.5285969884608064,3.8553626E-6,15.847075,0.0075269938,0.31942448,9.001933E-4,0.050215427,0.0026991405,0.21337137,0.0170973,0.82013875,0.001684279,0.051930834,0.0045983195,0.18211307,0.015856128,0.11588747,0.009872823,0.31942448,9.001933E-4,"TWOGAUSSIANS_WITH_ELLIPSOIDAL_ON_ECLIPSE1",9,8.448263,0.31942448,9.001933E-4,0.2812064,0.015115186,0.44514364,0.00486985,0.82013875,0.0016671817,0.29081267,0.025750589,0.41388065,0.010634316
375316653866487564,3399513000436130560,0.4853531,2474.20468887021,0.025288777672127897,2.646704E-5,17.942198,0.007187274,0.2738929,0.014025617,0.10120968,0.014624751,0.12471922,0.023017485,0.74653924,0.004788903,0.06179037,0.0061357645,0.27106968,0.048246037,null,null,null,null,"TWOGAUSSIANS",8,5.4940987,0.74653924,0.004788903,0.34602606,0.034360282,0.26937145,0.048550867,0.2738929,0.014025617,0.4,0.0,0.12301853,0.023094768
375316653866487564,3399513687628764800,0.56360424,2370.282851138778,2.833326467395543,9.009116E-6,19.14237,0.012476655,0.28220123,0.002295014,0.07286812,0.0033234588,0.409008,0.013724954,0.78914654,0.0059340945,0.079135165,0.013386915,0.31269446,0.056990087,null,null,null,null,"TWOGAUSSIANS",8,1.008118,0.28220123,0.002295014,0.4,0.0,0.40628073,0.011346465,0.78914654,0.0059340945,0.4,0.0,0.3099672,0.060313903
375316653866487564,3399513928146940544,0.5431841,2443.3676222999115,0.019998833467452053,1.5872263E-5,18.187864,0.0030567464,0.22044352,0.043351777,0.041335914,0.024685267,0.15205279,0.085640825,0.77346975,0.00212223,0.055276267,0.0023682956,0.218259,0.011194998,null,null,null,null,"TWOGAUSSIANS",8,1.7279176,0.77346975,0.00212223,0.3095471,0.013262455,0.21825898,0.011195009,0.22044352,0.043351777,0.23148112,0.13823749,0.15205276,0.085640855
375316653866487564,3399515165094339840,0.5359653,2371.190530313185,2.2273279185241632,1.8750094E-5,18.409302,0.03002207,0.1618745,0.004853818,0.09698781,0.011305808,0.3018203,0.025980936,0.68944216,0.004654459,0.10267465,0.016459852,0.19486548,0.029107137,null,null,null,null,"TWOGAUSSIANS",8,2.1741295,0.1618645,0.00485992,0.4,0.0,0.28721613,0.014818766,0.6894521,0.00466273,0.4,0.0,0.18025824,0.017859314
375316653866487564,3399516642563140480,0.47470486,2377.687260095047,4.341013225748509,3.842628E-5,19.60648,0.05117019,0.24315245,0.0055609853,0.08871256,0.019338781,0.29962245,0.041159272,0.7523533,0.010264958,0.11545339,0.03174125,0.22533435,0.05220828,null,null,null,null,"TWOGAUSSIANS",8,2.029526,0.24314246,0.0056063533,0.4,0.0,0.2772682,0.016938867,0.7523533,0.010264502,0.4,0.0,0.2029399,0.042999618
