Gaia/vari_eclipsing_binary/VariEclipsingBinary_231357-231389.csv
# %ECSV 1.0
# ---
# delimiter: ','
# meta: !!omap
# - RELEASE: Gaia DR3
# - TABLE: vari_eclipsing_binary
# - DESCRIPTION: >
#     This table describes the properties of the eclipsing binaries resulting from the variability analysis. 
# - CITATION: >
#     How to cite and acknowledge Gaia: 
#     https://gea.esac.esa.int/archive/documentation/credits.html 
# - KNOWN_ISSUES: >
#     Known issues: 
#     https://www.cosmos.esa.int/web/gaia-users/known-issues 
# - DOCUMENTATION: >
#     Tutorials and documentation: 
#     https://www.cosmos.esa.int/web/gaia-users/archive 
# datatype:
# - 
#   name: solution_id
#   datatype: int64
#   description: Solution Identifier
#   meta:
#     ucd: meta.version
# - 
#   name: source_id
#   datatype: int64
#   description: Unique source identifier
#   meta:
#     ucd: meta.id;meta.main
# - 
#   name: global_ranking
#   datatype: float32
#   description: Number between 0 (worst) and 1 (best)
#   meta:
#     ucd: stat.param
# - 
#   name: reference_time
#   datatype: float64
#   unit: d
#   description: Reference time used for the geometric model fit
#   meta:
#     ucd: time.epoch
# - 
#   name: frequency
#   datatype: float64
#   unit: d**-1
#   description: Frequency of geometric model of the eclipsing binary light curve
#   meta:
#     ucd: src.orbital
# - 
#   name: frequency_error
#   datatype: float32
#   unit: d**-1
#   description: "Uncertainty of \\texttt{frequency}"
#   meta:
#     ucd: stat.error
# - 
#   name: geom_model_reference_level
#   datatype: float32
#   unit: mag
#   description: Magnitude reference level of geometric model
#   meta:
#     ucd: phot.mag;em.opt
# - 
#   name: geom_model_reference_level_error
#   datatype: float32
#   unit: mag
#   description: "Uncertainty of \\texttt{geomModelReferenceLevel}"
#   meta:
#     ucd: stat.error;phot.mag;em.opt
# - 
#   name: geom_model_gaussian1_phase
#   datatype: float32
#   description: Phase of the Gaussian 1 component
#   meta:
#     ucd: time.phase
# - 
#   name: geom_model_gaussian1_phase_error
#   datatype: float32
#   description: "Uncertainty of \\texttt{geomModelGaussian1Phase}"
#   meta:
#     ucd: stat.error;time.phase
# - 
#   name: geom_model_gaussian1_sigma
#   datatype: float32
#   description: "Standard deviation [phase] of Gaussian 1 component"
#   meta:
#     ucd: stat.stdev
# - 
#   name: geom_model_gaussian1_sigma_error
#   datatype: float32
#   description: "Uncertainty of \\texttt{geomModelGaussian1Sigma}"
#   meta:
#     ucd: stat.error
# - 
#   name: geom_model_gaussian1_depth
#   datatype: float32
#   unit: mag
#   description: Magnitude depth of Gaussian 1 component
#   meta:
#     ucd: src.var.amplitude
# - 
#   name: geom_model_gaussian1_depth_error
#   datatype: float32
#   unit: mag
#   description: "Uncertainty of \\texttt{geomModelGaussian1Depth}"
#   meta:
#     ucd: stat.error;src.var.amplitude
# - 
#   name: geom_model_gaussian2_phase
#   datatype: float32
#   description: Phase of Gaussian 2 component
#   meta:
#     ucd: time.phase
# - 
#   name: geom_model_gaussian2_phase_error
#   datatype: float32
#   description: "Uncertainty of \\texttt{geomModelGaussian2Phase}"
#   meta:
#     ucd: stat.error;time.phase
# - 
#   name: geom_model_gaussian2_sigma
#   datatype: float32
[...]
#   datatype: float32
#   description: "Secondary eclipse: uncertainty of \\texttt{derivedSecondaryEclDuration}"
#   meta:
#     ucd: stat.error;time.duration
# - 
#   name: derived_secondary_ecl_depth
#   datatype: float32
#   unit: mag
#   description: "Secondary eclipse: depth"
#   meta:
#     ucd: src.var.amplitude
# - 
#   name: derived_secondary_ecl_depth_error
#   datatype: float32
#   unit: mag
#   description: "Secondary eclipse: uncertainty of \\texttt{derivedSecondaryEclDepth}"
#   meta:
#     ucd: stat.error;src.var.amplitude
solution_id,source_id,global_ranking,reference_time,frequency,frequency_error,geom_model_reference_level,geom_model_reference_level_error,geom_model_gaussian1_phase,geom_model_gaussian1_phase_error,geom_model_gaussian1_sigma,geom_model_gaussian1_sigma_error,geom_model_gaussian1_depth,geom_model_gaussian1_depth_error,geom_model_gaussian2_phase,geom_model_gaussian2_phase_error,geom_model_gaussian2_sigma,geom_model_gaussian2_sigma_error,geom_model_gaussian2_depth,geom_model_gaussian2_depth_error,geom_model_cosine_half_period_amplitude,geom_model_cosine_half_period_amplitude_error,geom_model_cosine_half_period_phase,geom_model_cosine_half_period_phase_error,model_type,num_model_parameters,reduced_chi2,derived_primary_ecl_phase,derived_primary_ecl_phase_error,derived_primary_ecl_duration,derived_primary_ecl_duration_error,derived_primary_ecl_depth,derived_primary_ecl_depth_error,derived_secondary_ecl_phase,derived_secondary_ecl_phase_error,derived_secondary_ecl_duration,derived_secondary_ecl_duration_error,derived_secondary_ecl_depth,derived_secondary_ecl_depth_error
[from data line 362]
375316653866487564,2035171013462198272,0.51458484,2195.99746395351,0.2828407565953019,2.955726E-6,16.692537,9.487519E-4,0.3243573,0.0015819572,0.013044552,0.002318609,0.060186982,0.0069819093,0.961342,0.018062701,0.03125577,0.00967021,0.004019366,0.0015059307,0.006824032,0.0013390179,0.3243573,0.0015819572,"TWOGAUSSIANS_WITH_ELLIPSOIDAL_ON_ECLIPSE1",9,1.4826932,0.3243573,0.0015819572,0.07304949,0.01298421,0.07383502,0.0073276926,0.961342,0.018062701,0.1750323,0.054153178,0.009819531,0.002210681
375316653866487564,2035171597565569152,0.4750914,2233.2192172869436,2.42989416519556,1.3525032E-5,17.674957,0.01817561,0.23815303,0.008349138,0.09612459,0.013607154,0.17912114,0.016861727,0.76844394,0.00941234,0.09698584,0.010384952,0.18640989,0.018390961,null,null,null,null,"TWOGAUSSIANS",8,14.639191,0.76844394,0.0094118435,0.4,0.0,0.17798936,0.013053507,0.23815303,0.0083517255,0.4,0.0,0.17070097,0.011456319
375316653866487564,2035171765044698880,0.53903705,2212.9147461858306,0.2943995311754958,8.1628794E-5,16.678604,0.00546336,0.4997169,0.011917409,0.04645228,0.009630478,0.0893394,0.0073442487,0.68909246,0.006453103,0.054304145,0.0042285845,0.97943836,0.15010208,null,null,null,null,"TWOGAUSSIANS",8,78.73952,0.68909246,0.006453103,0.30410323,0.023680074,0.9794603,0.15018967,0.5042669,0.015810454,0.26013276,0.053930674,0.091901,0.0071817255
375316653866487564,2035173001995222912,0.5335541,2230.6286619863113,2.478122420132282,1.4104388E-5,19.02983,0.06981115,0.28169033,0.0065133995,0.10963476,0.020391304,0.38584545,0.06863128,0.78297544,0.003557983,0.10670594,0.014852335,0.416485,0.06773516,null,null,null,null,"TWOGAUSSIANS",8,3.5281594,0.78297544,0.0035614755,0.4,0.0,0.3618346,0.016651697,0.28169033,0.006514629,0.4,0.0,0.33118576,0.015442142
375316653866487564,2035173620464614016,0.5676908,2214.1310675852487,0.0612299242105035,1.6284798E-4,19.086636,0.0035160251,0.41618353,1.6303734E-4,0.008060654,1.178765E-4,0.5861358,0.0076090978,0.70086235,0.04882454,0.071997106,0.027074452,0.02304461,0.010059392,null,null,null,null,"TWOGAUSSIANS",8,1.16487,0.41618353,1.6303734E-4,0.045139663,6.601084E-4,0.5861451,0.0076396107,0.70086235,0.04882454,0.4,0.110403314,0.02304461,0.010059392
375316653866487564,2035173620465075840,0.5806796,2219.5624612512797,1.33819163070414,9.492802E-6,18.618263,0.010673239,0.26216966,0.0028699022,0.08778332,0.0046649147,0.30679044,0.011501156,0.7558254,0.002213084,0.07499902,0.002869301,0.57708144,0.026097652,null,null,null,null,"TWOGAUSSIANS",8,2.989547,0.7558254,0.002213084,0.4,0.0,0.57065237,0.02625588,0.26216966,0.0028699022,0.4,0.0,0.3003613,0.010285585
375316653866487564,2035174342024974208,0.5862394,2245.009009786563,0.3475424797471032,2.900527E-5,18.526299,0.006772532,0.26916984,0.0035393457,0.036756888,0.0018054425,1.461891,0.17164414,0.7422827,0.012684488,0.08024839,0.015799388,0.07526995,0.015158377,null,null,null,null,"TWOGAUSSIANS",8,3.5143833,0.26916984,0.0035393457,0.20583858,0.010110478,1.461878,0.1716498,0.7422827,0.012684488,0.4,0.0,0.07525687,0.015180776
375316653866487564,2035174518144097920,0.57457256,2225.657699224346,2.6476309263884144,7.3708848E-6,19.289877,0.0076401876,0.13773721,0.002329729,0.06950516,0.0036435348,0.60429806,0.036641028,0.6368884,0.0028280574,0.05727081,0.0023176442,0.6042148,0.016745158,null,null,null,null,"TWOGAUSSIANS",8,1.9997842,0.13773721,0.002329729,0.3892289,0.020238385,0.6038072,0.03681635,0.6368884,0.0028280574,0.32071653,0.012978807,0.60372394,0.01667497
375316653866487564,2035174689942371712,0.44684064,2217.9520092507605,2.108131752278502,2.5027364E-5,19.689255,0.18951763,0.17061982,0.019983051,0.12243098,0.09317544,0.2850245,0.16146025,0.6231744,0.01031097,0.091343485,0.020705476,0.57934606,0.1698165,null,null,null,null,"TWOGAUSSIANS",8,20.073383,0.6231744,0.01031097,0.4,0.0,0.5515118,0.0809354,0.17062981,0.019979972,0.4,0.0,0.25687245,0.071051836
375316653866487564,2035174861752958848,0.51937294,2259.4561741245307,0.07109019756379466,8.466479E-6,12.890347,0.10217144,0.21994942,0.0029999996,0.21598335,0.028111007,0.4098476,0.0962986,0.71808904,0.0022760578,0.19348142,0.0192965,0.3800238,0.079094976,null,null,null,null,"TWOGAUSSIANS",8,24.562393,0.22156943,0.0035949026,0.4,0.0,0.063043624,0.0030470486,0.71808904,0.0022760578,0.4,0.0,0.062464684,0.0023053724
375316653866487564,2035175269738046208,0.4954802,2225.00882902579,0.4120243580918601,2.8301052E-5,18.52318,0.0028219796,0.29052785,0.0040971637,0.019513393,0.0023236072,0.14617097,0.01584209,0.79239273,0.006080568,0.017521067,0.0033256419,0.14533672,0.021661349,null,null,null,null,"TWOGAUSSIANS",8,1.8462814,0.29052785,0.0040971637,0.109275006,0.0130122,0.14617097,0.01584209,0.79239273,0.006080568,0.09811798,0.018623594,0.14533672,0.021661349
375316653866487564,2035175377137949312,0.48329112,2223.763544669166,1.722903314404861,1.5040205E-5,18.896143,0.012136217,0.24401498,0.009273345,0.08861415,0.013417281,0.18745036,0.019770732,0.7296975,0.0036200492,0.072239585,0.0056547453,0.38351548,0.025815906,null,null,null,null,"TWOGAUSSIANS",8,7.7804585,0.7296975,0.0036200492,0.4,0.010786635,0.38045055,0.025996951,0.24401498,0.009273345,0.4,0.0,0.18438536,0.020073332
375316653866487564,2035175652016056704,0.493909,2219.761617390018,2.303310432281074,1.3810517E-5,18.750305,0.008481852,0.2522759,0.0029058247,0.093824476,0.0043846588,0.26150873,0.010087011,0.76097757,0.0035660225,0.090390846,0.0065639275,0.15682386,0.008957233,null,null,null,null,"TWOGAUSSIANS",8,1.7713962,0.2522759,0.0029058247,0.4,0.0,0.25256032,0.008677986,0.76097757,0.0035660225,0.4,0.0,0.14787577,0.0073030503
375316653866487564,2035175720735081216,0.4306784,2223.8427471218843,0.2502924275242671,4.2381816E-5,19.942648,0.014136297,0.3083034,0.01220825,0.028536778,0.012902955,0.4703599,0.7597566,0.6994883,0.010329893,0.026915703,0.0071255313,0.4062068,0.16670513,0.047776397,0.01742714,0.6994883,0.010329893,"TWOGAUSSIANS_WITH_ELLIPSOIDAL_ON_ECLIPSE2",9,3.8566673,0.30728337,0.014078066,0.15980595,0.07225655,0.5280842,0.7594448,0.6994883,0.010329893,0.15072794,0.039902978,0.50175875,0.16947751
375316653866487564,2035176025652562816,0.60534227,2218.690367931943,2.4538764628137852,7.5452404E-6,18.148672,0.007036838,0.27195036,0.0033179636,0.08176877,0.0048479773,0.42844635,0.02282536,0.7754508,0.0016305154,0.08035125,0.0029974354,0.41625977,0.011247437,null,null,null,null,"TWOGAUSSIANS",8,2.8062816,0.27195036,0.0033179636,0.4,0.0,0.4216503,0.024131833,0.7754508,0.0016305154,0.4,0.0,0.40946373,0.011579063
375316653866487564,2035177193883892224,0.47710896,2188.7380952572585,0.9817348399728888,2.3078379E-5,19.12747,0.00837685,0.24836814,0.016304128,0.06377426,0.018130703,0.11947238,0.038443804,0.7184625,0.003741188,0.051478777,0.004235927,0.3594656,0.034831382,null,null,null,null,"TWOGAUSSIANS",8,3.8812196,0.7184625,0.003741188,0.28828114,0.023721192,0.35945573,0.034837388,0.24836814,0.016304128,0.35713586,0.099643156,0.1194625,0.038458772
375316653866487564,2035177713600235136,0.4411551,2225.1234351970375,0.2779315102499738,6.4536136E-5,18.42801,0.002151746,0.05281052,1.9201444E-4,0.008523901,4.6649989E-4,0.062391542,0.0011603818,0.4714283,4.654009E-6,0.005774338,6.2871084E-5,0.31637236,6.912036E-5,null,null,null,null,"TWOGAUSSIANS",8,2.1367147,0.4714283,4.654009E-6,0.03233629,3.5207806E-4,0.31637236,6.912036E-5,0.05281052,1.9201444E-4,0.047733847,0.0026123994,0.062391542,0.0011603818
375316653866487564,2035177954118062720,0.51487625,2205.336837573426,2.650087106357205,2.7926364E-5,18.584879,0.026657961,0.22924653,0.005582474,0.10346459,0.01934133,0.1540041,0.02236867,0.7146517,0.010948746,0.10147733,0.020224072,0.17820975,0.021704482,null,null,null,null,"TWOGAUSSIANS",8,2.4519112,0.7146517,0.010948746,0.4,0.0,0.1640675,0.014181629,0.22924653,0.0055738054,0.4,0.0,0.139861,0.009492152
375316653866487564,2035178057208638080,0.49157113,2214.0638545409706,2.148450300752507,1.2259259E-5,16.627487,0.001990689,null,null,null,null,null,null,null,null,null,null,null,null,0.05875995,0.0031246603,0.27983817,0.0031154444,"ELLIPSOIDAL",4,14.137575,null,null,null,null,null,null,null,null,null,null,null,null
375316653866487564,2035178155953246208,0.5772785,2221.2418597296055,1.1023893540159035,7.2438456E-6,19.2143,0.00942393,0.224112,0.005557069,0.076679386,0.0063948836,0.23859033,0.015918178,0.71672744,0.0025326055,0.07733549,0.0038096302,0.54787207,0.019754114,null,null,null,null,"TWOGAUSSIANS",8,2.0416372,0.71672744,0.0025326055,0.4,0.0,0.54471314,0.019635351,0.224112,0.005557069,0.4,0.0,0.2354314,0.015975496
375316653866487564,2035179053627729280,0.6045936,2215.185328730128,2.8156547157756973,5.1715715E-6,19.381498,0.011156263,0.23157685,0.0015590542,0.041829377,0.0036181977,0.44959214,0.04327801,0.7366091,0.0034813115,0.041119166,0.005547853,0.3507944,0.028207727,0.17488188,0.017188814,0.23157685,0.0015590542,"TWOGAUSSIANS_WITH_ELLIPSOIDAL_ON_ECLIPSE1",9,2.503104,0.23157685,0.0015590542,0.23424451,0.020261906,0.7993558,0.046259653,0.7366091,0.0034813115,0.23026733,0.031067977,0.7002085,0.029471474
375316653866487564,2035179122347121408,0.46719167,2225.245657049792,0.8117983580382517,1.9662504E-5,19.641733,0.0057190196,0.07415996,0.027990222,0.029988077,0.02480757,0.2956397,0.2618481,0.5756377,0.0026908044,0.025917534,0.0018309592,0.24688365,0.012693066,null,null,null,null,"TWOGAUSSIANS",8,1.3832012,0.07415996,0.027990222,0.16793323,0.1389224,0.2956397,0.2618481,0.5756377,0.0026908044,0.14513819,0.010253372,0.24688365,0.012693066
375316653866487564,2035179152382534144,0.54152536,2213.9157257081915,2.468487247315851,1.3662407E-5,19.11765,0.007462771,0.28318924,0.0013245221,0.059721693,0.0027243227,0.6205427,0.042573687,0.77857447,0.0023576198,0.065981194,0.0044260803,0.56570876,0.050739136,null,null,null,null,"TWOGAUSSIANS",8,4.2636056,0.28318924,0.0013245221,0.33444148,0.015256207,0.6201688,0.042678397,0.77857447,0.0023576198,0.3694947,0.02478605,0.56533486,0.050929036
375316653866487564,2035180183175316608,0.6262586,2221.2783172972304,2.632760821930414,9.615738E-6,17.821838,0.0061702,0.24408211,0.004665166,0.07028161,0.0035577014,0.5937782,0.008712334,0.7405499,0.0037109961,0.068483554,0.0032987578,0.600639,0.017810075,null,null,null,null,"TWOGAUSSIANS",8,6.666968,0.7405499,0.0037109961,0.3835079,0.018473044,0.59898716,0.017670821,0.24408211,0.004665166,0.393577,0.014735072,0.59212637,0.008441846
375316653866487564,2035180320626005632,0.4891205,2220.985655583844,0.6037339768325938,5.024404E-6,19.75449,0.005265369,0.22094442,0.0013245486,0.003990339,0.0017072395,0.86236346,0.546732,0.87082046,0.03494602,0.019048575,0.018892331,0.30352202,19336.305,null,null,null,null,"TWOGAUSSIANS",8,1.9346237,0.22094442,0.0013245486,0.022345899,0.009560541,0.86236346,0.546732,0.87082046,0.03494602,0.10667202,0.10579705,0.30352202,19336.305
375316653866487564,2035180526772799488,0.49821487,2226.590954832104,0.930861338194547,1.8449738E-5,18.215103,0.0032939585,0.29161668,0.0015275171,0.007974302,0.005644841,0.039063953,0.0950149,0.77739847,0.001719083,0.044433717,0.0028813754,0.13570634,0.0068607433,0.019023705,0.0047306945,0.77739847,0.001719083,"TWOGAUSSIANS_WITH_ELLIPSOIDAL_ON_ECLIPSE2",9,2.8344502,0.77739847,0.001719083,0.24882881,0.016135702,0.1737537,0.006228175,0.29154667,0.0013711284,0.044656094,0.03161111,0.076809935,0.10133754
375316653866487564,2035181454485751424,0.5717461,2245.5032820194147,1.8409323612000836,4.8985935E-6,19.139956,0.007597205,0.23211282,0.007216749,0.079535745,0.0064077685,0.202824,0.01024867,0.73796964,0.0040100385,0.061175834,0.004032797,0.6331236,0.053405415,null,null,null,null,"TWOGAUSSIANS",8,2.0292268,0.73796964,0.0040100385,0.34258467,0.022583663,0.6321136,0.0538926,0.23211282,0.007216749,0.4,0.0,0.20181397,0.009823375
375316653866487564,2035181596255108352,0.49835244,2220.586283268091,1.055840514800845,1.38636115E-5,19.451199,0.017349085,0.16299655,0.005648892,0.10017689,0.012904298,0.19722132,0.017290175,0.66356194,0.0049526477,0.08901444,0.00793105,0.31430387,0.0195996,null,null,null,null,"TWOGAUSSIANS",8,1.8508593,0.66356194,0.0049526477,0.4,0.0,0.29960516,0.015924579,0.16299655,0.005648892,0.4,0.0,0.18252116,0.015327501
375316653866487564,2035181664972649216,0.48623723,2242.452223465425,2.39241448913043,2.4680412E-5,19.533192,0.023716005,0.2831315,0.006314865,0.07515737,0.008746512,0.4225235,0.03709244,0.7869686,0.016483806,0.06478693,0.014925353,0.45726454,0.041752182,null,null,null,null,"TWOGAUSSIANS",8,5.114816,0.7869686,0.016483806,0.36280683,0.0653687,0.45592573,0.040858947,0.2831315,0.006314865,0.4,0.0031758994,0.4211847,0.03693848
375316653866487564,2035181836771171712,0.62738925,2243.495452787085,3.173579671954097,8.125435E-6,17.784996,0.029040163,0.23890752,0.0023251716,0.046664424,0.010368104,0.34549862,0.03136893,0.73405486,0.0059024156,0.044750612,0.010731547,0.44696516,0.05834002,0.12279843,0.036489427,0.23890752,0.0023251716,"TWOGAUSSIANS_WITH_ELLIPSOIDAL_ON_ECLIPSE1",9,6.9024897,0.73444486,0.005312755,0.2506034,0.060096662,0.6923517,0.021301573,0.23890752,0.0023251716,0.26132077,0.058061384,0.5910952,0.049489435
375316653866487564,2035182244759884032,0.60711694,2221.532405505888,2.5340410328263396,4.3432615E-6,17.982014,0.0044994024,0.2699831,0.0011256968,0.07778572,0.0020320995,0.40958586,0.009283167,0.77164525,0.0025849158,0.08132435,0.003260612,0.43939686,0.008685616,null,null,null,null,"TWOGAUSSIANS",8,2.427843,0.77164525,0.0025849158,0.4,0.0,0.433505,0.008867527,0.2699831,0.0011256968,0.4,0.0,0.40369403,0.009646164
375316653866487564,2035182661407056000,0.51287985,2201.178274700886,2.7987573757746977,1.7975104E-5,18.98515,0.007764066,0.2592423,0.008687119,0.013310437,0.022892669,0.7321861,0.6627529,0.77677417,0.048417274,0.050132446,0.06438377,0.033153664,0.0097189285,null,null,null,null,"TWOGAUSSIANS",8,1.4023825,0.2592423,0.008687119,0.07453845,0.12819895,0.7321861,0.6627552,0.77677417,0.048417274,0.2807417,0.2771844,0.033153664,0.00971889
375316653866487564,2035183898364611584,0.5145305,2239.5292288100504,2.6596731977854087,1.0606046E-5,16.774204,0.107133634,0.23683754,0.0051660766,0.122182354,0.03518308,0.17784342,0.10283057,0.73276615,0.0045448393,0.12651478,0.039961565,0.18870816,0.10341238,null,null,null,null,"TWOGAUSSIANS",8,10.227037,0.73276615,0.0045448393,0.4,0.0,0.14179857,0.0068226987,0.23688753,0.005219974,0.4,0.0,0.1310053,0.007923425
375316653866487564,2035184345029299328,0.5670769,2226.0478458149637,2.853515663601838,1.0048711E-5,17.975695,0.011307309,0.30645263,0.002282407,0.09176824,0.0046551568,0.2649148,0.012289796,0.8051586,0.0038915288,0.08851297,0.005727573,0.2248985,0.012448723,null,null,null,null,"TWOGAUSSIANS",8,2.8487742,0.30645263,0.002282407,0.4,0.0,0.25468034,0.009219904,0.8051586,0.0038915288,0.4,0.0,0.21466416,0.009472204
375316653866487564,2035184581222105856,0.46806768,2226.112592893506,1.2314611092108987,8.818489E-6,16.696356,0.0014795763,0.15326267,0.030145185,0.038394205,0.024509853,0.005076983,0.0047117565,0.5916901,0.0021013354,0.017230831,0.0017997881,0.06348314,0.007655553,null,null,null,null,"TWOGAUSSIANS",8,5.053629,0.5916901,0.0021013354,0.096492656,0.010078813,0.06348314,0.007655553,0.15326267,0.030145185,0.21500754,0.13725518,0.005076983,0.0047117565
375316653866487564,2035184929156812544,0.54796356,2218.1051612174697,3.5921827563059705,6.159522E-6,18.790787,0.012221157,0.27697036,0.003036639,0.083884254,0.0041055693,0.48726383,0.021473823,0.76690066,0.0034512414,0.0911388,0.005402437,0.43753242,0.01909879,null,null,null,null,"TWOGAUSSIANS",8,4.4015183,0.27697036,0.003036639,0.4,0.0,0.47409487,0.021368386,0.76690066,0.0034512414,0.4,0.0,0.42436317,0.019850202
