Gaia/vari_eclipsing_binary/VariEclipsingBinary_460387-460397.csv
# %ECSV 1.0
# ---
# delimiter: ','
# meta: !!omap
# - RELEASE: Gaia DR3
# - TABLE: vari_eclipsing_binary
# - DESCRIPTION: >
#     This table describes the properties of the eclipsing binaries resulting from the variability analysis. 
# - CITATION: >
#     How to cite and acknowledge Gaia: 
#     https://gea.esac.esa.int/archive/documentation/credits.html 
# - KNOWN_ISSUES: >
#     Known issues: 
#     https://www.cosmos.esa.int/web/gaia-users/known-issues 
# - DOCUMENTATION: >
#     Tutorials and documentation: 
#     https://www.cosmos.esa.int/web/gaia-users/archive 
# datatype:
# - 
#   name: solution_id
#   datatype: int64
#   description: Solution Identifier
#   meta:
#     ucd: meta.version
# - 
#   name: source_id
#   datatype: int64
#   description: Unique source identifier
#   meta:
#     ucd: meta.id;meta.main
# - 
#   name: global_ranking
#   datatype: float32
#   description: Number between 0 (worst) and 1 (best)
#   meta:
#     ucd: stat.param
# - 
#   name: reference_time
#   datatype: float64
#   unit: d
#   description: Reference time used for the geometric model fit
#   meta:
#     ucd: time.epoch
# - 
#   name: frequency
#   datatype: float64
#   unit: d**-1
#   description: Frequency of geometric model of the eclipsing binary light curve
#   meta:
#     ucd: src.orbital
# - 
#   name: frequency_error
#   datatype: float32
#   unit: d**-1
#   description: "Uncertainty of \\texttt{frequency}"
#   meta:
#     ucd: stat.error
# - 
#   name: geom_model_reference_level
#   datatype: float32
#   unit: mag
#   description: Magnitude reference level of geometric model
#   meta:
#     ucd: phot.mag;em.opt
# - 
#   name: geom_model_reference_level_error
#   datatype: float32
#   unit: mag
#   description: "Uncertainty of \\texttt{geomModelReferenceLevel}"
#   meta:
#     ucd: stat.error;phot.mag;em.opt
# - 
#   name: geom_model_gaussian1_phase
#   datatype: float32
#   description: Phase of the Gaussian 1 component
#   meta:
#     ucd: time.phase
# - 
#   name: geom_model_gaussian1_phase_error
#   datatype: float32
#   description: "Uncertainty of \\texttt{geomModelGaussian1Phase}"
#   meta:
#     ucd: stat.error;time.phase
# - 
#   name: geom_model_gaussian1_sigma
#   datatype: float32
#   description: "Standard deviation [phase] of Gaussian 1 component"
#   meta:
#     ucd: stat.stdev
# - 
#   name: geom_model_gaussian1_sigma_error
#   datatype: float32
#   description: "Uncertainty of \\texttt{geomModelGaussian1Sigma}"
#   meta:
#     ucd: stat.error
# - 
#   name: geom_model_gaussian1_depth
#   datatype: float32
#   unit: mag
#   description: Magnitude depth of Gaussian 1 component
#   meta:
#     ucd: src.var.amplitude
# - 
#   name: geom_model_gaussian1_depth_error
#   datatype: float32
#   unit: mag
#   description: "Uncertainty of \\texttt{geomModelGaussian1Depth}"
#   meta:
#     ucd: stat.error;src.var.amplitude
# - 
#   name: geom_model_gaussian2_phase
#   datatype: float32
#   description: Phase of Gaussian 2 component
#   meta:
#     ucd: time.phase
# - 
#   name: geom_model_gaussian2_phase_error
#   datatype: float32
#   description: "Uncertainty of \\texttt{geomModelGaussian2Phase}"
#   meta:
#     ucd: stat.error;time.phase
# - 
#   name: geom_model_gaussian2_sigma
#   datatype: float32
[...]
#   datatype: float32
#   description: "Secondary eclipse: uncertainty of \\texttt{derivedSecondaryEclDuration}"
#   meta:
#     ucd: stat.error;time.duration
# - 
#   name: derived_secondary_ecl_depth
#   datatype: float32
#   unit: mag
#   description: "Secondary eclipse: depth"
#   meta:
#     ucd: src.var.amplitude
# - 
#   name: derived_secondary_ecl_depth_error
#   datatype: float32
#   unit: mag
#   description: "Secondary eclipse: uncertainty of \\texttt{derivedSecondaryEclDepth}"
#   meta:
#     ucd: stat.error;src.var.amplitude
solution_id,source_id,global_ranking,reference_time,frequency,frequency_error,geom_model_reference_level,geom_model_reference_level_error,geom_model_gaussian1_phase,geom_model_gaussian1_phase_error,geom_model_gaussian1_sigma,geom_model_gaussian1_sigma_error,geom_model_gaussian1_depth,geom_model_gaussian1_depth_error,geom_model_gaussian2_phase,geom_model_gaussian2_phase_error,geom_model_gaussian2_sigma,geom_model_gaussian2_sigma_error,geom_model_gaussian2_depth,geom_model_gaussian2_depth_error,geom_model_cosine_half_period_amplitude,geom_model_cosine_half_period_amplitude_error,geom_model_cosine_half_period_phase,geom_model_cosine_half_period_phase_error,model_type,num_model_parameters,reduced_chi2,derived_primary_ecl_phase,derived_primary_ecl_phase_error,derived_primary_ecl_duration,derived_primary_ecl_duration_error,derived_primary_ecl_depth,derived_primary_ecl_depth_error,derived_secondary_ecl_phase,derived_secondary_ecl_phase_error,derived_secondary_ecl_duration,derived_secondary_ecl_duration_error,derived_secondary_ecl_depth,derived_secondary_ecl_depth_error
[from data line 1097]
375316653866487564,4049691613745807616,0.47750705,2208.9052434112273,0.32481401898015194,2.7086353E-5,18.524696,0.011097528,0.24755828,0.013117643,0.080053724,0.014716961,0.20175488,0.032015752,0.8262502,0.0076930393,0.06947306,0.012096903,0.31827614,0.07187412,null,null,null,null,"TWOGAUSSIANS",8,6.5611715,0.8262502,0.0076930393,0.3890491,0.060875263,0.317999,0.07212417,0.24755828,0.013117643,0.4,0.0,0.20147756,0.032118093
375316653866487564,4049691716784865920,0.46560526,2222.3647461024325,0.5597832356255416,7.388919E-5,18.347885,0.05341482,0.4612672,0.029255059,0.111847244,0.026596319,0.22764695,0.04635402,0.8096237,0.05322991,0.19621019,0.08510387,0.15878747,0.04371981,null,null,null,null,"TWOGAUSSIANS",8,3.759893,0.47918722,0.023386361,0.4,0.0,0.22642484,0.01977366,0.8096237,0.05322991,0.4,0.0,0.12332619,0.025860874
375316653866487564,4049691781248605568,0.43959153,2228.0963093012124,0.3512747490532906,6.5109845E-5,18.430622,0.24306029,0.41484812,0.012860586,0.2222086,0.058054954,0.8655274,0.21752812,0.83441466,0.012963335,0.049406875,0.009035674,0.4853525,0.0814319,null,null,null,null,"TWOGAUSSIANS",8,9.163511,0.41484812,0.012860586,0.4,0.0,0.69948775,0.11466862,0.83441466,0.012963335,0.2766785,0.050599772,0.49338135,0.07354904
375316653866487564,4049691815612163840,0.51075965,2242.3796903847233,0.8594316030265219,1.2021153E-5,17.747992,0.0150946975,0.02761904,4.3260073E-4,0.006393032,7.6408725E-4,0.38618442,0.10911114,0.65780264,0.004749561,0.057310876,0.0077870334,0.42596018,0.028106727,null,null,null,null,"TWOGAUSSIANS",8,17.982117,0.65780264,0.004749561,0.3209409,0.043607388,0.42596018,0.028106727,0.02761904,4.3260073E-4,0.03580098,0.004278889,0.38618442,0.10911114
375316653866487564,4049691819904315008,0.54330546,2217.256835909343,2.350847342099447,1.507272E-5,15.323444,0.01745415,0.242713,0.003860512,0.0984601,0.00797988,0.27669287,0.01707301,0.737044,0.009704813,0.08880056,0.010621048,0.28096965,0.02881943,null,null,null,null,"TWOGAUSSIANS",8,64.09428,0.737044,0.009704813,0.4,0.0,0.26644716,0.027835367,0.242713,0.003860512,0.4,0.0,0.262169,0.010955266
375316653866487564,4049691819904375040,0.4949862,2184.4839071183533,1.6069239235299349,3.7495003E-5,19.344763,0.01270971,0.35306787,0.02588648,0.0734661,0.017097615,0.34167066,0.039737787,0.75659585,0.0202226,0.057120606,0.056835942,0.18048476,0.07431712,null,null,null,null,"TWOGAUSSIANS",8,1.2059007,0.35306787,0.025855541,0.4,0.007952812,0.34165552,0.03984803,0.75659585,0.0202226,0.3198754,0.12509179,0.18046974,0.075458616
375316653866487564,4049692060422721920,0.70381767,2231.838155637649,1.711045348103351,3.302477E-6,14.441765,0.005773183,0.29178363,0.0012915127,0.049718358,0.0013494731,0.4758025,0.015236941,0.78986627,0.0059807906,0.05531844,0.007684497,0.08023058,0.013110414,0.10034633,0.0077064703,0.29178363,0.0012915127,"TWOGAUSSIANS_WITH_ELLIPSOIDAL_ON_ECLIPSE1",9,13.625084,0.29178363,0.0012915127,0.2784228,0.0075570494,0.6764906,0.009204958,0.7905863,0.0042037885,0.30978328,0.043033186,0.2809005,0.0051432936
375316653866487564,4049692163501654144,0.4919265,2227.5129688170978,0.6826608539939847,1.01030295E-4,18.917751,0.024936026,0.08241372,0.06507918,0.15607604,0.07175381,0.09172937,0.02664733,0.5324682,0.10587835,0.06731999,0.027841369,0.8629254,2.1589038,null,null,null,null,"TWOGAUSSIANS",8,1.7108526,0.5324682,0.10587835,0.37699193,0.050866865,0.8508231,2.1626906,0.08241372,0.06193944,0.4,0.0,0.07800701,0.017886667
375316653866487564,4049692266541801728,0.46813434,2185.698661323437,0.39461853056921176,5.7804744E-5,18.770803,0.027860232,0.18345493,0.008812274,0.056506243,0.012438277,0.2571651,0.028981611,0.59009737,0.02626007,0.13509901,0.028528389,0.2111187,0.03449254,null,null,null,null,"TWOGAUSSIANS",8,4.651914,0.18408494,0.008678125,0.31643495,0.069654346,0.25610802,0.027946308,0.59009737,0.02626007,0.4,0.0,0.2077559,0.02769984
375316653866487564,4049692404020341376,0.44877052,2250.9529904124583,0.16662152910639302,4.7265337E-5,18.660072,0.10180434,0.27545425,0.0070655993,0.066340335,0.022348622,0.20604235,0.084651105,0.8003503,0.022468446,0.1524554,0.072008245,0.21689506,0.08673231,null,null,null,null,"TWOGAUSSIANS",8,2.833785,0.8003503,0.022468446,0.4,0.0,0.1949573,0.03690118,0.27498424,0.007294005,0.37150586,0.11931237,0.18637608,0.044309184
375316653866487564,4049692472739611904,0.4500102,2287.672320285925,0.3429768275845107,1.6579688E-5,18.029726,0.015348095,0.13669422,0.002516282,0.00254094,0.0015958312,0.13898848,0.13504256,0.82838947,0.034272555,0.057271834,0.022542844,0.14926584,0.06747038,0.081206456,0.016923651,0.13669422,0.002516282,"TWOGAUSSIANS_WITH_ELLIPSOIDAL_ON_ECLIPSE1",9,6.4936743,0.13669422,0.002516282,0.014229263,0.008936655,0.30140087,0.13975777,0.82838947,0.034272555,0.32072228,0.12623993,0.17010403,0.05467934
375316653866487564,4049692472739832960,0.51975703,2239.6453050876626,0.4230356478700698,3.1843516E-5,18.555277,0.12937278,0.18941848,0.015995493,0.061876338,0.012757136,0.21598151,0.045687012,0.57395655,0.03380641,0.21513493,0.06619778,0.3231814,0.13005613,null,null,null,null,"TWOGAUSSIANS",8,3.4217222,0.57395655,0.03380641,0.4,0.0,0.26869488,0.025887739,0.19850847,0.013443072,0.3465075,0.07143996,0.23442787,0.021842731
375316653866487564,4049692571436748032,0.47180346,2240.975564481249,2.224834804842487,2.1876462E-5,18.304596,0.030111345,0.17777339,0.09375881,0.049070466,0.08978954,0.18902795,1.39056628E11,0.7143213,0.011796736,0.09135103,0.022382423,0.12027937,0.029977232,null,null,null,null,"TWOGAUSSIANS",8,3.6166933,0.17777339,0.09375537,0.2747946,0.35186762,0.18884815,1.39056628E11,0.7143213,0.011796011,0.4,0.0,0.12009927,0.014194507
375316653866487564,4049692747576282496,0.45440826,2280.6499222770735,0.5545632050318917,1.3303349E-4,18.659405,0.068466,0.2337735,0.0133876745,0.13630748,0.034119364,0.2651252,0.0675568,0.8074071,0.011096159,0.053813063,0.012875545,0.23458613,0.0587134,null,null,null,null,"TWOGAUSSIANS",8,7.2173276,0.2337735,0.0133876745,0.4,0.0,0.26024508,0.05053223,0.80796707,0.010639363,0.30135316,0.07210305,0.23174612,0.050820608
375316653866487564,4049692747616753536,0.49997213,2252.723045417825,0.9682650124090362,2.5554482E-5,18.648714,0.13403915,0.11079015,0.017209003,0.13876346,0.035338912,0.2699102,0.09634172,0.5636385,0.009103567,0.17030926,0.03458008,0.43671736,0.12444743,null,null,null,null,"TWOGAUSSIANS",8,2.7652793,0.5636385,0.009103567,0.4,0.0,0.29256812,0.014296739,0.12544015,0.0059695835,0.4,0.0,0.1406735,0.023958549
375316653866487564,4049692811921205248,0.49208125,2246.037833712742,2.155652029593168,6.1312658E-6,16.64712,0.028292786,0.27331418,0.0023614105,0.07363803,0.004663436,0.26567262,0.019140067,0.7659817,0.041855585,0.11927873,0.109020755,0.07324304,0.03880075,null,null,null,null,"TWOGAUSSIANS",8,10.698517,0.27331418,0.0021046158,0.4,0.0,0.25877512,0.007875752,0.7659817,0.041855585,0.4,0.0,0.06632243,0.045194224
375316653866487564,4049692850655494016,0.48002845,2300.76796748775,0.9448372339555312,4.2230295E-5,18.962463,0.0144367,0.29903364,0.016184203,0.11643018,0.023998588,0.17980735,0.013815002,0.8485551,0.0032658156,0.040222935,0.0079807015,2.487886,1.8526095,null,null,null,null,"TWOGAUSSIANS",8,2.566685,0.8485551,0.0032658686,0.22524843,0.044691928,2.4867868,1.8532727,0.29903364,0.016184203,0.4,0.0,0.17860454,0.013806225
375316653866487564,4049692919377318272,0.44089743,2254.6030791679723,0.19732477484209424,2.2931095E-5,19.052073,0.025687616,0.08943443,0.007709567,0.115457475,0.032086425,0.13921987,0.03453679,0.55481374,0.016780864,0.016719194,0.006568096,0.47195268,0.28679794,null,null,null,null,"TWOGAUSSIANS",8,5.261919,0.55481374,0.016780864,0.09362748,0.03678134,0.4719304,0.28679892,0.08943443,0.007709567,0.4,0.0,0.13915326,0.03463719
375316653866487564,4049692988135160832,0.48574343,2278.122040532025,0.46467048486611634,6.9241876E-5,18.561243,0.052771468,0.21539025,0.005566019,0.093703814,0.018438531,0.4068102,0.05054492,0.77844715,0.038517684,0.09635425,0.039788727,0.43716228,0.2512904,null,null,null,null,"TWOGAUSSIANS",8,7.6777496,0.7784571,0.0385082,0.4,0.0,0.42668942,0.27814242,0.21537025,0.0055398457,0.4,0.0,0.39634457,0.03948256
375316653866487564,4049693224295849472,0.57123876,2257.464509179346,2.5908234928216647,1.4244069E-5,18.831226,0.016533816,0.19549775,0.00859318,0.08835605,0.009664549,0.4335538,0.047460783,0.6830924,0.0018088471,0.075179264,0.0038771152,0.55244106,0.017459987,null,null,null,null,"TWOGAUSSIANS",8,2.3294818,0.6830924,0.0018088471,0.4,0.0,0.5453249,0.016396489,0.19549775,0.00859318,0.4,0.0,0.42643756,0.047083657
375316653866487564,4049693258655690240,0.48959586,2239.4411198391485,3.2714629108405426,4.7159487E-5,18.024847,0.031756353,0.3038879,0.008038001,0.051250152,0.015624315,0.81985146,0.6171567,0.8373541,0.048613183,0.04594167,0.059650276,0.29272687,0.5578636,null,null,null,null,"TWOGAUSSIANS",8,24.81872,0.3038879,0.008038001,0.28700086,0.08749616,0.81985116,0.6173304,0.8373541,0.048613183,0.25727335,0.21199508,0.29272658,0.558487
375316653866487564,4049693331691753600,0.556086,2231.458058895233,3.523299700017557,2.441128E-5,18.013165,0.032807533,0.27819657,0.007872698,0.08055946,0.009269692,0.5384363,0.047707204,0.7938566,0.007874949,0.0831918,0.017103618,0.4272123,0.037571397,null,null,null,null,"TWOGAUSSIANS",8,20.5712,0.27819657,0.007872698,0.4,0.0,0.53171736,0.04509762,0.7938566,0.007874949,0.4,7.257354E-4,0.42049333,0.03859983
375316653866487564,4049693400411402624,0.42023045,2269.6331437034314,0.09846541366760178,1.0889613E-4,18.495934,0.01637392,0.4204205,0.01694561,0.12077516,0.030162472,0.073483646,0.01858524,0.72731686,0.00829864,0.0139177665,0.0051656705,0.36584905,0.40879586,null,null,null,null,"TWOGAUSSIANS",8,7.1860156,0.72731686,0.00829864,0.077939495,0.028927755,0.3687324,0.40927973,0.4204205,0.01694561,0.4,0.0,0.07345575,0.018580537
375316653866487564,4049693400451800960,0.4753488,2310.2910940659613,0.3252277015727391,2.4971132E-5,18.509848,0.020786492,0.27775067,0.005513898,0.045902867,0.010668267,0.13231604,0.048549417,0.7736855,0.014784725,0.010095493,0.014627984,0.31424415,0.16652836,0.0919273,0.035049886,0.27775067,0.005513898,"TWOGAUSSIANS_WITH_ELLIPSOIDAL_ON_ECLIPSE1",9,14.643818,0.7737055,0.014597825,0.05653476,0.08191671,0.497979,0.18582974,0.27775067,0.005513898,0.25705606,0.05974229,0.31617022,0.051918495
375316653866487564,4049693533530842240,0.45290974,2283.2458177847943,2.686756078109022,2.6783528E-5,18.343212,0.009587312,null,null,null,null,null,null,null,null,null,null,null,null,0.15002927,0.019176839,0.15297116,0.0062478683,"ELLIPSOIDAL",4,19.64836,null,null,null,null,null,null,null,null,null,null,null,null
375316653866487564,4049693533533912448,0.4373227,2249.397139904853,0.2842663113342169,6.560969E-5,18.51496,0.043468084,0.289937,0.019057497,0.09341816,0.014537271,0.18842125,0.040647566,0.64870554,0.035023417,0.092317574,0.060607634,0.18441077,0.046824194,null,null,null,null,"TWOGAUSSIANS",8,4.5644817,0.29012698,0.016951427,0.4,0.0,0.1875561,0.028261628,0.64870554,0.035023417,0.4,0.0,0.1835665,0.031637263
375316653866487564,4049693675329961856,0.44644868,2347.9007656463323,1.8830588184795554,3.8873466E-5,18.01707,0.20565294,0.15761723,0.009118282,0.09351783,0.03734568,0.22687216,0.1135954,0.64443755,0.014760576,0.17839296,0.13136935,0.17976564,0.20116091,null,null,null,null,"TWOGAUSSIANS",8,5.7871847,0.15844724,0.008061271,0.4,0.040114067,0.17341535,0.027048906,0.64443755,0.014760576,0.4,0.0,0.119090624,0.036072493
375316653866487564,4049693705329379840,0.5372152,2264.2712427042648,4.492885310401185,2.9552664E-5,18.018425,0.03216391,0.088575706,0.03516271,0.028702535,0.02347254,0.07247102,0.017694324,0.4972299,0.0077575836,0.19462684,0.022816036,0.27263272,0.030418452,null,null,null,null,"TWOGAUSSIANS",8,3.8780575,0.4972299,0.0077575836,0.4,0.0,0.25224444,0.014564911,0.0919357,0.041191176,0.16073419,0.13144623,0.085329846,0.02636806
375316653866487564,4049693709649507200,0.4496774,2322.9037783088193,0.07785740763578974,6.436825E-5,18.678928,0.045584954,0.0727253,0.017538385,0.069019616,0.011399697,0.35007554,0.050942626,0.44982198,0.013556405,0.12875803,0.018610913,0.7591051,0.13528891,null,null,null,null,"TWOGAUSSIANS",8,4.581575,0.44982198,0.013556405,0.4,0.0,0.75132674,0.13661571,0.0761853,0.018597288,0.38650987,0.05195645,0.35312876,0.05028287
375316653866487564,4049694014570696064,0.492209,2161.7121439879584,2.3439356302638776,6.377637E-5,17.677504,0.0064353934,0.3837701,0.10684126,0.04693586,0.16328362,0.06738802,0.038921863,0.7003192,0.011909479,0.06568231,0.015230774,0.13631739,0.037380807,null,null,null,null,"TWOGAUSSIANS",8,1.3371501,0.7003192,0.011909479,0.36782092,0.04664285,0.13631739,0.03773061,0.3837701,0.29096746,0.2628408,0.13068147,0.06738925,0.06852121
375316653866487564,4049694190726451200,0.44858262,2232.2742361459254,1.184020907493029,8.070157E-5,18.664902,0.023355534,0.42677543,0.024688322,0.08777562,0.03981333,0.111259095,0.024836699,0.89508957,0.021242622,0.07127773,0.040707022,0.056748234,0.023518488,null,null,null,null,"TWOGAUSSIANS",8,2.0100665,0.42677543,0.024685094,0.4,0.060588915,0.11064763,0.022633875,0.89508957,0.021242622,0.3991553,0.114347085,0.05613684,0.019762658
375316653866487564,4049694255085854208,0.5774223,2246.2845816840404,2.32814120933549,2.692727E-5,18.516426,0.010647662,0.32176954,8.4048916E-5,0.043117624,8.20208E-4,0.50072443,0.00994636,0.78101254,0.0018974926,0.094798915,0.005464787,0.343707,0.012411953,null,null,null,null,"TWOGAUSSIANS",8,3.7932982,0.32176954,8.4048916E-5,0.2414587,0.0045931647,0.5004002,0.009778619,0.78101254,0.0018974926,0.4,0.0,0.34338,0.012395448
375316653866487564,4049694259445952640,0.5176066,2259.1150115617197,0.04933667163108857,4.031288E-5,18.944084,0.012660965,0.81592375,0.0049295267,0.058924135,0.04995243,0.08467329,4.260543,null,null,null,null,null,null,0.18918706,0.021423778,0.81592375,0.0049295267,"ONEGAUSSIAN_WITH_ELLIPSOIDAL",6,2.8954992,0.81592375,0.0049295267,0.32997516,0.27718034,0.46303678,4.271055,null,null,null,null,null,null
375316653866487564,4049694323787211648,0.50969315,2288.7470413211377,0.06366368660089457,3.1618067E-5,18.20979,0.0065449052,0.10995247,0.001715714,0.009067437,9.059622E-4,0.34967193,0.03113912,0.33212423,0.018953769,0.03684078,0.010806992,0.14889617,0.021689959,null,null,null,null,"TWOGAUSSIANS",8,4.2031846,0.10995247,0.001715714,0.050777644,0.005073388,0.34967193,0.03113912,0.33212423,0.018953769,0.20630838,0.060519155,0.14889617,0.021689959
375316653866487564,4049694392524521088,0.5498674,2269.9544116374373,3.6476409077545906,1.3940348E-4,18.716259,0.008892192,0.27277818,0.027211403,0.05589813,0.008553199,0.45904753,0.20267081,0.7538294,0.04293174,0.082121305,0.028985173,0.31381628,0.01915496,null,null,null,null,"TWOGAUSSIANS",8,3.723143,0.27277818,0.027211403,0.31302953,0.04789791,0.4584386,0.20249858,0.7538294,0.04293174,0.4,0.09485709,0.31320733,0.019492233
375316653866487564,4049694461214606080,0.5544976,2205.760859225527,3.183015292614191,2.9591241E-5,17.851484,0.048971955,0.19549297,0.009686262,0.042152002,0.023779264,0.55109406,0.13624929,0.69249743,0.03688558,0.03594334,0.03219977,0.44741678,2.388319,0.16020226,0.058594525,0.19549297,0.009686262,"TWOGAUSSIANS_WITH_ELLIPSOIDAL_ON_ECLIPSE1",9,30.977905,0.19549297,0.009686262,0.23605122,0.13316387,0.8714985,0.12042887,0.6926974,0.036344744,0.2012827,0.18031871,0.76771545,2.4081552
