Gaia/vari_eclipsing_binary/VariEclipsingBinary_462703-462731.csv
# %ECSV 1.0
# ---
# delimiter: ','
# meta: !!omap
# - RELEASE: Gaia DR3
# - TABLE: vari_eclipsing_binary
# - DESCRIPTION: >
#     This table describes the properties of the eclipsing binaries resulting from the variability analysis. 
# - CITATION: >
#     How to cite and acknowledge Gaia: 
#     https://gea.esac.esa.int/archive/documentation/credits.html 
# - KNOWN_ISSUES: >
#     Known issues: 
#     https://www.cosmos.esa.int/web/gaia-users/known-issues 
# - DOCUMENTATION: >
#     Tutorials and documentation: 
#     https://www.cosmos.esa.int/web/gaia-users/archive 
# datatype:
# - 
#   name: solution_id
#   datatype: int64
#   description: Solution Identifier
#   meta:
#     ucd: meta.version
# - 
#   name: source_id
#   datatype: int64
#   description: Unique source identifier
#   meta:
#     ucd: meta.id;meta.main
# - 
#   name: global_ranking
#   datatype: float32
#   description: Number between 0 (worst) and 1 (best)
#   meta:
#     ucd: stat.param
# - 
#   name: reference_time
#   datatype: float64
#   unit: d
#   description: Reference time used for the geometric model fit
#   meta:
#     ucd: time.epoch
# - 
#   name: frequency
#   datatype: float64
#   unit: d**-1
#   description: Frequency of geometric model of the eclipsing binary light curve
#   meta:
#     ucd: src.orbital
# - 
#   name: frequency_error
#   datatype: float32
#   unit: d**-1
#   description: "Uncertainty of \\texttt{frequency}"
#   meta:
#     ucd: stat.error
# - 
#   name: geom_model_reference_level
#   datatype: float32
#   unit: mag
#   description: Magnitude reference level of geometric model
#   meta:
#     ucd: phot.mag;em.opt
# - 
#   name: geom_model_reference_level_error
#   datatype: float32
#   unit: mag
#   description: "Uncertainty of \\texttt{geomModelReferenceLevel}"
#   meta:
#     ucd: stat.error;phot.mag;em.opt
# - 
#   name: geom_model_gaussian1_phase
#   datatype: float32
#   description: Phase of the Gaussian 1 component
#   meta:
#     ucd: time.phase
# - 
#   name: geom_model_gaussian1_phase_error
#   datatype: float32
#   description: "Uncertainty of \\texttt{geomModelGaussian1Phase}"
#   meta:
#     ucd: stat.error;time.phase
# - 
#   name: geom_model_gaussian1_sigma
#   datatype: float32
#   description: "Standard deviation [phase] of Gaussian 1 component"
#   meta:
#     ucd: stat.stdev
# - 
#   name: geom_model_gaussian1_sigma_error
#   datatype: float32
#   description: "Uncertainty of \\texttt{geomModelGaussian1Sigma}"
#   meta:
#     ucd: stat.error
# - 
#   name: geom_model_gaussian1_depth
#   datatype: float32
#   unit: mag
#   description: Magnitude depth of Gaussian 1 component
#   meta:
#     ucd: src.var.amplitude
# - 
#   name: geom_model_gaussian1_depth_error
#   datatype: float32
#   unit: mag
#   description: "Uncertainty of \\texttt{geomModelGaussian1Depth}"
#   meta:
#     ucd: stat.error;src.var.amplitude
# - 
#   name: geom_model_gaussian2_phase
#   datatype: float32
#   description: Phase of Gaussian 2 component
#   meta:
#     ucd: time.phase
# - 
#   name: geom_model_gaussian2_phase_error
#   datatype: float32
#   description: "Uncertainty of \\texttt{geomModelGaussian2Phase}"
#   meta:
#     ucd: stat.error;time.phase
# - 
#   name: geom_model_gaussian2_sigma
#   datatype: float32
[...]
#   datatype: float32
#   description: "Secondary eclipse: uncertainty of \\texttt{derivedSecondaryEclDuration}"
#   meta:
#     ucd: stat.error;time.duration
# - 
#   name: derived_secondary_ecl_depth
#   datatype: float32
#   unit: mag
#   description: "Secondary eclipse: depth"
#   meta:
#     ucd: src.var.amplitude
# - 
#   name: derived_secondary_ecl_depth_error
#   datatype: float32
#   unit: mag
#   description: "Secondary eclipse: uncertainty of \\texttt{derivedSecondaryEclDepth}"
#   meta:
#     ucd: stat.error;src.var.amplitude
solution_id,source_id,global_ranking,reference_time,frequency,frequency_error,geom_model_reference_level,geom_model_reference_level_error,geom_model_gaussian1_phase,geom_model_gaussian1_phase_error,geom_model_gaussian1_sigma,geom_model_gaussian1_sigma_error,geom_model_gaussian1_depth,geom_model_gaussian1_depth_error,geom_model_gaussian2_phase,geom_model_gaussian2_phase_error,geom_model_gaussian2_sigma,geom_model_gaussian2_sigma_error,geom_model_gaussian2_depth,geom_model_gaussian2_depth_error,geom_model_cosine_half_period_amplitude,geom_model_cosine_half_period_amplitude_error,geom_model_cosine_half_period_phase,geom_model_cosine_half_period_phase_error,model_type,num_model_parameters,reduced_chi2,derived_primary_ecl_phase,derived_primary_ecl_phase_error,derived_primary_ecl_duration,derived_primary_ecl_duration_error,derived_primary_ecl_depth,derived_primary_ecl_depth_error,derived_secondary_ecl_phase,derived_secondary_ecl_phase_error,derived_secondary_ecl_duration,derived_secondary_ecl_duration_error,derived_secondary_ecl_depth,derived_secondary_ecl_depth_error
[from data line 261]
375316653866487564,4070185273439303936,0.5204822,2336.216219714791,2.5398469091914104,2.3907303E-5,19.60427,0.01503659,0.26144066,0.0025558525,0.049326573,0.0043894555,0.42850867,0.053570524,0.81215984,0.01529258,0.07409424,0.013830203,0.23328467,0.017152283,null,null,null,null,"TWOGAUSSIANS",8,1.3154969,0.26144066,0.0025558525,0.27622882,0.02458095,0.42848116,0.053596828,0.81215984,0.01529258,0.4,0.04224712,0.23325717,0.017126637
375316653866487564,4070185617092432640,0.47478244,2249.0134079911504,0.20796464581817947,1.8881643E-4,16.262457,0.0055209915,0.25751868,0.0277529,0.029388672,0.008877839,1.3296422,0.8165857,0.7004312,0.074924126,0.019073386,0.04379226,0.3544492,0.5431255,null,null,null,null,"TWOGAUSSIANS",8,139.28404,0.25751868,0.0277529,0.16457656,0.0497159,1.3296422,0.8165857,0.7004312,0.074924126,0.106810965,0.24523665,0.3544492,0.5431255
375316653866487564,4070186338591629440,0.44536537,2420.5095499927356,1.9693587651518394,7.2929826E-5,19.398186,0.1860735,0.17983085,0.010949478,0.16044736,0.07444196,0.27391428,0.1776136,0.6301962,0.014685305,0.08280713,0.018960962,0.46585527,0.13855033,null,null,null,null,"TWOGAUSSIANS",8,2.4847548,0.6301962,0.014685305,0.4,0.010502472,0.4250652,0.08629428,0.17983085,0.010946692,0.4,0.0,0.2270191,0.054532006
375316653866487564,4070187369384901376,0.5376308,2282.984141651773,2.39262467908736,3.3412503E-5,19.780643,0.009049449,0.31515044,0.0046498277,0.043390606,0.0035413553,0.5586236,0.083858676,0.7802782,0.0070820823,0.030381907,0.007043465,0.38651776,0.024069477,null,null,null,null,"TWOGAUSSIANS",8,3.1508336,0.31515044,0.0046498277,0.2429874,0.01983159,0.5586236,0.083858676,0.7802782,0.0070820823,0.17013867,0.039443403,0.38651776,0.024069477
375316653866487564,4070187609907528192,0.48803273,2295.1254523960442,2.202271209822719,8.616994E-5,19.898817,0.023026204,0.30195823,0.09854403,0.093256205,0.09071434,0.07955312,0.09802794,0.7152667,0.0057051973,0.054391023,0.0066355,0.396629,0.03353002,null,null,null,null,"TWOGAUSSIANS",8,4.391969,0.7152667,0.0057051973,0.30458972,0.0371588,0.3965334,0.03328897,0.30195823,0.09854403,0.4,0.32728302,0.079453185,0.09815179
375316653866487564,4070187781756395520,0.5391264,2277.5415745347145,0.7424791738844242,2.5105508E-5,14.884832,0.0026471475,0.3011494,0.0050223903,0.016204998,0.006266875,0.6259931,2.0362744,0.77737725,0.028686186,0.036641635,0.016698591,0.20520818,0.21741259,0.0057703243,0.003933977,0.3011494,0.0050223903,"TWOGAUSSIANS_WITH_ELLIPSOIDAL_ON_ECLIPSE1",9,30.90156,0.3011494,0.0050223903,0.09074799,0.0350945,0.6375337,2.036254,0.77751726,0.02877002,0.20519315,0.09351212,0.21649475,0.21649124
375316653866487564,4070188331511711872,0.5215241,2296.3377509812817,2.0386847194772146,2.1344162E-5,18.981546,0.008533727,0.26844227,0.017542645,0.07131879,0.018037328,0.10373869,0.02814849,0.7731581,0.0046500363,0.061966658,0.0067394637,0.34629765,0.05481479,null,null,null,null,"TWOGAUSSIANS",8,2.2922523,0.7731581,0.0046500363,0.3470133,0.037740994,0.3460233,0.054964688,0.26844227,0.017542645,0.3993852,0.06980505,0.10346431,0.028401118
375316653866487564,4070188949932712576,0.55991405,2276.2799418062395,2.5385414184772315,7.0001465E-6,19.105091,0.016339023,0.27883294,0.007629602,0.07795796,0.007906071,0.48379827,0.025731472,0.77400756,0.0024627557,0.0749307,0.0055578314,0.4220043,0.01542619,null,null,null,null,"TWOGAUSSIANS",8,2.7351584,0.27883294,0.007629602,0.4,0.0,0.47991675,0.024629928,0.77400756,0.0024627557,0.4,0.0,0.4181228,0.014572609
375316653866487564,4070188984292492416,0.50800234,2316.2579704313334,1.0057595354084539,3.114232E-5,19.638594,0.03255421,0.3018481,0.005300021,0.08819999,0.013425565,0.43325686,0.036921855,0.78276557,0.012072264,0.081725076,0.018638827,0.49021682,0.16220193,null,null,null,null,"TWOGAUSSIANS",8,3.162728,0.78276557,0.012072264,0.4,0.0,0.4815729,0.16903669,0.3018481,0.005300021,0.4,0.0,0.42461276,0.03773983
375316653866487564,4070189289238097664,0.451701,2248.766451826096,3.3946493405901017,1.5070513E-5,18.448885,0.0049505113,0.2567349,0.0053266315,0.029837592,0.0074569634,0.027165012,0.021813316,null,null,null,null,null,null,0.08208506,0.011429555,0.2567349,0.0053266315,"ONEGAUSSIAN_WITH_ELLIPSOIDAL",6,6.97341,0.2567349,0.0053266315,0.1670905,0.041758996,0.1913348,0.010000869,null,null,null,null,null,null
375316653866487564,4070189667172243584,0.5163741,2241.962128460086,2.5155755329899216,1.6692113E-5,18.444307,0.025262643,0.23806083,0.0041954974,0.08557485,0.010380185,0.3784476,0.024790784,0.7408235,0.020962235,0.093544,0.02094877,0.35349548,0.07996911,null,null,null,null,"TWOGAUSSIANS",8,6.1614738,0.23806083,0.0041954974,0.4,0.0,0.36425185,0.025013167,0.7408235,0.020962235,0.4,0.0,0.33929932,0.084391825
375316653866487564,4070189667172255616,0.6215277,2259.7389830552024,2.426837184514082,6.868072E-6,16.551048,0.0046330267,0.24758787,0.0013712543,0.058149982,0.01509419,0.03053719,0.01147398,0.74395955,0.0028679315,0.03955413,0.00544424,0.06648317,0.009724981,0.09503967,0.0056712655,0.24758787,0.0013712543,"TWOGAUSSIANS_WITH_ELLIPSOIDAL_ON_ECLIPSE1",9,3.8195374,0.7449095,0.0021511554,0.22150314,0.030487744,0.25648648,0.003398182,0.24758787,0.0013712543,0.3256399,0.08452746,0.2206135,0.006943825
375316653866487564,4070189980722302208,0.4366665,2303.150631149575,2.3887101882280213,7.52168E-5,19.022322,0.012044388,0.26582512,9.56254E-4,0.011754827,8.464698E-4,0.15094067,0.024797289,0.49333212,0.009795775,0.06442481,0.0074043293,0.27639076,0.031259112,null,null,null,null,"TWOGAUSSIANS",8,8.13033,0.49333212,0.009795775,0.36077896,0.041464247,0.27639076,0.031259112,0.26585513,9.462636E-4,0.065827034,0.0047402307,0.15148257,0.025095975
375316653866487564,4070190938489734016,0.5359707,2290.925992126766,0.5913954508658554,4.761195E-5,19.198605,0.01478727,0.46668404,0.0038183292,0.043761414,0.0031286352,0.9678946,0.16724859,0.8959132,0.020783203,0.058648724,0.04567952,0.0552791,0.027592828,null,null,null,null,"TWOGAUSSIANS",8,2.997119,0.46668404,0.0038183292,0.24506392,0.017520357,0.96789455,0.16724873,0.8959132,0.020783203,0.32843286,0.2558053,0.055279035,0.027593574
375316653866487564,4070191904868668416,0.5006665,2237.0391541492563,0.3831570543471784,9.5715666E-5,19.173761,0.015477157,0.35229304,0.014329182,0.10715006,0.016933126,0.17610474,0.010054755,0.68488336,0.01545196,0.11557978,0.0409524,0.1404441,0.013970854,null,null,null,null,"TWOGAUSSIANS",8,1.3953434,0.35625303,0.007050073,0.4,0.0,0.17494202,0.011980137,0.68488336,0.01545196,0.4,0.0,0.13836008,0.01740161
375316653866487564,4070192351547640576,0.54607946,2267.5744835855476,3.1075214870312142,1.5707405E-5,18.417671,0.020688856,0.19558243,0.00821106,0.06501772,0.009464042,0.40127674,0.05417197,0.7026375,0.009250504,0.058923632,0.008921153,0.32066798,0.041549515,null,null,null,null,"TWOGAUSSIANS",8,8.464629,0.19558243,0.00821106,0.36409923,0.052998636,0.40110955,0.05424937,0.7026375,0.009250504,0.32997236,0.049958453,0.3205008,0.041410197
375316653866487564,4070192690829366400,0.534678,2250.618717853986,1.1161854875853146,4.2000305E-5,18.61475,0.007930328,0.65193045,0.01096093,0.047208533,0.008425576,0.56942666,0.43772572,0.84049463,0.0032917836,0.013126839,0.008377312,0.049190104,0.22063245,null,null,null,null,"TWOGAUSSIANS",8,5.1996093,0.65193045,0.01096093,0.2643678,0.047183223,0.56942666,0.43772572,0.84049463,0.0032917836,0.0735103,0.046912946,0.04938554,0.22067763
375316653866487564,4070193210595001984,0.658098,2272.7413747902206,3.5185932570309975,9.422279E-5,17.675392,6.5274717E-4,0.3970095,0.0051574362,0.027299082,0.0016395785,0.4067768,0.060170934,null,null,null,null,null,null,null,null,null,null,"ONEGAUSSIAN",5,0.38633102,0.3970095,0.0051574362,0.15287486,0.009181639,0.4067768,0.0,null,null,null,null,null,null
375316653866487564,4070194030867652480,0.5530435,2239.2315392982127,2.006935254028144,1.721376E-5,16.697641,0.06268522,0.27399752,0.0073907757,0.048292827,0.042198364,0.065924995,0.11701094,0.7623208,0.01814144,0.055180077,0.017621214,0.26107472,0.15765849,0.061458077,0.06265186,0.27399752,0.0073907757,"TWOGAUSSIANS_WITH_ELLIPSOIDAL_ON_ECLIPSE1",9,24.171404,0.76350087,0.016808487,0.30900842,0.0986788,0.38339382,0.10792602,0.27399752,0.0073907757,0.27043983,0.16154027,0.18883765,0.02788258
375316653866487564,4070194516209638784,0.4445924,2460.256482994828,3.3133825102001384,1.1954301E-4,18.559227,0.030093282,0.6644673,0.03285343,0.07186172,0.042158417,0.14669792,0.18781602,0.3603331,0.02257824,0.09637817,0.044476807,0.16839485,0.03687575,null,null,null,null,"TWOGAUSSIANS",8,4.266456,0.3603931,0.02214958,0.4,0.0,0.16835323,0.03690755,0.66307724,0.03171556,0.4,0.14228015,0.14782244,0.19274554
375316653866487564,4070194821133093888,0.6238354,2240.2221307377627,2.5093280147916186,7.2124985E-6,16.268946,0.023421016,0.24469739,0.0019214195,0.045043282,0.005761817,0.31843847,0.050463695,0.74190396,0.0035722293,0.055567805,0.0072979336,0.3834333,0.04772898,0.12012811,0.027973035,0.24469739,0.0019214195,"TWOGAUSSIANS_WITH_ELLIPSOIDAL_ON_ECLIPSE1",9,35.012165,0.742274,0.0031032225,0.3111797,0.040868428,0.62361246,0.01859963,0.24469739,0.0019214195,0.2522424,0.032266177,0.5586818,0.007909231
375316653866487564,4070194997245909760,0.6004905,2268.9525478762193,0.6734417551369409,6.2496797E-6,18.189747,0.007627404,0.8015094,0.0011543458,0.03561234,0.0016893868,0.7723432,0.047690183,null,null,null,null,null,null,0.03397796,0.011859441,0.8015094,0.0011543458,"ONEGAUSSIAN_WITH_ELLIPSOIDAL",6,5.9476647,0.8015094,0.0011543458,0.19942911,0.009460567,0.8402991,0.04994643,null,null,null,null,null,null
375316653866487564,4070195272124068992,0.5711618,2286.8008184950318,2.0746353363679044,1.012591E-5,19.545916,0.00616399,0.27873144,0.0044353167,0.074198365,0.006071186,0.5081704,0.04573775,0.7749448,0.0035259528,0.07492163,0.0029692098,0.5443057,0.037169166,null,null,null,null,"TWOGAUSSIANS",8,1.2368631,0.7749448,0.0035259528,0.4,0.0,0.5408094,0.037360895,0.27873144,0.0044353167,0.4,0.009758538,0.50467414,0.046862688
375316653866487564,4070195478282677120,0.43772376,2332.2432210313923,1.676846862280589,3.1658747E-5,19.934958,0.013102607,0.20148711,0.008112447,0.026567515,0.008180192,1.3493351,1.1224047,0.7362769,0.0018358568,0.018055895,0.0038267628,0.31268644,0.104644276,null,null,null,null,"TWOGAUSSIANS",8,2.232221,0.20148711,0.008112447,0.1487781,0.045809075,1.3493351,1.1224047,0.7362769,0.0018358568,0.101113014,0.021429872,0.31268644,0.104644276
375316653866487564,4070195508335616896,0.5046081,2274.6996817559275,3.958094706118881,3.159223E-5,19.403126,0.008108341,0.19166799,0.01894363,0.058172558,0.022349147,0.3842258,9.700932,0.8429716,0.010200401,0.029450286,0.010133567,0.89243126,33.54214,null,null,null,null,"TWOGAUSSIANS",8,4.2195196,0.8429716,0.010200401,0.1649216,0.056747977,0.89243126,33.54214,0.19166799,0.01894363,0.32576632,0.12515523,0.3842258,9.700932
375316653866487564,4070195821880002176,0.48691058,2281.163738597837,3.707448889288704,3.056157E-5,19.36605,0.0072042583,0.3431337,0.08040159,0.049591612,0.039074153,0.14287321,0.7974292,0.8735826,0.003356679,0.02615485,0.002851852,0.32247257,0.024434248,null,null,null,null,"TWOGAUSSIANS",8,1.6581811,0.8735826,0.003356679,0.14646716,0.01597037,0.32247257,0.024434248,0.3431337,0.08040159,0.27771303,0.21881527,0.14287321,0.7974292
375316653866487564,4070195890654343424,0.48968115,2247.852638724124,2.284428159271834,6.147485E-5,18.873457,0.0047016167,0.17415951,0.0048525888,0.03592059,0.0061147814,0.050511908,0.0056989975,0.6649051,0.044413637,0.015015672,0.021657057,0.21909271,0.27285632,null,null,null,null,"TWOGAUSSIANS",8,2.43479,0.6649051,0.044413637,0.08408777,0.12127952,0.21909271,0.27285632,0.17415951,0.0048525888,0.20115532,0.034242775,0.050511908,0.0056989975
375316653866487564,4070196096812813952,0.6616747,2235.5533628331186,2.4587974053024397,3.821299E-6,16.796206,0.005905907,0.27833956,0.0011905745,0.044476,0.0027135997,0.32043445,0.020406859,0.7763702,0.0016055966,0.044625804,0.0028515144,0.31135568,0.019497396,0.14725177,0.01036674,0.27833956,0.0011905745,"TWOGAUSSIANS_WITH_ELLIPSOIDAL_ON_ECLIPSE1",9,8.847813,0.27833956,0.0011905745,0.24906558,0.015196158,0.6149375,0.019310527,0.7766202,0.0013874996,0.2499045,0.015968481,0.60581946,0.017925903
375316653866487564,4070196199837513088,0.45090255,2255.936180613052,2.1069854725563517,2.2097422E-5,17.440323,0.0047706775,null,null,null,null,null,null,null,null,null,null,null,null,0.074165046,0.007755512,0.25830507,0.006537588,"ELLIPSOIDAL",4,24.060444,null,null,null,null,null,null,null,null,null,null,null,null
375316653866487564,4070196337277710848,0.4408419,2224.367932479368,0.49360848973820215,1.6033253E-5,19.651342,0.097187355,0.40633154,0.024245786,0.022695744,0.0206449,0.25767487,0.10806567,0.8314916,0.0043878793,0.08656479,0.026249493,0.31970477,0.08329593,null,null,null,null,"TWOGAUSSIANS",8,4.132316,0.8314916,0.0043878793,0.4,0.042738467,0.3197043,0.08328975,0.40633154,0.024245786,0.12709616,0.115611434,0.2576762,0.10806353
375316653866487564,4070196405994920704,0.46628803,2260.4681112116355,3.0562834891032495,2.6721118E-5,18.504877,0.019210413,0.2918517,0.008039489,0.10415783,0.017331706,0.13545698,0.019440833,0.7779042,0.0053778985,0.093808554,0.011042502,0.1551129,0.019796763,null,null,null,null,"TWOGAUSSIANS",8,2.9409268,0.7779042,0.0053778985,0.4,0.0,0.14520708,0.012429246,0.2918517,0.008039489,0.4,0.0,0.1255482,0.014259724
375316653866487564,4070196577795934464,0.49426427,2378.2167764471005,1.7755704443450049,6.868435E-5,19.492884,0.01778199,0.28427485,0.03365328,0.031072576,0.038568936,0.12168235,0.11267937,0.7114537,0.008846533,0.07226519,0.007987849,0.43538675,0.038589627,null,null,null,null,"TWOGAUSSIANS",8,2.775194,0.7114537,0.008846533,0.4,0.0222169,0.43538663,0.038583636,0.28427485,0.03365328,0.17400642,0.21598604,0.12168225,0.112720214
375316653866487564,4070197711665886848,0.54887706,2270.0137914440584,1.575186990368484,1.6144088E-5,19.637114,0.015687808,0.300993,0.002948312,0.065049656,0.0056953244,0.6281912,0.033294115,0.80708414,0.013084873,0.08612984,0.015204594,0.22580737,0.023125635,null,null,null,null,"TWOGAUSSIANS",8,1.3687744,0.300993,0.002948312,0.36427805,0.031893816,0.6256819,0.034205478,0.80708414,0.013084873,0.4,0.0,0.22329803,0.022836577
375316653866487564,4070198600731707264,0.5466228,2294.226940054259,2.3634438188393205,2.2621472E-5,18.444067,0.010911644,0.22132848,0.007755742,0.073744535,0.014421058,0.29296505,0.013054292,0.7208584,0.0075440696,0.07926141,0.007571126,0.26456973,0.024134258,null,null,null,null,"TWOGAUSSIANS",8,5.6871886,0.22132848,0.007755742,0.4,0.05357187,0.29032737,0.013076487,0.7208584,0.0075440696,0.4,0.0,0.26193205,0.024127616
375316653866487564,4070198811238964480,0.5056077,2316.958814008996,2.142877376984678,3.8183116E-5,17.75177,0.019363543,0.29619822,0.0073392247,0.079054505,0.02028855,0.28889638,0.03394502,0.7898743,0.004385753,0.06250891,0.009894947,0.17564067,0.018429426,null,null,null,null,"TWOGAUSSIANS",8,16.965208,0.29619822,0.0073392247,0.4,0.0,0.28812855,0.03539183,0.7898743,0.004385753,0.35004988,0.0554117,0.17487285,0.016967533
375316653866487564,4070198982985777408,0.4973983,2242.8554127995258,1.0736697573836524,9.528236E-5,18.844597,0.0036364861,0.43197682,0.027142972,0.078267194,0.019041257,0.27763858,0.7746014,0.909467,0.031201866,0.03089574,0.020048443,0.028222367,0.010442938,null,null,null,null,"TWOGAUSSIANS",8,1.6105045,0.43197682,0.027142972,0.4,0.054520007,0.2776358,0.7746037,0.909467,0.031201866,0.17301615,0.11227129,0.028219597,0.010444948
375316653866487564,4070199494054573440,0.54444116,2299.6435070768175,0.5469456228068624,1.4194968E-6,17.328588,0.0046899375,0.26142257,0.034582514,0.016223859,0.049752668,0.15605558,0.018981913,0.76386005,2.7924034E-4,0.017259592,8.172758E-4,0.12614684,0.003978794,null,null,null,null,"TWOGAUSSIANS",8,6.1301684,0.26142257,0.034582514,0.09085361,0.27861494,0.15605558,0.018981913,0.76386005,2.7924034E-4,0.096653715,0.0045767445,0.12614684,0.0039787935
