Gaia/vari_eclipsing_binary/VariEclipsingBinary_216290-216807.csv
# %ECSV 1.0
# ---
# delimiter: ','
# meta: !!omap
# - RELEASE: Gaia DR3
# - TABLE: vari_eclipsing_binary
# - DESCRIPTION: >
#     This table describes the properties of the eclipsing binaries resulting from the variability analysis. 
# - CITATION: >
#     How to cite and acknowledge Gaia: 
#     https://gea.esac.esa.int/archive/documentation/credits.html 
# - KNOWN_ISSUES: >
#     Known issues: 
#     https://www.cosmos.esa.int/web/gaia-users/known-issues 
# - DOCUMENTATION: >
#     Tutorials and documentation: 
#     https://www.cosmos.esa.int/web/gaia-users/archive 
# datatype:
# - 
#   name: solution_id
#   datatype: int64
#   description: Solution Identifier
#   meta:
#     ucd: meta.version
# - 
#   name: source_id
#   datatype: int64
#   description: Unique source identifier
#   meta:
#     ucd: meta.id;meta.main
# - 
#   name: global_ranking
#   datatype: float32
#   description: Number between 0 (worst) and 1 (best)
#   meta:
#     ucd: stat.param
# - 
#   name: reference_time
#   datatype: float64
#   unit: d
#   description: Reference time used for the geometric model fit
#   meta:
#     ucd: time.epoch
# - 
#   name: frequency
#   datatype: float64
#   unit: d**-1
#   description: Frequency of geometric model of the eclipsing binary light curve
#   meta:
#     ucd: src.orbital
# - 
#   name: frequency_error
#   datatype: float32
#   unit: d**-1
#   description: "Uncertainty of \\texttt{frequency}"
#   meta:
#     ucd: stat.error
# - 
#   name: geom_model_reference_level
#   datatype: float32
#   unit: mag
#   description: Magnitude reference level of geometric model
#   meta:
#     ucd: phot.mag;em.opt
# - 
#   name: geom_model_reference_level_error
#   datatype: float32
#   unit: mag
#   description: "Uncertainty of \\texttt{geomModelReferenceLevel}"
#   meta:
#     ucd: stat.error;phot.mag;em.opt
# - 
#   name: geom_model_gaussian1_phase
#   datatype: float32
#   description: Phase of the Gaussian 1 component
#   meta:
#     ucd: time.phase
# - 
#   name: geom_model_gaussian1_phase_error
#   datatype: float32
#   description: "Uncertainty of \\texttt{geomModelGaussian1Phase}"
#   meta:
#     ucd: stat.error;time.phase
# - 
#   name: geom_model_gaussian1_sigma
#   datatype: float32
#   description: "Standard deviation [phase] of Gaussian 1 component"
#   meta:
#     ucd: stat.stdev
# - 
#   name: geom_model_gaussian1_sigma_error
#   datatype: float32
#   description: "Uncertainty of \\texttt{geomModelGaussian1Sigma}"
#   meta:
#     ucd: stat.error
# - 
#   name: geom_model_gaussian1_depth
#   datatype: float32
#   unit: mag
#   description: Magnitude depth of Gaussian 1 component
#   meta:
#     ucd: src.var.amplitude
# - 
#   name: geom_model_gaussian1_depth_error
#   datatype: float32
#   unit: mag
#   description: "Uncertainty of \\texttt{geomModelGaussian1Depth}"
#   meta:
#     ucd: stat.error;src.var.amplitude
# - 
#   name: geom_model_gaussian2_phase
#   datatype: float32
#   description: Phase of Gaussian 2 component
#   meta:
#     ucd: time.phase
# - 
#   name: geom_model_gaussian2_phase_error
#   datatype: float32
#   description: "Uncertainty of \\texttt{geomModelGaussian2Phase}"
#   meta:
#     ucd: stat.error;time.phase
# - 
#   name: geom_model_gaussian2_sigma
#   datatype: float32
[...]
#   datatype: float32
#   description: "Secondary eclipse: uncertainty of \\texttt{derivedSecondaryEclDuration}"
#   meta:
#     ucd: stat.error;time.duration
# - 
#   name: derived_secondary_ecl_depth
#   datatype: float32
#   unit: mag
#   description: "Secondary eclipse: depth"
#   meta:
#     ucd: src.var.amplitude
# - 
#   name: derived_secondary_ecl_depth_error
#   datatype: float32
#   unit: mag
#   description: "Secondary eclipse: uncertainty of \\texttt{derivedSecondaryEclDepth}"
#   meta:
#     ucd: stat.error;src.var.amplitude
solution_id,source_id,global_ranking,reference_time,frequency,frequency_error,geom_model_reference_level,geom_model_reference_level_error,geom_model_gaussian1_phase,geom_model_gaussian1_phase_error,geom_model_gaussian1_sigma,geom_model_gaussian1_sigma_error,geom_model_gaussian1_depth,geom_model_gaussian1_depth_error,geom_model_gaussian2_phase,geom_model_gaussian2_phase_error,geom_model_gaussian2_sigma,geom_model_gaussian2_sigma_error,geom_model_gaussian2_depth,geom_model_gaussian2_depth_error,geom_model_cosine_half_period_amplitude,geom_model_cosine_half_period_amplitude_error,geom_model_cosine_half_period_phase,geom_model_cosine_half_period_phase_error,model_type,num_model_parameters,reduced_chi2,derived_primary_ecl_phase,derived_primary_ecl_phase_error,derived_primary_ecl_duration,derived_primary_ecl_duration_error,derived_primary_ecl_depth,derived_primary_ecl_depth_error,derived_secondary_ecl_phase,derived_secondary_ecl_phase_error,derived_secondary_ecl_duration,derived_secondary_ecl_duration_error,derived_secondary_ecl_depth,derived_secondary_ecl_depth_error
[from data line 461]
375316653866487564,1906714829431339648,0.52973866,2129.0389213068365,2.5806722940243207,2.9981376E-5,16.47041,0.052957863,0.294,0.003216318,0.054294366,0.015513581,0.19510189,0.11250725,0.7995748,0.008627821,0.055785343,0.02609717,0.23174952,0.09588617,0.05153057,0.060777012,0.294,0.003216318,"TWOGAUSSIANS_WITH_ELLIPSOIDAL_ON_ECLIPSE1",9,72.99101,0.7995748,0.008627821,0.31239793,0.14614414,0.33467218,0.04283227,0.294,0.003216318,0.30404845,0.08687605,0.29815096,0.025811292
375316653866487564,1906722079336280192,0.43845958,2098.6218156691557,0.19025471851946785,9.3700546E-5,15.524959,0.0029274044,0.36771068,0.0027688981,0.004699422,0.0035656202,0.20579933,0.6586809,null,null,null,null,null,null,0.0064634597,0.005220759,0.36771068,0.0027688981,"ONEGAUSSIAN_WITH_ELLIPSOIDAL",6,139.36905,0.36771068,0.0027688981,0.026316762,0.019967474,0.21872623,0.65924263,null,null,null,null,null,null
375316653866487564,1906724896834819200,0.5647978,2105.206354430879,1.7745535075997876,1.0339975E-5,12.066165,0.030839214,0.24666107,0.003009008,0.28356057,0.027312059,0.4237105,0.029948624,0.7431808,0.0028255982,0.15855806,0.012457887,0.27675268,0.050018042,null,null,null,null,"TWOGAUSSIANS",8,40.57475,0.7431808,0.0028255982,0.4,0.0,0.078592,0.002356851,0.24796107,0.0029558903,0.4,0.0,0.05201758,0.001898532
375316653866487564,1906734448838509440,0.632973,2115.8282545400607,1.521523962601879,4.1244043E-6,11.923568,0.012803728,0.20529711,0.0012632007,0.115306154,0.006247061,0.18713965,0.0114899585,0.704445,0.0014184694,0.12236701,0.0053056674,0.21771601,0.012576391,null,null,null,null,"TWOGAUSSIANS",8,39.924652,0.704445,0.0014184694,0.4,0.0,0.17385218,0.0023818526,0.20530711,0.0012690185,0.4,0.0,0.14334807,0.0028748256
375316653866487564,1906745615757014272,0.5439468,2134.6770054145154,4.158846033338722,6.776767E-6,16.276299,0.0015706273,0.38939965,0.0019005055,0.022493638,0.002533335,0.35027927,0.04755781,null,null,null,null,null,null,null,null,null,null,"ONEGAUSSIAN",5,9.912858,0.38939965,0.0019005055,0.12596437,0.014186676,0.35027927,0.0,null,null,null,null,null,null
375316653866487564,1906768460685115392,0.43204463,2118.3341696515226,4.051005257897979,2.3414237E-5,18.663992,0.005808948,0.21464506,0.0068408973,0.027934067,0.005489219,0.08139815,0.036051802,0.56590027,8.1852387E-4,0.007382584,0.010706217,0.27248323,0.047829494,null,null,null,null,"TWOGAUSSIANS",8,8.638293,0.56590027,8.1852387E-4,0.041342467,0.05995482,0.27248323,0.047829494,0.21464506,0.0068408973,0.15643078,0.030739626,0.08139815,0.036051802
375316653866487564,1906771866597452544,0.6355832,2153.6844230795678,2.6700244554842154,4.5945444E-6,14.322737,0.015409959,0.25380927,8.10443E-4,0.059468307,0.013512338,0.06865657,0.032588873,0.76404196,0.008614652,0.05388172,0.023253394,0.05471428,0.032253668,0.0857834,0.018038193,0.25380927,8.10443E-4,"TWOGAUSSIANS_WITH_ELLIPSOIDAL_ON_ECLIPSE1",9,22.955053,0.25380927,8.10443E-4,0.3330225,0.07566909,0.24021208,0.00432955,0.76404196,0.008614652,0.30173764,0.130219,0.22556156,0.0057032686
375316653866487564,1906778802966787200,0.61539006,2160.0034082353473,3.185866982571999,6.354887E-6,17.024736,0.0122043975,0.2432752,0.0012017487,0.051666167,0.0031816396,0.429086,0.02543513,0.73949367,0.0025278113,0.0632789,0.0033594521,0.59281075,0.030146098,0.08941404,0.01431017,0.2432752,0.0012017487,"TWOGAUSSIANS_WITH_ELLIPSOIDAL_ON_ECLIPSE1",9,24.458458,0.7398237,0.0022888829,0.35436183,0.018812932,0.7713571,0.029311007,0.2432752,0.0012017487,0.28933054,0.01781718,0.6077245,0.017495517
375316653866487564,1906785984152185472,0.56786,2117.9754759407037,1.9137235069494927,7.5470284E-6,18.153238,0.0068581104,0.17062241,0.0022449025,0.026027769,0.0016579161,0.8700659,0.036618397,0.6707124,0.0028612216,0.030706495,0.004745221,0.4987391,0.16859736,0.018855914,0.011231901,0.17062241,0.0022449025,"TWOGAUSSIANS_WITH_ELLIPSOIDAL_ON_ECLIPSE1",9,13.612422,0.17062241,0.0022449025,0.1457555,0.0092843305,0.9077777,0.03474336,0.6707124,0.002852341,0.17195638,0.026573239,0.53645086,0.17860354
375316653866487564,1906791206832982144,0.57252526,2136.4275293753,2.0483263538688723,1.25370525E-5,18.528465,0.0057589505,0.22028716,0.003680861,0.026280921,0.0027519336,0.80827504,0.05657026,0.72173935,0.0017672274,0.03182311,0.0011883667,0.6719996,0.022365326,null,null,null,null,"TWOGAUSSIANS",8,7.4430604,0.22028716,0.003680861,0.14717315,0.015410828,0.80827504,0.05657026,0.72173935,0.0017672274,0.17820942,0.0066548535,0.6719996,0.022365326
375316653866487564,1906795776677057280,0.49038962,2112.986467367923,1.5532197637726477,1.0535502E-5,18.899862,0.00421726,0.7150335,0.0019087627,0.026329,0.0019774253,0.37235925,0.033526678,null,null,null,null,null,null,0.016403098,0.005744796,0.7150335,0.0019087627,"ONEGAUSSIAN_WITH_ELLIPSOIDAL",6,4.7065516,0.7150335,0.0019087627,0.1474424,0.011073581,0.40516543,0.034854494,null,null,null,null,null,null
375316653866487564,1906796949206098176,0.5881014,2134.6575813527056,2.7983768935573075,5.685485E-6,13.93432,0.007176249,0.2397437,0.0011629191,0.052153185,0.004028876,0.19407248,0.017195275,0.73724866,0.0077220225,0.048286926,0.0073266127,0.1437148,0.018479474,0.09449209,0.009737487,0.2397437,0.0011629191,"TWOGAUSSIANS_WITH_ELLIPSOIDAL_ON_ECLIPSE1",9,281.58768,0.2397437,0.0011629191,0.29205784,0.022561707,0.38305402,0.012315633,0.73773867,0.006062575,0.27040678,0.041029032,0.33265895,0.010318187
375316653866487564,1906797597743259520,0.4645641,2135.431394320295,1.5526727826348203,1.4688452E-5,17.099712,0.0023614364,0.18753289,0.013788965,0.010171823,0.014284058,0.03539286,1483060.9,0.6862018,0.0025321196,0.020631822,0.0025673877,0.10370695,0.009634158,0.013077631,0.004987366,0.18753289,0.013788965,"TWOGAUSSIANS_WITH_ELLIPSOIDAL_ON_ECLIPSE1",9,13.23457,0.6862118,0.002498538,0.1155382,0.0143773705,0.12986039,0.01048532,0.18753289,0.013788965,0.05696221,0.07999072,0.06154811,1483060.9
375316653866487564,1906827460654098432,0.4637327,2162.7647595775993,0.9601328229947508,1.6193586E-5,13.809894,0.016933048,0.2305608,0.00898995,0.12537196,0.0347187,0.031367052,0.01636008,0.75350904,0.0039692195,0.13556772,0.02311939,0.054616217,0.01620797,null,null,null,null,"TWOGAUSSIANS",8,26.197878,0.75367904,0.0035086945,0.4,0.0,0.04352545,0.0023314813,0.22951078,0.008847336,0.4,0.0,0.020393413,0.0024656053
375316653866487564,1906829522238538240,0.6013293,2164.5380282719016,3.7513519488421343,6.92316E-6,17.094265,0.012164535,0.29829884,0.0030514225,0.05373868,0.0056696255,0.28106654,0.025151879,0.79358935,0.0014225483,0.058548458,0.0037678778,0.28381458,0.02940898,0.08791389,0.016495293,0.79358935,0.0014225483,"TWOGAUSSIANS_WITH_ELLIPSOIDAL_ON_ECLIPSE2",9,13.860403,0.79358935,0.0014225483,0.32787138,0.021100115,0.45960692,0.015906006,0.2977088,0.0025947257,0.3009366,0.0317499,0.45672417,0.0127103245
375316653866487564,1906853947714681984,0.51407915,2141.9236437940317,3.4849301973753835,9.521346E-6,19.35674,0.008689759,0.25435805,0.006113714,0.07793297,0.0067506074,0.44826156,0.032297306,0.75656503,0.0030376283,0.07076876,0.0055817897,0.4467835,0.04432013,null,null,null,null,"TWOGAUSSIANS",8,2.3471856,0.25435805,0.006113714,0.4,0.0,0.44527927,0.032983273,0.75656503,0.0030376283,0.39630505,0.025107594,0.4438012,0.04540763
375316653866487564,1906856082315653376,0.47427583,2155.90698382547,0.12653999762805312,4.851152E-5,15.5851555,0.0038058853,0.846595,0.012229004,0.009665766,0.03007429,0.05513038,0.03398604,0.5291289,0.004663773,0.004804467,0.001145142,0.8570801,1.1675085,null,null,null,null,"TWOGAUSSIANS",8,105.67486,0.5291289,0.004663773,0.026905013,0.0064127957,0.8570801,1.1675085,0.846595,0.012229004,0.054128285,0.16841604,0.05513038,0.03398604
375316653866487564,1906856357193555840,0.4747299,2155.341348865374,1.2206881457555476,2.2704045E-5,13.243431,0.082381114,0.2617805,0.0040256875,0.14513864,0.017371899,0.41848493,0.12045537,0.7756765,0.008783528,0.3293339,0.027763639,0.969068,0.08525874,null,null,null,null,"TWOGAUSSIANS",8,331.04877,0.2535905,0.0041034054,0.4,0.0,0.15374988,0.010567731,0.7782265,0.007934833,0.4,0.0,0.11261937,0.008666749
375316653866487564,1906871509838148096,0.4817236,2129.8556608407903,3.743367320348078,1.6997583E-5,18.178244,0.013541727,0.27028173,0.0035329666,0.06454294,0.008734681,0.26785454,0.017179795,0.7479656,0.01982838,0.06791859,0.016185362,0.12175755,0.018437335,null,null,null,null,"TWOGAUSSIANS",8,14.169819,0.27028173,0.0035329666,0.36144048,0.04891421,0.26770517,0.017221428,0.7479656,0.01982838,0.38034412,0.07410759,0.12160815,0.018553173
375316653866487564,1906873532765738496,0.4575448,2138.3152295320665,2.55743423612511,2.6057742E-5,18.15177,0.024444979,0.3057261,0.013309233,0.13277254,0.035860192,0.102495305,0.022577299,0.7576825,0.0057071163,0.059867848,0.014282732,0.17145804,0.02034196,null,null,null,null,"TWOGAUSSIANS",8,8.043165,0.7576825,0.0057071163,0.33525994,0.0799833,0.16797645,0.017036753,0.3057261,0.013309233,0.4,0.0,0.09868095,0.014521783
375316653866487564,1906873811937378816,0.513681,2158.834195094674,3.627928544318502,1.9812507E-5,19.867373,0.009680235,0.24359985,0.0044858744,0.05897705,0.0047693285,0.54127824,0.067804776,0.7350085,0.0030325481,0.0667606,0.005056984,0.43257973,0.020641703,null,null,null,null,"TWOGAUSSIANS",8,2.4635854,0.24359985,0.0044858744,0.33027148,0.02670824,0.54100984,0.06789077,0.7350085,0.0030325481,0.37385938,0.02831911,0.43231133,0.020704161
375316653866487564,1906876350264351744,0.59123886,2159.6601375287582,2.917760051441505,6.8478353E-6,16.381195,0.0040783673,0.24675038,0.001011657,0.047996785,0.0040354915,0.07779614,0.009626262,0.7525692,0.008587366,0.042471092,0.008839894,0.07012694,0.011591734,0.112396635,0.0052768625,0.24675038,0.001011657,"TWOGAUSSIANS_WITH_ELLIPSOIDAL_ON_ECLIPSE1",9,14.166788,0.24675038,0.001011657,0.268782,0.02259875,0.30258876,0.004714227,0.7525692,0.0081266165,0.23783812,0.04950341,0.29461923,0.008525905
375316653866487564,1906885631690776448,0.56664366,2164.4584536197644,0.5212675137787807,9.580616E-6,13.58618,4.5964253E-4,0.21137793,0.0028496587,0.016502634,0.002587061,0.20703265,0.04162213,0.7108194,0.0023730872,0.01617106,0.0020818906,0.20619224,0.06598461,0.0017589099,7.76989E-4,0.21137793,0.0028496587,"TWOGAUSSIANS_WITH_ELLIPSOIDAL_ON_ECLIPSE1",9,23.210506,0.21137793,0.0028496587,0.09241475,0.01448754,0.21055046,0.04181677,0.7108194,0.0023730872,0.09055794,0.011658587,0.20971002,0.066518016
375316653866487564,1906886314588922624,0.4965296,2171.003414901125,4.097715817149831,1.30407625E-5,19.590336,0.00796463,0.31519067,0.002453055,0.0393019,0.0037859296,0.25246602,0.025594294,0.81515336,0.0039887917,0.041675378,0.004755081,0.30043814,0.030924255,0.046518106,0.013557845,0.31519067,0.002453055,"TWOGAUSSIANS_WITH_ELLIPSOIDAL_ON_ECLIPSE1",9,2.9425862,0.81515336,0.0038640765,0.23338212,0.026628455,0.39347428,0.025066841,0.31519067,0.002453055,0.22009063,0.021201206,0.34550217,0.020950167
375316653866487564,1906892366197081728,0.56381744,2168.2084967821384,2.2546376573141362,6.1018777E-6,18.893217,0.00825509,0.17126237,0.003104501,0.039185785,0.0057062437,0.15151583,0.021418978,0.656768,0.001506894,0.04437366,0.0015182341,0.74714816,0.027748177,0.040103808,0.014900477,0.17126237,0.003104501,"TWOGAUSSIANS_WITH_ELLIPSOIDAL_ON_ECLIPSE1",9,5.09675,0.65700805,0.001452952,0.24849251,0.008502111,0.8267028,0.021745384,0.17126237,0.003104501,0.2194404,0.031954966,0.23172307,0.013325716
375316653866487564,1906894668302443648,0.5266596,2162.102967721836,2.4204087757134665,1.2243151E-5,14.818534,0.017219773,0.23391776,0.0025480266,0.054287966,0.005196495,0.3712466,0.04184293,0.7301539,0.0027478111,0.046324495,0.005071622,0.42502573,0.03803972,0.117761716,0.02385906,0.23391776,0.0025480266,"TWOGAUSSIANS_WITH_ELLIPSOIDAL_ON_ECLIPSE1",9,474.4557,0.73047394,0.002460757,0.25941718,0.028401082,0.66041934,0.030718949,0.23391776,0.0025480266,0.3040126,0.029100372,0.6067606,0.018789554
375316653866487564,1906895939612713856,0.5476909,2173.4921848356303,0.06435505739040889,1.3828846E-5,16.435856,0.0016347476,0.0631512,2.205452E-5,0.00257511,2.5791085E-5,0.4395059,0.0019854805,0.86108315,0.011655747,0.05265959,0.014241985,0.012783462,0.0028329259,null,null,null,null,"TWOGAUSSIANS",8,7.7508397,0.0631512,2.205452E-5,0.0144206155,1.4443007E-4,0.439514,0.0019851527,0.86108315,0.011655747,0.2948937,0.07975512,0.012783462,0.0028329259
375316653866487564,1906898134339739520,0.47595575,2187.6154781629184,1.997602333729187,2.6133688E-5,17.861889,0.001452816,0.4288538,0.006218518,0.023282375,0.016066281,0.43741703,0.40088952,null,null,null,null,null,null,null,null,null,null,"ONEGAUSSIAN",5,4.967774,0.4288538,0.006218518,0.1303813,0.08997118,0.43741703,0.0,null,null,null,null,null,null
375316653866487564,1906899474367486208,0.51034683,2201.1802727173026,0.8782152564088318,9.931172E-6,19.09368,0.006439929,0.2638836,0.007655387,0.010700798,0.003877433,0.15033309,0.0725296,0.76635027,0.0023822405,0.015286382,0.0014138421,0.57668847,0.032847922,0.013194987,0.008005101,0.2638836,0.007655387,"TWOGAUSSIANS_WITH_ELLIPSOIDAL_ON_ECLIPSE1",9,5.6813736,0.76635027,0.0023822405,0.08560374,0.007917516,0.6030721,0.030146373,0.2638836,0.007655387,0.05992447,0.021713624,0.17672305,0.07770854
375316653866487564,1906905869576908672,0.49946278,2197.1834349075257,3.7842496870655666,1.7351926E-5,17.054539,0.12657328,0.30696326,0.0032376084,0.14045015,0.007685478,0.6558706,0.07891418,0.80580145,0.004227873,0.27381998,0.019600105,0.88692427,0.12568474,null,null,null,null,"TWOGAUSSIANS",8,10.448256,0.30749324,0.0034185979,0.4,0.0,0.25279975,0.011327419,0.80580145,0.004227873,0.4,0.0,0.15355003,0.008440974
375316653866487564,1906913256923041920,0.46138406,2172.724410028125,3.3616487786718166,3.2910604E-5,13.652599,0.13085552,0.2598895,0.007111224,0.16412222,0.023846135,0.7929916,0.33026603,0.75397736,0.010125567,0.2977195,0.048255112,1.4505465,0.12622626,null,null,null,null,"TWOGAUSSIANS",8,329.1938,0.2656595,0.0056426185,0.4,0.0,0.18659501,0.012319181,0.75397736,0.010125567,0.4,0.0,0.16121876,0.015631884
375316653866487564,1906917169632691840,0.55885494,2165.8041018388317,2.5006177988991314,4.580714E-6,11.682442,0.00278706,0.16416651,0.006721845,0.027100572,0.014066365,0.06470938,0.03640554,0.65806496,0.0010759005,0.038404487,0.004574841,0.08828505,0.012383706,0.12941565,0.0040101516,0.65806496,0.0010759005,"TWOGAUSSIANS_WITH_ELLIPSOIDAL_ON_ECLIPSE2",9,158.67778,0.65806496,0.0010759005,0.21506512,0.02561911,0.34711608,0.012629294,0.16301651,0.0063310135,0.1517632,0.07877164,0.32323173,0.039261673
375316653866487564,1906927344412868096,0.52045834,2181.4147970713225,0.7652691469750434,4.1094017E-6,17.037884,0.0028504708,0.38773462,5.12393E-4,0.016199691,4.708388E-4,0.41017315,0.01724587,0.88614786,0.0025023518,0.015433927,0.0029117803,0.0692869,0.010797903,null,null,null,null,"TWOGAUSSIANS",8,16.24565,0.38773462,5.12393E-4,0.09071827,0.0026366974,0.41017315,0.01724587,0.88614786,0.0025023518,0.08642999,0.016305968,0.0692869,0.010797903
375316653866487564,1906929165479067776,0.43699974,2167.3539391276927,1.3014968829870257,6.845735E-5,18.3532,0.005676428,0.20614736,0.0010759747,0.02062728,0.0024519325,0.28193712,0.03634356,0.8172295,0.033266857,0.119428396,0.050572276,0.02299788,0.006835193,null,null,null,null,"TWOGAUSSIANS",8,5.5257263,0.20614736,0.0010788199,0.11551277,0.013730821,0.2820444,0.036339972,0.8172295,0.033266857,0.4,0.0,0.022990592,0.0067919563
