Gaia/vari_eclipsing_binary/VariEclipsingBinary_125200-126263.csv
# %ECSV 1.0
# ---
# delimiter: ','
# meta: !!omap
# - RELEASE: Gaia DR3
# - TABLE: vari_eclipsing_binary
# - DESCRIPTION: >
#     This table describes the properties of the eclipsing binaries resulting from the variability analysis. 
# - CITATION: >
#     How to cite and acknowledge Gaia: 
#     https://gea.esac.esa.int/archive/documentation/credits.html 
# - KNOWN_ISSUES: >
#     Known issues: 
#     https://www.cosmos.esa.int/web/gaia-users/known-issues 
# - DOCUMENTATION: >
#     Tutorials and documentation: 
#     https://www.cosmos.esa.int/web/gaia-users/archive 
# datatype:
# - 
#   name: solution_id
#   datatype: int64
#   description: Solution Identifier
#   meta:
#     ucd: meta.version
# - 
#   name: source_id
#   datatype: int64
#   description: Unique source identifier
#   meta:
#     ucd: meta.id;meta.main
# - 
#   name: global_ranking
#   datatype: float32
#   description: Number between 0 (worst) and 1 (best)
#   meta:
#     ucd: stat.param
# - 
#   name: reference_time
#   datatype: float64
#   unit: d
#   description: Reference time used for the geometric model fit
#   meta:
#     ucd: time.epoch
# - 
#   name: frequency
#   datatype: float64
#   unit: d**-1
#   description: Frequency of geometric model of the eclipsing binary light curve
#   meta:
#     ucd: src.orbital
# - 
#   name: frequency_error
#   datatype: float32
#   unit: d**-1
#   description: "Uncertainty of \\texttt{frequency}"
#   meta:
#     ucd: stat.error
# - 
#   name: geom_model_reference_level
#   datatype: float32
#   unit: mag
#   description: Magnitude reference level of geometric model
#   meta:
#     ucd: phot.mag;em.opt
# - 
#   name: geom_model_reference_level_error
#   datatype: float32
#   unit: mag
#   description: "Uncertainty of \\texttt{geomModelReferenceLevel}"
#   meta:
#     ucd: stat.error;phot.mag;em.opt
# - 
#   name: geom_model_gaussian1_phase
#   datatype: float32
#   description: Phase of the Gaussian 1 component
#   meta:
#     ucd: time.phase
# - 
#   name: geom_model_gaussian1_phase_error
#   datatype: float32
#   description: "Uncertainty of \\texttt{geomModelGaussian1Phase}"
#   meta:
#     ucd: stat.error;time.phase
# - 
#   name: geom_model_gaussian1_sigma
#   datatype: float32
#   description: "Standard deviation [phase] of Gaussian 1 component"
#   meta:
#     ucd: stat.stdev
# - 
#   name: geom_model_gaussian1_sigma_error
#   datatype: float32
#   description: "Uncertainty of \\texttt{geomModelGaussian1Sigma}"
#   meta:
#     ucd: stat.error
# - 
#   name: geom_model_gaussian1_depth
#   datatype: float32
#   unit: mag
#   description: Magnitude depth of Gaussian 1 component
#   meta:
#     ucd: src.var.amplitude
# - 
#   name: geom_model_gaussian1_depth_error
#   datatype: float32
#   unit: mag
#   description: "Uncertainty of \\texttt{geomModelGaussian1Depth}"
#   meta:
#     ucd: stat.error;src.var.amplitude
# - 
#   name: geom_model_gaussian2_phase
#   datatype: float32
#   description: Phase of Gaussian 2 component
#   meta:
#     ucd: time.phase
# - 
#   name: geom_model_gaussian2_phase_error
#   datatype: float32
#   description: "Uncertainty of \\texttt{geomModelGaussian2Phase}"
#   meta:
#     ucd: stat.error;time.phase
# - 
#   name: geom_model_gaussian2_sigma
#   datatype: float32
[...]
#   datatype: float32
#   description: "Secondary eclipse: uncertainty of \\texttt{derivedSecondaryEclDuration}"
#   meta:
#     ucd: stat.error;time.duration
# - 
#   name: derived_secondary_ecl_depth
#   datatype: float32
#   unit: mag
#   description: "Secondary eclipse: depth"
#   meta:
#     ucd: src.var.amplitude
# - 
#   name: derived_secondary_ecl_depth_error
#   datatype: float32
#   unit: mag
#   description: "Secondary eclipse: uncertainty of \\texttt{derivedSecondaryEclDepth}"
#   meta:
#     ucd: stat.error;src.var.amplitude
solution_id,source_id,global_ranking,reference_time,frequency,frequency_error,geom_model_reference_level,geom_model_reference_level_error,geom_model_gaussian1_phase,geom_model_gaussian1_phase_error,geom_model_gaussian1_sigma,geom_model_gaussian1_sigma_error,geom_model_gaussian1_depth,geom_model_gaussian1_depth_error,geom_model_gaussian2_phase,geom_model_gaussian2_phase_error,geom_model_gaussian2_sigma,geom_model_gaussian2_sigma_error,geom_model_gaussian2_depth,geom_model_gaussian2_depth_error,geom_model_cosine_half_period_amplitude,geom_model_cosine_half_period_amplitude_error,geom_model_cosine_half_period_phase,geom_model_cosine_half_period_phase_error,model_type,num_model_parameters,reduced_chi2,derived_primary_ecl_phase,derived_primary_ecl_phase_error,derived_primary_ecl_duration,derived_primary_ecl_duration_error,derived_primary_ecl_depth,derived_primary_ecl_depth_error,derived_secondary_ecl_phase,derived_secondary_ecl_phase_error,derived_secondary_ecl_duration,derived_secondary_ecl_duration_error,derived_secondary_ecl_depth,derived_secondary_ecl_depth_error
[from data line 244]
375316653866487564,1105298739729095808,0.6203281,2213.9743170604675,3.9007154176968726,1.9634588E-6,17.422247,0.00889678,0.28870177,0.0023684595,0.05508417,0.0032849133,0.3559837,0.020071987,0.7805773,6.6239404E-4,0.050795604,0.002876725,0.27446482,0.018831447,0.09976225,0.011836279,0.7805773,6.6239404E-4,"TWOGAUSSIANS_WITH_ELLIPSOIDAL_ON_ECLIPSE2",9,8.333904,0.28774178,0.002074278,0.30847135,0.018395515,0.5550407,0.008008238,0.7805773,6.6239404E-4,0.2844554,0.01610966,0.47397995,0.006684445
375316653866487564,1105299839240907776,0.49689153,2245.2221133264916,3.1482510152626575,1.291837E-5,18.16374,0.0047008297,0.29303297,0.0048745824,0.08041404,0.0071836547,0.13407102,0.007774327,0.7975458,0.005564748,0.095536776,0.008409657,0.106203,0.008022748,null,null,null,null,"TWOGAUSSIANS",8,2.7040353,0.29303297,0.0048745824,0.4,0.0,0.13022295,0.007856699,0.7975458,0.005564748,0.4,0.0,0.10235467,0.00842599
375316653866487564,1105326055721017216,0.4674921,2189.7451659690646,1.2635473340408077,1.6929182E-5,12.343228,0.20965475,0.24893951,0.007732848,0.11615019,0.07839499,0.044814713,0.17975461,0.760381,0.007886289,0.116574906,0.0967687,0.045205317,0.19384328,null,null,null,null,"TWOGAUSSIANS",8,67.72785,0.760421,0.0067760386,0.4,0.0,0.03716759,0.0037190856,0.24889952,0.006863702,0.4,0.0,0.036777698,0.003928584
375316653866487564,1105341105286403456,0.46323988,2192.3233472125853,0.03172986513958297,1.3954016E-5,16.23222,0.005805625,0.36155772,0.0348812,0.12721702,0.015693717,0.22799328,0.08532303,0.7367016,0.068636194,0.0889425,0.027267829,0.30868283,0.07631069,null,null,null,null,"TWOGAUSSIANS",8,6.668629,0.7367016,0.068636194,0.4,0.04945711,0.303894,0.07565015,0.36169773,0.03476247,0.4,0.0,0.22029664,0.08985032
375316653866487564,1105344335101871744,0.5086885,2189.2655318473408,0.11505481608234856,6.7280503E-6,16.92557,0.001908654,0.8019333,9.7075524E-4,0.003064599,0.0013070719,0.33967614,0.12703662,null,null,null,null,null,null,0.0059754844,0.0031288252,0.8019333,9.7075524E-4,"ONEGAUSSIAN_WITH_ELLIPSOIDAL",6,14.638149,0.8019333,9.7075524E-4,0.017161753,0.0073196026,0.35162708,0.12713669,null,null,null,null,null,null
375316653866487564,1105344369461607552,0.6488776,2174.1542830950216,2.4885789526199167,2.954167E-6,15.093526,0.0025460252,0.27566847,8.542798E-4,0.08740757,0.0011132745,0.387893,0.0038620483,0.7762735,9.5399097E-4,0.09467683,0.0014562076,0.34213465,0.0037993584,null,null,null,null,"TWOGAUSSIANS",8,20.895977,0.27566847,8.542798E-4,0.4,0.0,0.3713213,0.0036597669,0.7762735,9.5399097E-4,0.4,0.0,0.32556242,0.0037964324
375316653866487564,1105352925036802560,0.56236035,2235.9146190168626,1.6506951607927203,4.2546694E-6,17.491497,0.01775566,0.26597357,0.0025689225,0.040053308,0.004556888,0.65399575,0.034028593,0.7724077,0.002202946,0.046780016,0.0025559994,0.56691974,0.049028497,0.05885283,0.023292262,0.7724077,0.002202946,"TWOGAUSSIANS_WITH_ELLIPSOIDAL_ON_ECLIPSE2",9,44.152287,0.26611358,0.0025097392,0.22429852,0.02551857,0.771513,0.03952992,0.7724077,0.002202946,0.26196808,0.014313596,0.68462497,0.02678803
375316653866487564,1105354299426346752,0.48415324,2198.373820951411,2.109355010105541,5.3047424E-6,17.867699,0.0033591387,0.31577176,0.013522911,0.056978196,0.018780379,0.04808878,0.008897276,0.8309773,9.792336E-4,0.0327098,0.0018962804,0.112665266,0.0057603274,null,null,null,null,"TWOGAUSSIANS",8,1.7036561,0.8309773,9.792336E-4,0.1831749,0.01061917,0.11266525,0.0057603028,0.31577176,0.013522911,0.3190779,0.105170116,0.048088774,0.008897351
375316653866487564,1105355124060049024,0.52984524,2222.3718734450135,1.6654960967911339,1.2429962E-5,16.560272,0.55758005,0.2702629,0.0026176914,0.09930919,0.020226257,0.62074333,0.22260094,0.78037435,0.0047902553,0.21788457,0.16136247,0.43901098,0.5459916,null,null,null,null,"TWOGAUSSIANS",8,48.37563,0.2692629,0.003040413,0.4,0.0,0.44797564,0.031538554,0.78038436,0.0047899173,0.4,0.0,0.20285806,0.027098706
375316653866487564,1105365157104488320,0.46412215,2218.043409419606,2.104280445730791,3.1463383E-5,15.565302,0.001843157,0.21631888,0.0073798043,0.024766251,0.007853369,0.072543256,0.027726358,0.6394576,0.012437166,0.032475367,0.013060756,0.15458645,0.19019744,null,null,null,null,"TWOGAUSSIANS",8,13.121975,0.6394576,0.012437166,0.18186206,0.073140234,0.15458645,0.19019744,0.21631888,0.0073798043,0.13869101,0.04397887,0.072543256,0.027726358
375316653866487564,1105367489267373568,0.545742,2223.997404179781,3.7132364968088383,1.1919035E-5,16.424149,0.011819868,0.2543349,0.0028946667,0.08518372,0.0049412544,0.27814457,0.013294365,0.737904,0.0070817927,0.0906777,0.008895974,0.31865048,0.019004337,null,null,null,null,"TWOGAUSSIANS",8,41.879265,0.737904,0.0070817927,0.4,0.0,0.31065282,0.017860366,0.2543349,0.0028946667,0.4,0.0,0.27014711,0.011032691
375316653866487564,1105386288342654336,0.5354695,2197.6297240866425,0.2935926490786741,1.0468699E-6,18.709675,0.0019148277,0.09620469,1.591081E-5,0.009211979,4.9488524E-5,0.6303857,0.0031578417,0.50116676,0.009153104,0.016136553,0.006811399,0.045920238,0.009219897,null,null,null,null,"TWOGAUSSIANS",8,2.1155035,0.09620469,1.591081E-5,0.051587082,2.7713575E-4,0.6303857,0.0031578417,0.50116676,0.009153104,0.0903647,0.038143836,0.045920238,0.009219897
375316653866487564,1105387525293411712,0.55040413,2241.645679222589,1.963043784400934,8.733822E-6,17.702757,0.005738812,0.2709203,0.0019562747,0.028970618,0.0022087314,0.7240017,0.04100964,0.7698896,8.979483E-4,0.02990797,0.001364202,0.58801055,0.027973715,0.011712593,0.009646589,0.2709203,0.0019562747,"TWOGAUSSIANS_WITH_ELLIPSOIDAL_ON_ECLIPSE1",9,18.943066,0.2709203,0.0019562747,0.16223545,0.012368895,0.7474269,0.043546874,0.7698896,8.9765823E-4,0.16748463,0.007639531,0.61143476,0.03349298
375316653866487564,1105396527544605824,0.6865334,2257.0441435240664,0.3795961259424831,1.6586999E-5,14.923585,3.7237912E-4,0.8121811,0.07622288,0.021057226,0.023379657,0.0022824097,0.23823851,0.72384965,0.0067780428,0.017186927,0.0026995325,0.49850017,0.19662273,null,null,null,null,"TWOGAUSSIANS",8,5.0282006,0.72384965,0.0015550625,0.096246794,0.015117382,0.4985005,0.03828296,0.8121311,0.09056721,0.117920466,0.13092609,0.002283333,0.45868692
375316653866487564,1105400513274248704,0.52304596,2217.6788071405203,2.87495775910507,8.465025E-6,13.438371,0.009987402,0.24566075,0.004033788,0.038180932,0.004446977,0.3494741,0.029752517,0.75187504,0.0026808926,0.03714631,0.008932214,0.21462989,0.02577433,0.12757568,0.014056173,0.75187504,0.0026808926,"TWOGAUSSIANS_WITH_ELLIPSOIDAL_ON_ECLIPSE2",9,292.9283,0.24614075,0.0036734622,0.21381323,0.02490307,0.6042666,0.023592902,0.75187504,0.0026808926,0.20801933,0.0500204,0.4697811,0.016256396
375316653866487564,1105403811809136768,0.56103414,2194.777700941789,3.3833564536549425,3.7679433E-6,17.640799,0.0034263276,0.2511514,0.0019965945,0.039344694,0.0033343195,0.1988245,0.010457368,0.7501385,0.0014426857,0.039401297,0.0022876302,0.16310082,0.007897241,0.019504415,0.0046668607,0.2511514,0.0019965945,"TWOGAUSSIANS_WITH_ELLIPSOIDAL_ON_ECLIPSE1",9,3.6534367,0.2511514,0.0019965945,0.2203303,0.018672189,0.23783329,0.010680973,0.75016856,0.0013959084,0.22064726,0.012810729,0.20210809,0.0044482993
375316653866487564,1105439339778528768,0.4633693,2196.954843857606,1.6388974836361447,5.658588E-5,16.91712,0.012225188,0.2718014,0.008765805,0.109536625,0.013541945,0.05277684,0.011018088,0.71987057,0.020041747,0.13644622,0.07364242,0.020063685,0.011457125,null,null,null,null,"TWOGAUSSIANS",8,3.4098566,0.27227142,0.006973332,0.4,0.0,0.048125602,0.0029660875,0.71987057,0.020041747,0.4,0.0,0.015327431,0.003196053
375316653866487564,1105440095692767488,0.44174746,2213.6790998969695,0.05264650762150538,2.0344496E-5,15.001713,8.599679E-4,0.422424,0.01055872,0.16690804,0.012914638,0.035809353,0.0017752381,0.90767324,1.988762E-4,0.007282219,4.1279703E-4,0.05116929,6.5584E-4,null,null,null,null,"TWOGAUSSIANS",8,5.586867,0.90767324,1.988762E-4,0.040780425,0.0023116632,0.05115781,6.641723E-4,0.422424,0.01055872,0.4,0.0,0.034966685,0.0019209669
375316653866487564,1105445387092795392,0.5088202,2187.8675778425663,3.5292977749998764,1.2397109E-5,15.833518,0.014141017,0.22034428,0.0032918649,0.05200125,0.029254587,0.033494633,0.030107938,0.7000733,0.058925536,0.06946851,0.11517457,0.028537545,0.051609833,0.07148434,0.015511214,0.22034428,0.0032918649,"TWOGAUSSIANS_WITH_ELLIPSOIDAL_ON_ECLIPSE1",9,63.162384,0.22034428,0.0032918649,0.291207,0.16382569,0.17644717,0.008183156,0.7134533,0.033267982,0.38902366,0.5892441,0.17069778,0.07344788
375316653866487564,1105463391595376256,0.48379984,2196.1196022025315,0.6431572453086257,3.246379E-5,16.182732,0.0018452343,0.122586444,0.0031786773,0.011380838,0.0015119934,0.38529977,0.049844,0.6178303,0.004312019,0.012858339,0.0038000226,0.25182405,0.08713265,null,null,null,null,"TWOGAUSSIANS",8,52.195774,0.122586444,0.0031786773,0.06373269,0.008467163,0.38529977,0.049844,0.6178303,0.004312019,0.072006695,0.021280127,0.25182405,0.08713265
375316653866487564,1105466827569165056,0.5019218,2217.7779925079094,0.009247868923086886,2.9413188E-5,14.429707,0.0039055885,0.06499218,0.0027586867,0.02416736,0.002322581,0.07755583,0.005425598,0.7118146,0.004932348,0.057265155,0.04142438,0.87066543,0.77442145,null,null,null,null,"TWOGAUSSIANS",8,18.44569,0.7118146,0.004932348,0.32068488,0.08056289,0.87066543,0.77442205,0.06499218,0.0027417415,0.13533722,0.0130064525,0.077555835,0.0055359993
375316653866487564,1105479334513862784,0.528613,2178.961046658323,1.8813569363492564,7.506376E-6,17.639912,0.0030777655,0.37006637,0.0014613705,0.031087775,0.0024995108,0.37712824,0.020612871,0.87244576,0.0013075682,0.028216382,0.0012447655,0.45451173,0.015175148,null,null,null,null,"TWOGAUSSIANS",8,22.700562,0.87244576,0.0013075682,0.15801173,0.006970687,0.45451173,0.015175148,0.37006637,0.0014613705,0.17409153,0.0139972605,0.37712824,0.020612871
375316653866487564,1105481464817665920,0.5489925,2193.174829800721,3.012308693554912,3.6655683E-6,16.363554,0.013733132,0.31146324,0.0015145579,0.09957071,0.00629313,0.2158206,0.012135435,0.8020027,0.001258272,0.10137899,0.0062829964,0.2287856,0.011595947,null,null,null,null,"TWOGAUSSIANS",8,11.318626,0.8020027,0.001258272,0.4,0.0,0.2109164,0.0059376257,0.31146324,0.0015145579,0.4,0.0,0.19795242,0.0055888006
375316653866487564,1105492906610511744,0.58044916,2220.540263303335,0.3461897403820163,3.6050667E-6,18.59135,0.0016108422,0.28401208,4.7276352E-4,0.014382813,7.197534E-4,0.58506995,0.046161372,0.7849448,0.0011955146,0.017022597,0.0015956757,0.46609846,0.045703497,null,null,null,null,"TWOGAUSSIANS",8,1.3908958,0.28401208,4.7276352E-4,0.08054375,0.004030619,0.58506995,0.046161372,0.7849448,0.0011955146,0.09532654,0.008935784,0.46609846,0.045703497
375316653866487564,1105534103937600256,0.4655578,2162.458114410698,3.4171391128451716,9.388753E-6,15.885329,0.0062619266,0.3174826,0.0020063862,0.03673175,0.003010615,0.24060853,0.018756028,0.8250868,0.0026646126,0.044068303,0.005522783,0.22261666,0.019648606,0.080018505,0.008597876,0.8250868,0.0026646126,"TWOGAUSSIANS_WITH_ELLIPSOIDAL_ON_ECLIPSE2",9,43.357388,0.31798258,0.0018244516,0.20569779,0.016859444,0.4003046,0.018262178,0.8250868,0.0026646126,0.2467825,0.030927584,0.38265365,0.017847732
375316653866487564,1105541456921575168,0.6339955,2180.6887653118088,0.6854275777961859,4.07284E-6,15.677232,0.0016186705,0.21806857,0.001137669,0.02332376,4.9237517E-4,1.2346709,0.048495274,0.7188194,7.520765E-4,0.024158346,0.0011775348,0.16285187,0.005224224,0.023093224,0.0029359155,0.21806857,0.001137669,"TWOGAUSSIANS_WITH_ELLIPSOIDAL_ON_ECLIPSE1",9,35.88058,0.21806857,0.001137669,0.13061304,0.002757301,1.2808573,0.048232622,0.7188194,7.520765E-4,0.13528673,0.006594195,0.20903727,0.0054478445
375316653866487564,1105559805021668992,0.48378065,2195.6834087309194,1.0552164322216826,3.2733597E-6,18.598068,0.0031856382,0.22429232,8.0759474E-4,0.016750902,8.986935E-4,0.32365113,0.011788281,0.72311145,0.0039665895,0.012760713,0.004159856,0.13244082,0.04415357,null,null,null,null,"TWOGAUSSIANS",8,5.463376,0.22429232,8.0759474E-4,0.09380505,0.0050326837,0.32365113,0.011788281,0.72311145,0.0039665895,0.071459986,0.023295194,0.13244082,0.04415357
375316653866487564,1105565027702020224,0.5265263,2183.456216817523,1.3528544616528504,4.5063384E-6,16.208433,0.0046697934,0.2498449,0.0016307002,0.019392353,0.0016695685,0.5685921,0.04199628,0.74862826,0.0019451134,0.020698078,0.001343599,0.6681857,0.021632042,0.004655204,0.0075272303,0.2498449,0.0016307002,"TWOGAUSSIANS_WITH_ELLIPSOIDAL_ON_ECLIPSE1",9,168.30597,0.74862826,0.0019451134,0.11590923,0.0075241546,0.67749554,0.020297483,0.2498449,0.0016307002,0.10859718,0.009349584,0.5779025,0.0427636
375316653866487564,1105575060746545408,0.48660275,2187.812357677411,2.7197989875838235,1.2710346E-5,15.474036,0.072683476,0.25494257,0.004305434,0.123122826,0.028821152,0.1949093,0.0707345,0.7474304,0.004174155,0.124760926,0.028534176,0.20946558,0.06901904,null,null,null,null,"TWOGAUSSIANS",8,72.18684,0.7474304,0.004174155,0.4,0.0,0.15987618,0.008362568,0.25502256,0.0042882874,0.4,0.0,0.14535475,0.0075654816
375316653866487564,1105578084402599680,0.5642957,2203.1168414215467,3.793982523431779,5.78711E-6,19.382565,0.020679872,0.29909045,0.0017879752,0.056317,0.00545832,0.40310824,0.04745969,0.78926,0.0030493787,0.050924696,0.005446121,0.35520074,0.04899446,0.10144939,0.03031847,0.29909045,0.0017879752,"TWOGAUSSIANS_WITH_ELLIPSOIDAL_ON_ECLIPSE1",9,3.3811944,0.29909045,0.0017879752,0.3153752,0.030566592,0.6059851,0.019986454,0.79029006,0.002691563,0.2851783,0.030498277,0.5573852,0.01627434
375316653866487564,1105587602050168192,0.46500114,2225.9189323612673,1.765696602534879,1.1507195E-5,15.922485,0.0012307201,0.42660996,5.616262E-4,0.008308045,7.8631943E-4,0.22878009,0.039368384,0.76295674,0.0020082125,0.0059654643,0.0017264283,0.03872585,0.011529931,null,null,null,null,"TWOGAUSSIANS",8,19.056795,0.42660996,5.616262E-4,0.04652505,0.0044033886,0.22878009,0.039368384,0.76295674,0.0020082125,0.0334066,0.009667998,0.03872585,0.011529931
375316653866487564,1105596329423499776,0.4962965,2211.450625980055,1.866398807831828,9.703236E-6,16.022116,0.0069450955,0.2256017,0.0024801122,0.079022065,0.0055688038,0.1738789,0.0085657975,0.73911935,0.004649473,0.10314822,0.0071585127,0.14482538,0.007825103,null,null,null,null,"TWOGAUSSIANS",8,39.84558,0.2256017,0.0024801122,0.4,0.0,0.16805413,0.008635408,0.73911935,0.004649473,0.4,0.0,0.13899788,0.00667574
375316653866487564,1105629005534630528,0.45658097,2215.508079083972,1.3085668547220792,1.8152688E-5,16.448463,0.0043552266,0.28605658,0.0075592618,0.062439617,0.008218187,0.1477953,0.012872071,0.81061924,0.008401563,0.0469417,0.018052157,0.06554017,0.019526433,null,null,null,null,"TWOGAUSSIANS",8,47.91915,0.28605658,0.0075592618,0.34966186,0.046021845,0.1477932,0.012873115,0.81061924,0.008401563,0.26287353,0.10109208,0.06553808,0.019550722
375316653866487564,1105629791510063616,0.4349605,2220.2639415460185,0.1830828535865103,2.1133264E-5,19.074924,0.01817133,0.31414136,0.020931913,0.09854567,0.020767847,0.11211095,0.02427358,0.8251544,0.0038160298,0.06575575,0.007313623,0.36177453,0.03401088,null,null,null,null,"TWOGAUSSIANS",8,13.922024,0.8251544,0.0038160298,0.3682322,0.04095629,0.3590795,0.034966905,0.31414136,0.020931913,0.4,0.0,0.10941525,0.02296433
