Gaia/vari_eclipsing_binary/VariEclipsingBinary_677733-677752.csv
# %ECSV 1.0
# ---
# delimiter: ','
# meta: !!omap
# - RELEASE: Gaia DR3
# - TABLE: vari_eclipsing_binary
# - DESCRIPTION: >
#     This table describes the properties of the eclipsing binaries resulting from the variability analysis. 
# - CITATION: >
#     How to cite and acknowledge Gaia: 
#     https://gea.esac.esa.int/archive/documentation/credits.html 
# - KNOWN_ISSUES: >
#     Known issues: 
#     https://www.cosmos.esa.int/web/gaia-users/known-issues 
# - DOCUMENTATION: >
#     Tutorials and documentation: 
#     https://www.cosmos.esa.int/web/gaia-users/archive 
# datatype:
# - 
#   name: solution_id
#   datatype: int64
#   description: Solution Identifier
#   meta:
#     ucd: meta.version
# - 
#   name: source_id
#   datatype: int64
#   description: Unique source identifier
#   meta:
#     ucd: meta.id;meta.main
# - 
#   name: global_ranking
#   datatype: float32
#   description: Number between 0 (worst) and 1 (best)
#   meta:
#     ucd: stat.param
# - 
#   name: reference_time
#   datatype: float64
#   unit: d
#   description: Reference time used for the geometric model fit
#   meta:
#     ucd: time.epoch
# - 
#   name: frequency
#   datatype: float64
#   unit: d**-1
#   description: Frequency of geometric model of the eclipsing binary light curve
#   meta:
#     ucd: src.orbital
# - 
#   name: frequency_error
#   datatype: float32
#   unit: d**-1
#   description: "Uncertainty of \\texttt{frequency}"
#   meta:
#     ucd: stat.error
# - 
#   name: geom_model_reference_level
#   datatype: float32
#   unit: mag
#   description: Magnitude reference level of geometric model
#   meta:
#     ucd: phot.mag;em.opt
# - 
#   name: geom_model_reference_level_error
#   datatype: float32
#   unit: mag
#   description: "Uncertainty of \\texttt{geomModelReferenceLevel}"
#   meta:
#     ucd: stat.error;phot.mag;em.opt
# - 
#   name: geom_model_gaussian1_phase
#   datatype: float32
#   description: Phase of the Gaussian 1 component
#   meta:
#     ucd: time.phase
# - 
#   name: geom_model_gaussian1_phase_error
#   datatype: float32
#   description: "Uncertainty of \\texttt{geomModelGaussian1Phase}"
#   meta:
#     ucd: stat.error;time.phase
# - 
#   name: geom_model_gaussian1_sigma
#   datatype: float32
#   description: "Standard deviation [phase] of Gaussian 1 component"
#   meta:
#     ucd: stat.stdev
# - 
#   name: geom_model_gaussian1_sigma_error
#   datatype: float32
#   description: "Uncertainty of \\texttt{geomModelGaussian1Sigma}"
#   meta:
#     ucd: stat.error
# - 
#   name: geom_model_gaussian1_depth
#   datatype: float32
#   unit: mag
#   description: Magnitude depth of Gaussian 1 component
#   meta:
#     ucd: src.var.amplitude
# - 
#   name: geom_model_gaussian1_depth_error
#   datatype: float32
#   unit: mag
#   description: "Uncertainty of \\texttt{geomModelGaussian1Depth}"
#   meta:
#     ucd: stat.error;src.var.amplitude
# - 
#   name: geom_model_gaussian2_phase
#   datatype: float32
#   description: Phase of Gaussian 2 component
#   meta:
#     ucd: time.phase
# - 
#   name: geom_model_gaussian2_phase_error
#   datatype: float32
#   description: "Uncertainty of \\texttt{geomModelGaussian2Phase}"
#   meta:
#     ucd: stat.error;time.phase
# - 
#   name: geom_model_gaussian2_sigma
#   datatype: float32
[...]
#   datatype: float32
#   description: "Secondary eclipse: uncertainty of \\texttt{derivedSecondaryEclDuration}"
#   meta:
#     ucd: stat.error;time.duration
# - 
#   name: derived_secondary_ecl_depth
#   datatype: float32
#   unit: mag
#   description: "Secondary eclipse: depth"
#   meta:
#     ucd: src.var.amplitude
# - 
#   name: derived_secondary_ecl_depth_error
#   datatype: float32
#   unit: mag
#   description: "Secondary eclipse: uncertainty of \\texttt{derivedSecondaryEclDepth}"
#   meta:
#     ucd: stat.error;src.var.amplitude
solution_id,source_id,global_ranking,reference_time,frequency,frequency_error,geom_model_reference_level,geom_model_reference_level_error,geom_model_gaussian1_phase,geom_model_gaussian1_phase_error,geom_model_gaussian1_sigma,geom_model_gaussian1_sigma_error,geom_model_gaussian1_depth,geom_model_gaussian1_depth_error,geom_model_gaussian2_phase,geom_model_gaussian2_phase_error,geom_model_gaussian2_sigma,geom_model_gaussian2_sigma_error,geom_model_gaussian2_depth,geom_model_gaussian2_depth_error,geom_model_cosine_half_period_amplitude,geom_model_cosine_half_period_amplitude_error,geom_model_cosine_half_period_phase,geom_model_cosine_half_period_phase_error,model_type,num_model_parameters,reduced_chi2,derived_primary_ecl_phase,derived_primary_ecl_phase_error,derived_primary_ecl_duration,derived_primary_ecl_duration_error,derived_primary_ecl_depth,derived_primary_ecl_depth_error,derived_secondary_ecl_phase,derived_secondary_ecl_phase_error,derived_secondary_ecl_duration,derived_secondary_ecl_duration_error,derived_secondary_ecl_depth,derived_secondary_ecl_depth_error
[from data line 556]
375316653866487564,5961555687988795136,0.42729074,2493.474606698521,0.8783065878420647,2.909304E-5,17.070799,0.005160577,0.3747655,0.030189373,0.0842198,0.032904234,0.036350332,0.009598918,0.63881177,0.02016369,0.017168727,0.018430613,0.1006207,0.050721373,null,null,null,null,"TWOGAUSSIANS",8,3.5878208,0.63881177,0.02016369,0.09614487,0.103211425,0.100887425,0.050789032,0.3747655,0.030189373,0.4,0.0,0.03635033,0.009598974
375316653866487564,5961555692323122304,0.49659812,2428.8661742334925,1.4883338524155985,8.474459E-6,17.908094,0.7860229,0.25749305,0.0030642275,0.26439455,0.1354925,1.0025529,0.7786438,0.75256467,0.003562032,0.14039789,0.03692346,0.73873335,0.42818502,null,null,null,null,"TWOGAUSSIANS",8,5.297778,0.75256467,0.003562032,0.4,0.0,0.27501583,0.014100161,0.25810307,0.0027241365,0.4,0.0,0.20748746,0.017140713
375316653866487564,5961555726619446272,0.51539916,2461.643636334609,0.027977134790568077,1.9290472E-5,19.558004,0.008440297,0.113299996,0.00513581,0.0063569127,0.0041316496,0.073363386,0.021565683,0.85407555,0.007683794,0.02587832,0.0050891405,0.6404175,0.17709886,0.058468983,0.016185224,0.113299996,0.00513581,"TWOGAUSSIANS_WITH_ELLIPSOIDAL_ON_ECLIPSE1",9,2.0020013,0.85407555,0.007683794,0.14491859,0.028499186,0.64080983,0.17693928,0.113299996,0.00513581,0.03559871,0.02313724,0.19030133,0.031899497
375316653866487564,5961555726619476224,0.4704609,2424.5111632919175,0.12161574509425453,1.6778114E-4,18.087185,0.025651868,0.18251929,0.054239526,0.03939191,0.010408374,2.7313457,10.705672,0.66209716,0.029542264,0.17411824,0.049863197,0.08638599,0.026915338,null,null,null,null,"TWOGAUSSIANS",8,11.274507,0.18252929,0.054239776,0.2205947,0.05828689,2.7234354,10.7092285,0.66209716,0.029542264,0.4,0.0,0.075537845,0.014906494
375316653866487564,5961555898417862400,0.4498322,2391.1556670715377,2.328407543750351,2.2401473E-5,19.268002,0.014608841,0.71710014,0.0077861086,0.06376271,0.019105516,0.15048657,0.0540061,null,null,null,null,null,null,0.114398144,0.019392213,0.71710014,0.0077861086,"ONEGAUSSIAN_WITH_ELLIPSOIDAL",6,11.185507,0.71710014,0.0077861086,0.35707116,0.10450017,0.37921304,0.049000956,null,null,null,null,null,null
375316653866487564,5961556100298576640,0.4758654,2428.6710308530473,0.15116991782508302,7.930541E-5,18.206383,0.009299033,0.20112245,0.009527578,0.08096983,0.014566832,0.10096275,0.023495585,0.6171184,0.0029306198,0.03132452,0.004885156,0.6193041,0.14980088,null,null,null,null,"TWOGAUSSIANS",8,11.294556,0.6171184,0.0029306198,0.17541732,0.027356876,0.6193039,0.14980164,0.20112245,0.009527578,0.4,0.0,0.100962356,0.023495652
375316653866487564,5961556173359421824,0.64998645,2431.1591326997773,0.8154323022193729,4.8632423E-6,17.510342,0.0036802457,0.31271675,0.0010176686,0.04912431,0.001700267,0.47882128,0.017928548,0.809917,0.003999527,0.046887588,0.00406096,0.09977927,0.010239277,0.08297909,0.0046166833,0.31271675,0.0010176686,"TWOGAUSSIANS_WITH_ELLIPSOIDAL_ON_ECLIPSE1",9,2.5003424,0.31271675,0.0010176686,0.27509615,0.009521495,0.6447781,0.017453175,0.810547,0.0031547204,0.2625705,0.022741375,0.2656962,0.0069111967
375316653866487564,5961556242078949888,0.5018307,2404.058604858804,1.0427760354788174,1.39488975E-5,18.496216,0.023543498,0.25486323,0.0055432306,0.090020165,0.01258851,0.26578388,0.034380395,0.7609761,0.0054566767,0.09097835,0.014584309,0.21348867,0.02675382,null,null,null,null,"TWOGAUSSIANS",8,5.397324,0.25486323,0.0055432306,0.4,0.0,0.25624564,0.03422966,0.7609761,0.0054566767,0.4,0.0,0.2039504,0.023152849
375316653866487564,5961556375163415808,0.58420014,2426.0406932163683,3.8751396413673835,5.399186E-6,18.698322,0.010807716,0.20956518,0.002641664,0.0650255,0.0030149817,0.60182995,0.037025467,0.7184198,0.0020447467,0.07173876,0.0026984212,0.66239196,0.016286587,null,null,null,null,"TWOGAUSSIANS",8,6.075076,0.7184198,0.0020447467,0.4,0.0015453388,0.6611452,0.016271073,0.20956518,0.002641664,0.3641428,0.016883899,0.6005832,0.037225544
375316653866487564,5961556379454531328,0.52825445,2408.8974514582196,1.71236298141961,9.530166E-6,19.093672,0.007210038,0.34564006,0.0028011466,0.07326607,0.006861943,0.45393333,0.038290493,0.8464106,0.007887382,0.075330324,0.007555111,0.24168406,0.0114478255,null,null,null,null,"TWOGAUSSIANS",8,2.442879,0.34564006,0.0028011466,0.4,0.014463536,0.4516904,0.039453726,0.8464106,0.007887382,0.4,0.0,0.23944113,0.011073287
375316653866487564,5961556482535656576,0.4773479,2484.4119414185434,1.2993570051998824,1.781415E-5,18.182117,0.008137306,0.26511407,0.009674045,0.074699886,0.011744649,0.2285373,0.039558087,0.75094414,0.0060384353,0.05449461,0.004500685,0.724508,0.050562054,null,null,null,null,"TWOGAUSSIANS",8,15.809996,0.75094414,0.0060384353,0.30516982,0.025203833,0.72424555,0.05051481,0.26511407,0.009674045,0.4,0.0053797695,0.22827484,0.039901648
375316653866487564,5961556929212605440,0.42947188,2519.3605716394122,2.6813865447010636,4.0729592E-5,19.820353,0.010077105,0.3916349,0.0148247015,0.026058467,0.006123259,0.31085026,0.28701547,0.7467244,0.0053567844,0.03449324,0.004613947,0.32851008,0.041551147,null,null,null,null,"TWOGAUSSIANS",8,3.6096408,0.7467244,0.0053567844,0.19316214,0.025838103,0.32851008,0.041551147,0.3916349,0.0148247015,0.14592741,0.03429025,0.31085026,0.28701547
375316653866487564,5961557479053667712,0.5032741,2459.1789013079983,3.707464811090988,2.658027E-5,18.745808,0.01700197,0.14611576,0.0041486174,0.09071734,0.0055930554,0.3448276,0.018544016,0.63816535,0.005964605,0.08407093,0.008620815,0.3293088,0.027805455,null,null,null,null,"TWOGAUSSIANS",8,7.5744233,0.14611576,0.0041486174,0.4,0.0,0.33494642,0.014465331,0.63816535,0.005964605,0.4,0.0,0.31942785,0.027494472
375316653866487564,5961557513389407232,0.4969226,2460.2502875383475,0.8635210546460911,1.013496E-5,17.911402,0.01765495,0.23648264,0.0031748258,0.0851017,0.005681152,0.361126,0.01821124,0.74146575,0.008734814,0.089792036,0.011138985,0.2745224,0.024477094,null,null,null,null,"TWOGAUSSIANS",8,18.462244,0.23648264,0.0031748258,0.4,0.0,0.35143688,0.0142864855,0.74146575,0.008734814,0.4,0.0,0.26483318,0.019999726
375316653866487564,5961557513389410944,0.43333957,2538.916523286837,4.797452041755097,4.4353004E-5,19.03266,0.040748045,0.475614,0.18482953,0.12606336,0.32025626,0.04651133,0.34199685,0.7952299,0.0031744712,0.016264368,0.0024273589,0.52321166,0.14113694,null,null,null,null,"TWOGAUSSIANS",8,6.4593363,0.7952299,0.0031744712,0.091080464,0.01359321,0.52504545,0.14305484,0.475614,0.18482953,0.4,0.6336031,0.046475634,0.343481
375316653866487564,5961557547654599424,0.43701088,2527.893482625533,1.8700781583413637,3.6564124E-5,18.885475,0.005635963,0.12976933,0.0073263007,0.02054819,0.009597629,0.17114224,0.22003262,0.47377533,0.0029912745,0.014599137,0.002282146,0.3547465,0.13527995,null,null,null,null,"TWOGAUSSIANS",8,3.391909,0.47377533,0.0029912745,0.08175517,0.012780016,0.3547465,0.13527995,0.12976933,0.0073263007,0.115069866,0.053746726,0.17114224,0.22003262
375316653866487564,5961557788267975680,0.45224732,2487.2497285177487,0.5322124503530796,1.6294312E-5,19.648132,0.007173132,0.39278036,0.009324257,0.03216218,0.01742715,0.1877111,0.04031174,0.8912658,1.3934953E-6,0.010302961,2.2133403E-4,1.3705257,0.074440785,null,null,null,null,"TWOGAUSSIANS",8,3.3530786,0.8912658,1.3934953E-6,0.05769658,0.0012394706,1.3705257,0.074440785,0.39278036,0.009324257,0.1801082,0.09759205,0.1877111,0.04031174
375316653866487564,5961558230600968192,0.5171808,2491.3335378519955,2.161677916388463,2.0542599E-5,19.886333,0.021808432,0.29064128,0.0039151865,0.078651465,0.013975017,0.37295467,0.030191641,0.7938297,0.0051185023,0.08528824,0.006016583,0.395877,0.026165145,null,null,null,null,"TWOGAUSSIANS",8,1.5811436,0.7938297,0.0051185023,0.4,0.0,0.38895732,0.021448174,0.29064128,0.0039151865,0.4,0.0,0.36603504,0.03697331
375316653866487564,5961558303600424064,0.49776426,2452.0254214556758,1.6625194307505968,1.5722975E-5,18.96533,0.008747854,0.29553396,0.00426332,0.08224639,0.0062602027,0.23188777,0.009377294,0.78723055,0.0078401305,0.08956665,0.0085142,0.20028386,0.015180378,null,null,null,null,"TWOGAUSSIANS",8,2.4291935,0.29553396,0.00426332,0.4,0.0,0.2264951,0.009024312,0.78723055,0.0078401305,0.4,0.0,0.19489112,0.013822752
375316653866487564,5961558441039645312,0.52109075,2449.5578523684917,0.8113502549769809,5.460813E-6,18.658226,0.0074272696,0.34043714,9.1384957E-4,0.020168995,0.0010176925,0.43191454,0.036950406,0.8375719,8.7538804E-4,0.018175548,7.1389304E-4,0.6600623,0.015033602,null,null,null,null,"TWOGAUSSIANS",8,10.277498,0.8375719,8.7538804E-4,0.101783074,0.003997801,0.6600623,0.015033602,0.34043714,9.1384957E-4,0.11294637,0.005699078,0.43191454,0.036950406
375316653866487564,5961558612838348544,0.4528953,2498.2029699049644,1.0136819921804605,9.354186E-6,17.61935,0.0047746925,0.1753384,0.012577025,0.041024,0.016893255,0.055204846,0.035815503,0.6728935,0.0052034804,0.040866245,0.009005484,0.39821225,0.14728968,null,null,null,null,"TWOGAUSSIANS",8,10.580878,0.6728935,0.0052034804,0.22885096,0.050430715,0.39821225,0.14728977,0.1753384,0.012577025,0.22973439,0.09460223,0.055204842,0.035815515
375316653866487564,5961558711617682816,0.45076704,2448.455260821634,1.2458090065211653,4.076324E-5,19.075937,0.012088774,0.3471524,0.013346305,0.051770892,0.012745687,0.0928506,0.018987125,0.82605547,0.007462109,0.046198204,0.009983156,0.2111949,0.029237479,null,null,null,null,"TWOGAUSSIANS",8,6.3064938,0.82605547,0.007462109,0.25870994,0.05590567,0.21119471,0.02923764,0.3471524,0.013346305,0.289917,0.07137585,0.0928504,0.018987061
375316653866487564,5961558745977516288,0.47332448,2439.1195578817346,2.095509435428599,3.2081974E-5,19.393774,0.040048975,0.29408956,0.011285652,0.09129051,0.016343156,0.29874644,0.041249588,0.80103934,0.0054498957,0.103228554,0.01816432,0.26787445,0.034928944,null,null,null,null,"TWOGAUSSIANS",8,3.522276,0.29408956,0.011289932,0.4,0.0,0.27991387,0.02490005,0.80103934,0.0054498957,0.4,0.0,0.24903755,0.01842787
375316653866487564,5961558780337483904,0.44819573,2411.7975694414645,3.446481088726572,1.6244778E-5,19.694307,0.02048161,0.31833762,0.011283595,0.044604532,0.022664072,0.6031108,0.2302046,0.80618477,0.004127039,0.050535712,0.007212958,0.42800447,0.083849415,null,null,null,null,"TWOGAUSSIANS",8,9.249846,0.31833762,0.011283595,0.24978538,0.12691881,0.6031103,0.23026694,0.80618477,0.004127039,0.283,0.040392566,0.42800397,0.08385504
375316653866487564,5961558819083279232,0.44109464,2405.1406551991163,0.977592264788664,1.7191342E-5,18.445581,0.006643079,0.29028824,0.013752588,0.033675965,0.025760388,0.06841144,0.025918841,0.77983505,0.00669876,0.036721397,0.0070302845,0.15432112,0.03942357,null,null,null,null,"TWOGAUSSIANS",8,7.218819,0.77983505,0.00669876,0.20563984,0.039369594,0.15432112,0.039423566,0.29028824,0.013752588,0.1885854,0.14425817,0.06841144,0.025918843
375316653866487564,5961558849033079040,0.54028684,2458.8531883371506,1.399553216029505,9.924688E-6,14.580571,0.014954892,0.3029652,0.0028677199,0.096849084,0.007113291,0.29451007,0.013497573,0.827641,0.0026338235,0.09508689,0.010464644,0.175881,0.012452733,null,null,null,null,"TWOGAUSSIANS",8,21.05082,0.3029652,0.0028677199,0.4,0.0,0.2836843,0.00990058,0.827641,0.0026462702,0.4,0.0,0.16505641,0.0066067977
375316653866487564,5961558849077494656,0.4366694,2496.2867543649513,1.4367702338403232,6.308006E-5,19.767694,0.01549972,0.2044356,0.026923364,0.05464805,0.019733334,0.15607266,0.061741088,0.6780562,0.0047313944,0.029739281,0.0072360216,0.5460616,0.09853677,null,null,null,null,"TWOGAUSSIANS",8,4.610508,0.6780562,0.0047313944,0.16653998,0.040521722,0.5460616,0.09853679,0.2044356,0.026923364,0.30602908,0.11050667,0.15607266,0.061741106
375316653866487564,5961558849077500032,0.52273417,2459.279310713023,1.9082843306133255,2.1203074E-5,19.733267,0.010876408,0.20205216,0.005689367,0.07319872,0.008564113,0.29757705,0.023584725,0.697161,0.0059194034,0.06004398,0.0067403014,0.899492,0.122147284,null,null,null,null,"TWOGAUSSIANS",8,2.5413816,0.697161,0.0059194034,0.33624628,0.037745688,0.8987604,0.1226645,0.20205216,0.005689367,0.4,0.0266319,0.29684538,0.02377098
375316653866487564,5961558986502809344,0.46443692,2474.9609638301204,0.04079267092241575,5.5554654E-5,18.784996,0.0079177115,0.19655822,0.0016167954,0.0022570707,0.0015726909,0.41087577,896.7948,0.46256557,0.046042874,0.0693926,0.046447895,0.049728706,0.09699017,0.031962276,0.008851576,0.19655822,0.0016167954,"TWOGAUSSIANS_WITH_ELLIPSOIDAL_ON_ECLIPSE1",9,2.8078825,0.19655822,0.0016167954,0.012639596,0.008807069,0.47483197,896.79486,0.47781557,0.06954907,0.38859856,0.2563827,0.050975967,0.097402304
375316653866487564,5961559020876007808,0.42324704,2476.0879219647836,0.03985261169976141,1.4692867E-4,19.57345,0.013885296,0.24652752,0.0068284846,0.060694285,0.016028658,0.27095076,0.428336,0.9045116,0.010034119,0.039383065,0.006426562,0.16558552,0.058298133,0.10181457,0.015985006,0.24652752,0.0068284846,"TWOGAUSSIANS_WITH_ELLIPSOIDAL_ON_ECLIPSE1",9,2.2933826,0.24652752,0.0068284846,0.339888,0.08976048,0.47452372,0.42520162,0.9045116,0.010034119,0.22054516,0.035988748,0.22634089,0.055764426
375316653866487564,5961559025217914368,0.61390185,2452.2287250477725,1.7406720980670638,4.0903174E-6,16.365232,0.004510734,0.20839281,0.0018269059,0.08946497,0.0036433758,0.2054401,0.004966907,0.7048558,0.0014010767,0.09555185,0.0031691494,0.16746624,0.00456083,null,null,null,null,"TWOGAUSSIANS",8,3.7954967,0.20839281,0.0018269059,0.4,0.0,0.19634886,0.004785098,0.7048558,0.0014010767,0.4,0.0,0.15837468,0.0032060887
375316653866487564,5961559089551425792,0.50102705,2447.4894177930973,2.3494585165280273,2.0970045E-5,17.267776,0.009797816,0.24089834,0.009072425,0.08052761,0.009568274,0.18616335,0.013723621,0.76192933,0.011122374,0.092394166,0.016182333,0.1553423,0.013285401,null,null,null,null,"TWOGAUSSIANS",8,15.133186,0.24089834,0.009072425,0.4,0.0,0.18256779,0.012264945,0.76192933,0.011122374,0.4,0.0,0.15174648,0.0125030065
375316653866487564,5961559398834917504,0.4513919,2407.726099808992,2.8644299697508915,3.2369604E-5,18.43548,0.0041430523,null,null,null,null,null,null,null,null,null,null,null,null,0.07223936,0.0057256115,0.17511079,0.005704338,"ELLIPSOIDAL",4,4.404239,null,null,null,null,null,null,null,null,null,null,null,null
375316653866487564,5961559501892132736,0.48445368,2415.9867038975635,1.2063604959579148,1.3973118E-5,18.343657,0.0037741337,0.16449225,0.0046910206,0.036795978,0.0048143673,0.19394615,0.0433229,0.66728634,0.0098089725,0.022215579,0.033265725,0.49719086,0.4887051,null,null,null,null,"TWOGAUSSIANS",8,2.9047177,0.66728634,0.0098089725,0.12440725,0.18628806,0.49719086,0.4887052,0.16449225,0.0046910206,0.20605747,0.026960457,0.19394615,0.043322895
375316653866487564,5961559609270265344,0.44290248,2423.2487354651867,1.9598493116429192,1.5679785E-5,19.087118,0.07219673,0.2925454,0.010348409,0.11332076,0.028271936,0.3136849,0.06584722,0.78737146,0.006903751,0.10599185,0.024529632,0.2742606,0.066397265,null,null,null,null,"TWOGAUSSIANS",8,6.968386,0.2925454,0.010345627,0.4,0.0,0.27230257,0.017629353,0.78737146,0.006903751,0.4,0.0,0.23290785,0.029312838
375316653866487564,5961559708073943040,0.56348187,2403.605474314508,1.7525205379084328,4.8973307E-6,18.664637,0.027176995,0.2742948,0.0019970248,0.053618312,0.01011636,0.2566654,0.06111648,0.7761673,0.006592666,0.03823121,0.015192488,0.30946338,0.10034947,0.11845151,0.039671678,0.2742948,0.0019970248,"TWOGAUSSIANS_WITH_ELLIPSOIDAL_ON_ECLIPSE1",9,5.420292,0.7761673,0.006592666,0.21409477,0.085077934,0.54632837,0.14650458,0.2742948,0.0019970248,0.30026254,0.05665162,0.49356315,0.021665981
