Gaia/vari_eclipsing_binary/VariEclipsingBinary_238461-238723.csv
# %ECSV 1.0
# ---
# delimiter: ','
# meta: !!omap
# - RELEASE: Gaia DR3
# - TABLE: vari_eclipsing_binary
# - DESCRIPTION: >
#     This table describes the properties of the eclipsing binaries resulting from the variability analysis. 
# - CITATION: >
#     How to cite and acknowledge Gaia: 
#     https://gea.esac.esa.int/archive/documentation/credits.html 
# - KNOWN_ISSUES: >
#     Known issues: 
#     https://www.cosmos.esa.int/web/gaia-users/known-issues 
# - DOCUMENTATION: >
#     Tutorials and documentation: 
#     https://www.cosmos.esa.int/web/gaia-users/archive 
# datatype:
# - 
#   name: solution_id
#   datatype: int64
#   description: Solution Identifier
#   meta:
#     ucd: meta.version
# - 
#   name: source_id
#   datatype: int64
#   description: Unique source identifier
#   meta:
#     ucd: meta.id;meta.main
# - 
#   name: global_ranking
#   datatype: float32
#   description: Number between 0 (worst) and 1 (best)
#   meta:
#     ucd: stat.param
# - 
#   name: reference_time
#   datatype: float64
#   unit: d
#   description: Reference time used for the geometric model fit
#   meta:
#     ucd: time.epoch
# - 
#   name: frequency
#   datatype: float64
#   unit: d**-1
#   description: Frequency of geometric model of the eclipsing binary light curve
#   meta:
#     ucd: src.orbital
# - 
#   name: frequency_error
#   datatype: float32
#   unit: d**-1
#   description: "Uncertainty of \\texttt{frequency}"
#   meta:
#     ucd: stat.error
# - 
#   name: geom_model_reference_level
#   datatype: float32
#   unit: mag
#   description: Magnitude reference level of geometric model
#   meta:
#     ucd: phot.mag;em.opt
# - 
#   name: geom_model_reference_level_error
#   datatype: float32
#   unit: mag
#   description: "Uncertainty of \\texttt{geomModelReferenceLevel}"
#   meta:
#     ucd: stat.error;phot.mag;em.opt
# - 
#   name: geom_model_gaussian1_phase
#   datatype: float32
#   description: Phase of the Gaussian 1 component
#   meta:
#     ucd: time.phase
# - 
#   name: geom_model_gaussian1_phase_error
#   datatype: float32
#   description: "Uncertainty of \\texttt{geomModelGaussian1Phase}"
#   meta:
#     ucd: stat.error;time.phase
# - 
#   name: geom_model_gaussian1_sigma
#   datatype: float32
#   description: "Standard deviation [phase] of Gaussian 1 component"
#   meta:
#     ucd: stat.stdev
# - 
#   name: geom_model_gaussian1_sigma_error
#   datatype: float32
#   description: "Uncertainty of \\texttt{geomModelGaussian1Sigma}"
#   meta:
#     ucd: stat.error
# - 
#   name: geom_model_gaussian1_depth
#   datatype: float32
#   unit: mag
#   description: Magnitude depth of Gaussian 1 component
#   meta:
#     ucd: src.var.amplitude
# - 
#   name: geom_model_gaussian1_depth_error
#   datatype: float32
#   unit: mag
#   description: "Uncertainty of \\texttt{geomModelGaussian1Depth}"
#   meta:
#     ucd: stat.error;src.var.amplitude
# - 
#   name: geom_model_gaussian2_phase
#   datatype: float32
#   description: Phase of Gaussian 2 component
#   meta:
#     ucd: time.phase
# - 
#   name: geom_model_gaussian2_phase_error
#   datatype: float32
#   description: "Uncertainty of \\texttt{geomModelGaussian2Phase}"
#   meta:
#     ucd: stat.error;time.phase
# - 
#   name: geom_model_gaussian2_sigma
#   datatype: float32
[...]
#   datatype: float32
#   description: "Secondary eclipse: uncertainty of \\texttt{derivedSecondaryEclDuration}"
#   meta:
#     ucd: stat.error;time.duration
# - 
#   name: derived_secondary_ecl_depth
#   datatype: float32
#   unit: mag
#   description: "Secondary eclipse: depth"
#   meta:
#     ucd: src.var.amplitude
# - 
#   name: derived_secondary_ecl_depth_error
#   datatype: float32
#   unit: mag
#   description: "Secondary eclipse: uncertainty of \\texttt{derivedSecondaryEclDepth}"
#   meta:
#     ucd: stat.error;src.var.amplitude
solution_id,source_id,global_ranking,reference_time,frequency,frequency_error,geom_model_reference_level,geom_model_reference_level_error,geom_model_gaussian1_phase,geom_model_gaussian1_phase_error,geom_model_gaussian1_sigma,geom_model_gaussian1_sigma_error,geom_model_gaussian1_depth,geom_model_gaussian1_depth_error,geom_model_gaussian2_phase,geom_model_gaussian2_phase_error,geom_model_gaussian2_sigma,geom_model_gaussian2_sigma_error,geom_model_gaussian2_depth,geom_model_gaussian2_depth_error,geom_model_cosine_half_period_amplitude,geom_model_cosine_half_period_amplitude_error,geom_model_cosine_half_period_phase,geom_model_cosine_half_period_phase_error,model_type,num_model_parameters,reduced_chi2,derived_primary_ecl_phase,derived_primary_ecl_phase_error,derived_primary_ecl_duration,derived_primary_ecl_duration_error,derived_primary_ecl_depth,derived_primary_ecl_depth_error,derived_secondary_ecl_phase,derived_secondary_ecl_phase_error,derived_secondary_ecl_duration,derived_secondary_ecl_duration_error,derived_secondary_ecl_depth,derived_secondary_ecl_depth_error
[from data line 324]
375316653866487564,2099181659816418176,0.57931924,2195.261371075688,3.507618215286983,6.1113815E-6,16.258419,0.018960519,0.30550426,0.0034574694,0.05645707,0.0071092867,0.363813,0.05466095,0.80217445,0.0054708514,0.047041632,0.008609842,0.25362766,0.050590638,0.10672013,0.029532041,0.30550426,0.0034574694,"TWOGAUSSIANS_WITH_ELLIPSOIDAL_ON_ECLIPSE1",9,51.42463,0.30550426,0.0034574694,0.31615958,0.039812006,0.57723296,0.028281605,0.80260444,0.0044971313,0.26343313,0.048215114,0.46696615,0.030550597
375316653866487564,2099182243931929088,0.57460934,2184.6959605189554,3.427295166892849,4.0794457E-6,16.817547,0.008381915,0.19310251,0.001636503,0.07104232,0.0032001152,0.48962063,0.01878199,0.6890208,0.0019119409,0.06916705,0.003479707,0.53963494,0.030038897,null,null,null,null,"TWOGAUSSIANS",8,23.160446,0.6890208,0.0019119409,0.38733548,0.01948636,0.5380321,0.030399585,0.19310251,0.001636503,0.39783698,0.015050084,0.48801783,0.019023005
375316653866487564,2099182587529309568,0.5671124,2216.91877887976,0.2765512792865512,1.0361779E-5,13.018857,0.009094205,0.2191939,0.0019142271,0.102818355,0.0039905454,0.25748178,0.010505775,0.72786677,0.005047946,0.10697179,0.007730278,0.21518248,0.009895859,null,null,null,null,"TWOGAUSSIANS",8,227.2563,0.2191839,0.0019176548,0.4,0.0,0.23266989,0.0077544167,0.72786677,0.0050542857,0.4,0.0,0.19036636,0.008070975
375316653866487564,2099185164509621632,0.4366308,2182.536029448975,0.18731743719855942,1.7424974E-4,16.183907,0.068136,0.18645234,0.01683228,0.12649481,0.048204012,0.1469712,0.05468487,0.66368777,0.015181633,0.10456775,0.04273471,0.12102043,0.060968623,null,null,null,null,"TWOGAUSSIANS",8,9.082711,0.18646234,0.016696695,0.4,0.0,0.12624384,0.031091254,0.66368777,0.015181633,0.4,0.0,0.10043696,0.015286999
375316653866487564,2099189352096944256,0.53920954,2236.3064252942254,2.8689068635019277,1.019059E-5,19.732903,0.015475249,0.24957146,0.0025258735,0.09139677,0.0041934308,0.4659599,0.015960557,0.7521292,0.0051332116,0.096760504,0.008540598,0.37538865,0.02276592,null,null,null,null,"TWOGAUSSIANS",8,0.9063086,0.24957146,0.0025258735,0.4,0.0,0.442456,0.010248971,0.7521292,0.0051332116,0.4,0.0,0.35188383,0.02424097
375316653866487564,2099191035723798784,0.5124175,2233.97409240473,3.061408610705509,2.6453808E-5,12.168715,0.019810341,0.23728104,0.010983135,0.090814255,0.01642697,0.14630072,0.020925766,0.7429545,0.005847804,0.10695609,0.01520719,0.16209288,0.018538943,null,null,null,null,"TWOGAUSSIANS",8,607.06104,0.7429545,0.005847804,0.4,0.0,0.15036382,0.009654643,0.23728104,0.010982871,0.4,0.0,0.13457757,0.009923725
375316653866487564,2099194334259354880,0.5051568,2270.3149168742416,1.0182284331616578,9.513274E-5,18.161495,0.0073206574,0.38766843,0.042908482,0.07130779,0.08673008,0.02961989,0.035835687,0.84319156,0.011864472,0.036786567,0.020814985,0.51372534,0.40353376,null,null,null,null,"TWOGAUSSIANS",8,6.6594276,0.84319156,0.011864472,0.20600477,0.116563916,0.5137249,0.4044993,0.38766843,0.042908482,0.3993236,0.3044073,0.029619453,0.0358181
375316653866487564,2099195128834311936,0.43992993,2240.8349196465974,0.598590601416362,7.496164E-5,17.139763,0.016681612,0.21427959,0.010957138,0.07141685,0.02397044,0.16499822,0.04100483,0.70184064,0.01579926,0.08920413,0.026405955,0.0896997,0.026824124,null,null,null,null,"TWOGAUSSIANS",8,37.53163,0.21427959,0.010957138,0.39993435,0.0662858,0.16357058,0.04454739,0.70184064,0.01579926,0.4,0.0,0.08827202,0.02579463
375316653866487564,2099196709381662848,0.6300873,2210.058229875479,2.452846523226029,7.470524E-6,16.314024,0.0032923904,0.26702958,0.0016007064,0.07545819,0.0016647545,0.2569459,0.0041646506,0.77425283,0.0032614272,0.09815124,0.005355552,0.10091683,0.0034591288,null,null,null,null,"TWOGAUSSIANS",8,4.1880565,0.26702958,0.0016007064,0.4,0.0,0.25283262,0.003559111,0.77425283,0.0032614272,0.4,0.0,0.096803024,0.0029491957
375316653866487564,2099205123218461312,0.5897429,2246.7169784335783,3.5849107152624,1.051727E-5,17.334005,0.00780187,0.22954042,0.0035286632,0.08089638,0.00540002,0.4777431,0.04085115,0.7306821,0.002561072,0.08047523,0.003964774,0.43048918,0.010638647,null,null,null,null,"TWOGAUSSIANS",8,15.074749,0.22954042,0.0035286632,0.4,0.0,0.47044158,0.042538095,0.7306821,0.002561072,0.4,0.0,0.42318767,0.01035266
375316653866487564,2099206909923959424,0.56971323,2213.420113505743,2.5514933298348357,7.583922E-6,17.118185,0.005865981,0.23353188,0.0010780597,0.08266752,0.0026642322,0.28373116,0.0067640897,0.7404093,0.0056936815,0.08469778,0.005835587,0.24167328,0.009244292,null,null,null,null,"TWOGAUSSIANS",8,9.282681,0.23353188,0.0010780597,0.4,0.0,0.27840137,0.006269995,0.7404093,0.0056936815,0.4,0.0,0.23634349,0.008356882
375316653866487564,2099207567059328640,0.62227285,2233.3383874407323,2.3281446866816666,3.909448E-6,16.072437,0.010906668,0.28776264,0.0013486053,0.1176314,0.0066556544,0.18263313,0.009976121,0.7856015,0.0022905506,0.10525357,0.0060641128,0.19156696,0.010085801,null,null,null,null,"TWOGAUSSIANS",8,2.6773405,0.7856015,0.0022905506,0.4,0.0,0.16215527,0.0018921047,0.28776264,0.0013486053,0.4,0.0,0.15318257,0.0017927446
375316653866487564,2099208181234653312,0.53417253,2235.215565335227,2.8689335928813677,1.6059252E-5,17.261547,0.43221453,0.22462068,0.0050825696,0.13285828,0.085168555,0.2446161,0.4234284,0.7182178,0.004103867,0.122884974,0.04794917,0.24715102,0.35676453,null,null,null,null,"TWOGAUSSIANS",8,8.379573,0.7182178,0.004103867,0.4,0.0,0.17841901,0.012298001,0.22468068,0.00467028,0.4,0.0,0.17559494,0.009042102
375316653866487564,2099208907089120768,0.5827567,2211.8613966702405,2.92244490322774,1.901839E-5,17.629623,0.016417164,0.2098954,0.0058161006,0.025152182,0.03873862,0.06685266,3981.6775,0.699877,0.011446528,0.040085267,0.013706447,0.08986728,0.032164864,0.11119947,0.019335177,0.2098954,0.0058161006,"TWOGAUSSIANS_WITH_ELLIPSOIDAL_ON_ECLIPSE1",9,6.2420278,0.702267,0.008184743,0.22447748,0.076756105,0.31159607,0.011761989,0.2098954,0.0058161006,0.14085221,0.21693628,0.28925157,3981.6792
375316653866487564,2099213575713970944,0.44476667,2253.1337230010454,3.6311311760874334,2.7484584E-5,17.851053,0.00792104,0.25862017,0.0068491553,0.08352369,0.014844683,0.067665495,0.010474622,0.7390621,0.0075429883,0.059036408,0.010488915,0.10242699,0.012451591,null,null,null,null,"TWOGAUSSIANS",8,8.011086,0.7390621,0.0075429883,0.3306039,0.058737926,0.102221474,0.012446663,0.25862017,0.0068491553,0.4,0.0,0.06745997,0.01038243
375316653866487564,2099215297997338880,0.5480447,2222.743387881711,0.9087333549761442,1.1900795E-5,14.531279,0.008650088,0.23046844,0.036425676,0.056133986,0.020739384,0.6195657,0.11809489,0.76204467,0.04184523,0.01650741,0.0105086705,9.547037,18.54818,null,null,null,null,"TWOGAUSSIANS",8,78.48391,0.76204467,0.04184523,0.09244149,0.058848556,9.547037,18.54818,0.23046844,0.036425676,0.31435034,0.115941204,0.6195657,0.11809489
375316653866487564,2099217492724342016,0.46551254,2253.053094915973,2.8362144669018856,2.6269956E-5,18.571125,0.01728124,0.3407701,0.007909308,0.1810784,0.020451946,0.16546135,0.016471067,0.85600704,0.031046541,0.03590294,0.019626476,0.046812586,10.33094,null,null,null,null,"TWOGAUSSIANS",8,5.197228,0.3407701,0.007909308,0.4,0.0,0.15189452,0.00802694,0.8566571,0.03234674,0.20105647,0.10990827,0.040737916,10.332856
375316653866487564,2099218214278965248,0.53207463,2226.275298191682,2.718554148598235,1.2655392E-5,19.534508,0.00837703,0.26760322,0.0036249433,0.08366959,0.004396343,0.3665364,0.010512449,0.7632778,0.0021521442,0.08987363,0.0041502174,0.31182042,0.015185475,null,null,null,null,"TWOGAUSSIANS",8,1.077877,0.26760322,0.0036249433,0.4,0.0,0.3566663,0.009511486,0.7632778,0.0021521442,0.4,0.0,0.3019502,0.015214614
375316653866487564,2099218386077283584,0.5168431,2253.322918384927,2.8891377540756884,1.7850014E-5,17.775486,0.1271394,0.23126997,0.0055658934,0.09946603,0.022647653,0.2784093,0.11353791,0.75626826,0.012059229,0.111045845,0.064833604,0.28645083,0.06677694,null,null,null,null,"TWOGAUSSIANS",8,13.006064,0.7562782,0.012045177,0.4,0.0,0.26128078,0.059357982,0.23122998,0.004254181,0.4,0.0,0.25327036,0.014266773
375316653866487564,2099223166380428032,0.643924,2256.974146194487,1.9861626714563763,3.1606253E-6,13.921664,0.010831875,0.30033267,0.0015917632,0.041410778,0.0057698307,0.3565254,0.048383623,0.797284,9.6147537E-4,0.05048407,0.002578812,0.42176446,0.022889618,0.106073804,0.014070827,0.30033267,0.0015917632,"TWOGAUSSIANS_WITH_ELLIPSOIDAL_ON_ECLIPSE1",9,236.19295,0.797564,8.185574E-4,0.2827108,0.014441347,0.6338392,0.011322414,0.30033267,0.0015917632,0.23190036,0.032311052,0.5686708,0.06221572
375316653866487564,2099236046983288704,0.49285024,2260.4010322357085,0.1363271678717395,1.541181E-4,18.969957,0.0051954547,0.24762785,0.022414371,0.058740664,0.021828542,0.03207187,0.010693131,0.61102414,4.6705863E-6,0.0050162286,6.115552E-5,5.693349,0.3399677,null,null,null,null,"TWOGAUSSIANS",8,3.1025932,0.61102414,4.6705863E-6,0.028090881,3.4247094E-4,5.693349,0.3399677,0.24762785,0.022414371,0.32894772,0.12223983,0.03207187,0.010693131
375316653866487564,2099236807197179008,0.64670956,2267.2193567936492,3.012641956166989,5.477746E-6,16.21978,0.0071445312,0.21020062,0.0012028256,0.048129965,0.0028311342,0.26617047,0.016564162,0.7179873,0.0021747076,0.05312407,0.00437585,0.19265708,0.019452637,0.09601547,0.010400734,0.21020062,0.0012028256,"TWOGAUSSIANS_WITH_ELLIPSOIDAL_ON_ECLIPSE1",9,10.5218725,0.21020062,0.0012028256,0.2695278,0.015854351,0.45819902,0.006348325,0.7179873,0.0021747076,0.2974948,0.024504758,0.38422635,0.010462155
375316653866487564,2099238520884616448,0.5166062,2238.4623036669973,3.9003731614141275,1.5427602E-5,18.16374,0.023661992,0.19221306,0.006030953,0.08212707,0.00881739,0.6020811,0.06365377,0.6749348,0.002335901,0.071755126,0.0064047575,0.5576141,0.040889043,null,null,null,null,"TWOGAUSSIANS",8,18.213692,0.19221306,0.006030953,0.4,0.0,0.5980034,0.064733855,0.6749348,0.002335901,0.4,0.016558053,0.55353636,0.04246415
375316653866487564,2099242987648308736,0.4902587,2241.3880895735256,2.8701676720224545,1.1281068E-5,17.494802,0.0026789121,null,null,null,null,null,null,null,null,null,null,null,null,0.060787205,0.0034538913,0.21220917,0.005014989,"ELLIPSOIDAL",4,6.751832,null,null,null,null,null,null,null,null,null,null,null,null
375316653866487564,2099243709202818944,0.5825025,2251.6167553866926,1.062458334444437,8.393121E-6,15.675586,0.0018738165,0.30564728,0.0014096437,0.045472447,0.0019340281,0.23181474,0.0070598093,0.802079,0.015754309,0.038624734,0.008874204,0.065996766,0.021833695,0.015084013,0.0029270218,0.30564728,0.0014096437,"TWOGAUSSIANS_WITH_ELLIPSOIDAL_ON_ECLIPSE1",9,8.590179,0.30564728,0.0014096437,0.2546457,0.010830557,0.2619827,0.0068525076,0.802259,0.014970211,0.2162985,0.04969554,0.09615033,0.021979082
375316653866487564,2099247527434368896,0.46178293,2241.458895354061,2.503520450969167,5.7779147E-5,15.213798,0.007946439,0.24154153,0.012926572,0.021013448,0.012384517,0.3808192,0.7262233,null,null,null,null,null,null,0.07858725,0.0095484825,0.24154153,0.012926572,"ONEGAUSSIAN_WITH_ELLIPSOIDAL",6,811.67725,0.24154153,0.012926572,0.11767531,0.0693533,0.53799367,0.72690666,null,null,null,null,null,null
375316653866487564,2099248210328746880,0.5726032,2243.3130658693,2.500130050238044,6.725946E-6,17.992437,0.0069701443,0.22646385,0.0029455512,0.076152265,0.0030476698,0.4314424,0.009039062,0.71664786,0.0038561595,0.08011747,0.0033459351,0.47307265,0.010544906,null,null,null,null,"TWOGAUSSIANS",8,5.0752654,0.71664786,0.0038561595,0.4,0.0,0.46865487,0.009717433,0.22646385,0.0029455512,0.4,0.0,0.42702463,0.008326575
375316653866487564,2099249000602882432,0.49202126,2244.7001014712196,2.9621210614907403,9.816018E-6,18.207697,0.41118264,0.24480897,0.007422686,0.14347991,0.0769165,0.2626816,0.390293,0.7437964,0.01819648,0.1422919,0.081747144,0.26704314,0.38549608,null,null,null,null,"TWOGAUSSIANS",8,2.8795316,0.7437964,0.018209927,0.4,0.0,0.1543449,0.015058788,0.24485897,0.0057147704,0.4,0.0,0.14988421,0.007009392
375316653866487564,2099254502461398656,0.52722466,2233.3930983965483,2.2966615258584766,1.2112319E-5,14.58164,0.46161914,0.20016095,0.0057730936,0.18484116,0.17662206,0.19268322,0.4571811,0.6942206,0.0039500967,0.13255309,0.03540618,0.24281448,0.25816408,null,null,null,null,"TWOGAUSSIANS",8,62.829132,0.6942206,0.0039500967,0.4,0.0,0.1378958,0.008974059,0.20049095,0.0052813976,0.4,0.0,0.07820235,0.0067665526
375316653866487564,2099255017857411200,0.5257631,2255.712982447584,3.5052216677714556,2.2979148E-5,14.480489,0.10333378,0.092633046,0.00434372,0.16917573,0.024763592,0.6367294,0.27804318,0.582332,0.006547436,0.28392065,0.04403153,1.2078046,0.096445635,null,null,null,null,"TWOGAUSSIANS",8,46.88488,0.582332,0.006547436,0.4,0.0,0.18644014,0.0078054355,0.10812305,0.0052942415,0.4,0.0,0.108235955,0.00885775
375316653866487564,2099259003586900736,0.575641,2263.38739009506,3.521514714133612,7.186864E-6,15.661631,0.0093913125,0.18831895,0.0017615175,0.03749396,0.0064625223,0.14577849,0.019886173,0.6979573,0.0052004317,0.040258374,0.013488597,0.26645043,0.052906096,0.13791402,0.012561101,0.18831895,0.0017615175,"TWOGAUSSIANS_WITH_ELLIPSOIDAL_ON_ECLIPSE1",9,123.77914,0.6979573,0.0052004317,0.22544691,0.07553615,0.54126793,0.06997104,0.18831895,0.0017615175,0.20996617,0.036190126,0.42160636,0.009865154
375316653866487564,2099265016541188608,0.5650912,2239.0345907939504,2.757679385599239,1.3247055E-5,16.03275,0.01649244,0.2726568,0.0065307966,0.04210957,0.007847709,0.17223735,0.036330923,0.7559954,0.0025767589,0.058032114,0.008802426,0.29032832,0.03735377,0.1111632,0.020059071,0.7559954,0.0025767589,"TWOGAUSSIANS_WITH_ELLIPSOIDAL_ON_ECLIPSE2",9,128.55202,0.7559954,0.0025767589,0.32497984,0.049293585,0.51262766,0.03206955,0.2701168,0.0057557593,0.2358136,0.043947168,0.39247796,0.010826874
375316653866487564,2099266803247679744,0.50732243,2240.248324466581,2.651257299894811,1.5326412E-5,17.758556,0.013876485,0.19385348,0.0042359857,0.087116234,0.0062485025,0.31037706,0.01850844,0.7048611,0.0052096373,0.08075178,0.006508317,0.33563682,0.028851153,null,null,null,null,"TWOGAUSSIANS",8,12.821859,0.7048611,0.0052096373,0.4,0.0,0.32937652,0.028352367,0.19385348,0.0042359857,0.4,0.0,0.3041167,0.01718414
375316653866487564,2099268379501657856,0.46410686,2246.2818612172837,2.752906387136323,4.3011805E-5,18.3642,0.0030994413,0.25948784,0.01009909,0.015591285,0.016006898,0.0050404826,468142.97,null,null,null,null,null,null,0.047245193,0.0046191965,0.25948784,0.01009909,"ONEGAUSSIAN_WITH_ELLIPSOIDAL",6,4.4197097,0.25948784,0.01009909,0.08731119,0.08963863,0.09953087,468142.97,null,null,null,null,null,null
375316653866487564,2099271918549774208,0.66159326,2245.638898752047,3.0057817769651023,3.0818474E-6,17.462996,0.005870047,0.23834738,9.191794E-4,0.041343063,0.002636494,0.3438637,0.013821363,0.7326975,0.0015891689,0.044901,0.0018890423,0.42488137,0.01512326,0.14296141,0.007750135,0.23834738,9.191794E-4,"TWOGAUSSIANS_WITH_ELLIPSOIDAL_ON_ECLIPSE1",9,4.751004,0.7332475,0.0014029642,0.2514456,0.010578637,0.7104785,0.011046854,0.23834738,9.191794E-4,0.23152116,0.014764368,0.62978613,0.012862055
375316653866487564,2099275633700649984,0.46278498,2230.4021848265165,1.4767915243831236,2.1969485E-5,15.23752,0.0023026785,null,null,null,null,null,null,null,null,null,null,null,null,0.043898225,0.0038268582,0.23781587,0.0051906635,"ELLIPSOIDAL",4,74.37971,null,null,null,null,null,null,null,null,null,null,null,null
