Gaia/vari_eclipsing_binary/VariEclipsingBinary_459067-459083.csv
# %ECSV 1.0
# ---
# delimiter: ','
# meta: !!omap
# - RELEASE: Gaia DR3
# - TABLE: vari_eclipsing_binary
# - DESCRIPTION: >
#     This table describes the properties of the eclipsing binaries resulting from the variability analysis. 
# - CITATION: >
#     How to cite and acknowledge Gaia: 
#     https://gea.esac.esa.int/archive/documentation/credits.html 
# - KNOWN_ISSUES: >
#     Known issues: 
#     https://www.cosmos.esa.int/web/gaia-users/known-issues 
# - DOCUMENTATION: >
#     Tutorials and documentation: 
#     https://www.cosmos.esa.int/web/gaia-users/archive 
# datatype:
# - 
#   name: solution_id
#   datatype: int64
#   description: Solution Identifier
#   meta:
#     ucd: meta.version
# - 
#   name: source_id
#   datatype: int64
#   description: Unique source identifier
#   meta:
#     ucd: meta.id;meta.main
# - 
#   name: global_ranking
#   datatype: float32
#   description: Number between 0 (worst) and 1 (best)
#   meta:
#     ucd: stat.param
# - 
#   name: reference_time
#   datatype: float64
#   unit: d
#   description: Reference time used for the geometric model fit
#   meta:
#     ucd: time.epoch
# - 
#   name: frequency
#   datatype: float64
#   unit: d**-1
#   description: Frequency of geometric model of the eclipsing binary light curve
#   meta:
#     ucd: src.orbital
# - 
#   name: frequency_error
#   datatype: float32
#   unit: d**-1
#   description: "Uncertainty of \\texttt{frequency}"
#   meta:
#     ucd: stat.error
# - 
#   name: geom_model_reference_level
#   datatype: float32
#   unit: mag
#   description: Magnitude reference level of geometric model
#   meta:
#     ucd: phot.mag;em.opt
# - 
#   name: geom_model_reference_level_error
#   datatype: float32
#   unit: mag
#   description: "Uncertainty of \\texttt{geomModelReferenceLevel}"
#   meta:
#     ucd: stat.error;phot.mag;em.opt
# - 
#   name: geom_model_gaussian1_phase
#   datatype: float32
#   description: Phase of the Gaussian 1 component
#   meta:
#     ucd: time.phase
# - 
#   name: geom_model_gaussian1_phase_error
#   datatype: float32
#   description: "Uncertainty of \\texttt{geomModelGaussian1Phase}"
#   meta:
#     ucd: stat.error;time.phase
# - 
#   name: geom_model_gaussian1_sigma
#   datatype: float32
#   description: "Standard deviation [phase] of Gaussian 1 component"
#   meta:
#     ucd: stat.stdev
# - 
#   name: geom_model_gaussian1_sigma_error
#   datatype: float32
#   description: "Uncertainty of \\texttt{geomModelGaussian1Sigma}"
#   meta:
#     ucd: stat.error
# - 
#   name: geom_model_gaussian1_depth
#   datatype: float32
#   unit: mag
#   description: Magnitude depth of Gaussian 1 component
#   meta:
#     ucd: src.var.amplitude
# - 
#   name: geom_model_gaussian1_depth_error
#   datatype: float32
#   unit: mag
#   description: "Uncertainty of \\texttt{geomModelGaussian1Depth}"
#   meta:
#     ucd: stat.error;src.var.amplitude
# - 
#   name: geom_model_gaussian2_phase
#   datatype: float32
#   description: Phase of Gaussian 2 component
#   meta:
#     ucd: time.phase
# - 
#   name: geom_model_gaussian2_phase_error
#   datatype: float32
#   description: "Uncertainty of \\texttt{geomModelGaussian2Phase}"
#   meta:
#     ucd: stat.error;time.phase
# - 
#   name: geom_model_gaussian2_sigma
#   datatype: float32
[...]
#   datatype: float32
#   description: "Secondary eclipse: uncertainty of \\texttt{derivedSecondaryEclDuration}"
#   meta:
#     ucd: stat.error;time.duration
# - 
#   name: derived_secondary_ecl_depth
#   datatype: float32
#   unit: mag
#   description: "Secondary eclipse: depth"
#   meta:
#     ucd: src.var.amplitude
# - 
#   name: derived_secondary_ecl_depth_error
#   datatype: float32
#   unit: mag
#   description: "Secondary eclipse: uncertainty of \\texttt{derivedSecondaryEclDepth}"
#   meta:
#     ucd: stat.error;src.var.amplitude
solution_id,source_id,global_ranking,reference_time,frequency,frequency_error,geom_model_reference_level,geom_model_reference_level_error,geom_model_gaussian1_phase,geom_model_gaussian1_phase_error,geom_model_gaussian1_sigma,geom_model_gaussian1_sigma_error,geom_model_gaussian1_depth,geom_model_gaussian1_depth_error,geom_model_gaussian2_phase,geom_model_gaussian2_phase_error,geom_model_gaussian2_sigma,geom_model_gaussian2_sigma_error,geom_model_gaussian2_depth,geom_model_gaussian2_depth_error,geom_model_cosine_half_period_amplitude,geom_model_cosine_half_period_amplitude_error,geom_model_cosine_half_period_phase,geom_model_cosine_half_period_phase_error,model_type,num_model_parameters,reduced_chi2,derived_primary_ecl_phase,derived_primary_ecl_phase_error,derived_primary_ecl_duration,derived_primary_ecl_duration_error,derived_primary_ecl_depth,derived_primary_ecl_depth_error,derived_secondary_ecl_phase,derived_secondary_ecl_phase_error,derived_secondary_ecl_duration,derived_secondary_ecl_duration_error,derived_secondary_ecl_depth,derived_secondary_ecl_depth_error
[from data line 335]
375316653866487564,4038052527137692416,0.44858754,2313.4317428502995,1.5819455358183574,1.6352315E-4,19.262215,0.013160105,0.3396961,0.0076261926,0.076210134,0.007894511,0.16628122,0.03115456,0.83023953,0.017024953,0.07901075,0.01447486,0.15912499,0.014579693,null,null,null,null,"TWOGAUSSIANS",8,2.620315,0.3396961,0.0076261926,0.4,0.0,0.16479221,0.030672478,0.83023953,0.017024953,0.4,0.020933509,0.15763597,0.013254657
375316653866487564,4038052630211872896,0.53169435,2291.5818162550067,0.7478629089276709,2.4620158E-4,16.71362,0.003795495,0.445519,0.0038092243,0.045581546,0.004235218,0.39286447,0.1287767,0.76829946,0.06359482,0.1373614,0.057458393,0.022668298,0.0043134694,null,null,null,null,"TWOGAUSSIANS",8,1.3552577,0.445649,0.0036661767,0.25525665,0.023717219,0.3942085,0.12832339,0.76829946,0.06359482,0.4,0.0,0.022577224,0.0039897147
375316653866487564,4038052767655822336,0.5191636,2238.944181511777,2.5068498841274267,5.5025466E-5,18.212997,0.011286982,0.23375174,7.753158E-6,0.0073662214,9.658015E-5,1.4812475,0.00669849,0.7374034,0.015616489,0.052685477,0.020602504,0.28539872,0.19382386,null,null,null,null,"TWOGAUSSIANS",8,17.205761,0.23375174,7.753158E-6,0.04125084,5.408489E-4,1.4812475,0.00669849,0.7374034,0.015616489,0.29503867,0.115374014,0.28539872,0.19382386
375316653866487564,4038052870735070208,0.57518965,2304.8841108131173,3.2564031887030462,9.760754E-6,17.518,0.03568988,0.19451472,0.0018657647,0.10224736,0.007141445,0.50751364,0.033377063,0.6741871,0.0030141005,0.09696046,0.0068253037,0.65759504,0.03259948,null,null,null,null,"TWOGAUSSIANS",8,9.24105,0.6741871,0.0030141005,0.4,0.0,0.6196966,0.02005499,0.19451472,0.0018648759,0.4,0.0,0.4696092,0.019678934
375316653866487564,4038052905094796928,0.44543168,2271.391017629419,4.099912679611394,2.7819246E-5,18.592718,0.070705615,0.1650428,0.012130977,0.07636545,0.022645777,0.2722022,0.0679337,0.7732112,0.0054209554,0.025904803,0.011230005,0.10852725,0.07228008,null,null,null,null,"TWOGAUSSIANS",8,7.551068,0.1650428,0.012130977,0.4,0.006518677,0.2722022,0.06792132,0.7732112,0.0054232357,0.1450669,0.062888026,0.108527765,0.07234073
375316653866487564,4038053008168992384,0.6680157,2274.2930969381505,2.894246398459891,7.793153E-6,16.798437,0.05643261,0.2684865,0.0015747172,0.05187441,0.0066196127,0.625275,0.10929768,0.76556003,0.006974641,0.042537432,0.0070714676,0.5848542,0.1269372,0.09185379,0.061052375,0.2684865,0.0015747172,"TWOGAUSSIANS_WITH_ELLIPSOIDAL_ON_ECLIPSE1",9,15.755839,0.2684865,0.0015747172,0.2904967,0.03706983,0.80897695,0.029215928,0.76569,0.0066363895,0.23820964,0.03960022,0.76849663,0.056913413
375316653866487564,4038053557925393920,0.5376934,2157.4938291697335,2.4842903922634756,2.0402098E-5,18.235765,0.00513741,null,null,null,null,null,null,null,null,null,null,null,null,0.14028014,0.007403888,0.1864118,0.004080786,"ELLIPSOIDAL",4,6.2178164,null,null,null,null,null,null,null,null,null,null,null,null
375316653866487564,4038053557979652992,0.46220288,2177.330586167469,1.0085187425146978,3.612978E-5,18.225163,0.008730961,0.19187668,0.008415585,0.06943291,0.019133894,0.077688165,0.0106585575,0.6871686,0.010413612,0.070300825,0.012458291,0.065074876,0.014597398,null,null,null,null,"TWOGAUSSIANS",8,2.5985627,0.19187668,0.008415585,0.38882425,0.06638168,0.07747942,0.010538223,0.6871686,0.010413612,0.39368463,0.054903846,0.06486613,0.014319251
375316653866487564,4038053588015278080,0.54902905,2144.0863604256815,2.7590030896100695,1.5335854E-5,17.934748,0.35755476,0.26320812,0.004898187,0.15278338,0.059065048,0.35359496,0.33353963,0.7713049,0.012332761,0.15448351,0.08409519,0.29596016,0.33362314,null,null,null,null,"TWOGAUSSIANS",8,2.4026046,0.2624781,0.0035247772,0.4,0.0,0.19241892,0.008513799,0.77233493,0.01185498,0.4,0.0,0.13498765,0.017785681
375316653866487564,4038053661004509312,0.42448318,2229.021979652101,0.07796249963632838,1.2356558E-4,19.418755,0.015215678,0.4519421,0.0026370625,0.020246124,0.0027089715,0.3243662,0.085910946,0.80724096,0.032995656,0.14762662,0.047670264,0.071907,0.020891795,null,null,null,null,"TWOGAUSSIANS",8,3.1790671,0.45202208,0.0026444688,0.11337829,0.015170241,0.3278813,0.08725599,0.80724096,0.032995656,0.4,0.0,0.07144264,0.020418016
375316653866487564,4038053832802989696,0.49706018,2253.9892519714626,3.0041229148171418,2.2436097E-5,17.880936,0.0069840653,null,null,null,null,null,null,null,null,null,null,null,null,0.11033415,0.0108252335,0.3349477,0.0072225886,"ELLIPSOIDAL",4,16.30786,null,null,null,null,null,null,null,null,null,null,null,null
375316653866487564,4038054172103533184,0.55200005,2237.623094775359,1.4223029563722016,3.6764766E-5,17.68929,0.007784859,0.24806316,0.023574527,0.07010614,0.018952489,0.082312845,0.022637459,0.6924018,0.006679169,0.088526696,0.00826401,0.3446008,0.05916366,null,null,null,null,"TWOGAUSSIANS",8,5.9908113,0.6924018,0.006679169,0.4,0.0,0.3438257,0.059916556,0.24806316,0.023583885,0.39259437,0.07212493,0.08153892,0.022623843
375316653866487564,4038054794876965888,0.461784,2210.4423711074583,3.863632526377745,3.5609515E-5,19.584576,0.17608246,0.23105419,0.024571624,0.14969546,0.0678022,0.39629868,0.15084592,0.7761887,0.011173096,0.07468021,0.024144366,0.69179314,0.121457204,null,null,null,null,"TWOGAUSSIANS",8,4.562268,0.77673864,0.011913496,0.4,0.038675733,0.65063226,0.04698036,0.23105419,0.024562752,0.4,0.0,0.35067865,0.06133391
375316653866487564,4038054794876970752,0.5538499,2182.6541491845483,1.05545791667429,4.3037053E-5,18.089529,0.002424044,0.15169011,0.0023539718,0.018394515,6.823818E-4,1.1612579,0.10889649,0.7199008,0.022138845,0.018260406,0.020977648,0.036943056,0.0023645123,null,null,null,null,"TWOGAUSSIANS",8,4.914395,0.15169011,0.0023539718,0.10300929,0.003821338,1.1612579,0.10889649,0.7199008,0.022138845,0.10225827,0.11747483,0.036943056,0.0023645123
375316653866487564,4038055928747670400,0.5851835,2176.410825276333,3.845583850475531,1.9276784E-5,18.0923,0.01551202,0.21757562,0.008396048,0.07088367,0.006060956,0.6475132,0.061531916,0.7280127,0.10497379,0.07896351,0.039488774,0.5830073,0.32070252,null,null,null,null,"TWOGAUSSIANS",8,11.360813,0.21757562,0.008396048,0.39694855,0.024725443,0.6438171,0.060959622,0.7280127,0.10497379,0.4,0.16384213,0.57931113,0.32042733
375316653866487564,4038056547222981120,0.5785878,2256.388085186581,3.8817364496985114,2.1533067E-5,19.156164,0.259373,0.3038108,0.037971593,0.117331095,0.05321608,0.7902278,0.30601946,0.8173086,0.008966952,0.11144741,0.011974848,0.83487135,0.25196925,null,null,null,null,"TWOGAUSSIANS",8,1.3443239,0.8173586,0.008909949,0.4,0.0,0.7044077,0.029520096,0.30378082,0.03810293,0.4,0.0,0.65964454,0.041680418
375316653866487564,4038057887321056896,0.5267974,2254.6151351372614,2.6826512091755212,1.6646432E-5,19.865906,0.023376018,0.34632847,0.004766311,0.06606603,0.008933245,0.56604546,0.08044607,0.85044336,0.011963671,0.060812905,0.007533153,0.5118201,0.107781,null,null,null,null,"TWOGAUSSIANS",8,1.7704912,0.34632847,0.004766311,0.36996973,0.05002617,0.565643,0.08075389,0.85044336,0.011963671,0.34055227,0.042185657,0.5114177,0.10778226
375316653866487564,4038058127825426432,0.50998527,2262.152972500888,3.717713021151907,2.4036064E-5,17.316538,0.25051588,0.2623672,0.0080179535,0.24446763,0.1529228,0.28068653,0.248763,0.75807416,0.01161626,0.13189596,0.053725574,0.24563947,0.15604374,null,null,null,null,"TWOGAUSSIANS",8,4.8275414,0.75807416,0.01161626,0.4,0.0,0.1085886,0.018360933,0.2626472,0.008600068,0.4,0.0,0.0747798,0.0047382805
375316653866487564,4038058398376751616,0.6334468,2193.1552364665044,3.4011670608698252,9.032133E-6,18.895468,0.011361319,0.22506914,0.0040474315,0.04680122,0.00368135,0.43475592,0.033567775,0.7253745,0.003420319,0.03298435,0.006544535,0.3946594,0.07718397,0.17283629,0.023059104,0.7253745,0.003420319,"TWOGAUSSIANS_WITH_ELLIPSOIDAL_ON_ECLIPSE2",9,2.0618927,0.22510915,0.0034073717,0.26208684,0.020615561,0.780427,0.021334263,0.7253745,0.003420319,0.18471235,0.036649395,0.7403316,0.08289373
375316653866487564,4038058608811967872,0.46411666,2211.2140658281,0.5787592006947965,8.299038E-5,19.517143,0.0116125,0.7226023,0.0099846115,0.054045368,0.010140882,0.1718801,0.104783274,0.4256846,0.013635,0.1000804,0.027564412,0.3247249,0.109221876,null,null,null,null,"TWOGAUSSIANS",8,2.409589,0.4256846,0.013635,0.4,0.0,0.32470977,0.109388106,0.72048235,0.0090148095,0.30265406,0.05678894,0.1759732,0.10426085
375316653866487564,4038059261696814720,0.58041096,2236.1594734330656,2.9605944007697413,7.649969E-6,17.279182,0.0072139734,0.34983397,0.003045615,0.069520146,0.0042603533,0.2915583,0.011629749,0.84814864,0.0037742124,0.06844569,0.004053734,0.2646063,0.013014585,null,null,null,null,"TWOGAUSSIANS",8,5.2641664,0.34983397,0.003045615,0.38931283,0.02224064,0.2908109,0.011613171,0.84814864,0.0037742124,0.38329586,0.022700908,0.2638589,0.012929532
375316653866487564,4038059360427027712,0.5635835,2238.4192757802275,0.8305810798750066,4.611223E-5,12.809501,0.0012239636,0.40534097,0.010078222,0.035598613,0.006936569,0.12863676,0.046064693,0.90746945,0.009066747,0.020219661,0.010473414,0.05840161,0.579389,0.0073194136,0.0021187044,0.40534097,0.010078222,"TWOGAUSSIANS_WITH_ELLIPSOIDAL_ON_ECLIPSE1",9,43.174988,0.40534097,0.010078222,0.19935223,0.03884479,0.14327557,0.045928456,0.90746945,0.009063779,0.1132301,0.05865112,0.073037796,0.5798604
375316653866487564,4038059807126240384,0.4682691,2199.3255738240446,0.32999856533660954,8.164397E-5,18.495806,0.023930127,0.32175606,0.02141107,0.11473072,0.04245365,0.06237522,0.023251254,0.84161335,0.006080708,0.049711097,0.026498178,0.30090937,0.29930612,null,null,null,null,"TWOGAUSSIANS",8,1.9211072,0.84161335,0.0060951607,0.27838215,0.14383267,0.29974398,0.30419183,0.32175606,0.02141107,0.4,0.0,0.061197832,0.01628151
375316653866487564,4038060528688372608,0.55730176,2178.8175221742663,2.8784980962085873,2.2328093E-5,18.580482,0.025542798,0.20916732,0.0055383756,0.041876804,0.015637033,0.24488369,0.061386272,0.7013092,0.015859382,0.042664092,0.017642438,0.2614515,0.102377884,0.109693356,0.036328364,0.20916732,0.0055383756,"TWOGAUSSIANS_WITH_ELLIPSOIDAL_ON_ECLIPSE1",9,6.1674848,0.7021492,0.014889034,0.23891892,0.09879765,0.48036087,0.08749685,0.20916732,0.0055383756,0.23451011,0.08756738,0.46427003,0.042486932
375316653866487564,4038060631775007104,0.49407282,2181.0183751482086,2.858564381189794,2.8538223E-5,18.505774,0.098677196,0.35112703,0.018569186,0.169419,0.07536333,0.16551508,0.098124065,0.85383236,0.0053519364,0.097393714,0.02180478,0.23355164,0.071142666,null,null,null,null,"TWOGAUSSIANS",8,1.7880886,0.85396236,0.005294245,0.4,0.0,0.17845345,0.035228625,0.35112703,0.018570494,0.4,0.0,0.10616207,0.016625782
375316653866487564,4038061048403219200,0.57510227,2213.147106281397,0.8948775450693681,1.4415761E-5,17.891352,0.0030560642,0.2642818,0.014313531,0.038868576,0.0064568194,0.46271095,0.09560935,0.78041846,0.0031308704,0.04509217,0.0022814907,0.23269176,0.013276327,null,null,null,null,"TWOGAUSSIANS",8,3.1435235,0.2642818,0.014313531,0.21766402,0.03615819,0.46271095,0.0956092,0.78041846,0.0031308704,0.25251615,0.012776348,0.23269175,0.013276319
375316653866487564,4038061284569385600,0.48138577,2222.650670946428,1.153145281970439,4.4661523E-5,18.33834,0.005900938,0.26846442,0.010236343,0.055854715,0.012250549,0.14661635,0.09378205,0.6369881,0.0076004057,0.013713939,0.005982312,0.27253154,0.315486,null,null,null,null,"TWOGAUSSIANS",8,1.0892535,0.6369881,0.0076004057,0.07679806,0.033500947,0.27253154,0.315486,0.26846442,0.010236343,0.3127864,0.068603076,0.14661635,0.09378205
375316653866487564,4038061495079841792,0.49609953,2248.243150999844,1.3984619669926162,1.7451459E-5,16.556879,0.026664857,0.30032152,0.0048173843,0.10466294,0.020174999,0.105651386,0.024214983,0.7896266,0.0044318624,0.118521646,0.026070025,0.10476962,0.024830012,null,null,null,null,"TWOGAUSSIANS",8,4.588529,0.3003615,0.0047608423,0.4,0.0,0.090373114,0.0052788933,0.7896266,0.0044318624,0.4,0.0,0.089463346,0.005334806
375316653866487564,4038061769905230720,0.42987972,2239.682530305027,0.2051961681720008,7.945752E-5,19.409575,0.10818074,0.17669058,0.011621884,0.08063562,0.015659703,0.5149388,0.10785837,0.7300689,0.012749328,0.13303792,0.025581636,0.635193,0.11237066,null,null,null,null,"TWOGAUSSIANS",8,5.2176194,0.7300689,0.012748163,0.4,0.0,0.5954574,0.06923708,0.17600058,0.010718324,0.4,0.0,0.47760063,0.061063096
375316653866487564,4038062182222250240,0.5225609,2190.6387693340216,2.7493236084776576,1.508102E-5,18.419344,0.0052582845,0.29638305,0.0038805755,0.048870195,0.021748198,0.008574638,0.012745327,null,null,null,null,null,null,0.13472913,0.007984403,0.29638305,0.0038805755,"ONEGAUSSIAN_WITH_ELLIPSOIDAL",6,5.2108154,0.29638305,0.0038805755,0.2736731,0.12178991,0.2780326,0.010476894,null,null,null,null,null,null
375316653866487564,4038062354021584640,0.4635391,2280.4296072890384,0.39716128286561486,2.0761909E-5,19.127914,0.010446686,0.29017192,0.009801303,0.05501356,0.010693062,0.13160068,0.018549627,0.7448218,0.010458729,0.045029894,0.0129713155,0.24373335,0.038308103,null,null,null,null,"TWOGAUSSIANS",8,3.273432,0.7448218,0.010458729,0.2521674,0.07263937,0.24373323,0.038308423,0.29017192,0.009801303,0.30807593,0.05988115,0.13160056,0.01854934
375316653866487564,4038062354073453184,0.48772314,2235.579360272643,2.206769200356154,1.2150954E-5,18.70665,0.008399191,0.18333496,0.004604348,0.075099684,0.0058347792,0.14622529,0.008887556,0.52376366,0.010829799,0.054676205,0.011960346,0.14536999,0.054024942,null,null,null,null,"TWOGAUSSIANS",8,1.571251,0.18333496,0.004604348,0.4,0.0,0.14622459,0.008885007,0.52376366,0.010829799,0.30618674,0.06697794,0.14537433,0.054024734
375316653866487564,4038062628901786624,0.5627685,2265.100653057063,3.553565060422157,4.812138E-6,19.316837,0.013529094,0.2961935,0.0014454043,0.062034756,0.0025679022,0.44835764,0.019668067,0.80285084,0.0048835333,0.0655694,0.0051065236,0.6938582,0.029435301,null,null,null,null,"TWOGAUSSIANS",8,2.3355875,0.80285084,0.0048835333,0.36718863,0.028596533,0.69343543,0.029515827,0.2961935,0.0014454043,0.34739465,0.014380253,0.44793487,0.019567603
375316653866487564,4038063075576150144,0.56703955,2199.0921116087766,2.892554525549559,2.3190796E-5,18.422188,0.024427563,0.30742484,0.010989037,0.08229979,0.025810378,0.36970142,0.15905245,0.8078137,0.005523813,0.07886558,0.010344682,0.41667026,0.034711078,null,null,null,null,"TWOGAUSSIANS",8,3.2173123,0.8078137,0.005523813,0.4,0.0,0.41034964,0.037603885,0.30742484,0.010989037,0.4,0.020737061,0.36338076,0.16898616
375316653866487564,4038063281734666880,0.60131013,2262.4890277818467,2.8352260343928934,5.740508E-6,17.195202,0.008222838,0.26348907,0.0025348032,0.081197105,0.0039281514,0.43404537,0.012613708,0.7651377,0.0027457457,0.07773012,0.0042871023,0.27850312,0.011246617,null,null,null,null,"TWOGAUSSIANS",8,8.684146,0.26348907,0.0025348032,0.4,0.0,0.42926186,0.012480607,0.7651377,0.0027457457,0.4,0.0,0.27371964,0.010924995
375316653866487564,4038063316094726912,0.44263425,2233.4777725001018,1.0262492473295777,1.3158354E-4,18.810871,0.056173503,0.3307364,0.04874669,0.15932447,0.10015326,0.10051196,0.05814684,0.7753425,0.016062623,0.09534803,0.023888083,0.14108855,0.04159812,null,null,null,null,"TWOGAUSSIANS",8,2.2929342,0.7753425,0.016062623,0.4,0.0,0.123285696,0.029492777,0.3307664,0.048711196,0.4,0.0,0.080433324,0.036032315
