Gaia/vari_eclipsing_binary/VariEclipsingBinary_467168-467184.csv
# %ECSV 1.0
# ---
# delimiter: ','
# meta: !!omap
# - RELEASE: Gaia DR3
# - TABLE: vari_eclipsing_binary
# - DESCRIPTION: >
#     This table describes the properties of the eclipsing binaries resulting from the variability analysis. 
# - CITATION: >
#     How to cite and acknowledge Gaia: 
#     https://gea.esac.esa.int/archive/documentation/credits.html 
# - KNOWN_ISSUES: >
#     Known issues: 
#     https://www.cosmos.esa.int/web/gaia-users/known-issues 
# - DOCUMENTATION: >
#     Tutorials and documentation: 
#     https://www.cosmos.esa.int/web/gaia-users/archive 
# datatype:
# - 
#   name: solution_id
#   datatype: int64
#   description: Solution Identifier
#   meta:
#     ucd: meta.version
# - 
#   name: source_id
#   datatype: int64
#   description: Unique source identifier
#   meta:
#     ucd: meta.id;meta.main
# - 
#   name: global_ranking
#   datatype: float32
#   description: Number between 0 (worst) and 1 (best)
#   meta:
#     ucd: stat.param
# - 
#   name: reference_time
#   datatype: float64
#   unit: d
#   description: Reference time used for the geometric model fit
#   meta:
#     ucd: time.epoch
# - 
#   name: frequency
#   datatype: float64
#   unit: d**-1
#   description: Frequency of geometric model of the eclipsing binary light curve
#   meta:
#     ucd: src.orbital
# - 
#   name: frequency_error
#   datatype: float32
#   unit: d**-1
#   description: "Uncertainty of \\texttt{frequency}"
#   meta:
#     ucd: stat.error
# - 
#   name: geom_model_reference_level
#   datatype: float32
#   unit: mag
#   description: Magnitude reference level of geometric model
#   meta:
#     ucd: phot.mag;em.opt
# - 
#   name: geom_model_reference_level_error
#   datatype: float32
#   unit: mag
#   description: "Uncertainty of \\texttt{geomModelReferenceLevel}"
#   meta:
#     ucd: stat.error;phot.mag;em.opt
# - 
#   name: geom_model_gaussian1_phase
#   datatype: float32
#   description: Phase of the Gaussian 1 component
#   meta:
#     ucd: time.phase
# - 
#   name: geom_model_gaussian1_phase_error
#   datatype: float32
#   description: "Uncertainty of \\texttt{geomModelGaussian1Phase}"
#   meta:
#     ucd: stat.error;time.phase
# - 
#   name: geom_model_gaussian1_sigma
#   datatype: float32
#   description: "Standard deviation [phase] of Gaussian 1 component"
#   meta:
#     ucd: stat.stdev
# - 
#   name: geom_model_gaussian1_sigma_error
#   datatype: float32
#   description: "Uncertainty of \\texttt{geomModelGaussian1Sigma}"
#   meta:
#     ucd: stat.error
# - 
#   name: geom_model_gaussian1_depth
#   datatype: float32
#   unit: mag
#   description: Magnitude depth of Gaussian 1 component
#   meta:
#     ucd: src.var.amplitude
# - 
#   name: geom_model_gaussian1_depth_error
#   datatype: float32
#   unit: mag
#   description: "Uncertainty of \\texttt{geomModelGaussian1Depth}"
#   meta:
#     ucd: stat.error;src.var.amplitude
# - 
#   name: geom_model_gaussian2_phase
#   datatype: float32
#   description: Phase of Gaussian 2 component
#   meta:
#     ucd: time.phase
# - 
#   name: geom_model_gaussian2_phase_error
#   datatype: float32
#   description: "Uncertainty of \\texttt{geomModelGaussian2Phase}"
#   meta:
#     ucd: stat.error;time.phase
# - 
#   name: geom_model_gaussian2_sigma
#   datatype: float32
[...]
#   datatype: float32
#   description: "Secondary eclipse: uncertainty of \\texttt{derivedSecondaryEclDuration}"
#   meta:
#     ucd: stat.error;time.duration
# - 
#   name: derived_secondary_ecl_depth
#   datatype: float32
#   unit: mag
#   description: "Secondary eclipse: depth"
#   meta:
#     ucd: src.var.amplitude
# - 
#   name: derived_secondary_ecl_depth_error
#   datatype: float32
#   unit: mag
#   description: "Secondary eclipse: uncertainty of \\texttt{derivedSecondaryEclDepth}"
#   meta:
#     ucd: stat.error;src.var.amplitude
solution_id,source_id,global_ranking,reference_time,frequency,frequency_error,geom_model_reference_level,geom_model_reference_level_error,geom_model_gaussian1_phase,geom_model_gaussian1_phase_error,geom_model_gaussian1_sigma,geom_model_gaussian1_sigma_error,geom_model_gaussian1_depth,geom_model_gaussian1_depth_error,geom_model_gaussian2_phase,geom_model_gaussian2_phase_error,geom_model_gaussian2_sigma,geom_model_gaussian2_sigma_error,geom_model_gaussian2_depth,geom_model_gaussian2_depth_error,geom_model_cosine_half_period_amplitude,geom_model_cosine_half_period_amplitude_error,geom_model_cosine_half_period_phase,geom_model_cosine_half_period_phase_error,model_type,num_model_parameters,reduced_chi2,derived_primary_ecl_phase,derived_primary_ecl_phase_error,derived_primary_ecl_duration,derived_primary_ecl_duration_error,derived_primary_ecl_depth,derived_primary_ecl_depth_error,derived_secondary_ecl_phase,derived_secondary_ecl_phase_error,derived_secondary_ecl_duration,derived_secondary_ecl_duration_error,derived_secondary_ecl_depth,derived_secondary_ecl_depth_error
[from data line 224]
375316653866487564,4109324176599691392,0.45054266,2312.0587957259568,1.6310494631431827,3.5035726E-5,17.799269,0.0058100545,0.25629315,0.012503331,0.05948819,0.011722849,0.0785856,0.0072919056,0.76773924,0.004631703,0.055746436,0.005187025,0.23669127,0.020182773,null,null,null,null,"TWOGAUSSIANS",8,12.029397,0.76773924,0.004631703,0.31218004,0.029047338,0.23667726,0.02018968,0.25629315,0.012503331,0.33313385,0.06564795,0.078571595,0.0072971773
375316653866487564,4109324417070190848,0.49228352,2308.3305129150576,2.950459733151835,1.7019798E-5,19.740654,0.014146602,0.28469563,0.0032472382,0.058298387,0.006178781,0.43349785,0.032157287,0.79050094,0.003514301,0.07143303,0.0077040656,0.53643495,0.040272664,null,null,null,null,"TWOGAUSSIANS",8,2.9460244,0.79050094,0.003514301,0.4,0.026529664,0.53594965,0.040621396,0.28469563,0.0032472382,0.32647097,0.03460117,0.4330126,0.032221735
375316653866487564,4109324588875697664,0.51073027,2303.1194635388683,2.5901073894723186,3.9994877E-5,19.733316,0.42816758,0.32135975,0.013547137,0.11357506,0.048458934,0.5321535,0.403384,0.824257,0.012197086,0.11974914,0.06875484,0.40490812,0.405995,null,null,null,null,"TWOGAUSSIANS",8,3.322711,0.32134974,0.013598514,0.4,0.0,0.4419936,0.031468134,0.824267,0.012124752,0.4,0.0,0.3146812,0.064316556
375316653866487564,4109325069924528640,0.48450613,2281.267972446346,2.3581562930945847,3.0138071E-5,18.806543,0.0129594,0.16110635,0.006626589,0.027557585,0.0139955245,0.16715546,0.041475467,0.63940835,0.00931885,0.050955262,0.05258239,0.12614712,0.055546936,0.07653277,0.020236736,0.16110635,0.006626589,"TWOGAUSSIANS_WITH_ELLIPSOIDAL_ON_ECLIPSE1",9,9.42968,0.16110635,0.006626589,0.15432248,0.07837494,0.32022068,0.034170244,0.64371836,0.012138374,0.28534946,0.12399746,0.2769422,0.04016721
375316653866487564,4109325134323352704,0.6010691,2317.8620386383445,2.9000561831969316,1.0006296E-5,18.16841,0.007462988,0.27806577,0.0033024445,0.07597266,0.003392991,0.5024211,0.02325376,0.77890915,0.0015377566,0.079031765,0.0021799593,0.49009585,0.010543568,null,null,null,null,"TWOGAUSSIANS",8,3.5952926,0.27806577,0.0033024445,0.4,0.0,0.4970582,0.023604363,0.77890915,0.0015377566,0.4,0.0,0.48473296,0.010223505
375316653866487564,4109325546610793344,0.5681984,2271.0678515826917,1.5394757108251431,9.065512E-6,18.459661,0.0053207166,0.32881492,8.8295905E-4,0.04598035,0.0017995446,0.3853266,0.008809523,0.8395927,0.010287376,0.07580322,0.010562077,0.098633334,0.019334987,null,null,null,null,"TWOGAUSSIANS",8,2.5238953,0.32881492,8.8295905E-4,0.25748995,0.0100774495,0.38527924,0.008797217,0.8395927,0.010287376,0.4,0.0,0.098585986,0.019368662
375316653866487564,4109325581000940032,0.46124128,2302.6760643828297,2.596455397522824,3.4383844E-5,18.898693,0.040552545,0.13954939,0.0053447005,0.09330422,0.023063604,0.16513307,0.036114093,0.6421599,0.018281378,0.08961768,0.049688768,0.149746,0.05077519,null,null,null,null,"TWOGAUSSIANS",8,2.8068318,0.13954939,0.0053447005,0.4,0.0,0.1579128,0.026684111,0.6421599,0.018281378,0.4,0.13561685,0.14252587,0.05501252
375316653866487564,4109325654021197184,0.47761598,2327.8394431130455,1.1699620153790378,4.19049E-5,19.238127,0.007376555,0.24817914,0.010947519,0.011802024,0.01121009,0.20421703,1.21642074E11,0.7532521,0.017230554,0.018215908,0.011322022,0.12220832,0.36995742,0.0853072,0.010475062,0.24817914,0.010947519,"TWOGAUSSIANS_WITH_ELLIPSOIDAL_ON_ECLIPSE1",9,5.1804166,0.24817914,0.010947519,0.06609134,0.062776506,0.37483123,1.21642074E11,0.7532521,0.017101627,0.10200909,0.06340332,0.29264924,0.3690545
375316653866487564,4109325757099712512,0.45072728,2295.536305209142,0.37005025519004336,3.2891494E-5,19.699392,0.04327631,0.17691752,0.017268669,0.16082709,0.04374029,0.1418642,0.04335916,0.63469464,0.009532516,0.06375755,0.012005093,0.27315393,0.052505292,null,null,null,null,"TWOGAUSSIANS",8,2.7239225,0.63469464,0.009532516,0.3570423,0.06722852,0.25998366,0.05029181,0.17691752,0.017268669,0.4,0.0,0.12574211,0.022091338
375316653866487564,4109325821488654976,0.5785819,2318.386101767696,1.5849542502114733,1.311187E-5,17.593897,0.021531058,0.29631147,0.0021849961,0.10465736,0.009177461,0.28766242,0.016741423,0.79451853,0.003181106,0.12145242,0.011871796,0.19732636,0.020788062,null,null,null,null,"TWOGAUSSIANS",8,2.0924234,0.29632148,0.0021917545,0.4,0.0,0.24815571,0.01395468,0.79451853,0.003181106,0.4,0.0,0.1577435,0.004032017
375316653866487564,4109325825819389312,0.4495826,2306.922956038003,0.12332292271823449,1.171244E-4,19.49057,0.012271611,0.14659746,0.0043338058,0.019070864,0.0025868958,0.3500936,0.026350006,0.819544,0.009877111,0.044203617,0.00952143,0.43392992,0.11198862,null,null,null,null,"TWOGAUSSIANS",8,6.3492613,0.819544,0.009877111,0.24754025,0.053320013,0.43392992,0.11198862,0.14659746,0.0043338058,0.10679684,0.0144866165,0.3500936,0.026350006
375316653866487564,4109326577403104640,0.61248374,2334.4509871578007,1.9805740384212804,1.4478235E-5,18.181284,0.0044050277,0.24661154,0.0022534071,0.07619974,0.0031110728,0.3761069,0.015104008,0.74998945,0.0023031854,0.08066959,0.0033363677,0.32139322,0.0058297208,null,null,null,null,"TWOGAUSSIANS",8,1.8915856,0.24661154,0.0022534071,0.4,0.0,0.37208077,0.015614773,0.74998945,0.0023031854,0.4,0.0,0.3173671,0.0055910205
375316653866487564,4109326611766690560,0.4915743,2339.0210968712895,1.4475617207102567,2.626119E-6,17.79882,0.00363432,0.2883781,0.006892939,0.010947527,0.006375768,0.69320166,0.4747918,0.809291,3.52515E-5,0.0033080962,4.7803225E-4,0.27141702,0.1006875,0.018068643,0.0053323936,0.2883781,0.006892939,"TWOGAUSSIANS_WITH_ELLIPSOIDAL_ON_ECLIPSE1",9,9.488499,0.2883781,0.006892939,0.061306156,0.0357043,0.7293389,0.47540468,0.809291,3.52515E-5,0.01852534,0.0026769806,0.3069339,0.10999661
375316653866487564,4109326684820329856,0.51100904,2305.536377745553,1.6481757350770128,4.3275966E-5,19.52541,0.008684716,0.18408634,0.014291142,0.060308445,0.020009754,0.117423125,0.017972875,0.6744689,0.003472239,0.05342527,0.004838952,0.53767794,0.045394346,null,null,null,null,"TWOGAUSSIANS",8,1.8894964,0.6744689,0.003472239,0.29918152,0.02709813,0.5376574,0.04540402,0.18408634,0.014291142,0.3377273,0.07969431,0.11740256,0.018036237
375316653866487564,4109326719179880704,0.42662418,2323.7800657853572,2.0580005481901336,8.418111E-5,19.241571,0.011377941,0.373895,0.020859877,0.13003524,0.045916278,0.049895283,0.013757423,0.83007747,0.011796673,0.04087655,0.012020845,0.17702691,0.04866844,null,null,null,null,"TWOGAUSSIANS",8,2.0164716,0.83007747,0.011796673,0.22890867,0.06731673,0.17643562,0.048869986,0.373895,0.020859877,0.4,0.0,0.049189977,0.013511669
375316653866487564,4109326783561719680,0.5088906,2346.454798715267,0.585796526292696,3.111694E-5,18.439032,0.0029703453,0.36355478,0.009653337,0.02872445,0.009619297,0.2430642,0.44940126,0.87142,0.0024059266,0.022513984,0.002737109,0.3193045,0.028729986,null,null,null,null,"TWOGAUSSIANS",8,5.191217,0.87142,0.0024059266,0.12607831,0.015327811,0.3193045,0.028729986,0.36355478,0.009653337,0.16085692,0.053868067,0.2430642,0.44940126
375316653866487564,4109326783592056448,0.5898762,2351.4284895997453,2.8419489223640575,6.7901824E-6,18.722776,0.008668089,0.24838799,0.0028360984,0.04419665,0.0051577287,0.2475694,0.052410804,0.7549686,0.0034530603,0.047717087,0.005655691,0.20847173,0.019402793,0.12319502,0.011410086,0.24838799,0.0028360984,"TWOGAUSSIANS_WITH_ELLIPSOIDAL_ON_ECLIPSE1",9,1.7633941,0.24838799,0.0028360984,0.24750124,0.02888328,0.4939592,0.04404595,0.7549686,0.0034530603,0.26721567,0.03167187,0.45444053,0.014171923
375316653866487564,4109327298988065792,0.41618797,2344.9958871338217,3.18216489205869,9.541453E-5,19.899637,0.019639162,0.29650635,0.008785497,0.077987894,0.012384883,0.35026622,0.041339293,0.7689798,0.07902682,0.09080572,0.08713322,0.21477196,5738.5054,null,null,null,null,"TWOGAUSSIANS",8,3.2906895,0.29650635,0.008449212,0.4,7.355915E-4,0.34622598,0.043020986,0.7689798,0.07902682,0.4,0.28810325,0.21073143,5738.51
375316653866487564,4109327887412438400,0.49457422,2334.7319895721944,2.713021752476166,3.1280728E-5,19.729588,0.05513117,0.25371072,0.012807606,0.085644975,0.02240588,0.33540606,0.04854275,0.748498,0.008263009,0.109305315,0.024357663,0.31912848,0.04672682,null,null,null,null,"TWOGAUSSIANS",8,1.7884024,0.25371072,0.012888001,0.4,0.0,0.3129254,0.028183421,0.748498,0.008263009,0.4,0.0,0.29662916,0.02017559
375316653866487564,4109331112889150080,0.6235734,2303.59473969363,0.47422776777930375,1.2182849E-5,17.862644,0.0052681654,0.27081048,5.772758E-4,0.028477864,5.7601294E-4,1.1671351,0.037821557,null,null,null,null,null,null,0.023526784,0.005550002,0.27081048,5.772758E-4,"ONEGAUSSIAN_WITH_ELLIPSOIDAL",6,5.4573164,0.27081048,5.772758E-4,0.15947604,0.0032256725,1.2141886,0.037631586,null,null,null,null,null,null
375316653866487564,4109331319065576576,0.45613238,2330.392856922522,0.039498871061237686,3.7085676E-5,19.35108,0.08338331,0.5408315,0.012687785,0.18003011,0.044291582,0.31007645,0.0792106,0.9596213,0.00848439,0.040883854,0.020948589,0.11762743,0.054429118,null,null,null,null,"TWOGAUSSIANS",8,2.3259122,0.5408315,0.012687785,0.4,0.0,0.2933247,0.042045604,0.9596213,0.00848439,0.22894959,0.117312096,0.1232883,0.052767918
375316653866487564,4109331426458058752,0.49305904,2283.4272608767965,3.1660801892353234,1.6939506E-5,19.896542,0.011228006,0.21529911,0.0041357777,0.06554266,0.0049520624,0.37587604,0.03546877,0.7158715,0.012795845,0.0728244,0.015264488,0.29767257,0.08154627,null,null,null,null,"TWOGAUSSIANS",8,1.3543985,0.21529911,0.0041357777,0.36703888,0.027731549,0.37492156,0.03575982,0.7158715,0.012795845,0.4,0.012159945,0.29671812,0.082418986
375316653866487564,4109333243192802560,0.5735279,2312.4030393616977,1.2054024874099494,1.21237E-5,17.226954,0.0141768865,0.23676945,0.0025992347,0.10258967,0.007442621,0.1917236,0.013699727,0.7420624,0.0034317812,0.08896089,0.0063778353,0.24285418,0.01647169,null,null,null,null,"TWOGAUSSIANS",8,4.2037354,0.7420624,0.0034317812,0.4,0.0,0.22973612,0.012712492,0.23676945,0.0025992347,0.4,0.0,0.17860287,0.00698593
375316653866487564,4109333350605757056,0.45679662,2279.378979666782,1.7423241543033796,4.4449844E-5,19.730787,0.019403726,0.17659336,0.010801639,0.06611178,0.0106759565,0.27421665,0.023827964,0.6990777,0.014271237,0.108657345,0.016343353,0.17967463,0.024736155,null,null,null,null,"TWOGAUSSIANS",8,2.5033631,0.17658336,0.010810315,0.370226,0.05978536,0.26959604,0.022410205,0.6990777,0.014271237,0.4,0.0,0.17504081,0.021881603
375316653866487564,4109333591128392192,0.44707823,2314.5024117545577,3.111736842060208,2.7665521E-5,19.389355,0.026512343,0.25884366,0.008303163,0.09272403,0.01852767,0.14513864,0.025820524,0.7497699,0.012626669,0.10863345,0.02690167,0.13282949,0.024904849,null,null,null,null,"TWOGAUSSIANS",8,2.118658,0.25885364,0.008302839,0.4,0.0,0.13387044,0.015429612,0.7497699,0.012626669,0.4,0.0,0.12155429,0.014443475
375316653866487564,4109333659848432512,0.51256895,2328.843671136856,1.3414794849943095,1.205277E-5,17.958271,0.009194255,0.25813824,0.0030416436,0.09536662,0.0054184715,0.22129631,0.009930612,0.7556717,0.0034097796,0.09173813,0.0065565016,0.25349653,0.012945639,null,null,null,null,"TWOGAUSSIANS",8,5.497814,0.7556717,0.0034097796,0.4,0.0,0.24065635,0.012555116,0.25813824,0.0030416436,0.4,0.0,0.20845585,0.008397894
375316653866487564,4109333724254273408,0.5657523,2316.28377960044,1.4720229207837283,1.5041164E-5,18.440046,0.004726923,0.24432942,0.0059111984,0.0683785,0.005486015,0.17645244,0.023419086,0.7292054,0.0060344753,0.06220692,0.0054002465,0.30000976,0.011793045,null,null,null,null,"TWOGAUSSIANS",8,2.3852384,0.7292054,0.0060344753,0.34835875,0.030241381,0.29982072,0.011814004,0.24432942,0.0059111984,0.3829196,0.030721685,0.1762634,0.023456711
375316653866487564,4109334106525166848,0.4298207,2308.394461011642,2.13614674262667,1.21314064E-4,18.345161,0.1278167,0.27326325,0.034534004,0.06906727,0.13251548,0.10093217,0.13392423,0.7778592,0.024008984,0.10981983,0.09368039,0.092300005,0.12506697,null,null,null,null,"TWOGAUSSIANS",8,6.783963,0.27326325,0.034707326,0.38677672,0.6146573,0.097471744,0.10734181,0.7778592,0.024008984,0.4,0.0,0.08883365,0.027681794
375316653866487564,4109335240436239744,0.6104415,2290.3559066837556,2.5396427133656645,6.0367347E-6,18.154678,0.004870821,0.30942762,0.0029030787,0.0734619,0.0033469899,0.41992018,0.008128883,0.81202096,0.0018121963,0.074256584,0.0016922198,0.37738058,0.006461332,null,null,null,null,"TWOGAUSSIANS",8,2.3980658,0.30942762,0.0029030787,0.4,0.0,0.41748184,0.008222212,0.81202096,0.0018121963,0.4,0.0,0.37494224,0.0060988716
375316653866487564,4109335339157508352,0.43058616,2308.647168547435,0.21617220058852482,5.6767025E-5,18.698328,0.03398368,0.22275697,0.020565383,0.07356592,0.017253987,0.06945515,0.018062038,0.62093455,0.01728323,0.19915788,0.05404936,0.13759986,0.03083351,null,null,null,null,"TWOGAUSSIANS",8,3.2582345,0.62093455,0.01728323,0.4,0.0,0.11749054,0.013707758,0.23800698,0.017770533,0.4,0.021450145,0.07067014,0.016699634
375316653866487564,4109335923252874112,0.568183,2296.3105254742163,2.1544174298730407,9.894077E-6,18.333597,0.006571351,0.2312261,0.002489881,0.083586365,0.0028957354,0.40903625,0.023930566,0.7283398,0.00199419,0.08382772,0.0034285104,0.41724116,0.012664659,null,null,null,null,"TWOGAUSSIANS",8,4.4867244,0.7283398,0.00199419,0.4,0.0,0.40816686,0.013467241,0.2312261,0.002489881,0.4,0.0,0.39996195,0.024009924
375316653866487564,4109336030665866496,0.50312567,2284.9940665491,0.1852791715397747,2.6310898E-5,18.932106,0.02465681,0.23722881,0.093704194,0.06434846,0.099560894,0.04636809,0.059820235,0.48034585,5.475851E-4,0.00841591,3.026796E-4,1.6405123,0.07789356,null,null,null,null,"TWOGAUSSIANS",8,11.903071,0.48034585,5.475851E-4,0.047129102,0.0016950057,1.6405493,0.087854534,0.23722881,0.093704194,0.36035138,0.28183246,0.04636809,0.059812926
375316653866487564,4109336511708193920,0.5376736,2287.3188593033483,2.4742980414572604,5.5686374E-5,19.744162,0.012140733,0.21899244,0.006057149,0.061725695,0.0060899896,0.4832939,0.053053617,0.7215828,0.004927248,0.068880275,0.0055684834,0.37121886,0.032842983,null,null,null,null,"TWOGAUSSIANS",8,2.0115848,0.21899244,0.006057149,0.34566388,0.03410394,0.48278314,0.053220786,0.7215828,0.004927248,0.38572952,0.031183507,0.3707081,0.032878138
375316653866487564,4109336889664645376,0.51143503,2332.3401449358603,2.669844190184734,2.5524863E-5,19.434975,0.018509144,0.25504407,0.0052597136,0.09249937,0.008815069,0.43171102,0.025868777,0.7540908,0.009080944,0.082242794,0.009115818,0.37249172,0.027344106,null,null,null,null,"TWOGAUSSIANS",8,3.3347924,0.25504407,0.0052597136,0.4,0.0,0.41850764,0.026303772,0.7540908,0.009080944,0.4,0.0,0.35928872,0.026166951
375316653866487564,4109337027104013824,0.48884055,2316.462150882062,2.389167687756758,1.10636516E-4,18.43201,0.037736807,0.31378198,0.006920515,0.08155008,0.009777838,0.39910182,0.040377703,0.77923864,0.010330257,0.09816862,0.022577355,0.3428185,0.03706601,null,null,null,null,"TWOGAUSSIANS",8,13.566876,0.31378198,0.0069219847,0.4,0.0,0.39034787,0.031497926,0.77923864,0.010330257,0.4,0.0,0.33405995,0.0290523
375316653866487564,4109337336341439104,0.45634612,2302.8886514258193,2.1600777150249106,2.7727894E-4,19.90257,0.01683582,0.12561445,0.045454573,0.032271426,0.06570945,0.5106915,0.4448534,0.6248337,0.013633398,0.06568872,0.04254778,0.085979745,0.15170719,null,null,null,null,"TWOGAUSSIANS",8,1.694887,0.12561445,0.045454573,0.18072,0.21437526,0.5106909,0.4468425,0.6248337,0.013633398,0.36785683,0.2033871,0.08597915,0.15165645
