Gaia/vari_eclipsing_binary/VariEclipsingBinary_460224-460241.csv
# %ECSV 1.0
# ---
# delimiter: ','
# meta: !!omap
# - RELEASE: Gaia DR3
# - TABLE: vari_eclipsing_binary
# - DESCRIPTION: >
#     This table describes the properties of the eclipsing binaries resulting from the variability analysis. 
# - CITATION: >
#     How to cite and acknowledge Gaia: 
#     https://gea.esac.esa.int/archive/documentation/credits.html 
# - KNOWN_ISSUES: >
#     Known issues: 
#     https://www.cosmos.esa.int/web/gaia-users/known-issues 
# - DOCUMENTATION: >
#     Tutorials and documentation: 
#     https://www.cosmos.esa.int/web/gaia-users/archive 
# datatype:
# - 
#   name: solution_id
#   datatype: int64
#   description: Solution Identifier
#   meta:
#     ucd: meta.version
# - 
#   name: source_id
#   datatype: int64
#   description: Unique source identifier
#   meta:
#     ucd: meta.id;meta.main
# - 
#   name: global_ranking
#   datatype: float32
#   description: Number between 0 (worst) and 1 (best)
#   meta:
#     ucd: stat.param
# - 
#   name: reference_time
#   datatype: float64
#   unit: d
#   description: Reference time used for the geometric model fit
#   meta:
#     ucd: time.epoch
# - 
#   name: frequency
#   datatype: float64
#   unit: d**-1
#   description: Frequency of geometric model of the eclipsing binary light curve
#   meta:
#     ucd: src.orbital
# - 
#   name: frequency_error
#   datatype: float32
#   unit: d**-1
#   description: "Uncertainty of \\texttt{frequency}"
#   meta:
#     ucd: stat.error
# - 
#   name: geom_model_reference_level
#   datatype: float32
#   unit: mag
#   description: Magnitude reference level of geometric model
#   meta:
#     ucd: phot.mag;em.opt
# - 
#   name: geom_model_reference_level_error
#   datatype: float32
#   unit: mag
#   description: "Uncertainty of \\texttt{geomModelReferenceLevel}"
#   meta:
#     ucd: stat.error;phot.mag;em.opt
# - 
#   name: geom_model_gaussian1_phase
#   datatype: float32
#   description: Phase of the Gaussian 1 component
#   meta:
#     ucd: time.phase
# - 
#   name: geom_model_gaussian1_phase_error
#   datatype: float32
#   description: "Uncertainty of \\texttt{geomModelGaussian1Phase}"
#   meta:
#     ucd: stat.error;time.phase
# - 
#   name: geom_model_gaussian1_sigma
#   datatype: float32
#   description: "Standard deviation [phase] of Gaussian 1 component"
#   meta:
#     ucd: stat.stdev
# - 
#   name: geom_model_gaussian1_sigma_error
#   datatype: float32
#   description: "Uncertainty of \\texttt{geomModelGaussian1Sigma}"
#   meta:
#     ucd: stat.error
# - 
#   name: geom_model_gaussian1_depth
#   datatype: float32
#   unit: mag
#   description: Magnitude depth of Gaussian 1 component
#   meta:
#     ucd: src.var.amplitude
# - 
#   name: geom_model_gaussian1_depth_error
#   datatype: float32
#   unit: mag
#   description: "Uncertainty of \\texttt{geomModelGaussian1Depth}"
#   meta:
#     ucd: stat.error;src.var.amplitude
# - 
#   name: geom_model_gaussian2_phase
#   datatype: float32
#   description: Phase of Gaussian 2 component
#   meta:
#     ucd: time.phase
# - 
#   name: geom_model_gaussian2_phase_error
#   datatype: float32
#   description: "Uncertainty of \\texttt{geomModelGaussian2Phase}"
#   meta:
#     ucd: stat.error;time.phase
# - 
#   name: geom_model_gaussian2_sigma
#   datatype: float32
[...]
#   datatype: float32
#   description: "Secondary eclipse: uncertainty of \\texttt{derivedSecondaryEclDuration}"
#   meta:
#     ucd: stat.error;time.duration
# - 
#   name: derived_secondary_ecl_depth
#   datatype: float32
#   unit: mag
#   description: "Secondary eclipse: depth"
#   meta:
#     ucd: src.var.amplitude
# - 
#   name: derived_secondary_ecl_depth_error
#   datatype: float32
#   unit: mag
#   description: "Secondary eclipse: uncertainty of \\texttt{derivedSecondaryEclDepth}"
#   meta:
#     ucd: stat.error;src.var.amplitude
solution_id,source_id,global_ranking,reference_time,frequency,frequency_error,geom_model_reference_level,geom_model_reference_level_error,geom_model_gaussian1_phase,geom_model_gaussian1_phase_error,geom_model_gaussian1_sigma,geom_model_gaussian1_sigma_error,geom_model_gaussian1_depth,geom_model_gaussian1_depth_error,geom_model_gaussian2_phase,geom_model_gaussian2_phase_error,geom_model_gaussian2_sigma,geom_model_gaussian2_sigma_error,geom_model_gaussian2_depth,geom_model_gaussian2_depth_error,geom_model_cosine_half_period_amplitude,geom_model_cosine_half_period_amplitude_error,geom_model_cosine_half_period_phase,geom_model_cosine_half_period_phase_error,model_type,num_model_parameters,reduced_chi2,derived_primary_ecl_phase,derived_primary_ecl_phase_error,derived_primary_ecl_duration,derived_primary_ecl_duration_error,derived_primary_ecl_depth,derived_primary_ecl_depth_error,derived_secondary_ecl_phase,derived_secondary_ecl_phase_error,derived_secondary_ecl_duration,derived_secondary_ecl_duration_error,derived_secondary_ecl_depth,derived_secondary_ecl_depth_error
[from data line 456]
375316653866487564,4048286369122076032,0.42646542,2235.596000537901,0.15287866696517236,4.0250696E-5,18.56443,0.30139697,0.19834448,0.02403306,0.2844376,0.051585417,0.78157395,0.2929355,0.6496095,0.012239148,0.07262342,0.018668784,0.5283619,0.16158217,null,null,null,null,"TWOGAUSSIANS",8,12.132344,0.6496095,0.012239148,0.4,0.064012736,0.4440804,0.1717406,0.19834448,0.024039444,0.4,0.0,0.35693985,0.07520851
375316653866487564,4048286506533186560,0.54123735,2225.8448109957403,0.09867960362818955,1.2887269E-4,19.301548,0.0038160817,0.31887987,0.007476171,0.022856515,0.009681892,0.09621961,0.036886316,0.4401522,0.024464171,0.12058833,0.03470133,0.12678224,0.039071687,null,null,null,null,"TWOGAUSSIANS",8,0.8658017,0.3223799,0.0080232695,0.12799649,0.054218594,0.17374395,0.011504734,0.4401522,0.024464171,0.4,0.0,0.12673545,0.03912458
375316653866487564,4048287361183058432,0.5677412,2191.671141668117,1.4019757536655557,1.7443108E-5,17.17126,0.012133001,0.30256882,0.0033238863,0.06688866,0.008166248,0.19040199,0.010649448,0.78524554,0.007955495,0.06664129,0.014650075,0.58310133,0.22513069,null,null,null,null,"TWOGAUSSIANS",8,8.464172,0.78524554,0.007955495,0.37319124,0.033332042,0.582739,0.22631267,0.30256882,0.0033238863,0.37457648,0.04234522,0.1900396,0.010545115
375316653866487564,4048287537328562944,0.5648688,2240.192788872316,3.2375399670886003,2.0700832E-5,18.9673,0.01656943,0.31279483,0.00410601,0.07408626,0.004167019,0.6146228,0.035179175,0.8112531,0.0049210293,0.07630674,0.007951396,0.49523175,0.038036376,null,null,null,null,"TWOGAUSSIANS",8,5.2592206,0.31279483,0.00410601,0.4,0.0,0.61038876,0.03482355,0.8112531,0.0049210293,0.4,0.0,0.49099773,0.039806735
375316653866487564,4048287743487239680,0.44935656,2193.5160702306453,2.464657817674771,2.620623E-5,19.222443,0.022810241,0.1882784,0.012800373,0.07730683,0.0117620295,0.15352027,0.025237385,0.6066099,0.020775538,0.10588599,0.05001057,0.14463286,0.08182661,null,null,null,null,"TWOGAUSSIANS",8,2.2909722,0.1883684,0.012730969,0.4,0.012079674,0.15168753,0.022771318,0.6066099,0.020775538,0.4,0.029457252,0.14274105,0.08519396
375316653866487564,4048287949645828864,0.47035778,2193.622671738154,1.0038436351413855,1.00539306E-4,18.837132,0.0052349335,0.3776742,0.011955332,0.06618582,0.005252671,0.65535563,0.06597789,null,null,null,null,null,null,null,null,null,null,"ONEGAUSSIAN",5,15.135695,0.3776742,0.011955332,0.37064058,0.02941496,0.65535563,0.0,null,null,null,null,null,null
375316653866487564,4048287984030379648,0.5895736,2252.179874333603,1.0427497228069738,8.3442756E-5,17.0784,0.0029468595,0.23259285,0.010177171,0.013509526,0.007907687,0.020512592,0.08905397,0.6247142,0.015276933,0.063272476,0.00816245,0.46241638,0.06661319,null,null,null,null,"TWOGAUSSIANS",8,7.906499,0.6247142,0.015276933,0.35432586,0.04570972,0.46241638,0.06661319,0.23259285,0.010177171,0.075653344,0.044283047,0.020512594,0.08905397
375316653866487564,4048287984030395392,0.54760075,2207.6353873903,3.133076641899444,3.147501E-5,16.363152,0.020991597,0.255913,0.0034744453,0.016804382,0.007496653,0.6534174,1.3022524,0.7767188,0.010014564,0.06860977,0.013331926,0.27021265,0.051154647,0.05487516,0.020687178,0.255913,0.0034744453,"TWOGAUSSIANS_WITH_ELLIPSOIDAL_ON_ECLIPSE1",9,90.7954,0.255913,0.0034744453,0.09410454,0.041981257,0.7630577,1.3245676,0.7767188,0.010014564,0.3842147,0.047257397,0.37798804,0.042126626
375316653866487564,4048288254559036416,0.62622017,2193.440690998379,2.347428937560354,1.404522E-5,18.37819,0.008010014,0.28772902,0.0024603053,0.06840624,0.0037040983,0.4384319,0.021406362,0.79915434,0.008931525,0.06796656,0.0064600315,0.367534,0.012004651,null,null,null,null,"TWOGAUSSIANS",8,2.1959553,0.28772902,0.0024603053,0.38307494,0.020125534,0.43772268,0.021619016,0.79915434,0.008931525,0.38061273,0.036176175,0.3668248,0.011863867
375316653866487564,4048288293245477888,0.6237111,2205.149197493187,3.444735545140857,1.6712718E-5,17.967888,0.0055515254,0.28557074,0.0029155556,0.070656925,0.0034210284,0.61024046,0.026871419,0.7918211,0.0013334533,0.06594522,0.0031403585,0.5700489,0.0068987426,null,null,null,null,"TWOGAUSSIANS",8,5.9224935,0.28557074,0.0029155556,0.3956788,0.012815011,0.60901135,0.027149413,0.7918211,0.0013334533,0.36929324,0.017586008,0.5688199,0.006975575
375316653866487564,4048288499401718784,0.5306594,2198.933053144455,3.782680292172402,1.2952349E-5,19.409843,0.023104358,0.14272356,0.0051669735,0.059800085,0.0073281233,0.47273684,0.030255387,0.644332,0.0033242241,0.05933642,0.011500586,0.7327421,0.13693488,null,null,null,null,"TWOGAUSSIANS",8,4.8642077,0.644332,0.0033242241,0.33228394,0.06440328,0.73257595,0.13754264,0.14272356,0.0051669735,0.33488047,0.04103749,0.47257072,0.030194363
375316653866487564,4048288602481015680,0.44913384,2201.706527940068,0.39831190678751727,4.614215E-5,18.999037,0.08952453,0.48800057,0.015103164,0.09646147,0.050152637,0.15437098,0.076314636,0.86125875,0.016326355,0.10024537,0.055333056,0.14249583,0.076977156,null,null,null,null,"TWOGAUSSIANS",8,3.7970605,0.48831058,0.013251596,0.4,0.03763897,0.15266013,0.06733351,0.86125875,0.016326355,0.4,9.77471E-4,0.14073162,0.06679034
375316653866487564,4048288843023933184,0.6092048,2232.6860482876505,1.7768289273905222,1.0126323E-5,17.215805,0.011663784,0.2201205,0.0076981257,0.085754566,0.018863222,0.15763715,0.02764919,0.7258444,0.0027608054,0.10229896,0.00643555,0.20902972,0.011776722,null,null,null,null,"TWOGAUSSIANS",8,3.3153205,0.7258444,0.0027608054,0.4,0.0,0.19918625,0.007016386,0.2201205,0.007701478,0.4,0.0,0.14779647,0.032250885
375316653866487564,4048288877359369472,0.48349842,2162.164211263343,0.29143649021201395,7.801736E-5,18.724688,0.010022906,0.27235323,0.034395996,0.06831766,0.033199362,0.06401848,0.013729757,0.63799405,0.01445533,0.106449254,0.022860682,0.13781328,0.021953326,null,null,null,null,"TWOGAUSSIANS",8,2.4804418,0.63799405,0.01445533,0.4,0.0,0.1375389,0.022070842,0.27326322,0.034093406,0.38257888,0.14395508,0.06412745,0.013540354
375316653866487564,4048288980462882816,0.6163779,2190.91331281987,2.0447613477129063,9.7235015E-6,17.750397,0.0050884937,0.26910886,0.0030661798,0.08308959,0.0034591442,0.47546446,0.015837178,0.7763435,0.0020066323,0.07893778,0.0026355353,0.4349743,0.0068077156,null,null,null,null,"TWOGAUSSIANS",8,5.634355,0.26910886,0.0030661798,0.4,0.0,0.46868703,0.016377896,0.7763435,0.0020066323,0.4,0.0,0.42819688,0.006165637
375316653866487564,4048289461475092992,0.5063012,2187.1198581738286,1.4285725837463172,2.7372022E-5,18.053204,0.0124444645,0.28645197,5.1842007E-4,0.021757942,0.0011281067,0.3951232,0.036918078,0.7941298,0.016792685,0.044179946,0.014763692,0.15507838,0.09650165,0.022390464,0.016514365,0.7941298,0.016792685,"TWOGAUSSIANS_WITH_ELLIPSOIDAL_ON_ECLIPSE2",9,26.408897,0.28648198,4.781072E-4,0.12184447,0.0063173976,0.4398004,0.014643606,0.7941298,0.016792685,0.24740769,0.08267668,0.19985929,0.09800078
375316653866487564,4048289530194273024,0.52500373,2162.7157719402576,2.781594769050372,2.6597954E-5,18.237808,0.030726127,0.1699438,0.009870704,0.10152408,0.01970083,0.1949924,0.026746303,0.6765444,0.005977944,0.09058211,0.015624668,0.21182097,0.031429272,null,null,null,null,"TWOGAUSSIANS",8,4.0242357,0.6765444,0.005986146,0.4,0.0,0.19932483,0.02200067,0.1699438,0.009870704,0.4,0.0,0.18249415,0.013451929
375316653866487564,4048289697674128640,0.4852681,2188.863070208509,0.6016970944379946,3.6928195E-5,18.277561,0.010751017,0.461757,0.0033037057,0.05356563,0.005457036,0.18730576,0.02061652,0.8313135,0.017322877,0.07455502,0.024531797,0.101070285,0.019701466,null,null,null,null,"TWOGAUSSIANS",8,4.5101967,0.461757,0.0033037057,0.29996753,0.030559402,0.18730481,0.020616194,0.8313135,0.017322877,0.4,0.09245666,0.10106886,0.019702002
375316653866487564,4048290011254964352,0.5207316,2174.4423438784697,0.030501063074750385,3.8454866E-5,18.215971,0.0049303556,0.23364024,0.0028959676,0.057281435,0.009741272,0.40651596,0.1661055,0.7389769,0.05187125,0.058462434,0.03332434,0.16218172,2.572226,null,null,null,null,"TWOGAUSSIANS",8,4.8921776,0.23364024,0.0028959676,0.32077605,0.054551125,0.4064791,0.16614352,0.7389769,0.05187125,0.32738963,0.18661629,0.16214485,2.5722656
375316653866487564,4048290560985876992,0.54956484,2171.5556842531278,2.1016144754697796,3.6507532E-5,17.875355,0.024512677,0.2275661,0.0044481116,0.088327184,0.0061504035,0.4612453,0.02897349,0.7375931,0.017671227,0.09379207,0.017668031,0.22984535,0.04131702,null,null,null,null,"TWOGAUSSIANS",8,12.81831,0.2275661,0.0044481116,0.4,0.0,0.4486144,0.022413969,0.7375931,0.017671227,0.4,0.0,0.2172142,0.039238423
375316653866487564,4048290938943185536,0.5001181,2304.9086996306446,2.906539737441633,5.780022E-5,16.345188,0.078366846,0.21401714,0.017919507,0.13399811,0.04049469,0.35121042,0.07564306,0.5569793,0.034607816,0.023877531,0.014361195,5.245059,50.55929,null,null,null,null,"TWOGAUSSIANS",8,2.6531694,0.5569793,0.034607816,0.13371417,0.08042269,5.257672,50.560863,0.21401714,0.017919507,0.4,0.0,0.35054484,0.07257116
375316653866487564,4048291243840607360,0.5507206,2234.1076045612735,0.547771552351443,5.6071414E-5,17.445372,0.0047690556,0.19593336,0.011235773,0.04776017,0.009677311,0.37003824,0.18591993,0.7477969,0.10782366,0.08926022,0.08403744,0.046232425,29.366106,null,null,null,null,"TWOGAUSSIANS",8,3.701076,0.19593336,0.011235773,0.26745695,0.05419294,0.36998641,0.18600713,0.7477969,0.10782366,0.4,0.32438278,0.046180446,29.366165
375316653866487564,4048291282541088256,0.531758,2196.8143859042198,3.5118148350330993,1.1678857E-5,19.613646,0.014911368,0.24833873,0.0052745645,0.08257863,0.009908912,0.29628712,0.029062744,0.737218,0.008656931,0.08567925,0.012744431,0.3481859,0.041489694,null,null,null,null,"TWOGAUSSIANS",8,1.0028383,0.737218,0.008656931,0.4,0.0,0.34181023,0.044122804,0.24833873,0.0052745645,0.4,0.0,0.2899115,0.031043354
375316653866487564,4048291312554053248,0.5875975,2190.881921454702,2.793551018754578,9.703765E-6,15.476396,0.017875716,0.2847471,0.0031809148,0.081498414,0.00696072,0.359157,0.016560487,0.7923559,0.0029093206,0.072955444,0.007297844,0.32178596,0.025480267,null,null,null,null,"TWOGAUSSIANS",8,70.41774,0.2847471,0.0031809148,0.4,0.0,0.3560829,0.014722866,0.7923559,0.0029093206,0.4,0.009202706,0.31871185,0.025757035
375316653866487564,4048291450014754944,0.5597079,2136.1588127058067,1.3413824405308898,4.4554094E-5,18.604574,0.008752517,0.2863919,0.020046026,0.051272385,0.014434774,0.12710285,0.017694365,0.71859866,0.008150489,0.060899403,0.00798572,0.54203784,0.11094973,null,null,null,null,"TWOGAUSSIANS",8,3.3135805,0.71859866,0.008150489,0.34103665,0.04472003,0.54203635,0.110962756,0.2863919,0.020046026,0.28712535,0.08083474,0.12710133,0.01769185
375316653866487564,4048291694886650752,0.45911926,2213.640505642651,0.4558385617896377,3.52404E-5,19.190594,0.008664635,0.32136357,0.0071814405,0.026977612,0.006534921,0.15763617,0.042796656,0.76050305,0.023823176,0.083269425,0.015037692,1.3675867,2.481205,null,null,null,null,"TWOGAUSSIANS",8,1.2856268,0.76050305,0.023823176,0.4,0.008900785,1.3675834,2.4812086,0.32136357,0.0071814405,0.15107462,0.036595557,0.15763405,0.042800404
375316653866487564,4048291724898855168,0.5230948,2239.5365015338693,0.7731434920952308,4.8163576E-5,17.60692,0.010252281,0.27689773,0.029220413,0.043606907,0.040886868,0.26062348,0.17885551,0.75073534,0.006940344,0.061349124,0.022347381,0.05609448,0.008171501,null,null,null,null,"TWOGAUSSIANS",8,4.521646,0.27689773,0.029220413,0.24419868,0.16884024,0.26062277,0.17964888,0.75073534,0.006940344,0.3435551,0.0829874,0.05609376,0.008063696
375316653866487564,4048292004095822848,0.63866234,2307.620118275794,1.278505536486602,1.107605E-5,16.807013,0.018922133,0.24659805,0.0021411846,0.0902056,0.004919852,0.43053252,0.018034667,0.7447264,0.014561542,0.08299872,0.025405776,0.42292795,0.17325251,null,null,null,null,"TWOGAUSSIANS",8,8.072341,0.24659805,0.0021411846,0.4,0.0,0.41771525,0.00862236,0.7447264,0.014561542,0.4,0.0,0.41011086,0.18605617
375316653866487564,4048292072815457920,0.48976272,2244.3381324807383,0.6078147733288769,2.4159039E-4,18.938902,0.0071815006,0.18814288,0.049279902,0.05272457,0.044519078,0.06460609,0.023957,0.521511,0.0067860354,0.021885965,0.008271991,0.3065134,0.49651733,null,null,null,null,"TWOGAUSSIANS",8,3.3141165,0.521511,0.0067860354,0.12256141,0.04632315,0.3065134,0.49648568,0.18814288,0.049279902,0.2952576,0.12407107,0.06460609,0.023957059
375316653866487564,4048292244614590080,0.54889095,2193.235916128775,0.2352713889117059,1.1175881E-5,18.959232,0.012221653,0.24101846,0.012833317,0.087145,0.022844413,0.08817515,0.056543566,0.8794217,4.7338585E-4,0.009025315,5.3288194E-4,0.6443306,0.0028528764,null,null,null,null,"TWOGAUSSIANS",8,4.526598,0.8794217,4.7338585E-4,0.050541762,0.002984139,0.6443467,0.002856141,0.24101846,0.012833317,0.4,0.0,0.08817514,0.056543596
375316653866487564,4048292416412613632,0.49938512,2227.8629549831153,0.09368094232021701,2.5246485E-5,19.206238,0.10242631,0.3758706,0.0075043063,0.12577266,0.04225486,0.2298692,0.09759627,0.8385662,0.013526663,0.094018064,0.033278827,0.24452148,0.10078464,null,null,null,null,"TWOGAUSSIANS",8,2.1346529,0.8385662,0.013526663,0.4,0.010617828,0.22134523,0.032814253,0.3758706,0.007461046,0.4,0.0,0.20640463,0.035677634
375316653866487564,4048292446451336192,0.5682234,2278.3132117441683,4.162121587096744,1.3506219E-4,17.882956,0.0019952152,0.23788975,0.019882265,0.037784383,0.02278678,0.5587923,1488.0089,0.5442685,0.015307459,0.04710249,0.012209828,0.08262314,0.39795408,null,null,null,null,"TWOGAUSSIANS",8,1.3673624,0.23788975,0.019882265,0.21159256,0.12760596,0.5587923,1488.0089,0.5442685,0.015307459,0.26377395,0.068375036,0.08262314,0.39795408
375316653866487564,4048292794371335296,0.46395615,2274.1034639529034,3.0218170522331005,7.074067E-5,19.786522,0.0061606737,0.7557358,0.004596847,0.044411317,0.021678807,0.10941313,0.015307953,null,null,null,null,null,null,0.11314316,0.0101911025,0.7557358,0.004596847,"ONEGAUSSIAN_WITH_ELLIPSOIDAL",6,1.9728342,0.7557358,0.004596847,0.24870338,0.121401325,0.33569896,0.016597867,null,null,null,null,null,null
375316653866487564,4048293683382016128,0.40772685,2245.5966628727992,0.009320691104246864,1.7155677E-5,17.478346,0.012080416,null,null,null,null,null,null,null,null,null,null,null,null,0.23990716,0.044120103,0.4507413,0.012107407,"ELLIPSOIDAL",4,11.106703,null,null,null,null,null,null,null,null,null,null,null,null
375316653866487564,4048293962601936768,0.53717375,2188.7200877787864,3.108437870772778,8.691972E-6,18.873177,0.018077467,0.14316437,0.004041704,0.07588262,0.0072127264,0.40621218,0.029521238,0.6503681,0.019165486,0.078458406,0.015602559,0.32037386,0.047001686,null,null,null,null,"TWOGAUSSIANS",8,4.233545,0.14316437,0.004041704,0.4,0.0,0.4029622,0.02994883,0.6503681,0.019165486,0.4,0.031059384,0.31712386,0.047104362
375316653866487564,4048294542395608064,0.48891726,2222.595339515197,2.476848098310696,3.8260656E-5,18.01356,0.0618231,0.25236592,0.008408618,0.0934446,0.029776575,0.15190399,0.0488893,0.7401558,0.013169765,0.14459357,0.056723576,0.1172283,0.06128845,null,null,null,null,"TWOGAUSSIANS",8,3.805168,0.25258592,0.00814382,0.4,0.0,0.12785372,0.023331821,0.7401558,0.013169765,0.4,0.0,0.092560925,0.010142862
