Gaia/vari_eclipsing_binary/VariEclipsingBinary_737646-739536.csv
# %ECSV 1.0
# ---
# delimiter: ','
# meta: !!omap
# - RELEASE: Gaia DR3
# - TABLE: vari_eclipsing_binary
# - DESCRIPTION: >
#     This table describes the properties of the eclipsing binaries resulting from the variability analysis. 
# - CITATION: >
#     How to cite and acknowledge Gaia: 
#     https://gea.esac.esa.int/archive/documentation/credits.html 
# - KNOWN_ISSUES: >
#     Known issues: 
#     https://www.cosmos.esa.int/web/gaia-users/known-issues 
# - DOCUMENTATION: >
#     Tutorials and documentation: 
#     https://www.cosmos.esa.int/web/gaia-users/archive 
# datatype:
# - 
#   name: solution_id
#   datatype: int64
#   description: Solution Identifier
#   meta:
#     ucd: meta.version
# - 
#   name: source_id
#   datatype: int64
#   description: Unique source identifier
#   meta:
#     ucd: meta.id;meta.main
# - 
#   name: global_ranking
#   datatype: float32
#   description: Number between 0 (worst) and 1 (best)
#   meta:
#     ucd: stat.param
# - 
#   name: reference_time
#   datatype: float64
#   unit: d
#   description: Reference time used for the geometric model fit
#   meta:
#     ucd: time.epoch
# - 
#   name: frequency
#   datatype: float64
#   unit: d**-1
#   description: Frequency of geometric model of the eclipsing binary light curve
#   meta:
#     ucd: src.orbital
# - 
#   name: frequency_error
#   datatype: float32
#   unit: d**-1
#   description: "Uncertainty of \\texttt{frequency}"
#   meta:
#     ucd: stat.error
# - 
#   name: geom_model_reference_level
#   datatype: float32
#   unit: mag
#   description: Magnitude reference level of geometric model
#   meta:
#     ucd: phot.mag;em.opt
# - 
#   name: geom_model_reference_level_error
#   datatype: float32
#   unit: mag
#   description: "Uncertainty of \\texttt{geomModelReferenceLevel}"
#   meta:
#     ucd: stat.error;phot.mag;em.opt
# - 
#   name: geom_model_gaussian1_phase
#   datatype: float32
#   description: Phase of the Gaussian 1 component
#   meta:
#     ucd: time.phase
# - 
#   name: geom_model_gaussian1_phase_error
#   datatype: float32
#   description: "Uncertainty of \\texttt{geomModelGaussian1Phase}"
#   meta:
#     ucd: stat.error;time.phase
# - 
#   name: geom_model_gaussian1_sigma
#   datatype: float32
#   description: "Standard deviation [phase] of Gaussian 1 component"
#   meta:
#     ucd: stat.stdev
# - 
#   name: geom_model_gaussian1_sigma_error
#   datatype: float32
#   description: "Uncertainty of \\texttt{geomModelGaussian1Sigma}"
#   meta:
#     ucd: stat.error
# - 
#   name: geom_model_gaussian1_depth
#   datatype: float32
#   unit: mag
#   description: Magnitude depth of Gaussian 1 component
#   meta:
#     ucd: src.var.amplitude
# - 
#   name: geom_model_gaussian1_depth_error
#   datatype: float32
#   unit: mag
#   description: "Uncertainty of \\texttt{geomModelGaussian1Depth}"
#   meta:
#     ucd: stat.error;src.var.amplitude
# - 
#   name: geom_model_gaussian2_phase
#   datatype: float32
#   description: Phase of Gaussian 2 component
#   meta:
#     ucd: time.phase
# - 
#   name: geom_model_gaussian2_phase_error
#   datatype: float32
#   description: "Uncertainty of \\texttt{geomModelGaussian2Phase}"
#   meta:
#     ucd: stat.error;time.phase
# - 
#   name: geom_model_gaussian2_sigma
#   datatype: float32
[...]
#   datatype: float32
#   description: "Secondary eclipse: uncertainty of \\texttt{derivedSecondaryEclDuration}"
#   meta:
#     ucd: stat.error;time.duration
# - 
#   name: derived_secondary_ecl_depth
#   datatype: float32
#   unit: mag
#   description: "Secondary eclipse: depth"
#   meta:
#     ucd: src.var.amplitude
# - 
#   name: derived_secondary_ecl_depth_error
#   datatype: float32
#   unit: mag
#   description: "Secondary eclipse: uncertainty of \\texttt{derivedSecondaryEclDepth}"
#   meta:
#     ucd: stat.error;src.var.amplitude
solution_id,source_id,global_ranking,reference_time,frequency,frequency_error,geom_model_reference_level,geom_model_reference_level_error,geom_model_gaussian1_phase,geom_model_gaussian1_phase_error,geom_model_gaussian1_sigma,geom_model_gaussian1_sigma_error,geom_model_gaussian1_depth,geom_model_gaussian1_depth_error,geom_model_gaussian2_phase,geom_model_gaussian2_phase_error,geom_model_gaussian2_sigma,geom_model_gaussian2_sigma_error,geom_model_gaussian2_depth,geom_model_gaussian2_depth_error,geom_model_cosine_half_period_amplitude,geom_model_cosine_half_period_amplitude_error,geom_model_cosine_half_period_phase,geom_model_cosine_half_period_phase_error,model_type,num_model_parameters,reduced_chi2,derived_primary_ecl_phase,derived_primary_ecl_phase_error,derived_primary_ecl_duration,derived_primary_ecl_duration_error,derived_primary_ecl_depth,derived_primary_ecl_depth_error,derived_secondary_ecl_phase,derived_secondary_ecl_phase_error,derived_secondary_ecl_duration,derived_secondary_ecl_duration_error,derived_secondary_ecl_depth,derived_secondary_ecl_depth_error
[from data line 36]
375316653866487564,6490411611140109440,0.5406544,2208.11533578254,0.45541320467809865,2.8326865E-6,18.204313,0.004324859,0.06999062,4.644785E-4,0.011278303,5.4959964E-4,0.67134184,0.025765326,null,null,null,null,null,null,0.012393007,0.010152469,0.06999062,4.644785E-4,"ONEGAUSSIAN_WITH_ELLIPSOIDAL",6,14.223215,0.06999062,4.644785E-4,0.0631585,0.003077758,0.69612783,0.0303834,null,null,null,null,null,null
375316653866487564,6490442191307273344,0.4995798,2229.1445378152534,3.5756496177873376,2.0716723E-5,15.860755,0.0025972312,null,null,null,null,null,null,null,null,null,null,null,null,0.07025537,0.0029866935,0.22615743,0.004914884,"ELLIPSOIDAL",4,53.26508,null,null,null,null,null,null,null,null,null,null,null,null
375316653866487564,6490457034714264192,0.4343071,2221.27684811717,0.03155891128875643,4.6485882E-5,17.1333,0.0026906296,0.17755403,0.0055887955,0.024346437,0.007477865,0.054151174,0.04178816,0.59885675,0.020741936,0.13203923,0.015099825,0.09394861,0.012413733,null,null,null,null,"TWOGAUSSIANS",8,9.230069,0.59885675,0.020741936,0.4,0.0,0.09376684,0.0124169495,0.17770402,0.00545708,0.13634005,0.041876044,0.054555085,0.041873496
375316653866487564,6490473115071839872,0.5954683,2207.492266442588,1.7214324025546461,3.984452E-6,13.169792,0.028672788,0.1962078,0.0032987203,0.12753572,0.01701814,0.18790892,0.026647933,0.69229823,0.0017949444,0.10447607,0.008259653,0.3247341,0.023108399,null,null,null,null,"TWOGAUSSIANS",8,71.09189,0.69229823,0.0017949444,0.4,0.0,0.28048515,0.010080759,0.1962078,0.0033141351,0.4,0.0,0.14349306,0.0042619575
375316653866487564,6490549393691039872,0.6033403,2220.6516547794113,4.064539827187189,4.736098E-6,17.722591,0.005434334,0.23588288,9.397008E-4,0.06619482,0.0012631837,0.5464123,0.008353346,0.74045515,0.0038015177,0.071295075,0.0030438353,0.5329902,0.015633808,null,null,null,null,"TWOGAUSSIANS",8,8.661931,0.23588288,9.397008E-4,0.37069097,0.0070738285,0.5451296,0.008306492,0.74045515,0.0038015177,0.3992524,0.009333087,0.5317075,0.01551362
375316653866487564,6490564924292827136,0.49319226,2237.8297307152275,0.07901717003472741,4.3074633E-6,14.511738,0.0014937726,0.5556575,0.012104659,0.019755391,0.010494896,0.056624938,0.035404824,0.7825243,2.584756E-4,0.0024963478,1.00947495E-4,0.21049911,0.014398409,null,null,null,null,"TWOGAUSSIANS",8,74.23898,0.7825243,2.584756E-4,0.013979547,5.65306E-4,0.21049911,0.014398409,0.5556575,0.012104659,0.11063019,0.058771417,0.056624938,0.035404824
375316653866487564,6490621583500463488,0.48815233,2239.5168902440937,3.4302419299234135,2.0923933E-5,19.562582,0.27878466,0.20620643,0.009670672,0.1336818,0.07695663,0.32064334,0.2534413,0.68765914,0.0070958827,0.14411741,0.055435404,0.4261278,0.2670424,null,null,null,null,"TWOGAUSSIANS",8,1.8077375,0.68765914,0.0070958827,0.4,0.0,0.29699174,0.025034647,0.20744643,0.010140468,0.4,0.0,0.19312325,0.01891155
375316653866487564,6490679720178611712,0.62778586,2205.1692155730925,0.599396355101206,1.5847012E-5,10.927053,4.6332303E-4,0.5949333,0.004105115,0.034715667,0.002027921,0.2704471,0.008630755,0.7947704,0.011368257,0.045935147,0.016049774,0.0042375643,0.008423209,0.002531937,8.138044E-4,0.7947704,0.011368257,"TWOGAUSSIANS_WITH_ELLIPSOIDAL_ON_ECLIPSE2",9,13.893621,0.59501326,0.004121269,0.19440775,0.0113563575,0.27093482,0.008593925,0.7947704,0.011368257,0.2572368,0.08987874,0.009301439,0.008132236
375316653866487564,6490706830012827904,0.4412768,2172.2869928066993,0.9621473966039434,2.7094136E-5,18.694681,0.012767108,0.2148381,0.005152453,0.041104425,0.0076411157,0.08404208,0.0166492,0.59564567,0.0129911695,0.046721373,0.010219354,0.48801908,0.19522087,null,null,null,null,"TWOGAUSSIANS",8,3.5067766,0.59564567,0.0129911695,0.26163968,0.057228386,0.48801908,0.19522087,0.2148381,0.005152453,0.23018476,0.04279025,0.08404208,0.0166492
375316653866487564,6490776855159163776,0.5833267,2220.2039146649545,2.7428194906603838,5.9105014E-6,16.104593,0.011300252,0.20383182,0.0029962296,0.1078095,0.008278507,0.19715595,0.009921829,0.6960135,0.0012160111,0.098766774,0.003642085,0.36043385,0.010369322,null,null,null,null,"TWOGAUSSIANS",8,12.800318,0.6960135,0.0012160111,0.4,0.0,0.335128,0.006910428,0.20383182,0.0029962296,0.4,0.0,0.17184336,0.00837681
375316653866487564,6490839321163402240,0.41479424,2253.2472922885718,2.843623140549523,3.5790592E-5,15.857838,0.004713828,0.36795974,0.008534291,0.03358275,0.0075434227,0.099177495,0.04380905,0.6797348,0.014021533,0.064073294,0.012907837,0.04805833,0.012443022,null,null,null,null,"TWOGAUSSIANS",8,12.771615,0.36795974,0.008534291,0.1880634,0.042243168,0.09917784,0.04380919,0.6797348,0.014021533,0.35881042,0.07228389,0.04805833,0.012443022
375316653866487564,6490853713598162432,0.51654977,2226.424991482823,3.4131105918704985,1.1753857E-5,19.318779,0.013149945,0.24874878,0.0035598434,0.07844835,0.006897794,0.286874,0.012274304,0.75820726,0.013369843,0.097285695,0.018562952,0.13149829,0.01545749,null,null,null,null,"TWOGAUSSIANS",8,1.4551564,0.24874878,0.0035598434,0.4,0.0,0.28142115,0.009522317,0.75820726,0.013369843,0.4,0.0,0.12604491,0.010643852
375316653866487564,6490885088334920320,0.43884733,2213.589274922673,3.938202572751115,5.6703295E-5,15.217401,0.0018784053,0.3490153,0.039433755,0.028901847,0.036244843,0.09144184,5.3003432E7,0.63295805,0.008697816,0.024963409,0.006431551,0.2647427,0.049400147,null,null,null,null,"TWOGAUSSIANS",8,44.514954,0.63295805,0.008697816,0.13979508,0.036016688,0.2647427,0.049400147,0.3490153,0.039433755,0.16185035,0.20297113,0.09144184,5.3003432E7
375316653866487564,6490938826965768448,0.5361496,2201.0242599389903,3.902444884255067,5.4056727E-6,13.483118,3.68037E-4,0.45519185,4.5378492E-4,0.012634227,7.941639E-4,0.04457136,0.010576928,0.8488192,8.9843124E-5,0.0135366265,1.938782E-4,0.1138078,0.0018798354,null,null,null,null,"TWOGAUSSIANS",8,8.415253,0.8488192,8.9843124E-5,0.075805105,0.0010857179,0.1138078,0.0018798354,0.45519185,4.5378492E-4,0.070751674,0.0044473177,0.04457136,0.010576928
375316653866487564,6490993493310672640,0.47643536,2198.614317825696,3.728541153404191,2.1846276E-5,14.700477,0.020711675,0.23327318,0.0056266147,0.09525986,0.020201145,0.14941473,0.015125566,0.7402927,0.0066239866,0.10521877,0.016482104,0.14776893,0.019106386,null,null,null,null,"TWOGAUSSIANS",8,199.07709,0.23327318,0.0056242924,0.4,0.0,0.13730252,0.010655425,0.7402927,0.0066239866,0.4,0.0,0.1356532,0.0082055265
375316653866487564,6491034961217548672,0.53301126,2257.277449781174,3.298488865801464,1.077248E-5,13.554811,0.029144106,0.23273194,0.008458984,0.1084178,0.024517456,0.19307806,0.021856975,0.70883244,0.0026622927,0.10478341,0.011649586,0.25665054,0.025666058,null,null,null,null,"TWOGAUSSIANS",8,371.33542,0.70883244,0.0026622927,0.4,0.0,0.23502928,0.009476174,0.23275194,0.008481089,0.4,0.0,0.17145203,0.009768148
375316653866487564,6491044070846198400,0.60746306,2241.7487961007496,1.1629933572175555,4.5732754E-6,10.424777,0.0051211235,0.22186261,0.0017136277,0.050712764,0.011964201,0.03186163,0.011858359,0.72570544,0.003636873,0.06073316,0.005545791,0.062007014,0.011112981,0.05598073,0.0060913614,0.22186261,0.0017136277,"TWOGAUSSIANS_WITH_ELLIPSOIDAL_ON_ECLIPSE1",9,25.082947,0.72570544,0.003636873,0.34010568,0.031056426,0.17389265,0.0024787637,0.22186261,0.0017136277,0.2839915,0.066999525,0.14381252,0.0066583226
375316653866487564,6491052317182906368,0.54036933,2188.7644249351465,3.8458225835856634,3.914897E-5,19.980345,0.0071096607,0.39795762,0.0048773717,0.036770605,0.0037125705,0.47169533,0.008767969,0.6468614,0.019592533,0.06613003,0.0123183895,0.05478507,0.013506201,null,null,null,null,"TWOGAUSSIANS",8,1.2066125,0.39796764,0.0048765927,0.20591539,0.020790394,0.4717413,0.008812743,0.6468614,0.019592533,0.37032816,0.06898298,0.05478507,0.013506201
375316653866487564,6491291903341175808,0.52036834,2234.45208407511,4.2013488258148035,7.59722E-6,19.751242,0.009810005,0.3270276,0.0029102787,0.06816428,0.004040572,0.4048817,0.026750537,0.8230619,0.002939364,0.06743734,0.003412857,0.4001958,0.014057812,null,null,null,null,"TWOGAUSSIANS",8,1.6379364,0.3270276,0.0029102787,0.38171995,0.022627203,0.40407524,0.026853902,0.8230619,0.002939364,0.37764913,0.019112,0.39938936,0.013816869
375316653866487564,6491295511113789568,0.5262078,2219.185787331116,3.8083213987076205,1.3420766E-5,18.816065,0.0092010945,0.2490729,0.0032486035,0.087371215,0.0051701795,0.24333148,0.010095497,0.7480652,0.004252955,0.08995157,0.0057884734,0.224653,0.010553552,null,null,null,null,"TWOGAUSSIANS",8,2.4867597,0.2490729,0.0032486035,0.4,0.0,0.23470086,0.008464889,0.7480652,0.004252955,0.4,0.0,0.21602233,0.008733835
375316653866487564,6491317123389063936,0.48642725,2238.8082753063923,1.5096887238295014,7.2743596E-6,17.804539,0.006308587,0.3316176,0.01565741,0.03780492,0.007364227,0.11589487,0.039462198,0.8449896,0.0033859557,0.027497202,0.0044878554,0.36910954,0.026176253,null,null,null,null,"TWOGAUSSIANS",8,31.988775,0.8449896,0.0033859557,0.15398434,0.025131991,0.36910954,0.026176253,0.3316176,0.01565741,0.21170756,0.04123967,0.11589487,0.039462198
375316653866487564,6491398663344272896,0.5146648,2196.5394118939275,2.1423171293896344,8.386001E-6,12.34623,0.0050183814,0.7500261,0.002515616,0.05708118,0.013362502,0.04283179,0.012076636,null,null,null,null,null,null,0.06046,0.0069675045,0.7500261,0.002515616,"ONEGAUSSIAN_WITH_ELLIPSOIDAL",6,171.19814,0.7500261,0.002515616,0.3196546,0.07483001,0.16374886,0.0057029063,null,null,null,null,null,null
375316653866487564,6491424841169864576,0.45357752,2166.252084731821,0.9341574933641249,1.9771584E-5,18.615635,0.008455519,0.0846488,5.6613365E-4,0.012472287,9.681149E-4,0.9356151,0.15372223,0.8488979,0.025089296,0.06303942,0.025733208,0.050383694,0.011750959,null,null,null,null,"TWOGAUSSIANS",8,12.370182,0.0846488,5.6613365E-4,0.069844805,0.0054214434,0.93566144,0.15369825,0.8488979,0.025089296,0.35302076,0.13835275,0.050383694,0.011750959
375316653866487564,6491532219647373568,0.5810351,2199.6556833458208,3.478684181932024,7.0171063E-6,15.553239,0.015238786,0.25711918,0.0023945218,0.0575074,0.009291629,0.20179407,0.03130791,0.7701445,0.006804726,0.05820588,0.009144236,0.1406022,0.033347756,0.0913069,0.018497271,0.25711918,0.0023945218,"TWOGAUSSIANS_WITH_ELLIPSOIDAL_ON_ECLIPSE1",9,72.37671,0.25711918,0.0023945218,0.32204145,0.052033123,0.38438603,0.008404599,0.7701445,0.006804726,0.32595292,0.051207725,0.32197377,0.008226109
375316653866487564,6491532254007113472,0.5492478,2199.278411214121,3.4181736395489613,9.021225E-6,16.363594,0.014256393,0.26484838,0.002829406,0.050267294,0.012540895,0.13874817,0.03459457,0.755079,0.0035989496,0.051825345,0.0067577846,0.15555875,0.041254476,0.11022081,0.020010721,0.26484838,0.002829406,"TWOGAUSSIANS_WITH_ELLIPSOIDAL_ON_ECLIPSE1",9,53.134857,0.75733894,0.002836151,0.29022193,0.037843596,0.3753608,0.017605372,0.26484838,0.002829406,0.28149685,0.07022901,0.3591884,0.02685139
375316653866487564,6491537030010758912,0.5218797,2200.41367264916,3.8920810111688486,1.4533981E-5,14.9776745,0.009920848,0.23743902,0.0035750219,0.077855185,0.006035053,0.24008504,0.010871294,0.7198049,0.0065435935,0.09468194,0.008570375,0.24135767,0.014236321,null,null,null,null,"TWOGAUSSIANS",8,190.03578,0.7198049,0.0065435935,0.4,0.0,0.23603837,0.0141845895,0.23743902,0.0035750219,0.4,0.0,0.23476636,0.009844266
375316653866487564,6491557989451198336,0.5122783,2218.3496171771912,0.1121105329781843,8.79927E-6,16.897861,0.005434941,0.63752353,0.015069316,0.029291226,0.024461469,0.07799458,4.9195598E10,0.90128565,2.5542895E-4,0.0018889005,1.5159845E-4,1.5517478,0.4936928,0.010613484,0.0073215673,0.90128565,2.5542895E-4,"TWOGAUSSIANS_WITH_ELLIPSOIDAL_ON_ECLIPSE2",9,47.324345,0.90128565,2.5542895E-4,0.010577843,8.489513E-4,1.5729747,0.49664506,0.63726354,0.015238513,0.16403086,0.13698423,0.07815584,4.9195598E10
375316653866487564,6491561318049906816,0.64996034,2221.37389410938,3.293445571902584,2.9482458E-6,16.588589,0.008765563,0.18503505,0.0016369355,0.040864594,0.0028693026,0.47163856,0.021364033,0.6809832,0.0011648097,0.04751014,0.0018836673,0.562588,0.018066484,0.13958402,0.011599755,0.18503505,0.0016369355,"TWOGAUSSIANS_WITH_ELLIPSOIDAL_ON_ECLIPSE1",9,19.96093,0.68131316,0.0010379184,0.26605678,0.010548537,0.84158933,0.011075384,0.18503505,0.0016369355,0.22884172,0.016068095,0.75080615,0.010377792
375316653866487564,6491563143412602752,0.53878635,2276.5054722897476,0.39632567408762526,6.190996E-5,14.887025,0.005218381,0.17139053,0.007793153,0.043022215,0.006712246,0.48551688,0.07596065,0.47766677,0.027054725,0.009977731,0.012438631,0.20385063,0.041625936,null,null,null,null,"TWOGAUSSIANS",8,31.413382,0.17139053,0.007793153,0.24092442,0.037588578,0.48551688,0.07596065,0.47766677,0.027054725,0.05587529,0.06965633,0.20385063,0.041625936
375316653866487564,6491592314829872640,0.60678977,2176.8957308790323,1.5479158794389314,2.422404E-6,16.457052,0.002854949,0.25196397,0.0011211885,0.03446243,0.0014591607,0.7303708,0.04102369,0.7485575,0.010990699,0.024294728,0.007914096,0.16188544,0.09236468,0.023557194,0.004356841,0.25196397,0.0011211885,"TWOGAUSSIANS_WITH_ELLIPSOIDAL_ON_ECLIPSE1",9,13.016369,0.25196397,0.0011211885,0.1929896,0.0081712995,0.7774852,0.041401684,0.7486075,0.0109322155,0.13605048,0.044318937,0.20897853,0.092356995
375316653866487564,6491595471629959424,0.45170346,2192.085903239865,0.031607822125812965,5.9115984E-5,18.549252,0.020019703,0.4476864,0.016224883,0.18071844,0.025329955,0.25030506,0.019779833,0.8786952,0.023679294,0.010398709,0.011905137,1.5172166,3107947.0,null,null,null,null,"TWOGAUSSIANS",8,14.4732685,0.8786952,0.023679294,0.058232773,0.06666877,1.5226469,3107947.0,0.4476864,0.016224883,0.4,0.0,0.23940888,0.015364904
375316653866487564,6491596266199770112,0.6627913,2161.1275114570676,0.27068382965214577,1.00799325E-5,15.802788,4.7463644E-4,0.98765874,0.012563063,0.022619512,0.011616195,0.0019288756,0.0010256146,0.47060096,5.5044057E-4,0.010648276,2.2075356E-4,0.3348917,0.011171745,null,null,null,null,"TWOGAUSSIANS",8,1.8839682,0.47060096,5.5044057E-4,0.059630346,0.0012362199,0.3348917,0.011171745,0.98765874,0.012563063,0.12666926,0.06505069,0.0019288756,0.0010256146
375316653866487564,6491663813149003136,0.46148401,2190.8690777298953,0.9482451279289961,2.546907E-5,17.900606,0.0029767463,0.28860313,0.0015757175,0.02071463,0.0026072264,0.17309701,0.022720287,0.788523,0.001164684,0.012292879,0.0012909014,0.19106874,0.009815466,null,null,null,null,"TWOGAUSSIANS",8,8.365202,0.788523,0.001164684,0.06884012,0.007229048,0.19106874,0.009815466,0.28860313,0.0015757175,0.11600193,0.014600468,0.17309701,0.022720287
375316653866487564,6491675048783437184,0.40350235,2191.8548625981766,3.4136347514246554,9.112435E-5,18.404675,0.16430838,0.27156386,0.024475608,0.03613777,0.009547981,0.081688136,0.018179853,0.6353584,0.023949554,0.23786362,0.16604362,0.11101848,0.15899408,null,null,null,null,"TWOGAUSSIANS",8,12.458317,0.27461386,0.0245457,0.20237151,0.053468697,0.09511795,0.018291993,0.6353584,0.023949554,0.4,0.0,0.08662051,0.013632946
375316653866487564,6491782324182039040,0.5662563,2201.8088418433035,0.12353922889989057,1.9793285E-6,17.731045,0.0010870195,0.22297513,0.0062012123,0.018599741,0.010895227,0.027437517,0.017734908,0.89426416,5.8498532E-5,0.004311887,1.9343564E-4,0.34301135,0.011594863,null,null,null,null,"TWOGAUSSIANS",8,1.4502549,0.89426416,5.8498532E-5,0.024146568,0.0010832396,0.34301135,0.011594863,0.22297513,0.0062012123,0.10415855,0.06101327,0.027437517,0.017734908
