Gaia/vari_eclipsing_binary/VariEclipsingBinary_665471-665489.csv
# %ECSV 1.0
# ---
# delimiter: ','
# meta: !!omap
# - RELEASE: Gaia DR3
# - TABLE: vari_eclipsing_binary
# - DESCRIPTION: >
#     This table describes the properties of the eclipsing binaries resulting from the variability analysis. 
# - CITATION: >
#     How to cite and acknowledge Gaia: 
#     https://gea.esac.esa.int/archive/documentation/credits.html 
# - KNOWN_ISSUES: >
#     Known issues: 
#     https://www.cosmos.esa.int/web/gaia-users/known-issues 
# - DOCUMENTATION: >
#     Tutorials and documentation: 
#     https://www.cosmos.esa.int/web/gaia-users/archive 
# datatype:
# - 
#   name: solution_id
#   datatype: int64
#   description: Solution Identifier
#   meta:
#     ucd: meta.version
# - 
#   name: source_id
#   datatype: int64
#   description: Unique source identifier
#   meta:
#     ucd: meta.id;meta.main
# - 
#   name: global_ranking
#   datatype: float32
#   description: Number between 0 (worst) and 1 (best)
#   meta:
#     ucd: stat.param
# - 
#   name: reference_time
#   datatype: float64
#   unit: d
#   description: Reference time used for the geometric model fit
#   meta:
#     ucd: time.epoch
# - 
#   name: frequency
#   datatype: float64
#   unit: d**-1
#   description: Frequency of geometric model of the eclipsing binary light curve
#   meta:
#     ucd: src.orbital
# - 
#   name: frequency_error
#   datatype: float32
#   unit: d**-1
#   description: "Uncertainty of \\texttt{frequency}"
#   meta:
#     ucd: stat.error
# - 
#   name: geom_model_reference_level
#   datatype: float32
#   unit: mag
#   description: Magnitude reference level of geometric model
#   meta:
#     ucd: phot.mag;em.opt
# - 
#   name: geom_model_reference_level_error
#   datatype: float32
#   unit: mag
#   description: "Uncertainty of \\texttt{geomModelReferenceLevel}"
#   meta:
#     ucd: stat.error;phot.mag;em.opt
# - 
#   name: geom_model_gaussian1_phase
#   datatype: float32
#   description: Phase of the Gaussian 1 component
#   meta:
#     ucd: time.phase
# - 
#   name: geom_model_gaussian1_phase_error
#   datatype: float32
#   description: "Uncertainty of \\texttt{geomModelGaussian1Phase}"
#   meta:
#     ucd: stat.error;time.phase
# - 
#   name: geom_model_gaussian1_sigma
#   datatype: float32
#   description: "Standard deviation [phase] of Gaussian 1 component"
#   meta:
#     ucd: stat.stdev
# - 
#   name: geom_model_gaussian1_sigma_error
#   datatype: float32
#   description: "Uncertainty of \\texttt{geomModelGaussian1Sigma}"
#   meta:
#     ucd: stat.error
# - 
#   name: geom_model_gaussian1_depth
#   datatype: float32
#   unit: mag
#   description: Magnitude depth of Gaussian 1 component
#   meta:
#     ucd: src.var.amplitude
# - 
#   name: geom_model_gaussian1_depth_error
#   datatype: float32
#   unit: mag
#   description: "Uncertainty of \\texttt{geomModelGaussian1Depth}"
#   meta:
#     ucd: stat.error;src.var.amplitude
# - 
#   name: geom_model_gaussian2_phase
#   datatype: float32
#   description: Phase of Gaussian 2 component
#   meta:
#     ucd: time.phase
# - 
#   name: geom_model_gaussian2_phase_error
#   datatype: float32
#   description: "Uncertainty of \\texttt{geomModelGaussian2Phase}"
#   meta:
#     ucd: stat.error;time.phase
# - 
#   name: geom_model_gaussian2_sigma
#   datatype: float32
[...]
#   datatype: float32
#   description: "Secondary eclipse: uncertainty of \\texttt{derivedSecondaryEclDuration}"
#   meta:
#     ucd: stat.error;time.duration
# - 
#   name: derived_secondary_ecl_depth
#   datatype: float32
#   unit: mag
#   description: "Secondary eclipse: depth"
#   meta:
#     ucd: src.var.amplitude
# - 
#   name: derived_secondary_ecl_depth_error
#   datatype: float32
#   unit: mag
#   description: "Secondary eclipse: uncertainty of \\texttt{derivedSecondaryEclDepth}"
#   meta:
#     ucd: stat.error;src.var.amplitude
solution_id,source_id,global_ranking,reference_time,frequency,frequency_error,geom_model_reference_level,geom_model_reference_level_error,geom_model_gaussian1_phase,geom_model_gaussian1_phase_error,geom_model_gaussian1_sigma,geom_model_gaussian1_sigma_error,geom_model_gaussian1_depth,geom_model_gaussian1_depth_error,geom_model_gaussian2_phase,geom_model_gaussian2_phase_error,geom_model_gaussian2_sigma,geom_model_gaussian2_sigma_error,geom_model_gaussian2_depth,geom_model_gaussian2_depth_error,geom_model_cosine_half_period_amplitude,geom_model_cosine_half_period_amplitude_error,geom_model_cosine_half_period_phase,geom_model_cosine_half_period_phase_error,model_type,num_model_parameters,reduced_chi2,derived_primary_ecl_phase,derived_primary_ecl_phase_error,derived_primary_ecl_duration,derived_primary_ecl_duration_error,derived_primary_ecl_depth,derived_primary_ecl_depth_error,derived_secondary_ecl_phase,derived_secondary_ecl_phase_error,derived_secondary_ecl_duration,derived_secondary_ecl_duration_error,derived_secondary_ecl_depth,derived_secondary_ecl_depth_error
[from data line 577]
375316653866487564,5853677349413833344,0.4618117,2246.615300443619,1.0510603353320478,1.5521951E-5,19.498638,0.005636252,0.16950484,0.0051289923,0.0400617,0.005991386,0.35427755,0.043699484,0.66265815,0.011075351,0.028332813,0.016917547,0.10406779,0.13132499,null,null,null,null,"TWOGAUSSIANS",8,2.7825572,0.16950484,0.0051289923,0.22434552,0.03355176,0.35427755,0.043699484,0.66265815,0.011075351,0.15866375,0.09473827,0.10406779,0.13132499
375316653866487564,5853677624291778432,0.52269804,2267.684859679807,2.499189609884893,8.360576E-6,18.84259,0.028751077,0.26499128,0.0030292647,0.106896795,0.009651854,0.27356783,0.027359154,0.7595225,0.0041687293,0.118003696,0.012037415,0.2633423,0.02762545,null,null,null,null,"TWOGAUSSIANS",8,1.9671128,0.26501128,0.003028829,0.4,0.0,0.23080426,0.006982912,0.7595225,0.0041687293,0.4,0.0,0.22052097,0.008602906
375316653866487564,5853678036671142144,0.5940067,2270.7939460229286,3.886979604109583,2.9894798E-6,17.219658,0.006793688,0.27763873,0.0013835395,0.045768827,0.0027564468,0.28965843,0.018141074,0.768954,0.0034519664,0.041739155,0.002769818,0.2342588,0.020295756,0.10116497,0.011827066,0.27763873,0.0013835395,"TWOGAUSSIANS_WITH_ELLIPSOIDAL_ON_ECLIPSE1",9,14.517057,0.27763873,0.0013835395,0.25630543,0.015436103,0.49198818,0.010207465,0.769874,0.0030864438,0.23373927,0.015510981,0.43605042,0.016644564
375316653866487564,5853678277189341184,0.51641655,2266.3963646770676,0.4228167865089513,6.9463895E-6,18.040995,0.0014218362,0.35297066,0.0042564636,0.01787195,0.004073941,0.091191426,0.039979897,0.8525958,2.1767388E-4,0.015479852,3.017338E-4,0.25415754,0.0067868726,null,null,null,null,"TWOGAUSSIANS",8,2.2679763,0.8525958,2.1767388E-4,0.08668718,0.0016897093,0.25415754,0.0067868726,0.35297066,0.0042564636,0.10008292,0.02281407,0.091191426,0.039979897
375316653866487564,5853678478968956288,0.518543,2261.4436439325823,0.2695793662005694,6.983385E-6,17.839993,0.0029596093,0.24881583,0.006764672,0.030596301,0.0060052504,0.049352087,0.01585103,0.76073927,0.0015795205,0.02724279,0.002009786,0.25704384,0.024760088,0.02193321,0.006200661,0.24881583,0.006764672,"TWOGAUSSIANS_WITH_ELLIPSOIDAL_ON_ECLIPSE1",9,5.704045,0.76073927,0.0015795205,0.15255964,0.011254801,0.30066445,0.025773214,0.24881583,0.006764672,0.17133929,0.033629403,0.093218446,0.0106109055
375316653866487564,5853678689506220928,0.5901553,2237.261418522054,1.4922835412636433,3.7959962E-6,16.787357,0.007977819,0.2787369,0.0028549414,0.09541234,0.0065565547,0.19903563,0.007365199,0.75818753,0.0015654672,0.08675668,0.0032310444,0.3385028,0.007393417,null,null,null,null,"TWOGAUSSIANS",8,12.048337,0.75818753,0.0015654672,0.4,0.0,0.32992718,0.0057432014,0.2787369,0.0028549414,0.4,0.0,0.19045937,0.006114722
375316653866487564,5853679273621780864,0.4775583,2252.5179377689583,0.6716597102410595,1.12692884E-4,17.569532,0.0011516951,0.27641678,0.032195777,0.03993446,0.028660297,0.013079596,0.0281175,0.5320945,9.6662476E-4,0.021470036,8.1477157E-4,0.1757269,0.0067372066,null,null,null,null,"TWOGAUSSIANS",8,2.9368398,0.5320945,9.6662476E-4,0.1202322,0.0045627207,0.1757269,0.0067372066,0.27641678,0.032195777,0.22363296,0.16049767,0.013079596,0.0281175
375316653866487564,5853681300846352512,0.6513688,2262.882915177825,1.183444709774562,4.202614E-6,16.867449,0.01057019,0.28190038,8.7144185E-4,0.066093095,0.003790303,0.21786617,0.021166608,0.7850395,0.004184446,0.06547388,0.006263512,0.15288973,0.022802185,0.07583638,0.011354663,0.28190038,8.7144185E-4,"TWOGAUSSIANS_WITH_ELLIPSOIDAL_ON_ECLIPSE1",9,4.6849766,0.28190038,8.7144185E-4,0.37012133,0.021225696,0.36928216,0.0048523303,0.7850395,0.0041301595,0.3666537,0.03507567,0.30424672,0.007760964
375316653866487564,5853681403863401216,0.538036,2253.361073064474,0.48259819438076196,9.825575E-6,19.772505,0.004631835,0.3478171,6.620339E-4,0.029725382,4.8127453E-4,0.9675265,0.014931125,0.8461618,0.0061203917,0.0259407,0.006431494,0.09607313,0.030117616,null,null,null,null,"TWOGAUSSIANS",8,1.686866,0.3478171,6.620339E-4,0.16646214,0.0026951374,0.9675265,0.014931125,0.8461618,0.0061203917,0.14526792,0.036016367,0.09607313,0.030117616
375316653866487564,5853681438222402176,0.5783188,2263.0513719558908,2.7255018597093623,4.112409E-6,18.44963,0.0070935637,0.24420752,0.0012336414,0.037235104,0.0112385135,0.112920575,0.018785678,0.73815703,0.0029181917,0.045245178,0.0049507185,0.1500411,0.021365622,0.116880305,0.010144611,0.24420752,0.0012336414,"TWOGAUSSIANS_WITH_ELLIPSOIDAL_ON_ECLIPSE1",9,2.5984755,0.739377,0.002211956,0.253373,0.027724022,0.38353148,0.015670573,0.24420752,0.0012336414,0.20851658,0.06293568,0.34668076,0.026419122
375316653866487564,5853681988041172480,0.5363581,2244.79554259185,0.6679919656373281,1.6484255E-5,17.150398,0.0010381502,0.16238207,0.0059571764,0.021902334,0.0060895,0.03508171,0.014707362,0.6589886,0.0014059626,0.021616597,8.5072446E-4,0.19809355,0.0029050075,null,null,null,null,"TWOGAUSSIANS",8,2.5948925,0.6589886,0.0014059626,0.121052936,0.004764057,0.19809355,0.0029050075,0.16238207,0.0059571764,0.12265307,0.0341012,0.03508171,0.014707362
375316653866487564,5853682262924452608,0.48265326,2224.1472154350986,2.983940608956827,1.0446386E-5,15.513422,0.01429309,0.22098093,0.002839462,0.08608496,0.007984272,0.22932698,0.013487838,0.7168832,0.0056432774,0.09958036,0.010843523,0.22666703,0.015608397,null,null,null,null,"TWOGAUSSIANS",8,53.918255,0.22098093,0.002839462,0.4,0.0,0.2179347,0.011928797,0.7168832,0.0056432774,0.4,0.0,0.21527322,0.01607871
375316653866487564,5853682331575662592,0.5334397,2200.094536721451,0.829064810271909,6.9446974E-6,19.64143,0.006430718,0.21111937,0.012895419,0.0345859,0.013164133,0.1722096,0.0545939,0.7105307,0.0014971843,0.03456019,0.001553248,1.248865,0.06808714,null,null,null,null,"TWOGAUSSIANS",8,3.340001,0.7105307,0.0014971843,0.19353707,0.008698189,1.248865,0.06808714,0.21111937,0.012895419,0.19368105,0.073719144,0.1722096,0.0545939
375316653866487564,5853683254972680192,0.49551538,2265.5930853422483,2.4926489439383737,1.322968E-5,16.894484,0.015018447,0.24141718,0.0030947293,0.089086354,0.00794729,0.23351052,0.014745951,0.7470082,0.007654437,0.09767737,0.011353846,0.24369301,0.01698307,null,null,null,null,"TWOGAUSSIANS",8,44.170643,0.7470082,0.007654437,0.4,0.0,0.23146963,0.015282892,0.24141718,0.0030947293,0.4,0.0,0.22128811,0.012416027
375316653866487564,5853683328009392512,0.5171161,2246.784404968137,2.7384055601227395,8.522175E-6,19.452307,0.01532973,0.2952882,0.004328086,0.0792414,0.0053414204,0.38491523,0.016148774,0.79169077,0.005426764,0.08098278,0.0077309916,0.40831986,0.015065402,null,null,null,null,"TWOGAUSSIANS",8,3.0964441,0.79169077,0.005426764,0.4,0.0,0.40264237,0.013362152,0.2952882,0.004328086,0.4,0.0,0.37923774,0.013624872
375316653866487564,5853683358053530496,0.5286781,2266.454115339609,3.5625795060340146,8.363791E-6,18.055313,0.016997904,0.2657402,0.0029264,0.09334971,0.0072223027,0.23474239,0.016109213,0.777689,0.0030151375,0.1012171,0.008786495,0.27131766,0.013386833,null,null,null,null,"TWOGAUSSIANS",8,5.3500924,0.777689,0.0030151375,0.4,0.0,0.2554475,0.008655971,0.2657402,0.0029327902,0.4,0.0,0.21887505,0.00910134
375316653866487564,5853683804726118016,0.5109908,2259.4534428214556,0.10514500745968945,3.7764894E-5,17.726048,0.0015707097,0.42173,0.0098310895,0.03661793,0.007481839,0.01453719,0.0053450246,0.6816434,4.3223775E-4,0.007701813,3.6649E-4,0.28132898,0.026788166,null,null,null,null,"TWOGAUSSIANS",8,2.428205,0.6816434,4.3223775E-4,0.043130152,0.0020523441,0.28132898,0.026788166,0.42173,0.0098310895,0.20506041,0.0418983,0.01453719,0.0053450246
375316653866487564,5853684358863276288,0.5195295,2255.2998054971767,3.562017196211352,1.6969563E-5,16.446695,0.027658084,0.30143902,0.0061288434,0.1103845,0.02344847,0.15810594,0.02183566,0.7804549,0.0037318217,0.10387149,0.016910093,0.17320235,0.022513345,null,null,null,null,"TWOGAUSSIANS",8,16.263166,0.7804549,0.0037318217,0.4,0.0,0.15604614,0.010982587,0.301449,0.0061388253,0.4,0.0,0.14093934,0.007005848
375316653866487564,5853684629366652288,0.48467413,2263.184135526277,0.3385133974868244,4.907238E-6,19.317316,0.0045036506,0.30895343,0.0018035588,0.020480724,0.0017161514,0.3028816,0.025423437,0.80958366,0.0031088807,0.02929904,0.004853355,0.23083863,0.046041064,null,null,null,null,"TWOGAUSSIANS",8,2.2657392,0.30895343,0.0018035588,0.114692055,0.009610447,0.3028816,0.025423437,0.80958366,0.0031088807,0.16407461,0.027178789,0.23083863,0.046041064
375316653866487564,5853685320935974144,0.56024444,2273.2528248193566,2.8441548877698235,8.559957E-6,15.804661,0.00840191,0.2468848,0.002463679,0.09054831,0.0043014735,0.3118092,0.008897029,0.7465752,0.0029795773,0.09819519,0.004728051,0.29816696,0.008431908,null,null,null,null,"TWOGAUSSIANS",8,58.799244,0.2468848,0.002463679,0.4,0.0,0.29367402,0.0069212294,0.7465752,0.0029795773,0.4,0.0,0.28003052,0.0058393567
375316653866487564,5853685453993667840,0.4595353,2270.633521427302,0.3316451899893143,3.1509846E-6,17.785896,0.0014451938,0.31664184,3.717402E-4,0.016192429,7.0372724E-4,0.09478951,0.009475735,0.82001543,0.0022435274,0.01665538,0.0019357941,0.07367983,0.0062098987,null,null,null,null,"TWOGAUSSIANS",8,2.0630894,0.31664184,3.717402E-4,0.0906776,0.0039408724,0.09478951,0.009475735,0.82001543,0.0022435274,0.09327013,0.010840447,0.07367983,0.0062098987
375316653866487564,5853686111210456832,0.52792805,2264.545686706115,0.8133109217941754,7.050845E-6,15.298752,0.026901174,0.26192498,0.002144559,0.15678822,0.007890544,0.13865432,0.016425345,0.7621512,0.00221804,0.21393725,0.019430624,0.14671807,0.02646047,null,null,null,null,"TWOGAUSSIANS",8,2.8732936,0.26181498,0.00239999,0.4,0.0,0.044533394,0.0012341265,0.76221114,0.002359589,0.4,0.0,0.03520206,0.0014403433
375316653866487564,5853686175554972416,0.52901727,2269.1619319504935,1.2294034536702831,6.0997986E-6,19.086977,0.0045520244,0.29640502,0.0025168953,0.06923367,0.0031680223,0.2391706,0.0101124905,0.79214704,0.0019849502,0.06183905,0.0029200583,0.33275706,0.013980796,null,null,null,null,"TWOGAUSSIANS",8,2.2721796,0.79214704,0.0019849502,0.3462987,0.016352326,0.33241665,0.014039482,0.29640502,0.0025168953,0.38770854,0.017740924,0.23883016,0.010134617
375316653866487564,5853686592246881536,0.65671027,2265.061676136573,1.8546942722279844,1.9854203E-6,16.746063,0.0052526197,0.24289536,0.0014699055,0.044678733,0.0025666344,0.14706588,0.01179591,0.74108887,8.9550583E-4,0.04753555,0.0011971113,0.63536644,0.0128721,0.06973618,0.006322664,0.24289536,0.0014699055,"TWOGAUSSIANS_WITH_ELLIPSOIDAL_ON_ECLIPSE1",9,9.423645,0.7411589,8.525455E-4,0.26619908,0.0067038233,0.774821,0.010631649,0.24289536,0.0014699055,0.2502009,0.0143731525,0.28653768,0.0039799185
375316653866487564,5853686660906532096,0.41439122,2282.153073366434,2.309194166828153,3.0355817E-5,18.722347,0.008786104,0.28394288,0.006213804,0.06789501,0.007735994,0.12699266,0.014424445,0.7807046,0.014730844,0.058787797,0.01917966,0.061784185,0.0139339175,null,null,null,null,"TWOGAUSSIANS",8,7.2298393,0.28394288,0.006213804,0.38021207,0.043104485,0.12692493,0.014363559,0.7807046,0.014730844,0.32921165,0.1074061,0.061716463,0.01392794
375316653866487564,5853686935844158720,0.6154069,2251.6848340959805,2.366082726410555,3.649774E-6,14.039128,0.014008266,0.2474626,0.012006557,0.030316899,0.023168068,0.05566127,0.021140436,0.69311196,0.0010220727,0.060932722,0.0076711765,0.09165646,0.032393876,0.14516793,0.01807029,0.69311196,0.0010220727,"TWOGAUSSIANS_WITH_ELLIPSOIDAL_ON_ECLIPSE2",9,81.35489,0.69311196,0.0010220727,0.34122324,0.042958587,0.3819715,0.0074428357,0.2314226,0.016551463,0.16977464,0.12974118,0.32220608,0.007682944
375316653866487564,5853687141943054336,0.49395025,2253.182838390041,1.4354396317557516,2.2314116E-5,19.183289,0.0053816144,0.21717213,0.00494516,0.06354434,0.006558168,0.11929658,0.011445394,0.71629494,0.0063908864,0.056838077,0.0069898553,0.27734202,0.01842732,null,null,null,null,"TWOGAUSSIANS",8,2.456636,0.71629494,0.0063908864,0.3182932,0.03914319,0.2772807,0.018445868,0.21717213,0.00494516,0.3558483,0.03672574,0.11923523,0.011449604
375316653866487564,5853687378145998208,0.54872274,2311.674366409588,0.2720058878363042,2.2004E-5,18.864927,0.00242949,0.13695408,0.0042788056,0.008456582,0.0048475103,0.743894,3.5879507,0.44933647,0.0012186161,0.025509749,0.0010492126,0.503891,0.0076185027,null,null,null,null,"TWOGAUSSIANS",8,2.5427911,0.13695408,0.0042788056,0.04735686,0.027146056,0.743894,3.5879507,0.44933647,0.0012186161,0.14285459,0.0058755907,0.503891,0.0076185027
375316653866487564,5853687687375631744,0.67241037,2264.6787759782205,1.2885111397439166,2.1592098E-6,15.67473,0.00280372,0.26377308,0.001263605,0.047220156,0.005126727,0.04865006,0.006809813,0.7618222,0.0011142653,0.0526215,0.0013892668,0.22164288,0.006411259,0.08112378,0.0037748334,0.26377308,0.001263605,"TWOGAUSSIANS_WITH_ELLIPSOIDAL_ON_ECLIPSE1",9,8.895851,0.76209223,9.2052785E-4,0.2946804,0.0077798944,0.38386673,0.0025814988,0.26377308,0.001263605,0.26443288,0.02870967,0.21089493,0.0031379422
375316653866487564,5853687687375636736,0.50978297,2278.1828397669565,0.21069039558720148,1.96858E-6,17.346788,0.0016770341,0.56113553,8.8769477E-4,0.0022537573,2.0566344E-4,3.624905,1.6684796,0.32993516,0.07062169,0.038393468,0.023411483,0.011395189,0.008395014,null,null,null,null,"TWOGAUSSIANS",8,11.2728405,0.56113553,8.8769477E-4,0.01262104,0.0011517153,3.624905,1.6684796,0.32993516,0.07062169,0.21500342,0.1311043,0.011395189,0.008395014
375316653866487564,5853687794837454336,0.4758432,2259.6957979281615,0.6026845666967935,7.022111E-6,16.352268,0.0013977191,0.20005059,0.0028636898,0.017949205,0.0032342942,0.042869065,0.004920867,0.6986788,0.005791397,0.018306963,0.0052745757,0.102720805,0.048373014,0.009622959,0.0025290863,0.20005059,0.0028636898,"TWOGAUSSIANS_WITH_ELLIPSOIDAL_ON_ECLIPSE1",9,10.174187,0.6986888,0.0057784193,0.102519,0.029537622,0.12196529,0.04911195,0.20005059,0.0028636898,0.100515544,0.018112049,0.062114976,0.0064616045
375316653866487564,5853688138435180800,0.5372032,2267.8375297759435,0.4904092890292479,1.0365285E-6,16.389791,7.123306E-4,0.23190479,0.0070553934,0.018153172,0.0038139715,0.061859082,0.0025240616,0.72935295,2.597533E-4,0.020068143,5.764996E-4,0.11072341,0.0018044272,null,null,null,null,"TWOGAUSSIANS",8,3.2289667,0.72935295,2.597533E-4,0.1123816,0.003228398,0.11072341,0.0018044272,0.23190479,0.0070553934,0.10165776,0.02135824,0.061859082,0.0025240616
375316653866487564,5853688168412977408,0.56714255,2260.6104606631075,0.33412683650334385,4.697828E-6,17.89275,0.001524253,0.102942236,4.858919E-4,0.0118906535,6.745059E-4,0.34090248,0.01433619,0.6020737,9.990595E-4,0.011393496,5.0743925E-4,0.31893775,0.004507998,null,null,null,null,"TWOGAUSSIANS",8,2.8063412,0.102942236,4.858919E-4,0.066587664,0.003777233,0.34090248,0.01433619,0.6020737,9.990595E-4,0.063803576,0.0028416598,0.31893775,0.004507998
375316653866487564,5853688512009371008,0.5843969,2276.92301402499,2.6242506803640295,4.326469E-6,17.314993,0.008679221,0.11058035,0.0011770476,0.05892429,0.0046571023,0.1780852,0.017673373,0.60999566,0.0037669002,0.05099587,0.0051524118,0.15210932,0.020518327,0.05590993,0.011097131,0.11058035,0.0011770476,"TWOGAUSSIANS_WITH_ELLIPSOIDAL_ON_ECLIPSE1",9,5.3479977,0.11058035,0.0011770476,0.32997602,0.026079772,0.28988156,0.008892322,0.61007565,0.003436478,0.28557688,0.028853504,0.2639044,0.0055247815
