Gaia/vari_eclipsing_binary/VariEclipsingBinary_665433-665450.csv
# %ECSV 1.0
# ---
# delimiter: ','
# meta: !!omap
# - RELEASE: Gaia DR3
# - TABLE: vari_eclipsing_binary
# - DESCRIPTION: >
#     This table describes the properties of the eclipsing binaries resulting from the variability analysis. 
# - CITATION: >
#     How to cite and acknowledge Gaia: 
#     https://gea.esac.esa.int/archive/documentation/credits.html 
# - KNOWN_ISSUES: >
#     Known issues: 
#     https://www.cosmos.esa.int/web/gaia-users/known-issues 
# - DOCUMENTATION: >
#     Tutorials and documentation: 
#     https://www.cosmos.esa.int/web/gaia-users/archive 
# datatype:
# - 
#   name: solution_id
#   datatype: int64
#   description: Solution Identifier
#   meta:
#     ucd: meta.version
# - 
#   name: source_id
#   datatype: int64
#   description: Unique source identifier
#   meta:
#     ucd: meta.id;meta.main
# - 
#   name: global_ranking
#   datatype: float32
#   description: Number between 0 (worst) and 1 (best)
#   meta:
#     ucd: stat.param
# - 
#   name: reference_time
#   datatype: float64
#   unit: d
#   description: Reference time used for the geometric model fit
#   meta:
#     ucd: time.epoch
# - 
#   name: frequency
#   datatype: float64
#   unit: d**-1
#   description: Frequency of geometric model of the eclipsing binary light curve
#   meta:
#     ucd: src.orbital
# - 
#   name: frequency_error
#   datatype: float32
#   unit: d**-1
#   description: "Uncertainty of \\texttt{frequency}"
#   meta:
#     ucd: stat.error
# - 
#   name: geom_model_reference_level
#   datatype: float32
#   unit: mag
#   description: Magnitude reference level of geometric model
#   meta:
#     ucd: phot.mag;em.opt
# - 
#   name: geom_model_reference_level_error
#   datatype: float32
#   unit: mag
#   description: "Uncertainty of \\texttt{geomModelReferenceLevel}"
#   meta:
#     ucd: stat.error;phot.mag;em.opt
# - 
#   name: geom_model_gaussian1_phase
#   datatype: float32
#   description: Phase of the Gaussian 1 component
#   meta:
#     ucd: time.phase
# - 
#   name: geom_model_gaussian1_phase_error
#   datatype: float32
#   description: "Uncertainty of \\texttt{geomModelGaussian1Phase}"
#   meta:
#     ucd: stat.error;time.phase
# - 
#   name: geom_model_gaussian1_sigma
#   datatype: float32
#   description: "Standard deviation [phase] of Gaussian 1 component"
#   meta:
#     ucd: stat.stdev
# - 
#   name: geom_model_gaussian1_sigma_error
#   datatype: float32
#   description: "Uncertainty of \\texttt{geomModelGaussian1Sigma}"
#   meta:
#     ucd: stat.error
# - 
#   name: geom_model_gaussian1_depth
#   datatype: float32
#   unit: mag
#   description: Magnitude depth of Gaussian 1 component
#   meta:
#     ucd: src.var.amplitude
# - 
#   name: geom_model_gaussian1_depth_error
#   datatype: float32
#   unit: mag
#   description: "Uncertainty of \\texttt{geomModelGaussian1Depth}"
#   meta:
#     ucd: stat.error;src.var.amplitude
# - 
#   name: geom_model_gaussian2_phase
#   datatype: float32
#   description: Phase of Gaussian 2 component
#   meta:
#     ucd: time.phase
# - 
#   name: geom_model_gaussian2_phase_error
#   datatype: float32
#   description: "Uncertainty of \\texttt{geomModelGaussian2Phase}"
#   meta:
#     ucd: stat.error;time.phase
# - 
#   name: geom_model_gaussian2_sigma
#   datatype: float32
[...]
#   datatype: float32
#   description: "Secondary eclipse: uncertainty of \\texttt{derivedSecondaryEclDuration}"
#   meta:
#     ucd: stat.error;time.duration
# - 
#   name: derived_secondary_ecl_depth
#   datatype: float32
#   unit: mag
#   description: "Secondary eclipse: depth"
#   meta:
#     ucd: src.var.amplitude
# - 
#   name: derived_secondary_ecl_depth_error
#   datatype: float32
#   unit: mag
#   description: "Secondary eclipse: uncertainty of \\texttt{derivedSecondaryEclDepth}"
#   meta:
#     ucd: stat.error;src.var.amplitude
solution_id,source_id,global_ranking,reference_time,frequency,frequency_error,geom_model_reference_level,geom_model_reference_level_error,geom_model_gaussian1_phase,geom_model_gaussian1_phase_error,geom_model_gaussian1_sigma,geom_model_gaussian1_sigma_error,geom_model_gaussian1_depth,geom_model_gaussian1_depth_error,geom_model_gaussian2_phase,geom_model_gaussian2_phase_error,geom_model_gaussian2_sigma,geom_model_gaussian2_sigma_error,geom_model_gaussian2_depth,geom_model_gaussian2_depth_error,geom_model_cosine_half_period_amplitude,geom_model_cosine_half_period_amplitude_error,geom_model_cosine_half_period_phase,geom_model_cosine_half_period_phase_error,model_type,num_model_parameters,reduced_chi2,derived_primary_ecl_phase,derived_primary_ecl_phase_error,derived_primary_ecl_duration,derived_primary_ecl_duration_error,derived_primary_ecl_depth,derived_primary_ecl_depth_error,derived_secondary_ecl_phase,derived_secondary_ecl_phase_error,derived_secondary_ecl_duration,derived_secondary_ecl_duration_error,derived_secondary_ecl_depth,derived_secondary_ecl_depth_error
[from data line 108]
375316653866487564,5853244622901167360,0.4942706,2296.7016507520666,3.3759120047845625,9.590226E-6,19.848295,0.01028887,0.25981307,0.0027880757,0.07961762,0.0048988126,0.35146645,0.01513063,0.75824124,0.0049181166,0.072401695,0.0061490494,0.44869447,0.026383828,null,null,null,null,"TWOGAUSSIANS",8,2.242318,0.75824124,0.0049181166,0.4,0.0016572181,0.44528642,0.02695725,0.25981307,0.0027880757,0.4,0.0,0.34805837,0.014998623
375316653866487564,5853244691620424576,0.5247899,2305.575897449791,2.47375479363753,5.785132E-6,17.559757,0.00511451,0.23650578,0.0028041087,0.07813325,0.0034404749,0.2404975,0.0075952564,0.7326629,0.0025104512,0.07976603,0.0043213563,0.31870094,0.008376253,null,null,null,null,"TWOGAUSSIANS",8,11.798512,0.7326629,0.0025104512,0.4,0.0,0.31529275,0.0086132875,0.23650578,0.0028041087,0.4,0.0,0.23708932,0.0073571373
375316653866487564,5853245207016594688,0.4886746,2317.869514880302,0.9056950448489389,1.0054792E-6,18.347296,0.001437357,0.7725051,9.635677E-6,0.00260135,2.752878E-5,2.0000806,0.082778335,null,null,null,null,null,null,null,null,null,null,"ONEGAUSSIAN",5,3.2145212,0.7725051,9.635677E-6,0.01456756,1.5416117E-4,2.0000806,0.0,null,null,null,null,null,null
375316653866487564,5853245447535109888,0.56223786,2298.8488747935703,0.9294459392122786,3.7955597E-6,19.241827,0.0061053797,0.24408764,0.0024705317,0.07907883,0.0033554055,0.29584408,0.009575648,0.7368382,0.0011706029,0.06738867,0.0018714276,0.5459337,0.013959146,null,null,null,null,"TWOGAUSSIANS",8,1.7770524,0.7368382,0.0011706029,0.37737656,0.010479994,0.5440028,0.014063206,0.24408764,0.0024705317,0.4,0.0,0.29391313,0.00956285
375316653866487564,5853245653725918720,0.5407304,2288.258955911018,0.2866203672736934,3.2157538E-6,14.33885,2.1982336E-4,0.27381256,0.0036581005,0.008505238,0.005542712,0.01703914,0.051082805,0.7694912,7.650859E-5,0.006279589,0.0016306201,0.2772499,0.8598768,0.0014320405,3.3677503E-4,0.27381256,0.0036581005,"TWOGAUSSIANS_WITH_ELLIPSOIDAL_ON_ECLIPSE1",9,4.1789165,0.7694912,7.650859E-5,0.0351657,0.009131473,0.28011185,0.8598798,0.27381256,0.0036581005,0.047629334,0.031039186,0.019903217,0.051075432
375316653866487564,5853245825525022080,0.48953453,2319.270664102995,1.4303017413783299,1.0135784E-5,17.302782,0.01780269,0.24261782,0.004242511,0.11580826,0.019005574,0.079991676,0.01688754,0.73494965,0.004117678,0.122670084,0.022137616,0.074183896,0.016943028,null,null,null,null,"TWOGAUSSIANS",8,2.3087585,0.24266781,0.004220794,0.4,0.0,0.06408007,0.003011262,0.73494965,0.004117678,0.4,0.0,0.058249425,0.0027763657
375316653866487564,5853245958579599360,0.46685448,2327.0262330738265,0.5378769369418724,1.18265925E-5,17.478588,0.0030077167,0.2172888,0.032376282,0.11715166,0.04306142,0.012679658,0.0044738567,0.74238604,0.002364386,0.024370167,0.0039751506,0.11343518,0.0147130145,null,null,null,null,"TWOGAUSSIANS",8,4.097669,0.74238604,0.002364386,0.13647294,0.022260843,0.113411024,0.014735162,0.2172888,0.032376282,0.4,0.0,0.012651529,0.0044589792
375316653866487564,5853245958579641088,0.598716,2296.888343923313,1.5454326238733658,2.9102641E-6,15.403118,0.0028192243,0.30358407,0.0010001222,0.09072213,0.0018054838,0.25122988,0.0033100143,0.8128638,0.0016215304,0.0805958,0.003081632,0.1446058,0.003058335,null,null,null,null,"TWOGAUSSIANS",8,19.644249,0.30358407,0.0010001222,0.4,0.0,0.24658196,0.003069966,0.8128638,0.0016215304,0.4,0.0,0.13995801,0.002863139
375316653866487564,5853245997295874048,0.49560684,2312.0517376733624,2.8962643257172767,1.0073419E-5,19.65637,0.011556645,0.25635976,0.003995414,0.08279203,0.006811607,0.34862626,0.014432726,0.76807654,0.0047925375,0.08244181,0.0059317434,0.29701436,0.013503022,null,null,null,null,"TWOGAUSSIANS",8,2.8044016,0.25635976,0.003995414,0.4,0.0,0.34330612,0.014181494,0.76807654,0.0047925375,0.4,0.0,0.29169425,0.011913928
375316653866487564,5853245997323715584,0.48374212,2318.284969708815,0.3118505089311673,7.2614766E-6,18.04553,0.0027274424,0.20434543,0.003240838,0.032034427,0.00404812,0.12187092,0.013697671,0.71738166,0.0029730133,0.03481105,0.0040711733,0.13195309,0.0113590965,0.024966398,0.0046038977,0.20434543,0.003240838,"TWOGAUSSIANS_WITH_ELLIPSOIDAL_ON_ECLIPSE1",9,6.449088,0.71738166,0.0029730133,0.19494188,0.02279857,0.1815516,0.01204117,0.20434543,0.003240838,0.17939278,0.022669474,0.1718037,0.013657504
375316653866487564,5853246237841875328,0.55631196,2305.073763131708,1.5458786123087391,2.556177E-6,19.22728,0.0065077655,0.2359487,9.2799176E-4,0.046372026,0.0018093876,0.44946808,0.017991982,0.73056865,0.0048347013,0.036974456,0.0048522577,0.19257893,0.019826636,0.07239928,0.010230602,0.2359487,9.2799176E-4,"TWOGAUSSIANS_WITH_ELLIPSOIDAL_ON_ECLIPSE1",9,2.818799,0.2359487,9.2799176E-4,0.25968334,0.010132571,0.5942664,0.014880499,0.73096865,0.0044573336,0.20705695,0.027172644,0.33722427,0.014798314
375316653866487564,5853246272201644672,0.54287076,2289.397780088717,1.8373855521688445,3.1466363E-6,19.227592,0.0034785883,0.23275681,0.004394897,0.055832554,0.0045953533,0.10714447,0.006898186,0.73029894,0.0012266977,0.04619247,0.0016776235,0.6199474,0.030942569,null,null,null,null,"TWOGAUSSIANS",8,1.6335528,0.73029894,0.0012266977,0.25867784,0.009394691,0.6199449,0.030943438,0.23275681,0.004394897,0.3126623,0.025733978,0.10714196,0.00689857
375316653866487564,5853246306561170560,0.4619479,2315.6585066084285,0.8795474921852843,6.4441847E-6,19.276173,0.0050918823,0.21034935,0.0034354858,0.03444675,0.0037159477,0.19345985,0.03854702,0.7086236,0.0018259342,0.02759555,0.0032736377,0.19993795,0.021889329,0.023377623,0.008560127,0.21034935,0.0034354858,"TWOGAUSSIANS_WITH_ELLIPSOIDAL_ON_ECLIPSE1",9,4.2290144,0.70864356,0.001797933,0.15453508,0.018332371,0.24668775,0.022861833,0.21034935,0.0034354858,0.19290179,0.020809306,0.24021508,0.03904963
375316653866487564,5853246375253047424,0.46786654,2288.7965782859346,1.7260633857358665,1.1524068E-5,19.501637,0.01048882,0.2886682,0.0060676695,0.08703679,0.010108887,0.18806878,0.012312592,0.79698366,0.005585238,0.08402862,0.008779058,0.16710408,0.010715028,null,null,null,null,"TWOGAUSSIANS",8,1.8145578,0.2886682,0.0060676695,0.4,0.0,0.18377647,0.011395008,0.79698366,0.005585238,0.4,0.0,0.1628118,0.008630313
375316653866487564,5853246409640402304,0.53337747,2308.334661354796,0.9145522344265581,4.6729606E-6,16.577118,0.001220913,0.28049648,0.0015084293,0.050215185,0.0030425014,0.07069514,0.0038170458,0.80346984,0.016121704,0.026140345,0.014365234,0.022965651,0.014324966,0.023735933,0.0019089888,0.28049648,0.0015084293,"TWOGAUSSIANS_WITH_ELLIPSOIDAL_ON_ECLIPSE1",9,3.7478704,0.28049648,0.0015084293,0.28120503,0.017038008,0.11816671,0.0032625545,0.80346984,0.016121704,0.14638594,0.08044531,0.06945496,0.014827208
375316653866487564,5853246444000144896,0.6289314,2280.18419392524,0.6602664122058112,2.7816504E-6,16.50136,0.001917195,0.27492675,4.162775E-4,0.04171871,5.4407836E-4,0.37924415,0.0052369125,0.7735907,0.00292978,0.04415054,0.0030216316,0.046006292,0.005290997,0.012695771,0.0032035795,0.27492675,4.162775E-4,"TWOGAUSSIANS_WITH_ELLIPSOIDAL_ON_ECLIPSE1",9,4.9217634,0.27492675,4.162775E-4,0.23362479,0.0030468388,0.4046357,0.0032849587,0.7736907,0.0027891474,0.24724302,0.016921137,0.071396165,0.002393513
375316653866487564,5853246856317119360,0.5359543,2298.592443564019,0.41214408875259817,8.027135E-6,16.91406,7.7231636E-4,0.38543582,0.003196519,0.018065874,0.0026910822,0.22639793,0.046108745,0.88050437,0.0029303336,0.014477687,0.0022250307,0.029800432,0.004784882,null,null,null,null,"TWOGAUSSIANS",8,2.9672925,0.38543582,0.003196519,0.101168886,0.01507006,0.22639793,0.046108745,0.88050437,0.0029303336,0.08107505,0.012460171,0.029800432,0.004784882
375316653866487564,5853246890650521216,0.5456761,2304.6737397617067,2.3765208032733183,5.6263034E-6,19.318975,0.012040432,0.298107,0.001810562,0.062197536,0.0050175246,0.3172538,0.03537281,0.7961937,0.0033047192,0.04733979,0.0037473137,0.3242226,0.032413628,0.111690395,0.014449269,0.298107,0.001810562,"TWOGAUSSIANS_WITH_ELLIPSOIDAL_ON_ECLIPSE1",9,3.61545,0.7964037,0.00289984,0.26510283,0.020984957,0.5474768,0.023995342,0.298107,0.001810562,0.3483062,0.028098138,0.5405368,0.032748904
375316653866487564,5853247062449471744,0.51687,2308.224190540547,2.512589319619623,5.861123E-6,19.107658,0.016715795,0.23964795,0.002015456,0.08507383,0.0053277216,0.3588406,0.017848976,0.7456147,0.0046249344,0.08735413,0.0068317046,0.31282,0.017796611,null,null,null,null,"TWOGAUSSIANS",8,3.7801847,0.23964795,0.002015456,0.4,0.0,0.34980813,0.015653282,0.7456147,0.0046249344,0.4,0.0,0.30378747,0.0149346655
375316653866487564,5853247715310571008,0.44727778,2281.4225748505805,2.7379059649630717,1.7020171E-5,15.229048,0.04233662,0.27158186,0.005038284,0.10383087,0.018167144,0.23131417,0.036642894,0.7539578,0.0050812876,0.10632717,0.023508014,0.23502733,0.033792857,null,null,null,null,"TWOGAUSSIANS",8,134.74518,0.7539578,0.0050812876,0.4,0.0,0.21257383,0.012992222,0.27159187,0.005048416,0.4,0.0,0.20886463,0.016432878
375316653866487564,5853247818364669824,0.54988897,2305.897726797656,2.2492169772702475,6.8618747E-6,19.334513,0.0074178237,0.25199586,0.0018947611,0.08401351,0.0023508952,0.41532302,0.009555185,0.7577957,0.0029787256,0.0821164,0.0039019661,0.3805959,0.014059597,null,null,null,null,"TWOGAUSSIANS",8,1.7488561,0.25199586,0.0018947611,0.4,0.0,0.40760043,0.0085010715,0.7577957,0.0029787256,0.4,0.0,0.37287334,0.0143000465
375316653866487564,5853247887084025856,0.5347013,2293.372930979815,2.969176653046092,1.3308571E-5,19.41032,0.0061694398,0.23748809,0.0037036357,0.071701445,0.003115795,0.37840426,0.01440708,0.74072045,0.0064857244,0.073666334,0.0059507876,0.37589025,0.011887973,null,null,null,null,"TWOGAUSSIANS",8,2.280552,0.23748809,0.0037036357,0.4,0.008160397,0.37651947,0.01423488,0.74072045,0.0064857244,0.4,0.0015701758,0.3740055,0.011499707
375316653866487564,5853248024520807040,0.48006546,2290.530407820255,2.0078999430499915,4.480757E-5,19.831558,0.035486784,0.29242805,0.0052136737,0.08484187,0.010316787,0.43630674,0.036111496,0.77086866,0.010412787,0.076206334,0.01337828,0.46057814,0.041436292,null,null,null,null,"TWOGAUSSIANS",8,6.3961744,0.77086866,0.010412787,0.4,0.0047546425,0.45586056,0.032932777,0.29242805,0.0052136737,0.4,0.0,0.43158913,0.030528761
375316653866487564,5853248093238025728,0.52089363,2279.854701221595,2.5310360850849167,7.264909E-6,18.880709,0.009199947,0.25234133,0.002922341,0.09064656,0.0050808345,0.29712865,0.013129915,0.75630045,0.0024031915,0.085360505,0.004223018,0.2873176,0.009516869,null,null,null,null,"TWOGAUSSIANS",8,3.2248867,0.25234133,0.002922341,0.4,0.0,0.28743616,0.013294811,0.75630045,0.0024031915,0.4,0.0,0.27762523,0.007975581
375316653866487564,5853248093267905280,0.61266524,2263.866619600947,0.5722482017667609,2.142149E-6,14.943455,0.002187239,0.2734819,4.4397562E-4,0.032073412,0.0011273635,0.12388763,0.0047234446,0.7750917,0.0012174828,0.032659993,0.0017635825,0.10888734,0.0046632476,0.051926,0.002551364,0.7750917,0.0012174828,"TWOGAUSSIANS_WITH_ELLIPSOIDAL_ON_ECLIPSE2",9,23.030909,0.27358192,4.048923E-4,0.17961112,0.0063132355,0.22772966,0.0028046402,0.7750917,0.0012174828,0.18289596,0.009876062,0.21273932,0.002447624
375316653866487564,5853248226346711808,0.46393317,2291.286693417418,1.00038203115934,3.820186E-5,19.939394,0.006429127,0.42436877,0.008685977,0.03605852,0.006777744,0.46630526,0.072576396,0.9444463,0.006353597,0.012485323,0.01090039,0.10586863,0.07114848,null,null,null,null,"TWOGAUSSIANS",8,3.305434,0.42436877,0.008685977,0.2019277,0.037955366,0.46630526,0.072576396,0.9444463,0.006353597,0.069917805,0.061042182,0.10586863,0.07114848
375316653866487564,5853248265066614272,0.43181118,2291.5560255318483,2.4028608906163904,1.9631017E-5,19.81759,0.007560607,0.2533743,0.010794976,0.039339032,0.0127611635,0.12744716,0.04680116,0.78582025,0.012339476,0.03630433,0.012274096,0.046901833,0.02156411,0.06456454,0.014691207,0.2533743,0.010794976,"TWOGAUSSIANS_WITH_ELLIPSOIDAL_ON_ECLIPSE1",9,4.132279,0.2533743,0.010794976,0.22029859,0.07146252,0.25657615,0.047817003,0.78582025,0.012339476,0.20330425,0.06873494,0.1707381,0.017990408
375316653866487564,5853248363780262656,0.5805175,2265.0233323885473,2.921286717575082,3.4115137E-6,17.79314,0.0062055965,0.24981327,9.4462873E-4,0.058769498,0.0030667717,0.22745825,0.014126153,0.7520266,0.0042992816,0.04297563,0.007464559,0.13707948,0.015649691,0.10626711,0.008275039,0.24981327,9.4462873E-4,"TWOGAUSSIANS_WITH_ELLIPSOIDAL_ON_ECLIPSE1",9,6.0047827,0.24981327,9.4462873E-4,0.3291092,0.017173922,0.43996504,0.007689805,0.7520266,0.0042992816,0.24066354,0.041801527,0.34954515,0.015924368
375316653866487564,5853248436835579264,0.56972003,2273.932223386839,0.1587060429564145,1.0061638E-6,17.936071,0.0012581433,0.5275749,1.4551106E-4,0.0059254463,2.173637E-4,0.35703683,0.010223549,0.9014664,1.0389951E-4,0.006567389,1.4254097E-4,0.58769774,0.0130169215,null,null,null,null,"TWOGAUSSIANS",8,2.9826758,0.9014664,1.0389951E-4,0.036777377,7.982294E-4,0.58769774,0.0130169215,0.5275749,1.4551106E-4,0.0331825,0.0012172367,0.35703683,0.010223549
375316653866487564,5853248780462731136,0.42593393,2285.958450299922,0.44437585815565667,2.5377998E-5,17.969442,0.0016774861,0.22170468,0.0040091677,0.017447682,0.0029807705,0.15325691,0.031999074,null,null,null,null,null,null,null,null,null,null,"ONEGAUSSIAN",5,6.7100554,0.22170468,0.0040091677,0.09770702,0.016692314,0.15325691,0.0,null,null,null,null,null,null
375316653866487564,5853248913521705088,0.5551058,2281.204673593073,0.13045294666328835,3.9643164E-6,18.587725,0.0018461125,0.21502668,4.6662663E-4,0.013111191,5.7563616E-4,0.35011387,0.012762624,0.6476063,4.8120876E-4,0.010148122,6.8180764E-4,0.33766425,0.008148297,null,null,null,null,"TWOGAUSSIANS",8,1.8468378,0.21502668,4.6662663E-4,0.07342267,0.0032235624,0.35011387,0.012762624,0.6476063,4.8120876E-4,0.056829486,0.0038181227,0.33766425,0.008148297
375316653866487564,5853249158390255616,0.476992,2288.5175468187317,3.361947042361036,8.3850255E-6,17.956923,0.011493774,0.21317984,0.0045067696,0.09898473,0.01123495,0.08613509,0.010730782,0.71263754,0.005127961,0.11751096,0.016712511,0.092418574,0.009842244,null,null,null,null,"TWOGAUSSIANS",8,1.9340894,0.71263754,0.005127961,0.4,0.0,0.080106184,0.00395509,0.21317984,0.004516506,0.4,0.0,0.07384386,0.004483243
375316653866487564,5853249192779615104,0.651788,2298.271767338884,1.0155815120939977,1.3516282E-6,17.171898,0.0012064752,0.22563858,0.0022059435,0.050430615,0.002216845,0.07689962,0.004352738,0.7214704,3.946209E-4,0.041057482,3.9588124E-4,0.5388821,0.00409881,null,null,null,null,"TWOGAUSSIANS",8,2.4619334,0.7214704,3.946209E-4,0.22992189,0.002216935,0.53888196,0.0040988117,0.22563858,0.0022059435,0.28241146,0.0124143325,0.07689953,0.0043527656
375316653866487564,5853249532011291264,0.4573839,2300.5801540970115,3.477213256951363,1.3825463E-5,18.40904,0.11727778,0.26862743,0.008066279,0.14646374,0.06415812,0.14833854,0.11531022,0.7816077,0.005951507,0.11237864,0.033763107,0.12257656,0.10140371,null,null,null,null,"TWOGAUSSIANS",8,2.8991065,0.26858744,0.007935963,0.4,0.0,0.1103704,0.0070435633,0.78221774,0.005055538,0.4,0.0,0.08550722,0.00749154
375316653866487564,5853249536377170816,0.48163232,2291.927259069601,2.174257847199326,8.805438E-6,15.5099745,0.09985241,0.3201892,0.0022617062,0.1657768,0.012667175,0.7209693,0.12453743,0.81837595,0.0027054916,0.258466,0.026687361,0.9600988,0.09537761,null,null,null,null,"TWOGAUSSIANS",8,38.572884,0.3217492,0.002401951,0.4,0.0,0.17348796,0.007130843,0.81837595,0.0027054916,0.4,0.0,0.1333125,0.0059742704
