Gaia/vari_eclipsing_binary/VariEclipsingBinary_205977-206183.csv
# %ECSV 1.0
# ---
# delimiter: ','
# meta: !!omap
# - RELEASE: Gaia DR3
# - TABLE: vari_eclipsing_binary
# - DESCRIPTION: >
#     This table describes the properties of the eclipsing binaries resulting from the variability analysis. 
# - CITATION: >
#     How to cite and acknowledge Gaia: 
#     https://gea.esac.esa.int/archive/documentation/credits.html 
# - KNOWN_ISSUES: >
#     Known issues: 
#     https://www.cosmos.esa.int/web/gaia-users/known-issues 
# - DOCUMENTATION: >
#     Tutorials and documentation: 
#     https://www.cosmos.esa.int/web/gaia-users/archive 
# datatype:
# - 
#   name: solution_id
#   datatype: int64
#   description: Solution Identifier
#   meta:
#     ucd: meta.version
# - 
#   name: source_id
#   datatype: int64
#   description: Unique source identifier
#   meta:
#     ucd: meta.id;meta.main
# - 
#   name: global_ranking
#   datatype: float32
#   description: Number between 0 (worst) and 1 (best)
#   meta:
#     ucd: stat.param
# - 
#   name: reference_time
#   datatype: float64
#   unit: d
#   description: Reference time used for the geometric model fit
#   meta:
#     ucd: time.epoch
# - 
#   name: frequency
#   datatype: float64
#   unit: d**-1
#   description: Frequency of geometric model of the eclipsing binary light curve
#   meta:
#     ucd: src.orbital
# - 
#   name: frequency_error
#   datatype: float32
#   unit: d**-1
#   description: "Uncertainty of \\texttt{frequency}"
#   meta:
#     ucd: stat.error
# - 
#   name: geom_model_reference_level
#   datatype: float32
#   unit: mag
#   description: Magnitude reference level of geometric model
#   meta:
#     ucd: phot.mag;em.opt
# - 
#   name: geom_model_reference_level_error
#   datatype: float32
#   unit: mag
#   description: "Uncertainty of \\texttt{geomModelReferenceLevel}"
#   meta:
#     ucd: stat.error;phot.mag;em.opt
# - 
#   name: geom_model_gaussian1_phase
#   datatype: float32
#   description: Phase of the Gaussian 1 component
#   meta:
#     ucd: time.phase
# - 
#   name: geom_model_gaussian1_phase_error
#   datatype: float32
#   description: "Uncertainty of \\texttt{geomModelGaussian1Phase}"
#   meta:
#     ucd: stat.error;time.phase
# - 
#   name: geom_model_gaussian1_sigma
#   datatype: float32
#   description: "Standard deviation [phase] of Gaussian 1 component"
#   meta:
#     ucd: stat.stdev
# - 
#   name: geom_model_gaussian1_sigma_error
#   datatype: float32
#   description: "Uncertainty of \\texttt{geomModelGaussian1Sigma}"
#   meta:
#     ucd: stat.error
# - 
#   name: geom_model_gaussian1_depth
#   datatype: float32
#   unit: mag
#   description: Magnitude depth of Gaussian 1 component
#   meta:
#     ucd: src.var.amplitude
# - 
#   name: geom_model_gaussian1_depth_error
#   datatype: float32
#   unit: mag
#   description: "Uncertainty of \\texttt{geomModelGaussian1Depth}"
#   meta:
#     ucd: stat.error;src.var.amplitude
# - 
#   name: geom_model_gaussian2_phase
#   datatype: float32
#   description: Phase of Gaussian 2 component
#   meta:
#     ucd: time.phase
# - 
#   name: geom_model_gaussian2_phase_error
#   datatype: float32
#   description: "Uncertainty of \\texttt{geomModelGaussian2Phase}"
#   meta:
#     ucd: stat.error;time.phase
# - 
#   name: geom_model_gaussian2_sigma
#   datatype: float32
[...]
#   datatype: float32
#   description: "Secondary eclipse: uncertainty of \\texttt{derivedSecondaryEclDuration}"
#   meta:
#     ucd: stat.error;time.duration
# - 
#   name: derived_secondary_ecl_depth
#   datatype: float32
#   unit: mag
#   description: "Secondary eclipse: depth"
#   meta:
#     ucd: src.var.amplitude
# - 
#   name: derived_secondary_ecl_depth_error
#   datatype: float32
#   unit: mag
#   description: "Secondary eclipse: uncertainty of \\texttt{derivedSecondaryEclDepth}"
#   meta:
#     ucd: stat.error;src.var.amplitude
solution_id,source_id,global_ranking,reference_time,frequency,frequency_error,geom_model_reference_level,geom_model_reference_level_error,geom_model_gaussian1_phase,geom_model_gaussian1_phase_error,geom_model_gaussian1_sigma,geom_model_gaussian1_sigma_error,geom_model_gaussian1_depth,geom_model_gaussian1_depth_error,geom_model_gaussian2_phase,geom_model_gaussian2_phase_error,geom_model_gaussian2_sigma,geom_model_gaussian2_sigma_error,geom_model_gaussian2_depth,geom_model_gaussian2_depth_error,geom_model_cosine_half_period_amplitude,geom_model_cosine_half_period_amplitude_error,geom_model_cosine_half_period_phase,geom_model_cosine_half_period_phase_error,model_type,num_model_parameters,reduced_chi2,derived_primary_ecl_phase,derived_primary_ecl_phase_error,derived_primary_ecl_duration,derived_primary_ecl_duration_error,derived_primary_ecl_depth,derived_primary_ecl_depth_error,derived_secondary_ecl_phase,derived_secondary_ecl_phase_error,derived_secondary_ecl_duration,derived_secondary_ecl_duration_error,derived_secondary_ecl_depth,derived_secondary_ecl_depth_error
[from data line 428]
375316653866487564,1813173121783607936,0.6142926,2270.444342870135,2.458562374855097,4.156584E-6,13.785059,0.0064838105,0.25346705,0.001985132,0.08857145,0.002856514,0.4380317,0.0072219726,0.75827855,0.0012219612,0.09200339,0.0035112156,0.40187484,0.012148408,null,null,null,null,"TWOGAUSSIANS",8,121.4004,0.25346705,0.001985132,0.4,0.0,0.42119715,0.0062247748,0.75827855,0.0012219612,0.4,0.0,0.38504004,0.014406273
375316653866487564,1813174393093974784,0.63797164,2282.321850996107,2.832545454384305,3.6636832E-6,16.525417,0.0049891723,0.24815303,9.7163673E-4,0.04834999,0.001607637,0.5125128,0.027511444,0.75158024,0.0011076949,0.039294798,0.001829501,0.33592528,0.01159394,0.13762674,0.0072988034,0.24815303,9.7163673E-4,"TWOGAUSSIANS_WITH_ELLIPSOIDAL_ON_ECLIPSE1",9,14.464488,0.24815303,9.7163673E-4,0.27075994,0.0090027675,0.78776526,0.027151424,0.75158024,0.0011076949,0.22005087,0.010245206,0.6110501,0.0063653262
375316653866487564,1813175144712384896,0.46434525,2256.6601968190253,4.309199753202531,5.5827975E-5,19.736511,0.043180928,0.25645736,0.0046185884,0.031639468,0.01490251,0.32168397,0.08059155,0.79250723,0.028843215,0.008455669,0.031344477,0.45954224,0.3320688,0.18480295,0.054540947,0.25645736,0.0046185884,"TWOGAUSSIANS_WITH_ELLIPSOIDAL_ON_ECLIPSE1",9,10.623963,0.79250723,0.028843215,0.047351744,0.17552906,0.81050724,0.3495886,0.25645736,0.0046185884,0.17718102,0.08345406,0.69128984,0.041239176
375316653866487564,1813179031658722176,0.59978294,2296.0637938878167,2.784469055570804,6.1766164E-6,16.575201,0.021399917,0.26266432,0.0040008323,0.0574353,0.009373056,0.2762804,0.06684757,0.771601,0.0021727937,0.054744687,0.008124314,0.232281,0.045328975,0.1218276,0.024863692,0.771601,0.0021727937,"TWOGAUSSIANS_WITH_ELLIPSOIDAL_ON_ECLIPSE2",9,26.681957,0.2643343,0.002861468,0.3216377,0.052489113,0.5192936,0.0730835,0.771601,0.0021727937,0.30657026,0.04549616,0.4759186,0.007071538
375316653866487564,1813180990163788672,0.5236119,2293.1043111902363,1.4296712083142948,7.1621685E-6,16.54554,0.0024924977,0.2217313,9.975238E-4,0.02420113,0.0021077755,0.38427344,0.03394582,0.72053033,0.002608147,0.018458908,0.0043412154,0.15266515,0.01988236,0.010514091,0.0043560932,0.2217313,9.975238E-4,"TWOGAUSSIANS_WITH_ELLIPSOIDAL_ON_ECLIPSE1",9,24.672222,0.2217313,9.975238E-4,0.13552633,0.011803543,0.40530157,0.03422067,0.72053033,0.0025993844,0.10336989,0.024310807,0.17369209,0.02024396
375316653866487564,1813187617295152768,0.47015473,2266.9904572889054,3.1778125368474663,2.2620383E-5,16.249239,0.2582995,0.23573405,0.0048898314,0.17815384,0.037198428,0.6354491,0.21589573,0.7324607,0.005528644,0.20194966,0.045515325,0.65416175,0.24108975,null,null,null,null,"TWOGAUSSIANS",8,33.595097,0.23777404,0.0051135984,0.4,0.0,0.16045874,0.0104490165,0.7324607,0.005528644,0.4,0.0,0.14285451,0.012636103
375316653866487564,1813197517198516864,0.51065594,2307.4567383126846,0.40700549456556084,2.0034775E-5,15.835976,0.0047279866,0.20063525,0.0048898086,0.061670456,0.0077431016,0.5083914,0.043442983,0.7196964,0.028193241,0.046854984,0.0234317,0.18448159,0.0378928,null,null,null,null,"TWOGAUSSIANS",8,365.01157,0.20063525,0.0048898086,0.34535456,0.04336137,0.5083844,0.04345413,0.7196964,0.028193241,0.2623879,0.13121751,0.1844746,0.037897985
375316653866487564,1813199475703628160,0.5167523,2300.9647466866645,1.0368002201320154,9.145268E-6,16.679554,0.0022036354,0.2080416,9.4882253E-4,0.021501053,0.0017420653,0.175251,0.011291067,0.9260029,0.003204851,0.012875908,0.0027640322,0.014981087,0.0028453653,null,null,null,null,"TWOGAUSSIANS",8,9.917554,0.2080416,9.4882253E-4,0.1204059,0.009755566,0.175251,0.011291067,0.9260029,0.003204851,0.07210509,0.01547858,0.014981087,0.0028453653
375316653866487564,1813202804299851008,0.45751652,2313.5429474885964,1.6689867774346294,2.0372074E-5,18.142391,0.0088318875,0.08294716,0.0038553204,0.0163698,0.0076351413,0.23841536,0.10490508,0.5848981,0.007810914,0.022472685,0.01796134,0.38615993,0.19401823,null,null,null,null,"TWOGAUSSIANS",8,30.892536,0.5848981,0.007810914,0.12584704,0.1005835,0.38615993,0.19401823,0.08294716,0.0038553204,0.09167088,0.042756792,0.23841536,0.10490508
375316653866487564,1813206790029811712,0.54934454,2277.9557518023807,3.6823872939412765,1.0053086E-5,16.74119,0.10600549,0.25490245,0.004337504,0.1362426,0.025117386,0.2979492,0.10316208,0.7332692,0.00403836,0.13370556,0.02578224,0.3018936,0.09983315,null,null,null,null,"TWOGAUSSIANS",8,9.511782,0.7332692,0.00403836,0.4,0.0,0.21000208,0.011649593,0.25548247,0.003575104,0.4,0.0,0.2058891,0.010619083
375316653866487564,1813207069205396096,0.5123178,2265.290501669599,4.416641373038178,2.5550922E-5,18.281912,0.0025530227,0.3534953,0.010397379,0.010674348,0.004028645,0.47690508,1.4147707,0.6326925,0.011950992,0.04104935,0.007205187,0.025967954,0.007408814,null,null,null,null,"TWOGAUSSIANS",8,2.3665347,0.3534953,0.010397379,0.059776347,0.022560412,0.47690508,1.4147707,0.6326925,0.011950992,0.22987635,0.040349044,0.025967954,0.007408814
375316653866487564,1813208714175358080,0.56542885,2290.480079236578,1.3213675248921297,9.207941E-6,18.189472,0.00984988,0.29459596,0.008613957,0.034167785,0.0054984693,0.5661551,0.106580004,0.8025989,0.0040519815,0.038357075,0.0094173085,0.22982948,0.01938857,0.06764976,0.014601124,0.8025989,0.0040519815,"TWOGAUSSIANS_WITH_ELLIPSOIDAL_ON_ECLIPSE2",9,7.0121236,0.29476595,0.008378373,0.19133961,0.03079143,0.7011201,0.107460484,0.8025989,0.0040519815,0.21479961,0.052736927,0.36512896,0.015870787
375316653866487564,1813209813689459968,0.4270409,2324.6312219881065,3.284132098042281,4.0670282E-5,17.915913,0.02597811,0.20748697,0.013980819,0.08712958,0.02855237,0.07990701,0.026168687,0.71146524,0.011093656,0.10826541,0.036833216,0.09697454,0.022668812,null,null,null,null,"TWOGAUSSIANS",8,9.561879,0.71146524,0.011093656,0.4,0.0,0.09062053,0.01356529,0.20748697,0.013995262,0.4,0.0,0.07355759,0.014342756
375316653866487564,1813210642618673536,0.5502299,2322.160438727362,0.6008039419340562,2.0009089E-5,15.064934,0.002406612,0.22907881,0.006996198,0.023635896,0.007235194,0.11526694,0.04447775,0.7297812,0.0048881317,0.019942617,0.0031522799,0.40174454,0.041273728,0.007809982,0.004780804,0.22907881,0.006996198,"TWOGAUSSIANS_WITH_ELLIPSOIDAL_ON_ECLIPSE1",9,104.54814,0.7297812,0.0048786793,0.11167866,0.017652767,0.4173642,0.0396784,0.22907881,0.006996198,0.13236101,0.040517088,0.1308869,0.04412867
375316653866487564,1813215968378134656,0.6340876,2330.301778028558,1.9486489564044194,5.722553E-6,15.123184,0.0026402846,0.29613316,0.0011764321,0.05488412,0.003940414,0.05706526,0.005737606,0.79581475,0.0052694716,0.046339683,0.005564028,0.03986135,0.006211307,0.061628558,0.0032971438,0.29613316,0.0011764321,"TWOGAUSSIANS_WITH_ELLIPSOIDAL_ON_ECLIPSE1",9,6.8782725,0.29613316,0.0011764321,0.30735108,0.02206632,0.18032056,0.001994777,0.7959247,0.003983194,0.25950223,0.031158555,0.16311632,0.0026204542
375316653866487564,1813219193895377536,0.6674173,2296.5988095602993,3.6110149872892023,3.2171436E-6,16.10996,0.0068780496,0.27902427,9.674028E-4,0.057069276,0.0025765398,0.19996455,0.015021983,0.7760982,0.0016688833,0.061304282,0.0025370147,0.27390257,0.014843914,0.07544064,0.00817479,0.27902427,9.674028E-4,"TWOGAUSSIANS_WITH_ELLIPSOIDAL_ON_ECLIPSE1",9,5.6828637,0.77650815,0.001406399,0.34330398,0.014207283,0.4246713,0.0048007574,0.27902427,9.674028E-4,0.31958795,0.014428623,0.3507771,0.0059442865
375316653866487564,1813222286271923328,0.529599,2300.1996222273597,2.8590429555527375,1.9746916E-5,16.526533,0.0141762905,0.23219377,0.004026322,0.038624264,0.017416453,0.09230941,0.033650093,0.71791285,0.008970192,0.05040522,0.01971567,0.13893376,0.029130664,0.08006152,0.017001735,0.23219377,0.004026322,"TWOGAUSSIANS_WITH_ELLIPSOIDAL_ON_ECLIPSE1",9,34.37381,0.72059286,0.00773117,0.28226924,0.11040775,0.2980109,0.034200743,0.23219377,0.004026322,0.21629587,0.09753214,0.25243202,0.027912421
375316653866487564,1813229471754712192,0.6505475,2293.702115390847,1.4496386954041591,3.6566748E-6,16.857687,0.0087460745,0.29817855,9.413822E-4,0.04396797,0.004400662,0.15732527,0.019972427,0.79740584,0.0016419772,0.045054227,0.0036735279,0.70482796,0.048673667,0.07397297,0.010590976,0.29817855,9.413822E-4,"TWOGAUSSIANS_WITH_ELLIPSOIDAL_ON_ECLIPSE1",9,7.5090365,0.7974359,0.0015676775,0.2523037,0.020571755,0.85277027,0.06606066,0.29817855,9.413822E-4,0.24622063,0.02464371,0.30527097,0.011677686
375316653866487564,1813230876206769152,0.52957684,2301.7633728261812,0.35074156507643994,5.3915373E-5,13.463787,0.0021415693,0.29074913,0.022506543,0.02499391,0.0138535,0.52205735,2.5754502,null,null,null,null,null,null,0.015255667,0.0019165014,0.29074913,0.022506543,"ONEGAUSSIAN_WITH_ELLIPSOIDAL",6,54.34866,0.29074913,0.022506543,0.13996589,0.077579595,0.5525687,2.5762374,null,null,null,null,null,null
375316653866487564,1813233590626110464,0.54366904,2285.1643706873424,3.539367896121593,1.662266E-5,18.463238,0.0053712884,0.22938119,0.004427084,0.07352903,0.0030822223,0.34145635,0.028528074,0.7316947,0.005804407,0.08272622,0.004458749,0.314198,0.013338309,null,null,null,null,"TWOGAUSSIANS",8,2.8654795,0.22938119,0.004427084,0.4,0.0,0.3377394,0.028455991,0.7316947,0.005804407,0.4,0.0,0.31048104,0.013098746
375316653866487564,1813233796784564736,0.63024294,2314.4373776759057,3.468691058198418,2.910354E-6,18.362913,0.009199528,0.2865677,0.0010368888,0.04937011,0.003246599,0.42943895,0.017361859,0.78779584,0.0014982285,0.051561903,0.0033849725,0.46669355,0.030069152,0.10590307,0.012630689,0.2865677,0.0010368888,"TWOGAUSSIANS_WITH_ELLIPSOIDAL_ON_ECLIPSE1",9,2.1170142,0.78779584,0.0014982285,0.28874665,0.018955847,0.67848265,0.037097316,0.2865677,0.0010368888,0.27647263,0.018180955,0.64124066,0.019117078
375316653866487564,1813233968583286144,0.570349,2309.6111730373987,1.463358250685635,6.505092E-6,18.031832,0.0057230378,0.2186926,0.0017096371,0.083863355,0.0029938556,0.26189655,0.007230234,0.72188103,0.0021075653,0.090206675,0.0041707186,0.21853822,0.005907613,null,null,null,null,"TWOGAUSSIANS",8,2.0983856,0.2186926,0.0017096371,0.4,0.0,0.25460005,0.00684768,0.72188103,0.0021075653,0.4,0.0,0.21124166,0.0054167854
375316653866487564,1813235897025792384,0.4602883,2289.3394706389954,3.4357788143971444,4.5188273E-5,14.383918,0.0097393915,0.2025181,0.022316907,0.050113462,0.017678231,0.073860414,0.033243317,0.75406563,0.012108812,0.032233924,0.014480575,0.055674132,0.05608567,0.070887946,0.01175098,0.75406563,0.012108812,"TWOGAUSSIANS_WITH_ELLIPSOIDAL_ON_ECLIPSE2",9,877.06165,0.21676812,0.016493058,0.2806354,0.09899809,0.20506406,0.027123509,0.75406563,0.012108812,0.18050998,0.08109122,0.19744895,0.0404053
375316653866487564,1813238126110328960,0.6237692,2296.5981413390814,1.5319836484434217,3.714972E-6,13.889601,0.0020028595,0.2377299,0.0010246652,0.09078567,0.0016169705,0.23758048,0.0023809362,0.7351702,0.0013439312,0.086178124,0.0017001905,0.16648756,0.0022147729,null,null,null,null,"TWOGAUSSIANS",8,22.904293,0.2377299,0.0010246652,0.4,0.0,0.23050882,0.0021835414,0.7351702,0.0013439312,0.4,0.0,0.159416,0.0017808528
375316653866487564,1813245788333341568,0.52461886,2267.8393208379016,2.586566688700596,2.4549767E-5,18.796053,0.0078095146,0.22637329,0.0048357025,0.04117238,0.004195838,0.6946766,0.014896286,null,null,null,null,null,null,null,null,null,null,"ONEGAUSSIAN",5,11.368971,0.22637329,0.0048357025,0.23056534,0.023496691,0.6946766,0.0,null,null,null,null,null,null
375316653866487564,1813251874304345472,0.45297784,2305.775827276721,1.8379437900057032,1.954534E-5,15.604245,0.001940459,null,null,null,null,null,null,null,null,null,null,null,null,0.03743663,0.0029783451,0.16588421,0.0054674027,"ELLIPSOIDAL",4,42.48813,null,null,null,null,null,null,null,null,null,null,null,null
375316653866487564,1813260322503090560,0.558323,2291.602694491692,4.230260381922128,1.3783818E-5,18.10051,0.008552605,0.25463924,0.002527715,0.040823232,0.0045566745,0.17806692,0.02341821,0.7419687,0.018851485,0.046058904,0.016163018,0.14044513,0.026926158,0.11840682,0.012427409,0.25463924,0.002527715,"TWOGAUSSIANS_WITH_ELLIPSOIDAL_ON_ECLIPSE1",9,8.028072,0.25463924,0.002527715,0.2286101,0.025517376,0.41488016,0.012614605,0.7447587,0.016028633,0.25792986,0.090512894,0.3760894,0.028589493
375316653866487564,1813265137162313344,0.47997996,2316.9201258128905,3.1323884227558962,2.1874159E-5,16.337122,0.74066645,0.22494529,0.008190962,0.12301389,0.050657604,0.42133433,0.5782675,0.72195345,0.008705339,0.1428406,0.11686139,0.36435038,0.72919613,null,null,null,null,"TWOGAUSSIANS",8,104.516685,0.2250453,0.00805436,0.4,0.0,0.29367605,0.015374966,0.72195345,0.008724082,0.4,0.0,0.23531517,0.017195715
375316653866487564,1813278808043061120,0.53638506,2359.807885777108,3.8787695430683606,2.1496931E-5,17.090183,0.012323707,0.24972695,0.0039426526,0.09813492,0.007913213,0.24249242,0.0122583965,0.74292314,0.008679696,0.082190104,0.014907534,0.20751464,0.012670494,null,null,null,null,"TWOGAUSSIANS",8,11.021401,0.24972695,0.0039426526,0.4,0.0,0.23382315,0.010894002,0.74292314,0.008679696,0.4,0.0,0.19884655,0.012544231
375316653866487564,1813297607115613440,0.6216493,2278.868860096171,2.0096056479798072,5.533487E-6,12.274175,0.15366569,0.20705934,0.0027364825,0.057382844,0.033789523,0.08902631,0.30080742,0.7485831,0.035372607,0.033693716,0.05946982,0.06445783,0.29506835,0.14677063,0.14326227,0.20705934,0.0027364825,"TWOGAUSSIANS_WITH_ELLIPSOIDAL_ON_ECLIPSE1",9,245.34767,0.20705934,0.0027364825,0.32134393,0.08723784,0.38256076,0.01661893,0.7485831,0.035372607,0.18868482,0.21086663,0.33846033,0.024069779
375316653866487564,1813298569188288896,0.64185977,2314.255508897679,2.967353168656003,6.4075275E-6,14.502803,0.01584435,0.26695663,0.002477679,0.04395551,0.0045862296,0.5246958,0.060321014,0.7638768,0.0015175961,0.041992635,0.0037007707,0.31388888,0.0330139,0.13068321,0.018349275,0.7638768,0.0015175961,"TWOGAUSSIANS_WITH_ELLIPSOIDAL_ON_ECLIPSE2",9,165.70888,0.26673663,0.0022950193,0.24615085,0.025682887,0.78597105,0.06650374,0.7638768,0.0015175961,0.23515876,0.020724315,0.57525504,0.012370032
375316653866487564,1813300901355057536,0.5642572,2325.641733753729,2.9756991544674554,1.2825241E-5,16.64734,0.0052992906,0.19788931,0.0021172399,0.054587018,0.007805218,0.06248918,0.011643155,0.7308565,0.012798459,0.0100424485,0.013474323,0.05225702,0.06495035,0.1204911,0.006088478,0.19788931,0.0021172399,"TWOGAUSSIANS_WITH_ELLIPSOIDAL_ON_ECLIPSE1",9,20.683237,0.19788931,0.0021172399,0.3056873,0.043709222,0.3034696,0.0060800873,0.7308565,0.012798459,0.056237713,0.07545621,0.2830448,0.059730712
375316653866487564,1813301249247595776,0.4961847,2320.757819335623,1.6557090464133153,1.4745954E-5,14.16992,0.007447652,0.2532608,0.0048945164,0.015756281,0.004069463,0.22130081,0.30044305,0.72833925,0.014457172,0.021241086,0.0098587815,0.4487609,0.21152805,0.026120305,0.012611465,0.2532608,0.0048945164,"TWOGAUSSIANS_WITH_ELLIPSOIDAL_ON_ECLIPSE1",9,660.97327,0.7284393,0.014323237,0.118950084,0.05520918,0.49973604,0.21509519,0.2532608,0.0048945164,0.08823518,0.022788994,0.2735413,0.3051213
375316653866487564,1813306712445981696,0.68951637,2307.116019954347,1.4589593602425115,1.9726415E-6,14.330008,0.0035999534,0.2890187,7.246712E-4,0.044214707,0.0019493859,0.32205173,0.021962842,0.78873706,9.1165386E-4,0.043264233,0.0011927863,0.32360053,0.008125472,0.15276921,0.0044539873,0.2890187,7.246712E-4,"TWOGAUSSIANS_WITH_ELLIPSOIDAL_ON_ECLIPSE1",9,30.105894,0.78876704,7.6768734E-4,0.2422797,0.006679603,0.62913805,0.0059638205,0.2890187,7.246712E-4,0.24760236,0.010916561,0.6275901,0.023532793
