Gaia/vari_eclipsing_binary/VariEclipsingBinary_465670-465687.csv
# %ECSV 1.0
# ---
# delimiter: ','
# meta: !!omap
# - RELEASE: Gaia DR3
# - TABLE: vari_eclipsing_binary
# - DESCRIPTION: >
#     This table describes the properties of the eclipsing binaries resulting from the variability analysis. 
# - CITATION: >
#     How to cite and acknowledge Gaia: 
#     https://gea.esac.esa.int/archive/documentation/credits.html 
# - KNOWN_ISSUES: >
#     Known issues: 
#     https://www.cosmos.esa.int/web/gaia-users/known-issues 
# - DOCUMENTATION: >
#     Tutorials and documentation: 
#     https://www.cosmos.esa.int/web/gaia-users/archive 
# datatype:
# - 
#   name: solution_id
#   datatype: int64
#   description: Solution Identifier
#   meta:
#     ucd: meta.version
# - 
#   name: source_id
#   datatype: int64
#   description: Unique source identifier
#   meta:
#     ucd: meta.id;meta.main
# - 
#   name: global_ranking
#   datatype: float32
#   description: Number between 0 (worst) and 1 (best)
#   meta:
#     ucd: stat.param
# - 
#   name: reference_time
#   datatype: float64
#   unit: d
#   description: Reference time used for the geometric model fit
#   meta:
#     ucd: time.epoch
# - 
#   name: frequency
#   datatype: float64
#   unit: d**-1
#   description: Frequency of geometric model of the eclipsing binary light curve
#   meta:
#     ucd: src.orbital
# - 
#   name: frequency_error
#   datatype: float32
#   unit: d**-1
#   description: "Uncertainty of \\texttt{frequency}"
#   meta:
#     ucd: stat.error
# - 
#   name: geom_model_reference_level
#   datatype: float32
#   unit: mag
#   description: Magnitude reference level of geometric model
#   meta:
#     ucd: phot.mag;em.opt
# - 
#   name: geom_model_reference_level_error
#   datatype: float32
#   unit: mag
#   description: "Uncertainty of \\texttt{geomModelReferenceLevel}"
#   meta:
#     ucd: stat.error;phot.mag;em.opt
# - 
#   name: geom_model_gaussian1_phase
#   datatype: float32
#   description: Phase of the Gaussian 1 component
#   meta:
#     ucd: time.phase
# - 
#   name: geom_model_gaussian1_phase_error
#   datatype: float32
#   description: "Uncertainty of \\texttt{geomModelGaussian1Phase}"
#   meta:
#     ucd: stat.error;time.phase
# - 
#   name: geom_model_gaussian1_sigma
#   datatype: float32
#   description: "Standard deviation [phase] of Gaussian 1 component"
#   meta:
#     ucd: stat.stdev
# - 
#   name: geom_model_gaussian1_sigma_error
#   datatype: float32
#   description: "Uncertainty of \\texttt{geomModelGaussian1Sigma}"
#   meta:
#     ucd: stat.error
# - 
#   name: geom_model_gaussian1_depth
#   datatype: float32
#   unit: mag
#   description: Magnitude depth of Gaussian 1 component
#   meta:
#     ucd: src.var.amplitude
# - 
#   name: geom_model_gaussian1_depth_error
#   datatype: float32
#   unit: mag
#   description: "Uncertainty of \\texttt{geomModelGaussian1Depth}"
#   meta:
#     ucd: stat.error;src.var.amplitude
# - 
#   name: geom_model_gaussian2_phase
#   datatype: float32
#   description: Phase of Gaussian 2 component
#   meta:
#     ucd: time.phase
# - 
#   name: geom_model_gaussian2_phase_error
#   datatype: float32
#   description: "Uncertainty of \\texttt{geomModelGaussian2Phase}"
#   meta:
#     ucd: stat.error;time.phase
# - 
#   name: geom_model_gaussian2_sigma
#   datatype: float32
[...]
#   datatype: float32
#   description: "Secondary eclipse: uncertainty of \\texttt{derivedSecondaryEclDuration}"
#   meta:
#     ucd: stat.error;time.duration
# - 
#   name: derived_secondary_ecl_depth
#   datatype: float32
#   unit: mag
#   description: "Secondary eclipse: depth"
#   meta:
#     ucd: src.var.amplitude
# - 
#   name: derived_secondary_ecl_depth_error
#   datatype: float32
#   unit: mag
#   description: "Secondary eclipse: uncertainty of \\texttt{derivedSecondaryEclDepth}"
#   meta:
#     ucd: stat.error;src.var.amplitude
solution_id,source_id,global_ranking,reference_time,frequency,frequency_error,geom_model_reference_level,geom_model_reference_level_error,geom_model_gaussian1_phase,geom_model_gaussian1_phase_error,geom_model_gaussian1_sigma,geom_model_gaussian1_sigma_error,geom_model_gaussian1_depth,geom_model_gaussian1_depth_error,geom_model_gaussian2_phase,geom_model_gaussian2_phase_error,geom_model_gaussian2_sigma,geom_model_gaussian2_sigma_error,geom_model_gaussian2_depth,geom_model_gaussian2_depth_error,geom_model_cosine_half_period_amplitude,geom_model_cosine_half_period_amplitude_error,geom_model_cosine_half_period_phase,geom_model_cosine_half_period_phase_error,model_type,num_model_parameters,reduced_chi2,derived_primary_ecl_phase,derived_primary_ecl_phase_error,derived_primary_ecl_duration,derived_primary_ecl_duration_error,derived_primary_ecl_depth,derived_primary_ecl_depth_error,derived_secondary_ecl_phase,derived_secondary_ecl_phase_error,derived_secondary_ecl_duration,derived_secondary_ecl_duration_error,derived_secondary_ecl_depth,derived_secondary_ecl_depth_error
[from data line 491]
375316653866487564,4096225454000579584,0.5184505,2283.494850408437,0.5513530392731995,8.3546925E-5,19.363054,0.021779623,0.16586296,0.063625805,0.0492663,0.052467126,0.13145933,8740573.0,0.7351228,0.010686959,0.06438889,0.044465367,0.71319383,0.48947704,null,null,null,null,"TWOGAUSSIANS",8,3.971589,0.7351228,0.010686959,0.36057782,0.04256426,0.7131914,0.49087933,0.16586296,0.06362275,0.2758913,0.2938159,0.13145693,8740573.0
375316653866487564,4096225591439573888,0.55949706,2271.765980759809,3.2496839505551782,1.5779236E-5,19.273457,0.016311638,0.17500031,0.006203186,0.06733875,0.005987793,0.5608504,0.08836849,0.69038117,0.004285983,0.06496572,0.0052451952,0.47457498,0.03473892,null,null,null,null,"TWOGAUSSIANS",8,2.3671343,0.17500031,0.006203186,0.377097,0.033531643,0.5603267,0.08850969,0.69038117,0.004285983,0.36380804,0.029373094,0.47405127,0.034938924
375316653866487564,4096225694518484096,0.58235437,2303.164643716655,2.9260452455666943,8.731001E-6,18.550598,0.012262123,0.2315831,0.0027107818,0.09309766,0.005160809,0.2920854,0.017319323,0.7536035,0.005432073,0.1150281,0.008598989,0.2819801,0.012211855,null,null,null,null,"TWOGAUSSIANS",8,1.0534575,0.2315431,0.0027122074,0.4,0.0,0.2676551,0.016238458,0.7536035,0.005432073,0.4,0.0,0.25749063,0.010891174
375316653866487564,4096225763249793408,0.49552786,2300.233615952917,2.216844964451848,7.067727E-5,19.267014,0.09408228,0.22658984,0.02354522,0.11155608,0.03932804,0.2968047,0.100225545,0.75148124,0.006638324,0.09915012,0.026629232,0.35484165,0.078025915,null,null,null,null,"TWOGAUSSIANS",8,3.2014587,0.7515112,0.0066396073,0.4,0.0,0.32598528,0.042047847,0.22657984,0.023535257,0.4,0.0,0.26791346,0.038243216
375316653866487564,4096225763324456192,0.44404313,2340.675467879359,0.2517473517540232,1.478184E-4,18.746656,0.023794636,0.19602679,0.07069418,0.047199424,0.02385062,1.2822752,10.604657,0.6182486,0.010600581,0.029176403,0.010745079,0.49978408,0.22246863,null,null,null,null,"TWOGAUSSIANS",8,9.999601,0.19602679,0.07069418,0.2643168,0.13356347,1.2822752,10.604657,0.6182486,0.010600581,0.16338786,0.060172442,0.49978408,0.22246863
375316653866487564,4096225793305660544,0.5558153,2289.553628240405,0.2702806913267632,9.295247E-5,19.640308,0.004915227,0.27969345,0.008483484,0.044101045,0.006353931,0.21165311,0.0069681713,0.74864316,0.0030096285,0.041129548,0.0061873063,0.22044522,0.009798439,null,null,null,null,"TWOGAUSSIANS",8,0.6869778,0.74864316,0.0030096285,0.23032546,0.034648914,0.2204452,0.009798438,0.27969345,0.008483484,0.24696586,0.035582013,0.21165311,0.0069681443
375316653866487564,4096226003768580352,0.46932018,2310.707617839951,1.7090975020350698,3.229415E-5,19.363642,0.042705838,0.15661056,0.011377744,0.04878274,0.012238183,0.18454446,0.03544431,0.71352905,0.014161942,0.15846643,0.051488265,0.18511656,0.034892704,null,null,null,null,"TWOGAUSSIANS",8,2.3638177,0.15586056,0.011288946,0.27318335,0.06853382,0.18001522,0.029659402,0.71352905,0.014161942,0.4,0.0,0.17646746,0.032086402
375316653866487564,4096226003768655360,0.49533063,2272.247280972449,0.05070900720164833,1.2705803E-4,19.349789,0.012627208,0.2322747,0.06805638,0.09629009,0.07629885,0.24540763,227.14336,0.7651844,0.0045694048,0.023287373,0.014324984,2.5016937,31.333906,null,null,null,null,"TWOGAUSSIANS",8,3.407664,0.7651844,0.0045694048,0.13040929,0.08021991,2.5016663,31.333944,0.2322747,0.06805638,0.4,0.24247861,0.24537845,227.14339
375316653866487564,4096226072487780992,0.44089714,2290.956546374169,0.6572224764220422,1.7213293E-5,19.06407,0.008742577,null,null,null,null,null,null,null,null,null,null,null,null,0.110364795,0.012349026,0.2925204,0.008448467,"ELLIPSOIDAL",4,4.6414523,null,null,null,null,null,null,null,null,null,null,null,null
375316653866487564,4096226175564366720,0.48182508,2345.4553988151724,1.3695834067839643,4.2372405E-5,19.123684,0.042324297,0.07021935,9.8704615E-5,0.006007751,8.8261423E-4,1.3761158,0.623907,0.754057,0.012581576,0.093937926,0.019491307,0.41790286,0.0805664,null,null,null,null,"TWOGAUSSIANS",8,3.324597,0.07021935,9.8704615E-5,0.033643406,0.0049426397,1.377565,0.6212136,0.754057,0.012581576,0.4,0.0,0.4179023,0.0805656
375316653866487564,4096226416082812928,0.42284134,2245.6425936400165,0.1458623728437884,4.5373545E-5,18.959724,0.018837199,null,null,null,null,null,null,null,null,null,null,null,null,0.109810926,0.029680535,0.74861145,0.015267692,"ELLIPSOIDAL",4,8.408726,null,null,null,null,null,null,null,null,null,null,null,null
375316653866487564,4096226450442749568,0.51870495,2292.1756728762152,2.0690868517126626,5.1494208E-5,18.861916,0.031049214,0.28223673,0.015905079,0.08069522,0.02026684,0.39256242,0.036729537,0.7772119,0.04053175,0.07523985,0.03335294,0.3873093,0.23701082,null,null,null,null,"TWOGAUSSIANS",8,7.210889,0.28223673,0.015905079,0.4,0.0,0.388449,0.040106695,0.7772119,0.04053175,0.4,0.14369875,0.3831959,0.23868617
375316653866487564,4096226519162414080,0.44541997,2322.9870445276124,0.34266656144214813,1.408927E-4,19.069674,0.07200953,0.23411569,0.018511256,0.04088151,0.036112558,0.5550669,0.40108714,0.5234319,0.072280735,0.03608919,0.04917352,0.06748341,0.12250698,0.10066846,0.06300192,0.5234319,0.072280735,"TWOGAUSSIANS_WITH_ELLIPSOIDAL_ON_ECLIPSE2",9,7.21769,0.23222569,0.021221083,0.22893645,0.19999321,0.5676703,0.40135247,0.5234319,0.072280735,0.20209946,0.24483101,0.26881942,0.08853631
375316653866487564,4096226553522079360,0.4730097,2282.8999036189966,0.21081600359248906,5.2507898E-5,17.602983,0.07879996,0.29417935,0.04442206,0.10498673,0.11235774,0.04626229,0.08202003,0.75368726,0.025344828,0.09535455,0.0655792,0.07734449,0.064447,null,null,null,null,"TWOGAUSSIANS",8,4.6874323,0.75368726,0.025344828,0.4,0.18437448,0.074269526,0.031418677,0.29418936,0.04436255,0.4,0.0,0.04318475,0.009903066
375316653866487564,4096226622241334656,0.47492933,2211.5510619337174,0.23432489269370232,5.25454E-5,19.661404,0.030315213,0.29771128,0.019792737,0.106798284,0.028869502,0.20120415,0.083867826,0.77223533,0.043474123,0.0457406,0.06626282,0.37750962,0.13852403,null,null,null,null,"TWOGAUSSIANS",8,1.1433611,0.77223533,0.043474123,0.25614735,0.1874762,0.37635875,0.1605191,0.29771128,0.019778999,0.4,0.0,0.20004177,0.08353707
375316653866487564,4096226824077905152,0.50455105,2264.8312522813044,2.1092690958799887,3.4380497E-5,18.382673,0.056088783,0.24450864,0.0069841314,0.096104495,0.018514033,0.3457761,0.049263265,0.7530483,0.033711553,0.097983286,0.02906907,0.43295738,0.07709554,null,null,null,null,"TWOGAUSSIANS",8,11.950742,0.7530483,0.033711553,0.4,0.0,0.40795666,0.05345505,0.24450864,0.0069841314,0.4,0.0,0.32077646,0.024136849
375316653866487564,4096226862753338752,0.50837106,2240.518819269405,0.19577539302797514,5.622207E-5,19.21016,0.01654479,0.29559162,0.006016964,0.026209949,0.00602952,0.3314267,0.26596546,0.8427105,0.019935863,0.052157335,0.024093367,0.23826535,0.016257158,null,null,null,null,"TWOGAUSSIANS",8,2.9890678,0.29559162,0.006016964,0.14677571,0.033765312,0.3314267,0.26596546,0.8427105,0.019935863,0.2920811,0.13492285,0.23826535,0.016257148
375316653866487564,4096227206351144704,0.47825855,2301.65065902573,0.7159118788074362,1.661327E-5,18.923311,0.037307616,0.16772701,0.0084141595,0.079323076,0.03203764,0.14646994,0.027335107,0.65496004,0.027816826,0.044493064,0.029560804,0.3218846,0.026489306,null,null,null,null,"TWOGAUSSIANS",8,1.9521053,0.65496004,0.027816826,0.24916117,0.14429052,0.32181504,0.02854195,0.16772701,0.0084141595,0.4,0.05389518,0.14640038,0.026375374
375316653866487564,4096227206434872448,0.5469774,2229.855986850751,2.174820583661113,1.7932036E-5,16.94922,0.011317735,0.2956967,0.004052153,0.09226293,0.011100976,0.12552993,0.009742146,0.803614,0.008291602,0.0905759,0.020684779,0.10890707,0.009528743,null,null,null,null,"TWOGAUSSIANS",8,3.2958977,0.2956967,0.004052153,0.4,0.0,0.12059422,0.004548663,0.803614,0.008291602,0.4,0.0,0.103971414,0.0142110465
375316653866487564,4096227309436577152,0.43430898,2314.6734014793665,0.16161212206364287,2.0262896E-4,18.200253,0.018860254,0.16235699,0.0093083475,0.05387744,0.019707767,0.45454258,0.2763535,0.548863,0.01297551,0.03650213,0.016938016,0.15515113,0.08259584,null,null,null,null,"TWOGAUSSIANS",8,14.152992,0.16235699,0.0093083475,0.30171365,0.10529374,0.45454258,0.27635354,0.548863,0.01297551,0.20441192,0.094852895,0.15515113,0.08259584
375316653866487564,4096227446954903168,0.53228575,2305.8946893644093,1.2998322551462436,2.4761914E-5,18.495626,0.022857852,0.79852104,0.0076265484,0.065562785,0.013434242,0.2913716,0.047932282,null,null,null,null,null,null,0.055778213,0.025269907,0.79852104,0.0076265484,"ONEGAUSSIAN_WITH_ELLIPSOIDAL",6,8.116261,0.79852104,0.0076265484,0.36715162,0.0693298,0.40273225,0.021910012,null,null,null,null,null,null
375316653866487564,4096227584392561536,0.49927875,2262.761412986224,2.436582766250255,2.9650757E-5,18.843983,0.016712103,0.30723864,0.01648981,0.10232297,0.024367034,0.24602778,0.05606728,0.7992989,0.004043758,0.05585362,0.006760921,0.321504,0.04902377,null,null,null,null,"TWOGAUSSIANS",8,5.298865,0.7992989,0.004043758,0.31278026,0.037861157,0.31854993,0.049693033,0.30723864,0.01648981,0.4,0.0,0.24307029,0.057729352
375316653866487564,4096227751784785408,0.6037166,2268.40752005041,3.6574935126552286,1.2830087E-5,16.42129,0.021676626,0.27627116,0.0024579884,0.043001056,0.00785734,0.22514887,0.041965533,0.779536,0.013432351,0.046724178,0.015558217,0.26576096,0.071144134,0.09216613,0.02541318,0.27627116,0.0024579884,"TWOGAUSSIANS_WITH_ELLIPSOIDAL_ON_ECLIPSE1",9,21.39809,0.779536,0.012117887,0.2616554,0.08712602,0.45001507,0.08328087,0.27627116,0.0024579884,0.24080592,0.044001106,0.40948054,0.01953217
375316653866487564,4096227756192606592,0.44119537,2327.573365677401,3.5408401214767156,2.710187E-5,18.953283,0.05296835,0.2630725,0.008568891,0.09849747,0.034496803,0.23861068,0.12115128,0.7866441,0.0051358114,0.07603481,0.01989251,0.5452307,0.12021146,null,null,null,null,"TWOGAUSSIANS",8,2.8802125,0.7866441,0.00513242,0.4,0.042673763,0.5378261,0.13290621,0.2630725,0.008568891,0.4,0.0,0.23120394,0.12685633
375316653866487564,4096228305863515264,0.58652496,2238.6189332574268,0.7043642418133644,2.6142565E-5,16.903252,0.0069718,0.2663472,0.01313325,0.04604496,0.019644493,0.4408792,0.14836766,0.76257896,0.013109434,0.04912968,0.008878461,0.08508271,0.011427037,null,null,null,null,"TWOGAUSSIANS",8,18.780397,0.2663472,0.01313325,0.25785178,0.11000916,0.44087887,0.14839688,0.76257896,0.013109434,0.2751262,0.049719382,0.0850824,0.011417268
375316653866487564,4096228645144364800,0.52458465,2209.915560898247,0.05053106228177249,5.445704E-5,17.192518,0.0044339574,0.36402375,0.012390235,0.12665054,0.012919532,0.15332073,0.015505616,0.8451642,1.6110826E-4,0.0067054885,0.0011003376,0.19415678,0.10881736,null,null,null,null,"TWOGAUSSIANS",8,5.0746665,0.8451642,1.6110826E-4,0.037550736,0.0061618905,0.19416535,0.108818695,0.36402375,0.012390235,0.4,0.0,0.1531819,0.015588215
375316653866487564,4096228683819772672,0.5330083,2261.209641097166,0.08013966934878054,1.3261197E-5,19.257423,0.0037374976,0.2264528,5.6012127E-6,0.0038241372,8.127969E-5,0.899307,0.045837596,0.7471026,0.02799371,0.079881474,0.03178782,0.1773702,0.06334542,null,null,null,null,"TWOGAUSSIANS",8,1.0345595,0.2264528,5.6012127E-6,0.021415168,4.551663E-4,0.899307,0.045837596,0.7471026,0.02799371,0.4,0.12274456,0.1773702,0.063345425
375316653866487564,4096228718179706240,0.44498813,2324.5370162574573,0.5164154210278471,1.2569505E-5,18.906084,0.02015788,0.0849958,0.0027660478,0.034666028,0.0031482994,0.20329034,0.029237907,0.7262315,0.0032686878,0.07016929,0.017219191,0.06322094,0.020558812,null,null,null,null,"TWOGAUSSIANS",8,4.584707,0.0849958,0.0027660478,0.19412977,0.017630477,0.20329048,0.02923804,0.7262315,0.0032686878,0.39294803,0.0943821,0.06322094,0.02055881
375316653866487564,4096228748223615744,0.5335423,2252.0035760143364,1.6268804179917742,2.7506683E-5,17.867563,0.019053735,0.29977727,0.015553016,0.10526115,0.028921552,0.15044776,0.076812446,0.80060273,0.0074905595,0.08571179,0.012567847,0.19331871,0.018299172,null,null,null,null,"TWOGAUSSIANS",8,4.7478704,0.80060273,0.0074905595,0.4,0.0,0.18261446,0.01116969,0.29977727,0.015553016,0.4,0.0,0.13973972,0.08304616
375316653866487564,4096228890062074880,0.48241243,2244.527500897619,2.6778873080005443,1.52216135E-5,15.619971,0.0056681675,0.2867949,0.008750739,0.03812385,0.021351585,0.04589479,1.0644975,0.8043075,0.00613867,0.03920719,0.0066190856,0.08663929,0.011440569,0.045954563,0.0073254034,0.2867949,0.008750739,"TWOGAUSSIANS_WITH_ELLIPSOIDAL_ON_ECLIPSE1",9,35.394123,0.8043075,0.00613867,0.21956027,0.037066877,0.17743988,0.009594847,0.2867949,0.008750739,0.21349356,0.11956888,0.1378037,1.0607059
375316653866487564,4096228924421699456,0.65040755,2237.0250354184604,1.2427765393643841,3.3614338E-6,14.670717,0.0076228366,0.2172495,7.389147E-4,0.088708006,0.0021256574,0.41546288,0.0072181406,0.7190352,0.001640954,0.09522934,0.0056492,0.37220284,0.016391966,null,null,null,null,"TWOGAUSSIANS",8,24.949549,0.2172495,7.389147E-4,0.4,0.0,0.3964848,0.0046211593,0.7190352,0.001640954,0.4,0.0,0.3532241,0.021829868
375316653866487564,4096229091821034752,0.45969203,2219.5957158891383,0.9431974903933177,1.717985E-5,16.015625,0.022954158,0.5504721,0.03199344,0.17387056,0.043963492,0.08751941,0.02273823,0.8135759,0.008024851,0.009647578,0.008934107,0.4728368,2.2902434E7,null,null,null,null,"TWOGAUSSIANS",8,45.007614,0.8135759,0.008024851,0.054026436,0.050031,0.49789938,2.2902434E7,0.5504721,0.03199344,0.4,0.0,0.0847178,0.02002919
375316653866487564,4096229164855836416,0.45678386,2215.0581818528667,3.1392304989200395,7.588278E-5,18.953867,0.013929166,0.27183124,0.0047172178,0.062457412,0.0076442184,0.3444579,0.03575163,0.7916844,0.015818512,0.06964737,0.04295996,0.40643573,31.021479,null,null,null,null,"TWOGAUSSIANS",8,19.241354,0.7916844,0.015818512,0.3900253,0.2308331,0.40610996,31.021837,0.27183124,0.0047172178,0.34976152,0.042807624,0.34413213,0.03591164
375316653866487564,4096229164855938688,0.5193088,2224.7305590014425,0.5404161279862141,3.8291655E-5,19.552027,0.10970738,0.049932804,0.010918376,0.08445041,0.020438917,0.11026922,0.058770094,0.5113085,0.010878457,0.20275788,0.056184806,0.33955723,0.10192082,null,null,null,null,"TWOGAUSSIANS",8,1.0032226,0.5113085,0.010878457,0.4,0.0,0.25910947,0.014508327,0.0638528,0.008651825,0.4,0.031997833,0.06635684,0.01871716
375316653866487564,4096229302295247360,0.49792877,2231.164716489628,1.926279375132045,6.3278305E-5,19.083057,0.007111814,0.13517043,5.731415E-4,0.025618041,0.0017632613,0.12862054,0.012397635,0.6982932,0.005826337,0.06423096,0.009673058,0.25448984,0.028358907,null,null,null,null,"TWOGAUSSIANS",8,2.6308043,0.6982932,0.005826337,0.3596934,0.054169126,0.25448984,0.028358908,0.13517043,5.731415E-4,0.14346103,0.009874263,0.12862054,0.012397633
375316653866487564,4096229577173430656,0.67094016,2264.1067190929775,0.6955743441268754,2.2889863E-6,15.609632,0.0026460842,0.39840144,4.7813554E-4,0.023874087,3.4093327E-4,0.5540634,0.007016269,0.8499936,0.016728807,0.045152374,0.021486087,0.31292468,0.24571729,null,null,null,null,"TWOGAUSSIANS",8,17.750996,0.39840144,4.7813554E-4,0.13369489,0.0019092263,0.5540634,0.007016269,0.8499936,0.016728807,0.25285327,0.120322086,0.31292468,0.24571729
