Gaia/vari_eclipsing_binary/VariEclipsingBinary_231390-231421.csv
# %ECSV 1.0
# ---
# delimiter: ','
# meta: !!omap
# - RELEASE: Gaia DR3
# - TABLE: vari_eclipsing_binary
# - DESCRIPTION: >
#     This table describes the properties of the eclipsing binaries resulting from the variability analysis. 
# - CITATION: >
#     How to cite and acknowledge Gaia: 
#     https://gea.esac.esa.int/archive/documentation/credits.html 
# - KNOWN_ISSUES: >
#     Known issues: 
#     https://www.cosmos.esa.int/web/gaia-users/known-issues 
# - DOCUMENTATION: >
#     Tutorials and documentation: 
#     https://www.cosmos.esa.int/web/gaia-users/archive 
# datatype:
# - 
#   name: solution_id
#   datatype: int64
#   description: Solution Identifier
#   meta:
#     ucd: meta.version
# - 
#   name: source_id
#   datatype: int64
#   description: Unique source identifier
#   meta:
#     ucd: meta.id;meta.main
# - 
#   name: global_ranking
#   datatype: float32
#   description: Number between 0 (worst) and 1 (best)
#   meta:
#     ucd: stat.param
# - 
#   name: reference_time
#   datatype: float64
#   unit: d
#   description: Reference time used for the geometric model fit
#   meta:
#     ucd: time.epoch
# - 
#   name: frequency
#   datatype: float64
#   unit: d**-1
#   description: Frequency of geometric model of the eclipsing binary light curve
#   meta:
#     ucd: src.orbital
# - 
#   name: frequency_error
#   datatype: float32
#   unit: d**-1
#   description: "Uncertainty of \\texttt{frequency}"
#   meta:
#     ucd: stat.error
# - 
#   name: geom_model_reference_level
#   datatype: float32
#   unit: mag
#   description: Magnitude reference level of geometric model
#   meta:
#     ucd: phot.mag;em.opt
# - 
#   name: geom_model_reference_level_error
#   datatype: float32
#   unit: mag
#   description: "Uncertainty of \\texttt{geomModelReferenceLevel}"
#   meta:
#     ucd: stat.error;phot.mag;em.opt
# - 
#   name: geom_model_gaussian1_phase
#   datatype: float32
#   description: Phase of the Gaussian 1 component
#   meta:
#     ucd: time.phase
# - 
#   name: geom_model_gaussian1_phase_error
#   datatype: float32
#   description: "Uncertainty of \\texttt{geomModelGaussian1Phase}"
#   meta:
#     ucd: stat.error;time.phase
# - 
#   name: geom_model_gaussian1_sigma
#   datatype: float32
#   description: "Standard deviation [phase] of Gaussian 1 component"
#   meta:
#     ucd: stat.stdev
# - 
#   name: geom_model_gaussian1_sigma_error
#   datatype: float32
#   description: "Uncertainty of \\texttt{geomModelGaussian1Sigma}"
#   meta:
#     ucd: stat.error
# - 
#   name: geom_model_gaussian1_depth
#   datatype: float32
#   unit: mag
#   description: Magnitude depth of Gaussian 1 component
#   meta:
#     ucd: src.var.amplitude
# - 
#   name: geom_model_gaussian1_depth_error
#   datatype: float32
#   unit: mag
#   description: "Uncertainty of \\texttt{geomModelGaussian1Depth}"
#   meta:
#     ucd: stat.error;src.var.amplitude
# - 
#   name: geom_model_gaussian2_phase
#   datatype: float32
#   description: Phase of Gaussian 2 component
#   meta:
#     ucd: time.phase
# - 
#   name: geom_model_gaussian2_phase_error
#   datatype: float32
#   description: "Uncertainty of \\texttt{geomModelGaussian2Phase}"
#   meta:
#     ucd: stat.error;time.phase
# - 
#   name: geom_model_gaussian2_sigma
#   datatype: float32
[...]
#   datatype: float32
#   description: "Secondary eclipse: uncertainty of \\texttt{derivedSecondaryEclDuration}"
#   meta:
#     ucd: stat.error;time.duration
# - 
#   name: derived_secondary_ecl_depth
#   datatype: float32
#   unit: mag
#   description: "Secondary eclipse: depth"
#   meta:
#     ucd: src.var.amplitude
# - 
#   name: derived_secondary_ecl_depth_error
#   datatype: float32
#   unit: mag
#   description: "Secondary eclipse: uncertainty of \\texttt{derivedSecondaryEclDepth}"
#   meta:
#     ucd: stat.error;src.var.amplitude
solution_id,source_id,global_ranking,reference_time,frequency,frequency_error,geom_model_reference_level,geom_model_reference_level_error,geom_model_gaussian1_phase,geom_model_gaussian1_phase_error,geom_model_gaussian1_sigma,geom_model_gaussian1_sigma_error,geom_model_gaussian1_depth,geom_model_gaussian1_depth_error,geom_model_gaussian2_phase,geom_model_gaussian2_phase_error,geom_model_gaussian2_sigma,geom_model_gaussian2_sigma_error,geom_model_gaussian2_depth,geom_model_gaussian2_depth_error,geom_model_cosine_half_period_amplitude,geom_model_cosine_half_period_amplitude_error,geom_model_cosine_half_period_phase,geom_model_cosine_half_period_phase_error,model_type,num_model_parameters,reduced_chi2,derived_primary_ecl_phase,derived_primary_ecl_phase_error,derived_primary_ecl_duration,derived_primary_ecl_duration_error,derived_primary_ecl_depth,derived_primary_ecl_depth_error,derived_secondary_ecl_phase,derived_secondary_ecl_phase_error,derived_secondary_ecl_duration,derived_secondary_ecl_duration_error,derived_secondary_ecl_depth,derived_secondary_ecl_depth_error
[from data line 656]
375316653866487564,2035575526328792192,0.4961621,2156.9109891496005,1.9701646683206506,4.0224106E-5,18.930605,0.006254529,0.2808563,0.0019833774,0.026085027,0.0042533325,0.36871317,0.07451298,null,null,null,null,null,null,0.093087494,0.0076240916,0.2808563,0.0019833774,"ONEGAUSSIAN_WITH_ELLIPSOIDAL",6,6.7111187,0.2808563,0.0019833774,0.14607614,0.02381866,0.5548879,0.07722577,null,null,null,null,null,null
375316653866487564,2035575668098095360,0.5275079,2171.33671962167,1.082542305149233,8.680348E-5,18.561901,0.0041315528,0.23083371,0.008079925,0.027456852,0.0067058336,0.10285976,0.075782865,0.6808503,0.036388204,0.022504551,0.017263653,0.8206963,0.9997231,null,null,null,null,"TWOGAUSSIANS",8,4.9130373,0.6808503,0.036388204,0.12602548,0.096676454,0.8206963,0.9997231,0.23083371,0.008079925,0.15375836,0.037552666,0.10285976,0.075782865
375316653866487564,2035575942955672448,0.49894595,2180.896650178614,2.5804555959605984,2.4611523E-5,18.032051,0.011232958,0.24049003,0.007951672,0.09567064,0.0155661525,0.102339156,0.010370701,0.73930573,0.011028534,0.07595053,0.022528589,0.11086195,0.009873865,null,null,null,null,"TWOGAUSSIANS",8,2.5653837,0.73930573,0.011028534,0.4,0.083692394,0.10790388,0.007290965,0.24049003,0.007951672,0.4,0.0,0.09938085,0.0069428827
375316653866487564,2035576144804667776,0.4956263,2200.0669285249196,3.493129219603475,1.9324629E-5,18.589653,0.0031010155,null,null,null,null,null,null,null,null,null,null,null,null,0.08126212,0.004450082,0.18373793,0.00445226,"ELLIPSOIDAL",4,3.0942729,null,null,null,null,null,null,null,null,null,null,null,null
375316653866487564,2035576385322996480,0.56589127,2210.9523974939507,0.5838041358962713,5.275529E-6,12.646328,6.566536E-4,0.20728424,0.0021535945,0.02832353,0.018215472,0.01970757,1.8158134,0.7072633,2.774335E-4,0.016853923,0.002179973,0.02179876,0.0021548336,0.026026767,8.993487E-4,0.20728424,0.0021535945,"TWOGAUSSIANS_WITH_ELLIPSOIDAL_ON_ECLIPSE1",9,17.355148,0.7072633,2.4657306E-4,0.09438197,0.012207849,0.07385223,8.844484E-4,0.20728424,0.0021535945,0.15861176,0.102006644,0.07176104,1.8161494
375316653866487564,2035576733249869184,0.54726714,2208.672113286457,0.9054019937617463,5.872614E-6,15.369274,0.0045370166,0.18179375,0.0071751485,0.05789445,0.008260089,0.2676881,0.059140902,0.6780417,0.0014163756,0.047594596,0.001776248,0.33628565,0.015428284,null,null,null,null,"TWOGAUSSIANS",8,110.16939,0.6780417,0.0014163756,0.26652974,0.009946989,0.33627906,0.015428435,0.18179375,0.0071751485,0.32420892,0.046256498,0.2676815,0.05914905
375316653866487564,2035576763290606080,0.57848036,2187.9760395749545,3.1552910204368554,9.606254E-6,18.606777,0.008312957,0.2613994,0.0014565598,0.07056138,0.0023040688,0.41167894,0.012641724,0.7627081,0.0028207777,0.07129196,0.0032961005,0.32489568,0.010964053,null,null,null,null,"TWOGAUSSIANS",8,2.233467,0.2613994,0.0014565598,0.39514372,0.011367167,0.41026103,0.012530915,0.7627081,0.0028207777,0.39923498,0.011412925,0.32347777,0.010756913
375316653866487564,2035576767609613312,0.4347062,2209.5739521844016,0.33163431665579257,2.3296778E-5,15.685292,0.009384306,0.25733328,0.011463804,0.05163758,0.014641362,0.06687963,0.012949876,0.7959831,0.040031984,0.108998016,0.11390166,0.016109124,0.094420955,null,null,null,null,"TWOGAUSSIANS",8,45.385952,0.25733328,0.011453914,0.28917044,0.08199163,0.06671709,0.012554588,0.7959831,0.040031984,0.4,0.35757032,0.015944427,0.09457061
375316653866487564,2035577008107012480,0.6449465,2204.1670196762134,0.2359567954822306,2.6304693E-5,16.736946,0.0011915712,0.16388029,0.0034552426,0.005109513,0.0010047684,1.7834955,1.2587634,null,null,null,null,null,null,0.005612985,0.00192828,0.16388029,0.0034552426,"ONEGAUSSIAN_WITH_ELLIPSOIDAL",6,4.1104207,0.16388029,0.0034552426,0.028613275,0.005626703,1.7947215,1.2587678,null,null,null,null,null,null
375316653866487564,2035577313036158080,0.52038103,2247.0300823622215,2.8534746191147735,2.6792228E-5,18.727577,0.06768862,0.22014166,0.003619001,0.09821227,0.020996803,0.2898123,0.06280076,0.7065412,0.013859181,0.09027603,0.030055795,0.26811075,0.06895818,null,null,null,null,"TWOGAUSSIANS",8,5.178016,0.22014166,0.003619001,0.4,0.0,0.27618796,0.016745573,0.7065412,0.013859181,0.4,0.0,0.25448793,0.03186733
375316653866487564,2035577935820759168,0.48184997,2202.634653062108,3.5913800567481515,2.1146798E-5,19.750406,0.01609151,0.2548602,0.0057864822,0.06801811,0.0048593767,0.2993341,0.026884986,0.77288043,0.00811997,0.074533165,0.012609154,0.315739,0.041407716,null,null,null,null,"TWOGAUSSIANS",8,3.638703,0.77288043,0.00811997,0.4,0.019591408,0.3149047,0.041814566,0.2548602,0.0057864822,0.3809014,0.02721251,0.2984998,0.026751585
375316653866487564,2035578245078380544,0.4739725,2209.380214895708,3.440478077453806,3.474569E-5,16.819874,0.0048230123,0.24861039,0.009316576,0.08128538,0.0131970765,0.06839561,0.009673083,0.77074134,0.014041855,0.09104274,0.014229577,0.05417542,0.0055065923,null,null,null,null,"TWOGAUSSIANS",8,4.708017,0.24861039,0.009316576,0.4,0.0,0.067172,0.010043912,0.77074134,0.014041855,0.4,0.0,0.052951757,0.00441928
375316653866487564,2035578653065108224,0.64597195,2179.186794257019,0.7196436276690987,2.0454304E-6,17.934185,0.0018480677,0.28511465,4.6672535E-4,0.027379984,0.001044269,0.5203863,0.017816342,0.78535396,0.008868243,0.027074056,0.0087455595,0.54545677,1.094303,0.013899607,0.003215097,0.28511465,4.6672535E-4,"TWOGAUSSIANS_WITH_ELLIPSOIDAL_ON_ECLIPSE1",9,1.8005648,0.78535396,0.008850164,0.15161471,0.048975136,0.5732559,1.0961951,0.28511465,4.6672535E-4,0.15332791,0.0058479058,0.54818547,0.01845231
375316653866487564,2035578966633067776,0.5520377,2186.5519161224747,2.9274197807699034,1.8818942E-5,17.684975,0.01537462,0.23698033,0.0039057282,0.109278135,0.011184505,0.18907641,0.012338822,0.7313021,0.00448472,0.103124134,0.009804814,0.19806474,0.014583354,null,null,null,null,"TWOGAUSSIANS",8,4.095383,0.7313021,0.00448472,0.4,0.0,0.1753578,0.008706032,0.23698033,0.0039120936,0.4,0.0,0.16636164,0.008542413
375316653866487564,2035579000992834304,0.58535385,2207.712525650302,1.6383260686035712,5.878528E-6,15.034634,0.011995511,0.24281777,0.0021657955,0.10279578,0.007094744,0.22899306,0.007837983,0.74780416,0.0017988366,0.118699536,0.008424503,0.13813324,0.011324928,null,null,null,null,"TWOGAUSSIANS",8,12.928829,0.24280778,0.0021610206,0.4,0.0,0.20344557,0.00940476,0.74780416,0.0018007028,0.4,0.0,0.11254984,0.002581544
375316653866487564,2035579447669354496,0.5383074,2197.951728642246,2.444070314220977,6.1737126E-5,16.33068,0.0022828025,0.08410529,0.016148506,0.010085091,0.008480752,1.1797744,1.577787,null,null,null,null,null,null,0.0038444558,0.0039076596,0.08410529,0.016148506,"ONEGAUSSIAN_WITH_ELLIPSOIDAL",6,23.306908,0.08410529,0.016148506,0.056476507,0.04749221,1.1874633,1.5775265,null,null,null,null,null,null
375316653866487564,2035579516369051008,0.525946,2196.170084315941,2.025536100331693,2.4948677E-5,19.855522,0.0154207265,0.18008648,0.004283589,0.048585534,0.008683338,0.81827044,0.14369503,0.67799336,0.0025531608,0.046955816,0.0045304284,0.48404932,0.046748605,null,null,null,null,"TWOGAUSSIANS",8,2.920483,0.18008648,0.004283589,0.272079,0.048626695,0.8182692,0.1437034,0.67799336,0.0025531608,0.26295257,0.025370399,0.48404807,0.04674912
375316653866487564,2035580306662896768,0.5424741,2195.6718837195344,0.9297590410855064,1.2378024E-6,17.344221,0.0036251883,0.21406429,0.010001913,0.018616103,0.008401064,0.07923224,0.025211554,0.69809246,3.4306422E-4,0.02283798,4.7426907E-4,0.38662416,0.011441208,null,null,null,null,"TWOGAUSSIANS",8,9.587096,0.69809246,3.4306422E-4,0.12789269,0.0026559068,0.38662416,0.011441208,0.21406429,0.010001913,0.10425018,0.047045957,0.07923224,0.025211554
375316653866487564,2035580409742128512,0.5229723,2179.6004539940836,0.2546773771992987,1.2097543E-5,18.924402,0.0044413195,0.24191722,0.0013082509,0.019903596,0.0017573646,0.24883984,0.01726982,0.7265165,0.058372553,0.032429546,0.029329935,0.17906931,0.06924297,null,null,null,null,"TWOGAUSSIANS",8,2.0007613,0.24191722,0.0013082509,0.11146014,0.009841242,0.24883984,0.01726982,0.7265165,0.058372553,0.18160547,0.16424763,0.17906931,0.06924297
375316653866487564,2035580581521360000,0.48093504,2210.7703616652993,3.6687684610818487,1.8996736E-5,18.540123,0.011698946,0.27839962,0.004325117,0.07362843,0.006734548,0.2292607,0.013557961,0.7742419,0.00487703,0.0771394,0.00791979,0.24296533,0.019834492,null,null,null,null,"TWOGAUSSIANS",8,6.9198027,0.7742419,0.00487703,0.4,0.0,0.2412031,0.019796865,0.27839962,0.004325117,0.4,0.005524885,0.22749849,0.01292381
375316653866487564,2035580817723835392,0.60031235,2200.8519447035396,3.7702206244967664,5.8703163E-6,18.707954,0.024966458,0.28187498,0.0040018535,0.05307109,0.0061851335,0.46168286,0.06770367,0.7829664,0.0036915997,0.04792163,0.0060778353,0.41749373,0.059121627,0.12542336,0.037849743,0.28187498,0.0040018535,"TWOGAUSSIANS_WITH_ELLIPSOIDAL_ON_ECLIPSE1",9,4.8754826,0.28187498,0.0040018535,0.2971981,0.034636747,0.7125216,0.036369085,0.7829664,0.003592835,0.26836115,0.034035876,0.6683207,0.025819492
375316653866487564,2035580920809068288,0.4515211,2204.0727155915583,2.4841832918876032,2.8974091E-5,18.989319,0.091265425,0.25600588,0.0069285813,0.10467524,0.03243117,0.2551488,0.08291228,0.7633382,0.014435547,0.11372466,0.043338537,0.22370543,0.08764245,null,null,null,null,"TWOGAUSSIANS",8,8.325171,0.25599587,0.0068975543,0.4,0.0,0.22316009,0.03936618,0.7633382,0.014440327,0.4,0.0,0.1916932,0.020835165
375316653866487564,2035583055442230528,0.5164804,2235.1980826408344,1.3002763763655416,1.868254E-5,18.904076,0.0043506697,0.6172971,1.4367247E-4,0.009174468,3.2846065E-4,0.4459039,0.011073384,0.7275544,0.0020375676,0.02000156,0.0025221098,0.23144051,0.0760443,null,null,null,null,"TWOGAUSSIANS",8,2.0143428,0.6172971,1.4367247E-4,0.05137702,0.0018393797,0.44590396,0.011073305,0.7275544,0.0020375676,0.112008736,0.014123815,0.23144051,0.0760443
375316653866487564,2035583532149680768,0.6391772,2224.6553905023543,0.657331791790989,5.8496257E-6,17.48123,0.002830913,0.2696424,0.0019019648,0.026018828,0.0014641208,0.6828265,0.016222421,0.7855135,0.01755347,0.013175824,0.014797564,0.21687822,10.224727,0.015066782,0.0044776164,0.2696424,0.0019019648,"TWOGAUSSIANS_WITH_ELLIPSOIDAL_ON_ECLIPSE1",9,3.944199,0.2696424,0.0019019648,0.14570545,0.008199076,0.71296006,0.014744055,0.7855135,0.01755347,0.07378461,0.082866356,0.2467131,10.22563
375316653866487564,2035583673896189696,0.48963666,2232.3846918575528,0.2510993470274128,1.019169E-5,19.35431,0.029625142,0.66030663,0.1222267,0.049815025,0.23815443,0.073648505,0.05751859,0.85095537,0.0010979597,0.008253048,9.3215716E-4,0.39324543,0.048088122,null,null,null,null,"TWOGAUSSIANS",8,3.1056917,0.85095537,0.0010979597,0.04621707,0.0052200803,0.39329404,0.05569277,0.66030663,0.1222267,0.27896416,0.39063355,0.073648505,0.058514148
375316653866487564,2035585387576044160,0.6288018,2236.0069687732584,2.1581163934183065,4.295122E-6,18.225449,0.003436433,0.26465338,0.0017099498,0.07384718,0.0018409943,0.50213045,0.014564447,0.7644061,0.0010827087,0.07509579,0.0012845905,0.46320793,0.006442469,null,null,null,null,"TWOGAUSSIANS",8,1.8661281,0.26465338,0.0017099498,0.4,0.0,0.4987055,0.014755563,0.7644061,0.0010827087,0.4,0.0,0.45978302,0.0064801313
375316653866487564,2035586147799939840,0.6172543,2217.831469839185,2.9307091860367978,3.73496E-6,17.030186,0.01319222,0.21068387,0.0011437879,0.05082308,0.0041342312,0.31520006,0.025792621,0.7149931,0.012458908,0.045186322,0.008699472,0.28394827,0.058519404,0.103624865,0.015871191,0.21068387,0.0011437879,"TWOGAUSSIANS_WITH_ELLIPSOIDAL_ON_ECLIPSE1",9,9.964327,0.21068387,0.0011437879,0.28460926,0.023151696,0.5224475,0.011432693,0.7149931,0.012458908,0.2530434,0.048717044,0.49104387,0.033952452
375316653866487564,2035586147799965440,0.46308917,2231.747789803442,0.4003846818769745,8.774431E-5,18.210651,0.0053327163,0.31536835,3.852484E-4,0.026549878,9.0713956E-4,0.65640897,0.046859898,0.7673961,0.016627371,0.06002723,0.03895962,0.060923822,0.043552496,null,null,null,null,"TWOGAUSSIANS",8,6.3948917,0.31536835,3.852484E-4,0.14867932,0.0050799814,0.65640897,0.04685996,0.7673961,0.016627371,0.3361525,0.18928348,0.060923822,0.043552704
375316653866487564,2035586903716046592,0.5254047,2207.946156104673,1.2766482665360301,2.05529E-5,17.383883,0.004596364,0.22280328,0.0059010684,0.05749366,0.007030703,0.11962967,0.008165488,0.713718,0.013450953,0.04319119,0.0091519635,0.22558321,0.069564,null,null,null,null,"TWOGAUSSIANS",8,5.194313,0.713718,0.013450953,0.24187067,0.051250998,0.22558233,0.06957027,0.22280328,0.0059010684,0.3219645,0.039371938,0.11962881,0.008165282
375316653866487564,2035586933768528128,0.5488321,2221.184533848093,0.42570516941041087,2.9267138E-4,16.426275,0.001821798,0.34149405,1.323262E-4,0.01960054,3.273775E-4,0.1857246,0.0014221175,0.6312541,0.032383054,0.12619781,0.038293462,0.009344452,0.0024601496,null,null,null,null,"TWOGAUSSIANS",8,4.0115857,0.34152406,1.3790731E-4,0.10976302,0.001833314,0.18638697,0.0015077079,0.6312541,0.032383054,0.4,0.0,0.00933716,0.0024536196
375316653866487564,2035587522208296192,0.5743997,2216.9232075604027,2.2373034895390314,7.867652E-6,17.16335,0.0039083143,0.25424773,0.0019553518,0.054346163,0.0059669497,0.08798381,0.010938042,0.76242024,0.008636512,0.044642836,0.008402791,0.08887008,0.012236877,0.07810143,0.007103573,0.25424773,0.0019553518,"TWOGAUSSIANS_WITH_ELLIPSOIDAL_ON_ECLIPSE1",9,7.271129,0.76242024,0.008636512,0.24999987,0.047055632,0.24465884,0.0092232805,0.25424773,0.0019553518,0.3043385,0.03341492,0.24418408,0.004923264
375316653866487564,2035587694006981504,0.66137004,2227.068968636745,0.8119917354955243,5.495357E-6,16.821987,0.003385508,0.2236825,0.021426037,0.021950921,0.015835593,0.12547845,3.3266869,0.7357373,0.0027212172,0.03600253,0.0013651027,0.8748187,0.033327073,0.010646087,0.0046039727,0.2236825,0.021426037,"TWOGAUSSIANS_WITH_ELLIPSOIDAL_ON_ECLIPSE1",9,7.626997,0.7357373,0.0027162659,0.20161417,0.0076445756,0.8959889,0.029683225,0.2236825,0.021426037,0.122925155,0.08867932,0.14677058,3.3265405
375316653866487564,2035588239435286528,0.52680784,2235.984962079753,3.4794554034353644,1.0729241E-5,18.639692,0.00936638,0.12855715,0.002882353,0.08607096,0.005351003,0.29341513,0.011257351,0.62160873,0.0039751697,0.09088207,0.0058636684,0.30849916,0.012562708,null,null,null,null,"TWOGAUSSIANS",8,3.415713,0.62160873,0.0039751697,0.4,0.0,0.29856128,0.0121877445,0.12855715,0.002882353,0.4,0.0,0.2834774,0.011606257
375316653866487564,2035588651752107520,0.50578034,2183.663839112276,2.666834379831281,1.7227543E-5,18.881145,0.016717952,0.2217758,0.0050841095,0.09773195,0.011373308,0.21739078,0.015440884,0.7216685,0.0070790523,0.10641138,0.012199631,0.15762717,0.017582368,null,null,null,null,"TWOGAUSSIANS",8,2.208292,0.2217758,0.0050841095,0.4,0.0,0.19919334,0.009579092,0.7216685,0.0070790523,0.4,0.0,0.13942556,0.01125954
375316653866487564,2035588720471583744,0.5534101,2192.3155035262203,1.9830227017568316,9.968568E-6,19.272984,0.0074830498,0.14310664,0.0036841338,0.05935609,0.00392849,0.67717546,0.019533126,0.6360313,0.011529589,0.064188905,0.010880792,0.2403037,0.016250657,null,null,null,null,"TWOGAUSSIANS",8,3.6420078,0.14310664,0.0036841338,0.33239412,0.021999545,0.6770035,0.01959783,0.6360313,0.011529589,0.35945785,0.060932435,0.24013174,0.016284198
