Gaia/vari_eclipsing_binary/VariEclipsingBinary_226645-226808.csv
# %ECSV 1.0
# ---
# delimiter: ','
# meta: !!omap
# - RELEASE: Gaia DR3
# - TABLE: vari_eclipsing_binary
# - DESCRIPTION: >
#     This table describes the properties of the eclipsing binaries resulting from the variability analysis. 
# - CITATION: >
#     How to cite and acknowledge Gaia: 
#     https://gea.esac.esa.int/archive/documentation/credits.html 
# - KNOWN_ISSUES: >
#     Known issues: 
#     https://www.cosmos.esa.int/web/gaia-users/known-issues 
# - DOCUMENTATION: >
#     Tutorials and documentation: 
#     https://www.cosmos.esa.int/web/gaia-users/archive 
# datatype:
# - 
#   name: solution_id
#   datatype: int64
#   description: Solution Identifier
#   meta:
#     ucd: meta.version
# - 
#   name: source_id
#   datatype: int64
#   description: Unique source identifier
#   meta:
#     ucd: meta.id;meta.main
# - 
#   name: global_ranking
#   datatype: float32
#   description: Number between 0 (worst) and 1 (best)
#   meta:
#     ucd: stat.param
# - 
#   name: reference_time
#   datatype: float64
#   unit: d
#   description: Reference time used for the geometric model fit
#   meta:
#     ucd: time.epoch
# - 
#   name: frequency
#   datatype: float64
#   unit: d**-1
#   description: Frequency of geometric model of the eclipsing binary light curve
#   meta:
#     ucd: src.orbital
# - 
#   name: frequency_error
#   datatype: float32
#   unit: d**-1
#   description: "Uncertainty of \\texttt{frequency}"
#   meta:
#     ucd: stat.error
# - 
#   name: geom_model_reference_level
#   datatype: float32
#   unit: mag
#   description: Magnitude reference level of geometric model
#   meta:
#     ucd: phot.mag;em.opt
# - 
#   name: geom_model_reference_level_error
#   datatype: float32
#   unit: mag
#   description: "Uncertainty of \\texttt{geomModelReferenceLevel}"
#   meta:
#     ucd: stat.error;phot.mag;em.opt
# - 
#   name: geom_model_gaussian1_phase
#   datatype: float32
#   description: Phase of the Gaussian 1 component
#   meta:
#     ucd: time.phase
# - 
#   name: geom_model_gaussian1_phase_error
#   datatype: float32
#   description: "Uncertainty of \\texttt{geomModelGaussian1Phase}"
#   meta:
#     ucd: stat.error;time.phase
# - 
#   name: geom_model_gaussian1_sigma
#   datatype: float32
#   description: "Standard deviation [phase] of Gaussian 1 component"
#   meta:
#     ucd: stat.stdev
# - 
#   name: geom_model_gaussian1_sigma_error
#   datatype: float32
#   description: "Uncertainty of \\texttt{geomModelGaussian1Sigma}"
#   meta:
#     ucd: stat.error
# - 
#   name: geom_model_gaussian1_depth
#   datatype: float32
#   unit: mag
#   description: Magnitude depth of Gaussian 1 component
#   meta:
#     ucd: src.var.amplitude
# - 
#   name: geom_model_gaussian1_depth_error
#   datatype: float32
#   unit: mag
#   description: "Uncertainty of \\texttt{geomModelGaussian1Depth}"
#   meta:
#     ucd: stat.error;src.var.amplitude
# - 
#   name: geom_model_gaussian2_phase
#   datatype: float32
#   description: Phase of Gaussian 2 component
#   meta:
#     ucd: time.phase
# - 
#   name: geom_model_gaussian2_phase_error
#   datatype: float32
#   description: "Uncertainty of \\texttt{geomModelGaussian2Phase}"
#   meta:
#     ucd: stat.error;time.phase
# - 
#   name: geom_model_gaussian2_sigma
#   datatype: float32
[...]
#   datatype: float32
#   description: "Secondary eclipse: uncertainty of \\texttt{derivedSecondaryEclDuration}"
#   meta:
#     ucd: stat.error;time.duration
# - 
#   name: derived_secondary_ecl_depth
#   datatype: float32
#   unit: mag
#   description: "Secondary eclipse: depth"
#   meta:
#     ucd: src.var.amplitude
# - 
#   name: derived_secondary_ecl_depth_error
#   datatype: float32
#   unit: mag
#   description: "Secondary eclipse: uncertainty of \\texttt{derivedSecondaryEclDepth}"
#   meta:
#     ucd: stat.error;src.var.amplitude
solution_id,source_id,global_ranking,reference_time,frequency,frequency_error,geom_model_reference_level,geom_model_reference_level_error,geom_model_gaussian1_phase,geom_model_gaussian1_phase_error,geom_model_gaussian1_sigma,geom_model_gaussian1_sigma_error,geom_model_gaussian1_depth,geom_model_gaussian1_depth_error,geom_model_gaussian2_phase,geom_model_gaussian2_phase_error,geom_model_gaussian2_sigma,geom_model_gaussian2_sigma_error,geom_model_gaussian2_depth,geom_model_gaussian2_depth_error,geom_model_cosine_half_period_amplitude,geom_model_cosine_half_period_amplitude_error,geom_model_cosine_half_period_phase,geom_model_cosine_half_period_phase_error,model_type,num_model_parameters,reduced_chi2,derived_primary_ecl_phase,derived_primary_ecl_phase_error,derived_primary_ecl_duration,derived_primary_ecl_duration_error,derived_primary_ecl_depth,derived_primary_ecl_depth_error,derived_secondary_ecl_phase,derived_secondary_ecl_phase_error,derived_secondary_ecl_duration,derived_secondary_ecl_duration_error,derived_secondary_ecl_depth,derived_secondary_ecl_depth_error
[from data line 108]
375316653866487564,1993800788921161856,0.5631817,2192.81018483878,3.8175747555671737,7.172718E-6,16.075325,0.21571118,0.25842893,0.0021728866,0.21100788,0.01717972,1.1479756,0.19875705,0.7510786,0.0022185452,0.18245535,0.012674375,1.0163896,0.1707553,null,null,null,null,"TWOGAUSSIANS",8,6.8789268,0.26258892,0.0018786199,0.4,0.0,0.2507279,0.0044439347,0.7510786,0.0022185452,0.4,0.0,0.21011306,0.0053325873
375316653866487564,1993801682274461312,0.508142,2238.43789593828,3.125602098418748,1.4708623E-5,15.708169,0.010535695,0.21087572,0.0065462496,0.0915924,0.010063397,0.23800112,0.014776614,0.7120205,0.0044875653,0.083753414,0.0074006002,0.2298519,0.013314318,null,null,null,null,"TWOGAUSSIANS",8,136.32585,0.21087572,0.0065462496,0.4,0.0,0.23012713,0.015357512,0.7120205,0.0044875653,0.4,0.0,0.22197805,0.01323116
375316653866487564,1993805393127088768,0.5952029,2225.028603791474,1.3285935414561383,3.978867E-6,16.566837,0.014156719,0.18437533,0.002341908,0.110786565,0.01090441,0.13568197,0.012533694,0.66516685,0.001482292,0.11033642,0.006843972,0.21142682,0.012623493,null,null,null,null,"TWOGAUSSIANS",8,2.5460167,0.66516685,0.001482292,0.4,0.0,0.1900577,0.004217982,0.18441534,0.0023468325,0.4,0.0,0.11431872,0.00409998
375316653866487564,1993805530565445376,0.5099671,2218.91211485132,0.9817406330606172,1.18663565E-5,16.656374,0.0012814942,0.28007174,0.0022144313,0.028619813,0.007907678,0.094719574,0.06594262,0.77613264,0.0012143994,0.028619759,0.0027919344,0.0575753,0.004531448,0.010820156,0.0029142685,0.28007174,0.0022144313,"TWOGAUSSIANS_WITH_ELLIPSOIDAL_ON_ECLIPSE1",9,3.5869026,0.28007174,0.0022144313,0.16027096,0.044283,0.11635988,0.06739206,0.77622265,0.0011836279,0.16027065,0.015634833,0.079202674,0.005080255
375316653866487564,1993806423918632960,0.5456926,2223.4202109403122,0.5972367930180236,5.6285357E-6,16.53754,9.0449216E-4,0.10215209,0.0020054898,0.019282093,0.0013212581,0.10257978,0.0084454715,0.5997239,0.010507587,0.01923481,0.008113613,0.0125753665,0.0026870233,0.006618892,0.0015436716,0.10215209,0.0020054898,"TWOGAUSSIANS_WITH_ELLIPSOIDAL_ON_ECLIPSE1",9,3.033914,0.10215209,0.0020054898,0.107979715,0.0073990454,0.11581755,0.008477711,0.59979385,0.010358112,0.10771493,0.045436237,0.02581014,0.0025395171
375316653866487564,1993808588582237696,0.5549721,2227.6610689724616,3.3021778796720502,8.932852E-6,18.37835,0.009447198,0.25577307,0.0042959224,0.10780186,0.008142619,0.20548284,0.009456304,0.75646615,0.0014746384,0.091957524,0.0047535677,0.2177198,0.008670801,null,null,null,null,"TWOGAUSSIANS",8,1.5448178,0.75646615,0.0014746384,0.4,0.0,0.19955985,0.0061629647,0.25577307,0.0042959224,0.4,0.0,0.1873143,0.006587725
375316653866487564,1993809103978178944,0.5275159,2201.0354995497746,0.5972351570344596,6.8717386E-6,16.304403,9.852641E-4,0.30604318,1.9188712E-5,0.0074880705,7.690988E-5,0.3668768,0.0063006557,null,null,null,null,null,null,null,null,null,null,"ONEGAUSSIAN",5,4.510161,0.30604318,1.9188712E-5,0.041933194,4.306953E-4,0.3668768,0.0,null,null,null,null,null,null
375316653866487564,1993809481935297280,0.52351964,2231.0201856232275,0.08521818568777682,3.146085E-5,18.262045,0.0030888044,0.23194024,6.467301E-5,0.0059334883,9.038665E-5,0.40930033,0.0027734675,0.6248873,0.013962531,0.03867769,0.007575834,0.017116986,0.004456923,null,null,null,null,"TWOGAUSSIANS",8,2.6303492,0.23194024,6.467301E-5,0.033227533,5.0616526E-4,0.40930033,0.0027734675,0.6248873,0.013962531,0.21659505,0.04242467,0.017116986,0.004456923
375316653866487564,1993823706867108736,0.59768736,2234.950122199034,2.7302247748048174,4.2414754E-6,17.711178,0.0066418503,0.36065322,0.00228575,0.049520474,0.002549572,0.47674564,0.032170504,0.8608142,0.0010567469,0.045527235,0.002462638,0.35949925,0.015873408,0.109142706,0.013505223,0.36065322,0.00228575,"TWOGAUSSIANS_WITH_ELLIPSOIDAL_ON_ECLIPSE1",9,8.008671,0.36065322,0.00228575,0.27731466,0.014277603,0.69502956,0.026901882,0.8608142,9.159208E-4,0.25495252,0.013790773,0.5777829,0.0152446395
375316653866487564,1993826004666529536,0.5642239,2208.2436581037946,2.8557337517613903,8.3666455E-6,18.192526,0.015969304,0.23136579,0.0031798102,0.106488876,0.008199016,0.2424269,0.014251051,0.7285908,0.0020190156,0.103711985,0.006686836,0.23461838,0.014774841,null,null,null,null,"TWOGAUSSIANS",8,1.9283586,0.23136579,0.0031798102,0.4,0.0,0.21512495,0.0063507524,0.7285908,0.0020190156,0.4,0.0,0.20732017,0.0067766323
375316653866487564,1993832915275211904,0.4646583,2195.53901024592,2.6800407450352486,2.3509823E-5,17.434044,0.0026883224,null,null,null,null,null,null,null,null,null,null,null,null,0.063637055,0.004627195,0.30894527,0.0040805107,"ELLIPSOIDAL",4,13.277799,null,null,null,null,null,null,null,null,null,null,null,null
375316653866487564,1993835767133459712,0.64774954,2200.817508423293,2.8317478946639074,4.5429174E-6,11.466717,0.010120655,0.2749435,0.0013098203,0.042230785,0.004827253,0.15962432,0.022095745,0.7686817,0.0026652943,0.04457687,0.009216743,0.19902234,0.017822249,0.11716291,0.013025537,0.2749435,0.0013098203,"TWOGAUSSIANS_WITH_ELLIPSOIDAL_ON_ECLIPSE1",9,165.66003,0.76966166,0.00227851,0.24963047,0.05161376,0.43304202,0.012164166,0.2749435,0.0013098203,0.2364924,0.027032617,0.39395007,0.004825915
375316653866487564,1993837725631594368,0.53464496,2179.721374616093,3.24002314320219,9.818681E-6,19.087336,0.0059193326,0.24684782,0.002218212,0.072964564,0.003000952,0.38652012,0.019268094,0.7491929,0.004991415,0.07956155,0.0055634016,0.31732613,0.01165793,null,null,null,null,"TWOGAUSSIANS",8,2.1771026,0.24684782,0.002218212,0.4,0.0,0.38344923,0.019384392,0.7491929,0.004991415,0.4,0.0,0.31425524,0.011785914
375316653866487564,1993837996216288256,0.5449077,2194.701341153638,3.875072724354502,7.3154415E-6,18.551704,0.017094977,0.22113942,0.002501547,0.09399231,0.007096333,0.26678196,0.015238765,0.705062,0.004870705,0.099838376,0.009997829,0.29007635,0.016409585,null,null,null,null,"TWOGAUSSIANS",8,2.3287885,0.705062,0.004870705,0.4,0.0,0.2739935,0.011804844,0.22113942,0.0025002754,0.4,0.0,0.2507013,0.008077038
375316653866487564,1993838545972150016,0.6428527,2206.521947015756,4.291199452845662,3.103255E-6,18.569912,0.011466366,0.24231832,0.0015954843,0.04454383,0.003221002,0.45638338,0.027648598,0.7414322,0.0014960181,0.04842626,0.002151497,0.5877758,0.024095757,0.1289179,0.014257064,0.24231832,0.0015954843,"TWOGAUSSIANS_WITH_ELLIPSOIDAL_ON_ECLIPSE1",9,2.571428,0.74150217,0.0013579127,0.27118704,0.012048383,0.84560275,0.010923035,0.24231832,0.0015954843,0.24944544,0.01803761,0.7142177,0.02040365
375316653866487564,1993839954724753280,0.58548546,2217.031113050625,3.5638942428340266,8.926815E-6,18.240316,0.007418378,0.17330618,0.0017618723,0.043670606,0.0063962345,0.17046994,0.019766664,0.6760822,0.0040747663,0.037548494,0.005197428,0.12606826,0.017696071,0.112770475,0.0081790965,0.17330618,0.0017618723,"TWOGAUSSIANS_WITH_ELLIPSOIDAL_ON_ECLIPSE1",9,2.7108703,0.17330618,0.0017618723,0.24455538,0.035818912,0.39601076,0.018151876,0.6760822,0.0040747663,0.21027155,0.029105596,0.35154048,0.009013996
375316653866487564,1993845246121896832,0.55798304,2234.7059861885596,1.8327329251133118,5.3844838E-6,16.72897,0.0032271203,0.35232532,0.0052530225,0.021203475,0.008939453,0.14025705,0.67110837,0.64927524,0.0012779351,0.04590519,0.0015934492,0.48159432,0.020949606,null,null,null,null,"TWOGAUSSIANS",8,19.041685,0.64927524,0.0012779351,0.25706908,0.008923315,0.48159432,0.020949606,0.35232532,0.0052530225,0.118739456,0.050060935,0.14025705,0.67110837
375316653866487564,1993845697097841152,0.5905097,2202.212186784745,1.7201007793103715,6.7151373E-6,15.880205,0.15332034,0.2900703,0.00443024,0.1359876,0.021980934,0.2403899,0.13317177,0.80612046,0.005451907,0.15671457,0.06359562,0.17012379,0.14854527,null,null,null,null,"TWOGAUSSIANS",8,4.421199,0.28903028,0.0021235356,0.4,0.0,0.15950619,0.0035966388,0.80707043,0.004166795,0.4,0.0,0.0876459,0.0045431624
375316653866487564,1993851400814679168,0.50000167,2234.221977237468,0.11574088214800522,1.16423646E-4,13.23967,9.02753E-4,0.61009353,0.022506664,0.025949458,0.009740186,0.62417865,0.23456834,null,null,null,null,null,null,0.002328578,0.0011445149,0.61009353,0.022506664,"ONEGAUSSIAN_WITH_ELLIPSOIDAL",6,146.5337,0.61009353,0.022506664,0.14531696,0.05454504,0.6288358,0.23334703,null,null,null,null,null,null
375316653866487564,1993852294167539200,0.52001977,2246.1058960463356,3.6386523362570995,9.907539E-6,18.58543,0.037844244,0.2639717,0.0027097499,0.12652136,0.017407559,0.24266964,0.03147391,0.7539362,0.0039871223,0.110099755,0.013089491,0.21671604,0.036172215,null,null,null,null,"TWOGAUSSIANS",8,1.7277712,0.26399168,0.0026923015,0.4,0.0,0.19768313,0.008816498,0.7539362,0.0039871223,0.4,0.0,0.17192015,0.007126042
375316653866487564,1993857757360138880,0.45393574,2225.0705638788736,1.52259328189885,1.7001323E-5,18.823492,0.0070284456,0.23891726,0.0065398873,0.048484743,0.003573187,0.5727413,0.142996,0.72254854,0.009471918,0.0599595,0.01685949,0.12725723,0.0135876415,null,null,null,null,"TWOGAUSSIANS",8,6.4812675,0.23891726,0.0065398873,0.27151456,0.020009847,0.57273555,0.14299996,0.72254854,0.009471918,0.3357732,0.09441314,0.1272514,0.013592518
375316653866487564,1993857924865537664,0.55833405,2224.5953564564684,1.2525078015048294,4.56619E-6,16.635584,0.0030848559,0.3544168,0.005819452,0.020277632,0.008528261,0.042006556,0.012319884,0.62159055,0.00293639,0.028920729,0.001863074,0.5320298,0.029963,0.009073768,0.0056461366,0.3544168,0.005819452,"TWOGAUSSIANS_WITH_ELLIPSOIDAL_ON_ECLIPSE1",9,26.393656,0.62163055,0.0029356347,0.16195609,0.010433215,0.5322407,0.029937392,0.3544168,0.005819452,0.11355474,0.047758263,0.06015402,0.0143383695
375316653866487564,1993860226967960448,0.564427,2233.6576573999064,3.93044304218435,1.1225135E-5,17.715563,0.004196571,0.26720694,0.0025095956,0.027349945,0.0049187904,0.07147964,0.012616187,0.7704481,0.020279324,0.04789423,0.022056589,0.07871406,0.015115486,0.10077212,0.0066014756,0.26720694,0.0025095956,"TWOGAUSSIANS_WITH_ELLIPSOIDAL_ON_ECLIPSE1",9,7.084239,0.7704481,0.018437244,0.26820767,0.1235169,0.2801743,0.01375032,0.26720694,0.0025095956,0.1531597,0.027545225,0.27302346,0.010198824
375316653866487564,1993863456782827904,0.57535696,2204.550727202402,3.334107626978653,5.61123E-6,19.27979,0.0042661135,0.21506773,0.0017227489,0.07115846,0.0018657991,0.40380228,0.009949465,0.71428746,0.0023859746,0.0753472,0.0027866005,0.48079795,0.019933486,null,null,null,null,"TWOGAUSSIANS",8,1.3446071,0.71428746,0.0023859746,0.4,0.0,0.4782344,0.02042338,0.21506773,0.0017227489,0.3984874,0.008241242,0.40123874,0.009917406
375316653866487564,1993864113918191104,0.56848234,2205.9804903496406,3.4471614995378803,1.0308695E-5,13.688665,0.010820573,0.27368864,0.0034553711,0.101605564,0.00583874,0.21981391,0.011334228,0.77695143,0.0023766852,0.10769638,0.006008167,0.22674255,0.009988275,null,null,null,null,"TWOGAUSSIANS",8,203.74895,0.77695143,0.0023766852,0.4,0.0,0.20194869,0.004402689,0.27368864,0.0034636976,0.4,0.0,0.19502716,0.0052170567
375316653866487564,1993873047450475136,0.4593602,2192.34598099447,1.5171709306871657,1.1604085E-5,15.562491,0.001585099,0.3787327,0.0010738317,0.008909328,0.0017325234,0.102150984,0.024704551,0.79832214,0.044407945,0.0509777,0.029719016,0.011074443,0.003120627,null,null,null,null,"TWOGAUSSIANS",8,21.942472,0.3787327,0.0010738317,0.049892236,0.009702131,0.102150984,0.024704551,0.79832214,0.044407945,0.28547513,0.1664265,0.011074443,0.003120627
375316653866487564,1993874524919221120,0.5047285,2209.8769721822264,2.9211805243304307,2.2118531E-5,16.311571,0.008641815,0.22123471,0.0056544254,0.046135962,0.021739207,0.11091768,0.027568733,0.69355875,0.028442942,0.022598766,0.007976297,0.16788445,0.120235704,0.10015927,0.011841553,0.22123471,0.0056544254,"TWOGAUSSIANS_WITH_ELLIPSOIDAL_ON_ECLIPSE1",9,97.25421,0.6948088,0.027350271,0.12655309,0.044667263,0.36247388,0.11037899,0.22123471,0.0056544254,0.2583614,0.12173956,0.31123573,0.031687446
375316653866487564,1993874593638705408,0.44799802,2178.932661510125,0.5341789853300535,5.7132278E-5,12.411053,0.0026524246,0.3475209,0.01697963,0.023067547,0.02151311,0.24624348,81427.39,0.8996874,0.01721019,0.03559716,0.014044893,0.0245106,0.010583015,null,null,null,null,"TWOGAUSSIANS",8,331.41907,0.3475209,0.01697963,0.12917827,0.120473415,0.24624348,81427.39,0.8996874,0.01721019,0.1993441,0.0786514,0.0245106,0.010583015
375316653866487564,1993875005955549824,0.47441164,2175.458899434942,2.5474917965378,1.381566E-5,17.58271,0.0028504787,0.29816115,0.005573985,0.046977714,0.017977465,0.0284404,0.008753698,0.7897566,0.0017753239,0.020643802,0.0035275638,0.07236824,0.008285245,0.019378327,0.00788033,0.29816115,0.005573985,"TWOGAUSSIANS_WITH_ELLIPSOIDAL_ON_ECLIPSE1",9,3.4858935,0.7899066,0.0017316191,0.115605295,0.019754358,0.11101879,0.009760101,0.29816115,0.005573985,0.26307517,0.10067381,0.06719702,0.009142988
375316653866487564,1993877411137168768,0.6665917,2171.8397482954533,1.802827825931066,5.08283E-6,17.52358,0.0076098363,0.23415557,0.0019460296,0.050957095,0.002028038,0.45659813,0.020573037,0.73680663,0.0050071334,0.058927994,0.010738777,0.06684646,0.016134512,0.08314317,0.009462899,0.23415557,0.0019460296,"TWOGAUSSIANS_WITH_ELLIPSOIDAL_ON_ECLIPSE1",9,2.1255789,0.23415557,0.0019460296,0.2853597,0.011357013,0.62287414,0.013900142,0.73680663,0.0050071334,0.32999676,0.060137153,0.23307635,0.004970969
375316653866487564,1993878922965643776,0.6327535,2171.041011469981,2.171902198126921,2.0908815E-6,15.285331,0.011546079,0.24745066,0.0026522588,0.046795666,0.004624571,0.24599698,0.026778769,0.753265,0.001273289,0.051819287,0.0044515943,0.2385344,0.028248264,0.12663281,0.015057085,0.753265,0.001273289,"TWOGAUSSIANS_WITH_ELLIPSOIDAL_ON_ECLIPSE2",9,49.711834,0.24833067,0.0022681397,0.26205572,0.025897598,0.49897295,0.006332211,0.753265,0.001273289,0.290188,0.02492893,0.49179724,0.019639466
375316653866487564,1993879919398018176,0.5812775,2154.935064632225,1.8195344471011343,5.812391E-6,16.709291,0.017385183,0.17103665,0.0017989845,0.10779401,0.008878665,0.17087829,0.016631259,0.6718933,0.0026257434,0.114378236,0.008580242,0.18918023,0.017195228,null,null,null,null,"TWOGAUSSIANS",8,3.4654307,0.6718933,0.0026257434,0.4,0.0,0.1608289,0.0048241904,0.17103665,0.0017993747,0.4,0.0,0.14254652,0.0040945215
375316653866487564,1993881564366007424,0.47762364,2153.1243554743983,1.6956594950767108,8.542672E-6,19.427769,0.008229451,0.14807004,0.005434817,0.02677352,0.007827013,0.6549178,0.40735734,0.647164,0.0037415996,0.04076354,0.0072251763,0.32416794,0.065639704,null,null,null,null,"TWOGAUSSIANS",8,3.6896007,0.14807004,0.005434817,0.14993171,0.04383127,0.6549178,0.40735734,0.647164,0.0037415996,0.2282758,0.04046099,0.32416794,0.065639704
375316653866487564,1993882839975527808,0.6669427,2166.212272301705,1.1108253347940396,1.6063029E-6,13.947426,7.566908E-4,0.7722159,4.3969156E-4,0.051545866,0.0011187925,0.28669897,0.009602559,null,null,null,null,null,null,0.076160885,8.900833E-4,0.7722159,4.3969156E-4,"ONEGAUSSIAN_WITH_ELLIPSOIDAL",6,22.055288,0.7722159,4.3969156E-4,0.28865686,0.006265238,0.43901822,0.009578275,null,null,null,null,null,null
375316653866487564,1993885824973892736,0.61217374,2202.9920951252634,2.719626580299491,5.190703E-6,17.301168,0.010438958,0.29126626,0.0014585863,0.08853,0.0035154438,0.2757589,0.009484759,0.79256165,0.0021676682,0.09406973,0.0053672865,0.2599605,0.008942257,null,null,null,null,"TWOGAUSSIANS",8,3.1341372,0.29126626,0.0014585863,0.4,0.0,0.26341558,0.0060253595,0.79256165,0.0021676682,0.4,0.0,0.24761686,0.0058954908
