Gaia/vari_eclipsing_binary/VariEclipsingBinary_678970-678997.csv
# %ECSV 1.0
# ---
# delimiter: ','
# meta: !!omap
# - RELEASE: Gaia DR3
# - TABLE: vari_eclipsing_binary
# - DESCRIPTION: >
#     This table describes the properties of the eclipsing binaries resulting from the variability analysis. 
# - CITATION: >
#     How to cite and acknowledge Gaia: 
#     https://gea.esac.esa.int/archive/documentation/credits.html 
# - KNOWN_ISSUES: >
#     Known issues: 
#     https://www.cosmos.esa.int/web/gaia-users/known-issues 
# - DOCUMENTATION: >
#     Tutorials and documentation: 
#     https://www.cosmos.esa.int/web/gaia-users/archive 
# datatype:
# - 
#   name: solution_id
#   datatype: int64
#   description: Solution Identifier
#   meta:
#     ucd: meta.version
# - 
#   name: source_id
#   datatype: int64
#   description: Unique source identifier
#   meta:
#     ucd: meta.id;meta.main
# - 
#   name: global_ranking
#   datatype: float32
#   description: Number between 0 (worst) and 1 (best)
#   meta:
#     ucd: stat.param
# - 
#   name: reference_time
#   datatype: float64
#   unit: d
#   description: Reference time used for the geometric model fit
#   meta:
#     ucd: time.epoch
# - 
#   name: frequency
#   datatype: float64
#   unit: d**-1
#   description: Frequency of geometric model of the eclipsing binary light curve
#   meta:
#     ucd: src.orbital
# - 
#   name: frequency_error
#   datatype: float32
#   unit: d**-1
#   description: "Uncertainty of \\texttt{frequency}"
#   meta:
#     ucd: stat.error
# - 
#   name: geom_model_reference_level
#   datatype: float32
#   unit: mag
#   description: Magnitude reference level of geometric model
#   meta:
#     ucd: phot.mag;em.opt
# - 
#   name: geom_model_reference_level_error
#   datatype: float32
#   unit: mag
#   description: "Uncertainty of \\texttt{geomModelReferenceLevel}"
#   meta:
#     ucd: stat.error;phot.mag;em.opt
# - 
#   name: geom_model_gaussian1_phase
#   datatype: float32
#   description: Phase of the Gaussian 1 component
#   meta:
#     ucd: time.phase
# - 
#   name: geom_model_gaussian1_phase_error
#   datatype: float32
#   description: "Uncertainty of \\texttt{geomModelGaussian1Phase}"
#   meta:
#     ucd: stat.error;time.phase
# - 
#   name: geom_model_gaussian1_sigma
#   datatype: float32
#   description: "Standard deviation [phase] of Gaussian 1 component"
#   meta:
#     ucd: stat.stdev
# - 
#   name: geom_model_gaussian1_sigma_error
#   datatype: float32
#   description: "Uncertainty of \\texttt{geomModelGaussian1Sigma}"
#   meta:
#     ucd: stat.error
# - 
#   name: geom_model_gaussian1_depth
#   datatype: float32
#   unit: mag
#   description: Magnitude depth of Gaussian 1 component
#   meta:
#     ucd: src.var.amplitude
# - 
#   name: geom_model_gaussian1_depth_error
#   datatype: float32
#   unit: mag
#   description: "Uncertainty of \\texttt{geomModelGaussian1Depth}"
#   meta:
#     ucd: stat.error;src.var.amplitude
# - 
#   name: geom_model_gaussian2_phase
#   datatype: float32
#   description: Phase of Gaussian 2 component
#   meta:
#     ucd: time.phase
# - 
#   name: geom_model_gaussian2_phase_error
#   datatype: float32
#   description: "Uncertainty of \\texttt{geomModelGaussian2Phase}"
#   meta:
#     ucd: stat.error;time.phase
# - 
#   name: geom_model_gaussian2_sigma
#   datatype: float32
[...]
#   datatype: float32
#   description: "Secondary eclipse: uncertainty of \\texttt{derivedSecondaryEclDuration}"
#   meta:
#     ucd: stat.error;time.duration
# - 
#   name: derived_secondary_ecl_depth
#   datatype: float32
#   unit: mag
#   description: "Secondary eclipse: depth"
#   meta:
#     ucd: src.var.amplitude
# - 
#   name: derived_secondary_ecl_depth_error
#   datatype: float32
#   unit: mag
#   description: "Secondary eclipse: uncertainty of \\texttt{derivedSecondaryEclDepth}"
#   meta:
#     ucd: stat.error;src.var.amplitude
solution_id,source_id,global_ranking,reference_time,frequency,frequency_error,geom_model_reference_level,geom_model_reference_level_error,geom_model_gaussian1_phase,geom_model_gaussian1_phase_error,geom_model_gaussian1_sigma,geom_model_gaussian1_sigma_error,geom_model_gaussian1_depth,geom_model_gaussian1_depth_error,geom_model_gaussian2_phase,geom_model_gaussian2_phase_error,geom_model_gaussian2_sigma,geom_model_gaussian2_sigma_error,geom_model_gaussian2_depth,geom_model_gaussian2_depth_error,geom_model_cosine_half_period_amplitude,geom_model_cosine_half_period_amplitude_error,geom_model_cosine_half_period_phase,geom_model_cosine_half_period_phase_error,model_type,num_model_parameters,reduced_chi2,derived_primary_ecl_phase,derived_primary_ecl_phase_error,derived_primary_ecl_duration,derived_primary_ecl_duration_error,derived_primary_ecl_depth,derived_primary_ecl_depth_error,derived_secondary_ecl_phase,derived_secondary_ecl_phase_error,derived_secondary_ecl_duration,derived_secondary_ecl_duration_error,derived_secondary_ecl_depth,derived_secondary_ecl_depth_error
[from data line 73]
375316653866487564,5972304277424081792,0.5016904,2200.48113404226,2.8439364380841234,4.101363E-5,19.756374,0.025919138,0.22398297,0.007949926,0.067105055,0.00664432,0.5303796,0.04130236,0.7096325,0.00465599,0.067205414,0.00700593,0.6471734,0.058487847,null,null,null,null,"TWOGAUSSIANS",8,6.2129555,0.7096325,0.00465599,0.3763503,0.039233208,0.6464076,0.058670636,0.22398297,0.007949926,0.37578833,0.037208192,0.5296138,0.040953927
375316653866487564,5972304277424177152,0.48273525,2181.532136306498,0.7718217185883122,1.4863205E-4,19.517698,0.0139459,0.15961467,4.460786E-6,0.005723989,1.9249246E-4,0.6798509,0.010888307,0.57322705,0.045782883,0.038472038,0.06133574,0.12160795,0.06907872,null,null,null,null,"TWOGAUSSIANS",8,4.3122363,0.15961467,4.460786E-6,0.03205434,0.0010779578,0.6798509,0.010888895,0.57322705,0.045782883,0.2154434,0.20858417,0.12160795,0.06907897
375316653866487564,5972304311783750016,0.517961,2202.582060571154,3.16974998789802,4.2619664E-5,19.18055,0.0063176607,0.27837658,0.007934814,0.0856136,0.010393083,0.20604199,0.012361743,0.7879039,0.0030142437,0.07864941,0.004999816,0.23207927,0.011409846,null,null,null,null,"TWOGAUSSIANS",8,1.322595,0.7879039,0.0030142437,0.4,0.0,0.22853296,0.011480078,0.27837658,0.007934814,0.4,0.0,0.20249565,0.012768875
375316653866487564,5972304449222977664,0.46440738,2216.0805077398445,0.18797756816796068,2.587893E-6,19.565065,0.012650338,0.4623697,1.6135561E-4,0.028604662,8.5899077E-4,2.9371529,0.23253377,0.6862361,0.024637097,0.012504844,0.016658682,0.254302,0.2452927,null,null,null,null,"TWOGAUSSIANS",8,7.9313498,0.4623697,1.6135561E-4,0.16018611,0.0048103486,2.9371529,0.23253377,0.6862361,0.024637097,0.07002713,0.09328862,0.254302,0.2452927
375316653866487564,5972305819289514368,0.61915857,2207.2238409154966,0.4137978214780867,1.0632731E-4,17.889633,0.0064479294,0.3384168,0.0010907351,0.032375824,8.8480394E-4,1.0067782,0.030432241,0.88495183,8.395152E-4,0.007461681,0.0019311047,0.06562908,0.021479854,0.00823542,0.008085113,0.3384168,0.0010907351,"TWOGAUSSIANS_WITH_ELLIPSOIDAL_ON_ECLIPSE1",9,7.9501195,0.3384168,0.0010907351,0.18130462,0.004954902,1.023249,0.025842918,0.88495183,8.395152E-4,0.041785415,0.010814186,0.08073147,0.012471335
375316653866487564,5972306369034179584,0.52388936,2237.2460572135556,0.5172630803611364,5.2624096E-6,16.348085,0.0014859751,0.24505277,0.0017036072,0.0455742,0.0013787263,0.11866297,0.0053795734,0.7580989,0.01442154,0.08014153,0.009346678,0.044524055,0.005542261,null,null,null,null,"TWOGAUSSIANS",8,3.1318367,0.24505277,0.0017036072,0.25521553,0.007720867,0.1186339,0.005378353,0.7580989,0.01442154,0.4,0.0,0.044494987,0.005540652
375316653866487564,5972306545171338752,0.42708328,2248.544897183417,3.0357359101583383,1.2058709E-4,18.778986,0.009980786,0.38728577,0.014563485,0.03175472,0.010379978,0.064513646,0.023945233,0.7312008,0.0074812067,0.02540795,0.005817901,0.24952309,0.23258737,0.03663901,0.016344672,0.7312008,0.0074812067,"TWOGAUSSIANS_WITH_ELLIPSOIDAL_ON_ECLIPSE2",9,4.2699137,0.7312008,0.0074812067,0.14228451,0.032580245,0.32280096,0.23256995,0.38024577,0.016481824,0.17782643,0.05812788,0.08868334,0.029815575
375316653866487564,5972306609554932224,0.5787423,2243.349320937034,0.1402178285048463,1.1244965E-6,18.000532,0.0033171235,0.89439714,1.8978483E-4,0.008005887,1.383424E-4,0.6428998,0.00791023,null,null,null,null,null,null,null,null,null,null,"ONEGAUSSIAN",5,3.0696516,0.89439714,1.8978483E-4,0.044832967,7.7471737E-4,0.6428998,0.0,null,null,null,null,null,null
375316653866487564,5972307640347164928,0.5931833,2215.9145519190806,3.712196269592512,7.909668E-6,17.987057,0.010611342,0.2217321,0.002751684,0.04878414,0.0038097631,0.25073037,0.024319936,0.72433907,0.0020994192,0.05635277,0.0038517332,0.26935834,0.022077082,0.07563514,0.012777556,0.2217321,0.002751684,"TWOGAUSSIANS_WITH_ELLIPSOIDAL_ON_ECLIPSE1",9,2.8609176,0.72433907,0.0020994192,0.3155755,0.021569705,0.42057568,0.008622107,0.2217321,0.002751684,0.27319118,0.021334672,0.4019883,0.0075051906
375316653866487564,5972308396261597952,0.43109813,2223.194658745942,2.2625639542998432,1.1977575E-4,17.39848,0.017723545,0.30178294,0.0103030065,0.06865537,0.02160462,0.07618396,0.045486946,0.75691086,0.0057316213,0.03781385,0.011492677,0.11231954,0.042835914,0.029875146,0.023552444,0.30178294,0.0103030065,"TWOGAUSSIANS_WITH_ELLIPSOIDAL_ON_ECLIPSE1",9,31.06473,0.7593409,0.005403699,0.21175756,0.06435899,0.16759084,0.02267887,0.30178294,0.0103030065,0.38447008,0.096592814,0.13583624,0.017830327
375316653866487564,5972309049096668544,0.5729517,2198.7691921438036,1.294211939801954,1.1925827E-5,18.749887,0.0261647,0.29128137,0.0034887572,0.07774373,0.008205555,0.29925716,0.028393306,0.7863221,0.008623523,0.07879571,0.0083135925,0.5207471,0.052016255,null,null,null,null,"TWOGAUSSIANS",8,3.055642,0.7863221,0.008623523,0.4,0.0,0.5164123,0.047008358,0.29128137,0.0034887572,0.4,0.0,0.29492235,0.024356304
375316653866487564,5972309427051233408,0.6667003,2199.0266197201613,2.766098775371413,3.831553E-6,16.92311,0.0123773925,0.26194704,0.0026468048,0.05324791,0.0046605943,0.44868192,0.025220323,0.7620522,0.0011786241,0.048295874,0.0035498939,0.4590688,0.019983485,0.0964841,0.013522704,0.26194704,0.0026468048,"TWOGAUSSIANS_WITH_ELLIPSOIDAL_ON_ECLIPSE1",9,8.728376,0.7620522,0.0011099207,0.27045688,0.019879406,0.6520288,0.02703021,0.26194704,0.0026468048,0.2981883,0.026099328,0.64164203,0.0076942854
375316653866487564,5972309461413623168,0.5277417,2224.5870573272387,1.3281800920042213,3.37499E-5,18.211946,0.008280708,0.23746948,0.0058011888,0.08010238,0.0073477356,0.21861795,0.010745221,0.739926,0.010967667,0.097356066,0.01992936,0.11374395,0.012954384,null,null,null,null,"TWOGAUSSIANS",8,2.6768463,0.23746948,0.0058011888,0.4,0.0,0.21316434,0.009679048,0.739926,0.010967667,0.4,0.0,0.10828993,0.01479729
375316653866487564,5972310182967935104,0.5599836,2225.1671188586583,1.7357629206111944,1.1953231E-5,17.60927,0.007382146,0.21131627,0.0021384351,0.06938627,0.0030650606,0.33386055,0.010858595,0.69585836,0.0027099755,0.07839263,0.0039675175,0.58544147,0.03640059,null,null,null,null,"TWOGAUSSIANS",8,9.86696,0.69585836,0.0027099755,0.4,0.0,0.5833978,0.03694123,0.21131627,0.0021384351,0.38856313,0.017164338,0.33181688,0.010585263
375316653866487564,5972310217325091840,0.56366485,2208.472098051167,1.3746143026421058,1.1814428E-5,15.970542,0.027081091,0.2662317,0.0039912197,0.10626066,0.014033497,0.2655697,0.020288086,0.73746467,0.002914913,0.09313745,0.009026977,0.36401886,0.022956176,null,null,null,null,"TWOGAUSSIANS",8,38.55172,0.73746467,0.002914913,0.4,0.0,0.34586027,0.014793302,0.2662317,0.0039912197,0.4,0.0,0.2473968,0.013436534
375316653866487564,5972310393457363712,0.5432182,2221.612923406312,1.9403983183893376,8.4852E-6,18.514833,0.008986973,0.232553,0.005539488,0.07304178,0.0069474815,0.2084888,0.015053178,0.7207444,0.0012589882,0.05913773,0.002854591,0.66170543,0.038718913,null,null,null,null,"TWOGAUSSIANS",8,5.4504647,0.7207444,0.0012589882,0.3311713,0.01598571,0.6613258,0.038803,0.232553,0.005539488,0.4,0.013496628,0.20810919,0.0150691625
375316653866487564,5972310427847304960,0.48646355,2216.612867461528,0.5889833020231252,8.384157E-5,16.69805,0.0012956958,0.30952,0.006428845,0.023258274,0.0043886933,0.025874645,0.008074534,0.8005511,0.020462373,0.030648392,0.00822036,0.11272607,0.06429402,null,null,null,null,"TWOGAUSSIANS",8,3.8107023,0.8005511,0.020462373,0.171631,0.046034016,0.11272607,0.06429402,0.30952,0.006428845,0.13024634,0.024576683,0.025874645,0.008074534
375316653866487564,5972310668335439488,0.4705101,2225.596646578714,2.517116239357792,3.013759E-5,19.596815,0.0370165,0.28162417,0.019659717,0.11664578,0.036537863,0.13852736,0.03841215,0.75973576,0.0043525943,0.08104103,0.011006214,0.30454025,0.035238676,null,null,null,null,"TWOGAUSSIANS",8,2.2682285,0.75973576,0.0043525943,0.4,0.0,0.29332867,0.02454459,0.28162417,0.019659717,0.4,0.0,0.12727842,0.026810972
375316653866487564,5972311218091622144,0.4988158,2208.8958541653656,0.4802546192727181,3.1899242E-5,18.496477,0.0032911173,0.34292257,0.0027951007,0.04195062,0.0027719026,0.26397476,0.024159515,0.5747915,0.018893417,0.040848423,0.009894115,0.03749151,0.01997014,null,null,null,null,"TWOGAUSSIANS",8,2.5219965,0.34292257,0.0027951007,0.23492348,0.015522654,0.26397476,0.02415946,0.5747915,0.018893417,0.22875117,0.055407044,0.03749157,0.019970262
375316653866487564,5972311355560354176,0.5237328,2217.449209086669,0.9312762029566253,7.181968E-5,18.631367,0.0038308804,0.82661563,0.0057982206,0.053293318,0.0068754563,0.33147684,0.03906402,null,null,null,null,null,null,null,null,null,null,"ONEGAUSSIAN",5,3.4679084,0.82661563,0.0057982206,0.29844257,0.038502555,0.33147684,0.0,null,null,null,null,null,null
375316653866487564,5972311561718804480,0.6131789,2228.596410581184,0.7117870765257547,2.802437E-5,13.722045,6.653671E-4,0.27366355,0.004629485,0.022554899,0.0018681505,0.11860711,0.02250224,0.7662951,0.013608217,0.02606256,0.00886951,0.11616672,0.066851854,0.013985547,9.535567E-4,0.27366355,0.004629485,"TWOGAUSSIANS_WITH_ELLIPSOIDAL_ON_ECLIPSE1",9,10.562443,0.27366355,0.004629485,0.12630743,0.010461643,0.14657818,0.022904078,0.7663851,0.013519677,0.14595033,0.049669255,0.14407864,0.06738409
375316653866487564,5972312592480781568,0.4975433,2245.2588117299183,1.4238075412060183,4.7570742E-5,19.92598,0.00415254,0.2701416,0.02510367,0.037396178,0.02623873,0.08045895,0.10146736,0.80031204,0.0019070457,0.0138928965,0.0022231077,1.8704097,1.0264344,null,null,null,null,"TWOGAUSSIANS",8,1.2744462,0.80031204,0.0019070457,0.07780022,0.012449404,1.8704097,1.0264344,0.2701416,0.02510367,0.2094186,0.14693688,0.08045895,0.10146736
375316653866487564,5972313481500497408,0.51984066,2224.3226305095864,0.30324591828268216,2.1796948E-5,12.792449,0.0018507508,0.21916433,0.004438964,0.037949663,0.010534523,0.01516212,0.0059544025,0.72107553,0.0053395913,0.040930707,0.0066382205,0.056120515,0.005114398,0.023226008,0.0022787703,0.21916433,0.004438964,"TWOGAUSSIANS_WITH_ELLIPSOIDAL_ON_ECLIPSE1",9,35.039825,0.72107553,0.0051666475,0.22921197,0.037174035,0.10256576,0.003643608,0.21916433,0.004438964,0.21251811,0.058993332,0.061614063,0.0039946367
375316653866487564,5972313962539642112,0.5281905,2239.787151480027,1.0737040601524002,5.1379608E-5,17.316988,0.007422102,0.30002367,0.02144799,0.034045763,0.0390484,0.05951108,6.9525507E12,0.7897588,0.0016897643,0.03972457,0.003015622,0.25873896,0.016241431,0.019804642,0.010568316,0.7897588,0.0016897643,"TWOGAUSSIANS_WITH_ELLIPSOIDAL_ON_ECLIPSE2",9,12.648033,0.7897588,0.0016897643,0.22245759,0.016887484,0.29834816,0.011009777,0.29943365,0.0207238,0.19065627,0.21867104,0.09896516,6.9525507E12
375316653866487564,5972314306145444480,0.4689333,2207.766039355233,0.632095369199984,2.756844E-5,18.220467,0.0068537407,0.17056932,0.04475655,0.08738309,0.035576157,0.019249275,0.009109915,0.7421274,0.0051057357,0.046166576,0.0066036964,0.19889961,0.026003221,null,null,null,null,"TWOGAUSSIANS",8,5.649236,0.7421274,0.0051057357,0.25853282,0.0369807,0.19889152,0.026026007,0.17056932,0.04475655,0.4,0.054948997,0.01924107,0.009092576
375316653866487564,5972316337693117824,0.5920462,2208.117122807075,2.0913086322772143,1.4737516E-5,18.206604,0.007518229,0.238025,0.0026993034,0.03335404,0.002298499,0.6052576,0.054118816,0.7322616,0.0016024362,0.031449325,0.0020182836,0.45463854,0.029484382,0.030412318,0.009927434,0.238025,0.0026993034,"TWOGAUSSIANS_WITH_ELLIPSOIDAL_ON_ECLIPSE1",9,6.9286284,0.238025,0.0026993034,0.18678263,0.012871595,0.6660822,0.054820307,0.73232156,0.0015781265,0.17611621,0.011302388,0.51538426,0.026102247
375316653866487564,5972317368514856320,0.4705807,2246.107879108936,0.8142285284526186,2.3653527E-5,15.832841,0.001464218,0.28141624,0.02686425,0.094847664,0.01375494,0.013647897,0.0039183716,0.7528773,0.0066621983,0.04558726,0.005913896,0.042892396,0.0028836776,null,null,null,null,"TWOGAUSSIANS",8,5.120102,0.7528773,0.0066621983,0.25528866,0.03311782,0.042862087,0.0028738638,0.28141624,0.02686425,0.4,0.0,0.013617529,0.0039388924
375316653866487564,5972317437234351104,0.53353924,2237.8974117301905,0.447740485924158,9.122518E-6,16.876476,0.0012369588,0.3507828,0.008429428,0.022230182,0.011273699,0.2015048,1574.4883,0.8629534,9.287368E-4,0.020761574,0.0011303338,0.12164372,0.007049469,null,null,null,null,"TWOGAUSSIANS",8,2.729535,0.3507828,0.008429428,0.12448902,0.06313271,0.2015048,1574.4883,0.8629534,9.287368E-4,0.116264805,0.006329869,0.12164372,0.007049469
375316653866487564,5972317574644382720,0.49302813,2225.786219704472,1.091163727128955,1.5275113E-5,19.456545,0.013421104,0.2557591,0.0016043318,0.045099366,0.007294467,0.37840047,0.042604513,0.75464463,0.03311889,0.05304875,0.031826608,0.093463235,0.39215502,null,null,null,null,"TWOGAUSSIANS",8,2.1728058,0.2557591,0.0016043318,0.25255644,0.040849015,0.3783997,0.042607773,0.75464463,0.03311889,0.297073,0.17822902,0.09346247,0.39215586
375316653866487564,5972318708546282240,0.55260587,2239.136287174707,2.649955009128156,1.5670586E-5,18.487158,0.010247476,0.29152268,0.004739286,0.081194274,0.0071845357,0.2852895,0.017929973,0.7907968,0.0040234146,0.0731149,0.0058516543,0.32886663,0.010901769,null,null,null,null,"TWOGAUSSIANS",8,3.5345902,0.7907968,0.0040234146,0.4,0.0,0.3257178,0.010086768,0.29152268,0.004739286,0.4,0.0,0.28214067,0.01821875
375316653866487564,5972320048576147200,0.57677054,2247.625611444355,0.32637107855246755,1.5016906E-5,16.32648,0.0016478954,0.23385723,0.0014806702,0.017192759,0.0010697824,0.20119458,0.02020479,0.7507685,0.0353703,0.06654862,0.027754782,0.016667556,0.018091388,null,null,null,null,"TWOGAUSSIANS",8,3.9199543,0.23385723,0.0014806702,0.09627945,0.0059907814,0.20119458,0.02020479,0.7507685,0.0353703,0.37267232,0.12157546,0.016667556,0.018091405
375316653866487564,5972320426533277056,0.4689392,2255.4564504522855,3.0383315408347564,7.5226235E-5,19.851818,0.01723956,0.3268876,0.020707482,0.083162166,0.013170038,0.28535372,0.026111942,0.7937471,0.013243579,0.06710415,0.018106299,0.17891209,0.028171336,null,null,null,null,"TWOGAUSSIANS",8,2.1307979,0.3268876,0.020707482,0.4,0.0,0.2845033,0.0249068,0.7937471,0.013243579,0.37578323,0.06948734,0.17806172,0.028065203
375316653866487564,5972321422965343872,0.5864329,2216.9257891381553,1.5563951925809898,1.5565973E-5,18.120337,0.012999539,0.33955362,0.0046233223,0.0483604,0.0061917393,0.81201917,0.11420271,0.83516294,0.006275218,0.041430745,0.007791604,0.2319349,0.030420084,0.050562985,0.016891802,0.33955362,0.0046233223,"TWOGAUSSIANS_WITH_ELLIPSOIDAL_ON_ECLIPSE1",9,6.814912,0.33955362,0.0046233223,0.27081823,0.034673743,0.9131439,0.12017888,0.83540297,0.0060059214,0.23201217,0.043632984,0.33298695,0.016434826
375316653866487564,5972321422965352576,0.52571976,2227.1100347174925,0.48145309506947453,2.6856042E-5,15.951404,0.0012498738,0.24776714,3.0981321E-4,0.017785264,4.5730983E-4,0.12834154,0.002083319,0.7558396,0.0027668204,0.020774523,0.006113249,0.06919162,0.121800974,null,null,null,null,"TWOGAUSSIANS",8,5.753728,0.24776714,3.0981321E-4,0.09959748,0.002560935,0.12834154,0.002083319,0.7558396,0.0027668204,0.11633733,0.034234192,0.06919162,0.121800974
375316653866487564,5972321457295047936,0.48893163,2187.713176349084,4.204094638293053,7.0609412E-6,17.946678,0.19186279,0.5370831,0.038315956,0.3259689,0.2760008,0.1591056,0.17925313,0.8116686,0.0031924504,0.01825021,0.0042045475,0.40510288,1.575246,null,null,null,null,"TWOGAUSSIANS",8,6.979051,0.8116686,0.0031924504,0.10220118,0.023545466,0.43199798,1.5776567,0.5370831,0.038315956,0.4,0.0,0.06384409,0.014883002
