Gaia/vari_eclipsing_binary/VariEclipsingBinary_665958-665975.csv
# %ECSV 1.0
# ---
# delimiter: ','
# meta: !!omap
# - RELEASE: Gaia DR3
# - TABLE: vari_eclipsing_binary
# - DESCRIPTION: >
#     This table describes the properties of the eclipsing binaries resulting from the variability analysis. 
# - CITATION: >
#     How to cite and acknowledge Gaia: 
#     https://gea.esac.esa.int/archive/documentation/credits.html 
# - KNOWN_ISSUES: >
#     Known issues: 
#     https://www.cosmos.esa.int/web/gaia-users/known-issues 
# - DOCUMENTATION: >
#     Tutorials and documentation: 
#     https://www.cosmos.esa.int/web/gaia-users/archive 
# datatype:
# - 
#   name: solution_id
#   datatype: int64
#   description: Solution Identifier
#   meta:
#     ucd: meta.version
# - 
#   name: source_id
#   datatype: int64
#   description: Unique source identifier
#   meta:
#     ucd: meta.id;meta.main
# - 
#   name: global_ranking
#   datatype: float32
#   description: Number between 0 (worst) and 1 (best)
#   meta:
#     ucd: stat.param
# - 
#   name: reference_time
#   datatype: float64
#   unit: d
#   description: Reference time used for the geometric model fit
#   meta:
#     ucd: time.epoch
# - 
#   name: frequency
#   datatype: float64
#   unit: d**-1
#   description: Frequency of geometric model of the eclipsing binary light curve
#   meta:
#     ucd: src.orbital
# - 
#   name: frequency_error
#   datatype: float32
#   unit: d**-1
#   description: "Uncertainty of \\texttt{frequency}"
#   meta:
#     ucd: stat.error
# - 
#   name: geom_model_reference_level
#   datatype: float32
#   unit: mag
#   description: Magnitude reference level of geometric model
#   meta:
#     ucd: phot.mag;em.opt
# - 
#   name: geom_model_reference_level_error
#   datatype: float32
#   unit: mag
#   description: "Uncertainty of \\texttt{geomModelReferenceLevel}"
#   meta:
#     ucd: stat.error;phot.mag;em.opt
# - 
#   name: geom_model_gaussian1_phase
#   datatype: float32
#   description: Phase of the Gaussian 1 component
#   meta:
#     ucd: time.phase
# - 
#   name: geom_model_gaussian1_phase_error
#   datatype: float32
#   description: "Uncertainty of \\texttt{geomModelGaussian1Phase}"
#   meta:
#     ucd: stat.error;time.phase
# - 
#   name: geom_model_gaussian1_sigma
#   datatype: float32
#   description: "Standard deviation [phase] of Gaussian 1 component"
#   meta:
#     ucd: stat.stdev
# - 
#   name: geom_model_gaussian1_sigma_error
#   datatype: float32
#   description: "Uncertainty of \\texttt{geomModelGaussian1Sigma}"
#   meta:
#     ucd: stat.error
# - 
#   name: geom_model_gaussian1_depth
#   datatype: float32
#   unit: mag
#   description: Magnitude depth of Gaussian 1 component
#   meta:
#     ucd: src.var.amplitude
# - 
#   name: geom_model_gaussian1_depth_error
#   datatype: float32
#   unit: mag
#   description: "Uncertainty of \\texttt{geomModelGaussian1Depth}"
#   meta:
#     ucd: stat.error;src.var.amplitude
# - 
#   name: geom_model_gaussian2_phase
#   datatype: float32
#   description: Phase of Gaussian 2 component
#   meta:
#     ucd: time.phase
# - 
#   name: geom_model_gaussian2_phase_error
#   datatype: float32
#   description: "Uncertainty of \\texttt{geomModelGaussian2Phase}"
#   meta:
#     ucd: stat.error;time.phase
# - 
#   name: geom_model_gaussian2_sigma
#   datatype: float32
[...]
#   datatype: float32
#   description: "Secondary eclipse: uncertainty of \\texttt{derivedSecondaryEclDuration}"
#   meta:
#     ucd: stat.error;time.duration
# - 
#   name: derived_secondary_ecl_depth
#   datatype: float32
#   unit: mag
#   description: "Secondary eclipse: depth"
#   meta:
#     ucd: src.var.amplitude
# - 
#   name: derived_secondary_ecl_depth_error
#   datatype: float32
#   unit: mag
#   description: "Secondary eclipse: uncertainty of \\texttt{derivedSecondaryEclDepth}"
#   meta:
#     ucd: stat.error;src.var.amplitude
solution_id,source_id,global_ranking,reference_time,frequency,frequency_error,geom_model_reference_level,geom_model_reference_level_error,geom_model_gaussian1_phase,geom_model_gaussian1_phase_error,geom_model_gaussian1_sigma,geom_model_gaussian1_sigma_error,geom_model_gaussian1_depth,geom_model_gaussian1_depth_error,geom_model_gaussian2_phase,geom_model_gaussian2_phase_error,geom_model_gaussian2_sigma,geom_model_gaussian2_sigma_error,geom_model_gaussian2_depth,geom_model_gaussian2_depth_error,geom_model_cosine_half_period_amplitude,geom_model_cosine_half_period_amplitude_error,geom_model_cosine_half_period_phase,geom_model_cosine_half_period_phase_error,model_type,num_model_parameters,reduced_chi2,derived_primary_ecl_phase,derived_primary_ecl_phase_error,derived_primary_ecl_duration,derived_primary_ecl_duration_error,derived_primary_ecl_depth,derived_primary_ecl_depth_error,derived_secondary_ecl_phase,derived_secondary_ecl_phase_error,derived_secondary_ecl_duration,derived_secondary_ecl_duration_error,derived_secondary_ecl_depth,derived_secondary_ecl_depth_error
[from data line 404]
375316653866487564,5857924178691409920,0.56571126,2241.997937900174,2.466082092347383,8.669188E-6,18.606445,0.009729125,0.25052616,0.0018626783,0.07637951,0.004246791,0.43080023,0.010665592,0.7455113,0.0034387729,0.08125561,0.0055140355,0.42621294,0.018660937,null,null,null,null,"TWOGAUSSIANS",8,3.927345,0.25052616,0.0018626783,0.4,0.0,0.42574254,0.01089739,0.7455113,0.0034387729,0.4,0.0,0.42115524,0.01956129
375316653866487564,5857924419209789696,0.51848173,2187.422864537118,0.43216181436102413,1.3699157E-5,19.152344,0.0035485483,0.24709326,0.0035268841,0.044349905,0.0028250928,0.2941937,0.04498475,0.77175707,0.0071059964,0.027535757,0.00768531,0.6460286,1.6487087,null,null,null,null,"TWOGAUSSIANS",8,1.665025,0.77175707,0.0071059964,0.15420024,0.04303774,0.6460286,1.6487087,0.24709326,0.0035268841,0.24835947,0.01582052,0.2941937,0.04498475
375316653866487564,5857924522362897536,0.6192285,2257.7133222364737,1.1699207093686748,7.687716E-6,16.35442,0.015081713,0.24937576,0.0019887462,0.09045753,0.0044923383,0.3472453,0.014751697,0.76118046,0.0036941743,0.10158926,0.009224208,0.2698757,0.013303498,null,null,null,null,"TWOGAUSSIANS",8,8.580312,0.24937576,0.0019900678,0.4,0.0,0.3298858,0.008364075,0.76118046,0.0036941743,0.4,0.0,0.25251302,0.00811831
375316653866487564,5857924694161604096,0.54522246,2235.5639549611615,2.580845386223432,8.276905E-6,16.644936,0.0041377526,0.28481686,0.0019385595,0.04825314,0.00650551,0.087228745,0.010280606,0.7996665,0.0072324006,0.04342354,0.00803292,0.053789943,0.011115675,0.036360227,0.00689668,0.28481686,0.0019385595,"TWOGAUSSIANS_WITH_ELLIPSOIDAL_ON_ECLIPSE1",9,4.934506,0.28481686,0.0019385595,0.2702176,0.036430854,0.1599489,0.0066506797,0.7996665,0.0072324006,0.24317183,0.04498435,0.12587887,0.0048807403
375316653866487564,5857924964689918592,0.59981,2257.1206256481773,0.6132198864672291,4.170179E-6,17.80511,0.0015823469,0.3114999,0.0010376502,0.028106008,0.001073393,0.38196087,0.012575835,0.584889,0.0036518448,0.012780775,0.0054992666,0.02245145,0.0028092412,0.006728698,0.0027345412,0.3114999,0.0010376502,"TWOGAUSSIANS_WITH_ELLIPSOIDAL_ON_ECLIPSE1",9,1.8574119,0.3114999,0.0010376502,0.15739363,0.006011001,0.39541814,0.013279252,0.585069,0.0034813704,0.07157234,0.030795893,0.022742094,0.0028194697
375316653866487564,5857925553083803008,0.423463,2239.010665936889,0.4679640417792347,1.6662469E-5,18.66787,0.007168266,0.38495046,0.034186553,0.046305332,0.015069371,0.112170994,0.051158678,0.7516075,0.011372571,0.039734595,0.011856653,0.11802944,0.025119435,null,null,null,null,"TWOGAUSSIANS",8,10.486524,0.7516075,0.011372571,0.22251374,0.06639726,0.11802944,0.025119435,0.38495046,0.034186553,0.25930986,0.08438848,0.112170994,0.051158678
375316653866487564,5857925690594638720,0.4494173,2258.5452902702136,2.9272576164187303,3.8751616E-5,19.735765,0.66329366,0.3174391,0.011581151,0.14810576,0.15179124,0.32468265,0.6469433,0.8374945,0.014097962,0.10737889,0.056639154,0.25632197,0.37836146,null,null,null,null,"TWOGAUSSIANS",8,3.532525,0.31740913,0.011135477,0.4,0.0,0.25159186,0.03732284,0.8384945,0.012719985,0.4,0.0043456475,0.18561305,0.039272785
375316653866487564,5857925724954388352,0.5425287,2269.104565374734,2.3562048581384043,1.1281969E-5,17.248198,0.019409629,0.25567862,0.0033107742,0.10483239,0.009746992,0.1831252,0.018584656,0.7603442,0.0039415606,0.10979745,0.012914411,0.1817172,0.01779965,null,null,null,null,"TWOGAUSSIANS",8,4.4804845,0.2556686,0.0033098897,0.4,0.0,0.16015622,0.0055557997,0.7603442,0.0039482373,0.4,0.0,0.15874091,0.0049627293
375316653866487564,5857926068481162240,0.5476519,2271.616124497142,2.329480621565708,1.3316818E-5,17.24804,0.014165497,0.21681462,0.0022246668,0.050645124,0.0059894957,0.26955512,0.033189736,0.7175364,0.004088596,0.05491511,0.006129863,0.19750665,0.035134014,0.096572116,0.020962752,0.21681462,0.0022246668,"TWOGAUSSIANS_WITH_ELLIPSOIDAL_ON_ECLIPSE1",9,27.230175,0.21681462,0.0022246668,0.2836127,0.033541176,0.4626913,0.018742185,0.7175364,0.003967732,0.30752462,0.034327235,0.39063886,0.012831485
375316653866487564,5857926343359144320,0.5030373,2231.583445503387,3.289083428352882,1.2480623E-5,19.821348,0.03726046,0.24377179,0.00315054,0.07325566,0.008706352,0.603637,0.030984038,0.7366764,0.0052367523,0.084602155,0.00926306,0.51673263,0.054620087,null,null,null,null,"TWOGAUSSIANS",8,3.1354623,0.24377179,0.00315054,0.4,0.029914515,0.59728014,0.029911458,0.7366764,0.0052367523,0.4,0.0,0.5103758,0.05416571
375316653866487564,5857926377717602048,0.4683295,2210.915814199068,2.8143044570663487,1.5574335E-5,19.425339,0.0045372746,null,null,null,null,null,null,null,null,null,null,null,null,0.12101521,0.006321843,0.22224563,0.004051602,"ELLIPSOIDAL",4,2.7007017,null,null,null,null,null,null,null,null,null,null,null,null
375316653866487564,5857926717019689984,0.6096877,2233.8037456834973,1.7760658402698586,3.4156135E-6,17.973072,0.0032700938,0.2776675,0.0021452126,0.04981403,0.002960245,0.30711743,0.016404154,0.8265324,0.0034533914,0.016485153,0.0028615748,0.058506075,0.0076058614,0.08011727,0.0042435853,0.2776675,0.0021452126,"TWOGAUSSIANS_WITH_ELLIPSOIDAL_ON_ECLIPSE1",9,1.7972167,0.2776675,0.0021452126,0.27895856,0.01657737,0.46735078,0.015651653,0.8265324,0.0034533914,0.09231686,0.016024819,0.20410348,0.011262995
375316653866487564,5857926790106313344,0.54193175,2239.695612785698,0.1778724854089254,6.7437945E-6,18.02577,0.005925757,0.15321316,0.0053438647,0.024908254,0.004257628,0.76423216,0.18936563,0.6543855,0.003226938,0.022530371,0.0019575108,0.58131355,0.05795026,null,null,null,null,"TWOGAUSSIANS",8,16.137257,0.15321316,0.0053438647,0.13948622,0.023842718,0.76423216,0.18936563,0.6543855,0.003226938,0.12617008,0.010962061,0.58131355,0.05795026
375316653866487564,5857926927473634304,0.570855,2238.990539080421,0.7997261092595176,1.8354049E-5,17.577162,0.0021868586,0.25678998,0.0041722883,0.029770603,0.0053638294,0.29201853,0.068559,0.7580572,0.008710755,0.028030751,0.010753756,0.11597519,0.15027645,0.018404095,0.0034170977,0.25678998,0.0041722883,"TWOGAUSSIANS_WITH_ELLIPSOIDAL_ON_ECLIPSE1",9,2.339627,0.25678998,0.0041722883,0.16671537,0.030037444,0.32882667,0.07088504,0.7580572,0.0087021515,0.15697221,0.060221035,0.15278098,0.15017077
375316653866487564,5857926927545264128,0.5645906,2245.9547803235964,1.392392810956623,6.9812313E-6,16.484217,0.001765126,0.27238593,0.0034166833,0.036381222,0.004159443,0.07621323,0.0052569783,0.7738078,0.002309009,0.034817293,0.0024314916,0.09594586,0.005519415,0.024723884,0.0024362972,0.27238593,0.0034166833,"TWOGAUSSIANS_WITH_ELLIPSOIDAL_ON_ECLIPSE1",9,3.8525114,0.7738078,0.002309009,0.19497685,0.013616353,0.14538965,0.0042950166,0.27238593,0.0034166833,0.20373486,0.02329288,0.12566096,0.004435526
375316653866487564,5857927408581673600,0.51456887,2228.3987064301577,3.270785034482281,8.891887E-6,19.333303,0.023974214,0.2552111,0.0070273,0.08596231,0.007506045,0.40475333,0.030561157,0.7552828,0.0046020346,0.084360786,0.009528945,0.46213728,0.02799643,null,null,null,null,"TWOGAUSSIANS",8,3.1056418,0.7552828,0.0046020346,0.4,0.0,0.4505298,0.030675352,0.2552111,0.0070273,0.4,0.0,0.39314586,0.026889076
375316653866487564,5857927752179235200,0.5706259,2263.7869367927533,0.21227065519223212,6.9933354E-5,17.402193,0.005411194,0.25248313,0.008392793,0.025283959,0.0062243175,0.5982769,0.06767343,0.7494659,1.5117161E-4,0.013652012,0.001734903,0.068170555,0.011648028,0.027172612,0.007289574,0.25248313,0.008392793,"TWOGAUSSIANS_WITH_ELLIPSOIDAL_ON_ECLIPSE1",9,9.320674,0.25248313,0.008392793,0.14159016,0.034856178,0.65262216,0.064057514,0.7494959,1.2269971E-4,0.076451264,0.0097154565,0.12249647,0.004464189
375316653866487564,5857927958267146112,0.4877033,2231.3883088929715,2.589868246103363,1.0788613E-5,19.22573,0.014522531,0.24929667,0.0054495344,0.08654378,0.015011155,0.23270826,0.023913248,0.7474518,0.0047072684,0.08004898,0.009879984,0.23263176,0.016304117,null,null,null,null,"TWOGAUSSIANS",8,2.251559,0.24929667,0.0054495344,0.4,0.0,0.22773214,0.027597556,0.7474518,0.0047072684,0.4,0.0,0.22765566,0.015392432
375316653866487564,5857928022689954304,0.6912968,2260.8313832988774,0.13320461987853516,5.705987E-6,15.646323,0.0010771555,0.25499457,0.0025205808,0.01712446,0.0026880905,0.073441155,0.021586243,0.7536628,0.0034464332,0.016344631,0.0038938378,1.1593455,0.45368856,0.030110966,0.0016011768,0.25499457,0.0025205808,"TWOGAUSSIANS_WITH_ELLIPSOIDAL_ON_ECLIPSE1",9,8.981383,0.7536628,0.0034464332,0.09152993,0.021805491,1.2195632,0.4546956,0.25499457,0.0025205808,0.095896974,0.015053307,0.13366309,0.022116432
375316653866487564,5857928125769270272,0.47207,2241.6216999046765,0.114195789032488,1.01337E-5,17.080631,0.012477271,0.53913164,0.0018132245,0.0060836845,0.0018366997,0.47269812,0.086494796,0.8067586,0.017326783,0.047934208,0.027034344,0.038432255,0.16744743,0.037567943,0.016803283,0.8067586,0.017326783,"TWOGAUSSIANS_WITH_ELLIPSOIDAL_ON_ECLIPSE2",9,60.815025,0.5391216,0.0018107806,0.034068633,0.010285518,0.4736161,0.086802125,0.8067586,0.017326783,0.26843157,0.15139233,0.11356783,0.16975307
375316653866487564,5857928267505284096,0.5200739,2215.054476010314,3.462115378731046,1.0143063E-5,19.155176,0.011640742,0.28419408,0.0073913056,0.07957628,0.007815598,0.34975708,0.023608614,0.7833046,0.0042077526,0.07484866,0.0048255036,0.37502474,0.03174087,null,null,null,null,"TWOGAUSSIANS",8,4.5769367,0.7833046,0.0042077526,0.4,0.0,0.37126955,0.03197233,0.28419408,0.0073913056,0.4,0.0,0.3460019,0.023541002
375316653866487564,5857928366287489536,0.40972382,2248.0007926184257,0.12114725379271249,7.506508E-5,18.930002,0.02148938,0.34769297,0.010480788,0.052799676,0.015918976,0.23768114,0.04758141,0.72399354,0.021051776,0.019673217,0.038502384,4.4718995,6.697581,0.06991687,0.02282771,0.34769297,0.010480788,"TWOGAUSSIANS_WITH_ELLIPSOIDAL_ON_ECLIPSE1",9,5.939637,0.7240735,0.012498322,0.110170014,0.21561335,4.542989,6.705268,0.34769297,0.010480788,0.29567817,0.089146264,0.37751156,0.04849714
375316653866487564,5857928404944034560,0.6217515,2270.4514613648043,2.0481537050612375,5.1913007E-6,18.323795,0.011488197,0.27019835,0.0013373742,0.047076244,0.002895075,0.45657998,0.03639753,0.76767915,0.001442204,0.04525773,0.00243502,0.49572822,0.027001953,0.13261071,0.015785778,0.27019835,0.0013373742,"TWOGAUSSIANS_WITH_ELLIPSOIDAL_ON_ECLIPSE1",9,4.111569,0.7678792,0.0013144572,0.25344327,0.013636112,0.76088774,0.016873136,0.27019835,0.0013373742,0.26362696,0.016212419,0.7218006,0.030630348
375316653866487564,5857928404944051328,0.42419848,2179.7062432978105,1.221755139018608,8.457501E-5,19.674202,0.31731698,0.29942614,0.019638408,0.18051891,0.12925732,0.31522372,0.30699375,0.7311532,0.01840467,0.093335636,0.03019298,0.49831587,0.17674755,null,null,null,null,"TWOGAUSSIANS",8,6.0300756,0.7311532,0.01840467,0.4,0.0061670747,0.43997177,0.1109217,0.29948613,0.019496672,0.4,0.0,0.23661399,0.09617344
375316653866487564,5857928439374130048,0.45534885,2229.5006044378197,0.34641089786939827,1.9028827E-5,17.196083,0.0031707224,0.27191246,0.0015085454,0.015639799,0.0015329747,0.1529024,0.016863119,0.79729724,0.046073016,0.0387337,0.013535382,0.18136403,0.16297604,0.008890277,0.0050859717,0.27191246,0.0015085454,"TWOGAUSSIANS_WITH_ELLIPSOIDAL_ON_ECLIPSE1",9,13.490782,0.79729724,0.045819312,0.21690872,0.07579814,0.19869606,0.16643578,0.27191246,0.0015085454,0.08758287,0.008584658,0.17068292,0.01666622
375316653866487564,5857928542453379712,0.4438016,2228.139196727049,0.1387413208364758,1.6823805E-4,17.118488,0.0015525,0.41144812,0.0018911418,0.01686881,0.00391265,0.13573046,0.06445312,0.7295568,0.018063325,0.04511261,0.0093863,0.015883965,0.003889573,null,null,null,null,"TWOGAUSSIANS",8,2.3883152,0.41144812,0.0018911418,0.09446534,0.02191084,0.13573046,0.06445312,0.7295568,0.018063325,0.2526306,0.05256328,0.015883965,0.003889573
375316653866487564,5857929092138704768,0.5034481,2201.2403515079873,1.5587222981820732,1.32507585E-5,19.156029,0.014378485,0.20727164,0.0046268096,0.08634658,0.009050711,0.28466684,0.020870227,0.6980133,0.011606565,0.0882758,0.023044825,0.23290877,0.024244808,null,null,null,null,"TWOGAUSSIANS",8,2.484803,0.20727164,0.0046268096,0.4,0.0,0.2773539,0.021201316,0.6980133,0.011606565,0.4,0.020042632,0.22559583,0.029341683
375316653866487564,5857929092140816128,0.42152232,2198.894977890449,0.7068816952075718,8.030384E-5,18.065413,0.14062543,0.30180436,0.022813283,0.25047117,0.15302895,0.13743687,0.13245612,0.6006149,0.009849597,0.04705864,0.011995173,0.18918875,0.076446384,null,null,null,null,"TWOGAUSSIANS",8,9.731785,0.6006149,0.009849597,0.26352838,0.067172974,0.2218804,0.08000391,0.30180436,0.022813283,0.4,0.0,0.10003163,0.013467749
375316653866487564,5857929195288361216,0.5936318,2221.455427409525,2.6460347581364547,1.0873699E-5,16.442915,0.1211034,0.25457764,0.018858498,0.061389875,0.038797323,0.13889809,0.21698707,0.7470281,0.0029924966,0.06656938,0.03184155,0.09691617,0.22306491,0.12190232,0.101992026,0.7470281,0.0029924966,"TWOGAUSSIANS_WITH_ELLIPSOIDAL_ON_ECLIPSE2",9,25.54155,0.25198764,0.013890613,0.3437833,0.12671168,0.38223755,0.023040272,0.7470281,0.0029924966,0.37278855,0.07319088,0.34061584,0.012312336
375316653866487564,5857929298367658240,0.5957147,2240.294364476653,0.8271403865410866,4.887872E-6,15.706769,0.0011264475,0.21902527,7.2759466E-4,0.028285021,0.0011846706,0.21955314,0.009095088,0.7319187,0.0012655015,0.027366566,0.0018414683,0.118902564,0.0037804532,0.020695752,0.0024582224,0.21902527,7.2759466E-4,"TWOGAUSSIANS_WITH_ELLIPSOIDAL_ON_ECLIPSE1",9,8.80519,0.21902527,7.2759466E-4,0.15839612,0.0066341553,0.26094463,0.011054792,0.7319187,0.0012655015,0.15325277,0.010312223,0.16002302,0.0038212668
375316653866487564,5857929470166448384,0.5721017,2241.5423646114386,1.3324984660349402,6.8196405E-6,16.189493,0.0037478649,0.2836485,0.002482639,0.01553732,0.019483874,0.030285574,0.0147408955,0.7784226,0.0063341544,0.04517235,0.0077641243,0.051341068,0.008842343,0.07265454,0.004831377,0.2836485,0.002482639,"TWOGAUSSIANS_WITH_ELLIPSOIDAL_ON_ECLIPSE1",9,11.880308,0.7800626,0.00426951,0.25296515,0.043479096,0.19654247,0.00606077,0.2836485,0.002482639,0.08700899,0.109109685,0.17559455,0.017233787
375316653866487564,5857929538885823360,0.5936825,2248.7802678549024,1.4597733895990124,4.18656E-6,17.735916,0.0025848332,0.2730867,0.004518372,0.04908937,0.0033412273,0.28590184,0.010767992,0.75830454,0.0027103038,0.02229246,0.0030543827,0.06757255,0.008270307,0.06067605,0.0038501,0.75830454,0.0027103038,"TWOGAUSSIANS_WITH_ELLIPSOIDAL_ON_ECLIPSE2",9,2.4209747,0.2719867,0.0040462054,0.27490047,0.018710874,0.40628698,0.009535697,0.75830454,0.0027103038,0.12483777,0.017104542,0.18892409,0.005884168
375316653866487564,5857929568899670272,0.5787447,2249.8699879602027,3.1365174467843873,9.239987E-6,18.873758,0.015958305,0.23557745,0.0035311556,0.046514194,0.0042564105,0.35080197,0.04681109,0.73528874,0.005598282,0.039433967,0.008751462,0.25209558,0.08893009,0.12731326,0.025867868,0.23557745,0.0035311556,"TWOGAUSSIANS_WITH_ELLIPSOIDAL_ON_ECLIPSE1",9,4.384187,0.23557745,0.0035311556,0.26047948,0.023835897,0.6054282,0.028617995,0.7353188,0.005331183,0.22083022,0.04900819,0.5067211,0.09271744
375316653866487564,5857929710612451072,0.5241684,2253.2213361899244,3.2914682101865558,1.5655522E-5,17.179867,0.018786347,0.2854166,0.005624828,0.109476,0.013025797,0.20072667,0.017869117,0.7815933,0.004532787,0.10540866,0.013766309,0.15653764,0.017013436,null,null,null,null,"TWOGAUSSIANS",8,7.3563876,0.2854166,0.005624828,0.4,0.0,0.17801441,0.010103794,0.7815933,0.004532787,0.4,0.0,0.13383326,0.0073889326
