Gaia/vari_eclipsing_binary/VariEclipsingBinary_023650-023910.csv
# %ECSV 1.0
# ---
# delimiter: ','
# meta: !!omap
# - RELEASE: Gaia DR3
# - TABLE: vari_eclipsing_binary
# - DESCRIPTION: >
#     This table describes the properties of the eclipsing binaries resulting from the variability analysis. 
# - CITATION: >
#     How to cite and acknowledge Gaia: 
#     https://gea.esac.esa.int/archive/documentation/credits.html 
# - KNOWN_ISSUES: >
#     Known issues: 
#     https://www.cosmos.esa.int/web/gaia-users/known-issues 
# - DOCUMENTATION: >
#     Tutorials and documentation: 
#     https://www.cosmos.esa.int/web/gaia-users/archive 
# datatype:
# - 
#   name: solution_id
#   datatype: int64
#   description: Solution Identifier
#   meta:
#     ucd: meta.version
# - 
#   name: source_id
#   datatype: int64
#   description: Unique source identifier
#   meta:
#     ucd: meta.id;meta.main
# - 
#   name: global_ranking
#   datatype: float32
#   description: Number between 0 (worst) and 1 (best)
#   meta:
#     ucd: stat.param
# - 
#   name: reference_time
#   datatype: float64
#   unit: d
#   description: Reference time used for the geometric model fit
#   meta:
#     ucd: time.epoch
# - 
#   name: frequency
#   datatype: float64
#   unit: d**-1
#   description: Frequency of geometric model of the eclipsing binary light curve
#   meta:
#     ucd: src.orbital
# - 
#   name: frequency_error
#   datatype: float32
#   unit: d**-1
#   description: "Uncertainty of \\texttt{frequency}"
#   meta:
#     ucd: stat.error
# - 
#   name: geom_model_reference_level
#   datatype: float32
#   unit: mag
#   description: Magnitude reference level of geometric model
#   meta:
#     ucd: phot.mag;em.opt
# - 
#   name: geom_model_reference_level_error
#   datatype: float32
#   unit: mag
#   description: "Uncertainty of \\texttt{geomModelReferenceLevel}"
#   meta:
#     ucd: stat.error;phot.mag;em.opt
# - 
#   name: geom_model_gaussian1_phase
#   datatype: float32
#   description: Phase of the Gaussian 1 component
#   meta:
#     ucd: time.phase
# - 
#   name: geom_model_gaussian1_phase_error
#   datatype: float32
#   description: "Uncertainty of \\texttt{geomModelGaussian1Phase}"
#   meta:
#     ucd: stat.error;time.phase
# - 
#   name: geom_model_gaussian1_sigma
#   datatype: float32
#   description: "Standard deviation [phase] of Gaussian 1 component"
#   meta:
#     ucd: stat.stdev
# - 
#   name: geom_model_gaussian1_sigma_error
#   datatype: float32
#   description: "Uncertainty of \\texttt{geomModelGaussian1Sigma}"
#   meta:
#     ucd: stat.error
# - 
#   name: geom_model_gaussian1_depth
#   datatype: float32
#   unit: mag
#   description: Magnitude depth of Gaussian 1 component
#   meta:
#     ucd: src.var.amplitude
# - 
#   name: geom_model_gaussian1_depth_error
#   datatype: float32
#   unit: mag
#   description: "Uncertainty of \\texttt{geomModelGaussian1Depth}"
#   meta:
#     ucd: stat.error;src.var.amplitude
# - 
#   name: geom_model_gaussian2_phase
#   datatype: float32
#   description: Phase of Gaussian 2 component
#   meta:
#     ucd: time.phase
# - 
#   name: geom_model_gaussian2_phase_error
#   datatype: float32
#   description: "Uncertainty of \\texttt{geomModelGaussian2Phase}"
#   meta:
#     ucd: stat.error;time.phase
# - 
#   name: geom_model_gaussian2_sigma
#   datatype: float32
[...]
#   datatype: float32
#   description: "Secondary eclipse: uncertainty of \\texttt{derivedSecondaryEclDuration}"
#   meta:
#     ucd: stat.error;time.duration
# - 
#   name: derived_secondary_ecl_depth
#   datatype: float32
#   unit: mag
#   description: "Secondary eclipse: depth"
#   meta:
#     ucd: src.var.amplitude
# - 
#   name: derived_secondary_ecl_depth_error
#   datatype: float32
#   unit: mag
#   description: "Secondary eclipse: uncertainty of \\texttt{derivedSecondaryEclDepth}"
#   meta:
#     ucd: stat.error;src.var.amplitude
solution_id,source_id,global_ranking,reference_time,frequency,frequency_error,geom_model_reference_level,geom_model_reference_level_error,geom_model_gaussian1_phase,geom_model_gaussian1_phase_error,geom_model_gaussian1_sigma,geom_model_gaussian1_sigma_error,geom_model_gaussian1_depth,geom_model_gaussian1_depth_error,geom_model_gaussian2_phase,geom_model_gaussian2_phase_error,geom_model_gaussian2_sigma,geom_model_gaussian2_sigma_error,geom_model_gaussian2_depth,geom_model_gaussian2_depth_error,geom_model_cosine_half_period_amplitude,geom_model_cosine_half_period_amplitude_error,geom_model_cosine_half_period_phase,geom_model_cosine_half_period_phase_error,model_type,num_model_parameters,reduced_chi2,derived_primary_ecl_phase,derived_primary_ecl_phase_error,derived_primary_ecl_duration,derived_primary_ecl_duration_error,derived_primary_ecl_depth,derived_primary_ecl_depth_error,derived_secondary_ecl_phase,derived_secondary_ecl_phase_error,derived_secondary_ecl_duration,derived_secondary_ecl_duration_error,derived_secondary_ecl_depth,derived_secondary_ecl_depth_error
[from data line 145]
375316653866487564,208392848293692928,0.40767694,2251.167854807741,0.05401727880349927,8.9267385E-5,16.050985,0.005861465,0.37862954,0.07371242,0.024044652,0.056424286,0.12666754,0.07950613,0.73210466,0.012598807,0.10257756,0.0127382465,0.12945549,0.016199343,null,null,null,null,"TWOGAUSSIANS",8,10.303048,0.73210466,0.012598807,0.4,0.0,0.12945369,0.016230104,0.37867954,0.07339376,0.13465005,0.25872317,0.12700772,0.08158031
375316653866487564,208393844725641472,0.65252775,2258.2512669834878,2.9894002758636042,6.2027984E-6,14.225541,0.01707703,0.23278111,0.0016605343,0.04763437,0.004919087,0.58045626,0.046464622,0.73503476,0.0012904654,0.046298448,0.0035053839,0.41173872,0.037758145,0.092020705,0.022726635,0.73503476,0.0012904654,"TWOGAUSSIANS_WITH_ELLIPSOIDAL_ON_ECLIPSE2",9,255.39717,0.23290111,0.0015781337,0.26675248,0.027546888,0.76446176,0.029646214,0.73503476,0.0012904654,0.2592713,0.01963015,0.5957792,0.010554614
375316653866487564,208395592776458112,0.46759355,2230.3976475164877,0.545569638449744,3.486587E-5,13.691952,0.0047391513,0.72969544,0.010323125,0.023443624,0.0060489043,0.054973543,0.023112426,null,null,null,null,null,null,0.038239636,0.0074793217,0.72969544,0.010323125,"ONEGAUSSIAN_WITH_ELLIPSOIDAL",6,302.52188,0.72969544,0.010323125,0.1312843,0.033873864,0.13145268,0.012115005,null,null,null,null,null,null
375316653866487564,208397620000592384,0.5939725,2245.071357055627,0.3781026935038918,4.3872027E-5,16.7744,0.0010772145,0.48765942,0.003686119,0.028774511,0.002194864,0.2270883,0.015835311,0.73204374,0.008059959,0.014894671,0.011478554,0.058830474,43310.664,null,null,null,null,"TWOGAUSSIANS",8,2.0375094,0.48765942,0.003686119,0.16113727,0.012291238,0.2270883,0.015835311,0.73204374,0.008059959,0.08341015,0.06427991,0.058830474,43310.664
375316653866487564,208402125422871808,0.6233936,2258.466409290959,0.10430451229506381,3.5856042E-6,16.276329,0.0011719425,0.30641454,0.001128487,0.0016708514,2.979719E-4,3.0558481,1.9923849,0.5896865,0.124758855,0.060770188,0.053581923,0.03292265,0.24810861,0.0036217475,0.0012263397,0.30641454,0.001128487,"TWOGAUSSIANS_WITH_ELLIPSOIDAL_ON_ECLIPSE1",9,5.2552934,0.30641454,0.001128487,0.009356768,0.0016686427,3.0630922,1.99238,0.5918865,0.12580198,0.34031305,0.30005875,0.033254944,0.2471279
375316653866487564,208405973709497344,0.4380428,2248.415535171107,1.961136212928684,1.6369374E-4,18.328691,0.008500252,0.22780162,0.017047973,0.031553295,0.0083432775,0.18033457,0.03763928,0.72286886,0.023200043,0.049304754,0.0093386695,0.5739869,0.10105707,null,null,null,null,"TWOGAUSSIANS",8,4.073173,0.72286886,0.023200043,0.27610663,0.05229655,0.5739869,0.10105707,0.22780162,0.017047973,0.17669846,0.046722356,0.18033457,0.03763927
375316653866487564,208407721761364992,0.555017,2228.2595604485477,3.3933176235462947,1.0895897E-5,19.182587,0.011481581,0.27615282,0.0024189719,0.07644037,0.0054568383,0.45469373,0.022727115,0.7787026,0.0056128,0.08701257,0.007115168,0.3877166,0.019315556,null,null,null,null,"TWOGAUSSIANS",8,1.9052997,0.27615282,0.0024189719,0.4,0.0,0.4473188,0.025107644,0.7787026,0.0056128,0.4,0.0,0.3803416,0.01857919
375316653866487564,208415457001335296,0.45658854,2232.9975144018085,2.4374259889854306,2.4261357E-5,17.5055,0.0046697124,0.21589984,0.0030203222,0.044556655,0.0067893616,0.17874654,0.02736675,null,null,null,null,null,null,null,null,null,null,"ONEGAUSSIAN",5,22.111876,0.21589984,0.0030203222,0.24951728,0.038020425,0.17874654,0.0,null,null,null,null,null,null
375316653866487564,208416041116900480,0.65761524,2245.8832480324213,0.5984549531994876,4.7397198E-6,16.946707,0.0019393463,0.27200738,4.1795018E-4,0.031741194,0.0012383978,0.54320616,0.025518842,0.7717794,0.0036935133,0.031351097,0.002691902,0.47127107,0.054142162,0.023309126,0.0037266747,0.27200738,4.1795018E-4,"TWOGAUSSIANS_WITH_ELLIPSOIDAL_ON_ECLIPSE1",9,3.4591665,0.27200738,4.1795018E-4,0.17775068,0.006935028,0.5898244,0.027821599,0.7717794,0.0036935133,0.17556614,0.015074652,0.5178892,0.05541739
375316653866487564,208417101972721920,0.4965197,2197.4565201479963,0.6259020057146446,2.6299836E-5,17.601215,0.0052236305,0.07234728,0.00876211,0.013091185,0.009534131,0.24262601,42.458847,0.7750286,0.002147418,0.020466508,0.0022885064,0.21522027,0.02541723,0.023541788,0.00924879,0.07234728,0.00876211,"TWOGAUSSIANS_WITH_ELLIPSOIDAL_ON_ECLIPSE1",9,9.610848,0.07234728,0.00876211,0.073310636,0.053391133,0.2897096,42.459656,0.7750286,0.002147418,0.114612445,0.012815636,0.219261,0.025997227
375316653866487564,208418789895836160,0.54741645,2218.1789080639164,1.1776915569134796,1.1538262E-5,15.965759,0.00650644,0.19046201,0.0013246143,0.029093202,0.0014818716,0.39518803,0.013759831,0.6973806,0.0037752304,0.03112628,0.0023962103,0.6125922,0.035274535,null,null,null,null,"TWOGAUSSIANS",8,114.04633,0.6973806,0.0037752304,0.17430717,0.013418778,0.6125922,0.035274535,0.19046201,0.0013246143,0.16292194,0.008298481,0.39518803,0.013759831
375316653866487564,208420885835967744,0.49586117,2212.798855319336,3.5596654279300335,5.292014E-5,18.181536,0.0056938026,0.22623543,0.05011677,0.046112295,0.026644485,0.1920823,0.08490164,0.7712124,0.024529856,0.029703166,0.010379865,0.7323012,0.5469231,null,null,null,null,"TWOGAUSSIANS",8,1.4047898,0.7712124,0.024529856,0.16633773,0.058127243,0.7323012,0.5469231,0.22623543,0.05011677,0.25822887,0.14920911,0.1920823,0.08490158
375316653866487564,208423943856548992,0.5598608,2243.40202572444,3.234884798639375,1.5776594E-5,17.166145,0.016407339,0.2759392,0.004465739,0.12049547,0.009265258,0.16743772,0.014995461,0.7541083,0.003911629,0.116228014,0.009474201,0.1565603,0.016242584,null,null,null,null,"TWOGAUSSIANS",8,2.0253856,0.27601922,0.00443236,0.4,0.0,0.13894823,0.0046069915,0.7541083,0.003911629,0.4,0.0,0.12810902,0.0057401937
375316653866487564,208424661112521216,0.5330748,2245.1203727201346,0.945416523141228,4.883781E-5,15.366978,9.78607E-4,0.3257742,0.011375167,0.06872108,0.010434956,0.013193149,0.0024871505,0.826447,0.0043300386,0.043865554,0.005818778,0.07410966,0.0044779796,null,null,null,null,"TWOGAUSSIANS",8,4.6520596,0.826447,0.0043300386,0.24564709,0.03258516,0.07410717,0.004480786,0.3257742,0.011375167,0.384838,0.058079895,0.013190662,0.002487477
375316653866487564,208426001142406912,0.5694406,2231.3179911387037,3.391282182095224,1.5139507E-5,19.275166,0.012646216,0.20095754,0.01319854,0.058012027,0.008783254,0.5960292,0.030969976,0.71131855,0.003587356,0.06840602,0.006191552,0.7273629,0.031249337,null,null,null,null,"TWOGAUSSIANS",8,4.389144,0.71131855,0.003587356,0.38307372,0.034672692,0.72698027,0.0313194,0.20095754,0.01319854,0.32486734,0.049186222,0.5956467,0.02998545
375316653866487564,208428440683831808,0.5667799,2239.752506927969,2.595289497085315,7.79353E-5,16.952019,0.0015265436,0.3506634,0.02556363,0.040385585,0.027903905,0.0087394165,0.0037221862,0.64404064,0.0041937255,0.019576818,0.037980992,0.18659706,0.16383764,null,null,null,null,"TWOGAUSSIANS",8,1.7334274,0.64404064,0.0041937255,0.109630175,0.21269356,0.18659706,0.16383764,0.3506634,0.02556363,0.22615927,0.15626188,0.0087394165,0.0037221923
375316653866487564,208429815073439488,0.5759802,2245.8408797968045,3.826256924401667,1.4433226E-5,18.919777,0.0045927884,0.28822315,0.0054664225,0.074022755,0.00877088,0.5487461,0.2272649,0.7928534,0.002367687,0.071293384,0.0037047316,0.52038807,0.03048362,null,null,null,null,"TWOGAUSSIANS",8,1.9365274,0.28822315,0.0054664225,0.4,0.03389636,0.54617333,0.2286589,0.7928534,0.002367687,0.39924294,0.01316565,0.5178153,0.031212375
375316653866487564,208436583943216128,0.634711,2222.0056804263772,0.3020517249908208,9.787161E-6,15.4603815,0.009995413,0.41969836,0.07948867,0.042072404,0.096887015,0.38297376,0.54300225,0.7440999,1.4325668E-5,0.0022290251,2.6699148E-5,2.041312,0.002205898,null,null,null,null,"TWOGAUSSIANS",8,198.03297,0.7440999,1.4325668E-5,0.012482541,1.4951524E-4,2.041312,0.0025009208,0.41969836,0.07948867,0.23560546,0.17608063,0.38297376,0.5430834
375316653866487564,208438370649537920,0.5417575,2246.894301846945,2.9363659322563964,1.1872618E-5,17.21106,0.0105966255,0.3128297,0.0050591677,0.08666919,0.0074604987,0.2596355,0.012816189,0.81554544,0.0028473616,0.08599608,0.0057221046,0.24825156,0.011609402,null,null,null,null,"TWOGAUSSIANS",8,8.02225,0.3128297,0.0050591677,0.4,0.0,0.25230786,0.013157757,0.81554544,0.0028473616,0.4,0.0,0.2409239,0.0104836635
375316653866487564,208438473728763648,0.53541136,2219.587327383995,0.17384178894009966,2.8185419E-5,19.79421,0.007325401,0.1475735,0.0076541672,0.035482034,0.004004919,0.44514123,0.040292073,0.6257235,0.0019196436,0.046356022,0.0028152245,0.33135858,0.026539546,null,null,null,null,"TWOGAUSSIANS",8,1.7416822,0.1475735,0.0076541672,0.19869938,0.022427546,0.44514123,0.040292073,0.6257235,0.0019196436,0.25959373,0.015765257,0.33135858,0.026539546
375316653866487564,208439916837796224,0.4807221,2219.1170644760873,4.441190921519278,9.337901E-5,19.047363,0.016360376,0.40075424,0.032222666,0.07008422,0.109751575,0.113684066,0.066683,0.73173183,0.02159225,0.0150992805,0.007420976,0.34453917,0.43968272,null,null,null,null,"TWOGAUSSIANS",8,2.601669,0.73173183,0.02159225,0.08455597,0.041557465,0.3445408,0.43913054,0.40075424,0.032222666,0.3924716,0.07861404,0.113684066,0.06870635
375316653866487564,208442184580553088,0.57023203,2244.683651112467,2.715022817395123,1.0003259E-5,17.852911,0.014628122,0.29165924,0.0028798957,0.089735545,0.0054637454,0.34838006,0.013614744,0.78873855,0.009106075,0.08900387,0.014803954,0.3370764,0.031296503,null,null,null,null,"TWOGAUSSIANS",8,5.6244054,0.29165924,0.0028798957,0.4,0.0,0.33529392,0.006489415,0.78873855,0.009106075,0.4,0.0,0.32399026,0.039524257
375316653866487564,208446239031419264,0.46960384,2223.291584640144,4.909593936991279,4.447984E-5,19.716644,0.098808154,0.16686547,0.02777322,0.21838292,0.15017834,0.11289246,0.090829656,0.7937476,0.006417199,0.05331179,0.008155838,0.40842476,0.07644623,null,null,null,null,"TWOGAUSSIANS",8,3.6638355,0.7950176,0.005512482,0.29854602,0.045672692,0.41676354,0.08086974,0.16686547,0.02777322,0.4,0.0,0.09305959,0.04420962
375316653866487564,208450224758964096,0.5358575,2228.8817812470857,2.5660243597638592,1.129267E-5,13.420066,0.0674335,0.2150565,0.0037936976,0.111121275,0.020860473,0.2375158,0.06601001,0.7078966,0.0051389444,0.118732154,0.031000126,0.22341157,0.05880821,null,null,null,null,"TWOGAUSSIANS",8,215.95886,0.2150865,0.0036932079,0.4,0.0,0.19727524,0.010221091,0.7078966,0.0051389444,0.4,0.0,0.18312591,0.013341868
375316653866487564,208450293478798720,0.4788906,2196.251552635988,2.0418914080590915,2.0317566E-5,19.436676,0.005122177,0.25607425,0.0067331493,0.03992128,0.0065722577,0.33856604,0.1483289,0.7484797,0.0018806382,0.032375015,0.0022842493,0.16221875,0.010411518,null,null,null,null,"TWOGAUSSIANS",8,1.3991995,0.25607425,0.0067331493,0.22355917,0.036804643,0.33856604,0.1483289,0.7484797,0.0018806382,0.18130007,0.012791796,0.16221875,0.010411518
375316653866487564,208451088049918208,0.56016606,2230.5159506728637,3.416525782342929,1.2121092E-5,17.582003,0.018862274,0.21184145,0.0018606537,0.08169785,0.0047799796,0.42614946,0.017748743,0.7216764,0.009782937,0.08557517,0.0151893515,0.39791438,0.034448784,null,null,null,null,"TWOGAUSSIANS",8,17.130325,0.21184145,0.0018606537,0.4,0.0,0.41824445,0.014672688,0.7216764,0.009782937,0.4,0.0037660375,0.39000934,0.037109032
375316653866487564,208452221921254016,0.6377007,2220.7912435815774,0.14966720740417253,1.1259295E-4,16.695158,0.0012872652,0.66266876,0.001836188,0.011571374,0.0019218263,0.43148822,0.0851607,0.81111956,0.0034559285,0.030643404,0.004285912,0.011724205,0.0016751643,null,null,null,null,"TWOGAUSSIANS",8,2.258555,0.66266876,0.001836188,0.064799696,0.010762227,0.4314883,0.085160695,0.81111956,0.0034559285,0.17160307,0.024001107,0.011724205,0.0016751643
375316653866487564,208452904819153280,0.58744925,2189.819452447315,3.21120571161889,8.636112E-6,18.794912,0.005107453,0.29626593,0.003811372,0.06792294,0.005329082,0.4052774,0.04195531,0.7916977,0.0017293652,0.07699354,0.0021278565,0.40293002,0.010829704,null,null,null,null,"TWOGAUSSIANS",8,2.4260235,0.29626593,0.003811372,0.38036847,0.029378843,0.40339768,0.042657267,0.7916977,0.0017293652,0.4,0.0,0.4010503,0.010773208
375316653866487564,208454828964429952,0.58266133,2240.9726079578995,3.7913349623473285,1.0808797E-6,16.353407,7.9512654E-4,0.47572327,1.1247212E-5,0.008351238,5.270569E-5,0.21516813,1.1183825E-4,null,null,null,null,null,null,null,null,null,null,"ONEGAUSSIAN",5,1.7452705,0.47572327,1.1247212E-5,0.046766937,2.9515187E-4,0.21516813,0.0,null,null,null,null,null,null
375316653866487564,208455692251728128,0.49890563,2211.636111060853,3.504803598753656,3.676392E-5,19.287155,0.015955346,0.21604677,0.009634108,0.091564305,0.015593017,0.19874883,0.017604649,0.7194937,0.0056046024,0.081580415,0.010349632,0.23038925,0.030247005,null,null,null,null,"TWOGAUSSIANS",8,1.4606981,0.7194937,0.0056046024,0.4,0.0,0.2241879,0.03058518,0.21604677,0.009634108,0.4,0.0,0.19254734,0.014834247
375316653866487564,208458681552385664,0.52305526,2264.207557480277,0.019847402761096852,5.6536574E-5,16.928202,0.0022055043,0.39137748,0.044354524,0.10447721,0.0317066,0.023745058,0.0048385267,0.7924003,0.0026266729,0.046910826,0.002516906,0.4954515,0.08811703,null,null,null,null,"TWOGAUSSIANS",8,4.239501,0.7924003,0.0026266729,0.26270062,0.014094673,0.49542564,0.08812395,0.39137748,0.044354524,0.4,0.0,0.023704175,0.0048762304
375316653866487564,208463315820249984,0.61149704,2200.881168815082,2.9778737983414083,6.04784E-6,19.08257,0.004270312,0.22096197,0.002560986,0.03264036,0.004260816,0.26436457,0.050755072,0.7294785,0.007695125,0.028662294,0.007925836,0.22096539,0.032743663,0.1252452,0.008089162,0.22096197,0.002560986,"TWOGAUSSIANS_WITH_ELLIPSOIDAL_ON_ECLIPSE1",9,1.0640981,0.22096197,0.002560986,0.18278602,0.023860572,0.51485497,0.056399282,0.7294785,0.007695125,0.16050884,0.044384684,0.47073922,0.030004486
375316653866487564,208469775450193536,0.46385568,2217.3462622900597,0.14921213129686264,1.7398723E-5,19.174553,0.012547837,0.33102223,0.0063210777,0.06081794,0.0061147227,0.24571396,0.021655204,0.70741487,0.049632236,0.067774884,0.0582809,0.06406889,0.31490424,null,null,null,null,"TWOGAUSSIANS",8,6.752976,0.33102223,0.0063210777,0.34058046,0.034242447,0.24571212,0.021651862,0.70741487,0.049632236,0.37953937,0.31802696,0.06406703,0.31490684
375316653866487564,208476716117311232,0.58155185,2222.5350770971113,3.591597264786679,1.8763147E-5,18.878773,0.006887275,0.29097787,0.0049062558,0.06366547,0.008447902,0.4544632,0.034997314,0.7888686,0.004146737,0.07032624,0.0040103626,0.41169223,0.018925011,null,null,null,null,"TWOGAUSSIANS",8,2.4287057,0.29097787,0.0049062558,0.35652667,0.04730825,0.4536938,0.035601392,0.7888686,0.004146737,0.39382693,0.017929172,0.4109228,0.018931087
375316653866487564,208477609470519040,0.50643206,2242.8113254189648,0.9151197412790834,1.7907829E-5,17.137604,0.0029176683,0.28166428,0.019158065,0.092802994,0.022102024,0.01944776,0.0039520017,0.7754266,0.0016095334,0.031351168,0.0023789825,0.07710016,0.0057510934,null,null,null,null,"TWOGAUSSIANS",8,2.4293792,0.7754266,0.0016095334,0.17556652,0.013322302,0.077088684,0.005735041,0.28166428,0.019158065,0.4,0.0,0.019436268,0.003929921
375316653866487564,208480152089413504,0.54699975,2256.824777387567,3.4999706901219487,2.9205605E-5,18.622227,0.0072767707,0.27481586,0.0151581615,0.02798149,0.01226361,0.106838904,0.048408378,0.5258173,0.003571675,0.04662308,0.0039819228,0.46008694,0.016894918,null,null,null,null,"TWOGAUSSIANS",8,7.886196,0.5258173,0.003571675,0.26108924,0.022298766,0.46008694,0.016894918,0.27481586,0.0151581615,0.15669633,0.06867621,0.10683914,0.048408322
