Gaia/vari_eclipsing_binary/VariEclipsingBinary_468351-468363.csv
# %ECSV 1.0
# ---
# delimiter: ','
# meta: !!omap
# - RELEASE: Gaia DR3
# - TABLE: vari_eclipsing_binary
# - DESCRIPTION: >
#     This table describes the properties of the eclipsing binaries resulting from the variability analysis. 
# - CITATION: >
#     How to cite and acknowledge Gaia: 
#     https://gea.esac.esa.int/archive/documentation/credits.html 
# - KNOWN_ISSUES: >
#     Known issues: 
#     https://www.cosmos.esa.int/web/gaia-users/known-issues 
# - DOCUMENTATION: >
#     Tutorials and documentation: 
#     https://www.cosmos.esa.int/web/gaia-users/archive 
# datatype:
# - 
#   name: solution_id
#   datatype: int64
#   description: Solution Identifier
#   meta:
#     ucd: meta.version
# - 
#   name: source_id
#   datatype: int64
#   description: Unique source identifier
#   meta:
#     ucd: meta.id;meta.main
# - 
#   name: global_ranking
#   datatype: float32
#   description: Number between 0 (worst) and 1 (best)
#   meta:
#     ucd: stat.param
# - 
#   name: reference_time
#   datatype: float64
#   unit: d
#   description: Reference time used for the geometric model fit
#   meta:
#     ucd: time.epoch
# - 
#   name: frequency
#   datatype: float64
#   unit: d**-1
#   description: Frequency of geometric model of the eclipsing binary light curve
#   meta:
#     ucd: src.orbital
# - 
#   name: frequency_error
#   datatype: float32
#   unit: d**-1
#   description: "Uncertainty of \\texttt{frequency}"
#   meta:
#     ucd: stat.error
# - 
#   name: geom_model_reference_level
#   datatype: float32
#   unit: mag
#   description: Magnitude reference level of geometric model
#   meta:
#     ucd: phot.mag;em.opt
# - 
#   name: geom_model_reference_level_error
#   datatype: float32
#   unit: mag
#   description: "Uncertainty of \\texttt{geomModelReferenceLevel}"
#   meta:
#     ucd: stat.error;phot.mag;em.opt
# - 
#   name: geom_model_gaussian1_phase
#   datatype: float32
#   description: Phase of the Gaussian 1 component
#   meta:
#     ucd: time.phase
# - 
#   name: geom_model_gaussian1_phase_error
#   datatype: float32
#   description: "Uncertainty of \\texttt{geomModelGaussian1Phase}"
#   meta:
#     ucd: stat.error;time.phase
# - 
#   name: geom_model_gaussian1_sigma
#   datatype: float32
#   description: "Standard deviation [phase] of Gaussian 1 component"
#   meta:
#     ucd: stat.stdev
# - 
#   name: geom_model_gaussian1_sigma_error
#   datatype: float32
#   description: "Uncertainty of \\texttt{geomModelGaussian1Sigma}"
#   meta:
#     ucd: stat.error
# - 
#   name: geom_model_gaussian1_depth
#   datatype: float32
#   unit: mag
#   description: Magnitude depth of Gaussian 1 component
#   meta:
#     ucd: src.var.amplitude
# - 
#   name: geom_model_gaussian1_depth_error
#   datatype: float32
#   unit: mag
#   description: "Uncertainty of \\texttt{geomModelGaussian1Depth}"
#   meta:
#     ucd: stat.error;src.var.amplitude
# - 
#   name: geom_model_gaussian2_phase
#   datatype: float32
#   description: Phase of Gaussian 2 component
#   meta:
#     ucd: time.phase
# - 
#   name: geom_model_gaussian2_phase_error
#   datatype: float32
#   description: "Uncertainty of \\texttt{geomModelGaussian2Phase}"
#   meta:
#     ucd: stat.error;time.phase
# - 
#   name: geom_model_gaussian2_sigma
#   datatype: float32
[...]
#   datatype: float32
#   description: "Secondary eclipse: uncertainty of \\texttt{derivedSecondaryEclDuration}"
#   meta:
#     ucd: stat.error;time.duration
# - 
#   name: derived_secondary_ecl_depth
#   datatype: float32
#   unit: mag
#   description: "Secondary eclipse: depth"
#   meta:
#     ucd: src.var.amplitude
# - 
#   name: derived_secondary_ecl_depth_error
#   datatype: float32
#   unit: mag
#   description: "Secondary eclipse: uncertainty of \\texttt{derivedSecondaryEclDepth}"
#   meta:
#     ucd: stat.error;src.var.amplitude
solution_id,source_id,global_ranking,reference_time,frequency,frequency_error,geom_model_reference_level,geom_model_reference_level_error,geom_model_gaussian1_phase,geom_model_gaussian1_phase_error,geom_model_gaussian1_sigma,geom_model_gaussian1_sigma_error,geom_model_gaussian1_depth,geom_model_gaussian1_depth_error,geom_model_gaussian2_phase,geom_model_gaussian2_phase_error,geom_model_gaussian2_sigma,geom_model_gaussian2_sigma_error,geom_model_gaussian2_depth,geom_model_gaussian2_depth_error,geom_model_cosine_half_period_amplitude,geom_model_cosine_half_period_amplitude_error,geom_model_cosine_half_period_phase,geom_model_cosine_half_period_phase_error,model_type,num_model_parameters,reduced_chi2,derived_primary_ecl_phase,derived_primary_ecl_phase_error,derived_primary_ecl_duration,derived_primary_ecl_duration_error,derived_primary_ecl_depth,derived_primary_ecl_depth_error,derived_secondary_ecl_phase,derived_secondary_ecl_phase_error,derived_secondary_ecl_duration,derived_secondary_ecl_duration_error,derived_secondary_ecl_depth,derived_secondary_ecl_depth_error
[from data line 336]
375316653866487564,4119712053236796800,0.5543984,2429.8493101219005,2.5726597412193577,1.9256022E-5,18.198421,0.01535504,0.18763058,0.003408762,0.092031926,0.005559446,0.3989027,0.015457817,0.6944941,0.004643696,0.09179652,0.008327241,0.3581003,0.018705035,null,null,null,null,"TWOGAUSSIANS",8,6.006014,0.18763058,0.003408762,0.4,0.0,0.38201642,0.0105629,0.6944941,0.004643696,0.4,0.0,0.34121406,0.019415792
375316653866487564,4119712087596623488,0.44936255,2502.0677883567614,1.9256684510815416,1.3892742E-5,19.776295,0.013166011,0.30194065,4.6334506E-4,0.018603796,9.18287E-4,0.42381108,0.014610906,0.554109,0.009438113,0.058294766,0.0107840765,0.32001534,0.17332575,null,null,null,null,"TWOGAUSSIANS",8,3.364222,0.30194065,4.6334506E-4,0.10418126,0.005142407,0.42383873,0.014624488,0.554109,0.009438113,0.32645068,0.060390826,0.32001534,0.17332575
375316653866487564,4119712186309087616,0.4624628,2440.249487605925,1.5067562464821818,2.3459099E-5,18.897001,0.023558026,0.26409894,0.0063598165,0.086389676,0.012196298,0.18779065,0.024937736,0.7657798,0.01417258,0.07192697,0.023234835,0.14897949,0.049167227,null,null,null,null,"TWOGAUSSIANS",8,4.7847924,0.26409894,0.0063598165,0.4,0.0,0.18556891,0.021378808,0.7657798,0.01417258,0.4,0.047317058,0.14675777,0.050082814
375316653866487564,4119712224965696000,0.45673057,2469.970705817729,0.261937917705159,1.0417345E-4,18.91309,0.15062948,0.3522652,0.014899927,0.041788355,0.018766783,0.51872677,0.29918882,0.6955943,0.036556475,0.20979403,0.1414628,0.15210237,0.14176618,null,null,null,null,"TWOGAUSSIANS",8,16.332674,0.3532652,0.014425717,0.23401478,0.105093986,0.5418223,0.3058065,0.6955943,0.036556475,0.4,0.0,0.13405673,0.044998042
375316653866487564,4119712224967728000,0.45544395,2438.0156642176503,3.9871889301975303,5.7639823E-5,16.550528,0.008718924,0.25594702,0.0020376553,0.009988874,0.0030095251,0.14456573,0.06796095,0.5814511,0.033438507,0.10712719,0.024708327,0.29783368,0.028429935,null,null,null,null,"TWOGAUSSIANS",8,6.397252,0.5814511,0.033438507,0.4,0.0,0.2978226,0.028404936,0.25600702,0.0019903954,0.055937696,0.01685334,0.14750277,0.06782659
375316653866487564,4119712392483882496,0.44886413,2458.590719998111,1.820786326795865,3.5100453E-5,18.562872,0.010926677,0.13984221,0.025349732,0.019139716,0.014074656,0.09328457,0.07146717,0.7131848,0.0055381423,0.04876825,0.027075108,0.04977817,0.1422032,0.11223434,0.015674016,0.7131848,0.0055381423,"TWOGAUSSIANS_WITH_ELLIPSOIDAL_ON_ECLIPSE2",9,19.273708,0.1441722,0.019807508,0.10718241,0.078818075,0.2757699,0.072690256,0.7131848,0.0055381423,0.2731022,0.1516206,0.2742463,0.14029457
375316653866487564,4119712396834072064,0.6029152,2442.7821875649124,1.0101144768163284,8.200729E-6,17.221498,0.0046174754,0.22107969,0.006077815,0.06960525,0.0064721545,0.1069375,0.010115586,0.7141419,0.0011887816,0.05448185,0.0014581191,0.34285426,0.005576829,null,null,null,null,"TWOGAUSSIANS",8,5.9361625,0.7141419,0.0011887816,0.30509835,0.0081654675,0.34277144,0.0055561764,0.22107969,0.006077815,0.3897894,0.031027146,0.10685466,0.0101490645
375316653866487564,4119712426843880704,0.4232736,2508.99626086702,1.3804590537729364,5.1853945E-5,19.20271,0.012773535,0.22916105,0.014970416,0.06928169,0.013635422,0.3955815,0.16826618,0.7863591,0.014892129,0.053834528,0.009603042,0.09153772,0.018901987,null,null,null,null,"TWOGAUSSIANS",8,4.024062,0.22916105,0.014970416,0.38797748,0.0625524,0.39556688,0.16828725,0.7863591,0.014892129,0.30147335,0.05377704,0.091523096,0.01887919
375316653866487564,4119712701721529856,0.46590754,2475.5512394504312,0.06232262667708595,1.6720447E-5,18.91441,0.22014363,0.24704275,0.006269108,0.13618775,0.056181505,0.21992879,0.2090299,0.7679411,0.012637025,0.13667667,0.074566275,0.23214038,0.20971034,null,null,null,null,"TWOGAUSSIANS",8,2.3907113,0.76857114,0.011997466,0.4,0.0,0.1596826,0.030348502,0.24632274,0.0064099687,0.4,0.0,0.14753465,0.03331221
375316653866487564,4119712843441220992,0.43310982,2461.4172669252325,2.209376258625969,5.0245024E-5,18.875732,0.0075924136,0.18831916,0.0127289025,0.032744225,0.0074275024,0.14249603,0.02009967,0.77609825,0.011073489,0.08099909,0.011979503,0.15784909,0.052172933,null,null,null,null,"TWOGAUSSIANS",8,3.0150275,0.77609825,0.011073489,0.4,0.0,0.15784866,0.05217441,0.18831916,0.0127289025,0.18336767,0.041594014,0.14249596,0.02009908
375316653866487564,4119712873518409088,0.44088504,2511.758819740552,1.8552799920910752,7.1122675E-5,19.153658,0.013613783,0.15670584,0.01656169,0.044195037,0.017111277,0.28670102,0.0665034,0.6742403,0.04678028,0.07885573,0.042211946,0.102604054,0.044752833,null,null,null,null,"TWOGAUSSIANS",8,2.5994122,0.15670584,0.01656169,0.24749221,0.09582315,0.2866606,0.06667867,0.6742403,0.04678028,0.4,0.17356084,0.102563635,0.044744805
375316653866487564,4119712976597646464,0.44593897,2496.91192879087,1.8552824841709268,1.11127905E-4,19.856514,0.023416074,0.22611189,0.0183531,0.07205819,0.01751933,0.15162914,0.03085167,0.7004844,0.01799824,0.050558366,0.018408988,0.31845954,0.11730008,null,null,null,null,"TWOGAUSSIANS",8,2.4123456,0.7004844,0.01799824,0.28312686,0.10309033,0.3184184,0.117372245,0.22611189,0.0183531,0.4,0.06199793,0.15158802,0.030695349
375316653866487564,4119712980949882880,0.505761,2439.987600457827,0.03930132203761899,2.6144739E-5,19.254343,0.013633042,0.32263985,0.0045015193,0.09762032,0.005022021,0.5216506,0.020413836,0.8631111,0.0030682802,0.08945279,0.005363897,0.66950625,0.030814005,null,null,null,null,"TWOGAUSSIANS",8,1.8921632,0.8631111,0.0030681044,0.4,0.0,0.65146387,0.033983324,0.32263985,0.0045015193,0.4,0.0,0.5036014,0.018535431
375316653866487564,4119713049599724544,0.4648424,2409.143371070965,1.2676109277718928,2.8461885E-5,18.16912,0.0882386,0.23721035,0.0074384026,0.106492296,0.023256324,0.2932889,0.07947098,0.7666617,0.015584596,0.11852969,0.044733413,0.23239462,0.08051229,null,null,null,null,"TWOGAUSSIANS",8,16.995298,0.23711035,0.0070857275,0.4,0.0,0.2609574,0.01591767,0.7667017,0.0154415425,0.4,0.0,0.19998245,0.0154538965
375316653866487564,4119713083959508608,0.47418192,2502.4341671786938,4.1878955008430525,4.342663E-5,19.703053,0.022795625,0.55327356,0.040985145,0.13275437,0.082617536,0.1809352,0.18999249,0.6963016,0.014642935,0.0187,0.012041953,0.4459558,0.2917859,null,null,null,null,"TWOGAUSSIANS",8,4.2959685,0.6963016,0.014642935,0.104720004,0.06743494,0.54692155,0.28154716,0.55327356,0.040985145,0.4,0.109180756,0.18063444,0.19028486
375316653866487564,4119713221468425600,0.4548996,2455.8019783477976,0.041836667871449344,7.4196854E-5,19.077827,0.027457606,0.41734716,0.01839769,0.16265696,0.032633767,0.3241868,0.030338695,0.83000934,0.0072761425,0.04289374,0.013844042,4.1311555,78.11914,null,null,null,null,"TWOGAUSSIANS",8,4.981574,0.83000934,0.0072761425,0.24020495,0.07752664,4.130445,78.12418,0.41734716,0.01839769,0.4,0.0,0.31002215,0.03164139
375316653866487564,4119713427556661632,0.44960418,2414.8474735434465,1.542635496245949,7.84078E-5,18.496506,0.011006092,0.22458267,0.012754891,0.062828064,0.018179324,0.17093368,0.041019812,0.7602947,0.008551248,0.06986446,0.007976637,0.20430256,0.02270161,null,null,null,null,"TWOGAUSSIANS",8,6.0767198,0.7602947,0.008551248,0.39124098,0.043452658,0.20419425,0.022705907,0.22458267,0.012754891,0.35183716,0.0707629,0.17082536,0.04148337
375316653866487564,4119713663795432320,0.49417925,2435.912934769268,0.038439678409637225,1.4269299E-5,19.66381,0.2237015,0.1780684,0.010535827,0.10564493,0.0331734,0.5617362,0.23624673,0.6666463,0.0025981688,0.12893006,0.03579321,0.5981979,0.21400733,null,null,null,null,"TWOGAUSSIANS",8,1.5802253,0.6666463,0.0025981688,0.4,0.0,0.49081567,0.032952692,0.1781984,0.01032461,0.4,0.0,0.4550219,0.15064162
375316653866487564,4119713771260545920,0.44734785,2513.803972430673,2.4188912044536806,4.9442624E-5,19.359426,0.0073245643,0.31382826,0.024584908,0.03141027,0.0075579737,1.0181103,1.5892432,0.81748176,0.0054063303,0.017454037,0.0033778835,0.2843497,0.056524254,null,null,null,null,"TWOGAUSSIANS",8,3.6864545,0.31382826,0.024584908,0.17589751,0.04232465,1.0181103,1.5892432,0.81748176,0.0054063303,0.09774262,0.018916147,0.2843497,0.056524254
375316653866487564,4119714110431140736,0.5520253,2378.289538113189,1.652234833223697,9.558356E-6,18.145145,0.021407668,0.24510805,0.002981631,0.09768778,0.009708703,0.2796553,0.016334448,0.74323475,0.004700058,0.10512237,0.0158599,0.22214594,0.017562488,null,null,null,null,"TWOGAUSSIANS",8,3.0906854,0.24510805,0.002981631,0.4,0.0,0.25649562,0.010995142,0.74323475,0.004700058,0.4,0.0,0.19898197,0.019215165
375316653866487564,4119714144832714880,0.47752413,2382.220600332606,1.326944022901975,2.1646414E-5,18.528717,0.026726233,0.23408091,0.01331384,0.07817732,0.0197672,0.19519925,0.04413591,0.7463911,0.008351517,0.07320122,0.00991583,0.4335497,0.02919133,null,null,null,null,"TWOGAUSSIANS",8,16.835663,0.7463911,0.008351517,0.4,0.01303966,0.4316963,0.026675073,0.23408091,0.01331384,0.4,0.0072673275,0.19334587,0.043280058
375316653866487564,4119714179174187776,0.49864438,2405.7468370146767,1.0012679335131842,2.8870329E-5,18.681772,0.0064413925,0.2627325,0.015032941,0.034742955,0.016781498,0.52864146,0.20133522,0.77189165,0.010943176,0.03651203,0.009894052,0.056737058,0.01355779,null,null,null,null,"TWOGAUSSIANS",8,2.7348337,0.2627325,0.015032941,0.19456056,0.093976386,0.52864146,0.20133522,0.77189165,0.010943176,0.20446736,0.05540669,0.056737058,0.013557788
375316653866487564,4119714247911740416,0.51161134,2448.463715092212,0.03995500610598537,5.8462047E-5,19.464474,0.005131551,0.28321782,0.0037798758,0.068212815,0.0025535,0.4913783,0.011476727,0.5380258,0.015307315,0.03334118,0.009793534,0.17009158,0.030768024,null,null,null,null,"TWOGAUSSIANS",8,1.5746883,0.28321782,0.0037798758,0.38199174,0.014299599,0.4913783,0.011476727,0.5380258,0.015307315,0.18671061,0.05484379,0.17055012,0.031064253
375316653866487564,4119714247911752064,0.45197463,2476.1467141597986,4.229883597767158,5.3476837E-5,19.860186,0.009433899,0.2988016,0.011577175,0.009254307,0.007966102,0.5358148,0.79442775,0.61710244,0.0059541063,0.037371922,0.005428949,0.14310582,0.028860837,0.08191621,0.01894561,0.2988016,0.011577175,"TWOGAUSSIANS_WITH_ELLIPSOIDAL_ON_ECLIPSE1",9,2.6482859,0.2988016,0.011577175,0.051824115,0.044610173,0.6996469,0.8054881,0.62557244,0.007846362,0.20928276,0.030402115,0.17473046,0.0347605
375316653866487564,4119714355269369216,0.47871032,2423.538632193499,0.4087630124877679,3.3535223E-5,19.01342,0.011875885,0.27065304,0.015648713,0.070469365,0.016160522,0.28527778,0.0926273,0.7539811,0.0035632646,0.071407884,0.006285088,0.27549407,0.013593117,null,null,null,null,"TWOGAUSSIANS",8,4.845293,0.27065304,0.015648713,0.39462844,0.044342242,0.28453815,0.09474949,0.7539811,0.0035632646,0.39988413,0.019965673,0.27475446,0.013479644
375316653866487564,4119714767656141440,0.4243429,2476.1923659929103,1.88833372563598,1.5768854E-4,16.512348,0.018736145,0.33874524,0.009918696,0.042087715,0.050027914,0.29435605,0.10714726,0.78465825,0.011612556,0.016105816,0.009714847,0.13257118,0.068570636,0.051976338,0.024996825,0.33874524,0.009918696,"TWOGAUSSIANS_WITH_ELLIPSOIDAL_ON_ECLIPSE1",9,11.215404,0.33874524,0.009918696,0.2356912,0.28015634,0.3983086,0.123402774,0.78544825,0.012130922,0.09019257,0.05440315,0.2251363,0.057282444
375316653866487564,4119714870736729600,0.4823466,2410.6334711725895,3.1909903839211466,3.7320897E-5,19.91009,0.013408783,0.30412662,0.004075122,0.07579825,0.009536466,0.33126906,0.036673028,0.7594545,0.055665176,0.044611942,0.030232368,0.2947446,0.084920816,null,null,null,null,"TWOGAUSSIANS",8,1.6750803,0.30412662,0.004075122,0.4,0.0,0.331247,0.03671019,0.7594545,0.055665176,0.24982688,0.16930126,0.29472256,0.08499063
375316653866487564,4119714935088467456,0.42944708,2482.363553426202,1.2369342690017795,7.932715E-5,19.68965,0.010589544,0.13797952,0.0063352888,0.023375958,0.0055082412,0.23102401,0.040660154,0.45203874,0.034602858,0.08263944,0.021058122,0.30900273,0.10616166,null,null,null,null,"TWOGAUSSIANS",8,4.1360316,0.45203874,0.034602858,0.4,0.010103931,0.30900273,0.10616173,0.13799952,0.00634895,0.13090537,0.030846152,0.23124994,0.040672686
375316653866487564,4119715038185483776,0.48803538,2491.456546165951,0.01991788498777328,4.3064916E-5,19.750067,0.029049234,0.2649926,0.045744322,0.062980704,0.03411162,0.6834221,0.3146751,0.81353295,9.4314484E-4,0.047081072,0.006292205,1.5884765,0.74328214,null,null,null,null,"TWOGAUSSIANS",8,3.9458547,0.81353295,9.4314484E-4,0.263654,0.035236347,1.5884688,0.7448641,0.2649926,0.045744322,0.35269195,0.0825799,0.6834143,0.31591558
375316653866487564,4119715141266369664,0.46756145,2426.3090722174334,1.6134089567698122,2.2630285E-5,17.673618,0.0054625478,0.19823095,0.08669496,0.05878963,0.05613405,0.045869067,0.026037613,0.53928536,0.0064781504,0.07090927,0.0071983645,0.19288974,0.021050215,null,null,null,null,"TWOGAUSSIANS",8,18.251787,0.53928536,0.0064781504,0.3970919,0.031954154,0.19288924,0.02105047,0.19824097,0.08671224,0.32922193,0.31435066,0.045870405,0.026035586
375316653866487564,4119715145613556096,0.42569607,2474.0314532338903,0.3127413414912033,9.6260745E-5,19.074749,0.015530226,0.27485982,0.017044295,0.0443933,0.09033276,0.13954584,0.09369495,0.79947144,0.0055118618,0.033534493,0.0059677027,0.14072323,0.024498232,null,null,null,null,"TWOGAUSSIANS",8,2.6052437,0.79947144,0.0055110315,0.18779317,0.033419136,0.14072323,0.024164736,0.27485982,0.017044295,0.24860248,0.16219816,0.13954584,0.09449426
375316653866487564,4119715347424845184,0.55795515,2414.361651713908,2.1774584600583675,1.4632276E-5,19.404062,0.016887845,0.28105906,0.0048946273,0.042435274,0.012855729,0.3293794,0.057149787,0.7778124,0.0037566638,0.039121017,0.0051083686,0.34514144,0.03928972,0.15638478,0.023417382,0.28105906,0.0048946273,"TWOGAUSSIANS_WITH_ELLIPSOIDAL_ON_ECLIPSE1",9,3.0207736,0.77813244,0.0032374833,0.21907769,0.028606864,0.6577937,0.0221399,0.28105906,0.0048946273,0.23763753,0.071992084,0.642149,0.038649034
375316653866487564,4119715381784379264,0.46212086,2404.3491554762654,1.769765163068287,2.821915E-5,18.884693,0.02022737,0.22576068,0.009281242,0.07562975,0.008601894,0.45644918,0.03213675,0.7301194,0.015104447,0.076745525,0.0148611795,0.47551876,0.09380651,null,null,null,null,"TWOGAUSSIANS",8,27.097288,0.7301194,0.015104447,0.4,0.02153636,0.47162533,0.09538379,0.22576068,0.009281242,0.4,0.0,0.45255572,0.031774394
375316653866487564,4119715484820852608,0.6137107,2388.8095051922623,0.5685409920438534,8.305127E-6,17.271307,0.0039288145,0.29228252,0.0015949266,0.042468816,0.0016511001,0.3993399,0.010365418,0.7935897,0.02242196,0.037698753,0.015571671,0.08147171,0.07969426,0.018710593,0.005322947,0.29228252,0.0015949266,"TWOGAUSSIANS_WITH_ELLIPSOIDAL_ON_ECLIPSE1",9,5.1297235,0.29228252,0.0015949266,0.23782536,0.00924616,0.436761,0.0055382587,0.7935897,0.020958336,0.211113,0.08720136,0.11889028,0.08134992
375316653866487564,4119715489211024384,0.45820865,2515.5921546328236,0.7533860772045605,4.4642275E-6,19.529625,0.012784797,0.12077699,0.03893526,0.120302066,0.050757363,0.121464916,0.095876746,0.39418927,0.001120573,0.016577639,0.0013516423,0.7140878,0.075474426,null,null,null,null,"TWOGAUSSIANS",8,3.3203573,0.39418927,0.001120573,0.09283478,0.0075691966,0.7232245,0.08392555,0.12077699,0.03893526,0.4,0.0,0.121421814,0.09604262
