Gaia/vari_eclipsing_binary/VariEclipsingBinary_295160-297430.csv
# %ECSV 1.0
# ---
# delimiter: ','
# meta: !!omap
# - RELEASE: Gaia DR3
# - TABLE: vari_eclipsing_binary
# - DESCRIPTION: >
#     This table describes the properties of the eclipsing binaries resulting from the variability analysis. 
# - CITATION: >
#     How to cite and acknowledge Gaia: 
#     https://gea.esac.esa.int/archive/documentation/credits.html 
# - KNOWN_ISSUES: >
#     Known issues: 
#     https://www.cosmos.esa.int/web/gaia-users/known-issues 
# - DOCUMENTATION: >
#     Tutorials and documentation: 
#     https://www.cosmos.esa.int/web/gaia-users/archive 
# datatype:
# - 
#   name: solution_id
#   datatype: int64
#   description: Solution Identifier
#   meta:
#     ucd: meta.version
# - 
#   name: source_id
#   datatype: int64
#   description: Unique source identifier
#   meta:
#     ucd: meta.id;meta.main
# - 
#   name: global_ranking
#   datatype: float32
#   description: Number between 0 (worst) and 1 (best)
#   meta:
#     ucd: stat.param
# - 
#   name: reference_time
#   datatype: float64
#   unit: d
#   description: Reference time used for the geometric model fit
#   meta:
#     ucd: time.epoch
# - 
#   name: frequency
#   datatype: float64
#   unit: d**-1
#   description: Frequency of geometric model of the eclipsing binary light curve
#   meta:
#     ucd: src.orbital
# - 
#   name: frequency_error
#   datatype: float32
#   unit: d**-1
#   description: "Uncertainty of \\texttt{frequency}"
#   meta:
#     ucd: stat.error
# - 
#   name: geom_model_reference_level
#   datatype: float32
#   unit: mag
#   description: Magnitude reference level of geometric model
#   meta:
#     ucd: phot.mag;em.opt
# - 
#   name: geom_model_reference_level_error
#   datatype: float32
#   unit: mag
#   description: "Uncertainty of \\texttt{geomModelReferenceLevel}"
#   meta:
#     ucd: stat.error;phot.mag;em.opt
# - 
#   name: geom_model_gaussian1_phase
#   datatype: float32
#   description: Phase of the Gaussian 1 component
#   meta:
#     ucd: time.phase
# - 
#   name: geom_model_gaussian1_phase_error
#   datatype: float32
#   description: "Uncertainty of \\texttt{geomModelGaussian1Phase}"
#   meta:
#     ucd: stat.error;time.phase
# - 
#   name: geom_model_gaussian1_sigma
#   datatype: float32
#   description: "Standard deviation [phase] of Gaussian 1 component"
#   meta:
#     ucd: stat.stdev
# - 
#   name: geom_model_gaussian1_sigma_error
#   datatype: float32
#   description: "Uncertainty of \\texttt{geomModelGaussian1Sigma}"
#   meta:
#     ucd: stat.error
# - 
#   name: geom_model_gaussian1_depth
#   datatype: float32
#   unit: mag
#   description: Magnitude depth of Gaussian 1 component
#   meta:
#     ucd: src.var.amplitude
# - 
#   name: geom_model_gaussian1_depth_error
#   datatype: float32
#   unit: mag
#   description: "Uncertainty of \\texttt{geomModelGaussian1Depth}"
#   meta:
#     ucd: stat.error;src.var.amplitude
# - 
#   name: geom_model_gaussian2_phase
#   datatype: float32
#   description: Phase of Gaussian 2 component
#   meta:
#     ucd: time.phase
# - 
#   name: geom_model_gaussian2_phase_error
#   datatype: float32
#   description: "Uncertainty of \\texttt{geomModelGaussian2Phase}"
#   meta:
#     ucd: stat.error;time.phase
# - 
#   name: geom_model_gaussian2_sigma
#   datatype: float32
[...]
#   datatype: float32
#   description: "Secondary eclipse: uncertainty of \\texttt{derivedSecondaryEclDuration}"
#   meta:
#     ucd: stat.error;time.duration
# - 
#   name: derived_secondary_ecl_depth
#   datatype: float32
#   unit: mag
#   description: "Secondary eclipse: depth"
#   meta:
#     ucd: src.var.amplitude
# - 
#   name: derived_secondary_ecl_depth_error
#   datatype: float32
#   unit: mag
#   description: "Secondary eclipse: uncertainty of \\texttt{derivedSecondaryEclDepth}"
#   meta:
#     ucd: stat.error;src.var.amplitude
solution_id,source_id,global_ranking,reference_time,frequency,frequency_error,geom_model_reference_level,geom_model_reference_level_error,geom_model_gaussian1_phase,geom_model_gaussian1_phase_error,geom_model_gaussian1_sigma,geom_model_gaussian1_sigma_error,geom_model_gaussian1_depth,geom_model_gaussian1_depth_error,geom_model_gaussian2_phase,geom_model_gaussian2_phase_error,geom_model_gaussian2_sigma,geom_model_gaussian2_sigma_error,geom_model_gaussian2_depth,geom_model_gaussian2_depth_error,geom_model_cosine_half_period_amplitude,geom_model_cosine_half_period_amplitude_error,geom_model_cosine_half_period_phase,geom_model_cosine_half_period_phase_error,model_type,num_model_parameters,reduced_chi2,derived_primary_ecl_phase,derived_primary_ecl_phase_error,derived_primary_ecl_duration,derived_primary_ecl_duration_error,derived_primary_ecl_depth,derived_primary_ecl_depth_error,derived_secondary_ecl_phase,derived_secondary_ecl_phase_error,derived_secondary_ecl_duration,derived_secondary_ecl_duration_error,derived_secondary_ecl_depth,derived_secondary_ecl_depth_error
[from data line 149]
375316653866487564,2607535603873117568,0.5725659,2142.0055805989814,2.7200501815257967,2.3793678E-5,15.000426,0.014455023,0.25902367,0.004154834,0.096247755,0.007359822,0.13189861,0.015495884,0.74796313,0.004225813,0.11008828,0.0129567655,0.13029896,0.013781312,null,null,null,null,"TWOGAUSSIANS",8,10.005747,0.25903368,0.004186659,0.4,0.0,0.11974339,0.0070921457,0.74796313,0.004225813,0.4,0.0,0.11813465,0.0055999868
375316653866487564,2607648711836363520,0.4868259,2201.968713244377,0.9324105630859795,4.9616137E-5,16.1971,0.022096992,0.5071764,0.05239987,0.11311779,0.034511298,0.1562942,0.031255335,0.93111944,0.02863752,0.07717922,0.02245254,0.09002573,0.023627814,null,null,null,null,"TWOGAUSSIANS",8,1.7009106,0.5071764,0.052399244,0.4,0.0,0.15378235,0.026593182,0.93111944,0.02863752,0.4,0.03865246,0.08765351,0.019211702
375316653866487564,2607662013350330368,0.6309274,2204.311600619116,3.9040705631536725,1.3137288E-5,15.889497,0.063084215,0.30128923,0.004686372,0.056376047,0.014132046,0.40277085,0.13606459,0.79901797,0.005386931,0.055957545,0.01078719,0.382878,0.13223799,0.0838625,0.07444201,0.30128923,0.004686372,"TWOGAUSSIANS_WITH_ELLIPSOIDAL_ON_ECLIPSE1",9,73.114876,0.30128923,0.004686372,0.31570587,0.079139456,0.5704592,0.046292044,0.79923797,0.0049112886,0.31336224,0.060408264,0.5505355,0.027560538
375316653866487564,2607665101431862016,0.5259947,2171.9613843430075,0.9767665997230411,2.99306E-4,17.687435,0.002662812,0.28227618,0.03446215,0.05247469,0.024728322,0.21652643,0.46761394,0.7633714,0.07460535,0.04907098,0.06758492,0.015888277,0.0072472063,null,null,null,null,"TWOGAUSSIANS",8,3.4335582,0.28227618,0.03446199,0.29385826,0.1384786,0.21652618,0.46761855,0.7633714,0.07460535,0.2747975,0.19952603,0.015888024,0.0072513297
375316653866487564,2608019835665663488,0.5497125,2187.25393225242,3.9754632545376642,6.789989E-6,14.388159,0.027832342,0.332576,0.0033486725,0.06452894,0.0105574615,0.21387652,0.07270675,0.80352294,0.03705508,0.056281105,0.015169969,0.1551818,0.10695688,0.092913605,0.04276117,0.332576,0.0033486725,"TWOGAUSSIANS_WITH_ELLIPSOIDAL_ON_ECLIPSE1",9,247.00877,0.332576,0.0033486725,0.3613621,0.059121784,0.39958692,0.03203743,0.8101829,0.010353403,0.3151742,0.084951825,0.33615497,0.07089485
375316653866487564,2608070722438471040,0.4966696,2191.1771705211654,0.8598297251841719,2.4046652E-5,19.502531,0.01427072,0.20165458,0.032106187,0.0257241,0.03542064,1.3336397,2.5242457,0.77738935,0.0143243335,0.024913566,0.009668845,0.47643995,0.15650189,null,null,null,null,"TWOGAUSSIANS",8,1.9933031,0.20165458,0.032106187,0.14405496,0.19835559,1.3336397,2.5242457,0.77738935,0.0143243335,0.13951597,0.05414553,0.47643995,0.15650189
375316653866487564,2608085939506985856,0.6482234,2218.4701394136923,3.003982799686507,8.02032E-6,17.47755,0.0056720334,0.2628888,0.0032966048,0.07386839,0.0052610943,0.54830134,0.0068089613,0.7629224,0.004021354,0.07726872,0.0031622185,0.5622745,0.022749722,null,null,null,null,"TWOGAUSSIANS",8,7.3012447,0.7629224,0.004021354,0.4,0.0,0.55761194,0.022888098,0.2628888,0.0032966048,0.4,0.015114751,0.5436387,0.0063515333
375316653866487564,2608167853123323136,0.54806644,2158.818592817002,3.8751832493119998,6.1416904E-5,18.161211,0.0948974,0.25836965,0.02100859,0.113422915,0.045851894,0.2620602,0.08589553,0.75210357,0.008192515,0.13526432,0.04496068,0.22664447,0.091315985,null,null,null,null,"TWOGAUSSIANS",8,4.9294443,0.25847965,0.020908197,0.4,0.0064091543,0.20205124,0.027433978,0.75210357,0.008192515,0.4,0.0,0.16617225,0.021797393
375316653866487564,2608292956930610048,0.5554614,2236.0083263623537,3.4096241237990847,3.949755E-5,19.280968,0.025319334,0.25518677,0.0025162848,0.100641035,0.0069682566,0.37919924,0.024206946,0.760618,0.004752157,0.10473115,0.010706194,0.3010133,0.024270216,null,null,null,null,"TWOGAUSSIANS",8,0.8931173,0.25518677,0.0025152606,0.4,0.0,0.34664673,0.010742933,0.760618,0.004752157,0.4,0.0,0.26845723,0.013089668
375316653866487564,2608335047612269568,0.53021544,2222.133433002158,3.3188143242193777,3.7584898E-5,18.622028,0.0070251,0.26011223,0.007250426,0.05149597,0.012005207,0.19308606,0.039057795,0.7673851,0.03015883,0.026505638,0.018778024,0.3868573,0.19154114,null,null,null,null,"TWOGAUSSIANS",8,3.7794151,0.7673851,0.03015883,0.14843157,0.105156936,0.3868573,0.19154117,0.26011223,0.007250426,0.28837743,0.06722916,0.19308606,0.03905783
375316653866487564,2608445582888812800,0.5680931,2194.776490276551,0.4674619614775581,1.1594736E-5,16.251911,0.0061279824,0.51315933,0.0025654954,0.08335861,0.005579127,0.2964149,0.006030093,0.9229813,0.84577805,0.024528755,0.021175032,0.039270338,0.024573078,null,null,null,null,"TWOGAUSSIANS",8,17.602716,0.51315933,0.0025654954,0.4,0.0,0.2964148,0.0060292785,0.9229813,0.84577805,0.13736102,0.11858018,0.03927191,0.024571598
375316653866487564,2608621990080773632,0.49749655,2188.6692861318124,0.5701321927241381,7.765151E-6,13.798069,0.015299727,0.11802561,0.0183306,0.07018007,0.05090661,0.041979164,0.014247375,0.66702634,0.001965514,0.017216042,0.0030153703,0.19972713,0.018422376,null,null,null,null,"TWOGAUSSIANS",8,481.27515,0.66702634,0.001965514,0.09640983,0.016886074,0.19972713,0.018420521,0.11802561,0.0183306,0.3930084,0.17148769,0.041979164,0.014240627
375316653866487564,2608654013356912512,0.6686065,2173.329572737651,2.175642659274022,6.0320504E-6,17.110361,0.023481037,0.34178093,0.0026004177,0.111507736,0.010080944,0.20014474,0.023081325,0.8278078,0.001355424,0.09477577,0.0060591404,0.3155496,0.022773977,null,null,null,null,"TWOGAUSSIANS",8,1.3150645,0.8278078,0.001355424,0.4,0.0,0.29370064,0.00888056,0.34178093,0.0025976133,0.4,0.0,0.17827661,0.009555163
375316653866487564,2608774439944462464,0.57444125,2194.022687983019,3.4220249131485265,3.2716165E-5,19.290455,0.0073998687,0.31805816,0.004023521,0.07108124,0.0039642714,0.62930137,0.022294924,0.812857,0.006164726,0.054367814,0.011992505,0.70805055,0.14971761,null,null,null,null,"TWOGAUSSIANS",8,1.7583573,0.812857,0.006164726,0.30445975,0.06715803,0.707656,0.15028296,0.31805816,0.004023521,0.39805496,0.015866335,0.62890685,0.02232727
375316653866487564,2608788772250588544,0.66152096,2209.5549780530773,4.665094953573655,1.1479881E-5,17.338638,0.0045491396,0.7423642,0.001418408,0.038627926,0.003691405,0.2378976,0.026055194,null,null,null,null,null,null,0.13757242,0.008480784,0.7423642,0.001418408,"ONEGAUSSIAN_WITH_ELLIPSOIDAL",6,4.768386,0.7423642,0.001418408,0.21631639,0.020671869,0.5130423,0.026955485,null,null,null,null,null,null
375316653866487564,2609022762068918784,0.7039573,2294.534094317713,3.374149337564349,1.8075875E-6,16.804068,0.008581756,0.3415199,3.8197183E-4,0.04596717,0.0012209457,0.5411684,0.017537462,0.8413598,0.0023124616,0.048722133,0.002777636,0.44161066,0.036333054,0.11589848,0.009804756,0.3415199,3.8197183E-4,"TWOGAUSSIANS_WITH_ELLIPSOIDAL_ON_ECLIPSE1",9,4.9058175,0.3415199,3.8197183E-4,0.25741616,0.006837296,0.77296424,0.006435402,0.8413698,0.0022333344,0.27284396,0.0155547615,0.6734063,0.035702754
375316653866487564,2609023277464624768,0.43938923,2249.948058470869,0.8287425832748344,1.08308755E-4,19.156588,0.3844842,0.42949724,0.014835555,0.105441555,0.11261131,0.23204468,0.3670115,0.900545,0.023659745,0.04100816,0.06832689,0.31985444,0.20280446,null,null,null,null,"TWOGAUSSIANS",8,7.080838,0.900545,0.023659745,0.22964568,0.19461332,0.31919926,0.07696833,0.42949724,0.014844878,0.4,0.0,0.23137793,0.069358215
375316653866487564,2609179781778525952,0.45818844,2205.2156349693073,1.2428913943345163,4.1486575E-5,18.560389,0.0054147854,0.524989,0.029288232,0.12166078,0.019447526,0.19190677,0.024426129,0.7043941,0.016379593,0.01938707,0.007879542,0.20848025,0.14998591,null,null,null,null,"TWOGAUSSIANS",8,2.2521105,0.7043941,0.016379593,0.10856759,0.044125438,0.27309623,0.14901832,0.524989,0.029288232,0.4,0.0,0.19182427,0.024371216
375316653866487564,2609287602636976000,0.5294834,2178.752403030919,3.5146295339645177,2.3078916E-5,19.601051,0.05347085,0.3572808,0.006488022,0.10142612,0.015735764,0.3655105,0.058096748,0.84990036,0.020002363,0.092695326,0.05168083,0.35558027,8.200133,null,null,null,null,"TWOGAUSSIANS",8,1.385673,0.3572808,0.00649418,0.4,0.0,0.34183463,0.04226519,0.84990036,0.020002363,0.4,0.14750639,0.33190814,8.221375
375316653866487564,2609352783060551424,0.63208836,2185.9535460454886,2.550748875213332,1.7867133E-5,12.292443,0.008630657,0.17742896,0.008954392,0.04429029,0.0103976745,0.1021163,0.021123573,0.6855079,0.0029814246,0.056362048,0.024024427,0.098833285,0.0188931,0.1074736,0.01140922,0.6855079,0.0029814246,"TWOGAUSSIANS_WITH_ELLIPSOIDAL_ON_ECLIPSE2",9,97.468094,0.17941897,0.006235598,0.24802563,0.05822698,0.3166407,0.008922666,0.6855079,0.0029814246,0.31562746,0.1345368,0.31377518,0.017445192
375316653866487564,2609520497239065984,0.59738725,2159.893734982144,1.5997445365439857,9.5997775E-6,14.550642,0.0126693845,0.25752595,0.0019897367,0.09194662,0.0066934545,0.20375432,0.009826645,0.76863515,0.0076692407,0.103328496,0.013686512,0.18449108,0.022527207,null,null,null,null,"TWOGAUSSIANS",8,18.50381,0.25752595,0.001988367,0.4,0.0,0.19121023,0.0051271636,0.76863515,0.0076692407,0.4,0.0,0.17194372,0.024334127
375316653866487564,2609703767788154496,0.4770561,2209.0292146746388,0.37266332606236047,5.864657E-5,17.601807,0.0056926217,0.33682647,0.005674893,0.029230244,0.013586365,0.07807342,0.021768048,0.71335244,0.022601748,0.058404826,0.031427253,0.64627314,364.25497,0.033350617,0.009353885,0.33682647,0.005674893,"TWOGAUSSIANS_WITH_ELLIPSOIDAL_ON_ECLIPSE1",9,15.574455,0.71556246,0.026586559,0.32706702,0.17599262,0.68072623,364.25107,0.33682647,0.005674893,0.16368937,0.076083645,0.14477447,0.019989436
375316653866487564,2609756101965136640,0.5423013,2165.5898925420106,3.515357419946011,2.6417063E-5,19.88837,0.031443086,0.34909433,0.008986805,0.059214357,0.009930378,0.7394082,0.13540807,0.8526713,0.007707902,0.06880221,0.009622933,0.46371976,0.09316958,null,null,null,null,"TWOGAUSSIANS",8,3.6323082,0.34909433,0.008986805,0.3316004,0.055610113,0.738909,0.13613012,0.8526713,0.007707902,0.38529235,0.052501682,0.4632205,0.0933585
375316653866487564,2609758678945309056,0.52928084,2218.674095238484,3.6421076215034693,1.2869857E-5,16.20817,0.0017517521,null,null,null,null,null,null,null,null,null,null,null,null,0.056711987,0.0020683818,0.20392764,0.0045912582,"ELLIPSOIDAL",4,8.140841,null,null,null,null,null,null,null,null,null,null,null,null
375316653866487564,2609962603992802176,0.4578824,2221.515025492616,0.10000306225317479,1.8851724E-5,14.193656,0.010086633,0.09305442,0.0051940554,0.019079791,0.0035900834,0.03525603,0.013018673,0.55056494,0.0075842915,0.00755922,0.016356835,0.65337235,0.9739935,null,null,null,null,"TWOGAUSSIANS",8,696.04974,0.55056494,0.0075842915,0.042331632,0.09159828,0.65337235,0.9739935,0.09305442,0.0051940554,0.10684684,0.020104468,0.03525603,0.013018673
375316653866487564,2610216896121276672,0.5210122,2185.4102910464158,2.185621558428049,2.8919567E-5,16.816017,0.030246036,0.3706471,0.0135486815,0.033677638,0.18736924,0.09676492,0.07748608,0.77950144,0.0037884272,0.027415507,0.005731864,1.332604,0.982534,null,null,null,null,"TWOGAUSSIANS",8,83.91746,0.77950144,0.0037884272,0.15352684,0.03209844,1.332604,0.9817386,0.3706471,0.0135486815,0.18859476,0.25454918,0.09676492,0.082853965
375316653866487564,2610381689721599744,0.46823674,2219.439633318296,4.6316282318867685,9.7356125E-5,18.756855,0.11707863,0.24062306,0.031981602,0.19151299,0.1190242,0.1341868,0.11187042,0.5857132,0.014009208,0.063220635,0.010139999,0.18273601,0.023753643,null,null,null,null,"TWOGAUSSIANS",8,2.9271846,0.5857132,0.014009208,0.3540356,0.056783997,0.19803618,0.03341935,0.24062306,0.03197754,0.4,0.0,0.12263582,0.012284862
375316653866487564,2610401343492073728,0.54479116,2203.4328016302925,0.8763056776604947,1.1443466E-5,16.212858,0.0054179416,0.66347444,3.6146163E-4,0.017483044,9.026376E-4,0.35684216,0.010913603,null,null,null,null,null,null,0.012420391,0.008797772,0.66347444,3.6146163E-4,"ONEGAUSSIAN_WITH_ELLIPSOIDAL",6,58.949306,0.66347444,3.6146163E-4,0.09790505,0.0050547705,0.38168296,0.014327884,null,null,null,null,null,null
375316653866487564,2610463702122146432,0.54369396,2251.9056195142675,0.41069599987128524,1.4879681E-4,17.910496,0.0021225251,0.12576641,0.012450703,0.033098888,0.01808746,0.022201385,0.43625578,0.6605352,0.010325126,0.031354662,0.012234535,0.31561252,17.115858,null,null,null,null,"TWOGAUSSIANS",8,1.12336,0.6605352,0.010325126,0.1755861,0.06851339,0.31561252,17.115858,0.12576641,0.012450703,0.18535376,0.10128977,0.022201385,0.43625578
375316653866487564,2610588737210122752,0.5885323,2107.1087188302877,4.105170487314935,1.3605318E-5,18.39879,0.009275173,0.2175906,0.0031644765,0.07935113,0.0044725947,0.46515936,0.040154316,0.7287055,0.0021375688,0.06506744,0.0029490334,0.61158454,0.023910446,null,null,null,null,"TWOGAUSSIANS",8,4.4376354,0.7287055,0.0021375688,0.36437768,0.016514588,0.609593,0.023928212,0.2175906,0.0031644765,0.4,0.0,0.46316782,0.04051307
375316653866487564,2610595299919639040,0.5484131,2254.4843728950727,3.492215263970779,2.261343E-5,17.289146,0.010795523,0.23165278,0.0053094737,0.07447772,0.010626246,0.16738112,0.012991776,0.7312325,0.013981172,0.06318529,0.015722366,0.19878274,0.027238937,null,null,null,null,"TWOGAUSSIANS",8,7.515645,0.7312325,0.013981172,0.3538376,0.04962644,0.19829552,0.028284287,0.23165278,0.0053094737,0.4,0.004132322,0.16689388,0.012487473
375316653866487564,2610603619271871232,0.6093356,2194.305439393347,1.8868972962389505,1.4211136E-5,13.557797,0.09389258,0.25016126,0.006447654,0.0971649,0.04798199,0.17936482,0.07642551,0.7444831,0.005083856,0.103290156,0.037073206,0.16793165,0.08738459,null,null,null,null,"TWOGAUSSIANS",8,62.155914,0.25016126,0.006623541,0.4,0.0,0.16498668,0.016555574,0.7444831,0.005083856,0.4,0.0,0.15355136,0.0055984613
375316653866487564,2610645057116393856,0.61289924,2136.585779047753,3.2330045578322824,1.0613408E-5,14.866032,0.0062084207,0.27654794,0.00460192,0.09037775,0.0064215087,0.20262788,0.008233055,0.78274816,0.0030744462,0.085350074,0.004381283,0.31001142,0.012055252,null,null,null,null,"TWOGAUSSIANS",8,22.781582,0.78274816,0.0030744462,0.4,0.0,0.30218306,0.013017649,0.27654794,0.00460192,0.4,0.0,0.19479947,0.008149794
375316653866487564,2610707797998481280,0.5397634,2164.602630706171,3.5997660363157373,1.2186642E-4,14.854505,0.003209811,0.2799597,0.013122633,0.034672588,0.016342103,0.09363262,0.14456908,0.572575,0.018509349,0.13913152,0.011104371,0.11120222,0.004553531,null,null,null,null,"TWOGAUSSIANS",8,25.69914,0.572575,0.018509349,0.4,0.0,0.11085327,0.0042263274,0.2823997,0.012968667,0.1941665,0.09151578,0.10568708,0.14691882
375316653866487564,2610806749749680128,0.6554267,2176.7314962202804,0.3571168760826282,2.202822E-5,17.67709,0.0066021616,0.21488261,0.010109397,0.030662157,0.016450722,0.113333635,0.075991936,0.7279246,0.00659393,0.014383169,0.0029071702,0.8113459,0.14772354,0.048411455,0.009026256,0.21488261,0.010109397,"TWOGAUSSIANS_WITH_ELLIPSOIDAL_ON_ECLIPSE1",9,6.144076,0.7279246,0.00659393,0.080545746,0.016280154,0.90752,0.14565426,0.21488261,0.010109397,0.17170808,0.09212404,0.21015652,0.072264895
375316653866487564,2611552772684711808,0.44266427,2166.708316169403,2.552313346300923,3.760909E-5,18.46374,0.013445491,null,null,null,null,null,null,null,null,null,null,null,null,0.12746401,0.022343792,0.3917831,0.008653001,"ELLIPSOIDAL",4,6.550347,null,null,null,null,null,null,null,null,null,null,null,null
