Gaia/vari_eclipsing_binary/VariEclipsingBinary_046665-046893.csv
# %ECSV 1.0
# ---
# delimiter: ','
# meta: !!omap
# - RELEASE: Gaia DR3
# - TABLE: vari_eclipsing_binary
# - DESCRIPTION: >
#     This table describes the properties of the eclipsing binaries resulting from the variability analysis. 
# - CITATION: >
#     How to cite and acknowledge Gaia: 
#     https://gea.esac.esa.int/archive/documentation/credits.html 
# - KNOWN_ISSUES: >
#     Known issues: 
#     https://www.cosmos.esa.int/web/gaia-users/known-issues 
# - DOCUMENTATION: >
#     Tutorials and documentation: 
#     https://www.cosmos.esa.int/web/gaia-users/archive 
# datatype:
# - 
#   name: solution_id
#   datatype: int64
#   description: Solution Identifier
#   meta:
#     ucd: meta.version
# - 
#   name: source_id
#   datatype: int64
#   description: Unique source identifier
#   meta:
#     ucd: meta.id;meta.main
# - 
#   name: global_ranking
#   datatype: float32
#   description: Number between 0 (worst) and 1 (best)
#   meta:
#     ucd: stat.param
# - 
#   name: reference_time
#   datatype: float64
#   unit: d
#   description: Reference time used for the geometric model fit
#   meta:
#     ucd: time.epoch
# - 
#   name: frequency
#   datatype: float64
#   unit: d**-1
#   description: Frequency of geometric model of the eclipsing binary light curve
#   meta:
#     ucd: src.orbital
# - 
#   name: frequency_error
#   datatype: float32
#   unit: d**-1
#   description: "Uncertainty of \\texttt{frequency}"
#   meta:
#     ucd: stat.error
# - 
#   name: geom_model_reference_level
#   datatype: float32
#   unit: mag
#   description: Magnitude reference level of geometric model
#   meta:
#     ucd: phot.mag;em.opt
# - 
#   name: geom_model_reference_level_error
#   datatype: float32
#   unit: mag
#   description: "Uncertainty of \\texttt{geomModelReferenceLevel}"
#   meta:
#     ucd: stat.error;phot.mag;em.opt
# - 
#   name: geom_model_gaussian1_phase
#   datatype: float32
#   description: Phase of the Gaussian 1 component
#   meta:
#     ucd: time.phase
# - 
#   name: geom_model_gaussian1_phase_error
#   datatype: float32
#   description: "Uncertainty of \\texttt{geomModelGaussian1Phase}"
#   meta:
#     ucd: stat.error;time.phase
# - 
#   name: geom_model_gaussian1_sigma
#   datatype: float32
#   description: "Standard deviation [phase] of Gaussian 1 component"
#   meta:
#     ucd: stat.stdev
# - 
#   name: geom_model_gaussian1_sigma_error
#   datatype: float32
#   description: "Uncertainty of \\texttt{geomModelGaussian1Sigma}"
#   meta:
#     ucd: stat.error
# - 
#   name: geom_model_gaussian1_depth
#   datatype: float32
#   unit: mag
#   description: Magnitude depth of Gaussian 1 component
#   meta:
#     ucd: src.var.amplitude
# - 
#   name: geom_model_gaussian1_depth_error
#   datatype: float32
#   unit: mag
#   description: "Uncertainty of \\texttt{geomModelGaussian1Depth}"
#   meta:
#     ucd: stat.error;src.var.amplitude
# - 
#   name: geom_model_gaussian2_phase
#   datatype: float32
#   description: Phase of Gaussian 2 component
#   meta:
#     ucd: time.phase
# - 
#   name: geom_model_gaussian2_phase_error
#   datatype: float32
#   description: "Uncertainty of \\texttt{geomModelGaussian2Phase}"
#   meta:
#     ucd: stat.error;time.phase
# - 
#   name: geom_model_gaussian2_sigma
#   datatype: float32
[...]
#   datatype: float32
#   description: "Secondary eclipse: uncertainty of \\texttt{derivedSecondaryEclDuration}"
#   meta:
#     ucd: stat.error;time.duration
# - 
#   name: derived_secondary_ecl_depth
#   datatype: float32
#   unit: mag
#   description: "Secondary eclipse: depth"
#   meta:
#     ucd: src.var.amplitude
# - 
#   name: derived_secondary_ecl_depth_error
#   datatype: float32
#   unit: mag
#   description: "Secondary eclipse: uncertainty of \\texttt{derivedSecondaryEclDepth}"
#   meta:
#     ucd: stat.error;src.var.amplitude
solution_id,source_id,global_ranking,reference_time,frequency,frequency_error,geom_model_reference_level,geom_model_reference_level_error,geom_model_gaussian1_phase,geom_model_gaussian1_phase_error,geom_model_gaussian1_sigma,geom_model_gaussian1_sigma_error,geom_model_gaussian1_depth,geom_model_gaussian1_depth_error,geom_model_gaussian2_phase,geom_model_gaussian2_phase_error,geom_model_gaussian2_sigma,geom_model_gaussian2_sigma_error,geom_model_gaussian2_depth,geom_model_gaussian2_depth_error,geom_model_cosine_half_period_amplitude,geom_model_cosine_half_period_amplitude_error,geom_model_cosine_half_period_phase,geom_model_cosine_half_period_phase_error,model_type,num_model_parameters,reduced_chi2,derived_primary_ecl_phase,derived_primary_ecl_phase_error,derived_primary_ecl_duration,derived_primary_ecl_duration_error,derived_primary_ecl_depth,derived_primary_ecl_depth_error,derived_secondary_ecl_phase,derived_secondary_ecl_phase_error,derived_secondary_ecl_duration,derived_secondary_ecl_duration_error,derived_secondary_ecl_depth,derived_secondary_ecl_depth_error
[from data line 635]
375316653866487564,411891559879980928,0.666945,2156.4164522528636,0.4582170865578675,2.1479668E-6,17.080597,0.0016134176,0.23397979,8.222959E-4,0.024059528,0.001241967,0.14061019,0.004938238,0.7349587,2.8566446E-4,0.021151822,3.9344653E-4,1.476788,0.050075106,0.018746162,0.0022585113,0.23397979,8.222959E-4,"TWOGAUSSIANS_WITH_ELLIPSOIDAL_ON_ECLIPSE1",9,3.6105185,0.7349587,2.8566446E-4,0.1184502,0.0022033006,1.5142789,0.050592124,0.23397979,8.222959E-4,0.13473336,0.006955015,0.17810252,0.0048864326
375316653866487564,411892212714982784,0.51830626,2137.479833361678,1.951419655735687,5.083282E-6,13.981417,0.029362941,0.20334037,0.0021352612,0.12720324,0.023903139,0.07357295,0.027659547,0.70155656,0.0018904613,0.14018662,0.024943156,0.09077232,0.028233858,null,null,null,null,"TWOGAUSSIANS",8,15.123562,0.70155656,0.0018904613,0.4,0.0,0.06264793,0.0015366187,0.20342036,0.0021671327,0.4,0.0,0.04569759,0.0018056185
375316653866487564,411894205579769728,0.58326465,2143.4490612577774,1.5235212447338218,1.960702E-6,15.929505,0.0015380876,0.2710138,0.0013272166,0.040827673,0.002429555,0.08809558,0.004873347,0.77102935,5.3815363E-4,0.035994288,0.0010037703,0.19974,0.006122328,0.013491951,0.0023873227,0.2710138,0.0013272166,"TWOGAUSSIANS_WITH_ELLIPSOIDAL_ON_ECLIPSE1",9,7.042826,0.77102935,5.3738087E-4,0.20156802,0.0056211133,0.2267239,0.006218391,0.2710138,0.0013272166,0.22863497,0.013605508,0.115079485,0.00474795
375316653866487564,411895270731696512,0.50571495,2119.0470303484162,0.835553460738322,4.271745E-6,16.524172,7.376883E-4,0.37795714,0.018919684,0.037011012,0.015927056,0.0063780844,0.0024171832,0.53676385,0.0013612018,0.028171422,0.0015239133,0.12588063,0.010888198,null,null,null,null,"TWOGAUSSIANS",8,2.3643885,0.53676385,0.0013612018,0.15775996,0.008533915,0.12588127,0.010888767,0.37795714,0.01892846,0.20726167,0.08919151,0.0063781003,0.0024170124
375316653866487564,411896881334013440,0.5431721,2122.5900920781723,0.20315570491854,3.8700873E-6,12.565194,6.626676E-4,0.15044963,6.9581345E-4,0.0054156124,3.4136995E-4,0.026151886,0.0019127744,null,null,null,null,null,null,0.04111137,0.0010292482,0.15044963,6.9581345E-4,"ONEGAUSSIAN_WITH_ELLIPSOIDAL",6,45.938675,0.15044963,6.9581345E-4,0.03032743,0.0019116716,0.10837462,0.0017852759,null,null,null,null,null,null
375316653866487564,411897194877010304,0.5521736,2141.807810628181,0.34187379627736914,3.5103796E-5,16.226456,0.0064689694,0.34912,1.40375E-4,0.010584317,7.2415906E-4,3.4108887,0.3734697,null,null,null,null,null,null,null,null,null,null,"ONEGAUSSIAN",5,76.734,0.34912,1.40375E-4,0.059272174,0.0040552905,3.4108887,0.0,null,null,null,null,null,null
375316653866487564,411898122591969280,0.50912243,2147.8769846232676,1.2084280356740438,4.115618E-6,17.767912,0.0032749511,0.44896206,0.005463522,0.027684325,0.015328113,0.03465358,0.010327475,0.69630826,6.464323E-4,0.024399098,0.0011914731,0.37149516,0.010995487,null,null,null,null,"TWOGAUSSIANS",8,8.791797,0.69630826,6.464323E-4,0.13663496,0.006672249,0.37149516,0.010995487,0.44896206,0.005463522,0.15503222,0.08583743,0.03465358,0.010327475
375316653866487564,411899806217098496,0.48542434,2152.9248248965296,0.356291037335126,9.877386E-6,15.790055,9.2148193E-4,0.33431187,0.0042923572,0.017154695,0.007294881,0.03437632,0.013155965,0.82193077,0.0029579494,0.012365343,0.0017334144,0.1630763,0.016175665,null,null,null,null,"TWOGAUSSIANS",8,13.317317,0.82193077,0.0029579494,0.06924592,0.00970712,0.1630763,0.016175665,0.33431187,0.0042923572,0.096066296,0.040851332,0.03437632,0.013155965
375316653866487564,411901008807913728,0.59366137,2158.648589186008,0.3082304503792725,4.0016803E-6,12.465203,5.277881E-4,0.2521895,0.0012360734,0.022578964,9.205721E-4,0.22315797,0.0071079168,0.7541224,0.0018508944,0.025515787,0.0014222017,0.10182682,0.008164557,0.007993736,7.613899E-4,0.7541224,0.0018508944,"TWOGAUSSIANS_WITH_ELLIPSOIDAL_ON_ECLIPSE2",9,61.11182,0.2521995,0.0012243058,0.1264422,0.005155204,0.23914307,0.0067907576,0.7541224,0.0018508944,0.14288841,0.00796433,0.11781428,0.008159648
375316653866487564,411906948740318592,0.51783943,2118.315164681468,0.06647336027008703,9.038599E-6,18.7012,0.0016325386,0.37077773,8.899157E-5,0.002285054,3.7050537E-5,0.7369394,0.023342593,0.86705196,8.002532E-4,0.0011297844,5.5266987E-4,0.38900968,0.07271434,null,null,null,null,"TWOGAUSSIANS",8,1.5797397,0.37077773,8.899157E-5,0.012796301,2.07483E-4,0.7369394,0.023342593,0.86705196,8.002532E-4,0.0063267928,0.0030949514,0.38900968,0.07271434
375316653866487564,411908396152865280,0.5961336,2090.7571554494266,2.7478289554644473,4.3171053E-6,18.335152,0.008652469,0.24392892,9.360383E-4,0.053811338,0.0029083954,0.23393954,0.021217933,0.74783826,0.0029559904,0.056705315,0.0040093535,0.20329636,0.021419115,0.10988535,0.012567488,0.24392892,9.360383E-4,"TWOGAUSSIANS_WITH_ELLIPSOIDAL_ON_ECLIPSE1",9,2.4154418,0.24392892,9.360383E-4,0.3013435,0.016287014,0.4536949,0.008554372,0.74783826,0.0029559904,0.31754977,0.022452379,0.42291915,0.007557173
375316653866487564,411908533591802752,0.6110189,2116.076875153248,4.377053611056098,2.8191055E-6,16.770445,0.006625741,0.25479963,0.0023481606,0.04961477,0.0022685134,0.44280544,0.023012444,0.7602249,7.5054436E-4,0.04727525,0.0021383015,0.38716456,0.015428165,0.12959047,0.010872247,0.7602249,7.5054436E-4,"TWOGAUSSIANS_WITH_ELLIPSOIDAL_ON_ECLIPSE2",9,28.860727,0.25534964,0.0020579987,0.2778427,0.012703676,0.7017141,0.016847871,0.7602249,7.5054436E-4,0.2647414,0.011974487,0.6463435,0.009239393
375316653866487564,411911454169482240,0.45773736,2147.9435221295366,1.4643553455873914,8.7545795E-6,17.396753,0.0050388603,0.2723833,0.0013918149,0.025558064,0.001740955,0.25285882,0.01549484,0.7662481,0.0060426523,0.02100741,0.008538658,0.05939927,0.022153633,0.013079511,0.006685673,0.2723833,0.0013918149,"TWOGAUSSIANS_WITH_ELLIPSOIDAL_ON_ECLIPSE1",9,22.961876,0.2723833,0.0013918149,0.14312516,0.009749348,0.27901784,0.012682558,0.7663381,0.0059347404,0.11764149,0.04781648,0.08552001,0.022243349
375316653866487564,411915130661422720,0.5018961,2131.2286533822917,0.6266450853551689,8.756638E-6,17.435047,0.001239102,0.15619422,0.049470913,0.10587924,0.042501383,0.006708351,0.0027446132,0.66355795,0.002859579,0.018578488,0.0020398234,0.14539129,0.012095994,null,null,null,null,"TWOGAUSSIANS",8,1.8131638,0.66355795,0.002859579,0.10403953,0.011423011,0.1453878,0.012095509,0.15619422,0.049470913,0.4,0.0,0.0067046606,0.0027491818
375316653866487564,411916608130088960,0.6186255,2164.219940884883,1.6389046982955382,2.6056857E-6,15.840575,5.996125E-4,0.22374533,6.706558E-4,0.0570148,0.0010281052,0.12104211,0.0017903706,null,null,null,null,null,null,0.053008836,8.346287E-4,0.22374533,6.706558E-4,"ONEGAUSSIAN_WITH_ELLIPSOIDAL",6,4.4934654,0.22374533,6.706558E-4,0.3192829,0.0057573887,0.22705133,0.0016282767,null,null,null,null,null,null
375316653866487564,411920108520960896,0.546472,2176.6481691232425,1.137282383845698,5.5788414E-6,18.399534,0.002167563,0.24670778,0.0011249542,0.034136634,0.0013704302,0.24909648,0.0064790547,0.7464303,0.014339833,0.044021104,0.0078663835,0.03376814,0.00959755,0.029142773,0.0033354494,0.24670778,0.0011249542,"TWOGAUSSIANS_WITH_ELLIPSOIDAL_ON_ECLIPSE1",9,1.719492,0.24670778,0.0011249542,0.19116515,0.007674409,0.30738193,0.0054159276,0.74649024,0.013161974,0.24651818,0.04405175,0.09205344,0.007952559
375316653866487564,411922243127328640,0.61826146,2156.281425765158,1.3325755941429598,3.40988E-6,14.117864,0.005968688,0.28502324,0.0012016736,0.105600156,0.0033863427,0.25662732,0.005027519,0.7840811,7.6399976E-4,0.0991309,0.003073974,0.23930657,0.0048121163,null,null,null,null,"TWOGAUSSIANS",8,32.78455,0.28502324,0.0012016736,0.4,0.0,0.2317754,0.0033018047,0.7840811,7.6399976E-4,0.4,0.0,0.21446016,0.0023805557
375316653866487564,411922346206521728,0.5856222,2156.8907501806075,0.5694270664607974,2.2072772E-6,15.590959,0.001699975,0.2521136,4.583892E-4,0.023118807,4.743451E-4,0.3579068,0.0061836937,0.7526934,0.0049703396,0.020498954,0.002798222,0.050747145,0.010206752,0.014757828,0.0025589762,0.2521136,4.583892E-4,"TWOGAUSSIANS_WITH_ELLIPSOIDAL_ON_ECLIPSE1",9,28.511862,0.2521136,4.583892E-4,0.12946531,0.0026563327,0.3874224,0.005506392,0.7526934,0.0049177352,0.11479414,0.015670044,0.08026239,0.008908033
375316653866487564,411924128610053248,0.5684283,2186.9895281187096,2.9773277885029317,6.6331368E-6,18.205732,0.049977414,0.21626687,0.0018739733,0.047853306,0.018981213,0.18129312,0.09500766,0.69970065,0.0035550257,0.049349688,0.03216575,0.25372937,0.02081734,0.10609185,0.053269938,0.21626687,0.0018739733,"TWOGAUSSIANS_WITH_ELLIPSOIDAL_ON_ECLIPSE1",9,4.9911184,0.7019906,0.0034102947,0.27635825,0.13177559,0.46393627,0.11535161,0.21626687,0.0018739733,0.26797852,0.10629479,0.39347574,0.013849508
375316653866487564,411924510869958144,0.6602936,2170.354543682722,0.8244908584420562,2.728477E-6,12.370515,0.0010368035,0.24213214,7.257432E-4,0.03514069,8.082132E-4,0.26795566,0.0033242423,0.74292207,8.2554965E-4,0.035542183,6.5974885E-4,0.23299716,0.0031055054,0.025384871,0.0013115904,0.24213214,7.257432E-4,"TWOGAUSSIANS_WITH_ELLIPSOIDAL_ON_ECLIPSE1",9,51.068165,0.24213214,7.257432E-4,0.19678786,0.004525994,0.31872538,0.0029592726,0.74292207,8.2554965E-4,0.19903623,0.0036945937,0.2837656,0.002224044
375316653866487564,411925404218973824,0.5330738,2161.9456379272806,4.39661077858916,4.9842406E-6,19.723593,0.011609538,0.2523556,0.0019718013,0.048292704,0.0038812545,0.41558093,0.03517978,0.75276256,0.0037544076,0.0466444,0.005920581,0.36354113,0.04275768,0.13403703,0.018544,0.2523556,0.0019718013,"TWOGAUSSIANS_WITH_ELLIPSOIDAL_ON_ECLIPSE1",9,2.0210261,0.2523556,0.0019718013,0.27043915,0.021735026,0.68365395,0.023685073,0.75276256,0.0034992897,0.26120862,0.033155255,0.63161236,0.04746707
375316653866487564,411925782180102656,0.5739778,2154.558447312692,0.8008410406001604,1.52140165E-5,15.961291,7.782827E-4,0.1067418,0.0012514883,0.025344715,7.749742E-4,0.36400053,0.027763968,0.42540672,0.005212608,0.0022744292,0.0040408233,0.008593399,0.04578394,null,null,null,null,"TWOGAUSSIANS",8,6.2599363,0.1067418,0.0012514883,0.1419304,0.004339855,0.36400053,0.027763968,0.42540672,0.005212608,0.012736804,0.022628611,0.008593399,0.04578394
375316653866487564,411930626903314560,0.60806274,2184.1496504265224,4.024199049679677,2.423498E-6,17.799335,0.006274388,0.2163346,0.0011635373,0.05652474,0.0026716848,0.4759203,0.035501864,0.7075269,6.392761E-4,0.04582668,0.0017199462,0.44005015,0.012944605,0.120919,0.009343057,0.2163346,0.0011635373,"TWOGAUSSIANS_WITH_ELLIPSOIDAL_ON_ECLIPSE1",9,5.7760944,0.2163346,0.0011635373,0.31653854,0.0149614345,0.71773106,0.039139204,0.70825696,5.602368E-4,0.2566294,0.009631698,0.6811827,0.0125631755
375316653866487564,411931211018881024,0.68143773,2179.177660625871,2.5413916483129513,1.8162003E-6,15.474738,0.003291685,0.2434465,8.917542E-4,0.05318099,0.0017423256,0.253103,0.008330495,0.74639887,4.526098E-4,0.054817427,0.0014473618,0.22131862,0.0071356054,0.12390745,0.0039239465,0.74639887,4.526098E-4,"TWOGAUSSIANS_WITH_ELLIPSOIDAL_ON_ECLIPSE2",9,13.445117,0.24397649,6.984208E-4,0.29781353,0.009757023,0.500838,0.007602484,0.74639887,4.526098E-4,0.3069776,0.008105226,0.46912357,0.0031906732
375316653866487564,411932276170732544,0.53976387,2201.2063856059603,1.30621390893086,9.021275E-6,14.390466,3.8897162E-4,null,null,null,null,null,null,null,null,null,null,null,null,0.025995616,5.480303E-4,0.22307657,0.0018146205,"ELLIPSOIDAL",4,9.17959,null,null,null,null,null,null,null,null,null,null,null,null
375316653866487564,411937047874943616,0.5226124,2196.2920570754764,4.219092345833174,7.3281344E-6,18.901402,0.009635948,0.2479635,0.0022335672,0.09851533,0.0051651136,0.23789299,0.009030986,0.7567656,0.0022572747,0.099929705,0.005300474,0.22007108,0.009200644,null,null,null,null,"TWOGAUSSIANS",8,1.24529,0.2479635,0.0022335672,0.4,0.0,0.22080225,0.0060918373,0.7567656,0.0022572747,0.4,0.0,0.2029799,0.006066752
375316653866487564,411937808088461184,0.55009466,2196.6760213161338,0.7831318597023612,4.6599826E-6,15.086006,5.297205E-4,0.20261288,5.531795E-4,0.02915295,9.4871066E-4,0.17538399,0.011467016,0.35297662,0.02230853,0.025583182,0.014616406,0.0063211275,0.00415005,null,null,null,null,"TWOGAUSSIANS",8,9.368044,0.20261288,5.531795E-4,0.16325651,0.00531278,0.17538399,0.011467016,0.35297662,0.02230853,0.14326581,0.08185187,0.006321421,0.004149667
375316653866487564,411938598362524032,0.42230386,2234.942325353059,2.0352754641613853,4.3677406E-5,14.687402,0.004541439,0.25768417,0.005082894,0.03359472,0.0054550725,0.06666822,0.012883371,0.6789079,0.013968086,0.06560393,0.015208691,0.114581876,0.024230983,null,null,null,null,"TWOGAUSSIANS",8,40.860287,0.6789079,0.013968086,0.367382,0.08273674,0.11458187,0.024231033,0.25768417,0.005082894,0.18813044,0.030548405,0.06666821,0.012883369
375316653866487564,411940105889175040,0.48657358,2079.106303446894,2.0197145028529935,5.686334E-6,19.177277,0.0037133042,0.17231639,0.0012522393,0.018047102,0.0016819907,0.3646214,0.03789755,0.6828058,0.0023172589,0.023462335,0.0024981934,0.35076508,0.052816015,null,null,null,null,"TWOGAUSSIANS",8,2.7969725,0.17231639,0.0012522393,0.101063766,0.009419148,0.3646214,0.03789755,0.6828058,0.0023172589,0.13138908,0.0139898835,0.35076508,0.052816015
375316653866487564,411942682865330944,0.4697183,2108.0064529911742,3.8080723652944726,1.5396367E-5,18.547737,0.015371144,0.22662863,0.0058356253,0.07005899,0.008183185,0.32936317,0.023535578,0.71845263,0.0059550297,0.053798735,0.005810871,0.27012667,0.022976544,null,null,null,null,"TWOGAUSSIANS",8,14.587016,0.22662863,0.0058356253,0.39233032,0.04483018,0.32923067,0.023567798,0.71845263,0.0059550297,0.30127293,0.032540876,0.26999417,0.022917394
375316653866487564,411944469571648768,0.57038575,2096.021713935275,3.232316633746684,4.836838E-6,18.486633,0.010932472,0.22985488,0.0021897822,0.041585475,0.0034361265,0.34885684,0.032114677,0.7222952,0.0017941409,0.045937944,0.0024458244,0.50722224,0.025825974,0.1310382,0.013796284,0.22985488,0.0021897822,"TWOGAUSSIANS_WITH_ELLIPSOIDAL_ON_ECLIPSE1",9,8.468346,0.7228952,0.0016224874,0.25725248,0.013696617,0.7687543,0.017445143,0.22985488,0.0021897822,0.23287866,0.019242309,0.610933,0.022862472
375316653866487564,411946157494790912,0.5179883,2090.675020029837,3.1461307661727624,6.886928E-6,19.268295,0.010088916,0.26251847,0.0028847863,0.090447836,0.004409861,0.39375988,0.016207824,0.7579172,0.0027667226,0.08980636,0.0038674804,0.41294146,0.011890976,null,null,null,null,"TWOGAUSSIANS",8,2.0820675,0.7579172,0.0027667226,0.4,0.0,0.3969145,0.010217984,0.26251847,0.0028847863,0.4,0.0,0.37773287,0.016362373
375316653866487564,411947287070485760,0.47512814,2094.9367318015456,0.7032117626163884,8.907749E-6,19.173956,0.0027365794,0.30800578,0.0016046944,0.025059653,0.0015077975,0.437316,0.029124012,0.80961084,0.0041675353,0.031504348,0.004060854,0.13275535,0.010051999,null,null,null,null,"TWOGAUSSIANS",8,1.3384047,0.30800578,0.0016046944,0.14033405,0.008443666,0.437316,0.029124012,0.80961084,0.0041675353,0.17642435,0.022740783,0.13275535,0.010051999
375316653866487564,411949249880072064,0.6136713,2110.368992335525,0.6058775903373476,2.881891E-6,15.426536,3.621214E-4,0.27570853,5.661435E-4,0.02442336,6.8683224E-4,0.169382,0.0034337284,0.7758003,0.0026011453,0.023279341,0.0013280511,0.16182323,0.008241298,0.009715422,5.665952E-4,0.27570853,5.661435E-4,"TWOGAUSSIANS_WITH_ELLIPSOIDAL_ON_ECLIPSE1",9,3.3180296,0.27570853,5.661435E-4,0.13677083,0.0038462605,0.18881282,0.0032699504,0.7758003,0.0026011453,0.13036431,0.0074370857,0.18125404,0.0079494715
