Gaia/vari_eclipsing_binary/VariEclipsingBinary_688385-688446.csv
# %ECSV 1.0
# ---
# delimiter: ','
# meta: !!omap
# - RELEASE: Gaia DR3
# - TABLE: vari_eclipsing_binary
# - DESCRIPTION: >
#     This table describes the properties of the eclipsing binaries resulting from the variability analysis. 
# - CITATION: >
#     How to cite and acknowledge Gaia: 
#     https://gea.esac.esa.int/archive/documentation/credits.html 
# - KNOWN_ISSUES: >
#     Known issues: 
#     https://www.cosmos.esa.int/web/gaia-users/known-issues 
# - DOCUMENTATION: >
#     Tutorials and documentation: 
#     https://www.cosmos.esa.int/web/gaia-users/archive 
# datatype:
# - 
#   name: solution_id
#   datatype: int64
#   description: Solution Identifier
#   meta:
#     ucd: meta.version
# - 
#   name: source_id
#   datatype: int64
#   description: Unique source identifier
#   meta:
#     ucd: meta.id;meta.main
# - 
#   name: global_ranking
#   datatype: float32
#   description: Number between 0 (worst) and 1 (best)
#   meta:
#     ucd: stat.param
# - 
#   name: reference_time
#   datatype: float64
#   unit: d
#   description: Reference time used for the geometric model fit
#   meta:
#     ucd: time.epoch
# - 
#   name: frequency
#   datatype: float64
#   unit: d**-1
#   description: Frequency of geometric model of the eclipsing binary light curve
#   meta:
#     ucd: src.orbital
# - 
#   name: frequency_error
#   datatype: float32
#   unit: d**-1
#   description: "Uncertainty of \\texttt{frequency}"
#   meta:
#     ucd: stat.error
# - 
#   name: geom_model_reference_level
#   datatype: float32
#   unit: mag
#   description: Magnitude reference level of geometric model
#   meta:
#     ucd: phot.mag;em.opt
# - 
#   name: geom_model_reference_level_error
#   datatype: float32
#   unit: mag
#   description: "Uncertainty of \\texttt{geomModelReferenceLevel}"
#   meta:
#     ucd: stat.error;phot.mag;em.opt
# - 
#   name: geom_model_gaussian1_phase
#   datatype: float32
#   description: Phase of the Gaussian 1 component
#   meta:
#     ucd: time.phase
# - 
#   name: geom_model_gaussian1_phase_error
#   datatype: float32
#   description: "Uncertainty of \\texttt{geomModelGaussian1Phase}"
#   meta:
#     ucd: stat.error;time.phase
# - 
#   name: geom_model_gaussian1_sigma
#   datatype: float32
#   description: "Standard deviation [phase] of Gaussian 1 component"
#   meta:
#     ucd: stat.stdev
# - 
#   name: geom_model_gaussian1_sigma_error
#   datatype: float32
#   description: "Uncertainty of \\texttt{geomModelGaussian1Sigma}"
#   meta:
#     ucd: stat.error
# - 
#   name: geom_model_gaussian1_depth
#   datatype: float32
#   unit: mag
#   description: Magnitude depth of Gaussian 1 component
#   meta:
#     ucd: src.var.amplitude
# - 
#   name: geom_model_gaussian1_depth_error
#   datatype: float32
#   unit: mag
#   description: "Uncertainty of \\texttt{geomModelGaussian1Depth}"
#   meta:
#     ucd: stat.error;src.var.amplitude
# - 
#   name: geom_model_gaussian2_phase
#   datatype: float32
#   description: Phase of Gaussian 2 component
#   meta:
#     ucd: time.phase
# - 
#   name: geom_model_gaussian2_phase_error
#   datatype: float32
#   description: "Uncertainty of \\texttt{geomModelGaussian2Phase}"
#   meta:
#     ucd: stat.error;time.phase
# - 
#   name: geom_model_gaussian2_sigma
#   datatype: float32
[...]
#   datatype: float32
#   description: "Secondary eclipse: uncertainty of \\texttt{derivedSecondaryEclDuration}"
#   meta:
#     ucd: stat.error;time.duration
# - 
#   name: derived_secondary_ecl_depth
#   datatype: float32
#   unit: mag
#   description: "Secondary eclipse: depth"
#   meta:
#     ucd: src.var.amplitude
# - 
#   name: derived_secondary_ecl_depth_error
#   datatype: float32
#   unit: mag
#   description: "Secondary eclipse: uncertainty of \\texttt{derivedSecondaryEclDepth}"
#   meta:
#     ucd: stat.error;src.var.amplitude
solution_id,source_id,global_ranking,reference_time,frequency,frequency_error,geom_model_reference_level,geom_model_reference_level_error,geom_model_gaussian1_phase,geom_model_gaussian1_phase_error,geom_model_gaussian1_sigma,geom_model_gaussian1_sigma_error,geom_model_gaussian1_depth,geom_model_gaussian1_depth_error,geom_model_gaussian2_phase,geom_model_gaussian2_phase_error,geom_model_gaussian2_sigma,geom_model_gaussian2_sigma_error,geom_model_gaussian2_depth,geom_model_gaussian2_depth_error,geom_model_cosine_half_period_amplitude,geom_model_cosine_half_period_amplitude_error,geom_model_cosine_half_period_phase,geom_model_cosine_half_period_phase_error,model_type,num_model_parameters,reduced_chi2,derived_primary_ecl_phase,derived_primary_ecl_phase_error,derived_primary_ecl_duration,derived_primary_ecl_duration_error,derived_primary_ecl_depth,derived_primary_ecl_depth_error,derived_secondary_ecl_phase,derived_secondary_ecl_phase_error,derived_secondary_ecl_duration,derived_secondary_ecl_duration_error,derived_secondary_ecl_depth,derived_secondary_ecl_depth_error
375316653866487564,6055099152225646336,0.41837817,2193.9973688899745,1.9575033343795119,3.522612E-5,19.903063,0.035014942,0.3220318,0.002962158,0.03545743,0.008526284,0.5375081,0.5388664,0.76191825,0.050826948,0.09842656,0.13720098,0.07142564,0.16614364,null,null,null,null,"TWOGAUSSIANS",8,5.708353,0.3220318,0.002962158,0.19856161,0.04774719,0.5374786,0.5389011,0.76191825,0.050826948,0.4,0.4928842,0.071392916,0.1661964
375316653866487564,6055099427101327744,0.51129895,2225.40449819999,1.1352895030741719,2.8191338E-5,19.892351,0.008041686,0.5951639,0.0037925644,0.04250643,0.006996979,0.6318232,0.18545066,0.8401971,0.048770063,0.01601768,0.022168785,0.033450685,0.042471845,null,null,null,null,"TWOGAUSSIANS",8,1.5815233,0.5951639,0.0037925644,0.23803602,0.039183084,0.6318232,0.18545066,0.8401971,0.048770063,0.089699,0.124145195,0.033450723,0.042487785
375316653866487564,6055099598902230016,0.5154597,2169.636923060458,2.4448643084857298,2.1765047E-5,19.148293,0.036556255,0.29731628,0.0051078615,0.09907485,0.013499042,0.26238957,0.034179974,0.7940739,0.009983139,0.09876829,0.021671848,0.28559104,0.031929612,null,null,null,null,"TWOGAUSSIANS",8,2.1315887,0.7940739,0.009983139,0.4,0.0,0.2640494,0.016062053,0.29731628,0.005086918,0.4,0.0,0.24084795,0.014551785
375316653866487564,6055100595332896896,0.5086001,2222.3437590480025,0.08057334798607013,4.7446927E-5,19.193544,0.008034766,0.2591984,0.0012839132,0.013450498,0.0013664801,0.43900967,0.10555905,0.8235304,0.003979645,0.025036639,0.0021753823,0.6807067,0.09127069,null,null,null,null,"TWOGAUSSIANS",8,7.967921,0.8235304,0.003979645,0.14020517,0.012182141,0.6807067,0.09127069,0.2591984,0.0012839132,0.075322784,0.007652289,0.43900967,0.10555905
375316653866487564,6055100900278146944,0.49358806,2227.2794437534317,0.6159870759200589,4.475917E-5,18.86313,0.0036403793,0.18445686,0.011006808,0.02329258,0.02021831,0.20133027,8.4773528E14,0.6847616,0.015555058,0.023034064,0.0054919007,0.45505312,0.37022746,0.028126767,0.004566412,0.18445686,0.011006808,"TWOGAUSSIANS_WITH_ELLIPSOIDAL_ON_ECLIPSE1",9,1.5458473,0.6847616,0.015552147,0.12899075,0.030754644,0.51130646,0.37040532,0.18445686,0.011006808,0.13043846,0.11322254,0.2575838,8.4773528E14
375316653866487564,6055101076387949184,0.49424812,2173.990954238715,1.0085439990522276,1.28440615E-5,17.068483,0.0016400588,0.37115493,0.0032615096,0.039720055,0.0032364058,0.078336455,0.0051659434,0.16246635,0.025881974,0.059292085,0.0517204,0.008731174,1.8546494,null,null,null,null,"TWOGAUSSIANS",8,1.4003924,0.37113494,0.003257712,0.2224323,0.018123873,0.07835429,0.0051729963,0.16246635,0.02588625,0.3320357,0.28963423,0.008731253,1.8546498
375316653866487564,6055101110728973440,0.40343767,2196.459857398138,2.791925981676442,4.9712202E-5,19.244389,0.296829,0.32998845,0.022385726,0.15447196,0.110155486,0.21900234,0.29178336,0.79128003,0.017387765,0.11265406,0.04037196,0.23275997,0.19212002,null,null,null,null,"TWOGAUSSIANS",8,9.09351,0.79128003,0.017387765,0.4,0.0,0.1780107,0.034798082,0.33018845,0.022040691,0.4,0.0,0.16127327,0.038516518
375316653866487564,6055101385607099776,0.5407715,2164.757924022046,2.575355921788261,1.3690631E-5,19.461748,0.013957764,0.23877452,0.005168829,0.098530166,0.008749735,0.28601053,0.019121768,0.71844405,0.003394236,0.09337456,0.0062389905,0.25923395,0.0140081365,null,null,null,null,"TWOGAUSSIANS",8,0.6467951,0.23877452,0.005168829,0.4,0.0,0.27220473,0.018085595,0.71844405,0.003394236,0.4,0.0,0.24542992,0.008621108
375316653866487564,6055101557424394368,0.6166838,2201.6711201300627,2.686851910190143,5.413853E-6,14.88415,0.027161809,0.28850818,0.0015567506,0.059624154,0.0107832635,0.16681688,0.054281395,0.78240454,0.0027989654,0.068392485,0.01010102,0.20879199,0.050234023,0.07013801,0.028751524,0.28850818,0.0015567506,"TWOGAUSSIANS_WITH_ELLIPSOIDAL_ON_ECLIPSE1",9,49.233585,0.7836145,0.0019012447,0.3829979,0.05655794,0.34869194,0.010151483,0.28850818,0.0015567506,0.33389527,0.060386274,0.30688208,0.0071850736
375316653866487564,6055101797943042816,0.49240032,2281.3873299977804,0.19634692672120052,4.3781987E-5,19.579975,0.007375718,0.23989607,0.01528701,0.011926538,0.011486083,0.07795623,2.8669028,0.5697989,0.041181322,0.045258522,0.058648314,1.1859947,1.6302593,null,null,null,null,"TWOGAUSSIANS",8,2.5367124,0.5697989,0.041181322,0.2534477,0.15121546,1.1859947,1.6302613,0.23989607,0.01528408,0.066788614,0.06432207,0.07795623,2.8668616
375316653866487564,6055101866661950976,0.6969765,2229.0883518920537,0.27714572596785275,4.825607E-6,16.419676,7.5868046E-4,0.28200236,0.004862644,0.013323717,0.0021949604,0.60991234,0.11913611,0.76796067,0.002008628,0.0060597905,0.0021789016,0.99133617,2.8863008,null,null,null,null,"TWOGAUSSIANS",8,2.2391374,0.76796067,0.002008628,0.033934828,0.012201849,0.99133617,2.8863008,0.28200236,0.004862644,0.07461281,0.012291778,0.60991234,0.11913611
375316653866487564,6055101935381467264,0.5683451,2195.647551344409,0.38118263177335654,9.573585E-6,15.214602,9.5167407E-4,0.23547064,0.0022236358,0.022593647,0.0013639181,0.08968319,0.009238067,0.7444953,0.010240792,0.01885569,0.0040585943,0.07892967,0.017756423,0.014510339,0.0015503634,0.23547064,0.0022236358,"TWOGAUSSIANS_WITH_ELLIPSOIDAL_ON_ECLIPSE1",9,5.668291,0.23547064,0.0022236358,0.12652442,0.0076379413,0.118703865,0.009120694,0.7444953,0.010240792,0.10559186,0.022728128,0.10785714,0.017943306
375316653866487564,6055101935381468544,0.6658558,2181.0644014434997,0.7110098638286919,6.613178E-6,15.829291,0.0028093774,0.24284768,0.0015197211,0.044774897,0.0020401345,0.31327143,0.009067083,0.7424027,0.0013070679,0.04327059,0.0021838523,0.23752534,0.008024675,0.052723497,0.0037763214,0.24284768,0.0015197211,"TWOGAUSSIANS_WITH_ELLIPSOIDAL_ON_ECLIPSE1",9,7.0816097,0.24284768,0.0015197211,0.25073943,0.011424754,0.41871828,0.006855996,0.7424327,0.001229334,0.24231532,0.012229573,0.3429714,0.0062674657
375316653866487564,6055102141539902592,0.48138228,2213.0298807496306,1.5139075110959745,2.85398E-5,17.743856,0.052352045,0.25392783,0.009166361,0.111502945,0.033480715,0.10423662,0.05028208,0.75580287,0.0081416555,0.12350218,0.040423483,0.120821714,0.048454452,null,null,null,null,"TWOGAUSSIANS",8,3.3195162,0.75580287,0.008162575,0.4,0.0,0.097827025,0.0119372625,0.25390783,0.009199164,0.4,0.0,0.081299745,0.00996298
375316653866487564,6055102382039705728,0.4697442,2228.859852190551,3.441396837458652,2.0367768E-5,18.675865,0.60012525,0.30548275,0.011383424,0.11028739,0.14120626,0.20109482,0.58610886,0.7951037,0.013485377,0.08999875,0.058153722,0.16743283,0.3798444,null,null,null,null,"TWOGAUSSIANS",8,3.873028,0.30548275,0.011541994,0.4,0.0,0.18676035,0.020480992,0.7951037,0.013485377,0.4,0.0,0.15311332,0.024313005
375316653866487564,6055102553856924032,0.68821484,2220.069852788385,0.7113384868046223,2.129788E-6,16.047604,0.0012747599,0.2762143,4.745962E-4,0.02757985,5.5856054E-4,0.44052213,0.004625309,0.7764601,6.6600903E-4,0.027974626,6.5036153E-4,0.4631271,0.0089246575,0.01084906,0.0016971702,0.2762143,4.745962E-4,"TWOGAUSSIANS_WITH_ELLIPSOIDAL_ON_ECLIPSE1",9,4.8666463,0.7764601,6.6600903E-4,0.1566579,0.0036420247,0.48482513,0.009087538,0.2762143,4.745962E-4,0.15444715,0.003127939,0.46222022,0.0042519686
375316653866487564,6055102583904559104,0.52680117,2206.0852810989463,1.1005224840544652,1.20749E-5,18.49095,0.003261473,0.26366448,0.0013592008,0.014626975,8.2105095E-4,0.42438427,0.017201634,0.73219013,0.020630227,0.03358142,0.024568997,0.13367757,0.04332901,null,null,null,null,"TWOGAUSSIANS",8,4.1580677,0.26366448,0.0013592008,0.08191106,0.004597885,0.42438427,0.017201634,0.73219013,0.020630227,0.18805596,0.13758639,0.13367757,0.04332901
375316653866487564,6055104095733827968,0.52617145,2259.2595760248305,3.270694024713632,1.016047E-5,18.601185,0.016235739,0.18873367,0.0044047907,0.097045235,0.009140273,0.20591006,0.016579073,0.6775728,0.0027214566,0.09642505,0.0066711805,0.2480578,0.015151841,null,null,null,null,"TWOGAUSSIANS",8,1.9212749,0.6775728,0.0027214566,0.4,0.0,0.2342893,0.009437698,0.18873367,0.0044047907,0.4,0.0,0.19214159,0.0114151
375316653866487564,6055104203124162176,0.5484394,2203.9569045260387,1.6755540309754935,7.95958E-6,17.495428,0.25921786,0.26191658,0.0033119535,0.29366082,0.12585217,0.34170294,0.25569615,0.75004464,0.0031442598,0.11093862,0.008864039,0.26768845,0.057854176,null,null,null,null,"TWOGAUSSIANS",8,2.1339936,0.75004464,0.0031442598,0.4,0.0,0.16436508,0.0045998646,0.26202658,0.0033469936,0.4,0.0,0.079838604,0.00530345
375316653866487564,6055104581081377920,0.70074284,2234.7332974699652,0.7516288465776015,1.0106589E-6,15.70914,0.0012658117,0.24532175,3.3427452E-4,0.026120262,2.8862903E-4,0.59960073,0.009635353,0.74520653,2.6986253E-4,0.026456451,4.4615724E-4,0.5560216,0.01036843,0.005417706,0.0017679122,0.24532175,3.3427452E-4,"TWOGAUSSIANS_WITH_ELLIPSOIDAL_ON_ECLIPSE1",9,5.233254,0.24532175,3.3427452E-4,0.14627346,0.0016163227,0.61043614,0.009059651,0.74520653,2.6986253E-4,0.14815614,0.0024984805,0.566857,0.011248476
375316653866487564,6055104649800840960,0.4454267,2212.9807390033816,0.10717881405052082,3.5832512E-5,14.859532,0.0018800616,0.34201217,0.007527107,0.046034254,0.004243819,0.06704027,0.010150516,0.841955,0.0054191435,0.04737106,0.0051515,0.0570394,0.00850146,null,null,null,null,"TWOGAUSSIANS",8,44.82884,0.34201217,0.007527107,0.25779182,0.023765385,0.0670402,0.010150522,0.841955,0.0054191435,0.26527795,0.028848398,0.057039324,0.008501504
375316653866487564,6055104748570382464,0.5672985,2246.426630632151,0.6119184880576598,1.0005881E-5,19.034525,0.0052569574,0.09461776,0.02768087,0.033340737,0.012495012,0.076814495,0.026532853,0.5913063,8.6265424E-4,0.027674181,0.0010568985,0.6869929,0.02500487,null,null,null,null,"TWOGAUSSIANS",8,2.7934778,0.5913063,8.6265424E-4,0.15497541,0.005918632,0.6869929,0.02500487,0.09461776,0.02768087,0.18670814,0.06997207,0.076814495,0.026532853
375316653866487564,6055104890300698112,0.4828609,2249.2193078881382,2.514014908175198,2.1915464E-5,18.995735,0.2155069,0.2865555,0.0064006113,0.11475779,0.045233086,0.20136781,0.20012935,0.76385456,0.012321889,0.11781048,0.0597728,0.20251957,0.21105595,null,null,null,null,"TWOGAUSSIANS",8,2.2990997,0.76385456,0.012321889,0.4,0.0,0.17025019,0.01648457,0.28665552,0.005524545,0.4,0.0,0.16912292,0.011898572
375316653866487564,6055105955453117184,0.44620356,2200.259464377942,0.17848281653772785,1.0702131E-5,18.865683,0.008530394,0.22521949,0.029151427,0.047655437,0.023308024,0.23927845,0.32605338,0.68326116,0.0014256187,0.013310481,0.0020811094,0.24380185,0.07222578,null,null,null,null,"TWOGAUSSIANS",8,4.362929,0.68326116,0.0014256187,0.07453869,0.011654213,0.24380185,0.07222578,0.22521949,0.029151427,0.26687044,0.13052493,0.23927845,0.32605338
375316653866487564,6055106535277203200,0.47671095,2215.4752732449306,0.2757182621367714,5.6077293E-5,19.185108,0.003047905,0.24019477,0.02394121,0.044733144,0.015881354,0.15142249,0.8754966,0.82546896,5.5022338E-5,0.008834258,1.0054668E-4,0.44677675,0.0051860833,null,null,null,null,"TWOGAUSSIANS",8,1.3640097,0.82546896,5.5022338E-5,0.04947184,5.630614E-4,0.44677675,0.0051860833,0.24019477,0.02394121,0.2505056,0.088935584,0.15142249,0.8754966
375316653866487564,6055106711385390976,0.61031765,2207.6701752028575,3.254465268605555,5.8481173E-6,17.054615,0.016175482,0.25095287,0.0024914106,0.04350386,0.009032242,0.20110066,0.032888066,0.7543647,0.0065558665,0.054181743,0.011292412,0.3145426,0.02906207,0.11587387,0.01966709,0.25095287,0.0024914106,"TWOGAUSSIANS_WITH_ELLIPSOIDAL_ON_ECLIPSE1",9,13.613133,0.7543647,0.0063892747,0.30341777,0.06323751,0.54617655,0.022492217,0.25095287,0.0024914106,0.2436216,0.050580554,0.43284115,0.011090438
375316653866487564,6055106741432948864,0.49713677,2201.8137367629874,2.0972223482480614,2.0342619E-5,18.968645,0.0052727456,0.27061918,0.006724273,0.062179565,0.0062655685,0.16802649,0.017286448,0.76803637,0.011652618,0.05760479,0.01094309,0.16801627,0.009859042,null,null,null,null,"TWOGAUSSIANS",8,1.4720999,0.27061918,0.006724273,0.34820557,0.035087183,0.16797598,0.017290417,0.76803637,0.011652618,0.32258683,0.061281305,0.16796575,0.009820697
375316653866487564,6055106775795416192,0.6168204,2209.155884616789,1.2380412878461675,4.558255E-6,18.116598,0.009512939,0.17627123,0.0025218162,0.05547279,0.006162205,0.11256155,0.021122513,0.6733701,0.001430017,0.050082844,0.002729484,0.6476762,0.027735075,0.055615515,0.009675555,0.17627123,0.0025218162,"TWOGAUSSIANS_WITH_ELLIPSOIDAL_ON_ECLIPSE1",9,4.583653,0.67347014,0.0013663021,0.28046393,0.015285111,0.7588648,0.032915328,0.17627123,0.0025218162,0.31064764,0.034508348,0.22378586,0.006028485
375316653866487564,6055106913231694080,0.58601385,2208.0188453108613,0.3615720689717825,6.4093197E-6,18.23586,0.006982758,0.12327265,0.0012065872,0.03183972,0.0011143053,0.8870788,0.018791212,0.62380934,0.0022258628,0.03141092,0.0020543148,0.53640884,0.019792786,null,null,null,null,"TWOGAUSSIANS",8,11.04616,0.12327265,0.0012065872,0.17830244,0.0062401104,0.8870788,0.018791212,0.62380934,0.0022258628,0.17590117,0.011504163,0.53640884,0.019792786
375316653866487564,6055107188109643904,0.46716574,2195.999516664241,2.294019458416237,1.5555428E-5,18.763643,0.30057997,0.22783025,0.007837771,0.14727938,0.10915336,0.16288403,0.29683825,0.7164179,0.0076504783,0.11891415,0.044735245,0.17873456,0.2110478,null,null,null,null,"TWOGAUSSIANS",8,2.202519,0.7164179,0.0076504783,0.4,0.0,0.12668824,0.008953131,0.22793025,0.0075293705,0.4,0.0,0.10983732,0.007856736
375316653866487564,6055107913975643904,0.6047323,2220.8355668418476,0.6885089962649389,2.611091E-6,14.002073,0.0020731215,0.29744056,0.0014887966,0.026277553,0.001892187,0.45725062,0.02774795,0.79922754,6.5156276E-4,0.02802426,5.844553E-4,0.453371,0.0064409934,0.0066527673,0.004085064,0.29744056,0.0014887966,"TWOGAUSSIANS_WITH_ELLIPSOIDAL_ON_ECLIPSE1",9,59.181255,0.29744056,0.0014887966,0.1471543,0.010596247,0.47055617,0.027096026,0.79922754,6.5156276E-4,0.15693586,0.0032729497,0.46667486,0.005982737
375316653866487564,6055109180973910144,0.6132565,2200.1111068440055,4.503591567868066,4.4434496E-6,18.23186,0.012853023,0.2924843,0.0017831549,0.046223857,0.0032384426,0.4473951,0.032708075,0.7911065,0.0015240142,0.041546118,0.00413157,0.37334466,0.025272258,0.15574135,0.016826235,0.2924843,0.0017831549,"TWOGAUSSIANS_WITH_ELLIPSOIDAL_ON_ECLIPSE1",9,6.3193655,0.2924843,0.0017831549,0.2588536,0.018135278,0.7588775,0.018876767,0.79124653,0.0013349021,0.23265827,0.02313679,0.6848061,0.019508842
375316653866487564,6055110216078345984,0.44750577,2211.8023162202785,4.798700311127289,2.6330095E-5,17.316616,0.0016033743,0.5187034,0.008364031,0.0756301,0.0072211344,0.08295904,0.01312531,0.7366846,0.0013292362,0.009849064,0.0037413733,0.02039313,0.009686494,null,null,null,null,"TWOGAUSSIANS",8,3.1391268,0.5187034,0.008364031,0.4,0.0,0.08295904,0.013125311,0.7366846,0.0013292362,0.055154756,0.02095169,0.021696305,0.009649351
375316653866487564,6055111379997598080,0.61002696,2164.46817064609,2.4538650972692557,5.6268E-6,17.770544,0.020325365,0.22868732,0.0026605567,0.05331573,0.009910411,0.22750859,0.03879364,0.7219092,0.006076249,0.057938952,0.011621279,0.25473955,0.03629933,0.10671741,0.023702104,0.22868732,0.0026605567,"TWOGAUSSIANS_WITH_ELLIPSOIDAL_ON_ECLIPSE1",9,5.710958,0.7231392,0.0046896385,0.32445812,0.06507916,0.46783954,0.01710742,0.22868732,0.0026605567,0.29856807,0.055498302,0.44092524,0.021627195
375316653866487564,6055115090848602496,0.6399168,2221.6637331585603,0.6403364629697276,3.5922856E-6,17.26704,0.0026868768,0.24957433,0.0013061551,0.020515732,0.0017170704,0.68202114,0.07158773,0.74824554,0.0013333632,0.02111731,0.0016519626,0.66592723,0.09672496,0.012518828,0.0042644585,0.24957433,0.0013061551,"TWOGAUSSIANS_WITH_ELLIPSOIDAL_ON_ECLIPSE1",9,6.0249333,0.24957433,0.0013061551,0.1148881,0.009615594,0.7070588,0.07381866,0.74824554,0.0013333632,0.11825693,0.009250991,0.69096315,0.10064229
