Gaia/vari_eclipsing_binary/VariEclipsingBinary_458958-458969.csv
# %ECSV 1.0
# ---
# delimiter: ','
# meta: !!omap
# - RELEASE: Gaia DR3
# - TABLE: vari_eclipsing_binary
# - DESCRIPTION: >
#     This table describes the properties of the eclipsing binaries resulting from the variability analysis. 
# - CITATION: >
#     How to cite and acknowledge Gaia: 
#     https://gea.esac.esa.int/archive/documentation/credits.html 
# - KNOWN_ISSUES: >
#     Known issues: 
#     https://www.cosmos.esa.int/web/gaia-users/known-issues 
# - DOCUMENTATION: >
#     Tutorials and documentation: 
#     https://www.cosmos.esa.int/web/gaia-users/archive 
# datatype:
# - 
#   name: solution_id
#   datatype: int64
#   description: Solution Identifier
#   meta:
#     ucd: meta.version
# - 
#   name: source_id
#   datatype: int64
#   description: Unique source identifier
#   meta:
#     ucd: meta.id;meta.main
# - 
#   name: global_ranking
#   datatype: float32
#   description: Number between 0 (worst) and 1 (best)
#   meta:
#     ucd: stat.param
# - 
#   name: reference_time
#   datatype: float64
#   unit: d
#   description: Reference time used for the geometric model fit
#   meta:
#     ucd: time.epoch
# - 
#   name: frequency
#   datatype: float64
#   unit: d**-1
#   description: Frequency of geometric model of the eclipsing binary light curve
#   meta:
#     ucd: src.orbital
# - 
#   name: frequency_error
#   datatype: float32
#   unit: d**-1
#   description: "Uncertainty of \\texttt{frequency}"
#   meta:
#     ucd: stat.error
# - 
#   name: geom_model_reference_level
#   datatype: float32
#   unit: mag
#   description: Magnitude reference level of geometric model
#   meta:
#     ucd: phot.mag;em.opt
# - 
#   name: geom_model_reference_level_error
#   datatype: float32
#   unit: mag
#   description: "Uncertainty of \\texttt{geomModelReferenceLevel}"
#   meta:
#     ucd: stat.error;phot.mag;em.opt
# - 
#   name: geom_model_gaussian1_phase
#   datatype: float32
#   description: Phase of the Gaussian 1 component
#   meta:
#     ucd: time.phase
# - 
#   name: geom_model_gaussian1_phase_error
#   datatype: float32
#   description: "Uncertainty of \\texttt{geomModelGaussian1Phase}"
#   meta:
#     ucd: stat.error;time.phase
# - 
#   name: geom_model_gaussian1_sigma
#   datatype: float32
#   description: "Standard deviation [phase] of Gaussian 1 component"
#   meta:
#     ucd: stat.stdev
# - 
#   name: geom_model_gaussian1_sigma_error
#   datatype: float32
#   description: "Uncertainty of \\texttt{geomModelGaussian1Sigma}"
#   meta:
#     ucd: stat.error
# - 
#   name: geom_model_gaussian1_depth
#   datatype: float32
#   unit: mag
#   description: Magnitude depth of Gaussian 1 component
#   meta:
#     ucd: src.var.amplitude
# - 
#   name: geom_model_gaussian1_depth_error
#   datatype: float32
#   unit: mag
#   description: "Uncertainty of \\texttt{geomModelGaussian1Depth}"
#   meta:
#     ucd: stat.error;src.var.amplitude
# - 
#   name: geom_model_gaussian2_phase
#   datatype: float32
#   description: Phase of Gaussian 2 component
#   meta:
#     ucd: time.phase
# - 
#   name: geom_model_gaussian2_phase_error
#   datatype: float32
#   description: "Uncertainty of \\texttt{geomModelGaussian2Phase}"
#   meta:
#     ucd: stat.error;time.phase
# - 
#   name: geom_model_gaussian2_sigma
#   datatype: float32
[...]
#   datatype: float32
#   description: "Secondary eclipse: uncertainty of \\texttt{derivedSecondaryEclDuration}"
#   meta:
#     ucd: stat.error;time.duration
# - 
#   name: derived_secondary_ecl_depth
#   datatype: float32
#   unit: mag
#   description: "Secondary eclipse: depth"
#   meta:
#     ucd: src.var.amplitude
# - 
#   name: derived_secondary_ecl_depth_error
#   datatype: float32
#   unit: mag
#   description: "Secondary eclipse: uncertainty of \\texttt{derivedSecondaryEclDepth}"
#   meta:
#     ucd: stat.error;src.var.amplitude
solution_id,source_id,global_ranking,reference_time,frequency,frequency_error,geom_model_reference_level,geom_model_reference_level_error,geom_model_gaussian1_phase,geom_model_gaussian1_phase_error,geom_model_gaussian1_sigma,geom_model_gaussian1_sigma_error,geom_model_gaussian1_depth,geom_model_gaussian1_depth_error,geom_model_gaussian2_phase,geom_model_gaussian2_phase_error,geom_model_gaussian2_sigma,geom_model_gaussian2_sigma_error,geom_model_gaussian2_depth,geom_model_gaussian2_depth_error,geom_model_cosine_half_period_amplitude,geom_model_cosine_half_period_amplitude_error,geom_model_cosine_half_period_phase,geom_model_cosine_half_period_phase_error,model_type,num_model_parameters,reduced_chi2,derived_primary_ecl_phase,derived_primary_ecl_phase_error,derived_primary_ecl_duration,derived_primary_ecl_duration_error,derived_primary_ecl_depth,derived_primary_ecl_depth_error,derived_secondary_ecl_phase,derived_secondary_ecl_phase_error,derived_secondary_ecl_duration,derived_secondary_ecl_duration_error,derived_secondary_ecl_depth,derived_secondary_ecl_depth_error
[from data line 897]
375316653866487564,4037140860256390656,0.54167,2278.163914494852,2.7943891705108697,1.269351E-5,18.651161,0.009415791,0.34517843,0.0039755986,0.08658304,0.006163277,0.28685334,0.013439779,0.84067976,0.0038918848,0.0983259,0.008636183,0.1438755,0.009555719,null,null,null,null,"TWOGAUSSIANS",8,1.1064517,0.34517843,0.0039755986,0.4,0.0,0.27738142,0.013863668,0.84067976,0.0038918848,0.4,0.0,0.1344029,0.008160701
375316653866487564,4037140928976044288,0.43624717,2352.407692792992,0.12494171686122656,9.674271E-5,18.779474,0.049078006,0.35099775,0.016145898,0.07220483,0.032651402,0.23829599,0.035659052,0.6420528,0.041939627,0.079960465,0.111933894,0.37653813,0.21283588,null,null,null,null,"TWOGAUSSIANS",8,8.590807,0.6420528,0.041939627,0.4,0.0,0.37659702,0.22079211,0.35150775,0.011355237,0.4,0.14119585,0.23878977,0.05286324
375316653866487564,4037141027699059456,0.49636418,2367.2832781903003,3.106395164549027,1.3001796E-5,15.638348,0.010613,0.26532522,0.006834864,0.092949085,0.008475397,0.26766422,0.011597963,0.7547448,0.00456085,0.08818236,0.007471554,0.27776113,0.023330394,null,null,null,null,"TWOGAUSSIANS",8,62.59495,0.7547448,0.00456085,0.4,0.0,0.26750928,0.025455939,0.26532522,0.006834864,0.4,0.0,0.2574121,0.011236639
375316653866487564,4037141135135000832,0.4858706,2300.5743078898145,0.03067561088882223,9.497333E-5,19.821424,0.006920171,0.27074137,0.02801061,0.08094449,0.010759785,0.2762141,0.0565871,0.7952509,0.0049239555,0.047915265,0.008754236,0.2742113,0.17546545,null,null,null,null,"TWOGAUSSIANS",8,1.4125992,0.27074137,0.02801061,0.4,0.0,0.2760797,0.056542125,0.7952509,0.0049239555,0.26832548,0.049023718,0.27407694,0.17555296
375316653866487564,4037141199505716224,0.49946675,2282.714791527332,3.3250183514277722,1.2119758E-5,18.133724,0.014893003,0.308117,0.0045427824,0.06513549,0.0046954346,0.6411549,0.020319628,0.8189228,0.004904881,0.0616523,0.005643377,0.63430697,0.0720889,null,null,null,null,"TWOGAUSSIANS",8,15.299748,0.308117,0.0045427824,0.36475873,0.026294433,0.6407737,0.020278731,0.8189228,0.004904881,0.34525287,0.03160291,0.63392586,0.07234012
375316653866487564,4037141341292464768,0.4915124,2340.936239788096,2.8508863308705736,2.119095E-5,19.164932,0.010572084,0.20229515,0.008991457,0.0706838,0.008019285,0.2949056,0.029214373,0.72011364,0.008819654,0.08235525,0.011659411,0.24868777,0.019229027,null,null,null,null,"TWOGAUSSIANS",8,2.708765,0.20229515,0.008991457,0.39582926,0.033003263,0.29315555,0.028822029,0.72011364,0.008819654,0.4,0.0,0.24693772,0.019295681
375316653866487564,4037141508764217856,0.4598088,2345.1881252977746,0.1921752582262262,7.876177E-5,18.84779,0.008652527,0.3108925,0.0099884765,0.11522272,0.016516035,0.09413205,0.018961998,0.7514983,0.07379174,0.06464781,0.073532954,0.214087,null,null,null,null,null,"TWOGAUSSIANS",8,2.748979,0.7514983,0.07379174,0.3620277,0.40543428,0.2122686,null,0.3108925,0.0099884765,0.4,0.0,0.09225009,0.018801702
375316653866487564,4037141581811253376,0.4760791,2348.25215022501,0.5391333736461621,3.3886572E-5,19.255114,0.011678913,0.20196268,0.029881801,0.07969412,0.021531668,0.07550718,0.021900319,0.65953195,0.01900124,0.1129031,0.014970327,0.214988,0.019024385,null,null,null,null,"TWOGAUSSIANS",8,2.8077822,0.65953195,0.01900124,0.4,0.0,0.20982726,0.018502023,0.20213269,0.030205825,0.4,0.021359757,0.07040701,0.020367363
375316653866487564,4037141684891071232,0.42019138,2363.61758808774,0.1730678197610217,4.274163E-5,19.041033,0.54857576,0.233451,0.02214096,0.1346895,0.09792736,0.6998884,0.4853561,0.8619432,0.06511384,0.12742059,0.060645197,0.51204,0.31615475,null,null,null,null,"TWOGAUSSIANS",8,6.871741,0.228691,0.016154086,0.4,0.0,0.6398737,0.13068968,0.8746232,0.044906266,0.4,0.0,0.46193302,0.22619998
375316653866487564,4037141886733293824,0.41841197,2398.860854433056,3.6244846446167247,2.6249254E-6,18.909348,0.012164536,0.22411181,0.01871515,0.06088147,0.017578714,0.06597919,0.03462834,0.8856829,6.770029E-5,0.003749427,1.7524908E-4,0.67343783,0.08089849,null,null,null,null,"TWOGAUSSIANS",8,6.7084937,0.8856829,6.770029E-5,0.02099679,9.813949E-4,0.67343783,0.08089849,0.22411181,0.01871515,0.34093624,0.098440796,0.06597919,0.03462834
375316653866487564,4037141891049545984,0.5020837,2320.913520105463,2.094642327849395,1.7404345E-5,17.975563,0.008792638,0.16321109,0.005344354,0.025821151,0.014347887,0.08582893,0.05610372,0.71661305,0.011083282,0.03768339,0.029767893,0.1642444,9.154263,0.10866672,0.023673292,0.16321109,0.005344354,"TWOGAUSSIANS_WITH_ELLIPSOIDAL_ON_ECLIPSE1",9,13.802952,0.71661305,0.011083282,0.21102698,0.1667002,0.3580139,9.177993,0.16321109,0.005344354,0.14459845,0.080348164,0.303162,0.058607303
375316653866487564,4037141959769245696,0.5089095,2322.9331747073747,0.030469593227396147,1.0095623E-5,19.29979,0.015880762,0.18895932,0.013224409,0.06292189,0.011775443,0.31865594,0.040003285,0.5687045,0.049098488,0.033503354,0.015733493,1.4543393,1.5234864,null,null,null,null,"TWOGAUSSIANS",8,3.3019,0.5687045,0.049098488,0.18761878,0.088107556,1.4543393,1.5234864,0.18895932,0.013224409,0.3523626,0.06594248,0.31865594,0.040003285
375316653866487564,4037141994129227648,0.53906727,2291.5916776787763,1.5367428321797487,1.0986449E-5,19.573818,0.010364842,0.29140487,0.006372639,0.056774944,0.008186055,0.29206407,0.041588776,0.7886933,0.0019704709,0.05089896,0.0016968916,0.54161745,0.013852133,null,null,null,null,"TWOGAUSSIANS",8,2.6029422,0.7886933,0.0019704709,0.2850342,0.009502593,0.5416031,0.013842022,0.29140487,0.006372639,0.3179397,0.045841906,0.29204968,0.04160616
375316653866487564,4037141994129367424,0.492631,2347.7879974750917,2.2637307267223217,3.7831738E-5,17.668175,0.018958319,0.1728547,0.009278962,0.09170361,0.015732946,0.16281544,0.01775997,0.644566,0.0061389497,0.08746644,0.012410045,0.17619453,0.018365841,null,null,null,null,"TWOGAUSSIANS",8,6.5915847,0.644566,0.0061389497,0.4,0.0,0.17181551,0.014459113,0.1728547,0.009278962,0.4,0.0,0.15843621,0.014560316
375316653866487564,4037142234647931520,0.5358183,2319.842173336469,2.227344506598711,2.449682E-5,18.575958,0.012141402,0.18708472,0.006077745,0.0752036,0.006618712,0.3233693,0.01533118,0.69656765,0.0064342967,0.08100403,0.009319382,0.31252363,0.020943416,null,null,null,null,"TWOGAUSSIANS",8,6.1030827,0.18708472,0.006077745,0.4,0.0,0.32025945,0.014196785,0.69656765,0.0064342967,0.4,0.0,0.30941376,0.021165442
375316653866487564,4037142269006567040,0.4754508,2445.5494716818516,1.1282734090596869,1.8864674E-5,18.482626,0.013895678,0.2517936,0.006344453,0.033042938,0.0047155493,0.48149934,0.088681005,0.58793145,0.0047760718,0.025490113,0.020523554,1.3165264,7636.4917,null,null,null,null,"TWOGAUSSIANS",8,3.9895282,0.58793145,0.0047760718,0.14274463,0.114931904,1.3165264,7636.4917,0.2517936,0.006344453,0.18504044,0.026407076,0.48149934,0.088681005
375316653866487564,4037142406445837568,0.45716017,2322.25180415281,0.1558246924215242,2.1475971E-5,19.435915,0.18811527,0.24114084,0.0068420386,0.11417559,0.04671685,0.45574528,0.16759415,0.73019785,0.010169482,0.10313214,0.051924877,0.3364585,0.172631,null,null,null,null,"TWOGAUSSIANS",8,5.328105,0.24114084,0.0068397266,0.4,0.0078141,0.40612707,0.10310777,0.73019785,0.010169482,0.4,0.093708955,0.286902,0.11111626
375316653866487564,4037142539528070144,0.5711896,2309.914505202143,2.195106496819245,9.316102E-6,17.59336,0.009798438,0.296987,0.0037012636,0.08435366,0.004569988,0.32121822,0.013589476,0.7926341,0.0024363215,0.08204955,0.004138933,0.36820337,0.012685774,null,null,null,null,"TWOGAUSSIANS",8,4.9973187,0.7926341,0.0024363215,0.4,0.0,0.36125234,0.012421898,0.296987,0.0037012636,0.4,0.0,0.31426716,0.012600547
375316653866487564,4037142578245116928,0.47280967,2288.2770684051275,0.6661241395203914,2.6299915E-6,18.210213,0.007289847,0.22164834,0.018240832,0.105072156,0.027219806,0.053475443,0.01061729,0.69382536,0.0011782668,0.032406658,0.0024220964,0.12030967,0.007295076,null,null,null,null,"TWOGAUSSIANS",8,3.0534987,0.69382536,0.0011782668,0.18147728,0.013563741,0.1202433,0.0070495205,0.22164834,0.018240832,0.4,0.0,0.053406697,0.010601203
375316653866487564,4037142676969844224,0.58930457,2352.594085966822,1.7923052442757108,9.860307E-6,17.727581,0.018223464,0.2082849,0.009497034,0.09813672,0.015799915,0.22803894,0.020257605,0.68945885,0.0032320397,0.08943383,0.005327234,0.41845304,0.016230322,null,null,null,null,"TWOGAUSSIANS",8,4.216553,0.68945885,0.0032320397,0.4,0.0,0.4053035,0.009630303,0.2082849,0.009497034,0.4,0.0,0.21488805,0.020806521
375316653866487564,4037142681324277632,0.44140825,2340.1878574926877,0.1362640126847359,7.050367E-5,19.021751,0.027458513,0.48265332,0.013551889,0.14144112,0.027083412,0.20053959,0.028778207,0.8222446,0.032211743,0.035637133,0.020132856,0.058641173,0.04568278,null,null,null,null,"TWOGAUSSIANS",8,5.3709383,0.48265332,0.013551889,0.4,0.0,0.1997617,0.02801576,0.8222446,0.032211743,0.19956796,0.112743996,0.06909893,0.051753026
375316653866487564,4037142780046498176,0.56080115,2318.8004140268627,2.7968356548185405,7.2234516E-6,18.280529,0.007852698,0.29902035,0.003934346,0.08655975,0.0048058345,0.29751894,0.008564701,0.7985266,0.0025698163,0.08876312,0.0044020317,0.27688465,0.009342905,null,null,null,null,"TWOGAUSSIANS",8,2.575513,0.29902035,0.003934346,0.4,0.0,0.28776816,0.00690041,0.7985266,0.0025698163,0.4,0.0,0.26713383,0.0086717345
