Gaia/vari_eclipsing_binary/VariEclipsingBinary_768579-768640.csv
# %ECSV 1.0
# ---
# delimiter: ','
# meta: !!omap
# - RELEASE: Gaia DR3
# - TABLE: vari_eclipsing_binary
# - DESCRIPTION: >
#     This table describes the properties of the eclipsing binaries resulting from the variability analysis. 
# - CITATION: >
#     How to cite and acknowledge Gaia: 
#     https://gea.esac.esa.int/archive/documentation/credits.html 
# - KNOWN_ISSUES: >
#     Known issues: 
#     https://www.cosmos.esa.int/web/gaia-users/known-issues 
# - DOCUMENTATION: >
#     Tutorials and documentation: 
#     https://www.cosmos.esa.int/web/gaia-users/archive 
# datatype:
# - 
#   name: solution_id
#   datatype: int64
#   description: Solution Identifier
#   meta:
#     ucd: meta.version
# - 
#   name: source_id
#   datatype: int64
#   description: Unique source identifier
#   meta:
#     ucd: meta.id;meta.main
# - 
#   name: global_ranking
#   datatype: float32
#   description: Number between 0 (worst) and 1 (best)
#   meta:
#     ucd: stat.param
# - 
#   name: reference_time
#   datatype: float64
#   unit: d
#   description: Reference time used for the geometric model fit
#   meta:
#     ucd: time.epoch
# - 
#   name: frequency
#   datatype: float64
#   unit: d**-1
#   description: Frequency of geometric model of the eclipsing binary light curve
#   meta:
#     ucd: src.orbital
# - 
#   name: frequency_error
#   datatype: float32
#   unit: d**-1
#   description: "Uncertainty of \\texttt{frequency}"
#   meta:
#     ucd: stat.error
# - 
#   name: geom_model_reference_level
#   datatype: float32
#   unit: mag
#   description: Magnitude reference level of geometric model
#   meta:
#     ucd: phot.mag;em.opt
# - 
#   name: geom_model_reference_level_error
#   datatype: float32
#   unit: mag
#   description: "Uncertainty of \\texttt{geomModelReferenceLevel}"
#   meta:
#     ucd: stat.error;phot.mag;em.opt
# - 
#   name: geom_model_gaussian1_phase
#   datatype: float32
#   description: Phase of the Gaussian 1 component
#   meta:
#     ucd: time.phase
# - 
#   name: geom_model_gaussian1_phase_error
#   datatype: float32
#   description: "Uncertainty of \\texttt{geomModelGaussian1Phase}"
#   meta:
#     ucd: stat.error;time.phase
# - 
#   name: geom_model_gaussian1_sigma
#   datatype: float32
#   description: "Standard deviation [phase] of Gaussian 1 component"
#   meta:
#     ucd: stat.stdev
# - 
#   name: geom_model_gaussian1_sigma_error
#   datatype: float32
#   description: "Uncertainty of \\texttt{geomModelGaussian1Sigma}"
#   meta:
#     ucd: stat.error
# - 
#   name: geom_model_gaussian1_depth
#   datatype: float32
#   unit: mag
#   description: Magnitude depth of Gaussian 1 component
#   meta:
#     ucd: src.var.amplitude
# - 
#   name: geom_model_gaussian1_depth_error
#   datatype: float32
#   unit: mag
#   description: "Uncertainty of \\texttt{geomModelGaussian1Depth}"
#   meta:
#     ucd: stat.error;src.var.amplitude
# - 
#   name: geom_model_gaussian2_phase
#   datatype: float32
#   description: Phase of Gaussian 2 component
#   meta:
#     ucd: time.phase
# - 
#   name: geom_model_gaussian2_phase_error
#   datatype: float32
#   description: "Uncertainty of \\texttt{geomModelGaussian2Phase}"
#   meta:
#     ucd: stat.error;time.phase
# - 
#   name: geom_model_gaussian2_sigma
#   datatype: float32
[...]
#   datatype: float32
#   description: "Secondary eclipse: uncertainty of \\texttt{derivedSecondaryEclDuration}"
#   meta:
#     ucd: stat.error;time.duration
# - 
#   name: derived_secondary_ecl_depth
#   datatype: float32
#   unit: mag
#   description: "Secondary eclipse: depth"
#   meta:
#     ucd: src.var.amplitude
# - 
#   name: derived_secondary_ecl_depth_error
#   datatype: float32
#   unit: mag
#   description: "Secondary eclipse: uncertainty of \\texttt{derivedSecondaryEclDepth}"
#   meta:
#     ucd: stat.error;src.var.amplitude
solution_id,source_id,global_ranking,reference_time,frequency,frequency_error,geom_model_reference_level,geom_model_reference_level_error,geom_model_gaussian1_phase,geom_model_gaussian1_phase_error,geom_model_gaussian1_sigma,geom_model_gaussian1_sigma_error,geom_model_gaussian1_depth,geom_model_gaussian1_depth_error,geom_model_gaussian2_phase,geom_model_gaussian2_phase_error,geom_model_gaussian2_sigma,geom_model_gaussian2_sigma_error,geom_model_gaussian2_depth,geom_model_gaussian2_depth_error,geom_model_cosine_half_period_amplitude,geom_model_cosine_half_period_amplitude_error,geom_model_cosine_half_period_phase,geom_model_cosine_half_period_phase_error,model_type,num_model_parameters,reduced_chi2,derived_primary_ecl_phase,derived_primary_ecl_phase_error,derived_primary_ecl_duration,derived_primary_ecl_duration_error,derived_primary_ecl_depth,derived_primary_ecl_depth_error,derived_secondary_ecl_phase,derived_secondary_ecl_phase_error,derived_secondary_ecl_duration,derived_secondary_ecl_duration_error,derived_secondary_ecl_depth,derived_secondary_ecl_depth_error
[from data line 226]
375316653866487564,6760783994332328576,0.52952695,2214.314158353687,1.5338476468015179,7.868508E-5,18.939384,0.010322977,0.14431408,0.006836646,0.07302027,0.007895033,0.258945,0.03311027,0.6407024,0.007519341,0.0965474,0.012211261,0.15338735,0.017123144,null,null,null,null,"TWOGAUSSIANS",8,2.3669584,0.14431408,0.006836646,0.4,0.023872608,0.2543658,0.033909835,0.6407024,0.007519341,0.4,0.0,0.14880767,0.017000863
375316653866487564,6760785781023458432,0.56078076,2216.7660453997064,3.4658666868565087,2.9385246E-5,19.80895,0.010512111,0.20446277,0.016169406,0.06488129,0.010121278,0.55236727,0.0696636,0.7109956,0.023556767,0.059164796,0.02012442,0.71104133,0.188404,null,null,null,null,"TWOGAUSSIANS",8,1.4869072,0.7109956,0.023556767,0.33132285,0.08607802,0.71074355,0.18960713,0.20446277,0.016169406,0.3633352,0.047318332,0.5520695,0.06946738
375316653866487564,6760785918477645312,0.58145964,2209.490677394078,2.605749818160458,1.2473524E-5,17.479795,0.03337505,0.23085968,0.014245063,0.03723643,0.07166574,0.06841095,490139.25,0.74583244,0.004936913,0.05281977,0.006099325,0.47989848,0.06837093,0.032371573,0.033567835,0.23085968,0.014245063,"TWOGAUSSIANS_WITH_ELLIPSOIDAL_ON_ECLIPSE1",9,14.724337,0.74583244,0.004936913,0.2957907,0.034156222,0.54406834,0.022412159,0.23085968,0.014245063,0.208524,0.356873,0.13315214,490139.25
375316653866487564,6760787185471227648,0.4939062,2223.4159052358477,0.40495155646172,1.9506614E-4,14.933645,0.0014899434,0.29235458,0.0032527498,0.019810503,0.0054022414,0.027177026,0.0057453406,0.58248556,2.576826E-4,0.0135110365,4.5568097E-4,0.0662249,0.0038468787,null,null,null,null,"TWOGAUSSIANS",8,11.58464,0.58248556,2.576826E-4,0.07566181,0.0025518136,0.0662249,0.0038468787,0.29235458,0.0032527498,0.11093882,0.030252552,0.027177026,0.0057453406
375316653866487564,6760788083124900352,0.4912955,2223.935722604959,0.08679759440977682,9.6232405E-5,19.422506,0.016465832,0.15669377,0.011764132,0.061309,0.011188013,0.20485397,0.04210684,0.6670272,0.051344287,0.039682575,0.039181743,0.15500939,0.031290874,null,null,null,null,"TWOGAUSSIANS",8,2.006609,0.15669377,0.011764132,0.34333038,0.06265287,0.20485294,0.042013526,0.6670272,0.051344287,0.22222242,0.19964145,0.15500838,0.030831961
375316653866487564,6760790037331904512,0.50301564,2203.8987998371176,0.6471932511838573,3.202753E-5,19.332756,0.051650044,0.25656343,0.013549433,0.07613856,0.025746737,0.21225128,0.047186293,0.7727277,0.012873029,0.11941565,0.034749433,0.20602898,0.04753935,null,null,null,null,"TWOGAUSSIANS",8,1.4807019,0.2565334,0.013867207,0.4,0.025354633,0.1998956,0.019546112,0.7727277,0.01286951,0.4,0.0,0.19359909,0.01579002
375316653866487564,6760792305074627200,0.52875704,2206.092231441674,3.0504271768308446,3.2673808E-5,19.04998,0.013145818,0.30951095,7.995897E-6,0.019532233,6.8915455E-4,0.7421216,0.019240882,0.7860276,0.0076815207,0.09255725,0.0163887,0.22748287,0.010988611,null,null,null,null,"TWOGAUSSIANS",8,1.72224,0.30951095,7.995897E-6,0.109380506,0.0038592655,0.742114,0.01927072,0.7860276,0.0076815207,0.4,0.0,0.22747491,0.010973204
375316653866487564,6760792957907582720,0.62615436,2191.2784832173134,0.7357178098093486,7.878586E-5,16.918266,0.0010467799,0.097319074,0.010577439,0.034931287,0.006890298,0.22400963,0.31984493,0.5174985,0.002427059,0.035534207,0.040101185,0.015209496,0.0043845344,null,null,null,null,"TWOGAUSSIANS",8,0.78684556,0.097319074,0.010577439,0.1956152,0.038585667,0.22400963,0.31984493,0.5174985,0.002427059,0.19899155,0.19111325,0.015209496,0.004384627
375316653866487564,6760793885627369216,0.5030749,2279.525811770711,1.2815492119443024,3.643539E-5,19.11248,0.024106793,0.26929665,0.10130975,0.06601846,0.05229658,0.0817814,0.02703397,0.82954925,0.008693709,0.09352938,0.016808642,0.18936804,0.028169382,null,null,null,null,"TWOGAUSSIANS",8,1.7710593,0.82954925,0.008692645,0.4,0.0,0.18881558,0.022710081,0.26928663,0.10142318,0.36970338,0.20691887,0.08123195,0.019310718
375316653866487564,6760794504096006144,0.48973387,2211.297716193155,1.2254792407952921,1.0884954E-5,18.37772,0.008177731,0.3205819,0.0045505706,0.037924923,0.0049789012,0.16351023,0.035640243,0.78820753,0.013474684,0.07974257,0.028856555,0.030501919,0.008661189,null,null,null,null,"TWOGAUSSIANS",8,1.629723,0.3205819,0.0045505706,0.21237956,0.027881846,0.16350682,0.035633307,0.78820753,0.013474684,0.4,0.004786048,0.0304985,0.008615134
375316653866487564,6760794504098149888,0.48918527,2227.6412162618158,0.6781246564120652,1.7249977E-4,18.881397,0.02005915,0.29210097,0.034971986,0.03820956,0.073537216,1.2470272,1.2624148,0.7230506,0.017775979,0.042636547,0.029941535,0.103785254,0.017128238,null,null,null,null,"TWOGAUSSIANS",8,10.154132,0.29210097,0.034971986,0.21397354,0.17641734,1.2470272,1.2659823,0.7230506,0.017775979,0.23876467,0.16257651,0.103785254,0.014425194
375316653866487564,6760794778975986944,0.544132,2183.1822419868067,3.091005997411332,2.5388654E-5,18.691332,0.05100279,0.3297734,0.03026239,0.07893227,0.030224174,0.33752587,0.07177694,0.827845,0.004771567,0.08146802,0.014700707,0.3707495,0.042784426,null,null,null,null,"TWOGAUSSIANS",8,4.1963906,0.827845,0.004771567,0.4,0.0,0.36545646,0.027077204,0.3297734,0.03026239,0.4,0.0,0.33223283,0.05453775
375316653866487564,6760795195607056384,0.53450316,2238.225797481791,1.1735301323812815,2.7753416E-4,15.112168,0.004630756,0.2786721,0.06731164,0.047704566,0.05055488,0.40678474,1.36978838E13,0.7709743,0.043195456,0.06889601,0.07108177,0.24943273,1.39618796E10,null,null,null,null,"TWOGAUSSIANS",8,121.41803,0.2786721,0.06731164,0.26714557,0.28310734,0.40673918,1.36978838E13,0.7709743,0.043195456,0.38581765,0.39546126,0.24938716,1.39618796E10
375316653866487564,6760796260742532864,0.5304502,2215.7646184672467,1.8225698162220354,1.7962535E-5,19.471386,0.033910338,0.22545601,0.0048209503,0.07433647,0.008081384,0.43096066,0.03284942,0.72745353,0.013749596,0.08475017,0.01689112,0.43246335,0.07222657,null,null,null,null,"TWOGAUSSIANS",8,1.901205,0.72745353,0.013749596,0.4,0.0,0.42653263,0.073206626,0.22545601,0.0048209503,0.4,0.0064894045,0.42502996,0.026712108
375316653866487564,6760797394614135808,0.46862093,2221.0640345066363,3.2213874158613587,5.3953107E-5,19.151634,0.078757465,0.37148762,0.02551421,0.10922395,0.02680705,0.28317437,0.067904964,0.8212143,0.01117179,0.14850074,0.031971816,0.26695788,0.075711116,null,null,null,null,"TWOGAUSSIANS",8,3.433769,0.37363762,0.024630018,0.4,0.0,0.23109165,0.025798565,0.8212143,0.01117179,0.4,0.0,0.21188232,0.018669153
375316653866487564,6760797600788855808,0.6068112,2231.196854914907,2.911785168751658,6.8757613E-6,16.50473,0.013101979,0.18531843,0.0023007435,0.053764984,0.010481719,0.16836412,0.04406428,0.686387,0.003637622,0.054301385,0.010511477,0.19092739,0.031171868,0.08863246,0.01702677,0.18531843,0.0023007435,"TWOGAUSSIANS_WITH_ELLIPSOIDAL_ON_ECLIPSE1",9,14.290809,0.686387,0.0034111533,0.30408776,0.058864266,0.36817646,0.035992857,0.18531843,0.0023007435,0.30108392,0.05869763,0.3456212,0.047373947
375316653866487564,6760797665194223616,0.5062169,2215.9863627713657,1.1943780151685022,7.1711096E-5,18.137152,0.018183157,0.13854527,0.02117918,0.02397936,0.014589293,0.27608326,0.20941272,0.6394954,0.0034662166,0.023700643,0.019519221,0.5586354,0.3615461,null,null,null,null,"TWOGAUSSIANS",8,27.552252,0.6394954,0.0034662166,0.1327236,0.10930764,0.5586354,0.3615461,0.13854527,0.02117918,0.13428442,0.08170004,0.27608326,0.20941272
375316653866487564,6760798077507893760,0.6782579,2139.447160349398,0.5191255452654677,1.55528E-5,13.10495,0.002104136,0.3618763,0.008524641,0.018345308,0.0020724528,0.7422678,0.42845193,0.86422163,0.0154257165,0.02516689,0.008214882,0.39471292,0.19411068,null,null,null,null,"TWOGAUSSIANS",8,24.994904,0.3618763,0.008524641,0.102733724,0.011605735,0.7422678,0.42845193,0.86422163,0.0154257165,0.14093459,0.046003338,0.39471292,0.19411068
375316653866487564,6760801964459708288,0.51485807,2247.1944878458457,0.5899766473539798,1.0297924E-6,19.664272,0.011566692,0.4621294,1.6928718E-5,0.009013484,7.684078E-4,0.51160973,0.036332916,0.89471525,1.8725212E-5,0.012196893,4.8915175E-4,0.7480927,0.026252685,null,null,null,null,"TWOGAUSSIANS",8,3.3822227,0.89471525,1.8725212E-5,0.0683026,0.0027392497,0.7480927,0.026252685,0.4621294,1.6928718E-5,0.05047551,0.0043030838,0.51160973,0.036332916
375316653866487564,6760804124824954752,0.48110163,2220.936439916333,0.30653474045049567,7.0915514E-5,18.433506,0.15849897,0.36235577,0.037594423,0.17918244,0.13250661,0.1338572,0.15152046,0.76897734,0.047318917,0.12866199,0.034744013,0.21583161,0.08710109,null,null,null,null,"TWOGAUSSIANS",8,5.176262,0.76897734,0.047318917,0.4,0.0,0.17756732,0.026919078,0.3732758,0.029444715,0.4,0.0,0.08650327,0.017747568
375316653866487564,6760806530006754176,0.50280493,2156.0644042475838,3.4459705897043706,3.2077838E-5,17.80147,0.021638092,0.24578048,0.0155046405,0.08243038,0.017876638,0.16142003,0.027865045,0.80884254,0.0050842445,0.08704161,0.014038026,0.16289787,0.019776434,null,null,null,null,"TWOGAUSSIANS",8,9.308008,0.80884254,0.0050855833,0.4,0.0,0.16159828,0.016973637,0.24578048,0.015502261,0.4,0.0,0.16012087,0.025812274
375316653866487564,6760806667445672192,0.55126476,2212.9469052323248,0.5658186085290519,1.5693024E-5,19.140247,0.008970501,0.22822562,1.0039074E-4,0.012892447,0.0010286559,1.8368391,0.4330738,0.83548737,0.0028227232,0.014377529,0.006168198,0.14112344,0.054134075,null,null,null,null,"TWOGAUSSIANS",8,5.3575234,0.22822562,1.0039074E-4,0.072197706,0.005760473,1.8368391,0.4330738,0.83548737,0.0028227232,0.08051416,0.03454191,0.14112344,0.054134075
375316653866487564,6760806740479518080,0.59674793,2158.5147934890942,3.7458862642317547,6.5840145E-6,18.41621,0.006200067,0.1486774,0.0015368874,0.068248376,0.002053731,0.45152184,0.00793514,0.64828986,0.01089732,0.07418385,0.0075930324,0.44779453,0.022297066,null,null,null,null,"TWOGAUSSIANS",8,2.1172366,0.1486774,0.0015368874,0.3821909,0.011500893,0.4496455,0.0077714236,0.64828986,0.01089732,0.4,0.02575223,0.44591814,0.021773536
375316653866487564,6760807423359982976,0.5140433,2222.4751009814004,0.10787124685317577,2.21439E-5,18.454208,0.0028901985,0.1643708,0.025240332,0.02702276,0.014008679,0.2538211,0.18363388,0.66095203,0.0041910973,0.03578075,0.022937806,0.28521964,0.1191003,null,null,null,null,"TWOGAUSSIANS",8,2.9554045,0.66095203,0.0041910973,0.2003722,0.12845172,0.28521964,0.11910031,0.1643708,0.025240332,0.15132746,0.0784486,0.2538211,0.18363388
375316653866487564,6760807805615442560,0.49965,2254.6166378303124,3.6129680966241153,2.639214E-5,19.20799,0.15078533,0.20849961,0.009680953,0.10365633,0.028549397,0.4240671,0.13695157,0.70228565,0.016527858,0.10995929,0.0589071,0.4271401,0.117531754,null,null,null,null,"TWOGAUSSIANS",8,4.890671,0.70228565,0.016527858,0.4,0.0,0.37580866,0.15995975,0.20850961,0.009525973,0.4,0.0,0.3727564,0.040909074
375316653866487564,6760808698984591360,0.50647336,2218.514962479008,0.4723747622190937,6.993419E-5,13.498655,0.0065231426,0.8544062,0.003942273,0.024123462,0.0028901105,1.1019757,0.45834774,null,null,null,null,null,null,null,null,null,null,"ONEGAUSSIAN",5,1571.1238,0.8544062,0.003942273,0.1350914,0.016184619,1.1019757,0.0,null,null,null,null,null,null
375316653866487564,6760809420538941440,0.6026809,2196.600541638143,3.154337496679268,1.09992725E-5,16.925539,0.022073327,0.28399476,0.0050537665,0.056611955,0.0123377275,0.29449818,0.04829092,0.809325,0.003253562,0.046404906,0.0104040615,0.35929283,0.05867906,0.13056245,0.027601438,0.809325,0.003253562,"TWOGAUSSIANS_WITH_ELLIPSOIDAL_ON_ECLIPSE2",9,15.864821,0.809325,0.003253562,0.2598675,0.058262743,0.62041485,0.06760947,0.28860477,0.004840584,0.31702694,0.069091275,0.5502445,0.06662871
375316653866487564,6760810069057804032,0.513243,2212.140376438608,0.966898192765313,1.4522363E-4,16.97536,0.010086275,0.27408183,0.030471032,0.062491585,0.04294674,0.29774722,0.1983205,0.8037073,0.027870739,0.046323042,0.017093034,0.27298743,0.1695898,null,null,null,null,"TWOGAUSSIANS",8,26.960413,0.27408183,0.030471032,0.34995288,0.08159984,0.29774314,0.19887795,0.8037073,0.027870739,0.25940904,0.09572099,0.27298334,0.16961297
375316653866487564,6760810378297625088,0.5942869,2177.620713514637,3.2281762143591517,2.003035E-5,18.94479,0.021679025,0.22271064,0.0049661184,0.08617815,0.007697108,0.42165968,0.020009447,0.70582914,0.0076326323,0.085163385,0.008671174,0.56828135,0.030500088,null,null,null,null,"TWOGAUSSIANS",8,2.5972216,0.70582914,0.0076326323,0.4,0.0,0.55796176,0.029324856,0.22271064,0.0049661184,0.4,0.0,0.4113401,0.014979854
375316653866487564,6760810382595590144,0.58493376,2245.567347051039,3.6369765278801065,8.846183E-6,19.428854,0.013600031,0.107680485,0.0015802765,0.069959454,0.003114022,0.4461584,0.016418764,0.5955124,0.009216938,0.07637067,0.008360753,0.50680447,0.029915635,null,null,null,null,"TWOGAUSSIANS",8,1.2321355,0.5955124,0.009216938,0.4,0.0,0.50472057,0.029826691,0.107680485,0.0015802765,0.39177293,0.017438523,0.4440745,0.015967201
375316653866487564,6760811791345564160,0.53838813,2255.2785566235475,3.2687645730128883,3.580937E-5,19.864159,0.013054555,0.2840964,0.013399891,0.07294114,0.01117525,0.44610655,0.100875296,0.78720593,0.0021281957,0.053993512,0.0035650155,0.6909087,0.038351614,null,null,null,null,"TWOGAUSSIANS",8,2.7172685,0.78720593,0.0021281957,0.30236366,0.019964088,0.6904981,0.03837092,0.2840964,0.013399891,0.4,0.038432527,0.445696,0.10105646
375316653866487564,6760811928784511744,0.49924126,2251.215601984238,2.785666306799028,1.0297927E-6,19.476974,0.0062461905,0.50942856,6.5976633E-6,0.001495587,4.5069122E-5,1.417348,0.085582875,null,null,null,null,null,null,null,null,null,null,"ONEGAUSSIAN",5,1.4132519,0.50942856,6.5976633E-6,0.008375288,2.5238708E-4,1.417348,0.0,null,null,null,null,null,null
375316653866487564,6760813028296198528,0.568234,2226.236859817042,0.9850335882092626,1.8935101E-5,19.416212,0.013627477,0.21038362,0.019136164,0.0311181,0.010077073,0.688657,0.11298563,0.7388689,0.028740993,0.05027413,0.044490643,0.1677771,23.888124,null,null,null,null,"TWOGAUSSIANS",8,2.500043,0.21038362,0.019136164,0.17426136,0.05643161,0.688657,0.11298542,0.7388689,0.028740993,0.28153512,0.2491476,0.1677771,23.888124
375316653866487564,6760814741987914624,0.44883725,2208.285977408904,0.34266622100593497,3.2474916E-5,19.010805,0.055231802,0.16359724,0.021671847,0.08961637,0.054595806,0.08761156,0.051584255,0.66373295,0.015378585,0.07065744,0.036395457,0.13349935,0.0498344,null,null,null,null,"TWOGAUSSIANS",8,2.809755,0.66373295,0.015443302,0.39568168,0.06972425,0.13189937,0.02591861,0.16359724,0.021669034,0.4,0.0044539873,0.08601156,0.028978692
375316653866487564,6760815708371152128,0.61315846,2230.2325431647605,3.8462844138463046,7.4003005E-6,13.109939,0.015618173,0.30253756,0.009406058,0.04403222,0.007773304,0.31481972,0.07921459,0.8052262,0.003656543,0.047173303,0.02757126,0.45759842,18601.336,0.12801021,0.018047106,0.8052262,0.003656543,"TWOGAUSSIANS_WITH_ELLIPSOIDAL_ON_ECLIPSE2",9,418.47623,0.8052262,0.003656543,0.2641705,0.15439905,0.71361816,18601.352,0.30283758,0.008258327,0.24658042,0.0435305,0.5707745,0.07580143
375316653866487564,6760816051953253120,0.5763906,2270.5973574981385,1.7388968279397832,2.4032088E-5,19.757055,0.0066687483,0.54488266,0.0044706943,0.052385967,0.008058378,0.24496245,0.0346755,null,null,null,null,null,null,0.093843535,0.011253562,0.54488266,0.0044706943,"ONEGAUSSIAN_WITH_ELLIPSOIDAL",6,0.6646481,0.54488266,0.0044706943,0.29336143,0.045126915,0.43264666,0.035707656,null,null,null,null,null,null
