Gaia/vari_eclipsing_binary/VariEclipsingBinary_227472-227559.csv
# %ECSV 1.0
# ---
# delimiter: ','
# meta: !!omap
# - RELEASE: Gaia DR3
# - TABLE: vari_eclipsing_binary
# - DESCRIPTION: >
#     This table describes the properties of the eclipsing binaries resulting from the variability analysis. 
# - CITATION: >
#     How to cite and acknowledge Gaia: 
#     https://gea.esac.esa.int/archive/documentation/credits.html 
# - KNOWN_ISSUES: >
#     Known issues: 
#     https://www.cosmos.esa.int/web/gaia-users/known-issues 
# - DOCUMENTATION: >
#     Tutorials and documentation: 
#     https://www.cosmos.esa.int/web/gaia-users/archive 
# datatype:
# - 
#   name: solution_id
#   datatype: int64
#   description: Solution Identifier
#   meta:
#     ucd: meta.version
# - 
#   name: source_id
#   datatype: int64
#   description: Unique source identifier
#   meta:
#     ucd: meta.id;meta.main
# - 
#   name: global_ranking
#   datatype: float32
#   description: Number between 0 (worst) and 1 (best)
#   meta:
#     ucd: stat.param
# - 
#   name: reference_time
#   datatype: float64
#   unit: d
#   description: Reference time used for the geometric model fit
#   meta:
#     ucd: time.epoch
# - 
#   name: frequency
#   datatype: float64
#   unit: d**-1
#   description: Frequency of geometric model of the eclipsing binary light curve
#   meta:
#     ucd: src.orbital
# - 
#   name: frequency_error
#   datatype: float32
#   unit: d**-1
#   description: "Uncertainty of \\texttt{frequency}"
#   meta:
#     ucd: stat.error
# - 
#   name: geom_model_reference_level
#   datatype: float32
#   unit: mag
#   description: Magnitude reference level of geometric model
#   meta:
#     ucd: phot.mag;em.opt
# - 
#   name: geom_model_reference_level_error
#   datatype: float32
#   unit: mag
#   description: "Uncertainty of \\texttt{geomModelReferenceLevel}"
#   meta:
#     ucd: stat.error;phot.mag;em.opt
# - 
#   name: geom_model_gaussian1_phase
#   datatype: float32
#   description: Phase of the Gaussian 1 component
#   meta:
#     ucd: time.phase
# - 
#   name: geom_model_gaussian1_phase_error
#   datatype: float32
#   description: "Uncertainty of \\texttt{geomModelGaussian1Phase}"
#   meta:
#     ucd: stat.error;time.phase
# - 
#   name: geom_model_gaussian1_sigma
#   datatype: float32
#   description: "Standard deviation [phase] of Gaussian 1 component"
#   meta:
#     ucd: stat.stdev
# - 
#   name: geom_model_gaussian1_sigma_error
#   datatype: float32
#   description: "Uncertainty of \\texttt{geomModelGaussian1Sigma}"
#   meta:
#     ucd: stat.error
# - 
#   name: geom_model_gaussian1_depth
#   datatype: float32
#   unit: mag
#   description: Magnitude depth of Gaussian 1 component
#   meta:
#     ucd: src.var.amplitude
# - 
#   name: geom_model_gaussian1_depth_error
#   datatype: float32
#   unit: mag
#   description: "Uncertainty of \\texttt{geomModelGaussian1Depth}"
#   meta:
#     ucd: stat.error;src.var.amplitude
# - 
#   name: geom_model_gaussian2_phase
#   datatype: float32
#   description: Phase of Gaussian 2 component
#   meta:
#     ucd: time.phase
# - 
#   name: geom_model_gaussian2_phase_error
#   datatype: float32
#   description: "Uncertainty of \\texttt{geomModelGaussian2Phase}"
#   meta:
#     ucd: stat.error;time.phase
# - 
#   name: geom_model_gaussian2_sigma
#   datatype: float32
[...]
#   datatype: float32
#   description: "Secondary eclipse: uncertainty of \\texttt{derivedSecondaryEclDuration}"
#   meta:
#     ucd: stat.error;time.duration
# - 
#   name: derived_secondary_ecl_depth
#   datatype: float32
#   unit: mag
#   description: "Secondary eclipse: depth"
#   meta:
#     ucd: src.var.amplitude
# - 
#   name: derived_secondary_ecl_depth_error
#   datatype: float32
#   unit: mag
#   description: "Secondary eclipse: uncertainty of \\texttt{derivedSecondaryEclDepth}"
#   meta:
#     ucd: stat.error;src.var.amplitude
solution_id,source_id,global_ranking,reference_time,frequency,frequency_error,geom_model_reference_level,geom_model_reference_level_error,geom_model_gaussian1_phase,geom_model_gaussian1_phase_error,geom_model_gaussian1_sigma,geom_model_gaussian1_sigma_error,geom_model_gaussian1_depth,geom_model_gaussian1_depth_error,geom_model_gaussian2_phase,geom_model_gaussian2_phase_error,geom_model_gaussian2_sigma,geom_model_gaussian2_sigma_error,geom_model_gaussian2_depth,geom_model_gaussian2_depth_error,geom_model_cosine_half_period_amplitude,geom_model_cosine_half_period_amplitude_error,geom_model_cosine_half_period_phase,geom_model_cosine_half_period_phase_error,model_type,num_model_parameters,reduced_chi2,derived_primary_ecl_phase,derived_primary_ecl_phase_error,derived_primary_ecl_duration,derived_primary_ecl_duration_error,derived_primary_ecl_depth,derived_primary_ecl_depth_error,derived_secondary_ecl_phase,derived_secondary_ecl_phase_error,derived_secondary_ecl_duration,derived_secondary_ecl_duration_error,derived_secondary_ecl_depth,derived_secondary_ecl_depth_error
[from data line 538]
375316653866487564,2001306742493298432,0.5991917,2215.1611527136656,2.1966401397716533,3.680679E-6,13.022278,0.008288427,0.26887453,0.0033798483,0.09109084,0.0072938856,0.15715557,0.007920853,0.7587338,0.0011982627,0.10292555,0.0033234376,0.29633215,0.008492686,null,null,null,null,"TWOGAUSSIANS",8,80.84478,0.7587338,0.0011982627,0.4,0.0,0.2825596,0.00624418,0.26888454,0.0033900735,0.4,0.0,0.1433879,0.0065313624
375316653866487564,2001307395328212096,0.4482632,2175.147857904057,0.7588311001617264,3.3495624E-5,15.22487,0.0071694665,0.3211521,0.016235244,0.11354842,0.019526795,0.07763915,0.0096143335,0.76684415,0.009547449,0.073851034,0.011503284,0.11854053,0.01878602,null,null,null,null,"TWOGAUSSIANS",8,119.982414,0.76684415,0.009547449,0.4,0.019827368,0.116341814,0.01915321,0.3211521,0.016235244,0.4,0.0,0.07540487,0.008532592
375316653866487564,2001308288681394432,0.48484612,2178.2032057173706,1.650743679088121,9.0864465E-5,18.93847,0.0042436724,0.34836677,0.03057143,0.023136899,0.01570627,0.06982258,0.026878228,0.77008134,0.037690956,0.0106894765,0.01860356,0.6050816,5.937854,null,null,null,null,"TWOGAUSSIANS",8,2.105317,0.77008134,0.037690956,0.05986107,0.10417993,0.6050816,5.937854,0.34836677,0.03057143,0.12956662,0.08795511,0.06982258,0.026878228
375316653866487564,2001309078955211776,0.6478406,2136.9234313424586,0.34606585905601334,4.10998E-6,13.193013,0.003073632,0.30623883,7.774917E-4,0.026412351,6.868202E-4,1.48494,0.047283616,null,null,null,null,null,null,0.034700576,0.0045637446,0.30623883,7.774917E-4,"ONEGAUSSIAN_WITH_ELLIPSOIDAL",6,445.98718,0.30623883,7.774917E-4,0.14790916,0.0038461932,1.5543412,0.047517207,null,null,null,null,null,null
375316653866487564,2001309834869603328,0.48870417,2189.8454459477557,2.1473651402059577,1.3454691E-5,13.846594,9.7514276E-4,0.20855099,0.0057763443,0.03497305,0.0051851072,0.0482893,0.0028199565,0.7049299,0.014998939,0.0333914,0.0112850815,0.039422996,0.01391258,null,null,null,null,"TWOGAUSSIANS",8,21.061049,0.20855099,0.0057763443,0.19584909,0.0290366,0.0482893,0.0028199565,0.7049299,0.014998939,0.18699184,0.06319646,0.039422996,0.01391258
375316653866487564,2001309903589075840,0.5117467,2181.627185966534,0.746359526925086,3.8378876E-6,18.609041,0.004107458,0.09224906,1.7944195E-4,0.0011227628,9.61561E-5,0.490224,0.02102661,0.6920974,0.04198702,0.119256586,0.026570812,0.018764835,0.006235181,null,null,null,null,"TWOGAUSSIANS",8,2.4623637,0.09224906,1.7944195E-4,0.006287472,5.384742E-4,0.49028572,0.02102866,0.6920974,0.04198702,0.4,0.0,0.018759117,0.0062385593
375316653866487564,2001309968003648000,0.56347406,2185.3713928521947,3.0924951721847793,5.287555E-6,17.749342,0.0058192345,0.25526065,0.0012626015,0.07548022,0.0030908005,0.27125517,0.0063002305,0.75426817,0.003747216,0.07739641,0.005467915,0.30487046,0.011228557,null,null,null,null,"TWOGAUSSIANS",8,5.1039767,0.75426817,0.003747216,0.4,0.0,0.3021914,0.011489938,0.25526065,0.0012626015,0.4,0.0,0.2685761,0.0059831045
375316653866487564,2001311003100679296,0.5078967,2156.1144972809648,0.3723299488698845,5.773007E-6,16.07122,0.004745353,0.4541157,9.0295234E-4,0.016044324,6.772713E-4,0.42197254,0.024336206,0.84059596,0.013165787,0.017109048,0.011353801,0.49773696,0.8989342,null,null,null,null,"TWOGAUSSIANS",8,65.29216,0.84059596,0.013165787,0.09581067,0.06358128,0.49773696,0.8989342,0.4541157,9.0295234E-4,0.08984821,0.0037927192,0.42197254,0.024336206
375316653866487564,2001311067510213376,0.40578339,2177.2815002331854,0.0858014867342051,5.670223E-5,11.793141,0.001943957,0.39326322,0.05620709,0.06496016,0.029717447,0.07700033,0.015107076,0.83047503,0.0085594235,0.057947636,0.014096537,0.03302765,0.0060811406,null,null,null,null,"TWOGAUSSIANS",8,22.160582,0.39326322,0.05620709,0.3637769,0.090377785,0.076997444,0.015085533,0.83047503,0.0085594235,0.32450676,0.0789406,0.03302477,0.006082718
375316653866487564,2001311789070113280,0.49872297,2156.433299833089,3.563480581415344,1.2286055E-5,18.9288,0.046155572,0.1512137,0.0064395554,0.097473785,0.018908568,0.21456973,0.0496619,0.64376986,0.0048997574,0.09952958,0.021173028,0.23385854,0.03977573,null,null,null,null,"TWOGAUSSIANS",8,2.204422,0.64376986,0.0048997574,0.4,0.0,0.21761514,0.017333101,0.1512137,0.0064444146,0.4,0.0,0.1983271,0.03387091
375316653866487564,2001312373185564160,0.6153258,2184.1547935626804,2.4768240489213507,4.8666416E-6,14.760273,0.0051835617,0.2542938,0.0019176379,0.10352433,0.0044627558,0.18712863,0.0045077004,0.75572383,0.0020830163,0.09886992,0.004644048,0.19329116,0.0041856933,null,null,null,null,"TWOGAUSSIANS",8,10.800687,0.75572383,0.0020830163,0.4,0.0,0.17563254,0.0043872627,0.2542938,0.0019176379,0.4,0.0,0.16946787,0.0021136845
375316653866487564,2001312514929176320,0.53162277,2170.57654506136,1.6234789637867717,7.5729686E-6,17.113138,0.041477367,0.2281768,0.0040816762,0.11834979,0.017383069,0.15643609,0.039379433,0.7599926,0.0045735673,0.12858026,0.023156706,0.15940541,0.03923831,null,null,null,null,"TWOGAUSSIANS",8,3.46413,0.7601826,0.0043400675,0.4,0.0,0.12843218,0.007380491,0.2277268,0.0034551164,0.4,0.0,0.12563619,0.00848049
375316653866487564,2001313786239746048,0.51214916,2137.9697657862043,0.9406669384203734,5.4975467E-6,16.05745,0.0011295375,0.2927797,0.0013739737,0.026099976,0.00457929,0.074571714,0.012322889,0.7950763,0.01312744,0.0217912,0.0124240415,0.031332426,0.018712427,0.022714963,0.0016405756,0.2927797,0.0013739737,"TWOGAUSSIANS_WITH_ELLIPSOIDAL_ON_ECLIPSE1",9,4.871096,0.2927797,0.0013739737,0.14615987,0.025644023,0.12000154,0.012513049,0.7950763,0.013074935,0.12203071,0.06957463,0.07675279,0.018798184
375316653866487564,2001314507794444416,0.6350881,2134.2357084153437,0.8072190348227208,3.690876E-6,15.611665,8.718544E-4,0.27061382,0.0036227915,0.023362268,0.003690169,0.31068003,0.09730878,0.76610416,5.1661744E-4,0.022131564,6.05186E-4,0.25934428,0.005477885,null,null,null,null,"TWOGAUSSIANS",8,6.0161357,0.27061382,0.0036227915,0.1308287,0.020664947,0.31068003,0.09730878,0.76610416,5.1661744E-4,0.123936765,0.0033890414,0.25934428,0.005477885
375316653866487564,2001315023190302464,0.6360405,2131.0935209706167,2.325134832452031,4.0800896E-6,17.469105,0.0058531887,0.23441559,0.0018401452,0.086635426,0.0027138302,0.35079283,0.0058337864,0.73500335,0.0010823507,0.0951983,0.0037756625,0.30431563,0.00650959,null,null,null,null,"TWOGAUSSIANS",8,2.2772257,0.23441559,0.0018401452,0.4,0.0,0.33610192,0.0035703697,0.73500335,0.0010823507,0.4,0.0,0.28962415,0.007906543
375316653866487564,2001317771969730048,0.61986756,2124.9961001887496,0.25916327937778905,8.958243E-6,16.196747,0.005675506,0.31132936,0.001972906,0.03387502,0.001175169,1.0588707,0.05830941,0.81204987,0.019223472,0.033878785,0.013692626,0.15067793,0.02560896,0.016489541,0.0072263465,0.31132936,0.001972906,"TWOGAUSSIANS_WITH_ELLIPSOIDAL_ON_ECLIPSE1",9,37.23149,0.31132936,0.001972906,0.1897001,0.006580946,1.0918497,0.05195036,0.81204987,0.019222358,0.18972118,0.07667871,0.18365626,0.021359561
375316653866487564,2001318630963012480,0.6227409,2133.1949725807217,0.3394633877238401,2.7178503E-6,14.365069,6.4629054E-4,0.24134143,0.0010540793,0.018563554,8.880034E-4,0.18165696,0.0021822467,0.74276453,6.642866E-4,0.016703174,0.0011333264,0.21027209,0.009302374,0.005982693,0.0011358778,0.24134143,0.0010540793,"TWOGAUSSIANS_WITH_ELLIPSOIDAL_ON_ECLIPSE1",9,12.60861,0.74276453,6.642866E-4,0.09353778,0.0063466285,0.2222365,0.009672609,0.24134143,0.0010540793,0.1039559,0.0049728192,0.19362232,0.0022534847
375316653866487564,2001318734042223744,0.5812132,2135.6501729105157,4.328356528151676,4.9540436E-6,16.390345,0.005869202,0.16171037,0.005222676,0.047785603,0.0059575904,0.14069116,0.0155263385,0.67086023,0.0025616626,0.060342964,0.008713457,0.1156217,0.012201956,0.075441934,0.0069665746,0.67086023,0.0025616626,"TWOGAUSSIANS_WITH_ELLIPSOIDAL_ON_ECLIPSE2",9,15.536182,0.16319036,0.004178343,0.26759937,0.033362508,0.2911354,0.009882781,0.67086023,0.0025616626,0.3379206,0.04879536,0.26648355,0.0044829994
375316653866487564,2001319107694697344,0.552066,2172.896779469855,2.866304517984214,9.039007E-6,18.020882,0.014317192,0.2916841,0.0029907054,0.09439396,0.008010592,0.2085507,0.013538034,0.7901035,0.0031104912,0.096842244,0.0081714615,0.21480949,0.013715412,null,null,null,null,"TWOGAUSSIANS",8,2.6706507,0.7901035,0.0031104912,0.4,0.0,0.20122978,0.008482735,0.2916841,0.0029907054,0.4,0.0,0.19497135,0.008765961
375316653866487564,2001319764834353024,0.59461874,2139.4980332204104,0.07990329791190294,3.0120682E-5,12.482899,0.0012536006,0.8088834,0.0060925856,0.014199972,0.0041674767,0.25100586,0.033551548,null,null,null,null,null,null,0.02919113,0.0015487941,0.8088834,0.0060925856,"ONEGAUSSIAN_WITH_ELLIPSOIDAL",6,114.49454,0.8088834,0.0060925856,0.079519846,0.023337869,0.30938804,0.033837635,null,null,null,null,null,null
375316653866487564,2001320108431763840,0.48956454,2129.4360164850054,3.831791757348419,1.6792164E-5,15.82173,0.01310457,0.28521916,0.0052451487,0.10100343,0.011898602,0.13662332,0.012402863,0.80007035,0.0065264096,0.08166789,0.014104456,0.13177302,0.012777459,null,null,null,null,"TWOGAUSSIANS",8,40.15394,0.28521916,0.0052451487,0.4,0.0,0.13158937,0.008152992,0.80007035,0.006533113,0.4,0.0,0.12674071,0.010201708
375316653866487564,2001320142791500160,0.45307922,2154.619143541891,1.4031818369723448,7.632496E-5,14.525522,0.0034318354,0.24906687,0.0064732325,0.03354433,0.017087804,0.16966598,0.10434965,0.94045764,0.0030754104,0.014932406,0.004016364,0.022934739,0.006480391,0.016796578,0.006129299,0.24906687,0.0064732325,"TWOGAUSSIANS_WITH_ELLIPSOIDAL_ON_ECLIPSE1",9,196.2591,0.24906687,0.0064732325,0.18784826,0.0956917,0.20325889,0.10704558,0.94045764,0.0030754104,0.08362147,0.02249164,0.027287815,0.0072039557
375316653866487564,2001321207943528960,0.52127993,2109.4959753080616,4.197652690000348,1.0850007E-5,19.498352,0.010618643,0.2582303,0.0028303117,0.07123461,0.0052382355,0.519961,0.052841127,0.75950277,0.0026177927,0.062180538,0.0033435419,0.6593691,0.02899867,null,null,null,null,"TWOGAUSSIANS",8,3.0021179,0.75950277,0.0026177927,0.348211,0.018723834,0.6583735,0.0291553,0.2582303,0.0028303117,0.39891383,0.01931836,0.51896536,0.053279854
375316653866487564,2001321276662838144,0.56462675,2152.388311810739,0.3136067291913059,3.0818945E-5,15.934556,0.0013624333,0.8031548,0.04307886,0.048107512,0.028502239,0.0124125965,0.004142884,0.90957266,5.3473434E-4,0.0057611936,9.305972E-4,0.43025017,0.17368884,null,null,null,null,"TWOGAUSSIANS",8,10.022119,0.90957266,5.3473434E-4,0.032262683,0.0052113445,0.43132487,0.17362542,0.8031548,0.04307886,0.2694021,0.15961254,0.0124125965,0.004142884
375316653866487564,2001323643178036352,0.5518424,2205.721847929593,0.4287194572348467,7.292892E-6,12.423558,0.0012334243,0.5385682,9.207257E-4,0.020384511,0.001027008,0.6548761,0.06512108,null,null,null,null,null,null,null,null,null,null,"ONEGAUSSIAN",5,111.97981,0.5385682,9.207257E-4,0.114153266,0.0057512447,0.6548761,0.0,null,null,null,null,null,null
375316653866487564,2001324605252662144,0.48075604,2155.368650602007,0.7463955473571686,4.910147E-5,18.37764,0.040550884,0.38856977,0.009670824,0.012848608,0.0044649662,0.65363353,0.45067397,0.81342757,0.01822033,0.19297937,0.11673483,0.06898721,0.033523843,null,null,null,null,"TWOGAUSSIANS",8,9.297158,0.3885798,0.009684842,0.0719522,0.025003811,0.65575063,0.45064366,0.81342757,0.01822033,0.4,0.0,0.064178064,0.008984436
375316653866487564,2001325365472539776,0.5536913,2172.2681779110158,1.7574793008754357,5.3104304E-6,15.772362,0.051153522,0.25461572,0.0038063303,0.13161281,0.015832098,0.30219108,0.048748907,0.72473764,0.0028160058,0.11608431,0.013374404,0.32672307,0.041606635,null,null,null,null,"TWOGAUSSIANS",8,25.191725,0.72473764,0.0028160058,0.4,0.0,0.26393858,0.010315168,0.2547757,0.0036424233,0.4,0.0,0.23890248,0.00682636
375316653866487564,2001326052667284352,0.5841083,2167.3168991551097,1.8045634248950937,7.2289477E-6,15.297961,0.009004779,0.24086978,0.0020435266,0.102756076,0.005037202,0.21116081,0.008389482,0.7503091,0.0018895486,0.10496228,0.005314303,0.23529811,0.008225414,null,null,null,null,"TWOGAUSSIANS",8,21.937284,0.7503091,0.0018895486,0.4,0.0,0.21326442,0.007844323,0.24085978,0.0020515502,0.4,0.0,0.18912983,0.0038443652
375316653866487564,2001327564483435392,0.45357418,2173.7751828541695,2.340445836705071,1.6675638E-5,19.89845,0.010020045,0.20554195,0.008671531,0.024975775,0.0136232935,0.3922209,0.484565,0.6789309,0.013821086,0.027539894,0.008547426,0.5454732,0.07765791,null,null,null,null,"TWOGAUSSIANS",8,3.773299,0.6789309,0.013821086,0.1542234,0.047865584,0.5454732,0.07765791,0.20554195,0.008671531,0.13986434,0.07629044,0.3922209,0.484565
375316653866487564,2001328453543745024,0.58812696,2152.351214935677,2.7396006037892433,1.2384362E-5,17.559555,0.030569507,0.29555905,0.0059769037,0.05319613,0.011597502,0.37569684,0.05264965,0.78948414,0.0020201453,0.05639658,0.0070684846,0.32779086,0.06962165,0.11126731,0.037664786,0.78948414,0.0020201453,"TWOGAUSSIANS_WITH_ELLIPSOIDAL_ON_ECLIPSE2",9,15.006155,0.29484904,0.005168087,0.29789832,0.06494601,0.5979219,0.04465958,0.78948414,0.0020201453,0.31582084,0.039583515,0.55030215,0.025380678
375316653866487564,2001330313274795776,0.63670737,2147.709230324784,1.2857961413316736,3.2661587E-6,16.533127,0.0051387697,0.22349349,0.0015857256,0.058274582,0.00934406,0.06620104,0.011271775,0.7152112,0.0017304751,0.058250308,0.0020731706,0.2923605,0.011680661,0.058845475,0.005764563,0.22349349,0.0015857256,"TWOGAUSSIANS_WITH_ELLIPSOIDAL_ON_ECLIPSE1",9,5.3297095,0.71602124,0.0015079895,0.32620174,0.011609755,0.40974084,0.006335475,0.22349349,0.0015857256,0.32633767,0.052326735,0.18386884,0.011061426
375316653866487564,2001330480768704128,0.68245965,2159.1539314008137,1.1391927466720528,1.0004338E-6,14.678928,0.0018914485,0.16162613,4.5026198E-4,0.03621293,5.20655E-4,1.0553243,0.02280877,0.6643538,0.0011773894,0.03583726,0.0011737616,0.14606747,0.0048428867,0.03673248,0.0029552737,0.16162613,4.5026198E-4,"TWOGAUSSIANS_WITH_ELLIPSOIDAL_ON_ECLIPSE1",9,29.254452,0.16162613,4.5026198E-4,0.2027924,0.002915668,1.1287892,0.0247344,0.6643538,0.0011773894,0.20068865,0.0065730647,0.21951072,0.0026677556
375316653866487564,2001330588152708480,0.49207827,2141.214983466647,0.07306655542862105,2.3320277E-5,13.692406,0.14236532,0.28701642,0.006429949,0.23034665,0.07527138,0.86266047,0.1783157,0.7857791,0.0054274974,0.17695111,0.06300116,0.72114915,0.25724447,null,null,null,null,"TWOGAUSSIANS",8,238.38258,0.28773645,0.008130536,0.4,0.0,0.14347032,0.011167254,0.7857791,0.0054274974,0.4,0.0,0.13877961,0.008693862
375316653866487564,2001330725591661056,0.56074965,2121.294970419816,3.3534660092764392,6.4657825E-6,17.019732,0.010950185,0.2518956,0.005118065,0.044046544,0.00894711,0.09218395,0.02602501,0.73206764,0.0030171378,0.05710698,0.010521167,0.1263611,0.02315069,0.07280287,0.014345626,0.73206764,0.0030171378,"TWOGAUSSIANS_WITH_ELLIPSOIDAL_ON_ECLIPSE2",9,13.4333935,0.73206764,0.0030171378,0.31979907,0.058918536,0.27195805,0.008566781,0.2480456,0.0038190403,0.24666063,0.050103817,0.23596682,0.010325385
375316653866487564,2001330966098649216,0.47208473,2131.574485753408,4.338624482423466,2.1427508E-5,19.216373,0.0119253,0.2854518,0.00889657,0.07245148,0.010702287,0.30322114,0.021095518,0.76456016,0.00829252,0.07804912,0.008694952,0.29173276,0.014237378,null,null,null,null,"TWOGAUSSIANS",8,4.7781157,0.2854518,0.00889657,0.4,0.023267647,0.30173323,0.021131024,0.76456016,0.00829252,0.4,0.0,0.29024485,0.01402606
