Gaia/vari_eclipsing_binary/VariEclipsingBinary_475853-475943.csv
# %ECSV 1.0
# ---
# delimiter: ','
# meta: !!omap
# - RELEASE: Gaia DR3
# - TABLE: vari_eclipsing_binary
# - DESCRIPTION: >
#     This table describes the properties of the eclipsing binaries resulting from the variability analysis. 
# - CITATION: >
#     How to cite and acknowledge Gaia: 
#     https://gea.esac.esa.int/archive/documentation/credits.html 
# - KNOWN_ISSUES: >
#     Known issues: 
#     https://www.cosmos.esa.int/web/gaia-users/known-issues 
# - DOCUMENTATION: >
#     Tutorials and documentation: 
#     https://www.cosmos.esa.int/web/gaia-users/archive 
# datatype:
# - 
#   name: solution_id
#   datatype: int64
#   description: Solution Identifier
#   meta:
#     ucd: meta.version
# - 
#   name: source_id
#   datatype: int64
#   description: Unique source identifier
#   meta:
#     ucd: meta.id;meta.main
# - 
#   name: global_ranking
#   datatype: float32
#   description: Number between 0 (worst) and 1 (best)
#   meta:
#     ucd: stat.param
# - 
#   name: reference_time
#   datatype: float64
#   unit: d
#   description: Reference time used for the geometric model fit
#   meta:
#     ucd: time.epoch
# - 
#   name: frequency
#   datatype: float64
#   unit: d**-1
#   description: Frequency of geometric model of the eclipsing binary light curve
#   meta:
#     ucd: src.orbital
# - 
#   name: frequency_error
#   datatype: float32
#   unit: d**-1
#   description: "Uncertainty of \\texttt{frequency}"
#   meta:
#     ucd: stat.error
# - 
#   name: geom_model_reference_level
#   datatype: float32
#   unit: mag
#   description: Magnitude reference level of geometric model
#   meta:
#     ucd: phot.mag;em.opt
# - 
#   name: geom_model_reference_level_error
#   datatype: float32
#   unit: mag
#   description: "Uncertainty of \\texttt{geomModelReferenceLevel}"
#   meta:
#     ucd: stat.error;phot.mag;em.opt
# - 
#   name: geom_model_gaussian1_phase
#   datatype: float32
#   description: Phase of the Gaussian 1 component
#   meta:
#     ucd: time.phase
# - 
#   name: geom_model_gaussian1_phase_error
#   datatype: float32
#   description: "Uncertainty of \\texttt{geomModelGaussian1Phase}"
#   meta:
#     ucd: stat.error;time.phase
# - 
#   name: geom_model_gaussian1_sigma
#   datatype: float32
#   description: "Standard deviation [phase] of Gaussian 1 component"
#   meta:
#     ucd: stat.stdev
# - 
#   name: geom_model_gaussian1_sigma_error
#   datatype: float32
#   description: "Uncertainty of \\texttt{geomModelGaussian1Sigma}"
#   meta:
#     ucd: stat.error
# - 
#   name: geom_model_gaussian1_depth
#   datatype: float32
#   unit: mag
#   description: Magnitude depth of Gaussian 1 component
#   meta:
#     ucd: src.var.amplitude
# - 
#   name: geom_model_gaussian1_depth_error
#   datatype: float32
#   unit: mag
#   description: "Uncertainty of \\texttt{geomModelGaussian1Depth}"
#   meta:
#     ucd: stat.error;src.var.amplitude
# - 
#   name: geom_model_gaussian2_phase
#   datatype: float32
#   description: Phase of Gaussian 2 component
#   meta:
#     ucd: time.phase
# - 
#   name: geom_model_gaussian2_phase_error
#   datatype: float32
#   description: "Uncertainty of \\texttt{geomModelGaussian2Phase}"
#   meta:
#     ucd: stat.error;time.phase
# - 
#   name: geom_model_gaussian2_sigma
#   datatype: float32
[...]
#   datatype: float32
#   description: "Secondary eclipse: uncertainty of \\texttt{derivedSecondaryEclDuration}"
#   meta:
#     ucd: stat.error;time.duration
# - 
#   name: derived_secondary_ecl_depth
#   datatype: float32
#   unit: mag
#   description: "Secondary eclipse: depth"
#   meta:
#     ucd: src.var.amplitude
# - 
#   name: derived_secondary_ecl_depth_error
#   datatype: float32
#   unit: mag
#   description: "Secondary eclipse: uncertainty of \\texttt{derivedSecondaryEclDepth}"
#   meta:
#     ucd: stat.error;src.var.amplitude
solution_id,source_id,global_ranking,reference_time,frequency,frequency_error,geom_model_reference_level,geom_model_reference_level_error,geom_model_gaussian1_phase,geom_model_gaussian1_phase_error,geom_model_gaussian1_sigma,geom_model_gaussian1_sigma_error,geom_model_gaussian1_depth,geom_model_gaussian1_depth_error,geom_model_gaussian2_phase,geom_model_gaussian2_phase_error,geom_model_gaussian2_sigma,geom_model_gaussian2_sigma_error,geom_model_gaussian2_depth,geom_model_gaussian2_depth_error,geom_model_cosine_half_period_amplitude,geom_model_cosine_half_period_amplitude_error,geom_model_cosine_half_period_phase,geom_model_cosine_half_period_phase_error,model_type,num_model_parameters,reduced_chi2,derived_primary_ecl_phase,derived_primary_ecl_phase_error,derived_primary_ecl_duration,derived_primary_ecl_duration_error,derived_primary_ecl_depth,derived_primary_ecl_depth_error,derived_secondary_ecl_phase,derived_secondary_ecl_phase_error,derived_secondary_ecl_duration,derived_secondary_ecl_duration_error,derived_secondary_ecl_depth,derived_secondary_ecl_depth_error
[from data line 409]
375316653866487564,4186196252799859200,0.54027116,2229.869911565866,1.3297794138705563,1.2007956E-5,17.009642,0.0043233554,0.23751135,0.14085957,0.07860136,0.09545527,0.06938265,12.528336,0.76789427,0.0024236473,0.06779938,0.004167325,0.11995342,0.009444171,null,null,null,null,"TWOGAUSSIANS",8,3.1023026,0.76789427,0.0024236473,0.37967652,0.02333702,0.119702764,0.009616361,0.23751135,0.14085957,0.4,0.36432517,0.069132,12.52886
375316653866487564,4186196355879083904,0.43307433,2217.03173455671,0.3657238283785472,7.5610056E-5,17.675728,0.024931578,0.37838417,0.015759686,0.09163028,0.028331244,0.30551383,0.101029575,0.752288,0.09461459,0.14271021,0.044061966,0.041786175,0.025411103,null,null,null,null,"TWOGAUSSIANS",8,11.801648,0.37907416,0.015011828,0.4,0.0,0.30236825,0.107603855,0.752288,0.09461459,0.4,0.0,0.037353083,0.018636933
375316653866487564,4186198211305787648,0.6546795,2197.053401607525,3.491546738121567,1.0723321E-5,18.687681,0.010924575,0.2462677,0.0023783245,0.07132478,0.0022346359,0.61209846,0.020355286,0.725252,0.0059324554,0.07088106,0.0034373945,0.7849327,0.044576745,null,null,null,null,"TWOGAUSSIANS",8,1.8734771,0.725252,0.0059324554,0.39693397,0.009241539,0.7832477,0.04448289,0.2462677,0.0023783245,0.39941877,0.0059940103,0.6104135,0.02029285
375316653866487564,4186198387397290112,0.5105228,2225.3442114138193,2.618395785200439,5.648239E-5,18.763912,0.006633213,0.25981,0.025859576,0.031384967,0.010181619,0.18653585,0.0914522,0.7816279,0.012111603,0.05847822,0.008050361,0.05927487,0.012564838,null,null,null,null,"TWOGAUSSIANS",8,1.1570963,0.25981,0.025859576,0.17575583,0.057017066,0.18653584,0.091450654,0.7816279,0.012111603,0.32747805,0.045082018,0.059274863,0.012564416
375316653866487564,4186202098256044544,0.5807493,2270.052354020961,0.3278239579430211,8.100549E-6,18.30282,0.0046888147,0.19210464,0.0056588184,0.017732503,0.004425657,0.40893707,0.24672893,0.6940058,0.0013627406,0.018258825,0.0018241197,0.45050672,0.10266941,null,null,null,null,"TWOGAUSSIANS",8,3.0812166,0.6940058,0.0013627406,0.102249414,0.01021507,0.45050672,0.10266941,0.19210464,0.0056588184,0.09930201,0.02478368,0.40893707,0.24672893
375316653866487564,4186202510572250368,0.5464877,2254.74308184127,4.055328059742405,8.049907E-5,17.540892,0.0030167114,0.21892746,0.01728886,0.020671114,0.023560856,0.41679245,0.47086287,0.588011,0.010635284,0.030656824,0.008072143,0.24445264,0.16127211,null,null,null,null,"TWOGAUSSIANS",8,2.0697966,0.21892746,0.01728886,0.11575825,0.13194078,0.41679245,0.47086287,0.588011,0.010635284,0.17167822,0.045204002,0.24445264,0.16127211
375316653866487564,4186203541365150464,0.45665056,2229.678678764534,0.24109446733813342,1.0142831E-4,19.665367,0.17510654,0.22977608,0.0145910885,0.100284696,0.03440182,0.52902955,0.16498439,0.68661416,0.018766582,0.10733055,0.03422821,0.39645773,0.17439817,null,null,null,null,"TWOGAUSSIANS",8,5.5513043,0.2298061,0.014387154,0.4,0.0,0.49942428,0.10773205,0.68661416,0.018766582,0.4,0.0,0.36682191,0.06995675
375316653866487564,4186206530657961344,0.6055423,2233.469567516793,1.5958930833774698,1.0310746E-5,18.330122,0.0037187387,0.2109003,0.004385237,0.028761497,0.0043921354,0.52799463,0.12100467,0.71756977,0.004303545,0.031194495,0.0023484721,0.44024944,0.02037398,null,null,null,null,"TWOGAUSSIANS",8,2.7099285,0.2109003,0.004385237,0.16106439,0.02459596,0.52799463,0.12100467,0.71756977,0.004303545,0.17468917,0.0131514445,0.44024944,0.02037398
375316653866487564,4186209653097105920,0.46244,2185.1781317661694,4.778423455655537,1.898351E-5,16.639515,0.01428359,0.35830572,0.0011329645,0.023021946,0.002374082,0.13554047,0.0104596475,0.71194017,0.020850861,0.11826412,0.020851456,0.09334374,0.020505982,null,null,null,null,"TWOGAUSSIANS",8,30.783665,0.35841572,0.0011146101,0.1289229,0.01329486,0.1365852,0.0119192,0.71194017,0.020850861,0.4,0.0,0.09331921,0.020460334
375316653866487564,4186210619471182976,0.60273075,2210.397766280086,1.779125702722473,1.4662596E-5,18.056278,0.0066831075,0.2194901,0.0042574443,0.061052907,0.008944088,0.15858799,0.013158366,0.7130811,0.002773269,0.04823781,0.0028802047,0.68883383,0.07481398,null,null,null,null,"TWOGAUSSIANS",8,3.5147345,0.7130811,0.002773269,0.27013174,0.016129147,0.68882096,0.07482087,0.2194901,0.0042574443,0.3418963,0.05008689,0.1585751,0.013169819
375316653866487564,4186211478464669312,0.55625826,2228.730527017222,3.671601345747897,1.3937168E-5,16.954504,0.014468019,0.217936,0.016562073,0.08543427,0.025202697,0.114779755,0.02008424,0.7624024,0.0035427234,0.11177715,0.011623661,0.14938612,0.013088179,null,null,null,null,"TWOGAUSSIANS",8,6.0585318,0.7624024,0.0035427234,0.4,0.0,0.14354132,0.0080942195,0.21785599,0.016530553,0.4,0.025051434,0.108972944,0.022339331
375316653866487564,4186211886480095104,0.55304545,2234.8080662746,2.9118804223461923,1.5076537E-5,17.505003,0.0059806406,0.28269857,0.0065313894,0.032721628,0.0033525217,0.27622434,0.0215675,0.78235406,0.00335142,0.03915318,0.0027814524,0.25735155,0.008770687,null,null,null,null,"TWOGAUSSIANS",8,8.39963,0.28269857,0.0065313894,0.18324113,0.018774122,0.27622434,0.0215675,0.78235406,0.00335142,0.21925782,0.0155761335,0.25735155,0.008770687
375316653866487564,4186211959496509952,0.503296,2177.3190839843883,2.654037043971218,4.8496535E-5,19.393057,0.009083127,0.31266254,0.019645851,0.089237966,0.033170164,0.09629043,0.010934083,0.8102471,0.0109256245,0.05588841,0.010052189,0.20686512,0.017571833,null,null,null,null,"TWOGAUSSIANS",8,1.3469862,0.8102471,0.0109256245,0.31297508,0.056292262,0.20624636,0.01654094,0.31266254,0.019645851,0.4,0.0,0.09567165,0.010182744
375316653866487564,4186212509256779520,0.48922753,2182.365328099448,3.649740526529427,2.340562E-5,17.356403,0.43733603,0.21354327,0.0078017944,0.18104948,0.08698102,0.4979022,0.411314,0.7116751,0.007203996,0.16503592,0.0653129,0.48950455,0.40326396,null,null,null,null,"TWOGAUSSIANS",8,13.690859,0.7116751,0.0072747353,0.4,0.0,0.16680682,0.013721681,0.21400326,0.0071256883,0.4,0.0,0.16316964,0.012081514
375316653866487564,4186213913706883328,0.44261372,2236.2917624566467,0.4268080433414296,2.3953218E-5,18.830088,0.0065782294,0.2665682,0.0071124937,0.03251331,0.012878589,0.10548409,0.037293516,null,null,null,null,null,null,0.070243515,0.011227121,0.2665682,0.0071124937,"ONEGAUSSIAN_WITH_ELLIPSOIDAL",6,2.6893835,0.2665682,0.0071124937,0.18207452,0.0721201,0.2459711,0.042759202,null,null,null,null,null,null
375316653866487564,4186218247333259520,0.5486304,2182.363052178102,2.964876080943197,1.1276837E-5,14.091244,1.444026,0.1752384,0.006643332,0.1316005,0.061768122,0.42322174,0.82754743,0.66707855,0.039884485,0.15928118,0.16129284,0.46532875,1.4194285,null,null,null,null,"TWOGAUSSIANS",8,207.30202,0.66707855,0.039893877,0.4,0.0,0.27309245,0.027313659,0.1761084,0.0039583454,0.4,0.0,0.23718102,0.015253129
375316653866487564,4186221472847894784,0.45094696,2192.7344777925514,2.2092761168137347,5.3728967E-5,17.673018,0.44462904,0.23749787,0.027946167,0.17506957,0.122014515,0.2762729,0.42382294,0.7471351,0.013405197,0.14495687,0.06576392,0.25880155,0.36448377,null,null,null,null,"TWOGAUSSIANS",8,11.237494,0.23667787,0.026857305,0.4,0.0,0.12751411,0.02620811,0.7492151,0.011699705,0.4,0.0,0.11813769,0.02211853
375316653866487564,4186222056964359296,0.5388053,2170.5344041277863,1.9863442508913352,1.892125E-5,18.78012,0.0098001,0.21305838,0.008455235,0.03666759,0.007306914,0.31747827,0.07182071,0.7354866,0.0030896051,0.019629119,0.009301078,0.9141303,0.875955,0.062728725,0.031237965,0.21305838,0.008455235,"TWOGAUSSIANS_WITH_ELLIPSOIDAL_ON_ECLIPSE1",9,9.469878,0.7354866,0.0030896051,0.109923065,0.052086037,1.0371127,0.9103788,0.21305838,0.008455235,0.20533851,0.04091872,0.44293568,0.04634026
375316653866487564,4186222950318536320,0.54463446,2170.2215694193073,3.594134334172466,1.9393505E-5,18.238634,0.0100695975,0.2523018,0.004573999,0.07956021,0.008367414,0.15256247,0.009311995,0.74992085,0.0047908453,0.090965435,0.014179055,0.20493835,0.018810546,null,null,null,null,"TWOGAUSSIANS",8,1.8369207,0.74992085,0.0047908453,0.4,0.0,0.2002926,0.022368647,0.2523018,0.004573999,0.4,0.0,0.14791684,0.0070630885
375316653866487564,4186223641812424960,0.46588284,2257.621289994393,0.38862430408191023,1.2304471E-5,18.683802,0.0071127145,0.6363533,0.0017881555,0.014713581,0.0044908435,0.15672007,0.034869064,0.45692435,0.028674563,0.13413797,0.068997726,0.096064426,0.05895141,null,null,null,null,"TWOGAUSSIANS",8,2.9163704,0.63581336,0.0018373695,0.08239605,0.025148723,0.19590807,0.036168274,0.45692435,0.028674563,0.4,0.0,0.09587972,0.059686217
375316653866487564,4186224015469439872,0.5858061,2262.7409731122666,3.2673904874854798,1.2922385E-5,18.797668,0.027636481,0.22617592,0.002007877,0.03594996,0.0059868484,0.34324646,0.05629678,0.72634804,0.0068824794,0.054174695,0.009886237,0.40943834,0.06685491,0.13726462,0.033819366,0.22617592,0.002007877,"TWOGAUSSIANS_WITH_ELLIPSOIDAL_ON_ECLIPSE1",9,3.2753005,0.72634804,0.0066759433,0.30337828,0.05536293,0.6839568,0.044936206,0.22617592,0.002007877,0.20131978,0.03352635,0.61776525,0.025348453
375316653866487564,4186224741324059264,0.4918444,2308.805971202803,0.20384962865733625,2.3242994E-5,16.634775,0.005024488,0.15335044,0.003671463,0.041139018,0.007941481,0.25774363,0.12058726,0.66219145,0.0062839817,0.035222333,0.007304694,0.74599254,1.7166499,null,null,null,null,"TWOGAUSSIANS",8,1.5657192,0.66219145,0.0062839817,0.19724506,0.040906288,0.74599254,1.7166499,0.15335044,0.003671463,0.2303785,0.044472292,0.25774363,0.12058727
375316653866487564,4186225355500246016,0.56389296,2296.57797480881,3.224701334545474,2.2995626E-5,19.07468,0.0090549365,0.27552906,0.012236506,0.0661719,0.007885228,0.49147692,0.07005365,0.7704298,0.005151156,0.07498645,0.0044940943,0.58961767,0.020329194,null,null,null,null,"TWOGAUSSIANS",8,3.8152475,0.7704298,0.005151156,0.4,0.0,0.5878254,0.020335577,0.27552906,0.012236506,0.3705626,0.044157274,0.48968464,0.07060239
375316653866487564,4186226424947114368,0.57755667,2215.998063062082,3.659656866956613,7.880124E-6,18.017012,0.011471465,0.23514597,0.0030787035,0.07553477,0.0035929244,0.39639062,0.012975537,0.7291972,0.0033531312,0.08251498,0.004865505,0.31874886,0.012291248,null,null,null,null,"TWOGAUSSIANS",8,7.282995,0.23514597,0.0030787035,0.4,0.0,0.3921881,0.012125384,0.7291972,0.0033531312,0.4,0.0,0.31454635,0.0117834
375316653866487564,4186227490099112448,0.46222925,2191.0424363693596,4.07878993452619,4.9755643E-5,19.20144,0.051604517,0.27475262,0.021593476,0.10279971,0.03367396,0.15079981,0.053225044,0.7677233,0.009400516,0.09722258,0.040891614,0.15675132,0.03382891,null,null,null,null,"TWOGAUSSIANS",8,2.735423,0.7677233,0.009400516,0.4,0.0,0.14439213,0.023777658,0.27475262,0.021593856,0.4,0.0,0.13843891,0.025077542
375316653866487564,4186233812291070336,0.54176575,2192.939298783831,2.6879747404402154,2.1660722E-5,18.001898,0.00525385,0.1930723,0.0021408433,0.040159687,0.0032921017,0.3564433,0.01166025,0.690419,0.0058625927,0.064702146,0.011229726,0.31272104,0.06688582,null,null,null,null,"TWOGAUSSIANS",8,9.140265,0.1930723,0.0021408433,0.22489424,0.018435769,0.35643676,0.0116600115,0.690419,0.0058625927,0.362332,0.06288646,0.31271452,0.066894785
375316653866487564,4186238034239903744,0.50026953,2202.38106566094,0.051693816032788144,4.009582E-6,17.97727,0.0066901864,0.14664407,0.044654276,0.012450349,0.027845323,0.6019868,0.5180674,0.66586363,9.2936354E-4,9.769513E-4,5.162715E-4,0.51583356,4.194079,0.012131838,0.011271925,0.66586363,9.2936354E-4,"TWOGAUSSIANS_WITH_ELLIPSOIDAL_ON_ECLIPSE2",9,22.488068,0.14665407,0.044451106,0.06972195,0.15593381,0.62589854,0.520517,0.66586363,9.2936354E-4,0.005470928,0.0028911205,0.54009724,4.194213
375316653866487564,4186239065032261888,0.4922912,2175.283817675748,1.256306015144525,4.6492994E-5,19.954142,0.018763758,0.29064578,0.0013547161,0.02547345,0.0025303713,1.8190657,0.4455878,0.41025934,0.0344525,0.085352205,0.041701958,0.12009896,0.030069537,null,null,null,null,"TWOGAUSSIANS",8,2.8511002,0.2909058,0.0012603295,0.14265132,0.014170079,1.8641486,0.48181152,0.41025934,0.0344525,0.4,0.0812441,0.1201286,0.030048238
375316653866487564,4186240095829273856,0.5759936,2189.5882636013635,3.679097614252275,2.3956412E-5,19.121338,0.018768124,0.227767,0.015607513,0.07931968,0.007313849,0.6455587,0.19910784,0.7316311,0.009405636,0.07307676,0.006980195,0.6499,0.037341233,null,null,null,null,"TWOGAUSSIANS",8,2.7282202,0.7316311,0.009405636,0.4,0.0015530463,0.6444263,0.033363488,0.227767,0.015607513,0.4,0.0,0.640085,0.19910525
375316653866487564,4186241371434984320,0.64157045,2197.6390705553263,3.3992511899613866,6.2674562E-6,16.18091,0.018105282,0.2987498,0.002626545,0.05580671,0.0037097926,0.5004471,0.03953748,0.79659975,0.0038851427,0.05321487,0.005096319,0.36967662,0.041711625,0.0694028,0.022032956,0.2987498,0.002626545,"TWOGAUSSIANS_WITH_ELLIPSOIDAL_ON_ECLIPSE1",9,26.65598,0.2987498,0.002626545,0.31251758,0.02077484,0.6392249,0.012545526,0.79676974,0.003600135,0.2980033,0.028539388,0.5084311,0.011044224
375316653866487564,4186250266307330432,0.5192862,2261.300689168994,2.646853392431681,2.108113E-5,18.228037,0.14353605,0.21396354,0.0053031333,0.12922917,0.040064033,0.34614748,0.13162534,0.72785676,0.010249644,0.10901932,0.038892914,0.29567626,0.13343546,null,null,null,null,"TWOGAUSSIANS",8,5.895246,0.21394354,0.005265041,0.4,0.0,0.28348556,0.0208963,0.7280468,0.010049667,0.4,0.0,0.23341653,0.026114702
375316653866487564,4186251640694998528,0.60097384,2261.572831366705,2.605905773563872,5.69147E-6,17.170168,0.010255679,0.37193576,0.0029851766,0.085182056,0.0073255254,0.17867266,0.008154995,0.8760017,0.0042862464,0.089818016,0.0083401175,0.16249736,0.009148384,null,null,null,null,"TWOGAUSSIANS",8,1.5044687,0.37193576,0.0029851766,0.4,0.0,0.17330171,0.006529935,0.8760017,0.0042862464,0.4,0.0,0.15712637,0.006643186
375316653866487564,4186260063132884608,0.5655127,2173.3451051583156,0.7591642317272214,6.9025946E-6,16.103138,0.0045582494,0.27445748,0.0010906063,0.033139326,0.0011836499,0.35588542,0.008019291,0.9132788,0.009823944,0.018869447,0.056047432,0.018552018,0.0040745675,null,null,null,null,"TWOGAUSSIANS",8,28.834082,0.27445748,0.0010906063,0.18558022,0.0066284393,0.35588542,0.008019311,0.9132788,0.009823944,0.1056689,0.28290853,0.018552018,0.004074569
375316653866487564,4186261609321047936,0.4355452,2155.65139191002,0.7029361965071123,4.133843E-5,17.404184,0.007823976,0.14576837,0.06313837,0.069489256,0.030723104,0.0670696,0.034214396,0.6364622,0.019085763,0.06541707,0.014781201,0.24160847,0.028463088,null,null,null,null,"TWOGAUSSIANS",8,12.037182,0.6364622,0.019085763,0.36633563,0.055083312,0.2414112,0.028450422,0.14576837,0.06313837,0.38913983,0.12914963,0.066872306,0.034039795
375316653866487564,4186261712400277504,0.5840801,2188.3012166650046,0.11930805627537533,1.0294415E-4,16.504883,0.0013711053,0.355295,0.014848517,0.056494243,0.012380143,0.01917795,0.005710355,0.6511781,0.013616926,0.02802602,0.022372218,0.34653416,0.32661846,null,null,null,null,"TWOGAUSSIANS",8,2.2699301,0.6511781,0.013616926,0.1569457,0.12528442,0.3465342,0.32661846,0.355295,0.014848517,0.31636778,0.0693288,0.01917795,0.005710355
375316653866487564,4186261781119746816,0.46887237,2182.589561469946,0.10803296435105111,1.8933482E-5,18.386734,0.04087695,0.21884906,0.0054649,0.09676205,0.01634148,0.27074832,0.0674035,0.7946104,0.020806616,0.10664817,0.04909283,0.14143099,0.044850774,null,null,null,null,"TWOGAUSSIANS",8,3.2480035,0.21877906,0.0047293245,0.4,0.0,0.26386294,0.06616077,0.7946804,0.020802902,0.4,0.0,0.13451183,0.041741993
