Gaia/vari_eclipsing_binary/VariEclipsingBinary_673968-673990.csv
# %ECSV 1.0
# ---
# delimiter: ','
# meta: !!omap
# - RELEASE: Gaia DR3
# - TABLE: vari_eclipsing_binary
# - DESCRIPTION: >
#     This table describes the properties of the eclipsing binaries resulting from the variability analysis. 
# - CITATION: >
#     How to cite and acknowledge Gaia: 
#     https://gea.esac.esa.int/archive/documentation/credits.html 
# - KNOWN_ISSUES: >
#     Known issues: 
#     https://www.cosmos.esa.int/web/gaia-users/known-issues 
# - DOCUMENTATION: >
#     Tutorials and documentation: 
#     https://www.cosmos.esa.int/web/gaia-users/archive 
# datatype:
# - 
#   name: solution_id
#   datatype: int64
#   description: Solution Identifier
#   meta:
#     ucd: meta.version
# - 
#   name: source_id
#   datatype: int64
#   description: Unique source identifier
#   meta:
#     ucd: meta.id;meta.main
# - 
#   name: global_ranking
#   datatype: float32
#   description: Number between 0 (worst) and 1 (best)
#   meta:
#     ucd: stat.param
# - 
#   name: reference_time
#   datatype: float64
#   unit: d
#   description: Reference time used for the geometric model fit
#   meta:
#     ucd: time.epoch
# - 
#   name: frequency
#   datatype: float64
#   unit: d**-1
#   description: Frequency of geometric model of the eclipsing binary light curve
#   meta:
#     ucd: src.orbital
# - 
#   name: frequency_error
#   datatype: float32
#   unit: d**-1
#   description: "Uncertainty of \\texttt{frequency}"
#   meta:
#     ucd: stat.error
# - 
#   name: geom_model_reference_level
#   datatype: float32
#   unit: mag
#   description: Magnitude reference level of geometric model
#   meta:
#     ucd: phot.mag;em.opt
# - 
#   name: geom_model_reference_level_error
#   datatype: float32
#   unit: mag
#   description: "Uncertainty of \\texttt{geomModelReferenceLevel}"
#   meta:
#     ucd: stat.error;phot.mag;em.opt
# - 
#   name: geom_model_gaussian1_phase
#   datatype: float32
#   description: Phase of the Gaussian 1 component
#   meta:
#     ucd: time.phase
# - 
#   name: geom_model_gaussian1_phase_error
#   datatype: float32
#   description: "Uncertainty of \\texttt{geomModelGaussian1Phase}"
#   meta:
#     ucd: stat.error;time.phase
# - 
#   name: geom_model_gaussian1_sigma
#   datatype: float32
#   description: "Standard deviation [phase] of Gaussian 1 component"
#   meta:
#     ucd: stat.stdev
# - 
#   name: geom_model_gaussian1_sigma_error
#   datatype: float32
#   description: "Uncertainty of \\texttt{geomModelGaussian1Sigma}"
#   meta:
#     ucd: stat.error
# - 
#   name: geom_model_gaussian1_depth
#   datatype: float32
#   unit: mag
#   description: Magnitude depth of Gaussian 1 component
#   meta:
#     ucd: src.var.amplitude
# - 
#   name: geom_model_gaussian1_depth_error
#   datatype: float32
#   unit: mag
#   description: "Uncertainty of \\texttt{geomModelGaussian1Depth}"
#   meta:
#     ucd: stat.error;src.var.amplitude
# - 
#   name: geom_model_gaussian2_phase
#   datatype: float32
#   description: Phase of Gaussian 2 component
#   meta:
#     ucd: time.phase
# - 
#   name: geom_model_gaussian2_phase_error
#   datatype: float32
#   description: "Uncertainty of \\texttt{geomModelGaussian2Phase}"
#   meta:
#     ucd: stat.error;time.phase
# - 
#   name: geom_model_gaussian2_sigma
#   datatype: float32
[...]
#   datatype: float32
#   description: "Secondary eclipse: uncertainty of \\texttt{derivedSecondaryEclDuration}"
#   meta:
#     ucd: stat.error;time.duration
# - 
#   name: derived_secondary_ecl_depth
#   datatype: float32
#   unit: mag
#   description: "Secondary eclipse: depth"
#   meta:
#     ucd: src.var.amplitude
# - 
#   name: derived_secondary_ecl_depth_error
#   datatype: float32
#   unit: mag
#   description: "Secondary eclipse: uncertainty of \\texttt{derivedSecondaryEclDepth}"
#   meta:
#     ucd: stat.error;src.var.amplitude
solution_id,source_id,global_ranking,reference_time,frequency,frequency_error,geom_model_reference_level,geom_model_reference_level_error,geom_model_gaussian1_phase,geom_model_gaussian1_phase_error,geom_model_gaussian1_sigma,geom_model_gaussian1_sigma_error,geom_model_gaussian1_depth,geom_model_gaussian1_depth_error,geom_model_gaussian2_phase,geom_model_gaussian2_phase_error,geom_model_gaussian2_sigma,geom_model_gaussian2_sigma_error,geom_model_gaussian2_depth,geom_model_gaussian2_depth_error,geom_model_cosine_half_period_amplitude,geom_model_cosine_half_period_amplitude_error,geom_model_cosine_half_period_phase,geom_model_cosine_half_period_phase_error,model_type,num_model_parameters,reduced_chi2,derived_primary_ecl_phase,derived_primary_ecl_phase_error,derived_primary_ecl_duration,derived_primary_ecl_duration_error,derived_primary_ecl_depth,derived_primary_ecl_depth_error,derived_secondary_ecl_phase,derived_secondary_ecl_phase_error,derived_secondary_ecl_duration,derived_secondary_ecl_duration_error,derived_secondary_ecl_depth,derived_secondary_ecl_depth_error
[from data line 583]
375316653866487564,5928440154351388416,0.46765223,2223.2507535053055,3.3087332189785434,2.8158802E-5,19.060612,0.0037543953,null,null,null,null,null,null,null,null,null,null,null,null,0.06250009,0.005459404,0.3004408,0.0060903276,"ELLIPSOIDAL",4,2.3071911,null,null,null,null,null,null,null,null,null,null,null,null
375316653866487564,5928440772866447744,0.658916,2217.935546268775,1.0972114941585436,1.6555829E-6,15.151437,0.018559333,0.26893944,5.0494575E-4,0.06933462,0.0062233754,0.22573605,0.032188132,0.773347,0.0019764248,0.066926494,0.008228246,0.16031049,0.03519658,0.065273784,0.01972312,0.26893944,5.0494575E-4,"TWOGAUSSIANS_WITH_ELLIPSOIDAL_ON_ECLIPSE1",9,9.189288,0.26893944,5.0494575E-4,0.38827386,0.032433648,0.35583213,0.009353691,0.773347,0.0019764248,0.37478837,0.04607818,0.29030648,0.011015115
375316653866487564,5928441764961395200,0.65018266,2209.989708256506,3.805423454487798,9.632211E-6,17.983313,0.01699823,0.18537626,0.003855511,0.0508813,0.0067964885,0.4417382,0.042688154,0.68396705,0.0018499974,0.05710599,0.002902668,0.5196104,0.039265435,0.102358505,0.023286315,0.18537626,0.003855511,"TWOGAUSSIANS_WITH_ELLIPSOIDAL_ON_ECLIPSE1",9,4.717131,0.68409705,0.0015254298,0.31979355,0.016254941,0.7242769,0.014225782,0.18537626,0.003855511,0.28493527,0.038060337,0.6464192,0.03835942
375316653866487564,5928442349075552512,0.6006886,2212.267501742607,0.9466046528857051,3.730875E-6,16.490004,0.0027532375,0.16257934,0.0022852938,0.046782635,0.0035175097,0.06663816,0.0063108704,0.6661779,5.4820563E-4,0.048317343,0.0010863683,0.26280585,0.0029950906,null,null,null,null,"TWOGAUSSIANS",8,5.2612586,0.6661779,5.4820563E-4,0.2705771,0.0060836626,0.26280564,0.0029949525,0.16257934,0.0022852938,0.26198277,0.019698054,0.06663794,0.006310863
375316653866487564,5928443482953467392,0.61975044,2179.2857462596294,3.2206796619931777,9.112811E-6,18.185232,0.01496879,0.20996128,0.0014710363,0.04747233,0.007900511,0.19397725,0.029328642,0.7102813,0.0045612296,0.042090353,0.009336644,0.30730245,0.12681419,0.11656785,0.018038236,0.20996128,0.0014710363,"TWOGAUSSIANS_WITH_ELLIPSOIDAL_ON_ECLIPSE1",9,2.4079397,0.7102813,0.0043443963,0.23570597,0.05228521,0.54043704,0.14129888,0.20996128,0.0014710363,0.26584506,0.044242863,0.42711276,0.00829727
375316653866487564,5928443521606609664,0.44725385,2165.2345539129174,4.17299115526496,4.4627388E-5,17.452038,0.015101187,0.088556044,0.013883534,0.03829898,0.0246397,0.03006502,0.016336102,0.6027255,0.01038223,0.122761324,0.016148152,0.1931419,0.017197754,null,null,null,null,"TWOGAUSSIANS",8,5.27595,0.6027255,0.01038223,0.4,0.0,0.1918319,0.015707906,0.088486046,0.013871378,0.21447429,0.13798232,0.028861769,0.012066608
375316653866487564,5928443586031922688,0.47241116,2217.4805057128287,3.0246602957328976,2.1885826E-5,17.517132,0.0032821917,0.7340088,0.005411166,0.014713734,0.013964736,0.022200955,0.075821444,null,null,null,null,null,null,0.069771424,0.0048734057,0.7340088,0.005411166,"ONEGAUSSIAN_WITH_ELLIPSOIDAL",6,14.936456,0.7340088,0.005411166,0.08239692,0.07820252,0.1617438,0.0774768,null,null,null,null,null,null
375316653866487564,5928445239588438400,0.5742401,2184.0722238381895,3.14483729077503,9.341564E-6,19.406506,0.006662142,0.26822257,0.0028445008,0.06130573,0.0034039945,0.6354361,0.0178869,0.77011985,0.004000049,0.066610344,0.0035122496,0.698347,0.049995545,null,null,null,null,"TWOGAUSSIANS",8,2.1901834,0.77011985,0.004000049,0.37301794,0.019668598,0.69774145,0.050152946,0.26822257,0.0028445008,0.34331208,0.019062368,0.63483065,0.017965559
375316653866487564,5928446094288354304,0.5337357,2198.8950174193915,0.08136990635678625,8.2193175E-5,17.971842,0.0062503116,0.2510403,0.24846952,0.11185462,0.18254542,0.022652404,0.0852417,0.44132704,0.02426216,0.035713755,0.036960684,0.5649659,1.0149268,null,null,null,null,"TWOGAUSSIANS",8,7.091413,0.44132704,0.02426216,0.19999704,0.20697983,0.5702932,1.049062,0.25107032,0.27902564,0.4,0.5595317,0.022650717,1.436197
375316653866487564,5928446304785097344,0.44246414,2199.2831172247006,2.6861758894736805,3.8635397E-5,18.304567,0.010243562,null,null,null,null,null,null,null,null,null,null,null,null,0.13374978,0.01701053,0.28114885,0.008122778,"ELLIPSOIDAL",4,28.71013,null,null,null,null,null,null,null,null,null,null,null,null
375316653866487564,5928446442224064128,0.64070773,2219.0931988157795,2.5962100414130553,6.1470714E-6,14.427561,0.0072278054,0.25715646,0.0015313168,0.055251166,0.008090072,0.07054715,0.014808803,0.79993796,0.02104093,0.048345644,0.030114638,0.052097607,0.014385677,0.081711575,0.0075473967,0.25715646,0.0015313168,"TWOGAUSSIANS_WITH_ELLIPSOIDAL_ON_ECLIPSE1",9,19.4788,0.25715646,0.0015313168,0.30940652,0.045304406,0.23396704,0.004143995,0.79993796,0.02104093,0.2707356,0.1606939,0.20399095,0.010145477
375316653866487564,5928446545303300224,0.440652,2198.520713435699,2.0649262162608073,9.745844E-5,17.75203,0.009561832,0.3468679,0.005881571,0.015483486,0.008201941,0.0502826,0.10099319,0.7577733,0.01936136,0.05590622,0.010294461,0.25142866,0.07462864,0.04125985,0.018454613,0.3468679,0.005881571,"TWOGAUSSIANS_WITH_ELLIPSOIDAL_ON_ECLIPSE1",9,42.95552,0.7633933,0.019949492,0.31307486,0.05764898,0.3119876,0.07987652,0.3468679,0.005881571,0.086707525,0.04593087,0.13280213,0.09875782
375316653866487564,5928446953281742080,0.6179401,2175.3980138145444,3.628442933722796,8.435052E-6,17.82295,0.007476236,0.292187,0.0025367956,0.06848046,0.0027172475,0.51943403,0.009340281,0.79036313,0.0022206074,0.07356733,0.0025851098,0.5580298,0.021188233,null,null,null,null,"TWOGAUSSIANS",8,5.5220966,0.79036313,0.0022206074,0.4,0.0,0.55592936,0.02121081,0.292187,0.0025367956,0.3834906,0.015216586,0.51733357,0.009048221
375316653866487564,5928446953297204864,0.58233774,2172.1807041675092,2.214561726088122,1.0523615E-5,18.182428,0.009209017,0.23564401,0.0025461284,0.0762411,0.0039857673,0.3440416,0.009412699,0.73562306,0.0080655515,0.111717604,0.01700672,0.14883065,0.0102833,null,null,null,null,"TWOGAUSSIANS",8,2.3367674,0.23564401,0.0025461284,0.4,0.0,0.33245414,0.008147273,0.73562306,0.0080655515,0.4,0.0,0.1372299,0.01381612
375316653866487564,5928447296898038272,0.4408592,2186.120925668035,1.9676158599254296,4.830092E-5,18.812662,0.00902241,0.16294801,0.02141766,0.0316151,0.013299073,0.16118681,0.035615016,0.7428062,0.03563791,0.056713328,0.049780976,0.062411796,0.0645202,0.03066148,0.009571212,0.7428062,0.03563791,"TWOGAUSSIANS_WITH_ELLIPSOIDAL_ON_ECLIPSE2",9,9.850319,0.16493802,0.019870397,0.17704457,0.07447481,0.20864221,0.028146982,0.7428062,0.03563791,0.31759465,0.26680765,0.123730876,0.06215421
375316653866487564,5928447472973464192,0.43458462,2152.3908517969026,0.6379462780237054,4.8197915E-5,18.262201,0.004253696,0.709487,0.015421428,0.03164956,0.009830793,0.08641254,0.031308584,0.49985927,0.035372607,0.077209726,0.020009337,0.1702166,0.12042603,null,null,null,null,"TWOGAUSSIANS",8,5.478153,0.49985927,0.035372607,0.4,0.04975207,0.1702166,0.12042604,0.707647,0.015144066,0.17723753,0.055052444,0.090819515,0.030649662
375316653866487564,5928449362801758720,0.5788851,2225.3229159475018,3.12351960376777,7.31307E-6,16.761526,0.031254113,0.26083976,0.004171433,0.06634316,0.006902715,0.2312987,0.06863367,0.74687207,0.0037278382,0.06532625,0.011861642,0.18446884,0.06912082,0.06403183,0.03668892,0.74687207,0.0037278382,"TWOGAUSSIANS_WITH_ELLIPSOIDAL_ON_ECLIPSE2",9,23.79625,0.25858977,0.0023441345,0.37152168,0.038655207,0.3583304,0.010679201,0.74687207,0.0037278382,0.365827,0.06260439,0.31232643,0.01772198
375316653866487564,5928450599710112384,0.514892,2228.382032874509,0.027612002642117238,1.9988802E-5,18.72788,0.0033489761,0.28515902,0.01335486,0.030719949,0.0066774245,0.022237517,0.028359924,0.5069942,9.973494E-6,8.04601E-4,2.5922422E-5,0.5375712,0.018976627,null,null,null,null,"TWOGAUSSIANS",8,2.2620575,0.5069942,9.973494E-6,0.0045057656,1.4516556E-4,0.5375712,0.018976627,0.28515902,0.01335486,0.17203172,0.037393577,0.022237517,0.028359924
375316653866487564,5928451523127138432,0.47109252,2183.6981858462564,0.0746356019699809,7.1961204E-6,18.324003,0.0062381774,0.7020975,0.0019751096,0.030560695,0.003511282,0.19318461,0.01406749,0.8584482,0.0023874955,0.03752678,0.0045506507,0.39359033,0.10828925,null,null,null,null,"TWOGAUSSIANS",8,8.133506,0.8584482,0.0023874955,0.21014996,0.025483645,0.39359072,0.108290955,0.7021375,0.0019789771,0.17113988,0.01966318,0.19325168,0.014112644
375316653866487564,5928451561825044992,0.4993874,2181.4928362835058,0.20323692339069857,1.7225202E-4,18.309593,0.0047285124,0.6762828,0.007649324,0.012798637,0.0069961306,0.38892597,0.23449916,0.7854639,0.115413934,0.08103364,0.066722274,0.013309483,0.53026474,null,null,null,null,"TWOGAUSSIANS",8,5.2709117,0.6763228,0.0071570575,0.071672365,0.03917833,0.39429748,0.23456807,0.7854639,0.115413934,0.4,0.27824888,0.0133094825,0.53026474
375316653866487564,5928451591846644608,0.5750502,2178.9871893164786,3.3671870408618663,9.678925E-6,18.17082,0.008735053,0.23848943,0.002981232,0.07475215,0.0038968092,0.5158176,0.013757034,0.72893083,0.0028283058,0.08298089,0.0029377136,0.562012,0.015315191,null,null,null,null,"TWOGAUSSIANS",8,7.0773983,0.72893083,0.0028283058,0.4,0.0,0.55617285,0.015045172,0.23848943,0.002981232,0.4,0.0,0.50997835,0.01370974
375316653866487564,5928453073613512064,0.49140728,2241.1832594657144,2.8794649762116937,2.5594685E-5,19.772205,0.027444733,0.24704659,0.0061455835,0.08243729,0.012327413,0.41959512,0.0619153,0.73558414,0.0036068922,0.08414332,0.009355003,0.44523704,0.036542036,null,null,null,null,"TWOGAUSSIANS",8,2.8640127,0.73558414,0.0036068922,0.4,0.0,0.43747768,0.036776684,0.24704659,0.0061455835,0.4,0.0,0.41183576,0.06501923
375316653866487564,5928453314181049088,0.48909712,2180.1362316274062,0.24528960277147505,1.3622941E-4,18.330723,0.0041659055,0.40129924,0.019229636,0.036903623,0.016438842,0.025818778,0.008772224,0.66263866,0.0061140875,0.06740758,0.004830528,0.2607416,0.027366001,null,null,null,null,"TWOGAUSSIANS",8,1.2043666,0.66263866,0.0061140875,0.37748244,0.027050957,0.2607416,0.027366001,0.40173924,0.019698584,0.20666029,0.09205751,0.025962563,0.008708301
375316653866487564,5928453516010623488,0.5328588,2198.763233597927,2.427672703822714,1.90884E-5,18.245762,0.009894003,0.26125425,0.0044827955,0.09916741,0.0080627315,0.1743781,0.010176462,0.7536526,0.0026690033,0.08867617,0.0125463065,0.20720384,0.017692497,null,null,null,null,"TWOGAUSSIANS",8,1.6972755,0.7536526,0.0026690033,0.4,0.0,0.19741318,0.025265215,0.26125425,0.0044827955,0.4,0.0,0.16458638,0.0077786203
375316653866487564,5928454344964381952,0.4881444,2163.402674072939,0.24502719090303032,5.0424118E-5,13.216147,0.009038194,0.30577096,0.0049731308,0.094570324,0.0056875786,0.15928839,0.009686016,0.77154744,0.00806473,0.12247577,0.01504324,0.0867558,0.009154313,null,null,null,null,"TWOGAUSSIANS",8,211.46573,0.30587095,0.004942317,0.4,0.0,0.1487048,0.005097558,0.77154744,0.00806473,0.4,0.0,0.076103814,0.007799635
375316653866487564,5928454374984111232,0.49260888,2182.8406766341263,2.7523154268043135,2.1416483E-5,17.318602,0.004796948,0.21657565,0.0069243917,0.037453923,0.068712056,0.026894953,0.02264064,0.7225797,0.022563782,0.01890133,0.015009354,0.090798855,4.5279627,0.05326847,0.0057431613,0.21657565,0.0069243917,"TWOGAUSSIANS_WITH_ELLIPSOIDAL_ON_ECLIPSE1",9,10.707228,0.7225797,0.022526566,0.10584744,0.084052384,0.19718419,4.5282693,0.21657565,0.0069243917,0.20974196,0.212514,0.13343184,0.02126693
375316653866487564,5928454379281367680,0.5508267,2165.0641151373034,2.5648897294052793,1.1855683E-5,18.859676,0.009416747,0.26505584,0.00689976,0.07383847,0.0060578743,0.43591437,0.029923989,0.7663441,0.0026641102,0.07597778,0.0048148725,0.43148473,0.021084704,null,null,null,null,"TWOGAUSSIANS",8,3.638457,0.26505584,0.00689976,0.4,0.0,0.4327008,0.029901959,0.7663441,0.0026641102,0.4,0.0,0.42827117,0.02175629
375316653866487564,5928454409343831680,0.47470817,2168.7098091103794,0.14287674014174906,6.4530206E-5,15.160121,0.20045918,0.23759064,0.0012901082,0.043842126,0.00384909,2.5084713,0.77631074,0.44956964,0.06563022,0.24588418,0.22730437,0.076161705,0.19188136,null,null,null,null,"TWOGAUSSIANS",8,280.47125,0.23773064,0.0012811982,0.2455159,0.021554904,2.5421855,0.78267014,0.44956964,0.06563022,0.4,0.0,0.05695282,0.015623224
375316653866487564,5928454478085867648,0.56478906,2163.9739249727436,3.0622695925819223,1.6152208E-5,18.928112,0.008523578,0.19015019,0.007426,0.07175232,0.006732906,0.31418213,0.009248812,0.6931132,0.0038463625,0.07430461,0.005132963,0.4179176,0.02824975,null,null,null,null,"TWOGAUSSIANS",8,2.3074756,0.6931132,0.0038463625,0.4,0.0,0.41598633,0.028767396,0.19015019,0.007426,0.4,0.022557056,0.31225085,0.009236091
375316653866487564,5928454993458772352,0.40055215,2179.772509202852,0.8023551707029254,2.3653623E-5,11.343158,0.007909427,0.17555737,0.0036177742,0.033899028,0.010030532,0.09044461,0.02396464,0.71354264,0.09818515,0.14193389,0.12458545,0.027570948,0.18491647,null,null,null,null,"TWOGAUSSIANS",8,160.03572,0.17552736,0.0036322721,0.18983455,0.05617098,0.09010095,0.024388291,0.71354264,0.09818515,0.4,0.22248429,0.027068418,0.18539028
375316653866487564,5928455027841765376,0.50998706,2187.705940898598,4.045408154517885,1.3637808E-5,19.086573,0.05326747,0.35382023,0.0028441336,0.107788555,0.022222733,0.31339034,0.03866424,0.857294,0.009735395,0.10015169,0.025357421,0.26420432,0.05483246,null,null,null,null,"TWOGAUSSIANS",8,2.438357,0.35382023,0.0028462384,0.4,0.0,0.28263095,0.018570261,0.857294,0.009736673,0.4,0.0,0.23345631,0.046769418
375316653866487564,5928455169598259200,0.51191217,2181.5335980375867,1.4797432488877067,1.8598144E-5,15.564706,9.1598014E-4,0.76321334,0.004521245,0.036254935,0.010219322,0.0015367524,0.0020119257,null,null,null,null,null,null,0.022199966,0.0012433227,0.76321334,0.004521245,"ONEGAUSSIAN_WITH_ELLIPSOIDAL",6,5.1010995,0.76321334,0.004521245,0.20302764,0.057228204,0.045936614,0.0019133026,null,null,null,null,null,null
375316653866487564,5928455199624245248,0.5398274,2179.8256116391394,3.8467425491616276,1.0665299E-5,18.372725,0.011407049,0.19040522,0.0048638065,0.088551514,0.007381594,0.27085137,0.022362206,0.69043595,0.0025428312,0.09268147,0.004674881,0.3111416,0.0115249595,null,null,null,null,"TWOGAUSSIANS",8,3.567309,0.69043595,0.0025428312,0.4,0.0,0.29821715,0.008394912,0.19040522,0.0048638065,0.4,0.0,0.25792718,0.023277828
375316653866487564,5928455440142408832,0.46172494,2190.0499721933206,0.34269258751772097,1.1686349E-4,18.285894,0.0029381914,0.33498713,0.027377231,0.011072029,0.014328624,0.2046148,0.47304633,0.84213996,0.006610545,0.034347016,0.0056114895,0.07304539,0.0037868132,null,null,null,null,"TWOGAUSSIANS",8,2.570545,0.33498713,0.027377231,0.062003367,0.080240294,0.2046148,0.47304633,0.84213996,0.006610545,0.1923433,0.031424344,0.07304539,0.0037868132
375316653866487564,5928455513195678848,0.57789826,2188.220273789631,1.5775996723917272,8.2746665E-6,16.263187,0.010196168,0.17440319,0.0025509791,0.10391956,0.0063904463,0.21041425,0.009395412,0.67362285,0.002025135,0.096063145,0.0050497814,0.2634812,0.009630984,null,null,null,null,"TWOGAUSSIANS",8,12.051646,0.67362285,0.002025135,0.4,0.0,0.24315591,0.0080169365,0.17440319,0.0025509791,0.4,0.0,0.1900857,0.0062709055
375316653866487564,5928455646300835200,0.47050077,2182.4244121864185,2.8378941696024365,2.4889738E-5,18.435207,0.08055447,0.21064876,0.011390844,0.09203161,0.029118966,0.3029013,0.07826229,0.7027158,0.0082475105,0.109129496,0.027835112,0.2721125,0.07685537,null,null,null,null,"TWOGAUSSIANS",8,10.890737,0.21065876,0.011525267,0.4,0.0,0.27945945,0.029766122,0.7027158,0.0082475105,0.4,0.0,0.24865504,0.026548756
