Gaia/vari_eclipsing_binary/VariEclipsingBinary_053327-053509.csv
# %ECSV 1.0
# ---
# delimiter: ','
# meta: !!omap
# - RELEASE: Gaia DR3
# - TABLE: vari_eclipsing_binary
# - DESCRIPTION: >
#     This table describes the properties of the eclipsing binaries resulting from the variability analysis. 
# - CITATION: >
#     How to cite and acknowledge Gaia: 
#     https://gea.esac.esa.int/archive/documentation/credits.html 
# - KNOWN_ISSUES: >
#     Known issues: 
#     https://www.cosmos.esa.int/web/gaia-users/known-issues 
# - DOCUMENTATION: >
#     Tutorials and documentation: 
#     https://www.cosmos.esa.int/web/gaia-users/archive 
# datatype:
# - 
#   name: solution_id
#   datatype: int64
#   description: Solution Identifier
#   meta:
#     ucd: meta.version
# - 
#   name: source_id
#   datatype: int64
#   description: Unique source identifier
#   meta:
#     ucd: meta.id;meta.main
# - 
#   name: global_ranking
#   datatype: float32
#   description: Number between 0 (worst) and 1 (best)
#   meta:
#     ucd: stat.param
# - 
#   name: reference_time
#   datatype: float64
#   unit: d
#   description: Reference time used for the geometric model fit
#   meta:
#     ucd: time.epoch
# - 
#   name: frequency
#   datatype: float64
#   unit: d**-1
#   description: Frequency of geometric model of the eclipsing binary light curve
#   meta:
#     ucd: src.orbital
# - 
#   name: frequency_error
#   datatype: float32
#   unit: d**-1
#   description: "Uncertainty of \\texttt{frequency}"
#   meta:
#     ucd: stat.error
# - 
#   name: geom_model_reference_level
#   datatype: float32
#   unit: mag
#   description: Magnitude reference level of geometric model
#   meta:
#     ucd: phot.mag;em.opt
# - 
#   name: geom_model_reference_level_error
#   datatype: float32
#   unit: mag
#   description: "Uncertainty of \\texttt{geomModelReferenceLevel}"
#   meta:
#     ucd: stat.error;phot.mag;em.opt
# - 
#   name: geom_model_gaussian1_phase
#   datatype: float32
#   description: Phase of the Gaussian 1 component
#   meta:
#     ucd: time.phase
# - 
#   name: geom_model_gaussian1_phase_error
#   datatype: float32
#   description: "Uncertainty of \\texttt{geomModelGaussian1Phase}"
#   meta:
#     ucd: stat.error;time.phase
# - 
#   name: geom_model_gaussian1_sigma
#   datatype: float32
#   description: "Standard deviation [phase] of Gaussian 1 component"
#   meta:
#     ucd: stat.stdev
# - 
#   name: geom_model_gaussian1_sigma_error
#   datatype: float32
#   description: "Uncertainty of \\texttt{geomModelGaussian1Sigma}"
#   meta:
#     ucd: stat.error
# - 
#   name: geom_model_gaussian1_depth
#   datatype: float32
#   unit: mag
#   description: Magnitude depth of Gaussian 1 component
#   meta:
#     ucd: src.var.amplitude
# - 
#   name: geom_model_gaussian1_depth_error
#   datatype: float32
#   unit: mag
#   description: "Uncertainty of \\texttt{geomModelGaussian1Depth}"
#   meta:
#     ucd: stat.error;src.var.amplitude
# - 
#   name: geom_model_gaussian2_phase
#   datatype: float32
#   description: Phase of Gaussian 2 component
#   meta:
#     ucd: time.phase
# - 
#   name: geom_model_gaussian2_phase_error
#   datatype: float32
#   description: "Uncertainty of \\texttt{geomModelGaussian2Phase}"
#   meta:
#     ucd: stat.error;time.phase
# - 
#   name: geom_model_gaussian2_sigma
#   datatype: float32
[...]
#   datatype: float32
#   description: "Secondary eclipse: uncertainty of \\texttt{derivedSecondaryEclDuration}"
#   meta:
#     ucd: stat.error;time.duration
# - 
#   name: derived_secondary_ecl_depth
#   datatype: float32
#   unit: mag
#   description: "Secondary eclipse: depth"
#   meta:
#     ucd: src.var.amplitude
# - 
#   name: derived_secondary_ecl_depth_error
#   datatype: float32
#   unit: mag
#   description: "Secondary eclipse: uncertainty of \\texttt{derivedSecondaryEclDepth}"
#   meta:
#     ucd: stat.error;src.var.amplitude
solution_id,source_id,global_ranking,reference_time,frequency,frequency_error,geom_model_reference_level,geom_model_reference_level_error,geom_model_gaussian1_phase,geom_model_gaussian1_phase_error,geom_model_gaussian1_sigma,geom_model_gaussian1_sigma_error,geom_model_gaussian1_depth,geom_model_gaussian1_depth_error,geom_model_gaussian2_phase,geom_model_gaussian2_phase_error,geom_model_gaussian2_sigma,geom_model_gaussian2_sigma_error,geom_model_gaussian2_depth,geom_model_gaussian2_depth_error,geom_model_cosine_half_period_amplitude,geom_model_cosine_half_period_amplitude_error,geom_model_cosine_half_period_phase,geom_model_cosine_half_period_phase_error,model_type,num_model_parameters,reduced_chi2,derived_primary_ecl_phase,derived_primary_ecl_phase_error,derived_primary_ecl_duration,derived_primary_ecl_duration_error,derived_primary_ecl_depth,derived_primary_ecl_depth_error,derived_secondary_ecl_phase,derived_secondary_ecl_phase_error,derived_secondary_ecl_duration,derived_secondary_ecl_duration_error,derived_secondary_ecl_depth,derived_secondary_ecl_depth_error
[from data line 718]
375316653866487564,470410450623185792,0.5733803,2124.427889659148,2.99806655132053,1.8410447E-5,19.647627,0.0097263865,0.2416652,0.004758506,0.08917767,0.0045182933,0.44419414,0.014245914,0.73856884,0.0031348455,0.07586124,0.004104284,0.4701903,0.011690804,null,null,null,null,"TWOGAUSSIANS",8,1.058644,0.73856884,0.0031348455,0.4,0.0,0.46147257,0.010825205,0.2416652,0.004758506,0.4,0.0,0.4354763,0.013073871
375316653866487564,470411584494531712,0.52525437,2176.705387400425,3.361740493351371,9.571555E-6,18.242172,0.010289178,0.14960188,0.0037478034,0.093406685,0.009686754,0.17573926,0.009113604,0.66098803,0.0031918439,0.09692479,0.0064850557,0.17501506,0.010301042,null,null,null,null,"TWOGAUSSIANS",8,1.9204054,0.14960188,0.0037478034,0.4,0.0,0.16624895,0.007780516,0.66098803,0.0031918439,0.4,0.0,0.16552432,0.006758804
375316653866487564,470420968998837888,0.49545184,2123.7163370679145,0.861867304821152,1.8124754E-5,19.948284,0.0082257455,0.2872263,0.012154743,0.026664928,0.010431088,0.35237226,0.071982406,0.78777623,0.0027427576,0.029982638,0.0022882624,0.41884154,0.008147396,null,null,null,null,"TWOGAUSSIANS",8,1.8079728,0.78777623,0.0027427576,0.16790277,0.012814269,0.41884154,0.008147396,0.2872263,0.012154743,0.1493236,0.05841409,0.35237226,0.071982406
375316653866487564,470423885281582976,0.49946788,2192.788564091365,3.3701080931346894,1.5406293E-5,18.823181,0.09018528,0.31284901,0.0058619147,0.11781571,0.025562352,0.28006458,0.0862046,0.80761904,0.005863094,0.12509327,0.033849295,0.2504641,0.084515624,null,null,null,null,"TWOGAUSSIANS",8,3.2193017,0.312889,0.005891676,0.4,0.0,0.21952909,0.014019914,0.80761904,0.005863094,0.4,0.0,0.18982622,0.017229961
375316653866487564,470424164461061504,0.5835053,2189.4211616842276,0.12161870574222708,4.0456358E-5,16.964766,0.0014208477,0.34753132,2.4884634E-4,0.006457089,2.1509138E-4,0.41632217,0.0012636038,0.45469847,6.7148823E-4,0.0147579545,0.004463544,0.04613409,0.012339895,null,null,null,null,"TWOGAUSSIANS",8,4.1137457,0.34753132,2.4884634E-4,0.036159698,0.0012045117,0.41632217,0.0012636039,0.45469847,6.7148823E-4,0.082644545,0.024995847,0.04613409,0.012339895
375316653866487564,470424714216869760,0.536082,2181.8244133434196,1.0638650869167219,1.0438881E-5,14.685338,0.0060097734,0.17740302,0.0050979936,0.031938504,0.004251356,0.2684711,0.015431728,0.6746983,0.0034725328,0.02320284,0.0021945604,0.8273726,0.11252999,null,null,null,null,"TWOGAUSSIANS",8,672.9875,0.6746983,0.0034725328,0.1299359,0.012289537,0.8273726,0.11252999,0.17740302,0.0050979936,0.17885563,0.02380759,0.2684711,0.015431728
375316653866487564,470426153024491776,0.5705518,2182.6459687655547,3.7506793128235527,1.1911864E-5,19.076956,0.0056265565,0.29463226,0.0025671474,0.07407145,0.0029491896,0.6267644,0.022413978,0.7904465,0.0024801667,0.068597294,0.002183366,0.57375634,0.02199082,null,null,null,null,"TWOGAUSSIANS",8,2.7012434,0.29463226,0.0025671474,0.4,0.0,0.62443376,0.022725508,0.7904465,0.0024801667,0.38414484,0.01222685,0.5714257,0.022038853
375316653866487564,470429829517351296,0.5098373,2133.118207917579,3.105940475711292,1.7537352E-5,19.447584,0.016040435,0.18870167,0.004678176,0.08829066,0.008706401,0.28597078,0.016995443,0.6971362,0.006462003,0.08959166,0.009382948,0.2736068,0.02289104,null,null,null,null,"TWOGAUSSIANS",8,2.1669853,0.18870167,0.004678176,0.4,0.0,0.27655962,0.01478778,0.6971362,0.006462003,0.4,0.0,0.26419562,0.021875158
375316653866487564,470432376438251520,0.569007,2150.7168201356944,0.24073479239448595,5.391712E-5,16.488192,8.8415167E-4,0.6963957,2.490858E-5,0.01165115,1.1692358E-4,0.20920263,3.7425704E-4,0.1190286,0.025488859,0.025585264,0.04199187,0.008409082,0.084270746,null,null,null,null,"TWOGAUSSIANS",8,2.2899678,0.6963957,2.490858E-5,0.06524644,6.5477204E-4,0.20920263,3.7425704E-4,0.1190286,0.025488859,0.14327748,0.23515448,0.008409082,0.084270746
375316653866487564,470433059332535040,0.5223835,2147.2616882169204,0.9430567057865297,8.928203E-6,18.79645,0.0034219187,0.27893382,0.0019480682,0.035568945,0.0027210594,0.28982747,0.015941566,0.77823323,0.001426376,0.03198015,0.0013064344,0.28020385,0.008740122,null,null,null,null,"TWOGAUSSIANS",8,2.4439714,0.27893382,0.0019480682,0.19918609,0.015237933,0.28982747,0.015941566,0.77823323,0.001426376,0.17908883,0.0073160324,0.28020385,0.008740122
375316653866487564,470433402929954688,0.49934927,2141.922987741325,3.1338783578532157,1.5299098E-5,19.45057,0.019721944,0.22311823,0.005071489,0.083532,0.009785462,0.24897937,0.019726379,0.7264225,0.0048128883,0.103312425,0.012656724,0.24753128,0.016343756,null,null,null,null,"TWOGAUSSIANS",8,1.2415029,0.22311823,0.005071489,0.4,0.0,0.23588221,0.012849482,0.7264225,0.0048128883,0.4,0.0,0.23443002,0.013104899
375316653866487564,470437186801807104,0.6709811,2160.179827875028,0.12116013640803434,1.1699843E-6,16.708767,0.0011606605,0.10688677,3.4051936E-4,0.0069921548,2.944436E-4,0.4328703,0.010200401,0.5806764,2.2870705E-4,0.006957938,1.2734286E-4,0.42083946,0.01200258,null,null,null,null,"TWOGAUSSIANS",8,2.4250166,0.10688677,3.4051936E-4,0.039156068,0.0016488842,0.4328703,0.010200401,0.5806764,2.2870705E-4,0.038964454,7.1312004E-4,0.42083946,0.01200258
375316653866487564,470437633471810560,0.453872,2144.4430684589365,1.0590298427776295,1.6896418E-5,19.797585,0.008366636,0.48713675,0.0035334183,0.04720047,0.0057790065,0.30663902,0.070371404,0.83115184,0.008948261,0.011265923,0.010232049,0.062954284,0.03581979,null,null,null,null,"TWOGAUSSIANS",8,2.5835717,0.48713675,0.0035334183,0.26432264,0.032362435,0.30663902,0.070371404,0.83115184,0.008948261,0.06308917,0.057299472,0.062954284,0.03581979
375316653866487564,470441202591003520,0.57738435,2175.790539775727,1.806557556112854,2.2305126E-6,18.89295,0.007712597,0.19881524,0.0024296476,0.05754988,0.0048386254,0.17917909,0.0073171747,0.7011722,7.028672E-4,0.047965623,0.0019128855,0.61637634,0.032035463,null,null,null,null,"TWOGAUSSIANS",8,2.5748546,0.7011722,7.028672E-4,0.2686075,0.010712159,0.61636895,0.032038838,0.19881524,0.0024296476,0.32227933,0.027096303,0.17917168,0.007313672
375316653866487564,470441992864806016,0.4693205,2155.870192188854,3.4754720905548355,2.2538272E-5,19.578289,0.0084367385,0.17966373,0.005368888,0.070265375,0.0057795197,0.2108065,0.010424666,0.6753556,0.0113952635,0.0937316,0.013298826,0.19275588,0.01830296,null,null,null,null,"TWOGAUSSIANS",8,1.6080195,0.17966373,0.005368888,0.39348608,0.031052314,0.20730777,0.009159963,0.6753556,0.0113952635,0.4,0.0,0.18925688,0.018407177
375316653866487564,470443539053265792,0.52361643,2176.805323753509,3.1286465508756103,1.5694664E-5,17.743221,0.0019643765,null,null,null,null,null,null,null,null,null,null,null,null,0.07595592,0.0027381678,0.26863524,0.002906265,"ELLIPSOIDAL",4,4.2577205,null,null,null,null,null,null,null,null,null,null,null,null
375316653866487564,470444058749299072,0.4608333,2155.048488101892,2.4450784698806958,3.100871E-5,17.27675,0.0047035697,0.29287195,0.009289847,0.02658029,0.0049385126,0.057913583,0.021320093,0.75249135,0.007092134,0.03739302,0.01366977,0.067031965,0.024523066,0.06370584,0.0056370427,0.75249135,0.007092134,"TWOGAUSSIANS_WITH_ELLIPSOIDAL_ON_ECLIPSE2",9,21.681963,0.75249135,0.007092134,0.2094009,0.076550715,0.19444364,0.023541493,0.28854197,0.007789066,0.14884964,0.02765567,0.17813571,0.020182246
375316653866487564,470445604930636160,0.6405168,2168.250488243647,3.2701498048629407,7.978066E-6,16.329115,0.011249838,0.23848891,0.003382778,0.042364713,0.0033335146,0.28446305,0.026779458,0.74380285,0.002528885,0.045668665,0.004196372,0.4381868,0.025151083,0.13491818,0.013655196,0.74380285,0.002528885,"TWOGAUSSIANS_WITH_ELLIPSOIDAL_ON_ECLIPSE2",9,20.948893,0.74380285,0.002528885,0.25574455,0.023499683,0.70802265,0.010927673,0.2391189,0.0029023031,0.2372424,0.018667681,0.5540338,0.007237096
375316653866487564,470448383776501120,0.4140697,2168.4792043456705,4.5695706254224255,4.4301476E-5,19.234777,0.017131418,0.3435914,0.03166339,0.034464438,0.034096684,0.102892615,2.4747126,0.57855254,0.0077947653,0.054253183,0.011239151,0.67276573,0.27738768,null,null,null,null,"TWOGAUSSIANS",8,35.3496,0.57855254,0.0077947653,0.30381784,0.06293924,0.67276573,0.27738768,0.3436414,0.031748015,0.19300084,0.19094142,0.10294963,2.474659
375316653866487564,470452751763921152,0.45558566,2164.573321046017,2.3915270002662234,1.3995572E-5,14.91627,0.058657944,0.15850939,0.0043872437,0.12413844,0.028096495,0.18418726,0.057745505,0.6622138,0.0029846288,0.11681368,0.019773433,0.18988,0.055863403,null,null,null,null,"TWOGAUSSIANS",8,69.58165,0.66224384,0.0029262118,0.4,0.0,0.1479754,0.009576654,0.15848939,0.004440522,0.4,0.0,0.14221163,0.006899363
375316653866487564,470453091060591616,0.6346849,2193.2072605573107,3.1303404801778862,5.95491E-6,18.185568,0.011238064,0.2775422,0.0011071456,0.056124505,0.0033944927,0.3321482,0.022752516,0.7757375,0.0038781601,0.05421791,0.0049235863,0.30265254,0.024622206,0.10535989,0.013534425,0.2775422,0.0011071456,"TWOGAUSSIANS_WITH_ELLIPSOIDAL_ON_ECLIPSE1",9,2.3427067,0.2775422,0.0011071456,0.31429723,0.01900916,0.5428435,0.0065725027,0.77598757,0.0033411805,0.30362028,0.027572082,0.51332456,0.011867227
375316653866487564,470455496242270080,0.57204896,2170.689668411674,3.3595000449679824,8.507915E-6,19.040674,0.013882146,0.21743077,0.0025330805,0.08796223,0.004941298,0.41183698,0.011840041,0.71622884,0.0025633983,0.08789415,0.0034942166,0.42417508,0.016728701,null,null,null,null,"TWOGAUSSIANS",8,2.069564,0.71622884,0.0025633983,0.4,0.0,0.40977672,0.013376009,0.21743077,0.0025330805,0.4,0.0,0.39743862,0.008751246
375316653866487564,470457454747499264,0.4785692,2180.9764863566975,3.102306303687194,3.101409E-5,18.704136,0.033512667,0.23456345,0.0065279105,0.102236964,0.017819485,0.2698122,0.028065905,0.7437367,0.010587241,0.08959446,0.017437533,0.28190687,0.033733968,null,null,null,null,"TWOGAUSSIANS",8,8.986259,0.7437367,0.010587221,0.4,0.0,0.26569492,0.023903677,0.23456345,0.0065279105,0.4,0.0,0.25359657,0.01742528
375316653866487564,470461204254941568,0.5063556,2169.184795460302,4.0442161181501834,2.1841164E-5,19.763876,0.047657114,0.335948,0.012787118,0.1081268,0.02163797,0.33160806,0.040946823,0.7956814,0.008006192,0.120926,0.019360961,0.26947704,0.04898648,null,null,null,null,"TWOGAUSSIANS",8,1.4840826,0.336148,0.012727583,0.4,0.0,0.29516238,0.022257842,0.7956814,0.008006192,0.4,0.0,0.23286307,0.027262209
375316653866487564,470462299469685888,0.50670356,2150.637426202116,0.28708244221828255,2.6057123E-5,18.479467,0.0024128812,0.1418758,0.005708566,0.017204909,0.009668335,0.24616411,0.039658368,0.64987355,0.0024419765,0.023910327,0.0021772215,0.058361847,0.005098215,null,null,null,null,"TWOGAUSSIANS",8,1.4586258,0.1418758,0.005708566,0.09634749,0.054142676,0.24616411,0.039658368,0.64987355,0.0024419765,0.13389783,0.01219244,0.058361847,0.005098215
375316653866487564,470462475569791616,0.5642102,2183.3890288861403,3.742060802968066,7.1134327E-6,17.73696,0.016029865,0.25234532,0.0026396823,0.052193176,0.00907873,0.12562005,0.034349237,0.7442583,0.00475442,0.06535136,0.008672919,0.17202607,0.032982066,0.06915133,0.018581321,0.25234532,0.0026396823,"TWOGAUSSIANS_WITH_ELLIPSOIDAL_ON_ECLIPSE1",9,5.613597,0.7459783,0.0034335668,0.3659676,0.048568346,0.3099763,0.012519568,0.25234532,0.0026396823,0.29228178,0.050840884,0.2638511,0.006426557
375316653866487564,470463227182633344,0.537655,2170.5575996549587,1.9303556417029826,8.500838E-6,18.27342,0.0075725215,0.28531456,0.0033097144,0.089623965,0.004608461,0.2734981,0.008624785,0.7796633,0.002412999,0.0832978,0.0038456568,0.2691508,0.007819406,null,null,null,null,"TWOGAUSSIANS",8,4.0404196,0.28531456,0.0033097144,0.4,0.0,0.26595485,0.007607753,0.7796633,0.002412999,0.4,0.0,0.26160765,0.006597329
375316653866487564,470463300196627968,0.5264668,2157.407047686219,4.250652608375462,1.1983127E-5,19.69394,0.017695472,0.30216762,0.0030750073,0.042740844,0.007939496,0.3025557,0.06612811,0.79365766,0.053284623,0.039047528,0.039835285,0.14707586,0.17069131,0.14813608,0.04084877,0.30216762,0.0030750073,"TWOGAUSSIANS_WITH_ELLIPSOIDAL_ON_ECLIPSE1",9,2.9993541,0.30216762,0.0030750073,0.23934872,0.04446118,0.5988277,0.054159872,0.7953177,0.051314346,0.21866617,0.2230776,0.44266656,0.1992825
375316653866487564,470466976695498240,0.40815118,2161.641414452884,0.22358804355379555,1.30882345E-5,14.077623,7.244489E-4,0.036158938,0.008678485,0.01723975,0.0129669495,0.0019410955,0.0012495791,0.20700088,0.0066305934,0.010700942,0.006792596,0.5650565,152.38968,null,null,null,null,"TWOGAUSSIANS",8,296.54828,0.20700088,0.0066305934,0.059925277,0.038038537,0.5650565,152.38968,0.036158938,0.008678485,0.09654259,0.072614916,0.0019410955,0.0012495791
375316653866487564,470468827820978304,0.58240366,2165.763766683107,2.9874097492992058,4.7360986E-6,18.390646,0.005837362,0.23589422,0.001992697,0.06449489,0.0026801473,0.5225874,0.023108903,0.7346646,0.0013429704,0.0630374,0.0022974827,0.53943694,0.012310498,null,null,null,null,"TWOGAUSSIANS",8,4.6346226,0.7346646,0.0013429704,0.35300946,0.012865903,0.53896725,0.012352064,0.23589422,0.001992697,0.3611714,0.015008826,0.52211773,0.023193374
375316653866487564,470471404801469312,0.6273732,2147.650840721968,0.45156737450180684,2.1554256E-6,17.919916,0.0022342657,0.24057263,6.878854E-4,0.02062018,6.8503636E-4,0.5865665,0.025361264,0.7399168,0.012789417,0.020934038,0.011219242,0.54287225,0.22187571,null,null,null,null,"TWOGAUSSIANS",8,2.5244868,0.24057263,6.878854E-4,0.11547301,0.0038362038,0.5865665,0.025361264,0.7399168,0.012789417,0.11723062,0.06282775,0.54287225,0.22187571
375316653866487564,470474089153524992,0.45870617,2140.606916768442,1.8697186784794384,6.581839E-6,19.960499,0.00918744,0.18489146,0.022471843,0.022995364,0.007693848,0.48916933,0.4241981,0.6887104,0.0012733237,0.028546916,0.0017178035,0.28821343,0.009978438,null,null,null,null,"TWOGAUSSIANS",8,2.987271,0.18489146,0.022471843,0.12877403,0.04308555,0.48916933,0.4241981,0.6887104,0.0012733237,0.15986273,0.0096197,0.28821343,0.009978438
375316653866487564,470474291019601792,0.56090856,2169.327179642718,2.879331675210564,7.0331835E-6,18.716663,0.0056739207,0.2147643,0.0028019315,0.06471019,0.0045813844,0.3151174,0.013704678,0.7177936,0.0022453258,0.08102275,0.002984534,0.42010534,0.011289858,null,null,null,null,"TWOGAUSSIANS",8,2.825692,0.7177936,0.0022453258,0.4,0.0,0.4182042,0.011289534,0.2147643,0.0028019315,0.36237708,0.025655752,0.31321627,0.014082721
375316653866487564,470474531537741696,0.50983673,2129.1040710005645,2.9018203837408105,1.0638955E-5,17.701584,0.011222131,0.16256244,0.0034786875,0.08201392,0.006077335,0.23217598,0.015882209,0.64293337,0.0035009847,0.085447714,0.006012619,0.27814883,0.015737996,null,null,null,null,"TWOGAUSSIANS",8,9.416627,0.64293337,0.0035009847,0.4,0.0,0.27401933,0.015385262,0.16256244,0.0034786875,0.4,0.0,0.22804654,0.015554599
375316653866487564,470476563062352256,0.6555335,2143.542018453197,1.237420506714928,2.8995153E-6,17.294159,0.0021076826,0.18951222,4.825353E-4,0.04326865,8.808063E-4,0.3817941,0.0105548715,0.68984324,0.0016607143,0.042154077,0.0014906672,0.4506926,0.018064734,0.06718313,0.003135815,0.18951222,4.825353E-4,"TWOGAUSSIANS_WITH_ELLIPSOIDAL_ON_ECLIPSE1",9,1.983824,0.68984324,0.0016572576,0.23606282,0.008347737,0.5850582,0.017150594,0.18951222,4.825353E-4,0.24230444,0.0049325153,0.5161603,0.01131979
375316653866487564,470478040531106944,0.5389394,2139.0370098867174,3.7329499963057984,1.5448479E-5,17.141897,0.010029089,0.26562744,0.002696102,0.105109416,0.006369958,0.1914064,0.0093674995,0.7518419,0.0036093402,0.09622357,0.005146027,0.2600178,0.0141974585,null,null,null,null,"TWOGAUSSIANS",8,7.787978,0.7518419,0.0036093402,0.4,0.0,0.24302049,0.010131087,0.26562744,0.002696102,0.4,0.0,0.17440443,0.0056644296
