Gaia/vari_eclipsing_binary/VariEclipsingBinary_478153-478189.csv
# %ECSV 1.0
# ---
# delimiter: ','
# meta: !!omap
# - RELEASE: Gaia DR3
# - TABLE: vari_eclipsing_binary
# - DESCRIPTION: >
#     This table describes the properties of the eclipsing binaries resulting from the variability analysis. 
# - CITATION: >
#     How to cite and acknowledge Gaia: 
#     https://gea.esac.esa.int/archive/documentation/credits.html 
# - KNOWN_ISSUES: >
#     Known issues: 
#     https://www.cosmos.esa.int/web/gaia-users/known-issues 
# - DOCUMENTATION: >
#     Tutorials and documentation: 
#     https://www.cosmos.esa.int/web/gaia-users/archive 
# datatype:
# - 
#   name: solution_id
#   datatype: int64
#   description: Solution Identifier
#   meta:
#     ucd: meta.version
# - 
#   name: source_id
#   datatype: int64
#   description: Unique source identifier
#   meta:
#     ucd: meta.id;meta.main
# - 
#   name: global_ranking
#   datatype: float32
#   description: Number between 0 (worst) and 1 (best)
#   meta:
#     ucd: stat.param
# - 
#   name: reference_time
#   datatype: float64
#   unit: d
#   description: Reference time used for the geometric model fit
#   meta:
#     ucd: time.epoch
# - 
#   name: frequency
#   datatype: float64
#   unit: d**-1
#   description: Frequency of geometric model of the eclipsing binary light curve
#   meta:
#     ucd: src.orbital
# - 
#   name: frequency_error
#   datatype: float32
#   unit: d**-1
#   description: "Uncertainty of \\texttt{frequency}"
#   meta:
#     ucd: stat.error
# - 
#   name: geom_model_reference_level
#   datatype: float32
#   unit: mag
#   description: Magnitude reference level of geometric model
#   meta:
#     ucd: phot.mag;em.opt
# - 
#   name: geom_model_reference_level_error
#   datatype: float32
#   unit: mag
#   description: "Uncertainty of \\texttt{geomModelReferenceLevel}"
#   meta:
#     ucd: stat.error;phot.mag;em.opt
# - 
#   name: geom_model_gaussian1_phase
#   datatype: float32
#   description: Phase of the Gaussian 1 component
#   meta:
#     ucd: time.phase
# - 
#   name: geom_model_gaussian1_phase_error
#   datatype: float32
#   description: "Uncertainty of \\texttt{geomModelGaussian1Phase}"
#   meta:
#     ucd: stat.error;time.phase
# - 
#   name: geom_model_gaussian1_sigma
#   datatype: float32
#   description: "Standard deviation [phase] of Gaussian 1 component"
#   meta:
#     ucd: stat.stdev
# - 
#   name: geom_model_gaussian1_sigma_error
#   datatype: float32
#   description: "Uncertainty of \\texttt{geomModelGaussian1Sigma}"
#   meta:
#     ucd: stat.error
# - 
#   name: geom_model_gaussian1_depth
#   datatype: float32
#   unit: mag
#   description: Magnitude depth of Gaussian 1 component
#   meta:
#     ucd: src.var.amplitude
# - 
#   name: geom_model_gaussian1_depth_error
#   datatype: float32
#   unit: mag
#   description: "Uncertainty of \\texttt{geomModelGaussian1Depth}"
#   meta:
#     ucd: stat.error;src.var.amplitude
# - 
#   name: geom_model_gaussian2_phase
#   datatype: float32
#   description: Phase of Gaussian 2 component
#   meta:
#     ucd: time.phase
# - 
#   name: geom_model_gaussian2_phase_error
#   datatype: float32
#   description: "Uncertainty of \\texttt{geomModelGaussian2Phase}"
#   meta:
#     ucd: stat.error;time.phase
# - 
#   name: geom_model_gaussian2_sigma
#   datatype: float32
[...]
#   datatype: float32
#   description: "Secondary eclipse: uncertainty of \\texttt{derivedSecondaryEclDuration}"
#   meta:
#     ucd: stat.error;time.duration
# - 
#   name: derived_secondary_ecl_depth
#   datatype: float32
#   unit: mag
#   description: "Secondary eclipse: depth"
#   meta:
#     ucd: src.var.amplitude
# - 
#   name: derived_secondary_ecl_depth_error
#   datatype: float32
#   unit: mag
#   description: "Secondary eclipse: uncertainty of \\texttt{derivedSecondaryEclDepth}"
#   meta:
#     ucd: stat.error;src.var.amplitude
solution_id,source_id,global_ranking,reference_time,frequency,frequency_error,geom_model_reference_level,geom_model_reference_level_error,geom_model_gaussian1_phase,geom_model_gaussian1_phase_error,geom_model_gaussian1_sigma,geom_model_gaussian1_sigma_error,geom_model_gaussian1_depth,geom_model_gaussian1_depth_error,geom_model_gaussian2_phase,geom_model_gaussian2_phase_error,geom_model_gaussian2_sigma,geom_model_gaussian2_sigma_error,geom_model_gaussian2_depth,geom_model_gaussian2_depth_error,geom_model_cosine_half_period_amplitude,geom_model_cosine_half_period_amplitude_error,geom_model_cosine_half_period_phase,geom_model_cosine_half_period_phase_error,model_type,num_model_parameters,reduced_chi2,derived_primary_ecl_phase,derived_primary_ecl_phase_error,derived_primary_ecl_duration,derived_primary_ecl_duration_error,derived_primary_ecl_depth,derived_primary_ecl_depth_error,derived_secondary_ecl_phase,derived_secondary_ecl_phase_error,derived_secondary_ecl_duration,derived_secondary_ecl_duration_error,derived_secondary_ecl_depth,derived_secondary_ecl_depth_error
[from data line 38]
375316653866487564,4205897134670768128,0.6322712,2169.2116106449503,2.2839766712379697,2.4825456E-5,16.809166,0.010781553,0.26186132,0.0029877732,0.07333702,0.004172911,0.5126094,0.009854395,0.7668028,0.003652435,0.07234842,0.004379065,0.537206,0.011261222,null,null,null,null,"TWOGAUSSIANS",8,12.11497,0.7668028,0.003652435,0.4,0.014578801,0.5346218,0.010296404,0.26186132,0.0029877732,0.4,0.0,0.5100252,0.008954764
375316653866487564,4205897753132340736,0.5012415,2172.5648760482036,1.676598469457319,4.1444073E-5,19.742384,0.011573691,0.15381698,0.05425782,0.05629731,0.060319845,0.08762842,0.7675231,0.5993008,0.033690576,0.15393968,0.027280213,0.42148602,0.059754048,null,null,null,null,"TWOGAUSSIANS",8,0.52030843,0.5993008,0.033690576,0.4,0.0,0.40598312,0.056364793,0.15799698,0.057369728,0.31526494,0.27743483,0.07938782,0.7749083
375316653866487564,4205899711637143808,0.5858644,2167.742410981291,2.781226129959861,1.0951559E-5,18.792912,0.011966423,0.270931,0.0060599176,0.07031522,0.010521736,0.41122624,0.1121336,0.7583865,0.0035549481,0.07034637,0.0039851745,0.5859557,0.04325445,null,null,null,null,"TWOGAUSSIANS",8,1.7662512,0.7583865,0.0035549481,0.3939397,0.013245822,0.58467215,0.043533567,0.270931,0.0060599176,0.3937652,0.027044939,0.40994272,0.11346353
375316653866487564,4205899741686497024,0.49747515,2194.085796897424,4.49172037008762,5.213467E-5,16.96434,0.005112489,0.17838538,0.014276885,0.032582242,0.011553651,0.066133335,0.039327413,0.64566493,0.010087874,0.10650969,0.011422697,0.2979697,0.050684415,null,null,null,null,"TWOGAUSSIANS",8,13.275223,0.64566493,0.010087874,0.4,0.0,0.2977342,0.051005527,0.17839538,0.014276349,0.18246056,0.06470045,0.06591864,0.039405268
375316653866487564,4205901223466862592,0.50710124,2147.2057190317946,2.3184034129729914,3.963746E-5,19.212137,0.02443463,0.8471629,0.005189725,0.01570799,0.010655445,0.17326528,0.09710796,null,null,null,null,null,null,0.196113,0.04466819,0.8471629,0.005189725,"ONEGAUSSIAN_WITH_ELLIPSOIDAL",6,9.258302,0.8471629,0.005189725,0.08796475,0.059670493,0.56549126,0.08414515,null,null,null,null,null,null
375316653866487564,4205901395278567424,0.66223276,2209.6304646523713,1.5818662675585533,1.1192919E-5,14.564226,0.0020416442,0.24483131,0.0032220804,0.024391279,0.0073626176,0.009790205,0.005355228,0.74924546,0.014434081,0.05591696,0.010797332,0.079691276,0.010182179,0.065928474,0.0032382554,0.24483131,0.0032220804,"TWOGAUSSIANS_WITH_ELLIPSOIDAL_ON_ECLIPSE1",9,10.11718,0.74924546,0.012198648,0.313135,0.060465056,0.21144374,0.009438029,0.24483131,0.0032220804,0.13659117,0.04123066,0.14164408,0.0019692422
375316653866487564,4205902318665232896,0.48855785,2162.206767429337,1.1117961513734502,5.6506833E-5,17.814692,0.00592174,0.259097,0.005695635,0.01510616,0.006115726,0.15645856,1.8910861,0.9676938,0.054972146,0.043662973,0.058444805,0.030751152,0.015432893,0.030584931,0.008859657,0.259097,0.005695635,"TWOGAUSSIANS_WITH_ELLIPSOIDAL_ON_ECLIPSE1",9,5.8360276,0.259097,0.005695635,0.084594496,0.034248065,0.217628,1.8931146,0.9676938,0.054972146,0.24451265,0.24837749,0.034797866,0.021261746
375316653866487564,4205903319412749952,0.5954508,2169.0588576899577,2.609462427068055,4.5853245E-5,18.633764,0.009841428,0.31220943,0.011173224,0.079016306,0.0087183155,0.42504117,0.027041437,0.8477241,0.009041043,0.050786946,0.0111871315,0.4915293,0.15708871,null,null,null,null,"TWOGAUSSIANS",8,2.7982364,0.8477241,0.009041043,0.2844069,0.06264794,0.4913528,0.1574936,0.31220943,0.011173224,0.4,0.0,0.42486465,0.026859606
375316653866487564,4205904315856383360,0.5694569,2198.9099152964914,2.7177571391700734,9.229761E-6,16.618769,0.020709725,0.2234986,0.0037250551,0.09835848,0.008976403,0.3057534,0.021083023,0.71794873,0.0024883088,0.09498767,0.007835735,0.29961514,0.018880244,null,null,null,null,"TWOGAUSSIANS",8,15.267689,0.2234986,0.0037250551,0.4,0.0,0.2859198,0.017659426,0.71794873,0.0024883088,0.4,0.0,0.27978247,0.012348861
375316653866487564,4205904522002568064,0.5422659,2180.4822946060563,2.5346434994060516,1.8917368E-5,16.694027,0.042442705,0.25598082,0.013924066,0.10182534,0.023144018,0.32347384,0.034449417,0.7658895,0.0036212865,0.08196046,0.011941657,0.38568407,0.035555534,null,null,null,null,"TWOGAUSSIANS",8,32.324192,0.7658895,0.0036239615,0.4,0.0,0.3709087,0.01797141,0.25598082,0.013924066,0.4,0.0,0.3086943,0.017158447
375316653866487564,4205906441839212672,0.52623934,2222.694792184384,0.2586847335656396,4.1833093E-5,16.413574,0.0031629251,0.31794932,0.014821262,0.07059012,0.010298158,0.15763645,0.02268844,null,null,null,null,null,null,null,null,null,null,"ONEGAUSSIAN",5,14.751483,0.31794932,0.014821262,0.3953047,0.043783087,0.15763645,0.0,null,null,null,null,null,null
375316653866487564,4205907335188577280,0.6284556,2255.16931772761,2.57921313941321,8.447429E-6,17.199005,0.011892468,0.30243725,0.0056380117,0.039518476,0.0064189625,0.42716768,0.08976257,0.7776897,0.0017588546,0.02371137,0.0044825394,0.28778845,0.005271353,0.11790188,0.014122514,0.30243725,0.0056380117,"TWOGAUSSIANS_WITH_ELLIPSOIDAL_ON_ECLIPSE1",9,19.313635,0.30243725,0.0056380117,0.22130346,0.03594619,0.6629713,0.07531305,0.7785497,0.002017322,0.13278368,0.02510222,0.51813066,0.024748545
375316653866487564,4205907820541355392,0.6025306,2210.6431589708523,3.76309709747906,1.00664465E-5,18.813568,0.008387265,0.1959153,0.003746669,0.072612934,0.0050761276,0.58189005,0.035960704,0.69924515,0.0021364458,0.089121886,0.0049097775,0.38105795,0.017593633,null,null,null,null,"TWOGAUSSIANS",8,1.8991815,0.1959153,0.003746669,0.4,0.0032375825,0.5746979,0.03855819,0.69924515,0.0021364458,0.4,0.0,0.37386572,0.018973473
375316653866487564,4205908095419392640,0.5000236,2187.0674439782865,0.8542782085630387,2.7490903E-5,19.238638,0.086490154,0.19871902,0.019620495,0.07649034,0.02172429,0.43796638,0.09166675,0.7308507,0.018414136,0.117134005,0.041516818,0.3453151,0.09028326,null,null,null,null,"TWOGAUSSIANS",8,3.2910032,0.19866903,0.019606316,0.4,0.03965791,0.42123574,0.06485211,0.7308507,0.018414136,0.4,0.0,0.3284545,0.05266854
375316653866487564,4205909740370288512,0.46179396,2185.9925992950743,3.197951099783193,2.9113187E-5,18.786337,0.007825748,null,null,null,null,null,null,null,null,null,null,null,null,0.11145479,0.011647155,0.2512873,0.0062986356,"ELLIPSOIDAL",4,6.889219,null,null,null,null,null,null,null,null,null,null,null,null
375316653866487564,4205909847774852992,0.4977757,2207.186157446131,0.958712375,2.9665764E-6,17.139256,0.002837341,0.46668983,1.760456E-4,0.035773378,0.002055789,0.065208934,0.0010908416,0.85981715,2.2931033E-6,0.0026859008,4.411115E-5,0.26169688,8.518891E-4,null,null,null,null,"TWOGAUSSIANS",8,11.880659,0.85981715,2.2931033E-6,0.015041045,2.4702246E-4,0.26169688,8.518891E-4,0.46668983,1.760456E-4,0.20033091,0.011512419,0.065208934,0.0010908416
375316653866487564,4205910702446754304,0.5692662,2218.9824465198867,2.3999202730500095,1.1861116E-5,18.275291,0.011480074,0.14167054,0.0042227227,0.08166517,0.004567068,0.496835,0.033526268,0.6414521,0.0058271405,0.08720016,0.0053609703,0.43934202,0.01866782,null,null,null,null,"TWOGAUSSIANS",8,3.1897314,0.14167054,0.0042227227,0.4,0.0,0.48525372,0.034474853,0.6414521,0.0058271405,0.4,0.0,0.42776072,0.01751682
375316653866487564,4205912317350881280,0.57772,2228.522874460289,1.315700714663601,8.616785E-6,17.19202,0.018136138,0.15036492,0.0023325263,0.09212368,0.007116069,0.27969593,0.0165694,0.6426009,0.015146199,0.09991133,0.02152469,0.21381234,0.014130009,null,null,null,null,"TWOGAUSSIANS",8,3.9373415,0.15036492,0.0023325263,0.4,0.0,0.26499352,0.009625117,0.6426009,0.015146199,0.4,0.0,0.1991085,0.011783536
375316653866487564,4205913077590576384,0.537098,2216.782251180566,2.784582217735466,1.2338374E-5,16.55228,0.115320824,0.2486927,0.0028017466,0.12066217,0.036633275,0.21239795,0.10753457,0.74822336,0.004650013,0.12762977,0.045866057,0.21521793,0.1068184,null,null,null,null,"TWOGAUSSIANS",8,6.725274,0.74822336,0.004654802,0.4,0.0,0.15923253,0.01265172,0.2487027,0.0027918397,0.4,0.0,0.1565333,0.011908949
375316653866487564,4205915929449234304,0.5204635,2266.0447370361703,3.1245188176553658,3.80739E-5,18.966206,0.0503487,0.2721492,0.011801304,0.072960876,0.025416132,0.44271317,0.041415352,0.7733608,0.013331055,0.078906655,0.01822706,0.39766994,0.057773765,null,null,null,null,"TWOGAUSSIANS",8,10.490071,0.2721492,0.011801304,0.4,0.031459644,0.43910536,0.042374734,0.7733608,0.013331055,0.4,0.021016901,0.39406213,0.052423872
375316653866487564,4205916062564094720,0.61439455,2226.3189456511486,3.778038619854379,1.1263877E-5,18.171818,0.03330186,0.2398199,0.005763366,0.04663125,0.016470632,0.23311771,0.064753875,0.7427167,0.0034354809,0.053737313,0.010235368,0.28854963,0.06542573,0.0958973,0.037260123,0.2398199,0.005763366,"TWOGAUSSIANS_WITH_ELLIPSOIDAL_ON_ECLIPSE1",9,6.010633,0.7427167,0.0034302722,0.30092895,0.057318065,0.4802754,0.01856942,0.2398199,0.005763366,0.261135,0.09223554,0.424907,0.018464014
375316653866487564,4205917402603588608,0.44419038,2241.7068727431,1.160430431733206,5.467228E-5,18.903433,0.48367652,0.29533693,0.02475452,0.16230337,0.0704896,0.56156677,0.436847,0.78891593,0.019490434,0.1989278,0.104972236,0.56782526,0.4588379,null,null,null,null,"TWOGAUSSIANS",8,4.3304935,0.29814693,0.02328807,0.4,0.0,0.19062276,0.037277643,0.78891593,0.019490434,0.4,0.0,0.1582817,0.03992094
375316653866487564,4205919056176513408,0.43526256,2226.385330845757,4.262685871890435,7.788692E-5,18.52123,0.029890042,0.27269664,0.034515813,0.11486857,0.07451937,0.053951748,0.028682036,0.62004864,0.03378785,0.08318232,0.026039358,0.11480311,0.022735042,null,null,null,null,"TWOGAUSSIANS",8,4.549434,0.62004864,0.03378785,0.4,0.0,0.11472835,0.021746706,0.27292666,0.033749126,0.4,0.0,0.05333815,0.022785878
375316653866487564,4205919601615519744,0.49237615,2266.558631760872,2.8252760494849856,3.568734E-5,17.599133,0.06299995,0.21961553,0.011448922,0.09179111,0.021707064,0.3652878,0.06457403,0.7250246,0.0091363285,0.1178618,0.031721264,0.27689204,0.070543766,null,null,null,null,"TWOGAUSSIANS",8,22.452553,0.21960554,0.011487786,0.4,0.0,0.3316539,0.039152756,0.7250246,0.0091363555,0.4,0.0,0.2431887,0.072589666
375316653866487564,4205921147805447424,0.4946056,2262.3915610931826,2.1928402708125203,1.8039796E-5,17.671488,0.00425437,null,null,null,null,null,null,null,null,null,null,null,null,0.08660252,0.0068233917,0.25135463,0.0054646395,"ELLIPSOIDAL",4,10.468721,null,null,null,null,null,null,null,null,null,null,null,null
375316653866487564,4205921908036300160,0.5611634,2244.326292060535,0.1144309579240486,2.2583383E-5,19.56416,0.014759705,0.5514239,0.0025486187,0.12702486,0.00889654,0.4564325,0.028602432,0.0036101795,0.0039702933,0.020452557,0.005766471,0.08523367,0.031883433,null,null,null,null,"TWOGAUSSIANS",8,0.904164,0.5514239,0.0025486187,0.4,0.0,0.45580956,0.028618228,0.0036101795,0.0039702933,0.114534326,0.03229224,0.08546087,0.031992413
375316653866487564,4205924480698262912,0.54273295,2198.2278071723304,3.275646891176822,4.594833E-5,17.697521,0.036741626,0.21292044,0.014581035,0.0798019,0.019002605,0.558254,0.04434082,0.7212365,0.011932864,0.08217521,0.0143177,0.59910345,0.1243869,null,null,null,null,"TWOGAUSSIANS",8,23.682087,0.7212365,0.011932864,0.4,0.0,0.59069216,0.12742752,0.21292044,0.014581035,0.4,0.0,0.5498427,0.04200278
375316653866487564,4205926336128048768,0.541849,2217.606945487955,3.7236268752692596,2.0156907E-5,18.676756,0.027666867,0.27855706,0.014141913,0.07391923,0.021174584,0.5501634,0.2579711,0.77981544,0.0069626747,0.07396872,0.011633992,0.5978328,0.09360871,null,null,null,null,"TWOGAUSSIANS",8,5.0166993,0.77981544,0.0069626747,0.4,0.012044643,0.59416044,0.09676157,0.27855706,0.014141913,0.4,0.07121538,0.546491,0.2632362
375316653866487564,4205927611750203648,0.5544942,2228.063015984318,2.0407738675650138,5.6897297E-5,18.810759,0.00736595,0.599594,0.005464702,0.06781453,0.0048890626,0.6646402,0.024512557,null,null,null,null,null,null,null,null,null,null,"ONEGAUSSIAN",5,4.353489,0.599594,0.005464702,0.37976134,0.01947331,0.6646402,0.0,null,null,null,null,null,null
375316653866487564,4205931185172730240,0.58006436,2244.307708835536,1.5693532088995994,1.0087314E-4,15.576601,0.00594955,0.38990998,0.0012706576,0.05548572,0.0037108278,1.2260605,0.35778993,0.81388015,0.08384759,0.10792281,0.099806614,0.014821802,0.0093928445,null,null,null,null,"TWOGAUSSIANS",8,13.029169,0.38990998,0.0012700456,0.31072003,0.020780636,1.2258649,0.35810095,0.81388015,0.08384759,0.4,0.1809311,0.014619552,0.009482242
375316653866487564,4205931215208780160,0.4596555,2221.7840960698895,0.3384675647163262,3.191989E-5,17.58621,0.039531685,0.22685109,0.018413154,0.122787364,0.045270383,0.12583187,0.036323976,0.6654768,0.0135293305,0.09859388,0.023543833,0.18774338,0.038348887,null,null,null,null,"TWOGAUSSIANS",8,8.182809,0.6654768,0.0135293305,0.4,0.0,0.17605923,0.03452684,0.2269011,0.018462956,0.4,0.0,0.11394036,0.021617502
375316653866487564,4205932147245449984,0.57187206,2249.4293933132794,3.238527653778272,2.2083872E-5,17.765173,0.0058490504,0.2007183,0.0021716722,0.047480732,0.0019668462,0.52200335,0.014330408,null,null,null,null,null,null,null,null,null,null,"ONEGAUSSIAN",5,12.295615,0.2007183,0.0021716722,0.2658921,0.011014339,0.52200335,0.0,null,null,null,null,null,null
375316653866487564,4205932284676263936,0.5507337,2286.346084418178,2.5934921542507077,1.7767556E-5,18.713955,0.0061914655,0.2820379,0.009220019,0.07402125,0.0066745826,0.3353693,0.024946146,0.7956226,0.0037063702,0.08105979,0.0034844708,0.35871577,0.012185872,null,null,null,null,"TWOGAUSSIANS",8,3.4131622,0.7956226,0.0037063702,0.4,0.0,0.35583293,0.011919319,0.2820379,0.009220019,0.4,0.0,0.33248642,0.024696644
375316653866487564,4205932284684403840,0.6447239,2237.971028937517,2.7129701641989605,4.590059E-6,16.537516,0.020061325,0.16148625,0.0022529182,0.043961406,0.006461444,0.2918095,0.040619686,0.66158235,0.003264793,0.04760643,0.0077842134,0.35047302,0.09057562,0.14054069,0.023890276,0.16148625,0.0022529182,"TWOGAUSSIANS_WITH_ELLIPSOIDAL_ON_ECLIPSE1",9,13.490484,0.66158235,0.003136573,0.26659602,0.043591596,0.6315539,0.09549476,0.16148625,0.0022529182,0.24618386,0.036184084,0.57289046,0.013665595
375316653866487564,4205933109311593728,0.56869024,2249.6121838982126,3.093934798384434,1.5201666E-5,18.564835,0.08283942,0.22275595,0.011685304,0.034228064,0.03130467,0.17369288,0.1847049,0.7127678,0.039758697,0.041054808,0.047279578,0.30796665,0.20855606,0.13619216,0.09069701,0.22275595,0.011685304,"TWOGAUSSIANS_WITH_ELLIPSOIDAL_ON_ECLIPSE1",9,8.270727,0.7138178,0.03592082,0.22990693,0.16108905,0.57939154,0.037825875,0.22275595,0.011685304,0.19167715,0.17530614,0.4460767,0.0069204494
375316653866487564,4205933796505833728,0.5874704,2218.2693052425093,3.734530760323741,8.193027E-6,19.7221,0.011513398,0.31264824,0.013121552,0.05125013,0.011054614,0.49595764,0.031387392,0.81715715,0.004257652,0.06826155,0.00401356,0.48448813,0.017441116,null,null,null,null,"TWOGAUSSIANS",8,0.9749924,0.31264824,0.013121552,0.28700072,0.061905835,0.4958269,0.031027753,0.81715715,0.004257652,0.38226467,0.022475934,0.48435742,0.017173974
375316653866487564,4205934621140051712,0.5724289,2272.0860625822115,3.514496830234442,1.5488811E-5,17.538914,0.0431363,0.17956683,0.00491785,0.054397985,0.015846122,0.33331332,0.10792893,0.67698234,0.009100266,0.0658656,0.014313555,0.39230952,0.10971387,0.09023802,0.04711091,0.17956683,0.00491785,"TWOGAUSSIANS_WITH_ELLIPSOIDAL_ON_ECLIPSE1",9,12.294188,0.6773324,0.007651802,0.36884734,0.068701096,0.5724894,0.080265865,0.17956683,0.00491785,0.30462873,0.088738285,0.5135343,0.09156702
