Gaia/vari_eclipsing_binary/VariEclipsingBinary_639170-639338.csv
# %ECSV 1.0
# ---
# delimiter: ','
# meta: !!omap
# - RELEASE: Gaia DR3
# - TABLE: vari_eclipsing_binary
# - DESCRIPTION: >
#     This table describes the properties of the eclipsing binaries resulting from the variability analysis. 
# - CITATION: >
#     How to cite and acknowledge Gaia: 
#     https://gea.esac.esa.int/archive/documentation/credits.html 
# - KNOWN_ISSUES: >
#     Known issues: 
#     https://www.cosmos.esa.int/web/gaia-users/known-issues 
# - DOCUMENTATION: >
#     Tutorials and documentation: 
#     https://www.cosmos.esa.int/web/gaia-users/archive 
# datatype:
# - 
#   name: solution_id
#   datatype: int64
#   description: Solution Identifier
#   meta:
#     ucd: meta.version
# - 
#   name: source_id
#   datatype: int64
#   description: Unique source identifier
#   meta:
#     ucd: meta.id;meta.main
# - 
#   name: global_ranking
#   datatype: float32
#   description: Number between 0 (worst) and 1 (best)
#   meta:
#     ucd: stat.param
# - 
#   name: reference_time
#   datatype: float64
#   unit: d
#   description: Reference time used for the geometric model fit
#   meta:
#     ucd: time.epoch
# - 
#   name: frequency
#   datatype: float64
#   unit: d**-1
#   description: Frequency of geometric model of the eclipsing binary light curve
#   meta:
#     ucd: src.orbital
# - 
#   name: frequency_error
#   datatype: float32
#   unit: d**-1
#   description: "Uncertainty of \\texttt{frequency}"
#   meta:
#     ucd: stat.error
# - 
#   name: geom_model_reference_level
#   datatype: float32
#   unit: mag
#   description: Magnitude reference level of geometric model
#   meta:
#     ucd: phot.mag;em.opt
# - 
#   name: geom_model_reference_level_error
#   datatype: float32
#   unit: mag
#   description: "Uncertainty of \\texttt{geomModelReferenceLevel}"
#   meta:
#     ucd: stat.error;phot.mag;em.opt
# - 
#   name: geom_model_gaussian1_phase
#   datatype: float32
#   description: Phase of the Gaussian 1 component
#   meta:
#     ucd: time.phase
# - 
#   name: geom_model_gaussian1_phase_error
#   datatype: float32
#   description: "Uncertainty of \\texttt{geomModelGaussian1Phase}"
#   meta:
#     ucd: stat.error;time.phase
# - 
#   name: geom_model_gaussian1_sigma
#   datatype: float32
#   description: "Standard deviation [phase] of Gaussian 1 component"
#   meta:
#     ucd: stat.stdev
# - 
#   name: geom_model_gaussian1_sigma_error
#   datatype: float32
#   description: "Uncertainty of \\texttt{geomModelGaussian1Sigma}"
#   meta:
#     ucd: stat.error
# - 
#   name: geom_model_gaussian1_depth
#   datatype: float32
#   unit: mag
#   description: Magnitude depth of Gaussian 1 component
#   meta:
#     ucd: src.var.amplitude
# - 
#   name: geom_model_gaussian1_depth_error
#   datatype: float32
#   unit: mag
#   description: "Uncertainty of \\texttt{geomModelGaussian1Depth}"
#   meta:
#     ucd: stat.error;src.var.amplitude
# - 
#   name: geom_model_gaussian2_phase
#   datatype: float32
#   description: Phase of Gaussian 2 component
#   meta:
#     ucd: time.phase
# - 
#   name: geom_model_gaussian2_phase_error
#   datatype: float32
#   description: "Uncertainty of \\texttt{geomModelGaussian2Phase}"
#   meta:
#     ucd: stat.error;time.phase
# - 
#   name: geom_model_gaussian2_sigma
#   datatype: float32
[...]
#   datatype: float32
#   description: "Secondary eclipse: uncertainty of \\texttt{derivedSecondaryEclDuration}"
#   meta:
#     ucd: stat.error;time.duration
# - 
#   name: derived_secondary_ecl_depth
#   datatype: float32
#   unit: mag
#   description: "Secondary eclipse: depth"
#   meta:
#     ucd: src.var.amplitude
# - 
#   name: derived_secondary_ecl_depth_error
#   datatype: float32
#   unit: mag
#   description: "Secondary eclipse: uncertainty of \\texttt{derivedSecondaryEclDepth}"
#   meta:
#     ucd: stat.error;src.var.amplitude
solution_id,source_id,global_ranking,reference_time,frequency,frequency_error,geom_model_reference_level,geom_model_reference_level_error,geom_model_gaussian1_phase,geom_model_gaussian1_phase_error,geom_model_gaussian1_sigma,geom_model_gaussian1_sigma_error,geom_model_gaussian1_depth,geom_model_gaussian1_depth_error,geom_model_gaussian2_phase,geom_model_gaussian2_phase_error,geom_model_gaussian2_sigma,geom_model_gaussian2_sigma_error,geom_model_gaussian2_depth,geom_model_gaussian2_depth_error,geom_model_cosine_half_period_amplitude,geom_model_cosine_half_period_amplitude_error,geom_model_cosine_half_period_phase,geom_model_cosine_half_period_phase_error,model_type,num_model_parameters,reduced_chi2,derived_primary_ecl_phase,derived_primary_ecl_phase_error,derived_primary_ecl_duration,derived_primary_ecl_duration_error,derived_primary_ecl_depth,derived_primary_ecl_depth_error,derived_secondary_ecl_phase,derived_secondary_ecl_phase_error,derived_secondary_ecl_duration,derived_secondary_ecl_duration_error,derived_secondary_ecl_depth,derived_secondary_ecl_depth_error
[from data line 684]
375316653866487564,5623250288081937024,0.5597647,2231.4292660102,4.2834272215275515,6.3465213E-6,19.004715,0.024591513,0.2273844,0.0022161328,0.046627756,0.008348351,0.41079068,0.04128948,0.73108995,0.016593747,0.056788117,0.010905058,0.41262525,0.071304016,0.12098619,0.034204833,0.2273844,0.0022161328,"TWOGAUSSIANS_WITH_ELLIPSOIDAL_ON_ECLIPSE1",9,5.3676047,0.73108995,0.016593747,0.31801346,0.061068326,0.6544469,0.043736197,0.2273844,0.0022161328,0.26111543,0.046750765,0.6527435,0.042819556
375316653866487564,5623251907282505344,0.48160863,2257.929669308716,3.3918299466390525,3.2045176E-5,17.13071,0.07571743,0.26552293,0.008223542,0.11192383,0.045929376,0.14454675,0.07139079,0.76543427,0.011812265,0.08910734,0.036654428,0.15730938,0.07409168,null,null,null,null,"TWOGAUSSIANS",8,21.738733,0.76543427,0.011812265,0.4,0.0,0.14383969,0.016074263,0.26552293,0.00819017,0.4,0.0,0.13106368,0.00941937
375316653866487564,5623252177867688064,0.5148197,2258.3571137273,4.007446636217981,1.6857362E-5,19.130741,0.00804492,0.275208,0.0029501126,0.07678382,0.0038757578,0.41557285,0.012856605,0.76941293,0.004163571,0.076054,0.007118989,0.32118842,0.019991366,null,null,null,null,"TWOGAUSSIANS",8,2.920619,0.275208,0.0029501126,0.4,0.0,0.41251442,0.012340758,0.76941293,0.004163571,0.4,0.0,0.31813002,0.020873813
375316653866487564,5623256820731591552,0.6243913,2243.9042497951314,0.6150831503463364,1.738912E-5,16.550982,7.752827E-4,0.30833042,8.9725916E-4,0.027006565,9.729906E-4,0.48816356,0.024773914,null,null,null,null,null,null,null,null,null,null,"ONEGAUSSIAN",5,3.1774752,0.30833042,8.9725916E-4,0.15123676,0.0054487474,0.48816356,0.0,null,null,null,null,null,null
375316653866487564,5623256958170527104,0.441858,2228.3445888476876,0.5980655162306671,3.007057E-5,15.209225,0.04638783,0.26405117,0.012346635,0.111610286,0.031728704,0.14211358,0.04118872,0.741358,0.020390749,0.102487355,0.032698926,0.10377448,0.04050859,null,null,null,null,"TWOGAUSSIANS",8,283.07764,0.26406118,0.012317351,0.4,0.0,0.12972547,0.013934013,0.741358,0.020390749,0.4,0.0,0.091401756,0.01826485
375316653866487564,5623260153626290944,0.4480433,2195.4866275268714,0.14193454568766778,1.374743E-6,16.77366,0.005422259,0.26278976,2.7264489E-6,2.9221995E-4,5.9178105E-6,0.29791504,0.0057091173,0.73544407,0.043155625,0.032934204,0.05811466,0.06075612,0.012828525,null,null,null,null,"TWOGAUSSIANS",8,27.47493,0.26278976,2.7264489E-6,0.0016364317,3.313974E-5,0.29791504,0.005709748,0.73544407,0.043155625,0.18443155,0.21435112,0.06075612,0.012828522
375316653866487564,5623266338378932352,0.45374727,2249.002204144005,0.993529092381147,9.497647E-5,16.823286,0.0013355307,0.503642,0.043940935,0.075628325,0.064827606,0.005074653,0.0059932014,0.7252983,0.0061301286,0.034784354,0.0057023815,0.06262964,0.007060553,null,null,null,null,"TWOGAUSSIANS",8,3.4187274,0.7252983,0.0061301286,0.19479239,0.031933337,0.06269884,0.007062983,0.503642,0.043940935,0.4,0.29731148,0.005074653,0.0059932023
375316653866487564,5623266986913842432,0.5301854,2263.732320470778,3.0078292058035725,8.197418E-6,17.932922,0.003045621,0.301644,0.0015812987,0.061492667,0.0015376117,0.44578627,0.0052014743,0.9581582,6.8583066E-4,0.0036798602,0.0017023204,0.061141245,0.028091248,null,null,null,null,"TWOGAUSSIANS",8,7.608236,0.301644,0.0015812987,0.34435895,0.008610625,0.44578627,0.0052014743,0.9581582,6.8583066E-4,0.020607216,0.009532995,0.06114132,0.028091233
375316653866487564,5623267983347575424,0.59181136,2263.0625416007474,1.2333041630196784,3.5070466E-6,17.81806,0.0021316318,0.35050857,8.48996E-4,0.030177554,8.7128975E-4,0.47248647,0.018567331,0.85059685,0.001887476,0.030422648,9.988756E-4,0.66456944,0.026874883,null,null,null,null,"TWOGAUSSIANS",8,4.6742873,0.85059685,0.001887476,0.17036684,0.005593703,0.66456944,0.026874883,0.35050857,8.48996E-4,0.16899431,0.0048792227,0.47248647,0.018567331
375316653866487564,5623269980511239552,0.5672868,2256.499549208894,3.441043839746393,6.7122205E-6,16.796457,0.007014705,0.27464402,0.001621077,0.054608498,0.0065648016,0.086774155,0.018360335,0.7713153,0.0033286642,0.050662093,0.006885501,0.122704245,0.016656639,0.08631888,0.011273486,0.27464402,0.001621077,"TWOGAUSSIANS_WITH_ELLIPSOIDAL_ON_ECLIPSE1",9,11.07958,0.77205527,0.0024633934,0.2837077,0.038558807,0.29527983,0.009666557,0.27464402,0.001621077,0.3058076,0.03676289,0.2594085,0.007916848
375316653866487564,5623271045663060352,0.5812703,2235.2975133474856,2.958130054917802,7.477535E-6,17.363447,0.013622042,0.25797036,0.0025464608,0.11130444,0.006758206,0.20509557,0.013222429,0.7572965,0.0027317998,0.10328122,0.008664244,0.20462972,0.011444106,null,null,null,null,"TWOGAUSSIANS",8,2.436725,0.25797036,0.0025464608,0.4,0.0,0.17818181,0.0040177624,0.7572965,0.0027317998,0.4,0.0,0.17772965,0.00490536
375316653866487564,5623271213163114752,0.6027489,2232.6755800103037,0.6070956254671331,3.0275669E-5,17.481033,0.001127746,0.5042583,0.0064631333,0.025176119,0.0034962848,0.53423357,0.123511076,null,null,null,null,null,null,null,null,null,null,"ONEGAUSSIAN",5,2.1308627,0.5042583,0.0064631333,0.14098626,0.019579194,0.53423357,0.0,null,null,null,null,null,null
375316653866487564,5623271457979918336,0.55187535,2220.1740036335905,3.7432890976151376,6.0757648E-6,18.812317,0.008472083,0.2521191,0.0028592818,0.067533106,0.0031499676,0.42126963,0.014775179,0.75403917,0.0019299545,0.07182056,0.0038657447,0.46006602,0.021870576,null,null,null,null,"TWOGAUSSIANS",8,3.6233687,0.75403917,0.0019299545,0.4,0.006461998,0.45872265,0.022152092,0.2521191,0.0028592818,0.3781854,0.017639818,0.4199263,0.014665591
375316653866487564,5623278845324431872,0.6513318,2243.005761488361,2.5517402952138,6.009244E-6,13.373214,0.005337073,0.2300028,0.0015550641,0.04564985,0.0029601925,0.2572337,0.017704124,0.7240801,0.0012215261,0.045701906,0.0019635023,0.25316948,0.010905963,0.11963148,0.0067945085,0.2300028,0.0015550641,"TWOGAUSSIANS_WITH_ELLIPSOIDAL_ON_ECLIPSE1",9,149.36533,0.2300028,0.0015550641,0.25563914,0.016577078,0.49649653,0.013009895,0.7248801,9.480666E-4,0.25593066,0.0109956125,0.49214575,0.005631207
375316653866487564,5623279566878887552,0.64387083,2240.5680204699943,2.6578675634336135,4.162065E-6,17.346249,0.005398449,0.2361756,0.0010424318,0.045567248,0.0027153112,0.34911177,0.017392224,0.73464155,0.0013938448,0.037915163,0.0020308984,0.33083656,0.013642672,0.13632204,0.0066597997,0.2361756,0.0010424318,"TWOGAUSSIANS_WITH_ELLIPSOIDAL_ON_ECLIPSE1",9,6.354399,0.2361756,0.0010424318,0.2551766,0.015205744,0.62175536,0.019215882,0.73477155,0.0012616662,0.21232492,0.01137303,0.603457,0.012269928
375316653866487564,5623281250506040192,0.5731661,2232.2021230886626,1.918820883845395,3.1141976E-6,17.975794,0.004341117,0.2700729,0.001783426,0.030053757,0.0028035848,0.5647824,0.01358704,0.7726123,0.001008163,0.029414775,0.0017004738,0.391657,0.03129089,0.020086804,0.006828609,0.2700729,0.001783426,"TWOGAUSSIANS_WITH_ELLIPSOIDAL_ON_ECLIPSE1",9,8.814265,0.2700729,0.001783426,0.16830103,0.015700076,0.60495603,0.0116520375,0.7726123,0.001008163,0.16472274,0.009522654,0.43182036,0.031194689
375316653866487564,5623288152513207424,0.5298253,2248.505950214019,0.12478904638218165,2.5020727E-6,16.784082,0.0016515811,0.33473486,0.0026992767,0.0042479644,0.0012800664,0.7176937,0.34679538,null,null,null,null,null,null,0.0038455715,0.0026414134,0.33473486,0.0026992767,"ONEGAUSSIAN_WITH_ELLIPSOIDAL",6,72.42614,0.33473486,0.0026992767,0.0237886,0.0071683717,0.72538483,0.34671417,null,null,null,null,null,null
375316653866487564,5623289939219185792,0.48698822,2222.6091275366653,2.8729674723086402,1.4307171E-5,16.082216,0.068974525,0.26498854,0.0052566826,0.118477896,0.03071594,0.22565137,0.0577445,0.77965266,0.0057490612,0.11624305,0.028480053,0.22407931,0.064213105,null,null,null,null,"TWOGAUSSIANS",8,43.18734,0.26493853,0.0051901164,0.4,0.0,0.18506095,0.01395318,0.77972263,0.005845926,0.4,0.0,0.18350902,0.009793104
375316653866487564,5623290287117312256,0.61443025,2232.1338970152433,0.5365951037139781,8.782967E-6,16.466103,0.0018680105,0.21735045,4.5493897E-4,0.025432132,4.998347E-4,0.6697296,0.013437755,0.69848245,0.00141592,0.0139542045,0.0016559912,0.041018363,0.005071742,0.016886923,0.002857079,0.21735045,4.5493897E-4,"TWOGAUSSIANS_WITH_ELLIPSOIDAL_ON_ECLIPSE1",9,14.333482,0.21735045,4.5493897E-4,0.14241995,0.0027990744,0.70350343,0.013877781,0.69871247,0.0014116637,0.078143544,0.0092735505,0.07432556,0.0037619097
375316653866487564,5623291592787370368,0.6444242,2255.649985225719,1.2783465834989807,6.04787E-6,16.71911,0.0040320368,0.2387079,0.0015956169,0.035173517,0.0030651384,0.14789116,0.022660604,0.73945946,9.474885E-4,0.034542765,7.9389644E-4,0.8620123,0.025911313,0.030074457,0.00698575,0.2387079,0.0015956169,"TWOGAUSSIANS_WITH_ELLIPSOIDAL_ON_ECLIPSE1",9,12.799246,0.73945946,9.474885E-4,0.19343948,0.00444582,0.9221598,0.025648123,0.2387079,0.0015956169,0.1969717,0.017164776,0.20803995,0.021195652
375316653866487564,5623291764586059264,0.5064144,2254.207171361799,3.3345356956181025,9.300084E-6,19.724707,0.010699368,0.26141286,0.004001802,0.064312115,0.0071446816,0.5349412,0.046566185,0.7660138,0.006468408,0.06976175,0.005272288,0.5714168,0.07899868,null,null,null,null,"TWOGAUSSIANS",8,1.8084164,0.7660138,0.006468408,0.3906658,0.022008693,0.5704877,0.07929168,0.26141286,0.004001802,0.36014783,0.040010218,0.5340121,0.04730779
375316653866487564,5623292172602874368,0.50332355,2210.0471225100728,0.7274585305948948,1.6503094E-5,15.175893,0.007741407,0.3729407,0.22135893,0.011580068,0.09969571,0.036289424,0.23870775,0.76301336,0.009331759,0.030645799,0.009444698,0.079140306,0.011841123,0.051371213,0.0059753526,0.76301336,0.009331759,"TWOGAUSSIANS_WITH_ELLIPSOIDAL_ON_ECLIPSE2",9,103.1906,0.76301336,0.009331759,0.17161646,0.05289031,0.18188272,0.008573592,0.37056068,0.39183363,0.06484838,0.3362093,0.09807871,0.24415089
375316653866487564,5623294405985358848,0.6064792,2208.1597002553626,1.8768961049723052,5.282331E-6,18.0389,0.0028047927,0.17054008,0.0030891337,0.07305931,0.003531207,0.15454288,0.0062138005,0.66612095,9.76558E-4,0.056456164,0.001554815,0.64257526,0.019077657,null,null,null,null,"TWOGAUSSIANS",8,2.0396883,0.66612095,9.76558E-4,0.3161545,0.008706964,0.6422921,0.019136036,0.17054008,0.0030891337,0.4,0.0,0.15425971,0.0062393206
375316653866487564,5623300281500904704,0.4986702,2233.3721349504917,3.114814218738947,2.7367807E-5,19.876589,0.011326968,0.2339115,0.004418965,0.089088924,0.0077970927,0.29944986,0.015085429,0.7240637,0.0057951957,0.08469273,0.008496798,0.31768548,0.019445557,null,null,null,null,"TWOGAUSSIANS",8,1.7833488,0.7240637,0.0057951957,0.4,0.0,0.30935648,0.019896852,0.2339115,0.004418965,0.4,0.0,0.2911208,0.015102091
375316653866487564,5623301419672407296,0.45137212,2218.5302177688864,3.30988874645556,2.9587272E-5,18.331282,0.0035594536,0.21556368,0.0065600956,0.032713924,0.032588225,0.0029465724,0.030891515,null,null,null,null,null,null,0.060035255,0.0045704036,0.21556368,0.0065600956,"ONEGAUSSIAN_WITH_ELLIPSOIDAL",6,7.007724,0.21556368,0.0065600956,0.18319798,0.18249406,0.123017035,0.029418088,null,null,null,null,null,null
375316653866487564,5623307222166654464,0.6317386,2224.847020173499,1.4095833386785661,4.261528E-6,17.508278,0.005204914,0.24649827,0.002871466,0.045159973,0.011860012,0.05313608,0.01333261,0.745184,0.0011948162,0.047493182,0.0014508666,0.5360113,0.015672319,0.055230953,0.0077770203,0.24649827,0.002871466,"TWOGAUSSIANS_WITH_ELLIPSOIDAL_ON_ECLIPSE1",9,3.7168632,0.74523395,0.0011182028,0.26596183,0.0081248535,0.6464653,0.013680482,0.24649827,0.002871466,0.25289586,0.06641607,0.16359738,0.009803044
375316653866487564,5623310696799613824,0.59270555,2225.5593405571367,2.0725067078124586,3.9197803E-6,15.468813,0.009054609,0.24149257,0.0016491244,0.120117754,0.0076666493,0.12139415,0.008413695,0.7315303,0.0013127929,0.106273636,0.0053327773,0.14843766,0.008367008,null,null,null,null,"TWOGAUSSIANS",8,4.5382476,0.7315303,0.0013127929,0.4,0.0,0.12748215,0.0026653765,0.24150257,0.0016491244,0.4,0.0,0.10039939,0.0025587
375316653866487564,5623313651736999424,0.5962953,2204.0301508769844,2.8791485361604288,5.7543284E-6,15.050245,0.01495298,0.24233682,0.0023640173,0.05338316,0.0077729872,0.26929578,0.031408347,0.7381406,0.0028360914,0.065088786,0.0044446187,0.26641592,0.034372363,0.08556101,0.019320432,0.24233682,0.0023640173,"TWOGAUSSIANS_WITH_ELLIPSOIDAL_ON_ECLIPSE1",9,103.26246,0.24233682,0.0023640173,0.2989457,0.04352873,0.44028506,0.025217626,0.7388806,0.002177797,0.36449718,0.024889864,0.4373073,0.010716107
375316653866487564,5623319149295180800,0.5707641,2244.1986772741025,0.3552303719404813,1.3070478E-5,16.96916,0.0056619733,0.4554911,0.0012931481,0.029164977,0.0018372511,0.3805043,0.009648677,0.88526255,0.011365698,0.02031341,0.008426272,0.02397686,0.008148937,null,null,null,null,"TWOGAUSSIANS",8,23.51824,0.4554911,0.0012931481,0.16332386,0.010288606,0.3805043,0.009648677,0.88526255,0.011365698,0.1137551,0.047187127,0.02397686,0.008148937
375316653866487564,5623324195878270848,0.5161921,2224.3186262083273,3.9250576198614153,1.3920082E-5,18.038197,0.0020758838,0.11104584,0.0041707223,0.0038876606,0.001749033,0.28911963,0.2388774,0.8435904,0.0052434234,0.016360776,0.004348271,0.019296074,0.0024842583,null,null,null,null,"TWOGAUSSIANS",8,2.2432828,0.11104584,0.0041707223,0.021770898,0.009794585,0.28911963,0.2388774,0.8435904,0.0052434234,0.09162035,0.024350317,0.019296074,0.0024842583
375316653866487564,5623325093529906816,0.64301527,2199.0493337064195,1.7787509974182871,6.6341013E-6,16.65572,0.0025870744,0.26148546,0.0015860653,0.04670316,0.0015616268,0.42226526,0.00777803,0.7591886,0.0025488518,0.048910856,0.003094462,0.09701757,0.009158286,0.013564173,0.0041389796,0.26148546,0.0015860653,"TWOGAUSSIANS_WITH_ELLIPSOIDAL_ON_ECLIPSE1",9,4.1496334,0.26148546,0.0015860653,0.2615377,0.008745111,0.4493931,0.0055144085,0.7593086,0.0024072065,0.27390078,0.017328987,0.12414004,0.007382283
375316653866487564,5623325638986745344,0.47609288,2231.012794695868,0.2679798296814183,3.508173E-5,18.063437,0.0017832054,0.1791301,0.033757437,0.053162042,0.033511266,0.011008639,0.01144793,0.74845606,0.0033382163,0.017891798,0.0036629767,4.537385,5.9090605,null,null,null,null,"TWOGAUSSIANS",8,1.8662798,0.74845606,0.0033382163,0.10019407,0.02051267,4.537385,5.9090605,0.1791301,0.033757437,0.29770744,0.18766308,0.011008639,0.01144793
375316653866487564,5623325918160938752,0.56905216,2242.3059111348316,3.3625445777060987,1.8169401E-5,18.218086,0.019500518,0.2709486,0.0024924679,0.05375693,0.0043998063,0.30417976,0.040061664,0.7731638,0.005849032,0.06865615,0.007531652,0.37879843,0.051784944,0.077836424,0.023110362,0.2709486,0.0024924679,"TWOGAUSSIANS_WITH_ELLIPSOIDAL_ON_ECLIPSE1",9,8.6711855,0.7731638,0.005836597,0.38447443,0.040614974,0.5340099,0.039947897,0.2709486,0.0024924679,0.3010388,0.024638914,0.4594214,0.011643001
375316653866487564,5623326223102303488,0.51877147,2241.8036664151855,1.1199250445923432,2.0039566E-5,18.58432,0.003919898,0.28630906,0.004840776,0.035781145,0.0062807077,0.2641903,0.04145513,0.7795514,0.005945738,0.048153304,0.0075209048,0.09255865,0.008810284,null,null,null,null,"TWOGAUSSIANS",8,2.0730705,0.28630906,0.004840776,0.20037441,0.035171963,0.2641903,0.041455183,0.7795514,0.005945738,0.2696585,0.042117067,0.092558645,0.008810279
375316653866487564,5623326497980252032,0.52111995,2248.107335437133,0.8047079951123656,8.490276E-5,17.093323,0.0053689023,0.18530789,0.036393598,0.027130596,0.025538836,0.02787375,0.025784047,0.66949785,0.0017365917,0.027460873,0.0038471494,0.34617445,0.011632027,0.0070659374,0.011073765,0.18530789,0.036393598,"TWOGAUSSIANS_WITH_ELLIPSOIDAL_ON_ECLIPSE1",9,13.808826,0.66953784,0.0017022323,0.15378089,0.021544036,0.36016765,0.014985446,0.18530789,0.036393598,0.15193133,0.14301747,0.042005617,0.040526375
