Gaia/vari_eclipsing_binary/VariEclipsingBinary_681200-681232.csv
# %ECSV 1.0
# ---
# delimiter: ','
# meta: !!omap
# - RELEASE: Gaia DR3
# - TABLE: vari_eclipsing_binary
# - DESCRIPTION: >
#     This table describes the properties of the eclipsing binaries resulting from the variability analysis. 
# - CITATION: >
#     How to cite and acknowledge Gaia: 
#     https://gea.esac.esa.int/archive/documentation/credits.html 
# - KNOWN_ISSUES: >
#     Known issues: 
#     https://www.cosmos.esa.int/web/gaia-users/known-issues 
# - DOCUMENTATION: >
#     Tutorials and documentation: 
#     https://www.cosmos.esa.int/web/gaia-users/archive 
# datatype:
# - 
#   name: solution_id
#   datatype: int64
#   description: Solution Identifier
#   meta:
#     ucd: meta.version
# - 
#   name: source_id
#   datatype: int64
#   description: Unique source identifier
#   meta:
#     ucd: meta.id;meta.main
# - 
#   name: global_ranking
#   datatype: float32
#   description: Number between 0 (worst) and 1 (best)
#   meta:
#     ucd: stat.param
# - 
#   name: reference_time
#   datatype: float64
#   unit: d
#   description: Reference time used for the geometric model fit
#   meta:
#     ucd: time.epoch
# - 
#   name: frequency
#   datatype: float64
#   unit: d**-1
#   description: Frequency of geometric model of the eclipsing binary light curve
#   meta:
#     ucd: src.orbital
# - 
#   name: frequency_error
#   datatype: float32
#   unit: d**-1
#   description: "Uncertainty of \\texttt{frequency}"
#   meta:
#     ucd: stat.error
# - 
#   name: geom_model_reference_level
#   datatype: float32
#   unit: mag
#   description: Magnitude reference level of geometric model
#   meta:
#     ucd: phot.mag;em.opt
# - 
#   name: geom_model_reference_level_error
#   datatype: float32
#   unit: mag
#   description: "Uncertainty of \\texttt{geomModelReferenceLevel}"
#   meta:
#     ucd: stat.error;phot.mag;em.opt
# - 
#   name: geom_model_gaussian1_phase
#   datatype: float32
#   description: Phase of the Gaussian 1 component
#   meta:
#     ucd: time.phase
# - 
#   name: geom_model_gaussian1_phase_error
#   datatype: float32
#   description: "Uncertainty of \\texttt{geomModelGaussian1Phase}"
#   meta:
#     ucd: stat.error;time.phase
# - 
#   name: geom_model_gaussian1_sigma
#   datatype: float32
#   description: "Standard deviation [phase] of Gaussian 1 component"
#   meta:
#     ucd: stat.stdev
# - 
#   name: geom_model_gaussian1_sigma_error
#   datatype: float32
#   description: "Uncertainty of \\texttt{geomModelGaussian1Sigma}"
#   meta:
#     ucd: stat.error
# - 
#   name: geom_model_gaussian1_depth
#   datatype: float32
#   unit: mag
#   description: Magnitude depth of Gaussian 1 component
#   meta:
#     ucd: src.var.amplitude
# - 
#   name: geom_model_gaussian1_depth_error
#   datatype: float32
#   unit: mag
#   description: "Uncertainty of \\texttt{geomModelGaussian1Depth}"
#   meta:
#     ucd: stat.error;src.var.amplitude
# - 
#   name: geom_model_gaussian2_phase
#   datatype: float32
#   description: Phase of Gaussian 2 component
#   meta:
#     ucd: time.phase
# - 
#   name: geom_model_gaussian2_phase_error
#   datatype: float32
#   description: "Uncertainty of \\texttt{geomModelGaussian2Phase}"
#   meta:
#     ucd: stat.error;time.phase
# - 
#   name: geom_model_gaussian2_sigma
#   datatype: float32
[...]
#   datatype: float32
#   description: "Secondary eclipse: uncertainty of \\texttt{derivedSecondaryEclDuration}"
#   meta:
#     ucd: stat.error;time.duration
# - 
#   name: derived_secondary_ecl_depth
#   datatype: float32
#   unit: mag
#   description: "Secondary eclipse: depth"
#   meta:
#     ucd: src.var.amplitude
# - 
#   name: derived_secondary_ecl_depth_error
#   datatype: float32
#   unit: mag
#   description: "Secondary eclipse: uncertainty of \\texttt{derivedSecondaryEclDepth}"
#   meta:
#     ucd: stat.error;src.var.amplitude
solution_id,source_id,global_ranking,reference_time,frequency,frequency_error,geom_model_reference_level,geom_model_reference_level_error,geom_model_gaussian1_phase,geom_model_gaussian1_phase_error,geom_model_gaussian1_sigma,geom_model_gaussian1_sigma_error,geom_model_gaussian1_depth,geom_model_gaussian1_depth_error,geom_model_gaussian2_phase,geom_model_gaussian2_phase_error,geom_model_gaussian2_sigma,geom_model_gaussian2_sigma_error,geom_model_gaussian2_depth,geom_model_gaussian2_depth_error,geom_model_cosine_half_period_amplitude,geom_model_cosine_half_period_amplitude_error,geom_model_cosine_half_period_phase,geom_model_cosine_half_period_phase_error,model_type,num_model_parameters,reduced_chi2,derived_primary_ecl_phase,derived_primary_ecl_phase_error,derived_primary_ecl_duration,derived_primary_ecl_duration_error,derived_primary_ecl_depth,derived_primary_ecl_depth_error,derived_secondary_ecl_phase,derived_secondary_ecl_phase_error,derived_secondary_ecl_duration,derived_secondary_ecl_duration_error,derived_secondary_ecl_depth,derived_secondary_ecl_depth_error
[from data line 111]
375316653866487564,5991966328468452096,0.6153418,2079.3555172865085,3.1111711770695214,1.0183299E-5,16.419813,0.0029088599,0.24417596,0.0018863594,0.03374743,0.0037331677,0.12009335,0.008839027,0.737831,0.0035208624,0.050992846,0.0042774924,0.17924868,0.01082788,0.098173015,0.005406464,0.24417596,0.0018863594,"TWOGAUSSIANS_WITH_ELLIPSOIDAL_ON_ECLIPSE1",9,16.0949,0.73899096,0.0027718318,0.28555995,0.023953956,0.37533915,0.011226701,0.24417596,0.0018863594,0.18898562,0.020905739,0.31643853,0.0075898236
375316653866487564,5991967423653687808,0.48366353,2073.563762135664,0.08410037539098769,2.9882523E-5,17.88403,0.006593086,0.50937444,6.837956E-5,0.0030933055,1.1405563E-4,0.337854,0.0023574259,0.3839971,0.06123435,0.043914285,0.11824032,0.020603893,881.98193,null,null,null,null,"TWOGAUSSIANS",8,7.6767726,0.50937444,6.837956E-5,0.01732251,6.387115E-4,0.33820388,0.0049039535,0.3839971,0.06123435,0.24592,0.6590282,0.020603893,881.98193
375316653866487564,5991967732889524992,0.5167715,2056.552114833277,3.2315200198030793,1.836547E-5,19.473759,0.013578722,0.21747118,0.0050470755,0.085118584,0.0068056034,0.3287777,0.015669355,0.7104577,0.0033036896,0.08554848,0.005544655,0.350897,0.02098847,null,null,null,null,"TWOGAUSSIANS",8,1.4311036,0.7104577,0.0033036896,0.4,0.0,0.34266168,0.020693624,0.21747118,0.0050470755,0.4,0.0,0.3205424,0.0133763
375316653866487564,5991967874623712640,0.5516347,2095.4772143818395,2.405738618298232,8.514999E-6,19.2381,0.019382183,0.2152789,0.007419967,0.0870725,0.011031277,0.37609178,0.014834818,0.7234341,0.0022406408,0.08256164,0.004554291,0.3766673,0.019717738,null,null,null,null,"TWOGAUSSIANS",8,1.6371049,0.7234341,0.0022406408,0.4,0.0,0.3681971,0.014197596,0.2152789,0.007419967,0.4,0.0,0.36762154,0.011371384
375316653866487564,5991969038570398336,0.56977266,2076.2360890619843,2.6189848057682723,1.5405602E-5,18.363298,0.018077139,0.282267,0.0026145382,0.094219066,0.0059121633,0.3337827,0.016202694,0.789377,0.0025396456,0.12844259,0.013234998,0.15654843,0.016963385,null,null,null,null,"TWOGAUSSIANS",8,1.6125169,0.282237,0.0026060208,0.4,0.0,0.30307716,0.010375156,0.789377,0.0025396456,0.4,0.0,0.12567958,0.0038559367
375316653866487564,5991969145971369728,0.42038578,2061.0395964810855,3.286297065905004,5.4809327E-5,19.37874,0.48578027,0.30146605,0.025223875,0.06310542,0.11864833,0.31773642,0.40904388,0.80700815,0.012634541,0.08640903,0.05657427,0.39096642,0.4255688,null,null,null,null,"TWOGAUSSIANS",8,29.006859,0.80700815,0.011600506,0.4,0.0,0.38863677,0.06167968,0.30146605,0.02589535,0.35339037,0.13361588,0.3154068,0.059350953
375316653866487564,5991969145971371392,0.4888364,2065.016938866618,1.670483166326803,1.2369109E-5,19.696852,0.0075229583,0.22023958,0.0030443713,0.052697938,0.005668586,0.5276362,0.07995225,0.7296416,0.03154536,0.039869856,0.031605642,0.10818692,0.0924044,null,null,null,null,"TWOGAUSSIANS",8,2.4157693,0.22023958,0.0030443713,0.29510844,0.03174408,0.52763605,0.07995272,0.7296416,0.03154536,0.2232712,0.17699158,0.10818678,0.092404895
375316653866487564,5991971340660005760,0.54631144,2081.5739818682846,1.4399990967754184,9.771951E-6,18.768219,0.0090405075,0.23904604,0.0021760275,0.08357929,0.0044683027,0.31225494,0.01566476,0.74693567,0.002466747,0.09065874,0.0049202642,0.25655732,0.00973574,null,null,null,null,"TWOGAUSSIANS",8,2.0489357,0.23904604,0.0021760275,0.4,0.0,0.30421638,0.016304808,0.74693567,0.002466747,0.4,0.0,0.24851862,0.008577392
375316653866487564,5991973131697057280,0.6361523,2098.076644443864,1.7748294599185126,8.012553E-6,11.991159,0.0034028369,0.24081771,0.002076834,0.10775061,0.0042607374,0.13944064,0.0035915705,0.7334399,0.0013871548,0.08105504,0.0013844027,0.31464687,0.004573679,null,null,null,null,"TWOGAUSSIANS",8,58.017147,0.7334399,0.0013871548,0.4,0.0,0.3043111,0.003891802,0.24081771,0.002076834,0.4,0.0,0.1290987,0.0030732404
375316653866487564,5991973200416541184,0.58201116,2077.8973434083705,2.7132817418746935,3.315416E-6,16.35269,0.037226185,0.2445981,0.0015445249,0.060577083,0.0052935267,0.5605542,0.07603919,0.7563951,0.0016793145,0.05750827,0.008233328,0.41964266,0.06452786,0.060876418,0.042806685,0.7563951,0.0016793145,"TWOGAUSSIANS_WITH_ELLIPSOIDAL_ON_ECLIPSE2",9,85.2714,0.24529812,0.0013891571,0.33923167,0.029643748,0.68159634,0.013734886,0.7563951,0.0016793145,0.3220463,0.046106637,0.5413132,0.0343611
375316653866487564,5991973303464448384,0.44648886,2081.8484100486125,3.2677431035033195,3.402256E-5,19.394945,0.024379121,0.27918696,0.00884864,0.09300829,0.016902737,0.2474129,0.031038623,0.78246504,0.008556912,0.0833714,0.010901393,0.26456833,0.030258723,null,null,null,null,"TWOGAUSSIANS",8,5.502427,0.78246504,0.008556912,0.4,0.0,0.25587162,0.02651587,0.27918696,0.00884864,0.4,0.0,0.23871593,0.031813286
375316653866487564,5991973303495778048,0.5469571,2069.433623139191,1.2094952567001436,2.2765526E-5,16.4379,4.5720447E-4,0.73648614,0.0025222814,0.031747118,0.0023838382,0.06410736,0.0027222205,null,null,null,null,null,null,0.008599244,6.1691337E-4,0.73648614,0.0025222814,"ONEGAUSSIAN_WITH_ELLIPSOIDAL",6,1.5405688,0.73648614,0.0025222814,0.17778386,0.013349493,0.08130585,0.002627305,null,null,null,null,null,null
375316653866487564,5991973372182999296,0.49957094,2079.9118011593287,2.046863590453857,3.3360328E-5,18.800627,0.0055029425,0.24293631,0.006127004,0.07137387,0.007909212,0.14455548,0.022655461,0.736181,0.0022405759,0.05165109,0.0030857706,0.3059645,0.014288798,null,null,null,null,"TWOGAUSSIANS",8,3.1223564,0.736181,0.0022405759,0.2892461,0.017280316,0.30588433,0.014296461,0.24293631,0.006127004,0.3996937,0.037487347,0.1444753,0.022692077
375316653866487564,5991975365048729984,0.42974186,2095.275880703545,1.2934054959708616,2.3431725E-4,18.450611,0.012786069,0.20974383,0.014113687,0.087932594,0.010783192,0.17273149,0.025503363,0.73765594,0.019195147,0.06319066,0.02157037,0.06381154,0.01812274,null,null,null,null,"TWOGAUSSIANS",8,20.41256,0.20974383,0.014113687,0.4,0.0,0.17223054,0.025252856,0.73765594,0.019195147,0.35386768,0.11499667,0.06331068,0.017632654
375316653866487564,5991976842548845952,0.5332681,2083.72456347385,3.2681527221552185,2.3397062E-5,17.280766,0.068563074,0.2708191,0.0045841415,0.14258963,0.026021292,0.1978518,0.06733051,0.7620093,0.0036709874,0.13023925,0.019619087,0.1963349,0.06556882,null,null,null,null,"TWOGAUSSIANS",8,4.071004,0.2710091,0.004491031,0.4,0.0,0.12893334,0.0056777536,0.7620093,0.0036709874,0.4,0.0,0.12802514,0.003234221
375316653866487564,5991976911268308992,0.5351209,2080.3861069116833,2.994645636158627,2.0740647E-5,18.129633,0.009963291,0.28274164,0.0019935644,0.08215281,0.004836088,0.34690833,0.02295366,0.7865736,0.003109837,0.080510505,0.004692161,0.32154623,0.014246952,null,null,null,null,"TWOGAUSSIANS",8,5.6824756,0.28274164,0.0019935644,0.4,0.0,0.34139168,0.02372482,0.7865736,0.003109837,0.4,0.0,0.3160296,0.013865431
375316653866487564,5991979763126842624,0.4361391,2059.91562899366,0.3092926166274127,8.489609E-6,18.900137,0.004162579,0.5721156,2.032621E-6,0.0033133796,4.777514E-5,0.38841838,0.0014336059,0.8849172,0.0044701705,0.0145305665,0.0036351045,0.09083065,0.016720237,null,null,null,null,"TWOGAUSSIANS",8,4.617108,0.5721156,2.032621E-6,0.018554926,2.6754077E-4,0.38841838,0.0014336059,0.8849172,0.0044701705,0.08137117,0.020356584,0.09083065,0.016720237
375316653866487564,5991979934925442048,0.52674484,2072.0510706439736,3.343063219879627,1.1983145E-5,19.222952,0.017601645,0.26751545,0.003989708,0.096158944,0.008621655,0.3591613,0.018007863,0.7690268,0.002834902,0.09487109,0.0059956466,0.38938165,0.018333614,null,null,null,null,"TWOGAUSSIANS",8,2.1923966,0.7690268,0.002834902,0.4,0.0,0.36555633,0.014636994,0.26751545,0.003989708,0.4,0.0,0.33533576,0.018618917
375316653866487564,5991980278492871808,0.4916489,2063.35622988578,0.5952672314867118,5.9306344E-6,18.193214,0.0019736118,0.2740892,0.0022121617,0.021212274,0.003580731,0.15378508,0.01886919,0.00874412,0.0021677534,0.0043693106,8.104328E-4,0.03208018,0.020212777,0.029166102,0.0034422383,0.2740892,0.0022121617,"TWOGAUSSIANS_WITH_ELLIPSOIDAL_ON_ECLIPSE1",9,2.979019,0.2740892,0.0022121617,0.118788734,0.020052094,0.21211685,0.0201684,0.00874412,0.0021677534,0.024468139,0.0045384234,0.032620326,0.020186467
375316653866487564,5991980858302323200,0.43281075,2065.4334774873296,0.8353034575007886,6.684375E-5,17.675331,0.0042875987,0.2888875,0.014761048,0.036403503,0.017749527,0.079884164,0.026589794,0.7921709,0.0023641097,0.027200602,0.0020162172,0.24770984,0.017224286,null,null,null,null,"TWOGAUSSIANS",8,21.855347,0.7921709,0.0023641097,0.15232337,0.011290817,0.24770984,0.017224286,0.2888875,0.014761048,0.20385963,0.09939736,0.079884164,0.026589794
375316653866487564,5991982133948781568,0.50820667,2064.394085121441,0.24732126121528067,1.2008783E-4,17.992905,0.001955599,0.5589084,0.02466137,0.042148456,0.022386028,0.015727237,0.004710464,0.7647348,4.2680374E-5,0.010142849,1.3160075E-4,0.33714727,0.0021436883,null,null,null,null,"TWOGAUSSIANS",8,2.2745972,0.7647348,4.2680374E-5,0.056799952,7.369642E-4,0.33714736,0.0021523354,0.5589084,0.02466137,0.23603135,0.12536176,0.015727237,0.004710464
375316653866487564,5991982237028020992,0.65503037,2074.1193240737307,1.1711380865224428,2.7420501E-6,17.24335,0.004066602,0.26991984,0.0030294815,0.030817213,0.0035105746,0.077919915,0.011631125,0.7674927,7.2005467E-4,0.0342801,5.3263246E-4,1.0161065,0.021540286,0.009819644,0.006111964,0.26991984,0.0030294815,"TWOGAUSSIANS_WITH_ELLIPSOIDAL_ON_ECLIPSE1",9,13.801923,0.7674927,7.126552E-4,0.19196856,0.002982742,1.0357412,0.020994289,0.26991984,0.0030294815,0.17257638,0.019659217,0.0975592,0.008129486
375316653866487564,5991982718064364672,0.63182247,2071.5550991286286,1.0772802320218644,3.545825E-6,16.69104,0.0010931623,0.18235363,0.0013276129,0.048474345,0.0015297151,0.09502779,0.0023326934,0.68711114,3.9913328E-4,0.047124498,6.9327693E-4,0.29579017,0.0038049703,null,null,null,null,"TWOGAUSSIANS",8,2.4364543,0.68711114,3.9913328E-4,0.26389718,0.0038823509,0.2957899,0.0038050022,0.18235363,0.0013276129,0.27145633,0.008566405,0.0950275,0.0023327384
375316653866487564,5991983027272372992,0.4558065,2055.5559120200683,3.4293444533959803,5.0288327E-5,19.028585,0.40231952,0.2552556,0.012074507,0.14253648,0.08514357,0.24836718,0.38227513,0.7725245,0.010863867,0.13670973,0.059337404,0.2866141,0.34927857,null,null,null,null,"TWOGAUSSIANS",8,4.5619655,0.7732245,0.009092903,0.4,0.0,0.19212626,0.028072368,0.25454563,0.009905658,0.4,0.0,0.1535184,0.015578784
375316653866487564,5991984053768799104,0.423378,2059.895490320134,0.13958825314748707,6.3538486E-5,18.72185,0.0052790795,0.2620056,0.006751711,0.034799043,0.012926998,0.09222386,0.037771784,0.69942755,0.0036730468,0.0106162,0.004609594,0.3040412,0.15161054,null,null,null,null,"TWOGAUSSIANS",8,10.700846,0.69942755,0.0036730468,0.059450723,0.025813727,0.3040412,0.15161054,0.2620056,0.006751711,0.19487464,0.07239119,0.09222386,0.037771784
375316653866487564,5991985020137314048,0.5619262,2043.881535668217,0.9933975072177008,5.261206E-6,19.49019,0.006623644,0.19810277,0.0051536066,0.03190253,0.0043274825,0.14829592,0.018525463,0.7064264,9.366085E-4,0.03678115,9.7308593E-4,0.6310707,0.01700799,null,null,null,null,"TWOGAUSSIANS",8,2.1441493,0.7064264,9.366085E-4,0.20597443,0.0054492815,0.6310707,0.01700799,0.19810277,0.0051536066,0.17865416,0.024233902,0.14829592,0.018525463
375316653866487564,5991985535533521024,0.4683498,2042.8515923820053,1.6290060849783263,2.19512E-5,19.561138,0.007167711,null,null,null,null,null,null,null,null,null,null,null,null,0.12522791,0.010844116,0.2515881,0.005972721,"ELLIPSOIDAL",4,5.2919264,null,null,null,null,null,null,null,null,null,null,null,null
375316653866487564,5991986669434532608,0.54841906,2082.0862828645295,3.1213796756792336,1.062023E-5,16.606432,0.007315112,0.23416409,0.0020004457,0.09413944,0.0032579154,0.31856424,0.008273794,0.73111963,0.0029876125,0.09111748,0.0037168318,0.32568264,0.01287203,null,null,null,null,"TWOGAUSSIANS",8,19.004545,0.73111963,0.0029876125,0.4,0.0,0.30954748,0.012253594,0.23416409,0.0020004457,0.4,0.0,0.30242878,0.006926041
375316653866487564,5991987111797810048,0.5550922,2097.0667983341696,3.1846639520614013,1.05620375E-5,18.383018,0.0045056334,0.29903904,0.0035285596,0.03798201,0.004363437,0.14434738,0.031802602,0.8128189,0.0022305686,0.056521986,0.0062898956,0.07163317,0.013854421,0.118100345,0.0074535455,0.8128189,0.0022305686,"TWOGAUSSIANS_WITH_ELLIPSOIDAL_ON_ECLIPSE2",9,4.140147,0.30119902,0.0029708983,0.21269925,0.02443525,0.3790535,0.032314613,0.8128189,0.0022305686,0.31652313,0.035223413,0.30782932,0.009043055
375316653866487564,5991987768946179840,0.5492042,2040.878854868211,2.6235646082057777,2.3150453E-5,17.828289,0.012505438,0.1688631,0.0029925713,0.05092083,0.008408606,0.17604218,0.028638557,0.678302,0.009128645,0.043302365,0.008576799,0.17420961,0.030911304,0.107524924,0.016587129,0.1688631,0.0029925713,"TWOGAUSSIANS_WITH_ELLIPSOIDAL_ON_ECLIPSE1",9,12.430694,0.1688631,0.0029925713,0.28515664,0.047088195,0.39109093,0.01514823,0.678302,0.009128645,0.24249324,0.04803008,0.38850287,0.017746663
375316653866487564,5991988181263043968,0.53526354,2058.1411181875064,1.3011748779163157,1.0793399E-5,18.178738,0.012988769,0.14869696,0.0044093165,0.1014642,0.009145281,0.20311394,0.011625503,0.6516017,0.0032324719,0.10602343,0.007912099,0.19193524,0.012092541,null,null,null,null,"TWOGAUSSIANS",8,1.6106343,0.14869696,0.0044093165,0.4,0.0,0.18221158,0.009902465,0.6516017,0.0032324719,0.4,0.0,0.17102933,0.0058684833
375316653866487564,5991988249982529408,0.4940288,2063.2714362801407,3.1888390627897714,2.3428465E-5,18.144875,0.015046299,0.20661232,0.0068329843,0.09803692,0.013885158,0.14390278,0.014895685,0.7071654,0.007380237,0.099631056,0.016523022,0.12752913,0.01291709,null,null,null,null,"TWOGAUSSIANS",8,3.0763829,0.20661232,0.006832067,0.4,0.0,0.13293837,0.007586583,0.7071654,0.007380237,0.4,0.0,0.11656449,0.008122825
375316653866487564,5991989139004688000,0.50106275,2054.094707803684,2.268388429709637,2.3903449E-5,19.327765,0.017937656,0.14023714,0.007536885,0.09655474,0.012420462,0.2192136,0.022705615,0.6344946,0.005887196,0.09207421,0.009799363,0.25234166,0.020530049,null,null,null,null,"TWOGAUSSIANS",8,2.0285344,0.6344946,0.005887196,0.4,0.0,0.23944986,0.01550746,0.14023714,0.007536885,0.4,0.0,0.20632131,0.02174098
375316653866487564,5991989693063816064,0.49702954,2066.6557477753063,3.442432955772547,3.2578097E-5,19.677582,0.068310656,0.2542108,0.0073379986,0.10622326,0.023373906,0.2830598,0.06546375,0.7718896,0.0049762963,0.09917072,0.02597151,0.3376732,0.049946744,null,null,null,null,"TWOGAUSSIANS",8,2.0668368,0.7718996,0.005022523,0.4,0.0,0.31200224,0.022198347,0.2542108,0.007320642,0.4,0.0,0.2573803,0.024172127
375316653866487564,5991990616472006784,0.5595223,2075.2924993437236,3.1003260527867122,1.0278959E-5,19.530548,0.013652213,0.2873017,0.001958198,0.053152986,0.0040382044,0.46576464,0.03907153,0.7866096,0.00611744,0.040045183,0.0075034387,0.31632057,0.031205246,0.12201406,0.017084118,0.2873017,0.001958198,"TWOGAUSSIANS_WITH_ELLIPSOIDAL_ON_ECLIPSE1",9,2.3068626,0.2873017,0.001958198,0.29765671,0.022613946,0.70978504,0.035210505,0.7866696,0.005653626,0.22425303,0.04201926,0.56033677,0.019635376
375316653866487564,5991990685191265024,0.45752397,2078.30386892569,1.4385522095349046,2.4542935E-5,15.996586,0.0030055162,0.44645956,0.004680022,0.04742971,0.0037097998,0.21695875,0.045667797,0.7132462,0.039105177,0.0371354,0.06509422,0.017696997,2.06419517E14,0.009375485,0.0052002766,0.7132462,0.039105177,"TWOGAUSSIANS_WITH_ELLIPSOIDAL_ON_ECLIPSE2",9,24.885195,0.44619957,0.004482092,0.26560637,0.020774879,0.21716972,0.045605354,0.7132462,0.039105177,0.20795824,0.36452764,0.036447935,2.06419517E14
