Gaia/vari_eclipsing_binary/VariEclipsingBinary_685357-685367.csv
# %ECSV 1.0
# ---
# delimiter: ','
# meta: !!omap
# - RELEASE: Gaia DR3
# - TABLE: vari_eclipsing_binary
# - DESCRIPTION: >
#     This table describes the properties of the eclipsing binaries resulting from the variability analysis. 
# - CITATION: >
#     How to cite and acknowledge Gaia: 
#     https://gea.esac.esa.int/archive/documentation/credits.html 
# - KNOWN_ISSUES: >
#     Known issues: 
#     https://www.cosmos.esa.int/web/gaia-users/known-issues 
# - DOCUMENTATION: >
#     Tutorials and documentation: 
#     https://www.cosmos.esa.int/web/gaia-users/archive 
# datatype:
# - 
#   name: solution_id
#   datatype: int64
#   description: Solution Identifier
#   meta:
#     ucd: meta.version
# - 
#   name: source_id
#   datatype: int64
#   description: Unique source identifier
#   meta:
#     ucd: meta.id;meta.main
# - 
#   name: global_ranking
#   datatype: float32
#   description: Number between 0 (worst) and 1 (best)
#   meta:
#     ucd: stat.param
# - 
#   name: reference_time
#   datatype: float64
#   unit: d
#   description: Reference time used for the geometric model fit
#   meta:
#     ucd: time.epoch
# - 
#   name: frequency
#   datatype: float64
#   unit: d**-1
#   description: Frequency of geometric model of the eclipsing binary light curve
#   meta:
#     ucd: src.orbital
# - 
#   name: frequency_error
#   datatype: float32
#   unit: d**-1
#   description: "Uncertainty of \\texttt{frequency}"
#   meta:
#     ucd: stat.error
# - 
#   name: geom_model_reference_level
#   datatype: float32
#   unit: mag
#   description: Magnitude reference level of geometric model
#   meta:
#     ucd: phot.mag;em.opt
# - 
#   name: geom_model_reference_level_error
#   datatype: float32
#   unit: mag
#   description: "Uncertainty of \\texttt{geomModelReferenceLevel}"
#   meta:
#     ucd: stat.error;phot.mag;em.opt
# - 
#   name: geom_model_gaussian1_phase
#   datatype: float32
#   description: Phase of the Gaussian 1 component
#   meta:
#     ucd: time.phase
# - 
#   name: geom_model_gaussian1_phase_error
#   datatype: float32
#   description: "Uncertainty of \\texttt{geomModelGaussian1Phase}"
#   meta:
#     ucd: stat.error;time.phase
# - 
#   name: geom_model_gaussian1_sigma
#   datatype: float32
#   description: "Standard deviation [phase] of Gaussian 1 component"
#   meta:
#     ucd: stat.stdev
# - 
#   name: geom_model_gaussian1_sigma_error
#   datatype: float32
#   description: "Uncertainty of \\texttt{geomModelGaussian1Sigma}"
#   meta:
#     ucd: stat.error
# - 
#   name: geom_model_gaussian1_depth
#   datatype: float32
#   unit: mag
#   description: Magnitude depth of Gaussian 1 component
#   meta:
#     ucd: src.var.amplitude
# - 
#   name: geom_model_gaussian1_depth_error
#   datatype: float32
#   unit: mag
#   description: "Uncertainty of \\texttt{geomModelGaussian1Depth}"
#   meta:
#     ucd: stat.error;src.var.amplitude
# - 
#   name: geom_model_gaussian2_phase
#   datatype: float32
#   description: Phase of Gaussian 2 component
#   meta:
#     ucd: time.phase
# - 
#   name: geom_model_gaussian2_phase_error
#   datatype: float32
#   description: "Uncertainty of \\texttt{geomModelGaussian2Phase}"
#   meta:
#     ucd: stat.error;time.phase
# - 
#   name: geom_model_gaussian2_sigma
#   datatype: float32
[...]
#   datatype: float32
#   description: "Secondary eclipse: uncertainty of \\texttt{derivedSecondaryEclDuration}"
#   meta:
#     ucd: stat.error;time.duration
# - 
#   name: derived_secondary_ecl_depth
#   datatype: float32
#   unit: mag
#   description: "Secondary eclipse: depth"
#   meta:
#     ucd: src.var.amplitude
# - 
#   name: derived_secondary_ecl_depth_error
#   datatype: float32
#   unit: mag
#   description: "Secondary eclipse: uncertainty of \\texttt{derivedSecondaryEclDepth}"
#   meta:
#     ucd: stat.error;src.var.amplitude
solution_id,source_id,global_ranking,reference_time,frequency,frequency_error,geom_model_reference_level,geom_model_reference_level_error,geom_model_gaussian1_phase,geom_model_gaussian1_phase_error,geom_model_gaussian1_sigma,geom_model_gaussian1_sigma_error,geom_model_gaussian1_depth,geom_model_gaussian1_depth_error,geom_model_gaussian2_phase,geom_model_gaussian2_phase_error,geom_model_gaussian2_sigma,geom_model_gaussian2_sigma_error,geom_model_gaussian2_depth,geom_model_gaussian2_depth_error,geom_model_cosine_half_period_amplitude,geom_model_cosine_half_period_amplitude_error,geom_model_cosine_half_period_phase,geom_model_cosine_half_period_phase_error,model_type,num_model_parameters,reduced_chi2,derived_primary_ecl_phase,derived_primary_ecl_phase_error,derived_primary_ecl_duration,derived_primary_ecl_duration_error,derived_primary_ecl_depth,derived_primary_ecl_depth_error,derived_secondary_ecl_phase,derived_secondary_ecl_phase_error,derived_secondary_ecl_duration,derived_secondary_ecl_duration_error,derived_secondary_ecl_depth,derived_secondary_ecl_depth_error
[from data line 74]
375316653866487564,6028478017300117376,0.44777274,2295.964021806624,3.095337438790135,9.542535E-6,18.535036,0.011301469,0.23488653,0.002607418,0.08569396,0.006307503,0.20374295,0.013750901,0.74976754,0.0046565398,0.083397135,0.0075423913,0.18804859,0.012980863,null,null,null,null,"TWOGAUSSIANS",8,2.1290393,0.23488653,0.002607418,0.4,0.0,0.19994538,0.012705025,0.74976754,0.0046565398,0.4,0.0,0.18425104,0.012166665
375316653866487564,6028478051697831168,0.5004747,2294.5285734870695,1.7340798132009076,2.5284175E-5,18.114721,0.010961931,0.31133893,0.0045442553,0.089274056,0.01040205,0.16975723,0.011317734,0.81362647,0.005777682,0.099210724,0.009099498,0.16101247,0.011377709,null,null,null,null,"TWOGAUSSIANS",8,3.5009487,0.31133893,0.0045442553,0.4,0.0,0.16029881,0.011717769,0.81362647,0.005777682,0.4,0.0,0.15155311,0.0073714033
375316653866487564,6028478189099109376,0.5726104,2299.280405282194,2.115022378381379,1.0630387E-5,17.86696,0.0104770735,0.25597107,0.0028561845,0.08720531,0.0043656817,0.43919224,0.0131669305,0.75894344,0.0025300565,0.09162708,0.0057825428,0.3960726,0.021233996,null,null,null,null,"TWOGAUSSIANS",8,7.8414636,0.25597107,0.0028561845,0.4,0.0,0.42324448,0.012456325,0.75894344,0.0025300565,0.4,0.0,0.38012463,0.023610603
375316653866487564,6028478223458279296,0.46242455,2261.909880304575,3.7796136328739425,2.477954E-5,19.577024,0.035399154,0.2758714,0.011452948,0.080417566,0.01454422,0.5178349,0.08625615,0.7787548,0.0058173514,0.06431136,0.007895331,0.754266,0.22611526,null,null,null,null,"TWOGAUSSIANS",8,14.368563,0.7787548,0.0058173514,0.36014363,0.044213854,0.7513706,0.2268586,0.2758714,0.011452948,0.4,0.0,0.5149395,0.08640387
375316653866487564,6028478360899374592,0.57805043,2273.6666695443855,2.8062181119437026,3.0282634E-5,19.648726,0.01061282,0.27199492,0.0037766374,0.07909327,0.004530544,0.5033243,0.023373188,0.7621524,0.0014435031,0.07152808,0.0020728563,0.57772803,0.016737707,null,null,null,null,"TWOGAUSSIANS",8,1.4317682,0.7621524,0.0014435031,0.4,0.0069829673,0.5742409,0.016372994,0.27199492,0.0037766374,0.4,0.0,0.49983716,0.02362396
375316653866487564,6028478807612110336,0.44683924,2292.1823165737837,0.9684231646333586,3.2430584E-5,19.705484,0.018010134,0.49004832,0.0102525,0.04991213,0.009142657,0.4062087,0.033129785,0.8908597,1.06519394E-4,0.0039656004,1.9731557E-4,0.5021568,0.020253826,null,null,null,null,"TWOGAUSSIANS",8,10.793036,0.8908597,1.06519394E-4,0.022207363,0.0011049672,0.5021568,0.020253826,0.49004832,0.0102525,0.2795079,0.051198877,0.4062087,0.033129785
375316653866487564,6028479013770876928,0.43352425,2292.4732037749336,0.27378010118718066,9.200421E-5,19.401468,0.016352596,0.3263176,0.01925716,0.11556554,0.026251918,0.10559303,0.020331532,0.7557878,0.05102669,0.08326339,0.033204783,0.26066956,0.06453405,null,null,null,null,"TWOGAUSSIANS",8,2.9768145,0.7557878,0.05102669,0.4,0.09632584,0.25593913,0.06309455,0.3263176,0.019255098,0.4,0.0,0.10075664,0.016426222
375316653866487564,6028479185533421056,0.43967286,2298.996683687206,3.157017609506518,2.2357233E-5,19.598734,0.017894153,0.212127,0.019132415,0.06595216,0.012838371,0.31484467,0.04495694,0.70120305,0.009433189,0.032614388,0.01770456,0.10165922,2.84576,0.02775974,0.016887462,0.70120305,0.009433189,"TWOGAUSSIANS_WITH_ELLIPSOIDAL_ON_ECLIPSE2",9,12.070061,0.211507,0.018078743,0.36933208,0.0685925,0.36999786,0.039284207,0.70120305,0.009433189,0.18264058,0.09914554,0.15705869,2.8530438
375316653866487564,6028479632207945088,0.42110196,2296.258724865488,0.8502176651033232,3.8322527E-5,19.61085,0.018498987,0.18776065,0.01598778,0.026678292,0.02344809,0.3228718,0.052531183,0.7426959,0.0029373907,0.013201733,0.005366884,0.39284584,3.6270716,null,null,null,null,"TWOGAUSSIANS",8,6.21884,0.7426959,0.0029373907,0.073929705,0.03005455,0.39284584,3.6270716,0.18776065,0.01598778,0.14939843,0.1313093,0.3228718,0.052531183
375316653866487564,6028479700929355008,0.5101732,2293.0047027293585,2.7678377831663346,3.1149822E-5,19.637093,0.032429572,0.26729897,0.012762454,0.07469762,0.018080888,0.27157503,0.034784645,0.7815579,0.008303806,0.07216431,0.016345968,0.31717232,0.028583433,null,null,null,null,"TWOGAUSSIANS",8,2.453478,0.7815579,0.008303806,0.4,0.016580312,0.31589806,0.02627188,0.26729897,0.012762454,0.4,0.0071418644,0.27030078,0.030693838
375316653866487564,6028479804004005248,0.5329968,2293.3586547499444,1.6616825145917287,1.2277819E-5,17.968206,0.005825616,0.24594997,0.004238804,0.0965576,0.009658869,0.09022196,0.0054939785,0.7381947,0.0024783541,0.09140107,0.0056053414,0.13710588,0.005992184,null,null,null,null,"TWOGAUSSIANS",8,1.1947871,0.7381947,0.0024783541,0.4,0.0,0.13137843,0.0052828714,0.24594997,0.004238804,0.4,0.0,0.0844943,0.0046013575
375316653866487564,6028479872723215872,0.43556908,2285.9007398132676,2.922186319700977,2.4884946E-5,18.890902,0.3428044,0.2833238,0.010114617,0.12430745,0.0900524,0.34064287,0.3140913,0.7873329,0.0069656847,0.09851928,0.0398404,0.4917541,0.30734763,null,null,null,null,"TWOGAUSSIANS",8,21.789774,0.78735286,0.0069834865,0.4,0.0,0.43095958,0.0789114,0.2833238,0.010112269,0.4,0.0,0.27964023,0.075389914
375316653866487564,6028480010162211456,0.42717797,2250.346711590783,1.60934187811179,5.322392E-5,18.993557,0.058617365,0.058534503,0.035675745,0.107791215,0.050400235,0.12350963,0.05941744,0.5664166,0.03713269,0.022969745,0.021022152,0.4754074,0.29291314,null,null,null,null,"TWOGAUSSIANS",8,3.6164057,0.5664166,0.03718988,0.12863058,0.11772405,0.47528577,0.28985882,0.058534503,0.035675745,0.4,0.0,0.12338247,0.0555829
375316653866487564,6028480555542143232,0.53586805,2299.2870202627273,2.6891532621260996,1.3803471E-5,17.462164,0.005925393,0.25971273,0.0029559862,0.08439968,0.0051159402,0.24424447,0.011102711,0.75504684,0.0030568163,0.088734776,0.0041279565,0.26379955,0.008076072,null,null,null,null,"TWOGAUSSIANS",8,8.007641,0.75504684,0.0030568163,0.4,0.0,0.25654075,0.007527705,0.25971273,0.0029559862,0.4,0.0,0.23698573,0.01200468
375316653866487564,6028480559918377344,0.45842183,2264.1165399707997,0.02280162623995101,1.0835093E-4,19.527845,0.044074442,0.37586764,0.013929405,0.15351579,0.029948719,0.26077178,0.048259564,0.8786511,0.074387774,0.018080054,0.008354056,0.24602556,0.13497424,null,null,null,null,"TWOGAUSSIANS",8,5.053363,0.37586764,0.013929405,0.4,0.0,0.25559783,0.04015513,0.8786511,0.07463885,0.1012483,0.046782713,0.24344864,0.13593172
375316653866487564,6028480594278122496,0.48941272,2285.8943470086,0.43366577700866865,3.51863E-5,19.313795,0.0057656993,0.17355874,0.009245927,0.008687172,0.00826092,2.03802,2.155656,0.9081577,0.01681661,0.01875223,0.012200354,0.06543399,0.047067687,null,null,null,null,"TWOGAUSSIANS",8,3.234399,0.17355874,0.009245927,0.04864816,0.046261147,2.03802,2.155656,0.9081577,0.01681661,0.105012484,0.06832198,0.06543399,0.047067687
375316653866487564,6028480834800931328,0.5556954,2291.8419147971285,2.521098128679306,1.4445287E-5,19.72355,0.010787126,0.26337293,0.0022005183,0.06251545,0.0026886996,0.52246976,0.013567635,0.764363,0.007867554,0.07519356,0.0072063054,0.37025452,0.018195204,null,null,null,null,"TWOGAUSSIANS",8,1.4221327,0.26337293,0.0022005183,0.3500865,0.015056718,0.52132046,0.01323373,0.764363,0.007867554,0.4,0.008525767,0.36910528,0.018009115
375316653866487564,6028481281512804480,0.5841734,2299.3257135109375,3.011185032463442,7.27736E-6,17.959557,0.0061306306,0.25995666,0.0013824695,0.069744006,0.0025317715,0.47675207,0.019114947,0.76022017,0.0019365163,0.070155874,0.002407079,0.6059983,0.02210187,null,null,null,null,"TWOGAUSSIANS",8,8.588671,0.76022017,0.0019365163,0.39287287,0.01341437,0.6042004,0.022268629,0.25995666,0.0013824695,0.39056644,0.013457072,0.47495422,0.019381713
375316653866487564,6028481315832905088,0.48660138,2265.608481053103,2.6157515678509,1.8103407E-5,19.13108,0.03357533,0.2649866,0.0038262713,0.08122857,0.009466679,0.42353368,0.033564378,0.78801554,0.005890362,0.08585271,0.011018235,0.38291046,0.03776518,null,null,null,null,"TWOGAUSSIANS",8,8.198115,0.2649866,0.0038262713,0.4,0.0,0.4175468,0.031617884,0.78801554,0.005890362,0.4,0.0,0.37692353,0.03592972
375316653866487564,6028481762514524672,0.5026461,2264.460638293043,2.412180765272844,2.2434107E-5,18.493736,1.7159108,0.21752736,0.01062894,0.15688762,0.11985647,0.97840375,1.5209404,0.7205876,0.0052774698,0.1895837,0.1956836,1.0107341,1.638579,null,null,null,null,"TWOGAUSSIANS",8,3.5923247,0.21644735,0.008356414,0.4,0.0,0.35113287,0.016288035,0.72117764,0.0055070524,0.4,0.0,0.33320314,0.035212927
375316653866487564,6028481826852345344,0.5852159,2292.6748786937696,1.6508980262239474,6.575838E-6,17.41448,0.005986131,0.2722995,0.0018994096,0.091490775,0.0050366926,0.21705681,0.0106805395,0.7751709,0.0017785332,0.09654916,0.004016007,0.2141999,0.0052994806,null,null,null,null,"TWOGAUSSIANS",8,1.9225183,0.2722995,0.0018994096,0.4,0.0,0.20499407,0.012602538,0.7751709,0.0017785332,0.4,0.0,0.20213667,0.0034737126
375316653866487564,6028481831234153344,0.42252645,2281.768727661294,1.8697144511581936,5.04397E-5,19.566051,0.73650885,0.23236127,0.021937298,0.13104433,0.07919266,0.38485503,0.57199657,0.70441484,0.017803323,0.14614281,0.121892944,0.42963728,0.71693105,null,null,null,null,"TWOGAUSSIANS",8,5.1045365,0.70441484,0.017803323,0.4,0.0,0.2975538,0.0666954,0.23407127,0.016025456,0.4,0.0070098955,0.25506237,0.06279478
375316653866487564,6028482140507793024,0.58314323,2287.5142752513257,0.3057044769313399,1.255149E-5,15.841746,0.0065669217,0.2523695,0.0018927999,0.030203955,0.003927227,0.1316375,0.0151271215,0.7701763,0.018700277,0.025084618,0.007706797,0.52164596,0.3156275,0.026260935,0.008047024,0.7701763,0.018700277,"TWOGAUSSIANS_WITH_ELLIPSOIDAL_ON_ECLIPSE2",9,13.45901,0.7701763,0.018700277,0.14047387,0.043158066,0.5741678,0.30219075,0.2528595,0.001484681,0.16914216,0.021992471,0.18352267,0.013740804
375316653866487564,6028482273529119872,0.63331753,2267.9341747729104,1.6333314470958133,3.2005814E-6,14.9019985,0.005065439,0.26841453,0.0014420717,0.087107465,0.0021575128,0.38630664,0.009931745,0.77383965,0.0020658802,0.09386472,0.0035922732,0.27947605,0.009138091,null,null,null,null,"TWOGAUSSIANS",8,26.363495,0.26841453,0.0014420717,0.4,0.0,0.37313104,0.010083482,0.77383965,0.0020658802,0.4,0.0,0.2663001,0.0104915835
375316653866487564,6028482312270601856,0.50562704,2264.8469951671523,2.5679058507050603,3.1241205E-5,19.032267,0.012986127,0.27865717,0.0050409045,0.08659228,0.00817776,0.3000087,0.021702236,0.7777214,0.005378973,0.076109834,0.0060036504,0.31094387,0.017166954,null,null,null,null,"TWOGAUSSIANS",8,3.6897335,0.7777214,0.005378973,0.4,0.0,0.3056227,0.015270146,0.27865717,0.0050409045,0.4,0.0,0.29468748,0.022662086
375316653866487564,6028482312273420672,0.5225554,2261.129072088587,3.0098610683949905,1.8624998E-5,19.4247,0.022320082,0.22011204,0.0045814617,0.09083344,0.0088479,0.42525357,0.02979438,0.70947003,0.0040061544,0.08744956,0.0077903136,0.49137512,0.024749678,null,null,null,null,"TWOGAUSSIANS",8,3.0834901,0.70947003,0.0040061544,0.4,0.0,0.4762843,0.02362954,0.22011204,0.0045814617,0.4,0.0,0.4101626,0.029848648
375316653866487564,6028482582766872960,0.5337016,2262.141030158812,1.6783880357423737,1.253276E-5,17.398375,0.008114281,0.23290414,0.0023310136,0.09702528,0.006715127,0.17385043,0.006529114,0.7319197,0.0037785154,0.094000384,0.0063579357,0.17395598,0.008509859,null,null,null,null,"TWOGAUSSIANS",8,4.839682,0.7319197,0.0037785154,0.4,0.0,0.16279498,0.0055064955,0.23290414,0.0023310136,0.4,0.0,0.16268909,0.005303773
375316653866487564,6028482758947579392,0.5743776,2310.7349217173883,2.299202268843926,1.8836778E-5,18.843534,0.009488208,0.22972141,0.0066538285,0.07664133,0.006608648,0.47957653,0.022765724,0.73545873,0.0025242602,0.078552485,0.003450365,0.4269321,0.0105879055,null,null,null,null,"TWOGAUSSIANS",8,2.2165813,0.22972141,0.0066538285,0.4,0.0,0.47510752,0.022214416,0.73545873,0.0025242602,0.4,0.0,0.42246312,0.009540547
375316653866487564,6028482995083659136,0.57527715,2287.920495918277,2.121403571531934,7.737239E-6,17.694273,0.0038687622,0.23408796,0.0016727162,0.088081166,0.0033220414,0.20514253,0.004939009,0.73647135,0.002372395,0.093310885,0.003198678,0.19612873,0.004730706,null,null,null,null,"TWOGAUSSIANS",8,2.1541033,0.23408796,0.0016727162,0.4,0.0,0.19648997,0.005237448,0.73647135,0.002372395,0.4,0.0,0.187476,0.0042755282
375316653866487564,6028483063802760064,0.65388495,2303.0592427840047,1.1999826858511389,5.445461E-6,11.634675,0.005904854,0.2274793,9.2266E-4,0.044947825,0.0018447784,0.5404257,0.012649049,0.73072076,0.0059280903,0.040019482,0.006343203,0.101094745,0.019634694,0.1090599,0.0072014714,0.2274793,9.2266E-4,"TWOGAUSSIANS_WITH_ELLIPSOIDAL_ON_ECLIPSE1",9,60.337013,0.2274793,9.2266E-4,0.25170782,0.010330759,0.75854546,0.006089499,0.73072076,0.005479471,0.2241091,0.03552194,0.31912398,0.013538734
375316653866487564,6028483617941721088,0.57333297,2269.2781085309625,2.315171745041696,8.490552E-6,18.485655,0.0067567863,0.21610796,0.002904823,0.07360203,0.004675,0.5574057,0.02928413,0.7241599,0.0021428561,0.07432769,0.0021146676,0.47517255,0.011200037,null,null,null,null,"TWOGAUSSIANS",8,5.997432,0.21610796,0.002904823,0.4,0.0044595487,0.55458087,0.030013869,0.7241599,0.0021428561,0.4,0.0,0.47234768,0.010948431
375316653866487564,6028483755379402624,0.52459836,2235.9358641235267,2.274057270524385,1.5107023E-5,19.30182,0.01416531,0.2668069,0.003507575,0.07912825,0.0050693746,0.43741867,0.023852093,0.7556172,0.0038054555,0.07815996,0.0046229716,0.4713678,0.018120449,null,null,null,null,"TWOGAUSSIANS",8,3.1071033,0.7556172,0.0038054555,0.4,0.0,0.46675062,0.017068312,0.2668069,0.003507575,0.4,0.0,0.43280149,0.024134615
375316653866487564,6028484270775534848,0.48697427,2260.8678768690706,2.9267490424282268,3.0503928E-5,18.417923,0.021433143,0.18896258,0.0045256335,0.096208744,0.015851665,0.12638462,0.02000519,0.6900036,0.004501343,0.11557828,0.015025372,0.15027395,0.020671794,null,null,null,null,"TWOGAUSSIANS",8,2.4770977,0.6900036,0.004501343,0.4,0.0,0.13342422,0.009697133,0.18896258,0.0045351507,0.4,0.0,0.109560505,0.011965477
375316653866487564,6028484580013637504,0.58528966,2246.393017557471,3.2840414075891715,8.0258005E-6,18.825851,0.008105865,0.23466027,0.002304027,0.07107315,0.0030001334,0.49579632,0.022042595,0.73783326,0.0025083427,0.07340248,0.0031741234,0.5136835,0.010303681,null,null,null,null,"TWOGAUSSIANS",8,2.6170154,0.73783326,0.0025083427,0.4,0.0,0.51133794,0.00993866,0.23466027,0.002304027,0.39800966,0.011954634,0.49345076,0.022298962
375316653866487564,6028484580049323008,0.4734427,2252.218807931879,1.4176045137106357,5.2376592E-5,19.797802,0.020973992,0.24422917,0.024786774,0.03783472,0.017890481,0.21931583,0.031260006,0.72838086,0.007531986,0.044264298,0.016402533,0.70281225,0.3750851,null,null,null,null,"TWOGAUSSIANS",8,5.8164196,0.72838086,0.007531986,0.24788007,0.09185419,0.70281225,0.37508613,0.24422917,0.024786774,0.21187441,0.1001867,0.21931583,0.0312574
375316653866487564,6028485026690936832,0.4589068,2245.4097465277814,0.33964869104198486,4.471528E-5,19.21739,0.006332952,0.15848841,0.0041734804,0.018941777,0.0026620806,0.27739033,0.026308008,0.63234764,0.020970402,0.0736853,0.016541936,0.055195775,0.010391643,null,null,null,null,"TWOGAUSSIANS",8,2.1298206,0.15848841,0.0041734804,0.106073946,0.014907652,0.2773903,0.02630799,0.63234764,0.020970402,0.4,0.03304402,0.05519576,0.010391622
375316653866487564,6028485091030178688,0.5158034,2280.968452736182,0.27741255655520086,9.1465525E-5,17.990389,0.008990817,0.27078834,0.0085275695,0.04202862,0.008030659,0.24732211,0.044504315,0.73884934,0.016242657,0.02540815,0.014002995,0.5125979,0.7622903,0.038275383,0.013008102,0.73884934,0.016242657,"TWOGAUSSIANS_WITH_ELLIPSOIDAL_ON_ECLIPSE2",9,12.2896805,0.73884934,0.016242657,0.14228565,0.07841677,0.58914864,0.7663717,0.26949835,0.00768424,0.23536028,0.044971686,0.32095242,0.04186062
