Gaia/vari_eclipsing_binary/VariEclipsingBinary_490377-490402.csv
# %ECSV 1.0
# ---
# delimiter: ','
# meta: !!omap
# - RELEASE: Gaia DR3
# - TABLE: vari_eclipsing_binary
# - DESCRIPTION: >
#     This table describes the properties of the eclipsing binaries resulting from the variability analysis. 
# - CITATION: >
#     How to cite and acknowledge Gaia: 
#     https://gea.esac.esa.int/archive/documentation/credits.html 
# - KNOWN_ISSUES: >
#     Known issues: 
#     https://www.cosmos.esa.int/web/gaia-users/known-issues 
# - DOCUMENTATION: >
#     Tutorials and documentation: 
#     https://www.cosmos.esa.int/web/gaia-users/archive 
# datatype:
# - 
#   name: solution_id
#   datatype: int64
#   description: Solution Identifier
#   meta:
#     ucd: meta.version
# - 
#   name: source_id
#   datatype: int64
#   description: Unique source identifier
#   meta:
#     ucd: meta.id;meta.main
# - 
#   name: global_ranking
#   datatype: float32
#   description: Number between 0 (worst) and 1 (best)
#   meta:
#     ucd: stat.param
# - 
#   name: reference_time
#   datatype: float64
#   unit: d
#   description: Reference time used for the geometric model fit
#   meta:
#     ucd: time.epoch
# - 
#   name: frequency
#   datatype: float64
#   unit: d**-1
#   description: Frequency of geometric model of the eclipsing binary light curve
#   meta:
#     ucd: src.orbital
# - 
#   name: frequency_error
#   datatype: float32
#   unit: d**-1
#   description: "Uncertainty of \\texttt{frequency}"
#   meta:
#     ucd: stat.error
# - 
#   name: geom_model_reference_level
#   datatype: float32
#   unit: mag
#   description: Magnitude reference level of geometric model
#   meta:
#     ucd: phot.mag;em.opt
# - 
#   name: geom_model_reference_level_error
#   datatype: float32
#   unit: mag
#   description: "Uncertainty of \\texttt{geomModelReferenceLevel}"
#   meta:
#     ucd: stat.error;phot.mag;em.opt
# - 
#   name: geom_model_gaussian1_phase
#   datatype: float32
#   description: Phase of the Gaussian 1 component
#   meta:
#     ucd: time.phase
# - 
#   name: geom_model_gaussian1_phase_error
#   datatype: float32
#   description: "Uncertainty of \\texttt{geomModelGaussian1Phase}"
#   meta:
#     ucd: stat.error;time.phase
# - 
#   name: geom_model_gaussian1_sigma
#   datatype: float32
#   description: "Standard deviation [phase] of Gaussian 1 component"
#   meta:
#     ucd: stat.stdev
# - 
#   name: geom_model_gaussian1_sigma_error
#   datatype: float32
#   description: "Uncertainty of \\texttt{geomModelGaussian1Sigma}"
#   meta:
#     ucd: stat.error
# - 
#   name: geom_model_gaussian1_depth
#   datatype: float32
#   unit: mag
#   description: Magnitude depth of Gaussian 1 component
#   meta:
#     ucd: src.var.amplitude
# - 
#   name: geom_model_gaussian1_depth_error
#   datatype: float32
#   unit: mag
#   description: "Uncertainty of \\texttt{geomModelGaussian1Depth}"
#   meta:
#     ucd: stat.error;src.var.amplitude
# - 
#   name: geom_model_gaussian2_phase
#   datatype: float32
#   description: Phase of Gaussian 2 component
#   meta:
#     ucd: time.phase
# - 
#   name: geom_model_gaussian2_phase_error
#   datatype: float32
#   description: "Uncertainty of \\texttt{geomModelGaussian2Phase}"
#   meta:
#     ucd: stat.error;time.phase
# - 
#   name: geom_model_gaussian2_sigma
#   datatype: float32
[...]
#   datatype: float32
#   description: "Secondary eclipse: uncertainty of \\texttt{derivedSecondaryEclDuration}"
#   meta:
#     ucd: stat.error;time.duration
# - 
#   name: derived_secondary_ecl_depth
#   datatype: float32
#   unit: mag
#   description: "Secondary eclipse: depth"
#   meta:
#     ucd: src.var.amplitude
# - 
#   name: derived_secondary_ecl_depth_error
#   datatype: float32
#   unit: mag
#   description: "Secondary eclipse: uncertainty of \\texttt{derivedSecondaryEclDepth}"
#   meta:
#     ucd: stat.error;src.var.amplitude
solution_id,source_id,global_ranking,reference_time,frequency,frequency_error,geom_model_reference_level,geom_model_reference_level_error,geom_model_gaussian1_phase,geom_model_gaussian1_phase_error,geom_model_gaussian1_sigma,geom_model_gaussian1_sigma_error,geom_model_gaussian1_depth,geom_model_gaussian1_depth_error,geom_model_gaussian2_phase,geom_model_gaussian2_phase_error,geom_model_gaussian2_sigma,geom_model_gaussian2_sigma_error,geom_model_gaussian2_depth,geom_model_gaussian2_depth_error,geom_model_cosine_half_period_amplitude,geom_model_cosine_half_period_amplitude_error,geom_model_cosine_half_period_phase,geom_model_cosine_half_period_phase_error,model_type,num_model_parameters,reduced_chi2,derived_primary_ecl_phase,derived_primary_ecl_phase_error,derived_primary_ecl_duration,derived_primary_ecl_duration_error,derived_primary_ecl_depth,derived_primary_ecl_depth_error,derived_secondary_ecl_phase,derived_secondary_ecl_phase_error,derived_secondary_ecl_duration,derived_secondary_ecl_duration_error,derived_secondary_ecl_depth,derived_secondary_ecl_depth_error
[from data line 151]
375316653866487564,4313457581244529792,0.53384054,2134.176491318291,3.0748678855532217,2.8289685E-5,17.987545,0.009180074,0.2634111,0.006303349,0.081746,0.009895352,0.12678425,0.00860531,0.75443274,0.02173065,0.0784358,0.027521363,0.14525571,0.013535897,null,null,null,null,"TWOGAUSSIANS",8,2.8882153,0.75443274,0.02173065,0.4,0.061883528,0.14351667,0.011689598,0.2634111,0.006303349,0.4,0.0,0.12504521,0.0064825946
375316653866487564,4313457684306236288,0.4928233,2148.458391480239,3.3687369130957077,1.12244226E-4,19.039557,0.012425204,0.3268578,0.020634735,0.061850235,0.025888586,0.24028409,0.05834886,0.8418448,0.00931065,0.07088999,0.014281694,0.21241799,0.071602374,null,null,null,null,"TWOGAUSSIANS",8,3.597432,0.3268578,0.020634735,0.3463613,0.13794951,0.24004224,0.059223637,0.8418448,0.00931065,0.39698395,0.073650464,0.21217613,0.07174279
375316653866487564,4313458577660531456,0.48074517,2115.0213533955034,2.483837732410861,2.4378996E-5,19.481682,0.02311561,0.23926452,0.007660374,0.077526234,0.012258976,0.39569956,0.08111676,0.75349396,0.009806023,0.07406883,0.01456189,0.22698037,0.04243387,null,null,null,null,"TWOGAUSSIANS",8,2.6317751,0.23926452,0.007660374,0.4,0.0,0.39379236,0.08318473,0.75349396,0.009806023,0.4,0.013910659,0.22507319,0.043343913
375316653866487564,4313458818179166720,0.4593258,2168.9924398626367,0.10135022883028409,2.4946714E-5,18.527996,0.021958567,0.10435942,0.016294789,0.050238337,0.0935083,0.010718465,4.3048792E7,0.46237972,0.0054730563,0.024904326,0.006475047,0.21941473,0.24106476,0.045499288,0.028106157,0.10435942,0.016294789,"TWOGAUSSIANS_WITH_ELLIPSOIDAL_ON_ECLIPSE1",9,5.1816916,0.4639697,0.004308484,0.13946423,0.036260266,0.25572187,0.24633656,0.10435942,0.016294789,0.2813347,0.4225987,0.10171611,4.3048792E7
375316653866487564,4313458882569124864,0.5074802,2191.711227528234,0.4843754551608908,2.2910442E-6,18.573677,0.021590333,0.35959402,6.522775E-4,0.0070883394,3.2643828E-4,0.27249622,0.0040050824,0.70971966,0.037110694,0.24006398,0.10950205,0.04303075,0.0189759,null,null,null,null,"TWOGAUSSIANS",8,1.6164875,0.359604,6.4349E-4,0.0396947,0.0018280543,0.27861828,0.0061277314,0.70971966,0.037110694,0.4,0.0,0.033209067,0.005782024
375316653866487564,4313459093072692096,0.48309606,2144.9035367335387,4.216265874274759,2.840485E-5,18.674158,0.010844443,0.32254475,0.040853556,0.083151795,0.020569606,0.04501865,0.014496581,0.7102778,0.04946421,0.024773903,0.031759318,0.29577544,0.4198543,null,null,null,null,"TWOGAUSSIANS",8,5.369812,0.7102778,0.04946421,0.13873386,0.17785218,0.29577628,0.4198232,0.32254475,0.040853556,0.4,0.017708855,0.04501864,0.014479918
375316653866487564,4313459157447041024,0.4628241,2211.9000158620315,0.6636147863782083,9.782178E-5,18.900206,0.046382446,0.31570354,0.013741306,0.0710797,0.022397475,0.14055875,0.042743433,0.779907,0.019197145,0.119658425,0.074348584,0.09226066,0.040393393,null,null,null,null,"TWOGAUSSIANS",8,2.9283779,0.31575352,0.013541887,0.3980463,0.06403379,0.13663001,0.03425435,0.779907,0.019197145,0.4,0.0,0.088278025,0.0156888
375316653866487564,4313459264856703232,0.6035867,2194.6034203075524,0.6042024011206909,2.8567441E-5,17.196526,0.007924583,0.33376926,0.008373552,0.03720123,0.0050868317,0.46753833,0.035955355,0.9040047,0.019581415,0.027440734,0.008881945,0.3569211,0.30495748,null,null,null,null,"TWOGAUSSIANS",8,13.325219,0.33376926,0.008373552,0.20832688,0.028486257,0.46753833,0.035955355,0.9040047,0.019581415,0.1536681,0.04973889,0.3569211,0.30495748
375316653866487564,4313459745892888064,0.5249114,2178.69463690579,2.4936952307626976,1.8959261E-5,19.298965,0.009278284,0.25973216,0.02501213,0.07981847,0.0143347,0.23103766,0.02153257,0.7361841,0.0025079756,0.065764055,0.00747951,0.18912153,0.021802602,null,null,null,null,"TWOGAUSSIANS",8,1.2456539,0.25973216,0.02501213,0.4,0.021156488,0.23038432,0.021132143,0.7361841,0.0025079756,0.3682787,0.03837404,0.18846819,0.022076136
375316653866487564,4313459883346743680,0.50891966,2135.3090408883095,3.1674574892299354,4.2788724E-5,17.73884,0.025490781,0.22655721,0.014723582,0.05126687,0.012425138,0.5991242,0.1074139,0.72894746,0.014132389,0.066012986,0.013293349,0.39623004,0.041953593,null,null,null,null,"TWOGAUSSIANS",8,59.59353,0.22655721,0.014723582,0.28709447,0.06958077,0.59902686,0.107404105,0.72894746,0.014132389,0.36967272,0.06315796,0.39613274,0.041935343
375316653866487564,4313460463115535232,0.51701415,2199.371442870348,3.338468842474214,2.3144472E-5,18.36548,0.0051871478,0.31516552,0.008718106,0.072942734,0.010409172,0.15638824,0.018938815,0.8146967,0.0139222145,0.071030185,0.012998014,0.13437702,0.019623885,null,null,null,null,"TWOGAUSSIANS",8,2.5132983,0.31516552,0.008718106,0.4,0.015868189,0.15569843,0.019378131,0.8146967,0.0139222145,0.39776903,0.048736427,0.13368721,0.019871047
375316653866487564,4313460531835045632,0.48703372,2204.8697397816304,2.611428512476684,1.1149834E-4,19.05179,0.013319777,0.4444764,0.06570248,0.054008316,0.05308025,0.2195429,2909529.0,0.7702447,0.020801427,0.09494856,0.026420873,0.05011416,0.01537726,null,null,null,null,"TWOGAUSSIANS",8,1.5450779,0.4445464,0.06563305,0.30244657,0.28508258,0.2196766,2909529.0,0.7702447,0.020801427,0.4,0.0,0.050108436,0.015193609
375316653866487564,4313461115950611328,0.5820016,2127.4216299481004,2.169626894250174,8.8604775E-6,17.65625,0.01600543,0.30347112,0.0028414803,0.09323538,0.005673833,0.42425743,0.01787413,0.8008901,0.004068345,0.0948516,0.0054126424,0.4379931,0.016949277,null,null,null,null,"TWOGAUSSIANS",8,7.901494,0.8008901,0.004068345,0.4,0.0,0.4137148,0.011398585,0.30347112,0.0028414803,0.4,0.0,0.39997944,0.017334381
375316653866487564,4313461257720872448,0.6267705,2110.5234861835957,3.0802988236228104,2.0287946E-5,16.025507,0.045571096,0.27708614,0.005014473,0.060004413,0.010653486,0.49402902,0.092265986,0.78354394,0.008181398,0.04455236,0.016149685,0.3474176,0.094149336,0.13167669,0.050886534,0.27708614,0.005014473,"TWOGAUSSIANS_WITH_ELLIPSOIDAL_ON_ECLIPSE1",9,68.137146,0.27708614,0.005014473,0.3360247,0.059659522,0.7572988,0.033964366,0.78354394,0.008181398,0.24949323,0.09043824,0.6102541,0.014513024
375316653866487564,4313461395175203456,0.42836556,2112.9699487469065,2.1563664341378592,5.212361E-5,16.252274,0.010287272,0.33305383,0.00130127,0.012068786,0.0066198804,0.16643153,0.16487446,0.7452097,0.008747679,0.07042467,0.039016217,0.18699698,0.9305569,0.07347713,0.023045594,0.7452097,0.008747679,"TWOGAUSSIANS_WITH_ELLIPSOIDAL_ON_ECLIPSE2",9,21.437952,0.7452097,0.008747679,0.39437816,0.1856406,0.3336196,0.9355002,0.3323338,3.437062E-4,0.0675852,0.037071332,0.27294788,0.1926725
375316653866487564,4313461601333722240,0.5938568,2163.1811980068433,2.5117587684662337,8.911053E-6,19.174541,0.015299236,0.2794077,0.0034613332,0.06425531,0.004132716,0.63663507,0.046357404,0.76779145,0.017631987,0.066437855,0.0077537554,0.6313978,0.19051462,null,null,null,null,"TWOGAUSSIANS",8,3.667284,0.2794077,0.0034613332,0.35982975,0.023143211,0.6360386,0.046591427,0.76779145,0.017631987,0.37205198,0.04342103,0.6308014,0.19057132
375316653866487564,4313461773117237632,0.51882404,2123.1116648074976,2.729752027615352,2.933838E-5,19.588896,0.1030661,0.36075166,0.013859865,0.104303695,0.040993273,0.340302,0.089356594,0.85467684,0.008169396,0.08673859,0.018957745,0.42178452,0.10902448,null,null,null,null,"TWOGAUSSIANS",8,3.1961772,0.85467684,0.008167556,0.4,0.0,0.3994972,0.068190135,0.36075166,0.013859865,0.4,0.0,0.31800753,0.04113411
375316653866487564,4313462185436600832,0.52628064,2176.200842754748,2.523654490277602,3.6014648E-5,19.710548,0.031513248,0.28714618,0.013145395,0.06542267,0.012316686,0.33898583,0.054939132,0.7998389,0.009907226,0.0833072,0.014183176,0.40060797,0.03837498,null,null,null,null,"TWOGAUSSIANS",8,2.569172,0.7998389,0.009907226,0.4,0.0,0.39866552,0.035600938,0.28714618,0.013145395,0.36636695,0.06070448,0.33704337,0.052541938
375316653866487564,4313462490340321280,0.44898012,2139.218432862576,2.172612480142413,5.1917254E-5,18.993645,0.26495862,0.20043202,0.018506803,0.14582217,0.12538424,0.21321179,0.25148648,0.71634585,0.008277296,0.06254284,0.020256352,0.57261264,0.46023008,null,null,null,null,"TWOGAUSSIANS",8,3.3788972,0.7164159,0.00827961,0.3502399,0.112646066,0.5506631,0.4758785,0.20043202,0.018506803,0.4,0.0,0.18999134,0.021674613
375316653866487564,4313463353665952640,0.49105713,2169.2556058127234,2.638227876226978,1.4721131E-5,14.914013,0.029308658,0.28140667,0.019079672,0.104352765,0.033376805,0.1721317,0.027152764,0.766864,0.008802551,0.08553911,0.01982412,0.18580005,0.025876755,null,null,null,null,"TWOGAUSSIANS",8,136.00117,0.766864,0.008802551,0.4,0.0,0.17679454,0.012860468,0.28140667,0.019079672,0.4,0.0,0.1631219,0.026013205
375316653866487564,4313464350049647488,0.48764426,2172.395148776604,0.7537277220231396,1.8398076E-5,18.520655,0.012189793,0.2631893,0.062094517,0.056719672,0.0394204,0.33703822,0.2892195,0.7628765,0.0079610525,0.05236542,0.0100520905,0.53018105,0.06315137,null,null,null,null,"TWOGAUSSIANS",8,24.096355,0.7628765,0.0079610525,0.29324633,0.056291703,0.5301584,0.06315825,0.2631893,0.062094517,0.31763017,0.09590825,0.3370156,0.2894432
375316653866487564,4313465174732163840,0.6547946,2158.683074100474,1.9060926987571758,5.6308454E-6,17.475094,0.008984238,0.26684085,0.0017733225,0.050608303,0.003603856,0.37463775,0.028244754,0.7664365,0.0033366699,0.057771422,0.0037015104,0.2994286,0.02416453,0.10329464,0.011033622,0.26684085,0.0017733225,"TWOGAUSSIANS_WITH_ELLIPSOIDAL_ON_ECLIPSE1",9,2.8192701,0.26684085,0.0017733225,0.2834065,0.020181594,0.58120024,0.02767411,0.76649654,0.0031215586,0.32351997,0.020728458,0.50599,0.01730971
375316653866487564,4313465793207668096,0.56830186,2137.7066590391573,1.4307738750782608,1.7844308E-5,14.109696,0.069164105,0.34261665,0.004078028,0.12447646,0.0328714,0.13363193,0.06594968,0.82550114,0.0065310346,0.12343963,0.032257564,0.14757648,0.067256406,null,null,null,null,"TWOGAUSSIANS",8,37.768414,0.82550114,0.0065310346,0.4,0.0,0.115797095,0.0071845157,0.34278664,0.0036231019,0.4,0.0,0.101849616,0.005967395
375316653866487564,4313466613498840832,0.537625,2193.1913310155455,0.22298049609535706,1.8143464E-5,18.881805,0.011951025,0.2718851,0.002840381,0.056948222,0.003422234,0.36607927,0.028111348,0.77004755,0.014206174,0.043924306,0.021507228,0.51683027,0.33272848,null,null,null,null,"TWOGAUSSIANS",8,3.148804,0.77004755,0.014206174,0.24597612,0.120440476,0.51682675,0.33281404,0.2718851,0.002840381,0.31891003,0.01916451,0.36607572,0.028099235
375316653866487564,4313466927030329216,0.5223732,2154.1811610817404,2.592639892644547,4.843615E-5,19.680946,0.045814466,0.19589905,0.013363395,0.08466061,0.023327941,0.39148575,0.04154228,0.71056604,0.013724804,0.08787776,0.01773479,0.31821394,0.08395083,null,null,null,null,"TWOGAUSSIANS",8,3.1974287,0.19589905,0.013363395,0.4,0.0,0.3832578,0.03920707,0.71056604,0.013724804,0.4,0.0,0.30998594,0.080312535
375316653866487564,4313467098877795328,0.44782186,2163.584773852874,2.454080078809094,7.760255E-5,16.703657,0.13431272,0.24751157,0.009728201,0.06890418,0.032685217,0.17119253,0.1150013,0.73968333,0.031437494,0.076055944,0.117169656,0.1502197,0.109943874,null,null,null,null,"TWOGAUSSIANS",8,78.458466,0.24751157,0.009095593,0.3858634,0.06197411,0.17050216,0.056435827,0.73968333,0.0314451,0.4,0.10611457,0.14952931,0.043827176
375316653866487564,4313467992182439808,0.50029325,2146.083414747685,3.2612199859492255,2.894724E-5,19.033337,0.02534351,0.26768976,0.007391805,0.08424993,0.009499354,0.34086952,0.040190037,0.7352229,0.014366424,0.080365084,0.019393215,0.27375028,0.045994118,null,null,null,null,"TWOGAUSSIANS",8,4.831915,0.26768976,0.007391805,0.4,0.0,0.33759695,0.038915496,0.7352229,0.014366424,0.4,0.021558372,0.27047777,0.046266403
375316653866487564,4313468129625022208,0.5572391,2184.2011646720644,3.388125853874638,1.1389952E-5,19.205814,0.029346012,0.19497013,0.0024382886,0.076954745,0.008496115,0.37257785,0.024098692,0.6984243,0.017206306,0.07979479,0.029636255,0.40167814,0.087545864,null,null,null,null,"TWOGAUSSIANS",8,1.9609108,0.6984243,0.017206306,0.4,0.0,0.39722434,0.101608455,0.19497013,0.0024382886,0.4,0.0,0.36812404,0.014564544
375316653866487564,4313468262764825600,0.45995507,2169.555758069009,2.4763921334393264,1.14340015E-4,18.93126,0.0060850326,0.4724824,0.021157945,0.03403589,0.017553175,0.27735418,0.13613068,null,null,null,null,null,null,null,null,null,null,"ONEGAUSSIAN",5,3.893662,0.4724824,0.021157945,0.19060099,0.098297775,0.27735418,0.0,null,null,null,null,null,null
375316653866487564,4313468610657873792,0.500053,2183.7398251363275,3.076629392216922,2.3875484E-5,19.742092,0.04708163,0.3287882,0.011673667,0.07347153,0.01374514,0.55296576,0.055309754,0.84239,0.0032120564,0.070111275,0.0094336765,0.5048165,0.05087304,null,null,null,null,"TWOGAUSSIANS",8,4.1711016,0.3287882,0.011673667,0.4,0.024479652,0.55120397,0.053545028,0.84239,0.0032120564,0.39262313,0.039205767,0.5030547,0.048549496
375316653866487564,4313468782504811904,0.49430153,2190.416515364253,3.478802857530688,3.3527947E-5,19.82134,0.057184998,0.270521,0.007817997,0.11634762,0.04007675,0.22227189,0.042432822,0.7554773,0.010772383,0.08067975,0.011581357,0.30769578,0.068799086,null,null,null,null,"TWOGAUSSIANS",8,1.2715094,0.7554773,0.010772383,0.4,0.0,0.29150724,0.04517269,0.270521,0.007817997,0.4,0.0,0.2060335,0.02826505
375316653866487564,4313468851176186496,0.48245004,2174.197560735527,0.4433017059190215,8.443999E-5,19.285526,0.016945217,0.25295606,0.009951383,0.021441326,0.007600805,0.35948557,0.060295623,0.77247596,0.040294085,0.11656653,0.034113213,0.07677669,0.03331703,null,null,null,null,"TWOGAUSSIANS",8,2.625075,0.25295606,0.009952347,0.12007142,0.042564508,0.35938427,0.06055705,0.77247596,0.040294085,0.4,0.0,0.07665595,0.033218503
375316653866487564,4313468919895572224,0.54044545,2190.9016015753136,2.2153390902576175,2.390616E-5,18.599903,0.019921793,0.21642233,0.011457349,0.07783165,0.010750571,0.37572804,0.028777989,0.67091626,0.049381,0.047797993,0.03149558,0.3041119,0.09753448,null,null,null,null,"TWOGAUSSIANS",8,8.2429085,0.21642233,0.011457349,0.4,0.003057331,0.3756738,0.027153395,0.67091626,0.049381,0.26766875,0.13097054,0.3040577,0.09142805
375316653866487564,4313469813297024256,0.5852847,2102.1486832519086,2.7357290539176033,1.7989247E-5,17.892988,0.06578538,0.26249567,0.0052137133,0.1229424,0.02419515,0.28979304,0.06181114,0.7680054,0.0021980996,0.10957561,0.021279367,0.24753338,0.05857259,null,null,null,null,"TWOGAUSSIANS",8,2.3432784,0.26248565,0.0052096555,0.4,0.0,0.2392539,0.017472541,0.76804537,0.0022230018,0.4,0.0,0.1971297,0.010031715
375316653866487564,4313469877672688256,0.473267,2186.813661206583,2.023755438959541,2.5683088E-5,19.156076,0.023481099,0.264393,0.011965612,0.089899145,0.020714678,0.18746476,0.057073817,0.74680614,0.0065598576,0.07727568,0.009720904,0.32179713,0.020674225,null,null,null,null,"TWOGAUSSIANS",8,4.1539035,0.74680614,0.0065598576,0.4,0.008836671,0.31784612,0.018713025,0.264393,0.011965612,0.4,0.0,0.18351363,0.058760043
375316653866487564,4313469950687506560,0.46744084,2183.498104131337,4.180876250126115,6.465284E-5,19.706388,0.025218373,0.26490888,0.0029189787,0.046558503,0.0064005638,0.4462913,0.05711026,0.80457157,0.021157756,0.06369156,0.014750685,0.48694178,0.10883738,null,null,null,null,"TWOGAUSSIANS",8,5.259571,0.80457157,0.021157756,0.35667273,0.080349006,0.48693597,0.108843885,0.26490888,0.0029189787,0.2607276,0.035843156,0.4462855,0.057109687
375316653866487564,4313470363008308096,0.45083022,2157.480620312361,3.245161164770975,1.0961099E-4,19.591501,0.062941864,0.3302436,0.103445835,0.10992303,0.067578055,0.19805293,0.1196958,0.80184585,0.016912336,0.10962713,0.038845498,0.24458475,0.054242764,null,null,null,null,"TWOGAUSSIANS",8,3.1497307,0.80184585,0.016912336,0.4,0.0,0.22032458,0.03423168,0.3302936,0.10357855,0.4,0.105213664,0.17379656,0.10643283
