Gaia/vari_eclipsing_binary/VariEclipsingBinary_685005-685062.csv
# %ECSV 1.0
# ---
# delimiter: ','
# meta: !!omap
# - RELEASE: Gaia DR3
# - TABLE: vari_eclipsing_binary
# - DESCRIPTION: >
#     This table describes the properties of the eclipsing binaries resulting from the variability analysis. 
# - CITATION: >
#     How to cite and acknowledge Gaia: 
#     https://gea.esac.esa.int/archive/documentation/credits.html 
# - KNOWN_ISSUES: >
#     Known issues: 
#     https://www.cosmos.esa.int/web/gaia-users/known-issues 
# - DOCUMENTATION: >
#     Tutorials and documentation: 
#     https://www.cosmos.esa.int/web/gaia-users/archive 
# datatype:
# - 
#   name: solution_id
#   datatype: int64
#   description: Solution Identifier
#   meta:
#     ucd: meta.version
# - 
#   name: source_id
#   datatype: int64
#   description: Unique source identifier
#   meta:
#     ucd: meta.id;meta.main
# - 
#   name: global_ranking
#   datatype: float32
#   description: Number between 0 (worst) and 1 (best)
#   meta:
#     ucd: stat.param
# - 
#   name: reference_time
#   datatype: float64
#   unit: d
#   description: Reference time used for the geometric model fit
#   meta:
#     ucd: time.epoch
# - 
#   name: frequency
#   datatype: float64
#   unit: d**-1
#   description: Frequency of geometric model of the eclipsing binary light curve
#   meta:
#     ucd: src.orbital
# - 
#   name: frequency_error
#   datatype: float32
#   unit: d**-1
#   description: "Uncertainty of \\texttt{frequency}"
#   meta:
#     ucd: stat.error
# - 
#   name: geom_model_reference_level
#   datatype: float32
#   unit: mag
#   description: Magnitude reference level of geometric model
#   meta:
#     ucd: phot.mag;em.opt
# - 
#   name: geom_model_reference_level_error
#   datatype: float32
#   unit: mag
#   description: "Uncertainty of \\texttt{geomModelReferenceLevel}"
#   meta:
#     ucd: stat.error;phot.mag;em.opt
# - 
#   name: geom_model_gaussian1_phase
#   datatype: float32
#   description: Phase of the Gaussian 1 component
#   meta:
#     ucd: time.phase
# - 
#   name: geom_model_gaussian1_phase_error
#   datatype: float32
#   description: "Uncertainty of \\texttt{geomModelGaussian1Phase}"
#   meta:
#     ucd: stat.error;time.phase
# - 
#   name: geom_model_gaussian1_sigma
#   datatype: float32
#   description: "Standard deviation [phase] of Gaussian 1 component"
#   meta:
#     ucd: stat.stdev
# - 
#   name: geom_model_gaussian1_sigma_error
#   datatype: float32
#   description: "Uncertainty of \\texttt{geomModelGaussian1Sigma}"
#   meta:
#     ucd: stat.error
# - 
#   name: geom_model_gaussian1_depth
#   datatype: float32
#   unit: mag
#   description: Magnitude depth of Gaussian 1 component
#   meta:
#     ucd: src.var.amplitude
# - 
#   name: geom_model_gaussian1_depth_error
#   datatype: float32
#   unit: mag
#   description: "Uncertainty of \\texttt{geomModelGaussian1Depth}"
#   meta:
#     ucd: stat.error;src.var.amplitude
# - 
#   name: geom_model_gaussian2_phase
#   datatype: float32
#   description: Phase of Gaussian 2 component
#   meta:
#     ucd: time.phase
# - 
#   name: geom_model_gaussian2_phase_error
#   datatype: float32
#   description: "Uncertainty of \\texttt{geomModelGaussian2Phase}"
#   meta:
#     ucd: stat.error;time.phase
# - 
#   name: geom_model_gaussian2_sigma
#   datatype: float32
[...]
#   datatype: float32
#   description: "Secondary eclipse: uncertainty of \\texttt{derivedSecondaryEclDuration}"
#   meta:
#     ucd: stat.error;time.duration
# - 
#   name: derived_secondary_ecl_depth
#   datatype: float32
#   unit: mag
#   description: "Secondary eclipse: depth"
#   meta:
#     ucd: src.var.amplitude
# - 
#   name: derived_secondary_ecl_depth_error
#   datatype: float32
#   unit: mag
#   description: "Secondary eclipse: uncertainty of \\texttt{derivedSecondaryEclDepth}"
#   meta:
#     ucd: stat.error;src.var.amplitude
solution_id,source_id,global_ranking,reference_time,frequency,frequency_error,geom_model_reference_level,geom_model_reference_level_error,geom_model_gaussian1_phase,geom_model_gaussian1_phase_error,geom_model_gaussian1_sigma,geom_model_gaussian1_sigma_error,geom_model_gaussian1_depth,geom_model_gaussian1_depth_error,geom_model_gaussian2_phase,geom_model_gaussian2_phase_error,geom_model_gaussian2_sigma,geom_model_gaussian2_sigma_error,geom_model_gaussian2_depth,geom_model_gaussian2_depth_error,geom_model_cosine_half_period_amplitude,geom_model_cosine_half_period_amplitude_error,geom_model_cosine_half_period_phase,geom_model_cosine_half_period_phase_error,model_type,num_model_parameters,reduced_chi2,derived_primary_ecl_phase,derived_primary_ecl_phase_error,derived_primary_ecl_duration,derived_primary_ecl_duration_error,derived_primary_ecl_depth,derived_primary_ecl_depth_error,derived_secondary_ecl_phase,derived_secondary_ecl_phase_error,derived_secondary_ecl_duration,derived_secondary_ecl_duration_error,derived_secondary_ecl_depth,derived_secondary_ecl_depth_error
[from data line 370]
375316653866487564,6025840799918794112,0.6534318,2285.9407834202093,1.0778553717097044,2.7467563E-6,17.443737,0.0024516676,0.21428746,5.339751E-4,0.046003766,5.7781464E-4,0.6883541,0.008813157,0.7169979,0.0023496223,0.053789362,0.004309656,0.108218916,0.009148007,null,null,null,null,"TWOGAUSSIANS",8,3.5404186,0.21428746,5.339751E-4,0.25762108,0.003235762,0.6883525,0.008813227,0.7169979,0.0023496223,0.30122042,0.024134075,0.10821739,0.00914888
375316653866487564,6025841766324824576,0.57685286,2282.8135860799034,1.486607652429127,8.249941E-6,17.492666,0.0024981077,0.27415454,0.0030434409,0.069343954,0.002857889,0.14567097,0.0036065597,0.76924855,0.004550933,0.05956085,0.0028421765,0.27663994,0.009237128,null,null,null,null,"TWOGAUSSIANS",8,2.9381454,0.76924855,0.004550933,0.33354077,0.01591619,0.27645874,0.009195036,0.27415454,0.0030434409,0.38832617,0.016004179,0.14548975,0.003552628
375316653866487564,6025842659638832768,0.4584028,2222.000288541758,2.5748983414271884,2.8694807E-5,19.353294,0.10258853,0.30710307,0.0064396956,0.13468112,0.040931378,0.29135606,0.091304414,0.8101243,0.005122462,0.10273501,0.022545138,0.28527737,0.098913476,null,null,null,null,"TWOGAUSSIANS",8,2.3534484,0.30710307,0.0064339815,0.4,0.0,0.23085,0.02354451,0.8101743,0.0052789175,0.4,0.0,0.22536151,0.015902657
375316653866487564,6025843484311567872,0.5786507,2259.5016814328255,3.309950330325136,8.817958E-6,18.676214,0.006433713,0.15754028,0.0044667143,0.073076375,0.003588249,0.63893753,0.05404199,0.6526372,0.002552498,0.06498314,0.0032180555,0.5274995,0.02613144,null,null,null,null,"TWOGAUSSIANS",8,2.6828897,0.15754028,0.0044667143,0.4,0.0,0.6374843,0.054537617,0.6526372,0.002552498,0.36390558,0.01802111,0.5260463,0.026335027
375316653866487564,6025843552991125888,0.51483893,2259.204295859131,2.002786608261488,1.73924E-5,18.869062,0.007358551,0.16018483,0.0058529247,0.06107324,0.008172576,0.1148075,0.011568891,0.6970392,0.0032004048,0.08680667,0.0045810896,0.22582601,0.012568971,null,null,null,null,"TWOGAUSSIANS",8,1.4727607,0.6970392,0.0032004048,0.4,0.0,0.22536412,0.01245288,0.16018483,0.0058529247,0.34201014,0.045766428,0.11434576,0.011648475
375316653866487564,6025843621750551168,0.5280459,2224.1333416748575,2.32350206660335,2.5270465E-5,19.1002,0.022191843,0.28058097,0.0037854402,0.08611185,0.0105135655,0.35952324,0.036845535,0.77311796,0.010055556,0.09335228,0.012997797,0.3765316,0.02318613,null,null,null,null,"TWOGAUSSIANS",8,2.5643418,0.77311796,0.010055556,0.4,0.0,0.36302215,0.018015502,0.28058097,0.0037854402,0.4,0.0,0.34601423,0.040205285
375316653866487564,6025844064090604928,0.52920943,2294.629272890447,1.3316877736841386,4.280651E-5,18.764648,0.045013513,0.15688595,0.019847566,0.10353976,0.037073366,0.15644927,0.042484388,0.6434583,0.004252035,0.099707805,0.019542957,0.26934114,0.037411295,null,null,null,null,"TWOGAUSSIANS",8,2.3072367,0.6434583,0.004252035,0.4,0.0,0.25267187,0.010281564,0.15688595,0.019855274,0.4,0.0,0.13977906,0.016297756
375316653866487564,6025844308905810560,0.4986421,2237.5913561149077,1.8657739006029113,6.3560816E-5,19.93775,0.011392786,0.20596848,0.010378342,0.048261028,0.010659418,0.75007445,0.24181817,0.71026576,0.023491334,0.06312611,0.019185795,0.13164712,0.038738184,null,null,null,null,"TWOGAUSSIANS",8,1.9917599,0.20596848,0.010378342,0.27026176,0.05969274,0.75005525,0.24196433,0.71026576,0.023491334,0.3535062,0.101949565,0.13162796,0.038744528
375316653866487564,6025845202258692096,0.5260312,2233.941414342737,3.155781277181148,6.0125516E-5,19.863525,0.036245402,0.2720282,0.037862122,0.070752226,0.038374495,0.49114236,0.11578474,0.75578046,0.004220672,0.060844693,0.0062952964,0.6611859,0.079758465,null,null,null,null,"TWOGAUSSIANS",8,3.2667744,0.75578046,0.004220672,0.34073028,0.03525366,0.66067505,0.07666624,0.2720282,0.037862122,0.39621246,0.023249468,0.49063146,0.12156804
375316653866487564,6025846537993533056,0.5236534,2255.2400912077183,1.1033544613306931,1.7038183E-5,17.455135,0.0011938656,0.31401837,0.0023006662,0.048658468,0.0041518477,0.08613385,0.008026304,0.82836074,0.00457251,0.014551923,0.0034492267,0.026052281,0.0021138412,0.026519554,0.0016477054,0.31401837,0.0023006662,"TWOGAUSSIANS_WITH_ELLIPSOIDAL_ON_ECLIPSE1",9,1.8079542,0.31401837,0.0023006662,0.27248743,0.023250347,0.13917279,0.0080141965,0.82836074,0.00457251,0.08149076,0.01931567,0.078661665,0.002038388
375316653866487564,6025847122108840320,0.6540953,2281.625771471241,2.2731050348353232,2.4314656E-6,16.278793,0.0032027643,0.25831363,8.7192416E-4,0.04953628,0.0043118456,0.08918234,0.007304721,0.75763696,0.0012852813,0.04766225,0.0030234065,0.096803084,0.0071103554,0.10664387,0.004084087,0.25831363,8.7192416E-4,"TWOGAUSSIANS_WITH_ELLIPSOIDAL_ON_ECLIPSE1",9,4.071844,0.757827,8.6496637E-4,0.26690862,0.016931076,0.31008738,0.0039593466,0.25831363,8.7192416E-4,0.27740318,0.024146335,0.3024694,0.005038482
375316653866487564,6025847534425827584,0.5592897,2269.0367465821273,3.5991605309376298,1.4702401E-5,18.427738,0.008692156,0.27447346,0.0034842927,0.07659468,0.0050966875,0.28330532,0.01002676,0.78059065,0.0046180813,0.08813221,0.0067257276,0.2552799,0.010366845,null,null,null,null,"TWOGAUSSIANS",8,3.020992,0.27447346,0.0034842927,0.4,0.0,0.2785437,0.009262935,0.78059065,0.0046180813,0.4,0.0,0.25051823,0.009801362
375316653866487564,6025847607440960128,0.5215991,2228.6371998486143,1.9957919691932238,2.9398872E-5,19.621931,0.011088707,0.27467504,0.006007323,0.061324608,0.01025637,0.29213572,0.049940284,0.78996253,0.0076015317,0.071780175,0.0116097955,0.2888901,0.012796322,null,null,null,null,"TWOGAUSSIANS",8,1.3572325,0.27467504,0.006007323,0.34341782,0.057435673,0.2918135,0.050136272,0.78996253,0.0076015317,0.4,0.05196384,0.28856784,0.012686489
375316653866487564,6025847740589288064,0.5041772,2219.9891641522127,0.6382176858938122,9.015834E-5,19.180721,0.010925597,0.37562698,0.08129424,0.055578507,0.09114648,0.018944135,81.3109,0.69433194,0.0064130216,0.06959809,0.011644703,0.37593845,0.13813114,null,null,null,null,"TWOGAUSSIANS",8,2.1513526,0.69433194,0.0064130216,0.38974932,0.03344156,0.3759384,0.13813871,0.37573698,0.082151614,0.31123963,0.45982444,0.018954616,81.31088
375316653866487564,6025848741351745024,0.65597755,2256.077625615547,3.531743923704417,5.820173E-6,16.065777,0.00748599,0.26092714,0.001353179,0.055165175,0.0033125053,0.187797,0.018132722,0.7611188,0.001317819,0.053239867,0.0033493086,0.19360176,0.0146839665,0.10492824,0.0089391405,0.26092714,0.001353179,"TWOGAUSSIANS_WITH_ELLIPSOIDAL_ON_ECLIPSE1",9,11.14592,0.7611188,0.0012227561,0.29814324,0.018756129,0.40344813,0.004757249,0.26092714,0.001353179,0.308925,0.018550029,0.3976437,0.00635429
375316653866487564,6025848878790717568,0.593631,2254.116408452755,2.5394687635121618,5.759638E-6,17.247816,0.0091773635,0.21299082,0.0014954817,0.0350103,0.0034639244,0.28069958,0.023357917,0.7095997,0.001964576,0.047108892,0.0030507003,0.37610146,0.022654904,0.14522006,0.014708573,0.21299082,0.0014954817,"TWOGAUSSIANS_WITH_ELLIPSOIDAL_ON_ECLIPSE1",9,17.643854,0.7099997,0.0016839491,0.2638098,0.017083922,0.6664252,0.015236881,0.21299082,0.0014954817,0.19605768,0.019397978,0.57113945,0.01653547
375316653866487564,6025849909543961344,0.4774068,2226.5460730247783,3.9301544227998715,4.6113455E-5,19.719591,0.045449708,0.3363189,0.0053747525,0.09506411,0.016257795,0.4117929,0.045852445,0.8236109,0.012363448,0.103675455,0.019191489,0.35367993,0.050148394,null,null,null,null,"TWOGAUSSIANS",8,3.6517308,0.3363189,0.0053657717,0.4,0.0,0.38456586,0.050590716,0.8236109,0.012363448,0.4,0.0,0.32644653,0.029392825
375316653866487564,6025849939606020864,0.48618868,2267.698708263635,1.388208571818281,8.192234E-5,18.860584,0.0057673096,0.26134357,0.0036611166,0.033682797,0.005057194,0.2746445,0.03479326,0.7620334,0.0021698065,0.03639145,0.0039266683,0.23793103,0.011975221,null,null,null,null,"TWOGAUSSIANS",8,4.275419,0.26134357,0.0036611166,0.18862365,0.028320285,0.2746445,0.03479326,0.7620334,0.0021698065,0.20379211,0.021989344,0.23793103,0.011975221
375316653866487564,6025850321860452224,0.49051476,2226.979903795417,1.2340135404194827,2.0213238E-5,19.931047,0.0154667515,0.27328864,0.0057814536,0.038922317,0.008676187,0.19615059,0.042391986,0.75884914,0.0038510158,0.033442963,0.0074902843,0.46972296,0.1329245,null,null,null,null,"TWOGAUSSIANS",8,2.3464816,0.75884914,0.0038510158,0.1872806,0.04194559,0.46972296,0.1329245,0.27328864,0.0057814536,0.21796498,0.04858665,0.19615059,0.042391986
375316653866487564,6025851696257153024,0.51249856,2255.2705131330226,1.0973142559756017,4.4676108E-5,18.097343,0.07119607,0.27033985,0.007975126,0.082614414,0.0163411,0.25387952,0.059153702,0.7548433,0.016973333,0.12109704,0.077617034,0.13014914,0.056331463,null,null,null,null,"TWOGAUSSIANS",8,9.650438,0.27035984,0.0079414025,0.4,0.0,0.24061567,0.019612722,0.7548433,0.016973333,0.4,0.0,0.11682667,0.028938994
375316653866487564,6025851902449878912,0.550144,2267.6614100032466,2.629709332811304,1.488004E-5,17.903227,0.009600784,0.23583186,0.0021680545,0.0825764,0.004745793,0.34969944,0.015448934,0.73568386,0.004342694,0.092029005,0.005628193,0.3244002,0.014901915,null,null,null,null,"TWOGAUSSIANS",8,9.990306,0.23583186,0.0021680545,0.4,0.0,0.3386094,0.01663613,0.73568386,0.004342694,0.4,0.0,0.31330988,0.014948427
375316653866487564,6025852069927200896,0.5350275,2244.947465634855,2.4168030845619737,1.0605274E-5,18.956818,0.019582493,0.19395763,0.0038060204,0.07894043,0.0062256227,0.4354447,0.033337593,0.687483,0.0058281096,0.086490035,0.008458943,0.41349512,0.057075005,null,null,null,null,"TWOGAUSSIANS",8,4.865097,0.19395763,0.0038060204,0.4,0.0,0.42764118,0.03335718,0.687483,0.0058281096,0.4,0.0,0.40569153,0.05851843
375316653866487564,6025852383452063744,0.44966298,2228.544398122962,2.024099952245571,6.1488405E-5,19.297033,0.16522317,0.18653484,0.029148128,0.121448,0.058518495,0.34040925,0.14836521,0.6850777,0.0047678133,0.1311727,0.05948677,0.2835068,0.14713684,null,null,null,null,"TWOGAUSSIANS",8,3.1298597,0.18655485,0.029174898,0.4,0.0060559525,0.25478536,0.03340292,0.6850777,0.0047678133,0.4,0.0,0.19762804,0.009469773
375316653866487564,6025852452171522816,0.57887644,2262.209958022194,0.9955098666111246,2.7367272E-5,19.300486,0.002760447,0.20345463,0.0016656569,0.018295022,0.0021587492,0.20958625,0.0629445,0.7089711,2.0507355E-4,0.008427085,2.8952849E-4,0.98867285,0.046565957,null,null,null,null,"TWOGAUSSIANS",8,0.8773131,0.7089711,2.0507355E-4,0.04719168,0.0016213595,0.98867285,0.046565957,0.20345463,0.0016656569,0.10245213,0.012088995,0.20958625,0.0629445
375316653866487564,6025852864488557440,0.44916975,2252.2062961268175,3.4368052807383913,9.4329946E-5,19.781927,0.0293768,0.26958153,0.014851904,0.10799657,0.018031178,0.24937999,0.034326293,0.72405875,0.007799048,0.091695115,0.017557511,0.27770612,0.026472075,null,null,null,null,"TWOGAUSSIANS",8,3.7530973,0.72405875,0.007799048,0.4,0.0,0.26524693,0.018868083,0.26958153,0.01484879,0.4,0.0,0.23688579,0.025766948
375316653866487564,6025852864488596096,0.49785948,2246.2724265209963,2.497575331316728,3.5288587E-5,19.13841,0.01162697,0.28932253,0.002999756,0.07260086,0.0064655403,0.31916502,0.029264763,0.77881044,0.011445596,0.08348682,0.012507717,0.17124826,0.013316762,null,null,null,null,"TWOGAUSSIANS",8,1.7411664,0.28932253,0.002999756,0.4,0.003942594,0.31701097,0.03060388,0.77881044,0.011445596,0.4,0.0,0.16909419,0.011278763
375316653866487564,6025853581739785472,0.6212126,2304.325182287266,2.3041863790011075,1.26851355E-5,17.245335,0.0145316785,0.25356278,0.0023938178,0.056728803,0.0063303784,0.20262171,0.03280077,0.7628318,0.008266538,0.059765566,0.0067134956,0.21705325,0.036977235,0.09649919,0.018522747,0.25356278,0.0023938178,"TWOGAUSSIANS_WITH_ELLIPSOIDAL_ON_ECLIPSE1",9,6.710123,0.7628318,0.008266538,0.33468717,0.037595574,0.40936768,0.016658932,0.25356278,0.0023938178,0.3176813,0.03545012,0.39559004,0.007280758
375316653866487564,6025854616835196160,0.5161743,2243.435141155751,3.2796470988317097,2.8346354E-5,19.380438,0.025730304,0.15811706,0.0055604046,0.07576185,0.009210317,0.47577533,0.03824693,0.65151966,0.002998899,0.070732005,0.0055792676,0.42666045,0.028718863,null,null,null,null,"TWOGAUSSIANS",8,4.0497255,0.15811706,0.0055604046,0.4,0.0069409832,0.4734922,0.038174473,0.65151966,0.002998899,0.39609924,0.021457884,0.42437732,0.027288092
375316653866487564,6025855059206952192,0.583638,2287.787074669439,2.033880900733765,1.0382904E-5,17.785267,0.00665677,0.27271965,0.0025092324,0.08203844,0.0041488837,0.34219855,0.008644483,0.77208316,0.0025044477,0.08749345,0.0028996957,0.34594175,0.0118783,null,null,null,null,"TWOGAUSSIANS",8,4.719131,0.77208316,0.0025044477,0.4,0.0,0.33715332,0.011304803,0.27271965,0.0025092324,0.4,0.0,0.33341017,0.008825874
375316653866487564,6025856094304278528,0.50508076,2264.068613370857,2.6875618381851396,1.9665535E-5,19.56635,0.020231262,0.24510305,0.004966082,0.09729599,0.010647468,0.3891601,0.023331963,0.73804927,0.010777448,0.08919248,0.011817687,0.38567233,0.06380682,null,null,null,null,"TWOGAUSSIANS",8,1.9751911,0.24510305,0.004966082,0.4,0.0,0.36995053,0.025684651,0.73804927,0.010777448,0.4,0.0,0.36646414,0.068973325
375316653866487564,6025856884578421248,0.5411641,2266.3027304950824,2.893729927981716,2.2351773E-5,19.874453,0.00922543,0.21253245,0.0028915275,0.075535625,0.0036201961,0.42449412,0.019576041,0.7145731,0.0075761024,0.06969759,0.012253695,0.53939843,0.16590251,null,null,null,null,"TWOGAUSSIANS",8,1.4051025,0.7145731,0.0075761024,0.39030647,0.024739403,0.5369813,0.16842015,0.21253245,0.0028915275,0.4,0.0,0.42207697,0.019523371
375316653866487564,6025856953297942272,0.4731257,2277.1749935952043,2.6594532356081744,7.1677925E-5,19.597685,0.024476085,0.23668127,0.009724858,0.09650189,0.016543385,0.26030785,0.025816545,0.7293675,0.008897547,0.08474982,0.013167483,0.16898592,0.025206337,null,null,null,null,"TWOGAUSSIANS",8,2.0503092,0.23668127,0.009724858,0.4,0.0,0.2518747,0.021427462,0.7293675,0.008897547,0.4,0.0,0.16055359,0.018134782
375316653866487564,6025859044938516224,0.48885852,2294.0546916369462,2.9244745547361517,3.596697E-5,15.864547,0.03410656,0.25881946,0.0041952226,0.14716955,0.011414923,0.28398767,0.042369187,0.7553515,0.0054622088,0.26639348,0.021533946,0.43441585,0.034326874,null,null,null,null,"TWOGAUSSIANS",8,12.363346,0.7553515,0.0054622088,0.4,0.0,0.08617833,0.0032884404,0.26117948,0.0040229675,0.4,0.0,0.08253812,0.0041913004
375316653866487564,6025859422895612032,0.4996286,2305.586901377957,0.5273212885377255,3.081957E-5,16.588018,0.0016164294,0.6546333,8.526837E-4,0.023699692,0.0015921855,0.26786938,0.0075046597,0.89476526,0.030273164,0.030777154,0.030371895,0.011222058,0.02538681,null,null,null,null,"TWOGAUSSIANS",8,4.5502234,0.6546333,8.526837E-4,0.13271828,0.008916238,0.26786938,0.0075046634,0.89476526,0.030273164,0.17235208,0.17008261,0.011222058,0.02538681
375316653866487564,6025859495918926080,0.58354867,2290.3385707501347,1.9698241154492662,9.551158E-6,18.712337,0.0070809326,0.2788833,0.0014175351,0.079882346,0.0016588868,0.54876095,0.008411747,0.7917217,0.006354181,0.07680269,0.00692606,0.21262997,0.012262614,null,null,null,null,"TWOGAUSSIANS",8,2.318611,0.2788833,0.0014175351,0.4,0.0,0.5455427,0.007544489,0.7917217,0.006354181,0.4,0.0,0.20941176,0.011950004
375316653866487564,6025859903932077184,0.5099328,2300.766508815574,2.4594980287590515,1.9553094E-5,17.555143,0.15659466,0.25821868,0.006715572,0.10693663,0.03798588,0.29130128,0.13141805,0.76341426,0.008245115,0.11236878,0.05506558,0.17193231,0.15223618,null,null,null,null,"TWOGAUSSIANS",8,15.027781,0.25820866,0.0066965534,0.4,0.0,0.26031536,0.023690796,0.7634243,0.008248272,0.4,0.0,0.14093947,0.010986961
