Gaia/vari_eclipsing_binary/VariEclipsingBinary_471277-471302.csv
# %ECSV 1.0
# ---
# delimiter: ','
# meta: !!omap
# - RELEASE: Gaia DR3
# - TABLE: vari_eclipsing_binary
# - DESCRIPTION: >
#     This table describes the properties of the eclipsing binaries resulting from the variability analysis. 
# - CITATION: >
#     How to cite and acknowledge Gaia: 
#     https://gea.esac.esa.int/archive/documentation/credits.html 
# - KNOWN_ISSUES: >
#     Known issues: 
#     https://www.cosmos.esa.int/web/gaia-users/known-issues 
# - DOCUMENTATION: >
#     Tutorials and documentation: 
#     https://www.cosmos.esa.int/web/gaia-users/archive 
# datatype:
# - 
#   name: solution_id
#   datatype: int64
#   description: Solution Identifier
#   meta:
#     ucd: meta.version
# - 
#   name: source_id
#   datatype: int64
#   description: Unique source identifier
#   meta:
#     ucd: meta.id;meta.main
# - 
#   name: global_ranking
#   datatype: float32
#   description: Number between 0 (worst) and 1 (best)
#   meta:
#     ucd: stat.param
# - 
#   name: reference_time
#   datatype: float64
#   unit: d
#   description: Reference time used for the geometric model fit
#   meta:
#     ucd: time.epoch
# - 
#   name: frequency
#   datatype: float64
#   unit: d**-1
#   description: Frequency of geometric model of the eclipsing binary light curve
#   meta:
#     ucd: src.orbital
# - 
#   name: frequency_error
#   datatype: float32
#   unit: d**-1
#   description: "Uncertainty of \\texttt{frequency}"
#   meta:
#     ucd: stat.error
# - 
#   name: geom_model_reference_level
#   datatype: float32
#   unit: mag
#   description: Magnitude reference level of geometric model
#   meta:
#     ucd: phot.mag;em.opt
# - 
#   name: geom_model_reference_level_error
#   datatype: float32
#   unit: mag
#   description: "Uncertainty of \\texttt{geomModelReferenceLevel}"
#   meta:
#     ucd: stat.error;phot.mag;em.opt
# - 
#   name: geom_model_gaussian1_phase
#   datatype: float32
#   description: Phase of the Gaussian 1 component
#   meta:
#     ucd: time.phase
# - 
#   name: geom_model_gaussian1_phase_error
#   datatype: float32
#   description: "Uncertainty of \\texttt{geomModelGaussian1Phase}"
#   meta:
#     ucd: stat.error;time.phase
# - 
#   name: geom_model_gaussian1_sigma
#   datatype: float32
#   description: "Standard deviation [phase] of Gaussian 1 component"
#   meta:
#     ucd: stat.stdev
# - 
#   name: geom_model_gaussian1_sigma_error
#   datatype: float32
#   description: "Uncertainty of \\texttt{geomModelGaussian1Sigma}"
#   meta:
#     ucd: stat.error
# - 
#   name: geom_model_gaussian1_depth
#   datatype: float32
#   unit: mag
#   description: Magnitude depth of Gaussian 1 component
#   meta:
#     ucd: src.var.amplitude
# - 
#   name: geom_model_gaussian1_depth_error
#   datatype: float32
#   unit: mag
#   description: "Uncertainty of \\texttt{geomModelGaussian1Depth}"
#   meta:
#     ucd: stat.error;src.var.amplitude
# - 
#   name: geom_model_gaussian2_phase
#   datatype: float32
#   description: Phase of Gaussian 2 component
#   meta:
#     ucd: time.phase
# - 
#   name: geom_model_gaussian2_phase_error
#   datatype: float32
#   description: "Uncertainty of \\texttt{geomModelGaussian2Phase}"
#   meta:
#     ucd: stat.error;time.phase
# - 
#   name: geom_model_gaussian2_sigma
#   datatype: float32
[...]
#   datatype: float32
#   description: "Secondary eclipse: uncertainty of \\texttt{derivedSecondaryEclDuration}"
#   meta:
#     ucd: stat.error;time.duration
# - 
#   name: derived_secondary_ecl_depth
#   datatype: float32
#   unit: mag
#   description: "Secondary eclipse: depth"
#   meta:
#     ucd: src.var.amplitude
# - 
#   name: derived_secondary_ecl_depth_error
#   datatype: float32
#   unit: mag
#   description: "Secondary eclipse: uncertainty of \\texttt{derivedSecondaryEclDepth}"
#   meta:
#     ucd: stat.error;src.var.amplitude
solution_id,source_id,global_ranking,reference_time,frequency,frequency_error,geom_model_reference_level,geom_model_reference_level_error,geom_model_gaussian1_phase,geom_model_gaussian1_phase_error,geom_model_gaussian1_sigma,geom_model_gaussian1_sigma_error,geom_model_gaussian1_depth,geom_model_gaussian1_depth_error,geom_model_gaussian2_phase,geom_model_gaussian2_phase_error,geom_model_gaussian2_sigma,geom_model_gaussian2_sigma_error,geom_model_gaussian2_depth,geom_model_gaussian2_depth_error,geom_model_cosine_half_period_amplitude,geom_model_cosine_half_period_amplitude_error,geom_model_cosine_half_period_phase,geom_model_cosine_half_period_phase_error,model_type,num_model_parameters,reduced_chi2,derived_primary_ecl_phase,derived_primary_ecl_phase_error,derived_primary_ecl_duration,derived_primary_ecl_duration_error,derived_primary_ecl_depth,derived_primary_ecl_depth_error,derived_secondary_ecl_phase,derived_secondary_ecl_phase_error,derived_secondary_ecl_duration,derived_secondary_ecl_duration_error,derived_secondary_ecl_depth,derived_secondary_ecl_depth_error
[from data line 189]
375316653866487564,4145427328008819072,0.5911145,2285.193842378098,0.050484392609504554,3.7320515E-5,18.906105,0.012474216,0.1792393,0.008938354,0.04525438,0.007889616,1.0495948,1.4229966,0.6952082,0.015031479,0.054150585,0.044199377,0.79332054,1.5229148,null,null,null,null,"TWOGAUSSIANS",8,2.8725402,0.1792393,0.008938354,0.25342453,0.044181854,1.0495923,1.423029,0.6952082,0.015031479,0.30324328,0.107625164,0.79331803,1.5232075
375316653866487564,4145427637300858752,0.5454333,2281.345605611802,1.797532131885735,1.2907847E-5,17.518076,0.0049307435,0.24966969,0.004051337,0.054746386,0.0072828326,0.084462516,0.015810367,0.7506692,0.002301454,0.024635678,0.010160105,0.10775002,0.15112768,0.06363846,0.0060395286,0.24966969,0.004051337,"TWOGAUSSIANS_WITH_ELLIPSOIDAL_ON_ECLIPSE1",9,4.6874795,0.7506692,0.0022935495,0.1379598,0.05689659,0.23501924,0.15841073,0.24966969,0.004051337,0.30657977,0.040783864,0.21173675,0.010590036
375316653866487564,4145427877764438912,0.5338168,2254.0540705253898,0.19445069092800246,4.0524515E-5,19.861986,0.0137017425,0.34107825,0.005739417,0.02772277,0.009282041,0.46257123,0.038149055,0.75564384,0.00948023,0.05244978,0.009473107,0.4420282,0.033972245,null,null,null,null,"TWOGAUSSIANS",8,2.5622883,0.34107825,0.005739417,0.15524751,0.05197943,0.46257123,0.038149055,0.75564384,0.00948023,0.29371879,0.0530494,0.4420282,0.033972245
375316653866487564,4145427907826902016,0.50307006,2254.5786117962984,2.9188799228782933,3.792418E-5,18.508026,0.0043525086,null,null,null,null,null,null,null,null,null,null,null,null,0.0915818,0.0060538636,0.29891768,0.0055825706,"ELLIPSOIDAL",4,4.3155155,null,null,null,null,null,null,null,null,null,null,null,null
375316653866487564,4145428599326432256,0.5679591,2287.478721606727,3.0181770302411484,1.7319622E-5,19.738413,0.008636246,0.23629306,0.028597094,0.045530204,0.024336612,0.30878803,0.019339953,0.6873684,0.007889023,0.079748824,0.0055526304,0.3498624,0.023009378,null,null,null,null,"TWOGAUSSIANS",8,0.6007634,0.6873684,0.007889023,0.4,0.0,0.3498188,0.022927646,0.23629306,0.028597094,0.25496915,0.13628502,0.30874446,0.018974872
375316653866487564,4145429045996838912,0.51989937,2245.4193196295564,2.8658788150528443,2.242526E-5,19.011871,0.02552954,0.26626736,0.0067105773,0.09773587,0.009886596,0.378718,0.025482323,0.7932923,0.0072718584,0.07036677,0.010771426,0.34508824,0.02598972,null,null,null,null,"TWOGAUSSIANS",8,4.7554417,0.26626736,0.0067105773,0.4,0.0,0.37344578,0.020615859,0.7932923,0.007272781,0.39405394,0.032955136,0.3398193,0.023376796
375316653866487564,4145429320928821632,0.5028967,2228.8966274324994,0.18669588764863412,9.727289E-6,19.343851,0.010342552,0.24349235,0.02934993,0.050780553,0.020840824,0.16545357,0.031067217,0.79647535,0.0038190442,0.054873124,0.010727143,0.63143754,0.42978162,null,null,null,null,"TWOGAUSSIANS",8,2.322399,0.79647535,0.0038190442,0.3072895,0.060071997,0.63143677,0.42978373,0.24349235,0.02934993,0.2843711,0.116708614,0.16545284,0.031065855
375316653866487564,4145430076787773568,0.467106,2228.859819830918,0.3809189827225669,5.6012315E-5,19.727198,0.028317997,0.2701808,0.01188338,0.052636296,0.01534145,0.35347503,0.04146042,0.7496728,0.085878834,0.054766294,0.03766989,0.26466665,0.21699333,null,null,null,null,"TWOGAUSSIANS",8,2.047971,0.2701808,0.011882892,0.29476324,0.08591212,0.35347018,0.041469563,0.7496728,0.085878834,0.30669126,0.11512326,0.26466182,0.21690877
375316653866487564,4145430076787812096,0.5118389,2207.1700341867986,1.787161496681478,3.571791E-5,19.126156,0.10484076,0.2726663,0.04218303,0.09155201,0.08878888,0.27655026,0.063917845,0.77107215,0.008039746,0.08329731,0.029981244,0.3111591,0.07945072,null,null,null,null,"TWOGAUSSIANS",8,3.8271916,0.77107215,0.008039746,0.4,0.0,0.3016232,0.033005886,0.2726663,0.04218602,0.4,0.0,0.2670142,0.07125483
375316653866487564,4145430695317684480,0.57526493,2252.5523624502407,2.188380304976854,2.688837E-5,17.21516,0.016534531,0.21259789,0.113238454,0.07961161,0.024196457,0.3720182,0.26386267,0.7075256,0.0046579433,0.08083478,0.008135197,0.39870045,0.0141876945,null,null,null,null,"TWOGAUSSIANS",8,29.982996,0.7075256,0.0046579433,0.4,0.0,0.39326876,0.012790809,0.21259789,0.11324789,0.4,0.040275246,0.3665865,0.25911367
375316653866487564,4145431622980111872,0.5452211,2295.1617086193673,2.6994916113757386,1.912584E-5,19.55511,0.13840057,0.29358098,0.0052309665,0.085412055,0.015619488,0.6365233,0.12830503,0.7835024,0.016006501,0.1039795,0.037797343,0.5281024,0.1473037,null,null,null,null,"TWOGAUSSIANS",8,3.5220635,0.29358098,0.0051679276,0.4,0.0,0.6062035,0.053790417,0.7835024,0.016006501,0.4,0.0,0.49777153,0.07753413
375316653866487564,4145431623030082816,0.68634176,2287.3225162781123,1.725724672907582,2.0160844E-6,13.813164,0.0021715055,0.30963755,9.5773116E-4,0.046508703,0.0057212366,0.09057732,0.019968115,0.81157434,6.502337E-4,0.045274805,0.0025600505,0.09631111,0.003289356,0.060062043,0.0030982592,0.30963755,9.5773116E-4,"TWOGAUSSIANS_WITH_ELLIPSOIDAL_ON_ECLIPSE1",9,6.6324596,0.81157434,6.502337E-4,0.2535389,0.014336282,0.21641731,0.0044571357,0.30963755,9.5773116E-4,0.26044875,0.032038927,0.21070132,0.022254784
375316653866487564,4145431657333422208,0.56024456,2207.1495002410215,1.33101711660399,1.3594214E-4,19.931532,0.028360108,0.11151571,0.06248052,0.02354454,0.029315826,3.4291723,74.71077,0.65228117,0.01219569,0.05892079,0.012529426,0.41866878,0.0965398,null,null,null,null,"TWOGAUSSIANS",8,2.4110348,0.11151571,0.06248052,0.13184942,0.16416861,3.4291723,74.71077,0.65228117,0.01219569,0.3299564,0.070164785,0.41866878,0.09653956
375316653866487564,4145431829132772352,0.4654271,2234.5951143538837,2.755160307550257,2.770865E-5,19.1646,0.40446615,0.22406371,0.008326266,0.2317019,0.0903017,0.58563805,0.39996034,0.7056951,0.013682456,0.13652754,0.023173865,0.4353621,0.24126403,null,null,null,null,"TWOGAUSSIANS",8,2.2306938,0.22538371,0.0072228103,0.4,0.0,0.20664683,0.017914051,0.7056951,0.013682456,0.4,0.0,0.17052783,0.021460142
375316653866487564,4145432241448907520,0.4612895,2236.6090537164105,0.6592939211983728,2.0677331E-5,19.663282,0.04590709,0.2472084,0.0050243842,0.074733816,0.0147232395,0.1994613,0.030687405,0.74308133,0.0132033145,0.13640164,0.077938,0.12533088,0.06547699,null,null,null,null,"TWOGAUSSIANS",8,2.1965666,0.2472284,0.0050218846,0.4,0.017946137,0.18382277,0.016558263,0.74308133,0.0132033145,0.4,0.0,0.109387726,0.081814684
375316653866487564,4145432408957904000,0.5278402,2256.414959147343,0.9334634093155533,6.552018E-5,18.505318,0.0038059587,0.8818936,0.019025272,0.029334476,0.015476561,0.019175448,0.008052438,0.52491844,0.008167126,0.079605795,0.0062468746,0.2386979,0.016901143,null,null,null,null,"TWOGAUSSIANS",8,1.7851194,0.52491844,0.008167126,0.4,0.0,0.2386979,0.016901145,0.8818636,0.019015918,0.16427307,0.086668745,0.01918571,0.008061781
375316653866487564,4145432516327201664,0.5132841,2199.5654893196365,0.6199585344036982,3.6616337E-5,19.70046,0.0047082147,0.23050994,0.0026704557,0.030462459,0.0039056556,0.056440502,0.0043717227,0.62236625,0.0022552302,0.03302821,0.002230189,0.8304381,0.12142116,null,null,null,null,"TWOGAUSSIANS",8,0.82427883,0.62236625,0.0022552302,0.18495798,0.012489059,0.8304381,0.12142116,0.23050994,0.0026704557,0.17058977,0.021871671,0.056440502,0.0043717227
375316653866487564,4145432619407271552,0.5055725,2250.8197533286675,2.953566612990683,2.1079082E-5,18.738203,0.021771617,0.29034784,0.025158212,0.049058206,0.035388928,0.18957685,0.050700992,0.80487406,0.005254961,0.072831795,0.010328026,0.22418875,0.020873424,null,null,null,null,"TWOGAUSSIANS",8,4.451201,0.80487406,0.005254961,0.4,0.010057998,0.2241332,0.019470254,0.29034784,0.025158212,0.27472597,0.17104681,0.1895213,0.052089617
375316653866487564,4145433100499100416,0.55072093,2229.7292058278254,2.313504834497847,1.4593348E-5,19.014462,0.020905169,0.22675933,0.0064863735,0.08181757,0.010033169,0.36234367,0.022178564,0.7093192,0.0071082753,0.087301046,0.008008124,0.38532314,0.027562119,null,null,null,null,"TWOGAUSSIANS",8,2.61637,0.7093192,0.0071082753,0.4,0.0,0.3783895,0.024482856,0.22675933,0.0064863735,0.4,0.0,0.35541013,0.021271378
375316653866487564,4145433478401149952,0.48038816,2216.0436185265485,2.1633487783526575,2.7051961E-5,19.719515,0.03720185,0.26711643,0.03320155,0.05795682,0.034848683,0.3296219,0.081429325,0.79872584,0.0027105156,0.06554607,0.010826891,0.37581575,0.023056703,null,null,null,null,"TWOGAUSSIANS",8,2.4957933,0.79872584,0.0027105156,0.36705804,0.0522958,0.37574887,0.020121414,0.26711643,0.03320155,0.32455817,0.105976745,0.32955506,0.08175497
375316653866487564,4145434096875780864,0.49854848,2289.564193570892,4.04765712254004,3.9211904E-5,19.132793,0.011822764,0.16190428,0.012478693,0.015157495,0.0264493,0.09115481,0.11433212,0.4775324,0.0072509646,0.042116106,0.0054382,0.20057087,0.018342195,0.060556773,0.022326184,0.16190428,0.012478693,"TWOGAUSSIANS_WITH_ELLIPSOIDAL_ON_ECLIPSE1",9,2.754807,0.4828024,0.00618469,0.23585019,0.03045392,0.22149225,0.019764425,0.16190428,0.012478693,0.08488197,0.14811608,0.21226835,0.1251587
375316653866487564,4145434199954702592,0.51533246,2282.8778676170505,2.208244258951766,3.9635208E-5,18.670675,0.00886916,0.32316196,0.008735837,0.06965486,0.009044172,0.47451344,0.022684654,0.80126464,0.008556219,0.0754097,0.0063830917,0.47086293,0.05869141,null,null,null,null,"TWOGAUSSIANS",8,10.311117,0.32316196,0.008735837,0.39006722,0.034560516,0.47305247,0.021904547,0.80126464,0.008556219,0.4,0.0,0.46940196,0.058958575
375316653866487564,4145434440472141568,0.5680388,2252.0457924174084,2.359076014995986,1.2803079E-5,19.157526,0.01836203,0.22345991,0.0049792714,0.08778461,0.0076162065,0.50932246,0.054606576,0.72528774,0.0031045964,0.07576844,0.006925402,0.5410305,0.035941616,null,null,null,null,"TWOGAUSSIANS",8,1.4362019,0.72528774,0.0031045964,0.4,0.0,0.5316023,0.039426364,0.22345991,0.0049792714,0.4,0.0,0.4998942,0.056099307
375316653866487564,4145435471320934656,0.7410212,2251.3448254006685,1.5887386296650152,4.5871175E-6,13.931137,0.004156369,0.23140389,0.0012590935,0.04603883,0.0022921944,0.10096515,0.009138363,0.7290759,0.001034562,0.0422939,8.848154E-4,0.78873944,0.015898049,0.05422219,0.0047673583,0.23140389,0.0012590935,"TWOGAUSSIANS_WITH_ELLIPSOIDAL_ON_ECLIPSE1",9,17.522821,0.7291159,0.0010171362,0.23684584,0.0049549663,0.89716095,0.0129866395,0.23140389,0.0012590935,0.25781745,0.012836288,0.20940943,0.0022015783
375316653866487564,4145435574344862464,0.48772892,2202.6502064458437,0.28227744318769876,4.4761466E-5,19.715883,0.013015472,0.30807403,0.027722856,0.085866965,0.03241961,0.46525672,0.27179497,0.7585733,0.0039484208,0.0379146,0.011623082,0.34279886,0.054083902,null,null,null,null,"TWOGAUSSIANS",8,3.9170291,0.30807403,0.027722856,0.4,0.06929755,0.46521553,0.27185872,0.7585733,0.0039484208,0.21232176,0.065089256,0.34275818,0.054243147
375316653866487564,4145435814863325568,0.45171976,2202.0399249628263,4.822159085473824,3.7069633E-5,19.469694,0.014016832,0.0853244,0.0055472287,0.03388069,0.006323047,0.2023032,0.025665224,0.5854272,0.007395831,0.051384736,0.013713971,0.35376,0.13011767,null,null,null,null,"TWOGAUSSIANS",8,5.222186,0.5854272,0.007395831,0.28775454,0.07679824,0.35375997,0.13011786,0.0853244,0.0055472287,0.18973185,0.035409063,0.20230319,0.02566524
375316653866487564,4145435883583064448,0.5595684,2282.005628167474,0.29828568607647865,3.7073085E-5,19.810266,0.012532089,0.17202835,0.023060378,0.044471737,0.021546118,0.40737656,0.055013843,0.6856324,0.04184886,0.04993661,0.024719607,0.513103,0.12629117,null,null,null,null,"TWOGAUSSIANS",8,1.6681803,0.6856324,0.04184886,0.27964503,0.1384298,0.51310265,0.12629956,0.17202835,0.023060378,0.24904172,0.12065826,0.4073762,0.05503658
375316653866487564,4145435883637883264,0.5981553,2253.9105338210347,2.726148230145744,9.649451E-6,15.25451,0.024669861,0.25874063,0.003100834,0.047512013,0.006126406,0.53192323,0.07659811,0.76034313,0.0038455394,0.056549694,0.0061300383,0.5951257,0.054830987,0.069200315,0.030208634,0.25874063,0.003100834,"TWOGAUSSIANS_WITH_ELLIPSOIDAL_ON_ECLIPSE1",9,261.3462,0.76034313,0.0038054516,0.3166783,0.034328215,0.73348206,0.04364809,0.25874063,0.003100834,0.26606727,0.034307875,0.6702936,0.0796857
375316653866487564,4145436772647455744,0.5110007,2246.2320221812984,2.342423452821327,3.222842E-5,17.367466,1.2840741,0.19636606,0.012377386,0.13494532,0.09406887,0.34757704,0.9820992,0.7080656,0.008785372,0.15121572,0.17308165,0.36050364,1.2381113,null,null,null,null,"TWOGAUSSIANS",8,13.157517,0.7084556,0.0065604234,0.4,0.0,0.21827878,0.019096075,0.19548605,0.0075224927,0.4,0.0,0.20773442,0.021234958
375316653866487564,4145436914375947648,0.48581314,2238.900868334811,1.3056020571462257,1.9965846E-5,19.117388,0.019126562,0.3457651,0.012542056,0.09724658,0.015425445,0.13774595,0.02759928,0.85121644,0.0076019657,0.083140515,0.014251607,0.17520975,0.019826937,null,null,null,null,"TWOGAUSSIANS",8,1.4054862,0.85121644,0.0076019657,0.4,0.0,0.16917339,0.017133141,0.3457651,0.012542056,0.4,0.0,0.13170908,0.024898648
375316653866487564,4145437803436943360,0.49448,2282.1825042802316,2.231063002935092,4.8209095E-5,18.510439,0.02265673,0.122328326,0.015017952,0.0790584,0.03360954,0.12690602,0.016081162,0.6331784,0.018644191,0.08782213,0.017283527,0.25749877,0.027865192,null,null,null,null,"TWOGAUSSIANS",8,3.2661328,0.6331784,0.018644191,0.4,0.0,0.25412244,0.021359622,0.122328326,0.015017952,0.4,0.0020460356,0.12352976,0.012549492
375316653866487564,4145437945169244672,0.48580596,2128.17359126205,3.544426897685343,6.914027E-5,19.482887,0.045134168,0.29955232,0.029401239,0.16024087,0.058435008,0.19735809,0.040422574,0.7067829,0.0071456707,0.028945932,0.008377194,0.119614586,0.03254854,null,null,null,null,"TWOGAUSSIANS",8,1.6365179,0.29955232,0.029401239,0.4,0.0,0.19409,0.029930942,0.7067829,0.0071456707,0.16209722,0.04691229,0.124369934,0.03700351
375316653866487564,4145438735441817344,0.5532445,2273.500799943034,1.2915706777918667,3.0051626E-5,18.863462,0.016728811,0.26522928,0.005993984,0.09354003,0.007869881,0.3723974,0.029991463,0.7603064,0.0058722305,0.08105702,0.009422312,0.2839628,0.039889913,null,null,null,null,"TWOGAUSSIANS",8,2.2863598,0.26522928,0.005993984,0.4,0.0,0.3623945,0.029516349,0.7603064,0.0058722305,0.4,0.0,0.27396038,0.04216607
375316653866487564,4145438872935197312,0.4421079,2222.5814954283637,0.23586138288382189,3.088337E-5,19.575642,0.014340191,0.3933894,0.02576232,0.11238097,0.02351399,0.26769528,0.049900167,0.86759585,0.004439354,0.038771562,0.0105475215,0.30995288,0.12778205,null,null,null,null,"TWOGAUSSIANS",8,2.5844867,0.86759585,0.004439354,0.21712075,0.05906612,0.30884978,0.12880431,0.3933894,0.02576232,0.4,0.0,0.26655102,0.052436423
375316653866487564,4145439143470676736,0.49019906,2210.031767947204,4.785112384208781,7.3486226E-5,17.689543,0.005102392,0.7320784,0.024920827,0.043855973,0.037450112,0.04161255,0.024897771,0.43908998,0.011926345,0.12793592,0.015718274,0.20713805,0.01988066,null,null,null,null,"TWOGAUSSIANS",8,6.9448743,0.43908998,0.011944855,0.4,0.0,0.20693766,0.02036941,0.7150984,0.26337847,0.24559344,0.1648469,0.058617827,0.13618363
375316653866487564,4145439216478925440,0.47014412,2330.2573753901897,0.5072501890537001,5.8377012E-5,18.601778,0.007852957,0.5005438,0.008553715,0.1252378,0.014077798,0.24794525,0.046721883,0.8571025,0.007224526,0.029293226,0.017839566,0.06427406,0.03126827,null,null,null,null,"TWOGAUSSIANS",8,3.4120545,0.5005438,0.008553715,0.4,0.0,0.24777338,0.04702221,0.8571025,0.007224526,0.16404207,0.099901564,0.06841011,0.03029619
