Gaia/vari_eclipsing_binary/VariEclipsingBinary_508014-508122.csv
# %ECSV 1.0
# ---
# delimiter: ','
# meta: !!omap
# - RELEASE: Gaia DR3
# - TABLE: vari_eclipsing_binary
# - DESCRIPTION: >
#     This table describes the properties of the eclipsing binaries resulting from the variability analysis. 
# - CITATION: >
#     How to cite and acknowledge Gaia: 
#     https://gea.esac.esa.int/archive/documentation/credits.html 
# - KNOWN_ISSUES: >
#     Known issues: 
#     https://www.cosmos.esa.int/web/gaia-users/known-issues 
# - DOCUMENTATION: >
#     Tutorials and documentation: 
#     https://www.cosmos.esa.int/web/gaia-users/archive 
# datatype:
# - 
#   name: solution_id
#   datatype: int64
#   description: Solution Identifier
#   meta:
#     ucd: meta.version
# - 
#   name: source_id
#   datatype: int64
#   description: Unique source identifier
#   meta:
#     ucd: meta.id;meta.main
# - 
#   name: global_ranking
#   datatype: float32
#   description: Number between 0 (worst) and 1 (best)
#   meta:
#     ucd: stat.param
# - 
#   name: reference_time
#   datatype: float64
#   unit: d
#   description: Reference time used for the geometric model fit
#   meta:
#     ucd: time.epoch
# - 
#   name: frequency
#   datatype: float64
#   unit: d**-1
#   description: Frequency of geometric model of the eclipsing binary light curve
#   meta:
#     ucd: src.orbital
# - 
#   name: frequency_error
#   datatype: float32
#   unit: d**-1
#   description: "Uncertainty of \\texttt{frequency}"
#   meta:
#     ucd: stat.error
# - 
#   name: geom_model_reference_level
#   datatype: float32
#   unit: mag
#   description: Magnitude reference level of geometric model
#   meta:
#     ucd: phot.mag;em.opt
# - 
#   name: geom_model_reference_level_error
#   datatype: float32
#   unit: mag
#   description: "Uncertainty of \\texttt{geomModelReferenceLevel}"
#   meta:
#     ucd: stat.error;phot.mag;em.opt
# - 
#   name: geom_model_gaussian1_phase
#   datatype: float32
#   description: Phase of the Gaussian 1 component
#   meta:
#     ucd: time.phase
# - 
#   name: geom_model_gaussian1_phase_error
#   datatype: float32
#   description: "Uncertainty of \\texttt{geomModelGaussian1Phase}"
#   meta:
#     ucd: stat.error;time.phase
# - 
#   name: geom_model_gaussian1_sigma
#   datatype: float32
#   description: "Standard deviation [phase] of Gaussian 1 component"
#   meta:
#     ucd: stat.stdev
# - 
#   name: geom_model_gaussian1_sigma_error
#   datatype: float32
#   description: "Uncertainty of \\texttt{geomModelGaussian1Sigma}"
#   meta:
#     ucd: stat.error
# - 
#   name: geom_model_gaussian1_depth
#   datatype: float32
#   unit: mag
#   description: Magnitude depth of Gaussian 1 component
#   meta:
#     ucd: src.var.amplitude
# - 
#   name: geom_model_gaussian1_depth_error
#   datatype: float32
#   unit: mag
#   description: "Uncertainty of \\texttt{geomModelGaussian1Depth}"
#   meta:
#     ucd: stat.error;src.var.amplitude
# - 
#   name: geom_model_gaussian2_phase
#   datatype: float32
#   description: Phase of Gaussian 2 component
#   meta:
#     ucd: time.phase
# - 
#   name: geom_model_gaussian2_phase_error
#   datatype: float32
#   description: "Uncertainty of \\texttt{geomModelGaussian2Phase}"
#   meta:
#     ucd: stat.error;time.phase
# - 
#   name: geom_model_gaussian2_sigma
#   datatype: float32
[...]
#   datatype: float32
#   description: "Secondary eclipse: uncertainty of \\texttt{derivedSecondaryEclDuration}"
#   meta:
#     ucd: stat.error;time.duration
# - 
#   name: derived_secondary_ecl_depth
#   datatype: float32
#   unit: mag
#   description: "Secondary eclipse: depth"
#   meta:
#     ucd: src.var.amplitude
# - 
#   name: derived_secondary_ecl_depth_error
#   datatype: float32
#   unit: mag
#   description: "Secondary eclipse: uncertainty of \\texttt{derivedSecondaryEclDepth}"
#   meta:
#     ucd: stat.error;src.var.amplitude
solution_id,source_id,global_ranking,reference_time,frequency,frequency_error,geom_model_reference_level,geom_model_reference_level_error,geom_model_gaussian1_phase,geom_model_gaussian1_phase_error,geom_model_gaussian1_sigma,geom_model_gaussian1_sigma_error,geom_model_gaussian1_depth,geom_model_gaussian1_depth_error,geom_model_gaussian2_phase,geom_model_gaussian2_phase_error,geom_model_gaussian2_sigma,geom_model_gaussian2_sigma_error,geom_model_gaussian2_depth,geom_model_gaussian2_depth_error,geom_model_cosine_half_period_amplitude,geom_model_cosine_half_period_amplitude_error,geom_model_cosine_half_period_phase,geom_model_cosine_half_period_phase_error,model_type,num_model_parameters,reduced_chi2,derived_primary_ecl_phase,derived_primary_ecl_phase_error,derived_primary_ecl_duration,derived_primary_ecl_duration_error,derived_primary_ecl_depth,derived_primary_ecl_depth_error,derived_secondary_ecl_phase,derived_secondary_ecl_phase_error,derived_secondary_ecl_duration,derived_secondary_ecl_duration_error,derived_secondary_ecl_depth,derived_secondary_ecl_depth_error
[from data line 221]
375316653866487564,4468889630128551552,0.47525856,2258.6550790505203,2.9992952713771053,1.8289335E-5,19.35099,0.37940228,0.22759144,0.005314964,0.2451992,0.1250618,0.48836324,0.37315392,0.7171235,0.009314535,0.11161878,0.035388194,0.37113658,0.1743095,null,null,null,null,"TWOGAUSSIANS",8,1.2856222,0.7171235,0.009314535,0.4,0.0,0.19155481,0.0113181025,0.22766143,0.005283743,0.4,0.0,0.18656968,0.011915169
375316653866487564,4468889763270258944,0.4066576,2310.3479881292283,1.8606117517992928,2.1047614E-5,19.011284,0.014450168,0.8025133,0.0057734507,0.03662842,0.0049204715,0.3896463,0.057204254,null,null,null,null,null,null,0.06959223,0.025455847,0.8025133,0.0057734507,"ONEGAUSSIAN_WITH_ELLIPSOIDAL",6,22.152386,0.8025133,0.0057734507,0.20511916,0.02755464,0.52883077,0.04699664,null,null,null,null,null,null
375316653866487564,4468890313026306304,0.507365,2276.407829163642,0.25591533466655986,1.7674878E-5,18.241652,0.038155884,0.31154922,0.006693941,0.068836644,0.011031464,0.243318,0.036452673,0.794833,0.0053907726,0.10229474,0.022636592,0.22647431,0.024245903,null,null,null,null,"TWOGAUSSIANS",8,5.867943,0.31154922,0.0067192093,0.3854852,0.047618993,0.2385444,0.02519946,0.794833,0.0053907726,0.4,0.0,0.22169682,0.013497235
375316653866487564,4468891691715976064,0.60363567,2266.3547746746513,2.268300754326261,1.02768245E-5,15.089666,0.019192677,0.28793508,0.010902432,0.09371883,0.016472867,0.19816689,0.01769762,0.79143476,0.004326792,0.09128419,0.008819037,0.3409353,0.01574834,null,null,null,null,"TWOGAUSSIANS",8,34.2491,0.79143476,0.004326792,0.4,0.0,0.3282542,0.008602966,0.28793508,0.010902432,0.4,0.0,0.18548575,0.015398179
375316653866487564,4468892718207398528,0.5256758,2309.703329322524,0.2587610035323444,1.4572917E-5,18.000462,0.0039335415,0.22810231,0.0035233118,0.020205708,0.003929705,0.051476825,0.018844737,0.7128614,0.008074159,0.061308093,0.0041485117,0.40763888,0.008065503,null,null,null,null,"TWOGAUSSIANS",8,6.859525,0.7128614,0.008074159,0.34332532,0.023231667,0.40763888,0.008065505,0.22810231,0.0035233118,0.11315197,0.022006348,0.05147682,0.018844739
375316653866487564,4468894818452187776,0.6365346,2273.643268920363,0.4840753512446965,8.091783E-5,16.19985,8.1969023E-4,0.3001653,0.0051432196,0.049055412,0.0034178523,0.27387172,0.014290205,null,null,null,null,null,null,null,null,null,null,"ONEGAUSSIAN",5,2.8823836,0.3001653,0.0051432196,0.27471033,0.019139973,0.27387172,0.0,null,null,null,null,null,null
375316653866487564,4468895363910030848,0.5425436,2276.4759602267436,1.575644618174668,1.0147332E-4,19.398684,0.0183577,0.20642984,0.013844304,0.036274396,0.010592087,1.324106,0.51520485,0.705179,0.026658682,0.05418459,0.020259084,0.33071417,0.04393115,null,null,null,null,"TWOGAUSSIANS",8,6.0025887,0.20642984,0.013844304,0.20313662,0.05931569,1.3241057,0.51521033,0.705179,0.026658682,0.3034337,0.11345087,0.33071393,0.04393406
375316653866487564,4468898323145615616,0.47279066,2314.949777083495,0.37795689364938956,4.1118292E-5,15.087567,0.0034431713,0.2954418,0.005540587,0.056765795,0.004961864,0.23998255,0.027470212,0.7489818,0.008000165,0.03309319,0.0029853035,0.3263806,0.08726339,null,null,null,null,"TWOGAUSSIANS",8,25.137312,0.7489818,0.008000165,0.18532188,0.0167177,0.32638058,0.08726339,0.2954418,0.005540587,0.31788844,0.027786437,0.23998255,0.027470222
375316653866487564,4468899869327650560,0.56891584,2277.0008207376354,3.538355410255927,3.9128154E-6,18.27016,0.017794136,0.24533665,0.0037269453,0.034245055,0.010073813,0.3910904,0.18697605,0.73976785,0.0013417322,0.049904715,0.0043173363,0.35452825,0.04488688,0.073032305,0.025816081,0.24533665,0.0037269453,"TWOGAUSSIANS_WITH_ELLIPSOIDAL_ON_ECLIPSE1",9,6.4442563,0.24533665,0.0037269453,0.19177231,0.05641335,0.5371536,0.19648881,0.7401878,0.0011622602,0.27946642,0.024177084,0.50042605,0.025795868
375316653866487564,4468901857898430464,0.52299786,2314.860749133645,3.8331095103047272,1.2990738E-5,19.245712,0.0038345652,null,null,null,null,null,null,null,null,null,null,null,null,0.12021708,0.0065398263,0.25491256,0.0033060312,"ELLIPSOIDAL",4,1.4176178,null,null,null,null,null,null,null,null,null,null,null,null
375316653866487564,4468902411956875136,0.4422862,2281.15927957317,0.6231391232886837,3.9033104E-5,18.789865,0.11209671,0.28826258,0.010644605,0.11483926,0.11724019,0.29556084,0.03539511,0.6490374,0.026578961,0.09272513,0.012311915,0.28217068,0.052480344,null,null,null,null,"TWOGAUSSIANS",8,3.5521607,0.28854257,0.010493823,0.4,0.0,0.29068884,0.095764704,0.6490374,0.026578961,0.4,0.0,0.27927807,0.04610252
375316653866487564,4468902751254690560,0.4921666,2313.4852304810925,1.3521636405732698,6.583454E-5,16.798656,0.002760676,0.29411718,0.012881114,0.046585713,0.0148404995,0.053081337,0.007460026,0.73953664,0.004100383,0.07994736,0.004485915,0.13930033,0.016404606,null,null,null,null,"TWOGAUSSIANS",8,7.168917,0.73953664,0.004100383,0.4,0.0,0.13928764,0.016413901,0.29411718,0.012881114,0.26088,0.0831068,0.053068668,0.0075031845
375316653866487564,4468906466400547328,0.52806914,2290.6258715120184,4.376682885582894,2.3888751E-5,19.856092,0.017014677,0.297628,0.00866812,0.07452359,0.005210821,0.5897775,0.058311637,0.78987324,0.0111949695,0.058702283,0.01741396,0.6025017,0.1412691,null,null,null,null,"TWOGAUSSIANS",8,2.5369692,0.78987324,0.0111949695,0.3287328,0.07145118,0.6016732,0.14507252,0.297628,0.00866812,0.4,0.0,0.588949,0.058114894
375316653866487564,4468906496466616320,0.6022386,2288.9844326462876,3.4407218749325192,7.0455903E-6,16.232874,0.008761873,0.22222087,0.0027949214,0.045799896,0.012874765,0.121102914,0.022231445,0.72312915,0.0016307681,0.054719575,0.0055037965,0.12555346,0.020699214,0.04729149,0.013267167,0.22222087,0.0027949214,"TWOGAUSSIANS_WITH_ELLIPSOIDAL_ON_ECLIPSE1",9,6.097662,0.72312915,0.0015313682,0.30642962,0.03082126,0.2201296,0.0075085773,0.22222087,0.0027949214,0.2564794,0.07209869,0.21568213,0.031922814
375316653866487564,4468908180094732416,0.5675934,2285.4698787230864,3.3667010688912336,1.8296983E-5,19.215551,0.0116199935,0.23068227,0.008291315,0.07939147,0.008451462,0.3652729,0.023668814,0.7371464,0.004078857,0.084385514,0.00446472,0.4188623,0.014193945,null,null,null,null,"TWOGAUSSIANS",8,1.1390703,0.7371464,0.004078857,0.4,0.0,0.41229296,0.012540188,0.23068227,0.008291315,0.4,0.0,0.3587036,0.025579888
375316653866487564,4468909520121295104,0.48337182,2309.4604223662727,0.45439286318362887,3.9806466E-5,15.85941,0.004524419,0.5983604,0.032950398,0.05150234,0.024722286,0.29577017,0.18812077,null,null,null,null,null,null,null,null,null,null,"ONEGAUSSIAN",5,79.88956,0.5983604,0.032950398,0.2884131,0.1384448,0.29577017,0.0,null,null,null,null,null,null
375316653866487564,4468912616797663104,0.61265737,2317.4150819553233,1.8191631931746248,1.513993E-5,16.426962,0.017739384,0.18838087,0.0030369086,0.097123034,0.007084835,0.29022124,0.016196772,0.6949623,0.0035493807,0.119252644,0.010565172,0.18648961,0.016872661,null,null,null,null,"TWOGAUSSIANS",8,4.2407436,0.18837087,0.0030355835,0.4,0.0,0.26140976,0.0060392427,0.6949623,0.0035493807,0.4,0.0,0.15762097,0.0058698133
375316653866487564,4468915017679859328,0.5852003,2281.7171117848357,3.982387969716329,1.2340397E-5,17.801529,0.010227567,0.19436897,0.0022026994,0.07940577,0.003089007,0.42032152,0.011038173,0.6933384,0.0025971478,0.08040812,0.009930885,0.44860953,0.041916378,null,null,null,null,"TWOGAUSSIANS",8,6.8208904,0.6933384,0.0025971478,0.4,0.0017921255,0.44223362,0.04508255,0.19436897,0.0022026994,0.4,0.0,0.41394562,0.009471026
375316653866487564,4468915503017560064,0.4706001,2265.974475231437,3.737225741302915,3.8607766E-5,19.580282,0.014067866,0.30076975,0.0109303305,0.07481685,0.012952523,0.19491002,0.034406625,0.7605457,0.0078087286,0.09074579,0.011387219,0.26926708,0.018153718,null,null,null,null,"TWOGAUSSIANS",8,2.8546839,0.7605457,0.0078087286,0.4,0.0,0.26700878,0.017745735,0.30076975,0.0109303305,0.4,0.021757353,0.19265242,0.034642033
375316653866487564,4468916014112525952,0.5991136,2330.8476987272074,2.5002269627709106,8.736718E-6,16.54491,0.009370869,0.13948634,0.0030509806,0.094812974,0.004731221,0.28424823,0.010723299,0.64072734,9.211786E-4,0.092716455,0.0051746555,0.25945812,0.0086574005,null,null,null,null,"TWOGAUSSIANS",8,6.022046,0.13948634,0.0030509806,0.4,0.0,0.26898268,0.009865717,0.64072734,9.211786E-4,0.4,0.0,0.24419284,0.00954555
375316653866487564,4468916426429441664,0.59040076,2288.0052635435645,3.0674564284644106,1.5288253E-5,18.283365,0.004664449,0.25642002,0.0072148168,0.079732016,0.0045081982,0.3053517,0.031048782,0.747129,0.0025550968,0.0692571,0.002615579,0.5192423,0.014710958,null,null,null,null,"TWOGAUSSIANS",8,5.1801596,0.747129,0.0025550968,0.3878398,0.014647243,0.51699144,0.01477686,0.25642002,0.0072148168,0.4,0.0,0.30310085,0.030989677
375316653866487564,4468917495879685760,0.52895814,2229.268273113663,2.4772924661226505,2.8205703E-5,17.03716,0.008591629,0.26291808,0.01213781,0.09597046,0.016767329,0.0878527,0.008174108,0.7835896,0.0066237897,0.0869803,0.014783471,0.09185863,0.007852275,null,null,null,null,"TWOGAUSSIANS",8,3.592493,0.7835896,0.0066235145,0.4,0.0,0.08873634,0.0072585125,0.26291808,0.01213781,0.4,0.0,0.08473006,0.0041484213
375316653866487564,4468918900330557312,0.4649953,2252.6252076322876,0.10654223787741106,2.9017761E-5,17.381613,0.0059033018,0.2855791,0.009941899,0.12068776,0.02424111,0.06752981,0.007543704,0.83093137,0.0063662576,0.052516043,0.014784487,0.089792,0.04108228,null,null,null,null,"TWOGAUSSIANS",8,2.5255115,0.8309814,0.0063681407,0.29408982,0.082793124,0.08890717,0.041699734,0.2855791,0.009941899,0.4,0.0,0.06658649,0.007979708
375316653866487564,4468920137281427328,0.5023265,2215.20580364528,3.4866980622658654,4.330602E-5,19.261887,0.032721024,0.30885255,0.009256997,0.07463715,0.016656186,0.29650474,0.021741174,0.7955423,0.014395515,0.07110768,0.026141671,0.42733556,0.08099667,null,null,null,null,"TWOGAUSSIANS",8,5.626828,0.7955423,0.014395515,0.398203,0.090233825,0.4259031,0.08890243,0.30885255,0.009256997,0.4,0.017061075,0.2950723,0.017794687
375316653866487564,4468922989139881984,0.47318318,2260.2352593244677,3.3736886701540185,6.822621E-5,18.645018,0.19272411,0.30404517,0.008898729,0.11317805,0.045261957,0.31287608,0.17530322,0.8038033,0.012922023,0.11677945,0.06261635,0.27067125,0.17597121,null,null,null,null,"TWOGAUSSIANS",8,6.7549615,0.30404517,0.008882253,0.4,0.0,0.25843823,0.019360421,0.8038033,0.012920409,0.4,0.0,0.21621297,0.031437904
375316653866487564,4468923714987564544,0.45825166,2178.058540436897,0.2607184797405445,9.1760885E-5,17.78391,0.0057235593,0.22617416,0.029033111,0.07384805,0.015733566,0.13233769,0.10464115,0.7914331,0.014897977,0.06669967,0.019618228,0.15210222,0.059774805,null,null,null,null,"TWOGAUSSIANS",8,6.8781767,0.7914331,0.014897977,0.37351817,0.090222314,0.15201545,0.059977263,0.22617416,0.029033111,0.4,0.046687994,0.13225092,0.104793854
375316653866487564,4468925600479245696,0.5470731,2322.6421497413185,3.8349296924696374,7.5959666E-5,17.34481,0.0037118874,0.5654078,0.028604206,0.055447422,0.04097893,0.17811033,2.54977573E11,0.88826305,0.0021078745,0.026982488,0.0018638124,0.4581911,0.035787094,null,null,null,null,"TWOGAUSSIANS",8,13.52224,0.88826305,0.0021078745,0.15110193,0.01043735,0.45819113,0.03578709,0.5654078,0.028604206,0.31050557,0.22948202,0.17811033,2.54977573E11
375316653866487564,4468925978435400320,0.54132676,2316.7854348536284,1.9892064567296708,3.5936373E-5,17.726389,0.006848008,0.22113825,0.006713263,0.101856925,0.011464048,0.09506051,0.00796076,0.71437687,0.0049969717,0.066596,0.0066172625,0.22974591,0.010904955,null,null,null,null,"TWOGAUSSIANS",8,5.066885,0.71437687,0.0049969717,0.3729376,0.033986904,0.2269601,0.010656865,0.22113825,0.006713263,0.4,0.0,0.09227353,0.0073311697
375316653866487564,4468926803068904704,0.51389456,2268.080153320727,2.634568931725637,3.7534006E-5,17.226486,0.061790574,0.28624645,0.008897819,0.104686566,0.023080092,0.36482397,0.05722094,0.79947895,0.00806332,0.09779893,0.019506449,0.3303812,0.06053019,null,null,null,null,"TWOGAUSSIANS",8,49.486187,0.28624645,0.00889691,0.4,0.0,0.3368365,0.02943722,0.79948896,0.008068294,0.4,0.0,0.30240157,0.025843695
375316653866487564,4468928864653455232,0.5332175,2346.9391436991955,3.0745530468442404,1.6898977E-5,15.40246,0.0034899483,0.2204927,0.004264107,0.014663677,0.0070667737,0.018518982,0.0077283527,0.723016,0.0038985375,0.036629863,0.020108333,0.02324653,0.048922595,0.04733881,0.005116951,0.723016,0.0038985375,"TWOGAUSSIANS_WITH_ELLIPSOIDAL_ON_ECLIPSE2",9,21.34655,0.723016,0.0038985375,0.20512724,0.11260667,0.11792415,0.049287304,0.22069271,0.003817808,0.08211659,0.039573934,0.1131747,0.0049524023
375316653866487564,4468930067244069248,0.450384,2290.6240104793465,2.7543189777105956,3.4348996E-5,19.494768,0.028585097,0.24955127,0.010316308,0.062286947,0.012162004,0.46824083,0.054684985,0.79016465,0.045230214,0.059527565,0.05050525,0.40934238,0.1465007,null,null,null,null,"TWOGAUSSIANS",8,11.662107,0.24955127,0.010316308,0.34880692,0.068107225,0.46819448,0.052785844,0.79016465,0.045230214,0.33335435,0.101923466,0.40929607,0.15693718
375316653866487564,4468931308493916928,0.42884007,2354.457379596464,0.06515055155003459,2.591426E-5,15.347173,0.0025875547,0.32109392,0.019162277,0.06088112,0.016985284,0.024198491,0.014771748,0.8089569,0.008476583,0.060094543,0.012613708,0.040535934,0.010946928,null,null,null,null,"TWOGAUSSIANS",8,9.868492,0.8089569,0.008476583,0.33652943,0.070636764,0.04052792,0.010955926,0.32109392,0.019162277,0.34093425,0.095117584,0.02419048,0.014775936
375316653866487564,4468932442366740352,0.6551376,2304.7004920031723,2.666659188298841,9.106056E-6,14.6507635,0.052164443,0.30762076,0.0042516617,0.05615218,0.01798563,0.3121985,0.09109989,0.80965555,0.0015273636,0.07096911,0.0113566555,0.3596252,0.09990165,0.08665255,0.05435716,0.80965555,0.0015273636,"TWOGAUSSIANS_WITH_ELLIPSOIDAL_ON_ECLIPSE2",9,79.1025,0.80965555,0.0015273636,0.39742702,0.054739904,0.53223026,0.014287921,0.30787078,0.0038914895,0.3144522,0.100719534,0.48477864,0.068363756
375316653866487564,4468933262699893248,0.55577224,2343.430784645973,3.0959356545619428,1.4397438E-5,19.207956,0.029973546,0.26514596,0.0033241215,0.075718276,0.006916098,0.77483606,0.07313846,0.77052486,0.0123191355,0.079308264,0.013847507,0.43117538,0.089490026,null,null,null,null,"TWOGAUSSIANS",8,5.2058387,0.26514596,0.0033241215,0.4,0.0,0.76921284,0.07493247,0.77052486,0.0123191355,0.4,0.007047259,0.42555216,0.09062876
375316653866487564,4468944979372843776,0.51587,2235.961858334934,3.8879843467771016,3.8358186E-5,18.196016,0.0108444225,0.29346654,0.006326629,0.08630018,0.008777502,0.17847833,0.012223251,0.785498,0.011461876,0.07046245,0.010583784,0.1520443,0.013005979,null,null,null,null,"TWOGAUSSIANS",8,4.159382,0.29346654,0.006326629,0.4,0.0,0.17674413,0.010694007,0.785498,0.011461876,0.39458972,0.02396422,0.15031011,0.010799454
375316653866487564,4468945082452113152,0.51444143,2251.675941942286,0.697098583854392,3.839564E-5,17.101616,0.0026736942,0.23329934,0.011274904,0.061739143,0.009778567,0.12275089,0.020875446,0.7306303,0.01006489,0.08308065,0.015201929,0.08871846,0.030631715,null,null,null,null,"TWOGAUSSIANS",8,3.6353395,0.23329934,0.011274904,0.3457392,0.05475997,0.12226512,0.021247735,0.7306303,0.01006489,0.4,0.0,0.08823268,0.031232186
