Gaia/vari_eclipsing_binary/VariEclipsingBinary_606676-606705.csv
# %ECSV 1.0
# ---
# delimiter: ','
# meta: !!omap
# - RELEASE: Gaia DR3
# - TABLE: vari_eclipsing_binary
# - DESCRIPTION: >
#     This table describes the properties of the eclipsing binaries resulting from the variability analysis. 
# - CITATION: >
#     How to cite and acknowledge Gaia: 
#     https://gea.esac.esa.int/archive/documentation/credits.html 
# - KNOWN_ISSUES: >
#     Known issues: 
#     https://www.cosmos.esa.int/web/gaia-users/known-issues 
# - DOCUMENTATION: >
#     Tutorials and documentation: 
#     https://www.cosmos.esa.int/web/gaia-users/archive 
# datatype:
# - 
#   name: solution_id
#   datatype: int64
#   description: Solution Identifier
#   meta:
#     ucd: meta.version
# - 
#   name: source_id
#   datatype: int64
#   description: Unique source identifier
#   meta:
#     ucd: meta.id;meta.main
# - 
#   name: global_ranking
#   datatype: float32
#   description: Number between 0 (worst) and 1 (best)
#   meta:
#     ucd: stat.param
# - 
#   name: reference_time
#   datatype: float64
#   unit: d
#   description: Reference time used for the geometric model fit
#   meta:
#     ucd: time.epoch
# - 
#   name: frequency
#   datatype: float64
#   unit: d**-1
#   description: Frequency of geometric model of the eclipsing binary light curve
#   meta:
#     ucd: src.orbital
# - 
#   name: frequency_error
#   datatype: float32
#   unit: d**-1
#   description: "Uncertainty of \\texttt{frequency}"
#   meta:
#     ucd: stat.error
# - 
#   name: geom_model_reference_level
#   datatype: float32
#   unit: mag
#   description: Magnitude reference level of geometric model
#   meta:
#     ucd: phot.mag;em.opt
# - 
#   name: geom_model_reference_level_error
#   datatype: float32
#   unit: mag
#   description: "Uncertainty of \\texttt{geomModelReferenceLevel}"
#   meta:
#     ucd: stat.error;phot.mag;em.opt
# - 
#   name: geom_model_gaussian1_phase
#   datatype: float32
#   description: Phase of the Gaussian 1 component
#   meta:
#     ucd: time.phase
# - 
#   name: geom_model_gaussian1_phase_error
#   datatype: float32
#   description: "Uncertainty of \\texttt{geomModelGaussian1Phase}"
#   meta:
#     ucd: stat.error;time.phase
# - 
#   name: geom_model_gaussian1_sigma
#   datatype: float32
#   description: "Standard deviation [phase] of Gaussian 1 component"
#   meta:
#     ucd: stat.stdev
# - 
#   name: geom_model_gaussian1_sigma_error
#   datatype: float32
#   description: "Uncertainty of \\texttt{geomModelGaussian1Sigma}"
#   meta:
#     ucd: stat.error
# - 
#   name: geom_model_gaussian1_depth
#   datatype: float32
#   unit: mag
#   description: Magnitude depth of Gaussian 1 component
#   meta:
#     ucd: src.var.amplitude
# - 
#   name: geom_model_gaussian1_depth_error
#   datatype: float32
#   unit: mag
#   description: "Uncertainty of \\texttt{geomModelGaussian1Depth}"
#   meta:
#     ucd: stat.error;src.var.amplitude
# - 
#   name: geom_model_gaussian2_phase
#   datatype: float32
#   description: Phase of Gaussian 2 component
#   meta:
#     ucd: time.phase
# - 
#   name: geom_model_gaussian2_phase_error
#   datatype: float32
#   description: "Uncertainty of \\texttt{geomModelGaussian2Phase}"
#   meta:
#     ucd: stat.error;time.phase
# - 
#   name: geom_model_gaussian2_sigma
#   datatype: float32
[...]
#   datatype: float32
#   description: "Secondary eclipse: uncertainty of \\texttt{derivedSecondaryEclDuration}"
#   meta:
#     ucd: stat.error;time.duration
# - 
#   name: derived_secondary_ecl_depth
#   datatype: float32
#   unit: mag
#   description: "Secondary eclipse: depth"
#   meta:
#     ucd: src.var.amplitude
# - 
#   name: derived_secondary_ecl_depth_error
#   datatype: float32
#   unit: mag
#   description: "Secondary eclipse: uncertainty of \\texttt{derivedSecondaryEclDepth}"
#   meta:
#     ucd: stat.error;src.var.amplitude
solution_id,source_id,global_ranking,reference_time,frequency,frequency_error,geom_model_reference_level,geom_model_reference_level_error,geom_model_gaussian1_phase,geom_model_gaussian1_phase_error,geom_model_gaussian1_sigma,geom_model_gaussian1_sigma_error,geom_model_gaussian1_depth,geom_model_gaussian1_depth_error,geom_model_gaussian2_phase,geom_model_gaussian2_phase_error,geom_model_gaussian2_sigma,geom_model_gaussian2_sigma_error,geom_model_gaussian2_depth,geom_model_gaussian2_depth_error,geom_model_cosine_half_period_amplitude,geom_model_cosine_half_period_amplitude_error,geom_model_cosine_half_period_phase,geom_model_cosine_half_period_phase_error,model_type,num_model_parameters,reduced_chi2,derived_primary_ecl_phase,derived_primary_ecl_phase_error,derived_primary_ecl_duration,derived_primary_ecl_duration_error,derived_primary_ecl_depth,derived_primary_ecl_depth_error,derived_secondary_ecl_phase,derived_secondary_ecl_phase_error,derived_secondary_ecl_duration,derived_secondary_ecl_duration_error,derived_secondary_ecl_depth,derived_secondary_ecl_depth_error
[from data line 438]
375316653866487564,5336517760306379264,0.4594895,2248.2578919565194,0.07660197967315387,5.8391565E-6,17.007687,0.003550881,0.30234492,0.003815031,0.03109074,0.0026023453,0.14969619,0.01190311,0.76003206,0.0035743953,0.031184645,0.003539522,0.11866534,0.033635627,null,null,null,null,"TWOGAUSSIANS",8,10.596713,0.30234492,0.003815031,0.17410815,0.014573134,0.14969619,0.01190311,0.76003206,0.0035743953,0.17463401,0.019821323,0.11866534,0.033635627
375316653866487564,5336517966496977152,0.48900965,2253.3947443198253,3.1295737806769486,2.2084867E-5,16.812544,0.019522425,0.24603376,0.0055056512,0.09786404,0.0149299605,0.17060757,0.01712805,0.7419174,0.0071000773,0.10161748,0.015479801,0.14004558,0.019918907,null,null,null,null,"TWOGAUSSIANS",8,20.292587,0.24603376,0.005511096,0.4,0.0,0.1579635,0.008980179,0.7419174,0.0071000773,0.4,0.0,0.12740068,0.012699896
375316653866487564,5336518069576225536,0.5103303,2200.9957720799976,4.090800167913264,1.3484273E-5,19.395966,0.019167524,0.21621908,0.0051604835,0.084537864,0.010296918,0.2846005,0.016921116,0.739506,0.0049728025,0.08694736,0.010104998,0.39399573,0.02054043,null,null,null,null,"TWOGAUSSIANS",8,2.4820874,0.739506,0.0049728025,0.4,0.0,0.38762385,0.019537149,0.21621908,0.0051604835,0.4,0.0,0.27822873,0.014151243
375316653866487564,5336518138263335296,0.5440249,2217.5493263504463,2.471266653858489,1.2100649E-5,19.370523,0.01059244,0.23851429,0.004533155,0.07661176,0.0049793418,0.3921637,0.020168886,0.7441777,0.006935012,0.0849855,0.0054701995,0.36258745,0.013952539,null,null,null,null,"TWOGAUSSIANS",8,1.4180553,0.23851429,0.004533155,0.4,0.0,0.38654527,0.019033352,0.7441777,0.006935012,0.4,0.0,0.356969,0.011805612
375316653866487564,5336518241342169472,0.445812,2252.392803028978,1.264097060032483,1.7050013E-5,18.680763,0.0050351354,0.4907976,0.013472219,0.11991837,0.022456305,0.09476533,0.01308386,0.83746815,5.020454E-4,0.0032151819,7.45354E-4,0.111036494,0.06969559,null,null,null,null,"TWOGAUSSIANS",8,2.574238,0.83746815,5.020454E-4,0.018005017,0.0041739824,0.11245649,0.06948695,0.4907976,0.013472219,0.4,0.0,0.09473351,0.013269495
375316653866487564,5336518516219894144,0.45360097,2232.6294360774455,1.0706617826083213,1.3271909E-5,19.901016,0.022992058,0.20966049,0.0069313655,0.034575425,0.0068445634,0.4635564,0.14671966,0.71132207,6.448101E-4,0.005143672,0.0011882968,0.44323537,0.026811536,null,null,null,null,"TWOGAUSSIANS",8,7.2107477,0.20966049,0.0069313655,0.19362238,0.038329557,0.4635564,0.14671966,0.71132207,6.448101E-4,0.028804565,0.006654462,0.44323537,0.026811536
375316653866487564,5336519473990017536,0.55070746,2187.3481236572784,3.19853255608723,1.7803903E-5,17.900793,0.0040707327,0.23148426,0.003931253,0.075711034,0.007015451,0.20554501,0.008386708,0.729079,0.0022540349,0.07215699,0.003433309,0.20899284,0.0096855555,null,null,null,null,"TWOGAUSSIANS",8,3.852141,0.729079,0.0022540349,0.4,0.0012452279,0.20770296,0.009783709,0.23148426,0.003931253,0.4,0.009259085,0.20425513,0.008632176
375316653866487564,5336519547014403072,0.4497045,2207.156512879447,4.904525275869099,9.4656716E-5,19.2482,0.009969186,0.6592905,0.038435675,0.07308523,0.06548923,0.08321792,0.055615954,0.45682752,0.079162665,0.14559247,0.056046244,0.12156235,0.027678616,null,null,null,null,"TWOGAUSSIANS",8,3.295957,0.62331045,0.0397063,0.4,0.3362824,0.136255,0.03521636,0.48459753,0.35253462,0.4,0.0,0.123465426,0.04139422
375316653866487564,5336519577085607808,0.4388847,2207.2020659151144,2.229535247053846,3.1383424E-5,18.78261,0.008952063,0.34469083,0.012756023,0.032827653,0.020564018,0.153943,0.07772963,null,null,null,null,null,null,0.03510792,0.0106461905,0.34469083,0.012756023,"ONEGAUSSIAN_WITH_ELLIPSOIDAL",6,13.556124,0.34469083,0.012756023,0.18383485,0.1151585,0.22415882,0.08421761,null,null,null,null,null,null
375316653866487564,5336519993721970304,0.6029352,2184.178745104616,0.07863543945772865,5.200667E-6,17.91623,0.0013608662,0.43800744,3.566189E-4,0.0053110956,3.2475955E-4,0.36733916,0.0037259117,0.70655197,0.0036369516,0.0034515536,0.0021865224,0.021438135,0.005868378,null,null,null,null,"TWOGAUSSIANS",8,1.9069289,0.43800744,3.566189E-4,0.029742135,0.0018186535,0.36733916,0.0037259117,0.70655197,0.0036369516,0.0193287,0.012244524,0.021438135,0.005868378
375316653866487564,5336520023758536320,0.49040198,2182.2066727862184,0.8734069269907075,3.4402816E-5,19.18472,0.005222097,0.20899437,0.0052898885,0.034359317,0.0047177617,0.14534429,0.007473612,0.71628577,0.015829606,0.025683476,0.027292276,1.7692975,2.2546232,null,null,null,null,"TWOGAUSSIANS",8,3.1372616,0.71628577,0.015829606,0.14382747,0.15283674,1.7692975,2.2546232,0.20899437,0.0052898885,0.19241217,0.026419464,0.14534429,0.007473611
375316653866487564,5336520504798566400,0.5793803,2197.9363442401045,2.2233481394292114,8.50749E-6,19.347456,0.0132208215,0.31880677,0.0034600664,0.09174159,0.004548067,0.43483934,0.015371974,0.8311537,0.004259192,0.07143769,0.004909388,0.32825404,0.016662356,null,null,null,null,"TWOGAUSSIANS",8,1.1343184,0.31880677,0.0034600664,0.4,0.0,0.42932028,0.013819248,0.8311537,0.004259192,0.4,0.019865798,0.32273537,0.015218147
375316653866487564,5336520955764313216,0.5290106,2187.588164414447,0.3584819896677984,5.166138E-6,18.840292,0.002742405,0.30303267,0.025082786,0.01942456,0.013816717,0.33759448,249.7703,0.80815905,0.0020240953,0.022329397,9.861272E-4,0.38377088,0.024893615,null,null,null,null,"TWOGAUSSIANS",8,1.467464,0.80815905,0.0020240953,0.12504463,0.005522312,0.38377088,0.024893615,0.30303267,0.025082786,0.10877753,0.07737362,0.33759448,249.7703
375316653866487564,5336521226353001600,0.49173787,2179.4496638894975,0.7183101898840374,8.4891144E-5,19.858446,0.0072568427,0.42718118,0.010795337,0.046909567,0.012871317,0.48771903,0.052995857,0.9236458,0.013164614,0.016961021,0.021675773,0.073213965,4.701698E20,null,null,null,null,"TWOGAUSSIANS",8,1.571788,0.42718118,0.010795337,0.26269358,0.072079375,0.48771903,0.052995857,0.9236458,0.013164614,0.094981715,0.12138433,0.073213965,4.701698E20
375316653866487564,5336521230672522368,0.48424926,2201.9546312201655,3.0750900636849647,1.9562092E-5,17.476572,0.0183352,0.24219139,0.0044758795,0.09361358,0.008381234,0.31677648,0.021139493,0.7333379,0.012094896,0.085047506,0.01559568,0.2727783,0.025140934,null,null,null,null,"TWOGAUSSIANS",8,31.333729,0.24219139,0.0044758795,0.4,0.0,0.30656984,0.018555278,0.7333379,0.012094896,0.4,0.0,0.26257208,0.026235877
375316653866487564,5336521471190730240,0.5029322,2161.058204281297,3.386685919341475,1.33885305E-5,17.65575,0.031310588,0.22150178,0.0052976985,0.09846254,0.016780041,0.18103504,0.028926188,0.7362023,0.0054761632,0.10107929,0.016658707,0.24439648,0.027485104,null,null,null,null,"TWOGAUSSIANS",8,10.428127,0.7362023,0.0054821232,0.4,0.0,0.22928634,0.013313853,0.22150178,0.005313969,0.4,0.0,0.16592672,0.013828358
375316653866487564,5336521707389284608,0.48246133,2134.273291696329,4.119439563097712,2.169045E-5,19.23805,0.015928626,0.46570566,0.011184268,0.069615364,0.008618364,0.4915295,0.06901292,0.6775532,0.15600003,0.10696455,0.14209339,0.06904613,0.25959373,null,null,null,null,"TWOGAUSSIANS",8,12.2908325,0.46752566,0.008426904,0.38984603,0.040001422,0.5013929,0.0458999,0.6775532,0.15600003,0.4,0.40033817,0.07382609,0.25855097
375316653866487564,5336521746068654080,0.46134076,2185.877663933479,0.4865742568224377,3.0208745E-5,13.340886,0.0049035857,0.22542033,0.020554483,0.085511,0.048662573,0.019983005,0.0037377588,0.73718655,0.0037885578,0.045442555,0.0075792875,0.07014783,0.027169151,null,null,null,null,"TWOGAUSSIANS",8,28.776459,0.73718655,0.0037885578,0.2544783,0.04244401,0.070120156,0.027123896,0.22542033,0.020554483,0.4,0.0,0.019955328,0.0033544903
375316653866487564,5336522050969159936,0.5470377,2166.5769104227816,2.972526497757541,1.2070787E-5,17.477505,0.008145875,0.17808932,0.004900655,0.082093954,0.006568011,0.21541536,0.0077788252,0.686192,0.00435062,0.08855079,0.0071220403,0.21880879,0.013568081,null,null,null,null,"TWOGAUSSIANS",8,6.8542566,0.686192,0.00435062,0.4,0.0,0.21365277,0.014382128,0.17808932,0.004900655,0.4,0.0,0.2102594,0.0056995233
375316653866487564,5336522570702383488,0.62852794,2196.093349388556,0.6953448548104643,4.5575657E-6,15.49526,0.008403621,0.24392983,0.0013177847,0.114885546,0.005212265,0.17059788,0.007735211,0.7262892,0.0013678742,0.10280209,0.0038113822,0.22927895,0.0077630808,null,null,null,null,"TWOGAUSSIANS",8,6.8245096,0.7262892,0.0013678742,0.4,0.0,0.20623244,0.0034748444,0.24393983,0.0013162815,0.4,0.0,0.14752388,0.0025743523
375316653866487564,5336522948629778304,0.5396329,2197.615674708764,3.1478142580851203,8.732661E-6,19.583017,0.015472828,0.26850462,0.0021555119,0.07505846,0.00494137,0.43764144,0.021566994,0.76989406,0.005032472,0.07259997,0.0058645387,0.4032668,0.02222028,null,null,null,null,"TWOGAUSSIANS",8,1.4904994,0.26850462,0.0021555119,0.4,0.0,0.4350054,0.021530068,0.76989406,0.005032472,0.4,0.010567828,0.40063074,0.021687575
375316653866487564,5336522982995753216,0.5341841,2213.2376877820875,4.996131147229246,2.0449459E-5,18.620905,0.0035714253,0.39978853,3.8262147E-5,0.0041569252,4.1367126E-5,0.60268897,0.0054476135,0.8249289,0.01335653,0.03984419,0.02108394,0.040391203,0.016080476,null,null,null,null,"TWOGAUSSIANS",8,3.412846,0.39978853,3.8262147E-5,0.02327878,2.3165591E-4,0.60268897,0.0054476135,0.8249289,0.01335653,0.22312745,0.118070066,0.040391203,0.016080476
375316653866487564,5336523322280439040,0.5526783,2183.570932732248,2.6477289043943073,1.1568045E-5,17.810648,0.012330581,0.26210028,0.0028919317,0.08263794,0.006293688,0.27626213,0.0146005275,0.75275034,0.0038196393,0.08449971,0.004906561,0.31670883,0.0148778325,null,null,null,null,"TWOGAUSSIANS",8,6.435136,0.75275034,0.0038196393,0.4,0.0,0.31101307,0.012904211,0.26210028,0.0028919317,0.4,0.0,0.27056637,0.013817498
375316653866487564,5336523734601516800,0.61841965,2208.774888621254,0.6978391223923656,5.2783516E-6,17.906775,0.0031314797,0.24713849,8.718186E-4,0.03439369,0.0011259428,0.42336136,0.01157607,0.7482928,0.001225879,0.033224694,9.4673777E-4,0.5600514,0.019863855,null,null,null,null,"TWOGAUSSIANS",8,3.9554949,0.7482928,0.001225879,0.18605828,0.0053017316,0.5600514,0.019863855,0.24713849,8.718186E-4,0.19260468,0.0063052797,0.42336136,0.01157607
375316653866487564,5336524116890534912,0.60856414,2198.125527120219,0.46974572682209387,1.3053744E-5,17.691875,0.0019888056,0.3155404,0.0011161112,0.023900745,0.0010237257,0.40233442,0.009062226,0.8164075,0.0022538968,0.0235534,0.0032459486,0.37272686,0.034652427,null,null,null,null,"TWOGAUSSIANS",8,4.227504,0.3155404,0.0011161112,0.13384417,0.0057328637,0.40233442,0.009062226,0.8164075,0.0022538968,0.13189903,0.018177312,0.37272686,0.034652427
375316653866487564,5336524250010285568,0.5025163,2187.8653443920534,2.862830135460479,2.6028063E-5,18.973604,0.013075985,0.28236505,0.0060421564,0.06916126,0.0069807903,0.23652281,0.016995588,0.79555845,0.011437273,0.0641834,0.018136399,0.27332926,0.020125482,null,null,null,null,"TWOGAUSSIANS",8,4.791045,0.79555845,0.011437273,0.35942706,0.06668208,0.27302146,0.02113012,0.28236505,0.0060421564,0.38730305,0.031894743,0.236215,0.016219532
375316653866487564,5336524735365936256,0.5804735,2204.4481718442407,0.757174455896353,1.2256116E-5,17.179111,0.0013345653,0.4912053,0.013225429,0.019732662,0.01482065,0.026931964,0.42010537,0.9111142,5.2449417E-5,0.0021058465,1.6769887E-5,0.9844571,0.020195553,null,null,null,null,"TWOGAUSSIANS",8,3.0992248,0.9111142,5.2449417E-5,0.011792741,9.391137E-5,0.9844571,0.020195553,0.4912053,0.013225429,0.1105029,0.082995646,0.026931964,0.42010537
375316653866487564,5336524765389852288,0.66544056,2171.719400130084,0.517671800562739,2.9054718E-6,16.92291,0.0030811385,0.20470567,7.471196E-4,0.027914144,0.0010969061,0.6358385,0.018804189,0.7038733,0.005166335,0.026447821,0.0049608974,0.68742096,0.1249722,0.0191506,0.0047156317,0.20470567,7.471196E-4,"TWOGAUSSIANS_WITH_ELLIPSOIDAL_ON_ECLIPSE1",9,4.281687,0.7038733,0.005147015,0.1481078,0.027781025,0.725721,0.12843154,0.20470567,7.471196E-4,0.1563192,0.006142674,0.6741396,0.020207595
375316653866487564,5336524769694789888,0.57448053,2211.3018536609475,1.8541175481373993,6.1095757E-6,18.537819,0.0048659774,0.27091026,0.0020705645,0.05653284,0.0014237475,0.6371909,0.017060358,0.7798425,0.002016769,0.06268072,0.0040314766,0.21998243,0.016406013,null,null,null,null,"TWOGAUSSIANS",8,3.0526683,0.27091026,0.0020705645,0.3165839,0.007972986,0.6371114,0.017055728,0.7798425,0.002016769,0.35101205,0.022576269,0.21990296,0.016434876
375316653866487564,5336525418224965888,0.5548218,2212.9241857539455,2.2247751851992277,9.994602E-6,18.337877,0.013472471,0.23975952,0.005237466,0.08434088,0.006265514,0.37349445,0.023286218,0.73297226,0.0036342177,0.080900624,0.0050726593,0.4193592,0.016493127,null,null,null,null,"TWOGAUSSIANS",8,6.994864,0.73297226,0.0036342177,0.4,0.0,0.4121941,0.015286301,0.23975952,0.005237466,0.4,0.0,0.36632934,0.022313064
375316653866487564,5336525491250283392,0.46019807,2194.15751274186,0.06928756016549413,3.767384E-5,19.498175,0.009461418,0.13814276,0.017558016,0.014461849,0.009735831,0.100945264,0.09008491,0.5534353,0.01635836,0.12451384,0.019863345,0.16771525,0.010351213,null,null,null,null,"TWOGAUSSIANS",8,2.3832097,0.5534353,0.01635836,0.4,0.0,0.16760956,0.010274206,0.13818276,0.01769708,0.08098636,0.054520655,0.1014867,0.08975523
375316653866487564,5336525525648090624,0.48783076,2244.6397556330426,0.9112817080842985,1.7468457E-4,19.606226,0.012395572,0.26855567,0.018116938,0.033412125,0.04947021,0.22173534,0.10499623,0.7370076,0.0013689619,0.033270653,0.0012752649,0.566414,0.01901122,null,null,null,null,"TWOGAUSSIANS",8,3.7375607,0.7370076,0.0013689619,0.18631566,0.0071414835,0.566414,0.019004503,0.26855567,0.018116938,0.1871079,0.20776437,0.22173534,0.10501689
375316653866487564,5336526350273719808,0.60576254,2176.980270178422,0.5406429863868106,1.7797838E-5,17.098627,0.0040067877,0.23441671,0.0032328558,0.028460257,0.0040033176,0.10731387,0.009268144,0.74351996,0.012976656,0.028884867,0.012950504,0.35185015,0.42706415,0.010548088,0.00537805,0.23441671,0.0032328558,"TWOGAUSSIANS_WITH_ELLIPSOIDAL_ON_ECLIPSE1",9,1.9609325,0.74351996,0.012976656,0.16175525,0.07252283,0.37287736,0.4332642,0.23441671,0.0032328558,0.15937744,0.022418577,0.12841004,0.0071152267
375316653866487564,5336526625122384768,0.52334255,2201.4984834080387,3.8684164337959697,1.3576493E-5,19.909954,0.015874064,0.29730102,0.0059811478,0.077668145,0.0052309413,0.5025479,0.017243762,0.80116785,0.0062065194,0.069939286,0.0075481674,0.50065,0.052384775,null,null,null,null,"TWOGAUSSIANS",8,2.2802675,0.29730102,0.0059811478,0.4,0.0,0.49959305,0.015717179,0.80116785,0.0062065194,0.39166,0.03663391,0.4976951,0.053290028
375316653866487564,5336526865640621568,0.42487338,2190.1841750118756,1.3791974190049217,3.7621845E-5,18.81844,0.010339141,0.20580167,0.02162055,0.019464767,0.040384796,0.07724034,0.019836012,0.65885496,0.0037320256,0.04012829,0.004903069,0.4155232,0.07905361,null,null,null,null,"TWOGAUSSIANS",8,21.652182,0.65885496,0.0037320256,0.22471842,0.027457189,0.4155232,0.0790536,0.20580167,0.02162055,0.109002694,0.22615485,0.07724034,0.019836279
375316653866487564,5336527071798603264,0.53522336,2213.5137658977524,2.3542204806622102,1.04735545E-5,19.009361,0.013772199,0.27633405,0.003151882,0.086609595,0.005523169,0.42167923,0.023710486,0.7778639,0.006239377,0.09102062,0.0073528634,0.44241467,0.022673775,null,null,null,null,"TWOGAUSSIANS",8,3.7683134,0.7778639,0.006239377,0.4,0.0,0.42636305,0.02097167,0.27633405,0.003151882,0.4,0.0,0.40562782,0.02454526
