Gaia/vari_eclipsing_binary/VariEclipsingBinary_458840-458855.csv
# %ECSV 1.0
# ---
# delimiter: ','
# meta: !!omap
# - RELEASE: Gaia DR3
# - TABLE: vari_eclipsing_binary
# - DESCRIPTION: >
#     This table describes the properties of the eclipsing binaries resulting from the variability analysis. 
# - CITATION: >
#     How to cite and acknowledge Gaia: 
#     https://gea.esac.esa.int/archive/documentation/credits.html 
# - KNOWN_ISSUES: >
#     Known issues: 
#     https://www.cosmos.esa.int/web/gaia-users/known-issues 
# - DOCUMENTATION: >
#     Tutorials and documentation: 
#     https://www.cosmos.esa.int/web/gaia-users/archive 
# datatype:
# - 
#   name: solution_id
#   datatype: int64
#   description: Solution Identifier
#   meta:
#     ucd: meta.version
# - 
#   name: source_id
#   datatype: int64
#   description: Unique source identifier
#   meta:
#     ucd: meta.id;meta.main
# - 
#   name: global_ranking
#   datatype: float32
#   description: Number between 0 (worst) and 1 (best)
#   meta:
#     ucd: stat.param
# - 
#   name: reference_time
#   datatype: float64
#   unit: d
#   description: Reference time used for the geometric model fit
#   meta:
#     ucd: time.epoch
# - 
#   name: frequency
#   datatype: float64
#   unit: d**-1
#   description: Frequency of geometric model of the eclipsing binary light curve
#   meta:
#     ucd: src.orbital
# - 
#   name: frequency_error
#   datatype: float32
#   unit: d**-1
#   description: "Uncertainty of \\texttt{frequency}"
#   meta:
#     ucd: stat.error
# - 
#   name: geom_model_reference_level
#   datatype: float32
#   unit: mag
#   description: Magnitude reference level of geometric model
#   meta:
#     ucd: phot.mag;em.opt
# - 
#   name: geom_model_reference_level_error
#   datatype: float32
#   unit: mag
#   description: "Uncertainty of \\texttt{geomModelReferenceLevel}"
#   meta:
#     ucd: stat.error;phot.mag;em.opt
# - 
#   name: geom_model_gaussian1_phase
#   datatype: float32
#   description: Phase of the Gaussian 1 component
#   meta:
#     ucd: time.phase
# - 
#   name: geom_model_gaussian1_phase_error
#   datatype: float32
#   description: "Uncertainty of \\texttt{geomModelGaussian1Phase}"
#   meta:
#     ucd: stat.error;time.phase
# - 
#   name: geom_model_gaussian1_sigma
#   datatype: float32
#   description: "Standard deviation [phase] of Gaussian 1 component"
#   meta:
#     ucd: stat.stdev
# - 
#   name: geom_model_gaussian1_sigma_error
#   datatype: float32
#   description: "Uncertainty of \\texttt{geomModelGaussian1Sigma}"
#   meta:
#     ucd: stat.error
# - 
#   name: geom_model_gaussian1_depth
#   datatype: float32
#   unit: mag
#   description: Magnitude depth of Gaussian 1 component
#   meta:
#     ucd: src.var.amplitude
# - 
#   name: geom_model_gaussian1_depth_error
#   datatype: float32
#   unit: mag
#   description: "Uncertainty of \\texttt{geomModelGaussian1Depth}"
#   meta:
#     ucd: stat.error;src.var.amplitude
# - 
#   name: geom_model_gaussian2_phase
#   datatype: float32
#   description: Phase of Gaussian 2 component
#   meta:
#     ucd: time.phase
# - 
#   name: geom_model_gaussian2_phase_error
#   datatype: float32
#   description: "Uncertainty of \\texttt{geomModelGaussian2Phase}"
#   meta:
#     ucd: stat.error;time.phase
# - 
#   name: geom_model_gaussian2_sigma
#   datatype: float32
[...]
#   datatype: float32
#   description: "Secondary eclipse: uncertainty of \\texttt{derivedSecondaryEclDuration}"
#   meta:
#     ucd: stat.error;time.duration
# - 
#   name: derived_secondary_ecl_depth
#   datatype: float32
#   unit: mag
#   description: "Secondary eclipse: depth"
#   meta:
#     ucd: src.var.amplitude
# - 
#   name: derived_secondary_ecl_depth_error
#   datatype: float32
#   unit: mag
#   description: "Secondary eclipse: uncertainty of \\texttt{derivedSecondaryEclDepth}"
#   meta:
#     ucd: stat.error;src.var.amplitude
solution_id,source_id,global_ranking,reference_time,frequency,frequency_error,geom_model_reference_level,geom_model_reference_level_error,geom_model_gaussian1_phase,geom_model_gaussian1_phase_error,geom_model_gaussian1_sigma,geom_model_gaussian1_sigma_error,geom_model_gaussian1_depth,geom_model_gaussian1_depth_error,geom_model_gaussian2_phase,geom_model_gaussian2_phase_error,geom_model_gaussian2_sigma,geom_model_gaussian2_sigma_error,geom_model_gaussian2_depth,geom_model_gaussian2_depth_error,geom_model_cosine_half_period_amplitude,geom_model_cosine_half_period_amplitude_error,geom_model_cosine_half_period_phase,geom_model_cosine_half_period_phase_error,model_type,num_model_parameters,reduced_chi2,derived_primary_ecl_phase,derived_primary_ecl_phase_error,derived_primary_ecl_duration,derived_primary_ecl_duration_error,derived_primary_ecl_depth,derived_primary_ecl_depth_error,derived_secondary_ecl_phase,derived_secondary_ecl_phase_error,derived_secondary_ecl_duration,derived_secondary_ecl_duration_error,derived_secondary_ecl_depth,derived_secondary_ecl_depth_error
[from data line 260]
375316653866487564,4036052889150835200,0.65134716,2377.5031262940106,0.6332390116052607,1.5771962E-5,17.815716,0.0029922351,0.37581554,0.020254917,0.030628972,0.014543361,0.11630894,0.025148576,0.87590295,5.3996453E-4,0.02589897,9.641938E-4,0.87953645,0.0076096775,0.010705551,0.006325796,0.37581554,0.020254917,"TWOGAUSSIANS_WITH_ELLIPSOIDAL_ON_ECLIPSE1",9,4.196786,0.87590295,5.382261E-4,0.14503424,0.005399485,0.9009475,0.008219605,0.37581554,0.020254917,0.17152224,0.08144282,0.13772002,0.027280003
375316653866487564,4036052962208770560,0.5752925,2313.9801790683596,2.2187680097180587,1.0616283E-5,18.315739,0.009157762,0.29717276,0.00986781,0.066787355,0.0109491395,0.36453685,0.04766484,0.79776853,0.0029730727,0.07192233,0.0031953626,0.46872485,0.02345502,null,null,null,null,"TWOGAUSSIANS",8,5.0881615,0.79776853,0.0029730727,0.4,0.004278552,0.46749252,0.023300175,0.29717276,0.00986781,0.3740092,0.040975932,0.36330453,0.048602037
375316653866487564,4036052992224285440,0.62723035,2352.595849871389,3.0381274859250107,6.470991E-6,16.510769,0.03199714,0.27420995,0.0031910914,0.04234756,0.008876108,0.38620904,0.05135394,0.77348137,0.028736379,0.033968616,0.054465655,0.47441518,0.2936547,0.14213727,0.033565495,0.27420995,0.0031910914,"TWOGAUSSIANS_WITH_ELLIPSOIDAL_ON_ECLIPSE1",9,31.37815,0.77352136,0.021593895,0.19022426,0.27424803,0.7586837,0.357605,0.27420995,0.0031910914,0.23714635,0.049706202,0.6704832,0.02032861
375316653866487564,4036053030928719872,0.45929268,2345.245485405308,1.6543512072146684,3.226872E-5,19.690134,0.092523046,0.3057347,0.029924057,0.14250636,0.097839065,0.1284008,0.08494146,0.75193703,0.0067435587,0.07497131,0.008431832,0.3782758,0.06490373,null,null,null,null,"TWOGAUSSIANS",8,4.6806893,0.75193703,0.0067435587,0.4,0.0054844865,0.36617455,0.038693797,0.3057347,0.029924057,0.4,0.0,0.115277745,0.019070052
375316653866487564,4036053060946797184,0.51524985,2338.6180225271946,1.4869679626414152,2.4859803E-5,15.614051,0.00751526,0.28098202,0.009489632,0.04622643,0.009696951,0.22979186,0.018936483,0.7631732,0.013247128,0.018010017,0.012744081,0.021117495,0.041417856,0.05448414,0.009646148,0.7631732,0.013247128,"TWOGAUSSIANS_WITH_ELLIPSOIDAL_ON_ECLIPSE2",9,202.07674,0.279672,0.008335675,0.258868,0.054302927,0.33750096,0.015091297,0.7631732,0.013247128,0.100856096,0.071366854,0.13008565,0.04866947
375316653866487564,4036053168367552768,0.47016096,2294.090650554322,3.6117840320725425,6.0928614E-5,19.862617,0.028885825,0.25661343,0.00561565,0.097574726,0.01174295,0.27905115,0.041145135,0.734746,0.012826622,0.07988961,0.01495951,0.3254156,0.04545063,null,null,null,null,"TWOGAUSSIANS",8,2.3388684,0.734746,0.012826622,0.4,0.017274998,0.3175481,0.042329967,0.25661343,0.00561565,0.4,0.0,0.27118176,0.038624953
375316653866487564,4036053340166644992,0.5927045,2345.6974732728,2.5843725617789155,6.2974564E-6,18.553755,0.00833537,0.23822433,0.0036660375,0.07655331,0.0056601143,0.45031974,0.016435,0.7363622,0.0012237722,0.07441014,0.002870417,0.4334878,0.011519236,null,null,null,null,"TWOGAUSSIANS",8,2.5826757,0.23822433,0.0036660375,0.4,0.0,0.44679943,0.016921274,0.7363622,0.0012237722,0.4,0.0,0.4299675,0.011540264
375316653866487564,4036053885580572416,0.4698197,2357.0392896140556,2.0284327118558196,5.2730036E-5,17.066654,0.03408101,0.16721265,0.010961523,0.0824809,0.036968082,0.08342571,0.045074828,0.703614,0.0132400235,0.13112152,0.03933868,0.11600171,0.03237254,null,null,null,null,"TWOGAUSSIANS",8,14.477178,0.703614,0.013239364,0.4,0.0,0.10750363,0.016160134,0.16678265,0.010295344,0.4,0.07365933,0.07517953,0.04488648
375316653866487564,4036053958642443392,0.43256754,2413.4400097433086,4.655154710229076,7.154077E-5,19.49091,0.034644384,0.2837558,0.026528321,0.10978062,0.043231633,0.19185571,0.038346462,0.72060394,0.019340424,0.07346654,0.02052607,0.18074916,0.052510787,null,null,null,null,"TWOGAUSSIANS",8,4.714681,0.2837558,0.026528321,0.4,0.0,0.18859369,0.036418717,0.72060394,0.019340424,0.4,0.059628718,0.17755741,0.045206238
375316653866487564,4036054714555665152,0.48298985,2404.4852115889985,2.9607289618286274,2.3865472E-5,19.81674,0.01437094,0.36156845,0.007510347,0.07436572,0.006589647,0.37618247,0.018783167,0.8384397,0.010702056,0.07602352,0.0113462275,0.2720499,0.052251287,null,null,null,null,"TWOGAUSSIANS",8,2.7736878,0.36156845,0.007510347,0.4,0.004807896,0.37467852,0.017949145,0.8384397,0.010702056,0.4,0.02052666,0.27054596,0.052855838
375316653866487564,4036054851993948672,0.53339434,2341.3668317777215,2.825327789314965,7.937542E-6,19.494078,0.020905025,0.26741743,0.0024174573,0.065335386,0.003805985,0.6602747,0.03956088,0.77048874,0.0026789613,0.07359525,0.007747569,0.47726333,0.037171733,null,null,null,null,"TWOGAUSSIANS",8,2.8679821,0.26741743,0.0024174573,0.36587816,0.021313516,0.6586998,0.039401025,0.77048874,0.0026789613,0.4,0.019798076,0.4756885,0.0376997
375316653866487564,4036055328689713664,0.6352189,2294.5370481219366,1.5619413442328487,3.6446427E-6,15.717261,0.0025095283,0.25242394,0.0011864237,0.07914043,0.001280519,0.45773223,0.008715334,0.7547344,0.0030137221,0.08400767,0.0037097323,0.34853297,0.009866541,null,null,null,null,"TWOGAUSSIANS",8,13.391759,0.25242394,0.0011864237,0.4,0.0,0.45079097,0.008860899,0.7547344,0.0030137221,0.4,0.0,0.34159172,0.010984215
375316653866487564,4036055431768875008,0.66441715,2324.46821971531,0.1354602571701642,4.4100576E-5,16.440428,0.0023471161,0.25880218,0.026749212,0.036545213,0.017486053,0.12345247,0.13480182,0.74475497,0.0023742414,0.04304805,0.0055684787,0.4798093,0.035446625,0.051536582,0.0046070316,0.74475497,0.0023742414,"TWOGAUSSIANS_WITH_ELLIPSOIDAL_ON_ECLIPSE2",9,6.2181554,0.74475497,0.0023742414,0.24106908,0.031183481,0.5828822,0.037014056,0.2576722,0.0253398,0.2046532,0.09792189,0.2257889,0.13564067
375316653866487564,4036055779731115136,0.58885056,2346.8912661049935,0.9250732502088375,9.947666E-6,16.8819,0.0038487443,0.2324899,0.0033441347,0.030435834,0.005726669,0.13638945,0.0139672365,0.6905526,0.036481857,0.051281165,0.0313905,0.5138825,0.44443738,0.0155378785,0.006738963,0.2324899,0.0033441347,"TWOGAUSSIANS_WITH_ELLIPSOIDAL_ON_ECLIPSE1",9,9.334194,0.69105256,0.036874216,0.28717452,0.12811354,0.54287416,0.44264013,0.2324899,0.0033441347,0.17044067,0.032069348,0.16746487,0.0138680665
375316653866487564,4036055882788409856,0.42215496,2357.1305363263623,0.06720918683366005,4.5462893E-5,19.69494,0.108062856,0.29089123,0.004367506,0.0760515,0.027754288,0.463037,0.12789102,0.759382,0.020631071,0.14663467,0.048970114,0.22930928,0.11312116,null,null,null,null,"TWOGAUSSIANS",8,4.0237513,0.29117122,0.0036242453,0.4,0.0077641346,0.43391874,0.14496924,0.759382,0.020631071,0.4,0.0,0.19847353,0.04072941
375316653866487564,4036056054608973568,0.53762186,2349.451277248994,2.909482898779003,1.5028407E-5,16.667875,0.024929624,0.226027,0.0030139287,0.061139643,0.011379171,0.23675379,0.054483254,0.73029953,0.0043899063,0.055417955,0.01012297,0.21830083,0.053150743,0.050125957,0.031852696,0.226027,0.0030139287,"TWOGAUSSIANS_WITH_ELLIPSOIDAL_ON_ECLIPSE1",9,23.16691,0.226027,0.0030139287,0.34238198,0.06372336,0.33694506,0.016491473,0.73029953,0.0043899063,0.31034055,0.056688633,0.31841987,0.015646862
375316653866487564,4036056844869537024,0.41196716,2340.1989472642485,0.2596645968849994,7.923327E-5,18.52082,0.3723456,0.27849758,0.0072524333,0.29670808,0.0860714,0.70177186,0.36633936,0.7328566,0.048989322,0.10474815,0.024993958,0.3209729,0.124485455,null,null,null,null,"TWOGAUSSIANS",8,4.0943003,0.27864757,0.0070598545,0.4,0.0,0.23698564,0.03594446,0.7328566,0.048989322,0.4,0.0,0.19800688,0.014402242
375316653866487564,4036056982301288832,0.56082803,2367.982410844127,2.7667157775559583,1.5527201E-5,17.071587,0.010178409,0.14532973,0.004912191,0.10345564,0.013510384,0.12515102,0.0076519097,0.64566916,0.0020607323,0.0947472,0.0063409735,0.1420666,0.009831338,null,null,null,null,"TWOGAUSSIANS",8,2.540795,0.64566916,0.0020607323,0.4,0.0,0.13110062,0.0037994995,0.14532973,0.004912191,0.4,0.0,0.11418317,0.0051534846
375316653866487564,4036057016661329152,0.4451795,2299.2939723568466,0.2360322492845965,3.0354771E-5,19.81419,0.06599727,0.397818,0.013197211,0.12716818,0.03118492,0.3378835,0.054327775,0.8126967,0.013839581,0.10928837,0.015869157,0.3104558,0.07096727,null,null,null,null,"TWOGAUSSIANS",8,2.3936355,0.398208,0.012857727,0.4,0.0,0.3077875,0.055544008,0.8126967,0.013839581,0.4,0.0,0.28178635,0.04471029
375316653866487564,4036058219252737024,0.5927149,2336.287728641312,2.7165951543694034,8.002338E-6,18.005367,0.017012542,0.2615503,0.00265992,0.084464625,0.0062761465,0.2721083,0.01607283,0.770015,0.008748404,0.116794534,0.02232051,0.1103076,0.01700458,null,null,null,null,"TWOGAUSSIANS",8,1.7545063,0.2615403,0.0026655188,0.4,0.0,0.25947472,0.007966544,0.770015,0.008748404,0.4,0.0,0.09764989,0.015902659
375316653866487564,4036058425432412032,0.48302314,2312.068258990168,0.21197811968201355,2.6993564E-4,19.284231,0.021731868,0.3434722,3.9017806E-4,0.0073913033,4.019659E-4,0.53140336,0.039859354,0.7812193,0.07221033,0.08630416,0.16766788,0.034758277,0.023484806,null,null,null,null,"TWOGAUSSIANS",8,1.9519285,0.3434722,3.9017806E-4,0.0413913,0.002251009,0.5314034,0.039939992,0.7812193,0.07221033,0.4,0.021075808,0.034758277,0.019101672
375316653866487564,4036058837747857792,0.47237736,2353.0411469085493,0.9103172801295973,3.686195E-5,13.809363,0.0019848081,0.30502474,0.019149764,0.052216887,0.040257175,0.016372664,0.0070668906,0.77907056,0.010878583,0.06293532,0.014687434,0.06457413,0.0065304344,null,null,null,null,"TWOGAUSSIANS",8,38.10952,0.77907056,0.010878583,0.35243782,0.08224963,0.06457211,0.0065280246,0.30502474,0.019149764,0.29241458,0.13418615,0.016370645,0.007156435
375316653866487564,4036058867739884672,0.50676686,2343.1027803494926,2.4588303117660995,1.846469E-5,16.539528,0.006349689,0.25154248,0.0031136014,0.018393222,0.017134784,0.23358244,1.05242713E14,null,null,null,null,null,null,0.11783676,0.010372117,0.25154248,0.0031136014,"ONEGAUSSIAN_WITH_ELLIPSOIDAL",6,48.539356,0.25154248,0.0031136014,0.10300205,0.09595479,0.46925592,1.05242713E14,null,null,null,null,null,null
375316653866487564,4036058940806169344,0.53189564,2343.6638123563434,2.960049590793651,2.3539817E-5,18.855732,0.016959688,0.2360779,0.0054575317,0.08614323,0.009652617,0.32517424,0.01851273,0.7503881,0.012395976,0.08726198,0.015184433,0.29453558,0.028550267,null,null,null,null,"TWOGAUSSIANS",8,4.2414618,0.2360779,0.0054575317,0.4,0.0,0.31756723,0.016199008,0.7503881,0.012395976,0.4,0.0,0.28692853,0.031040283
375316653866487564,4036059211334539520,0.5390116,2329.7060926195873,0.24860703589535182,3.777215E-5,17.982822,0.0020440407,0.2884513,0.013094071,0.03752813,0.011294099,0.040043924,0.009866205,0.8079113,0.0050263465,0.012735705,0.0015792565,0.4071342,0.21945378,null,null,null,null,"TWOGAUSSIANS",8,1.625446,0.8079113,0.0050263465,0.071319945,0.008843836,0.4071342,0.21945378,0.2884513,0.013094071,0.21015753,0.06324695,0.040043924,0.009866205
375316653866487564,4036059250064706432,0.47766352,2305.228982503168,0.14449359372802612,4.280745E-5,19.411236,0.028593553,0.1668155,0.0059073465,0.07461669,0.012209858,0.29196513,0.049806304,0.73836637,0.020052517,0.077701576,0.035165876,0.3290316,0.062626086,null,null,null,null,"TWOGAUSSIANS",8,4.132705,0.73836637,0.020052517,0.4,0.1211892,0.32848787,0.062985964,0.1668155,0.0059073465,0.4,0.025375262,0.29142147,0.049394205
375316653866487564,4036059387482340480,0.44854984,2301.996924560022,0.048628387424844155,2.2194505E-5,19.36499,0.94154465,0.15087192,0.008106308,0.14853607,0.14458814,0.5018777,0.92770994,0.59988576,0.012056862,0.07899483,0.040031772,1.2492461,1.1351906,null,null,null,null,"TWOGAUSSIANS",8,3.0873768,0.59988576,0.012056862,0.4,0.07072147,1.1883669,1.2079357,0.15087192,0.008031352,0.4,0.0,0.43527922,0.15734276
375316653866487564,4036059490562133760,0.48868245,2309.046673165727,3.4882720151766793,3.328912E-5,19.108053,0.0120773455,0.22440405,0.009818539,0.07627181,0.02287196,0.15478872,0.031656735,0.72016305,0.009096615,0.085894234,0.011090472,0.1674395,0.019897968,null,null,null,null,"TWOGAUSSIANS",8,1.9851943,0.72016305,0.009096615,0.4,0.0,0.16487725,0.018782109,0.22440405,0.009818539,0.4,0.0,0.1522265,0.036205303
375316653866487564,4036059868520561664,0.4357304,2392.7475448445134,0.0686574278325109,5.67257E-5,19.457794,0.031706687,0.25863996,0.02763888,0.08622299,0.023601852,0.26885697,0.062484074,0.79214495,0.0029789647,0.07686555,0.008236022,0.5821492,0.047221515,null,null,null,null,"TWOGAUSSIANS",8,5.9265265,0.79214495,0.0029789647,0.4,0.0,0.5785196,0.052084997,0.25863996,0.02763888,0.4,0.0,0.26522723,0.05636258
375316653866487564,4036060070327999744,0.45753953,2335.0310991447072,1.2859828524377996,1.5624498E-4,17.76781,0.00666812,0.21901499,0.010638007,0.06809643,0.013902097,0.08772063,0.010489116,0.7152573,0.01180731,0.038861025,0.013417528,0.060891017,0.010899914,null,null,null,null,"TWOGAUSSIANS",8,7.144533,0.21901499,0.010638007,0.38134,0.06090721,0.087718375,0.01048506,0.7152573,0.01180731,0.21762173,0.07513816,0.060888764,0.010896422
375316653866487564,4036060242126706304,0.66995615,2314.168124174359,0.8073625124997047,2.2406975E-6,15.562367,0.0050909757,0.24217194,5.4832915E-4,0.059232045,0.0019371824,0.25920197,0.012748992,0.7429673,0.030800622,0.050616626,0.025840595,0.04208135,0.12354106,0.076514505,0.0056038746,0.24217194,5.4832915E-4,"TWOGAUSSIANS_WITH_ELLIPSOIDAL_ON_ECLIPSE1",9,5.9577427,0.24217194,5.4832915E-4,0.33169946,0.010848221,0.4121959,0.009272666,0.7429673,0.0188997,0.2834531,0.14470734,0.19507144,0.12410918
375316653866487564,4036060620083792256,0.61343426,2296.5395328034456,0.2075811541015978,1.1859282E-4,17.271936,0.0010618613,0.20729968,0.024539225,0.0238108,0.008318034,0.35078362,0.122931145,0.48511818,0.035663083,0.05980571,0.045386665,0.005390311,0.0014100607,null,null,null,null,"TWOGAUSSIANS",8,1.7637078,0.20729968,0.024539588,0.13334048,0.04658099,0.35078374,0.122932814,0.48511818,0.035663083,0.33491197,0.11200791,0.005390311,0.0014100984
375316653866487564,4036060761874342784,0.46438926,2310.1927249003215,2.6921419828653494,2.0860665E-5,19.089897,0.034590874,0.25869533,0.007641817,0.09072667,0.02152885,0.31109387,0.037602905,0.76167345,0.008422271,0.091594756,0.013428594,0.31992278,0.037512664,null,null,null,null,"TWOGAUSSIANS",8,6.736898,0.76167345,0.008422271,0.4,0.0,0.3058823,0.027753437,0.25869533,0.007641817,0.4,0.0,0.29705346,0.044448532
375316653866487564,4036060860625441536,0.47570708,2319.339497987581,3.0634170600497783,3.828592E-5,19.479172,0.03659468,0.31661674,0.008009797,0.08883643,0.015707044,0.26993957,0.04601973,0.8058562,0.015117311,0.08064226,0.02897216,0.24186108,0.046318464,null,null,null,null,"TWOGAUSSIANS",8,2.572322,0.31661674,0.008009797,0.4,0.0,0.2644834,0.04008854,0.8058562,0.015117311,0.4,0.013948643,0.236405,0.047309835
375316653866487564,4036061105491078400,0.59821075,2282.5975283573757,2.504521244193536,7.602278E-6,18.342424,0.011854661,0.2929607,0.0031050288,0.04995267,0.007888751,0.24797247,0.042236093,0.7975729,0.010552681,0.04503547,0.010076547,0.19458105,0.030724829,0.12751673,0.017126836,0.2929607,0.0031050288,"TWOGAUSSIANS_WITH_ELLIPSOIDAL_ON_ECLIPSE1",9,4.2873225,0.2929607,0.0031050288,0.27973494,0.044177007,0.5030049,0.03887399,0.7975729,0.010544858,0.25219864,0.056428663,0.44939935,0.026040802
375316653866487564,4036061345985722496,0.44734108,2332.868677589229,0.3158964333882405,4.2610143E-5,18.025433,0.004640121,0.22278894,0.021027919,0.0430101,0.011213282,0.1632604,0.045989353,0.6646676,0.053049568,0.06981127,0.05748796,0.06366444,0.025774831,null,null,null,null,"TWOGAUSSIANS",8,1.6883626,0.22278894,0.021027919,0.24085657,0.06279438,0.16325955,0.04598022,0.6646676,0.053049568,0.39094314,0.13132364,0.06366359,0.02616598
