Gaia/vari_eclipsing_binary/VariEclipsingBinary_048682-048814.csv
# %ECSV 1.0
# ---
# delimiter: ','
# meta: !!omap
# - RELEASE: Gaia DR3
# - TABLE: vari_eclipsing_binary
# - DESCRIPTION: >
#     This table describes the properties of the eclipsing binaries resulting from the variability analysis. 
# - CITATION: >
#     How to cite and acknowledge Gaia: 
#     https://gea.esac.esa.int/archive/documentation/credits.html 
# - KNOWN_ISSUES: >
#     Known issues: 
#     https://www.cosmos.esa.int/web/gaia-users/known-issues 
# - DOCUMENTATION: >
#     Tutorials and documentation: 
#     https://www.cosmos.esa.int/web/gaia-users/archive 
# datatype:
# - 
#   name: solution_id
#   datatype: int64
#   description: Solution Identifier
#   meta:
#     ucd: meta.version
# - 
#   name: source_id
#   datatype: int64
#   description: Unique source identifier
#   meta:
#     ucd: meta.id;meta.main
# - 
#   name: global_ranking
#   datatype: float32
#   description: Number between 0 (worst) and 1 (best)
#   meta:
#     ucd: stat.param
# - 
#   name: reference_time
#   datatype: float64
#   unit: d
#   description: Reference time used for the geometric model fit
#   meta:
#     ucd: time.epoch
# - 
#   name: frequency
#   datatype: float64
#   unit: d**-1
#   description: Frequency of geometric model of the eclipsing binary light curve
#   meta:
#     ucd: src.orbital
# - 
#   name: frequency_error
#   datatype: float32
#   unit: d**-1
#   description: "Uncertainty of \\texttt{frequency}"
#   meta:
#     ucd: stat.error
# - 
#   name: geom_model_reference_level
#   datatype: float32
#   unit: mag
#   description: Magnitude reference level of geometric model
#   meta:
#     ucd: phot.mag;em.opt
# - 
#   name: geom_model_reference_level_error
#   datatype: float32
#   unit: mag
#   description: "Uncertainty of \\texttt{geomModelReferenceLevel}"
#   meta:
#     ucd: stat.error;phot.mag;em.opt
# - 
#   name: geom_model_gaussian1_phase
#   datatype: float32
#   description: Phase of the Gaussian 1 component
#   meta:
#     ucd: time.phase
# - 
#   name: geom_model_gaussian1_phase_error
#   datatype: float32
#   description: "Uncertainty of \\texttt{geomModelGaussian1Phase}"
#   meta:
#     ucd: stat.error;time.phase
# - 
#   name: geom_model_gaussian1_sigma
#   datatype: float32
#   description: "Standard deviation [phase] of Gaussian 1 component"
#   meta:
#     ucd: stat.stdev
# - 
#   name: geom_model_gaussian1_sigma_error
#   datatype: float32
#   description: "Uncertainty of \\texttt{geomModelGaussian1Sigma}"
#   meta:
#     ucd: stat.error
# - 
#   name: geom_model_gaussian1_depth
#   datatype: float32
#   unit: mag
#   description: Magnitude depth of Gaussian 1 component
#   meta:
#     ucd: src.var.amplitude
# - 
#   name: geom_model_gaussian1_depth_error
#   datatype: float32
#   unit: mag
#   description: "Uncertainty of \\texttt{geomModelGaussian1Depth}"
#   meta:
#     ucd: stat.error;src.var.amplitude
# - 
#   name: geom_model_gaussian2_phase
#   datatype: float32
#   description: Phase of Gaussian 2 component
#   meta:
#     ucd: time.phase
# - 
#   name: geom_model_gaussian2_phase_error
#   datatype: float32
#   description: "Uncertainty of \\texttt{geomModelGaussian2Phase}"
#   meta:
#     ucd: stat.error;time.phase
# - 
#   name: geom_model_gaussian2_sigma
#   datatype: float32
[...]
#   datatype: float32
#   description: "Secondary eclipse: uncertainty of \\texttt{derivedSecondaryEclDuration}"
#   meta:
#     ucd: stat.error;time.duration
# - 
#   name: derived_secondary_ecl_depth
#   datatype: float32
#   unit: mag
#   description: "Secondary eclipse: depth"
#   meta:
#     ucd: src.var.amplitude
# - 
#   name: derived_secondary_ecl_depth_error
#   datatype: float32
#   unit: mag
#   description: "Secondary eclipse: uncertainty of \\texttt{derivedSecondaryEclDepth}"
#   meta:
#     ucd: stat.error;src.var.amplitude
solution_id,source_id,global_ranking,reference_time,frequency,frequency_error,geom_model_reference_level,geom_model_reference_level_error,geom_model_gaussian1_phase,geom_model_gaussian1_phase_error,geom_model_gaussian1_sigma,geom_model_gaussian1_sigma_error,geom_model_gaussian1_depth,geom_model_gaussian1_depth_error,geom_model_gaussian2_phase,geom_model_gaussian2_phase_error,geom_model_gaussian2_sigma,geom_model_gaussian2_sigma_error,geom_model_gaussian2_depth,geom_model_gaussian2_depth_error,geom_model_cosine_half_period_amplitude,geom_model_cosine_half_period_amplitude_error,geom_model_cosine_half_period_phase,geom_model_cosine_half_period_phase_error,model_type,num_model_parameters,reduced_chi2,derived_primary_ecl_phase,derived_primary_ecl_phase_error,derived_primary_ecl_duration,derived_primary_ecl_duration_error,derived_primary_ecl_depth,derived_primary_ecl_depth_error,derived_secondary_ecl_phase,derived_secondary_ecl_phase_error,derived_secondary_ecl_duration,derived_secondary_ecl_duration_error,derived_secondary_ecl_depth,derived_secondary_ecl_depth_error
[from data line 720]
375316653866487564,429234289920836608,0.53633195,2209.857786737851,0.9355292895975902,1.7151997E-5,19.017899,0.0026899464,0.24485445,0.0038528906,0.026732825,0.0058319047,0.56914204,0.12056296,0.40637463,0.05815361,0.080006644,0.0878153,0.016659083,73.93648,null,null,null,null,"TWOGAUSSIANS",8,1.709166,0.24492446,0.0038245812,0.14970382,0.032658666,0.57131475,0.12227653,0.40637463,0.05815361,0.4,0.3885321,0.01665909,73.93648
375316653866487564,429234461719630336,0.5387122,2217.0471433045745,2.7728842645229754,8.0656955E-6,18.73459,0.01273502,0.29192513,0.00387885,0.08493541,0.007193167,0.29911554,0.013203164,0.7930818,0.0034916669,0.09280643,0.0065918267,0.27808413,0.011237357,null,null,null,null,"TWOGAUSSIANS",8,2.3406458,0.29192513,0.00387885,0.4,0.0,0.28831655,0.012793517,0.7930818,0.0034916669,0.4,0.0,0.2672849,0.007779033
375316653866487564,429234500384389888,0.59328973,2212.545908205468,0.1703959603624765,6.332805E-6,15.94587,0.0010967605,0.16667588,0.008987931,0.01238948,0.016248021,0.01208486,2.9817073,0.8340837,3.7060652E-4,0.0053810873,1.5283607E-4,0.42548633,0.019200256,0.0017222024,0.0016025001,0.16667588,0.008987931,"TWOGAUSSIANS_WITH_ELLIPSOIDAL_ON_ECLIPSE1",9,6.780983,0.8340837,3.7060652E-4,0.03013409,8.55882E-4,0.42633355,0.019193066,0.16667588,0.008987931,0.06938109,0.09098892,0.015529256,2.9833827
375316653866487564,429234874036564480,0.60961276,2214.2153693049804,2.479724582628012,3.265675E-6,15.271689,0.005668473,0.3265737,0.0015843825,0.08206088,0.0022437237,0.38806602,0.008598113,0.83337104,8.8537653E-4,0.0751801,0.0024610567,0.24013506,0.005149174,null,null,null,null,"TWOGAUSSIANS",8,37.265915,0.3265737,0.0015843825,0.4,0.0,0.38465226,0.008442582,0.83337104,8.8537653E-4,0.4,0.0,0.23672132,0.004534338
375316653866487564,429235183274199936,0.5180723,2259.970126150626,0.02390496892174999,1.8120094E-5,17.358843,0.0029535398,0.39452577,0.0061892495,0.031158447,0.0057017016,0.041826118,0.006538655,0.5957064,0.0022834067,0.03267719,0.009120962,0.48859063,0.33336243,0.011962231,0.0032960565,0.5957064,0.0022834067,"TWOGAUSSIANS_WITH_ELLIPSOIDAL_ON_ECLIPSE2",9,6.735103,0.5957064,0.0022834067,0.18299225,0.051077385,0.51251507,0.33305517,0.39661577,0.005880596,0.17448731,0.031929526,0.044097677,0.0067678834
375316653866487564,429235320713064704,0.534617,2218.819141899325,0.2287928619634495,1.8385163E-5,19.059317,0.002793033,0.40628624,0.0065653725,0.009843667,0.005579567,0.17271125,0.10317926,0.91126716,0.0013425254,0.0094070155,9.0300303E-4,0.5043281,0.046287816,null,null,null,null,"TWOGAUSSIANS",8,1.8549699,0.91126716,0.0013425254,0.05267929,0.005056817,0.5043281,0.046287816,0.40628624,0.0065653725,0.055124536,0.031245574,0.17271125,0.10317926
375316653866487564,429238795351564416,0.64381295,2213.859532393947,3.973790060670952,3.843788E-6,14.517585,0.011513421,0.26251718,0.0016653736,0.052373677,0.0032212022,0.40311375,0.023998983,0.75799984,9.797505E-4,0.058561075,0.003745057,0.42244697,0.024400333,0.09056882,0.013529691,0.75799984,9.797505E-4,"TWOGAUSSIANS_WITH_ELLIPSOIDAL_ON_ECLIPSE2",9,96.41844,0.75799984,9.797505E-4,0.32794204,0.020972319,0.603535,0.022394413,0.2621172,0.001485447,0.29329258,0.018038731,0.58406883,0.009662146
375316653866487564,429239757424190720,0.5545069,2214.818658991246,2.761729967487328,8.397628E-6,15.728494,0.008078887,0.22538857,0.0033422343,0.07547307,0.0065142186,0.24899879,0.011250406,0.7235889,0.0023398327,0.08746468,0.0037873304,0.29037666,0.0076955855,null,null,null,null,"TWOGAUSSIANS",8,44.393093,0.7235889,0.0023398327,0.4,0.0,0.285674,0.005913108,0.22538857,0.0033422343,0.4,0.0,0.2442962,0.0115599055
375316653866487564,429240509036387968,0.5153291,2242.0548001150546,0.11485520558236433,6.756063E-5,19.415462,0.0045400187,0.2699155,0.034863207,0.048394065,0.023458945,0.035385996,0.011234946,0.8957974,1.2829588E-4,0.0057446165,1.12327674E-4,0.5563203,0.0035008981,null,null,null,null,"TWOGAUSSIANS",8,1.7074448,0.8957974,1.2829588E-4,0.032169852,6.29035E-4,0.5563203,0.0035008981,0.2699155,0.034863207,0.27100676,0.1313701,0.035385996,0.011234946
375316653866487564,429241711624652928,0.50077266,2201.6963301199044,3.2235800760281315,1.6124297E-5,19.373638,0.014526186,0.13447456,0.0046513756,0.089386225,0.006012669,0.23916927,0.014900379,0.63144416,0.004899123,0.10039329,0.008885713,0.24681345,0.016049601,null,null,null,null,"TWOGAUSSIANS",8,1.0994499,0.63144416,0.004899123,0.4,0.0,0.23234056,0.01483409,0.13447456,0.0046513756,0.4,0.0,0.22469835,0.009555914
375316653866487564,429246865585715712,0.42203367,2206.6193897951257,2.329787262819484,1.8895418E-5,17.642088,0.023342203,0.33068612,0.06555765,0.2037364,0.30622247,0.019943321,0.025089078,0.6154123,0.008855456,0.0677111,0.008013689,0.12942056,0.017446654,null,null,null,null,"TWOGAUSSIANS",8,12.030926,0.6154123,0.008855456,0.37918216,0.044876657,0.13472512,0.016885541,0.3335461,0.2826578,0.4,0.25105125,0.017715551,0.115718566
375316653866487564,429248690956073344,0.4896845,2209.8742152802815,2.2476309669140475,1.22960155E-5,17.21704,0.0018737584,null,null,null,null,null,null,null,null,null,null,null,null,0.045646913,0.0027584708,0.23575151,0.004718865,"ELLIPSOIDAL",4,5.756052,null,null,null,null,null,null,null,null,null,null,null,null
375316653866487564,429248759675545984,0.4967158,2183.560214672749,0.22905352388455472,8.93691E-5,16.563185,0.0010693383,0.26588544,0.0035264934,0.012579492,0.002869079,0.04463471,0.056679204,0.778494,0.0022101756,0.011649039,0.0019648948,0.092742324,0.018849645,null,null,null,null,"TWOGAUSSIANS",8,4.321939,0.778494,0.0022101756,0.06523462,0.011003411,0.092742324,0.018849645,0.26588544,0.0035264934,0.07044516,0.016066842,0.04463471,0.056679204
375316653866487564,429248995889609344,0.58190656,2185.3116788649713,2.506829463070269,4.9250234E-6,18.652678,0.0026960173,0.24302606,0.0016875863,0.047023956,0.0020095457,0.35163632,0.018231636,0.7731513,0.006786575,0.013046403,0.0047420566,0.06006056,0.020166142,0.07122858,0.0052595385,0.24302606,0.0016875863,"TWOGAUSSIANS_WITH_ELLIPSOIDAL_ON_ECLIPSE1",9,2.1803768,0.24302606,0.0016875863,0.26333416,0.011253457,0.4940932,0.017992215,0.7731513,0.006786575,0.07305986,0.026555518,0.1974742,0.018061351
375316653866487564,429252023849822592,0.46318415,2207.359852052698,3.307160519136099,3.549395E-5,17.268633,0.01818291,0.2888947,0.012595376,0.082824804,0.024509499,0.12566797,0.015923122,0.76415503,0.016351718,0.053644184,0.021186786,0.254702,0.0253862,null,null,null,null,"TWOGAUSSIANS",8,41.070724,0.76415503,0.016351718,0.30040744,0.105944544,0.2545045,0.024880039,0.2888947,0.012595376,0.4,0.0,0.12547046,0.015212043
375316653866487564,429254188513326592,0.4727941,2217.7063895446477,1.382992823558768,3.398296E-5,18.880955,0.110080056,0.26723865,0.010551912,0.12010989,0.026789835,0.43552977,0.10918469,0.7338147,0.0069457707,0.10940229,0.017236058,0.5755693,0.1040635,null,null,null,null,"TWOGAUSSIANS",8,14.324682,0.7338147,0.0069457707,0.4,0.0,0.50935197,0.035898764,0.26731864,0.010504088,0.4,0.0,0.36912814,0.051289555
375316653866487564,429257998139541760,0.6264678,2201.632729527453,0.4630188343603772,3.733765E-6,18.460384,0.013369261,0.25955364,0.028878927,0.0444509,0.061515685,0.10245171,0.04227736,0.7587062,8.6469436E-4,0.024189565,0.0011991715,1.3631718,0.049138043,0.019103138,0.015335285,0.25955364,0.028878927,"TWOGAUSSIANS_WITH_ELLIPSOIDAL_ON_ECLIPSE1",9,6.656819,0.7587062,8.6464756E-4,0.13546157,0.0067153606,1.4013771,0.048809405,0.25955364,0.028878927,0.24892505,0.34306884,0.14065798,0.057812836
375316653866487564,429258208602719104,0.61880434,2210.5993670742496,3.2613151422703295,2.7695512E-6,17.038694,0.014377164,0.29273787,0.00191365,0.051630203,0.008472602,0.25521022,0.019003838,0.7857484,0.0015924771,0.059735045,0.004485244,0.32129428,0.028281284,0.09239649,0.01745411,0.29273787,0.00191365,"TWOGAUSSIANS_WITH_ELLIPSOIDAL_ON_ECLIPSE1",9,9.325978,0.7867184,0.0013538329,0.33451626,0.025117366,0.5057478,0.010350537,0.29273787,0.00191365,0.28912914,0.04744657,0.4399703,0.021701856
375316653866487564,429259342474033792,0.5044839,2205.3341998342016,3.8539445005837574,9.815991E-6,19.617083,0.008025293,0.18202554,0.0031118905,0.06331174,0.0029584398,0.48884305,0.012617933,0.675851,0.0028223568,0.07587091,0.0071025994,0.5010031,0.054297533,null,null,null,null,"TWOGAUSSIANS",8,1.9143646,0.675851,0.0028223568,0.4,0.0,0.49967828,0.05516708,0.18202554,0.0031118905,0.35454574,0.016567264,0.48751822,0.012403029
375316653866487564,429261953814056192,0.59601074,2172.6281446044277,1.440961200719235,4.0879177E-6,15.608642,0.01189305,0.20419827,0.002883979,0.109717235,0.008522323,0.16383624,0.010821902,0.6874819,0.0012708312,0.09808184,0.0060345107,0.27363804,0.0073602237,null,null,null,null,"TWOGAUSSIANS",8,8.916126,0.6874819,0.0012708312,0.4,0.0,0.2548928,0.0066408506,0.20419827,0.0028870236,0.4,0.0,0.14508021,0.003701632
375316653866487564,429263225124403328,0.63645047,2189.3169618933503,0.8915577810852524,6.7415226E-6,15.49879,0.0010625509,0.27454504,0.0030534174,0.027044408,0.0049400995,0.15224878,0.014942503,0.77057767,9.278934E-4,0.028101513,8.721433E-4,0.1579717,0.007097241,0.0157875,0.0016611248,0.27454504,0.0030534174,"TWOGAUSSIANS_WITH_ELLIPSOIDAL_ON_ECLIPSE1",9,4.9564786,0.7706277,9.083612E-4,0.15736847,0.0048840023,0.18952733,0.007169501,0.27454504,0.0030534174,0.15144868,0.027664557,0.1838238,0.016347524
375316653866487564,429265076245875712,0.5276388,2167.602208056353,0.6671729131796482,2.9272428E-6,19.243792,0.0034751252,0.2820979,0.017369524,0.024763038,0.0051924963,0.28135827,0.15811773,0.7839271,1.6380718E-4,0.019254914,3.072892E-4,0.57175773,0.008780009,null,null,null,null,"TWOGAUSSIANS",8,1.6698267,0.7839271,1.6380718E-4,0.10782752,0.0017208196,0.57175773,0.008780009,0.2820979,0.017369524,0.13867302,0.029077979,0.28135827,0.15811773
375316653866487564,429265591642154240,0.45598218,2178.848949446566,3.2558571354030117,4.4210916E-5,18.612236,0.025736807,0.23908132,0.014406577,0.081398934,0.02398338,0.22639932,0.04213544,0.7445838,0.011814514,0.09433,0.018154485,0.22199154,0.035304774,null,null,null,null,"TWOGAUSSIANS",8,15.509043,0.23908132,0.014406577,0.4,0.043744735,0.21926944,0.044367414,0.7445838,0.011814514,0.4,0.0,0.2148613,0.03415807
375316653866487564,429266038318760192,0.46195877,2191.445574992015,3.307837026924597,2.7612765E-5,19.517189,0.008516521,0.8121734,0.015283911,0.025845356,0.013572614,0.039620075,0.08056046,null,null,null,null,null,null,0.11393405,0.02413044,0.8121734,0.015283911,"ONEGAUSSIAN_WITH_ELLIPSOIDAL",6,4.280201,0.8121734,0.015283911,0.144734,0.076006636,0.26748806,0.07345652,null,null,null,null,null,null
375316653866487564,429266901605598080,0.5615809,2176.092177832494,2.7882987330489204,9.655573E-6,19.54808,0.011111162,0.23465599,0.0050638923,0.06456186,0.0040554726,0.49933776,0.016895255,0.73578167,0.001567872,0.06789407,0.0020636856,0.7714812,0.015711293,null,null,null,null,"TWOGAUSSIANS",8,2.603912,0.73578167,0.001567872,0.38020682,0.011556639,0.77050984,0.015595968,0.23465599,0.0050638923,0.36154643,0.022710646,0.49836642,0.016795386
375316653866487564,429267520091732224,0.6206648,2191.844981094925,0.7549200190531972,2.86454E-4,16.478554,7.339105E-4,0.29286012,0.05628504,0.04870921,0.062012363,0.01558821,122509.41,0.81626654,0.009762598,0.017586675,0.0076838145,0.8737993,5.631927,null,null,null,null,"TWOGAUSSIANS",8,2.3787568,0.81626654,0.009762598,0.09848538,0.04302936,0.8737993,5.631927,0.29286012,0.05628504,0.27277157,0.34726924,0.01558821,122509.41
375316653866487564,429267794969473792,0.65270656,2185.4303898518233,2.2748480596681917,2.5399302E-6,16.041168,0.004601614,0.20445193,6.993505E-4,0.08425592,0.0015489161,0.37331414,0.0052177603,0.7062273,0.0010720452,0.09028035,0.0022150448,0.33946317,0.0048799133,null,null,null,null,"TWOGAUSSIANS",8,6.678316,0.20445193,6.993505E-4,0.4,0.0,0.36192355,0.004885461,0.7062273,0.0010720452,0.4,0.0,0.32807246,0.0044912766
375316653866487564,429269508658657152,0.4483287,2182.263877944829,1.4437489415278884,5.334917E-5,19.600155,0.014695524,0.2894606,0.008372687,0.044042975,0.008000277,0.34252396,0.045767486,0.81235677,0.016224168,0.06406987,0.020382341,0.20277216,0.045790955,null,null,null,null,"TWOGAUSSIANS",8,5.5179152,0.2894606,0.008372687,0.24664065,0.044801548,0.34251988,0.045772728,0.81235677,0.016224168,0.35879123,0.11332971,0.20276807,0.04579734
375316653866487564,429273563101195136,0.5316541,2171.856312226424,3.176125285692999,1.0860844E-5,19.231922,0.030457629,0.19698912,0.0040320256,0.09254067,0.008279991,0.43397096,0.029136188,0.69291574,0.004476253,0.08979081,0.009333992,0.46633834,0.028320635,null,null,null,null,"TWOGAUSSIANS",8,3.5172567,0.69291574,0.004476253,0.4,0.0,0.44665596,0.022587614,0.19698912,0.0040320256,0.4,0.0,0.41428834,0.021121632
375316653866487564,429274357668494592,0.46696013,2167.894180560735,2.4055596467503118,1.6623639E-5,19.181444,0.008551235,0.30997682,0.006185724,0.09591215,0.01068935,0.17075425,0.011849656,0.8059723,0.009383289,0.0609897,0.014414958,0.19057788,0.013597027,null,null,null,null,"TWOGAUSSIANS",8,2.3624284,0.8059723,0.009383289,0.34154233,0.08072376,0.18858877,0.013132947,0.30997682,0.006185724,0.4,0.0,0.16876471,0.011925086
375316653866487564,429278343409454208,0.60281307,2219.221671057604,2.8878136987372818,5.4658194E-6,18.22695,0.0107803745,0.13659507,0.0014948333,0.045781583,0.003207205,0.40563056,0.027766954,0.63605887,0.002076986,0.048412774,0.0041068713,0.40546554,0.03543886,0.10867007,0.016857691,0.13659507,0.0014948333,"TWOGAUSSIANS_WITH_ELLIPSOIDAL_ON_ECLIPSE1",9,5.6909113,0.13659507,0.0014948333,0.25637686,0.01796035,0.6229695,0.016993495,0.6361089,0.0019326574,0.27111155,0.022998478,0.62280226,0.03224618
375316653866487564,429278373465109888,0.5739608,2237.121261203166,2.7304574534407924,5.813545E-6,18.941208,0.009429559,0.21620485,0.0016546587,0.08354151,0.003230145,0.48309475,0.019299218,0.72159266,0.0029975323,0.089274585,0.00600072,0.4048782,0.021761103,null,null,null,null,"TWOGAUSSIANS",8,1.8924352,0.21620485,0.0016546587,0.4,0.0,0.4708579,0.020063043,0.72159266,0.0029975323,0.4,0.0,0.39264122,0.023993466
375316653866487564,429279511640277760,0.5484937,2202.135739272875,0.982082555632379,3.8459734E-6,17.972738,0.002755696,0.22884183,0.003416973,0.028721135,0.004836692,0.090468004,0.005748598,0.7193415,8.725042E-4,0.032608848,0.0013424762,0.32087392,0.017500196,null,null,null,null,"TWOGAUSSIANS",8,3.2664268,0.7193415,8.725042E-4,0.18260956,0.007517867,0.32087392,0.017500196,0.22884183,0.003416973,0.16083837,0.027085476,0.090468004,0.005748598
375316653866487564,429279747855012608,0.56282824,2168.1356682705314,2.6041468870498785,5.3018057E-6,18.940931,0.005817206,0.26128727,0.0021762154,0.0774043,0.0022559136,0.44859892,0.013320535,0.76552516,0.0017454078,0.08019164,0.002734963,0.41012204,0.011889656,null,null,null,null,"TWOGAUSSIANS",8,1.6671137,0.26128727,0.0021762154,0.4,0.0,0.443471,0.013346941,0.76552516,0.0017454078,0.4,0.0,0.40499413,0.012249673
375316653866487564,429279958316872448,0.6421863,2187.664515357892,0.7684580958342828,2.1120264E-5,15.973311,0.0012497619,0.2603697,0.0020047298,0.02568133,0.001637904,0.10778447,0.0055162944,0.76139265,9.545174E-4,0.022833584,0.0013608657,0.51314104,0.025856122,null,null,null,null,"TWOGAUSSIANS",8,6.555234,0.76139265,9.545174E-4,0.12786807,0.0076208473,0.51314104,0.025856122,0.2603697,0.0020047298,0.14381546,0.009172263,0.10778447,0.0055162944
375316653866487564,429282221756248576,0.57301503,2150.0563830851784,2.303551081652936,7.985391E-6,18.990664,0.007220867,0.24895628,0.0030883953,0.04355716,0.00527955,0.17838927,0.024932252,0.7428028,0.006825287,0.06056283,0.0062465905,0.18180305,0.02293651,0.113375075,0.010887023,0.24895628,0.0030883953,"TWOGAUSSIANS_WITH_ELLIPSOIDAL_ON_ECLIPSE1",9,1.6522102,0.7444328,0.004792244,0.33915186,0.034980908,0.40828055,0.01503277,0.24895628,0.0030883953,0.2439201,0.029565478,0.40511575,0.020128043
