Gaia/vari_eclipsing_binary/VariEclipsingBinary_487442-487498.csv
# %ECSV 1.0
# ---
# delimiter: ','
# meta: !!omap
# - RELEASE: Gaia DR3
# - TABLE: vari_eclipsing_binary
# - DESCRIPTION: >
#     This table describes the properties of the eclipsing binaries resulting from the variability analysis. 
# - CITATION: >
#     How to cite and acknowledge Gaia: 
#     https://gea.esac.esa.int/archive/documentation/credits.html 
# - KNOWN_ISSUES: >
#     Known issues: 
#     https://www.cosmos.esa.int/web/gaia-users/known-issues 
# - DOCUMENTATION: >
#     Tutorials and documentation: 
#     https://www.cosmos.esa.int/web/gaia-users/archive 
# datatype:
# - 
#   name: solution_id
#   datatype: int64
#   description: Solution Identifier
#   meta:
#     ucd: meta.version
# - 
#   name: source_id
#   datatype: int64
#   description: Unique source identifier
#   meta:
#     ucd: meta.id;meta.main
# - 
#   name: global_ranking
#   datatype: float32
#   description: Number between 0 (worst) and 1 (best)
#   meta:
#     ucd: stat.param
# - 
#   name: reference_time
#   datatype: float64
#   unit: d
#   description: Reference time used for the geometric model fit
#   meta:
#     ucd: time.epoch
# - 
#   name: frequency
#   datatype: float64
#   unit: d**-1
#   description: Frequency of geometric model of the eclipsing binary light curve
#   meta:
#     ucd: src.orbital
# - 
#   name: frequency_error
#   datatype: float32
#   unit: d**-1
#   description: "Uncertainty of \\texttt{frequency}"
#   meta:
#     ucd: stat.error
# - 
#   name: geom_model_reference_level
#   datatype: float32
#   unit: mag
#   description: Magnitude reference level of geometric model
#   meta:
#     ucd: phot.mag;em.opt
# - 
#   name: geom_model_reference_level_error
#   datatype: float32
#   unit: mag
#   description: "Uncertainty of \\texttt{geomModelReferenceLevel}"
#   meta:
#     ucd: stat.error;phot.mag;em.opt
# - 
#   name: geom_model_gaussian1_phase
#   datatype: float32
#   description: Phase of the Gaussian 1 component
#   meta:
#     ucd: time.phase
# - 
#   name: geom_model_gaussian1_phase_error
#   datatype: float32
#   description: "Uncertainty of \\texttt{geomModelGaussian1Phase}"
#   meta:
#     ucd: stat.error;time.phase
# - 
#   name: geom_model_gaussian1_sigma
#   datatype: float32
#   description: "Standard deviation [phase] of Gaussian 1 component"
#   meta:
#     ucd: stat.stdev
# - 
#   name: geom_model_gaussian1_sigma_error
#   datatype: float32
#   description: "Uncertainty of \\texttt{geomModelGaussian1Sigma}"
#   meta:
#     ucd: stat.error
# - 
#   name: geom_model_gaussian1_depth
#   datatype: float32
#   unit: mag
#   description: Magnitude depth of Gaussian 1 component
#   meta:
#     ucd: src.var.amplitude
# - 
#   name: geom_model_gaussian1_depth_error
#   datatype: float32
#   unit: mag
#   description: "Uncertainty of \\texttt{geomModelGaussian1Depth}"
#   meta:
#     ucd: stat.error;src.var.amplitude
# - 
#   name: geom_model_gaussian2_phase
#   datatype: float32
#   description: Phase of Gaussian 2 component
#   meta:
#     ucd: time.phase
# - 
#   name: geom_model_gaussian2_phase_error
#   datatype: float32
#   description: "Uncertainty of \\texttt{geomModelGaussian2Phase}"
#   meta:
#     ucd: stat.error;time.phase
# - 
#   name: geom_model_gaussian2_sigma
#   datatype: float32
[...]
#   datatype: float32
#   description: "Secondary eclipse: uncertainty of \\texttt{derivedSecondaryEclDuration}"
#   meta:
#     ucd: stat.error;time.duration
# - 
#   name: derived_secondary_ecl_depth
#   datatype: float32
#   unit: mag
#   description: "Secondary eclipse: depth"
#   meta:
#     ucd: src.var.amplitude
# - 
#   name: derived_secondary_ecl_depth_error
#   datatype: float32
#   unit: mag
#   description: "Secondary eclipse: uncertainty of \\texttt{derivedSecondaryEclDepth}"
#   meta:
#     ucd: stat.error;src.var.amplitude
solution_id,source_id,global_ranking,reference_time,frequency,frequency_error,geom_model_reference_level,geom_model_reference_level_error,geom_model_gaussian1_phase,geom_model_gaussian1_phase_error,geom_model_gaussian1_sigma,geom_model_gaussian1_sigma_error,geom_model_gaussian1_depth,geom_model_gaussian1_depth_error,geom_model_gaussian2_phase,geom_model_gaussian2_phase_error,geom_model_gaussian2_sigma,geom_model_gaussian2_sigma_error,geom_model_gaussian2_depth,geom_model_gaussian2_depth_error,geom_model_cosine_half_period_amplitude,geom_model_cosine_half_period_amplitude_error,geom_model_cosine_half_period_phase,geom_model_cosine_half_period_phase_error,model_type,num_model_parameters,reduced_chi2,derived_primary_ecl_phase,derived_primary_ecl_phase_error,derived_primary_ecl_duration,derived_primary_ecl_duration_error,derived_primary_ecl_depth,derived_primary_ecl_depth_error,derived_secondary_ecl_phase,derived_secondary_ecl_phase_error,derived_secondary_ecl_duration,derived_secondary_ecl_duration_error,derived_secondary_ecl_depth,derived_secondary_ecl_depth_error
[from data line 446]
375316653866487564,4287929631315988480,0.61856645,2176.0642108823085,3.6865529229736933,9.426168E-6,18.1367,0.024322497,0.19520496,0.0036237447,0.041906253,0.0119290035,0.5391719,0.05873047,0.690924,0.0054894905,0.037519064,0.010425686,0.57074183,0.2112518,0.1569959,0.03329603,0.19520496,0.0036237447,"TWOGAUSSIANS_WITH_ELLIPSOIDAL_ON_ECLIPSE1",9,10.1067705,0.69117403,0.0052782814,0.21010675,0.05838384,0.8845189,0.2366281,0.19520496,0.0036237447,0.23467502,0.06680242,0.853163,0.052336283
375316653866487564,4287929910491738496,0.52032375,2146.6274541693474,3.5317376748199574,2.1807002E-5,19.206112,0.010442836,0.30946934,0.0047113835,0.07754746,0.0085830605,0.34812638,0.01606348,0.80336857,0.006344251,0.06472149,0.0061208955,0.31836784,0.029863592,null,null,null,null,"TWOGAUSSIANS",8,4.0066314,0.30946934,0.0047113835,0.4,0.0,0.3469366,0.016323652,0.80336857,0.006344251,0.36244032,0.034277014,0.31717807,0.030071111
375316653866487564,4287930490309525120,0.5356752,2154.3714500782507,4.066923563146842,4.6995647E-5,18.884298,0.018170612,0.21683437,0.0026140283,0.083680965,0.011764901,0.18224348,0.014989959,0.7225754,0.007513558,0.078379534,0.014075041,0.3066063,0.024876181,null,null,null,null,"TWOGAUSSIANS",8,2.5379252,0.7225754,0.007513558,0.4,0.0,0.3030265,0.027187763,0.21683437,0.0026140283,0.4,0.0,0.17866369,0.013120069
375316653866487564,4287930803858481664,0.5037856,2163.3051969291823,1.7298388850790962,1.8729897E-5,17.056562,0.023133885,0.30369285,0.010247125,0.10277994,0.0344756,0.08847147,0.01940077,0.7788377,0.010621474,0.11376875,0.035073876,0.07999403,0.020105923,null,null,null,null,"TWOGAUSSIANS",8,4.093349,0.30374283,0.010406841,0.4,0.0,0.07961047,0.010277884,0.7788377,0.010621474,0.4,0.0,0.07112027,0.009007359
375316653866487564,4287931662851981568,0.58929515,2156.522565842731,1.0957813322767296,7.511561E-6,15.667286,0.00494984,0.264708,0.002276745,0.09387529,0.0048160255,0.10729711,0.0047911694,0.7799592,0.0027111564,0.10165353,0.007850412,0.086153746,0.004086647,null,null,null,null,"TWOGAUSSIANS",8,3.0693412,0.264708,0.0022757521,0.4,0.0,0.10136888,0.0027427857,0.7799592,0.0027111564,0.4,0.0,0.08022451,0.0033731838
375316653866487564,4287932556205894144,0.5513451,2127.259548410826,0.21025009859635346,8.418347E-5,16.608398,0.0012963981,0.1921012,0.014724527,0.028140174,0.010416709,0.16495673,0.12346154,0.32943758,0.025125163,0.029113512,0.021909824,0.008994286,0.0040440722,null,null,null,null,"TWOGAUSSIANS",8,2.5824008,0.1921012,0.014724266,0.15758498,0.05833357,0.16495687,0.12345844,0.32943758,0.025125163,0.16303568,0.122695014,0.008995396,0.0040505882
375316653866487564,4287933243400030848,0.56256914,2181.8236892018476,2.3631521871666497,1.1574881E-5,18.04519,0.0042825486,0.1822126,0.0039923773,0.05019862,0.018356776,0.06507072,0.019134415,0.6372722,0.009091434,0.033748373,0.009097295,0.088932924,0.023527382,0.15211982,0.011313288,0.1822126,0.0039923773,"TWOGAUSSIANS_WITH_ELLIPSOIDAL_ON_ECLIPSE1",9,8.045433,0.64800215,0.0057280087,0.18899089,0.05094485,0.3749466,0.02018461,0.1822126,0.0039923773,0.28111228,0.10279795,0.3693095,0.021522565
375316653866487564,4287933857564181504,0.5271026,2165.1270947119538,1.2789869357395856,1.5171547E-5,18.654427,0.005609728,0.18547234,0.06239997,0.021101369,0.06530121,0.42596614,0.4327299,0.7419898,0.06483846,0.01618982,0.017521106,0.279873,2.1619782,null,null,null,null,"TWOGAUSSIANS",8,2.2096927,0.18547234,0.06239997,0.11816767,0.27320194,0.42596614,0.43273047,0.7419898,0.06483846,0.090662986,0.09811819,0.279873,2.1619782
375316653866487564,4287933999301650432,0.46538827,2201.2209942928002,3.360938334666222,2.8922608E-5,19.102959,0.046978995,0.26728454,0.018785581,0.112157844,0.027690344,0.19683632,0.05322167,0.79973817,0.005782943,0.1158503,0.018282661,0.25496244,0.04363201,null,null,null,null,"TWOGAUSSIANS",8,3.2473574,0.79979813,0.0057058423,0.4,0.0,0.22566417,0.01921218,0.26713455,0.01865926,0.4,0.0,0.16758321,0.02139898
375316653866487564,4287935270614722048,0.4394864,2162.3748787060117,0.10931265030898002,4.2267602E-5,18.420849,0.009579794,0.26843828,0.006145534,0.08355041,0.027205601,0.11306261,0.03159595,0.82123893,0.015705436,0.08224667,0.030112065,0.072084755,0.018299308,null,null,null,null,"TWOGAUSSIANS",8,2.4267037,0.26843828,0.006145534,0.4,0.0,0.112366974,0.033207595,0.82123893,0.015706288,0.4,0.06215643,0.07138915,0.018442241
375316653866487564,4287936606343776000,0.57631826,2129.7760166724825,2.9879190348023217,2.904063E-5,17.735655,0.01715057,0.302893,0.006363004,0.08386077,0.008194035,0.37970594,0.023211217,0.7953021,0.0063678105,0.0879888,0.010766289,0.3349372,0.01898973,null,null,null,null,"TWOGAUSSIANS",8,8.846183,0.302893,0.006363004,0.4,0.0,0.37063187,0.019426612,0.7953021,0.0063678105,0.4,0.0,0.3258631,0.014813071
375316653866487564,4287936816803111808,0.45763916,2114.826178232229,4.589734122061204,3.54509E-5,19.532907,0.07801815,0.31301466,0.022534586,0.14278303,0.03977594,0.2986273,0.08098446,0.78686684,0.019304564,0.10593315,0.02248675,0.30533797,0.07601347,null,null,null,null,"TWOGAUSSIANS",8,2.260788,0.78686684,0.019304564,0.4,0.0,0.24347201,0.022516735,0.31305465,0.022538036,0.4,0.0,0.23522826,0.035833858
375316653866487564,4287937400916302208,0.45332024,2175.349627738503,0.8498888509980257,3.4173447E-4,19.624851,0.08126148,0.41540018,0.041508894,0.08097612,0.031479854,0.21298113,0.11847365,0.6764477,0.054494787,0.1879396,0.08344281,0.29016075,0.09386344,null,null,null,null,"TWOGAUSSIANS",8,8.163315,0.44459018,0.037884768,0.4,0.06874922,0.31650537,0.07386427,0.6764477,0.054494787,0.4,0.0,0.27262914,0.09249919
375316653866487564,4287937572714583936,0.5302587,2231.6642969051045,0.18897507572764943,2.5420648E-5,19.83192,0.08361891,0.3107607,0.031520694,0.06783541,0.045499336,0.35408086,0.17401172,0.7645944,0.014587231,0.08690558,0.043886483,0.30465472,0.0740924,null,null,null,null,"TWOGAUSSIANS",8,1.3475224,0.3107607,0.031504847,0.3798783,0.061317317,0.3528097,0.17890677,0.7645944,0.014587231,0.4,0.0,0.3033832,0.04665206
375316653866487564,4287937705854390656,0.5374258,2169.151309358282,3.6476366424542976,2.5701538E-5,18.313503,0.00820847,0.21702318,0.0050755953,0.073874615,0.0062951,0.18630096,0.0110359825,0.7167589,0.007387017,0.0747112,0.006482695,0.15643115,0.010031559,null,null,null,null,"TWOGAUSSIANS",8,2.50314,0.21702318,0.0050755953,0.4,0.0051123183,0.18512227,0.0107246665,0.7167589,0.007387017,0.4,0.007058795,0.15525244,0.009460326
375316653866487564,4287937916312338560,0.5030243,2166.4583784846486,3.0931907011347697,3.8858263E-5,19.714495,0.044792663,0.22529672,0.013787391,0.07877332,0.017969312,0.534128,0.049468905,0.7456482,0.011888259,0.05836597,0.0139978565,0.42931992,0.046753887,null,null,null,null,"TWOGAUSSIANS",8,6.499307,0.22529672,0.013787391,0.4,0.004671077,0.5334082,0.0495492,0.7456482,0.011888259,0.32684943,0.078388,0.42860013,0.044456124
375316653866487564,4287938844025513472,0.5090916,2170.0083670017884,2.6825533693363597,2.7183612E-5,19.241865,0.01648231,0.22636355,0.0063878377,0.10014976,0.017026193,0.15058447,0.016277835,0.7364993,0.004948921,0.09528573,0.010979208,0.19711827,0.0147305885,null,null,null,null,"TWOGAUSSIANS",8,1.0490392,0.7364993,0.004949293,0.4,0.0,0.18576309,0.0076984945,0.22636355,0.0063878377,0.4,0.0,0.13922848,0.016935166
375316653866487564,4287939050184263808,0.44161195,2156.5001539182567,3.3667640493117936,5.3449094E-5,17.6401,0.023802578,0.21992938,0.019702515,0.06539221,0.0151316915,0.27746972,0.06787229,0.7351904,0.01816286,0.096360035,0.024939915,0.32008213,0.04048915,null,null,null,null,"TWOGAUSSIANS",8,63.88063,0.7351904,0.01816286,0.4,0.0,0.316372,0.041323747,0.21992938,0.019702515,0.36619636,0.07273262,0.27376083,0.06756746
375316653866487564,4287939290714178560,0.5612266,2148.8253810121423,0.2728128568593893,2.2969765E-5,16.468174,8.57319E-4,0.27524987,0.004246923,0.009442351,0.004413972,0.02068577,0.0045685647,0.67107695,0.013060639,0.022930833,0.014579973,0.09133838,0.010374789,null,null,null,null,"TWOGAUSSIANS",8,1.3281219,0.67107695,0.013060639,0.12841266,0.08164785,0.09133838,0.010374789,0.27524987,0.004246923,0.052877165,0.024718244,0.02068577,0.0045685647
375316653866487564,4287939355122080512,0.43393153,2167.243671166874,0.6784343243592053,3.288698E-5,18.782063,0.5061406,0.3119036,0.00799591,0.24523966,0.111563064,0.7401766,0.4958088,0.80441093,0.042438526,0.12506047,0.07810609,0.37781888,0.20746903,null,null,null,null,"TWOGAUSSIANS",8,6.606704,0.3120536,0.007827039,0.4,0.0,0.28623644,0.020013563,0.80441093,0.042438526,0.4,0.14589347,0.10876363,0.090828285
375316653866487564,4287940385914406144,0.60917324,2153.3645785227964,3.6544190474530525,1.7470127E-5,18.96188,0.017632287,0.24142602,0.0027846913,0.06968301,0.012137351,0.63385636,0.11386101,0.74020016,0.006123778,0.07085392,0.005327274,0.6128523,0.020438707,null,null,null,null,"TWOGAUSSIANS",8,4.059729,0.24142602,0.0027846913,0.39022484,0.024326732,0.6317007,0.11747931,0.74020016,0.006123778,0.39678195,0.020684782,0.6106966,0.018466389
375316653866487564,4287940424573623040,0.52485555,2172.4060278911766,0.03865376549422629,1.0796437E-5,19.3143,0.009980635,0.29955167,0.033254832,0.027606234,0.021549257,0.5231775,448.13937,0.79749054,0.0015703386,0.021630596,0.003177061,0.50212324,0.08646741,null,null,null,null,"TWOGAUSSIANS",8,4.209559,0.29955167,0.033254832,0.15459491,0.12067583,0.5231775,448.13937,0.79749054,0.0015703386,0.12113134,0.017791541,0.50212324,0.08646741
375316653866487564,4287940699451702272,0.51489615,2157.334465962632,0.41786651020466853,1.7831058E-5,19.08325,0.012541289,0.113130204,0.0042794216,0.013924748,0.007513883,0.13763408,0.2963099,0.53257656,0.036911607,0.11484584,0.06054007,0.36092016,0.18148488,null,null,null,null,"TWOGAUSSIANS",8,1.7407974,0.53257656,0.036911607,0.4,0.0,0.36086488,0.18637624,0.11315021,0.004203876,0.07797859,0.042077746,0.13803798,0.29545677
375316653866487564,4287940939981725184,0.49659014,2196.7984876239884,3.3466338122650208,3.5452285E-5,16.684336,0.02569865,0.27263764,0.016017472,0.098351255,0.0206863,0.17434718,0.032528736,0.7422492,0.011618932,0.09218102,0.018752618,0.23834878,0.025647227,null,null,null,null,"TWOGAUSSIANS",8,55.029972,0.7422492,0.011618932,0.4,0.0,0.22995447,0.014249158,0.27263764,0.016013442,0.4,0.0,0.1659514,0.032102503
375316653866487564,4287941421018126848,0.57544106,2159.6554609319896,2.2414874247326106,8.56815E-6,17.785149,0.03278577,0.23621745,0.0015917267,0.04507838,0.0036933646,0.7284638,0.06770441,0.75204,0.0034753098,0.030157058,0.0066993698,0.52141654,0.18034564,0.06963903,0.03894618,0.75204,0.0034753098,"TWOGAUSSIANS_WITH_ELLIPSOIDAL_ON_ECLIPSE2",9,11.6781435,0.23668745,0.0013750315,0.25243893,0.020682842,0.8664093,0.026678646,0.75204,0.0034753098,0.16887952,0.03751647,0.6606936,0.17434412
375316653866487564,4287942241340342144,0.6339555,2145.6487807591293,0.20721668451849812,4.8557788E-5,18.123665,0.009318576,0.3439334,0.05756822,0.042926706,0.03442248,1.1143551,0.8107882,0.7270869,0.03128329,0.060853016,0.054341484,0.017558984,0.006648915,null,null,null,null,"TWOGAUSSIANS",8,2.3346715,0.3439334,0.05756822,0.24038957,0.19174793,1.1143551,0.8111532,0.7270869,0.03128329,0.3407769,0.19226448,0.01755898,0.0063846777
375316653866487564,4287943104634085504,0.49298707,2151.195042401187,2.1818579990184688,3.0054873E-5,19.311377,0.08614186,0.276189,0.008181525,0.045373484,0.03366739,0.17174062,0.13412562,0.78307515,0.008472229,0.029281165,0.027707726,0.111335985,0.15703379,0.0700079,0.07515995,0.276189,0.008181525,"TWOGAUSSIANS_WITH_ELLIPSOIDAL_ON_ECLIPSE1",9,6.9794765,0.276189,0.008181525,0.2540915,0.14863814,0.31175622,0.03600318,0.78307515,0.008472229,0.16397452,0.15516327,0.25108963,0.032833327
375316653866487564,4287943654389407872,0.45640957,2168.5671399545486,0.20765301238103792,5.6932073E-5,19.757717,0.038712915,0.32406798,0.06272196,0.12272269,0.05118043,0.36853752,0.08335363,0.7603099,0.006188079,0.063055806,0.015104002,0.11715561,0.03784556,null,null,null,null,"TWOGAUSSIANS",8,1.3828975,0.32406798,0.06272196,0.4,0.0,0.3638075,0.07770297,0.7603099,0.006188079,0.35311252,0.08419982,0.11309994,0.03050369
375316653866487564,4287944032346832896,0.54237366,2187.298921098235,0.3679020474164344,3.890133E-5,19.884062,0.0050423904,0.2464098,0.008348087,0.05320542,0.01233619,0.1747308,0.34662578,0.7062799,0.02372642,0.060143027,0.009117269,0.20152368,0.008584054,null,null,null,null,"TWOGAUSSIANS",8,0.49598956,0.7062799,0.02372642,0.33680096,0.051056705,0.20151927,0.008579914,0.2464098,0.008348087,0.29795036,0.06908266,0.17472638,0.3466299
375316653866487564,4287944272876461056,0.5564839,2163.199116404284,2.8434905728468496,6.0992647E-6,15.845103,0.008734624,0.24556263,0.002680775,0.09126509,0.005696712,0.2078325,0.009352769,0.74462575,0.0028689697,0.08933337,0.004839065,0.27809426,0.01043423,null,null,null,null,"TWOGAUSSIANS",8,20.765615,0.74462575,0.0028689697,0.4,0.0,0.26786557,0.009543097,0.24556263,0.002680775,0.4,0.0,0.19760378,0.008514216
375316653866487564,4287944341595907840,0.67475706,2182.250685330985,1.8725138580017262,2.74872E-6,15.6131315,0.0030763026,0.23626937,0.0025479621,0.086555704,0.0021239815,0.35769093,0.008796401,0.7346225,7.7312806E-4,0.082691066,0.0015797882,0.29153335,0.004380079,null,null,null,null,"TWOGAUSSIANS",8,5.085352,0.23626937,0.0025479621,0.4,0.0,0.3496896,0.008812617,0.7346225,7.7312806E-4,0.4,0.0,0.28353205,0.004419771
375316653866487564,4287944582114129408,0.6612725,2181.411086497064,1.1682684622454271,4.489537E-6,15.592525,0.018177515,0.28104493,0.0019712355,0.11956645,0.007332675,0.2991268,0.017233042,0.76591545,0.001192305,0.104737975,0.0046958886,0.3226651,0.016883004,null,null,null,null,"TWOGAUSSIANS",8,6.328217,0.76591545,0.001192305,0.4,0.0,0.2785675,0.006612928,0.28105494,0.0019779806,0.4,0.0,0.25492996,0.0048941467
375316653866487564,4287944960060083968,0.5188936,2174.612945143862,3.106723456680056,2.1573434E-5,18.905203,0.5405121,0.27848014,0.005040472,0.11943299,0.055814195,0.51339084,0.50583875,0.7754517,0.010172872,0.12626341,0.076917306,0.48172405,0.513001,null,null,null,null,"TWOGAUSSIANS",8,4.225863,0.27851015,0.0050143637,0.4,0.0,0.39168942,0.031099236,0.7754517,0.010172872,0.4,0.0,0.3598034,0.04946446
375316653866487564,4287945471153340544,0.5339202,2161.486797745992,2.619199419889677,1.6218226E-5,17.689157,0.0149196,0.2955991,0.0051367953,0.082347944,0.006939782,0.3836897,0.018837195,0.80850416,0.003124752,0.078903414,0.0056490693,0.32718942,0.013847096,null,null,null,null,"TWOGAUSSIANS",8,17.01607,0.2955991,0.0051367953,0.4,0.0,0.37918085,0.017358106,0.80850416,0.003124752,0.4,0.0,0.32268056,0.012219314
375316653866487564,4287945677311796992,0.52555084,2178.8944759746496,0.04403738728777686,2.8932269E-5,18.817125,0.0059031844,0.3356137,0.0036259538,0.05063642,0.0028939212,0.2664517,0.005863052,0.8033522,0.029387256,0.0833068,0.015866531,0.14916213,0.07281732,null,null,null,null,"TWOGAUSSIANS",8,0.9672315,0.3356137,0.0036259538,0.28356394,0.016205959,0.26631865,0.0056609334,0.8033522,0.029387256,0.4,0.0,0.14902908,0.07285367
375316653866487564,4287948048136647808,0.47140664,2142.859576448366,0.10653668915355953,4.912642E-5,18.616821,0.004767003,0.22820747,0.009254572,0.067438155,0.021613473,0.10175766,0.035162847,0.7190752,0.0071570007,0.04610535,0.021602454,0.15001085,0.5962222,null,null,null,null,"TWOGAUSSIANS",8,2.601077,0.7190752,0.0071570007,0.25818995,0.12097374,0.15000081,0.5962356,0.22820747,0.009254572,0.3776537,0.07676779,0.10174762,0.03522291
