Gaia/vari_eclipsing_binary/VariEclipsingBinary_488378-488399.csv
# %ECSV 1.0
# ---
# delimiter: ','
# meta: !!omap
# - RELEASE: Gaia DR3
# - TABLE: vari_eclipsing_binary
# - DESCRIPTION: >
#     This table describes the properties of the eclipsing binaries resulting from the variability analysis. 
# - CITATION: >
#     How to cite and acknowledge Gaia: 
#     https://gea.esac.esa.int/archive/documentation/credits.html 
# - KNOWN_ISSUES: >
#     Known issues: 
#     https://www.cosmos.esa.int/web/gaia-users/known-issues 
# - DOCUMENTATION: >
#     Tutorials and documentation: 
#     https://www.cosmos.esa.int/web/gaia-users/archive 
# datatype:
# - 
#   name: solution_id
#   datatype: int64
#   description: Solution Identifier
#   meta:
#     ucd: meta.version
# - 
#   name: source_id
#   datatype: int64
#   description: Unique source identifier
#   meta:
#     ucd: meta.id;meta.main
# - 
#   name: global_ranking
#   datatype: float32
#   description: Number between 0 (worst) and 1 (best)
#   meta:
#     ucd: stat.param
# - 
#   name: reference_time
#   datatype: float64
#   unit: d
#   description: Reference time used for the geometric model fit
#   meta:
#     ucd: time.epoch
# - 
#   name: frequency
#   datatype: float64
#   unit: d**-1
#   description: Frequency of geometric model of the eclipsing binary light curve
#   meta:
#     ucd: src.orbital
# - 
#   name: frequency_error
#   datatype: float32
#   unit: d**-1
#   description: "Uncertainty of \\texttt{frequency}"
#   meta:
#     ucd: stat.error
# - 
#   name: geom_model_reference_level
#   datatype: float32
#   unit: mag
#   description: Magnitude reference level of geometric model
#   meta:
#     ucd: phot.mag;em.opt
# - 
#   name: geom_model_reference_level_error
#   datatype: float32
#   unit: mag
#   description: "Uncertainty of \\texttt{geomModelReferenceLevel}"
#   meta:
#     ucd: stat.error;phot.mag;em.opt
# - 
#   name: geom_model_gaussian1_phase
#   datatype: float32
#   description: Phase of the Gaussian 1 component
#   meta:
#     ucd: time.phase
# - 
#   name: geom_model_gaussian1_phase_error
#   datatype: float32
#   description: "Uncertainty of \\texttt{geomModelGaussian1Phase}"
#   meta:
#     ucd: stat.error;time.phase
# - 
#   name: geom_model_gaussian1_sigma
#   datatype: float32
#   description: "Standard deviation [phase] of Gaussian 1 component"
#   meta:
#     ucd: stat.stdev
# - 
#   name: geom_model_gaussian1_sigma_error
#   datatype: float32
#   description: "Uncertainty of \\texttt{geomModelGaussian1Sigma}"
#   meta:
#     ucd: stat.error
# - 
#   name: geom_model_gaussian1_depth
#   datatype: float32
#   unit: mag
#   description: Magnitude depth of Gaussian 1 component
#   meta:
#     ucd: src.var.amplitude
# - 
#   name: geom_model_gaussian1_depth_error
#   datatype: float32
#   unit: mag
#   description: "Uncertainty of \\texttt{geomModelGaussian1Depth}"
#   meta:
#     ucd: stat.error;src.var.amplitude
# - 
#   name: geom_model_gaussian2_phase
#   datatype: float32
#   description: Phase of Gaussian 2 component
#   meta:
#     ucd: time.phase
# - 
#   name: geom_model_gaussian2_phase_error
#   datatype: float32
#   description: "Uncertainty of \\texttt{geomModelGaussian2Phase}"
#   meta:
#     ucd: stat.error;time.phase
# - 
#   name: geom_model_gaussian2_sigma
#   datatype: float32
[...]
#   datatype: float32
#   description: "Secondary eclipse: uncertainty of \\texttt{derivedSecondaryEclDuration}"
#   meta:
#     ucd: stat.error;time.duration
# - 
#   name: derived_secondary_ecl_depth
#   datatype: float32
#   unit: mag
#   description: "Secondary eclipse: depth"
#   meta:
#     ucd: src.var.amplitude
# - 
#   name: derived_secondary_ecl_depth_error
#   datatype: float32
#   unit: mag
#   description: "Secondary eclipse: uncertainty of \\texttt{derivedSecondaryEclDepth}"
#   meta:
#     ucd: stat.error;src.var.amplitude
solution_id,source_id,global_ranking,reference_time,frequency,frequency_error,geom_model_reference_level,geom_model_reference_level_error,geom_model_gaussian1_phase,geom_model_gaussian1_phase_error,geom_model_gaussian1_sigma,geom_model_gaussian1_sigma_error,geom_model_gaussian1_depth,geom_model_gaussian1_depth_error,geom_model_gaussian2_phase,geom_model_gaussian2_phase_error,geom_model_gaussian2_sigma,geom_model_gaussian2_sigma_error,geom_model_gaussian2_depth,geom_model_gaussian2_depth_error,geom_model_cosine_half_period_amplitude,geom_model_cosine_half_period_amplitude_error,geom_model_cosine_half_period_phase,geom_model_cosine_half_period_phase_error,model_type,num_model_parameters,reduced_chi2,derived_primary_ecl_phase,derived_primary_ecl_phase_error,derived_primary_ecl_duration,derived_primary_ecl_duration_error,derived_primary_ecl_depth,derived_primary_ecl_depth_error,derived_secondary_ecl_phase,derived_secondary_ecl_phase_error,derived_secondary_ecl_duration,derived_secondary_ecl_duration_error,derived_secondary_ecl_depth,derived_secondary_ecl_depth_error
[from data line 186]
375316653866487564,4295862062314866944,0.60940576,2002.0981001965579,2.5292589026173995,4.367688E-6,17.064085,0.012512582,0.31089634,0.0012319039,0.0495378,0.0029569473,0.3554045,0.027609805,0.80495334,0.0052015292,0.05898835,0.0052240626,0.3832004,0.033867884,0.12446916,0.015236681,0.31089634,0.0012319039,"TWOGAUSSIANS_WITH_ELLIPSOIDAL_ON_ECLIPSE1",9,12.28163,0.8058533,0.0043445495,0.33033478,0.029254751,0.63181204,0.023130907,0.31089634,0.0012319039,0.27741167,0.016558906,0.6043106,0.009601544
375316653866487564,4295862371534424192,0.5522343,1982.884246263468,2.123937777258824,9.212261E-6,19.517717,0.008101902,0.23111147,0.002938172,0.045844693,0.003504491,0.6277146,0.02654384,0.72941345,0.0022500327,0.04361448,0.002240757,0.548599,0.023634985,null,null,null,null,"TWOGAUSSIANS",8,3.1440032,0.23111147,0.002938172,0.2567303,0.01962515,0.6277144,0.026543925,0.72941345,0.0022500327,0.24424109,0.01254824,0.5485988,0.023635054
375316653866487564,4295862474632236800,0.66540915,1988.1120459327076,2.2026992679373802,3.6782822E-6,17.045998,0.006697668,0.19738707,0.0017445517,0.04904137,0.002848037,0.30451155,0.01771193,0.7006533,0.0011499481,0.04919288,0.0020594087,0.31802383,0.015555956,0.11544385,0.010076334,0.19738707,0.0017445517,"TWOGAUSSIANS_WITH_ELLIPSOIDAL_ON_ECLIPSE1",9,5.400963,0.7006533,0.0011499481,0.27548012,0.011532689,0.548813,0.0064689065,0.19738707,0.0017445517,0.27463168,0.015949007,0.53539795,0.006462188
375316653866487564,4295863191824869632,0.4838321,1982.9025111275555,1.6392722680785832,1.7320905E-5,17.707096,0.0117762415,0.2597589,0.0083662355,0.101144336,0.016757965,0.096156575,0.010590529,0.77865255,0.0049602725,0.08837727,0.018147813,0.07860645,0.009256251,null,null,null,null,"TWOGAUSSIANS",8,2.5414667,0.2597589,0.0083662355,0.4,0.0,0.09204098,0.0059650303,0.77865255,0.004957935,0.4,0.0,0.07449218,0.0046510245
375316653866487564,4295863230528292480,0.55558527,1967.184139712035,2.6527921424058767,1.2691659E-5,19.277006,0.009459556,0.25248834,0.0016713762,0.0636156,0.0019664855,0.5956361,0.017804742,0.74524266,0.0027939007,0.06699627,0.005159094,0.69154906,0.057235327,null,null,null,null,"TWOGAUSSIANS",8,2.6414957,0.74524266,0.0027939007,0.37517908,0.028890926,0.69086665,0.057594746,0.25248834,0.0016713762,0.35624734,0.011012319,0.5949537,0.017732643
375316653866487564,4295863260544468736,0.4973224,1970.8959590543593,3.2242364970139223,1.7300374E-5,18.44589,0.06978149,0.26604006,0.004510106,0.114860065,0.027914792,0.22650965,0.060635284,0.7591841,0.004337067,0.1181933,0.0225825,0.24755159,0.067676365,null,null,null,null,"TWOGAUSSIANS",8,3.0426269,0.7591841,0.004337067,0.4,0.0,0.20307422,0.009383471,0.26607004,0.0045112995,0.4,0.0,0.1820626,0.016751772
375316653866487564,4295863574125812608,0.49086773,1913.7534142436764,2.6321889168293486,4.013544E-5,19.857172,0.006637391,0.24989499,3.2595213E-4,0.0118062515,3.2472727E-4,0.5303059,0.011532419,0.7672306,0.009102165,0.014368426,0.0025143824,0.62423646,0.42863423,null,null,null,null,"TWOGAUSSIANS",8,1.4976866,0.7672306,0.009102165,0.080463186,0.014080541,0.62423646,0.42863423,0.24989499,3.2595213E-4,0.06611501,0.0018184726,0.5303059,0.011532419
375316653866487564,4295863642867307008,0.48742622,1945.2718209229743,3.384370297173717,9.695863E-6,19.85591,0.015534831,0.28140622,0.0044140336,0.07442773,0.0067818984,0.42776608,0.029308867,0.78998953,0.0038456111,0.06709454,0.005907897,0.53267145,0.04986235,null,null,null,null,"TWOGAUSSIANS",8,3.9418077,0.78998953,0.0038456111,0.3757294,0.03308422,0.53118545,0.05029416,0.28140622,0.0044140336,0.4,0.0,0.4262801,0.029639788
375316653866487564,4295863741580673280,0.52241564,1964.6384132081462,1.3763945034672125,3.7264417E-5,19.361284,0.006954409,0.2813306,0.0045342674,0.0565126,0.005935062,0.2690705,0.04592897,0.78075415,0.002748293,0.040858164,0.0028258376,0.5403213,0.033584192,null,null,null,null,"TWOGAUSSIANS",8,3.7808132,0.78075415,0.002748293,0.22880574,0.01582469,0.54032004,0.033584777,0.2813306,0.0045342674,0.31647056,0.033236347,0.26906922,0.045930184
375316653866487564,4295863947739168384,0.45280936,1975.698200148616,0.7545970556912095,5.683818E-5,17.7342,0.0033105223,0.21161225,0.01108425,0.07816014,0.014871915,0.066838436,0.017711364,0.7237505,0.005410166,0.060544148,0.005851218,0.090009555,0.008239286,null,null,null,null,"TWOGAUSSIANS",8,5.879314,0.7237505,0.005410166,0.33904722,0.032766823,0.08984462,0.008238905,0.21161225,0.01108425,0.4,0.023293942,0.0666735,0.017808678
375316653866487564,4295863986460892160,0.57343525,1958.8599842700548,2.969177551015748,4.7471335E-6,18.492794,0.016419213,0.29911292,0.0021623324,0.054018162,0.006104492,0.51625,0.043924008,0.801173,0.001743837,0.047777914,0.004026567,0.3890933,0.035226934,0.09360915,0.023263743,0.29911292,0.0021623324,"TWOGAUSSIANS_WITH_ELLIPSOIDAL_ON_ECLIPSE1",9,4.0331883,0.29911292,0.0021623324,0.3025017,0.034185156,0.7034563,0.057993684,0.801173,0.0017417573,0.2675563,0.022548776,0.5762682,0.01671771
375316653866487564,4295864020802638848,0.5517064,1954.2110392708298,3.1229848784573924,1.3104923E-5,18.785786,0.010613781,0.1873711,0.004663589,0.075958304,0.006067888,0.51249474,0.050732777,0.69326264,0.0032448897,0.06535648,0.003914785,0.5420233,0.033677228,null,null,null,null,"TWOGAUSSIANS",8,4.8483305,0.69326264,0.0032448897,0.36599627,0.021922797,0.54029447,0.033986162,0.1873711,0.004663589,0.4,0.0,0.5107659,0.05131088
375316653866487564,4295864433119872256,0.5517641,1982.1859880520783,1.8453861836241474,6.854244E-6,17.92374,0.007534516,0.2669238,0.0022111416,0.09822249,0.004625992,0.20492992,0.0072877966,0.75914866,0.0029548374,0.09068133,0.0061107827,0.1621463,0.007851072,null,null,null,null,"TWOGAUSSIANS",8,2.2012923,0.2669238,0.0022111416,0.4,0.0,0.19506045,0.00504822,0.75914866,0.0029548374,0.4,0.0,0.1522778,0.0068239453
375316653866487564,4295864536197873280,0.55062777,1982.8904624936501,2.568153146785693,1.42221E-5,17.19128,0.010319559,0.25866872,0.002980732,0.098273024,0.005579594,0.29964405,0.009192323,0.755338,0.0031604113,0.09068529,0.004854497,0.3166133,0.011528795,null,null,null,null,"TWOGAUSSIANS",8,12.1122465,0.755338,0.0031604113,0.4,0.0,0.2989186,0.009489997,0.25866872,0.002980732,0.4,0.0,0.28194806,0.0051061725
375316653866487564,4295864742379174784,0.44993314,1940.8692084711215,3.044813814391234,3.1473588E-5,19.846085,0.01969374,0.19384696,0.015908193,0.03792396,0.011191626,0.3672488,0.11321742,0.67366606,0.0051156525,0.07724331,0.009319204,0.44843683,0.06805812,null,null,null,null,"TWOGAUSSIANS",8,6.984068,0.67366606,0.0051156525,0.4,0.0,0.44840744,0.068088435,0.19384696,0.015908193,0.21237417,0.06267311,0.36721942,0.11323525
375316653866487564,4295864811076204544,0.5457375,1962.330445000203,3.0047824344835603,1.1255844E-5,19.531775,0.007443557,0.3046636,0.0062660812,0.06524358,0.0040378426,0.51810753,0.04247677,0.79326254,0.004145027,0.06864459,0.0053112055,0.50301963,0.025305338,null,null,null,null,"TWOGAUSSIANS",8,1.7046992,0.3046636,0.0062660812,0.36536404,0.02261192,0.5174145,0.0424842,0.79326254,0.004145027,0.38440973,0.028466115,0.5023266,0.025342023
375316653866487564,4295865017253557504,0.6203181,1998.4488912275685,1.084195317315572,3.7502632E-6,15.198489,0.0058965287,0.27361122,0.0020216587,0.1003546,0.0040101907,0.19202495,0.006479107,0.7681869,0.0011415529,0.09270044,0.002247522,0.3254802,0.0059964578,null,null,null,null,"TWOGAUSSIANS",8,25.716024,0.7681869,0.0011415529,0.4,0.0,0.3095471,0.004630714,0.27361122,0.0020216587,0.4,0.0,0.17609057,0.0055157878
375316653866487564,4295865498273453184,0.527757,1971.4479895818454,2.6595056437670017,9.512939E-6,18.112175,0.061731797,0.22788987,0.004830808,0.11213419,0.022663517,0.20733085,0.059066553,0.73203653,0.0036566234,0.1259278,0.026486594,0.20801035,0.05920656,null,null,null,null,"TWOGAUSSIANS",8,2.0731382,0.73204654,0.0036773002,0.4,0.0,0.16400766,0.005384295,0.22784987,0.004797677,0.4,0.0,0.16346616,0.005134974
375316653866487564,4295865940604436224,0.5158321,1934.3467061342853,2.7807146351401655,2.374053E-5,19.344769,0.014306218,0.2511104,0.0045855795,0.086585455,0.008699125,0.27604398,0.014854841,0.7483436,0.005728411,0.08909283,0.008586042,0.23783854,0.015827013,null,null,null,null,"TWOGAUSSIANS",8,1.5547205,0.2511104,0.0045855795,0.4,0.0,0.26752412,0.012808351,0.7483436,0.005728411,0.4,0.0,0.22931863,0.013017815
375316653866487564,4295866043683697792,0.49551824,1972.2268280359585,3.758115643967797,2.6579037E-5,16.931913,0.03629873,0.2258384,0.009320105,0.105837226,0.022188677,0.25781125,0.03149788,0.72796786,0.0055866325,0.09769936,0.012466754,0.27377358,0.035423286,null,null,null,null,"TWOGAUSSIANS",8,37.197655,0.72796786,0.0055866325,0.4,0.0,0.24850564,0.015819896,0.2258384,0.009320105,0.4,0.0,0.23253706,0.013668341
375316653866487564,4295866048027355776,0.60787123,1951.1583973254865,3.3073622801415916,5.7760344E-6,18.205967,0.015807727,0.2829695,0.0016272038,0.048401132,0.006437471,0.41277558,0.033599794,0.78511053,0.002069646,0.043124773,0.0036187072,0.30392566,0.0412498,0.12010405,0.019745061,0.2829695,0.0016272038,"TWOGAUSSIANS_WITH_ELLIPSOIDAL_ON_ECLIPSE1",9,5.4103637,0.2829695,0.0016272038,0.27104634,0.03604984,0.65298295,0.036915503,0.78511053,0.002069646,0.24149872,0.02026476,0.54408956,0.022265498
375316653866487564,4295866116764771840,0.48557088,1986.5429786944412,1.3482348484722753,1.5220002E-5,13.53622,0.003402442,0.22126037,0.003698684,0.03586579,0.015443299,0.09996425,0.42384472,0.7316359,0.011733709,0.07089478,0.038405072,0.031800527,0.010194211,0.013603788,0.0042759916,0.7316359,0.011733709,"TWOGAUSSIANS_WITH_ELLIPSOIDAL_ON_ECLIPSE2",9,38.458027,0.22154038,0.0036453328,0.20084843,0.08648247,0.12699822,0.42854157,0.7316359,0.011733709,0.39701077,0.16915374,0.058946863,0.008384165
375316653866487564,4295866181138982528,0.5532574,1996.6313716482807,2.0899414589116043,7.539678E-6,17.715012,0.008337435,0.25496083,0.0020865174,0.09073769,0.0049148705,0.22326027,0.008687454,0.7523077,0.0027134253,0.08749398,0.004459809,0.24245968,0.012629593,null,null,null,null,"TWOGAUSSIANS",8,3.5161335,0.7523077,0.0027134253,0.4,0.0,0.23374736,0.012774553,0.25496083,0.0020865174,0.4,0.0,0.21454786,0.0077644875
375316653866487564,4295866632161308160,0.5705716,1968.2369809995303,0.44415677413493193,2.7998352E-5,17.560112,0.0032756065,0.30718634,0.0029073157,0.029184286,0.0015065755,0.41744977,0.01840288,0.8151342,0.006787276,0.027292281,0.0064675757,0.04509735,0.011340946,0.035340417,0.004347476,0.30718634,0.0029073157,"TWOGAUSSIANS_WITH_ELLIPSOIDAL_ON_ECLIPSE1",9,6.74904,0.30718634,0.0029073157,0.163432,0.008436822,0.48813054,0.015827777,0.8151342,0.006787276,0.15283677,0.036218423,0.115602024,0.008486193
375316653866487564,4295866833957324288,0.47456428,1951.1367033684742,0.6048114053175685,1.1059966E-5,18.870697,0.0030548188,0.2497315,0.0015587645,0.021610104,0.0012574429,0.20276949,0.01740287,null,null,null,null,null,null,null,null,null,null,"ONEGAUSSIAN",5,1.8740003,0.2497315,0.0015587645,0.121016584,0.00704168,0.20276949,0.0,null,null,null,null,null,null
375316653866487564,4295867418073169536,0.5332556,1989.5475999471869,2.0698930176028485,2.0439711E-5,17.358717,0.0029485621,0.12987868,0.0077407216,0.06974765,0.0071515897,0.097199775,0.008294764,0.6193899,0.001723219,0.058049392,0.0029851105,0.34688437,0.034736812,null,null,null,null,"TWOGAUSSIANS",8,4.0587025,0.6193899,0.001723219,0.32507658,0.01671662,0.34676808,0.03479223,0.12987868,0.0077407216,0.39058685,0.039937954,0.097083494,0.00830762
375316653866487564,4295867559856475008,0.4923856,1961.2233146451101,0.04474246926511717,5.7395082E-5,19.57134,0.04748568,0.37313697,9.095018E-4,0.008961432,0.0038768027,0.8341374,1.0367428,0.6367642,0.020109138,0.19303866,0.06486206,0.1678378,0.041150793,null,null,null,null,"TWOGAUSSIANS",8,2.846199,0.37317696,9.2703704E-4,0.05018402,0.021710096,0.8885929,1.036948,0.6367642,0.020109138,0.4,0.0,0.1561135,0.027083764
375316653866487564,4295867903454465792,0.54013395,1932.952372075654,2.013419625002383,1.701651E-5,19.453424,0.0090656085,0.17870222,0.0029872423,0.051199995,0.0032240443,0.55907065,0.016574165,0.66095847,0.005775832,0.07108739,0.0060224454,0.36348236,0.031643663,null,null,null,null,"TWOGAUSSIANS",8,2.9307637,0.17870222,0.0029872423,0.28671998,0.01805465,0.55896103,0.016553592,0.66095847,0.005775832,0.39808938,0.024224006,0.36337274,0.031686857
375316653866487564,4295868075253280896,0.5187819,1985.5048287951245,2.8045341051429022,3.5145007E-5,19.395634,0.010589335,0.228711,0.0023798672,0.074207775,0.0035516236,0.36026344,0.021096755,0.7254407,0.005982207,0.07223867,0.007194442,0.3170288,0.036723495,null,null,null,null,"TWOGAUSSIANS",8,2.0321357,0.228711,0.0023798672,0.4,0.0,0.35841936,0.020899529,0.7254407,0.005982207,0.4,0.011915258,0.3151847,0.037211727
375316653866487564,4295868247068832896,0.47907946,1998.4161640754628,2.3764999044701827,3.1377225E-5,16.854212,0.031962067,0.21465029,0.01889978,0.10368959,0.08436199,0.035834923,0.02687438,0.6908671,0.0065065683,0.10903319,0.021175055,0.09355773,0.02928097,null,null,null,null,"TWOGAUSSIANS",8,5.5382524,0.6908671,0.0065065683,0.4,0.0,0.08802037,0.007441029,0.2147203,0.018671568,0.4,0.0,0.030304177,0.0060184156
375316653866487564,4295868315771626112,0.46945858,1940.4840058942148,2.538004869369082,3.7597838E-5,19.316654,0.006840024,null,null,null,null,null,null,null,null,null,null,null,null,0.142814,0.0085500805,0.23468147,0.005605543,"ELLIPSOIDAL",4,5.507945,null,null,null,null,null,null,null,null,null,null,null,null
375316653866487564,4295868831184445568,0.4947456,1976.52703270959,4.78191246473861,2.9923694E-5,17.398481,0.02046482,0.3091361,0.008277069,0.20692368,0.023268783,0.22560902,0.017356768,0.7182522,0.010999911,0.016200291,0.0077999295,0.071156904,0.022757677,null,null,null,null,"TWOGAUSSIANS",8,12.50334,0.3091361,0.008277069,0.4,0.0,0.2012616,0.008256638,0.7182522,0.010999911,0.09072163,0.043679602,0.08258428,0.021669844
375316653866487564,4295868895541940992,0.5284198,1971.3487759806678,2.867399929478081,1.5940086E-5,18.35737,0.014185999,0.22722372,0.0028491793,0.088262275,0.0057386747,0.3411447,0.014591344,0.72555685,0.0050721224,0.09375615,0.00814449,0.35946858,0.01974468,null,null,null,null,"TWOGAUSSIANS",8,7.163812,0.72555685,0.0050721224,0.4,0.0,0.34376603,0.02114489,0.22722372,0.0028491793,0.4,0.0,0.3254426,0.010874084
375316653866487564,4295868929901735680,0.66529465,1966.0383411412854,0.3213617822845918,1.3651023E-5,18.20589,0.0036009043,0.28369027,5.891871E-4,0.021517137,8.4638497E-4,1.8071223,0.12174919,0.7817185,0.011145354,0.02424857,0.01512772,0.11357387,1.5022025,0.02831771,0.005858269,0.28369027,5.891871E-4,"TWOGAUSSIANS_WITH_ELLIPSOIDAL_ON_ECLIPSE1",9,3.198578,0.28369027,5.891871E-4,0.12049597,0.0047397558,1.8637577,0.12588304,0.7817585,0.011183779,0.13579199,0.08471523,0.17020074,1.5027561
375316653866487564,4295868968605676544,0.4896348,1969.1699907466543,3.4083851846603967,3.1149655E-5,19.224295,0.023127558,0.27864474,0.01235393,0.07356649,0.017563673,0.36807334,0.05400404,0.76810616,0.0070557576,0.0958671,0.011063192,0.30570966,0.024690894,null,null,null,null,"TWOGAUSSIANS",8,5.5329685,0.27864474,0.01235393,0.4,0.023866693,0.36108106,0.056361042,0.76810616,0.0070557576,0.4,0.0,0.2987165,0.020971455
