Gaia/vari_eclipsing_binary/VariEclipsingBinary_532733-532878.csv
# %ECSV 1.0
# ---
# delimiter: ','
# meta: !!omap
# - RELEASE: Gaia DR3
# - TABLE: vari_eclipsing_binary
# - DESCRIPTION: >
#     This table describes the properties of the eclipsing binaries resulting from the variability analysis. 
# - CITATION: >
#     How to cite and acknowledge Gaia: 
#     https://gea.esac.esa.int/archive/documentation/credits.html 
# - KNOWN_ISSUES: >
#     Known issues: 
#     https://www.cosmos.esa.int/web/gaia-users/known-issues 
# - DOCUMENTATION: >
#     Tutorials and documentation: 
#     https://www.cosmos.esa.int/web/gaia-users/archive 
# datatype:
# - 
#   name: solution_id
#   datatype: int64
#   description: Solution Identifier
#   meta:
#     ucd: meta.version
# - 
#   name: source_id
#   datatype: int64
#   description: Unique source identifier
#   meta:
#     ucd: meta.id;meta.main
# - 
#   name: global_ranking
#   datatype: float32
#   description: Number between 0 (worst) and 1 (best)
#   meta:
#     ucd: stat.param
# - 
#   name: reference_time
#   datatype: float64
#   unit: d
#   description: Reference time used for the geometric model fit
#   meta:
#     ucd: time.epoch
# - 
#   name: frequency
#   datatype: float64
#   unit: d**-1
#   description: Frequency of geometric model of the eclipsing binary light curve
#   meta:
#     ucd: src.orbital
# - 
#   name: frequency_error
#   datatype: float32
#   unit: d**-1
#   description: "Uncertainty of \\texttt{frequency}"
#   meta:
#     ucd: stat.error
# - 
#   name: geom_model_reference_level
#   datatype: float32
#   unit: mag
#   description: Magnitude reference level of geometric model
#   meta:
#     ucd: phot.mag;em.opt
# - 
#   name: geom_model_reference_level_error
#   datatype: float32
#   unit: mag
#   description: "Uncertainty of \\texttt{geomModelReferenceLevel}"
#   meta:
#     ucd: stat.error;phot.mag;em.opt
# - 
#   name: geom_model_gaussian1_phase
#   datatype: float32
#   description: Phase of the Gaussian 1 component
#   meta:
#     ucd: time.phase
# - 
#   name: geom_model_gaussian1_phase_error
#   datatype: float32
#   description: "Uncertainty of \\texttt{geomModelGaussian1Phase}"
#   meta:
#     ucd: stat.error;time.phase
# - 
#   name: geom_model_gaussian1_sigma
#   datatype: float32
#   description: "Standard deviation [phase] of Gaussian 1 component"
#   meta:
#     ucd: stat.stdev
# - 
#   name: geom_model_gaussian1_sigma_error
#   datatype: float32
#   description: "Uncertainty of \\texttt{geomModelGaussian1Sigma}"
#   meta:
#     ucd: stat.error
# - 
#   name: geom_model_gaussian1_depth
#   datatype: float32
#   unit: mag
#   description: Magnitude depth of Gaussian 1 component
#   meta:
#     ucd: src.var.amplitude
# - 
#   name: geom_model_gaussian1_depth_error
#   datatype: float32
#   unit: mag
#   description: "Uncertainty of \\texttt{geomModelGaussian1Depth}"
#   meta:
#     ucd: stat.error;src.var.amplitude
# - 
#   name: geom_model_gaussian2_phase
#   datatype: float32
#   description: Phase of Gaussian 2 component
#   meta:
#     ucd: time.phase
# - 
#   name: geom_model_gaussian2_phase_error
#   datatype: float32
#   description: "Uncertainty of \\texttt{geomModelGaussian2Phase}"
#   meta:
#     ucd: stat.error;time.phase
# - 
#   name: geom_model_gaussian2_sigma
#   datatype: float32
[...]
#   datatype: float32
#   description: "Secondary eclipse: uncertainty of \\texttt{derivedSecondaryEclDuration}"
#   meta:
#     ucd: stat.error;time.duration
# - 
#   name: derived_secondary_ecl_depth
#   datatype: float32
#   unit: mag
#   description: "Secondary eclipse: depth"
#   meta:
#     ucd: src.var.amplitude
# - 
#   name: derived_secondary_ecl_depth_error
#   datatype: float32
#   unit: mag
#   description: "Secondary eclipse: uncertainty of \\texttt{derivedSecondaryEclDepth}"
#   meta:
#     ucd: stat.error;src.var.amplitude
solution_id,source_id,global_ranking,reference_time,frequency,frequency_error,geom_model_reference_level,geom_model_reference_level_error,geom_model_gaussian1_phase,geom_model_gaussian1_phase_error,geom_model_gaussian1_sigma,geom_model_gaussian1_sigma_error,geom_model_gaussian1_depth,geom_model_gaussian1_depth_error,geom_model_gaussian2_phase,geom_model_gaussian2_phase_error,geom_model_gaussian2_sigma,geom_model_gaussian2_sigma_error,geom_model_gaussian2_depth,geom_model_gaussian2_depth_error,geom_model_cosine_half_period_amplitude,geom_model_cosine_half_period_amplitude_error,geom_model_cosine_half_period_phase,geom_model_cosine_half_period_phase_error,model_type,num_model_parameters,reduced_chi2,derived_primary_ecl_phase,derived_primary_ecl_phase_error,derived_primary_ecl_duration,derived_primary_ecl_duration_error,derived_primary_ecl_depth,derived_primary_ecl_depth_error,derived_secondary_ecl_phase,derived_secondary_ecl_phase_error,derived_secondary_ecl_duration,derived_secondary_ecl_duration_error,derived_secondary_ecl_depth,derived_secondary_ecl_depth_error
[from data line 364]
375316653866487564,4686386499123532672,0.48345634,2208.0599535272127,0.4426138440044456,4.3420523E-6,19.48735,0.005310885,0.42496,0.0019258996,0.017025027,0.002258419,0.32817587,0.0056478498,0.32281235,0.032660093,0.056399822,0.030956738,0.06160261,0.015267859,null,null,null,null,"TWOGAUSSIANS",8,1.6337283,0.42461997,0.0020050418,0.095340155,0.012647147,0.3401898,0.013980699,0.32281235,0.032660093,0.315839,0.10398779,0.06160262,0.015267855
375316653866487564,4686387044580061696,0.4636079,2199.4489771440294,0.3302023772549278,1.5476327E-5,18.764647,0.054113466,0.22025502,0.008095867,0.11994589,0.03395494,0.15440378,0.0508353,0.69363153,0.02479518,0.09451506,0.032440573,0.16475122,0.05923395,null,null,null,null,"TWOGAUSSIANS",8,2.5603771,0.69363153,0.02479518,0.4,0.0,0.1493823,0.01931351,0.22025502,0.008095605,0.4,0.0,0.13896134,0.012916565
375316653866487564,4686388384610491904,0.56894803,2201.965804853948,1.346291855087775,7.0761193E-6,19.129448,0.006846116,0.22006294,0.00146228,0.04493407,0.0026851513,0.86959213,0.085013926,0.7203043,0.008836807,0.04235192,0.0057940963,0.35812545,0.08501458,null,null,null,null,"TWOGAUSSIANS",8,2.5443587,0.22006294,0.00146228,0.2516308,0.015036847,0.869592,0.08501404,0.7203043,0.008836807,0.23717074,0.03244694,0.3581254,0.085014716
375316653866487564,4686390892872151424,0.48056257,2190.1453409755995,0.3087851016212472,2.985818E-5,19.180502,0.061909575,0.2260122,0.013836228,0.11220901,0.034387466,0.17363529,0.06138035,0.72126794,0.007072213,0.10148567,0.030926118,0.19313258,0.05206664,null,null,null,null,"TWOGAUSSIANS",8,1.8426213,0.72126794,0.0070751975,0.4,0.0,0.17075682,0.017016318,0.2260122,0.01386017,0.4,0.0,0.15124442,0.013298855
375316653866487564,4686390927232002048,0.5113186,2193.5715685007162,0.8895219558042953,1.9229197E-5,16.746756,0.009123891,0.3134639,0.008948034,0.0813624,0.01002612,0.19275144,0.028994283,0.80963993,0.0038689368,0.066516444,0.011567183,0.15154752,0.015990457,null,null,null,null,"TWOGAUSSIANS",8,10.318492,0.3134639,0.008948034,0.4,0.0,0.1917132,0.029538346,0.80963993,0.0038689368,0.37249207,0.04167672,0.1505093,0.017184442
375316653866487564,4686393298053879680,0.551039,2181.1062705897216,1.5648066323121252,3.3196395E-6,18.20004,0.009602019,0.26132977,0.0011599538,0.03877723,0.0052047484,0.47802746,0.06927123,0.76149726,0.0040965807,0.040733956,0.004182118,0.25430137,0.04845852,0.05627805,0.018637424,0.26132977,0.0011599538,"TWOGAUSSIANS_WITH_ELLIPSOIDAL_ON_ECLIPSE1",9,5.493271,0.26132977,0.0011599538,0.21715249,0.029146591,0.5905834,0.08186404,0.76149726,0.0040811957,0.22811016,0.02341986,0.3668572,0.046051856
375316653866487564,4686394638083766528,0.5061372,2195.7323674399154,1.0597326714370312,5.814693E-5,17.76344,0.028907191,0.24699701,0.05436076,0.021315511,0.03508542,0.07942002,0.17979269,0.7539175,0.0246213,0.051397555,0.029580135,0.16224056,0.064010106,0.023124361,0.036234733,0.24699701,0.05436076,"TWOGAUSSIANS_WITH_ELLIPSOIDAL_ON_ECLIPSE1",9,6.8263535,0.7539175,0.021294493,0.2878263,0.16564876,0.20840086,0.024820447,0.24699701,0.05436076,0.11936687,0.19647835,0.1256677,0.11059546
375316653866487564,4686395325278767104,0.47760817,2191.08523931198,0.34239970655454005,4.6137502E-5,18.313347,0.059985135,0.32161435,0.039249726,0.14150296,0.14558887,0.033916418,0.05875521,0.81066656,0.008655348,0.052406594,0.017076286,0.4529194,0.18059793,null,null,null,null,"TWOGAUSSIANS",8,2.2561865,0.81066656,0.008655348,0.2934769,0.095627196,0.44983247,0.19588603,0.32161435,0.039249726,0.4,0.0,0.030693052,0.010761803
375316653866487564,4686395535734583424,0.44711465,2192.0591621882204,0.9863145929671513,5.2557018E-5,17.19405,0.008394271,0.33638662,0.08387041,0.05818531,0.049428657,0.02476441,0.00869668,0.60831404,0.010103394,0.10117716,0.036667112,0.06005839,0.007024093,null,null,null,null,"TWOGAUSSIANS",8,5.529375,0.60831404,0.010103394,0.4,0.0,0.06005633,0.006638974,0.34331664,0.07065431,0.32583773,0.121758096,0.026532074,0.01086625
375316653866487564,4686397936618850688,0.5403936,2137.144144598769,0.31332257624236426,3.0038073E-5,17.61569,0.0022582533,0.17845725,0.007906833,0.018601168,0.0042964886,0.22257759,0.08158425,0.80348617,0.0019116789,0.0287086,0.0015030941,0.4095378,0.035765402,null,null,null,null,"TWOGAUSSIANS",8,3.4558034,0.80348617,0.0019116789,0.16076815,0.008417327,0.4095378,0.035765402,0.17845725,0.007906833,0.104166545,0.024060335,0.22257759,0.08158425
375316653866487564,4686398074057870208,0.50813323,2150.3154666682735,2.501950322003057,9.590126E-6,17.188286,0.014372511,0.32950133,0.004363205,0.0905883,0.013031503,0.13915902,0.012545154,0.82322264,0.0044217864,0.09282604,0.010740724,0.13766529,0.013522297,null,null,null,null,"TWOGAUSSIANS",8,6.408362,0.32950133,0.004363205,0.4,0.0,0.13302661,0.009734133,0.82322264,0.0044217864,0.4,0.0,0.1315328,0.009010098
375316653866487564,4686398147074727808,0.5388737,2147.594070350111,1.443433961431897,1.0828966E-5,18.70142,0.0069139246,0.30292878,0.0042605544,0.04124007,0.0058274143,0.48130876,0.07174709,0.7997207,0.00783758,0.043270193,0.010351966,0.35346454,0.08531823,null,null,null,null,"TWOGAUSSIANS",8,3.8706295,0.30292878,0.0042605544,0.23094438,0.03263352,0.48130873,0.07174714,0.7997207,0.00783758,0.24231307,0.05797101,0.3534645,0.08531879
375316653866487564,4686400380457915136,0.47724378,2194.037398629656,0.18407837122058227,1.0361965E-5,17.009682,0.002144697,0.5015022,9.2982326E-4,0.014240282,0.0012604966,0.1511572,0.027397078,0.76907355,0.03406005,0.04738484,0.024587566,0.16041115,0.06418584,null,null,null,null,"TWOGAUSSIANS",8,8.691754,0.76907355,0.03406005,0.2653551,0.13769037,0.16041115,0.06418584,0.5015022,9.2982326E-4,0.079745576,0.007058781,0.15115722,0.02739708
375316653866487564,4686400582317820672,0.490588,2187.599348980591,0.3549886057989037,2.0840582E-5,17.291636,0.008286092,0.21367174,0.012246538,0.0775563,0.01071393,0.28138804,0.014410159,0.7272051,0.014230069,0.0720137,0.012320034,0.09161137,0.009037073,null,null,null,null,"TWOGAUSSIANS",8,7.660554,0.21367174,0.012246538,0.4,0.0,0.28049666,0.013427416,0.7272051,0.014230069,0.4,0.040537227,0.09071998,0.008052048
375316653866487564,4686400998933108608,0.64217496,2186.310058344473,0.5766179347831941,1.0286524E-6,16.70574,0.002220618,0.2093522,8.914518E-4,0.025549408,5.48463E-4,0.5855161,0.008123248,0.7345952,0.013831944,0.027579583,0.011617513,0.5960128,114.81892,0.01514455,0.004316101,0.2093522,8.914518E-4,"TWOGAUSSIANS_WITH_ELLIPSOIDAL_ON_ECLIPSE1",9,5.013569,0.7345952,0.013831944,0.15444566,0.065058075,0.6255463,114.81898,0.2093522,8.914518E-4,0.14307669,0.003071393,0.6158052,0.00788822
375316653866487564,4686401544406131200,0.5333001,2203.1572303790854,1.7429283627525516,8.709084E-6,18.806084,0.0071264557,0.25957534,0.002747729,0.070308074,0.0032623773,0.38204855,0.02064058,0.76973796,0.008494268,0.053107023,0.00832574,0.3148435,0.055618234,null,null,null,null,"TWOGAUSSIANS",8,2.893835,0.25957534,0.002747729,0.39372522,0.018210212,0.38191295,0.020655058,0.76973796,0.008494268,0.29739934,0.046624143,0.31470793,0.055693045
375316653866487564,4686401819268952704,0.49161747,2203.3794795353747,1.2713157794531427,3.7875292E-5,18.96579,0.0051923157,0.20473397,0.016388498,0.054136936,0.021699147,0.044305976,0.012347491,0.61079353,0.009488715,0.1360304,0.013261951,0.15623002,0.0092580095,null,null,null,null,"TWOGAUSSIANS",8,1.4527667,0.61079353,0.009488715,0.4,0.0,0.15469782,0.009181654,0.20749396,0.018342461,0.30316684,0.12151522,0.044654407,0.012363944
375316653866487564,4686402716919981568,0.5623606,2201.215951930494,0.42741447673556304,1.2748557E-5,16.885853,0.0028665185,0.31484523,0.0013937625,0.009416089,0.0026427999,0.47841313,0.16469604,0.78226167,0.0053755874,0.031226212,0.005486555,0.25402978,0.027747354,0.016717466,0.0043850685,0.31484523,0.0013937625,"TWOGAUSSIANS_WITH_ELLIPSOIDAL_ON_ECLIPSE1",9,17.416271,0.31484523,0.0013937625,0.052730102,0.014799679,0.511848,0.16489577,0.7825817,0.0053051626,0.17486678,0.030724706,0.28609604,0.027709296
375316653866487564,4686402918780732032,0.44851822,2214.766766616485,0.1214180747550846,2.462837E-5,17.6878,0.0059446837,0.28007677,0.0598094,0.043091305,0.03977259,0.07665753,0.08703184,0.77379054,0.008210871,0.06887065,0.009752316,0.0680714,0.0073265336,null,null,null,null,"TWOGAUSSIANS",8,5.1641936,0.28007677,0.0598094,0.2413113,0.2227265,0.07665251,0.0870586,0.77379054,0.008210871,0.38567564,0.040033083,0.06806637,0.0073096086
375316653866487564,4686402923079225472,0.5255871,2205.6822384089505,1.3027551135116038,4.2300046E-5,19.089954,0.010795581,0.24429682,0.0046399888,0.037629835,0.003238302,0.46697128,0.044733554,0.73803544,0.013634901,0.027609356,0.009768898,0.31185284,0.07749792,null,null,null,null,"TWOGAUSSIANS",8,3.6062999,0.24429682,0.0046399888,0.21072708,0.018134492,0.46697128,0.044733554,0.73803544,0.013634901,0.15461239,0.054705825,0.31185284,0.07749792
375316653866487564,4686403296738291072,0.4817801,2206.688135474118,0.7631475318674799,5.8090995E-5,17.258698,0.0025171163,0.19902527,0.01654432,0.011390461,0.007323068,0.059348144,0.048164785,0.6689968,0.008583101,0.033453237,0.010800035,0.16342334,0.035883702,null,null,null,null,"TWOGAUSSIANS",8,5.801704,0.6689968,0.008583101,0.18733813,0.060480196,0.16342334,0.035883702,0.19902527,0.01654432,0.06378658,0.04100918,0.059348144,0.048164785
375316653866487564,4686403983932843648,0.53962445,2179.950308351753,1.3799653384967885,3.3917757E-5,18.445059,0.0030238729,0.26208383,0.006655565,0.068495244,0.007677494,0.2696243,0.12106705,0.88243127,0.028399102,0.0256887,0.018401232,0.13396534,0.6091175,null,null,null,null,"TWOGAUSSIANS",8,1.4578663,0.26208383,0.006655565,0.38357335,0.042993966,0.2696243,0.12106705,0.88243127,0.028399102,0.14385672,0.103046894,0.1339654,0.60911745
375316653866487564,4686404366187359744,0.5583334,2143.033597153439,1.759132909811548,1.0285738E-6,16.748457,0.0013299185,0.6359347,6.7177616E-6,0.0049301586,3.3051598E-5,0.61876976,0.0044160592,null,null,null,null,null,null,null,null,null,null,"ONEGAUSSIAN",5,3.0030394,0.6359347,6.7177616E-6,0.027608886,1.8508894E-4,0.61876976,0.0,null,null,null,null,null,null
375316653866487564,4686405912375633920,0.5986178,2207.3920712547947,0.4905695941420623,7.334806E-6,16.909445,0.007995333,0.27913195,0.0039176205,0.037246227,0.003113134,0.8724548,0.110383004,0.78357524,0.027646957,0.030435812,0.021260291,0.31399035,3.4853282,0.058212943,0.011139153,0.27913195,0.0039176205,"TWOGAUSSIANS_WITH_ELLIPSOIDAL_ON_ECLIPSE1",9,18.44707,0.27913195,0.0039176205,0.20857887,0.01743355,0.9888807,0.116170175,0.78357524,0.027646957,0.17044055,0.11905763,0.43032548,3.4879465
375316653866487564,4686407389844316800,0.47731268,2169.2032726434045,0.441205938224752,2.7604383E-5,16.916128,0.37088102,0.2656775,0.005772502,0.12993513,0.031408567,0.33453962,0.20064951,0.76381934,0.009525992,0.22799963,0.10747301,0.48999864,0.35924277,null,null,null,null,"TWOGAUSSIANS",8,14.033145,0.76381934,0.009623487,0.4,0.0,0.17998832,0.014934788,0.2665775,0.0051975953,0.4,0.0,0.11256866,0.015297384
375316653866487564,4686407866583706368,0.4597573,2195.391555210022,0.03973256939184067,8.0164384E-5,17.679077,0.010705809,0.4103231,0.014188871,0.13833392,0.022926385,0.14826988,0.011842238,0.8316069,0.013830382,0.038321637,0.014329555,0.10391032,0.033844832,null,null,null,null,"TWOGAUSSIANS",8,8.193578,0.4103231,0.014188871,0.4,0.0,0.14714965,0.011310282,0.8316069,0.013830382,0.21460116,0.08024551,0.10424943,0.034413822
375316653866487564,4686407866583736576,0.4551395,2190.3562788811073,3.428534594735162,1.512007E-4,18.811401,0.0056834077,0.13641863,0.013469076,0.0725424,0.01944687,0.045435514,0.008765113,0.7112533,0.0032063983,0.0076309363,0.0028894641,0.5669377,17.043493,null,null,null,null,"TWOGAUSSIANS",8,2.150143,0.7112533,0.0032063983,0.042733245,0.016181,0.5669377,17.043493,0.13641863,0.013469076,0.4,0.06978496,0.045435514,0.008765114
375316653866487564,4686408485059167360,0.45674425,2236.670500092667,0.744710257399045,8.386902E-6,17.075203,0.004244675,0.23326133,0.020820616,0.07513804,0.021707587,0.019576825,0.0071696904,0.5459468,0.003801771,0.08077367,0.004227219,0.15163328,0.010305623,null,null,null,null,"TWOGAUSSIANS",8,7.0656934,0.5459468,0.003801771,0.4,0.0,0.15163004,0.010305601,0.23449133,0.021882676,0.4,0.06361572,0.019657155,0.007178917
375316653866487564,4686408592428060800,0.56009346,2203.7234531232925,0.6344845196185496,5.8950627E-6,18.811249,0.0051070494,0.37853634,0.0018471812,0.026949398,0.0023763971,0.36625272,0.026081948,0.8072957,0.012484457,0.015357357,0.02100226,0.524857,0.36917782,null,null,null,null,"TWOGAUSSIANS",8,2.462857,0.8072957,0.012484457,0.0860012,0.117612645,0.524857,0.36917782,0.37853634,0.0018471812,0.15091664,0.013307824,0.36625272,0.026081948
375316653866487564,4686408656871193344,0.5746471,2224.2042198850195,1.4462931235571097,1.2076243E-5,18.676926,0.0058810385,0.16850093,0.002328702,0.044962756,0.00416394,0.36032632,0.016291462,0.6711568,0.0036532655,0.043828893,0.0044294945,0.46075806,0.043096296,null,null,null,null,"TWOGAUSSIANS",8,3.4365022,0.6711568,0.0036532655,0.24544181,0.024805168,0.46075797,0.04309648,0.16850093,0.002328702,0.25179145,0.023318063,0.36032623,0.016291514
375316653866487564,4686408661154602880,0.5528007,2229.813251721446,0.4521484665888455,6.50357E-5,16.602633,0.0015074856,0.36938798,0.011396384,0.040716026,0.006734592,0.23135598,0.24548736,0.8153926,0.07621708,0.048652247,0.049622737,0.020702248,null,null,null,null,null,"TWOGAUSSIANS",8,2.7762587,0.36938798,0.011396384,0.22800975,0.037713714,0.23135598,0.24548736,0.8153926,0.07621708,0.2724526,0.2778873,0.020702247,null
375316653866487564,4686408764233799168,0.49148512,2207.3616329199654,0.8236307279526337,1.1748378E-5,16.267162,0.005240954,0.29225525,0.013548539,0.028140947,0.02568781,0.079397924,1656.9023,0.8021676,0.0025104925,0.021865986,0.0035883829,0.116945066,0.019336715,0.015273981,0.010804035,0.29225525,0.013548539,"TWOGAUSSIANS_WITH_ELLIPSOIDAL_ON_ECLIPSE1",9,10.117588,0.8021676,0.0025104925,0.122449525,0.020094944,0.14737463,0.02285618,0.29225525,0.013548539,0.1575893,0.14385174,0.109945826,1656.9113
375316653866487564,4686409103533809152,0.5156023,2189.181577695361,2.0894707567835575,1.826146E-5,18.57281,0.0076333145,0.2770751,0.005187767,0.01633288,0.0035137595,0.39175162,0.43937588,0.70539933,0.011345069,0.053115666,0.01423421,0.045095507,0.028713556,null,null,null,null,"TWOGAUSSIANS",8,3.4055297,0.2770751,0.005187767,0.091464125,0.019677054,0.39175162,0.43937588,0.70539933,0.011345069,0.29744774,0.07971158,0.045095507,0.028713556
375316653866487564,4686409107831275136,0.5104023,2204.6719536887003,0.685068102473429,1.7272354E-5,14.620059,0.008983911,0.21245681,0.013131429,0.08371372,0.013039402,0.13261366,0.013698923,0.70967907,0.008003686,0.089881904,0.012704442,0.10871704,0.010997634,null,null,null,null,"TWOGAUSSIANS",8,24.615292,0.21245681,0.013131429,0.4,0.0,0.12901059,0.01080462,0.70967907,0.008003686,0.4,0.0,0.10511393,0.009690437
375316653866487564,4686409790742739328,0.43297574,2177.126267796245,0.3972658376158629,3.07609E-5,19.058624,0.07127347,0.30776992,0.023941288,0.093461215,0.054038428,0.20320547,0.058410943,0.8161333,0.01760803,0.07787321,0.030959556,0.16924347,0.0688971,null,null,null,null,"TWOGAUSSIANS",8,7.4461894,0.30776992,0.023948895,0.4,0.0,0.19864036,0.034399524,0.8161333,0.01760803,0.4,0.03918594,0.16467863,0.030050088
375316653866487564,4686410207342865152,0.55339164,2218.565506998075,1.8196376224858528,5.2349173E-5,17.790756,0.0026917139,0.34390512,0.019352118,0.012482933,0.0067695254,0.5471051,0.60326135,0.5236481,0.014602249,0.033677317,0.02333922,0.037311092,0.10904145,null,null,null,null,"TWOGAUSSIANS",8,3.8839412,0.34390512,0.019352118,0.069904424,0.037909344,0.5471051,0.6032613,0.5236481,0.014602249,0.18859299,0.13069963,0.037311092,0.10904145
