Gaia/vari_eclipsing_binary/VariEclipsingBinary_230536-230572.csv
# %ECSV 1.0
# ---
# delimiter: ','
# meta: !!omap
# - RELEASE: Gaia DR3
# - TABLE: vari_eclipsing_binary
# - DESCRIPTION: >
#     This table describes the properties of the eclipsing binaries resulting from the variability analysis. 
# - CITATION: >
#     How to cite and acknowledge Gaia: 
#     https://gea.esac.esa.int/archive/documentation/credits.html 
# - KNOWN_ISSUES: >
#     Known issues: 
#     https://www.cosmos.esa.int/web/gaia-users/known-issues 
# - DOCUMENTATION: >
#     Tutorials and documentation: 
#     https://www.cosmos.esa.int/web/gaia-users/archive 
# datatype:
# - 
#   name: solution_id
#   datatype: int64
#   description: Solution Identifier
#   meta:
#     ucd: meta.version
# - 
#   name: source_id
#   datatype: int64
#   description: Unique source identifier
#   meta:
#     ucd: meta.id;meta.main
# - 
#   name: global_ranking
#   datatype: float32
#   description: Number between 0 (worst) and 1 (best)
#   meta:
#     ucd: stat.param
# - 
#   name: reference_time
#   datatype: float64
#   unit: d
#   description: Reference time used for the geometric model fit
#   meta:
#     ucd: time.epoch
# - 
#   name: frequency
#   datatype: float64
#   unit: d**-1
#   description: Frequency of geometric model of the eclipsing binary light curve
#   meta:
#     ucd: src.orbital
# - 
#   name: frequency_error
#   datatype: float32
#   unit: d**-1
#   description: "Uncertainty of \\texttt{frequency}"
#   meta:
#     ucd: stat.error
# - 
#   name: geom_model_reference_level
#   datatype: float32
#   unit: mag
#   description: Magnitude reference level of geometric model
#   meta:
#     ucd: phot.mag;em.opt
# - 
#   name: geom_model_reference_level_error
#   datatype: float32
#   unit: mag
#   description: "Uncertainty of \\texttt{geomModelReferenceLevel}"
#   meta:
#     ucd: stat.error;phot.mag;em.opt
# - 
#   name: geom_model_gaussian1_phase
#   datatype: float32
#   description: Phase of the Gaussian 1 component
#   meta:
#     ucd: time.phase
# - 
#   name: geom_model_gaussian1_phase_error
#   datatype: float32
#   description: "Uncertainty of \\texttt{geomModelGaussian1Phase}"
#   meta:
#     ucd: stat.error;time.phase
# - 
#   name: geom_model_gaussian1_sigma
#   datatype: float32
#   description: "Standard deviation [phase] of Gaussian 1 component"
#   meta:
#     ucd: stat.stdev
# - 
#   name: geom_model_gaussian1_sigma_error
#   datatype: float32
#   description: "Uncertainty of \\texttt{geomModelGaussian1Sigma}"
#   meta:
#     ucd: stat.error
# - 
#   name: geom_model_gaussian1_depth
#   datatype: float32
#   unit: mag
#   description: Magnitude depth of Gaussian 1 component
#   meta:
#     ucd: src.var.amplitude
# - 
#   name: geom_model_gaussian1_depth_error
#   datatype: float32
#   unit: mag
#   description: "Uncertainty of \\texttt{geomModelGaussian1Depth}"
#   meta:
#     ucd: stat.error;src.var.amplitude
# - 
#   name: geom_model_gaussian2_phase
#   datatype: float32
#   description: Phase of Gaussian 2 component
#   meta:
#     ucd: time.phase
# - 
#   name: geom_model_gaussian2_phase_error
#   datatype: float32
#   description: "Uncertainty of \\texttt{geomModelGaussian2Phase}"
#   meta:
#     ucd: stat.error;time.phase
# - 
#   name: geom_model_gaussian2_sigma
#   datatype: float32
[...]
#   datatype: float32
#   description: "Secondary eclipse: uncertainty of \\texttt{derivedSecondaryEclDuration}"
#   meta:
#     ucd: stat.error;time.duration
# - 
#   name: derived_secondary_ecl_depth
#   datatype: float32
#   unit: mag
#   description: "Secondary eclipse: depth"
#   meta:
#     ucd: src.var.amplitude
# - 
#   name: derived_secondary_ecl_depth_error
#   datatype: float32
#   unit: mag
#   description: "Secondary eclipse: uncertainty of \\texttt{derivedSecondaryEclDepth}"
#   meta:
#     ucd: stat.error;src.var.amplitude
solution_id,source_id,global_ranking,reference_time,frequency,frequency_error,geom_model_reference_level,geom_model_reference_level_error,geom_model_gaussian1_phase,geom_model_gaussian1_phase_error,geom_model_gaussian1_sigma,geom_model_gaussian1_sigma_error,geom_model_gaussian1_depth,geom_model_gaussian1_depth_error,geom_model_gaussian2_phase,geom_model_gaussian2_phase_error,geom_model_gaussian2_sigma,geom_model_gaussian2_sigma_error,geom_model_gaussian2_depth,geom_model_gaussian2_depth_error,geom_model_cosine_half_period_amplitude,geom_model_cosine_half_period_amplitude_error,geom_model_cosine_half_period_phase,geom_model_cosine_half_period_phase_error,model_type,num_model_parameters,reduced_chi2,derived_primary_ecl_phase,derived_primary_ecl_phase_error,derived_primary_ecl_duration,derived_primary_ecl_duration_error,derived_primary_ecl_depth,derived_primary_ecl_depth_error,derived_secondary_ecl_phase,derived_secondary_ecl_phase_error,derived_secondary_ecl_duration,derived_secondary_ecl_duration_error,derived_secondary_ecl_depth,derived_secondary_ecl_depth_error
[from data line 285]
375316653866487564,2027957873584729088,0.5845163,2224.6975876764272,1.3228293297821243,8.97128E-6,17.043182,0.0016437457,0.23098688,0.0026085803,0.036057502,0.005128575,0.12473636,0.0050786035,0.7304728,0.0026917206,0.041188795,0.0027145576,0.115724236,0.0065227216,0.040037166,0.0024664248,0.23098688,0.0026085803,"TWOGAUSSIANS_WITH_ELLIPSOIDAL_ON_ECLIPSE1",9,3.1114151,0.23098688,0.0026085803,0.20192201,0.028720021,0.2048107,0.005602638,0.7305128,0.0025606712,0.23065725,0.015201522,0.1957978,0.00596847
375316653866487564,2027958320261368192,0.50322056,2234.6908699836185,2.7234281186016553,1.3268854E-5,17.668865,0.0059748786,0.29361594,0.0026957134,0.039490428,0.0038469303,0.20352754,0.015362365,0.781904,0.009149529,0.04412065,0.011170467,0.21456955,0.0885323,0.029785108,0.009889267,0.29361594,0.0026957134,"TWOGAUSSIANS_WITH_ELLIPSOIDAL_ON_ECLIPSE1",9,17.450937,0.782384,0.008515189,0.24707565,0.06255461,0.27383077,0.096747644,0.29361594,0.0026957134,0.22114639,0.02154281,0.26309764,0.009212849
375316653866487564,2027958388955085952,0.5184537,2214.558942136977,2.0724013098570455,1.0900202E-5,19.570171,0.01474317,0.29335305,0.0051399926,0.04653251,0.006994156,0.11618813,0.043224096,0.79117155,0.0028721667,0.042572297,0.0046882173,0.38819417,0.04020353,0.0818404,0.018240903,0.29335305,0.0051399926,"TWOGAUSSIANS_WITH_ELLIPSOIDAL_ON_ECLIPSE1",9,3.6234891,0.79129153,0.0026015677,0.23840487,0.026254017,0.55184567,0.038897928,0.29335305,0.0051399926,0.2605821,0.039167274,0.2798686,0.020688806
375316653866487564,2027958423340582272,0.5071465,2181.966047589374,3.2398103819104267,1.848543E-5,19.833794,0.014423041,0.26099333,0.0024804422,0.045083705,0.011200803,0.32487124,0.26228127,0.7639445,0.030167729,0.039397955,0.021991061,0.28675735,0.19354282,0.11687108,0.019026173,0.26099333,0.0024804422,"TWOGAUSSIANS_WITH_ELLIPSOIDAL_ON_ECLIPSE1",9,1.4774402,0.26099333,0.0024804422,0.25246873,0.0627245,0.5586133,0.28675237,0.7639445,0.030167729,0.22062854,0.12314994,0.52041906,0.19461481
375316653866487564,2027958595113477248,0.540359,2221.826579768613,2.729216204917313,8.041454E-6,18.471193,0.01609479,0.27066588,0.002160324,0.05236509,0.0070339395,0.23912041,0.03727606,0.7683675,0.008441577,0.062944494,0.009047939,0.16986266,0.039563708,0.08556638,0.024087962,0.27066588,0.002160324,"TWOGAUSSIANS_WITH_ELLIPSOIDAL_ON_ECLIPSE1",9,7.1944747,0.27066588,0.002160324,0.2932445,0.03939006,0.41019565,0.014869125,0.76891756,0.00738523,0.35248917,0.050668463,0.34091076,0.015361559
375316653866487564,2027959037479748224,0.54383475,2248.5050349029943,0.5714373716846359,7.600196E-5,19.134418,0.0055777202,0.23012272,0.015189812,0.024098689,0.011188062,0.053084224,0.03274602,0.7343635,0.0025703022,0.029537002,0.0023824885,0.37522212,0.022646816,0.026332429,0.0072116503,0.23012272,0.015189812,"TWOGAUSSIANS_WITH_ELLIPSOIDAL_ON_ECLIPSE1",9,2.0722299,0.7343635,0.0025703022,0.16540721,0.013341935,0.42784953,0.021925246,0.23012272,0.015189812,0.13495266,0.06265315,0.10574904,0.029244935
375316653866487564,2027959247948788096,0.52445334,2254.214194121517,1.9898168909423364,1.5282902E-5,19.607931,0.010520344,0.26715887,0.004603309,0.07522854,0.0043270052,0.4365688,0.014431618,0.76907104,0.0041146157,0.068115614,0.006532791,0.49652907,0.038095787,null,null,null,null,"TWOGAUSSIANS",8,2.5424402,0.76907104,0.0041146157,0.38144746,0.031329874,0.494512,0.03892117,0.26715887,0.004603309,0.4,0.0,0.43455175,0.013745721
375316653866487564,2027959557212029568,0.5766397,2233.955795007168,0.9731656199780532,8.7602975E-6,19.04737,0.009834897,0.26568243,0.0038987384,0.08763268,0.0051516774,0.30893162,0.0142037645,0.75976336,0.0023114847,0.070388906,0.0024715038,0.58234596,0.016508918,null,null,null,null,"TWOGAUSSIANS",8,2.4072049,0.75976336,0.0023114847,0.39417788,0.013840421,0.5775483,0.015914679,0.26568243,0.0038987384,0.4,0.0,0.3041339,0.013898694
375316653866487564,2027960721111275520,0.48500246,2230.7187726755387,3.658823209877253,1.6130862E-5,18.54756,0.025627507,0.3253157,0.004398758,0.09900163,0.010711249,0.24112402,0.02389873,0.8052667,0.0054839565,0.09856344,0.016468002,0.19593944,0.020997023,null,null,null,null,"TWOGAUSSIANS",8,6.272191,0.3253157,0.004397444,0.4,0.0,0.22753203,0.015964922,0.8052667,0.0054839565,0.4,0.0,0.18234804,0.014824977
375316653866487564,2027961133428175104,0.55993044,2208.3405772275955,1.686553947601063,1.3243604E-5,18.80446,0.006572043,0.27812052,0.009014731,0.045659762,0.0071695107,0.21303605,0.028612569,0.7672288,0.0015779169,0.04283289,0.0014375569,1.0316131,0.040559154,null,null,null,null,"TWOGAUSSIANS",8,7.1459913,0.7672288,0.0015779169,0.23986419,0.008050319,1.0316131,0.040559165,0.27812052,0.009014731,0.25569466,0.04014926,0.21303599,0.028612662
375316653866487564,2027961721875492736,0.52296656,2205.1827290013607,0.2765773197464699,3.3914832E-5,16.99699,0.0013973733,0.42459413,0.0061930628,0.011878279,0.00909287,0.11390474,0.1379472,0.9227549,0.0018895284,0.008898752,7.9472805E-4,0.17322403,0.032388784,null,null,null,null,"TWOGAUSSIANS",8,3.698099,0.9227549,0.0018895284,0.04983301,0.004450477,0.17322403,0.032388784,0.42459413,0.0061930628,0.06651836,0.050920073,0.11390474,0.1379472
375316653866487564,2027961889341128576,0.46720025,2220.677897213436,2.6459961845366133,3.3578275E-5,17.668423,0.018639214,0.24481387,0.009295512,0.10561126,0.019887723,0.09306916,0.018777583,0.73994,0.0075225784,0.09298234,0.01625278,0.1630318,0.016534546,null,null,null,null,"TWOGAUSSIANS",8,10.753648,0.73994,0.0075225784,0.4,0.0,0.15359637,0.008318912,0.24481387,0.009295512,0.4,0.0,0.08363133,0.008390304
375316653866487564,2027963096240155776,0.50673264,2234.9774232647324,1.1098298704714278,2.0195397E-5,19.891632,0.005852417,0.2426153,0.0053402376,0.020846087,0.008874315,0.3557893,1.4915829,0.7492534,0.016180249,0.024899988,0.007435425,0.9334454,0.46068108,null,null,null,null,"TWOGAUSSIANS",8,1.9034605,0.7492534,0.016180249,0.13943993,0.04163838,0.9334454,0.46068108,0.2426153,0.0053402376,0.11673809,0.049696162,0.3557893,1.4915829
375316653866487564,2027963130624959744,0.4666636,2244.565053334328,1.039810831453685,5.098468E-5,16.16788,0.008820154,0.2992785,0.020927673,0.013020141,0.034899775,0.06929057,3.2067541E10,0.7931045,0.0073594474,0.040962204,0.005653858,0.17336686,0.021788016,0.06030091,0.013621845,0.2992785,0.020927673,"TWOGAUSSIANS_WITH_ELLIPSOIDAL_ON_ECLIPSE1",9,77.00811,0.7936245,0.006274973,0.22938836,0.031661604,0.29380232,0.014265834,0.2992785,0.020927673,0.07291279,0.19543874,0.18989214,3.2067541E10
375316653866487564,2027963336783416960,0.43345827,2196.9329637309,2.185046532612673,4.475521E-5,19.637589,0.4212726,0.2702633,0.01826949,0.16677813,0.10346826,0.34660602,0.41345534,0.7610902,0.011971579,0.12745729,0.04504039,0.32835484,0.3450633,null,null,null,null,"TWOGAUSSIANS",8,4.117122,0.27046332,0.017887978,0.4,0.0,0.19715612,0.030055095,0.7610902,0.011971579,0.4,0.0,0.1864355,0.021869855
375316653866487564,2027963882203052672,0.62737256,2204.6274480455822,0.38700540424260954,1.6987254E-6,18.2431,0.005014219,0.2936266,8.356114E-4,0.0276349,0.0012493465,0.49312553,0.019623255,0.79657626,5.5235764E-4,0.029290339,6.935066E-4,0.60163784,0.016419126,0.013885548,0.0073953858,0.2936266,8.356114E-4,"TWOGAUSSIANS_WITH_ELLIPSOIDAL_ON_ECLIPSE1",9,2.784474,0.79657626,5.5235764E-4,0.16402589,0.0038836373,0.6293994,0.012594407,0.2936266,8.356114E-4,0.15475544,0.0069963406,0.5208966,0.016610024
375316653866487564,2027964264496269440,0.56251365,2189.0038951688007,4.0235188362583,5.660529E-6,17.584635,0.020455096,0.19283052,0.0020373324,0.10601882,0.009017751,0.25091538,0.017531462,0.6810973,0.0012580176,0.11029229,0.008303291,0.2389823,0.01808353,null,null,null,null,"TWOGAUSSIANS",8,2.4636703,0.19284053,0.002040578,0.4,0.0,0.22112782,0.009945901,0.6810973,0.0012580176,0.4,0.0,0.20918483,0.0061787097
375316653866487564,2027964981717768320,0.62788737,2204.504533632767,0.9548372184404248,4.532956E-6,18.048067,0.0026892787,0.263407,9.52535E-4,0.03450245,5.576561E-4,0.8608761,0.022058351,0.7630829,0.0037322855,0.04173355,0.00537775,0.124448285,0.009511298,null,null,null,null,"TWOGAUSSIANS",8,4.3357778,0.263407,9.52535E-4,0.19321372,0.0031228743,0.8608761,0.022058351,0.7630829,0.0037322855,0.23370789,0.0301154,0.12444828,0.009511298
375316653866487564,2027965192209247616,0.54855657,2200.6642279411267,2.9427029590129896,6.219667E-6,18.323807,0.0037142427,0.28693894,0.0032696237,0.07944809,0.0032192229,0.219786,0.0077407425,0.7858347,0.002852722,0.0803495,0.0029451558,0.26119447,0.008358381,null,null,null,null,"TWOGAUSSIANS",8,2.3731277,0.7858347,0.002852722,0.4,0.0,0.2576853,0.008370919,0.28693894,0.0032696237,0.4,0.0,0.21627684,0.00780581
375316653866487564,2027965707581215616,0.5590876,2261.157388374705,3.303600430642139,7.3541714E-6,19.01699,0.00841784,0.26028958,0.002461334,0.07137523,0.002381087,0.530902,0.017637653,0.7639491,0.0023107484,0.06931142,0.003037967,0.4724732,0.013640803,null,null,null,null,"TWOGAUSSIANS",8,3.2039125,0.26028958,0.002461334,0.39970127,0.008403847,0.52925014,0.017554326,0.7639491,0.0023107484,0.38814396,0.017012615,0.47082132,0.013623507
375316653866487564,2027966630982175488,0.4280937,2228.6950874635986,0.6560122050573849,9.693141E-6,19.694904,0.0177684,0.68398255,0.0011315777,0.006799601,0.0015735646,0.4875478,0.057786018,0.90566725,0.0031294816,0.01135262,0.0070588277,0.9390486,2.8592036,null,null,null,null,"TWOGAUSSIANS",8,4.6847525,0.90566725,0.0031294816,0.06357467,0.039529435,0.9390486,2.8592036,0.68398255,0.0011315777,0.038077764,0.008811962,0.4875478,0.057786018
375316653866487564,2027966704014951552,0.49342006,2208.596640688381,0.7504259857975024,2.538151E-5,19.40313,0.0038407468,0.17471828,0.0018111729,0.0037486344,4.894991E-4,1.3717551,0.5026737,0.7994652,0.019364739,0.020946886,0.011033801,0.07685678,0.02663943,null,null,null,null,"TWOGAUSSIANS",8,2.548461,0.17471828,0.0018111729,0.020992352,0.0027411953,1.3717551,0.5026737,0.7994652,0.019364739,0.11730256,0.061789285,0.07685678,0.02663943
375316653866487564,2027967563008321792,0.5285531,2196.357197889673,3.5831035022003617,1.9702598E-5,18.962095,0.025757082,0.2519813,0.006149282,0.099681884,0.007799647,0.39495036,0.030580865,0.7478901,0.008489025,0.086754106,0.010841927,0.38674232,0.026309013,null,null,null,null,"TWOGAUSSIANS",8,5.1550374,0.2519813,0.006149282,0.4,0.0,0.37478194,0.025848703,0.7478901,0.008489025,0.4,0.0,0.3665766,0.014007129
375316653866487564,2027967769189986560,0.5054956,2191.2395799189107,0.4601614691711818,4.318226E-5,14.395941,0.0010795804,0.20440885,0.013789398,0.013097559,0.011275102,0.41803423,3.8095753,0.71209973,0.007257032,0.02227347,0.005533616,0.40886822,0.056932777,null,null,null,null,"TWOGAUSSIANS",8,281.84326,0.20440885,0.013789398,0.07334633,0.06314057,0.41803423,3.8095753,0.71209973,0.007257032,0.12473143,0.03098825,0.40886822,0.056932777
375316653866487564,2027968318921879552,0.4309291,2212.1773176232496,3.5491925811398124,3.0024225E-5,19.624765,0.5394273,0.26040876,0.013499847,0.106348336,0.05462097,0.3710965,0.48323655,0.80309707,0.019772423,0.11127669,0.08577011,0.31886664,0.5164637,null,null,null,null,"TWOGAUSSIANS",8,7.330978,0.26033875,0.009472468,0.4,0.0,0.34054777,0.06167997,0.803147,0.01792398,0.4,0.0,0.2882838,0.062261723
375316653866487564,2027968933090134016,0.48551196,2216.596808717257,0.40165416229580736,3.8765447E-6,18.884708,0.007856969,0.10611396,0.06575797,0.10279463,0.06994564,0.03443631,0.009079621,0.56641376,0.0016916816,0.03045745,0.0016403773,0.17598222,0.008586665,null,null,null,null,"TWOGAUSSIANS",8,2.4119933,0.56641376,0.0016916816,0.17056172,0.009186113,0.17596129,0.009187737,0.10611396,0.06575797,0.4,0.0,0.03441382,0.008748155
375316653866487564,2027969104888927744,0.61138994,2236.383443914219,2.521023378984531,4.471425E-6,17.860483,0.0049608597,0.25240397,0.0018535063,0.08338976,0.002692637,0.4082135,0.010499146,0.7567293,0.0014141629,0.08334019,0.0021476666,0.39259824,0.007225006,null,null,null,null,"TWOGAUSSIANS",8,2.940779,0.25240397,0.0018535063,0.4,0.0,0.39995915,0.010854835,0.7567293,0.0014141629,0.4,0.0,0.3843439,0.0070838393
375316653866487564,2027969177939328768,0.5916596,2238.592856636474,0.5363759168337845,1.0657374E-5,16.198437,0.0031643333,0.327299,0.006993369,0.029573463,0.0060654897,0.3149619,0.047401752,0.8279043,0.001988895,0.029944355,0.0031495336,0.2687034,0.046580832,0.008685854,0.0043013296,0.327299,0.006993369,"TWOGAUSSIANS_WITH_ELLIPSOIDAL_ON_ECLIPSE1",9,13.9739685,0.327299,0.006993369,0.1656114,0.033966742,0.3323336,0.04948992,0.8279043,0.0019881553,0.16768838,0.017637389,0.28607482,0.049324494
375316653866487564,2027970204405641216,0.5768776,2205.0475240970295,1.224675807422769,7.8928E-6,19.582443,0.0071884817,0.20573232,0.004369927,0.058032546,0.0056864116,0.3012131,0.061925795,0.7111535,0.0013508493,0.046155505,0.0027356027,1.0176104,0.10578269,null,null,null,null,"TWOGAUSSIANS",8,2.172219,0.7111535,0.0013508493,0.25847083,0.015319375,1.0176024,0.1057896,0.20573232,0.004369927,0.32498226,0.031843904,0.3012052,0.06193019
375316653866487564,2027970273118657024,0.58365494,2189.9744218018727,3.6882279212807463,1.30127355E-5,18.569242,0.005527851,0.22401986,0.0024085992,0.08079681,0.0031645582,0.5379361,0.022539098,0.7212798,0.002582089,0.07438926,0.004702385,0.3723066,0.008742122,null,null,null,null,"TWOGAUSSIANS",8,3.0383468,0.22401986,0.0024085992,0.4,0.0,0.5331999,0.023179544,0.7212798,0.002582089,0.4,0.0,0.3675704,0.009123038
375316653866487564,2027970689767770496,0.5512568,2231.7088895833253,0.7651529831328588,5.1228913E-6,15.68607,0.0010407914,0.3286401,0.0027955628,0.019554745,0.003391514,0.025337923,0.005240409,0.8303924,8.727767E-4,0.023012962,0.0010403929,0.09735639,0.006639961,0.021277806,0.001567361,0.3286401,0.0027955628,"TWOGAUSSIANS_WITH_ELLIPSOIDAL_ON_ECLIPSE1",9,6.0972857,0.8303924,8.716186E-4,0.12887259,0.0058262004,0.13990684,0.0069081187,0.3286401,0.0027955628,0.10950657,0.01899248,0.06789353,0.004394553
375316653866487564,2027971548761417344,0.48914132,2220.998991648113,0.3468144490395607,1.1039793E-5,16.538933,0.002104835,0.21995564,0.014904526,0.0805327,0.019834276,0.02008658,0.0027402,0.7263455,0.0037336345,0.038943466,0.003269761,0.08466457,0.0067771277,null,null,null,null,"TWOGAUSSIANS",8,3.5321302,0.7263455,0.0037336345,0.21808341,0.018310662,0.08465721,0.006776059,0.21995564,0.014904526,0.4,0.021411458,0.020079214,0.0027396986
375316653866487564,2027971647507256576,0.54742575,2213.233447811717,0.07123118928739457,1.8864392E-5,18.268988,0.0052017495,0.42267293,0.081273235,0.12550262,0.052761167,0.015508067,0.0072871856,0.7913456,6.065288E-4,0.0036514055,8.3088066E-4,0.6165958,0.080481045,null,null,null,null,"TWOGAUSSIANS",8,4.707316,0.7913456,6.065288E-4,0.02044787,0.004652932,0.61679214,0.08045768,0.42267293,0.081273235,0.4,0.0,0.015496975,0.0072793704
375316653866487564,2027971784946228864,0.5676737,2235.1107814460056,1.7081538805718552,7.842596E-6,17.683811,0.0063960194,0.3176062,0.0027888315,0.043716397,0.004674116,0.18116562,0.017068777,0.81453365,0.014414608,0.03453585,0.01940741,0.04660025,0.017768037,0.03231086,0.008835101,0.3176062,0.0027888315,"TWOGAUSSIANS_WITH_ELLIPSOIDAL_ON_ECLIPSE1",9,3.2771058,0.3176062,0.0027888315,0.24481183,0.02617505,0.24578732,0.011311293,0.81488365,0.013500084,0.19340077,0.10868149,0.111200646,0.018974455
375316653866487564,2027972407754783104,0.61485064,2238.807018668725,2.409746708980487,5.6924564E-6,16.119844,0.0016191774,0.24459936,0.001517073,0.0393602,0.008306974,0.029728783,0.0064111073,0.75421464,0.011382917,0.03393778,0.0073108813,0.017870639,0.005890728,0.05723719,0.002255143,0.24459936,0.001517073,"TWOGAUSSIANS_WITH_ELLIPSOIDAL_ON_ECLIPSE1",9,3.3759778,0.24459936,0.001517073,0.22041711,0.046519056,0.14420311,0.0068304185,0.75421464,0.011382917,0.19005157,0.040940933,0.13192765,0.006343844
