Gaia/vari_eclipsing_binary/VariEclipsingBinary_475790-475852.csv
# %ECSV 1.0
# ---
# delimiter: ','
# meta: !!omap
# - RELEASE: Gaia DR3
# - TABLE: vari_eclipsing_binary
# - DESCRIPTION: >
#     This table describes the properties of the eclipsing binaries resulting from the variability analysis. 
# - CITATION: >
#     How to cite and acknowledge Gaia: 
#     https://gea.esac.esa.int/archive/documentation/credits.html 
# - KNOWN_ISSUES: >
#     Known issues: 
#     https://www.cosmos.esa.int/web/gaia-users/known-issues 
# - DOCUMENTATION: >
#     Tutorials and documentation: 
#     https://www.cosmos.esa.int/web/gaia-users/archive 
# datatype:
# - 
#   name: solution_id
#   datatype: int64
#   description: Solution Identifier
#   meta:
#     ucd: meta.version
# - 
#   name: source_id
#   datatype: int64
#   description: Unique source identifier
#   meta:
#     ucd: meta.id;meta.main
# - 
#   name: global_ranking
#   datatype: float32
#   description: Number between 0 (worst) and 1 (best)
#   meta:
#     ucd: stat.param
# - 
#   name: reference_time
#   datatype: float64
#   unit: d
#   description: Reference time used for the geometric model fit
#   meta:
#     ucd: time.epoch
# - 
#   name: frequency
#   datatype: float64
#   unit: d**-1
#   description: Frequency of geometric model of the eclipsing binary light curve
#   meta:
#     ucd: src.orbital
# - 
#   name: frequency_error
#   datatype: float32
#   unit: d**-1
#   description: "Uncertainty of \\texttt{frequency}"
#   meta:
#     ucd: stat.error
# - 
#   name: geom_model_reference_level
#   datatype: float32
#   unit: mag
#   description: Magnitude reference level of geometric model
#   meta:
#     ucd: phot.mag;em.opt
# - 
#   name: geom_model_reference_level_error
#   datatype: float32
#   unit: mag
#   description: "Uncertainty of \\texttt{geomModelReferenceLevel}"
#   meta:
#     ucd: stat.error;phot.mag;em.opt
# - 
#   name: geom_model_gaussian1_phase
#   datatype: float32
#   description: Phase of the Gaussian 1 component
#   meta:
#     ucd: time.phase
# - 
#   name: geom_model_gaussian1_phase_error
#   datatype: float32
#   description: "Uncertainty of \\texttt{geomModelGaussian1Phase}"
#   meta:
#     ucd: stat.error;time.phase
# - 
#   name: geom_model_gaussian1_sigma
#   datatype: float32
#   description: "Standard deviation [phase] of Gaussian 1 component"
#   meta:
#     ucd: stat.stdev
# - 
#   name: geom_model_gaussian1_sigma_error
#   datatype: float32
#   description: "Uncertainty of \\texttt{geomModelGaussian1Sigma}"
#   meta:
#     ucd: stat.error
# - 
#   name: geom_model_gaussian1_depth
#   datatype: float32
#   unit: mag
#   description: Magnitude depth of Gaussian 1 component
#   meta:
#     ucd: src.var.amplitude
# - 
#   name: geom_model_gaussian1_depth_error
#   datatype: float32
#   unit: mag
#   description: "Uncertainty of \\texttt{geomModelGaussian1Depth}"
#   meta:
#     ucd: stat.error;src.var.amplitude
# - 
#   name: geom_model_gaussian2_phase
#   datatype: float32
#   description: Phase of Gaussian 2 component
#   meta:
#     ucd: time.phase
# - 
#   name: geom_model_gaussian2_phase_error
#   datatype: float32
#   description: "Uncertainty of \\texttt{geomModelGaussian2Phase}"
#   meta:
#     ucd: stat.error;time.phase
# - 
#   name: geom_model_gaussian2_sigma
#   datatype: float32
[...]
#   datatype: float32
#   description: "Secondary eclipse: uncertainty of \\texttt{derivedSecondaryEclDuration}"
#   meta:
#     ucd: stat.error;time.duration
# - 
#   name: derived_secondary_ecl_depth
#   datatype: float32
#   unit: mag
#   description: "Secondary eclipse: depth"
#   meta:
#     ucd: src.var.amplitude
# - 
#   name: derived_secondary_ecl_depth_error
#   datatype: float32
#   unit: mag
#   description: "Secondary eclipse: uncertainty of \\texttt{derivedSecondaryEclDepth}"
#   meta:
#     ucd: stat.error;src.var.amplitude
solution_id,source_id,global_ranking,reference_time,frequency,frequency_error,geom_model_reference_level,geom_model_reference_level_error,geom_model_gaussian1_phase,geom_model_gaussian1_phase_error,geom_model_gaussian1_sigma,geom_model_gaussian1_sigma_error,geom_model_gaussian1_depth,geom_model_gaussian1_depth_error,geom_model_gaussian2_phase,geom_model_gaussian2_phase_error,geom_model_gaussian2_sigma,geom_model_gaussian2_sigma_error,geom_model_gaussian2_depth,geom_model_gaussian2_depth_error,geom_model_cosine_half_period_amplitude,geom_model_cosine_half_period_amplitude_error,geom_model_cosine_half_period_phase,geom_model_cosine_half_period_phase_error,model_type,num_model_parameters,reduced_chi2,derived_primary_ecl_phase,derived_primary_ecl_phase_error,derived_primary_ecl_duration,derived_primary_ecl_duration_error,derived_primary_ecl_depth,derived_primary_ecl_depth_error,derived_secondary_ecl_phase,derived_secondary_ecl_phase_error,derived_secondary_ecl_duration,derived_secondary_ecl_duration_error,derived_secondary_ecl_depth,derived_secondary_ecl_depth_error
[from data line 223]
375316653866487564,4185332281493431552,0.53704655,2154.2994733276537,4.071764153097824,1.838177E-5,16.112015,0.002616321,0.3142738,0.0016117557,0.069645226,0.0038234731,0.07849162,0.002201724,0.814348,0.006151144,0.07160596,0.014645625,0.07636602,0.010705029,null,null,null,null,"TWOGAUSSIANS",8,4.4282823,0.3142738,0.0016117557,0.39001328,0.021411449,0.07819781,0.0020014616,0.814348,0.006151144,0.4,0.05929856,0.07607221,0.01102302
375316653866487564,4185332796876294656,0.56223685,2199.1035817960087,2.6293158877651925,7.969885E-6,19.18524,0.010812753,0.2499484,0.009131358,0.0576356,0.010110511,0.34470734,0.036056448,0.75010294,0.0023854952,0.037363723,0.0025881492,0.68124825,0.05822373,null,null,null,null,"TWOGAUSSIANS",8,5.232294,0.75010294,0.0023854952,0.20923686,0.014493635,0.6812474,0.058224026,0.2499484,0.009131358,0.32275936,0.05661886,0.3447065,0.03605826
375316653866487564,4185333930748276096,0.47023332,2193.3479257760646,1.4794735611956373,2.969267E-5,19.4247,0.075679354,0.1247431,0.013597203,0.121303685,0.046929907,0.16552922,0.07255748,0.54610944,0.06530112,0.037175298,0.034705285,0.2534556,0.32338217,null,null,null,null,"TWOGAUSSIANS",8,2.098462,0.54610944,0.06530112,0.20818166,0.18774073,0.25345692,0.284308,0.1247431,0.013597203,0.4,0.0,0.1651317,0.045899764
375316653866487564,4185337293700280064,0.58631384,2226.1539586046238,3.0957945382077248,1.5253876E-5,17.973446,0.01708987,0.35052568,0.011056218,0.09042354,0.0154493125,0.28883216,0.037252203,0.85116047,0.0028609722,0.07857127,0.009173855,0.17352526,0.014860751,null,null,null,null,"TWOGAUSSIANS",8,3.3267522,0.35052568,0.011056218,0.4,0.0,0.28319424,0.0409023,0.85116047,0.0028609722,0.4,0.0,0.16788748,0.008035209
375316653866487564,4185339153429672448,0.54716754,2183.4627771332257,0.4485822342450323,3.6603622E-5,18.33585,0.006081483,0.27958557,0.00788731,0.060171038,0.03592164,0.18903069,0.7318394,0.7771603,0.007937146,0.07965999,0.016800132,0.16190419,0.039481517,null,null,null,null,"TWOGAUSSIANS",8,0.9477029,0.27958557,0.00788731,0.3369578,0.20116119,0.18849275,0.7325079,0.7771603,0.007937146,0.4,0.0,0.16136622,0.040730856
375316653866487564,4185339600106834048,0.5528641,2184.7025481433043,3.81328044346768,2.311455E-5,19.753567,0.03787125,0.18663098,0.0034616322,0.063824266,0.0041467063,0.75904,0.0316506,0.6829291,0.036399055,0.09972567,0.06208229,0.3108312,0.083649285,null,null,null,null,"TWOGAUSSIANS",8,2.6964731,0.18663098,0.0032827535,0.35741588,0.023221554,0.7517281,0.03232724,0.6829291,0.036399055,0.4,0.0,0.3035171,0.10767426
375316653866487564,4185339905043154944,0.5840296,2232.352420286743,3.3305827475873127,1.7260456E-5,18.404987,0.027635217,0.29267767,0.0061413073,0.043313585,0.012743459,0.17073224,0.07306067,0.77802354,0.03945334,0.031685207,0.035243805,0.3032866,0.07746721,0.18781756,0.038121905,0.29267767,0.0061413073,"TWOGAUSSIANS_WITH_ELLIPSOIDAL_ON_ECLIPSE1",9,8.081447,0.77933353,0.038179435,0.17743716,0.19736531,0.67602795,0.10771941,0.29267767,0.0061413073,0.24255607,0.071363375,0.54636705,0.02416809
375316653866487564,4185341008869932032,0.4608601,2214.276330798018,0.12909766998628938,3.5056357E-5,19.218817,0.016219016,0.361122,0.020167675,0.06170605,0.02942268,0.38115072,0.1510029,0.82787484,0.021112416,0.079401776,0.017461402,0.2914547,0.056234077,null,null,null,null,"TWOGAUSSIANS",8,6.728788,0.361122,0.020167675,0.34555387,0.16144644,0.3806366,0.15187748,0.82787484,0.021112416,0.4,0.0,0.29094058,0.056507256
375316653866487564,4185342585103065216,0.51282364,2216.597139289153,0.0958573546463999,5.491181E-5,17.694576,0.17504503,0.046136778,0.010885191,0.06453953,0.042752158,0.042606886,0.049231693,0.55205274,0.017521193,0.17405067,0.13110742,0.16020581,0.1582904,null,null,null,null,"TWOGAUSSIANS",8,2.6328194,0.55205274,0.017521193,0.4,0.0,0.13880672,0.018047746,0.045316778,0.011086513,0.36142135,0.17582014,0.026404783,0.007079146
375316653866487564,4185342928700386432,0.5928092,2222.191700144791,0.4591853419934048,2.8369893E-6,17.817934,0.055653185,0.3397463,0.06290232,0.034223527,0.14638308,0.15563217,0.098544426,0.85036325,0.0018290677,0.027712388,0.002890983,1.2455859,0.06869585,null,null,null,null,"TWOGAUSSIANS",8,49.1772,0.85036325,0.0018143924,0.15518938,0.016189504,1.2455859,0.06855605,0.3397463,0.06290232,0.19165176,0.2514453,0.15563217,0.1016424
375316653866487564,4185342933001974272,0.46518776,2229.021375903789,3.754606252988755,4.4258533E-5,19.215912,0.14213595,0.20739767,0.006340086,0.09858465,0.05303019,0.15168098,0.13631883,0.7539006,0.03995476,0.07750633,0.0699541,0.1703758,0.14767675,null,null,null,null,"TWOGAUSSIANS",8,1.9829799,0.75391054,0.0396264,0.4,0.0075713117,0.1678166,0.025149437,0.20739767,0.0061810794,0.4,0.0,0.1491179,0.015825018
375316653866487564,4185343310959094272,0.6050064,2200.680964568394,1.802924189140146,8.041029E-6,17.194187,0.004932666,0.3106216,0.0012096827,0.07397546,0.0023736428,0.29239008,0.012476883,0.8055424,0.008593663,0.09516607,0.009543055,0.09341939,0.009247665,null,null,null,null,"TWOGAUSSIANS",8,3.3429928,0.3106216,0.0012096827,0.4,0.0,0.28895724,0.0126055945,0.8055424,0.008593663,0.4,0.0,0.08998634,0.009460136
375316653866487564,4185343310959129600,0.48140064,2224.557756195494,2.949649412974038,1.1874898E-5,19.794828,0.0059850123,null,null,null,null,null,null,null,null,null,null,null,null,0.1258988,0.011929707,0.24145423,0.0061123404,"ELLIPSOIDAL",4,2.1508205,null,null,null,null,null,null,null,null,null,null,null,null
375316653866487564,4185343581537111168,0.4358088,2214.366694221756,2.4505606573436935,7.038007E-5,17.8686,0.120871015,0.322915,0.06639885,0.18411899,0.13638669,0.11680359,0.11497256,0.72155637,0.03436474,0.101000726,0.051170386,0.2311681,0.07529947,null,null,null,null,"TWOGAUSSIANS",8,61.665565,0.72155637,0.03436474,0.4,0.0,0.21339285,0.04742611,0.32404497,0.060373776,0.4,0.0,0.08735496,0.030411992
375316653866487564,4185344032514105728,0.48339137,2203.4345926697297,3.593892813932509,4.256047E-5,19.418222,0.007340619,null,null,null,null,null,null,null,null,null,null,null,null,0.08568002,0.010267528,0.32067126,0.009086051,"ELLIPSOIDAL",4,2.9048083,null,null,null,null,null,null,null,null,null,null,null,null
375316653866487564,4185344960227566976,0.56327134,2177.768868351973,2.737184871876708,3.5037745E-5,18.122038,0.011576417,0.24711333,0.0081649,0.08487305,0.012372774,0.23183565,0.015852435,0.7637173,0.008148303,0.08337856,0.008309514,0.24626169,0.034343734,null,null,null,null,"TWOGAUSSIANS",8,4.625298,0.7637173,0.008148303,0.4,0.0,0.24197635,0.034899652,0.24711333,0.0081649,0.4,0.0,0.2275503,0.016874142
375316653866487564,4185345372554379904,0.44420806,2223.597478956888,0.7787300294756958,8.497867E-5,17.200296,0.012801026,0.31595385,0.049802173,0.057511713,0.040204823,0.3432366,0.5235716,0.7471441,0.01173747,0.07752028,0.01167076,0.21825667,0.039512996,null,null,null,null,"TWOGAUSSIANS",8,8.036349,0.31595385,0.049802173,0.3220656,0.17039543,0.3431635,0.5243976,0.7471441,0.01173747,0.4,0.0076423422,0.21818352,0.039421447
375316653866487564,4185345883638105344,0.5817192,2174.1516257295593,0.16901272204770634,1.678219E-5,17.027534,0.0015786269,0.15536436,0.007065249,0.043252252,0.031585906,0.0202423,0.0035318227,0.55852234,1.7066664E-5,0.0044060936,1.0849107E-4,0.34091574,0.013055326,null,null,null,null,"TWOGAUSSIANS",8,2.6262205,0.55852234,1.7066664E-5,0.024674123,6.0754997E-4,0.34091574,0.013055326,0.15536436,0.007065249,0.24221261,0.14680126,0.0202423,0.0035318227
375316653866487564,4185346089796399360,0.53726906,2145.745932425927,4.277462494269996,1.605292E-5,18.139992,0.03360357,0.29406092,0.009588815,0.09588104,0.017564517,0.21101293,0.033976294,0.77043843,0.0032386219,0.102871604,0.015246931,0.20686625,0.029249087,null,null,null,null,"TWOGAUSSIANS",8,3.9339461,0.2940709,0.009573974,0.4,0.0,0.19803484,0.014768145,0.77043843,0.0032386219,0.4,0.0,0.1938841,0.012109947
375316653866487564,4185348293131822208,0.6594165,2224.9584770892866,0.6770203487460688,5.941152E-5,15.719229,0.007387846,0.46958363,0.050353896,0.06377882,0.025638388,0.38160786,0.1268864,0.9272289,0.036923725,0.05674193,0.06663067,0.013644751,0.006580132,null,null,null,null,"TWOGAUSSIANS",8,6.461804,0.46958363,0.050354607,0.35716137,0.14357497,0.38160193,0.12684378,0.9272289,0.036923725,0.3177548,0.17489487,0.0136388065,0.006149086
375316653866487564,4185348774156710144,0.55757654,2223.9721347157433,2.8167643384031593,4.754703E-6,19.122288,0.01001648,0.196151,0.0036158164,0.04334938,0.0037266228,0.52488387,0.042736232,0.694731,0.002017592,0.036973644,0.0038370707,0.6954846,0.109885655,null,null,null,null,"TWOGAUSSIANS",8,3.3514655,0.694731,0.002017592,0.2070524,0.021487596,0.6954846,0.10988567,0.196151,0.0036158164,0.24275655,0.020869087,0.52488387,0.04273624
375316653866487564,4185349701870543744,0.45789495,2242.56335545669,0.07460012585017411,3.7455364E-5,17.9079,0.0077757426,0.07483811,0.011696746,0.015986105,0.023616005,0.010554914,0.04178334,0.53752404,3.37626E-4,0.0033581227,3.792669E-4,0.22141145,0.07490263,null,null,null,null,"TWOGAUSSIANS",8,7.9790783,0.53752404,3.37626E-4,0.018805487,0.0021238946,0.22141145,0.07490263,0.07483811,0.011696746,0.0895222,0.13224962,0.010554914,0.04178334
375316653866487564,4185349731928912896,0.47782657,2219.8130563725163,3.551258521418344,3.277924E-5,19.22855,0.105527565,0.21234411,0.007301018,0.104482904,0.02194361,0.2602842,0.09527895,0.73279124,0.019065281,0.14074433,0.057772517,0.26059428,0.096324384,null,null,null,null,"TWOGAUSSIANS",8,2.1955469,0.21184412,0.0065896707,0.4,0.0,0.20732208,0.015027494,0.7328113,0.019033741,0.4,0.0,0.2065723,0.056102034
375316653866487564,4185350629594018432,0.6711356,2240.3406635490746,1.4285344425007909,3.862808E-6,16.181433,0.004458657,0.30380714,0.0026524134,0.09089446,0.003663875,0.28427628,0.008346253,0.8051297,9.5015584E-4,0.08701571,0.0016507804,0.3820098,0.0045489594,null,null,null,null,"TWOGAUSSIANS",8,3.1778815,0.8051297,9.5015584E-4,0.4,0.0,0.36964047,0.0035226734,0.30380714,0.0026524134,0.4,0.0,0.27190682,0.008798969
375316653866487564,4185350797080914560,0.44850805,2243.8770743911637,0.5142196518472031,4.7455887E-5,16.760277,0.009588873,0.29078057,0.06891539,0.09319766,0.047764536,0.13845067,0.02216332,0.73493326,0.017985865,0.059974384,0.018697381,0.12483071,0.009689356,null,null,null,null,"TWOGAUSSIANS",8,4.363014,0.29078057,0.06891539,0.4,0.13064128,0.13809228,0.022110697,0.73493326,0.017985865,0.33585656,0.081897765,0.12447394,0.009566425
375316653866487564,4185351415556380160,0.45961985,2246.550443010063,0.9402506981996569,5.1673476E-5,16.428427,0.006798434,0.35995457,0.0062342673,0.04531655,0.00798024,0.078392245,0.00930233,0.82132876,0.019786654,0.071053706,0.015686443,0.11120662,0.062454205,null,null,null,null,"TWOGAUSSIANS",8,27.635168,0.82132876,0.019786654,0.39790073,0.07979715,0.111202404,0.062456932,0.35995457,0.0062342673,0.25377268,0.044689342,0.07838802,0.009294743
375316653866487564,4185351900893791488,0.4478656,2247.558845249132,0.39065231803718514,3.0346991E-5,19.450579,0.021492573,0.20874706,0.0070556533,0.06994836,0.015816594,0.1504735,0.019432945,0.7454262,0.020415949,0.09892864,0.022690516,0.16978337,0.032383148,null,null,null,null,"TWOGAUSSIANS",8,2.112886,0.7454262,0.020415949,0.4,0.0,0.1677441,0.03005741,0.20874706,0.007049385,0.39171082,0.043629687,0.14843723,0.015779387
375316653866487564,4185352240201318016,0.6119031,2199.158294876753,3.5866063070575085,1.0376468E-5,18.783016,0.021105042,0.29401544,0.0028453076,0.04067864,0.004845401,0.37615895,0.053266793,0.80267954,0.0071195564,0.06943645,0.030518422,0.15995856,0.14101976,0.1327646,0.033255853,0.80267954,0.0071195564,"TWOGAUSSIANS_WITH_ELLIPSOIDAL_ON_ECLIPSE2",9,2.834122,0.29474545,0.0024487576,0.22780037,0.027134245,0.6407265,0.024356341,0.80267954,0.0071195564,0.38884416,0.112946615,0.42524597,0.097856425
375316653866487564,4185352274549892096,0.46019143,2219.8656705298563,4.269057555161105,5.5997578E-5,18.078524,0.0034177173,0.39091945,0.018998424,0.061553422,0.02232538,0.038345773,0.012277609,0.7417671,7.162241E-4,0.0073464713,0.0048010536,0.7390473,4.67003584E8,0.041141298,0.006952468,0.7417671,7.162241E-4,"TWOGAUSSIANS_WITH_ELLIPSOIDAL_ON_ECLIPSE2",9,3.3641798,0.7417671,7.162241E-4,0.04114024,0.026885899,0.8213297,4.67003584E8,0.26901945,0.10775532,0.34469917,0.12502213,0.08528942,0.013302665
375316653866487564,4185352897336968832,0.5542369,2178.288239064323,0.5368193487123794,1.8439874E-5,15.657548,0.0034362967,0.19894229,0.0077761263,0.07620281,0.0072474936,0.0698949,0.0060768714,0.68888706,0.0017435689,0.05147055,0.003895684,0.10373664,0.008660704,null,null,null,null,"TWOGAUSSIANS",8,9.323375,0.68888706,0.0017435689,0.2882351,0.021815829,0.10368186,0.008664615,0.19894229,0.0077761263,0.4,0.0,0.06984013,0.0060326047
375316653866487564,4185353103485368704,0.49807066,2209.615878747552,3.679736217316786,1.1075658E-4,19.457554,0.020447243,0.2688437,0.032805726,0.12313369,0.03396947,0.21927401,0.021845477,0.64614123,0.01900859,0.075729825,0.041411575,0.5462462,0.13768198,null,null,null,null,"TWOGAUSSIANS",8,5.4384975,0.64614123,0.01900859,0.4,0.07394758,0.54388237,0.14458491,0.26885372,0.03184088,0.4,0.0,0.21490636,0.020509977
375316653866487564,4185353305341889280,0.47870684,2236.387490011524,0.2051812138621498,8.8605855E-5,18.741041,0.01635602,0.12529208,0.013055145,0.058601134,0.013170816,0.13225944,0.018223317,0.5910554,0.01917676,0.06441908,0.025272155,0.114589244,0.021694096,null,null,null,null,"TWOGAUSSIANS",8,3.082127,0.12529208,0.013055145,0.32816634,0.07375657,0.13223976,0.018048447,0.5910554,0.01917676,0.36074686,0.11447228,0.11456957,0.021720104
375316653866487564,4185353339701624320,0.5408082,2250.6014269297325,1.5490374425049238,2.3437964E-5,18.478214,0.014293387,0.26349553,0.017864138,0.057937793,0.0067783394,0.6447336,0.13943309,0.7774579,0.004261127,0.052120462,0.0045351395,0.58476007,0.040845104,null,null,null,null,"TWOGAUSSIANS",8,14.020325,0.26349553,0.017864138,0.32445166,0.0379587,0.64471096,0.13943177,0.7774579,0.004261127,0.2918746,0.025396783,0.5847374,0.040855855
375316653866487564,4185353545860113536,0.52549404,2210.359339905811,1.7544313994386282,1.9683308E-5,18.297773,0.07632673,0.23746584,0.0061654053,0.09834228,0.035239782,0.13245286,0.07333377,0.72508854,0.004707019,0.10313114,0.04487663,0.1247509,0.07087716,null,null,null,null,"TWOGAUSSIANS",8,1.3872479,0.23746584,0.005935255,0.4,0.0,0.122336715,0.011262307,0.72508854,0.004707019,0.4,0.0,0.11463325,0.012783254
375316653866487564,4185353618881430016,0.51102,2236.106260986874,2.8870419428948932,1.2600374E-5,19.511742,0.010162531,0.2436281,0.0058524725,0.06182425,0.009428443,0.3449036,0.06303348,0.76025546,0.010680378,0.08332851,0.0089306915,0.23033653,0.015036505,null,null,null,null,"TWOGAUSSIANS",8,2.100863,0.2436281,0.0058524725,0.3462158,0.052799284,0.34394798,0.06362249,0.76025546,0.010680378,0.4,0.0,0.22938088,0.014802341
375316653866487564,4185354512244749952,0.47800845,2188.07749856565,3.2241179147665546,2.693421E-5,17.334122,0.0067175482,0.2227258,0.0075296126,0.0569846,0.0142747,0.10769187,0.008623115,0.7400974,2.3427124E-4,0.0423516,0.0047618872,0.20157363,0.043703623,null,null,null,null,"TWOGAUSSIANS",8,10.693883,0.7400974,2.3427124E-4,0.23716897,0.02666657,0.20157327,0.043705106,0.2227258,0.0075296126,0.31911376,0.079938315,0.10769151,0.008622216
375316653866487564,4185355199429246080,0.49887487,2207.3185384672656,0.5171017050612556,4.5763227E-5,19.72744,0.024429612,0.23139141,0.01695321,0.079858184,0.009730448,0.69343954,0.1344652,0.73905736,0.009752497,0.07566549,0.010171237,0.5288274,0.03744774,null,null,null,null,"TWOGAUSSIANS",8,1.9855465,0.23139141,0.01695321,0.4,0.0,0.6875421,0.13468736,0.73905736,0.009752497,0.4,0.0,0.52292997,0.035551507
