# %ECSV 1.0
# ---
# delimiter: ','
# meta: !!omap
# - RELEASE: Gaia DR3
# - TABLE: vari_eclipsing_binary
# - DESCRIPTION: >
#     This table describes the properties of the eclipsing binaries resulting from the variability analysis. 
# - CITATION: >
#     How to cite and acknowledge Gaia: 
#     https://gea.esac.esa.int/archive/documentation/credits.html 
# - KNOWN_ISSUES: >
#     Known issues: 
#     https://www.cosmos.esa.int/web/gaia-users/known-issues 
# - DOCUMENTATION: >
#     Tutorials and documentation: 
#     https://www.cosmos.esa.int/web/gaia-users/archive 
# datatype:
# - 
#   name: solution_id
#   datatype: int64
#   description: Solution Identifier
#   meta:
#     ucd: meta.version
# - 
#   name: source_id
#   datatype: int64
#   description: Unique source identifier
#   meta:
#     ucd: meta.id;meta.main
# - 
#   name: global_ranking
#   datatype: float32
#   description: Number between 0 (worst) and 1 (best)
#   meta:
#     ucd: stat.param
# - 
#   name: reference_time
#   datatype: float64
#   unit: d
#   description: Reference time used for the geometric model fit
#   meta:
#     ucd: time.epoch
# - 
#   name: frequency
#   datatype: float64
#   unit: d**-1
#   description: Frequency of geometric model of the eclipsing binary light curve
#   meta:
#     ucd: src.orbital
# - 
#   name: frequency_error
#   datatype: float32
#   unit: d**-1
#   description: "Uncertainty of \\texttt{frequency}"
#   meta:
#     ucd: stat.error
# - 
#   name: geom_model_reference_level
#   datatype: float32
#   unit: mag
#   description: Magnitude reference level of geometric model
#   meta:
#     ucd: phot.mag;em.opt
# - 
#   name: geom_model_reference_level_error
#   datatype: float32
#   unit: mag
#   description: "Uncertainty of \\texttt{geomModelReferenceLevel}"
#   meta:
#     ucd: stat.error;phot.mag;em.opt
# - 
#   name: geom_model_gaussian1_phase
#   datatype: float32
#   description: Phase of the Gaussian 1 component
#   meta:
#     ucd: time.phase
# - 
#   name: geom_model_gaussian1_phase_error
#   datatype: float32
#   description: "Uncertainty of \\texttt{geomModelGaussian1Phase}"
#   meta:
#     ucd: stat.error;time.phase
# - 
#   name: geom_model_gaussian1_sigma
#   datatype: float32
#   description: "Standard deviation [phase] of Gaussian 1 component"
#   meta:
#     ucd: stat.stdev
# - 
#   name: geom_model_gaussian1_sigma_error
#   datatype: float32
#   description: "Uncertainty of \\texttt{geomModelGaussian1Sigma}"
#   meta:
#     ucd: stat.error
# - 
#   name: geom_model_gaussian1_depth
#   datatype: float32
#   unit: mag
#   description: Magnitude depth of Gaussian 1 component
#   meta:
#     ucd: src.var.amplitude
# - 
#   name: geom_model_gaussian1_depth_error
#   datatype: float32
#   unit: mag
#   description: "Uncertainty of \\texttt{geomModelGaussian1Depth}"
#   meta:
#     ucd: stat.error;src.var.amplitude
# - 
#   name: geom_model_gaussian2_phase
#   datatype: float32
#   description: Phase of Gaussian 2 component
#   meta:
#     ucd: time.phase
# - 
#   name: geom_model_gaussian2_phase_error
#   datatype: float32
#   description: "Uncertainty of \\texttt{geomModelGaussian2Phase}"
#   meta:
#     ucd: stat.error;time.phase
# - 
#   name: geom_model_gaussian2_sigma
#   datatype: float32
#   description: "Standard deviation [phase] of Gaussian 2 component"
#   meta:
#     ucd: stat.stdev
# - 
#   name: geom_model_gaussian2_sigma_error
#   datatype: float32
#   description: "Uncertainty of \\texttt{geomModelGaussian2Sigma}"
#   meta:
#     ucd: stat.error
# - 
#   name: geom_model_gaussian2_depth
#   datatype: float32
#   unit: mag
#   description: Magnitude depth of Gaussian2 component
#   meta:
#     ucd: src.var.amplitude
# - 
#   name: geom_model_gaussian2_depth_error
#   datatype: float32
#   unit: mag
#   description: "Uncertainty of \\texttt{geomModelGaussian2Depth}"
#   meta:
#     ucd: stat.error;src.var.amplitude
# - 
#   name: geom_model_cosine_half_period_amplitude
#   datatype: float32
#   unit: mag
#   description: Amplitude of the cosine component with half the period of the geometric model
#   meta:
#     ucd: src.var.amplitude
# - 
#   name: geom_model_cosine_half_period_amplitude_error
#   datatype: float32
#   unit: mag
#   description: "Uncertainty of \\texttt{geomModelCosineHalfPeriodAmplitude}"
#   meta:
#     ucd: stat.error;src.var.amplitude
# - 
#   name: geom_model_cosine_half_period_phase
#   datatype: float32
#   description: Reference phase of the cosine component with half the period of the geometric model
#   meta:
#     ucd: time.phase
# - 
#   name: geom_model_cosine_half_period_phase_error
#   datatype: float32
#   description: "Uncertainty of \\texttt{geomModelCosineHalfPeriodPhase}"
#   meta:
#     ucd: stat.error;time.phase
# - 
#   name: model_type
#   datatype: string
#   description: Type of geometrical model of the light curve
#   meta:
#     ucd: meta.code.class
# - 
#   name: num_model_parameters
#   datatype: int8
#   description: Number of free parameters of the geometric model
#   meta:
#     ucd: stat.fit.param
# - 
#   name: reduced_chi2
#   datatype: float32
#   description: Reduced Chi2 of the geometrical model fit
#   meta:
#     ucd: stat.fit.chi2
# - 
#   name: derived_primary_ecl_phase
#   datatype: float32
#   description: "Primary eclipse: phase at geometrically deepest point"
#   meta:
#     ucd: time.phase
# - 
#   name: derived_primary_ecl_phase_error
#   datatype: float32
#   description: "Primary eclipse: uncertainty of \\texttt{derivedPrimaryEclPhase}"
#   meta:
#     ucd: stat.error;time.phase
# - 
#   name: derived_primary_ecl_duration
#   datatype: float32
#   description: "Primary eclipse: duration [phase fraction]"
#   meta:
#     ucd: time.duration
# - 
#   name: derived_primary_ecl_duration_error
#   datatype: float32
#   description: "Primary eclipse: uncertainty of \\texttt{derivedPrimaryEclDuration}"
#   meta:
#     ucd: stat.error;time.duration
# - 
#   name: derived_primary_ecl_depth
#   datatype: float32
#   unit: mag
#   description: "Primary eclipse: depth"
#   meta:
#     ucd: src.var.amplitude
# - 
#   name: derived_primary_ecl_depth_error
#   datatype: float32
#   unit: mag
#   description: "Primary eclipse: uncertainty of \\texttt{derivedPrimaryEclDepth}"
#   meta:
#     ucd: stat.error;src.var.amplitude
# - 
#   name: derived_secondary_ecl_phase
#   datatype: float32
#   description: "Secondary eclipse: phase at geometrically second deepest point"
#   meta:
#     ucd: time.phase
# - 
#   name: derived_secondary_ecl_phase_error
#   datatype: float32
#   description: "Secondary eclipse: uncertainty of \\texttt{derivedSecondaryEclPhase}"
#   meta:
#     ucd: stat.error;time.phase
# - 
#   name: derived_secondary_ecl_duration
#   datatype: float32
#   description: "Secondary eclipse: duration [phase fraction]"
#   meta:
#     ucd: time.duration
# - 
#   name: derived_secondary_ecl_duration_error
#   datatype: float32
#   description: "Secondary eclipse: uncertainty of \\texttt{derivedSecondaryEclDuration}"
#   meta:
#     ucd: stat.error;time.duration
# - 
#   name: derived_secondary_ecl_depth
#   datatype: float32
#   unit: mag
#   description: "Secondary eclipse: depth"
#   meta:
#     ucd: src.var.amplitude
# - 
#   name: derived_secondary_ecl_depth_error
#   datatype: float32
#   unit: mag
#   description: "Secondary eclipse: uncertainty of \\texttt{derivedSecondaryEclDepth}"
#   meta:
#     ucd: stat.error;src.var.amplitude
solution_id,source_id,global_ranking,reference_time,frequency,frequency_error,geom_model_reference_level,geom_model_reference_level_error,geom_model_gaussian1_phase,geom_model_gaussian1_phase_error,geom_model_gaussian1_sigma,geom_model_gaussian1_sigma_error,geom_model_gaussian1_depth,geom_model_gaussian1_depth_error,geom_model_gaussian2_phase,geom_model_gaussian2_phase_error,geom_model_gaussian2_sigma,geom_model_gaussian2_sigma_error,geom_model_gaussian2_depth,geom_model_gaussian2_depth_error,geom_model_cosine_half_period_amplitude,geom_model_cosine_half_period_amplitude_error,geom_model_cosine_half_period_phase,geom_model_cosine_half_period_phase_error,model_type,num_model_parameters,reduced_chi2,derived_primary_ecl_phase,derived_primary_ecl_phase_error,derived_primary_ecl_duration,derived_primary_ecl_duration_error,derived_primary_ecl_depth,derived_primary_ecl_depth_error,derived_secondary_ecl_phase,derived_secondary_ecl_phase_error,derived_secondary_ecl_duration,derived_secondary_ecl_duration_error,derived_secondary_ecl_depth,derived_secondary_ecl_depth_error
375316653866487564,4038321529522504192,0.48314783,2253.2487428846116,2.3521407575197038,9.989658E-6,18.216919,0.006254697,0.7447389,0.0040434003,0.018523704,0.14198005,0.0063184113,0.013113614,null,null,null,null,null,null,0.06871807,0.007713966,0.7447389,0.0040434003,"ONEGAUSSIAN_WITH_ELLIPSOIDAL",6,2.4713333,0.7447389,0.0040434003,0.10373275,0.67350775,0.14375423,0.01058304,null,null,null,null,null,null
375316653866487564,4038321559625174656,0.46439385,2249.562166473986,0.027978547086357167,7.116458E-5,19.660604,0.0074739014,0.32590306,0.00108108,0.047422428,0.00695101,2.3248258,0.9558813,0.75660896,0.005464172,0.041670676,0.0060068755,0.41341925,0.0433245,null,null,null,null,"TWOGAUSSIANS",8,1.6965637,0.32590306,0.00108108,0.2655656,0.038925655,2.3248258,0.9558813,0.75660896,0.005464172,0.23335579,0.033638503,0.41341925,0.043324508
375316653866487564,4038321838835539968,0.5599284,2290.81247436351,3.5856400182811634,1.023631E-5,18.822197,0.02234897,0.33494863,0.0032546918,0.07141699,0.0050514345,0.60826856,0.03661212,0.8339264,0.0032525558,0.061468028,0.004359355,0.5986081,0.046154283,null,null,null,null,"TWOGAUSSIANS",8,4.346571,0.33494863,0.0032546918,0.39993516,0.012346801,0.6072828,0.03659685,0.8339264,0.0032525558,0.34422097,0.02441239,0.59762233,0.046016455
375316653866487564,4038322113638249216,0.44390565,2221.902707977545,0.7489402878645448,2.5831154E-5,18.433456,0.009361692,0.1803248,0.0040045846,0.033175476,0.004344043,0.23085175,0.055511802,0.71743935,0.019579269,0.1182744,0.02426481,0.09184004,0.0111646205,null,null,null,null,"TWOGAUSSIANS",8,3.1266668,0.1803148,0.0040044286,0.18578267,0.02432664,0.23055595,0.055561505,0.71743935,0.019579269,0.4,0.0,0.09149784,0.010709985
375316653866487564,4038322319871872512,0.488495,2267.5104123820042,2.1667405721775026,7.198573E-5,19.870132,0.048573952,0.22482225,0.063391045,0.089238055,0.12228913,0.11554164,0.023924138,0.5948134,0.0071364692,0.031076293,0.009532662,0.3371385,0.07738614,null,null,null,null,"TWOGAUSSIANS",8,1.8030349,0.5948134,0.0071364692,0.17402725,0.053382907,0.33715957,0.0786042,0.22482225,0.063391045,0.4,0.044328842,0.11554134,0.028883575
375316653866487564,4038323075712140672,0.45759335,2233.808066066749,0.15309193593878145,2.376794E-5,17.50151,0.011323431,0.17891619,0.0102750445,0.083339415,0.02038205,0.20077932,0.12107664,0.6967029,0.013983885,0.044045404,0.01510627,2.0009525,1.9739023,null,null,null,null,"TWOGAUSSIANS",8,3.2467291,0.6967029,0.013983885,0.24665427,0.084595114,2.000746,1.9747921,0.17891619,0.0102750445,0.4,0.0,0.20057297,0.121709645
375316653866487564,4038323178790790272,0.4767109,2236.085006092445,0.6306266097814859,4.5173983E-5,18.811186,0.010675206,0.29871246,0.0070859245,0.05356176,0.021584146,0.10167624,0.023327673,0.7830724,0.013359364,0.10652053,0.021713201,0.13399492,0.018908532,null,null,null,null,"TWOGAUSSIANS",8,2.167205,0.7830724,0.013359364,0.4,0.0,0.13270687,0.01867215,0.29871246,0.007086204,0.29994583,0.120871216,0.100393616,0.024593148
375316653866487564,4038323316229790848,0.5130687,2272.935904722142,0.10513512305127377,2.3095732E-5,19.13812,0.021803137,0.20858607,0.0086811315,0.06172463,0.0049349177,0.46694717,0.075193234,0.797092,0.0035680775,0.070533104,0.005011172,0.3539771,0.02586849,null,null,null,null,"TWOGAUSSIANS",8,3.4375165,0.20858607,0.0086811315,0.3456579,0.02763554,0.4669069,0.075175315,0.797092,0.0035680775,0.39498538,0.021208666,0.35393682,0.025839178
375316653866487564,4038323346331826560,0.4879119,2201.8695354008446,0.8053168812801219,1.4920846E-5,18.543482,0.010880767,0.28306663,0.01692015,0.065497436,0.020561792,0.21831727,0.062051974,0.7606213,0.0042797755,0.068962015,0.0044745486,0.4252959,0.05250494,null,null,null,null,"TWOGAUSSIANS",8,6.187814,0.7606213,0.0042797755,0.3861873,0.025057472,0.42497322,0.052682407,0.28306663,0.01692015,0.36678562,0.07034577,0.21799462,0.0632849
375316653866487564,4038323591108085888,0.5172016,2256.1036486259645,3.8733337056143013,2.304496E-5,19.240711,0.012071114,0.11127983,0.005550533,0.082635246,0.0053380188,0.43809924,0.02568534,0.6128593,0.017728591,0.057975642,0.019298783,0.45337465,0.18549067,null,null,null,null,"TWOGAUSSIANS",8,3.2323215,0.6128593,0.017728591,0.32466358,0.10807318,0.4518669,0.18744716,0.11127983,0.005550533,0.4,0.0,0.4365915,0.025379444
375316653866487564,4038323591108109440,0.49467513,2233.611824013861,1.7179268068148403,2.5836607E-5,19.187325,0.038098518,0.31442824,0.011852474,0.09971519,0.061162002,0.14738145,0.06433822,0.7866992,0.0058174394,0.08274922,0.013124585,0.2466144,0.038725235,null,null,null,null,"TWOGAUSSIANS",8,2.4806204,0.7866992,0.0058174394,0.4,0.0,0.2410058,0.022645859,0.31442824,0.011852474,0.4,0.0,0.14177077,0.07706913
375316653866487564,4038324106578274432,0.54025495,2235.8631032149833,3.2604954637890806,1.289845E-5,19.365126,0.02628284,0.28165102,0.003286295,0.09445277,0.0167657,0.44851264,0.07649396,0.77930063,0.003578922,0.072621614,0.0046761422,0.5168806,0.03145672,null,null,null,null,"TWOGAUSSIANS",8,1.9992167,0.77930063,0.003578922,0.4,0.005828972,0.50660896,0.02846368,0.28165102,0.003286295,0.4,0.0,0.43824026,0.08660825
375316653866487564,4038324415740647296,0.46900016,2306.7010748070657,2.6170543427426387,6.596077E-5,19.480408,0.04385073,0.2858856,0.010286167,0.11061083,0.022410551,0.25175902,0.047274314,0.74754614,0.021749763,0.10743334,0.024372984,0.2795897,0.055646554,null,null,null,null,"TWOGAUSSIANS",8,3.5555515,0.74754614,0.021749763,0.4,0.0,0.25448182,0.038912017,0.2859356,0.010270033,0.4,0.0,0.22663614,0.03429209
375316653866487564,4038324415740669696,0.4303863,2332.324047460607,0.8885158997712496,4.0708965E-5,18.962076,0.28159508,0.25903895,0.014428998,0.032594446,0.059899047,0.16755903,0.21976677,0.67867905,0.020654198,0.115297765,0.06857854,0.4688089,0.25780645,null,null,null,null,"TWOGAUSSIANS",8,6.812251,0.67867905,0.020654198,0.4,0.0,0.4685166,0.1524656,0.25915894,0.022578614,0.1825289,0.22346474,0.16789243,0.15075454
375316653866487564,4038324484460371712,0.5072145,2256.91686965162,2.1404716362400205,3.3537573E-5,18.294355,0.013556949,0.3054065,0.0074607474,0.08512394,0.02141776,0.12127942,0.016295083,0.7981863,0.011989061,0.08560158,0.018465927,0.07038668,0.013306702,null,null,null,null,"TWOGAUSSIANS",8,1.8285102,0.3054065,0.0074607474,0.4,0.0,0.11905302,0.018169628,0.7981863,0.011989061,0.4,0.0,0.06816029,0.008747345
375316653866487564,4038324725053605120,0.5778391,2261.7079632939276,2.1261688792607325,2.4047496E-5,16.928253,0.006376829,0.2920711,0.0022712313,0.049129583,0.0030901977,0.29727253,0.023693208,0.765313,0.013199665,0.040557213,0.025654936,0.06275396,9.547311,0.077301815,0.0100251,0.2920711,0.0022712313,"TWOGAUSSIANS_WITH_ELLIPSOIDAL_ON_ECLIPSE1",9,14.706403,0.2920711,0.0022712313,0.27512565,0.017305108,0.45187545,0.020364398,0.77181304,0.01378438,0.2271204,0.14366764,0.21406479,9.54884
375316653866487564,4038324896777952640,0.51862025,2230.755215658425,0.07866071146308702,6.676571E-6,18.56838,0.003943471,0.38060707,0.0021257978,0.020730559,0.003878253,2.843048,1.9966699,0.8125799,4.5180548E-4,0.011139825,0.0014142743,0.03203417,0.0037643053,null,null,null,null,"TWOGAUSSIANS",8,2.4856324,0.38060707,0.0021257978,0.11609113,0.021718217,2.843048,1.9966699,0.8125799,4.5180548E-4,0.06238302,0.007919936,0.03203417,0.0037643053
375316653866487564,4038324896852365184,0.6240509,2250.8018505063687,3.9308014474692876,5.344287E-6,15.044701,0.012022815,0.22195497,0.0018215951,0.054081276,0.007901407,0.1530829,0.025159936,0.7245054,0.014912551,0.07035959,0.013238055,0.1140824,0.033776537,0.032430083,0.013620973,0.22195497,0.0018215951,"TWOGAUSSIANS_WITH_ELLIPSOIDAL_ON_ECLIPSE1",9,14.555881,0.22195497,0.0018215951,0.30285516,0.044247877,0.21776499,0.004359437,0.7245054,0.012527562,0.39401367,0.030456584,0.17874783,0.023518223
375316653866487564,4038325098641909376,0.60922,2248.118606418026,2.3440069462586948,1.47254805E-5,16.03493,0.014867754,0.29867363,0.003599332,0.091836505,0.010277172,0.18815663,0.012576269,0.7815909,0.00442156,0.08610748,0.004579335,0.31547868,0.01713627,null,null,null,null,"TWOGAUSSIANS",8,16.401722,0.7815909,0.00442156,0.4,0.0,0.308434,0.012327352,0.29867363,0.003599332,0.4,0.0,0.1811118,0.007958587
375316653866487564,4038325309169291008,0.54125106,2254.814187866343,2.191875969278212,1.4482667E-5,15.438168,0.011639004,0.26253417,0.0049560377,0.08629001,0.005937837,0.3638781,0.022673687,0.7563486,0.0028323396,0.09300842,0.0044094496,0.3729317,0.013972001,null,null,null,null,"TWOGAUSSIANS",8,61.427235,0.7563486,0.0028323396,0.4,0.0,0.35923865,0.012421832,0.26253417,0.0049560377,0.4,0.0,0.35018542,0.023721654
375316653866487564,4038325755771707776,0.4606321,2224.677714717032,1.2268036124787773,5.0968913E-5,18.598654,0.01774702,0.3183587,0.0097147105,0.02008248,0.009262068,0.2970647,0.05516171,0.66409886,0.013547053,0.09169652,0.023959845,0.25127003,0.053449024,null,null,null,null,"TWOGAUSSIANS",8,14.497139,0.31836867,0.009727964,0.11246188,0.051867582,0.29727018,0.055493996,0.66409886,0.013547053,0.4,0.0,0.25126985,0.05345196
375316653866487564,4038325992000356352,0.45553598,2210.8183134562037,3.8254235031479706,2.8712027E-5,18.2563,0.022860378,0.3622078,0.009488803,0.06316697,0.01839044,0.14919782,0.036753513,0.82851315,0.007149918,0.070524275,0.01336805,0.15647173,0.02984302,null,null,null,null,"TWOGAUSSIANS",8,5.236327,0.82851315,0.007149918,0.39493594,0.055120055,0.15636589,0.02970614,0.3622078,0.009488803,0.353735,0.08432139,0.14909197,0.03686714
375316653866487564,4038326305528099840,0.49411014,2198.776957182186,0.2580668725106659,2.3452501E-5,18.720772,0.0061897254,0.26327953,0.019557051,0.039207075,0.032433055,0.78322554,298096.97,0.72521603,0.0017998607,0.016841846,0.0017584931,0.18926711,0.034800284,null,null,null,null,"TWOGAUSSIANS",8,7.31125,0.26327953,0.019557051,0.21955962,0.18162511,0.78322554,298096.97,0.72521603,0.0017998607,0.09431433,0.009847561,0.18926711,0.034800284
375316653866487564,4038326442966566400,0.51537603,2224.5113236285715,4.059332778165064,1.3036436E-5,18.911102,0.01467871,0.25304437,0.0067928233,0.120460294,0.027311781,0.08672435,0.01716712,0.75112516,0.003858401,0.07573458,0.0075512636,0.14428602,0.014947778,null,null,null,null,"TWOGAUSSIANS",8,0.6131127,0.75112516,0.003858401,0.4,0.0,0.13666959,0.008226836,0.25304437,0.0067928233,0.4,0.0,0.07907639,0.017114585
375316653866487564,4038326683484998656,0.56218106,2123.074743113188,2.7809550829785508,2.6884485E-5,18.417425,0.025945675,0.14589708,0.0065390216,0.09319832,0.01149702,0.36322388,0.025159363,0.6287144,0.014517772,0.08322422,0.013666513,0.34536865,0.042048268,null,null,null,null,"TWOGAUSSIANS",8,4.327257,0.14589708,0.0065390216,0.4,0.0,0.35358426,0.017357707,0.6287144,0.014517772,0.4,0.0,0.3357296,0.03659301
375316653866487564,4038326855283973888,0.5197131,2209.7901078505383,0.0865629802317096,1.7023061E-5,18.850527,0.0035066826,0.3788691,0.01816133,0.045839213,0.010010043,0.3808299,0.18436612,0.8000686,0.0030953311,0.04274468,0.007854138,0.19326092,0.023053827,null,null,null,null,"TWOGAUSSIANS",8,3.376411,0.3788691,0.01816133,0.2566996,0.056056242,0.3808299,0.18436614,0.8000686,0.0030953311,0.23937021,0.043983173,0.19326092,0.023053829
375316653866487564,4038326988463979904,0.46629882,2273.248719054981,0.08944422941160657,5.2015712E-5,18.071451,0.010222545,0.30637124,0.0038481546,0.11602602,0.021757651,0.13144608,0.006688732,0.7880026,0.0150767835,0.07036971,0.011024314,0.08746364,0.012644902,null,null,null,null,"TWOGAUSSIANS",8,4.2805033,0.30637124,0.0038481546,0.4,0.0,0.12687135,0.007006363,0.7880026,0.0150767835,0.39407042,0.051288903,0.08291883,0.012879799
375316653866487564,4038327027082806400,0.4895852,2251.48977109928,0.0773765419244977,2.5564601E-5,18.874186,0.011764653,0.16559139,0.80094016,0.06245302,0.02603849,0.19068648,0.19049527,0.6558997,0.0063862116,0.059743065,0.010859104,0.16784826,0.014879859,null,null,null,null,"TWOGAUSSIANS",8,2.364361,0.16559139,0.80094016,0.3497369,0.14581554,0.19062673,0.19046615,0.6558997,0.0063862116,0.33456117,0.060810983,0.1677885,0.014860152
375316653866487564,4038327027156353920,0.5366781,2245.5287949681806,2.822069686433649,1.3407749E-5,18.064611,0.014120246,0.33482295,0.0034198763,0.08949376,0.009164565,0.22501568,0.017891383,0.8287842,0.006424388,0.087738015,0.008352607,0.24198437,0.01933093,null,null,null,null,"TWOGAUSSIANS",8,5.665131,0.8287842,0.006424388,0.4,0.0,0.2340681,0.018186508,0.33482295,0.0034198763,0.4,0.0,0.21709938,0.017571945
375316653866487564,4038327675622372224,0.44358963,2219.948818466518,3.7576774989828263,7.978501E-5,18.140581,0.074970126,0.13261737,0.028951112,0.036054917,0.020370783,0.07280404,0.029972278,0.57084274,0.01927463,0.24443024,0.096204214,0.17126839,0.063964516,null,null,null,null,"TWOGAUSSIANS",8,2.850077,0.57084274,0.01927463,0.4,0.0,0.12593608,0.013728376,0.13516738,0.037500598,0.20190753,0.11407639,0.07410764,0.027927514
375316653866487564,4038328057875623808,0.59447086,2251.1987887475952,3.0964874187903666,8.158271E-6,19.108835,0.015155143,0.2658064,0.0019934163,0.0608511,0.0028983876,0.5932545,0.0349482,0.7665288,0.0032103609,0.063469335,0.0059929728,0.5817896,0.018586455,null,null,null,null,"TWOGAUSSIANS",8,1.8473607,0.2658064,0.0019934163,0.34076616,0.01623097,0.5929019,0.034909435,0.7665288,0.0032103609,0.35542828,0.03356065,0.58143705,0.01860839
375316653866487564,4038328161027649920,0.6301421,2251.0858553522285,2.0284954434311353,2.864907E-6,17.599245,0.004845599,0.2545543,0.005368865,0.037850186,0.004817242,0.08082414,0.012639179,0.7587397,0.0019317378,0.043059632,0.0018090103,0.46090403,0.02181671,0.026880832,0.006857963,0.2545543,0.005368865,"TWOGAUSSIANS_WITH_ELLIPSOIDAL_ON_ECLIPSE1",9,2.9489834,0.7587397,0.0019317378,0.24113394,0.010130458,0.5146285,0.01937856,0.2545543,0.005368865,0.21196105,0.026976554,0.13458578,0.004928205
375316653866487564,4038328298466585472,0.53992355,2289.0301481928655,3.754812151936315,1.0334686E-5,19.664444,0.021598138,0.19884507,0.004878119,0.0592542,0.005833369,0.6018356,0.061397307,0.72675717,0.030539308,0.045153275,0.033741415,1.8575335,1.5934875,null,null,null,null,"TWOGAUSSIANS",8,3.8956554,0.72675717,0.030539308,0.25285834,0.17573436,1.857528,1.5945936,0.19884507,0.004878119,0.33182353,0.032666866,0.6018302,0.061413206
375316653866487564,4038328504625051776,0.6120641,2283.8619176726365,3.0143825800737067,7.3523747E-6,17.039234,0.010022135,0.20673193,0.0019883008,0.04913035,0.0060203555,0.25526506,0.026265506,0.70107275,0.017259143,0.052620344,0.014629094,0.23251872,0.03958012,0.093599595,0.01506172,0.20673193,0.0019883008,"TWOGAUSSIANS_WITH_ELLIPSOIDAL_ON_ECLIPSE1",9,6.7033763,0.20673193,0.0019883008,0.27512997,0.03371399,0.44246155,0.025715467,0.7019228,0.016228192,0.29467392,0.081922926,0.419514,0.045601744
375316653866487564,4038328534642535296,0.43519711,2295.7930201853246,0.14657488838120905,5.2785777E-5,18.153608,0.011636847,0.79268503,0.0064333198,0.064877346,0.026171146,0.09682544,0.2170828,null,null,null,null,null,null,0.085351355,0.016024135,0.79268503,0.0064333198,"ONEGAUSSIAN_WITH_ELLIPSOIDAL",6,8.023165,0.79268503,0.0064333198,0.36331314,0.14269444,0.26747075,0.21416716,null,null,null,null,null,null
375316653866487564,4038328813862935808,0.6137654,2212.068915245121,0.09133318757580056,6.1145976E-5,18.678308,0.003129551,0.15608117,0.060522057,0.017527629,0.018891992,0.49575686,1.3558408,0.5245722,0.014570814,0.08504951,0.022927482,0.03154035,0.012075184,null,null,null,null,"TWOGAUSSIANS",8,0.8088351,0.15608117,0.060522057,0.098154716,0.10579515,0.49575952,1.3558574,0.5245722,0.014570814,0.4,0.003022523,0.03154035,0.012075188
375316653866487564,4038329290530128128,0.5965198,2330.4444657417735,1.3130963764469745,5.5088026E-6,16.725967,0.0026364157,0.18196775,0.0042308816,0.09101491,0.0042959405,0.08952803,0.005375316,0.686194,0.0029088454,0.07574377,0.0045130467,0.12153622,0.0045252847,null,null,null,null,"TWOGAUSSIANS",8,1.9600238,0.686194,0.0029088454,0.4,0.0,0.11942477,0.00470525,0.18196775,0.0042308816,0.4,0.0,0.08741653,0.005260991
375316653866487564,4038329329258843392,0.58699596,2305.0371058497626,2.0720979479846093,1.5371821E-5,19.828697,0.023983989,0.20015761,0.006309861,0.07082587,0.013716591,0.6466801,0.26554674,0.72293484,0.0069147698,0.085494526,0.016678965,0.22501914,0.048583206,null,null,null,null,"TWOGAUSSIANS",8,0.41741198,0.20015761,0.006309861,0.39662483,0.015770331,0.6440353,0.26930523,0.72293484,0.0069147698,0.4,0.0,0.22237423,0.04960249
375316653866487564,4038329397905156992,0.44623107,2364.6691788907356,2.1527483798934446,8.425815E-5,17.897058,0.026091272,0.32128635,0.05315419,0.077839054,0.03548395,0.3425546,0.2814119,0.6960133,0.016799308,0.060846947,0.029344028,0.20668046,0.17279106,null,null,null,null,"TWOGAUSSIANS",8,7.0952754,0.32128635,0.05315419,0.4,0.061736047,0.3425336,0.28149763,0.6960133,0.016799308,0.34074292,0.16432655,0.20666264,0.17337322
375316653866487564,4038329535344424192,0.48950762,2218.2864775948174,2.392541331039227,5.944553E-5,18.866272,0.06076322,0.2829085,0.019894602,0.090647504,0.04004207,0.14387491,0.060369167,0.75997305,0.011958425,0.11493566,0.026191168,0.32719633,0.05755876,null,null,null,null,"TWOGAUSSIANS",8,7.0941052,0.75997305,0.011958425,0.4,0.0,0.30953267,0.02485631,0.28300852,0.019862492,0.4,0.0,0.12628105,0.026603984
375316653866487564,4038329634128220160,0.5354894,2285.98998703851,2.818924484374116,3.2578173E-5,17.883677,0.0411331,0.2565205,0.010586459,0.08451935,0.014488047,0.47352913,0.046315815,0.7610687,0.011279789,0.083275154,0.012271342,0.4315231,0.053718925,null,null,null,null,"TWOGAUSSIANS",8,18.398306,0.2565205,0.010586459,0.4,0.0,0.46368995,0.042220186,0.7610687,0.011279789,0.4,0.0,0.42168397,0.042547174
375316653866487564,4038329672856317184,0.4633035,2272.02808364137,0.48760582195818236,4.2016633E-5,17.811434,0.009637467,0.30979022,0.007949755,0.056015678,0.0078569185,0.16654152,0.012164953,0.7577168,0.018552782,0.08531932,0.017453987,0.14687403,0.017723681,null,null,null,null,"TWOGAUSSIANS",8,9.950815,0.30979022,0.007949755,0.3136878,0.043998744,0.16639514,0.01190517,0.7577168,0.018552782,0.4,0.0,0.14672749,0.017767103
375316653866487564,4038329878941454592,0.49215412,2246.4213112568455,3.6459366704119005,6.3132655E-5,18.948343,0.02064717,0.21855979,0.0096686175,0.0929391,0.012353444,0.26327845,0.030559164,0.731437,0.009776424,0.06894367,0.014125134,0.30974275,0.02442205,null,null,null,null,"TWOGAUSSIANS",8,3.695424,0.731437,0.009776424,0.3860846,0.038762804,0.3060629,0.02868417,0.21855979,0.0096686175,0.4,0.0,0.25959826,0.029561829
375316653866487564,4038329947660958464,0.44866282,2263.2128011881214,3.410657418821897,4.1467734E-5,19.308031,0.03056139,0.3201705,0.0076073944,0.082983695,0.02556533,0.17778052,0.04194162,0.82581073,0.015892677,0.1073601,0.024894597,0.18010142,0.032629747,null,null,null,null,"TWOGAUSSIANS",8,2.186636,0.82581073,0.015892677,0.4,0.0,0.16968691,0.024863664,0.3201705,0.0076084454,0.4,0.030298743,0.16737324,0.044938445
375316653866487564,4038330252603770496,0.5026638,2256.8161694871956,2.9283881736154864,1.335863E-5,17.721567,0.0058243684,null,null,null,null,null,null,null,null,null,null,null,null,0.10769772,0.009758697,0.23883303,0.0049815644,"ELLIPSOIDAL",4,16.364737,null,null,null,null,null,null,null,null,null,null,null,null
375316653866487564,4038330394411150976,0.6696265,2299.8982866580545,0.2989746523171708,3.3897315E-5,17.029108,0.010332035,0.26271936,0.009246392,0.02284463,0.006255178,1.2908568,1.2548752,0.86230373,0.07647621,0.028275445,0.035648752,0.046895485,0.07089362,0.030231358,0.012187775,0.26271936,0.009246392,"TWOGAUSSIANS_WITH_ELLIPSOIDAL_ON_ECLIPSE1",9,10.126458,0.26271936,0.009246392,0.12792993,0.035028994,1.3513194,1.2542744,0.86230373,0.07647621,0.1583425,0.199633,0.08661879,0.0900131
375316653866487564,4038330634853944576,0.50236,2267.31098758097,2.6797018936942196,1.16909534E-4,19.571655,0.0215722,0.250557,0.014706934,0.031871825,0.0057530864,0.6301039,0.16278495,0.7414085,0.028722033,0.115622684,0.030499823,0.098417275,0.021238133,null,null,null,null,"TWOGAUSSIANS",8,2.7898302,0.250557,0.014706285,0.17848222,0.032217287,0.62952214,0.16254912,0.7414085,0.028722033,0.4,0.0,0.097817495,0.020656351
375316653866487564,4038330909736903168,0.5507673,2297.8513628499136,3.4642550084523362,1.593667E-5,19.145552,0.023626365,0.29314154,0.008191018,0.07411141,0.031496417,0.3817799,0.5435159,0.795259,0.0043590083,0.088810615,0.007977038,0.2689272,0.022912443,null,null,null,null,"TWOGAUSSIANS",8,1.4267755,0.29314154,0.008191018,0.4,0.075901024,0.37636244,0.55106777,0.795259,0.0043590083,0.4,0.0,0.26350966,0.0133692045
375316653866487564,4038331455220883072,0.43333802,2244.1330009130306,0.8389860788739021,4.076639E-5,18.695517,0.010628682,0.17835352,0.016562892,0.061498564,0.016161209,0.09460231,0.04220877,0.50591785,0.011738156,0.034518924,0.011328958,0.1424834,0.10853204,null,null,null,null,"TWOGAUSSIANS",8,5.1972136,0.50591785,0.011738156,0.19330597,0.06344216,0.14248347,0.10853198,0.17835352,0.016562892,0.34439194,0.09050277,0.09460231,0.04220877
375316653866487564,4038331631361869056,0.5260701,2257.2640147530306,2.480043584990324,3.329926E-5,15.49607,0.7564867,0.25852412,0.0132588325,0.09613691,0.24659893,0.18568255,0.71165943,0.76859415,0.013482821,0.081533395,0.053762764,0.1840845,0.29005694,null,null,null,null,"TWOGAUSSIANS",8,100.691574,0.25852412,0.013498327,0.4,0.0,0.1797022,0.026181264,0.76859415,0.009809504,0.4,0.012108277,0.17810473,0.028145172
375316653866487564,4038331665646754688,0.45538142,2202.286447439213,3.9807660057489214,9.791227E-6,18.324192,0.037617967,0.27496687,3.7070306E-4,0.008701438,0.0013891164,0.4913483,0.2089891,0.6287115,0.011666682,0.1585116,0.04253819,0.21295306,0.056543365,null,null,null,null,"TWOGAUSSIANS",8,4.5468545,0.27500686,3.0179226E-4,0.048728053,0.007779052,0.50611573,0.19875233,0.6287115,0.011666682,0.4,0.0,0.21001042,0.05571385
375316653866487564,4038331833178109568,0.44871962,2232.4975354084727,0.14569692980681592,1.3871796E-5,18.55038,0.019425929,0.4472388,0.0069992384,0.009871383,0.0035940956,0.08392255,0.051519793,0.24219528,0.04007602,0.1584689,0.10234561,0.074488446,0.039968368,null,null,null,null,"TWOGAUSSIANS",8,1.7987127,0.4469288,0.0069967597,0.055279743,0.020126935,0.1151876,0.05659811,0.24219528,0.04007602,0.4,0.056697182,0.07346189,0.039663326
375316653866487564,4038331906170111744,0.53362614,2257.3016852727983,2.6083785676241593,3.348411E-5,19.044235,0.12785392,0.26671576,0.012395252,0.08084789,0.031747248,0.44272038,0.10202327,0.7717857,0.014665012,0.09850263,0.042399224,0.3123968,0.12220696,null,null,null,null,"TWOGAUSSIANS",8,5.7466574,0.26671576,0.012440782,0.4,0.0,0.42899626,0.033565864,0.7717857,0.014669173,0.4,0.0,0.29867104,0.061311543
375316653866487564,4038332387294042496,0.597531,2244.854599588753,3.522304934737379,1.9322515E-5,19.311743,0.009807628,0.24641189,0.00657661,0.07302949,0.0045874873,0.52163863,0.021701,0.75468016,0.0058404435,0.08176872,0.00511783,0.61759186,0.028188163,null,null,null,null,"TWOGAUSSIANS",8,1.3735957,0.75468016,0.0058404435,0.4,0.0,0.6123992,0.028296575,0.24641189,0.00657661,0.4,0.003884377,0.516446,0.020545257
375316653866487564,4038332593364126080,0.46274313,2293.3621568739522,0.6829909553734607,3.376287E-5,17.472668,0.0047441656,0.2518206,0.051044356,0.029266488,0.02443003,0.03400364,0.033609282,0.67989653,0.011948418,0.026649369,0.019641314,0.1293543,0.094096124,0.033478238,0.006000009,0.67989653,0.011948418,"TWOGAUSSIANS_WITH_ELLIPSOIDAL_ON_ECLIPSE2",9,11.932228,0.67989653,0.011948418,0.14923647,0.10999136,0.19631077,0.09434529,0.2439006,0.05368475,0.16389233,0.13680816,0.089480355,0.029794745
375316653866487564,4038332696443401216,0.4851638,2262.605866680161,0.4477068745573822,6.126321E-5,18.783573,0.015092684,0.43353757,0.038134616,0.035555556,0.037732013,0.22726856,0.04170637,0.17737558,0.024957525,0.14910266,0.041708793,0.2101805,0.022247028,null,null,null,null,"TWOGAUSSIANS",8,3.921861,0.43036756,0.04570145,0.19911112,0.21129927,0.27467045,0.04031463,0.17737558,0.024876352,0.4,0.0,0.20866081,0.027393598
375316653866487564,4038332799522746368,0.45690408,2258.182115903691,3.1815582225974968,2.4822471E-5,19.043829,0.00818035,0.25688678,0.021366814,0.08508176,0.018089227,0.11475503,0.026916996,0.82331693,0.0036485943,0.037676122,0.00524964,0.1935282,0.027849901,null,null,null,null,"TWOGAUSSIANS",8,2.782045,0.82331693,0.0036485943,0.21098629,0.029397983,0.19352259,0.027853658,0.25688678,0.021366814,0.4,0.0,0.11474914,0.026927259
375316653866487564,4038332829584132352,0.48248836,2306.6104741511563,4.980712603627775,5.961508E-5,19.357208,0.25743464,0.36031437,0.023835953,0.21847042,0.094746806,0.5384882,0.21308103,0.8291477,0.016932046,0.076237895,0.024598578,0.24590209,0.084886275,null,null,null,null,"TWOGAUSSIANS",8,3.9564328,0.36031437,0.023835953,0.4,0.0,0.37596262,0.055976193,0.8291477,0.016932046,0.4,0.069477424,0.16522004,0.053564932
375316653866487564,4038333070100509184,0.5563926,2332.0775424399862,3.4167561473569346,7.578794E-6,17.429905,0.013799194,0.2980717,0.0028064905,0.038023897,0.020851001,0.20485069,0.12698442,0.62483734,0.0025901208,0.0054563084,0.0018935796,0.38086295,0.33754256,0.16980669,0.018865919,0.2980717,0.0028064905,"TWOGAUSSIANS_WITH_ELLIPSOIDAL_ON_ECLIPSE1",9,18.210241,0.2980717,0.0028064905,0.21293382,0.1167656,0.54446405,0.1495495,0.62497735,0.0025450252,0.030555326,0.010604046,0.45405245,0.3410073
375316653866487564,4038333486725162752,0.5583064,2345.0568641943355,1.484625926934295,2.966897E-5,19.155706,0.019468412,0.21397175,0.0038308913,0.04445485,0.004583593,0.57206327,0.03984015,0.7456579,0.02372477,0.078729846,0.018128904,0.29920742,0.07101141,null,null,null,null,"TWOGAUSSIANS",8,4.585732,0.21397175,0.0038308913,0.24894716,0.025668122,0.57199836,0.039853815,0.7456579,0.02372477,0.4,4.5976354E-4,0.29914254,0.07106182
375316653866487564,4038333624226681216,0.4616142,2279.6820490428454,3.8022999932938473,3.2350235E-5,17.086647,0.1241271,0.18510845,0.020643469,0.099132836,0.07772257,0.26286563,0.09566755,0.75161964,0.0012427123,0.049040355,0.011321969,0.2699873,0.10909995,null,null,null,null,"TWOGAUSSIANS",8,87.99903,0.75162965,0.0010318365,0.274626,0.063403025,0.2696722,0.08580915,0.18510845,0.020643469,0.4,0.0,0.262532,0.060971588
375316653866487564,4038334002183843712,0.56018424,2281.5869898133774,3.921955831801682,1.4131708E-5,18.869038,0.02513295,0.14408831,0.010965198,0.072475426,0.010775874,0.55290973,0.052390438,0.6559879,0.0015215874,0.061452948,0.0027469967,0.70766354,0.034104563,null,null,null,null,"TWOGAUSSIANS",8,6.1849856,0.6559879,0.0015215874,0.3441365,0.015383182,0.70683485,0.033367705,0.14408831,0.010965198,0.4,0.01638681,0.55208105,0.051753167
375316653866487564,4038334242639507328,0.55835384,2344.3135702948302,1.6756246848573204,1.6655695E-5,17.490414,0.010619721,0.28722298,0.005546343,0.09732719,0.009380101,0.17283994,0.011063059,0.78211755,0.0068535293,0.09320821,0.014204667,0.12358886,0.009297375,null,null,null,null,"TWOGAUSSIANS",8,2.0799785,0.28722298,0.005546343,0.4,0.0,0.16412038,0.0077247918,0.78211755,0.0068535293,0.4,0.0,0.11486982,0.006106457
375316653866487564,4038334277001792256,0.5772153,2365.687036830507,3.9070437776882305,3.6340665E-5,19.910109,0.012656044,0.1701577,0.0055553443,0.06881623,0.0050251456,0.62440574,0.0795465,0.67605203,0.010408471,0.058156826,0.0111153135,0.778493,0.23486042,null,null,null,null,"TWOGAUSSIANS",8,0.8762146,0.67605203,0.010408471,0.32567823,0.062245756,0.77800167,0.23548743,0.1701577,0.0055553443,0.38537088,0.027834056,0.6239145,0.07975284
375316653866487564,4038334719405428608,0.5673591,2219.8234448773283,1.3101386915532744,2.6710108E-5,18.95176,0.007694174,0.33169147,0.007410413,0.035161775,0.006031479,0.43730807,0.02115796,0.81757575,0.023251573,0.041852668,0.009519437,0.5432283,0.12321029,null,null,null,null,"TWOGAUSSIANS",8,4.9871264,0.81757575,0.023251573,0.23437494,0.05330885,0.5432283,0.12321029,0.33169147,0.007410413,0.19690594,0.033776283,0.43730807,0.021157956
375316653866487564,4038334998546943616,0.46222726,2317.7631091367866,0.862051642719751,2.3273547E-5,19.464651,0.014084664,0.1581947,0.014342372,0.042058673,0.017085621,0.2289641,0.053798135,null,null,null,null,null,null,0.07593173,0.026303856,0.1581947,0.014342372,"ONEGAUSSIAN_WITH_ELLIPSOIDAL",6,2.947634,0.1581947,0.014342372,0.23552857,0.09567948,0.38082728,0.06042037,null,null,null,null,null,null
375316653866487564,4038335204705567616,0.463702,2246.2130413820864,0.48760557043303987,1.0295213E-6,19.021086,0.01049037,0.39170974,1.5487701E-4,0.0072213057,0.0019062683,2.7597153,15.264429,0.6502033,0.010198689,0.08950913,0.015148999,0.1667342,0.031976502,null,null,null,null,"TWOGAUSSIANS",8,5.053845,0.39170974,1.5487701E-4,0.04043931,0.0106751025,2.762292,15.26608,0.6502033,0.010198689,0.4,0.0,0.16673414,0.03197657
375316653866487564,4038335513943102336,0.5310889,2245.0192028573133,3.396306961204594,2.8966864E-5,19.601816,0.023046868,0.2806808,0.007915286,0.080647044,0.010916845,0.40094537,0.041339807,0.7760514,0.0039652367,0.081958406,0.005145179,0.5499098,0.03132047,null,null,null,null,"TWOGAUSSIANS",8,3.31638,0.7760514,0.0039652367,0.4,0.0,0.5423004,0.028752211,0.2806808,0.007915286,0.4,0.0,0.39333603,0.041590046
375316653866487564,4038335578362931072,0.5928683,2231.1997322141087,2.8400378989058304,3.954539E-5,18.020418,0.009206974,0.24087402,0.009505239,0.08446756,0.0074199033,0.33638832,0.015044148,0.74487865,0.00437963,0.09115507,0.007823756,0.19868422,0.0138924895,null,null,null,null,"TWOGAUSSIANS",8,3.2471175,0.24087402,0.009505239,0.4,0.0,0.32811335,0.012470597,0.74487865,0.00437963,0.4,0.0,0.19040914,0.013740562
375316653866487564,4038335647109014656,0.56053466,2253.5718638727058,0.9908195486492896,2.337975E-5,17.683914,0.004861166,0.18566033,0.0014240838,0.043504745,0.0027730085,0.27393097,0.008683015,0.6842294,0.057595648,0.033102527,0.06502255,0.12048572,0.166375,null,null,null,null,"TWOGAUSSIANS",8,3.8940554,0.18566033,0.0014240838,0.24362656,0.015528847,0.27393097,0.008709604,0.6842294,0.057595648,0.18537416,0.22583716,0.12048572,0.16645287
375316653866487564,4038335685741762176,0.43385097,2164.889533408111,0.9251718946974643,1.584078E-5,18.523186,0.014049524,0.19312103,0.0024711858,0.010054118,0.0026482537,0.09074794,0.031531036,0.61847615,0.027061066,0.055687677,0.044304542,0.12896499,0.30562872,null,null,null,null,"TWOGAUSSIANS",8,4.4812374,0.61847615,0.027061066,0.311851,0.24424125,0.12896499,0.30562872,0.19312103,0.0024711858,0.056303058,0.0148302205,0.09074794,0.031531036
375316653866487564,4038335857540793856,0.5066707,2238.4713624204314,2.171608080512097,2.6309608E-5,17.870436,0.011176267,0.27291754,0.007873252,0.11207089,0.022180667,0.08800748,0.00842226,0.7893067,0.007928896,0.07679656,0.013458511,0.10039648,0.013700034,null,null,null,null,"TWOGAUSSIANS",8,1.3764143,0.7893167,0.007935412,0.4,0.0,0.09608308,0.0127887875,0.27291754,0.007873252,0.4,0.0,0.08368397,0.0064658006
375316653866487564,4038335926260208128,0.5395917,2215.342523594849,2.9215781194030064,2.6697815E-5,18.464106,0.017725002,0.20265377,0.007502189,0.06837541,0.009410215,0.42747247,0.046682272,0.70838815,0.016974397,0.07506859,0.012114824,0.42148435,0.114690125,null,null,null,null,"TWOGAUSSIANS",8,6.863615,0.20265377,0.007502189,0.3829023,0.048738245,0.4257777,0.047097616,0.70838815,0.016974397,0.4,0.030754464,0.41978958,0.11500294
375316653866487564,4038336098059092352,0.47565463,2246.6935431471015,2.8497093242168523,2.4980263E-5,19.159374,0.03392453,0.13628812,0.013261341,0.090202644,0.019051632,0.2693349,0.036732513,0.62687844,0.0058054333,0.07718304,0.018887462,0.33634436,0.17488463,null,null,null,null,"TWOGAUSSIANS",8,5.4140635,0.62687844,0.0058054333,0.4,0.037889745,0.33055806,0.17982528,0.13628812,0.013261341,0.4,0.0,0.2635485,0.028068319
375316653866487564,4038336647883858048,0.66352403,2289.2035353916694,2.8841031573159435,1.835493E-5,15.726822,0.013258858,0.18249217,0.0015558304,0.047548,0.004335126,0.29612774,0.030963425,0.690242,0.004576862,0.05095903,0.005052511,0.54207,0.032312926,0.10641502,0.018003948,0.18249217,0.0015558304,"TWOGAUSSIANS_WITH_ELLIPSOIDAL_ON_ECLIPSE1",9,48.81231,0.690242,0.004576862,0.28537056,0.028294062,0.75439394,0.020294245,0.18249217,0.0015558304,0.2662688,0.024276704,0.50895596,0.00927676
375316653866487564,4038336785253926656,0.54929847,2232.521547934637,2.141219973786567,2.1434764E-5,17.531256,0.0125552,0.27945778,0.004584328,0.07944196,0.007012644,0.2808826,0.00975012,0.76257354,0.008133834,0.11924542,0.014099705,0.13204117,0.012184251,null,null,null,null,"TWOGAUSSIANS",8,3.4654129,0.27947778,0.0045929477,0.4,0.0,0.26937398,0.007834722,0.76257354,0.008133834,0.4,0.0,0.12048557,0.0061321296
375316653866487564,4038336888332382976,0.5806212,2249.3413682514415,2.513160414455766,1.8581226E-5,18.854734,0.14726003,0.24626082,0.019360235,0.0644078,0.031747304,0.40132567,0.35145095,0.7144772,0.025107509,0.06939068,0.031440344,0.5503373,0.28616226,0.07758488,0.14462118,0.24626082,0.019360235,"TWOGAUSSIANS_WITH_ELLIPSOIDAL_ON_ECLIPSE1",9,4.9096,0.71749717,0.020867866,0.3885878,0.14682387,0.6996143,0.093945526,0.24626082,0.019360235,0.36068368,0.16915256,0.5561369,0.08459161
375316653866487564,4038336918428931200,0.49788973,2206.6173880892657,3.1422125560937135,2.803228E-5,18.811588,0.017829489,0.25475386,0.035908606,0.088682875,0.013679718,0.34921837,0.13670148,0.76769596,0.007137784,0.08891433,0.011963949,0.28992054,0.020467948,null,null,null,null,"TWOGAUSSIANS",8,3.624939,0.25475386,0.035908606,0.4,0.0,0.3394009,0.13540402,0.76769596,0.007137784,0.4,0.0,0.28010306,0.024054054
375316653866487564,4038337060131127424,0.54504853,2251.195208657046,3.4993342873159015,1.0260629E-5,18.70119,0.007578903,0.14035302,0.0012078137,0.06924376,0.0015923128,0.5458563,0.011147005,0.64395225,0.0061535025,0.074526094,0.0058860932,0.5319953,0.060659375,null,null,null,null,"TWOGAUSSIANS",8,3.172263,0.14035302,0.0012078137,0.38776505,0.008916952,0.5435244,0.010849237,0.64395225,0.0061535025,0.4,0.0014076623,0.5296634,0.061144304
375316653866487564,4038337094490869376,0.6669481,2264.1569651678765,2.3500904603322317,1.28544825E-5,16.059183,0.012745703,0.21908438,0.018838089,0.093976356,0.014545493,0.33784723,0.029165862,0.7153742,0.0017336091,0.089550294,0.0049143014,0.3954902,0.009990832,null,null,null,null,"TWOGAUSSIANS",8,6.953677,0.7153742,0.0017336091,0.4,0.0,0.37862876,0.0076308185,0.21908438,0.018838089,0.4,0.0,0.32098547,0.021008218
375316653866487564,4038337609956696832,0.55149007,2323.205618251678,2.68029980795314,2.9602155E-5,17.646372,0.49195722,0.26955307,0.008536545,0.11727821,0.07093563,0.2204425,0.46611828,0.7605692,0.011200982,0.10974739,0.06857115,0.22179593,0.45311522,null,null,null,null,"TWOGAUSSIANS",8,6.6266766,0.7605692,0.011200982,0.4,0.0,0.1860527,0.014256741,0.26956308,0.00863259,0.4,0.0,0.18466164,0.013377211
375316653866487564,4038337747395642496,0.5942782,2321.275919793192,1.916162574267118,3.1027514E-5,14.6622715,0.025491199,0.30721986,0.0057303202,0.042639844,0.0076168943,0.65518165,0.14590348,0.7930494,0.0053236065,0.03748832,0.008784143,0.2822735,0.08748606,0.07053492,0.029423771,0.30721986,0.0057303202,"TWOGAUSSIANS_WITH_ELLIPSOIDAL_ON_ECLIPSE1",9,540.30524,0.30721986,0.0057303202,0.23878312,0.042654607,0.79625136,0.14890626,0.7937894,0.0052221394,0.20993459,0.049191203,0.422286,0.07346023
375316653866487564,4038337987844550784,0.49751586,2331.913174922243,0.023951389375558504,1.5824136E-5,19.580002,0.07002531,0.3877008,0.019179976,0.17046238,0.053639792,0.2801228,0.048484396,0.93618196,0.028647482,0.0379679,0.019155499,0.11603039,0.031002846,null,null,null,null,"TWOGAUSSIANS",8,0.55153483,0.3877008,0.019179976,0.4,0.0,0.26689854,0.015620194,0.937472,0.02800131,0.21262026,0.1072708,0.112844005,0.016378
375316653866487564,4038338022204238592,0.5164062,2267.74552178778,0.05736804580312519,3.6123423E-5,19.829092,0.02504891,0.21708451,5.258785E-4,0.03412561,0.0060880384,1.2792557,0.4537587,0.75236243,0.0439996,0.05757201,0.034490086,0.4288267,0.13718395,null,null,null,null,"TWOGAUSSIANS",8,2.6927884,0.21708451,5.258785E-4,0.19110343,0.034093015,1.2792556,0.45375893,0.75236243,0.0439996,0.32240328,0.19314449,0.42882663,0.13718383
375316653866487564,4038338705098958848,0.6104951,2288.02479054251,1.6393436625139375,5.836865E-6,17.123716,0.008028147,0.23917545,0.0018480705,0.09166792,0.005046304,0.27229452,0.0073056333,0.7487819,0.007968446,0.08541185,0.007933949,0.2040643,0.014368627,null,null,null,null,"TWOGAUSSIANS",8,3.9391057,0.23917545,0.0018480705,0.4,0.0,0.26476726,0.0085793715,0.7487819,0.007968446,0.4,0.0,0.19653726,0.012501339
375316653866487564,4038339156071387904,0.43540415,2270.643461822076,0.6236650957485647,5.5813984E-5,17.87912,0.0022146231,0.16433084,0.006273902,0.02572189,0.005514011,0.06213934,0.009184288,0.4485858,0.021951305,0.04223839,0.02202465,0.023399249,0.009412529,null,null,null,null,"TWOGAUSSIANS",8,2.6542535,0.16433084,0.006273902,0.14404258,0.03087846,0.06213934,0.009184287,0.4485858,0.021951305,0.23653497,0.123338036,0.023399249,0.009412529
375316653866487564,4038339190505117952,0.46884668,2232.6874273129665,0.17888228230478592,2.3479504E-5,19.415913,0.09992138,0.14665076,0.015336701,0.095551156,0.014858367,0.7403995,0.10155881,0.4856708,0.04012438,0.1366019,0.06630484,0.33390203,0.10091426,null,null,null,null,"TWOGAUSSIANS",8,6.601736,0.15028076,0.011251717,0.4,0.0,0.7407525,0.10807639,0.4856708,0.04012438,0.4,0.0,0.31976277,0.037895173
375316653866487564,4038339774546592000,0.47771603,2233.610298546506,3.58251116810851,2.1946482E-5,19.524227,0.03624901,0.21187347,0.017835662,0.076788336,0.030036515,0.24212717,0.024501741,0.7277137,0.0061879894,0.08426036,0.019767066,0.26163176,0.034723263,null,null,null,null,"TWOGAUSSIANS",8,2.2377613,0.7277137,0.0061879894,0.4,0.0,0.25864986,0.03208242,0.21187347,0.017835662,0.4,0.0013892408,0.23914528,0.02862773
375316653866487564,4038339774553970944,0.5908384,2255.4866236527387,4.10242333678214,1.2025146E-5,19.883368,0.016571907,0.21089299,0.0034160337,0.06958555,0.0038345184,0.6180019,0.019334842,0.7499609,0.02136248,0.063438654,0.012009497,0.48732594,0.060096066,null,null,null,null,"TWOGAUSSIANS",8,0.72615033,0.21089299,0.0034160337,0.38967907,0.018910738,0.6177024,0.019206578,0.7499609,0.02136248,0.35525647,0.050783977,0.48702645,0.05840184
375316653866487564,4038339843340153472,0.45310444,2235.9708730913057,0.2239001867585398,7.7537305E-5,17.862026,0.0040302277,0.3252547,0.015934318,0.07954758,0.015009142,0.069642566,0.0049859756,0.80243623,0.054792978,0.0148157785,0.054890882,0.07459817,0.10745053,null,null,null,null,"TWOGAUSSIANS",8,2.6749082,0.80243623,0.054792978,0.08296836,0.30738893,0.07459815,0.10753127,0.3252547,0.015934318,0.4,0.0,0.069642544,0.0049318406
375316653866487564,4038340221223930112,0.6467928,2278.1341901281285,1.7721506549518569,1.9683823E-6,16.74664,0.005273213,0.29629397,0.0014336123,0.08972976,0.00212623,0.30570203,0.0062966705,0.7970306,8.542247E-4,0.08709264,0.0021672347,0.3353953,0.0054898094,null,null,null,null,"TWOGAUSSIANS",8,2.7601602,0.7970306,8.542247E-4,0.4,0.0,0.3237912,0.0052323067,0.29629397,0.0014336123,0.4,0.0,0.29409787,0.005528317
375316653866487564,4038340290032118656,0.5115358,2270.6140414949678,1.4163303669762797,9.014371E-6,18.194622,0.0077971,0.05809586,0.015529481,0.029590191,0.010391799,0.0535181,0.030984467,0.50676244,5.7776844E-5,0.00716631,2.7671407E-4,0.2961842,0.0061886837,null,null,null,null,"TWOGAUSSIANS",8,1.4788265,0.50676244,5.7776844E-5,0.040131338,0.0015495988,0.2961842,0.0061886837,0.05809586,0.015529481,0.16570507,0.05819407,0.0535181,0.030984467
375316653866487564,4038340663603640320,0.5253781,2308.377088003797,3.7001917358508445,1.6780255E-5,15.695967,0.06495537,0.1894453,0.0043117073,0.20430057,0.03994933,0.46795642,0.06347853,0.69100827,0.003999638,0.17158782,0.022874523,0.43968943,0.065820605,null,null,null,null,"TWOGAUSSIANS",8,14.084325,0.6919483,0.0041333656,0.4,0.0,0.11457612,0.0048884056,0.18881531,0.004630093,0.4,0.0,0.10860443,0.0093918955
375316653866487564,4038341247756810240,0.54850674,2234.015612293338,3.130277247557183,5.279334E-5,18.703674,0.07484638,0.29914558,0.004757465,0.08248686,0.0190607,0.37611848,0.05291994,0.7907176,0.009665541,0.10220009,0.035508648,0.27125248,0.07340004,null,null,null,null,"TWOGAUSSIANS",8,3.4639287,0.29914558,0.0046564685,0.4,0.0,0.36208406,0.014839541,0.7907176,0.009665541,0.4,0.0,0.25721437,0.019361999
375316653866487564,4038341458173857152,0.4725127,2201.361619760116,3.5266501872063154,2.3041895E-4,19.386198,0.0041656317,0.2686632,0.02939318,0.026468907,0.015860332,0.87258506,19.227379,0.6958216,0.074701086,0.09675259,0.04461223,0.033293277,0.054726046,null,null,null,null,"TWOGAUSSIANS",8,1.6191462,0.2686632,0.02939318,0.14822587,0.088817865,0.8725849,19.227383,0.6958216,0.074701086,0.4,0.07822232,0.03329115,0.054729063
375316653866487564,4038341698692413952,0.4712138,2223.3128826847446,0.6001539026409801,6.854232E-5,18.131273,0.002590214,0.2416271,0.028167453,0.07140415,0.018621767,0.07592159,0.014263202,0.61757344,0.002607149,0.019669516,0.005678678,0.07091468,0.016808197,null,null,null,null,"TWOGAUSSIANS",8,1.2580457,0.2416271,0.028167453,0.39986327,0.08973414,0.07592159,0.014263202,0.61757344,0.002607149,0.11014929,0.031800594,0.07091475,0.01680808
375316653866487564,4038342381628228736,0.4731516,2252.0809840727434,0.26462671361041684,6.889371E-5,18.640596,0.026481062,0.25086954,0.009071418,0.09122641,0.021773588,0.3137923,0.43111628,0.72013056,0.015154589,0.110983066,0.020421114,0.16361275,0.02824975,null,null,null,null,"TWOGAUSSIANS",8,3.677132,0.25088954,0.009051699,0.4,0.0023172137,0.30007553,0.4401012,0.72013056,0.015154589,0.4,0.0,0.14987332,0.014301907
375316653866487564,4038343382324789888,0.48474213,2276.9091338527965,2.1486000757285506,1.9836707E-5,19.271868,0.009929324,0.33052304,0.008170739,0.063110046,0.008950002,0.44114658,0.054828938,0.82054615,0.010483908,0.06944462,0.011666333,0.3344949,0.045301445,null,null,null,null,"TWOGAUSSIANS",8,5.271272,0.33052304,0.008170739,0.35341626,0.050120007,0.44068155,0.05541191,0.82054615,0.010483908,0.38888988,0.060750715,0.33402982,0.045527164
375316653866487564,4038343412383643136,0.5633955,2324.822424646126,1.3900996339340752,1.0295997E-6,17.863398,0.0072195167,0.8297684,8.270235E-5,0.014814903,2.6333713E-4,6.1610055,0.42845747,null,null,null,null,null,null,null,null,null,null,"ONEGAUSSIAN",5,28.079449,0.8297684,8.270235E-5,0.08296346,0.001474688,6.1610055,0.0,null,null,null,null,null,null
375316653866487564,4038343515499071744,0.45959485,2241.7711010228677,0.14651867089931817,2.470623E-4,18.619045,0.0024319824,0.14684364,0.02449358,0.040955946,0.0141892675,0.08196065,0.021694306,0.7318718,0.014378515,0.065647885,0.013051073,0.15022874,0.074517086,null,null,null,null,"TWOGAUSSIANS",8,1.9545877,0.7318718,0.014378515,0.36762816,0.070362,0.15022866,0.07451725,0.14684364,0.02449358,0.2293533,0.0794599,0.08196058,0.02169445
375316653866487564,4038343554192360192,0.5343433,2282.54658969283,0.16115514802945913,2.373971E-5,15.253048,0.0014461611,0.21423817,8.443743E-5,0.009846873,1.5452449E-4,0.49848694,0.005396,0.7560696,0.0054659764,0.026875744,0.0066114627,0.05216303,0.010771692,null,null,null,null,"TWOGAUSSIANS",8,12.755924,0.21423817,8.443743E-5,0.05514249,8.653371E-4,0.49848694,0.005396,0.7560696,0.0054659764,0.15050417,0.037024193,0.05216303,0.010771692
375316653866487564,4038344207042360064,0.48324227,2228.4877069306776,0.3613276010251108,1.1500907E-5,19.06503,0.020705353,0.46684754,0.008432173,0.1379398,0.012504899,1.222481,0.17990194,0.7436678,0.0024644495,0.03204815,0.003638268,1.0230992,0.33371755,null,null,null,null,"TWOGAUSSIANS",8,5.9765635,0.46684754,0.008432173,0.4,0.0,1.2190518,0.18307136,0.7436678,0.0024644495,0.17946965,0.0203743,1.1828712,0.29775935
375316653866487564,4038344550624789632,0.48661005,2226.5997141512303,2.3976415687640045,5.154944E-5,19.870626,0.028566169,0.31280676,0.015029626,0.06545285,0.019572824,0.31868628,0.06351802,0.80934995,0.01118911,0.08492175,0.018609852,0.2645068,0.025876908,null,null,null,null,"TWOGAUSSIANS",8,2.1819646,0.31280676,0.015029626,0.36653596,0.066936426,0.31659716,0.06534011,0.80934995,0.01118911,0.4,0.0,0.26241764,0.02273949
375316653866487564,4038344653631536896,0.4282381,2307.919274042081,1.3066968881986603,2.530932E-5,19.210825,0.021659851,0.41751832,0.018121079,0.14279379,0.054514106,0.14306314,0.01678687,0.8531096,0.004723439,0.032945916,0.0074084126,0.14749065,0.05084053,null,null,null,null,"TWOGAUSSIANS",8,3.0283232,0.8531096,0.004723439,0.18449713,0.041487113,0.14751719,0.051265806,0.41751832,0.018121079,0.4,0.0,0.14166757,0.019429753
375316653866487564,4038345027295531648,0.6108028,2270.5558178612036,1.8489098082891668,6.4456062E-6,17.353214,0.003789134,0.24608259,0.0051352014,0.06394136,0.0052517545,0.1078681,0.008840149,0.7463436,8.2660245E-4,0.05223851,0.0017896208,0.58350533,0.030004648,null,null,null,null,"TWOGAUSSIANS",8,3.7256548,0.7463436,8.2660245E-4,0.29253566,0.010021877,0.58346325,0.030019885,0.24608259,0.0051352014,0.3580716,0.029409824,0.10782597,0.008845516
375316653866487564,4038345061653672448,0.64787,2365.94680209686,1.2869561315767697,1.0090055E-5,16.894106,0.0068592764,0.2852069,0.0013357294,0.08912247,0.002686998,0.2668532,0.0066733155,0.7864283,0.001817403,0.10031105,0.005664625,0.20149188,0.009455292,null,null,null,null,"TWOGAUSSIANS",8,1.6994665,0.2852069,0.0013357294,0.4,0.0,0.253041,0.0036248136,0.7864283,0.001817403,0.4,0.0,0.18767813,0.010605456
375316653866487564,4038345611448626176,0.4819705,2278.8303751036756,0.14665881682157492,2.5205207E-5,19.58611,0.011376782,0.2974127,0.013794999,0.09769558,0.017823322,0.4711156,0.18528621,0.6861506,0.0048844023,0.035041142,0.0042569656,0.34781533,0.028311085,null,null,null,null,"TWOGAUSSIANS",8,2.443401,0.2974127,0.013794999,0.4,0.0,0.47109634,0.1853366,0.6861506,0.0048844023,0.1962304,0.023839006,0.3479679,0.02844886
375316653866487564,4038345856221828992,0.44798425,2319.9390773606506,0.9991866846099405,4.062136E-5,19.305046,0.14087547,0.13367726,0.015714696,0.07770854,0.013901685,0.27723026,0.096108265,0.5545696,0.01168974,0.16909719,0.0625681,0.36811426,0.1109261,null,null,null,null,"TWOGAUSSIANS",8,3.2558813,0.5545696,0.01168974,0.4,0.0,0.32784826,0.038668323,0.13895725,0.0113446675,0.4,0.0031402945,0.25521958,0.06363832
375316653866487564,4038346092442909952,0.58076346,2302.137881195682,3.244513134202823,1.1006171E-5,17.61984,0.009923515,0.283282,0.005051863,0.04049549,0.015045832,0.15618163,0.022343764,0.7745234,0.011023072,0.03530013,0.005900528,0.22557911,0.049486272,0.12309832,0.013443259,0.283282,0.005051863,"TWOGAUSSIANS_WITH_ELLIPSOIDAL_ON_ECLIPSE1",9,8.936502,0.7753734,0.010021598,0.19768073,0.033042956,0.47110236,0.04028158,0.283282,0.005051863,0.22677474,0.08425666,0.40237767,0.011261489
375316653866487564,4038346199819744000,0.5170247,2321.9118877655724,0.09385788810093404,6.689632E-5,19.734919,0.011745341,0.28733596,0.066732615,0.1764752,0.09260033,0.06441938,0.028902097,0.8890814,0.003702328,0.035356138,0.0024870527,0.4383566,0.032279726,null,null,null,null,"TWOGAUSSIANS",8,0.7987232,0.8892514,0.0036168338,0.19799437,0.013927494,0.44071397,0.03232749,0.28733596,0.066732615,0.4,0.0,0.061530862,0.032882616
375316653866487564,4038346234178983552,0.49079823,2303.5708643428115,0.05584811939528704,8.857757E-5,19.815525,0.04309681,0.37306583,0.025151627,0.04879889,0.024251027,0.93641406,50.560665,0.6817258,0.008072686,0.10387308,0.06706345,0.42066267,0.19305679,null,null,null,null,"TWOGAUSSIANS",8,1.6594222,0.37343583,0.023895517,0.27327377,0.13580574,0.9414934,50.557507,0.6817258,0.008072686,0.4,0.0,0.42062676,0.19837688
375316653866487564,4038346745281993344,0.5862733,2291.6362026544766,3.1676374293804495,1.3462988E-5,17.665255,0.007720119,0.27341884,0.0015360455,0.044944357,0.0040587634,0.18111351,0.023284284,0.7847544,0.016598316,0.016554696,0.02611225,0.3274338,46.22063,0.101675704,0.010301104,0.27341884,0.0015360455,"TWOGAUSSIANS_WITH_ELLIPSOIDAL_ON_ECLIPSE1",9,6.4329553,0.7847544,0.016598316,0.0927063,0.1462286,0.5297553,46.22139,0.27341884,0.0015360455,0.2516884,0.022729075,0.3844648,0.017300375
375316653866487564,4038346814001433728,0.5165321,2307.011176299344,0.3515687632794541,9.287073E-5,17.657257,0.0073797563,0.23242147,0.010148016,0.059002038,0.009588958,0.46398926,0.13817692,0.6055361,0.02195322,0.019010663,0.020900605,0.12120504,9.1978612E12,0.02157313,0.009281315,0.6055361,0.02195322,"TWOGAUSSIANS_WITH_ELLIPSOIDAL_ON_ECLIPSE2",9,10.166701,0.23038147,0.009263011,0.3304114,0.053698163,0.4853269,0.13864814,0.6055361,0.02195322,0.106459714,0.11704338,0.16435112,9.1978612E12
375316653866487564,4038346818295102080,0.5366513,2213.687615072715,3.8328124699843795,1.6204094E-5,19.67788,0.0251165,0.2483934,0.034897193,0.081323266,0.026247784,0.31660342,0.075702384,0.72657436,0.00868491,0.07432382,0.007834016,0.40010473,0.03253495,null,null,null,null,"TWOGAUSSIANS",8,1.3715857,0.72657436,0.00868491,0.4,0.0,0.39754373,0.028715208,0.2483934,0.034897193,0.4,0.0,0.31404242,0.07189792
375316653866487564,4038346951479252864,0.4539622,2291.3794693582317,0.7133754379120668,2.0259746E-5,18.515799,0.019751338,0.13194476,0.018826077,0.103991605,0.043633774,0.09924147,0.027297514,0.76450634,0.0060941316,0.062156223,0.009351666,0.17874442,0.022606805,null,null,null,null,"TWOGAUSSIANS",8,3.7382233,0.76464635,0.0058364226,0.34807485,0.052369326,0.17876913,0.02199377,0.13194476,0.018826077,0.4,0.0,0.09907264,0.027630083
375316653866487564,4038347535595062400,0.6294476,2277.3910137412163,3.5597727605242087,7.768061E-6,17.863873,0.016018208,0.31488568,0.0026702587,0.055337865,0.005102596,0.472039,0.039339393,0.81179726,0.004164004,0.048777882,0.007986619,0.37266627,0.11439407,0.094103746,0.017187538,0.31488568,0.0026702587,"TWOGAUSSIANS_WITH_ELLIPSOIDAL_ON_ECLIPSE1",9,4.5865455,0.31488568,0.0026702587,0.30989206,0.028574536,0.660228,0.03771372,0.8120673,0.003814905,0.27315614,0.044725068,0.56079054,0.120538294
375316653866487564,4038347539854076928,0.5865317,2318.091290972701,2.6699839617539327,1.3724533E-5,16.0558,0.011777757,0.24626541,0.005125785,0.087129004,0.007124958,0.2853016,0.015625753,0.7441061,0.0057486193,0.07415647,0.006620267,0.2947686,0.021369033,null,null,null,null,"TWOGAUSSIANS",8,26.691767,0.7441061,0.0057486193,0.4,3.091104E-4,0.29023704,0.021175908,0.24626541,0.005125785,0.4,0.0,0.28077,0.014452422
375316653866487564,4038347849092015744,0.41918528,2300.585612220178,0.07021737258320042,6.817078E-5,19.197298,0.015838394,null,null,null,null,null,null,null,null,null,null,null,null,0.23911855,0.027124086,0.6978548,0.008157651,"ELLIPSOIDAL",4,11.331265,null,null,null,null,null,null,null,null,null,null,null,null
375316653866487564,4038348325863275392,0.52363366,2269.9406982692517,3.602268863914184,2.5783902E-5,18.799812,0.059796438,0.3084948,0.01760223,0.100843444,0.029395511,0.31682384,0.047688276,0.7849268,0.0073433477,0.10280081,0.018119406,0.3903108,0.058765773,null,null,null,null,"TWOGAUSSIANS",8,6.625515,0.7849268,0.0073433477,0.4,0.0,0.36449987,0.033899594,0.30850482,0.01757906,0.4,0.0,0.29101732,0.025727797
375316653866487564,4038348605004179584,0.50393987,2282.49115067085,3.994626407542499,1.1720936E-4,19.407858,0.06389379,0.3186982,0.023035113,0.09986431,0.031236747,0.24529123,0.060659066,0.80302286,0.009715862,0.08368144,0.044045318,0.25252414,0.022615468,null,null,null,null,"TWOGAUSSIANS",8,1.7117594,0.80302286,0.009715862,0.4,0.0,0.24296734,0.055064026,0.3186982,0.023011966,0.4,0.0,0.23573212,0.017712878
375316653866487564,4038348708083614080,0.5000304,2224.792221130474,1.8900289995244983,7.3450625E-5,18.724382,0.13987489,0.284813,0.0058502043,0.088945515,0.016507875,0.38625023,0.11581705,0.8038081,0.018532975,0.15307145,0.115910634,0.1534258,0.13444684,null,null,null,null,"TWOGAUSSIANS",8,8.5146265,0.284573,0.005457371,0.4,0.0,0.34863022,0.038683213,0.8038081,0.01853704,0.4,0.0,0.11421442,0.028557917
375316653866487564,4038348879970426880,0.52107054,2210.53042066213,2.7827088350587617,1.69747E-5,18.357615,0.0149475355,0.26356155,0.0035497956,0.08659507,0.0092604235,0.22302774,0.016374694,0.76224524,0.009207293,0.08917113,0.01248888,0.25546965,0.033387203,null,null,null,null,"TWOGAUSSIANS",8,3.8469272,0.76224524,0.009207293,0.4,0.0,0.24728991,0.03357058,0.26356155,0.0035497956,0.4,0.0,0.21484803,0.016054738
375316653866487564,4038349253564415744,0.5285758,2273.7488173169504,2.8240030946959327,2.5301157E-5,17.994526,0.06272106,0.3573776,0.0073016523,0.12083912,0.027850047,0.20638004,0.06051895,0.86050665,0.0100688925,0.109428786,0.03222748,0.18162811,0.06203953,null,null,null,null,"TWOGAUSSIANS",8,3.3075254,0.3573776,0.0072932723,0.4,0.0,0.17073698,0.009199824,0.8605267,0.010127846,0.4,0.0,0.14605384,0.009900584
375316653866487564,4038349635797091712,0.5095095,2320.901205735797,0.6022416752512363,3.565954E-5,19.176725,0.01508224,0.039360464,7.871427E-4,0.014210728,0.0014269009,0.087025866,0.00971663,0.52491504,0.016223256,0.16824594,0.02879209,0.19319841,0.02389122,null,null,null,null,"TWOGAUSSIANS",8,1.2277589,0.52491504,0.016223256,0.4,0.0,0.18752317,0.028640522,0.039400462,7.2027463E-4,0.079580076,0.007990645,0.08615512,0.009448738
375316653866487564,4038349704585981184,0.51395524,2235.883700729682,0.539446163531257,1.5266569E-4,18.215067,0.004052424,0.48192284,0.021882962,0.05020932,0.02506084,0.23735905,0.046701822,0.31728727,0.02733958,0.073172614,0.014626073,0.19826525,0.055986226,null,null,null,null,"TWOGAUSSIANS",8,2.2584815,0.47593284,0.019061988,0.2811722,0.1403407,0.25457805,0.047242243,0.31949726,0.024495091,0.4,0.047813553,0.19944236,0.05462405
375316653866487564,4038349872018819584,0.48252207,2265.8984849225744,0.20517847937802655,3.8961363E-5,19.185137,0.06844246,0.377968,0.024409669,0.17032763,0.051132705,0.25588113,0.06942163,0.8232807,0.009454688,0.07692164,0.014467395,0.26498124,0.04423959,null,null,null,null,"TWOGAUSSIANS",8,2.7440088,0.8232807,0.009454688,0.4,0.0,0.23625265,0.015774788,0.377968,0.024409669,0.4,0.0,0.2174887,0.03330556
375316653866487564,4038349945034872448,0.49446842,2235.0803867112,1.1486585422257687,2.4715844E-5,18.46136,0.018361408,0.1455829,0.003454706,0.032647867,0.0058647953,0.15721716,0.01671953,0.41973394,0.12699848,0.066377066,0.10579796,0.049536746,0.37679294,null,null,null,null,"TWOGAUSSIANS",8,5.096404,0.1455829,0.0034621435,0.18282804,0.032842852,0.15722695,0.016836675,0.41973394,0.12699848,0.37171155,0.40872198,0.049536746,0.37681535
375316653866487564,4038350043850291840,0.53668624,2244.98554781218,1.4593704636691895,9.4123E-5,18.439322,0.011107418,0.98552716,0.009119544,0.026904477,0.020797363,1.3220426,1.1428229,0.5576284,0.01885158,0.033184182,0.015176117,0.19383435,0.10183158,null,null,null,null,"TWOGAUSSIANS",8,17.468721,0.98552716,0.009119544,0.15066507,0.11646523,1.3220426,1.1428229,0.5576284,0.01885158,0.18583141,0.084986255,0.19383435,0.10183158
375316653866487564,4038350391710885504,0.47306153,2223.5917647529077,3.3025950087026708,5.0239487E-5,18.414276,0.61167294,0.20025532,0.014414246,0.11791752,0.14526494,0.30088532,0.5710902,0.71650314,0.010276768,0.07894073,0.05019924,0.3897294,0.30607706,null,null,null,null,"TWOGAUSSIANS",8,28.049591,0.7165232,0.009767705,0.4,0.04020395,0.36898154,0.055029258,0.20025532,0.014424818,0.4,0.0,0.28005007,0.049818102
375316653866487564,4038350460434148224,0.44608822,2334.9358996905466,1.3065891273083676,6.715168E-5,17.692259,0.004777881,0.18706225,0.010267375,0.05511639,0.009236511,0.08110104,0.024661422,0.6491941,0.018007502,0.07678403,0.019358918,0.04636787,0.016795212,null,null,null,null,"TWOGAUSSIANS",8,2.9311826,0.18706225,0.010267375,0.30865178,0.05172446,0.081072904,0.024670433,0.6491941,0.018007502,0.4,0.015585141,0.04633973,0.016825648
375316653866487564,4038350700952191360,0.56436104,2306.585242217176,2.579953963271504,4.8296715E-5,18.850664,0.045803245,0.24925491,0.0063462756,0.090169355,0.012982033,0.52650976,0.049727518,0.734745,0.016334478,0.08540599,0.023775076,0.5905006,0.04633955,null,null,null,null,"TWOGAUSSIANS",8,8.218723,0.734745,0.016334478,0.4,0.0,0.5753101,0.042230103,0.24925491,0.006344445,0.4,0.0,0.511319,0.03968653
375316653866487564,4038351078975919232,0.5342538,2323.2301033490016,2.291058923949824,8.55214E-5,18.456354,0.07724248,0.23082145,0.030745013,0.103009075,0.039617363,0.26564044,0.0736685,0.7450866,0.0065620807,0.11716154,0.035114568,0.24306649,0.07154079,null,null,null,null,"TWOGAUSSIANS",8,3.5533886,0.23078145,0.03071944,0.4,0.0,0.23269267,0.03738875,0.7450966,0.006565772,0.4,0.0,0.21006273,0.0263687
375316653866487564,4038351456863377152,0.4866372,2378.463099406874,1.3067423311012047,8.579289E-5,19.820446,0.053489454,0.35114118,0.029124156,0.111608565,0.04599423,0.30469316,0.061964665,0.71854806,4.7588337E-4,0.0058991364,0.0015908374,0.3843793,0.14552747,null,null,null,null,"TWOGAUSSIANS",8,1.5540792,0.71854806,4.7588337E-4,0.033035167,0.00890869,0.3857037,0.14474705,0.35114118,0.029124156,0.4,0.0,0.30466643,0.061059818
375316653866487564,4038351834890178560,0.5766604,2331.916018059929,1.932755299606489,2.0651365E-5,17.54129,0.018073626,0.24463804,0.0046645333,0.10683486,0.008840925,0.33080494,0.018765887,0.73659045,0.004735161,0.094800174,0.009429943,0.29304388,0.020314908,null,null,null,null,"TWOGAUSSIANS",8,5.4888864,0.24463804,0.0046645333,0.4,0.0,0.30471253,0.019185325,0.73659045,0.004735161,0.4,0.0,0.26696318,0.020637035
375316653866487564,4038352075342223104,0.6326381,2280.42107862848,2.8402947977503885,5.4151906E-6,18.503448,0.014900718,0.3031882,0.0019632694,0.09728092,0.0049830177,0.45761815,0.012980933,0.79863703,8.35113E-4,0.08934293,0.0033511322,0.45277354,0.013246949,null,null,null,null,"TWOGAUSSIANS",8,0.38567683,0.3031882,0.0019632694,0.4,0.0,0.43408373,0.008872203,0.79863703,8.35113E-4,0.4,0.0,0.4292407,0.008741753
375316653866487564,4038352449020071808,0.48264244,2252.2018863713006,0.26960557574666266,7.80597E-5,18.679995,0.06640503,0.30090457,0.017909478,0.082254134,0.02731949,0.3422362,0.11163318,0.7991835,0.012962906,0.064444624,0.033853468,0.30353522,0.043639347,null,null,null,null,"TWOGAUSSIANS",8,13.516218,0.30090457,0.017909478,0.4,0.0,0.34037742,0.09749291,0.7991835,0.012977651,0.3608899,0.07391804,0.30167648,0.040285315
375316653866487564,4038352895714287744,0.48083034,2263.4709416431356,3.626375551835237,4.339855E-5,19.149952,0.0056520184,null,null,null,null,null,null,null,null,null,null,null,null,0.0954324,0.00689298,0.2945164,0.0063349595,"ELLIPSOIDAL",4,3.307966,null,null,null,null,null,null,null,null,null,null,null,null
375316653866487564,4038353003051921536,0.56933206,2288.355014934238,3.034963087007611,2.443369E-5,19.162909,0.04541121,0.30826586,0.014292158,0.0894955,0.026311586,0.47668606,0.056337193,0.81925255,0.0034483192,0.08433879,0.012161664,0.42323464,0.04371602,null,null,null,null,"TWOGAUSSIANS",8,2.1847308,0.30826586,0.014292158,0.4,0.0,0.464727,0.08075664,0.81925255,0.0034479264,0.4,0.0,0.41127574,0.019568196
375316653866487564,4038353342391009280,0.5237083,2236.6605761211526,0.20509313615728939,1.9189845E-5,18.814375,0.011246187,0.29973716,0.018991537,0.08977363,0.018290265,0.15040489,0.037323847,0.8046876,0.0046259495,0.0556407,0.0078107505,0.22322118,0.016024949,null,null,null,null,"TWOGAUSSIANS",8,1.593104,0.8046876,0.0046259495,0.31158793,0.043740205,0.22240832,0.016220713,0.29973716,0.018991537,0.4,0.0,0.14959195,0.037508834
375316653866487564,4038353484175485696,0.43698475,2338.0250005361713,0.17851249805295977,4.3896962E-5,19.610136,0.037264805,0.34514305,0.048819806,0.13301617,0.05907377,0.36900723,0.107054144,0.5863584,0.038598605,0.08838442,0.01560462,0.3212733,0.10893904,null,null,null,null,"TWOGAUSSIANS",8,2.393654,0.5863584,0.038598605,0.4,0.0,0.39055163,0.023334937,0.36371306,0.061789595,0.4,0.0,0.37688798,0.10472641
375316653866487564,4038353793326631424,0.46316198,2314.540778184676,3.1367817000032248,3.8011018E-5,19.380543,0.038589507,0.2236589,0.008188882,0.089037985,0.019704979,0.19416815,0.035934485,0.7285524,0.014970227,0.08105581,0.051576074,0.17947848,0.09674107,null,null,null,null,"TWOGAUSSIANS",8,3.1254373,0.2236589,0.008188882,0.4,0.0,0.18960583,0.025505412,0.7285524,0.014970227,0.4,0.17205063,0.17491622,0.102633186
375316653866487564,4038353857786978176,0.5315037,2227.628417828524,2.659169795926129,1.96026E-5,18.539633,0.06350155,0.3183151,0.005835531,0.12744074,0.041031327,0.22862487,0.04436928,0.8158171,0.0043535754,0.09237476,0.016053785,0.2739902,0.056772463,null,null,null,null,"TWOGAUSSIANS",8,1.9421699,0.8158171,0.0043535754,0.4,0.0,0.2387349,0.013721289,0.3183151,0.005835531,0.4,0.0,0.19316143,0.025943404
375316653866487564,4038354136923890304,0.55212694,2248.8226280743065,3.5552363503060365,2.4640018E-5,18.703485,0.014782047,0.2024763,0.009011999,0.08376939,0.011054911,0.23661377,0.02006161,0.6973908,0.006975449,0.09859008,0.01042156,0.2552978,0.01627848,null,null,null,null,"TWOGAUSSIANS",8,1.3282632,0.6973908,0.006975449,0.4,0.0,0.24469054,0.011650194,0.2024763,0.009011999,0.4,0.0,0.22600786,0.016724586
375316653866487564,4038355202079128704,0.4914621,2344.9470154948126,2.6318507658205963,4.3396973E-5,17.139004,0.14693153,0.2996667,0.013836346,0.11136611,0.037658148,0.3109252,0.14185159,0.7890047,0.0077139745,0.12369333,0.045240507,0.25386345,0.1438749,null,null,null,null,"TWOGAUSSIANS",8,26.01391,0.2997267,0.013788178,0.4,0.0,0.25853375,0.024820445,0.7890047,0.0077139745,0.4,0.0,0.20134842,0.016482474
375316653866487564,4038355988050442368,0.6928991,2300.577490888581,2.2811657499971845,4.7215667E-6,13.337741,0.0034356713,0.22508104,0.0018850181,0.04718376,0.0024320562,0.32465893,0.009481532,0.7191973,0.0079140235,0.049560606,0.008376311,0.030544803,0.008224293,0.08168377,0.0054586483,0.22508104,0.0018850181,"TWOGAUSSIANS_WITH_ELLIPSOIDAL_ON_ECLIPSE1",9,13.297699,0.22508104,0.0018850181,0.26422906,0.013619515,0.48802608,0.005347884,0.72219723,0.003582762,0.2775394,0.04690734,0.19380243,0.003957063
375316653866487564,4038356056771266048,0.56304115,2291.957650352447,2.7335943933745748,1.6759444E-5,17.984015,0.032239147,0.2390026,0.0139696095,0.05996949,0.031666428,0.26301715,0.1505008,0.7205733,0.01087717,0.055777114,0.012340391,0.3576031,0.061666798,0.08454362,0.032387007,0.2390026,0.0139696095,"TWOGAUSSIANS_WITH_ELLIPSOIDAL_ON_ECLIPSE1",9,10.134954,0.7224833,0.0104726255,0.31235185,0.06910619,0.5246181,0.020784909,0.2390026,0.0139696095,0.33582914,0.14763415,0.43205678,0.14283918
375316653866487564,4038356434727710080,0.6652818,2314.6049595971454,0.07307054177132814,2.4405758E-4,17.026196,0.0021726394,0.19865799,1.7418603E-5,0.0036008041,1.7632457E-5,0.59495527,0.00212973,0.5316336,0.08815041,0.08744345,0.08234191,0.058788292,55267.383,null,null,null,null,"TWOGAUSSIANS",8,6.0959797,0.19865799,1.7418603E-5,0.020164503,9.8741766E-5,0.594997,0.0021465665,0.5316336,0.08815041,0.4,0.33157954,0.058788285,55267.383
375316653866487564,4038357225022006272,0.5759559,2302.4732569467997,2.53065771572748,1.537823E-5,18.583368,0.012264616,0.288648,0.0023815127,0.08799109,0.005584695,0.30273768,0.0153997075,0.7920303,0.0047894195,0.08812163,0.009601953,0.31913802,0.032761745,null,null,null,null,"TWOGAUSSIANS",8,1.3053532,0.7920303,0.0047894195,0.4,0.0,0.30867893,0.03718697,0.288648,0.0023815127,0.4,0.0,0.29227862,0.014864705
375316653866487564,4038357332388589056,0.47815058,2357.4987105591686,0.08933353702874014,4.9241822E-5,19.102493,0.7177978,0.3173642,0.0063459724,0.13372988,0.054444116,0.86795944,0.63674563,0.8370471,0.011670049,0.15568636,0.05210169,0.93403286,0.6993018,null,null,null,null,"TWOGAUSSIANS",8,7.3383613,0.8376771,0.0109085925,0.4,0.0,0.5768174,0.08134807,0.3154942,0.004238385,0.4,0.0,0.5205482,0.06132206
375316653866487564,4038357499899803520,0.5129585,2238.4037767979157,3.3640235010119275,3.7810496E-5,18.659739,0.03172279,0.26489577,0.009463246,0.09909364,0.025147732,0.16008818,0.030045988,0.7445734,0.012137689,0.08606,0.028029136,0.12425208,0.027509527,null,null,null,null,"TWOGAUSSIANS",8,1.9391886,0.26489577,0.009462824,0.4,0.0,0.15461561,0.020305209,0.7445734,0.012137689,0.4,0.0,0.118780956,0.015450867
375316653866487564,4038357602953422720,0.6706288,2324.8495995977496,2.644064095397286,2.6332966E-6,16.573849,0.013606105,0.27212396,0.001861335,0.04739979,0.0037029607,0.439477,0.033556342,0.77531695,0.0022631579,0.04909239,0.0035203812,0.46545202,0.024202194,0.125793,0.016550085,0.27212396,0.001861335,"TWOGAUSSIANS_WITH_ELLIPSOIDAL_ON_ECLIPSE1",9,6.121098,0.77531695,0.0022631579,0.27491736,0.019714136,0.71693474,0.020926047,0.27212396,0.001861335,0.26543882,0.020736579,0.69106096,0.018876083
375316653866487564,4038357912197661568,0.52791446,2331.9277813830636,1.5899955699791515,4.8670794E-5,19.430176,0.0065181335,0.17170818,0.008366622,0.06581809,0.012034351,0.12986425,0.010696464,0.49051628,0.008298798,0.038660258,0.004666671,0.5023967,0.014567403,null,null,null,null,"TWOGAUSSIANS",8,1.5986582,0.49051628,0.008298798,0.21649745,0.02613336,0.5023978,0.01456801,0.17170818,0.008366622,0.36858132,0.048935667,0.12986425,0.010696468
375316653866487564,4038357950875810688,0.56862754,2277.7947680691677,2.7103464370768076,8.400981E-5,18.86709,0.022008859,0.28076202,0.008879313,0.07446465,0.011734093,0.528626,0.032775994,0.7711587,0.025623491,0.080133475,0.017245945,0.57185835,0.09946749,null,null,null,null,"TWOGAUSSIANS",8,5.159019,0.7711587,0.025623491,0.4,0.0,0.567048,0.09922085,0.28076202,0.008879313,0.4,0.04011717,0.5238157,0.03349546
375316653866487564,4038358088363557120,0.4983585,2351.2327471346493,3.465180199176431,1.9214439E-4,17.043192,0.005085412,0.117535606,0.031997003,0.042297143,0.012679851,0.21147297,0.08488743,0.72388554,0.054425176,0.042549614,0.05638397,0.21183467,1.958798E19,null,null,null,null,"TWOGAUSSIANS",8,13.301866,0.72388554,0.054425176,0.23827784,0.26533,0.21183467,1.958798E19,0.117535606,0.031997003,0.236864,0.07100716,0.21147297,0.0848874
375316653866487564,4038358638118988544,0.5565407,2315.346071182179,2.7941483112222896,4.6073244E-5,19.19486,0.04584331,0.22455671,0.013614628,0.09991476,0.022355044,0.4008976,0.041186605,0.72797036,0.01266564,0.10250901,0.020373674,0.3739922,0.04180937,null,null,null,null,"TWOGAUSSIANS",8,2.188556,0.22455671,0.013614628,0.4,0.0,0.36577585,0.035069823,0.72797036,0.012665437,0.4,0.0,0.3388683,0.01564494
375316653866487564,4038358775498953600,0.44011325,2283.807389260207,0.024050016226984678,1.269064E-5,19.492224,0.02595078,0.13934705,0.0015625745,0.0066068284,0.0013811825,0.11762035,0.017514098,0.5187985,0.017503737,0.1557007,0.041482694,0.18108484,0.0502223,null,null,null,null,"TWOGAUSSIANS",8,2.635788,0.5187985,0.017503737,0.4,0.0,0.17899741,0.05056138,0.13939704,0.0015685325,0.03699824,0.0077346214,0.124894865,0.022875056
375316653866487564,4038358775499055872,0.49664238,2271.565642934957,3.6400663664250605,6.295355E-5,19.266668,0.083798125,0.2378306,0.028555332,0.10599335,0.04473329,0.22360413,0.0885572,0.6968361,0.0063241255,0.10384556,0.023244867,0.27757347,0.07753157,null,null,null,null,"TWOGAUSSIANS",8,2.3334177,0.6968361,0.0063241255,0.4,0.0,0.25968322,0.030350558,0.23786059,0.028445825,0.4,0.0,0.20571072,0.033218306
375316653866487564,4038359290971940608,0.513147,2324.8681703629118,2.73065561610729,6.7180777E-6,19.045925,0.021411153,0.2333087,0.0039041957,0.0718856,0.0059559355,0.3051529,0.025564648,0.7290257,0.0016880124,0.08013815,0.006548069,0.4202823,0.010692034,null,null,null,null,"TWOGAUSSIANS",8,3.779067,0.7290257,0.0016880124,0.4,0.0,0.41734,0.009499885,0.2333087,0.0039041957,0.4,0.024084317,0.3022106,0.02442027
375316653866487564,4038359389666604800,0.43479788,2285.2597708026387,1.105222751204842,1.6649188E-4,17.736717,0.04973306,0.2800776,0.03608017,0.08311392,0.04541655,0.14674142,0.050344553,0.6648343,0.01976402,0.1347029,0.038499024,0.145771,0.049179986,null,null,null,null,"TWOGAUSSIANS",8,3.1135283,0.2826576,0.02986041,0.4,0.05883119,0.14403678,0.06215993,0.6648343,0.01976402,0.4,0.0,0.14053188,0.03404374
375316653866487564,4038359565831786752,0.50471085,2331.2711256404423,0.4470955986292988,5.8541053E-5,16.10429,0.004410472,0.116543785,0.028700856,0.028151376,0.03468267,0.0736766,0.05874171,0.6426012,0.017214807,0.13072447,0.019088292,0.06897651,0.0053143986,null,null,null,null,"TWOGAUSSIANS",8,2.5689745,0.11652379,0.028677056,0.1576477,0.19422294,0.07333465,0.06252621,0.6426012,0.017214807,0.4,0.0,0.06851705,0.0055557247
375316653866487564,4038359973775723136,0.48002782,2198.6089564892277,1.5061555525637835,7.8044846E-5,18.571741,0.038964823,0.31797507,0.15094186,0.15451208,0.083615586,0.0786449,0.03523738,0.6595663,0.046522353,0.11718077,0.046615798,0.16177633,0.0468368,null,null,null,null,"TWOGAUSSIANS",8,4.2991962,0.6595663,0.046522353,0.4,0.0,0.15759227,0.021879971,0.36267507,0.65393513,0.4,0.0,0.070931025,0.1606399
375316653866487564,4038360283048772480,0.5290014,2201.288245895705,0.6596635949872338,3.2357388E-5,18.336756,0.004450101,0.19174431,0.005587878,0.05269419,0.0041790656,0.19358535,0.0046063266,0.7044739,0.021875266,0.07688915,0.013520851,0.055521037,0.013442534,null,null,null,null,"TWOGAUSSIANS",8,1.6539962,0.19174431,0.005587878,0.29508746,0.023402767,0.19351462,0.0045749135,0.7044739,0.021875266,0.4,0.025902199,0.055450298,0.0134466
375316653866487564,4038360459185147136,0.5946443,2328.792299729201,1.3865386129470627,4.426368E-6,14.739218,0.0020612855,0.30916965,0.06515802,0.02173257,0.04452735,0.020146621,0.002710501,0.6194009,6.181612E-4,0.015033091,4.0276957E-4,0.2744912,0.0053649624,null,null,null,null,"TWOGAUSSIANS",8,49.842,0.6194009,6.181612E-4,0.08418531,0.0022555096,0.2744912,0.005364963,0.30916965,0.06515802,0.121702395,0.24935316,0.020146621,0.002710501
375316653866487564,4038360527845374592,0.4260691,2314.6058198069363,0.20809115268396672,1.3960981E-4,18.853027,0.27886814,0.07899452,0.051469486,0.066000246,0.058708712,0.13789904,0.0749966,0.44031793,0.062471043,0.23028053,0.20237641,0.36160246,0.14380589,null,null,null,null,"TWOGAUSSIANS",8,4.0772166,0.44031793,0.062471043,0.4,0.0,0.28592744,0.16514827,0.10315452,0.06255569,0.36960137,0.16708425,0.18277518,0.033703554
375316653866487564,4038360798434858496,0.5629757,2275.9197739166807,3.2602439447001577,6.9223074E-6,19.062712,0.021733038,0.28414184,0.0021716296,0.064024396,0.004398092,0.5124274,0.025033167,0.78231996,0.012051454,0.09179516,0.018552585,0.2522336,0.044215333,null,null,null,null,"TWOGAUSSIANS",8,2.364645,0.28414184,0.0021716296,0.35853663,0.024629315,0.50876397,0.023806816,0.78231996,0.012051454,0.4,0.0,0.24857001,0.04633142
375316653866487564,4038360832804812288,0.51652277,2320.1622256884166,2.7965462568442625,2.9947594E-5,16.687832,0.0151919415,0.23712261,0.007264244,0.09596307,0.017326858,0.11113337,0.014186548,0.7404554,0.0046857777,0.10510859,0.018905243,0.094739154,0.015028029,null,null,null,null,"TWOGAUSSIANS",8,7.2307773,0.23712261,0.007264244,0.4,0.0,0.1022468,0.007339056,0.7404554,0.0046857777,0.4,0.0,0.08585054,0.007949754
375316653866487564,4038361352489769216,0.47994414,2286.8927543147156,4.230323482874359,4.7458525E-5,18.585499,0.04460919,0.39838874,0.009753065,0.23780671,0.034548715,0.22106445,0.044732053,0.8549614,0.017802432,0.037641365,0.014096817,0.06790613,0.014815723,null,null,null,null,"TWOGAUSSIANS",8,3.540752,0.39838874,0.009753065,0.4,0.0,0.1660082,0.008371645,0.8549614,0.017802432,0.21079163,0.07894218,0.06402706,0.0113654435
375316653866487564,4038361691762646784,0.4635257,2294.950027836726,2.0608150807333017,7.4824624E-5,17.656042,0.025011523,0.30567512,0.032554943,0.09345137,0.057822146,0.10476761,0.11097975,0.7788348,0.014155139,0.096143976,0.021879587,0.13929544,0.024093656,null,null,null,null,"TWOGAUSSIANS",8,11.493721,0.7788348,0.014155139,0.4,0.0,0.13420583,0.015469238,0.30567512,0.032546613,0.4,0.17268294,0.09967852,0.11527744
375316653866487564,4038361897920795008,0.62717235,2287.8938784811103,1.6553531071913292,7.35332E-6,16.552801,0.02068871,0.29293945,0.004372901,0.11446762,0.0102064125,0.2845046,0.018958792,0.79417366,0.0019391631,0.102237396,0.0057294792,0.3162756,0.01927978,null,null,null,null,"TWOGAUSSIANS",8,4.1274366,0.79417366,0.0019374252,0.4,0.0,0.27521908,0.006455062,0.29293945,0.004372901,0.4,0.0,0.24341117,0.010030741
375316653866487564,4038362039733344768,0.46466872,2245.384747478929,0.6818223994375469,1.21497906E-4,19.187977,0.099218324,0.08760963,0.017560886,0.049388055,0.026098259,0.17785414,0.20772354,0.5077364,0.03005143,0.1484526,0.054293953,0.3834766,0.102741405,null,null,null,null,"TWOGAUSSIANS",8,10.618607,0.5077364,0.03005143,0.4,0.0,0.37567586,0.08977588,0.089429624,0.01750294,0.27657312,0.14615025,0.17734836,0.20934631
375316653866487564,4038362172827494784,0.41002542,2239.1153489523385,0.23581240063785217,5.3823434E-5,18.48591,0.05328763,null,null,null,null,null,null,null,null,null,null,null,null,0.10111265,0.07162324,0.18490866,0.014058243,"ELLIPSOIDAL",4,21.867067,null,null,null,null,null,null,null,null,null,null,null,null
375316653866487564,4038363139188212480,0.46226856,2283.2055309865655,1.052222072500133,5.4219883E-5,19.20693,0.072509944,0.20446266,0.020204471,0.10972459,0.01585967,0.3578977,0.061681133,0.59848577,0.025922233,0.16942573,0.037586857,0.28748706,0.05825313,null,null,null,null,"TWOGAUSSIANS",8,3.0152988,0.21409266,0.01490818,0.4,0.0,0.32139096,0.035839174,0.59848577,0.025922233,0.4,0.0,0.23061134,0.014471557
375316653866487564,4038363207914453504,0.61569357,2220.6227575632806,2.9693536107816434,1.4250465E-5,18.627356,0.009815276,0.22176936,0.0051220106,0.07304421,0.0074004424,0.48808566,0.03152402,0.7263692,0.006641192,0.071852036,0.005798556,0.40297285,0.016440317,null,null,null,null,"TWOGAUSSIANS",8,2.2657578,0.22176936,0.0051220106,0.4,0.022681173,0.48602197,0.032224867,0.7263692,0.006641192,0.4,0.0040075625,0.4009092,0.01532063
375316653866487564,4038363276625201408,0.53655076,2290.234959650807,3.1719521966685114,3.3333064E-5,19.183355,0.037662588,0.06113833,0.015308596,0.08099247,0.01969368,0.28050998,0.08788845,0.5652237,0.0043278136,0.078090176,0.009100583,0.45505974,0.032317527,null,null,null,null,"TWOGAUSSIANS",8,6.108908,0.5652237,0.0043278136,0.4,0.0,0.4503809,0.025662288,0.06113833,0.015308596,0.4,0.004127927,0.27583113,0.08866586
375316653866487564,4038363551503675392,0.48827392,2293.8728444419567,0.086673276339891,3.0017482E-5,19.647213,0.038905807,0.21600133,0.033758957,0.12201549,0.049566727,0.25213364,0.04751922,0.6765228,0.0076314122,0.05423836,0.011006459,0.4236366,0.049628153,null,null,null,null,"TWOGAUSSIANS",8,4.576192,0.6765228,0.0076314122,0.3037348,0.06163617,0.41889322,0.048451796,0.21600133,0.033758957,0.4,0.0,0.24717256,0.049484327
375316653866487564,4038363615908035584,0.49496627,2244.853450095888,2.7737258299936127,2.6080737E-5,17.948818,0.97551095,0.21609432,0.020419445,0.15168759,0.08926966,0.40116623,0.9094227,0.6927811,0.017226024,0.13820194,0.09331065,0.38406813,0.8287949,null,null,null,null,"TWOGAUSSIANS",8,15.22819,0.21711431,0.015824044,0.4,0.0,0.24859393,0.02985197,0.6927811,0.017226024,0.4,0.0,0.2341099,0.045254324
375316653866487564,4038363620281170048,0.58899367,2266.2437040003874,2.5473910492843923,2.6617234E-5,15.952414,0.019761946,0.26360586,0.0058040502,0.0987597,0.018288925,0.39609078,0.26964977,0.7527012,0.004876003,0.08981548,0.006507959,0.41622514,0.022616182,null,null,null,null,"TWOGAUSSIANS",8,50.66481,0.7527012,0.004876003,0.4,0.0,0.39559758,0.016102055,0.26360586,0.0058040502,0.4,0.0,0.37546092,0.27977443
375316653866487564,4038363895100915200,0.58521724,2365.410774708462,2.830572035702662,1.0243239E-5,18.54284,0.6107469,0.1927112,0.0039782077,0.15558118,0.030647377,1.0330567,0.55315673,0.69748724,0.0022810989,0.16555496,0.048985798,0.9390933,0.5751456,null,null,null,null,"TWOGAUSSIANS",8,1.4751109,0.1919612,0.0036857089,0.4,0.0,0.48232877,0.025984323,0.6982172,0.0017303685,0.4,0.0,0.3805256,0.020970752
375316653866487564,4038363963820230912,0.50117,2230.610130733051,0.9443970167527129,2.7053105E-4,18.128548,0.02360841,0.4635676,0.02056966,0.060351428,0.009826717,0.2741707,0.013960735,0.123707876,0.06904597,0.14345658,0.1962146,0.026711926,0.0148235075,null,null,null,null,"TWOGAUSSIANS",8,1.8748941,0.46320763,0.019712437,0.337968,0.055029616,0.27531555,0.01640577,0.123707876,0.06912045,0.4,0.071864896,0.026237207,0.011530213
375316653866487564,4038364200048816640,0.49441126,2216.8192892119473,0.6513813807354262,5.3607168E-5,18.623383,0.013578998,0.27730742,0.07940359,0.08386032,0.049782585,0.10900804,0.11638198,0.82960695,0.011763703,0.07798046,0.0209237,0.098057196,0.012997314,null,null,null,null,"TWOGAUSSIANS",8,1.6094645,0.27730742,0.07941284,0.4,0.08154042,0.1083954,0.11705707,0.82960695,0.011761687,0.4,0.019678868,0.09744462,0.011702002
375316653866487564,4038364337487880576,0.5729433,2234.058500138854,2.839450587289602,1.40541515E-5,17.912262,0.020805383,0.26459098,0.0038605293,0.1056563,0.010746965,0.21028785,0.018609188,0.77459514,0.006278847,0.11322553,0.021062616,0.14337324,0.016223868,null,null,null,null,"TWOGAUSSIANS",8,0.8527173,0.26458097,0.0038595032,0.4,0.0,0.1876003,0.0069952183,0.77460515,0.0062883487,0.4,0.0,0.12067408,0.0134
375316653866487564,4038365132052688128,0.47510812,2185.105667183561,0.4712587938882108,6.7010595E-5,18.239485,0.009029236,0.52636564,0.049145285,0.0680239,0.023288803,0.63108015,0.31236342,0.3107337,0.031751744,0.060140353,0.022671467,0.10642038,0.06013265,null,null,null,null,"TWOGAUSSIANS",8,6.443037,0.52628565,0.04920289,0.38093382,0.10912106,0.6312525,0.3125339,0.3207637,0.040085677,0.33678597,0.12696022,0.1115021,0.056740385
375316653866487564,4038365918010521600,0.43500426,2148.8897935254504,0.974941312032071,5.70408E-5,18.905493,0.0701771,0.18171322,0.0033075018,0.08100201,0.022632387,0.2776315,0.052974936,0.7071928,0.053098712,0.11830115,0.07392659,0.19964403,0.12226934,null,null,null,null,"TWOGAUSSIANS",8,4.1185246,0.18167321,0.0032893072,0.4,0.073248416,0.26396486,0.038719002,0.7071928,0.053098712,0.4,0.124942884,0.18590292,0.1334227
375316653866487564,4038366162841549568,0.46994781,2225.12024057218,0.18384358579092006,8.436771E-5,19.65189,0.014916447,0.75706786,0.0077725775,0.05538006,0.008588586,0.2060096,0.022543713,0.41684833,0.04539059,0.114569016,0.05593063,0.16969408,0.065250084,null,null,null,null,"TWOGAUSSIANS",8,2.2006714,0.75625783,0.0062540676,0.31012836,0.04809608,0.20791464,0.017637512,0.41684833,0.04539059,0.4,0.0,0.16951299,0.06549259
375316653866487564,4038366227273791232,0.5499838,2140.402000214678,1.5518674351007808,2.5942865E-5,18.801895,0.003305196,0.24678887,0.022048855,0.07710516,0.0137667805,0.07314445,0.015698386,0.7660362,0.0020814524,0.033223663,0.002335072,0.22038585,0.0046407953,null,null,null,null,"TWOGAUSSIANS",8,1.2648609,0.7660362,0.0020814524,0.18605252,0.013076404,0.22038299,0.0046382467,0.24678887,0.022048855,0.4,0.0,0.07314159,0.015687801
375316653866487564,4038366472079543040,0.5311065,2221.421174936004,2.707487951838072,1.9412315E-5,19.591722,0.026281508,0.19896752,0.0072289454,0.06509542,0.008017044,0.42277226,0.07617339,0.69021946,0.007979838,0.06365926,0.023461131,0.6403814,0.25705495,null,null,null,null,"TWOGAUSSIANS",8,2.7578838,0.69021946,0.007979838,0.35649186,0.050900497,0.6399593,0.26057008,0.19896752,0.0072289454,0.36453435,0.044895444,0.42235017,0.075645134
375316653866487564,4038366570845539200,0.5674812,2286.055607666645,2.281927370297108,5.210419E-6,17.77899,0.015512625,0.23691165,0.005186467,0.090650424,0.007465561,0.37970808,0.016116802,0.7424908,0.0017045238,0.0875089,0.004299539,0.3878187,0.016029382,null,null,null,null,"TWOGAUSSIANS",8,8.738001,0.7424908,0.0017045238,0.4,0.0,0.37413472,0.013410355,0.23691165,0.005186467,0.4,0.0,0.366024,0.014612594
375316653866487564,4038366673960378368,0.48499647,2214.375863435722,2.1368231705451306,2.1406873E-5,18.28803,0.007000547,0.8701287,0.0076290634,0.030243527,0.0037987088,0.0063405135,0.014664705,null,null,null,null,null,null,0.113405876,0.016143462,0.8701287,0.0076290634,"ONEGAUSSIAN_WITH_ELLIPSOIDAL",6,15.402861,0.8701287,0.0076290634,0.16936375,0.02127277,0.23315227,0.021107327,null,null,null,null,null,null
375316653866487564,4038366678238799488,0.52356726,2276.958174795089,3.4204164626870788,8.635681E-6,19.060223,0.01561472,0.2550763,0.0058450135,0.09482945,0.008719925,0.2825818,0.016996643,0.75340444,0.0064029535,0.093959875,0.010718494,0.29439676,0.017133731,null,null,null,null,"TWOGAUSSIANS",8,1.565679,0.75340444,0.0064029535,0.4,0.0,0.27750605,0.019809686,0.2550763,0.0058450135,0.4,0.0,0.265691,0.011025097
375316653866487564,4038366815677770112,0.5987692,2248.841464265017,2.300308920170391,9.486795E-6,18.134401,0.010020245,0.29255643,0.010012187,0.08095446,0.012867955,0.26800117,0.013220455,0.77335286,0.0018598975,0.08483819,0.0027009426,0.6699461,0.012270037,null,null,null,null,"TWOGAUSSIANS",8,3.982288,0.77335286,0.0018598975,0.4,0.0,0.66365975,0.012299423,0.29255643,0.010012187,0.4,0.0,0.2617149,0.013263333
375316653866487564,4038367227994636672,0.45894438,2248.6977656871663,3.267601620024262,3.1220836E-5,19.474478,0.019566968,0.22470394,0.010214819,0.069358364,0.0142451115,0.22674266,0.046734896,0.7593114,0.02174118,0.07446618,0.022638699,0.18846357,0.037905164,null,null,null,null,"TWOGAUSSIANS",8,3.4175065,0.22470394,0.010214819,0.38840684,0.07005806,0.22633128,0.046900503,0.7593114,0.02174118,0.4,0.08582001,0.1880522,0.037876148
375316653866487564,4038367331073820928,0.5477789,2153.9917042837183,2.838886703854196,1.5764323E-5,18.355583,0.026076999,0.28816068,0.0052693053,0.07195241,0.0071197515,0.2900516,0.02501766,0.753629,0.011608342,0.10850398,0.021941539,0.34394085,0.019665554,null,null,null,null,"TWOGAUSSIANS",8,3.436331,0.753629,0.011608342,0.4,0.0,0.33611774,0.017884625,0.28818068,0.0052735624,0.4,0.022484789,0.28226507,0.018703882
375316653866487564,4038367704723508608,0.5438229,2220.628260676845,1.9874858350204194,2.7418433E-5,13.983151,0.017801633,0.27101374,0.0061894725,0.06297549,0.026131766,0.06264593,0.03309944,0.77990717,0.015593536,0.05483673,0.026466096,0.06917936,0.029037062,0.02675199,0.018022956,0.27101374,0.0061894725,"TWOGAUSSIANS_WITH_ELLIPSOIDAL_ON_ECLIPSE1",9,32.41453,0.77990717,0.015198325,0.3070857,0.12814362,0.12249191,0.011510055,0.27101374,0.0061894725,0.35266274,0.13998015,0.11612536,0.009631133
375316653866487564,4038368018276923008,0.45701477,2248.812792338454,0.555945699475011,5.2214087E-5,19.61612,0.024062265,0.35697883,0.006838601,0.11186398,0.014592991,0.25339037,0.03223289,0.8131521,0.0421881,0.04211603,0.013934616,0.10449389,0.04157115,null,null,null,null,"TWOGAUSSIANS",8,2.9298892,0.35697883,0.006838601,0.4,0.0,0.25269082,0.03161382,0.8131521,0.0421881,0.23584977,0.07803385,0.103858255,0.040862538
375316653866487564,4038368121347141376,0.5078016,2164.8770037160148,0.15587000252508076,1.4347791E-4,18.562155,0.00966011,0.3033152,0.008174856,0.061426096,0.006237356,0.14116307,0.012987062,0.7261386,0.055368792,0.06536806,0.029713348,0.21137568,0.08268487,null,null,null,null,"TWOGAUSSIANS",8,1.9655154,0.7261386,0.055368792,0.3660611,0.16639474,0.2113647,0.08267969,0.3033152,0.008174856,0.34398612,0.034929194,0.14115207,0.012972868
375316653866487564,4038368804235131392,0.47038084,2219.7259824060216,0.07756421732584787,3.172686E-5,17.462208,0.23282613,0.20758423,0.008277787,0.24569632,0.13278249,0.2611127,0.22454748,0.6429512,0.0149536505,0.091245964,0.01412684,0.17228745,0.06581415,null,null,null,null,"TWOGAUSSIANS",8,3.7204986,0.20760423,0.008245124,0.4,0.0,0.14976326,0.02237268,0.6429512,0.0149536505,0.4,0.0,0.13375227,0.040184706
375316653866487564,4038369285301083392,0.46380636,2174.3769867702754,0.15491702311648622,1.7025091E-5,18.725143,0.021688867,0.30619544,0.009609524,0.12830253,0.029631184,0.16302687,0.017970739,0.8988931,7.746983E-4,0.016867645,0.01076221,0.14566232,5.2407885,null,null,null,null,"TWOGAUSSIANS",8,2.4585304,0.30619544,0.009609524,0.4,0.0,0.16286257,0.017327765,0.8989431,8.253571E-4,0.09445881,0.060268376,0.14655906,5.2404513
375316653866487564,4038369358298415232,0.50292,2257.165593871419,3.276911234866725,1.8127706E-5,16.5836,0.08960015,0.27997413,0.0061310823,0.09426737,0.020461012,0.4484904,0.07935485,0.7703838,0.012457633,0.10194659,0.018455615,0.4642749,0.0976127,null,null,null,null,"TWOGAUSSIANS",8,126.20642,0.7703838,0.012457633,0.4,0.0,0.43297315,0.053783476,0.27997413,0.006131923,0.4,0.0,0.41719395,0.039584186
375316653866487564,4038370217300304896,0.4721855,2273.0396711229637,2.91914772961136,4.5682613E-5,19.265488,0.037561215,0.41997376,0.071343996,0.13052452,0.08161111,0.18044414,0.064670175,0.71135885,0.001990833,0.01204429,0.008143511,0.26044786,2.354992,null,null,null,null,"TWOGAUSSIANS",8,4.908589,0.71135885,0.001990833,0.06744802,0.045603663,0.2751461,2.4370856,0.41997376,0.071343996,0.4,0.0,0.18020923,0.05766435
375316653866487564,4038370286071395456,0.5417339,2279.12360022271,2.276622522570406,1.5411508E-5,16.715837,0.012270505,0.32755777,0.006325938,0.08520295,0.006519078,0.34586266,0.024736745,0.8276472,0.004853245,0.09385097,0.008172626,0.3112909,0.017910054,null,null,null,null,"TWOGAUSSIANS",8,25.835972,0.32755777,0.006325938,0.4,0.0,0.3326418,0.023879502,0.8276472,0.004853245,0.4,0.0,0.29806963,0.019717168
375316653866487564,4038370389092402048,0.5955785,2280.1699163373323,2.7797380678632138,5.420187E-6,18.886036,0.015852325,0.17491247,0.0027652215,0.074210994,0.0038772477,0.5151653,0.015540381,0.6936267,0.006650056,0.07091679,0.005472432,0.45245272,0.01744535,null,null,null,null,"TWOGAUSSIANS",8,3.0053613,0.17491247,0.0027652215,0.4,0.0,0.51353854,0.014654173,0.6936267,0.006650056,0.397134,0.017569304,0.45082593,0.01659936
375316653866487564,4038370762733781760,0.44782755,2232.07853473018,0.7149943150384067,2.2152492E-5,17.804842,0.0049769697,null,null,null,null,null,null,null,null,null,null,null,null,0.06791106,0.007148233,0.20348206,0.0074164458,"ELLIPSOIDAL",4,11.168046,null,null,null,null,null,null,null,null,null,null,null,null
375316653866487564,4038370831489158784,0.5266429,2161.794571124056,2.3397123917292157,1.694757E-5,18.735722,0.0062080147,null,null,null,null,null,null,null,null,null,null,null,null,0.09460338,0.0074118907,0.17471556,0.005748443,"ELLIPSOIDAL",4,3.404232,null,null,null,null,null,null,null,null,null,null,null,null
375316653866487564,4038371007625956352,0.57383955,2287.3336257039073,2.650907912990154,1.1659421E-5,16.832891,0.016745947,0.32495508,0.007428538,0.10012275,0.013252907,0.20370048,0.02121053,0.81780034,0.002836244,0.09990479,0.008491654,0.20708641,0.015670214,null,null,null,null,"TWOGAUSSIANS",8,7.7190456,0.81780034,0.002836244,0.4,0.0,0.19057928,0.007801715,0.32495508,0.007428538,0.4,0.0,0.18719329,0.019537644
375316653866487564,4038371106331347840,0.6629498,2239.5337004083603,1.6725670251708475,7.128808E-6,17.288168,0.0045087053,0.2601323,7.011494E-4,0.04293967,0.0017488569,0.5272766,0.011282621,0.756353,0.007451686,0.06351612,0.013914369,0.083391875,0.014449995,null,null,null,null,"TWOGAUSSIANS",8,4.2620926,0.2601323,7.011494E-4,0.24046215,0.009793598,0.527272,0.011281899,0.756353,0.007451686,0.35569024,0.07792047,0.083387285,0.01445709
375316653866487564,4038371660402939264,0.49426332,2205.6459554521202,3.519394492009128,2.4215902E-5,19.219006,0.3916879,0.24427642,0.007017316,0.14761761,0.103174366,0.3035824,0.38280675,0.75504506,0.009302828,0.107861586,0.05797139,0.29740036,0.31575796,null,null,null,null,"TWOGAUSSIANS",8,1.6478242,0.24425642,0.006689004,0.4,0.0,0.223275,0.028648384,0.755455,0.010169594,0.4,0.0,0.21909474,0.029306091
375316653866487564,4038371729122862080,0.6236745,2208.01744806785,0.9199410271782189,7.565707E-6,7.24028,0.017390812,0.22405633,0.0020018131,0.09057767,0.0043492066,0.43142113,0.01719786,0.7429037,0.0036967294,0.11671455,0.009872593,0.23981966,0.015476786,null,null,null,null,"TWOGAUSSIANS",8,65.558395,0.22403634,0.0020028863,0.4,0.0,0.40508956,0.010335428,0.7429037,0.0036967294,0.4,0.0,0.21342723,0.010600297
375316653866487564,4038371969641351808,0.484526,2208.7043443902517,0.8945904566942163,7.9364065E-5,19.436756,0.0753865,0.2949795,0.0336593,0.057909854,0.023708606,0.1341561,0.044071138,0.67580795,0.017044667,0.17633659,0.055781666,0.21630418,0.07129583,null,null,null,null,"TWOGAUSSIANS",8,1.317088,0.67580795,0.017044667,0.4,0.0,0.20441929,0.028217014,0.30167952,0.027853604,0.32429516,0.100705884,0.14455523,0.03318789
375316653866487564,4038372004001115904,0.57388484,2200.2895894850644,3.362569094881252,6.419448E-6,19.137123,0.012791862,0.2693889,8.931317E-4,0.0664472,0.002254469,0.58797103,0.0111934785,0.77312523,0.0026812772,0.06776657,0.0035120687,0.5375779,0.02548164,null,null,null,null,"TWOGAUSSIANS",8,1.499708,0.2693889,8.931317E-4,0.37210432,0.0126250265,0.5869897,0.010771703,0.77312523,0.0026812772,0.3794928,0.019667584,0.5365966,0.025549913
375316653866487564,4038372004001185408,0.519409,2252.594739204655,1.564439067688521,2.3652421E-5,19.275835,0.019970862,0.24448572,0.017933398,0.116931915,0.034437984,0.11401108,0.02909257,0.675136,0.001205602,0.051531207,0.0034927903,0.31990469,0.032408163,null,null,null,null,"TWOGAUSSIANS",8,1.3574836,0.675136,0.001205602,0.28857476,0.019559626,0.3191079,0.03180354,0.24448572,0.017933398,0.4,0.0,0.113084175,0.02875232
375316653866487564,4038373030476614400,0.45819435,2253.1346915039344,2.3734212524108336,3.4509565E-5,17.02253,0.0037363328,null,null,null,null,null,null,null,null,null,null,null,null,0.05321613,0.0035597591,0.27707818,0.008816516,"ELLIPSOIDAL",4,12.816426,null,null,null,null,null,null,null,null,null,null,null,null
375316653866487564,4038373721987518336,0.48547712,2231.98455939503,2.87132695837155,5.788082E-5,19.189266,0.009521016,0.21883744,0.02237972,0.018869823,0.022051072,0.22694956,1.71666678E10,0.7926996,0.0111263655,0.031059925,0.013474786,0.5393695,0.47154275,0.038551603,0.017198566,0.21883744,0.02237972,"TWOGAUSSIANS_WITH_ELLIPSOIDAL_ON_ECLIPSE1",9,2.7392254,0.7926996,0.0111263655,0.17393558,0.0754588,0.60102475,0.48428193,0.21883744,0.02237972,0.105671,0.123486,0.30405265,1.71666678E10
375316653866487564,4038374031225680896,0.52488106,2166.307713364489,0.5764486728664274,1.701629E-5,18.434187,0.04897066,0.48607054,0.010490278,0.2293687,0.046599884,0.18824011,0.045232557,0.91864073,0.0010808684,0.029573219,0.00301026,0.0525871,0.004536623,null,null,null,null,"TWOGAUSSIANS",8,1.3506876,0.48607054,0.010490278,0.4,0.0,0.15213725,0.009993879,0.91864073,0.0010808684,0.16561003,0.016857455,0.05707923,0.0048610633
375316653866487564,4038374134304949504,0.5009702,2161.131155350797,0.28816111150667234,1.3198406E-5,18.505518,0.0969008,0.2224128,0.0068019032,0.10014095,0.032085,0.18751456,0.08795582,0.7449078,0.012596886,0.1387924,0.054586377,0.2006818,0.087284185,null,null,null,null,"TWOGAUSSIANS",8,1.7909772,0.7449178,0.012577276,0.4,0.0,0.16551428,0.031105608,0.22193278,0.0061592506,0.4,0.0,0.15305449,0.019624598
375316653866487564,4038374203024753536,0.45831162,2217.729813438259,0.16467750331565434,9.487794E-5,19.776493,0.06155984,0.52392197,0.03032584,0.13965277,0.069419995,0.29368836,0.37718168,0.82390535,0.041984193,0.06878109,0.027711168,0.1646234,0.057877854,null,null,null,null,"TWOGAUSSIANS",8,2.6459446,0.523972,0.03019448,0.4,0.0,0.29188102,0.37851602,0.82390535,0.041984193,0.38517413,0.10480494,0.1920416,0.05320795
375316653866487564,4038374443542635904,0.52824694,2216.1509006624733,2.6120097993390186,2.5473864E-5,18.061176,0.13330427,0.22829634,0.009509043,0.11215699,0.03164809,0.49199486,0.124821626,0.7298427,0.0051359925,0.10055241,0.025131574,0.49514297,0.11895785,null,null,null,null,"TWOGAUSSIANS",8,17.938179,0.7298427,0.005148155,0.4,0.0,0.43406418,0.03794618,0.22829634,0.009509043,0.4,0.0,0.43087268,0.036969997
375316653866487564,4038374580982106496,0.4312919,2305.1306880683273,1.7390092446825778,4.9331724E-5,19.5086,0.027913313,0.26348308,0.0071109477,0.037021104,0.01207516,0.4662547,0.40028358,0.75717336,0.024634894,0.09747729,0.04385937,0.10850471,0.04102076,null,null,null,null,"TWOGAUSSIANS",8,5.358117,0.26348308,0.0071109477,0.20731817,0.067620896,0.46602055,0.40063673,0.75717336,0.024634894,0.4,0.067781195,0.10827012,0.04090112
375316653866487564,4038374684061213312,0.4551813,2340.4601741494776,1.7293219388835743,1.0782794E-4,19.61619,0.015623479,0.10613467,0.02006575,0.09360071,0.033319563,0.2696964,0.042356726,0.77943003,0.01241139,0.09432204,0.024861775,0.1753259,0.021431442,null,null,null,null,"TWOGAUSSIANS",8,2.3126605,0.10560466,0.020066047,0.4,0.04582407,0.26942834,0.04400567,0.78063,0.011540652,0.4,0.0,0.17524216,0.022229193
375316653866487564,4038374924579165056,0.50680345,2242.196135279125,0.20513425695477358,2.7555607E-5,19.227734,0.42784733,0.18053834,0.014465533,0.1594993,0.072979726,0.50170237,0.42146724,0.66350305,0.007843839,0.1278611,0.050480906,0.4283019,0.3751263,null,null,null,null,"TWOGAUSSIANS",8,1.7860352,0.18085834,0.014496081,0.4,0.0,0.3179816,0.042344898,0.66350305,0.007843839,0.4,0.0,0.25186235,0.03619491
375316653866487564,4038375027715936256,0.56769043,2228.2982828493327,0.8843550914148955,1.1942767E-5,18.139303,0.004623984,0.23130114,0.019854048,0.052555893,0.018327184,0.09752557,0.01376114,0.7939743,0.0025109092,0.068720326,0.004452777,0.15679297,0.008305746,null,null,null,null,"TWOGAUSSIANS",8,0.73483735,0.7939743,0.0025109092,0.38483384,0.024756247,0.15678762,0.008296862,0.23130114,0.019854048,0.294313,0.10263223,0.09752021,0.013770531
375316653866487564,4038375092062018304,0.48985678,2246.6585297224683,2.5344641992663144,6.661763E-5,18.591522,0.13228014,0.18578891,0.0059658345,0.1008354,0.041335266,0.22319444,0.1167685,0.6831634,0.012390159,0.10974117,0.058239978,0.22043507,0.13652706,null,null,null,null,"TWOGAUSSIANS",8,5.6445093,0.18578891,0.0056450693,0.4,0.0,0.19754773,0.02539901,0.6831634,0.012390159,0.4,0.0,0.19477665,0.08228009
375316653866487564,4038375165097951232,0.48729885,2297.0599145784695,2.918179563264267,1.4805546E-5,18.858849,0.026778637,0.13984829,0.0037662268,0.06862028,0.0070630037,0.36593056,0.036770076,0.6334915,0.008135968,0.07476099,0.008306951,0.33173642,0.042265378,null,null,null,null,"TWOGAUSSIANS",8,3.555162,0.13984829,0.0037662268,0.38427356,0.037315395,0.3645706,0.036208026,0.6334915,0.008135968,0.4,0.0060437503,0.33037648,0.041396704
375316653866487564,4038375439982359552,0.45420626,2346.3667251378315,3.1769563557936813,2.9306977E-5,19.139,0.027753575,0.21171603,0.012692043,0.07091924,0.015828755,0.14842376,0.034568407,0.67961293,0.032678943,0.13666812,0.0448987,0.104069956,0.024445226,null,null,null,null,"TWOGAUSSIANS",8,3.0439792,0.21191603,0.012566629,0.39714772,0.06765957,0.14057574,0.027198015,0.67961293,0.032678943,0.4,0.0,0.095871575,0.013199245
375316653866487564,4038375508695616000,0.490973,2345.7022856243284,0.08948194507545786,7.1743474E-5,19.34607,0.059564225,0.091143675,0.015278861,0.091841355,0.024326673,0.22475848,0.054890938,0.49573633,0.015858913,0.1203448,0.027551275,0.21851347,0.0618208,null,null,null,null,"TWOGAUSSIANS",8,1.7024448,0.09196368,0.015085886,0.4,0.0,0.21699727,0.036067482,0.49573633,0.015858913,0.4,0.0,0.20998856,0.039375678
375316653866487564,4038376466450012160,0.604405,2281.055236696668,0.5244195500317926,1.5910811E-5,14.686468,0.004280765,0.6715538,4.6899266E-4,0.02602832,9.551242E-4,0.31930053,0.016098466,null,null,null,null,null,null,0.019015802,0.0058190757,0.6715538,4.6899266E-4,"ONEGAUSSIAN_WITH_ELLIPSOIDAL",6,79.953316,0.6715538,4.6899266E-4,0.1457586,0.0053486954,0.3573321,0.01506397,null,null,null,null,null,null
375316653866487564,4038376741329978880,0.5990958,2284.9889269300834,3.442517259867503,2.075117E-5,17.722527,0.027952975,0.28061032,0.0050789635,0.038469173,0.026196936,0.17388953,3495.5686,0.7866908,0.005568165,0.055709545,0.016651314,0.2634036,0.050801113,0.11377315,0.03663249,0.28061032,0.0050789635,"TWOGAUSSIANS_WITH_ELLIPSOIDAL_ON_ECLIPSE1",9,12.019841,0.7866908,0.005568165,0.31197345,0.093247354,0.4906111,0.034471713,0.28061032,0.0050789635,0.21542737,0.14670284,0.40142903,3495.5789
375316653866487564,4038377329818450560,0.4123495,2247.1261759200393,0.21176309348347735,6.009691E-5,18.787306,0.01327703,null,null,null,null,null,null,null,null,null,null,null,null,0.11668941,0.017789163,0.18162885,0.010302489,"ELLIPSOIDAL",4,6.850884,null,null,null,null,null,null,null,null,null,null,null,null
375316653866487564,4038377428523029248,0.54192674,2248.7844597547814,1.2550824670691803,2.802252E-5,17.260859,0.0042157606,0.13378218,0.007917363,0.030618144,0.0052705454,0.16730705,0.088218324,null,null,null,null,null,null,0.03144143,0.006676203,0.13378218,0.007917363,"ONEGAUSSIAN_WITH_ELLIPSOIDAL",6,5.713909,0.13378218,0.007917363,0.17146161,0.029515054,0.23018989,0.08953544,null,null,null,null,null,null
375316653866487564,4038377535976900224,0.5657903,2246.323196270795,2.7739704811453048,8.882665E-6,18.41649,0.015953891,0.14157376,0.0028861493,0.069364615,0.0060450635,0.33843607,0.031770047,0.64790773,0.010722335,0.069738686,0.009157195,0.43619022,0.04488818,null,null,null,null,"TWOGAUSSIANS",8,4.0613,0.64790773,0.010722335,0.39053664,0.03738102,0.4351707,0.045341466,0.14157376,0.0028861493,0.38844183,0.029760724,0.33741653,0.03192325
375316653866487564,4038377776495111424,0.5252421,2264.78255364028,3.410460004645454,1.1175289E-5,15.280705,0.0020795586,0.67826736,0.0024190764,0.014279021,0.004996392,0.014386879,0.006435073,null,null,null,null,null,null,0.072635785,0.005346902,0.67826736,0.0024190764,"ONEGAUSSIAN_WITH_ELLIPSOIDAL",6,44.24258,0.67826736,0.0024190764,0.079962514,0.027979795,0.15965831,0.006306114,null,null,null,null,null,null
375316653866487564,4038377879518411136,0.49328867,2215.105426407664,0.6318337524431288,1.4273811E-5,18.344006,0.0063984566,0.24885827,2.049012E-5,0.008934245,4.94479E-4,2.5617185,0.77859366,0.7212341,0.022305205,0.05106591,0.01529577,0.10916469,0.028199835,null,null,null,null,"TWOGAUSSIANS",8,2.367879,0.24885827,2.049012E-5,0.050031774,0.0027690826,2.5617185,0.77859366,0.7212341,0.022305205,0.2859691,0.085656315,0.10916469,0.028199835
375316653866487564,4038378321875083392,0.52761346,2184.0653697567814,0.6217506821542605,9.164572E-5,18.199799,0.0043065255,0.77668226,0.0076036053,0.015461121,0.014104625,0.55529124,0.4793019,null,null,null,null,null,null,null,null,null,null,"ONEGAUSSIAN",5,1.1166066,0.77668226,0.0076036053,0.08658227,0.0789859,0.55529124,0.0,null,null,null,null,null,null
375316653866487564,4038378429274319744,0.56799215,2230.370290604516,3.172568774807737,1.7504457E-5,19.290497,0.017995713,0.24926054,0.009358012,0.076588556,0.013131391,0.51199925,0.04122923,0.76422477,0.007468902,0.07594543,0.011439539,0.45347106,0.0693474,null,null,null,null,"TWOGAUSSIANS",8,2.6212153,0.24926054,0.009358012,0.4,0.036608137,0.5087707,0.041986592,0.76422477,0.007468902,0.4,0.0035282844,0.4502425,0.07162299
375316653866487564,4038378459354195968,0.5513445,2244.7427338690304,2.3669269379657085,1.5753885E-5,18.97389,0.046280906,0.27560106,0.008900359,0.09302467,0.024664761,0.43203008,0.048977636,0.7928203,0.004812731,0.08841168,0.010896268,0.46688843,0.046374343,null,null,null,null,"TWOGAUSSIANS",8,2.9812999,0.7928203,0.004814144,0.4,0.0,0.4514698,0.035241228,0.27560106,0.008900359,0.4,0.0,0.41661096,0.073242985
375316653866487564,4038378463634248064,0.49916968,2249.683849232909,2.9737315508895645,2.0677571E-5,19.588531,0.038084462,0.23631644,0.015627539,0.08118291,0.019955017,0.5399874,0.13152552,0.7184769,0.008361426,0.06842218,0.0120606525,0.43483153,0.04042773,null,null,null,null,"TWOGAUSSIANS",8,4.9604344,0.23631644,0.015627539,0.4,0.004723491,0.5375488,0.1351455,0.7184769,0.008361426,0.38316423,0.067421846,0.43239293,0.038645133
375316653866487564,4038378463634404736,0.48688158,2239.037826702588,0.07742166309365284,1.8224335E-5,18.60832,0.105097905,0.19348966,0.0070943558,0.09003133,0.027811201,0.1975052,0.09178328,0.70408976,0.042853583,0.15140232,0.07563631,0.25135756,0.10785132,null,null,null,null,"TWOGAUSSIANS",8,1.9483672,0.70408976,0.042855088,0.4,0.0,0.20395254,0.032414827,0.19306965,0.00672499,0.4,0.0,0.15230766,0.016676683
375316653866487564,4038378837277101440,0.5624215,2291.406095887399,0.35833576513353976,6.9698426E-6,16.992666,0.004307887,0.16485354,1.5154823E-4,0.00863151,2.0812554E-4,1.258054,0.076848425,0.7214966,0.019414851,0.027455406,0.032803927,0.0434852,3.9055645E28,0.022805752,0.0039522974,0.7214966,0.019414851,"TWOGAUSSIANS_WITH_ELLIPSOIDAL_ON_ECLIPSE2",9,14.518419,0.16486354,1.5154823E-4,0.048336454,0.001165503,1.2981291,0.07855519,0.7214966,0.019414851,0.15375027,0.18370198,0.0890967,3.9055645E28
375316653866487564,4038378944671331200,0.50006926,2329.403021789725,1.1910291348284106,3.8864433E-5,18.827438,0.36094815,0.29958925,0.030446915,0.19075711,0.07675898,0.8233819,0.36134934,0.7709461,0.007203282,0.069008954,0.0112072565,0.66977125,0.16828413,null,null,null,null,"TWOGAUSSIANS",8,1.9532323,0.29958925,0.030446915,0.4,0.0,0.6480284,0.08006827,0.7709461,0.007203282,0.38645014,0.061543755,0.5509957,0.083832934
375316653866487564,4038379288268399616,0.5236907,2297.5467252329613,2.3671565754667427,1.0683974E-5,17.486689,0.02800392,0.26616117,0.033874664,0.09335395,0.033546466,0.21195783,0.06499711,0.77259004,0.0032476054,0.11013146,0.020631801,0.18103701,0.020095157,null,null,null,null,"TWOGAUSSIANS",8,3.2254255,0.26615116,0.0338704,0.4,0.041095834,0.19448563,0.06961756,0.77259004,0.0032476054,0.4,0.0,0.16355257,0.010395058
375316653866487564,4038379597506949120,0.46823567,2283.274901528758,0.6212117810294115,8.3579296E-5,19.187675,0.018154321,0.22321889,0.030199219,0.060548298,0.044593383,0.13873029,0.017182095,0.7326949,0.01758895,0.071467154,0.023453735,0.22920527,0.16171357,null,null,null,null,"TWOGAUSSIANS",8,3.6101854,0.7326949,0.01758895,0.4,0.111522146,0.22899376,0.16190979,0.22321889,0.030199219,0.33907047,0.12017254,0.13851878,0.017871391
375316653866487564,4038379769305668736,0.42152014,2294.9775102887493,0.1558648186246496,3.651944E-5,19.21528,0.040074963,0.14500128,0.034605466,0.08704318,0.042468462,0.14310367,0.05377208,0.6272162,0.019055475,0.09552055,0.031358346,0.1686344,0.041004624,null,null,null,null,"TWOGAUSSIANS",8,4.7201834,0.6272162,0.019055475,0.4,0.0,0.16305242,0.034630604,0.14500128,0.034605384,0.4,0.09316297,0.1375222,0.053128347
375316653866487564,4038380417859108352,0.41873214,2241.8313986556955,0.17366999205356387,4.3630702E-5,19.075115,0.19718935,0.29682297,0.012730444,0.11600818,0.07826696,0.48340452,0.17825702,0.7319369,0.013182594,0.107739665,0.021415874,1.029898,0.25137234,null,null,null,null,"TWOGAUSSIANS",8,3.2925775,0.7319369,0.013182594,0.4,0.0,0.9738018,0.27027664,0.29713297,0.012861259,0.4,0.0,0.42717746,0.05486649
375316653866487564,4038380628300050560,0.5250648,2318.4375375491486,0.3682100216932725,1.4637746E-5,19.803696,0.0149203045,0.31412438,0.007498845,0.061091844,0.019336585,0.3223854,0.04950741,0.76585066,0.039277565,0.082829766,0.02361801,0.29245183,0.063739054,null,null,null,null,"TWOGAUSSIANS",8,0.87173146,0.31412438,0.007498845,0.34211433,0.07389819,0.32196075,0.050932713,0.76585066,0.039277565,0.4,0.058879204,0.29202706,0.06340242
375316653866487564,4038380662662521472,0.5296491,2263.418888634796,3.488427283259478,2.5817664E-5,18.862324,0.029607667,0.23126327,0.00656113,0.10851028,0.026055625,0.24416104,0.091273025,0.68573713,0.006083431,0.08279683,0.017230932,0.1756828,0.025374312,null,null,null,null,"TWOGAUSSIANS",8,1.0778481,0.23126327,0.00656113,0.4,0.0,0.23696396,0.09652305,0.68573713,0.006083431,0.4,0.0,0.16852435,0.016634945
375316653866487564,4038380795808607104,0.52410686,2271.024297321741,0.3073058136558686,8.8223154E-5,15.646508,0.0034099584,0.2714037,1.1245638E-5,0.005422417,2.1762257E-4,0.6130119,0.04172706,0.7640913,0.047391467,0.0583252,0.016158141,0.15953766,0.10460372,null,null,null,null,"TWOGAUSSIANS",8,47.808502,0.2714037,1.1245638E-5,0.030365534,0.0012186865,0.6130119,0.041727055,0.7640913,0.047391467,0.32662112,0.07412804,0.15953766,0.10460372
375316653866487564,4038380971895710720,0.5081656,2315.2498893268526,2.0003538532737775,4.564493E-5,19.28856,0.0053057224,0.1572906,0.029044902,0.032466006,0.022753216,0.113132484,0.6573398,0.36087367,0.002385477,0.007463894,0.0015936261,0.22103111,0.040794883,null,null,null,null,"TWOGAUSSIANS",8,1.3939127,0.36087367,0.002385477,0.041797806,0.008924306,0.22103111,0.040794883,0.1572906,0.029044902,0.18180963,0.12741801,0.113132484,0.6573398
375316653866487564,4038381143694844672,0.4765359,2204.8687253315297,0.6573604753149178,7.1623406E-5,19.566298,0.059976846,0.29624063,0.05266191,0.12118975,0.07845437,0.30015177,0.053833827,0.7244724,0.013513148,0.07540777,0.024734491,0.32630062,0.074698545,null,null,null,null,"TWOGAUSSIANS",8,5.678529,0.7244724,0.013513148,0.4,0.09663555,0.31814656,0.0864866,0.29624063,0.05266191,0.4,0.0,0.29140985,0.05036672
375316653866487564,4038381414259268864,0.51514983,2271.437010267889,0.8324589029763214,8.383208E-6,16.509356,0.0042395843,0.28067088,0.009405679,0.06767825,0.008172384,0.16036013,0.04679003,0.7785248,0.003020913,0.08422784,0.0062645804,0.055283774,0.004624392,null,null,null,null,"TWOGAUSSIANS",8,1.7906535,0.28067088,0.009405679,0.3789982,0.045765355,0.15962644,0.047108907,0.7785248,0.003020913,0.4,0.0,0.054550085,0.0042690854
375316653866487564,4038381934023662464,0.5313357,2245.569088301485,2.1893993618822996,3.5779901E-6,18.948156,0.008745946,0.26887715,2.2149841E-5,0.0018359638,5.2734133E-5,1.3959912,0.046084967,0.5433711,1.504409E-4,0.008232923,0.0013136541,0.69237655,0.47338656,null,null,null,null,"TWOGAUSSIANS",8,4.3238034,0.26887715,2.2149841E-5,0.010281397,2.9531115E-4,1.3959912,0.046084967,0.5433711,1.504409E-4,0.046104368,0.0073564635,0.69237655,0.47338656
375316653866487564,4038382101486440448,0.45180425,2196.812958766768,0.6600993408669862,3.4747794E-5,19.659832,0.21281855,0.31840825,0.043916766,0.08448705,0.15145987,0.267986,0.12262949,0.7954004,0.017786339,0.061319467,0.03318851,0.2397249,0.12645274,null,null,null,null,"TWOGAUSSIANS",8,2.9751728,0.31840825,0.043916766,0.4,0.0,0.2671746,0.0792424,0.7954004,0.017295754,0.343389,0.12999266,0.23891354,0.06349174
375316653866487564,4038382483726322432,0.4490829,2254.200515400711,0.36441670678346777,2.1388596E-5,17.865337,0.020227453,0.31275946,0.014571353,0.16522184,0.02713708,0.20972045,0.023400145,0.95688736,0.014086759,0.02261496,0.009101574,0.09350908,0.032828312,null,null,null,null,"TWOGAUSSIANS",8,7.4207063,0.31275946,0.014571353,0.4,0.0,0.20541503,0.023251325,0.9583674,0.013625011,0.12664378,0.05096882,0.11012298,0.033963185
375316653866487564,4038382518085301248,0.47411412,2229.6425882633175,0.18384638563184436,3.7767928E-5,17.66413,0.017194025,0.2865335,0.0021017252,0.048506256,0.0078660445,0.83959174,0.35955885,0.69772923,0.01665178,0.107180946,0.019757891,0.13693236,0.03184204,null,null,null,null,"TWOGAUSSIANS",8,3.686038,0.2865435,0.0020905547,0.27163503,0.044049848,0.8393453,0.359947,0.69772923,0.01665178,0.4,0.0,0.13659869,0.03156789
375316653866487564,4038382651210057984,0.47104505,2189.9583521887876,0.709308397545653,4.4466477E-5,18.85943,0.0782775,0.36095947,0.011748943,0.1314626,0.037161577,0.3030736,0.06770965,0.8090992,0.026079595,0.13082299,0.043339733,0.23331492,0.07429359,null,null,null,null,"TWOGAUSSIANS",8,1.7100843,0.36190948,0.011797242,0.4,0.0,0.24575622,0.033081457,0.8090992,0.026079595,0.4,0.0,0.17625082,0.017527828
375316653866487564,4038382754284612352,0.5089768,2232.3818806017603,1.4445077894139842,9.199991E-5,16.473137,0.004264575,0.91094196,0.04459106,0.050857507,0.027875848,0.015698032,0.007266863,0.6274313,0.0077411537,0.046346385,0.009240314,0.3081503,0.30986187,null,null,null,null,"TWOGAUSSIANS",8,9.8178425,0.6274313,0.0077411537,0.25953975,0.051745757,0.3081503,0.30986187,0.91094196,0.04459106,0.28480205,0.15610476,0.015698036,0.007267004
375316653866487564,4038383102196906368,0.5349265,2281.0777179898064,2.741004628427145,7.4453725E-5,14.707354,0.0024870958,0.6652062,0.11903622,0.065227516,0.06659794,0.12429635,0.105130486,0.78365296,0.056659658,0.03727078,0.025248451,0.21193717,0.29194874,null,null,null,null,"TWOGAUSSIANS",8,35.72581,0.78365296,0.056659658,0.20871636,0.14139134,0.23583815,0.2719283,0.6716262,0.16555402,0.36527407,0.37048405,0.12600984,0.15961252
375316653866487564,4038383235344419200,0.4995295,2272.4323204443863,3.3263506825933717,3.9388455E-5,19.269918,0.06679262,0.25814265,0.018636966,0.09728877,0.026269628,0.41584653,0.07467458,0.76034796,0.010087034,0.083439656,0.018612072,0.5483898,0.07662299,null,null,null,null,"TWOGAUSSIANS",8,10.825601,0.76034796,0.010087034,0.4,0.0,0.5286239,0.06636776,0.25814265,0.018636966,0.4,0.0,0.39607912,0.053780578
375316653866487564,4038383377075307648,0.52107173,2296.099265732056,2.8704904494136065,2.1077649E-5,19.396053,0.059222,0.18158185,0.012718811,0.11128799,0.024606818,0.38415936,0.057192095,0.6839147,0.008241179,0.0967763,0.02086688,0.32944697,0.059755523,null,null,null,null,"TWOGAUSSIANS",8,1.7323234,0.18158185,0.012718811,0.4,0.0,0.34546003,0.029398471,0.6839147,0.008253257,0.4,0.0,0.29077852,0.047537394
375316653866487564,4038383578922807808,0.5540413,2243.333556752722,1.4035252715112927,2.419738E-5,17.259357,0.02701767,0.33065566,0.009677359,0.103800096,0.017499626,0.17474708,0.025691021,0.8356011,0.008401162,0.09928826,0.03520174,0.10069475,0.018283552,null,null,null,null,"TWOGAUSSIANS",8,5.424854,0.33065566,0.009676982,0.4,0.0,0.16269048,0.00760261,0.8356011,0.008408856,0.4,0.0,0.08864079,0.017097818
375316653866487564,4038383892471470080,0.43827507,2260.5885346987643,4.232214184922796,1.6086702E-5,19.206648,0.012284026,0.29110715,0.013675017,0.06446077,0.00958325,0.15129119,0.02041312,0.5762363,0.01492223,0.0706443,0.012372346,0.15797542,0.037704717,null,null,null,null,"TWOGAUSSIANS",8,3.6016698,0.5762363,0.01492223,0.39560807,0.047574382,0.1579837,0.037707414,0.29117712,0.013675681,0.36098033,0.0536662,0.15133686,0.020426562
375316653866487564,4038384820185598464,0.4786518,2273.705110487613,0.39492504574233495,3.0322068E-5,19.07283,0.00525736,0.2121949,0.011196038,0.052111223,0.011343105,0.08765554,0.012991693,0.64889556,0.014397335,0.06521581,0.008532616,0.13180108,0.022162514,null,null,null,null,"TWOGAUSSIANS",8,1.0912516,0.64889556,0.014397335,0.36520854,0.04778265,0.13179892,0.022161985,0.2121949,0.011196038,0.29182285,0.063521385,0.087653376,0.012990765
375316653866487564,4038384888961993600,0.5343044,2256.39253748076,0.11823983243040724,5.5303193E-5,15.467358,0.012077584,0.2945428,0.0069665737,0.10872688,0.006957734,0.22036481,0.017771572,0.8923459,0.019727949,0.14848433,0.030109989,0.061433725,0.011653237,null,null,null,null,"TWOGAUSSIANS",8,33.286503,0.29299277,0.0059097162,0.4,0.0,0.20887606,0.016192164,0.89551586,0.019863196,0.4,0.0,0.048585325,0.007172958
375316653866487564,4038385473019268480,0.5014555,2255.3794160559605,2.853888749777611,7.3639007E-6,19.067623,0.02702281,0.34266225,0.009713821,0.033432394,0.035289813,0.17274839,31.662731,0.80973667,0.014322864,0.03317926,0.0073461295,0.37421104,0.17102002,0.16926669,0.051132087,0.34266225,0.009713821,"TWOGAUSSIANS_WITH_ELLIPSOIDAL_ON_ECLIPSE1",9,9.929286,0.8120867,0.012166687,0.18580388,0.041138325,0.69946563,0.1695076,0.34266225,0.009713821,0.18722141,0.19762295,0.5112817,31.6922
375316653866487564,4038385610458993408,0.54862946,2173.073488823556,2.178267230957096,3.1199597E-6,18.940222,0.014486574,0.34967995,0.0057976265,0.023195721,0.009208775,0.20482314,0.07639116,0.8399159,8.540052E-6,0.0015159462,9.443323E-5,0.7785103,0.02698031,0.2303275,0.039354645,0.34967995,0.0057976265,"TWOGAUSSIANS_WITH_ELLIPSOIDAL_ON_ECLIPSE1",9,26.228521,0.8399159,8.540052E-6,0.008489299,5.288261E-4,1.2374336,0.05570037,0.34967995,0.0057976265,0.12989604,0.05156914,0.66547805,0.059729997
375316653866487564,4038385709254341504,0.47048604,2269.6376927948304,0.9946087302602773,7.3024625E-5,19.539968,0.04657743,0.17690578,0.039103772,0.027925996,0.019419009,0.3185219,8.74349,0.59012884,0.018083325,0.20634197,0.05719396,0.18577398,0.04020066,null,null,null,null,"TWOGAUSSIANS",8,1.8464876,0.17739579,0.03950025,0.15638557,0.108746454,0.3264699,8.743639,0.59012884,0.018083325,0.4,0.0,0.16540787,0.02190421
375316653866487564,4038385747897990272,0.45408845,2201.228191751242,1.3197230739297858,6.506894E-5,18.967237,0.07368406,0.31643912,0.06447134,0.17294483,0.1804043,0.15243545,0.057768404,0.7416152,0.050696783,0.07264093,0.024153147,0.08473808,0.045960486,null,null,null,null,"TWOGAUSSIANS",8,2.3335996,0.31643912,0.06447134,0.4,0.03319952,0.13691776,0.033692345,0.7416152,0.050696783,0.4,0.042663913,0.077253066,0.02927407
375316653866487564,4038386022833266560,0.54016006,2208.6115554188477,1.9959579869937996,9.786772E-6,17.860764,0.008923506,0.24592602,0.0055609643,0.08829204,0.0072703245,0.320847,0.018517828,0.74656475,0.002427149,0.090369016,0.004367524,0.28514957,0.010626182,null,null,null,null,"TWOGAUSSIANS",8,3.1208792,0.24592602,0.0055609643,0.4,0.0,0.30892953,0.020083632,0.74656475,0.002427149,0.4,0.0,0.27323204,0.009469586
375316653866487564,4038386194574573312,0.50409395,2189.791901449518,2.790028992711444,1.6803011E-5,18.83389,0.054099742,0.37825775,0.015798444,0.032992844,0.016815497,0.39839453,0.16591881,0.8088655,0.025847143,0.05969304,0.070282325,0.24936107,0.079830974,0.19192062,0.073045276,0.8088655,0.025847143,"TWOGAUSSIANS_WITH_ELLIPSOIDAL_ON_ECLIPSE2",9,20.37904,0.37342775,0.014868171,0.18475993,0.094166785,0.71817636,0.18060246,0.8088655,0.025847143,0.334281,0.28643152,0.6331636,0.13945992
375316653866487564,4038386400804488832,0.45185834,2209.2756989243167,0.823050371513725,1.5971815E-5,19.386557,0.8334721,0.11410921,0.030435616,0.1234421,0.041391015,0.47678104,0.39166158,0.6590512,0.043075915,0.16263285,0.1415564,0.6428401,0.81437546,null,null,null,null,"TWOGAUSSIANS",8,4.964184,0.65968114,0.042839337,0.4,0.0,0.46089822,0.07080398,0.107709214,0.011383988,0.4,0.0,0.30999118,0.044238318
375316653866487564,4038386641308722304,0.49493262,2188.546377319107,4.248318064294649,4.925037E-5,18.29723,0.047548536,0.14957534,0.012005076,0.06458867,0.022095246,0.12098571,0.053503294,0.57547027,0.01727628,0.09465276,0.05286397,0.30328697,0.09870677,null,null,null,null,"TWOGAUSSIANS",8,5.736855,0.57547027,0.01727628,0.4,0.0,0.30267107,0.11281838,0.14959534,0.0115060685,0.36169657,0.09681767,0.120382,0.04649527
375316653866487564,4038386778691042048,0.56022537,2215.473490469415,1.1239359160682276,2.2907936E-5,17.783455,0.019861355,0.31326345,0.00665246,0.088594906,0.008118169,0.26466516,0.021988386,0.78648055,0.0061473805,0.07996806,0.008135837,0.514542,0.02041556,null,null,null,null,"TWOGAUSSIANS",8,12.177233,0.78648055,0.0061473805,0.4,0.0,0.5091002,0.017725466,0.31326345,0.00665246,0.4,0.0,0.25922322,0.019478584
375316653866487564,4038387014888971008,0.4682191,2207.6879444057636,1.6270015881517568,4.1845902E-5,17.712288,0.106077366,0.25771427,0.013044558,0.115580186,0.034320958,0.25778452,0.10104333,0.7274455,0.01706028,0.09940897,0.0333687,0.33920574,0.04195124,null,null,null,null,"TWOGAUSSIANS",8,25.7376,0.7274455,0.01706028,0.4,0.0,0.31153017,0.076225646,0.25772426,0.013058279,0.4,0.0,0.23004027,0.021435047
375316653866487564,4038387122288187392,0.5200007,2174.5470878534907,2.0225246272835453,2.829348E-5,18.608414,0.025171082,0.24424091,0.00787162,0.08601655,0.01572807,0.42833465,0.031941455,0.7418613,0.09973735,0.077056505,0.043757368,0.5183155,0.57791704,null,null,null,null,"TWOGAUSSIANS",8,9.749923,0.7418613,0.09973735,0.4,0.18351708,0.51018995,0.5800977,0.24424091,0.00787162,0.4,0.0,0.4202091,0.036158524
375316653866487564,4038387152327933056,0.5414861,2222.2775396983184,0.08475362326628452,1.8520892E-4,18.356323,0.009270272,0.27516025,0.0023331875,0.029953437,0.0012918127,1.2611538,0.20593336,0.523392,0.037223566,0.082359105,0.04484072,0.060487166,0.011861185,null,null,null,null,"TWOGAUSSIANS",8,5.9092364,0.27518025,0.0022926626,0.16773924,0.0072341515,1.2617981,0.20919748,0.523392,0.037223566,0.4,0.0,0.060487162,0.011860751
375316653866487564,4038387156648044288,0.41018873,2219.728409140862,0.4071345385392711,5.625998E-5,19.303059,0.22416572,0.22229919,0.004118512,0.061716873,0.020035146,0.41597387,0.21867439,0.58248866,0.06709966,0.07065544,0.057501446,0.664887,0.48659536,null,null,null,null,"TWOGAUSSIANS",8,4.8925424,0.58248866,0.06709966,0.39567047,0.067480944,0.664878,0.4535364,0.22229919,0.003942539,0.3456145,0.07625923,0.41596636,0.18814442
375316653866487564,4038388531039450112,0.5391256,2205.439446189072,2.329863081353022,1.6871361E-5,18.94455,0.052580863,0.306905,0.0064820237,0.08796384,0.016403135,0.39801088,0.048138104,0.79922694,0.006131507,0.10495921,0.018095186,0.3364409,0.0494074,null,null,null,null,"TWOGAUSSIANS",8,2.7022269,0.306905,0.006487668,0.4,0.0,0.37538588,0.029595792,0.79922694,0.006131507,0.4,0.0,0.31380755,0.024992835
375316653866487564,4038388565399184896,0.5328531,2237.467732831299,2.5992196820265163,2.0583111E-5,19.234043,0.016460653,0.2572657,0.0026160942,0.072523735,0.0043516164,0.44816458,0.022957228,0.7447158,0.022758173,0.08624523,0.013465325,0.42695117,0.058660895,null,null,null,null,"TWOGAUSSIANS",8,3.5558362,0.2572657,0.0026160942,0.4,0.0012733651,0.44342142,0.021207662,0.7447158,0.022758173,0.4,0.0,0.42220795,0.05649508
375316653866487564,4038388599758892672,0.6070599,2202.1581369790797,0.6938056538167088,1.4057414E-5,17.00796,0.011139186,0.29943025,0.00734941,0.02711539,0.0033798947,0.6475514,0.049525455,0.75461406,0.002800156,0.020379025,0.0032200501,0.3606398,0.015231412,0.016221179,0.012858626,0.29943025,0.00734941,"TWOGAUSSIANS_WITH_ELLIPSOIDAL_ON_ECLIPSE1",9,27.123549,0.29943025,0.00734941,0.15184619,0.01892741,0.67999375,0.048920322,0.75474405,0.0028171896,0.11412254,0.01803228,0.3905838,0.012614599
375316653866487564,4038388698551325824,0.5308547,2147.494590160791,0.23856836369819923,8.1363796E-5,18.587645,0.007997859,0.2963209,0.048405625,0.089073,0.035536345,0.2141095,0.042912494,0.7431484,0.016301895,0.04163916,0.015978726,0.43433407,0.1507701,null,null,null,null,"TWOGAUSSIANS",8,5.590129,0.7431484,0.016301895,0.2331793,0.08948086,0.43427092,0.15115307,0.2963209,0.048405625,0.4,0.09779569,0.2140456,0.04285099
375316653866487564,4038388874637525760,0.52075636,2240.052003286599,3.526806191635778,1.761959E-5,14.355474,0.4292475,0.24861644,0.00545779,0.10560223,0.016679449,0.38647923,0.1680235,0.7574454,0.007445321,0.1926774,0.13616101,0.29006097,0.42258394,null,null,null,null,"TWOGAUSSIANS",8,200.35551,0.24774644,0.005312685,0.4,0.0,0.26850334,0.02066969,0.75746536,0.0074605662,0.4,0.0,0.1519556,0.017397057
375316653866487564,4038389110857745152,0.45895645,2179.707502829766,0.12411083387551836,4.266619E-5,17.950354,0.053725794,0.09084371,0.026268765,0.061137598,0.045579072,0.13077822,1.7161819,0.52125067,0.012039617,0.16030252,0.05062455,0.16841571,0.049238876,null,null,null,null,"TWOGAUSSIANS",8,5.6301303,0.52125067,0.012039617,0.4,0.0,0.15799947,0.03117334,0.09292371,0.025809092,0.34237054,0.2552428,0.12532087,1.721911
375316653866487564,4038389286955462912,0.51679355,2264.1544476121007,2.8964167909246115,5.4917196E-5,19.8294,0.019287253,0.16842058,0.049373765,0.04420217,0.02957569,0.3399459,0.13764039,0.7115039,0.012874277,0.10330816,0.017164098,0.2137669,0.053701345,null,null,null,null,"TWOGAUSSIANS",8,1.383602,0.16842058,0.049373765,0.24753216,0.15922382,0.33944973,0.12600487,0.7115039,0.012874277,0.4,0.0,0.21325843,0.052321717
375316653866487564,4038389733685261568,0.58323765,2214.8794995635235,3.7437684672969573,3.251766E-5,18.615847,0.007832775,0.49283162,0.012272975,0.07047782,0.0066772606,0.66592264,0.05399939,0.90383166,0.0039163083,0.012071385,0.009307987,0.19907884,5365.9575,null,null,null,null,"TWOGAUSSIANS",8,5.912311,0.49283162,0.012272975,0.39467582,0.013589181,0.66592264,0.05399939,0.90383166,0.0039163083,0.06759975,0.05212473,0.19907887,5365.9575
375316653866487564,4038390111642620416,0.54721934,2237.166677131966,1.9826496549052885,3.789336E-5,17.814304,0.00558318,0.17420004,0.0134008825,0.090505086,0.014408801,0.1002578,0.01145942,0.6910715,0.004023587,0.07266738,0.0045364117,0.32233799,0.026279144,null,null,null,null,"TWOGAUSSIANS",8,4.4304996,0.6910715,0.004023587,0.4,0.0,0.3201736,0.026755745,0.17420004,0.0134008825,0.4,0.0,0.09809332,0.011604224
375316653866487564,4038390244704661120,0.5718054,2242.0335032720013,0.9042825783985853,6.652232E-5,16.828512,0.0076977904,0.701227,0.03510798,0.052910555,0.016931951,1.3666837,0.42492715,null,null,null,null,null,null,0.009539185,0.01149409,0.701227,0.03510798,"ONEGAUSSIAN_WITH_ELLIPSOIDAL",6,87.583885,0.701227,0.03510798,0.2962991,0.09481893,1.3857435,0.4198257,null,null,null,null,null,null
375316653866487564,4038390249025292672,0.49341542,2177.843684607186,2.9882591601602404,4.1972813E-5,18.527391,0.49892965,0.2612292,0.010448598,0.15992013,0.10663765,0.42191052,0.48927963,0.75599605,0.013478756,0.14209644,0.06374797,0.4068673,0.4170545,null,null,null,null,"TWOGAUSSIANS",8,8.382338,0.26154917,0.010605819,0.4,0.0,0.21931499,0.017378863,0.75599605,0.013478756,0.4,0.0,0.20898266,0.018950969
375316653866487564,4038390794460480128,0.5218767,2220.6911190760534,2.4788553096317805,1.652417E-5,16.284517,0.018403633,0.28835472,0.011047259,0.07698423,0.01553769,0.2138833,0.022004342,0.79935485,0.0039726812,0.1094561,0.0134845255,0.17330457,0.015260867,null,null,null,null,"TWOGAUSSIANS",8,22.080343,0.28834474,0.0110519575,0.4,0.0,0.20524028,0.023978518,0.79935485,0.0039726812,0.4,0.0,0.16465032,0.008110767
375316653866487564,4038390970581482240,0.5403563,2224.403273004499,3.0033362020698187,1.8463303E-5,19.061522,0.010910598,0.21820584,0.002841584,0.072644696,0.0030946115,0.53213423,0.030544844,0.71509147,0.0048103477,0.07897847,0.004382829,0.5673747,0.027532257,null,null,null,null,"TWOGAUSSIANS",8,3.3870895,0.71509147,0.0048103477,0.4,0.0,0.5629048,0.02742465,0.21820584,0.002841584,0.4,0.0025877487,0.52766424,0.030620404
375316653866487564,4038391073661082752,0.5303504,2180.614510857441,0.6236264064999885,5.542146E-5,18.666998,0.004835049,0.2912941,0.036777478,0.050548926,0.027183112,0.08754548,0.037570648,0.44011483,0.046164934,0.09565687,0.028946443,0.08811478,0.015423809,null,null,null,null,"TWOGAUSSIANS",8,1.5321875,0.30601412,0.025574517,0.283074,0.15222542,0.11689383,0.018821908,0.44011483,0.046164934,0.4,0.0059762043,0.08926292,0.014855921
375316653866487564,4038391108075001856,0.47544408,2177.367345203977,0.5865011775913145,6.900472E-5,19.131195,0.04642379,0.31033674,0.016489923,0.14922762,0.04322302,0.18253937,0.041260965,0.80881166,0.0026031903,0.049301762,0.013427575,0.7798703,0.62628835,null,null,null,null,"TWOGAUSSIANS",8,2.414124,0.80881166,0.0026031903,0.27608988,0.07519442,0.7639675,0.6452189,0.31033674,0.016489923,0.4,0.0,0.16530363,0.018539809
375316653866487564,4038391417258212224,0.510468,2229.912907565711,4.245400654123003,7.136428E-5,16.65443,0.006124629,0.15610155,0.011988108,0.04003621,0.012978267,0.98235065,0.82538563,0.90818375,0.0052007646,0.020190781,0.0054346193,0.11609438,0.09349157,0.01083884,0.009113136,0.15610155,0.011988108,"TWOGAUSSIANS_WITH_ELLIPSOIDAL_ON_ECLIPSE1",9,55.215652,0.15610155,0.011988108,0.22420277,0.0726783,1.0040282,0.8266898,0.90819377,0.0051960177,0.11306838,0.030433867,0.11609803,0.09351973
375316653866487564,4038391481655309568,0.6091103,2237.4599873725615,1.7236005737319473,6.7010005E-6,16.904194,0.009781267,0.19377618,0.0011870418,0.09839482,0.0041577574,0.24246377,0.008793164,0.6974745,0.0037072112,0.10799375,0.006950871,0.2027856,0.010440747,null,null,null,null,"TWOGAUSSIANS",8,2.2870913,0.19377618,0.001186715,0.4,0.0,0.22006342,0.0043365634,0.6974745,0.0037072112,0.4,0.0,0.18037736,0.008892956
375316653866487564,4038391657830819456,0.46802074,2201.657589460959,2.7452172919385003,2.0237756E-5,19.405058,0.03423554,0.31782568,0.010807628,0.07791501,0.018053856,0.19622637,0.039168462,0.8148957,0.010447603,0.09889455,0.03675308,0.17656308,0.016756933,null,null,null,null,"TWOGAUSSIANS",8,1.8280547,0.31782568,0.010801869,0.4,0.025475137,0.18981166,0.028514886,0.8148957,0.010447603,0.4,0.0,0.17014737,0.023673337
375316653866487564,4038391760910002176,0.44156486,2105.387346643625,0.22438186328925158,4.3016425E-5,19.241451,0.47781312,0.27866873,0.030707413,0.1116102,0.040517848,0.39623436,0.2499772,0.769494,0.005966924,0.2568021,0.15714483,0.5501588,0.45717162,null,null,null,null,"TWOGAUSSIANS",8,2.7869954,0.28125873,0.029752452,0.4,0.0,0.20206605,0.02609823,0.769494,0.005966924,0.4,0.0,0.19088773,0.03764884
375316653866487564,4038392963453886848,0.4315946,2251.754227156852,0.6476430649337926,4.34652E-5,18.334978,0.07459182,0.41599402,0.01778535,0.17767794,0.094117366,0.1083986,0.07171097,0.8503862,0.025335405,0.09138157,0.01782569,0.067793585,0.020699333,null,null,null,null,"TWOGAUSSIANS",8,2.3989975,0.416004,0.017825248,0.4,0.0,0.08898398,0.00860689,0.8503862,0.025335405,0.4,0.0,0.05452004,0.008276835
375316653866487564,4038393307051824256,0.566994,2233.533199952395,4.092215083733171,8.311019E-6,18.706015,0.008322859,0.28206098,0.0031793206,0.063086174,0.0035446933,0.75135803,0.029172266,0.785381,0.00687711,0.06839036,0.009977475,0.36807236,0.02104918,null,null,null,null,"TWOGAUSSIANS",8,6.0213275,0.28206098,0.0031793206,0.35328257,0.019850284,0.7506811,0.029246403,0.785381,0.00687711,0.38298604,0.027062371,0.36739543,0.02144223
375316653866487564,4038393410130905600,0.4457642,2283.31249854026,0.02804199550442489,1.0357564E-4,19.727705,0.022704232,0.2874047,0.011944672,0.044518057,0.012908583,0.27970752,0.089584395,0.78729403,0.014813583,0.07724031,0.026884051,0.17098215,0.10165476,null,null,null,null,"TWOGAUSSIANS",8,3.953276,0.2874047,0.011944672,0.2493011,0.07228806,0.2796225,0.089696154,0.78729403,0.014813583,0.4,0.062309235,0.17089716,0.10172304
375316653866487564,4038393680683443968,0.51506436,2279.606658570554,1.9150801307613785,1.8486131E-5,13.236785,0.006177915,0.26825333,0.0054159425,0.096860155,0.008644969,0.1077445,0.0060569295,0.7740222,0.0026865057,0.09466862,0.0058501097,0.10539637,0.006011208,null,null,null,null,"TWOGAUSSIANS",8,39.668293,0.26825333,0.0054159425,0.4,0.0,0.10122127,0.0036247508,0.7740222,0.0026865057,0.4,0.0,0.09887331,0.0032591166
375316653866487564,4038393818122548864,0.54849756,2301.431428342239,1.669904971355249,1.4248483E-5,17.33045,0.024944145,0.17116773,0.0045683524,0.08594793,0.014966008,0.13680907,0.023932014,0.66651684,0.00814376,0.090652995,0.021912696,0.14126275,0.02169819,null,null,null,null,"TWOGAUSSIANS",8,3.5763474,0.66651684,0.00814376,0.4,0.0,0.13657492,0.0131378155,0.17116773,0.0045683524,0.4,0.0,0.1321213,0.013286416
375316653866487564,4038394234820773504,0.4323684,2288.415931665256,0.23812787016380796,1.8970293E-5,18.94161,0.017724099,null,null,null,null,null,null,null,null,null,null,null,null,0.21683407,0.029232932,0.28630042,0.01011756,"ELLIPSOIDAL",4,8.394202,null,null,null,null,null,null,null,null,null,null,null,null
375316653866487564,4038394264799143936,0.64208376,2290.3269576104367,1.7128903735945071,5.9936056E-6,17.03817,0.0045309956,0.28505027,0.002361859,0.037290502,0.0019939123,0.35297492,0.014213798,0.7980525,0.007197105,0.030502236,0.016689343,0.20300336,181.68509,0.039277446,0.006150601,0.7980525,0.007197105,"TWOGAUSSIANS_WITH_ELLIPSOIDAL_ON_ECLIPSE2",9,6.1956315,0.28536025,0.0022720133,0.20882683,0.011165909,0.43101907,0.011148634,0.7980525,0.007197105,0.17081252,0.09346032,0.28155825,181.68681
375316653866487564,4038394269123623680,0.5529256,2257.173224806196,1.4992953619565674,1.6524393E-5,18.170963,0.0069827433,0.2791757,5.061892E-4,0.042595014,9.705183E-4,0.47799492,0.011936863,0.77621657,0.0037767086,0.044616517,0.01054388,0.1013969,0.04547851,null,null,null,null,"TWOGAUSSIANS",8,5.9200807,0.2791757,5.061892E-4,0.23853207,0.0054349024,0.47799492,0.011936833,0.77621657,0.0037767086,0.24985248,0.05904573,0.10139687,0.045478586
375316653866487564,4038394406614650880,0.50843734,2221.1762790228067,0.9253699997612816,1.7770344E-5,18.943554,0.0043026838,0.002956408,9.4156526E-4,0.0053208326,0.004238397,0.029024024,593.073,0.71941376,0.010979582,0.015091883,0.003062497,0.79536915,0.55942017,null,null,null,null,"TWOGAUSSIANS",8,1.7345955,0.71941376,0.010979582,0.08451454,0.017149983,0.79536915,0.55942017,0.002956408,9.4156526E-4,0.029796664,0.023735024,0.029024024,593.073
375316653866487564,4038394539705695744,0.514066,2299.1553199419113,1.5596489911679052,4.8791404E-5,18.70769,0.009754428,0.2768901,0.032621063,0.07057921,0.046264287,0.16226958,0.09467466,0.76983774,0.011960914,0.06043759,0.0071215504,0.26452377,0.09157112,null,null,null,null,"TWOGAUSSIANS",8,3.019024,0.76983774,0.011960914,0.3384505,0.03988068,0.2642978,0.09144402,0.2768901,0.032621063,0.39524356,0.041874457,0.16204362,0.096600704
375316653866487564,4038394750164071424,0.44476333,2289.94217142826,0.22378646886542,2.9212042E-5,17.496592,0.0048154513,0.28998354,0.011376855,0.089401044,0.022929652,0.06775682,0.011356258,0.7236266,0.014980589,0.071620904,0.027995955,0.052075457,0.00741214,null,null,null,null,"TWOGAUSSIANS",8,2.5537791,0.28998354,0.011376383,0.4,0.0,0.06751015,0.011459485,0.7236266,0.014980589,0.4,0.046644907,0.051829316,0.008518825
375316653866487564,4038395231196866176,0.57323956,2333.0494086891977,3.45621718418968,2.9693725E-5,19.6431,0.017985106,0.262399,0.0042020073,0.070315674,0.007737379,0.62053037,0.033926316,0.77270854,0.0045162234,0.07436519,0.0069380365,0.52213484,0.032306727,null,null,null,null,"TWOGAUSSIANS",8,2.5242383,0.262399,0.0042020073,0.39376777,0.040307995,0.61827374,0.034538012,0.77270854,0.0045162234,0.4,0.0,0.5198782,0.032487515
375316653866487564,4038395231248426624,0.5029108,2299.0776624561367,0.44708885903567286,2.586645E-5,19.151306,0.04906868,0.25033006,0.018625947,0.10722001,0.020182002,0.57574755,0.074981965,0.65562713,0.036573425,0.08795733,0.024589531,0.59916914,0.09638492,null,null,null,null,"TWOGAUSSIANS",8,10.592703,0.65562713,0.036573425,0.4,0.041548382,0.58838904,0.086965114,0.25035006,0.01862805,0.4,0.0,0.56452763,0.06907703
375316653866487564,4038395437406896256,0.544826,2254.5517003822506,1.9742932250741332,5.8686714E-5,18.19977,0.0037576177,0.37036636,9.30195E-5,0.0036234288,1.8431562E-4,0.23945299,0.006647183,0.6685849,0.074971355,0.090605535,0.07270025,0.02228069,0.0115222875,null,null,null,null,"TWOGAUSSIANS",8,1.0918075,0.37036636,9.30195E-5,0.020291202,0.0010321675,0.23955195,0.0076267226,0.6685849,0.074971355,0.4,0.0267384,0.022280678,0.011587649
375316653866487564,4038395609158321664,0.44646874,2340.8173743853263,4.091215951303457,2.6584374E-5,18.01696,0.102713324,0.16716798,0.018567082,0.07846819,0.08629548,0.073960744,0.09284032,0.667393,0.053455986,0.04849885,0.1255177,0.17205523,0.2857673,null,null,null,null,"TWOGAUSSIANS",8,3.2659266,0.667393,0.05350475,0.27159354,0.19265719,0.17197181,0.28735864,0.16716798,0.017543945,0.4,0.006194131,0.07387732,0.035799917
375316653866487564,4038395780956977152,0.5895497,2244.511204917006,2.3548875154628797,1.3718528E-5,18.339853,0.01027769,0.28159687,0.005551043,0.040390853,0.005741044,0.17295636,0.0314451,0.7934459,0.0041566025,0.041505888,0.009565461,0.082537405,0.024945263,0.13655896,0.017320968,0.7934459,0.0041566025,"TWOGAUSSIANS_WITH_ELLIPSOIDAL_ON_ECLIPSE2",9,5.066263,0.28359684,0.0043731946,0.22618876,0.032149848,0.44481772,0.025037723,0.7934459,0.0041566025,0.23243296,0.053566586,0.35565525,0.01161527
375316653866487564,4038395987115546240,0.45968583,2258.1419263506596,0.7235139780898476,1.0055557E-5,18.83686,0.01733487,0.22066456,0.016363153,0.17987439,0.060699914,0.052407447,0.017520877,0.79223704,0.0046499525,0.0461922,0.002413289,0.9669785,0.20998177,null,null,null,null,"TWOGAUSSIANS",8,0.83827156,0.79231703,0.004575498,0.25867632,0.013514418,0.9648547,0.20950963,0.22066456,0.016363153,0.4,0.0,0.046873406,0.010419523
375316653866487564,4038396124554578816,0.42763263,2298.8243737074654,2.0029208742180034,3.8535592E-5,18.265463,0.018453533,0.27480996,0.0043404396,0.038235545,0.0045815236,0.36668864,0.05824598,0.6879653,0.016554544,0.0318446,0.036975943,0.08069775,7.2132581E18,null,null,null,null,"TWOGAUSSIANS",8,11.921645,0.27480996,0.0043404396,0.21411905,0.02565653,0.36668864,0.05824598,0.6879653,0.016554544,0.17832977,0.20706527,0.08069775,7.2132581E18
375316653866487564,4038396399428475264,0.46890554,2290.588883052754,3.4025289923042856,8.173082E-6,19.775057,0.0069896025,0.81731105,0.0054133083,0.04569352,0.030503126,0.0887956,0.87916857,null,null,null,null,null,null,0.15069072,0.014043241,0.81731105,0.0054133083,"ONEGAUSSIAN_WITH_ELLIPSOIDAL",6,3.681997,0.81731105,0.0054133083,0.25588372,0.17081751,0.3901763,0.8719826,null,null,null,null,null,null
375316653866487564,4038396502507796992,0.4393336,2306.1285818679676,0.467266064071255,5.283676E-5,19.427586,0.010695421,0.23154114,0.002882332,0.018118333,0.003262581,0.3518572,0.06985303,0.74528056,0.016750697,0.014829826,0.006729155,0.22036345,0.15072374,null,null,null,null,"TWOGAUSSIANS",8,6.5604434,0.23154114,0.002882332,0.10146267,0.018270453,0.3518572,0.06985303,0.74528056,0.016750697,0.083047025,0.037683267,0.22036345,0.15072374
375316653866487564,4038396704342321152,0.56567484,2272.970620355565,3.41433591581112,1.7300372E-5,17.393934,0.0072983555,0.23399313,0.0026400916,0.03651188,0.007355994,0.14906135,0.028237522,0.72552246,0.017114079,0.035440262,0.012053615,0.10272357,0.04967787,0.11991281,0.010461835,0.23399313,0.0026400916,"TWOGAUSSIANS_WITH_ELLIPSOIDAL_ON_ECLIPSE1",9,11.551444,0.23399313,0.0026400916,0.20446652,0.041193567,0.38888696,0.030059777,0.7271125,0.013425608,0.19846547,0.06750025,0.3419979,0.045119837
375316653866487564,4038396811796735616,0.6710441,2319.019972563675,0.6923086611420403,3.2502478E-6,14.69,0.002185871,0.31314388,0.0030669807,0.028664615,0.005744434,0.14277676,0.06372671,0.81758136,5.859197E-4,0.033066873,9.141598E-4,0.29772392,0.004670682,0.016300235,0.0023100465,0.31314388,0.0030669807,"TWOGAUSSIANS_WITH_ELLIPSOIDAL_ON_ECLIPSE1",9,11.010217,0.81758136,5.859197E-4,0.18517448,0.005119295,0.33029905,0.0033992885,0.31314388,0.0030669807,0.16052185,0.03216883,0.17537722,0.06547699
375316653866487564,4038396876139318656,0.47855207,2300.8908735513746,1.2138877478197814,1.0760928E-5,17.065647,0.022977443,0.32691342,0.0045619844,0.08954971,0.011524357,0.22131382,0.024486842,0.8253551,0.004028695,0.07717194,0.009703235,0.20522642,0.023510708,null,null,null,null,"TWOGAUSSIANS",8,15.95387,0.32691342,0.0045619844,0.4,0.0,0.21669589,0.021546971,0.8253551,0.004028695,0.4,0.0,0.20060858,0.019937096
375316653866487564,4038396914875706496,0.6236104,2280.449532453147,2.275541942341721,1.005458E-5,17.240526,0.016394934,0.23486963,0.0019062929,0.04800652,0.0092422115,0.2982277,0.055221133,0.73429424,0.0043137623,0.04818825,0.01231553,0.3251409,0.033312894,0.09706615,0.021669114,0.23486963,0.0019062929,"TWOGAUSSIANS_WITH_ELLIPSOIDAL_ON_ECLIPSE1",9,9.01643,0.73435426,0.003891661,0.26985422,0.06896697,0.51927,0.017115217,0.23486963,0.0019062929,0.26883653,0.051756382,0.49235907,0.072353944
375316653866487564,4038396983543996928,0.47775593,2258.721922283497,2.4080132123353533,4.913797E-5,19.742971,0.048691895,0.40801668,0.02739136,0.04026781,0.01814032,0.21323332,0.41579142,0.6806326,0.02197753,0.100415714,0.033866264,0.3013772,0.04142048,null,null,null,null,"TWOGAUSSIANS",8,3.773149,0.6806326,0.02197753,0.4,0.0,0.3013747,0.0414009,0.40963668,0.025097692,0.22549973,0.10158579,0.22095753,0.40714118
375316653866487564,4038397086623442432,0.44018555,2335.63550953725,1.9237328468783812,5.2603526E-5,19.247974,0.036549646,0.2513385,0.024423301,0.058581766,0.055052776,0.30766553,2.5626358E24,0.7911354,0.009607298,0.07404039,0.016584566,0.2308261,0.034259576,null,null,null,null,"TWOGAUSSIANS",8,2.8126779,0.2513385,0.024423301,0.3280579,0.30829555,0.30753422,2.5626358E24,0.7911354,0.009607298,0.4,0.03722925,0.2306948,0.033799715
375316653866487564,4038397464580969856,0.52285266,2330.3255838689947,0.030820571199801618,1.6454986E-5,17.791576,0.008026206,0.3134101,0.006724282,0.10139068,0.010990358,0.21549127,0.02277737,0.8601071,0.007338369,0.05246121,0.0055890842,0.19065528,0.014979897,null,null,null,null,"TWOGAUSSIANS",8,3.3507345,0.3134101,0.006724282,0.4,0.0,0.21478164,0.023100255,0.86011714,0.007341513,0.29378277,0.031298872,0.1899556,0.014642607
375316653866487564,4038397567660311808,0.46598893,2274.998410180728,3.4680158228857714,2.9421433E-5,19.607456,0.0051928437,0.2393747,0.00877808,0.016640833,0.012703221,0.10682745,1.33294989E9,null,null,null,null,null,null,0.101421036,0.00990712,0.2393747,0.00877808,"ONEGAUSSIAN_WITH_ELLIPSOIDAL",6,2.52563,0.2393747,0.00877808,0.093188666,0.07113804,0.3096694,1.33294989E9,null,null,null,null,null,null
375316653866487564,4038397602070563968,0.63143194,2320.0458687420955,1.3650639684353976,4.400878E-6,16.750416,0.00339096,0.30163175,0.0019143675,0.08625142,0.0027714525,0.2739739,0.004350102,0.8004951,0.0013537859,0.09527642,0.0032920323,0.21488483,0.0051630205,null,null,null,null,"TWOGAUSSIANS",8,2.687355,0.30163175,0.0019143675,0.4,0.0,0.26333442,0.0039920826,0.8004951,0.0013537859,0.4,0.0,0.20424491,0.0060507837
375316653866487564,4038397636430326528,0.43110412,2323.172908922351,0.059057065749271366,3.6690868E-5,18.581856,0.2779517,0.2929055,0.037343062,0.12748253,0.12236556,0.19303921,0.2580032,0.7715453,0.012271255,0.123294584,0.06903008,0.24978857,0.22446935,null,null,null,null,"TWOGAUSSIANS",8,4.9237237,0.7715453,0.012271255,0.4,0.0,0.1996836,0.10501334,0.2931655,0.037250355,0.4,0.23045725,0.14288796,0.05214483
375316653866487564,4038397666452442112,0.5105516,2299.723489080562,2.4521920824074406,1.330201E-5,19.303644,0.019268967,0.21621078,0.0068145213,0.098003134,0.012179747,0.16643617,0.02032333,0.67507005,0.004095232,0.101466835,0.012593344,0.21383002,0.017205771,null,null,null,null,"TWOGAUSSIANS",8,0.8753147,0.67507005,0.004095232,0.4,0.0,0.20430472,0.013872801,0.21623078,0.0068129734,0.4,0.0,0.15691584,0.01302315
375316653866487564,4038397906931545600,0.53304034,2309.9063672028333,1.0902163904080386,9.73468E-6,16.546381,0.0048297876,0.30931836,0.0057705087,0.07203632,0.008875125,0.108968206,0.01268563,0.8223475,0.0028357313,0.08514644,0.009441126,0.057967093,0.0052519073,null,null,null,null,"TWOGAUSSIANS",8,5.0382185,0.30931836,0.0057705087,0.4,0.018699648,0.108224235,0.012920597,0.8223475,0.0028357313,0.4,0.0,0.057223115,0.0048931055
375316653866487564,4038398083056284544,0.5131366,2317.8659869043804,3.104983781915809,2.1621037E-5,19.68562,0.0142971305,0.26783988,0.010127996,0.0632321,0.011293009,0.5784949,0.026779855,0.7781915,0.012989042,0.07544664,0.008102947,0.46312937,0.035832055,null,null,null,null,"TWOGAUSSIANS",8,3.2511141,0.26783988,0.010127996,0.35409975,0.051845554,0.5773266,0.027438894,0.7781915,0.012989042,0.4,0.018124145,0.4619611,0.035249006
375316653866487564,4038398491048730240,0.42454073,2296.5445411574824,4.75792883740165,2.5765146E-5,18.574486,0.01297743,0.40347385,0.033597194,0.04868196,0.02572629,0.26288733,0.20501773,0.8510298,0.0108063985,0.04839648,0.011829966,0.110809945,0.04080364,null,null,null,null,"TWOGAUSSIANS",8,10.019871,0.40347385,0.033597194,0.27261898,0.14406723,0.2628873,0.20501776,0.8510298,0.0108063985,0.27102026,0.066247806,0.110809915,0.04080365
375316653866487564,4038398697207162880,0.57229966,2289.2847775504083,3.511004204130785,1.30198305E-5,17.692162,0.024703074,0.24943799,0.005061205,0.05417077,0.019270765,0.15289761,0.059223123,0.7376876,0.012229764,0.044767857,0.013678925,0.29835844,0.1452954,0.14171062,0.027998736,0.24943799,0.005061205,"TWOGAUSSIANS_WITH_ELLIPSOIDAL_ON_ECLIPSE1",9,15.864552,0.7392176,0.009434242,0.2507,0.07660198,0.5804345,0.13825801,0.24943799,0.005061205,0.3033563,0.10791628,0.436315,0.033578128
375316653866487564,4038399320010714624,0.45768112,2294.3468432134746,0.09799648080573618,4.238694E-5,17.102444,0.08649719,0.2713141,0.009627996,0.09207657,0.026795583,0.21731928,0.0687588,0.7490433,0.0098677175,0.115362085,0.07948816,0.15616596,0.09590241,null,null,null,null,"TWOGAUSSIANS",8,4.8755646,0.27134413,0.009326176,0.4,0.0,0.20235589,0.02251642,0.7490433,0.0098677175,0.4,0.0,0.14116786,0.10385159
375316653866487564,4038399491856379776,0.59212935,2296.379391601757,2.634482134218474,2.0333628E-5,17.548395,0.0109719895,0.22330253,0.004531477,0.08077883,0.005992848,0.41666648,0.011245637,0.7327538,0.005910773,0.08520475,0.009509703,0.41124576,0.03712486,null,null,null,null,"TWOGAUSSIANS",8,10.663767,0.22330253,0.004531477,0.4,0.0,0.40921766,0.008723877,0.7327538,0.005910773,0.4,0.0,0.4037969,0.038808394
375316653866487564,4038399590598900864,0.5219807,2311.2951838454715,0.09380735489331055,2.494701E-5,18.338326,0.0044417838,0.32487932,0.02127717,0.024781749,0.012637512,0.029999433,0.023966284,0.8738251,0.06429321,0.03252891,0.0900852,0.26327154,0.24300483,null,null,null,null,"TWOGAUSSIANS",8,1.2224946,0.8738251,0.06429321,0.1821619,0.21042712,0.26327154,0.24313208,0.32487932,0.021276325,0.13877779,0.07077007,0.029999433,0.023960836
375316653866487564,4038399904173095680,0.5188494,2308.926515748908,2.8631884095147533,2.8904276E-5,17.576872,0.029203117,0.2625823,0.013622072,0.10056965,0.019321486,0.2586598,0.038978986,0.727902,0.012536775,0.093041405,0.015098263,0.2835788,0.036474817,null,null,null,null,"TWOGAUSSIANS",8,16.125479,0.727902,0.012536775,0.4,0.0,0.27166367,0.023619434,0.2625823,0.013625314,0.4,0.0,0.24673972,0.03523718
375316653866487564,4038400179004715008,0.46349606,2317.7527550001178,1.834532947539286,1.8217801E-5,17.416384,0.0034823893,null,null,null,null,null,null,null,null,null,null,null,null,0.049341843,0.0049478086,0.21813343,0.007449604,"ELLIPSOIDAL",4,10.087647,null,null,null,null,null,null,null,null,null,null,null,null
375316653866487564,4038400660039118080,0.5287068,2212.2494891715223,1.3945407452123522,4.1232684E-5,18.752525,0.006874086,0.26537916,0.024888108,0.09506542,0.016759384,0.047339436,0.020135572,0.6630906,0.012452716,0.103669755,0.018493181,0.1601268,0.008320899,null,null,null,null,"TWOGAUSSIANS",8,1.0638366,0.6630906,0.012452716,0.4,0.0,0.1583602,0.008957181,0.26611915,0.024869345,0.4,0.0,0.045668736,0.019571103
375316653866487564,4038400728765942912,0.51114815,2366.4365744536412,3.71913239756013,2.8367733E-5,19.864573,0.011625484,0.2684128,0.013460695,0.090077914,0.012657889,0.29650557,0.039160848,0.7615598,0.006193708,0.07621197,0.0077038566,0.28715715,0.018774746,null,null,null,null,"TWOGAUSSIANS",8,1.3197404,0.2684128,0.013460695,0.4,0.0,0.29091206,0.039973423,0.7615598,0.006193708,0.4,0.0084466,0.2815638,0.01773854
375316653866487564,4038400758789853696,0.48633063,2351.452834364822,1.9354403930098851,1.731463E-5,15.102059,0.018442774,0.121980265,0.0071910876,0.030934941,0.009765255,0.25218862,0.03318916,0.68527645,0.04158392,0.018043669,0.03302144,0.25824803,9.8146656E10,0.031192373,0.024945714,0.68527645,0.04158392,"TWOGAUSSIANS_WITH_ELLIPSOIDAL_ON_ECLIPSE2",9,66.10207,0.68527645,0.04158392,0.10104455,0.18492007,0.32063273,9.8146656E10,0.12303027,0.0066138273,0.17323567,0.054685432,0.30536228,0.043111783
375316653866487564,4038400763118433920,0.5450552,2315.8649394807517,0.07872403754818993,3.399307E-5,17.66274,0.009823301,0.20742546,0.024730295,0.12852673,0.028151141,0.04261576,0.012749219,0.8257592,0.0057828394,0.052753985,0.013284839,0.46665388,3.4191566,null,null,null,null,"TWOGAUSSIANS",8,9.07767,0.8258292,0.0056922087,0.29542232,0.0743951,0.46674818,3.4195533,0.20742546,0.024730295,0.4,0.0,0.042190786,0.012063337
375316653866487564,4038400763167446528,0.509668,2301.9061443390597,3.0613477132060014,2.0652857E-5,15.13455,0.0100538,0.20694509,0.0154972505,0.061128717,0.013577757,0.70919,0.47141874,0.75871164,0.010341822,0.04676536,0.01007801,0.3175939,0.06764349,0.04092598,0.021085639,0.20694509,0.0154972505,"TWOGAUSSIANS_WITH_ELLIPSOIDAL_ON_ECLIPSE1",9,77.958534,0.20694509,0.0154972505,0.34232083,0.07419474,0.7908851,0.45566064,0.75871164,0.010341822,0.261886,0.056436855,0.39093065,0.07161761
375316653866487564,4038401484673088768,0.460968,2224.360045485034,0.31538941769045126,3.9125105E-5,18.308168,0.010730192,0.20842054,0.013447943,0.04959713,0.018158872,0.15881738,0.1066769,0.6927899,0.010679188,0.07222591,0.011601452,0.09174136,0.011805289,null,null,null,null,"TWOGAUSSIANS",8,2.1344,0.20842054,0.013447943,0.2777439,0.10168968,0.15878852,0.106806055,0.6927899,0.010679188,0.4,0.041159783,0.091712505,0.011686831
375316653866487564,4038401622166394112,0.4410665,2333.023250136492,2.03692375667864,2.476336E-5,19.105797,0.029114012,0.202701,0.00447683,0.039268922,0.008928082,0.25544882,0.06003286,0.6935511,0.018014295,0.025479544,0.015746858,0.22214782,0.053746246,null,null,null,null,"TWOGAUSSIANS",8,5.2121315,0.202701,0.00447683,0.21990596,0.04999726,0.25544882,0.060032856,0.6935511,0.018014295,0.14268544,0.088182405,0.22214782,0.053746246
375316653866487564,4038401652143290752,0.5682178,2361.0214913316313,2.1524903594861997,1.3750394E-5,16.660862,0.093318,0.32893813,0.011519091,0.1569027,0.067316,0.1906057,0.08906959,0.8502702,0.002851124,0.09853849,0.014071849,0.325638,0.08145166,null,null,null,null,"TWOGAUSSIANS",8,11.006151,0.8508602,0.0021812345,0.4,0.0,0.27326867,0.016935853,0.3289281,0.011521438,0.4,0.0,0.13565376,0.015544368
375316653866487564,4038401759551338880,0.51869184,2293.658589806854,3.637058903874186,4.1722586E-5,19.540504,0.008086339,0.15993007,0.0036431267,0.035746623,0.0047573396,0.67357975,0.14427298,0.7212002,0.009708505,0.06253495,0.0059263087,0.47874638,0.030129083,null,null,null,null,"TWOGAUSSIANS",8,1.4661684,0.15993007,0.0036431267,0.2001811,0.0266411,0.6735797,0.14427312,0.7212002,0.009708505,0.3501957,0.03318733,0.4787463,0.030129042
375316653866487564,4038402103154753792,0.43760744,2296.99187209568,4.0052565441537356,1.9999531E-4,19.426323,0.02733345,0.29558435,0.05731947,0.111766055,0.07435771,0.106213495,0.12299692,0.8296281,0.011136118,0.046004884,0.018964712,0.1739421,0.027805585,null,null,null,null,"TWOGAUSSIANS",8,3.1323123,0.8296381,0.011127118,0.25762734,0.10620238,0.17324494,0.027412668,0.29558435,0.05731947,0.4,0.09719133,0.1054973,0.123721845
375316653866487564,4038402103197065984,0.5295061,2315.423741487474,1.1766413733045795,3.5579676E-5,17.719301,0.004881886,0.29130822,0.01968237,0.06588442,0.030594746,0.1655113,1.6059979,0.76734084,0.01596862,0.028086035,0.042926326,0.61484253,0.5148925,null,null,null,null,"TWOGAUSSIANS",8,4.273268,0.76734084,0.01596862,0.15728179,0.23454976,0.6148425,0.5150637,0.29130822,0.01968237,0.36895275,0.17133057,0.16551122,1.6060103
375316653866487564,4038402309307228032,0.55041486,2243.801782713404,2.638227838576679,3.6867958E-5,18.661503,0.059588484,0.19600248,0.007646058,0.098684035,0.016745403,0.40000317,0.058452576,0.701166,0.009229195,0.093068644,0.017978167,0.43818912,0.053597994,null,null,null,null,"TWOGAUSSIANS",8,6.8580294,0.701166,0.009226916,0.4,0.0,0.412198,0.03001378,0.19600248,0.007646058,0.4,0.0,0.37401032,0.023536524
375316653866487564,4038402687312615808,0.4716849,2289.098144800899,1.6710895708525113,9.028125E-5,19.621302,0.019629177,0.41319132,0.054324023,0.09775833,0.047698036,0.2824257,0.15371522,0.15736568,0.09147107,0.076677255,0.053343687,0.09598511,0.052879505,null,null,null,null,"TWOGAUSSIANS",8,2.8553865,0.41264132,0.049311124,0.4,0.09879325,0.28275865,0.15001094,0.19006568,0.44621253,0.4,0.14300765,0.10848095,0.323324
375316653866487564,4038402927789286528,0.4388923,2340.7553884938325,4.060739422598946,1.6176238E-4,19.334927,0.032298397,0.23528637,0.0065918732,0.038972437,0.024474079,0.083474584,0.022684911,0.56511396,0.061815605,0.068327434,0.07629336,0.2343147,0.08191299,null,null,null,null,"TWOGAUSSIANS",8,4.389576,0.56511396,0.061815605,0.38263363,0.12815891,0.2343147,0.081900485,0.23528637,0.0057351408,0.21824566,0.13705485,0.083476625,0.024157258
375316653866487564,4038403163973390592,0.61605185,2322.122080872091,2.654925691208495,1.0001526E-5,17.13651,0.009845911,0.31706595,0.0017913359,0.032409374,0.022488266,0.26203302,2.3701588E10,0.81659365,0.00647145,0.042999513,0.013702086,0.29551095,0.14162605,0.13109002,0.015064058,0.31706595,0.0017913359,"TWOGAUSSIANS_WITH_ELLIPSOIDAL_ON_ECLIPSE1",9,6.419189,0.81664366,0.005985515,0.24079728,0.07673168,0.5576889,0.157532,0.31706595,0.0017913359,0.1814925,0.12593429,0.524213,2.3701588E10
375316653866487564,4038403168307607936,0.4686686,2284.1875513998843,1.0166794037853255,3.273352E-5,19.185322,0.012411009,0.3661693,0.006919095,0.116003245,0.019500185,0.23465443,0.090951815,0.83546305,0.012374966,0.0489105,0.013523305,0.109964706,0.0830636,null,null,null,null,"TWOGAUSSIANS",8,1.3842008,0.3661693,0.006919095,0.4,0.0,0.23271349,0.09235295,0.83546305,0.012374966,0.2738988,0.07573051,0.10809601,0.08363888
375316653866487564,4038403477545204736,0.58423126,2334.2825802359266,3.092040830457949,6.8543104E-6,17.772224,0.008859362,0.25681227,0.0045870226,0.073828034,0.0034179394,0.50902987,0.019744249,0.7685744,0.0020464498,0.0729367,0.0037923453,0.42387915,0.01756488,null,null,null,null,"TWOGAUSSIANS",8,7.7783895,0.25681227,0.0045870226,0.4,0.0,0.5069022,0.019252647,0.7685744,0.0020464498,0.4,0.001716329,0.42175153,0.017865207
375316653866487564,4038403511909453056,0.53243107,2328.100484207351,2.912093347083267,2.9110668E-5,19.072485,0.012073989,0.3651638,0.12619121,0.018141637,0.0409156,0.102557175,1.826577,0.7227073,0.0030700795,0.06504849,0.011375453,0.66925126,0.2388624,null,null,null,null,"TWOGAUSSIANS",8,3.5522842,0.7227073,0.0030700795,0.36427155,0.039484512,0.66925126,0.23886639,0.3651638,0.12619121,0.10159317,0.22912738,0.10255736,1.8262506
375316653866487564,4038403786787311232,0.5480098,2288.755905566757,4.631566542641161,2.7927386E-5,17.738682,0.004930089,0.48029512,0.0047168825,0.08410633,0.0040981444,0.13666925,0.004941198,0.8326197,0.0145219695,0.12727907,0.022212923,0.032033805,0.004232254,null,null,null,null,"TWOGAUSSIANS",8,0.4200534,0.48108512,0.0043477663,0.4,0.0,0.13639459,0.0048155985,0.8326197,0.0145219695,0.4,0.0,0.031079667,0.0037033102
375316653866487564,4038403958581771776,0.51833767,2329.1078154203633,3.350126954533266,1.7125123E-5,19.10867,0.015048951,0.256833,0.0040060817,0.07578333,0.0069823707,0.33041647,0.028923748,0.75748986,0.008264004,0.0807528,0.01349633,0.26746413,0.054891054,null,null,null,null,"TWOGAUSSIANS",8,2.2549672,0.256833,0.0040060817,0.4,0.0,0.32686144,0.029358959,0.75748986,0.008264004,0.4,0.0,0.2639091,0.05601212
375316653866487564,4038404027342664320,0.4798902,2296.1388131577364,0.8370500486253967,4.245902E-5,19.312498,0.0072238366,0.36085558,4.9063892E-5,0.0065985485,5.3562195E-4,1.0904924,0.32089576,0.6485567,0.005458198,0.05434822,0.0076057673,1.7259959,2.475565,null,null,null,null,"TWOGAUSSIANS",8,1.3776963,0.6485567,0.005458198,0.30435005,0.0425923,1.7259959,2.475565,0.36085558,4.9063892E-5,0.03695187,0.002999483,1.0904938,0.32089403
375316653866487564,4038404194764241408,0.61439526,2304.722559264543,2.228471216841498,1.1424077E-5,17.323969,0.0101060765,0.20981222,0.0022446637,0.08901166,0.0033437554,0.42949015,0.011893715,0.7047229,0.0020872292,0.09277548,0.0041506714,0.3780626,0.012421372,null,null,null,null,"TWOGAUSSIANS",8,4.2759542,0.20981222,0.0022446637,0.4,0.0,0.41254458,0.009936256,0.7047229,0.0020872292,0.4,0.0,0.36111677,0.0120664025
375316653866487564,4038404302179429504,0.5456599,2327.604860726521,3.0673516467669386,1.0979043E-5,19.352976,0.0074549722,0.21216452,0.0019606443,0.06765119,0.0033848032,0.39060235,0.013637686,0.71872663,0.013607346,0.0659592,0.01240228,0.3219534,0.08055729,null,null,null,null,"TWOGAUSSIANS",8,1.4581971,0.21216452,0.0019606443,0.37884665,0.018954897,0.39006546,0.013619245,0.71872663,0.013607346,0.36937153,0.056110192,0.3214165,0.08140012
375316653866487564,4038404744518569728,0.5289936,2270.614259688037,0.22941412100556283,1.9940331E-5,17.995512,0.0117969075,0.30117664,0.0028072777,0.079712026,0.0070936563,0.26668003,0.03450089,0.69166815,0.026588803,0.10744182,0.015023036,0.19873871,0.018015446,null,null,null,null,"TWOGAUSSIANS",8,1.1574532,0.30139664,0.0026036631,0.4,0.0,0.26474255,0.034888834,0.69166815,0.026588803,0.4,0.0,0.19653276,0.017125824
375316653866487564,4038405607842674432,0.4600234,2321.666941191598,0.37810421549498385,3.5903442E-5,19.042677,0.016658882,0.32558087,0.013071657,0.0917375,0.025238998,0.15471523,0.039260317,0.8067967,0.0036147623,0.058380943,0.0067198905,0.601298,0.0777833,null,null,null,null,"TWOGAUSSIANS",8,1.6991749,0.8067967,0.0036147623,0.3269333,0.037631385,0.60003656,0.07869516,0.32558087,0.013071657,0.4,0.0,0.1534536,0.04067298
375316653866487564,4038406020207569152,0.6597716,2297.0888097979146,3.7830972129240843,9.21145E-6,17.729666,0.011268905,0.33687687,0.004628222,0.042445257,0.0083043715,0.59977627,0.08373556,0.84172684,0.005114463,0.041764632,0.010914145,0.39592415,0.11901932,0.15646678,0.021099366,0.33687687,0.004628222,"TWOGAUSSIANS_WITH_ELLIPSOIDAL_ON_ECLIPSE1",9,6.6691546,0.33687687,0.004628222,0.23769344,0.04650448,0.91270924,0.09199717,0.84172684,0.0051131095,0.23388194,0.06111921,0.7085666,0.1223768
375316653866487564,4038406118910190336,0.63712907,2322.367140956594,2.31493056915744,7.050952E-6,17.544548,0.0064853746,0.2803943,0.00461709,0.08377597,0.008088518,0.412737,0.14415783,0.7802212,0.0017063029,0.08031765,0.002910035,0.41488975,0.013449466,null,null,null,null,"TWOGAUSSIANS",8,2.6909456,0.7802212,0.0017063029,0.4,0.0,0.4069423,0.014168766,0.2803943,0.00461709,0.4,0.0,0.40478957,0.14672324
375316653866487564,4038406325107936128,0.49806568,2260.8869945159677,0.6667216811403227,6.414806E-5,19.066383,0.021242814,0.31085193,0.109409116,0.04334856,0.09792475,0.030650634,0.033348933,0.7753341,0.004896501,0.045742717,0.013329334,0.23304115,0.019731106,null,null,null,null,"TWOGAUSSIANS",8,1.6392664,0.7753341,0.0048213108,0.25615922,0.07464427,0.23304115,0.019056078,0.31085193,0.109409116,0.24275193,0.23907559,0.030650632,0.031920977
375316653866487564,4038406638635967744,0.49796844,2333.8229077311457,0.5065878208223883,6.9075046E-5,19.001722,0.0901231,0.44296515,0.012831011,0.20161234,0.04734753,0.3208713,0.08699938,0.8785179,0.013202201,0.04703868,0.028918225,0.15439817,33.128056,null,null,null,null,"TWOGAUSSIANS",8,4.122904,0.44296515,0.012831011,0.4,0.0,0.2798169,0.021371596,0.8785179,0.013202201,0.26341662,0.16194206,0.15082198,33.13818
375316653866487564,4038407257117063936,0.44162595,2328.398950274851,2.096985797656926,6.209629E-6,19.186962,0.009986133,0.30034402,0.012373624,0.07607845,0.012383679,0.16365522,0.009054468,0.6536197,0.002660062,0.07290121,0.009838534,0.15646657,0.053499244,null,null,null,null,"TWOGAUSSIANS",8,2.8111286,0.30034402,0.012425838,0.4,8.016915E-4,0.16363056,0.009051189,0.6536197,0.002660062,0.4,0.0,0.15644407,0.05351808
375316653866487564,4038407806876637568,0.56162107,2296.9485922336676,0.5596568667708886,1.804743E-5,17.578653,0.007574372,0.2785194,0.037526578,0.062380515,0.022181714,0.3974702,0.34216797,0.7862591,0.010816341,0.032448974,0.0046358216,0.5729838,0.15006112,null,null,null,null,"TWOGAUSSIANS",8,14.4474745,0.7862591,0.010816341,0.18171425,0.025960602,0.5729833,0.15005974,0.2785194,0.037526578,0.3493309,0.11505974,0.3974697,0.34217077
375316653866487564,4038408013072188160,0.5584181,2333.815893448401,2.148384075074475,4.9359965E-5,19.548061,0.010596466,0.25760055,0.012730841,0.041324966,0.009870374,0.8281267,0.2895532,0.74882513,0.01615004,0.039845552,0.018410426,0.66949886,6.5933957,null,null,null,null,"TWOGAUSSIANS",8,3.1300857,0.25760055,0.012730841,0.2314198,0.05527409,0.8281267,0.28955325,0.74882513,0.01615004,0.22313508,0.10309838,0.66949886,6.593396
375316653866487564,4038408253546403072,0.4931654,2316.369426762118,0.2530195320620213,1.8985238E-5,19.591959,0.01965148,0.09324023,0.014917503,0.035807464,0.015271846,0.27312186,0.074220836,0.6786572,0.01889637,0.111250825,0.03021303,0.33012387,0.07513351,null,null,null,null,"TWOGAUSSIANS",8,2.3207145,0.6786572,0.01889637,0.4,0.0,0.32992518,0.07537376,0.09319023,0.01489015,0.2005218,0.08552234,0.27324224,0.07447456
375316653866487564,4038408253546406656,0.5410873,2321.740899015417,1.9284838586067323,2.2784217E-5,17.742594,0.014777672,0.29414347,0.0067334757,0.103814706,0.013072013,0.12773429,0.014610014,0.7926742,0.01456556,0.095725216,0.016713241,0.17687301,0.017220924,null,null,null,null,"TWOGAUSSIANS",8,2.2060707,0.7926742,0.01456556,0.4,0.0,0.16423793,0.008441693,0.29414347,0.006729372,0.4,0.0,0.115097284,0.0056332652
375316653866487564,4038408665867129984,0.53247064,2345.80959093382,3.2530702154855105,2.9816532E-5,19.70753,0.023310356,0.2009405,0.0105510475,0.09826555,0.01362823,0.28565988,0.02383963,0.7069756,0.012587357,0.06457404,0.019144647,0.3140842,0.066379875,null,null,null,null,"TWOGAUSSIANS",8,1.7131665,0.7069756,0.012587357,0.3616146,0.07116646,0.3094583,0.071667515,0.2009405,0.0105510475,0.4,0.0,0.28103253,0.02000282
375316653866487564,4038409039484394880,0.45636004,2312.681942710861,2.484138476358519,6.847301E-5,17.543127,0.008241109,0.21676399,0.012572859,0.068591736,0.033678103,0.033433225,0.01751448,null,null,null,null,null,null,0.065049395,0.009473187,0.21676399,0.012572859,"ONEGAUSSIAN_WITH_ELLIPSOIDAL",6,18.611685,0.21676399,0.012572859,0.38411373,0.16465376,0.16348773,0.012665021,null,null,null,null,null,null
375316653866487564,4038409215619229312,0.516635,2275.0037799059824,0.3090545612518379,7.7553326E-5,18.318222,0.004051387,0.21228656,0.008500552,0.078897245,0.007829437,0.10453163,0.0053694467,0.7842206,0.021311797,0.060681805,0.009528848,0.0788939,0.021006634,null,null,null,null,"TWOGAUSSIANS",8,1.2903404,0.21228656,0.008500552,0.4,0.0,0.104490176,0.005347925,0.7842206,0.021311797,0.33981812,0.053361554,0.07885249,0.02100721
375316653866487564,4038409627928801408,0.4595472,2213.943020363041,2.399468020141343,3.0015257E-5,18.399218,0.029730642,0.28736347,0.017630087,0.069232434,0.024763754,0.1580593,0.036255445,0.77066714,0.01141182,0.0912306,0.024770515,0.1510258,0.029242074,null,null,null,null,"TWOGAUSSIANS",8,16.278734,0.28736347,0.017629586,0.38770163,0.11231779,0.15635172,0.031571154,0.77066714,0.01141182,0.4,0.0,0.14931808,0.023093192
375316653866487564,4038409902807009920,0.49681017,2265.358704136355,2.2854813802993874,5.248905E-6,18.54182,0.015556279,0.29151502,0.010825228,0.03203657,0.013669786,0.514456,0.030409496,0.7539681,0.0014479678,0.06421891,0.0023128523,0.63414633,0.024095004,null,null,null,null,"TWOGAUSSIANS",8,15.6276,0.7539681,0.0014479678,0.3596259,0.012951972,0.63414615,0.024093136,0.29151502,0.010825228,0.17940478,0.076550804,0.5144558,0.030400649
375316653866487564,4038410035958510208,0.4461732,2257.8929666711956,2.988856426091966,7.008324E-5,18.593973,0.011812006,0.24541752,0.007993007,0.08281063,0.009097685,0.42620268,0.053113297,0.7134985,0.011714628,0.05827017,0.013027272,0.34506226,0.12769999,null,null,null,null,"TWOGAUSSIANS",8,14.19734,0.24541752,0.007993007,0.4,0.0,0.42557266,0.05336028,0.7134985,0.011714628,0.32631296,0.072952725,0.3444323,0.12841439
375316653866487564,4038410212044486528,0.4721892,2315.001225950975,0.03082401456980201,4.278662E-5,19.120312,0.010383637,0.32524914,0.008213911,0.055913884,0.0092370855,0.16240603,0.018291768,0.8032699,0.011740502,0.093386576,0.016237069,0.18775067,0.014363649,null,null,null,null,"TWOGAUSSIANS",8,1.9020774,0.8032699,0.011740502,0.4,0.0,0.18698785,0.013972371,0.32524914,0.008213911,0.31311777,0.05172768,0.16164362,0.01811506
375316653866487564,4038410242105587328,0.600228,2283.0706219242793,2.9011822966563936,4.1254825E-6,17.998993,0.014042614,0.33916977,0.002690195,0.09616127,0.0061376947,0.23113155,0.013821306,0.8377166,0.0018882193,0.09063611,0.0050622392,0.26463193,0.013940483,null,null,null,null,"TWOGAUSSIANS",8,1.3214563,0.8377166,0.0018882193,0.4,0.0,0.25120366,0.009226945,0.33916977,0.002690195,0.4,0.0,0.21770278,0.00844071
375316653866487564,4038410383843479936,0.45235622,2264.6992180681364,0.5383189604863111,5.7443616E-5,19.420029,0.0133155435,0.9889934,0.9441488,0.058523376,0.023855086,0.11350044,0.012286199,0.57749236,0.024521904,0.15058076,0.03226688,0.17847231,0.019676397,null,null,null,null,"TWOGAUSSIANS",8,2.9695861,0.57749236,0.024521904,0.4,0.0,0.17297502,0.019826941,0.9866334,0.9423811,0.3277309,0.13358848,0.11244295,0.012306208
375316653866487564,4038410486922777600,0.54297,2333.407202487634,1.3592188146009112,1.2903555E-5,17.091995,0.008669668,0.18868491,0.0033968312,0.10014694,0.00658947,0.16185816,0.008673192,0.6871445,0.0053214687,0.0887899,0.0073370314,0.18254632,0.010195926,null,null,null,null,"TWOGAUSSIANS",8,6.206375,0.6871445,0.0053214687,0.4,0.0,0.17247203,0.0084317,0.18868491,0.0033968312,0.4,0.0,0.15178266,0.0056545236
375316653866487564,4038410796160544896,0.58013505,2234.6598279448017,2.5547133009489555,2.5901405E-5,18.476824,0.023027457,0.19062982,0.004734991,0.07741299,0.0139275715,0.4111492,0.14884037,0.71800596,0.007948615,0.0811289,0.007795813,0.43955743,0.03036701,null,null,null,null,"TWOGAUSSIANS",8,5.1030045,0.71800596,0.007948615,0.4,0.0,0.4361917,0.026240095,0.19062982,0.004734991,0.4,0.01226219,0.4077835,0.15155227
375316653866487564,4038410826232401280,0.5628406,2366.0732256492574,3.1096086011558466,1.3761298E-4,16.021877,0.0020449855,0.33084315,0.08839545,0.09818716,0.06867933,0.012320102,0.007659967,0.69836324,4.1685056E-5,0.0035503877,6.9004964E-5,0.34651265,4.5544762E-4,null,null,null,null,"TWOGAUSSIANS",8,13.826725,0.69836324,4.1685056E-5,0.01988217,3.864278E-4,0.34652376,4.7601145E-4,0.33084315,0.08839545,0.4,0.17039666,0.012320044,0.007659604
375316653866487564,4038410860553170048,0.6011917,2366.871574148821,1.7656512959292847,9.534285E-6,16.755772,0.023750193,0.25950208,0.0018066388,0.108242445,0.01153583,0.18591152,0.022817306,0.7579295,0.0039942516,0.095782824,0.012564065,0.28839427,0.016516766,null,null,null,null,"TWOGAUSSIANS",8,4.456496,0.7579295,0.0039942516,0.4,0.0,0.26635677,0.01732082,0.25950208,0.0018059661,0.4,0.0,0.16386604,0.0063619516
375316653866487564,4038411139809359232,0.4807915,2319.602233584428,0.8424886597109315,2.2105067E-5,17.813643,0.005165868,0.6661634,0.005143159,0.029946582,0.004430025,0.123487875,0.02208487,null,null,null,null,null,null,0.058659825,0.0073604034,0.6661634,0.005143159,"ONEGAUSSIAN_WITH_ELLIPSOIDAL",6,11.1947975,0.6661634,0.005143159,0.16770086,0.024808139,0.24080724,0.022297937,null,null,null,null,null,null
375316653866487564,4038411208477516544,0.5424195,2250.6436121864344,2.8705319394484823,2.3782844E-5,19.567316,0.009137502,0.26897866,0.0061985506,0.084195346,0.00641947,0.30087373,0.0137142865,0.7703389,0.0049398337,0.07400454,0.005521212,0.3104809,0.0147543205,null,null,null,null,"TWOGAUSSIANS",8,1.0796407,0.7703389,0.0049398337,0.4,0.008831227,0.3064647,0.014632487,0.26897866,0.0061985506,0.4,0.0,0.29685754,0.013210558
375316653866487564,4038411311608070912,0.53343755,2294.781226097596,3.845064374475883,1.5786421E-5,17.864534,0.0131817795,0.23208156,0.0032394864,0.072924756,0.0040414687,0.4580597,0.012673675,0.746176,0.021282382,0.08714605,0.024296507,0.3585624,0.22555274,null,null,null,null,"TWOGAUSSIANS",8,11.774866,0.23208156,0.0032394864,0.4,0.0075149606,0.45347288,0.009850022,0.746176,0.021282382,0.4,0.0,0.3539755,0.23095465
375316653866487564,4038411448995857792,0.42664954,2322.6921065561583,0.18312890867797865,3.0654246E-5,18.82036,0.01087072,0.13284412,0.015701085,0.05756658,0.012993364,0.17455633,0.044883773,0.7058885,0.0036209296,0.00935235,0.002166061,0.2896455,0.08394115,null,null,null,null,"TWOGAUSSIANS",8,6.430726,0.7058885,0.0036209296,0.052373156,0.012129942,0.2896455,0.08394115,0.13284412,0.015701085,0.32237282,0.07276283,0.17455633,0.044883773
375316653866487564,4038411483355582208,0.42290527,2277.406238315841,0.05594904788677242,1.7043308E-4,19.439129,0.033656236,0.3657807,0.021187086,0.14808372,0.041345343,0.2773426,0.03104349,0.7455641,0.014757135,0.06880221,0.005519137,0.2726962,0.026581435,null,null,null,null,"TWOGAUSSIANS",8,4.527237,0.7455641,0.014757135,0.38529238,0.030907167,0.27442053,0.025811812,0.3657807,0.021187086,0.4,0.0,0.26867864,0.019417271
375316653866487564,4038411620794636288,0.5783259,2288.1073298611495,2.0679964028597135,2.6397109E-5,18.662481,0.004891103,0.23541945,0.022105854,0.036465712,0.012996622,0.43346274,0.06662644,0.74568087,0.0031883675,0.04305143,0.0036882975,0.32094446,0.09835796,null,null,null,null,"TWOGAUSSIANS",8,2.6713665,0.23541945,0.022105854,0.20420797,0.072781086,0.43346274,0.06662644,0.74568087,0.0031883675,0.241088,0.020654466,0.32094446,0.09835796
375316653866487564,4038411826956466560,0.4863053,2341.8004745479616,3.0012170962729483,3.414265E-5,19.834064,0.06067713,0.25149462,0.044085026,0.07161859,0.04218824,0.47349146,0.44873217,0.750719,0.0095874,0.068458706,0.012412204,0.51707464,0.087657444,null,null,null,null,"TWOGAUSSIANS",8,9.745272,0.750719,0.0095874,0.38336876,0.03807145,0.5154167,0.083095625,0.25149462,0.044085026,0.4,0.19852863,0.47183347,0.44999546
375316653866487564,4038411891384601600,0.57040095,2272.3153501242277,1.516283313836056,8.02507E-6,18.103174,0.0137935635,0.24295712,0.0032356798,0.08912794,0.00776136,0.24595308,0.014589976,0.74456257,0.0036564956,0.100255206,0.0097552845,0.22216149,0.010902046,null,null,null,null,"TWOGAUSSIANS",8,1.7587012,0.24295712,0.0032356798,0.4,0.0,0.2320241,0.015340813,0.74456257,0.0036564956,0.4,0.0,0.20823081,0.0038185746
375316653866487564,4038412445431929600,0.60657173,2285.871806826047,2.180961132176573,5.5373853E-6,17.810863,0.009457734,0.15241061,0.0015886632,0.08270672,0.0026535569,0.39681777,0.013306793,0.65280646,0.0031969983,0.08509863,0.005833565,0.3733054,0.022419855,null,null,null,null,"TWOGAUSSIANS",8,3.4183712,0.15241061,0.0015886632,0.4,0.0,0.3877995,0.012130788,0.65280646,0.0031969983,0.4,0.0,0.3642871,0.02397017
375316653866487564,4038412548511464704,0.52528167,2235.356459353729,2.634541112650432,1.769775E-5,18.601673,0.022643922,0.3062905,0.0051393653,0.09713337,0.008007245,0.4086462,0.021588245,0.7938657,0.012562192,0.09269338,0.013867663,0.34858325,0.05861524,null,null,null,null,"TWOGAUSSIANS",8,7.187933,0.3062905,0.0051393653,0.4,0.0,0.38887212,0.012165185,0.7938657,0.012562192,0.4,0.0,0.32881048,0.06456495
375316653866487564,4038412685950355840,0.44249895,2279.909159520098,0.2037514968898417,6.1269195E-5,19.506895,0.012510967,0.3306999,0.014696183,0.056174092,0.028457738,0.18556283,0.03469651,0.8052695,0.009629737,0.072652884,0.013988445,0.1297926,0.014122269,null,null,null,null,"TWOGAUSSIANS",8,4.0696707,0.3306999,0.014696183,0.31457493,0.10271182,0.18548955,0.035083182,0.8052695,0.009629737,0.4,0.055102192,0.1297193,0.014098324
375316653866487564,4038412926468725504,0.46567184,2349.9931492933224,0.3858243740767245,3.2251766E-5,18.80944,0.007594738,0.29546857,0.008974065,0.026763856,0.003562625,0.16069216,0.048943304,0.7473334,0.069450445,0.08206503,0.04226719,0.053453308,0.019230517,null,null,null,null,"TWOGAUSSIANS",8,1.7745969,0.29546857,0.008974065,0.1498776,0.0199507,0.1606918,0.048942413,0.7473334,0.069450445,0.4,0.1463372,0.053452935,0.019228278
375316653866487564,4038412960828645504,0.46398413,2313.0434331877427,0.08922397666661597,8.795705E-6,19.401129,0.054732736,0.2383476,0.011448316,0.13775223,0.042178784,0.39669737,0.33288243,0.82076496,0.0042205337,0.051227447,0.0047957604,1.4139503,0.59694135,null,null,null,null,"TWOGAUSSIANS",8,7.4828463,0.82092494,0.004151046,0.2868737,0.026856259,1.4097403,0.59864664,0.2383476,0.011448316,0.4,0.0,0.38841963,0.33996677
375316653866487564,4038413098263340416,0.49654877,2313.076873568873,0.1465645292841158,3.7791127E-5,18.387537,0.020633461,0.28826103,0.008358534,0.09834071,0.018004045,0.22110222,0.063467756,0.74498343,0.022527935,0.09898635,0.021869734,0.15102129,0.032763023,null,null,null,null,"TWOGAUSSIANS",8,1.6438738,0.28827104,0.008361021,0.4,0.0,0.21287608,0.06699591,0.74498343,0.022527935,0.4,0.0,0.14279613,0.018208241
375316653866487564,4038413166987205888,0.49093822,2322.0899716065965,3.2933345878083764,3.8908238E-5,19.22911,0.16275448,0.2633788,0.014394745,0.12386618,0.042257827,0.57318217,0.14514899,0.76138437,0.0033332384,0.094617635,0.022252787,0.5182691,0.14518568,null,null,null,null,"TWOGAUSSIANS",8,8.643232,0.2633788,0.014394745,0.4,0.0,0.4955947,0.044491436,0.76138437,0.003341767,0.4,0.0,0.44101337,0.04330787
375316653866487564,4038413201346919296,0.6001024,2252.001930941301,1.8794797306479214,5.362183E-6,18.165792,0.0064723887,0.23897773,0.005525444,0.0903835,0.0064195674,0.3324829,0.03457953,0.7426707,0.0036593096,0.07775865,0.004035451,0.27974895,0.006396733,null,null,null,null,"TWOGAUSSIANS",8,1.4726565,0.23897773,0.005525444,0.4,0.0,0.32559186,0.035505068,0.7426707,0.0036593096,0.4,0.0,0.27285805,0.0050177653
375316653866487564,4038413235706798336,0.4336548,2317.696773610481,0.18373565775146417,2.4451267E-5,18.991865,0.20815977,0.29118422,0.039054055,0.13693452,0.09290664,0.40716034,0.20334978,0.80464476,0.007145628,0.11030711,0.03859533,0.49656874,0.1567965,null,null,null,null,"TWOGAUSSIANS",8,8.45547,0.8048748,0.0065436186,0.4,0.0,0.3959359,0.061439194,0.29114422,0.039118115,0.4,0.0,0.30546692,0.039575733
375316653866487564,4038413338785638144,0.5064498,2283.90283298546,0.16607847178501137,9.344257E-5,19.89748,0.031048624,0.04378223,0.021269659,0.022585863,0.01660403,0.07593546,0.041198775,0.39374766,0.011674564,0.09886997,0.031871207,0.2661487,0.02960527,null,null,null,null,"TWOGAUSSIANS",8,1.721496,0.39374766,0.011674564,0.4,0.0,0.2661472,0.029573679,0.043902233,0.021575952,0.12648083,0.09298257,0.07644144,0.04268274
375316653866487564,4038413368852278528,0.52066964,2292.590710453137,2.8838077695348043,1.8820147E-5,18.67654,0.011537242,0.26648924,0.004628787,0.07126014,0.009119445,0.30421156,0.021374494,0.7688895,0.016264219,0.06831526,0.010968479,0.3117797,0.044017088,null,null,null,null,"TWOGAUSSIANS",8,6.872198,0.7688895,0.016264219,0.38256547,0.052850146,0.31083366,0.043980636,0.26648924,0.004628787,0.39905676,0.024401592,0.3032655,0.021847434
375316653866487564,4038413544944161024,0.47367975,2267.3688496049863,1.0869621096351025,1.6720582E-5,19.452724,0.014163038,0.3397719,0.0183277,0.097138815,0.016256908,0.123201236,0.034300167,0.77594453,0.009590396,0.054855406,0.011676863,0.25106245,0.026292218,null,null,null,null,"TWOGAUSSIANS",8,2.1680417,0.77594453,0.009590396,0.30719027,0.06539044,0.25075725,0.02622155,0.3397719,0.0183277,0.4,0.0,0.12289086,0.034098305
375316653866487564,4038413544944269440,0.48150322,2284.0640510253347,0.03077565244848743,2.9579889E-5,19.428701,0.061397742,0.29334676,0.005880779,0.059797283,0.007981492,0.4186048,0.039731238,0.73500097,0.011173174,0.17569102,0.035281375,0.32249644,0.058099035,null,null,null,null,"TWOGAUSSIANS",8,3.5540879,0.29473677,0.0058139693,0.3348648,0.044696357,0.39833373,0.030072803,0.73500097,0.011173174,0.4,0.0,0.28636083,0.04304
375316653866487564,4038413746806475392,0.43194664,2271.160413775647,0.6093104088173409,7.79124E-5,19.51679,0.014842399,0.1768997,0.005946342,0.027471162,0.00975549,1.9389518,2.9690475,0.73718977,0.060979277,0.049159598,0.04242375,0.3484552,0.1275567,null,null,null,null,"TWOGAUSSIANS",8,7.1052804,0.1768997,0.005946342,0.15383852,0.054630745,1.9389518,2.9690478,0.73718977,0.060979277,0.27529374,0.22429249,0.3484552,0.12755622
375316653866487564,4038413785462707200,0.561023,2317.9680209360863,1.7479621430265184,1.0733911E-5,17.95344,0.0025306018,0.21368764,0.0021017299,0.050606932,0.003439934,0.28050283,0.030385748,0.69283706,1.906761E-5,0.004574555,2.0389436E-4,0.10159028,0.0017402386,null,null,null,null,"TWOGAUSSIANS",8,3.0078416,0.21368764,0.0021017299,0.2833988,0.01926363,0.28050283,0.030385748,0.69283706,1.906761E-5,0.025617508,0.0011418085,0.10159028,0.0017402386
375316653866487564,4038413785462745728,0.48275504,2303.5766277360785,0.9219930589711537,2.681797E-5,17.84847,0.008986117,0.24614893,0.015626907,0.07454679,0.03326637,0.16710292,0.07089571,0.7481892,0.013896119,0.05308882,0.01533771,0.06275178,0.013003052,null,null,null,null,"TWOGAUSSIANS",8,4.7948084,0.24614893,0.015626907,0.4,0.0039182855,0.16700745,0.07260402,0.7481892,0.013895746,0.2972974,0.08589118,0.062656306,0.012476246
375316653866487564,4038414094695921536,0.5771948,2332.190507338382,2.127267403601051,6.986938E-6,15.585149,0.08326896,0.3252165,0.0016501294,0.11181675,0.018075766,0.16450165,0.06879122,0.8260813,0.004139022,0.1588824,0.065529026,0.11748712,0.082029976,null,null,null,null,"TWOGAUSSIANS",8,3.672836,0.3251765,0.0017353082,0.4,0.0,0.11920255,0.0020484622,0.8260813,0.004149604,0.4,0.0,0.07054124,0.0027868585
375316653866487564,4038414403933456384,0.46376884,2272.476866366017,2.4035938494405253,2.4013132E-5,18.525625,0.010320191,0.28352764,0.00656789,0.078819565,0.008019084,0.29511896,0.043415654,0.7794075,0.011839766,0.08931401,0.009966304,0.28755262,0.042580627,null,null,null,null,"TWOGAUSSIANS",8,5.639459,0.28352764,0.00656789,0.4,0.0,0.2886343,0.045415133,0.7794075,0.011839766,0.4,0.0,0.28106785,0.04243139
375316653866487564,4038414610143026304,0.4838168,2401.6558517727444,1.567408784215811,3.5548295E-5,16.727034,0.41333413,0.28931487,0.020672167,0.13335,0.13382931,0.18782458,0.39736223,0.76599723,0.011330084,0.11062231,0.05714351,0.25894788,0.32543764,null,null,null,null,"TWOGAUSSIANS",8,36.33924,0.76599723,0.011330084,0.4,0.0,0.21636994,0.025377106,0.28938487,0.020049406,0.4,0.0,0.14487378,0.033030406
375316653866487564,4038414781890970240,0.55217457,2378.7464058944383,0.018625104166532385,2.3833472E-5,19.351818,0.20475912,0.29545215,0.008891432,0.045999635,0.019362714,0.2539423,0.14809734,0.7267959,0.009172778,0.10610453,0.07927151,0.4218508,0.19237837,null,null,null,null,"TWOGAUSSIANS",8,2.0252013,0.7267959,0.009172778,0.4,0.0,0.4212352,0.11807346,0.29548216,0.0060605034,0.25759795,0.1084312,0.2534358,0.12214678
375316653866487564,4038414816250579456,0.45515037,2335.2062508944846,0.5133289775967506,5.8416976E-5,19.278412,0.020249037,0.31014177,0.020391358,0.047238242,0.050266184,0.14048825,0.030715292,0.7823046,0.023724971,0.07859888,0.023148494,0.12311582,0.023332238,null,null,null,null,"TWOGAUSSIANS",8,2.3008044,0.31014177,0.020391358,0.26453415,0.18440852,0.14045046,0.035327114,0.7823046,0.023724971,0.4,0.03200643,0.12307803,0.02024508
375316653866487564,4038414988049530496,0.45618278,2338.51111738598,0.49886548658786106,2.0766283E-5,17.20539,0.006316469,0.18777776,0.0027204207,0.022812955,0.0045753503,0.07407613,0.0151706515,0.6846104,0.017764445,0.029224113,0.0380821,0.41059634,0.40530786,0.017160881,0.008765799,0.18777776,0.0027204207,"TWOGAUSSIANS_WITH_ELLIPSOIDAL_ON_ECLIPSE1",9,20.029852,0.68463045,0.016783271,0.16365503,0.21325976,0.44490457,0.40846404,0.18777776,0.0027204207,0.12775256,0.025621962,0.10839786,0.01439465
375316653866487564,4038415262927705856,0.47699994,2379.1077157139507,0.028067202972865718,3.3957474E-6,19.077078,0.009903035,0.11126182,0.009656589,0.06906945,0.009336434,0.20296867,0.030382073,0.5947122,0.0164226,0.03957737,0.00858675,0.28482354,0.057257693,null,null,null,null,"TWOGAUSSIANS",8,3.9686582,0.5947122,0.0164226,0.22163326,0.0480858,0.28481808,0.05725306,0.11126182,0.009656589,0.38678893,0.039978392,0.20296323,0.030386668
375316653866487564,4038415503445639552,0.61645377,2351.8982000670585,0.9293990580808992,8.4279745E-5,18.155935,0.0047844285,0.19448544,0.0070289276,0.03721135,0.011049741,0.13954194,0.025805486,0.7264192,0.018521912,0.04825371,0.008251013,0.83728796,0.13445611,null,null,null,null,"TWOGAUSSIANS",8,2.7091084,0.7264192,0.018521912,0.2702208,0.046205673,0.83728796,0.13445625,0.19448544,0.0070289276,0.20838356,0.061878547,0.13954194,0.025805555
375316653866487564,4038415537805414016,0.45594788,2400.9286504219845,4.954790188114468,7.474419E-5,19.208849,0.016620953,0.2561718,0.014062592,0.07453845,0.023831245,0.14272976,0.031370066,0.81194603,0.0076550357,0.0197326,0.0054448484,0.2719601,0.050645772,null,null,null,null,"TWOGAUSSIANS",8,2.8271801,0.81194603,0.0076550357,0.110502556,0.03049115,0.27196008,0.05064579,0.2561718,0.014062592,0.4,0.029982692,0.14272974,0.03137097
375316653866487564,4038415537856022400,0.42335138,2343.6020852349657,1.881552145244097,2.848631E-5,17.80368,0.07762047,0.26253167,0.014387927,0.089087084,0.024319667,0.08828057,0.06513933,0.7126701,0.019561127,0.19562754,0.124627516,0.082822174,0.07405831,null,null,null,null,"TWOGAUSSIANS",8,3.5505261,0.26707166,0.011626407,0.4,0.0,0.07178733,0.0588346,0.7126701,0.019561127,0.4,0.0,0.058763243,0.01117812
375316653866487564,4038415602235150592,0.52335566,2345.180363738709,2.84346982919267,9.6559415E-6,17.716219,0.009245567,0.2963486,0.0025714173,0.09782464,0.0067893025,0.1623366,0.008332799,0.80828977,0.0065781754,0.09360007,0.012711123,0.10319964,0.010021868,null,null,null,null,"TWOGAUSSIANS",8,2.6406345,0.2963486,0.0025714173,0.4,0.0,0.1550829,0.0047280774,0.80828977,0.0065781754,0.4,0.0,0.09594658,0.008152313
375316653866487564,4038415950122466816,0.5171282,2365.7288375818243,3.1515065555862662,3.001053E-5,19.333067,0.020647412,0.25309888,0.007070117,0.06938689,0.010005579,0.32546556,0.038889974,0.76189804,0.005321752,0.064622365,0.015135417,0.46457353,0.024738025,null,null,null,null,"TWOGAUSSIANS",8,4.6133103,0.76189804,0.005321752,0.36188525,0.084758334,0.4640023,0.02479972,0.25309888,0.007070117,0.3885666,0.044189457,0.32489434,0.038954772
375316653866487564,4038415984482251648,0.41672435,2317.4260362222894,1.0378387691306745,9.836958E-5,18.127192,0.007753786,0.17637084,0.007514618,0.0277204,0.0066228705,0.14034142,0.01618365,0.6921911,0.020900704,0.056225397,0.016017543,0.04073392,0.008676036,null,null,null,null,"TWOGAUSSIANS",8,10.877507,0.17637084,0.007514618,0.15523423,0.037088074,0.14034142,0.016183648,0.6921911,0.020900704,0.31486222,0.08969824,0.04073392,0.008676032
375316653866487564,4038416087565263104,0.4947906,2284.7464680079256,0.5793377888477722,9.791112E-5,18.432417,0.0032444869,0.5795725,3.0029574E-4,0.033585142,6.445333E-4,0.87160444,0.020014314,0.8547096,0.024754649,0.031495385,0.02026315,0.017499752,0.017396055,null,null,null,null,"TWOGAUSSIANS",8,2.0330627,0.5795725,3.0029574E-4,0.1880768,0.0036093865,0.87160444,0.020014314,0.8547096,0.024754649,0.17637415,0.11347364,0.017499752,0.017396055
375316653866487564,4038416117631276800,0.4306053,2383.322790251845,4.226491115333708,1.1022361E-4,19.378916,0.18766342,0.25544924,0.044308614,0.26731715,0.094596095,0.40756464,0.18665321,0.6400595,0.0030681803,0.070255026,0.007863057,0.8555956,0.061776493,null,null,null,null,"TWOGAUSSIANS",8,4.463377,0.6400595,0.0030681803,0.39342815,0.029643375,0.8559654,0.08820607,0.25544924,0.044313848,0.4,0.0,0.23510794,0.03347499
375316653866487564,4038416156284856704,0.41739097,2375.632148336598,1.9770562195064034,5.4925855E-5,18.97882,0.018709054,0.5588568,0.008429321,0.07177746,0.0076938877,0.3736027,0.047365233,0.9541622,0.016009863,0.030041952,0.01226956,0.0853219,0.027617952,null,null,null,null,"TWOGAUSSIANS",8,6.3376327,0.5588568,0.008429321,0.4,0.021083904,0.37360266,0.04736522,0.9541622,0.016009863,0.16823493,0.06870954,0.08532199,0.027618054
375316653866487564,4038416293723937280,0.4669099,2336.2157643389896,0.057275335586547974,4.4625325E-5,19.291246,0.3359196,0.2728649,0.019353904,0.1866674,0.07215467,0.7320023,0.32802436,0.72121733,0.011848099,0.09074521,0.018024223,0.88832384,0.124265954,null,null,null,null,"TWOGAUSSIANS",8,5.9637804,0.72121733,0.011848099,0.4,0.0,0.73959213,0.10421049,0.27287492,0.019295584,0.4,0.0,0.533079,0.052207384
375316653866487564,4038416568648433664,0.5883448,2381.0863275297893,3.4444964770486135,1.1120538E-5,16.315502,0.010053939,0.19374263,0.003642564,0.08824973,0.005121883,0.39312646,0.015195759,0.70161325,0.008371529,0.077236034,0.0059791855,0.29767272,0.020135894,null,null,null,null,"TWOGAUSSIANS",8,21.14888,0.19374263,0.003642564,0.4,0.0,0.3869193,0.0150715895,0.70161325,0.008371529,0.4,0.0,0.29146564,0.018405762
375316653866487564,4038416843479757824,0.5119146,2300.9655486074034,4.066896101491535,4.5515775E-5,19.048487,0.011216268,0.3024097,0.012022711,0.08279119,0.010153829,0.289042,0.027804673,0.7962491,0.008561284,0.07422295,0.012076088,0.3054862,0.06848351,null,null,null,null,"TWOGAUSSIANS",8,3.5779274,0.7962491,0.008561284,0.4,0.009205352,0.30220535,0.070584685,0.3024097,0.012022711,0.4,0.0,0.28576115,0.02695335
375316653866487564,4038416873542644864,0.45236224,2348.808577816245,0.10214528187583842,3.8782295E-5,18.964588,0.023228042,0.37706956,0.03357201,0.10875205,0.019477917,0.33196658,0.16387264,0.82932305,0.035386223,0.07547169,0.033367116,0.16755413,0.040540222,null,null,null,null,"TWOGAUSSIANS",8,2.0811546,0.37706956,0.033562426,0.4,0.0,0.32603693,0.17379402,0.82932305,0.035386223,0.4,0.06006796,0.16168381,0.034081258
375316653866487564,4038417187077502464,0.45395938,2425.7842541898312,2.1843369298121362,1.01767524E-4,17.923914,0.013860008,0.30906558,0.0015957694,0.029597234,0.004655314,0.35185236,0.097574,0.8398242,0.015495337,0.03003988,0.013788257,0.38937727,0.02893828,null,null,null,null,"TWOGAUSSIANS",8,2.6415482,0.8398242,0.015495337,0.16822334,0.07721424,0.38937727,0.02893828,0.30906558,0.0015957694,0.16574451,0.02606976,0.35185236,0.097574
375316653866487564,4038417217142932864,0.47007722,2339.6011387272856,3.3487384150319683,3.3630324E-5,19.438234,0.01499438,0.24207924,0.010351142,0.052814104,0.010288334,0.14925957,0.038224258,0.73364985,0.009374401,0.09004123,0.021936446,0.13207571,0.01878014,null,null,null,null,"TWOGAUSSIANS",8,1.4884223,0.24207924,0.010351142,0.295759,0.057614673,0.14878726,0.03805894,0.73364985,0.009374401,0.4,0.0,0.13160335,0.018996967
375316653866487564,4038417221437479808,0.47615337,2348.3461249604566,3.3658231509479184,2.353396E-5,19.133543,0.035948575,0.30842572,0.007768595,0.09884642,0.014768001,0.3479368,0.03609499,0.81617326,0.005715472,0.081433296,0.015998995,0.2899041,0.032561064,null,null,null,null,"TWOGAUSSIANS",8,7.0463824,0.30842572,0.007768595,0.4,0.0,0.33585262,0.026712552,0.81617326,0.005715898,0.4,0.0,0.27782202,0.026103955
375316653866487564,4038417457646761216,0.55312467,2288.8898620428295,1.8368448932097041,1.86488E-5,18.193005,0.002827502,0.18015562,0.0063770064,0.057510525,0.0045247423,0.35223994,0.05999447,0.6796806,0.0044206926,0.055021107,0.0055744615,0.10048921,0.0111061195,null,null,null,null,"TWOGAUSSIANS",8,1.653128,0.18015562,0.0063770064,0.32205895,0.025338557,0.35222077,0.060003605,0.6796806,0.0044206926,0.3081182,0.031216985,0.10047004,0.011116324
375316653866487564,4038417496315682816,0.5487379,2290.000820801559,0.018589249646972776,3.6230453E-5,19.45439,0.017651772,0.42761484,0.007865667,0.08941232,0.011750977,0.27371424,0.020463899,0.9533219,0.0044904267,0.061916035,0.013261114,0.09682555,0.015880419,null,null,null,null,"TWOGAUSSIANS",8,0.5438183,0.42761484,0.007865667,0.4,0.0,0.27287534,0.018871076,0.9533219,0.0044904267,0.3467298,0.07426224,0.09598684,0.014207687
375316653866487564,4038417698164952064,0.47969478,2447.9826674928813,0.12690419318822346,8.600814E-5,19.381433,0.023494028,0.46481064,0.0302377,0.22069524,0.07010342,0.07831143,0.023076218,0.8479881,0.03666908,0.03634588,0.029237181,0.60150826,97143.23,null,null,null,null,"TWOGAUSSIANS",8,1.9760457,0.8479881,0.03666908,0.20353693,0.1637282,0.60779,97143.23,0.46481064,0.0302377,0.4,0.0,0.065675065,0.022059634
375316653866487564,4038418114790891648,0.45130306,2332.689879766224,0.25332541732582364,1.38026E-4,19.076157,0.15802869,0.42679468,0.023892278,0.16148098,0.10237317,0.18107441,0.15604101,0.8458583,0.019453561,0.061651185,0.016774694,0.078388326,0.071374506,null,null,null,null,"TWOGAUSSIANS",8,3.593686,0.42679468,0.023892278,0.4,0.0,0.17206852,0.048100978,0.8458583,0.019453561,0.34524664,0.09393828,0.07590629,0.057050228
375316653866487564,4038418286593797120,0.4331314,2355.6019756943742,0.3121361925411462,4.362673E-5,18.010292,0.0038353943,0.19537738,0.012626732,0.043008946,0.040742517,0.058865815,0.029191915,0.48268527,0.03158618,0.02260731,0.028499395,0.0702974,0.038440626,null,null,null,null,"TWOGAUSSIANS",8,2.5785255,0.48268527,0.03158618,0.12660094,0.1595966,0.0702974,0.03843742,0.19537738,0.012626732,0.2408501,0.21667466,0.058865815,0.029191926
375316653866487564,4038418355306982144,0.4924825,2259.6513666558594,0.7523343087853813,4.4492834E-5,18.09317,0.027267998,0.45364973,0.024798518,0.15926166,0.042077255,0.16323996,0.026443543,0.89296746,0.01951551,0.026389549,0.01778568,0.049776345,0.29982683,null,null,null,null,"TWOGAUSSIANS",8,3.1623814,0.45364973,0.024798518,0.4,0.0,0.16037339,0.013469685,0.89296746,0.01951551,0.14778148,0.09959981,0.05087722,0.2999884
375316653866487564,4038418385363935360,0.48634696,2294.4748113345227,0.20134364300976273,2.213834E-5,18.263985,0.009021751,0.38529223,0.048855968,0.07055959,0.031449467,0.18664263,0.08726106,0.85376936,0.006349148,0.051399987,0.009353929,0.12874205,0.0238911,null,null,null,null,"TWOGAUSSIANS",8,1.5666723,0.38529223,0.048855968,0.39513373,0.052725203,0.18661895,0.08735487,0.85376936,0.006349148,0.28783992,0.052382004,0.12871838,0.023843635
375316653866487564,4038418630191563520,0.4832804,2363.814740898613,0.0682927086094704,3.999842E-5,19.781483,0.017853871,0.46245024,0.026339818,0.036792636,0.042047728,1.4186893,2.0334496,0.81492674,0.010627101,0.116306856,0.011073247,0.28140876,0.022737574,null,null,null,null,"TWOGAUSSIANS",8,1.6095213,0.4625202,0.027491843,0.20603876,0.19923097,1.4214425,2.034389,0.81492674,0.010627101,0.4,0.0,0.2813085,0.02293117
375316653866487564,4038418698904543360,0.55884016,2312.261572002245,3.3321785483023394,3.042762E-5,19.227074,0.030267151,0.2773032,0.004777923,0.07418199,0.007385709,0.47917578,0.034187842,0.7720949,0.0120391045,0.078611985,0.016876334,0.50980437,0.052535783,null,null,null,null,"TWOGAUSSIANS",8,3.624744,0.7720949,0.0120391045,0.4,0.0,0.50562435,0.05058248,0.2773032,0.004777923,0.4,0.0,0.4749958,0.031697966
375316653866487564,4038418733264361984,0.5047509,2306.4827964362,1.0934961048183884,2.4950272E-5,19.183428,0.014557182,0.7383151,0.03250116,0.07061809,0.02380521,0.08449605,0.105496034,0.4927225,0.014725845,0.089854926,0.019830264,0.15644452,0.013407081,null,null,null,null,"TWOGAUSSIANS",8,1.5684952,0.49324253,0.01395219,0.4,0.0,0.15664306,0.0133083565,0.7299351,0.03379474,0.39546132,0.12420152,0.08869665,0.10724302
375316653866487564,4038418763317009536,0.5128993,2297.8268196417825,0.7569841172381995,2.059751E-5,18.269785,0.008717969,0.37292182,0.014544486,0.04227781,0.019153796,0.86687857,13.962515,0.8771268,0.0030598918,0.026763976,0.005110013,0.08732096,0.018330052,null,null,null,null,"TWOGAUSSIANS",8,8.449933,0.37292182,0.014544486,0.23675574,0.10726126,0.86687857,13.962515,0.8771268,0.0030598918,0.14987826,0.02861607,0.08732096,0.018330052
375316653866487564,4038419248708867456,0.5538475,2360.8140174714304,1.3568466515516218,1.4662322E-5,16.402618,0.012408447,0.17850062,0.0045875465,0.0852494,0.014815393,0.085875876,0.011299011,0.6797947,0.01273103,0.075438015,0.009064501,0.22926058,0.02638653,null,null,null,null,"TWOGAUSSIANS",8,13.728979,0.6797947,0.01273103,0.4,0.0,0.22720249,0.024898818,0.17850062,0.0045875465,0.4,0.0,0.08381777,0.009021952
375316653866487564,4038419450511716608,0.5384853,2288.6079774290793,0.7523854478723468,3.994741E-5,18.718636,0.003955487,0.12683164,5.649256E-4,0.020133309,0.002181921,0.033513416,0.003225152,0.6770679,0.010028496,0.13056692,0.010481429,0.13640887,0.005720356,null,null,null,null,"TWOGAUSSIANS",8,0.986605,0.6770679,0.010028496,0.4,0.0,0.13615516,0.0056529148,0.12672164,4.8853015E-4,0.11274653,0.012218757,0.03364073,0.0032621874
375316653866487564,4038419832776634112,0.4798377,2330.0980080287854,3.4850956054280706,4.194275E-5,19.44281,0.51692104,0.18917993,0.010576179,0.12703703,0.03650373,0.6001527,0.45768437,0.7151787,0.0077249766,0.1532493,0.07269705,0.5160859,0.5030348,null,null,null,null,"TWOGAUSSIANS",8,3.1477547,0.18759993,0.0072642956,0.4,0.0,0.41783008,0.04938673,0.7157887,0.0062553342,0.4,0.0,0.3286604,0.047135092
375316653866487564,4038419867142754432,0.54025185,2358.174656324836,0.23912071474542101,5.038767E-5,19.633179,0.005232618,0.17759229,0.0017900174,0.018200472,0.0070117027,0.475815,70.00132,0.5366123,0.0011654821,0.05350069,0.010222892,0.94602853,1.0384587,null,null,null,null,"TWOGAUSSIANS",8,0.83626777,0.5366123,0.0011654821,0.29960385,0.057248197,0.94602853,1.0384587,0.17759229,0.0017900174,0.10192264,0.039265536,0.475815,70.00132
375316653866487564,4038420275157281280,0.506335,2323.5583464810475,2.0860018618675378,1.9503244E-5,18.71675,0.006781517,0.3206384,0.0020557537,0.021773484,0.003462839,0.20624211,0.02578658,0.7728864,0.004165275,0.06678927,0.011934866,0.43693152,0.13921916,null,null,null,null,"TWOGAUSSIANS",8,4.532689,0.7728864,0.004165275,0.37401992,0.056161378,0.43693152,0.13921921,0.3206384,0.0020557537,0.12193151,0.019391898,0.2062421,0.025786582
375316653866487564,4038420691775973376,0.45767638,2311.260874706599,3.8023453090578725,1.8105948E-5,17.965546,0.016414482,0.22128041,0.068394355,0.099468365,0.051082376,0.021980029,0.019088322,0.5476381,0.00973585,0.08310454,0.022733357,0.156545,0.05532623,null,null,null,null,"TWOGAUSSIANS",8,5.0079627,0.5476381,0.00973585,0.4,0.0,0.1565328,0.05598471,0.22288041,0.06940587,0.4,0.05138591,0.021939568,0.017974602
375316653866487564,4038420794855359744,0.51688415,2312.9071682540166,3.408604884190277,3.9040966E-5,19.537302,0.021878986,0.24780901,0.024163883,0.08434011,0.01758078,0.35295945,0.04518333,0.7552018,0.008904473,0.07707552,0.013965745,0.43043002,0.05636524,null,null,null,null,"TWOGAUSSIANS",8,2.9431393,0.7552018,0.008904473,0.4,0.028332818,0.4248918,0.058785237,0.24780901,0.024163883,0.4,0.013380903,0.34742123,0.04157664
375316653866487564,4038421378966838912,0.53225625,2269.72665449029,3.814837581567266,2.1660942E-5,18.59501,0.070253864,0.2789194,0.010866505,0.117373966,0.02987268,0.22163083,0.06982284,0.7574154,0.0093516065,0.11628929,0.02472847,0.29240596,0.06470242,null,null,null,null,"TWOGAUSSIANS",8,2.4888728,0.7574154,0.0093516065,0.4,0.0,0.25041994,0.010483282,0.2790294,0.010669793,0.4,0.0,0.17965303,0.015274218
375316653866487564,4038421413326522368,0.56637585,2294.4661496626527,3.0874036131664404,2.3225726E-5,19.237703,0.008763163,0.24678291,0.0041416436,0.0758703,0.0057843123,0.529906,0.018080246,0.75524306,0.013101578,0.06994024,0.011035832,0.588972,0.09379867,null,null,null,null,"TWOGAUSSIANS",8,2.9766452,0.75524306,0.013101578,0.39166534,0.0554351,0.5864238,0.09452589,0.24678291,0.0041416436,0.4,0.0,0.5273578,0.018196957
375316653866487564,4038421550769701888,0.53279847,2287.5968783111603,2.642898870541079,2.7922271E-5,18.959257,0.0070342887,null,null,null,null,null,null,null,null,null,null,null,null,0.12408561,0.00917974,0.20378977,0.006440739,"ELLIPSOIDAL",4,3.451899,null,null,null,null,null,null,null,null,null,null,null,null
375316653866487564,4038422066161810304,0.46042013,2365.7750878749403,0.2504636569516926,5.9300077E-5,17.841768,0.012911444,0.40223107,0.015152152,0.09230954,0.01825608,0.077377684,0.0070690503,0.06631504,0.038441047,0.16153175,0.06631303,0.029675296,0.0115051335,null,null,null,null,"TWOGAUSSIANS",8,1.9376771,0.39715105,0.009800206,0.4,0.0,0.07835469,0.009238391,0.070465036,0.037196435,0.4,0.0,0.027231848,0.005005062
375316653866487564,4038422203646178688,0.47219276,2270.629936900497,0.7636328701772446,3.183173E-5,18.121115,0.23016745,0.42594662,0.029824482,0.16797465,0.07155243,0.2841892,0.21323495,0.87432,0.06923816,0.19426398,0.13106583,0.20332316,0.19558737,null,null,null,null,"TWOGAUSSIANS",8,3.6413195,0.44095662,0.016048526,0.4,0.0,0.15718248,0.03433204,0.87432,0.06923816,0.4,0.069670126,0.067028165,0.010814665
375316653866487564,4038422581557898624,0.47369483,2328.1448749682395,0.11485208988212124,4.011705E-5,19.256443,0.1780158,0.055245515,0.0369717,0.11784863,0.024827763,0.1461329,0.09971298,0.50187826,0.010178146,0.19356664,0.09290262,0.26121628,0.17088403,null,null,null,null,"TWOGAUSSIANS",8,1.6360425,0.50187826,0.010178146,0.4,0.0,0.17652652,0.020824427,0.07595552,0.025487179,0.4,0.0,0.08551098,0.026532719
375316653866487564,4038422993873308032,0.456268,2226.18867112015,4.683254453029425,9.810774E-5,18.65992,0.019962324,0.20602316,0.013676327,0.09614205,0.021567868,0.2582189,0.14570819,0.7258672,0.029829536,0.06975299,0.0473809,0.4512089,144610.67,null,null,null,null,"TWOGAUSSIANS",8,22.334927,0.7258672,0.029829536,0.39061674,0.26533303,0.44650397,144610.67,0.20602316,0.013676327,0.4,0.0,0.2535129,0.14798798
375316653866487564,4038423096958668544,0.48363796,2313.1775455654097,2.7181678814035415,4.2489202E-5,18.362045,0.073331654,0.25328785,0.0075125396,0.12839356,0.046722706,0.14687362,0.06465149,0.72308767,0.009500068,0.112674445,0.033776302,0.21446347,0.070613466,null,null,null,null,"TWOGAUSSIANS",8,2.0528994,0.72308767,0.009500068,0.4,0.0,0.1837797,0.050377987,0.25341785,0.007144485,0.4,0.0,0.11601835,0.025033046
375316653866487564,4038423096999703808,0.51978433,2387.7490860323846,3.1918633605267686,1.7436238E-5,16.781229,0.016035285,0.21209137,0.0100431675,0.06447875,0.0659162,0.08101865,0.037566297,0.7472035,0.005999594,0.044970002,0.010046772,0.18548949,0.040092308,0.10940693,0.02155614,0.21209137,0.0100431675,"TWOGAUSSIANS_WITH_ELLIPSOIDAL_ON_ECLIPSE1",9,23.90946,0.7472035,0.005999594,0.251832,0.05626192,0.3937807,0.03651713,0.21209137,0.0100431675,0.361081,0.12002945,0.2997882,0.012884359
375316653866487564,4038423264417694848,0.49260548,2404.0969488773217,3.0939735312884,5.3998076E-5,17.885971,0.018285507,0.22662242,0.00976883,0.10022362,0.012117959,0.18834595,0.020187119,0.7282101,0.0069379746,0.083900265,0.015607577,0.18239036,0.021968858,null,null,null,null,"TWOGAUSSIANS",8,7.7103667,0.22662242,0.00976883,0.4,0.0,0.17930387,0.013189019,0.7282101,0.0069379746,0.4,0.0,0.17334975,0.022621375
375316653866487564,4038423268757207168,0.52364784,2333.980746644311,2.5249521020580468,1.692933E-5,18.985882,0.034509394,0.29002336,0.019962441,0.072009385,0.029600669,0.37572688,0.029828394,0.780968,0.012846547,0.076531835,0.014003958,0.43033877,0.059039056,null,null,null,null,"TWOGAUSSIANS",8,4.9501977,0.780968,0.012846547,0.4,0.023327231,0.42807022,0.054846026,0.29002336,0.019962441,0.4,0.019392764,0.37345836,0.020194147
375316653866487564,4038423676733271936,0.5967406,2345.9414100614745,1.8580002822088113,1.0861948E-5,17.436281,0.025456542,0.17719394,0.004000951,0.09765002,0.0059802197,0.38138765,0.026867094,0.72336584,0.009141296,0.10931274,0.019156307,0.26630542,0.022291189,null,null,null,null,"TWOGAUSSIANS",8,5.5067177,0.17715394,0.003938622,0.4,0.0,0.36215967,0.011404002,0.7233858,0.009129423,0.4,0.0,0.24703605,0.03479989
375316653866487564,4038424230830651648,0.52653134,2367.9884815807627,0.6361892763659952,3.1885816E-4,19.505733,0.005971142,0.5255056,9.832389E-5,0.06409738,0.0020418612,1.3443512,0.033287995,null,null,null,null,null,null,null,null,null,null,"ONEGAUSSIAN",5,1.3234135,0.5255056,9.832389E-5,0.35894534,0.011434423,1.3443512,0.0,null,null,null,null,null,null
375316653866487564,4038424402629620608,0.54042584,2367.082936517363,2.502418183033639,3.3156164E-5,18.183064,0.007658411,0.29836327,0.0066780103,0.06289274,0.007146587,0.20979188,0.01992253,0.7943991,0.0051292395,0.055497732,0.011305829,0.22799757,0.0451198,null,null,null,null,"TWOGAUSSIANS",8,3.7389865,0.7943991,0.0051292395,0.3107873,0.06331264,0.227947,0.04520734,0.29836327,0.0066780103,0.35219938,0.040020887,0.2097413,0.019918343
375316653866487564,4038424643147551616,0.4920554,2370.336171423706,1.181888030400852,1.6519518E-5,18.976145,0.003885477,0.3328023,0.04716482,0.03372076,0.028030781,0.05018337,0.044372067,0.90002185,4.6802114E-4,0.021712191,0.0016479335,0.6235868,0.13582925,null,null,null,null,"TWOGAUSSIANS",8,0.93830943,0.90002185,4.6802114E-4,0.12158827,0.009228428,0.6235868,0.13582925,0.3328023,0.04716482,0.18883628,0.15697238,0.05018337,0.044372067
375316653866487564,4038424673191885824,0.58937,2355.958185066534,3.5740828765635637,1.41509945E-5,18.490643,0.02150392,0.31133622,0.004561229,0.067467704,0.0068041068,0.4294925,0.022832943,0.80797285,0.005510604,0.07126133,0.01240335,0.51047635,0.06337792,null,null,null,null,"TWOGAUSSIANS",8,4.3991365,0.80797285,0.005510604,0.39906347,0.015621778,0.5091775,0.06555791,0.31133622,0.004561229,0.37781915,0.037615523,0.42819366,0.020828862
375316653866487564,4038424948043624832,0.4630659,2364.063847481404,0.6649735713142899,1.0297744E-4,17.035557,0.0042271256,0.18268901,0.0069907564,0.067201085,0.010182438,0.08738056,0.0128449565,0.72764045,0.022655347,0.067385405,0.019370185,0.0717482,0.017158331,null,null,null,null,"TWOGAUSSIANS",8,8.407134,0.18268901,0.0069907564,0.37632608,0.040255595,0.08733697,0.012886023,0.72764045,0.022655347,0.37735826,0.065180115,0.07170462,0.017168164
375316653866487564,4038424952425593088,0.5082773,2273.326729197871,0.44985122856376153,8.4054926E-5,18.120186,0.0072360006,0.19108935,0.011472879,0.077913925,0.026493602,0.16668813,0.08898127,0.758965,0.01338333,0.05726441,0.025648993,0.16815464,0.05521276,null,null,null,null,"TWOGAUSSIANS",8,2.8416638,0.758965,0.013383769,0.32068068,0.14363436,0.16810603,0.055336382,0.19108935,0.011472879,0.4,0.0,0.16663948,0.089260615
375316653866487564,4038425089823485824,0.55996084,2287.528297537388,1.2301600935529373,2.2981556E-5,18.18286,0.0036893354,0.2144956,0.043860096,0.051694795,0.011076695,0.4718145,0.4352669,0.7027212,0.016495213,0.057099413,0.033628963,0.115499616,0.07086108,null,null,null,null,"TWOGAUSSIANS",8,1.7353257,0.2144956,0.043860096,0.28949085,0.062029496,0.47180757,0.43529114,0.7027212,0.016495213,0.31975672,0.09878614,0.11549266,0.07125448
375316653866487564,4038425261663253504,0.64218336,2362.5375024100895,2.9324680847920686,1.208831E-5,17.040522,0.020156562,0.14300725,0.003142074,0.043945387,0.007497037,0.29953942,0.04226627,0.64193904,0.019387085,0.053935166,0.021740146,0.39418897,0.12635516,0.13165951,0.028688919,0.14300725,0.003142074,"TWOGAUSSIANS_WITH_ELLIPSOIDAL_ON_ECLIPSE1",9,15.600511,0.642079,0.018554237,0.30203694,0.12174482,0.6574897,0.13440053,0.14300725,0.003142074,0.24609417,0.041983407,0.5628504,0.019302543
375316653866487564,4038425330337285632,0.49014422,2321.6234311156227,0.11977382641028704,2.4679834E-5,19.125872,0.15709066,0.109645694,0.011018749,0.050279904,0.034931067,0.10193109,451160.2,0.5984997,0.010569504,0.27816454,0.0899361,0.2521699,0.15246451,null,null,null,null,"TWOGAUSSIANS",8,0.9132547,0.5984997,0.010569504,0.4,0.0,0.1302476,0.009353637,0.11050569,0.010613149,0.28156745,0.19561397,0.07967328,451160.22
375316653866487564,4038425777013830656,0.57538813,2312.1567526658005,2.520073064348623,2.1315574E-5,19.104012,0.007677298,0.24630944,0.005654954,0.06245103,0.0050269696,0.59414774,0.028813014,0.74667287,0.046087235,0.04501148,0.031339683,0.5011092,0.20098233,null,null,null,null,"TWOGAUSSIANS",8,3.021623,0.24630944,0.005654954,0.34972578,0.02815103,0.59412634,0.028775869,0.74667287,0.046087235,0.2520643,0.16625176,0.5010878,0.20077017
375316653866487564,4038425914452819840,0.47678337,2279.367652565023,0.37613745116045966,2.8100492E-5,18.050293,0.21395692,0.31161284,0.011589627,0.110886395,0.036473937,0.27513474,0.16009974,0.79154265,0.0070011746,0.1913665,0.1156512,0.2633401,0.20312445,null,null,null,null,"TWOGAUSSIANS",8,4.5343294,0.31445283,0.012364121,0.4,0.0,0.1774866,0.035388127,0.79154265,0.0070011746,0.4,0.0,0.14774111,0.04349714
375316653866487564,4038426154975930496,0.57390857,2266.2009501484854,2.5141862429093633,1.5979624E-5,18.20347,0.009554388,0.20911403,0.0077201873,0.086121835,0.01136696,0.25612694,0.064467244,0.70845914,0.005378853,0.09081596,0.00914747,0.22716191,0.018743047,null,null,null,null,"TWOGAUSSIANS",8,1.3783628,0.20911403,0.0077201873,0.4,0.0,0.24734057,0.06761371,0.70845914,0.005378853,0.4,0.0,0.21837544,0.02167851
375316653866487564,4038426189330904832,0.44330963,2283.797401387215,0.2168990764208843,4.1859577E-5,18.247494,0.9380244,0.20960578,0.017492512,0.16845457,0.15832227,0.5385142,0.87288845,0.77978176,0.0048883515,0.04951066,0.022252042,1.3119075,0.3455738,null,null,null,null,"TWOGAUSSIANS",8,28.071262,0.78031176,0.005194767,0.2772597,0.121332526,1.2985814,0.3586467,0.20960578,0.017492512,0.4,0.0,0.50259197,0.092418835
375316653866487564,4038426292415060224,0.44465017,2404.965491450887,1.9996087853768547,8.898122E-5,19.180792,0.024556268,0.333998,0.05088839,0.115135625,0.04326602,0.37720487,0.31255752,0.61633146,0.025164958,0.047244295,0.02948249,0.2012868,0.22885777,null,null,null,null,"TWOGAUSSIANS",8,4.1751966,0.333998,0.05088839,0.4,0.0,0.37714028,0.3130254,0.61633146,0.025164958,0.26456806,0.16510195,0.21987866,0.2289273
375316653866487564,4038426391152858368,0.47696662,2322.6742947135226,0.17180298185269757,1.7674953E-5,15.827997,0.2075595,0.28162342,0.006315319,0.068041086,0.013258728,0.24492797,0.04742312,0.7885719,0.030780626,0.11521821,0.19815874,0.12447363,0.17633383,null,null,null,null,"TWOGAUSSIANS",8,14.045674,0.28162342,0.005853308,0.38103005,0.060586542,0.23836471,0.025405422,0.7885719,0.030780626,0.4,0.0,0.11788945,0.07099077
375316653866487564,4038426636007375360,0.4991066,2338.1842427568454,0.08670941115217028,7.253498E-5,19.040035,0.008994867,0.36965096,0.0103340065,0.02933246,0.03342734,0.3388856,0.18462172,0.833262,0.0068213292,0.05797032,0.005265288,0.1738445,0.013995289,null,null,null,null,"TWOGAUSSIANS",8,1.9985199,0.36965096,0.0103340065,0.16426179,0.18719311,0.3388856,0.1846506,0.833262,0.0068213292,0.32463378,0.029485613,0.1738445,0.013989433
375316653866487564,4038426700390582912,0.46045715,2327.3576818631286,3.3843281683562165,3.6522717E-5,16.293533,0.005838639,null,null,null,null,null,null,null,null,null,null,null,null,0.07782646,0.009971271,0.77316296,0.007577324,"ELLIPSOIDAL",4,76.63744,null,null,null,null,null,null,null,null,null,null,null,null
375316653866487564,4038426803469781248,0.55685043,2357.301192558466,2.439120752986578,2.2124264E-5,16.375631,0.039982628,0.23921138,0.01640951,0.04544618,0.03162827,0.28217936,0.073937744,0.7295757,0.022469342,0.040824987,0.035896473,0.24015175,0.25797895,0.11834525,0.043503206,0.23921138,0.01640951,"TWOGAUSSIANS_WITH_ELLIPSOIDAL_ON_ECLIPSE1",9,73.83032,0.23921138,0.01640951,0.2544986,0.13903935,0.5188693,0.020361029,0.7306757,0.017906087,0.22861993,0.20102026,0.4760744,0.301541
375316653866487564,4038427254520253952,0.56517386,2308.8404096930803,1.458009582653604,8.809921E-6,17.860813,0.010710592,0.28322423,0.0017617694,0.0773482,0.0030443121,0.44314754,0.016918702,0.7874096,0.0038249488,0.11457078,0.012350878,0.13811004,0.009105244,null,null,null,null,"TWOGAUSSIANS",8,2.1865695,0.28322423,0.0017617694,0.4,0.0,0.43004373,0.016569639,0.7874096,0.0038249488,0.4,0.0,0.124985784,0.0062109805
375316653866487564,4038427460652031744,0.44247282,2266.9848229351896,1.3533340269597496,8.716239E-5,18.971245,0.030806277,0.24024671,0.01781277,0.14879166,0.048038803,0.10604197,0.029992722,0.717993,0.021311829,0.07413765,0.020341728,0.16733414,0.059116807,null,null,null,null,"TWOGAUSSIANS",8,4.345362,0.717993,0.021311829,0.4,0.036331397,0.15361956,0.055600684,0.24024671,0.01781277,0.4,0.0,0.09149132,0.01670577
375316653866487564,4038427495011928576,0.56648433,2311.7153105333286,2.5624648341658127,1.5633168E-5,18.928297,0.01452394,0.2471813,0.0022476856,0.06757562,0.0041771415,0.5981527,0.060024373,0.7498949,0.0127537465,0.07406241,0.012461406,0.71338725,0.1484061,null,null,null,null,"TWOGAUSSIANS",8,3.403956,0.7498949,0.0127537465,0.4,0.011945354,0.71097773,0.15131137,0.2471813,0.0022476856,0.37842348,0.023391992,0.5957431,0.060497887
375316653866487564,4038427804249411456,0.5147584,2253.6697442034765,1.4789913594456645,1.0136852E-5,17.92412,0.0045973174,0.26437384,0.03933828,0.05644146,0.025575507,0.08802874,0.075131476,0.806376,0.0027676872,0.055012744,0.0035220333,0.19044814,0.012320805,null,null,null,null,"TWOGAUSSIANS",8,2.0220904,0.806376,0.0027676872,0.30807137,0.019723387,0.19044626,0.012321737,0.26437384,0.03933828,0.31607217,0.14322284,0.08802686,0.07513417
375316653866487564,4038428452775242624,0.50114757,2289.926987090752,0.02391963858901335,6.176085E-5,18.924313,0.0078573935,0.43281797,0.025696097,0.14010674,0.025500108,0.3699787,0.051627196,0.8342797,0.0025690016,0.03185914,0.0047910893,0.91033673,0.70395935,null,null,null,null,"TWOGAUSSIANS",8,3.6585734,0.8342797,0.0025690016,0.17841119,0.026830101,0.9145994,0.7075599,0.43281797,0.025696097,0.4,0.0,0.3681017,0.054082826
375316653866487564,4038428590180219136,0.49094978,2301.5190497563167,0.43686548465929304,4.4001226E-5,17.421576,0.0047966475,0.28324354,0.03506899,0.040190026,0.02508973,0.1096682,0.031453475,0.7201597,0.010302337,0.056813665,0.010195807,0.122080036,0.013774586,null,null,null,null,"TWOGAUSSIANS",8,3.954584,0.7201597,0.010302337,0.31815654,0.057096515,0.12208003,0.01377439,0.28324354,0.03506899,0.22506416,0.14050248,0.10966819,0.03145244
375316653866487564,4038428594524772736,0.60884655,2292.535467667555,1.5630903183840448,1.8313287E-5,17.86249,0.0051503987,0.7192017,0.0029933897,0.05030825,0.0070061926,0.31940708,0.0154952835,null,null,null,null,null,null,0.05241201,0.0058695097,0.7192017,0.0029933897,"ONEGAUSSIAN_WITH_ELLIPSOIDAL",6,2.165145,0.7192017,0.0029933897,0.28172618,0.03923468,0.42422947,0.01783113,null,null,null,null,null,null
375316653866487564,4038428835042553216,0.5385217,2181.6045544157105,3.503879673215341,7.512971E-5,18.579165,0.016283428,0.21327585,0.0048539545,0.07530886,0.011762313,0.21567291,0.014762033,0.7116459,0.0088872,0.07713281,0.01439206,0.22503142,0.013640342,null,null,null,null,"TWOGAUSSIANS",8,3.1169808,0.7116459,0.0088872,0.4,0.0,0.22306886,0.0130761545,0.21327585,0.0048539545,0.4,0.00518547,0.21371037,0.013160089
375316653866487564,4038429036852188800,0.56822467,2338.98437744191,1.7786250847212708,2.0806163E-5,17.105219,0.011549565,0.21398005,0.0049921167,0.08681853,0.012130531,0.13629006,0.014688425,0.70942116,0.0034845087,0.09208055,0.006496741,0.20889595,0.011322158,null,null,null,null,"TWOGAUSSIANS",8,4.9968476,0.70942116,0.0034845087,0.4,0.0,0.2025509,0.00805827,0.21398005,0.0049921167,0.4,0.0,0.12994514,0.015114309
375316653866487564,4038429036853715584,0.53242767,2366.975982781178,0.34499418396971837,4.8604667E-5,17.806623,0.0013416365,0.27195054,0.01287913,0.12407864,0.008872918,0.14610119,0.011488885,0.70915854,0.010553789,0.015205941,0.0073083146,0.041611407,0.0025023224,null,null,null,null,"TWOGAUSSIANS",8,2.563559,0.27195054,0.01287913,0.4,0.0,0.14601114,0.011542522,0.70915854,0.010553789,0.08515327,0.040926564,0.04182048,0.002408941
375316653866487564,4038429453543522176,0.4741769,2126.3872896809935,0.5074935514289849,1.3762551E-4,18.654339,0.009158252,0.24492222,0.0073813694,0.060788438,0.011953124,0.25537837,0.04295732,0.7640129,0.027069068,0.079257324,0.03828776,0.18862337,0.061951075,null,null,null,null,"TWOGAUSSIANS",8,11.948642,0.24492222,0.0073811044,0.34041527,0.06693749,0.2549364,0.043951537,0.7640129,0.027069068,0.4,0.0,0.1881814,0.06636321
375316653866487564,4038429556622745344,0.4998454,2270.904688222559,2.635882700154977,3.5856108E-6,16.315243,0.047871493,0.25723043,0.0011664416,0.26485443,0.010928744,1.1504991,0.04715429,0.7545354,0.0014183248,0.14827979,0.009981187,0.7677526,0.062879585,null,null,null,null,"TWOGAUSSIANS",8,19.154646,0.25772044,0.0013293287,0.4,0.0,0.2234146,0.002407059,0.7545354,0.0014183248,0.4,0.0,0.22092845,0.023999384
375316653866487564,4038430759188797696,0.47709242,2238.972561026397,2.7421000223088727,2.5856672E-5,19.255953,0.4556389,0.2608744,0.010836967,0.14044073,0.06812849,0.31446198,0.4391973,0.7872921,0.010654712,0.12733355,0.0488431,0.27832693,0.40142852,null,null,null,null,"TWOGAUSSIANS",8,1.3385755,0.26047438,0.008923944,0.4,0.0,0.22896217,0.022931457,0.7884021,0.006677458,0.4,0.0,0.19385299,0.033276524
375316653866487564,4038430759200114560,0.5627729,2222.7347959512012,2.437036847498189,1.24864755E-5,18.78127,0.01603025,0.26892883,0.031378306,0.08256096,0.02759425,0.39102805,0.10316756,0.7661354,0.0016762924,0.07910486,0.005564391,0.3822724,0.016681634,null,null,null,null,"TWOGAUSSIANS",8,2.0489383,0.26892883,0.031378306,0.4,0.0,0.38489038,0.10895786,0.7661354,0.0016762924,0.4,0.0,0.37613475,0.01779546
375316653866487564,4038431034065957248,0.5581739,2210.7370559288356,1.2301734720520514,2.2352147E-5,19.68601,0.01605182,0.13529572,0.0061409,0.045220513,0.0056146528,0.979807,0.29094258,0.60231924,0.003246198,0.042266797,0.009815257,0.06493781,0.015113289,null,null,null,null,"TWOGAUSSIANS",8,2.1471205,0.13529572,0.0061409,0.25323486,0.031442054,0.979807,0.2909426,0.60231924,0.003246198,0.23669407,0.05496544,0.0649378,0.015113238
375316653866487564,4038431583822765696,0.50769204,2290.9674069845496,4.220107689959029,3.467013E-5,19.512735,0.124035195,0.31132168,0.014137146,0.049290832,0.03526345,0.91035503,0.15180765,0.8002253,0.0076794596,0.11929987,0.025618242,0.5247903,0.115550436,null,null,null,null,"TWOGAUSSIANS",8,7.889127,0.3113317,0.01440328,0.27602866,0.12785116,0.89940554,0.20433624,0.8002253,0.0076794596,0.4,0.0,0.5136682,0.07603498
375316653866487564,4038432339738418304,0.4626284,2293.7111637178646,3.9185803058869895,1.2427357E-4,19.409075,0.022229396,0.5305563,0.011234844,0.055994045,0.011812618,0.30680484,0.037098337,0.8518654,0.031656604,0.13735966,0.05433796,0.15474668,0.03739043,null,null,null,null,"TWOGAUSSIANS",8,3.277341,0.5323463,0.011033057,0.31356665,0.06615066,0.31620717,0.03611332,0.8518654,0.031656604,0.4,0.0,0.1539621,0.037433714
375316653866487564,4038432752055685760,0.5045714,2292.7518533784482,0.16503630220922427,2.2233782E-5,19.30599,0.022380672,0.43201005,0.00827506,0.032949463,0.0066252206,0.41700804,0.109566614,0.7233022,0.028180527,0.05368166,0.016839506,0.5916152,0.07080259,null,null,null,null,"TWOGAUSSIANS",8,9.123745,0.7233022,0.028180527,0.30061728,0.09430124,0.5916152,0.07080259,0.43201005,0.00827506,0.184517,0.037101235,0.41700828,0.10956661
375316653866487564,4038432885170247552,0.6600831,2248.7484878410723,1.0706779239789392,8.92734E-6,18.18267,0.022122884,0.16247784,0.0018968176,0.036678296,0.0016205308,1.6411179,0.020342419,0.748298,0.025010899,0.10553267,0.021624645,0.19639856,0.086569846,null,null,null,null,"TWOGAUSSIANS",8,18.128601,0.16247784,0.0018963217,0.20539846,0.009074973,1.6410892,0.02045733,0.748298,0.025010899,0.4,0.0,0.19628096,0.086664975
375316653866487564,4038433091306109696,0.54518634,2292.8502433827566,2.488778838265512,6.2179046E-5,17.864367,0.10762703,0.288451,0.0057935165,0.09975133,0.027158655,0.25758326,0.09432558,0.78024554,0.0081049595,0.12738699,0.04429918,0.22361359,0.105453014,null,null,null,null,"TWOGAUSSIANS",8,5.3442574,0.288511,0.005688074,0.4,0.0,0.21930866,0.018917099,0.78024554,0.0081049595,0.4,0.0,0.18513292,0.009611021
375316653866487564,4038433301811850368,0.45972058,2285.8029146997396,0.6692298121478766,3.6835318E-5,18.95189,0.6155945,0.30836695,0.023031,0.083458476,0.04524498,0.46227095,0.19295785,0.7733776,0.026540726,0.1970133,0.15366925,0.42374805,0.5836192,null,null,null,null,"TWOGAUSSIANS",8,6.781635,0.31107697,0.02187456,0.4,0.029199535,0.37197617,0.16449693,0.7733776,0.026540726,0.4,0.0,0.29647082,0.04742412
375316653866487564,4038433748487105920,0.48179615,2237.777885734821,2.0253302154320676,4.7160906E-5,19.52753,0.017932868,0.31447464,0.010460986,0.090107836,0.015053802,0.16401255,0.01514503,0.69456327,0.028306745,0.04797556,0.0217082,0.13196106,0.025782656,null,null,null,null,"TWOGAUSSIANS",8,2.0853431,0.31447464,0.010460986,0.4,0.0,0.16400038,0.015090099,0.69456327,0.028306745,0.26866314,0.12156592,0.13197133,0.025806874
375316653866487564,4038433984693950336,0.503728,2294.285350573341,4.200891019895527,1.8360663E-5,19.278547,0.019378765,0.15361126,0.009592786,0.05524686,0.004065042,0.3414814,0.04078554,0.54223174,0.047515318,0.12842484,0.08602332,0.04505096,0.018534925,null,null,null,null,"TWOGAUSSIANS",8,1.1034675,0.15371126,0.009160018,0.3093824,0.022764234,0.34138918,0.03887679,0.54223174,0.047515318,0.4,0.0,0.044494994,0.01535986
375316653866487564,4038434023400966656,0.44868407,2269.5475415609553,0.9316831274725863,9.743052E-5,19.680435,0.104400806,0.2392765,0.067941554,0.13120326,0.14124535,0.20823905,0.08547034,0.58900785,0.07965548,0.10837472,0.056750983,0.2786605,0.06194202,null,null,null,null,"TWOGAUSSIANS",8,5.2417293,0.58900785,0.07965548,0.4,0.0,0.27279112,0.047682706,0.2434865,0.06615297,0.4,0.10024811,0.19802482,0.07446527
375316653866487564,4038434087735415168,0.5983114,2256.396888063505,1.2838087159553826,1.0927803E-5,17.453148,0.080970034,0.17816822,0.020403117,0.040400054,0.039634913,0.16766484,0.14616124,0.689939,0.017873887,0.06308805,0.025539396,0.40863785,0.1737939,0.07498703,0.073056206,0.689939,0.017873887,"TWOGAUSSIANS_WITH_ELLIPSOIDAL_ON_ECLIPSE2",9,9.823264,0.689939,0.017873887,0.35329312,0.056938875,0.55845666,0.051380944,0.17937821,0.019082256,0.2262403,0.17933913,0.3167491,0.096632086
375316653866487564,4038434160804448000,0.513662,2234.9535635520224,0.5066019903405035,5.8564903E-5,19.375307,0.0062941737,0.39762232,0.022183508,0.06196649,0.018712023,0.09445763,0.024868226,0.60187757,0.022233535,0.11174115,0.014485834,0.17826577,0.016803836,null,null,null,null,"TWOGAUSSIANS",8,1.0431931,0.60187757,0.022233535,0.4,0.0,0.17866178,0.016098589,0.43716234,0.21997443,0.34701234,0.10478733,0.13719104,0.054671217
375316653866487564,4038434332602487808,0.5160169,2270.7500545605703,3.4022544510731163,3.1084084E-5,19.311672,0.08127655,0.24294437,0.0042075682,0.086483926,0.012947779,0.430346,0.07937367,0.7378459,0.016540205,0.09323032,0.041913856,0.4590017,0.055808157,null,null,null,null,"TWOGAUSSIANS",8,4.053469,0.7378459,0.016540205,0.4,0.004683826,0.4418709,0.05411489,0.24294437,0.004183439,0.4,0.0,0.41321573,0.035897285
375316653866487564,4038434401322098688,0.44995844,2182.8392468607576,1.376465044956661,8.482311E-6,18.873718,0.0064289137,0.47976047,0.031176135,0.06342547,0.025907727,0.061381057,0.013492507,0.2791707,0.0011759194,0.019076284,0.003201397,0.47786018,0.19514824,null,null,null,null,"TWOGAUSSIANS",8,2.7545815,0.2791907,0.0010993493,0.106827185,0.017927822,0.47827348,0.1955133,0.47976047,0.031176135,0.35518262,0.11192196,0.061381057,0.013492507
375316653866487564,4038435152913789824,0.51860416,2245.986133309263,0.2731069231540042,1.8638633E-5,19.011787,0.016694143,0.28743383,0.0059283352,0.06010451,0.009060325,0.16137613,0.01584122,0.76284456,0.01741294,0.06415662,0.03066521,0.16164768,0.026069425,null,null,null,null,"TWOGAUSSIANS",8,0.99247223,0.76284456,0.01741294,0.35927707,0.06430773,0.16160414,0.026452854,0.28743383,0.0059283352,0.33658525,0.05073782,0.16133259,0.015030232
375316653866487564,4038435157238018944,0.47906724,2255.4300981794754,0.4447133604514133,2.7963662E-5,19.773397,0.025015138,0.07491104,0.0011864029,0.02189232,0.006271423,0.12079755,0.010408798,0.72386545,0.009023151,0.13360487,0.011177889,0.50442165,0.047386434,null,null,null,null,"TWOGAUSSIANS",8,2.6467874,0.72386545,0.009023151,0.4,0.0,0.50350416,0.0474873,0.07363104,1.6926746E-4,0.122596994,0.035119966,0.13606758,0.017683763
375316653866487564,4038435633923713536,0.52079415,2165.9672200491523,1.7789704216612712,5.388989E-5,18.151615,0.010385131,0.17990863,0.0029589995,0.043666165,0.0128492,0.062302776,0.026003797,0.67480403,0.008273344,0.06392195,0.012067168,0.1475605,0.011382417,null,null,null,null,"TWOGAUSSIANS",8,4.814494,0.67480403,0.008273344,0.35796294,0.06684448,0.14755717,0.011376591,0.17990863,0.0029589995,0.24453051,0.07195552,0.062299438,0.026003357
375316653866487564,4038435775714022272,0.48524994,2239.7961850909473,0.27576119242312014,7.642073E-5,18.94076,0.024213832,0.50173205,0.014909902,0.17638369,0.03541563,0.14551519,0.024161998,0.9168883,0.012811928,0.03239262,0.014770425,0.0982477,0.36126828,null,null,null,null,"TWOGAUSSIANS",8,1.8365809,0.50173205,0.014909902,0.4,0.0,0.13959515,0.017572992,0.9168883,0.012811928,0.18139869,0.08271438,0.102042526,0.362432
375316653866487564,4038435840117549184,0.5115214,2263.885840815183,2.6709779650040484,7.978423E-6,19.000767,0.014796286,0.23538798,0.0138176335,0.05845582,0.024319027,0.36097834,0.56722754,0.743286,0.0033224062,0.06725479,0.0061088637,0.42496893,0.034924757,null,null,null,null,"TWOGAUSSIANS",8,3.0034838,0.743286,0.0033224062,0.37662682,0.031533804,0.42474467,0.035086785,0.23538798,0.0138176335,0.3273526,0.11308001,0.36075407,0.5678796
375316653866487564,4038435844455933824,0.5710428,2246.9882819512422,0.15748520713333203,1.5120327E-5,14.370689,0.019044463,0.07837842,0.0064276773,0.026190808,0.018583365,0.06303302,0.047580894,0.8622759,0.0037238882,0.012950327,0.0023148018,0.3770916,0.056774385,0.004418434,0.033107787,0.8622759,0.0037238882,"TWOGAUSSIANS_WITH_ELLIPSOIDAL_ON_ECLIPSE2",9,197.72302,0.8622759,0.0037238882,0.07252183,0.012962891,0.38592842,0.07147121,0.07812842,0.005961153,0.14666852,0.10406684,0.0634307,0.0504901
375316653866487564,4038435913147909248,0.5559041,2192.3794077742627,0.31187830097821584,3.3907938E-5,18.799393,0.04881661,0.33794326,0.0054578567,0.048222654,0.009737805,0.24436066,0.042673904,0.7825396,0.008991258,0.14266053,0.0293118,0.23306054,0.045731843,null,null,null,null,"TWOGAUSSIANS",8,0.62118095,0.33829325,0.0053265975,0.27004686,0.054531712,0.24033363,0.036893878,0.7825396,0.008991258,0.4,0.0,0.22709472,0.032568295
375316653866487564,4038436084946628096,0.53910315,2176.9058176701164,2.791381958775714,2.2781653E-5,18.627037,0.032227118,0.28250727,0.0062124315,0.08958236,0.01271851,0.37487552,0.03339885,0.7890415,0.0067340243,0.08902552,0.012706294,0.3886496,0.035593472,null,null,null,null,"TWOGAUSSIANS",8,6.4532375,0.7890415,0.0067340243,0.4,0.0,0.3749656,0.03081113,0.28250727,0.0062124315,0.4,0.0,0.3611915,0.029226014
375316653866487564,4038437287539582592,0.46519357,2279.970982351999,1.7687183310305274,7.257246E-6,17.857939,0.005384336,0.24704126,0.019053232,0.09503352,0.015455957,0.03053696,0.007576357,0.7738687,0.0014485848,0.022210866,0.0022348145,0.0848836,0.00648854,null,null,null,null,"TWOGAUSSIANS",8,1.5003437,0.7738687,0.0014485848,0.12438086,0.012514961,0.0848813,0.0064851413,0.24704126,0.019053232,0.4,0.0,0.030534528,0.0075729764
375316653866487564,4038437321924896000,0.41493794,2210.983711601165,0.3091120921190751,1.1672229E-4,19.195602,0.018564671,0.2428478,0.025437802,0.08400215,0.03291563,0.22514051,0.06298464,0.8117,0.013848144,0.05631159,0.011698194,0.3723467,0.10437479,null,null,null,null,"TWOGAUSSIANS",8,10.0658245,0.8117,0.013849022,0.3153449,0.065509886,0.37220228,0.10436493,0.2428478,0.025437802,0.4,0.032698195,0.22499567,0.06296367
375316653866487564,4038437459338313216,0.53580666,2284.7187071392227,3.004770197630158,1.6665736E-5,19.37501,0.01642861,0.25134343,0.0066439984,0.069933124,0.009000634,0.5239886,0.03519135,0.76752454,0.005049675,0.062006634,0.0059942333,0.55359334,0.021106092,null,null,null,null,"TWOGAUSSIANS",8,2.417773,0.76752454,0.005049675,0.34723714,0.033567708,0.5530839,0.02085982,0.25134343,0.0066439984,0.39162546,0.02290534,0.52347916,0.03552848
375316653866487564,4038437699855647104,0.4715175,2230.991436041626,2.8029380923514573,1.8243203E-5,19.278343,0.038463317,0.26971915,0.01896097,0.11976819,0.022915576,0.31363252,0.046667058,0.7084401,0.0043823994,0.11650369,0.010308922,0.33283687,0.035526115,null,null,null,null,"TWOGAUSSIANS",8,1.7194816,0.7084401,0.0043823994,0.4,0.0,0.2947991,0.013493571,0.27012914,0.018880507,0.4,0.0,0.27548897,0.03289303
375316653866487564,4038437734215380224,0.59449303,2210.5937488693353,2.5694040576986157,2.6072094E-5,18.65209,0.0126360245,0.35099015,0.009250894,0.05971028,0.008444904,0.43291315,0.03268593,0.8621178,0.0030548675,0.06322941,0.004682047,0.5069209,0.015159711,null,null,null,null,"TWOGAUSSIANS",8,3.7296307,0.8621178,0.0030548675,0.35408473,0.026219463,0.5067553,0.015077619,0.35099015,0.009250894,0.33437756,0.04729146,0.43274757,0.03268445
375316653866487564,4038437867334588928,0.46183148,2261.277815044313,3.3535441903496714,1.5854297E-5,18.01322,0.005827949,0.25422126,0.0071285847,0.06623794,0.036703184,0.02174524,0.025895663,null,null,null,null,null,null,0.05485496,0.008778155,0.25422126,0.0071285847,"ONEGAUSSIAN_WITH_ELLIPSOIDAL",6,6.9944034,0.25422126,0.0071285847,0.37093246,0.18506913,0.13143763,0.024864297,null,null,null,null,null,null
375316653866487564,4038437940400172928,0.47678426,2246.507623052336,2.4807333334467785,3.068792E-5,17.409075,0.030215725,0.23498636,0.014251042,0.08519285,0.021338945,0.23814985,0.034275763,0.7526953,0.015353021,0.08370971,0.038520038,0.2557351,0.026253488,null,null,null,null,"TWOGAUSSIANS",8,36.532883,0.7526953,0.015353021,0.4,0.0,0.25123674,0.03707064,0.23498636,0.014244567,0.4,0.0,0.2336515,0.02578879
375316653866487564,4038438107844610944,0.5129615,2230.5751207407625,0.022786953016305764,2.110461E-5,18.744448,0.009920577,0.1581553,0.006434446,0.07448116,0.007198323,0.17443126,0.017789958,0.6145672,0.0022929637,0.04062839,0.014912838,0.3959259,3.3712087,null,null,null,null,"TWOGAUSSIANS",8,1.9435105,0.6145672,0.0022929637,0.22751898,0.08351189,0.39591956,3.3712149,0.1581553,0.006434446,0.4,0.0,0.17442492,0.017791847
375316653866487564,4038438215250282112,0.45433778,2135.129947190194,0.6806102812891064,3.284641E-5,18.80607,0.039381746,0.3660026,0.028555322,0.17164545,0.058281418,0.20359664,0.039416198,0.691306,0.0026921248,0.020964468,0.0036528197,0.49263602,0.07011399,null,null,null,null,"TWOGAUSSIANS",8,4.4099135,0.691306,0.0026921248,0.11740102,0.02045579,0.52066773,0.07250893,0.3660026,0.028555322,0.4,0.0,0.19774596,0.034868862
375316653866487564,4038438249610291840,0.509309,2249.3601794158412,3.4604089006311987,1.05715204E-4,19.674004,0.033805855,0.21438089,0.023140984,0.06162646,0.032748695,0.5625395,0.46054056,0.7048259,0.007864834,0.0754935,0.011677186,0.39695814,0.07488347,null,null,null,null,"TWOGAUSSIANS",8,3.447014,0.21438089,0.023140984,0.34510818,0.099501304,0.56161565,0.46437606,0.7048259,0.007864834,0.4,0.015010686,0.39603427,0.07420045
375316653866487564,4038438417057926400,0.58563995,2279.494829677495,1.8526167551897064,2.1644091E-5,16.88124,0.0033315718,0.28319278,0.004770597,0.0742396,0.009623298,0.09799675,0.008223612,0.7815951,0.022414112,0.062119253,0.012740336,0.27906546,0.054451764,null,null,null,null,"TWOGAUSSIANS",8,3.2005463,0.7815951,0.022414112,0.34786782,0.068196796,0.27870828,0.05440854,0.28319278,0.004770597,0.4,0.027141789,0.097639576,0.00839783
375316653866487564,4038438520161474944,0.559848,2174.3693603606694,3.7909285794198935,1.2102917E-5,18.259214,0.011868467,0.22541879,0.012373314,0.064675525,0.026049724,0.49585965,0.26172262,0.7307642,0.003856293,0.060636528,0.0045883474,0.34352812,0.01343242,null,null,null,null,"TWOGAUSSIANS",8,5.878496,0.22541879,0.012373314,0.36218292,0.057879724,0.49561566,0.2637339,0.7307642,0.003856293,0.33956456,0.025694745,0.34328413,0.01231637
375316653866487564,4038438691971384576,0.52164394,2195.6352676679408,1.5370919008964283,2.8742836E-5,17.98866,0.006842924,0.28284773,0.00455156,0.058240667,0.008139524,0.108319946,0.014804645,0.7778852,0.0023872054,0.043017272,0.013407547,0.14847991,0.037733812,null,null,null,null,"TWOGAUSSIANS",8,2.819424,0.7778852,0.0023872054,0.24089672,0.075082265,0.14847894,0.037753113,0.28284773,0.00455156,0.32614774,0.045581333,0.10831898,0.014801433
375316653866487564,4038438730646480896,0.45417944,2201.9622885266117,0.5352185871316509,4.1363026E-5,19.10852,0.092102334,0.26363802,0.032143075,0.15591064,0.06373559,0.25041932,0.09521229,0.80639803,0.019995524,0.106204994,0.02821868,0.19510213,0.081750765,null,null,null,null,"TWOGAUSSIANS",8,3.371826,0.26356804,0.031987958,0.4,0.0,0.19835323,0.03199089,0.809588,0.017633844,0.4,0.0,0.14707957,0.017501852
375316653866487564,4038438833725949952,0.48934534,2192.604433271101,4.866209624813275,2.017154E-5,18.348637,0.004244623,0.17534813,0.061644103,0.027854318,0.021291107,0.4309422,0.6493018,0.57305056,0.049321197,0.05183791,0.01442063,0.372436,0.9116853,null,null,null,null,"TWOGAUSSIANS",8,2.3543868,0.17534813,0.061644103,0.15598418,0.119230196,0.4309422,0.6493018,0.57305056,0.049321197,0.2902923,0.08075553,0.372436,0.9116853
375316653866487564,4038439069928537472,0.5111113,2163.6446060865783,2.783369216331898,4.381512E-5,18.3547,0.03447504,0.27673587,0.03134821,0.07133232,0.024962958,0.37093315,0.053066876,0.77707905,0.026664482,0.09465477,0.029103128,0.37212765,0.038614426,null,null,null,null,"TWOGAUSSIANS",8,20.3624,0.77707905,0.026664482,0.4,0.027242642,0.36430588,0.036737733,0.27673587,0.03134821,0.399461,0.1253154,0.363112,0.044632856
375316653866487564,4038439280403418240,0.6020075,2173.5470514755643,1.270773169473825,2.4257792E-5,18.700033,0.004726271,0.42686126,0.03963224,0.11393126,0.03515851,0.027737554,0.0060263053,0.79447496,0.004272261,0.031256367,0.006686886,0.60911596,0.35280904,null,null,null,null,"TWOGAUSSIANS",8,0.925216,0.79447496,0.004272261,0.17503566,0.037446562,0.60926116,0.352742,0.42686126,0.03963224,0.4,0.0,0.027730592,0.0059893546
375316653866487564,4038439280403606400,0.55204374,2180.9505381710196,3.2879240013359996,2.2258513E-5,19.534777,0.016981011,0.2819465,0.0016535727,0.067969926,0.0037392222,0.63230705,0.028887615,0.7761695,0.007467406,0.07791454,0.010457561,0.6038845,0.07629112,null,null,null,null,"TWOGAUSSIANS",8,2.2060087,0.2819465,0.0016535727,0.38063157,0.020939644,0.6292868,0.02854196,0.7761695,0.007467406,0.4,0.0045901993,0.6008643,0.07788088
375316653866487564,4038439624001930880,0.5476427,2172.510686777783,0.4521899118804824,4.0260475E-5,19.1063,0.0060279025,0.31381086,0.013252972,0.041835807,0.052298445,0.72305745,0.66788906,0.5755032,0.054258645,0.018329618,0.10477091,0.04564208,0.013817602,null,null,null,null,"TWOGAUSSIANS",8,1.432154,0.31381086,0.013241061,0.23428053,0.16052014,0.72305745,0.6680242,0.5755032,0.054258645,0.10264587,0.28509933,0.045642085,0.014172866
375316653866487564,4038439658361858176,0.5550348,2183.2025876700914,2.4491173996222955,1.161255E-5,18.279045,0.02418557,0.1612667,0.013379245,0.078208216,0.012025061,0.4479544,0.03471737,0.6617496,0.002125422,0.0822735,0.010399877,0.32953033,0.026814524,null,null,null,null,"TWOGAUSSIANS",8,5.7436233,0.1612667,0.013379245,0.4,0.0,0.44205192,0.032069746,0.6617496,0.002125422,0.4,0.0,0.32362783,0.02879578
375316653866487564,4038439894562191616,0.5219378,2210.618549858354,3.192648312743743,1.3308237E-5,19.22161,0.012201335,0.2449409,0.0036833682,0.07466865,0.0057435143,0.36942774,0.017709065,0.7662935,0.0046078423,0.07173463,0.0041263043,0.43461025,0.022353537,null,null,null,null,"TWOGAUSSIANS",8,3.6587095,0.7662935,0.0046078423,0.4,0.008117236,0.43320042,0.022204788,0.2449409,0.0036833682,0.4,0.0,0.3680179,0.01775447
375316653866487564,4038439933250363264,0.5052412,2224.329152471513,3.6302734166251294,2.5348296E-5,19.812227,0.02238824,0.26366085,0.057203718,0.07169174,0.019420588,0.37486997,0.07861153,0.76738524,0.0062975157,0.09148628,0.014026118,0.37425497,0.03573629,null,null,null,null,"TWOGAUSSIANS",8,2.68197,0.26366085,0.057203718,0.4,0.05490107,0.36853644,0.073862754,0.76738524,0.0062975157,0.4,0.0,0.36792117,0.03876134
375316653866487564,4038440001984502144,0.49634454,2213.4881878520237,2.592139445101503,2.6687629E-5,16.258047,0.0046400446,0.23397842,0.0051973136,0.008273502,0.007977583,0.065669425,4548932.5,null,null,null,null,null,null,0.078694694,0.006758726,0.23397842,0.0051973136,"ONEGAUSSIAN_WITH_ELLIPSOIDAL",6,43.608242,0.23397842,0.0051973136,0.04633161,0.044674467,0.22305882,4548932.5,null,null,null,null,null,null
375316653866487564,4038440345566229248,0.4955482,2302.3002661125024,0.030610345856696895,3.486756E-5,19.17762,0.07615967,0.22442943,0.00346412,0.036606662,0.009117632,0.28726748,0.054389093,0.72691804,0.02928559,0.14304556,0.061153237,0.17076156,0.07401181,null,null,null,null,"TWOGAUSSIANS",8,2.394625,0.22442943,0.003468388,0.2049973,0.051058743,0.28193888,0.04258886,0.72691804,0.02928559,0.4,0.0,0.16467243,0.035477113
375316653866487564,4038440444314590720,0.62024134,2268.3009002691097,2.5292486677127575,6.6582343E-6,17.335073,0.018657722,0.23548831,0.0017917681,0.10683734,0.0059283073,0.3461214,0.018563189,0.73354363,0.0017963152,0.0954768,0.00422291,0.42226177,0.018205145,null,null,null,null,"TWOGAUSSIANS",8,4.088713,0.73354363,0.0017963152,0.4,0.0,0.38738602,0.0093911085,0.23548831,0.0017917681,0.4,0.0,0.31123438,0.011770779
375316653866487564,4038440586100187520,0.46594948,2139.891066089054,1.172925332813585,6.442048E-5,18.777716,0.12084405,0.13724862,0.048180472,0.094280966,0.045865633,0.09572348,0.08082104,0.56020993,0.041348338,0.16957329,0.101537324,0.1865245,0.10399202,null,null,null,null,"TWOGAUSSIANS",8,2.0993016,0.56020993,0.041348338,0.4,0.0,0.16052438,0.016550185,0.14971863,0.034663957,0.4,0.062441405,0.0792888,0.03230255
375316653866487564,4038441135831608832,0.52811813,2193.265174506123,1.2230178530470273,2.1182774E-5,18.05301,0.0064804754,0.122795135,0.0056524957,0.039489016,0.0069690915,0.36222166,0.15592125,0.6673227,0.003916401,0.031344667,0.0052221324,0.074637674,0.013737228,null,null,null,null,"TWOGAUSSIANS",8,5.032107,0.122795135,0.0056524957,0.22113849,0.039026912,0.36222166,0.15592125,0.6673227,0.003916401,0.17553014,0.029243942,0.074637674,0.013737228
375316653866487564,4038441135831771776,0.42856348,2275.117545487123,0.1177433479155998,2.4664523E-5,19.152012,0.0069893445,null,null,null,null,null,null,null,null,null,null,null,null,0.08621881,0.007835776,0.26356748,0.008821675,"ELLIPSOIDAL",4,4.1456175,null,null,null,null,null,null,null,null,null,null,null,null
375316653866487564,4038441234596746112,0.6015806,2171.8742788283344,2.502094800227407,1.3177049E-5,18.183647,0.0126408925,0.24634083,0.009612574,0.09346106,0.009491018,0.3377206,0.021185054,0.7652311,0.0023761678,0.0878179,0.004738235,0.41898525,0.019124344,null,null,null,null,"TWOGAUSSIANS",8,2.5537803,0.7652311,0.0023761678,0.4,0.0,0.40653962,0.019496147,0.24634083,0.009612574,0.4,0.0,0.32527444,0.019984474
375316653866487564,4038441238910853760,0.5364709,2264.67819069502,0.34562443301917195,2.1259511E-4,19.143229,0.009974165,0.20035352,0.024193503,0.039716758,0.028006094,0.65834737,0.55582273,0.8165112,0.09174877,0.11519038,0.047861107,0.059554346,0.13268267,null,null,null,null,"TWOGAUSSIANS",8,1.3663423,0.20033352,0.024218459,0.22241385,0.15683413,0.6585115,0.5562593,0.8165112,0.09174877,0.4,0.0,0.059487343,0.13269597
375316653866487564,4038441307630547840,0.47774297,2283.443015741575,0.03061924472489051,1.4507437E-5,19.2903,0.007136247,0.30890614,0.0035732118,0.046120446,0.012285272,0.2055606,0.086702295,0.8019456,0.007373377,0.032958202,0.0065228464,0.20101444,0.11575234,null,null,null,null,"TWOGAUSSIANS",8,2.5647905,0.30890614,0.0035732118,0.2582745,0.06879752,0.2055606,0.086702295,0.8019456,0.007373377,0.18456593,0.03652794,0.20101444,0.11575234
375316653866487564,4038441475117524096,0.50987005,2195.7110194005095,2.7060587084018644,1.8342736E-5,19.169653,0.040688407,0.22884466,0.0095529705,0.10129723,0.016363338,0.37485275,0.038264044,0.72812927,0.010143875,0.09034042,0.017475264,0.41934302,0.08653608,null,null,null,null,"TWOGAUSSIANS",8,3.390078,0.72812927,0.010143875,0.4,0.0,0.39339095,0.09500638,0.22884466,0.0095529705,0.4,0.0,0.34889704,0.02298342
375316653866487564,4038441543837037952,0.61019915,2165.4766347529267,2.9137786727305675,7.670985E-6,19.505535,0.003943835,0.1884832,0.0020941382,0.06321436,0.0021392177,0.54110986,0.014732907,0.6826759,0.006358358,0.07107067,0.0044988682,0.5773056,0.04890303,null,null,null,null,"TWOGAUSSIANS",8,0.9027058,0.6826759,0.006358358,0.39799577,0.01746556,0.57637745,0.049099993,0.1884832,0.0020941382,0.35400042,0.011979619,0.54018176,0.014889389
375316653866487564,4038441719948669184,0.44998196,2235.9818105457734,1.2387081077149182,2.2559265E-5,19.158836,0.008115031,0.37059128,0.008464314,0.036887355,0.012815833,0.06800754,0.08786699,0.79394037,0.007865206,0.03471283,0.042592928,0.26430753,0.13081239,null,null,null,null,"TWOGAUSSIANS",8,5.9836507,0.79394037,0.007865206,0.19439183,0.19791983,0.26430753,0.13081294,0.37059128,0.008464314,0.2065692,0.071768664,0.06800754,0.087867014
375316653866487564,4038441823036167936,0.5264177,2256.4373439234537,3.2246605983840837,9.5043964E-5,19.789196,0.008087562,0.22433712,0.00876189,0.0716917,0.019928327,0.22596969,0.20540763,0.65952325,0.005063428,0.052116357,0.0070446506,0.45182484,0.0719638,null,null,null,null,"TWOGAUSSIANS",8,1.2500763,0.65952325,0.005063428,0.2918516,0.039450042,0.45180687,0.07199463,0.22433712,0.00876189,0.4,0.09622958,0.22595172,0.20543274
375316653866487564,4038442196631582464,0.5577315,2262.4997870998027,1.2892717259548192,1.0705343E-5,13.315977,0.009132067,0.22221151,0.008399391,0.077200755,0.007155525,0.42213795,0.013595223,0.7210738,0.004642292,0.081622556,0.0047842166,0.49270734,0.019230304,null,null,null,null,"TWOGAUSSIANS",8,7.3337483,0.7210738,0.004642292,0.4,0.0,0.48641467,0.01838657,0.22221151,0.008399391,0.4,0.006300284,0.41584525,0.011456265
375316653866487564,4038442235344790016,0.57739437,2266.7805410024316,3.1354678806627914,3.069999E-5,18.687895,0.0135913985,0.18555288,0.0073538655,0.074002,0.0064083096,0.5748197,0.024125708,0.6817357,0.0037257231,0.07735522,0.008146747,0.45015755,0.023763716,null,null,null,null,"TWOGAUSSIANS",8,4.7399697,0.18555288,0.0073538655,0.4,0.0040954677,0.5708405,0.02274559,0.6817357,0.0037257231,0.4,0.0,0.44617838,0.025130745
375316653866487564,4038442299712011392,0.5305371,2254.062290500968,1.4817388076662996,1.10868405E-5,15.205476,0.023176193,0.2978671,0.0122883255,0.13040991,0.031807113,0.08942488,0.022884496,0.7801405,0.003785597,0.11853245,0.011524779,0.12943792,0.022048512,null,null,null,null,"TWOGAUSSIANS",8,8.039231,0.7801405,0.003785597,0.4,0.0,0.10525825,0.0039896616,0.29801708,0.012402609,0.4,0.0,0.0651578,0.0021803374
375316653866487564,4038443025641544448,0.49421787,2206.824972517381,0.27270174739373965,2.3207056E-5,19.723372,0.059586037,0.26982397,0.015391172,0.09830447,0.02495687,0.4034421,0.05662488,0.7305136,0.0067675686,0.10602937,0.015960783,0.34136024,0.05939591,null,null,null,null,"TWOGAUSSIANS",8,1.8327792,0.26985395,0.015344537,0.4,0.0,0.38079146,0.023627127,0.7305136,0.0067675686,0.4,0.0,0.31868857,0.031828113
375316653866487564,4038443227445592320,0.55610627,2264.343285760671,1.0459072654269632,8.982259E-6,17.431206,0.005618085,0.13421474,0.00541297,0.03796305,0.0039341296,0.2844347,0.04066945,0.68257326,0.008641912,0.04466345,0.056564387,0.410177,0.3558703,null,null,null,null,"TWOGAUSSIANS",8,4.110473,0.68257326,0.008641912,0.25011533,0.14447029,0.410177,0.35595804,0.13421474,0.00541297,0.2125931,0.022031127,0.2844347,0.04066359
375316653866487564,4038443334855147008,0.44703454,2177.8811263167495,0.33556459334960687,4.5974695E-5,18.92852,0.014209913,0.37959456,0.029239554,0.104254544,0.021600226,0.1388001,0.055609737,0.649246,0.0059079775,0.04989795,0.011385546,0.18312933,0.030288916,null,null,null,null,"TWOGAUSSIANS",8,4.416868,0.649246,0.0059079775,0.2794285,0.06375906,0.18801935,0.031751912,0.37959456,0.029239478,0.4,0.0,0.13879569,0.055627253
375316653866487564,4038443712812556800,0.52925795,2220.8172528731534,3.4886985685108303,1.3740196E-5,19.668737,0.058272023,0.34799898,0.005760327,0.08191162,0.014801906,0.5118713,0.046605553,0.8332553,0.0077224066,0.08893822,0.025093324,0.4889655,0.04658264,null,null,null,null,"TWOGAUSSIANS",8,3.142791,0.34799898,0.005758871,0.4,0.0,0.5011988,0.03170635,0.8332553,0.0077224066,0.4,0.0,0.4782929,0.06464173
375316653866487564,4038444056443224192,0.48340628,2266.7180167451834,0.06146945164695908,9.571502E-5,19.353067,0.33472314,0.05439524,0.020995487,0.11425274,0.040060725,0.18189494,0.26536655,0.60214645,0.019570746,0.13582742,0.07510984,0.38960907,0.32901055,null,null,null,null,"TWOGAUSSIANS",8,3.692055,0.6022564,0.019406231,0.4,0.0,0.34045964,0.08853153,0.05177524,0.016762698,0.4,0.0,0.1343557,0.091232814
375316653866487564,4038444601814720256,0.6358117,2241.3491106396104,0.9098656533401421,1.4524508E-5,17.083633,0.002940702,0.2279906,0.0013261101,0.051470183,0.0012479976,0.54090744,0.015845014,0.72773653,0.008667137,0.06613485,0.008050822,0.1136278,0.018201662,null,null,null,null,"TWOGAUSSIANS",8,6.8857555,0.2279906,0.0013261101,0.28823304,0.0069887866,0.54085606,0.015846603,0.72773653,0.008667137,0.37035513,0.0450846,0.11357644,0.01822976
375316653866487564,4038444640526216320,0.5698915,2290.049380335855,3.355095385694119,1.6490276E-5,17.81588,0.0074075847,0.30582333,0.004003741,0.059019845,0.012875294,0.19732262,0.060088698,0.8006174,0.007396125,0.030980792,0.015514712,0.3065003,0.13194072,0.08664465,0.0090171425,0.30582333,0.004003741,"TWOGAUSSIANS_WITH_ELLIPSOIDAL_ON_ECLIPSE1",9,7.300392,0.8008274,0.0072026565,0.17349243,0.08688238,0.47958598,0.14472963,0.30582333,0.004003741,0.33051112,0.07210165,0.37058607,0.05987113
375316653866487564,4038444773651725312,0.5228891,2308.7333183185383,2.8397349011515463,2.8269893E-5,19.100323,0.04671178,0.34474412,0.020489736,0.07225409,0.022195507,0.48393264,0.1661014,0.8383414,0.0029866043,0.08099117,0.008351217,0.4861272,0.04567327,null,null,null,null,"TWOGAUSSIANS",8,8.244395,0.8383414,0.0029866043,0.4,0.0,0.48200673,0.0383521,0.34474412,0.020489736,0.4,0.05205529,0.4798122,0.1668894
375316653866487564,4038445121573075584,0.50910395,2422.6938125384013,0.5237693089289565,6.2029154E-5,19.185926,0.12299399,0.16428317,0.013979604,0.0641714,0.023241274,0.33079764,0.32726613,0.6736758,0.04258647,0.06866111,0.08725806,0.22280121,0.109215,null,null,null,null,"TWOGAUSSIANS",8,1.1932777,0.16428317,0.013964285,0.35935986,0.09629634,0.33045295,0.31966782,0.6736758,0.04258647,0.3845022,0.036942672,0.22245651,0.06415499
375316653866487564,4038445598285600384,0.5001906,2260.0438884838727,2.8297131771902384,3.614941E-5,18.530537,0.2079658,0.30921426,0.038874254,0.10741805,0.07882855,0.17231256,0.1932994,0.8042389,0.013110251,0.13648747,0.08525326,0.14956231,0.2012682,null,null,null,null,"TWOGAUSSIANS",8,2.273395,0.30929428,0.039781094,0.4,0.0,0.1358046,0.014209345,0.8042389,0.011724421,0.4,0.0,0.11269371,0.009781307
375316653866487564,4038446152357420032,0.49522364,2321.65250775924,3.2067755332924066,5.1181116E-5,17.38128,0.016842915,0.29175314,0.013830079,0.028447319,0.02818759,0.08720732,18.646788,0.7939251,0.07743896,0.056899566,0.06912032,0.057126816,52.91444,0.12710154,0.016215453,0.29175314,0.013830079,"TWOGAUSSIANS_WITH_ELLIPSOIDAL_ON_ECLIPSE1",9,25.447704,0.29175314,0.013830079,0.15930499,0.1578505,0.34140688,18.62528,0.7939251,0.07453992,0.31863758,0.38354006,0.31127906,52.903633
375316653866487564,4038446186717106560,0.44684866,2333.5424748949986,3.078527704526401,2.2419088E-5,19.456886,0.010829888,null,null,null,null,null,null,null,null,null,null,null,null,0.16063468,0.018448366,0.33207408,0.0064469613,"ELLIPSOIDAL",4,7.669467,null,null,null,null,null,null,null,null,null,null,null,null
375316653866487564,4038446457240103168,0.58763194,2294.8666329423468,0.8201316847285427,1.1477179E-5,16.963356,0.0149680255,0.20370358,0.0024786086,0.10972567,0.014354836,0.11785837,0.013957685,0.69761914,0.013511509,0.08236688,0.017799351,0.20744267,0.019828152,null,null,null,null,"TWOGAUSSIANS",8,2.051595,0.69761914,0.013511509,0.4,0.0,0.19833691,0.021472435,0.20370358,0.0024786086,0.4,0.0,0.1087451,0.008193337
375316653866487564,4038446461594267392,0.5261032,2243.8734691037307,3.8125418376163878,5.734972E-5,18.757607,0.37920707,0.31709498,0.055352554,0.16105661,0.06551493,0.6853515,0.42200035,0.80396366,0.00407112,0.14719331,0.023088235,0.853344,0.3595482,null,null,null,null,"TWOGAUSSIANS",8,6.560438,0.80396366,0.00407112,0.4,0.0,0.48685023,0.07884111,0.31853497,0.056242067,0.4,0.0,0.31304696,0.05589709
375316653866487564,4038446908302253440,0.4280594,2222.6247887398645,0.5224643974828536,7.549129E-5,19.606457,0.09201042,0.14644063,0.01906051,0.12981734,0.05903136,0.25443646,0.08311972,0.5855276,0.07274317,0.03242851,0.023385502,2.5782897,3.724973,null,null,null,null,"TWOGAUSSIANS",8,5.246051,0.5855276,0.07274317,0.18159965,0.13095881,2.5775764,3.7245104,0.14644063,0.01906051,0.4,0.0,0.25286642,0.06497335
375316653866487564,4038447011348787456,0.5705576,2230.1971884209556,0.5866352562431555,1.16145175E-5,18.67759,0.06158277,0.38244668,0.005737673,0.25505283,0.04505395,0.23323731,0.05692472,0.7970569,0.0020407937,0.04802129,0.0025217142,0.07091788,0.0064665894,null,null,null,null,"TWOGAUSSIANS",8,0.43353888,0.38244668,0.005737673,0.4,0.0,0.16044834,0.0069503,0.7970569,0.0020407937,0.26891923,0.0141216,0.076887876,0.007147385
375316653866487564,4038447045708755712,0.46694916,2259.0312517047296,0.293436159603823,1.9255263E-5,18.946707,0.0034880878,null,null,null,null,null,null,null,null,null,null,null,null,0.063837565,0.004801389,0.7621754,0.0054619843,"ELLIPSOIDAL",4,1.6146884,null,null,null,null,null,null,null,null,null,null,null,null
375316653866487564,4038447110079501696,0.52285886,2192.7124058272666,0.16750616064168178,4.7172067E-5,18.252426,0.032689124,0.18246306,0.0091826245,0.09195438,0.013010464,0.16208462,0.032146964,0.73883945,0.023126038,0.12871322,0.037110884,0.113620095,0.035743143,null,null,null,null,"TWOGAUSSIANS",8,1.8771454,0.18206307,0.008605741,0.4,0.0,0.15168765,0.013406682,0.73884946,0.023100775,0.4,0.0,0.102913864,0.012420782
375316653866487564,4038447316233634176,0.6016769,2283.61585604174,0.05150669198770958,5.8201927E-6,13.149529,7.0617726E-4,0.6317105,0.00216761,0.004033535,0.0018736018,0.29430375,0.23466332,0.37879857,0.041634522,0.02673445,0.03935752,0.016747233,7.2594686,null,null,null,null,"TWOGAUSSIANS",8,75.99898,0.6317105,0.00216761,0.022587795,0.01049217,0.29430375,0.23466332,0.37879857,0.041634522,0.14971292,0.22040212,0.016747233,7.2594686
375316653866487564,4038447458025625984,0.46609724,2254.8165300048167,0.0890685332261377,3.140592E-5,19.451775,0.12909415,0.21971907,0.01716805,0.08857844,0.042233467,0.21255068,0.123308174,0.7102614,0.0135285985,0.10565759,0.072332256,0.23669484,0.09682687,null,null,null,null,"TWOGAUSSIANS",8,2.23131,0.7102614,0.0135285985,0.4,0.0,0.22229622,0.038639244,0.21971907,0.017153403,0.4,0.07856526,0.19815907,0.078753375
375316653866487564,4038448003467698432,0.5158514,2248.4448428007463,0.02406199102855957,1.0232336E-4,19.465595,0.026050754,0.32864246,0.030892065,0.060766514,0.023478951,0.26392472,0.12357243,0.5793334,0.014696795,0.17958076,0.03617025,0.21360789,0.019007359,null,null,null,null,"TWOGAUSSIANS",8,1.8651211,0.33779246,0.035660025,0.34029248,0.13148214,0.33851853,0.12978034,0.5793334,0.014696795,0.4,0.0,0.20474912,0.023781812
375316653866487564,4038448278333075968,0.54557055,2223.4990603858414,2.1502872485924973,1.3250165E-5,18.173742,0.011262113,0.3207003,0.0023444511,0.12773302,0.0056113605,0.14521529,0.011579774,0.80849713,0.0049164165,0.099287786,0.008418687,0.14723061,0.013234394,null,null,null,null,"TWOGAUSSIANS",8,0.91697645,0.80849713,0.0049164165,0.4,0.0,0.12467923,0.008969786,0.3207003,0.0023505962,0.4,0.0,0.12251929,0.0042734086
375316653866487564,4038448385761608960,0.44255286,2242.2420320003475,0.7806329669947598,7.4962634E-5,19.698753,0.055420447,0.15460582,0.11349254,0.053126797,0.11325811,0.10763891,0.06991634,0.57421046,0.0321599,0.099837735,0.08762455,0.18927233,0.038362917,null,null,null,null,"TWOGAUSSIANS",8,3.7410839,0.57421046,0.0321599,0.4,0.0,0.18905038,0.031641398,0.15463582,0.12316565,0.29751006,0.19707781,0.107444614,0.067939214
375316653866487564,4038448488818985856,0.5081689,2211.845217356927,0.17866809458137678,7.240877E-5,19.368938,0.011939038,0.57504636,0.05354107,0.16465741,0.04770606,0.1802996,0.026108932,0.8318805,0.030619936,0.061754573,0.0231009,0.25534043,0.21373963,null,null,null,null,"TWOGAUSSIANS",8,1.554157,0.8318805,0.030619936,0.3458256,0.08264826,0.30508366,0.2055696,0.5755164,0.05327676,0.4,0.0,0.17666513,0.02460824
375316653866487564,4038448591898801664,0.5359898,2244.4977240663743,2.8050798862376514,1.7065611E-5,17.500957,0.013549552,0.2883472,0.0046199877,0.0807371,0.008465208,0.36689794,0.03868032,0.79745847,0.010512964,0.08244468,0.012651462,0.33104402,0.0465744,null,null,null,null,"TWOGAUSSIANS",8,13.221648,0.2883472,0.0046199877,0.4,0.0,0.3615363,0.040751554,0.79745847,0.010512964,0.4,0.0,0.32568237,0.04786825
375316653866487564,4038448832417400448,0.62194604,2272.3019789893874,1.526006839804065,4.920216E-5,17.878368,0.0019989912,0.24249259,0.0012582513,0.051150475,0.0014986568,0.3451517,0.008578705,0.7504973,0.0023837255,0.053892642,0.0063280542,0.1526614,0.03156656,null,null,null,null,"TWOGAUSSIANS",8,1.398529,0.24249259,0.0012582513,0.28644264,0.008392478,0.3451479,0.0085799415,0.7504973,0.0023837255,0.3017988,0.035437103,0.15265763,0.03157558
375316653866487564,4038449210374917248,0.46315315,2328.856674715661,2.8213453703046913,5.342416E-5,17.490189,0.014856794,0.2187388,0.015277561,0.07983731,0.018574653,0.16224878,0.03631898,0.71244085,0.06168279,0.07363051,0.04222095,0.17061736,0.054558676,null,null,null,null,"TWOGAUSSIANS",8,17.902655,0.71244085,0.06168279,0.4,0.16313763,0.16917898,0.052754696,0.2187388,0.015276709,0.4,0.0022684908,0.16081041,0.036477704
375316653866487564,4038449309124682368,0.44466406,2301.5802175107037,0.1584247977713986,7.961073E-5,18.797232,0.026109278,0.3292083,0.0280577,0.06233987,0.07380872,0.7670909,11.239695,0.88743526,0.008055844,0.07648825,0.017976213,0.112741284,0.024100373,null,null,null,null,"TWOGAUSSIANS",8,2.8455758,0.3292083,0.0280577,0.34910327,0.15625663,0.766933,11.241849,0.88743526,0.007999138,0.4,0.0,0.11258341,0.014164141
375316653866487564,4038449824533705856,0.65967274,2479.4305019571166,0.002950264919244031,3.2938777E-5,18.721317,0.049814288,0.3794513,0.010926176,0.030942403,0.005337545,0.7957699,0.3268564,0.79563916,0.009062426,0.18124704,0.059243213,0.13073361,0.048064977,null,null,null,null,"TWOGAUSSIANS",8,0.54927987,0.3795813,0.010882304,0.17327745,0.029890254,0.79885465,0.3263368,0.79563916,0.009062426,0.4,0.0,0.12371838,0.025144652
375316653866487564,4038449931930788608,0.55871654,2271.1542992223813,2.1523170945487173,2.2090075E-5,19.09277,0.019010305,0.26044798,0.0042894334,0.06962333,0.009135844,0.5976072,0.07477415,0.7571869,0.014107721,0.06669778,0.017451365,0.5072986,0.18762623,null,null,null,null,"TWOGAUSSIANS",8,4.468655,0.26044798,0.0042894334,0.38989064,0.029598527,0.5963965,0.07615473,0.7571869,0.014107721,0.37350756,0.047075115,0.50608796,0.18929844
375316653866487564,4038450099376844544,0.5367691,2282.0315378214023,3.0323021579914493,2.0766549E-5,17.166872,0.015171527,0.28256297,0.0036046018,0.08807861,0.0063460674,0.2873132,0.02073285,0.77079993,0.0105157215,0.082585156,0.010792506,0.24892226,0.02094725,null,null,null,null,"TWOGAUSSIANS",8,14.289985,0.28256297,0.0036046018,0.4,0.0,0.28133738,0.01916925,0.77079993,0.0105157215,0.4,0.0,0.2429465,0.017672801
375316653866487564,4038450138089364352,0.44227973,2303.2762575991683,0.05607823241350496,2.3994036E-5,19.282948,0.00927479,0.4601732,0.016806342,0.14345211,0.01731549,0.23338838,0.015684953,0.7849171,0.017998071,0.085958004,0.008868484,0.30279043,0.06554453,null,null,null,null,"TWOGAUSSIANS",8,1.6462333,0.7849171,0.017998071,0.4,0.0,0.3142553,0.06261419,0.46114317,0.015860865,0.4,0.0,0.227096,0.016808849
375316653866487564,4038451100163208320,0.47629222,2226.9043060013632,0.009423786755418563,1.0109761E-4,19.853468,0.045884762,0.21961693,0.004248265,0.06811863,0.016721305,0.27267706,0.038337,0.7281422,0.019252263,0.096114725,0.038367428,0.19896401,0.04623239,null,null,null,null,"TWOGAUSSIANS",8,2.340119,0.21961693,0.004244396,0.38146436,0.049569648,0.26899815,0.034308825,0.7281422,0.019252263,0.4,0.016530499,0.1952845,0.03885611
375316653866487564,4038451443758254080,0.46674722,2320.7826014145703,4.233341202610509,2.6346237E-5,16.733204,0.006005589,0.16172993,0.019884009,0.053880032,0.027488714,0.084465586,0.08627513,0.6569211,0.0051733553,0.063961364,0.012065668,0.07416004,0.01984937,null,null,null,null,"TWOGAUSSIANS",8,3.8473945,0.16172993,0.019884009,0.30172816,0.13651793,0.08444935,0.086354345,0.6569211,0.0051733553,0.35818365,0.067567736,0.074143805,0.019871837
375316653866487564,4038452130954293632,0.51436985,2208.359359213482,0.24378139114535569,2.267496E-5,18.53657,0.009381234,0.28536907,0.0035651638,0.08933115,0.0071288245,0.25789198,0.022319524,0.7283175,0.0064655268,0.061692566,0.035189733,1.8314024,1.8836741,null,null,null,null,"TWOGAUSSIANS",8,2.0229495,0.7283175,0.0064655268,0.3454784,0.073006794,1.8302101,1.8893708,0.28536907,0.0035651638,0.4,0.0,0.25669846,0.022256454
375316653866487564,4038452332794672768,0.5737831,2277.958891748808,1.8811888929673213,1.3427399E-5,17.686403,0.008318581,0.27610633,0.002879,0.093930736,0.0051896507,0.21013208,0.009837776,0.77958214,0.004320488,0.09420665,0.006083898,0.13798161,0.008606512,null,null,null,null,"TWOGAUSSIANS",8,2.3456914,0.27610633,0.002879,0.4,0.0,0.20068328,0.008745122,0.77958214,0.004320488,0.4,0.0,0.1285329,0.005404353
375316653866487564,4038452405832646528,0.46612754,2277.718579746941,4.76969717300231,7.4354204E-5,17.69937,0.024891136,0.57779336,0.018969717,0.07542534,0.016412627,0.19885643,0.028780177,0.3171169,0.045231037,0.109068915,0.03334156,0.1498482,0.03922504,null,null,null,null,"TWOGAUSSIANS",8,17.813753,0.57176334,0.014837403,0.4,0.024087263,0.2079316,0.021794608,0.3191169,0.04643105,0.4,0.0,0.15027061,0.039603557
375316653866487564,4038452611991500800,0.58818895,2212.262667335281,2.7161743593470526,1.902138E-5,18.84685,0.06123211,0.2929705,0.003262535,0.08916142,0.012219656,0.39351207,0.05583279,0.7943715,0.018539391,0.09909966,0.032552853,0.3168726,0.059052046,null,null,null,null,"TWOGAUSSIANS",8,1.3648112,0.2929705,0.003231418,0.4,0.0,0.37334487,0.022511756,0.7943715,0.018539391,0.4,0.0,0.2967036,0.024161035
375316653866487564,4038453058667553536,0.47131106,2232.2696161592257,0.04652312311345566,4.508932E-5,19.582611,0.15873557,0.13626051,0.016972177,0.07289243,0.03001788,0.8952638,1.6174303,0.7353141,0.049577627,0.07492177,0.057362158,0.58768964,0.5173546,null,null,null,null,"TWOGAUSSIANS",8,9.628593,0.13626051,0.016818056,0.4,0.09239936,0.8948723,1.6236769,0.7353141,0.04956847,0.4,0.07700841,0.58729804,0.5057963
375316653866487564,4038453191788554624,0.5423222,2269.858587828689,0.7168198597360742,5.093149E-6,17.421865,0.0069216634,0.28518054,0.031009665,0.027917411,0.021671109,0.03539505,74.10123,0.80599993,8.204827E-4,0.031636216,0.0014365378,0.22831877,0.0071964995,null,null,null,null,"TWOGAUSSIANS",8,8.350618,0.80599993,8.204827E-4,0.17716281,0.008044612,0.22831877,0.0071964995,0.28518054,0.031009665,0.1563375,0.12135821,0.03539505,74.10123
375316653866487564,4038453363574207232,0.4911209,2209.5274019230396,4.6917167669188276,5.0025526E-5,18.56439,0.03328353,0.48304537,0.034573525,0.1096784,0.02995479,0.5752875,0.14247283,0.80194134,0.16439365,0.10035885,0.13198301,0.19694358,0.06652483,null,null,null,null,"TWOGAUSSIANS",8,19.757156,0.48390535,0.020661794,0.4,0.0,0.5730281,0.0651115,0.80194134,0.16439365,0.4,0.0038877863,0.20180024,0.07117583
375316653866487564,4038453711498354432,0.5474154,2147.509132976228,3.6671122198824473,2.2889099E-5,18.420343,0.042865336,0.29469627,0.010235411,0.10555345,0.019241216,0.23960018,0.042023957,0.8129543,0.004456573,0.09832549,0.023382181,0.23940188,0.0248857,null,null,null,null,"TWOGAUSSIANS",8,2.7691908,0.29469627,0.010235092,0.4,0.0,0.22068346,0.018049413,0.8129643,0.004429823,0.4,0.0,0.22049202,0.027386712
375316653866487564,4038453775864605184,0.5835676,2257.3669077501436,3.563618828720368,8.094926E-6,16.583078,0.1029181,0.21210389,0.021856273,0.05131392,0.031160418,0.23548415,0.18774168,0.7140813,0.0027596757,0.06822949,0.014174524,0.33218414,0.21630646,0.10943313,0.10803247,0.7140813,0.0027596757,"TWOGAUSSIANS_WITH_ELLIPSOIDAL_ON_ECLIPSE2",9,23.24462,0.7140813,0.0027596757,0.38208514,0.04273681,0.55065656,0.067643955,0.21242389,0.018951584,0.28735796,0.1375655,0.45392826,0.06106792
375316653866487564,4038454089455196800,0.5100127,2270.7964266141403,2.7113042732740382,3.6955524E-5,19.52032,0.03516211,0.29596838,0.007125273,0.07985985,0.012222532,0.33540842,0.056548517,0.7834143,0.023105664,0.07079096,0.02485238,0.43888047,0.14069396,null,null,null,null,"TWOGAUSSIANS",8,4.6655383,0.7834143,0.023105664,0.3964294,0.068221524,0.4365559,0.14324886,0.29596838,0.007125273,0.4,0.0,0.33308384,0.053548597
375316653866487564,4038454639212877568,0.5567835,2161.923529440736,2.5198822562390872,3.3413547E-5,18.28071,0.023147674,0.26533744,0.008425216,0.10122091,0.01459195,0.24620372,0.025913034,0.773283,0.0051838295,0.09374471,0.011358652,0.27487206,0.023670414,null,null,null,null,"TWOGAUSSIANS",8,2.4524953,0.773283,0.0051838295,0.4,0.0,0.25746512,0.018945102,0.26533744,0.008425216,0.4,0.0,0.22879452,0.014245608
375316653866487564,4038454673572209024,0.5630016,2224.8140912515464,2.4467837537753323,3.73453E-5,18.52884,0.02202708,0.2970229,0.01668499,0.08043142,0.012181679,0.4005659,0.030959958,0.8031698,0.024769627,0.064869456,0.017511254,0.64343655,0.11247823,null,null,null,null,"TWOGAUSSIANS",8,7.3027606,0.8031698,0.024769627,0.36326894,0.08616819,0.6411672,0.11046827,0.2970229,0.01668499,0.4,0.012981345,0.39829662,0.027862797
375316653866487564,4038454806661026688,0.5522348,2273.3109990300436,0.2964578674935043,4.225152E-5,17.464615,0.00860593,0.27754316,0.0065396857,0.029381763,0.0033629811,0.61419094,0.065097585,null,null,null,null,null,null,0.07074204,0.014696746,0.27754316,0.0065396857,"ONEGAUSSIAN_WITH_ELLIPSOIDAL",6,15.028176,0.27754316,0.0065396857,0.16453786,0.018832695,0.755675,0.07766465,null,null,null,null,null,null
375316653866487564,4038455012854723200,0.566913,2207.523240522084,2.079038468438631,1.4996554E-5,17.971628,0.009341681,0.27991712,0.0034726134,0.08054448,0.006105544,0.20031522,0.0088277245,0.7961634,0.004564174,0.10332246,0.010448309,0.1147719,0.009684871,null,null,null,null,"TWOGAUSSIANS",8,1.5465436,0.27991712,0.0034731708,0.4,0.0,0.19473681,0.0070828474,0.7961634,0.004564174,0.4,0.0,0.10919107,0.00707544
375316653866487564,4038455253372996480,0.5127498,2195.667865861592,2.5388507435122944,3.9182356E-5,18.436384,0.010260431,0.20864762,0.0110889245,0.00990962,0.013415003,0.17528759,0.21634886,0.7140838,0.019157346,0.05606618,0.021442443,0.1295551,0.025197366,0.078634046,0.010856083,0.20864762,0.0110889245,"TWOGAUSSIANS_WITH_ELLIPSOIDAL_ON_ECLIPSE1",9,6.1315746,0.20864762,0.0110889245,0.05549387,0.07512402,0.33255148,0.21812248,0.7140838,0.017038418,0.31397063,0.11005563,0.2866356,0.019116785
375316653866487564,4038455360767761152,0.4759616,2203.8651798866213,0.08834082839328801,7.71897E-5,19.54327,0.03480458,0.40923664,0.010986333,0.09929588,0.016906235,0.21445,0.03950453,0.8008262,0.016029753,0.06401528,0.028882772,0.18527931,0.043207604,null,null,null,null,"TWOGAUSSIANS",8,1.9627774,0.40923664,0.010986333,0.4,0.0,0.21406703,0.03890998,0.8008262,0.016029753,0.35848555,0.14320405,0.18498631,0.04383596
375316653866487564,4038455395127502976,0.54461795,2258.1120491106703,2.7300679449366676,1.4494554E-5,19.194088,0.012652849,0.27316803,0.004925255,0.06779312,0.004994733,0.49610573,0.02956156,0.77146465,0.007173106,0.07331501,0.01323107,0.5490774,0.044262238,null,null,null,null,"TWOGAUSSIANS",8,3.7390409,0.77146465,0.007173106,0.4,0.0031568406,0.54719716,0.04702444,0.27316803,0.004925255,0.37964147,0.027970504,0.4942255,0.029098554
375316653866487564,4038455459492010240,0.4869137,2281.5326126035466,0.17603731313710613,4.368942E-5,16.418468,0.0031530382,0.19266851,0.006576972,0.02756414,0.023150114,0.22116552,0.12376883,0.8824281,0.02426291,0.045112103,0.013816858,0.0693559,0.015833067,null,null,null,null,"TWOGAUSSIANS",8,4.55338,0.19266851,0.006576972,0.15435918,0.12964064,0.22116552,0.12376883,0.8824281,0.02426291,0.2526278,0.077374406,0.0693559,0.015833067
375316653866487564,4038455493879231744,0.49001455,2209.9968027066925,2.852792485372424,1.3058123E-5,18.10864,0.01945699,0.17357317,0.020239534,0.118028,0.037030894,0.053938076,0.019014722,0.6925634,0.0060164635,0.10114784,0.028471021,0.085505046,0.013661423,null,null,null,null,"TWOGAUSSIANS",8,1.8779485,0.6926034,0.0059264675,0.4,0.0,0.07754064,0.012201615,0.17356317,0.02025436,0.4,0.0,0.045958124,0.007111519
375316653866487564,4038455566926462336,0.50144184,2244.894688550085,1.3462187006008814,3.7392503E-5,18.363369,0.00710392,0.2927018,0.01704893,0.04617609,0.027991625,0.12820235,1.9121099,0.7968985,0.010134654,0.05905856,0.017975304,0.07391875,0.025370775,null,null,null,null,"TWOGAUSSIANS",8,1.9007806,0.2927018,0.01704893,0.2585861,0.1567531,0.12820041,1.9121131,0.7968985,0.010134654,0.33072793,0.10066171,0.07391682,0.025371172
375316653866487564,4038455841802224000,0.479914,2274.4161707501526,1.4788635473371197,9.825725E-5,18.66321,0.009961753,0.3047425,0.0022243347,0.027812231,0.0035122063,0.2759254,0.07078275,0.4515607,0.017660363,0.06691415,0.02826336,0.0577166,0.025109261,null,null,null,null,"TWOGAUSSIANS",8,2.4009264,0.30522248,0.0017415449,0.1557485,0.019668356,0.28116554,0.07307425,0.4515607,0.017660363,0.37471926,0.1410929,0.057716846,0.025109025
375316653866487564,4038455910527994880,0.5192551,2264.304036994305,2.5564019100454987,2.080869E-5,19.60262,0.017770533,0.3176679,0.00783327,0.063505314,0.006463083,0.5241772,0.04750108,0.82404834,0.002231467,0.07601371,0.006601602,0.45036033,0.03927191,null,null,null,null,"TWOGAUSSIANS",8,2.8258662,0.3176679,0.00783327,0.35562977,0.036193267,0.52285326,0.047295738,0.82404834,0.002231467,0.4,0.0,0.4490364,0.0397973
375316653866487564,4038455944881959680,0.45505184,2247.606189702186,0.030688393012885187,2.1867949E-5,19.180357,0.18855415,0.1406983,0.057903387,0.17285375,0.14344317,0.18727772,0.18118149,0.6256159,0.0056560272,0.037941556,0.011239403,0.27109542,0.098579556,null,null,null,null,"TWOGAUSSIANS",8,3.4211211,0.6256159,0.0056560272,0.21247272,0.06294066,0.26100406,0.07875027,0.1406983,0.057903387,0.4,0.0,0.1713165,0.06355447
375316653866487564,4038456524644128256,0.62388873,2258.898086991395,1.6899735963867961,7.4426675E-6,17.460066,0.011077754,0.24687347,0.003944609,0.045431726,0.008344274,0.15681641,0.02610688,0.74398226,0.0030240384,0.0494102,0.0037679966,0.51752806,0.031960044,0.08099384,0.015355484,0.24687347,0.003944609,"TWOGAUSSIANS_WITH_ELLIPSOIDAL_ON_ECLIPSE1",9,8.716148,0.74414223,0.002789589,0.27669713,0.02110078,0.67946416,0.031736944,0.24687347,0.003944609,0.25441766,0.046727933,0.3188029,0.009374013
375316653866487564,4038456735156388864,0.4763493,2301.6333167734915,3.28905700428689,3.0240815E-5,19.47453,0.08610359,0.21772522,0.009809151,0.10577099,0.0569216,0.34698245,0.059298914,0.68055785,0.008022911,0.087315835,0.016288722,0.49235407,0.14240253,null,null,null,null,"TWOGAUSSIANS",8,4.1365743,0.68055785,0.008022911,0.4,0.0,0.47558558,0.14086,0.21772522,0.009797889,0.4,0.0,0.33018935,0.113235466
375316653866487564,4038456799522725376,0.6408138,2275.6752341926026,3.9174535537678943,3.82584E-6,17.348207,0.007145882,0.20210011,0.0053607356,0.038156588,0.0116841765,0.35504192,0.22564457,0.71122766,0.0036473693,0.041771706,0.003217853,0.4283793,0.020156268,0.1556643,0.012294145,0.20210011,0.0053607356,"TWOGAUSSIANS_WITH_ELLIPSOIDAL_ON_ECLIPSE1",9,14.577754,0.71122766,0.0036473693,0.23392156,0.018019976,0.7386848,0.012874347,0.20210011,0.0053607356,0.21367688,0.06543139,0.6663702,0.23691902
375316653866487564,4038456838236200960,0.4959538,2243.424263296597,2.6810207758457234,2.3277053E-5,19.166033,0.02143145,0.2267712,0.007533241,0.0825012,0.019643325,0.28771803,0.03411607,0.7040972,0.03024597,0.082301855,0.021091983,0.2944784,0.13837767,null,null,null,null,"TWOGAUSSIANS",8,4.112115,0.7040972,0.03024597,0.4,0.028183125,0.29066834,0.138851,0.2267712,0.007533241,0.4,0.0,0.28390798,0.04114797
375316653866487564,4038456872595341568,0.48453605,2250.4324846079803,0.06154640664918792,7.0972106E-5,19.392803,0.039276514,0.033622902,0.026352346,0.08378694,0.030492663,0.129606,0.031038648,0.60777295,0.013678849,0.13277973,0.021244219,0.2889796,0.048029725,null,null,null,null,"TWOGAUSSIANS",8,3.534288,0.60777295,0.013678849,0.4,0.0,0.27671093,0.039201353,0.031342905,0.024600353,0.4,0.06149777,0.11909529,0.023530828
375316653866487564,4038458586255385856,0.5716122,2260.677106812144,4.772661498011489,1.0300529E-6,17.883656,0.006945708,0.09804168,3.8362778E-5,0.0050880825,2.474968E-4,2.4713073,0.60201335,0.5504693,0.026568156,0.108207434,0.064051464,0.02488181,0.013078986,null,null,null,null,"TWOGAUSSIANS",8,2.2953272,0.09804168,3.8362778E-5,0.028493261,0.001385982,2.4713101,0.60199505,0.5504693,0.026568156,0.4,0.022170817,0.024880659,0.013089805
375316653866487564,4038458723667201408,0.622394,2222.924035098708,1.9092028188259875,1.2241897E-5,15.463389,0.0056349346,0.26464978,0.0034307202,0.066640966,0.003139925,0.3881368,0.026272282,0.76667625,0.0051686615,0.09344252,0.010710116,0.13401781,0.010592176,null,null,null,null,"TWOGAUSSIANS",8,15.907772,0.26464978,0.0034307202,0.3731894,0.01758358,0.38520366,0.026448622,0.76667625,0.0051686615,0.4,0.0,0.13108449,0.01134847
375316653866487564,4038458826746449280,0.6686526,2257.1256367215756,2.4529535311816026,4.964154E-6,16.78243,0.014287832,0.2607752,0.008160757,0.058747973,0.008782884,0.38087842,0.035229065,0.767838,0.0012559312,0.04732988,0.0043745427,0.3538035,0.028323976,0.11490289,0.017700337,0.767838,0.0012559312,"TWOGAUSSIANS_WITH_ELLIPSOIDAL_ON_ECLIPSE2",9,10.546431,0.2617752,0.0070655295,0.32898864,0.04918415,0.61026734,0.017983813,0.767838,0.0012559312,0.26504734,0.024497438,0.5835809,0.015573064
375316653866487564,4038458998584395648,0.6056386,2171.0651730425748,3.365307784936819,1.645489E-5,18.586927,0.02049514,0.2113498,0.004473181,0.039706584,0.011582722,0.18284766,0.05684066,0.70931643,0.009251846,0.038388643,0.013963891,0.30816978,0.052481316,0.13762191,0.032886397,0.2113498,0.004473181,"TWOGAUSSIANS_WITH_ELLIPSOIDAL_ON_ECLIPSE1",9,5.312214,0.70950645,0.008725908,0.21497642,0.07819779,0.5833728,0.035671115,0.2113498,0.004473181,0.22235687,0.06486324,0.45809135,0.036739282
375316653866487564,4038459037281920768,0.4638847,2214.258901766397,0.39940635637807137,3.5725905E-5,19.217804,0.024688587,0.13381425,0.0071932343,0.070226,0.01302946,0.18959321,0.023748564,0.614802,0.013317183,0.08472463,0.019815102,0.12381502,0.029621197,null,null,null,null,"TWOGAUSSIANS",8,2.0354257,0.13381425,0.0071932343,0.3932656,0.040552914,0.18850294,0.021503769,0.614802,0.013317183,0.4,0.0,0.12272474,0.02762565
375316653866487564,4038459135984955776,0.64835876,2237.9330921971095,4.005895606506295,2.6455218E-6,17.617184,0.0054693357,0.2140008,0.0013148091,0.06874943,0.0012715714,0.56122595,0.00807632,0.70675784,0.0014085254,0.070207536,0.0015047624,0.57629675,0.0075309924,null,null,null,null,"TWOGAUSSIANS",8,4.452363,0.70675784,0.0014085254,0.3931622,0.00842667,0.5748431,0.0073544546,0.2140008,0.0013148091,0.3849968,0.0071207997,0.5597723,0.007902238
375316653866487564,4038459724476727168,0.5848315,2260.2527546620317,2.8698800169691396,2.6740448E-5,14.970645,0.010928346,0.31152874,0.0038290264,0.078963205,0.008158474,0.30278388,0.037976902,0.80033666,0.0042850887,0.08159227,0.0057561253,0.30241182,0.011328517,null,null,null,null,"TWOGAUSSIANS",8,84.57579,0.31152874,0.0038290264,0.4,0.0,0.29897657,0.039652236,0.80033666,0.0042850887,0.4,0.0,0.29860455,0.009859672
375316653866487564,4038460239851878528,0.58159274,2134.8065008464473,3.172053239426441,2.0567983E-5,18.596363,0.018106198,0.26365978,0.0077328724,0.07733757,0.008285253,0.44320002,0.046192758,0.7595531,0.010390065,0.075823076,0.012861886,0.47755706,0.022199938,null,null,null,null,"TWOGAUSSIANS",8,4.9597344,0.7595531,0.010390065,0.4,0.0,0.47347122,0.019304026,0.26365978,0.0077328724,0.4,0.0,0.43911415,0.046542265
375316653866487564,4038460342931456768,0.59563714,2223.174608102319,2.881716776740451,1.1258304E-5,17.953447,0.010313917,0.293198,0.0020950455,0.08175363,0.0042856503,0.45589298,0.020463556,0.7891974,0.002219763,0.08388864,0.004215883,0.41250095,0.013340665,null,null,null,null,"TWOGAUSSIANS",8,4.055799,0.293198,0.0020950455,0.4,0.0,0.44743136,0.022038687,0.7891974,0.002219763,0.4,0.0,0.40403932,0.013803102
375316653866487564,4038460377291827072,0.52141947,2258.6905699433037,3.293651516926656,1.4158413E-5,19.484365,0.014521832,0.24512264,0.004242634,0.057232946,0.007091442,0.67735153,0.09471347,0.73238206,0.012658149,0.07180105,0.010861017,0.5929112,0.112387486,null,null,null,null,"TWOGAUSSIANS",8,3.1953692,0.24512264,0.004242634,0.3205045,0.039712075,0.6768862,0.09529021,0.73238206,0.012658149,0.4,0.040967416,0.5924459,0.112580314
375316653866487564,4038460476041389056,0.4684643,2220.1098730800763,0.5628849261838248,2.4358274E-5,18.892117,0.017817808,0.14530775,0.004305285,0.07425907,0.010066997,0.21759257,0.015852507,0.637414,0.0061878567,0.07548047,0.015914723,0.2273963,0.025681118,null,null,null,null,"TWOGAUSSIANS",8,3.0831218,0.637414,0.0061878567,0.4,0.0,0.2259834,0.026588095,0.14530775,0.004305285,0.4,0.011046917,0.21617967,0.014805541
375316653866487564,4038461751708222464,0.49168575,2247.016802213026,0.22237845872176545,1.1019836E-4,19.00053,0.05519457,0.24731432,0.014373848,0.113131106,0.026949173,0.39500192,0.047396634,0.6805972,0.111609414,0.067085676,0.021056226,1.1861173,0.7459123,null,null,null,null,"TWOGAUSSIANS",8,16.24362,0.6805972,0.11179348,0.3756798,0.1095997,1.1784438,0.74553734,0.24731432,0.014373848,0.4,0.0,0.3870691,0.042722218
375316653866487564,4038461854760942848,0.50474876,2250.0814809089206,3.1198950284051885,1.0656648E-5,17.839779,0.06313312,0.2136196,0.0056278403,0.09457018,0.028943839,0.209153,0.054405324,0.7440898,0.02877044,0.071203955,0.039129473,0.19180559,0.079776786,null,null,null,null,"TWOGAUSSIANS",8,9.30937,0.2136196,0.0056278403,0.4,0.0,0.20676923,0.015439783,0.7440898,0.02877044,0.39874214,0.04961609,0.18942279,0.03271224
375316653866487564,4038461957859848320,0.47675052,2279.523534734013,0.08949061218907092,2.7445903E-5,19.446026,0.023712117,0.2614647,0.005694627,0.06985342,0.0065943347,0.58729774,0.05123023,0.8403198,0.010477189,0.04912735,0.021007398,0.6781672,0.24337123,null,null,null,null,"TWOGAUSSIANS",8,10.839946,0.8403198,0.010477189,0.27511317,0.117641434,0.67815834,0.243432,0.2614647,0.005694627,0.3911791,0.029645953,0.58728886,0.05123009
375316653866487564,4038462163999758592,0.5391244,2199.6994472952924,2.7084915009585466,1.9790692E-5,18.930037,0.015461366,0.27491468,0.007242529,0.087191574,0.008438018,0.28640023,0.02064635,0.76962453,0.002451382,0.09206674,0.0054013142,0.33086112,0.018628793,null,null,null,null,"TWOGAUSSIANS",8,2.1748092,0.76962453,0.002451382,0.4,0.0,0.31925657,0.016214048,0.27491468,0.007242529,0.4,0.0,0.27479592,0.019145885
375316653866487564,4038462198384818944,0.41332793,2212.960124957577,1.938500151807783,2.3838536E-5,18.89089,0.39636177,0.2826262,0.0073227882,0.05962328,0.008248969,0.66892076,0.12835284,0.8292258,0.013752844,0.30165365,0.20127508,0.5297752,0.28703538,null,null,null,null,"TWOGAUSSIANS",8,10.728429,0.28133622,0.007399022,0.33389038,0.046194226,0.6257591,0.10088422,0.8292258,0.013752844,0.4,0.0,0.21700804,0.06740935
