Gaia/vari_eclipsing_binary/VariEclipsingBinary_306307-307590.csv
# %ECSV 1.0
# ---
# delimiter: ','
# meta: !!omap
# - RELEASE: Gaia DR3
# - TABLE: vari_eclipsing_binary
# - DESCRIPTION: >
#     This table describes the properties of the eclipsing binaries resulting from the variability analysis. 
# - CITATION: >
#     How to cite and acknowledge Gaia: 
#     https://gea.esac.esa.int/archive/documentation/credits.html 
# - KNOWN_ISSUES: >
#     Known issues: 
#     https://www.cosmos.esa.int/web/gaia-users/known-issues 
# - DOCUMENTATION: >
#     Tutorials and documentation: 
#     https://www.cosmos.esa.int/web/gaia-users/archive 
# datatype:
# - 
#   name: solution_id
#   datatype: int64
#   description: Solution Identifier
#   meta:
#     ucd: meta.version
# - 
#   name: source_id
#   datatype: int64
#   description: Unique source identifier
#   meta:
#     ucd: meta.id;meta.main
# - 
#   name: global_ranking
#   datatype: float32
#   description: Number between 0 (worst) and 1 (best)
#   meta:
#     ucd: stat.param
# - 
#   name: reference_time
#   datatype: float64
#   unit: d
#   description: Reference time used for the geometric model fit
#   meta:
#     ucd: time.epoch
# - 
#   name: frequency
#   datatype: float64
#   unit: d**-1
#   description: Frequency of geometric model of the eclipsing binary light curve
#   meta:
#     ucd: src.orbital
# - 
#   name: frequency_error
#   datatype: float32
#   unit: d**-1
#   description: "Uncertainty of \\texttt{frequency}"
#   meta:
#     ucd: stat.error
# - 
#   name: geom_model_reference_level
#   datatype: float32
#   unit: mag
#   description: Magnitude reference level of geometric model
#   meta:
#     ucd: phot.mag;em.opt
# - 
#   name: geom_model_reference_level_error
#   datatype: float32
#   unit: mag
#   description: "Uncertainty of \\texttt{geomModelReferenceLevel}"
#   meta:
#     ucd: stat.error;phot.mag;em.opt
# - 
#   name: geom_model_gaussian1_phase
#   datatype: float32
#   description: Phase of the Gaussian 1 component
#   meta:
#     ucd: time.phase
# - 
#   name: geom_model_gaussian1_phase_error
#   datatype: float32
#   description: "Uncertainty of \\texttt{geomModelGaussian1Phase}"
#   meta:
#     ucd: stat.error;time.phase
# - 
#   name: geom_model_gaussian1_sigma
#   datatype: float32
#   description: "Standard deviation [phase] of Gaussian 1 component"
#   meta:
#     ucd: stat.stdev
# - 
#   name: geom_model_gaussian1_sigma_error
#   datatype: float32
#   description: "Uncertainty of \\texttt{geomModelGaussian1Sigma}"
#   meta:
#     ucd: stat.error
# - 
#   name: geom_model_gaussian1_depth
#   datatype: float32
#   unit: mag
#   description: Magnitude depth of Gaussian 1 component
#   meta:
#     ucd: src.var.amplitude
# - 
#   name: geom_model_gaussian1_depth_error
#   datatype: float32
#   unit: mag
#   description: "Uncertainty of \\texttt{geomModelGaussian1Depth}"
#   meta:
#     ucd: stat.error;src.var.amplitude
# - 
#   name: geom_model_gaussian2_phase
#   datatype: float32
#   description: Phase of Gaussian 2 component
#   meta:
#     ucd: time.phase
# - 
#   name: geom_model_gaussian2_phase_error
#   datatype: float32
#   description: "Uncertainty of \\texttt{geomModelGaussian2Phase}"
#   meta:
#     ucd: stat.error;time.phase
# - 
#   name: geom_model_gaussian2_sigma
#   datatype: float32
[...]
#   datatype: float32
#   description: "Secondary eclipse: uncertainty of \\texttt{derivedSecondaryEclDuration}"
#   meta:
#     ucd: stat.error;time.duration
# - 
#   name: derived_secondary_ecl_depth
#   datatype: float32
#   unit: mag
#   description: "Secondary eclipse: depth"
#   meta:
#     ucd: src.var.amplitude
# - 
#   name: derived_secondary_ecl_depth_error
#   datatype: float32
#   unit: mag
#   description: "Secondary eclipse: uncertainty of \\texttt{derivedSecondaryEclDepth}"
#   meta:
#     ucd: stat.error;src.var.amplitude
solution_id,source_id,global_ranking,reference_time,frequency,frequency_error,geom_model_reference_level,geom_model_reference_level_error,geom_model_gaussian1_phase,geom_model_gaussian1_phase_error,geom_model_gaussian1_sigma,geom_model_gaussian1_sigma_error,geom_model_gaussian1_depth,geom_model_gaussian1_depth_error,geom_model_gaussian2_phase,geom_model_gaussian2_phase_error,geom_model_gaussian2_sigma,geom_model_gaussian2_sigma_error,geom_model_gaussian2_depth,geom_model_gaussian2_depth_error,geom_model_cosine_half_period_amplitude,geom_model_cosine_half_period_amplitude_error,geom_model_cosine_half_period_phase,geom_model_cosine_half_period_phase_error,model_type,num_model_parameters,reduced_chi2,derived_primary_ecl_phase,derived_primary_ecl_phase_error,derived_primary_ecl_duration,derived_primary_ecl_duration_error,derived_primary_ecl_depth,derived_primary_ecl_depth_error,derived_secondary_ecl_phase,derived_secondary_ecl_phase_error,derived_secondary_ecl_duration,derived_secondary_ecl_duration_error,derived_secondary_ecl_depth,derived_secondary_ecl_depth_error
[from data line 327]
375316653866487564,2704114158341354240,0.5589905,2254.6560174960314,0.8960598681652983,4.246841E-5,17.276955,0.018191045,0.2669369,0.04223152,0.020336317,0.03921786,0.21967882,1.7676116,0.81322336,0.012986639,0.037396148,0.01111503,0.51262784,0.09079253,0.032137215,0.020040214,0.81322336,0.012986639,"TWOGAUSSIANS_WITH_ELLIPSOIDAL_ON_ECLIPSE2",9,12.879241,0.81322336,0.012986639,0.20941843,0.06224417,0.5769022,0.0800865,0.2673469,0.042322367,0.11388337,0.21962,0.27871436,1.7685404
375316653866487564,2704326402740148480,0.52660793,2235.4222753662725,3.167271021057083,1.997806E-5,15.2885275,0.009086798,0.21477534,0.007464092,0.030514674,0.00891481,0.008988889,0.021321679,null,null,null,null,null,null,0.15920901,0.009894122,0.21477534,0.007464092,"ONEGAUSSIAN_WITH_ELLIPSOIDAL",6,83.08536,0.21477534,0.007464092,0.17088217,0.049922932,0.32740647,0.025428584,null,null,null,null,null,null
375316653866487564,2704345575474059520,0.59999704,2185.986114687939,0.5908698167177842,1.6110622E-5,16.333025,0.003956511,0.21683082,0.0048853187,0.030391367,0.0015892469,0.86344415,0.11609576,0.8292,0.026612509,0.049360793,0.034039162,0.05317414,0.032672245,null,null,null,null,"TWOGAUSSIANS",8,15.496152,0.21683082,0.0048853187,0.17019166,0.008899783,0.86344415,0.11609576,0.8292,0.026612509,0.27642044,0.19061932,0.05317414,0.032672245
375316653866487564,2704409617731966976,0.48484513,2210.418566443795,0.11086773845157041,7.469857E-5,19.514385,0.13284929,0.21825665,0.01033943,0.08681138,0.029690495,0.59916246,0.086138636,0.69033194,0.006069606,0.11300003,0.037395425,0.45767698,0.110543564,null,null,null,null,"TWOGAUSSIANS",8,5.5945935,0.21828666,0.010378845,0.4,0.0,0.5683177,0.07012128,0.69033194,0.006069606,0.4,0.0,0.42674986,0.06914349
375316653866487564,2704431745402780928,0.60278213,2181.561301005052,1.86966286792999,2.2741004E-5,17.930508,0.0058985557,0.31507105,0.010865389,0.07758353,0.008493766,0.1192966,0.010958878,0.79926026,0.009954793,0.05522907,0.01158208,0.3700787,0.015849676,null,null,null,null,"TWOGAUSSIANS",8,3.0393689,0.79926026,0.009954793,0.30928278,0.06485965,0.36988252,0.015675124,0.31507105,0.010865389,0.4,0.0,0.11910041,0.010876486
375316653866487564,2704530430866418816,0.5494033,2263.023836948746,1.756780782473003,3.9376093E-5,16.81954,0.0029427742,0.21024756,0.008524915,0.072435096,0.008617659,0.09468236,0.006469129,0.6856812,1.3588436E-4,0.03458438,0.004566691,0.19447759,0.110637434,null,null,null,null,"TWOGAUSSIANS",8,4.1806626,0.6856812,1.3588436E-4,0.19367252,0.025573468,0.19447623,0.11064075,0.21024756,0.008524915,0.4,0.010293627,0.09468101,0.0064683296
375316653866487564,2704762256021318272,0.51828593,2175.3164056189594,1.3190233994165532,8.192932E-5,19.40609,0.023243988,0.27813765,0.040798023,0.08828738,0.094956286,0.14396355,0.08434915,0.7659889,0.065909915,0.05060862,0.03331415,0.5224796,0.3394888,null,null,null,null,"TWOGAUSSIANS",8,1.820645,0.7659889,0.065909915,0.28340828,0.18655923,0.52199906,0.33988917,0.27813765,0.040798023,0.4,0.2964595,0.14348297,0.08609397
375316653866487564,2704764936080861696,0.53502864,2186.376244211598,1.1522842718079547,1.14378876E-4,17.510529,0.00667492,0.31273422,0.0016090416,0.019744707,0.006073316,0.5280032,4.1139545,0.61237913,0.022444809,0.0841708,0.020201648,0.05109969,0.011035715,null,null,null,null,"TWOGAUSSIANS",8,13.282121,0.31273422,0.0016077165,0.11057036,0.03401057,0.5280937,4.1139407,0.61237913,0.022444809,0.4,0.0,0.05109969,0.011035779
375316653866487564,2704870420477232896,0.5298367,2175.459319274464,1.041171889559324,2.8918283E-5,18.57162,0.05981149,0.20450996,0.0068342597,0.089408666,0.014865832,0.71938777,0.09753253,0.720103,0.078832455,0.057911176,0.025383318,2.5165207,5.064786,null,null,null,null,"TWOGAUSSIANS",8,1.7566934,0.720103,0.07884183,0.32430258,0.14214657,2.5116308,5.0705194,0.20450996,0.0068342597,0.4,0.0,0.7144975,0.10317529
375316653866487564,2704975561277022720,0.52297866,2279.494950445551,1.1666531148059396,4.4859113E-5,17.39268,0.006541032,0.22008432,0.08590347,0.021379875,0.036568105,0.11945417,0.30872986,0.8400632,0.00493218,0.05942178,0.0036915499,0.25622085,0.02116031,null,null,null,null,"TWOGAUSSIANS",8,10.120358,0.8400632,0.00493218,0.33276197,0.020672679,0.25622085,0.02115938,0.22008432,0.08590347,0.1197273,0.20478138,0.119454175,0.30868894
375316653866487564,2705008473611321216,0.548031,2188.140825896167,2.291285692603927,2.177978E-5,16.99685,0.030686853,0.16083643,0.0123080965,0.09329001,0.028381018,0.122247465,0.029905679,0.6532319,0.0031835132,0.08052968,0.010318197,0.17551908,0.030666022,null,null,null,null,"TWOGAUSSIANS",8,6.5559883,0.6532319,0.0031835132,0.4,0.0,0.17148118,0.01959298,0.16083643,0.0123080965,0.4,0.0,0.118209414,0.01983082
375316653866487564,2705095506828266880,0.63214564,2270.3558022617704,2.147840636615243,9.453305E-6,17.358788,0.0052650287,0.24169615,0.0018453395,0.08432694,0.0030464157,0.24829224,0.008303614,0.7422831,0.002690904,0.08274719,0.0027220189,0.3217288,0.008246635,null,null,null,null,"TWOGAUSSIANS",8,2.05318,0.7422831,0.002690904,0.4,0.0,0.31539205,0.007870882,0.24169615,0.0018453395,0.4,0.0,0.24195549,0.008227824
375316653866487564,2705356748214475264,0.4900047,2246.9059590188986,0.0895454276441114,6.922044E-5,15.959171,0.0016727864,0.23588383,0.0245305,0.105018936,0.028057069,0.021799358,0.0036449227,0.63572425,0.003284893,0.03234567,0.0049860748,0.2002207,0.21778029,null,null,null,null,"TWOGAUSSIANS",8,2.9654195,0.63572425,0.003284893,0.18113576,0.02792202,0.2002319,0.21777746,0.23588383,0.0245305,0.4,0.0,0.02179503,0.0036411546
375316653866487564,2705372892996529408,0.6226529,2204.843422205039,4.2484496243355,1.1966872E-5,17.590105,0.012204255,0.23434511,0.004497082,0.047631472,0.010806757,0.35123536,0.074909635,0.7335699,0.0024795572,0.038960148,0.0045901085,0.43363222,0.04381224,0.14389816,0.018824771,0.23434511,0.004497082,"TWOGAUSSIANS_WITH_ELLIPSOIDAL_ON_ECLIPSE1",9,8.4123,0.7336299,0.0022554735,0.21817683,0.025704607,0.72142166,0.05167755,0.23434511,0.004497082,0.26673624,0.060517836,0.6390311,0.071252786
375316653866487564,2705468589162827520,0.6019325,2214.4563725317403,2.731332729403781,1.1140493E-5,14.052936,0.037196815,0.26295415,0.0048416117,0.11252852,0.020345313,0.19526078,0.03138005,0.7594293,0.004390259,0.11250538,0.014864905,0.2139402,0.035988443,null,null,null,null,"TWOGAUSSIANS",8,29.875368,0.7594293,0.004389207,0.4,0.0,0.18052635,0.00979803,0.26296416,0.0048482046,0.4,0.0,0.16184877,0.007372158
375316653866487564,2705528130294438528,0.5219465,2224.7073983844025,1.764266442275731,1.2030165E-4,17.420425,0.010150126,0.19517773,0.013383798,0.016807698,0.0078912685,0.73857397,0.019471584,null,null,null,null,null,null,0.01317887,0.017310936,0.19517773,0.013383798,"ONEGAUSSIAN_WITH_ELLIPSOIDAL",6,57.05649,0.19517773,0.013383798,0.0941231,0.044191103,0.7649317,0.029657584,null,null,null,null,null,null
375316653866487564,2705577024201875328,0.48711193,2182.690772292031,1.5550347109725005,3.9574883E-5,13.503888,0.0026259136,0.14355995,0.003979675,0.046096526,0.006404341,0.067706235,0.00496951,0.7127407,0.09561514,0.12693126,0.0624449,0.023937847,0.010684168,null,null,null,null,"TWOGAUSSIANS",8,3.3166978,0.14349994,0.0039912993,0.25814053,0.03586431,0.06753991,0.0049945856,0.7127407,0.09561514,0.4,0.0,0.023694994,0.0108106015
