Gaia/vari_eclipsing_binary/VariEclipsingBinary_471213-471227.csv
# %ECSV 1.0
# ---
# delimiter: ','
# meta: !!omap
# - RELEASE: Gaia DR3
# - TABLE: vari_eclipsing_binary
# - DESCRIPTION: >
#     This table describes the properties of the eclipsing binaries resulting from the variability analysis. 
# - CITATION: >
#     How to cite and acknowledge Gaia: 
#     https://gea.esac.esa.int/archive/documentation/credits.html 
# - KNOWN_ISSUES: >
#     Known issues: 
#     https://www.cosmos.esa.int/web/gaia-users/known-issues 
# - DOCUMENTATION: >
#     Tutorials and documentation: 
#     https://www.cosmos.esa.int/web/gaia-users/archive 
# datatype:
# - 
#   name: solution_id
#   datatype: int64
#   description: Solution Identifier
#   meta:
#     ucd: meta.version
# - 
#   name: source_id
#   datatype: int64
#   description: Unique source identifier
#   meta:
#     ucd: meta.id;meta.main
# - 
#   name: global_ranking
#   datatype: float32
#   description: Number between 0 (worst) and 1 (best)
#   meta:
#     ucd: stat.param
# - 
#   name: reference_time
#   datatype: float64
#   unit: d
#   description: Reference time used for the geometric model fit
#   meta:
#     ucd: time.epoch
# - 
#   name: frequency
#   datatype: float64
#   unit: d**-1
#   description: Frequency of geometric model of the eclipsing binary light curve
#   meta:
#     ucd: src.orbital
# - 
#   name: frequency_error
#   datatype: float32
#   unit: d**-1
#   description: "Uncertainty of \\texttt{frequency}"
#   meta:
#     ucd: stat.error
# - 
#   name: geom_model_reference_level
#   datatype: float32
#   unit: mag
#   description: Magnitude reference level of geometric model
#   meta:
#     ucd: phot.mag;em.opt
# - 
#   name: geom_model_reference_level_error
#   datatype: float32
#   unit: mag
#   description: "Uncertainty of \\texttt{geomModelReferenceLevel}"
#   meta:
#     ucd: stat.error;phot.mag;em.opt
# - 
#   name: geom_model_gaussian1_phase
#   datatype: float32
#   description: Phase of the Gaussian 1 component
#   meta:
#     ucd: time.phase
# - 
#   name: geom_model_gaussian1_phase_error
#   datatype: float32
#   description: "Uncertainty of \\texttt{geomModelGaussian1Phase}"
#   meta:
#     ucd: stat.error;time.phase
# - 
#   name: geom_model_gaussian1_sigma
#   datatype: float32
#   description: "Standard deviation [phase] of Gaussian 1 component"
#   meta:
#     ucd: stat.stdev
# - 
#   name: geom_model_gaussian1_sigma_error
#   datatype: float32
#   description: "Uncertainty of \\texttt{geomModelGaussian1Sigma}"
#   meta:
#     ucd: stat.error
# - 
#   name: geom_model_gaussian1_depth
#   datatype: float32
#   unit: mag
#   description: Magnitude depth of Gaussian 1 component
#   meta:
#     ucd: src.var.amplitude
# - 
#   name: geom_model_gaussian1_depth_error
#   datatype: float32
#   unit: mag
#   description: "Uncertainty of \\texttt{geomModelGaussian1Depth}"
#   meta:
#     ucd: stat.error;src.var.amplitude
# - 
#   name: geom_model_gaussian2_phase
#   datatype: float32
#   description: Phase of Gaussian 2 component
#   meta:
#     ucd: time.phase
# - 
#   name: geom_model_gaussian2_phase_error
#   datatype: float32
#   description: "Uncertainty of \\texttt{geomModelGaussian2Phase}"
#   meta:
#     ucd: stat.error;time.phase
# - 
#   name: geom_model_gaussian2_sigma
#   datatype: float32
[...]
#   datatype: float32
#   description: "Secondary eclipse: uncertainty of \\texttt{derivedSecondaryEclDuration}"
#   meta:
#     ucd: stat.error;time.duration
# - 
#   name: derived_secondary_ecl_depth
#   datatype: float32
#   unit: mag
#   description: "Secondary eclipse: depth"
#   meta:
#     ucd: src.var.amplitude
# - 
#   name: derived_secondary_ecl_depth_error
#   datatype: float32
#   unit: mag
#   description: "Secondary eclipse: uncertainty of \\texttt{derivedSecondaryEclDepth}"
#   meta:
#     ucd: stat.error;src.var.amplitude
solution_id,source_id,global_ranking,reference_time,frequency,frequency_error,geom_model_reference_level,geom_model_reference_level_error,geom_model_gaussian1_phase,geom_model_gaussian1_phase_error,geom_model_gaussian1_sigma,geom_model_gaussian1_sigma_error,geom_model_gaussian1_depth,geom_model_gaussian1_depth_error,geom_model_gaussian2_phase,geom_model_gaussian2_phase_error,geom_model_gaussian2_sigma,geom_model_gaussian2_sigma_error,geom_model_gaussian2_depth,geom_model_gaussian2_depth_error,geom_model_cosine_half_period_amplitude,geom_model_cosine_half_period_amplitude_error,geom_model_cosine_half_period_phase,geom_model_cosine_half_period_phase_error,model_type,num_model_parameters,reduced_chi2,derived_primary_ecl_phase,derived_primary_ecl_phase_error,derived_primary_ecl_duration,derived_primary_ecl_duration_error,derived_primary_ecl_depth,derived_primary_ecl_depth_error,derived_secondary_ecl_phase,derived_secondary_ecl_phase_error,derived_secondary_ecl_duration,derived_secondary_ecl_duration_error,derived_secondary_ecl_depth,derived_secondary_ecl_depth_error
[from data line 76]
375316653866487564,4144850286274214400,0.49634978,2245.8425080921706,0.1772070854839925,8.4149266E-5,18.292223,0.027980674,0.24177793,0.010055145,0.05942089,0.0076048723,0.54158974,0.07253429,0.7161739,0.01915578,0.11700423,0.020602984,0.48140648,0.039191727,null,null,null,null,"TWOGAUSSIANS",8,27.87471,0.24179792,0.01005299,0.332757,0.042587284,0.5306184,0.070878245,0.7161739,0.01915578,0.4,0.0,0.47028548,0.031497672
375316653866487564,4144850320638326784,0.49158585,2277.3972518554747,2.1923124787900825,2.1266093E-5,19.154108,0.047418267,0.28686222,0.007950462,0.09283158,0.017946517,0.42946696,0.032806937,0.79672396,0.01231076,0.08502618,0.019299408,0.45256785,0.10119154,null,null,null,null,"TWOGAUSSIANS",8,6.279905,0.79672396,0.01231076,0.4,0.018517766,0.43812114,0.10737344,0.28686222,0.007950462,0.4,0.0,0.41501975,0.031072909
375316653866487564,4144850668593211264,0.4987981,2256.7132567759095,0.3035977654346,1.02668084E-4,19.730059,0.040561065,0.22018687,0.019276252,0.10487601,0.031041237,0.14867593,0.045857992,0.6039623,0.008722099,0.09440816,0.016573291,0.39655152,0.07563783,null,null,null,null,"TWOGAUSSIANS",8,2.6649995,0.6039623,0.008722099,0.4,0.0,0.39283732,0.07539433,0.22051688,0.019152844,0.4,0.0,0.14488092,0.04279558
375316653866487564,4144850737301905024,0.4556611,2265.7981014033353,0.9474283540205187,7.619967E-5,18.759008,0.017259818,0.15089285,0.006105304,0.050022706,0.00610112,0.27903524,0.01929995,0.67638665,0.048063435,0.13560349,0.053838734,0.056371786,0.021797733,null,null,null,null,"TWOGAUSSIANS",8,2.9338698,0.15087286,0.006152961,0.28012717,0.034166273,0.27658206,0.014393574,0.67638665,0.048063435,0.4,0.0,0.05376402,0.017826496
375316653866487564,4144850840393672192,0.54286027,2320.49675741379,1.2896148208885105,1.5025022E-5,18.092007,0.030493189,0.30461746,0.0041388464,0.09586239,0.0119875735,0.18974833,0.031913,0.8222863,0.018419893,0.10995431,0.037592523,0.107945435,0.029564213,null,null,null,null,"TWOGAUSSIANS",8,2.8420746,0.30460745,0.004096151,0.4,0.0,0.17804436,0.007943636,0.8222863,0.018415553,0.4,0.0,0.096233346,0.01394877
375316653866487564,4144850870394310784,0.5339652,2295.929063487528,2.679195689805599,3.338298E-5,19.432974,0.01860852,0.222967,0.00550102,0.08034452,0.007342849,0.35979846,0.026336003,0.7268384,0.008904472,0.095070235,0.009686018,0.34046656,0.023199711,null,null,null,null,"TWOGAUSSIANS",8,2.4823823,0.222967,0.00550102,0.4,0.0,0.34856582,0.024572447,0.7268384,0.008904472,0.4,0.0,0.32923326,0.019304458
375316653866487564,4144850874773728128,0.5898406,2308.8347974538397,1.4728572382480207,8.680234E-5,16.371634,0.0018808998,0.2906739,0.0061675454,0.06364949,0.0027859963,0.33705238,0.025965584,null,null,null,null,null,null,null,null,null,null,"ONEGAUSSIAN",5,4.418569,0.2906739,0.0061675454,0.35643715,0.015601579,0.33705238,0.0,null,null,null,null,null,null
375316653866487564,4144851076552060800,0.53956026,2304.0720209735377,2.905333325554943,3.1012994E-5,18.327284,0.020703446,0.24908048,0.015425289,0.08652568,0.015524967,0.2699673,0.026602354,0.732509,0.004492995,0.09875876,0.009604567,0.29564548,0.01880053,null,null,null,null,"TWOGAUSSIANS",8,4.6507845,0.732509,0.004492995,0.4,0.0,0.28404304,0.012406846,0.24908048,0.015433676,0.4,0.0,0.258367,0.019753655
375316653866487564,4144851630668994304,0.44267815,2336.2274960794716,0.2049657510928119,6.0779654E-5,17.758888,0.013792985,0.24329624,0.009889531,0.051298734,0.012973331,0.14442839,0.03243857,0.71874756,2.8501518E-4,0.053776544,0.0048515974,0.21638592,0.01601201,null,null,null,null,"TWOGAUSSIANS",8,5.3116803,0.71874756,2.8501518E-4,0.30114865,0.027168944,0.21638454,0.016010867,0.24329624,0.009889531,0.2872729,0.07265065,0.14442702,0.032439098
375316653866487564,4144851665028507008,0.54119986,2381.762379711043,0.10704932243835916,3.2292876E-6,18.872963,0.024492482,0.2244449,3.5911642E-5,0.00192067,1.6653162E-4,0.30916035,0.015280146,0.72580373,0.020626944,0.035292562,0.18323831,0.044417128,0.018015616,null,null,null,null,"TWOGAUSSIANS",8,1.0098087,0.2244449,3.5911642E-5,0.010755752,9.3257707E-4,0.30916035,0.015380968,0.72580373,0.020626944,0.19763835,0.20790614,0.044417128,0.01947756
375316653866487564,4144851695027711488,0.56084937,2365.737304762706,0.5945678667845469,2.60766E-5,16.387829,0.0027687282,0.2225407,0.004101249,0.03233531,0.004862771,0.5359243,0.13770583,0.6774641,0.023839694,0.030311761,0.031258084,0.038769394,130.00607,null,null,null,null,"TWOGAUSSIANS",8,23.73498,0.2225407,0.004101249,0.18107775,0.027231516,0.5359243,0.13770583,0.6774641,0.023839694,0.16974586,0.17504527,0.038769394,130.00607
375316653866487564,4144852043005803520,0.56914425,2351.4338388201336,1.9223225540985072,4.3511507E-5,16.767317,0.017241426,0.32615843,0.005059374,0.0710688,0.006116971,0.679404,0.2039409,0.7755777,0.055643488,0.0439455,0.026575807,0.21051311,0.2641113,0.054391935,0.020400358,0.32615843,0.005059374,"TWOGAUSSIANS_WITH_ELLIPSOIDAL_ON_ECLIPSE1",9,40.113266,0.32615843,0.005059374,0.3979853,0.02629887,0.78699934,0.1951207,0.7790877,0.056216106,0.2460948,0.14882453,0.30819687,0.2768427
375316653866487564,4144852077341035904,0.43629044,2321.504012153875,1.794848454696271,2.221507E-5,18.274643,0.011950512,0.25790313,0.025258863,0.06631837,0.02336371,0.17803459,0.12086425,0.77131116,0.010875659,0.05394566,0.016000688,0.21013503,0.102651566,null,null,null,null,"TWOGAUSSIANS",8,18.657164,0.77131116,0.010875659,0.3020957,0.08960385,0.21009296,0.102709144,0.25790313,0.025258863,0.37138286,0.13040338,0.17799254,0.1209191
375316653866487564,4144852210423655040,0.4770369,2325.3568150597525,0.3614490420448585,3.0576956E-4,18.525255,0.004766061,0.30764657,0.011880257,0.041187774,0.018921947,0.017459847,0.006746185,0.7407941,0.016231997,0.020908328,0.010015179,0.16950601,0.025111312,null,null,null,null,"TWOGAUSSIANS",8,3.6690288,0.7407941,0.016231997,0.117086634,0.056085005,0.16950601,0.025111312,0.30764657,0.011880257,0.23065153,0.1059629,0.017459847,0.006746185
375316653866487564,4144852249163975936,0.5490248,2245.8260362846804,2.948094062390899,1.9875586E-5,19.094952,0.04827114,0.22972783,0.009962675,0.099073716,0.015035788,0.40996546,0.057587862,0.7199325,0.002320989,0.08997434,0.008627785,0.5540134,0.053268008,null,null,null,null,"TWOGAUSSIANS",8,3.7037847,0.7199325,0.002320989,0.4,0.0,0.52917886,0.044821873,0.22972783,0.009962675,0.4,0.0,0.38512847,0.046485282
375316653866487564,4144852966356291328,0.5333536,2286.0488284222256,1.7962934000553732,1.7586235E-5,17.584486,0.0049101277,0.2377772,0.0051853363,0.07520133,0.0052098776,0.1101004,0.00536971,0.7228543,0.03125205,0.08157251,0.031776864,0.03864771,0.01217501,null,null,null,null,"TWOGAUSSIANS",8,1.2312708,0.2377772,0.0051853363,0.4,0.0,0.10952983,0.004716803,0.7228543,0.03125205,0.4,0.0804078,0.03807714,0.012215361
375316653866487564,4144853005056948224,0.5106182,2240.762873072248,3.03581237719621,2.1790021E-5,19.468096,0.031989377,0.29882708,0.031545382,0.061268628,0.03120371,0.97335225,0.6534013,0.79952174,0.0026933572,0.056935687,0.0072017554,0.6633464,0.07137833,null,null,null,null,"TWOGAUSSIANS",8,3.5082512,0.29882708,0.031545382,0.3431043,0.08146149,0.973147,0.6557376,0.79952174,0.0026933572,0.31883985,0.040329833,0.6631411,0.07173316
375316653866487564,4144853039416588928,0.5888218,2342.42684307548,1.4840505772549333,1.8760078E-5,17.723347,0.006896816,0.32855636,0.0054770955,0.08689505,0.008266026,0.24762118,0.015237925,0.83889824,0.0017872408,0.08049686,0.0040468303,0.3094335,0.0070922608,null,null,null,null,"TWOGAUSSIANS",8,3.7993507,0.83889824,0.0017872408,0.4,0.0,0.3041603,0.0068297554,0.32855636,0.0054770955,0.4,0.0,0.24234796,0.015985763
375316653866487564,4144853722254558336,0.476888,2343.3617405910327,2.389712516521532,3.129404E-5,17.961763,0.0034865786,0.22462268,0.0061821966,0.058779698,0.0068435045,0.10636668,0.017967058,null,null,null,null,null,null,null,null,null,null,"ONEGAUSSIAN",5,3.649081,0.22462268,0.0061821966,0.32916632,0.038323626,0.10636668,0.0,null,null,null,null,null,null
375316653866487564,4144853898399696256,0.5706805,2289.5830481940056,2.859881325561602,6.412019E-5,19.60294,0.021696,0.22937012,0.025937978,0.053469542,0.02960869,0.5114057,0.07899512,0.7367355,0.007847654,0.06934881,0.010143264,0.5548274,0.0389383,null,null,null,null,"TWOGAUSSIANS",8,2.3261268,0.7367355,0.007847654,0.38835335,0.036651295,0.5546183,0.038908694,0.22937012,0.025937978,0.29942945,0.16580865,0.5111966,0.07887378
375316653866487564,4144854276357198208,0.5141743,2304.259244695054,2.6434815824378997,1.4972429E-5,19.229391,0.019045021,0.26523328,0.0073844106,0.08368316,0.00865927,0.35045603,0.03432906,0.76448876,0.0035297875,0.06749589,0.005535084,0.46130884,0.037562605,null,null,null,null,"TWOGAUSSIANS",8,4.079762,0.76448876,0.0035297875,0.37797698,0.03099647,0.45805168,0.037948895,0.26523328,0.0073844106,0.4,0.0,0.34719887,0.03444895
375316653866487564,4144854860472749184,0.4828549,2310.6556337585157,1.3746003561508218,3.7255126E-5,19.799627,0.28822842,0.24350113,0.014076306,0.10195318,0.040260673,0.352403,0.23618996,0.7485165,0.008516372,0.13095078,0.10570812,0.22294395,0.2722238,null,null,null,null,"TWOGAUSSIANS",8,2.2647731,0.24346113,0.01419841,0.4,0.0,0.30202332,0.021986438,0.7485165,0.008509937,0.4,0.0,0.17226113,0.030514965
375316653866487564,4144854894832584448,0.55672216,2292.8878421994846,2.187717356638499,1.1487208E-5,19.168846,0.015608381,0.23808962,0.031865034,0.074408256,0.02828444,0.32132238,0.05095171,0.73068154,0.005720448,0.07846841,0.0058569815,0.37186623,0.017446872,null,null,null,null,"TWOGAUSSIANS",8,2.574689,0.73068154,0.005720448,0.4,0.0,0.3690593,0.016479397,0.23808962,0.031865034,0.4,0.13761124,0.31851545,0.049936388
375316653866487564,4144855444619713408,0.4907287,2297.2671738546505,3.332612469766735,2.268629E-5,14.85659,0.014892072,0.3173007,0.00877516,0.11307774,0.017440926,0.08203603,0.013542342,0.783789,0.00981517,0.106675126,0.020247953,0.08050604,0.014359571,null,null,null,null,"TWOGAUSSIANS",8,33.849182,0.3173307,0.008735234,0.4,0.0,0.073511474,0.004833136,0.783789,0.00981517,0.4,0.0,0.071993254,0.0054891636
375316653866487564,4144855478955931520,0.6015948,2309.4165733173704,2.659199323369199,9.422407E-6,16.898233,0.038489837,0.24163626,0.005356014,0.05406135,0.009899142,0.41349387,0.10130603,0.73810124,0.0029156893,0.061543275,0.006897333,0.50993705,0.07672946,0.06806227,0.044653207,0.24163626,0.005356014,"TWOGAUSSIANS_WITH_ELLIPSOIDAL_ON_ECLIPSE1",9,28.694042,0.73836124,0.002489577,0.34464234,0.038625065,0.6458863,0.026021397,0.24163626,0.005356014,0.30274355,0.055435196,0.5495053,0.09226757
375316653866487564,4144855513318062080,0.525514,2301.4597694515796,3.416215982879739,1.8575192E-5,19.39683,0.024134766,0.29174694,0.0020477695,0.06247049,0.008041126,0.45083597,0.044914316,0.79960537,0.009885845,0.0875043,0.0154955955,0.45938486,0.10550382,null,null,null,null,"TWOGAUSSIANS",8,3.4582367,0.79960537,0.009885845,0.4,0.0,0.45647886,0.10875138,0.29174694,0.0020477695,0.34983474,0.045030303,0.44793007,0.045872383
375316653866487564,4144855616394940928,0.5653931,2284.091052345612,2.530124882002138,7.686843E-6,18.662367,0.028400725,0.26173356,0.009432148,0.09266259,0.019220209,0.39803496,0.08421701,0.7575337,0.0030225748,0.095133856,0.0078268135,0.37534514,0.027627645,null,null,null,null,"TWOGAUSSIANS",8,2.0576634,0.26173356,0.009432148,0.4,0.0,0.37701297,0.103393376,0.7575337,0.0030215688,0.4,0.0,0.35432276,0.015701465
375316653866487564,4144855680757608704,0.6171423,2296.663088171287,1.2726378533301448,4.7262506E-6,16.967268,0.0065255454,0.26527745,0.001671619,0.08746599,0.0031287961,0.22528632,0.006458369,0.76464176,0.0027722274,0.098736875,0.009193618,0.17066394,0.011569522,null,null,null,null,"TWOGAUSSIANS",8,2.0574446,0.26527745,0.001671619,0.4,0.0,0.21486603,0.003632678,0.76464176,0.0027722274,0.4,0.0,0.16024275,0.014799547
375316653866487564,4144855856913417344,0.44005823,2323.796796412794,1.3312159095849687,2.0543335E-5,19.590313,0.011266812,0.064900436,0.011803488,0.017946228,0.01008479,0.18116885,0.07228907,0.5830267,0.012786696,0.042340778,0.010857305,0.22870068,0.101671845,null,null,null,null,"TWOGAUSSIANS",8,3.1220386,0.5830267,0.012786696,0.23710835,0.060800906,0.22870068,0.101671845,0.064900436,0.011803488,0.100498885,0.056474824,0.18116885,0.07228907
375316653866487564,4144855891273195392,0.42451277,2327.3087930267916,1.8902476693039232,1.791971E-5,18.834444,0.013934821,0.3102287,0.0035166915,0.03488207,0.0070943646,0.44760108,0.21072987,0.5866185,0.0028354467,0.014073503,0.0024849146,0.30643117,0.04303146,null,null,null,null,"TWOGAUSSIANS",8,4.2645087,0.3102287,0.0035166915,0.19533958,0.03972844,0.44760108,0.21072987,0.5866185,0.0028354467,0.078811616,0.013915522,0.30643117,0.04303146
375316653866487564,4144855994355963136,0.48532116,2348.0651136504653,2.556561189534351,2.163725E-5,19.717344,0.09312036,0.25085634,0.005816719,0.15225387,0.038748316,0.32980633,0.083372265,0.74152446,0.0065655084,0.094811626,0.016991263,0.3746098,0.09031988,null,null,null,null,"TWOGAUSSIANS",8,1.2881799,0.74152446,0.0065655084,0.4,0.0,0.29815555,0.041359916,0.25085634,0.00581506,0.4,0.0,0.25029534,0.016246669
375316653866487564,4144856097433120384,0.530846,2277.2069460243188,3.665329017881871,1.9394412E-5,19.048437,0.017669942,0.2522028,0.007136314,0.09861512,0.011124041,0.28309467,0.01841275,0.7205029,0.012440333,0.09423622,0.01296909,0.37305653,0.030182794,null,null,null,null,"TWOGAUSSIANS",8,4.38688,0.7205029,0.012440333,0.4,0.0,0.3586069,0.029977191,0.2522028,0.007136314,0.4,0.0,0.268643,0.013074275
375316653866487564,4144856264898817536,0.562916,2253.6292462567017,2.587036939263682,1.2416155E-5,19.514425,0.030403547,0.37239015,0.006934626,0.07199821,0.009287736,0.5098132,0.03474843,0.8733998,0.0032711327,0.065786,0.006859263,0.48385525,0.033018775,null,null,null,null,"TWOGAUSSIANS",8,1.7817689,0.37239015,0.006934626,0.4,0.02039753,0.5084764,0.033134677,0.8733998,0.0032711327,0.3684016,0.03841187,0.4825184,0.03186474
375316653866487564,4144856372310949248,0.5159627,2256.655829503085,0.18944088294631203,9.134302E-5,19.626432,0.005646447,0.5133586,0.1062587,0.062070638,0.022078622,1.1026614,1.1601325,0.7929778,1.6717441E-4,0.030201113,4.205825E-4,0.32165912,0.005558812,null,null,null,null,"TWOGAUSSIANS",8,1.3284968,0.5133586,0.1062587,0.34759557,0.11862467,1.1026614,1.1601325,0.7929778,1.6717441E-4,0.16912623,0.002355262,0.32170233,0.0055419607
375316653866487564,4144856647210606720,0.5904414,2308.9706320569535,1.2118197447332522,7.731349E-6,18.172812,0.01382528,0.2688433,0.0023941232,0.0924737,0.005394522,0.33742952,0.013107723,0.77271134,0.0044615674,0.08556847,0.0070914533,0.23272815,0.017366279,null,null,null,null,"TWOGAUSSIANS",8,2.6785007,0.2688433,0.0023941232,0.4,0.0,0.32716063,0.009551835,0.77271134,0.0044615674,0.4,0.0,0.22245954,0.015188293
375316653866487564,4144856853369076992,0.5168128,2296.7801889939465,3.6918331383542036,6.56657E-6,16.454945,0.0046442724,0.3371872,0.0049619684,0.019221604,0.005353468,0.3952634,1.1263163,0.8320108,9.2428416E-4,0.014646228,0.0029603117,2.4919326,7.248819,null,null,null,null,"TWOGAUSSIANS",8,43.619015,0.8320108,9.2428416E-4,0.08201888,0.016577745,2.4919326,7.248819,0.3371872,0.0049619684,0.10764099,0.02997942,0.3952634,1.1263163
375316653866487564,4144857123866924160,0.62395084,2289.9603082684303,1.1432196243474304,9.067375E-6,18.772121,0.0077969646,0.13487473,0.0023577001,0.03520139,0.006357263,0.22852574,0.03738856,0.6360289,0.0049233777,0.03924785,0.0030829825,0.904894,0.07514777,0.055679698,0.013528665,0.13487473,0.0023577001,"TWOGAUSSIANS_WITH_ELLIPSOIDAL_ON_ECLIPSE1",9,2.360035,0.6360289,0.0049233777,0.21978797,0.017264701,1.0162475,0.076909356,0.13487473,0.0023577001,0.19712777,0.035600673,0.33988515,0.043967385
