Gaia/vari_eclipsing_binary/VariEclipsingBinary_232707-232744.csv
# %ECSV 1.0
# ---
# delimiter: ','
# meta: !!omap
# - RELEASE: Gaia DR3
# - TABLE: vari_eclipsing_binary
# - DESCRIPTION: >
#     This table describes the properties of the eclipsing binaries resulting from the variability analysis. 
# - CITATION: >
#     How to cite and acknowledge Gaia: 
#     https://gea.esac.esa.int/archive/documentation/credits.html 
# - KNOWN_ISSUES: >
#     Known issues: 
#     https://www.cosmos.esa.int/web/gaia-users/known-issues 
# - DOCUMENTATION: >
#     Tutorials and documentation: 
#     https://www.cosmos.esa.int/web/gaia-users/archive 
# datatype:
# - 
#   name: solution_id
#   datatype: int64
#   description: Solution Identifier
#   meta:
#     ucd: meta.version
# - 
#   name: source_id
#   datatype: int64
#   description: Unique source identifier
#   meta:
#     ucd: meta.id;meta.main
# - 
#   name: global_ranking
#   datatype: float32
#   description: Number between 0 (worst) and 1 (best)
#   meta:
#     ucd: stat.param
# - 
#   name: reference_time
#   datatype: float64
#   unit: d
#   description: Reference time used for the geometric model fit
#   meta:
#     ucd: time.epoch
# - 
#   name: frequency
#   datatype: float64
#   unit: d**-1
#   description: Frequency of geometric model of the eclipsing binary light curve
#   meta:
#     ucd: src.orbital
# - 
#   name: frequency_error
#   datatype: float32
#   unit: d**-1
#   description: "Uncertainty of \\texttt{frequency}"
#   meta:
#     ucd: stat.error
# - 
#   name: geom_model_reference_level
#   datatype: float32
#   unit: mag
#   description: Magnitude reference level of geometric model
#   meta:
#     ucd: phot.mag;em.opt
# - 
#   name: geom_model_reference_level_error
#   datatype: float32
#   unit: mag
#   description: "Uncertainty of \\texttt{geomModelReferenceLevel}"
#   meta:
#     ucd: stat.error;phot.mag;em.opt
# - 
#   name: geom_model_gaussian1_phase
#   datatype: float32
#   description: Phase of the Gaussian 1 component
#   meta:
#     ucd: time.phase
# - 
#   name: geom_model_gaussian1_phase_error
#   datatype: float32
#   description: "Uncertainty of \\texttt{geomModelGaussian1Phase}"
#   meta:
#     ucd: stat.error;time.phase
# - 
#   name: geom_model_gaussian1_sigma
#   datatype: float32
#   description: "Standard deviation [phase] of Gaussian 1 component"
#   meta:
#     ucd: stat.stdev
# - 
#   name: geom_model_gaussian1_sigma_error
#   datatype: float32
#   description: "Uncertainty of \\texttt{geomModelGaussian1Sigma}"
#   meta:
#     ucd: stat.error
# - 
#   name: geom_model_gaussian1_depth
#   datatype: float32
#   unit: mag
#   description: Magnitude depth of Gaussian 1 component
#   meta:
#     ucd: src.var.amplitude
# - 
#   name: geom_model_gaussian1_depth_error
#   datatype: float32
#   unit: mag
#   description: "Uncertainty of \\texttt{geomModelGaussian1Depth}"
#   meta:
#     ucd: stat.error;src.var.amplitude
# - 
#   name: geom_model_gaussian2_phase
#   datatype: float32
#   description: Phase of Gaussian 2 component
#   meta:
#     ucd: time.phase
# - 
#   name: geom_model_gaussian2_phase_error
#   datatype: float32
#   description: "Uncertainty of \\texttt{geomModelGaussian2Phase}"
#   meta:
#     ucd: stat.error;time.phase
# - 
#   name: geom_model_gaussian2_sigma
#   datatype: float32
[...]
#   datatype: float32
#   description: "Secondary eclipse: uncertainty of \\texttt{derivedSecondaryEclDuration}"
#   meta:
#     ucd: stat.error;time.duration
# - 
#   name: derived_secondary_ecl_depth
#   datatype: float32
#   unit: mag
#   description: "Secondary eclipse: depth"
#   meta:
#     ucd: src.var.amplitude
# - 
#   name: derived_secondary_ecl_depth_error
#   datatype: float32
#   unit: mag
#   description: "Secondary eclipse: uncertainty of \\texttt{derivedSecondaryEclDepth}"
#   meta:
#     ucd: stat.error;src.var.amplitude
solution_id,source_id,global_ranking,reference_time,frequency,frequency_error,geom_model_reference_level,geom_model_reference_level_error,geom_model_gaussian1_phase,geom_model_gaussian1_phase_error,geom_model_gaussian1_sigma,geom_model_gaussian1_sigma_error,geom_model_gaussian1_depth,geom_model_gaussian1_depth_error,geom_model_gaussian2_phase,geom_model_gaussian2_phase_error,geom_model_gaussian2_sigma,geom_model_gaussian2_sigma_error,geom_model_gaussian2_depth,geom_model_gaussian2_depth_error,geom_model_cosine_half_period_amplitude,geom_model_cosine_half_period_amplitude_error,geom_model_cosine_half_period_phase,geom_model_cosine_half_period_phase_error,model_type,num_model_parameters,reduced_chi2,derived_primary_ecl_phase,derived_primary_ecl_phase_error,derived_primary_ecl_duration,derived_primary_ecl_duration_error,derived_primary_ecl_depth,derived_primary_ecl_depth_error,derived_secondary_ecl_phase,derived_secondary_ecl_phase_error,derived_secondary_ecl_duration,derived_secondary_ecl_duration_error,derived_secondary_ecl_depth,derived_secondary_ecl_depth_error
[from data line 545]
375316653866487564,2047104288031697024,0.6165468,2226.267814603061,1.9385230822276682,3.0580397E-6,16.9538,0.006343133,0.26003924,0.0015592498,0.06541729,0.0035483586,0.1842383,0.014668891,0.7643053,0.0031037433,0.050119963,0.0047144177,0.13093059,0.01354171,0.07692526,0.007564387,0.26003924,0.0015592498,"TWOGAUSSIANS_WITH_ELLIPSOIDAL_ON_ECLIPSE1",9,4.2705045,0.26003924,0.0015592498,0.36633682,0.019870808,0.33796632,0.010080322,0.7643053,0.0031037433,0.2806718,0.02640074,0.2845481,0.005079614
375316653866487564,2047104627300087552,0.43292454,2246.85046020932,2.9052183508887257,3.8192225E-5,18.325235,0.020505903,0.23173822,0.021181636,0.0885607,0.026636643,0.11127504,0.022931516,0.6877245,0.006888132,0.041520864,0.01383591,0.2754668,0.07565508,null,null,null,null,"TWOGAUSSIANS",8,13.8682165,0.6877245,0.006888132,0.23251684,0.0774811,0.2754235,0.075820625,0.23173822,0.021181636,0.4,0.0,0.111231536,0.022822205
375316653866487564,2047105486294057728,0.47826797,2232.2146798737026,2.6827463710594435,3.8443763E-5,19.7073,0.12975396,0.25654098,0.009101747,0.09450685,0.054971065,0.3808734,0.051742554,0.77915645,0.009830577,0.09345022,0.019464206,0.5637198,0.12530296,null,null,null,null,"TWOGAUSSIANS",8,5.3297133,0.77915645,0.009637309,0.4,0.0,0.54438597,0.05604384,0.25654098,0.009110215,0.4,0.0,0.36153966,0.082571365
375316653866487564,2047105559342210304,0.5134698,2258.170542694098,0.32161045078440065,4.845303E-6,17.28627,0.0034016562,0.26442233,0.021757202,0.06451036,0.018800195,0.38387963,0.28340814,0.7677923,0.0014683229,0.037494957,0.002467976,0.15418047,0.016971111,null,null,null,null,"TWOGAUSSIANS",8,5.9375663,0.26442233,0.021757202,0.36125803,0.0516074,0.3838769,0.28342775,0.7677923,0.0014683229,0.20997177,0.013820666,0.15417774,0.016970452
375316653866487564,2047105868580118144,0.5610074,2287.485859909026,1.8834048572346875,1.2063635E-5,17.888382,0.010111047,0.24723399,0.0042650043,0.0698797,0.0072721215,0.28526625,0.04764268,0.75580907,0.005855535,0.07520762,0.008562232,0.3792348,0.035822645,null,null,null,null,"TWOGAUSSIANS",8,6.4757104,0.75580907,0.005855535,0.4,0.0,0.3778164,0.03675214,0.24723399,0.0042650043,0.39132634,0.026526053,0.28384784,0.04831187
375316653866487564,2047105902939636608,0.53678316,2250.7408959588356,3.303287320155929,1.8109298E-5,14.969238,0.015153169,0.30045286,0.011481049,0.064365864,0.018166598,0.15085898,0.03346462,0.80521965,0.0031134763,0.048610866,0.016512934,0.1146597,0.030873679,0.077818856,0.020098368,0.80521965,0.0031134763,"TWOGAUSSIANS_WITH_ELLIPSOIDAL_ON_ECLIPSE2",9,146.37164,0.30165285,0.008156705,0.36044884,0.08846193,0.30633286,0.019968651,0.80521965,0.0031134763,0.27222085,0.09247243,0.27023792,0.031903885
375316653866487564,2047107105530269184,0.45621797,2263.027003359606,0.628095190715836,1.7906048E-5,17.12182,0.10028635,0.30207044,0.008791933,0.07468409,0.035250057,0.08423217,0.067468695,0.7842933,0.0081156995,0.10321595,0.11604046,0.109048605,0.07001646,null,null,null,null,"TWOGAUSSIANS",8,14.177599,0.7842933,0.0081156995,0.4,0.0,0.10625264,0.0215715,0.30207044,0.006730583,0.4,0.012305472,0.081438564,0.010644816
375316653866487564,2047107277329043456,0.44927752,2251.591756524693,1.0150265165278907,4.939093E-5,15.775668,0.0017036564,0.30989954,0.008399604,0.02382292,0.0068166372,0.032534875,0.028386861,0.8122585,0.0038246287,0.027956033,0.0031135862,0.08289955,0.0075527034,0.0111496905,0.0028061972,0.30989954,0.008399604,"TWOGAUSSIANS_WITH_ELLIPSOIDAL_ON_ECLIPSE1",9,16.657768,0.8122585,0.003824035,0.15655379,0.017436083,0.10519401,0.0072938143,0.30989954,0.008399604,0.13340835,0.03817317,0.054834235,0.028779749
375316653866487564,2047107758364473472,0.5077479,2255.0349938033232,0.26415487602460874,2.8279195E-5,17.179642,0.0022816348,0.2626497,0.11131654,0.09638154,0.11053355,0.00896311,0.006968229,0.48903382,0.0012166813,0.01530966,0.0012379531,0.17638567,0.011172544,null,null,null,null,"TWOGAUSSIANS",8,3.663175,0.48903382,0.0012166813,0.0857341,0.006932537,0.17695378,0.011846697,0.2626497,0.11131654,0.4,0.3879979,0.008963084,0.0069682975
375316653866487564,2047107857115896576,0.56927556,2258.2822148115565,3.0447243789963356,8.554788E-6,19.012314,0.01764351,0.2832321,0.011735318,0.08662916,0.01883929,0.3764234,0.026268195,0.78713137,0.0018039808,0.07636695,0.0048113614,0.38727897,0.01724054,null,null,null,null,"TWOGAUSSIANS",8,1.6914988,0.78713137,0.0018039808,0.4,0.0,0.38087925,0.01294664,0.2832321,0.011735318,0.4,0.0,0.37002364,0.03159968
375316653866487564,2047108067582860288,0.5674428,2267.331910183273,1.9082980305459996,8.032213E-6,18.979252,0.019353582,0.3017016,0.0022125242,0.04224539,0.004702625,0.3927046,0.043910444,0.79860914,0.0023695263,0.04272807,0.0031771627,0.70144737,0.04273588,0.11752638,0.025390297,0.3017016,0.0022125242,"TWOGAUSSIANS_WITH_ELLIPSOIDAL_ON_ECLIPSE1",9,7.388196,0.7987491,0.0022544875,0.2392772,0.017792111,0.93641526,0.013647099,0.3017016,0.0022125242,0.23657419,0.026334697,0.62775713,0.016145015
375316653866487564,2047108200718824448,0.5508953,2224.289688370173,2.71904943494466,1.8187908E-5,19.226559,0.0101152295,0.26984382,0.004778829,0.081866995,0.005992177,0.41675964,0.025226405,0.77992076,0.009771846,0.086398184,0.0059510134,0.41686255,0.034258973,null,null,null,null,"TWOGAUSSIANS",8,2.6096637,0.77992076,0.009771846,0.4,0.0,0.40844107,0.03517072,0.26984382,0.004778829,0.4,0.0,0.40833822,0.025964659
375316653866487564,2047108686077361280,0.56191105,2271.96554238538,3.023071443319939,1.0227573E-5,17.165829,0.009975739,0.28577736,0.0023346797,0.08103666,0.0064970185,0.28062737,0.007063975,0.7795803,0.003228748,0.08212941,0.004070914,0.2926612,0.011412911,null,null,null,null,"TWOGAUSSIANS",8,13.705542,0.7795803,0.003228748,0.4,0.0,0.28800103,0.0098284995,0.28577736,0.0023346797,0.4,0.0,0.27596724,0.0066739116
375316653866487564,2047108960955288960,0.48410347,2228.8791663919396,1.5167932357131826,1.8610526E-5,15.892773,0.0026258016,null,null,null,null,null,null,null,null,null,null,null,null,0.057238203,0.003367716,0.23653927,0.005340762,"ELLIPSOIDAL",4,35.044064,null,null,null,null,null,null,null,null,null,null,null,null
375316653866487564,2047109098394236544,0.6151521,2237.3915546343273,0.3373462232168929,4.9164588E-5,14.882921,0.0041747903,0.21896045,0.016377676,0.04457039,0.019042823,0.122615,0.04610176,0.71967834,0.003211519,0.02855429,0.0021959785,0.91382056,0.09092719,null,null,null,null,"TWOGAUSSIANS",8,77.28635,0.71967834,0.003211519,0.15990403,0.012297479,0.91382056,0.09092719,0.21896045,0.016377676,0.2495942,0.10663981,0.122615,0.046101764
375316653866487564,2047109510691784448,0.41413134,2258.5699554418416,3.342048943169713,4.3744694E-5,19.266579,0.023449201,0.34582528,0.026351433,0.15527333,0.032304876,0.13694286,0.027346173,0.6751605,0.040022917,0.038869247,0.018859144,0.38709518,0.1457291,null,null,null,null,"TWOGAUSSIANS",8,6.8929954,0.6751605,0.040022917,0.21766779,0.105611205,0.39999583,0.1517586,0.34582528,0.02634715,0.4,0.0,0.13538793,0.026626177
375316653866487564,2047110163526820864,0.5460448,2238.945899422403,0.3097669946347647,1.7368098E-4,18.12598,0.016604906,0.36433834,0.030696234,0.20985234,0.10660016,0.033559494,0.0144289965,0.7972958,5.0361996E-5,0.0055643343,4.1096613E-5,0.9871034,0.0054636276,null,null,null,null,"TWOGAUSSIANS",8,2.0542057,0.7972958,5.0361996E-5,0.031160273,2.3014104E-4,0.9880424,0.0065173823,0.36433834,0.030696234,0.4,0.0,0.029632708,0.0042661736
375316653866487564,2047110331016808576,0.5486071,2251.757104936496,2.63444638149422,5.1826087E-6,18.218912,0.015832573,0.2987395,0.0028351848,0.09492274,0.007750895,0.24500157,0.013474676,0.79454255,0.0023779043,0.09457268,0.0064434214,0.23309465,0.014960055,null,null,null,null,"TWOGAUSSIANS",8,1.750192,0.2987395,0.0028351848,0.4,0.0,0.23113154,0.006475688,0.79454255,0.0023779043,0.4,0.0,0.21922469,0.008592706
375316653866487564,2047110605894983424,0.5393556,2261.4318948466507,3.0282331940192844,1.1636053E-5,18.452814,0.0128692845,0.26737943,0.003067639,0.09196973,0.0063930885,0.23707423,0.01399611,0.76823884,0.0039234944,0.08473658,0.007255598,0.26689824,0.0134094395,null,null,null,null,"TWOGAUSSIANS",8,2.2644064,0.76823884,0.0039234944,0.4,0.0,0.2578749,0.0123426765,0.26737943,0.003067639,0.4,0.0,0.22805074,0.0113898525
375316653866487564,2047110816382217088,0.6035202,2253.167558163683,2.2504730572213325,5.259174E-6,15.647537,0.0041130646,0.23402974,0.0021802085,0.09192525,0.0030583104,0.19112864,0.004707695,0.7368717,0.0012911209,0.09072133,0.003846115,0.14665024,0.003576693,null,null,null,null,"TWOGAUSSIANS",8,6.825354,0.23402974,0.0021802085,0.4,0.0,0.18356307,0.0035247966,0.7368717,0.0012911209,0.4,0.0,0.13908473,0.0025106652
375316653866487564,2047111228679109760,0.51710284,2237.7411768361635,0.567509084290085,3.568444E-5,18.15626,0.005152312,0.19871444,0.0070286677,0.017678523,0.0029596996,1.4101846,0.7665545,0.71940494,0.003631552,0.020052778,0.0030207785,0.49884003,0.25130653,null,null,null,null,"TWOGAUSSIANS",8,12.061705,0.19871444,0.0070286677,0.098999724,0.016574318,1.4101846,0.7665545,0.71940494,0.003631552,0.11229556,0.01691636,0.49884003,0.25130653
375316653866487564,2047111812814689280,0.5311246,2238.638422287218,2.1208733600844343,9.811111E-6,18.802507,0.011314389,0.19085477,0.004178946,0.073349506,0.0037835757,0.37906724,0.018290102,0.6842543,0.0042389003,0.08653727,0.006258104,0.33089554,0.016634015,null,null,null,null,"TWOGAUSSIANS",8,3.523628,0.19085477,0.004178946,0.4,0.0026013015,0.37443507,0.017582975,0.6842543,0.0042389003,0.4,0.0,0.32626334,0.016466092
375316653866487564,2047113079797887744,0.56386966,2232.639645077082,0.03556512018407038,2.2170445E-5,17.533754,0.004297541,0.14067723,0.0058760927,0.016148502,0.003236282,0.08856602,0.010329595,0.28056845,5.518547E-4,0.01243716,6.14029E-4,2.9888215,0.66508627,null,null,null,null,"TWOGAUSSIANS",8,21.602722,0.28056845,5.518547E-4,0.069648094,0.0034385624,2.9888215,0.66508627,0.14067723,0.0058760927,0.09043161,0.01812318,0.08856602,0.010329595
375316653866487564,2047114492854309760,0.4285254,2221.9053567384217,4.007800635032865,5.5980236E-5,19.67728,0.0254287,0.3158673,0.013228296,0.09061039,0.015835738,0.1796167,0.02389052,0.79917324,0.0138817625,0.09259893,0.018444018,0.2157815,0.033034254,null,null,null,null,"TWOGAUSSIANS",8,2.8981194,0.79917324,0.0138817625,0.4,0.0,0.20839763,0.034791145,0.3158673,0.013228296,0.4,0.0,0.17223302,0.017895697
375316653866487564,2047115283133879552,0.5499218,2205.5401551629234,3.729876632860318,1.0965759E-5,19.648129,0.008498883,0.25597963,0.0059086517,0.06547611,0.005300733,0.55994797,0.036109474,0.7487612,0.003107438,0.071693696,0.0035303177,0.66936356,0.029734712,null,null,null,null,"TWOGAUSSIANS",8,1.832131,0.7487612,0.003107438,0.4,0.009615973,0.6680449,0.029874839,0.25597963,0.0059086517,0.36666623,0.029684104,0.5586293,0.036319274
375316653866487564,2047116623161796736,0.4992697,2245.81893656698,2.80175940223485,1.5702873E-5,18.903847,0.14407048,0.26003355,0.0064824712,0.11482614,0.037312523,0.27873713,0.1254973,0.7474503,0.0045915116,0.13398811,0.041504227,0.28496358,0.13978365,null,null,null,null,"TWOGAUSSIANS",8,2.3991904,0.7474503,0.0045915116,0.4,0.0,0.21767624,0.0086356085,0.26027355,0.0061600874,0.4,0.0,0.2119736,0.03883488
375316653866487564,2047116932401183744,0.54474336,2238.6140240879445,3.509869914207849,1.4349952E-5,19.108877,0.01742079,0.2587455,0.0028549624,0.076059885,0.004712212,0.5273664,0.029484216,0.75951654,0.0048791077,0.072761625,0.0057106595,0.40420946,0.019801458,null,null,null,null,"TWOGAUSSIANS",8,3.0435534,0.2587455,0.0028549624,0.4,0.0,0.52414805,0.029092971,0.75951654,0.0048791077,0.4,0.0044630608,0.40099108,0.018318694
375316653866487564,2047117546562660736,0.5796921,2254.400437169885,2.64410868845981,9.736052E-6,18.343744,0.014895082,0.2464663,0.003688629,0.088219225,0.004852271,0.45792696,0.017696707,0.7490777,0.0042477404,0.09809672,0.007080327,0.39521492,0.01394193,null,null,null,null,"TWOGAUSSIANS",8,3.0218687,0.2464663,0.003688629,0.4,0.0,0.43570793,0.013138852,0.7490777,0.0042477404,0.4,0.0,0.37299412,0.010711994
375316653866487564,2047117924520450432,0.6387356,2251.891339088528,2.740053944299619,8.26348E-6,15.8492,0.0071379463,0.22714888,0.0017476421,0.05255125,0.006693383,0.15687343,0.015737966,0.7298352,0.0035499244,0.04778171,0.005134033,0.10977369,0.01609788,0.106933646,0.008759784,0.22714888,0.0017476421,"TWOGAUSSIANS_WITH_ELLIPSOIDAL_ON_ECLIPSE1",9,16.56004,0.22714888,0.0017476421,0.294287,0.037482947,0.37073842,0.0068430007,0.7298352,0.0035499244,0.26757756,0.028750585,0.32357776,0.0074841105
375316653866487564,2047118341164972800,0.6413271,2234.1804951660442,1.410459731972856,4.0683326E-6,13.863599,0.003335585,0.15399176,0.005288327,0.0391962,0.004868681,0.059208836,0.0074519077,0.65541583,0.0010694719,0.04208927,0.0011283233,0.4750871,0.00934904,0.0059779687,0.004074887,0.15399176,0.005288327,"TWOGAUSSIANS_WITH_ELLIPSOIDAL_ON_ECLIPSE1",9,72.19586,0.65541583,0.0010687623,0.23569989,0.0063186106,0.48704207,0.008916615,0.15399176,0.005288327,0.21949872,0.027264616,0.07116476,0.0031898217
375316653866487564,2047118371196761856,0.55104816,2247.1927008763487,3.223424678548131,8.235343E-6,18.1329,0.01215353,0.2100832,0.004933668,0.08061798,0.006057972,0.53260106,0.016336119,0.7088105,0.0020774945,0.0749775,0.0038103294,0.45899445,0.021344699,null,null,null,null,"TWOGAUSSIANS",8,9.95848,0.2100832,0.004933668,0.4,0.0,0.5270768,0.014929138,0.7088105,0.0020774945,0.4,0.0,0.4534702,0.021338584
375316653866487564,2047118512963694720,0.58008516,2243.936971910346,2.606960396497097,8.273536E-6,17.40313,0.0052861967,0.2383119,0.0020053957,0.09264903,0.0032850797,0.2287524,0.006628701,0.7312528,0.003270084,0.084291406,0.004040128,0.2542094,0.012390251,null,null,null,null,"TWOGAUSSIANS",8,3.3406806,0.7312528,0.003270084,0.4,0.0,0.24629933,0.012662128,0.2383119,0.0020053957,0.4,0.0,0.22084211,0.0061238864
375316653866487564,2047118577355248256,0.61465544,2230.3675700894737,2.8475323699704154,5.6371177E-6,17.759174,0.0116143245,0.22856368,0.0012090625,0.050507452,0.0048228553,0.24261925,0.024665695,0.7257928,0.0029447994,0.050445914,0.00650161,0.1870272,0.02846696,0.10738768,0.014516151,0.22856368,0.0012090625,"TWOGAUSSIANS_WITH_ELLIPSOIDAL_ON_ECLIPSE1",9,4.35667,0.22856368,0.0012090625,0.28284174,0.02700799,0.45739225,0.012034234,0.7263128,0.00239394,0.28249714,0.036409017,0.4017473,0.018544296
375316653866487564,2047119161483499008,0.52859694,2227.6879603491593,2.4540514564279974,1.350695E-5,18.736002,0.022693453,0.24342068,0.010107429,0.10167401,0.01749256,0.18274002,0.021389557,0.72584903,0.0031762875,0.08673127,0.0075024744,0.34809113,0.022378154,null,null,null,null,"TWOGAUSSIANS",8,2.9839633,0.72584903,0.0031762875,0.4,0.0,0.33696803,0.016659264,0.24342068,0.010107429,0.4,0.0,0.1716142,0.013271246
375316653866487564,2047119200158593408,0.55034983,2251.2706612766774,2.4749590511805484,1.1737895E-5,18.597301,0.008157574,0.2673359,0.0016996529,0.08678206,0.0038766381,0.28091604,0.011611875,0.7755877,0.0040424685,0.09022921,0.006324429,0.26200283,0.014852408,null,null,null,null,"TWOGAUSSIANS",8,1.7852455,0.2673359,0.0016996529,0.4,0.0,0.27213058,0.011394315,0.7755877,0.0040424685,0.4,0.0,0.25321728,0.015392678
375316653866487564,2047119371942944000,0.4906535,2242.9584601222273,3.833400100998627,2.2873992E-5,19.463053,0.02984862,0.26258272,0.036936436,0.07848509,0.029821007,0.24134827,0.06315417,0.7587399,0.0061482317,0.09332714,0.013583949,0.22787991,0.027625253,null,null,null,null,"TWOGAUSSIANS",8,1.2346611,0.26258272,0.036955938,0.4,0.0,0.23502779,0.049214497,0.7587399,0.0061482317,0.4,0.0,0.22155915,0.015960673
