Gaia/vari_eclipsing_binary/VariEclipsingBinary_665653-665702.csv
# %ECSV 1.0
# ---
# delimiter: ','
# meta: !!omap
# - RELEASE: Gaia DR3
# - TABLE: vari_eclipsing_binary
# - DESCRIPTION: >
#     This table describes the properties of the eclipsing binaries resulting from the variability analysis. 
# - CITATION: >
#     How to cite and acknowledge Gaia: 
#     https://gea.esac.esa.int/archive/documentation/credits.html 
# - KNOWN_ISSUES: >
#     Known issues: 
#     https://www.cosmos.esa.int/web/gaia-users/known-issues 
# - DOCUMENTATION: >
#     Tutorials and documentation: 
#     https://www.cosmos.esa.int/web/gaia-users/archive 
# datatype:
# - 
#   name: solution_id
#   datatype: int64
#   description: Solution Identifier
#   meta:
#     ucd: meta.version
# - 
#   name: source_id
#   datatype: int64
#   description: Unique source identifier
#   meta:
#     ucd: meta.id;meta.main
# - 
#   name: global_ranking
#   datatype: float32
#   description: Number between 0 (worst) and 1 (best)
#   meta:
#     ucd: stat.param
# - 
#   name: reference_time
#   datatype: float64
#   unit: d
#   description: Reference time used for the geometric model fit
#   meta:
#     ucd: time.epoch
# - 
#   name: frequency
#   datatype: float64
#   unit: d**-1
#   description: Frequency of geometric model of the eclipsing binary light curve
#   meta:
#     ucd: src.orbital
# - 
#   name: frequency_error
#   datatype: float32
#   unit: d**-1
#   description: "Uncertainty of \\texttt{frequency}"
#   meta:
#     ucd: stat.error
# - 
#   name: geom_model_reference_level
#   datatype: float32
#   unit: mag
#   description: Magnitude reference level of geometric model
#   meta:
#     ucd: phot.mag;em.opt
# - 
#   name: geom_model_reference_level_error
#   datatype: float32
#   unit: mag
#   description: "Uncertainty of \\texttt{geomModelReferenceLevel}"
#   meta:
#     ucd: stat.error;phot.mag;em.opt
# - 
#   name: geom_model_gaussian1_phase
#   datatype: float32
#   description: Phase of the Gaussian 1 component
#   meta:
#     ucd: time.phase
# - 
#   name: geom_model_gaussian1_phase_error
#   datatype: float32
#   description: "Uncertainty of \\texttt{geomModelGaussian1Phase}"
#   meta:
#     ucd: stat.error;time.phase
# - 
#   name: geom_model_gaussian1_sigma
#   datatype: float32
#   description: "Standard deviation [phase] of Gaussian 1 component"
#   meta:
#     ucd: stat.stdev
# - 
#   name: geom_model_gaussian1_sigma_error
#   datatype: float32
#   description: "Uncertainty of \\texttt{geomModelGaussian1Sigma}"
#   meta:
#     ucd: stat.error
# - 
#   name: geom_model_gaussian1_depth
#   datatype: float32
#   unit: mag
#   description: Magnitude depth of Gaussian 1 component
#   meta:
#     ucd: src.var.amplitude
# - 
#   name: geom_model_gaussian1_depth_error
#   datatype: float32
#   unit: mag
#   description: "Uncertainty of \\texttt{geomModelGaussian1Depth}"
#   meta:
#     ucd: stat.error;src.var.amplitude
# - 
#   name: geom_model_gaussian2_phase
#   datatype: float32
#   description: Phase of Gaussian 2 component
#   meta:
#     ucd: time.phase
# - 
#   name: geom_model_gaussian2_phase_error
#   datatype: float32
#   description: "Uncertainty of \\texttt{geomModelGaussian2Phase}"
#   meta:
#     ucd: stat.error;time.phase
# - 
#   name: geom_model_gaussian2_sigma
#   datatype: float32
[...]
#   datatype: float32
#   description: "Secondary eclipse: uncertainty of \\texttt{derivedSecondaryEclDuration}"
#   meta:
#     ucd: stat.error;time.duration
# - 
#   name: derived_secondary_ecl_depth
#   datatype: float32
#   unit: mag
#   description: "Secondary eclipse: depth"
#   meta:
#     ucd: src.var.amplitude
# - 
#   name: derived_secondary_ecl_depth_error
#   datatype: float32
#   unit: mag
#   description: "Secondary eclipse: uncertainty of \\texttt{derivedSecondaryEclDepth}"
#   meta:
#     ucd: stat.error;src.var.amplitude
solution_id,source_id,global_ranking,reference_time,frequency,frequency_error,geom_model_reference_level,geom_model_reference_level_error,geom_model_gaussian1_phase,geom_model_gaussian1_phase_error,geom_model_gaussian1_sigma,geom_model_gaussian1_sigma_error,geom_model_gaussian1_depth,geom_model_gaussian1_depth_error,geom_model_gaussian2_phase,geom_model_gaussian2_phase_error,geom_model_gaussian2_sigma,geom_model_gaussian2_sigma_error,geom_model_gaussian2_depth,geom_model_gaussian2_depth_error,geom_model_cosine_half_period_amplitude,geom_model_cosine_half_period_amplitude_error,geom_model_cosine_half_period_phase,geom_model_cosine_half_period_phase_error,model_type,num_model_parameters,reduced_chi2,derived_primary_ecl_phase,derived_primary_ecl_phase_error,derived_primary_ecl_duration,derived_primary_ecl_duration_error,derived_primary_ecl_depth,derived_primary_ecl_depth_error,derived_secondary_ecl_phase,derived_secondary_ecl_phase_error,derived_secondary_ecl_duration,derived_secondary_ecl_duration_error,derived_secondary_ecl_depth,derived_secondary_ecl_depth_error
[from data line 37]
375316653866487564,5855175502710855552,0.52708596,2191.164718892586,3.101857076229618,1.5247217E-5,18.618576,0.018903062,0.2627526,0.003246292,0.10100289,0.006722845,0.34204993,0.018596012,0.7618224,0.0040286575,0.10025078,0.008243513,0.30279994,0.017431816,null,null,null,null,"TWOGAUSSIANS",8,4.7151,0.2627526,0.003246292,0.4,0.0,0.31299037,0.008639811,0.7618224,0.0040286575,0.4,0.0,0.27374122,0.011129211
375316653866487564,5855176155561936640,0.52246606,2217.798222098041,1.947803125300766,9.520041E-6,17.087748,0.14205697,0.28808704,0.009480746,0.14684995,0.062204495,0.14180623,0.13947865,0.7693759,0.0067677856,0.129499,0.027695343,0.18787225,0.12541421,null,null,null,null,"TWOGAUSSIANS",8,3.5293102,0.7693759,0.0067677856,0.4,0.0,0.1337833,0.0067242654,0.28863704,0.008950925,0.4,0.0,0.08703157,0.0048666056
375316653866487564,5855177388197935616,0.48502472,2227.8122345588354,1.3581700067012876,7.0100716E-5,17.60436,0.0019328461,0.29545373,0.019048976,0.02269219,0.017756974,0.3610484,304047.34,0.50963795,0.033008263,0.023773264,0.02022775,0.21533884,0.19583654,null,null,null,null,"TWOGAUSSIANS",8,3.4080107,0.29545373,0.019048976,0.12707627,0.099439055,0.3610484,304047.34,0.50963795,0.033008263,0.13313028,0.1132754,0.21533884,0.19583654
375316653866487564,5855178457649390464,0.5345555,2239.53084557486,3.1161146559944597,1.7036513E-5,19.642801,0.0067575052,0.25325704,0.008058447,0.060102664,0.0069197323,0.505611,0.03041128,0.7533764,0.0031953454,0.071627274,0.003103402,0.536674,0.0096629085,null,null,null,null,"TWOGAUSSIANS",8,1.5336683,0.7533764,0.0031953454,0.4,0.007603318,0.53590256,0.009505812,0.25325704,0.008058447,0.3365749,0.038750503,0.50483954,0.030728605
375316653866487564,5855178938684865664,0.49831042,2241.3796608655202,0.2732351521689221,8.1334365E-6,19.504654,0.0044591906,0.2505096,0.0015923501,0.009839779,6.260811E-4,0.5139937,0.05499847,0.61478835,0.01345304,0.028914597,0.009035026,0.051874556,0.01889649,null,null,null,null,"TWOGAUSSIANS",8,1.9140321,0.2505096,0.0015923501,0.055102758,0.003506054,0.5139937,0.05499847,0.61478835,0.01345304,0.16192174,0.05059614,0.051874556,0.01889649
375316653866487564,5855179213576078720,0.60053396,2213.9741896311803,2.072191701079789,5.960265E-6,16.582514,0.021019576,0.2497792,0.0040511726,0.11669291,0.011895674,0.2175683,0.019768743,0.7443315,0.0018627394,0.10292846,0.0061728777,0.326465,0.019238522,null,null,null,null,"TWOGAUSSIANS",8,7.813902,0.7443315,0.0018627394,0.4,0.0,0.28963876,0.005790299,0.2497792,0.0040543,0.4,0.0,0.18070135,0.008427358
375316653866487564,5855180381807231488,0.4533528,2173.993556241599,1.964801934216548,6.0219325E-5,18.437393,0.0060720504,0.59882766,0.0033973115,0.032220233,0.0032575068,0.33707663,0.054541964,null,null,null,null,null,null,null,null,null,null,"ONEGAUSSIAN",5,13.31529,0.59882766,0.0033973115,0.1804333,0.018242037,0.33707663,0.0,null,null,null,null,null,null
375316653866487564,5855181240790180096,0.5277687,2198.0300040997886,2.926292215409384,1.6421396E-5,19.395334,0.016787907,0.24741967,0.0043337625,0.081370614,0.011614691,0.5760522,0.11291783,0.75996417,0.0032441318,0.07106042,0.004791238,0.59630275,0.0533895,null,null,null,null,"TWOGAUSSIANS",8,3.8771076,0.75996417,0.0032441318,0.39793834,0.014608872,0.5922074,0.05420004,0.24741967,0.0043337625,0.4,0.0,0.5719568,0.11707525
375316653866487564,5855181339569168512,0.56842005,2208.3388685570144,2.6684425617866023,1.4686497E-5,16.968199,0.017372195,0.24639122,0.0026568205,0.04787033,0.0065383594,0.24884188,0.03795953,0.74143994,0.0045914208,0.06095574,0.0062536392,0.37399828,0.0417421,0.08749684,0.021626757,0.24639122,0.0026568205,"TWOGAUSSIANS_WITH_ELLIPSOIDAL_ON_ECLIPSE1",9,33.769333,0.74204,0.0040194667,0.34135213,0.03502038,0.5487832,0.029955713,0.24639122,0.0026568205,0.26807386,0.036614813,0.42377567,0.02003031
375316653866487564,5855184230087604224,0.48458385,2231.2311514296057,0.673804170116493,1.5556843E-5,16.72343,0.0028577268,0.24795097,0.012380481,0.020740189,0.01925431,0.057056703,1629754.9,0.76729876,0.004007182,0.027526548,0.0032741611,0.24327083,0.044740353,0.014387844,0.0057804747,0.24795097,0.012380481,"TWOGAUSSIANS_WITH_ELLIPSOIDAL_ON_ECLIPSE1",9,28.795706,0.76729876,0.004007182,0.15414867,0.018335301,0.27162334,0.04599425,0.24795097,0.012380481,0.11614505,0.10782414,0.08583239,1629754.9
375316653866487564,5855184711124085248,0.6175172,2188.947850602953,2.97889203663686,5.0619706E-6,18.822927,0.0070699314,0.23644525,0.0014781652,0.037522864,0.0026804358,0.3371137,0.030667594,0.74260515,0.0030782667,0.04157863,0.0044901543,0.3778708,0.017484268,0.13599765,0.010678529,0.23644525,0.0014781652,"TWOGAUSSIANS_WITH_ELLIPSOIDAL_ON_ECLIPSE1",9,1.9346367,0.74260515,0.0030782667,0.23284033,0.025144864,0.6494588,0.012265985,0.23644525,0.0014781652,0.21012804,0.01501044,0.609109,0.0297137
375316653866487564,5855185432689026944,0.42728302,2198.840302413579,2.3978038412177924,2.4824949E-5,17.159214,0.3057744,0.23524654,0.03010987,0.036724746,0.13071346,0.32382488,0.15998,0.7028464,0.012914582,0.09022516,0.07375603,0.21202134,0.28477556,null,null,null,null,"TWOGAUSSIANS",8,163.885,0.23524654,0.029228522,0.20565858,0.27605617,0.32375953,0.18496093,0.7028464,0.012914582,0.4,0.0,0.21195567,0.050017875
375316653866487564,5855185737612478976,0.58010644,2208.826760468041,1.8213230926021353,2.9920013E-6,18.140368,0.011704863,0.28989795,8.1789366E-4,0.037063405,0.001620767,0.8589374,0.03267545,0.7851707,0.0071814805,0.038445063,0.0072911014,0.33916557,0.04309539,0.089510895,0.015586356,0.28989795,8.1789366E-4,"TWOGAUSSIANS_WITH_ELLIPSOIDAL_ON_ECLIPSE1",9,16.589191,0.28989795,8.1789366E-4,0.20755507,0.009076295,1.037959,0.031773396,0.7854407,0.0067591993,0.21529235,0.04083017,0.51803845,0.036247097
375316653866487564,5855186051164363008,0.56541944,2212.6058960725495,0.41091233720748666,1.4410951E-5,15.812345,0.001867324,0.3449434,0.0026494334,0.025849763,0.0017423874,0.21876763,0.033462804,0.83802634,0.0060664895,0.028021174,0.003837083,0.22717275,0.015785689,null,null,null,null,"TWOGAUSSIANS",8,15.827593,0.83802634,0.0060664895,0.15691857,0.021487664,0.22717275,0.015785689,0.3449434,0.0026494334,0.14475867,0.00975737,0.21876763,0.033462804
375316653866487564,5855186463481188352,0.63511115,2201.5193399846353,1.526009376588724,4.1546605E-6,15.78576,0.0041074236,0.25271255,0.0012188876,0.089257084,0.0019539562,0.28864703,0.0051200734,0.75410515,0.0026183238,0.098005846,0.0036834695,0.20301534,0.0060771485,null,null,null,null,"TWOGAUSSIANS",8,8.189804,0.25271255,0.0012188876,0.4,0.0,0.2753893,0.004961514,0.75410515,0.0026183238,0.4,0.0,0.1897568,0.0062519354
375316653866487564,5855189998222093952,0.59620285,2214.9608985543355,2.9892069107069927,6.2379995E-6,18.14469,0.0075917714,0.17591275,0.0017590248,0.055959363,0.009320189,0.20256512,0.022731058,0.6729553,0.018466901,0.037102606,0.015843885,0.15194806,0.063158065,0.11666292,0.010194721,0.17591275,0.0017590248,"TWOGAUSSIANS_WITH_ELLIPSOIDAL_ON_ECLIPSE1",9,3.7811642,0.17591275,0.0017590248,0.31337243,0.052193057,0.43588156,0.019731916,0.6733753,0.012936214,0.2077746,0.08872575,0.38519546,0.07311509
375316653866487564,5855190101302585216,0.5228378,2210.975687647947,1.7656937557060264,3.4404E-5,17.704235,0.012402909,0.23762582,0.0063754213,0.10530297,0.015669951,0.16990888,0.009635006,0.7121183,0.004342842,0.08746613,0.008728725,0.1735397,0.012394154,null,null,null,null,"TWOGAUSSIANS",8,4.500526,0.7121183,0.004342842,0.4,0.0,0.16523993,0.00896286,0.23762582,0.0063754213,0.4,0.0,0.1616019,0.008188724
375316653866487564,5855190483570513024,0.6553357,2223.906489771138,0.7989366541315586,2.2311815E-6,14.176018,0.0048201056,0.19922122,6.713632E-4,0.09783348,0.0017909097,0.32927462,0.0046209027,0.7022697,0.0017244717,0.10800408,0.0029645823,0.28004938,0.005278263,null,null,null,null,"TWOGAUSSIANS",8,27.636152,0.19922122,6.713632E-4,0.4,0.0,0.2988443,0.0038356273,0.7022697,0.0017244717,0.4,0.0,0.24960794,0.0048687947
375316653866487564,5855191995398778496,0.6142029,2196.9503810614083,3.030367032225232,6.153724E-6,15.77426,0.019853074,0.2685998,0.0019660601,0.11771833,0.0076274844,0.28521407,0.018610323,0.7550305,0.0013272814,0.09681628,0.0053888564,0.33963796,0.01748699,null,null,null,null,"TWOGAUSSIANS",8,10.982946,0.7550305,0.0013272814,0.4,0.0,0.30484617,0.007899637,0.2685998,0.0019660601,0.4,0.0,0.25034675,0.005849116
375316653866487564,5855192854379363072,0.5881806,2145.692478449029,3.7006344003351597,1.4041508E-5,18.945253,0.0082753,0.25374216,0.003553026,0.032374337,0.0036262977,0.14876415,0.019074691,0.7486363,0.003909527,0.03458273,0.006534519,0.19535297,0.013767279,0.1294513,0.008950157,0.25374216,0.003553026,"TWOGAUSSIANS_WITH_ELLIPSOIDAL_ON_ECLIPSE1",9,2.1131258,0.7492063,0.0035610844,0.1936633,0.036593307,0.45401824,0.015404255,0.25374216,0.003553026,0.18129629,0.020307267,0.40766618,0.011312758
375316653866487564,5855193197989667712,0.47770506,2186.2440224845654,3.3311678010191783,2.753246E-5,17.711468,0.0063456427,0.23418686,0.008051311,0.07035858,0.01746558,0.017089367,0.018021893,0.81098163,0.014501824,0.04083459,0.009937846,0.07134536,0.01860784,0.064165466,0.006855065,0.23418686,0.008051311,"TWOGAUSSIANS_WITH_ELLIPSOIDAL_ON_ECLIPSE1",9,14.205306,0.81098163,0.014501824,0.22867371,0.05565194,0.17201507,0.013824471,0.23418686,0.008051311,0.39400807,0.06658669,0.14538933,0.01487757
375316653866487564,5855194602419627776,0.49604347,2169.172510478264,3.263118390745039,2.250951E-5,17.955564,0.04859107,0.17330644,0.015238589,0.056942422,0.02164336,0.1541963,0.106683016,0.7010625,0.0042100865,0.038324814,0.03880791,0.0902956,0.086882174,0.10322233,0.054539185,0.7010625,0.0042100865,"TWOGAUSSIANS_WITH_ELLIPSOIDAL_ON_ECLIPSE2",9,22.511673,0.18037643,0.012150446,0.31887755,0.121202804,0.35598683,0.04430462,0.7010625,0.0042100865,0.21461897,0.21732429,0.29673803,0.029357053
375316653866487564,5855195461413085440,0.4780956,2181.3912339415583,0.14796290796666614,3.628399E-5,16.560642,0.0038876554,0.28672352,0.0048638275,0.024629546,0.004116733,0.5741673,0.36229622,0.87843305,0.014126433,0.0030240768,0.009288437,0.051624462,0.0937637,0.0164669,0.0065029133,0.28672352,0.0048638275,"TWOGAUSSIANS_WITH_ELLIPSOIDAL_ON_ECLIPSE1",9,21.076149,0.28672352,0.0048638275,0.13792546,0.023053706,0.607101,0.36402562,0.87843305,0.014126433,0.016934829,0.05201525,0.07478091,0.0946495
375316653866487564,5855196359072608128,0.5901137,2140.1606820045586,3.2161187697753517,6.0130483E-6,18.763388,0.010163201,0.2813672,0.0060492433,0.07428359,0.004650097,0.5581211,0.042160757,0.78530675,0.0014840275,0.06748142,0.0019542414,0.48901013,0.013473528,null,null,null,null,"TWOGAUSSIANS",8,3.7118113,0.2813672,0.0060492433,0.4,0.0,0.5562329,0.042385776,0.78530675,0.0014840275,0.37789595,0.010943752,0.487122,0.013101612
375316653866487564,5855196560924819584,0.6436132,2162.165546751263,0.7343889972404858,5.812691E-6,17.461933,0.0022413458,0.25046885,0.004544297,0.03611233,0.003827994,0.086924285,0.009557653,0.74985313,9.467217E-4,0.036680285,8.128618E-4,0.46831602,0.0048362943,null,null,null,null,"TWOGAUSSIANS",8,2.290662,0.74985313,9.467217E-4,0.2054096,0.004552026,0.46831602,0.0048362943,0.25046885,0.004544297,0.20222905,0.021436766,0.086924285,0.009557653
375316653866487564,5855196801451671168,0.57470804,2186.0299513944115,1.5045417585675798,1.0315609E-5,16.785284,0.0026397042,0.14301096,0.002382702,0.07569885,0.002444637,0.17933977,0.0063103773,0.6394896,0.0027478756,0.0670849,0.0020719273,0.23784038,0.0096978,null,null,null,null,"TWOGAUSSIANS",8,5.6821437,0.6394896,0.0027478756,0.37567544,0.011602792,0.23702678,0.009675039,0.14301096,0.002382702,0.4,0.0,0.17852616,0.00628813
375316653866487564,5855199756381271808,0.48697016,2212.325665950442,0.24135740982635273,3.7614893E-5,15.224601,0.0056314524,0.25070786,0.0024677143,0.004611906,0.0035446957,0.6843503,0.67717993,0.48939845,0.011278939,0.030124106,0.0091500515,0.058079727,0.014387842,0.010797074,0.0071053198,0.25070786,0.0024677143,"TWOGAUSSIANS_WITH_ELLIPSOIDAL_ON_ECLIPSE1",9,70.24225,0.25070786,0.0024677143,0.025826676,0.019850295,0.70594436,0.6780466,0.48939845,0.011278939,0.16869499,0.05124029,0.058188505,0.014383546
375316653866487564,5855200138645057792,0.449486,2204.4659173548953,0.5848266804633367,4.3027394E-5,18.543737,0.02125956,0.23781401,0.00962486,0.060186435,0.019096743,0.19012016,0.036516283,0.75960547,0.02152928,0.14497276,0.043505143,0.12308759,0.01999319,null,null,null,null,"TWOGAUSSIANS",8,4.432394,0.237674,0.009577465,0.33704403,0.10694177,0.18104595,0.039851833,0.75960547,0.02152928,0.4,0.0,0.11328963,0.02005922
375316653866487564,5855200585321844736,0.5213507,2220.942700858673,3.269472812373119,1.0837248E-5,19.191818,0.012109051,0.19539714,0.0028293778,0.06983304,0.004245089,0.29220182,0.015743824,0.6925684,0.004233498,0.07672512,0.0058065224,0.33124438,0.01983613,null,null,null,null,"TWOGAUSSIANS",8,2.0151327,0.6925684,0.004233498,0.4,0.0,0.32951185,0.019647136,0.19539714,0.0028293778,0.39106503,0.02026777,0.2904693,0.015238038
375316653866487564,5855202883120728448,0.45230374,2212.681790569295,0.24887596922704264,3.414525E-5,17.338335,0.0050422708,0.16348861,0.015546019,0.023292974,0.009011999,0.071022846,0.046881992,0.7992975,0.03144595,0.011349935,0.012932558,0.2468888,0.48120797,null,null,null,null,"TWOGAUSSIANS",8,20.594233,0.7992975,0.03144595,0.06355964,0.072422326,0.2468888,0.48120797,0.16348861,0.015546019,0.13044065,0.05046719,0.071022846,0.046881992
375316653866487564,5855202887435970176,0.50937605,2181.247175904564,2.8445258045276507,1.654693E-5,15.092646,0.0021739386,0.28047627,0.0049886247,0.036544714,0.01970402,0.021379348,0.012108967,0.67404467,0.04556263,0.033524655,0.026609775,0.06336989,0.7938155,0.04515263,0.0029728736,0.28047627,0.0049886247,"TWOGAUSSIANS_WITH_ELLIPSOIDAL_ON_ECLIPSE1",9,50.676052,0.6838847,0.04340993,0.18773806,0.14901474,0.121628925,0.7859329,0.28047627,0.0049886247,0.2046504,0.11034252,0.1116839,0.009989229
375316653866487564,5855203673392353280,0.54214764,2206.531349701451,0.2823580982149463,2.0191294E-5,17.708044,0.0026971602,0.29980686,0.0012876843,0.016805382,0.0010938079,0.18660815,0.034350943,0.81538427,6.654797E-5,0.0089191785,1.5021687E-4,0.29432413,0.0028905782,null,null,null,null,"TWOGAUSSIANS",8,4.304867,0.81538427,6.654797E-5,0.0499474,8.412145E-4,0.29432413,0.0028905782,0.29980686,0.0012876843,0.094110146,0.006125324,0.18660815,0.034350943
375316653866487564,5855203810831304832,0.57084,2203.6074938613924,2.6591103251260244,6.4912465E-6,17.691181,0.02178465,0.2606781,0.0027085913,0.10801624,0.010071325,0.26215142,0.018699795,0.7543642,0.0034021859,0.11082862,0.009176921,0.26850963,0.020873422,null,null,null,null,"TWOGAUSSIANS",8,3.4994402,0.7543642,0.0034021859,0.4,0.0,0.23200302,0.0061801267,0.2606881,0.0027141534,0.4,0.0,0.2256538,0.014092031
375316653866487564,5855203986947618048,0.60097426,2197.0155920568222,2.057395285719804,3.1290444E-6,14.855096,0.019396495,0.18547939,8.9717994E-4,0.13586348,0.011048988,0.14315175,0.018527344,0.6865494,0.001314608,0.123756185,0.009884131,0.14165553,0.018147364,null,null,null,null,"TWOGAUSSIANS",8,3.3131285,0.18546939,9.0864697E-4,0.4,0.0,0.099056676,0.0015466673,0.6865794,0.0013400788,0.4,0.0,0.0978077,0.0017809682
375316653866487564,5855204639783037184,0.46793282,2218.910030670481,2.65551876910538,2.570875E-5,17.58461,1.3435292,0.22681712,0.024663962,0.14442487,0.10046037,0.31356892,1.0439599,0.7041069,0.017129574,0.15441976,0.16973172,0.29575834,1.2772566,null,null,null,null,"TWOGAUSSIANS",8,18.01531,0.2289171,0.012485753,0.4,0.0,0.18544844,0.015388803,0.7041069,0.017129574,0.4,0.0,0.16593648,0.016755965
