Gaia/vari_eclipsing_binary/VariEclipsingBinary_465737-465750.csv
# %ECSV 1.0
# ---
# delimiter: ','
# meta: !!omap
# - RELEASE: Gaia DR3
# - TABLE: vari_eclipsing_binary
# - DESCRIPTION: >
#     This table describes the properties of the eclipsing binaries resulting from the variability analysis. 
# - CITATION: >
#     How to cite and acknowledge Gaia: 
#     https://gea.esac.esa.int/archive/documentation/credits.html 
# - KNOWN_ISSUES: >
#     Known issues: 
#     https://www.cosmos.esa.int/web/gaia-users/known-issues 
# - DOCUMENTATION: >
#     Tutorials and documentation: 
#     https://www.cosmos.esa.int/web/gaia-users/archive 
# datatype:
# - 
#   name: solution_id
#   datatype: int64
#   description: Solution Identifier
#   meta:
#     ucd: meta.version
# - 
#   name: source_id
#   datatype: int64
#   description: Unique source identifier
#   meta:
#     ucd: meta.id;meta.main
# - 
#   name: global_ranking
#   datatype: float32
#   description: Number between 0 (worst) and 1 (best)
#   meta:
#     ucd: stat.param
# - 
#   name: reference_time
#   datatype: float64
#   unit: d
#   description: Reference time used for the geometric model fit
#   meta:
#     ucd: time.epoch
# - 
#   name: frequency
#   datatype: float64
#   unit: d**-1
#   description: Frequency of geometric model of the eclipsing binary light curve
#   meta:
#     ucd: src.orbital
# - 
#   name: frequency_error
#   datatype: float32
#   unit: d**-1
#   description: "Uncertainty of \\texttt{frequency}"
#   meta:
#     ucd: stat.error
# - 
#   name: geom_model_reference_level
#   datatype: float32
#   unit: mag
#   description: Magnitude reference level of geometric model
#   meta:
#     ucd: phot.mag;em.opt
# - 
#   name: geom_model_reference_level_error
#   datatype: float32
#   unit: mag
#   description: "Uncertainty of \\texttt{geomModelReferenceLevel}"
#   meta:
#     ucd: stat.error;phot.mag;em.opt
# - 
#   name: geom_model_gaussian1_phase
#   datatype: float32
#   description: Phase of the Gaussian 1 component
#   meta:
#     ucd: time.phase
# - 
#   name: geom_model_gaussian1_phase_error
#   datatype: float32
#   description: "Uncertainty of \\texttt{geomModelGaussian1Phase}"
#   meta:
#     ucd: stat.error;time.phase
# - 
#   name: geom_model_gaussian1_sigma
#   datatype: float32
#   description: "Standard deviation [phase] of Gaussian 1 component"
#   meta:
#     ucd: stat.stdev
# - 
#   name: geom_model_gaussian1_sigma_error
#   datatype: float32
#   description: "Uncertainty of \\texttt{geomModelGaussian1Sigma}"
#   meta:
#     ucd: stat.error
# - 
#   name: geom_model_gaussian1_depth
#   datatype: float32
#   unit: mag
#   description: Magnitude depth of Gaussian 1 component
#   meta:
#     ucd: src.var.amplitude
# - 
#   name: geom_model_gaussian1_depth_error
#   datatype: float32
#   unit: mag
#   description: "Uncertainty of \\texttt{geomModelGaussian1Depth}"
#   meta:
#     ucd: stat.error;src.var.amplitude
# - 
#   name: geom_model_gaussian2_phase
#   datatype: float32
#   description: Phase of Gaussian 2 component
#   meta:
#     ucd: time.phase
# - 
#   name: geom_model_gaussian2_phase_error
#   datatype: float32
#   description: "Uncertainty of \\texttt{geomModelGaussian2Phase}"
#   meta:
#     ucd: stat.error;time.phase
# - 
#   name: geom_model_gaussian2_sigma
#   datatype: float32
[...]
#   datatype: float32
#   description: "Secondary eclipse: uncertainty of \\texttt{derivedSecondaryEclDuration}"
#   meta:
#     ucd: stat.error;time.duration
# - 
#   name: derived_secondary_ecl_depth
#   datatype: float32
#   unit: mag
#   description: "Secondary eclipse: depth"
#   meta:
#     ucd: src.var.amplitude
# - 
#   name: derived_secondary_ecl_depth_error
#   datatype: float32
#   unit: mag
#   description: "Secondary eclipse: uncertainty of \\texttt{derivedSecondaryEclDepth}"
#   meta:
#     ucd: stat.error;src.var.amplitude
solution_id,source_id,global_ranking,reference_time,frequency,frequency_error,geom_model_reference_level,geom_model_reference_level_error,geom_model_gaussian1_phase,geom_model_gaussian1_phase_error,geom_model_gaussian1_sigma,geom_model_gaussian1_sigma_error,geom_model_gaussian1_depth,geom_model_gaussian1_depth_error,geom_model_gaussian2_phase,geom_model_gaussian2_phase_error,geom_model_gaussian2_sigma,geom_model_gaussian2_sigma_error,geom_model_gaussian2_depth,geom_model_gaussian2_depth_error,geom_model_cosine_half_period_amplitude,geom_model_cosine_half_period_amplitude_error,geom_model_cosine_half_period_phase,geom_model_cosine_half_period_phase_error,model_type,num_model_parameters,reduced_chi2,derived_primary_ecl_phase,derived_primary_ecl_phase_error,derived_primary_ecl_duration,derived_primary_ecl_duration_error,derived_primary_ecl_depth,derived_primary_ecl_depth_error,derived_secondary_ecl_phase,derived_secondary_ecl_phase_error,derived_secondary_ecl_duration,derived_secondary_ecl_duration_error,derived_secondary_ecl_depth,derived_secondary_ecl_depth_error
[from data line 378]
375316653866487564,4096733222296682624,0.6040426,2210.0533661294153,1.0339022106530185,3.6343997E-6,16.59287,0.0039362474,0.17462452,7.5107557E-4,0.06506753,0.002412112,0.22110082,0.00816987,0.6767643,0.004307078,0.073097564,0.006342898,0.098485485,0.0045859604,null,null,null,null,"TWOGAUSSIANS",8,3.135014,0.17462452,7.5107557E-4,0.36437818,0.013507826,0.22071435,0.008227945,0.6767643,0.004307078,0.4,0.008697808,0.09809901,0.0045210384
375316653866487564,4096733492816678912,0.5030722,2230.304344444409,2.577035987294643,3.1013165E-5,18.763422,0.030278422,0.2943805,0.0059783217,0.08809909,0.01198328,0.39997074,0.043610863,0.7969963,0.007796846,0.08642669,0.015918486,0.41074768,0.06800175,null,null,null,null,"TWOGAUSSIANS",8,7.592049,0.7969963,0.007796846,0.4,0.0,0.39793098,0.07555032,0.2943805,0.0059783217,0.4,0.0,0.387154,0.04715279
375316653866487564,4096733634506563328,0.62016267,2131.6561532255114,0.09996519344531046,1.0633505E-4,19.246597,0.009093067,0.26693335,0.0019394264,0.060527075,0.005939741,2.1078348,0.9146052,0.73487145,0.03259589,0.054204375,0.04129695,0.79233176,0.7022456,null,null,null,null,"TWOGAUSSIANS",8,1.4755049,0.26693335,0.0019394264,0.33895162,0.03326255,2.1077783,0.9146958,0.73487145,0.03259589,0.3035445,0.098975934,0.7922753,0.7028806
375316653866487564,4096733668866597632,0.42470625,2232.9464762411753,0.3791604647325115,6.830824E-5,19.486355,0.16544919,0.22117817,0.019484077,0.08480691,0.034826,0.5505941,0.17176858,0.69750226,0.0068500624,0.09583605,0.03428295,0.5490075,0.14789556,null,null,null,null,"TWOGAUSSIANS",8,6.740453,0.22117817,0.0194725,0.4,0.0,0.5341763,0.11247449,0.69750226,0.0068500624,0.4,0.0,0.5325872,0.08641274
375316653866487564,4096733771945563008,0.49720433,2199.8032713907787,0.09608472101984554,3.765669E-5,19.540497,0.057571918,0.48037854,0.041011732,0.199376,0.079178356,0.21601216,0.048749965,0.97552,0.013451281,0.03998089,0.032899663,0.055179086,0.04113214,null,null,null,null,"TWOGAUSSIANS",8,1.2277458,0.48037854,0.041011732,0.4,0.0,0.18396573,0.015110423,0.97552,0.013451281,0.22389299,0.1842381,0.04177395,0.0541718
375316653866487564,4096733802022177280,0.5013822,2132.1774609198774,2.214484331274826,3.8431433E-5,19.289831,0.036641877,0.31212586,0.025472973,0.08825675,0.029304009,0.20565657,0.04581743,0.79140985,0.015695369,0.09219963,0.022370284,0.2642401,0.04161483,null,null,null,null,"TWOGAUSSIANS",8,2.9719217,0.79140985,0.015695369,0.4,0.0,0.25697386,0.032787208,0.31212586,0.02547485,0.4,0.0,0.19839065,0.03821608
375316653866487564,4096733806412279424,0.4563974,2214.2781166402783,0.031742276991630375,4.4062894E-5,16.848055,0.008251713,0.22732563,0.0074039428,0.11400469,0.011196783,0.17940648,0.00931157,0.5543189,0.020277262,0.055178948,0.030446308,0.21053468,0.06446397,null,null,null,null,"TWOGAUSSIANS",8,9.719973,0.5543189,0.020277262,0.3090021,0.12631375,0.21333762,0.06633611,0.22732563,0.00736783,0.4,0.0,0.17927578,0.009234644
375316653866487564,4096733909491572352,0.45507008,2125.6038963676083,1.6569043953425522,7.489172E-5,19.295355,0.024501774,0.40731975,0.023736618,0.10872526,0.048957672,0.18462968,0.061781682,0.7094405,0.012740547,0.029454162,0.01536553,0.1384361,0.09791028,null,null,null,null,"TWOGAUSSIANS",8,4.0706677,0.40731975,0.023736618,0.4,0.062379476,0.18462025,0.061787862,0.7094405,0.012740547,0.16494331,0.086046964,0.14231355,0.099467196
375316653866487564,4096734489217564416,0.42658713,2209.7318120466866,0.1674457034432137,1.0566615E-4,17.497826,0.3823834,0.3311598,0.02416183,0.21383594,0.19437523,0.20861506,0.37664163,0.86402893,0.039164767,0.13689817,0.04446334,0.15274648,0.1584848,null,null,null,null,"TWOGAUSSIANS",8,14.039188,0.32901978,0.025044655,0.4,0.0,0.094486155,0.012770102,0.8800089,0.022645935,0.4,0.0,0.067304134,0.018523483
375316653866487564,4096734493499840896,0.4883358,2204.3762532755763,2.618383348601078,1.7034461E-5,16.307245,0.007387836,0.19645746,0.0053380574,0.05915559,0.006501959,0.15469876,0.014120657,0.70892525,0.014526306,0.07200679,0.012050491,0.14901279,0.030442892,null,null,null,null,"TWOGAUSSIANS",8,14.505727,0.19645746,0.0053380574,0.33127132,0.036410972,0.15455273,0.014127543,0.70892525,0.014526306,0.4,0.050829373,0.14886676,0.030556533
375316653866487564,4096734493499871488,0.49583623,2212.9866801753788,1.6570893709420276,2.559573E-5,19.147766,0.04368858,0.3514765,0.009200972,0.12698066,0.015147394,0.6261695,0.056740906,0.7946781,0.0050255028,0.027472531,0.0095255,0.2835472,0.15755528,null,null,null,null,"TWOGAUSSIANS",8,14.909189,0.3514765,0.009200972,0.4,0.0,0.6248072,0.055830978,0.7946781,0.0050255028,0.15384617,0.0533428,0.2836437,0.1577614
375316653866487564,4096734527861000960,0.49780783,2177.050890594283,2.4051310409498527,9.819086E-5,19.867825,0.011466687,0.19631456,0.034992628,0.04521825,0.022286348,0.06804765,0.061702263,0.6473837,0.0050424244,0.10453854,0.00957179,0.3482625,0.027430275,null,null,null,null,"TWOGAUSSIANS",8,1.1835428,0.6473837,0.0050424244,0.4,0.0,0.34779054,0.027657825,0.19635455,0.035034917,0.25322223,0.12480355,0.067607634,0.061812222
375316653866487564,4096734527966675200,0.49345064,2214.4163983444346,0.30897033903793464,5.61722E-5,18.879189,0.40341777,0.22586949,0.015263534,0.24808945,0.108709164,0.46380883,0.3882793,0.6272427,0.04192701,0.059771344,0.02688138,0.21823715,0.23035827,null,null,null,null,"TWOGAUSSIANS",8,4.4633894,0.22586949,0.015263534,0.4,0.0,0.32525146,0.04532109,0.6272427,0.04192701,0.33471954,0.15053573,0.22994587,0.25427502
375316653866487564,4096734631045907712,0.50632656,2233.6106154130525,1.734172744072166,6.8494475E-5,19.786753,0.024198037,0.40050197,0.013588854,0.1677533,0.021641074,0.27154422,0.025429994,0.9574177,0.0013470438,0.028243894,0.004862759,0.07864498,0.01429717,null,null,null,null,"TWOGAUSSIANS",8,1.9671122,0.40050197,0.013588854,0.4,0.0,0.26366922,0.021021912,0.9585477,5.9677236E-4,0.1581658,0.027231447,0.08022674,0.014725634
375316653866487564,4096734837096435840,0.5447548,2186.5346449702247,0.4274921065021722,7.688904E-5,19.573753,0.086263545,0.29990348,0.022179216,0.0910896,0.020010576,0.43948644,0.08877214,0.7636033,0.018559057,0.12073858,0.03767569,0.38232756,0.11214725,null,null,null,null,"TWOGAUSSIANS",8,1.4024824,0.30003348,0.022035785,0.4,0.0,0.40726674,0.043107755,0.7636033,0.018559057,0.4,0.0,0.34984893,0.08266246
375316653866487564,4096734905818091648,0.44449088,2199.2944496987348,0.2745298782477747,7.919228E-5,19.05348,0.01367265,0.11862271,0.013005627,0.09581226,0.03138392,0.13209559,0.023708476,0.8801202,0.024793625,0.0324752,0.023065493,0.56282353,0.66407084,null,null,null,null,"TWOGAUSSIANS",8,2.7358558,0.88041025,0.028710883,0.18186112,0.12916677,0.5688072,0.6668945,0.11862271,0.012974269,0.4,0.0,0.13209526,0.023728674
375316653866487564,4096735111974905984,0.47520798,2147.759457954006,0.09593168060740086,1.51051645E-5,19.030518,0.014804449,0.4604557,0.016374158,0.17636472,0.029946243,0.1364534,0.01801878,0.9642552,0.031461574,0.015517352,0.012644932,0.3604075,0.5782278,null,null,null,null,"TWOGAUSSIANS",8,1.5918684,0.9642552,0.0314796,0.08689717,0.070811614,0.35842466,0.5781422,0.4604557,0.016374158,0.4,0.0,0.12955676,0.01773746
375316653866487564,4096735318134125696,0.5606504,2187.7898977559516,0.8550410554483329,5.9001482E-5,19.469189,0.009546814,0.4822131,0.015255245,0.157042,0.01811357,0.25874338,0.012012277,0.91253066,0.0036735118,0.009820325,0.005859715,0.08815868,0.031022884,null,null,null,null,"TWOGAUSSIANS",8,0.7959874,0.4822131,0.015255245,0.4,0.0,0.25548735,0.010675966,0.91253066,0.0036735118,0.05499382,0.032814406,0.09132148,0.030796027
375316653866487564,4096735318134144256,0.4652678,2212.4064206202183,2.16412723267857,5.2931566E-5,18.294626,0.4077673,0.28392008,0.022605283,0.09308184,0.028792653,0.33913663,0.18137334,0.7779094,0.03962151,0.105544984,0.18126883,0.18192193,0.39739078,null,null,null,null,"TWOGAUSSIANS",8,13.753274,0.28392008,0.019733189,0.4,0.0,0.3204313,0.054055266,0.7779094,0.03962151,0.4,0.0,0.16321194,0.028812038
375316653866487564,4096735352600509056,0.4779554,2187.388601391449,2.2380817737269965,1.9544917E-5,18.791996,0.028532708,0.33973837,0.007299144,0.045576192,0.0060964217,0.32366863,0.06335117,0.71743107,0.017133731,0.110470444,0.032482337,0.22821538,0.047770966,null,null,null,null,"TWOGAUSSIANS",8,8.464391,0.33986837,0.007298391,0.25522667,0.03413996,0.3241693,0.0637449,0.71743107,0.017133731,0.4,0.0,0.22805387,0.04892521
375316653866487564,4096735382570880000,0.559876,2217.3114671932426,4.88883325206895,3.430751E-5,16.663116,0.033599053,0.45466036,0.009315983,0.18180014,0.017824614,0.5287971,0.032017134,0.8611897,0.044135023,0.027752588,0.022399517,0.6181617,31.425863,null,null,null,null,"TWOGAUSSIANS",8,75.10918,0.8611897,0.044135023,0.15541449,0.12543729,0.63924325,31.428894,0.45466036,0.009315983,0.4,0.0,0.50391275,0.017481927
375316653866487564,4096735661731651328,0.5335792,2186.6113482778405,0.6288650347803998,5.8435744E-5,18.815508,0.17789292,0.2576401,0.01529318,0.13749093,0.039799318,0.43167555,0.16817707,0.7142394,0.010675469,0.119341135,0.020087678,0.6656318,0.16389742,null,null,null,null,"TWOGAUSSIANS",8,2.7146974,0.7142394,0.010675469,0.4,0.0,0.55653447,0.03190527,0.25824007,0.014425236,0.4,0.0,0.3211302,0.07171404
375316653866487564,4096735799170189568,0.4996665,2184.065111807786,2.508210628854899,6.0567498E-5,18.96028,0.020029783,0.19956174,0.029268384,0.054408196,0.008995999,0.4476712,0.12542868,0.6651891,0.011971728,0.12063234,0.015613194,0.24122126,0.028420849,null,null,null,null,"TWOGAUSSIANS",8,7.133801,0.19959174,0.029312072,0.30468592,0.05037759,0.4428035,0.122335486,0.6651891,0.011971728,0.4,0.0,0.23619992,0.0282522
375316653866487564,4096735833636808320,0.61887544,2215.0895190336823,2.349501753939618,1.1722556E-5,17.691969,0.02055181,0.18786146,0.0035029075,0.06001202,0.004978977,0.34069505,0.043997325,0.69550973,0.0033734515,0.05182058,0.0077582505,0.36991054,0.0646523,0.10745197,0.024391051,0.18786146,0.0035029075,"TWOGAUSSIANS_WITH_ELLIPSOIDAL_ON_ECLIPSE1",9,6.7201986,0.69550973,0.0033734515,0.29019526,0.0434462,0.5842583,0.07165837,0.18786146,0.0035029075,0.33606732,0.027882272,0.5555387,0.01665226
375316653866487564,4096735902249704320,0.56362474,2142.1086725738064,0.07479746190376822,2.9114122E-5,19.128366,0.17163783,0.5500874,0.008247884,0.19591105,0.042875312,0.45384094,0.1682724,0.108003914,0.028180392,0.09778339,0.036675055,0.13445216,0.094773725,null,null,null,null,"TWOGAUSSIANS",8,1.9808574,0.5500674,0.00806674,0.4,0.0,0.3569996,0.020026367,0.14691392,0.38357612,0.4,0.0,0.08635965,0.25441235
375316653866487564,4096736211487478016,0.46505556,2145.2068503392097,1.6307171970582133,2.8899299E-6,19.717173,0.028211072,0.12343224,0.0010114459,0.008256725,0.0015986348,0.65134794,0.19673882,0.6030137,0.04518967,0.14157014,0.069506936,0.19123863,0.0239062,null,null,null,null,"TWOGAUSSIANS",8,1.6123011,0.12343224,0.0010114459,0.046237662,0.008952354,0.6513553,0.1975278,0.6030137,0.04518967,0.4,0.0,0.19040751,0.024481062
375316653866487564,4096736379002393344,0.67811316,2235.615768708889,1.7593645719270445,6.947801E-6,15.790772,9.264616E-4,0.5455896,0.0017852535,0.011111602,0.004036325,0.5043308,1.6466349,0.66504925,2.3855704E-5,0.008274924,1.4342474E-4,0.48323542,0.014770397,null,null,null,null,"TWOGAUSSIANS",8,2.7985632,0.5455896,0.0017852535,0.06222497,0.02260342,0.5043308,1.6466349,0.66504925,2.3855704E-5,0.04633957,8.031786E-4,0.48323542,0.014770397
375316653866487564,4096736619546277248,0.42540354,2180.8543863243967,2.938382524050961,3.8054426E-5,19.41788,0.008472759,null,null,null,null,null,null,null,null,null,null,null,null,0.07152071,0.022241471,0.27302146,0.01221562,"ELLIPSOIDAL",4,3.342693,null,null,null,null,null,null,null,null,null,null,null,null
375316653866487564,4096736933044860416,0.45076174,2208.7746041473392,3.8316208913948726,6.449627E-5,19.005884,0.025357453,0.25372428,0.026282014,0.09261291,0.030572176,0.15127836,0.040163737,0.7707713,0.012880882,0.07361611,0.018356634,0.17116962,0.02638855,null,null,null,null,"TWOGAUSSIANS",8,3.9621608,0.7707713,0.012883397,0.4,0.038320195,0.16865747,0.023324834,0.25372428,0.026282014,0.4,0.0,0.14876601,0.03609927
375316653866487564,4096737001764526848,0.53107375,2166.152439804931,0.0506642989300625,2.5360425E-5,19.27149,0.0047806664,0.17167561,0.017741196,0.056124367,0.012234629,0.1938819,0.05595481,0.67450744,0.008193882,0.059388235,0.025922647,0.17495236,0.03708482,null,null,null,null,"TWOGAUSSIANS",8,0.78578013,0.17167561,0.017741196,0.31429645,0.06851392,0.19385366,0.055920538,0.67450744,0.008193882,0.33257413,0.083568975,0.17492412,0.037519168
375316653866487564,4096737036124067328,0.493237,2216.1409456262713,0.9533686088696713,3.0133295E-5,19.555025,0.016767796,0.31872857,0.005957637,0.016031615,0.013654118,0.6563371,5.17292561E17,null,null,null,null,null,null,0.12747909,0.018203782,0.31872857,0.005957637,"ONEGAUSSIAN_WITH_ELLIPSOIDAL",6,3.5130727,0.31872857,0.005957637,0.089777045,0.07646306,0.911295,5.17292561E17,null,null,null,null,null,null
375316653866487564,4096737139203456000,0.47140485,2192.7618875354196,0.850308498554612,8.095065E-5,19.387497,0.013741321,0.23450567,0.02634528,0.057842094,0.015640764,0.28252682,0.052144412,0.77427834,0.04708907,0.07895673,0.024898464,0.10676474,0.05390659,null,null,null,null,"TWOGAUSSIANS",8,2.1670074,0.23450567,0.02634528,0.32391572,0.08361368,0.2823961,0.050246485,0.77427834,0.04708907,0.4,0.040900502,0.10663402,0.054018714
375316653866487564,4096737139307618048,0.5417445,2224.71133733584,3.231791571375804,2.355107E-5,19.854982,0.044551786,0.27484182,0.012629331,0.08952274,0.019952081,0.48901212,0.05594476,0.7813842,0.0062523982,0.07960917,0.012467299,0.5924927,0.061953112,null,null,null,null,"TWOGAUSSIANS",8,1.5499635,0.7813842,0.0062519093,0.4,0.0,0.5804567,0.0630276,0.27484182,0.012629331,0.4,0.0,0.4769759,0.057023585
375316653866487564,4096737173567046656,0.4484061,2227.2971451056083,0.1930660574317647,2.8195818E-5,19.9966,0.01898925,0.7884562,0.009953543,0.021201206,0.05021937,0.14880165,null,null,null,null,null,null,null,0.24898998,0.04518432,0.7884562,0.009953543,"ONEGAUSSIAN_WITH_ELLIPSOIDAL",6,9.233694,0.7884562,0.009953543,0.11872676,0.28122845,0.6467815,null,null,null,null,null,null,null
375316653866487564,4096737276642913792,0.53310174,2280.7147877341363,2.6191912734963307,1.17508725E-5,18.55806,0.03159785,0.26097658,0.0031754312,0.07584554,0.008861166,0.39152527,0.027438588,0.76729333,0.0136530725,0.071754135,0.011291769,0.4152971,0.05435564,null,null,null,null,"TWOGAUSSIANS",8,4.696881,0.76729333,0.0136530725,0.4,0.03465996,0.41305417,0.052109957,0.26097658,0.0031754312,0.4,0.011650979,0.38928235,0.026327524
375316653866487564,4096737345361997312,0.44541383,2253.129872887483,0.7085718083779363,2.976528E-5,18.346703,0.012173272,0.21699776,0.072012566,0.099968374,0.054647114,0.13343038,0.09726522,0.6370817,0.010104411,0.039469007,0.013440663,0.041946962,0.01141078,null,null,null,null,"TWOGAUSSIANS",8,2.0600038,0.21699776,0.072012566,0.4,0.12126933,0.13339977,0.09730067,0.6370817,0.010104411,0.22102645,0.07526771,0.041935906,0.011366825
375316653866487564,4096737414081743360,0.5234831,2195.668030741586,2.5301689889381644,6.889017E-5,19.132256,0.019463345,0.25790316,0.007566015,0.070619784,0.010708774,0.34988874,0.021516738,0.7896774,0.032498356,0.0893718,0.024828637,0.40898335,0.17269935,null,null,null,null,"TWOGAUSSIANS",8,4.992131,0.7896774,0.032498356,0.4,0.018592129,0.4059572,0.17425445,0.25790316,0.007566015,0.3954708,0.027203286,0.34686303,0.019656414
