Gaia/vari_eclipsing_binary/VariEclipsingBinary_464431-464477.csv
# %ECSV 1.0
# ---
# delimiter: ','
# meta: !!omap
# - RELEASE: Gaia DR3
# - TABLE: vari_eclipsing_binary
# - DESCRIPTION: >
#     This table describes the properties of the eclipsing binaries resulting from the variability analysis. 
# - CITATION: >
#     How to cite and acknowledge Gaia: 
#     https://gea.esac.esa.int/archive/documentation/credits.html 
# - KNOWN_ISSUES: >
#     Known issues: 
#     https://www.cosmos.esa.int/web/gaia-users/known-issues 
# - DOCUMENTATION: >
#     Tutorials and documentation: 
#     https://www.cosmos.esa.int/web/gaia-users/archive 
# datatype:
# - 
#   name: solution_id
#   datatype: int64
#   description: Solution Identifier
#   meta:
#     ucd: meta.version
# - 
#   name: source_id
#   datatype: int64
#   description: Unique source identifier
#   meta:
#     ucd: meta.id;meta.main
# - 
#   name: global_ranking
#   datatype: float32
#   description: Number between 0 (worst) and 1 (best)
#   meta:
#     ucd: stat.param
# - 
#   name: reference_time
#   datatype: float64
#   unit: d
#   description: Reference time used for the geometric model fit
#   meta:
#     ucd: time.epoch
# - 
#   name: frequency
#   datatype: float64
#   unit: d**-1
#   description: Frequency of geometric model of the eclipsing binary light curve
#   meta:
#     ucd: src.orbital
# - 
#   name: frequency_error
#   datatype: float32
#   unit: d**-1
#   description: "Uncertainty of \\texttt{frequency}"
#   meta:
#     ucd: stat.error
# - 
#   name: geom_model_reference_level
#   datatype: float32
#   unit: mag
#   description: Magnitude reference level of geometric model
#   meta:
#     ucd: phot.mag;em.opt
# - 
#   name: geom_model_reference_level_error
#   datatype: float32
#   unit: mag
#   description: "Uncertainty of \\texttt{geomModelReferenceLevel}"
#   meta:
#     ucd: stat.error;phot.mag;em.opt
# - 
#   name: geom_model_gaussian1_phase
#   datatype: float32
#   description: Phase of the Gaussian 1 component
#   meta:
#     ucd: time.phase
# - 
#   name: geom_model_gaussian1_phase_error
#   datatype: float32
#   description: "Uncertainty of \\texttt{geomModelGaussian1Phase}"
#   meta:
#     ucd: stat.error;time.phase
# - 
#   name: geom_model_gaussian1_sigma
#   datatype: float32
#   description: "Standard deviation [phase] of Gaussian 1 component"
#   meta:
#     ucd: stat.stdev
# - 
#   name: geom_model_gaussian1_sigma_error
#   datatype: float32
#   description: "Uncertainty of \\texttt{geomModelGaussian1Sigma}"
#   meta:
#     ucd: stat.error
# - 
#   name: geom_model_gaussian1_depth
#   datatype: float32
#   unit: mag
#   description: Magnitude depth of Gaussian 1 component
#   meta:
#     ucd: src.var.amplitude
# - 
#   name: geom_model_gaussian1_depth_error
#   datatype: float32
#   unit: mag
#   description: "Uncertainty of \\texttt{geomModelGaussian1Depth}"
#   meta:
#     ucd: stat.error;src.var.amplitude
# - 
#   name: geom_model_gaussian2_phase
#   datatype: float32
#   description: Phase of Gaussian 2 component
#   meta:
#     ucd: time.phase
# - 
#   name: geom_model_gaussian2_phase_error
#   datatype: float32
#   description: "Uncertainty of \\texttt{geomModelGaussian2Phase}"
#   meta:
#     ucd: stat.error;time.phase
# - 
#   name: geom_model_gaussian2_sigma
#   datatype: float32
[...]
#   datatype: float32
#   description: "Secondary eclipse: uncertainty of \\texttt{derivedSecondaryEclDuration}"
#   meta:
#     ucd: stat.error;time.duration
# - 
#   name: derived_secondary_ecl_depth
#   datatype: float32
#   unit: mag
#   description: "Secondary eclipse: depth"
#   meta:
#     ucd: src.var.amplitude
# - 
#   name: derived_secondary_ecl_depth_error
#   datatype: float32
#   unit: mag
#   description: "Secondary eclipse: uncertainty of \\texttt{derivedSecondaryEclDepth}"
#   meta:
#     ucd: stat.error;src.var.amplitude
solution_id,source_id,global_ranking,reference_time,frequency,frequency_error,geom_model_reference_level,geom_model_reference_level_error,geom_model_gaussian1_phase,geom_model_gaussian1_phase_error,geom_model_gaussian1_sigma,geom_model_gaussian1_sigma_error,geom_model_gaussian1_depth,geom_model_gaussian1_depth_error,geom_model_gaussian2_phase,geom_model_gaussian2_phase_error,geom_model_gaussian2_sigma,geom_model_gaussian2_sigma_error,geom_model_gaussian2_depth,geom_model_gaussian2_depth_error,geom_model_cosine_half_period_amplitude,geom_model_cosine_half_period_amplitude_error,geom_model_cosine_half_period_phase,geom_model_cosine_half_period_phase_error,model_type,num_model_parameters,reduced_chi2,derived_primary_ecl_phase,derived_primary_ecl_phase_error,derived_primary_ecl_duration,derived_primary_ecl_duration_error,derived_primary_ecl_depth,derived_primary_ecl_depth_error,derived_secondary_ecl_phase,derived_secondary_ecl_phase_error,derived_secondary_ecl_duration,derived_secondary_ecl_duration_error,derived_secondary_ecl_depth,derived_secondary_ecl_depth_error
[from data line 376]
375316653866487564,4085446082519076352,0.6129268,2189.7220916745546,2.170814190537627,5.8741275E-6,16.09046,0.023104023,0.15907466,0.0021353767,0.10803007,0.008846109,0.23605175,0.02267015,0.6622514,0.0095867,0.0999975,0.018499484,0.28459027,0.014923595,null,null,null,null,"TWOGAUSSIANS",8,5.7933636,0.6622514,0.009594829,0.4,0.0,0.25696102,0.022664411,0.15907466,0.0021324933,0.4,0.0,0.208414,0.0053935726
375316653866487564,4085446902845864704,0.5060195,2301.589091038663,0.18654292163529657,1.9717329E-5,18.626554,0.08735627,0.26391405,0.009226952,0.14548609,0.07206938,0.14072749,0.083267346,0.7334056,0.013228699,0.078976884,0.022427777,0.13642645,0.058360986,null,null,null,null,"TWOGAUSSIANS",8,1.3456354,0.26391405,0.009226952,0.4,0.0,0.12454855,0.016077565,0.7334056,0.013228699,0.4,0.02446193,0.121200874,0.01459413
375316653866487564,4085448728212410368,0.5429049,2286.423995440032,2.6099896686615103,2.8211967E-5,18.712715,0.013528273,0.29770026,0.004026329,0.07392265,0.007211131,0.24645981,0.020121416,0.8021403,0.0072288592,0.085397,0.011072419,0.26187557,0.019869003,null,null,null,null,"TWOGAUSSIANS",8,2.7791245,0.8021403,0.0072288592,0.4,0.0,0.25849575,0.020283073,0.29770026,0.004026329,0.4,0.0014896478,0.24307999,0.019459195
375316653866487564,4085449346694244864,0.60761356,2203.198367305845,2.894407289262023,7.692527E-6,17.108799,0.008448857,0.1738232,0.0023835453,0.075318515,0.0042732516,0.39403337,0.025969088,0.6720265,0.007777306,0.0830119,0.0066880183,0.42232123,0.07952245,null,null,null,null,"TWOGAUSSIANS",8,6.1874495,0.6720265,0.007777306,0.4,0.0,0.41694203,0.081146084,0.1738232,0.0023835453,0.4,0.0,0.3886542,0.026873888
375316653866487564,4085450274400607616,0.46003446,2277.987601770539,2.5634731629558964,3.6433277E-5,19.020897,0.19960903,0.36126843,0.00969557,0.10578849,0.06059556,0.2548873,0.19182977,0.7308076,0.0066888207,0.03576453,0.025852904,0.24240582,0.1140475,null,null,null,null,"TWOGAUSSIANS",8,5.403919,0.36126843,0.00969557,0.4,0.0,0.2548649,0.17088181,0.7308076,0.0066888207,0.20028138,0.14477627,0.24295442,0.12657669
375316653866487564,4085450652364347520,0.6221986,2204.9117481425665,1.5012735423461194,1.0899984E-5,17.10298,0.004262563,0.27083075,0.00131021,0.09346912,0.002599346,0.24352948,0.006341872,0.76998764,0.002705277,0.093205996,0.004016416,0.20112969,0.0054079224,null,null,null,null,"TWOGAUSSIANS",8,1.7803526,0.27083075,0.00131021,0.4,0.0,0.23143192,0.0064816363,0.76998764,0.002705277,0.4,0.0,0.1890322,0.005294875
375316653866487564,4085451472680601216,0.45684588,2243.049830711027,0.4274977075394885,2.5945716E-5,17.842525,0.0045132474,0.1309014,0.011792861,0.06825978,0.029634312,0.08780076,0.06351582,0.6202823,0.012180541,0.059495486,0.013542302,0.09953955,0.061489396,null,null,null,null,"TWOGAUSSIANS",8,2.200495,0.6202823,0.012180541,0.33317474,0.07583689,0.099476464,0.061550807,0.1309014,0.011792861,0.38225478,0.07466095,0.08773768,0.063808724
375316653866487564,4085452920106884992,0.48670703,2243.47196658301,0.393335908223278,6.864562E-5,17.855322,0.04400918,0.37082866,0.012508651,0.041248634,0.031575378,0.014156096,0.08605563,0.6850896,0.0796052,0.059216827,0.106550545,0.42593077,0.32411072,0.041554328,0.04307434,0.37082866,0.012508651,"TWOGAUSSIANS_WITH_ELLIPSOIDAL_ON_ECLIPSE1",9,9.665043,0.6883196,0.076038785,0.33161423,0.0935518,0.43936777,0.3467028,0.37082866,0.008390025,0.23099235,0.17502923,0.0972648,0.030176291
375316653866487564,4085452950161187712,0.48659962,2254.4218846219023,0.6133992509307289,5.690465E-5,18.662003,0.16655701,0.11759042,0.041211106,0.07941039,0.04501506,0.064523205,0.048394095,0.531853,0.012678171,0.18984912,0.08975784,0.18221411,0.16266601,null,null,null,null,"TWOGAUSSIANS",8,1.442256,0.531853,0.012678171,0.4,0.0,0.15753189,0.020347726,0.13954042,0.023302648,0.4,0.1579076,0.0600517,0.01838756
375316653866487564,4085454015301438464,0.62928516,2269.1910772882597,2.1759293954380583,1.1415983E-5,15.609882,0.020785159,0.34041807,0.006261488,0.0668231,0.031022683,0.21182011,5.9021897,0.8175666,0.0016554132,0.054404136,0.007234611,0.28410625,0.048026014,0.098815925,0.029259672,0.8175666,0.0016554132,"TWOGAUSSIANS_WITH_ELLIPSOIDAL_ON_ECLIPSE2",9,50.243664,0.8175666,0.0016554132,0.30466315,0.04051382,0.4816792,0.013270033,0.33477807,0.008666806,0.37420937,0.17372702,0.40633765,5.895323
375316653866487564,4085454943014432256,0.6108028,2252.423439963097,2.653268732909894,9.490182E-6,17.463076,0.059218254,0.24132264,0.0032332058,0.11352879,0.016451003,0.332126,0.055673454,0.767817,0.0053807553,0.12537171,0.024384348,0.2965523,0.056140363,null,null,null,null,"TWOGAUSSIANS",8,2.1406631,0.24110265,0.0030722674,0.4,0.0,0.2773645,0.0171291,0.76790696,0.0053608096,0.4,0.0,0.24157195,0.017537398
375316653866487564,4085454943014453376,0.60509014,2246.776383596624,2.9032810407135594,1.50604665E-5,16.58649,0.09791142,0.3629421,0.045486946,0.038158514,0.06531114,0.09371397,0.14077602,0.81810254,0.001982549,0.0697516,0.02388272,0.11070508,0.18090275,0.08651831,0.08339011,0.81810254,0.001982549,"TWOGAUSSIANS_WITH_ELLIPSOIDAL_ON_ECLIPSE2",9,7.3591595,0.81810254,0.001982549,0.39060897,0.035967663,0.2835648,0.009714877,0.3551921,0.03059119,0.21368767,0.24881555,0.25543228,0.03594297
375316653866487564,4085455531439270400,0.54604584,2193.344970042727,0.07997607848408379,9.259693E-6,18.526035,0.014715485,0.34517595,0.017129838,0.011207207,0.016081862,0.053166322,6.381873,0.59837633,0.008970154,0.055693425,0.008155215,1.3810446,0.46877852,null,null,null,null,"TWOGAUSSIANS",8,4.981934,0.59837633,0.008970154,0.31188318,0.045669205,1.3810446,0.46877852,0.34518594,0.017109161,0.06276036,0.09005842,0.05321121,6.3819137
375316653866487564,4085456145605237760,0.52624583,2238.3665881406737,0.2038116194055644,2.5585741E-5,18.154264,0.005270228,0.218018,0.030883417,0.05529934,0.044126403,0.19255209,0.037210856,0.80310625,0.0045838226,0.04100818,0.009076369,0.18491194,0.015642669,null,null,null,null,"TWOGAUSSIANS",8,4.104595,0.218018,0.030883417,0.30967632,0.22198147,0.19255207,0.037212014,0.80310625,0.0045838226,0.2296458,0.050827667,0.18491192,0.01564234
375316653866487564,4085456630951101440,0.5540655,2156.6824867295154,3.4149391266245117,1.3150943E-4,18.767513,0.11424779,0.23246719,0.0752205,0.06956408,0.058210045,0.67914903,7.1807003,0.7916533,0.029136932,0.059067894,0.031069359,0.6658159,0.13542971,null,null,null,null,"TWOGAUSSIANS",8,23.475746,0.23246719,0.0752205,0.38955888,0.24083209,0.67904335,7.18389,0.7916533,0.029136932,0.3307802,0.086439654,0.6657103,0.096608736
375316653866487564,4085457902261364480,0.57412416,2225.9501893924744,3.3858352772482196,1.7173114E-5,18.812094,0.010249922,0.2915489,0.01546882,0.06899658,0.011900693,0.39010444,0.07474791,0.7779998,0.004883189,0.0775564,0.0054723816,0.3864161,0.027483994,null,null,null,null,"TWOGAUSSIANS",8,2.2924445,0.2915489,0.01546882,0.38638085,0.037866097,0.38843402,0.07480206,0.7779998,0.004883189,0.4,0.0,0.38474566,0.027231688
375316653866487564,4085459826408057216,0.48482636,2306.71732905811,0.4133453014129545,1.4020162E-4,19.804441,0.040901884,0.0538613,0.0118965935,0.03695092,0.021469915,0.06038492,0.0631637,0.54036087,0.025534624,0.16298977,0.05011255,0.17497858,0.04067855,null,null,null,null,"TWOGAUSSIANS",8,1.3994393,0.54036087,0.025534624,0.4,0.0,0.16615939,0.021792268,0.0541713,0.011683162,0.20692515,0.120231524,0.0548255,0.06426955
375316653866487564,4085459826410362752,0.55242336,2365.3274674250997,1.0487804073504634,1.446482E-4,18.993834,0.09136193,0.3458787,0.024623778,0.21076763,0.109941274,0.16713929,0.08309293,0.9341625,2.8056082E-5,0.0020230368,1.2528112E-4,0.7055096,0.020270292,null,null,null,null,"TWOGAUSSIANS",8,4.9380875,0.9341625,2.8056082E-5,0.011329006,7.015743E-4,0.713663,0.029428402,0.3458787,0.024623778,0.4,0.0,0.14709587,0.047560815
375316653866487564,4085459993896005760,0.5656803,2282.915604354107,1.9195043335451287,3.1767806E-5,17.998735,0.014058711,0.26371193,0.011047888,0.09725341,0.020848503,0.11011722,0.013574588,0.74705034,0.005812134,0.09299163,0.009377085,0.20606445,0.013339253,null,null,null,null,"TWOGAUSSIANS",8,2.3779469,0.74705034,0.005812134,0.4,0.0,0.19864456,0.007363713,0.26371193,0.011047763,0.4,0.0,0.10269709,0.011901096
375316653866487564,4085460170005525504,0.51290923,2315.125772992244,0.6636514387776753,5.886133E-5,19.528906,0.03740692,0.22771642,0.0063965796,0.02557385,0.0055466825,0.36930558,0.038878594,0.5890656,0.020908682,0.1348774,0.05402578,0.10243855,0.033502825,null,null,null,null,"TWOGAUSSIANS",8,2.4000218,0.22781642,0.006358107,0.14321356,0.03106142,0.37192774,0.040121287,0.5890656,0.020908682,0.4,0.0,0.102225885,0.03261595
375316653866487564,4085460543651921792,0.54953676,2289.747804305007,2.4691687065538064,1.8630282E-5,17.911375,0.017376099,0.33356112,0.0038655517,0.09796642,0.008905001,0.27445215,0.016549414,0.8322356,0.00348802,0.08958767,0.0068535116,0.2938165,0.016944768,null,null,null,null,"TWOGAUSSIANS",8,5.121468,0.8322356,0.00348802,0.4,0.0,0.27791283,0.009088232,0.33356112,0.0038655517,0.4,0.0,0.25854737,0.014638234
375316653866487564,4085460547962537472,0.57363105,2289.2971157016946,3.472643296258922,2.420983E-5,19.216488,0.025234351,0.2337279,0.014333508,0.07662247,0.014027914,0.49168068,0.0736859,0.7402293,0.0058391085,0.08089632,0.0077625853,0.3959948,0.025316093,null,null,null,null,"TWOGAUSSIANS",8,2.3035247,0.2337279,0.014333508,0.4,9.589314E-4,0.48668373,0.076715015,0.7402293,0.0058391085,0.4,0.0,0.3909979,0.021639379
375316653866487564,4085460822840564608,0.5414845,2305.066012634529,3.5952905431854774,6.139665E-5,19.547644,0.029336603,0.29053006,0.0047452603,0.07215739,0.012966922,0.7786636,0.18464711,0.7849724,0.005801512,0.07458691,0.00609806,0.6744648,0.058004726,null,null,null,null,"TWOGAUSSIANS",8,5.7676244,0.29053006,0.0047452603,0.4,0.048190612,0.77483433,0.18833408,0.7849724,0.005801512,0.4,0.0040503084,0.6706356,0.057148203
375316653866487564,4085460857201544064,0.6218367,2258.5813139362635,3.3982076343001073,1.518528E-5,18.536245,0.008974357,0.27786854,0.0062669828,0.06834462,0.006949605,0.49618566,0.036141228,0.7742848,0.0024582287,0.07562087,0.0033408487,0.5454372,0.015355296,null,null,null,null,"TWOGAUSSIANS",8,3.2284336,0.7742848,0.0024582287,0.4,0.0,0.543142,0.015391313,0.27786854,0.0062669828,0.3827299,0.02930911,0.49389046,0.036927465
375316653866487564,4085461029005388928,0.6504963,2251.132633443781,1.1708722136646967,1.5481442E-5,16.440977,0.004265425,0.36861733,0.012690461,0.037391916,0.028537191,0.34978786,2531065.5,0.87682706,0.0033920112,0.03613405,0.0062622475,0.11625697,0.011202582,0.023351088,0.0061669205,0.36861733,0.012690461,"TWOGAUSSIANS_WITH_ELLIPSOIDAL_ON_ECLIPSE1",9,4.7925477,0.36861733,0.012690461,0.20939472,0.15980828,0.39649004,2531065.5,0.87682706,0.0033775573,0.20235068,0.035068586,0.16283499,0.0118854605
375316653866487564,4085461510042801920,0.5689977,2254.257798256816,3.07320706475537,1.1217562E-5,16.472431,0.010141856,0.2481587,0.0028578644,0.09513705,0.007259962,0.25663033,0.014786074,0.7523377,0.002230012,0.08490209,0.004399663,0.2723575,0.010914096,null,null,null,null,"TWOGAUSSIANS",8,11.818184,0.7523377,0.002230012,0.4,0.0,0.26191851,0.008262988,0.2481587,0.0028578644,0.4,0.0,0.24619086,0.01684939
375316653866487564,4085461613114688768,0.51323175,2288.2267148274755,3.142669995084424,2.631084E-5,19.025671,0.0661887,0.2925479,0.007862446,0.11040726,0.02399126,0.22462001,0.061230734,0.8015047,0.008986995,0.10865921,0.04723932,0.2151794,0.041817915,null,null,null,null,"TWOGAUSSIANS",8,1.8537418,0.2925379,0.0077450126,0.4,0.0,0.19504377,0.019721754,0.8015147,0.009059474,0.4,0.0,0.18560836,0.05036639
375316653866487564,4085461814962318592,0.56339043,2215.089768987705,3.9186177844049035,1.21242165E-5,18.119251,0.016335186,0.27098736,0.0022569413,0.072026044,0.004330036,0.58778065,0.03690952,0.76168364,0.0034386206,0.09060842,0.009085967,0.45486093,0.04895316,null,null,null,null,"TWOGAUSSIANS",8,7.8736615,0.27098736,0.0022569413,0.4,0.007617484,0.58029073,0.037468567,0.76168364,0.0034386206,0.4,0.0,0.44737074,0.052273866
375316653866487564,4085462021132214528,0.5136269,2312.5065004283024,3.7328662660806646,7.640844E-5,19.182764,0.03647342,0.29528704,0.040602773,0.072988965,0.05097233,0.29489845,0.04230783,0.8608715,0.016209628,0.07395712,0.0188485,0.26044765,0.04341932,null,null,null,null,"TWOGAUSSIANS",8,4.2790813,0.29528704,0.040602773,0.4,0.036647864,0.29456225,0.0567668,0.8608715,0.01619846,0.4,0.023147577,0.26011145,0.036522105
375316653866487564,4085462540827334400,0.56741387,2250.9853063469563,3.322710842452528,2.4196057E-5,19.276442,0.013698057,0.29062447,0.01929921,0.07147134,0.01076121,0.57355976,0.08568769,0.7915093,0.004394012,0.081219286,0.005836837,0.490295,0.044468638,null,null,null,null,"TWOGAUSSIANS",8,2.8189633,0.29062447,0.01929921,0.4,0.010847508,0.56871426,0.083932154,0.7915093,0.004394012,0.4,0.0,0.48544946,0.045355134
375316653866487564,4085463124943179264,0.6178448,2221.969243647859,3.128518252531483,1.5704369E-5,17.264208,0.016973682,0.26342133,0.0062124864,0.05544073,0.011927265,0.27743477,0.036080938,0.77077746,0.005434271,0.055865172,0.0072962316,0.17129102,0.03603126,0.08272133,0.020770924,0.26342133,0.0062124864,"TWOGAUSSIANS_WITH_ELLIPSOIDAL_ON_ECLIPSE1",9,12.237141,0.26342133,0.0062124864,0.31046808,0.06679268,0.44286254,0.016828822,0.77077746,0.005434271,0.31284496,0.0408589,0.3363656,0.009570786
375316653866487564,4085463262382152192,0.55132705,2130.6117236404452,3.6989385967134396,2.6722377E-5,18.294842,0.3941209,0.29573882,0.0066463747,0.15997162,0.11577697,0.30560547,0.38419765,0.8103793,0.005623133,0.10093441,0.022116441,0.41330412,0.22400051,null,null,null,null,"TWOGAUSSIANS",8,3.5282562,0.8109793,0.004497889,0.4,0.0,0.32451773,0.024790578,0.29572883,0.0066044284,0.4,0.0,0.21202435,0.024881981
375316653866487564,4085464288874969984,0.52656364,2221.8794613268815,0.20665352290854658,3.933313E-5,18.095726,0.003418319,0.35793766,0.02275407,0.067282036,0.016897343,0.12681812,0.023342859,0.8305102,0.0055221887,0.04724485,0.008565964,0.13487786,0.012552549,null,null,null,null,"TWOGAUSSIANS",8,2.6427138,0.8305102,0.0055221887,0.26457116,0.047969397,0.13487151,0.012556453,0.35793766,0.02275407,0.3767794,0.09213163,0.12681177,0.023350088
375316653866487564,4085464980369379712,0.49056804,2317.442417459038,0.37355231049212007,1.1480517E-4,19.409811,0.016576244,0.39375833,0.11986782,0.058475323,0.026310818,0.16320556,0.3116449,0.6913365,0.03053844,0.12991203,0.028974876,0.1964498,0.01798412,null,null,null,null,"TWOGAUSSIANS",8,1.802897,0.6913365,0.03053844,0.4,0.0,0.1960641,0.017032232,0.39949834,0.12133646,0.3274618,0.14734058,0.17779057,0.30414578
375316653866487564,4085465182216741888,0.48299494,2213.352694363849,0.8777282760685681,5.1449006E-5,18.051462,0.067265406,0.24355274,0.011584453,0.121268705,0.07025235,0.13380624,0.03930093,0.7218627,0.009183328,0.122776285,0.03934239,0.09022319,0.05997651,null,null,null,null,"TWOGAUSSIANS",8,1.9397033,0.24367274,0.011429765,0.4,0.0,0.11165017,0.03411765,0.7218627,0.009183328,0.4,0.0,0.06807939,0.006975423
375316653866487564,4085466560923308160,0.54209673,2166.6855716994783,3.0611770799966167,1.0649975E-5,17.788153,0.007206399,0.28604242,0.0025391008,0.037554793,0.0059841694,0.7820583,0.1671656,0.7757943,0.0033065935,0.06705326,0.003949522,0.60899943,0.046203014,null,null,null,null,"TWOGAUSSIANS",8,14.423277,0.28604242,0.0025391008,0.21030684,0.03351135,0.7820496,0.1671783,0.7757943,0.0033065935,0.37549827,0.022117322,0.6089907,0.046208233
