Gaia/vari_eclipsing_binary/VariEclipsingBinary_704616-704822.csv
# %ECSV 1.0
# ---
# delimiter: ','
# meta: !!omap
# - RELEASE: Gaia DR3
# - TABLE: vari_eclipsing_binary
# - DESCRIPTION: >
#     This table describes the properties of the eclipsing binaries resulting from the variability analysis. 
# - CITATION: >
#     How to cite and acknowledge Gaia: 
#     https://gea.esac.esa.int/archive/documentation/credits.html 
# - KNOWN_ISSUES: >
#     Known issues: 
#     https://www.cosmos.esa.int/web/gaia-users/known-issues 
# - DOCUMENTATION: >
#     Tutorials and documentation: 
#     https://www.cosmos.esa.int/web/gaia-users/archive 
# datatype:
# - 
#   name: solution_id
#   datatype: int64
#   description: Solution Identifier
#   meta:
#     ucd: meta.version
# - 
#   name: source_id
#   datatype: int64
#   description: Unique source identifier
#   meta:
#     ucd: meta.id;meta.main
# - 
#   name: global_ranking
#   datatype: float32
#   description: Number between 0 (worst) and 1 (best)
#   meta:
#     ucd: stat.param
# - 
#   name: reference_time
#   datatype: float64
#   unit: d
#   description: Reference time used for the geometric model fit
#   meta:
#     ucd: time.epoch
# - 
#   name: frequency
#   datatype: float64
#   unit: d**-1
#   description: Frequency of geometric model of the eclipsing binary light curve
#   meta:
#     ucd: src.orbital
# - 
#   name: frequency_error
#   datatype: float32
#   unit: d**-1
#   description: "Uncertainty of \\texttt{frequency}"
#   meta:
#     ucd: stat.error
# - 
#   name: geom_model_reference_level
#   datatype: float32
#   unit: mag
#   description: Magnitude reference level of geometric model
#   meta:
#     ucd: phot.mag;em.opt
# - 
#   name: geom_model_reference_level_error
#   datatype: float32
#   unit: mag
#   description: "Uncertainty of \\texttt{geomModelReferenceLevel}"
#   meta:
#     ucd: stat.error;phot.mag;em.opt
# - 
#   name: geom_model_gaussian1_phase
#   datatype: float32
#   description: Phase of the Gaussian 1 component
#   meta:
#     ucd: time.phase
# - 
#   name: geom_model_gaussian1_phase_error
#   datatype: float32
#   description: "Uncertainty of \\texttt{geomModelGaussian1Phase}"
#   meta:
#     ucd: stat.error;time.phase
# - 
#   name: geom_model_gaussian1_sigma
#   datatype: float32
#   description: "Standard deviation [phase] of Gaussian 1 component"
#   meta:
#     ucd: stat.stdev
# - 
#   name: geom_model_gaussian1_sigma_error
#   datatype: float32
#   description: "Uncertainty of \\texttt{geomModelGaussian1Sigma}"
#   meta:
#     ucd: stat.error
# - 
#   name: geom_model_gaussian1_depth
#   datatype: float32
#   unit: mag
#   description: Magnitude depth of Gaussian 1 component
#   meta:
#     ucd: src.var.amplitude
# - 
#   name: geom_model_gaussian1_depth_error
#   datatype: float32
#   unit: mag
#   description: "Uncertainty of \\texttt{geomModelGaussian1Depth}"
#   meta:
#     ucd: stat.error;src.var.amplitude
# - 
#   name: geom_model_gaussian2_phase
#   datatype: float32
#   description: Phase of Gaussian 2 component
#   meta:
#     ucd: time.phase
# - 
#   name: geom_model_gaussian2_phase_error
#   datatype: float32
#   description: "Uncertainty of \\texttt{geomModelGaussian2Phase}"
#   meta:
#     ucd: stat.error;time.phase
# - 
#   name: geom_model_gaussian2_sigma
#   datatype: float32
[...]
#   datatype: float32
#   description: "Secondary eclipse: uncertainty of \\texttt{derivedSecondaryEclDuration}"
#   meta:
#     ucd: stat.error;time.duration
# - 
#   name: derived_secondary_ecl_depth
#   datatype: float32
#   unit: mag
#   description: "Secondary eclipse: depth"
#   meta:
#     ucd: src.var.amplitude
# - 
#   name: derived_secondary_ecl_depth_error
#   datatype: float32
#   unit: mag
#   description: "Secondary eclipse: uncertainty of \\texttt{derivedSecondaryEclDepth}"
#   meta:
#     ucd: stat.error;src.var.amplitude
solution_id,source_id,global_ranking,reference_time,frequency,frequency_error,geom_model_reference_level,geom_model_reference_level_error,geom_model_gaussian1_phase,geom_model_gaussian1_phase_error,geom_model_gaussian1_sigma,geom_model_gaussian1_sigma_error,geom_model_gaussian1_depth,geom_model_gaussian1_depth_error,geom_model_gaussian2_phase,geom_model_gaussian2_phase_error,geom_model_gaussian2_sigma,geom_model_gaussian2_sigma_error,geom_model_gaussian2_depth,geom_model_gaussian2_depth_error,geom_model_cosine_half_period_amplitude,geom_model_cosine_half_period_amplitude_error,geom_model_cosine_half_period_phase,geom_model_cosine_half_period_phase_error,model_type,num_model_parameters,reduced_chi2,derived_primary_ecl_phase,derived_primary_ecl_phase_error,derived_primary_ecl_duration,derived_primary_ecl_duration_error,derived_primary_ecl_depth,derived_primary_ecl_depth_error,derived_secondary_ecl_phase,derived_secondary_ecl_phase_error,derived_secondary_ecl_duration,derived_secondary_ecl_duration_error,derived_secondary_ecl_depth,derived_secondary_ecl_depth_error
[from data line 408]
375316653866487564,6199606694152392576,0.50192446,2103.891440923439,1.2949441439662055,1.398936E-4,19.25234,0.015006798,0.3675853,6.1340525E-4,0.0071454677,5.1452726E-4,0.8956267,0.2698961,0.60825527,0.041911334,0.110174336,0.042113904,0.08062336,0.027667712,null,null,null,null,"TWOGAUSSIANS",8,4.1807513,0.36759531,6.098827E-4,0.04001462,0.0028813528,0.9030397,0.26854342,0.60825527,0.041911334,0.4,0.0,0.08061793,0.027668787
375316653866487564,6199608923242819072,0.4734596,2161.8371879628303,2.6983939742555823,5.90024E-5,15.8875475,0.18741207,0.2792441,0.014606972,0.10052664,0.036615636,0.41220617,0.16493165,0.76586384,0.01878611,0.123922676,0.050597634,0.35352346,0.18482974,null,null,null,null,"TWOGAUSSIANS",8,36.624863,0.2793141,0.014238335,0.4,0.0,0.357569,0.030665228,0.76586384,0.01878611,0.4,0.0,0.2986656,0.09046108
375316653866487564,6199613080770969088,0.6333579,2093.0824126186094,4.618130789689505,1.4299773E-5,18.029602,0.0131752975,0.25658405,0.012952317,0.04115375,0.016861068,0.1993338,0.035124335,0.75284725,0.005334915,0.03631417,0.011979939,0.32058552,0.5838971,0.13988447,0.021291632,0.75284725,0.005334915,"TWOGAUSSIANS_WITH_ELLIPSOIDAL_ON_ECLIPSE2",9,6.286052,0.75284725,0.005334915,0.20335937,0.067087665,0.6003542,0.5960138,0.25599405,0.011718179,0.230461,0.09442198,0.47897264,0.014559216
375316653866487564,6199615245434506496,0.5071585,2085.4082560603197,4.434561151656939,2.3440394E-5,18.403322,0.028542565,0.20528723,0.008138617,0.08224075,0.01520594,0.2628585,0.030905962,0.68781984,0.006148397,0.09276127,0.013734762,0.23526676,0.02673471,null,null,null,null,"TWOGAUSSIANS",8,5.2247424,0.20528723,0.008138617,0.4,0.0,0.25661457,0.03014092,0.68781984,0.006148397,0.4,0.0,0.22902249,0.021231491
375316653866487564,6199622873296619008,0.5467678,2124.084632667273,2.142174771284755,2.132088E-5,17.856333,0.008171353,0.21278283,0.004762103,0.09331291,0.006558544,0.16984649,0.008392376,0.7009411,0.005901622,0.07922434,0.0068462486,0.20221284,0.011160509,null,null,null,null,"TWOGAUSSIANS",8,1.7734025,0.7009411,0.005901622,0.4,0.0,0.1977185,0.010582571,0.21278283,0.004762103,0.4,0.0,0.16535191,0.006421386
375316653866487564,6199624178966717568,0.44603774,2102.927885433086,0.16651816936662475,4.026432E-5,19.130531,0.019199748,0.20332465,0.012617854,0.07478716,0.016074203,0.18594633,0.04744827,0.745766,0.038597815,0.064016186,0.03499038,0.1640037,0.10626923,null,null,null,null,"TWOGAUSSIANS",8,4.387984,0.20332465,0.012617854,0.4,0.03329029,0.18577743,0.04726379,0.745766,0.038597815,0.35849062,0.17091016,0.1638348,0.10600369
375316653866487564,6199631295729125888,0.49072623,2200.5344257255088,1.2899177219262001,6.247076E-5,15.137267,0.0052426322,0.32459602,0.025278976,0.058774307,0.05476843,0.1404004,0.09422858,0.8313939,0.018069597,0.053786043,0.021782797,0.06579373,0.006622584,null,null,null,null,"TWOGAUSSIANS",8,19.978462,0.32459602,0.025278976,0.32913613,0.10225917,0.14039268,0.09553472,0.8313939,0.018069597,0.30120185,0.12198366,0.06578602,0.006179768
375316653866487564,6199634212007689856,0.557643,2258.4990900803728,3.7470685565146415,3.0161713E-5,17.944841,0.010518441,0.33712694,0.008002057,0.085170105,0.011668543,0.25628707,0.017427988,0.83502805,0.0076197493,0.080907114,0.011352007,0.21569073,0.022964567,null,null,null,null,"TWOGAUSSIANS",8,5.730802,0.33712694,0.008002057,0.4,0.0,0.25140873,0.018234782,0.83502805,0.0076197493,0.4,0.0,0.2108124,0.024255896
375316653866487564,6199649983127714048,0.59079194,2132.2966657446195,3.347861453183569,1.1826928E-5,18.095993,0.017972881,0.2237747,0.00885768,0.035214946,0.024550807,0.19654022,0.052430566,0.71359974,0.013156156,0.061097145,0.016099803,0.23694576,0.04191182,0.08615875,0.025949297,0.2237747,0.00885768,"TWOGAUSSIANS_WITH_ELLIPSOIDAL_ON_ECLIPSE1",9,8.5331335,0.7153898,0.008761111,0.342144,0.0648014,0.4086565,0.018638607,0.2237747,0.00885768,0.1972037,0.1374845,0.3688305,0.022767158
375316653866487564,6199658920959065472,0.6434454,2187.5664558159983,3.1108972456674957,8.103027E-6,13.822145,0.018250715,0.18582948,0.005727828,0.050885722,0.009097631,0.3777564,0.056200314,0.70335716,0.00980207,0.045842465,0.010010026,0.34703478,0.04123543,0.12274756,0.024388732,0.18582948,0.005727828,"TWOGAUSSIANS_WITH_ELLIPSOIDAL_ON_ECLIPSE1",9,159.48135,0.18582948,0.005727828,0.28496003,0.050946735,0.62324834,0.04201742,0.70335716,0.00980207,0.2567178,0.05605615,0.5895612,0.025004983
375316653866487564,6199659436355156224,0.6356209,2171.2937339758473,3.679200810118414,9.451952E-6,14.771171,0.017670924,0.3113256,0.002389203,0.051840756,0.0047781933,0.4630613,0.03081496,0.8185038,0.009771286,0.054586712,0.011800671,0.31621945,0.064070106,0.08396211,0.018942282,0.8185038,0.009771286,"TWOGAUSSIANS_WITH_ELLIPSOIDAL_ON_ECLIPSE2",9,91.58481,0.31183562,0.002089745,0.29030824,0.026757881,0.63065755,0.01768794,0.8185038,0.009771286,0.30568558,0.06608376,0.4841327,0.06398219
375316653866487564,6199662047695328640,0.6053244,2156.284030030319,3.098115371340501,1.1852993E-5,15.291276,0.011906757,0.26577312,0.0029995162,0.09768923,0.0041031213,0.4236545,0.012743158,0.75606024,0.00312207,0.090491176,0.004400238,0.42739022,0.014473255,null,null,null,null,"TWOGAUSSIANS",8,55.565933,0.75606024,0.00312207,0.4,0.0,0.40569776,0.013187889,0.26577312,0.0029995162,0.4,0.0,0.40196034,0.008666743
375316653866487564,6199663112846920192,0.5661594,2113.145076800157,0.5876596962475577,1.6197373E-5,11.761473,0.21000655,0.241683,0.0047721365,0.12279241,0.11309815,0.105733335,0.20683593,0.7358543,0.0048887646,0.111841775,0.033542052,0.13764064,0.14552136,null,null,null,null,"TWOGAUSSIANS",8,50.01045,0.7358543,0.0048887646,0.4,0.0,0.11434496,0.005384745,0.241703,0.004991249,0.4,0.0,0.08239656,0.005118121
375316653866487564,6199683316373344128,0.5128539,2118.098716365621,0.8996883947387313,2.3536391E-5,14.173709,0.0033152124,0.3004036,0.0138245635,0.09466319,0.02028883,0.064784735,0.014621369,0.75842756,0.0076239086,0.07806528,0.012536361,0.07201573,0.008631851,null,null,null,null,"TWOGAUSSIANS",8,5.2907114,0.75842756,0.0076239086,0.4,0.0,0.07103265,0.009237755,0.3004036,0.0138245635,0.4,0.0,0.06380111,0.015789127
