Gaia/vari_eclipsing_binary/VariEclipsingBinary_667355-667376.csv
# %ECSV 1.0
# ---
# delimiter: ','
# meta: !!omap
# - RELEASE: Gaia DR3
# - TABLE: vari_eclipsing_binary
# - DESCRIPTION: >
#     This table describes the properties of the eclipsing binaries resulting from the variability analysis. 
# - CITATION: >
#     How to cite and acknowledge Gaia: 
#     https://gea.esac.esa.int/archive/documentation/credits.html 
# - KNOWN_ISSUES: >
#     Known issues: 
#     https://www.cosmos.esa.int/web/gaia-users/known-issues 
# - DOCUMENTATION: >
#     Tutorials and documentation: 
#     https://www.cosmos.esa.int/web/gaia-users/archive 
# datatype:
# - 
#   name: solution_id
#   datatype: int64
#   description: Solution Identifier
#   meta:
#     ucd: meta.version
# - 
#   name: source_id
#   datatype: int64
#   description: Unique source identifier
#   meta:
#     ucd: meta.id;meta.main
# - 
#   name: global_ranking
#   datatype: float32
#   description: Number between 0 (worst) and 1 (best)
#   meta:
#     ucd: stat.param
# - 
#   name: reference_time
#   datatype: float64
#   unit: d
#   description: Reference time used for the geometric model fit
#   meta:
#     ucd: time.epoch
# - 
#   name: frequency
#   datatype: float64
#   unit: d**-1
#   description: Frequency of geometric model of the eclipsing binary light curve
#   meta:
#     ucd: src.orbital
# - 
#   name: frequency_error
#   datatype: float32
#   unit: d**-1
#   description: "Uncertainty of \\texttt{frequency}"
#   meta:
#     ucd: stat.error
# - 
#   name: geom_model_reference_level
#   datatype: float32
#   unit: mag
#   description: Magnitude reference level of geometric model
#   meta:
#     ucd: phot.mag;em.opt
# - 
#   name: geom_model_reference_level_error
#   datatype: float32
#   unit: mag
#   description: "Uncertainty of \\texttt{geomModelReferenceLevel}"
#   meta:
#     ucd: stat.error;phot.mag;em.opt
# - 
#   name: geom_model_gaussian1_phase
#   datatype: float32
#   description: Phase of the Gaussian 1 component
#   meta:
#     ucd: time.phase
# - 
#   name: geom_model_gaussian1_phase_error
#   datatype: float32
#   description: "Uncertainty of \\texttt{geomModelGaussian1Phase}"
#   meta:
#     ucd: stat.error;time.phase
# - 
#   name: geom_model_gaussian1_sigma
#   datatype: float32
#   description: "Standard deviation [phase] of Gaussian 1 component"
#   meta:
#     ucd: stat.stdev
# - 
#   name: geom_model_gaussian1_sigma_error
#   datatype: float32
#   description: "Uncertainty of \\texttt{geomModelGaussian1Sigma}"
#   meta:
#     ucd: stat.error
# - 
#   name: geom_model_gaussian1_depth
#   datatype: float32
#   unit: mag
#   description: Magnitude depth of Gaussian 1 component
#   meta:
#     ucd: src.var.amplitude
# - 
#   name: geom_model_gaussian1_depth_error
#   datatype: float32
#   unit: mag
#   description: "Uncertainty of \\texttt{geomModelGaussian1Depth}"
#   meta:
#     ucd: stat.error;src.var.amplitude
# - 
#   name: geom_model_gaussian2_phase
#   datatype: float32
#   description: Phase of Gaussian 2 component
#   meta:
#     ucd: time.phase
# - 
#   name: geom_model_gaussian2_phase_error
#   datatype: float32
#   description: "Uncertainty of \\texttt{geomModelGaussian2Phase}"
#   meta:
#     ucd: stat.error;time.phase
# - 
#   name: geom_model_gaussian2_sigma
#   datatype: float32
[...]
#   datatype: float32
#   description: "Secondary eclipse: uncertainty of \\texttt{derivedSecondaryEclDuration}"
#   meta:
#     ucd: stat.error;time.duration
# - 
#   name: derived_secondary_ecl_depth
#   datatype: float32
#   unit: mag
#   description: "Secondary eclipse: depth"
#   meta:
#     ucd: src.var.amplitude
# - 
#   name: derived_secondary_ecl_depth_error
#   datatype: float32
#   unit: mag
#   description: "Secondary eclipse: uncertainty of \\texttt{derivedSecondaryEclDepth}"
#   meta:
#     ucd: stat.error;src.var.amplitude
solution_id,source_id,global_ranking,reference_time,frequency,frequency_error,geom_model_reference_level,geom_model_reference_level_error,geom_model_gaussian1_phase,geom_model_gaussian1_phase_error,geom_model_gaussian1_sigma,geom_model_gaussian1_sigma_error,geom_model_gaussian1_depth,geom_model_gaussian1_depth_error,geom_model_gaussian2_phase,geom_model_gaussian2_phase_error,geom_model_gaussian2_sigma,geom_model_gaussian2_sigma_error,geom_model_gaussian2_depth,geom_model_gaussian2_depth_error,geom_model_cosine_half_period_amplitude,geom_model_cosine_half_period_amplitude_error,geom_model_cosine_half_period_phase,geom_model_cosine_half_period_phase_error,model_type,num_model_parameters,reduced_chi2,derived_primary_ecl_phase,derived_primary_ecl_phase_error,derived_primary_ecl_duration,derived_primary_ecl_duration_error,derived_primary_ecl_depth,derived_primary_ecl_depth_error,derived_secondary_ecl_phase,derived_secondary_ecl_phase_error,derived_secondary_ecl_duration,derived_secondary_ecl_duration_error,derived_secondary_ecl_depth,derived_secondary_ecl_depth_error
[from data line 320]
375316653866487564,5870196515250843264,0.48434055,2238.7372638116676,3.505505921610848,1.1817794E-5,19.20533,0.02604362,0.27217165,0.0059249876,0.110983126,0.013886435,0.24496111,0.024152335,0.76798856,0.003758408,0.093423605,0.010048552,0.22960661,0.024754217,null,null,null,null,"TWOGAUSSIANS",8,3.2772858,0.27217165,0.0059249876,0.4,0.0,0.22234428,0.012121513,0.76798856,0.003758408,0.4,0.0,0.20700893,0.0107374815
375316653866487564,5870196687032473984,0.567189,2219.9087643534863,1.0017077653891515,6.1149276E-6,14.8932295,0.024479153,0.30685297,0.002270947,0.13616948,0.020506382,0.099183366,0.023445105,0.8050015,0.0016006675,0.1262186,0.015602251,0.10324224,0.02358076,null,null,null,null,"TWOGAUSSIANS",8,6.870635,0.8050015,0.0016006675,0.4,0.0,0.071049936,0.00110572,0.30688298,0.0022666983,0.4,0.0,0.06683744,0.0017707439
375316653866487564,5870197580385725440,0.5648556,2229.141125878817,2.6697243506699206,8.203942E-6,14.781745,0.053905774,0.18100883,0.0023383726,0.12524723,0.017065471,0.22354864,0.052477513,0.68270254,0.0017332127,0.1291415,0.017226098,0.22804795,0.052282862,null,null,null,null,"TWOGAUSSIANS",8,33.70309,0.68272257,0.001715878,0.4,0.0,0.16361196,0.0033173189,0.18097883,0.0023934064,0.4,0.0,0.15921144,0.003474506
375316653866487564,5870198095731498368,0.517422,2242.5409228653257,2.1865676583309717,7.6147016E-6,18.937408,0.007191316,0.2625771,0.0021299522,0.07684794,0.0029687446,0.5705665,0.018527064,0.7713807,0.0037359286,0.07219919,0.005038851,0.31065756,0.03140806,null,null,null,null,"TWOGAUSSIANS",8,3.5796177,0.2625771,0.0021299522,0.4,0.0,0.5680707,0.018773157,0.7713807,0.0037359286,0.4,0.018348215,0.30816177,0.031875007
375316653866487564,5870198095731501696,0.50045776,2241.5080062417187,2.86772444329774,1.1616909E-5,18.312218,0.012890709,0.24200605,0.0038337423,0.09801249,0.0074871774,0.22070368,0.0126108695,0.7523654,0.0027522473,0.104481556,0.00746897,0.21503012,0.011851762,null,null,null,null,"TWOGAUSSIANS",8,5.6006446,0.24200605,0.0038420337,0.4,0.0,0.20253947,0.0077680484,0.7523654,0.0027522473,0.4,0.0,0.19686195,0.007191175
375316653866487564,5870198130091261568,0.4713359,2251.2389030306044,3.7440503687730837,2.2032624E-5,18.87132,0.010748263,0.25139746,0.003772913,0.07246386,0.004924701,0.31333742,0.015110674,0.76079875,0.007598674,0.051296163,0.012088747,0.39587456,0.02815654,null,null,null,null,"TWOGAUSSIANS",8,14.81104,0.76079875,0.007598674,0.2872585,0.06769698,0.39573237,0.028627526,0.25139746,0.003772913,0.4,0.0075555737,0.31319523,0.014969421
375316653866487564,5870198611127898752,0.4960585,2238.989868803467,1.103985976732261,6.4894675E-6,19.754307,0.0061567943,0.12629646,0.0067411074,0.04660076,0.0073974323,0.1375305,0.016429339,0.61427623,0.0015514562,0.037835214,0.0020383685,0.8562838,0.12606299,null,null,null,null,"TWOGAUSSIANS",8,2.2385879,0.61427623,0.0015514562,0.21187721,0.011414863,0.8562838,0.12606299,0.12629646,0.0067411074,0.26096424,0.04142562,0.1375305,0.016429346
375316653866487564,5870199229602988032,0.5475328,2237.8795711696375,2.820249948385939,4.6342584E-6,19.376741,0.0061129862,0.20525573,0.0013324784,0.06763711,0.0020020893,0.5576895,0.015273655,0.711535,0.0026506844,0.069062866,0.0035060605,0.45592514,0.020789027,null,null,null,null,"TWOGAUSSIANS",8,2.6906977,0.20525573,0.0013324784,0.37876782,0.0112117,0.55663115,0.015342647,0.711535,0.0026506844,0.38675204,0.019633938,0.4548668,0.020977346
375316653866487564,5870199229653379584,0.50556934,2255.723724432978,2.350114446514982,1.1878104E-5,15.599932,0.016531404,0.27649248,0.0037947826,0.12134134,0.01342143,0.11614097,0.014911303,0.743849,0.0043594954,0.119803354,0.020102417,0.08079685,0.014828425,null,null,null,null,"TWOGAUSSIANS",8,18.540571,0.27664247,0.0036622083,0.4,0.0,0.09933607,0.0040157936,0.743849,0.0043594954,0.4,0.0,0.06402504,0.0033625278
375316653866487564,5870199607610530176,0.5468922,2242.1926312657333,2.216157707332455,6.030145E-6,17.60546,0.023620293,0.24336156,0.0026672217,0.05940826,0.0067880484,0.23543087,0.05084526,0.737408,0.0023407172,0.058691435,0.006672741,0.30486554,0.045936756,0.077507384,0.025979407,0.24336156,0.0026672217,"TWOGAUSSIANS_WITH_ELLIPSOIDAL_ON_ECLIPSE1",9,26.317732,0.73812795,0.0019809087,0.32867202,0.03736735,0.459633,0.013884781,0.24336156,0.0026672217,0.33268625,0.03801307,0.39038882,0.014412606
375316653866487564,5870199882438435328,0.5272278,2224.882424444467,4.136157620978807,6.1693645E-6,19.144842,0.008837524,0.25256416,0.0021782294,0.0751692,0.004262741,0.39196166,0.016883604,0.73853666,0.0019719535,0.082180224,0.0037653903,0.3390882,0.01002458,null,null,null,null,"TWOGAUSSIANS",8,2.9773076,0.25256416,0.0021782294,0.4,0.0,0.38846788,0.017378168,0.73853666,0.0019719535,0.4,0.0,0.33559442,0.009535273
375316653866487564,5870199951207948032,0.5208436,2233.7718544488403,2.7989950955124865,1.5147074E-6,17.233673,5.8732915E-4,0.19283347,0.043910976,0.03157222,0.028852586,0.0040860767,0.0014944549,0.8529297,6.405325E-4,0.0064530014,1.7710878E-4,0.39593124,0.032833196,null,null,null,null,"TWOGAUSSIANS",8,1.4741703,0.8529297,6.405325E-4,0.03613681,9.918092E-4,0.39593124,0.032833196,0.19283347,0.043910976,0.17680442,0.16157448,0.0040860767,0.0014944549
375316653866487564,5870200324802479104,0.59996027,2241.168398513378,1.4719506158928322,4.365772E-6,15.224598,0.0030512142,0.25391573,0.0012326513,0.03479078,9.854593E-4,0.41949272,0.012773249,0.75523883,5.485119E-4,0.033906832,9.866549E-4,0.53024435,0.0064977575,0.019319471,0.0042611407,0.75523883,5.485119E-4,"TWOGAUSSIANS_WITH_ELLIPSOIDAL_ON_ECLIPSE2",9,105.607796,0.75523883,5.485119E-4,0.18987827,0.0055252677,0.56888324,0.0060482565,0.2539257,0.0012216843,0.19482838,0.0055185724,0.45812893,0.011370668
375316653866487564,5870200535323682432,0.46369568,2234.487047355737,4.108229972926834,1.3442968E-5,18.20822,0.018711874,0.28018162,0.004911362,0.10902756,0.013497989,0.19007282,0.016226478,0.7514015,0.004541403,0.10346319,0.010958402,0.19802563,0.017464828,null,null,null,null,"TWOGAUSSIANS",8,7.8060617,0.7514015,0.004541403,0.4,0.0,0.18051769,0.009339453,0.2802016,0.00491258,0.4,0.0,0.17255332,0.008977331
375316653866487564,5870200947588836480,0.52280533,2220.736663183878,2.7456489310801544,7.1783056E-6,19.311453,0.00796208,0.23286581,0.0028925114,0.08089096,0.0044422857,0.3133604,0.011705234,0.72679895,0.0025616023,0.07717183,0.003552775,0.3070663,0.011518986,null,null,null,null,"TWOGAUSSIANS",8,2.179694,0.23286581,0.0028925114,0.4,0.0,0.3096728,0.01159736,0.72679895,0.0025616023,0.4,0.0,0.30337867,0.011184958
375316653866487564,5870200947588950912,0.5136135,2219.83219081761,2.9719501835432363,7.1831137E-6,19.71539,0.0093109775,0.28642568,0.0026405663,0.0698997,0.0031732258,0.40188026,0.01885046,0.7763721,0.0032554911,0.07656056,0.00413002,0.49288222,0.03147516,null,null,null,null,"TWOGAUSSIANS",8,2.1604586,0.7763721,0.0032554911,0.4,0.0,0.4908054,0.031745538,0.28642568,0.0026405663,0.39143834,0.01756129,0.39980343,0.018790755
375316653866487564,5870201840942331648,0.6207455,2223.479726474376,3.5471381668257753,2.94155E-6,18.985771,0.008044274,0.26574793,8.295035E-4,0.0500386,0.0020252764,0.42619476,0.019653907,0.76770777,0.0021161211,0.03854417,0.0029902086,0.3774187,0.023599949,0.146869,0.011402081,0.26574793,8.295035E-4,"TWOGAUSSIANS_WITH_ELLIPSOIDAL_ON_ECLIPSE1",9,1.8785174,0.26574793,8.295035E-4,0.28021616,0.0113415485,0.71993047,0.011438082,0.76770777,0.0021161211,0.21584736,0.016745167,0.6711099,0.022645222
375316653866487564,5870202145869438720,0.5887071,2224.5578632823813,0.14019090168042697,6.221809E-6,17.523792,8.782077E-4,0.22651516,0.0067432406,0.0088215815,0.0023584843,0.5954875,0.280715,0.7293962,0.0054093264,0.006007306,0.0037655765,0.56544757,5.9022326,null,null,null,null,"TWOGAUSSIANS",8,2.7342193,0.22651516,0.0067432406,0.04940086,0.013207512,0.5954875,0.280715,0.7293962,0.0054093264,0.03364091,0.02108723,0.56544757,5.9022326
375316653866487564,5870202145884709504,0.58381456,2219.4357659032007,2.911396997916946,3.5014389E-6,18.519678,0.008739271,0.21139392,0.0012938471,0.051267043,0.0027597263,0.34200728,0.01939473,0.7211178,0.0013681835,0.047165357,0.0046000527,0.24090508,0.022362638,0.11645421,0.012205141,0.7211178,0.0013681835,"TWOGAUSSIANS_WITH_ELLIPSOIDAL_ON_ECLIPSE2",9,3.3317385,0.21259393,0.0010931209,0.28709546,0.015454466,0.57415235,0.012898582,0.7211178,0.0013681835,0.264126,0.025760295,0.47381127,0.011411475
375316653866487564,5870202184591254272,0.53566366,2220.993468913108,1.0711303702580424,8.431982E-6,16.907026,9.275019E-4,0.23513387,0.0022889588,0.042479083,0.002252731,0.09321046,0.0062095653,0.6398155,0.022421934,0.042520095,0.013461356,0.0061381003,0.0026685311,0.028209837,0.0011677039,0.23513387,0.0022889588,"TWOGAUSSIANS_WITH_ELLIPSOIDAL_ON_ECLIPSE1",9,3.3995664,0.23513387,0.0022889588,0.23788287,0.012615293,0.14963007,0.0056362427,0.72700554,0.014579073,0.23811252,0.075383596,0.057022437,0.001881876
375316653866487564,5870202871786259328,0.5421263,2230.684320183644,2.569515850781204,7.68155E-6,16.841684,0.049183607,0.23210791,0.0024043643,0.13916966,0.024490096,0.17802264,0.04702484,0.7250477,0.002241226,0.12001211,0.015217433,0.19489965,0.046578392,null,null,null,null,"TWOGAUSSIANS",8,5.555804,0.7250477,0.002241226,0.4,0.0,0.14097594,0.0033123929,0.2321679,0.0023820507,0.4,0.0,0.12359799,0.0038939305
375316653866487564,5870203245381386240,0.4650007,2234.162988952593,0.7039994968638941,2.0160795E-5,18.436779,0.0027651032,0.100126274,0.0028860874,0.029534157,0.0031428048,0.15091854,0.009407631,0.6019601,0.002843487,0.04493883,0.0042041577,0.12187609,0.012578409,null,null,null,null,"TWOGAUSSIANS",8,4.1981487,0.100126274,0.0028860874,0.16539128,0.017599707,0.15091854,0.009407631,0.6019601,0.002843487,0.25165743,0.023543283,0.12187609,0.012578409
375316653866487564,5870203593340713600,0.60874164,2236.7626012770347,2.4372693001566628,4.157941E-6,16.23039,0.0044212616,0.28363642,0.0012648262,0.048458625,0.0046833926,0.11288634,0.010063242,0.7818737,0.0021357033,0.051530506,0.004120717,0.109123364,0.009274165,0.09623874,0.005565797,0.28363642,0.0012648262,"TWOGAUSSIANS_WITH_ELLIPSOIDAL_ON_ECLIPSE1",9,12.740602,0.28363642,0.0012648262,0.2713683,0.026226997,0.30536255,0.0046902536,0.7823537,0.0014131231,0.28857085,0.023076013,0.30158234,0.003771907
375316653866487564,5870204314895367680,0.4059724,2238.211076527229,3.9630605929332057,2.8505823E-5,14.9407215,0.0077466154,0.13778521,0.0034630022,0.02615501,0.0032161595,0.17176841,0.011887309,0.46411592,0.021082101,0.0816741,0.028510008,0.05871852,0.011401736,null,null,null,null,"TWOGAUSSIANS",8,21.930077,0.13778521,0.0034639186,0.14646806,0.018010493,0.17178847,0.011939539,0.46411592,0.021082101,0.4,0.0,0.058718517,0.011402009
375316653866487564,5870205792316691840,0.53115255,2218.8791163339715,3.4919409834157253,6.0507755E-6,19.223639,0.0068334853,0.24308218,0.001774982,0.082781754,0.0035741492,0.32420295,0.010871891,0.7439373,0.0029782632,0.07411372,0.0042703887,0.36478156,0.00998252,null,null,null,null,"TWOGAUSSIANS",8,2.2992268,0.7439373,0.0029782632,0.4,0.0,0.36059156,0.010272817,0.24308218,0.001774982,0.4,0.0,0.320013,0.011083102
375316653866487564,5870205792379204224,0.59932226,2227.7285339815444,1.8907526139103579,3.099267E-6,17.301872,0.004733279,0.25743893,8.196865E-4,0.09030806,0.0023595016,0.27402937,0.004834361,0.7540684,0.0017975303,0.10265551,0.0034115685,0.23906527,0.0047078603,null,null,null,null,"TWOGAUSSIANS",8,2.891083,0.25743893,8.196865E-4,0.4,0.0,0.25712538,0.004704195,0.7540684,0.0017975303,0.4,0.0,0.22215801,0.0034005463
375316653866487564,5870206238993605376,0.530161,2228.953807960465,1.4322355199034886,6.5769846E-6,19.297571,0.012480363,0.1291756,0.0032089134,0.08835488,0.0061209565,0.27524224,0.01226447,0.63431895,0.0025792902,0.08676499,0.004064165,0.34346947,0.01443838,null,null,null,null,"TWOGAUSSIANS",8,1.8646137,0.63431895,0.0025792902,0.4,0.0,0.33389348,0.012320888,0.1291756,0.0032089134,0.4,0.0,0.26566622,0.010214291
375316653866487564,5870206685668729728,0.5109107,2221.9447105378736,2.4188044460513645,9.044974E-6,18.832401,0.0040994734,0.14034863,0.0021029243,0.075161494,0.0029247405,0.25997737,0.010714406,0.6419765,0.0035370707,0.05870792,0.0055853175,0.16183688,0.0103588095,null,null,null,null,"TWOGAUSSIANS",8,2.5995827,0.14034863,0.0021029243,0.4,0.0,0.25960302,0.0107579,0.6419765,0.0035370707,0.32876435,0.031277776,0.16146255,0.010463571
375316653866487564,5870206823107530880,0.4599343,2220.9168160815316,3.8198714084984613,1.8126444E-5,19.55682,0.013914907,0.24756499,0.0070718485,0.08016158,0.010559251,0.24516289,0.02191702,0.7332915,0.0052606226,0.082531035,0.009769789,0.225526,0.016577289,null,null,null,null,"TWOGAUSSIANS",8,3.2106214,0.24756499,0.0070718485,0.4,0.0,0.24198392,0.021767778,0.7332915,0.0052606226,0.4,0.0,0.22234704,0.01630585
375316653866487564,5870207510351245312,0.5977206,2210.9639435270847,2.5447297870963013,5.6590175E-6,17.236883,0.008290858,0.25267595,0.002682958,0.052496213,0.0051786336,0.23640671,0.017880622,0.7568618,0.0018049564,0.050814908,0.00405068,0.18604942,0.021800425,0.11129489,0.012274076,0.7568618,0.0018049564,"TWOGAUSSIANS_WITH_ELLIPSOIDAL_ON_ECLIPSE2",9,11.741932,0.25338596,0.0021422992,0.29397878,0.029000347,0.45886463,0.012294618,0.7568618,0.0018049564,0.28456348,0.022683809,0.4086351,0.008750723
375316653866487564,5870207750869444992,0.45957726,2201.0592535625483,2.3217824511026044,1.4499975E-5,19.011581,0.008813354,0.7803551,0.0048025833,0.028674386,0.005086483,0.08878497,0.034400407,null,null,null,null,null,null,0.15286322,0.01237657,0.7803551,0.0048025833,"ONEGAUSSIAN_WITH_ELLIPSOIDAL",6,16.6953,0.7803551,0.0048025833,0.16057657,0.028484304,0.39451104,0.028021658,null,null,null,null,null,null
375316653866487564,5870207922619365632,0.56247085,2212.494934161515,2.252532009925848,4.444879E-6,18.927599,0.0070934673,0.25297526,0.0010573897,0.07693026,0.0023359696,0.50154704,0.010292184,0.74801797,0.0032481933,0.08074503,0.003148526,0.5046048,0.010287809,null,null,null,null,"TWOGAUSSIANS",8,3.3793862,0.74801797,0.0032481933,0.4,0.0,0.49864167,0.009544567,0.25297526,0.0010573897,0.4,0.0,0.4955839,0.010491418
375316653866487564,5870208128826551296,0.46724957,2206.5864322828716,2.850006514041981,1.3454678E-5,19.326405,1.7944652,0.30606169,0.012575621,0.15305175,0.15952863,0.47775927,1.7162924,0.82022697,0.015836861,0.14057165,0.11445024,0.4726026,1.5514947,null,null,null,null,"TWOGAUSSIANS",8,2.765538,0.3053217,0.007708902,0.4,0.0,0.27462775,0.023664214,0.82145697,0.007991092,0.4,0.0,0.27248156,0.020521538
375316653866487564,5870208712956878208,0.49386656,2205.766342635193,3.7250938242624043,8.150962E-6,19.424967,0.009265823,0.2619278,0.004928443,0.069566585,0.006834326,0.46652922,0.026005356,0.7566838,0.0027205725,0.07217662,0.0038772603,0.5369944,0.021703027,null,null,null,null,"TWOGAUSSIANS",8,5.0575933,0.7566838,0.0027205725,0.4,0.0011135592,0.535249,0.021919893,0.2619278,0.004928443,0.3895729,0.029041523,0.46478382,0.02637353
375316653866487564,5870209125259256320,0.6652336,2225.812373120694,1.4217709841355197,1.382218E-6,15.96224,0.0023498377,0.24531102,5.462895E-4,0.052526917,7.6737406E-4,0.34578803,0.0057410677,0.74836266,9.407146E-4,0.043706186,0.0020786584,0.09297248,0.0060059847,0.06930323,0.0029442029,0.74836266,9.407146E-4,"TWOGAUSSIANS_WITH_ELLIPSOIDAL_ON_ECLIPSE2",9,8.042839,0.24556102,4.778585E-4,0.29415074,0.0042972947,0.4843444,0.0040698373,0.74836266,9.407146E-4,0.24475464,0.011640488,0.23157571,0.003427827
