Gaia/vari_eclipsing_binary/VariEclipsingBinary_188927-191879.csv
# %ECSV 1.0
# ---
# delimiter: ','
# meta: !!omap
# - RELEASE: Gaia DR3
# - TABLE: vari_eclipsing_binary
# - DESCRIPTION: >
#     This table describes the properties of the eclipsing binaries resulting from the variability analysis. 
# - CITATION: >
#     How to cite and acknowledge Gaia: 
#     https://gea.esac.esa.int/archive/documentation/credits.html 
# - KNOWN_ISSUES: >
#     Known issues: 
#     https://www.cosmos.esa.int/web/gaia-users/known-issues 
# - DOCUMENTATION: >
#     Tutorials and documentation: 
#     https://www.cosmos.esa.int/web/gaia-users/archive 
# datatype:
# - 
#   name: solution_id
#   datatype: int64
#   description: Solution Identifier
#   meta:
#     ucd: meta.version
# - 
#   name: source_id
#   datatype: int64
#   description: Unique source identifier
#   meta:
#     ucd: meta.id;meta.main
# - 
#   name: global_ranking
#   datatype: float32
#   description: Number between 0 (worst) and 1 (best)
#   meta:
#     ucd: stat.param
# - 
#   name: reference_time
#   datatype: float64
#   unit: d
#   description: Reference time used for the geometric model fit
#   meta:
#     ucd: time.epoch
# - 
#   name: frequency
#   datatype: float64
#   unit: d**-1
#   description: Frequency of geometric model of the eclipsing binary light curve
#   meta:
#     ucd: src.orbital
# - 
#   name: frequency_error
#   datatype: float32
#   unit: d**-1
#   description: "Uncertainty of \\texttt{frequency}"
#   meta:
#     ucd: stat.error
# - 
#   name: geom_model_reference_level
#   datatype: float32
#   unit: mag
#   description: Magnitude reference level of geometric model
#   meta:
#     ucd: phot.mag;em.opt
# - 
#   name: geom_model_reference_level_error
#   datatype: float32
#   unit: mag
#   description: "Uncertainty of \\texttt{geomModelReferenceLevel}"
#   meta:
#     ucd: stat.error;phot.mag;em.opt
# - 
#   name: geom_model_gaussian1_phase
#   datatype: float32
#   description: Phase of the Gaussian 1 component
#   meta:
#     ucd: time.phase
# - 
#   name: geom_model_gaussian1_phase_error
#   datatype: float32
#   description: "Uncertainty of \\texttt{geomModelGaussian1Phase}"
#   meta:
#     ucd: stat.error;time.phase
# - 
#   name: geom_model_gaussian1_sigma
#   datatype: float32
#   description: "Standard deviation [phase] of Gaussian 1 component"
#   meta:
#     ucd: stat.stdev
# - 
#   name: geom_model_gaussian1_sigma_error
#   datatype: float32
#   description: "Uncertainty of \\texttt{geomModelGaussian1Sigma}"
#   meta:
#     ucd: stat.error
# - 
#   name: geom_model_gaussian1_depth
#   datatype: float32
#   unit: mag
#   description: Magnitude depth of Gaussian 1 component
#   meta:
#     ucd: src.var.amplitude
# - 
#   name: geom_model_gaussian1_depth_error
#   datatype: float32
#   unit: mag
#   description: "Uncertainty of \\texttt{geomModelGaussian1Depth}"
#   meta:
#     ucd: stat.error;src.var.amplitude
# - 
#   name: geom_model_gaussian2_phase
#   datatype: float32
#   description: Phase of Gaussian 2 component
#   meta:
#     ucd: time.phase
# - 
#   name: geom_model_gaussian2_phase_error
#   datatype: float32
#   description: "Uncertainty of \\texttt{geomModelGaussian2Phase}"
#   meta:
#     ucd: stat.error;time.phase
# - 
#   name: geom_model_gaussian2_sigma
#   datatype: float32
[...]
#   datatype: float32
#   description: "Secondary eclipse: uncertainty of \\texttt{derivedSecondaryEclDuration}"
#   meta:
#     ucd: stat.error;time.duration
# - 
#   name: derived_secondary_ecl_depth
#   datatype: float32
#   unit: mag
#   description: "Secondary eclipse: depth"
#   meta:
#     ucd: src.var.amplitude
# - 
#   name: derived_secondary_ecl_depth_error
#   datatype: float32
#   unit: mag
#   description: "Secondary eclipse: uncertainty of \\texttt{derivedSecondaryEclDepth}"
#   meta:
#     ucd: stat.error;src.var.amplitude
solution_id,source_id,global_ranking,reference_time,frequency,frequency_error,geom_model_reference_level,geom_model_reference_level_error,geom_model_gaussian1_phase,geom_model_gaussian1_phase_error,geom_model_gaussian1_sigma,geom_model_gaussian1_sigma_error,geom_model_gaussian1_depth,geom_model_gaussian1_depth_error,geom_model_gaussian2_phase,geom_model_gaussian2_phase_error,geom_model_gaussian2_sigma,geom_model_gaussian2_sigma_error,geom_model_gaussian2_depth,geom_model_gaussian2_depth_error,geom_model_cosine_half_period_amplitude,geom_model_cosine_half_period_amplitude_error,geom_model_cosine_half_period_phase,geom_model_cosine_half_period_phase_error,model_type,num_model_parameters,reduced_chi2,derived_primary_ecl_phase,derived_primary_ecl_phase_error,derived_primary_ecl_duration,derived_primary_ecl_duration_error,derived_primary_ecl_depth,derived_primary_ecl_depth_error,derived_secondary_ecl_phase,derived_secondary_ecl_phase_error,derived_secondary_ecl_duration,derived_secondary_ecl_duration_error,derived_secondary_ecl_depth,derived_secondary_ecl_depth_error
[from data line 143]
375316653866487564,1674432587060001792,0.582709,2213.5982641665987,3.879170435955423,9.4246925E-6,16.160416,0.011412906,0.25441158,0.008846234,0.08330967,0.005052843,0.540569,0.035519116,0.75150007,0.0073584192,0.08405448,0.008776494,0.42006698,0.018795118,null,null,null,null,"TWOGAUSSIANS",8,52.831703,0.25441158,0.008846234,0.4,0.0,0.5301531,0.032254472,0.75150007,0.0073584192,0.4,0.0,0.40965104,0.018661339
375316653866487564,1674503711718972160,0.43228805,2168.5490331055653,1.547742339933838,8.299719E-5,19.269876,0.029057845,0.3549293,0.01769785,0.020146402,0.009982414,0.87619066,0.95987606,0.7470493,0.06852853,0.15682872,0.10827477,0.055173453,0.025719438,null,null,null,null,"TWOGAUSSIANS",8,4.238618,0.3549493,0.017724404,0.11281985,0.05590152,0.8779582,0.96002,0.7470493,0.06852853,0.4,0.0,0.05448817,0.021816239
375316653866487564,1674583731253295232,0.55425686,2203.4033762311938,2.588616322093077,7.773197E-6,12.437706,0.011238917,0.31567985,0.003365081,0.037162352,0.004521342,0.3792402,0.044843007,0.8127627,0.0022313423,0.03439547,0.0033384333,0.52870464,0.03890433,0.036108695,0.019513277,0.31567985,0.003365081,"TWOGAUSSIANS_WITH_ELLIPSOIDAL_ON_ECLIPSE1",9,779.8092,0.8128027,0.0022058664,0.19261464,0.018695226,0.600898,0.038183864,0.31567985,0.003365081,0.20810917,0.025319515,0.4514576,0.03384484
375316653866487564,1674646025459439232,0.51190376,2230.7721157710716,1.396977241338571,2.2559889E-5,19.042505,0.0067667873,0.28276512,0.008924471,0.080510184,0.0074292524,0.20919915,0.011378448,0.7772058,0.004863575,0.075926326,0.0053839,0.25098294,0.015578593,null,null,null,null,"TWOGAUSSIANS",8,2.145993,0.7772058,0.004863575,0.4,0.0,0.24851929,0.015603041,0.28276512,0.008924471,0.4,0.0,0.20673548,0.010547354
375316653866487564,1674729626998291328,0.50928915,2208.0208358417794,3.683928726279805,1.2871016E-5,14.819605,0.035985198,0.2557258,0.0128563745,0.09670733,0.02659704,0.29806948,0.028823124,0.75524735,0.0030716623,0.09070037,0.008330949,0.36811376,0.0340494,null,null,null,null,"TWOGAUSSIANS",8,502.55273,0.75524735,0.0030702467,0.4,0.0,0.34948608,0.012729301,0.2557258,0.0128563745,0.4,0.0,0.27944106,0.016316818
375316653866487564,1675047901254995584,0.60461307,2209.7326524904724,4.095835401699421,4.796114E-6,13.952929,0.008711979,0.29988614,0.0020669398,0.04614012,0.0045665605,0.2307138,0.021247115,0.7942065,0.0016623382,0.05294867,0.008143318,0.11440537,0.027585113,0.12165089,0.011086615,0.7942065,0.0016623382,"TWOGAUSSIANS_WITH_ELLIPSOIDAL_ON_ECLIPSE2",9,231.47464,0.29903612,0.0016941248,0.25838467,0.02557274,0.47375047,0.017688796,0.7942065,0.0016623382,0.29651254,0.04560258,0.35770518,0.024349516
375316653866487564,1675086315442229760,0.5378051,2187.2202943339157,2.184260632760898,1.3076288E-4,15.355375,0.0015701817,0.7030258,0.004118511,0.037240136,0.0034776006,0.5335393,0.12724979,null,null,null,null,null,null,null,null,null,null,"ONEGAUSSIAN",5,35.83289,0.7030258,0.004118511,0.20854476,0.019474564,0.5335393,0.0,null,null,null,null,null,null
375316653866487564,1675134934472067840,0.57884353,2159.368688299244,3.3573375120074678,6.8819495E-6,16.662262,0.025184048,0.2476099,0.0037753256,0.10242272,0.011278749,0.20487702,0.024302704,0.7307407,0.0044933306,0.11599219,0.012869756,0.20789838,0.02383712,null,null,null,null,"TWOGAUSSIANS",8,7.42536,0.7307407,0.0044933306,0.4,0.0,0.18284824,0.008408863,0.2476599,0.0037878132,0.4,0.0,0.17986894,0.010721718
375316653866487564,1675137300998356352,0.45787373,2209.227782441483,0.11782786420013616,2.228851E-5,19.1477,0.0058337217,0.7018728,0.006367977,0.024063434,0.0062038475,0.0867586,0.04038899,null,null,null,null,null,null,0.074490696,0.00954868,0.7018728,0.006367977,"ONEGAUSSIAN_WITH_ELLIPSOIDAL",6,3.5029373,0.7018728,0.006367977,0.13475522,0.034741543,0.23573996,0.030279953,null,null,null,null,null,null
375316653866487564,1675192693192295808,0.55407506,2233.5611898303123,4.080287200319047,1.4600616E-5,13.42767,0.7634765,0.25437596,0.008212789,0.14877951,0.035145827,0.4539069,0.4922602,0.74171644,0.0065238224,0.18891442,0.1146373,0.44230244,0.748648,null,null,null,null,"TWOGAUSSIANS",8,170.04344,0.25792596,0.0035511928,0.4,0.0,0.20193201,0.007062513,0.74171644,0.0065238224,0.4,0.0,0.16654457,0.010775634
375316653866487564,1675273335497370240,0.4765686,2161.4123241157217,0.34678357236953045,3.3030283E-5,15.75722,0.0070820227,0.15320359,0.024660014,0.017633174,0.030032188,0.05100424,0.031569548,0.47031766,0.003142738,0.08641441,0.0066612624,0.29073444,0.03309076,null,null,null,null,"TWOGAUSSIANS",8,8.082801,0.47031766,0.003142738,0.4,0.0,0.2907344,0.03309092,0.1532936,0.024249977,0.09874577,0.16818026,0.05135101,0.031638347
375316653866487564,1675529281189377280,0.45403454,2176.4252571518796,3.2723420225084765,4.815839E-5,19.300909,0.030714182,0.26796654,0.006973189,0.068615295,0.008460765,0.41914964,0.034496784,0.71326125,0.019282287,0.11808771,0.02410233,0.25962842,0.036933914,null,null,null,null,"TWOGAUSSIANS",8,10.547786,0.26803654,0.0069487253,0.38424566,0.042715676,0.41223523,0.030196924,0.71326125,0.019282287,0.4,0.0,0.25249743,0.032862093
375316653866487564,1675635177902679552,0.4851931,2138.164558349185,1.1841355159878397,3.637847E-5,19.06146,0.007202688,0.32428047,0.0106585175,0.029888822,0.008191268,0.27010676,0.06501995,0.796885,0.021118648,0.048111465,0.03189177,0.08229093,0.024163583,null,null,null,null,"TWOGAUSSIANS",8,1.5562353,0.32428047,0.0106585175,0.1673774,0.0458711,0.27010676,0.06501995,0.796885,0.021118648,0.2694242,0.1785939,0.08229093,0.024163647
375316653866487564,1675779690667080064,0.4876969,2182.6012796623595,3.3164395123829093,1.7083337E-5,17.977139,0.06020975,0.19321847,0.0057522026,0.11753655,0.030614138,0.15939769,0.053585086,0.69234896,0.0057491544,0.12611125,0.035141468,0.15188344,0.055820573,null,null,null,null,"TWOGAUSSIANS",8,3.8694723,0.19322847,0.005791296,0.4,0.0,0.121974595,0.010489439,0.69234896,0.005756205,0.4,0.0,0.11438054,0.011998953
375316653866487564,1675824053383973632,0.50405425,2181.852112808891,4.041023021911668,4.771334E-5,11.423618,0.017134525,0.22122535,0.009048838,0.09127579,0.018310435,0.15347224,0.015146209,0.69692755,0.015212948,0.10147003,0.019456105,0.18408218,0.020068828,null,null,null,null,"TWOGAUSSIANS",8,117.70398,0.69692755,0.015212948,0.4,0.0,0.17573987,0.015776567,0.22123535,0.009042709,0.4,0.0,0.14513314,0.009309927
375316653866487564,1675832467224999424,0.4637996,2167.380318878877,0.9278135478593442,5.1491068E-5,18.730982,0.0036177267,0.13195696,0.0094299875,0.029176597,0.011106611,0.059978742,0.023340845,0.6179352,0.0010407947,0.010185784,6.5522204E-4,0.3211451,0.026104445,null,null,null,null,"TWOGAUSSIANS",8,3.2202904,0.6179352,0.0010407947,0.05704039,0.0036692433,0.3211451,0.026104445,0.13195696,0.0094299875,0.16338894,0.062197022,0.059978742,0.023340845
375316653866487564,1675864288638551936,0.53184414,2177.2347413848256,3.359145114918894,1.8099985E-5,14.260114,0.20147982,0.22801581,0.004318368,0.16768035,0.01900613,0.5680119,0.12864603,0.7258601,0.00547212,0.23771368,0.043130714,0.727826,0.19839887,null,null,null,null,"TWOGAUSSIANS",8,45.620457,0.7258601,0.00547212,0.4,0.0,0.1353241,0.007822018,0.22998582,0.0037038191,0.4,0.0,0.12136516,0.004411397
375316653866487564,1675871641622534144,0.5691529,2224.976659230871,3.369167407663506,1.7482142E-5,15.474751,0.06060584,0.23691805,0.0039556753,0.0945191,0.017178614,0.33506656,0.05699884,0.756781,0.0049944427,0.11198599,0.024720768,0.2688037,0.056836814,null,null,null,null,"TWOGAUSSIANS",8,40.668327,0.23689805,0.004053624,0.4,0.0,0.3102667,0.015668144,0.756781,0.0049904394,0.4,0.0,0.24397174,0.015422883
375316653866487564,1675912083034184704,0.437923,2207.5334470174225,0.010771854301122886,5.314805E-5,18.773968,0.08114294,0.25853008,0.019184684,0.20210278,0.12053534,0.097205795,0.0762388,0.70428795,0.008787005,0.06938974,0.010964091,0.14705408,0.023899084,null,null,null,null,"TWOGAUSSIANS",8,3.9242935,0.70428795,0.008787005,0.38858256,0.05231352,0.13458788,0.020075487,0.25853008,0.019184684,0.4,0.0,0.07394021,0.01178439
375316653866487564,1675954482951365632,0.5625034,2166.1950662803656,2.9217885889370816,1.30848675E-5,15.549731,0.04010319,0.26864156,0.0064185667,0.109233156,0.020538336,0.21973233,0.036729075,0.782525,0.004889224,0.11146845,0.0178921,0.21873096,0.038754057,null,null,null,null,"TWOGAUSSIANS",8,31.545464,0.26862156,0.0064752377,0.4,0.0,0.19060417,0.011605767,0.78254503,0.004854755,0.4,0.0,0.1895957,0.010002109
375316653866487564,1676183486312606720,0.48538867,2181.164066338175,4.089656306149262,4.474472E-5,17.713703,0.25027946,0.19344462,0.022956785,0.10731163,0.019682635,0.17980321,0.09420924,0.6354156,0.020420127,0.18515949,0.12792686,0.21837266,0.23686059,null,null,null,null,"TWOGAUSSIANS",8,12.596515,0.6354156,0.020420127,0.4,0.0,0.15482585,0.030726053,0.20289463,0.010921694,0.4,0.0,0.13178222,0.009317075
375316653866487564,1676336013486149760,0.5642594,2182.3232139422507,0.8080226627491769,3.5492628E-6,13.39435,0.0014526839,0.24915296,0.006794939,0.050523672,0.008410383,0.09139048,0.012094367,0.7572006,8.215705E-4,0.03763147,0.0012435451,0.0990485,0.0033462155,0.011887055,0.0019012174,0.24915296,0.006794939,"TWOGAUSSIANS_WITH_ELLIPSOIDAL_ON_ECLIPSE1",9,21.03727,0.7572006,8.215705E-4,0.21073623,0.0069638523,0.12276142,0.0022634452,0.24915296,0.006794939,0.28293258,0.047098145,0.11516414,0.010093616
375316653866487564,1676610032399934592,0.51124924,2206.8220782846756,2.032015508112386,2.4084375E-5,16.07773,0.06524711,0.7323011,0.043801885,0.2176408,0.1915421,0.03757208,0.060318485,0.9149479,3.852414E-5,0.00602205,7.4186304E-5,0.35939172,0.004687924,null,null,null,null,"TWOGAUSSIANS",8,86.40876,0.9149479,3.852414E-5,0.03372348,4.154433E-4,0.38047624,0.010732652,0.7323011,0.043801885,0.4,0.0,0.03220596,0.0117887175
375316653866487564,1676666725968262400,0.5009676,2209.0818023057336,3.713230933765326,1.13873075E-5,15.335564,1.100708,0.2247373,0.005204395,0.13990612,0.1343185,0.3163795,1.0551199,0.7294445,0.0051404918,0.12934077,0.093632,0.31648284,0.9391876,null,null,null,null,"TWOGAUSSIANS",8,92.36837,0.7296145,0.0036270001,0.4,0.0,0.20845442,0.013861336,0.2246473,0.005067197,0.4,0.0,0.20764104,0.011566503
375316653866487564,1676815812872982016,0.5545157,2186.3772655560324,0.17913650469924905,3.905829E-5,12.4031725,0.0011860818,0.3768556,0.054826427,0.054197505,0.04920195,0.019053927,0.010681642,0.6484503,0.026078062,0.016352702,0.0077337543,0.6696085,0.59396553,null,null,null,null,"TWOGAUSSIANS",8,43.385227,0.6484503,0.026078062,0.09157513,0.043309025,0.66960853,0.593965,0.3768556,0.054826427,0.30350602,0.2755309,0.019053927,0.010681642
375316653866487564,1676864088305364864,0.47199965,2175.788150062478,0.17252553354184058,4.407217E-5,16.12127,0.0037347726,0.21742739,0.030969685,0.05203258,0.018572485,0.08743496,0.067579046,0.62111497,0.00241542,0.015107867,0.0032479702,0.29164958,0.012708474,null,null,null,null,"TWOGAUSSIANS",8,57.363285,0.62111497,0.00241542,0.084604055,0.018188633,0.29164958,0.012708474,0.21742739,0.030969685,0.29138243,0.10400592,0.08743496,0.067579046
375316653866487564,1676929298793276032,0.5820246,2224.679733648467,4.01832230901984,9.353927E-6,17.664421,0.0028276406,0.2073502,0.0016464913,0.035457265,0.004125025,0.3946487,0.102187775,0.69850594,0.0057933354,0.03971099,0.0033396054,0.18742196,0.018875986,0.035086494,0.0043947124,0.2073502,0.0016464913,"TWOGAUSSIANS_WITH_ELLIPSOIDAL_ON_ECLIPSE1",9,2.8711352,0.2073502,0.0016464913,0.19856068,0.023100141,0.46482167,0.1070303,0.69889593,0.0055245273,0.22238155,0.01870179,0.25738806,0.016449355
375316653866487564,1677004069879652864,0.5921869,2168.469695850471,3.685209724208725,5.601505E-6,17.01763,0.026505962,0.18670537,0.009808472,0.05529683,0.012160782,0.29127502,0.05972592,0.6916966,0.0025453635,0.061553553,0.0071008424,0.45597982,0.04866951,0.043468732,0.0312268,0.18670537,0.009808472,"TWOGAUSSIANS_WITH_ELLIPSOIDAL_ON_ECLIPSE1",9,26.200281,0.6916966,0.0025453635,0.3446999,0.039764717,0.54273665,0.04164113,0.18670537,0.009808472,0.30966225,0.06810038,0.37811732,0.01745232
375316653866487564,1677307187196043904,0.4524389,2201.558354659882,0.8572133147137362,4.0303494E-5,14.106684,0.036525365,0.20733532,0.021181637,0.034366477,0.020879285,0.78616226,0.1694865,0.6945758,0.005985798,0.029026443,0.0074223736,11.845749,76.420876,null,null,null,null,"TWOGAUSSIANS",8,1701.633,0.6945758,0.005985798,0.16254808,0.04156529,11.845749,76.420876,0.20733532,0.021181637,0.19245227,0.116924,0.78616226,0.16948651
375316653866487564,1677473797566902016,0.5451724,2202.2855690111683,3.2918090676059615,1.87435E-5,17.203474,0.009333668,0.26442683,0.0048846677,0.10075611,0.0077705416,0.18353966,0.010251172,0.7965826,0.006513487,0.10119222,0.011057394,0.10456311,0.009184001,null,null,null,null,"TWOGAUSSIANS",8,3.7418234,0.2644168,0.004884651,0.4,0.0,0.17500018,0.007903673,0.7966026,0.00650855,0.4,0.0,0.09602512,0.005446093
375316653866487564,1677481670242713088,0.5006028,2204.309164797107,3.5254893863376178,1.01342985E-5,15.785761,0.014196815,0.2317748,0.0036600058,0.04910615,0.0348017,0.05091037,0.03382044,0.7092361,0.013229689,0.06849837,0.018645002,0.06931784,0.034827232,0.08579492,0.019871926,0.2317748,0.0036600058,"TWOGAUSSIANS_WITH_ELLIPSOIDAL_ON_ECLIPSE1",9,108.001175,0.72006613,0.006583739,0.38359088,0.08985575,0.23909424,0.020110928,0.2317748,0.0036600058,0.27499443,0.19488953,0.22247478,0.030310525
375316653866487564,1677754211687651072,0.5765584,2206.66731751005,3.5727317097281017,7.030929E-6,14.744922,0.026969258,0.28861645,0.0035416924,0.102898404,0.017277649,0.19531073,0.018510433,0.7986829,0.0026722255,0.101304695,0.010611723,0.24253704,0.024969216,null,null,null,null,"TWOGAUSSIANS",8,83.062546,0.7986829,0.0026762313,0.4,0.0,0.22335179,0.010836439,0.28861645,0.0035491635,0.4,0.0,0.17612502,0.014086588
375316653866487564,1677901202648150528,0.44519505,2200.526667377731,2.272276461577046,4.355957E-5,16.24705,0.01997473,0.24248339,0.007750175,0.08066436,0.01770622,0.12632087,0.01702442,0.7785554,0.0298389,0.09832655,0.04043696,0.07652148,0.01930969,null,null,null,null,"TWOGAUSSIANS",8,47.980255,0.24248339,0.007764002,0.4,0.0,0.12418522,0.013181248,0.7785554,0.0298389,0.4,0.020928597,0.07438468,0.015475331
375316653866487564,1677913434715406464,0.5053671,2201.5778868305483,3.4375724198345554,1.5366762E-5,18.4078,0.019557657,0.31468785,0.0049128365,0.100988895,0.013313702,0.19600922,0.01851632,0.79245204,0.005075415,0.09724799,0.012315104,0.2125335,0.01780659,null,null,null,null,"TWOGAUSSIANS",8,2.6011152,0.79245204,0.005075415,0.4,0.0,0.19985034,0.013399963,0.31468785,0.004917191,0.4,0.0,0.18332438,0.014881152
375316653866487564,1677982772667449984,0.6248473,2219.3373637809837,3.319757504279002,5.35909E-6,13.708597,0.014502241,0.2534285,0.0040418142,0.0478053,0.0047668763,0.46856937,0.037910968,0.7569036,0.0027183245,0.039317694,0.005174594,0.28275993,0.032080337,0.14371093,0.016579513,0.7569036,0.0027183245,"TWOGAUSSIANS_WITH_ELLIPSOIDAL_ON_ECLIPSE2",9,325.7429,0.2537785,0.0035896504,0.26770967,0.026694508,0.75586694,0.028795633,0.7569036,0.0027183245,0.22017908,0.028977726,0.57018083,0.016919404
375316653866487564,1678156701663067520,0.50162274,2171.563923451701,0.34986095113590804,1.1516925E-4,13.949813,0.002111946,0.33135542,0.010409571,0.009405524,0.0035508724,0.18867224,0.16838366,0.6285403,0.010912573,0.035891138,0.02303588,0.009739545,0.0032662693,null,null,null,null,"TWOGAUSSIANS",8,67.355194,0.33135542,0.010409571,0.052670933,0.019884886,0.18867224,0.16838366,0.6285403,0.010912573,0.20099038,0.12900093,0.009739545,0.0032662693
