Gaia/vari_eclipsing_binary/VariEclipsingBinary_487348-487395.csv
# %ECSV 1.0
# ---
# delimiter: ','
# meta: !!omap
# - RELEASE: Gaia DR3
# - TABLE: vari_eclipsing_binary
# - DESCRIPTION: >
#     This table describes the properties of the eclipsing binaries resulting from the variability analysis. 
# - CITATION: >
#     How to cite and acknowledge Gaia: 
#     https://gea.esac.esa.int/archive/documentation/credits.html 
# - KNOWN_ISSUES: >
#     Known issues: 
#     https://www.cosmos.esa.int/web/gaia-users/known-issues 
# - DOCUMENTATION: >
#     Tutorials and documentation: 
#     https://www.cosmos.esa.int/web/gaia-users/archive 
# datatype:
# - 
#   name: solution_id
#   datatype: int64
#   description: Solution Identifier
#   meta:
#     ucd: meta.version
# - 
#   name: source_id
#   datatype: int64
#   description: Unique source identifier
#   meta:
#     ucd: meta.id;meta.main
# - 
#   name: global_ranking
#   datatype: float32
#   description: Number between 0 (worst) and 1 (best)
#   meta:
#     ucd: stat.param
# - 
#   name: reference_time
#   datatype: float64
#   unit: d
#   description: Reference time used for the geometric model fit
#   meta:
#     ucd: time.epoch
# - 
#   name: frequency
#   datatype: float64
#   unit: d**-1
#   description: Frequency of geometric model of the eclipsing binary light curve
#   meta:
#     ucd: src.orbital
# - 
#   name: frequency_error
#   datatype: float32
#   unit: d**-1
#   description: "Uncertainty of \\texttt{frequency}"
#   meta:
#     ucd: stat.error
# - 
#   name: geom_model_reference_level
#   datatype: float32
#   unit: mag
#   description: Magnitude reference level of geometric model
#   meta:
#     ucd: phot.mag;em.opt
# - 
#   name: geom_model_reference_level_error
#   datatype: float32
#   unit: mag
#   description: "Uncertainty of \\texttt{geomModelReferenceLevel}"
#   meta:
#     ucd: stat.error;phot.mag;em.opt
# - 
#   name: geom_model_gaussian1_phase
#   datatype: float32
#   description: Phase of the Gaussian 1 component
#   meta:
#     ucd: time.phase
# - 
#   name: geom_model_gaussian1_phase_error
#   datatype: float32
#   description: "Uncertainty of \\texttt{geomModelGaussian1Phase}"
#   meta:
#     ucd: stat.error;time.phase
# - 
#   name: geom_model_gaussian1_sigma
#   datatype: float32
#   description: "Standard deviation [phase] of Gaussian 1 component"
#   meta:
#     ucd: stat.stdev
# - 
#   name: geom_model_gaussian1_sigma_error
#   datatype: float32
#   description: "Uncertainty of \\texttt{geomModelGaussian1Sigma}"
#   meta:
#     ucd: stat.error
# - 
#   name: geom_model_gaussian1_depth
#   datatype: float32
#   unit: mag
#   description: Magnitude depth of Gaussian 1 component
#   meta:
#     ucd: src.var.amplitude
# - 
#   name: geom_model_gaussian1_depth_error
#   datatype: float32
#   unit: mag
#   description: "Uncertainty of \\texttt{geomModelGaussian1Depth}"
#   meta:
#     ucd: stat.error;src.var.amplitude
# - 
#   name: geom_model_gaussian2_phase
#   datatype: float32
#   description: Phase of Gaussian 2 component
#   meta:
#     ucd: time.phase
# - 
#   name: geom_model_gaussian2_phase_error
#   datatype: float32
#   description: "Uncertainty of \\texttt{geomModelGaussian2Phase}"
#   meta:
#     ucd: stat.error;time.phase
# - 
#   name: geom_model_gaussian2_sigma
#   datatype: float32
[...]
#   datatype: float32
#   description: "Secondary eclipse: uncertainty of \\texttt{derivedSecondaryEclDuration}"
#   meta:
#     ucd: stat.error;time.duration
# - 
#   name: derived_secondary_ecl_depth
#   datatype: float32
#   unit: mag
#   description: "Secondary eclipse: depth"
#   meta:
#     ucd: src.var.amplitude
# - 
#   name: derived_secondary_ecl_depth_error
#   datatype: float32
#   unit: mag
#   description: "Secondary eclipse: uncertainty of \\texttt{derivedSecondaryEclDepth}"
#   meta:
#     ucd: stat.error;src.var.amplitude
solution_id,source_id,global_ranking,reference_time,frequency,frequency_error,geom_model_reference_level,geom_model_reference_level_error,geom_model_gaussian1_phase,geom_model_gaussian1_phase_error,geom_model_gaussian1_sigma,geom_model_gaussian1_sigma_error,geom_model_gaussian1_depth,geom_model_gaussian1_depth_error,geom_model_gaussian2_phase,geom_model_gaussian2_phase_error,geom_model_gaussian2_sigma,geom_model_gaussian2_sigma_error,geom_model_gaussian2_depth,geom_model_gaussian2_depth_error,geom_model_cosine_half_period_amplitude,geom_model_cosine_half_period_amplitude_error,geom_model_cosine_half_period_phase,geom_model_cosine_half_period_phase_error,model_type,num_model_parameters,reduced_chi2,derived_primary_ecl_phase,derived_primary_ecl_phase_error,derived_primary_ecl_duration,derived_primary_ecl_duration_error,derived_primary_ecl_depth,derived_primary_ecl_depth_error,derived_secondary_ecl_phase,derived_secondary_ecl_phase_error,derived_secondary_ecl_duration,derived_secondary_ecl_duration_error,derived_secondary_ecl_depth,derived_secondary_ecl_depth_error
[from data line 264]
375316653866487564,4286973026140971648,0.550188,2278.967358519844,2.375857743577449,2.262034E-5,18.661081,0.020327663,0.25019473,0.0025256765,0.08049488,0.0070866155,0.37971705,0.015448986,0.74252087,0.0057727383,0.08389367,0.008351156,0.34092945,0.032738987,null,null,null,null,"TWOGAUSSIANS",8,3.7906637,0.25019473,0.0025256765,0.4,0.0,0.3736159,0.012841395,0.74252087,0.0057727383,0.4,0.0,0.33482826,0.031800516
375316653866487564,4286974258785448704,0.5074962,2254.691922778532,3.2473039448624452,2.0490736E-5,18.762571,0.0066877995,0.8028486,0.007199113,0.06848562,0.12719128,0.0068881297,2.4347684E7,null,null,null,null,null,null,0.090439245,0.0073820264,0.8028486,0.007199113,"ONEGAUSSIAN_WITH_ELLIPSOIDAL",6,3.309985,0.8028486,0.007199113,0.38351947,0.63429886,0.18775763,2.4347684E7,null,null,null,null,null,null
375316653866487564,4286975843647528064,0.5963316,2218.700613411646,4.083934305666027,7.636399E-6,16.704735,0.008543927,0.23814338,0.0021548534,0.03341885,0.0044960636,0.21703559,0.03882717,0.7283475,0.0114426315,0.03547037,0.010689352,0.25487348,0.039512224,0.18034913,0.01384578,0.23814338,0.0021548534,"TWOGAUSSIANS_WITH_ELLIPSOIDAL_ON_ECLIPSE1",9,10.891078,0.72955745,0.010995275,0.19863407,0.059860367,0.6143744,0.035694547,0.23814338,0.0021548534,0.18714556,0.025177956,0.5777335,0.03621296
375316653866487564,4286976084157747456,0.51774406,2232.5356043905585,0.20324574211638166,2.8192757E-5,14.689784,0.014192617,0.22209318,0.03074656,0.04024605,0.025452642,0.41749644,0.13261867,null,null,null,null,null,null,0.040763244,0.028464751,0.22209318,0.03074656,"ONEGAUSSIAN_WITH_ELLIPSOIDAL",6,59.994488,0.22209318,0.03074656,0.22537789,0.14253479,0.4990229,0.10079136,null,null,null,null,null,null
375316653866487564,4286976595248049408,0.5300072,2255.8936212500957,2.850987547493874,1.4537962E-5,18.82586,0.04272643,0.21942133,0.0059159063,0.0978851,0.011589839,0.41059685,0.04282939,0.7222336,0.012175973,0.08980238,0.01784997,0.41879788,0.0464291,null,null,null,null,"TWOGAUSSIANS",8,4.0142417,0.7222336,0.012175973,0.4,0.0,0.39591235,0.025759166,0.21942133,0.0059119826,0.4,0.0,0.3877097,0.022056364
375316653866487564,4286976973205399424,0.5257491,2226.652432166671,1.2702310645883523,2.1816191E-5,19.229898,0.07527404,0.26260588,0.01089322,0.07652957,0.033680957,0.2101796,0.07455862,0.7425307,0.02353205,0.07756453,0.040885173,0.2881123,0.07563565,null,null,null,null,"TWOGAUSSIANS",8,1.7134424,0.7425307,0.023541484,0.4,0.0,0.28645816,0.03196331,0.26260588,0.010925627,0.4,0.011506888,0.20852548,0.04966308
375316653866487564,4286978107076928768,0.5751735,2245.9618399537444,2.9810675804287503,1.7489616E-5,19.117216,0.024706565,0.33663908,0.0018300781,0.072969854,0.0041035116,0.57455826,0.024440086,0.83571184,0.0087367175,0.06904471,0.014681559,0.58152294,0.14220828,null,null,null,null,"TWOGAUSSIANS",8,3.1079574,0.83571184,0.0087367175,0.38665035,0.029541908,0.5792267,0.14573494,0.33663908,0.0018300781,0.4,0.004285509,0.572262,0.022191327
375316653866487564,4286979039103607424,0.63603836,2254.916815276496,2.6527464929210796,8.642836E-6,15.946396,0.0143683795,0.24794699,0.0049269106,0.057978053,0.007551359,0.18952881,0.0342128,0.7353071,0.003141779,0.059818152,0.017733263,0.17919247,0.058514234,0.09851736,0.019841958,0.7353071,0.003141779,"TWOGAUSSIANS_WITH_ELLIPSOIDAL_ON_ECLIPSE2",9,15.034048,0.245217,0.003518172,0.3246771,0.04228761,0.3855538,0.01109832,0.7353071,0.003141779,0.33498165,0.09930627,0.3761904,0.058818057
375316653866487564,4286979073455895168,0.5232782,2248.8684061710865,2.705777582323499,1.4967782E-5,19.555456,0.018797828,0.26433364,0.0030610897,0.05280496,0.005577665,0.28855726,0.016939513,0.776789,0.008327737,0.079077005,0.01628826,0.28889742,0.012288655,null,null,null,null,"TWOGAUSSIANS",8,1.0958734,0.776789,0.008327737,0.4,0.023347264,0.28859973,0.012165127,0.26433364,0.0030610897,0.2957078,0.031234924,0.28825957,0.016649583
375316653866487564,4286979344027140608,0.5507666,2247.2392130488715,2.5032198017526204,1.2784985E-5,18.19164,0.012385281,0.2527648,0.0027915654,0.08937973,0.0063483845,0.24375737,0.0127938045,0.75094914,0.0041599106,0.09096913,0.009189714,0.22309119,0.022199241,null,null,null,null,"TWOGAUSSIANS",8,2.6416128,0.2527648,0.0027915654,0.4,0.0,0.23404597,0.010098615,0.75094914,0.0041599106,0.4,0.0,0.21337973,0.023295177
375316653866487564,4286979412746628480,0.5838196,2243.6498903501665,2.169424863970071,1.3040911E-5,18.649544,0.0034810605,0.2643158,0.0024943305,0.07950843,0.004277272,0.19179022,0.0046259095,0.77985317,0.0051270556,0.060598504,0.004805713,0.24573341,0.014478826,null,null,null,null,"TWOGAUSSIANS",8,0.9051687,0.77985317,0.0051270556,0.33935162,0.026911993,0.24524894,0.014554146,0.2643158,0.0024943305,0.4,0.0,0.19130577,0.0045632757
375316653866487564,4286981650443742336,0.5723002,2303.14847464057,2.601946533808887,1.6347729E-5,15.153222,0.008545115,0.16511899,0.034322165,0.06590574,0.026863305,0.035859417,0.01578826,0.7253671,0.0051137176,0.04789285,0.034356304,0.020745369,0.019979587,0.0782006,0.006308926,0.7253671,0.0051137176,"TWOGAUSSIANS_WITH_ELLIPSOIDAL_ON_ECLIPSE2",9,32.455868,0.203449,0.013973091,0.36907214,0.091223866,0.1837329,0.012355192,0.7253671,0.0051137176,0.26819995,0.19239528,0.17714593,0.0155175
375316653866487564,4286982200193645824,0.52597886,2233.0282468400765,3.2699610717537766,1.011237E-5,19.079649,0.0438036,0.24900185,0.00359903,0.10089953,0.010557083,0.49612802,0.036269184,0.7238664,0.005699693,0.11588224,0.01055677,0.5812001,0.043557677,null,null,null,null,"TWOGAUSSIANS",8,2.9972265,0.7238664,0.005699693,0.4,0.0,0.5239179,0.03145579,0.24908184,0.0035423336,0.4,0.0,0.43898904,0.019806096
375316653866487564,4286987006250802816,0.5495244,2248.640875803486,2.578905882284617,3.416869E-5,19.175728,0.120199405,0.24876457,0.059704155,0.107214406,0.0755265,0.40638635,0.10288106,0.7416591,0.023649683,0.11021594,0.04234166,0.39900059,0.116526596,null,null,null,null,"TWOGAUSSIANS",8,2.0431473,0.24877457,0.05972932,0.4,0.05655383,0.35336128,0.03871137,0.7416591,0.023649683,0.4,0.0,0.3459634,0.05316165
375316653866487564,4286987354159892608,0.56888294,2179.8359140393186,1.8411879114267857,1.1047152E-5,19.515884,0.030072019,0.13780907,0.0040462627,0.1130075,0.013107226,0.3763769,0.023044642,0.634214,0.0029473745,0.078013375,0.006160621,0.47534594,0.029122857,null,null,null,null,"TWOGAUSSIANS",8,0.61535597,0.634214,0.0029473745,0.4,0.0,0.45036462,0.017943503,0.13780907,0.0040462627,0.4,0.0,0.35135296,0.012945722
375316653866487564,4286988380638488576,0.48508012,2207.6727154851164,3.887627538545246,6.6213564E-5,19.20076,0.014847867,0.37875265,0.01821935,0.13002759,0.020348031,0.18994732,0.026894938,0.7944636,0.016134158,0.028473137,0.019195616,0.26730636,2.2668865,null,null,null,null,"TWOGAUSSIANS",8,2.479206,0.7944636,0.016134158,0.15944956,0.10749546,0.268062,2.2671895,0.37875265,0.01821935,0.4,0.0,0.18954943,0.026811952
375316653866487564,4286989102193225856,0.6570005,2211.515908494148,2.35385180165041,9.926935E-6,17.248684,0.006997602,0.20825382,0.0044565843,0.079535566,0.0068178233,0.5288909,0.02648724,0.70659214,0.001909745,0.07058717,0.0027941824,0.54174244,0.00982536,null,null,null,null,"TWOGAUSSIANS",8,6.611978,0.70659214,0.001909745,0.39528817,0.015042475,0.5377282,0.009267828,0.20825382,0.0044565843,0.4,0.0,0.5248766,0.027814955
375316653866487564,4286990029906327296,0.5732527,2248.206787624436,2.895393177252459,3.379487E-5,18.734015,0.078867204,0.28539562,0.007907431,0.09176299,0.02050411,0.40143117,0.07293555,0.78805417,0.005589777,0.099471495,0.019066503,0.4351945,0.07254742,null,null,null,null,"TWOGAUSSIANS",8,3.7559826,0.78805417,0.005589777,0.4,0.0,0.40875447,0.015640482,0.28539562,0.007912865,0.4,0.0,0.3749937,0.02798611
375316653866487564,4286992435088054144,0.53415215,2200.261881080876,2.8313976643529335,7.91502E-6,17.890415,0.03186819,0.3488109,0.0029879902,0.09322436,0.01648902,0.2012673,0.022355279,0.8322489,0.008336269,0.11629372,0.021510048,0.18086843,0.028905794,null,null,null,null,"TWOGAUSSIANS",8,2.354689,0.34884092,0.0029256528,0.4,0.0,0.18330573,0.01249992,0.8322489,0.008336269,0.4,0.0,0.1628658,0.013750131
375316653866487564,4286993465884371584,0.48581433,2202.113197710375,2.3537196770860915,2.0488047E-5,17.386871,0.05515991,0.23997974,0.009011665,0.116193004,0.02132621,0.23700382,0.055160142,0.72894573,0.0070511294,0.11872182,0.019772101,0.25904617,0.05228789,null,null,null,null,"TWOGAUSSIANS",8,18.416859,0.72894573,0.0070511294,0.4,0.0,0.21257871,0.016875917,0.24003975,0.009055294,0.4,0.0,0.19056587,0.024170343
375316653866487564,4286993470186171520,0.47654808,2225.9720743339894,2.9993616500311338,2.6524165E-5,18.42885,0.008959389,null,null,null,null,null,null,null,null,null,null,null,null,0.122642964,0.01224306,0.19636177,0.008420589,"ELLIPSOIDAL",4,13.497889,null,null,null,null,null,null,null,null,null,null,null,null
375316653866487564,4286993607625122688,0.49537593,2231.386556306029,2.893140549114999,8.324422E-5,19.358154,0.06946222,0.26178816,0.02663406,0.1054721,0.035882138,0.31312802,0.06870042,0.7490782,0.008963197,0.11309894,0.025553616,0.28463095,0.06780018,null,null,null,null,"TWOGAUSSIANS",8,3.7049346,0.2618082,0.026627045,0.4,0.0,0.27515617,0.028665489,0.7490782,0.008963197,0.4,0.0,0.24663235,0.011826222
375316653866487564,4286993641984547200,0.4911467,2251.5433867699057,2.389817755466575,2.6253187E-5,19.77124,0.016803902,0.29032657,0.0029767537,0.07497158,0.0056774495,0.6911597,0.054417603,0.7791269,0.017686445,0.08812444,0.019654904,0.49601245,0.10136938,null,null,null,null,"TWOGAUSSIANS",8,1.658273,0.29032657,0.0029767537,0.4,0.0,0.68271506,0.057014916,0.7791269,0.017686445,0.4,0.0071416562,0.48756766,0.10552282
375316653866487564,4286994462312866688,0.58888686,2244.3306956585507,3.1210008514018917,1.4502748E-5,19.087217,0.0054825605,0.2228518,0.0019185689,0.058730002,0.0031342066,0.6398837,0.06970921,0.7164357,0.008702947,0.06587536,0.009178912,0.7253828,0.0995608,null,null,null,null,"TWOGAUSSIANS",8,1.5413592,0.7164357,0.008702947,0.368902,0.03865732,0.7250292,0.100115344,0.2228518,0.0019185689,0.32888803,0.017551556,0.63953006,0.06982769
375316653866487564,4286994977709001344,0.57688737,2265.707028700539,3.196151369863887,1.9612567E-5,17.765392,0.041734323,0.26453918,0.008578703,0.059593353,0.013638128,0.3451347,0.09037782,0.7927184,0.032143,0.036720037,0.03098151,0.29058242,8.465685E17,0.11903142,0.031549145,0.7927184,0.032143,"TWOGAUSSIANS_WITH_ELLIPSOIDAL_ON_ECLIPSE2",9,18.815046,0.26905918,0.0065417914,0.33372277,0.07637351,0.57697725,0.059658863,0.7927184,0.032143,0.20563221,0.17349645,0.5286385,8.465685E17
375316653866487564,4286995767983158528,0.50706506,2278.3016625243235,2.6021526717247663,1.917695E-5,17.940369,0.04003696,0.28506416,0.0047482415,0.10033461,0.013240319,0.30782518,0.03808207,0.7816131,0.003112921,0.08833275,0.013938451,0.401776,0.037368763,null,null,null,null,"TWOGAUSSIANS",8,8.99138,0.7816131,0.003112921,0.4,0.0,0.3820527,0.040899426,0.28506416,0.0047482415,0.4,0.0,0.28809944,0.020042768
375316653866487564,4286996180299649024,0.587978,2252.4561941558763,2.405399014303452,6.9645776E-6,17.68119,0.018687125,0.3171069,0.0026727365,0.11064175,0.009708787,0.20852114,0.015909554,0.8196174,0.0020900604,0.10888556,0.007869395,0.21941821,0.017685873,null,null,null,null,"TWOGAUSSIANS",8,1.5885171,0.8196174,0.0020942343,0.4,0.0,0.1882964,0.0065176594,0.3171069,0.002672817,0.4,0.0,0.17739554,0.0068449504
375316653866487564,4286998035725717760,0.54623103,2269.23694439617,2.2351944821023397,1.5743302E-5,18.440424,0.005604709,0.18029615,0.004196902,0.069351405,0.0038959081,0.30943894,0.023778835,0.6912754,0.004597053,0.07315479,0.0033483417,0.31734234,0.014276151,null,null,null,null,"TWOGAUSSIANS",8,1.8267481,0.6912754,0.004597053,0.4,0.0,0.31633025,0.01418919,0.18029615,0.004196902,0.3883679,0.021817086,0.30842683,0.0240108
375316653866487564,4286998379324180224,0.47591254,2239.9512055856208,2.6124541586079317,3.2129858E-5,17.303482,0.025616797,0.30641052,0.019178227,0.08453117,0.019918531,0.1774458,0.027237553,0.812658,0.009925182,0.09029088,0.025483493,0.14108203,0.02611654,null,null,null,null,"TWOGAUSSIANS",8,17.713165,0.30641052,0.019179141,0.4,0.0,0.17269364,0.01994304,0.812658,0.009925182,0.4,0.0,0.13632981,0.024855126
375316653866487564,4286999135237465856,0.5140091,2260.4550526750713,2.503780136149441,4.4905883E-5,18.21421,0.026972972,0.26870203,0.00887027,0.02864457,0.008830821,0.28115666,0.29043183,0.79440707,0.023504823,0.05836268,0.022145981,0.3721551,0.1562503,0.09843415,0.03640914,0.26870203,0.00887027,"TWOGAUSSIANS_WITH_ELLIPSOIDAL_ON_ECLIPSE1",9,26.326366,0.79440707,0.023504823,0.326831,0.09231258,0.56392705,0.14470936,0.26870203,0.00887027,0.16040958,0.0494526,0.47801948,0.27488175
375316653866487564,4286999380063272576,0.5953141,2285.7125261712345,3.5570943105710384,7.2364674E-6,19.347366,0.0053075873,0.21354464,0.002057995,0.06139848,0.0043044323,0.67195076,0.04393471,0.712909,0.0064444104,0.054544162,0.0049125957,0.66854894,0.034636483,null,null,null,null,"TWOGAUSSIANS",8,0.8946866,0.21354464,0.002057995,0.34383148,0.02410482,0.6718311,0.04401594,0.712909,0.0064444104,0.3054473,0.027510537,0.66842926,0.03463583
375316653866487564,4286999964178846336,0.549468,2257.077892780275,2.036111618089828,2.3759641E-5,19.031338,0.029008312,0.21463813,0.015971864,0.08137878,0.019938966,0.22571924,0.032704305,0.6930075,0.008478856,0.08987707,0.009962862,0.44808,0.038810622,null,null,null,null,"TWOGAUSSIANS",8,1.9188197,0.6930075,0.008478856,0.4,0.0,0.44186437,0.027080815,0.21463813,0.015971864,0.4,0.02797778,0.21950397,0.027693778
375316653866487564,4287001849657932416,0.6171484,2286.6057461484893,3.7364525933695565,8.662779E-6,15.004532,0.040088397,0.2186138,0.006653502,0.061707743,0.009313362,0.5202262,0.15549658,0.70868826,0.0017632671,0.052921034,0.009234851,0.35839018,0.0855877,0.11226992,0.057073675,0.70868826,0.0017632671,"TWOGAUSSIANS_WITH_ELLIPSOIDAL_ON_ECLIPSE2",9,139.35977,0.21747379,0.005895602,0.34556335,0.052154828,0.74391407,0.16329126,0.70868826,0.0017632671,0.29635778,0.051715165,0.5828504,0.03924912
375316653866487564,4287001888323389824,0.5230153,2236.3539836548866,3.1959462769337943,1.8964809E-5,19.777353,0.04932327,0.2943254,0.0046395008,0.071753696,0.010373935,0.48845598,0.04889593,0.7921332,0.010531628,0.096883744,0.020565422,0.5226212,0.04963085,null,null,null,null,"TWOGAUSSIANS",8,2.6351643,0.7921332,0.010531628,0.4,0.0,0.5107134,0.044010624,0.2943254,0.0046395008,0.4,0.03646982,0.47654992,0.042891845
375316653866487564,4287002953481627392,0.5793926,2282.542773135415,3.394150864277048,1.8779572E-5,19.423372,0.009281803,0.25043008,0.01014854,0.053267524,0.014479127,0.4945453,0.025061792,0.73541665,0.0077968584,0.0838298,0.0086789755,0.50971097,0.064235345,null,null,null,null,"TWOGAUSSIANS",8,2.1581967,0.73541665,0.0077968584,0.4,0.0,0.5088648,0.06496676,0.25043008,0.01014854,0.29829812,0.08108311,0.4936992,0.025025807
375316653866487564,4287004838951522304,0.5032008,2261.9690981371728,1.549064335916039,1.3251439E-5,18.807875,0.004228853,0.23103018,0.007677061,0.05926714,0.005147544,0.18126695,0.010229444,0.71296245,0.0034831297,0.019596493,0.0025169484,0.101122096,0.0076204957,null,null,null,null,"TWOGAUSSIANS",8,2.028071,0.23103018,0.007677061,0.33189598,0.028826248,0.18126695,0.010229443,0.71296245,0.0034831297,0.10974036,0.014094911,0.101122096,0.0076204953
