Gaia/vari_eclipsing_binary/VariEclipsingBinary_465574-465614.csv
# %ECSV 1.0
# ---
# delimiter: ','
# meta: !!omap
# - RELEASE: Gaia DR3
# - TABLE: vari_eclipsing_binary
# - DESCRIPTION: >
#     This table describes the properties of the eclipsing binaries resulting from the variability analysis. 
# - CITATION: >
#     How to cite and acknowledge Gaia: 
#     https://gea.esac.esa.int/archive/documentation/credits.html 
# - KNOWN_ISSUES: >
#     Known issues: 
#     https://www.cosmos.esa.int/web/gaia-users/known-issues 
# - DOCUMENTATION: >
#     Tutorials and documentation: 
#     https://www.cosmos.esa.int/web/gaia-users/archive 
# datatype:
# - 
#   name: solution_id
#   datatype: int64
#   description: Solution Identifier
#   meta:
#     ucd: meta.version
# - 
#   name: source_id
#   datatype: int64
#   description: Unique source identifier
#   meta:
#     ucd: meta.id;meta.main
# - 
#   name: global_ranking
#   datatype: float32
#   description: Number between 0 (worst) and 1 (best)
#   meta:
#     ucd: stat.param
# - 
#   name: reference_time
#   datatype: float64
#   unit: d
#   description: Reference time used for the geometric model fit
#   meta:
#     ucd: time.epoch
# - 
#   name: frequency
#   datatype: float64
#   unit: d**-1
#   description: Frequency of geometric model of the eclipsing binary light curve
#   meta:
#     ucd: src.orbital
# - 
#   name: frequency_error
#   datatype: float32
#   unit: d**-1
#   description: "Uncertainty of \\texttt{frequency}"
#   meta:
#     ucd: stat.error
# - 
#   name: geom_model_reference_level
#   datatype: float32
#   unit: mag
#   description: Magnitude reference level of geometric model
#   meta:
#     ucd: phot.mag;em.opt
# - 
#   name: geom_model_reference_level_error
#   datatype: float32
#   unit: mag
#   description: "Uncertainty of \\texttt{geomModelReferenceLevel}"
#   meta:
#     ucd: stat.error;phot.mag;em.opt
# - 
#   name: geom_model_gaussian1_phase
#   datatype: float32
#   description: Phase of the Gaussian 1 component
#   meta:
#     ucd: time.phase
# - 
#   name: geom_model_gaussian1_phase_error
#   datatype: float32
#   description: "Uncertainty of \\texttt{geomModelGaussian1Phase}"
#   meta:
#     ucd: stat.error;time.phase
# - 
#   name: geom_model_gaussian1_sigma
#   datatype: float32
#   description: "Standard deviation [phase] of Gaussian 1 component"
#   meta:
#     ucd: stat.stdev
# - 
#   name: geom_model_gaussian1_sigma_error
#   datatype: float32
#   description: "Uncertainty of \\texttt{geomModelGaussian1Sigma}"
#   meta:
#     ucd: stat.error
# - 
#   name: geom_model_gaussian1_depth
#   datatype: float32
#   unit: mag
#   description: Magnitude depth of Gaussian 1 component
#   meta:
#     ucd: src.var.amplitude
# - 
#   name: geom_model_gaussian1_depth_error
#   datatype: float32
#   unit: mag
#   description: "Uncertainty of \\texttt{geomModelGaussian1Depth}"
#   meta:
#     ucd: stat.error;src.var.amplitude
# - 
#   name: geom_model_gaussian2_phase
#   datatype: float32
#   description: Phase of Gaussian 2 component
#   meta:
#     ucd: time.phase
# - 
#   name: geom_model_gaussian2_phase_error
#   datatype: float32
#   description: "Uncertainty of \\texttt{geomModelGaussian2Phase}"
#   meta:
#     ucd: stat.error;time.phase
# - 
#   name: geom_model_gaussian2_sigma
#   datatype: float32
[...]
#   datatype: float32
#   description: "Secondary eclipse: uncertainty of \\texttt{derivedSecondaryEclDuration}"
#   meta:
#     ucd: stat.error;time.duration
# - 
#   name: derived_secondary_ecl_depth
#   datatype: float32
#   unit: mag
#   description: "Secondary eclipse: depth"
#   meta:
#     ucd: src.var.amplitude
# - 
#   name: derived_secondary_ecl_depth_error
#   datatype: float32
#   unit: mag
#   description: "Secondary eclipse: uncertainty of \\texttt{derivedSecondaryEclDepth}"
#   meta:
#     ucd: stat.error;src.var.amplitude
solution_id,source_id,global_ranking,reference_time,frequency,frequency_error,geom_model_reference_level,geom_model_reference_level_error,geom_model_gaussian1_phase,geom_model_gaussian1_phase_error,geom_model_gaussian1_sigma,geom_model_gaussian1_sigma_error,geom_model_gaussian1_depth,geom_model_gaussian1_depth_error,geom_model_gaussian2_phase,geom_model_gaussian2_phase_error,geom_model_gaussian2_sigma,geom_model_gaussian2_sigma_error,geom_model_gaussian2_depth,geom_model_gaussian2_depth_error,geom_model_cosine_half_period_amplitude,geom_model_cosine_half_period_amplitude_error,geom_model_cosine_half_period_phase,geom_model_cosine_half_period_phase_error,model_type,num_model_parameters,reduced_chi2,derived_primary_ecl_phase,derived_primary_ecl_phase_error,derived_primary_ecl_duration,derived_primary_ecl_duration_error,derived_primary_ecl_depth,derived_primary_ecl_depth_error,derived_secondary_ecl_phase,derived_secondary_ecl_phase_error,derived_secondary_ecl_duration,derived_secondary_ecl_duration_error,derived_secondary_ecl_depth,derived_secondary_ecl_depth_error
[from data line 263]
375316653866487564,4095485104693012352,0.5416099,2228.913802050695,2.915341771331012,1.7936403E-5,19.040543,0.030321794,0.30096102,0.005719969,0.0724907,0.0069173607,0.55053705,0.052032884,0.8008949,0.0045789178,0.071658164,0.00665608,0.50847054,0.042965937,null,null,null,null,"TWOGAUSSIANS",8,4.322871,0.30096102,0.005719969,0.4,0.015253917,0.54795843,0.051680543,0.8008949,0.0045789178,0.4,0.024008952,0.50589186,0.042248532
375316653866487564,4095486371709156352,0.6257976,2241.808335046192,2.9137355111470953,9.0013855E-6,17.270527,0.026238494,0.25222278,0.009263301,0.041613813,0.058869243,0.32742646,0.25801423,0.7423255,0.0040104273,0.046431247,0.007066265,0.27729666,0.051821593,0.108964704,0.027737275,0.25222278,0.009263301,"TWOGAUSSIANS_WITH_ELLIPSOIDAL_ON_ECLIPSE1",9,5.3797092,0.25222278,0.009263301,0.23303735,0.17199236,0.5453554,0.26356137,0.74349546,0.0029847613,0.26001498,0.039571088,0.49448293,0.014751386
375316653866487564,4095487578595701888,0.52633715,2283.941907109454,2.9216582948383953,2.3374369E-5,18.973606,0.017935013,0.24668947,0.02103746,0.07535371,0.017353404,0.24154449,0.04120021,0.7388267,0.0049810647,0.078522384,0.0072529702,0.31881753,0.017095258,null,null,null,null,"TWOGAUSSIANS",8,2.2939727,0.7388267,0.0049810647,0.4,0.0,0.3164201,0.014978753,0.24668947,0.02103746,0.4,0.0,0.23914708,0.038408853
375316653866487564,4095488227140035968,0.5898074,2345.029496488085,0.751369941554917,1.2259484E-4,15.5791025,0.0029330242,0.5569589,0.016543401,0.03818313,0.028002396,1.9189997,232728.47,null,null,null,null,null,null,null,null,null,null,"ONEGAUSSIAN",5,31.522179,0.5569589,0.016543401,0.21382554,0.15681341,1.9189997,0.0,null,null,null,null,null,null
375316653866487564,4095489326651623424,0.5290443,2266.3142575580705,2.661156603444929,1.3895876E-5,18.28057,0.014676149,0.22913891,0.003709861,0.07113395,0.005228446,0.36402848,0.017892104,0.731831,0.009358976,0.07768359,0.014505841,0.34661484,0.052283257,null,null,null,null,"TWOGAUSSIANS",8,9.557149,0.22913891,0.003709861,0.39835012,0.016132979,0.36166862,0.017372599,0.731831,0.009358976,0.4,0.012840457,0.34425494,0.05402726
375316653866487564,4095490258655254144,0.59797823,2293.3039791798915,2.6925033955607165,1.125576E-5,18.506487,0.009682482,0.31161582,0.013473241,0.07963674,0.010183235,0.24037015,0.02533893,0.8068248,0.0022767251,0.06680365,0.0024584373,0.5915456,0.018721692,null,null,null,null,"TWOGAUSSIANS",8,3.4832792,0.8068248,0.0022767251,0.37410045,0.01376725,0.5896713,0.018273927,0.31161582,0.013473241,0.4,0.0,0.23849592,0.02515265
375316653866487564,4095490739691757440,0.59934705,2318.979162982268,0.6042877246255399,2.7938318E-5,19.20742,0.008779389,0.19280681,0.018223967,0.047218032,0.010220954,0.59645444,0.42604232,0.82582587,0.02785281,0.06631312,0.039597206,0.035053514,0.015452063,null,null,null,null,"TWOGAUSSIANS",8,0.91311395,0.19280681,0.018223967,0.264421,0.057237346,0.59645444,0.4260426,0.82582587,0.02785281,0.37135348,0.11727351,0.035053473,0.015455072
375316653866487564,4095491529990670592,0.57191515,2321.9282433033404,1.4883046973825114,4.5172324E-5,15.396794,0.0020697515,0.15039735,0.002540515,0.076398514,0.0032313988,0.11581441,0.01045489,0.64504766,0.0055209124,0.047262426,0.009603737,0.09597759,0.0069087897,null,null,null,null,"TWOGAUSSIANS",8,8.372537,0.15039735,0.002540515,0.4,0.0,0.11576487,0.010456851,0.64504766,0.0055209124,0.2646696,0.05378093,0.09592805,0.0069695157
375316653866487564,4095491560030170240,0.49669528,2319.768066415746,3.5333820477426823,2.2005137E-5,18.386566,0.023495303,0.34155288,0.008265531,0.08962562,0.017953273,0.15408517,0.023591846,0.8314244,0.011934356,0.09672836,0.01819936,0.17802039,0.026068037,null,null,null,null,"TWOGAUSSIANS",8,3.5586517,0.8314244,0.011934356,0.4,0.0,0.1701891,0.022972047,0.34155288,0.008268685,0.4,0.0,0.14625446,0.016415114
375316653866487564,4095491628749663872,0.5519922,2352.298207712736,3.477806628646353,2.3060551E-5,17.09518,0.009113015,0.43718788,4.38436E-4,0.06655107,0.0051177545,0.8808322,0.08945435,0.10056393,2.2277028E-4,0.0033556763,8.3787495E-4,0.037889645,0.008018245,null,null,null,null,"TWOGAUSSIANS",8,27.976732,0.43718788,4.38436E-4,0.372686,0.028659424,0.8808322,0.08945435,0.10056393,2.2277028E-4,0.018791787,0.0046920995,0.037892096,0.008020712
375316653866487564,4095491804842055680,0.564781,2248.5146807058018,2.802698789123554,1.2389174E-5,18.928844,0.013509205,0.2738179,0.004612752,0.080501094,0.0054664537,0.5081433,0.017825736,0.77211404,0.004260955,0.07486677,0.0051268954,0.51314825,0.043453034,null,null,null,null,"TWOGAUSSIANS",8,2.1008084,0.77211404,0.004260955,0.4,0.0,0.50759584,0.044586297,0.2738179,0.004612752,0.4,0.0,0.5025909,0.01703271
375316653866487564,4095491834907665024,0.6155558,2297.3681413355143,1.15755714742022,6.236698E-5,16.961477,0.0015428701,0.4766236,0.0015292919,0.029427087,0.0010100619,0.3522316,0.017646292,0.72791934,0.050198723,0.052729893,0.060923357,0.011155924,0.15997864,null,null,null,null,"TWOGAUSSIANS",8,2.3428588,0.4766236,0.001529152,0.16479169,0.005656347,0.3522317,0.01763748,0.72791934,0.050198723,0.2952874,0.2704637,0.011155924,0.15997864
375316653866487564,4095491869267434752,0.5876977,2303.9478516068457,0.5450458547632454,4.0080436E-6,16.914417,0.0028021536,0.2714531,0.047329742,0.058366403,0.034863334,0.012114067,0.022420308,0.6212324,0.0026596661,0.03784796,0.002668444,0.24716923,0.011403703,null,null,null,null,"TWOGAUSSIANS",8,3.6565342,0.6212324,0.0026596661,0.21194856,0.014943287,0.24716923,0.011403705,0.2714531,0.047329742,0.32685187,0.19523467,0.012114067,0.022420308
375316653866487564,4095492354623977600,0.46524736,2275.414476648027,4.194482759340007,5.3838576E-5,17.949585,0.008612526,0.30203158,0.015233145,0.15323089,0.02214053,0.13273324,0.01216708,0.9216687,0.016938893,0.038102694,0.0110359555,0.02894484,0.008737685,null,null,null,null,"TWOGAUSSIANS",8,3.2177114,0.30203158,0.015233145,0.4,0.0,0.1313268,0.0120053785,0.92699873,0.017934572,0.21337509,0.06180135,0.033929642,0.00810463
375316653866487564,4095493003155575168,0.50793076,2253.6091295785736,1.9077995400230985,3.891111E-5,17.895033,0.014006473,0.2861275,0.008934466,0.06752637,0.011091912,0.36732796,0.037182435,0.75786227,0.066470005,0.051519867,0.049969945,0.3656408,7.0598E7,null,null,null,null,"TWOGAUSSIANS",8,32.706947,0.2861275,0.008934466,0.3781477,0.062114708,0.36728948,0.037189953,0.75786227,0.066470005,0.28851125,0.2798317,0.36560228,7.0598E7
375316653866487564,4095493694653915648,0.5383251,2283.3646687873747,2.4125200664452797,2.0908637E-5,14.612788,0.0060420316,0.28525177,0.013947315,0.07720042,0.011683488,0.14892605,0.009339025,0.79617023,0.004289584,0.07447939,0.007237577,0.09076733,0.007187727,null,null,null,null,"TWOGAUSSIANS",8,43.1306,0.28525177,0.013947315,0.4,0.024968848,0.14812526,0.009155162,0.79617023,0.004289584,0.4,0.0050405967,0.08996654,0.006892091
375316653866487564,4095493793413172608,0.5063925,2320.572222272806,0.07742608490099866,8.197885E-5,16.22502,0.0059687467,0.18030468,0.04717389,0.042559847,0.02656525,0.21733545,0.091574386,0.8938053,0.012699587,0.04184074,0.017612232,0.028152473,0.021471908,0.01409101,0.016741775,0.8938053,0.012699587,"TWOGAUSSIANS_WITH_ELLIPSOIDAL_ON_ECLIPSE2",9,30.60343,0.18096468,0.047918137,0.23833515,0.1487654,0.21881784,0.092603475,0.8938053,0.012699587,0.23430814,0.0986285,0.056334466,0.016567713
375316653866487564,4095494931604816384,0.61054856,2345.789912977085,0.13135810588982902,5.159229E-5,13.43936,0.0013642443,0.078968786,7.148739E-4,0.007617497,4.8654046E-4,0.24638984,0.0042426125,0.18625198,0.013461139,0.030707391,0.008571644,0.014306508,0.0016951561,null,null,null,null,"TWOGAUSSIANS",8,26.942242,0.078968786,7.030199E-4,0.042657983,0.0027246266,0.24642183,0.0038748833,0.18625198,0.013461139,0.1719614,0.048001207,0.014306508,0.0016951561
375316653866487564,4095496821391970048,0.7378654,2302.903894655378,0.36573973936878,4.925472E-6,13.702052,0.0025966493,0.21904635,0.012868471,0.021321444,0.009219855,0.07656833,0.22902137,0.7268328,3.314159E-4,0.02322745,2.0308423E-4,1.3143625,0.009725543,0.022849329,0.0037526255,0.21904635,0.012868471,"TWOGAUSSIANS_WITH_ELLIPSOIDAL_ON_ECLIPSE1",9,62.409798,0.7268328,3.314159E-4,0.13007371,0.0011372716,1.3599519,0.008844938,0.21904635,0.012868471,0.119400084,0.051631186,0.12226697,0.23058206
375316653866487564,4095496855732006912,0.52174515,2312.3793723740614,1.2961184037389195,4.343115E-5,19.010048,0.013676696,0.418309,0.016841698,0.01875765,0.024487091,0.057573274,1.10672927E10,0.8273555,9.3294046E-4,0.02368523,9.811381E-4,1.0376323,0.04938698,0.01984388,0.019774767,0.418309,0.016841698,"TWOGAUSSIANS_WITH_ELLIPSOIDAL_ON_ECLIPSE1",9,7.084721,0.8274755,8.2103844E-4,0.13263729,0.0054943734,1.0657234,0.037119944,0.418309,0.016841698,0.105042845,0.13712771,0.097261004,1.10672927E10
375316653866487564,4095497439850944768,0.54350424,2332.80641065369,4.938749281262327,3.9275685E-5,19.229963,0.008383062,0.16428645,0.028827773,0.044070475,0.021402529,0.05051277,0.03786647,0.6826422,0.0146068465,0.042131506,0.020579688,0.85658425,496.06314,null,null,null,null,"TWOGAUSSIANS",8,1.5207604,0.6826422,0.0146068465,0.23593643,0.11524626,0.85658425,496.06314,0.16428645,0.028827773,0.24679467,0.11985416,0.05051276,0.037866484
375316653866487564,4095498431982705024,0.52959627,2312.1522737037844,2.020703310205386,1.09485416E-4,18.9433,0.013969401,0.13076179,0.0096440045,0.019352144,0.017582893,0.15890495,2.6841698,0.641214,0.041526657,0.11802689,0.02258783,0.6387912,0.2905221,null,null,null,null,"TWOGAUSSIANS",8,9.091048,0.641214,0.041526657,0.4,0.0,0.6379919,0.2907845,0.13076179,0.009646397,0.108372,0.098464206,0.15827845,2.68467
375316653866487564,4095499226551004928,0.5264444,2255.7997431115336,1.7543188799296767,7.3601536E-6,17.253881,0.011107813,0.3039061,0.0069607543,0.041780487,0.0063355225,0.5652927,0.04776734,0.8047798,0.0040463787,0.03839238,0.004161031,0.7083639,0.14317504,null,null,null,null,"TWOGAUSSIANS",8,35.786587,0.8047798,0.0040463787,0.21499734,0.023301775,0.70836383,0.14317505,0.3039061,0.0069607543,0.23397072,0.035478927,0.5652927,0.047767345
375316653866487564,4095499462766775680,0.5590441,2304.812676047476,1.6952428178650878,5.0227445E-6,16.968061,0.011580485,0.46191892,5.4440164E-4,0.04034806,9.842401E-4,0.7020156,0.016939146,0.79658103,0.011036924,0.038566772,0.008650872,0.5534076,0.21864875,null,null,null,null,"TWOGAUSSIANS",8,48.61635,0.46191892,5.4440164E-4,0.22594914,0.0055117444,0.7020156,0.016939146,0.79658103,0.011036924,0.21597393,0.048444882,0.5534076,0.21864875
375316653866487564,4095499604511324160,0.50568634,2259.7644450482067,2.156265861887366,9.824885E-5,19.027088,0.010825973,0.28797743,0.02280986,0.043175418,0.014819633,0.08694807,0.017618062,0.7749766,0.0018007656,0.03540039,0.0027976576,0.446595,0.03319883,null,null,null,null,"TWOGAUSSIANS",8,8.120997,0.7749766,0.0018007656,0.19824219,0.015666883,0.446595,0.03319883,0.28797743,0.02280986,0.24178234,0.082989946,0.08694807,0.017618062
375316653866487564,4095499875083377920,0.47849065,2294.0870586834662,0.19278257365850934,9.2766975E-5,13.062487,0.0014965478,0.37082255,7.388768E-4,0.005542052,5.1467906E-4,0.024773672,0.0019562074,0.58968025,0.004352842,0.081858166,0.012454964,0.009833928,0.0014383367,null,null,null,null,"TWOGAUSSIANS",8,2.1757195,0.37083256,7.388788E-4,0.03103549,0.0028822026,0.025049465,0.002007966,0.58968025,0.004352842,0.4,0.0,0.009833928,0.0014383356
375316653866487564,4095500085544529152,0.4819154,2233.291808983767,2.083481047776371,1.5647661E-4,19.732826,0.06910482,0.10967531,0.048603714,0.04672661,0.031059105,0.28434864,0.24499543,0.70725685,0.022205705,0.09970078,0.025506089,0.5855731,0.057880767,null,null,null,null,"TWOGAUSSIANS",8,3.377172,0.70725685,0.022205705,0.4,0.0,0.58536273,0.054671846,0.10962531,0.048590366,0.26166904,0.17393099,0.28430828,0.24381348
375316653866487564,4095500326084651392,0.53790766,2274.700194110757,1.0894555628452303,9.751541E-6,16.026857,5.524236E-4,0.121532895,0.0038774747,0.0402363,0.0043994584,0.06294114,0.0022269457,0.71772313,0.030705282,0.03250916,0.033224244,0.002667157,64.301025,0.021253789,8.3051005E-4,0.121532895,0.0038774747,"TWOGAUSSIANS_WITH_ELLIPSOIDAL_ON_ECLIPSE1",9,2.4328206,0.121532895,0.0038774747,0.22532329,0.024636969,0.10544868,0.0030798737,0.71772313,0.030705282,0.18205129,0.18605576,0.031448506,64.304726
375316653866487564,4095501322517807104,0.54379267,2304.5505368348113,0.28175016136977704,1.0875018E-5,13.186675,0.058220703,0.21880345,0.0044152006,0.14456458,0.026710873,0.14673245,0.056291502,0.72816294,0.0020247945,0.14489596,0.023003906,0.15913388,0.056561604,null,null,null,null,"TWOGAUSSIANS",8,8.101136,0.7286729,0.0015703794,0.4,0.0,0.09493371,0.004297201,0.21819344,0.0042613465,0.4,0.0,0.08261927,0.0031892662
375316653866487564,4095501631732178816,0.5952256,2238.684725434004,4.000824756312489,1.4323366E-4,19.365055,0.09727905,0.27353147,0.0055788765,0.10605258,0.01852375,0.6402027,0.093085244,0.7489193,0.011415985,0.09521573,0.025871867,0.6063992,0.08632759,null,null,null,null,"TWOGAUSSIANS",8,1.9064938,0.27353147,0.005559745,0.4,0.0,0.59849346,0.015033258,0.7489193,0.011415985,0.4,0.0,0.5647183,0.03703246
375316653866487564,4095503109207636480,0.52524185,2334.8882901994853,2.3320611971171745,2.3667082E-5,17.949848,0.00513597,0.24336432,0.0035955692,0.040014178,0.004142423,0.38892344,0.07642509,0.75096536,0.0056323344,0.04061945,0.005850596,0.27366588,0.029899376,null,null,null,null,"TWOGAUSSIANS",8,4.9155245,0.24336432,0.0035955692,0.22407939,0.02319757,0.38892344,0.0764251,0.75096536,0.0056323344,0.22746894,0.032763336,0.27366588,0.029899381
375316653866487564,4095503482865328256,0.56683475,2246.9494412707413,0.9574959990268357,1.3814413E-5,16.24718,0.0021276886,0.22726148,0.0021850134,0.04240345,0.002034114,0.24789926,0.013765647,0.7306237,0.01574768,0.056859408,0.016074928,0.089521445,0.012236616,null,null,null,null,"TWOGAUSSIANS",8,14.067041,0.22726148,0.0021850134,0.2374593,0.011391038,0.24789856,0.013765752,0.7306237,0.01574768,0.31841266,0.09001959,0.08952074,0.012237604
375316653866487564,4095503487159073920,0.5728075,2253.2432076436794,3.0489410190961683,2.133788E-5,18.003273,0.01696485,0.20790371,0.0048967167,0.0596394,0.014356711,0.26441273,0.045977123,0.68325746,2.3095107E-4,0.016205834,0.0018310327,0.270683,0.027825393,0.18204415,0.01926721,0.20790371,0.0048967167,"TWOGAUSSIANS_WITH_ELLIPSOIDAL_ON_ECLIPSE1",9,21.03361,0.20790371,0.0048967167,0.33398065,0.08039758,0.6284604,0.0272315,0.68391746,1.4076417E-4,0.090752676,0.010253782,0.62629896,0.0114957495
375316653866487564,4095503762059237760,0.4802475,2295.9895270058178,2.3360541864720736,3.832932E-5,16.901604,0.021792863,0.18676412,0.023530144,0.099553496,0.038694665,0.11188318,0.020743709,0.7437169,0.035110816,0.04991887,0.029587844,0.09875517,0.036206342,null,null,null,null,"TWOGAUSSIANS",8,18.646872,0.18676412,0.023530144,0.4,0.0,0.11168762,0.01851462,0.74372685,0.03507298,0.27954566,0.16569193,0.098565236,0.033728905
375316653866487564,4095503899479096704,0.46044186,2318.4706484507556,0.13770006926639572,5.209336E-5,18.200392,0.0034470637,0.3162665,0.030025203,0.04674011,0.019900788,0.07848601,0.010213379,0.8371745,0.029342148,0.070122,0.025874658,0.0561373,0.00634068,null,null,null,null,"TWOGAUSSIANS",8,2.1698923,0.3162665,0.030025203,0.26174462,0.11144441,0.07847993,0.010153608,0.8371745,0.029342148,0.39268324,0.06570706,0.056131225,0.0062221084
