Gaia/vari_eclipsing_binary/VariEclipsingBinary_258179-258805.csv
# %ECSV 1.0
# ---
# delimiter: ','
# meta: !!omap
# - RELEASE: Gaia DR3
# - TABLE: vari_eclipsing_binary
# - DESCRIPTION: >
#     This table describes the properties of the eclipsing binaries resulting from the variability analysis. 
# - CITATION: >
#     How to cite and acknowledge Gaia: 
#     https://gea.esac.esa.int/archive/documentation/credits.html 
# - KNOWN_ISSUES: >
#     Known issues: 
#     https://www.cosmos.esa.int/web/gaia-users/known-issues 
# - DOCUMENTATION: >
#     Tutorials and documentation: 
#     https://www.cosmos.esa.int/web/gaia-users/archive 
# datatype:
# - 
#   name: solution_id
#   datatype: int64
#   description: Solution Identifier
#   meta:
#     ucd: meta.version
# - 
#   name: source_id
#   datatype: int64
#   description: Unique source identifier
#   meta:
#     ucd: meta.id;meta.main
# - 
#   name: global_ranking
#   datatype: float32
#   description: Number between 0 (worst) and 1 (best)
#   meta:
#     ucd: stat.param
# - 
#   name: reference_time
#   datatype: float64
#   unit: d
#   description: Reference time used for the geometric model fit
#   meta:
#     ucd: time.epoch
# - 
#   name: frequency
#   datatype: float64
#   unit: d**-1
#   description: Frequency of geometric model of the eclipsing binary light curve
#   meta:
#     ucd: src.orbital
# - 
#   name: frequency_error
#   datatype: float32
#   unit: d**-1
#   description: "Uncertainty of \\texttt{frequency}"
#   meta:
#     ucd: stat.error
# - 
#   name: geom_model_reference_level
#   datatype: float32
#   unit: mag
#   description: Magnitude reference level of geometric model
#   meta:
#     ucd: phot.mag;em.opt
# - 
#   name: geom_model_reference_level_error
#   datatype: float32
#   unit: mag
#   description: "Uncertainty of \\texttt{geomModelReferenceLevel}"
#   meta:
#     ucd: stat.error;phot.mag;em.opt
# - 
#   name: geom_model_gaussian1_phase
#   datatype: float32
#   description: Phase of the Gaussian 1 component
#   meta:
#     ucd: time.phase
# - 
#   name: geom_model_gaussian1_phase_error
#   datatype: float32
#   description: "Uncertainty of \\texttt{geomModelGaussian1Phase}"
#   meta:
#     ucd: stat.error;time.phase
# - 
#   name: geom_model_gaussian1_sigma
#   datatype: float32
#   description: "Standard deviation [phase] of Gaussian 1 component"
#   meta:
#     ucd: stat.stdev
# - 
#   name: geom_model_gaussian1_sigma_error
#   datatype: float32
#   description: "Uncertainty of \\texttt{geomModelGaussian1Sigma}"
#   meta:
#     ucd: stat.error
# - 
#   name: geom_model_gaussian1_depth
#   datatype: float32
#   unit: mag
#   description: Magnitude depth of Gaussian 1 component
#   meta:
#     ucd: src.var.amplitude
# - 
#   name: geom_model_gaussian1_depth_error
#   datatype: float32
#   unit: mag
#   description: "Uncertainty of \\texttt{geomModelGaussian1Depth}"
#   meta:
#     ucd: stat.error;src.var.amplitude
# - 
#   name: geom_model_gaussian2_phase
#   datatype: float32
#   description: Phase of Gaussian 2 component
#   meta:
#     ucd: time.phase
# - 
#   name: geom_model_gaussian2_phase_error
#   datatype: float32
#   description: "Uncertainty of \\texttt{geomModelGaussian2Phase}"
#   meta:
#     ucd: stat.error;time.phase
# - 
#   name: geom_model_gaussian2_sigma
#   datatype: float32
[...]
#   datatype: float32
#   description: "Secondary eclipse: uncertainty of \\texttt{derivedSecondaryEclDuration}"
#   meta:
#     ucd: stat.error;time.duration
# - 
#   name: derived_secondary_ecl_depth
#   datatype: float32
#   unit: mag
#   description: "Secondary eclipse: depth"
#   meta:
#     ucd: src.var.amplitude
# - 
#   name: derived_secondary_ecl_depth_error
#   datatype: float32
#   unit: mag
#   description: "Secondary eclipse: uncertainty of \\texttt{derivedSecondaryEclDepth}"
#   meta:
#     ucd: stat.error;src.var.amplitude
solution_id,source_id,global_ranking,reference_time,frequency,frequency_error,geom_model_reference_level,geom_model_reference_level_error,geom_model_gaussian1_phase,geom_model_gaussian1_phase_error,geom_model_gaussian1_sigma,geom_model_gaussian1_sigma_error,geom_model_gaussian1_depth,geom_model_gaussian1_depth_error,geom_model_gaussian2_phase,geom_model_gaussian2_phase_error,geom_model_gaussian2_sigma,geom_model_gaussian2_sigma_error,geom_model_gaussian2_depth,geom_model_gaussian2_depth_error,geom_model_cosine_half_period_amplitude,geom_model_cosine_half_period_amplitude_error,geom_model_cosine_half_period_phase,geom_model_cosine_half_period_phase_error,model_type,num_model_parameters,reduced_chi2,derived_primary_ecl_phase,derived_primary_ecl_phase_error,derived_primary_ecl_duration,derived_primary_ecl_duration_error,derived_primary_ecl_depth,derived_primary_ecl_depth_error,derived_secondary_ecl_phase,derived_secondary_ecl_phase_error,derived_secondary_ecl_duration,derived_secondary_ecl_duration_error,derived_secondary_ecl_depth,derived_secondary_ecl_depth_error
[from data line 37]
375316653866487564,2271231998079147264,0.45262074,2200.6241610083466,0.07943741933858475,9.1635775E-5,18.682137,0.004708169,0.3249122,0.022399602,0.09087891,0.017639188,0.12915713,0.022707699,0.79309666,0.009831547,0.02284913,0.008392817,0.102202825,0.010894836,null,null,null,null,"TWOGAUSSIANS",8,2.8710573,0.3249122,0.022399602,0.4,0.0,0.1291535,0.022712808,0.79309666,0.009831547,0.12795512,0.04699978,0.102199435,0.010893717
375316653866487564,2271255435718815616,0.4701825,2197.4735566873446,0.7506185680933665,1.1829067E-4,16.974497,0.003780843,0.2279681,0.021093735,0.01575801,0.019221848,0.0947626,19800.967,0.70055056,0.012960001,0.033020765,0.007816984,0.3535508,0.1555302,0.0083145965,0.005706097,0.2279681,0.021093735,"TWOGAUSSIANS_WITH_ELLIPSOIDAL_ON_ECLIPSE1",9,35.930283,0.7006606,0.012859945,0.18491629,0.043775115,0.36969328,0.15603898,0.2279681,0.021093735,0.088244855,0.107642345,0.11139179,19800.967
375316653866487564,2271268732937678592,0.5847228,2181.3801852980546,3.186790346467755,7.237703E-6,16.757898,0.14615573,0.24161533,0.0025069588,0.13750257,0.03254686,0.28678906,0.14168382,0.7432114,0.0014318601,0.1333984,0.027232092,0.3058276,0.14092924,null,null,null,null,"TWOGAUSSIANS",8,3.460844,0.7432614,0.0015081232,0.4,0.0,0.20003103,0.0051260935,0.24157533,0.0025742068,0.4,0.0,0.18076518,0.0053143664
375316653866487564,2271272370771618560,0.6201871,2171.071117478157,3.2118848786422354,4.01028E-6,14.975545,0.007997869,0.29179674,0.0022974517,0.038210485,0.0076008774,0.10855536,0.020855866,0.7867017,0.0037606566,0.056962594,0.005711852,0.16426039,0.021283792,0.10451687,0.012876364,0.29179674,0.0022974517,"TWOGAUSSIANS_WITH_ELLIPSOIDAL_ON_ECLIPSE1",9,50.00971,0.78795165,0.002373265,0.31899053,0.03198637,0.373125,0.012940667,0.29179674,0.0022974517,0.21397872,0.042564914,0.3175815,0.010182837
375316653866487564,2271288936463723136,0.46081212,2225.799351781637,2.678095034191391,4.962676E-5,16.085222,0.038404778,0.24811164,0.015292343,0.092252664,0.030664898,0.16874585,0.03537533,0.7492879,0.0060658646,0.09299671,0.02827892,0.19909702,0.02585002,null,null,null,null,"TWOGAUSSIANS",8,117.26101,0.7492879,0.0060658646,0.4,0.0,0.189662,0.024324642,0.24811164,0.015292343,0.4,0.0,0.15931089,0.01615434
375316653866487564,2271313538036284672,0.46038288,2192.922015837583,0.3957706349556113,1.698819E-5,18.186634,0.0025156005,0.14246857,0.0032913152,0.01882672,0.0025024347,0.11343408,0.015380127,0.80292743,0.03700452,0.032328974,0.019551184,0.06948138,0.032790676,null,null,null,null,"TWOGAUSSIANS",8,2.9538763,0.14246857,0.0032913152,0.10542963,0.014013634,0.11343408,0.015380127,0.80292743,0.03700452,0.18104227,0.109486625,0.06948138,0.032790676
375316653866487564,2271316389894553216,0.6031442,2219.6314797860646,1.2635732751501083,8.072976E-6,17.447035,0.026304564,0.27465338,0.004407828,0.12342482,0.013453583,0.28252748,0.023455719,0.77205634,0.0017101711,0.10250647,0.0066464334,0.33042288,0.022722349,null,null,null,null,"TWOGAUSSIANS",8,2.4869416,0.77205634,0.0017101711,0.4,0.0,0.27988842,0.007260358,0.27465338,0.004407828,0.4,0.0,0.23184271,0.0069659613
375316653866487564,2271318996937771904,0.59704095,2152.6162693576894,3.7976145404741595,5.292427E-6,18.514397,0.0060603097,0.24472788,9.5522153E-4,0.04722762,0.002002661,0.47849318,0.015173002,0.7433869,0.0014683249,0.046781868,0.003710317,0.30144855,0.033486515,0.118733875,0.011287287,0.24472788,9.5522153E-4,"TWOGAUSSIANS_WITH_ELLIPSOIDAL_ON_ECLIPSE1",9,2.4320047,0.24472788,9.5522153E-4,0.2644747,0.011214901,0.7159598,0.011709947,0.7435469,0.0013078942,0.26197845,0.020777775,0.5389004,0.032334287
375316653866487564,2271335901929399040,0.5802783,2207.0998642535615,3.0818846509952187,1.837418E-5,17.93092,0.01991309,0.25393733,0.0035707843,0.04269433,0.0088058,0.26128483,0.039833967,0.7678294,0.021381458,0.054079164,0.01637417,0.27133095,0.06401662,0.12247283,0.019697428,0.25393733,0.0035707843,"TWOGAUSSIANS_WITH_ELLIPSOIDAL_ON_ECLIPSE1",9,7.405368,0.7678294,0.020409022,0.3028433,0.09169535,0.5144115,0.03705618,0.25393733,0.0035707843,0.23908825,0.04931248,0.5062269,0.013915519
375316653866487564,2271346416009273216,0.5472371,2179.9118093674965,3.603572434499289,8.339014E-6,18.725382,0.011517289,0.26872325,0.0029510497,0.085269205,0.0063315663,0.3019927,0.018837705,0.78205615,0.0042781066,0.077578574,0.0061814263,0.34592158,0.013146135,null,null,null,null,"TWOGAUSSIANS",8,2.6721196,0.78205615,0.0042781066,0.4,0.0,0.34144798,0.011653779,0.26872325,0.0029510497,0.4,0.0,0.2975191,0.019171527
375316653866487564,2271348894207314304,0.46544313,2233.8241977668863,3.054684282925557,1.7557953E-5,17.575233,0.012159976,0.13271925,0.0014103785,0.02434399,0.0026308582,0.51713574,0.034720723,0.63897485,0.0084471125,0.02272137,0.025504617,1.3472406,1.8802544E31,0.038972314,0.031993136,0.63897485,0.0084471125,"TWOGAUSSIANS_WITH_ELLIPSOIDAL_ON_ECLIPSE2",9,93.67264,0.63897485,0.0084471125,0.12723967,0.14282586,1.4251852,1.8802544E31,0.13275926,0.0014035411,0.13632634,0.014732806,0.5949608,0.056559168
375316653866487564,2271349821920009984,0.5359014,2197.656916140769,0.10225148560418734,1.6445822E-5,10.914775,0.034338593,0.27089232,0.00285546,0.1416076,0.019563157,0.13387513,0.034130573,0.772332,0.002922367,0.11852488,0.016204184,0.14165539,0.03183495,null,null,null,null,"TWOGAUSSIANS",8,52.65869,0.772372,0.0029561375,0.4,0.0,0.0995964,0.0032419965,0.27088234,0.0028526727,0.4,0.0,0.09132916,0.0016681371
375316653866487564,2271360194264579712,0.6136329,2179.095277684987,4.067550911380538,5.313912E-6,18.711428,0.00826292,0.3016687,0.0014594239,0.06524722,0.003535177,0.59550476,0.01371499,0.79491735,0.0022083877,0.07485245,0.0027366597,0.4830701,0.012725503,null,null,null,null,"TWOGAUSSIANS",8,2.7541976,0.3016687,0.0014594239,0.36538443,0.019796992,0.5939743,0.013852941,0.79491735,0.0022083877,0.4,0.0,0.48153967,0.0126502905
375316653866487564,2271361706092056576,0.60037524,2171.8426245856012,2.8668125673687648,1.076526E-5,17.915678,0.012245485,0.28256914,0.0014738919,0.053008854,0.0059327134,0.15323523,0.04024588,0.7934851,0.004053041,0.04388891,0.007871608,0.13610578,0.040303238,0.095303394,0.028080696,0.28256914,0.0014738919,"TWOGAUSSIANS_WITH_ELLIPSOIDAL_ON_ECLIPSE1",9,3.7511368,0.28256914,0.0014738919,0.29684958,0.033223193,0.34383973,0.018001486,0.7934851,0.004053041,0.2457779,0.04408101,0.32581502,0.0196285
375316653866487564,2271401769547410816,0.48336792,2134.587753960148,4.774661174085611,1.5958643E-5,19.850237,0.012149903,0.25028348,0.019339157,0.038914483,0.018283276,0.51494426,0.26237378,0.75046676,0.0042183707,0.06366158,0.005449415,0.29999453,0.013876308,null,null,null,null,"TWOGAUSSIANS",8,2.939468,0.25028348,0.019339157,0.21792111,0.10238634,0.51493937,0.26243764,0.75046676,0.0042183707,0.35650486,0.030516725,0.29998964,0.0138653405
375316653866487564,2271421221456136832,0.5020577,2230.3033966607054,1.3191002277983421,1.8134488E-5,18.702505,0.004580911,0.34235826,0.0011183395,0.0048748795,0.0014413261,0.18656789,0.45930213,0.62216765,0.0076792883,0.066804275,0.0036968447,0.3068733,0.022871807,null,null,null,null,"TWOGAUSSIANS",8,2.015236,0.62216765,0.0076792883,0.37410396,0.02070233,0.3068733,0.022871807,0.34235826,0.0011183395,0.027299326,0.008071426,0.18661547,0.45930132
375316653866487564,2271421461974303616,0.64592856,2248.957320023421,2.2944940463932935,7.3957376E-6,15.759413,0.005115841,0.283771,0.0021915433,0.08964685,0.002770361,0.34782475,0.009353459,0.78144795,0.0020874927,0.080424815,0.0028126265,0.4043623,0.010079797,null,null,null,null,"TWOGAUSSIANS",8,13.236469,0.78144795,0.0020874927,0.4,0.0,0.39485887,0.010173019,0.283771,0.0021915433,0.4,0.0,0.3383212,0.009178635
375316653866487564,2271426474199422720,0.45854172,2207.840006325794,0.35700838198687057,9.422635E-6,18.646868,0.006598076,0.22155276,0.0012126282,0.0070899525,4.318731E-4,0.6597041,0.09855695,0.53315187,0.014847803,0.03268274,0.016056452,0.12469397,0.19587122,null,null,null,null,"TWOGAUSSIANS",8,8.421701,0.22155276,0.0012126282,0.039703734,0.0024184894,0.6597041,0.09855695,0.53315187,0.014847803,0.18302333,0.08991613,0.12469397,0.19587122
375316653866487564,2271427848589016064,0.61168694,2204.8507790880208,3.6904336269575087,7.400679E-6,17.614246,0.007233703,0.21086693,0.0026187256,0.053236037,0.007004414,0.1808906,0.019267937,0.715504,0.0060355654,0.045815773,0.008347313,0.13659877,0.016458796,0.10326827,0.0084931925,0.21086693,0.0026187256,"TWOGAUSSIANS_WITH_ELLIPSOIDAL_ON_ECLIPSE1",9,4.65576,0.21086693,0.0026187256,0.2981218,0.03922472,0.38742402,0.012503543,0.715504,0.0060355654,0.2565683,0.046744954,0.34295693,0.013058829
375316653866487564,2271428711879117056,0.5938026,2210.6988804871407,2.9733257814528162,5.6560802E-6,13.816641,0.008988601,0.2680164,0.0016922165,0.073523656,0.0021887654,0.48946866,0.011286849,0.7586309,0.0040235193,0.07877163,0.003931478,0.5191704,0.018627388,null,null,null,null,"TWOGAUSSIANS",8,501.25208,0.7586309,0.0040235193,0.4,0.0,0.5154166,0.018291494,0.2680164,0.0016922165,0.4,0.0,0.48571488,0.010662228
375316653866487564,2271428952397291136,0.52781445,2200.1479288842315,3.3076764227697533,8.47533E-6,16.100008,0.003064037,0.2829363,0.0026290964,0.04963003,0.018351316,0.010861541,0.011089632,null,null,null,null,null,null,0.10350802,0.005235696,0.2829363,0.0026290964,"ONEGAUSSIAN_WITH_ELLIPSOIDAL",6,35.970623,0.2829363,0.0026290964,0.27792817,0.10276737,0.21787746,0.009834286,null,null,null,null,null,null
375316653866487564,2271429983189432704,0.61487687,2202.100673625154,3.5537763470322425,8.648477E-6,16.987946,0.009031744,0.16528696,0.002185458,0.097123764,0.003887125,0.29884815,0.010104254,0.6550423,0.0026111128,0.089958645,0.004048411,0.33982956,0.008934978,null,null,null,null,"TWOGAUSSIANS",8,5.362821,0.6550423,0.0026111128,0.4,0.0,0.3244348,0.005674116,0.16528696,0.002185458,0.4,0.0,0.28345236,0.0086442325
375316653866487564,2271433517945382016,0.6042166,2179.4513647481936,3.049908445727738,6.3846505E-6,17.546974,0.0080413995,0.19212314,0.0012573617,0.07244661,0.0023468519,0.50106704,0.015870927,0.6904978,0.0030817885,0.07161709,0.0030583194,0.48754552,0.019049292,null,null,null,null,"TWOGAUSSIANS",8,9.494116,0.19212314,0.0012573617,0.4,0.0,0.49876386,0.015986482,0.6904978,0.0030817885,0.4,0.00962565,0.48524237,0.019052371
375316653866487564,2271437954648436608,0.46700963,2222.6038747660323,2.959050819550762,3.2646316E-5,16.60545,0.026765183,0.19721682,0.012184289,0.096011534,0.031205714,0.1630427,0.027478848,0.7348732,0.03558098,0.09173489,0.02837872,0.16668838,0.04098976,null,null,null,null,"TWOGAUSSIANS",8,43.978886,0.7348732,0.035581946,0.4,0.018810464,0.16123122,0.0352946,0.19721682,0.012189249,0.4,0.0,0.15758452,0.028026814
375316653866487564,2271438882361369472,0.5412576,2215.7402818166192,2.2477746982816744,1.951591E-5,14.489106,0.6712908,0.2428823,0.010044423,0.1369602,0.10984849,0.23656026,0.64694345,0.7374016,0.005266655,0.12836453,0.07198277,0.22948541,0.56757516,null,null,null,null,"TWOGAUSSIANS",8,106.35748,0.2429723,0.009955727,0.4,0.0,0.16090414,0.006955025,0.7374016,0.005266655,0.4,0.0,0.15420313,0.00734923
375316653866487564,2271444032024940032,0.44624683,2224.8735798882135,3.2264597118807137,3.2437296E-5,18.439907,0.024575824,0.28648087,0.011159412,0.081918776,0.024664795,0.13178742,0.023511516,0.7835639,0.008535201,0.10144272,0.026632173,0.13764329,0.02075733,null,null,null,null,"TWOGAUSSIANS",8,8.131316,0.7835639,0.008535201,0.4,0.0,0.13140386,0.016129963,0.28648087,0.011159412,0.4,0.019447241,0.12554947,0.01914781
375316653866487564,2271448056411746432,0.5396156,2243.486614409837,3.1062726070421567,1.4610977E-5,16.125458,0.42983735,0.18459119,0.006191533,0.13802758,0.047848847,0.21250623,0.30520323,0.688326,0.0041876817,0.1723135,0.111656226,0.23180075,0.4236132,null,null,null,null,"TWOGAUSSIANS",8,11.265332,0.688516,0.0040008887,0.4,0.0,0.11379728,0.0045751343,0.18391119,0.00565536,0.4,0.0,0.10079654,0.0071050897
375316653866487564,2271450221075267328,0.60254043,2218.157118728,1.7588561527574849,6.2678027E-6,16.37405,0.0027470137,0.23347187,0.0060423384,0.06396839,0.0049683796,0.21473466,0.010169969,0.7299059,0.0014807504,0.04954995,0.0021288737,0.37323135,0.023231324,null,null,null,null,"TWOGAUSSIANS",8,10.32231,0.7299059,0.0014807504,0.2774797,0.011921693,0.37320256,0.023238057,0.23347187,0.0060423384,0.358223,0.027822925,0.21470587,0.010167477
375316653866487564,2271458909791812352,0.5719288,2180.4179113288874,2.69817827241748,6.2676922E-6,18.269756,0.011020832,0.21205512,0.0014043171,0.07600336,0.004494981,0.3904874,0.013245663,0.71423227,0.0023820205,0.08430396,0.0031066828,0.33145696,0.015619689,null,null,null,null,"TWOGAUSSIANS",8,2.3771942,0.21205512,0.0014043171,0.4,0.0,0.38519856,0.014126457,0.71423227,0.0023820205,0.4,0.0,0.3261681,0.014525433
375316653866487564,2271468122498997632,0.48092255,2225.310456279347,2.1051979243008736,7.257027E-5,15.099997,1.0877715,0.22678079,0.015245716,0.107049376,0.19389689,0.1562515,0.9794788,0.737331,0.011818405,0.1039504,0.13501744,0.18589824,0.9226467,null,null,null,null,"TWOGAUSSIANS",8,180.4489,0.737341,0.009403633,0.4,0.0,0.16770077,0.022322882,0.22677077,0.014340039,0.4,0.0,0.13805164,0.024013573
375316653866487564,2271477159110190592,0.68830144,2183.527931583979,1.8863741943684103,2.9888645E-6,15.923183,0.003449154,0.22232166,8.563977E-4,0.046880335,0.0013956077,0.50951785,0.013573702,0.7260003,9.6645835E-4,0.047285736,0.011486989,0.13437487,0.0076834215,0.08768465,0.004305439,0.7260003,9.6645835E-4,"TWOGAUSSIANS_WITH_ELLIPSOIDAL_ON_ECLIPSE2",9,7.8542085,0.22253166,7.9828885E-4,0.26252985,0.007815403,0.6847981,0.016670419,0.7260003,9.6645835E-4,0.26480013,0.064327136,0.30974355,0.009001242
375316653866487564,2271477979447343488,0.5021219,2207.399380937746,3.085352978830293,1.6773132E-5,18.334269,0.01292555,0.29716644,0.011689796,0.06863813,0.017146539,0.2697995,0.033984248,0.80332214,0.0042865635,0.06390583,0.0044486546,0.30979216,0.024539022,null,null,null,null,"TWOGAUSSIANS",8,7.311531,0.80332214,0.0042865635,0.35787264,0.024912465,0.30939957,0.024190187,0.29716644,0.011689796,0.38437352,0.04965212,0.2694069,0.035124987
375316653866487564,2271482240054952704,0.5068183,2157.793891028554,1.1620158429480745,2.6289117E-5,18.982994,0.007735428,0.17215389,0.0044160993,0.012720713,0.0064004264,0.84009403,4.3846664,0.851579,4.329622E-4,0.009687697,0.0024109446,0.03385344,0.007063839,null,null,null,null,"TWOGAUSSIANS",8,13.086873,0.17215389,0.0044160993,0.071236,0.03584239,0.84009403,4.3846664,0.851579,4.329622E-4,0.0542511,0.013501289,0.03385344,0.007063839
375316653866487564,2271482446213408000,0.47315675,2172.014054372356,3.5721241641355475,3.1466054E-5,19.854967,0.019175112,0.26919428,0.013434128,0.06424725,0.035895936,0.18786767,0.032646924,0.7546281,0.005613623,0.072611816,0.011449157,0.23533472,0.02894703,null,null,null,null,"TWOGAUSSIANS",8,1.7450253,0.7546281,0.005613623,0.4,0.019553252,0.23497467,0.02789819,0.26919428,0.013434128,0.35978463,0.07690479,0.18750761,0.03387065
375316653866487564,2271483756180078080,0.4589883,2225.275836491956,4.101290441614998,6.7041474E-5,17.595203,0.003988311,0.13804488,0.003980249,0.025863465,0.011091016,0.08676951,0.022404635,0.5961756,0.008414395,0.06992174,0.009068058,0.084062144,0.008593397,null,null,null,null,"TWOGAUSSIANS",8,5.509324,0.13804488,0.003980249,0.1448354,0.062109694,0.08676949,0.022404859,0.5961756,0.008414395,0.39156175,0.04530501,0.08406213,0.008593402
