Gaia/vari_eclipsing_binary/VariEclipsingBinary_597202-597233.csv
# %ECSV 1.0
# ---
# delimiter: ','
# meta: !!omap
# - RELEASE: Gaia DR3
# - TABLE: vari_eclipsing_binary
# - DESCRIPTION: >
#     This table describes the properties of the eclipsing binaries resulting from the variability analysis. 
# - CITATION: >
#     How to cite and acknowledge Gaia: 
#     https://gea.esac.esa.int/archive/documentation/credits.html 
# - KNOWN_ISSUES: >
#     Known issues: 
#     https://www.cosmos.esa.int/web/gaia-users/known-issues 
# - DOCUMENTATION: >
#     Tutorials and documentation: 
#     https://www.cosmos.esa.int/web/gaia-users/archive 
# datatype:
# - 
#   name: solution_id
#   datatype: int64
#   description: Solution Identifier
#   meta:
#     ucd: meta.version
# - 
#   name: source_id
#   datatype: int64
#   description: Unique source identifier
#   meta:
#     ucd: meta.id;meta.main
# - 
#   name: global_ranking
#   datatype: float32
#   description: Number between 0 (worst) and 1 (best)
#   meta:
#     ucd: stat.param
# - 
#   name: reference_time
#   datatype: float64
#   unit: d
#   description: Reference time used for the geometric model fit
#   meta:
#     ucd: time.epoch
# - 
#   name: frequency
#   datatype: float64
#   unit: d**-1
#   description: Frequency of geometric model of the eclipsing binary light curve
#   meta:
#     ucd: src.orbital
# - 
#   name: frequency_error
#   datatype: float32
#   unit: d**-1
#   description: "Uncertainty of \\texttt{frequency}"
#   meta:
#     ucd: stat.error
# - 
#   name: geom_model_reference_level
#   datatype: float32
#   unit: mag
#   description: Magnitude reference level of geometric model
#   meta:
#     ucd: phot.mag;em.opt
# - 
#   name: geom_model_reference_level_error
#   datatype: float32
#   unit: mag
#   description: "Uncertainty of \\texttt{geomModelReferenceLevel}"
#   meta:
#     ucd: stat.error;phot.mag;em.opt
# - 
#   name: geom_model_gaussian1_phase
#   datatype: float32
#   description: Phase of the Gaussian 1 component
#   meta:
#     ucd: time.phase
# - 
#   name: geom_model_gaussian1_phase_error
#   datatype: float32
#   description: "Uncertainty of \\texttt{geomModelGaussian1Phase}"
#   meta:
#     ucd: stat.error;time.phase
# - 
#   name: geom_model_gaussian1_sigma
#   datatype: float32
#   description: "Standard deviation [phase] of Gaussian 1 component"
#   meta:
#     ucd: stat.stdev
# - 
#   name: geom_model_gaussian1_sigma_error
#   datatype: float32
#   description: "Uncertainty of \\texttt{geomModelGaussian1Sigma}"
#   meta:
#     ucd: stat.error
# - 
#   name: geom_model_gaussian1_depth
#   datatype: float32
#   unit: mag
#   description: Magnitude depth of Gaussian 1 component
#   meta:
#     ucd: src.var.amplitude
# - 
#   name: geom_model_gaussian1_depth_error
#   datatype: float32
#   unit: mag
#   description: "Uncertainty of \\texttt{geomModelGaussian1Depth}"
#   meta:
#     ucd: stat.error;src.var.amplitude
# - 
#   name: geom_model_gaussian2_phase
#   datatype: float32
#   description: Phase of Gaussian 2 component
#   meta:
#     ucd: time.phase
# - 
#   name: geom_model_gaussian2_phase_error
#   datatype: float32
#   description: "Uncertainty of \\texttt{geomModelGaussian2Phase}"
#   meta:
#     ucd: stat.error;time.phase
# - 
#   name: geom_model_gaussian2_sigma
#   datatype: float32
[...]
#   datatype: float32
#   description: "Secondary eclipse: uncertainty of \\texttt{derivedSecondaryEclDuration}"
#   meta:
#     ucd: stat.error;time.duration
# - 
#   name: derived_secondary_ecl_depth
#   datatype: float32
#   unit: mag
#   description: "Secondary eclipse: depth"
#   meta:
#     ucd: src.var.amplitude
# - 
#   name: derived_secondary_ecl_depth_error
#   datatype: float32
#   unit: mag
#   description: "Secondary eclipse: uncertainty of \\texttt{derivedSecondaryEclDepth}"
#   meta:
#     ucd: stat.error;src.var.amplitude
solution_id,source_id,global_ranking,reference_time,frequency,frequency_error,geom_model_reference_level,geom_model_reference_level_error,geom_model_gaussian1_phase,geom_model_gaussian1_phase_error,geom_model_gaussian1_sigma,geom_model_gaussian1_sigma_error,geom_model_gaussian1_depth,geom_model_gaussian1_depth_error,geom_model_gaussian2_phase,geom_model_gaussian2_phase_error,geom_model_gaussian2_sigma,geom_model_gaussian2_sigma_error,geom_model_gaussian2_depth,geom_model_gaussian2_depth_error,geom_model_cosine_half_period_amplitude,geom_model_cosine_half_period_amplitude_error,geom_model_cosine_half_period_phase,geom_model_cosine_half_period_phase_error,model_type,num_model_parameters,reduced_chi2,derived_primary_ecl_phase,derived_primary_ecl_phase_error,derived_primary_ecl_duration,derived_primary_ecl_duration_error,derived_primary_ecl_depth,derived_primary_ecl_depth_error,derived_secondary_ecl_phase,derived_secondary_ecl_phase_error,derived_secondary_ecl_duration,derived_secondary_ecl_duration_error,derived_secondary_ecl_depth,derived_secondary_ecl_depth_error
[from data line 37]
375316653866487564,5253055821228424192,0.494776,2209.135448836145,3.632269180997014,1.2959607E-5,19.501965,0.012338868,0.22161874,0.012740362,0.053060334,0.025872344,0.25716302,0.068252735,0.7462701,0.002741657,0.021050483,0.0076811085,0.28744423,0.053695016,0.10880815,0.018487727,0.22161874,0.012740362,"TWOGAUSSIANS_WITH_ELLIPSOIDAL_ON_ECLIPSE1",9,10.172205,0.7462701,0.002741657,0.117882706,0.04301421,0.49987727,0.051363856,0.22161874,0.012740362,0.29713786,0.11652917,0.4747752,0.05335723
375316653866487564,5253056134738324096,0.59287703,2213.60006628582,1.3968083098202069,2.1930648E-5,18.133291,0.0063881953,0.21265467,0.0038156928,0.038073845,0.0046295454,0.13693172,0.0049346103,0.70873487,0.012540622,0.04956895,0.04910127,0.889687,0.7962916,null,null,null,null,"TWOGAUSSIANS",8,2.802993,0.70873487,0.012540622,0.2775861,0.120406434,0.88968694,0.7965131,0.21265467,0.0038156928,0.21321353,0.025925454,0.13693167,0.0047899648
375316653866487564,5253056203496080896,0.5441777,2182.7741059771924,3.115789640311591,1.086243E-5,17.149055,0.00865447,0.1989752,0.0027423305,0.094992645,0.005996926,0.18288715,0.008945478,0.7087572,0.0037075412,0.09561724,0.0077247354,0.17103174,0.008339381,null,null,null,null,"TWOGAUSSIANS",8,4.972653,0.1989752,0.0027423305,0.4,0.0,0.17299421,0.0072804173,0.7087572,0.0037075412,0.4,0.0,0.16113876,0.0060266033
375316653866487564,5253056993734321792,0.42888346,2211.858412359792,3.780495425666711,4.8182308E-5,19.158943,0.015186584,0.24506006,0.02024019,0.049731053,0.024398815,0.2395817,0.21116403,0.7417641,0.011765481,0.072048575,0.011082381,0.20364888,0.03433628,null,null,null,null,"TWOGAUSSIANS",8,7.677028,0.24506006,0.02024019,0.27849388,0.13663337,0.2394982,0.21136469,0.7417641,0.011765481,0.4,0.03000317,0.20356537,0.034317303
375316653866487564,5253056993770326656,0.5532716,2254.9458416455486,1.0717711160228534,2.757283E-5,16.079449,0.0031077478,0.19778378,0.005248703,0.023851603,0.013259989,0.070781805,0.17336369,0.69085985,0.0026517913,0.031953774,0.0028683245,0.25072592,0.017361714,0.023151515,0.0051180054,0.19778378,0.005248703,"TWOGAUSSIANS_WITH_ELLIPSOIDAL_ON_ECLIPSE1",9,18.65516,0.6909598,0.002622807,0.17894115,0.016062617,0.2969426,0.01635811,0.19778378,0.005248703,0.13356899,0.07425594,0.11708479,0.17541702
375316653866487564,5253058127641571840,0.40681535,2241.3589717548166,0.02117292790337887,2.1534142E-5,16.209068,0.017393677,0.35584265,0.010125396,0.14466253,0.025185965,0.36707827,0.046413753,0.78788865,0.0052076,0.021986512,0.010887304,7.975084,1589.0732,null,null,null,null,"TWOGAUSSIANS",8,192.6089,0.78788865,0.0052076,0.123124465,0.060968902,7.9768705,1589.0734,0.35584265,0.010125396,0.4,0.0,0.36445522,0.050200317
375316653866487564,5253058638700908032,0.5114802,2225.552154891585,0.21679186720195806,1.0503054E-6,17.674337,0.003020022,0.22759765,1.2425761E-7,0.0014951499,5.6437166E-6,1.0455166,8.613838E-4,0.5666464,0.04230744,0.038422607,0.035050295,0.01763847,0.018948738,null,null,null,null,"TWOGAUSSIANS",8,14.057542,0.22759765,1.2425761E-7,0.00837284,3.1604814E-5,1.0455166,8.613887E-4,0.5666464,0.04230744,0.2151666,0.19628166,0.01763847,0.018948738
375316653866487564,5253059295872572416,0.47923666,2212.118017701974,3.136213624556549,2.386762E-5,18.568272,0.024469787,0.2776342,0.0071129245,0.083819814,0.010396865,0.55507237,0.055756614,0.7873494,0.008959991,0.0797606,0.010556733,0.41316643,0.056190055,null,null,null,null,"TWOGAUSSIANS",8,28.411098,0.2776342,0.0071129245,0.4,0.0,0.547591,0.057803705,0.7873494,0.008959991,0.4,0.0,0.40568504,0.056524742
375316653866487564,5253059673837625088,0.51863444,2206.2419407420316,0.6601655568996438,1.0930542E-5,14.455082,0.0016111546,0.20956221,0.004084611,0.026033875,0.00274452,0.07077876,0.008949241,0.7067321,0.0031357228,0.021230547,0.0013888861,0.5354175,0.16412598,0.010994723,0.0021241768,0.20956221,0.004084611,"TWOGAUSSIANS_WITH_ELLIPSOIDAL_ON_ECLIPSE1",9,28.373613,0.7067321,0.003126265,0.11889107,0.007777762,0.5574,0.16513363,0.20956221,0.004084611,0.1457897,0.015369312,0.09276819,0.007993785
375316653866487564,5253059914311700864,0.46469572,2176.9770476244253,2.75005421191867,2.008766E-5,19.615639,0.008442857,0.22576506,0.0036637292,0.06465585,0.006939512,0.25244874,0.01386372,0.7213387,0.011420099,0.05886,0.009267301,0.28117955,0.06976336,null,null,null,null,"TWOGAUSSIANS",8,2.9540527,0.7213387,0.011420099,0.329616,0.05189689,0.28105268,0.069837205,0.22576506,0.0036637292,0.36207277,0.038861267,0.25232187,0.013919814
375316653866487564,5253060979463081472,0.5618497,2197.7851417315524,2.3484753320016325,5.043167E-6,16.855803,0.0052466146,0.16750403,0.002345266,0.07858447,0.0020636767,0.3538417,0.008285183,0.67179024,0.0019438185,0.07943032,0.003168811,0.37461096,0.00993588,null,null,null,null,"TWOGAUSSIANS",8,19.729507,0.67179024,0.0019438185,0.4,0.0,0.37013736,0.010264771,0.16750403,0.002345266,0.4,0.0,0.34936807,0.007863721
375316653866487564,5253061151255812608,0.51205075,2199.730184153909,1.2426635333287013,2.8230566E-5,19.135317,0.0043205153,0.15847379,0.008088776,0.006975234,0.0065450845,0.0528923,0.07420786,0.37350887,0.0243843,0.04307142,0.029601358,0.7342433,8.890984E11,null,null,null,null,"TWOGAUSSIANS",8,1.6416771,0.37350887,0.0243843,0.24119996,0.16576761,0.7342433,8.890984E11,0.15847379,0.008088776,0.03906131,0.036652472,0.052895144,0.07421007
375316653866487564,5253061284426690432,0.50088876,2130.629885185749,2.9365525926306417,2.0803856E-5,19.847252,0.016693924,0.30429807,0.0059169773,0.07399594,0.0065142163,0.3411324,0.033265222,0.81338716,0.0076728477,0.090041965,0.007558012,0.27144232,0.024107877,null,null,null,null,"TWOGAUSSIANS",8,1.6493441,0.30429807,0.0059169773,0.4,0.00325713,0.33629254,0.032429114,0.81338716,0.0076728477,0.4,0.0,0.2666023,0.022974413
375316653866487564,5253061701011722368,0.4432395,2170.9794423758667,1.4294767373320922,3.5426572E-5,17.773512,0.01092209,0.27777535,0.017783487,0.085568324,0.023585387,0.07892192,0.01331058,0.7297256,0.005391254,0.09134259,0.0106679,0.109069444,0.011492273,null,null,null,null,"TWOGAUSSIANS",8,7.8027625,0.7297256,0.005391254,0.4,0.0,0.10753422,0.009457859,0.27777535,0.017777178,0.4,0.0,0.077387154,0.011815649
375316653866487564,5253061701017434752,0.5184976,2218.2477047035663,2.6683162671462126,1.7839717E-5,19.792513,0.013818744,0.23837167,0.004208162,0.09069959,0.008321586,0.27996305,0.019707873,0.73846245,0.004755502,0.074261114,0.0070891003,0.41894296,0.058616865,null,null,null,null,"TWOGAUSSIANS",8,0.9772277,0.73846245,0.004755502,0.4,0.014619604,0.4122328,0.060010795,0.23837167,0.004208162,0.4,0.0,0.27325273,0.020151852
375316653866487564,5253061907212516096,0.5471671,2214.8414148729225,0.6617957932055863,6.8938252E-6,14.58868,0.0035940174,0.32317767,0.0028941662,0.036594972,0.0038772805,0.27906528,0.0151113,0.8160704,0.0077560837,0.033222735,0.011692882,0.045435503,0.0159076,0.025070107,0.008632069,0.8160704,0.0077560837,"TWOGAUSSIANS_WITH_ELLIPSOIDAL_ON_ECLIPSE2",9,150.93326,0.32304767,0.0028189109,0.20493186,0.02171277,0.32910743,0.016267467,0.8160704,0.0077560837,0.1860473,0.065480135,0.09557571,0.012097098
375316653866487564,5253062452654831488,0.53070736,2211.1298344090046,0.9790293110330289,1.9138335E-5,19.230171,0.004629645,0.569875,0.036419805,0.040609654,0.037865017,0.029532045,0.0636729,0.7435818,6.979536E-4,0.03309229,0.0012948323,0.49712855,0.018339042,null,null,null,null,"TWOGAUSSIANS",8,1.3772762,0.7435818,6.979536E-4,0.18531682,0.007251061,0.4971317,0.018331846,0.569875,0.036434036,0.22741407,0.2120441,0.029532561,0.06368006
375316653866487564,5253062456935731072,0.4697077,2184.8403385219576,3.273704436567458,1.770881E-5,19.728058,0.032183133,0.2525522,0.0042551747,0.084779814,0.008581403,0.46624225,0.027674997,0.7503689,0.006946748,0.10556291,0.011935351,0.39577562,0.035222273,null,null,null,null,"TWOGAUSSIANS",8,2.8306623,0.2525522,0.0042551747,0.4,0.0,0.4402646,0.01902599,0.7503689,0.006946748,0.4,0.0,0.36978734,0.026834251
375316653866487564,5253063075446417536,0.66233873,2214.0565227895086,0.4812686451032463,1.2471473E-6,16.524115,9.224251E-4,0.15650332,2.2580421E-4,0.018775526,6.3004356E-4,0.51630837,0.040890686,0.65701354,7.210631E-4,0.019523704,7.3495443E-4,0.32880074,0.0112243835,null,null,null,null,"TWOGAUSSIANS",8,2.8919976,0.15650332,2.2580421E-4,0.10514294,0.003528244,0.51630837,0.040890686,0.65701354,7.210631E-4,0.10933275,0.004115745,0.32880074,0.0112243835
375316653866487564,5253063311644646272,0.48241287,2218.6791580935605,2.9238696430234357,2.8732178E-5,18.994236,0.08188901,0.18979672,0.009233246,0.10976423,0.03432199,0.30396333,0.06898127,0.69041795,0.0055131027,0.10107374,0.019164218,0.33426017,0.07597291,null,null,null,null,"TWOGAUSSIANS",8,5.957641,0.69041795,0.0055131027,0.4,0.0,0.29637945,0.024644917,0.18979672,0.009248718,0.4,0.0,0.26606688,0.028855817
375316653866487564,5253063693921817216,0.5454119,2192.7307023223734,0.7409364416930123,8.3669765E-5,14.663475,7.4384635E-4,0.6308406,0.024923336,0.0322092,0.013868553,0.006779533,0.0043528033,0.86093515,0.011028563,0.025669515,0.017659351,0.10553187,0.056255843,null,null,null,null,"TWOGAUSSIANS",8,10.775609,0.86093515,0.011028563,0.14374928,0.09889237,0.10553187,0.056255843,0.6308406,0.024923336,0.18037151,0.0776639,0.006779533,0.0043528033
375316653866487564,5253063831360841728,0.47869927,2193.300156281606,1.2980089891580364,2.3524684E-5,18.771662,0.005441473,0.25924668,0.1699558,0.092884175,0.12241709,0.036442336,728826.56,0.5725389,0.008161421,0.02092261,0.01007252,0.4870709,8.881164,null,null,null,null,"TWOGAUSSIANS",8,4.612584,0.5725389,0.008161421,0.11716662,0.05640611,0.4871942,8.881215,0.25924668,0.1699558,0.4,0.48961368,0.0364423,728826.56
375316653866487564,5253063968764398720,0.4950909,2199.329626146854,3.3536269062914115,1.6406811E-5,19.106007,0.013759371,0.22876368,0.0043228627,0.08779015,0.008779444,0.4040021,0.034751594,0.7317192,0.009772947,0.08094805,0.010827592,0.38076308,0.03178475,null,null,null,null,"TWOGAUSSIANS",8,4.484349,0.22876368,0.0043228627,0.4,0.0,0.39476562,0.038435522,0.7317192,0.009772947,0.4,9.104921E-5,0.37152666,0.032445602
375316653866487564,5253064552880410112,0.5499058,2157.9937758917886,4.1801989131552855,8.462138E-6,19.484514,0.014700246,0.19153716,0.0031538126,0.066366985,0.0051016323,0.6771226,0.058401573,0.6875685,0.005503278,0.07021787,0.005692781,0.69037086,0.03018477,null,null,null,null,"TWOGAUSSIANS",8,2.6685967,0.6875685,0.005503278,0.39322007,0.023693873,0.68885887,0.030142786,0.19153716,0.0031538126,0.3716551,0.028569141,0.6756106,0.059097897
375316653866487564,5253064621634916096,0.5573865,2204.6417963556896,2.6208489649347175,7.681074E-6,17.533133,0.012211814,0.21192628,0.0030011006,0.08981273,0.006216759,0.25889766,0.011555499,0.70581305,0.0057878997,0.09695285,0.011014626,0.25325558,0.014039945,null,null,null,null,"TWOGAUSSIANS",8,5.7040386,0.21192628,0.0030011006,0.4,0.0,0.24589093,0.0072946344,0.70581305,0.0057878997,0.4,0.0,0.24024805,0.014572463
375316653866487564,5253064827793441536,0.6945176,2221.531568080263,2.3305561061941273,1.6735432E-6,15.70991,0.0040374985,0.3039454,5.161607E-4,0.04696284,0.0027437897,0.17836028,0.008746812,0.8035598,0.0058533982,0.046790592,0.0034543155,0.19320084,0.039068718,0.11748064,0.0043732957,0.3039454,5.161607E-4,"TWOGAUSSIANS_WITH_ELLIPSOIDAL_ON_ECLIPSE1",9,4.804624,0.8036298,0.0045266054,0.26202732,0.019344166,0.42816064,0.039300848,0.3039454,5.161607E-4,0.2629919,0.0153652225,0.41332123,0.009752651
375316653866487564,5253065480634758144,0.46761346,2176.5602730631076,2.3199430765192703,2.4018218E-5,18.90119,0.18974029,0.24088082,0.011066275,0.074062675,0.0923343,0.20398934,0.12603936,0.7549684,0.009701581,0.10568993,0.02989053,0.3710911,0.17822087,null,null,null,null,"TWOGAUSSIANS",8,9.141508,0.7549684,0.0096352,0.4,0.0,0.36153898,0.027324855,0.24087082,0.010907911,0.4,0.03699839,0.19444947,0.063786946
375316653866487564,5253065514988032256,0.4536714,2176.5192936954923,1.634589059270186,3.3769637E-5,18.112543,0.0023466644,null,null,null,null,null,null,null,null,null,null,null,null,0.03191845,0.0027270007,0.2882624,0.008015832,"ELLIPSOIDAL",4,2.4090445,null,null,null,null,null,null,null,null,null,null,null,null
375316653866487564,5253065892945304320,0.6482782,2220.738703553448,0.398473,8.0148006E-5,15.351162,5.8883557E-4,0.714384,0.07310847,0.057821244,0.041168183,0.0025630202,0.0011458909,0.38337824,0.0142629575,0.0134802805,0.0056027784,0.4679918,1.5914258,null,null,null,null,"TWOGAUSSIANS",8,1.8500661,0.38337824,0.0142629575,0.07548957,0.031375557,0.4679918,1.5914257,0.714384,0.07310847,0.32379895,0.19397958,0.0025630202,0.0011458909
375316653866487564,5253066404002607616,0.49298638,2197.042825138816,3.3598194409072373,1.6569142E-5,19.252481,0.01628887,0.2225849,0.006890423,0.07272082,0.013775765,0.2621766,0.10299435,0.729335,0.0050246404,0.08967336,0.0077001164,0.27279165,0.017842554,null,null,null,null,"TWOGAUSSIANS",8,1.6776718,0.729335,0.0050246404,0.4,0.0,0.2686972,0.015631022,0.2225849,0.006890423,0.4,0.06313968,0.25808224,0.10512033
375316653866487564,5253066472744270464,0.57131606,2197.7831174913135,1.8610417090106606,5.8768783E-6,18.905647,0.003986115,0.13309379,0.0021369632,0.007392885,5.096005E-4,5.1596985,1.5249178,0.25665173,0.0046006986,0.012006253,0.0015602898,0.3861744,0.08820654,null,null,null,null,"TWOGAUSSIANS",8,3.2097836,0.13309379,0.0021369632,0.041400157,0.0028537628,5.1596985,1.5249178,0.25665173,0.0046006986,0.06723502,0.008737623,0.3861744,0.08820654
375316653866487564,5253067336054141312,0.5800282,2208.0876960914106,1.4958610499999234,8.03812E-6,17.301168,0.00821919,0.24766108,0.0022371905,0.105730996,0.004646795,0.25333065,0.008117774,0.7408687,0.002245355,0.090858534,0.004115193,0.2743716,0.0081595965,null,null,null,null,"TWOGAUSSIANS",8,3.5028927,0.7408687,0.002245355,0.4,0.0,0.25550354,0.0052375374,0.24766108,0.0022371905,0.4,0.0,0.23445538,0.006217629
375316653866487564,5253067404738381696,0.54851145,2203.9421680981795,1.4763447780035979,2.1880434E-5,18.46658,0.023116274,0.29229024,0.008412551,0.10393669,0.012866611,0.27366212,0.023117347,0.7768694,0.004522809,0.09485627,0.008548649,0.3213069,0.023032006,null,null,null,null,"TWOGAUSSIANS",8,3.8359137,0.7768694,0.004522809,0.4,0.0,0.30086148,0.011713806,0.29229024,0.008412551,0.4,0.0,0.25321102,0.018358726
375316653866487564,5253068122010500224,0.58692527,2233.8557839186883,2.942432783653946,8.016214E-6,17.94063,0.012806161,0.21678606,0.0022316028,0.042803403,0.0058194,0.2097029,0.03002258,0.702611,0.0035775916,0.066827014,0.0067120558,0.3028899,0.047705483,0.10815888,0.015157042,0.21678606,0.0022316028,"TWOGAUSSIANS_WITH_ELLIPSOIDAL_ON_ECLIPSE1",9,5.6699224,0.705461,0.003152825,0.37423128,0.031405825,0.5177175,0.037631232,0.21678606,0.0022316028,0.23969905,0.03258864,0.42589924,0.019938406
375316653866487564,5253068259430077568,0.54189354,2196.909659146662,1.821931790901952,3.82358E-6,17.785873,0.0058548073,0.31093183,0.0011486867,0.024714284,0.0023527401,0.3471067,0.039476313,0.8121604,6.047978E-4,0.023078823,0.0014176064,0.6679592,0.1572566,null,null,null,null,"TWOGAUSSIANS",8,14.07398,0.8121604,6.047978E-4,0.12924142,0.007938596,0.6679592,0.1572566,0.31093183,0.0011486867,0.13839999,0.013175345,0.3471067,0.039476313
375316653866487564,5253068259431691904,0.5448181,2174.422506002661,3.0849996594662756,1.0463222E-5,17.019125,0.8113232,0.22209433,0.0054479446,0.20669295,0.11564596,0.6445968,0.78665066,0.7180614,0.006246856,0.16151233,0.05645695,0.60945475,0.654009,null,null,null,null,"TWOGAUSSIANS",8,4.8999314,0.7180614,0.006246856,0.4,0.0,0.19085868,0.006883432,0.22323433,0.004186693,0.4,0.0,0.1669739,0.007261895
