Gaia/vari_eclipsing_binary/VariEclipsingBinary_670226-670260.csv
# %ECSV 1.0
# ---
# delimiter: ','
# meta: !!omap
# - RELEASE: Gaia DR3
# - TABLE: vari_eclipsing_binary
# - DESCRIPTION: >
#     This table describes the properties of the eclipsing binaries resulting from the variability analysis. 
# - CITATION: >
#     How to cite and acknowledge Gaia: 
#     https://gea.esac.esa.int/archive/documentation/credits.html 
# - KNOWN_ISSUES: >
#     Known issues: 
#     https://www.cosmos.esa.int/web/gaia-users/known-issues 
# - DOCUMENTATION: >
#     Tutorials and documentation: 
#     https://www.cosmos.esa.int/web/gaia-users/archive 
# datatype:
# - 
#   name: solution_id
#   datatype: int64
#   description: Solution Identifier
#   meta:
#     ucd: meta.version
# - 
#   name: source_id
#   datatype: int64
#   description: Unique source identifier
#   meta:
#     ucd: meta.id;meta.main
# - 
#   name: global_ranking
#   datatype: float32
#   description: Number between 0 (worst) and 1 (best)
#   meta:
#     ucd: stat.param
# - 
#   name: reference_time
#   datatype: float64
#   unit: d
#   description: Reference time used for the geometric model fit
#   meta:
#     ucd: time.epoch
# - 
#   name: frequency
#   datatype: float64
#   unit: d**-1
#   description: Frequency of geometric model of the eclipsing binary light curve
#   meta:
#     ucd: src.orbital
# - 
#   name: frequency_error
#   datatype: float32
#   unit: d**-1
#   description: "Uncertainty of \\texttt{frequency}"
#   meta:
#     ucd: stat.error
# - 
#   name: geom_model_reference_level
#   datatype: float32
#   unit: mag
#   description: Magnitude reference level of geometric model
#   meta:
#     ucd: phot.mag;em.opt
# - 
#   name: geom_model_reference_level_error
#   datatype: float32
#   unit: mag
#   description: "Uncertainty of \\texttt{geomModelReferenceLevel}"
#   meta:
#     ucd: stat.error;phot.mag;em.opt
# - 
#   name: geom_model_gaussian1_phase
#   datatype: float32
#   description: Phase of the Gaussian 1 component
#   meta:
#     ucd: time.phase
# - 
#   name: geom_model_gaussian1_phase_error
#   datatype: float32
#   description: "Uncertainty of \\texttt{geomModelGaussian1Phase}"
#   meta:
#     ucd: stat.error;time.phase
# - 
#   name: geom_model_gaussian1_sigma
#   datatype: float32
#   description: "Standard deviation [phase] of Gaussian 1 component"
#   meta:
#     ucd: stat.stdev
# - 
#   name: geom_model_gaussian1_sigma_error
#   datatype: float32
#   description: "Uncertainty of \\texttt{geomModelGaussian1Sigma}"
#   meta:
#     ucd: stat.error
# - 
#   name: geom_model_gaussian1_depth
#   datatype: float32
#   unit: mag
#   description: Magnitude depth of Gaussian 1 component
#   meta:
#     ucd: src.var.amplitude
# - 
#   name: geom_model_gaussian1_depth_error
#   datatype: float32
#   unit: mag
#   description: "Uncertainty of \\texttt{geomModelGaussian1Depth}"
#   meta:
#     ucd: stat.error;src.var.amplitude
# - 
#   name: geom_model_gaussian2_phase
#   datatype: float32
#   description: Phase of Gaussian 2 component
#   meta:
#     ucd: time.phase
# - 
#   name: geom_model_gaussian2_phase_error
#   datatype: float32
#   description: "Uncertainty of \\texttt{geomModelGaussian2Phase}"
#   meta:
#     ucd: stat.error;time.phase
# - 
#   name: geom_model_gaussian2_sigma
#   datatype: float32
[...]
#   datatype: float32
#   description: "Secondary eclipse: uncertainty of \\texttt{derivedSecondaryEclDuration}"
#   meta:
#     ucd: stat.error;time.duration
# - 
#   name: derived_secondary_ecl_depth
#   datatype: float32
#   unit: mag
#   description: "Secondary eclipse: depth"
#   meta:
#     ucd: src.var.amplitude
# - 
#   name: derived_secondary_ecl_depth_error
#   datatype: float32
#   unit: mag
#   description: "Secondary eclipse: uncertainty of \\texttt{derivedSecondaryEclDepth}"
#   meta:
#     ucd: stat.error;src.var.amplitude
solution_id,source_id,global_ranking,reference_time,frequency,frequency_error,geom_model_reference_level,geom_model_reference_level_error,geom_model_gaussian1_phase,geom_model_gaussian1_phase_error,geom_model_gaussian1_sigma,geom_model_gaussian1_sigma_error,geom_model_gaussian1_depth,geom_model_gaussian1_depth_error,geom_model_gaussian2_phase,geom_model_gaussian2_phase_error,geom_model_gaussian2_sigma,geom_model_gaussian2_sigma_error,geom_model_gaussian2_depth,geom_model_gaussian2_depth_error,geom_model_cosine_half_period_amplitude,geom_model_cosine_half_period_amplitude_error,geom_model_cosine_half_period_phase,geom_model_cosine_half_period_phase_error,model_type,num_model_parameters,reduced_chi2,derived_primary_ecl_phase,derived_primary_ecl_phase_error,derived_primary_ecl_duration,derived_primary_ecl_duration_error,derived_primary_ecl_depth,derived_primary_ecl_depth_error,derived_secondary_ecl_phase,derived_secondary_ecl_phase_error,derived_secondary_ecl_duration,derived_secondary_ecl_duration_error,derived_secondary_ecl_depth,derived_secondary_ecl_depth_error
[from data line 109]
375316653866487564,5895415875947750144,0.5406276,2210.8649220167636,3.8306935029267604,1.2029117E-5,19.523478,0.010167606,0.28399298,0.0025717362,0.03759827,0.004743977,0.37054852,0.037214383,0.7799276,0.020855518,0.04665863,0.013724462,0.23820922,0.062045142,0.1497456,0.0177068,0.28399298,0.0025717362,"TWOGAUSSIANS_WITH_ELLIPSOIDAL_ON_ECLIPSE1",9,3.0186641,0.28399298,0.0025717362,0.21055032,0.02656627,0.6700396,0.033227623,0.78064764,0.018271796,0.26128832,0.076856986,0.53753966,0.051096473
375316653866487564,5895416941099906688,0.489632,2182.6447133795264,3.385251465233936,1.5197662E-5,19.584677,0.008780363,0.24766415,0.005423066,0.07865556,0.008100804,0.25240433,0.020797927,0.7386916,0.008907309,0.0808471,0.008402654,0.2406712,0.021558035,null,null,null,null,"TWOGAUSSIANS",8,2.0277197,0.24766415,0.005423066,0.4,0.0,0.2493738,0.021610385,0.7386916,0.008907309,0.4,0.0,0.23764065,0.02161683
375316653866487564,5895418006252041984,0.40854412,2215.7623935750526,0.9418104651226852,5.4293805E-6,18.942404,0.00524122,0.15165421,3.2744563E-5,0.009734817,1.4851961E-4,3.9892933,0.3013011,0.508736,0.023286968,0.026759168,0.035649147,0.09380488,0.040231574,8.5436605E-4,0.0057501607,0.508736,0.023286968,"TWOGAUSSIANS_WITH_ELLIPSOIDAL_ON_ECLIPSE2",9,13.135596,0.15165421,3.2744563E-5,0.054514974,8.317098E-4,3.9899569,0.3023906,0.508736,0.023286968,0.14985134,0.19963522,0.09551361,0.039684433
375316653866487564,5895418212410509696,0.4848803,2210.8471493865654,2.820381908606429,1.2546672E-5,19.044512,0.015215641,0.18584737,0.0052082767,0.10510116,0.012534405,0.20904896,0.015727147,0.67342204,0.005266695,0.08666539,0.008364661,0.2533762,0.021374047,null,null,null,null,"TWOGAUSSIANS",8,2.5547373,0.67342204,0.005266695,0.4,0.0,0.24064033,0.019961786,0.18584737,0.0052082767,0.4,0.0,0.19630726,0.015819518
375316653866487564,5895418281154409088,0.60078746,2230.8637276409954,2.3943927485140795,5.4415395E-6,17.205036,0.003661078,0.252275,0.0017373598,0.09125555,0.0026882403,0.33627033,0.0041224025,0.75621605,0.0024772903,0.07388658,0.0030851199,0.20058134,0.0072652204,null,null,null,null,"TWOGAUSSIANS",8,4.7212152,0.252275,0.0017373598,0.4,0.0,0.33123255,0.003901214,0.75621605,0.0024772903,0.4,0.0,0.19554377,0.0075098407
375316653866487564,5895418487312961920,0.5167088,2243.204044590733,3.263912088189501,1.9540817E-5,16.266863,0.014465859,0.26848254,0.005027126,0.1188575,0.022075063,0.068880185,0.013752766,0.7705153,0.004830177,0.10816721,0.023363357,0.06106197,0.01180365,null,null,null,null,"TWOGAUSSIANS",8,3.1995118,0.26848254,0.0050284965,0.4,0.0,0.057615172,0.003059741,0.77052534,0.004867,0.4,0.0,0.049813986,0.0036158077
375316653866487564,5895418654776756608,0.41678557,2202.7494325764887,1.8055880262347606,4.080568E-5,18.88313,0.17400381,0.2060351,0.013497894,0.041014213,0.026104307,0.18058611,0.028368773,0.656591,0.027619908,0.17461789,0.14744104,0.110605314,0.16769475,null,null,null,null,"TWOGAUSSIANS",8,14.194607,0.20645511,0.012045356,0.2296796,0.14618412,0.17755128,0.033309497,0.656591,0.027619908,0.4,0.0,0.10281445,0.021000477
375316653866487564,5895419277562275200,0.56772846,2210.414290884326,2.653747895986648,5.275973E-6,18.609842,0.0073902793,0.22253494,0.0040612784,0.024903081,0.0061335606,0.1686013,0.024946466,0.72728133,7.45713E-4,0.034348976,0.0013013238,0.71090776,0.023373406,0.048973408,0.012425803,0.22253494,0.0040612784,"TWOGAUSSIANS_WITH_ELLIPSOIDAL_ON_ECLIPSE1",9,9.078383,0.72728133,7.45713E-4,0.19235428,0.007287413,0.8087675,0.022017023,0.22253494,0.0040612784,0.13945726,0.03434794,0.2665481,0.02864504
375316653866487564,5895421167348198272,0.5319264,2177.9866384191087,3.058573623678913,1.1784185E-5,19.15314,0.020794533,0.26100647,0.0033631937,0.0812786,0.0060401596,0.45842668,0.024018263,0.7764013,0.0031357033,0.08214159,0.0069140242,0.4083258,0.02417902,null,null,null,null,"TWOGAUSSIANS",8,4.237587,0.26100647,0.0033631937,0.4,0.0,0.4524409,0.023058701,0.7764013,0.0031357033,0.4,0.0,0.40234,0.02338531
375316653866487564,5895421236091949440,0.6433833,2229.306879276991,2.6313596843877347,2.7074439E-6,16.046688,0.006546286,0.24907441,0.0010181899,0.053343784,0.0031745203,0.25503138,0.014869414,0.7502622,0.0018652028,0.047903646,0.0036355732,0.21255465,0.017060969,0.1115272,0.008509553,0.24907441,0.0010181899,"TWOGAUSSIANS_WITH_ELLIPSOIDAL_ON_ECLIPSE1",9,19.194868,0.24907441,0.0010181899,0.2987252,0.017777314,0.4780811,0.009596488,0.7502622,0.0018652028,0.26826042,0.020359209,0.43559197,0.012905214
375316653866487564,5895422125114105472,0.4851845,2228.4824370424267,1.0076687182706923,1.0164798E-5,18.718086,0.006073721,0.20102584,8.693929E-4,0.018425448,9.989019E-4,0.31189853,0.0150031075,0.67473155,0.016086461,0.0743451,0.030328372,0.08937528,0.011414353,null,null,null,null,"TWOGAUSSIANS",8,3.8708642,0.20102584,8.693929E-4,0.10318251,0.0055938507,0.3118985,0.015002518,0.67473155,0.016086461,0.4,0.03506157,0.08937526,0.011415917
375316653866487564,5895422473018472832,0.5569864,2190.042049953369,3.18214980504827,7.951318E-6,18.596516,0.0078072734,0.2945032,0.0033140655,0.07504791,0.0032487446,0.46312383,0.017905606,0.7932138,0.0036255275,0.07309052,0.003399756,0.43468118,0.016357694,null,null,null,null,"TWOGAUSSIANS",8,4.9074616,0.2945032,0.0033140655,0.4,0.0,0.46019593,0.017765041,0.7932138,0.0036255275,0.4,0.0013584582,0.43175325,0.016000582
375316653866487564,5895422541737993472,0.55931646,2186.4322305357946,2.767293841395693,6.402345E-6,19.195335,0.006216603,0.20336579,0.0024393795,0.06726509,0.002198744,0.47971398,0.016215239,0.69899726,0.0033249357,0.07383954,0.0035635498,0.5292116,0.020528518,null,null,null,null,"TWOGAUSSIANS",8,2.5693076,0.69899726,0.0033249357,0.4,0.0,0.5275154,0.020745968,0.20336579,0.0024393795,0.37668452,0.012312967,0.4780178,0.016273113
375316653866487564,5895423228934490880,0.56944185,2235.749147888138,1.0734305220451135,1.0484021E-5,19.249002,0.009356225,0.24466258,0.00867167,0.044356883,0.013076999,0.16940324,0.14219922,0.7377986,0.0027236347,0.033961326,0.003079287,0.44561237,0.0277566,0.04572332,0.01357244,0.24466258,0.00867167,"TWOGAUSSIANS_WITH_ELLIPSOIDAL_ON_ECLIPSE1",9,2.3342338,0.73792857,0.002656441,0.19018342,0.017244007,0.536892,0.01800208,0.24466258,0.00867167,0.24839854,0.0732312,0.26084974,0.1479767
375316653866487564,5895423293347318784,0.47193936,2223.4052577298785,3.1176943337595007,2.3308383E-5,18.792664,0.0312099,0.2355473,0.012723117,0.08443731,0.021077469,0.36116558,0.07596309,0.7467462,0.005364025,0.087741055,0.009924494,0.38352576,0.031391453,null,null,null,null,"TWOGAUSSIANS",8,13.155074,0.7467462,0.005364025,0.4,0.0,0.3744511,0.024541486,0.2355473,0.012723117,0.4,0.0,0.35209098,0.08176283
375316653866487564,5895423916129331328,0.48984113,2224.948286535438,3.229011524928997,1.5253773E-5,18.74564,0.018322729,0.26123846,0.0064955372,0.09270059,0.01432292,0.19631787,0.01606542,0.7617833,0.0045410306,0.103095904,0.0126907695,0.22913201,0.01635366,null,null,null,null,"TWOGAUSSIANS",8,3.232557,0.7617833,0.0045410306,0.4,0.0,0.21293056,0.015596503,0.26123846,0.0064955372,0.4,0.0,0.1801198,0.012428264
375316653866487564,5895423916153630720,0.6543501,2226.433864422118,1.7824509428221327,4.3336227E-6,17.735165,0.00777292,0.26146224,0.001698993,0.047253657,0.0025469065,0.5266375,0.01787682,0.76149905,0.0023267241,0.03685041,0.008409473,0.11629338,0.02247364,0.054218374,0.010371045,0.26146224,0.001698993,"TWOGAUSSIANS_WITH_ELLIPSOIDAL_ON_ECLIPSE1",9,3.845391,0.26146224,0.001698993,0.26462048,0.014262676,0.6350738,0.007790495,0.76149905,0.0022493962,0.2063623,0.04709305,0.22472967,0.028963326
375316653866487564,5895424946945805824,0.5654344,2242.779246404634,2.59683727027353,1.4871292E-5,17.597826,0.0036630703,0.23849319,0.0026855709,0.05913901,0.01376117,0.03978882,0.009921835,0.7455107,0.007368843,0.027293116,0.007963468,0.0369808,0.010398315,0.08228733,0.004449589,0.23849319,0.0026855709,"TWOGAUSSIANS_WITH_ELLIPSOIDAL_ON_ECLIPSE1",9,3.9227211,0.23849319,0.0026855709,0.33117846,0.077062555,0.20435824,0.0056342673,0.7455107,0.007368843,0.15284145,0.044595424,0.20123047,0.008180457
375316653866487564,5895425359237824896,0.47655377,2207.3622312224543,2.9837749898296013,2.0247677E-5,18.881477,0.2353129,0.23814577,0.008266185,0.12673993,0.031662676,0.29738244,0.2099428,0.7285145,0.006325827,0.15283433,0.06617722,0.26229525,0.2325557,null,null,null,null,"TWOGAUSSIANS",8,2.590098,0.23871577,0.007386095,0.4,0.0,0.19548106,0.015427525,0.7285145,0.006325827,0.4,0.0,0.15811431,0.011028209
375316653866487564,5895425526730587520,0.58127755,2214.8464962476787,2.7421936304380004,5.8149917E-6,18.43869,0.009819716,0.2558626,0.0013264597,0.082750514,0.003031137,0.43015596,0.00854078,0.75339675,0.002318758,0.08224605,0.004641074,0.44636312,0.01587838,null,null,null,null,"TWOGAUSSIANS",8,2.962733,0.75339675,0.002318758,0.4,0.0,0.43787318,0.017024634,0.2558626,0.0013264597,0.4,0.0,0.42166603,0.0072057513
375316653866487564,5895425565421108736,0.5594314,2229.392147104401,1.183873507628584,1.14812265E-5,15.897464,0.0029234632,0.21547633,0.005151558,0.025762308,0.0050972532,0.12668113,0.021479914,0.7218038,0.0020660898,0.02601412,0.0015036415,0.32552022,0.007848944,0.009646688,0.0037409465,0.21547633,0.005151558,"TWOGAUSSIANS_WITH_ELLIPSOIDAL_ON_ECLIPSE1",9,22.536537,0.7218038,0.0020660898,0.14567907,0.008420392,0.3447831,0.0055248262,0.21547633,0.005151558,0.14426893,0.02854462,0.14597452,0.020775424
375316653866487564,5895426213925603584,0.54415107,2241.736099102382,3.306114562319556,9.649879E-6,18.33587,0.005079272,0.18748681,0.0019378979,0.055020746,0.0027906545,0.4269584,0.02315012,0.6905482,0.0033284368,0.055514127,0.0042857793,0.43114048,0.05078693,null,null,null,null,"TWOGAUSSIANS",8,7.025671,0.6905482,0.0033284368,0.3108791,0.024000363,0.43111318,0.05080592,0.18748681,0.0019378979,0.30811617,0.015627665,0.4269311,0.023159139
375316653866487564,5895426286951775616,0.5240155,2230.3254159686794,2.6491168668392695,1.2946212E-5,18.956623,0.009171544,0.22589082,0.0052859876,0.059972268,0.0042472533,0.6285667,0.075498775,0.72791356,0.004378048,0.061828353,0.0040129935,0.5538701,0.028679918,null,null,null,null,"TWOGAUSSIANS",8,9.968802,0.22589082,0.0052859876,0.3358447,0.023784619,0.6283254,0.075555235,0.72791356,0.004378048,0.34623876,0.022472763,0.55362886,0.028686777
375316653866487564,5895426596189254400,0.42245513,2260.989731325588,3.1913465954467886,7.469534E-5,18.538004,0.020726148,0.17564419,0.03528778,0.07010631,0.02312041,0.37880352,0.20679456,0.49908313,0.018168483,0.06389711,0.019828314,0.10559318,0.023347925,null,null,null,null,"TWOGAUSSIANS",8,7.7558537,0.17564419,0.03528767,0.39259535,0.11949583,0.3788026,0.20679437,0.49908313,0.018168483,0.35782382,0.091720805,0.105601035,0.023348924
375316653866487564,5895427352127623168,0.61209905,2211.1639387276823,2.5232218062922227,5.9012546E-6,14.895737,0.006620428,0.19457468,0.0018095003,0.103319794,0.0033473764,0.28147173,0.0064589805,0.68880194,0.0020489355,0.09561148,0.0029412874,0.347286,0.0072722826,null,null,null,null,"TWOGAUSSIANS",8,42.095753,0.68880194,0.0020489355,0.4,0.0,0.32276922,0.0054987734,0.19457468,0.0018095003,0.4,0.0,0.256951,0.004112576
375316653866487564,5895428722185092096,0.5530481,2217.072735156067,0.1844342546628838,7.1129856E-5,8.49478,0.0041097123,0.27147788,0.038554396,0.10998743,0.037884846,0.021913733,0.0040605008,0.70727783,0.0029312398,0.06688892,0.002715192,0.38277584,0.009345685,null,null,null,null,"TWOGAUSSIANS",8,67.52177,0.70727783,0.0029312398,0.37457797,0.015205076,0.3821058,0.009300375,0.27147788,0.038554396,0.4,0.0,0.021235093,0.0036954083
375316653866487564,5895429757309278080,0.44750094,2217.43000596471,1.8759313311579593,3.0785748E-5,16.084515,0.6267215,0.107801095,0.014345447,0.08987337,0.1501996,0.10627537,0.54480976,0.63068634,0.019259725,0.12371032,0.115236156,0.20380042,0.5790514,null,null,null,null,"TWOGAUSSIANS",8,129.72284,0.63068634,0.01742765,0.4,0.0,0.1885552,0.038119186,0.107581094,0.013135318,0.4,0.2398685,0.09117731,0.02101494
375316653866487564,5895430032187318272,0.5444188,2219.7066036564324,3.410371564249964,1.2996777E-5,16.899605,0.014103103,0.25074816,0.012439256,0.07093499,0.01411493,0.0806466,0.031866454,0.7656312,0.003927816,0.04647421,0.017792867,0.11181464,0.0391154,0.07671665,0.01735046,0.7656312,0.003927816,"TWOGAUSSIANS_WITH_ELLIPSOIDAL_ON_ECLIPSE2",9,16.738419,0.7656312,0.003927816,0.26025558,0.09964006,0.2651717,0.043333378,0.25715813,0.007051183,0.39723596,0.06360949,0.2332406,0.00850814
375316653866487564,5895430238321855488,0.44838428,2227.890754006233,0.7222114023307343,3.0225583E-5,19.040133,0.00900765,0.094061255,0.010524685,0.024718734,0.011245094,0.28525215,2.647314,0.5814282,0.0064292243,0.060624987,0.007441304,0.34297082,0.041043293,null,null,null,null,"TWOGAUSSIANS",8,9.220704,0.5814282,0.0064292243,0.33949992,0.041671302,0.34297082,0.041043308,0.094061255,0.010524685,0.1384249,0.06297252,0.28525215,2.647314
375316653866487564,5895430268374881024,0.52421767,2223.8056846975564,0.05715724798757622,4.411531E-5,17.25531,0.0010259263,0.2830239,0.010158842,0.032344267,0.0073598186,0.15268706,0.006163521,0.75751543,1.0871963E-5,0.004254252,4.2763077E-5,0.29858512,0.0026344052,null,null,null,null,"TWOGAUSSIANS",8,2.673649,0.75751543,1.0871963E-5,0.023823813,2.3947323E-4,0.29858512,0.0026344052,0.2830239,0.010158842,0.18112789,0.041214984,0.15268706,0.006163521
375316653866487564,5895430474533324928,0.5674551,2218.2491849277435,0.4773489132058611,3.2623605E-6,18.919584,0.0038486095,0.24558112,7.1498496E-4,0.037521675,8.009107E-4,0.65229964,0.02135877,0.74662215,0.018239154,0.04129178,0.012030695,0.1065676,0.01976971,null,null,null,null,"TWOGAUSSIANS",8,2.3146794,0.24558112,7.1498496E-4,0.21012138,0.0044851,0.65229964,0.02135877,0.74662215,0.018239154,0.23123397,0.06737189,0.1065676,0.019769711
375316653866487564,5895430646332110080,0.5495527,2192.01656944152,3.715837277407083,5.70587E-6,19.101524,0.007108638,0.2749634,0.0038077494,0.07481089,0.0038254084,0.37848964,0.024329063,0.79043186,0.0014511991,0.0733463,0.002057284,0.48091823,0.013362718,null,null,null,null,"TWOGAUSSIANS",8,2.471533,0.79043186,0.0014511991,0.4,0.0,0.47891498,0.01333422,0.2749634,0.0038077494,0.4,0.0,0.3764864,0.024471296
375316653866487564,5895430685022294784,0.6411051,2195.7897556161415,2.440788493799051,5.5016976E-6,15.839738,0.002475792,0.22349656,0.0024003622,0.086898044,0.0026723093,0.20354864,0.0032147057,0.7252824,9.907001E-4,0.09053508,0.0017195906,0.16223444,0.0024474715,null,null,null,null,"TWOGAUSSIANS",8,2.8285773,0.22349656,0.0024003622,0.4,0.0,0.19690935,0.0022844912,0.7252824,9.907001E-4,0.4,0.0,0.1555951,0.0014984958
375316653866487564,5895431093008656128,0.42661625,2230.281325294264,0.22046589472263703,1.7053097E-5,18.7489,0.005551283,0.18458718,0.004956417,0.039317716,0.007797528,0.13414596,0.015706677,0.7935143,0.006936925,0.036836382,0.0059777102,0.09141237,0.012212553,null,null,null,null,"TWOGAUSSIANS",8,4.602148,0.18458718,0.004956417,0.2201792,0.043666158,0.13414596,0.015706677,0.7935143,0.006936925,0.20628375,0.03347518,0.09141237,0.012212553
375316653866487564,5895431299168791424,0.63247955,2208.3338051759697,2.8113501588775103,4.5830943E-6,18.002121,0.0089935465,0.25780514,0.0016734967,0.047490843,0.0035367834,0.3863326,0.035757646,0.7539745,0.0018829029,0.053516764,0.0021743358,0.50364447,0.02767356,0.1087366,0.012138234,0.25780514,0.0016734967,"TWOGAUSSIANS_WITH_ELLIPSOIDAL_ON_ECLIPSE1",9,4.3845625,0.7543145,0.0016550439,0.29969388,0.012176281,0.7209957,0.020702781,0.25780514,0.0016734967,0.2659487,0.019805986,0.6037986,0.036654767
