Gaia/vari_eclipsing_binary/VariEclipsingBinary_466921-466936.csv
# %ECSV 1.0
# ---
# delimiter: ','
# meta: !!omap
# - RELEASE: Gaia DR3
# - TABLE: vari_eclipsing_binary
# - DESCRIPTION: >
#     This table describes the properties of the eclipsing binaries resulting from the variability analysis. 
# - CITATION: >
#     How to cite and acknowledge Gaia: 
#     https://gea.esac.esa.int/archive/documentation/credits.html 
# - KNOWN_ISSUES: >
#     Known issues: 
#     https://www.cosmos.esa.int/web/gaia-users/known-issues 
# - DOCUMENTATION: >
#     Tutorials and documentation: 
#     https://www.cosmos.esa.int/web/gaia-users/archive 
# datatype:
# - 
#   name: solution_id
#   datatype: int64
#   description: Solution Identifier
#   meta:
#     ucd: meta.version
# - 
#   name: source_id
#   datatype: int64
#   description: Unique source identifier
#   meta:
#     ucd: meta.id;meta.main
# - 
#   name: global_ranking
#   datatype: float32
#   description: Number between 0 (worst) and 1 (best)
#   meta:
#     ucd: stat.param
# - 
#   name: reference_time
#   datatype: float64
#   unit: d
#   description: Reference time used for the geometric model fit
#   meta:
#     ucd: time.epoch
# - 
#   name: frequency
#   datatype: float64
#   unit: d**-1
#   description: Frequency of geometric model of the eclipsing binary light curve
#   meta:
#     ucd: src.orbital
# - 
#   name: frequency_error
#   datatype: float32
#   unit: d**-1
#   description: "Uncertainty of \\texttt{frequency}"
#   meta:
#     ucd: stat.error
# - 
#   name: geom_model_reference_level
#   datatype: float32
#   unit: mag
#   description: Magnitude reference level of geometric model
#   meta:
#     ucd: phot.mag;em.opt
# - 
#   name: geom_model_reference_level_error
#   datatype: float32
#   unit: mag
#   description: "Uncertainty of \\texttt{geomModelReferenceLevel}"
#   meta:
#     ucd: stat.error;phot.mag;em.opt
# - 
#   name: geom_model_gaussian1_phase
#   datatype: float32
#   description: Phase of the Gaussian 1 component
#   meta:
#     ucd: time.phase
# - 
#   name: geom_model_gaussian1_phase_error
#   datatype: float32
#   description: "Uncertainty of \\texttt{geomModelGaussian1Phase}"
#   meta:
#     ucd: stat.error;time.phase
# - 
#   name: geom_model_gaussian1_sigma
#   datatype: float32
#   description: "Standard deviation [phase] of Gaussian 1 component"
#   meta:
#     ucd: stat.stdev
# - 
#   name: geom_model_gaussian1_sigma_error
#   datatype: float32
#   description: "Uncertainty of \\texttt{geomModelGaussian1Sigma}"
#   meta:
#     ucd: stat.error
# - 
#   name: geom_model_gaussian1_depth
#   datatype: float32
#   unit: mag
#   description: Magnitude depth of Gaussian 1 component
#   meta:
#     ucd: src.var.amplitude
# - 
#   name: geom_model_gaussian1_depth_error
#   datatype: float32
#   unit: mag
#   description: "Uncertainty of \\texttt{geomModelGaussian1Depth}"
#   meta:
#     ucd: stat.error;src.var.amplitude
# - 
#   name: geom_model_gaussian2_phase
#   datatype: float32
#   description: Phase of Gaussian 2 component
#   meta:
#     ucd: time.phase
# - 
#   name: geom_model_gaussian2_phase_error
#   datatype: float32
#   description: "Uncertainty of \\texttt{geomModelGaussian2Phase}"
#   meta:
#     ucd: stat.error;time.phase
# - 
#   name: geom_model_gaussian2_sigma
#   datatype: float32
[...]
#   datatype: float32
#   description: "Secondary eclipse: uncertainty of \\texttt{derivedSecondaryEclDuration}"
#   meta:
#     ucd: stat.error;time.duration
# - 
#   name: derived_secondary_ecl_depth
#   datatype: float32
#   unit: mag
#   description: "Secondary eclipse: depth"
#   meta:
#     ucd: src.var.amplitude
# - 
#   name: derived_secondary_ecl_depth_error
#   datatype: float32
#   unit: mag
#   description: "Secondary eclipse: uncertainty of \\texttt{derivedSecondaryEclDepth}"
#   meta:
#     ucd: stat.error;src.var.amplitude
solution_id,source_id,global_ranking,reference_time,frequency,frequency_error,geom_model_reference_level,geom_model_reference_level_error,geom_model_gaussian1_phase,geom_model_gaussian1_phase_error,geom_model_gaussian1_sigma,geom_model_gaussian1_sigma_error,geom_model_gaussian1_depth,geom_model_gaussian1_depth_error,geom_model_gaussian2_phase,geom_model_gaussian2_phase_error,geom_model_gaussian2_sigma,geom_model_gaussian2_sigma_error,geom_model_gaussian2_depth,geom_model_gaussian2_depth_error,geom_model_cosine_half_period_amplitude,geom_model_cosine_half_period_amplitude_error,geom_model_cosine_half_period_phase,geom_model_cosine_half_period_phase_error,model_type,num_model_parameters,reduced_chi2,derived_primary_ecl_phase,derived_primary_ecl_phase_error,derived_primary_ecl_duration,derived_primary_ecl_duration_error,derived_primary_ecl_depth,derived_primary_ecl_depth_error,derived_secondary_ecl_phase,derived_secondary_ecl_phase_error,derived_secondary_ecl_duration,derived_secondary_ecl_duration_error,derived_secondary_ecl_depth,derived_secondary_ecl_depth_error
[from data line 152]
375316653866487564,4107114914153887616,0.6564324,2279.618323762471,0.6210384770777418,8.6809705E-5,18.61346,0.0051855906,0.3185625,0.016772587,0.045337994,0.009545725,1.6143788,0.5665071,0.7974692,0.042663082,0.036769908,0.023947204,0.072475746,0.04959929,null,null,null,null,"TWOGAUSSIANS",8,2.1979027,0.3185625,0.016772587,0.25389275,0.053456057,1.6143788,0.5665071,0.7974692,0.042663082,0.20591147,0.13410434,0.072475746,0.04959929
375316653866487564,4107114978487721728,0.6552919,2236.9253346622763,1.3955799205356563,1.1018685E-5,16.610275,0.004347271,0.21169841,0.0027941004,0.088847615,0.0031757276,0.21044618,0.005195183,0.71143526,0.002896968,0.0673725,0.0029897415,0.55711985,0.014012461,null,null,null,null,"TWOGAUSSIANS",8,7.722017,0.71143526,0.002896968,0.377286,0.016742552,0.5534315,0.014256617,0.21169841,0.0027941004,0.4,0.0,0.20675775,0.0045557595
375316653866487564,4107115051566894080,0.5591746,2219.4439981118703,2.683855907019356,1.7133341E-5,17.970526,0.011669968,0.26074678,0.007243889,0.07569573,0.0071059917,0.55154943,0.19224384,0.7564416,0.0027855209,0.08189533,0.0062004603,0.512014,0.032827254,null,null,null,null,"TWOGAUSSIANS",8,9.552447,0.26074678,0.007243889,0.4,0.0069154166,0.54521513,0.1934446,0.7564416,0.0027855209,0.4,0.0,0.50567967,0.03520757
375316653866487564,4107115498243452800,0.53119296,2202.103953709995,3.203261818867761,7.43277E-5,19.299421,0.007967905,0.24102199,0.011889752,0.07940673,0.009753944,0.45815793,0.04016231,0.74916613,0.0103456555,0.07213611,0.008607523,0.4120392,0.02757395,null,null,null,null,"TWOGAUSSIANS",8,5.721735,0.24102199,0.011889752,0.4,0.0038569302,0.45500937,0.040280707,0.74916613,0.0103456555,0.4,0.04083552,0.40889063,0.028251834
375316653866487564,4107115704402338560,0.52479076,2182.8056902299218,3.5734513733619178,7.435735E-5,19.080175,0.014231928,0.3314862,0.08512837,0.14564332,0.09710481,0.042957127,0.027569506,0.6907384,0.02177485,0.021634316,0.019331418,0.60644233,3.8783724E7,null,null,null,null,"TWOGAUSSIANS",8,2.26794,0.6907384,0.02177485,0.12115218,0.108255945,0.6082583,3.8783724E7,0.3314862,0.08512837,0.4,0.0,0.042720083,0.02776676
375316653866487564,4107115734405146496,0.49304038,2185.1287765122197,0.10670157475347562,6.0012557E-5,18.084873,0.042772535,0.1431587,0.017903358,0.054961,0.018977588,0.5558844,0.07660941,0.6783784,0.0034466241,0.0530326,0.008289376,0.6671754,0.045292523,null,null,null,null,"TWOGAUSSIANS",8,29.866165,0.6783784,0.0034466241,0.29698256,0.046420507,0.6671698,0.045287844,0.1431587,0.017903358,0.30778158,0.10627449,0.55587876,0.07660342
375316653866487564,4107115768775971584,0.5102972,2180.75901150651,1.293838581018036,6.4787026E-5,18.897924,0.014041559,0.24108836,0.016252335,0.07126264,0.018224437,0.09706826,0.013898471,0.7305492,0.025475692,0.05091372,0.015030617,0.37667817,0.0960589,null,null,null,null,"TWOGAUSSIANS",8,2.5714922,0.7305492,0.025475692,0.28511685,0.08417145,0.37662488,0.095691435,0.24108836,0.016252335,0.3990708,0.056730665,0.09701496,0.013603805
375316653866487564,4107117284976438016,0.5139468,2231.4481812869426,0.029218796098398666,1.9066141E-5,18.03868,0.1642392,0.25576827,0.0073312228,0.16069144,0.042455472,0.28644475,0.15985633,0.76461005,0.009942482,0.14015733,0.02918675,0.27891633,0.14540347,null,null,null,null,"TWOGAUSSIANS",8,3.3357882,0.2552783,0.0069717662,0.4,0.0,0.15248367,0.0070096697,0.76567,0.009756414,0.4,0.0,0.14856252,0.010248144
375316653866487564,4107117559824716800,0.4849691,2212.4429809248354,2.6459177026122545,3.2778888E-5,19.64178,0.041312467,0.29226595,0.014027956,0.07812912,0.04441898,0.21071604,0.037470702,0.8158742,0.008800404,0.09858578,0.019485652,0.23453207,0.039008543,null,null,null,null,"TWOGAUSSIANS",8,2.2798622,0.8158742,0.008778916,0.4,0.0,0.22902097,0.017387865,0.29226595,0.014039546,0.4,0.037861887,0.20520711,0.05751172
375316653866487564,4107117594184600320,0.54383755,2232.671628495271,2.4435729809006204,1.2935257E-5,18.880846,0.012493133,0.23133454,0.0035100153,0.06800535,0.010878552,0.12877487,0.038616452,0.74145997,0.01933562,0.029821893,0.009586199,0.66320515,2.0346587,0.1641203,0.020677652,0.23133454,0.0035100153,"TWOGAUSSIANS_WITH_ELLIPSOIDAL_ON_ECLIPSE1",9,5.0351596,0.74145997,0.01933562,0.1670026,0.053682715,0.9899705,2.042337,0.23133454,0.0035100153,0.38083,0.047355372,0.45686698,0.022235021
375316653866487564,4107117628544599936,0.5285787,2209.524747468359,2.116737503274962,3.229207E-5,19.54481,0.018411092,0.33155146,0.010695535,0.07944498,0.009534321,0.3769485,0.031890143,0.83574134,0.0056945602,0.07999868,0.0069192946,0.30485097,0.018955441,null,null,null,null,"TWOGAUSSIANS",8,2.0355964,0.33155146,0.010695535,0.4,0.0,0.3723835,0.029034613,0.83574134,0.0056945602,0.4,0.0,0.30028597,0.014990127
375316653866487564,4107118070884308608,0.54586506,2181.4462419217057,3.5058989562009346,2.460776E-5,18.895254,0.14015363,0.33383527,0.03599246,0.121500485,0.040612575,0.5793655,0.16508685,0.83683944,0.0039121914,0.12547351,0.027727932,0.49224955,0.122677006,null,null,null,null,"TWOGAUSSIANS",8,2.2409403,0.33380526,0.03602904,0.4,0.0,0.4458741,0.0306109,0.8368694,0.0039212424,0.4,0.0,0.3586506,0.03650798
375316653866487564,4107118247018655360,0.54551667,2226.080729393715,1.8977674945192986,5.3227406E-5,18.027872,0.010083805,0.23108594,0.004034856,0.067816414,0.005376351,0.34766957,0.012515354,0.73252106,0.022578053,0.087537594,0.019065887,0.1395435,0.021853132,null,null,null,null,"TWOGAUSSIANS",8,6.610865,0.23108594,0.004034856,0.3797719,0.02779481,0.34545407,0.011169324,0.73252106,0.022578053,0.4,0.0,0.13732795,0.021085449
375316653866487564,4107118796774623360,0.476116,2196.8722154997818,2.4546108980260315,4.694656E-5,19.593805,0.047086865,0.35497382,0.019494195,0.07878635,0.0455626,0.17111133,0.04591213,0.833866,0.015982358,0.08220317,0.03369683,0.1232431,0.042622104,null,null,null,null,"TWOGAUSSIANS",8,1.5058589,0.35497382,0.019485727,0.4,0.019323837,0.16957848,0.031139763,0.833866,0.015982358,0.4,0.0,0.12171025,0.022676188
375316653866487564,4107118899853603072,0.5618265,2191.028374060469,0.2544077309550357,4.113123E-5,19.662651,0.019111902,0.296476,0.0047217025,0.097865626,0.01362815,0.23854685,0.019286813,0.8256936,0.009078632,0.07350518,0.0165035,0.5930754,0.6211659,null,null,null,null,"TWOGAUSSIANS",8,0.43291798,0.8256936,0.009078632,0.4,0.05960219,0.5872665,0.6255621,0.296476,0.0047217025,0.4,0.0,0.23273562,0.01689998
375316653866487564,4107119277811842176,0.5043809,2213.332514305546,0.10662052598375503,6.8256566E-5,19.34091,0.08765292,0.18859226,0.012503788,0.093783945,0.03384021,0.19403455,0.09250714,0.71408504,0.050828885,0.11664786,0.0711738,0.21082138,0.09604673,null,null,null,null,"TWOGAUSSIANS",8,0.74988717,0.71408504,0.050832357,0.4,0.0,0.19295733,0.041600633,0.18852225,0.012244673,0.4,0.010281011,0.17623204,0.06366627
375316653866487564,4107119827567694080,0.5214688,2171.472595273871,0.5086327108772548,5.9423037E-5,19.386057,0.15738766,0.3859282,0.034875862,0.16013023,0.12116238,0.18081996,0.15369533,0.7593863,0.014731189,0.105385125,0.015504061,0.4042373,0.04431649,null,null,null,null,"TWOGAUSSIANS",8,2.8470128,0.7593863,0.014731189,0.4,0.0,0.38719684,0.026005095,0.39002824,0.036146276,0.4,0.0,0.15258788,0.028389381
375316653866487564,4107120205534760704,0.4777389,2228.49562396901,0.7052616856033315,3.9504775E-5,18.88537,0.054265648,0.19528198,0.019877266,0.11088006,0.10221563,0.06789581,0.046341155,0.65423054,0.00795596,0.086644225,0.0146323275,0.18591285,0.040089037,null,null,null,null,"TWOGAUSSIANS",8,2.4825068,0.65423054,0.00795596,0.4,0.0,0.18114406,0.019285124,0.19528198,0.019869871,0.4,0.0,0.06311378,0.012752811
375316653866487564,4107120583483595776,0.5542185,2219.5634698361428,2.657758923248025,1.683827E-5,18.940086,0.028294168,0.26114553,0.0074378657,0.06507824,0.010293894,0.5450229,0.082926616,0.7682507,0.0047710766,0.06952356,0.009753733,0.3995531,0.041826397,null,null,null,null,"TWOGAUSSIANS",8,3.1501737,0.26114553,0.0074378657,0.36443818,0.048922814,0.54425555,0.08355158,0.7682507,0.0047710766,0.38933194,0.040459756,0.39878577,0.04189039
375316653866487564,4107121025802210944,0.663926,2251.3322845439207,2.890910442816715,4.759816E-6,16.9406,0.014721856,0.2556217,0.0018693788,0.052185398,0.0053595477,0.46987924,0.027972097,0.7626329,0.002413387,0.05327947,0.00404929,0.4095853,0.028590959,0.12693346,0.017074075,0.2556217,0.0018693788,"TWOGAUSSIANS_WITH_ELLIPSOIDAL_ON_ECLIPSE1",9,14.136179,0.2556217,0.0018693788,0.2922382,0.030013468,0.7237375,0.012850141,0.7626329,0.002413387,0.29836506,0.022676023,0.6629512,0.010140405
375316653866487564,4107121373758217856,0.58681315,2196.4012445285575,2.268379663840303,1.6098928E-5,19.027456,0.08313761,0.21881197,0.014416415,0.12505266,0.02946063,0.3980426,0.07590369,0.70532733,0.0021263275,0.10976823,0.015634632,0.4378462,0.07260243,null,null,null,null,"TWOGAUSSIANS",8,1.0011675,0.70532733,0.0021263275,0.4,0.0,0.36222294,0.011589478,0.21883197,0.014437339,0.4,0.0,0.32215828,0.020652985
375316653866487564,4107121442477852160,0.48304912,2175.529485911682,1.0588957188953385,3.2764623E-5,18.440363,0.023604412,0.16879334,0.026345862,0.079559654,0.057486072,0.14643307,0.2036205,0.6562957,0.004109618,0.04762768,0.010175928,0.20752898,0.027875662,null,null,null,null,"TWOGAUSSIANS",8,1.3379234,0.6562957,0.004109618,0.26671502,0.056985192,0.20743318,0.02777482,0.16879334,0.026345862,0.4,0.17863528,0.14633727,0.20407917
375316653866487564,4107121648636907264,0.49239677,2159.8691298483677,0.07853086169370259,2.3175759E-5,19.539248,0.045251522,0.15330634,0.026448268,0.08035504,0.026356157,0.35909125,0.055769134,0.6726632,0.04397565,0.061095096,0.020441148,0.6119962,0.3083916,null,null,null,null,"TWOGAUSSIANS",8,5.577981,0.6726632,0.04397565,0.34213254,0.11447044,0.610944,0.30795196,0.15330634,0.026448268,0.4,0.056907497,0.35803902,0.054168083
375316653866487564,4107121889154570752,0.5288688,2172.016640078094,3.114051883409355,5.282484E-5,18.697422,0.043597315,0.2661585,0.047901873,0.0811462,0.04495647,0.27973935,0.06326631,0.7902181,0.013373342,0.09013485,0.021964287,0.3248434,0.06248965,null,null,null,null,"TWOGAUSSIANS",8,4.2330523,0.7902181,0.013373342,0.4,0.0,0.3192389,0.061706297,0.2661585,0.04791091,0.4,0.0,0.27413514,0.031180186
375316653866487564,4107122267112223744,0.47219986,2240.4452000288106,1.9691200996875293,6.1741266E-5,18.647099,0.04200567,0.14133964,0.007346621,0.10623419,0.021235805,0.22194146,0.039367963,0.64179367,0.0204529,0.11057633,0.030545527,0.24580999,0.038444407,null,null,null,null,"TWOGAUSSIANS",8,4.7363706,0.64179367,0.02045653,0.4,0.0,0.21324824,0.012546344,0.14133964,0.0073433495,0.4,0.0,0.1893907,0.015880702
375316653866487564,4107122816866864128,0.5634455,2237.029483099531,1.5079114954692612,1.9120562E-5,16.830677,0.03885602,0.28518707,0.017712729,0.08740216,0.025534155,0.2935192,0.035169728,0.8004942,0.0038200205,0.098409966,0.014441238,0.2818928,0.033973504,null,null,null,null,"TWOGAUSSIANS",8,9.106668,0.28518707,0.017716771,0.4,0.0,0.28126583,0.022386763,0.8004942,0.0038200205,0.4,0.0,0.26963767,0.017262181
375316653866487564,4107123534082910080,0.54376525,2220.929601976275,1.4374098739961143,2.3048855E-5,17.84699,0.017304169,0.6894145,0.0025905422,0.036683913,0.006171946,0.28449243,0.046633292,null,null,null,null,null,null,0.066719346,0.023759918,0.6894145,0.0025905422,"ONEGAUSSIAN_WITH_ELLIPSOIDAL",6,14.438443,0.6894145,0.0025905422,0.20542991,0.034562897,0.41793114,0.034641787,null,null,null,null,null,null
375316653866487564,4107123916379587072,0.51005906,2204.924533028636,0.30255520936584035,2.9448349E-5,19.073097,0.005910823,0.29256445,0.037665274,0.0448647,0.020890016,0.1614322,0.18024081,0.72948533,0.0058055623,0.06971542,0.007959805,0.20053114,0.0065863915,null,null,null,null,"TWOGAUSSIANS",8,1.7276751,0.72948533,0.0058055623,0.39040634,0.04149856,0.2005291,0.006585979,0.29256445,0.037665274,0.2512423,0.11698409,0.16143015,0.18024312
375316653866487564,4107124603568863872,0.5866419,2240.942425989703,2.3228370950533432,1.1575278E-5,17.78404,0.0076172636,0.32514155,0.0020508592,0.036621865,0.006441055,0.22090021,0.01951697,null,null,null,null,null,null,0.12496441,0.012697189,0.32514155,0.0020508592,"ONEGAUSSIAN_WITH_ELLIPSOIDAL",6,5.5915356,0.32514155,0.0020508592,0.20508243,0.036069907,0.47082898,0.017361537,null,null,null,null,null,null
375316653866487564,4107124736653038336,0.5243449,2243.0670595550687,3.141159274917965,1.8355073E-5,17.418875,0.002449883,null,null,null,null,null,null,null,null,null,null,null,null,0.07196356,0.0035355757,0.30230847,0.0040085115,"ELLIPSOIDAL",4,4.8650746,null,null,null,null,null,null,null,null,null,null,null,null
375316653866487564,4107124809727312384,0.50362694,2300.3395205956763,1.4506666795514698,1.0241992E-4,18.060875,0.009453425,0.43309885,0.018229866,0.091569774,0.015126932,0.29779467,0.07705073,0.77231693,0.0010682045,0.020257358,0.0035872052,0.122664444,0.011743101,null,null,null,null,"TWOGAUSSIANS",8,1.0560571,0.43309885,0.018229866,0.4,0.0,0.29779446,0.077051304,0.77231693,0.0010682045,0.1134412,0.020088349,0.12297612,0.011576914
375316653866487564,4107125634361094912,0.49249277,2247.8078661203504,4.7623709424158065,8.2267834E-5,19.52312,0.081899,0.21614985,0.039091364,0.06441107,0.06639223,0.13871501,0.06569524,0.55918765,0.006955301,0.096978836,0.016804414,0.47196475,0.074104816,null,null,null,null,"TWOGAUSSIANS",8,9.764587,0.55918765,0.006955301,0.4,0.0,0.47182247,0.057667598,0.21716985,0.035488512,0.36070198,0.11299156,0.13949515,0.055604637
375316653866487564,4107126836965272064,0.5578187,2258.6465966680653,2.322439968781092,6.9775735E-5,18.876543,0.060591057,0.2517354,0.035529535,0.0690012,0.041645408,0.45118687,0.07145926,0.75047153,0.011773407,0.07369741,0.030265465,0.51807624,0.10837916,null,null,null,null,"TWOGAUSSIANS",8,9.168204,0.75047153,0.011773407,0.4,0.044705827,0.51605004,0.11374937,0.2517354,0.035529535,0.38640672,0.045706853,0.44916067,0.09055534
375316653866487564,4107127008764022016,0.5674754,2191.475290842801,1.6493792167277292,1.5554426E-5,19.167723,0.012801511,0.21973038,0.0037236176,0.10231701,0.007831676,0.28156787,0.016829424,0.72531515,0.004610772,0.08741617,0.011843715,0.31701598,0.020894628,null,null,null,null,"TWOGAUSSIANS",8,0.6254182,0.72531515,0.004610772,0.4,0.0,0.30002022,0.026743257,0.21973038,0.0037236176,0.4,0.0,0.2645684,0.01963055
375316653866487564,4107127180556054272,0.5576952,2243.407057282407,0.2438468861663799,1.9681966E-5,19.58517,0.05990858,0.33443317,0.014068827,0.06689034,0.014354675,0.8655127,0.24006826,0.8388913,0.042431947,0.059329964,0.040180612,0.517389,0.0884409,null,null,null,null,"TWOGAUSSIANS",8,3.329518,0.33443317,0.014068827,0.3745859,0.058463432,0.86505187,0.24282214,0.8388913,0.042431947,0.3322478,0.09527445,0.51692814,0.09295595
375316653866487564,4107127382353712384,0.47390318,2205.746130376495,0.9927161527511359,2.6150316E-5,17.889105,0.15142246,0.48160234,0.012764762,0.20655788,0.06888185,0.3069598,0.14339635,0.92854244,0.010521491,0.05644484,0.011547162,0.17604488,0.03699313,null,null,null,null,"TWOGAUSSIANS",8,2.4913769,0.48160234,0.012764762,0.4,0.0,0.25188372,0.026366616,0.92854244,0.010521491,0.3160911,0.06466411,0.1590237,0.028345613
375316653866487564,4107127489793386240,0.48058426,2201.0917459202615,0.43763752962477664,1.148278E-5,19.77988,0.00913834,0.19461985,0.005470784,0.041758522,0.005814466,0.37030455,0.029981418,null,null,null,null,null,null,null,null,null,null,"ONEGAUSSIAN",5,1.7132815,0.19461985,0.005470784,0.23384772,0.032561008,0.37030455,0.0,null,null,null,null,null,null
