Gaia/vari_eclipsing_binary/VariEclipsingBinary_677083-677107.csv
# %ECSV 1.0
# ---
# delimiter: ','
# meta: !!omap
# - RELEASE: Gaia DR3
# - TABLE: vari_eclipsing_binary
# - DESCRIPTION: >
#     This table describes the properties of the eclipsing binaries resulting from the variability analysis. 
# - CITATION: >
#     How to cite and acknowledge Gaia: 
#     https://gea.esac.esa.int/archive/documentation/credits.html 
# - KNOWN_ISSUES: >
#     Known issues: 
#     https://www.cosmos.esa.int/web/gaia-users/known-issues 
# - DOCUMENTATION: >
#     Tutorials and documentation: 
#     https://www.cosmos.esa.int/web/gaia-users/archive 
# datatype:
# - 
#   name: solution_id
#   datatype: int64
#   description: Solution Identifier
#   meta:
#     ucd: meta.version
# - 
#   name: source_id
#   datatype: int64
#   description: Unique source identifier
#   meta:
#     ucd: meta.id;meta.main
# - 
#   name: global_ranking
#   datatype: float32
#   description: Number between 0 (worst) and 1 (best)
#   meta:
#     ucd: stat.param
# - 
#   name: reference_time
#   datatype: float64
#   unit: d
#   description: Reference time used for the geometric model fit
#   meta:
#     ucd: time.epoch
# - 
#   name: frequency
#   datatype: float64
#   unit: d**-1
#   description: Frequency of geometric model of the eclipsing binary light curve
#   meta:
#     ucd: src.orbital
# - 
#   name: frequency_error
#   datatype: float32
#   unit: d**-1
#   description: "Uncertainty of \\texttt{frequency}"
#   meta:
#     ucd: stat.error
# - 
#   name: geom_model_reference_level
#   datatype: float32
#   unit: mag
#   description: Magnitude reference level of geometric model
#   meta:
#     ucd: phot.mag;em.opt
# - 
#   name: geom_model_reference_level_error
#   datatype: float32
#   unit: mag
#   description: "Uncertainty of \\texttt{geomModelReferenceLevel}"
#   meta:
#     ucd: stat.error;phot.mag;em.opt
# - 
#   name: geom_model_gaussian1_phase
#   datatype: float32
#   description: Phase of the Gaussian 1 component
#   meta:
#     ucd: time.phase
# - 
#   name: geom_model_gaussian1_phase_error
#   datatype: float32
#   description: "Uncertainty of \\texttt{geomModelGaussian1Phase}"
#   meta:
#     ucd: stat.error;time.phase
# - 
#   name: geom_model_gaussian1_sigma
#   datatype: float32
#   description: "Standard deviation [phase] of Gaussian 1 component"
#   meta:
#     ucd: stat.stdev
# - 
#   name: geom_model_gaussian1_sigma_error
#   datatype: float32
#   description: "Uncertainty of \\texttt{geomModelGaussian1Sigma}"
#   meta:
#     ucd: stat.error
# - 
#   name: geom_model_gaussian1_depth
#   datatype: float32
#   unit: mag
#   description: Magnitude depth of Gaussian 1 component
#   meta:
#     ucd: src.var.amplitude
# - 
#   name: geom_model_gaussian1_depth_error
#   datatype: float32
#   unit: mag
#   description: "Uncertainty of \\texttt{geomModelGaussian1Depth}"
#   meta:
#     ucd: stat.error;src.var.amplitude
# - 
#   name: geom_model_gaussian2_phase
#   datatype: float32
#   description: Phase of Gaussian 2 component
#   meta:
#     ucd: time.phase
# - 
#   name: geom_model_gaussian2_phase_error
#   datatype: float32
#   description: "Uncertainty of \\texttt{geomModelGaussian2Phase}"
#   meta:
#     ucd: stat.error;time.phase
# - 
#   name: geom_model_gaussian2_sigma
#   datatype: float32
[...]
#   datatype: float32
#   description: "Secondary eclipse: uncertainty of \\texttt{derivedSecondaryEclDuration}"
#   meta:
#     ucd: stat.error;time.duration
# - 
#   name: derived_secondary_ecl_depth
#   datatype: float32
#   unit: mag
#   description: "Secondary eclipse: depth"
#   meta:
#     ucd: src.var.amplitude
# - 
#   name: derived_secondary_ecl_depth_error
#   datatype: float32
#   unit: mag
#   description: "Secondary eclipse: uncertainty of \\texttt{derivedSecondaryEclDepth}"
#   meta:
#     ucd: stat.error;src.var.amplitude
solution_id,source_id,global_ranking,reference_time,frequency,frequency_error,geom_model_reference_level,geom_model_reference_level_error,geom_model_gaussian1_phase,geom_model_gaussian1_phase_error,geom_model_gaussian1_sigma,geom_model_gaussian1_sigma_error,geom_model_gaussian1_depth,geom_model_gaussian1_depth_error,geom_model_gaussian2_phase,geom_model_gaussian2_phase_error,geom_model_gaussian2_sigma,geom_model_gaussian2_sigma_error,geom_model_gaussian2_depth,geom_model_gaussian2_depth_error,geom_model_cosine_half_period_amplitude,geom_model_cosine_half_period_amplitude_error,geom_model_cosine_half_period_phase,geom_model_cosine_half_period_phase_error,model_type,num_model_parameters,reduced_chi2,derived_primary_ecl_phase,derived_primary_ecl_phase_error,derived_primary_ecl_duration,derived_primary_ecl_duration_error,derived_primary_ecl_depth,derived_primary_ecl_depth_error,derived_secondary_ecl_phase,derived_secondary_ecl_phase_error,derived_secondary_ecl_duration,derived_secondary_ecl_duration_error,derived_secondary_ecl_depth,derived_secondary_ecl_depth_error
[from data line 221]
375316653866487564,5955756382578652032,0.56277037,2467.8260130851877,3.6419882215800636,8.0374975E-6,16.809238,0.028357554,0.31013095,0.0041361875,0.096227504,0.012410772,0.3206472,0.022720324,0.7838232,0.0026440604,0.094288446,0.011047496,0.31582195,0.02065025,null,null,null,null,"TWOGAUSSIANS",8,16.887161,0.31013095,0.0041364213,0.4,0.0,0.30663276,0.013902442,0.7838232,0.0026440604,0.4,0.0,0.30180827,0.0108277
375316653866487564,5955756382578668416,0.5219951,2468.1872144927815,2.87425361686504,1.6566239E-5,16.478228,0.063998066,0.25363222,0.0053527444,0.121104985,0.022184776,0.30832085,0.059156045,0.742269,0.0060492703,0.11146011,0.019548295,0.30220222,0.06099762,null,null,null,null,"TWOGAUSSIANS",8,52.67456,0.25365222,0.0053514726,0.4,0.0,0.253949,0.014089651,0.742269,0.0060492703,0.4,0.0,0.24793331,0.012115682
375316653866487564,5955756386871251712,0.4362884,2491.704569589493,2.753704347383576,3.709788E-5,18.860456,0.032211505,0.2713145,0.007955413,0.07037369,0.052733276,0.10246682,0.060206622,0.7176994,0.014554227,0.026104918,0.023510944,0.16660213,0.2889853,0.11962701,0.043933906,0.2713145,0.007955413,"TWOGAUSSIANS_WITH_ELLIPSOIDAL_ON_ECLIPSE1",9,14.400266,0.7213494,0.018587047,0.14618754,0.1316613,0.3812353,0.33420682,0.2713145,0.007955413,0.39409268,0.26181552,0.34153646,0.07199987
375316653866487564,5955756794896643584,0.55665505,2481.4391141098818,3.014658466389641,7.285761E-6,18.50779,0.0079153525,0.2901738,0.001708365,0.07168973,0.00238586,0.41590452,0.010343736,0.7885364,0.0035050083,0.06938448,0.0037254004,0.44958606,0.021577973,null,null,null,null,"TWOGAUSSIANS",8,4.1666164,0.7885364,0.0035050083,0.38855305,0.020570742,0.44803363,0.021598492,0.2901738,0.001708365,0.4,0.0057785828,0.41435206,0.0101735545
375316653866487564,5955756902269650688,0.5111858,2487.9080589649825,3.4878537882812592,2.8256469E-5,19.795538,0.01299579,0.24873798,0.0034593611,0.072691716,0.0034977968,0.46568197,0.023572328,0.7539169,0.00459379,0.07760927,0.004308721,0.5505151,0.037611533,null,null,null,null,"TWOGAUSSIANS",8,2.963009,0.7539169,0.00459379,0.4,0.0,0.5469402,0.03756608,0.24873798,0.0034593611,0.4,0.002066413,0.462107,0.02311972
375316653866487564,5955757275950848512,0.54759073,2499.9543492793737,2.2426123195939094,1.2596142E-5,18.525955,0.0041107233,0.24188028,0.004451699,0.05672113,0.0072233286,0.20088662,0.0096547855,0.73866194,0.0027301875,0.05935557,0.0023721028,0.1843866,0.009064137,null,null,null,null,"TWOGAUSSIANS",8,3.1947505,0.24188028,0.004451699,0.31763834,0.04045064,0.20085472,0.009662465,0.73866194,0.0027301875,0.33239117,0.013283776,0.18435471,0.009056746
375316653866487564,5955757383304287616,0.5755667,2496.715973597932,1.2864583773573033,5.5393916E-6,17.582636,0.009597801,0.23791356,0.0059032016,0.09380063,0.008791893,0.247112,0.009583175,0.7221807,0.0017278601,0.08995152,0.0038221378,0.4571517,0.008343622,null,null,null,null,"TWOGAUSSIANS",8,7.420012,0.7221807,0.0017278601,0.4,0.0,0.44425035,0.006683165,0.23791356,0.0059032016,0.4,0.0,0.23421043,0.0078598615
375316653866487564,5955757688246630016,0.52323925,2457.9290137645326,0.38358717301480094,2.2477425E-5,17.780077,0.0043997183,0.2824759,0.0028617291,0.02344616,0.004862178,0.15442152,0.026123488,0.783411,0.0059281606,0.010571927,0.0029685241,0.7485317,0.83882546,null,null,null,null,"TWOGAUSSIANS",8,12.550525,0.783411,0.0059281606,0.05920279,0.016623735,0.7485317,0.83882546,0.2824759,0.0028617291,0.13129848,0.027228197,0.15442152,0.026123488
375316653866487564,5955757928768136832,0.5465141,2482.232323661818,3.533249289035015,9.779117E-6,18.509367,0.010024066,0.25516444,0.004086946,0.08113376,0.0076999036,0.2712221,0.011451896,0.7630639,0.003082136,0.08164011,0.0054473737,0.2686239,0.011078962,null,null,null,null,"TWOGAUSSIANS",8,3.7035413,0.25516444,0.004086946,0.4,0.0,0.2670718,0.011155469,0.7630639,0.003082136,0.4,0.0,0.2644736,0.010243875
375316653866487564,5955758134944525312,0.531619,2463.0938586970037,3.184269880104747,1.2568613E-5,19.39351,0.008976896,0.19520797,0.0037536274,0.08037181,0.004748518,0.46373445,0.0148575995,0.6876759,0.0042031463,0.083387084,0.004347286,0.36738098,0.01697732,null,null,null,null,"TWOGAUSSIANS",8,2.1482985,0.19520797,0.0037536274,0.4,0.0,0.45698178,0.015069753,0.6876759,0.0042031463,0.4,0.0,0.3606283,0.016253578
375316653866487564,5955758169283051264,0.45065302,2459.283307578689,2.9562746127621087,3.7966813E-5,17.90602,0.0075299973,0.2277334,0.005719791,0.003207246,0.010174876,0.12613402,156768.3,null,null,null,null,null,null,0.11633991,0.009621276,0.2277334,0.005719791,"ONEGAUSSIAN_WITH_ELLIPSOIDAL",6,48.54489,0.2277334,0.005719791,0.017960578,0.05697931,0.3588133,156768.3,null,null,null,null,null,null
375316653866487564,5955758207937498496,0.49265233,2410.6795101693256,0.2512786730214442,1.27613785E-5,18.507809,0.0022471603,0.283405,0.011570126,0.04398757,0.007816846,0.047035627,0.010115266,0.9337957,6.908915E-6,0.0015202692,2.7639606E-5,0.35269663,0.0023142125,null,null,null,null,"TWOGAUSSIANS",8,1.2133005,0.9337957,6.908915E-6,0.008513507,1.5478178E-4,0.35269663,0.0023142125,0.283405,0.011570126,0.24633038,0.043774337,0.047035627,0.010115266
375316653866487564,5955758895175556608,0.49720773,2524.9808053593038,0.052176253900022694,2.1067632E-5,15.430793,0.0014853916,0.1726488,0.009372372,0.032839455,0.020018836,0.008536957,0.0035301165,0.83127576,0.0028468214,0.030152371,0.0051116045,0.06989713,0.022147266,0.007944478,0.0018458327,0.1726488,0.009372372,"TWOGAUSSIANS_WITH_ELLIPSOIDAL_ON_ECLIPSE1",9,6.066183,0.83127576,0.0028468214,0.16885328,0.028624985,0.07458351,0.022113638,0.1726488,0.009372372,0.18390095,0.11210548,0.024425881,0.0029076384
375316653866487564,5955759204370864640,0.52815837,2477.7718711860202,2.937667903539976,1.0600423E-5,18.747179,0.028319765,0.25948074,0.0053091072,0.10491063,0.010838447,0.38499424,0.029158218,0.75063455,0.0020650788,0.093925074,0.006697503,0.44369113,0.025195973,null,null,null,null,"TWOGAUSSIANS",8,3.8349414,0.75063455,0.0020650788,0.4,0.0,0.41264158,0.015150678,0.25948074,0.0053091072,0.4,0.0,0.35393572,0.01814256
375316653866487564,5955759273132375552,0.5159584,2496.2101420233585,2.7321545855043694,1.7743958E-5,15.904589,0.07470793,0.24041371,0.0031008811,0.0229356,0.08941906,0.06405341,0.08357798,0.75803775,0.030067315,0.042860433,0.083707675,0.0070235417,4805934.0,0.057248317,0.05641895,0.24041371,0.0031008811,"TWOGAUSSIANS_WITH_ELLIPSOIDAL_ON_ECLIPSE1",9,27.919071,0.24041371,0.0031008811,0.12843935,0.28082958,0.17855002,0.069177724,0.75803775,0.03006286,0.24001843,0.3611748,0.12012189,4805934.0
375316653866487564,5955759990369812864,0.5342695,2493.1280061535285,2.4322059111678107,1.6101118E-5,19.12832,0.014120151,0.29567817,0.0038620702,0.07240546,0.0051223324,0.67782944,0.044819184,0.7929143,0.0061951377,0.06746606,0.008348335,0.30852437,0.018357063,null,null,null,null,"TWOGAUSSIANS",8,7.5889735,0.29567817,0.0038620702,0.4,0.007659966,0.676387,0.045190178,0.7929143,0.0061951377,0.3778099,0.046750676,0.30708197,0.018141001
375316653866487564,5955760024712155648,0.5204715,2455.757388173226,1.0327413453080407,1.2003449E-5,17.328299,0.0011403274,0.7489759,0.001622046,0.03842522,0.0013576474,0.09636889,0.0035949459,null,null,null,null,null,null,0.013824744,0.0017289534,0.7489759,0.001622046,"ONEGAUSSIAN_WITH_ELLIPSOIDAL",6,1.6261687,0.7489759,0.001622046,0.21518123,0.0076028253,0.12401837,0.003026828,null,null,null,null,null,null
375316653866487564,5955760407003811328,0.6066028,2478.9965553495927,2.752874751126987,3.7549444E-6,15.2640085,0.0064966884,0.29557088,0.0019470564,0.094195694,0.003028035,0.29812658,0.007072896,0.778007,0.0012717538,0.08878271,0.0026679332,0.29278332,0.0063767633,null,null,null,null,"TWOGAUSSIANS",8,26.866888,0.29557088,0.0019470564,0.4,0.0,0.28731015,0.005598455,0.778007,0.0012717538,0.4,0.0,0.28196743,0.0048405346
375316653866487564,5955760441363566976,0.53108394,2472.137967428107,0.29163862165693744,2.5939544E-5,13.375155,0.0013595438,0.12209772,0.004941723,0.016236719,0.0028886993,0.13948968,0.016197098,0.6221446,5.7606876E-4,0.014072156,5.043986E-4,0.21214482,0.0135338325,null,null,null,null,"TWOGAUSSIANS",8,28.924437,0.6221446,5.7606876E-4,0.07880407,0.0028246322,0.21214482,0.0135338325,0.12209772,0.004941723,0.09092563,0.016176715,0.13948968,0.016197098
375316653866487564,5955760471387764096,0.56565,2492.2726630313364,0.9154454412872463,9.204475E-6,13.378357,0.025591254,0.19449602,0.002551278,0.1131982,0.019716525,0.107702084,0.021610843,0.6987431,0.0026599292,0.123870164,0.01762602,0.123900436,0.02448179,null,null,null,null,"TWOGAUSSIANS",8,29.282625,0.6987531,0.0026693074,0.4,0.0,0.099805325,0.0023911265,0.19445601,0.0025228169,0.4,0.0,0.083666764,0.004413558
375316653866487564,5955760681881757952,0.6321164,2498.419894403595,2.1118815008538796,5.5051396E-6,14.798236,0.015095795,0.22147727,0.0012856708,0.06407786,0.005991968,0.20997019,0.02943027,0.7224102,0.0021446773,0.0665447,0.0057072956,0.17655368,0.029978145,0.058874577,0.015656153,0.22147727,0.0012856708,"TWOGAUSSIANS_WITH_ELLIPSOIDAL_ON_ECLIPSE1",9,29.52462,0.22147727,0.0012856708,0.35883602,0.03355502,0.32747117,0.005278697,0.7224102,0.002140311,0.37265033,0.031960856,0.2940506,0.005496827
375316653866487564,5955760952437254272,0.56313545,2475.9990509728123,1.3703140527810735,8.492154E-6,18.834259,0.002988098,0.24722528,0.004081726,0.03493939,0.0034268494,0.3297485,0.0150051145,0.7542228,0.008665799,0.023073198,0.01880136,0.12202681,3.3177328E8,0.02394821,0.0055817785,0.7542228,0.008665799,"TWOGAUSSIANS_WITH_ELLIPSOIDAL_ON_ECLIPSE2",9,1.6578395,0.24732529,0.00403165,0.19566058,0.019190356,0.37755358,0.015361767,0.7542228,0.008665799,0.1292099,0.10528761,0.16992314,3.3177328E8
375316653866487564,5955761330381323264,0.66076624,2468.755855413959,0.37590768867647983,2.8860138E-6,14.257049,5.997946E-4,0.25819594,0.0021264073,0.017900558,0.0011264655,0.23828325,0.01958461,0.7610917,0.0045494144,0.020154098,0.002439068,0.21937698,0.012801412,0.0056429706,8.8857266E-4,0.25819594,0.0021264073,"TWOGAUSSIANS_WITH_ELLIPSOIDAL_ON_ECLIPSE1",9,6.5888357,0.25819594,0.0021264073,0.10024313,0.006308207,0.24956918,0.019555507,0.7610917,0.0045494144,0.11286295,0.013658781,0.23065917,0.011955664
375316653866487564,5955761467821156864,0.5378369,2505.719676684162,1.210947825194348,5.7282283E-5,16.619774,0.0056120027,0.20207272,0.0010094887,0.012457312,0.0012511167,0.78932446,0.1128281,0.7146107,0.0041766386,0.018710513,0.0044865976,0.41835287,0.25608945,0.01533072,0.009454132,0.7146107,0.0041766386,"TWOGAUSSIANS_WITH_ELLIPSOIDAL_ON_ECLIPSE2",9,60.623158,0.20208272,0.0010099089,0.06976095,0.007006254,0.819796,0.11493787,0.7146107,0.0041766386,0.10477887,0.025124947,0.44901428,0.26436552
375316653866487564,5955761472113918208,0.53351575,2466.1845461493067,2.4034333937557033,1.7082735E-5,17.293474,0.030373566,0.2157999,0.0050459327,0.10637313,0.014013979,0.26817453,0.02678804,0.7129643,0.0026281504,0.10924642,0.010650481,0.28078878,0.027172966,null,null,null,null,"TWOGAUSSIANS",8,9.683609,0.7129643,0.0026281504,0.4,0.0,0.24460807,0.008101073,0.2157999,0.0050459327,0.4,0.0,0.23200117,0.011139149
375316653866487564,5955761540875280512,0.5100748,2482.4668869716706,0.45054583877511944,2.4043593E-6,17.222614,0.002513928,0.29110467,0.03602533,0.025627375,0.028208777,0.09269363,586.42377,0.7696717,2.564254E-4,0.012035509,2.9729345E-4,0.31261903,0.007667877,null,null,null,null,"TWOGAUSSIANS",8,14.159917,0.7696717,2.564254E-4,0.067398846,0.0016648432,0.31261903,0.007667877,0.29110467,0.03602533,0.14351329,0.15796915,0.09269363,586.42377
375316653866487564,5955761742711135488,0.54223853,2482.864983462047,2.5892767768363423,7.7589775E-6,19.3378,0.008688908,0.278572,0.0021187149,0.067493275,0.0032353771,0.56158495,0.03145559,0.7732661,0.0023907695,0.07113334,0.0034620673,0.5191452,0.027495392,null,null,null,null,"TWOGAUSSIANS",8,2.3183722,0.278572,0.0021187149,0.37796235,0.018118111,0.5601803,0.03168753,0.7732661,0.0023907695,0.39834672,0.011806197,0.51774055,0.027713306
375316653866487564,5955762017576040192,0.5392984,2493.4896252960166,3.195003409501174,7.169725E-6,17.454699,0.003990827,0.16043676,0.002915564,0.03121982,0.0049348567,0.2561341,0.21864805,0.71446425,0.00289247,0.030682297,0.0048124343,0.08204277,0.019481393,0.10914547,0.0051758345,0.16043676,0.002915564,"TWOGAUSSIANS_WITH_ELLIPSOIDAL_ON_ECLIPSE1",9,11.355415,0.16043676,0.002915564,0.17483099,0.027635198,0.47442502,0.21771587,0.71446425,0.00289247,0.17182086,0.026949631,0.27613017,0.020606622
375316653866487564,5955762395531085696,0.5470103,2475.5647498747294,3.817521359530612,1.1907522E-5,18.276411,0.010593743,0.25204787,0.003406596,0.09364,0.005626321,0.2587744,0.010888582,0.75879055,0.0023867362,0.09391369,0.007433097,0.21844132,0.009967003,null,null,null,null,"TWOGAUSSIANS",8,3.375808,0.25204787,0.003406596,0.4,0.0,0.24642463,0.007326097,0.75879055,0.0023867362,0.4,0.0,0.2060916,0.010163699
375316653866487564,5955762571625402240,0.47907817,2459.370521036716,0.44442272694982765,1.3290379E-5,19.330605,0.0038685063,0.36024615,0.002853299,0.01904403,0.0015787961,0.21625946,0.016566902,0.22030699,0.00818773,0.018573763,0.004338883,0.3257272,0.06975625,null,null,null,null,"TWOGAUSSIANS",8,2.7350147,0.22030699,0.00818773,0.10401307,0.024297744,0.3257272,0.06975625,0.36024615,0.002853299,0.10664657,0.008841258,0.21625946,0.016566902
375316653866487564,5955762743424228608,0.46487,2470.867259229234,1.6960341387695979,1.9488936E-5,19.691357,0.0074244384,0.27846804,0.0033542947,0.04128974,0.0100961365,0.31982815,0.12890673,0.7940049,0.005181913,0.046934105,0.00393869,0.26318762,0.0234148,null,null,null,null,"TWOGAUSSIANS",8,2.1645339,0.27846804,0.0033542947,0.23122254,0.056538366,0.31982812,0.12890704,0.7940049,0.005181913,0.262831,0.022056663,0.26318762,0.023414789
375316653866487564,5955762777784044672,0.52343816,2504.144275836515,2.5362033307724823,1.4484191E-5,19.659557,0.019216951,0.25361544,0.0050876783,0.08335102,0.0059043793,0.45657623,0.027247276,0.7649622,0.0052577048,0.08061446,0.008795189,0.44284254,0.027437428,null,null,null,null,"TWOGAUSSIANS",8,3.535301,0.25361544,0.0050876783,0.4,0.0,0.44962555,0.025492657,0.7649622,0.0052577048,0.4,0.0,0.4358919,0.02738535
375316653866487564,5955763087021891840,0.56572336,2479.1692208167246,4.08221153600365,1.37243715E-5,18.556255,0.0065794555,0.24443194,0.0019999521,0.08375117,0.0033502076,0.35595807,0.0073149847,0.7446919,0.0033116653,0.09173093,0.003832353,0.31241125,0.010780577,null,null,null,null,"TWOGAUSSIANS",8,2.190726,0.24443194,0.0019999521,0.4,0.0,0.3445484,0.0070605646,0.7446919,0.0033116653,0.4,0.0,0.3010014,0.010333368
375316653866487564,5955763190101046272,0.55735546,2492.190430805098,2.6201203900820027,1.3894284E-5,19.51781,0.00334649,0.34467265,0.0024862334,0.034953862,0.0025315934,0.6667745,0.07425831,0.6109696,0.009420467,0.012282369,0.011310028,0.051821943,4.4563823,null,null,null,null,"TWOGAUSSIANS",8,1.4656855,0.34467265,0.0024862334,0.19574164,0.014176924,0.6667745,0.07425831,0.6109696,0.009420467,0.068781264,0.06333616,0.051821943,4.4563823
375316653866487564,5955763529417577984,0.5095283,2499.3956572550464,1.9098485186768097,1.2175654E-5,19.018238,0.006589278,0.18758415,0.0046748295,0.051095724,0.0069217477,0.081045486,0.007571318,0.70100224,0.0044286298,0.051679946,0.006047756,0.28444225,0.012927698,null,null,null,null,"TWOGAUSSIANS",8,4.5882277,0.70100224,0.0044286298,0.2894077,0.033867434,0.2844411,0.012926939,0.18758415,0.0046748295,0.28613606,0.038761787,0.08104434,0.007568501
