Gaia/vari_eclipsing_binary/VariEclipsingBinary_591701-592140.csv
# %ECSV 1.0
# ---
# delimiter: ','
# meta: !!omap
# - RELEASE: Gaia DR3
# - TABLE: vari_eclipsing_binary
# - DESCRIPTION: >
#     This table describes the properties of the eclipsing binaries resulting from the variability analysis. 
# - CITATION: >
#     How to cite and acknowledge Gaia: 
#     https://gea.esac.esa.int/archive/documentation/credits.html 
# - KNOWN_ISSUES: >
#     Known issues: 
#     https://www.cosmos.esa.int/web/gaia-users/known-issues 
# - DOCUMENTATION: >
#     Tutorials and documentation: 
#     https://www.cosmos.esa.int/web/gaia-users/archive 
# datatype:
# - 
#   name: solution_id
#   datatype: int64
#   description: Solution Identifier
#   meta:
#     ucd: meta.version
# - 
#   name: source_id
#   datatype: int64
#   description: Unique source identifier
#   meta:
#     ucd: meta.id;meta.main
# - 
#   name: global_ranking
#   datatype: float32
#   description: Number between 0 (worst) and 1 (best)
#   meta:
#     ucd: stat.param
# - 
#   name: reference_time
#   datatype: float64
#   unit: d
#   description: Reference time used for the geometric model fit
#   meta:
#     ucd: time.epoch
# - 
#   name: frequency
#   datatype: float64
#   unit: d**-1
#   description: Frequency of geometric model of the eclipsing binary light curve
#   meta:
#     ucd: src.orbital
# - 
#   name: frequency_error
#   datatype: float32
#   unit: d**-1
#   description: "Uncertainty of \\texttt{frequency}"
#   meta:
#     ucd: stat.error
# - 
#   name: geom_model_reference_level
#   datatype: float32
#   unit: mag
#   description: Magnitude reference level of geometric model
#   meta:
#     ucd: phot.mag;em.opt
# - 
#   name: geom_model_reference_level_error
#   datatype: float32
#   unit: mag
#   description: "Uncertainty of \\texttt{geomModelReferenceLevel}"
#   meta:
#     ucd: stat.error;phot.mag;em.opt
# - 
#   name: geom_model_gaussian1_phase
#   datatype: float32
#   description: Phase of the Gaussian 1 component
#   meta:
#     ucd: time.phase
# - 
#   name: geom_model_gaussian1_phase_error
#   datatype: float32
#   description: "Uncertainty of \\texttt{geomModelGaussian1Phase}"
#   meta:
#     ucd: stat.error;time.phase
# - 
#   name: geom_model_gaussian1_sigma
#   datatype: float32
#   description: "Standard deviation [phase] of Gaussian 1 component"
#   meta:
#     ucd: stat.stdev
# - 
#   name: geom_model_gaussian1_sigma_error
#   datatype: float32
#   description: "Uncertainty of \\texttt{geomModelGaussian1Sigma}"
#   meta:
#     ucd: stat.error
# - 
#   name: geom_model_gaussian1_depth
#   datatype: float32
#   unit: mag
#   description: Magnitude depth of Gaussian 1 component
#   meta:
#     ucd: src.var.amplitude
# - 
#   name: geom_model_gaussian1_depth_error
#   datatype: float32
#   unit: mag
#   description: "Uncertainty of \\texttt{geomModelGaussian1Depth}"
#   meta:
#     ucd: stat.error;src.var.amplitude
# - 
#   name: geom_model_gaussian2_phase
#   datatype: float32
#   description: Phase of Gaussian 2 component
#   meta:
#     ucd: time.phase
# - 
#   name: geom_model_gaussian2_phase_error
#   datatype: float32
#   description: "Uncertainty of \\texttt{geomModelGaussian2Phase}"
#   meta:
#     ucd: stat.error;time.phase
# - 
#   name: geom_model_gaussian2_sigma
#   datatype: float32
[...]
#   datatype: float32
#   description: "Secondary eclipse: uncertainty of \\texttt{derivedSecondaryEclDuration}"
#   meta:
#     ucd: stat.error;time.duration
# - 
#   name: derived_secondary_ecl_depth
#   datatype: float32
#   unit: mag
#   description: "Secondary eclipse: depth"
#   meta:
#     ucd: src.var.amplitude
# - 
#   name: derived_secondary_ecl_depth_error
#   datatype: float32
#   unit: mag
#   description: "Secondary eclipse: uncertainty of \\texttt{derivedSecondaryEclDepth}"
#   meta:
#     ucd: stat.error;src.var.amplitude
solution_id,source_id,global_ranking,reference_time,frequency,frequency_error,geom_model_reference_level,geom_model_reference_level_error,geom_model_gaussian1_phase,geom_model_gaussian1_phase_error,geom_model_gaussian1_sigma,geom_model_gaussian1_sigma_error,geom_model_gaussian1_depth,geom_model_gaussian1_depth_error,geom_model_gaussian2_phase,geom_model_gaussian2_phase_error,geom_model_gaussian2_sigma,geom_model_gaussian2_sigma_error,geom_model_gaussian2_depth,geom_model_gaussian2_depth_error,geom_model_cosine_half_period_amplitude,geom_model_cosine_half_period_amplitude_error,geom_model_cosine_half_period_phase,geom_model_cosine_half_period_phase_error,model_type,num_model_parameters,reduced_chi2,derived_primary_ecl_phase,derived_primary_ecl_phase_error,derived_primary_ecl_duration,derived_primary_ecl_duration_error,derived_primary_ecl_depth,derived_primary_ecl_depth_error,derived_secondary_ecl_phase,derived_secondary_ecl_phase_error,derived_secondary_ecl_duration,derived_secondary_ecl_duration_error,derived_secondary_ecl_depth,derived_secondary_ecl_depth_error
[from data line 362]
375316653866487564,5206523393899049472,0.609242,2212.0155127496687,3.313316972513646,5.083203E-6,15.399123,0.010370006,0.27902815,0.002022326,0.051478818,0.004042161,0.37302592,0.025853183,0.7752477,0.0026805485,0.04575546,0.0068375603,0.23573959,0.07671026,0.10775544,0.0152094,0.7752477,0.0026805485,"TWOGAUSSIANS_WITH_ELLIPSOIDAL_ON_ECLIPSE2",9,65.39332,0.27861816,0.001710591,0.28828138,0.022636103,0.58842593,0.020192763,0.7752477,0.0026805485,0.2562306,0.038290337,0.45124805,0.07320476
375316653866487564,5206528032463743104,0.6400344,2173.065747015082,2.7041637385964155,3.0848805E-6,14.8873825,0.010571952,0.26005077,8.0696633E-4,0.05322611,0.0026227995,0.47110352,0.030985383,0.7602097,0.0014082959,0.047980238,0.0028311883,0.40556133,0.024266714,0.10645813,0.013943686,0.26005077,8.0696633E-4,"TWOGAUSSIANS_WITH_ELLIPSOIDAL_ON_ECLIPSE1",9,80.72469,0.26005077,8.0696633E-4,0.2980662,0.014687678,0.68401164,0.02709928,0.7602097,0.0013846486,0.26868933,0.015854653,0.61846924,0.01669418
375316653866487564,5206553493030125312,0.5206046,2151.0795904761703,0.5513495502177951,5.0972644E-6,15.341646,0.0017487386,0.26923546,0.008269454,0.016848281,0.003564465,0.15320534,0.03943126,0.7577819,0.0026956869,0.015753087,0.004623489,0.057378568,0.017610746,0.023991933,0.0026127829,0.26923546,0.008269454,"TWOGAUSSIANS_WITH_ELLIPSOIDAL_ON_ECLIPSE1",9,17.753708,0.26923546,0.008269454,0.09435037,0.019961005,0.20118912,0.03972037,0.7579619,0.0026807939,0.08821729,0.025891539,0.105118245,0.018044949
375316653866487564,5206564213268151552,0.45198527,2179.4438420584356,0.06384736029028297,7.040131E-5,18.511,0.0066999444,0.22268035,0.008974895,0.036864523,0.011928314,0.13605787,0.040050168,0.62311846,0.0038050686,0.009276917,0.004787989,0.080723405,0.018774621,0.03505069,0.0111749945,0.22268035,0.008974895,"TWOGAUSSIANS_WITH_ELLIPSOIDAL_ON_ECLIPSE1",9,7.0519667,0.22268035,0.008974895,0.20644134,0.06679856,0.20615913,0.042030517,0.6235685,0.003883731,0.051950738,0.026812738,0.12688169,0.018652627
375316653866487564,5206574864786361984,0.49878713,2219.054053010612,1.2500454155103184,2.3216187E-5,19.462255,0.0071230046,0.10259862,0.0032076943,0.013497415,0.006779844,0.40929484,0.17443828,0.7625108,3.166951E-5,0.0042086733,1.1577907E-4,1.5172901,0.080231905,null,null,null,null,"TWOGAUSSIANS",8,4.4824243,0.7625108,3.166951E-5,0.02356857,6.483628E-4,1.5172901,0.080231905,0.10259862,0.0032076943,0.07558552,0.037967127,0.40929484,0.17443828
375316653866487564,5206582595728154112,0.4614311,2230.107345534,2.794563548668838,2.9151417E-5,13.67282,0.029740648,0.29633665,0.01106236,0.09717674,0.0201817,0.1904156,0.028488748,0.76870656,0.0074389023,0.09057261,0.011904745,0.25354955,0.033005625,null,null,null,null,"TWOGAUSSIANS",8,1547.9979,0.76870656,0.0074389023,0.4,0.0,0.24514699,0.024483591,0.29633665,0.01106236,0.4,0.0,0.18201189,0.01911342
375316653866487564,5206601115627505408,0.50272214,2208.38576356248,0.7195154693781447,1.968798E-4,16.55495,0.0015090284,0.35547507,0.03815573,0.034684137,0.04277367,0.51513624,3.885372E24,null,null,null,null,null,null,null,null,null,null,"ONEGAUSSIAN",5,52.774128,0.35547507,0.03815573,0.19423115,0.23953258,0.51513624,0.0,null,null,null,null,null,null
375316653866487564,5206602485720475264,0.49379584,2222.459306747356,0.21459089028770983,2.79304E-5,19.777195,0.007976094,0.3580941,0.0068959477,0.0051989523,0.0044001383,0.46192956,0.5544479,0.79170346,0.020961227,0.02939899,0.008326999,1.3992845,1.3269658,null,null,null,null,"TWOGAUSSIANS",8,2.6579778,0.79170346,0.020961227,0.16463435,0.046631195,1.3992845,1.3269658,0.3580941,0.0068959477,0.029114133,0.024640774,0.46192956,0.5544479
375316653866487564,5206616508790077312,0.54556936,2166.356850544826,1.0319903942784419,5.3130266E-6,11.2290535,0.0013965915,0.4830471,7.665305E-4,0.038342685,0.0010468205,0.15149915,0.006595205,null,null,null,null,null,null,null,null,null,null,"ONEGAUSSIAN",5,92.06988,0.4830471,7.665305E-4,0.21471903,0.005862195,0.15149915,0.0,null,null,null,null,null,null
375316653866487564,5206636089544096256,0.49461937,2195.1303365324866,3.7914453722224666,2.0490925E-5,17.289675,0.012100454,0.28993323,0.0063397144,0.10156739,0.015667338,0.11428334,0.011041085,0.79208094,0.0096006235,0.08913384,0.014096583,0.09595987,0.014354697,null,null,null,null,"TWOGAUSSIANS",8,5.522744,0.28993323,0.0063397144,0.4,0.0,0.107721835,0.00584526,0.79208094,0.009600807,0.4,0.0,0.08939959,0.0104023665
375316653866487564,5206636437438361600,0.61483353,2166.5539387136932,4.3239196770016575,5.2472897E-6,17.72422,0.0077200625,0.1724046,0.0014422336,0.04824277,0.003523617,0.31869152,0.024517994,0.672412,0.0050840126,0.06292346,0.005269702,0.27168804,0.019347342,0.09259184,0.010659459,0.1724046,0.0014422336,"TWOGAUSSIANS_WITH_ELLIPSOIDAL_ON_ECLIPSE1",9,4.79282,0.1724046,0.0014422336,0.2701595,0.019732255,0.50377446,0.027936649,0.672412,0.0044311364,0.3523714,0.02951033,0.45677102,0.008841625
375316653866487564,5206637635733371264,0.45954287,2171.3628013923144,3.2243580672478767,2.358928E-5,18.192366,0.0020125005,0.25993937,0.004092503,0.016036801,0.007591267,0.15207195,0.1358046,0.4420039,0.0053512296,0.013679328,0.0099265305,0.041977677,6.377336,null,null,null,null,"TWOGAUSSIANS",8,2.0230582,0.25993937,0.004092503,0.08980609,0.042511094,0.15207195,0.1358046,0.4420039,0.0053512296,0.07660424,0.05558857,0.041977677,6.377336
375316653866487564,5206657190720235520,0.48473278,2160.4658269270826,2.0615653215777976,2.5464933E-5,17.800062,0.19367339,0.24426436,0.008991949,0.12312706,0.048629448,0.14687185,0.16308953,0.73847324,0.015870292,0.14643948,0.12999538,0.10418219,0.1877826,null,null,null,null,"TWOGAUSSIANS",8,4.1948576,0.24445437,0.008552845,0.4,0.0,0.10625581,0.006894911,0.73847324,0.015870292,0.4,0.0,0.063026495,0.009344308
375316653866487564,5206668220194502272,0.5799312,2180.2264942855763,0.6055711681593479,9.405409E-6,19.255968,0.004088274,0.25647148,0.025440792,0.025862006,0.009647759,1.3484335,1.2225536,0.45672062,0.03048393,0.020522173,0.022195248,0.104463816,0.09676897,null,null,null,null,"TWOGAUSSIANS",8,1.5063329,0.25647148,0.025440792,0.14482723,0.054027446,1.3484335,1.2225536,0.45672062,0.03048393,0.11492418,0.12429339,0.104463816,0.09676897
375316653866487564,5206706771822776960,0.52493227,2201.2850634576052,1.474012413324493,1.3822925E-5,15.916339,0.0033034321,0.12653978,0.0014434566,0.024841126,0.011323291,0.027429946,0.0152485315,0.6849014,0.004063401,0.066202305,0.0278537,0.013546687,0.008301852,0.048809126,0.004222049,0.6849014,0.004063401,"TWOGAUSSIANS_WITH_ELLIPSOIDAL_ON_ECLIPSE2",9,16.256624,0.13511978,0.021144656,0.1391103,0.06341042,0.114205904,0.00559728,0.6849014,0.004063401,0.37073293,0.14642277,0.11115411,0.005128823
375316653866487564,5206710448314815360,0.5128695,2202.6427432683954,3.5375220057750862,1.26317655E-5,14.364828,0.013629141,0.24357271,0.0042656166,0.044657905,0.008637733,0.33634746,0.07323618,null,null,null,null,null,null,0.16375549,0.021724038,0.24357271,0.0042656166,"ONEGAUSSIAN_WITH_ELLIPSOIDAL",6,958.9015,0.24357271,0.0042656166,0.25008425,0.048371304,0.6638583,0.07173577,null,null,null,null,null,null
375316653866487564,5206729689767185152,0.46096662,2238.7959518129137,3.169910003319357,5.0245806E-5,17.283844,0.26586306,0.3493801,0.025788078,0.1123072,0.11314571,0.21071208,0.25530487,0.79917717,0.040694624,0.0873269,0.05240852,0.3622838,0.24994445,null,null,null,null,"TWOGAUSSIANS",8,5.9412155,0.79917717,0.040694624,0.4,0.14648944,0.35061002,0.19923173,0.3493801,0.02568919,0.4,0.0,0.19896837,0.038849153
375316653866487564,5206732163669591424,0.65734446,2237.976263773422,3.2042160413339467,4.4409608E-6,14.553198,0.0036222003,0.22061063,0.0012619658,0.045411516,0.0023777762,0.23009318,0.011210825,0.71943355,0.0020908085,0.04294114,0.003052604,0.17450082,0.011464221,0.117873296,0.004739282,0.22061063,0.0012619658,"TWOGAUSSIANS_WITH_ELLIPSOIDAL_ON_ECLIPSE1",9,48.599037,0.22061063,0.0012619658,0.2543045,0.013315546,0.46583953,0.009511079,0.71962357,0.0017792434,0.24047038,0.017094582,0.4102364,0.012050047
375316653866487564,5206746526040219008,0.6088828,2233.1670063250485,3.2425928603023944,4.272702E-6,15.5893755,0.0073555247,0.25845322,0.0024888571,0.052771706,0.01868669,0.10340874,0.325693,0.7516669,0.0059213485,0.049482513,0.006058192,0.12320108,0.014131201,0.0942524,0.007726023,0.25845322,0.0024888571,"TWOGAUSSIANS_WITH_ELLIPSOIDAL_ON_ECLIPSE1",9,20.673107,0.7532169,0.0045837765,0.27710208,0.033925872,0.31143937,0.005593769,0.25845322,0.0024888571,0.29552156,0.10464546,0.29191142,0.3313014
375316653866487564,5206756898385009536,0.5956175,2162.3565660979402,3.5848401048569025,5.8690275E-6,16.842537,0.03384928,0.15141584,0.0048184367,0.055044983,0.01559371,0.22415546,0.064667694,0.64355206,0.0044401675,0.05376489,0.0106708845,0.27013648,0.07090269,0.09675562,0.03642502,0.15141584,0.0048184367,"TWOGAUSSIANS_WITH_ELLIPSOIDAL_ON_ECLIPSE1",9,19.040178,0.64465207,0.003464127,0.3010834,0.059756953,0.46322986,0.041682675,0.15141584,0.0048184367,0.30825192,0.087324776,0.41765466,0.014018929
375316653866487564,5206761987922419456,0.54217577,2185.1682826918495,1.6976823779238417,1.5029092E-5,14.511753,0.005594275,0.59612465,0.0037915108,0.017016336,0.0022660964,0.7190329,0.058313183,0.8358946,0.023364615,0.052238278,0.03352931,0.036271445,0.18275686,0.0076337135,0.008445488,0.8358946,0.023364615,"TWOGAUSSIANS_WITH_ELLIPSOIDAL_ON_ECLIPSE2",9,497.54556,0.59612465,0.0037952154,0.09529148,0.01269014,0.7190964,0.058320396,0.8358946,0.023364615,0.29253435,0.18776415,0.05153847,0.18286985
375316653866487564,5206764530543029760,0.62403387,2211.8003109449774,3.0301834713783333,3.7846387E-6,15.6408415,0.01603932,0.19148494,0.0021507398,0.038387164,0.0060087848,0.36064425,0.02191552,0.69342405,0.004250273,0.055869907,0.007937179,0.36910444,0.03149321,0.10282646,0.020016097,0.19148494,0.0021507398,"TWOGAUSSIANS_WITH_ELLIPSOIDAL_ON_ECLIPSE1",9,100.361595,0.69342405,0.0040620575,0.3128715,0.0444482,0.5747127,0.011333479,0.19148494,0.0021507398,0.21496813,0.033649195,0.56628305,0.026396474
375316653866487564,5206780336022692992,0.639504,2208.8503413423127,0.584526341875907,7.74061E-6,13.568542,0.004159977,0.317128,0.0019421522,0.024648407,0.0017064508,1.649451,0.07925965,0.8386223,0.014325556,0.016622256,0.010164198,0.03841301,0.024743132,0.02797306,0.009550142,0.8386223,0.014325556,"TWOGAUSSIANS_WITH_ELLIPSOIDAL_ON_ECLIPSE2",9,474.4834,0.317158,0.0019366026,0.13803108,0.009556124,1.7043846,0.07920822,0.8386223,0.014325556,0.09308463,0.05691951,0.09435912,0.02083783
375316653866487564,5206791090620840832,0.619036,2212.75076499779,0.1646233756332537,3.1785163E-5,14.735231,0.0012213497,0.15195793,0.01637428,0.012140302,0.015643077,0.016211748,1.59079455E15,0.26777634,2.687533E-4,0.0079573495,1.5359883E-4,0.4424269,0.009775329,null,null,null,null,"TWOGAUSSIANS",8,26.47068,0.26777634,2.687533E-4,0.04456116,8.601534E-4,0.4424269,0.009775329,0.15195793,0.01637428,0.06798569,0.08760124,0.016211748,1.59079455E15
375316653866487564,5206793908119399040,0.63421893,2266.399229903105,3.279201653587213,8.020332E-6,15.856761,0.014612254,0.24833916,0.0072748763,0.052448593,0.011136679,0.15163992,0.030808084,0.7657092,0.002494668,0.05053153,0.006391464,0.2518852,0.031124204,0.062108096,0.016750542,0.7657092,0.002494668,"TWOGAUSSIANS_WITH_ELLIPSOIDAL_ON_ECLIPSE2",9,14.720368,0.7657092,0.002494668,0.28297657,0.035792198,0.37609968,0.0062163016,0.25094917,0.005798445,0.2937121,0.0623654,0.27460146,0.00495475
375316653866487564,5206811912620492160,0.45155123,2194.6455344675683,3.113870371846438,2.005007E-5,19.082504,0.005999333,0.31651494,0.0059385574,0.03897289,0.004469712,0.24430297,0.019724,0.5973219,0.02239098,0.03505966,0.027311513,0.04967994,0.05530593,null,null,null,null,"TWOGAUSSIANS",8,4.6899557,0.31651494,0.0059385574,0.21824817,0.025030386,0.24430297,0.019724,0.5973219,0.02239098,0.1963341,0.15294448,0.04967994,0.05530593
375316653866487564,5206826579935058304,0.55032605,2153.5358972740423,1.5058654660357884,1.0209637E-6,18.709307,0.009525014,0.27372018,0.03415452,0.12633888,0.03611568,0.043696325,0.010874683,0.8198933,3.2332193E-4,0.0063140597,3.052445E-4,0.61326367,0.019392537,null,null,null,null,"TWOGAUSSIANS",8,3.9486058,0.8198933,3.2332193E-4,0.035358734,0.0017093691,0.61330175,0.019450825,0.27372018,0.03415452,0.4,0.0,0.043661624,0.01077455
375316653866487564,5206853483609151744,0.5145191,2290.7229483517667,3.0287085314144644,1.8117407E-5,17.133503,0.016387915,0.270541,0.007275476,0.10680001,0.011834994,0.28307322,0.023187298,0.7605412,0.0041587413,0.09322532,0.006681281,0.31280738,0.015450176,null,null,null,null,"TWOGAUSSIANS",8,26.257786,0.7605412,0.0041587413,0.4,0.0,0.28991088,0.008915727,0.270541,0.007275476,0.4,0.0,0.26016638,0.02278233
375316653866487564,5206855167235853440,0.49079025,2233.172248823935,0.5142117544230105,1.986485E-5,10.883895,0.0020055017,0.2626233,0.0044453926,0.09011796,0.012460736,0.038691733,0.0034918087,0.8866647,0.03838286,0.02736335,0.03448621,0.013834061,0.009203087,null,null,null,null,"TWOGAUSSIANS",8,52.213142,0.2626233,0.0044453926,0.4,0.0,0.038691692,0.0034930776,0.8866847,0.038341828,0.15323476,0.19312279,0.013840454,0.009208612
375316653866487564,5206881967832166272,0.4436508,2174.369787640102,1.1186978713320284,1.3525309E-5,17.762642,0.00424142,0.36964452,0.0043200287,0.04352047,0.006016587,0.086376145,0.0111108115,0.8662252,0.021844855,0.039804023,0.014071938,0.09769854,0.031764135,null,null,null,null,"TWOGAUSSIANS",8,9.667069,0.8662252,0.021844855,0.22290254,0.078802854,0.09769854,0.031764135,0.36964452,0.0043200287,0.24371463,0.03369289,0.086376145,0.011110812
375316653866487564,5206883621396470912,0.5729931,2231.0461669955125,3.972292726642686,8.313197E-6,14.891105,0.016577417,0.13396126,0.0024980062,0.044891138,0.009095554,0.2805532,0.033992507,0.60996675,0.00656442,0.06883429,0.013069962,0.33418313,0.0798071,0.10037344,0.02799141,0.13396126,0.0024980062,"TWOGAUSSIANS_WITH_ELLIPSOIDAL_ON_ECLIPSE1",9,219.03711,0.6143368,0.005646993,0.38547203,0.028626515,0.53109884,0.0766979,0.13396126,0.0024980062,0.25139037,0.0509351,0.48117837,0.033164717
375316653866487564,5206893169106887680,0.5354346,2150.5924802473205,0.9429672547230973,3.056557E-5,17.319061,0.010370842,0.3221476,0.004462133,0.035162266,0.016321464,0.4568897,0.19508089,0.82229346,0.011671691,0.030516708,0.012511474,0.049918264,0.026351737,0.015501867,0.014103655,0.82229346,0.011671691,"TWOGAUSSIANS_WITH_ELLIPSOIDAL_ON_ECLIPSE2",9,19.09887,0.3221476,0.0044170655,0.19690868,0.09140019,0.48789334,0.21411149,0.82229346,0.011671691,0.17089356,0.070064254,0.08092194,0.012722126
375316653866487564,5206917770679640704,0.5944654,2165.948073287124,1.9495683817001952,1.3262567E-5,17.551195,0.0057912944,0.25867495,0.0026269343,0.081712075,0.0034925803,0.23890322,0.008734431,0.76058936,0.0052727056,0.10169935,0.0087155625,0.12616226,0.0056017875,null,null,null,null,"TWOGAUSSIANS",8,1.6391058,0.25867495,0.0026269343,0.4,0.0,0.23112823,0.008347505,0.76058936,0.0052727056,0.4,0.0,0.118385844,0.0045252
375316653866487564,5206926880306962688,0.6084606,2172.984695973602,3.2264487773819033,9.9168265E-6,15.740214,0.010214322,0.25547078,0.0044774553,0.04840157,0.007759621,0.09636597,0.021756139,0.76380944,0.0023123578,0.050134197,0.008808813,0.15377909,0.021640526,0.10493075,0.011583452,0.76380944,0.0023123578,"TWOGAUSSIANS_WITH_ELLIPSOIDAL_ON_ECLIPSE2",9,25.606512,0.76380944,0.0023123578,0.2807515,0.04932935,0.36363927,0.011870668,0.25786078,0.0028582355,0.27104878,0.043453876,0.3058157,0.0072614043
