Gaia/vari_eclipsing_binary/VariEclipsingBinary_484947-484966.csv
# %ECSV 1.0
# ---
# delimiter: ','
# meta: !!omap
# - RELEASE: Gaia DR3
# - TABLE: vari_eclipsing_binary
# - DESCRIPTION: >
#     This table describes the properties of the eclipsing binaries resulting from the variability analysis. 
# - CITATION: >
#     How to cite and acknowledge Gaia: 
#     https://gea.esac.esa.int/archive/documentation/credits.html 
# - KNOWN_ISSUES: >
#     Known issues: 
#     https://www.cosmos.esa.int/web/gaia-users/known-issues 
# - DOCUMENTATION: >
#     Tutorials and documentation: 
#     https://www.cosmos.esa.int/web/gaia-users/archive 
# datatype:
# - 
#   name: solution_id
#   datatype: int64
#   description: Solution Identifier
#   meta:
#     ucd: meta.version
# - 
#   name: source_id
#   datatype: int64
#   description: Unique source identifier
#   meta:
#     ucd: meta.id;meta.main
# - 
#   name: global_ranking
#   datatype: float32
#   description: Number between 0 (worst) and 1 (best)
#   meta:
#     ucd: stat.param
# - 
#   name: reference_time
#   datatype: float64
#   unit: d
#   description: Reference time used for the geometric model fit
#   meta:
#     ucd: time.epoch
# - 
#   name: frequency
#   datatype: float64
#   unit: d**-1
#   description: Frequency of geometric model of the eclipsing binary light curve
#   meta:
#     ucd: src.orbital
# - 
#   name: frequency_error
#   datatype: float32
#   unit: d**-1
#   description: "Uncertainty of \\texttt{frequency}"
#   meta:
#     ucd: stat.error
# - 
#   name: geom_model_reference_level
#   datatype: float32
#   unit: mag
#   description: Magnitude reference level of geometric model
#   meta:
#     ucd: phot.mag;em.opt
# - 
#   name: geom_model_reference_level_error
#   datatype: float32
#   unit: mag
#   description: "Uncertainty of \\texttt{geomModelReferenceLevel}"
#   meta:
#     ucd: stat.error;phot.mag;em.opt
# - 
#   name: geom_model_gaussian1_phase
#   datatype: float32
#   description: Phase of the Gaussian 1 component
#   meta:
#     ucd: time.phase
# - 
#   name: geom_model_gaussian1_phase_error
#   datatype: float32
#   description: "Uncertainty of \\texttt{geomModelGaussian1Phase}"
#   meta:
#     ucd: stat.error;time.phase
# - 
#   name: geom_model_gaussian1_sigma
#   datatype: float32
#   description: "Standard deviation [phase] of Gaussian 1 component"
#   meta:
#     ucd: stat.stdev
# - 
#   name: geom_model_gaussian1_sigma_error
#   datatype: float32
#   description: "Uncertainty of \\texttt{geomModelGaussian1Sigma}"
#   meta:
#     ucd: stat.error
# - 
#   name: geom_model_gaussian1_depth
#   datatype: float32
#   unit: mag
#   description: Magnitude depth of Gaussian 1 component
#   meta:
#     ucd: src.var.amplitude
# - 
#   name: geom_model_gaussian1_depth_error
#   datatype: float32
#   unit: mag
#   description: "Uncertainty of \\texttt{geomModelGaussian1Depth}"
#   meta:
#     ucd: stat.error;src.var.amplitude
# - 
#   name: geom_model_gaussian2_phase
#   datatype: float32
#   description: Phase of Gaussian 2 component
#   meta:
#     ucd: time.phase
# - 
#   name: geom_model_gaussian2_phase_error
#   datatype: float32
#   description: "Uncertainty of \\texttt{geomModelGaussian2Phase}"
#   meta:
#     ucd: stat.error;time.phase
# - 
#   name: geom_model_gaussian2_sigma
#   datatype: float32
[...]
#   datatype: float32
#   description: "Secondary eclipse: uncertainty of \\texttt{derivedSecondaryEclDuration}"
#   meta:
#     ucd: stat.error;time.duration
# - 
#   name: derived_secondary_ecl_depth
#   datatype: float32
#   unit: mag
#   description: "Secondary eclipse: depth"
#   meta:
#     ucd: src.var.amplitude
# - 
#   name: derived_secondary_ecl_depth_error
#   datatype: float32
#   unit: mag
#   description: "Secondary eclipse: uncertainty of \\texttt{derivedSecondaryEclDepth}"
#   meta:
#     ucd: stat.error;src.var.amplitude
solution_id,source_id,global_ranking,reference_time,frequency,frequency_error,geom_model_reference_level,geom_model_reference_level_error,geom_model_gaussian1_phase,geom_model_gaussian1_phase_error,geom_model_gaussian1_sigma,geom_model_gaussian1_sigma_error,geom_model_gaussian1_depth,geom_model_gaussian1_depth_error,geom_model_gaussian2_phase,geom_model_gaussian2_phase_error,geom_model_gaussian2_sigma,geom_model_gaussian2_sigma_error,geom_model_gaussian2_depth,geom_model_gaussian2_depth_error,geom_model_cosine_half_period_amplitude,geom_model_cosine_half_period_amplitude_error,geom_model_cosine_half_period_phase,geom_model_cosine_half_period_phase_error,model_type,num_model_parameters,reduced_chi2,derived_primary_ecl_phase,derived_primary_ecl_phase_error,derived_primary_ecl_duration,derived_primary_ecl_duration_error,derived_primary_ecl_depth,derived_primary_ecl_depth_error,derived_secondary_ecl_phase,derived_secondary_ecl_phase_error,derived_secondary_ecl_duration,derived_secondary_ecl_duration_error,derived_secondary_ecl_depth,derived_secondary_ecl_depth_error
[from data line 228]
375316653866487564,4265697201290615424,0.47871634,2281.482550930576,0.026542138330028008,3.9193405E-5,19.708954,0.16121098,0.32020378,0.033360638,0.21217962,0.08743312,0.2399085,0.15171328,0.79075396,0.0186601,0.085371874,0.03405969,0.3474119,0.77501607,null,null,null,null,"TWOGAUSSIANS",8,1.1967384,0.79075396,0.0186601,0.4,0.0910277,0.28314948,0.8138862,0.32020378,0.033357665,0.4,0.0,0.14447263,0.018252593
375316653866487564,4265697368762889088,0.6316529,2199.7000063179185,0.888313045051229,6.871473E-6,16.364754,0.00951413,0.24710146,0.0058151223,0.10149592,0.009178275,0.20456877,0.01826866,0.7215416,0.0013424768,0.09172179,0.004540498,0.32854486,0.01128357,null,null,null,null,"TWOGAUSSIANS",8,5.8415318,0.7215416,0.0013424768,0.4,0.0,0.3159706,0.01203611,0.24710146,0.0058151223,0.4,0.0,0.19199108,0.019001663
375316653866487564,4265697819766147456,0.44914111,2252.1357840001147,0.07187444956643424,3.335978E-5,19.419912,0.03562369,0.20216587,0.00840449,0.03986631,0.02356407,0.15156122,0.9466499,0.59012836,0.0598869,0.02463773,0.05780176,0.1890424,0.11488797,0.12781754,0.055436358,0.20216587,0.00840449,"TWOGAUSSIANS_WITH_ELLIPSOIDAL_ON_ECLIPSE1",9,5.772524,0.20216587,0.00840449,0.22325133,0.1319588,0.40719584,0.94749457,0.59526837,0.063383706,0.1379713,0.28034088,0.3416162,0.13622834
375316653866487564,4265697888485386880,0.47575954,2162.629645157321,0.08402179637064817,4.1568393E-5,18.923933,0.005422512,0.3786308,0.014712088,0.021752238,0.01926987,0.045575567,4.6822567,0.73862046,0.00914984,0.056225903,0.0124560855,0.3076207,0.1810393,null,null,null,null,"TWOGAUSSIANS",8,2.7990577,0.73862046,0.00914984,0.31486505,0.06975408,0.3076207,0.1810393,0.3786308,0.014712088,0.12181254,0.107911274,0.045575567,4.6822567
375316653866487564,4265698025925197056,0.58564353,2241.3430762387356,1.3043941245635458,3.5865294E-5,19.330719,0.005545995,0.22958171,0.00781314,0.088866875,0.008177688,0.27165085,0.01835836,0.7141911,0.0021730808,0.06853237,0.0019097764,0.614658,0.025149781,null,null,null,null,"TWOGAUSSIANS",8,0.8830803,0.7141911,0.0021730808,0.38378125,0.010694748,0.61109847,0.025269426,0.22958171,0.00781314,0.4,0.0,0.2680912,0.019253148
375316653866487564,4265698124679865600,0.4454298,2233.618429829727,0.48467281480468044,3.127258E-5,19.108208,0.043821536,0.3326037,0.010171336,0.12113277,0.041966017,0.10381532,0.045971133,0.777842,0.0074279886,0.052097097,0.019158341,0.16109315,0.030303918,null,null,null,null,"TWOGAUSSIANS",8,3.8220184,0.777842,0.0074279886,0.29174373,0.10728671,0.15994455,0.029666204,0.3326037,0.010171336,0.4,0.0,0.10254289,0.044783883
375316653866487564,4265698438248372480,0.4880231,2202.2428815771823,2.623141375519749,2.4808776E-5,19.823547,0.04581119,0.2133212,0.0029193105,0.076907925,0.016527556,0.32972598,0.024099374,0.7149948,0.014065493,0.117156215,0.022298783,0.20421474,0.052033912,null,null,null,null,"TWOGAUSSIANS",8,1.5123259,0.2133212,0.0029245084,0.4,0.04468232,0.31294835,0.020169737,0.7149948,0.014065493,0.4,0.0,0.18739174,0.041298587
375316653866487564,4265698506959377536,0.49425405,2226.207975834371,0.23809031393998256,2.4028024E-5,17.879194,0.008271235,0.3525228,0.02408742,0.094190545,0.02472215,0.11499971,0.079846084,0.82681113,0.013876554,0.07833143,0.013105102,0.16156998,0.007302573,null,null,null,null,"TWOGAUSSIANS",8,1.6615901,0.82681113,0.013876554,0.4,0.0065289754,0.15900669,0.0049614,0.3525228,0.02408742,0.4,0.0,0.112436034,0.08074962
375316653866487564,4265698777518092032,0.5326876,2230.9052918613447,2.843155506870165,1.6664073E-5,17.770924,0.010249936,0.3080326,0.0062166573,0.018657422,0.010148997,0.085137896,0.32376105,0.8068156,0.073002435,0.06092026,0.013463252,0.0876985,0.04529467,0.10168021,0.011105276,0.3080326,0.0062166573,"TWOGAUSSIANS_WITH_ELLIPSOIDAL_ON_ECLIPSE1",9,13.318167,0.80730563,0.0345437,0.34115347,0.07539421,0.29103407,0.057415415,0.3080326,0.0062166573,0.10448156,0.05683439,0.28848055,0.32432854
375316653866487564,4265698781837960832,0.6023109,2218.184968954698,1.7796219739283845,1.3959651E-5,17.863356,0.008725784,0.2675537,0.010639365,0.08753218,0.008497152,0.30297574,0.011932157,0.77823013,0.0029115998,0.083372235,0.0052716564,0.34423488,0.019691853,null,null,null,null,"TWOGAUSSIANS",8,2.7406085,0.77823013,0.0029115998,0.4,0.0,0.33681616,0.023539547,0.2675537,0.010639365,0.4,0.0,0.295557,0.0060588466
375316653866487564,4265698816231779840,0.65021586,2213.2244751686812,0.6793851195622609,2.6969474E-6,14.627013,0.00449189,0.3365799,0.001197384,0.04050469,0.0011310952,0.8417807,0.041435648,0.85851663,0.047288336,0.024856811,0.020014472,0.111000344,4.4412823,null,null,null,null,"TWOGAUSSIANS",8,117.69501,0.3365799,0.001197384,0.22682628,0.006334133,0.8417807,0.041435648,0.85851663,0.047288336,0.13919814,0.11208104,0.111000344,4.4412823
375316653866487564,4265698850591421440,0.4973797,2227.974174060697,1.2668434350769604,2.9213453E-4,13.7468,0.21518894,0.26123965,0.06977692,0.05366573,0.29955223,0.48815736,0.29371825,null,null,null,null,null,null,null,null,null,null,"ONEGAUSSIAN",5,1117.0702,0.26123965,0.06977692,0.30052808,0.12865725,0.48815736,0.0,null,null,null,null,null,null
375316653866487564,4265698880594126720,0.5211467,2181.4859099146997,2.2020709135039005,6.5696777E-6,17.787312,0.49044064,0.16312075,0.008950948,0.17245804,0.06227025,0.7374786,0.451301,0.66142905,0.001382467,0.18550736,0.06683148,0.72451,0.46813896,null,null,null,null,"TWOGAUSSIANS",8,5.2862163,0.16378075,0.0083190575,0.4,0.0,0.22916321,0.0070601776,0.66142905,0.001382467,0.4,0.0,0.19991201,0.0037177477
375316653866487564,4265699125435224960,0.5508912,2257.3949603640963,2.461716835628269,2.6081778E-5,18.849873,0.012756867,0.2682947,0.020109445,0.091293864,0.026750723,0.19440337,0.038875233,0.7695142,0.0026482965,0.081077,0.00464277,0.24189857,0.013574437,null,null,null,null,"TWOGAUSSIANS",8,1.5383414,0.7695142,0.0026482965,0.4,0.0,0.23563552,0.009032458,0.2682947,0.020109445,0.4,0.0,0.1881402,0.04443074
375316653866487564,4265699189832183680,0.5213206,2248.706012457067,3.732292982302068,2.0289346E-5,18.948128,0.031193813,0.16201828,0.0040398813,0.08599809,0.00864225,0.366451,0.029056236,0.6696897,0.027353184,0.0835042,0.026608095,0.38557902,0.05072418,null,null,null,null,"TWOGAUSSIANS",8,4.350117,0.6696897,0.027353184,0.4,0.041062444,0.37710804,0.044715468,0.16201828,0.0040398813,0.4,0.0,0.35798,0.022726284
375316653866487564,4265699194188915584,0.47555453,2244.653164311984,0.026711779490476043,7.1174E-5,18.747444,0.013942811,0.3100515,0.020601824,0.08973942,0.018666517,0.11116419,0.015971046,0.72931623,0.016696127,0.11077875,0.030224157,0.09196336,0.012816208,null,null,null,null,"TWOGAUSSIANS",8,2.0524004,0.3102315,0.020635635,0.4,0.0,0.108239576,0.012937371,0.72931623,0.016696127,0.4,0.0,0.08896914,0.010295653
375316653866487564,4265699400313945472,0.50167495,2228.4764549555903,3.4572763773269726,2.8681836E-5,19.533789,0.023672955,0.29443946,0.031473823,0.067758605,0.02432277,0.3004987,0.060166284,0.8038641,0.008234751,0.07877259,0.013355433,0.24644008,0.027696928,null,null,null,null,"TWOGAUSSIANS",8,2.3970442,0.29443946,0.031473823,0.37944818,0.13335249,0.2992214,0.059301063,0.8038641,0.008234751,0.4,0.0,0.24516277,0.026458854
375316653866487564,4265699778272117760,0.48734778,2174.204389389528,3.162943053086769,6.4454005E-5,19.807873,0.04536214,0.21025744,0.012040626,0.098187745,0.026952308,0.26943073,0.04363507,0.70418084,0.011350217,0.0953094,0.028754437,0.21885836,0.04854078,null,null,null,null,"TWOGAUSSIANS",8,1.3572075,0.21025744,0.012040626,0.4,0.0,0.25353476,0.0421038,0.70418084,0.011350217,0.4,0.0,0.20296323,0.045595683
375316653866487564,4265699842671147776,0.5507672,2183.641808237583,0.7291839597060245,2.9099047E-5,17.211819,0.002279903,0.22119334,0.0057833963,0.056424282,0.008549215,0.07653338,0.022103317,0.5006911,0.06140044,0.022723056,0.018847525,0.22824603,0.954256,null,null,null,null,"TWOGAUSSIANS",8,4.5978427,0.5006911,0.06140044,0.12724912,0.10554615,0.2282464,0.95425564,0.22119334,0.0057833963,0.315976,0.047875606,0.07653338,0.022103317
375316653866487564,4265699846991065728,0.5731047,2200.2365415906347,1.0339263238156056,9.3049275E-6,18.774233,0.039348744,0.25338677,0.028292919,0.0800145,0.03719035,0.34763956,0.1929981,0.7479698,0.0031880366,0.094210014,0.010415971,0.30358443,0.03984006,null,null,null,null,"TWOGAUSSIANS",8,1.1163976,0.25338677,0.028312,0.4,0.02666827,0.33807144,0.20211649,0.7479698,0.0031880366,0.4,0.0,0.29401582,0.01722928
375316653866487564,4265700156269023488,0.47285035,2172.773430393315,0.6078196690553906,3.861718E-5,19.444298,0.06768144,0.7844512,0.011522528,0.05665709,0.013826875,1.1648657,0.33186096,0.57649034,0.011758912,0.057545055,0.012044402,1.0029242,0.12554768,null,null,null,null,"TWOGAUSSIANS",8,12.736889,0.7841912,0.0113209495,0.3172797,0.0774305,1.1663407,0.3330287,0.57679033,0.011467654,0.3222523,0.06744865,1.0043204,0.12761882
375316653866487564,4265700259308139904,0.50753105,2166.3367514749893,2.7775778938728535,3.7975165E-5,19.60844,0.15153773,0.3040894,0.018889606,0.088456094,0.047654722,0.52655095,0.12117484,0.7998534,0.0393875,0.08523371,0.032890927,0.5516404,0.15170129,null,null,null,null,"TWOGAUSSIANS",8,4.5153055,0.7998534,0.039387595,0.4,0.06360497,0.5357113,0.06275752,0.3040894,0.018898737,0.4,0.0,0.5106217,0.027322719
375316653866487564,4265700637273001600,0.48008066,2327.5118736226555,2.587617103957552,5.5583023E-5,18.331032,0.029252997,0.26627925,0.01773936,0.075038515,0.027613,0.282775,0.049936473,0.7639748,0.009790033,0.10057302,0.020395642,0.2363718,0.031955115,null,null,null,null,"TWOGAUSSIANS",8,11.035019,0.26627925,0.017751625,0.4,0.0073651876,0.2743608,0.059677932,0.7639748,0.009790033,0.4,0.0,0.22795556,0.027307302
375316653866487564,4265700667293508352,0.5168312,2286.9543102032994,2.4294684054111113,3.450704E-5,17.569193,0.03968947,0.22115298,0.0074756774,0.077743575,0.018227939,0.2881755,0.04643174,0.7336811,0.009018542,0.118328266,0.02841717,0.1793757,0.036608066,null,null,null,null,"TWOGAUSSIANS",8,8.027665,0.22113298,0.007455111,0.4,0.0,0.27453616,0.05358221,0.7336811,0.009018542,0.4,0.0,0.1656842,0.018125065
375316653866487564,4265700946510743936,0.48131025,2320.3571707058804,1.734085501125091,4.586894E-5,19.488436,0.017570682,0.21939147,0.0033355623,0.07344028,0.01013078,0.22594807,0.020754756,0.76113033,0.022796588,0.10577033,0.022134336,0.19001544,0.03479273,null,null,null,null,"TWOGAUSSIANS",8,1.9044951,0.21937147,0.0033254137,0.4,0.014086233,0.22182018,0.019998873,0.76113033,0.022796588,0.4,0.0,0.18587121,0.03387804
375316653866487564,4265700976531346944,0.57694715,2298.02334154228,2.8508654262096544,1.8201188E-5,18.92697,0.01786587,0.25829285,0.016495889,0.07129643,0.012861432,0.46856073,0.030381711,0.7570874,0.004389557,0.0700298,0.0045176856,0.5640002,0.035866257,null,null,null,null,"TWOGAUSSIANS",8,3.7987614,0.7570874,0.004389557,0.3921669,0.021592306,0.56209284,0.035301343,0.25829285,0.016495889,0.39925998,0.008788098,0.46665338,0.027792035
375316653866487564,4265701732445841536,0.5141623,2229.583174216621,0.3428235678542886,1.8399405E-4,18.19298,0.0069134994,0.41274026,0.0034378797,0.047288965,0.0054178196,0.2735685,0.021393642,0.66602683,0.018617537,0.056501254,0.025248442,0.09174798,0.072671965,null,null,null,null,"TWOGAUSSIANS",8,6.540804,0.41274026,0.0034338862,0.26481822,0.03033979,0.27357247,0.021403003,0.66602683,0.018617537,0.31640702,0.14139128,0.09174814,0.072671786
375316653866487564,4265701977303188864,0.43632084,2294.15468791696,0.5132087761309437,5.484868E-5,18.438572,0.0056704693,0.745284,0.016377755,0.06567275,0.028058723,0.06376304,0.045190603,0.464764,0.0029359914,0.028527254,0.003478785,0.15828031,0.017876096,null,null,null,null,"TWOGAUSSIANS",8,3.6650126,0.464764,0.0029363004,0.15975262,0.019481195,0.15828729,0.017881133,0.745284,0.016377755,0.3677674,0.1479267,0.06376304,0.045190603
375316653866487564,4265702114742147840,0.5063672,2317.4902104691464,0.5991703278954447,4.7706144E-5,19.079851,0.0107528195,0.7104233,0.010372307,0.05099996,0.018119939,1.6018814,1.157349,null,null,null,null,null,null,null,null,null,null,"ONEGAUSSIAN",5,5.7599173,0.7104233,0.010372307,0.2855998,0.10147166,1.6018814,0.0,null,null,null,null,null,null
375316653866487564,4265702149127399552,0.49520585,2262.7306499824613,0.9899136054578769,4.5114866E-5,18.59221,0.03406349,0.2933656,0.022235367,0.029610423,0.021196228,0.17229985,1.1044846,0.7028178,0.011490489,0.14507248,0.07380001,0.110968955,0.017287046,null,null,null,null,"TWOGAUSSIANS",8,0.87334234,0.2935656,0.022389892,0.16581838,0.11869887,0.17363709,1.1038929,0.7028178,0.011490489,0.4,0.0,0.110206865,0.013710544
375316653866487564,4265702179119076480,0.51859754,2236.5737458728204,2.829768615951048,4.824136E-5,16.413132,0.0601022,0.27641553,0.007625484,0.11011523,0.029021455,0.17912178,0.056630902,0.76530063,0.010210892,0.12027876,0.03406204,0.18329448,0.055743612,null,null,null,null,"TWOGAUSSIANS",8,27.336212,0.76530063,0.010210892,0.4,0.0,0.15238799,0.009952457,0.27647555,0.0075606774,0.4,0.0,0.14827153,0.012446617
375316653866487564,4265702767570154752,0.53307223,2282.92754441416,2.155450588598608,3.6821915E-5,19.05776,0.027041465,0.27128628,0.117898725,0.08146582,0.055198483,0.46435392,0.31780776,0.76827043,0.006612223,0.09372216,0.012788261,0.38098872,0.021947097,null,null,null,null,"TWOGAUSSIANS",8,6.4920697,0.27128628,0.117917664,0.4,0.24036874,0.4508707,0.31110197,0.76827043,0.006612223,0.4,0.0,0.367505,0.022449875
375316653866487564,4265702870648868352,0.51914626,2262.856888981086,1.1261721308036383,5.6578538E-5,17.701263,0.020184072,0.37100887,0.004618431,0.087120675,0.009657163,0.54909366,0.058784787,0.78586406,0.029003344,0.09711441,0.03350387,0.071115434,0.028560637,null,null,null,null,"TWOGAUSSIANS",8,22.647442,0.37100887,0.004623862,0.4,0.0,0.5468398,0.059592314,0.78586406,0.029003344,0.4,0.0,0.06886034,0.026476068
375316653866487564,4265703008120382464,0.531079,2339.7443153612144,1.8340728194774862,3.1061365E-5,19.238998,0.027219845,0.24385448,0.0072330954,0.048615463,0.0057900725,0.7365332,0.08126803,0.7402589,0.014175079,0.05844464,0.020821828,0.26773673,0.084144264,null,null,null,null,"TWOGAUSSIANS",8,11.602803,0.24385448,0.0072330954,0.2722466,0.032424405,0.73652005,0.08126588,0.7402589,0.014175079,0.32729,0.11660224,0.2677236,0.08416135
375316653866487564,4265703214247510528,0.48563704,2379.046591484878,1.8349268987975762,5.117846E-5,19.643215,0.01783274,0.5613046,0.0070688366,0.057798952,0.006155113,0.17150973,0.033193275,0.8070806,0.010119147,0.052964233,0.023239793,0.2867077,0.085884355,0.09794324,0.023568375,0.8070806,0.010119147,"TWOGAUSSIANS_WITH_ELLIPSOIDAL_ON_ECLIPSE2",9,3.703979,0.8070806,0.010119147,0.2965997,0.13014284,0.48261032,0.08053809,0.5631446,0.0054163085,0.32367414,0.034468632,0.17171,0.032981325
375316653866487564,4265703312994564608,0.558004,2271.7022497269168,2.493785022446401,9.594084E-6,18.239286,0.01829908,0.26761287,0.004143987,0.08946348,0.007116535,0.29688457,0.0184391,0.76771635,0.0033903592,0.08465797,0.011630321,0.29282495,0.031314895,null,null,null,null,"TWOGAUSSIANS",8,3.1778755,0.26761287,0.004143987,0.4,0.0,0.28735113,0.014410759,0.76771635,0.0033903592,0.4,0.0,0.28329164,0.035356343
375316653866487564,4265703386077438080,0.5076881,2247.295567768735,2.345725995272309,2.4609926E-5,16.189047,0.019164313,0.1842195,0.0036309417,0.09304389,0.0119662825,0.19838938,0.016058873,0.6755854,0.011635514,0.095752575,0.017003592,0.2179648,0.028739486,null,null,null,null,"TWOGAUSSIANS",8,34.90954,0.6755854,0.011635514,0.4,0.0,0.20692128,0.028944999,0.1842195,0.0036309417,0.4,0.0,0.1873462,0.008611368
