Gaia/vari_eclipsing_binary/VariEclipsingBinary_427564-429762.csv
# %ECSV 1.0
# ---
# delimiter: ','
# meta: !!omap
# - RELEASE: Gaia DR3
# - TABLE: vari_eclipsing_binary
# - DESCRIPTION: >
#     This table describes the properties of the eclipsing binaries resulting from the variability analysis. 
# - CITATION: >
#     How to cite and acknowledge Gaia: 
#     https://gea.esac.esa.int/archive/documentation/credits.html 
# - KNOWN_ISSUES: >
#     Known issues: 
#     https://www.cosmos.esa.int/web/gaia-users/known-issues 
# - DOCUMENTATION: >
#     Tutorials and documentation: 
#     https://www.cosmos.esa.int/web/gaia-users/archive 
# datatype:
# - 
#   name: solution_id
#   datatype: int64
#   description: Solution Identifier
#   meta:
#     ucd: meta.version
# - 
#   name: source_id
#   datatype: int64
#   description: Unique source identifier
#   meta:
#     ucd: meta.id;meta.main
# - 
#   name: global_ranking
#   datatype: float32
#   description: Number between 0 (worst) and 1 (best)
#   meta:
#     ucd: stat.param
# - 
#   name: reference_time
#   datatype: float64
#   unit: d
#   description: Reference time used for the geometric model fit
#   meta:
#     ucd: time.epoch
# - 
#   name: frequency
#   datatype: float64
#   unit: d**-1
#   description: Frequency of geometric model of the eclipsing binary light curve
#   meta:
#     ucd: src.orbital
# - 
#   name: frequency_error
#   datatype: float32
#   unit: d**-1
#   description: "Uncertainty of \\texttt{frequency}"
#   meta:
#     ucd: stat.error
# - 
#   name: geom_model_reference_level
#   datatype: float32
#   unit: mag
#   description: Magnitude reference level of geometric model
#   meta:
#     ucd: phot.mag;em.opt
# - 
#   name: geom_model_reference_level_error
#   datatype: float32
#   unit: mag
#   description: "Uncertainty of \\texttt{geomModelReferenceLevel}"
#   meta:
#     ucd: stat.error;phot.mag;em.opt
# - 
#   name: geom_model_gaussian1_phase
#   datatype: float32
#   description: Phase of the Gaussian 1 component
#   meta:
#     ucd: time.phase
# - 
#   name: geom_model_gaussian1_phase_error
#   datatype: float32
#   description: "Uncertainty of \\texttt{geomModelGaussian1Phase}"
#   meta:
#     ucd: stat.error;time.phase
# - 
#   name: geom_model_gaussian1_sigma
#   datatype: float32
#   description: "Standard deviation [phase] of Gaussian 1 component"
#   meta:
#     ucd: stat.stdev
# - 
#   name: geom_model_gaussian1_sigma_error
#   datatype: float32
#   description: "Uncertainty of \\texttt{geomModelGaussian1Sigma}"
#   meta:
#     ucd: stat.error
# - 
#   name: geom_model_gaussian1_depth
#   datatype: float32
#   unit: mag
#   description: Magnitude depth of Gaussian 1 component
#   meta:
#     ucd: src.var.amplitude
# - 
#   name: geom_model_gaussian1_depth_error
#   datatype: float32
#   unit: mag
#   description: "Uncertainty of \\texttt{geomModelGaussian1Depth}"
#   meta:
#     ucd: stat.error;src.var.amplitude
# - 
#   name: geom_model_gaussian2_phase
#   datatype: float32
#   description: Phase of Gaussian 2 component
#   meta:
#     ucd: time.phase
# - 
#   name: geom_model_gaussian2_phase_error
#   datatype: float32
#   description: "Uncertainty of \\texttt{geomModelGaussian2Phase}"
#   meta:
#     ucd: stat.error;time.phase
# - 
#   name: geom_model_gaussian2_sigma
#   datatype: float32
[...]
#   datatype: float32
#   description: "Secondary eclipse: uncertainty of \\texttt{derivedSecondaryEclDuration}"
#   meta:
#     ucd: stat.error;time.duration
# - 
#   name: derived_secondary_ecl_depth
#   datatype: float32
#   unit: mag
#   description: "Secondary eclipse: depth"
#   meta:
#     ucd: src.var.amplitude
# - 
#   name: derived_secondary_ecl_depth_error
#   datatype: float32
#   unit: mag
#   description: "Secondary eclipse: uncertainty of \\texttt{derivedSecondaryEclDepth}"
#   meta:
#     ucd: stat.error;src.var.amplitude
solution_id,source_id,global_ranking,reference_time,frequency,frequency_error,geom_model_reference_level,geom_model_reference_level_error,geom_model_gaussian1_phase,geom_model_gaussian1_phase_error,geom_model_gaussian1_sigma,geom_model_gaussian1_sigma_error,geom_model_gaussian1_depth,geom_model_gaussian1_depth_error,geom_model_gaussian2_phase,geom_model_gaussian2_phase_error,geom_model_gaussian2_sigma,geom_model_gaussian2_sigma_error,geom_model_gaussian2_depth,geom_model_gaussian2_depth_error,geom_model_cosine_half_period_amplitude,geom_model_cosine_half_period_amplitude_error,geom_model_cosine_half_period_phase,geom_model_cosine_half_period_phase_error,model_type,num_model_parameters,reduced_chi2,derived_primary_ecl_phase,derived_primary_ecl_phase_error,derived_primary_ecl_duration,derived_primary_ecl_duration_error,derived_primary_ecl_depth,derived_primary_ecl_depth_error,derived_secondary_ecl_phase,derived_secondary_ecl_phase_error,derived_secondary_ecl_duration,derived_secondary_ecl_duration_error,derived_secondary_ecl_depth,derived_secondary_ecl_depth_error
[from data line 111]
375316653866487564,3766967282468715136,0.4793036,2171.4912181623176,0.5510610161820372,9.709835E-5,19.632925,0.11701326,0.31926277,0.010963396,0.11731946,0.0917309,0.2167792,0.0872111,0.7996948,0.013009806,0.07287959,0.01768267,0.7783905,0.17057806,null,null,null,null,"TWOGAUSSIANS",8,3.328547,0.7996948,0.013009806,0.4,0.025337923,0.76280135,0.16912057,0.31926277,0.010963396,0.4,0.0,0.20112857,0.1062109
375316653866487564,3766989203981518464,0.64039606,2221.915978038497,3.872324563201839,5.6751524E-6,14.236029,0.011150021,0.22640996,0.027969606,0.04232472,0.009763381,0.60389346,0.2883286,0.73954195,0.0014504171,0.048036348,0.0048026415,0.25520885,0.018976958,0.12670289,0.012111643,0.73954195,0.0014504171,"TWOGAUSSIANS_WITH_ELLIPSOIDAL_ON_ECLIPSE2",9,68.12203,0.22713995,0.026368953,0.23701845,0.05467494,0.85567343,0.2899755,0.73954195,0.0014504171,0.26900354,0.026894793,0.50861424,0.015766349
375316653866487564,3767205945211096448,0.63221174,2178.2909687175984,1.8339653724583542,1.4590021E-5,15.859775,0.0044543743,0.21618837,0.010861305,0.057776853,0.0107898805,0.084572375,0.10718253,0.6866942,9.4581366E-4,0.042386647,0.0017419633,0.3967919,0.009737243,0.015108082,0.005576584,0.21618837,0.010861305,"TWOGAUSSIANS_WITH_ELLIPSOIDAL_ON_ECLIPSE1",9,12.552296,0.6870042,9.2237553E-4,0.23736522,0.009754995,0.42598557,0.0050821523,0.21618837,0.010861305,0.32355037,0.06042333,0.114781335,0.10648656
375316653866487564,3767211339690030720,0.511254,2194.117667407628,1.2342960235193228,5.9678127E-6,15.623155,0.0038621712,0.23138131,4.3240816E-5,0.008330006,1.2597149E-4,0.3051148,0.0049982173,0.5984514,0.010627912,0.039826263,0.03303854,0.010937013,296.97485,0.017475978,0.0071453177,0.5984514,0.010627912,"TWOGAUSSIANS_WITH_ELLIPSOIDAL_ON_ECLIPSE2",9,61.496613,0.23133132,1.8350218E-5,0.046648037,7.054403E-4,0.32085758,0.009644764,0.5984514,0.010627912,0.22302707,0.18501583,0.045888953,296.97372
375316653866487564,3767264494205370880,0.6306164,2200.9175054822426,2.670229810422583,1.1031462E-5,13.072591,0.018070458,0.2544981,0.0055861413,0.058097593,0.007833009,0.29615632,0.035533298,0.7484581,0.0021655948,0.058931716,0.0070658326,0.262189,0.045365002,0.10721711,0.020383531,0.7484581,0.0021655948,"TWOGAUSSIANS_WITH_ELLIPSOIDAL_ON_ECLIPSE2",9,219.23859,0.2535181,0.0046208207,0.32534653,0.04386485,0.51027936,0.008489698,0.7484581,0.0021655948,0.3300176,0.039568663,0.47657084,0.032722414
375316653866487564,3767287034193738496,0.4520418,2198.6641654961063,3.3507556233764846,7.15658E-5,14.538463,0.30591786,0.14422795,0.046069127,0.0985416,0.03536397,0.088492446,0.03707471,0.54733396,0.01665878,0.18010241,0.15144324,0.18866476,0.27607566,null,null,null,null,"TWOGAUSSIANS",8,412.89026,0.54733396,0.01665878,0.4,0.0,0.16022024,0.027413765,0.17143796,0.031555373,0.4,0.0,0.078551665,0.025997913
375316653866487564,3767329704693024768,0.50787866,2173.882501388872,0.48183453376731905,2.6732715E-4,18.602015,0.0052156243,0.22309773,0.023964757,0.046560057,0.019096095,0.062019773,0.012489783,0.48986846,0.022801882,0.020391043,0.010450674,0.23741736,0.057434175,null,null,null,null,"TWOGAUSSIANS",8,3.1416857,0.48986846,0.022801882,0.11418984,0.058523778,0.23741736,0.057434067,0.22309773,0.023964757,0.26073632,0.10693813,0.062019773,0.012489783
375316653866487564,3767378323722832000,0.6643376,2234.5574807518533,3.7677287370064474,4.0949517E-6,18.198639,0.007317322,0.3118306,0.002160119,0.04572827,0.0044674403,0.60251623,0.101188615,0.8107437,0.0021672503,0.046321586,0.0029048428,0.4707931,0.034208164,0.11738083,0.01288734,0.3118306,0.002160119,"TWOGAUSSIANS_WITH_ELLIPSOIDAL_ON_ECLIPSE1",9,1.0922493,0.3118306,0.002160119,0.2560783,0.025017666,0.837277,0.111022234,0.8108237,0.002005473,0.25940087,0.016267119,0.70554376,0.034845363
375316653866487564,3767475355624099584,0.49806747,2241.048129741713,0.30197179447900807,1.0770332E-6,16.753073,6.347113E-4,0.26439202,8.203408E-5,0.0189888,3.146151E-4,0.05020219,0.0010234894,0.84629744,1.9500603E-6,0.006554242,4.279285E-5,0.17057791,5.390284E-4,null,null,null,null,"TWOGAUSSIANS",8,0.82427,0.84629744,1.9500603E-6,0.036703758,2.3963995E-4,0.17057791,5.390284E-4,0.26439202,8.203408E-5,0.10633728,0.0017618446,0.05020219,0.0010234894
375316653866487564,3767509955880848512,0.546246,2232.9308654328265,1.4729506443810794,3.5921435E-5,18.963423,0.0064199916,0.2650135,8.112905E-4,0.031206546,0.002377182,0.2133389,0.01880397,0.7016728,0.005179754,0.024182452,0.0029351606,0.43765697,0.06373837,null,null,null,null,"TWOGAUSSIANS",8,3.1713114,0.7016728,0.005179754,0.13542174,0.0164369,0.43765697,0.06373837,0.2650135,8.112905E-4,0.17475666,0.013312219,0.2133389,0.01880397
375316653866487564,3767646364042203008,0.4757521,2221.61506008219,0.1202683934064281,3.17841E-5,18.121706,0.02798073,0.1635073,0.0041932487,0.042496376,0.047868647,0.19101536,0.08715631,0.5313864,0.025591565,0.17025651,0.025100198,0.28323904,0.0828104,null,null,null,null,"TWOGAUSSIANS",8,3.2151756,0.5313864,0.025591565,0.4,0.0,0.27495155,0.070152834,0.1668673,0.017342303,0.2379797,0.21353948,0.21102609,0.101571456
375316653866487564,3767647807150884608,0.5437876,2171.7863730927056,4.373937654326013,2.1530866E-5,18.03247,0.009722018,0.24619028,0.00609062,0.085162275,0.018602371,0.28479156,0.12643583,0.7396032,0.004267381,0.094044894,0.0075629316,0.24568936,0.010939461,null,null,null,null,"TWOGAUSSIANS",8,2.8800445,0.24619028,0.00609062,0.4,0.0,0.27511624,0.13404678,0.7396032,0.004267381,0.4,0.0,0.23601367,0.008878544
375316653866487564,3767752741792345344,0.6498545,2177.5425474595313,2.261435607796714,5.9527924E-6,14.95401,0.009245776,0.16274366,0.0022217385,0.081829995,0.0038280655,0.47969732,0.012330887,0.6677064,0.007839265,0.08412072,0.0061195325,0.4214619,0.03405904,null,null,null,null,"TWOGAUSSIANS",8,44.462543,0.16274366,0.0022217385,0.4,0.0,0.47093192,0.01238905,0.6677064,0.007839265,0.4,0.0,0.4126965,0.034230325
375316653866487564,3767771296051223296,0.5502407,2260.3017579689185,0.6706828386008404,1.2104702E-4,18.480022,0.0036806595,0.44295722,0.06429218,0.077151045,0.049815822,0.05777457,0.12264954,0.75737906,0.0018791705,0.021292385,0.0014515383,0.42001975,0.07892294,null,null,null,null,"TWOGAUSSIANS",8,0.77753,0.75737906,0.0018791705,0.119237356,0.008128614,0.42003405,0.078931585,0.44295722,0.06429218,0.4,0.22919556,0.05777457,0.12264954
375316653866487564,3767803289262730368,0.60447407,2252.377891532752,0.327441600965733,2.6885698E-5,10.595592,0.0055963085,0.37773442,0.022901598,0.050887432,0.01794197,1.0533477,0.7231357,0.66288716,0.008108441,0.020150103,0.0062033115,0.04949178,0.007935115,null,null,null,null,"TWOGAUSSIANS",8,189.67413,0.37773442,0.022901598,0.28496963,0.10047503,1.0533477,0.7231357,0.66288716,0.008108441,0.11284057,0.034738544,0.049491942,0.007936757
375316653866487564,3767842493724150656,0.5917459,2212.6699330222004,3.2017952270711856,1.5440255E-5,12.535038,0.022759425,0.1923616,0.007442945,0.051926285,0.012535201,0.23562826,0.05081962,0.70223486,0.0044618757,0.045328114,0.009759801,0.15207921,0.057343394,0.073675655,0.03303625,0.70223486,0.0044618757,"TWOGAUSSIANS_WITH_ELLIPSOIDAL_ON_ECLIPSE2",9,417.2024,0.19352159,0.00643056,0.2907872,0.07019713,0.38247842,0.021223739,0.70223486,0.0044618757,0.25383744,0.05465489,0.29942936,0.016710667
375316653866487564,3767863826826195072,0.4596118,2215.8813602740893,1.5493074458988039,3.7870166E-5,16.701626,0.0046097185,0.16939324,0.0076957797,0.06219688,0.013310483,0.019641299,0.01641868,null,null,null,null,null,null,0.046285972,0.0059559084,0.16939324,0.0076957797,"ONEGAUSSIAN_WITH_ELLIPSOIDAL",6,16.124943,0.16939324,0.0076957797,0.34830254,0.074454725,0.11220716,0.014172866,null,null,null,null,null,null
375316653866487564,3767893895892700800,0.5358828,2174.065620843747,2.826527520226906,3.0193438E-5,15.798751,0.054403633,0.23503774,0.011568103,0.09690818,0.017700639,0.4182088,0.069990374,0.74530554,0.007852765,0.10351526,0.018753367,0.36727983,0.053360954,null,null,null,null,"TWOGAUSSIANS",8,200.39615,0.23503774,0.01156798,0.4,0.0,0.3876548,0.0596945,0.74530554,0.007854848,0.4,0.0,0.3367204,0.026103077
375316653866487564,3767949833546733056,0.6920001,2212.3156186136885,0.6595814233040024,4.7975263E-6,9.314539,0.0049831276,0.18776453,7.774435E-4,0.0908113,0.0018261443,0.2292172,0.0049446207,0.68756014,0.019220965,0.080891415,0.010598984,0.3984518,0.04021993,null,null,null,null,"TWOGAUSSIANS",8,22.385702,0.68756014,0.019220965,0.4,0.0036821975,0.38998693,0.035861738,0.18776453,7.774435E-4,0.4,0.0,0.22075221,0.0052045733
375316653866487564,3767955124946442496,0.640109,2223.132449509403,3.0107826704116536,4.9438577E-6,13.261739,0.017978309,0.12701383,0.0021006274,0.05819312,0.010693849,0.23672967,0.036899753,0.63972825,0.011324011,0.046391588,0.009272207,0.20112993,0.05844697,0.10540765,0.026361452,0.12701383,0.0021006274,"TWOGAUSSIANS_WITH_ELLIPSOIDAL_ON_ECLIPSE1",9,115.83652,0.12701383,0.0021006274,0.32588148,0.059885554,0.44752136,0.04027296,0.63972825,0.011324011,0.2597929,0.05192436,0.41057906,0.042986922
375316653866487564,3768056211296786432,0.4750251,2135.4691499948935,2.4520559235251347,1.9694797E-5,17.617697,0.009667489,0.35603553,0.002482005,0.010535316,0.0023832244,0.08926434,0.02857085,0.6501805,0.0066105574,0.08847638,0.010739389,0.5715622,0.25149897,null,null,null,null,"TWOGAUSSIANS",8,6.530085,0.6501805,0.0066105574,0.4,0.0,0.57156205,0.25149924,0.35614553,0.0025040423,0.05899777,0.013346056,0.09154387,0.028802056
375316653866487564,3768093865274963968,0.51383275,2209.9481165829066,2.173655927528589,4.32968E-5,19.173141,0.020507548,0.28946912,0.013646196,0.07687195,0.033392575,0.26418486,0.46772906,0.8113518,0.0060060257,0.07823004,0.0062416205,0.5706887,0.03110576,null,null,null,null,"TWOGAUSSIANS",8,4.7295294,0.8113518,0.0060060257,0.4,0.0,0.5679961,0.029867956,0.28946912,0.013646196,0.4,0.13212684,0.26149222,0.47056767
375316653866487564,3768133486348505344,0.63637346,2165.737637255576,3.8142037832951914,4.500333E-6,16.20435,0.008000836,0.2074021,0.0010565516,0.04656279,0.0032617266,0.37191218,0.044046775,0.70704305,0.0026590514,0.04716109,0.0028149954,0.32945433,0.021685852,0.12902409,0.012719092,0.2074021,0.0010565516,"TWOGAUSSIANS_WITH_ELLIPSOIDAL_ON_ECLIPSE1",9,12.893979,0.2074021,0.0010565516,0.26075163,0.018265668,0.6299599,0.0461706,0.70708305,0.0023559614,0.2641021,0.015763974,0.5875009,0.013427279
375316653866487564,3768147741344199808,0.51434875,2238.923309441088,0.22312443833928428,2.659213E-5,18.75913,0.010437749,0.5038921,0.013281091,0.059137527,0.023849584,0.18576801,0.17435287,0.8385473,0.014264371,0.046395626,0.016523758,0.28336462,2.6037776,null,null,null,null,"TWOGAUSSIANS",8,2.2418003,0.8385473,0.014264371,0.2598155,0.092533045,0.28336462,2.603777,0.5038921,0.013281091,0.33117014,0.10066793,0.18576801,0.17435296
375316653866487564,3768171380844463744,0.55280566,2214.5402684737824,0.8753014356572424,8.1647304E-5,19.485653,0.002646548,0.17620671,0.05153283,0.037468538,0.023014415,0.5836082,99.936554,0.43003073,0.026524715,0.025821796,0.010534035,0.07356706,0.04036111,null,null,null,null,"TWOGAUSSIANS",8,0.36917612,0.17620671,0.05153283,0.20982382,0.12888072,0.5836082,99.936554,0.43003073,0.026524715,0.14460206,0.058990598,0.07356706,0.04036111
375316653866487564,3768183887789558016,0.550703,2194.850573724441,3.51370012744572,3.855117E-5,15.552038,0.027072255,0.25690392,0.006317117,0.108311236,0.013890856,0.23495881,0.025838507,0.7265137,0.0048533487,0.1048017,0.010278903,0.32273725,0.02404786,null,null,null,null,"TWOGAUSSIANS",8,74.663795,0.7265137,0.0048533487,0.4,0.0,0.29801401,0.013570719,0.25693393,0.0063267695,0.4,0.0,0.21022965,0.017326357
375316653866487564,3768245529159401600,0.4982477,2225.259026299629,2.6150173530425698,1.4107487E-5,13.740625,0.006525769,null,null,null,null,null,null,null,null,null,null,null,null,0.1823704,0.0113183865,0.27441695,0.00397286,"ELLIPSOIDAL",4,1474.8451,null,null,null,null,null,null,null,null,null,null,null,null
375316653866487564,3768433378144242944,0.48697916,2197.7655839318054,0.3900192743357382,8.774859E-5,17.569809,0.0052451035,0.20262042,0.11718224,0.051576544,0.020034228,0.16777483,0.12508978,0.69694406,0.003788606,0.047756094,0.0037669037,0.3246143,0.051636633,null,null,null,null,"TWOGAUSSIANS",8,7.527189,0.69694406,0.003788606,0.26743412,0.021094661,0.32461318,0.051637407,0.20262042,0.11718224,0.28882864,0.11219168,0.16777375,0.12508865
375316653866487564,3768465298341709312,0.5060405,2211.476061966467,4.552403019544585,3.595579E-5,15.002289,0.0071863844,0.08353125,0.0106243985,0.017962247,0.00894703,0.051951233,0.006429374,0.48666868,0.0041856207,0.074221045,0.007717292,0.2503889,0.020893123,null,null,null,null,"TWOGAUSSIANS",8,236.06541,0.48666868,0.0041856207,0.4,0.0095112845,0.2503889,0.020893123,0.08353125,0.0106243985,0.10058858,0.05010337,0.051951334,0.0064294823
375316653866487564,3768519964685553152,0.44648716,2209.246421652965,1.7338533119348085,4.658824E-5,18.319351,0.03581297,0.19041468,0.0681882,0.09798177,0.05681128,0.11753095,0.05596999,0.7473762,0.0124718435,0.097529635,0.037187032,0.16389702,0.030145146,null,null,null,null,"TWOGAUSSIANS",8,5.562034,0.7473862,0.012464248,0.4,0.0,0.15911311,0.028602466,0.19039468,0.06816492,0.4,0.15098184,0.11274818,0.051381536
375316653866487564,3768607650737690240,0.55202174,2168.233667380922,4.146128276974169,2.1764052E-5,15.581396,0.0040838392,0.36825815,0.009312039,0.035007738,0.008053478,0.055140417,0.015042873,0.6442234,0.005858334,0.03319068,0.0048630885,0.44357947,0.048170596,null,null,null,null,"TWOGAUSSIANS",8,65.33052,0.6442234,0.005858334,0.1858678,0.027233297,0.44357947,0.048170596,0.36825815,0.009312039,0.19604333,0.04509948,0.055140417,0.015042873
375316653866487564,3768681558535060096,0.5069771,2191.678157065189,1.8743171559869454,2.8687911E-5,18.945335,0.031661775,0.25861225,0.012016963,0.104425,0.021444248,0.31778038,0.030522859,0.5952373,0.011289263,0.10021015,0.0068674963,0.7898799,0.041700043,null,null,null,null,"TWOGAUSSIANS",8,3.3393488,0.5952373,0.011289263,0.4,0.0,0.7865166,0.04048629,0.26220223,0.011386873,0.4,0.0,0.31562552,0.029128645
375316653866487564,3768811541425285504,0.55734813,2200.660782288657,4.036803872604151,2.2599665E-5,16.321657,0.012764623,0.25318572,0.0058564087,0.08809211,0.010788488,0.17910765,0.0130828805,0.7747407,0.0022747815,0.096815385,0.009773068,0.18875942,0.00899451,null,null,null,null,"TWOGAUSSIANS",8,12.209471,0.7747407,0.0022747815,0.4,0.0,0.18187338,0.007920222,0.25318572,0.0058564087,0.4,0.0,0.17222258,0.009395192
375316653866487564,3768936232915713920,0.6481324,2241.983015356435,1.1442051410405178,1.1378917E-5,13.6166525,0.036673874,0.21166547,0.018037686,0.12587702,0.03086286,0.21003118,0.036207464,0.70976746,0.0022654098,0.10228428,0.0090410765,0.35885268,0.03420249,null,null,null,null,"TWOGAUSSIANS",8,29.434584,0.70976746,0.0022654098,0.4,0.0,0.31256062,0.011696031,0.21166547,0.018037686,0.4,0.0,0.16358604,0.007192045
375316653866487564,3769044466091723520,0.65361,2201.054509116042,4.658464139999598,5.6414956E-6,14.914754,0.013166095,0.30535546,0.0026361423,0.04713472,0.0039471895,0.37165534,0.034577277,0.8048233,0.0038901644,0.044395793,0.0057034967,0.29362217,0.035535093,0.13410273,0.021253133,0.30535546,0.0026361423,"TWOGAUSSIANS_WITH_ELLIPSOIDAL_ON_ECLIPSE1",9,93.53703,0.30535546,0.0026361423,0.26395443,0.022104261,0.6398601,0.015183625,0.80489326,0.003513372,0.24861644,0.03193958,0.56182426,0.02738525
