Gaia/vari_eclipsing_binary/VariEclipsingBinary_461140-461150.csv
# %ECSV 1.0
# ---
# delimiter: ','
# meta: !!omap
# - RELEASE: Gaia DR3
# - TABLE: vari_eclipsing_binary
# - DESCRIPTION: >
#     This table describes the properties of the eclipsing binaries resulting from the variability analysis. 
# - CITATION: >
#     How to cite and acknowledge Gaia: 
#     https://gea.esac.esa.int/archive/documentation/credits.html 
# - KNOWN_ISSUES: >
#     Known issues: 
#     https://www.cosmos.esa.int/web/gaia-users/known-issues 
# - DOCUMENTATION: >
#     Tutorials and documentation: 
#     https://www.cosmos.esa.int/web/gaia-users/archive 
# datatype:
# - 
#   name: solution_id
#   datatype: int64
#   description: Solution Identifier
#   meta:
#     ucd: meta.version
# - 
#   name: source_id
#   datatype: int64
#   description: Unique source identifier
#   meta:
#     ucd: meta.id;meta.main
# - 
#   name: global_ranking
#   datatype: float32
#   description: Number between 0 (worst) and 1 (best)
#   meta:
#     ucd: stat.param
# - 
#   name: reference_time
#   datatype: float64
#   unit: d
#   description: Reference time used for the geometric model fit
#   meta:
#     ucd: time.epoch
# - 
#   name: frequency
#   datatype: float64
#   unit: d**-1
#   description: Frequency of geometric model of the eclipsing binary light curve
#   meta:
#     ucd: src.orbital
# - 
#   name: frequency_error
#   datatype: float32
#   unit: d**-1
#   description: "Uncertainty of \\texttt{frequency}"
#   meta:
#     ucd: stat.error
# - 
#   name: geom_model_reference_level
#   datatype: float32
#   unit: mag
#   description: Magnitude reference level of geometric model
#   meta:
#     ucd: phot.mag;em.opt
# - 
#   name: geom_model_reference_level_error
#   datatype: float32
#   unit: mag
#   description: "Uncertainty of \\texttt{geomModelReferenceLevel}"
#   meta:
#     ucd: stat.error;phot.mag;em.opt
# - 
#   name: geom_model_gaussian1_phase
#   datatype: float32
#   description: Phase of the Gaussian 1 component
#   meta:
#     ucd: time.phase
# - 
#   name: geom_model_gaussian1_phase_error
#   datatype: float32
#   description: "Uncertainty of \\texttt{geomModelGaussian1Phase}"
#   meta:
#     ucd: stat.error;time.phase
# - 
#   name: geom_model_gaussian1_sigma
#   datatype: float32
#   description: "Standard deviation [phase] of Gaussian 1 component"
#   meta:
#     ucd: stat.stdev
# - 
#   name: geom_model_gaussian1_sigma_error
#   datatype: float32
#   description: "Uncertainty of \\texttt{geomModelGaussian1Sigma}"
#   meta:
#     ucd: stat.error
# - 
#   name: geom_model_gaussian1_depth
#   datatype: float32
#   unit: mag
#   description: Magnitude depth of Gaussian 1 component
#   meta:
#     ucd: src.var.amplitude
# - 
#   name: geom_model_gaussian1_depth_error
#   datatype: float32
#   unit: mag
#   description: "Uncertainty of \\texttt{geomModelGaussian1Depth}"
#   meta:
#     ucd: stat.error;src.var.amplitude
# - 
#   name: geom_model_gaussian2_phase
#   datatype: float32
#   description: Phase of Gaussian 2 component
#   meta:
#     ucd: time.phase
# - 
#   name: geom_model_gaussian2_phase_error
#   datatype: float32
#   description: "Uncertainty of \\texttt{geomModelGaussian2Phase}"
#   meta:
#     ucd: stat.error;time.phase
# - 
#   name: geom_model_gaussian2_sigma
#   datatype: float32
[...]
#   datatype: float32
#   description: "Secondary eclipse: uncertainty of \\texttt{derivedSecondaryEclDuration}"
#   meta:
#     ucd: stat.error;time.duration
# - 
#   name: derived_secondary_ecl_depth
#   datatype: float32
#   unit: mag
#   description: "Secondary eclipse: depth"
#   meta:
#     ucd: src.var.amplitude
# - 
#   name: derived_secondary_ecl_depth_error
#   datatype: float32
#   unit: mag
#   description: "Secondary eclipse: uncertainty of \\texttt{derivedSecondaryEclDepth}"
#   meta:
#     ucd: stat.error;src.var.amplitude
solution_id,source_id,global_ranking,reference_time,frequency,frequency_error,geom_model_reference_level,geom_model_reference_level_error,geom_model_gaussian1_phase,geom_model_gaussian1_phase_error,geom_model_gaussian1_sigma,geom_model_gaussian1_sigma_error,geom_model_gaussian1_depth,geom_model_gaussian1_depth_error,geom_model_gaussian2_phase,geom_model_gaussian2_phase_error,geom_model_gaussian2_sigma,geom_model_gaussian2_sigma_error,geom_model_gaussian2_depth,geom_model_gaussian2_depth_error,geom_model_cosine_half_period_amplitude,geom_model_cosine_half_period_amplitude_error,geom_model_cosine_half_period_phase,geom_model_cosine_half_period_phase_error,model_type,num_model_parameters,reduced_chi2,derived_primary_ecl_phase,derived_primary_ecl_phase_error,derived_primary_ecl_duration,derived_primary_ecl_duration_error,derived_primary_ecl_depth,derived_primary_ecl_depth_error,derived_secondary_ecl_phase,derived_secondary_ecl_phase_error,derived_secondary_ecl_duration,derived_secondary_ecl_duration_error,derived_secondary_ecl_depth,derived_secondary_ecl_depth_error
[from data line 592]
375316653866487564,4056262157744059392,0.47419316,2438.109557249864,0.08387694630033277,7.636742E-5,18.575697,0.005602329,0.29028362,0.019561438,0.024423929,0.013508934,0.18427671,14.975724,0.68746704,0.031900257,0.033121206,0.020745121,0.2487154,0.1652538,0.024282394,0.0073047127,0.29028362,0.019561438,"TWOGAUSSIANS_WITH_ELLIPSOIDAL_ON_ECLIPSE1",9,3.9004307,0.688757,0.030913055,0.18547876,0.11617268,0.2798684,0.1630953,0.29028362,0.019561438,0.136774,0.07565003,0.23284139,14.975301
375316653866487564,4056262157744061312,0.42855254,2507.697033823543,4.893239664347584,5.7375313E-5,19.019176,0.018001063,0.4473512,0.012986104,0.048449263,0.008515026,0.3338317,0.083622545,0.6412662,0.0069672526,0.036522105,0.035535946,0.49917358,0.26361135,null,null,null,null,"TWOGAUSSIANS",8,8.433859,0.6412662,0.0069672526,0.20452379,0.19505335,0.49928448,0.26370472,0.4473512,0.01181039,0.27131587,0.04768415,0.3338321,0.08303472
375316653866487564,4056262192103740288,0.4299808,2510.277896625192,4.949316425155875,9.8153825E-5,18.979057,0.015955072,0.2819721,0.09238614,0.14760779,0.056103833,0.0872529,0.02021034,0.55424356,0.046204742,0.076384276,0.066378206,0.1787007,0.056249384,null,null,null,null,"TWOGAUSSIANS",8,3.9037392,0.55424356,0.046204742,0.4,0.06971244,0.19346756,0.074263714,0.2863421,0.3040265,0.4,0.0,0.0864416,0.1123809
375316653866487564,4056262192103826304,0.43187726,2447.332042067147,0.8439626021685339,6.142382E-5,18.80843,0.07882167,0.33550885,0.041971937,0.16708766,0.08172708,0.1460425,0.0799147,0.8101526,0.010316545,0.07148581,0.016755518,0.15909316,0.051596485,null,null,null,null,"TWOGAUSSIANS",8,3.5165915,0.8101526,0.010316545,0.4,0.040452123,0.13874967,0.020897325,0.33550885,0.041971937,0.4,0.0,0.12207376,0.054001033
375316653866487564,4056262325403148928,0.4958974,2466.1059803124563,0.03930243279715795,3.4143937E-5,17.462967,0.0060829213,0.20916757,0.0076725413,0.023830075,0.0032430515,0.7060435,0.046940017,0.89871734,0.002333131,0.007676556,0.0024779176,0.09324662,0.019535488,0.05437995,0.009517818,0.89871734,0.002333131,"TWOGAUSSIANS_WITH_ELLIPSOIDAL_ON_ECLIPSE2",9,7.871373,0.20954756,0.0076462463,0.13344842,0.018161088,0.7210829,0.043885835,0.89871734,0.002333131,0.04298871,0.0138763385,0.2020065,0.024446968
375316653866487564,4056262432623347840,0.49942636,2470.1652617615837,2.637417289563748,2.8095681E-5,16.557545,0.061766922,0.21377051,0.0075520477,0.1052059,0.029583871,0.17430162,0.059891663,0.70546556,0.007041872,0.11077575,0.027493974,0.18328327,0.05986743,null,null,null,null,"TWOGAUSSIANS",8,21.484554,0.70546556,0.007041872,0.4,0.0,0.16086724,0.0100410655,0.2137805,0.007530491,0.4,0.0,0.15189554,0.010262795
375316653866487564,4056262497202273024,0.49822628,2446.2999512631236,0.4567664384314174,1.5108538E-5,18.399553,0.0026889257,0.198334,0.010169782,0.030353172,0.0033281974,1.208263,0.7124481,0.699936,0.0059211412,0.03725419,0.006008006,0.13923748,0.044979654,null,null,null,null,"TWOGAUSSIANS",8,1.9696174,0.198334,0.010169782,0.16997777,0.018637905,1.208263,0.7124481,0.699936,0.0059211412,0.20862345,0.033644833,0.13923748,0.044979654
375316653866487564,4056262565921494528,0.45084554,2523.965697342665,4.901244363215382,4.7856738E-5,18.630325,0.0075702174,0.20010614,0.005059466,0.077323236,0.010680198,0.14093705,0.008506013,0.5639858,0.006730875,0.011169974,0.0045652846,0.14285225,0.41404665,null,null,null,null,"TWOGAUSSIANS",8,2.525103,0.5639858,0.006730875,0.06255185,0.025565594,0.14285444,0.41404504,0.20010614,0.005059466,0.4,0.018175576,0.14093705,0.008506012
375316653866487564,4056262600280972672,0.54382956,2483.017025611484,1.9443503221689558,1.869364E-5,18.680204,0.015894335,0.22450963,0.0066929813,0.087862685,0.009311048,0.36155295,0.03074859,0.7160934,0.0031920576,0.08640614,0.004567277,0.29642358,0.015870735,null,null,null,null,"TWOGAUSSIANS",8,3.3761957,0.22450963,0.0066929813,0.4,0.0,0.35226414,0.032687362,0.7160934,0.0031920576,0.4,0.0,0.2871348,0.011779964
375316653866487564,4056262600281041664,0.42255113,2501.3290497119765,1.2163142390702368,1.2408834E-5,18.088745,0.013181553,0.22853473,0.0019338117,0.030682199,0.0024563924,0.36442295,0.028157718,0.6886755,0.03625242,0.013605049,0.014771431,0.35334167,1.0987221,null,null,null,null,"TWOGAUSSIANS",8,8.081581,0.22853473,0.0019338117,0.17182031,0.013755797,0.36442295,0.028157718,0.6886755,0.03625242,0.076188274,0.08272001,0.35334167,1.0987221
375316653866487564,4056262669000482432,0.4251587,2497.3349094093483,0.05199089890045462,2.5768015E-5,18.757383,0.005001196,0.13698916,0.0026457985,0.022446256,0.011123633,1.5468423,108.68712,0.84726095,0.020065403,0.01871482,0.014183821,0.08196152,0.025507566,null,null,null,null,"TWOGAUSSIANS",8,3.5615118,0.13698916,0.0026457985,0.12569903,0.062292345,1.5468423,108.68712,0.84726095,0.020065403,0.10480298,0.079429395,0.08196152,0.025507566
375316653866487564,4056262810529619712,0.40087482,2502.050344309846,2.827331804483556,3.6561472E-5,17.942932,0.0066938438,null,null,null,null,null,null,null,null,null,null,null,null,0.054057032,0.009067529,0.24312472,0.013098474,"ELLIPSOIDAL",4,7.7377095,null,null,null,null,null,null,null,null,null,null,null,null
375316653866487564,4056262840798678400,0.4644692,2476.624338950268,4.858241863404242,1.0325706E-5,18.650414,0.0075270003,0.40380368,0.0057663713,0.017685466,0.0057455185,0.38903728,1.2449979,0.7797523,0.010957388,0.040670488,0.020995341,0.1292247,0.07901166,null,null,null,null,"TWOGAUSSIANS",8,4.3580074,0.40380368,0.0057663713,0.09903861,0.032174904,0.38903728,1.2449979,0.7797523,0.010957388,0.22775474,0.11757391,0.1292247,0.07901166
375316653866487564,4056262909513881216,0.47369605,2545.3683323286914,0.963209303521128,1.0310576E-4,19.009487,0.07008809,0.39884034,0.06860296,0.22147706,0.21109869,0.0864922,0.048742138,0.568551,0.040369403,0.02205202,0.025949724,0.18751033,0.14146134,null,null,null,null,"TWOGAUSSIANS",8,1.3690339,0.568551,0.040369403,0.12349131,0.14531845,0.23854493,0.12043283,0.39884034,0.06860296,0.4,0.0,0.07296894,0.019706773
375316653866487564,4056262909514005120,0.46783927,2435.012426651501,3.186007390491875,5.099239E-5,18.462156,0.0102383355,0.39799383,0.009585471,0.05345055,0.0059352005,0.3699338,0.03618571,0.76916105,0.013137566,0.027421275,0.023832845,0.053237963,0.035550907,null,null,null,null,"TWOGAUSSIANS",8,3.439978,0.39799383,0.009585471,0.29932308,0.033237122,0.3699338,0.03618571,0.76916105,0.013137566,0.15355913,0.13346393,0.053237963,0.035550907
375316653866487564,4056262913738162432,0.53480655,2446.8264489262256,3.0440821675674994,3.715172E-5,19.178617,0.011655699,0.32231382,0.003482821,0.0710485,0.013412986,0.076463796,0.03591828,null,null,null,null,null,null,0.118936725,0.01734016,0.32231382,0.003482821,"ONEGAUSSIAN_WITH_ELLIPSOIDAL",6,0.9145826,0.32231382,0.003482821,0.3978716,0.05033714,0.31418198,0.024792384,null,null,null,null,null,null
375316653866487564,4056262948018107136,0.41166836,2476.698460905226,2.3865216816700126,3.5994213E-5,18.276789,0.004648912,0.23096247,0.069776215,0.09152192,0.057257038,0.05827274,0.02123234,0.80014706,0.009010259,0.020201456,0.005076835,0.1652219,0.025884919,null,null,null,null,"TWOGAUSSIANS",8,5.0041738,0.80014706,0.009010259,0.113128155,0.028430276,0.16522254,0.025885122,0.23096247,0.069776215,0.4,0.17722447,0.058272485,0.021233283
375316653866487564,4056262978233938560,0.44566354,2439.5717595674523,3.0688552556919078,8.630582E-5,18.947472,0.005863115,0.29968616,0.007915177,0.03051528,0.009855935,0.21396165,0.17057447,0.78980494,0.0126211755,0.037851833,0.0072076116,0.16802807,0.063498065,null,null,null,null,"TWOGAUSSIANS",8,2.9873583,0.29968616,0.007915177,0.17088556,0.055193238,0.21396165,0.17057447,0.78980494,0.0126211755,0.21197027,0.040362626,0.16802807,0.063498065
375316653866487564,4056262978233971840,0.40771925,2503.6004720387605,3.424365227963053,8.023851E-5,16.317135,0.0054167956,0.2508383,0.0048361532,0.021387141,0.0024236722,0.17145613,0.04218023,0.5032437,0.011366453,0.045854677,0.009045174,0.3864841,0.12027841,null,null,null,null,"TWOGAUSSIANS",8,13.653284,0.5032437,0.011366453,0.2567862,0.050652977,0.3864841,0.12027841,0.2508383,0.0048361532,0.11976799,0.013572564,0.17145623,0.042180143
375316653866487564,4056263016737798528,0.43912485,2452.2731782506776,0.27648309813473093,6.37203E-6,18.41492,0.0036717118,0.2939725,6.0837183E-6,0.0024664407,6.547905E-5,0.48567018,0.023327988,0.7597115,0.0018709656,0.020417586,0.002232718,0.070032254,0.003350016,null,null,null,null,"TWOGAUSSIANS",8,3.7282188,0.2939725,6.0837183E-6,0.013812067,3.6668268E-4,0.48567018,0.023327988,0.7597115,0.0018709656,0.11433849,0.012503221,0.070032254,0.003350016
375316653866487564,4056263154177477120,0.4349604,2507.4309718107675,3.960732029143069,5.4891352E-5,16.937471,0.015250678,0.29146647,0.01514159,0.050421428,0.07905503,0.10600653,0.014637539,0.7837211,0.01345123,0.046771277,0.009508342,0.21977548,0.05191094,null,null,null,null,"TWOGAUSSIANS",8,2.933454,0.7837211,0.01345123,0.26191914,0.053246714,0.21977513,0.050971724,0.29146647,0.01514159,0.28236,0.12310954,0.106006175,0.016989565
375316653866487564,4056263188536506240,0.44583443,2444.064766451907,0.11448876876101373,6.305108E-5,18.380575,0.07422612,0.073030725,0.009688127,0.01301615,0.010348193,0.1838575,13.774091,0.63681924,0.015531363,0.20803922,0.06794763,0.18746322,0.07072307,null,null,null,null,"TWOGAUSSIANS",8,5.3996015,0.07289072,0.010182024,0.07289044,0.057949882,0.18856508,13.774195,0.63681924,0.015531363,0.4,0.0,0.16659012,0.016864752
375316653866487564,4056263287420171392,0.4294938,2432.251631077927,4.018347890650415,4.3757173E-5,18.779951,0.025241436,0.12227216,0.03729891,0.093794584,0.026047545,0.17252871,0.08744639,0.37401316,0.04989547,0.09183503,0.046527404,0.10033127,0.04861713,null,null,null,null,"TWOGAUSSIANS",8,5.2400894,0.12622216,0.028260972,0.4,0.0,0.17493121,0.08546319,0.37401316,0.04989547,0.4,0.003523805,0.1049588,0.048071757
375316653866487564,4056263291615954816,0.43387946,2494.3062299994226,3.960655250043286,6.8330366E-5,16.743252,0.002951272,0.27662924,0.021999106,0.058358137,0.019152261,0.15902938,0.0327989,0.7693673,0.009976063,0.047026657,0.006260623,0.30898827,0.048781477,null,null,null,null,"TWOGAUSSIANS",8,3.7734334,0.7693673,0.009976063,0.26334926,0.03505949,0.3089843,0.04878383,0.27662924,0.021999106,0.32680556,0.10725266,0.15902545,0.032795504
375316653866487564,4056263356193463808,0.43677518,2518.750281921261,1.6427723499042137,3.1292657E-5,18.61777,0.018418422,0.32218942,0.01630972,0.057393797,0.0628401,0.18004324,0.5475967,0.7605871,0.0050267894,0.043337714,0.009408056,0.3649573,0.09877514,null,null,null,null,"TWOGAUSSIANS",8,6.6596084,0.7605871,0.0050267894,0.24269119,0.052685115,0.3649572,0.09875619,0.32218942,0.01630972,0.32140526,0.19955711,0.18004316,0.54765576
375316653866487564,4056263360284647296,0.43408945,2561.3663875569277,4.502474160954091,1.5539641E-4,17.40436,0.0045190705,0.1385762,0.012294547,0.026850695,0.01582804,0.095600106,0.04074121,0.5891606,0.032574262,0.059711467,0.02728049,0.07972772,0.05246851,null,null,null,null,"TWOGAUSSIANS",8,2.9365878,0.1385762,0.012294547,0.15036389,0.08863702,0.095600106,0.04074137,0.5891606,0.032574262,0.33438423,0.094714776,0.07972772,0.052468553
375316653866487564,4056263459269560960,0.4160555,2492.029863760112,2.020911323901159,4.3739517E-5,17.676497,0.18559107,0.16759394,0.022353899,0.06072044,0.041064214,0.17636763,0.13035843,0.65137535,0.08018818,0.07473602,0.19199939,0.110416844,0.17378567,null,null,null,null,"TWOGAUSSIANS",8,5.4466944,0.16759394,0.02066652,0.34003446,0.1354222,0.17617823,0.056684453,0.65137535,0.08018818,0.4,0.08184306,0.110227436,0.068004265
375316653866487564,4056263562300003840,0.44159856,2498.104888326996,4.0512412472580275,9.9051416E-5,18.78028,0.014081164,0.40467733,0.016805198,0.029085621,0.014009238,0.26204136,0.06940338,0.7393778,0.02678646,0.086866274,0.041195434,0.10478673,0.02074435,null,null,null,null,"TWOGAUSSIANS",8,5.7427635,0.40468732,0.016813474,0.16287948,0.07845173,0.26210395,0.06936267,0.7393778,0.02678646,0.4,0.0,0.10478672,0.020750595
375316653866487564,4056263665428375296,0.42499515,2518.7230089881027,2.0613603551756907,6.9790534E-5,16.902773,0.004364161,0.2182377,0.032584433,0.076865755,0.020325914,0.046595354,0.009276919,0.74260366,0.012688421,0.06232035,0.01669104,0.07753747,0.009941235,null,null,null,null,"TWOGAUSSIANS",8,2.6951919,0.74260366,0.012688421,0.34899396,0.09346982,0.077441536,0.009929487,0.2182377,0.032584433,0.4,0.066160314,0.046499416,0.009233006
375316653866487564,4056263699737730816,0.41373673,2503.804956695219,1.9610412558597343,1.3249386E-4,16.684721,0.12181525,0.15054218,0.026406875,0.044030257,0.033988938,0.14963707,0.16103595,0.72651434,0.031858545,0.07262741,0.13718875,0.16577756,0.12573506,null,null,null,null,"TWOGAUSSIANS",8,6.4541416,0.72651434,0.031858545,0.4,0.11304274,0.16577598,0.10620521,0.15054218,0.026211545,0.24656942,0.19033806,0.14963551,0.16091548
375316653866487564,4056263734147451392,0.45199078,2470.1334149339236,1.1224780691621588,2.7345557E-5,18.329014,0.00866826,0.20003298,0.006665502,0.062459726,0.010976364,0.15422255,0.020223755,0.6971748,0.009130442,0.042615056,0.019659147,0.11166999,0.02352619,null,null,null,null,"TWOGAUSSIANS",8,6.6668386,0.20003298,0.006665502,0.34977448,0.06146764,0.15421972,0.020215578,0.6971748,0.009130442,0.2386443,0.110091224,0.111667156,0.023560401
375316653866487564,4056263875730557056,0.46563318,2454.6069465761984,0.9965622048986406,3.834876E-5,17.499998,0.019560842,0.2079159,0.0046379296,0.049347267,0.007594866,0.2872009,0.02766611,0.7182103,0.014648676,0.07720316,0.024365228,0.19778019,0.030902114,null,null,null,null,"TWOGAUSSIANS",8,52.136017,0.2079159,0.0046379296,0.2763447,0.04253125,0.28707004,0.02738371,0.7182103,0.014648676,0.4,0.049724627,0.19764934,0.030673428
375316653866487564,4056263875730574720,0.42496115,2478.7262218464116,4.062248049436422,5.7999412E-5,18.772892,0.009992218,0.16619998,0.008132977,0.030988336,0.0060797185,0.18602899,0.0338758,0.40759835,0.006140447,0.011168851,0.018059634,0.072241366,0.039415214,null,null,null,null,"TWOGAUSSIANS",8,5.4394584,0.16619998,0.008132977,0.17353468,0.034046423,0.18602899,0.0338758,0.40759835,0.006140447,0.06254556,0.10113395,0.072241366,0.039415214
375316653866487564,4056263905897324544,0.44770232,2509.3162565588495,3.922425433285481,8.262368E-5,17.627834,0.016964668,0.36455214,0.0048034755,0.039115313,0.007740292,0.16604874,0.04121961,0.6859679,0.020318141,0.09497721,0.028530262,0.053932853,0.019287411,null,null,null,null,"TWOGAUSSIANS",8,5.122597,0.36461216,0.004793042,0.21904574,0.043345638,0.16622433,0.041290905,0.6859679,0.020318141,0.4,0.0,0.053932473,0.019285992
375316653866487564,4056263944451351040,0.42006677,2479.405728827316,3.950656582291439,2.719133E-5,16.90466,0.01023716,0.20094945,0.06816338,0.09405139,0.048084132,0.031689093,0.012281723,0.8711429,0.005930275,0.02199357,0.004312857,0.15788682,0.019427715,null,null,null,null,"TWOGAUSSIANS",8,7.480749,0.87115294,0.0059388573,0.12316399,0.024152,0.1579545,0.019534452,0.20094945,0.06816338,0.4,0.0,0.031689048,0.0122653395
375316653866487564,4056263974616893824,0.4265253,2473.353183896904,0.9858985842750979,7.392349E-5,18.930315,0.015903426,0.2026327,0.008198627,0.06622206,0.0077445833,0.2782946,0.028495656,0.77522993,0.015564347,0.029241178,0.0111030415,0.44809285,1.2020421,null,null,null,null,"TWOGAUSSIANS",8,5.6586823,0.77522993,0.015564347,0.16375059,0.062177032,0.44809282,1.2020421,0.2026327,0.008198627,0.37084353,0.043369666,0.2782946,0.02849568
