Gaia/vari_eclipsing_binary/VariEclipsingBinary_765070-765137.csv
# %ECSV 1.0
# ---
# delimiter: ','
# meta: !!omap
# - RELEASE: Gaia DR3
# - TABLE: vari_eclipsing_binary
# - DESCRIPTION: >
#     This table describes the properties of the eclipsing binaries resulting from the variability analysis. 
# - CITATION: >
#     How to cite and acknowledge Gaia: 
#     https://gea.esac.esa.int/archive/documentation/credits.html 
# - KNOWN_ISSUES: >
#     Known issues: 
#     https://www.cosmos.esa.int/web/gaia-users/known-issues 
# - DOCUMENTATION: >
#     Tutorials and documentation: 
#     https://www.cosmos.esa.int/web/gaia-users/archive 
# datatype:
# - 
#   name: solution_id
#   datatype: int64
#   description: Solution Identifier
#   meta:
#     ucd: meta.version
# - 
#   name: source_id
#   datatype: int64
#   description: Unique source identifier
#   meta:
#     ucd: meta.id;meta.main
# - 
#   name: global_ranking
#   datatype: float32
#   description: Number between 0 (worst) and 1 (best)
#   meta:
#     ucd: stat.param
# - 
#   name: reference_time
#   datatype: float64
#   unit: d
#   description: Reference time used for the geometric model fit
#   meta:
#     ucd: time.epoch
# - 
#   name: frequency
#   datatype: float64
#   unit: d**-1
#   description: Frequency of geometric model of the eclipsing binary light curve
#   meta:
#     ucd: src.orbital
# - 
#   name: frequency_error
#   datatype: float32
#   unit: d**-1
#   description: "Uncertainty of \\texttt{frequency}"
#   meta:
#     ucd: stat.error
# - 
#   name: geom_model_reference_level
#   datatype: float32
#   unit: mag
#   description: Magnitude reference level of geometric model
#   meta:
#     ucd: phot.mag;em.opt
# - 
#   name: geom_model_reference_level_error
#   datatype: float32
#   unit: mag
#   description: "Uncertainty of \\texttt{geomModelReferenceLevel}"
#   meta:
#     ucd: stat.error;phot.mag;em.opt
# - 
#   name: geom_model_gaussian1_phase
#   datatype: float32
#   description: Phase of the Gaussian 1 component
#   meta:
#     ucd: time.phase
# - 
#   name: geom_model_gaussian1_phase_error
#   datatype: float32
#   description: "Uncertainty of \\texttt{geomModelGaussian1Phase}"
#   meta:
#     ucd: stat.error;time.phase
# - 
#   name: geom_model_gaussian1_sigma
#   datatype: float32
#   description: "Standard deviation [phase] of Gaussian 1 component"
#   meta:
#     ucd: stat.stdev
# - 
#   name: geom_model_gaussian1_sigma_error
#   datatype: float32
#   description: "Uncertainty of \\texttt{geomModelGaussian1Sigma}"
#   meta:
#     ucd: stat.error
# - 
#   name: geom_model_gaussian1_depth
#   datatype: float32
#   unit: mag
#   description: Magnitude depth of Gaussian 1 component
#   meta:
#     ucd: src.var.amplitude
# - 
#   name: geom_model_gaussian1_depth_error
#   datatype: float32
#   unit: mag
#   description: "Uncertainty of \\texttt{geomModelGaussian1Depth}"
#   meta:
#     ucd: stat.error;src.var.amplitude
# - 
#   name: geom_model_gaussian2_phase
#   datatype: float32
#   description: Phase of Gaussian 2 component
#   meta:
#     ucd: time.phase
# - 
#   name: geom_model_gaussian2_phase_error
#   datatype: float32
#   description: "Uncertainty of \\texttt{geomModelGaussian2Phase}"
#   meta:
#     ucd: stat.error;time.phase
# - 
#   name: geom_model_gaussian2_sigma
#   datatype: float32
[...]
#   datatype: float32
#   description: "Secondary eclipse: uncertainty of \\texttt{derivedSecondaryEclDuration}"
#   meta:
#     ucd: stat.error;time.duration
# - 
#   name: derived_secondary_ecl_depth
#   datatype: float32
#   unit: mag
#   description: "Secondary eclipse: depth"
#   meta:
#     ucd: src.var.amplitude
# - 
#   name: derived_secondary_ecl_depth_error
#   datatype: float32
#   unit: mag
#   description: "Secondary eclipse: uncertainty of \\texttt{derivedSecondaryEclDepth}"
#   meta:
#     ucd: stat.error;src.var.amplitude
solution_id,source_id,global_ranking,reference_time,frequency,frequency_error,geom_model_reference_level,geom_model_reference_level_error,geom_model_gaussian1_phase,geom_model_gaussian1_phase_error,geom_model_gaussian1_sigma,geom_model_gaussian1_sigma_error,geom_model_gaussian1_depth,geom_model_gaussian1_depth_error,geom_model_gaussian2_phase,geom_model_gaussian2_phase_error,geom_model_gaussian2_sigma,geom_model_gaussian2_sigma_error,geom_model_gaussian2_depth,geom_model_gaussian2_depth_error,geom_model_cosine_half_period_amplitude,geom_model_cosine_half_period_amplitude_error,geom_model_cosine_half_period_phase,geom_model_cosine_half_period_phase_error,model_type,num_model_parameters,reduced_chi2,derived_primary_ecl_phase,derived_primary_ecl_phase_error,derived_primary_ecl_duration,derived_primary_ecl_duration_error,derived_primary_ecl_depth,derived_primary_ecl_depth_error,derived_secondary_ecl_phase,derived_secondary_ecl_phase_error,derived_secondary_ecl_duration,derived_secondary_ecl_duration_error,derived_secondary_ecl_depth,derived_secondary_ecl_depth_error
[from data line 299]
375316653866487564,6730019143573774080,0.5878781,2280.3841218245575,2.842763070452035,1.1995942E-5,19.02907,0.012285831,0.27702215,0.00419306,0.06493719,0.005985602,0.5049364,0.03320717,0.7799595,0.01970071,0.08581517,0.018036567,0.15818195,0.042896874,null,null,null,null,"TWOGAUSSIANS",8,1.8295702,0.27702215,0.00419306,0.36364827,0.03351937,0.5030058,0.033653073,0.7799595,0.01970071,0.4,0.0,0.15625136,0.04337651
375316653866487564,6730019418464440576,0.54114985,2269.5169332800833,0.038316918093362774,9.817296E-5,15.8009,0.013045879,0.1414941,0.0031629344,0.039171107,0.0048105046,2.1632419,1.094735,0.40313864,0.008667316,0.020581631,0.0069485023,0.26777425,0.4463148,0.03566409,0.014524714,0.1414941,0.0031629344,"TWOGAUSSIANS_WITH_ELLIPSOIDAL_ON_ECLIPSE1",9,319.1517,0.1414941,0.0031629344,0.21935819,0.026938826,2.2345695,1.0753721,0.40323865,0.0087494645,0.11525714,0.038911615,0.26815835,0.44607183
375316653866487564,6730019796407350400,0.5001626,2255.46977396547,2.39357031198314,7.986246E-5,19.41849,0.02270028,0.24953054,0.032323517,0.07750011,0.026338536,0.10420084,0.0316227,0.763133,0.012918699,0.06769443,0.018809618,0.2867187,0.027513202,null,null,null,null,"TWOGAUSSIANS",8,2.4634125,0.763133,0.012918699,0.37908885,0.05481908,0.28608817,0.026993427,0.24953054,0.032323517,0.4,0.03935933,0.1035703,0.029640386
375316653866487564,6730020243083932800,0.47702354,2307.994832979409,1.5301241881924035,2.7878932E-5,18.6687,0.011719239,0.22976921,0.010180858,0.06986786,0.016446603,0.17064755,0.04700723,0.75393677,0.0076987837,0.07472659,0.010818348,0.1833249,0.01432846,null,null,null,null,"TWOGAUSSIANS",8,3.7392638,0.75393677,0.0076987837,0.4,0.0010862348,0.18282889,0.013997732,0.22976921,0.010180858,0.39126,0.0726726,0.17015152,0.04750547
375316653866487564,6730020410588399232,0.57024837,2295.3211042962553,4.080169744836075,1.5761423E-5,18.802446,0.016399244,0.3224056,0.00939134,0.0804481,0.013511437,0.31252518,0.02771332,0.8164458,0.0065988456,0.073885806,0.0076151425,0.2976282,0.024854466,null,null,null,null,"TWOGAUSSIANS",8,2.7944431,0.3224056,0.00939134,0.4,0.0,0.30969664,0.028889801,0.8164458,0.0065988456,0.4,0.0015039664,0.29479966,0.024083864
375316653866487564,6730020719826035712,0.4839433,2231.7072951285654,0.3738555593523707,3.0393116E-5,19.036606,0.010426429,0.21759358,0.007811869,0.06516108,0.00748444,0.1935525,0.011605163,0.7529718,0.006207637,0.059245177,0.012880847,0.5853656,0.4908949,null,null,null,null,"TWOGAUSSIANS",8,1.2418969,0.7529718,0.006207637,0.33177298,0.072132744,0.5853039,0.4910125,0.21759358,0.007811869,0.36490202,0.041912865,0.19349079,0.011542283
375316653866487564,6730021067717371392,0.5794647,2223.9713203066663,3.198629817851214,9.953539E-6,17.61615,0.016266292,0.15757854,0.0022174458,0.06626198,0.0058204858,0.44118598,0.019273885,0.65461534,0.0037089256,0.06694406,0.0089852195,0.5183281,0.10783535,null,null,null,null,"TWOGAUSSIANS",8,16.236643,0.65461534,0.0037089256,0.37488675,0.030813133,0.5175609,0.10858267,0.15757854,0.0022174458,0.37106708,0.03259472,0.4404188,0.019529492
375316653866487564,6730021784977546112,0.52492326,2277.5644321120167,3.5206880847450996,2.2927075E-5,17.807825,0.16103975,0.25146887,0.0076555405,0.13504563,0.049068693,0.26102075,0.15596345,0.7418355,0.007920248,0.115079015,0.030934434,0.31187174,0.14484182,null,null,null,null,"TWOGAUSSIANS",8,7.252043,0.7418355,0.007920248,0.4,0.0,0.24189487,0.024821924,0.25151885,0.0076075178,0.4,0.0,0.19052798,0.024792211
375316653866487564,6730022540891874304,0.49994385,2284.157970422615,2.9009988045853285,2.5710911E-5,18.29709,0.0032375832,null,null,null,null,null,null,null,null,null,null,null,null,0.062487528,0.0033685258,0.2830901,0.0095070535,"ELLIPSOIDAL",4,3.0465984,null,null,null,null,null,null,null,null,null,null,null,null
375316653866487564,6730023335459788032,0.507245,2228.911082349097,3.3018582827628236,2.073526E-5,19.51991,0.021622173,0.27283064,0.014008232,0.08229866,0.020064931,0.27116802,0.049552497,0.7492626,0.0051042684,0.09199392,0.00945584,0.25788373,0.020719007,null,null,null,null,"TWOGAUSSIANS",8,1.8226187,0.27283064,0.014008232,0.4,0.0,0.2653819,0.051236372,0.7492626,0.0051042684,0.4,0.0,0.25209722,0.013041392
375316653866487564,6730023438553658240,0.595573,2248.8551195919695,1.6611344037678226,8.31945E-6,16.915241,0.01444284,0.1723699,0.0051695285,0.10668918,0.013469266,0.1371524,0.014001519,0.6712494,0.002067029,0.08118362,0.0054338737,0.28230393,0.014044589,null,null,null,null,"TWOGAUSSIANS",8,6.0465045,0.6712494,0.002067029,0.4,0.0,0.27192485,0.009899676,0.1723699,0.0051695285,0.4,0.0,0.12676866,0.0090724975
375316653866487564,6730023502964498944,0.6063466,2228.510535434906,3.2406557358099053,5.8556566E-6,18.212147,0.013438795,0.2074023,0.05643135,0.078729644,0.024222357,0.40758583,0.19427842,0.71250653,0.008255573,0.082925156,0.008460364,0.34477302,0.012445784,null,null,null,null,"TWOGAUSSIANS",8,1.4695705,0.2074023,0.05643135,0.4,0.0,0.40191683,0.18817003,0.71250653,0.008255573,0.4,0.0,0.33910403,0.007481435
375316653866487564,6730024366268747520,0.48996606,2223.6556644573793,1.3007357248439289,5.4691827E-5,17.074244,0.023185007,0.3195119,0.056284014,0.037963156,0.021812685,0.5565211,0.29610914,0.8132199,0.005091503,0.035961594,0.0043826797,0.605915,0.11855935,null,null,null,null,"TWOGAUSSIANS",8,12.756198,0.8132199,0.005091503,0.20138492,0.024543006,0.605915,0.11855935,0.3195119,0.056284014,0.21259366,0.12215103,0.5565211,0.29610905
375316653866487564,6730025878082333696,0.50612396,2308.9182765530295,3.750113026636158,3.4052882E-5,19.121815,0.02941057,0.28863096,0.010348488,0.08468891,0.020256074,0.22830369,0.024325717,0.7852414,0.00870953,0.08420123,0.021665039,0.2442239,0.029979782,null,null,null,null,"TWOGAUSSIANS",8,2.6731243,0.7852414,0.00870953,0.4,0.0,0.23866448,0.03279861,0.28863096,0.010348488,0.4,0.0,0.22274427,0.023314402
375316653866487564,6730026840168078080,0.50281453,2308.5473519085726,2.899393526191916,5.1261464E-5,14.8385515,0.005444978,null,null,null,null,null,null,null,null,null,null,null,null,0.052402817,0.007070671,0.28439367,0.010385492,"ELLIPSOIDAL",4,101.380714,null,null,null,null,null,null,null,null,null,null,null,null
375316653866487564,6730028691298672896,0.4503753,2266.3159113986335,0.1331946896116218,2.8654487E-5,18.450558,0.14762072,0.21001557,0.018887296,0.17925318,0.060709935,0.32938927,0.13971655,0.6256114,0.029008925,0.124817334,0.022062488,0.28565556,0.09643747,null,null,null,null,"TWOGAUSSIANS",8,3.324207,0.21313557,0.01571494,0.4,0.0,0.2340027,0.019961953,0.6256114,0.029008925,0.4,0.0,0.2131312,0.043246806
375316653866487564,6730029863825147776,0.6602012,2262.2835151984923,2.37301601838419,8.023392E-6,15.421185,0.0037329858,0.3072918,0.0021458815,0.05715822,0.0055177244,0.07239239,0.0095321825,0.794653,0.003451658,0.042036932,0.004267807,0.17812872,0.009566374,0.04039027,0.0049194307,0.3072918,0.0021458815,"TWOGAUSSIANS_WITH_ELLIPSOIDAL_ON_ECLIPSE1",9,7.4111013,0.795403,0.0033321832,0.23540682,0.02389972,0.25842583,0.007946858,0.3072918,0.0021458815,0.32008603,0.030899256,0.15316777,0.0048223613
375316653866487564,6730030104343236992,0.47973233,2260.862698562084,1.0572755406797352,5.7092177E-5,15.344073,0.069621466,0.33354038,0.018888056,0.20624684,0.10214019,0.08597315,0.067257285,0.7964081,0.011879248,0.06856716,0.012398362,0.10445112,0.019860728,null,null,null,null,"TWOGAUSSIANS",8,36.605743,0.7964081,0.011879248,0.38397607,0.052105293,0.091129705,0.011301872,0.33354038,0.018888056,0.4,0.0,0.06282956,0.0076262946
375316653866487564,6730032612590718464,0.62846696,2283.707615236763,3.3877066176017125,5.9689974E-6,18.492294,0.012414086,0.3356521,0.002704355,0.043250963,0.003973876,0.5045954,0.05142557,0.8353832,0.004400687,0.047957964,0.0062951334,0.3854605,0.035968147,0.12320057,0.016965032,0.3356521,0.002704355,"TWOGAUSSIANS_WITH_ELLIPSOIDAL_ON_ECLIPSE1",9,2.807469,0.3356521,0.002704355,0.2422054,0.022253705,0.750996,0.04940649,0.83541316,0.004125517,0.26856458,0.03525275,0.63186044,0.042268433
375316653866487564,6730033742163887744,0.43930146,2297.8832641206645,2.1697417375431,4.2007967E-5,17.875202,0.0070102443,0.4588026,0.015541014,0.15555973,0.023805883,0.08075878,0.009391278,0.8717925,0.014089465,0.04104904,0.019908594,0.039229013,0.0923885,null,null,null,null,"TWOGAUSSIANS",8,5.246675,0.4588026,0.015541014,0.4,0.0,0.0792409,0.009987421,0.8717925,0.014089465,0.22987463,0.111488126,0.040156975,0.09299202
375316653866487564,6730037285528965760,0.5555285,2236.672790225218,3.4155772734997996,7.819407E-6,17.009115,0.00613249,0.21252023,0.0030916466,0.0766308,0.00581504,0.14757942,0.0078174155,0.71661615,0.009808015,0.084694415,0.00815217,0.14192432,0.011964142,null,null,null,null,"TWOGAUSSIANS",8,3.4637418,0.21252023,0.0030916466,0.4,0.0,0.14538987,0.007569827,0.71661615,0.009808015,0.4,0.0,0.13973476,0.011117234
375316653866487564,6730037285530080128,0.5038436,2237.148669465351,3.94797371617655,2.0752916E-5,19.695658,0.04965531,0.22623682,0.0049379375,0.07345327,0.008668973,0.4150947,0.050405618,0.7266942,0.008762476,0.1039531,0.033113346,0.35303065,0.04618697,null,null,null,null,"TWOGAUSSIANS",8,2.01187,0.22623682,0.0049383375,0.4,0.005199065,0.40124795,0.03184718,0.7266942,0.008762476,0.4,0.0,0.33917722,0.06983526
375316653866487564,6730038793051285504,0.51413935,2256.1544444353594,0.04799715132586088,4.851337E-5,18.094088,0.0035136999,0.33106232,0.008315596,0.098565124,0.015663335,0.17428344,0.034683026,0.7082961,0.0039156345,0.027630635,0.0059124692,0.12647098,0.0060193064,null,null,null,null,"TWOGAUSSIANS",8,2.484799,0.33106232,0.008315596,0.4,0.0,0.17428185,0.03468596,0.7082961,0.0039156345,0.15473156,0.03310983,0.12658435,0.00608217
375316653866487564,6730039720764688768,0.6124364,2292.9016205296916,2.40949676502479,8.5529555E-6,13.839018,0.01149131,0.32363802,0.001762565,0.094259895,0.004947011,0.30853906,0.010189011,0.82675886,0.0021329895,0.12302306,0.01194797,0.14004077,0.008462442,null,null,null,null,"TWOGAUSSIANS",8,22.177729,0.323628,0.0017620896,0.4,0.0,0.2826175,0.004218928,0.82675886,0.0021329895,0.4,0.0,0.11404683,0.00557451
375316653866487564,6730040034296123648,0.5520203,2334.4536208099435,3.195875019565913,2.5005538E-5,19.449524,0.014327176,0.17690459,0.011716658,0.06692239,0.008126169,0.4241567,0.13156162,0.678117,0.0032248457,0.06646942,0.003811675,0.5385739,0.020588292,null,null,null,null,"TWOGAUSSIANS",8,2.1300426,0.678117,0.0032248457,0.37222877,0.021345379,0.537753,0.020543285,0.17690459,0.011716658,0.37476537,0.045506548,0.4233357,0.13188374
375316653866487564,6730040236161048832,0.6185881,2279.0814275815796,0.35547442949158964,7.32835E-5,18.547367,0.0036301839,0.07247285,0.035379056,0.07577517,0.059802067,0.01196131,0.0067652995,0.4082245,0.007476225,0.047279455,0.00421158,0.71027625,0.16576158,null,null,null,null,"TWOGAUSSIANS",8,0.6263919,0.4082245,0.007476225,0.26476496,0.023584848,0.71027684,0.16577281,0.07247285,0.035379056,0.4,0.13253896,0.011961262,0.006766548
375316653866487564,6730040579757282944,0.680219,2294.674136115149,0.5126609108323673,6.492537E-6,16.214104,0.0013501581,0.3014612,0.032434717,0.052138094,0.12130093,0.003138276,0.0177944,0.49406797,0.004263403,0.021239728,0.001642024,0.32432586,0.043627463,null,null,null,null,"TWOGAUSSIANS",8,1.9386835,0.49406797,0.004263403,0.11894248,0.009195334,0.32432926,0.043631885,0.3014612,0.032434717,0.29197332,0.6671585,0.003138276,0.0177944
375316653866487564,6730041649210440576,0.52757585,2328.0786703921704,4.398907411826724,1.3843992E-5,19.61122,0.006255182,0.30083635,0.03068766,0.02458689,0.014726525,0.2651682,0.21800411,0.62402827,0.019770429,0.05020471,0.030807303,1.2653016,2.6223998,null,null,null,null,"TWOGAUSSIANS",8,3.93771,0.62402827,0.019770429,0.28114638,0.1421068,1.2653016,2.6223998,0.30083635,0.03068699,0.13768658,0.08246854,0.2651682,0.21800911
375316653866487564,6730042125946001152,0.6214917,2246.6003018565048,1.9500777948828703,7.760481E-6,17.72195,0.0027231781,0.21614863,0.001778899,0.04821095,0.0018011109,0.51892483,0.026215421,0.7129705,0.0099153165,0.057728704,0.006077739,0.12041878,0.028674476,null,null,null,null,"TWOGAUSSIANS",8,4.2199655,0.21614863,0.001778899,0.26998132,0.010086222,0.51891905,0.02621833,0.7129705,0.0099153165,0.32328072,0.03403534,0.12041298,0.028676962
375316653866487564,6730043435922213504,0.48083645,2220.1161642689344,2.706791226924984,2.3301094E-5,16.244856,0.5392536,0.19850802,0.0074398676,0.15937981,0.030700393,0.55175817,0.38893607,0.6912169,0.008178746,0.21258688,0.089848526,0.66498536,0.5170609,null,null,null,null,"TWOGAUSSIANS",8,45.86551,0.6912169,0.008178746,0.4,0.0,0.19236821,0.017488036,0.20309803,0.006249647,0.4,0.0,0.1550423,0.011862885
375316653866487564,6730045252681760512,0.47692892,2273.8258268951945,0.0880979110664006,1.5351457E-5,17.78377,0.0057905484,0.47698492,0.025103124,0.09787488,0.027106589,0.06539469,0.014082048,0.8299776,0.0018214369,0.042153496,0.0027622138,0.13645588,0.005840895,null,null,null,null,"TWOGAUSSIANS",8,2.2561934,0.8299776,0.0018214369,0.23605958,0.015468397,0.13655038,0.00589897,0.47698492,0.025103124,0.4,0.0,0.06539125,0.014084891
375316653866487564,6730045428788108160,0.4572423,2228.084180387299,1.2804897394419563,2.7131078E-5,18.825531,0.0098861605,0.5806729,0.079935774,0.032736592,0.02480104,0.79593307,2.275772,null,null,null,null,null,null,null,null,null,null,"ONEGAUSSIAN",5,3.9636765,0.5806729,0.079935774,0.18332492,0.13888583,0.79593307,0.0,null,null,null,null,null,null
375316653866487564,6730046077316578560,0.5201527,2251.5843221515875,0.1840371974442985,2.4527584E-5,17.62431,0.0032695602,0.19461058,0.019056257,0.071115635,0.01878181,0.07293757,0.010741202,0.72704375,0.005300411,0.06414259,0.008696267,0.097090095,0.009227408,null,null,null,null,"TWOGAUSSIANS",8,1.5223347,0.72704375,0.005300411,0.3591985,0.048396986,0.09701813,0.009175751,0.19461058,0.019056257,0.39824757,0.051780965,0.072865605,0.010640219
375316653866487564,6730046627072457728,0.4426734,2248.136500743409,2.7556006619868403,2.8800687E-5,18.564554,0.0044268984,null,null,null,null,null,null,null,null,null,null,null,null,0.04623395,0.0073089646,0.31042594,0.009284296,"ELLIPSOIDAL",4,4.40344,null,null,null,null,null,null,null,null,null,null,null,null
375316653866487564,6730047765237138816,0.4733416,2187.7510424234747,0.7498466202576866,2.1178617E-5,17.702023,0.04014606,0.28093997,0.011917925,0.08711883,0.02825145,0.2809283,0.026070267,0.77978724,0.0064514256,0.09473953,0.029680187,0.117282726,0.037962917,null,null,null,null,"TWOGAUSSIANS",8,2.1215613,0.28093997,0.011930992,0.4,0.0,0.2730741,0.033979338,0.77978724,0.006448275,0.4,0.0,0.10942834,0.010069381
375316653866487564,6730051334356479744,0.58688855,2318.735061559078,1.153618610414112,9.9653604E-5,18.759947,0.046663508,0.18390027,0.05821801,0.06864848,0.15192017,0.05881777,0.028737731,0.84923977,0.07483027,0.031717602,0.022019275,1.2282882,4.6925635,null,null,null,null,"TWOGAUSSIANS",8,4.148708,0.84923977,0.07478498,0.17761858,0.123307936,1.2282885,4.691334,0.18390027,0.05821801,0.38443148,0.18936852,0.05881777,0.01865084
375316653866487564,6730052266375168256,0.5190583,2267.7981876123704,4.723468615972352,4.3239543E-5,14.9917,0.0032489074,0.26117316,0.005563205,0.013831445,0.013182881,0.019675583,0.10279106,0.5180994,0.001298394,0.0340524,0.0048302854,0.18830265,0.31568152,0.004365781,0.0040075863,0.5180994,0.001298394,"TWOGAUSSIANS_WITH_ELLIPSOIDAL_ON_ECLIPSE2",9,50.32547,0.5180994,0.001298394,0.19069345,0.027049597,0.19703418,0.3157365,0.26112315,0.005627222,0.07745609,0.07382413,0.019692183,0.10277307
