Gaia/vari_eclipsing_binary/VariEclipsingBinary_762840-762999.csv
# %ECSV 1.0
# ---
# delimiter: ','
# meta: !!omap
# - RELEASE: Gaia DR3
# - TABLE: vari_eclipsing_binary
# - DESCRIPTION: >
#     This table describes the properties of the eclipsing binaries resulting from the variability analysis. 
# - CITATION: >
#     How to cite and acknowledge Gaia: 
#     https://gea.esac.esa.int/archive/documentation/credits.html 
# - KNOWN_ISSUES: >
#     Known issues: 
#     https://www.cosmos.esa.int/web/gaia-users/known-issues 
# - DOCUMENTATION: >
#     Tutorials and documentation: 
#     https://www.cosmos.esa.int/web/gaia-users/archive 
# datatype:
# - 
#   name: solution_id
#   datatype: int64
#   description: Solution Identifier
#   meta:
#     ucd: meta.version
# - 
#   name: source_id
#   datatype: int64
#   description: Unique source identifier
#   meta:
#     ucd: meta.id;meta.main
# - 
#   name: global_ranking
#   datatype: float32
#   description: Number between 0 (worst) and 1 (best)
#   meta:
#     ucd: stat.param
# - 
#   name: reference_time
#   datatype: float64
#   unit: d
#   description: Reference time used for the geometric model fit
#   meta:
#     ucd: time.epoch
# - 
#   name: frequency
#   datatype: float64
#   unit: d**-1
#   description: Frequency of geometric model of the eclipsing binary light curve
#   meta:
#     ucd: src.orbital
# - 
#   name: frequency_error
#   datatype: float32
#   unit: d**-1
#   description: "Uncertainty of \\texttt{frequency}"
#   meta:
#     ucd: stat.error
# - 
#   name: geom_model_reference_level
#   datatype: float32
#   unit: mag
#   description: Magnitude reference level of geometric model
#   meta:
#     ucd: phot.mag;em.opt
# - 
#   name: geom_model_reference_level_error
#   datatype: float32
#   unit: mag
#   description: "Uncertainty of \\texttt{geomModelReferenceLevel}"
#   meta:
#     ucd: stat.error;phot.mag;em.opt
# - 
#   name: geom_model_gaussian1_phase
#   datatype: float32
#   description: Phase of the Gaussian 1 component
#   meta:
#     ucd: time.phase
# - 
#   name: geom_model_gaussian1_phase_error
#   datatype: float32
#   description: "Uncertainty of \\texttt{geomModelGaussian1Phase}"
#   meta:
#     ucd: stat.error;time.phase
# - 
#   name: geom_model_gaussian1_sigma
#   datatype: float32
#   description: "Standard deviation [phase] of Gaussian 1 component"
#   meta:
#     ucd: stat.stdev
# - 
#   name: geom_model_gaussian1_sigma_error
#   datatype: float32
#   description: "Uncertainty of \\texttt{geomModelGaussian1Sigma}"
#   meta:
#     ucd: stat.error
# - 
#   name: geom_model_gaussian1_depth
#   datatype: float32
#   unit: mag
#   description: Magnitude depth of Gaussian 1 component
#   meta:
#     ucd: src.var.amplitude
# - 
#   name: geom_model_gaussian1_depth_error
#   datatype: float32
#   unit: mag
#   description: "Uncertainty of \\texttt{geomModelGaussian1Depth}"
#   meta:
#     ucd: stat.error;src.var.amplitude
# - 
#   name: geom_model_gaussian2_phase
#   datatype: float32
#   description: Phase of Gaussian 2 component
#   meta:
#     ucd: time.phase
# - 
#   name: geom_model_gaussian2_phase_error
#   datatype: float32
#   description: "Uncertainty of \\texttt{geomModelGaussian2Phase}"
#   meta:
#     ucd: stat.error;time.phase
# - 
#   name: geom_model_gaussian2_sigma
#   datatype: float32
[...]
#   datatype: float32
#   description: "Secondary eclipse: uncertainty of \\texttt{derivedSecondaryEclDuration}"
#   meta:
#     ucd: stat.error;time.duration
# - 
#   name: derived_secondary_ecl_depth
#   datatype: float32
#   unit: mag
#   description: "Secondary eclipse: depth"
#   meta:
#     ucd: src.var.amplitude
# - 
#   name: derived_secondary_ecl_depth_error
#   datatype: float32
#   unit: mag
#   description: "Secondary eclipse: uncertainty of \\texttt{derivedSecondaryEclDepth}"
#   meta:
#     ucd: stat.error;src.var.amplitude
solution_id,source_id,global_ranking,reference_time,frequency,frequency_error,geom_model_reference_level,geom_model_reference_level_error,geom_model_gaussian1_phase,geom_model_gaussian1_phase_error,geom_model_gaussian1_sigma,geom_model_gaussian1_sigma_error,geom_model_gaussian1_depth,geom_model_gaussian1_depth_error,geom_model_gaussian2_phase,geom_model_gaussian2_phase_error,geom_model_gaussian2_sigma,geom_model_gaussian2_sigma_error,geom_model_gaussian2_depth,geom_model_gaussian2_depth_error,geom_model_cosine_half_period_amplitude,geom_model_cosine_half_period_amplitude_error,geom_model_cosine_half_period_phase,geom_model_cosine_half_period_phase_error,model_type,num_model_parameters,reduced_chi2,derived_primary_ecl_phase,derived_primary_ecl_phase_error,derived_primary_ecl_duration,derived_primary_ecl_duration_error,derived_primary_ecl_depth,derived_primary_ecl_depth_error,derived_secondary_ecl_phase,derived_secondary_ecl_phase_error,derived_secondary_ecl_duration,derived_secondary_ecl_duration_error,derived_secondary_ecl_depth,derived_secondary_ecl_depth_error
[from data line 222]
375316653866487564,6710638739305318528,0.5381158,2265.9889335146595,2.2601185097694247,2.6237001E-5,16.685137,0.014030182,0.30234337,0.005031641,0.021237934,0.009785216,0.3397197,0.078695394,0.776287,0.035212204,0.040914893,0.01749902,0.2854896,0.11293479,0.041861504,0.020593641,0.30234337,0.005031641,"TWOGAUSSIANS_WITH_ELLIPSOIDAL_ON_ECLIPSE1",9,75.47516,0.30234337,0.005031641,0.11893243,0.054797214,0.42344248,0.08859853,0.777247,0.03413741,0.2291234,0.09799452,0.36706924,0.09188016
375316653866487564,6710642067903041408,0.45743257,2284.8939278218536,3.1507982443782834,4.627721E-5,18.420778,0.057151508,0.24368796,0.011172049,0.12222542,0.03014331,0.1960697,0.055107743,0.74964154,0.023505937,0.12053859,0.032586627,0.17299038,0.06113035,null,null,null,null,"TWOGAUSSIANS",8,5.3129687,0.24365796,0.010986318,0.4,0.0,0.15415691,0.010599594,0.74969155,0.02372882,0.4,0.0,0.13110566,0.020031136
375316653866487564,6710649768780980352,0.56651896,2362.8497937030934,2.4924453505499433,5.929825E-6,18.671772,0.012146318,0.22336173,0.001911619,0.08992056,0.004648297,0.26670817,0.013612039,0.7379662,0.0038345011,0.082979135,0.010961988,0.16257054,0.013940904,null,null,null,null,"TWOGAUSSIANS",8,1.4456207,0.22336173,0.001911619,0.4,0.0,0.26171046,0.0120400535,0.7379662,0.0038345011,0.4,0.0,0.15757295,0.013712489
375316653866487564,6710650245518631296,0.49274594,2315.1225523005414,1.0657224023468714,3.6968308E-5,10.219932,0.0025657413,0.3835609,0.005496184,0.035881802,0.007333653,0.075366855,0.007812837,0.90714794,0.0046735574,0.01235392,0.0058360687,0.011512513,0.013899202,0.021191834,0.0024737814,0.3835609,0.005496184,"TWOGAUSSIANS_WITH_ELLIPSOIDAL_ON_ECLIPSE1",9,27.245754,0.3835609,0.005496184,0.20093809,0.041068457,0.11775051,0.0070617236,0.90714794,0.0046735574,0.06918196,0.032681987,0.05297206,0.013162796
375316653866487564,6710650593414703616,0.54023063,2349.4070006002344,3.9393188012359555,2.1489846E-5,17.604074,0.0263709,0.2824515,0.0049921693,0.1095882,0.017759357,0.19882141,0.020915806,0.8122874,0.008240699,0.10731444,0.0173384,0.21055047,0.024363196,null,null,null,null,"TWOGAUSSIANS",8,5.4280014,0.8123274,0.008249996,0.4,0.0,0.18986924,0.015623669,0.28242153,0.0049650185,0.4,0.0,0.17813386,0.010446665
375316653866487564,6710656052315540992,0.637991,2238.016647618994,3.988734067165804,2.0410993E-5,18.951296,0.022635212,0.303708,0.0044877855,0.04168705,0.0125805605,0.28656095,0.34706807,0.7944814,0.0048372503,0.04187447,0.007155873,0.35876223,0.060061987,0.14875709,0.027882641,0.303708,0.0044877855,"TWOGAUSSIANS_WITH_ELLIPSOIDAL_ON_ECLIPSE1",9,1.8307806,0.7954314,0.004555376,0.23449703,0.040072888,0.65537995,0.03572552,0.303708,0.0044877855,0.23344746,0.07045114,0.5840748,0.35032108
375316653866487564,6710659694447670784,0.4488884,2254.3512832551296,0.23739196253822256,1.7594876E-4,18.193445,0.10157892,0.33611503,0.009340876,0.0512335,0.013013806,0.18475911,0.03446966,0.7275405,0.02112269,0.20600483,0.12244091,0.12551254,0.08686662,null,null,null,null,"TWOGAUSSIANS",8,5.535907,0.33855504,0.009616352,0.28690758,0.07287732,0.19058283,0.039410137,0.7275405,0.02112269,0.4,0.0,0.108895704,0.020842753
375316653866487564,6710661313649163136,0.5368894,2272.3147233482,3.2129920755392845,1.4554565E-5,18.03082,0.009846248,0.20300771,0.0037483673,0.08957351,0.0052716895,0.31828326,0.016511178,0.70109105,0.0049608904,0.072114535,0.005763707,0.42417046,0.044370268,null,null,null,null,"TWOGAUSSIANS",8,4.6155047,0.70109105,0.0049608904,0.4,0.011475442,0.4183776,0.045941114,0.20300771,0.0037483673,0.4,0.0,0.31249028,0.016262805
375316653866487564,6710662516239825408,0.51715505,2361.939919099922,4.796009005409369,2.5630918E-5,19.539768,0.021442007,0.22340643,0.005370912,0.07394387,0.0071016313,0.5255507,0.06145732,0.7333526,0.006684257,0.08058803,0.026992416,0.3990479,0.11128587,null,null,null,null,"TWOGAUSSIANS",8,3.937335,0.22340643,0.005370912,0.4,0.0056408183,0.52162814,0.060903158,0.7333526,0.006684257,0.4,0.0,0.39512533,0.123255596
375316653866487564,6710672957306983936,0.56243175,2241.6064205772113,2.033491467856715,2.0481615E-5,17.089846,0.004363542,0.19483083,0.00577331,0.056117687,0.00776873,0.21731588,0.070276216,0.6974076,0.008666284,0.063936606,0.008223059,0.16586334,0.021437343,null,null,null,null,"TWOGAUSSIANS",8,4.6079206,0.19483083,0.00577331,0.31425905,0.04350489,0.21725716,0.07031504,0.6974076,0.008666284,0.35804498,0.04604913,0.16580461,0.021467702
375316653866487564,6710676049683497088,0.55895704,2212.1017902401395,4.044340937686754,3.229901E-5,18.476595,0.02879375,0.25328505,0.0027831495,0.10033925,0.008347765,0.34762254,0.02735908,0.7270902,0.011960136,0.10162885,0.013230418,0.40472385,0.03375252,null,null,null,null,"TWOGAUSSIANS",8,3.2102833,0.7270902,0.011960136,0.4,0.0,0.37953874,0.020556506,0.25329503,0.0027637146,0.4,0.0,0.32244042,0.01528765
375316653866487564,6710679760535624320,0.54573035,2316.163587456121,2.5727169604392017,2.2137723E-5,16.165081,0.029194307,0.36524037,0.0058693974,0.085435025,0.010233263,0.32929853,0.025664335,0.85235256,0.008926064,0.093721695,0.014670177,0.31475633,0.029582586,null,null,null,null,"TWOGAUSSIANS",8,72.31544,0.36524037,0.0058688456,0.4,0.0,0.3186304,0.016056662,0.85235256,0.008926064,0.4,0.0,0.3040877,0.023334716
375316653866487564,6710686877294404992,0.47600645,2284.3001456932584,0.20912347732342307,5.2717005E-5,19.846174,0.06112776,0.3242353,0.0426546,0.08301941,0.07078202,0.23651783,0.042316213,0.79784137,0.0058277445,0.06297134,0.015608661,0.34451616,0.050438065,null,null,null,null,"TWOGAUSSIANS",8,2.2468083,0.79784137,0.0058277445,0.35263947,0.08319242,0.3436915,0.03497457,0.3242353,0.0426546,0.4,0.0,0.23569316,0.044617962
375316653866487564,6710689729152631552,0.5988968,2276.872254312596,2.8222213534807694,1.5437985E-5,16.61601,0.02017057,0.2649001,0.0034765564,0.10382329,0.012729656,0.1780758,0.01749245,0.7497239,0.0056374297,0.10520009,0.011023075,0.23201875,0.020957476,null,null,null,null,"TWOGAUSSIANS",8,4.598154,0.7497239,0.0056374297,0.4,0.0,0.2125376,0.009337479,0.2649101,0.0034651512,0.4,0.0,0.15859768,0.0070480555
375316653866487564,6710697009122160512,0.43430647,2180.042779705198,1.1038940217099813,1.2730274E-4,18.393808,0.006085194,0.49131575,0.021474741,0.16010377,0.027590783,0.11157377,0.014113717,0.84073436,0.005676677,0.025823386,0.0078230435,0.08828313,0.019917032,null,null,null,null,"TWOGAUSSIANS",8,2.7559977,0.49131575,0.021474741,0.4,0.0,0.10987251,0.015164951,0.84073436,0.005676677,0.14461097,0.04380904,0.09692111,0.019136257
375316653866487564,6710697838055096448,0.45565683,2338.4559265367816,0.43822890167125145,4.5738765E-5,17.299042,0.13691334,0.3701092,0.026012849,0.023535123,0.075301655,0.121303566,53.22687,0.8605384,0.010296332,0.052298933,0.036841102,0.21813709,0.26124406,0.13489458,0.13312586,0.8605384,0.010296332,"TWOGAUSSIANS_WITH_ELLIPSOIDAL_ON_ECLIPSE2",9,4.645111,0.8605384,0.010296332,0.29287404,0.15967359,0.4879238,0.14303854,0.3692592,0.02519398,0.13179669,0.2982231,0.390202,53.25834
375316653866487564,6710700754335991936,0.5098072,2228.608898545771,3.0107760515613875,2.8567572E-5,16.618708,0.00415901,0.30583066,0.06919193,0.04610316,0.025401713,0.22391991,0.3133447,0.8023094,0.00900246,0.06967734,0.010662123,0.06446101,0.0045694755,null,null,null,null,"TWOGAUSSIANS",8,8.256451,0.30583066,0.06919193,0.2581777,0.1422496,0.223904,0.3133501,0.8023094,0.00900246,0.39019307,0.03002114,0.064445086,0.004548509
375316653866487564,6710704984876693888,0.60160106,2290.031567191758,3.6852611399432544,1.2239613E-5,17.21414,0.016273016,0.19726172,0.0031124225,0.089708984,0.008512408,0.307804,0.013080702,0.6971894,0.011440535,0.09191537,0.010182534,0.2763906,0.02279747,null,null,null,null,"TWOGAUSSIANS",8,6.227965,0.19726172,0.0031124225,0.4,0.0,0.29464236,0.012472071,0.6971894,0.011440535,0.4,0.0,0.26322886,0.017952012
375316653866487564,6710706389330807680,0.5433712,2285.151726247363,0.1306041188352373,4.009777E-5,16.549524,0.0035995562,0.0071161278,0.0032768596,0.032223027,0.006868865,0.10677897,0.06671333,0.71851444,0.0077408655,0.024269048,0.01248977,0.4829185,3.4929817,0.0320936,0.0065607065,0.71851444,0.0077408655,"TWOGAUSSIANS_WITH_ELLIPSOIDAL_ON_ECLIPSE2",9,15.386974,0.71851444,0.0077408655,0.13590667,0.06994271,0.5471057,3.496537,0.009026128,0.003602738,0.18044895,0.038465645,0.11066131,0.066462696
375316653866487564,6710706565428602496,0.5348345,2259.2162024002428,1.4709831626881618,1.4589324E-5,15.362367,0.0018609135,0.21056902,0.0068834014,0.06307929,0.0072860057,0.06368436,0.008512832,0.70103383,0.021268008,0.050983652,0.01651704,0.18564132,0.0629781,null,null,null,null,"TWOGAUSSIANS",8,7.806123,0.70103383,0.021268008,0.28550845,0.09249542,0.18563193,0.06300583,0.21056902,0.0068834014,0.353244,0.04080163,0.06367497,0.008513294
375316653866487564,6710706599784297600,0.54480666,2259.2598967429267,4.22476256526463,1.5807536E-5,18.802166,0.008472337,0.19377856,0.004259986,0.075242214,0.0046342206,0.36031944,0.019814089,0.68449473,0.0058739437,0.07746866,0.008067013,0.4183295,0.033329796,null,null,null,null,"TWOGAUSSIANS",8,3.3500097,0.68449473,0.0058739437,0.4,0.0,0.41534102,0.0344443,0.19377856,0.004259986,0.4,0.0,0.35733095,0.019693721
375316653866487564,6710709069390378624,0.5072317,2236.2335911912915,2.963186328901029,2.4126088E-5,18.53516,0.12968387,0.3146559,0.011272164,0.09487213,0.023056533,0.2996744,0.111008264,0.81340414,0.010581014,0.12565249,0.07424091,0.25299498,0.08927852,null,null,null,null,"TWOGAUSSIANS",8,3.3440976,0.31466588,0.011268119,0.4,0.0,0.2593923,0.011557657,0.81340414,0.010581014,0.4,0.0,0.2125289,0.07422449
375316653866487564,6710711165336850688,0.58646846,2307.8117914272034,0.34077546361429595,2.841359E-5,17.739565,0.00342203,0.47577342,0.05577923,0.030225018,0.042445913,0.011709506,null,0.8111048,0.0055174604,0.009352064,0.0034227492,0.24998766,0.056670513,0.0021395492,0.0041378504,0.47577342,0.05577923,"TWOGAUSSIANS_WITH_ELLIPSOIDAL_ON_ECLIPSE1",9,1.1340895,0.8111147,0.005532077,0.052371554,0.019167395,0.25110438,0.056704774,0.47577342,0.05577923,0.1692601,0.23769711,0.015988603,null
375316653866487564,6710711474572087552,0.5360232,2199.485606279886,1.41290085768197,1.0406814E-5,18.284122,0.01672548,0.23404747,0.047120005,0.040638994,0.02681716,0.08622791,0.060340192,0.71940655,0.0031776608,0.0368321,0.004017516,0.91902715,0.13692588,null,null,null,null,"TWOGAUSSIANS",8,16.423876,0.71940655,0.0031776608,0.20625977,0.02249809,0.91902715,0.13692589,0.23404747,0.047120005,0.22757837,0.1501761,0.08622791,0.060340185
375316653866487564,6710715116712642176,0.5919485,2217.3813964259903,3.9924296395055996,8.733175E-6,19.648922,0.00929416,0.27710277,0.0022233988,0.06390094,0.004382109,0.6670104,0.053515885,0.7753179,0.008119974,0.0593738,0.005990878,0.73766714,0.035986576,null,null,null,null,"TWOGAUSSIANS",8,1.1838012,0.7753179,0.008119974,0.33249328,0.033548918,0.73731387,0.035973728,0.27710277,0.0022233988,0.35784528,0.02453981,0.66665715,0.05370832
375316653866487564,6710715842558712448,0.5872249,2317.87150487588,3.498465085186036,9.689796E-6,16.557125,0.03195316,0.26771283,0.0050357496,0.050750215,0.01575407,0.29881895,0.056072406,0.7793488,0.0027915481,0.051196113,0.0068205837,0.42216164,0.06708285,0.09939091,0.040593643,0.7793488,0.0027915481,"TWOGAUSSIANS_WITH_ELLIPSOIDAL_ON_ECLIPSE2",9,43.891834,0.7793488,0.0027915481,0.28669822,0.038195267,0.62093985,0.023888763,0.26909283,0.0043030083,0.2842012,0.088222794,0.49666238,0.08435853
375316653866487564,6710728001610919168,0.54550844,2277.3385600320657,3.022945449608428,2.0737227E-5,19.367542,0.15343593,0.28464314,0.017096343,0.15890895,0.10609583,0.23198628,0.120018914,0.78730434,0.029093986,0.08525255,0.03465364,0.39122283,0.14647679,null,null,null,null,"TWOGAUSSIANS",8,1.1702955,0.78736436,0.029036382,0.4,0.10322291,0.333195,0.058744352,0.28464314,0.017096343,0.4,0.0,0.17066811,0.05761176
375316653866487564,6710737072582418688,0.55806303,2277.379106440851,3.5265817913056883,3.909194E-5,17.714468,0.02658268,0.21238822,0.010035967,0.052546587,0.007884365,0.43167624,0.036568932,0.70035136,0.011250431,0.032897625,0.03118391,0.32429683,0.5859172,0.08770663,0.021359755,0.70035136,0.011250431,"TWOGAUSSIANS_WITH_ELLIPSOIDAL_ON_ECLIPSE2",9,59.236916,0.21140821,0.00890982,0.2942609,0.04415244,0.6061664,0.03234513,0.70035136,0.011250431,0.1842267,0.1746299,0.49970734,0.584579
375316653866487564,6710742741938259584,0.59939694,2253.366728789923,3.4730473388230827,7.3055044E-6,18.041409,0.019120751,0.3205963,0.023159971,0.06760612,0.017304495,0.5649853,0.07676341,0.8291646,0.002417307,0.07302173,0.0032105127,0.68325657,0.023608461,null,null,null,null,"TWOGAUSSIANS",8,10.521199,0.8291646,0.002417307,0.4,0.0,0.6814549,0.021532807,0.3205963,0.023159971,0.37859428,0.03199954,0.56318367,0.07394288
375316653866487564,6710747109920206848,0.5534861,2293.452127072427,2.7160915853909686,1.7601318E-5,14.413355,0.018749656,0.20353301,0.0050138347,0.09161542,0.012392015,0.2763307,0.015819645,0.71604645,0.011649194,0.08217676,0.013774901,0.29589313,0.02650331,null,null,null,null,"TWOGAUSSIANS",8,289.41232,0.71604645,0.011649194,0.4,0.008158534,0.28852758,0.024283003,0.20353301,0.0050138347,0.4,0.0,0.26896495,0.012352366
375316653866487564,6710761884604332032,0.54647374,2278.790110912018,0.3157601525434391,4.3133987E-5,19.596832,0.029579695,0.21821661,0.008349242,0.0798748,0.010023726,0.4414282,0.03372835,0.72915226,0.0077482476,0.11244861,0.013493379,0.41261896,0.033714376,null,null,null,null,"TWOGAUSSIANS",8,0.8693109,0.21820661,0.008355925,0.4,0.0,0.4170122,0.018644495,0.72915226,0.0077482476,0.4,0.0,0.3881572,0.018341066
375316653866487564,6710762571802764416,0.42498443,2229.2385257912783,2.8631253570817288,4.995985E-5,19.038681,0.042029914,0.4522755,0.04088943,0.17134234,0.07625137,0.11428804,0.04136823,0.84967273,0.0062813694,0.061505135,0.010515286,0.14950274,0.035744116,null,null,null,null,"TWOGAUSSIANS",8,4.055575,0.84967273,0.0062813694,0.34442878,0.0588856,0.14966097,0.035142545,0.4522755,0.04088943,0.4,0.0,0.106449746,0.02598419
375316653866487564,6710764736466162176,0.48607576,2166.7660406417126,1.6837174970188533,1.40685E-5,15.61388,0.001489422,null,null,null,null,null,null,null,null,null,null,null,null,0.034565914,0.0019639619,0.24691291,0.004494776,"ELLIPSOIDAL",4,11.328109,null,null,null,null,null,null,null,null,null,null,null,null
375316653866487564,6710773459544948352,0.6666426,2263.277734936028,2.1725037002558767,4.1601397E-6,11.9348955,0.003987343,0.2716461,0.0016875981,0.085243136,0.0019989868,0.43689698,0.0115985945,0.770265,0.0022039064,0.09359602,0.0026659337,0.36787388,0.006813424,null,null,null,null,"TWOGAUSSIANS",8,69.6949,0.2716461,0.0016875981,0.4,0.0,0.42124537,0.012290928,0.770265,0.0022039064,0.4,0.0,0.35222182,0.0070461105
375316653866487564,6710774043660774016,0.53800535,2280.6811597560886,2.819700799936414,2.8153903E-5,15.611498,0.008429664,0.22054881,0.006947428,0.097079605,0.0135662295,0.06935626,0.0076653957,0.72024786,0.0074811815,0.09748321,0.016104424,0.07386958,0.0074965,null,null,null,null,"TWOGAUSSIANS",8,6.3497705,0.72024786,0.0074811815,0.4,0.0,0.06862178,0.004062457,0.22054881,0.006947428,0.4,0.0,0.064108506,0.003578206
