Gaia/vari_eclipsing_binary/VariEclipsingBinary_764266-764334.csv
# %ECSV 1.0
# ---
# delimiter: ','
# meta: !!omap
# - RELEASE: Gaia DR3
# - TABLE: vari_eclipsing_binary
# - DESCRIPTION: >
#     This table describes the properties of the eclipsing binaries resulting from the variability analysis. 
# - CITATION: >
#     How to cite and acknowledge Gaia: 
#     https://gea.esac.esa.int/archive/documentation/credits.html 
# - KNOWN_ISSUES: >
#     Known issues: 
#     https://www.cosmos.esa.int/web/gaia-users/known-issues 
# - DOCUMENTATION: >
#     Tutorials and documentation: 
#     https://www.cosmos.esa.int/web/gaia-users/archive 
# datatype:
# - 
#   name: solution_id
#   datatype: int64
#   description: Solution Identifier
#   meta:
#     ucd: meta.version
# - 
#   name: source_id
#   datatype: int64
#   description: Unique source identifier
#   meta:
#     ucd: meta.id;meta.main
# - 
#   name: global_ranking
#   datatype: float32
#   description: Number between 0 (worst) and 1 (best)
#   meta:
#     ucd: stat.param
# - 
#   name: reference_time
#   datatype: float64
#   unit: d
#   description: Reference time used for the geometric model fit
#   meta:
#     ucd: time.epoch
# - 
#   name: frequency
#   datatype: float64
#   unit: d**-1
#   description: Frequency of geometric model of the eclipsing binary light curve
#   meta:
#     ucd: src.orbital
# - 
#   name: frequency_error
#   datatype: float32
#   unit: d**-1
#   description: "Uncertainty of \\texttt{frequency}"
#   meta:
#     ucd: stat.error
# - 
#   name: geom_model_reference_level
#   datatype: float32
#   unit: mag
#   description: Magnitude reference level of geometric model
#   meta:
#     ucd: phot.mag;em.opt
# - 
#   name: geom_model_reference_level_error
#   datatype: float32
#   unit: mag
#   description: "Uncertainty of \\texttt{geomModelReferenceLevel}"
#   meta:
#     ucd: stat.error;phot.mag;em.opt
# - 
#   name: geom_model_gaussian1_phase
#   datatype: float32
#   description: Phase of the Gaussian 1 component
#   meta:
#     ucd: time.phase
# - 
#   name: geom_model_gaussian1_phase_error
#   datatype: float32
#   description: "Uncertainty of \\texttt{geomModelGaussian1Phase}"
#   meta:
#     ucd: stat.error;time.phase
# - 
#   name: geom_model_gaussian1_sigma
#   datatype: float32
#   description: "Standard deviation [phase] of Gaussian 1 component"
#   meta:
#     ucd: stat.stdev
# - 
#   name: geom_model_gaussian1_sigma_error
#   datatype: float32
#   description: "Uncertainty of \\texttt{geomModelGaussian1Sigma}"
#   meta:
#     ucd: stat.error
# - 
#   name: geom_model_gaussian1_depth
#   datatype: float32
#   unit: mag
#   description: Magnitude depth of Gaussian 1 component
#   meta:
#     ucd: src.var.amplitude
# - 
#   name: geom_model_gaussian1_depth_error
#   datatype: float32
#   unit: mag
#   description: "Uncertainty of \\texttt{geomModelGaussian1Depth}"
#   meta:
#     ucd: stat.error;src.var.amplitude
# - 
#   name: geom_model_gaussian2_phase
#   datatype: float32
#   description: Phase of Gaussian 2 component
#   meta:
#     ucd: time.phase
# - 
#   name: geom_model_gaussian2_phase_error
#   datatype: float32
#   description: "Uncertainty of \\texttt{geomModelGaussian2Phase}"
#   meta:
#     ucd: stat.error;time.phase
# - 
#   name: geom_model_gaussian2_sigma
#   datatype: float32
[...]
#   datatype: float32
#   description: "Secondary eclipse: uncertainty of \\texttt{derivedSecondaryEclDuration}"
#   meta:
#     ucd: stat.error;time.duration
# - 
#   name: derived_secondary_ecl_depth
#   datatype: float32
#   unit: mag
#   description: "Secondary eclipse: depth"
#   meta:
#     ucd: src.var.amplitude
# - 
#   name: derived_secondary_ecl_depth_error
#   datatype: float32
#   unit: mag
#   description: "Secondary eclipse: uncertainty of \\texttt{derivedSecondaryEclDepth}"
#   meta:
#     ucd: stat.error;src.var.amplitude
solution_id,source_id,global_ranking,reference_time,frequency,frequency_error,geom_model_reference_level,geom_model_reference_level_error,geom_model_gaussian1_phase,geom_model_gaussian1_phase_error,geom_model_gaussian1_sigma,geom_model_gaussian1_sigma_error,geom_model_gaussian1_depth,geom_model_gaussian1_depth_error,geom_model_gaussian2_phase,geom_model_gaussian2_phase_error,geom_model_gaussian2_sigma,geom_model_gaussian2_sigma_error,geom_model_gaussian2_depth,geom_model_gaussian2_depth_error,geom_model_cosine_half_period_amplitude,geom_model_cosine_half_period_amplitude_error,geom_model_cosine_half_period_phase,geom_model_cosine_half_period_phase_error,model_type,num_model_parameters,reduced_chi2,derived_primary_ecl_phase,derived_primary_ecl_phase_error,derived_primary_ecl_duration,derived_primary_ecl_duration_error,derived_primary_ecl_depth,derived_primary_ecl_depth_error,derived_secondary_ecl_phase,derived_secondary_ecl_phase_error,derived_secondary_ecl_duration,derived_secondary_ecl_duration_error,derived_secondary_ecl_depth,derived_secondary_ecl_depth_error
[from data line 443]
375316653866487564,6723094316283224832,0.4737838,2377.1934980256233,0.5071408587415053,2.011671E-6,13.499339,0.009451399,0.10186353,2.9975881E-5,0.0074452977,1.3537522E-4,5.129932,0.2963802,0.45383674,0.013102418,0.06396023,0.011745596,0.21874784,0.07112517,null,null,null,null,"TWOGAUSSIANS",8,1369.946,0.10186353,2.9975881E-5,0.041693665,7.581012E-4,5.129932,0.2963802,0.45383674,0.013102418,0.3581773,0.06577534,0.21874784,0.07112517
375316653866487564,6723095995592713472,0.54849994,2439.5717489498356,3.6081950728993557,8.0511745E-6,19.613186,0.010838765,0.2854363,0.002028578,0.069703385,0.002775992,0.47198507,0.018751774,0.7887555,0.0039832033,0.073333696,0.004690752,0.40137795,0.031052208,null,null,null,null,"TWOGAUSSIANS",8,1.4579971,0.2854363,0.002028578,0.39033893,0.015545554,0.4702071,0.018685104,0.7887555,0.0039832033,0.4,0.00525903,0.3996,0.031254936
375316653866487564,6723096339189319552,0.5056873,2452.4948043951604,3.2302349222184294,2.0338231E-5,17.60014,0.022858422,0.29159072,0.010550316,0.10298741,0.018747253,0.22877994,0.028621217,0.77491015,0.0060430863,0.08649798,0.010560634,0.25866428,0.025154162,null,null,null,null,"TWOGAUSSIANS",8,19.577278,0.77491015,0.0060430863,0.4,0.0,0.24697684,0.019548457,0.29159072,0.010550316,0.4,0.0,0.21708798,0.02827809
375316653866487564,6723096996338382720,0.5135496,2424.5630631426966,3.3200725999353575,1.5620659E-5,17.106373,0.9421735,0.24982032,0.008215581,0.14078537,0.101470426,0.29553318,0.902368,0.7715976,0.012145255,0.13282695,0.06352503,0.31110397,0.7189475,null,null,null,null,"TWOGAUSSIANS",8,13.372168,0.77243763,0.0066964473,0.4,0.0,0.21408547,0.022513498,0.24921033,0.0047343564,0.4,0.0,0.19789645,0.014299387
375316653866487564,6723098679951108480,0.49493256,2395.2486399809177,2.011660602127391,3.9027742E-5,19.195183,0.012712577,0.52995634,0.005655663,0.043152593,0.0059030913,0.26849082,0.02531499,null,null,null,null,null,null,0.078207955,0.012334894,0.52995634,0.005655663,"ONEGAUSSIAN_WITH_ELLIPSOIDAL",6,9.063957,0.52995634,0.005655663,0.24165452,0.03305731,0.42490652,0.026755381,null,null,null,null,null,null
375316653866487564,6723098851749824256,0.42671978,2442.2672788369728,1.3486368674976248,5.020347E-5,17.861303,0.009389061,0.23020646,0.008058008,0.05973962,0.011235419,0.077525295,0.012967655,0.70564884,0.046804886,0.10374414,0.11444165,0.027917787,0.046833385,null,null,null,null,"TWOGAUSSIANS",8,4.190035,0.23020646,0.00805642,0.33454186,0.06291834,0.07708482,0.011809993,0.70564884,0.046804886,0.4,0.3000219,0.027476465,0.047524925
375316653866487564,6723099087968672512,0.5696146,2377.162657991376,2.9547764817174893,1.1804703E-5,17.964315,0.01210421,0.26412883,0.007918486,0.09236278,0.015600685,0.24547039,0.01189162,0.75961834,0.0026283565,0.09525067,0.0062443884,0.27860165,0.0113117825,null,null,null,null,"TWOGAUSSIANS",8,3.445316,0.75961834,0.0026283565,0.4,0.0,0.26452237,0.007838368,0.26412883,0.007918486,0.4,0.0,0.2313915,0.007860035
375316653866487564,6723100226154279552,0.58656704,2380.318784624616,1.2263379265628405,4.1542044E-6,14.378933,0.008272612,0.27453667,0.0014945337,0.09706977,0.0041001188,0.24631241,0.0076820236,0.79635495,0.0027018448,0.09096497,0.0058768643,0.15230589,0.010979789,null,null,null,null,"TWOGAUSSIANS",8,38.863754,0.27453667,0.0014945337,0.4,0.0,0.23804049,0.005206522,0.79635495,0.0027018448,0.4,0.0,0.14403526,0.010431096
375316653866487564,6723102214706721536,0.55594194,2381.899384336358,3.0055874768630764,1.1192511E-5,16.639112,0.01698871,0.19482663,0.0017680441,0.054267053,0.012081573,0.1326077,0.03473894,0.69553113,0.024891155,0.063328415,0.021082627,0.121858485,0.050761156,0.072091915,0.02265552,0.19482663,0.0017680441,"TWOGAUSSIANS_WITH_ELLIPSOIDAL_ON_ECLIPSE1",9,19.67617,0.19482663,0.0017680441,0.3038955,0.06765681,0.2767403,0.02023975,0.69553113,0.024562795,0.35463914,0.091133036,0.26598826,0.03280031
375316653866487564,6723103623455227392,0.63527364,2307.299192141213,1.5763341399404724,1.0294569E-5,11.769131,0.0028455358,0.3127826,0.0024426035,0.051788315,0.009450631,0.15289909,0.006572666,0.81055564,0.0017015387,0.04515482,0.002802942,0.13920592,0.006230507,0.016813504,0.0032809193,0.3127826,0.0024426035,"TWOGAUSSIANS_WITH_ELLIPSOIDAL_ON_ECLIPSE1",9,19.274343,0.3127826,0.0024426035,0.29001456,0.052923538,0.18652463,0.0032748904,0.8106356,0.0016047265,0.25286698,0.015696475,0.17282513,0.0013964709
375316653866487564,6723105959918726784,0.6145175,2382.6151084896396,3.043573438970673,4.8771176E-6,17.607779,0.047060356,0.263101,0.0021408398,0.05320588,0.008192053,0.43475345,0.10638634,0.7567381,0.0025352684,0.06375976,0.007634026,0.52898294,0.09559973,0.05768476,0.05626096,0.263101,0.0021408398,"TWOGAUSSIANS_WITH_ELLIPSOIDAL_ON_ECLIPSE1",9,8.717732,0.75715816,0.0019963677,0.35705465,0.042750545,0.64401466,0.024348717,0.263101,0.0021408398,0.29795295,0.045875497,0.5499575,0.027086254
375316653866487564,6723107098090569856,0.5535969,2332.171194060303,2.912834338325004,1.0763331E-5,18.722015,0.011316731,0.25551313,0.00402849,0.08787512,0.0056011435,0.29934815,0.01415322,0.7686567,0.004706815,0.07980413,0.0047308938,0.3689598,0.030914655,null,null,null,null,"TWOGAUSSIANS",8,2.5081081,0.7686567,0.004706815,0.4,0.0,0.36285475,0.030402625,0.25551313,0.00402849,0.4,0.0,0.293243,0.013035834
375316653866487564,6723108227661083776,0.5626369,2338.2110763292885,1.624998654281053,7.932003E-6,16.799921,0.0033538872,0.19260667,0.0025291778,0.022274036,0.0071669323,0.07319147,0.008038238,0.6930259,0.017578838,0.06251733,0.008581757,0.11271255,0.029039817,0.08731079,0.0053497204,0.19260667,0.0025291778,"TWOGAUSSIANS_WITH_ELLIPSOIDAL_ON_ECLIPSE1",9,7.8672953,0.6930259,0.01237351,0.35009703,0.04805784,0.28729615,0.028637659,0.19260667,0.0025291778,0.1247346,0.04013482,0.24777628,0.006853704
375316653866487564,6723108541199684096,0.4570314,2401.0835062641318,1.2138741970846594,1.1037694E-5,13.95719,0.0024137457,0.11543517,0.07588611,0.050268136,0.05023074,0.010288655,0.015406081,0.7558303,0.002602351,0.016847266,0.0021905305,0.20780417,0.118191324,0.01231414,0.0039559253,0.7558303,0.002602351,"TWOGAUSSIANS_WITH_ELLIPSOIDAL_ON_ECLIPSE2",9,66.183556,0.7558303,0.002602351,0.09434469,0.01226697,0.23243235,0.11798597,0.24673517,0.28271967,0.28150156,0.28129214,0.02488736,0.005625264
375316653866487564,6723112763148466048,0.5683584,2414.4505159881437,3.200458698379064,8.10119E-6,18.551195,0.00799834,0.22778359,0.0037513,0.07459919,0.0046774056,0.30047476,0.018140206,0.7193023,0.0028716256,0.07063323,0.0034871746,0.348338,0.010432797,null,null,null,null,"TWOGAUSSIANS",8,2.5998187,0.7193023,0.0028716256,0.3955461,0.015519386,0.34693232,0.0101608345,0.22778359,0.0037513,0.4,0.0,0.29906905,0.018178202
375316653866487564,6723112797508804992,0.5732959,2388.4246504872476,2.879188792972768,7.5190223E-6,18.209513,0.00592413,0.2660055,0.002309317,0.08972886,0.0038033233,0.25181457,0.006669105,0.7669274,0.0025166175,0.08954045,0.003603954,0.28794396,0.008855858,null,null,null,null,"TWOGAUSSIANS",8,1.635915,0.7669274,0.0025166175,0.4,0.0,0.27708927,0.008843848,0.2660055,0.002309317,0.4,0.0,0.2409599,0.0060579656
375316653866487564,6723113587780745984,0.51710856,2381.25390374916,2.488047018726643,1.3032404E-5,17.613882,0.0015635117,0.2445258,0.0024205742,0.039932456,0.013344862,0.0106053,0.0071341633,null,null,null,null,null,null,0.053434666,0.003887575,0.2445258,0.0024205742,"ONEGAUSSIAN_WITH_ELLIPSOIDAL",6,2.895708,0.2445258,0.0024205742,0.22362174,0.07473122,0.11747462,0.006153584,null,null,null,null,null,null
375316653866487564,6723114382366493440,0.5454945,2393.283892104704,1.4146417211693119,9.445458E-6,15.352593,0.23982745,0.28704962,0.0024797905,0.1525962,0.05289105,0.2398157,0.23055346,0.7904099,0.0030664178,0.14509115,0.04565286,0.24192935,0.22256091,null,null,null,null,"TWOGAUSSIANS",8,12.67437,0.7907099,0.002770454,0.4,0.0,0.12891139,0.0051423595,0.28681964,0.002337614,0.4,0.0,0.12583579,0.0028875705
375316653866487564,6723115241348592384,0.46134472,2370.9628100473055,1.7941873691103443,1.656558E-5,17.451286,0.114419125,0.17291051,0.0102233775,0.114276804,0.03601724,0.1559277,0.08642925,0.686499,0.007189787,0.161038,0.06842177,0.13728812,0.11368632,null,null,null,null,"TWOGAUSSIANS",8,5.2934213,0.17201051,0.009182962,0.4,0.0,0.10864872,0.016685052,0.686579,0.006919029,0.4,0.0,0.08774607,0.0069103255
375316653866487564,6723115481878249728,0.6015402,2415.9787013744713,0.35736447510736175,4.1390713E-6,17.357763,0.002974036,0.10710328,0.0011062179,0.019180313,9.4529055E-4,0.6402431,0.027629176,0.6109932,5.6300155E-4,0.020406809,6.905611E-4,0.47377846,0.0029537922,null,null,null,null,"TWOGAUSSIANS",8,13.425105,0.10710328,0.0011062179,0.10740975,0.005293627,0.6402431,0.027629176,0.6109932,5.6300155E-4,0.11427813,0.0038671421,0.47377846,0.0029537922
375316653866487564,6723116959347000960,0.60596466,2418.775670774349,0.5887883563447595,4.4688964E-5,16.274998,0.0034455014,0.18461123,0.01178654,0.028554855,0.011318993,0.10730717,0.013818179,0.66932994,0.0011586399,0.030276172,0.0011172225,1.3995801,0.09028648,null,null,null,null,"TWOGAUSSIANS",8,48.594845,0.66932994,0.0011586399,0.16954656,0.006256446,1.3995801,0.09028648,0.18461123,0.01178654,0.15990719,0.06338636,0.10730717,0.013818179
375316653866487564,6723118776101230080,0.55940735,2370.719344576204,3.708133982594916,9.474279E-6,18.369505,0.009443659,0.2794908,0.0043613706,0.08517433,0.0054267696,0.45305613,0.020360619,0.7964035,0.0034791615,0.0809186,0.005165744,0.36888453,0.014702306,null,null,null,null,"TWOGAUSSIANS",8,4.075754,0.2794908,0.0043613706,0.4,0.0,0.4465966,0.0205815,0.7964035,0.0034791615,0.4,0.0,0.36242503,0.015366956
375316653866487564,6723119085338421504,0.60893464,2352.131099621078,4.210718825574232,6.3306193E-6,16.092804,0.016418355,0.174804,0.0037868626,0.110967994,0.008587223,0.24479195,0.015728422,0.6855335,0.0017513223,0.107821845,0.0075903656,0.26595116,0.011910666,null,null,null,null,"TWOGAUSSIANS",8,9.990507,0.68554354,0.001751022,0.4,0.0,0.23254387,0.006629444,0.174794,0.003789834,0.4,0.0,0.21137635,0.0033293732
375316653866487564,6723119188418073600,0.5403615,2366.9929843758937,3.5236001967172825,8.9578825E-6,17.991726,0.012591232,0.20793875,0.003096514,0.091080844,0.0059871315,0.320581,0.017688407,0.7133967,0.0025170052,0.08981472,0.0046907794,0.31045994,0.014463072,null,null,null,null,"TWOGAUSSIANS",8,4.1018324,0.20793875,0.003096514,0.4,0.0,0.30785578,0.017384328,0.7133967,0.0025170052,0.4,0.0,0.29773483,0.012453403
375316653866487564,6723119261439053440,0.54130363,2368.792875141518,4.47724549923209,2.31004E-5,19.482746,0.0086559905,0.2137639,0.00867266,0.07180203,0.0055364114,0.3238455,0.022025688,0.703245,0.0037947258,0.06683115,0.005258446,0.49754065,0.034340166,null,null,null,null,"TWOGAUSSIANS",8,2.3560832,0.703245,0.0037947258,0.37425444,0.029447298,0.4966384,0.03470765,0.2137639,0.00867266,0.4,0.016981738,0.32294327,0.021398582
375316653866487564,6723122456894891392,0.56187665,2362.4462505709125,3.6677061188740656,7.250008E-6,19.377178,0.008010533,0.18300875,0.0019298199,0.058163535,0.0024380246,0.5220034,0.019403165,0.6816794,0.002020648,0.053886484,0.0026912848,0.6014433,0.05779895,null,null,null,null,"TWOGAUSSIANS",8,1.7389321,0.6816794,0.002020648,0.3017643,0.015071195,0.60139304,0.05781705,0.18300875,0.0019298199,0.32571578,0.013652938,0.52195317,0.0194087
375316653866487564,6723126648793259392,0.5859239,2397.1584541303064,0.8894602228403002,4.5076463E-6,16.812847,0.0016505423,0.23003696,0.016570074,0.039451443,0.01949228,0.06924465,0.009921175,0.715328,0.00321076,0.049013708,0.0015435687,0.39653,0.02747521,null,null,null,null,"TWOGAUSSIANS",8,3.4987829,0.715328,0.00321076,0.27447677,0.008643985,0.39652997,0.027475357,0.23003696,0.016570074,0.22092807,0.109156765,0.06924464,0.0099240225
375316653866487564,6723126781919094016,0.64133936,2397.5980370461866,1.345158057697374,4.6368586E-6,17.17207,0.0042298613,0.29324615,6.4672215E-4,0.03951234,9.485691E-4,0.5567798,0.011768026,0.78597015,0.044993237,0.040017117,0.024475325,0.19324647,1.0802898,0.0020925563,0.0052558775,0.29324615,6.4672215E-4,"TWOGAUSSIANS_WITH_ELLIPSOIDAL_ON_ECLIPSE1",9,4.5059075,0.29324615,6.4672215E-4,0.2212691,0.005311987,0.5609649,0.008916433,0.7859902,0.04497084,0.22409585,0.13706182,0.19742286,1.0816264
375316653866487564,6723131218628126208,0.52835476,2402.8947972426436,3.744224652724037,2.7189477E-5,18.449968,0.009403502,0.2644194,0.003859281,0.06899731,0.0076756612,0.19925186,0.014902651,0.7684749,0.00545265,0.075184606,0.0109594995,0.18899722,0.019397229,null,null,null,null,"TWOGAUSSIANS",8,2.6126394,0.2644194,0.003859281,0.38638493,0.042983703,0.19839266,0.014865386,0.7684749,0.00545265,0.4,0.008641994,0.18813802,0.019917903
375316653866487564,6723131665304631936,0.46101794,2412.565900972991,4.270656170737811,2.199636E-5,18.817503,0.013854726,0.2692963,0.0062507377,0.090671405,0.011712878,0.21622089,0.019525804,0.77029014,0.0073388102,0.08310725,0.011658051,0.24686943,0.022540092,null,null,null,null,"TWOGAUSSIANS",8,4.806663,0.77029014,0.0073388102,0.4,0.0,0.23965946,0.023373222,0.2692963,0.0062507377,0.4,0.0,0.20901082,0.019801445
375316653866487564,6723132352510116992,0.58892494,2393.088707882801,4.074594902690902,5.7160987E-6,17.226807,0.020735107,0.2676261,0.0039868243,0.056367796,0.007673863,0.28821456,0.043372568,0.75105166,0.003098788,0.066968,0.011487119,0.21492451,0.03549501,0.063467115,0.023315242,0.75105166,0.003098788,"TWOGAUSSIANS_WITH_ELLIPSOIDAL_ON_ECLIPSE2",9,12.510456,0.2659861,0.003495697,0.31565967,0.04297363,0.4137117,0.023451036,0.75105166,0.003098788,0.3750208,0.055632092,0.341658,0.017903967
375316653866487564,6723134551523212032,0.4332943,2488.0356318598633,0.45092057752369347,7.695539E-6,19.253595,0.017322326,0.21236446,0.004294573,0.031465918,0.0035205001,0.5044895,0.07418584,0.9254201,1.7730332E-6,0.0045892107,3.248387E-4,0.15549769,0.017157966,null,null,null,null,"TWOGAUSSIANS",8,5.9346147,0.21236446,0.004294573,0.17620914,0.0197148,0.5044895,0.07418584,0.9254201,1.7730332E-6,0.02569958,0.0018190967,0.15549769,0.017157966
375316653866487564,6723137227278751488,0.5700898,2409.409291310421,0.7028902868555507,1.2761413E-4,18.66561,0.0036487188,0.512343,0.06091816,0.05587614,0.038507707,0.016594233,0.007948463,0.7367872,0.0033447598,0.022832496,0.002313148,0.5728868,0.044488933,0.010605246,0.004320893,0.7367872,0.0033447598,"TWOGAUSSIANS_WITH_ELLIPSOIDAL_ON_ECLIPSE2",9,2.048318,0.7367872,0.0033447598,0.12786198,0.012953629,0.5941025,0.044888902,0.523843,0.08879843,0.31290638,0.21564315,0.017375614,0.009339606
375316653866487564,6723137815708982144,0.61573434,2413.045000309951,4.0391674536540965,1.1259419E-5,15.602792,0.01911485,0.3127099,0.0020840336,0.038563225,0.003577207,0.568128,0.043025758,0.81269985,0.005552981,0.04553355,0.009116252,0.57096255,0.15392682,0.16235591,0.02516514,0.3127099,0.0020840336,"TWOGAUSSIANS_WITH_ELLIPSOIDAL_ON_ECLIPSE1",9,168.31741,0.81269985,0.005040592,0.2549879,0.05105101,0.89567393,0.17746554,0.3127099,0.0020840336,0.21595407,0.02003236,0.8928394,0.015310485
375316653866487564,6723137953147947520,0.61332715,2396.9799503551735,1.2234385496302462,4.0597424E-6,16.073715,0.0043762843,0.26557627,0.0019150958,0.09596462,0.0025283168,0.269923,0.0055253315,0.76998276,0.0012189077,0.08709162,0.002311102,0.3096484,0.0067798784,null,null,null,null,"TWOGAUSSIANS",8,8.007837,0.76998276,0.0012189077,0.4,0.0,0.2967381,0.007139502,0.26557627,0.0019150958,0.4,0.0,0.25701204,0.0046962276
