Gaia/vari_eclipsing_binary/VariEclipsingBinary_231047-231071.csv
# %ECSV 1.0
# ---
# delimiter: ','
# meta: !!omap
# - RELEASE: Gaia DR3
# - TABLE: vari_eclipsing_binary
# - DESCRIPTION: >
#     This table describes the properties of the eclipsing binaries resulting from the variability analysis. 
# - CITATION: >
#     How to cite and acknowledge Gaia: 
#     https://gea.esac.esa.int/archive/documentation/credits.html 
# - KNOWN_ISSUES: >
#     Known issues: 
#     https://www.cosmos.esa.int/web/gaia-users/known-issues 
# - DOCUMENTATION: >
#     Tutorials and documentation: 
#     https://www.cosmos.esa.int/web/gaia-users/archive 
# datatype:
# - 
#   name: solution_id
#   datatype: int64
#   description: Solution Identifier
#   meta:
#     ucd: meta.version
# - 
#   name: source_id
#   datatype: int64
#   description: Unique source identifier
#   meta:
#     ucd: meta.id;meta.main
# - 
#   name: global_ranking
#   datatype: float32
#   description: Number between 0 (worst) and 1 (best)
#   meta:
#     ucd: stat.param
# - 
#   name: reference_time
#   datatype: float64
#   unit: d
#   description: Reference time used for the geometric model fit
#   meta:
#     ucd: time.epoch
# - 
#   name: frequency
#   datatype: float64
#   unit: d**-1
#   description: Frequency of geometric model of the eclipsing binary light curve
#   meta:
#     ucd: src.orbital
# - 
#   name: frequency_error
#   datatype: float32
#   unit: d**-1
#   description: "Uncertainty of \\texttt{frequency}"
#   meta:
#     ucd: stat.error
# - 
#   name: geom_model_reference_level
#   datatype: float32
#   unit: mag
#   description: Magnitude reference level of geometric model
#   meta:
#     ucd: phot.mag;em.opt
# - 
#   name: geom_model_reference_level_error
#   datatype: float32
#   unit: mag
#   description: "Uncertainty of \\texttt{geomModelReferenceLevel}"
#   meta:
#     ucd: stat.error;phot.mag;em.opt
# - 
#   name: geom_model_gaussian1_phase
#   datatype: float32
#   description: Phase of the Gaussian 1 component
#   meta:
#     ucd: time.phase
# - 
#   name: geom_model_gaussian1_phase_error
#   datatype: float32
#   description: "Uncertainty of \\texttt{geomModelGaussian1Phase}"
#   meta:
#     ucd: stat.error;time.phase
# - 
#   name: geom_model_gaussian1_sigma
#   datatype: float32
#   description: "Standard deviation [phase] of Gaussian 1 component"
#   meta:
#     ucd: stat.stdev
# - 
#   name: geom_model_gaussian1_sigma_error
#   datatype: float32
#   description: "Uncertainty of \\texttt{geomModelGaussian1Sigma}"
#   meta:
#     ucd: stat.error
# - 
#   name: geom_model_gaussian1_depth
#   datatype: float32
#   unit: mag
#   description: Magnitude depth of Gaussian 1 component
#   meta:
#     ucd: src.var.amplitude
# - 
#   name: geom_model_gaussian1_depth_error
#   datatype: float32
#   unit: mag
#   description: "Uncertainty of \\texttt{geomModelGaussian1Depth}"
#   meta:
#     ucd: stat.error;src.var.amplitude
# - 
#   name: geom_model_gaussian2_phase
#   datatype: float32
#   description: Phase of Gaussian 2 component
#   meta:
#     ucd: time.phase
# - 
#   name: geom_model_gaussian2_phase_error
#   datatype: float32
#   description: "Uncertainty of \\texttt{geomModelGaussian2Phase}"
#   meta:
#     ucd: stat.error;time.phase
# - 
#   name: geom_model_gaussian2_sigma
#   datatype: float32
[...]
#   datatype: float32
#   description: "Secondary eclipse: uncertainty of \\texttt{derivedSecondaryEclDuration}"
#   meta:
#     ucd: stat.error;time.duration
# - 
#   name: derived_secondary_ecl_depth
#   datatype: float32
#   unit: mag
#   description: "Secondary eclipse: depth"
#   meta:
#     ucd: src.var.amplitude
# - 
#   name: derived_secondary_ecl_depth_error
#   datatype: float32
#   unit: mag
#   description: "Secondary eclipse: uncertainty of \\texttt{derivedSecondaryEclDepth}"
#   meta:
#     ucd: stat.error;src.var.amplitude
solution_id,source_id,global_ranking,reference_time,frequency,frequency_error,geom_model_reference_level,geom_model_reference_level_error,geom_model_gaussian1_phase,geom_model_gaussian1_phase_error,geom_model_gaussian1_sigma,geom_model_gaussian1_sigma_error,geom_model_gaussian1_depth,geom_model_gaussian1_depth_error,geom_model_gaussian2_phase,geom_model_gaussian2_phase_error,geom_model_gaussian2_sigma,geom_model_gaussian2_sigma_error,geom_model_gaussian2_depth,geom_model_gaussian2_depth_error,geom_model_cosine_half_period_amplitude,geom_model_cosine_half_period_amplitude_error,geom_model_cosine_half_period_phase,geom_model_cosine_half_period_phase_error,model_type,num_model_parameters,reduced_chi2,derived_primary_ecl_phase,derived_primary_ecl_phase_error,derived_primary_ecl_duration,derived_primary_ecl_duration_error,derived_primary_ecl_depth,derived_primary_ecl_depth_error,derived_secondary_ecl_phase,derived_secondary_ecl_phase_error,derived_secondary_ecl_duration,derived_secondary_ecl_duration_error,derived_secondary_ecl_depth,derived_secondary_ecl_depth_error
[from data line 37]
375316653866487564,2032324923284633472,0.5779462,2237.326596379192,2.3756556273950977,1.0442514E-5,18.973663,0.015001545,0.20793262,0.0061307796,0.07969711,0.008515093,0.45328337,0.010704092,0.7041555,0.0015787133,0.08107649,0.0039303754,0.43202808,0.013027841,null,null,null,null,"TWOGAUSSIANS",8,1.8179269,0.20793262,0.0061307796,0.4,0.0,0.4467551,0.008234857,0.7041555,0.0015787133,0.4,0.0,0.4254998,0.0101364935
375316653866487564,2032325095078816256,0.44433472,2242.033162775446,0.8545219717250976,7.045341E-5,19.043806,0.018654926,0.1957935,0.015352371,0.09309849,0.024017802,0.14869693,0.027307384,0.7097122,0.013563284,0.066384204,0.014653413,0.17716064,0.031221086,null,null,null,null,"TWOGAUSSIANS",8,8.09828,0.7097122,0.013563284,0.37175155,0.08205911,0.17541243,0.029730955,0.1957935,0.015352371,0.4,0.0,0.14694852,0.027512742
375316653866487564,2032325374302416512,0.62780684,2236.4535507336627,2.1381173067931902,3.8876383E-6,15.201179,0.00540831,0.18592846,0.0011388764,0.09727857,0.0031663643,0.3158943,0.0060463767,0.6900565,0.001034564,0.09237746,0.0024435616,0.34362927,0.005825138,null,null,null,null,"TWOGAUSSIANS",8,24.713844,0.6900565,0.001034564,0.4,0.0,0.3244084,0.0057618553,0.18592846,0.0011388764,0.4,0.0,0.29667258,0.0070978333
375316653866487564,2032327534620628352,0.6115884,2242.0629213041348,2.026500182321872,4.5971647E-6,17.879663,0.0035607829,0.22384408,0.0013456042,0.07674861,0.0016461625,0.48150954,0.0074483673,0.72220623,0.0020257996,0.07619193,0.0026748963,0.4677479,0.014198381,null,null,null,null,"TWOGAUSSIANS",8,4.539871,0.22384408,0.0013456042,0.4,0.0,0.47713158,0.007477934,0.72220623,0.0020257996,0.4,0.0,0.46336994,0.014679388
375316653866487564,2032328221830353536,0.4988875,2248.9536383333757,3.0867055266308134,2.666388E-5,19.674864,0.014947426,0.27822754,0.009497268,0.056536302,0.009033725,0.68645644,0.14739518,0.7610481,0.01048904,0.05531728,0.008932331,0.48618513,0.05040583,null,null,null,null,"TWOGAUSSIANS",8,8.058981,0.27822754,0.009497268,0.31660327,0.05058886,0.6864301,0.14744131,0.7610481,0.01048904,0.30977675,0.050021052,0.48615876,0.050402556
375316653866487564,2032328290535366400,0.58205146,2224.6060800437713,0.24106648544573242,6.116681E-5,16.483023,0.0012795373,0.36159575,4.9279588E-5,0.0120463865,1.5271873E-4,0.4265239,0.0060376553,0.80809236,0.015796911,0.041201476,0.0072426354,0.0073397276,0.0020634793,null,null,null,null,"TWOGAUSSIANS",8,2.7280796,0.36159575,4.9279588E-5,0.06745976,8.552249E-4,0.4265239,0.0060376553,0.80809236,0.015796911,0.23072827,0.04055876,0.0073397276,0.0020634793
375316653866487564,2032328294852108416,0.4274146,2202.2928547482643,1.993088678110681,2.549159E-5,18.550556,0.16368681,0.25330836,0.0698028,0.14188026,0.17547968,0.08209942,0.15382923,0.7927917,0.009849586,0.071004786,0.031061176,0.23816764,0.0444499,null,null,null,null,"TWOGAUSSIANS",8,12.873639,0.7929617,0.007186729,0.3976268,0.10081803,0.23021725,0.031123145,0.25330836,0.06980435,0.4,0.0,0.07366551,0.035702053
375316653866487564,2032328741532722944,0.50264806,2252.6161101622943,2.443775581758441,1.4429568E-5,16.312672,0.22333328,0.20816408,0.0063769277,0.13453904,0.05151422,0.28145778,0.21132745,0.7168214,0.004564776,0.13059536,0.049724434,0.26035094,0.21010971,null,null,null,null,"TWOGAUSSIANS",8,27.96145,0.20800409,0.005953362,0.4,0.0,0.19582112,0.018546073,0.7170514,0.004136111,0.4,0.0,0.17494158,0.008988907
375316653866487564,2032328810276622336,0.58460003,2248.6991178612175,3.6147308704093164,1.1293739E-5,18.14828,0.012744233,0.25111777,0.0018445746,0.08899069,0.0048202835,0.3135618,0.011486446,0.7528143,0.005198152,0.09112955,0.006150435,0.27270046,0.013833707,null,null,null,null,"TWOGAUSSIANS",8,3.8515415,0.25111777,0.0018445746,0.4,0.0,0.30148897,0.0076376023,0.7528143,0.005198152,0.4,0.0,0.26062754,0.009833819
375316653866487564,2032329596224981760,0.557585,2236.007430619975,2.8199901740676063,6.494852E-6,19.741434,0.01865503,0.20836182,0.0042494866,0.037236247,0.007807517,0.42823386,0.052103203,0.71213335,0.0047002,0.053657405,0.006294113,0.31646717,0.041059326,0.11291902,0.025265083,0.20836182,0.0042494866,"TWOGAUSSIANS_WITH_ELLIPSOIDAL_ON_ECLIPSE1",9,1.7029693,0.20836182,0.0042494866,0.20852299,0.043722097,0.65406734,0.052010197,0.71213335,0.0046444554,0.30048147,0.035247035,0.54217386,0.018702764
375316653866487564,2032329974177430272,0.5236252,2218.6988025233154,1.939718550694153,6.200347E-5,18.769943,0.009166599,0.31934014,0.073412955,0.05769274,0.0552082,0.03021385,0.011795847,0.55417943,0.001304471,0.020364648,0.0017562539,0.9849548,0.09238575,null,null,null,null,"TWOGAUSSIANS",8,10.804118,0.55417943,0.001304471,0.11404203,0.009835022,0.9849624,0.09239428,0.31934014,0.073412955,0.32307935,0.30493602,0.03021385,0.011795847
375316653866487564,2032330047227313536,0.55901116,2247.5123483775833,2.8516037134341894,8.870915E-6,17.562807,0.014084451,0.18956651,0.0025286947,0.09675444,0.0064457865,0.19364634,0.013933026,0.7029668,0.003904563,0.10048032,0.007982767,0.24465136,0.013582699,null,null,null,null,"TWOGAUSSIANS",8,3.3621502,0.7029668,0.003904563,0.4,0.0,0.22992724,0.0066072755,0.18956651,0.0025341434,0.4,0.0,0.17892393,0.0072811493
375316653866487564,2032330665702581120,0.51749176,2232.303680609375,4.557217385535417,3.063719E-5,17.553406,0.012725406,0.26028767,0.012816268,0.030788876,0.008761738,0.04826354,0.027795264,0.5739961,0.0066847224,0.14619207,0.008958331,0.35876092,0.018330846,null,null,null,null,"TWOGAUSSIANS",8,33.829338,0.5739961,0.0066847224,0.4,0.0,0.35669193,0.01840741,0.2733877,0.019005511,0.1724177,0.04906574,0.08533932,0.026993215
375316653866487564,2032331211113322880,0.54382825,2220.5934473097204,1.1561472774804133,8.424622E-6,18.16272,0.0048219394,0.27052695,0.0033856463,0.018501813,0.0041820807,0.7575492,0.38142562,0.7672367,0.0019547052,0.018871138,0.0013076052,0.40248838,0.02953129,null,null,null,null,"TWOGAUSSIANS",8,9.877867,0.27052695,0.0033856463,0.10361014,0.02341965,0.7575492,0.38142562,0.7672367,0.0019547052,0.10567838,0.007322589,0.40248838,0.02953129
375316653866487564,2032331211113382784,0.5400834,2240.3122403179714,0.020798830659881435,7.538502E-5,18.062176,0.0024488964,0.15365113,0.005008534,0.020325556,0.009538444,0.08473934,0.059679225,0.53972477,0.0016287937,0.021764921,0.0010756068,0.37250262,0.02077189,null,null,null,null,"TWOGAUSSIANS",8,2.8459551,0.53972477,0.0016287937,0.121883556,0.006023398,0.37250262,0.02077189,0.15365113,0.005008534,0.113823116,0.053415284,0.08473934,0.059679225
375316653866487564,2032331696494542336,0.5717725,2260.369906414034,3.693955473482553,8.882214E-6,18.577076,0.0065455358,0.28019953,0.0026429254,0.0520439,0.0057964125,0.15579334,0.017028129,0.77589285,0.0029264516,0.034537323,0.004119172,0.15932427,0.015485778,0.10288681,0.008638577,0.28019953,0.0026429254,"TWOGAUSSIANS_WITH_ELLIPSOIDAL_ON_ECLIPSE1",9,2.3544817,0.77636284,0.0025436422,0.19340901,0.023067364,0.36496186,0.011395861,0.28019953,0.0026429254,0.29144585,0.03245991,0.36156523,0.0100358585
375316653866487564,2032332070111006208,0.60383445,2249.308711274947,3.028579633119907,4.071488E-6,19.055485,0.008937788,0.2992253,0.0020476044,0.068957,0.002093679,0.6323486,0.0123133585,0.7984999,0.0018646604,0.06743436,0.003015183,0.56394166,0.017809188,null,null,null,null,"TWOGAUSSIANS",8,2.0314078,0.2992253,0.0020476044,0.3861592,0.011724603,0.630934,0.012057964,0.7984999,0.0018646604,0.37763244,0.016885024,0.56252706,0.017961645
375316653866487564,2032332418049149568,0.5433811,2243.672959120842,0.19618500285783272,6.7562432E-6,15.850252,9.970802E-4,0.5250112,5.607258E-6,0.003851679,3.4770863E-5,0.98152006,0.02539391,0.7896459,0.0135866515,0.05339639,0.005073079,0.04083338,0.0068677654,null,null,null,null,"TWOGAUSSIANS",8,8.3539505,0.5250112,5.607258E-6,0.021569401,1.9471683E-4,0.98152024,0.025393646,0.7896459,0.0135866515,0.29901978,0.028409243,0.04083338,0.0068677654
375316653866487564,2032332486768590080,0.65906006,2263.363883518748,1.6811779793521027,3.0532049E-6,17.306726,0.0035404295,0.2615452,0.003586573,0.037703764,0.009008029,0.052238494,0.0419185,0.75799143,9.0487226E-4,0.046722177,0.0012954266,0.40228215,0.010359468,0.028391931,0.0065885196,0.2615452,0.003586573,"TWOGAUSSIANS_WITH_ELLIPSOIDAL_ON_ECLIPSE1",9,2.9155228,0.7580714,8.7584107E-4,0.2616442,0.007254389,0.459038,0.0076024863,0.2615452,0.003586573,0.21114106,0.050444957,0.10902199,0.041846514
375316653866487564,2032332555488105472,0.6639935,2225.1629816252275,2.02996003660227,2.7467706E-6,16.676191,0.018420897,0.19329606,9.778488E-4,0.065690495,0.004879216,0.29168403,0.038168594,0.6913544,0.0013636791,0.068191685,0.00550162,0.2345723,0.036551476,0.10420355,0.019806895,0.19329606,9.778488E-4,"TWOGAUSSIANS_WITH_ELLIPSOIDAL_ON_ECLIPSE1",9,5.922848,0.19329606,9.778488E-4,0.36786675,0.027323611,0.4996258,0.009459559,0.6918344,9.539141E-4,0.38187343,0.030809073,0.44249067,0.006818951
375316653866487564,2032332894740024704,0.58589464,2232.8684348374345,3.3110083920829143,9.790121E-6,16.959208,0.00932546,0.24574518,0.0022904738,0.038384184,0.008796446,0.13118997,0.019142993,0.7468846,0.009052207,0.04306861,0.0100614745,0.23625046,0.039789237,0.11489555,0.011951533,0.24574518,0.0022904738,"TWOGAUSSIANS_WITH_ELLIPSOIDAL_ON_ECLIPSE1",9,14.5746,0.7468846,0.007935544,0.2411842,0.05634426,0.46602923,0.042334728,0.24574518,0.0022904738,0.21495143,0.0492601,0.3609805,0.015698541
375316653866487564,2032333758053857664,0.47307158,2237.3339095519596,2.81895094702641,2.6925181E-5,17.373768,0.085699566,0.22823639,0.007988582,0.015421118,0.054530784,0.20690742,0.067115754,0.7159976,0.0058619105,0.03555218,0.038734656,0.18622163,0.13818905,0.1177325,0.106504805,0.22823639,0.007988582,"TWOGAUSSIANS_WITH_ELLIPSOIDAL_ON_ECLIPSE1",9,27.479053,0.22823639,0.007988582,0.08635826,0.3053724,0.44237188,0.15699846,0.7173676,0.0049691587,0.19909222,0.2035803,0.42045146,0.07820487
375316653866487564,2032334136036338176,0.56854755,2263.6971590397093,2.3860227577508915,7.339563E-6,15.965612,0.008831198,0.20204908,0.002056749,0.09556397,0.004550882,0.25688916,0.008598472,0.70617974,0.0025306726,0.09096372,0.0041787233,0.2758702,0.0098281,null,null,null,null,"TWOGAUSSIANS",8,24.075178,0.70617974,0.0025306726,0.4,0.0,0.26208395,0.008090919,0.20204908,0.002056749,0.4,0.0,0.24310248,0.0063292016
375316653866487564,2032334307810125056,0.49294254,2242.8045218858583,1.86352695525582,1.6563772E-5,17.079906,0.012162406,0.2396624,0.0070091,0.09620529,0.018433927,0.06264488,0.011457363,0.7301821,0.012090338,0.08454846,0.01865935,0.11821385,0.011783581,null,null,null,null,"TWOGAUSSIANS",8,4.5373755,0.7301821,0.012090338,0.4,0.0,0.115078226,0.0069401725,0.2396624,0.0070080673,0.4,0.0,0.05950907,0.005437181
375316653866487564,2032334406569226752,0.55151844,2252.083022092524,2.320527736513173,9.219147E-6,17.62627,0.009102314,0.18784699,0.007335827,0.08630797,0.0091845915,0.19786806,0.012005903,0.6856426,0.005800521,0.09663972,0.00774822,0.19740286,0.010077597,null,null,null,null,"TWOGAUSSIANS",8,4.3674555,0.18784699,0.007335827,0.4,0.0,0.18875323,0.010034031,0.6856426,0.005800521,0.4,0.0,0.18828744,0.005899692
375316653866487564,2032335128123840384,0.43180475,2223.958883750891,0.4118417729736128,3.720306E-5,18.349487,0.003956997,0.15270182,0.006334353,0.015703999,0.009729695,0.13109994,0.037872996,0.6586846,0.019093351,0.050327193,0.01685712,0.09819804,0.18405762,null,null,null,null,"TWOGAUSSIANS",8,5.5219097,0.15270182,0.006334353,0.087942384,0.05448629,0.13109994,0.037872996,0.6586846,0.019093351,0.28183228,0.09439986,0.09819804,0.18405762
375316653866487564,2032336124560668672,0.43672645,2263.7108207953834,0.09618531173364739,2.9123077E-5,19.11107,0.026444115,0.2517807,0.010635787,0.096692,0.04642783,0.19672406,0.05720599,0.76913285,0.0046919594,0.0688739,0.009026238,0.23593298,0.02790465,null,null,null,null,"TWOGAUSSIANS",8,4.824847,0.76913285,0.0046914956,0.38569382,0.045112062,0.2327737,0.022230832,0.2517807,0.010635787,0.4,0.0,0.19356391,0.06975476
375316653866487564,2032336403754334720,0.4462922,2219.5782807106834,2.2169124637612008,4.1902673E-5,18.985682,0.005651515,null,null,null,null,null,null,null,null,null,null,null,null,0.06057467,0.0051386124,0.20171688,0.011010236,"ELLIPSOIDAL",4,3.741407,null,null,null,null,null,null,null,null,null,null,null,null
375316653866487564,2032336575552795648,0.4928727,2270.54571515174,4.576173214333919,3.1787276E-5,18.15671,0.014493131,0.22041108,0.0066422983,0.08169714,0.013360274,0.101905435,0.013701845,0.7116505,0.012680126,0.11614427,0.044456005,0.05725645,0.008590698,null,null,null,null,"TWOGAUSSIANS",8,1.6850233,0.22042108,0.006624148,0.4,0.0,0.09676652,0.0065897843,0.7116505,0.012680126,0.4,0.0,0.05210616,0.008032171
375316653866487564,2032336919175068032,0.4846394,2246.729583484846,3.035680375779788,1.760623E-5,19.827688,0.017526893,0.2344673,0.0066844174,0.06424047,0.011994291,0.3557853,0.045459494,0.72867316,0.0038690013,0.06951279,0.0053623877,0.32980222,0.024257358,null,null,null,null,"TWOGAUSSIANS",8,2.8965251,0.2344673,0.0066844174,0.35974663,0.065252796,0.355249,0.04603567,0.72867316,0.0038690013,0.38927165,0.02542696,0.32926586,0.023759643
375316653866487564,2032336953509581696,0.5455992,2231.804320738679,2.315589776621609,9.122706E-6,18.634274,0.008741565,0.21533023,0.0033158357,0.086196914,0.0058752275,0.2959437,0.014772236,0.7129791,0.002793197,0.08368227,0.0036151626,0.3034356,0.010424312,null,null,null,null,"TWOGAUSSIANS",8,2.4344263,0.7129791,0.002793197,0.4,0.0,0.2958724,0.009276961,0.21533023,0.0033158357,0.4,0.0,0.28838047,0.015308471
375316653866487564,2032338534083495808,0.5582257,2251.3728564135326,0.8349354593981934,5.329331E-6,14.274407,0.0018434658,0.3412427,0.0019419235,0.04268212,0.002383224,0.15666683,0.0050836382,0.8238652,0.003606378,0.02491661,0.004939817,0.03446226,0.009258657,0.0060217874,0.002890403,0.3412427,0.0019419235,"TWOGAUSSIANS_WITH_ELLIPSOIDAL_ON_ECLIPSE1",9,29.513418,0.3412427,0.0019419235,0.23901986,0.013346054,0.16871038,0.0046290336,0.8241552,0.0034968082,0.13953301,0.027662976,0.04636519,0.0076405057
375316653866487564,2032338705882198656,0.6437695,2234.9689041508577,2.7521379489331306,5.1636503E-6,16.968622,0.027298352,0.26830423,0.0013494004,0.06462895,0.0069546886,0.28837082,0.055352494,0.7656406,0.002261371,0.061451755,0.0070694787,0.34961718,0.051402256,0.09427937,0.030789755,0.26830423,0.0013494004,"TWOGAUSSIANS_WITH_ELLIPSOIDAL_ON_ECLIPSE1",9,9.8601885,0.76601064,0.0019140594,0.34412983,0.03958908,0.53789407,0.014858478,0.26830423,0.0013494004,0.36192214,0.038946256,0.47669324,0.01269947
375316653866487564,2032339904131316992,0.5454451,2294.976226269646,0.11498043612684342,2.762238E-5,18.370865,0.0031317514,0.6995504,9.43253E-5,0.014489434,2.301013E-4,0.42509946,0.003395237,0.12007723,0.14994669,0.0897701,0.1380004,0.010888637,0.109707795,null,null,null,null,"TWOGAUSSIANS",8,2.0261512,0.6995504,9.43253E-5,0.08114083,0.0012885673,0.42509964,0.0034059894,0.12007723,0.14994669,0.4,0.5385634,0.0108886305,0.10970804
375316653866487564,2032340110307173120,0.48737282,2259.834223499735,3.781958338311721,2.34975E-5,19.484137,0.015153806,0.21719477,0.0056421948,0.078446984,0.0102776075,0.30240467,0.02793962,0.71237063,0.010503271,0.07630797,0.01242891,0.2837322,0.02512612,null,null,null,null,"TWOGAUSSIANS",8,2.7222395,0.21719477,0.0056421948,0.4,5.3882296E-4,0.29953906,0.028840732,0.71237063,0.010503271,0.4,0.0029412766,0.2808666,0.02432016
