Gaia/vari_eclipsing_binary/VariEclipsingBinary_673339-673391.csv
# %ECSV 1.0
# ---
# delimiter: ','
# meta: !!omap
# - RELEASE: Gaia DR3
# - TABLE: vari_eclipsing_binary
# - DESCRIPTION: >
#     This table describes the properties of the eclipsing binaries resulting from the variability analysis. 
# - CITATION: >
#     How to cite and acknowledge Gaia: 
#     https://gea.esac.esa.int/archive/documentation/credits.html 
# - KNOWN_ISSUES: >
#     Known issues: 
#     https://www.cosmos.esa.int/web/gaia-users/known-issues 
# - DOCUMENTATION: >
#     Tutorials and documentation: 
#     https://www.cosmos.esa.int/web/gaia-users/archive 
# datatype:
# - 
#   name: solution_id
#   datatype: int64
#   description: Solution Identifier
#   meta:
#     ucd: meta.version
# - 
#   name: source_id
#   datatype: int64
#   description: Unique source identifier
#   meta:
#     ucd: meta.id;meta.main
# - 
#   name: global_ranking
#   datatype: float32
#   description: Number between 0 (worst) and 1 (best)
#   meta:
#     ucd: stat.param
# - 
#   name: reference_time
#   datatype: float64
#   unit: d
#   description: Reference time used for the geometric model fit
#   meta:
#     ucd: time.epoch
# - 
#   name: frequency
#   datatype: float64
#   unit: d**-1
#   description: Frequency of geometric model of the eclipsing binary light curve
#   meta:
#     ucd: src.orbital
# - 
#   name: frequency_error
#   datatype: float32
#   unit: d**-1
#   description: "Uncertainty of \\texttt{frequency}"
#   meta:
#     ucd: stat.error
# - 
#   name: geom_model_reference_level
#   datatype: float32
#   unit: mag
#   description: Magnitude reference level of geometric model
#   meta:
#     ucd: phot.mag;em.opt
# - 
#   name: geom_model_reference_level_error
#   datatype: float32
#   unit: mag
#   description: "Uncertainty of \\texttt{geomModelReferenceLevel}"
#   meta:
#     ucd: stat.error;phot.mag;em.opt
# - 
#   name: geom_model_gaussian1_phase
#   datatype: float32
#   description: Phase of the Gaussian 1 component
#   meta:
#     ucd: time.phase
# - 
#   name: geom_model_gaussian1_phase_error
#   datatype: float32
#   description: "Uncertainty of \\texttt{geomModelGaussian1Phase}"
#   meta:
#     ucd: stat.error;time.phase
# - 
#   name: geom_model_gaussian1_sigma
#   datatype: float32
#   description: "Standard deviation [phase] of Gaussian 1 component"
#   meta:
#     ucd: stat.stdev
# - 
#   name: geom_model_gaussian1_sigma_error
#   datatype: float32
#   description: "Uncertainty of \\texttt{geomModelGaussian1Sigma}"
#   meta:
#     ucd: stat.error
# - 
#   name: geom_model_gaussian1_depth
#   datatype: float32
#   unit: mag
#   description: Magnitude depth of Gaussian 1 component
#   meta:
#     ucd: src.var.amplitude
# - 
#   name: geom_model_gaussian1_depth_error
#   datatype: float32
#   unit: mag
#   description: "Uncertainty of \\texttt{geomModelGaussian1Depth}"
#   meta:
#     ucd: stat.error;src.var.amplitude
# - 
#   name: geom_model_gaussian2_phase
#   datatype: float32
#   description: Phase of Gaussian 2 component
#   meta:
#     ucd: time.phase
# - 
#   name: geom_model_gaussian2_phase_error
#   datatype: float32
#   description: "Uncertainty of \\texttt{geomModelGaussian2Phase}"
#   meta:
#     ucd: stat.error;time.phase
# - 
#   name: geom_model_gaussian2_sigma
#   datatype: float32
[...]
#   datatype: float32
#   description: "Secondary eclipse: uncertainty of \\texttt{derivedSecondaryEclDuration}"
#   meta:
#     ucd: stat.error;time.duration
# - 
#   name: derived_secondary_ecl_depth
#   datatype: float32
#   unit: mag
#   description: "Secondary eclipse: depth"
#   meta:
#     ucd: src.var.amplitude
# - 
#   name: derived_secondary_ecl_depth_error
#   datatype: float32
#   unit: mag
#   description: "Secondary eclipse: uncertainty of \\texttt{derivedSecondaryEclDepth}"
#   meta:
#     ucd: stat.error;src.var.amplitude
solution_id,source_id,global_ranking,reference_time,frequency,frequency_error,geom_model_reference_level,geom_model_reference_level_error,geom_model_gaussian1_phase,geom_model_gaussian1_phase_error,geom_model_gaussian1_sigma,geom_model_gaussian1_sigma_error,geom_model_gaussian1_depth,geom_model_gaussian1_depth_error,geom_model_gaussian2_phase,geom_model_gaussian2_phase_error,geom_model_gaussian2_sigma,geom_model_gaussian2_sigma_error,geom_model_gaussian2_depth,geom_model_gaussian2_depth_error,geom_model_cosine_half_period_amplitude,geom_model_cosine_half_period_amplitude_error,geom_model_cosine_half_period_phase,geom_model_cosine_half_period_phase_error,model_type,num_model_parameters,reduced_chi2,derived_primary_ecl_phase,derived_primary_ecl_phase_error,derived_primary_ecl_duration,derived_primary_ecl_duration_error,derived_primary_ecl_depth,derived_primary_ecl_depth_error,derived_secondary_ecl_phase,derived_secondary_ecl_phase_error,derived_secondary_ecl_duration,derived_secondary_ecl_duration_error,derived_secondary_ecl_depth,derived_secondary_ecl_depth_error
[from data line 214]
375316653866487564,5922929024131577600,0.48943588,2370.107118198126,2.756688869087157,2.7634613E-5,14.795911,0.33074585,0.20529877,0.0048115095,0.17549254,0.035418343,1.4465603,0.6010345,0.6991786,0.0054362817,0.24989471,0.057260294,2.0528798,0.2973607,null,null,null,null,"TWOGAUSSIANS",8,95.511566,0.6991786,0.0054362817,0.4,0.0,0.3456349,0.014073122,0.21334876,0.0056878217,0.4,0.0,0.24363999,0.014687422
375316653866487564,5922929363414812544,0.42539012,2371.2669669456695,0.5501484496602914,1.1549751E-5,18.361774,0.00562421,0.15237261,0.003332391,0.012044638,0.002707327,0.24353963,0.016866194,0.6669345,0.004564397,0.01762827,0.008385152,0.24511828,2.8646898,0.012365862,0.011488566,0.15237261,0.003332391,"TWOGAUSSIANS_WITH_ELLIPSOIDAL_ON_ECLIPSE1",9,19.521454,0.6669345,0.004564397,0.098718315,0.04695685,0.26964355,2.8699553,0.15237261,0.003332391,0.06744997,0.015161032,0.26827136,0.027755903
375316653866487564,5922929810090767232,0.6333421,2399.623486377476,0.29250513941566175,7.3663723E-6,16.660986,5.569617E-4,0.2301226,3.8233894E-4,0.011303667,7.015989E-4,0.26392147,0.007677653,0.7276117,0.0022220502,0.013066391,0.0017482853,0.25392428,0.007765987,null,null,null,null,"TWOGAUSSIANS",8,1.7238694,0.2301226,3.8233894E-4,0.063300535,0.003928954,0.26392147,0.007677653,0.7276117,0.0022220502,0.073171794,0.009790397,0.25392428,0.007765987
375316653866487564,5922931429313344896,0.45864686,2394.4360156658026,3.2266952842185326,2.5503932E-5,16.00306,0.010116268,0.24867876,0.005766426,0.09254374,0.015729623,0.080569275,0.008701897,0.702105,0.0058548474,0.12617828,0.014073623,0.09946958,0.009443808,null,null,null,null,"TWOGAUSSIANS",8,26.086334,0.702105,0.0058548474,0.4,0.0,0.09155012,0.0043762387,0.24912876,0.0054611396,0.4,0.0,0.072814785,0.010052208
375316653866487564,5922934109373069568,0.5302812,2403.0461256485214,0.30733520376282175,2.2262637E-5,15.869327,0.0026644964,0.20816451,1.1137508E-6,2.4384141E-4,1.9373551E-6,0.9571184,0.010917979,0.70339453,0.003299116,0.0075332876,0.0028066738,0.32664755,0.15783381,null,null,null,null,"TWOGAUSSIANS",8,64.41559,0.20816451,1.1137508E-6,0.0013655119,1.0849189E-5,0.9571184,0.010917979,0.70339453,0.003299116,0.04218641,0.015717372,0.32664755,0.15783381
375316653866487564,5922934246812040320,0.53553826,2385.0121438491215,3.1946764069528726,1.2456561E-5,17.479347,0.48976314,0.22465399,0.0035184924,0.13021533,0.046954423,0.27420244,0.4153191,0.7194676,0.0032312733,0.13909854,0.07461489,0.31934386,0.4680837,null,null,null,null,"TWOGAUSSIANS",8,6.7929025,0.7194676,0.0032312733,0.4,0.0,0.21764305,0.010140799,0.22486399,0.003052894,0.4,0.0,0.17316066,0.007185617
375316653866487564,5922935238931316608,0.60609883,2379.8456212602714,3.17043347068858,5.118187E-6,18.872416,0.027730718,0.28802365,0.0013573546,0.05271713,0.006098795,0.44550163,0.053867172,0.78604513,0.0023286298,0.050734688,0.005763363,0.4948532,0.05834109,0.09486092,0.034509126,0.28802365,0.0013573546,"TWOGAUSSIANS_WITH_ELLIPSOIDAL_ON_ECLIPSE1",9,3.2683046,0.78618515,0.0021387842,0.28411427,0.032274835,0.68453985,0.017884709,0.28802365,0.0013573546,0.29521593,0.034153253,0.63521546,0.018253583
375316653866487564,5922935552468671488,0.49570256,2393.7948731826664,2.6220166907897484,1.4737219E-5,19.435308,0.007486333,0.3089382,0.003290522,0.044548232,0.0034462705,0.31812218,0.02315934,0.7963682,0.0027503623,0.053710636,0.0035433946,0.3717369,0.016850451,null,null,null,null,"TWOGAUSSIANS",8,5.226561,0.7963682,0.0027503623,0.30077958,0.01984301,0.37173608,0.016850738,0.3089382,0.003290522,0.24947011,0.019299114,0.31812134,0.02315965
375316653866487564,5922936514541521024,0.48532698,2396.214476973325,3.642599871090577,1.4166493E-5,18.784521,0.03361786,0.2365343,0.0038213856,0.044791058,0.0067594144,0.35504824,0.07679752,0.7221778,0.0062012854,0.057470314,0.010773441,0.3238711,0.069729395,0.12734823,0.03988105,0.2365343,0.0038213856,"TWOGAUSSIANS_WITH_ELLIPSOIDAL_ON_ECLIPSE1",9,18.255903,0.2365343,0.0038213856,0.25082994,0.03785272,0.60973465,0.021341672,0.72461784,0.0048392545,0.32183376,0.06033127,0.5768405,0.026772644
375316653866487564,5922937201728951680,0.53243566,2364.349077613812,2.258124055442511,3.4573637E-5,18.88208,0.011082071,0.32734677,0.0053581465,0.061644387,0.006356531,0.43288586,0.035048503,0.831992,0.010277754,0.07987905,0.011836946,0.114696175,0.011947838,null,null,null,null,"TWOGAUSSIANS",8,2.8037775,0.32734677,0.0053581465,0.3452086,0.035596572,0.43220046,0.035177913,0.831992,0.010277754,0.4,0.0,0.114010766,0.011438851
375316653866487564,5922937579686120064,0.55846554,2374.13467244122,3.258518526662513,7.9968895E-6,19.662834,0.00831016,0.29803103,0.0030934252,0.06274191,0.003657057,0.73594254,0.01837509,0.7999466,0.0028926912,0.06699592,0.0039913845,0.58730614,0.02792583,null,null,null,null,"TWOGAUSSIANS",8,1.950617,0.29803103,0.0030934252,0.35135472,0.020479519,0.7352068,0.018460127,0.7999466,0.0028926912,0.37517715,0.022351755,0.5865704,0.028096534
375316653866487564,5922938434389507968,0.54863024,2349.971125457712,2.9060819108815252,1.1144779E-5,18.379686,0.010911634,0.2158594,0.0035210215,0.08654188,0.0051017497,0.3595163,0.014537206,0.7144371,0.004167216,0.08754646,0.006219677,0.34822097,0.01832198,null,null,null,null,"TWOGAUSSIANS",8,4.5192323,0.2158594,0.0035210215,0.4,0.0,0.34833977,0.012921206,0.7144371,0.004167216,0.4,0.0,0.33704445,0.019157209
375316653866487564,5922941256180548096,0.5522779,2398.435487300624,0.26766530661710486,1.3673372E-4,18.998243,0.008899188,0.13439323,0.026256211,0.019352434,0.009919881,0.53012466,0.2922273,0.36844105,0.0677956,0.068450615,0.076234065,0.015921777,0.012467623,null,null,null,null,"TWOGAUSSIANS",8,2.5830739,0.13439323,0.026258536,0.108373635,0.055551335,0.53017074,0.2923394,0.36844105,0.0677956,0.38332343,0.39948574,0.015921777,0.012467622
375316653866487564,5922941561126585600,0.5813734,2374.7352879295972,2.567109712417228,1.7487333E-5,17.5309,0.015994057,0.2553148,0.022945348,0.03288967,0.021654941,0.55589205,0.12359922,0.7526651,0.005117656,0.03603861,0.0056761075,0.51030445,0.03128229,0.034811657,0.018626826,0.2553148,0.022945348,"TWOGAUSSIANS_WITH_ELLIPSOIDAL_ON_ECLIPSE1",9,18.027908,0.2553148,0.022945348,0.18418215,0.12126767,0.6255153,0.12876546,0.7527051,0.004951909,0.20181622,0.0317862,0.5799086,0.027875006
375316653866487564,5922942213974499456,0.50811934,2351.14115323818,2.988696365156569,1.0291095E-5,19.414495,0.019007424,0.34284228,0.0029733435,0.07146173,0.006421913,0.38870618,0.037547685,0.8439278,0.005028845,0.07112601,0.0072029205,0.38866895,0.018507335,null,null,null,null,"TWOGAUSSIANS",8,2.0079687,0.34284228,0.0029733435,0.4,0.017630303,0.38708824,0.037814926,0.8439278,0.005028845,0.39830562,0.022273002,0.38705102,0.017296003
375316653866487564,5922942390049641856,0.44202268,2330.1498315692775,2.8331907658913966,9.826645E-5,19.530897,0.012787917,0.31316245,0.014917225,0.05884831,0.015455424,0.15125649,0.023514824,0.76958233,0.015649464,0.062448036,0.016093599,0.22722994,0.017055847,null,null,null,null,"TWOGAUSSIANS",8,3.0462894,0.76958233,0.015649464,0.349709,0.08037222,0.22721371,0.01698149,0.31316245,0.014917225,0.32955053,0.08655038,0.15124026,0.023499694
375316653866487564,5922942596224384128,0.50414723,2343.172953602719,0.5135062291445167,1.198915E-5,13.48827,0.0032592637,0.31464106,8.5262686E-4,0.019598752,0.0010289397,0.35350215,0.03525598,0.80941534,0.049477033,0.01830549,0.010643027,0.20794278,0.19851026,null,null,null,null,"TWOGAUSSIANS",8,82.36452,0.31464106,8.5262686E-4,0.10975301,0.0057620625,0.35350215,0.03525598,0.80941534,0.049477033,0.10251075,0.05960095,0.20794278,0.19851026
375316653866487564,5922943725784343936,0.48160103,2378.8372567041897,0.06503915628385189,1.3517059E-5,15.840727,0.0052431514,0.18884677,0.006262997,0.0685463,0.006198612,0.22367255,0.021123163,0.6993679,0.003060359,0.081914544,0.0070644044,0.21594357,0.027464159,null,null,null,null,"TWOGAUSSIANS",8,59.856945,0.18884677,0.006262997,0.3838593,0.033583168,0.22229064,0.021751294,0.6993679,0.003060359,0.4,0.0,0.21456164,0.028167702
375316653866487564,5922944825301463680,0.52119064,2373.4298842772905,3.311871853436192,9.120229E-6,18.553553,0.018410126,0.26533738,0.003706651,0.083154194,0.010270227,0.30628145,0.024312012,0.76756054,0.0021592414,0.08709645,0.0066127633,0.30540255,0.018230023,null,null,null,null,"TWOGAUSSIANS",8,3.6370988,0.26533738,0.003706651,0.4,0.0,0.29839692,0.02758194,0.76756054,0.0021592414,0.4,0.0,0.297518,0.014276629
375316653866487564,5922947230482741376,0.4895073,2400.4489848348962,2.8040431583456225,2.4112534E-5,16.52215,0.024640936,0.2300675,0.005720133,0.09590677,0.015798386,0.16121595,0.0246769,0.7336285,0.009002153,0.09768623,0.021626106,0.14009699,0.024070054,null,null,null,null,"TWOGAUSSIANS",8,25.215843,0.2300675,0.005720133,0.4,0.0,0.15102477,0.015421147,0.7336285,0.009002153,0.4,0.0,0.12990564,0.010867349
375316653866487564,5922948059408888064,0.55774087,2384.4797736327428,3.3866794571165757,1.0209356E-5,18.89782,0.0114155235,0.23635568,0.00725929,0.06811507,0.0070877583,0.39870957,0.037419476,0.7456884,0.003322474,0.072126366,0.00505246,0.49849117,0.026429472,null,null,null,null,"TWOGAUSSIANS",8,3.455877,0.7456884,0.003322474,0.4,0.012628476,0.49726883,0.026708363,0.23635568,0.00725929,0.3814444,0.03447745,0.39748722,0.037665155
375316653866487564,5922948506099640832,0.581796,2412.2616572740017,0.4575654252407472,6.908184E-6,11.037746,6.8402354E-4,0.3267785,0.0024029952,0.030953119,0.001526481,0.12529409,0.0038336036,0.84593254,0.02666687,0.014919558,0.012314924,0.019464523,0.0054260977,0.008840546,9.858668E-4,0.3267785,0.0024029952,"TWOGAUSSIANS_WITH_ELLIPSOIDAL_ON_ECLIPSE1",9,9.255827,0.3267785,0.0024029952,0.17333746,0.008548293,0.14297515,0.0033808753,0.84593254,0.026376883,0.08354952,0.06896358,0.03689073,0.004792443
375316653866487564,5922949532585278464,0.54205686,2401.78716431201,1.378978319586449,8.281489E-6,15.667894,0.0030346673,0.23023482,0.0066728555,0.034886442,0.008170991,0.096180744,0.020393122,0.7181229,0.0016265822,0.036526166,0.0044993768,0.16665025,0.04770478,0.055781357,0.006646707,0.7181229,0.0016265822,"TWOGAUSSIANS_WITH_ELLIPSOIDAL_ON_ECLIPSE2",9,44.2906,0.7181229,0.0016265822,0.20454653,0.02519651,0.27821288,0.05054323,0.22902481,0.005789249,0.19536407,0.04575755,0.20716289,0.021285944
375316653866487564,5922951564122325760,0.45392886,2376.742736262395,0.15220754157013433,2.314759E-5,19.533144,0.007200698,0.66407967,0.030556282,0.023752436,0.013511789,0.18987839,0.1016527,0.36025134,0.0109707955,0.12751856,0.010886305,0.18493843,0.011952243,null,null,null,null,"TWOGAUSSIANS",8,2.7804759,0.6634697,0.030277211,0.13301365,0.07566602,0.20059212,0.09458606,0.36025134,0.0109707955,0.4,0.0,0.18476877,0.012003048
375316653866487564,5922952143920340736,0.41531482,2395.4502720892583,0.03724708223218603,2.3503693E-5,16.668863,0.006572067,0.19494274,0.00835008,0.06348707,0.012679421,0.049581945,0.030526448,0.96098346,0.007908174,0.011077971,0.00513271,0.12475726,0.0800162,0.052177463,0.009106888,0.19494274,0.00835008,"TWOGAUSSIANS_WITH_ELLIPSOIDAL_ON_ECLIPSE1",9,14.787596,0.19494274,0.00835008,0.35552755,0.07100476,0.1539152,0.025368344,0.96111345,0.007844076,0.062036637,0.028743176,0.12585677,0.08051708
375316653866487564,5922952350097202432,0.548663,2378.8667744045238,3.2168014836940717,9.749884E-6,19.327139,0.010638806,0.25477183,0.0034065775,0.083731465,0.011085687,0.31930545,0.04712532,0.745501,0.0024054893,0.077615075,0.0029759079,0.46768758,0.021446148,null,null,null,null,"TWOGAUSSIANS",8,1.8841051,0.745501,0.0024054893,0.4,0.0,0.46243933,0.020768601,0.25477183,0.0034065775,0.4,0.0,0.3140572,0.050054897
375316653866487564,5922952762401646848,0.5416773,2411.2100952424294,2.954772319401565,2.4508816E-5,18.935652,0.013090109,0.20992863,0.004250183,0.049262546,0.006358503,0.2511693,0.038349543,0.69624937,0.006279649,0.058889445,0.0070075667,0.23472843,0.02963816,0.09419754,0.01487169,0.20992863,0.004250183,"TWOGAUSSIANS_WITH_ELLIPSOIDAL_ON_ECLIPSE1",9,4.442095,0.20992863,0.004250183,0.27587026,0.035607614,0.43955335,0.035710454,0.69870937,0.004930289,0.3297809,0.039242376,0.42197314,0.01759745
375316653866487564,5922952766707268096,0.5187559,2404.1159828187106,0.5750405421847471,1.0209021E-6,18.996517,0.004965345,0.42487895,0.008157273,0.09454801,0.016848164,0.08275024,0.0073986296,0.87822676,7.229209E-4,0.005772691,4.5410395E-4,1.2202437,0.25427446,null,null,null,null,"TWOGAUSSIANS",8,3.1208296,0.87822676,7.229209E-4,0.03232707,0.002542982,1.2202444,0.2542739,0.42487895,0.008157273,0.4,0.0,0.0827501,0.007398819
375316653866487564,5922953831845176960,0.5299113,2389.86752240742,4.080835952391681,2.1403006E-5,18.826296,0.007687626,0.23886096,0.0063255033,0.07565828,0.006732841,0.22245404,0.009318347,0.7137016,0.008954154,0.07406405,0.010050174,0.19548668,0.024402075,null,null,null,null,"TWOGAUSSIANS",8,1.6271994,0.23886096,0.0063255033,0.4,0.005103218,0.22156504,0.008939421,0.7137016,0.008954154,0.4,0.028596707,0.19459766,0.024669964
375316653866487564,5922954377303442560,0.54702353,2423.4781536968962,0.16515808788566005,1.4187883E-5,16.374344,0.0072921705,0.31202653,0.027484829,0.01766361,0.012538726,0.22002724,0.25269648,0.89064026,3.8716246E-4,0.02246052,6.81612E-4,2.4427738,0.20207787,null,null,null,null,"TWOGAUSSIANS",8,179.4613,0.89064026,3.8716246E-4,0.12577891,0.0038170272,2.4427738,0.20207787,0.31202653,0.027484829,0.09891621,0.07021687,0.22002724,0.25269648
375316653866487564,5922955923494142720,0.5485222,2368.4382896009415,3.534550725313929,1.2679205E-5,18.160658,0.002873266,0.27954367,0.002057413,0.02772432,0.0045386674,0.061976813,0.013286936,0.76941484,0.0067999414,0.025530115,0.0050436705,0.11123943,0.028804874,0.10834803,0.0058580646,0.27954367,0.002057413,"TWOGAUSSIANS_WITH_ELLIPSOIDAL_ON_ECLIPSE1",9,5.220251,0.77033484,0.006398622,0.14296864,0.028244555,0.3271386,0.028756248,0.27954367,0.002057413,0.1552562,0.025416538,0.27867287,0.012551303
375316653866487564,5922956202664735616,0.43388164,2356.685572737736,1.329468319599591,1.9246063E-5,17.993418,0.0013575712,0.22378454,0.0041135275,0.007309045,0.0024133653,0.10923681,0.029930394,0.88787353,0.0023351456,0.0039312346,0.001255669,0.2509314,0.0321532,null,null,null,null,"TWOGAUSSIANS",8,2.2093966,0.88787353,0.0023351456,0.022014914,0.007031746,0.2509314,0.0321532,0.22378454,0.0041135275,0.04093065,0.013514846,0.10923681,0.029930394
375316653866487564,5922956305760074496,0.53989774,2363.7049411087496,2.6444568605966907,1.2481701E-5,17.355658,0.015250241,0.25197443,0.0033568444,0.08390953,0.0063556656,0.3774103,0.014746805,0.73294854,0.003307341,0.07733412,0.007084275,0.46312028,0.02189066,null,null,null,null,"TWOGAUSSIANS",8,28.947569,0.73294854,0.003307341,0.4,0.0,0.45844594,0.023121553,0.25197443,0.0033568444,0.4,0.0,0.37273592,0.012982527
375316653866487564,5922957096017875712,0.58737636,2341.762583278314,1.932390414542295,4.0837617E-6,17.870277,0.0061542145,0.29638764,0.0019082346,0.08813879,0.0029587348,0.26764825,0.0068315417,0.793727,9.958781E-4,0.08030899,0.0020936315,0.3417818,0.008050914,null,null,null,null,"TWOGAUSSIANS",8,2.272238,0.793727,9.958781E-4,0.4,0.0,0.3347937,0.007741819,0.29638764,0.0019082346,0.4,0.0,0.26066005,0.0058707907
375316653866487564,5922957538401865216,0.50426483,2364.8854698860227,4.108753866401935,1.5811875E-5,19.240015,0.02340024,0.27082556,0.006635958,0.038461052,0.034040656,0.21088128,0.05463035,0.7697069,0.010541076,0.038634215,0.010894288,0.15704526,0.062072523,0.12393961,0.037108973,0.27082556,0.006635958,"TWOGAUSSIANS_WITH_ELLIPSOIDAL_ON_ECLIPSE1",9,6.478051,0.27082556,0.006635958,0.21538189,0.19062768,0.4587601,0.06301427,0.7698869,0.0094468,0.21635161,0.061008014,0.40491378,0.023852833
