Gaia/vari_eclipsing_binary/VariEclipsingBinary_670417-670484.csv
# %ECSV 1.0
# ---
# delimiter: ','
# meta: !!omap
# - RELEASE: Gaia DR3
# - TABLE: vari_eclipsing_binary
# - DESCRIPTION: >
#     This table describes the properties of the eclipsing binaries resulting from the variability analysis. 
# - CITATION: >
#     How to cite and acknowledge Gaia: 
#     https://gea.esac.esa.int/archive/documentation/credits.html 
# - KNOWN_ISSUES: >
#     Known issues: 
#     https://www.cosmos.esa.int/web/gaia-users/known-issues 
# - DOCUMENTATION: >
#     Tutorials and documentation: 
#     https://www.cosmos.esa.int/web/gaia-users/archive 
# datatype:
# - 
#   name: solution_id
#   datatype: int64
#   description: Solution Identifier
#   meta:
#     ucd: meta.version
# - 
#   name: source_id
#   datatype: int64
#   description: Unique source identifier
#   meta:
#     ucd: meta.id;meta.main
# - 
#   name: global_ranking
#   datatype: float32
#   description: Number between 0 (worst) and 1 (best)
#   meta:
#     ucd: stat.param
# - 
#   name: reference_time
#   datatype: float64
#   unit: d
#   description: Reference time used for the geometric model fit
#   meta:
#     ucd: time.epoch
# - 
#   name: frequency
#   datatype: float64
#   unit: d**-1
#   description: Frequency of geometric model of the eclipsing binary light curve
#   meta:
#     ucd: src.orbital
# - 
#   name: frequency_error
#   datatype: float32
#   unit: d**-1
#   description: "Uncertainty of \\texttt{frequency}"
#   meta:
#     ucd: stat.error
# - 
#   name: geom_model_reference_level
#   datatype: float32
#   unit: mag
#   description: Magnitude reference level of geometric model
#   meta:
#     ucd: phot.mag;em.opt
# - 
#   name: geom_model_reference_level_error
#   datatype: float32
#   unit: mag
#   description: "Uncertainty of \\texttt{geomModelReferenceLevel}"
#   meta:
#     ucd: stat.error;phot.mag;em.opt
# - 
#   name: geom_model_gaussian1_phase
#   datatype: float32
#   description: Phase of the Gaussian 1 component
#   meta:
#     ucd: time.phase
# - 
#   name: geom_model_gaussian1_phase_error
#   datatype: float32
#   description: "Uncertainty of \\texttt{geomModelGaussian1Phase}"
#   meta:
#     ucd: stat.error;time.phase
# - 
#   name: geom_model_gaussian1_sigma
#   datatype: float32
#   description: "Standard deviation [phase] of Gaussian 1 component"
#   meta:
#     ucd: stat.stdev
# - 
#   name: geom_model_gaussian1_sigma_error
#   datatype: float32
#   description: "Uncertainty of \\texttt{geomModelGaussian1Sigma}"
#   meta:
#     ucd: stat.error
# - 
#   name: geom_model_gaussian1_depth
#   datatype: float32
#   unit: mag
#   description: Magnitude depth of Gaussian 1 component
#   meta:
#     ucd: src.var.amplitude
# - 
#   name: geom_model_gaussian1_depth_error
#   datatype: float32
#   unit: mag
#   description: "Uncertainty of \\texttt{geomModelGaussian1Depth}"
#   meta:
#     ucd: stat.error;src.var.amplitude
# - 
#   name: geom_model_gaussian2_phase
#   datatype: float32
#   description: Phase of Gaussian 2 component
#   meta:
#     ucd: time.phase
# - 
#   name: geom_model_gaussian2_phase_error
#   datatype: float32
#   description: "Uncertainty of \\texttt{geomModelGaussian2Phase}"
#   meta:
#     ucd: stat.error;time.phase
# - 
#   name: geom_model_gaussian2_sigma
#   datatype: float32
[...]
#   datatype: float32
#   description: "Secondary eclipse: uncertainty of \\texttt{derivedSecondaryEclDuration}"
#   meta:
#     ucd: stat.error;time.duration
# - 
#   name: derived_secondary_ecl_depth
#   datatype: float32
#   unit: mag
#   description: "Secondary eclipse: depth"
#   meta:
#     ucd: src.var.amplitude
# - 
#   name: derived_secondary_ecl_depth_error
#   datatype: float32
#   unit: mag
#   description: "Secondary eclipse: uncertainty of \\texttt{derivedSecondaryEclDepth}"
#   meta:
#     ucd: stat.error;src.var.amplitude
solution_id,source_id,global_ranking,reference_time,frequency,frequency_error,geom_model_reference_level,geom_model_reference_level_error,geom_model_gaussian1_phase,geom_model_gaussian1_phase_error,geom_model_gaussian1_sigma,geom_model_gaussian1_sigma_error,geom_model_gaussian1_depth,geom_model_gaussian1_depth_error,geom_model_gaussian2_phase,geom_model_gaussian2_phase_error,geom_model_gaussian2_sigma,geom_model_gaussian2_sigma_error,geom_model_gaussian2_depth,geom_model_gaussian2_depth_error,geom_model_cosine_half_period_amplitude,geom_model_cosine_half_period_amplitude_error,geom_model_cosine_half_period_phase,geom_model_cosine_half_period_phase_error,model_type,num_model_parameters,reduced_chi2,derived_primary_ecl_phase,derived_primary_ecl_phase_error,derived_primary_ecl_duration,derived_primary_ecl_duration_error,derived_primary_ecl_depth,derived_primary_ecl_depth_error,derived_secondary_ecl_phase,derived_secondary_ecl_phase_error,derived_secondary_ecl_duration,derived_secondary_ecl_duration_error,derived_secondary_ecl_depth,derived_secondary_ecl_depth_error
[from data line 221]
375316653866487564,5897237045146795648,0.51320094,2286.8680145410603,0.38310609964074005,1.4652133E-5,18.773489,0.0043064216,0.17578845,0.033978056,0.02279101,0.023706412,0.8508066,0.8473871,0.6920017,0.006497735,0.013763597,0.0039312956,0.47102383,0.83079904,null,null,null,null,"TWOGAUSSIANS",8,3.4867687,0.17578845,0.033978056,0.12762965,0.1327559,0.8508066,0.8473871,0.6920017,0.006497735,0.077076145,0.022015257,0.47102383,0.83079904
375316653866487564,5897237247007481600,0.49794447,2312.2910755324124,0.11163177999682301,1.8512511E-4,17.636297,0.0052817864,0.74371403,3.1643757E-4,0.02951572,0.0012744092,3.2484186,0.62273693,null,null,null,null,null,null,null,null,null,null,"ONEGAUSSIAN",5,28.17014,0.74371403,3.1643757E-4,0.16528805,0.0071366914,3.2484186,0.0,null,null,null,null,null,null
375316653866487564,5897237968562150528,0.5587932,2257.6475928039927,3.166604250853046,1.3811721E-5,19.533985,0.016835323,0.21733712,0.0082402695,0.07471601,0.01172066,0.50274545,0.029976316,0.7242072,0.0019845322,0.0688301,0.005434786,0.4544515,0.01997239,null,null,null,null,"TWOGAUSSIANS",8,2.1721358,0.21733712,0.0082402695,0.4,0.006473852,0.50086826,0.031800367,0.7242072,0.0019845322,0.3854486,0.02888432,0.4525743,0.020805549
375316653866487564,5897238075938996864,0.5345501,2276.4364065520017,3.329337795300526,1.0321533E-5,19.281303,0.011303149,0.27001056,0.0067070527,0.07592683,0.0069452627,0.3308248,0.01945704,0.7700256,0.0035763455,0.07998982,0.007039182,0.3298649,0.023235006,null,null,null,null,"TWOGAUSSIANS",8,1.9672071,0.27001056,0.0067070527,0.4,0.0,0.3269647,0.018636202,0.7700256,0.0035763455,0.4,0.0,0.32600477,0.024286026
375316653866487564,5897238179028388864,0.51060975,2295.555005195862,2.5687027848120074,2.1243999E-5,18.067236,0.021494215,0.1812026,0.010581669,0.03291266,0.011214492,0.24106342,0.051276173,0.6818992,0.0062147025,0.068005145,0.02142468,0.20704424,0.06287482,0.03392048,0.023788447,0.6818992,0.0062147025,"TWOGAUSSIANS_WITH_ELLIPSOIDAL_ON_ECLIPSE2",9,11.543628,0.1812226,0.010335328,0.1843109,0.06280115,0.3086765,0.027221452,0.6818992,0.0062147025,0.38082883,0.07576946,0.2746586,0.04821663
375316653866487564,5897238969302404608,0.48345435,2257.301613762825,0.18956409060173118,1.2026933E-5,17.620026,0.0019765333,0.07924059,0.002027534,0.012019643,0.0016810742,0.1627196,0.039452765,0.57878155,0.04423452,0.059358098,0.060911674,0.03239033,0.29521015,null,null,null,null,"TWOGAUSSIANS",8,3.332008,0.07924059,0.002027534,0.06731,0.009414015,0.1627196,0.039452765,0.57878155,0.04423452,0.33240533,0.34110537,0.03239033,0.29521015
375316653866487564,5897239072381652480,0.56515634,2256.5004161894417,2.6783374980602512,7.2894695E-6,16.420555,0.01013104,0.20727529,0.003020211,0.095752865,0.0070972033,0.30893174,0.011349598,0.70891935,0.0022331025,0.089273065,0.0042065484,0.34413177,0.012272712,null,null,null,null,"TWOGAUSSIANS",8,21.780947,0.70891935,0.0022331025,0.4,0.0,0.32765874,0.011105722,0.20727529,0.003020211,0.4,0.0,0.29245806,0.013084051
375316653866487564,5897239519058120320,0.64562976,2321.6763228035447,2.0848232601498693,4.799835E-6,17.141788,0.0037460283,0.2350144,0.002797688,0.09664677,0.0048059137,0.10203231,0.0035550296,0.7350063,0.0012951789,0.075509444,0.002172362,0.29100308,0.004808679,null,null,null,null,"TWOGAUSSIANS",8,2.1229517,0.7350063,0.0012951789,0.4,0.0,0.28640446,0.0046047927,0.2350144,0.002797688,0.4,0.0,0.09743338,0.0024192992
375316653866487564,5897239823990505984,0.53829634,2281.972785835939,2.632236237906826,9.546641E-6,19.238201,0.016060922,0.32173097,0.0046516825,0.08720243,0.0071484144,0.36449578,0.01950595,0.8225499,0.0044069593,0.087245174,0.0068736514,0.29601085,0.015441126,null,null,null,null,"TWOGAUSSIANS",8,1.6185652,0.32173097,0.0046516825,0.4,0.0,0.35384282,0.01725166,0.8225499,0.0044069593,0.4,0.0,0.2853579,0.010514634
375316653866487564,5897241645056877568,0.67930055,2273.9175360952263,1.3119468959697733,1.0735986E-6,17.555277,0.0030598242,0.2247985,6.9618766E-4,0.0402022,7.230705E-4,0.7489951,0.014242742,0.7318126,0.004150353,0.03971051,0.006919638,0.06413792,0.012516945,0.017090116,0.0044386797,0.2247985,6.9618766E-4,"TWOGAUSSIANS_WITH_ELLIPSOIDAL_ON_ECLIPSE1",9,2.088419,0.2247985,6.9618766E-4,0.22513232,0.004049195,0.7831753,0.014777365,0.7318126,0.004150353,0.22237886,0.038749974,0.09825176,0.010307479
375316653866487564,5897242366608828416,0.4607769,2272.7271964181177,0.052171606238504774,4.1604817E-5,17.764807,0.017814862,0.37519473,0.008613043,0.060363695,0.054182585,0.75888866,0.8737066,0.8161706,0.0056901854,0.04930707,0.008354233,0.11838694,0.018875193,null,null,null,null,"TWOGAUSSIANS",8,14.834813,0.37519473,0.008613043,0.3380367,0.09584615,0.75888723,0.87460136,0.8161706,0.0056901854,0.2761196,0.0467837,0.118385464,0.017869834
375316653866487564,5897242778928384256,0.48043668,2290.7284876926396,0.5012067218214913,2.902341E-5,18.263062,0.005755848,0.23726578,0.014829373,0.008176238,0.008095507,0.7665037,3044.4585,0.8958591,0.050670043,0.015876647,0.026011255,0.43799454,0.4230653,null,null,null,null,"TWOGAUSSIANS",8,6.76161,0.23726578,0.014829373,0.045786936,0.04533484,0.7665037,3044.4585,0.8958591,0.050670043,0.08890922,0.14566302,0.43799454,0.4230653
375316653866487564,5897243259966680960,0.55446523,2267.659599288761,2.8599319002219676,9.066378E-6,16.586338,0.034062866,0.27767235,0.002201455,0.09506218,0.00598946,0.4139851,0.03484699,0.7707082,0.004346909,0.107873626,0.011539389,0.4036661,0.031663593,null,null,null,null,"TWOGAUSSIANS",8,40.887753,0.27767235,0.0022095644,0.4,0.0,0.3780326,0.016369574,0.7707082,0.004346909,0.4,0.0,0.36769626,0.016889188
375316653866487564,5897243534842839936,0.508073,2264.373188431472,2.8881952719690673,2.3698232E-5,18.758368,0.056524232,0.24818216,0.011513631,0.09060991,0.033847656,0.22390382,0.04493847,0.72164994,0.011098381,0.08283261,0.03213846,0.31447122,0.03747003,null,null,null,null,"TWOGAUSSIANS",8,6.7583046,0.72164994,0.011098381,0.4,0.0,0.30923933,0.02377782,0.24818216,0.011515779,0.4,0.0,0.21867168,0.027390085
375316653866487564,5897244088903418240,0.4700368,2268.566815865175,3.2415220235318642,2.842615E-5,18.19676,0.0033612382,null,null,null,null,null,null,null,null,null,null,null,null,0.053129613,0.004302192,0.29966018,0.006977584,"ELLIPSOIDAL",4,5.288806,null,null,null,null,null,null,null,null,null,null,null,null
375316653866487564,5897247215639776000,0.46332684,2230.665445890682,1.6991155666936006,2.4481547E-5,18.213219,0.0064335223,0.3047908,0.0039038889,0.036662415,0.004604288,0.13624814,0.0139087085,0.8229772,0.058573816,0.11519891,0.0441884,0.023837205,0.009232907,null,null,null,null,"TWOGAUSSIANS",8,3.7872632,0.3047908,0.0039041848,0.20530953,0.025784014,0.13607727,0.013759976,0.8229772,0.058573816,0.4,0.0,0.023661578,0.008896553
375316653866487564,5897247662316403712,0.52723217,2209.281645707177,3.437543447883961,2.4027555E-5,18.646107,0.011798227,0.23913306,0.013342661,0.061003868,0.020062525,0.28181747,0.051859017,0.74590623,0.004548635,0.01646256,0.002465481,0.80109817,0.10900634,0.08578518,0.02153372,0.23913306,0.013342661,"TWOGAUSSIANS_WITH_ELLIPSOIDAL_ON_ECLIPSE1",9,16.363338,0.74590623,0.004548635,0.09219034,0.013806693,0.9722951,0.10999695,0.23913306,0.013342661,0.34162167,0.09843142,0.4533249,0.035737958
375316653866487564,5897252610119182336,0.5488151,2287.5576180939424,2.4019752765194875,9.075657E-6,16.131002,9.5782743E-4,null,null,null,null,null,null,null,null,null,null,null,null,0.0484391,0.0012563788,0.2890651,0.0021206043,"ELLIPSOIDAL",4,5.7765064,null,null,null,null,null,null,null,null,null,null,null,null
375316653866487564,5897253194234916992,0.5431889,2291.653546907656,3.1812947508310616,2.3069413E-5,19.262495,0.009860734,0.16327617,0.00519402,0.07786712,0.006551933,0.28836703,0.012373017,0.6587182,0.0049625672,0.081382506,0.00688862,0.41895118,0.02185718,null,null,null,null,"TWOGAUSSIANS",8,1.8080248,0.6587182,0.0049625672,0.4,0.0,0.4143452,0.02264996,0.16327617,0.00519402,0.4,0.0,0.28376105,0.011851861
375316653866487564,5897253606543758336,0.52420074,2176.309720869698,1.8158332507562853,3.559045E-5,17.647196,0.01713179,0.2928868,0.015882932,0.06684859,0.011164662,0.39121363,0.02202863,0.78549457,0.011551882,0.05693086,0.01309676,0.19726178,0.06589133,null,null,null,null,"TWOGAUSSIANS",8,13.191349,0.2928868,0.015882932,0.37435213,0.035353944,0.39108607,0.021835823,0.78549457,0.011551882,0.3188128,0.073341854,0.19713423,0.065941006
375316653866487564,5897255255819235456,0.5278922,2287.5674695964476,0.7523440561981162,1.431106E-5,16.660275,0.00305359,0.21839073,0.005152727,0.03717917,0.016968245,0.05885932,0.027494702,0.71484745,0.00335639,0.026311256,0.0017473659,0.3063443,0.023066517,null,null,null,null,"TWOGAUSSIANS",8,22.535303,0.71484745,0.00335639,0.14734304,0.009785249,0.3063443,0.023066517,0.21839073,0.005152727,0.20820335,0.09502217,0.05885932,0.027494702
375316653866487564,5897256905086711424,0.50862646,2314.045750848689,1.799507809731954,1.9834375E-5,14.658272,0.0030420793,0.2749294,0.0064395405,0.09294706,0.011415677,0.031113805,0.0031034648,0.7715247,0.0056876144,0.09224029,0.011101255,0.04399668,0.003438398,null,null,null,null,"TWOGAUSSIANS",8,9.11191,0.7715247,0.0056876144,0.4,0.0,0.042163257,0.0032294851,0.2749294,0.0064395405,0.4,0.0,0.029280387,0.0022227743
375316653866487564,5897258584407136256,0.49502176,2316.43059133237,3.92256785843034,1.7422648E-5,18.315329,0.0801535,0.23470297,0.014564252,0.12929203,0.039956443,0.18238711,0.077648215,0.7155557,0.006367792,0.12513033,0.026867902,0.23612425,0.07526937,null,null,null,null,"TWOGAUSSIANS",8,2.2358315,0.7155557,0.006367792,0.4,0.0,0.18489245,0.0087150065,0.23499297,0.014270394,0.4,0.0,0.13110721,0.0076617817
375316653866487564,5897259275900668416,0.44846037,2290.112619555792,3.773829827384554,3.156353E-5,19.293564,0.231933,0.25788283,0.01403485,0.11533125,0.027676424,0.27509564,0.16124073,0.77895075,0.021809986,0.16420916,0.14824165,0.16519739,0.21326374,null,null,null,null,"TWOGAUSSIANS",8,3.4303064,0.25682285,0.01157026,0.4,0.0,0.21021327,0.025572723,0.77918077,0.021452527,0.4,0.0,0.09693976,0.030971322
375316653866487564,5897260611631935872,0.49121797,2308.017676033283,0.026621986312074068,1.6277618E-5,19.058182,0.0041468972,0.24246137,0.007866498,0.03775026,0.005455343,0.15008108,0.011667051,0.61057174,0.0067409202,0.10864219,0.0058777616,0.19849265,0.010218156,null,null,null,null,"TWOGAUSSIANS",8,1.4892503,0.61057174,0.0067409202,0.4,0.0,0.19846231,0.010217801,0.24265136,0.007854447,0.21140145,0.030549921,0.15069062,0.01162425
375316653866487564,5897260989589191040,0.5080976,2338.1269881094117,3.4224433513448895,1.1571888E-5,19.826157,0.011773203,0.2602352,0.001987036,0.06842899,0.0029745554,0.5317554,0.020080965,0.7501112,0.0047231186,0.08269015,0.009428252,0.3878856,0.1273211,null,null,null,null,"TWOGAUSSIANS",8,1.3094256,0.2602352,0.001987036,0.38320234,0.016657509,0.5287759,0.019945888,0.7501112,0.0047231186,0.4,0.0,0.38490608,0.12868078
375316653866487564,5897262093407419264,0.57108504,2325.6109078420614,3.387971780156686,8.175076E-6,18.630264,0.011967099,0.24895653,0.0020915312,0.07121684,0.0046145315,0.31261203,0.0119205,0.7605548,0.009390398,0.074024856,0.0071915295,0.35515258,0.027549263,null,null,null,null,"TWOGAUSSIANS",8,3.189627,0.7605548,0.009390398,0.4,0.0,0.35380358,0.026845535,0.24895653,0.0020915312,0.3988143,0.015544091,0.31126305,0.011206029
375316653866487564,5897263055480092800,0.6337592,2341.295976814525,3.5963991701102853,3.6841327E-6,17.355059,0.014751562,0.23941109,0.0011343723,0.05342907,0.0033034384,0.45711908,0.03517599,0.7360102,0.0049269046,0.05057218,0.0057236147,0.4298463,0.036418695,0.104893945,0.022309585,0.23941109,0.0011343723,"TWOGAUSSIANS_WITH_ELLIPSOIDAL_ON_ECLIPSE1",9,13.187017,0.23941109,0.0011343723,0.2992028,0.018499255,0.66689616,0.020703545,0.7363202,0.004454323,0.2832042,0.03205224,0.6395362,0.018375814
375316653866487564,5897263085533184384,0.601014,2327.9328150257084,3.571867743650934,6.724441E-6,17.712751,0.020705018,0.23534521,0.001609709,0.051409625,0.006405417,0.2873818,0.041405752,0.7395048,0.0038034844,0.062327627,0.006615738,0.34473,0.042509284,0.09241245,0.02427119,0.23534521,0.001609709,"TWOGAUSSIANS_WITH_ELLIPSOIDAL_ON_ECLIPSE1",9,7.5680814,0.7395048,0.0038034844,0.34903473,0.037048135,0.5293412,0.016128108,0.23534521,0.001609709,0.2878939,0.035870336,0.47211924,0.013533776
375316653866487564,5897263188612458240,0.51537794,2340.27720635161,1.062245856239845,7.575562E-6,18.830221,0.00319004,0.37776613,0.006063683,0.021149075,0.002963895,0.3849557,0.10279913,0.87559074,0.0013043168,0.016064048,0.0015606355,0.17528054,0.034188855,null,null,null,null,"TWOGAUSSIANS",8,1.7978599,0.37776613,0.006063683,0.11843482,0.016597811,0.3849557,0.10279913,0.87559074,0.0013043168,0.08995866,0.008739559,0.17528054,0.034188855
375316653866487564,5897264356843783424,0.60366327,2316.4512830110034,2.568453407876228,6.007423E-6,17.86385,0.011314203,0.23834655,0.0026880174,0.046421003,0.0047950675,0.27890053,0.032447517,0.7379411,0.00231483,0.048564844,0.0033134718,0.4407029,0.023671435,0.11576558,0.013293644,0.23834655,0.0026880174,"TWOGAUSSIANS_WITH_ELLIPSOIDAL_ON_ECLIPSE1",9,8.708631,0.7379811,0.0020827772,0.27196312,0.018555442,0.67223155,0.015760522,0.23834655,0.0026880174,0.2599576,0.026852379,0.5104306,0.022796582
375316653866487564,5897265215837369856,0.5222284,2324.99884995832,2.602837916548189,1.2808752E-5,18.787779,0.01745536,0.22936451,0.0036884148,0.09312186,0.01119431,0.27491733,0.013415348,0.73485065,0.004897792,0.080708064,0.012279204,0.31620532,0.027695188,null,null,null,null,"TWOGAUSSIANS",8,3.1052103,0.73485065,0.004897792,0.4,0.0,0.30768356,0.032550674,0.22936451,0.0036884148,0.4,0.0,0.26639527,0.012402441
375316653866487564,5897266285295331072,0.6177721,2328.7616924079744,0.5590183073528799,4.726139E-6,15.483068,0.0015703107,0.33385494,0.0012197066,0.019352365,0.0015529197,0.3928826,0.03957226,0.834505,0.0018642471,0.018620523,0.0013361995,0.27706194,0.03291718,null,null,null,null,"TWOGAUSSIANS",8,21.21949,0.33385494,0.0012197066,0.10837324,0.00869635,0.3928826,0.03957226,0.834505,0.0018642471,0.10427493,0.007482717,0.27706194,0.03291718
375316653866487564,5897266865104841728,0.52173764,2333.695372820209,3.1935178089297813,1.3958933E-5,18.379358,0.038003143,0.22437628,0.0060707894,0.122287065,0.017715737,0.28996345,0.034344044,0.72388136,0.003508869,0.10416121,0.009429639,0.3472862,0.036229666,null,null,null,null,"TWOGAUSSIANS",8,4.4452953,0.72388136,0.0035074854,0.4,0.0,0.2930143,0.008273569,0.22437628,0.0060707894,0.4,0.0,0.23556255,0.014780826
375316653866487564,5897268724837031040,0.6404723,2326.989449923319,3.7677587740882568,3.784704E-6,17.634592,0.0057671154,0.23381725,0.0013751048,0.04672852,0.0029124678,0.21499796,0.020103473,0.7337212,0.0011013333,0.044708155,0.0017809168,0.3748469,0.014865878,0.13377582,0.010284681,0.23381725,0.0013751048,"TWOGAUSSIANS_WITH_ELLIPSOIDAL_ON_ECLIPSE1",9,4.35485,0.73373115,0.0010152111,0.25036567,0.009973135,0.642398,0.01068231,0.23381725,0.0013751048,0.2616797,0.01630982,0.48254913,0.017238185
375316653866487564,5897269171506180352,0.51336306,2335.7057030971123,3.0704359895522013,1.7695054E-5,18.588896,0.062250387,0.27757224,0.0084630735,0.13987264,0.02603062,0.24511063,0.059448764,0.7520044,0.0043336865,0.11657576,0.014221436,0.28204226,0.05834893,null,null,null,null,"TWOGAUSSIANS",8,2.8125598,0.7520044,0.0043336865,0.4,0.0,0.21956526,0.009870956,0.27774224,0.008339685,0.4,0.0,0.18172722,0.015477883
