Gaia/vari_eclipsing_binary/VariEclipsingBinary_349439-350312.csv
# %ECSV 1.0
# ---
# delimiter: ','
# meta: !!omap
# - RELEASE: Gaia DR3
# - TABLE: vari_eclipsing_binary
# - DESCRIPTION: >
#     This table describes the properties of the eclipsing binaries resulting from the variability analysis. 
# - CITATION: >
#     How to cite and acknowledge Gaia: 
#     https://gea.esac.esa.int/archive/documentation/credits.html 
# - KNOWN_ISSUES: >
#     Known issues: 
#     https://www.cosmos.esa.int/web/gaia-users/known-issues 
# - DOCUMENTATION: >
#     Tutorials and documentation: 
#     https://www.cosmos.esa.int/web/gaia-users/archive 
# datatype:
# - 
#   name: solution_id
#   datatype: int64
#   description: Solution Identifier
#   meta:
#     ucd: meta.version
# - 
#   name: source_id
#   datatype: int64
#   description: Unique source identifier
#   meta:
#     ucd: meta.id;meta.main
# - 
#   name: global_ranking
#   datatype: float32
#   description: Number between 0 (worst) and 1 (best)
#   meta:
#     ucd: stat.param
# - 
#   name: reference_time
#   datatype: float64
#   unit: d
#   description: Reference time used for the geometric model fit
#   meta:
#     ucd: time.epoch
# - 
#   name: frequency
#   datatype: float64
#   unit: d**-1
#   description: Frequency of geometric model of the eclipsing binary light curve
#   meta:
#     ucd: src.orbital
# - 
#   name: frequency_error
#   datatype: float32
#   unit: d**-1
#   description: "Uncertainty of \\texttt{frequency}"
#   meta:
#     ucd: stat.error
# - 
#   name: geom_model_reference_level
#   datatype: float32
#   unit: mag
#   description: Magnitude reference level of geometric model
#   meta:
#     ucd: phot.mag;em.opt
# - 
#   name: geom_model_reference_level_error
#   datatype: float32
#   unit: mag
#   description: "Uncertainty of \\texttt{geomModelReferenceLevel}"
#   meta:
#     ucd: stat.error;phot.mag;em.opt
# - 
#   name: geom_model_gaussian1_phase
#   datatype: float32
#   description: Phase of the Gaussian 1 component
#   meta:
#     ucd: time.phase
# - 
#   name: geom_model_gaussian1_phase_error
#   datatype: float32
#   description: "Uncertainty of \\texttt{geomModelGaussian1Phase}"
#   meta:
#     ucd: stat.error;time.phase
# - 
#   name: geom_model_gaussian1_sigma
#   datatype: float32
#   description: "Standard deviation [phase] of Gaussian 1 component"
#   meta:
#     ucd: stat.stdev
# - 
#   name: geom_model_gaussian1_sigma_error
#   datatype: float32
#   description: "Uncertainty of \\texttt{geomModelGaussian1Sigma}"
#   meta:
#     ucd: stat.error
# - 
#   name: geom_model_gaussian1_depth
#   datatype: float32
#   unit: mag
#   description: Magnitude depth of Gaussian 1 component
#   meta:
#     ucd: src.var.amplitude
# - 
#   name: geom_model_gaussian1_depth_error
#   datatype: float32
#   unit: mag
#   description: "Uncertainty of \\texttt{geomModelGaussian1Depth}"
#   meta:
#     ucd: stat.error;src.var.amplitude
# - 
#   name: geom_model_gaussian2_phase
#   datatype: float32
#   description: Phase of Gaussian 2 component
#   meta:
#     ucd: time.phase
# - 
#   name: geom_model_gaussian2_phase_error
#   datatype: float32
#   description: "Uncertainty of \\texttt{geomModelGaussian2Phase}"
#   meta:
#     ucd: stat.error;time.phase
# - 
#   name: geom_model_gaussian2_sigma
#   datatype: float32
[...]
#   datatype: float32
#   description: "Secondary eclipse: uncertainty of \\texttt{derivedSecondaryEclDuration}"
#   meta:
#     ucd: stat.error;time.duration
# - 
#   name: derived_secondary_ecl_depth
#   datatype: float32
#   unit: mag
#   description: "Secondary eclipse: depth"
#   meta:
#     ucd: src.var.amplitude
# - 
#   name: derived_secondary_ecl_depth_error
#   datatype: float32
#   unit: mag
#   description: "Secondary eclipse: uncertainty of \\texttt{derivedSecondaryEclDepth}"
#   meta:
#     ucd: stat.error;src.var.amplitude
solution_id,source_id,global_ranking,reference_time,frequency,frequency_error,geom_model_reference_level,geom_model_reference_level_error,geom_model_gaussian1_phase,geom_model_gaussian1_phase_error,geom_model_gaussian1_sigma,geom_model_gaussian1_sigma_error,geom_model_gaussian1_depth,geom_model_gaussian1_depth_error,geom_model_gaussian2_phase,geom_model_gaussian2_phase_error,geom_model_gaussian2_sigma,geom_model_gaussian2_sigma_error,geom_model_gaussian2_depth,geom_model_gaussian2_depth_error,geom_model_cosine_half_period_amplitude,geom_model_cosine_half_period_amplitude_error,geom_model_cosine_half_period_phase,geom_model_cosine_half_period_phase_error,model_type,num_model_parameters,reduced_chi2,derived_primary_ecl_phase,derived_primary_ecl_phase_error,derived_primary_ecl_duration,derived_primary_ecl_duration_error,derived_primary_ecl_depth,derived_primary_ecl_depth_error,derived_secondary_ecl_phase,derived_secondary_ecl_phase_error,derived_secondary_ecl_duration,derived_secondary_ecl_duration_error,derived_secondary_ecl_depth,derived_secondary_ecl_depth_error
[from data line 177]
375316653866487564,3076802695547611776,0.4932998,2247.709169127727,4.45603229529102,1.1908272E-5,19.327482,0.0064416532,0.313088,0.002626192,0.05970659,0.0037563527,0.2359774,0.009036225,0.7987999,0.010267483,0.051330958,0.010168679,0.22469796,0.02527862,null,null,null,null,"TWOGAUSSIANS",8,1.5859979,0.313088,0.002626192,0.3343569,0.021035576,0.2359673,0.00903088,0.7987999,0.010267483,0.28745338,0.056944605,0.22468786,0.025288096
375316653866487564,3076803180878730880,0.5738863,2208.7080530305643,1.2410394548650128,6.1548394E-6,16.022152,0.0013038561,0.27284592,0.07967997,0.046091754,0.045989558,0.008019044,0.04807789,0.4403965,0.0013384623,0.005246835,0.0012214017,0.58110565,0.19939196,null,null,null,null,"TWOGAUSSIANS",8,13.703647,0.4403965,0.0013384623,0.029382275,0.00683985,0.5811165,0.19944279,0.27284592,0.07967997,0.25811383,0.25754154,0.008019044,0.04807789
375316653866487564,3076850318143783808,0.5418232,2200.8980809842424,3.5678509184461467,1.8024248E-5,18.591282,0.008363911,0.2552548,0.0032245475,0.07291719,0.0060568755,0.2577524,0.019969052,0.75470275,0.0057301912,0.07534066,0.005769434,0.21983992,0.011049225,null,null,null,null,"TWOGAUSSIANS",8,3.7317476,0.2552548,0.0032245475,0.4,0.0,0.25616145,0.020295473,0.75470275,0.0057301912,0.4,0.0,0.21824896,0.010507132
375316653866487564,3076858740575447040,0.65402293,2212.3037893658216,3.9235388431281017,3.0372287E-6,17.46749,0.0051422846,0.24292569,9.910982E-4,0.041680843,0.0021459223,0.3518226,0.023819717,0.74050117,9.3507825E-4,0.043670103,0.0016457238,0.4584152,0.013666564,0.15192336,0.008413226,0.24292569,9.910982E-4,"TWOGAUSSIANS_WITH_ELLIPSOIDAL_ON_ECLIPSE1",9,4.7508693,0.74072117,8.3282386E-4,0.24455257,0.009216053,0.76219773,0.013826713,0.24292569,9.910982E-4,0.23341273,0.012017165,0.6556693,0.024377292
375316653866487564,3076863581003773184,0.50971705,2211.7241841123077,3.348404387916867,1.2631369E-5,19.353422,0.014223771,0.22262688,0.004045641,0.09132041,0.0066725044,0.2766976,0.016057035,0.7261733,0.003931585,0.090704314,0.0080965245,0.30497023,0.018230028,null,null,null,null,"TWOGAUSSIANS",8,2.6078622,0.7261733,0.003931585,0.4,0.0,0.29231638,0.020857144,0.22262688,0.004045641,0.4,0.0,0.26404372,0.01366482
375316653866487564,3076864616090707072,0.56878424,2224.387004208383,3.840438161253154,6.027031E-6,16.389992,0.037917536,0.2397065,0.0016587035,0.056178134,0.007551507,0.43302533,0.07598475,0.73211443,0.0027759124,0.06815013,0.0070261885,0.3646526,0.08306048,0.078139,0.047533657,0.2397065,0.0016587035,"TWOGAUSSIANS_WITH_ELLIPSOIDAL_ON_ECLIPSE1",9,40.61309,0.2397065,0.0016587035,0.31459755,0.04228844,0.5890009,0.031612627,0.7331444,0.0023162994,0.38164073,0.039346654,0.520321,0.021720454
375316653866487564,3076877844590130560,0.6054237,2231.789522034235,3.0580158730563416,1.1227569E-5,15.797446,0.0072369925,0.27674055,0.0021200469,0.072500534,0.0030645358,0.43732575,0.00952797,0.7676105,0.0030808793,0.075212106,0.003412455,0.5660283,0.01037827,null,null,null,null,"TWOGAUSSIANS",8,71.53747,0.7676105,0.0030808793,0.4,0.0,0.56340474,0.009902284,0.27674055,0.0021200469,0.4,0.0010151354,0.4347022,0.0092059765
375316653866487564,3076885055840130304,0.5684785,2196.6526684953997,1.0255917778233723,6.031067E-6,18.095592,0.0022787652,0.2375661,8.5613725E-4,0.025375526,9.2008087E-4,0.66651094,0.06358374,0.7412565,0.0032781535,0.02935039,0.002462614,0.33068517,0.016653214,0.05325954,0.0046971403,0.2375661,8.5613725E-4,"TWOGAUSSIANS_WITH_ELLIPSOIDAL_ON_ECLIPSE1",9,3.839405,0.2375661,8.5613725E-4,0.14210294,0.0051524527,0.77303004,0.062768176,0.7412565,0.0032781535,0.16436219,0.013790639,0.43714696,0.016731707
375316653866487564,3076920862984015616,0.43116626,2220.5911883548797,0.07141883894956537,1.4521393E-6,17.062561,0.014463187,0.4104937,2.0197031E-4,0.0012754377,2.4127858E-4,1.507568,0.7990828,0.92774093,0.015261096,0.14203988,0.029084848,0.08405864,0.015999608,null,null,null,null,"TWOGAUSSIANS",8,5.6301126,0.4104937,2.0197031E-4,0.007142451,0.0013511601,1.507597,0.7990825,0.92774093,0.015261096,0.4,0.0,0.083715975,0.01590854
375316653866487564,3076928422124903680,0.6416009,2212.8861811139877,3.277519367681499,4.8164825E-6,14.62351,0.0060457657,0.20916618,0.0010691117,0.047144476,0.0016889633,0.42415035,0.014785758,0.7062518,0.0031370607,0.04178508,0.0023156884,0.3751065,0.023695096,0.13104717,0.0072144847,0.20916618,0.0010691117,"TWOGAUSSIANS_WITH_ELLIPSOIDAL_ON_ECLIPSE1",9,107.01283,0.20916618,0.0010691117,0.26400906,0.0094581945,0.68624395,0.009127699,0.7065118,0.0028533381,0.23399645,0.012967855,0.6371199,0.02129929
375316653866487564,3076938210355894784,0.6555357,2218.225418572657,1.6230096681444537,6.7957803E-6,18.056467,0.0033839222,0.2735027,0.0014373275,0.036406457,0.0014697305,0.7728198,0.017108697,0.7742248,0.008086458,0.039825678,0.004232659,0.0768294,0.0119440695,0.026855648,0.0047147516,0.2735027,0.0014373275,"TWOGAUSSIANS_WITH_ELLIPSOIDAL_ON_ECLIPSE1",9,2.7765224,0.2735027,0.0014373275,0.20387615,0.008230492,0.8265311,0.01650966,0.7742248,0.007849684,0.2230238,0.023702892,0.1305396,0.0091652535
375316653866487564,3076942956294118784,0.6100998,2215.7100286539426,3.219452386644596,7.084568E-6,15.929957,0.008033678,0.25441688,0.0018566644,0.046689883,0.0055751307,0.31007424,0.025533672,0.7501384,0.0030809196,0.042342633,0.0047209403,0.18445282,0.023757972,0.12393847,0.015993834,0.25441688,0.0018566644,"TWOGAUSSIANS_WITH_ELLIPSOIDAL_ON_ECLIPSE1",9,50.036987,0.25441688,0.0018566644,0.26146334,0.031220732,0.5579509,0.031644147,0.75081843,0.0024964684,0.23711874,0.026437266,0.432179,0.014569427
375316653866487564,3076950167544203776,0.5284012,2215.7904594795214,2.5742950928769424,8.258432E-6,18.088818,0.00408731,0.24844328,0.0021040088,0.03337233,0.0026198386,0.19704022,0.018901922,0.74514985,7.150846E-4,0.031713307,7.758646E-4,0.3832778,0.009316851,null,null,null,null,"TWOGAUSSIANS",8,7.818225,0.74514985,7.150846E-4,0.17759453,0.0043448415,0.3832778,0.009316851,0.24844328,0.0021040088,0.18688504,0.014671096,0.19704022,0.018901922
375316653866487564,3076951992905481984,0.57305306,2221.557656341813,2.796844676429871,9.322178E-6,16.112358,0.012469738,0.23998365,0.0017959249,0.09329132,0.0046566264,0.39821312,0.017447919,0.74635905,0.001868352,0.09074281,0.0043226206,0.42533392,0.012445498,null,null,null,null,"TWOGAUSSIANS",8,17.333761,0.74635905,0.001868352,0.4,0.0,0.40666366,0.009710164,0.23998365,0.0017959249,0.4,0.0,0.37954262,0.018175282
375316653866487564,3076961819790716544,0.4060578,2211.9996385809422,3.986197741116888,4.139093E-5,15.077946,0.0016598409,0.50271934,0.0070133074,0.023723748,0.005037308,0.11179389,0.03638422,0.86127996,0.0043072053,0.022546569,0.0034836435,0.24725482,0.11563693,null,null,null,null,"TWOGAUSSIANS",8,28.761894,0.86127996,0.0043072053,0.12626079,0.019508403,0.24725482,0.11563693,0.50271934,0.0070133074,0.13285299,0.028208926,0.11179389,0.03638422
375316653866487564,3076964396771048704,0.54365593,2230.5906640791936,2.163921913182502,1.8322491E-5,14.23318,0.03530662,0.15092924,0.0034745103,0.12616387,0.026988951,0.10481727,0.034221478,0.6492063,0.002168868,0.118477084,0.019872047,0.14084677,0.031165808,null,null,null,null,"TWOGAUSSIANS",8,27.403664,0.6492063,0.002168868,0.4,0.0,0.11155811,0.0044233906,0.15093924,0.0035010525,0.4,0.0,0.07548533,0.003226002
375316653866487564,3076978686127198720,0.5952223,2221.461953345043,4.040985306324857,5.090829E-6,17.498003,0.013895791,0.18104208,0.0012068524,0.048370015,0.0045464556,0.5000163,0.034628104,0.67313194,0.0018966646,0.054170765,0.0038782319,0.37368965,0.0543275,0.09686406,0.019120269,0.67313194,0.0018966646,"TWOGAUSSIANS_WITH_ELLIPSOIDAL_ON_ECLIPSE2",9,9.184066,0.18051207,0.0011682716,0.2708721,0.025460152,0.69328845,0.05802616,0.67313194,0.0018966646,0.3033563,0.021718098,0.5674081,0.041391846
375316653866487564,3076987757097269504,0.561205,2231.2291941155763,2.9903995043494365,2.2928607E-5,18.904343,0.022376733,0.2504114,0.0066551315,0.09259642,0.011497317,0.39135557,0.04041852,0.7463808,0.005961568,0.094974026,0.008984848,0.37074685,0.024328163,null,null,null,null,"TWOGAUSSIANS",8,3.1229508,0.2504114,0.0066551315,0.4,0.0,0.3707671,0.04370561,0.7463808,0.005961568,0.4,0.0,0.35015798,0.015856327
375316653866487564,3077002050751062656,0.41420764,2194.1798289133976,2.439951626759437,6.036868E-5,19.642115,0.022291388,0.18963875,0.0070536435,0.026158141,0.0067487974,0.2256162,0.040404115,0.7073148,0.0082606245,0.053382024,0.082852736,0.18426134,0.15963201,null,null,null,null,"TWOGAUSSIANS",8,5.371414,0.18963875,0.0070536435,0.14648558,0.037793264,0.2256162,0.04035126,0.7073148,0.0082606245,0.29893935,0.20258726,0.18426132,0.15978093
375316653866487564,3077023014484693504,0.57299525,2215.422799444582,0.654269520483816,4.795857E-5,14.67275,7.7399303E-4,0.25248697,4.6078916E-4,0.020106263,6.294439E-4,0.15154505,0.002810936,0.75199264,0.013740007,0.01739864,0.0120222205,0.029150058,0.026796767,0.005371142,0.0010607841,0.25248697,4.6078916E-4,"TWOGAUSSIANS_WITH_ELLIPSOIDAL_ON_ECLIPSE1",9,7.2030954,0.25248697,4.6078916E-4,0.112595074,0.003524886,0.16228734,0.002236531,0.75199264,0.013737978,0.09743238,0.06732444,0.039892238,0.027619803
375316653866487564,3077036066889989888,0.42852432,2219.2317469279546,2.407564230360802,1.7310827E-5,18.372272,0.0070702485,0.20239459,0.007924499,0.023973199,0.0052822335,0.08168078,0.033147298,0.66413665,0.0075529614,0.08801194,0.022316175,0.09831196,0.017739972,null,null,null,null,"TWOGAUSSIANS",8,8.255339,0.66413665,0.0075529614,0.4,0.0,0.09831044,0.017743517,0.20239459,0.007924499,0.13424991,0.029580507,0.08167937,0.03314651
375316653866487564,3077037853596417152,0.51809454,2232.775422260553,0.31902444407943426,1.1546833E-5,16.27298,0.0026678767,0.42086014,0.013121686,0.01357478,0.048255872,0.21241894,0.2660959,0.926691,7.7729055E-5,0.0060564736,7.793609E-5,0.4645552,0.0045306627,null,null,null,null,"TWOGAUSSIANS",8,33.170788,0.926691,7.7729055E-5,0.03391625,4.3644215E-4,0.4645552,0.0045306627,0.42086014,0.013121686,0.076018766,0.2702329,0.21241894,0.2660959
375316653866487564,3077058542454024832,0.57305866,2234.410874865334,4.147682769949851,9.501333E-6,18.733118,0.0073975488,0.24317336,0.0046237977,0.06858457,0.0054432726,0.3384881,0.009880935,0.74524176,0.0029607478,0.07220009,0.004687735,0.38526866,0.014143972,null,null,null,null,"TWOGAUSSIANS",8,2.8743753,0.74524176,0.0029607478,0.4,0.008698044,0.38401642,0.014322619,0.24317336,0.0046237977,0.3840736,0.027031954,0.3372359,0.0097088
375316653866487564,3077062322025214720,0.4672021,2218.1501434437487,2.4309188332796072,1.565513E-5,18.98619,0.004555923,0.20520882,0.0045385645,0.03148923,0.006351763,0.3339456,0.062420227,0.72877276,0.020407178,0.040360905,0.009938598,0.12511154,0.035933238,null,null,null,null,"TWOGAUSSIANS",8,3.8802612,0.20520882,0.0045385645,0.1763397,0.035569873,0.3339456,0.062420227,0.72877276,0.020407178,0.22602107,0.055656146,0.12511154,0.035933238
375316653866487564,3077091282989750656,0.5957533,2241.3280409489025,3.813928944671702,5.1008774E-6,17.86456,0.017879844,0.23447505,0.0026315881,0.050146583,0.005196039,0.36581007,0.033620458,0.73399603,0.0059493994,0.05623869,0.008760257,0.37290767,0.037980683,0.10005778,0.019031774,0.23447505,0.0026315881,"TWOGAUSSIANS_WITH_ELLIPSOIDAL_ON_ECLIPSE1",9,7.6048636,0.73405606,0.0053588413,0.31493667,0.049057435,0.5730004,0.03954504,0.23447505,0.0026315881,0.28082088,0.02909782,0.5659044,0.0192744
375316653866487564,3077098434110929152,0.46317592,2220.779482459,0.12097022524128603,1.2435891E-5,16.825804,0.0019335232,0.17075695,0.0030354785,0.010980343,0.0046282145,0.58652365,0.2116799,0.88230807,0.012668954,0.032740325,0.0067444304,0.21253261,0.058046833,null,null,null,null,"TWOGAUSSIANS",8,6.943893,0.17075695,0.0030354785,0.06148992,0.025918001,0.58652365,0.2116799,0.88230807,0.012668954,0.18334582,0.037768807,0.21253261,0.058046833
375316653866487564,3077146159787371264,0.5394298,2231.1078250590886,3.5464472493055768,2.6190892E-5,16.897429,0.017743148,0.16074704,0.0032953,0.097862795,0.007791287,0.25286454,0.020549716,0.65967804,0.0045728786,0.105988525,0.010956615,0.19892067,0.017171333,null,null,null,null,"TWOGAUSSIANS",8,11.950281,0.16074704,0.0032953,0.4,0.0,0.2311761,0.01583468,0.65967804,0.0045728786,0.4,0.0,0.17722747,0.008513114
375316653866487564,3077174609650699264,0.495164,2210.1166809223473,3.0066555328860614,7.1923278E-6,14.472566,0.0040680314,0.36994046,6.466904E-4,0.005723918,3.7352514E-4,0.17326346,0.0067505348,0.776003,1.473128E-4,0.010855053,1.8137654E-4,0.90773386,0.02053652,null,null,null,null,"TWOGAUSSIANS",8,564.55457,0.776003,1.473128E-4,0.060788292,0.0010157087,0.90773386,0.02053652,0.36994046,6.466904E-4,0.03205394,0.0020917407,0.17326346,0.0067505348
375316653866487564,3077183302664481536,0.53273326,2255.289578541758,2.772652147112665,1.7632707E-5,16.020512,0.0067587146,0.20746182,0.0038876925,0.04308126,0.006818802,0.10837521,0.018311355,0.7089395,0.004581031,0.05001542,0.006774552,0.22094092,0.029497754,0.046963844,0.008015194,0.20746182,0.0038876925,"TWOGAUSSIANS_WITH_ELLIPSOIDAL_ON_ECLIPSE1",9,52.85264,0.7089395,0.00454264,0.28008634,0.037937492,0.3148598,0.0336751,0.20746182,0.0038876925,0.24125506,0.03818529,0.20230217,0.012067164
375316653866487564,3077198141776672896,0.5182823,2246.0981169029874,4.496090810261599,4.2269745E-5,19.022964,0.020652186,0.23820339,0.005426821,0.07072617,0.006250098,0.31970188,0.019419553,0.71485275,0.009972982,0.12336255,0.01953859,0.24731797,0.020236857,null,null,null,null,"TWOGAUSSIANS",8,3.1309903,0.2382534,0.005443043,0.39606658,0.022520892,0.30623493,0.011294941,0.71485275,0.009972982,0.4,0.0,0.23367862,0.0152051505
375316653866487564,3077204876284560000,0.4845271,2250.829794430004,0.04075636901435934,6.268402E-5,18.318047,0.015322707,0.3307583,0.006477543,0.04900893,0.0119454395,0.11462776,0.040975887,0.7795348,0.012072278,0.082056776,0.015947511,0.31317955,0.076208174,null,null,null,null,"TWOGAUSSIANS",8,4.4841413,0.7795348,0.012072278,0.4,0.0,0.31311956,0.07628839,0.3307583,0.006477543,0.27445,0.066894464,0.11456787,0.040992904
375316653866487564,3077229241634795392,0.6493149,2239.829289404448,2.7807561525238578,4.7916565E-6,16.417355,0.011174616,0.21761073,0.0010856065,0.06177752,0.0041430583,0.26752874,0.022142055,0.71891785,0.0025920249,0.06464929,0.0049425145,0.23997824,0.022520928,0.086162135,0.01222465,0.21761073,0.0010856065,"TWOGAUSSIANS_WITH_ELLIPSOIDAL_ON_ECLIPSE1",9,7.2415166,0.21761073,0.0010856065,0.34595412,0.023201127,0.4396533,0.009870761,0.71891785,0.002571169,0.36203602,0.027678082,0.4120912,0.012133743
375316653866487564,3077236178005670912,0.6790711,2233.153582012154,0.40300622809617326,4.84656E-6,16.649218,0.0038626243,0.25935125,1.4418352E-4,0.030047042,1.934515E-4,1.2252121,0.006882352,0.7588454,0.008672528,0.037635624,0.0071699144,0.11126163,0.03182559,null,null,null,null,"TWOGAUSSIANS",8,18.307167,0.25935125,1.4418352E-4,0.16826344,0.0010833284,1.2252121,0.006882352,0.7588454,0.008672528,0.21075949,0.040151518,0.11126163,0.03182559
375316653866487564,3077250441593378688,0.6908618,2245.3735968709375,0.31504876490853995,1.3526466E-6,15.481003,0.0011081911,0.40026152,6.159166E-5,0.016659405,6.2543535E-5,0.61989003,0.0021279682,0.5730888,0.022579866,0.03569459,0.029331435,0.01385913,0.015857393,0.0023527297,0.0016557444,0.5730888,0.022579866,"TWOGAUSSIANS_WITH_ELLIPSOIDAL_ON_ECLIPSE2",9,10.769994,0.40027153,6.159166E-5,0.09329267,3.502438E-4,0.62091255,0.0023299665,0.5730888,0.022579866,0.1998897,0.16425604,0.018564576,0.015321991
