Gaia/vari_eclipsing_binary/VariEclipsingBinary_587648-590065.csv
# %ECSV 1.0
# ---
# delimiter: ','
# meta: !!omap
# - RELEASE: Gaia DR3
# - TABLE: vari_eclipsing_binary
# - DESCRIPTION: >
#     This table describes the properties of the eclipsing binaries resulting from the variability analysis. 
# - CITATION: >
#     How to cite and acknowledge Gaia: 
#     https://gea.esac.esa.int/archive/documentation/credits.html 
# - KNOWN_ISSUES: >
#     Known issues: 
#     https://www.cosmos.esa.int/web/gaia-users/known-issues 
# - DOCUMENTATION: >
#     Tutorials and documentation: 
#     https://www.cosmos.esa.int/web/gaia-users/archive 
# datatype:
# - 
#   name: solution_id
#   datatype: int64
#   description: Solution Identifier
#   meta:
#     ucd: meta.version
# - 
#   name: source_id
#   datatype: int64
#   description: Unique source identifier
#   meta:
#     ucd: meta.id;meta.main
# - 
#   name: global_ranking
#   datatype: float32
#   description: Number between 0 (worst) and 1 (best)
#   meta:
#     ucd: stat.param
# - 
#   name: reference_time
#   datatype: float64
#   unit: d
#   description: Reference time used for the geometric model fit
#   meta:
#     ucd: time.epoch
# - 
#   name: frequency
#   datatype: float64
#   unit: d**-1
#   description: Frequency of geometric model of the eclipsing binary light curve
#   meta:
#     ucd: src.orbital
# - 
#   name: frequency_error
#   datatype: float32
#   unit: d**-1
#   description: "Uncertainty of \\texttt{frequency}"
#   meta:
#     ucd: stat.error
# - 
#   name: geom_model_reference_level
#   datatype: float32
#   unit: mag
#   description: Magnitude reference level of geometric model
#   meta:
#     ucd: phot.mag;em.opt
# - 
#   name: geom_model_reference_level_error
#   datatype: float32
#   unit: mag
#   description: "Uncertainty of \\texttt{geomModelReferenceLevel}"
#   meta:
#     ucd: stat.error;phot.mag;em.opt
# - 
#   name: geom_model_gaussian1_phase
#   datatype: float32
#   description: Phase of the Gaussian 1 component
#   meta:
#     ucd: time.phase
# - 
#   name: geom_model_gaussian1_phase_error
#   datatype: float32
#   description: "Uncertainty of \\texttt{geomModelGaussian1Phase}"
#   meta:
#     ucd: stat.error;time.phase
# - 
#   name: geom_model_gaussian1_sigma
#   datatype: float32
#   description: "Standard deviation [phase] of Gaussian 1 component"
#   meta:
#     ucd: stat.stdev
# - 
#   name: geom_model_gaussian1_sigma_error
#   datatype: float32
#   description: "Uncertainty of \\texttt{geomModelGaussian1Sigma}"
#   meta:
#     ucd: stat.error
# - 
#   name: geom_model_gaussian1_depth
#   datatype: float32
#   unit: mag
#   description: Magnitude depth of Gaussian 1 component
#   meta:
#     ucd: src.var.amplitude
# - 
#   name: geom_model_gaussian1_depth_error
#   datatype: float32
#   unit: mag
#   description: "Uncertainty of \\texttt{geomModelGaussian1Depth}"
#   meta:
#     ucd: stat.error;src.var.amplitude
# - 
#   name: geom_model_gaussian2_phase
#   datatype: float32
#   description: Phase of Gaussian 2 component
#   meta:
#     ucd: time.phase
# - 
#   name: geom_model_gaussian2_phase_error
#   datatype: float32
#   description: "Uncertainty of \\texttt{geomModelGaussian2Phase}"
#   meta:
#     ucd: stat.error;time.phase
# - 
#   name: geom_model_gaussian2_sigma
#   datatype: float32
[...]
#   datatype: float32
#   description: "Secondary eclipse: uncertainty of \\texttt{derivedSecondaryEclDuration}"
#   meta:
#     ucd: stat.error;time.duration
# - 
#   name: derived_secondary_ecl_depth
#   datatype: float32
#   unit: mag
#   description: "Secondary eclipse: depth"
#   meta:
#     ucd: src.var.amplitude
# - 
#   name: derived_secondary_ecl_depth_error
#   datatype: float32
#   unit: mag
#   description: "Secondary eclipse: uncertainty of \\texttt{derivedSecondaryEclDepth}"
#   meta:
#     ucd: stat.error;src.var.amplitude
solution_id,source_id,global_ranking,reference_time,frequency,frequency_error,geom_model_reference_level,geom_model_reference_level_error,geom_model_gaussian1_phase,geom_model_gaussian1_phase_error,geom_model_gaussian1_sigma,geom_model_gaussian1_sigma_error,geom_model_gaussian1_depth,geom_model_gaussian1_depth_error,geom_model_gaussian2_phase,geom_model_gaussian2_phase_error,geom_model_gaussian2_sigma,geom_model_gaussian2_sigma_error,geom_model_gaussian2_depth,geom_model_gaussian2_depth_error,geom_model_cosine_half_period_amplitude,geom_model_cosine_half_period_amplitude_error,geom_model_cosine_half_period_phase,geom_model_cosine_half_period_phase_error,model_type,num_model_parameters,reduced_chi2,derived_primary_ecl_phase,derived_primary_ecl_phase_error,derived_primary_ecl_duration,derived_primary_ecl_duration_error,derived_primary_ecl_depth,derived_primary_ecl_depth_error,derived_secondary_ecl_phase,derived_secondary_ecl_phase_error,derived_secondary_ecl_duration,derived_secondary_ecl_duration_error,derived_secondary_ecl_depth,derived_secondary_ecl_depth_error
[from data line 256]
375316653866487564,5189104449656161792,0.54563046,2191.6636104969607,3.4060256097263286,9.462996E-6,16.57777,0.0061612553,0.21388055,0.009399732,0.054421756,0.011491009,0.085509144,0.01829423,0.69948214,0.0027827122,0.047306187,0.013826114,0.019066043,0.022469023,0.07097332,0.011729878,0.69948214,0.0027827122,"TWOGAUSSIANS_WITH_ELLIPSOIDAL_ON_ECLIPSE2",9,15.864632,0.20985056,0.006508217,0.30476183,0.06434965,0.22661817,0.00892487,0.69948214,0.0027827122,0.26491466,0.07742624,0.16101077,0.008727757
375316653866487564,5189108744623586560,0.5191,2195.9199607524542,3.2495600313108333,9.711463E-6,17.73551,0.08407635,0.25744128,0.0043204464,0.13299584,0.025901863,0.30537954,0.07666644,0.7495578,0.0030128525,0.12097654,0.016075324,0.33159718,0.07907407,null,null,null,null,"TWOGAUSSIANS",8,6.7413034,0.7495578,0.0030128525,0.4,0.0,0.24633174,0.010730023,0.25751126,0.004294918,0.4,0.0,0.21971518,0.011661989
375316653866487564,5189112902152597376,0.44518983,2217.074607383447,3.8456417997596777,4.695789E-6,18.814886,0.034033835,0.20799032,0.024060411,0.050252076,0.024999889,0.43322876,0.36177915,0.7180333,0.0024524634,0.010429858,0.0032826022,0.6882497,0.12090707,0.16392656,0.054557674,0.20799032,0.024060411,"TWOGAUSSIANS_WITH_ELLIPSOIDAL_ON_ECLIPSE1",9,85.31144,0.7180333,0.0024533565,0.058407206,0.018382572,1.0147972,0.16867127,0.20799032,0.024060411,0.28141162,0.13999937,0.7610801,0.3285037
375316653866487564,5189141828755237376,0.4768874,2170.255191277878,3.9141704443323375,1.6846643E-5,18.942102,0.003469235,null,null,null,null,null,null,null,null,null,null,null,null,0.08701948,0.0056861984,0.30162463,0.004236927,"ELLIPSOIDAL",4,2.6946657,null,null,null,null,null,null,null,null,null,null,null,null
375316653866487564,5189166125386733440,0.5423633,2198.918492205962,2.9746895914359617,1.2011056E-5,16.764908,0.068829305,0.2774106,0.0046124253,0.12165246,0.027058229,0.21880415,0.065280065,0.76498896,0.0037971442,0.11831281,0.023904284,0.24164414,0.063433304,null,null,null,null,"TWOGAUSSIANS",8,9.5703745,0.76498896,0.0037971442,0.4,0.0,0.19476919,0.013368978,0.2774806,0.00453807,0.4,0.0,0.1718974,0.0077380887
375316653866487564,5189185779157135360,0.61867666,2192.437864764562,2.4259366364881068,5.7152165E-6,17.901608,0.0025276865,0.3150513,0.0014738136,0.03379474,0.0019556659,0.5950047,0.031436525,0.81565875,0.004872877,0.031154566,0.003359537,0.62414026,0.061236657,null,null,null,null,"TWOGAUSSIANS",8,4.891764,0.81565875,0.004872877,0.17446557,0.018813407,0.62414026,0.061236657,0.3150513,0.0014738136,0.18925053,0.0109517295,0.5950047,0.031436525
375316653866487564,5189194742751864064,0.49244693,2197.602334859145,0.6621516841400795,1.1970912E-5,19.689295,0.0078550475,0.23310287,0.0059442115,0.07364597,0.009398153,0.17306268,0.013773403,0.7359162,0.0037135652,0.055899605,0.0044967514,0.3259357,0.045535598,null,null,null,null,"TWOGAUSSIANS",8,1.8492192,0.7359162,0.0037135652,0.31303778,0.025181808,0.32569605,0.045590896,0.23310287,0.0059442115,0.4,0.021908322,0.17282306,0.013825345
375316653866487564,5189211205363649536,0.49814704,2195.486597734103,3.4952678348784842,1.8412162E-5,15.824942,0.3871262,0.21708658,0.004499689,0.15110177,0.042958632,0.39177853,0.25868675,0.7195988,0.0056968965,0.2438969,0.11978988,0.5147105,0.37551993,null,null,null,null,"TWOGAUSSIANS",8,25.165754,0.7200988,0.00541257,0.4,0.0,0.11361649,0.009078527,0.21544658,0.004987509,0.4,0.0,0.11309015,0.0073188664
375316653866487564,5189211274082923264,0.48456624,2187.9024129346753,0.2475883013947872,4.1846793E-5,15.923394,0.0018914619,0.350704,0.007627197,0.012042705,0.0045314683,0.22005308,0.26292622,0.91136575,0.007334488,0.021979049,0.00894556,0.025919724,0.009174152,null,null,null,null,"TWOGAUSSIANS",8,22.003534,0.350704,0.007627197,0.06743915,0.025376223,0.22005308,0.26292622,0.91136575,0.007334488,0.12308267,0.050095137,0.025919724,0.009174152
375316653866487564,5189214022862206848,0.551881,2225.363842308312,2.997484474915781,1.1579127E-5,15.728133,0.045864947,0.2478501,0.0047168517,0.12863863,0.015091902,0.2692897,0.04478309,0.7666857,0.0053489204,0.12321151,0.015613677,0.24509004,0.042851027,null,null,null,null,"TWOGAUSSIANS",8,26.265797,0.24769011,0.0045844843,0.4,0.0,0.20785086,0.0051100175,0.7669858,0.005290594,0.4,0.0,0.18382321,0.008161823
375316653866487564,5189223261334367872,0.46273324,2157.294941089227,0.49240180685927265,3.0552863E-5,18.981052,0.0068832985,0.16581069,0.0045658266,0.030623617,0.0037803787,0.19217867,0.008607367,0.5153588,0.068746075,0.09796394,0.11893468,0.024893366,0.009356906,null,null,null,null,"TWOGAUSSIANS",8,2.4859545,0.16582069,0.0045277444,0.17149225,0.02117012,0.19222125,0.009264393,0.5153588,0.068746075,0.4,0.0,0.024893157,0.009360044
375316653866487564,5189244667451829120,0.5266866,2264.3040863904353,4.7603056010014715,1.47544315E-5,19.356098,0.00882885,0.27520913,0.005833074,0.08265265,0.005451784,0.35764137,0.026293108,0.77550167,0.0048469193,0.065624,0.0048099807,0.31741235,0.010463156,null,null,null,null,"TWOGAUSSIANS",8,1.811058,0.27520913,0.005833074,0.4,0.0,0.35536847,0.026492333,0.77550167,0.0048469193,0.3674944,0.026935892,0.31513947,0.009938541
375316653866487564,5189256281042995968,0.4675499,2232.852565528782,1.0735708684996879,5.3156054E-5,18.388075,0.0058892285,0.7573951,0.017458111,0.014018568,0.0108106015,0.23305841,3.323557,null,null,null,null,null,null,0.026408378,0.00839177,0.7573951,0.017458111,"ONEGAUSSIAN_WITH_ELLIPSOIDAL",6,7.1204095,0.7573951,0.017458111,0.07850398,0.060539372,0.28587514,3.3254037,null,null,null,null,null,null
375316653866487564,5189282948497014912,0.68230426,2214.717321558923,2.2798416785956723,3.575218E-6,11.740636,0.004878604,0.27560806,0.0015185068,0.05364504,0.002555877,0.23073845,0.012022102,0.77959543,0.0015666743,0.054196868,0.0027645489,0.20404774,0.011177984,0.093996026,0.0073621077,0.27560806,0.0015185068,"TWOGAUSSIANS_WITH_ELLIPSOIDAL_ON_ECLIPSE1",9,84.089645,0.27560806,0.0015185068,0.30041224,0.014312912,0.41872254,0.009136722,0.77959543,0.0015666743,0.30350247,0.015481474,0.39191386,0.006540839
375316653866487564,5189290301480994304,0.53376937,2224.560218022118,0.45868817040167914,2.7862714E-5,19.279474,0.021047171,0.17907597,0.012479189,0.020831583,0.0059429845,0.8751847,3.4921758,0.7386577,0.021744682,0.15269078,0.08223077,0.05705936,0.0138492165,null,null,null,null,"TWOGAUSSIANS",8,2.174748,0.17906597,0.012479536,0.11665687,0.03328071,0.8754405,3.4920979,0.7386577,0.021744682,0.4,0.0,0.05635523,0.011215567
375316653866487564,5189292118249767808,0.5952115,2248.9732831711876,3.99833257602063,8.561573E-6,19.187952,0.016749114,0.2485077,0.0018479897,0.044037987,0.004726023,0.4138364,0.03728999,0.7449383,0.0042801406,0.047624834,0.0044868877,0.51630104,0.055522274,0.12860848,0.02232947,0.2485077,0.0018479897,"TWOGAUSSIANS_WITH_ELLIPSOIDAL_ON_ECLIPSE1",9,2.6169353,0.7452283,0.003949761,0.26669908,0.02512657,0.7733984,0.048501108,0.2485077,0.0018479897,0.24661271,0.026465729,0.6710525,0.0293499
375316653866487564,5189334797341970560,0.54146355,2194.409321908305,3.9791309770000005,1.0230586E-6,18.156134,0.0017828123,0.3746588,5.8090075E-7,4.1251752E-4,2.3006694E-6,0.8881916,0.004756968,0.6202106,0.028729603,0.02263378,0.025421688,0.016634168,0.005286467,null,null,null,null,"TWOGAUSSIANS",8,2.4119236,0.3746588,5.8090075E-7,0.0023100981,1.2883749E-5,0.8881916,0.004756968,0.6202106,0.028729603,0.12674917,0.14236146,0.016634168,0.005286467
375316653866487564,5189335003500411392,0.532359,2196.903305701207,2.262895975514244,8.6443115E-6,14.898523,0.0033421512,0.26025647,0.0023404455,0.039449804,0.009321998,0.07093852,0.024971167,null,null,null,null,null,null,0.13292924,0.0051656533,0.26025647,0.0023404455,"ONEGAUSSIAN_WITH_ELLIPSOIDAL",6,196.2204,0.26025647,0.0023404455,0.2209189,0.05220319,0.33679637,0.02365465,null,null,null,null,null,null
375316653866487564,5189336171731496192,0.649579,2195.8418890820194,3.0189337501474247,4.152538E-6,14.768857,0.009438907,0.1800375,0.0013948688,0.048148166,0.0038046376,0.3145755,0.01884335,0.67938286,0.0031830922,0.057267092,0.0038118993,0.36150384,0.026137495,0.11245053,0.010500679,0.1800375,0.0013948688,"TWOGAUSSIANS_WITH_ELLIPSOIDAL_ON_ECLIPSE1",9,50.44195,0.67947286,0.0028468112,0.32069573,0.021346636,0.5863759,0.02497688,0.1800375,0.0013948688,0.26962975,0.02130597,0.5394508,0.004964846
375316653866487564,5189340363619557120,0.45428494,2197.6899373260176,1.7299324109685992,4.1111198E-5,19.673548,0.009041635,0.268965,2.3654518E-5,0.009805379,6.279316E-4,0.5411478,0.016218591,0.76308,0.011064922,0.019633235,0.0139936,0.35933033,0.156886,0.02076569,0.014437902,0.76308,0.011064922,"TWOGAUSSIANS_WITH_ELLIPSOIDAL_ON_ECLIPSE2",9,3.0176497,0.268965,2.4038392E-5,0.054910127,0.003516417,0.58262247,0.042121597,0.76308,0.011064922,0.109946124,0.07836416,0.4008617,0.16862546
375316653866487564,5189354309376554368,0.55845207,2187.430700608851,3.3008026027130106,9.393969E-6,18.73886,0.012480958,0.24412863,0.0034020254,0.091734655,0.0060919775,0.3478819,0.015912216,0.7407027,0.002663365,0.094720736,0.0060016382,0.34321752,0.011382806,null,null,null,null,"TWOGAUSSIANS",8,2.5681305,0.24412863,0.0034020254,0.4,0.0,0.32983315,0.016008025,0.7407027,0.002663365,0.4,0.0,0.32516837,0.008374737
375316653866487564,5189354382392604544,0.6715926,2188.547065845516,0.3908228388208741,1.0233202E-6,16.434057,6.545752E-4,0.14939809,4.557315E-8,0.0070671826,4.9909063E-6,3.2378461,0.0042560096,0.7149125,2.6028586E-6,0.0013782294,5.1757368E-5,0.01165541,6.452059E-4,null,null,null,null,"TWOGAUSSIANS",8,2.8220837,0.14939809,4.557315E-8,0.039576225,2.7949076E-5,3.2378461,0.0042560096,0.7149125,2.6028586E-6,0.0077180844,2.8984126E-4,0.01165541,6.452059E-4
375316653866487564,5189381664024983552,0.5092547,2192.3678669068177,3.854585033397869,1.4148022E-5,19.063671,0.011904286,0.2653245,0.0051099276,0.08918391,0.008028605,0.20625108,0.0114301415,0.7715262,0.0043850928,0.08311983,0.007917305,0.26802596,0.01731838,null,null,null,null,"TWOGAUSSIANS",8,1.7672627,0.7715262,0.0043850928,0.4,0.0,0.26178727,0.018123396,0.2653245,0.0051099276,0.4,0.0,0.20001231,0.008043664
375316653866487564,5189386714906542336,0.5840801,2175.290101004152,2.60983140048231,7.546442E-6,14.09384,0.012321267,0.23058037,0.018312689,0.04831415,0.015256336,0.3230132,0.11716305,0.74010503,0.0017001253,0.04727529,0.003628458,0.28958848,0.030797498,0.10433049,0.014225141,0.74010503,0.0017001253,"TWOGAUSSIANS_WITH_ELLIPSOIDAL_ON_ECLIPSE2",9,297.74982,0.23159038,0.013541402,0.27055925,0.08543548,0.53100526,0.13004325,0.74010503,0.0017001253,0.26474163,0.020319365,0.4982478,0.021711802
375316653866487564,5189388256799234688,0.53380024,2174.2872696618215,2.2913728584673616,3.8942977E-5,18.063244,0.009236022,0.62219054,0.043688275,0.008921131,0.0305116,1.9508775,2.4770749,0.7588911,0.1716363,0.14447623,0.22775443,0.028884199,0.030271042,null,null,null,null,"TWOGAUSSIANS",8,7.5395145,0.62219054,0.043691363,0.04995833,0.17086495,1.9691937,2.4968896,0.7588911,0.1716363,0.4,0.2159911,0.02873934,0.030896781
375316653866487564,5189391520973898624,0.6320363,2172.4385919176393,1.2354431879159984,7.434574E-6,17.834276,0.0034071822,0.2688716,0.00259205,0.037964568,0.0028400489,0.11138031,0.0052294196,0.76703393,6.6659745E-4,0.03493037,5.7967554E-4,0.6753212,0.013732043,null,null,null,null,"TWOGAUSSIANS",8,3.710468,0.76703393,6.6659745E-4,0.19561009,0.003246183,0.6753212,0.013732043,0.2688716,0.00259205,0.21260157,0.015904274,0.11138031,0.0052294196
375316653866487564,5189397916181169280,0.43957546,2167.3652118647087,3.872187267037019,2.6282507E-5,19.546976,0.00473918,null,null,null,null,null,null,null,null,null,null,null,null,0.083276294,0.0068991757,0.25469998,0.0057390495,"ELLIPSOIDAL",4,2.4745471,null,null,null,null,null,null,null,null,null,null,null,null
375316653866487564,5189412038033469440,0.59298843,2192.2567461919025,4.06469644722444,6.785911E-6,14.674342,0.0028950253,0.2726996,0.0021899617,0.042868212,0.008830896,0.045802444,0.0068789604,0.7738376,0.004909824,0.050275907,0.0078679,0.063329935,0.006815084,0.035040807,0.0042680805,0.2726996,0.0021899617,"TWOGAUSSIANS_WITH_ELLIPSOIDAL_ON_ECLIPSE1",9,14.888106,0.7738376,0.004815446,0.28154507,0.04406024,0.13340764,0.0034055305,0.2726996,0.0021899617,0.240062,0.049453016,0.11588373,0.0037260242
375316653866487564,5189454747186978560,0.4948716,2166.817645594565,4.956759031142145,2.156815E-4,18.554132,0.03641644,0.31900063,0.022628287,0.23293608,0.11678821,0.04918067,0.034698047,0.71796626,0.04885641,0.042668127,0.04275298,0.3607961,291444.12,null,null,null,null,"TWOGAUSSIANS",8,1.7034667,0.71796626,0.04885641,0.2389415,0.2394167,0.36264563,291444.12,0.31900063,0.022628287,0.4,0.0,0.037933376,0.00660001
375316653866487564,5189458591183403136,0.4560516,2196.150734184265,0.8166417623164173,2.6830436E-5,17.181936,0.009833731,0.40073997,0.005772985,0.05186798,0.005350032,0.22250935,0.02605411,0.76875645,0.025481725,0.030280966,0.030884009,0.1587033,0.32112092,null,null,null,null,"TWOGAUSSIANS",8,62.842415,0.40073997,0.005772985,0.2904607,0.029960178,0.22250935,0.0260541,0.76875645,0.025481725,0.16957341,0.17295045,0.1587033,0.32112092
375316653866487564,5189462512489681664,0.44037387,2225.4058763192434,3.0060579075877802,6.369511E-5,17.073568,0.26793644,0.17395446,0.0069153737,0.11109439,0.034675505,0.1815196,0.13997877,0.6766458,0.023547545,0.21210484,0.19445156,0.18973075,0.2555339,null,null,null,null,"TWOGAUSSIANS",8,22.91425,0.17343445,0.0072595347,0.4,0.0,0.100919396,0.008634436,0.6766558,0.023537157,0.4,0.0,0.08556365,0.029393518
375316653866487564,5189467524715492224,0.58030325,2200.527313937979,4.356382046468199,1.1479258E-5,17.686344,0.011335973,0.24170117,0.0038944136,0.09343681,0.0072467667,0.22111687,0.0104059465,0.7442219,0.0053445906,0.097840115,0.008414917,0.23035468,0.011367505,null,null,null,null,"TWOGAUSSIANS",8,2.759488,0.7442219,0.0053445906,0.4,0.0,0.2160378,0.005938524,0.24170117,0.0038944136,0.4,0.0,0.2068007,0.0048008054
375316653866487564,5189476870562907904,0.42498016,2205.456487638749,2.2199583840143378,2.8187113E-5,14.653339,0.02847123,0.20111738,0.006665826,0.108634755,0.015730556,0.23829226,0.028073018,0.7336996,0.01687317,0.074764,0.022337547,0.22177023,0.08266204,null,null,null,null,"TWOGAUSSIANS",8,126.98848,0.20111738,0.006665826,0.4,0.0,0.23159128,0.021181714,0.73371965,0.01690277,0.4,0.06059698,0.21509346,0.0839236
375316653866487564,5189491031072201728,0.5486215,2195.4762081395666,2.3781546394642934,1.0026219E-5,14.441371,0.012401099,0.20479651,0.003920953,0.096521795,0.009654054,0.14883627,0.011587237,0.69980824,0.0025797894,0.10575829,0.0062717088,0.2551668,0.011590053,null,null,null,null,"TWOGAUSSIANS",8,75.88358,0.69980824,0.0025797894,0.4,0.0,0.23777863,0.007045928,0.20479651,0.0039289417,0.4,0.0,0.13145497,0.005609572
375316653866487564,5189505904542418432,0.4268577,2204.292151658108,1.1321202581016108,5.0660245E-5,19.131466,0.0149316015,0.3127413,0.0037844845,0.027441075,0.006338074,0.10026552,0.033215914,0.7462047,0.023955287,0.03495264,0.1002754,0.08151712,2.753048,0.03434233,0.016154246,0.7462047,0.023955287,"TWOGAUSSIANS_WITH_ELLIPSOIDAL_ON_ECLIPSE2",9,5.3146577,0.3103913,0.002442398,0.15367001,0.035493214,0.15800433,0.012512881,0.7462047,0.023955287,0.19573478,0.42231736,0.15020166,2.7781763
