Gaia/vari_eclipsing_binary/VariEclipsingBinary_207557-207587.csv
# %ECSV 1.0
# ---
# delimiter: ','
# meta: !!omap
# - RELEASE: Gaia DR3
# - TABLE: vari_eclipsing_binary
# - DESCRIPTION: >
#     This table describes the properties of the eclipsing binaries resulting from the variability analysis. 
# - CITATION: >
#     How to cite and acknowledge Gaia: 
#     https://gea.esac.esa.int/archive/documentation/credits.html 
# - KNOWN_ISSUES: >
#     Known issues: 
#     https://www.cosmos.esa.int/web/gaia-users/known-issues 
# - DOCUMENTATION: >
#     Tutorials and documentation: 
#     https://www.cosmos.esa.int/web/gaia-users/archive 
# datatype:
# - 
#   name: solution_id
#   datatype: int64
#   description: Solution Identifier
#   meta:
#     ucd: meta.version
# - 
#   name: source_id
#   datatype: int64
#   description: Unique source identifier
#   meta:
#     ucd: meta.id;meta.main
# - 
#   name: global_ranking
#   datatype: float32
#   description: Number between 0 (worst) and 1 (best)
#   meta:
#     ucd: stat.param
# - 
#   name: reference_time
#   datatype: float64
#   unit: d
#   description: Reference time used for the geometric model fit
#   meta:
#     ucd: time.epoch
# - 
#   name: frequency
#   datatype: float64
#   unit: d**-1
#   description: Frequency of geometric model of the eclipsing binary light curve
#   meta:
#     ucd: src.orbital
# - 
#   name: frequency_error
#   datatype: float32
#   unit: d**-1
#   description: "Uncertainty of \\texttt{frequency}"
#   meta:
#     ucd: stat.error
# - 
#   name: geom_model_reference_level
#   datatype: float32
#   unit: mag
#   description: Magnitude reference level of geometric model
#   meta:
#     ucd: phot.mag;em.opt
# - 
#   name: geom_model_reference_level_error
#   datatype: float32
#   unit: mag
#   description: "Uncertainty of \\texttt{geomModelReferenceLevel}"
#   meta:
#     ucd: stat.error;phot.mag;em.opt
# - 
#   name: geom_model_gaussian1_phase
#   datatype: float32
#   description: Phase of the Gaussian 1 component
#   meta:
#     ucd: time.phase
# - 
#   name: geom_model_gaussian1_phase_error
#   datatype: float32
#   description: "Uncertainty of \\texttt{geomModelGaussian1Phase}"
#   meta:
#     ucd: stat.error;time.phase
# - 
#   name: geom_model_gaussian1_sigma
#   datatype: float32
#   description: "Standard deviation [phase] of Gaussian 1 component"
#   meta:
#     ucd: stat.stdev
# - 
#   name: geom_model_gaussian1_sigma_error
#   datatype: float32
#   description: "Uncertainty of \\texttt{geomModelGaussian1Sigma}"
#   meta:
#     ucd: stat.error
# - 
#   name: geom_model_gaussian1_depth
#   datatype: float32
#   unit: mag
#   description: Magnitude depth of Gaussian 1 component
#   meta:
#     ucd: src.var.amplitude
# - 
#   name: geom_model_gaussian1_depth_error
#   datatype: float32
#   unit: mag
#   description: "Uncertainty of \\texttt{geomModelGaussian1Depth}"
#   meta:
#     ucd: stat.error;src.var.amplitude
# - 
#   name: geom_model_gaussian2_phase
#   datatype: float32
#   description: Phase of Gaussian 2 component
#   meta:
#     ucd: time.phase
# - 
#   name: geom_model_gaussian2_phase_error
#   datatype: float32
#   description: "Uncertainty of \\texttt{geomModelGaussian2Phase}"
#   meta:
#     ucd: stat.error;time.phase
# - 
#   name: geom_model_gaussian2_sigma
#   datatype: float32
[...]
#   datatype: float32
#   description: "Secondary eclipse: uncertainty of \\texttt{derivedSecondaryEclDuration}"
#   meta:
#     ucd: stat.error;time.duration
# - 
#   name: derived_secondary_ecl_depth
#   datatype: float32
#   unit: mag
#   description: "Secondary eclipse: depth"
#   meta:
#     ucd: src.var.amplitude
# - 
#   name: derived_secondary_ecl_depth_error
#   datatype: float32
#   unit: mag
#   description: "Secondary eclipse: uncertainty of \\texttt{derivedSecondaryEclDepth}"
#   meta:
#     ucd: stat.error;src.var.amplitude
solution_id,source_id,global_ranking,reference_time,frequency,frequency_error,geom_model_reference_level,geom_model_reference_level_error,geom_model_gaussian1_phase,geom_model_gaussian1_phase_error,geom_model_gaussian1_sigma,geom_model_gaussian1_sigma_error,geom_model_gaussian1_depth,geom_model_gaussian1_depth_error,geom_model_gaussian2_phase,geom_model_gaussian2_phase_error,geom_model_gaussian2_sigma,geom_model_gaussian2_sigma_error,geom_model_gaussian2_depth,geom_model_gaussian2_depth_error,geom_model_cosine_half_period_amplitude,geom_model_cosine_half_period_amplitude_error,geom_model_cosine_half_period_phase,geom_model_cosine_half_period_phase_error,model_type,num_model_parameters,reduced_chi2,derived_primary_ecl_phase,derived_primary_ecl_phase_error,derived_primary_ecl_duration,derived_primary_ecl_duration_error,derived_primary_ecl_depth,derived_primary_ecl_depth_error,derived_secondary_ecl_phase,derived_secondary_ecl_phase_error,derived_secondary_ecl_duration,derived_secondary_ecl_duration_error,derived_secondary_ecl_depth,derived_secondary_ecl_depth_error
[from data line 582]
375316653866487564,1825944945770990848,0.45984682,2178.2694276528346,2.066966696243351,3.8985487E-5,19.352806,0.032704875,0.3834244,0.019605722,0.06432722,0.023237929,0.42364943,0.049087208,0.77532494,0.058295175,0.035318095,0.037244804,0.16933866,0.116242915,null,null,null,null,"TWOGAUSSIANS",8,2.8124099,0.3834244,0.019605722,0.36023244,0.1268141,0.42364943,0.04908716,0.77532494,0.058295175,0.19778134,0.2085709,0.16933866,0.11624289
375316653866487564,1825945083231600256,0.6619805,2184.5582016043654,2.748522493663719,4.743322E-6,15.701551,0.006985239,0.24531482,0.0015296291,0.0474432,0.0020590145,0.38570705,0.017646415,0.74229175,9.82235E-4,0.0555862,0.0016050271,0.50737,0.017249996,0.10846605,0.009589876,0.24531482,0.0015296291,"TWOGAUSSIANS_WITH_ELLIPSOIDAL_ON_ECLIPSE1",9,29.643972,0.7425817,8.2451414E-4,0.31128272,0.008988152,0.72421354,0.01248638,0.24531482,0.0015296291,0.26568192,0.011530481,0.60262144,0.008527071
375316653866487564,1825945117569632384,0.47097358,2158.1650255922314,2.064313771051259,6.567336E-5,19.866837,0.0147729,0.23899205,0.012043003,0.05712688,0.009889905,0.2622444,0.031480588,0.7403181,0.011330615,0.036629215,0.011756454,0.24696033,0.05926814,null,null,null,null,"TWOGAUSSIANS",8,3.828581,0.23899205,0.012043003,0.31991053,0.05538347,0.2622441,0.03147988,0.7403181,0.011330615,0.20512359,0.06583614,0.24696001,0.059268005
375316653866487564,1825946045304736256,0.53022856,2156.657428896042,0.868217496783317,3.681006E-5,17.383688,0.009616566,0.22240186,0.0072950395,0.08303982,0.012536007,0.097641066,0.008990625,0.7238739,0.003988811,0.07950001,0.0055610402,0.2146429,0.010646044,null,null,null,null,"TWOGAUSSIANS",8,6.487915,0.7238739,0.003988811,0.4,0.0,0.21220765,0.009008725,0.22240186,0.0072950395,0.4,0.0,0.095205806,0.0075939423
375316653866487564,1825946045310387584,0.4699573,2135.2961805853492,2.7717850285640333,8.3338484E-5,19.822145,0.022737255,0.23697563,0.011508606,0.057426646,0.011656141,0.43589756,0.04079869,0.7203248,0.021067085,0.06663404,0.018023787,0.4044799,0.06616622,null,null,null,null,"TWOGAUSSIANS",8,6.1046777,0.23697563,0.011508606,0.32158923,0.065274395,0.43575448,0.040666685,0.7203248,0.021067085,0.3731506,0.072359,0.4043368,0.066170804
375316653866487564,1825946904298205184,0.6089416,2166.9336858186057,0.10425581803337776,3.2595099E-6,17.197222,0.0022010682,0.2809242,0.024791699,0.08495655,0.01637427,0.012299638,0.0036570185,0.46371982,6.2061206E-4,0.0150265135,6.983787E-4,0.382524,0.011997191,null,null,null,null,"TWOGAUSSIANS",8,4.1539216,0.46371982,6.2061206E-4,0.084148474,0.003910921,0.38373908,0.0121459775,0.2809242,0.024791699,0.4,0.0,0.012299637,0.0036570164
375316653866487564,1825947900712833152,0.5056573,2190.0126732944577,2.6460610251920422,1.524388E-5,19.307484,0.0043215924,null,null,null,null,null,null,null,null,null,null,null,null,0.10676929,0.0065003997,0.20726812,0.0041209925,"ELLIPSOIDAL",4,2.068668,null,null,null,null,null,null,null,null,null,null,null,null
375316653866487564,1825949889278855168,0.6112649,2178.0192979459416,2.5186868785190675,9.594508E-6,16.626816,0.0072094975,0.29985934,0.0021686389,0.047364965,0.004887197,0.1401537,0.017230853,0.79266834,0.002942692,0.05181035,0.0035911372,0.19558989,0.015971461,0.09904505,0.008863933,0.29985934,0.0021686389,"TWOGAUSSIANS_WITH_ELLIPSOIDAL_ON_ECLIPSE1",9,12.191947,0.79393834,0.002322237,0.29013795,0.020110369,0.39334592,0.004958536,0.29985934,0.0021686389,0.26524383,0.027368305,0.33824253,0.0076714847
375316653866487564,1825950580771737600,0.5270682,2193.5188928444363,2.4388733640638387,3.0596937E-5,19.66914,0.060150303,0.25893176,0.007862442,0.10308465,0.031256594,0.3491704,0.07405154,0.7637416,0.0053065955,0.093057275,0.012608615,0.500553,0.059920672,null,null,null,null,"TWOGAUSSIANS",8,2.290225,0.7637416,0.0053038886,0.4,0.0,0.4705453,0.021264091,0.25893176,0.007862442,0.4,0.0,0.31915763,0.09434606
375316653866487564,1825950580790227072,0.5462804,2165.996445529218,0.6222249201086447,1.4252347E-5,17.176218,0.0020005002,0.26695952,0.0021081977,0.030547738,0.0027760346,0.1591129,0.0072792796,0.7660138,7.921405E-5,0.0040349797,3.5706724E-4,0.05924111,0.0025206371,0.024002248,0.002925885,0.26695952,0.0021081977,"TWOGAUSSIANS_WITH_ELLIPSOIDAL_ON_ECLIPSE1",9,4.314669,0.26695952,0.0021081977,0.17106733,0.015545795,0.2071174,0.0072107636,0.7660138,7.921405E-5,0.022595888,0.0019995766,0.1072439,0.00372024
375316653866487564,1825951027466982656,0.63034165,2200.303751947595,1.7800409120247602,4.004771E-6,16.857967,0.0047738096,0.25376284,0.003474936,0.035336815,0.0061706025,0.08235881,0.010369252,0.74805456,7.2237814E-4,0.047215596,0.0011834223,0.3639816,0.015051792,0.07003238,0.006884718,0.25376284,0.003474936,"TWOGAUSSIANS_WITH_ELLIPSOIDAL_ON_ECLIPSE1",9,8.652487,0.7484146,6.223138E-4,0.26440734,0.006627165,0.5038772,0.01173399,0.25376284,0.003474936,0.19788617,0.034555376,0.22242309,0.010403889
375316653866487564,1825951710344985344,0.5462566,2206.172289624669,0.5356685843131564,2.4761042E-5,16.05342,0.003598053,0.223343,0.00894383,0.03639007,0.013038723,0.065434255,0.010861819,0.72038656,0.0021989436,0.033653304,0.009116243,0.19405085,0.1701723,0.015594908,0.0048484947,0.223343,0.00894383,"TWOGAUSSIANS_WITH_ELLIPSOIDAL_ON_ECLIPSE1",9,8.314159,0.72042656,0.0021349872,0.1884585,0.051050957,0.22523004,0.17781086,0.223343,0.00894383,0.2037844,0.073016845,0.09662405,0.007514241
375316653866487564,1825952436196266496,0.45437872,2196.7389699172113,0.2243470169139681,4.415982E-5,19.343245,0.015665952,0.56137705,0.010321853,0.020224165,0.052176185,0.63728774,0.56612325,0.7988359,0.010948933,0.027737046,0.009383067,0.052666187,0.0395856,0.043429427,0.024596667,0.7988359,0.010948933,"TWOGAUSSIANS_WITH_ELLIPSOIDAL_ON_ECLIPSE2",9,5.2184696,0.5614371,0.017982094,0.11325532,0.28143826,0.6378282,0.56457263,0.7988359,0.010948933,0.15532745,0.052545175,0.13952488,0.043951347
375316653866487564,1825953737572016640,0.54017067,2181.6625770549786,0.8712093983714877,2.8875345E-5,19.089275,0.0034660688,0.36339414,0.0038887924,0.022086574,0.016473055,0.13184476,238893.11,0.64427716,0.0038091517,0.03209553,0.003688696,0.5828192,0.27799898,null,null,null,null,"TWOGAUSSIANS",8,1.5074238,0.64427716,0.0038091517,0.17973496,0.020656697,0.5828192,0.27799898,0.36339414,0.0038887924,0.123684816,0.0922491,0.13184476,238893.11
375316653866487564,1825953810605828992,0.50810635,2212.0475761387756,0.2234109077667843,3.4093377E-5,14.563292,0.003481105,0.19089045,0.0085700145,0.026823781,0.009096319,0.11014266,0.0072864685,0.5298961,0.010646759,0.05114705,0.010232891,0.06558629,0.0059754504,0.010285091,0.0053254063,0.19089045,0.0085700145,"TWOGAUSSIANS_WITH_ELLIPSOIDAL_ON_ECLIPSE1",9,43.181473,0.19089045,0.0085700145,0.15021318,0.050939385,0.13071284,0.009713712,0.5346761,0.011958681,0.2864235,0.05730419,0.0716539,0.006349284
375316653866487564,1825953909369091200,0.5306407,2182.6335015943564,2.253233458512284,2.0153766E-5,19.211668,0.015451606,0.2110128,0.001883722,0.07786368,0.0045004166,0.4348113,0.01847142,0.7151502,0.0080505805,0.077788234,0.009162933,0.4353032,0.051040307,null,null,null,null,"TWOGAUSSIANS",8,3.9748437,0.7151502,0.0080505805,0.4,0.0,0.43071485,0.051438417,0.2110128,0.001883722,0.4,0.0,0.43022293,0.016820403
375316653866487564,1825953948025543936,0.55224884,2187.548809769943,2.8657182459681447,1.47956325E-5,18.102396,0.0033660783,0.27000546,0.061565075,0.027861001,0.03142772,0.35163224,0.84031576,0.8111433,0.0029963993,0.03818573,0.010668518,0.060403563,0.023731915,0.102536775,0.005531939,0.8111433,0.0029963993,"TWOGAUSSIANS_WITH_ELLIPSOIDAL_ON_ECLIPSE2",9,3.732264,0.27136546,0.06374604,0.1560216,0.17599522,0.5437415,0.85547644,0.8111433,0.0029963993,0.21384008,0.059743702,0.26547706,0.023896659
375316653866487564,1825954287328466304,0.5584527,2151.2662464162117,0.327153169047997,6.6075963E-6,18.376345,0.0055805487,0.12916102,6.921761E-4,0.02289065,0.0014404941,0.3709922,0.021814458,0.62954867,0.009269975,0.024966782,0.012428605,0.23787451,0.04344831,null,null,null,null,"TWOGAUSSIANS",8,5.2073026,0.12916102,6.921761E-4,0.12818764,0.008066767,0.3709922,0.021814458,0.62954867,0.009269975,0.13981397,0.06960019,0.23787451,0.04344831
375316653866487564,1825954429059345280,0.5139424,2141.679877645177,2.844536994008261,2.4393144E-5,19.646093,0.014305001,0.27869508,0.008682623,0.07526139,0.010827542,0.35331997,0.048404053,0.78094876,0.0052514602,0.07590608,0.0076799034,0.39244276,0.042387236,null,null,null,null,"TWOGAUSSIANS",8,2.8714092,0.78094876,0.0052514602,0.4,0.0018478779,0.38945767,0.043439128,0.27869508,0.008682623,0.4,0.008015934,0.35033488,0.049544513
375316653866487564,1825954497800425600,0.43106797,2162.1278163152774,0.12388366181209556,1.8195171E-5,18.714067,0.008776196,0.32233763,0.02216509,0.055581793,0.016304791,0.13527764,0.060537204,0.8398353,0.0035349154,0.032352142,0.004899811,0.23182833,0.036963027,null,null,null,null,"TWOGAUSSIANS",8,9.444754,0.8398353,0.0035349154,0.18117198,0.02743894,0.23182832,0.03696303,0.32233763,0.02216509,0.31125805,0.091306835,0.13527763,0.060537215
375316653866487564,1825956868622759680,0.6000381,2202.540780651245,0.7226916745135689,3.4052373E-6,16.012293,0.0030291462,0.3045056,5.761954E-4,0.030970385,0.0010561012,0.24162991,0.0063549383,0.80476123,0.014813215,0.021141913,0.011089548,0.03689736,0.014166993,0.011570409,0.0038424789,0.3045056,5.761954E-4,"TWOGAUSSIANS_WITH_ELLIPSOIDAL_ON_ECLIPSE1",9,13.661324,0.3045056,5.761954E-4,0.17343415,0.0059141666,0.26477072,0.005143517,0.80476123,0.014807782,0.11839472,0.062101465,0.06003812,0.012101895
375316653866487564,1825957310985671168,0.47508648,2172.238418756259,1.6359436234798566,2.6305222E-5,18.114954,0.003670639,0.364085,0.0042477758,0.040884256,0.0027805301,0.19708106,0.021277,0.76798797,0.0325769,0.043112986,0.053272042,0.041080035,0.02742984,null,null,null,null,"TWOGAUSSIANS",8,4.420148,0.364085,0.0042477758,0.22895183,0.015570968,0.19708106,0.021276983,0.76798797,0.0325769,0.24143271,0.24027416,0.041080035,0.027430315
375316653866487564,1825957315276865152,0.5221155,2144.9521867154626,2.9554610042729763,1.2832555E-5,19.36254,0.010231587,0.21941815,0.0037884566,0.06628854,0.00403959,0.43217105,0.02071508,0.7351072,0.009629339,0.07578724,0.008006924,0.31287676,0.03126795,null,null,null,null,"TWOGAUSSIANS",8,2.0930965,0.21941815,0.0037884566,0.3712158,0.022621704,0.43117285,0.02057961,0.7351072,0.009629339,0.4,0.0,0.31187856,0.030851161
375316653866487564,1825957418356087936,0.64869595,2190.770937973654,2.660145248835599,3.930403E-6,17.827137,0.007511531,0.2963327,0.001154719,0.046833318,0.0029706063,0.34542617,0.021093978,0.79798436,0.0025558767,0.04391884,0.0034694686,0.25144842,0.016787458,0.14427167,0.00953578,0.2963327,0.001154719,"TWOGAUSSIANS_WITH_ELLIPSOIDAL_ON_ECLIPSE1",9,3.524881,0.2963327,0.001154719,0.26226658,0.016635396,0.6339688,0.017780209,0.79798436,0.0025558767,0.24594551,0.019429024,0.53995997,0.006269021
375316653866487564,1825957658896747392,0.5082515,2154.6912854970983,2.3019887818270126,2.1377055E-5,18.731703,0.03876694,0.25292274,0.0046694307,0.10293974,0.016662546,0.20431978,0.035963953,0.74205786,0.00563735,0.1201858,0.02145562,0.19009069,0.03702437,null,null,null,null,"TWOGAUSSIANS",8,1.8176185,0.25296274,0.0046628076,0.4,0.0,0.17593363,0.010440671,0.74205786,0.00563735,0.4,0.0,0.1616372,0.015992172
375316653866487564,1825959067646107136,0.52387416,2160.317452224797,0.6480842894822538,3.0332621E-5,16.965256,0.005024383,0.34095886,0.013963755,0.018180726,0.0078034187,0.059124026,0.011014556,0.79766774,0.00277047,0.037349492,0.003520812,0.18820359,0.013774581,0.02671516,0.008100423,0.79766774,0.00277047,"TWOGAUSSIANS_WITH_ELLIPSOIDAL_ON_ECLIPSE2",9,21.77997,0.79766774,0.00277047,0.20915715,0.019716546,0.24163388,0.011222572,0.34000885,0.01439415,0.101812065,0.043699145,0.10878046,0.012058264
375316653866487564,1825960059762283392,0.5546133,2132.0240376863817,2.086087553389822,2.3233535E-5,19.5526,0.0069355313,0.27902544,0.002722701,0.05465041,0.0037931695,0.60661584,0.038314886,0.609694,0.021515634,0.09195704,0.019539246,0.06263991,0.00892335,null,null,null,null,"TWOGAUSSIANS",8,1.7557056,0.27904543,0.0027205304,0.30604228,0.021241749,0.6067053,0.038385324,0.609694,0.021515634,0.4,0.0,0.06263186,0.00891718
375316653866487564,1825962911623708416,0.5241819,2145.16481324161,0.22492241814803027,5.4950957E-5,19.038189,0.004771339,0.14580844,0.05455833,0.055781104,0.032279283,0.097033314,0.12352724,0.40942976,0.007177852,0.035348352,0.007953971,0.5912317,0.047753207,null,null,null,null,"TWOGAUSSIANS",8,3.2808435,0.40942976,0.007177852,0.19795077,0.044542234,0.5912331,0.047753528,0.14580844,0.05455833,0.31237417,0.18076399,0.097033314,0.12352724
