Gaia/vari_eclipsing_binary/VariEclipsingBinary_443549-446880.csv
# %ECSV 1.0
# ---
# delimiter: ','
# meta: !!omap
# - RELEASE: Gaia DR3
# - TABLE: vari_eclipsing_binary
# - DESCRIPTION: >
#     This table describes the properties of the eclipsing binaries resulting from the variability analysis. 
# - CITATION: >
#     How to cite and acknowledge Gaia: 
#     https://gea.esac.esa.int/archive/documentation/credits.html 
# - KNOWN_ISSUES: >
#     Known issues: 
#     https://www.cosmos.esa.int/web/gaia-users/known-issues 
# - DOCUMENTATION: >
#     Tutorials and documentation: 
#     https://www.cosmos.esa.int/web/gaia-users/archive 
# datatype:
# - 
#   name: solution_id
#   datatype: int64
#   description: Solution Identifier
#   meta:
#     ucd: meta.version
# - 
#   name: source_id
#   datatype: int64
#   description: Unique source identifier
#   meta:
#     ucd: meta.id;meta.main
# - 
#   name: global_ranking
#   datatype: float32
#   description: Number between 0 (worst) and 1 (best)
#   meta:
#     ucd: stat.param
# - 
#   name: reference_time
#   datatype: float64
#   unit: d
#   description: Reference time used for the geometric model fit
#   meta:
#     ucd: time.epoch
# - 
#   name: frequency
#   datatype: float64
#   unit: d**-1
#   description: Frequency of geometric model of the eclipsing binary light curve
#   meta:
#     ucd: src.orbital
# - 
#   name: frequency_error
#   datatype: float32
#   unit: d**-1
#   description: "Uncertainty of \\texttt{frequency}"
#   meta:
#     ucd: stat.error
# - 
#   name: geom_model_reference_level
#   datatype: float32
#   unit: mag
#   description: Magnitude reference level of geometric model
#   meta:
#     ucd: phot.mag;em.opt
# - 
#   name: geom_model_reference_level_error
#   datatype: float32
#   unit: mag
#   description: "Uncertainty of \\texttt{geomModelReferenceLevel}"
#   meta:
#     ucd: stat.error;phot.mag;em.opt
# - 
#   name: geom_model_gaussian1_phase
#   datatype: float32
#   description: Phase of the Gaussian 1 component
#   meta:
#     ucd: time.phase
# - 
#   name: geom_model_gaussian1_phase_error
#   datatype: float32
#   description: "Uncertainty of \\texttt{geomModelGaussian1Phase}"
#   meta:
#     ucd: stat.error;time.phase
# - 
#   name: geom_model_gaussian1_sigma
#   datatype: float32
#   description: "Standard deviation [phase] of Gaussian 1 component"
#   meta:
#     ucd: stat.stdev
# - 
#   name: geom_model_gaussian1_sigma_error
#   datatype: float32
#   description: "Uncertainty of \\texttt{geomModelGaussian1Sigma}"
#   meta:
#     ucd: stat.error
# - 
#   name: geom_model_gaussian1_depth
#   datatype: float32
#   unit: mag
#   description: Magnitude depth of Gaussian 1 component
#   meta:
#     ucd: src.var.amplitude
# - 
#   name: geom_model_gaussian1_depth_error
#   datatype: float32
#   unit: mag
#   description: "Uncertainty of \\texttt{geomModelGaussian1Depth}"
#   meta:
#     ucd: stat.error;src.var.amplitude
# - 
#   name: geom_model_gaussian2_phase
#   datatype: float32
#   description: Phase of Gaussian 2 component
#   meta:
#     ucd: time.phase
# - 
#   name: geom_model_gaussian2_phase_error
#   datatype: float32
#   description: "Uncertainty of \\texttt{geomModelGaussian2Phase}"
#   meta:
#     ucd: stat.error;time.phase
# - 
#   name: geom_model_gaussian2_sigma
#   datatype: float32
[...]
#   datatype: float32
#   description: "Secondary eclipse: uncertainty of \\texttt{derivedSecondaryEclDuration}"
#   meta:
#     ucd: stat.error;time.duration
# - 
#   name: derived_secondary_ecl_depth
#   datatype: float32
#   unit: mag
#   description: "Secondary eclipse: depth"
#   meta:
#     ucd: src.var.amplitude
# - 
#   name: derived_secondary_ecl_depth_error
#   datatype: float32
#   unit: mag
#   description: "Secondary eclipse: uncertainty of \\texttt{derivedSecondaryEclDepth}"
#   meta:
#     ucd: stat.error;src.var.amplitude
solution_id,source_id,global_ranking,reference_time,frequency,frequency_error,geom_model_reference_level,geom_model_reference_level_error,geom_model_gaussian1_phase,geom_model_gaussian1_phase_error,geom_model_gaussian1_sigma,geom_model_gaussian1_sigma_error,geom_model_gaussian1_depth,geom_model_gaussian1_depth_error,geom_model_gaussian2_phase,geom_model_gaussian2_phase_error,geom_model_gaussian2_sigma,geom_model_gaussian2_sigma_error,geom_model_gaussian2_depth,geom_model_gaussian2_depth_error,geom_model_cosine_half_period_amplitude,geom_model_cosine_half_period_amplitude_error,geom_model_cosine_half_period_phase,geom_model_cosine_half_period_phase_error,model_type,num_model_parameters,reduced_chi2,derived_primary_ecl_phase,derived_primary_ecl_phase_error,derived_primary_ecl_duration,derived_primary_ecl_duration_error,derived_primary_ecl_depth,derived_primary_ecl_depth_error,derived_secondary_ecl_phase,derived_secondary_ecl_phase_error,derived_secondary_ecl_duration,derived_secondary_ecl_duration_error,derived_secondary_ecl_depth,derived_secondary_ecl_depth_error
[from data line 221]
375316653866487564,3925941403825405312,0.56052965,2015.241832271911,4.220523306012413,1.1921182E-5,17.453926,0.021002399,0.23062263,0.0037303232,0.09167487,0.0079117,0.34564632,0.019839255,0.7283918,0.0031106016,0.103609115,0.0100970445,0.28860217,0.020647831,null,null,null,null,"TWOGAUSSIANS",8,11.566613,0.23062263,0.0037303232,0.4,0.0,0.3227337,0.013504069,0.7283918,0.0031106016,0.4,0.0,0.26568472,0.01824941
375316653866487564,3925964532224973568,0.55979836,2041.086446570882,0.3915242910908887,1.9190516E-5,17.4444,0.0040395577,0.24742019,0.10054362,0.15328027,0.12473887,0.007194955,0.0076562944,0.682216,3.2621087E-4,0.029046651,0.0020312332,0.47559127,0.011672416,null,null,null,null,"TWOGAUSSIANS",8,7.145526,0.682216,3.2621087E-4,0.16266125,0.011374907,0.47572,0.011710545,0.24742019,0.10054362,0.4,0.28154954,0.007194913,0.007548003
375316653866487564,3925970991855801728,0.47896445,2040.2437055536077,3.776138468477056,3.539917E-5,18.140976,0.0067720404,0.12524483,5.9726817E-4,0.005347617,6.274329E-4,0.34746644,0.02329063,0.56465626,0.023824833,0.04136577,0.025626287,0.13042553,0.21519138,null,null,null,null,"TWOGAUSSIANS",8,15.51649,0.12524483,5.9726817E-4,0.029946655,0.0035136242,0.34746644,0.02329063,0.56465626,0.023824833,0.2316483,0.1435072,0.13042553,0.21519138
375316653866487564,3926056788122401408,0.57271343,1997.8508786389257,4.540731815414744,7.581581E-6,17.434532,0.012172664,0.2074552,0.005656283,0.07820271,0.0060006226,0.47042763,0.021150744,0.71175116,0.0028722165,0.07049802,0.0046496666,0.43636325,0.025020262,null,null,null,null,"TWOGAUSSIANS",8,16.651155,0.2074552,0.005656283,0.4,0.0,0.46754357,0.021337563,0.71175116,0.0028722165,0.3947889,0.023635214,0.4334792,0.02529404
375316653866487564,3926130485465799936,0.46692926,2042.0701049437216,0.8160973918838308,8.8689245E-5,17.689936,0.005318794,0.10949835,0.0045362078,0.03117511,0.003120467,0.2375311,0.012738491,0.7841181,0.007511142,0.01669048,0.002804402,0.41773647,0.34460676,null,null,null,null,"TWOGAUSSIANS",8,18.009565,0.7841181,0.007511142,0.09346669,0.015704652,0.41773647,0.34460676,0.10949835,0.0045362078,0.17458062,0.017474616,0.2375311,0.012738491
375316653866487564,3926203568629285504,0.6118285,1977.5541719978858,3.818790035236808,5.895789E-6,18.208633,0.013252869,0.27583975,0.0013735379,0.037581593,0.0045117373,0.3432799,0.031032315,0.7734851,0.013848785,0.042866383,0.00944389,0.47014153,0.052906584,0.12821679,0.016766116,0.27583975,0.0013735379,"TWOGAUSSIANS_WITH_ELLIPSOIDAL_ON_ECLIPSE1",9,6.14865,0.7736551,0.012573093,0.24005173,0.052885786,0.72652274,0.02952995,0.27583975,0.0013735379,0.21045692,0.025265729,0.5997131,0.030492833
375316653866487564,3926690622216866944,0.513332,1990.3304136446307,0.7303024554507527,1.6612981E-5,19.019289,0.005154803,0.15105374,0.0044883145,0.013206476,0.0047064214,0.5188986,2.9663966,0.44715098,0.0020536508,0.026928084,0.005457108,0.5440495,0.33161896,null,null,null,null,"TWOGAUSSIANS",8,3.2570925,0.44715098,0.0020536508,0.15079726,0.030559802,0.5440495,0.33161896,0.15105374,0.0044883145,0.073956266,0.026355961,0.5188986,2.9663966
375316653866487564,3926857266947424384,0.48799026,2010.0409573435559,0.43304696050145125,4.8601494E-5,16.769495,0.0055933963,0.16643398,0.010169124,0.024136594,0.00696034,0.048134714,0.03662254,0.5251714,0.00806472,0.06394514,0.007637798,0.40757385,0.09919047,null,null,null,null,"TWOGAUSSIANS",8,41.92516,0.5251714,0.00806472,0.35809276,0.042771667,0.40757385,0.09919047,0.16643398,0.010169124,0.13516493,0.038977902,0.048134774,0.036622547
375316653866487564,3927314148388729216,0.5971002,2092.529342407233,2.2679338623519785,7.619782E-6,15.238408,0.004584179,0.18405586,0.0023095037,0.030595886,0.003245492,0.46780407,0.15987678,0.68482566,9.315085E-4,0.03208173,0.0011522553,0.71320873,0.02040911,0.013597506,0.006019943,0.18405586,0.0023095037,"TWOGAUSSIANS_WITH_ELLIPSOIDAL_ON_ECLIPSE1",9,123.62428,0.68482566,9.315085E-4,0.1796577,0.00645263,0.74040306,0.02024029,0.18405586,0.0023095037,0.17133696,0.018174754,0.49499908,0.16199444
375316653866487564,3927330812861900544,0.48856246,2111.6641678587907,2.6345138227338665,5.3078937E-5,11.788315,0.027132642,0.24521741,0.05097267,0.055009384,0.0286036,0.06418819,0.0642912,0.7161215,0.0079285875,0.052366365,0.047579087,0.069970176,0.051543586,0.089827076,0.030321212,0.7161215,0.0079285875,"TWOGAUSSIANS_WITH_ELLIPSOIDAL_ON_ECLIPSE2",9,1600.1393,0.7161215,0.0079285875,0.29325163,0.2412735,0.2496232,0.02663331,0.23345742,0.02238565,0.30805254,0.16018017,0.24026795,0.028517194
375316653866487564,3927463716330006400,0.50219184,2130.833096409373,0.25015899533243957,1.9242749E-5,11.08777,0.0010425139,0.77275044,0.004294515,0.0131291365,0.0010907421,0.69223815,0.24506387,null,null,null,null,null,null,null,null,null,null,"ONEGAUSSIAN",5,82.49611,0.77275044,0.004294515,0.073523164,0.0061081555,0.69223815,0.0,null,null,null,null,null,null
375316653866487564,3927479792391641472,0.50933504,2129.7844362899027,0.7256249033439871,3.2061052E-5,19.57987,0.0038647247,0.122824185,0.0025320384,0.024278672,0.0025277247,0.51347965,0.02186091,0.6261646,0.009701609,0.034421586,0.014011743,0.14651833,0.02808106,null,null,null,null,"TWOGAUSSIANS",8,1.2500318,0.122824185,0.0025320384,0.13596056,0.014155258,0.51347965,0.02186091,0.6261646,0.009701609,0.19276088,0.07846575,0.14651833,0.02808106
375316653866487564,3927522368403292288,0.561655,2064.794978801994,1.2836080271771446,1.3469432E-5,17.324457,0.0032579293,0.27759498,5.9980724E-4,0.031271365,7.381673E-4,0.48288515,0.011462041,0.4965091,0.008017795,0.03138347,0.02384322,0.078429155,0.061482158,null,null,null,null,"TWOGAUSSIANS",8,7.7485147,0.27759498,5.9980724E-4,0.17511964,0.004133737,0.48288515,0.011462231,0.4965091,0.008017795,0.17574744,0.13352203,0.078429155,0.061482158
375316653866487564,3927584727032528128,0.5911489,2102.71178876425,1.036621540303104,3.3992003E-6,11.925367,0.003419556,0.26070848,6.771775E-4,0.029367888,0.0019464043,0.99298835,0.071257,0.75937974,0.0036292265,0.031511437,0.004237803,0.078789294,0.011111929,0.012493054,0.005137989,0.26070848,6.771775E-4,"TWOGAUSSIANS_WITH_ELLIPSOIDAL_ON_ECLIPSE1",9,75.45035,0.26070848,6.771775E-4,0.16446018,0.010899864,1.0179744,0.07963602,0.7594098,0.0035718565,0.17646405,0.0237317,0.10377366,0.008000896
375316653866487564,3927609435980887168,0.41390184,2126.905457751727,0.01909872406566845,1.15058996E-4,16.474358,0.005722979,0.75370234,0.05756353,0.0380784,0.019863725,1.395703,0.7343557,null,null,null,null,null,null,null,null,null,null,"ONEGAUSSIAN",5,366.46133,0.75370234,0.05756353,0.21323906,0.11123686,1.395703,0.0,null,null,null,null,null,null
375316653866487564,3927900699186401152,0.54835474,2104.669319997979,1.1185586024259664,1.9607473E-6,18.996527,0.007030772,0.35337102,1.3045942E-4,0.017209888,2.187952E-4,0.6508552,0.006079609,0.8898983,0.030111432,0.026088787,0.016196756,0.115078226,0.061451267,null,null,null,null,"TWOGAUSSIANS",8,3.3219557,0.35337102,1.3045942E-4,0.09637537,0.0012252532,0.6508552,0.006079609,0.8898983,0.030111432,0.1460972,0.09070183,0.115078226,0.061451267
375316653866487564,3927962516651630208,0.46944568,2114.415805627356,1.2054580796457057,4.7629645E-5,13.968656,0.123292916,0.24205963,0.023198439,0.15934382,0.23268485,0.0361677,0.12146565,0.73040646,0.0097336825,0.1279227,0.05696903,0.07037486,0.090997845,null,null,null,null,"TWOGAUSSIANS",8,42.20297,0.73040646,0.0097336825,0.4,0.0,0.0519349,0.0049141184,0.24256964,0.02272331,0.4,0.0,0.017260911,0.0034551492
375316653866487564,3928121911479415680,0.48699865,2086.155109355552,1.2066835568472056,7.642894E-5,14.113526,0.009105725,0.13762578,0.014645079,0.0082565425,0.005577263,1.4727978,7.443135,0.64373165,0.026496086,0.1231837,0.04308991,0.08515771,0.015791975,null,null,null,null,"TWOGAUSSIANS",8,700.2627,0.13762578,0.014645079,0.046236638,0.031232674,1.472763,7.443153,0.64373165,0.026496086,0.4,0.0,0.085077055,0.015890924
375316653866487564,3928123732545554688,0.5484637,2114.524097866359,0.04851201056869841,1.4503072E-4,18.434193,0.0017679178,0.7659306,0.0043505793,0.006046538,0.0024313414,0.01979607,0.0065675625,0.86991227,0.0011476,0.0041748905,4.67066E-4,0.44003084,0.057692334,null,null,null,null,"TWOGAUSSIANS",8,1.6460807,0.86991227,0.0011476,0.023379387,0.0026155696,0.44003084,0.057692334,0.7659306,0.0043505793,0.033860613,0.013615512,0.01979607,0.0065675625
375316653866487564,3928186164188872832,0.44611487,2113.025553275156,1.6763269421394391,4.3312677E-5,18.970585,0.0068459227,0.4607395,0.009665478,0.07247546,0.015532712,0.265211,0.07169163,0.8343427,0.013532022,0.042387206,0.008292711,0.06538945,0.020921206,null,null,null,null,"TWOGAUSSIANS",8,6.492796,0.4607395,0.009665478,0.4,0.025655767,0.26521087,0.07169325,0.8343427,0.013532022,0.23736836,0.046439186,0.06538979,0.02092269
375316653866487564,3928190837113257728,0.5754235,2093.534304099649,2.991569799443464,1.2116686E-5,12.291159,0.009038476,0.25396663,0.0026521634,0.037307948,0.0044044764,0.13377199,0.019767528,0.74789506,0.003670052,0.031905875,0.018168684,0.10158596,0.017334819,0.10877715,0.0107632885,0.74789506,0.003670052,"TWOGAUSSIANS_WITH_ELLIPSOIDAL_ON_ECLIPSE2",9,408.3368,0.25304663,0.0021062505,0.20892452,0.024665067,0.35105768,0.0062636374,0.74789506,0.003670052,0.1786729,0.10174463,0.31914017,0.02376316
375316653866487564,3928460007007532288,0.49128836,2136.688962127521,3.715003195107447,1.6649541E-5,16.479408,0.030846968,0.22500382,0.004016355,0.10353407,0.014197807,0.12068414,0.028658342,0.7009984,0.0077556223,0.13418278,0.02843083,0.12083888,0.029621968,null,null,null,null,"TWOGAUSSIANS",8,11.006052,0.22538383,0.0037456243,0.4,0.0,0.09991344,0.0045218933,0.7009984,0.0077556223,0.4,0.0,0.099788144,0.007356038
375316653866487564,3928672457565355008,0.6069029,2092.5012174260614,2.1800171031904187,9.933779E-6,13.22924,0.0049960595,0.29046986,0.0017630666,0.11083098,0.0074910936,0.10070909,0.0041388306,0.7997487,0.0025252365,0.080020644,0.0039953846,0.16233797,0.005418304,null,null,null,null,"TWOGAUSSIANS",8,12.079943,0.7997487,0.002534178,0.4,0.0,0.15552744,0.0041646906,0.29046986,0.0017630666,0.4,0.0,0.09389036,0.0028376936
375316653866487564,3928698738469793408,0.5157668,2153.9613939114256,1.0588751793167686,1.0796175E-5,19.623417,0.009068163,0.29354817,0.00929337,0.06765564,0.01361325,0.083157845,0.015342912,0.7714129,0.016303446,0.05291783,0.011849412,0.7289809,0.30565715,null,null,null,null,"TWOGAUSSIANS",8,1.2687554,0.7714129,0.016303446,0.29633987,0.0663567,0.7289461,0.30574846,0.29354817,0.00929337,0.37887156,0.07602948,0.083123006,0.0153404055
375316653866487564,3928743444784757760,0.6078793,2084.9458876974904,2.5816864521288103,2.0005624E-5,11.889741,0.0072240755,0.18709569,0.0045536,0.028880622,0.010825182,0.1533684,0.022237485,0.6487999,0.013563525,0.071079075,0.031701114,0.21894695,0.09508059,0.10755645,0.02017567,0.18709569,0.0045536,"TWOGAUSSIANS_WITH_ELLIPSOIDAL_ON_ECLIPSE1",9,418.97543,0.6595199,0.0131306,0.39804283,0.08309946,0.42513108,0.0689063,0.18709569,0.0045536,0.16173148,0.060621023,0.3684219,0.024938582
375316653866487564,3928813671794444160,0.47240785,2109.1767784232707,1.0533590311567096,1.0889901E-4,19.19312,0.00922336,0.25412774,0.012355455,0.033269253,0.012631595,0.06580903,0.022491101,0.40184036,0.01912222,0.044458512,0.027559213,0.068052985,2.7748182,0.05591239,0.013348681,0.25412774,0.012355455,"TWOGAUSSIANS_WITH_ELLIPSOIDAL_ON_ECLIPSE1",9,2.252447,0.25442773,0.011771414,0.18630782,0.07073693,0.1779096,0.022295026,0.40184036,0.01912222,0.24896768,0.1543316,0.108226284,2.7807915
375316653866487564,3928939879409408384,0.4638023,2125.8690158814948,1.0455066673748563,2.739251E-5,17.719812,0.006498478,0.21639326,0.0035413185,0.052818727,0.004682083,0.13617596,0.016662182,0.72386813,0.009745978,0.042513352,0.015482491,0.042647295,0.012664057,null,null,null,null,"TWOGAUSSIANS",8,6.71794,0.21639326,0.0035413185,0.2957849,0.026219666,0.13617584,0.01666154,0.72386813,0.009745978,0.23807476,0.08670195,0.04264718,0.012663955
375316653866487564,3929005437791075328,0.56679934,2088.900215173192,2.0513732485820135,8.991967E-6,15.3585,0.036122784,0.20054676,0.0022098187,0.10584221,0.012951272,0.20886411,0.033838026,0.73011655,0.0054700794,0.1157727,0.029034173,0.12528157,0.03301168,null,null,null,null,"TWOGAUSSIANS",8,18.877684,0.20049676,0.0020575966,0.4,0.0,0.1906853,0.008495835,0.73015654,0.0055139754,0.4,0.0,0.107078105,0.009082383
375316653866487564,3929017051382649984,0.4457213,2081.662485870188,1.2155063536112116,5.632691E-5,15.9341955,0.0041291327,0.1866459,0.004456216,0.01156549,0.0026830789,0.13017946,0.016272705,0.66716814,0.0086391,0.022869747,0.0105846515,0.2805014,0.1659209,null,null,null,null,"TWOGAUSSIANS",8,89.91641,0.66716814,0.0086391,0.1280706,0.059274048,0.2805014,0.1659209,0.1866459,0.004456216,0.06476674,0.015025242,0.13017946,0.016272705
375316653866487564,3929741457746106752,0.6168204,2093.313780960283,3.5045601635323327,1.1617755E-5,14.037701,0.014767206,0.25321347,0.0026120483,0.044389892,0.0042257397,0.42670095,0.03436317,0.76083094,0.0023058539,0.047856778,0.0047817705,0.5256467,0.06216214,0.12295429,0.02044711,0.76083094,0.0023058539,"TWOGAUSSIANS_WITH_ELLIPSOIDAL_ON_ECLIPSE2",9,492.82513,0.76083094,0.0023058539,0.26799795,0.026777916,0.7715542,0.07069393,0.25384346,0.002344182,0.2485834,0.023664143,0.6720918,0.011523644
375316653866487564,3929792305863004416,0.5144069,2085.445900508945,3.609322015438994,2.5676132E-5,18.31501,0.021211889,0.26715276,0.0051359376,0.047892656,0.0074786046,0.21339509,0.050501224,0.7629863,0.019616133,0.047703054,0.025624845,0.23485792,0.08304323,0.112651825,0.026017612,0.26715276,0.0051359376,"TWOGAUSSIANS_WITH_ELLIPSOIDAL_ON_ECLIPSE1",9,13.2400875,0.7635963,0.018016284,0.2671371,0.14349914,0.4600293,0.099688336,0.26715276,0.0051359376,0.26819888,0.041880187,0.43869814,0.02960849
375316653866487564,3929846632904955136,0.48845097,2103.073438802576,1.2307243725480008,9.903296E-5,17.783955,0.0058130515,0.31083733,0.018046014,0.040760703,0.018727634,0.076518394,0.049809795,0.80002654,0.0070646782,0.014630364,0.0021159167,0.8206728,0.3085821,null,null,null,null,"TWOGAUSSIANS",8,1.4816287,0.80002654,0.0070646782,0.08193004,0.011849133,0.8206728,0.3085821,0.31083733,0.018046014,0.22825994,0.10487475,0.076518394,0.049809795
375316653866487564,3929950502393995136,0.42277807,2088.9324092321917,0.1507487650994499,4.2898268E-5,15.1346035,0.0040335855,0.3146138,0.009583347,0.10134594,0.012708325,0.043528832,0.005611258,0.8503776,5.844234E-4,0.005328373,5.120842E-4,0.17203932,0.008346552,null,null,null,null,"TWOGAUSSIANS",8,112.14266,0.8503776,5.844234E-4,0.02983889,0.0028676717,0.1720401,0.008347119,0.3146138,0.009583347,0.4,0.0,0.04352838,0.005610978
375316653866487564,3930004653341749888,0.49564654,2091.390871547329,2.874535398606867,2.3951125E-5,12.935918,0.010723412,0.2746016,0.009587885,0.066423275,0.011383674,0.12083872,0.02636441,0.79220223,0.0040345457,0.047779266,0.027249148,0.17642011,1.3582963,0.06484118,0.015436018,0.79220223,0.0040345457,"TWOGAUSSIANS_WITH_ELLIPSOIDAL_ON_ECLIPSE2",9,535.71094,0.79220223,0.0040345457,0.26756388,0.15259522,0.30606627,1.373104,0.2793816,0.005940841,0.37197036,0.061402526,0.24933271,0.014609468
375316653866487564,3930181674713741184,0.63678586,2100.6560595391284,3.8897514887690705,5.7258635E-6,16.931784,0.0042635673,0.21609382,0.0012768988,0.07490777,0.001380905,0.4892777,0.0067824936,0.71660656,0.0027356665,0.07647998,0.002324108,0.50669384,0.010434719,null,null,null,null,"TWOGAUSSIANS",8,9.270115,0.71660656,0.0027356665,0.4,0.0,0.50248015,0.010314173,0.21609382,0.0012768988,0.4,0.0,0.485064,0.0065945266
