Gaia/vari_eclipsing_binary/VariEclipsingBinary_022699-022881.csv
# %ECSV 1.0
# ---
# delimiter: ','
# meta: !!omap
# - RELEASE: Gaia DR3
# - TABLE: vari_eclipsing_binary
# - DESCRIPTION: >
#     This table describes the properties of the eclipsing binaries resulting from the variability analysis. 
# - CITATION: >
#     How to cite and acknowledge Gaia: 
#     https://gea.esac.esa.int/archive/documentation/credits.html 
# - KNOWN_ISSUES: >
#     Known issues: 
#     https://www.cosmos.esa.int/web/gaia-users/known-issues 
# - DOCUMENTATION: >
#     Tutorials and documentation: 
#     https://www.cosmos.esa.int/web/gaia-users/archive 
# datatype:
# - 
#   name: solution_id
#   datatype: int64
#   description: Solution Identifier
#   meta:
#     ucd: meta.version
# - 
#   name: source_id
#   datatype: int64
#   description: Unique source identifier
#   meta:
#     ucd: meta.id;meta.main
# - 
#   name: global_ranking
#   datatype: float32
#   description: Number between 0 (worst) and 1 (best)
#   meta:
#     ucd: stat.param
# - 
#   name: reference_time
#   datatype: float64
#   unit: d
#   description: Reference time used for the geometric model fit
#   meta:
#     ucd: time.epoch
# - 
#   name: frequency
#   datatype: float64
#   unit: d**-1
#   description: Frequency of geometric model of the eclipsing binary light curve
#   meta:
#     ucd: src.orbital
# - 
#   name: frequency_error
#   datatype: float32
#   unit: d**-1
#   description: "Uncertainty of \\texttt{frequency}"
#   meta:
#     ucd: stat.error
# - 
#   name: geom_model_reference_level
#   datatype: float32
#   unit: mag
#   description: Magnitude reference level of geometric model
#   meta:
#     ucd: phot.mag;em.opt
# - 
#   name: geom_model_reference_level_error
#   datatype: float32
#   unit: mag
#   description: "Uncertainty of \\texttt{geomModelReferenceLevel}"
#   meta:
#     ucd: stat.error;phot.mag;em.opt
# - 
#   name: geom_model_gaussian1_phase
#   datatype: float32
#   description: Phase of the Gaussian 1 component
#   meta:
#     ucd: time.phase
# - 
#   name: geom_model_gaussian1_phase_error
#   datatype: float32
#   description: "Uncertainty of \\texttt{geomModelGaussian1Phase}"
#   meta:
#     ucd: stat.error;time.phase
# - 
#   name: geom_model_gaussian1_sigma
#   datatype: float32
#   description: "Standard deviation [phase] of Gaussian 1 component"
#   meta:
#     ucd: stat.stdev
# - 
#   name: geom_model_gaussian1_sigma_error
#   datatype: float32
#   description: "Uncertainty of \\texttt{geomModelGaussian1Sigma}"
#   meta:
#     ucd: stat.error
# - 
#   name: geom_model_gaussian1_depth
#   datatype: float32
#   unit: mag
#   description: Magnitude depth of Gaussian 1 component
#   meta:
#     ucd: src.var.amplitude
# - 
#   name: geom_model_gaussian1_depth_error
#   datatype: float32
#   unit: mag
#   description: "Uncertainty of \\texttt{geomModelGaussian1Depth}"
#   meta:
#     ucd: stat.error;src.var.amplitude
# - 
#   name: geom_model_gaussian2_phase
#   datatype: float32
#   description: Phase of Gaussian 2 component
#   meta:
#     ucd: time.phase
# - 
#   name: geom_model_gaussian2_phase_error
#   datatype: float32
#   description: "Uncertainty of \\texttt{geomModelGaussian2Phase}"
#   meta:
#     ucd: stat.error;time.phase
# - 
#   name: geom_model_gaussian2_sigma
#   datatype: float32
[...]
#   datatype: float32
#   description: "Secondary eclipse: uncertainty of \\texttt{derivedSecondaryEclDuration}"
#   meta:
#     ucd: stat.error;time.duration
# - 
#   name: derived_secondary_ecl_depth
#   datatype: float32
#   unit: mag
#   description: "Secondary eclipse: depth"
#   meta:
#     ucd: src.var.amplitude
# - 
#   name: derived_secondary_ecl_depth_error
#   datatype: float32
#   unit: mag
#   description: "Secondary eclipse: uncertainty of \\texttt{derivedSecondaryEclDepth}"
#   meta:
#     ucd: stat.error;src.var.amplitude
solution_id,source_id,global_ranking,reference_time,frequency,frequency_error,geom_model_reference_level,geom_model_reference_level_error,geom_model_gaussian1_phase,geom_model_gaussian1_phase_error,geom_model_gaussian1_sigma,geom_model_gaussian1_sigma_error,geom_model_gaussian1_depth,geom_model_gaussian1_depth_error,geom_model_gaussian2_phase,geom_model_gaussian2_phase_error,geom_model_gaussian2_sigma,geom_model_gaussian2_sigma_error,geom_model_gaussian2_depth,geom_model_gaussian2_depth_error,geom_model_cosine_half_period_amplitude,geom_model_cosine_half_period_amplitude_error,geom_model_cosine_half_period_phase,geom_model_cosine_half_period_phase_error,model_type,num_model_parameters,reduced_chi2,derived_primary_ecl_phase,derived_primary_ecl_phase_error,derived_primary_ecl_duration,derived_primary_ecl_duration_error,derived_primary_ecl_depth,derived_primary_ecl_depth_error,derived_secondary_ecl_phase,derived_secondary_ecl_phase_error,derived_secondary_ecl_duration,derived_secondary_ecl_duration_error,derived_secondary_ecl_depth,derived_secondary_ecl_depth_error
[from data line 799]
375316653866487564,201092434683125760,0.53769606,2312.669506304139,2.4470520971293066,1.9721285E-5,16.659714,0.08801177,0.28604564,0.004527803,0.14128847,0.039121497,0.15137623,0.085948914,0.77972794,0.0036930237,0.13584128,0.03366157,0.15198404,0.08428859,null,null,null,null,"TWOGAUSSIANS",8,2.990294,0.77972794,0.0036930237,0.4,0.0,0.09542187,0.0027288364,0.28624564,0.004451945,0.4,0.0,0.09458214,0.0032483938
375316653866487564,201096278676969344,0.60085285,2272.6133967335563,0.04801020250800457,4.8611975E-5,17.226503,0.0010231899,0.09340633,0.031022578,0.059409082,0.021256175,0.014882597,0.0061067883,0.31941602,0.032754898,0.01183012,0.008554399,0.35332954,1.039719,null,null,null,null,"TWOGAUSSIANS",8,1.5917645,0.31941602,0.032754898,0.06624867,0.047904637,0.35334024,1.0396967,0.09340633,0.031022578,0.33269086,0.08564587,0.014882597,0.0061067888
375316653866487564,201096489127721728,0.48237464,2280.587415104011,3.1913021731036872,1.8340408E-5,19.4178,0.035484742,0.21247567,0.005721812,0.099694364,0.018543718,0.2778231,0.034297626,0.70927155,0.003624117,0.095115624,0.012256857,0.2875517,0.032943647,null,null,null,null,"TWOGAUSSIANS",8,1.3708379,0.70927155,0.003624117,0.4,0.0,0.26745906,0.020412885,0.21247567,0.005721812,0.4,0.0,0.25772914,0.0380808
375316653866487564,201096690993981696,0.52341825,2283.294741729258,2.6694996124834236,1.1584626E-5,18.57654,0.01652202,0.3321753,0.002713494,0.09945879,0.0067321514,0.26806384,0.016014317,0.835189,0.0062611676,0.08592447,0.014130625,0.18493785,0.01436988,null,null,null,null,"TWOGAUSSIANS",8,2.5569882,0.3321753,0.002713494,0.4,0.0,0.25673363,0.009349662,0.835189,0.0062611676,0.4,0.0,0.17360938,0.0142094
375316653866487564,201097103310918656,0.52589476,2303.618922148535,3.742387326088284,3.2677814E-5,19.415508,0.016486498,0.28193507,0.0024616998,0.07343588,0.005469016,0.4311228,0.016222171,0.77138644,0.006496439,0.07609526,0.007897346,0.45209658,0.044549417,null,null,null,null,"TWOGAUSSIANS",8,4.599099,0.77138644,0.006496439,0.4,0.0,0.4494984,0.044541184,0.28193507,0.0024616998,0.4,0.0,0.42852458,0.015205885
375316653866487564,201098580779777536,0.56424004,2294.343382100456,2.859277860969534,1.9475357E-5,18.377604,0.012249365,0.22818181,0.0024899775,0.0956593,0.006717774,0.24333467,0.010451746,0.7322841,0.00510596,0.09708769,0.009498102,0.21699646,0.011873798,null,null,null,null,"TWOGAUSSIANS",8,1.5981138,0.22818181,0.0024899775,0.4,0.0,0.22831395,0.0058826106,0.7322841,0.00510596,0.4,0.0,0.20197555,0.007933507
375316653866487564,201098894314017920,0.48239288,2294.745836640845,4.045122761849934,6.480006E-5,16.333181,0.109650604,0.3711916,0.005137523,0.06818267,0.004397603,0.2341273,0.019582331,0.5242389,0.05903128,0.20436916,0.25568634,0.05132667,0.100397386,null,null,null,null,"TWOGAUSSIANS",8,61.902462,0.3739916,0.0032822858,0.38182297,0.02462658,0.26796302,0.015117106,0.5242389,0.05903128,0.4,0.0,0.065030776,0.04656684
375316653866487564,201100504925447296,0.58293164,2298.5907069637974,3.1608470662845627,8.151913E-6,15.550968,0.0047751195,0.22726293,0.010043639,0.042496067,0.0135393245,0.10160754,0.013423338,0.73890376,0.0015273602,0.037882667,0.0064647,0.10362072,0.014142082,0.11084275,0.006520138,0.73890376,0.0015273602,"TWOGAUSSIANS_WITH_ELLIPSOIDAL_ON_ECLIPSE2",9,49.425583,0.73890376,0.0015273602,0.21214293,0.03620232,0.32530615,0.013712899,0.23002292,0.00899367,0.23797798,0.07582022,0.32238936,0.011339462
375316653866487564,201102600869430016,0.5704372,2275.8113138712647,2.458864972509793,5.756522E-6,16.413244,0.014326269,0.2763132,0.0024585668,0.107518494,0.0109065315,0.12316949,0.01239883,0.7803273,0.0015251278,0.119593665,0.011999846,0.113002375,0.013165145,null,null,null,null,"TWOGAUSSIANS",8,2.0094097,0.27629316,0.002476096,0.4,0.0,0.103194796,0.0041351537,0.7803273,0.0015252581,0.4,0.0,0.092996195,0.0030669435
375316653866487564,201102669589767424,0.5224926,2305.871436164741,3.446267114695215,9.083613E-6,19.418108,0.010506518,0.23134859,0.00317795,0.09230076,0.006042509,0.29045492,0.014337206,0.7303512,0.0038398197,0.08520807,0.005464415,0.26767775,0.012422601,null,null,null,null,"TWOGAUSSIANS",8,1.3382248,0.23134859,0.00317795,0.4,0.0,0.28005612,0.0147029525,0.7303512,0.0038398197,0.4,0.0,0.2572792,0.011539956
375316653866487564,201107960988854144,0.5856517,2321.505419235198,3.791536328293839,3.1037962E-5,18.154728,0.002596004,0.73056054,3.568794E-4,0.009429408,4.3635853E-4,1.0259066,0.0951957,0.56755745,0.10000844,0.023595901,0.13081807,0.03265674,0.022348447,null,null,null,null,"TWOGAUSSIANS",8,1.0891767,0.73056054,3.568794E-4,0.052804686,0.002443608,1.0259066,0.09895887,0.56755745,0.10000844,0.13213705,0.26427928,0.03265674,0.02247689
375316653866487564,201108442025194368,0.54301274,2363.4807754106564,0.03591549510885452,5.8797127E-6,13.926601,0.0022415272,0.21515195,0.0015905802,0.0016152769,0.0015159447,0.1169453,6.979408E7,0.51530284,9.224571E-5,0.006370965,1.3343783E-4,1.1342947,0.06305362,0.0066375914,0.002270771,0.21515195,0.0015905802,"TWOGAUSSIANS_WITH_ELLIPSOIDAL_ON_ECLIPSE1",9,124.59623,0.51530284,9.224571E-5,0.035677403,7.4725185E-4,1.1355698,0.06287251,0.21515195,0.0015905802,0.009045551,0.00848929,0.13022046,6.979408E7
375316653866487564,201108446321139072,0.45476523,2333.08850102778,0.32208243751230736,4.8409117E-4,18.809076,0.009137532,0.23631361,0.014211288,0.014408577,0.011862566,0.5157874,233371.58,0.7086047,0.031557906,0.075603835,0.04481373,0.057577685,0.020183567,null,null,null,null,"TWOGAUSSIANS",8,6.3366604,0.23631361,0.014211288,0.08068803,0.06643037,0.5157874,233371.58,0.7086047,0.031557906,0.4,0.14462303,0.05757768,0.020183697
375316653866487564,201110542265170432,0.4763001,2307.3567321863247,1.1765604746077156,5.9990016E-5,17.183208,0.0016248019,0.24237853,0.008170116,0.007443625,0.015165087,0.0789684,21.834877,0.7285454,0.0121794725,0.019421201,0.0065409914,0.28937256,1.1936946,0.010341077,0.002128638,0.24237853,0.008170116,"TWOGAUSSIANS_WITH_ELLIPSOIDAL_ON_ECLIPSE1",9,2.669524,0.7285754,0.012126739,0.10875873,0.03662955,0.30989918,1.1941075,0.24237853,0.008170116,0.0416843,0.08492449,0.09965055,21.834902
375316653866487564,201111362603039616,0.49211258,2316.201229712577,1.3773558880642895,5.7550416E-5,19.267075,0.015691843,0.28074762,8.5483125E-4,0.023399878,8.104689E-4,0.863722,0.037878428,0.7890896,0.016524987,0.034638386,0.01449584,0.22369076,0.11918397,null,null,null,null,"TWOGAUSSIANS",8,13.463011,0.28074762,8.5483125E-4,0.13103932,0.004538626,0.863722,0.037878428,0.7890896,0.016524987,0.19397496,0.081176706,0.22369076,0.11918397
375316653866487564,201114558054590592,0.60012054,2298.839673632214,1.3899717450866096,7.3497085E-6,17.23146,0.0019486631,0.19920039,0.004343006,0.01679189,0.017075712,0.02659027,0.012110143,0.69577545,0.0013455421,0.0312283,0.0014492295,0.23423937,0.0060816053,0.02610413,0.0037026962,0.19920039,0.004343006,"TWOGAUSSIANS_WITH_ELLIPSOIDAL_ON_ECLIPSE1",9,3.0194411,0.6958355,0.001312935,0.1748785,0.008115686,0.28642374,0.0049454775,0.19920039,0.004343006,0.09403458,0.095623985,0.078798406,0.01499644
375316653866487564,201115386989211392,0.60336703,2318.4166458627765,0.7280039583609568,1.0548387E-5,15.678478,0.0043631233,0.24540454,8.116161E-4,0.042116284,0.0011399094,0.37989932,0.010185052,0.74847615,0.006536106,0.04661322,0.006123491,0.05410008,0.012335825,0.006065923,0.0060370243,0.24540454,8.116161E-4,"TWOGAUSSIANS_WITH_ELLIPSOIDAL_ON_ECLIPSE1",9,24.367884,0.24540454,8.116161E-4,0.2358512,0.0063834926,0.39203113,0.0044183955,0.74847615,0.006536106,0.26103404,0.03429155,0.06622738,0.007667831
375316653866487564,201115451407829248,0.5818274,2309.2849058133315,1.6367251991209324,1.0597022E-5,18.002653,0.0035538818,0.20178978,0.013006262,0.025203621,0.018970853,0.043060377,4.9509435,0.74286866,0.001734774,0.038998168,0.0014780939,0.5908377,0.016495049,null,null,null,null,"TWOGAUSSIANS",8,6.870372,0.74286866,0.001734774,0.21838975,0.008277326,0.5908377,0.016495049,0.20178978,0.013006262,0.14114028,0.10623678,0.043060377,4.9509435
375316653866487564,201115902385259776,0.56508934,2304.9414150141793,0.48890034400000004,1.2210503E-4,15.660331,6.4334524E-4,0.6508925,7.6844305E-4,0.004735395,1.6505548E-4,2.029972,0.35837176,0.8530207,0.032184623,0.060053926,0.02198368,0.002303014,0.0011836531,5.554895E-4,6.827394E-4,0.6508925,7.6844305E-4,"TWOGAUSSIANS_WITH_ELLIPSOIDAL_ON_ECLIPSE1",9,2.9485378,0.6508925,7.6844305E-4,0.02651821,9.2431065E-4,2.031091,0.35845938,0.8530207,0.032184623,0.33630198,0.1231086,0.0024005221,0.001209006
375316653866487564,201117409913002112,0.57868,2305.176831034159,3.407522766412315,9.807025E-6,18.595385,0.011302164,0.28006604,0.0029982757,0.04667394,0.008950178,0.55095637,0.1004664,0.7774165,0.003704772,0.03427402,0.004201631,0.37927875,0.05541053,0.12550339,0.014048225,0.28006604,0.0029982757,"TWOGAUSSIANS_WITH_ELLIPSOIDAL_ON_ECLIPSE1",9,4.782187,0.28006604,0.0029982757,0.26137406,0.050120994,0.80196285,0.11340994,0.7775665,0.0034640324,0.19193451,0.023529133,0.63021964,0.05447894
375316653866487564,201120261771331840,0.5373831,2298.280758376769,0.48118538415720236,3.268574E-5,17.324463,0.0014517996,0.26024106,0.0047958917,0.028217986,0.0045347093,0.1935285,0.014526739,0.7642183,0.0027557733,0.023483764,0.004839074,0.07106554,0.009437603,null,null,null,null,"TWOGAUSSIANS",8,2.684978,0.26024106,0.0047958917,0.15802072,0.025394373,0.1935285,0.014526739,0.7642183,0.0027557733,0.13150908,0.027098814,0.07106554,0.009437603
375316653866487564,201121606101784704,0.46175757,2303.9832405665793,0.5758596323118659,1.6564798E-5,16.541561,0.0016438625,0.21408036,4.8935605E-4,0.013934687,0.0022781854,0.10842007,0.028831366,0.70688987,0.010648279,0.018406305,0.012079364,0.019337779,0.0125959655,0.006009308,0.0026845972,0.21408036,4.8935605E-4,"TWOGAUSSIANS_WITH_ELLIPSOIDAL_ON_ECLIPSE1",9,5.2803535,0.21408036,4.8935605E-4,0.078034244,0.012757838,0.12043867,0.029778617,0.70700985,0.010489225,0.10307532,0.06764444,0.031332273,0.012394118
375316653866487564,201122151557105920,0.48408422,2294.113722755472,2.2236375186604653,2.9094328E-5,17.014729,0.001093491,0.28871498,0.0040528122,0.04571195,0.0058206283,0.05412794,0.004338527,0.7644954,0.011573289,0.044405133,0.010748965,0.01821413,0.0032827891,null,null,null,null,"TWOGAUSSIANS",8,1.719749,0.28871498,0.0040528122,0.2559869,0.03259552,0.054127935,0.004338534,0.7644954,0.011573289,0.24866875,0.0601942,0.018214127,0.003282795
375316653866487564,201125278293392896,0.4883472,2314.021218958234,0.9368243246563874,3.8391183E-5,19.735971,0.0077940687,0.3362946,0.008750017,0.040290438,0.009859579,0.867807,0.49527046,0.82780033,0.0045654476,0.03779069,0.004233467,0.38638598,0.06899865,null,null,null,null,"TWOGAUSSIANS",8,2.6218534,0.3362946,0.008750017,0.22562644,0.05521364,0.867807,0.49527046,0.82780033,0.0045654476,0.21162787,0.023707414,0.38638598,0.06899866
375316653866487564,201125621890872192,0.48544517,2243.1032636400996,1.2340693403545389,3.7479807E-5,19.845085,0.004230685,0.28083712,5.36081E-4,0.0073106526,5.5992836E-4,0.53143466,0.06306255,0.7731463,0.015844421,0.026304381,0.011932486,0.39980942,0.39347824,null,null,null,null,"TWOGAUSSIANS",8,1.4588718,0.28083712,5.36081E-4,0.040939655,0.003135599,0.53143466,0.06306255,0.7731463,0.015844421,0.14730453,0.06682192,0.39980942,0.39347824
375316653866487564,201126622625080320,0.55258393,2278.972127285901,3.057801894719642,1.6034739E-5,18.372997,0.010470899,0.26320314,0.0026231792,0.08048484,0.004219238,0.3161625,0.01071747,0.7597319,0.0044552623,0.08712787,0.0074961954,0.3093038,0.015070973,null,null,null,null,"TWOGAUSSIANS",8,4.298227,0.26320314,0.0026231792,0.4,0.0,0.30930236,0.009353282,0.7597319,0.0044552623,0.4,0.0,0.30244362,0.015960446
375316653866487564,201127889633570432,0.64170074,2314.5268916289992,0.373112360214081,3.571767E-6,16.54633,0.0013272889,0.22978252,4.344271E-4,0.014900877,4.3498623E-4,0.38564757,0.01098759,0.7509297,0.015870895,0.033872265,0.033404626,0.19769175,0.17106031,null,null,null,null,"TWOGAUSSIANS",8,2.4268234,0.22978252,4.344271E-4,0.083444916,0.0024359229,0.38564757,0.01098759,0.7509297,0.015870895,0.18968469,0.18706591,0.19769175,0.17106031
375316653866487564,201127923993324160,0.59159267,2323.047837393832,0.583334367872391,2.6188922E-5,18.004398,0.0020673163,0.31832913,0.010999274,0.021141812,0.016315803,0.48637873,554.9228,0.8177979,0.001139194,0.02051303,0.0011074183,0.49318957,0.042350497,null,null,null,null,"TWOGAUSSIANS",8,2.0970397,0.8177979,0.001139194,0.11487297,0.0062015424,0.49318957,0.042350497,0.31832913,0.010999274,0.11839415,0.09136849,0.48637873,554.9228
375316653866487564,201129027805171584,0.5436437,2306.1013098750614,3.0823172319657783,1.4931272E-5,17.240805,0.072549134,0.16747129,0.006213703,0.13221918,0.031007575,0.116712235,0.070665054,0.6512702,0.0034410835,0.13578624,0.031619333,0.13843654,0.06852099,null,null,null,null,"TWOGAUSSIANS",8,1.9186915,0.6512702,0.0034410835,0.4,0.0,0.09885663,0.0038427892,0.16802129,0.005198188,0.4,0.0,0.0772748,0.0028474443
375316653866487564,201132459478614784,0.4508831,2303.383050121873,2.2660263891006798,3.3153436E-5,17.954002,0.0027954516,0.23292832,0.007275739,0.027141143,0.018262636,0.022152547,0.044538718,0.739203,0.007418048,0.0155935185,0.0072269673,0.03820081,0.025655953,0.026679123,0.0036151535,0.23292832,0.007275739,"TWOGAUSSIANS_WITH_ELLIPSOIDAL_ON_ECLIPSE1",9,4.3978763,0.739203,0.007418048,0.0873237,0.040471014,0.09147616,0.024326824,0.23292832,0.007275739,0.1519904,0.10227076,0.075510785,0.049674403
375316653866487564,201132596917456384,0.5225339,2305.916835989681,1.894491415299193,2.4425937E-5,18.612688,0.0064564496,0.21402766,0.004504216,0.029461373,0.003322029,0.36188027,0.032771163,0.7109565,0.003607939,0.029456234,0.003034229,0.8575949,0.19062687,null,null,null,null,"TWOGAUSSIANS",8,9.732804,0.7109565,0.003607939,0.1649549,0.016991682,0.8575949,0.19062687,0.21402766,0.004504216,0.16498369,0.018603362,0.36188027,0.032771163
375316653866487564,201135624871365120,0.44147292,2314.601856996046,1.466424038454322,2.4115714E-5,19.335907,0.010495711,0.25843757,0.0058700126,0.044481676,0.0055797347,0.29272,0.042122293,0.7426447,0.017300274,0.028987925,0.011560381,0.23982,0.040584024,null,null,null,null,"TWOGAUSSIANS",8,8.121217,0.25843757,0.0058700126,0.24909738,0.031246515,0.29272,0.042122293,0.7426447,0.017300274,0.16233239,0.06473814,0.23982,0.040584024
375316653866487564,201136582647379968,0.46684602,2320.185315301734,3.6773470880589856,3.4418914E-5,17.704159,0.17644706,0.23731709,0.011991365,0.10847371,0.061157357,0.124258384,0.16889557,0.724416,0.011969547,0.11282317,0.058609877,0.13727303,0.16858713,null,null,null,null,"TWOGAUSSIANS",8,9.940388,0.724416,0.011969547,0.4,0.0,0.119463295,0.009513565,0.23734708,0.011885699,0.4,0.0,0.1064585,0.0094060255
375316653866487564,201138884750133888,0.57148,2305.8271316953533,1.289594470898945,5.598954E-6,17.157999,0.0015783148,0.2562902,0.001752177,0.025920218,0.0029177393,0.06392763,0.004595861,0.7534797,8.952841E-4,0.028837994,8.601142E-4,0.19907694,0.0046547726,0.014995955,0.0027426146,0.2562902,0.001752177,"TWOGAUSSIANS_WITH_ELLIPSOIDAL_ON_ECLIPSE1",9,2.9999886,0.7535097,8.847902E-4,0.16149276,0.0048166392,0.22905953,0.0042897123,0.2562902,0.001752177,0.14515322,0.016339341,0.093919486,0.0039204583
375316653866487564,201139949902249984,0.5898681,2322.5301875088003,4.575344082316762,4.366404E-6,17.23999,0.0010498329,0.25269356,0.0037184777,0.012385887,0.0040961653,0.05307053,0.04756948,0.63124627,6.4371848E-6,0.0045205536,3.6915204E-5,0.52165365,0.0073288134,null,null,null,null,"TWOGAUSSIANS",8,2.012561,0.63124627,6.4371848E-6,0.0253151,2.0672515E-4,0.52165365,0.0073288134,0.25269356,0.0037184777,0.06936097,0.022938525,0.05307053,0.04756948
