Gaia/vari_eclipsing_binary/VariEclipsingBinary_694456-694702.csv
# %ECSV 1.0
# ---
# delimiter: ','
# meta: !!omap
# - RELEASE: Gaia DR3
# - TABLE: vari_eclipsing_binary
# - DESCRIPTION: >
#     This table describes the properties of the eclipsing binaries resulting from the variability analysis. 
# - CITATION: >
#     How to cite and acknowledge Gaia: 
#     https://gea.esac.esa.int/archive/documentation/credits.html 
# - KNOWN_ISSUES: >
#     Known issues: 
#     https://www.cosmos.esa.int/web/gaia-users/known-issues 
# - DOCUMENTATION: >
#     Tutorials and documentation: 
#     https://www.cosmos.esa.int/web/gaia-users/archive 
# datatype:
# - 
#   name: solution_id
#   datatype: int64
#   description: Solution Identifier
#   meta:
#     ucd: meta.version
# - 
#   name: source_id
#   datatype: int64
#   description: Unique source identifier
#   meta:
#     ucd: meta.id;meta.main
# - 
#   name: global_ranking
#   datatype: float32
#   description: Number between 0 (worst) and 1 (best)
#   meta:
#     ucd: stat.param
# - 
#   name: reference_time
#   datatype: float64
#   unit: d
#   description: Reference time used for the geometric model fit
#   meta:
#     ucd: time.epoch
# - 
#   name: frequency
#   datatype: float64
#   unit: d**-1
#   description: Frequency of geometric model of the eclipsing binary light curve
#   meta:
#     ucd: src.orbital
# - 
#   name: frequency_error
#   datatype: float32
#   unit: d**-1
#   description: "Uncertainty of \\texttt{frequency}"
#   meta:
#     ucd: stat.error
# - 
#   name: geom_model_reference_level
#   datatype: float32
#   unit: mag
#   description: Magnitude reference level of geometric model
#   meta:
#     ucd: phot.mag;em.opt
# - 
#   name: geom_model_reference_level_error
#   datatype: float32
#   unit: mag
#   description: "Uncertainty of \\texttt{geomModelReferenceLevel}"
#   meta:
#     ucd: stat.error;phot.mag;em.opt
# - 
#   name: geom_model_gaussian1_phase
#   datatype: float32
#   description: Phase of the Gaussian 1 component
#   meta:
#     ucd: time.phase
# - 
#   name: geom_model_gaussian1_phase_error
#   datatype: float32
#   description: "Uncertainty of \\texttt{geomModelGaussian1Phase}"
#   meta:
#     ucd: stat.error;time.phase
# - 
#   name: geom_model_gaussian1_sigma
#   datatype: float32
#   description: "Standard deviation [phase] of Gaussian 1 component"
#   meta:
#     ucd: stat.stdev
# - 
#   name: geom_model_gaussian1_sigma_error
#   datatype: float32
#   description: "Uncertainty of \\texttt{geomModelGaussian1Sigma}"
#   meta:
#     ucd: stat.error
# - 
#   name: geom_model_gaussian1_depth
#   datatype: float32
#   unit: mag
#   description: Magnitude depth of Gaussian 1 component
#   meta:
#     ucd: src.var.amplitude
# - 
#   name: geom_model_gaussian1_depth_error
#   datatype: float32
#   unit: mag
#   description: "Uncertainty of \\texttt{geomModelGaussian1Depth}"
#   meta:
#     ucd: stat.error;src.var.amplitude
# - 
#   name: geom_model_gaussian2_phase
#   datatype: float32
#   description: Phase of Gaussian 2 component
#   meta:
#     ucd: time.phase
# - 
#   name: geom_model_gaussian2_phase_error
#   datatype: float32
#   description: "Uncertainty of \\texttt{geomModelGaussian2Phase}"
#   meta:
#     ucd: stat.error;time.phase
# - 
#   name: geom_model_gaussian2_sigma
#   datatype: float32
[...]
#   datatype: float32
#   description: "Secondary eclipse: uncertainty of \\texttt{derivedSecondaryEclDuration}"
#   meta:
#     ucd: stat.error;time.duration
# - 
#   name: derived_secondary_ecl_depth
#   datatype: float32
#   unit: mag
#   description: "Secondary eclipse: depth"
#   meta:
#     ucd: src.var.amplitude
# - 
#   name: derived_secondary_ecl_depth_error
#   datatype: float32
#   unit: mag
#   description: "Secondary eclipse: uncertainty of \\texttt{derivedSecondaryEclDepth}"
#   meta:
#     ucd: stat.error;src.var.amplitude
solution_id,source_id,global_ranking,reference_time,frequency,frequency_error,geom_model_reference_level,geom_model_reference_level_error,geom_model_gaussian1_phase,geom_model_gaussian1_phase_error,geom_model_gaussian1_sigma,geom_model_gaussian1_sigma_error,geom_model_gaussian1_depth,geom_model_gaussian1_depth_error,geom_model_gaussian2_phase,geom_model_gaussian2_phase_error,geom_model_gaussian2_sigma,geom_model_gaussian2_sigma_error,geom_model_gaussian2_depth,geom_model_gaussian2_depth_error,geom_model_cosine_half_period_amplitude,geom_model_cosine_half_period_amplitude_error,geom_model_cosine_half_period_phase,geom_model_cosine_half_period_phase_error,model_type,num_model_parameters,reduced_chi2,derived_primary_ecl_phase,derived_primary_ecl_phase_error,derived_primary_ecl_duration,derived_primary_ecl_duration_error,derived_primary_ecl_depth,derived_primary_ecl_depth_error,derived_secondary_ecl_phase,derived_secondary_ecl_phase_error,derived_secondary_ecl_duration,derived_secondary_ecl_duration_error,derived_secondary_ecl_depth,derived_secondary_ecl_depth_error
[from data line 146]
375316653866487564,6109181449139134720,0.62220114,2158.2614233736203,2.877504122099122,2.8885746E-5,16.925468,0.120703995,0.28461736,0.005375502,0.052899435,0.03227456,0.27067316,0.20369804,0.78884685,0.005840821,0.054519795,0.025818678,0.20768434,0.22397245,0.13015793,0.1155945,0.28461736,0.005375502,"TWOGAUSSIANS_WITH_ELLIPSOIDAL_ON_ECLIPSE1",9,16.070784,0.28461736,0.005375502,0.29623684,0.12732786,0.5309812,0.06344541,0.78884685,0.005840821,0.30531085,0.112970024,0.46780854,0.03290434
375316653866487564,6109183025386404480,0.59858,2169.912959967818,1.7536772290502234,5.6343856E-6,12.742062,0.010406721,0.29940927,0.0014384283,0.08994322,0.004111103,0.22012922,0.009768183,0.79027134,0.0029614833,0.1005955,0.0071056755,0.20751616,0.008279602,null,null,null,null,"TWOGAUSSIANS",8,79.991516,0.29940927,0.0014384283,0.4,0.0,0.20814106,0.0058754315,0.79027134,0.0029614833,0.4,0.0,0.19552612,0.004728864
375316653866487564,6109186740538849152,0.5956147,2147.974294072911,3.377046694956892,1.1761065E-5,14.114535,0.010442514,0.23726705,0.0022909262,0.063135006,0.0027088837,0.72002405,0.038621213,0.73948896,0.005338536,0.0676238,0.01315568,0.6006203,0.23393717,null,null,null,null,"TWOGAUSSIANS",8,443.18762,0.23726705,0.0022909262,0.353556,0.015169749,0.71920377,0.038721073,0.73948896,0.005338536,0.37869328,0.02639388,0.59980005,0.23540463
375316653866487564,6109187702611547904,0.55595905,2147.5179599604962,0.4102633253916151,9.72254E-5,19.030745,0.0035176738,0.024639335,0.008722587,0.012168789,0.00859694,0.038990498,0.1332217,0.41836855,1.3299804E-4,0.055036716,6.9841783E-4,1.1216608,0.024853224,null,null,null,null,"TWOGAUSSIANS",8,1.0333772,0.41836855,1.3299804E-4,0.3082056,0.00391114,1.1216608,0.024853224,0.024639335,0.008722587,0.068145216,0.04814286,0.038990498,0.1332217
375316653866487564,6109188694744819072,0.4454681,2143.83465363347,4.229469129087038,6.320331E-5,18.400387,0.14293848,0.2956465,0.0099483505,0.1481109,0.09480012,0.1310392,0.13990964,0.81411886,0.024143409,0.073208146,0.07630944,0.07352463,0.07495799,null,null,null,null,"TWOGAUSSIANS",8,5.837143,0.2956465,0.009948937,0.4,0.0,0.11790463,0.015671888,0.8147089,0.023330383,0.4,0.18608627,0.061342463,0.045605313
375316653866487564,6109190691903884032,0.51485586,2140.952673074639,3.7354522817913995,3.2749627E-5,18.667639,0.047263086,0.24568193,0.00543249,0.0710263,0.00993544,0.42252287,0.04457108,0.8125644,0.013361857,0.09756591,0.03506426,0.19324066,0.038218718,null,null,null,null,"TWOGAUSSIANS",8,8.703095,0.24567193,0.0054218424,0.3977473,0.029852834,0.42069766,0.0374377,0.8125644,0.013361857,0.4,0.0,0.19140528,0.03132527
375316653866487564,6109196017669284480,0.51436085,2096.461897100191,1.5439804082051252,3.2760196E-5,16.898779,0.0039004365,0.49948105,0.058336925,0.058017258,0.020279039,0.11825951,0.083562165,0.84210944,0.003937211,0.025100777,0.0023583523,0.22898763,0.04990806,null,null,null,null,"TWOGAUSSIANS",8,8.788798,0.84210944,0.003937211,0.14056435,0.0132067725,0.22898763,0.049908057,0.49948105,0.058336925,0.32489663,0.0899202,0.11825951,0.083562165
375316653866487564,6109203782968759040,0.6820839,2176.373215082191,4.554175246704151,5.5214045E-6,15.524346,0.027656147,0.28119618,0.0015598439,0.055721905,0.0063359602,0.271884,0.059625268,0.7834106,0.005703175,0.056665868,0.010132123,0.36572537,0.05845627,0.09548164,0.03166812,0.28119618,0.0015598439,"TWOGAUSSIANS_WITH_ELLIPSOIDAL_ON_ECLIPSE1",9,26.305094,0.7834106,0.005464804,0.31732887,0.05673989,0.55662084,0.009080755,0.28119618,0.0015598439,0.31204268,0.03548138,0.46281642,0.0066326344
375316653866487564,6109210444458721536,0.57470053,2169.4130736321836,3.227514395961111,2.9923143E-5,15.991337,0.021457793,0.21913129,0.004313529,0.046445653,0.0134532675,0.13875893,0.048305593,0.7199501,0.027907515,0.04098379,0.04280973,0.13724782,4.1015344,0.097435236,0.028542522,0.21913129,0.004313529,"TWOGAUSSIANS_WITH_ELLIPSOIDAL_ON_ECLIPSE1",9,60.318226,0.21913129,0.004313529,0.26009566,0.0753383,0.33362913,0.017147359,0.7199501,0.027685404,0.22950922,0.23973449,0.33211285,4.1272426
375316653866487564,6109219210491727360,0.63871306,2185.441548680086,2.4518054622570733,9.110755E-6,13.103665,0.021473875,0.24157315,0.01218439,0.0329431,0.020743474,0.49066994,0.12190457,0.73730046,0.006635454,0.033548914,0.008713361,0.3498053,0.118755296,0.14155911,0.025296394,0.73730046,0.006635454,"TWOGAUSSIANS_WITH_ELLIPSOIDAL_ON_ECLIPSE2",9,307.7187,0.24137317,0.011413402,0.18448135,0.116163455,0.77359337,0.14311196,0.73730046,0.006635454,0.18787393,0.04879482,0.6329231,0.096249126
375316653866487564,6109219412351335168,0.44686484,2185.1906352628266,0.14239962130598396,1.7714343E-5,18.153952,0.022944098,0.1903311,0.0061509516,0.0909669,0.014245819,0.11590826,0.024374157,0.71296346,0.010106443,0.10667847,0.025315596,0.18613401,0.012506291,null,null,null,null,"TWOGAUSSIANS",8,2.0019395,0.71296346,0.010106443,0.4,0.0,0.17710653,0.019140322,0.1903111,0.0061072162,0.4,0.0,0.10689015,0.011065403
375316653866487564,6109222646465151744,0.47829014,2215.482266332481,1.6162756503316806,2.0485279E-5,13.042413,0.015029652,0.21277936,0.00471927,0.098223805,0.017471835,0.10960491,0.0129420115,0.72231734,0.01268057,0.0704648,0.027251061,0.10980593,0.011969048,null,null,null,null,"TWOGAUSSIANS",8,145.33807,0.72231734,0.012694518,0.39460284,0.043012924,0.10755053,0.01531217,0.21277936,0.00471927,0.4,0.0,0.10734894,0.0076874094
375316653866487564,6109225322225629568,0.6781554,2250.3630516488843,1.1626185164072942,5.450386E-6,17.415504,0.0027349887,0.267835,0.0020179893,0.09652963,0.0043670116,0.20351624,0.0077037066,0.77261746,7.757485E-4,0.07304298,0.0012082084,0.49783877,0.009082,null,null,null,null,"TWOGAUSSIANS",8,0.92086256,0.77261746,7.757485E-4,0.4,0.0,0.490929,0.009343664,0.267835,0.0020179893,0.4,0.0,0.19660585,0.008942417
375316653866487564,6109226284301275648,0.57675403,2214.188610673898,3.05964833606455,6.240864E-6,18.858809,0.042510945,0.12713185,0.0017437761,0.08657748,0.005520655,0.5575853,0.042248752,0.63804835,0.005728739,0.10547118,0.023306211,0.4129554,0.052268587,null,null,null,null,"TWOGAUSSIANS",8,1.6171842,0.12713185,0.0017508469,0.4,0.0,0.5303944,0.018025992,0.63804835,0.005728739,0.4,0.0,0.3857524,0.0690586
375316653866487564,6109227899206638464,0.48660117,2187.4070930066096,3.646578211965324,4.4512497E-5,18.67204,0.012428803,0.22672011,0.0076782857,0.087975815,0.011597031,0.15976849,0.014131845,0.73133916,0.017264957,0.086154,0.023113182,0.11292755,0.017972026,null,null,null,null,"TWOGAUSSIANS",8,2.2016032,0.22672011,0.0076782857,0.4,0.0,0.15573622,0.0128719155,0.73133916,0.017264957,0.4,0.01860266,0.10889532,0.018449245
375316653866487564,6109240169932160512,0.5053021,2209.311410584716,3.1219350114312046,1.6661394E-5,18.689007,0.021034122,0.24747363,0.005212599,0.08291407,0.004096629,0.24291046,0.022016032,0.74464583,0.05348432,0.08212712,0.06613262,0.21990056,0.04718996,null,null,null,null,"TWOGAUSSIANS",8,2.028668,0.24747363,0.0044572316,0.4,0.0,0.2384502,0.0076543563,0.74464583,0.05348432,0.4,0.0,0.21544032,0.0648539
375316653866487564,6109241269443820416,0.54381156,2164.1323007538604,2.4276454851926546,1.7257793E-5,17.291126,0.006919727,0.27629247,0.0106358025,0.05113674,0.013043379,0.41792464,0.2123467,0.74970686,0.0075252727,0.05962362,0.005861618,0.4519112,0.085923396,null,null,null,null,"TWOGAUSSIANS",8,23.862349,0.74970686,0.0075252727,0.3338923,0.03282506,0.45190045,0.08593909,0.27629247,0.0106358025,0.28636575,0.07304292,0.41791388,0.2124105
375316653866487564,6109250920232396160,0.46963093,2150.264206134424,0.46139463007550924,8.32974E-5,18.417799,0.0035492436,0.395735,0.02195156,0.04968213,0.024195783,0.035890643,0.009484043,0.95491344,0.0014766696,0.006924616,0.0010434707,0.15894608,0.08129852,null,null,null,null,"TWOGAUSSIANS",8,1.9538175,0.95491344,0.0014766696,0.03877785,0.005843436,0.15894608,0.08129852,0.395735,0.02195156,0.2782199,0.1354964,0.035890643,0.009484043
375316653866487564,6109252088464956544,0.6720677,2152.261120925764,3.4218152121005834,5.2230516E-6,17.546825,0.009443102,0.30569124,0.0012117034,0.041589476,0.0033970978,0.25877884,0.020083334,0.8086732,0.0015810676,0.038644306,0.003135366,0.4475753,0.018187905,0.1419831,0.012089732,0.30569124,0.0012117034,"TWOGAUSSIANS_WITH_ELLIPSOIDAL_ON_ECLIPSE1",9,3.0808294,0.8086732,0.0015810676,0.21640812,0.01755805,0.7314416,0.0073673413,0.30569124,0.0012117034,0.23290107,0.019023748,0.5427448,0.007767668
375316653866487564,6109259097850086528,0.523355,2195.2152678727157,0.24664048219934323,3.1929296E-5,18.759754,0.008613073,0.33214423,0.052635137,0.099034935,0.07274479,0.06106983,0.030593956,0.851211,0.015709989,0.030636014,0.0048078327,2.0354621,1.5558282,null,null,null,null,"TWOGAUSSIANS",8,4.7897754,0.851211,0.015709989,0.17156169,0.026923861,2.035391,1.5558338,0.33214423,0.052635137,0.4,0.21611126,0.060998295,0.03068653
375316653866487564,6109259716325416064,0.58268267,2185.225595652352,3.7357782236847488,1.5989446E-5,18.194069,0.012372343,0.33285818,0.027253466,0.094752245,0.020558864,0.73174,0.115707435,0.79816806,0.0027562056,0.07200226,0.0026813764,0.5780175,0.017458696,null,null,null,null,"TWOGAUSSIANS",8,6.365466,0.33285818,0.027253466,0.4,0.0,0.7240735,0.11769366,0.79816806,0.0027562056,0.4,0.0015416048,0.5703553,0.01523109
375316653866487564,6109261644768841472,0.52209544,2164.585289306281,2.0013478826397773,4.433692E-5,16.694548,0.022018077,0.17312413,0.009875939,0.045360856,0.018518986,0.08031763,0.14814721,0.5776972,0.021803815,0.02392351,0.04090171,4.5571938,4.8378863,0.019646453,0.025229579,0.17312413,0.009875939,"TWOGAUSSIANS_WITH_ELLIPSOIDAL_ON_ECLIPSE1",9,91.079185,0.5777272,0.021776652,0.13397166,0.22904956,4.5839777,4.8645816,0.17312413,0.009875939,0.25402078,0.10370633,0.11961045,0.13887346
375316653866487564,6109262911781115264,0.44649273,2192.461146142339,0.21839972207907776,1.3993168E-4,16.00661,0.0042800116,0.05673573,0.01987975,0.017424308,0.015515198,0.0764096,15799.477,0.45888898,0.020000372,0.12572286,0.014624686,0.12933649,0.01945551,null,null,null,null,"TWOGAUSSIANS",8,9.846676,0.45888898,0.020000372,0.4,0.0,0.12924136,0.019522792,0.056815732,0.01994528,0.09757613,0.08688511,0.07709291,15799.476
375316653866487564,6109264354890280832,0.48300415,2158.6240967855056,2.8769126590777554,2.68683E-5,17.441175,0.0034469366,null,null,null,null,null,null,null,null,null,null,null,null,0.053425856,0.0050904085,0.28288615,0.009717953,"ELLIPSOIDAL",4,8.250655,null,null,null,null,null,null,null,null,null,null,null,null
375316653866487564,6109265351322648064,0.591099,2179.817707068044,2.868077023717262,2.093214E-5,18.441216,0.014210928,0.26603657,0.009383517,0.09223726,0.011420177,0.28334695,0.02053229,0.7791942,0.0023158712,0.09289903,0.0039603137,0.39550218,0.014421918,null,null,null,null,"TWOGAUSSIANS",8,2.3442948,0.7791942,0.0023158712,0.4,0.0,0.38115218,0.008573953,0.26603657,0.009383517,0.4,0.0,0.2689972,0.015771898
375316653866487564,6109271123758893696,0.60506326,2133.9133918090192,3.655938548048209,3.158092E-5,19.742601,0.0099735325,0.27674532,0.061435204,0.0657207,0.052418742,0.61998767,5511.254,0.7758077,0.006583791,0.062129103,0.0056667356,0.53591406,0.029559422,null,null,null,null,"TWOGAUSSIANS",8,1.1944258,0.27674532,0.061435204,0.3680359,0.29354495,0.61945194,5511.2544,0.7758077,0.006583791,0.34792298,0.03173372,0.53537834,0.029479394
375316653866487564,6109293526306271744,0.6062674,2175.136770068771,2.9975544830507554,1.0234849E-5,16.402716,0.018139618,0.24336275,0.0041241525,0.037759203,0.009390964,0.101619974,0.03883347,0.7496228,0.0029569634,0.042760286,0.012287503,0.18772453,0.056350786,0.12693447,0.022333466,0.7496228,0.0029569634,"TWOGAUSSIANS_WITH_ELLIPSOIDAL_ON_ECLIPSE2",9,34.392815,0.7496228,0.0029569634,0.2394576,0.068810016,0.44159332,0.0604193,0.24473275,0.0031844357,0.21145155,0.052589398,0.3551823,0.011457769
375316653866487564,6109298852066735104,0.4578667,2119.6871964887387,2.1648522509850605,4.4577988E-5,17.515553,0.026934693,0.16222519,0.017941164,0.13293004,0.05423118,0.05536464,0.025193434,0.65986717,0.008695866,0.06286926,0.021648167,0.086337216,0.021915661,null,null,null,null,"TWOGAUSSIANS",8,5.033697,0.65986717,0.008703135,0.35206783,0.12122973,0.082093425,0.012311503,0.16222519,0.017941164,0.4,0.0,0.05102688,0.014878038
375316653866487564,6109302292339625984,0.55945385,2182.9287627668355,1.260728754732916,1.6487383E-4,17.31361,0.015231277,0.36345524,0.1430577,0.06642579,0.058780584,0.8274788,61.049496,0.7282096,0.019452611,0.025177907,0.036955714,0.3955865,0.31089988,null,null,null,null,"TWOGAUSSIANS",8,57.413216,0.36345524,0.1430577,0.37198445,0.3274407,0.8274788,61.0495,0.7282096,0.019452611,0.14099628,0.20695199,0.39558673,0.31091967
375316653866487564,6109304147764715136,0.49742126,2190.55830430574,2.4952468787578397,2.2161761E-5,14.388312,0.0073658484,0.30096862,0.03943883,0.026777696,0.038862202,0.06304536,0.046810444,0.80067575,0.0065432033,0.06595269,0.015149792,0.026818108,0.02198704,0.043524403,0.010102487,0.80067575,0.0065432033,"TWOGAUSSIANS_WITH_ELLIPSOIDAL_ON_ECLIPSE2",9,195.33829,0.30094862,0.032423537,0.1499551,0.21762834,0.15007365,0.050171826,0.80067575,0.0065432033,0.36933503,0.08265951,0.11384667,0.011672086
375316653866487564,6109304487063118464,0.5076194,2198.303648290532,4.179084743291131,1.2552721E-5,18.914217,0.0029409663,0.060288534,7.899099E-4,0.023746463,0.001274335,0.29789025,0.018357009,0.54936534,0.024156587,0.02497757,0.01355727,0.18078206,0.22400436,null,null,null,null,"TWOGAUSSIANS",8,0.59097886,0.060288534,7.899099E-4,0.1329802,0.007136276,0.29789025,0.018357009,0.54936534,0.024156587,0.1398744,0.07592071,0.18078206,0.22400436
375316653866487564,6109306003191216896,0.57477826,2181.0672108697563,1.1716007326019642,3.0217874E-5,14.431516,0.015057847,0.16129434,0.026035093,0.046847623,0.015411502,0.6125876,0.25751978,0.6666199,0.006751741,0.057099625,0.0060562366,0.38515866,0.02407593,null,null,null,null,"TWOGAUSSIANS",8,628.9253,0.16129434,0.026035093,0.26234668,0.08630441,0.61258066,0.25756887,0.6666199,0.006751741,0.3197579,0.033914924,0.3851517,0.024050951
375316653866487564,6109313283157001728,0.50420743,2194.264930156242,3.2130620708797744,2.9818242E-5,18.236849,0.022873322,0.32038996,0.0047805137,0.074717484,0.013308881,0.18839625,0.018443994,0.83044547,0.019870976,0.059724968,0.038316518,0.16388804,0.026596434,null,null,null,null,"TWOGAUSSIANS",8,7.263484,0.32038996,0.0047805137,0.4,0.0,0.18813252,0.016081147,0.83044547,0.019870976,0.3344598,0.12874717,0.16362432,0.026984232
375316653866487564,6109318883794663040,0.47818044,2156.8498449189433,2.134044139623685,6.6535096E-5,17.645308,0.0067528775,0.37132305,0.005915872,0.08665977,0.011577709,0.07137931,0.01355536,0.8344924,0.015568646,0.11761131,0.02203697,0.043058667,0.0068273535,null,null,null,null,"TWOGAUSSIANS",8,1.7779142,0.37138307,0.005898289,0.4,0.0,0.068105154,0.013321421,0.8344924,0.015568646,0.4,0.0,0.039764784,0.005200823
375316653866487564,6109328852416649472,0.4883758,2140.817080035474,1.6578737103536771,1.199595E-4,14.085512,0.004227,0.34851533,0.012372882,0.0799837,0.014950233,0.07810847,0.014818703,0.74478954,0.033353347,0.09127632,0.029384308,0.033049624,0.009699044,null,null,null,null,"TWOGAUSSIANS",8,68.00227,0.34852535,0.0123768635,0.4,0.0016130189,0.07791585,0.014902611,0.74478954,0.033353347,0.4,0.036352333,0.032854706,0.009641781
375316653866487564,6109329539611445504,0.61207503,2205.818844052579,1.7747526515337744,1.4756405E-5,15.3608885,0.013428138,0.27299017,0.0049996846,0.047756325,0.00382892,0.42886403,0.04090118,0.7940125,0.01135867,0.031668417,0.0058436394,0.13002029,0.033557165,0.05644638,0.017615506,0.7940125,0.01135867,"TWOGAUSSIANS_WITH_ELLIPSOIDAL_ON_ECLIPSE2",9,70.34734,0.27393016,0.0045792367,0.26743543,0.021441951,0.53988475,0.03619273,0.7940125,0.01135867,0.17734313,0.03272438,0.24291202,0.0068663782
