Gaia/vari_eclipsing_binary/VariEclipsingBinary_668042-668058.csv
# %ECSV 1.0
# ---
# delimiter: ','
# meta: !!omap
# - RELEASE: Gaia DR3
# - TABLE: vari_eclipsing_binary
# - DESCRIPTION: >
#     This table describes the properties of the eclipsing binaries resulting from the variability analysis. 
# - CITATION: >
#     How to cite and acknowledge Gaia: 
#     https://gea.esac.esa.int/archive/documentation/credits.html 
# - KNOWN_ISSUES: >
#     Known issues: 
#     https://www.cosmos.esa.int/web/gaia-users/known-issues 
# - DOCUMENTATION: >
#     Tutorials and documentation: 
#     https://www.cosmos.esa.int/web/gaia-users/archive 
# datatype:
# - 
#   name: solution_id
#   datatype: int64
#   description: Solution Identifier
#   meta:
#     ucd: meta.version
# - 
#   name: source_id
#   datatype: int64
#   description: Unique source identifier
#   meta:
#     ucd: meta.id;meta.main
# - 
#   name: global_ranking
#   datatype: float32
#   description: Number between 0 (worst) and 1 (best)
#   meta:
#     ucd: stat.param
# - 
#   name: reference_time
#   datatype: float64
#   unit: d
#   description: Reference time used for the geometric model fit
#   meta:
#     ucd: time.epoch
# - 
#   name: frequency
#   datatype: float64
#   unit: d**-1
#   description: Frequency of geometric model of the eclipsing binary light curve
#   meta:
#     ucd: src.orbital
# - 
#   name: frequency_error
#   datatype: float32
#   unit: d**-1
#   description: "Uncertainty of \\texttt{frequency}"
#   meta:
#     ucd: stat.error
# - 
#   name: geom_model_reference_level
#   datatype: float32
#   unit: mag
#   description: Magnitude reference level of geometric model
#   meta:
#     ucd: phot.mag;em.opt
# - 
#   name: geom_model_reference_level_error
#   datatype: float32
#   unit: mag
#   description: "Uncertainty of \\texttt{geomModelReferenceLevel}"
#   meta:
#     ucd: stat.error;phot.mag;em.opt
# - 
#   name: geom_model_gaussian1_phase
#   datatype: float32
#   description: Phase of the Gaussian 1 component
#   meta:
#     ucd: time.phase
# - 
#   name: geom_model_gaussian1_phase_error
#   datatype: float32
#   description: "Uncertainty of \\texttt{geomModelGaussian1Phase}"
#   meta:
#     ucd: stat.error;time.phase
# - 
#   name: geom_model_gaussian1_sigma
#   datatype: float32
#   description: "Standard deviation [phase] of Gaussian 1 component"
#   meta:
#     ucd: stat.stdev
# - 
#   name: geom_model_gaussian1_sigma_error
#   datatype: float32
#   description: "Uncertainty of \\texttt{geomModelGaussian1Sigma}"
#   meta:
#     ucd: stat.error
# - 
#   name: geom_model_gaussian1_depth
#   datatype: float32
#   unit: mag
#   description: Magnitude depth of Gaussian 1 component
#   meta:
#     ucd: src.var.amplitude
# - 
#   name: geom_model_gaussian1_depth_error
#   datatype: float32
#   unit: mag
#   description: "Uncertainty of \\texttt{geomModelGaussian1Depth}"
#   meta:
#     ucd: stat.error;src.var.amplitude
# - 
#   name: geom_model_gaussian2_phase
#   datatype: float32
#   description: Phase of Gaussian 2 component
#   meta:
#     ucd: time.phase
# - 
#   name: geom_model_gaussian2_phase_error
#   datatype: float32
#   description: "Uncertainty of \\texttt{geomModelGaussian2Phase}"
#   meta:
#     ucd: stat.error;time.phase
# - 
#   name: geom_model_gaussian2_sigma
#   datatype: float32
[...]
#   datatype: float32
#   description: "Secondary eclipse: uncertainty of \\texttt{derivedSecondaryEclDuration}"
#   meta:
#     ucd: stat.error;time.duration
# - 
#   name: derived_secondary_ecl_depth
#   datatype: float32
#   unit: mag
#   description: "Secondary eclipse: depth"
#   meta:
#     ucd: src.var.amplitude
# - 
#   name: derived_secondary_ecl_depth_error
#   datatype: float32
#   unit: mag
#   description: "Secondary eclipse: uncertainty of \\texttt{derivedSecondaryEclDepth}"
#   meta:
#     ucd: stat.error;src.var.amplitude
solution_id,source_id,global_ranking,reference_time,frequency,frequency_error,geom_model_reference_level,geom_model_reference_level_error,geom_model_gaussian1_phase,geom_model_gaussian1_phase_error,geom_model_gaussian1_sigma,geom_model_gaussian1_sigma_error,geom_model_gaussian1_depth,geom_model_gaussian1_depth_error,geom_model_gaussian2_phase,geom_model_gaussian2_phase_error,geom_model_gaussian2_sigma,geom_model_gaussian2_sigma_error,geom_model_gaussian2_depth,geom_model_gaussian2_depth_error,geom_model_cosine_half_period_amplitude,geom_model_cosine_half_period_amplitude_error,geom_model_cosine_half_period_phase,geom_model_cosine_half_period_phase_error,model_type,num_model_parameters,reduced_chi2,derived_primary_ecl_phase,derived_primary_ecl_phase_error,derived_primary_ecl_duration,derived_primary_ecl_duration_error,derived_primary_ecl_depth,derived_primary_ecl_depth_error,derived_secondary_ecl_phase,derived_secondary_ecl_phase_error,derived_secondary_ecl_duration,derived_secondary_ecl_duration_error,derived_secondary_ecl_depth,derived_secondary_ecl_depth_error
[from data line 367]
375316653866487564,5876231116022891264,0.4797694,2131.475961866403,0.04046550657533419,9.2074015E-6,17.56864,0.012427247,0.15736564,0.008603988,0.023469325,0.0036527228,0.8659591,0.5478794,0.867133,0.013838756,0.020468343,0.013056012,0.27410176,0.7741209,null,null,null,null,"TWOGAUSSIANS",8,31.039259,0.15736564,0.008603988,0.13142823,0.020455247,0.8659591,0.5478794,0.867133,0.013838756,0.11462273,0.073113665,0.27410176,0.7741209
375316653866487564,5876231146079574656,0.556478,2204.617520874307,0.7188798158523995,1.7046592E-5,18.091902,0.0030503946,0.17435744,0.0028095548,0.024207907,0.0027560974,0.0637099,0.008377614,0.6908107,0.0060455287,0.03592199,0.0042361384,0.46260166,0.029004607,null,null,null,null,"TWOGAUSSIANS",8,4.628697,0.6908107,0.0060455287,0.20116316,0.023722377,0.46260166,0.029004607,0.17435744,0.0028095548,0.13556428,0.015434145,0.0637099,0.008377614
375316653866487564,5876231180443832064,0.46090454,2199.3263247166715,0.4091094904016311,1.497788E-5,18.153425,0.009277682,0.18511474,0.006690517,0.028247315,0.0052596633,0.5280321,0.17994832,null,null,null,null,null,null,0.11257534,0.012683713,0.18511474,0.006690517,"ONEGAUSSIAN_WITH_ELLIPSOIDAL",6,56.567257,0.18511474,0.006690517,0.15818496,0.029454116,0.75318253,0.17388183,null,null,null,null,null,null
375316653866487564,5876231489693507840,0.47122252,2200.1655947410986,0.35083651766376595,1.2280361E-5,18.28372,0.02797715,0.5662504,0.07582204,0.14499667,0.17668192,0.028030284,0.02845795,0.79816145,0.0017172061,0.011402245,0.0014808045,0.26421112,0.033550378,null,null,null,null,"TWOGAUSSIANS",8,4.556841,0.79816145,0.0017172061,0.06385257,0.0082925055,0.27186507,0.036367115,0.5662504,0.07582204,0.4,0.0,0.02788355,0.013583345
375316653866487564,5876231936353625344,0.49150288,2183.595778403869,3.9407920086890424,2.1339496E-5,18.292364,0.16625871,0.16735856,0.0076445015,0.12548126,0.043134406,0.23053005,0.15973328,0.6928451,0.010510642,0.1244727,0.04804623,0.24200837,0.1598313,null,null,null,null,"TWOGAUSSIANS",8,4.8700542,0.69312507,0.009390312,0.4,0.0,0.19040866,0.016372869,0.16707857,0.0065186503,0.4,0.0,0.17891525,0.01575494
375316653866487564,5876231975017176064,0.4828979,2204.2818754212594,1.958694819297155,1.6273407E-5,18.225424,0.0021371623,0.24026304,0.0031378346,0.011960546,0.008260906,0.034276187,5.121638,null,null,null,null,null,null,0.05407149,0.0033853636,0.24026304,0.0031378346,"ONEGAUSSIAN_WITH_ELLIPSOIDAL",6,2.9290795,0.24026304,0.0031378346,0.06697906,0.046261072,0.14241895,5.121629,null,null,null,null,null,null
375316653866487564,5876232043789149184,0.5094805,2202.862530514476,0.8523239730292704,2.6952484E-5,17.865898,0.001832236,0.3535534,0.00819009,0.009148835,0.0071416483,0.29930794,2.914094,0.8829418,0.007694428,0.008831768,0.0058194227,0.05638165,0.24336298,null,null,null,null,"TWOGAUSSIANS",8,2.854261,0.3535534,0.00819009,0.051233474,0.03999323,0.29930794,2.914094,0.8829418,0.007694428,0.0494579,0.03258877,0.05638165,0.24336298
375316653866487564,5876232387386918784,0.6130878,2203.599581018653,1.2129458734724943,4.7273707E-6,15.688398,0.002508164,0.3007388,0.00149298,0.044166684,0.0011689567,0.4351243,0.010833558,0.8034302,0.0039045436,0.043170754,0.0035673394,0.07829557,0.0053298413,null,null,null,null,"TWOGAUSSIANS",8,23.991152,0.3007388,0.00149298,0.24733344,0.006546158,0.43512428,0.010833554,0.8034302,0.0039045436,0.24175622,0.0199771,0.07829555,0.005329842
375316653866487564,5876232559132358016,0.5230597,2175.169739074861,2.506026326550372,1.0665149E-5,18.533148,0.010863391,0.2577251,0.0058866283,0.08297986,0.007051459,0.2721321,0.018480593,0.74901867,0.0060256124,0.07708089,0.007939642,0.33121437,0.015080789,null,null,null,null,"TWOGAUSSIANS",8,4.4871936,0.74901867,0.0060256124,0.4,0.0,0.32738805,0.01572003,0.2577251,0.0058866283,0.4,0.0,0.26830575,0.017810369
375316653866487564,5876232730984307328,0.6076813,2211.040750895078,0.7279387997547211,9.12453E-6,15.549482,0.0034025805,0.2549011,0.0045974385,0.04681411,0.004274726,0.12470365,0.009758966,0.745222,0.003926602,0.043281063,0.0038647158,0.26433432,0.019749012,0.04312926,0.004605282,0.745222,0.003926602,"TWOGAUSSIANS_WITH_ELLIPSOIDAL_ON_ECLIPSE2",9,15.618543,0.745222,0.003926602,0.24237396,0.021642407,0.3505926,0.017512139,0.2538711,0.004019602,0.26215902,0.023938464,0.21067728,0.0072389157
375316653866487564,5876232937142762752,0.51237655,2214.7135724318923,2.45049725646533,1.3826046E-5,17.239298,0.016567953,0.26116654,0.0050255875,0.095131025,0.011559117,0.20960858,0.015030726,0.7651873,0.003589767,0.09705882,0.010139439,0.1931812,0.015030362,null,null,null,null,"TWOGAUSSIANS",8,11.724369,0.26116654,0.0050255875,0.4,0.0,0.19669746,0.013929763,0.7651873,0.003589767,0.4,0.0,0.18026982,0.010791205
375316653866487564,5876233143250263040,0.54171276,2220.376842643165,1.7756617802684915,9.0098465E-6,17.846373,0.008149917,0.2762487,0.0022407414,0.09716059,0.005491258,0.22574642,0.006791211,0.7800703,0.00683377,0.0752255,0.010046289,0.14584485,0.011156364,null,null,null,null,"TWOGAUSSIANS",8,2.9493597,0.2762487,0.0022407414,0.4,0.0,0.22057866,0.0045982376,0.7800703,0.00683377,0.4,0.0,0.1406779,0.010582715
375316653866487564,5876233242023713024,0.6022937,2201.0730339104134,2.7665552083708524,5.7467273E-6,17.78785,0.019672634,0.22323936,0.0026228575,0.039256904,0.0069533885,0.28111562,0.030992042,0.71639216,0.005951848,0.046716362,0.00977413,0.3910736,0.027334612,0.13704602,0.02058212,0.22323936,0.0026228575,"TWOGAUSSIANS_WITH_ELLIPSOIDAL_ON_ECLIPSE1",9,12.034419,0.71713215,0.005228687,0.2616116,0.054735124,0.66471237,0.03680478,0.22323936,0.0026228575,0.21983868,0.038938977,0.55520684,0.019272337
375316653866487564,5876233452485936896,0.4948233,2208.452727191629,0.2505232167834512,5.0226565E-5,16.355928,0.0013601152,0.21258974,0.016093716,0.06540565,0.011978938,0.0119122295,0.0025457295,0.6715592,1.9495552E-4,0.008560733,2.3082552E-4,0.23628896,0.010897376,null,null,null,null,"TWOGAUSSIANS",8,4.6490803,0.6715592,1.9495552E-4,0.0479401,0.0012926229,0.23628896,0.010897376,0.21258974,0.016093716,0.36627164,0.067082055,0.0119122295,0.0025457295
375316653866487564,5876234517639742592,0.50552624,2175.9134602328227,3.0658775373946003,1.9197003E-5,19.79791,0.077278815,0.27170768,0.005016767,0.092778355,0.017191947,0.4719397,0.06461153,0.7536348,0.00933125,0.10351175,0.022960901,0.4381266,0.07402892,null,null,null,null,"TWOGAUSSIANS",8,2.5776987,0.2717177,0.005023003,0.4,0.0,0.44413447,0.031830337,0.7536348,0.00933125,0.4,0.0,0.4103119,0.036802035
375316653866487564,5876234964366948992,0.5655768,2203.9214019112806,2.1409927855816244,8.308352E-6,17.10105,0.0077866465,0.24683338,0.002007216,0.048522875,0.016502922,0.066397436,0.026555298,0.7631965,0.008374881,0.04658594,0.008911378,0.09985809,0.024293464,0.104510695,0.010505254,0.24683338,0.002007216,"TWOGAUSSIANS_WITH_ELLIPSOIDAL_ON_ECLIPSE1",9,10.110422,0.7631965,0.008374881,0.26088127,0.049903717,0.30667713,0.019975016,0.24683338,0.002007216,0.2717281,0.09241637,0.27541816,0.029734585
375316653866487564,5876235028746526592,0.47657654,2182.823519744979,2.8549642087773797,1.7970899E-5,18.965696,0.027109731,0.2105541,0.0071185865,0.093490735,0.014729432,0.2744643,0.026622415,0.7213449,0.004436179,0.081432626,0.00815699,0.3003851,0.027934028,null,null,null,null,"TWOGAUSSIANS",8,7.397028,0.7213449,0.004436179,0.4,0.0,0.29235438,0.021544535,0.2105541,0.0071185865,0.4,0.0,0.26643318,0.023359237
375316653866487564,5876235101753683072,0.5686269,2186.1151824809335,3.0253092627967755,1.16837155E-5,19.197544,0.014879126,0.25292638,0.00166156,0.075543895,0.0031543667,0.5556084,0.013992503,0.75295717,0.0054472447,0.07274371,0.005137812,0.48206756,0.021759305,null,null,null,null,"TWOGAUSSIANS",8,3.3344595,0.25292638,0.00166156,0.4,0.0,0.55208963,0.01253621,0.75295717,0.0054472447,0.4,8.6144847E-4,0.4785488,0.020772828
375316653866487564,5876235200533341696,0.47926164,2205.7534166547175,2.0469108846372217,2.4566581E-5,18.248077,0.002656155,0.24526836,3.9088747E-5,0.0056358613,1.5439511E-4,0.38920256,0.002779755,0.6908824,0.007427551,0.022791129,0.0047904435,0.048048623,0.013812964,null,null,null,null,"TWOGAUSSIANS",8,3.4012196,0.24526836,3.9088747E-5,0.031560823,8.646126E-4,0.38920256,0.002779755,0.6908824,0.007427551,0.12763032,0.026826484,0.048048623,0.013812964
375316653866487564,5876235273552581248,0.52008855,2192.884646161575,2.540084296894813,1.5130122E-5,18.069103,0.06459784,0.21310057,0.004061692,0.13066003,0.02842964,0.20073317,0.061249528,0.7083489,0.0034741713,0.11455147,0.022507355,0.22023846,0.059463847,null,null,null,null,"TWOGAUSSIANS",8,2.454238,0.7083489,0.0034741713,0.4,0.0,0.17031756,0.0077775177,0.21312058,0.0040384564,0.4,0.0,0.15057719,0.008313533
375316653866487564,5876235410993205632,0.51875246,2184.5245034865316,3.5839470410624155,2.6165902E-5,19.680473,0.012405848,0.2594633,0.009811733,0.07261334,0.009110498,0.5575192,0.027343877,0.75422746,0.008014984,0.07370379,0.010815915,0.41545632,0.028492507,null,null,null,null,"TWOGAUSSIANS",8,2.9578185,0.2594633,0.009811733,0.4,0.030748535,0.5550455,0.027787896,0.75422746,0.008014984,0.4,0.011319363,0.4129826,0.029158607
375316653866487564,5876236269985474688,0.47167513,2183.8107747817867,2.365033786856739,2.5483561E-5,19.418875,0.20812045,0.2321246,0.0056888554,0.11471992,0.048649754,0.38992485,0.17677122,0.75019974,0.0074621765,0.117851354,0.044083245,0.45287573,0.18591973,null,null,null,null,"TWOGAUSSIANS",8,5.7701693,0.75024974,0.007232742,0.4,0.0,0.38261166,0.030092007,0.2320346,0.005859976,0.4,0.0,0.3197236,0.026816595
375316653866487564,5876236407424624384,0.47188964,2207.0551392279035,3.4641167613131554,3.9955783E-5,19.559383,0.020341365,0.28539616,0.0030180828,0.040145073,0.0067790495,0.29833496,0.07404877,0.8111509,0.015692733,0.019467168,0.013520661,0.36894223,2302.4233,0.1377042,0.033317883,0.28539616,0.0030180828,"TWOGAUSSIANS_WITH_ELLIPSOIDAL_ON_ECLIPSE1",9,14.776679,0.8111509,0.015692733,0.10901614,0.0757157,0.63720125,2302.4146,0.28539616,0.0030180828,0.22481242,0.03796268,0.57374316,0.06265021
375316653866487564,5876236476195689728,0.49490842,2201.517342084337,2.7432148095102553,1.6624666E-5,17.01752,0.35141674,0.14647007,0.004963047,0.12388278,0.038130447,0.15923466,0.1998385,0.65211093,0.005515893,0.16956785,0.11907959,0.19141157,0.34858298,null,null,null,null,"TWOGAUSSIANS",8,6.70194,0.6521909,0.005313153,0.4,0.0,0.11226454,0.008278561,0.14564006,0.004483921,0.4,0.0,0.08497211,0.005615912
375316653866487564,5876236987235373056,0.58141285,2182.9104098339544,1.4420641250700383,8.294165E-6,18.137089,0.019146532,0.20267008,0.004724756,0.11457917,0.014419873,0.19213751,0.016900657,0.69429076,0.0016711113,0.095887944,0.0052460176,0.3831613,0.01722078,null,null,null,null,"TWOGAUSSIANS",8,2.542893,0.69429076,0.0016711113,0.4,0.0,0.35537416,0.005879206,0.20267008,0.004724756,0.4,0.0,0.16432191,0.012498982
375316653866487564,5876236991539953024,0.5409714,2210.9530959249046,2.7956097422895785,1.17934305E-5,18.363548,0.008193221,0.24126254,0.0023602832,0.07865461,0.004190119,0.39014506,0.029308997,0.7492621,0.003775305,0.08007166,0.0062377066,0.32821998,0.011725143,null,null,null,null,"TWOGAUSSIANS",8,5.010525,0.24126254,0.0023602832,0.4,0.0,0.38588008,0.030004634,0.7492621,0.003775305,0.4,0.0,0.32395503,0.012259305
375316653866487564,5876237163338505728,0.4491173,2166.108874269622,0.037210277392278446,4.2210177E-6,19.659548,0.020416277,0.114977956,0.02139555,0.014476707,0.009126151,0.63555807,0.63068813,0.4939691,0.01759276,0.08735532,0.016861437,0.27345914,0.021464404,null,null,null,null,"TWOGAUSSIANS",8,4.241304,0.114977956,0.02139555,0.08106956,0.051106445,0.63558036,0.63070095,0.4939691,0.01759276,0.4,0.0,0.27345908,0.021464363
375316653866487564,5876237197698367232,0.48151875,2188.0369646715767,2.6426193180651243,2.3029612E-5,18.79425,0.16733894,0.2727417,0.01414682,0.10553543,0.05493382,0.23690939,0.16435824,0.78533775,0.0129397595,0.10424507,0.04615656,0.21584448,0.15696375,null,null,null,null,"TWOGAUSSIANS",8,3.6221223,0.2727317,0.014077026,0.4,0.0,0.21406202,0.016383415,0.78534776,0.012971097,0.4,0.0,0.19299935,0.027155245
375316653866487564,5876237988024216448,0.57225925,2188.526008194174,0.14342571756418251,2.837572E-5,17.180775,0.0017830697,0.5200796,0.029923353,0.011233436,0.012445171,1.4763503,1.1264437,0.7555908,0.008263021,0.019744238,0.015644092,0.022121686,0.034337305,0.003322728,0.0027577237,0.5200796,0.029923353,"TWOGAUSSIANS_WITH_ELLIPSOIDAL_ON_ECLIPSE1",9,5.338552,0.5200796,0.029923353,0.06290724,0.06969296,1.4829957,1.123563,0.7555908,0.008250994,0.11056773,0.087606914,0.0221766,0.034340262
375316653866487564,5876238194131116544,0.5858499,2195.3061379887426,0.9757650250519551,5.8851792E-6,17.112068,0.0018738545,0.39703345,0.0025012912,0.022878887,0.0028165912,0.28903773,0.009456293,null,null,null,null,null,null,null,null,null,null,"ONEGAUSSIAN",5,4.864993,0.39703345,0.0025012912,0.12812176,0.01577291,0.28903773,0.0,null,null,null,null,null,null
375316653866487564,5876238331621607424,0.4450967,2204.5040280712287,2.2326130304825664,2.413631E-5,18.476337,0.017302454,0.2572305,0.005649907,0.08448481,0.012748102,0.14608462,0.01786715,0.7666557,0.010259744,0.10442908,0.019709798,0.13552734,0.016770251,null,null,null,null,"TWOGAUSSIANS",8,5.904023,0.2572305,0.0056505147,0.4,0.0,0.13875112,0.014526105,0.7666557,0.010259744,0.4,0.0,0.12819074,0.011052071
375316653866487564,5876238537728867328,0.50781614,2180.418495526289,3.29808242247884,4.071874E-5,18.538795,0.0051655904,0.27149165,0.003947533,0.07559386,0.0062481393,0.14799044,0.009790607,0.7613957,0.014090653,0.06678628,0.014994085,0.13953821,0.014397031,null,null,null,null,"TWOGAUSSIANS",8,1.9427944,0.27149165,0.003947533,0.4,0.0,0.14752124,0.009779593,0.7613957,0.014090653,0.37400317,0.04434536,0.13906902,0.014601793
375316653866487564,5876238773938848512,0.57112986,2205.562994714236,0.18332291247951368,4.2772455E-5,11.753456,5.6401675E-4,0.06906779,0.0037649262,0.0069575305,0.0017986388,0.16492347,0.04558918,0.87490886,0.067351036,0.021563396,0.03890648,0.0049081994,0.06006291,0.0018648261,0.0018840957,0.06906779,0.0037649262,"TWOGAUSSIANS_WITH_ELLIPSOIDAL_ON_ECLIPSE1",9,28.291914,0.06906779,0.0037649262,0.03896217,0.0100723775,0.16865312,0.04338836,0.8763789,0.0676488,0.12075501,0.21787629,0.005359874,0.060334858
375316653866487564,5876238911378488576,0.5962862,2217.430577296547,1.7317523896003433,4.8360944E-6,17.007647,0.012999227,0.25144848,0.0066539724,0.10259616,0.012695067,0.16832182,0.011801713,0.73836225,0.0017611581,0.08591218,0.0038193625,0.4004508,0.011554349,null,null,null,null,"TWOGAUSSIANS",8,7.9835687,0.73836225,0.0017611581,0.4,0.0,0.38845015,0.006790565,0.25144848,0.0066539724,0.4,0.0,0.15631843,0.0061787353
375316653866487564,5876239053127948928,0.51694304,2200.971780418147,2.1363073189173147,1.4214264E-5,18.886106,0.0057319202,0.20282087,0.007124651,0.06689852,0.007079836,0.13101889,0.008586614,0.72018653,0.0041031176,0.061965074,0.004767278,0.28816542,0.031540986,null,null,null,null,"TWOGAUSSIANS",8,3.034368,0.72018653,0.0041031176,0.3470044,0.026696758,0.28804523,0.03157701,0.20282087,0.007124651,0.3746317,0.03964708,0.13089867,0.008544768
375316653866487564,5876239392421652992,0.49655303,2199.3188070601313,0.11424681567293607,6.3113606E-5,17.995878,0.0075575695,0.2434249,0.0044264235,0.063828416,0.0064844685,0.12287388,0.010204485,0.7579563,0.0059115705,0.03635339,0.0049008555,2.5293386,1.1298131,null,null,null,null,"TWOGAUSSIANS",8,11.133453,0.7579563,0.0059115705,0.203579,0.027444791,2.5293374,1.129817,0.2434249,0.0044264235,0.35743913,0.036313023,0.12287263,0.010203758
