Gaia/vari_eclipsing_binary/VariEclipsingBinary_697684-698055.csv
# %ECSV 1.0
# ---
# delimiter: ','
# meta: !!omap
# - RELEASE: Gaia DR3
# - TABLE: vari_eclipsing_binary
# - DESCRIPTION: >
#     This table describes the properties of the eclipsing binaries resulting from the variability analysis. 
# - CITATION: >
#     How to cite and acknowledge Gaia: 
#     https://gea.esac.esa.int/archive/documentation/credits.html 
# - KNOWN_ISSUES: >
#     Known issues: 
#     https://www.cosmos.esa.int/web/gaia-users/known-issues 
# - DOCUMENTATION: >
#     Tutorials and documentation: 
#     https://www.cosmos.esa.int/web/gaia-users/archive 
# datatype:
# - 
#   name: solution_id
#   datatype: int64
#   description: Solution Identifier
#   meta:
#     ucd: meta.version
# - 
#   name: source_id
#   datatype: int64
#   description: Unique source identifier
#   meta:
#     ucd: meta.id;meta.main
# - 
#   name: global_ranking
#   datatype: float32
#   description: Number between 0 (worst) and 1 (best)
#   meta:
#     ucd: stat.param
# - 
#   name: reference_time
#   datatype: float64
#   unit: d
#   description: Reference time used for the geometric model fit
#   meta:
#     ucd: time.epoch
# - 
#   name: frequency
#   datatype: float64
#   unit: d**-1
#   description: Frequency of geometric model of the eclipsing binary light curve
#   meta:
#     ucd: src.orbital
# - 
#   name: frequency_error
#   datatype: float32
#   unit: d**-1
#   description: "Uncertainty of \\texttt{frequency}"
#   meta:
#     ucd: stat.error
# - 
#   name: geom_model_reference_level
#   datatype: float32
#   unit: mag
#   description: Magnitude reference level of geometric model
#   meta:
#     ucd: phot.mag;em.opt
# - 
#   name: geom_model_reference_level_error
#   datatype: float32
#   unit: mag
#   description: "Uncertainty of \\texttt{geomModelReferenceLevel}"
#   meta:
#     ucd: stat.error;phot.mag;em.opt
# - 
#   name: geom_model_gaussian1_phase
#   datatype: float32
#   description: Phase of the Gaussian 1 component
#   meta:
#     ucd: time.phase
# - 
#   name: geom_model_gaussian1_phase_error
#   datatype: float32
#   description: "Uncertainty of \\texttt{geomModelGaussian1Phase}"
#   meta:
#     ucd: stat.error;time.phase
# - 
#   name: geom_model_gaussian1_sigma
#   datatype: float32
#   description: "Standard deviation [phase] of Gaussian 1 component"
#   meta:
#     ucd: stat.stdev
# - 
#   name: geom_model_gaussian1_sigma_error
#   datatype: float32
#   description: "Uncertainty of \\texttt{geomModelGaussian1Sigma}"
#   meta:
#     ucd: stat.error
# - 
#   name: geom_model_gaussian1_depth
#   datatype: float32
#   unit: mag
#   description: Magnitude depth of Gaussian 1 component
#   meta:
#     ucd: src.var.amplitude
# - 
#   name: geom_model_gaussian1_depth_error
#   datatype: float32
#   unit: mag
#   description: "Uncertainty of \\texttt{geomModelGaussian1Depth}"
#   meta:
#     ucd: stat.error;src.var.amplitude
# - 
#   name: geom_model_gaussian2_phase
#   datatype: float32
#   description: Phase of Gaussian 2 component
#   meta:
#     ucd: time.phase
# - 
#   name: geom_model_gaussian2_phase_error
#   datatype: float32
#   description: "Uncertainty of \\texttt{geomModelGaussian2Phase}"
#   meta:
#     ucd: stat.error;time.phase
# - 
#   name: geom_model_gaussian2_sigma
#   datatype: float32
[...]
#   datatype: float32
#   description: "Secondary eclipse: uncertainty of \\texttt{derivedSecondaryEclDuration}"
#   meta:
#     ucd: stat.error;time.duration
# - 
#   name: derived_secondary_ecl_depth
#   datatype: float32
#   unit: mag
#   description: "Secondary eclipse: depth"
#   meta:
#     ucd: src.var.amplitude
# - 
#   name: derived_secondary_ecl_depth_error
#   datatype: float32
#   unit: mag
#   description: "Secondary eclipse: uncertainty of \\texttt{derivedSecondaryEclDepth}"
#   meta:
#     ucd: stat.error;src.var.amplitude
solution_id,source_id,global_ranking,reference_time,frequency,frequency_error,geom_model_reference_level,geom_model_reference_level_error,geom_model_gaussian1_phase,geom_model_gaussian1_phase_error,geom_model_gaussian1_sigma,geom_model_gaussian1_sigma_error,geom_model_gaussian1_depth,geom_model_gaussian1_depth_error,geom_model_gaussian2_phase,geom_model_gaussian2_phase_error,geom_model_gaussian2_sigma,geom_model_gaussian2_sigma_error,geom_model_gaussian2_depth,geom_model_gaussian2_depth_error,geom_model_cosine_half_period_amplitude,geom_model_cosine_half_period_amplitude_error,geom_model_cosine_half_period_phase,geom_model_cosine_half_period_phase_error,model_type,num_model_parameters,reduced_chi2,derived_primary_ecl_phase,derived_primary_ecl_phase_error,derived_primary_ecl_duration,derived_primary_ecl_duration_error,derived_primary_ecl_depth,derived_primary_ecl_depth_error,derived_secondary_ecl_phase,derived_secondary_ecl_phase_error,derived_secondary_ecl_duration,derived_secondary_ecl_duration_error,derived_secondary_ecl_depth,derived_secondary_ecl_depth_error
375316653866487564,6136902538157238528,0.63905334,2268.6774084127246,3.731327297464985,5.994324E-6,17.790285,0.0159489,0.20043206,0.0038076683,0.049390655,0.017994301,0.4203763,2.091062,0.70581007,0.0031026488,0.04154717,0.007856913,0.3476703,0.03374623,0.116431005,0.021394236,0.20043206,0.0038076683,"TWOGAUSSIANS_WITH_ELLIPSOIDAL_ON_ECLIPSE1",9,5.959917,0.20043206,0.0038076683,0.27658767,0.10076809,0.65323716,2.109113,0.70581007,0.0031026488,0.23266415,0.043998715,0.58026534,0.010589635
375316653866487564,6136915289918057856,0.5016686,2300.8295439493936,0.4972964638418998,2.0624883E-4,17.651535,0.003016222,0.18075138,0.00761234,0.019999,0.0044836686,0.5194971,0.37093896,0.48474726,0.022905441,0.056662016,0.024572313,0.016833203,0.0046553453,null,null,null,null,"TWOGAUSSIANS",8,3.4261627,0.18075138,0.00761234,0.1119944,0.025108544,0.5194971,0.37093893,0.48474726,0.022905441,0.3173073,0.13321672,0.016833203,0.0046553453
375316653866487564,6136925426040225792,0.59108645,2287.2536063468665,2.820476164627096,1.0526416E-5,15.465408,0.008190589,0.22409475,0.00135799,0.092111975,0.0066722115,0.25964624,0.011858893,0.7260111,0.00300931,0.0915675,0.0053211343,0.29096597,0.010871453,null,null,null,null,"TWOGAUSSIANS",8,25.993713,0.7260111,0.00300931,0.4,0.0,0.27782828,0.010928763,0.22409475,0.00135799,0.4,0.0,0.24650855,0.015227351
375316653866487564,6136939715393293056,0.46405843,2276.9985261067477,1.6747660907786004,1.4264778E-4,11.49425,0.0023710385,0.23026268,0.03130733,0.055289224,0.011812322,0.02479432,0.015732462,0.761163,0.0117368875,0.059261102,0.027799834,0.09709779,0.008678774,null,null,null,null,"TWOGAUSSIANS",8,88.163506,0.761163,0.0117368875,0.33186218,0.15567906,0.09709564,0.008678952,0.23026268,0.03130733,0.30961967,0.066149004,0.024792166,0.015719058
375316653866487564,6136946832156925312,0.5893342,2264.6348599140174,2.5458054172341527,1.0684005E-5,17.137394,0.013374221,0.20573737,0.0030413973,0.059605364,0.02015857,0.1273273,0.03190514,0.703092,0.027173908,0.03867851,0.0418922,0.15494005,2324203.5,0.117111094,0.014506747,0.20573737,0.0030413973,"TWOGAUSSIANS_WITH_ELLIPSOIDAL_ON_ECLIPSE1",9,6.244328,0.703492,0.027349506,0.21659964,0.23459633,0.38908735,2324203.5,0.20573737,0.0030413973,0.33379003,0.101358615,0.36152947,0.03697125
375316653866487564,6136952497217419648,0.53697586,2224.339563260114,3.8931160704925096,9.807074E-6,18.19455,0.025863502,0.2082857,0.007885794,0.08347548,0.010916246,0.30698442,0.026977027,0.704967,0.004233057,0.06860447,0.006470768,0.4167648,0.029934308,null,null,null,null,"TWOGAUSSIANS",8,12.95303,0.704967,0.004233057,0.38418502,0.034776356,0.41383937,0.028156871,0.2082857,0.007885794,0.4,0.0,0.304059,0.025119387
375316653866487564,6136959953280954368,0.5457782,2256.3004766054405,2.5796000490468174,3.642151E-5,16.789492,0.013971776,0.22730076,0.004894038,0.07418113,0.005810574,0.34917176,0.014918981,0.7386843,0.011164333,0.08546027,0.01813226,0.30197087,0.031328563,null,null,null,null,"TWOGAUSSIANS",8,36.19343,0.22730076,0.004894038,0.4,0.0025706042,0.34536484,0.011803053,0.7386843,0.011164333,0.4,0.0,0.29816395,0.034904514
375316653866487564,6136962805139517824,0.62716436,2261.25645863094,1.5260678408691013,8.878622E-6,18.290522,0.0043274243,0.2735785,0.00415812,0.023169382,0.0029283445,0.74357045,0.030487739,0.7738718,0.010121217,0.04263092,0.008142171,0.29036194,0.2414598,null,null,null,null,"TWOGAUSSIANS",8,5.2672143,0.2735785,0.00415812,0.12974854,0.01639873,0.74357045,0.030487739,0.7738718,0.010121217,0.23873316,0.04559616,0.29036194,0.2414598
375316653866487564,6136969745806558464,0.5604224,2275.094992854067,3.7459880820433824,1.1052972E-5,19.061882,0.025641412,0.25244865,0.00419634,0.07308522,0.0056081084,0.5134156,0.024749823,0.7579077,0.00984308,0.069582485,0.016787779,0.50749826,0.21705878,null,null,null,null,"TWOGAUSSIANS",8,3.1093884,0.25244865,0.00419634,0.4,0.012031156,0.5114955,0.023437584,0.7579077,0.00984308,0.38966194,0.05358136,0.5055781,0.22006974
375316653866487564,6136989816189818112,0.62929755,2292.5890147561677,2.1319413991486678,1.2684075E-5,15.930364,0.013174212,0.3468,0.002601224,0.04113696,0.004481469,0.7883361,0.05213432,0.82895535,0.03932617,0.04298569,0.02684263,0.090714,0.046535075,0.050415795,0.026941719,0.3468,0.002601224,"TWOGAUSSIANS_WITH_ELLIPSOIDAL_ON_ECLIPSE1",9,57.367516,0.3468,0.002601224,0.23036698,0.025096226,0.8891674,0.056799542,0.8314354,0.034697987,0.24071987,0.15031873,0.19045772,0.03069116
375316653866487564,6136990091065376640,0.5937884,2312.3851751852576,3.2104402027329613,1.5567584E-5,16.762922,0.025261903,0.23856448,0.003485754,0.10166947,0.0111307865,0.25197458,0.022788335,0.72157514,0.0058361236,0.08898414,0.01406928,0.31537533,0.02213731,null,null,null,null,"TWOGAUSSIANS",8,6.5793195,0.72157514,0.0058361236,0.4,0.0,0.3012823,0.009663264,0.23856448,0.0034848044,0.4,0.0,0.2378779,0.008355934
375316653866487564,6136993488386291328,0.5695159,2310.4472607304015,3.3139975367903536,8.176358E-6,18.94552,0.007933506,0.2950836,0.003427786,0.06873879,0.004081343,0.28723916,0.010958928,0.7933506,0.002579712,0.06906695,0.00470964,0.41209987,0.036542013,null,null,null,null,"TWOGAUSSIANS",8,1.6235633,0.7933506,0.002579712,0.3867749,0.021800641,0.4111902,0.036922194,0.2950836,0.003427786,0.3849372,0.02285552,0.2863295,0.010791856
375316653866487564,6136995176306654080,0.53889465,2294.6056971986172,1.7200886412731031,3.3141692E-5,19.596508,0.007438324,0.4024471,0.0441037,0.028571704,0.023760224,0.58896184,77.32126,0.7615431,0.011888648,0.07787144,0.012935072,0.040418457,0.007989251,null,null,null,null,"TWOGAUSSIANS",8,0.9497287,0.4024471,0.0441037,0.16000155,0.13305725,0.58896285,77.32126,0.7615431,0.011888648,0.4,0.0045404118,0.040418457,0.007989243
375316653866487564,6137003865024941824,0.44860598,2262.984817642852,0.9133091410798997,1.50325095E-5,18.314386,0.017367275,0.11934269,0.009580833,0.052709144,0.01005049,0.2139564,0.029955817,0.62760085,0.034065194,0.039977275,0.017975414,0.22939819,0.26977748,null,null,null,null,"TWOGAUSSIANS",8,23.121677,0.62760085,0.034065194,0.22387275,0.10066232,0.22939806,0.26977757,0.11934269,0.009580833,0.2951712,0.05628274,0.21395627,0.02995581
375316653866487564,6137006373288587392,0.4706063,2243.189718183542,2.7625749090717666,2.634034E-5,18.102451,0.013222304,0.21292073,0.0032570632,0.03786983,0.0051173517,0.08656859,0.0108105885,0.677123,0.03943913,0.10905529,0.08497749,0.04428462,0.014428884,null,null,null,null,"TWOGAUSSIANS",8,2.3837643,0.21292073,0.003015494,0.21207105,0.02865717,0.08645596,0.010551205,0.677123,0.03943913,0.4,0.0,0.0441666,0.013233226
375316653866487564,6137006583741509888,0.5717953,2253.3326066281884,3.1072425852099994,1.1202102E-5,16.712446,0.009819225,0.23862617,0.0026543264,0.09115772,0.005695465,0.2520108,0.012475868,0.73984176,0.003979255,0.083899826,0.005140915,0.28117192,0.010376704,null,null,null,null,"TWOGAUSSIANS",8,10.183663,0.73984176,0.003979255,0.4,0.0,0.27237156,0.0077221575,0.23862617,0.0026543264,0.4,0.0,0.24321029,0.011850751
375316653866487564,6137010088435044736,0.50502026,2302.733268768745,3.5239208810595977,1.1115511E-5,19.704575,0.009787085,0.27728856,0.004035454,0.02524462,0.0076301317,0.06657581,0.0461924,null,null,null,null,null,null,0.13333806,0.014868073,0.27728856,0.004035454,"ONEGAUSSIAN_WITH_ELLIPSOIDAL",6,3.2376301,0.27728856,0.004035454,0.14136986,0.042728737,0.33325133,0.041853715,null,null,null,null,null,null
375316653866487564,6137013966788384896,0.59644383,2271.6999326489545,3.548032442788658,1.3828248E-5,18.602297,0.015224803,0.28873095,0.0064154617,0.07737006,0.009921757,0.42429662,0.025615793,0.786865,0.0028130999,0.07612961,0.0050118025,0.5315694,0.015614304,null,null,null,null,"TWOGAUSSIANS",8,3.0193205,0.786865,0.0028130999,0.4,0.0,0.5270436,0.014557895,0.28873095,0.0064154617,0.4,0.0032809614,0.41977072,0.025999462
375316653866487564,6137020430716094592,0.65768516,2217.529333068407,1.653904643979384,5.5261185E-6,13.072678,0.003193693,0.15940873,0.0018405749,0.0812712,0.0019872263,0.49010134,0.011185391,0.6649005,0.0024750808,0.07724639,0.0025958011,0.28784612,0.009511333,null,null,null,null,"TWOGAUSSIANS",8,104.025894,0.15940873,0.0018405749,0.4,0.0,0.4854343,0.011337765,0.6649005,0.0024750808,0.4,0.0,0.28317907,0.009873729
375316653866487564,6137020877392706688,0.42348027,2253.2344321044934,0.21387864991462321,4.4034245E-5,14.113722,0.0014577886,0.27412033,0.0063333604,0.03364832,0.0074043726,0.06943593,0.025858954,0.6466174,0.016201133,0.110050485,0.016887076,0.04275434,0.015886754,null,null,null,null,"TWOGAUSSIANS",8,16.319523,0.27419034,0.006307724,0.18843059,0.04146449,0.06956884,0.025872082,0.6466174,0.016201133,0.4,0.0,0.042748053,0.015897434
375316653866487564,6137023007696478848,0.53825957,2219.8069957761704,2.413250694160389,1.7130862E-5,17.205547,0.046762872,0.26959378,0.011193631,0.13706867,0.041992467,0.124461174,0.04649009,0.77222997,0.003331693,0.10639588,0.022718312,0.13618252,0.042548537,null,null,null,null,"TWOGAUSSIANS",8,2.726892,0.77228,0.0033440003,0.4,0.0,0.10614711,0.0047798604,0.26959378,0.011195407,0.4,0.0,0.09410834,0.0050569
375316653866487564,6137029192449598336,0.54545254,2343.087386469482,0.3029993171858234,8.241266E-5,16.879425,0.008808998,0.82170165,0.022189384,0.035252675,0.024556158,0.711477,1.7015314,0.53926814,0.028224528,0.03959366,0.03250372,1.1987123,157182.66,0.008942435,0.009378572,0.53926814,0.028224528,"TWOGAUSSIANS_WITH_ELLIPSOIDAL_ON_ECLIPSE2",9,42.27182,0.53926814,0.028224528,0.2217245,0.18202083,1.2165972,157182.66,0.82178164,0.023415918,0.19741498,0.13751449,0.71221125,1.7015084
375316653866487564,6137040256285563776,0.6026415,2325.2533543174927,4.311586762801218,1.7655535E-5,18.52327,0.009137062,0.24348155,0.0040177973,0.06983326,0.003923725,0.53853357,0.038665406,0.7480924,0.009525106,0.07219531,0.0090200985,0.69934493,0.075507544,null,null,null,null,"TWOGAUSSIANS",8,4.9280787,0.7480924,0.009525106,0.4,0.017079841,0.69711316,0.07657378,0.24348155,0.0040177973,0.39106625,0.019515391,0.5363018,0.03901755
375316653866487564,6137040836104168320,0.62975776,2279.0608393452767,2.4362404718741786,9.757648E-6,17.81139,0.0087680835,0.28110218,0.00204851,0.09568169,0.003654775,0.3668626,0.009712548,0.78216285,0.00368517,0.08819451,0.0043331147,0.41536397,0.010423256,null,null,null,null,"TWOGAUSSIANS",8,2.2911503,0.78216285,0.00368517,0.4,0.0,0.39638662,0.009033679,0.28110218,0.00204851,0.4,0.0,0.34788445,0.0081430515
375316653866487564,6137046715916278016,0.4292548,2240.5315924591946,0.16240525981725237,3.799271E-5,17.833202,0.08689244,0.11269332,0.029354766,0.16876522,0.08622519,0.13170071,0.083013125,0.5326308,0.019826278,0.11243934,0.023006773,0.27923527,0.057847872,null,null,null,null,"TWOGAUSSIANS",8,8.300209,0.5326308,0.019826278,0.4,0.0,0.24584864,0.06556867,0.114683315,0.029248578,0.4,0.0,0.09226809,0.019041376
375316653866487564,6137052037378881664,0.60476226,2301.849264267177,3.9510081761970177,2.882881E-5,18.221685,0.03374719,0.23821045,0.006275168,0.05332285,0.012176106,0.3273087,0.07889225,0.7353165,0.0060240435,0.06049255,0.009676191,0.31466958,0.070342205,0.103153735,0.03771535,0.23821045,0.006275168,"TWOGAUSSIANS_WITH_ELLIPSOIDAL_ON_ECLIPSE1",9,6.316531,0.23821045,0.006275168,0.29860798,0.06818619,0.53355914,0.048179496,0.7357765,0.0049440274,0.33875826,0.05418667,0.52086264,0.010382887
375316653866487564,6137053549207569408,0.53598374,2322.6056476825156,3.777931745600436,1.6459782E-5,18.283266,0.031845707,0.21627232,0.006649034,0.09548777,0.016666248,0.31452358,0.03290327,0.7139468,0.014856186,0.08077302,0.015537635,0.3253583,0.030532455,null,null,null,null,"TWOGAUSSIANS",8,8.161022,0.7139468,0.014856186,0.4,0.022944905,0.3143951,0.01819551,0.21627232,0.006649034,0.4,0.0,0.3035597,0.031891163
375316653866487564,6137056057468856064,0.6448654,2328.4864708149526,3.9495641382957825,5.96364E-6,18.142927,0.014601051,0.12963983,0.0023988865,0.050575506,0.0060987715,0.29188278,0.0336876,0.63062936,0.0019797694,0.04984343,0.004316546,0.34542802,0.030525297,0.11264835,0.01716856,0.12963983,0.0023988865,"TWOGAUSSIANS_WITH_ELLIPSOIDAL_ON_ECLIPSE1",9,2.3261693,0.63062936,0.001925573,0.27912322,0.024172658,0.57071286,0.024490902,0.12963983,0.0023988865,0.28322282,0.034153122,0.5171764,0.015806245
375316653866487564,6137059635177989376,0.60807174,2316.1376031719833,1.4729925921998064,1.11358495E-5,15.611648,0.0071451385,0.20895615,0.0036618162,0.094544224,0.0057745,0.22209208,0.008605782,0.71102923,0.0027125343,0.08965345,0.0043406533,0.28250313,0.009219474,null,null,null,null,"TWOGAUSSIANS",8,16.998526,0.71102923,0.0027125343,0.4,0.0,0.27036235,0.0087023685,0.20895615,0.0036618162,0.4,0.0,0.20995101,0.007937486
375316653866487564,6137062177798555904,0.5843495,2293.520669542243,3.7374646089646872,1.1464863E-5,17.435095,0.0061891624,0.28787613,0.0027696888,0.037040427,0.0063051055,0.15252487,0.026759831,0.8140909,0.009914563,0.027340608,0.010096171,0.0939609,0.028382493,0.119910575,0.0084574,0.28787613,0.0027696888,"TWOGAUSSIANS_WITH_ELLIPSOIDAL_ON_ECLIPSE1",9,9.278545,0.28787613,0.0027696888,0.2074264,0.035308592,0.3923458,0.023450991,0.8140909,0.009914563,0.1531074,0.05653856,0.32733405,0.028949695
375316653866487564,6137068053313836416,0.5192074,2282.296176995993,1.030633518011853,3.400466E-5,15.644029,0.0049701934,0.24139558,0.012374861,0.07487644,0.013956897,0.052910645,0.0052620834,0.7332386,0.0063140737,0.10485094,0.028077232,0.030262506,0.0047001843,null,null,null,null,"TWOGAUSSIANS",8,3.7629552,0.24139558,0.012384955,0.4,0.013443974,0.051546324,0.0033546968,0.7332386,0.0063140737,0.4,0.0,0.028897442,0.0051882495
375316653866487564,6137073202977659008,0.51729363,2266.067067656439,3.5759242837377516,5.449143E-6,14.895788,0.047055043,0.21720313,0.0021594935,0.24925166,0.018894171,1.333898,0.04346927,0.7223823,0.0019707137,0.18075298,0.009979438,1.0365149,0.128197,null,null,null,null,"TWOGAUSSIANS",8,28.031183,0.7286423,0.0021187342,0.4,0.0,0.1901431,0.0043079457,0.21324313,0.0017887776,0.4,0.0,0.17653877,0.0022367935
375316653866487564,6137080281085686400,0.46012494,2271.0605471265785,2.91914297411812,3.5269702E-5,14.384065,0.01941274,0.21296197,0.0076065487,0.053367548,0.019846922,0.116745785,0.059292357,0.73042506,0.01862472,0.054353192,0.02339096,0.10669211,0.044997785,0.060473774,0.021435618,0.21296197,0.0076065487,"TWOGAUSSIANS_WITH_ELLIPSOIDAL_ON_ECLIPSE1",9,579.177,0.21296197,0.0076065487,0.29885826,0.11114276,0.2376896,0.05881724,0.73042506,0.01862472,0.30437788,0.13098937,0.22618563,0.026363824
375316653866487564,6137085400685439360,0.5147973,2322.9324671001996,3.350386370249016,2.9666733E-5,17.481901,0.0048322356,0.1606541,0.004598581,0.041799184,0.006898743,0.032777842,0.012475594,null,null,null,null,null,null,0.074189804,0.0080912225,0.1606541,0.004598581,"ONEGAUSSIAN_WITH_ELLIPSOIDAL",6,11.010085,0.1606541,0.004598581,0.23407543,0.038632963,0.18115711,0.0133521,null,null,null,null,null,null
375316653866487564,6137098285587464960,0.4669892,2291.5716261398265,3.6591826112334833,3.3946195E-5,19.21752,0.011533369,0.7184306,0.006022545,0.036910832,0.006149834,0.19285794,0.035922885,null,null,null,null,null,null,0.06266551,0.014503606,0.7184306,0.006022545,"ONEGAUSSIAN_WITH_ELLIPSOIDAL",6,8.738378,0.7184306,0.006022545,0.20670065,0.03443907,0.31818894,0.032970466,null,null,null,null,null,null
375316653866487564,6137113751764254848,0.4811609,2341.352277486026,0.11445263709016294,7.132443E-5,19.361996,0.017432544,0.26322672,0.023014687,0.11339969,0.028933099,0.19641143,0.03645262,0.6744511,0.00650452,0.08457464,0.017206026,0.27082643,0.05798334,null,null,null,null,"TWOGAUSSIANS",8,2.9106395,0.6744511,0.00650452,0.4,0.0,0.2657787,0.06037455,0.26323673,0.023016458,0.4,0.0,0.19109148,0.035533458
