Gaia/vari_eclipsing_binary/VariEclipsingBinary_391648-391896.csv
# %ECSV 1.0
# ---
# delimiter: ','
# meta: !!omap
# - RELEASE: Gaia DR3
# - TABLE: vari_eclipsing_binary
# - DESCRIPTION: >
#     This table describes the properties of the eclipsing binaries resulting from the variability analysis. 
# - CITATION: >
#     How to cite and acknowledge Gaia: 
#     https://gea.esac.esa.int/archive/documentation/credits.html 
# - KNOWN_ISSUES: >
#     Known issues: 
#     https://www.cosmos.esa.int/web/gaia-users/known-issues 
# - DOCUMENTATION: >
#     Tutorials and documentation: 
#     https://www.cosmos.esa.int/web/gaia-users/archive 
# datatype:
# - 
#   name: solution_id
#   datatype: int64
#   description: Solution Identifier
#   meta:
#     ucd: meta.version
# - 
#   name: source_id
#   datatype: int64
#   description: Unique source identifier
#   meta:
#     ucd: meta.id;meta.main
# - 
#   name: global_ranking
#   datatype: float32
#   description: Number between 0 (worst) and 1 (best)
#   meta:
#     ucd: stat.param
# - 
#   name: reference_time
#   datatype: float64
#   unit: d
#   description: Reference time used for the geometric model fit
#   meta:
#     ucd: time.epoch
# - 
#   name: frequency
#   datatype: float64
#   unit: d**-1
#   description: Frequency of geometric model of the eclipsing binary light curve
#   meta:
#     ucd: src.orbital
# - 
#   name: frequency_error
#   datatype: float32
#   unit: d**-1
#   description: "Uncertainty of \\texttt{frequency}"
#   meta:
#     ucd: stat.error
# - 
#   name: geom_model_reference_level
#   datatype: float32
#   unit: mag
#   description: Magnitude reference level of geometric model
#   meta:
#     ucd: phot.mag;em.opt
# - 
#   name: geom_model_reference_level_error
#   datatype: float32
#   unit: mag
#   description: "Uncertainty of \\texttt{geomModelReferenceLevel}"
#   meta:
#     ucd: stat.error;phot.mag;em.opt
# - 
#   name: geom_model_gaussian1_phase
#   datatype: float32
#   description: Phase of the Gaussian 1 component
#   meta:
#     ucd: time.phase
# - 
#   name: geom_model_gaussian1_phase_error
#   datatype: float32
#   description: "Uncertainty of \\texttt{geomModelGaussian1Phase}"
#   meta:
#     ucd: stat.error;time.phase
# - 
#   name: geom_model_gaussian1_sigma
#   datatype: float32
#   description: "Standard deviation [phase] of Gaussian 1 component"
#   meta:
#     ucd: stat.stdev
# - 
#   name: geom_model_gaussian1_sigma_error
#   datatype: float32
#   description: "Uncertainty of \\texttt{geomModelGaussian1Sigma}"
#   meta:
#     ucd: stat.error
# - 
#   name: geom_model_gaussian1_depth
#   datatype: float32
#   unit: mag
#   description: Magnitude depth of Gaussian 1 component
#   meta:
#     ucd: src.var.amplitude
# - 
#   name: geom_model_gaussian1_depth_error
#   datatype: float32
#   unit: mag
#   description: "Uncertainty of \\texttt{geomModelGaussian1Depth}"
#   meta:
#     ucd: stat.error;src.var.amplitude
# - 
#   name: geom_model_gaussian2_phase
#   datatype: float32
#   description: Phase of Gaussian 2 component
#   meta:
#     ucd: time.phase
# - 
#   name: geom_model_gaussian2_phase_error
#   datatype: float32
#   description: "Uncertainty of \\texttt{geomModelGaussian2Phase}"
#   meta:
#     ucd: stat.error;time.phase
# - 
#   name: geom_model_gaussian2_sigma
#   datatype: float32
[...]
#   datatype: float32
#   description: "Secondary eclipse: uncertainty of \\texttt{derivedSecondaryEclDuration}"
#   meta:
#     ucd: stat.error;time.duration
# - 
#   name: derived_secondary_ecl_depth
#   datatype: float32
#   unit: mag
#   description: "Secondary eclipse: depth"
#   meta:
#     ucd: src.var.amplitude
# - 
#   name: derived_secondary_ecl_depth_error
#   datatype: float32
#   unit: mag
#   description: "Secondary eclipse: uncertainty of \\texttt{derivedSecondaryEclDepth}"
#   meta:
#     ucd: stat.error;src.var.amplitude
solution_id,source_id,global_ranking,reference_time,frequency,frequency_error,geom_model_reference_level,geom_model_reference_level_error,geom_model_gaussian1_phase,geom_model_gaussian1_phase_error,geom_model_gaussian1_sigma,geom_model_gaussian1_sigma_error,geom_model_gaussian1_depth,geom_model_gaussian1_depth_error,geom_model_gaussian2_phase,geom_model_gaussian2_phase_error,geom_model_gaussian2_sigma,geom_model_gaussian2_sigma_error,geom_model_gaussian2_depth,geom_model_gaussian2_depth_error,geom_model_cosine_half_period_amplitude,geom_model_cosine_half_period_amplitude_error,geom_model_cosine_half_period_phase,geom_model_cosine_half_period_phase_error,model_type,num_model_parameters,reduced_chi2,derived_primary_ecl_phase,derived_primary_ecl_phase_error,derived_primary_ecl_duration,derived_primary_ecl_duration_error,derived_primary_ecl_depth,derived_primary_ecl_depth_error,derived_secondary_ecl_phase,derived_secondary_ecl_phase_error,derived_secondary_ecl_duration,derived_secondary_ecl_duration_error,derived_secondary_ecl_depth,derived_secondary_ecl_depth_error
[from data line 770]
375316653866487564,3446803545297319424,0.5441447,2218.037457983642,3.225272855283981,2.2043365E-5,19.693363,0.02179623,0.23586981,0.0029319671,0.07825084,0.005116731,0.50522375,0.023145318,0.7371753,0.0102256285,0.09399758,0.011475496,0.44160676,0.032908257,null,null,null,null,"TWOGAUSSIANS",8,1.4665009,0.23586981,0.0029319671,0.4,0.0,0.49170893,0.020213537,0.7371753,0.0102256285,0.4,0.0,0.42809132,0.03234855
375316653866487564,3446808424380232064,0.5531162,2247.376070897854,3.5576090879322426,4.1612613E-5,18.997917,0.031762697,0.219839,0.007912905,0.087197535,0.010997214,0.36951238,0.0401989,0.7115173,0.0064356676,0.08421268,0.008755842,0.50490236,0.044247694,null,null,null,null,"TWOGAUSSIANS",8,4.510051,0.7115173,0.0064356676,0.4,0.0,0.4943173,0.041709308,0.219839,0.007912905,0.4,0.0,0.3589273,0.03746313
375316653866487564,3446810760842471040,0.5125464,2184.0318117074435,1.305180017884293,1.0867732E-6,17.68448,0.0035167674,0.35551545,1.7064562E-5,6.2904175E-4,1.5794429E-5,0.5003325,0.0054802764,0.64172554,0.0127818,0.03587159,0.012407396,0.033848796,0.0074147433,null,null,null,null,"TWOGAUSSIANS",8,1.5620916,0.35551545,1.7064562E-5,0.0035226338,8.8448796E-5,0.5003325,0.0054802764,0.64172554,0.0127818,0.20088091,0.06948142,0.033848796,0.0074147433
375316653866487564,3446811040019602816,0.47422445,2229.789852661516,3.0269046993860087,4.243138E-5,17.130215,0.009654851,0.25526473,0.013213036,0.082047895,0.013584977,0.1517547,0.016842397,0.76257294,0.0065219263,0.07937395,0.0068868785,0.16613476,0.012769882,null,null,null,null,"TWOGAUSSIANS",8,26.715,0.76257294,0.0065219263,0.4,0.0,0.16386162,0.011710961,0.25526473,0.013213036,0.4,0.0,0.14948158,0.016248908
375316653866487564,3446812620568286080,0.5381858,2243.1756988214174,0.3041261713339405,9.1313905E-6,19.426476,0.007300505,0.41139323,0.009166727,0.01434436,0.0041380203,0.41437715,0.09005363,0.77796763,0.061117303,0.07540004,0.03977987,0.03496942,0.010833002,null,null,null,null,"TWOGAUSSIANS",8,0.68662,0.41139323,0.009166727,0.08032841,0.023172913,0.4143774,0.09005278,0.77796763,0.061117303,0.4,0.16552474,0.03496942,0.010833001
375316653866487564,3446813204683072384,0.5830001,2216.034507334428,3.933521490520431,8.200784E-6,18.196991,0.0134998085,0.24219927,0.0031674437,0.086740874,0.005957594,0.44654977,0.015535574,0.73657167,0.003046687,0.08523266,0.0045098355,0.434059,0.016235264,null,null,null,null,"TWOGAUSSIANS",8,5.336273,0.24219927,0.0031674437,0.4,0.0,0.43486413,0.016005749,0.73657167,0.003046687,0.4,0.0,0.4223734,0.01360222
375316653866487564,3446813269103559808,0.5346034,2271.129207291616,0.039793083420364875,3.2289958E-5,18.901033,0.008113894,0.39427897,0.022574157,0.11590464,0.023174549,0.29979336,0.016613532,0.83886456,3.2445172E-5,0.0053192773,4.054753E-4,0.1828864,0.00926401,null,null,null,null,"TWOGAUSSIANS",8,3.0076706,0.39427897,0.022574157,0.4,0.0,0.29973882,0.016594548,0.83886456,3.2445172E-5,0.029787952,0.0022706615,0.18302631,0.009374952
375316653866487564,3446821584160254976,0.4973022,2211.614821676267,0.09870552518130118,2.4583034E-4,19.581442,0.014893405,0.4201467,0.09435291,0.044160508,0.02913796,0.21933594,0.45439073,0.82143265,0.011418829,0.076439105,0.026703235,0.12930274,0.019074835,null,null,null,null,"TWOGAUSSIANS",8,1.5072664,0.4201467,0.09436182,0.24729885,0.14994729,0.21933474,0.45439953,0.82143265,0.011418829,0.4,0.023645358,0.1293014,0.019095847
375316653866487564,3446821996477086720,0.5548833,2273.380716184501,2.5426486013955363,1.9441228E-5,18.0016,0.010757325,0.29491174,0.003487888,0.07261801,0.004671114,0.44159162,0.037470534,0.7980717,0.0068603572,0.0731598,0.008046949,0.4105742,0.016375601,null,null,null,null,"TWOGAUSSIANS",8,8.913404,0.29491174,0.003487888,0.4,0.0033702017,0.43938756,0.037926424,0.7980717,0.0068603572,0.4,0.010991858,0.40837017,0.016880043
375316653866487564,3446831960801773440,0.5717267,2273.2150354072573,3.189458804033142,1.4800544E-5,19.530298,0.007995683,0.23406824,0.005626404,0.0720222,0.0076538073,0.40786308,0.03860574,0.7504199,0.008702059,0.07634635,0.005855078,0.43463278,0.019625835,null,null,null,null,"TWOGAUSSIANS",8,1.0773748,0.7504199,0.008702059,0.4,0.0,0.4326579,0.018794212,0.23406824,0.005626404,0.4,0.021155488,0.40588817,0.0394255
375316653866487564,3446834503422554112,0.6550186,2291.8133238548876,0.6421774407158474,1.6099895E-5,16.968542,0.0034052678,0.20847233,0.0021934232,0.04355012,0.002044642,0.23129867,0.012686251,0.6894693,0.019019984,0.039261524,0.0065821386,2.380489,1.5841825,null,null,null,null,"TWOGAUSSIANS",8,11.019552,0.6894693,0.019019984,0.21986452,0.036859974,2.380489,1.5841825,0.20847233,0.0021934232,0.24388066,0.011449995,0.23129866,0.012686251
375316653866487564,3446834507720851712,0.59722775,2269.937615006517,0.280243170110301,8.621528E-6,15.243541,0.010684762,0.2179218,0.0048582084,0.039287765,0.0078769,0.21754609,0.029713465,0.69773394,0.007321204,0.03612575,0.004875775,0.966264,0.4660234,0.028717034,0.014434366,0.2179218,0.0048582084,"TWOGAUSSIANS_WITH_ELLIPSOIDAL_ON_ECLIPSE1",9,139.2898,0.6978539,0.007352254,0.2023042,0.02730434,1.0227845,0.46368092,0.2179218,0.0048582084,0.22001149,0.04411064,0.27498016,0.02488212
375316653866487564,3446836221409593728,0.48555627,2302.7454807276013,3.3420163309358375,2.4330111E-5,18.523464,0.0068355785,0.25657484,0.008507032,0.053934667,0.01059236,0.17705055,0.019066459,0.748299,0.008937188,0.080901764,0.009276373,0.168291,0.014635826,null,null,null,null,"TWOGAUSSIANS",8,4.372528,0.25657484,0.008507032,0.30203414,0.059317213,0.17677465,0.019202245,0.748299,0.008937188,0.4,0.0,0.16801511,0.014731696
375316653866487564,3446842303082930688,0.49703908,2270.86988605172,0.8975853347450797,7.7378594E-5,19.687824,0.00679601,0.26013738,7.6310505E-4,0.060466487,0.006334767,0.6639533,0.23824544,0.75132465,0.019704998,0.039193932,0.010587542,0.4723703,0.1409171,null,null,null,null,"TWOGAUSSIANS",8,1.5144117,0.26013738,7.6310505E-4,0.33861232,0.035474695,0.66395086,0.23825338,0.75132465,0.019704998,0.21948603,0.059290234,0.47236782,0.14093237
375316653866487564,3446843952350543872,0.52508974,2289.047213051474,4.547337799969256,1.254131E-4,19.19971,0.0064919954,0.4805339,3.5773832E-4,0.018884977,7.5054914E-4,0.5295762,0.0068310075,null,null,null,null,null,null,null,null,null,null,"ONEGAUSSIAN",5,2.4457593,0.4805339,3.5773832E-4,0.10575587,0.004203075,0.5295762,0.0,null,null,null,null,null,null
375316653866487564,3446844708264816768,0.51907355,2276.9008707162093,3.0471312364821506,2.0393234E-5,18.757023,0.014234087,0.2390519,0.008391048,0.101243146,0.011106777,0.2553594,0.015487806,0.7374647,0.0038336937,0.078990996,0.0073241876,0.27772924,0.01321382,null,null,null,null,"TWOGAUSSIANS",8,2.5819328,0.7374647,0.0038336937,0.4,0.0,0.26681212,0.007949845,0.2390519,0.008391048,0.4,0.0,0.24443968,0.012184907
375316653866487564,3446845635978605440,0.59488696,2251.642474938963,0.04549626898626008,1.0449423E-5,17.558517,0.0022878456,0.112455286,8.3466916E-4,0.021941021,4.7525635E-4,4.133957,0.64060867,0.8012333,0.03335889,0.08394274,0.038056057,0.018430796,0.0056839506,null,null,null,null,"TWOGAUSSIANS",8,2.370355,0.112455286,8.3466916E-4,0.122869715,0.0026614356,4.133976,0.6405308,0.8012333,0.03335889,0.4,0.006328267,0.018430794,0.0056841373
375316653866487564,3446847323903999104,0.5733864,2259.8412988055993,2.6983037152429183,1.3709693E-5,15.880955,0.021303639,0.21396646,0.0047907117,0.112024836,0.015716054,0.14583132,0.02004826,0.7193548,0.0057435245,0.11023841,0.0145399915,0.14730082,0.02081168,null,null,null,null,"TWOGAUSSIANS",8,7.7936983,0.71936476,0.0057451567,0.4,0.0,0.12521875,0.0046752407,0.21395646,0.0048070634,0.4,0.0,0.12374545,0.004278069
375316653866487564,3446849007530241024,0.55942297,2204.9402410081757,0.5758433058934088,5.1396462E-5,15.491212,0.0017544164,0.7907447,0.017637733,0.054371502,0.019008309,0.02047903,0.01399366,0.56692487,0.013038048,0.061468225,0.03029362,0.11553387,0.21618316,null,null,null,null,"TWOGAUSSIANS",8,6.567466,0.5669348,0.013043249,0.34422207,0.16964427,0.11553816,0.2163086,0.7893347,0.017919535,0.3044804,0.10644653,0.020638032,0.0139845
375316653866487564,3446856940331921408,0.4858321,2272.07449148976,0.8776489066323766,2.7940478E-5,19.012949,0.051877532,0.15377939,0.014911547,0.116159156,0.01371755,0.5146517,0.060470738,0.47940847,0.047071673,0.1655516,0.033051968,0.2518507,0.04524387,null,null,null,null,"TWOGAUSSIANS",8,1.2581707,0.16644938,0.008637682,0.4,0.0,0.51679385,0.028298043,0.47940847,0.047071673,0.4,0.0,0.22493322,0.027754012
375316653866487564,3446859517312934144,0.52909005,2263.784555761213,4.722793093405999,8.086692E-5,19.44966,0.008724159,0.24119979,0.040323425,0.05717218,0.032132246,0.28823185,1.3535875,0.73273534,0.0030758113,0.044020433,0.01771355,0.7532317,0.5339613,null,null,null,null,"TWOGAUSSIANS",8,3.9029086,0.73273534,0.0030758113,0.24651441,0.09919588,0.7532289,0.53401846,0.24119979,0.040323425,0.3201642,0.17994058,0.288229,1.3535933
375316653866487564,3446864121518136576,0.61425954,2261.5039246784686,0.9930558026398573,6.02325E-6,18.14939,0.0036564986,0.11951365,5.118823E-4,0.02559494,7.3924434E-4,0.5247374,0.015916597,0.62256145,0.005591333,0.025006037,0.006654321,0.26439953,0.045919955,null,null,null,null,"TWOGAUSSIANS",8,2.579709,0.11951365,5.118823E-4,0.14333166,0.004139768,0.5247374,0.015916597,0.62256145,0.005591333,0.14003381,0.037264198,0.26439953,0.045919955
375316653866487564,3446869034960992640,0.5191459,2263.2455222882722,1.703771879086753,7.597914E-5,17.51765,0.004016922,0.18589634,0.029399194,0.054227564,0.01941478,0.016679935,0.005383626,0.451634,0.0019111984,0.025073625,0.0030506684,0.80656,0.637247,null,null,null,null,"TWOGAUSSIANS",8,4.650525,0.451634,0.0019111984,0.1404123,0.017083744,0.8065601,0.6372469,0.18589634,0.029399194,0.30367437,0.10872277,0.016679935,0.005383626
375316653866487564,3446869485934342272,0.5965443,2243.3961294875303,1.007458552332387,3.500076E-5,13.939337,0.0020188512,0.24222699,0.0027409215,0.02425088,0.0026903066,0.05077844,0.019363776,0.75606006,0.008737614,0.027989062,0.019621275,0.12203218,2.6985424E8,0.014868116,0.0028094724,0.75606006,0.008737614,"TWOGAUSSIANS_WITH_ELLIPSOIDAL_ON_ECLIPSE2",9,14.178346,0.75606006,0.008737614,0.15673874,0.10987914,0.15176842,2.6985424E8,0.242587,0.0021471507,0.13580494,0.0150657175,0.08029649,0.014981221
375316653866487564,3446870203191507456,0.42114305,2210.6411389431505,0.7779697160512734,4.6231464E-5,12.299254,0.04758402,0.29868767,0.019818917,0.14635612,0.15324093,0.024562763,0.04537728,0.8532739,0.0390705,0.047002707,0.016570022,0.08349232,0.03183326,null,null,null,null,"TWOGAUSSIANS",8,14.784481,0.8533939,0.039040513,0.26321515,0.09279213,0.082859896,0.030498741,0.29868767,0.019818917,0.4,0.0,0.023671992,0.0102279335
375316653866487564,3446870924746847744,0.46341696,2225.6333649585395,0.03824475620960215,4.5750872E-5,19.78904,0.013325312,0.24027717,0.050608866,0.012351618,0.015849411,0.19331771,0.908021,0.8144844,0.008698383,0.07980248,0.010375644,0.2921081,0.020376427,null,null,null,null,"TWOGAUSSIANS",8,2.3669274,0.8144844,0.008698383,0.4,0.0,0.2921081,0.020376062,0.24027717,0.050608866,0.06916906,0.0887567,0.1933179,0.90801364
375316653866487564,3446872299134192896,0.5106695,2188.0476827348907,0.9904623806581583,2.1090449E-5,17.23826,0.0039685126,0.19684282,0.027177006,0.044755194,0.022451378,0.057532318,0.010246624,0.7322205,0.011033951,0.051122308,0.0147727495,0.14916445,0.041941356,null,null,null,null,"TWOGAUSSIANS",8,4.1566687,0.7322205,0.011033951,0.28628492,0.082727395,0.14916442,0.04194604,0.19684282,0.027177006,0.2506291,0.12572771,0.057532284,0.01025183
375316653866487564,3446873471663932160,0.44678286,2204.3436613952895,2.0732226573689863,2.9477105E-5,13.5153,0.00683519,null,null,null,null,null,null,null,null,null,null,null,null,0.06850544,0.009259719,0.32963735,0.009693553,"ELLIPSOIDAL",4,32.627773,null,null,null,null,null,null,null,null,null,null,null,null
375316653866487564,3446875120931305088,0.4602391,2234.9608004779116,4.811858707769065,2.4432087E-5,17.997383,0.002914868,0.14901999,0.003677497,0.03282748,0.0035275451,0.08638786,0.005223168,0.47655836,0.00512319,0.03231021,0.01284556,0.044693675,0.017127516,null,null,null,null,"TWOGAUSSIANS",8,1.717037,0.14901999,0.003677497,0.1838339,0.019754253,0.08638786,0.005223168,0.47655836,0.00512319,0.18093719,0.07193513,0.044693675,0.017127516
375316653866487564,3446875185352638336,0.58910894,2236.918356590564,2.7030841953244678,1.3728912E-5,17.95065,0.012973049,0.25963297,0.0036932372,0.038679305,0.0070783887,0.16679516,0.030113626,0.75973266,0.004219475,0.054865833,0.0079355305,0.20640887,0.027904974,0.09304929,0.01673289,0.25963297,0.0036932372,"TWOGAUSSIANS_WITH_ELLIPSOIDAL_ON_ECLIPSE1",9,4.211285,0.75973266,0.00375061,0.30724868,0.04443897,0.392501,0.013642423,0.25963297,0.0036932372,0.21660411,0.039638977,0.35288736,0.01860161
375316653866487564,3446878350746764800,0.623675,2273.052410079455,3.372504380736191,7.4133363E-6,16.034502,0.0149807455,0.28363347,0.0026641572,0.0524116,0.006110619,0.28188184,0.033921584,0.77976924,0.0026758113,0.04780525,0.0046057063,0.35495666,0.030979447,0.12294538,0.017274145,0.28363347,0.0026641572,"TWOGAUSSIANS_WITH_ELLIPSOIDAL_ON_ECLIPSE1",9,37.29681,0.7801992,0.0023018431,0.2677094,0.025791956,0.6007146,0.022122165,0.28363347,0.0026641572,0.29350495,0.034219466,0.5277686,0.01937977
375316653866487564,3446880962086821376,0.6234458,2262.3642227084288,3.7426353017501337,9.329248E-6,15.351929,0.018141566,0.2644825,0.0042627524,0.06759242,0.0060702637,0.32132366,0.04271517,0.77180445,0.0018011561,0.058428064,0.007231556,0.2691772,0.035229053,0.075581856,0.020680819,0.77180445,0.0018011561,"TWOGAUSSIANS_WITH_ELLIPSOIDAL_ON_ECLIPSE2",9,69.58056,0.2655425,0.0034730309,0.37851754,0.03399348,0.47196096,0.029512808,0.77180445,0.0018011561,0.32719713,0.04049671,0.4200879,0.010899414
375316653866487564,3446881133885506304,0.58192813,2300.281617976864,0.7172986058948072,1.8406134E-5,14.557428,0.009932997,0.27155247,0.0033867953,0.10980111,0.010819291,0.06175687,0.009671986,0.7676289,0.0069784415,0.13762736,0.020911274,0.04966272,0.009843854,null,null,null,null,"TWOGAUSSIANS",8,2.6960325,0.27162245,0.0034052832,0.4,0.0,0.048330817,0.00113919,0.7676289,0.0069784415,0.4,0.0,0.036104705,8.558798E-4
375316653866487564,3446882778855231616,0.5255773,2237.1102191978503,3.98263866552372,2.125691E-5,15.501513,1.2563324,0.24352485,0.006420662,0.22552495,0.100451745,1.5468558,1.1772397,0.7518591,0.019095154,0.19010612,0.049816296,1.4058404,0.9826247,null,null,null,null,"TWOGAUSSIANS",8,19.624504,0.7610591,0.011458933,0.4,0.0,0.27029073,0.009220587,0.23587485,0.002651099,0.4,0.0,0.23449552,0.015923198
375316653866487564,3446884260621625344,0.67665935,2252.550023356461,3.700375725497937,6.1392666E-6,15.981543,0.009491221,0.22504064,9.7442337E-4,0.04712768,0.0032060395,0.43089995,0.02796187,0.72445595,0.0014582307,0.049380135,0.0026389544,0.5161053,0.025020624,0.12401233,0.016197225,0.22504064,9.7442337E-4,"TWOGAUSSIANS_WITH_ELLIPSOIDAL_ON_ECLIPSE1",9,30.023989,0.72450596,0.00133002,0.27652875,0.014778145,0.76412517,0.017983498,0.22504064,9.7442337E-4,0.263915,0.01795382,0.6789229,0.030177739
375316653866487564,3446884604219369984,0.72328025,2282.891292447036,0.3242570743805579,1.2673385E-5,16.274086,0.0011662216,0.3652796,8.099084E-4,0.015598518,6.138124E-4,0.6432605,0.011196016,0.8658096,0.01008924,0.014672359,0.0059118206,0.7227364,2.0134258,null,null,null,null,"TWOGAUSSIANS",8,3.9186268,0.8658096,0.01008924,0.08216521,0.033106193,0.7227364,2.0134258,0.3652796,8.099084E-4,0.087351695,0.0034373496,0.6432605,0.011196016
