Gaia/vari_eclipsing_binary/VariEclipsingBinary_681610-681668.csv
# %ECSV 1.0
# ---
# delimiter: ','
# meta: !!omap
# - RELEASE: Gaia DR3
# - TABLE: vari_eclipsing_binary
# - DESCRIPTION: >
#     This table describes the properties of the eclipsing binaries resulting from the variability analysis. 
# - CITATION: >
#     How to cite and acknowledge Gaia: 
#     https://gea.esac.esa.int/archive/documentation/credits.html 
# - KNOWN_ISSUES: >
#     Known issues: 
#     https://www.cosmos.esa.int/web/gaia-users/known-issues 
# - DOCUMENTATION: >
#     Tutorials and documentation: 
#     https://www.cosmos.esa.int/web/gaia-users/archive 
# datatype:
# - 
#   name: solution_id
#   datatype: int64
#   description: Solution Identifier
#   meta:
#     ucd: meta.version
# - 
#   name: source_id
#   datatype: int64
#   description: Unique source identifier
#   meta:
#     ucd: meta.id;meta.main
# - 
#   name: global_ranking
#   datatype: float32
#   description: Number between 0 (worst) and 1 (best)
#   meta:
#     ucd: stat.param
# - 
#   name: reference_time
#   datatype: float64
#   unit: d
#   description: Reference time used for the geometric model fit
#   meta:
#     ucd: time.epoch
# - 
#   name: frequency
#   datatype: float64
#   unit: d**-1
#   description: Frequency of geometric model of the eclipsing binary light curve
#   meta:
#     ucd: src.orbital
# - 
#   name: frequency_error
#   datatype: float32
#   unit: d**-1
#   description: "Uncertainty of \\texttt{frequency}"
#   meta:
#     ucd: stat.error
# - 
#   name: geom_model_reference_level
#   datatype: float32
#   unit: mag
#   description: Magnitude reference level of geometric model
#   meta:
#     ucd: phot.mag;em.opt
# - 
#   name: geom_model_reference_level_error
#   datatype: float32
#   unit: mag
#   description: "Uncertainty of \\texttt{geomModelReferenceLevel}"
#   meta:
#     ucd: stat.error;phot.mag;em.opt
# - 
#   name: geom_model_gaussian1_phase
#   datatype: float32
#   description: Phase of the Gaussian 1 component
#   meta:
#     ucd: time.phase
# - 
#   name: geom_model_gaussian1_phase_error
#   datatype: float32
#   description: "Uncertainty of \\texttt{geomModelGaussian1Phase}"
#   meta:
#     ucd: stat.error;time.phase
# - 
#   name: geom_model_gaussian1_sigma
#   datatype: float32
#   description: "Standard deviation [phase] of Gaussian 1 component"
#   meta:
#     ucd: stat.stdev
# - 
#   name: geom_model_gaussian1_sigma_error
#   datatype: float32
#   description: "Uncertainty of \\texttt{geomModelGaussian1Sigma}"
#   meta:
#     ucd: stat.error
# - 
#   name: geom_model_gaussian1_depth
#   datatype: float32
#   unit: mag
#   description: Magnitude depth of Gaussian 1 component
#   meta:
#     ucd: src.var.amplitude
# - 
#   name: geom_model_gaussian1_depth_error
#   datatype: float32
#   unit: mag
#   description: "Uncertainty of \\texttt{geomModelGaussian1Depth}"
#   meta:
#     ucd: stat.error;src.var.amplitude
# - 
#   name: geom_model_gaussian2_phase
#   datatype: float32
#   description: Phase of Gaussian 2 component
#   meta:
#     ucd: time.phase
# - 
#   name: geom_model_gaussian2_phase_error
#   datatype: float32
#   description: "Uncertainty of \\texttt{geomModelGaussian2Phase}"
#   meta:
#     ucd: stat.error;time.phase
# - 
#   name: geom_model_gaussian2_sigma
#   datatype: float32
[...]
#   datatype: float32
#   description: "Secondary eclipse: uncertainty of \\texttt{derivedSecondaryEclDuration}"
#   meta:
#     ucd: stat.error;time.duration
# - 
#   name: derived_secondary_ecl_depth
#   datatype: float32
#   unit: mag
#   description: "Secondary eclipse: depth"
#   meta:
#     ucd: src.var.amplitude
# - 
#   name: derived_secondary_ecl_depth_error
#   datatype: float32
#   unit: mag
#   description: "Secondary eclipse: uncertainty of \\texttt{derivedSecondaryEclDepth}"
#   meta:
#     ucd: stat.error;src.var.amplitude
solution_id,source_id,global_ranking,reference_time,frequency,frequency_error,geom_model_reference_level,geom_model_reference_level_error,geom_model_gaussian1_phase,geom_model_gaussian1_phase_error,geom_model_gaussian1_sigma,geom_model_gaussian1_sigma_error,geom_model_gaussian1_depth,geom_model_gaussian1_depth_error,geom_model_gaussian2_phase,geom_model_gaussian2_phase_error,geom_model_gaussian2_sigma,geom_model_gaussian2_sigma_error,geom_model_gaussian2_depth,geom_model_gaussian2_depth_error,geom_model_cosine_half_period_amplitude,geom_model_cosine_half_period_amplitude_error,geom_model_cosine_half_period_phase,geom_model_cosine_half_period_phase_error,model_type,num_model_parameters,reduced_chi2,derived_primary_ecl_phase,derived_primary_ecl_phase_error,derived_primary_ecl_duration,derived_primary_ecl_duration_error,derived_primary_ecl_depth,derived_primary_ecl_depth_error,derived_secondary_ecl_phase,derived_secondary_ecl_phase_error,derived_secondary_ecl_duration,derived_secondary_ecl_duration_error,derived_secondary_ecl_depth,derived_secondary_ecl_depth_error
[from data line 256]
375316653866487564,5995771940039464960,0.6162562,2081.8391725046454,3.3694256649015766,4.143615E-6,18.616606,0.011921759,0.2418589,8.0331694E-4,0.04322793,0.0021866127,0.445304,0.025762068,0.7444852,0.0027206019,0.051430363,0.008432193,0.4879239,0.09712159,0.1230915,0.016433872,0.2418589,8.0331694E-4,"TWOGAUSSIANS_WITH_ELLIPSOIDAL_ON_ECLIPSE1",9,2.2246284,0.7444852,0.0027206019,0.28801003,0.04722028,0.7340358,0.110131,0.2418589,8.0331694E-4,0.24207641,0.012245031,0.69148296,0.0100997435
375316653866487564,5995772047432187904,0.5987879,2076.8443321301465,1.9162343840355953,1.0710698E-5,17.282455,0.005173876,0.25708959,0.0032932882,0.09596739,0.0047044386,0.1746935,0.005807985,0.7580243,0.001688364,0.09347343,0.005843168,0.14904137,0.0049938587,null,null,null,null,"TWOGAUSSIANS",8,1.4407678,0.25708959,0.0032932882,0.4,0.0,0.16490465,0.0046582073,0.7580243,0.001688364,0.4,0.0,0.1392528,0.0059345937
375316653866487564,5995774418244002176,0.5235012,2101.5667394160137,2.0441143227882574,5.179945E-5,19.25171,0.0056535546,0.2371694,0.004992014,0.042916678,0.007429059,0.46341738,0.08596247,null,null,null,null,null,null,0.05673422,0.009122382,0.2371694,0.004992014,"ONEGAUSSIAN_WITH_ELLIPSOIDAL",6,3.6463299,0.2371694,0.004992014,0.2403334,0.04160273,0.57688564,0.08882659,null,null,null,null,null,null
375316653866487564,5995778124793453568,0.44435972,2063.227950403499,2.789325523775389,3.4847468E-5,18.877298,0.04096575,0.30225128,0.011436002,0.10446139,0.032106623,0.17129582,0.033610485,0.77476656,0.023760237,0.10473902,0.03866991,0.123566404,0.037590288,null,null,null,null,"TWOGAUSSIANS",8,5.533677,0.30226126,0.011384338,0.4,0.0,0.15921919,0.018065587,0.77476656,0.023760237,0.4,0.0,0.11149136,0.020432422
375316653866487564,5995778300904598400,0.6200561,2065.751655859915,3.0337190080167664,9.25996E-6,16.756975,0.011426127,0.23583052,0.0021196988,0.048818227,0.005129251,0.11221672,0.02582891,0.7274394,0.0028717709,0.05864657,0.008780636,0.15990908,0.02219515,0.09774027,0.013760619,0.23583052,0.0021196988,"TWOGAUSSIANS_WITH_ELLIPSOIDAL_ON_ECLIPSE1",9,8.641554,0.7295294,0.0020459485,0.3284208,0.04917156,0.35497183,0.008395324,0.23583052,0.0021196988,0.27338207,0.028723808,0.30768722,0.0051679816
375316653866487564,5995782217902859264,0.54482573,2062.98039806352,1.6466982929150629,1.7358172E-5,19.691662,0.009948316,0.22503938,0.0017338486,0.042089257,0.0033596247,0.7378623,0.07675125,0.725595,0.006257234,0.056603145,0.006617438,0.19999751,0.02023768,null,null,null,null,"TWOGAUSSIANS",8,2.1418324,0.22503938,0.0017338486,0.23569985,0.018813899,0.73786056,0.076753594,0.725595,0.006257234,0.31697762,0.037057653,0.19999574,0.020238154
375316653866487564,5995782385400309888,0.5198366,2100.86317850513,3.445423730035295,2.0116979E-5,19.224052,0.03222212,0.21192552,0.011493247,0.06852476,0.012205968,0.39853674,0.04925034,0.6997874,0.005042821,0.09647352,0.0127471285,0.56322294,0.028532052,null,null,null,null,"TWOGAUSSIANS",8,5.6026287,0.6997874,0.005042821,0.4,0.0,0.5554417,0.029195953,0.21192552,0.011493247,0.38373867,0.053694487,0.3907575,0.04501872
375316653866487564,5995783695371976192,0.53823364,2078.61436390224,3.8430268602725874,1.1065236E-5,19.172771,0.018045133,0.2074802,0.010173852,0.104818195,0.013955439,0.23242724,0.026282195,0.7086455,0.003966067,0.084648445,0.00763282,0.36403838,0.01814255,null,null,null,null,"TWOGAUSSIANS",8,1.9957309,0.7086455,0.003966067,0.4,0.0,0.3471112,0.012814828,0.2074802,0.010173852,0.4,0.0,0.21549474,0.021010002
375316653866487564,5995785718295821184,0.52002317,2105.2498926598273,3.400225778071987,1.8647344E-5,19.311367,0.005959885,0.26566526,0.007519927,0.07748024,0.008987561,0.32382268,0.03753206,0.754886,0.005986715,0.06763937,0.0062196846,0.32195476,0.012435099,null,null,null,null,"TWOGAUSSIANS",8,2.217972,0.26566526,0.007519927,0.4,0.0,0.32250723,0.03821344,0.754886,0.005986715,0.37878048,0.034830235,0.32063934,0.012077832
375316653866487564,5995788333948416640,0.47362766,2071.8867452249233,2.919057388000799,2.923037E-5,19.311504,0.0066764867,null,null,null,null,null,null,null,null,null,null,null,null,0.1465436,0.009049065,0.22117138,0.005846686,"ELLIPSOIDAL",4,6.9688106,null,null,null,null,null,null,null,null,null,null,null,null
375316653866487564,5995788402668275456,0.5354129,2242.28895824528,0.007554350023021046,1.6704923E-6,17.346706,0.0041622203,0.5592997,5.9456884E-6,9.341921E-4,1.12708685E-5,0.5759618,0.0036732655,0.8766371,0.006514659,0.020343922,0.008054449,0.23083144,0.278866,null,null,null,null,"TWOGAUSSIANS",8,22.63121,0.5592997,5.9456884E-6,0.005231476,6.3116866E-5,0.5759618,0.0036732655,0.8766371,0.006514659,0.11392596,0.045104917,0.23083144,0.278866
375316653866487564,5995789738383308160,0.62490046,2091.6344783778213,1.2862695260883268,6.612965E-6,17.975044,0.002949041,0.21744336,0.0047659273,0.03812106,0.004487886,0.07279811,0.005134923,0.719336,0.0011869268,0.03510856,8.072138E-4,0.571619,0.005604294,null,null,null,null,"TWOGAUSSIANS",8,2.3683007,0.719336,0.0011869268,0.19660792,0.004520397,0.571619,0.0056042937,0.21744336,0.0047659273,0.21347792,0.025132162,0.07279811,0.005134923
375316653866487564,5995790322498959616,0.57474846,2108.883563492552,3.151427023131732,9.45869E-6,18.507912,0.006569915,0.29129264,0.0020891486,0.049382295,0.0043791854,0.19823901,0.028992815,0.7975056,0.003299379,0.03421522,0.005761921,0.10098178,0.01208292,0.120541744,0.007985721,0.29129264,0.0020891486,"TWOGAUSSIANS_WITH_ELLIPSOIDAL_ON_ECLIPSE1",9,3.4890363,0.29129264,0.0020891486,0.27654085,0.024523439,0.4393214,0.028185604,0.7975056,0.003299379,0.19160524,0.03226676,0.34169695,0.0070491126
375316653866487564,5995794621769656960,0.46181512,2108.9979591984293,3.9369340608682584,1.8381459E-5,19.641382,0.040732518,0.18731616,0.0069802715,0.091297,0.018133117,0.24899434,0.03727524,0.6923994,0.017512765,0.10545386,0.030572735,0.21448588,0.045723733,null,null,null,null,"TWOGAUSSIANS",8,2.2171755,0.18731616,0.006956956,0.4,0.0,0.23203644,0.024889935,0.6923994,0.017512765,0.4,0.0,0.19752237,0.031437885
375316653866487564,5995796374127270272,0.5435231,2102.8711934413054,2.7095029771302808,1.3295257E-5,18.142376,0.021659847,0.2525938,0.0019930727,0.091508724,0.0068412907,0.38424015,0.019502072,0.75353986,0.0057036537,0.10167496,0.0069901175,0.3498381,0.022421125,null,null,null,null,"TWOGAUSSIANS",8,5.571532,0.2525938,0.0019930727,0.4,0.0,0.3589462,0.015446385,0.75353986,0.0057036537,0.4,0.0,0.3245405,0.013777427
375316653866487564,5995797434964963584,0.56574595,2066.720531835268,2.5947492038530267,1.7719842E-5,18.124437,0.014308283,0.1462298,0.002623583,0.043083027,0.0069634933,0.1648411,0.0414216,0.6393234,0.015106898,0.04660957,0.015609126,0.23430985,0.03899842,0.13359068,0.016872333,0.1462298,0.002623583,"TWOGAUSSIANS_WITH_ELLIPSOIDAL_ON_ECLIPSE1",9,11.244579,0.6404534,0.0111062415,0.2610136,0.087411106,0.50106996,0.03463243,0.1462298,0.002623583,0.24126494,0.038995564,0.4320219,0.03187335
375316653866487564,5995801150120098304,0.5357811,2049.4068013448496,4.16855574745014,1.9397557E-5,19.791157,0.012329491,0.21660498,0.005060413,0.085249506,0.009022866,0.4163186,0.112703644,0.737983,0.005240038,0.080356084,0.005176981,0.5583487,0.048729163,null,null,null,null,"TWOGAUSSIANS",8,1.2220163,0.737983,0.005240038,0.4,0.0,0.5516024,0.049061,0.21660498,0.005060413,0.4,0.0,0.40957224,0.11508001
375316653866487564,5995802009124501120,0.48865193,2079.7742293021042,2.349022229207238,2.9273955E-5,14.649834,0.10417807,0.23699121,0.0063763787,0.1977724,0.04411992,0.51427096,0.10810915,0.735587,0.0061182296,0.17775247,0.032187857,0.49404988,0.08864419,null,null,null,null,"TWOGAUSSIANS",8,87.406006,0.735587,0.0061182296,0.4,0.0,0.12270319,0.008235606,0.2376312,0.0069315224,0.4,0.0,0.11973272,0.010295202
375316653866487564,5995805032782039424,0.57702786,2079.333069608886,0.18278708570673055,2.1828953E-5,16.218388,0.004793559,0.113423675,0.0015132525,0.024101652,0.002027305,0.21866521,0.010294579,0.36632845,0.0027769494,0.019210478,0.0023852645,0.6401749,0.08496838,0.03648711,0.009922625,0.36632845,0.0027769494,"TWOGAUSSIANS_WITH_ELLIPSOIDAL_ON_ECLIPSE2",9,42.387688,0.36632845,0.0027769494,0.10757868,0.013357482,0.7131489,0.08813755,0.113373674,0.0015478391,0.13496925,0.011352909,0.21868967,0.010301376
375316653866487564,5995806540295673088,0.47152105,2113.41451504111,0.014969608127863887,1.3050859E-5,18.107681,0.0076307114,0.32396263,0.0045932787,0.039034057,0.0074865404,1.2810296,2.9339442,0.852132,0.0042404905,0.033475008,0.0035031084,0.09839358,0.015370829,null,null,null,null,"TWOGAUSSIANS",8,25.884295,0.32396263,0.0045932787,0.21859072,0.041924626,1.2810296,2.9339442,0.852132,0.0042404905,0.18746004,0.019617407,0.09839358,0.015370829
375316653866487564,5995809568267606784,0.5877258,2099.8416216911596,0.8248994283776533,3.105272E-6,17.669497,0.0018693127,0.17408843,0.029278724,0.029156787,0.024668692,0.0073732836,0.021942345,0.35740143,0.0034836433,0.017680317,0.0010577638,1.1872197,0.21219578,null,null,null,null,"TWOGAUSSIANS",8,2.8630686,0.35740143,0.0034836433,0.09900978,0.0059234775,1.1872197,0.21219578,0.17408843,0.029278724,0.16327801,0.13814467,0.0073732836,0.021942345
375316653866487564,5995809946216676352,0.51204383,2065.9289216664856,3.2308806439116564,3.705659E-5,19.6943,0.014260877,0.23847848,0.007450949,0.06456465,0.009518735,0.3701376,0.029413395,0.74385107,0.0060498416,0.06634639,0.010135132,0.33001906,0.037467714,null,null,null,null,"TWOGAUSSIANS",8,2.58388,0.23847848,0.007450949,0.36156204,0.053304918,0.36973205,0.02943619,0.74385107,0.0060498416,0.3715398,0.051162526,0.3296135,0.03784591
375316653866487564,5995810186734851712,0.44769025,2082.0682544184865,3.461039120169486,2.8623559E-5,19.132282,0.0044312733,null,null,null,null,null,null,null,null,null,null,null,null,0.08421523,0.007725895,0.26548624,0.005037996,"ELLIPSOIDAL",4,3.4522197,null,null,null,null,null,null,null,null,null,null,null,null
375316653866487564,5995810427261139072,0.5423295,2097.733962814244,2.805045287294343,1.4181394E-5,17.021235,0.009238732,0.2252083,0.003774113,0.09417421,0.006283604,0.18671912,0.009840678,0.7233577,0.0041396245,0.09166389,0.0061313543,0.18317492,0.009928714,null,null,null,null,"TWOGAUSSIANS",8,8.877506,0.2252083,0.003774113,0.4,0.0,0.17706947,0.007495495,0.7233577,0.0041396245,0.4,0.0,0.17352542,0.0069147893
375316653866487564,5995810839569836160,0.4894568,2101.6182386360692,0.3305471173741402,5.3583743E-5,19.512014,0.010541542,0.58993524,0.1105485,0.12703621,0.10741185,0.04149057,0.02069951,0.73929375,0.002000679,0.018787647,0.0044028256,0.42017162,0.05709575,null,null,null,null,"TWOGAUSSIANS",8,2.1081572,0.73929375,0.002000679,0.105210826,0.024655825,0.4409224,0.071919605,0.58993524,0.11056834,0.4,0.0,0.04145467,0.020568423
375316653866487564,5995812003495160576,0.43658963,2101.2546994082145,0.5975159521877005,2.8367534E-5,18.791458,0.12973744,0.26338646,0.013755722,0.12782748,0.051078964,0.21021894,0.12607768,0.75441074,0.008311211,0.10981886,0.035933968,0.3028753,0.11688357,null,null,null,null,"TWOGAUSSIANS",8,9.340257,0.75441074,0.008311211,0.4,0.0,0.25345618,0.02133201,0.26340646,0.013804912,0.4,0.0,0.16061293,0.031260543
375316653866487564,5995812007809105920,0.54410696,2084.879763964162,0.21895278749007976,4.6983664E-6,16.20685,0.0032036044,0.22791639,8.065116E-4,0.031491578,0.0014210416,0.38232356,0.02016883,0.7157295,0.0013285186,0.035303663,0.0029767717,0.10565815,0.007900616,0.0253311,0.007874494,0.7157295,0.0013285186,"TWOGAUSSIANS_WITH_ELLIPSOIDAL_ON_ECLIPSE2",9,56.449703,0.22779639,7.936321E-4,0.17635284,0.007957833,0.4326922,0.021790465,0.7157295,0.0013285186,0.19770053,0.016669922,0.15632024,0.0095484285
375316653866487564,5995813313479056768,0.47533143,2102.245429822077,2.9505113819405158,3.0764273E-5,16.304113,0.013965934,0.1752349,0.006259435,0.06766566,0.014581514,0.10401652,0.03965312,0.6167716,0.022943111,0.0645027,0.0121452585,0.06771139,0.02817383,0.058800638,0.01765634,0.1752349,0.006259435,"TWOGAUSSIANS_WITH_ELLIPSOIDAL_ON_ECLIPSE1",9,76.11972,0.1752349,0.006259435,0.37892768,0.07882591,0.22150554,0.022552524,0.6382716,0.00810317,0.3612151,0.06801345,0.17531149,0.010807311
375316653866487564,5995816985651432192,0.5021455,2117.0629707220432,2.844727914824713,1.7189164E-5,17.409674,0.022571353,0.20920439,0.004926562,0.09543251,0.008999761,0.36274293,0.022352047,0.7165831,0.009622574,0.08574038,0.009707196,0.36843163,0.04001984,null,null,null,null,"TWOGAUSSIANS",8,23.500498,0.7165831,0.009622574,0.4,0.0,0.35397705,0.034209535,0.20920439,0.004926562,0.4,0.0,0.34828752,0.01672022
375316653866487564,5995817539726996224,0.55259156,2107.8965517500474,2.692066472833565,1.1461869E-5,17.71021,0.01775408,0.22274123,0.0039231954,0.06779109,0.0070811957,0.3973861,0.024617258,0.7148727,0.0040855557,0.082127735,0.0060219676,0.53345424,0.028565623,null,null,null,null,"TWOGAUSSIANS",8,22.061789,0.7148727,0.0040855557,0.4,0.0,0.53045976,0.028812336,0.22274123,0.0039231954,0.3796301,0.039654694,0.39439163,0.025039583
375316653866487564,5995818570519210240,0.44279948,2088.003023665488,0.07500669828257654,3.6202883E-4,17.22549,0.0031580408,0.19522414,0.006647967,0.034504715,0.0026970154,0.18581791,0.029982943,0.52604324,0.018384458,0.10044011,0.014075788,0.1314857,0.024566194,null,null,null,null,"TWOGAUSSIANS",8,12.016978,0.19534414,0.0066746227,0.1932264,0.015103287,0.18639725,0.030014189,0.52604324,0.018384458,0.4,0.0,0.13148423,0.024567092
375316653866487564,5995819120275060608,0.5904038,2087.1374651668084,2.7454601773359997,9.350801E-6,17.084406,0.0065612295,0.27913132,0.0029011997,0.097772196,0.005513707,0.24744257,0.006966984,0.77772665,0.001727477,0.09044034,0.0033631262,0.19274975,0.0064457147,null,null,null,null,"TWOGAUSSIANS",8,3.527401,0.27913132,0.0029011997,0.4,0.0,0.2348338,0.007395831,0.77772665,0.001727477,0.4,0.0,0.18014194,0.0032370687
375316653866487564,5995820288506505728,0.51340985,2096.8806331257592,3.5051411815749076,1.8144217E-5,19.705479,0.008870853,0.29278317,0.0064218724,0.081594534,0.008189184,0.42038417,0.045452837,0.7851806,0.0033701581,0.07616753,0.0050231325,0.47576976,0.02378666,null,null,null,null,"TWOGAUSSIANS",8,1.7375773,0.7851806,0.0033701581,0.4,0.0,0.47073287,0.024545645,0.29278317,0.0064218724,0.4,0.0,0.41534725,0.047076788
375316653866487564,5995820937021746176,0.5366622,2075.808551693992,2.5224270476463744,8.505765E-6,17.85238,0.013763503,0.27109024,0.0025373804,0.09481355,0.00669274,0.33537254,0.015032785,0.7750047,0.006385024,0.08596007,0.009399007,0.3333641,0.015184491,null,null,null,null,"TWOGAUSSIANS",8,9.475527,0.27109024,0.0025373804,0.4,0.0,0.3216508,0.015473168,0.7750047,0.006385024,0.4,0.0,0.31964293,0.013224964
375316653866487564,5995821903405797376,0.5912771,2087.806889312138,3.1327055786654086,7.394069E-6,17.888468,0.0060214503,0.23928675,0.0019973621,0.0795109,0.0030678865,0.25875473,0.008635643,0.7362127,0.0040518907,0.10177618,0.0066670086,0.1637495,0.006304337,null,null,null,null,"TWOGAUSSIANS",8,1.6946381,0.23928675,0.0019973621,0.4,0.0,0.25038132,0.008065058,0.7362127,0.0040518907,0.4,0.0,0.15537417,0.0058245743
375316653866487564,5995823002925479040,0.45688173,2091.3234621419697,0.06996245481818295,1.06569105E-5,18.198715,0.0035677226,0.19792931,0.009373013,0.038861234,0.008733292,0.07363641,0.02637446,0.8318106,0.027235717,0.0065700356,0.013387997,0.14306673,0.2327663,0.025137078,0.004604966,0.19792931,0.009373013,"TWOGAUSSIANS_WITH_ELLIPSOIDAL_ON_ECLIPSE1",9,3.9932532,0.8318106,0.027235717,0.0367922,0.07497278,0.1654042,0.22447804,0.19792931,0.009373013,0.2176229,0.048906434,0.12391056,0.028564688
