Gaia/vari_eclipsing_binary/VariEclipsingBinary_675632-675654.csv
# %ECSV 1.0
# ---
# delimiter: ','
# meta: !!omap
# - RELEASE: Gaia DR3
# - TABLE: vari_eclipsing_binary
# - DESCRIPTION: >
#     This table describes the properties of the eclipsing binaries resulting from the variability analysis. 
# - CITATION: >
#     How to cite and acknowledge Gaia: 
#     https://gea.esac.esa.int/archive/documentation/credits.html 
# - KNOWN_ISSUES: >
#     Known issues: 
#     https://www.cosmos.esa.int/web/gaia-users/known-issues 
# - DOCUMENTATION: >
#     Tutorials and documentation: 
#     https://www.cosmos.esa.int/web/gaia-users/archive 
# datatype:
# - 
#   name: solution_id
#   datatype: int64
#   description: Solution Identifier
#   meta:
#     ucd: meta.version
# - 
#   name: source_id
#   datatype: int64
#   description: Unique source identifier
#   meta:
#     ucd: meta.id;meta.main
# - 
#   name: global_ranking
#   datatype: float32
#   description: Number between 0 (worst) and 1 (best)
#   meta:
#     ucd: stat.param
# - 
#   name: reference_time
#   datatype: float64
#   unit: d
#   description: Reference time used for the geometric model fit
#   meta:
#     ucd: time.epoch
# - 
#   name: frequency
#   datatype: float64
#   unit: d**-1
#   description: Frequency of geometric model of the eclipsing binary light curve
#   meta:
#     ucd: src.orbital
# - 
#   name: frequency_error
#   datatype: float32
#   unit: d**-1
#   description: "Uncertainty of \\texttt{frequency}"
#   meta:
#     ucd: stat.error
# - 
#   name: geom_model_reference_level
#   datatype: float32
#   unit: mag
#   description: Magnitude reference level of geometric model
#   meta:
#     ucd: phot.mag;em.opt
# - 
#   name: geom_model_reference_level_error
#   datatype: float32
#   unit: mag
#   description: "Uncertainty of \\texttt{geomModelReferenceLevel}"
#   meta:
#     ucd: stat.error;phot.mag;em.opt
# - 
#   name: geom_model_gaussian1_phase
#   datatype: float32
#   description: Phase of the Gaussian 1 component
#   meta:
#     ucd: time.phase
# - 
#   name: geom_model_gaussian1_phase_error
#   datatype: float32
#   description: "Uncertainty of \\texttt{geomModelGaussian1Phase}"
#   meta:
#     ucd: stat.error;time.phase
# - 
#   name: geom_model_gaussian1_sigma
#   datatype: float32
#   description: "Standard deviation [phase] of Gaussian 1 component"
#   meta:
#     ucd: stat.stdev
# - 
#   name: geom_model_gaussian1_sigma_error
#   datatype: float32
#   description: "Uncertainty of \\texttt{geomModelGaussian1Sigma}"
#   meta:
#     ucd: stat.error
# - 
#   name: geom_model_gaussian1_depth
#   datatype: float32
#   unit: mag
#   description: Magnitude depth of Gaussian 1 component
#   meta:
#     ucd: src.var.amplitude
# - 
#   name: geom_model_gaussian1_depth_error
#   datatype: float32
#   unit: mag
#   description: "Uncertainty of \\texttt{geomModelGaussian1Depth}"
#   meta:
#     ucd: stat.error;src.var.amplitude
# - 
#   name: geom_model_gaussian2_phase
#   datatype: float32
#   description: Phase of Gaussian 2 component
#   meta:
#     ucd: time.phase
# - 
#   name: geom_model_gaussian2_phase_error
#   datatype: float32
#   description: "Uncertainty of \\texttt{geomModelGaussian2Phase}"
#   meta:
#     ucd: stat.error;time.phase
# - 
#   name: geom_model_gaussian2_sigma
#   datatype: float32
[...]
#   datatype: float32
#   description: "Secondary eclipse: uncertainty of \\texttt{derivedSecondaryEclDuration}"
#   meta:
#     ucd: stat.error;time.duration
# - 
#   name: derived_secondary_ecl_depth
#   datatype: float32
#   unit: mag
#   description: "Secondary eclipse: depth"
#   meta:
#     ucd: src.var.amplitude
# - 
#   name: derived_secondary_ecl_depth_error
#   datatype: float32
#   unit: mag
#   description: "Secondary eclipse: uncertainty of \\texttt{derivedSecondaryEclDepth}"
#   meta:
#     ucd: stat.error;src.var.amplitude
solution_id,source_id,global_ranking,reference_time,frequency,frequency_error,geom_model_reference_level,geom_model_reference_level_error,geom_model_gaussian1_phase,geom_model_gaussian1_phase_error,geom_model_gaussian1_sigma,geom_model_gaussian1_sigma_error,geom_model_gaussian1_depth,geom_model_gaussian1_depth_error,geom_model_gaussian2_phase,geom_model_gaussian2_phase_error,geom_model_gaussian2_sigma,geom_model_gaussian2_sigma_error,geom_model_gaussian2_depth,geom_model_gaussian2_depth_error,geom_model_cosine_half_period_amplitude,geom_model_cosine_half_period_amplitude_error,geom_model_cosine_half_period_phase,geom_model_cosine_half_period_phase_error,model_type,num_model_parameters,reduced_chi2,derived_primary_ecl_phase,derived_primary_ecl_phase_error,derived_primary_ecl_duration,derived_primary_ecl_duration_error,derived_primary_ecl_depth,derived_primary_ecl_depth_error,derived_secondary_ecl_phase,derived_secondary_ecl_phase_error,derived_secondary_ecl_duration,derived_secondary_ecl_duration_error,derived_secondary_ecl_depth,derived_secondary_ecl_depth_error
[from data line 254]
375316653866487564,5942992568761329792,0.45168293,2237.142201912928,0.5611509281813861,2.8971339E-5,15.794122,0.0069836765,0.3119092,0.008494436,0.05199413,0.011744805,0.08273705,0.05556837,0.7637124,0.0052942047,0.06692094,0.0063800532,0.11732798,0.011320888,null,null,null,null,"TWOGAUSSIANS",8,78.29225,0.7637124,0.0052942047,0.3747573,0.035728298,0.11732313,0.0113197975,0.3119092,0.008494436,0.2911671,0.0657709,0.0827322,0.05557151
375316653866487564,5942992736202099072,0.501237,2225.7873505416164,2.6189212637341837,1.7605345E-5,15.62741,0.0032741763,0.783502,0.00307305,0.01524129,0.019731967,0.0451436,0.019715777,null,null,null,null,null,null,0.0711733,0.006868236,0.783502,0.00307305,"ONEGAUSSIAN_WITH_ELLIPSOIDAL",6,65.91749,0.783502,0.00307305,0.08535123,0.11049901,0.18749021,0.029254144,null,null,null,null,null,null
375316653866487564,5942993011080109568,0.5362594,2257.41829791253,0.5438370017996879,4.4606793E-5,18.732597,0.0035260082,0.22789185,0.0063072466,0.01242025,0.003034536,0.4111594,0.10905723,0.37486795,0.016522804,0.046961118,0.021908952,0.033883024,0.015393988,null,null,null,null,"TWOGAUSSIANS",8,1.7954022,0.22790185,0.0063143945,0.0695534,0.016993402,0.41141236,0.1089735,0.37486795,0.016522804,0.26298225,0.122690134,0.033883024,0.015393988
375316653866487564,5942993045439812864,0.4908312,2245.698084092067,2.585724212209856,1.02043494E-4,18.14354,0.0027419436,0.32700548,0.0053523667,0.008391265,0.002063785,0.49731356,0.6924592,0.54984415,0.019973015,0.024758145,0.012461159,0.26634055,115.38427,null,null,null,null,"TWOGAUSSIANS",8,4.8216834,0.32700548,0.0053523667,0.04699108,0.011557196,0.49731356,0.6924592,0.54984415,0.019973015,0.1386456,0.069782495,0.26634055,115.38427
375316653866487564,5942993118473673600,0.49484113,2213.3211331557695,2.333999087922212,1.9028748E-5,19.790096,0.006674038,0.16896446,1.2292738E-4,0.009446202,1.7262918E-4,0.59142566,0.0075837513,0.6098694,0.0021186112,0.012224461,0.0024109725,0.14951731,0.08294716,null,null,null,null,"TWOGAUSSIANS",8,1.6105444,0.16896446,1.2292738E-4,0.052898727,9.667234E-4,0.59142566,0.0075837513,0.6098694,0.0021186112,0.068456985,0.013501446,0.14951731,0.08294716
375316653866487564,5942993324632275968,0.47294247,2212.393458174474,0.6910643963427401,2.1819329E-5,19.585743,0.004576106,0.3526697,0.0312704,0.051223654,0.04906523,0.06704369,0.025581133,0.71048397,0.0036530436,0.05114103,0.0038795185,0.247991,0.021666689,null,null,null,null,"TWOGAUSSIANS",8,1.5053235,0.71048397,0.0036530436,0.28638977,0.021725304,0.247991,0.021667425,0.3526697,0.0312704,0.28685245,0.16129614,0.06704369,0.025587942
375316653866487564,5942993560835961856,0.5173749,2223.88288627164,0.5317565042575325,1.9139678E-5,17.661037,0.0035638548,0.3342388,0.004676611,0.030357309,0.005147002,0.14266284,0.032233946,0.83212066,0.003947198,0.031986922,0.004860965,0.16462529,0.024960518,0.025495479,0.0066565033,0.3342388,0.004676611,"TWOGAUSSIANS_WITH_ELLIPSOIDAL_ON_ECLIPSE1",9,6.257107,0.8321706,0.0038506172,0.17912675,0.027221404,0.21560739,0.026511116,0.3342388,0.004676611,0.17000093,0.028823214,0.19365375,0.032210197
375316653866487564,5942993629555465216,0.47027904,2226.203087742145,1.968243655355038,2.3681274E-5,17.350552,0.0037176919,0.28374472,0.027530707,0.014565435,0.014013319,0.088209584,0.077587105,0.7517877,0.0063320757,0.049020126,0.00509055,0.26449955,0.09960736,null,null,null,null,"TWOGAUSSIANS",8,15.692643,0.7517877,0.0063320757,0.2745127,0.02850708,0.26449955,0.09960736,0.28374472,0.027530707,0.08156644,0.07847459,0.088209584,0.077587105
375316653866487564,5942993840071741312,0.5704249,2206.4718086270764,0.1360593828349959,2.9828493E-6,17.172901,0.001518217,0.2133975,1.1928151E-4,0.0031956509,6.8545465E-5,0.26153618,0.0039220634,0.798218,0.016761119,0.031470172,0.03676249,0.011331138,51.502613,null,null,null,null,"TWOGAUSSIANS",8,2.6303806,0.2133975,1.1928151E-4,0.017895645,3.838546E-4,0.26153618,0.0039220634,0.798218,0.016761119,0.17623296,0.20586994,0.011331138,51.502613
375316653866487564,5942993840071749632,0.42716435,2231.3008200639556,1.586636486656319,8.4737294E-5,17.951485,0.005605705,0.6561325,0.05657635,0.041113745,0.049013924,0.0542967,0.52679163,0.42152926,0.009272441,0.043667953,0.007855374,0.14446868,0.014402897,null,null,null,null,"TWOGAUSSIANS",8,15.92167,0.42152926,0.009266729,0.24454054,0.043990098,0.14446868,0.014415321,0.6561325,0.05657635,0.23023698,0.21523853,0.054296777,0.5267915
375316653866487564,5942994595942535808,0.48502025,2247.0934592181256,0.0786576071567031,3.3467473E-5,19.48605,0.019617725,0.10876891,0.03516795,0.03247959,0.043241017,0.10341351,0.0510027,0.42651016,0.0041904766,0.044842288,0.0041385754,0.53282744,0.082387306,null,null,null,null,"TWOGAUSSIANS",8,5.511997,0.42651016,0.0041904766,0.2511168,0.023176022,0.53282744,0.0823874,0.10876891,0.03516795,0.18188572,0.24214968,0.10341351,0.0510027
375316653866487564,5942994630358808064,0.46333998,2220.8762918933967,0.15359443366697606,4.2850028E-5,19.673016,0.016638163,0.11268063,0.0133473305,0.089833386,0.014524198,0.12160931,0.02806274,0.8365046,0.0050874595,0.038279347,0.013125887,1.3566984,1.0902727,null,null,null,null,"TWOGAUSSIANS",8,1.947017,0.8365446,0.0051188148,0.21436433,0.07350497,1.3577771,1.0905285,0.11268063,0.0133473305,0.4,0.0,0.12160924,0.028062524
375316653866487564,5942995008259606528,0.5296407,2222.8148899745847,2.349982785874493,1.4336592E-5,19.136023,0.019427305,0.14912884,0.0045565167,0.08392022,0.010724658,0.23483595,0.027199259,0.6534895,0.0041050436,0.099380575,0.0097105885,0.26289135,0.018953757,null,null,null,null,"TWOGAUSSIANS",8,1.4307573,0.6534895,0.0041050436,0.4,0.0,0.25159904,0.011887012,0.14912884,0.0045565167,0.4,0.0,0.22354533,0.027380705
375316653866487564,5942995111338696832,0.46975768,2254.1584432486734,3.143581566113718,2.583332E-5,19.980074,0.0066988966,null,null,null,null,null,null,null,null,null,null,null,null,0.13697977,0.012262518,0.29600564,0.006319682,"ELLIPSOIDAL",4,2.9347286,null,null,null,null,null,null,null,null,null,null,null,null
375316653866487564,5942995519341634048,0.5721824,2252.184866120416,1.6575335266211235,1.781526E-5,18.813858,0.008305816,0.23522316,0.0027663673,0.06555553,0.0030995915,0.6333657,0.019749688,0.73172635,0.004674686,0.07517975,0.004944357,0.22465129,0.008658224,null,null,null,null,"TWOGAUSSIANS",8,2.5321078,0.23522316,0.0027663673,0.36711097,0.017357713,0.63217545,0.019814456,0.73172635,0.004674686,0.4,0.0,0.22346102,0.008173992
375316653866487564,5942995901656089984,0.5183118,2201.1408049172855,0.2492638293333388,1.3212166E-5,15.480009,0.014302387,0.22140297,0.0792687,0.06335005,0.054787755,0.048134305,0.0380978,0.7820401,0.0036883713,0.046284974,0.06628259,0.019683404,0.13079455,0.076967,0.020822624,0.7820401,0.0036883713,"TWOGAUSSIANS_WITH_ELLIPSOIDAL_ON_ECLIPSE2",9,62.05032,0.253543,0.069848835,0.3547603,0.2987831,0.19137128,0.046571374,0.7820401,0.0036883713,0.25919586,0.3609935,0.17361565,0.14406127
375316653866487564,5942995966018211328,0.6665711,2215.577598873612,0.5892842039944003,2.7293905E-5,15.014516,4.26328E-4,0.17398362,0.0011158341,0.019431714,9.754836E-4,0.22087117,0.015956428,0.67446065,0.007744885,0.01875551,0.005010189,0.18711035,0.03251696,0.0039151036,9.7210787E-4,0.17398362,0.0011158341,"TWOGAUSSIANS_WITH_ELLIPSOIDAL_ON_ECLIPSE1",9,3.4909716,0.17398362,0.0011158341,0.1088176,0.005462708,0.22870138,0.016328366,0.67446065,0.007744885,0.105030864,0.02805706,0.19494048,0.032390296
375316653866487564,5942996039052008704,0.4857267,2203.553739663987,1.091308938840733,2.1472084E-5,16.476324,0.013744302,0.3252007,0.0038586452,0.10856333,0.012867387,0.111577906,0.012286083,0.8275582,0.0067410516,0.105758704,0.019327432,0.10723751,0.012150752,null,null,null,null,"TWOGAUSSIANS",8,9.0913515,0.3252007,0.0038620704,0.4,0.0,0.097550616,0.004841235,0.8275582,0.0067491895,0.4,0.0,0.09321275,0.015160388
375316653866487564,5942996176490874496,0.44076434,2254.9780479360425,2.4364057374460932,4.4376775E-5,19.165068,0.040750556,0.224536,0.008805677,0.10581917,0.023712499,0.20258874,0.037112437,0.716406,0.0142328255,0.100117184,0.02714278,0.21690787,0.040818088,null,null,null,null,"TWOGAUSSIANS",8,4.9186354,0.716406,0.0142328255,0.4,0.0,0.19697347,0.018784594,0.224536,0.008815648,0.4,0.0,0.18265003,0.019235907
375316653866487564,5942996515786052608,0.4593709,2219.5896135136218,1.6383482226213382,3.0870542E-5,17.364592,0.0039783963,0.21626295,0.015678221,0.047490586,0.012315918,0.07081469,0.024645438,0.71281856,0.0050587864,0.034171473,0.008009354,0.12079214,0.020978445,null,null,null,null,"TWOGAUSSIANS",8,10.4105215,0.71281856,0.0050587864,0.19136024,0.04485238,0.12079214,0.020978456,0.21626295,0.015678221,0.26594728,0.06896914,0.070814684,0.02464544
375316653866487564,5942997619643116160,0.5092897,2203.9613279243063,2.5187976553058844,1.4524911E-5,16.175459,0.0024417313,0.14504817,0.0041727447,0.0066952156,0.011373751,0.0029254653,0.3546381,null,null,null,null,null,null,0.06788031,0.0034304406,0.14504817,0.0041727447,"ONEGAUSSIAN_WITH_ELLIPSOIDAL",6,31.05635,0.14504817,0.0041727447,0.037493207,0.06369301,0.13868596,0.35812536,null,null,null,null,null,null
375316653866487564,5942997684017119616,0.44951043,2196.785557162815,1.0102690899927262,6.7922156E-5,19.3779,0.5153229,0.24873899,0.008536133,0.17360839,0.10000765,0.4533138,0.50217235,0.75451213,0.013835182,0.14728718,0.069291085,0.45118865,0.4503692,null,null,null,null,"TWOGAUSSIANS",8,2.372355,0.7556721,0.013540838,0.4,0.0,0.20571046,0.02540112,0.24815899,0.0076594665,0.4,0.0,0.19629842,0.009809954
375316653866487564,5942997928837884928,0.50030226,2167.2952565978894,1.1066618357993667,5.7868747E-5,19.288128,0.007067431,0.28111103,0.005809454,0.04569129,0.0071364823,0.10163887,0.011179367,0.7738012,0.0070291464,0.03447697,0.009710443,0.38908613,0.046020523,null,null,null,null,"TWOGAUSSIANS",8,2.3448017,0.7738012,0.0070291464,0.19307104,0.054378483,0.38908613,0.04602054,0.28111103,0.005809454,0.25587124,0.039964303,0.10163887,0.0111793615
375316653866487564,5942998581673271040,0.47116283,2188.2376904080256,3.08245084953684,5.1821607E-5,19.342178,0.025656532,0.29981238,0.009296414,0.07694309,0.015881639,0.25949812,0.054078933,0.8204266,0.008879916,0.05523313,0.007989498,0.2564049,0.028939418,null,null,null,null,"TWOGAUSSIANS",8,6.5692916,0.29981238,0.009296414,0.4,0.029265184,0.25928032,0.054069724,0.8204266,0.008879916,0.30930552,0.044741187,0.25618708,0.028576212
375316653866487564,5942998650448302336,0.44963548,2170.3240366122654,0.49606571038657843,5.637005E-5,17.788008,0.0043082354,0.3861534,0.009594418,0.033520836,0.003532744,0.60808986,0.009472768,0.860131,0.02616803,0.015818305,0.02493967,0.060716957,10.903389,null,null,null,null,"TWOGAUSSIANS",8,4.6388464,0.3861534,0.009594418,0.18771668,0.019783366,0.60808986,0.009472768,0.860131,0.02616803,0.088582516,0.13966215,0.060716957,10.903389
375316653866487564,5942999956118370176,0.54662246,2235.8588661079666,0.9641425594113057,4.889131E-5,18.809217,0.00785347,0.31924334,0.0062614838,0.009086878,0.0017809526,0.70852304,0.5099643,0.7293688,0.048868652,0.08600654,0.043596283,0.06095635,0.11950462,null,null,null,null,"TWOGAUSSIANS",8,1.7199106,0.31924334,0.0062614838,0.050886516,0.009973334,0.70852375,0.50996214,0.7293688,0.048868652,0.4,0.08570023,0.060956344,0.119505
375316653866487564,5943000368379985792,0.60377556,2203.1198771271697,1.4588531280083565,4.54953E-6,17.381535,0.0060820123,0.2165653,0.0019821594,0.09653535,0.003957403,0.19177023,0.0065720608,0.7145638,0.0014104005,0.08557512,0.0031689806,0.20950358,0.0058987816,null,null,null,null,"TWOGAUSSIANS",8,2.0939746,0.7145638,0.0014104005,0.4,0.0,0.200577,0.0044353507,0.2165653,0.0019821594,0.4,0.0,0.18284309,0.0052821185
375316653866487564,5943000540178521984,0.6226279,2201.9837484555965,1.021121275382339,8.439293E-6,18.154552,0.00627382,0.2640083,0.0013035806,0.049653254,0.0026775277,0.39906284,0.015231606,0.77450573,0.01942026,0.045851517,0.013455468,0.12284653,0.021404326,0.051929,0.007853611,0.2640083,0.0013035806,"TWOGAUSSIANS_WITH_ELLIPSOIDAL_ON_ECLIPSE1",9,1.5974381,0.2640083,0.0013035806,0.27805823,0.014994155,0.50291944,0.01461885,0.77450573,0.01942026,0.2567685,0.07535062,0.22625197,0.017868413
375316653866487564,5943000677617558528,0.5082856,2196.2468295760477,1.524265875024894,1.5989946E-5,18.449093,0.0068632015,0.1061225,0.042112153,0.048026253,0.03339099,0.10343597,0.0796629,0.58668095,0.0023522556,0.047513552,0.008383608,0.3744032,0.048817668,null,null,null,null,"TWOGAUSSIANS",8,7.9430175,0.58668095,0.0023522556,0.26607588,0.04694821,0.37440306,0.04881856,0.1061225,0.042112153,0.268947,0.18698956,0.10343582,0.0796631
375316653866487564,5943000711977306112,0.4546852,2226.816724061547,3.2689829034806817,2.570596E-5,19.018526,0.013660549,0.1775143,0.005211383,0.017995741,0.008201716,0.2043243,0.089704916,0.731596,0.010060518,0.07153474,0.009144232,0.29216674,0.02854445,null,null,null,null,"TWOGAUSSIANS",8,12.528241,0.731596,0.010060518,0.4,0.0327933,0.29216674,0.028544448,0.1775143,0.005211383,0.10077615,0.045929607,0.20432429,0.089704916
375316653866487564,5943000815056596480,0.47798508,2231.210232754164,2.5893518061661336,5.9938764E-5,19.44192,0.024966871,0.20206779,0.015161442,0.08055976,0.021643536,0.3039451,0.028222943,0.71301556,0.009007575,0.07335705,0.010242874,0.32394496,0.024099413,null,null,null,null,"TWOGAUSSIANS",8,5.3913674,0.71301556,0.009007575,0.4,0.029976767,0.32141304,0.020151522,0.20206779,0.015161442,0.4,0.026764935,0.30141318,0.026219284
375316653866487564,5943001154338685056,0.5075786,2287.5236434456797,2.6034282311110615,2.323655E-5,18.889446,0.022426417,0.23917557,0.0074837743,0.08952933,0.012617018,0.26726377,0.033108506,0.7360397,0.0073968796,0.09198185,0.012642289,0.31914234,0.021767827,null,null,null,null,"TWOGAUSSIANS",8,4.2780557,0.7360397,0.0073968796,0.4,0.0,0.30660164,0.018285023,0.23917557,0.0074837743,0.4,0.0,0.25472325,0.032708816
375316653866487564,5943001257416515584,0.57839984,2270.4017883869433,0.49367677996471543,2.7513499E-5,12.306442,9.176293E-4,0.20026097,0.0094142975,0.028263014,0.0050489292,0.0885042,0.005756558,0.69413686,0.0030247013,0.043698106,0.013644816,0.014562934,0.0027284776,0.018043647,0.001766662,0.69413686,0.0030247013,"TWOGAUSSIANS_WITH_ELLIPSOIDAL_ON_ECLIPSE2",9,35.107353,0.20011096,0.009253096,0.15827288,0.028274005,0.124539375,0.005149152,0.69413686,0.0030247013,0.24470939,0.07641097,0.050650172,0.0019641467
375316653866487564,5943001497941282944,0.60618144,2277.908709408237,0.8367891912676648,4.5424645E-6,17.069311,0.003268624,0.2766705,0.0015187928,0.023144795,0.001484959,0.36170748,0.014418716,0.78016675,9.179083E-4,0.018792072,0.0011142808,0.83789206,0.05853722,null,null,null,null,"TWOGAUSSIANS",8,13.913249,0.78016675,9.179083E-4,0.1052356,0.006239972,0.83789206,0.05853722,0.2766705,0.0015187928,0.12961085,0.008315771,0.36170748,0.014418716
375316653866487564,5943001502253000064,0.608766,2269.9242626623354,2.6247047414452602,4.6759255E-6,19.259327,0.007926212,0.2597306,0.001836881,0.042062663,0.0034049763,0.55221426,0.024275988,0.756692,0.0011619846,0.041581545,0.0018977907,0.54761446,0.018704018,0.13784507,0.011112215,0.2597306,0.001836881,"TWOGAUSSIANS_WITH_ELLIPSOIDAL_ON_ECLIPSE1",9,0.77407247,0.2597306,0.001836881,0.23555091,0.019067869,0.8279038,0.01788952,0.75689197,0.001044154,0.23285666,0.010627628,0.82321,0.015207371
375316653866487564,5943001532296211456,0.5888379,2277.7606660617853,1.0674941520998755,1.4688451E-5,14.977999,0.014002613,0.21188743,0.0033654973,0.10002849,0.009818472,0.15642999,0.011705538,0.70971334,0.001885688,0.11682822,0.010211252,0.14607488,0.012719888,null,null,null,null,"TWOGAUSSIANS",8,18.345343,0.21189743,0.003386642,0.4,0.0,0.1359036,0.006790437,0.70971334,0.001885688,0.4,0.0,0.12551878,0.0031733888
