Gaia/vari_eclipsing_binary/VariEclipsingBinary_389706-389956.csv
# %ECSV 1.0
# ---
# delimiter: ','
# meta: !!omap
# - RELEASE: Gaia DR3
# - TABLE: vari_eclipsing_binary
# - DESCRIPTION: >
#     This table describes the properties of the eclipsing binaries resulting from the variability analysis. 
# - CITATION: >
#     How to cite and acknowledge Gaia: 
#     https://gea.esac.esa.int/archive/documentation/credits.html 
# - KNOWN_ISSUES: >
#     Known issues: 
#     https://www.cosmos.esa.int/web/gaia-users/known-issues 
# - DOCUMENTATION: >
#     Tutorials and documentation: 
#     https://www.cosmos.esa.int/web/gaia-users/archive 
# datatype:
# - 
#   name: solution_id
#   datatype: int64
#   description: Solution Identifier
#   meta:
#     ucd: meta.version
# - 
#   name: source_id
#   datatype: int64
#   description: Unique source identifier
#   meta:
#     ucd: meta.id;meta.main
# - 
#   name: global_ranking
#   datatype: float32
#   description: Number between 0 (worst) and 1 (best)
#   meta:
#     ucd: stat.param
# - 
#   name: reference_time
#   datatype: float64
#   unit: d
#   description: Reference time used for the geometric model fit
#   meta:
#     ucd: time.epoch
# - 
#   name: frequency
#   datatype: float64
#   unit: d**-1
#   description: Frequency of geometric model of the eclipsing binary light curve
#   meta:
#     ucd: src.orbital
# - 
#   name: frequency_error
#   datatype: float32
#   unit: d**-1
#   description: "Uncertainty of \\texttt{frequency}"
#   meta:
#     ucd: stat.error
# - 
#   name: geom_model_reference_level
#   datatype: float32
#   unit: mag
#   description: Magnitude reference level of geometric model
#   meta:
#     ucd: phot.mag;em.opt
# - 
#   name: geom_model_reference_level_error
#   datatype: float32
#   unit: mag
#   description: "Uncertainty of \\texttt{geomModelReferenceLevel}"
#   meta:
#     ucd: stat.error;phot.mag;em.opt
# - 
#   name: geom_model_gaussian1_phase
#   datatype: float32
#   description: Phase of the Gaussian 1 component
#   meta:
#     ucd: time.phase
# - 
#   name: geom_model_gaussian1_phase_error
#   datatype: float32
#   description: "Uncertainty of \\texttt{geomModelGaussian1Phase}"
#   meta:
#     ucd: stat.error;time.phase
# - 
#   name: geom_model_gaussian1_sigma
#   datatype: float32
#   description: "Standard deviation [phase] of Gaussian 1 component"
#   meta:
#     ucd: stat.stdev
# - 
#   name: geom_model_gaussian1_sigma_error
#   datatype: float32
#   description: "Uncertainty of \\texttt{geomModelGaussian1Sigma}"
#   meta:
#     ucd: stat.error
# - 
#   name: geom_model_gaussian1_depth
#   datatype: float32
#   unit: mag
#   description: Magnitude depth of Gaussian 1 component
#   meta:
#     ucd: src.var.amplitude
# - 
#   name: geom_model_gaussian1_depth_error
#   datatype: float32
#   unit: mag
#   description: "Uncertainty of \\texttt{geomModelGaussian1Depth}"
#   meta:
#     ucd: stat.error;src.var.amplitude
# - 
#   name: geom_model_gaussian2_phase
#   datatype: float32
#   description: Phase of Gaussian 2 component
#   meta:
#     ucd: time.phase
# - 
#   name: geom_model_gaussian2_phase_error
#   datatype: float32
#   description: "Uncertainty of \\texttt{geomModelGaussian2Phase}"
#   meta:
#     ucd: stat.error;time.phase
# - 
#   name: geom_model_gaussian2_sigma
#   datatype: float32
[...]
#   datatype: float32
#   description: "Secondary eclipse: uncertainty of \\texttt{derivedSecondaryEclDuration}"
#   meta:
#     ucd: stat.error;time.duration
# - 
#   name: derived_secondary_ecl_depth
#   datatype: float32
#   unit: mag
#   description: "Secondary eclipse: depth"
#   meta:
#     ucd: src.var.amplitude
# - 
#   name: derived_secondary_ecl_depth_error
#   datatype: float32
#   unit: mag
#   description: "Secondary eclipse: uncertainty of \\texttt{derivedSecondaryEclDepth}"
#   meta:
#     ucd: stat.error;src.var.amplitude
solution_id,source_id,global_ranking,reference_time,frequency,frequency_error,geom_model_reference_level,geom_model_reference_level_error,geom_model_gaussian1_phase,geom_model_gaussian1_phase_error,geom_model_gaussian1_sigma,geom_model_gaussian1_sigma_error,geom_model_gaussian1_depth,geom_model_gaussian1_depth_error,geom_model_gaussian2_phase,geom_model_gaussian2_phase_error,geom_model_gaussian2_sigma,geom_model_gaussian2_sigma_error,geom_model_gaussian2_depth,geom_model_gaussian2_depth_error,geom_model_cosine_half_period_amplitude,geom_model_cosine_half_period_amplitude_error,geom_model_cosine_half_period_phase,geom_model_cosine_half_period_phase_error,model_type,num_model_parameters,reduced_chi2,derived_primary_ecl_phase,derived_primary_ecl_phase_error,derived_primary_ecl_duration,derived_primary_ecl_duration_error,derived_primary_ecl_depth,derived_primary_ecl_depth_error,derived_secondary_ecl_phase,derived_secondary_ecl_phase_error,derived_secondary_ecl_duration,derived_secondary_ecl_duration_error,derived_secondary_ecl_depth,derived_secondary_ecl_depth_error
[from data line 182]
375316653866487564,3428253959504501760,0.612086,2339.696556634584,0.23574576078384338,1.5298381E-6,15.1593275,8.490315E-4,0.09561198,9.331006E-4,0.012557884,9.367838E-4,0.13334537,0.0057794084,0.632023,0.0037639707,0.013873227,0.0052809417,0.17150159,0.012768612,null,null,null,null,"TWOGAUSSIANS",8,7.304803,0.632023,0.0037639707,0.07769007,0.029573275,0.17150159,0.012768612,0.09561198,9.331006E-4,0.070324145,0.005245989,0.13334537,0.0057794084
375316653866487564,3428257086240796800,0.45612678,2423.705851622115,3.130423845858314,1.6584394E-5,19.494968,0.021406649,0.26020265,0.007922778,0.094704665,0.013903545,0.2548657,0.024446126,0.76688105,0.004168229,0.090369016,0.00966966,0.2506271,0.019764319,null,null,null,null,"TWOGAUSSIANS",8,1.4111668,0.26020265,0.007922778,0.4,0.0,0.24294935,0.022984212,0.76688105,0.004168229,0.4,0.0,0.2387111,0.013880561
375316653866487564,3428257983891072768,0.5983496,2389.754155288137,0.5595478084491775,4.770031E-6,13.976402,9.684254E-4,0.2362485,0.0012435924,0.025763083,0.0030882198,0.12597503,0.020088932,0.7345603,0.0014797386,0.026402744,0.0013321753,0.12526622,0.00576348,0.005125514,0.0012713729,0.2362485,0.0012435924,"TWOGAUSSIANS_WITH_ELLIPSOIDAL_ON_ECLIPSE1",9,16.139343,0.2362485,0.0012435924,0.14427327,0.01729403,0.13622603,0.021007108,0.73457026,0.0014757349,0.14785536,0.0074601816,0.13551608,0.0058322432
375316653866487564,3428258460630464256,0.68249375,2403.4995925132107,0.31526337387961456,1.0358658E-6,16.403439,9.203413E-4,0.2379117,0.0012880757,0.009868249,0.002086931,0.009621482,0.0010777819,0.5102915,2.2343568E-6,0.0053519574,1.32891855E-5,1.8008634,0.009479199,null,null,null,null,"TWOGAUSSIANS",8,2.2223454,0.5102915,2.2343568E-6,0.029970963,7.441944E-5,1.8008634,0.009479199,0.2379117,0.0012880757,0.055262197,0.011686812,0.009621482,0.0010777819
375316653866487564,3428260973188281216,0.5866481,2291.296728416475,0.8646740836343444,7.5723183E-6,15.883428,0.0024181216,0.24517995,0.0030498772,0.05327637,0.002826153,0.10963921,0.0035859933,0.7430102,0.016091844,0.052853946,0.013828814,0.4821871,0.25992146,null,null,null,null,"TWOGAUSSIANS",8,11.83573,0.7430102,0.016091844,0.2959821,0.07744136,0.48218086,0.25996095,0.24517995,0.0030498772,0.29834768,0.015826456,0.10963299,0.003572322
375316653866487564,3428261656085776640,0.5053367,2313.0927043625475,3.160315034860232,1.9234669E-5,18.803925,0.24614087,0.30062154,0.0062579913,0.113217175,0.033879317,0.41241473,0.20041816,0.7871987,0.005790199,0.1628174,0.070317514,0.37603736,0.23148812,null,null,null,null,"TWOGAUSSIANS",8,2.112325,0.30158153,0.0052160993,0.4,0.0,0.2843885,0.04136904,0.7871987,0.005790199,0.4,0.0,0.24112158,0.023825584
375316653866487564,3428263236633804928,0.4924315,2335.7417095663695,0.6811460805601509,2.5877385E-5,18.324427,0.0042834533,0.3396352,0.053176604,0.053792693,0.029508058,0.115828976,0.089418896,0.7548114,0.013054595,0.097703904,0.011444788,0.079779804,0.013077554,null,null,null,null,"TWOGAUSSIANS",8,1.0002533,0.3396452,0.05318306,0.30123907,0.11423311,0.11573791,0.08946276,0.7548114,0.013054595,0.4,0.0,0.07967916,0.012980592
375316653866487564,3428263893765988992,0.60909534,2306.229229685184,0.2408678077804714,7.21686E-6,16.89739,7.392426E-4,0.5389139,0.0037671903,0.0427518,0.0018856284,0.14292556,0.006407197,0.07809715,0.052724272,0.036074866,0.028165108,0.0014351206,0.0022361253,null,null,null,null,"TWOGAUSSIANS",8,0.53387773,0.5389139,0.0037671903,0.23941009,0.01055952,0.14292556,0.0064071966,0.07809715,0.052724272,0.20201926,0.1577246,0.0014351206,0.0022361265
375316653866487564,3428273338400224384,0.48137426,2278.902430750079,0.3830814591212011,2.1397422E-5,18.49911,0.01744105,0.2574008,0.043853205,0.1787008,0.111423954,0.0373751,0.0144644035,0.85423714,0.004705349,0.036039986,0.0065187546,0.137633,0.04410086,null,null,null,null,"TWOGAUSSIANS",8,1.4121424,0.8545671,0.0045314515,0.2018239,0.036505025,0.13886346,0.044932187,0.2574008,0.043853205,0.4,0.0,0.03552552,0.014699951
375316653866487564,3428288048662021632,0.62218904,2216.362946785748,0.349402356909385,1.9155773E-4,12.57691,0.0036499554,0.14455089,0.03717293,0.016476627,0.023445351,0.98425186,30.7653,null,null,null,null,null,null,0.0053278864,0.00605151,0.14455089,0.03717293,"ONEGAUSSIAN_WITH_ELLIPSOIDAL",6,205.6428,0.14455089,0.03717293,0.092269115,0.13129397,0.9949076,30.768118,null,null,null,null,null,null
375316653866487564,3428292476772863616,0.6519127,2339.4752580679915,2.0690489567863897,4.7081985E-6,18.478907,0.0046293405,0.20744036,0.0016849703,0.044635013,0.0028052304,0.19787486,0.012351533,0.6916196,3.5045962E-4,0.028120138,7.750327E-4,0.25792143,0.011185476,0.15902561,0.0070071286,0.20744036,0.0016849703,"TWOGAUSSIANS_WITH_ELLIPSOIDAL_ON_ECLIPSE1",9,1.5222942,0.6927496,3.5386777E-4,0.15747277,0.004340183,0.5730623,0.006010317,0.20744036,0.0016849703,0.24995606,0.01570929,0.51592606,0.008885754
375316653866487564,3428294091677512704,0.49290198,2388.8055811356494,3.003935314928667,2.5475942E-5,18.130615,0.20809413,0.22923532,0.01438868,0.16383411,0.07200008,0.21681295,0.20430759,0.721358,0.008040763,0.119755104,0.03896587,0.20782447,0.15874435,null,null,null,null,"TWOGAUSSIANS",8,3.3004532,0.22931533,0.014279703,0.4,0.0,0.13255477,0.00994626,0.721358,0.008040763,0.4,0.0,0.12765273,0.02161054
375316653866487564,3428294469634731648,0.4288779,2286.4337003430546,0.5931878398477364,1.4669786E-4,19.554596,0.093447,0.12377034,0.045501877,0.05678894,0.02581386,0.10150444,0.065797426,0.4287754,0.046394188,0.1144383,0.13922687,0.19290529,0.086073406,null,null,null,null,"TWOGAUSSIANS",8,4.716717,0.4287754,0.046394188,0.4,0.0,0.19282421,0.04473361,0.12826034,0.25519168,0.31801805,0.14455763,0.107243076,0.08472842
375316653866487564,3428298661525276416,0.5083853,2398.972381612698,2.7641165486408985,5.5867454E-6,17.045038,0.057462014,0.2659207,0.0026523215,0.111459784,0.017488502,0.237257,0.050827373,0.7662398,0.004686491,0.1314587,0.026111634,0.23877597,0.050225522,null,null,null,null,"TWOGAUSSIANS",8,14.360385,0.7662398,0.004693917,0.4,0.0,0.1819482,0.016336251,0.2659207,0.0026921688,0.4,0.0,0.18075387,0.007110135
375316653866487564,3428303888501570560,0.5678925,2459.3742304409925,0.8424950297606204,1.4931837E-5,17.259537,0.0020290161,0.34962022,0.0039063944,0.02238062,0.0052409875,0.30774054,0.020677188,0.8574971,1.2010891E-4,0.020237707,0.0033979842,0.09765409,0.0037198116,null,null,null,null,"TWOGAUSSIANS",8,6.6589537,0.34962022,0.0039063944,0.12533148,0.02934953,0.30774054,0.020677188,0.8574971,1.2010891E-4,0.113331154,0.019028712,0.09765409,0.0037198116
375316653866487564,3428304124722666368,0.6836198,2402.829790114091,1.4874611410457557,6.2243316E-6,16.936687,0.0031357417,0.27536917,9.991336E-4,0.037368715,0.0013190247,0.32306424,0.009333048,0.7749618,7.302742E-4,0.0354991,8.289176E-4,0.5979465,0.017638195,0.021186953,0.0045475955,0.27536917,9.991336E-4,"TWOGAUSSIANS_WITH_ELLIPSOIDAL_ON_ECLIPSE1",9,3.0424125,0.7749618,7.233687E-4,0.19879496,0.0046419385,0.6403201,0.017202808,0.27536917,9.991336E-4,0.2092648,0.007386538,0.3654381,0.007822768
375316653866487564,3428307835574784128,0.52694774,2395.0456119013384,0.7069429898035201,2.3565917E-5,18.517508,0.0027099247,0.08864866,0.009205052,0.016405182,0.0075720865,0.17291127,1.1116923,0.7663895,0.0057647317,0.024563657,0.0024176731,0.42471036,0.11880949,0.0052090716,0.0035212336,0.7663895,0.0057647317,"TWOGAUSSIANS_WITH_ELLIPSOIDAL_ON_ECLIPSE2",9,1.6650304,0.7663895,0.0057647317,0.13755648,0.01353897,0.4351285,0.1196084,0.08872866,0.009093551,0.09186902,0.042403683,0.1749173,1.111868
375316653866487564,3428311168469525888,0.5660291,2420.0502946202046,3.1500255759050093,1.0097436E-5,18.713861,0.0063688103,0.29224387,0.0024435248,0.07776153,0.005538694,0.3308848,0.02386579,0.7997686,0.0030341125,0.07416256,0.0049813427,0.3998743,0.011883892,null,null,null,null,"TWOGAUSSIANS",8,2.4426775,0.7997686,0.0030341125,0.4,1.8538767E-4,0.3971379,0.012186669,0.29224387,0.0024435248,0.4,0.0,0.32814842,0.024813067
375316653866487564,3428315742608144384,0.585755,2410.032294280616,0.02095772528495287,1.7947307E-6,18.33088,0.0018348013,0.5242545,0.029933952,0.017941874,0.020175776,0.0067657423,1.7026794,0.79158956,8.949943E-5,0.0010426856,4.767907E-5,0.5487521,0.017464867,null,null,null,null,"TWOGAUSSIANS",8,1.9526057,0.79158956,8.949943E-5,0.0058390396,2.670028E-4,0.5487521,0.017464867,0.5242545,0.029933952,0.10047449,0.112984344,0.0067657423,1.7026794
375316653866487564,3428317765539966976,0.5713159,2431.550051547421,4.360156406777728,8.640379E-6,18.825169,0.012243708,0.2743288,0.00252907,0.04415262,0.00511355,0.35936135,0.030762544,0.7750625,0.00237941,0.049459733,0.0025500127,0.4009472,0.040453877,0.10874282,0.014857297,0.2743288,0.00252907,"TWOGAUSSIANS_WITH_ELLIPSOIDAL_ON_ECLIPSE1",9,2.9300044,0.7750625,0.0023154672,0.27697453,0.014280071,0.6184268,0.02419806,0.2743288,0.00252907,0.24725467,0.02863588,0.5768455,0.025415236
375316653866487564,3428320926633754240,0.5643906,2427.714005745803,0.6122500469712662,6.3154657E-6,13.991982,0.005612633,0.24306284,0.001991708,0.10845912,0.007090544,0.075651646,0.0051531275,0.7417369,0.0016985566,0.11561614,0.0077526313,0.07188496,0.005138551,null,null,null,null,"TWOGAUSSIANS",8,5.4660954,0.24306284,0.0020007594,0.4,0.0,0.063612044,0.0015865612,0.7417369,0.0016985566,0.4,0.0,0.059836537,0.0015444043
375316653866487564,3428325221604238592,0.5632655,2414.524789557613,1.8306578749597484,3.7915515E-6,19.21721,0.0055391337,0.26624233,0.008371394,0.05324319,0.0071844216,0.31907293,0.03432138,0.7688371,0.0011810919,0.04599167,0.0018781997,0.84979,0.057206783,null,null,null,null,"TWOGAUSSIANS",8,2.269222,0.7688371,0.0011810919,0.25755337,0.0105179185,0.8497873,0.057207804,0.26624233,0.008371394,0.29816186,0.04023276,0.31907025,0.034322657
375316653866487564,3428333467939900672,0.57827944,2382.526948750136,1.6413034629323153,1.0044661E-5,14.644762,0.014857236,0.3088331,0.0021583708,0.10688473,0.009718741,0.15900362,0.01164501,0.80198765,0.002187574,0.11859143,0.013025067,0.11641932,0.013314333,null,null,null,null,"TWOGAUSSIANS",8,18.957706,0.3088531,0.0021494739,0.4,0.0,0.137602,0.0043658633,0.80198765,0.002187574,0.4,0.0,0.09499053,0.0036798713
375316653866487564,3428333880255219328,0.56018144,2390.446197923324,3.889192377817464,1.5301588E-5,13.837432,0.016498152,0.21880402,0.009409258,0.10069783,0.016236007,0.19603567,0.018079894,0.72256154,0.0031162738,0.10114573,0.009687036,0.18748927,0.015034753,null,null,null,null,"TWOGAUSSIANS",8,91.695435,0.21880402,0.009409258,0.4,0.0,0.17901413,0.01599571,0.72256154,0.0031156358,0.4,0.0,0.17046762,0.0080984095
375316653866487564,3428336186655245568,0.5757921,2407.619751047601,0.5704309594148206,1.1894796E-5,16.326021,9.75194E-4,0.13281049,5.521304E-4,0.016939206,0.0014919922,0.2183173,0.02573112,0.6307045,0.005085895,0.015324953,0.00524513,0.18165067,0.21605729,0.0070072375,0.0014709764,0.13281049,5.521304E-4,"TWOGAUSSIANS_WITH_ELLIPSOIDAL_ON_ECLIPSE1",9,2.4492683,0.13281049,5.521304E-4,0.09485955,0.008355156,0.23233178,0.026761016,0.6307045,0.005085895,0.085819736,0.029372727,0.19566269,0.21604054
375316653866487564,3428336388516117888,0.56609094,2385.900231038523,0.21543725936935146,3.1295676E-6,12.349234,0.0033502749,0.38511735,7.097574E-4,0.020091798,0.0010276667,0.2652837,0.015283615,null,null,null,null,null,null,0.0050345086,0.0051624337,0.38511735,7.097574E-4,"ONEGAUSSIAN_WITH_ELLIPSOIDAL",6,314.86963,0.38511735,7.097574E-4,0.11251407,0.005754933,0.27535272,0.0145779215,null,null,null,null,null,null
375316653866487564,3428336766474862208,0.6244864,2417.1866440600743,3.3419858878293467,8.450404E-6,17.656307,0.014250818,0.22667629,0.0018964836,0.045462836,0.0046711816,0.33857483,0.027038302,0.73525715,0.0012693043,0.050482783,0.0022051416,0.43461448,0.033232816,0.115576394,0.01663331,0.22667629,0.0018964836,"TWOGAUSSIANS_WITH_ELLIPSOIDAL_ON_ECLIPSE1",9,7.057369,0.73525715,0.0012693043,0.28270358,0.0123487925,0.6650947,0.012365985,0.22667629,0.0018964836,0.25459188,0.026158618,0.5697263,0.010126884
375316653866487564,3428340133726942080,0.70348585,2360.1201957192798,1.6356618218934855,6.250918E-6,15.870841,0.0082338145,0.22650416,0.001476782,0.039151207,0.005391981,0.6189729,0.14004363,0.7276741,0.005982711,0.037535414,0.005727162,0.5989538,0.04707354,0.11080452,0.010102692,0.22650416,0.001476782,"TWOGAUSSIANS_WITH_ELLIPSOIDAL_ON_ECLIPSE1",9,13.205417,0.22650416,0.001476782,0.21924676,0.030195093,0.84058195,0.15144734,0.7276741,0.0059607956,0.21019833,0.03207211,0.8205508,0.045301087
375316653866487564,3428340820921595520,0.53824717,2341.8899683766194,0.3253738856864486,1.2724398E-4,12.805623,0.0010511626,0.50710833,0.07443615,0.009288983,0.01441316,0.30882332,113.97161,null,null,null,null,null,null,null,null,null,null,"ONEGAUSSIAN",5,89.81135,0.50710833,0.07443615,0.052018307,0.0807137,0.30882332,0.0,null,null,null,null,null,null
375316653866487564,3428342779426996736,0.5253957,2308.7093633688614,4.097893491977529,1.4089789E-5,18.045382,0.02059034,0.3645827,0.004494057,0.09426957,0.017320998,0.20486721,0.015611379,0.86254406,0.00824809,0.08584186,0.028347153,0.32344592,0.6656509,null,null,null,null,"TWOGAUSSIANS",8,5.7809925,0.86254406,0.00824809,0.4,0.03762198,0.31304651,0.6749337,0.3645827,0.004494057,0.4,0.0,0.19446754,0.009336908
375316653866487564,3428348006402174336,0.5454673,2411.6055679291285,4.372895725877823,7.911714E-6,19.497202,0.0042618825,0.22467646,2.3693698E-4,0.011071172,2.577794E-4,0.8510344,0.017421035,0.55602926,0.0047005024,0.024771353,0.0031555498,0.33704355,0.06695976,null,null,null,null,"TWOGAUSSIANS",8,1.8748074,0.22467646,2.3693698E-4,0.06199856,0.0014435647,0.8510344,0.017421035,0.55602926,0.0047005024,0.13871957,0.017671078,0.33704355,0.06695976
375316653866487564,3428349827468233600,0.42256847,2391.569519648564,3.9651318582575557,4.8662703E-5,15.542075,0.007587568,0.3328922,0.0027545416,0.009826214,0.0032799186,0.13629459,0.09215671,0.59362936,0.08901155,0.093781106,0.075778075,0.029206734,0.011560353,null,null,null,null,"TWOGAUSSIANS",8,13.559637,0.3329022,0.0027441399,0.055026796,0.018367544,0.13690694,0.09244535,0.59362936,0.08901155,0.4,0.19431955,0.029206695,0.01155414
375316653866487564,3428351064418789632,0.48067725,2432.253313662701,3.3460781827360213,2.9788938E-5,18.28958,0.035262994,0.28585953,0.010848909,0.056273807,0.013952095,0.43240795,0.096595526,0.7971848,0.004967757,0.043216296,0.007640206,0.31194225,0.117912196,0.12957323,0.06334262,0.7971848,0.004967757,"TWOGAUSSIANS_WITH_ELLIPSOIDAL_ON_ECLIPSE2",9,55.571606,0.28732952,0.009310534,0.31513333,0.07813173,0.6904044,0.09884842,0.7971848,0.004967757,0.24201125,0.042785153,0.5710786,0.06544765
375316653866487564,3428354324299287296,0.5925531,2422.6081212791637,0.4515708632233338,3.5808043E-6,15.923234,0.0011045296,0.26964706,0.0015760371,0.027978424,0.0015214444,0.13209432,0.00991934,0.7744485,0.0037370652,0.026201837,0.005144274,0.09759653,0.027081363,0.02381605,0.0017784958,0.26964706,0.0015760371,"TWOGAUSSIANS_WITH_ELLIPSOIDAL_ON_ECLIPSE1",9,3.763217,0.26964706,0.0015760371,0.15667918,0.008520089,0.17972639,0.010659569,0.7744485,0.0037370652,0.14673029,0.028807933,0.14518526,0.027320493
375316653866487564,3428356798200281856,0.5007683,2434.6861159811924,2.8697372481825116,1.7103423E-5,19.198734,0.0073017036,0.25974783,0.011603958,0.07705383,0.012903113,0.25106972,0.014691458,0.7636347,0.00533477,0.083416015,0.0085001085,0.24034175,0.014170727,null,null,null,null,"TWOGAUSSIANS",8,1.7884092,0.25974783,0.011603958,0.4,0.009259688,0.2475261,0.015366241,0.7636347,0.00533477,0.4,0.0,0.23679811,0.015096478
