Gaia/vari_eclipsing_binary/VariEclipsingBinary_669278-669300.csv
# %ECSV 1.0
# ---
# delimiter: ','
# meta: !!omap
# - RELEASE: Gaia DR3
# - TABLE: vari_eclipsing_binary
# - DESCRIPTION: >
#     This table describes the properties of the eclipsing binaries resulting from the variability analysis. 
# - CITATION: >
#     How to cite and acknowledge Gaia: 
#     https://gea.esac.esa.int/archive/documentation/credits.html 
# - KNOWN_ISSUES: >
#     Known issues: 
#     https://www.cosmos.esa.int/web/gaia-users/known-issues 
# - DOCUMENTATION: >
#     Tutorials and documentation: 
#     https://www.cosmos.esa.int/web/gaia-users/archive 
# datatype:
# - 
#   name: solution_id
#   datatype: int64
#   description: Solution Identifier
#   meta:
#     ucd: meta.version
# - 
#   name: source_id
#   datatype: int64
#   description: Unique source identifier
#   meta:
#     ucd: meta.id;meta.main
# - 
#   name: global_ranking
#   datatype: float32
#   description: Number between 0 (worst) and 1 (best)
#   meta:
#     ucd: stat.param
# - 
#   name: reference_time
#   datatype: float64
#   unit: d
#   description: Reference time used for the geometric model fit
#   meta:
#     ucd: time.epoch
# - 
#   name: frequency
#   datatype: float64
#   unit: d**-1
#   description: Frequency of geometric model of the eclipsing binary light curve
#   meta:
#     ucd: src.orbital
# - 
#   name: frequency_error
#   datatype: float32
#   unit: d**-1
#   description: "Uncertainty of \\texttt{frequency}"
#   meta:
#     ucd: stat.error
# - 
#   name: geom_model_reference_level
#   datatype: float32
#   unit: mag
#   description: Magnitude reference level of geometric model
#   meta:
#     ucd: phot.mag;em.opt
# - 
#   name: geom_model_reference_level_error
#   datatype: float32
#   unit: mag
#   description: "Uncertainty of \\texttt{geomModelReferenceLevel}"
#   meta:
#     ucd: stat.error;phot.mag;em.opt
# - 
#   name: geom_model_gaussian1_phase
#   datatype: float32
#   description: Phase of the Gaussian 1 component
#   meta:
#     ucd: time.phase
# - 
#   name: geom_model_gaussian1_phase_error
#   datatype: float32
#   description: "Uncertainty of \\texttt{geomModelGaussian1Phase}"
#   meta:
#     ucd: stat.error;time.phase
# - 
#   name: geom_model_gaussian1_sigma
#   datatype: float32
#   description: "Standard deviation [phase] of Gaussian 1 component"
#   meta:
#     ucd: stat.stdev
# - 
#   name: geom_model_gaussian1_sigma_error
#   datatype: float32
#   description: "Uncertainty of \\texttt{geomModelGaussian1Sigma}"
#   meta:
#     ucd: stat.error
# - 
#   name: geom_model_gaussian1_depth
#   datatype: float32
#   unit: mag
#   description: Magnitude depth of Gaussian 1 component
#   meta:
#     ucd: src.var.amplitude
# - 
#   name: geom_model_gaussian1_depth_error
#   datatype: float32
#   unit: mag
#   description: "Uncertainty of \\texttt{geomModelGaussian1Depth}"
#   meta:
#     ucd: stat.error;src.var.amplitude
# - 
#   name: geom_model_gaussian2_phase
#   datatype: float32
#   description: Phase of Gaussian 2 component
#   meta:
#     ucd: time.phase
# - 
#   name: geom_model_gaussian2_phase_error
#   datatype: float32
#   description: "Uncertainty of \\texttt{geomModelGaussian2Phase}"
#   meta:
#     ucd: stat.error;time.phase
# - 
#   name: geom_model_gaussian2_sigma
#   datatype: float32
[...]
#   datatype: float32
#   description: "Secondary eclipse: uncertainty of \\texttt{derivedSecondaryEclDuration}"
#   meta:
#     ucd: stat.error;time.duration
# - 
#   name: derived_secondary_ecl_depth
#   datatype: float32
#   unit: mag
#   description: "Secondary eclipse: depth"
#   meta:
#     ucd: src.var.amplitude
# - 
#   name: derived_secondary_ecl_depth_error
#   datatype: float32
#   unit: mag
#   description: "Secondary eclipse: uncertainty of \\texttt{derivedSecondaryEclDepth}"
#   meta:
#     ucd: stat.error;src.var.amplitude
solution_id,source_id,global_ranking,reference_time,frequency,frequency_error,geom_model_reference_level,geom_model_reference_level_error,geom_model_gaussian1_phase,geom_model_gaussian1_phase_error,geom_model_gaussian1_sigma,geom_model_gaussian1_sigma_error,geom_model_gaussian1_depth,geom_model_gaussian1_depth_error,geom_model_gaussian2_phase,geom_model_gaussian2_phase_error,geom_model_gaussian2_sigma,geom_model_gaussian2_sigma_error,geom_model_gaussian2_depth,geom_model_gaussian2_depth_error,geom_model_cosine_half_period_amplitude,geom_model_cosine_half_period_amplitude_error,geom_model_cosine_half_period_phase,geom_model_cosine_half_period_phase_error,model_type,num_model_parameters,reduced_chi2,derived_primary_ecl_phase,derived_primary_ecl_phase_error,derived_primary_ecl_duration,derived_primary_ecl_duration_error,derived_primary_ecl_depth,derived_primary_ecl_depth_error,derived_secondary_ecl_phase,derived_secondary_ecl_phase_error,derived_secondary_ecl_duration,derived_secondary_ecl_duration_error,derived_secondary_ecl_depth,derived_secondary_ecl_depth_error
[from data line 444]
375316653866487564,5887168026950639232,0.5291248,2134.8285479366336,0.2543368265107361,1.4970175E-5,14.637649,5.95867E-4,0.5042209,0.0029988997,0.017206522,0.0028452438,0.246115,0.037905365,null,null,null,null,null,null,null,null,null,null,"ONEGAUSSIAN",5,96.654305,0.5042209,0.0029988997,0.09635652,0.015933365,0.246115,0.0,null,null,null,null,null,null
375316653866487564,5887168404897727616,0.5593312,2108.41388886456,2.5280492882656347,1.740901E-5,19.27373,0.013134965,0.27739564,0.0028867698,0.091322966,0.0048089963,0.3610328,0.01503255,0.7810566,0.005141178,0.08861774,0.0069543794,0.35324296,0.024359168,null,null,null,null,"TWOGAUSSIANS",8,1.267757,0.27739564,0.0028867698,0.4,0.0,0.34682217,0.012034707,0.7810566,0.005141178,0.4,0.0,0.33903247,0.024847679
375316653866487564,5887169126452252416,0.47919342,2167.427715055757,4.251491710800773,2.0897392E-5,18.85134,0.0103965,0.2723865,0.0034734674,0.04533377,0.0031393985,0.26883778,0.021364316,0.7168285,0.004576643,0.044663534,0.014124235,0.051055387,0.014302131,null,null,null,null,"TWOGAUSSIANS",8,2.9656458,0.2723865,0.0034734674,0.2538691,0.017580632,0.26883778,0.021364314,0.7168285,0.004576643,0.25011578,0.079095714,0.051055387,0.014302132
375316653866487564,5887169607488700800,0.5396153,2123.0214091979756,2.581780358647885,1.5917898E-5,19.566578,0.01095384,0.24229313,0.0047144084,0.06636804,0.0066722073,0.55743515,0.038755186,0.7406846,0.0022184614,0.06896798,0.004037648,0.45746768,0.032927744,null,null,null,null,"TWOGAUSSIANS",8,1.9844708,0.24229313,0.0047144084,0.37166104,0.03736436,0.55638766,0.03921654,0.7406846,0.0022184614,0.3862207,0.022610828,0.4564202,0.033164293
375316653866487564,5887170122883667328,0.53614825,2121.7421632100168,2.2755693680788105,1.9199528E-5,18.873405,0.027586821,0.30829826,0.004312095,0.10149071,0.010064967,0.3528263,0.026808549,0.81417483,0.0047388463,0.09242307,0.009516306,0.36576363,0.027096244,null,null,null,null,"TWOGAUSSIANS",8,3.5425725,0.81417483,0.004742021,0.4,0.0,0.3419119,0.019728579,0.30829826,0.004312095,0.4,0.0,0.32897094,0.017874377
375316653866487564,5887170359068148480,0.60956293,2131.0696865302725,0.28204257076022066,6.0162065E-6,16.459505,0.004129664,0.27185497,3.2880605E-4,0.021972962,0.0011386318,0.43244374,0.034234855,0.7752825,0.004192405,0.020594114,0.008504871,0.4316563,1.1653767,0.0059579695,0.0056965407,0.27185497,3.2880605E-4,"TWOGAUSSIANS_WITH_ELLIPSOIDAL_ON_ECLIPSE1",9,6.798555,0.27185497,3.2880605E-4,0.12304858,0.006376338,0.4443597,0.037090357,0.7752825,0.004192405,0.11532704,0.04762728,0.44356668,1.1729515
375316653866487564,5887170569571152384,0.44091436,2127.9724254996227,0.22794504495690357,4.286445E-5,16.270634,0.12123702,0.28212193,0.009362048,0.11527088,0.093186975,0.07455191,0.11532874,0.7717079,0.013113055,0.084529884,0.07901818,0.050052006,0.102932096,null,null,null,null,"TWOGAUSSIANS",8,15.112837,0.28212193,0.009368275,0.4,0.0,0.06978822,0.019970654,0.7717079,0.013438623,0.4,0.03236484,0.045301452,0.006021003
375316653866487564,5887171222406191744,0.43892363,2146.8650448678886,0.7711745733228661,4.509999E-5,17.585382,0.012453452,0.19328125,0.009484336,0.07541392,0.02936642,0.046662148,0.011588621,0.6740545,0.013797554,0.05239992,0.060566798,0.07012382,0.024236452,null,null,null,null,"TWOGAUSSIANS",8,3.6028342,0.6740545,0.013797554,0.29343957,0.13505295,0.07009564,0.0292093,0.19328125,0.009483989,0.4,0.03422051,0.046633966,0.008694243
375316653866487564,5887171394194276736,0.5084777,2109.194762531484,2.7407836376165142,2.5706458E-5,19.210346,0.023292102,0.16459435,0.008173282,0.092675894,0.014638122,0.22901903,0.022156911,0.6521612,0.0067988406,0.07568458,0.014542919,0.21719411,0.024002893,null,null,null,null,"TWOGAUSSIANS",8,2.4560149,0.16459435,0.008173282,0.4,0.0,0.2246883,0.017454203,0.6521612,0.0067988406,0.4,0.010504472,0.21286367,0.020884028
375316653866487564,5887172042695783040,0.51597434,2155.294688222372,0.8061584070204337,1.7963577E-4,18.867094,0.008143594,0.2778198,0.044744205,0.06814379,0.079541415,0.029757358,0.012593928,0.70499325,0.021248348,0.04246457,0.026453573,0.51262474,1.8761528,null,null,null,null,"TWOGAUSSIANS",8,2.746889,0.70499325,0.021248348,0.2378016,0.14814001,0.5126245,1.8761674,0.2778198,0.044744205,0.38160524,0.21858862,0.029757112,0.012821104
375316653866487564,5887172150119168640,0.5258524,2150.9635646244283,2.200655759217318,1.118686E-5,18.998863,0.009733521,0.29093516,0.009476371,0.081650235,0.0090220785,0.3228643,0.041220967,0.804779,0.0030165948,0.082378455,0.004295082,0.30031887,0.012505456,null,null,null,null,"TWOGAUSSIANS",8,1.7302814,0.29093516,0.009476371,0.4,0.0,0.31825873,0.04183563,0.804779,0.0030165948,0.4,0.0,0.2957133,0.01117072
375316653866487564,5887172596787741824,0.52253,2108.5547298121205,1.6823120410338444,2.0739439E-5,19.310087,0.01815169,0.1332559,0.0030916552,0.0813743,0.0059513943,0.3161016,0.021241166,0.64236116,0.0045806183,0.08957513,0.010954532,0.32001454,0.019257534,null,null,null,null,"TWOGAUSSIANS",8,1.6135132,0.64236116,0.0045806183,0.4,0.0,0.31247666,0.019273996,0.1332559,0.0030916552,0.4,0.0,0.30856386,0.017945483
375316653866487564,5887172768586550528,0.49840203,2147.9898240847037,2.540441379955045,1.3873483E-5,19.703653,0.015004733,0.19521528,0.007626763,0.070728056,0.007682445,0.48414946,0.059870813,0.70301193,0.00316862,0.06688348,0.0047776066,0.6143563,0.075131804,null,null,null,null,"TWOGAUSSIANS",8,3.7796206,0.70301193,0.00316862,0.3745475,0.026754597,0.6131569,0.07555818,0.19521528,0.007626763,0.3960771,0.030706411,0.4829501,0.05992603
375316653866487564,5887173490141150720,0.4613175,2098.8412066584706,3.288134051390665,6.549487E-5,19.593842,0.020493671,0.34254804,0.007554295,0.054990884,0.009444494,0.7624599,0.16745046,0.8463171,0.010377645,0.060729906,0.010489667,0.4714817,0.120050184,null,null,null,null,"TWOGAUSSIANS",8,13.046806,0.34254804,0.007554295,0.30794895,0.052889165,0.7623693,0.16756123,0.8463171,0.010377645,0.34008747,0.058742136,0.4713911,0.120243974
375316653866487564,5887173524509103744,0.471207,2162.6916096282703,2.848413661167949,3.7752172E-5,18.327284,0.014027781,0.27251065,0.012748885,0.038199045,0.030919038,0.08974036,0.07563648,0.80286705,0.023491206,0.041894257,0.019576738,0.08890499,0.032359492,0.055347446,0.016703082,0.27251065,0.012748885,"TWOGAUSSIANS_WITH_ELLIPSOIDAL_ON_ECLIPSE1",9,10.1638155,0.27251065,0.012748885,0.21391465,0.17314662,0.20043525,0.08622818,0.80286705,0.023491206,0.23460783,0.109629735,0.19562142,0.025322026
375316653866487564,5887173868098429312,0.44190517,2109.7478126193664,2.8622193464489634,2.5403397E-5,19.673103,0.36881495,0.23372443,0.0155230155,0.17741136,0.14883658,0.28517428,0.35453287,0.73815817,0.0038945293,0.09092436,0.033702478,0.3563784,0.1764294,null,null,null,null,"TWOGAUSSIANS",8,2.2634637,0.73841816,0.0044548297,0.4,0.0,0.27039993,0.03385251,0.23372443,0.015521789,0.4,0.0,0.18842241,0.021302182
375316653866487564,5887174142976379776,0.44829065,2116.6985078701496,3.355773919139928,4.926562E-5,19.093262,0.05758104,0.25135502,0.015101079,0.104033045,0.027101167,0.20309548,0.05619686,0.73501116,0.01415024,0.10998663,0.03156254,0.18874565,0.054429643,null,null,null,null,"TWOGAUSSIANS",8,6.2295556,0.25137502,0.015073371,0.4,0.0,0.1818249,0.024645029,0.73501116,0.01415024,0.4,0.0,0.16746506,0.0225958
375316653866487564,5887174276077837056,0.50125235,2174.0224258101603,2.4112647459103393,1.1508294E-5,18.536285,0.031462107,0.2081348,0.003505608,0.112770125,0.020285862,0.18751954,0.023789467,0.7035244,0.021256948,0.10157809,0.024683185,0.19470106,0.03807838,null,null,null,null,"TWOGAUSSIANS",8,2.2701917,0.7035244,0.021256948,0.4,0.0,0.17086858,0.03138399,0.2081348,0.003502035,0.4,0.0,0.16366872,0.012410544
375316653866487564,5887174276077894272,0.53154814,2185.204545318613,3.416777193232248,1.5451058E-5,17.66781,0.29998836,0.25668955,0.0068267854,0.16390297,0.051200476,0.3844112,0.29556602,0.7628292,0.003638766,0.14488079,0.02701517,0.39458174,0.25309163,null,null,null,null,"TWOGAUSSIANS",8,5.2818236,0.7636692,0.003900265,0.4,0.0,0.19955643,0.01525796,0.25619957,0.006821164,0.4,0.0,0.18407607,0.01681122
375316653866487564,5887174486581768192,0.6888869,2149.007139885009,0.8098461433404016,7.632223E-6,14.3407545,0.004659243,0.27405432,9.115766E-4,0.04087675,0.0043783444,1.1079125,0.052583225,0.7723045,0.0016709131,0.04163759,0.0021567303,0.26821926,0.013915937,0.046462327,0.0075855767,0.27405432,9.115766E-4,"TWOGAUSSIANS_WITH_ELLIPSOIDAL_ON_ECLIPSE1",9,95.00955,0.27405432,9.115766E-4,0.22890979,0.024518728,1.2008373,0.055993613,0.77238446,0.0015964295,0.2331705,0.01207769,0.3611332,0.011837263
375316653866487564,5887175895331144704,0.46688047,2152.561900701367,1.2800921733384707,5.438042E-5,18.480034,0.006827701,0.27471745,0.020217016,0.028051812,0.024371007,0.22051406,0.21410201,0.7594833,0.0042669233,0.01942492,0.0030996536,0.303335,0.05133443,null,null,null,null,"TWOGAUSSIANS",8,13.229735,0.7594833,0.0042669233,0.10877956,0.01735806,0.303335,0.05133443,0.27471745,0.020217016,0.15709014,0.13647763,0.22051406,0.21410201
375316653866487564,5887177578950572800,0.5051264,2118.145230179611,2.9548002138070903,2.9589793E-5,19.61782,0.023845075,0.24800664,0.0067230714,0.07930932,0.010257089,0.4434276,0.027165448,0.7551318,0.008017266,0.08275538,0.0090364525,0.40026683,0.034819998,null,null,null,null,"TWOGAUSSIANS",8,4.3998914,0.24800664,0.0067230714,0.4,0.0,0.43713668,0.025619017,0.7551318,0.008017266,0.4,0.0,0.3939759,0.032951787
375316653866487564,5887178231802334848,0.41257858,2137.2948713748065,0.03871336554057077,1.976407E-4,19.471985,0.016264237,0.21239926,0.020513548,0.046156507,0.024418756,0.5970411,0.20377688,0.5860675,0.002908133,0.042271893,0.00561491,1.1213108,0.23313354,null,null,null,null,"TWOGAUSSIANS",8,17.2302,0.5860675,0.002908133,0.23672262,0.031443495,1.1213108,0.23313354,0.21239926,0.020513548,0.25847644,0.13674504,0.5970411,0.20377688
375316653866487564,5887178747182030336,0.46796983,2129.513347601892,2.6348006236150234,3.4786754E-5,19.527655,0.35056797,0.29850844,0.011401841,0.13024542,0.05920394,0.4061584,0.3422631,0.79720354,0.0072549763,0.116927296,0.05327904,0.39799765,0.32106796,null,null,null,null,"TWOGAUSSIANS",8,3.3307269,0.29851845,0.011441718,0.4,0.0,0.30354235,0.033865906,0.79720354,0.007266602,0.4,0.0,0.2958091,0.030826986
375316653866487564,5887179365664807552,0.59562695,2140.988789949296,1.7741975934665788,3.197512E-6,15.687423,0.015364062,0.24976492,0.005181833,0.050807245,0.008444658,0.19414544,0.03153153,0.7409151,0.001405693,0.055915218,0.005741615,0.46125662,0.030264264,0.035934262,0.018160718,0.24976492,0.005181833,"TWOGAUSSIANS_WITH_ELLIPSOIDAL_ON_ECLIPSE1",9,39.375767,0.7412451,0.0012925956,0.31312522,0.03215304,0.53290004,0.0489087,0.24976492,0.005181833,0.28452057,0.04729008,0.26600266,0.017332481
375316653866487564,5887179533122247424,0.5413977,2133.097469681904,2.8633633852640448,8.138387E-6,18.459845,0.01517176,0.21079072,0.0068154777,0.07486264,0.012014931,0.37873262,0.05485312,0.7080807,0.0022220195,0.07136657,0.004465543,0.343306,0.01375869,null,null,null,null,"TWOGAUSSIANS",8,4.054875,0.21079072,0.0068154777,0.4,0.0,0.37677363,0.057595063,0.7080807,0.0022220195,0.3996528,0.008331467,0.341347,0.0121855335
375316653866487564,5887179812341435392,0.6106988,2130.7659219281686,1.1950344070652519,5.59981E-6,16.264515,0.005530306,0.27753612,0.0012154761,0.08724574,0.003035066,0.22616473,0.0059843245,0.78091776,0.001709578,0.09180385,0.0030914473,0.20004092,0.0054178243,null,null,null,null,"TWOGAUSSIANS",8,5.782031,0.27753612,0.0012154761,0.4,0.0,0.21800941,0.0052297455,0.78091776,0.001709578,0.4,0.0,0.19188549,0.003907887
375316653866487564,5887180117234052480,0.5917015,2153.5865032507136,1.4899135049196044,9.2877035E-6,15.4445715,0.026881797,0.24896584,0.006173256,0.1172186,0.021680782,0.15814675,0.024856506,0.73340017,0.0011440575,0.100475445,0.009890507,0.2591199,0.022771722,null,null,null,null,"TWOGAUSSIANS",8,18.048727,0.73340017,0.0011440575,0.4,0.0,0.23544824,0.005750583,0.24897584,0.00617297,0.4,0.0,0.13443702,0.008216259
375316653866487564,5887180671327530496,0.58191013,2069.2975137772128,3.1865588161314813,6.39428E-6,19.716352,0.02071137,0.21947864,0.0034314303,0.04137167,0.0070072096,0.29563102,0.074123845,0.71228975,0.011552514,0.041949227,0.013658061,0.5866206,0.23850168,0.13954584,0.03432035,0.21947864,0.0034314303,"TWOGAUSSIANS_WITH_ELLIPSOIDAL_ON_ECLIPSE1",9,1.4184778,0.71273977,0.011013682,0.23491567,0.07648514,0.86517847,0.24980465,0.21947864,0.0034314303,0.23168135,0.039240375,0.5747227,0.057552084
375316653866487564,5887180740047092480,0.4411439,2108.8590915040186,2.3072525587571966,5.5155837E-5,18.563328,0.0065229046,null,null,null,null,null,null,null,null,null,null,null,null,0.05824279,0.00973377,0.28377563,0.012117139,"ELLIPSOIDAL",4,9.307814,null,null,null,null,null,null,null,null,null,null,null,null
375316653866487564,5887180877486104192,0.5332234,2138.8143733153343,2.298755892385392,8.580103E-6,18.516829,0.00980976,0.28436875,0.017231269,0.06780147,0.014863037,0.21426655,0.014304005,0.7910397,0.00547055,0.06953164,0.007825531,0.23481874,0.02271686,null,null,null,null,"TWOGAUSSIANS",8,2.8541825,0.7910397,0.00547055,0.3893772,0.03627651,0.23432162,0.022860467,0.28436875,0.017231269,0.37968823,0.059534468,0.21376944,0.013503376
375316653866487564,5887181083652120192,0.46969345,2159.6660687508947,2.4744689052748647,1.9709876E-5,15.847655,0.025657427,0.26400736,0.0061198324,0.12131325,0.023885388,0.12305787,0.022317924,0.79765093,0.0067117163,0.10117465,0.019400777,0.1221263,0.024005976,null,null,null,null,"TWOGAUSSIANS",8,25.730373,0.26398736,0.0060920953,0.4,0.0,0.10931121,0.008872891,0.79783094,0.006696873,0.4,0.0,0.10846052,0.015414932
375316653866487564,5887181427249514240,0.4804811,2153.276021146838,0.1962969845375339,1.5959244E-5,17.683271,0.0075474055,0.168258,0.022629656,0.027803684,0.0101050185,0.35216254,0.28346244,0.6656478,0.003207141,0.034976754,0.0033015977,0.1524708,0.01367595,null,null,null,null,"TWOGAUSSIANS",8,11.603499,0.168258,0.022629656,0.15570062,0.056588106,0.35216254,0.28346244,0.6656478,0.003207141,0.19586982,0.018488947,0.1524708,0.01367595
375316653866487564,5887181491625659520,0.5427685,2151.237520660602,3.000292549928559,1.1844793E-5,18.544392,0.013991453,0.3076899,0.0029062226,0.040695965,0.007689511,0.2759006,0.051615816,0.80396134,0.0047451137,0.052686196,0.006626564,0.40427205,0.08245523,0.10517891,0.018373149,0.3076899,0.0029062226,"TWOGAUSSIANS_WITH_ELLIPSOIDAL_ON_ECLIPSE1",9,8.231899,0.8043413,0.0042258296,0.2950427,0.03710876,0.6145215,0.086150624,0.3076899,0.0029062226,0.22789742,0.043061264,0.48625368,0.04605429
375316653866487564,5887181736482149376,0.479065,2160.600221254468,2.2772884348534426,3.1429776E-5,18.785166,0.01633859,0.2046603,0.0074064885,0.06914703,0.014895839,0.4286782,0.036462214,0.7201693,0.017412351,0.08801848,0.018795399,0.42246562,0.09764115,null,null,null,null,"TWOGAUSSIANS",8,17.421589,0.2046603,0.0074064885,0.38722336,0.04146962,0.4247884,0.039293256,0.7201693,0.017412351,0.4,4.4036712E-4,0.41857567,0.09991411
375316653866487564,5887182561115887232,0.56049985,2129.095194951652,2.2684142236214138,1.4603107E-5,19.429966,0.022154722,0.23962091,0.005186424,0.07147066,0.0067927632,0.5808418,0.035191976,0.7489867,0.0024705173,0.07759751,0.0049737976,0.50652486,0.020133259,null,null,null,null,"TWOGAUSSIANS",8,2.3760872,0.23962091,0.005186424,0.4,0.028041141,0.577693,0.035186313,0.7489867,0.0024705173,0.4,0.0,0.50337607,0.018742073
