Gaia/vari_eclipsing_binary/VariEclipsingBinary_682685-682808.csv
# %ECSV 1.0
# ---
# delimiter: ','
# meta: !!omap
# - RELEASE: Gaia DR3
# - TABLE: vari_eclipsing_binary
# - DESCRIPTION: >
#     This table describes the properties of the eclipsing binaries resulting from the variability analysis. 
# - CITATION: >
#     How to cite and acknowledge Gaia: 
#     https://gea.esac.esa.int/archive/documentation/credits.html 
# - KNOWN_ISSUES: >
#     Known issues: 
#     https://www.cosmos.esa.int/web/gaia-users/known-issues 
# - DOCUMENTATION: >
#     Tutorials and documentation: 
#     https://www.cosmos.esa.int/web/gaia-users/archive 
# datatype:
# - 
#   name: solution_id
#   datatype: int64
#   description: Solution Identifier
#   meta:
#     ucd: meta.version
# - 
#   name: source_id
#   datatype: int64
#   description: Unique source identifier
#   meta:
#     ucd: meta.id;meta.main
# - 
#   name: global_ranking
#   datatype: float32
#   description: Number between 0 (worst) and 1 (best)
#   meta:
#     ucd: stat.param
# - 
#   name: reference_time
#   datatype: float64
#   unit: d
#   description: Reference time used for the geometric model fit
#   meta:
#     ucd: time.epoch
# - 
#   name: frequency
#   datatype: float64
#   unit: d**-1
#   description: Frequency of geometric model of the eclipsing binary light curve
#   meta:
#     ucd: src.orbital
# - 
#   name: frequency_error
#   datatype: float32
#   unit: d**-1
#   description: "Uncertainty of \\texttt{frequency}"
#   meta:
#     ucd: stat.error
# - 
#   name: geom_model_reference_level
#   datatype: float32
#   unit: mag
#   description: Magnitude reference level of geometric model
#   meta:
#     ucd: phot.mag;em.opt
# - 
#   name: geom_model_reference_level_error
#   datatype: float32
#   unit: mag
#   description: "Uncertainty of \\texttt{geomModelReferenceLevel}"
#   meta:
#     ucd: stat.error;phot.mag;em.opt
# - 
#   name: geom_model_gaussian1_phase
#   datatype: float32
#   description: Phase of the Gaussian 1 component
#   meta:
#     ucd: time.phase
# - 
#   name: geom_model_gaussian1_phase_error
#   datatype: float32
#   description: "Uncertainty of \\texttt{geomModelGaussian1Phase}"
#   meta:
#     ucd: stat.error;time.phase
# - 
#   name: geom_model_gaussian1_sigma
#   datatype: float32
#   description: "Standard deviation [phase] of Gaussian 1 component"
#   meta:
#     ucd: stat.stdev
# - 
#   name: geom_model_gaussian1_sigma_error
#   datatype: float32
#   description: "Uncertainty of \\texttt{geomModelGaussian1Sigma}"
#   meta:
#     ucd: stat.error
# - 
#   name: geom_model_gaussian1_depth
#   datatype: float32
#   unit: mag
#   description: Magnitude depth of Gaussian 1 component
#   meta:
#     ucd: src.var.amplitude
# - 
#   name: geom_model_gaussian1_depth_error
#   datatype: float32
#   unit: mag
#   description: "Uncertainty of \\texttt{geomModelGaussian1Depth}"
#   meta:
#     ucd: stat.error;src.var.amplitude
# - 
#   name: geom_model_gaussian2_phase
#   datatype: float32
#   description: Phase of Gaussian 2 component
#   meta:
#     ucd: time.phase
# - 
#   name: geom_model_gaussian2_phase_error
#   datatype: float32
#   description: "Uncertainty of \\texttt{geomModelGaussian2Phase}"
#   meta:
#     ucd: stat.error;time.phase
# - 
#   name: geom_model_gaussian2_sigma
#   datatype: float32
[...]
#   datatype: float32
#   description: "Secondary eclipse: uncertainty of \\texttt{derivedSecondaryEclDuration}"
#   meta:
#     ucd: stat.error;time.duration
# - 
#   name: derived_secondary_ecl_depth
#   datatype: float32
#   unit: mag
#   description: "Secondary eclipse: depth"
#   meta:
#     ucd: src.var.amplitude
# - 
#   name: derived_secondary_ecl_depth_error
#   datatype: float32
#   unit: mag
#   description: "Secondary eclipse: uncertainty of \\texttt{derivedSecondaryEclDepth}"
#   meta:
#     ucd: stat.error;src.var.amplitude
solution_id,source_id,global_ranking,reference_time,frequency,frequency_error,geom_model_reference_level,geom_model_reference_level_error,geom_model_gaussian1_phase,geom_model_gaussian1_phase_error,geom_model_gaussian1_sigma,geom_model_gaussian1_sigma_error,geom_model_gaussian1_depth,geom_model_gaussian1_depth_error,geom_model_gaussian2_phase,geom_model_gaussian2_phase_error,geom_model_gaussian2_sigma,geom_model_gaussian2_sigma_error,geom_model_gaussian2_depth,geom_model_gaussian2_depth_error,geom_model_cosine_half_period_amplitude,geom_model_cosine_half_period_amplitude_error,geom_model_cosine_half_period_phase,geom_model_cosine_half_period_phase_error,model_type,num_model_parameters,reduced_chi2,derived_primary_ecl_phase,derived_primary_ecl_phase_error,derived_primary_ecl_duration,derived_primary_ecl_duration_error,derived_primary_ecl_depth,derived_primary_ecl_depth_error,derived_secondary_ecl_phase,derived_secondary_ecl_phase_error,derived_secondary_ecl_duration,derived_secondary_ecl_duration_error,derived_secondary_ecl_depth,derived_secondary_ecl_depth_error
[from data line 36]
375316653866487564,6005062164758383104,0.544266,2131.047604017888,0.11799037621396656,6.343215E-5,16.989391,0.0017851287,0.30114755,0.0016282079,0.008482135,8.005345E-4,0.47933337,0.035312615,0.7117908,0.01319829,0.007034228,0.0123570785,0.022862345,2.672665,0.009121426,0.002646602,0.7117908,0.01319829,"TWOGAUSSIANS_WITH_ELLIPSOIDAL_ON_ECLIPSE2",9,4.9680095,0.30112755,0.0016309395,0.047499955,0.0044829934,0.4924058,0.03492347,0.7117908,0.01319829,0.039391678,0.069199644,0.041105177,2.6727023
375316653866487564,6005062400974538240,0.6081391,2140.512285586369,2.6251693342868094,4.5277848E-6,17.66489,0.007136021,0.28423813,0.0025143747,0.089759365,0.003205348,0.28367406,0.007994895,0.78668404,0.0012225256,0.09580792,0.0038700125,0.24154566,0.008825841,null,null,null,null,"TWOGAUSSIANS",8,1.7882868,0.28423813,0.0025143747,0.4,0.0,0.27033365,0.00534535,0.78668404,0.0012225256,0.4,0.0,0.22820476,0.008511574
375316653866487564,6005064531278798208,0.61495274,2145.121201164159,1.30858224047745,2.3692186E-5,17.734503,0.0023615544,0.16685499,0.019455096,0.04448968,0.0111321015,0.016970793,0.004859456,0.52209324,0.002773916,0.043231234,0.0029111719,0.6652528,0.05204443,null,null,null,null,"TWOGAUSSIANS",8,3.1893702,0.52209324,0.002773916,0.2420949,0.016302563,0.6652528,0.05204443,0.16685499,0.019455096,0.24914223,0.062339768,0.016970793,0.004859456
375316653866487564,6005069376002794624,0.4705811,2127.0159070215473,4.9444815633401085,2.5762383E-5,18.395777,0.0035029694,0.17164707,0.0023327617,0.029636407,0.0020182293,0.33107516,0.030663904,0.8519265,0.013438323,0.015665451,0.007848861,0.26700294,0.28644812,null,null,null,null,"TWOGAUSSIANS",8,5.7984476,0.17164707,0.0023327617,0.16596389,0.011302084,0.33107516,0.030663904,0.8519265,0.013438323,0.087726526,0.04395362,0.26700294,0.28644812
375316653866487564,6005070647313586688,0.55103755,2136.701497336162,3.027039684320258,1.57987E-5,16.745565,0.10496217,0.23690115,0.0047608004,0.1214558,0.028673403,0.32219908,0.099936105,0.7417557,0.004666109,0.11001121,0.02464428,0.31711677,0.10270935,null,null,null,null,"TWOGAUSSIANS",8,16.31227,0.23689115,0.0047421297,0.4,0.0,0.2630319,0.011206216,0.7417857,0.004834807,0.4,0.0,0.2580648,0.012643657
375316653866487564,6005071575028520704,0.46134704,2130.2188605668466,2.3830224167041867,2.298262E-5,17.43653,0.002519497,null,null,null,null,null,null,null,null,null,null,null,null,0.04211735,0.0034451021,0.23115106,0.0068202717,"ELLIPSOIDAL",4,5.9774475,null,null,null,null,null,null,null,null,null,null,null,null
375316653866487564,6005074980941079808,0.5752385,2095.0917267648183,3.420101253750896,1.471782E-5,16.46207,0.020165933,0.28156102,0.003778939,0.04633751,0.044077773,0.12368321,null,0.7780744,0.0026737566,0.044189226,0.02019899,0.17899674,0.03425969,0.106841214,0.02463104,0.28156102,0.003778939,"TWOGAUSSIANS_WITH_ELLIPSOIDAL_ON_ECLIPSE1",9,23.976418,0.7786144,0.0025180555,0.24745966,0.113114335,0.39259246,0.065102436,0.28156102,0.003778939,0.25949007,0.24683551,0.33736554,null
375316653866487564,6005076900782499840,0.5131487,2135.4511905513764,1.1032387439686002,8.806993E-6,11.205002,0.005281174,0.23515546,0.0015311121,0.086994424,0.0023227185,0.22431165,0.0058446866,0.7365296,0.002173106,0.10128504,0.004199977,0.20999897,0.0059842407,null,null,null,null,"TWOGAUSSIANS",8,32.799755,0.23515546,0.0015311121,0.4,0.0,0.2118691,0.0039825407,0.7365296,0.002173106,0.4,0.0,0.1975543,0.0058007077
375316653866487564,6005077244379140608,0.44089523,2124.6973617562353,1.2962766952002174,4.0563315E-5,13.670019,0.0052710325,0.26497456,0.0048515,0.10122304,0.009116917,0.059278335,0.00620492,0.7512912,0.0034178763,0.103877716,0.013746946,0.06550237,0.00597035,null,null,null,null,"TWOGAUSSIANS",8,30.435036,0.7512912,0.0034178763,0.4,0.0,0.060086884,0.007287264,0.26498458,0.004843957,0.4,0.0,0.05386359,0.005245248
375316653866487564,6005078829230004352,0.4401967,2137.430488149976,3.889679228078268,3.4320932E-5,17.840216,0.007305564,0.10879159,0.009218485,0.027639294,0.00560595,0.087824464,0.017205438,0.3774051,0.044251755,0.096429,0.022060938,0.03150475,0.010177786,null,null,null,null,"TWOGAUSSIANS",8,4.322118,0.10895159,0.009224316,0.15478005,0.03139332,0.088476636,0.017080706,0.3774051,0.044251755,0.4,0.0,0.031504657,0.010177595
375316653866487564,6005082333925096576,0.4712068,2144.664702797966,0.026678169419928725,5.568755E-5,18.24697,0.020583007,0.2984278,0.016020939,0.14344226,0.026320003,0.13626415,0.019817727,0.75460166,0.023082517,0.06626658,0.029328287,0.16330947,0.7672619,null,null,null,null,"TWOGAUSSIANS",8,2.0229726,0.75460166,0.023082517,0.37109286,0.1222049,0.15509388,0.77327996,0.2984278,0.016020939,0.4,0.0,0.12707803,0.011263702
375316653866487564,6005087694036536576,0.5172195,2130.2335371014788,1.6765290042156302,1.4289403E-4,19.524158,0.003499167,0.1934011,0.018755868,0.032016214,0.023964709,0.054819882,0.035072025,0.66194177,0.0033920726,0.014185436,0.0027486482,0.48327157,0.048772775,null,null,null,null,"TWOGAUSSIANS",8,1.0210923,0.66194177,0.0033920726,0.07943844,0.01539243,0.48327157,0.048772775,0.1934011,0.018755868,0.17929079,0.13420236,0.054819882,0.035072025
375316653866487564,6005088106361231872,0.5079672,2095.1023221169785,2.4654583959299825,2.8728444E-5,16.216284,0.003962808,0.19523606,0.0014549753,0.0045531774,0.002798848,0.058805697,0.024000386,0.6971284,0.0033325823,0.0687905,0.017666006,0.011214496,0.013456579,0.05799617,0.005692924,0.6971284,0.0033325823,"TWOGAUSSIANS_WITH_ELLIPSOIDAL_ON_ECLIPSE2",9,20.353863,0.19524606,0.0014509951,0.025497794,0.01567355,0.17476617,0.031508893,0.6971284,0.0033325823,0.3852268,0.07737099,0.12719133,0.008362195
375316653866487564,6005090919555446784,0.5744142,2099.9983653418235,3.0828035667233022,9.367249E-6,17.932144,0.006780704,0.22037631,0.0016345285,0.08071336,0.0031295298,0.292742,0.00796317,0.7238132,0.0030055956,0.08449864,0.0040637637,0.3059585,0.009598288,null,null,null,null,"TWOGAUSSIANS",8,4.5292206,0.7238132,0.0030055956,0.4,0.0,0.3001924,0.009119234,0.22037631,0.0016345285,0.4,0.0,0.2869759,0.0074703447
375316653866487564,6005092573119616256,0.4196651,2159.2559782637463,1.325246928791256,3.0096762E-5,18.273308,0.020080673,0.13263033,0.0060120723,0.04878078,0.0065067103,0.3653418,0.05755531,0.37492213,0.0053792736,0.019076735,0.0057828105,0.32616296,0.25703594,null,null,null,null,"TWOGAUSSIANS",8,11.845028,0.13263033,0.0060120723,0.27317235,0.03643758,0.3653418,0.05755531,0.37492213,0.0053792736,0.10682972,0.032383736,0.32616457,0.25703555
375316653866487564,6005092744926329984,0.54933864,2132.205715416362,2.03462540030712,1.6242086E-5,16.858753,0.016366564,0.25001183,0.0047605094,0.12140015,0.017504087,0.11119865,0.014487873,0.75117,0.004732077,0.10052821,0.01028373,0.1652203,0.015824992,null,null,null,null,"TWOGAUSSIANS",8,3.357316,0.75117,0.0047473614,0.4,0.0,0.14478543,0.005405612,0.25001183,0.0047605094,0.4,0.0,0.09071906,0.0045725694
375316653866487564,6005092744926480768,0.47352785,2141.065173642677,1.7200290239988303,4.886897E-5,15.292202,0.1220255,0.2960812,0.008964545,0.19488539,0.07503827,0.60560757,0.20321119,0.7900441,0.011020709,0.20757633,0.09311081,0.5975227,0.18106015,null,null,null,null,"TWOGAUSSIANS",8,74.91749,0.30121118,0.006926746,0.4,0.0,0.12559155,0.008989814,0.7900441,0.011020709,0.4,0.0,0.096771866,0.008687738
375316653866487564,6005096107880227328,0.5998487,2131.6497027273494,4.239359635902771,1.1637719E-5,18.583862,0.0052125263,0.2147389,0.001867731,0.070267275,0.0021607701,0.46222767,0.01969348,0.71866906,0.0034343032,0.07655367,0.0035265728,0.53095716,0.01401169,null,null,null,null,"TWOGAUSSIANS",8,1.7930896,0.71866906,0.0034343032,0.4,0.0,0.52821076,0.014219941,0.2147389,0.001867731,0.39349675,0.012100313,0.45948127,0.019953897
375316653866487564,6005103946201406208,0.43666157,2107.9647732390868,1.5388903715571935,2.6563162E-5,18.098667,0.005573975,0.36623436,0.033358403,0.10065028,0.03794047,0.09332972,0.017533435,0.7970254,9.670569E-4,0.006951945,0.0010681683,0.3325096,0.14008527,null,null,null,null,"TWOGAUSSIANS",8,8.112315,0.7970254,9.670569E-4,0.03893089,0.0059817424,0.3325186,0.14007972,0.36623436,0.033358403,0.4,0.03511303,0.09332891,0.017537968
375316653866487564,6005105488091022976,0.5475713,2124.5611583658,3.215513472225655,1.4359028E-5,18.022774,0.041164443,0.28200603,0.0034105612,0.108042434,0.008202258,0.50930995,0.04155772,0.7919142,0.0036184322,0.11249258,0.010926205,0.4635181,0.036926962,null,null,null,null,"TWOGAUSSIANS",8,12.104857,0.28198603,0.0034101023,0.4,0.0,0.44237837,0.0183364,0.79192424,0.0036222148,0.4,0.0,0.39656022,0.021763751
375316653866487564,6005105526749387008,0.5001352,2115.023486390726,2.426700088913502,4.5027497E-5,15.58004,0.006052466,0.15274465,0.04252384,0.01950627,0.033587832,0.01727397,0.039226837,0.71938276,0.0033829897,0.07050274,0.045578,0.005357235,0.026309583,0.085562594,0.00770636,0.71938276,0.0033829897,"TWOGAUSSIANS_WITH_ELLIPSOIDAL_ON_ECLIPSE2",9,57.59128,0.71938276,0.0033829897,0.39481536,0.1394694,0.17647237,0.02130613,0.21864465,0.109696664,0.109235115,0.18809184,0.17116886,0.035157308
375316653866487564,6005114215463177216,0.467701,2103.1971393076496,3.5376057738603874,2.671706E-5,16.75732,0.40716943,0.18446043,0.005312452,0.15238166,0.0581452,0.34771183,0.29351166,0.68542874,0.0052171513,0.22451189,0.111627355,0.46004596,0.40167093,null,null,null,null,"TWOGAUSSIANS",8,14.144276,0.68559873,0.005420783,0.4,0.0,0.12773678,0.0069069983,0.18380043,0.005874078,0.4,0.0,0.08922782,0.010409353
375316653866487564,6005117724456253056,0.57059604,2139.8865251361317,2.1269913652477146,1.19372235E-5,13.556195,0.019861652,0.30706507,0.0030794614,0.05290048,0.004740872,0.31166103,0.044850364,0.80053353,0.009992954,0.049747743,0.097439215,0.027468396,4.4783664E12,0.05541661,0.026317028,0.80053353,0.009992954,"TWOGAUSSIANS_WITH_ELLIPSOIDAL_ON_ECLIPSE2",9,489.06165,0.30658507,0.002588398,0.29624268,0.026548883,0.4223178,0.014049676,0.80053353,0.009992954,0.27858734,0.54512435,0.13829817,4.4783664E12
375316653866487564,6005118823967896064,0.64726985,2113.017807901807,2.2144780945964855,7.334849E-6,17.473688,0.0028942304,0.27975968,0.004508765,0.07309282,0.0047258274,0.114442796,0.008311919,0.7859274,0.001053453,0.064968444,0.0014385236,0.45057547,0.0060268114,null,null,null,null,"TWOGAUSSIANS",8,2.1081438,0.7859274,0.001053453,0.36382326,0.008055733,0.45006186,0.0059981914,0.27975968,0.004508765,0.4,0.0022942142,0.11392918,0.008352122
375316653866487564,6005120778173439104,0.4428298,2138.343717926815,3.429108725110095,4.180406E-5,18.645563,0.0047939606,null,null,null,null,null,null,null,null,null,null,null,null,0.05151228,0.007719542,0.26663214,0.008842214,"ELLIPSOIDAL",4,5.2621713,null,null,null,null,null,null,null,null,null,null,null,null
375316653866487564,6005121057351002624,0.5189469,2124.2800830658007,0.22972003302315377,5.0185394E-4,16.652306,0.0012393978,0.1531309,0.0059248963,0.0077406485,0.0017716355,0.23194969,0.14545855,0.8405667,0.0058658924,0.02319735,0.004504827,0.021186098,0.0019999146,null,null,null,null,"TWOGAUSSIANS",8,3.8035722,0.1531309,0.0059248963,0.043347634,0.009921159,0.23194969,0.14545855,0.8405667,0.0058658924,0.12990515,0.02522703,0.021186098,0.0019999146
375316653866487564,6005122358716356864,0.5274237,2120.451618694549,4.233615188149486,2.2708971E-5,18.493286,0.038196262,0.22625981,0.003302762,0.11447131,0.013140698,0.3124403,0.03546001,0.7282877,0.005500121,0.10547169,0.014765646,0.28397402,0.034181707,null,null,null,null,"TWOGAUSSIANS",8,3.2205846,0.22625981,0.0033093456,0.4,0.0,0.2683699,0.0108980285,0.7282877,0.00550748,0.4,0.0,0.23994122,0.012373332
375316653866487564,6005126619329128832,0.5748957,2144.1478861897062,3.702194026925912,9.055107E-6,19.25544,0.007447333,0.3052857,0.005337803,0.08417791,0.0057293233,0.31162417,0.0080380505,0.81263226,0.0037072808,0.0735904,0.0041594203,0.39438418,0.023675978,null,null,null,null,"TWOGAUSSIANS",8,0.9379043,0.81263226,0.0037072808,0.4,2.3868759E-5,0.39044774,0.024285156,0.3052857,0.005337803,0.4,0.0,0.3076877,0.0075305514
375316653866487564,6005129681644542592,0.62536466,2147.4513280362485,3.659358113538564,4.9802134E-6,17.973705,0.015248858,0.24727827,0.0023155892,0.04829993,0.0048076464,0.2742272,0.027869657,0.756016,0.0016332449,0.05069733,0.0034369994,0.42193052,0.030640246,0.105565764,0.0169363,0.756016,0.0016332449,"TWOGAUSSIANS_WITH_ELLIPSOIDAL_ON_ECLIPSE2",9,5.815929,0.756016,0.0016332449,0.28390506,0.019247197,0.6330588,0.016746132,0.24835828,0.0019906678,0.27047962,0.02692282,0.48479852,0.008565728
375316653866487564,6005130879937832704,0.43120992,2152.6967297534084,0.6372801804890154,2.5403095E-5,17.302547,0.0114056,0.16081135,0.011846278,0.026845321,0.0070488504,0.26197764,0.035449296,0.5189894,0.0013379233,0.0129448995,0.0016715968,0.17091227,0.03813614,null,null,null,null,"TWOGAUSSIANS",8,13.7587,0.16081135,0.011846278,0.15033379,0.03947356,0.26197764,0.035449296,0.5189894,0.0013379233,0.07249144,0.009360942,0.17091227,0.03813614
375316653866487564,6005130948650425856,0.49343988,2142.85673900306,3.9493322325285294,7.7285E-5,19.072851,0.015892621,0.26822656,0.008548464,0.07865957,0.017819919,0.16023962,0.014027797,0.7443299,0.008411503,0.088094115,0.014421808,0.11512463,0.015996112,null,null,null,null,"TWOGAUSSIANS",8,1.2953643,0.26822656,0.008548464,0.4,0.0,0.15831332,0.010962823,0.7443299,0.008411503,0.4,0.0,0.113198265,0.012262859
375316653866487564,6005138645232214016,0.48667616,2108.536648948871,2.4339621953929855,5.387875E-5,17.066128,0.12054494,0.28234416,0.012740455,0.11428868,0.028821792,0.23702678,0.10321117,0.7445376,0.008013085,0.15431316,0.04886125,0.23315808,0.11441489,null,null,null,null,"TWOGAUSSIANS",8,21.08552,0.28463417,0.00950889,0.4,0.0,0.17791231,0.01590372,0.7445376,0.008013085,0.4,0.0,0.17090434,0.014529615
375316653866487564,6005138786972580864,0.61360276,2098.2175226187,2.072284524200952,1.246229E-5,16.973276,0.0022932421,0.22805925,0.0026104888,0.02006513,0.0019451717,0.43237233,0.02431395,0.72875017,0.026733797,0.017216124,0.008316843,0.4927255,0.3401635,0.0077809235,0.0027916243,0.22805925,0.0026104888,"TWOGAUSSIANS_WITH_ELLIPSOIDAL_ON_ECLIPSE1",9,6.995859,0.72875017,0.026733797,0.09641029,0.04657432,0.5082871,0.34114328,0.22805925,0.0026104888,0.11236473,0.010892961,0.44793418,0.024195323
375316653866487564,6005139744744028544,0.53296953,2114.289441871562,3.6827336142027662,9.97179E-6,18.867052,0.021007044,0.2911351,0.003806815,0.090214655,0.007236975,0.40721086,0.026878672,0.77891695,0.0037071346,0.08949693,0.0076058814,0.335171,0.019387303,null,null,null,null,"TWOGAUSSIANS",8,3.35971,0.2911351,0.003806815,0.4,0.0,0.3944922,0.026604533,0.77891695,0.0037071346,0.4,0.0,0.32245243,0.013514744
375316653866487564,6005139852124475648,0.4416953,2144.6634509661876,0.047824422297934856,1.5543686E-4,17.310286,0.015554165,0.2567165,0.019516373,0.14211053,0.050485786,0.05899104,0.013122273,0.75090796,0.013641261,0.07112155,0.030687345,0.05844645,0.022601198,null,null,null,null,"TWOGAUSSIANS",8,3.9538493,0.2567165,0.019516373,0.4,0.0,0.052391447,0.0054150065,0.75090796,0.013645415,0.3982807,0.13946678,0.052091114,0.025127446
375316653866487564,6005140603737574144,0.5642845,2125.8902871021046,2.864353511465505,1.7576735E-5,16.472506,0.013733311,0.28871235,0.0043489803,0.09797408,0.009347705,0.27509725,0.012770242,0.7863968,0.0030552058,0.09263951,0.005306022,0.30646923,0.016055565,null,null,null,null,"TWOGAUSSIANS",8,19.559395,0.7863968,0.0030552058,0.4,0.0,0.28848588,0.012786329,0.28871235,0.0043489803,0.4,0.0,0.25711295,0.010219485
375316653866487564,6005142669623112832,0.5538128,2113.5008710688976,3.2923570007081797,1.8927152E-5,17.581772,0.0033950792,0.25021487,0.0019070903,0.080688156,0.002290134,0.33031583,0.0062569208,0.7479739,0.002669898,0.08357798,0.0036812173,0.325483,0.009393219,null,null,null,null,"TWOGAUSSIANS",8,4.8863807,0.25021487,0.0019070903,0.4,0.0,0.32419658,0.0062403195,0.7479739,0.002669898,0.4,0.0,0.31936374,0.009964008
