Gaia/vari_eclipsing_binary/VariEclipsingBinary_468883-468901.csv
# %ECSV 1.0
# ---
# delimiter: ','
# meta: !!omap
# - RELEASE: Gaia DR3
# - TABLE: vari_eclipsing_binary
# - DESCRIPTION: >
#     This table describes the properties of the eclipsing binaries resulting from the variability analysis. 
# - CITATION: >
#     How to cite and acknowledge Gaia: 
#     https://gea.esac.esa.int/archive/documentation/credits.html 
# - KNOWN_ISSUES: >
#     Known issues: 
#     https://www.cosmos.esa.int/web/gaia-users/known-issues 
# - DOCUMENTATION: >
#     Tutorials and documentation: 
#     https://www.cosmos.esa.int/web/gaia-users/archive 
# datatype:
# - 
#   name: solution_id
#   datatype: int64
#   description: Solution Identifier
#   meta:
#     ucd: meta.version
# - 
#   name: source_id
#   datatype: int64
#   description: Unique source identifier
#   meta:
#     ucd: meta.id;meta.main
# - 
#   name: global_ranking
#   datatype: float32
#   description: Number between 0 (worst) and 1 (best)
#   meta:
#     ucd: stat.param
# - 
#   name: reference_time
#   datatype: float64
#   unit: d
#   description: Reference time used for the geometric model fit
#   meta:
#     ucd: time.epoch
# - 
#   name: frequency
#   datatype: float64
#   unit: d**-1
#   description: Frequency of geometric model of the eclipsing binary light curve
#   meta:
#     ucd: src.orbital
# - 
#   name: frequency_error
#   datatype: float32
#   unit: d**-1
#   description: "Uncertainty of \\texttt{frequency}"
#   meta:
#     ucd: stat.error
# - 
#   name: geom_model_reference_level
#   datatype: float32
#   unit: mag
#   description: Magnitude reference level of geometric model
#   meta:
#     ucd: phot.mag;em.opt
# - 
#   name: geom_model_reference_level_error
#   datatype: float32
#   unit: mag
#   description: "Uncertainty of \\texttt{geomModelReferenceLevel}"
#   meta:
#     ucd: stat.error;phot.mag;em.opt
# - 
#   name: geom_model_gaussian1_phase
#   datatype: float32
#   description: Phase of the Gaussian 1 component
#   meta:
#     ucd: time.phase
# - 
#   name: geom_model_gaussian1_phase_error
#   datatype: float32
#   description: "Uncertainty of \\texttt{geomModelGaussian1Phase}"
#   meta:
#     ucd: stat.error;time.phase
# - 
#   name: geom_model_gaussian1_sigma
#   datatype: float32
#   description: "Standard deviation [phase] of Gaussian 1 component"
#   meta:
#     ucd: stat.stdev
# - 
#   name: geom_model_gaussian1_sigma_error
#   datatype: float32
#   description: "Uncertainty of \\texttt{geomModelGaussian1Sigma}"
#   meta:
#     ucd: stat.error
# - 
#   name: geom_model_gaussian1_depth
#   datatype: float32
#   unit: mag
#   description: Magnitude depth of Gaussian 1 component
#   meta:
#     ucd: src.var.amplitude
# - 
#   name: geom_model_gaussian1_depth_error
#   datatype: float32
#   unit: mag
#   description: "Uncertainty of \\texttt{geomModelGaussian1Depth}"
#   meta:
#     ucd: stat.error;src.var.amplitude
# - 
#   name: geom_model_gaussian2_phase
#   datatype: float32
#   description: Phase of Gaussian 2 component
#   meta:
#     ucd: time.phase
# - 
#   name: geom_model_gaussian2_phase_error
#   datatype: float32
#   description: "Uncertainty of \\texttt{geomModelGaussian2Phase}"
#   meta:
#     ucd: stat.error;time.phase
# - 
#   name: geom_model_gaussian2_sigma
#   datatype: float32
[...]
#   datatype: float32
#   description: "Secondary eclipse: uncertainty of \\texttt{derivedSecondaryEclDuration}"
#   meta:
#     ucd: stat.error;time.duration
# - 
#   name: derived_secondary_ecl_depth
#   datatype: float32
#   unit: mag
#   description: "Secondary eclipse: depth"
#   meta:
#     ucd: src.var.amplitude
# - 
#   name: derived_secondary_ecl_depth_error
#   datatype: float32
#   unit: mag
#   description: "Secondary eclipse: uncertainty of \\texttt{derivedSecondaryEclDepth}"
#   meta:
#     ucd: stat.error;src.var.amplitude
solution_id,source_id,global_ranking,reference_time,frequency,frequency_error,geom_model_reference_level,geom_model_reference_level_error,geom_model_gaussian1_phase,geom_model_gaussian1_phase_error,geom_model_gaussian1_sigma,geom_model_gaussian1_sigma_error,geom_model_gaussian1_depth,geom_model_gaussian1_depth_error,geom_model_gaussian2_phase,geom_model_gaussian2_phase_error,geom_model_gaussian2_sigma,geom_model_gaussian2_sigma_error,geom_model_gaussian2_depth,geom_model_gaussian2_depth_error,geom_model_cosine_half_period_amplitude,geom_model_cosine_half_period_amplitude_error,geom_model_cosine_half_period_phase,geom_model_cosine_half_period_phase_error,model_type,num_model_parameters,reduced_chi2,derived_primary_ecl_phase,derived_primary_ecl_phase_error,derived_primary_ecl_duration,derived_primary_ecl_duration_error,derived_primary_ecl_depth,derived_primary_ecl_depth_error,derived_secondary_ecl_phase,derived_secondary_ecl_phase_error,derived_secondary_ecl_duration,derived_secondary_ecl_duration_error,derived_secondary_ecl_depth,derived_secondary_ecl_depth_error
[from data line 221]
375316653866487564,4124394220363934848,0.6372651,2401.795937782363,0.6502322276245822,2.4766012E-5,18.414125,0.0063739675,0.27021024,0.0012355233,0.027495721,8.991762E-4,2.007384,0.10211401,0.77067417,0.0038302133,0.026969522,0.0054002157,0.10822485,0.017496154,0.02658653,0.008751006,0.27021024,0.0012355233,"TWOGAUSSIANS_WITH_ELLIPSOIDAL_ON_ECLIPSE1",9,6.630206,0.27021024,0.0012355233,0.15397604,0.005035387,2.060557,0.10216499,0.77067417,0.00382248,0.15102933,0.030241208,0.16139738,0.013795726
375316653866487564,4124394495273675008,0.6592492,2402.249302061588,0.26742406434917104,4.435007E-6,16.541533,0.0022257096,0.26895484,0.006381077,0.03086691,0.007699056,0.15439981,0.1119352,0.76554906,6.5471843E-4,0.024504174,0.0012961256,0.85685146,0.10338489,0.026716582,0.0037110448,0.26895484,0.006381077,"TWOGAUSSIANS_WITH_ELLIPSOIDAL_ON_ECLIPSE1",9,7.121501,0.765559,6.5426674E-4,0.13722336,0.0072583035,0.9102602,0.10511032,0.26895484,0.006381077,0.17285469,0.043114714,0.20783298,0.11408881
375316653866487564,4124395354235596544,0.50756395,2425.8966518750412,0.04688726016470102,1.1336324E-5,15.850862,0.0027493895,0.45113975,0.0074202046,0.01063323,0.0041692606,0.050519112,0.019539265,0.7145113,7.517718E-4,0.003756662,4.7211486E-4,0.370748,0.03593098,0.015604059,0.0034445645,0.7145113,7.517718E-4,"TWOGAUSSIANS_WITH_ELLIPSOIDAL_ON_ECLIPSE2",9,47.116135,0.7145113,7.517718E-4,0.021037307,0.0026438432,0.4019559,0.035819355,0.45106977,0.0075631603,0.059546087,0.023347858,0.050739836,0.01935238
375316653866487564,4124395762226015744,0.5584752,2402.391688031587,2.4360786177570346,9.4968955E-6,16.364288,0.009973477,0.2873361,0.0028143579,0.093205065,0.0055728657,0.2790836,0.010536252,0.78388053,0.002709731,0.090636775,0.0059874,0.2878138,0.012404827,null,null,null,null,"TWOGAUSSIANS",8,30.725153,0.78388053,0.002709731,0.4,0.0,0.27448523,0.013017412,0.2873361,0.0028143579,0.4,0.0,0.26575485,0.009740099
375316653866487564,4124395835266817920,0.56261677,2414.449595064009,1.9360000359728022,6.998857E-6,17.718174,0.010696389,0.29330206,0.002264698,0.09363733,0.006834161,0.14467621,0.010336172,0.7799634,0.0015909098,0.09006774,0.004731514,0.21950296,0.009977006,null,null,null,null,"TWOGAUSSIANS",8,2.0763352,0.7799634,0.0015909098,0.4,0.0,0.21237673,0.0067453785,0.29330206,0.002264698,0.4,0.0,0.13754986,0.006989175
375316653866487564,4124395869626775424,0.5055722,2420.1956066281596,3.239870179188249,1.5580952E-5,19.058577,0.027805906,0.2215411,0.0073710047,0.102802485,0.013699987,0.2891644,0.028451638,0.71906126,0.0039778696,0.10087896,0.0097669,0.32469198,0.025995899,null,null,null,null,"TWOGAUSSIANS",8,2.906261,0.71906126,0.0039778696,0.4,0.0,0.29549974,0.015264217,0.2215411,0.0073710047,0.4,0.0,0.2599709,0.015662186
375316653866487564,4124395938346305408,0.56662875,2431.081059776543,1.2704993158183258,8.655756E-6,18.911718,0.0036024053,0.17550309,0.0062346663,0.038239203,0.006240764,0.1217265,0.014081013,0.67043996,9.3348086E-4,0.037491202,8.4049144E-4,0.6182515,0.014031597,null,null,null,null,"TWOGAUSSIANS",8,2.1529865,0.67043996,9.3348086E-4,0.20995073,0.004706752,0.6182515,0.014031597,0.17550309,0.0062346663,0.21413954,0.03494828,0.1217265,0.014081014
375316653866487564,4124396213260390016,0.4731715,2413.612969051222,0.20423305646752843,1.8095929E-5,18.269323,0.003526927,0.49340698,0.0061369534,0.034784574,0.006015537,0.08178381,0.033975594,0.76948273,0.0038781029,0.0041835606,0.0025415167,0.26607695,0.43950257,0.014414847,0.005723678,0.76948273,0.0038781029,"TWOGAUSSIANS_WITH_ELLIPSOIDAL_ON_ECLIPSE2",9,3.9189441,0.76948273,0.0038781029,0.023427939,0.014232493,0.2949064,0.4401437,0.492517,0.0063494747,0.19479361,0.033687007,0.08257651,0.034069613
375316653866487564,4124396350662872448,0.5718942,2448.4774475280706,3.0143193712830114,1.178953E-5,19.62237,0.006422509,0.21090595,0.0014449697,0.04046918,0.0035049606,0.33601326,0.039629627,0.70952004,0.0029039949,0.04970525,0.0038080467,0.39941046,0.028113043,0.1366566,0.013572448,0.21090595,0.0014449697,"TWOGAUSSIANS_WITH_ELLIPSOIDAL_ON_ECLIPSE1",9,1.1646833,0.70968,0.0025420738,0.2783494,0.021325063,0.6727042,0.027313808,0.21090595,0.0014449697,0.22662742,0.019627778,0.6093253,0.040333673
375316653866487564,4124396689934188928,0.4814615,2421.2980987034484,2.5523493139225573,2.7276004E-5,18.974522,0.0120131085,0.17911375,0.005130995,0.087341465,0.0097683845,0.18129571,0.014308678,0.69518036,0.005590918,0.097131506,0.009343421,0.22670454,0.017430026,null,null,null,null,"TWOGAUSSIANS",8,2.6924,0.69518036,0.005590918,0.4,0.0,0.21856886,0.017540041,0.17911375,0.005130995,0.4,0.0,0.17316107,0.013635626
375316653866487564,4124396694296792064,0.49838945,2426.9817801687354,0.13496601504826244,4.4722172E-5,18.64623,0.0034279018,0.28140914,2.790985E-4,0.006934469,4.6670507E-4,0.34813276,0.035819277,0.12676859,0.04987656,0.05332634,0.040441,0.029774701,0.019115588,null,null,null,null,"TWOGAUSSIANS",8,2.2548683,0.28140914,2.8197176E-4,0.038833026,0.0026135484,0.34857714,0.035621166,0.12676859,0.04987656,0.2986275,0.12127864,0.029774701,0.01911559
375316653866487564,4124397175333201792,0.53518945,2399.432966077836,2.9682630476664986,1.56166E-5,18.881191,0.019814763,0.32487288,0.004591907,0.09235716,0.0053043426,0.5051553,0.026468597,0.8157647,0.004913622,0.096501514,0.008736906,0.44312263,0.020106634,null,null,null,null,"TWOGAUSSIANS",8,5.226981,0.32487288,0.004591907,0.4,0.0,0.4802082,0.021177147,0.8157647,0.004913622,0.4,0.0,0.41817448,0.016419776
375316653866487564,4124397587614711168,0.5027394,2412.8775489283776,2.622489853018691,1.3887753E-5,18.779476,0.010262184,0.17334929,0.002778589,0.0749581,0.00490864,0.396054,0.017574687,0.6736249,0.0035821171,0.072131865,0.0045004813,0.44676048,0.036182396,null,null,null,null,"TWOGAUSSIANS",8,7.857122,0.6736249,0.0035821171,0.4,0.009449371,0.44417638,0.03649979,0.17334929,0.002778589,0.4,0.0,0.3934699,0.017893806
375316653866487564,4124397720726685824,0.49307874,2444.011901669923,2.50108636153096,1.7828632E-5,19.29329,0.0161555,0.25245154,0.0062749065,0.034511738,0.015762895,0.20436391,0.08425039,0.7646416,0.010032088,0.048681963,0.011287696,0.3452013,0.0710724,0.12990215,0.023060087,0.25245154,0.0062749065,"TWOGAUSSIANS_WITH_ELLIPSOIDAL_ON_ECLIPSE1",9,11.340318,0.7646416,0.010032088,0.27261898,0.06321109,0.6034843,0.064003855,0.25245154,0.0062749065,0.19326574,0.08827221,0.46416804,0.08584801
375316653866487564,4124399370014116096,0.49366164,2404.2041613263114,2.1514705041409363,1.5112585E-5,18.58936,0.008496292,0.22667503,0.002172807,0.028732017,0.0054334034,0.25564688,0.058529947,0.74041134,0.015067556,0.035337556,0.013554744,0.1140175,0.050553065,0.13642667,0.015674695,0.22667503,0.002172807,"TWOGAUSSIANS_WITH_ELLIPSOIDAL_ON_ECLIPSE1",9,10.497302,0.22667503,0.002172807,0.1608993,0.03042706,0.52849984,0.060509957,0.74041134,0.015067556,0.19789033,0.07590657,0.38484296,0.05348603
375316653866487564,4124399683563026688,0.4259107,2432.111521201377,3.514699134810049,4.2545264E-5,18.39788,0.008936057,0.48791927,0.0100278575,0.021175547,0.0058440743,0.31961077,0.037225813,0.8337752,0.014028868,0.070922546,0.013083778,0.16885248,0.025373518,null,null,null,null,"TWOGAUSSIANS",8,7.5342455,0.48791927,0.0100278575,0.11858306,0.032726817,0.31961194,0.037224837,0.8337752,0.014028868,0.39716625,0.033312388,0.16885248,0.025373518
375316653866487564,4124400061551664000,0.52337295,2432.604764912457,2.4004178873751094,1.2481042E-5,18.498003,0.016811758,0.21667112,0.0019035946,0.071301155,0.00393684,0.48484734,0.018744815,0.7180359,0.0048868204,0.084985115,0.0066750254,0.38278484,0.019674586,null,null,null,null,"TWOGAUSSIANS",8,9.076244,0.21667112,0.0019035946,0.39928645,0.015166222,0.47990954,0.017917158,0.7180359,0.0048868204,0.4,0.0,0.37784705,0.018115645
375316653866487564,4124400542588093440,0.53578156,2429.828231463069,1.3336653145565858,3.8112178E-6,18.09103,0.002209654,0.26354197,7.63549E-4,0.047257837,0.0012557781,0.26285332,0.007937425,0.7695905,0.006663507,0.052219894,0.005349935,0.05460848,0.004821564,null,null,null,null,"TWOGAUSSIANS",8,2.0713115,0.26354197,7.63549E-4,0.2646439,0.007032357,0.2628528,0.007937475,0.7695905,0.006663507,0.2924314,0.029959636,0.054607935,0.0048215995
375316653866487564,4124400611307498112,0.43458033,2400.383209922293,2.0560527990416277,2.7130453E-5,18.81011,0.003653334,0.19880182,0.0010457693,0.014655244,0.0045086993,0.11263825,0.019463612,0.43545964,3.2473436E-5,0.00618038,1.0091684E-4,0.6287111,0.00653502,null,null,null,null,"TWOGAUSSIANS",8,1.9720681,0.43545964,3.2473436E-5,0.034610126,5.6513434E-4,0.6287111,0.00653502,0.19880182,0.0010457693,0.08206937,0.025248716,0.11263825,0.019463612
375316653866487564,4124400714351293824,0.5665326,2405.711653715731,2.5030623867564894,9.310518E-6,18.930689,0.007879454,0.23682658,0.0033785992,0.07971009,0.0037510272,0.41382587,0.015301439,0.7414894,0.0019565872,0.08619629,0.0029598833,0.39183375,0.011517722,null,null,null,null,"TWOGAUSSIANS",8,2.2009528,0.23682658,0.0033785992,0.4,0.0,0.40595815,0.015227673,0.7414894,0.0019565872,0.4,0.0,0.38396603,0.011040142
375316653866487564,4124400920545202176,0.57027537,2408.102270032256,1.232458343651702,7.917434E-6,16.83324,0.012695141,0.26018482,0.0013432568,0.10793686,0.006935906,0.1546849,0.011749428,0.75711924,0.0020424174,0.121692084,0.009895054,0.14114575,0.011339361,null,null,null,null,"TWOGAUSSIANS",8,2.4507163,0.26020482,0.001354753,0.4,0.0,0.12809056,0.0021879503,0.75711924,0.0020424174,0.4,0.0,0.11449699,0.00361365
375316653866487564,4124401470266738304,0.4307485,2457.923647315074,3.309932254024409,1.1208001E-4,19.257357,1.3939261,0.35411218,0.0081114005,0.11441519,0.08265504,0.5074717,1.114299,0.8608896,0.01499272,0.12987041,0.18721059,0.39155415,1.357992,null,null,null,null,"TWOGAUSSIANS",8,18.293749,0.3540422,0.0063937227,0.4,0.0,0.40591577,0.06629244,0.8609196,0.0152144255,0.4,0.0,0.28959057,0.052873183
375316653866487564,4124401710819256704,0.6912324,2399.331758459844,0.35598537672875485,3.36065E-6,16.151754,0.0010972004,0.24472213,3.113214E-4,0.0248793,3.4547702E-4,0.65847653,0.013445394,0.74477994,3.3914964E-4,0.023482736,0.0016433992,0.16539355,0.01843175,0.02300615,0.0014723311,0.24472213,3.113214E-4,"TWOGAUSSIANS_WITH_ELLIPSOIDAL_ON_ECLIPSE1",9,3.921558,0.24472213,3.113214E-4,0.13932408,0.0019346714,0.70448875,0.013772717,0.74477994,3.3914964E-4,0.13150331,0.009203036,0.21140575,0.01860079
375316653866487564,4124401740820460160,0.47489324,2415.8533797560976,0.5091729422563596,9.5738695E-5,19.670692,0.005573871,0.0879497,0.0140222125,0.01392227,0.012494866,0.70022315,37.994255,0.5847866,0.0060679396,0.013125723,0.011548733,0.5052023,0.44039997,null,null,null,null,"TWOGAUSSIANS",8,3.796435,0.0879497,0.0140222125,0.077964716,0.06997125,0.70022315,37.994255,0.5847866,0.0060679396,0.07350405,0.0646729,0.5052023,0.44039997
375316653866487564,4124401779538743936,0.4414884,2453.6928418445596,0.07264407005756039,9.274673E-5,18.453865,0.02195575,0.12812816,0.066657044,0.052862003,0.07455804,0.06302928,0.013169357,0.67445177,0.008819871,0.06144605,0.021413788,0.6423777,0.4166115,null,null,null,null,"TWOGAUSSIANS",8,5.953604,0.67445177,0.008819871,0.34409785,0.07499682,0.64237297,0.4168106,0.12812816,0.066657044,0.2960272,0.15732968,0.06302461,0.013101344
375316653866487564,4124402397978374912,0.4326102,2493.312243154316,3.9004081784347973,1.1688103E-4,19.4679,0.009197831,0.6295193,0.0013212167,0.014648484,0.007872357,0.9640053,20.46977,0.8957284,0.017179912,0.026164552,0.03469728,0.062677085,0.20932783,0.055525884,0.018119574,0.8957284,0.017179912,"TWOGAUSSIANS_WITH_ELLIPSOIDAL_ON_ECLIPSE2",9,3.429353,0.6294893,0.0012750694,0.08203151,0.0440852,0.96515465,20.46973,0.8957284,0.017179912,0.1465215,0.19430476,0.1737281,0.21320221
375316653866487564,4124402707216480896,0.6207933,2400.531221004828,2.0860558875332362,5.0799354E-6,17.793074,0.00353221,0.2863472,0.0012023073,0.08092934,0.0015651148,0.38255176,0.004645755,0.7897903,0.002258031,0.08515623,0.0030491555,0.3405013,0.0069417767,null,null,null,null,"TWOGAUSSIANS",8,2.7284026,0.2863472,0.0012023073,0.4,0.0,0.37526953,0.0042733653,0.7897903,0.002258031,0.4,0.0,0.33321905,0.0070792246
375316653866487564,4124403394415155840,0.49970043,2440.4353831348976,3.202240866511959,1.3488517E-5,19.612686,0.08988695,0.29650572,0.007861885,0.12616853,0.03588344,0.27967542,0.079650864,0.7850758,0.006517368,0.11475148,0.02106719,0.3648453,0.08813918,null,null,null,null,"TWOGAUSSIANS",8,1.7585409,0.7850758,0.006517368,0.4,0.0,0.2987553,0.013985897,0.29655573,0.007895436,0.4,0.0,0.21341473,0.02402256
375316653866487564,4124403566210580608,0.5416348,2427.282533351355,2.1434058060662893,1.4369469E-5,19.115215,0.008258195,0.25022003,0.0033729628,0.07905403,0.0038242764,0.39060238,0.01135939,0.74005026,0.0030047544,0.08078823,0.004559809,0.34349585,0.014707263,null,null,null,null,"TWOGAUSSIANS",8,2.333256,0.25022003,0.0033729628,0.4,0.0,0.38611153,0.011019224,0.74005026,0.0030047544,0.4,0.0,0.339005,0.014868589
375316653866487564,4124404081641601536,0.6021063,2425.166103650779,1.174469470737284,4.7014764E-6,15.521524,0.008939372,0.28290114,0.0015172017,0.110708855,0.0058218976,0.13291557,0.0082467925,0.781881,0.0014214633,0.12379558,0.0074928105,0.12420053,0.008085493,null,null,null,null,"TWOGAUSSIANS",8,4.0204573,0.28291112,0.0015296821,0.4,0.0,0.10688385,0.0023724707,0.781881,0.0014214633,0.4,0.0,0.09810741,0.0020126007
375316653866487564,4124404287765497472,0.5490218,2426.6145183791705,2.395822567323128,6.867123E-6,18.43419,0.020273138,0.2690397,0.0022116269,0.10179585,0.0057150265,0.3337393,0.019443994,0.7757216,0.0037319527,0.11501862,0.012924631,0.1972787,0.01806623,null,null,null,null,"TWOGAUSSIANS",8,2.579181,0.26902968,0.0022136604,0.4,0.0,0.30129436,0.007673428,0.7757216,0.0037354717,0.4,0.0,0.16480578,0.007821186
375316653866487564,4124405284198403200,0.47611588,2449.043270455967,3.2523677763815653,1.2522522E-5,18.913206,0.02960264,0.14576502,0.003590649,0.10436407,0.0138664385,0.23559693,0.026361195,0.64155483,0.0052959146,0.10003574,0.015797423,0.2680585,0.024928438,null,null,null,null,"TWOGAUSSIANS",8,4.02225,0.64155483,0.0052959146,0.4,0.0,0.24413636,0.021948002,0.14576502,0.0035903482,0.4,0.0,0.21167187,0.011512979
375316653866487564,4124405382965911424,0.52019835,2427.689718474551,2.5729781928883853,1.44099695E-5,18.545084,0.0147003345,0.2612014,0.0036166557,0.099812634,0.009827423,0.2758412,0.013764864,0.75532323,0.0027157816,0.09052123,0.0046803206,0.32067466,0.01505584,null,null,null,null,"TWOGAUSSIANS",8,4.395758,0.75532323,0.0027157816,0.4,0.0,0.30338773,0.009392906,0.2612014,0.0036166557,0.4,0.0,0.2585524,0.015058895
375316653866487564,4124405833955055232,0.48632455,2447.6656081575293,3.1606774912380766,1.511392E-5,19.868042,0.039631303,0.23410426,0.010095169,0.085387655,0.017562838,0.29820797,0.035883244,0.733625,0.0070895203,0.091761015,0.019643813,0.3717233,0.024227401,null,null,null,null,"TWOGAUSSIANS",8,2.7198653,0.733625,0.0070895203,0.4,0.0,0.35937795,0.030657938,0.23410426,0.010095169,0.4,0.0,0.28586286,0.021248382
375316653866487564,4124406177552228352,0.41339704,2483.768091574721,2.477915640592557,2.7227834E-5,19.910217,0.008452772,0.2833839,1.811079E-5,0.0041428744,8.089298E-5,1.3482044,0.054714583,0.81988347,0.03221076,0.017934728,0.014875769,0.57708454,0.71413064,null,null,null,null,"TWOGAUSSIANS",8,5.410852,0.2833839,1.811079E-5,0.023200097,4.530007E-4,1.3482044,0.054714583,0.81988347,0.03221076,0.100434475,0.0833043,0.57708454,0.71413064
