Gaia/vari_eclipsing_binary/VariEclipsingBinary_710047-710412.csv
# %ECSV 1.0
# ---
# delimiter: ','
# meta: !!omap
# - RELEASE: Gaia DR3
# - TABLE: vari_eclipsing_binary
# - DESCRIPTION: >
#     This table describes the properties of the eclipsing binaries resulting from the variability analysis. 
# - CITATION: >
#     How to cite and acknowledge Gaia: 
#     https://gea.esac.esa.int/archive/documentation/credits.html 
# - KNOWN_ISSUES: >
#     Known issues: 
#     https://www.cosmos.esa.int/web/gaia-users/known-issues 
# - DOCUMENTATION: >
#     Tutorials and documentation: 
#     https://www.cosmos.esa.int/web/gaia-users/archive 
# datatype:
# - 
#   name: solution_id
#   datatype: int64
#   description: Solution Identifier
#   meta:
#     ucd: meta.version
# - 
#   name: source_id
#   datatype: int64
#   description: Unique source identifier
#   meta:
#     ucd: meta.id;meta.main
# - 
#   name: global_ranking
#   datatype: float32
#   description: Number between 0 (worst) and 1 (best)
#   meta:
#     ucd: stat.param
# - 
#   name: reference_time
#   datatype: float64
#   unit: d
#   description: Reference time used for the geometric model fit
#   meta:
#     ucd: time.epoch
# - 
#   name: frequency
#   datatype: float64
#   unit: d**-1
#   description: Frequency of geometric model of the eclipsing binary light curve
#   meta:
#     ucd: src.orbital
# - 
#   name: frequency_error
#   datatype: float32
#   unit: d**-1
#   description: "Uncertainty of \\texttt{frequency}"
#   meta:
#     ucd: stat.error
# - 
#   name: geom_model_reference_level
#   datatype: float32
#   unit: mag
#   description: Magnitude reference level of geometric model
#   meta:
#     ucd: phot.mag;em.opt
# - 
#   name: geom_model_reference_level_error
#   datatype: float32
#   unit: mag
#   description: "Uncertainty of \\texttt{geomModelReferenceLevel}"
#   meta:
#     ucd: stat.error;phot.mag;em.opt
# - 
#   name: geom_model_gaussian1_phase
#   datatype: float32
#   description: Phase of the Gaussian 1 component
#   meta:
#     ucd: time.phase
# - 
#   name: geom_model_gaussian1_phase_error
#   datatype: float32
#   description: "Uncertainty of \\texttt{geomModelGaussian1Phase}"
#   meta:
#     ucd: stat.error;time.phase
# - 
#   name: geom_model_gaussian1_sigma
#   datatype: float32
#   description: "Standard deviation [phase] of Gaussian 1 component"
#   meta:
#     ucd: stat.stdev
# - 
#   name: geom_model_gaussian1_sigma_error
#   datatype: float32
#   description: "Uncertainty of \\texttt{geomModelGaussian1Sigma}"
#   meta:
#     ucd: stat.error
# - 
#   name: geom_model_gaussian1_depth
#   datatype: float32
#   unit: mag
#   description: Magnitude depth of Gaussian 1 component
#   meta:
#     ucd: src.var.amplitude
# - 
#   name: geom_model_gaussian1_depth_error
#   datatype: float32
#   unit: mag
#   description: "Uncertainty of \\texttt{geomModelGaussian1Depth}"
#   meta:
#     ucd: stat.error;src.var.amplitude
# - 
#   name: geom_model_gaussian2_phase
#   datatype: float32
#   description: Phase of Gaussian 2 component
#   meta:
#     ucd: time.phase
# - 
#   name: geom_model_gaussian2_phase_error
#   datatype: float32
#   description: "Uncertainty of \\texttt{geomModelGaussian2Phase}"
#   meta:
#     ucd: stat.error;time.phase
# - 
#   name: geom_model_gaussian2_sigma
#   datatype: float32
[...]
#   datatype: float32
#   description: "Secondary eclipse: uncertainty of \\texttt{derivedSecondaryEclDuration}"
#   meta:
#     ucd: stat.error;time.duration
# - 
#   name: derived_secondary_ecl_depth
#   datatype: float32
#   unit: mag
#   description: "Secondary eclipse: depth"
#   meta:
#     ucd: src.var.amplitude
# - 
#   name: derived_secondary_ecl_depth_error
#   datatype: float32
#   unit: mag
#   description: "Secondary eclipse: uncertainty of \\texttt{derivedSecondaryEclDepth}"
#   meta:
#     ucd: stat.error;src.var.amplitude
solution_id,source_id,global_ranking,reference_time,frequency,frequency_error,geom_model_reference_level,geom_model_reference_level_error,geom_model_gaussian1_phase,geom_model_gaussian1_phase_error,geom_model_gaussian1_sigma,geom_model_gaussian1_sigma_error,geom_model_gaussian1_depth,geom_model_gaussian1_depth_error,geom_model_gaussian2_phase,geom_model_gaussian2_phase_error,geom_model_gaussian2_sigma,geom_model_gaussian2_sigma_error,geom_model_gaussian2_depth,geom_model_gaussian2_depth_error,geom_model_cosine_half_period_amplitude,geom_model_cosine_half_period_amplitude_error,geom_model_cosine_half_period_phase,geom_model_cosine_half_period_phase_error,model_type,num_model_parameters,reduced_chi2,derived_primary_ecl_phase,derived_primary_ecl_phase_error,derived_primary_ecl_duration,derived_primary_ecl_duration_error,derived_primary_ecl_depth,derived_primary_ecl_depth_error,derived_secondary_ecl_phase,derived_secondary_ecl_phase_error,derived_secondary_ecl_duration,derived_secondary_ecl_duration_error,derived_secondary_ecl_depth,derived_secondary_ecl_depth_error
[from data line 38]
375316653866487564,6245933688878207616,0.5319777,2151.473809184344,2.308024449817164,1.5443298E-5,15.942834,0.006996234,0.25113705,0.018729586,0.03696356,0.026584914,0.050690956,0.050202746,0.71571136,0.0033587844,0.06280406,0.03137733,0.0528473,0.030610716,0.08443812,0.007717387,0.71571136,0.0033587844,"TWOGAUSSIANS_WITH_ELLIPSOIDAL_ON_ECLIPSE2",9,41.990437,0.71571136,0.0033587844,0.35170272,0.14982165,0.22170427,0.033340123,0.24166703,0.025122466,0.20699592,0.14887552,0.21345948,0.045795776
375316653866487564,6245933826317160960,0.49093673,2156.4462650424116,0.2885106099853238,6.36355E-5,17.070473,0.0026504328,0.36318427,0.012817404,0.009776855,0.0143858045,1.1839725,2.8343132,0.81946796,0.004821312,0.025714396,0.0021381334,0.04482352,0.011240039,null,null,null,null,"TWOGAUSSIANS",8,9.842504,0.36318427,0.012817404,0.05475039,0.080560505,1.1839725,2.8343132,0.81946796,0.004821312,0.14400062,0.011973548,0.04482352,0.011240039
375316653866487564,6245935647383314944,0.6661207,2113.485690727415,0.7703399842280765,1.6833937E-5,13.270569,0.0023561593,0.30006236,0.00837554,0.037703823,0.004173055,0.51421994,0.048081603,0.80106884,0.009079362,0.04544742,0.008824443,0.07359245,0.010588123,null,null,null,null,"TWOGAUSSIANS",8,67.505684,0.30006236,0.00837554,0.21114141,0.023369107,0.51421994,0.048081566,0.80106884,0.009079362,0.25450557,0.04941688,0.07359245,0.01058813
375316653866487564,6245950318991614976,0.6410928,2134.020636934941,3.379421388566774,9.433325E-6,16.26966,0.010055459,0.16041191,0.002709976,0.046959613,0.00860837,0.18397951,0.021244584,0.6575184,0.0032277207,0.053341158,0.005591532,0.29707277,0.027666396,0.1328411,0.011629346,0.16041191,0.002709976,"TWOGAUSSIANS_WITH_ELLIPSOIDAL_ON_ECLIPSE1",9,23.191906,0.6579984,0.0025387972,0.2987105,0.03131258,0.56267536,0.019222228,0.16041191,0.002709976,0.26297382,0.048206873,0.44965523,0.010207426
375316653866487564,6245954712740183552,0.51638126,2197.4672333291082,1.190261339709438,2.387661E-5,18.996164,0.0062780743,0.2941279,0.0014233933,0.024120368,0.0024025263,0.5511033,0.1166993,null,null,null,null,null,null,null,null,null,null,"ONEGAUSSIAN",5,4.8075957,0.2941279,0.0014233933,0.13507406,0.013454148,0.5511033,0.0,null,null,null,null,null,null
375316653866487564,6245969079409091328,0.59452677,2138.962098881056,0.09125647215455356,8.824947E-6,16.349857,0.0019973952,0.44132912,0.009271944,0.03661649,0.010642395,0.02109242,0.0052581523,0.62135214,8.499003E-5,0.005573012,1.0414899E-4,0.49719456,0.009128217,0.006487152,0.002198424,0.62135214,8.499003E-5,"TWOGAUSSIANS_WITH_ELLIPSOIDAL_ON_ECLIPSE2",9,9.576375,0.62135214,8.499003E-5,0.031208867,5.832343E-4,0.51016885,0.009843966,0.44551912,0.011678717,0.20505235,0.059597414,0.023574032,0.005442783
375316653866487564,6245987251412800256,0.45584533,2182.6136389376516,0.2754610765572144,5.7377216E-5,18.520761,0.004061963,0.15867874,0.011799195,0.0075899865,0.0076669557,0.20656165,0.03602649,0.7734101,0.12663424,0.071553186,0.057257388,0.028733755,0.029419195,null,null,null,null,"TWOGAUSSIANS",8,3.0945683,0.15867874,0.011799195,0.042503927,0.04293495,0.20656167,0.036026325,0.7734101,0.12663424,0.4,0.09661666,0.028733755,0.029420204
375316653866487564,6245987668027845248,0.5350889,2183.4779166200956,3.63673407584344,4.5139317E-5,19.09856,0.015527434,0.19711216,0.0072859526,0.090459734,0.01272605,0.2528102,0.024434635,0.6850672,0.0070509296,0.08613894,0.009811156,0.28686383,0.016639216,null,null,null,null,"TWOGAUSSIANS",8,1.6836593,0.6850672,0.0070509296,0.4,0.0,0.27883458,0.01345459,0.19711216,0.0072859526,0.4,0.0,0.24478085,0.026967412
375316653866487564,6245987972967458176,0.442114,2132.4760548126196,1.0796483338660028,5.8521586E-5,15.907401,0.006736325,0.20929463,0.039250467,0.046087056,0.05780672,0.093881376,0.26354486,0.6588503,0.042872008,0.025610905,0.013793366,0.40916312,0.36411908,null,null,null,null,"TWOGAUSSIANS",8,23.407976,0.6588503,0.042872008,0.14342107,0.07724285,0.40916312,0.36411703,0.20929463,0.039250467,0.25808752,0.15419799,0.093881376,0.26354605
375316653866487564,6245990726044589056,0.586416,2153.052367413344,3.405531871085126,1.2193904E-5,17.513855,0.02075124,0.2022061,0.0028699632,0.04946154,0.009237471,0.24793218,0.043085787,0.70307314,0.0015106087,0.046299063,0.00660225,0.20887236,0.0435182,0.07419131,0.025155582,0.2022061,0.0028699632,"TWOGAUSSIANS_WITH_ELLIPSOIDAL_ON_ECLIPSE1",9,8.348917,0.2022061,0.0028699632,0.2769846,0.05172984,0.39631367,0.023144586,0.70307314,0.0014624611,0.25927475,0.0369726,0.35724947,0.012864665
375316653866487564,6246001407623709056,0.5058784,2137.0861954122606,1.2040796085580157,9.676178E-5,19.542076,0.004740322,0.24532145,0.013626073,0.02242388,0.0074647316,0.029958544,0.008530874,0.669636,1.2408094E-4,0.017976722,4.948291E-4,0.9558072,0.063229226,null,null,null,null,"TWOGAUSSIANS",8,1.0748646,0.669636,1.2408094E-4,0.100669645,0.0027710428,0.9558072,0.063229226,0.24532145,0.013626073,0.12557374,0.041802496,0.029958544,0.008530874
375316653866487564,6246013643989694720,0.59590125,2130.5262319246262,4.6331899454543235,9.390937E-6,16.791697,0.023078732,0.20344858,0.0027518203,0.054217294,0.008815548,0.3839702,0.063696556,0.6987112,0.002565163,0.048778407,0.020465747,0.32577685,0.7035388,0.1328374,0.0386567,0.20344858,0.0027518203,"TWOGAUSSIANS_WITH_ELLIPSOIDAL_ON_ECLIPSE1",9,35.195404,0.20344858,0.0027518203,0.30361682,0.04936707,0.64963466,0.03692398,0.6993412,0.0018846189,0.27315906,0.11460818,0.59123725,0.7300424
375316653866487564,6246023707094041856,0.49697903,2135.5359046891913,1.1972813262946758,5.1637984E-5,16.550436,0.010366424,0.14930372,0.024753748,0.08231713,0.02775322,0.027041635,0.014050618,0.58675265,0.011607661,0.09839557,0.019907542,0.13258755,0.01574273,null,null,null,null,"TWOGAUSSIANS",8,22.32135,0.58675265,0.011607661,0.4,0.0,0.13160925,0.016281014,0.14938371,0.024763046,0.4,0.02235013,0.026070103,0.012336954
375316653866487564,6246045564187054080,0.56513196,2141.9620785988823,2.9391650567111887,1.1300157E-6,17.749487,0.0040455624,0.13812543,2.4590111E-8,0.0026726066,1.8267141E-5,5.17811,0.12900339,0.6476789,8.587735E-5,0.009097342,1.0414559E-4,0.68178904,0.005103239,null,null,null,null,"TWOGAUSSIANS",8,9.491953,0.13812543,2.4590111E-8,0.014966598,1.0229599E-4,5.17811,0.12900339,0.6476789,8.587735E-5,0.050945118,5.8321527E-4,0.68178904,0.005103239
375316653866487564,6246049584276452992,0.60964584,2168.986803213013,2.680147022816241,9.922616E-6,16.911636,0.022262825,0.22763677,0.0046178973,0.048445098,0.010835801,0.35537595,0.091797516,0.7207751,0.009613443,0.060660373,0.008395776,0.4226585,0.0643906,0.097412765,0.027137274,0.22763677,0.0046178973,"TWOGAUSSIANS_WITH_ELLIPSOIDAL_ON_ECLIPSE1",9,20.437641,0.72158515,0.0081967,0.3396981,0.04701635,0.6171106,0.05626984,0.22763677,0.0046178973,0.27129254,0.060680486,0.55014724,0.096737035
375316653866487564,6246053810520348544,0.43378377,2158.120517753857,1.991224303837718,5.9219525E-5,19.324951,0.014587904,0.43216336,0.043233626,0.08715097,0.031802252,0.07502731,0.057799947,0.7090592,0.0061889174,0.056208916,0.025052287,0.19967225,0.057960622,null,null,null,null,"TWOGAUSSIANS",8,5.9822564,0.7090592,0.0061889174,0.31476992,0.09720538,0.2001538,0.058034763,0.43217334,0.043053143,0.4,0.0,0.07502775,0.057810426
375316653866487564,6246054802659000192,0.55315256,2158.5071216389256,1.3760644579102062,1.1855316E-5,16.879667,0.002472229,0.24922013,0.008706004,0.051593974,0.009722629,0.0880704,0.03423338,0.7397837,0.004696471,0.044676445,0.0045801685,0.19496399,0.015537967,null,null,null,null,"TWOGAUSSIANS",8,3.7283216,0.7397837,0.004696471,0.25018808,0.025648942,0.19496378,0.015538097,0.24922013,0.008706004,0.28892624,0.05444672,0.08807019,0.03423449
375316653866487564,6246061300947272704,0.5936616,2223.460397385426,2.650156710456883,1.550297E-5,13.73821,0.008120548,0.19201578,0.0044241156,0.042813454,0.01116053,0.24306038,0.017186893,0.69353306,0.038194545,0.036678262,0.019656701,0.15928647,0.0964023,0.121968545,0.012086571,0.19201578,0.0044241156,"TWOGAUSSIANS_WITH_ELLIPSOIDAL_ON_ECLIPSE1",9,331.0958,0.19201578,0.0044241156,0.23975535,0.06249897,0.48699743,0.015085046,0.69353306,0.03818903,0.20539826,0.11007752,0.40320134,0.11064969
375316653866487564,6246069753442705408,0.5057232,2169.0001499297823,2.9208496555042007,2.099022E-5,16.04276,0.002832279,null,null,null,null,null,null,null,null,null,null,null,null,0.063937925,0.003943909,0.27550358,0.005221602,"ELLIPSOIDAL",4,30.422592,null,null,null,null,null,null,null,null,null,null,null,null
375316653866487564,6246075869471788544,0.45624098,2139.256949232313,4.134603595440207,5.1253217E-5,17.18427,0.027178047,0.22290078,0.020176934,0.14424951,0.036405772,0.077334814,0.02797552,0.8542748,0.014351339,0.06503047,0.013193865,0.14376321,0.021882735,null,null,null,null,"TWOGAUSSIANS",8,6.4870152,0.8558448,0.01298585,0.3641706,0.07046028,0.14494869,0.022281222,0.22290078,0.020176934,0.4,0.0,0.075520694,0.023125215
375316653866487564,6246081328377603840,0.4804765,2119.5871875839753,3.925600725757462,4.319633E-5,19.027702,0.0090732975,0.2180779,0.01074137,0.059557773,0.019840728,0.1258806,0.021241171,0.69968694,0.0061691287,0.04254325,0.005195504,0.28214675,0.016532525,null,null,null,null,"TWOGAUSSIANS",8,3.5245686,0.69968694,0.0061691287,0.2382422,0.029094823,0.2821459,0.01653087,0.2180779,0.01074137,0.3335235,0.11110808,0.12587973,0.021242078
375316653866487564,6246091567578486016,0.549125,2131.0227451245437,2.3831931945459517,1.517034E-5,18.123604,0.010861203,0.23174718,0.0030618964,0.09509465,0.0062835063,0.18244249,0.011232306,0.73253113,0.0034838687,0.10429528,0.008608208,0.18603957,0.009604624,null,null,null,null,"TWOGAUSSIANS",8,1.8576552,0.73253113,0.0034838687,0.4,0.0,0.17032528,0.006746905,0.23174718,0.0030618964,0.4,0.0,0.16673164,0.0070655933
375316653866487564,6246091571872325248,0.5307812,2118.678530170881,3.4669490191136156,2.168056E-5,18.439032,0.020309933,0.25804275,0.0075377566,0.10441424,0.012321489,0.18814208,0.021005122,0.73716235,0.0054633645,0.099588566,0.012358052,0.22616726,0.017818099,null,null,null,null,"TWOGAUSSIANS",8,2.3899899,0.73716235,0.0054633645,0.4,0.0,0.21038824,0.008633324,0.25805274,0.007536201,0.4,0.0,0.17235966,0.010202006
375316653866487564,6246094355014046464,0.4498416,2071.1601074502205,0.560870213457874,2.5416614E-4,18.099117,0.004840891,0.2525393,0.045451738,0.04042447,0.03651534,0.028471105,0.016716221,0.58062875,0.009401447,0.023234166,0.0052926657,0.2927814,0.058923036,null,null,null,null,"TWOGAUSSIANS",8,2.15121,0.58062875,0.009401447,0.13011132,0.029638927,0.2927814,0.058923032,0.2525393,0.045451738,0.22637703,0.20448591,0.028471105,0.016716221
375316653866487564,6246097619189138560,0.6247103,2139.386391367806,2.5124243372343926,3.9418146E-6,15.2859125,0.0056857173,0.26745015,0.0013916696,0.043270253,0.0037999558,0.21479951,0.014102418,0.7613254,0.0020718048,0.04833578,0.0024174824,0.26793364,0.015362694,0.12611666,0.009082979,0.26745015,0.0013916696,"TWOGAUSSIANS_WITH_ELLIPSOIDAL_ON_ECLIPSE1",9,64.8,0.7622354,0.0016853618,0.27068037,0.013537901,0.5198479,0.008885497,0.26745015,0.0013916696,0.24231341,0.021279752,0.467032,0.007826386
375316653866487564,6246100058730995712,0.5233363,2145.436366566115,2.5544727746781213,2.8285956E-5,16.11749,0.052754637,0.23033087,0.0048608263,0.122903965,0.018603131,0.22127402,0.050488383,0.71681935,0.0032545691,0.13276139,0.018699808,0.21332623,0.051031042,null,null,null,null,"TWOGAUSSIANS",8,21.802927,0.23058087,0.0047709197,0.4,0.0,0.16395749,0.0067757233,0.71681935,0.0032545691,0.4,0.0,0.1557534,0.007851087
375316653866487564,6246112462598495232,0.58396363,2137.2306081585593,4.443346098495344,1.3776221E-5,19.222803,0.01555939,0.2297746,0.0027464568,0.041386638,0.00386695,0.41594326,0.05877382,0.7275297,0.004909223,0.037068706,0.011233342,0.23623706,0.03016227,0.16353098,0.018596778,0.2297746,0.0027464568,"TWOGAUSSIANS_WITH_ELLIPSOIDAL_ON_ECLIPSE1",9,2.8412604,0.2297746,0.0027464568,0.23176517,0.021654919,0.7430047,0.03890501,0.7278197,0.003894481,0.20758475,0.06290671,0.5632419,0.016333308
375316653866487564,6246116272236157696,0.49865592,2136.793446832778,1.6263882825738758,2.8495413E-5,16.594355,0.048537448,0.28090224,0.010094132,0.10158887,0.02708717,0.05446743,0.027803525,0.7724098,0.022254867,0.08388871,0.17438011,0.020671915,0.044638198,null,null,null,null,"TWOGAUSSIANS",8,2.6222546,0.28090224,0.0077513256,0.4,0.0,0.05285394,0.005540304,0.7724098,0.022254867,0.4,0.025279706,0.019059073,0.0044522854
375316653866487564,6246118681709394560,0.49914742,2103.4580196569596,2.5299761758651598,9.952378E-5,18.229458,0.017153328,0.18387483,0.0020685396,0.039799158,0.0024749064,0.66738653,0.021350132,0.6619211,0.016530972,0.10417025,0.031086527,0.20324618,0.032027632,null,null,null,null,"TWOGAUSSIANS",8,20.545965,0.18387483,0.0020685396,0.22287528,0.013859475,0.666705,0.020802045,0.6619211,0.016530972,0.4,0.0,0.20255853,0.033042703
375316653866487564,6246122083323503616,0.6668141,2120.7228692285935,1.8452603819320705,4.61057E-6,14.753475,0.010065461,0.24446471,9.50466E-4,0.06003156,0.005820318,0.19134222,0.019495614,0.7453358,0.0012084023,0.054496367,0.004068537,0.276888,0.015553337,0.15061727,0.01073451,0.24446471,9.50466E-4,"TWOGAUSSIANS_WITH_ELLIPSOIDAL_ON_ECLIPSE1",9,37.921265,0.7453358,0.0012084023,0.30517966,0.022783808,0.57807386,0.010232789,0.24446471,9.50466E-4,0.33617672,0.03259378,0.49253708,0.012556254
375316653866487564,6246129023990085888,0.6684965,2139.775684718141,0.09783126656301107,2.1574212E-6,14.459016,0.0011598952,0.292832,5.550976E-4,0.020575725,3.498796E-4,0.40131274,0.0069589745,0.79349834,1.5151317E-4,0.0220816,3.9797998E-4,0.20622016,0.0045447005,0.047264,0.002945054,0.292832,5.550976E-4,"TWOGAUSSIANS_WITH_ELLIPSOIDAL_ON_ECLIPSE1",9,25.228016,0.292832,5.550976E-4,0.115224056,0.0019593257,0.49584058,0.007733679,0.79349834,1.5151317E-4,0.12365696,0.0022286878,0.30074635,0.006290474
375316653866487564,6246133662553113984,0.4099156,2161.6200891907924,4.348591010239089,3.5003897E-5,18.666948,0.011165262,0.14464858,0.025538078,0.04999237,0.02101992,0.22603375,0.18603197,0.5940335,0.0016952391,0.016109085,0.0024173404,0.29288852,0.06286197,null,null,null,null,"TWOGAUSSIANS",8,8.522778,0.5940335,0.0016952391,0.09021088,0.013537106,0.29288852,0.06286197,0.14464858,0.025538078,0.27995726,0.11771156,0.22603375,0.18603197
375316653866487564,6246138575995894272,0.41862577,2171.7279145069,3.9196784536725873,4.440444E-5,18.43171,0.027571237,0.443196,0.008690309,0.03886451,0.006858336,0.2833366,0.045353115,0.7779392,0.04062471,0.0860396,0.0498987,0.06364109,0.030216733,null,null,null,null,"TWOGAUSSIANS",8,16.40567,0.44320598,0.008680845,0.21764123,0.03840668,0.28336936,0.045801245,0.7779392,0.04062471,0.4,0.03074583,0.06364097,0.030183228
375316653866487564,6246160115256949760,0.45863813,2127.678456803812,4.218997748404986,5.2714804E-5,19.615925,0.036718156,0.24342105,0.027141133,0.11996216,0.042100057,0.16313097,0.03768686,0.7653156,0.00848661,0.07386313,0.022447657,0.22543032,0.032119077,null,null,null,null,"TWOGAUSSIANS",8,2.2500098,0.76535565,0.008540188,0.4,0.06388238,0.21605636,0.03081107,0.24342105,0.027141133,0.4,0.0,0.15368633,0.025501883
375316653866487564,6246174619363160448,0.62695783,2174.4183196960726,2.334460295194908,7.0007923E-6,17.071348,0.006959427,0.25742638,0.0025635154,0.09550348,0.004618973,0.20173977,0.0066361623,0.75406116,0.0017526498,0.08755001,0.0030278333,0.27623552,0.007999224,null,null,null,null,"TWOGAUSSIANS",8,1.7089924,0.75406116,0.0017526498,0.4,0.0,0.2655839,0.0065113595,0.25742638,0.0025635154,0.4,0.0,0.19108772,0.0047433036
