Gaia/vari_eclipsing_binary/VariEclipsingBinary_679131-679189.csv
# %ECSV 1.0
# ---
# delimiter: ','
# meta: !!omap
# - RELEASE: Gaia DR3
# - TABLE: vari_eclipsing_binary
# - DESCRIPTION: >
#     This table describes the properties of the eclipsing binaries resulting from the variability analysis. 
# - CITATION: >
#     How to cite and acknowledge Gaia: 
#     https://gea.esac.esa.int/archive/documentation/credits.html 
# - KNOWN_ISSUES: >
#     Known issues: 
#     https://www.cosmos.esa.int/web/gaia-users/known-issues 
# - DOCUMENTATION: >
#     Tutorials and documentation: 
#     https://www.cosmos.esa.int/web/gaia-users/archive 
# datatype:
# - 
#   name: solution_id
#   datatype: int64
#   description: Solution Identifier
#   meta:
#     ucd: meta.version
# - 
#   name: source_id
#   datatype: int64
#   description: Unique source identifier
#   meta:
#     ucd: meta.id;meta.main
# - 
#   name: global_ranking
#   datatype: float32
#   description: Number between 0 (worst) and 1 (best)
#   meta:
#     ucd: stat.param
# - 
#   name: reference_time
#   datatype: float64
#   unit: d
#   description: Reference time used for the geometric model fit
#   meta:
#     ucd: time.epoch
# - 
#   name: frequency
#   datatype: float64
#   unit: d**-1
#   description: Frequency of geometric model of the eclipsing binary light curve
#   meta:
#     ucd: src.orbital
# - 
#   name: frequency_error
#   datatype: float32
#   unit: d**-1
#   description: "Uncertainty of \\texttt{frequency}"
#   meta:
#     ucd: stat.error
# - 
#   name: geom_model_reference_level
#   datatype: float32
#   unit: mag
#   description: Magnitude reference level of geometric model
#   meta:
#     ucd: phot.mag;em.opt
# - 
#   name: geom_model_reference_level_error
#   datatype: float32
#   unit: mag
#   description: "Uncertainty of \\texttt{geomModelReferenceLevel}"
#   meta:
#     ucd: stat.error;phot.mag;em.opt
# - 
#   name: geom_model_gaussian1_phase
#   datatype: float32
#   description: Phase of the Gaussian 1 component
#   meta:
#     ucd: time.phase
# - 
#   name: geom_model_gaussian1_phase_error
#   datatype: float32
#   description: "Uncertainty of \\texttt{geomModelGaussian1Phase}"
#   meta:
#     ucd: stat.error;time.phase
# - 
#   name: geom_model_gaussian1_sigma
#   datatype: float32
#   description: "Standard deviation [phase] of Gaussian 1 component"
#   meta:
#     ucd: stat.stdev
# - 
#   name: geom_model_gaussian1_sigma_error
#   datatype: float32
#   description: "Uncertainty of \\texttt{geomModelGaussian1Sigma}"
#   meta:
#     ucd: stat.error
# - 
#   name: geom_model_gaussian1_depth
#   datatype: float32
#   unit: mag
#   description: Magnitude depth of Gaussian 1 component
#   meta:
#     ucd: src.var.amplitude
# - 
#   name: geom_model_gaussian1_depth_error
#   datatype: float32
#   unit: mag
#   description: "Uncertainty of \\texttt{geomModelGaussian1Depth}"
#   meta:
#     ucd: stat.error;src.var.amplitude
# - 
#   name: geom_model_gaussian2_phase
#   datatype: float32
#   description: Phase of Gaussian 2 component
#   meta:
#     ucd: time.phase
# - 
#   name: geom_model_gaussian2_phase_error
#   datatype: float32
#   description: "Uncertainty of \\texttt{geomModelGaussian2Phase}"
#   meta:
#     ucd: stat.error;time.phase
# - 
#   name: geom_model_gaussian2_sigma
#   datatype: float32
[...]
#   datatype: float32
#   description: "Secondary eclipse: uncertainty of \\texttt{derivedSecondaryEclDuration}"
#   meta:
#     ucd: stat.error;time.duration
# - 
#   name: derived_secondary_ecl_depth
#   datatype: float32
#   unit: mag
#   description: "Secondary eclipse: depth"
#   meta:
#     ucd: src.var.amplitude
# - 
#   name: derived_secondary_ecl_depth_error
#   datatype: float32
#   unit: mag
#   description: "Secondary eclipse: uncertainty of \\texttt{derivedSecondaryEclDepth}"
#   meta:
#     ucd: stat.error;src.var.amplitude
solution_id,source_id,global_ranking,reference_time,frequency,frequency_error,geom_model_reference_level,geom_model_reference_level_error,geom_model_gaussian1_phase,geom_model_gaussian1_phase_error,geom_model_gaussian1_sigma,geom_model_gaussian1_sigma_error,geom_model_gaussian1_depth,geom_model_gaussian1_depth_error,geom_model_gaussian2_phase,geom_model_gaussian2_phase_error,geom_model_gaussian2_sigma,geom_model_gaussian2_sigma_error,geom_model_gaussian2_depth,geom_model_gaussian2_depth_error,geom_model_cosine_half_period_amplitude,geom_model_cosine_half_period_amplitude_error,geom_model_cosine_half_period_phase,geom_model_cosine_half_period_phase_error,model_type,num_model_parameters,reduced_chi2,derived_primary_ecl_phase,derived_primary_ecl_phase_error,derived_primary_ecl_duration,derived_primary_ecl_duration_error,derived_primary_ecl_depth,derived_primary_ecl_depth_error,derived_secondary_ecl_phase,derived_secondary_ecl_phase_error,derived_secondary_ecl_duration,derived_secondary_ecl_duration_error,derived_secondary_ecl_depth,derived_secondary_ecl_depth_error
[from data line 37]
375316653866487564,5973748623348216960,0.48322108,2304.8243153208964,0.5035662818061182,1.910102E-4,19.339567,0.002418944,0.082605235,7.4262853E-6,0.0044260216,4.210267E-5,0.7216024,6.1188295E-4,0.5973419,0.023308914,0.020069975,0.03295931,0.056830615,0.05323733,null,null,null,null,"TWOGAUSSIANS",8,2.4591289,0.082605235,7.4262853E-6,0.024785722,2.3577496E-4,0.7216024,6.1188295E-4,0.5973419,0.023308914,0.11239186,0.18457212,0.056830615,0.05323733
375316653866487564,5973748726449627392,0.4575486,2295.9972662645127,1.0327107494611103,2.6769367E-5,19.121164,0.008494863,0.32277462,0.011942329,0.085520305,0.01643415,0.07277219,0.010612137,0.8236973,0.0030682413,0.049281973,0.00566545,0.2257829,0.017877106,null,null,null,null,"TWOGAUSSIANS",8,2.7794743,0.8236973,0.0030682413,0.27597904,0.03172652,0.2255751,0.017940192,0.32277462,0.011942329,0.4,0.0,0.072564386,0.010508132
375316653866487564,5973748859573461120,0.5562096,2326.848570437662,0.10187775198197577,6.3622047E-6,18.681429,0.003041809,0.41460365,0.04454429,0.11017167,0.07175111,0.024327995,0.012160794,0.5489461,3.5844755E-4,0.008160293,2.703801E-4,0.61149585,0.015369953,null,null,null,null,"TWOGAUSSIANS",8,2.7422705,0.5489461,3.5844755E-4,0.04569764,0.0015141285,0.62306136,0.009801215,0.41460365,0.04454429,0.4,0.14148977,0.024326356,0.012165157
375316653866487564,5973749203182154752,0.5691971,2296.023894083181,2.7992852232342695,1.4849067E-5,17.867298,0.015183859,0.19867651,0.008347691,0.033754658,0.007238522,0.5212513,0.06601026,0.7078017,0.0024937012,0.038344573,0.0055048214,0.47564796,0.044365715,0.16373119,0.021707965,0.7078017,0.0024937012,"TWOGAUSSIANS_WITH_ELLIPSOIDAL_ON_ECLIPSE2",9,30.914848,0.1991665,0.007930663,0.18902609,0.040535726,0.8476954,0.06758918,0.7078017,0.0024937012,0.2147296,0.030827,0.80311,0.03631062
375316653866487564,5973749306261357056,0.51726305,2295.942755159131,0.19315882487241368,5.0133243E-5,18.049864,0.0025716566,0.7361751,0.07505654,0.04142692,0.0466256,0.01603502,0.023408115,0.8980494,8.800303E-6,0.0052247867,3.233469E-5,0.7832414,0.0024372893,0.0047640214,0.004155915,0.8980494,8.800303E-6,"TWOGAUSSIANS_WITH_ELLIPSOIDAL_ON_ECLIPSE2",9,4.168821,0.8980494,8.800303E-6,0.029258806,1.8107427E-4,0.7927772,0.0048310244,0.7421651,0.09378113,0.23199074,0.26110336,0.01882942,0.022715235
375316653866487564,5973749757241861632,0.60029984,2305.9359026504053,0.3800674406544676,5.0637054E-6,16.0978,0.0012979078,0.1775734,4.8100387E-4,0.023103846,6.810079E-4,0.1807307,0.0029923527,0.6785402,0.006470898,0.023587683,0.0056989286,0.16631778,0.024912747,0.010302429,0.0016530098,0.1775734,4.8100387E-4,"TWOGAUSSIANS_WITH_ELLIPSOIDAL_ON_ECLIPSE1",9,4.896778,0.1775734,4.8100387E-4,0.12938154,0.0038136442,0.20133555,0.002401785,0.6785402,0.0064519034,0.13209103,0.031914,0.18692185,0.025328074
375316653866487564,5973750233962482560,0.56622046,2305.4213071901613,2.72116823780298,7.699719E-6,18.105268,0.011540976,0.25537536,0.0026432858,0.043225642,0.008683616,0.11167308,0.024482712,0.7404148,0.0026474302,0.06030689,0.0057300623,0.18594071,0.02224629,0.08439265,0.01384206,0.25537536,0.0026432858,"TWOGAUSSIANS_WITH_ELLIPSOIDAL_ON_ECLIPSE1",9,2.754752,0.7435048,0.001860759,0.3377186,0.03208835,0.3535317,0.009294367,0.25537536,0.0026432858,0.2420636,0.04862825,0.2804452,0.009976233
375316653866487564,5973751230395787904,0.5104332,2310.524252984071,3.309351983837828,2.3052007E-5,19.653101,0.013777126,0.2423065,0.003439029,0.08279082,0.0061664614,0.34648904,0.019938912,0.745681,0.005051028,0.07313682,0.004455426,0.43511343,0.023665842,null,null,null,null,"TWOGAUSSIANS",8,2.2009978,0.745681,0.005051028,0.4,0.00919097,0.43091977,0.022916991,0.2423065,0.003439029,0.4,0.0,0.34229538,0.02015361
375316653866487564,5973752024984633088,0.5297451,2297.937314164287,0.26279558778568163,9.194082E-6,17.931614,0.0020896296,0.6919022,0.0015058729,0.0044705234,6.5688585E-4,1.671794,0.9578658,0.87684625,0.04336706,0.02018296,0.023390824,0.0070835925,0.0064139073,null,null,null,null,"TWOGAUSSIANS",8,4.0318565,0.6919022,0.0015058729,0.025034932,0.0036785607,1.671794,0.9578658,0.87684625,0.04336706,0.11302458,0.13098861,0.0070835925,0.0064139073
375316653866487564,5973752231144167168,0.6272233,2286.2756930584287,0.2624870027332053,4.2704978E-5,15.96657,6.0173473E-4,0.30415568,0.008371851,0.017321156,0.0066792136,0.3085869,0.3314151,0.77583224,0.0011035283,0.012601228,7.192745E-4,0.35164532,0.042258702,null,null,null,null,"TWOGAUSSIANS",8,3.3970795,0.77583224,0.0011035283,0.07056688,0.0040279375,0.35164532,0.042258702,0.30415568,0.008371851,0.096998475,0.0374036,0.3085869,0.3314151
375316653866487564,5973753021418182656,0.5232541,2261.1295723288304,0.3438355365739637,1.8380422E-5,14.423062,0.0024120936,0.16932267,0.0047370046,0.018225085,0.0042700893,0.15483356,0.04197838,0.82448703,0.0028629133,0.019570598,0.0029253687,0.15803626,0.011098765,0.004416881,0.002904127,0.82448703,0.0028629133,"TWOGAUSSIANS_WITH_ELLIPSOIDAL_ON_ECLIPSE2",9,61.972183,0.82448703,0.0028629133,0.10959535,0.016382065,0.16687001,0.011059862,0.16943267,0.0047621555,0.102060474,0.0239125,0.15761884,0.041956205
375316653866487564,5973753257620486784,0.54000163,2290.995387445124,0.15239760709439154,4.4161014E-5,18.527025,0.0016842317,0.314269,0.0045722774,0.011863367,0.0033656445,0.02879907,0.035930723,0.5421304,7.395517E-4,0.0076231197,4.0086787E-4,0.54475015,0.044684373,null,null,null,null,"TWOGAUSSIANS",8,1.4848014,0.5421304,7.395517E-4,0.042689472,0.0022448602,0.54475015,0.044684373,0.314269,0.0045722774,0.06643485,0.018847609,0.02879907,0.035930723
375316653866487564,5973753296272489472,0.5058852,2292.658531269704,0.42931853922871105,4.92827E-6,18.327349,0.00244721,0.20299514,0.0037535694,0.028239725,0.005288829,0.20465276,0.023962565,0.70654017,8.7212445E-4,0.025865518,0.0012209334,0.29900813,0.03739578,null,null,null,null,"TWOGAUSSIANS",8,2.1090207,0.70654017,8.7212445E-4,0.1448469,0.006837227,0.29900813,0.03739578,0.20299514,0.0037535694,0.15814246,0.029617444,0.20465276,0.023962565
375316653866487564,5973753296296120960,0.5032994,2285.1478305937426,0.6968526029697093,1.1228085E-5,18.35378,0.003914852,0.19575404,0.01052524,0.04260769,0.014418542,0.07079173,0.014899759,0.6928163,0.002996241,0.0358281,0.0015569394,0.3520337,0.0359179,null,null,null,null,"TWOGAUSSIANS",8,4.5368414,0.6928163,0.002996241,0.20063736,0.00871886,0.3520337,0.0359179,0.19575404,0.01052524,0.23860307,0.08074384,0.07079173,0.014899762
375316653866487564,5973753330632174592,0.43847322,2302.275356945486,0.8026023935392192,1.2667623E-4,19.636852,0.005782227,0.2453625,0.012431086,0.046642933,0.012249036,0.17573562,0.043562666,0.76395184,0.00950152,0.027020752,0.005422749,0.4143522,0.11867219,null,null,null,null,"TWOGAUSSIANS",8,2.2943609,0.76395184,0.00950152,0.15131621,0.030367393,0.4143522,0.11867219,0.2453625,0.012431086,0.26120043,0.068594605,0.17573562,0.043562666
375316653866487564,5973753708589484800,0.48050663,2298.1542972577486,2.789863319800694,2.8751847E-5,18.520113,0.0029945837,0.25313315,0.0024708146,0.045889225,0.0030002645,0.11678527,0.006465255,0.75726557,0.008850884,0.058638614,0.011205,0.108149685,0.0067437175,null,null,null,null,"TWOGAUSSIANS",8,1.7207017,0.25313315,0.0024708146,0.25697964,0.016801482,0.1167833,0.0064634765,0.75726557,0.008850884,0.32837623,0.062748,0.10814771,0.0067443466
375316653866487564,5973754185330419072,0.5263922,2311.194969583705,0.21120449027331853,2.1338426E-5,18.715229,0.0036579627,0.21088772,0.0053427876,0.04262644,0.004579694,0.38560206,0.027351214,0.718419,0.0020426088,0.044937532,0.0029731519,0.19440931,0.012875458,null,null,null,null,"TWOGAUSSIANS",8,1.8590027,0.21088772,0.0053427876,0.23870806,0.025646286,0.38560203,0.027351258,0.718419,0.0020426088,0.25165018,0.01664965,0.19440928,0.012875469
375316653866487564,5973754945545661824,0.4480857,2265.378075407998,0.31173615856057935,5.0814953E-5,18.367308,0.008000434,0.27048993,0.013122792,0.026363768,0.026055623,0.14987512,1.0893825E10,0.74527276,0.0013268827,0.008951464,0.0015798579,0.69027114,0.22944891,0.0470231,0.013943942,0.27048993,0.013122792,"TWOGAUSSIANS_WITH_ELLIPSOIDAL_ON_ECLIPSE1",9,17.698524,0.7452928,0.0013223288,0.050128195,0.008847204,0.781978,0.24848807,0.27048993,0.013122792,0.1476371,0.14591148,0.24392131,1.0893825E10
375316653866487564,5973755289161217024,0.49364677,2278.3111825000633,3.738728875836747,3.1526262E-5,16.207182,0.018825455,0.20633353,0.005543668,0.10656644,0.02202447,0.07626315,0.017664433,0.71109676,0.0064181443,0.104198195,0.023209222,0.10449463,0.014046944,null,null,null,null,"TWOGAUSSIANS",8,14.816886,0.71109676,0.0064231874,0.4,0.0,0.0944009,0.007899378,0.20633353,0.0055420976,0.4,0.0,0.06616897,0.004282303
375316653866487564,5973755323502874880,0.5552034,2256.528225620396,1.8493221895304266,1.4740716E-5,19.25299,0.0083033815,0.2740901,0.0071388045,0.039267797,0.010003321,0.25871104,0.037981775,0.7635899,0.0016803177,0.035991035,0.0013813559,0.73535216,0.03852118,null,null,null,null,"TWOGAUSSIANS",8,2.654175,0.7635899,0.0016803177,0.20154981,0.0077355932,0.73535216,0.03852118,0.2740901,0.0071388045,0.21989965,0.0560186,0.258711,0.037981775
375316653866487564,5973756285575721088,0.51851875,2269.6147719270466,2.337979888094214,3.4406286E-5,19.12126,0.008742933,0.25825387,0.005824071,0.07728598,0.00745159,0.32170698,0.029447308,0.75681996,0.0047156066,0.07000005,0.0062331855,0.32600862,0.009269663,null,null,null,null,"TWOGAUSSIANS",8,2.8204184,0.75681996,0.0047156066,0.3920003,0.030857852,0.3240413,0.00866039,0.25825387,0.005824071,0.4,0.0,0.31973967,0.030094055
375316653866487564,5973756526111903744,0.51523536,2264.9450638568474,1.1434898067315744,1.825918E-5,15.254471,0.07057258,0.294527,0.0034268242,0.12537295,0.027546851,0.21861535,0.06820364,0.7904479,0.0027688628,0.12002627,0.021327212,0.21529001,0.06753478,null,null,null,null,"TWOGAUSSIANS",8,39.313015,0.294547,0.0035155737,0.4,0.0,0.16607483,0.005566623,0.7904479,0.0027688628,0.4,0.0,0.1628304,0.0061299205
375316653866487564,5973757007124579072,0.50926024,2295.661425064693,3.802895205641129,3.845004E-5,19.204784,0.011160772,0.31018043,0.0045950064,0.082517065,0.008873162,0.3313448,0.036543414,0.80208635,0.0041106762,0.090660065,0.005653941,0.26876384,0.0117890565,null,null,null,null,"TWOGAUSSIANS",8,2.0769973,0.31018043,0.0045950064,0.4,0.0,0.32334,0.04007129,0.80208635,0.0041106762,0.4,0.0,0.26075888,0.008695871
375316653866487564,5973757144591355392,0.63767064,2297.786386298594,2.0243429361924563,6.469348E-6,16.994158,0.00423454,0.2797223,0.001987908,0.08919329,0.0021078857,0.3673023,0.0065382184,0.77650094,0.0025110266,0.08334314,0.0030631605,0.40577817,0.007406926,null,null,null,null,"TWOGAUSSIANS",8,3.5144894,0.77650094,0.0025110266,0.4,0.0,0.39483008,0.007957819,0.2797223,0.001987908,0.4,0.0,0.35635412,0.005575196
375316653866487564,5973757419464846848,0.50581676,2280.8953855915174,0.33848096758905544,4.92252E-6,17.488585,0.0015767711,0.14515916,4.175182E-4,0.0179796,4.37656E-4,0.24799535,0.0029983777,0.6945207,0.01136134,0.01772291,0.003553397,0.19979332,0.110754855,null,null,null,null,"TWOGAUSSIANS",8,3.2975194,0.14515916,4.175182E-4,0.10068576,0.0024508736,0.24799535,0.0029983777,0.6945207,0.01136134,0.0992483,0.019899024,0.19979332,0.110754855
375316653866487564,5973758037940198144,0.5143225,2305.7512052557454,0.8014968523096184,7.813407E-6,17.381664,0.0014741144,0.25142866,0.0031898723,0.030832719,0.0030763675,0.11538563,0.006318878,0.7557057,0.0026465196,0.024199616,0.0030425114,0.061609104,0.009821129,0.021946842,0.0021588332,0.25142866,0.0031898723,"TWOGAUSSIANS_WITH_ELLIPSOIDAL_ON_ECLIPSE1",9,2.1270268,0.25142866,0.0031898723,0.17266323,0.017227657,0.1592793,0.0062776115,0.7557057,0.0026465196,0.13551785,0.017038064,0.10547108,0.009964175
375316653866487564,5973758415897299328,0.55952734,2292.011661622601,0.5671131518388142,4.171987E-6,18.060923,0.0026937162,0.18644159,0.0055090496,0.041798096,0.0053466,0.08869446,0.013455979,0.6839436,0.0011553592,0.043504383,0.0012083293,0.29675582,0.0067451764,null,null,null,null,"TWOGAUSSIANS",8,2.5723953,0.6839436,0.0011553592,0.24362454,0.006766645,0.29675582,0.006745176,0.18644159,0.0055090496,0.23406935,0.029940959,0.088694446,0.013455991
375316653866487564,5973758965653299072,0.5155479,2281.4952852837428,2.4319720741607758,2.2873572E-5,19.495424,0.017441612,0.2781226,0.0030910687,0.095659636,0.006922111,0.3385383,0.023930393,0.77088183,0.0032421767,0.093069896,0.0076168664,0.33464944,0.0159582,null,null,null,null,"TWOGAUSSIANS",8,1.1709148,0.2781226,0.0030910687,0.4,0.0,0.32035968,0.02317338,0.77088183,0.0032421767,0.4,0.0,0.31647128,0.013006224
375316653866487564,5973760988557628928,0.4673071,2294.885013373238,0.1251897128388079,1.31059305E-5,17.780737,0.002171281,0.13359764,1.08164466E-4,0.0032952062,1.0652841E-4,0.25136334,0.008396285,0.7812475,0.049868442,0.020044407,0.01648035,0.059637442,0.15009467,null,null,null,null,"TWOGAUSSIANS",8,5.6012487,0.13359764,1.08164466E-4,0.018453155,5.965591E-4,0.25136334,0.008396285,0.7812475,0.049868442,0.112248674,0.09228996,0.059637442,0.15009467
375316653866487564,5973761435237224448,0.50340766,2293.8529416328943,2.01626874197148,1.0258258E-5,18.852093,0.009068284,0.24530385,0.0021134336,0.08447861,0.0041020145,0.31317174,0.009404442,0.75620884,0.003245116,0.08497611,0.0043040724,0.30076835,0.021965079,null,null,null,null,"TWOGAUSSIANS",8,3.5919883,0.24530385,0.0021134336,0.4,0.0,0.30665398,0.008573692,0.75620884,0.003245116,0.4,0.0,0.29425058,0.022540502
375316653866487564,5973761611354241024,0.5878239,2303.578256378704,0.802982543533676,9.624984E-6,17.695192,0.0029976165,0.30398524,0.0025295075,0.039091177,0.0020981552,0.64588696,0.009364242,0.8028984,0.010970382,0.045220967,0.0054938504,0.09423589,0.0070634503,null,null,null,null,"TWOGAUSSIANS",8,6.0933685,0.30398524,0.0025295075,0.21891059,0.01174967,0.6458869,0.009364242,0.8028984,0.010970382,0.25323743,0.030765561,0.09423588,0.00706344
375316653866487564,5973761680047346432,0.47316203,2299.079267768751,1.6024411645926733,2.210722E-5,19.175978,0.0075179064,0.21975116,0.0045725624,0.063202895,0.0075610345,0.26957366,0.03336709,0.7067247,0.008697998,0.074521974,0.0112890415,0.11947102,0.011946071,null,null,null,null,"TWOGAUSSIANS",8,2.1798398,0.21975116,0.0045725624,0.3539362,0.042341795,0.26924098,0.033588354,0.7067247,0.008697998,0.4,0.01700035,0.11913835,0.011941234
375316653866487564,5973761710114778368,0.6043475,2305.197600971956,3.7738363704141302,6.8533154E-6,15.182923,0.006583173,0.25852838,0.005010262,0.0466194,0.006594149,0.11104893,0.022026416,0.76628923,9.307406E-4,0.04811914,0.0039115334,0.19605266,0.014770605,0.09500808,0.00967733,0.76628923,9.307406E-4,"TWOGAUSSIANS_WITH_ELLIPSOIDAL_ON_ECLIPSE2",9,57.17137,0.76628923,9.307406E-4,0.26946718,0.021904588,0.38606814,0.00847441,0.2602884,0.0039800364,0.26106864,0.036927234,0.3007153,0.01246859
375316653866487564,5973761886232198656,0.5471994,2310.391328261812,1.0473195594538567,5.685037E-5,14.120849,0.0038244522,0.25942612,0.017208613,0.021902058,0.018468674,0.07350442,0.39231268,0.76180327,0.0025961972,0.02261135,0.0039181057,0.52454025,0.026024781,0.008598807,0.0074504134,0.25942612,0.017208613,"TWOGAUSSIANS_WITH_ELLIPSOIDAL_ON_ECLIPSE1",9,442.52646,0.76180327,0.0025961972,0.12662356,0.021941392,0.54173404,0.026558563,0.25942612,0.017208613,0.12265153,0.10342458,0.09070203,0.39747423
