Gaia/vari_eclipsing_binary/VariEclipsingBinary_208656-208716.csv
# %ECSV 1.0
# ---
# delimiter: ','
# meta: !!omap
# - RELEASE: Gaia DR3
# - TABLE: vari_eclipsing_binary
# - DESCRIPTION: >
#     This table describes the properties of the eclipsing binaries resulting from the variability analysis. 
# - CITATION: >
#     How to cite and acknowledge Gaia: 
#     https://gea.esac.esa.int/archive/documentation/credits.html 
# - KNOWN_ISSUES: >
#     Known issues: 
#     https://www.cosmos.esa.int/web/gaia-users/known-issues 
# - DOCUMENTATION: >
#     Tutorials and documentation: 
#     https://www.cosmos.esa.int/web/gaia-users/archive 
# datatype:
# - 
#   name: solution_id
#   datatype: int64
#   description: Solution Identifier
#   meta:
#     ucd: meta.version
# - 
#   name: source_id
#   datatype: int64
#   description: Unique source identifier
#   meta:
#     ucd: meta.id;meta.main
# - 
#   name: global_ranking
#   datatype: float32
#   description: Number between 0 (worst) and 1 (best)
#   meta:
#     ucd: stat.param
# - 
#   name: reference_time
#   datatype: float64
#   unit: d
#   description: Reference time used for the geometric model fit
#   meta:
#     ucd: time.epoch
# - 
#   name: frequency
#   datatype: float64
#   unit: d**-1
#   description: Frequency of geometric model of the eclipsing binary light curve
#   meta:
#     ucd: src.orbital
# - 
#   name: frequency_error
#   datatype: float32
#   unit: d**-1
#   description: "Uncertainty of \\texttt{frequency}"
#   meta:
#     ucd: stat.error
# - 
#   name: geom_model_reference_level
#   datatype: float32
#   unit: mag
#   description: Magnitude reference level of geometric model
#   meta:
#     ucd: phot.mag;em.opt
# - 
#   name: geom_model_reference_level_error
#   datatype: float32
#   unit: mag
#   description: "Uncertainty of \\texttt{geomModelReferenceLevel}"
#   meta:
#     ucd: stat.error;phot.mag;em.opt
# - 
#   name: geom_model_gaussian1_phase
#   datatype: float32
#   description: Phase of the Gaussian 1 component
#   meta:
#     ucd: time.phase
# - 
#   name: geom_model_gaussian1_phase_error
#   datatype: float32
#   description: "Uncertainty of \\texttt{geomModelGaussian1Phase}"
#   meta:
#     ucd: stat.error;time.phase
# - 
#   name: geom_model_gaussian1_sigma
#   datatype: float32
#   description: "Standard deviation [phase] of Gaussian 1 component"
#   meta:
#     ucd: stat.stdev
# - 
#   name: geom_model_gaussian1_sigma_error
#   datatype: float32
#   description: "Uncertainty of \\texttt{geomModelGaussian1Sigma}"
#   meta:
#     ucd: stat.error
# - 
#   name: geom_model_gaussian1_depth
#   datatype: float32
#   unit: mag
#   description: Magnitude depth of Gaussian 1 component
#   meta:
#     ucd: src.var.amplitude
# - 
#   name: geom_model_gaussian1_depth_error
#   datatype: float32
#   unit: mag
#   description: "Uncertainty of \\texttt{geomModelGaussian1Depth}"
#   meta:
#     ucd: stat.error;src.var.amplitude
# - 
#   name: geom_model_gaussian2_phase
#   datatype: float32
#   description: Phase of Gaussian 2 component
#   meta:
#     ucd: time.phase
# - 
#   name: geom_model_gaussian2_phase_error
#   datatype: float32
#   description: "Uncertainty of \\texttt{geomModelGaussian2Phase}"
#   meta:
#     ucd: stat.error;time.phase
# - 
#   name: geom_model_gaussian2_sigma
#   datatype: float32
[...]
#   datatype: float32
#   description: "Secondary eclipse: uncertainty of \\texttt{derivedSecondaryEclDuration}"
#   meta:
#     ucd: stat.error;time.duration
# - 
#   name: derived_secondary_ecl_depth
#   datatype: float32
#   unit: mag
#   description: "Secondary eclipse: depth"
#   meta:
#     ucd: src.var.amplitude
# - 
#   name: derived_secondary_ecl_depth_error
#   datatype: float32
#   unit: mag
#   description: "Secondary eclipse: uncertainty of \\texttt{derivedSecondaryEclDepth}"
#   meta:
#     ucd: stat.error;src.var.amplitude
solution_id,source_id,global_ranking,reference_time,frequency,frequency_error,geom_model_reference_level,geom_model_reference_level_error,geom_model_gaussian1_phase,geom_model_gaussian1_phase_error,geom_model_gaussian1_sigma,geom_model_gaussian1_sigma_error,geom_model_gaussian1_depth,geom_model_gaussian1_depth_error,geom_model_gaussian2_phase,geom_model_gaussian2_phase_error,geom_model_gaussian2_sigma,geom_model_gaussian2_sigma_error,geom_model_gaussian2_depth,geom_model_gaussian2_depth_error,geom_model_cosine_half_period_amplitude,geom_model_cosine_half_period_amplitude_error,geom_model_cosine_half_period_phase,geom_model_cosine_half_period_phase_error,model_type,num_model_parameters,reduced_chi2,derived_primary_ecl_phase,derived_primary_ecl_phase_error,derived_primary_ecl_duration,derived_primary_ecl_duration_error,derived_primary_ecl_depth,derived_primary_ecl_depth_error,derived_secondary_ecl_phase,derived_secondary_ecl_phase_error,derived_secondary_ecl_duration,derived_secondary_ecl_duration_error,derived_secondary_ecl_depth,derived_secondary_ecl_depth_error
[from data line 253]
375316653866487564,1835526021377138176,0.5146975,2184.698285315637,2.7163277034311823,1.1854766E-5,19.881403,0.0071017705,0.19195823,0.0050720028,0.044596605,0.003711304,0.81339025,0.19073743,0.70448124,0.01015177,0.059412558,0.014740601,0.3958354,0.18229169,null,null,null,null,"TWOGAUSSIANS",8,0.9539124,0.19195823,0.0050720028,0.24974099,0.020783301,0.81338453,0.19074358,0.70448124,0.01015177,0.33271033,0.07120888,0.3958297,0.18232697
375316653866487564,1835526742930015744,0.4398039,2178.467899474385,0.8728438184774484,3.197333E-5,18.484165,0.02021033,0.24660963,0.021409852,0.09675589,0.047140136,0.067565076,0.05319696,0.7134707,0.005909593,0.0717022,0.0282958,0.19817242,0.053684518,null,null,null,null,"TWOGAUSSIANS",8,6.390403,0.7134707,0.005909593,0.4,0.06809055,0.19679582,0.059344932,0.24660963,0.021409852,0.4,0.07905508,0.066187866,0.053080287
375316653866487564,1835527189625393920,0.5451606,2175.389772984789,0.6742037321405564,7.051433E-6,16.52663,0.44261548,0.23473403,0.0064479206,0.25527933,0.07891915,0.5164836,0.43091393,0.7195239,0.006005624,0.16204216,0.018822392,0.42499924,0.22883728,null,null,null,null,"TWOGAUSSIANS",8,3.2108488,0.7195239,0.006005624,0.4,0.0,0.1395066,0.0037169452,0.24144404,0.0042627025,0.4,0.0,0.08665716,0.004868493
375316653866487564,1835528564014933632,0.47276103,2166.6811599045795,3.021100946865208,2.5473857E-5,12.809752,0.04236344,0.26950142,0.004708939,0.113046765,0.02098532,0.21927117,0.03696419,0.7729313,0.005993665,0.10471709,0.021410761,0.18870845,0.03984635,null,null,null,null,"TWOGAUSSIANS",8,819.5592,0.26950142,0.0047134333,0.4,0.0,0.19110772,0.016700078,0.7729413,0.0060086427,0.4,0.0,0.16056572,0.010968422
375316653866487564,1835528834579531392,0.5622424,2202.545733884398,0.1805483041904773,1.138095E-4,18.391138,0.0024103322,0.4669005,0.004439801,0.03182886,0.002730764,1.1838914,0.56324565,0.7522813,0.021175873,0.017016262,0.013734493,0.41098335,52.41982,null,null,null,null,"TWOGAUSSIANS",8,2.8321784,0.4669005,0.004439801,0.17824163,0.015292278,1.1838914,0.56324565,0.7522813,0.021175873,0.09529106,0.07691316,0.41098335,52.41982
375316653866487564,1835531106617216384,0.5171248,2220.0516408590865,0.8464552120913224,9.003627E-6,18.971676,0.006814386,0.19248573,0.0067873984,0.038860768,0.0038555404,0.22434351,0.025179049,0.69534767,0.0013642719,0.036553692,0.0017701455,0.4587196,0.033483602,null,null,null,null,"TWOGAUSSIANS",8,4.607506,0.69534767,0.0013642719,0.20470068,0.009912815,0.4587196,0.033483602,0.19248573,0.0067873984,0.2176203,0.021591026,0.22434351,0.025179049
375316653866487564,1835531175355179392,0.51990205,2224.2625096109873,0.30987308578569667,1.3604356E-6,16.893942,0.0026380736,0.3842049,0.001309089,0.006704922,0.005502801,0.19386657,138.7301,0.9068952,2.0785636E-4,0.011768005,3.2981034E-4,0.44984525,0.008974995,0.0075665554,0.0038190577,0.3842049,0.001309089,"TWOGAUSSIANS_WITH_ELLIPSOIDAL_ON_ECLIPSE1",9,17.568434,0.9068952,2.0785636E-4,0.06590083,0.0018469378,0.46467286,0.0109874,0.3842049,0.001309089,0.037547562,0.030815683,0.20899968,138.73004
375316653866487564,1835533438789305728,0.5415429,2206.1375795154563,0.4620782249592303,1.2402138E-5,19.222582,0.012809454,0.23790723,0.0031525206,0.038079612,0.0034276072,0.8197696,0.07600892,0.7446869,0.0041851173,0.041241266,0.005136621,0.4248897,0.044442464,0.060330417,0.017088266,0.23790723,0.0031525206,"TWOGAUSSIANS_WITH_ELLIPSOIDAL_ON_ECLIPSE1",9,5.925599,0.23790723,0.0031525206,0.21324584,0.019194601,0.9404304,0.07529556,0.7446869,0.0041851173,0.23095109,0.028765079,0.54533166,0.042644307
375316653866487564,1835533511803706112,0.57688874,2210.0357608198337,3.2693140771182,5.8027317E-6,18.86077,0.015591573,0.28003025,0.002538723,0.04669863,0.00555844,0.27812484,0.040329196,0.78112096,0.0032371336,0.04651511,0.005432273,0.38566735,0.036907468,0.12794119,0.019231537,0.28003025,0.002538723,"TWOGAUSSIANS_WITH_ELLIPSOIDAL_ON_ECLIPSE1",9,3.9724584,0.78112096,0.0032301818,0.26048464,0.030420728,0.6415373,0.029474422,0.28003025,0.002538723,0.26151234,0.031127263,0.53400683,0.020880846
375316653866487564,1835534164639378304,0.5250402,2218.514077481552,3.1070148118856653,2.3788289E-5,19.870758,0.013661752,0.23661938,0.012955021,0.07264166,0.008625673,0.6296428,0.088302895,0.72322774,0.0027126952,0.0687922,0.0045751357,0.5486348,0.04499037,null,null,null,null,"TWOGAUSSIANS",8,2.0617366,0.23661938,0.012955021,0.4,0.010231726,0.62802225,0.08779848,0.72322774,0.0027126952,0.38523632,0.025267003,0.5470143,0.045266658
375316653866487564,1835537360108848000,0.48535347,2177.145075582386,0.53444591773746,7.8447585E-5,18.826468,0.0041350173,0.77062845,0.018870847,0.042161074,0.013600915,0.44440547,0.058119316,null,null,null,null,null,null,null,null,null,null,"ONEGAUSSIAN",5,7.6512628,0.77062845,0.018870847,0.23610201,0.076165125,0.44440547,0.0,null,null,null,null,null,null
375316653866487564,1835537424514027008,0.4380718,2165.2602245058138,2.7823623613902,1.565705E-5,17.991701,0.289661,0.30143452,0.0066852667,0.17082901,0.057250254,0.8846151,0.339219,0.79809844,0.0073816394,0.19535996,0.04017577,0.96887136,0.13506211,null,null,null,null,"TWOGAUSSIANS",8,20.582172,0.79809844,0.0073816394,0.4,0.0,0.2721963,0.029788854,0.30324453,0.007334611,0.4,0.0,0.23684831,0.028855283
375316653866487564,1835539456039116928,0.5041828,2205.3368765523,1.8744304808168881,1.8275132E-5,19.722315,0.028212847,0.221656,0.014965353,0.100498885,0.020645272,0.20407447,0.029099021,0.7149476,0.004226708,0.08254794,0.008186133,0.39679486,0.026291113,null,null,null,null,"TWOGAUSSIANS",8,1.7365329,0.7149476,0.004226708,0.4,0.0,0.38507196,0.017896494,0.221656,0.014965353,0.4,0.0,0.19234978,0.02081985
375316653866487564,1835540173293119872,0.44096634,2179.5867586288964,0.6746662541677009,1.20842E-5,17.943419,0.004134503,0.19400983,7.9637853E-4,0.010013852,0.001652501,0.20880824,0.02793386,0.6903921,0.001422441,0.010974923,0.0013009441,0.42646483,0.16453087,null,null,null,null,"TWOGAUSSIANS",8,14.608999,0.6903921,0.001422441,0.061459567,0.0072852867,0.42646483,0.16453087,0.19400983,7.9637853E-4,0.056077573,0.009254006,0.20880824,0.02793386
375316653866487564,1835540555564604672,0.52362794,2191.5503987063435,4.621760017711797,1.0849578E-6,18.025194,0.0016938734,0.20062599,1.3673032E-4,0.0048963944,1.6690616E-4,0.62538576,0.035091426,0.93476874,1.1690922E-4,0.003771389,1.4009184E-4,0.07403161,0.002406082,null,null,null,null,"TWOGAUSSIANS",8,2.6503952,0.20062599,1.3673032E-4,0.027419807,9.346745E-4,0.62538576,0.035091426,0.93476874,1.1690922E-4,0.021119777,7.845143E-4,0.07403161,0.002406082
375316653866487564,1835542647194386560,0.520055,2204.632105054623,3.1724517167229482,6.088011E-6,19.01154,0.01702707,0.28291082,0.0035461488,0.044213623,0.0054657315,0.35280967,0.058531974,0.77803004,0.0067681205,0.056572534,0.006056588,0.2808982,0.07048741,0.105355814,0.023786498,0.28291082,0.0035461488,"TWOGAUSSIANS_WITH_ELLIPSOIDAL_ON_ECLIPSE1",9,5.303279,0.28291082,0.0035461488,0.24759628,0.030608095,0.56351024,0.047855604,0.77881,0.0054799006,0.3168062,0.033916894,0.49143225,0.056370243
375316653866487564,1835542853352905472,0.52234286,2209.542646936111,4.976928778783927,1.348516E-5,18.648268,0.004635804,0.48422033,0.00310113,0.08196277,0.003694493,0.32149884,0.011371029,0.8330224,0.018589241,0.0094896145,0.013116512,0.054836866,0.006630759,null,null,null,null,"TWOGAUSSIANS",8,4.74771,0.48422033,0.00310113,0.4,0.0,0.32149884,0.011371032,0.8330224,0.018589241,0.05314184,0.073452465,0.05487441,0.006630603
375316653866487564,1835543471828209664,0.6102401,2212.2290165501327,1.1169140446793706,3.6799624E-6,17.72986,0.0027198459,0.19600153,8.843178E-4,0.026712341,8.737056E-4,0.6952134,0.0232306,0.6990799,0.0011719966,0.026938219,0.0011391549,0.65254915,0.028291127,null,null,null,null,"TWOGAUSSIANS",8,5.4388666,0.19600153,8.843178E-4,0.14958912,0.004892751,0.6952134,0.0232306,0.6990799,0.0011719966,0.15085402,0.0063792677,0.65254915,0.028291127
375316653866487564,1835543544861725440,0.5544744,2198.335323368943,0.23453322154475706,1.277285E-5,16.488838,0.0010779396,0.06348897,0.0021514385,0.014548798,0.0012274326,0.27949464,0.06046404,0.406137,0.009193494,0.017652182,0.011336268,0.049124222,0.0351332,null,null,null,null,"TWOGAUSSIANS",8,4.4387627,0.06348897,0.0021514385,0.08147327,0.0068736225,0.27949464,0.06046404,0.406137,0.009193494,0.098852225,0.063483104,0.049124222,0.0351332
375316653866487564,1835543815425737472,0.4776605,2190.2365504379045,2.5990551187026814,2.2634491E-5,19.160303,0.041452233,0.25698733,0.0053478866,0.11251011,0.027156638,0.19362797,0.030074995,0.74885416,0.009317798,0.10363523,0.019779539,0.22223343,0.039817322,null,null,null,null,"TWOGAUSSIANS",8,2.1068063,0.74885416,0.009317798,0.4,0.0,0.19621342,0.015168863,0.25698733,0.00534504,0.4,0.0,0.16759126,0.020686526
375316653866487564,1835544949297445248,0.5359049,2177.2688536044193,2.8893418028165954,8.72345E-6,18.103828,0.011500444,0.24112053,0.002547358,0.08921309,0.0065526525,0.22739656,0.013617885,0.7420777,0.0031281235,0.088358246,0.005986691,0.22410248,0.01186243,null,null,null,null,"TWOGAUSSIANS",8,4.2022195,0.24112053,0.002547358,0.4,0.0,0.21895504,0.012989716,0.7420777,0.0031281235,0.4,0.0,0.21566097,0.009615014
375316653866487564,1835545224175456512,0.5082901,2191.1005097034445,1.681592747710457,2.3138431E-5,17.625383,0.0037305737,0.27781472,0.009097332,0.048840098,0.0063035404,0.33815134,0.021464663,null,null,null,null,null,null,null,null,null,null,"ONEGAUSSIAN",5,13.200126,0.27781472,0.009097332,0.27350456,0.035299826,0.33815134,0.0,null,null,null,null,null,null
375316653866487564,1835545365927806464,0.5004475,2181.6498250356913,4.733325825191366,2.7824422E-5,17.944735,0.017709428,0.19972782,0.011923028,0.018194918,0.015555635,0.050232176,124.42327,0.5693446,0.0059631173,0.19738933,0.021488138,0.20609441,0.013389581,null,null,null,null,"TWOGAUSSIANS",8,6.093975,0.5693446,0.0059631173,0.4,0.0,0.18943106,0.009070255,0.20187782,0.010492246,0.10189154,0.087111555,0.07086594,124.42418
375316653866487564,1835549557801581440,0.41655737,2186.0570157156317,0.07741497315389724,9.768321E-5,16.608755,0.007684294,0.23549162,0.008795079,0.046612803,0.011419539,0.28571093,0.117780305,0.49039203,0.010853826,0.06352553,0.0110187465,0.048212428,0.009826065,null,null,null,null,"TWOGAUSSIANS",8,6.848226,0.23550162,0.008800576,0.2610317,0.06394942,0.2857263,0.11779897,0.49039203,0.010853826,0.35574296,0.061704982,0.048212517,0.009826032
375316653866487564,1835549832694306304,0.49049944,2206.7196266609017,2.6139698803840323,1.771261E-5,15.258332,0.010400547,0.28210598,0.004271906,0.08252026,0.009748593,0.14095518,0.010932,0.7769262,0.008180324,0.105281174,0.012520237,0.12450978,0.014972081,null,null,null,null,"TWOGAUSSIANS",8,35.046124,0.28210598,0.004273229,0.4,0.0,0.13397117,0.009527617,0.7769262,0.008180324,0.4,0.0,0.11752253,0.014114292
375316653866487564,1835550348076306944,0.4284802,2177.323653210552,2.7106307831281105,4.5933295E-5,19.43039,0.30879337,0.23961216,0.022079034,0.11918537,0.11858954,0.1717139,0.3094347,0.7174548,0.010204342,0.113367446,0.035098456,0.2709652,0.23325461,null,null,null,null,"TWOGAUSSIANS",8,4.468588,0.7174548,0.010204342,0.4,0.0,0.236826,0.021372812,0.23970217,0.021776753,0.4,0.0,0.13755189,0.09718468
375316653866487564,1835551172710158848,0.55303216,2206.627273036007,2.596328722281144,6.2385466E-6,19.480225,0.0074954135,0.24211642,0.0047281715,0.06770769,0.004549432,0.5785468,0.053099584,0.73705983,0.0040835394,0.06979231,0.0059112115,0.4871535,0.031275548,null,null,null,null,"TWOGAUSSIANS",8,1.9808335,0.24211642,0.0047281715,0.37916303,0.025476819,0.5773006,0.053816315,0.73705983,0.0040835394,0.39083695,0.021125995,0.48590732,0.031875625
375316653866487564,1835552203501825280,0.49201465,2208.6048065032446,3.0050539819851387,1.7054925E-5,19.80497,0.013494255,0.253221,0.004331707,0.084118865,0.007489484,0.29534927,0.02135905,0.74863076,0.0072568962,0.08186016,0.008846203,0.28050768,0.016268907,null,null,null,null,"TWOGAUSSIANS",8,1.2250761,0.253221,0.004331707,0.4,0.0,0.28968188,0.02139488,0.74863076,0.0072568962,0.4,0.0,0.2748403,0.0141359195
375316653866487564,1835552302281009536,0.47678217,2227.712206890847,1.745685933958869,1.2734436E-5,19.559517,0.0073519666,0.25629467,0.007593222,0.06999221,0.015607897,0.116298646,0.013097198,0.7644365,0.0028422049,0.058230273,0.0036604193,0.31002033,0.02189369,null,null,null,null,"TWOGAUSSIANS",8,1.5915728,0.7644365,0.0028422049,0.32608953,0.020498348,0.30988136,0.02189255,0.25629467,0.007593222,0.39195636,0.06104323,0.11615968,0.013217645
375316653866487564,1835552920756593920,0.4601389,2206.6501879791717,2.7984682772619736,2.1149093E-5,19.531057,0.004767908,0.2948247,0.004527395,0.019977449,0.00952644,0.060791366,0.6346096,null,null,null,null,null,null,0.08021372,0.007659379,0.2948247,0.004527395,"ONEGAUSSIAN_WITH_ELLIPSOIDAL",6,2.6551852,0.2948247,0.004527395,0.111873716,0.05334806,0.2212185,0.6345379,null,null,null,null,null,null
375316653866487564,1835553440466590080,0.5537655,2193.1804166857783,0.06927385447762598,4.9748254E-5,16.786251,0.0015643369,0.55116946,0.013866209,0.056322172,0.008379768,0.5770518,0.2947685,0.86268973,0.006603809,0.013569949,0.0075854077,0.020761792,0.07603606,null,null,null,null,"TWOGAUSSIANS",8,5.499883,0.55116946,0.013866209,0.31540418,0.0469267,0.5770518,0.2947685,0.86268973,0.006603809,0.07599171,0.042478282,0.020761922,0.07603602
375316653866487564,1835556842080892160,0.4845732,2210.564802473016,2.217567130130966,9.143854E-6,18.805735,0.0068539367,0.22142911,0.0072883167,0.027737692,0.0057087163,0.120100915,0.03762681,0.7266586,0.001860477,0.028032675,0.0017901267,0.48413405,0.029900659,0.027958844,0.015855297,0.22142911,0.0072883167,"TWOGAUSSIANS_WITH_ELLIPSOIDAL_ON_ECLIPSE1",9,9.6433935,0.7266586,0.0018586846,0.15698299,0.01002471,0.5399914,0.027355012,0.22142911,0.0072883167,0.15533108,0.03196881,0.1760186,0.030510588
375316653866487564,1835557181364515328,0.49635065,2209.787825499026,1.9926418779516228,1.1190377E-5,19.724485,0.01663432,0.28174594,0.0050370586,0.08182844,0.0076697813,0.3248622,0.021001728,0.7699178,0.003824074,0.08640504,0.0069236783,0.3222937,0.0184455,null,null,null,null,"TWOGAUSSIANS",8,2.1588397,0.28174594,0.0050370586,0.4,0.0,0.31854007,0.020164784,0.7699178,0.003824074,0.4,0.0,0.31597152,0.017112551
375316653866487564,1835558972384630528,0.5414138,2189.8721021586566,0.4087608225306629,6.045498E-6,18.035774,0.0020596923,0.15379243,0.004778276,0.020858461,0.0037951912,0.2488785,0.0405354,0.6501219,7.8969676E-4,0.022855047,9.464829E-4,0.21212539,0.008609611,0.010310312,0.0030043568,0.15379243,0.004778276,"TWOGAUSSIANS_WITH_ELLIPSOIDAL_ON_ECLIPSE1",9,2.6089675,0.15379243,0.004778276,0.11680738,0.021253072,0.2694991,0.04086636,0.65013194,7.8199717E-4,0.12798826,0.005300304,0.23273508,0.008307815
375316653866487564,1835561205767497600,0.6017172,2190.636705883601,1.1307549851305871,1.0305047E-5,17.49954,0.0036885994,0.27086163,0.004716283,0.039036054,0.0038004178,0.06145933,0.010659919,0.76801145,0.0015942041,0.035839483,0.0014542775,0.7280759,0.05009343,0.015800063,0.0051026666,0.27086163,0.004716283,"TWOGAUSSIANS_WITH_ELLIPSOIDAL_ON_ECLIPSE1",9,5.489488,0.76802146,0.0015841853,0.2007011,0.008143954,0.7596659,0.051894005,0.27086163,0.004716283,0.21860191,0.02128234,0.09305942,0.005876138
375316653866487564,1835561858588671616,0.5440999,2184.2809501647184,2.2566488311008843,9.540031E-6,19.228964,0.0072761923,0.28231496,0.002769243,0.07594887,0.0032495132,0.4576024,0.017108189,0.781515,0.0031377876,0.08031036,0.0036987085,0.43166927,0.013535198,null,null,null,null,"TWOGAUSSIANS",8,2.5086763,0.28231496,0.002769243,0.4,0.0,0.45238036,0.017470544,0.781515,0.0031377876,0.4,0.0,0.4264472,0.013743723
