Gaia/vari_eclipsing_binary/VariEclipsingBinary_687106-687199.csv
# %ECSV 1.0
# ---
# delimiter: ','
# meta: !!omap
# - RELEASE: Gaia DR3
# - TABLE: vari_eclipsing_binary
# - DESCRIPTION: >
#     This table describes the properties of the eclipsing binaries resulting from the variability analysis. 
# - CITATION: >
#     How to cite and acknowledge Gaia: 
#     https://gea.esac.esa.int/archive/documentation/credits.html 
# - KNOWN_ISSUES: >
#     Known issues: 
#     https://www.cosmos.esa.int/web/gaia-users/known-issues 
# - DOCUMENTATION: >
#     Tutorials and documentation: 
#     https://www.cosmos.esa.int/web/gaia-users/archive 
# datatype:
# - 
#   name: solution_id
#   datatype: int64
#   description: Solution Identifier
#   meta:
#     ucd: meta.version
# - 
#   name: source_id
#   datatype: int64
#   description: Unique source identifier
#   meta:
#     ucd: meta.id;meta.main
# - 
#   name: global_ranking
#   datatype: float32
#   description: Number between 0 (worst) and 1 (best)
#   meta:
#     ucd: stat.param
# - 
#   name: reference_time
#   datatype: float64
#   unit: d
#   description: Reference time used for the geometric model fit
#   meta:
#     ucd: time.epoch
# - 
#   name: frequency
#   datatype: float64
#   unit: d**-1
#   description: Frequency of geometric model of the eclipsing binary light curve
#   meta:
#     ucd: src.orbital
# - 
#   name: frequency_error
#   datatype: float32
#   unit: d**-1
#   description: "Uncertainty of \\texttt{frequency}"
#   meta:
#     ucd: stat.error
# - 
#   name: geom_model_reference_level
#   datatype: float32
#   unit: mag
#   description: Magnitude reference level of geometric model
#   meta:
#     ucd: phot.mag;em.opt
# - 
#   name: geom_model_reference_level_error
#   datatype: float32
#   unit: mag
#   description: "Uncertainty of \\texttt{geomModelReferenceLevel}"
#   meta:
#     ucd: stat.error;phot.mag;em.opt
# - 
#   name: geom_model_gaussian1_phase
#   datatype: float32
#   description: Phase of the Gaussian 1 component
#   meta:
#     ucd: time.phase
# - 
#   name: geom_model_gaussian1_phase_error
#   datatype: float32
#   description: "Uncertainty of \\texttt{geomModelGaussian1Phase}"
#   meta:
#     ucd: stat.error;time.phase
# - 
#   name: geom_model_gaussian1_sigma
#   datatype: float32
#   description: "Standard deviation [phase] of Gaussian 1 component"
#   meta:
#     ucd: stat.stdev
# - 
#   name: geom_model_gaussian1_sigma_error
#   datatype: float32
#   description: "Uncertainty of \\texttt{geomModelGaussian1Sigma}"
#   meta:
#     ucd: stat.error
# - 
#   name: geom_model_gaussian1_depth
#   datatype: float32
#   unit: mag
#   description: Magnitude depth of Gaussian 1 component
#   meta:
#     ucd: src.var.amplitude
# - 
#   name: geom_model_gaussian1_depth_error
#   datatype: float32
#   unit: mag
#   description: "Uncertainty of \\texttt{geomModelGaussian1Depth}"
#   meta:
#     ucd: stat.error;src.var.amplitude
# - 
#   name: geom_model_gaussian2_phase
#   datatype: float32
#   description: Phase of Gaussian 2 component
#   meta:
#     ucd: time.phase
# - 
#   name: geom_model_gaussian2_phase_error
#   datatype: float32
#   description: "Uncertainty of \\texttt{geomModelGaussian2Phase}"
#   meta:
#     ucd: stat.error;time.phase
# - 
#   name: geom_model_gaussian2_sigma
#   datatype: float32
[...]
#   datatype: float32
#   description: "Secondary eclipse: uncertainty of \\texttt{derivedSecondaryEclDuration}"
#   meta:
#     ucd: stat.error;time.duration
# - 
#   name: derived_secondary_ecl_depth
#   datatype: float32
#   unit: mag
#   description: "Secondary eclipse: depth"
#   meta:
#     ucd: src.var.amplitude
# - 
#   name: derived_secondary_ecl_depth_error
#   datatype: float32
#   unit: mag
#   description: "Secondary eclipse: uncertainty of \\texttt{derivedSecondaryEclDepth}"
#   meta:
#     ucd: stat.error;src.var.amplitude
solution_id,source_id,global_ranking,reference_time,frequency,frequency_error,geom_model_reference_level,geom_model_reference_level_error,geom_model_gaussian1_phase,geom_model_gaussian1_phase_error,geom_model_gaussian1_sigma,geom_model_gaussian1_sigma_error,geom_model_gaussian1_depth,geom_model_gaussian1_depth_error,geom_model_gaussian2_phase,geom_model_gaussian2_phase_error,geom_model_gaussian2_sigma,geom_model_gaussian2_sigma_error,geom_model_gaussian2_depth,geom_model_gaussian2_depth_error,geom_model_cosine_half_period_amplitude,geom_model_cosine_half_period_amplitude_error,geom_model_cosine_half_period_phase,geom_model_cosine_half_period_phase_error,model_type,num_model_parameters,reduced_chi2,derived_primary_ecl_phase,derived_primary_ecl_phase_error,derived_primary_ecl_duration,derived_primary_ecl_duration_error,derived_primary_ecl_depth,derived_primary_ecl_depth_error,derived_secondary_ecl_phase,derived_secondary_ecl_phase_error,derived_secondary_ecl_duration,derived_secondary_ecl_duration_error,derived_secondary_ecl_depth,derived_secondary_ecl_depth_error
[from data line 411]
375316653866487564,6044654822567343360,0.5573232,2145.9787998983365,3.024740952913579,1.5184502E-5,16.602425,0.026236335,0.18642357,0.007839019,0.08864242,0.012709112,0.29365656,0.024993772,0.6912033,0.0073417574,0.099412054,0.009949881,0.27759263,0.03357728,null,null,null,null,"TWOGAUSSIANS",8,25.95932,0.18642357,0.007839019,0.4,0.0,0.27815393,0.011446616,0.6912033,0.0073417574,0.4,0.0,0.26208827,0.023322644
375316653866487564,6044655750272000896,0.5366236,2196.2969713643906,2.2987339272959804,5.3550433E-5,19.789097,0.005506323,0.22650178,0.0076197414,0.039464187,0.004207874,0.45508882,0.051074315,0.74731237,0.1090452,0.055371016,0.041578997,0.49593678,6.1166534,null,null,null,null,"TWOGAUSSIANS",8,0.600162,0.74731237,0.1090452,0.3100777,0.23284239,0.4959365,6.116654,0.22650178,0.0076197414,0.22099945,0.023564097,0.45508856,0.05107422
375316653866487564,6044656059512477184,0.4941085,2208.359484800745,0.28440051082660234,3.302876E-6,18.438005,0.042323224,0.039829765,1.7083611E-4,0.006702254,0.0010158009,2.3575692,7.7780147,0.47630057,0.06426511,0.2061785,0.11810492,0.09647794,0.053776987,null,null,null,null,"TWOGAUSSIANS",8,33.495964,0.039829765,1.7083611E-4,0.037532624,0.0056884848,2.3599396,7.7783904,0.47630057,0.06426511,0.4,0.0,0.08628387,0.051967464
375316653866487564,6044657738834825856,0.51560295,2207.922183901776,2.760078182441061,2.8363997E-5,18.801884,0.023469048,0.2879398,0.008123297,0.10643695,0.013060394,0.25893947,0.030466964,0.7454135,0.007736429,0.09601446,0.011202652,0.29203138,0.023781858,null,null,null,null,"TWOGAUSSIANS",8,3.5931077,0.7454135,0.007736429,0.4,0.0,0.27696952,0.017775722,0.2879498,0.008122459,0.4,0.0,0.24385527,0.027471175
375316653866487564,6044658533418934144,0.666454,2218.307565858943,1.2038419319895706,2.6245773E-6,13.26328,0.0042609735,0.30922708,0.0010876631,0.09590802,0.001808971,0.38220394,0.0047792704,0.8062931,0.0019730944,0.08891247,0.0024995282,0.43648937,0.0072909743,null,null,null,null,"TWOGAUSSIANS",8,83.279625,0.8062931,0.0019730944,0.4,0.0,0.41642514,0.007858105,0.30922708,0.0010876631,0.4,0.0,0.36213887,0.0040102876
375316653866487564,6044660006577763328,0.5136115,2214.1913992778123,2.7066578975341886,2.5812637E-5,18.495638,0.0153831355,0.21690086,0.0060536936,0.089557834,0.008961015,0.18929985,0.016435545,0.71523106,0.0072934604,0.10362832,0.018378984,0.15462387,0.011415246,null,null,null,null,"TWOGAUSSIANS",8,2.0916665,0.21690086,0.0060536936,0.4,0.0,0.17770326,0.00901452,0.71523106,0.0072934604,0.4,0.0,0.14302461,0.009321672
375316653866487564,6044661174809850240,0.5867716,2219.510496792204,2.0988803218988115,1.4025034E-5,18.4402,0.017987562,0.24646676,0.0012572497,0.04067594,0.005169107,0.5785401,0.056561265,0.74846023,0.0018453909,0.04464559,0.0036955276,0.64757425,0.04583768,0.06261843,0.022784004,0.24646676,0.0012572497,"TWOGAUSSIANS_WITH_ELLIPSOIDAL_ON_ECLIPSE1",9,7.2570767,0.74846023,0.0018453909,0.2500153,0.020694954,0.7727914,0.038828034,0.24646676,0.0012572497,0.22778527,0.028947001,0.7037769,0.08060788
375316653866487564,6044665096129179136,0.6233651,2206.8911140489913,2.57252898230624,7.048974E-6,15.892084,0.005135963,0.23846848,0.0011727597,0.05028157,0.0058584893,0.09840068,0.012564803,0.7423776,0.002363373,0.03819328,0.006257123,0.08704347,0.0072223283,0.083927974,0.0073553473,0.23846848,0.0011727597,"TWOGAUSSIANS_WITH_ELLIPSOIDAL_ON_ECLIPSE1",9,8.354914,0.23846848,0.0011727597,0.2815768,0.03280754,0.2662562,0.009904371,0.7423776,0.002363373,0.21388237,0.035039887,0.25479776,0.007698114
375316653866487564,6044666126907804288,0.4528343,2176.188904446483,0.8992002811734572,1.7595732E-5,18.546305,0.0055403197,0.20230874,0.0027059095,0.026254648,0.0050566285,0.07929893,0.016537659,0.44978872,0.13475344,0.06430224,0.048928592,0.20793632,0.20228684,null,null,null,null,"TWOGAUSSIANS",8,3.4221892,0.44978872,0.13475344,0.36009258,0.27028295,0.20793632,0.20228183,0.20237875,0.0026754239,0.14702603,0.02831712,0.079425484,0.016601333
375316653866487564,6044666431850101504,0.52497184,2229.0265336907873,3.347116656412973,2.147943E-5,18.910133,0.008908584,0.23880783,0.0043064137,0.07377451,0.004226486,0.2950184,0.018621705,0.7399664,0.0050434275,0.07271762,0.00769192,0.32840228,0.020704541,null,null,null,null,"TWOGAUSSIANS",8,2.3330998,0.7399664,0.0050434275,0.4,0.020216068,0.32661366,0.021213414,0.23880783,0.0043064137,0.4,0.0,0.29322976,0.018397078
375316653866487564,6044666706728030336,0.49632964,2198.7147034747127,1.7411698393220043,4.2914595E-5,18.01285,0.008784916,0.28416628,0.012001397,0.086222365,0.012992123,0.13773805,0.014805572,0.7932984,0.0525202,0.08068463,0.04223946,0.059761617,0.04307113,null,null,null,null,"TWOGAUSSIANS",8,1.9656808,0.28416628,0.012001397,0.4,0.0,0.13599952,0.0143885985,0.7932984,0.0525202,0.4,0.16137989,0.058023103,0.04368269
375316653866487564,6044666985914889728,0.68504757,2211.4300445504796,0.7400012219743443,9.733204E-6,16.776917,0.0043762266,0.06518436,0.0034409869,0.05776005,0.004025238,0.15295081,0.0057862396,0.56187874,0.0055459714,0.04895687,0.002838825,0.53239757,0.025081845,null,null,null,null,"TWOGAUSSIANS",8,5.9774604,0.56187874,0.0055459714,0.27415848,0.015897421,0.53238964,0.025074216,0.06518436,0.0034409869,0.3234563,0.022541333,0.15294291,0.005783821
375316653866487564,6044667260792669184,0.53052443,2184.6652357748126,1.9828483173531453,1.1487209E-5,17.77353,0.010738923,0.26044556,0.0025125772,0.036629174,0.0021660742,0.5070189,0.019023016,0.7533986,0.0027128195,0.04035977,0.002832853,0.4920445,0.02361811,null,null,null,null,"TWOGAUSSIANS",8,25.82195,0.26044556,0.0025125772,0.20512336,0.0121300155,0.5070189,0.019023016,0.7533986,0.0027128195,0.2260147,0.015863977,0.4920445,0.023618111
375316653866487564,6044667398231621760,0.49654457,2212.877198352872,2.2814376208303018,1.6985363E-5,17.604063,0.0062542497,0.13700712,0.008583736,0.061140656,0.019843658,0.07709957,0.009122787,0.63321793,0.003960902,0.07753304,0.0063225706,0.1709507,0.026692072,null,null,null,null,"TWOGAUSSIANS",8,4.4206305,0.63321793,0.003960902,0.4,0.0,0.17062624,0.02675518,0.13700712,0.008583736,0.34238768,0.111124486,0.07677512,0.009458867
375316653866487564,6044667737520256256,0.51755255,2249.1307548882046,2.820987729458186,2.1555194E-5,19.283463,0.015465648,0.3127575,0.004631325,0.087200396,0.007018221,0.4679583,0.040059905,0.7938399,0.0073610013,0.06069808,0.007754211,0.38010007,0.02051576,null,null,null,null,"TWOGAUSSIANS",8,3.1817753,0.3127575,0.004631325,0.4,0.0,0.46616352,0.04063281,0.7938399,0.0073610013,0.33990926,0.04342358,0.3783054,0.019916223
375316653866487564,6044673372517524224,0.5558835,2215.802628155459,3.1921855242409376,1.9770592E-5,18.80712,0.009384583,0.33093765,0.0030081312,0.060258158,0.005739398,0.32750985,0.02505301,0.8053305,5.052445E-4,0.015637608,9.503176E-4,0.22556949,0.0189911,0.113471374,0.013786761,0.33093765,0.0030081312,"TWOGAUSSIANS_WITH_ELLIPSOIDAL_ON_ECLIPSE1",9,5.5828586,0.33093765,0.0030081312,0.33744568,0.032140628,0.5543919,0.022226484,0.8058105,4.975111E-4,0.08757061,0.005321779,0.44673547,0.012897069
