Gaia/vari_eclipsing_binary/VariEclipsingBinary_701540-702228.csv
# %ECSV 1.0
# ---
# delimiter: ','
# meta: !!omap
# - RELEASE: Gaia DR3
# - TABLE: vari_eclipsing_binary
# - DESCRIPTION: >
#     This table describes the properties of the eclipsing binaries resulting from the variability analysis. 
# - CITATION: >
#     How to cite and acknowledge Gaia: 
#     https://gea.esac.esa.int/archive/documentation/credits.html 
# - KNOWN_ISSUES: >
#     Known issues: 
#     https://www.cosmos.esa.int/web/gaia-users/known-issues 
# - DOCUMENTATION: >
#     Tutorials and documentation: 
#     https://www.cosmos.esa.int/web/gaia-users/archive 
# datatype:
# - 
#   name: solution_id
#   datatype: int64
#   description: Solution Identifier
#   meta:
#     ucd: meta.version
# - 
#   name: source_id
#   datatype: int64
#   description: Unique source identifier
#   meta:
#     ucd: meta.id;meta.main
# - 
#   name: global_ranking
#   datatype: float32
#   description: Number between 0 (worst) and 1 (best)
#   meta:
#     ucd: stat.param
# - 
#   name: reference_time
#   datatype: float64
#   unit: d
#   description: Reference time used for the geometric model fit
#   meta:
#     ucd: time.epoch
# - 
#   name: frequency
#   datatype: float64
#   unit: d**-1
#   description: Frequency of geometric model of the eclipsing binary light curve
#   meta:
#     ucd: src.orbital
# - 
#   name: frequency_error
#   datatype: float32
#   unit: d**-1
#   description: "Uncertainty of \\texttt{frequency}"
#   meta:
#     ucd: stat.error
# - 
#   name: geom_model_reference_level
#   datatype: float32
#   unit: mag
#   description: Magnitude reference level of geometric model
#   meta:
#     ucd: phot.mag;em.opt
# - 
#   name: geom_model_reference_level_error
#   datatype: float32
#   unit: mag
#   description: "Uncertainty of \\texttt{geomModelReferenceLevel}"
#   meta:
#     ucd: stat.error;phot.mag;em.opt
# - 
#   name: geom_model_gaussian1_phase
#   datatype: float32
#   description: Phase of the Gaussian 1 component
#   meta:
#     ucd: time.phase
# - 
#   name: geom_model_gaussian1_phase_error
#   datatype: float32
#   description: "Uncertainty of \\texttt{geomModelGaussian1Phase}"
#   meta:
#     ucd: stat.error;time.phase
# - 
#   name: geom_model_gaussian1_sigma
#   datatype: float32
#   description: "Standard deviation [phase] of Gaussian 1 component"
#   meta:
#     ucd: stat.stdev
# - 
#   name: geom_model_gaussian1_sigma_error
#   datatype: float32
#   description: "Uncertainty of \\texttt{geomModelGaussian1Sigma}"
#   meta:
#     ucd: stat.error
# - 
#   name: geom_model_gaussian1_depth
#   datatype: float32
#   unit: mag
#   description: Magnitude depth of Gaussian 1 component
#   meta:
#     ucd: src.var.amplitude
# - 
#   name: geom_model_gaussian1_depth_error
#   datatype: float32
#   unit: mag
#   description: "Uncertainty of \\texttt{geomModelGaussian1Depth}"
#   meta:
#     ucd: stat.error;src.var.amplitude
# - 
#   name: geom_model_gaussian2_phase
#   datatype: float32
#   description: Phase of Gaussian 2 component
#   meta:
#     ucd: time.phase
# - 
#   name: geom_model_gaussian2_phase_error
#   datatype: float32
#   description: "Uncertainty of \\texttt{geomModelGaussian2Phase}"
#   meta:
#     ucd: stat.error;time.phase
# - 
#   name: geom_model_gaussian2_sigma
#   datatype: float32
[...]
#   datatype: float32
#   description: "Secondary eclipse: uncertainty of \\texttt{derivedSecondaryEclDuration}"
#   meta:
#     ucd: stat.error;time.duration
# - 
#   name: derived_secondary_ecl_depth
#   datatype: float32
#   unit: mag
#   description: "Secondary eclipse: depth"
#   meta:
#     ucd: src.var.amplitude
# - 
#   name: derived_secondary_ecl_depth_error
#   datatype: float32
#   unit: mag
#   description: "Secondary eclipse: uncertainty of \\texttt{derivedSecondaryEclDepth}"
#   meta:
#     ucd: stat.error;src.var.amplitude
solution_id,source_id,global_ranking,reference_time,frequency,frequency_error,geom_model_reference_level,geom_model_reference_level_error,geom_model_gaussian1_phase,geom_model_gaussian1_phase_error,geom_model_gaussian1_sigma,geom_model_gaussian1_sigma_error,geom_model_gaussian1_depth,geom_model_gaussian1_depth_error,geom_model_gaussian2_phase,geom_model_gaussian2_phase_error,geom_model_gaussian2_sigma,geom_model_gaussian2_sigma_error,geom_model_gaussian2_depth,geom_model_gaussian2_depth_error,geom_model_cosine_half_period_amplitude,geom_model_cosine_half_period_amplitude_error,geom_model_cosine_half_period_phase,geom_model_cosine_half_period_phase_error,model_type,num_model_parameters,reduced_chi2,derived_primary_ecl_phase,derived_primary_ecl_phase_error,derived_primary_ecl_duration,derived_primary_ecl_duration_error,derived_primary_ecl_depth,derived_primary_ecl_depth_error,derived_secondary_ecl_phase,derived_secondary_ecl_phase_error,derived_secondary_ecl_duration,derived_secondary_ecl_duration_error,derived_secondary_ecl_depth,derived_secondary_ecl_depth_error
[from data line 149]
375316653866487564,6173500199300713728,0.4859096,2149.462061903612,4.490125609911656,4.904498E-5,19.260498,0.044267554,0.17201602,0.0093437275,0.09293869,0.03092103,0.33036995,0.041409794,0.6687924,0.037701745,0.080750786,0.029845344,0.39770246,0.14861941,null,null,null,null,"TWOGAUSSIANS",8,4.747762,0.6687924,0.037701745,0.4,0.048320286,0.38691568,0.14735115,0.17201602,0.0093454765,0.4,0.0,0.31958282,0.057482008
375316653866487564,6173512019050345216,0.5184098,2157.154700683929,3.048629872364859,5.0058254E-5,16.239582,0.1451201,0.2317163,0.010800362,0.11666015,0.0426159,0.17438412,0.13735151,0.72202575,0.008077176,0.12831077,0.05177879,0.1690132,0.14045617,null,null,null,null,"TWOGAUSSIANS",8,17.265928,0.2318263,0.010516466,0.4,0.0,0.1352384,0.0066698436,0.72202575,0.008077176,0.4,0.0,0.12972797,0.011918606
375316653866487564,6173572728412785408,0.59168375,2142.603731051335,4.6541526618463935,1.9997766E-5,18.572636,0.01138162,0.31327906,0.011578361,0.07074293,0.0070617762,0.5432977,0.04596842,0.8026107,0.0033235534,0.07124913,0.0062239566,0.5812144,0.06902136,null,null,null,null,"TWOGAUSSIANS",8,5.18852,0.8026107,0.0033235534,0.3989951,0.00999738,0.579468,0.070307314,0.31327906,0.011578361,0.3961604,0.021796728,0.54155123,0.046024464
375316653866487564,6173615235704344448,0.48801228,2200.306251925429,0.6222547844196358,4.231307E-5,15.801937,0.004224699,0.21599288,0.007183488,0.07047269,0.012319142,0.05804571,0.0072865845,0.71199656,0.014075732,0.06866388,0.011715435,0.038818143,0.005835834,null,null,null,null,"TWOGAUSSIANS",8,8.947451,0.21599288,0.007183488,0.39464703,0.0310237,0.05791122,0.007161131,0.71199656,0.014075732,0.38451773,0.053406976,0.038683657,0.005554057
375316653866487564,6173631483565094144,0.67555994,2270.7213128756407,3.8027326339051,1.0776025E-5,17.2462,0.0361524,0.29523736,0.0049914033,0.038766805,0.009731507,0.39673933,0.08641888,0.79050314,0.0048462227,0.039061442,0.0075359168,0.6552932,0.07635245,0.16891444,0.044636484,0.29523736,0.0049914033,"TWOGAUSSIANS_WITH_ELLIPSOIDAL_ON_ECLIPSE1",9,11.031434,0.79078317,0.004432351,0.21874407,0.042201135,0.99284023,0.05748649,0.29523736,0.0049914033,0.21709411,0.054496437,0.7345677,0.046837762
375316653866487564,6173634992554080128,0.5131881,2216.2591129128923,0.0870146129200566,2.6896361E-5,16.305637,0.0035182121,0.23022749,0.0027258112,0.043772154,0.004709393,0.069163695,0.01635343,0.5432221,0.0068090055,0.025300125,0.010347374,0.9940386,2.341241,null,null,null,null,"TWOGAUSSIANS",8,11.047336,0.5432221,0.0068090055,0.1416807,0.057945292,0.9940386,2.341241,0.23022749,0.0027258112,0.24512407,0.026372598,0.069163695,0.01635343
375316653866487564,6173705631880661888,0.5467387,2204.8397754012194,3.50230756466631,1.7810939E-5,17.356216,0.02705713,0.2555234,0.0060226806,0.116878666,0.018486183,0.1861884,0.025426896,0.7670395,0.00211159,0.11085159,0.013878107,0.17919986,0.024148088,null,null,null,null,"TWOGAUSSIANS",8,1.940085,0.25550342,0.0060456377,0.4,0.0,0.15688162,0.01750187,0.7670795,0.002120391,0.4,0.0,0.14992084,0.0049560065
375316653866487564,6173709274012998400,0.62763953,2203.881343488645,1.9434624620493333,1.6446023E-5,16.541737,0.0049130744,0.2191965,0.026835507,0.07882354,0.019695997,0.14053662,0.016695881,0.7162258,0.005261126,0.059540335,0.0043000327,0.40104085,0.010234176,null,null,null,null,"TWOGAUSSIANS",8,6.558604,0.7162258,0.005261126,0.33342588,0.024080183,0.4004607,0.00967713,0.2191965,0.026835507,0.4,0.0031473746,0.13995646,0.01605961
375316653866487564,6173725496104989440,0.50679094,2224.7732185910504,4.125940989399852,2.4407374E-5,16.288542,0.018070718,0.18245849,0.058692604,0.040926144,0.044600423,0.32397303,2.31399035E10,0.77578866,0.007131549,0.040166046,0.015008599,2.6092544,41.228558,0.043456186,0.020016847,0.77578866,0.007131549,"TWOGAUSSIANS_WITH_ELLIPSOIDAL_ON_ECLIPSE2",9,155.85352,0.77578866,0.007131549,0.22492987,0.08404815,2.6961665,41.228264,0.18502848,0.057084557,0.2291864,0.24976237,0.38491714,2.31399035E10
375316653866487564,6173728828999497856,0.5827038,2203.284668345103,2.3951170700805036,1.3657912E-5,14.678488,0.020518152,0.23331997,0.0032101679,0.090675004,0.007817652,0.3089414,0.018483972,0.75271285,0.0056535504,0.100854665,0.014579665,0.16171634,0.018833093,null,null,null,null,"TWOGAUSSIANS",8,55.632607,0.23331997,0.0032101679,0.4,0.0,0.29796445,0.014121585,0.75271285,0.0056535504,0.4,0.0,0.1507375,0.012731658
375316653866487564,6173741915764060544,0.5393377,2141.7152379986596,3.811146969242474,3.0404952E-5,19.588884,0.03980323,0.26169643,0.008203415,0.060324922,0.009586551,0.6845082,0.122075714,0.76835495,0.030989967,0.06521328,0.020148266,0.86747295,0.3205,null,null,null,null,"TWOGAUSSIANS",8,6.85193,0.76835495,0.030989967,0.36519435,0.051505633,0.86702365,0.32234105,0.26169643,0.008203415,0.33781955,0.053684685,0.6840589,0.12238033
375316653866487564,6173742847771087744,0.5025176,2221.862694920061,2.282473621052545,8.213894E-5,19.711763,0.015059616,0.23459798,0.014020835,0.02760458,0.006159954,0.5653462,0.11822392,0.8610175,0.05047008,0.10516841,0.056390677,0.11237028,0.04696388,null,null,null,null,"TWOGAUSSIANS",8,2.0855124,0.23458798,0.014013181,0.15458564,0.03449574,0.5655464,0.11868109,0.8610175,0.05047008,0.4,0.0,0.11236595,0.04700705
375316653866487564,6173750299540213632,0.5476198,2197.929356849158,3.6517541699799176,1.47172705E-5,17.742313,0.05858252,0.3108447,0.035685755,0.08084867,0.044142086,0.38537,0.062025685,0.81916577,0.0077030417,0.09571894,0.018110355,0.33510393,0.04918826,null,null,null,null,"TWOGAUSSIANS",8,9.63211,0.3108447,0.035714418,0.4,0.0,0.37409747,0.041170947,0.81916577,0.0077030417,0.4,0.0,0.32383054,0.03034106
375316653866487564,6173753052614844416,0.64726436,2243.0973763074526,1.3582877521299606,1.5172853E-4,16.71468,0.0019894275,0.19275066,0.017502317,0.036684547,0.016434224,0.45198065,0.09731714,0.59438235,0.022957802,0.119789965,0.03517763,0.017390262,0.0031500217,null,null,null,null,"TWOGAUSSIANS",8,2.3146899,0.19276066,0.017503843,0.20543346,0.09203166,0.45200506,0.0973807,0.59438235,0.022957802,0.4,0.0,0.01735162,0.0031430882
375316653866487564,6173777787331175552,0.6465534,2185.376961072556,4.388223077048818,1.8795085E-5,18.622587,0.008386059,0.31876433,0.003645914,0.07419771,0.003757602,0.5836453,0.024875969,0.81933296,0.0042893426,0.070964485,0.0023821,0.6388908,0.029585257,null,null,null,null,"TWOGAUSSIANS",8,2.7201002,0.81933296,0.0042893426,0.39740112,0.011207789,0.6356979,0.029632643,0.31876433,0.003645914,0.4,0.0,0.5804524,0.02514261
375316653866487564,6173778989922052992,0.6146821,2211.339619526434,2.8115166252820103,1.8302067E-5,16.607388,0.008371472,0.30761203,0.008680726,0.086166054,0.008928716,0.2678874,0.01184197,0.8115873,0.0031192899,0.07975819,0.0038760959,0.275857,0.008711202,null,null,null,null,"TWOGAUSSIANS",8,6.551699,0.8115873,0.0031192899,0.4,0.0,0.27046967,0.0073181475,0.30761203,0.008680726,0.4,0.0,0.26250008,0.011508367
375316653866487564,6173827785045888640,0.45892724,2262.5585732096442,3.4695910134452435,7.141235E-5,17.840912,0.005895554,0.20934755,0.009098297,0.057398476,0.019647397,0.07563138,0.023213139,0.5512721,0.016227057,0.080348805,0.013304578,0.03948025,0.009926435,null,null,null,null,"TWOGAUSSIANS",8,3.004375,0.20935754,0.00909209,0.32143146,0.11002543,0.07563487,0.023222866,0.5512721,0.016227057,0.4,0.0,0.03947913,0.00992285
375316653866487564,6173839123759543808,0.595398,2204.7584117227934,1.6799908787114421,7.863263E-6,15.526929,0.01866519,0.24995749,0.0022217494,0.085200384,0.0069806054,0.31224105,0.013867039,0.77886003,0.01434824,0.098400615,0.022412345,0.1812623,0.018546857,null,null,null,null,"TWOGAUSSIANS",8,16.171091,0.24995749,0.0022170953,0.4,0.0,0.30495945,0.00962052,0.77886003,0.01434824,0.4,0.0,0.17397876,0.02000852
375316653866487564,6173856715945624960,0.61335164,2198.4962422692324,3.0946945652219524,8.322931E-6,15.378217,0.11139898,0.236233,0.0049549746,0.056248333,0.021048037,0.49966156,0.18184145,0.73340344,0.009175953,0.048578415,0.03259884,0.3762283,0.72945577,0.09950962,0.1369761,0.73340344,0.009175953,"TWOGAUSSIANS_WITH_ELLIPSOIDAL_ON_ECLIPSE2",9,143.55884,0.235973,0.0042314637,0.31499067,0.11786901,0.69860166,0.09945391,0.73340344,0.009175953,0.27203912,0.18255349,0.57522565,0.8023982
375316653866487564,6173870769078641664,0.50085783,2176.823863667798,0.9373008308468794,7.538979E-5,17.085737,0.0074064126,0.5704847,0.013222385,0.0645491,0.027183028,0.15806979,0.06112292,0.8882792,0.0041102143,0.033237804,0.0028000204,0.30677977,0.017850272,0.017616086,0.007894315,0.8882792,0.0041102143,"TWOGAUSSIANS_WITH_ELLIPSOIDAL_ON_ECLIPSE2",9,35.040127,0.8882792,0.0041102143,0.1861317,0.015680114,0.34201276,0.020224757,0.5658647,0.013865964,0.36147496,0.06845514,0.16446953,0.06143583
375316653866487564,6173898939768696704,0.6213208,2234.676927785527,4.0522471805097915,5.6054946E-6,18.25869,0.08277165,0.25080103,0.0033289616,0.039112665,0.012150155,0.4023855,0.16437782,0.7546065,0.00550043,0.051773574,0.014853489,0.4273382,0.15073188,0.1397604,0.08579758,0.25080103,0.0033289616,"TWOGAUSSIANS_WITH_ELLIPSOIDAL_ON_ECLIPSE1",9,5.9338517,0.7546065,0.00550043,0.289932,0.08317953,0.70669574,0.040676028,0.25080103,0.0033289616,0.21903092,0.06804087,0.6819028,0.050310645
375316653866487564,6173907873299480320,0.51208115,2235.1991929476917,0.7455601563703665,5.64263E-5,16.458672,0.006791438,0.14997476,7.2781484E-5,0.016638191,3.984101E-4,0.85351026,0.050601818,0.65219045,0.09075434,0.13447253,0.10669049,0.03538718,0.012491442,null,null,null,null,"TWOGAUSSIANS",8,15.973978,0.14997476,6.5086155E-5,0.09317388,0.0022310966,0.8533193,0.051107038,0.65219045,0.09075434,0.4,0.0,0.035125624,0.012941822
375316653866487564,6173925744660132352,0.59543616,2246.0361737402422,1.662199882841196,2.156788E-5,15.679427,0.41207013,0.2639423,0.0019439753,0.1527906,0.061181143,0.20812562,0.39038175,0.7561508,0.0058955406,0.13261263,0.0535295,0.21070682,0.35412127,null,null,null,null,"TWOGAUSSIANS",8,14.331909,0.7561508,0.0058955406,0.4,0.0,0.12703854,0.008072677,0.26417232,0.0020331652,0.4,0.0,0.12281798,0.007982978
375316653866487564,6173927149112787968,0.5721021,2258.5524726804474,4.510046293482898,1.7434277E-5,17.861715,0.0138397245,0.7478278,0.040616866,0.042613577,0.032141574,0.12703659,0.029383056,0.52324975,6.050965E-4,0.015916176,7.5441645E-4,0.9155425,0.03201077,null,null,null,null,"TWOGAUSSIANS",8,26.74932,0.52324975,6.050965E-4,0.08913059,0.004224732,0.9155426,0.032025278,0.7478278,0.040616866,0.23863602,0.17999281,0.12703659,0.029383056
375316653866487564,6173934055420261760,0.58755934,2187.871902067189,4.059008738275398,7.947703E-6,16.85769,0.06223418,0.27867427,0.002720981,0.11305299,0.028704992,0.21754391,0.04729097,0.780041,0.0027377387,0.107787356,0.018020416,0.2052008,0.060318276,null,null,null,null,"TWOGAUSSIANS",8,3.0458503,0.27867427,0.0027159909,0.4,0.0,0.1854257,0.015545094,0.780041,0.0027460514,0.4,0.0,0.17309849,0.009250294
375316653866487564,6173970343600407424,0.6899785,2197.424470171007,0.2514583519705429,2.4284594E-5,16.34521,0.00205126,0.3858053,0.014175073,0.017250707,0.0057194806,0.11409306,0.059448447,0.7196313,4.979647E-6,0.0063831834,6.7334804E-5,0.64149773,0.0011570222,null,null,null,null,"TWOGAUSSIANS",8,6.1574354,0.7196313,4.979647E-6,0.03574583,3.770749E-4,0.64149773,0.0011570222,0.3858053,0.014175073,0.09660396,0.032029092,0.11409306,0.059448447
375316653866487564,6173978791800907648,0.59448755,2179.360100517789,2.7787593789928353,1.0813029E-5,17.703228,0.009197119,0.20096835,0.0029701474,0.08970565,0.0056034927,0.2431488,0.011871719,0.69802606,0.002304477,0.097289294,0.005531061,0.20819396,0.010089083,null,null,null,null,"TWOGAUSSIANS",8,1.6069653,0.20096835,0.0029701474,0.4,0.0,0.23112264,0.011197039,0.69802606,0.002304477,0.4,0.0,0.19616711,0.008736883
375316653866487564,6174031607012312576,0.55614656,2110.2550719929854,4.131004523394705,5.137345E-5,17.061853,0.05962533,0.18075609,0.02002258,0.07809917,0.029157197,0.40442327,0.043481134,0.66247946,0.019929588,0.09307269,0.046053946,0.40894598,0.14220208,null,null,null,null,"TWOGAUSSIANS",8,27.372902,0.66247946,0.019929588,0.4,0.0,0.40066785,0.16139296,0.18075609,0.02002504,0.4,0.0,0.39614585,0.019986527
375316653866487564,6174048851306331136,0.48422232,2262.065233936479,1.3150428262610323,5.2868785E-5,19.144205,0.0392909,0.40386584,0.020612892,0.17523448,0.043303147,0.19216193,0.037854087,0.9051556,0.010848277,0.04603314,0.011684389,0.08351851,0.027225371,null,null,null,null,"TWOGAUSSIANS",8,3.0428615,0.40386584,0.020612892,0.4,0.0,0.17113735,0.012538049,0.90520555,0.010896203,0.2577856,0.06543258,0.06905376,0.015435542
375316653866487564,6174052871395757056,0.53784204,2243.635671404899,3.989801758894153,3.3214714E-5,19.42767,0.024389606,0.33387655,0.01768689,0.08923811,0.017152531,0.36085904,0.041688763,0.83307296,0.01024691,0.084462784,0.013389993,0.31620666,0.032810736,null,null,null,null,"TWOGAUSSIANS",8,1.7276012,0.33387655,0.01768689,0.4,0.0,0.35026065,0.034759354,0.83307296,0.01024691,0.4,0.0,0.3056084,0.03145001
375316653866487564,6174065653218466432,0.59386504,2210.919358724018,2.6458375945355783,1.8135184E-5,17.093071,0.0059953546,0.24115272,0.0035790796,0.08860457,0.004222637,0.22461726,0.0069275643,0.7431456,0.0026552975,0.101411104,0.0046781106,0.24240269,0.009398516,null,null,null,null,"TWOGAUSSIANS",8,2.5949123,0.7431456,0.0026552975,0.4,0.0,0.2281609,0.009797211,0.24115272,0.0035790796,0.4,0.0,0.21037796,0.005575234
375316653866487564,6174068749891357952,0.5484369,2268.5782325385394,2.3547452296179876,5.020137E-5,15.787535,0.014725355,0.19114089,0.009400724,0.025038334,0.016950455,0.1014208,0.052939896,0.7589544,0.010326185,0.054736037,0.008866035,0.41374192,0.018396191,null,null,null,null,"TWOGAUSSIANS",8,106.221306,0.7589544,0.010326185,0.3065218,0.0496498,0.41374192,0.018396191,0.19114089,0.009400724,0.14021467,0.09492254,0.1014208,0.052939896
375316653866487564,6174080702785270016,0.5587948,2224.564283188374,0.5620294278042489,6.61107E-6,18.316236,0.00578437,0.19964083,0.0058436985,0.058381934,0.012282946,0.04946741,0.004570152,0.7150678,5.7511724E-4,0.011279542,6.6375453E-4,0.25348392,0.040864978,null,null,null,null,"TWOGAUSSIANS",8,1.3335061,0.7150678,5.7511724E-4,0.06316543,0.0037170255,0.25348392,0.040864978,0.19964083,0.0058436985,0.3269388,0.0687845,0.04946741,0.004570152
375316653866487564,6174093450246883328,0.44701135,2206.662034641098,0.08001279230776093,2.6372385E-5,17.620413,0.060024306,0.16196465,0.010669359,0.09480935,0.033413533,0.1823186,0.06938743,0.5420734,0.02583811,0.040433135,0.029900052,0.27958947,0.08287822,null,null,null,null,"TWOGAUSSIANS",8,5.346593,0.5420734,0.02583811,0.22642554,0.1674403,0.27963805,0.07930605,0.16196465,0.010669359,0.4,0.0,0.18230824,0.06509375
375316653866487564,6174099909877863168,0.5503233,2182.1281355226456,4.140373494357825,3.6934332E-5,18.847551,0.029406525,0.25189212,0.008376259,0.0792115,0.012477063,0.4027602,0.048397582,0.74825674,0.0118056955,0.07987424,0.035928737,0.40537274,0.16867402,null,null,null,null,"TWOGAUSSIANS",8,5.100908,0.74825674,0.0118056955,0.4,0.0,0.39998809,0.18633685,0.25189212,0.008377258,0.4,9.259777E-4,0.39737558,0.04825949
375316653866487564,6174105476154899328,0.5984278,2214.7830610423234,3.2280571744525,1.7404813E-5,16.119335,0.006776944,0.30895826,0.006612979,0.07456293,0.007509728,0.2560266,0.039194223,0.8149763,0.0027100013,0.075457186,0.0039394298,0.27089584,0.009925439,null,null,null,null,"TWOGAUSSIANS",8,13.910837,0.8149763,0.0027100013,0.4,0.0,0.2691128,0.009645048,0.30895826,0.006612979,0.4,0.0,0.25424355,0.039746463
