Gaia/vari_eclipsing_binary/VariEclipsingBinary_477353-477394.csv
# %ECSV 1.0
# ---
# delimiter: ','
# meta: !!omap
# - RELEASE: Gaia DR3
# - TABLE: vari_eclipsing_binary
# - DESCRIPTION: >
#     This table describes the properties of the eclipsing binaries resulting from the variability analysis. 
# - CITATION: >
#     How to cite and acknowledge Gaia: 
#     https://gea.esac.esa.int/archive/documentation/credits.html 
# - KNOWN_ISSUES: >
#     Known issues: 
#     https://www.cosmos.esa.int/web/gaia-users/known-issues 
# - DOCUMENTATION: >
#     Tutorials and documentation: 
#     https://www.cosmos.esa.int/web/gaia-users/archive 
# datatype:
# - 
#   name: solution_id
#   datatype: int64
#   description: Solution Identifier
#   meta:
#     ucd: meta.version
# - 
#   name: source_id
#   datatype: int64
#   description: Unique source identifier
#   meta:
#     ucd: meta.id;meta.main
# - 
#   name: global_ranking
#   datatype: float32
#   description: Number between 0 (worst) and 1 (best)
#   meta:
#     ucd: stat.param
# - 
#   name: reference_time
#   datatype: float64
#   unit: d
#   description: Reference time used for the geometric model fit
#   meta:
#     ucd: time.epoch
# - 
#   name: frequency
#   datatype: float64
#   unit: d**-1
#   description: Frequency of geometric model of the eclipsing binary light curve
#   meta:
#     ucd: src.orbital
# - 
#   name: frequency_error
#   datatype: float32
#   unit: d**-1
#   description: "Uncertainty of \\texttt{frequency}"
#   meta:
#     ucd: stat.error
# - 
#   name: geom_model_reference_level
#   datatype: float32
#   unit: mag
#   description: Magnitude reference level of geometric model
#   meta:
#     ucd: phot.mag;em.opt
# - 
#   name: geom_model_reference_level_error
#   datatype: float32
#   unit: mag
#   description: "Uncertainty of \\texttt{geomModelReferenceLevel}"
#   meta:
#     ucd: stat.error;phot.mag;em.opt
# - 
#   name: geom_model_gaussian1_phase
#   datatype: float32
#   description: Phase of the Gaussian 1 component
#   meta:
#     ucd: time.phase
# - 
#   name: geom_model_gaussian1_phase_error
#   datatype: float32
#   description: "Uncertainty of \\texttt{geomModelGaussian1Phase}"
#   meta:
#     ucd: stat.error;time.phase
# - 
#   name: geom_model_gaussian1_sigma
#   datatype: float32
#   description: "Standard deviation [phase] of Gaussian 1 component"
#   meta:
#     ucd: stat.stdev
# - 
#   name: geom_model_gaussian1_sigma_error
#   datatype: float32
#   description: "Uncertainty of \\texttt{geomModelGaussian1Sigma}"
#   meta:
#     ucd: stat.error
# - 
#   name: geom_model_gaussian1_depth
#   datatype: float32
#   unit: mag
#   description: Magnitude depth of Gaussian 1 component
#   meta:
#     ucd: src.var.amplitude
# - 
#   name: geom_model_gaussian1_depth_error
#   datatype: float32
#   unit: mag
#   description: "Uncertainty of \\texttt{geomModelGaussian1Depth}"
#   meta:
#     ucd: stat.error;src.var.amplitude
# - 
#   name: geom_model_gaussian2_phase
#   datatype: float32
#   description: Phase of Gaussian 2 component
#   meta:
#     ucd: time.phase
# - 
#   name: geom_model_gaussian2_phase_error
#   datatype: float32
#   description: "Uncertainty of \\texttt{geomModelGaussian2Phase}"
#   meta:
#     ucd: stat.error;time.phase
# - 
#   name: geom_model_gaussian2_sigma
#   datatype: float32
[...]
#   datatype: float32
#   description: "Secondary eclipse: uncertainty of \\texttt{derivedSecondaryEclDuration}"
#   meta:
#     ucd: stat.error;time.duration
# - 
#   name: derived_secondary_ecl_depth
#   datatype: float32
#   unit: mag
#   description: "Secondary eclipse: depth"
#   meta:
#     ucd: src.var.amplitude
# - 
#   name: derived_secondary_ecl_depth_error
#   datatype: float32
#   unit: mag
#   description: "Secondary eclipse: uncertainty of \\texttt{derivedSecondaryEclDepth}"
#   meta:
#     ucd: stat.error;src.var.amplitude
solution_id,source_id,global_ranking,reference_time,frequency,frequency_error,geom_model_reference_level,geom_model_reference_level_error,geom_model_gaussian1_phase,geom_model_gaussian1_phase_error,geom_model_gaussian1_sigma,geom_model_gaussian1_sigma_error,geom_model_gaussian1_depth,geom_model_gaussian1_depth_error,geom_model_gaussian2_phase,geom_model_gaussian2_phase_error,geom_model_gaussian2_sigma,geom_model_gaussian2_sigma_error,geom_model_gaussian2_depth,geom_model_gaussian2_depth_error,geom_model_cosine_half_period_amplitude,geom_model_cosine_half_period_amplitude_error,geom_model_cosine_half_period_phase,geom_model_cosine_half_period_phase_error,model_type,num_model_parameters,reduced_chi2,derived_primary_ecl_phase,derived_primary_ecl_phase_error,derived_primary_ecl_duration,derived_primary_ecl_duration_error,derived_primary_ecl_depth,derived_primary_ecl_depth_error,derived_secondary_ecl_phase,derived_secondary_ecl_phase_error,derived_secondary_ecl_duration,derived_secondary_ecl_duration_error,derived_secondary_ecl_depth,derived_secondary_ecl_depth_error
[from data line 226]
375316653866487564,4198993640435176064,0.68471795,2171.540321321105,3.1371436519043696,5.542656E-6,16.842812,0.011518108,0.17027916,0.026511766,0.04314362,0.024059761,0.45147124,167.83635,0.6754699,0.001126347,0.04566145,0.0019980855,0.5946548,0.028968113,0.14471671,0.015126535,0.6754699,0.001126347,"TWOGAUSSIANS_WITH_ELLIPSOIDAL_ON_ECLIPSE2",9,14.587965,0.6754699,0.001126347,0.25570413,0.011189279,0.884088,0.016755363,0.17072916,0.026842821,0.24160425,0.13473466,0.7406232,167.8311
375316653866487564,4198994297580339584,0.56704515,2160.9562982264038,2.5003608913556974,8.219596E-5,18.639826,0.0148313735,0.2614003,0.01511188,0.09728345,0.018341798,0.17910324,0.035204973,0.76737756,0.012304838,0.083262615,0.010092496,0.29047245,0.027405651,null,null,null,null,"TWOGAUSSIANS",8,1.6184894,0.76737756,0.012304838,0.4,0.0,0.28174287,0.021074258,0.2614003,0.01511188,0.4,0.0,0.17037298,0.03787834
375316653866487564,4198996015584971264,0.55953586,2147.240759082481,2.0926210653929274,2.3570543E-5,18.222624,0.013718565,0.23019329,0.0068403822,0.074771896,0.006676943,0.64687777,0.032588623,0.72966886,0.0030210975,0.07572794,0.006196926,0.5866226,0.05795818,null,null,null,null,"TWOGAUSSIANS",8,12.577156,0.23019329,0.0068403822,0.4,0.0,0.64199525,0.032850154,0.72966886,0.0030210975,0.4,0.0,0.5817401,0.059412118
375316653866487564,4198996908918737024,0.54040694,2146.0301265777953,0.9730828442727245,1.4524832E-5,18.791233,0.013900406,0.29386953,0.0035582862,0.049493432,0.0071643014,0.63347393,0.19613397,0.79041344,0.01557931,0.044916917,0.018796109,0.15289705,0.034450646,null,null,null,null,"TWOGAUSSIANS",8,3.5323894,0.29386953,0.0035582862,0.2771632,0.040120088,0.6334735,0.19613536,0.79041344,0.01557931,0.25153473,0.10525821,0.15289661,0.03445151
375316653866487564,4198997664834876928,0.6093154,2192.605917824852,0.4276732434441731,1.3329836E-6,17.0185,0.004938264,0.43097672,2.7147107E-4,0.012717894,2.3480026E-4,0.6146305,0.010274773,0.87195235,0.063394405,0.04169061,0.027607108,0.4092695,0.5800555,null,null,null,null,"TWOGAUSSIANS",8,7.8764124,0.43097672,2.7147107E-4,0.07122021,0.0013148814,0.6146305,0.010274773,0.87195235,0.063394405,0.23346741,0.1545998,0.4092695,0.5800555
375316653866487564,4198998485158496128,0.57856804,2234.6461033553246,0.16521199664184621,7.438507E-5,14.2416525,0.0029381227,0.3495506,3.6362375E-4,0.006318888,3.787051E-4,0.23465644,0.011765666,0.77115977,0.03447878,0.04032827,0.028341651,0.13395202,0.953825,0.0025332177,0.0039356817,0.3495506,3.6362375E-4,"TWOGAUSSIANS_WITH_ELLIPSOIDAL_ON_ECLIPSE1",9,67.61335,0.3495506,3.6362375E-4,0.035385773,0.0021207486,0.23972283,0.01285778,0.7714798,0.034089975,0.22583832,0.15871325,0.13788979,0.9557169
375316653866487564,4198998661267624064,0.49873278,2196.8845428813074,2.8302628198193798,2.641473E-5,19.121649,0.117879696,0.20224585,0.009473098,0.11618353,0.02378221,0.37265792,0.11586789,0.6800359,0.007521991,0.13433501,0.033322208,0.35245585,0.11269518,null,null,null,null,"TWOGAUSSIANS",8,2.6606011,0.20266585,0.008888811,0.4,0.0,0.2914355,0.020887706,0.6800359,0.007521991,0.4,0.0,0.27051002,0.031847518
375316653866487564,4198998798724181760,0.56747407,2204.632125412313,0.05056639835504289,5.6874593E-5,17.076515,0.003906075,0.2938327,3.803875E-5,0.009827986,2.1292007E-4,1.3401803,0.06720106,null,null,null,null,null,null,null,null,null,null,"ONEGAUSSIAN",5,10.764836,0.2938327,3.803875E-5,0.055036724,0.0011923525,1.3401803,0.0,null,null,null,null,null,null
375316653866487564,4199000413635360384,0.457106,2233.285548294925,0.40567708337873687,4.827912E-5,18.802994,0.013449178,0.23811628,0.008648256,0.019504027,0.0057528443,0.21033187,0.057961226,0.6166819,0.09771574,0.06712491,0.06478188,0.05389465,0.03982239,null,null,null,null,"TWOGAUSSIANS",8,2.2578871,0.23811628,0.008648256,0.10922255,0.032215927,0.21033187,0.05791604,0.6166819,0.09771574,0.37589952,0.075767,0.05389465,0.039331466
375316653866487564,4199000825948642176,0.6273744,2213.779752694296,2.7637792468613758,1.3364007E-5,17.403332,0.033156395,0.250158,0.0019484147,0.073596865,0.005937353,0.51209456,0.026466317,0.7514706,0.0154034365,0.09967737,0.019306354,0.60076183,0.04317904,null,null,null,null,"TWOGAUSSIANS",8,9.520264,0.7514706,0.0154034365,0.4,0.0,0.5838742,0.03832721,0.250158,0.0019484147,0.4,0.007867333,0.4952111,0.0147600975
375316653866487564,4199000855980386176,0.5105495,2234.4731816040603,2.0187155090241795,3.726312E-5,16.322746,0.0021135355,0.78979707,0.005811961,0.04180523,0.018810287,0.0010408432,0.110038735,null,null,null,null,null,null,0.03665297,0.0019383243,0.78979707,0.005811961,"ONEGAUSSIAN_WITH_ELLIPSOIDAL",6,7.8074884,0.78979707,0.005811961,0.23410928,0.105337605,0.07434661,0.11018171,null,null,null,null,null,null
375316653866487564,4199001375691098368,0.50697803,2167.755107800604,3.0504019866468504,7.508702E-5,19.505964,0.013551732,0.24731135,0.008413673,0.06440268,0.019092381,0.19179408,0.021578806,0.74587476,0.04815399,0.08068881,0.01178495,0.18057582,0.08459889,null,null,null,null,"TWOGAUSSIANS",8,0.98413736,0.24731135,0.008413673,0.36065498,0.09447323,0.19085506,0.02233212,0.74587476,0.04815399,0.4,0.0,0.17963679,0.08376948
375316653866487564,4199001513130009216,0.5337668,2235.4306973818266,3.989084945379631,6.0046328E-5,18.818602,0.00823205,0.39842784,0.004720269,0.14076617,0.00887317,0.2889826,0.030024733,0.72736543,0.0590434,0.017964393,0.015535413,0.31073612,3.98904,null,null,null,null,"TWOGAUSSIANS",8,3.4064572,0.72736543,0.0590434,0.10060061,0.08699831,0.32852963,3.9770453,0.39842784,0.004720269,0.4,0.0,0.28792998,0.030369358
375316653866487564,4199001822367803392,0.6757756,2253.717668457832,1.2919965491828809,6.4924657E-6,16.84011,0.0032905322,0.34913176,5.6498346E-4,0.047949553,7.555814E-4,0.63246304,0.00842766,0.8499628,0.0060341475,0.06031387,0.0044723223,0.1440104,0.015254676,null,null,null,null,"TWOGAUSSIANS",8,5.2421303,0.34913176,5.6498346E-4,0.2685175,0.004231256,0.6324508,0.008426832,0.8499628,0.0060341475,0.33775768,0.025045006,0.14399819,0.0152568
375316653866487564,4199001856741334016,0.60472804,2229.1249777605553,2.3269439396783045,2.5605124E-5,17.377045,0.008935504,0.2830644,0.009063488,0.09520623,0.014178986,0.11729675,0.026666189,0.7745858,0.004498835,0.071294054,0.0070565287,0.3191973,0.021422971,null,null,null,null,"TWOGAUSSIANS",8,4.3795457,0.7745858,0.004498835,0.39924672,0.014835766,0.31591338,0.023833435,0.2830644,0.009063488,0.4,0.0,0.11401258,0.027623335
375316653866487564,4199002573967489024,0.5312231,2252.8531368757754,3.875142408487098,1.379201E-5,18.04209,0.3832282,0.27327362,0.0093252435,0.14761923,0.017837545,0.50079083,0.28725412,0.7535881,0.005467474,0.20173359,0.08550354,0.48763543,0.37278217,null,null,null,null,"TWOGAUSSIANS",8,1.9770013,0.27981362,0.003086618,0.4,0.0,0.22800224,0.030786417,0.7535881,0.005467474,0.4,0.0,0.1717075,0.01072096
375316653866487564,4199003467320753408,0.5485667,2227.7978017390797,2.360069438971536,3.2681357E-5,18.421963,0.0133393565,0.2643297,0.015099574,0.082333565,0.016300177,0.13316584,0.015133947,0.75226265,0.014446959,0.084776014,0.017254869,0.23402694,0.024800526,null,null,null,null,"TWOGAUSSIANS",8,2.1323452,0.75226265,0.014446959,0.4,0.0,0.23079981,0.026059229,0.2643297,0.015099574,0.4,0.012986203,0.12993872,0.012726057
375316653866487564,4199004055748194560,0.5462513,2195.734071789393,2.7181321777544283,3.7306E-5,19.214792,0.034617223,0.37286666,0.006568473,0.061094273,0.010479087,0.6949976,0.13482958,0.84524035,0.011263229,0.074411,0.009794122,0.56275505,0.061154816,null,null,null,null,"TWOGAUSSIANS",8,5.415036,0.37286666,0.006568473,0.34212792,0.05868289,0.69437003,0.13584425,0.84524035,0.011263229,0.4,0.008930836,0.5621274,0.060957026
375316653866487564,4199004639880167552,0.6457412,2270.490061713034,2.4622471299293287,7.7007435E-6,17.032904,0.004749413,0.22284524,0.0029923106,0.06959889,0.0022182928,0.54535204,0.010204556,0.73456126,0.0016229036,0.07546836,0.0016368629,0.57864034,0.011719629,null,null,null,null,"TWOGAUSSIANS",8,6.9734745,0.73456126,0.0016229036,0.4,0.0,0.57640773,0.011723725,0.22284524,0.0029923106,0.3897538,0.012422439,0.54311943,0.010159089
375316653866487564,4199004979151820032,0.4993532,2209.0319195951356,0.9675262616759102,4.061219E-5,18.693026,0.019578602,0.29156664,0.0055001946,0.05894792,0.012346121,0.13842827,0.020102983,0.80187804,0.01263375,0.080152474,0.017762514,0.1079321,0.021623883,null,null,null,null,"TWOGAUSSIANS",8,2.367032,0.29156664,0.0055001946,0.33010834,0.06913827,0.13814576,0.019224813,0.80187804,0.01263375,0.4,0.0,0.10764959,0.02044115
375316653866487564,4199005425825806080,0.5777201,2223.5260974521684,3.7009991772571116,2.0086598E-5,19.203487,0.018108215,0.20587908,0.00538304,0.07076334,0.00907103,0.63628596,0.12858732,0.7116481,0.008268362,0.06835391,0.0064925347,0.7088686,0.08809928,null,null,null,null,"TWOGAUSSIANS",8,2.1206002,0.7116481,0.008268362,0.38278192,0.036358193,0.7070594,0.088785395,0.20587908,0.00538304,0.39627472,0.01641741,0.6344767,0.1303556
375316653866487564,4199005945536859264,0.5565948,2232.7986314882473,3.0174460670809147,2.0978261E-5,19.039047,0.036923528,0.3049161,0.017380917,0.09926321,0.02658036,0.37451068,0.08849082,0.7896992,0.0024958358,0.08327611,0.006143981,0.51200044,0.03459292,null,null,null,null,"TWOGAUSSIANS",8,3.3827438,0.7896992,0.0024958358,0.4,0.0,0.49604195,0.023151578,0.3049161,0.017380917,0.4,0.0,0.35854927,0.10364825
375316653866487564,4199006529649463424,0.58931464,2212.8699571265197,3.9181920248539845,4.0393865E-5,19.503674,0.041796528,0.2576038,0.0073767537,0.09440584,0.011912038,0.5291308,0.040268276,0.7879395,0.0158664,0.07838633,0.019028325,0.59140676,0.11814147,null,null,null,null,"TWOGAUSSIANS",8,1.1364763,0.7879395,0.01586544,0.4,0.0,0.5814424,0.13218272,0.2576038,0.0073767537,0.4,0.0,0.51916414,0.02433081
375316653866487564,4199008930516614656,0.5383091,2264.975642953115,2.5242074388130975,3.6325913E-5,17.61973,0.26407328,0.35181785,0.020155566,0.12596257,0.047809273,0.36990473,0.26153678,0.85852545,0.010838991,0.121417664,0.055863228,0.34282482,0.24821317,null,null,null,null,"TWOGAUSSIANS",8,10.27068,0.35177785,0.020213302,0.4,0.0,0.2825979,0.050445527,0.85860544,0.0107481945,0.4,0.0,0.2556583,0.024897903
375316653866487564,4199009518963506944,0.58918494,2210.7043305852003,1.6342064973017842,1.4436321E-5,16.801777,0.028073357,0.20323925,0.026031826,0.054373663,0.011673817,0.821836,0.2602424,0.6430621,0.012732288,0.088527255,0.009762495,0.75614274,0.05967767,null,null,null,null,"TWOGAUSSIANS",8,57.90349,0.20323925,0.026031826,0.3044925,0.065373376,0.8211428,0.25986522,0.6430621,0.012732288,0.4,0.0,0.75544626,0.0593406
375316653866487564,4199010515384654848,0.53265685,2206.9570581025905,2.59605240546417,1.1169652E-4,19.570219,0.01924397,0.26253974,0.012695999,0.060844865,0.007946715,0.42314252,0.04221872,0.751306,0.031136962,0.069085866,0.025818635,0.5850731,0.1154088,null,null,null,null,"TWOGAUSSIANS",8,3.0561674,0.751306,0.031136962,0.38688087,0.1346874,0.584637,0.11602234,0.26253974,0.012695999,0.34073123,0.0445016,0.42270645,0.04189508
375316653866487564,4199011954174081536,0.5366064,2292.4671991738564,2.4945870380073374,1.4860116E-5,17.850304,0.00926317,0.3351614,0.0026013856,0.086173646,0.004953048,0.23014209,0.012346257,0.8404428,0.022677686,0.08060011,0.018605752,0.23064804,0.038227055,null,null,null,null,"TWOGAUSSIANS",8,5.5419044,0.8404428,0.022677686,0.4,0.0,0.22597082,0.04241715,0.3351614,0.0026013856,0.4,0.0,0.22546484,0.011463147
375316653866487564,4199012508260806144,0.64727604,2264.073476846386,2.848639656871888,7.1389427E-6,17.432371,0.032781266,0.18553014,0.0025292481,0.047850575,0.03720695,0.22364137,2.347399,0.68255466,0.002197446,0.052657954,0.0053164363,0.46371445,0.07098053,0.12660642,0.03921032,0.18553014,0.0025292481,"TWOGAUSSIANS_WITH_ELLIPSOIDAL_ON_ECLIPSE1",9,5.4788375,0.6828746,0.0019536135,0.29488456,0.029772041,0.716842,0.022092303,0.18553014,0.0025292481,0.26796323,0.20835893,0.47684795,2.3785758
375316653866487564,4199012817498504832,0.49484408,2222.128371128778,2.8131088994750657,6.8016656E-5,19.236603,0.020320382,0.29713792,0.015025446,0.087682955,0.019283941,0.1820932,0.023975145,0.76801723,0.009255713,0.100440264,0.019979928,0.14874652,0.024742218,null,null,null,null,"TWOGAUSSIANS",8,1.1588919,0.29713792,0.015016802,0.4,0.0,0.17586271,0.015814023,0.76801723,0.009255713,0.4,0.0,0.14251348,0.024378203
375316653866487564,4199013882650529280,0.54695356,2194.3729057101496,3.0055490491404586,3.470902E-5,18.559256,0.02136343,0.2781477,0.008569987,0.045819066,0.020657966,0.11432101,0.044456936,0.8212264,0.08243579,0.048912358,0.050110783,0.50397784,0.9076161,0.091456264,0.025012098,0.2781477,0.008569987,"TWOGAUSSIANS_WITH_ELLIPSOIDAL_ON_ECLIPSE1",9,6.0238366,0.8212264,0.0813906,0.27390918,0.23251517,0.6738126,0.8938765,0.2781477,0.008569987,0.25658676,0.11568461,0.29723245,0.029258864
375316653866487564,4199014604194451328,0.4757283,2200.5552199519143,1.6083190629803426,8.836867E-6,18.808542,0.002507155,0.76733446,0.003545418,0.036575466,0.0035160962,0.0047599627,0.0049589165,null,null,null,null,null,null,0.071250804,0.004018984,0.76733446,0.003545418,"ONEGAUSSIAN_WITH_ELLIPSOIDAL",6,4.3997107,0.76733446,0.003545418,0.2048226,0.01969014,0.14726138,0.0043863854,null,null,null,null,null,null
375316653866487564,4199014668593566464,0.5889776,2258.1474932714423,1.003482672501527,2.1529931E-4,18.692375,0.0049092784,0.4000883,0.009342771,0.050258756,0.0047293827,0.51315856,0.041734193,null,null,null,null,null,null,null,null,null,null,"ONEGAUSSIAN",5,1.6963546,0.4000883,0.009342771,0.28144902,0.026484543,0.51315856,0.0,null,null,null,null,null,null
375316653866487564,4199014672924575104,0.63809043,2216.7731330439533,0.7625805098088305,1.1157633E-5,14.265253,0.0050032344,0.16347302,0.0030530184,0.08409997,0.0026149442,0.44265527,0.007897985,0.656861,0.003147312,0.08579595,0.0052985167,0.34715655,0.009474386,null,null,null,null,"TWOGAUSSIANS",8,101.93155,0.16347302,0.0030530184,0.4,0.0,0.43348178,0.0066321953,0.656861,0.003147312,0.4,0.0,0.33798304,0.01039517
375316653866487564,4199015561946866560,0.5485669,2241.7200612800716,0.4938592807450144,1.088998E-4,18.001772,0.0040836646,0.20920482,0.034380503,0.03784699,0.019125154,0.31203586,1.9889448,0.60624397,0.02652153,0.101476654,0.0449645,0.028772267,0.0038401848,null,null,null,null,"TWOGAUSSIANS",8,1.5803186,0.20920482,0.034381177,0.21194313,0.10710087,0.31204152,1.9889303,0.60624397,0.02652153,0.4,0.0,0.028764285,0.0038625428
375316653866487564,4199016975027043456,0.47555017,2303.1769770240257,0.13261219867679955,2.2209367E-4,17.429647,0.010451289,0.4367198,0.046259936,0.068328746,0.17530413,0.20990631,0.18516815,0.8875908,0.004518487,0.033882927,0.0031824154,0.0121197235,0.0040534437,null,null,null,null,"TWOGAUSSIANS",8,5.2407546,0.4367198,0.046259936,0.382641,0.037099864,0.20990622,0.19115297,0.8875908,0.004518487,0.18974438,0.017821526,0.0121196415,0.00473971
375316653866487564,4199017039415802880,0.470063,2234.6575590881275,0.13719578966295676,3.9265553E-5,16.484873,0.0068874843,0.19584537,0.032033805,0.08802455,0.01757469,0.047041673,0.013055428,0.7056631,0.011272801,0.075501606,0.023569986,0.06327581,0.013271147,null,null,null,null,"TWOGAUSSIANS",8,2.7766178,0.7056631,0.011272801,0.4,0.037184425,0.062444355,0.0144745605,0.19584537,0.032033805,0.4,0.0,0.04621021,0.012843411
375316653866487564,4199017181185513728,0.5457237,2231.9440552624787,2.9499303644123227,1.2828551E-5,16.926264,0.0024521237,null,null,null,null,null,null,null,null,null,null,null,null,0.0777269,0.0039355434,0.30390516,0.0034667805,"ELLIPSOIDAL",4,6.5358467,null,null,null,null,null,null,null,null,null,null,null,null
