Gaia/vari_eclipsing_binary/VariEclipsingBinary_484854-484878.csv
# %ECSV 1.0
# ---
# delimiter: ','
# meta: !!omap
# - RELEASE: Gaia DR3
# - TABLE: vari_eclipsing_binary
# - DESCRIPTION: >
#     This table describes the properties of the eclipsing binaries resulting from the variability analysis. 
# - CITATION: >
#     How to cite and acknowledge Gaia: 
#     https://gea.esac.esa.int/archive/documentation/credits.html 
# - KNOWN_ISSUES: >
#     Known issues: 
#     https://www.cosmos.esa.int/web/gaia-users/known-issues 
# - DOCUMENTATION: >
#     Tutorials and documentation: 
#     https://www.cosmos.esa.int/web/gaia-users/archive 
# datatype:
# - 
#   name: solution_id
#   datatype: int64
#   description: Solution Identifier
#   meta:
#     ucd: meta.version
# - 
#   name: source_id
#   datatype: int64
#   description: Unique source identifier
#   meta:
#     ucd: meta.id;meta.main
# - 
#   name: global_ranking
#   datatype: float32
#   description: Number between 0 (worst) and 1 (best)
#   meta:
#     ucd: stat.param
# - 
#   name: reference_time
#   datatype: float64
#   unit: d
#   description: Reference time used for the geometric model fit
#   meta:
#     ucd: time.epoch
# - 
#   name: frequency
#   datatype: float64
#   unit: d**-1
#   description: Frequency of geometric model of the eclipsing binary light curve
#   meta:
#     ucd: src.orbital
# - 
#   name: frequency_error
#   datatype: float32
#   unit: d**-1
#   description: "Uncertainty of \\texttt{frequency}"
#   meta:
#     ucd: stat.error
# - 
#   name: geom_model_reference_level
#   datatype: float32
#   unit: mag
#   description: Magnitude reference level of geometric model
#   meta:
#     ucd: phot.mag;em.opt
# - 
#   name: geom_model_reference_level_error
#   datatype: float32
#   unit: mag
#   description: "Uncertainty of \\texttt{geomModelReferenceLevel}"
#   meta:
#     ucd: stat.error;phot.mag;em.opt
# - 
#   name: geom_model_gaussian1_phase
#   datatype: float32
#   description: Phase of the Gaussian 1 component
#   meta:
#     ucd: time.phase
# - 
#   name: geom_model_gaussian1_phase_error
#   datatype: float32
#   description: "Uncertainty of \\texttt{geomModelGaussian1Phase}"
#   meta:
#     ucd: stat.error;time.phase
# - 
#   name: geom_model_gaussian1_sigma
#   datatype: float32
#   description: "Standard deviation [phase] of Gaussian 1 component"
#   meta:
#     ucd: stat.stdev
# - 
#   name: geom_model_gaussian1_sigma_error
#   datatype: float32
#   description: "Uncertainty of \\texttt{geomModelGaussian1Sigma}"
#   meta:
#     ucd: stat.error
# - 
#   name: geom_model_gaussian1_depth
#   datatype: float32
#   unit: mag
#   description: Magnitude depth of Gaussian 1 component
#   meta:
#     ucd: src.var.amplitude
# - 
#   name: geom_model_gaussian1_depth_error
#   datatype: float32
#   unit: mag
#   description: "Uncertainty of \\texttt{geomModelGaussian1Depth}"
#   meta:
#     ucd: stat.error;src.var.amplitude
# - 
#   name: geom_model_gaussian2_phase
#   datatype: float32
#   description: Phase of Gaussian 2 component
#   meta:
#     ucd: time.phase
# - 
#   name: geom_model_gaussian2_phase_error
#   datatype: float32
#   description: "Uncertainty of \\texttt{geomModelGaussian2Phase}"
#   meta:
#     ucd: stat.error;time.phase
# - 
#   name: geom_model_gaussian2_sigma
#   datatype: float32
[...]
#   datatype: float32
#   description: "Secondary eclipse: uncertainty of \\texttt{derivedSecondaryEclDuration}"
#   meta:
#     ucd: stat.error;time.duration
# - 
#   name: derived_secondary_ecl_depth
#   datatype: float32
#   unit: mag
#   description: "Secondary eclipse: depth"
#   meta:
#     ucd: src.var.amplitude
# - 
#   name: derived_secondary_ecl_depth_error
#   datatype: float32
#   unit: mag
#   description: "Secondary eclipse: uncertainty of \\texttt{derivedSecondaryEclDepth}"
#   meta:
#     ucd: stat.error;src.var.amplitude
solution_id,source_id,global_ranking,reference_time,frequency,frequency_error,geom_model_reference_level,geom_model_reference_level_error,geom_model_gaussian1_phase,geom_model_gaussian1_phase_error,geom_model_gaussian1_sigma,geom_model_gaussian1_sigma_error,geom_model_gaussian1_depth,geom_model_gaussian1_depth_error,geom_model_gaussian2_phase,geom_model_gaussian2_phase_error,geom_model_gaussian2_sigma,geom_model_gaussian2_sigma_error,geom_model_gaussian2_depth,geom_model_gaussian2_depth_error,geom_model_cosine_half_period_amplitude,geom_model_cosine_half_period_amplitude_error,geom_model_cosine_half_period_phase,geom_model_cosine_half_period_phase_error,model_type,num_model_parameters,reduced_chi2,derived_primary_ecl_phase,derived_primary_ecl_phase_error,derived_primary_ecl_duration,derived_primary_ecl_duration_error,derived_primary_ecl_depth,derived_primary_ecl_depth_error,derived_secondary_ecl_phase,derived_secondary_ecl_phase_error,derived_secondary_ecl_duration,derived_secondary_ecl_duration_error,derived_secondary_ecl_depth,derived_secondary_ecl_depth_error
[from data line 38]
375316653866487564,4264839307350461952,0.7064007,2122.206423144307,0.7477880180963397,9.308019E-6,14.291039,0.0031941598,0.25618672,0.006400542,0.0287151,0.004492073,0.87761855,0.06674154,0.7550172,0.023429789,0.026030395,0.008283603,0.15259507,0.09679901,0.010583137,0.004059223,0.25618672,0.006400542,"TWOGAUSSIANS_WITH_ELLIPSOIDAL_ON_ECLIPSE1",9,49.465183,0.25618672,0.006400542,0.16080457,0.02515561,0.89878476,0.06258528,0.75502723,0.023420101,0.14577022,0.046388175,0.17376019,0.10047711
375316653866487564,4264840750459447424,0.6102744,2122.753671318922,2.4450300816191746,8.096202E-6,16.812187,0.014407033,0.25587404,0.0031125841,0.056185205,0.0074311947,0.18616773,0.030076943,0.7570031,0.0031770337,0.062167592,0.006780473,0.18188643,0.029908055,0.067675315,0.016338432,0.25587404,0.0031125841,"TWOGAUSSIANS_WITH_ELLIPSOIDAL_ON_ECLIPSE1",9,7.6338797,0.25587404,0.0031125841,0.31463715,0.04161469,0.3214572,0.010699554,0.7570031,0.002983889,0.34813854,0.03797065,0.31716907,0.010287742
375316653866487564,4264841712532181504,0.56753993,2107.1103750588222,0.14194802497330541,5.1310144E-6,17.417269,0.0033556009,0.3092501,2.50533E-4,0.019885926,3.4718958E-4,0.57703424,0.009743249,0.50011367,9.123919E-5,0.0076749073,2.4941596E-4,0.21412618,0.007302892,null,null,null,null,"TWOGAUSSIANS",8,9.168764,0.3092501,2.50533E-4,0.11136118,0.0019442616,0.57703424,0.009743249,0.50011367,9.123919E-5,0.042979483,0.0013967294,0.21412618,0.007302892
375316653866487564,4264841776919013760,0.5181704,2121.8602440969576,3.011030018003287,2.5320822E-5,18.651218,0.012789093,0.29628146,0.009014682,0.077460825,0.0104124565,0.25781336,0.017551195,0.80841917,0.010738262,0.072760895,0.013673632,0.26636502,0.030321773,null,null,null,null,"TWOGAUSSIANS",8,4.688829,0.80841917,0.010738262,0.4,0.04346926,0.26479772,0.031343438,0.29628146,0.009014682,0.4,0.0,0.2562461,0.017082313
375316653866487564,4264842193541947648,0.5133135,2132.8030933397267,0.12849631111556656,5.218491E-6,17.251535,0.0030979393,0.09441332,4.3835418E-4,0.008724947,4.2585377E-4,0.3560191,0.055433676,null,null,null,null,null,null,null,null,null,null,"ONEGAUSSIAN",5,10.607075,0.09441332,4.3835418E-4,0.048859704,0.0023847811,0.3560191,0.0,null,null,null,null,null,null
375316653866487564,4264842227901688704,0.48706537,2127.5872079731635,3.081748654056002,3.215125E-5,19.326729,0.030575607,0.299491,0.004823425,0.07453911,0.012928223,0.3343733,0.03364606,0.8056594,0.010168423,0.068639755,0.018460864,0.37205958,0.052690495,null,null,null,null,"TWOGAUSSIANS",8,2.691711,0.8056594,0.010168423,0.3843826,0.05592788,0.37070075,0.053505868,0.299491,0.004823425,0.4,0.013320202,0.33301446,0.033920527
375316653866487564,4264842296621358848,0.44092512,2111.957542757083,2.3811780355578875,4.9915303E-5,17.857557,0.0102794655,0.21084431,0.012478658,0.06252989,0.035476368,0.106478736,0.028000345,0.68434775,0.02259392,0.088470004,0.016272454,0.09031666,0.01966798,null,null,null,null,"TWOGAUSSIANS",8,7.7066474,0.21084431,0.012478658,0.3501674,0.07464532,0.10604347,0.032507014,0.68434775,0.02259392,0.4,0.0,0.08988134,0.018575268
375316653866487564,4264842537165962496,0.5363565,2106.3959254283536,2.1383110676438704,1.9599978E-5,17.57223,0.041004952,0.20477876,0.0039708335,0.113447346,0.016460897,0.2504128,0.038541127,0.7064296,0.0043092445,0.10645766,0.014546884,0.27448833,0.039305575,null,null,null,null,"TWOGAUSSIANS",8,6.3134656,0.7064296,0.0043247594,0.4,0.0,0.23575264,0.013944061,0.20477876,0.0039732363,0.4,0.0,0.21165566,0.01178792
375316653866487564,4264842949483150592,0.45898178,2115.1792849536273,1.8091409073384985,2.3915936E-5,17.735228,0.015752567,0.124127395,0.01940994,0.056580164,0.044912547,0.15542409,0.045940384,0.6421706,0.014170958,0.08517076,0.013696529,0.16867869,0.01949957,null,null,null,null,"TWOGAUSSIANS",8,15.897751,0.6421706,0.014170958,0.4,0.0,0.1682766,0.017360743,0.124127395,0.01940994,0.3168489,0.10009245,0.15502201,0.054319307
375316653866487564,4264843396134473600,0.4448409,2153.9156284496958,0.9898303384049335,6.6930734E-5,19.559944,0.17083411,0.16109596,0.081616804,0.15960307,0.08739398,0.096253835,0.16488087,0.5996694,0.016901286,0.14871615,0.047341563,0.26403722,0.15255225,null,null,null,null,"TWOGAUSSIANS",8,2.8249524,0.5996694,0.016901286,0.4,0.0,0.21036008,0.018182417,0.18996596,0.39572817,0.4,0.0,0.044647567,0.16101183
375316653866487564,4264843945889294592,0.5746804,2142.179740157805,1.9450174067161212,1.0710203E-5,18.965914,0.009437575,0.37560922,0.0018011844,0.057549078,0.0025112825,0.7653653,0.04289493,0.8701248,0.0033690773,0.04975115,0.0029510937,0.39424616,0.027118087,null,null,null,null,"TWOGAUSSIANS",8,2.9476492,0.37560922,0.0018011844,0.32227483,0.014063182,0.76534826,0.042903118,0.8701248,0.0033690773,0.27860644,0.016526125,0.39422917,0.027118959
375316653866487564,4264844701829651584,0.655487,2136.470528279219,1.750759935250814,5.474464E-6,15.0506315,0.0044425367,0.29037577,0.0020729655,0.10161511,0.0047075003,0.14418173,0.0034644045,0.7954206,0.0012991423,0.098726526,0.0025578702,0.1845854,0.0043001114,null,null,null,null,"TWOGAUSSIANS",8,4.9908752,0.7954206,0.0012991423,0.4,0.0,0.1710337,0.0019290557,0.29037577,0.0020729655,0.4,0.0,0.13062939,0.0024440093
375316653866487564,4264845526437203840,0.43284136,2132.88711916552,1.9144524116969883,1.0111531E-4,19.272535,0.018953744,0.122020334,0.019540822,0.09560061,0.028250322,0.13676907,0.020739472,0.5541267,0.017637191,0.08850575,0.015809836,0.19799913,0.048345864,null,null,null,null,"TWOGAUSSIANS",8,4.0015206,0.5541267,0.017637191,0.4,0.0,0.19520783,0.048072595,0.122020334,0.019537905,0.4,0.0,0.13397408,0.017619845
375316653866487564,4264845590850387712,0.47813404,2132.452171563736,0.038694668047128816,1.0097645E-4,19.394157,0.012229618,0.28872007,0.013609022,0.06084749,0.013916757,0.19248581,0.025718598,0.8473917,0.027819417,0.06127286,0.028056148,0.25015563,0.14031331,null,null,null,null,"TWOGAUSSIANS",8,2.4118836,0.8473917,0.027819417,0.343128,0.15711443,0.25014308,0.14033246,0.28872007,0.013609022,0.34074596,0.07793384,0.19247328,0.025705079
375316653866487564,4264845595182826496,0.5412671,2136.512692715676,2.756018927014434,3.894841E-5,17.685387,0.009363744,0.27460137,0.0059251883,0.069026895,0.0068129036,0.18138748,0.014058112,0.761936,0.013268128,0.06389499,0.0154553335,0.23554182,0.022143783,null,null,null,null,"TWOGAUSSIANS",8,6.817767,0.761936,0.013268128,0.35781193,0.06827044,0.23530006,0.022150222,0.27460137,0.0059251883,0.3865506,0.03465659,0.18114574,0.013775442
375316653866487564,4264846041833187456,0.53235453,2078.035635477008,2.7496752698931024,2.2847595E-5,19.286589,0.02458793,0.22669248,0.00371316,0.08233602,0.009050374,0.36186504,0.024786877,0.7126836,0.0075648814,0.07226619,0.012104743,0.3502316,0.024237603,null,null,null,null,"TWOGAUSSIANS",8,2.2449398,0.22669248,0.00371316,0.4,0.0,0.3590356,0.024624368,0.7126836,0.0075648814,0.4,0.035951488,0.3474022,0.021822732
375316653866487564,4264846041833195008,0.50507504,2125.530980566578,3.336571496560617,3.0903855E-5,19.706402,0.012589051,0.24831738,0.008572284,0.07555148,0.011377197,0.43492743,0.063158885,0.7325181,0.009930846,0.0639996,0.008803344,0.48466036,0.084780686,null,null,null,null,"TWOGAUSSIANS",8,2.3534992,0.7325181,0.009930846,0.35839775,0.049298726,0.4836771,0.084926575,0.24831738,0.008572284,0.4,0.022919804,0.43394417,0.063774586
375316653866487564,4264846041859392640,0.5786355,2129.078455583237,0.07951091570451345,2.5885013E-6,15.469492,0.005424106,0.17384243,0.0018121449,0.0016238407,6.430215E-4,2.1332896,2.856672,0.8612248,0.019239461,0.041728295,0.010685838,0.03331361,0.015633833,0.01228687,0.0066424566,0.8612248,0.019239461,"TWOGAUSSIANS_WITH_ELLIPSOIDAL_ON_ECLIPSE2",9,79.00802,0.17384243,0.0018121449,0.009093507,0.0036009203,2.1369011,2.8567564,0.8612248,0.019239461,0.23367845,0.05984069,0.057887334,0.009487102
375316653866487564,4264846140606420224,0.47260273,2089.398158305315,1.0048427453140325,2.1950736E-5,18.13999,0.0037139833,0.27695104,0.014715499,0.06694667,0.010937088,0.06729082,0.02138796,0.8283514,0.0055466793,0.021938438,0.003080127,0.14237124,0.013601235,null,null,null,null,"TWOGAUSSIANS",8,2.067091,0.8283514,0.0055466793,0.12285525,0.01724871,0.14237124,0.013601236,0.27695104,0.014715499,0.37490138,0.061247695,0.06729082,0.021387963
375316653866487564,4264847137038956800,0.5544727,2128.5791433158,3.3590057979277237,1.6732123E-5,18.658266,0.013074308,0.21790421,0.0034540265,0.08611344,0.0056679356,0.34691405,0.014950484,0.71175003,0.0033684347,0.07264796,0.005688643,0.39651334,0.013804197,null,null,null,null,"TWOGAUSSIANS",8,3.3626325,0.71175003,0.0033684347,0.4,0.002226372,0.39195698,0.013572301,0.21790421,0.0034540265,0.4,0.0,0.34235767,0.013986947
375316653866487564,4264847141371131648,0.6479861,2170.315445313632,1.2716484701890194,5.4610746E-6,15.387959,0.004912683,0.32779932,0.0024892658,0.08112318,0.0026361684,0.4140096,0.0073634135,0.8355027,0.005559825,0.081997074,0.0063112695,0.22251414,0.014912476,null,null,null,null,"TWOGAUSSIANS",8,20.020176,0.32779932,0.0024892658,0.4,0.0,0.40926263,0.006446884,0.8355027,0.005559825,0.4,0.0,0.21776716,0.015170753
375316653866487564,4264847171398749696,0.5167352,2127.7867565590172,0.026476484621833538,2.2741173E-5,18.504635,0.0663952,0.39291197,0.013370516,0.10832272,0.019341636,0.49265385,0.0643596,0.8451142,0.0070039914,0.12802152,0.015017652,0.5044097,0.06597893,null,null,null,null,"TWOGAUSSIANS",8,3.147867,0.8451142,0.0070039914,0.4,0.0,0.43675792,0.030361159,0.39353198,0.013936409,0.4,0.0,0.42596605,0.03197225
375316653866487564,4264848790638960384,0.5106738,2088.8216583840513,0.1170797366655034,1.6730955E-5,17.044956,0.0029588274,0.061295487,0.0118159475,0.008546165,0.019008275,0.107572384,0.08718077,0.6641591,0.0065257456,0.079447314,0.008641025,0.21080782,0.028463377,null,null,null,null,"TWOGAUSSIANS",8,3.680537,0.6641591,0.0065257456,0.4,0.0,0.2108078,0.028463393,0.061295487,0.0118159475,0.04785853,0.10644634,0.107573174,0.08718077
375316653866487564,4264848889385511296,0.50689036,2117.112368085858,0.10793562634793409,1.2860615E-5,19.136557,0.010153331,0.29343948,0.01146464,0.044440143,0.024625482,0.27644297,2.0709658,0.675367,0.021116823,0.035100807,0.0096071595,0.334348,0.1479088,0.08302947,0.012699675,0.29343948,0.01146464,"TWOGAUSSIANS_WITH_ELLIPSOIDAL_ON_ECLIPSE1",9,4.1493106,0.29343948,0.01146464,0.24886478,0.1379027,0.44250086,2.0693989,0.679197,0.021546332,0.19656453,0.053800095,0.42658198,0.16318542
375316653866487564,4264849065492591616,0.51260173,2101.1100384047168,3.2310788734746274,2.8915572E-5,19.271227,0.015266995,0.23917076,0.008073837,0.07603267,0.007698186,0.30509257,0.018160177,0.72147256,0.0045333775,0.0725697,0.010467629,0.40683752,0.04567798,null,null,null,null,"TWOGAUSSIANS",8,2.9531765,0.72147256,0.0045333775,0.4,0.015660597,0.40521422,0.04736341,0.23917076,0.008073837,0.4,0.0033550253,0.3034693,0.017122488
375316653866487564,4264849232978434048,0.43106964,2125.179533670463,0.30576265210037007,5.9498107E-5,18.22465,0.4785186,0.32079056,0.023596678,0.27767757,0.12088059,0.69138527,0.46919715,0.7877255,0.03707912,0.14523473,0.051160127,0.3399693,0.32839605,null,null,null,null,"TWOGAUSSIANS",8,11.2106495,0.32513055,0.014442253,0.4,0.0,0.1896154,0.021993443,0.7877255,0.03707912,0.4,0.0,0.1113389,0.011888888
375316653866487564,4264849477808884480,0.4790189,2114.0918800690874,2.5925471158491167,6.641487E-5,19.85548,0.0115458565,0.26874563,0.0060110698,0.08311072,0.00904495,0.21647006,0.014671829,0.762117,0.010840988,0.07745622,0.011337043,0.24414492,0.028948417,null,null,null,null,"TWOGAUSSIANS",8,1.3052697,0.762117,0.010840988,0.4,0.009801943,0.24098755,0.030081103,0.26874563,0.0060110698,0.4,0.0,0.2133127,0.014589229
375316653866487564,4264849683992044416,0.56824213,2121.5724848045593,0.9192832172464525,1.9364807E-4,15.193717,0.0017897544,0.54282063,0.045492876,0.05753425,0.022764945,0.013434001,0.004760658,0.82420146,0.0057369056,0.04475558,0.0037793596,0.5995188,0.041932598,null,null,null,null,"TWOGAUSSIANS",8,119.94436,0.82420146,0.0057369056,0.25063124,0.021164414,0.59951884,0.04193271,0.54282063,0.045502283,0.3221918,0.1274837,0.013434003,0.0047603315
375316653866487564,4264849787071276544,0.4607806,2118.190732041468,0.06382727323769026,6.072859E-5,19.518713,0.017089529,0.17723736,0.009529441,0.066924155,0.009260958,0.2263196,0.020016385,0.86010575,0.011438684,0.06889621,0.015091803,0.17755191,0.06554519,null,null,null,null,"TWOGAUSSIANS",8,2.4769056,0.17722736,0.009530782,0.37477526,0.051861364,0.22632276,0.020017656,0.86011577,0.0114442725,0.38581878,0.07472834,0.17755362,0.06554999
375316653866487564,4264849855766548992,0.52953106,2096.484113736965,1.1253826426750009,2.2715478E-5,19.154354,0.003253337,0.35870567,0.020792866,0.02117354,0.011842115,0.9342953,0.50438833,0.78515506,0.0025229035,0.020131564,0.0039676223,0.2844605,0.14724621,null,null,null,null,"TWOGAUSSIANS",8,1.1440696,0.35870567,0.020792866,0.118571825,0.066315845,0.9342953,0.50438833,0.78515506,0.0025229035,0.112736754,0.022218686,0.2844605,0.14724621
375316653866487564,4264849885813493248,0.4958192,2079.8268642206303,2.730489747524024,2.88209E-5,18.183174,0.012619437,0.2710331,0.0069921045,0.09501155,0.015668195,0.13503705,0.013794305,0.7618607,0.005673401,0.091275945,0.009307284,0.17230214,0.0128834285,null,null,null,null,"TWOGAUSSIANS",8,3.3518193,0.7618607,0.005673401,0.4,0.0,0.1650525,0.0084295105,0.2710331,0.0069921045,0.4,0.0,0.12778723,0.01474907
375316653866487564,4264849993205449472,0.50464725,2106.553821734535,0.07743986994669892,6.4253916E-5,19.280876,0.4221892,0.16960917,0.020965515,0.13362984,0.04848122,0.2734027,0.3076415,0.68436646,0.0071218987,0.1985883,0.09026262,0.5252761,0.4209267,null,null,null,null,"TWOGAUSSIANS",8,1.5880299,0.6847865,0.0065146736,0.4,0.0,0.28686887,0.01776537,0.16007917,0.017407743,0.4,0.0,0.079668164,0.030833513
375316653866487564,4264850302442954880,0.5504657,2094.646670589597,0.16296931605785764,2.5947686E-5,19.342682,0.006581952,0.30088195,7.38551E-6,0.0055093714,1.9876254E-4,1.4361309,0.07465926,0.8794155,0.004892974,0.022108817,0.00416564,0.19357227,0.013820531,null,null,null,null,"TWOGAUSSIANS",8,2.5715525,0.30088195,7.38551E-6,0.03085248,0.0011130703,1.4361309,0.07465926,0.8794155,0.004892974,0.12380938,0.023327585,0.19357227,0.013820531
375316653866487564,4264850469929228160,0.5343633,2091.659459084658,2.923522359572734,1.3867915E-5,18.803883,0.0140981795,0.24092221,0.0054258867,0.08339884,0.0068275435,0.3497224,0.015924891,0.7294456,0.0026381589,0.07156969,0.007603235,0.49709323,0.055390637,null,null,null,null,"TWOGAUSSIANS",8,5.53539,0.7294456,0.0026381589,0.4,0.024952013,0.4935682,0.056760855,0.24092221,0.0054258867,0.4,0.0,0.34619734,0.014836997
375316653866487564,4264851505034576256,0.45412973,2074.5180252753653,4.09730326579655,2.6915612E-5,19.634722,0.30872074,0.44158328,0.00999831,0.21860862,0.09500295,0.46411818,0.28770995,0.8527884,0.016193014,0.06765118,0.021951035,0.17077987,0.045668222,null,null,null,null,"TWOGAUSSIANS",8,2.6783621,0.44158328,0.00999831,0.4,0.0,0.37076798,0.042940646,0.8527884,0.016193014,0.37884662,0.111875184,0.16887088,0.037712455
375316653866487564,4264851539418327808,0.46372473,2082.3099952247553,3.9716724197937934,6.555682E-5,18.828255,0.008529436,0.20028397,0.007198441,0.10366056,0.010207923,0.20099762,0.017647507,0.6703953,0.05369311,0.045943335,0.043281384,0.06602107,3.5839317E13,null,null,null,null,"TWOGAUSSIANS",8,2.6369903,0.20028397,0.007198441,0.4,0.0,0.20049866,0.017720222,0.6703953,0.05369311,0.25728267,0.24237575,0.065529406,3.5839317E13
