Gaia/vari_eclipsing_binary/VariEclipsingBinary_111410-112700.csv
# %ECSV 1.0
# ---
# delimiter: ','
# meta: !!omap
# - RELEASE: Gaia DR3
# - TABLE: vari_eclipsing_binary
# - DESCRIPTION: >
#     This table describes the properties of the eclipsing binaries resulting from the variability analysis. 
# - CITATION: >
#     How to cite and acknowledge Gaia: 
#     https://gea.esac.esa.int/archive/documentation/credits.html 
# - KNOWN_ISSUES: >
#     Known issues: 
#     https://www.cosmos.esa.int/web/gaia-users/known-issues 
# - DOCUMENTATION: >
#     Tutorials and documentation: 
#     https://www.cosmos.esa.int/web/gaia-users/archive 
# datatype:
# - 
#   name: solution_id
#   datatype: int64
#   description: Solution Identifier
#   meta:
#     ucd: meta.version
# - 
#   name: source_id
#   datatype: int64
#   description: Unique source identifier
#   meta:
#     ucd: meta.id;meta.main
# - 
#   name: global_ranking
#   datatype: float32
#   description: Number between 0 (worst) and 1 (best)
#   meta:
#     ucd: stat.param
# - 
#   name: reference_time
#   datatype: float64
#   unit: d
#   description: Reference time used for the geometric model fit
#   meta:
#     ucd: time.epoch
# - 
#   name: frequency
#   datatype: float64
#   unit: d**-1
#   description: Frequency of geometric model of the eclipsing binary light curve
#   meta:
#     ucd: src.orbital
# - 
#   name: frequency_error
#   datatype: float32
#   unit: d**-1
#   description: "Uncertainty of \\texttt{frequency}"
#   meta:
#     ucd: stat.error
# - 
#   name: geom_model_reference_level
#   datatype: float32
#   unit: mag
#   description: Magnitude reference level of geometric model
#   meta:
#     ucd: phot.mag;em.opt
# - 
#   name: geom_model_reference_level_error
#   datatype: float32
#   unit: mag
#   description: "Uncertainty of \\texttt{geomModelReferenceLevel}"
#   meta:
#     ucd: stat.error;phot.mag;em.opt
# - 
#   name: geom_model_gaussian1_phase
#   datatype: float32
#   description: Phase of the Gaussian 1 component
#   meta:
#     ucd: time.phase
# - 
#   name: geom_model_gaussian1_phase_error
#   datatype: float32
#   description: "Uncertainty of \\texttt{geomModelGaussian1Phase}"
#   meta:
#     ucd: stat.error;time.phase
# - 
#   name: geom_model_gaussian1_sigma
#   datatype: float32
#   description: "Standard deviation [phase] of Gaussian 1 component"
#   meta:
#     ucd: stat.stdev
# - 
#   name: geom_model_gaussian1_sigma_error
#   datatype: float32
#   description: "Uncertainty of \\texttt{geomModelGaussian1Sigma}"
#   meta:
#     ucd: stat.error
# - 
#   name: geom_model_gaussian1_depth
#   datatype: float32
#   unit: mag
#   description: Magnitude depth of Gaussian 1 component
#   meta:
#     ucd: src.var.amplitude
# - 
#   name: geom_model_gaussian1_depth_error
#   datatype: float32
#   unit: mag
#   description: "Uncertainty of \\texttt{geomModelGaussian1Depth}"
#   meta:
#     ucd: stat.error;src.var.amplitude
# - 
#   name: geom_model_gaussian2_phase
#   datatype: float32
#   description: Phase of Gaussian 2 component
#   meta:
#     ucd: time.phase
# - 
#   name: geom_model_gaussian2_phase_error
#   datatype: float32
#   description: "Uncertainty of \\texttt{geomModelGaussian2Phase}"
#   meta:
#     ucd: stat.error;time.phase
# - 
#   name: geom_model_gaussian2_sigma
#   datatype: float32
[...]
#   datatype: float32
#   description: "Secondary eclipse: uncertainty of \\texttt{derivedSecondaryEclDuration}"
#   meta:
#     ucd: stat.error;time.duration
# - 
#   name: derived_secondary_ecl_depth
#   datatype: float32
#   unit: mag
#   description: "Secondary eclipse: depth"
#   meta:
#     ucd: src.var.amplitude
# - 
#   name: derived_secondary_ecl_depth_error
#   datatype: float32
#   unit: mag
#   description: "Secondary eclipse: uncertainty of \\texttt{derivedSecondaryEclDepth}"
#   meta:
#     ucd: stat.error;src.var.amplitude
solution_id,source_id,global_ranking,reference_time,frequency,frequency_error,geom_model_reference_level,geom_model_reference_level_error,geom_model_gaussian1_phase,geom_model_gaussian1_phase_error,geom_model_gaussian1_sigma,geom_model_gaussian1_sigma_error,geom_model_gaussian1_depth,geom_model_gaussian1_depth_error,geom_model_gaussian2_phase,geom_model_gaussian2_phase_error,geom_model_gaussian2_sigma,geom_model_gaussian2_sigma_error,geom_model_gaussian2_depth,geom_model_gaussian2_depth_error,geom_model_cosine_half_period_amplitude,geom_model_cosine_half_period_amplitude_error,geom_model_cosine_half_period_phase,geom_model_cosine_half_period_phase_error,model_type,num_model_parameters,reduced_chi2,derived_primary_ecl_phase,derived_primary_ecl_phase_error,derived_primary_ecl_duration,derived_primary_ecl_duration_error,derived_primary_ecl_depth,derived_primary_ecl_depth_error,derived_secondary_ecl_phase,derived_secondary_ecl_phase_error,derived_secondary_ecl_duration,derived_secondary_ecl_duration_error,derived_secondary_ecl_depth,derived_secondary_ecl_depth_error
[from data line 505]
375316653866487564,991074251992736768,0.53994083,2355.3731195224027,3.2775930298724516,2.9675974E-5,15.78243,0.012932849,0.35015285,0.029779542,0.056025878,0.024945812,0.088923916,0.034892067,0.78871214,0.0051455274,0.042970795,0.042581048,0.04238707,0.031686906,0.06187386,0.020718604,0.78871214,0.0051455274,"TWOGAUSSIANS_WITH_ELLIPSOIDAL_ON_ECLIPSE2",9,42.350723,0.33460283,0.028689267,0.3137449,0.10973115,0.19930476,0.0142425075,0.78871214,0.0051455274,0.24063645,0.23845387,0.16613425,0.041854
375316653866487564,991078619973905792,0.62400025,2294.551809809104,4.096704030925509,2.1867494E-5,18.868868,0.044589747,0.27692384,0.0016044994,0.03768761,0.00958708,0.27789578,0.08829505,0.7825576,0.0052180295,0.046925966,0.019961035,0.48715925,0.050745215,0.13612126,0.047899798,0.27692384,0.0016044994,"TWOGAUSSIANS_WITH_ELLIPSOIDAL_ON_ECLIPSE1",9,3.3190837,0.7825576,0.0052180295,0.2627854,0.11178179,0.75906,0.08289407,0.27692384,0.0016044994,0.21105061,0.05368765,0.5501376,0.012712587
375316653866487564,991118923947842304,0.5844409,2401.3088309858144,1.0166425043421072,2.3273707E-5,17.683435,0.0045663733,0.21839131,0.010780208,0.023085544,0.0077152946,0.6097935,0.24334162,0.71752685,0.0012188401,0.02496058,0.001572927,0.5049237,0.040911157,null,null,null,null,"TWOGAUSSIANS",8,9.096417,0.21839131,0.010780208,0.12927905,0.04320565,0.6097935,0.24334162,0.71752685,0.0012188401,0.13977924,0.008808391,0.5049237,0.040911157
375316653866487564,991122493065252992,0.41041222,2363.1034170072253,0.04528873691070159,5.1725114E-5,18.24536,0.013250763,0.7296082,0.014593072,0.121535845,0.020030027,0.23332094,0.02373747,0.51040256,0.026488453,0.016153516,0.0092806155,0.88711506,0.9608013,null,null,null,null,"TWOGAUSSIANS",8,6.824932,0.51060253,0.026564669,0.09045969,0.051971443,0.9329577,0.97315407,0.7296082,0.014593072,0.4,0.0,0.23322235,0.024043452
375316653866487564,991147816191639424,0.4793485,2323.250879193978,4.070663385378062,2.95014E-5,16.568718,0.002989812,0.4705428,0.007405375,0.050030977,0.006723731,0.20661604,0.07138903,0.8036194,0.017285405,0.037165016,0.017044961,0.032372806,0.0033940664,null,null,null,null,"TWOGAUSSIANS",8,12.601709,0.4705428,0.007405375,0.28017345,0.037652895,0.20661604,0.07138903,0.8036194,0.017285405,0.2081241,0.09545179,0.032372806,0.0033940664
375316653866487564,991148365947402496,0.6041769,2269.078912221483,4.1833796983887135,1.3162678E-5,17.697586,0.024164425,0.26973978,0.0050876546,0.050196357,0.014959912,0.3640345,0.100926705,0.7838044,0.0121693155,0.045841295,0.010878154,0.39082247,0.054151967,0.122523,0.030468827,0.26973978,0.0050876546,"TWOGAUSSIANS_WITH_ELLIPSOIDAL_ON_ECLIPSE1",9,17.635084,0.7838044,0.0121693155,0.25671124,0.06091766,0.63395774,0.033501536,0.26973978,0.0050876546,0.28109962,0.083775505,0.6090785,0.11530355
375316653866487564,991172559498279808,0.45944732,2320.2418414187237,0.06813846813304267,6.710679E-5,19.639452,0.072619714,0.18550545,0.017819023,0.1331789,0.06473402,0.22751237,0.07638738,0.6803678,0.019386012,0.08178332,0.02490588,0.37752652,0.0726634,null,null,null,null,"TWOGAUSSIANS",8,3.4082286,0.6803678,0.019386012,0.4,0.028077498,0.34484845,0.057098776,0.18550545,0.017819023,0.4,0.0,0.1944348,0.093335554
375316653866487564,991176162976263424,0.539497,2324.903019040217,0.2613819568539294,5.4706514E-5,16.68557,0.012983834,0.43799266,0.008603967,0.03113877,0.00579144,0.44516683,0.08944038,0.6822915,0.032848787,0.04025658,0.14891563,0.04893113,0.023894949,null,null,null,null,"TWOGAUSSIANS",8,25.079126,0.43799266,0.008578192,0.17437711,0.032432064,0.44516683,0.093160205,0.6822915,0.032848787,0.22543684,0.24692121,0.04893113,0.024631305
375316653866487564,991200425246061440,0.4791149,2342.435565348259,4.286440518899776,6.134418E-5,19.442085,0.036883764,0.25750363,0.010167233,0.07966592,0.018032746,0.26686102,0.038645554,0.75647575,0.027208792,0.057195283,0.029241972,0.39139113,0.041977014,null,null,null,null,"TWOGAUSSIANS",8,6.2584286,0.75647575,0.027208792,0.32029358,0.091903694,0.39063492,0.04082467,0.25750363,0.010167233,0.4,6.896904E-4,0.26610482,0.037249107
375316653866487564,991221247249335936,0.5078277,2353.0632184000247,2.637476091510676,7.716818E-5,15.796449,0.017909883,0.29986504,0.010554742,0.07094574,0.011567659,0.11205354,0.071199924,0.778121,0.011813673,0.04726587,0.01708227,0.14684342,0.04650303,0.04878734,0.026554001,0.29986504,0.010554742,"TWOGAUSSIANS_WITH_ELLIPSOIDAL_ON_ECLIPSE1",9,128.48541,0.780381,0.010672417,0.26468888,0.09566072,0.24257661,0.038492307,0.29986504,0.010554742,0.39729613,0.04810628,0.20940958,0.036312204
375316653866487564,991231142853528704,0.57397515,2352.7291385142466,1.637401238137154,4.038476E-5,15.924956,0.0072479337,0.2873026,0.014035846,0.064887695,0.015317027,0.39683864,0.21460189,0.7844948,0.0040526637,0.07307882,0.006042424,0.18856876,0.0073315306,null,null,null,null,"TWOGAUSSIANS",8,20.7994,0.2873026,0.014035846,0.36337107,0.05589942,0.39614627,0.21562505,0.7844948,0.0040526637,0.4,0.0032882239,0.18787639,0.0064611253
375316653866487564,991234711970398336,0.50319034,2307.6626896411685,2.764388259079373,9.334569E-6,17.710089,0.009397183,0.50731754,0.004182789,0.03629913,0.003913974,0.1532907,0.035513185,0.8458985,0.001662531,0.040297054,0.0025193118,0.68291724,0.06642577,0.0043229447,0.0106030535,0.8458985,0.001662531,"TWOGAUSSIANS_WITH_ELLIPSOIDAL_ON_ECLIPSE2",9,45.823654,0.8458985,0.001662531,0.2256635,0.014108147,0.6915631,0.06569324,0.50689757,0.0037830444,0.20327514,0.021918254,0.1557138,0.03618405
375316653866487564,991243954740189696,0.52206033,2337.6117904968996,3.6989592718546747,4.8535367E-5,18.45816,0.010091756,0.4486465,0.019391458,0.03960597,0.017119661,0.4766846,1.0385213,0.7478997,0.0013054953,0.011205126,0.0037512453,0.7086579,1.2384521,null,null,null,null,"TWOGAUSSIANS",8,11.680919,0.7478997,0.0013054953,0.0627487,0.021006973,0.7086579,1.2384521,0.4486465,0.019391458,0.22179344,0.09587011,0.4766846,1.0385213
375316653866487564,991246536016345600,0.60125506,2347.214504183036,2.889471659027426,1.4218602E-5,15.772114,0.015227371,0.26313156,0.006663241,0.043118928,0.004594327,0.1725942,0.028283669,0.7466469,0.03386393,0.04581604,0.019511953,0.21999846,0.11562884,0.13024086,0.01706139,0.26313156,0.006663241,"TWOGAUSSIANS_WITH_ELLIPSOIDAL_ON_ECLIPSE1",9,78.00275,0.7493469,0.03220305,0.25656983,0.10926694,0.4781492,0.12128525,0.26313156,0.006663241,0.241466,0.025728231,0.43307576,0.012929341
375316653866487564,991264265641270656,0.49816638,2369.408210085618,0.3756062793576165,5.191639E-5,16.10176,0.0022589238,0.48327252,0.040680718,0.06538271,0.015085954,0.59620345,0.44938114,0.8775537,0.014654312,0.053299934,0.013476914,0.035389457,0.0035428563,null,null,null,null,"TWOGAUSSIANS",8,10.533514,0.48327252,0.040680718,0.36614317,0.08448134,0.59620273,0.44938138,0.8775537,0.014654312,0.29847965,0.075470716,0.035388753,0.0035436
375316653866487564,991269557040998656,0.4906658,2341.3411197990376,1.5413282943624993,9.967573E-5,18.338886,0.0048942487,0.5060134,0.0035249998,0.023629243,0.007785408,0.057131227,0.028530817,0.71342486,0.022693252,0.065721944,0.014071338,0.15968697,0.03188225,null,null,null,null,"TWOGAUSSIANS",8,4.4606423,0.71342486,0.022693252,0.3680429,0.056328125,0.15968697,0.03188225,0.5065434,0.0036452676,0.13232376,0.043598283,0.058243003,0.028517455
375316653866487564,991270141156545792,0.63492286,2368.0013959571093,1.5182057454563065,9.209646E-6,15.997836,0.01039212,0.2383457,0.006009757,0.033833366,0.004323738,0.7849176,0.096642874,0.7395512,0.0023034255,0.033434343,0.0023751578,0.41694635,0.031828094,0.031178135,0.0144156935,0.2383457,0.006009757,"TWOGAUSSIANS_WITH_ELLIPSOIDAL_ON_ECLIPSE1",9,38.92321,0.2383457,0.006009757,0.18946686,0.024212934,0.8472738,0.09652039,0.7395512,0.0023034255,0.18723232,0.013300884,0.479299,0.02310301
375316653866487564,991272958654972160,0.6379527,2275.4991562632713,0.6614612548027825,3.3193066E-6,14.57579,0.0019897725,0.1907897,0.014528192,0.02872078,0.028787225,0.080689766,1.93316855E13,0.6801544,1.2916309E-4,0.025530357,2.6427678E-4,0.59464735,0.0046310825,0.011933961,0.0035564497,0.1907897,0.014528192,"TWOGAUSSIANS_WITH_ELLIPSOIDAL_ON_ECLIPSE1",9,25.364893,0.6801744,1.2454897E-4,0.14297,0.00147995,0.61840904,0.0035245672,0.1907897,0.014528192,0.16083637,0.16120847,0.10455767,1.93316855E13
375316653866487564,991283708958127744,0.50353116,2344.2753346622476,3.7533323897423387,1.905284E-5,19.782969,0.01296433,0.2552687,0.00621025,0.08294356,0.015069373,0.25080827,0.02521273,0.7541938,0.009496335,0.07709386,0.00956006,0.28723633,0.021808794,null,null,null,null,"TWOGAUSSIANS",8,0.97227615,0.7541938,0.009496335,0.4,0.0,0.2832595,0.02076874,0.2552687,0.00621025,0.4,0.0,0.24683143,0.029248688
375316653866487564,991295803585603200,0.63872427,2287.549209731023,1.6554703876771066,3.6015957E-5,16.491142,0.003963649,0.6698449,0.06342266,0.135125,0.08978798,0.0073447237,0.0038841944,0.5086083,3.58165E-4,0.033846073,0.0011363038,0.29596773,0.0019378326,null,null,null,null,"TWOGAUSSIANS",8,2.906656,0.50872827,3.5618286E-4,0.189538,0.006363301,0.29955816,0.0028995844,0.6683549,0.35375,0.4,0.0,0.007332957,0.6220685
375316653866487564,991297800745859968,0.551383,2317.016116565615,2.1129078963340264,1.5414917E-5,15.706494,0.029631177,0.30466443,0.003318083,0.060015686,0.009573159,0.366865,0.063114986,0.79394513,0.047127556,0.05896394,0.026896441,0.12336135,0.09398832,0.02313585,0.03859563,0.30466443,0.003318083,"TWOGAUSSIANS_WITH_ELLIPSOIDAL_ON_ECLIPSE1",9,82.17115,0.30466443,0.003318083,0.33608785,0.05360969,0.41306868,0.04147151,0.7949452,0.046087347,0.33019805,0.15062007,0.16937494,0.034343872
375316653866487564,991309276898494464,0.59762514,2347.803745686713,2.345001892145565,5.316259E-5,16.321028,0.0022843871,0.16433938,0.002523646,0.029291091,0.0022274905,0.31694424,0.018165186,0.6724294,0.04236104,0.029847723,0.032011963,0.116529614,4.325236E19,0.009563543,0.0052272123,0.6724294,0.04236104,"TWOGAUSSIANS_WITH_ELLIPSOIDAL_ON_ECLIPSE2",9,9.846663,0.16436937,0.002512663,0.16403012,0.012473946,0.33602214,0.018640883,0.6724294,0.04236104,0.16714725,0.17926699,0.1356567,4.325236E19
375316653866487564,991317209701767808,0.5238257,2300.587283800335,1.1730178092502395,1.285458E-5,12.183219,8.2698715E-4,0.48193425,0.0053968444,0.033869375,0.003894203,0.089218475,0.0038948304,null,null,null,null,null,null,null,null,null,null,"ONEGAUSSIAN",5,41.07784,0.48193425,0.0053968444,0.18966849,0.021807536,0.089218475,0.0,null,null,null,null,null,null
375316653866487564,991322264878342016,0.46944955,2262.958839075616,0.5840447288572048,2.36748E-5,18.087132,0.010313896,0.23752396,0.014670507,0.07461875,0.022741338,0.08068909,0.023545936,0.7731165,0.013099159,0.09539945,0.017967368,0.14021397,0.01380099,null,null,null,null,"TWOGAUSSIANS",8,3.076595,0.7731165,0.013099159,0.4,0.0,0.13868709,0.01297288,0.23752396,0.0146638565,0.4,0.031190684,0.07916324,0.024781842
375316653866487564,991322913419539200,0.51243037,2365.528277213887,1.9236618257814122,1.9751968E-5,17.434225,0.005074518,0.7922309,0.0039791977,0.019365652,0.0044250484,0.060412627,0.015968109,null,null,null,null,null,null,0.1094819,0.0077065565,0.7922309,0.0039791977,"ONEGAUSSIAN_WITH_ELLIPSOIDAL",6,16.755123,0.7922309,0.0039791977,0.108447656,0.024780272,0.27937612,0.006799795,null,null,null,null,null,null
