Gaia/vari_eclipsing_binary/VariEclipsingBinary_461856-461866.csv
# %ECSV 1.0
# ---
# delimiter: ','
# meta: !!omap
# - RELEASE: Gaia DR3
# - TABLE: vari_eclipsing_binary
# - DESCRIPTION: >
#     This table describes the properties of the eclipsing binaries resulting from the variability analysis. 
# - CITATION: >
#     How to cite and acknowledge Gaia: 
#     https://gea.esac.esa.int/archive/documentation/credits.html 
# - KNOWN_ISSUES: >
#     Known issues: 
#     https://www.cosmos.esa.int/web/gaia-users/known-issues 
# - DOCUMENTATION: >
#     Tutorials and documentation: 
#     https://www.cosmos.esa.int/web/gaia-users/archive 
# datatype:
# - 
#   name: solution_id
#   datatype: int64
#   description: Solution Identifier
#   meta:
#     ucd: meta.version
# - 
#   name: source_id
#   datatype: int64
#   description: Unique source identifier
#   meta:
#     ucd: meta.id;meta.main
# - 
#   name: global_ranking
#   datatype: float32
#   description: Number between 0 (worst) and 1 (best)
#   meta:
#     ucd: stat.param
# - 
#   name: reference_time
#   datatype: float64
#   unit: d
#   description: Reference time used for the geometric model fit
#   meta:
#     ucd: time.epoch
# - 
#   name: frequency
#   datatype: float64
#   unit: d**-1
#   description: Frequency of geometric model of the eclipsing binary light curve
#   meta:
#     ucd: src.orbital
# - 
#   name: frequency_error
#   datatype: float32
#   unit: d**-1
#   description: "Uncertainty of \\texttt{frequency}"
#   meta:
#     ucd: stat.error
# - 
#   name: geom_model_reference_level
#   datatype: float32
#   unit: mag
#   description: Magnitude reference level of geometric model
#   meta:
#     ucd: phot.mag;em.opt
# - 
#   name: geom_model_reference_level_error
#   datatype: float32
#   unit: mag
#   description: "Uncertainty of \\texttt{geomModelReferenceLevel}"
#   meta:
#     ucd: stat.error;phot.mag;em.opt
# - 
#   name: geom_model_gaussian1_phase
#   datatype: float32
#   description: Phase of the Gaussian 1 component
#   meta:
#     ucd: time.phase
# - 
#   name: geom_model_gaussian1_phase_error
#   datatype: float32
#   description: "Uncertainty of \\texttt{geomModelGaussian1Phase}"
#   meta:
#     ucd: stat.error;time.phase
# - 
#   name: geom_model_gaussian1_sigma
#   datatype: float32
#   description: "Standard deviation [phase] of Gaussian 1 component"
#   meta:
#     ucd: stat.stdev
# - 
#   name: geom_model_gaussian1_sigma_error
#   datatype: float32
#   description: "Uncertainty of \\texttt{geomModelGaussian1Sigma}"
#   meta:
#     ucd: stat.error
# - 
#   name: geom_model_gaussian1_depth
#   datatype: float32
#   unit: mag
#   description: Magnitude depth of Gaussian 1 component
#   meta:
#     ucd: src.var.amplitude
# - 
#   name: geom_model_gaussian1_depth_error
#   datatype: float32
#   unit: mag
#   description: "Uncertainty of \\texttt{geomModelGaussian1Depth}"
#   meta:
#     ucd: stat.error;src.var.amplitude
# - 
#   name: geom_model_gaussian2_phase
#   datatype: float32
#   description: Phase of Gaussian 2 component
#   meta:
#     ucd: time.phase
# - 
#   name: geom_model_gaussian2_phase_error
#   datatype: float32
#   description: "Uncertainty of \\texttt{geomModelGaussian2Phase}"
#   meta:
#     ucd: stat.error;time.phase
# - 
#   name: geom_model_gaussian2_sigma
#   datatype: float32
[...]
#   datatype: float32
#   description: "Secondary eclipse: uncertainty of \\texttt{derivedSecondaryEclDuration}"
#   meta:
#     ucd: stat.error;time.duration
# - 
#   name: derived_secondary_ecl_depth
#   datatype: float32
#   unit: mag
#   description: "Secondary eclipse: depth"
#   meta:
#     ucd: src.var.amplitude
# - 
#   name: derived_secondary_ecl_depth_error
#   datatype: float32
#   unit: mag
#   description: "Secondary eclipse: uncertainty of \\texttt{derivedSecondaryEclDepth}"
#   meta:
#     ucd: stat.error;src.var.amplitude
solution_id,source_id,global_ranking,reference_time,frequency,frequency_error,geom_model_reference_level,geom_model_reference_level_error,geom_model_gaussian1_phase,geom_model_gaussian1_phase_error,geom_model_gaussian1_sigma,geom_model_gaussian1_sigma_error,geom_model_gaussian1_depth,geom_model_gaussian1_depth_error,geom_model_gaussian2_phase,geom_model_gaussian2_phase_error,geom_model_gaussian2_sigma,geom_model_gaussian2_sigma_error,geom_model_gaussian2_depth,geom_model_gaussian2_depth_error,geom_model_cosine_half_period_amplitude,geom_model_cosine_half_period_amplitude_error,geom_model_cosine_half_period_phase,geom_model_cosine_half_period_phase_error,model_type,num_model_parameters,reduced_chi2,derived_primary_ecl_phase,derived_primary_ecl_phase_error,derived_primary_ecl_duration,derived_primary_ecl_duration_error,derived_primary_ecl_depth,derived_primary_ecl_depth_error,derived_secondary_ecl_phase,derived_secondary_ecl_phase_error,derived_secondary_ecl_duration,derived_secondary_ecl_duration_error,derived_secondary_ecl_depth,derived_secondary_ecl_depth_error
[from data line 702]
375316653866487564,4062575003765491328,0.44174367,2326.640938844394,0.3445826077901011,4.068274E-5,18.600262,0.20944513,0.34888908,0.05532331,0.18734573,0.1329453,0.21756028,0.19451138,0.7569036,0.056785263,0.090711564,0.05374631,0.105105266,0.066299655,null,null,null,null,"TWOGAUSSIANS",8,5.2615156,0.34891906,0.05511087,0.4,0.0,0.1828734,0.037878912,0.7569036,0.056785263,0.4,0.13539752,0.09219706,0.019071886
375316653866487564,4062575239968291328,0.4388378,2309.4196258175507,4.037203193909399,6.164937E-5,18.340351,0.03204942,0.058045104,0.005758861,0.05385437,0.008665242,0.03366125,0.013356615,0.50059247,0.02152246,0.20532022,0.08291985,0.07507873,0.030996522,null,null,null,null,"TWOGAUSSIANS",8,1.6334977,0.50059247,0.02152246,0.4,0.0,0.06314899,0.0072204103,0.0629651,0.005291727,0.30158445,0.048525356,0.031098878,0.009314504
375316653866487564,4062575446092301696,0.45240352,2261.765910603143,0.6946002136612474,4.2616968E-5,16.907217,0.0318483,0.2524851,0.008947252,0.009878418,0.041707307,1.4014506,1.0372963,0.52397674,0.055399623,0.08540642,0.08422345,0.42460576,0.08582154,null,null,null,null,"TWOGAUSSIANS",8,287.1438,0.25249508,0.008795365,0.05531914,0.23356092,1.4041656,1.0360711,0.52397674,0.055399623,0.4,0.0,0.42460573,0.09119115
375316653866487564,4062575446095476992,0.44959143,2276.7486124612624,2.252274959705484,2.7736736E-5,15.875344,0.0033071453,null,null,null,null,null,null,null,null,null,null,null,null,0.050018705,0.0046161837,0.2650265,0.007336719,"ELLIPSOIDAL",4,55.009373,null,null,null,null,null,null,null,null,null,null,null,null
375316653866487564,4062575446115531520,0.46654972,2281.847406931039,2.5960114383967774,1.7612134E-5,17.72007,0.03002979,0.13714139,0.008484683,0.1065125,0.023197092,0.3305515,0.031873375,0.868142,0.07206551,0.05192934,0.05508773,0.17456707,0.083891675,null,null,null,null,"TWOGAUSSIANS",8,4.284966,0.13714139,0.0084878,0.4,0.0,0.3305364,0.031998932,0.87374204,0.068094894,0.2908043,0.3084913,0.18907371,0.07391203
375316653866487564,4062575652274850432,0.47176036,2321.4776543466437,0.1370768694416153,9.342124E-5,18.684784,0.04220039,0.3599491,0.0047610784,0.10956888,0.015027059,0.18455014,0.04314838,0.88666433,0.010377228,0.08526523,0.013502295,0.28765148,0.06027443,null,null,null,null,"TWOGAUSSIANS",8,2.0289757,0.8866743,0.01038993,0.4,0.0,0.2762643,0.053019423,0.3599491,0.0047641518,0.4,0.0,0.17314489,0.028596241
375316653866487564,4062575690894704000,0.56817293,2210.259658974291,2.723454654392189,2.858622E-5,16.435938,0.01898124,0.22645321,0.005230042,0.08074267,0.008924999,0.3587466,0.017938063,0.7373443,0.008041586,0.08304287,0.010012366,0.36409676,0.024202453,null,null,null,null,"TWOGAUSSIANS",8,36.590546,0.7373443,0.008041586,0.4,0.0,0.358522,0.020763747,0.22645321,0.005230042,0.4,0.0,0.35317186,0.015854483
375316653866487564,4062575725321731072,0.51886827,2325.864869394119,0.05737944739750455,4.6229743E-5,18.813759,0.019455217,0.32159632,0.0026455096,0.045789704,0.006104045,0.6913535,0.16777095,0.8192764,2.1401363E-5,0.017055605,8.150239E-4,0.23273167,0.019461025,null,null,null,null,"TWOGAUSSIANS",8,8.2742605,0.32159632,0.0026455096,0.25642234,0.034182653,0.6913535,0.16777095,0.8192764,2.1401363E-5,0.095511384,0.004564134,0.23273167,0.019461025
375316653866487564,4062575755354130944,0.44490325,2328.5295545801646,1.9574851453524214,1.427798E-5,17.999535,0.013560267,0.29161057,0.0145066,0.1283345,0.023346545,0.11533233,0.016553938,0.7409874,0.0050116265,0.02553517,0.0031496435,1.216989,0.5195631,null,null,null,null,"TWOGAUSSIANS",8,2.8314028,0.7409874,0.0050116265,0.14299695,0.017638003,1.2168334,0.51976246,0.29161057,0.0145066,0.4,0.0,0.11491414,0.01636066
375316653866487564,4062575789689666432,0.44032547,2362.0505239490894,1.6977227840392457,3.3209253E-5,18.667355,0.076120764,0.15234622,0.0107266195,0.024934407,0.02427722,0.16509834,66.955086,0.6920958,0.016498996,0.187219,0.07406329,0.16032541,0.07049518,null,null,null,null,"TWOGAUSSIANS",8,4.982387,0.15210623,0.009957417,0.13963267,0.13595243,0.16423562,66.95777,0.6920958,0.016498996,0.4,0.0,0.14913197,0.022222187
375316653866487564,4062575789713397120,0.4347372,2316.7079501709964,4.161180409869946,9.322642E-6,18.391903,0.25337574,0.34724748,0.0061726505,0.024135113,0.015739707,0.41106033,2.6686916,0.7683095,0.022947285,0.14676493,0.12670283,0.16932228,0.25019237,null,null,null,null,"TWOGAUSSIANS",8,7.174484,0.34731746,0.0062860427,0.13515663,0.088142365,0.4126854,2.6675467,0.7683095,0.022947285,0.4,0.0,0.16811156,0.10122666
375316653866487564,4062575824073511168,0.4857372,2295.9114432171764,0.5330967788237031,3.745036E-5,18.888872,0.015856748,0.85233414,0.010607443,0.05152673,0.013817239,0.061926354,0.044847805,null,null,null,null,null,null,0.12765706,0.023223352,0.85233414,0.010607443,"ONEGAUSSIAN_WITH_ELLIPSOIDAL",6,6.3569784,0.85233414,0.010607443,0.2885497,0.07737654,0.31723943,0.037252977,null,null,null,null,null,null
375316653866487564,4062576030232103552,0.44810233,2355.2559520747036,2.952994587021723,6.985138E-5,16.414907,0.0041932347,0.23415484,0.017980544,0.05176752,0.052990217,0.018391259,4.383743E16,0.7476409,0.0032008232,0.024363013,0.0041867015,0.06250985,0.0142958425,0.017682757,0.010154959,0.23415484,0.017980544,"TWOGAUSSIANS_WITH_ELLIPSOIDAL_ON_ECLIPSE1",9,15.608465,0.7476409,0.0031972285,0.13643287,0.023445528,0.09762184,0.013196617,0.23415484,0.017980544,0.2898981,0.2967452,0.053756576,4.383743E16
375316653866487564,4062576171996719104,0.49532372,2251.7955966576314,0.11644983280625609,2.5844554E-5,18.255318,0.012052955,0.48632064,0.023823094,0.019348195,0.014750976,0.4472357,0.30760035,0.84669673,0.006944584,0.07847144,0.01147592,0.32108846,0.1532517,null,null,null,null,"TWOGAUSSIANS",8,5.2273707,0.48632064,0.023823094,0.10834989,0.082605466,0.44724414,0.3076056,0.84669673,0.006944584,0.4,0.0012621717,0.32108846,0.15325177
375316653866487564,4062576240716222336,0.4340234,2373.4812855325526,1.4814386448486072,1.0925667E-4,18.269396,0.047104467,0.2923917,0.04863415,0.041240614,0.03539556,0.13255614,0.41241357,0.8084697,0.030724136,0.067451835,0.10142521,0.11818233,0.01997567,null,null,null,null,"TWOGAUSSIANS",8,3.0261505,0.2923917,0.048642702,0.23094743,0.19821513,0.1325531,0.4139005,0.8084697,0.030724136,0.37773028,0.061570615,0.118179284,0.031935688
375316653866487564,4062576373825728384,0.50978065,2284.7335880144074,1.237004103282336,2.541372E-5,18.029346,0.07183993,0.25220063,0.008166475,0.11129584,0.026744425,0.21907035,0.066910684,0.7484571,0.0118025215,0.10930759,0.03465073,0.22880514,0.06871008,null,null,null,null,"TWOGAUSSIANS",8,4.4765944,0.7484571,0.0118025215,0.4,0.0,0.19581412,0.012759781,0.25220063,0.008014273,0.4,0.0,0.18607421,0.017875306
375316653866487564,4062576515594325632,0.47905412,2343.254491154556,1.3091495743143347,5.24903E-5,18.168173,0.012875879,0.6181019,0.05451324,0.068691276,0.067202374,0.13697469,0.036613885,0.3573486,0.08994668,0.119777575,0.061213486,0.20868984,0.03713087,null,null,null,null,"TWOGAUSSIANS",8,4.259267,0.35773858,0.08897488,0.4,0.06749719,0.2086247,0.035581082,0.6026119,0.24004479,0.38467112,0.059458997,0.15901427,0.047904734
375316653866487564,4062576584313719040,0.612463,2336.0191189646916,3.3194901946596773,7.753675E-6,13.98385,0.01283144,0.3326114,0.0043504983,0.060213182,0.010020682,0.2930639,0.045115776,0.84555876,0.0041635837,0.0428064,0.015640331,0.23285484,0.6108551,0.10154581,0.0152150635,0.84555876,0.0041635837,"TWOGAUSSIANS_WITH_ELLIPSOIDAL_ON_ECLIPSE2",9,142.73376,0.3347514,0.0035578245,0.33719382,0.056115817,0.49501434,0.052245446,0.84555876,0.0041635837,0.23971586,0.08758585,0.43592533,0.62068623
375316653866487564,4062576717435726720,0.48328623,2421.2902550557606,2.7952074957006707,4.838462E-5,18.443968,0.043520723,0.25582775,0.0077918014,0.098558925,0.022085238,0.19055642,0.03999536,0.743176,0.008107022,0.11767067,0.022926357,0.2265859,0.041966684,null,null,null,null,"TWOGAUSSIANS",8,4.130588,0.743176,0.008107022,0.4,0.0,0.20148581,0.016887348,0.25586775,0.007814154,0.4,0.0,0.165515,0.018714756
375316653866487564,4062576992310703232,0.45283273,2466.437772017938,4.030891962787307,2.047904E-5,16.678259,0.045771156,0.36669713,0.020186082,0.12358448,0.03355136,0.19028734,0.05148422,0.828362,0.0052937563,0.07501496,0.009987614,0.5331083,0.06414907,null,null,null,null,"TWOGAUSSIANS",8,1.966813,0.828362,0.0052937563,0.4,0.01055937,0.52002305,0.06244759,0.36669713,0.020186082,0.4,0.0,0.1770102,0.029021535
375316653866487564,4062577095389856384,0.43390343,2441.41072355092,0.03335100578017849,7.479387E-5,18.92484,0.02396323,0.12266641,0.012037875,0.04946288,0.01660165,0.41327378,1.1891168,0.5287996,0.015759302,0.120779075,0.08169248,0.3340864,0.7521604,null,null,null,null,"TWOGAUSSIANS",8,6.794611,0.12285641,0.011752892,0.27699214,0.09296924,0.4129842,1.1898619,0.5287996,0.015759302,0.4,0.0055396827,0.33262083,0.7562237
375316653866487564,4062577134070660096,0.4621263,2437.7012146828347,1.4899295472910699,5.6338817E-5,18.680374,0.044280488,0.28611413,0.017143672,0.1078763,0.017472915,0.26623416,0.052228004,0.76194984,0.014441389,0.10762478,0.023456333,0.2286982,0.04372912,null,null,null,null,"TWOGAUSSIANS",8,6.719888,0.28613412,0.017112307,0.4,0.0,0.24063788,0.052573007,0.76194984,0.014441389,0.4,0.0,0.20310512,0.01541336
375316653866487564,4062577134070662784,0.43246004,2439.3840535639783,1.0756760034063915,5.8501253E-5,18.441341,0.0048050005,0.27445918,0.04349259,0.039067384,0.022282079,0.04896268,0.029125381,0.79293334,0.0033857354,0.028757589,0.0076041697,0.21196018,0.04896675,null,null,null,null,"TWOGAUSSIANS",8,3.79468,0.79293334,0.0033857354,0.1610425,0.04258335,0.21196018,0.04896675,0.27445918,0.04349259,0.21877734,0.12477964,0.04896268,0.029125381
375316653866487564,4062577164104724736,0.44774073,2412.9702575880992,0.14326005824148866,9.03635E-5,18.596699,0.054120548,0.3413993,0.019378912,0.05642176,0.016605223,0.13029128,0.058080636,0.6870988,0.011600308,0.12870464,0.034600135,0.43140334,0.061046347,null,null,null,null,"TWOGAUSSIANS",8,10.130009,0.6870988,0.011600308,0.4,0.0,0.43026847,0.06373214,0.3481793,0.019197086,0.31596184,0.09298925,0.14168198,0.06864407
375316653866487564,4062577164105010816,0.4971189,2404.4102084278443,3.830473667133748,7.173127E-5,18.855995,0.24370252,0.24469326,0.016162645,0.09277098,0.046070624,0.8339334,1.1926064,0.7300771,0.010174873,0.113672994,0.037794217,0.5224137,0.23258246,null,null,null,null,"TWOGAUSSIANS",8,8.019463,0.24470326,0.016089927,0.4,0.052208338,0.7772291,1.2394563,0.7300771,0.010174873,0.4,0.0,0.46563455,0.055594385
375316653866487564,4062577340230609664,0.49439678,2410.779775401286,2.608702651914482,1.7423374E-5,18.67626,0.022526098,0.25162625,0.0036463905,0.056098983,0.005795202,0.4803107,0.06615376,0.79325426,0.014412499,0.07276751,0.017610433,0.32497814,0.070755854,null,null,null,null,"TWOGAUSSIANS",8,8.958818,0.25162625,0.0036463905,0.3141543,0.032453135,0.48019958,0.0661841,0.79325426,0.014412499,0.4,0.021185283,0.32486704,0.07097951
375316653866487564,4062577370262862080,0.47825512,2422.3629319131364,0.2964838909828256,1.08694316E-4,18.796055,0.039197266,0.33595338,0.0567657,0.10040129,0.10104463,0.22897136,0.06557423,0.69467235,0.05561887,0.10055901,0.038307525,0.19567107,0.031599514,null,null,null,null,"TWOGAUSSIANS",8,4.341105,0.33649337,0.05589252,0.4,0.0,0.2267101,0.08445039,0.69467235,0.05561887,0.4,0.0,0.19345619,0.026693782
375316653866487564,4062577438981875840,0.49111772,2391.3093597379097,1.1425061403173749,1.0450168E-4,18.259058,0.017468272,0.38696328,0.05975148,0.13578561,0.09821179,0.046661984,0.016260713,0.62721944,0.010721779,0.04682125,0.012057768,0.10749601,0.015593829,null,null,null,null,"TWOGAUSSIANS",8,1.3550394,0.62721944,0.010721779,0.262199,0.0675235,0.117142946,0.017956076,0.3869733,0.05975172,0.4,0.0,0.04655608,0.009136575
375316653866487564,4062577473342123776,0.5345464,2325.6339051348887,0.9087593616725393,3.6964513E-5,17.763191,0.029136522,0.24414746,0.00774214,0.11017132,0.020772962,0.18246345,0.034105033,0.76407623,0.0033244845,0.10146951,0.0110709565,0.2656982,0.026979338,null,null,null,null,"TWOGAUSSIANS",8,6.7678185,0.7640962,0.0033254058,0.4,0.0,0.24446529,0.011260784,0.24413747,0.0077408846,0.4,0.0,0.16121835,0.031270787
375316653866487564,4062577542061588224,0.47473922,2373.342146141892,0.16990010979777057,6.333061E-5,18.61268,0.23155993,0.27659768,0.01232084,0.13055317,0.076041505,0.2467145,0.22189283,0.7869799,0.026224189,0.093081206,0.07425142,0.1789578,0.1822427,null,null,null,null,"TWOGAUSSIANS",8,4.182648,0.27659768,0.012309051,0.4,0.0,0.21523294,0.03016154,0.7871099,0.02602709,0.4,0.03649928,0.14781241,0.09768557
375316653866487564,4062577580680647808,0.46301115,2448.2112960802115,4.0008806145325275,3.484754E-5,16.51764,0.035388183,0.275253,0.08558354,0.057277568,0.05314299,0.2630126,0.15291859,0.67858034,0.0101379175,0.0452911,0.028827075,0.15442629,0.12318603,null,null,null,null,"TWOGAUSSIANS",8,2.0284383,0.275253,0.08558354,0.32075438,0.1765164,0.26301256,0.15394428,0.67858034,0.0101379175,0.25363016,0.16143163,0.15442628,0.12311657
375316653866487564,4062577683897076864,0.46365562,2426.802284316071,2.5734979801775184,8.640921E-6,18.332851,0.010266768,0.38275447,6.142878E-4,0.022731604,0.0016551245,0.5926899,0.11903423,0.63486177,0.03686315,0.027379276,0.011481278,0.41603583,0.38502744,null,null,null,null,"TWOGAUSSIANS",8,14.57419,0.38275447,6.142878E-4,0.12729698,0.009268697,0.5926899,0.11903423,0.63486177,0.03686315,0.15332395,0.06429516,0.41603583,0.38502744
375316653866487564,4062577954379464832,0.45554093,2443.9873695155698,1.2095810735202341,9.8315E-6,16.820189,0.0068565803,0.31353027,0.0042518727,0.038821895,0.004667755,0.24876782,0.024223043,0.7178015,5.0757695E-5,0.006479781,1.9738926E-4,0.27624124,0.0068057543,null,null,null,null,"TWOGAUSSIANS",8,6.553347,0.7178015,5.0757695E-5,0.036286775,0.0011053799,0.27624124,0.0068057543,0.31353027,0.0042518727,0.2174026,0.026139429,0.24876782,0.024223043
375316653866487564,4062578023098925440,0.45504743,2444.190918913963,2.303874823059897,1.3895809E-4,17.417065,0.011177781,0.5630719,0.061438818,0.14978759,0.0992204,0.01792812,0.010622002,0.6668195,0.01670143,0.016342774,0.013018526,0.11781456,0.08186646,null,null,null,null,"TWOGAUSSIANS",8,4.104027,0.6668195,0.01670143,0.09151954,0.072903745,0.13178271,0.08533029,0.5630719,0.10489298,0.4,0.0,0.017791672,0.15543817
375316653866487564,4062578160538115200,0.42927846,2403.2528815151577,1.925505108756505,1.1820567E-5,17.617323,0.00804077,0.2543721,0.03106732,0.09393362,0.01399576,0.04247268,0.0119361,0.5994884,0.0033648985,0.02644244,0.0033671833,0.14302906,0.008769017,null,null,null,null,"TWOGAUSSIANS",8,15.084478,0.5994884,0.0033648985,0.14807767,0.018856226,0.14307876,0.008866413,0.2543721,0.03106732,0.4,0.0,0.042472616,0.011935781
375316653866487564,4062578164862966144,0.4295408,2470.7485604429985,2.06998520756676,9.998731E-6,17.45208,0.010768864,0.314308,1.4345064E-4,0.01711279,5.759622E-4,3.9155288,0.6642571,0.75178283,0.048528623,0.07625785,0.018166991,0.13570185,0.08898559,null,null,null,null,"TWOGAUSSIANS",8,6.448054,0.314308,1.4345064E-4,0.095831625,0.003225388,3.9155288,0.664257,0.75178283,0.048528623,0.4,0.033592988,0.13570185,0.0889856
