Gaia/vari_eclipsing_binary/VariEclipsingBinary_720123-721214.csv
# %ECSV 1.0
# ---
# delimiter: ','
# meta: !!omap
# - RELEASE: Gaia DR3
# - TABLE: vari_eclipsing_binary
# - DESCRIPTION: >
#     This table describes the properties of the eclipsing binaries resulting from the variability analysis. 
# - CITATION: >
#     How to cite and acknowledge Gaia: 
#     https://gea.esac.esa.int/archive/documentation/credits.html 
# - KNOWN_ISSUES: >
#     Known issues: 
#     https://www.cosmos.esa.int/web/gaia-users/known-issues 
# - DOCUMENTATION: >
#     Tutorials and documentation: 
#     https://www.cosmos.esa.int/web/gaia-users/archive 
# datatype:
# - 
#   name: solution_id
#   datatype: int64
#   description: Solution Identifier
#   meta:
#     ucd: meta.version
# - 
#   name: source_id
#   datatype: int64
#   description: Unique source identifier
#   meta:
#     ucd: meta.id;meta.main
# - 
#   name: global_ranking
#   datatype: float32
#   description: Number between 0 (worst) and 1 (best)
#   meta:
#     ucd: stat.param
# - 
#   name: reference_time
#   datatype: float64
#   unit: d
#   description: Reference time used for the geometric model fit
#   meta:
#     ucd: time.epoch
# - 
#   name: frequency
#   datatype: float64
#   unit: d**-1
#   description: Frequency of geometric model of the eclipsing binary light curve
#   meta:
#     ucd: src.orbital
# - 
#   name: frequency_error
#   datatype: float32
#   unit: d**-1
#   description: "Uncertainty of \\texttt{frequency}"
#   meta:
#     ucd: stat.error
# - 
#   name: geom_model_reference_level
#   datatype: float32
#   unit: mag
#   description: Magnitude reference level of geometric model
#   meta:
#     ucd: phot.mag;em.opt
# - 
#   name: geom_model_reference_level_error
#   datatype: float32
#   unit: mag
#   description: "Uncertainty of \\texttt{geomModelReferenceLevel}"
#   meta:
#     ucd: stat.error;phot.mag;em.opt
# - 
#   name: geom_model_gaussian1_phase
#   datatype: float32
#   description: Phase of the Gaussian 1 component
#   meta:
#     ucd: time.phase
# - 
#   name: geom_model_gaussian1_phase_error
#   datatype: float32
#   description: "Uncertainty of \\texttt{geomModelGaussian1Phase}"
#   meta:
#     ucd: stat.error;time.phase
# - 
#   name: geom_model_gaussian1_sigma
#   datatype: float32
#   description: "Standard deviation [phase] of Gaussian 1 component"
#   meta:
#     ucd: stat.stdev
# - 
#   name: geom_model_gaussian1_sigma_error
#   datatype: float32
#   description: "Uncertainty of \\texttt{geomModelGaussian1Sigma}"
#   meta:
#     ucd: stat.error
# - 
#   name: geom_model_gaussian1_depth
#   datatype: float32
#   unit: mag
#   description: Magnitude depth of Gaussian 1 component
#   meta:
#     ucd: src.var.amplitude
# - 
#   name: geom_model_gaussian1_depth_error
#   datatype: float32
#   unit: mag
#   description: "Uncertainty of \\texttt{geomModelGaussian1Depth}"
#   meta:
#     ucd: stat.error;src.var.amplitude
# - 
#   name: geom_model_gaussian2_phase
#   datatype: float32
#   description: Phase of Gaussian 2 component
#   meta:
#     ucd: time.phase
# - 
#   name: geom_model_gaussian2_phase_error
#   datatype: float32
#   description: "Uncertainty of \\texttt{geomModelGaussian2Phase}"
#   meta:
#     ucd: stat.error;time.phase
# - 
#   name: geom_model_gaussian2_sigma
#   datatype: float32
[...]
#   datatype: float32
#   description: "Secondary eclipse: uncertainty of \\texttt{derivedSecondaryEclDuration}"
#   meta:
#     ucd: stat.error;time.duration
# - 
#   name: derived_secondary_ecl_depth
#   datatype: float32
#   unit: mag
#   description: "Secondary eclipse: depth"
#   meta:
#     ucd: src.var.amplitude
# - 
#   name: derived_secondary_ecl_depth_error
#   datatype: float32
#   unit: mag
#   description: "Secondary eclipse: uncertainty of \\texttt{derivedSecondaryEclDepth}"
#   meta:
#     ucd: stat.error;src.var.amplitude
solution_id,source_id,global_ranking,reference_time,frequency,frequency_error,geom_model_reference_level,geom_model_reference_level_error,geom_model_gaussian1_phase,geom_model_gaussian1_phase_error,geom_model_gaussian1_sigma,geom_model_gaussian1_sigma_error,geom_model_gaussian1_depth,geom_model_gaussian1_depth_error,geom_model_gaussian2_phase,geom_model_gaussian2_phase_error,geom_model_gaussian2_sigma,geom_model_gaussian2_sigma_error,geom_model_gaussian2_depth,geom_model_gaussian2_depth_error,geom_model_cosine_half_period_amplitude,geom_model_cosine_half_period_amplitude_error,geom_model_cosine_half_period_phase,geom_model_cosine_half_period_phase_error,model_type,num_model_parameters,reduced_chi2,derived_primary_ecl_phase,derived_primary_ecl_phase_error,derived_primary_ecl_duration,derived_primary_ecl_duration_error,derived_primary_ecl_depth,derived_primary_ecl_depth_error,derived_secondary_ecl_phase,derived_secondary_ecl_phase_error,derived_secondary_ecl_duration,derived_secondary_ecl_duration_error,derived_secondary_ecl_depth,derived_secondary_ecl_depth_error
[from data line 112]
375316653866487564,6340273023489092480,0.64564735,2235.796688627604,3.9071398034082683,1.2201954E-5,12.909555,0.006583693,0.28351483,0.002184406,0.08259074,0.004256234,0.3121111,0.006188204,0.7831013,0.0035663939,0.08580617,0.0055034882,0.3241909,0.03417712,null,null,null,null,"TWOGAUSSIANS",8,95.33525,0.7831013,0.0035663939,0.4,0.0,0.31649742,0.035514474,0.28351483,0.002184406,0.4,0.0,0.3044176,0.005117492
375316653866487564,6340286836103791872,0.6130895,2221.7999240545505,3.0427663039671,1.3827715E-5,14.32096,0.03256092,0.26492885,0.0029917313,0.09664534,0.0105033405,0.34702894,0.029918637,0.79063886,0.022311794,0.0846406,0.024039757,0.3257643,0.04706703,null,null,null,null,"TWOGAUSSIANS",8,104.121056,0.26492885,0.0029917313,0.4,0.0,0.33699334,0.008262592,0.79063886,0.022311794,0.4,0.0,0.3157308,0.021681825
375316653866487564,6340625687547744000,0.4968915,2183.58299517729,0.700138857191377,3.44116E-5,12.089062,0.4653311,0.21967502,0.05634155,0.10456548,0.077551335,0.28458193,0.16264594,0.77704096,0.56430984,0.08038433,0.31224167,0.3240067,0.26551104,null,null,null,null,"TWOGAUSSIANS",8,1582.3823,0.777071,0.4829647,0.4,0.010684808,0.31769124,0.29140198,0.21967502,0.05408961,0.4,0.20548084,0.27822977,0.07934819
375316653866487564,6340689291719271168,0.6271037,2192.5277210525933,2.2999625752050643,5.076606E-6,14.228662,0.021703515,0.18297583,0.0017919444,0.10271746,0.006464079,0.28837273,0.021455364,0.68433505,0.0032575864,0.11578161,0.011274143,0.22812557,0.020081218,null,null,null,null,"TWOGAUSSIANS",8,29.927883,0.18297583,0.0017992266,0.4,0.0,0.2519862,0.005215388,0.68433505,0.0032575864,0.4,0.0,0.19170244,0.0061635342
375316653866487564,6340700145101342080,0.4542354,2199.35303695498,0.10004343327873931,3.5907135E-5,19.784733,0.0145268105,0.18123434,0.003435957,0.024253717,0.009938519,0.2100059,0.046967667,0.7258639,0.0061128326,0.058298226,0.008193048,0.15757382,0.014795841,null,null,null,null,"TWOGAUSSIANS",8,3.4031703,0.18123434,0.003435957,0.13582082,0.05565571,0.2100059,0.046967674,0.7258639,0.0061128326,0.32647008,0.045881066,0.15757382,0.014795841
375316653866487564,6340768555340045952,0.62094235,2185.2574787057088,3.513428881407861,7.668989E-6,18.055328,0.007938311,0.32034963,0.0024970348,0.090015106,0.006250681,0.23710513,0.0071550105,0.8171666,0.002040922,0.079246104,0.0031781753,0.26517025,0.008263046,null,null,null,null,"TWOGAUSSIANS",8,0.8888585,0.8171666,0.002040922,0.4,0.0,0.2591665,0.0066806837,0.32034963,0.0024970348,0.4,0.0,0.23110132,0.0065661864
375316653866487564,6340808343917335808,0.58742005,2177.0554890315752,3.9064893002265997,9.568176E-6,15.388268,0.009266451,0.3018135,0.00345227,0.06606253,0.0035664968,0.53538024,0.02984706,0.8032891,0.002758404,0.06850631,0.0031821597,0.582306,0.030375835,null,null,null,null,"TWOGAUSSIANS",8,105.42361,0.8032891,0.002758404,0.38363534,0.017820096,0.58122796,0.030518074,0.3018135,0.00345227,0.36995018,0.019972382,0.5343022,0.029926803
375316653866487564,6340848617826110848,0.55675393,2150.7516218193,3.9756104378505515,1.7471608E-5,17.05815,0.025984377,0.28214064,0.0033680042,0.09618084,0.019105997,0.2757577,0.026329653,0.77088577,0.0067055714,0.09344628,0.011967686,0.22799002,0.02607417,null,null,null,null,"TWOGAUSSIANS",8,6.828279,0.28214064,0.0033680042,0.4,0.0,0.2625094,0.04125718,0.77088577,0.0067055714,0.4,0.0,0.21474226,0.013003678
375316653866487564,6340882767110546304,0.49107924,2184.102187114856,4.403444300711486,3.1978398E-5,18.395151,0.046464,0.2971915,0.012256368,0.10234476,0.027298674,0.21674898,0.043779653,0.7952118,0.009673213,0.10111574,0.034671217,0.1944824,0.09531716,null,null,null,null,"TWOGAUSSIANS",8,5.870463,0.2971915,0.012261838,0.4,0.0,0.19717644,0.027813291,0.7952118,0.009673213,0.4,0.0035732058,0.17491081,0.10546963
375316653866487564,6340960660637606400,0.48467597,2210.178556331337,0.11038436097769673,3.1677093E-5,19.103989,0.024866352,0.15723585,0.0035437853,0.06851483,0.023277922,0.11308563,0.019326583,0.7090739,0.028075686,0.046775922,0.023745824,0.16720478,0.04052387,null,null,null,null,"TWOGAUSSIANS",8,1.3024877,0.7090739,0.028075686,0.2619452,0.1329766,0.16720204,0.03936535,0.15723585,0.0035437853,0.3836831,0.061110243,0.11308288,0.018634334
375316653866487564,6341028353617630464,0.68327755,2145.3910524009593,3.4254108125256546,5.2530677E-6,15.275375,0.019120824,0.20933849,0.0022525762,0.058551617,0.0054228595,0.41012502,0.042001776,0.7052881,5.7890615E-4,0.058343094,0.003722778,0.42335632,0.038670592,0.08474549,0.02222939,0.7052881,5.7890615E-4,"TWOGAUSSIANS_WITH_ELLIPSOIDAL_ON_ECLIPSE2",9,20.16645,0.7052881,5.7890615E-4,0.32672134,0.020847557,0.5927692,0.008255251,0.20892848,0.0019763438,0.32788906,0.030368013,0.57943916,0.03729749
375316653866487564,6341069344786963200,0.5727166,2172.6977084261184,0.5032577410471147,1.2452005E-5,13.245024,0.00627637,0.23856793,0.0035344898,0.046343133,0.007424042,0.068667464,0.021887414,0.72852224,0.003708004,0.047765896,0.0045533464,0.16608553,0.021099122,0.013765526,0.016007414,0.72852224,0.003708004,"TWOGAUSSIANS_WITH_ELLIPSOIDAL_ON_ECLIPSE2",9,298.91937,0.72852224,0.003708004,0.26748902,0.02549874,0.19361629,0.012129965,0.23792793,0.0030861823,0.25952154,0.04157464,0.09609564,0.013524557
375316653866487564,6341080477342144384,0.48014086,2197.902708816497,3.7504606746773432,2.1550339E-5,14.157618,0.010696228,0.19103701,0.006376764,0.088193804,0.016979916,0.093851894,0.007824787,0.6997065,0.006944553,0.08115232,0.010681681,0.13152577,0.011516364,null,null,null,null,"TWOGAUSSIANS",8,81.682434,0.6997065,0.006944553,0.4,0.0,0.12911054,0.010472383,0.19103701,0.006376764,0.4,0.0,0.09143664,0.0072441706
375316653866487564,6341122155704770176,0.6534116,2163.168779036031,1.7584091221612854,1.844477E-5,15.251699,0.025818147,0.29122186,0.004831071,0.047098394,0.0115489885,0.71072155,0.050222736,0.79504687,0.003971045,0.04169862,0.011017857,0.17952773,0.05626934,0.048968807,0.031669993,0.29122186,0.004831071,"TWOGAUSSIANS_WITH_ELLIPSOIDAL_ON_ECLIPSE1",9,116.636024,0.29122186,0.004831071,0.263751,0.06467434,0.8086585,0.03301385,0.79504687,0.003971045,0.23351227,0.061699998,0.27740812,0.013474207
375316653866487564,6341125866556512000,0.64243996,2182.452539929927,2.140115291818291,8.725802E-6,14.564387,0.0016874261,0.11773202,0.016795857,0.023913747,0.014392727,0.01126902,0.0347312,0.65605164,0.001813635,0.06476183,0.0028665299,0.18788628,0.0073208017,0.061592873,0.0024619692,0.65605164,0.001813635,"TWOGAUSSIANS_WITH_ELLIPSOIDAL_ON_ECLIPSE2",9,18.58806,0.65605164,0.001813635,0.36266625,0.016052566,0.31096497,0.0062230276,0.13175201,0.003251233,0.13391699,0.08059927,0.129719,0.036438454
375316653866487564,6341172419705345408,0.4582552,2171.0524553388586,1.466608471380779,2.243756E-5,19.347887,0.010502321,0.3164979,0.010735691,0.04662125,0.047724605,0.25154623,0.17705439,0.801705,0.0098214485,0.04595227,0.016333135,0.15327683,0.024234705,null,null,null,null,"TWOGAUSSIANS",8,2.5105028,0.3164979,0.010735691,0.261079,0.14111684,0.25154614,0.17731933,0.801705,0.0098214485,0.25733274,0.091465555,0.15327676,0.024196275
375316653866487564,6341174756167633920,0.5320803,2178.3798228668634,4.4281084506271835,1.3239814E-5,18.49768,0.024380235,0.21986686,0.008173305,0.09175123,0.014623203,0.2050789,0.027108422,0.7306058,0.0046599326,0.10283995,0.013362124,0.18568212,0.023707347,null,null,null,null,"TWOGAUSSIANS",8,1.6207464,0.21986686,0.008189721,0.4,0.0,0.19269072,0.015450003,0.7306058,0.004656247,0.4,0.0,0.17329104,0.0111696655
375316653866487564,6341179326012769792,0.48017892,2216.796178081223,4.190713347478378,1.5731863E-5,19.198565,0.040625967,0.2465025,0.008752241,0.07767729,0.012641784,0.27373692,0.044791855,0.7579733,0.008495266,0.11311251,0.035699517,0.18719038,0.031732555,null,null,null,null,"TWOGAUSSIANS",8,2.3015976,0.2464925,0.008706888,0.4,0.0,0.26207405,0.031445276,0.7579733,0.008495266,0.4,0.0,0.17550406,0.012748153
375316653866487564,6341180498540680576,0.61666447,2182.2728608296356,0.5382958205302113,3.3328113E-5,12.364646,0.0036657355,0.27593765,0.0120681245,0.020205297,0.012235771,0.39229095,0.60179555,0.7693595,0.0050193807,0.022340795,0.005202565,0.13630232,0.01885395,0.004495626,0.004734914,0.27593765,0.0120681245,"TWOGAUSSIANS_WITH_ELLIPSOIDAL_ON_ECLIPSE1",9,63.05321,0.27593765,0.0120681245,0.113149665,0.068520315,0.4012822,0.60775894,0.76937956,0.0049964725,0.12510845,0.029134363,0.14527826,0.018175362
375316653866487564,6341186507198605952,0.52574193,2196.6701082117593,1.475113573604145,1.7346338E-5,17.790625,0.0018711259,0.29155356,0.005265718,0.021712258,0.0039060526,0.24412,0.14924578,0.78836286,0.0010606305,0.033356693,0.0010124627,0.18133146,0.0044554714,null,null,null,null,"TWOGAUSSIANS",8,1.8400664,0.29155356,0.005265718,0.12158865,0.021873893,0.24412,0.14924578,0.78836286,0.0010606305,0.18679748,0.0056697913,0.18133146,0.0044554714
375316653866487564,6341192142195539328,0.5586954,2196.0463878945443,2.4810144969994257,5.551394E-6,17.202108,0.037088748,0.296739,0.006132658,0.13949758,0.019635394,0.307125,0.03337753,0.7568372,0.0036045797,0.10825108,0.00676476,0.47289088,0.033468876,null,null,null,null,"TWOGAUSSIANS",8,12.166946,0.7568372,0.0036045797,0.4,0.0,0.406938,0.014881444,0.296879,0.006095121,0.4,0.0,0.23972525,0.021828718
375316653866487564,6341225097480661248,0.61082745,2161.6953936094483,0.1328307457965358,2.7407632E-5,15.982269,0.0012917627,0.18088901,0.029751213,0.009779121,0.00958134,0.52621615,0.8408538,null,null,null,null,null,null,null,null,null,null,"ONEGAUSSIAN",5,9.596056,0.18088901,0.029751213,0.054763075,0.0536555,0.52621615,0.0,null,null,null,null,null,null
375316653866487564,6341253616063480064,0.56183404,2191.2218683781725,1.5630302208241043,1.8905457E-5,16.856665,0.0036050898,0.2411561,0.0037618147,0.032474767,0.0049662353,0.07771035,0.006537659,0.75764,0.013395314,0.038659032,0.013444674,0.11750322,0.01128493,0.0314605,0.0042677065,0.2411561,0.0037618147,"TWOGAUSSIANS_WITH_ELLIPSOIDAL_ON_ECLIPSE1",9,6.429146,0.75764,0.013395314,0.21649058,0.07529017,0.1797516,0.010323963,0.2411561,0.0037618147,0.18185869,0.027810916,0.14063129,0.006934959
375316653866487564,6341291102538248576,0.4472547,2223.4765667993984,2.71775367682922,2.9415913E-5,17.725132,0.0042504175,0.09963372,0.00573131,0.026418256,0.0027003877,0.047765672,0.013942463,0.37970433,0.0047279876,0.06164361,0.00936696,0.1612597,0.03879051,null,null,null,null,"TWOGAUSSIANS",8,7.1035104,0.37970433,0.0047279876,0.34520423,0.05245498,0.1612597,0.03879051,0.09964372,0.0057392316,0.14794223,0.0151221715,0.04777098,0.01394799
375316653866487564,6341305224390784384,0.4527987,2177.4885066324846,2.616835951163126,5.3636795E-5,17.072765,0.005244402,0.2023472,0.017844116,0.060728423,0.03286803,0.029010642,0.0073781335,0.7001105,0.0051589157,0.052702118,0.01094388,0.07764446,0.00894434,null,null,null,null,"TWOGAUSSIANS",8,8.413633,0.7001105,0.0051589157,0.29513186,0.061285727,0.077639446,0.008946779,0.2023472,0.017844116,0.34007916,0.12381222,0.029005626,0.00740191
375316653866487564,6341314810757714432,0.5156844,2213.927542817514,2.9308270137817285,2.7002094E-5,18.585962,0.011392498,0.28244683,0.006943266,0.040545333,0.00485377,0.48222977,0.03947741,0.7652713,0.017223362,0.04333342,0.028171781,0.14080681,0.09263838,0.047565747,0.023876412,0.7652713,0.017223362,"TWOGAUSSIANS_WITH_ELLIPSOIDAL_ON_ECLIPSE2",9,9.643393,0.2820168,0.0066041406,0.22705387,0.027181113,0.57628465,0.035127856,0.7652713,0.017223362,0.24266715,0.15776198,0.23593804,0.09903805
375316653866487564,6341364902959713664,0.46402273,2225.0406814995576,2.687851571401006,2.8516275E-5,11.922586,0.042905085,0.33881694,0.0102637075,0.1419445,0.0608069,0.07826478,0.041571774,0.8171426,0.018761521,0.09079914,0.047053155,0.06700605,0.03868724,null,null,null,null,"TWOGAUSSIANS",8,290.5597,0.33881694,0.010246674,0.4,0.0,0.06663047,0.008888831,0.8171426,0.018761521,0.4,0.011635404,0.055730738,0.00899471
375316653866487564,6341365388292794240,0.68329877,2213.4599398151204,0.33920727289984415,1.708381E-4,13.437321,6.55514E-4,0.5028554,7.915143E-5,0.031028874,1.8100254E-4,0.7039051,0.0014445714,0.76096517,0.038674038,0.025601717,0.021097321,0.008261229,18107.57,8.512228E-4,8.7332993E-4,0.76096517,0.038674038,"TWOGAUSSIANS_WITH_ELLIPSOIDAL_ON_ECLIPSE2",9,34.83794,0.5028554,7.3788724E-5,0.1737617,0.0010136142,0.7039095,0.0015646662,0.76096517,0.038674038,0.14336962,0.118145,0.0099636745,18107.57
375316653866487564,6341365628810967040,0.4607255,2209.8464435067885,0.8238427431209762,2.5881342E-5,17.195312,0.006680811,0.27201357,1.9138167E-4,0.004784608,1.0893438E-4,0.53619313,0.0139651215,0.7748726,0.026562044,0.08641701,0.02471442,0.051107105,0.015828406,null,null,null,null,"TWOGAUSSIANS",8,54.58846,0.27201357,1.9138167E-4,0.026793804,6.100325E-4,0.53619313,0.013965115,0.7748726,0.026562044,0.4,0.0,0.051107086,0.015828447
375316653866487564,6341367342500431360,0.5502435,2181.2934412765344,4.244654525492395,1.1379973E-5,17.395937,0.02396281,0.2581255,0.0041253986,0.09202734,0.010575492,0.28203374,0.021521462,0.76547414,0.0041753906,0.10250216,0.010474779,0.32118285,0.022320647,null,null,null,null,"TWOGAUSSIANS",8,11.936851,0.76547414,0.0041753906,0.4,0.0,0.30107406,0.019160211,0.2581255,0.0041253986,0.4,0.0,0.26192933,0.011319781
375316653866487564,6341393249744217856,0.55969423,2194.4168514567787,2.6788640192027446,9.102125E-6,16.722347,0.023111762,0.25833905,0.0028112724,0.053137414,0.010542808,0.22053884,0.04484901,0.74010134,0.0050069205,0.07072957,0.0058599175,0.2541065,0.049290217,0.07331551,0.026376173,0.25833905,0.0028112724,"TWOGAUSSIANS_WITH_ELLIPSOIDAL_ON_ECLIPSE1",9,32.261196,0.7434714,0.003564062,0.3960856,0.024495732,0.3989825,0.010377919,0.25833905,0.0028112724,0.29756954,0.059039727,0.366979,0.019994361
375316653866487564,6341397201114256896,0.55644107,2188.627831709999,2.7139236099143145,1.2245712E-5,18.191305,0.01429983,0.26685008,0.00326626,0.08000148,0.0063364184,0.5570654,0.040152542,0.76971805,0.0025182813,0.08428059,0.0038748623,0.4960188,0.015726577,null,null,null,null,"TWOGAUSSIANS",8,8.504184,0.26685008,0.00326626,0.4,0.0,0.5473794,0.042505037,0.76971805,0.0025182813,0.4,0.0,0.48633268,0.0138420705
375316653866487564,6341407680834283008,0.5814192,2231.2560622387573,3.5082170896747513,5.394487E-6,18.679798,0.0070584253,0.28494638,0.0013627174,0.07414653,0.0020479413,0.46043053,0.015075376,0.7817016,0.0017491683,0.06923037,0.0023374525,0.388186,0.0092512695,null,null,null,null,"TWOGAUSSIANS",8,2.5953271,0.28494638,0.0013627174,0.4,0.0,0.4586399,0.015089123,0.7817016,0.0017491683,0.38769007,0.013089734,0.38639536,0.009092677
375316653866487564,6341416339488477312,0.57423687,2161.930735744482,3.5315881542078458,6.565671E-6,17.226025,0.004613439,0.2659752,0.0027087664,0.07288775,0.003835489,0.26022792,0.00899043,0.7644965,0.0036576742,0.08941246,0.004521949,0.25974053,0.015763754,null,null,null,null,"TWOGAUSSIANS",8,5.9587708,0.2659752,0.0027087664,0.4,3.2282286E-4,0.25585952,0.009040606,0.7644965,0.0036576742,0.4,0.0,0.25537205,0.016502146
375316653866487564,6341417679517775488,0.5815274,2184.2735751331206,2.992802051306781,6.851998E-6,16.577263,0.009608739,0.24802145,0.0018639411,0.08020128,0.0046936176,0.24345602,0.008697868,0.74307126,0.0038468593,0.09144047,0.006658803,0.28714922,0.022204036,null,null,null,null,"TWOGAUSSIANS",8,11.6442375,0.74307126,0.0038468593,0.4,0.0,0.28014448,0.023633897,0.24802145,0.0018639411,0.4,0.0,0.23645146,0.0064033293
