Gaia/vari_eclipsing_binary/VariEclipsingBinary_492523-492774.csv
# %ECSV 1.0
# ---
# delimiter: ','
# meta: !!omap
# - RELEASE: Gaia DR3
# - TABLE: vari_eclipsing_binary
# - DESCRIPTION: >
#     This table describes the properties of the eclipsing binaries resulting from the variability analysis. 
# - CITATION: >
#     How to cite and acknowledge Gaia: 
#     https://gea.esac.esa.int/archive/documentation/credits.html 
# - KNOWN_ISSUES: >
#     Known issues: 
#     https://www.cosmos.esa.int/web/gaia-users/known-issues 
# - DOCUMENTATION: >
#     Tutorials and documentation: 
#     https://www.cosmos.esa.int/web/gaia-users/archive 
# datatype:
# - 
#   name: solution_id
#   datatype: int64
#   description: Solution Identifier
#   meta:
#     ucd: meta.version
# - 
#   name: source_id
#   datatype: int64
#   description: Unique source identifier
#   meta:
#     ucd: meta.id;meta.main
# - 
#   name: global_ranking
#   datatype: float32
#   description: Number between 0 (worst) and 1 (best)
#   meta:
#     ucd: stat.param
# - 
#   name: reference_time
#   datatype: float64
#   unit: d
#   description: Reference time used for the geometric model fit
#   meta:
#     ucd: time.epoch
# - 
#   name: frequency
#   datatype: float64
#   unit: d**-1
#   description: Frequency of geometric model of the eclipsing binary light curve
#   meta:
#     ucd: src.orbital
# - 
#   name: frequency_error
#   datatype: float32
#   unit: d**-1
#   description: "Uncertainty of \\texttt{frequency}"
#   meta:
#     ucd: stat.error
# - 
#   name: geom_model_reference_level
#   datatype: float32
#   unit: mag
#   description: Magnitude reference level of geometric model
#   meta:
#     ucd: phot.mag;em.opt
# - 
#   name: geom_model_reference_level_error
#   datatype: float32
#   unit: mag
#   description: "Uncertainty of \\texttt{geomModelReferenceLevel}"
#   meta:
#     ucd: stat.error;phot.mag;em.opt
# - 
#   name: geom_model_gaussian1_phase
#   datatype: float32
#   description: Phase of the Gaussian 1 component
#   meta:
#     ucd: time.phase
# - 
#   name: geom_model_gaussian1_phase_error
#   datatype: float32
#   description: "Uncertainty of \\texttt{geomModelGaussian1Phase}"
#   meta:
#     ucd: stat.error;time.phase
# - 
#   name: geom_model_gaussian1_sigma
#   datatype: float32
#   description: "Standard deviation [phase] of Gaussian 1 component"
#   meta:
#     ucd: stat.stdev
# - 
#   name: geom_model_gaussian1_sigma_error
#   datatype: float32
#   description: "Uncertainty of \\texttt{geomModelGaussian1Sigma}"
#   meta:
#     ucd: stat.error
# - 
#   name: geom_model_gaussian1_depth
#   datatype: float32
#   unit: mag
#   description: Magnitude depth of Gaussian 1 component
#   meta:
#     ucd: src.var.amplitude
# - 
#   name: geom_model_gaussian1_depth_error
#   datatype: float32
#   unit: mag
#   description: "Uncertainty of \\texttt{geomModelGaussian1Depth}"
#   meta:
#     ucd: stat.error;src.var.amplitude
# - 
#   name: geom_model_gaussian2_phase
#   datatype: float32
#   description: Phase of Gaussian 2 component
#   meta:
#     ucd: time.phase
# - 
#   name: geom_model_gaussian2_phase_error
#   datatype: float32
#   description: "Uncertainty of \\texttt{geomModelGaussian2Phase}"
#   meta:
#     ucd: stat.error;time.phase
# - 
#   name: geom_model_gaussian2_sigma
#   datatype: float32
[...]
#   datatype: float32
#   description: "Secondary eclipse: uncertainty of \\texttt{derivedSecondaryEclDuration}"
#   meta:
#     ucd: stat.error;time.duration
# - 
#   name: derived_secondary_ecl_depth
#   datatype: float32
#   unit: mag
#   description: "Secondary eclipse: depth"
#   meta:
#     ucd: src.var.amplitude
# - 
#   name: derived_secondary_ecl_depth_error
#   datatype: float32
#   unit: mag
#   description: "Secondary eclipse: uncertainty of \\texttt{derivedSecondaryEclDepth}"
#   meta:
#     ucd: stat.error;src.var.amplitude
solution_id,source_id,global_ranking,reference_time,frequency,frequency_error,geom_model_reference_level,geom_model_reference_level_error,geom_model_gaussian1_phase,geom_model_gaussian1_phase_error,geom_model_gaussian1_sigma,geom_model_gaussian1_sigma_error,geom_model_gaussian1_depth,geom_model_gaussian1_depth_error,geom_model_gaussian2_phase,geom_model_gaussian2_phase_error,geom_model_gaussian2_sigma,geom_model_gaussian2_sigma_error,geom_model_gaussian2_depth,geom_model_gaussian2_depth_error,geom_model_cosine_half_period_amplitude,geom_model_cosine_half_period_amplitude_error,geom_model_cosine_half_period_phase,geom_model_cosine_half_period_phase_error,model_type,num_model_parameters,reduced_chi2,derived_primary_ecl_phase,derived_primary_ecl_phase_error,derived_primary_ecl_duration,derived_primary_ecl_duration_error,derived_primary_ecl_depth,derived_primary_ecl_depth_error,derived_secondary_ecl_phase,derived_secondary_ecl_phase_error,derived_secondary_ecl_duration,derived_secondary_ecl_duration_error,derived_secondary_ecl_depth,derived_secondary_ecl_depth_error
[from data line 329]
375316653866487564,4334196049814236544,0.41181016,2226.417446956691,0.28224722966437954,7.55147E-5,18.448168,0.0051501356,0.36516115,0.013971335,0.03143679,0.017632246,0.100828476,0.0100462865,0.90175104,0.005086518,0.0096594775,0.0029888018,0.27596474,0.3071568,null,null,null,null,"TWOGAUSSIANS",8,8.026072,0.90175104,0.005086518,0.054093074,0.01673729,0.27596474,0.3071568,0.36516115,0.013971335,0.17604603,0.09874058,0.100828476,0.0100462865
375316653866487564,4334198390574453248,0.4168672,2244.694623407687,2.5295328526029923,1.00510995E-4,18.529446,0.0226152,0.18904997,0.0026018803,0.036489125,0.008278416,0.15615124,0.015541009,0.71914625,0.022424873,0.11755242,0.02753434,0.06271047,0.026630426,null,null,null,null,"TWOGAUSSIANS",8,6.9211116,0.18903998,0.0025971786,0.2043391,0.046359126,0.15582547,0.0151245855,0.71914625,0.022424873,0.4,0.0,0.06236103,0.026093971
375316653866487564,4334201650452016896,0.45947894,2228.778261119963,1.6933180934734187,8.028309E-5,19.779596,0.012455533,0.25810337,0.010273409,0.07198448,0.014931847,0.31173286,0.10915546,0.7245807,0.009032996,0.08161217,0.012467987,0.2506862,0.034741517,null,null,null,null,"TWOGAUSSIANS",8,2.4676375,0.25810337,0.010273409,0.4,0.06268429,0.3104051,0.10999915,0.7245807,0.009032996,0.4,0.0,0.24935845,0.035162997
375316653866487564,4334204227432090112,0.5508381,2214.0163307158746,3.5031544572335345,1.3013073E-5,18.25172,0.008730009,0.17691123,0.0024024514,0.08949347,0.007720422,0.20350808,0.00947051,0.67573,0.0022897644,0.09557992,0.006026647,0.19039853,0.008170033,null,null,null,null,"TWOGAUSSIANS",8,1.2945118,0.17691123,0.0024024514,0.4,0.0,0.19346516,0.012477699,0.67573,0.0022897644,0.4,0.0,0.18035525,0.0053719613
375316653866487564,4334213165261855104,0.58932996,2202.5148363601434,2.0126490646305792,7.878289E-6,17.909107,0.006933462,0.18347375,0.0050152596,0.09245616,0.0058584954,0.287074,0.010001347,0.68637174,0.0017477418,0.08878373,0.0029979015,0.38434926,0.007583763,null,null,null,null,"TWOGAUSSIANS",8,2.9848616,0.68637174,0.0017477418,0.4,0.0,0.37028062,0.0060882806,0.18347375,0.0050152596,0.4,0.0,0.27300522,0.008708313
375316653866487564,4334220067271997824,0.6375874,2185.064343158456,1.0130953893602106,8.574338E-6,18.810297,0.004480292,0.23567833,0.005179088,0.026127838,0.0059156036,0.3442354,0.030091528,0.7373116,6.4271974E-4,0.026649542,9.877539E-4,1.167992,0.07917579,0.036780365,0.005562887,0.23567833,0.005179088,"TWOGAUSSIANS_WITH_ELLIPSOIDAL_ON_ECLIPSE1",9,1.6889362,0.7373116,6.420361E-4,0.14923744,0.0055314214,1.241545,0.079648264,0.23567833,0.005179088,0.14631589,0.03312738,0.41779602,0.029608
375316653866487564,4334221377239708288,0.45942268,2207.57489235424,0.04459472033381475,2.1498978E-5,15.115838,0.0015792928,0.109879225,4.7844056E-5,0.0022132904,7.575882E-5,0.2613299,0.015737912,0.6909366,3.335713E-5,0.0031254617,1.1476425E-4,0.037360765,0.0015139251,null,null,null,null,"TWOGAUSSIANS",8,42.123554,0.109879225,4.7844056E-5,0.012394426,4.242494E-4,0.2613299,0.015737912,0.6909366,3.335713E-5,0.017502585,6.4267975E-4,0.037360765,0.0015139251
375316653866487564,4334222476750619520,0.54353803,2130.218342011853,0.7744283070704617,8.834924E-6,17.598007,9.3282084E-4,0.13647954,7.196677E-4,0.022139326,0.00812128,0.021276457,0.019026678,0.40364304,0.0011804722,0.006505199,9.863232E-4,0.26420164,0.06706711,null,null,null,null,"TWOGAUSSIANS",8,1.337823,0.40364304,0.0011804722,0.03642911,0.00552341,0.26420164,0.06706711,0.13647954,7.196677E-4,0.123980224,0.04547917,0.021276457,0.019026678
375316653866487564,4334243676705868288,0.48855865,2135.969490251631,1.31663281421117,2.185903E-5,19.895811,0.008035341,0.1537829,0.016503517,0.036212828,0.020255536,0.27441782,0.11315095,0.65027463,0.008902688,0.03549109,0.008401234,0.7442726,0.23179112,null,null,null,null,"TWOGAUSSIANS",8,2.124069,0.65027463,0.008902688,0.19875011,0.04704691,0.7442726,0.23179112,0.1537829,0.016503517,0.20279184,0.113431,0.27441782,0.113151066
375316653866487564,4334244634483598208,0.52464217,2122.7745947402113,2.8318655483999544,2.3521021E-5,18.431778,0.013121962,0.22711347,0.0037357819,0.088476904,0.0074217655,0.27106437,0.012806841,0.7358723,0.004462039,0.089183986,0.009560632,0.3018669,0.015370098,null,null,null,null,"TWOGAUSSIANS",8,6.7640967,0.7358723,0.004462039,0.4,0.0,0.2923875,0.015495984,0.22711347,0.0037357819,0.4,0.0,0.261585,0.010860155
375316653866487564,4334246837805294720,0.611808,2127.928482041421,2.2851865247539527,6.120213E-6,16.796085,0.0044304924,0.2647371,0.0015176734,0.08651226,0.0016737421,0.3311251,0.0056359717,0.7643499,0.0014802187,0.093196176,0.0030201261,0.30057454,0.00537657,null,null,null,null,"TWOGAUSSIANS",8,6.363952,0.2647371,0.0015176734,0.4,0.0,0.31808954,0.004231739,0.7643499,0.0014802187,0.4,0.0,0.28753868,0.0058490336
375316653866487564,4334247765518272384,0.559297,2130.9071635653168,3.4451755580349976,8.511492E-6,18.52805,0.0032506248,0.22615619,0.0028359797,0.06951532,0.0030382818,0.19671196,0.0062321955,0.7186153,0.0022242034,0.07457409,0.0027060164,0.22844233,0.008270719,null,null,null,null,"TWOGAUSSIANS",8,1.4464036,0.7186153,0.0022242034,0.4,0.0,0.22758335,0.008318337,0.22615619,0.0028359797,0.38928577,0.017014377,0.19585298,0.0061435574
375316653866487564,4334257180086597248,0.62225085,2143.2657068207336,0.6831681324772062,1.247039E-5,17.143555,0.0028191642,0.20979822,6.94792E-4,0.040071934,8.132559E-4,0.4017479,0.007319153,0.7130677,0.0066719633,0.034402765,0.0048431833,0.07724067,0.012439505,0.011419367,0.003992733,0.20979822,6.94792E-4,"TWOGAUSSIANS_WITH_ELLIPSOIDAL_ON_ECLIPSE1",9,3.4905667,0.20979822,6.94792E-4,0.22440284,0.004554233,0.42458662,0.0042135706,0.7130677,0.0066106985,0.19265549,0.027121825,0.10006974,0.009853828
375316653866487564,4334291299307365632,0.6047202,2157.563389790343,3.303913573899304,8.715768E-6,17.554785,0.013080689,0.21651872,0.0015125376,0.060769353,0.0033553692,0.38872284,0.027839294,0.71558535,0.0017015658,0.05362003,0.0034658634,0.31652874,0.026393248,0.092858106,0.013970458,0.21651872,0.0015125376,"TWOGAUSSIANS_WITH_ELLIPSOIDAL_ON_ECLIPSE1",9,7.0792027,0.21651872,0.0015125376,0.34030837,0.018790068,0.57435185,0.011809547,0.7156954,0.0014523489,0.30027217,0.019408835,0.50215214,0.00570311
375316653866487564,4334292501896133760,0.6360869,2215.1412130082804,2.791972438191486,6.0848283E-6,13.624671,0.0075108563,0.2882905,0.0034298494,0.054506615,0.003707773,0.34574857,0.017095327,0.7919013,0.0010710546,0.047170114,0.0030571637,0.25203797,0.016369298,0.107527636,0.009167098,0.7919013,0.0010710546,"TWOGAUSSIANS_WITH_ELLIPSOIDAL_ON_ECLIPSE2",9,206.52647,0.2887505,0.0029760732,0.30523705,0.02076353,0.56069887,0.01245057,0.7919013,0.0010710546,0.26415262,0.017120117,0.46708485,0.0055048596
375316653866487564,4334298927166709632,0.54460675,2211.37037072454,3.019286634695906,2.4599907E-5,15.476972,0.0059299553,0.2643009,0.0031815309,0.09895336,0.008197831,0.08489321,0.005398701,0.74084246,0.005321381,0.10011293,0.013670709,0.087988585,0.004582766,null,null,null,null,"TWOGAUSSIANS",8,8.322521,0.74084246,0.005321381,0.4,0.0,0.08254143,0.0027902399,0.2643109,0.003184368,0.4,0.0,0.07944637,0.0026777042
375316653866487564,4334299747503515264,0.42836988,2242.538677761817,0.05980680368764696,6.430434E-5,16.261263,0.0032864793,0.21073584,0.032254867,0.15392835,0.029591216,0.01915737,0.0042161862,0.3860003,0.01115489,0.00829225,0.007450229,0.024788389,0.29599303,null,null,null,null,"TWOGAUSSIANS",8,4.400023,0.3860003,0.01115489,0.0464366,0.04172128,0.0346113,0.29530758,0.21073584,0.032254867,0.4,0.0,0.018961398,0.003918019
375316653866487564,4334302741100360960,0.6409297,2245.5296507021585,2.61390716159942,8.534723E-6,16.538683,0.0049711037,0.26207814,0.0012179065,0.09164064,0.0025763442,0.30073506,0.0048304857,0.76422024,0.0020325955,0.09747515,0.0031762903,0.2807168,0.006237204,null,null,null,null,"TWOGAUSSIANS",8,3.3008707,0.26207814,0.0012179065,0.4,0.0,0.2836541,0.0047090496,0.76422024,0.0020325955,0.4,0.0,0.26363492,0.0052623563
375316653866487564,4334305897896495488,0.6405754,2244.6880635248217,1.8353928234221237,3.3989113E-6,14.119607,0.0049085733,0.24534445,0.0015212803,0.09843439,0.002919988,0.21310548,0.0049453387,0.74368006,0.0010793306,0.09319399,0.0032041932,0.3403214,0.008469488,null,null,null,null,"TWOGAUSSIANS",8,32.184437,0.74368006,0.0010793306,0.4,0.0,0.3230399,0.010997573,0.24534445,0.0015212803,0.4,0.0,0.19582331,0.0038034304
375316653866487564,4334306550731522048,0.6391516,2219.426609719757,1.7993703617553105,4.042203E-6,12.673034,0.40228683,0.30878782,0.0031302567,0.17428464,0.10063713,0.2026224,0.39447975,0.8016049,0.0018473439,0.13910075,0.020131556,0.20614845,0.19220677,null,null,null,null,"TWOGAUSSIANS",8,11.710456,0.8016049,0.0018473439,0.4,0.0,0.10372361,0.0011079096,0.30924782,0.0026092103,0.4,0.0,0.09419824,0.0026511995
375316653866487564,4334312907283404928,0.5297519,2210.69062609148,3.81380722581056,2.0904918E-5,18.684511,0.0089703575,0.25814128,0.0036781542,0.08215336,0.006040611,0.26049855,0.009201541,0.77146125,0.004481824,0.08582905,0.0050843228,0.29611084,0.015902504,null,null,null,null,"TWOGAUSSIANS",8,2.293493,0.77146125,0.004481824,0.4,0.0,0.29089338,0.015215999,0.25814128,0.0036781542,0.4,0.0,0.25528112,0.008374685
375316653866487564,4334317648927453952,0.56027675,2203.025408133869,3.4729413745072386,1.3516825E-5,18.101318,0.014001344,0.22172795,0.0021596442,0.08025614,0.005255752,0.29351452,0.0129851485,0.7126125,0.0038260974,0.08103054,0.0050693727,0.34249237,0.017540548,null,null,null,null,"TWOGAUSSIANS",8,6.4945827,0.7126125,0.0038260974,0.4,0.0,0.3381412,0.016192902,0.22172795,0.0021596442,0.4,0.0,0.28916338,0.011345925
375316653866487564,4334324142918093568,0.5372338,2206.2812613408128,3.3731037072848777,2.0429226E-5,19.263386,0.014610508,0.24119677,0.0041275523,0.063172616,0.0049386793,0.5499721,0.017597975,0.7369167,0.0035598353,0.07286454,0.0043109576,0.6274155,0.020674301,null,null,null,null,"TWOGAUSSIANS",8,3.2092981,0.7369167,0.0035598353,0.4,0.0035558606,0.6261936,0.020445392,0.24119677,0.0041275523,0.35376665,0.027656605,0.5487502,0.01756385
375316653866487564,4334332256112902912,0.5413026,2204.9859475173635,1.9237258801002193,7.6184283E-6,18.732891,0.0044856966,0.23643723,0.004084184,0.03774207,0.004312275,0.4405984,0.026380824,0.7374615,0.0023124707,0.025809586,0.0026913502,0.34354562,0.06460833,null,null,null,null,"TWOGAUSSIANS",8,5.2673855,0.23643723,0.004084184,0.2113556,0.02414874,0.4405984,0.026380824,0.7374615,0.0023124707,0.14453368,0.015071562,0.34354562,0.06460833
375316653866487564,4334342387940213888,0.50865585,2231.7953307402777,3.4548663424418793,2.0286067E-5,19.274687,0.025757106,0.30475354,0.0049970727,0.09297852,0.008409914,0.37624478,0.028998548,0.79318285,0.004284501,0.090180434,0.010093444,0.35781747,0.026099632,null,null,null,null,"TWOGAUSSIANS",8,3.1945093,0.30475354,0.0049970727,0.4,0.0,0.3613943,0.02427588,0.79318285,0.004284501,0.4,0.0,0.34296727,0.023624735
375316653866487564,4334344930562071296,0.5783616,2238.9381928723415,3.0160319261758435,1.4381457E-5,17.585627,0.0059862984,0.25549692,0.0017712046,0.09081089,0.004247869,0.21929519,0.008394987,0.75310415,0.0026425072,0.08881636,0.0041538477,0.22157721,0.009033437,null,null,null,null,"TWOGAUSSIANS",8,2.920633,0.75310415,0.0026425072,0.4,0.0,0.21275412,0.0092948135,0.25549692,0.0017712046,0.4,0.0,0.21047202,0.008502684
375316653866487564,4334355822599137280,0.66617805,2235.0370145310426,0.6935246252763931,5.9604157E-5,15.405757,0.002711139,0.31826875,0.001177361,0.026323412,0.001633979,1.0813774,0.08339507,0.81949884,0.005746564,0.027296033,0.0038103506,0.120372176,0.012884717,0.011358701,0.003698894,0.31826875,0.001177361,"TWOGAUSSIANS_WITH_ELLIPSOIDAL_ON_ECLIPSE1",9,21.115881,0.31826875,0.001177361,0.14741111,0.0091502825,1.1040947,0.08313919,0.81949884,0.005746564,0.1528578,0.021337964,0.14308818,0.011845051
375316653866487564,4334358880613882496,0.55783683,2211.434080505773,3.2396274600177275,1.0344697E-5,18.737888,0.014269447,0.275788,0.0019989694,0.0793689,0.0044281837,0.5203723,0.020961875,0.75849414,0.004734839,0.076496474,0.0065050707,0.4293355,0.027161326,null,null,null,null,"TWOGAUSSIANS",8,3.8845365,0.275788,0.0019989694,0.4,0.0,0.51653194,0.021175805,0.75849414,0.004734839,0.4,0.0,0.42549518,0.027416585
375316653866487564,4334360323722942976,0.5030327,2237.6016417635446,3.439688877953457,3.059534E-5,19.359228,0.008550311,0.24397278,0.0030457734,0.07716449,0.0068778554,0.25844842,0.014766805,0.73350847,0.0072280206,0.07905855,0.0055163875,0.22211958,0.015279813,null,null,null,null,"TWOGAUSSIANS",8,1.7163131,0.24397278,0.0030457734,0.4,0.0,0.25614938,0.015221201,0.73350847,0.0072280206,0.4,0.0,0.21982053,0.0148766525
375316653866487564,4334361113998921728,0.5379506,2196.1843681290966,4.331529248256881,2.5546477E-5,19.761528,0.010036745,0.21213691,0.004607159,0.06315306,0.0055626975,0.5113194,0.03683106,0.70688885,0.0030530363,0.06696375,0.007158664,0.44640124,0.046125665,null,null,null,null,"TWOGAUSSIANS",8,1.5353366,0.21213691,0.004607159,0.35365713,0.031151107,0.51081246,0.03702032,0.70688885,0.0030530363,0.37499696,0.035019163,0.44589433,0.046589315
375316653866487564,4334378156428405504,0.5168612,2182.018062032155,2.906409238724642,2.6331181E-5,18.928473,0.043897,0.27171227,0.0065143164,0.10408771,0.019303938,0.27128607,0.039851375,0.7570242,0.003784433,0.11216835,0.013936635,0.31948277,0.0416944,null,null,null,null,"TWOGAUSSIANS",8,2.8500366,0.7570242,0.003784433,0.4,0.0,0.28474274,0.013699212,0.27174228,0.006537254,0.4,0.0,0.23657565,0.016368106
375316653866487564,4334386372701191424,0.5750841,2159.5795707210486,1.991528142858709,2.327761E-5,16.390806,0.0073065027,0.26017302,0.004671022,0.07516726,0.0056733103,0.5588002,0.044836525,0.7665244,0.0012000832,0.056175258,0.0020712705,0.40827984,0.006934608,null,null,null,null,"TWOGAUSSIANS",8,60.141792,0.26017302,0.004671022,0.4,0.0,0.5582272,0.04518494,0.7665244,0.0012000832,0.31458145,0.011599115,0.4077068,0.0068911416
375316653866487564,4334386815082457984,0.5740779,2145.679413808716,3.095724824093205,8.214777E-6,18.476158,0.004724272,0.266781,0.0017307375,0.09197889,0.0030160765,0.3131342,0.0056216326,0.76732326,0.002060314,0.09679448,0.002655002,0.32276762,0.0071673756,null,null,null,null,"TWOGAUSSIANS",8,1.4959056,0.76732326,0.002060314,0.4,0.0,0.3038581,0.0071726856,0.266781,0.0017307375,0.4,0.0,0.29422548,0.006045338
375316653866487564,4334397019924891520,0.50376946,2172.525751545424,3.677635554038507,1.5384594E-5,19.325764,0.013564159,0.21908414,0.0056518484,0.08208779,0.007714945,0.4121438,0.026611097,0.7240753,0.0037358378,0.0822394,0.006084786,0.3195269,0.016082339,null,null,null,null,"TWOGAUSSIANS",8,2.8817923,0.21908414,0.0056518484,0.4,0.0,0.4056924,0.027893085,0.7240753,0.0037358378,0.4,0.0,0.3130755,0.015154901
375316653866487564,4334397470896663040,0.5385237,2174.0562979115025,0.5042024269891154,2.2988861E-5,16.954084,0.0023345896,0.22649659,0.0025866614,0.021186825,0.0039586104,0.027287893,0.0050273086,0.7051926,0.020088853,0.039473705,0.013637379,0.14163898,0.02112797,0.026040139,0.0027645319,0.22649659,0.0025866614,"TWOGAUSSIANS_WITH_ELLIPSOIDAL_ON_ECLIPSE1",9,3.3434973,0.7061026,0.019174466,0.22105275,0.07636932,0.19283116,0.022237092,0.22649659,0.0025866614,0.11864622,0.022168217,0.07936816,0.003125793
