Gaia/vari_eclipsing_binary/VariEclipsingBinary_216808-217375.csv
# %ECSV 1.0
# ---
# delimiter: ','
# meta: !!omap
# - RELEASE: Gaia DR3
# - TABLE: vari_eclipsing_binary
# - DESCRIPTION: >
#     This table describes the properties of the eclipsing binaries resulting from the variability analysis. 
# - CITATION: >
#     How to cite and acknowledge Gaia: 
#     https://gea.esac.esa.int/archive/documentation/credits.html 
# - KNOWN_ISSUES: >
#     Known issues: 
#     https://www.cosmos.esa.int/web/gaia-users/known-issues 
# - DOCUMENTATION: >
#     Tutorials and documentation: 
#     https://www.cosmos.esa.int/web/gaia-users/archive 
# datatype:
# - 
#   name: solution_id
#   datatype: int64
#   description: Solution Identifier
#   meta:
#     ucd: meta.version
# - 
#   name: source_id
#   datatype: int64
#   description: Unique source identifier
#   meta:
#     ucd: meta.id;meta.main
# - 
#   name: global_ranking
#   datatype: float32
#   description: Number between 0 (worst) and 1 (best)
#   meta:
#     ucd: stat.param
# - 
#   name: reference_time
#   datatype: float64
#   unit: d
#   description: Reference time used for the geometric model fit
#   meta:
#     ucd: time.epoch
# - 
#   name: frequency
#   datatype: float64
#   unit: d**-1
#   description: Frequency of geometric model of the eclipsing binary light curve
#   meta:
#     ucd: src.orbital
# - 
#   name: frequency_error
#   datatype: float32
#   unit: d**-1
#   description: "Uncertainty of \\texttt{frequency}"
#   meta:
#     ucd: stat.error
# - 
#   name: geom_model_reference_level
#   datatype: float32
#   unit: mag
#   description: Magnitude reference level of geometric model
#   meta:
#     ucd: phot.mag;em.opt
# - 
#   name: geom_model_reference_level_error
#   datatype: float32
#   unit: mag
#   description: "Uncertainty of \\texttt{geomModelReferenceLevel}"
#   meta:
#     ucd: stat.error;phot.mag;em.opt
# - 
#   name: geom_model_gaussian1_phase
#   datatype: float32
#   description: Phase of the Gaussian 1 component
#   meta:
#     ucd: time.phase
# - 
#   name: geom_model_gaussian1_phase_error
#   datatype: float32
#   description: "Uncertainty of \\texttt{geomModelGaussian1Phase}"
#   meta:
#     ucd: stat.error;time.phase
# - 
#   name: geom_model_gaussian1_sigma
#   datatype: float32
#   description: "Standard deviation [phase] of Gaussian 1 component"
#   meta:
#     ucd: stat.stdev
# - 
#   name: geom_model_gaussian1_sigma_error
#   datatype: float32
#   description: "Uncertainty of \\texttt{geomModelGaussian1Sigma}"
#   meta:
#     ucd: stat.error
# - 
#   name: geom_model_gaussian1_depth
#   datatype: float32
#   unit: mag
#   description: Magnitude depth of Gaussian 1 component
#   meta:
#     ucd: src.var.amplitude
# - 
#   name: geom_model_gaussian1_depth_error
#   datatype: float32
#   unit: mag
#   description: "Uncertainty of \\texttt{geomModelGaussian1Depth}"
#   meta:
#     ucd: stat.error;src.var.amplitude
# - 
#   name: geom_model_gaussian2_phase
#   datatype: float32
#   description: Phase of Gaussian 2 component
#   meta:
#     ucd: time.phase
# - 
#   name: geom_model_gaussian2_phase_error
#   datatype: float32
#   description: "Uncertainty of \\texttt{geomModelGaussian2Phase}"
#   meta:
#     ucd: stat.error;time.phase
# - 
#   name: geom_model_gaussian2_sigma
#   datatype: float32
[...]
#   datatype: float32
#   description: "Secondary eclipse: uncertainty of \\texttt{derivedSecondaryEclDuration}"
#   meta:
#     ucd: stat.error;time.duration
# - 
#   name: derived_secondary_ecl_depth
#   datatype: float32
#   unit: mag
#   description: "Secondary eclipse: depth"
#   meta:
#     ucd: src.var.amplitude
# - 
#   name: derived_secondary_ecl_depth_error
#   datatype: float32
#   unit: mag
#   description: "Secondary eclipse: uncertainty of \\texttt{derivedSecondaryEclDepth}"
#   meta:
#     ucd: stat.error;src.var.amplitude
solution_id,source_id,global_ranking,reference_time,frequency,frequency_error,geom_model_reference_level,geom_model_reference_level_error,geom_model_gaussian1_phase,geom_model_gaussian1_phase_error,geom_model_gaussian1_sigma,geom_model_gaussian1_sigma_error,geom_model_gaussian1_depth,geom_model_gaussian1_depth_error,geom_model_gaussian2_phase,geom_model_gaussian2_phase_error,geom_model_gaussian2_sigma,geom_model_gaussian2_sigma_error,geom_model_gaussian2_depth,geom_model_gaussian2_depth_error,geom_model_cosine_half_period_amplitude,geom_model_cosine_half_period_amplitude_error,geom_model_cosine_half_period_phase,geom_model_cosine_half_period_phase_error,model_type,num_model_parameters,reduced_chi2,derived_primary_ecl_phase,derived_primary_ecl_phase_error,derived_primary_ecl_duration,derived_primary_ecl_duration_error,derived_primary_ecl_depth,derived_primary_ecl_depth_error,derived_secondary_ecl_phase,derived_secondary_ecl_phase_error,derived_secondary_ecl_duration,derived_secondary_ecl_duration_error,derived_secondary_ecl_depth,derived_secondary_ecl_depth_error
[from data line 491]
375316653866487564,1910791096991210752,0.5881242,2069.631904124573,1.057842732656881,3.1672696E-6,14.524705,0.0054543917,0.43495244,7.98191E-4,0.022572434,8.0825924E-4,0.8077062,0.022265792,0.88121414,0.029767146,0.012224809,0.015099845,0.37663954,7.4379552E7,0.0023869886,0.0078043556,0.88121414,0.029767146,"TWOGAUSSIANS_WITH_ELLIPSOIDAL_ON_ECLIPSE2",9,453.60138,0.43494245,7.9550716E-4,0.12640563,0.004526252,0.81195635,0.022333583,0.88121414,0.029767146,0.06845893,0.084559135,0.38141352,7.4379552E7
375316653866487564,1910794975346968704,0.47211698,2206.8510488110232,4.010193993504299,2.351267E-5,16.980352,0.0036927424,0.17981315,2.3216235E-6,0.008263928,1.4526086E-4,0.14396644,0.0034981552,0.5763759,0.010308693,0.072249025,0.012508258,0.379892,0.28299746,null,null,null,null,"TWOGAUSSIANS",8,2.5819023,0.5763759,0.010308693,0.4,0.03887295,0.379892,0.28299746,0.17981315,2.3216235E-6,0.046277996,8.134608E-4,0.14396656,0.0034983365
375316653866487564,1910826281362961536,0.43300876,2114.430356123304,1.7792523616951392,3.8895134E-5,14.664233,0.14863226,0.25003293,0.013138072,0.1765969,0.11545364,0.47702,0.3735585,0.74554574,0.013211763,0.2507839,0.13717705,0.6550226,0.26490033,null,null,null,null,"TWOGAUSSIANS",8,212.19702,0.74554574,0.013211763,0.4,0.0,0.09890847,0.010598454,0.25563294,0.014533475,0.4,0.0,0.082787335,0.01753235
375316653866487564,1910830267092726144,0.47286835,2054.6752216322648,1.0685591595930777,4.704225E-5,15.815395,0.0021807498,0.710319,0.005873284,0.024944028,0.006082352,0.26084653,0.05253676,null,null,null,null,null,null,null,null,null,null,"ONEGAUSSIAN",5,28.796026,0.710319,0.005873284,0.13968655,0.034061167,0.26084653,0.0,null,null,null,null,null,null
375316653866487564,1910858540860918272,0.4460254,2067.2489083214764,0.05463555734468793,3.41529E-5,17.943068,0.004061913,0.29276732,0.017009456,0.08280186,0.021108948,0.061640054,0.011004846,0.70085084,0.019385817,0.05672809,0.008900302,0.06554796,0.009134791,null,null,null,null,"TWOGAUSSIANS",8,3.4872026,0.70085084,0.019385817,0.31767732,0.04984169,0.06553295,0.009122351,0.29276732,0.017009456,0.4,0.009616327,0.061624717,0.011022351
375316653866487564,1910860022626118400,0.4352824,2081.2550938961476,0.1208448488917311,9.572773E-5,17.964676,0.0034902168,0.3372757,0.021390384,0.09756183,0.018180713,0.04207503,0.006174003,0.6911678,0.0034895218,0.018070014,0.0036085534,0.08254389,0.005970258,null,null,null,null,"TWOGAUSSIANS",8,4.5583577,0.6911678,0.0034895218,0.10119208,0.020207899,0.08260218,0.006016067,0.3372757,0.021390384,0.4,0.0,0.042074863,0.0061741425
375316653866487564,1910863321160760576,0.5828049,2095.6732719526367,2.8692796630520245,6.811234E-6,18.007362,0.022942696,0.2688954,0.0025935338,0.04353586,0.012526935,0.22427796,0.06650381,0.7644135,0.0036290071,0.048385516,0.008060724,0.17900737,0.048543803,0.10335664,0.026264707,0.2688954,0.0025935338,"TWOGAUSSIANS_WITH_ELLIPSOIDAL_ON_ECLIPSE1",9,5.4522567,0.2688954,0.0025935338,0.2438008,0.07015084,0.43099093,0.08374862,0.7652035,0.0029221082,0.27095887,0.04514005,0.38558525,0.009840338
375316653866487564,1910875308417382144,0.42410424,2079.831637903141,0.13889055952802065,3.6456233E-5,19.525864,0.37718254,0.25994012,0.019834619,0.080779694,0.013016654,0.23525909,0.043896593,0.6760525,0.021390712,0.259307,0.17508046,0.30232987,0.35749587,null,null,null,null,"TWOGAUSSIANS",8,5.9195886,0.2694401,0.01634871,0.4,0.0,0.21434002,0.032770894,0.6760525,0.021390712,0.4,0.0,0.1729214,0.020804845
375316653866487564,1910878370726203520,0.61003584,2110.891507334057,0.5637973247647897,4.130318E-5,14.027216,0.0022242323,0.23764876,0.0011126199,0.02306774,0.0011458823,0.57323784,0.026049875,0.7290305,0.009116237,0.027262079,0.00657337,0.6856898,0.021751784,0.014560526,0.0044017173,0.23764876,0.0011126199,"TWOGAUSSIANS_WITH_ELLIPSOIDAL_ON_ECLIPSE1",9,229.14964,0.72905046,0.009087165,0.15266764,0.03681087,0.71472573,0.022104774,0.23764876,0.0011126199,0.12917934,0.0064169406,0.6023589,0.026303684
375316653866487564,1910902182025089152,0.62884605,2056.661337457524,2.4932558973113688,6.331815E-6,14.376083,0.0053617936,0.24401364,0.0022120392,0.08676466,0.0039709937,0.40527642,0.010496939,0.74177533,0.0025494436,0.08201418,0.0019812523,0.4503083,0.009811162,null,null,null,null,"TWOGAUSSIANS",8,88.767654,0.74177533,0.0025494436,0.4,0.0,0.44012502,0.008464197,0.24401364,0.0022120392,0.4,0.0,0.39509308,0.011641756
375316653866487564,1910906713214769536,0.5275346,2043.2963684379354,3.527458097428444,1.1898455E-5,18.549637,0.01945548,0.21727332,0.006666812,0.111094154,0.013445721,0.216988,0.019524757,0.7178754,0.0042862813,0.08886988,0.011366683,0.19747949,0.017056635,null,null,null,null,"TWOGAUSSIANS",8,2.0663652,0.21727332,0.006666812,0.4,0.0,0.19897874,0.01496598,0.7178754,0.004286427,0.4,0.0,0.1794875,0.007982793
375316653866487564,1910965129065577088,0.56383026,2077.7341795920393,2.3497395130559817,1.1630966E-5,16.027502,0.011415577,0.29488185,0.0043506045,0.05272409,0.008582461,0.28695425,0.048899017,0.7857951,0.010773883,0.04325679,0.007860299,0.26625612,0.04419632,0.11815374,0.020699847,0.29488185,0.0043506045,"TWOGAUSSIANS_WITH_ELLIPSOIDAL_ON_ECLIPSE1",9,129.71774,0.29488185,0.0043506045,0.2952549,0.04806178,0.5232577,0.04614482,0.7868451,0.009624381,0.24223801,0.044017676,0.50187904,0.03744515
375316653866487564,1910980350429954688,0.53177917,2096.957950766755,0.2920763367565845,6.837802E-6,12.571922,0.011345456,0.24862242,0.0016015371,0.04165606,0.0029532665,0.3724803,0.026442116,0.7515428,0.0034442437,0.040547606,0.0065423697,0.27186894,0.027790468,0.010765471,0.014891897,0.7515428,0.0034442437,"TWOGAUSSIANS_WITH_ELLIPSOIDAL_ON_ECLIPSE2",9,1992.5354,0.24864241,0.0015862184,0.23327392,0.016538292,0.39400405,0.017453441,0.7515428,0.0034442437,0.22706658,0.03663727,0.29339987,0.026411096
375316653866487564,1910985912411277568,0.46450683,2107.064506119909,4.411480186038586,3.4295215E-5,18.660055,0.004039383,0.11276869,2.3539855E-4,0.0036125563,2.1891065E-4,0.64890903,0.13715795,0.44708303,0.0103647,0.0784315,0.0105181765,0.1352602,0.008641954,null,null,null,null,"TWOGAUSSIANS",8,3.0885625,0.11276869,2.3539855E-4,0.020230316,0.0012258996,0.64892435,0.13714483,0.44708303,0.0103647,0.4,0.004880204,0.1352602,0.008641954
375316653866487564,1911002478101439872,0.6210645,2081.3819759206103,4.04727148409965,8.254996E-6,12.882489,0.009278057,0.2847333,0.0013386834,0.04684167,0.0036759072,0.29959518,0.022824416,0.8005425,0.017217485,0.045951296,0.015069833,0.15612432,0.055883963,0.13039945,0.013324611,0.2847333,0.0013386834,"TWOGAUSSIANS_WITH_ELLIPSOIDAL_ON_ECLIPSE1",9,203.02832,0.2847333,0.0013386834,0.26231337,0.02058508,0.56039345,0.013289794,0.8005425,0.017217485,0.25732726,0.084391065,0.41435778,0.0580763
375316653866487564,1911013232699283712,0.5949651,2073.735394457408,1.840714364786073,5.8742357E-6,14.692712,0.021122329,0.24596417,0.0061912783,0.04289478,0.01794166,0.06426454,0.045058724,0.74056804,0.004953487,0.035541818,0.047096845,0.061656743,0.02428088,0.08819668,0.025807563,0.74056804,0.004953487,"TWOGAUSSIANS_WITH_ELLIPSOIDAL_ON_ECLIPSE2",9,31.47354,0.24442418,0.00396806,0.24021077,0.10047329,0.24051292,0.009378359,0.74056804,0.004953487,0.19903418,0.24103075,0.23805006,0.03717231
375316653866487564,1911031649519021184,0.587674,2115.902050116457,2.5598090720304527,4.921424E-6,14.0746,0.0051923282,0.25540215,0.0019674657,0.08786958,0.0034223492,0.17737526,0.005538011,0.75676686,0.0012158677,0.08208463,0.0030277786,0.1844406,0.0044778795,null,null,null,null,"TWOGAUSSIANS",8,51.072613,0.75676686,0.0012158677,0.4,0.0,0.17978378,0.0035149378,0.25540215,0.0019674657,0.4,0.0,0.1727184,0.0047403104
375316653866487564,1911041235886142080,0.60897267,2096.428556884245,3.7459364663072456,4.809214E-6,13.179201,0.0051320875,0.2429011,0.0016425971,0.04909876,0.002754314,0.29666066,0.01094495,0.74607307,0.0010859098,0.045426965,0.0040029436,0.17456196,0.018842438,0.113291465,0.0071978783,0.74607307,0.0010859098,"TWOGAUSSIANS_WITH_ELLIPSOIDAL_ON_ECLIPSE2",9,189.79123,0.24330111,0.0014047462,0.27495307,0.015424158,0.523164,0.009979476,0.74607307,0.0010859098,0.254391,0.022416484,0.40114385,0.018762756
375316653866487564,1911069720109409664,0.43721977,2101.299494804606,0.10627492949509168,1.3313668E-4,13.154059,0.0014115018,0.35238233,0.016046202,0.09657122,0.010200069,0.09617363,0.019945612,0.738625,0.073917955,0.036632877,0.03346035,0.22390483,0.2943055,null,null,null,null,"TWOGAUSSIANS",8,23.74175,0.738625,0.073917955,0.2051441,0.18737794,0.22393188,0.29433793,0.35238233,0.016046202,0.4,0.0,0.09616835,0.019947736
375316653866487564,1911072090931262080,0.49446222,2087.757379160211,1.5775239113546475,6.0646154E-5,17.619379,0.013690066,0.4029698,0.022366542,0.1462955,0.024653286,0.12759121,0.02353951,0.81419444,0.011812465,0.029753797,0.0072376556,0.39357334,0.048849,null,null,null,null,"TWOGAUSSIANS",8,30.32681,0.81419444,0.011812465,0.16662127,0.04053087,0.39502752,0.049374122,0.4029698,0.022366542,0.4,0.0,0.1265514,0.023740463
375316653866487564,1911079718793008640,0.52296406,2051.4441358778586,0.26067911380881686,1.4503734E-5,13.66549,0.0010738919,0.7194885,0.0015408488,0.0060806987,0.0020423688,0.12526774,0.11453463,null,null,null,null,null,null,0.0027237257,0.0013674713,0.7194885,0.0015408488,"ONEGAUSSIAN_WITH_ELLIPSOIDAL",6,49.766853,0.7194885,0.0015408488,0.03405191,0.011437265,0.1307152,0.11465747,null,null,null,null,null,null
375316653866487564,1911089992354862720,0.53525287,2043.7184591542884,0.9018853766496981,1.3375243E-5,14.821243,0.0019446906,0.21710314,0.0027654483,0.07359107,0.0044594207,0.0481078,0.0018669007,0.71529055,0.003608892,0.066944875,0.0045266696,0.09494992,0.008117231,null,null,null,null,"TWOGAUSSIANS",8,11.719253,0.71529055,0.003608892,0.37489128,0.025349349,0.09472495,0.008162567,0.21710314,0.0027654483,0.4,0.0014312929,0.04788283,0.0017794061
375316653866487564,1911113666214685568,0.5917909,2113.643887327459,3.007046382754052,8.781363E-6,15.37297,0.020611713,0.24180636,0.0021320032,0.058030453,0.010331563,0.13593592,0.048320066,0.7339568,0.004689056,0.054006707,0.01003952,0.22885129,0.0413887,0.089452036,0.028324174,0.24180636,0.0021320032,"TWOGAUSSIANS_WITH_ELLIPSOIDAL_ON_ECLIPSE1",9,65.54164,0.7351568,0.003900842,0.30243754,0.056221314,0.40737113,0.023670854,0.24180636,0.0021320032,0.32497054,0.05785675,0.31482434,0.012113863
375316653866487564,1911121500235153408,0.7091896,2083.4661658428317,0.042770204518569256,4.184549E-5,13.581507,5.539552E-4,0.16330914,0.03822917,0.017952058,0.0111934515,0.26924133,0.2992106,0.8120321,0.008153894,0.06128617,0.010173887,0.0075267116,0.0019197954,null,null,null,null,"TWOGAUSSIANS",8,6.731423,0.16330914,0.03822917,0.100531526,0.06268333,0.26924133,0.2992106,0.8120321,0.008153894,0.34320256,0.05697377,0.0075267116,0.0019197954
375316653866487564,1911137340074479360,0.5973338,2088.761464860401,0.6936455296157574,1.5170322E-6,13.128828,0.001969944,0.27464274,0.13084424,0.090766035,0.17468789,0.0030849695,14067.138,0.49693745,5.73583E-4,0.023981689,0.0020577693,0.3715558,0.05238785,null,null,null,null,"TWOGAUSSIANS",8,61.948376,0.49693745,5.73583E-4,0.13429746,0.0115235085,0.37170956,0.05240242,0.27464274,0.13084424,0.4,0.70112103,0.0030849678,14067.138
375316653866487564,1911139534802111488,0.529458,2086.634877670792,3.703803643222279,1.1803688E-5,19.183388,0.008594111,0.2741596,0.004968895,0.08201448,0.0064870077,0.28354952,0.012913165,0.78280693,0.0030809755,0.07325585,0.005432974,0.25575253,0.019816466,null,null,null,null,"TWOGAUSSIANS",8,1.6638206,0.2741596,0.004968895,0.4,0.0,0.2810287,0.012566684,0.78280693,0.0030809755,0.4,0.007551543,0.2532317,0.020013032
375316653866487564,1911142528394968704,0.5919112,2094.983893889558,1.978912024950239,6.9703497E-6,13.815919,0.004882837,0.22889023,0.0022601918,0.09560602,0.0036657955,0.17117742,0.0051966663,0.7194557,0.002186256,0.093038075,0.0032816255,0.19966912,0.005059131,null,null,null,null,"TWOGAUSSIANS",8,35.87391,0.7194557,0.002186256,0.4,0.0,0.19004108,0.003258415,0.22889023,0.0022601918,0.4,0.0,0.16154918,0.0037264763
375316653866487564,1911145410316512128,0.5088393,2079.2415992147235,1.8760716009570677,7.57338E-6,18.708462,0.006499544,0.21344744,0.012556198,0.013337951,0.018673208,0.011216059,0.16513216,0.7224288,0.0015447008,0.017223775,0.002032682,0.2156642,0.0155891655,0.058961775,0.006863259,0.21344744,0.012556198,"TWOGAUSSIANS_WITH_ELLIPSOIDAL_ON_ECLIPSE1",9,5.973417,0.7224288,0.0015434196,0.096453145,0.011383019,0.3332126,0.018175595,0.21344744,0.012556198,0.074692525,0.104569964,0.1291396,0.16486941
375316653866487564,1911157401865933568,0.5186083,2091.0942595442566,1.2130753292540821,1.337855E-5,16.572136,0.005579422,0.7261717,0.005421143,0.027881166,0.013039537,0.17347674,0.018994577,null,null,null,null,null,null,0.038270902,0.0076153823,0.7261717,0.005421143,"ONEGAUSSIAN_WITH_ELLIPSOIDAL",6,31.690052,0.7261717,0.005421143,0.15613453,0.07302141,0.25001845,0.025828926,null,null,null,null,null,null
375316653866487564,1911162079085915776,0.68659604,2064.722098400482,2.5668244542898555,2.4962442E-6,14.713377,0.007380276,0.22801547,9.779762E-4,0.04782979,0.0045228954,0.17290516,0.015710661,0.7292054,0.004471543,0.045443404,0.0078559695,0.17077416,0.013811297,0.14600721,0.00859765,0.22801547,9.779762E-4,"TWOGAUSSIANS_WITH_ELLIPSOIDAL_ON_ECLIPSE1",9,20.775183,0.22801547,9.779762E-4,0.26784682,0.025328215,0.4649193,0.004882062,0.7292054,0.004471543,0.25448307,0.043993432,0.46277198,0.010794601
375316653866487564,1911163831432445568,0.5026396,2069.578053745714,1.451307740655001,1.3280482E-5,15.349268,0.024394603,0.23795138,0.006063631,0.12034469,0.02352195,0.10843179,0.02394592,0.74964756,0.0038936883,0.10222638,0.016632088,0.11203966,0.022761442,null,null,null,null,"TWOGAUSSIANS",8,24.272173,0.74969757,0.0039140214,0.4,0.0,0.09648341,0.0076180375,0.23794138,0.006070548,0.4,0.0,0.09283546,0.0065214857
375316653866487564,1911191697180562176,0.4009076,2144.2273930435017,0.1092361093914011,9.053364E-5,17.311161,0.006405787,0.33279717,0.009339193,0.057282668,0.01992985,0.099917985,0.08195633,0.7334591,0.024782278,0.09665969,0.022494528,0.053516608,0.009697766,null,null,null,null,"TWOGAUSSIANS",8,4.93485,0.33280718,0.009346086,0.32078293,0.111607164,0.09986184,0.08202261,0.7334591,0.024782278,0.4,0.0,0.053450517,0.009623498
375316653866487564,1911199221963081216,0.65209097,2071.464989760766,1.1312676582694996,2.7786998E-6,13.380343,0.0032233929,0.22666441,0.00126334,0.046802092,0.0042203274,0.067604735,0.009480473,0.7220412,0.0014842451,0.05678221,0.0030569958,0.098460466,0.007485206,0.07455564,0.004272448,0.22666441,0.00126334,"TWOGAUSSIANS_WITH_ELLIPSOIDAL_ON_ECLIPSE1",9,36.186924,0.7233312,8.492338E-4,0.31798035,0.017119177,0.24747619,0.003682203,0.22666441,0.00126334,0.26209173,0.023633832,0.21671127,0.006459911
375316653866487564,1911201249187734016,0.5080062,2117.7407549732816,1.9886563643178121,9.968352E-6,14.618982,0.0011835453,0.26907727,0.0036829906,0.02075401,0.0044667707,0.026244083,0.006318048,0.7503362,0.003754715,0.06532562,0.02400426,0.062437296,0.02182257,0.010008644,0.0017761805,0.7503362,0.003754715,"TWOGAUSSIANS_WITH_ELLIPSOIDAL_ON_ECLIPSE2",9,16.073238,0.7503362,0.003754715,0.36582345,0.045564428,0.082415015,0.020065906,0.2686073,0.0037954627,0.116222456,0.025013916,0.045952417,0.00637094
375316653866487564,1911232409174052992,0.5845067,2060.9065701203294,4.45081987774027,7.855627E-6,18.567266,0.0071224915,0.1608938,0.0018985484,0.047831964,0.0025556507,0.50433326,0.0148068145,0.63048327,0.0012969276,0.020140823,0.006928273,0.08796011,0.045928203,0.09801087,0.008669994,0.1608938,0.0018985484,"TWOGAUSSIANS_WITH_ELLIPSOIDAL_ON_ECLIPSE1",9,8.059864,0.1608938,0.0018985484,0.26785898,0.014311644,0.7003544,0.015254544,0.63248324,0.0029046645,0.11278861,0.03879833,0.2773684,0.0535747
