Gaia/vari_eclipsing_binary/VariEclipsingBinary_231023-231046.csv
# %ECSV 1.0
# ---
# delimiter: ','
# meta: !!omap
# - RELEASE: Gaia DR3
# - TABLE: vari_eclipsing_binary
# - DESCRIPTION: >
#     This table describes the properties of the eclipsing binaries resulting from the variability analysis. 
# - CITATION: >
#     How to cite and acknowledge Gaia: 
#     https://gea.esac.esa.int/archive/documentation/credits.html 
# - KNOWN_ISSUES: >
#     Known issues: 
#     https://www.cosmos.esa.int/web/gaia-users/known-issues 
# - DOCUMENTATION: >
#     Tutorials and documentation: 
#     https://www.cosmos.esa.int/web/gaia-users/archive 
# datatype:
# - 
#   name: solution_id
#   datatype: int64
#   description: Solution Identifier
#   meta:
#     ucd: meta.version
# - 
#   name: source_id
#   datatype: int64
#   description: Unique source identifier
#   meta:
#     ucd: meta.id;meta.main
# - 
#   name: global_ranking
#   datatype: float32
#   description: Number between 0 (worst) and 1 (best)
#   meta:
#     ucd: stat.param
# - 
#   name: reference_time
#   datatype: float64
#   unit: d
#   description: Reference time used for the geometric model fit
#   meta:
#     ucd: time.epoch
# - 
#   name: frequency
#   datatype: float64
#   unit: d**-1
#   description: Frequency of geometric model of the eclipsing binary light curve
#   meta:
#     ucd: src.orbital
# - 
#   name: frequency_error
#   datatype: float32
#   unit: d**-1
#   description: "Uncertainty of \\texttt{frequency}"
#   meta:
#     ucd: stat.error
# - 
#   name: geom_model_reference_level
#   datatype: float32
#   unit: mag
#   description: Magnitude reference level of geometric model
#   meta:
#     ucd: phot.mag;em.opt
# - 
#   name: geom_model_reference_level_error
#   datatype: float32
#   unit: mag
#   description: "Uncertainty of \\texttt{geomModelReferenceLevel}"
#   meta:
#     ucd: stat.error;phot.mag;em.opt
# - 
#   name: geom_model_gaussian1_phase
#   datatype: float32
#   description: Phase of the Gaussian 1 component
#   meta:
#     ucd: time.phase
# - 
#   name: geom_model_gaussian1_phase_error
#   datatype: float32
#   description: "Uncertainty of \\texttt{geomModelGaussian1Phase}"
#   meta:
#     ucd: stat.error;time.phase
# - 
#   name: geom_model_gaussian1_sigma
#   datatype: float32
#   description: "Standard deviation [phase] of Gaussian 1 component"
#   meta:
#     ucd: stat.stdev
# - 
#   name: geom_model_gaussian1_sigma_error
#   datatype: float32
#   description: "Uncertainty of \\texttt{geomModelGaussian1Sigma}"
#   meta:
#     ucd: stat.error
# - 
#   name: geom_model_gaussian1_depth
#   datatype: float32
#   unit: mag
#   description: Magnitude depth of Gaussian 1 component
#   meta:
#     ucd: src.var.amplitude
# - 
#   name: geom_model_gaussian1_depth_error
#   datatype: float32
#   unit: mag
#   description: "Uncertainty of \\texttt{geomModelGaussian1Depth}"
#   meta:
#     ucd: stat.error;src.var.amplitude
# - 
#   name: geom_model_gaussian2_phase
#   datatype: float32
#   description: Phase of Gaussian 2 component
#   meta:
#     ucd: time.phase
# - 
#   name: geom_model_gaussian2_phase_error
#   datatype: float32
#   description: "Uncertainty of \\texttt{geomModelGaussian2Phase}"
#   meta:
#     ucd: stat.error;time.phase
# - 
#   name: geom_model_gaussian2_sigma
#   datatype: float32
[...]
#   datatype: float32
#   description: "Secondary eclipse: uncertainty of \\texttt{derivedSecondaryEclDuration}"
#   meta:
#     ucd: stat.error;time.duration
# - 
#   name: derived_secondary_ecl_depth
#   datatype: float32
#   unit: mag
#   description: "Secondary eclipse: depth"
#   meta:
#     ucd: src.var.amplitude
# - 
#   name: derived_secondary_ecl_depth_error
#   datatype: float32
#   unit: mag
#   description: "Secondary eclipse: uncertainty of \\texttt{derivedSecondaryEclDepth}"
#   meta:
#     ucd: stat.error;src.var.amplitude
solution_id,source_id,global_ranking,reference_time,frequency,frequency_error,geom_model_reference_level,geom_model_reference_level_error,geom_model_gaussian1_phase,geom_model_gaussian1_phase_error,geom_model_gaussian1_sigma,geom_model_gaussian1_sigma_error,geom_model_gaussian1_depth,geom_model_gaussian1_depth_error,geom_model_gaussian2_phase,geom_model_gaussian2_phase_error,geom_model_gaussian2_sigma,geom_model_gaussian2_sigma_error,geom_model_gaussian2_depth,geom_model_gaussian2_depth_error,geom_model_cosine_half_period_amplitude,geom_model_cosine_half_period_amplitude_error,geom_model_cosine_half_period_phase,geom_model_cosine_half_period_phase_error,model_type,num_model_parameters,reduced_chi2,derived_primary_ecl_phase,derived_primary_ecl_phase_error,derived_primary_ecl_duration,derived_primary_ecl_duration_error,derived_primary_ecl_depth,derived_primary_ecl_depth_error,derived_secondary_ecl_phase,derived_secondary_ecl_phase_error,derived_secondary_ecl_duration,derived_secondary_ecl_duration_error,derived_secondary_ecl_depth,derived_secondary_ecl_depth_error
[from data line 758]
375316653866487564,2032307094887455488,0.4745119,2256.1860129915003,2.87576617749215,1.6358541E-5,18.678524,0.0046795225,0.78165126,0.0048081484,0.02144661,0.024756031,0.052847523,0.80238837,null,null,null,null,null,null,0.09506481,0.0070053097,0.78165126,0.0048081484,"ONEGAUSSIAN_WITH_ELLIPSOIDAL",6,6.4432006,0.78165126,0.0048081484,0.12010102,0.13863377,0.24297704,0.80213517,null,null,null,null,null,null
375316653866487564,2032307747755021312,0.5777993,2248.4549019185106,2.659514040386146,4.545664E-6,19.044682,0.009813037,0.30990976,0.0012415106,0.051988374,0.0043767216,0.2571116,0.027076324,0.81020117,0.005764518,0.04675011,0.0060033076,0.22732992,0.033815354,0.1343614,0.014526397,0.30990976,0.0012415106,"TWOGAUSSIANS_WITH_ELLIPSOIDAL_ON_ECLIPSE1",9,1.9317305,0.30990976,0.0012415106,0.2911349,0.02450964,0.5258315,0.02232624,0.81020117,0.00502293,0.26180062,0.033618525,0.49604896,0.02897758
375316653866487564,2032307983934538880,0.5534526,2254.463620620723,0.5609065875072677,8.171856E-6,19.53258,0.0043254388,0.093295224,0.0034861579,0.013245151,0.0022691586,0.82199043,0.35777485,0.6110327,0.022259217,0.013263925,0.009753604,0.6365985,0.09848645,null,null,null,null,"TWOGAUSSIANS",8,1.8316408,0.093295224,0.0034861579,0.07417285,0.012707288,0.82199043,0.35777485,0.6110327,0.022259217,0.07427798,0.054620184,0.6365985,0.09848645
375316653866487564,2032307988273260800,0.4343524,2280.3097597606998,2.1984008766309393,2.7586622E-5,17.097624,0.031524807,0.24325974,0.016684137,0.05512097,0.02012688,0.18710676,0.06518148,0.6956623,0.014353813,0.034142308,0.019013008,0.25139347,0.64592105,0.06625902,0.045030057,0.6956623,0.014353813,"TWOGAUSSIANS_WITH_ELLIPSOIDAL_ON_ECLIPSE2",9,119.40403,0.6956623,0.014353813,0.19119693,0.10647284,0.383911,0.66680324,0.23655975,0.01336534,0.30867743,0.11271052,0.3096877,0.030630711
375316653866487564,2032308950314502784,0.5727765,2271.09248846349,3.8436511888072524,7.3808415E-6,19.022255,0.0075498708,0.23098989,0.0030879476,0.073274925,0.0038014755,0.44296858,0.033319056,0.73450613,0.0019971963,0.07425039,0.0027922033,0.44796988,0.01356893,null,null,null,null,"TWOGAUSSIANS",8,1.5934559,0.73450613,0.0019971963,0.4,0.0,0.44533762,0.013452418,0.23098989,0.0030879476,0.4,0.0,0.44033635,0.03372339
375316653866487564,2032309633202404480,0.49772355,2256.5559772286897,3.6665083437265813,1.6478225E-5,18.539776,0.017934738,0.24432229,0.0054088417,0.08918973,0.012641019,0.17580852,0.017940568,0.7613602,0.004433821,0.10086997,0.013135044,0.16080049,0.016079195,null,null,null,null,"TWOGAUSSIANS",8,2.7533062,0.24432229,0.005413221,0.4,0.0,0.1675444,0.013672479,0.7613602,0.004433821,0.4,0.0,0.15253446,0.009531782
375316653866487564,2032309770655776896,0.49248555,2244.8652832366474,3.3482587899262093,2.3906867E-5,19.42149,0.045786034,0.2919397,0.026144765,0.078818314,0.039917067,0.21774872,0.044504445,0.78790003,0.003453931,0.08349403,0.017357878,0.27679044,0.040179208,null,null,null,null,"TWOGAUSSIANS",8,2.7680235,0.78790003,0.0034637023,0.4,0.0,0.27282593,0.026227884,0.2919397,0.026144765,0.4,0.0,0.21378422,0.024270708
375316653866487564,2032309946746923008,0.554385,2269.1622911165227,3.237195724176197,9.510454E-6,19.543776,0.013731521,0.23482424,0.0033709018,0.07265762,0.0054660314,0.36349,0.014739082,0.7436788,0.004346889,0.078965805,0.0069508045,0.42423072,0.022023207,null,null,null,null,"TWOGAUSSIANS",8,1.454755,0.7436788,0.004346889,0.4,0.0,0.42140993,0.021739785,0.23482424,0.0033709018,0.4,0.012022321,0.3606692,0.013763312
375316653866487564,2032310217317922560,0.48641476,2254.4429681970787,1.332341046966543,2.3833996E-5,18.264097,0.0025461693,0.32427844,0.0040028277,0.042459264,0.0049662916,0.17888759,0.020150192,0.8254467,0.030711573,0.048311133,0.026800256,0.091385305,0.054265562,null,null,null,null,"TWOGAUSSIANS",8,3.0196614,0.32427844,0.0040028277,0.23777187,0.027811233,0.17888753,0.020150255,0.8254467,0.030711573,0.27054235,0.15008144,0.091385245,0.054265622
375316653866487564,2032310320393365632,0.5678913,2251.687690266961,2.047016410512839,6.7634733E-6,17.449717,0.005348509,0.2277661,0.003254196,0.08030498,0.00473918,0.22818851,0.009381611,0.718164,0.0033114154,0.08575581,0.004341062,0.30808654,0.014983616,null,null,null,null,"TWOGAUSSIANS",8,5.6045284,0.718164,0.0033114154,0.4,0.0,0.3032879,0.0156211145,0.2277661,0.003254196,0.4,0.0,0.22338991,0.009679149
375316653866487564,2032310359095067520,0.5030087,2241.066033983721,0.2695929881106829,1.46169705E-5,18.671576,0.004951945,0.38545883,0.005080816,0.008479979,0.00835937,0.024745759,0.12636334,0.5899913,0.0022595827,0.025285235,0.0015620065,0.64257884,0.09478878,null,null,null,null,"TWOGAUSSIANS",8,5.2488856,0.5899913,0.0022595827,0.14159732,0.008747237,0.64257884,0.09478878,0.38545883,0.005080816,0.04748788,0.046812475,0.024745759,0.12636334
