Gaia/vari_eclipsing_binary/VariEclipsingBinary_678623-678645.csv
# %ECSV 1.0
# ---
# delimiter: ','
# meta: !!omap
# - RELEASE: Gaia DR3
# - TABLE: vari_eclipsing_binary
# - DESCRIPTION: >
#     This table describes the properties of the eclipsing binaries resulting from the variability analysis. 
# - CITATION: >
#     How to cite and acknowledge Gaia: 
#     https://gea.esac.esa.int/archive/documentation/credits.html 
# - KNOWN_ISSUES: >
#     Known issues: 
#     https://www.cosmos.esa.int/web/gaia-users/known-issues 
# - DOCUMENTATION: >
#     Tutorials and documentation: 
#     https://www.cosmos.esa.int/web/gaia-users/archive 
# datatype:
# - 
#   name: solution_id
#   datatype: int64
#   description: Solution Identifier
#   meta:
#     ucd: meta.version
# - 
#   name: source_id
#   datatype: int64
#   description: Unique source identifier
#   meta:
#     ucd: meta.id;meta.main
# - 
#   name: global_ranking
#   datatype: float32
#   description: Number between 0 (worst) and 1 (best)
#   meta:
#     ucd: stat.param
# - 
#   name: reference_time
#   datatype: float64
#   unit: d
#   description: Reference time used for the geometric model fit
#   meta:
#     ucd: time.epoch
# - 
#   name: frequency
#   datatype: float64
#   unit: d**-1
#   description: Frequency of geometric model of the eclipsing binary light curve
#   meta:
#     ucd: src.orbital
# - 
#   name: frequency_error
#   datatype: float32
#   unit: d**-1
#   description: "Uncertainty of \\texttt{frequency}"
#   meta:
#     ucd: stat.error
# - 
#   name: geom_model_reference_level
#   datatype: float32
#   unit: mag
#   description: Magnitude reference level of geometric model
#   meta:
#     ucd: phot.mag;em.opt
# - 
#   name: geom_model_reference_level_error
#   datatype: float32
#   unit: mag
#   description: "Uncertainty of \\texttt{geomModelReferenceLevel}"
#   meta:
#     ucd: stat.error;phot.mag;em.opt
# - 
#   name: geom_model_gaussian1_phase
#   datatype: float32
#   description: Phase of the Gaussian 1 component
#   meta:
#     ucd: time.phase
# - 
#   name: geom_model_gaussian1_phase_error
#   datatype: float32
#   description: "Uncertainty of \\texttt{geomModelGaussian1Phase}"
#   meta:
#     ucd: stat.error;time.phase
# - 
#   name: geom_model_gaussian1_sigma
#   datatype: float32
#   description: "Standard deviation [phase] of Gaussian 1 component"
#   meta:
#     ucd: stat.stdev
# - 
#   name: geom_model_gaussian1_sigma_error
#   datatype: float32
#   description: "Uncertainty of \\texttt{geomModelGaussian1Sigma}"
#   meta:
#     ucd: stat.error
# - 
#   name: geom_model_gaussian1_depth
#   datatype: float32
#   unit: mag
#   description: Magnitude depth of Gaussian 1 component
#   meta:
#     ucd: src.var.amplitude
# - 
#   name: geom_model_gaussian1_depth_error
#   datatype: float32
#   unit: mag
#   description: "Uncertainty of \\texttt{geomModelGaussian1Depth}"
#   meta:
#     ucd: stat.error;src.var.amplitude
# - 
#   name: geom_model_gaussian2_phase
#   datatype: float32
#   description: Phase of Gaussian 2 component
#   meta:
#     ucd: time.phase
# - 
#   name: geom_model_gaussian2_phase_error
#   datatype: float32
#   description: "Uncertainty of \\texttt{geomModelGaussian2Phase}"
#   meta:
#     ucd: stat.error;time.phase
# - 
#   name: geom_model_gaussian2_sigma
#   datatype: float32
[...]
#   datatype: float32
#   description: "Secondary eclipse: uncertainty of \\texttt{derivedSecondaryEclDuration}"
#   meta:
#     ucd: stat.error;time.duration
# - 
#   name: derived_secondary_ecl_depth
#   datatype: float32
#   unit: mag
#   description: "Secondary eclipse: depth"
#   meta:
#     ucd: src.var.amplitude
# - 
#   name: derived_secondary_ecl_depth_error
#   datatype: float32
#   unit: mag
#   description: "Secondary eclipse: uncertainty of \\texttt{derivedSecondaryEclDepth}"
#   meta:
#     ucd: stat.error;src.var.amplitude
solution_id,source_id,global_ranking,reference_time,frequency,frequency_error,geom_model_reference_level,geom_model_reference_level_error,geom_model_gaussian1_phase,geom_model_gaussian1_phase_error,geom_model_gaussian1_sigma,geom_model_gaussian1_sigma_error,geom_model_gaussian1_depth,geom_model_gaussian1_depth_error,geom_model_gaussian2_phase,geom_model_gaussian2_phase_error,geom_model_gaussian2_sigma,geom_model_gaussian2_sigma_error,geom_model_gaussian2_depth,geom_model_gaussian2_depth_error,geom_model_cosine_half_period_amplitude,geom_model_cosine_half_period_amplitude_error,geom_model_cosine_half_period_phase,geom_model_cosine_half_period_phase_error,model_type,num_model_parameters,reduced_chi2,derived_primary_ecl_phase,derived_primary_ecl_phase_error,derived_primary_ecl_duration,derived_primary_ecl_duration_error,derived_primary_ecl_depth,derived_primary_ecl_depth_error,derived_secondary_ecl_phase,derived_secondary_ecl_phase_error,derived_secondary_ecl_duration,derived_secondary_ecl_duration_error,derived_secondary_ecl_depth,derived_secondary_ecl_depth_error
[from data line 549]
375316653866487564,5969418540445620480,0.568387,2299.1495963023985,0.4601056361056223,1.4538478E-5,14.781683,0.0016194612,0.2673366,0.008500445,0.05614378,0.021257147,0.04624506,0.004496782,0.75945485,0.0017776225,0.028637346,0.001894996,0.123996414,0.012294917,0.016911093,0.002910807,0.2673366,0.008500445,"TWOGAUSSIANS_WITH_ELLIPSOIDAL_ON_ECLIPSE1",9,19.930582,0.75959486,0.001691223,0.16036914,0.010611977,0.15773486,0.012280558,0.2673366,0.008500445,0.31440514,0.11904003,0.080064945,0.0032496022
375316653866487564,5969419154582984320,0.46312603,2299.131583763009,2.1858959339978514,1.1878572E-5,18.401138,0.0039569167,0.30965015,0.0019702592,0.02555051,0.0022580256,0.1318218,0.01095132,0.80574375,0.012170116,0.022708451,0.013293706,0.1089077,0.040223088,0.038099904,0.008691949,0.30965015,0.0019702592,"TWOGAUSSIANS_WITH_ELLIPSOIDAL_ON_ECLIPSE1",9,7.026685,0.30965015,0.0019702592,0.14308286,0.012644943,0.20802158,0.010495106,0.8058537,0.0120568,0.12716733,0.074444756,0.18506286,0.048191097
375316653866487564,5969419227603836928,0.49269137,2280.851885987957,3.6380754101106003,3.168256E-5,19.694792,0.13284147,0.25908774,0.008818035,0.074036114,0.036801133,0.3912195,0.08563279,0.7983509,0.049898293,0.0906813,0.074729405,0.36781743,0.20055616,null,null,null,null,"TWOGAUSSIANS",8,3.8885813,0.25908774,0.008454502,0.4,0.019353548,0.38768274,0.05194968,0.7983509,0.049900305,0.4,0.0,0.36427975,0.19866903
375316653866487564,5969419296359941504,0.53553927,2300.828840777161,2.0570359217502627,1.7446655E-5,17.794998,0.009893486,0.20739317,0.003293817,0.07896953,0.004158462,0.42657197,0.01148914,0.7024694,0.007072878,0.07695438,0.0057279137,0.4099962,0.027755277,null,null,null,null,"TWOGAUSSIANS",8,20.237274,0.20739317,0.003293817,0.4,0.0,0.42215145,0.011485254,0.7024694,0.007072878,0.4,0.0,0.40557572,0.028159313
375316653866487564,5969419326378897920,0.5090156,2311.806344787506,0.5914482030156414,3.2797187E-5,14.593528,0.0052568913,0.2583068,0.004713307,0.07494827,0.0051845615,0.13841468,0.0063844207,0.7747989,0.005838192,0.08252078,0.0061934097,0.13200739,0.0071924203,null,null,null,null,"TWOGAUSSIANS",8,39.72658,0.2583068,0.004713307,0.4,0.0,0.13717078,0.00601039,0.7747989,0.005838192,0.4,0.0,0.13076349,0.0070269923
375316653866487564,5969419330683319040,0.5248741,2318.1867941101473,1.316325053017404,1.0550622E-5,17.782019,0.024254493,0.2808764,0.0027340685,0.10138703,0.010513866,0.29797179,0.018306129,0.78262943,0.0035642239,0.108796276,0.009090496,0.24957398,0.023659976,null,null,null,null,"TWOGAUSSIANS",8,5.45069,0.2808764,0.0027340685,0.4,0.0,0.26658657,0.010365007,0.78262943,0.0035642239,0.4,0.0,0.21817893,0.0116868345
375316653866487564,5969419743000021248,0.57229125,2265.223715233253,3.7888540745229604,1.0089048E-5,19.090385,0.018874913,0.28431475,0.0042144037,0.070752,0.0042674565,0.5756594,0.027223375,0.78714675,0.0034205916,0.071773395,0.0037979765,0.54654604,0.023863036,null,null,null,null,"TWOGAUSSIANS",8,3.8940861,0.28431475,0.0042144037,0.3962112,0.017944891,0.5734361,0.026552813,0.78714675,0.0034205916,0.4,0.010773524,0.54432267,0.023107916
375316653866487564,5969420082296203136,0.57293445,2290.494986545823,0.7532138340548208,2.15123E-5,18.455452,0.0034352792,0.26908994,0.020432292,0.041279323,0.012930456,0.47712773,0.17372565,0.7704549,0.004603379,0.025547968,0.015335517,0.10920163,0.1266108,null,null,null,null,"TWOGAUSSIANS",8,2.1033823,0.26908994,0.020432292,0.23116422,0.07241055,0.47712773,0.17372565,0.7704549,0.004603379,0.14306863,0.085878894,0.10920163,0.1266108
375316653866487564,5969420288451404032,0.47878006,2292.90761368569,0.6278351877993087,1.4122516E-4,17.347975,0.006174919,0.54455715,0.22524305,0.08757586,0.10726249,0.012190013,0.14981061,0.41410863,0.00824373,0.021463513,0.011095894,0.27515215,0.059819587,null,null,null,null,"TWOGAUSSIANS",8,13.113271,0.41421863,0.006014381,0.12019567,0.062137004,0.27917588,0.030559517,0.54455715,0.26473647,0.4,0.27444255,0.012190013,0.36627725
375316653866487564,5969420563329410432,0.61220646,2292.833157596655,1.508065254636186,8.669605E-6,15.95179,0.05222609,0.24086148,0.0012844297,0.13974144,0.01976487,0.1943503,0.050914034,0.7370926,0.0014446571,0.12967995,0.018523626,0.18381199,0.049649585,null,null,null,null,"TWOGAUSSIANS",8,2.5964172,0.24093148,0.0012967846,0.4,0.0,0.12873292,0.0027108232,0.7370926,0.0014446571,0.4,0.0,0.11862377,0.0028892367
375316653866487564,5969420632066121856,0.5028272,2256.7982198935542,1.908904645225453,2.9706729E-5,19.800125,0.011679519,0.20287234,0.019782348,0.071633324,0.024371395,0.107489526,0.030607432,0.6901774,0.0027305337,0.055873413,0.0047458853,0.39544195,0.04150013,null,null,null,null,"TWOGAUSSIANS",8,1.3065621,0.6901774,0.0027305337,0.3128911,0.026576957,0.3953277,0.041534767,0.20287234,0.019782348,0.4,0.06718878,0.10737528,0.030699497
375316653866487564,5969421662858137472,0.55433273,2294.101300920776,1.1319366046971515,6.8449353E-6,17.216394,0.007225008,0.17507315,9.2562E-4,0.024307203,8.7471434E-4,0.7063785,0.03697451,0.67538095,0.0049949614,0.02543901,0.0034842866,0.56546664,0.06655703,null,null,null,null,"TWOGAUSSIANS",8,47.421734,0.17507315,9.2562E-4,0.13612033,0.0048984,0.7063785,0.03697451,0.67538095,0.0049949614,0.14245845,0.019512005,0.56546664,0.06655703
375316653866487564,5969421667154434176,0.4421329,2253.1303022406,0.3728866011844611,5.2628653E-5,19.137146,0.013065177,0.32740387,0.013371493,0.08527112,0.019072734,0.1401813,0.021612804,0.8400481,0.011190694,0.07509459,0.02645248,0.06512992,0.012604518,null,null,null,null,"TWOGAUSSIANS",8,2.7816546,0.32740387,0.013371493,0.4,0.0,0.13900766,0.022474375,0.8400481,0.011190694,0.4,0.026668074,0.0639563,0.010941177
375316653866487564,5969421804621208960,0.5111612,2300.9991337489582,3.268648862980034,1.9996754E-5,17.124706,0.0040388773,0.21429478,0.0072721182,0.022999426,0.0048547257,0.096418634,0.056029662,0.70503473,0.0048186467,0.05700344,0.004667144,0.20368412,0.021271883,0.033008706,0.006036762,0.21429478,0.0072721182,"TWOGAUSSIANS_WITH_ELLIPSOIDAL_ON_ECLIPSE1",9,20.60396,0.70574474,0.0042602015,0.31921926,0.026136007,0.26948836,0.020558655,0.21429478,0.0072721182,0.12879679,0.027186463,0.16242902,0.057152517
375316653866487564,5969422453118030720,0.56786615,2310.7400036951485,2.6507457737904088,1.5567637E-5,16.67785,0.5288068,0.27644986,0.0019493767,0.177813,0.043143626,0.7602367,0.4727921,0.7786586,0.0015035594,0.19120671,0.04968452,0.7663053,0.49235514,null,null,null,null,"TWOGAUSSIANS",8,4.020624,0.27534986,0.0016499273,0.4,0.0,0.2059915,0.0069534094,0.77962863,0.0016869534,0.4,0.0,0.19104463,0.0065205097
375316653866487564,5969423105953280640,0.47225463,2288.512863174666,3.006381928878112,5.138143E-5,18.718002,0.016743854,0.17256784,0.006842722,0.07307392,0.011155126,0.40611115,0.024372984,0.6928362,0.008064343,0.06433801,0.010949265,0.66739863,0.11936932,null,null,null,null,"TWOGAUSSIANS",8,16.00051,0.6928362,0.008064343,0.36029285,0.04820565,0.6666127,0.120920375,0.17256784,0.006842722,0.4,0.004476599,0.40532517,0.024748728
375316653866487564,5969423144615251072,0.43288967,2289.3676465700855,2.7106640142024427,6.095049E-5,18.384079,0.030086681,0.21295819,0.011227976,0.09414458,0.035368077,0.0680609,0.029340317,0.6938412,0.018751984,0.10326919,0.048908733,0.10023263,0.023972858,null,null,null,null,"TWOGAUSSIANS",8,3.4360895,0.6938412,0.018751984,0.4,0.0,0.09499566,0.015629653,0.21296819,0.011177481,0.4,0.0,0.06282605,0.0137918815
375316653866487564,5969423316414033024,0.5075026,2264.0305329832204,1.2122092273453644,2.4137898E-5,18.807068,0.021754408,0.18728527,0.0073298602,0.0931205,0.015729506,0.22900896,0.023727229,0.7071609,0.0058414596,0.090319805,0.010120184,0.29973596,0.02448929,null,null,null,null,"TWOGAUSSIANS",8,3.3504848,0.7071609,0.0058414596,0.4,0.0,0.29032555,0.020141918,0.18728527,0.0073298602,0.4,0.0,0.21959834,0.022394268
375316653866487564,5969423552644100096,0.5124481,2263.4542248127564,2.2442529101931035,1.7066368E-5,19.400314,0.010421186,0.21725386,0.00502899,0.07786656,0.007266523,0.412054,0.028230581,0.7100978,0.0062834956,0.07714728,0.006123644,0.4386008,0.027586624,null,null,null,null,"TWOGAUSSIANS",8,3.0945508,0.7100978,0.0062834956,0.4,0.0,0.43457177,0.028043576,0.21725386,0.00502899,0.4,0.0,0.408025,0.028622413
375316653866487564,5969423969249740032,0.42931953,2267.4569119677294,2.9121970001011173,4.0431732E-5,19.090717,0.04935699,0.4028606,0.047822587,0.1897429,0.12675673,0.1380088,0.04103721,0.7567789,0.017567702,0.05747435,0.013878778,0.123064905,0.031870827,null,null,null,null,"TWOGAUSSIANS",8,5.5248723,0.7567789,0.017567702,0.32185635,0.07772115,0.13741575,0.022818975,0.4028606,0.047822587,0.4,0.0,0.12770739,0.039002255
375316653866487564,5969424003608936704,0.46908495,2285.999673745274,0.15773035797865925,6.897607E-5,19.656313,0.031741764,0.14529487,0.0020485045,0.030305523,0.010627211,8.912665,182.33833,0.6984484,0.075809896,0.05847229,0.064640194,0.37234473,0.14539728,null,null,null,null,"TWOGAUSSIANS",8,5.367786,0.14529487,0.0020485045,0.16971093,0.05951238,8.912665,182.33855,0.6984484,0.075809896,0.32744482,0.13070361,0.37234473,0.14544614
375316653866487564,5969424381566592640,0.5259732,2291.554299775847,3.7401286023349525,2.0270405E-5,19.790567,0.02703969,0.23201379,0.0051421444,0.08343706,0.009045983,0.38271427,0.025636554,0.71811277,0.016062295,0.07732152,0.029720308,0.40558186,0.024842283,null,null,null,null,"TWOGAUSSIANS",8,1.9716142,0.71811277,0.016062295,0.4,0.0,0.40083313,0.034879617,0.23201379,0.005137482,0.4,0.0,0.3779655,0.023021318
375316653866487564,5969424415926181248,0.57154214,2302.5939115508054,2.583105053109699,1.5094344E-5,18.402807,0.0152072795,0.27707255,0.0038471152,0.054743946,0.011531501,0.16190046,0.048633173,0.7750672,0.0029539154,0.04635594,0.01019493,0.20592931,0.030578528,0.101298004,0.01991315,0.27707255,0.0038471152,"TWOGAUSSIANS_WITH_ELLIPSOIDAL_ON_ECLIPSE1",9,4.623088,0.7753572,0.0023617465,0.25959328,0.05709161,0.4084929,0.027122216,0.27707255,0.0038471152,0.3065661,0.0645764,0.36449158,0.043589193
375316653866487564,5969424415926265344,0.4603912,2268.4599665888613,2.5143775888735944,3.3380893E-5,19.659204,0.04248403,0.27331626,0.025660077,0.08841263,0.068208046,0.26209337,0.11475482,0.81662047,0.00640241,0.07524914,0.011268262,0.26235622,0.04502218,null,null,null,null,"TWOGAUSSIANS",8,3.1393797,0.81662047,0.0060793916,0.4,0.0036204322,0.26024258,0.031568594,0.27331626,0.025660077,0.4,0.0,0.25997928,0.13132514
375316653866487564,5969424519005690624,0.50723875,2270.107123621922,1.6021434372193437,2.5681737E-5,18.736677,0.259892,0.23715043,0.0076186797,0.13434207,0.06728965,0.19213119,0.24336566,0.73261744,0.008413225,0.13758948,0.0637367,0.224835,0.24849908,null,null,null,null,"TWOGAUSSIANS",8,1.6859282,0.73261744,0.008413225,0.4,0.0,0.1508722,0.012766032,0.23732042,0.0073794303,0.4,0.0,0.11840244,0.023479592
375316653866487564,5969424519040365184,0.6336662,2299.4125925813805,0.49608246694201735,4.7421568E-6,16.385033,0.0021351052,0.11202549,0.001831609,0.027389167,0.002998226,0.056172658,0.0060014105,0.6092763,1.8207642E-4,0.02926793,2.7523332E-4,0.56559396,0.004951939,0.0071868766,0.0033837783,0.11202549,0.001831609,"TWOGAUSSIANS_WITH_ELLIPSOIDAL_ON_ECLIPSE1",9,9.421316,0.6092763,1.7915093E-4,0.1639004,0.0015413066,0.5799634,0.00386874,0.11202549,0.001831609,0.15337934,0.016790066,0.070546396,0.005491369
375316653866487564,5969424755217833216,0.51220936,2275.6189841344703,1.7571989197623001,1.7901244E-5,17.748299,0.0044573937,0.25957054,0.005355459,0.090370424,0.007506332,0.09109674,0.0051718033,0.7470975,0.0068478,0.089212805,0.009081232,0.06657285,0.00495646,null,null,null,null,"TWOGAUSSIANS",8,1.3669137,0.25957054,0.005355459,0.4,0.0,0.08844306,0.0043182625,0.7470975,0.0068478,0.4,0.0,0.0639192,0.0038692208
375316653866487564,5969424858299762048,0.5993469,2295.9361655590096,2.2983273134100655,7.2329394E-6,17.56545,0.010883381,0.24035718,0.00154235,0.05940586,0.0033716634,0.39292717,0.028196955,0.7401024,0.001617708,0.051133152,0.0027808847,0.3610303,0.02537012,0.10058284,0.012736085,0.24035718,0.00154235,"TWOGAUSSIANS_WITH_ELLIPSOIDAL_ON_ECLIPSE1",9,8.967366,0.24035718,0.00154235,0.33267283,0.018881315,0.5940348,0.022230057,0.74013245,0.0014386349,0.28634566,0.015572955,0.5621375,0.0162114
375316653866487564,5969425098818660736,0.6214992,2275.0193425029756,2.1383561385711873,7.5067533E-6,16.562147,0.011269785,0.2283345,0.0011317695,0.055696484,0.0070504616,0.12742946,0.023744477,0.7339308,0.004576863,0.057510346,0.011219863,0.13445614,0.021600243,0.09761586,0.013769795,0.2283345,0.0011317695,"TWOGAUSSIANS_WITH_ELLIPSOIDAL_ON_ECLIPSE1",9,7.7079196,0.7339308,0.004576863,0.32205793,0.06283123,0.32943413,0.012086042,0.2283345,0.0011317695,0.31190032,0.039482586,0.32264873,0.007033852
375316653866487564,5969425511136756608,0.5984999,2266.490860388165,2.6893047288639855,1.0379122E-5,18.174593,0.003442583,0.21869673,0.0014306982,0.069726415,0.0014111715,0.297175,0.0060209185,0.7127657,0.0040552886,0.069398664,0.003611481,0.24251124,0.010473221,null,null,null,null,"TWOGAUSSIANS",8,1.6296653,0.21869673,0.0014306982,0.3904679,0.00790256,0.29645354,0.0058832252,0.7127657,0.0040552886,0.3886325,0.018256,0.24178976,0.010349093
375316653866487564,5969425584155780736,0.4693979,2217.4948430781997,0.2968481446405256,3.326987E-4,19.414604,0.01090517,0.60708284,0.037933294,0.16575578,0.045574047,0.09373921,0.009449459,0.34489754,0.01372018,0.037904534,0.01886339,0.13819283,0.0799587,null,null,null,null,"TWOGAUSSIANS",8,1.3309118,0.34760755,0.015204752,0.2122654,0.10563499,0.16339223,0.0759753,0.60708284,0.037933294,0.4,0.0,0.09175729,0.008787172
375316653866487564,5969426576307233664,0.46034107,2242.254117630318,1.5515918789793826,1.8046779E-4,19.376726,0.017036647,0.19474691,0.031568673,0.050355792,0.026955277,0.18208314,0.03545122,0.69703776,0.012764778,0.06439828,0.03261937,0.3280396,0.15053405,null,null,null,null,"TWOGAUSSIANS",8,3.797901,0.69703776,0.012764778,0.3606304,0.079864696,0.32800484,0.15177485,0.19474691,0.031568673,0.28199244,0.13586092,0.1820484,0.035429824
375316653866487564,5969426786746326272,0.5545675,2226.877719332751,2.1006556409387356,1.5207144E-5,19.449799,0.01794233,0.2481261,0.0058648586,0.09653964,0.010169466,0.30471942,0.019896846,0.7433281,0.0070402334,0.08265549,0.0077904356,0.45308483,0.025270747,null,null,null,null,"TWOGAUSSIANS",8,1.3865075,0.7433281,0.0070402334,0.4,0.0,0.4393601,0.023558926,0.2481261,0.0058648586,0.4,0.0,0.29099375,0.014805857
375316653866487564,5969426855466006016,0.46015453,2237.3221211224554,2.3002018755670273,1.4720102E-4,19.059126,0.21981749,0.25541362,0.018417235,0.08766418,0.08152329,0.5015979,0.14762484,0.7537839,0.0049044746,0.07379771,0.032502886,0.41164526,0.20011117,null,null,null,null,"TWOGAUSSIANS",8,32.31019,0.25541362,0.018417235,0.4,0.0,0.494276,0.100655444,0.7537839,0.0049818656,0.4,0.0072396225,0.4043235,0.07467173
375316653866487564,5969427194778600448,0.4982072,2244.1027649425923,3.387654286357826,1.6549859E-5,19.61874,0.02195635,0.32513785,0.0061311466,0.082254834,0.016055956,0.49840942,0.10944085,0.8142767,0.0042647347,0.07931335,0.008586038,0.3417418,0.022821547,null,null,null,null,"TWOGAUSSIANS",8,1.9613563,0.32513785,0.0061311466,0.4,0.0,0.49283174,0.118082136,0.8142767,0.0042647347,0.4,0.0,0.33616412,0.019943174
375316653866487564,5969427370899916032,0.5228019,2270.672732689015,0.2806903112368993,2.2047665E-5,17.171106,0.0070473826,0.2548511,0.007679699,0.029930623,0.0075074444,0.17761558,0.025459012,0.76427364,0.0025645765,0.028477434,0.0029254588,0.16636992,0.014854015,0.03295972,0.009034266,0.2548511,0.007679699,"TWOGAUSSIANS_WITH_ELLIPSOIDAL_ON_ECLIPSE1",9,18.493969,0.2548511,0.007679699,0.1676115,0.04204169,0.24353495,0.018978583,0.76427364,0.0025645765,0.15947363,0.01638257,0.23205851,0.006508756
