Gaia/vari_eclipsing_binary/VariEclipsingBinary_462016-462031.csv
# %ECSV 1.0
# ---
# delimiter: ','
# meta: !!omap
# - RELEASE: Gaia DR3
# - TABLE: vari_eclipsing_binary
# - DESCRIPTION: >
#     This table describes the properties of the eclipsing binaries resulting from the variability analysis. 
# - CITATION: >
#     How to cite and acknowledge Gaia: 
#     https://gea.esac.esa.int/archive/documentation/credits.html 
# - KNOWN_ISSUES: >
#     Known issues: 
#     https://www.cosmos.esa.int/web/gaia-users/known-issues 
# - DOCUMENTATION: >
#     Tutorials and documentation: 
#     https://www.cosmos.esa.int/web/gaia-users/archive 
# datatype:
# - 
#   name: solution_id
#   datatype: int64
#   description: Solution Identifier
#   meta:
#     ucd: meta.version
# - 
#   name: source_id
#   datatype: int64
#   description: Unique source identifier
#   meta:
#     ucd: meta.id;meta.main
# - 
#   name: global_ranking
#   datatype: float32
#   description: Number between 0 (worst) and 1 (best)
#   meta:
#     ucd: stat.param
# - 
#   name: reference_time
#   datatype: float64
#   unit: d
#   description: Reference time used for the geometric model fit
#   meta:
#     ucd: time.epoch
# - 
#   name: frequency
#   datatype: float64
#   unit: d**-1
#   description: Frequency of geometric model of the eclipsing binary light curve
#   meta:
#     ucd: src.orbital
# - 
#   name: frequency_error
#   datatype: float32
#   unit: d**-1
#   description: "Uncertainty of \\texttt{frequency}"
#   meta:
#     ucd: stat.error
# - 
#   name: geom_model_reference_level
#   datatype: float32
#   unit: mag
#   description: Magnitude reference level of geometric model
#   meta:
#     ucd: phot.mag;em.opt
# - 
#   name: geom_model_reference_level_error
#   datatype: float32
#   unit: mag
#   description: "Uncertainty of \\texttt{geomModelReferenceLevel}"
#   meta:
#     ucd: stat.error;phot.mag;em.opt
# - 
#   name: geom_model_gaussian1_phase
#   datatype: float32
#   description: Phase of the Gaussian 1 component
#   meta:
#     ucd: time.phase
# - 
#   name: geom_model_gaussian1_phase_error
#   datatype: float32
#   description: "Uncertainty of \\texttt{geomModelGaussian1Phase}"
#   meta:
#     ucd: stat.error;time.phase
# - 
#   name: geom_model_gaussian1_sigma
#   datatype: float32
#   description: "Standard deviation [phase] of Gaussian 1 component"
#   meta:
#     ucd: stat.stdev
# - 
#   name: geom_model_gaussian1_sigma_error
#   datatype: float32
#   description: "Uncertainty of \\texttt{geomModelGaussian1Sigma}"
#   meta:
#     ucd: stat.error
# - 
#   name: geom_model_gaussian1_depth
#   datatype: float32
#   unit: mag
#   description: Magnitude depth of Gaussian 1 component
#   meta:
#     ucd: src.var.amplitude
# - 
#   name: geom_model_gaussian1_depth_error
#   datatype: float32
#   unit: mag
#   description: "Uncertainty of \\texttt{geomModelGaussian1Depth}"
#   meta:
#     ucd: stat.error;src.var.amplitude
# - 
#   name: geom_model_gaussian2_phase
#   datatype: float32
#   description: Phase of Gaussian 2 component
#   meta:
#     ucd: time.phase
# - 
#   name: geom_model_gaussian2_phase_error
#   datatype: float32
#   description: "Uncertainty of \\texttt{geomModelGaussian2Phase}"
#   meta:
#     ucd: stat.error;time.phase
# - 
#   name: geom_model_gaussian2_sigma
#   datatype: float32
[...]
#   datatype: float32
#   description: "Secondary eclipse: uncertainty of \\texttt{derivedSecondaryEclDuration}"
#   meta:
#     ucd: stat.error;time.duration
# - 
#   name: derived_secondary_ecl_depth
#   datatype: float32
#   unit: mag
#   description: "Secondary eclipse: depth"
#   meta:
#     ucd: src.var.amplitude
# - 
#   name: derived_secondary_ecl_depth_error
#   datatype: float32
#   unit: mag
#   description: "Secondary eclipse: uncertainty of \\texttt{derivedSecondaryEclDepth}"
#   meta:
#     ucd: stat.error;src.var.amplitude
solution_id,source_id,global_ranking,reference_time,frequency,frequency_error,geom_model_reference_level,geom_model_reference_level_error,geom_model_gaussian1_phase,geom_model_gaussian1_phase_error,geom_model_gaussian1_sigma,geom_model_gaussian1_sigma_error,geom_model_gaussian1_depth,geom_model_gaussian1_depth_error,geom_model_gaussian2_phase,geom_model_gaussian2_phase_error,geom_model_gaussian2_sigma,geom_model_gaussian2_sigma_error,geom_model_gaussian2_depth,geom_model_gaussian2_depth_error,geom_model_cosine_half_period_amplitude,geom_model_cosine_half_period_amplitude_error,geom_model_cosine_half_period_phase,geom_model_cosine_half_period_phase_error,model_type,num_model_parameters,reduced_chi2,derived_primary_ecl_phase,derived_primary_ecl_phase_error,derived_primary_ecl_duration,derived_primary_ecl_duration_error,derived_primary_ecl_depth,derived_primary_ecl_depth_error,derived_secondary_ecl_phase,derived_secondary_ecl_phase_error,derived_secondary_ecl_duration,derived_secondary_ecl_duration_error,derived_secondary_ecl_depth,derived_secondary_ecl_depth_error
[from data line 112]
375316653866487564,4063957016826502144,0.44437858,2373.0990312037934,4.933778245898664,1.6510097E-4,18.46378,0.043881197,0.2681495,0.021571644,0.17371781,0.059851475,0.1628871,0.048553623,0.68325377,0.02213835,0.08678594,0.013472827,0.11549135,0.029282661,null,null,null,null,"TWOGAUSSIANS",8,3.315578,0.2681595,0.021560054,0.4,0.0,0.14061701,0.05077763,0.68325377,0.02213835,0.4,0.0,0.10315843,0.020426292
375316653866487564,4063957188625359488,0.47235855,2376.937931309842,3.750520316924093,9.490591E-5,18.46996,0.012824878,0.25467762,0.014031939,0.08440108,0.019250738,0.1474458,0.046432234,0.7718986,0.0039425166,0.04807926,0.005325538,0.32987022,0.060477957,null,null,null,null,"TWOGAUSSIANS",8,2.4636052,0.7718986,0.0039425166,0.26924387,0.029823015,0.3296866,0.06051997,0.25467762,0.014031939,0.4,0.0,0.1472622,0.04674689
375316653866487564,4063957360425083776,0.5288326,2266.7413475517346,0.07815522592715293,3.9982773E-5,19.198017,0.015406311,0.5038811,0.025977608,0.07963377,0.011253711,0.117718294,0.01104186,0.7479204,0.017932337,0.099967,0.024565285,0.18052712,0.0149899125,null,null,null,null,"TWOGAUSSIANS",8,0.7524408,0.7479204,0.017932337,0.4,0.0,0.18156026,0.014677858,0.5211111,0.011804509,0.4,0.0,0.1287167,0.013880831
375316653866487564,4063957875826458240,0.46684462,2321.306442904579,0.3036181780819148,6.6666005E-5,19.59692,0.028693832,0.2259848,0.01637569,0.034818444,0.027841395,0.18131521,0.036605686,0.7093391,0.010078489,0.03254515,0.0077283233,0.22781001,0.047076225,null,null,null,null,"TWOGAUSSIANS",8,4.076446,0.7093391,0.010078489,0.18225284,0.043278612,0.22781001,0.047076225,0.2259848,0.01637569,0.19498329,0.1559118,0.18131521,0.036605705
375316653866487564,4063958154959742336,0.45640564,2361.2571485361277,3.1339912586118643,1.8927616E-5,18.91508,0.010989781,null,null,null,null,null,null,null,null,null,null,null,null,0.14341567,0.020478087,0.2138603,0.0056178384,"ELLIPSOIDAL",4,10.8650675,null,null,null,null,null,null,null,null,null,null,null,null
375316653866487564,4063958253783553024,0.54486084,2386.8074970610714,3.2842140105006257,2.2700173E-5,18.837955,0.009311959,0.28168583,0.004125062,0.06973318,0.004994019,0.43607697,0.011832909,0.7898922,0.0030368655,0.06881736,0.005191856,0.3803584,0.019453026,null,null,null,null,"TWOGAUSSIANS",8,5.335024,0.28168583,0.004125062,0.39050582,0.016472744,0.43510094,0.01179443,0.7898922,0.0030368655,0.38537723,0.029074395,0.37938237,0.019680323
375316653866487564,4063958429912312576,0.44737545,2403.971993106861,0.876564223880523,1.5063662E-4,18.859962,0.0053493343,0.201795,0.06766421,0.066533186,0.053157087,0.2685956,0.29139972,0.76160485,0.0072729127,0.04725161,0.0072825835,0.14003873,0.043133333,null,null,null,null,"TWOGAUSSIANS",8,2.1787872,0.201795,0.06766421,0.37258583,0.29496157,0.26859337,0.29140195,0.76160485,0.0072729127,0.264609,0.040782467,0.14003648,0.043134935
375316653866487564,4063958459935426176,0.62252486,2345.9484126476286,2.314079381494002,5.496054E-6,16.935686,0.005658174,0.2975584,0.0056429976,0.0668133,0.0030118027,0.5787062,0.0255857,0.79809046,0.0027827313,0.06991807,0.0020816314,0.55995333,0.023108508,null,null,null,null,"TWOGAUSSIANS",8,15.942756,0.2975584,0.0056429976,0.37415448,0.016866094,0.577306,0.025175279,0.79809046,0.0027827313,0.3915412,0.0116571365,0.5585531,0.023140687
375316653866487564,4063958635996123904,0.6017023,2342.903155929644,0.7791505075125055,4.4126038E-5,15.841997,0.0020872566,0.32783484,9.7025615E-5,0.0106370365,1.4289177E-4,0.26246402,0.0025316,0.793475,0.0014544189,0.04293913,0.0044575674,0.041346427,0.0015834146,null,null,null,null,"TWOGAUSSIANS",8,11.70217,0.32783484,9.7025615E-5,0.059567403,8.001939E-4,0.26246402,0.0025316,0.793475,0.0014544189,0.24045911,0.024962379,0.041346427,0.0015834146
375316653866487564,4063958975291568768,0.59785694,2342.7245930416634,0.07966246339761657,1.2590745E-4,13.769744,0.0054968167,0.74758244,0.021178752,0.031578664,0.03951875,0.6672664,0.2496982,null,null,null,null,null,null,0.012910062,0.010576191,0.74758244,0.021178752,"ONEGAUSSIAN_WITH_ELLIPSOIDAL",6,403.06454,0.74758244,0.021178752,0.17684051,0.221305,0.69308656,0.2460379,null,null,null,null,null,null
375316653866487564,4063959009690961792,0.54859126,2370.3888648978955,2.3557703941231822,1.4610429E-5,19.398554,0.0057719974,0.24866202,0.06898788,0.033556305,0.017526463,0.10515165,0.13058208,0.68094736,0.05042766,0.05056841,0.024705216,0.5148235,0.3441828,null,null,null,null,"TWOGAUSSIANS",8,1.0199851,0.68094736,0.05042766,0.2831831,0.1299409,0.5148235,0.34418282,0.24866202,0.06898788,0.18791531,0.09814819,0.10515165,0.13058206
375316653866487564,4063959014028232832,0.63908845,2331.6579837605836,2.316491393500666,6.266383E-6,17.466005,0.010968712,0.33060345,0.004957058,0.08222149,0.0047295312,0.54216415,0.011985694,0.82563823,0.0025951164,0.08713651,0.0045330157,0.47639263,0.021057287,null,null,null,null,"TWOGAUSSIANS",8,6.1247444,0.33060345,0.004957058,0.4,0.0,0.53026855,0.010939219,0.82563823,0.0025951164,0.4,0.0,0.46449697,0.022426547
375316653866487564,4063959185752523008,0.47244734,2337.834744561586,2.029484924709588,2.8696775E-5,16.94161,0.021823846,0.29433602,0.009273186,0.078957826,0.010826918,0.3626432,0.023358712,0.7764931,0.017907493,0.07944133,0.01735655,0.30230376,0.09684187,null,null,null,null,"TWOGAUSSIANS",8,61.9359,0.29433602,0.009273186,0.4,0.0,0.35948187,0.019734673,0.7764931,0.017907493,0.4,0.0,0.2991424,0.098392226
375316653866487564,4063959387627925248,0.46340868,2331.6721970570725,2.2760673266780143,2.3848519E-5,17.90217,0.024178073,0.2536259,0.041098338,0.09735707,0.04143349,0.1880686,0.038769618,0.7591283,0.008085723,0.06652223,0.009913869,0.22465433,0.041741762,null,null,null,null,"TWOGAUSSIANS",8,9.432105,0.7591283,0.008085723,0.3725245,0.055517666,0.22125874,0.039879322,0.2536259,0.041098338,0.4,0.0,0.18467228,0.029950423
375316653866487564,4063959422007887616,0.4632685,2354.577829906173,0.20883364619787856,1.6938115E-5,19.519178,0.50056446,0.14250724,0.011633057,0.108496584,0.029352514,0.5172462,0.3758047,0.6461153,0.05575316,0.11629893,0.14043479,0.4664955,0.524902,null,null,null,null,"TWOGAUSSIANS",8,8.939419,0.14249724,0.0081988685,0.4,0.0,0.4377161,0.07313692,0.6461153,0.056000277,0.4,0.0,0.38689986,0.4913654
375316653866487564,4063959529424280192,0.7204377,2279.2667941153118,1.7847115791087176,1.1394637E-6,15.545701,0.0043247524,0.24051696,0.0020611642,0.040238403,0.007404597,0.13677724,0.011306435,0.7408725,3.3665428E-4,0.044735793,5.907921E-4,0.5802697,0.009763374,0.09927585,0.006012883,0.24051696,0.0020611642,"TWOGAUSSIANS_WITH_ELLIPSOIDAL_ON_ECLIPSE1",9,8.476467,0.7408725,3.2246433E-4,0.25052044,0.0033084357,0.77882034,0.0034995514,0.24051696,0.0020611642,0.22533505,0.041465744,0.33532885,0.0053848294
375316653866487564,4063959593807604480,0.48035702,2338.663558172221,0.033121969554304555,4.2638076E-5,19.279108,0.1540735,0.20259994,0.01461012,0.108397126,0.055607814,0.23802772,0.14689632,0.6715514,0.013757543,0.09257028,0.07372534,0.21634585,0.7591715,null,null,null,null,"TWOGAUSSIANS",8,2.0292268,0.20259994,0.014321654,0.4,0.0,0.22419475,0.027423738,0.6715514,0.013757543,0.4,0.15471345,0.20253427,0.7690496
375316653866487564,4063959628126634752,0.56479496,2309.890986696906,1.9046495459483872,7.843052E-6,16.430346,0.0020384917,0.28776085,1.977641E-4,0.06133222,9.2281785E-4,0.29097754,0.0039474885,0.87952715,2.456369E-6,0.0043370295,3.316786E-4,0.02953722,0.0010350002,null,null,null,null,"TWOGAUSSIANS",8,5.092456,0.28776085,1.977641E-4,0.3434604,0.00516778,0.29097754,0.0039474885,0.87952715,2.456369E-6,0.024287367,0.0018574003,0.02953722,0.0010350002
375316653866487564,4063960349722080896,0.60692173,2342.9512315033426,1.336097654004172,6.391307E-6,17.796364,0.005197176,0.23894435,0.0033415537,0.056284152,0.0044525433,0.46948066,0.05551567,0.7372174,0.0011260092,0.054862272,0.001919827,0.26207656,0.00826275,null,null,null,null,"TWOGAUSSIANS",8,3.0224688,0.23894435,0.0033415537,0.31519124,0.024934243,0.46945423,0.055536788,0.7372174,0.0011260092,0.3072287,0.01075103,0.26205012,0.008260744
375316653866487564,4063960422702622464,0.5121338,2453.1546716586267,4.042421226823004,3.960364E-5,18.94468,0.3508065,0.33100078,0.009591347,0.11389629,0.018792287,0.49386445,0.20075347,0.8540912,0.03586315,0.23925883,0.13299938,0.46773455,0.35513178,null,null,null,null,"TWOGAUSSIANS",8,1.5375813,0.32652077,0.00540272,0.4,0.0,0.3102842,0.024639081,0.8543812,0.035741653,0.4,0.0,0.1770584,0.02219456
375316653866487564,4063960457061971968,0.5018039,2355.6356841741845,2.547058981618921,6.474758E-5,19.042114,0.011519853,0.29272717,0.03473075,0.04957617,0.019641824,0.30128074,0.31415975,0.6534106,0.020260772,0.0934991,0.020334443,0.2752361,0.032131184,null,null,null,null,"TWOGAUSSIANS",8,1.73945,0.29277718,0.034731552,0.27762657,0.10999421,0.30141753,0.31409296,0.6534106,0.020260772,0.4,0.0,0.2752112,0.03211348
375316653866487564,4063960899479803648,0.46108398,2222.3753144780444,0.4818445230988209,3.0573177E-5,19.144966,0.098555245,0.16246124,0.009623181,0.12070463,0.023796871,0.37450248,0.10483395,0.6819457,0.0061569014,0.10704868,0.021450028,0.29262927,0.095065184,null,null,null,null,"TWOGAUSSIANS",8,2.6813219,0.16244124,0.009619814,0.4,0.0,0.32515126,0.044271126,0.6820757,0.0060006604,0.4,0.0,0.24343482,0.030457059
375316653866487564,4063961243076125824,0.48633653,2312.7859789294907,1.1917035634020299,3.2753112E-5,19.393877,0.008580381,0.23904361,0.03973222,0.07564344,0.053573653,0.14197224,2.7632375,0.7406168,0.010350989,0.06753114,0.0072936234,0.24186464,0.027131565,null,null,null,null,"TWOGAUSSIANS",8,2.1551745,0.7406168,0.010350989,0.3781744,0.031931747,0.2410798,0.0266833,0.23904361,0.03973222,0.4,0.23221816,0.1411874,2.7640996
375316653866487564,4063961487929641216,0.5539621,2314.295704975442,0.9085806685575513,2.8338509E-5,14.083298,0.0017291871,0.053868953,0.010671271,0.023616299,0.009031617,0.03961743,0.011220345,0.5532455,0.011059632,0.060163226,0.008721631,0.1217651,0.008365698,null,null,null,null,"TWOGAUSSIANS",8,47.06357,0.5532455,0.011059632,0.33691406,0.048841134,0.1217651,0.008365699,0.053868953,0.010671271,0.13225128,0.050577056,0.039617427,0.011220365
375316653866487564,4063961724113345280,0.4778913,2330.1571787439298,1.0521109244316018,6.14961E-5,17.53337,0.019230729,0.30872703,0.018205376,0.056729198,0.03978735,0.71182704,3182.7434,0.87156713,0.006234057,0.053732973,0.0071252077,0.3061488,0.021453487,null,null,null,null,"TWOGAUSSIANS",8,2.4170845,0.30872703,0.018205376,0.31768352,0.22280915,0.71182483,3182.7434,0.87156713,0.006234057,0.30090466,0.039901163,0.30614665,0.021448206
375316653866487564,4063961827149988480,0.5385414,2293.0340228056343,0.5161462106287572,7.0791943E-6,16.055119,0.00886222,0.25188252,0.0022483792,0.09107968,0.0068552783,0.10574946,0.007705925,0.76275325,0.0073428857,0.12464505,0.016393494,0.078331344,0.008674362,null,null,null,null,"TWOGAUSSIANS",8,3.590242,0.25184253,0.0022469086,0.4,0.0,0.09526591,0.00228931,0.76275325,0.0073428857,0.4,0.0,0.06779475,0.004596175
375316653866487564,4063961831526942720,0.5051937,2314.2070781861944,1.3107650346348194,3.2726548E-5,17.284918,0.031493682,0.28578138,0.0058653248,0.08558639,0.016899116,0.43036705,0.054606806,0.818986,0.018510276,0.09136366,0.022376355,0.24123658,0.034809135,null,null,null,null,"TWOGAUSSIANS",8,19.16438,0.28578138,0.0058653248,0.4,0.0,0.4236009,0.064777255,0.818986,0.018508915,0.4,0.0,0.23447005,0.023465453
375316653866487564,4063961865886633600,0.4802202,2378.230601099001,2.2953523120415587,2.1286407E-5,18.051888,0.21807623,0.18636926,0.023199003,0.11748769,0.04365596,0.2673857,0.14366448,0.66150814,0.014620182,0.19358997,0.1276542,0.21227032,0.21104744,null,null,null,null,"TWOGAUSSIANS",8,1.2951391,0.18971926,0.02155657,0.4,0.0,0.17804608,0.02549611,0.66150814,0.014620182,0.4,0.0,0.1071012,0.01840924
375316653866487564,4063962037610911744,0.49918732,2326.959855150319,2.339382167692434,4.7595622E-5,19.55943,0.018786792,0.30617988,0.0082495455,0.08852675,0.01737454,0.19716442,0.028461715,0.8043306,0.01375862,0.079909496,0.033590343,0.15857942,0.07618608,null,null,null,null,"TWOGAUSSIANS",8,0.9592237,0.30617988,0.0082495455,0.4,0.0,0.19296953,0.03029549,0.8043306,0.01375862,0.4,0.05933925,0.1543846,0.08248097
375316653866487564,4063962381285307648,0.4958513,2289.447712838419,1.897123456379944,9.3134295E-5,18.344341,0.010982462,0.27701604,0.014858061,0.025435535,0.043898683,0.24143782,0.1603324,0.7687341,0.011655351,0.06358605,0.01211678,0.2862645,0.058687966,null,null,null,null,"TWOGAUSSIANS",8,10.356082,0.7687341,0.011655351,0.35608187,0.067853965,0.28626445,0.05867813,0.27701604,0.014858061,0.142439,0.24583262,0.24143778,0.16049454
375316653866487564,4063962690446604160,0.5128311,2218.095847535844,4.947485365816795,1.70249E-5,19.796928,0.009149325,0.26559374,0.0052859266,0.08698485,0.0049296333,0.40744078,0.021268724,0.6629199,0.018196167,0.04599006,0.022878414,0.13556133,0.050327197,null,null,null,null,"TWOGAUSSIANS",8,1.086325,0.26559374,0.0052859266,0.4,0.0,0.40742242,0.021257054,0.6629199,0.018196167,0.25754434,0.12811913,0.13555497,0.050360154
375316653866487564,4063963201580568576,0.5335391,2268.887634521129,2.7369406278206663,3.0778687E-5,17.045404,0.05028877,0.18107712,0.0077476967,0.05639774,0.03742379,0.15841599,0.11827078,0.68077976,0.027916541,0.048996765,0.049683228,0.317789,2.7061808,0.11982654,0.0650125,0.18107712,0.0077476967,"TWOGAUSSIANS_WITH_ELLIPSOIDAL_ON_ECLIPSE1",9,38.32978,0.68081975,0.027810311,0.27438188,0.27822608,0.55743194,2.7742803,0.18107712,0.0077476967,0.31582734,0.20957322,0.3980597,0.032497276
375316653866487564,4063963235941346176,0.500028,2236.9071198928923,2.105730836889157,1.8570134E-5,19.148848,0.024988934,0.20705184,0.011514996,0.08070744,0.012701223,0.20602332,0.028207446,0.76185197,0.008722984,0.09439487,0.015117229,0.23864068,0.030305678,null,null,null,null,"TWOGAUSSIANS",8,2.7617872,0.76185197,0.008722984,0.4,0.0,0.23570211,0.028258326,0.20704184,0.011524912,0.4,0.0,0.20308822,0.025417345
375316653866487564,4063963652520107392,0.49312085,2228.4279996504656,0.652487861664158,4.282131E-5,19.29495,0.061978452,0.2613992,0.01731661,0.15037204,0.045529418,0.31135464,0.04939634,0.5479451,0.03207461,0.01465813,0.040127985,0.22378278,0.8044243,null,null,null,null,"TWOGAUSSIANS",8,3.5329661,0.2613992,0.01731661,0.4,0.0,0.3088802,0.044763487,0.5479451,0.03207461,0.08208553,0.22471672,0.27198145,0.7952168
375316653866487564,4063963682618724864,0.47815993,2279.9846976635017,0.24761167943134169,2.2164933E-5,17.15148,0.01631017,0.29479033,0.021204948,0.056594662,0.023592755,0.0982068,0.025727475,0.6508684,0.011916503,0.11207251,0.015827289,0.22884531,0.03956594,null,null,null,null,"TWOGAUSSIANS",8,13.747681,0.6508684,0.011916503,0.4,0.0,0.2286217,0.039631706,0.2962003,0.021617405,0.31693012,0.13211943,0.09948326,0.02615625
375316653866487564,4063963682618749312,0.54519826,2313.1200356109875,2.213710971161332,1.1714929E-5,18.141668,0.028773643,0.18415666,0.0058678356,0.08783328,0.011753109,0.23302169,0.027752127,0.67563844,0.012420549,0.07828013,0.038275782,0.24384797,0.08183369,null,null,null,null,"TWOGAUSSIANS",8,4.5048704,0.67563844,0.012420549,0.4,0.040649462,0.23946394,0.09053322,0.18415666,0.0058621955,0.4,0.0,0.22863762,0.011534258
375316653866487564,4063963716978469248,0.48996696,2274.405198611718,0.13714422691670927,4.4176115E-5,18.228033,0.0082501015,0.6638501,0.012857741,0.07705096,0.015721517,0.13674024,0.03024611,0.39063814,0.076674104,0.1231782,0.08234421,0.06652782,0.014815181,null,null,null,null,"TWOGAUSSIANS",8,2.688357,0.6590901,0.005567077,0.4,0.038467422,0.14243476,0.022375513,0.39367813,0.08509352,0.4,0.0,0.066566244,0.015028371
