Gaia/vari_eclipsing_binary/VariEclipsingBinary_675604-675631.csv
# %ECSV 1.0
# ---
# delimiter: ','
# meta: !!omap
# - RELEASE: Gaia DR3
# - TABLE: vari_eclipsing_binary
# - DESCRIPTION: >
#     This table describes the properties of the eclipsing binaries resulting from the variability analysis. 
# - CITATION: >
#     How to cite and acknowledge Gaia: 
#     https://gea.esac.esa.int/archive/documentation/credits.html 
# - KNOWN_ISSUES: >
#     Known issues: 
#     https://www.cosmos.esa.int/web/gaia-users/known-issues 
# - DOCUMENTATION: >
#     Tutorials and documentation: 
#     https://www.cosmos.esa.int/web/gaia-users/archive 
# datatype:
# - 
#   name: solution_id
#   datatype: int64
#   description: Solution Identifier
#   meta:
#     ucd: meta.version
# - 
#   name: source_id
#   datatype: int64
#   description: Unique source identifier
#   meta:
#     ucd: meta.id;meta.main
# - 
#   name: global_ranking
#   datatype: float32
#   description: Number between 0 (worst) and 1 (best)
#   meta:
#     ucd: stat.param
# - 
#   name: reference_time
#   datatype: float64
#   unit: d
#   description: Reference time used for the geometric model fit
#   meta:
#     ucd: time.epoch
# - 
#   name: frequency
#   datatype: float64
#   unit: d**-1
#   description: Frequency of geometric model of the eclipsing binary light curve
#   meta:
#     ucd: src.orbital
# - 
#   name: frequency_error
#   datatype: float32
#   unit: d**-1
#   description: "Uncertainty of \\texttt{frequency}"
#   meta:
#     ucd: stat.error
# - 
#   name: geom_model_reference_level
#   datatype: float32
#   unit: mag
#   description: Magnitude reference level of geometric model
#   meta:
#     ucd: phot.mag;em.opt
# - 
#   name: geom_model_reference_level_error
#   datatype: float32
#   unit: mag
#   description: "Uncertainty of \\texttt{geomModelReferenceLevel}"
#   meta:
#     ucd: stat.error;phot.mag;em.opt
# - 
#   name: geom_model_gaussian1_phase
#   datatype: float32
#   description: Phase of the Gaussian 1 component
#   meta:
#     ucd: time.phase
# - 
#   name: geom_model_gaussian1_phase_error
#   datatype: float32
#   description: "Uncertainty of \\texttt{geomModelGaussian1Phase}"
#   meta:
#     ucd: stat.error;time.phase
# - 
#   name: geom_model_gaussian1_sigma
#   datatype: float32
#   description: "Standard deviation [phase] of Gaussian 1 component"
#   meta:
#     ucd: stat.stdev
# - 
#   name: geom_model_gaussian1_sigma_error
#   datatype: float32
#   description: "Uncertainty of \\texttt{geomModelGaussian1Sigma}"
#   meta:
#     ucd: stat.error
# - 
#   name: geom_model_gaussian1_depth
#   datatype: float32
#   unit: mag
#   description: Magnitude depth of Gaussian 1 component
#   meta:
#     ucd: src.var.amplitude
# - 
#   name: geom_model_gaussian1_depth_error
#   datatype: float32
#   unit: mag
#   description: "Uncertainty of \\texttt{geomModelGaussian1Depth}"
#   meta:
#     ucd: stat.error;src.var.amplitude
# - 
#   name: geom_model_gaussian2_phase
#   datatype: float32
#   description: Phase of Gaussian 2 component
#   meta:
#     ucd: time.phase
# - 
#   name: geom_model_gaussian2_phase_error
#   datatype: float32
#   description: "Uncertainty of \\texttt{geomModelGaussian2Phase}"
#   meta:
#     ucd: stat.error;time.phase
# - 
#   name: geom_model_gaussian2_sigma
#   datatype: float32
[...]
#   datatype: float32
#   description: "Secondary eclipse: uncertainty of \\texttt{derivedSecondaryEclDuration}"
#   meta:
#     ucd: stat.error;time.duration
# - 
#   name: derived_secondary_ecl_depth
#   datatype: float32
#   unit: mag
#   description: "Secondary eclipse: depth"
#   meta:
#     ucd: src.var.amplitude
# - 
#   name: derived_secondary_ecl_depth_error
#   datatype: float32
#   unit: mag
#   description: "Secondary eclipse: uncertainty of \\texttt{derivedSecondaryEclDepth}"
#   meta:
#     ucd: stat.error;src.var.amplitude
solution_id,source_id,global_ranking,reference_time,frequency,frequency_error,geom_model_reference_level,geom_model_reference_level_error,geom_model_gaussian1_phase,geom_model_gaussian1_phase_error,geom_model_gaussian1_sigma,geom_model_gaussian1_sigma_error,geom_model_gaussian1_depth,geom_model_gaussian1_depth_error,geom_model_gaussian2_phase,geom_model_gaussian2_phase_error,geom_model_gaussian2_sigma,geom_model_gaussian2_sigma_error,geom_model_gaussian2_depth,geom_model_gaussian2_depth_error,geom_model_cosine_half_period_amplitude,geom_model_cosine_half_period_amplitude_error,geom_model_cosine_half_period_phase,geom_model_cosine_half_period_phase_error,model_type,num_model_parameters,reduced_chi2,derived_primary_ecl_phase,derived_primary_ecl_phase_error,derived_primary_ecl_duration,derived_primary_ecl_duration_error,derived_primary_ecl_depth,derived_primary_ecl_depth_error,derived_secondary_ecl_phase,derived_secondary_ecl_phase_error,derived_secondary_ecl_duration,derived_secondary_ecl_duration_error,derived_secondary_ecl_depth,derived_secondary_ecl_depth_error
[from data line 538]
375316653866487564,5942882377086248576,0.6731227,2096.696270232657,0.21421732029718982,1.2849283E-6,13.274515,5.19194E-4,0.22307362,2.8510168E-4,0.016916582,4.979237E-4,0.22756164,0.0020726945,0.7256107,0.003972928,0.017247407,0.0027441431,0.19895789,0.011732327,0.0040812907,8.327027E-4,0.22307362,2.8510168E-4,"TWOGAUSSIANS_WITH_ELLIPSOIDAL_ON_ECLIPSE1",9,20.855806,0.22307362,2.8510168E-4,0.09473286,0.0027883728,0.23572421,0.0016623107,0.7256107,0.003972928,0.09658548,0.0153672015,0.20711839,0.010971683
375316653866487564,5942882510162558592,0.5656074,2126.741941783187,2.4534510368223774,7.862023E-6,18.27807,0.0054342463,0.2255111,0.0023628012,0.07566279,0.003084002,0.38387352,0.008611483,0.7211887,0.0029507286,0.07650992,0.003662324,0.3912546,0.014491077,null,null,null,null,"TWOGAUSSIANS",8,4.6536746,0.7211887,0.0029507286,0.4,0.0,0.3880607,0.014763942,0.2255111,0.0023628012,0.4,0.0,0.3806796,0.008585939
375316653866487564,5942883510958013696,0.6087756,2151.32748389177,1.102890496525022,7.061804E-6,16.503176,0.00773046,0.26433825,0.0015830428,0.03433432,0.0027834,1.0890126,0.07998616,0.7640967,0.0010483154,0.0364199,0.0025378407,0.2993153,0.015976014,0.08443134,0.010197753,0.26433825,0.0015830428,"TWOGAUSSIANS_WITH_ELLIPSOIDAL_ON_ECLIPSE1",9,48.983707,0.26433825,0.0015830428,0.1922722,0.01558704,1.2578751,0.09223675,0.7641067,9.912506E-4,0.20395142,0.014211908,0.4681774,0.013594638
375316653866487564,5942884026353805952,0.5589851,2104.2114285548973,0.2757459575296898,3.216753E-5,16.788189,0.0015875712,0.17478861,0.0016506024,0.013371597,9.946424E-4,0.44103715,0.050965425,0.67268384,0.0437735,0.014489897,0.020803683,0.21335346,0.5999315,null,null,null,null,"TWOGAUSSIANS",8,10.769139,0.17478861,0.0016506024,0.07488094,0.0055699977,0.44103715,0.050965425,0.67268384,0.0437735,0.08114342,0.116500616,0.21335346,0.5999315
375316653866487564,5942884782268446720,0.51956123,2112.6642298813235,0.5932867879433853,8.499566E-6,17.788048,0.0030640922,0.3646916,0.0018956973,0.021367166,0.0012109806,0.49830347,0.037219442,null,null,null,null,null,null,null,null,null,null,"ONEGAUSSIAN",5,10.1991,0.3646916,0.0018956973,0.11965612,0.006781491,0.49830347,0.0,null,null,null,null,null,null
375316653866487564,5942885881749874560,0.5121549,2127.0029715934465,2.531012198025734,9.402353E-6,18.946606,0.018019212,0.2242452,0.004609035,0.10086626,0.011917752,0.2109429,0.01502406,0.7271024,0.0030626392,0.103806145,0.010197649,0.18755153,0.016739191,null,null,null,null,"TWOGAUSSIANS",8,1.3147202,0.2242452,0.004609035,0.4,0.0,0.1915254,0.011044845,0.7271024,0.0030626392,0.4,0.0,0.16813253,0.0065440116
375316653866487564,5942885950499225472,0.47350165,2132.386190592645,0.7758701683591475,4.191187E-5,16.712667,0.003970394,0.28309432,0.003074097,0.014871755,0.0026856211,0.32340583,0.05456299,0.787598,0.0020453732,0.015233323,0.0024727336,0.30491576,0.14429909,0.009350679,0.005759576,0.28309432,0.003074097,"TWOGAUSSIANS_WITH_ELLIPSOIDAL_ON_ECLIPSE1",9,57.547237,0.28309432,0.003074097,0.08328182,0.015039478,0.34210718,0.055139,0.787598,0.0020453732,0.08530661,0.013847309,0.32360214,0.14596808
375316653866487564,5942886805130434304,0.49664655,2168.18716254285,2.765051854841644,2.1862974E-5,18.050472,0.013345363,0.22012696,0.007357987,0.09107723,0.011030987,0.2931447,0.020587167,0.72307914,0.003119883,0.07183224,0.005803264,0.24549243,0.0154099,null,null,null,null,"TWOGAUSSIANS",8,12.91717,0.22012696,0.007357987,0.4,0.0,0.28855962,0.019467462,0.72307914,0.003119883,0.4,0.011211584,0.24090753,0.013622551
375316653866487564,5942887015652367872,0.5477971,2156.6028005260223,0.10807628915281933,3.6382544E-6,14.176508,0.0015002781,0.19177435,0.0012981402,0.017256351,0.0010234095,0.24211676,0.014613537,0.72157955,0.0016120311,0.019149642,0.0013444865,0.17933448,0.022428745,null,null,null,null,"TWOGAUSSIANS",8,113.80597,0.19177435,0.0012981402,0.096635565,0.0057310937,0.24211676,0.014613537,0.72157955,0.0016120311,0.107237995,0.0075291246,0.17933448,0.022428745
375316653866487564,5942887153061878912,0.5930215,2143.1063555912187,1.629044365801875,7.9756755E-6,18.61578,0.0066041364,0.26522568,0.0037237415,0.06925136,0.003036084,0.5285808,0.0137750935,0.7618422,0.0030797105,0.08788569,0.0047079693,0.19773942,0.0071795317,null,null,null,null,"TWOGAUSSIANS",8,2.4517713,0.26522568,0.0037237415,0.3878076,0.01700207,0.52507037,0.012783711,0.7618422,0.0030797105,0.4,0.0,0.19422893,0.006554829
375316653866487564,5942887183087924096,0.60441947,2138.0621859072776,0.6515730287999605,7.5608E-6,16.901478,0.004374701,0.22526889,9.6246845E-4,0.027757304,0.0010902082,1.1693383,0.069650926,null,null,null,null,null,null,0.016240036,0.005903176,0.22526889,9.6246845E-4,"ONEGAUSSIAN_WITH_ELLIPSOIDAL",6,17.967552,0.22526889,9.6246845E-4,0.1554409,0.006105166,1.2018183,0.07273645,null,null,null,null,null,null
375316653866487564,5942887737177617664,0.6324696,2134.9850819803587,2.7699289187253706,3.8136175E-6,18.012194,0.013702909,0.2542276,0.0013980626,0.04662486,0.0026826547,0.6260331,0.03140612,0.75031054,0.0016753522,0.047934648,0.0029930582,0.4733557,0.030153265,0.079079956,0.018020067,0.2542276,0.0013980626,"TWOGAUSSIANS_WITH_ELLIPSOIDAL_ON_ECLIPSE1",9,5.242513,0.2542276,0.0013980626,0.26109922,0.0150228655,0.78419197,0.020965077,0.75053054,0.0015740881,0.26843402,0.016761126,0.63142425,0.0143808
375316653866487564,5942887943365335040,0.5190454,2148.6407854263744,0.77100699925623,7.1756876E-6,17.607697,0.0012510362,0.20411173,0.0069847363,0.024452576,0.0060351575,0.101590835,0.036386974,0.7067324,5.4181245E-4,0.02092092,2.897862E-4,0.4979517,0.020257592,null,null,null,null,"TWOGAUSSIANS",8,2.023379,0.7067324,5.4181245E-4,0.11715715,0.0016228027,0.4979517,0.020257592,0.20411173,0.0069847363,0.13693443,0.03379688,0.101590835,0.036386974
375316653866487564,5942888046444040960,0.5684455,2135.4322311627034,1.1248419056024954,8.08264E-6,16.539326,0.02106336,0.24501526,0.003261968,0.11368909,0.015057647,0.15713005,0.018360578,0.71874166,0.0027057328,0.099019036,0.008057335,0.29335114,0.01769385,null,null,null,null,"TWOGAUSSIANS",8,9.385537,0.71874166,0.0027057328,0.4,0.0,0.27401042,0.010794342,0.24502526,0.0032687227,0.4,0.0,0.13776252,0.0076412824
375316653866487564,5942888213880396416,0.54118234,2120.955383853841,0.9601811135793515,2.0529604E-5,17.93209,0.0021467134,0.15874055,0.005228508,0.027066465,0.0037808535,0.07306367,0.0097668925,0.6470866,0.013183923,0.04101362,0.007643318,0.3929678,0.035528556,null,null,null,null,"TWOGAUSSIANS",8,3.4292529,0.6470866,0.013183923,0.22967628,0.04280258,0.3929678,0.035528556,0.15874055,0.005228508,0.1515722,0.021172779,0.07306367,0.0097668925
375316653866487564,5942888351319718144,0.46847957,2149.491889296752,1.6004988956514985,2.3513252E-5,18.20662,0.005396155,0.32859606,0.0017951892,0.02888622,0.0020139378,0.36694816,0.019898219,0.82926077,0.022685498,0.02526467,0.012643936,0.08379641,0.034647543,null,null,null,null,"TWOGAUSSIANS",8,15.926796,0.32859606,0.0017951892,0.16176283,0.011278052,0.36694816,0.019898219,0.82926077,0.022685498,0.14148214,0.07080604,0.08379641,0.034647543
375316653866487564,5942888390041403136,0.5220494,2137.3284780270023,0.409002277265755,7.5787734E-6,15.439618,9.952972E-4,0.28494766,0.0019741051,0.034533285,0.0023013812,0.053860914,0.005371677,null,null,null,null,null,null,0.019703839,0.0014492613,0.28494766,0.0019741051,"ONEGAUSSIAN_WITH_ELLIPSOIDAL",6,9.977076,0.28494766,0.0019741051,0.19338639,0.012887735,0.09326858,0.005247928,null,null,null,null,null,null
375316653866487564,5942888596171547008,0.45020977,2131.936139605408,1.4309920549,6.599705E-5,17.357685,0.0059631104,0.422199,0.014536574,0.15950227,0.021034373,0.103992775,0.007946528,0.015914291,0.007329184,0.010962557,0.0062542427,0.049659103,0.09550889,null,null,null,null,"TWOGAUSSIANS",8,13.602701,0.422199,0.014536574,0.4,0.0,0.10246449,0.00786762,0.016064292,0.0072180326,0.06139032,0.03502376,0.052293476,0.095553495
375316653866487564,5942888630559658496,0.5202821,2132.3895305305427,0.4185582201849246,3.324558E-5,17.383774,0.00405484,0.18975961,0.03851859,0.026666632,0.011680948,0.3831121,0.3424038,0.47969875,0.06517525,0.14255594,0.07612706,0.011732838,0.0046329084,null,null,null,null,"TWOGAUSSIANS",8,4.8265,0.1897996,0.038532153,0.14933313,0.0654133,0.3845456,0.3427913,0.47969875,0.06517525,0.4,0.0,0.01168282,0.004510104
375316653866487564,5942888905409569408,0.48492262,2144.2501612988685,0.6952417202153728,3.3270983E-6,17.976164,0.0076462254,0.55317867,0.052376084,0.0455814,0.035986945,0.049549438,0.020455023,0.79880244,7.862039E-4,0.023785943,9.284146E-4,0.37375638,0.015179595,null,null,null,null,"TWOGAUSSIANS",8,19.564034,0.79880244,7.862039E-4,0.13320129,0.005199122,0.3737564,0.015215721,0.55317867,0.052376084,0.25525585,0.2015269,0.049549438,0.020455023
375316653866487564,5942888939797155328,0.6436274,2156.439298544049,0.3065039465398721,4.3420064E-6,16.01192,7.269562E-4,0.3319816,0.0084971525,0.015297225,0.0039516515,0.2784179,0.061975133,0.8330373,0.0016303132,0.016010752,0.0011688216,0.4548671,0.018920721,null,null,null,null,"TWOGAUSSIANS",8,6.0460052,0.8330373,0.0016303132,0.089660205,0.0065454007,0.4548671,0.018920721,0.3319816,0.0084971525,0.08566446,0.022129247,0.2784179,0.061975133
375316653866487564,5942889077236932352,0.52452445,2192.3163976251712,2.6256897479210686,1.3038383E-5,18.19512,0.013940564,0.25026795,0.0041465578,0.09449839,0.0075333943,0.25542706,0.013829711,0.74122506,0.0036610933,0.09500267,0.007262204,0.28600526,0.014157951,null,null,null,null,"TWOGAUSSIANS",8,5.050381,0.74122506,0.0036610933,0.4,0.0,0.27135232,0.011896816,0.25026795,0.0041465578,0.4,0.0,0.24077429,0.009944466
375316653866487564,5942889141593597312,0.5610529,2162.00303164693,2.080751978789949,8.754963E-6,18.970535,0.008115758,0.28428122,0.0024961198,0.06786989,0.003949277,0.38967854,0.00919625,0.78997314,0.0039425623,0.069178514,0.005713441,0.32552475,0.017006883,null,null,null,null,"TWOGAUSSIANS",8,2.4687846,0.28428122,0.0024961198,0.38007134,0.022115953,0.38889217,0.009126848,0.78997314,0.0039425623,0.3873997,0.031995267,0.32473838,0.017091392
375316653866487564,5942889214675116160,0.58109367,2141.6969809774046,0.20924046231594934,2.585677E-5,14.951536,7.9508557E-4,0.75543165,0.0028025361,0.021896565,0.002528784,0.15158649,0.004150087,null,null,null,null,null,null,0.0056459587,0.0016528786,0.75543165,0.0028025361,"ONEGAUSSIAN_WITH_ELLIPSOIDAL",6,11.271069,0.75543165,0.0028025361,0.12262076,0.014161192,0.16287841,0.0037123642,null,null,null,null,null,null
375316653866487564,5942889455193341568,0.49050233,2166.726114753052,0.4042882215178546,5.2717765E-5,15.852183,9.258042E-4,0.17282626,0.02339672,0.006966988,0.010370347,0.024390418,0.02040388,0.712132,0.015645806,0.025558133,0.0099585755,0.10599369,0.11499108,0.016477292,0.0014598136,0.712132,0.015645806,"TWOGAUSSIANS_WITH_ELLIPSOIDAL_ON_ECLIPSE2",9,9.177044,0.712132,0.015645806,0.14312555,0.055768024,0.13894823,0.11554641,0.17301625,0.023269335,0.039015133,0.058073945,0.055385083,0.019677086
375316653866487564,5942889523884101248,0.5168953,2163.522707418945,2.6791342667538585,1.49995885E-5,19.056887,0.008610902,0.2500776,0.003280583,0.046102323,0.00685347,0.14179808,0.023379534,0.7444748,0.006836453,0.041951872,0.0059822914,0.23993878,0.03992372,0.088923484,0.012900492,0.2500776,0.003280583,"TWOGAUSSIANS_WITH_ELLIPSOIDAL_ON_ECLIPSE1",9,3.6409144,0.7449948,0.006087309,0.23493049,0.03350083,0.4175859,0.037557594,0.2500776,0.003280583,0.25817302,0.038379434,0.31964496,0.01552271
375316653866487564,5942889863148771200,0.50075746,2163.663993625927,2.5030632735620153,9.118439E-6,17.762928,0.0013298815,null,null,null,null,null,null,null,null,null,null,null,null,0.047776807,0.0018705741,0.24677026,0.003060945,"ELLIPSOIDAL",4,2.3532777,null,null,null,null,null,null,null,null,null,null,null,null
375316653866487564,5942889867510256128,0.5177938,2167.7810300303413,2.3821893496451017,1.2019844E-5,17.205708,0.04261212,0.27158597,0.0055550057,0.028222123,0.058880556,0.13944402,0.7247119,0.7630873,0.006851122,0.04002504,0.020976221,0.12382175,0.09146512,0.13916105,0.054713964,0.27158597,0.0055550057,"TWOGAUSSIANS_WITH_ELLIPSOIDAL_ON_ECLIPSE1",9,46.365623,0.27158597,0.0055550057,0.15804389,0.3037686,0.41776606,0.7406759,0.76496726,0.0050360584,0.22414024,0.117466845,0.4015262,0.029469721
375316653866487564,5942890039280346624,0.52620554,2116.8870855368455,4.096077941062873,1.5190875E-5,19.815626,0.025835706,0.56165564,0.006814191,0.13933484,0.013001834,0.4010189,0.02419365,0.9524054,0.025538843,0.018692743,0.016906386,0.054533802,0.029580122,null,null,null,null,"TWOGAUSSIANS",8,1.7108821,0.56165564,0.006814191,0.4,0.0,0.39973664,0.023296233,0.9524054,0.025538843,0.10467936,0.094675764,0.061139118,0.03397987
375316653866487564,5942890176747911168,0.51835775,2147.090120602891,0.21783909300399734,7.9304285E-5,16.396345,0.0017195195,0.3555971,0.0056527965,0.019951642,0.0039106477,0.23160489,0.09418172,0.7810231,0.0025760382,0.011157018,0.005838687,0.031538878,0.0074442425,null,null,null,null,"TWOGAUSSIANS",8,9.396381,0.3555971,0.0056527965,0.1117292,0.021899628,0.23160489,0.09418172,0.7810231,0.0025760382,0.0624793,0.03269665,0.031538878,0.0074442425
375316653866487564,5942890314186900736,0.58196366,2129.174936354213,0.1075800459704478,6.719786E-6,16.436827,0.0011953998,0.06813992,1.5779642E-5,0.0020701324,1.2761107E-4,0.09136928,0.006084848,0.80453694,3.1837582E-4,0.0036241354,1.8566198E-4,0.4028525,0.05061056,0.0027571646,0.0016811275,0.80453694,3.1837582E-4,"TWOGAUSSIANS_WITH_ELLIPSOIDAL_ON_ECLIPSE2",9,6.0576253,0.80453694,3.1837582E-4,0.020295158,0.0010397071,0.40836683,0.050631173,0.06813992,1.5779642E-5,0.011592741,7.14622E-4,0.09140947,0.006064726
375316653866487564,5942890520317385216,0.52107245,2159.6976401207257,0.9360009502665495,2.3314426E-5,18.75351,0.0031877572,0.08963205,0.015304088,0.021826996,0.033881687,0.025824042,0.011233068,0.36918,0.0025281643,0.034942977,0.0034792162,0.38097808,0.05814193,null,null,null,null,"TWOGAUSSIANS",8,2.3647985,0.36918,0.0025281643,0.19568066,0.019483611,0.38097808,0.05814193,0.08963205,0.015304088,0.12223118,0.18973744,0.025824042,0.011233068
375316653866487564,5942890589064799616,0.4999041,2149.294159939971,0.44142049088222046,2.7775066E-5,16.770897,0.0010286449,0.13033132,0.0048860717,0.021415714,0.0042233756,0.22274895,0.024461541,null,null,null,null,null,null,null,null,null,null,"ONEGAUSSIAN",5,16.176441,0.13033132,0.0048860717,0.119927995,0.023650905,0.22274895,0.0,null,null,null,null,null,null
375316653866487564,5942891207540520704,0.48357677,2132.3753872049033,0.6913580591979892,2.9808396E-5,16.44026,0.001098353,0.35919067,0.09620896,0.008556585,0.030834846,0.014741991,0.012911873,0.7028193,0.004549801,0.032836296,0.0077816606,0.036571167,0.004530877,0.011658071,0.0016613046,0.7028193,0.004549801,"TWOGAUSSIANS_WITH_ELLIPSOIDAL_ON_ECLIPSE2",9,4.4753895,0.7028193,0.004549801,0.18388325,0.0435773,0.05988729,0.0047638454,0.35851067,0.1126072,0.047916878,0.17267513,0.021967936,0.009759964
375316653866487564,5942891344952963584,0.4616354,2151.0891695777773,2.830907087301286,2.014195E-5,19.201551,0.02238492,0.24329282,0.0062757386,0.076252356,0.01255472,0.5184087,0.066062,0.7530424,0.005833277,0.07822137,0.008124153,0.37967765,0.0328514,null,null,null,null,"TWOGAUSSIANS",8,3.02572,0.24329282,0.0062757386,0.4,0.008392386,0.51458955,0.068838865,0.7530424,0.005833277,0.4,0.0,0.3758585,0.031784598
375316653866487564,5942891448032281344,0.49351925,2157.5909323095857,0.4775126350144195,3.3783177E-5,18.646461,0.004363397,0.34252775,3.0690272E-4,0.013619768,3.8077094E-4,0.31297576,0.007286464,0.83544064,0.01627603,0.018461017,0.018658616,0.04316909,0.0074791517,null,null,null,null,"TWOGAUSSIANS",8,3.1145244,0.34252775,3.0690272E-4,0.07627071,0.0021323173,0.31297576,0.007286464,0.83544064,0.01627603,0.10338169,0.104488246,0.04316909,0.0074791517
