Gaia/vari_eclipsing_binary/VariEclipsingBinary_768528-768578.csv
# %ECSV 1.0
# ---
# delimiter: ','
# meta: !!omap
# - RELEASE: Gaia DR3
# - TABLE: vari_eclipsing_binary
# - DESCRIPTION: >
#     This table describes the properties of the eclipsing binaries resulting from the variability analysis. 
# - CITATION: >
#     How to cite and acknowledge Gaia: 
#     https://gea.esac.esa.int/archive/documentation/credits.html 
# - KNOWN_ISSUES: >
#     Known issues: 
#     https://www.cosmos.esa.int/web/gaia-users/known-issues 
# - DOCUMENTATION: >
#     Tutorials and documentation: 
#     https://www.cosmos.esa.int/web/gaia-users/archive 
# datatype:
# - 
#   name: solution_id
#   datatype: int64
#   description: Solution Identifier
#   meta:
#     ucd: meta.version
# - 
#   name: source_id
#   datatype: int64
#   description: Unique source identifier
#   meta:
#     ucd: meta.id;meta.main
# - 
#   name: global_ranking
#   datatype: float32
#   description: Number between 0 (worst) and 1 (best)
#   meta:
#     ucd: stat.param
# - 
#   name: reference_time
#   datatype: float64
#   unit: d
#   description: Reference time used for the geometric model fit
#   meta:
#     ucd: time.epoch
# - 
#   name: frequency
#   datatype: float64
#   unit: d**-1
#   description: Frequency of geometric model of the eclipsing binary light curve
#   meta:
#     ucd: src.orbital
# - 
#   name: frequency_error
#   datatype: float32
#   unit: d**-1
#   description: "Uncertainty of \\texttt{frequency}"
#   meta:
#     ucd: stat.error
# - 
#   name: geom_model_reference_level
#   datatype: float32
#   unit: mag
#   description: Magnitude reference level of geometric model
#   meta:
#     ucd: phot.mag;em.opt
# - 
#   name: geom_model_reference_level_error
#   datatype: float32
#   unit: mag
#   description: "Uncertainty of \\texttt{geomModelReferenceLevel}"
#   meta:
#     ucd: stat.error;phot.mag;em.opt
# - 
#   name: geom_model_gaussian1_phase
#   datatype: float32
#   description: Phase of the Gaussian 1 component
#   meta:
#     ucd: time.phase
# - 
#   name: geom_model_gaussian1_phase_error
#   datatype: float32
#   description: "Uncertainty of \\texttt{geomModelGaussian1Phase}"
#   meta:
#     ucd: stat.error;time.phase
# - 
#   name: geom_model_gaussian1_sigma
#   datatype: float32
#   description: "Standard deviation [phase] of Gaussian 1 component"
#   meta:
#     ucd: stat.stdev
# - 
#   name: geom_model_gaussian1_sigma_error
#   datatype: float32
#   description: "Uncertainty of \\texttt{geomModelGaussian1Sigma}"
#   meta:
#     ucd: stat.error
# - 
#   name: geom_model_gaussian1_depth
#   datatype: float32
#   unit: mag
#   description: Magnitude depth of Gaussian 1 component
#   meta:
#     ucd: src.var.amplitude
# - 
#   name: geom_model_gaussian1_depth_error
#   datatype: float32
#   unit: mag
#   description: "Uncertainty of \\texttt{geomModelGaussian1Depth}"
#   meta:
#     ucd: stat.error;src.var.amplitude
# - 
#   name: geom_model_gaussian2_phase
#   datatype: float32
#   description: Phase of Gaussian 2 component
#   meta:
#     ucd: time.phase
# - 
#   name: geom_model_gaussian2_phase_error
#   datatype: float32
#   description: "Uncertainty of \\texttt{geomModelGaussian2Phase}"
#   meta:
#     ucd: stat.error;time.phase
# - 
#   name: geom_model_gaussian2_sigma
#   datatype: float32
[...]
#   datatype: float32
#   description: "Secondary eclipse: uncertainty of \\texttt{derivedSecondaryEclDuration}"
#   meta:
#     ucd: stat.error;time.duration
# - 
#   name: derived_secondary_ecl_depth
#   datatype: float32
#   unit: mag
#   description: "Secondary eclipse: depth"
#   meta:
#     ucd: src.var.amplitude
# - 
#   name: derived_secondary_ecl_depth_error
#   datatype: float32
#   unit: mag
#   description: "Secondary eclipse: uncertainty of \\texttt{derivedSecondaryEclDepth}"
#   meta:
#     ucd: stat.error;src.var.amplitude
solution_id,source_id,global_ranking,reference_time,frequency,frequency_error,geom_model_reference_level,geom_model_reference_level_error,geom_model_gaussian1_phase,geom_model_gaussian1_phase_error,geom_model_gaussian1_sigma,geom_model_gaussian1_sigma_error,geom_model_gaussian1_depth,geom_model_gaussian1_depth_error,geom_model_gaussian2_phase,geom_model_gaussian2_phase_error,geom_model_gaussian2_sigma,geom_model_gaussian2_sigma_error,geom_model_gaussian2_depth,geom_model_gaussian2_depth_error,geom_model_cosine_half_period_amplitude,geom_model_cosine_half_period_amplitude_error,geom_model_cosine_half_period_phase,geom_model_cosine_half_period_phase_error,model_type,num_model_parameters,reduced_chi2,derived_primary_ecl_phase,derived_primary_ecl_phase_error,derived_primary_ecl_duration,derived_primary_ecl_duration_error,derived_primary_ecl_depth,derived_primary_ecl_depth_error,derived_secondary_ecl_phase,derived_secondary_ecl_phase_error,derived_secondary_ecl_duration,derived_secondary_ecl_duration_error,derived_secondary_ecl_depth,derived_secondary_ecl_depth_error
[from data line 224]
375316653866487564,6760304882137526784,0.5359541,2188.7036249540133,0.08676497725570104,1.4511201E-5,19.344765,0.53845227,0.27943772,0.03368267,0.16032536,0.08313584,0.8306847,0.48929542,0.77818376,0.0023144307,0.13382387,0.04207023,0.9301533,0.4926701,null,null,null,null,"TWOGAUSSIANS",8,2.689916,0.77818376,0.0023073165,0.4,0.0,0.5373953,0.024231536,0.2794877,0.03369444,0.4,0.0,0.4268177,0.14874215
375316653866487564,6760305019576354560,0.46539488,2198.413078526657,0.21323642008694169,3.658871E-5,19.063679,0.04185503,0.24950308,0.010510389,0.09764084,0.0218298,0.3434549,0.038608458,0.75642145,0.0036635567,0.063441254,0.0058610537,0.3736797,0.041158862,null,null,null,null,"TWOGAUSSIANS",8,9.993577,0.75642145,0.0036635567,0.355271,0.0328219,0.36878932,0.034990743,0.24950308,0.010510389,0.4,0.0,0.338563,0.037956532
375316653866487564,6760305912938429184,0.605774,2246.603922016909,1.052791111885791,2.20721E-6,16.920935,0.011275696,0.21600829,3.9394016E-4,0.035082098,0.001354469,0.9364087,0.012708665,null,null,null,null,null,null,0.026090419,0.015897574,0.21600829,3.9394016E-4,"ONEGAUSSIAN_WITH_ELLIPSOIDAL",6,26.938503,0.21600829,3.9394016E-4,0.19645974,0.0075850263,0.9885895,0.027305547,null,null,null,null,null,null
375316653866487564,6760306428327106560,0.55462223,2274.9471071371113,3.512327555979818,4.386515E-5,18.431871,0.032979086,0.2677223,0.0077204723,0.11548802,0.017749567,0.23577288,0.031527,0.7347951,0.009054909,0.12037716,0.018315021,0.22218765,0.029176444,null,null,null,null,"TWOGAUSSIANS",8,1.8546414,0.2679123,0.0076728775,0.4,0.0,0.20029365,0.018913412,0.7347951,0.009054909,0.4,0.0,0.186648,0.010829314
375316653866487564,6760307287320600448,0.45343864,2275.469533355351,1.0820056077817255,2.922777E-5,19.215414,0.027890788,0.41758996,0.007880374,0.08827331,0.0146394735,0.287414,0.06623776,0.8726727,0.036658354,0.12358451,0.08213725,0.04953918,0.02786983,null,null,null,null,"TWOGAUSSIANS",8,2.0170436,0.41762996,0.007807479,0.4,0.0,0.2806678,0.06768792,0.8726727,0.036658354,0.4,0.0,0.042734165,0.026130887
375316653866487564,6760307970202825344,0.54317296,2259.617988963878,1.4294995427337,8.148619E-6,18.096527,0.0037313034,null,null,null,null,null,null,null,null,null,null,null,null,0.16933826,0.0064501762,0.28723812,0.0023194342,"ELLIPSOIDAL",4,5.8556376,null,null,null,null,null,null,null,null,null,null,null,null
375316653866487564,6760308008882595968,0.57915175,2251.4839888223496,2.0973433590231547,6.7212927E-6,14.10751,0.0077513405,0.3199333,0.004400922,0.094971836,0.005950411,0.16874714,0.008365515,0.8221829,0.00421093,0.095671,0.008290716,0.13879965,0.00731917,null,null,null,null,"TWOGAUSSIANS",8,24.332699,0.3199333,0.004400922,0.4,0.0,0.15923758,0.0052917497,0.8221829,0.00421093,0.4,0.0,0.12929009,0.0063533452
375316653866487564,6760308661717612288,0.48356622,2216.310925262658,0.314725214032086,7.4005606E-5,15.665007,0.0062023588,0.30092853,0.0014269144,0.03915829,0.006298862,0.33712846,0.10696707,0.8677392,0.116053134,0.033310384,0.050275564,0.046157446,0.12051568,null,null,null,null,"TWOGAUSSIANS",8,26.021112,0.30092853,0.0014269144,0.21928641,0.035273626,0.33712846,0.10697697,0.8677392,0.116053134,0.18653814,0.23810303,0.046157446,0.120496646
375316653866487564,6760309829948785280,0.47496718,2289.1635746099823,0.17354890356572694,1.2480839E-4,18.92217,0.0115854535,0.54561955,0.06523933,0.077841386,0.09969746,0.2309779,0.094447665,0.78672945,0.029090432,0.06694976,0.021534372,0.1627018,0.049541518,null,null,null,null,"TWOGAUSSIANS",8,5.034399,0.54597956,0.0660689,0.4,0.22066717,0.23122819,0.09485763,0.78672945,0.029090432,0.37491867,0.11032215,0.16460778,0.039843056
375316653866487564,6760310207897206528,0.49440536,2260.043569520531,0.0867549008110499,1.4694563E-4,19.120674,0.021797707,0.37357384,0.009977209,0.09136957,0.016166342,0.1688431,0.023105448,0.79071265,0.016712353,0.0912319,0.019983511,0.16048357,0.023143137,null,null,null,null,"TWOGAUSSIANS",8,1.0217937,0.37358382,0.009981542,0.4,0.0,0.16682929,0.019822689,0.79071265,0.016712353,0.4,0.0,0.15847014,0.019881452
375316653866487564,6760311234379745792,0.5302981,2233.5250715879642,2.058874930789018,4.566171E-5,17.740448,0.037265025,0.22998503,0.008318495,0.097886555,0.021924566,0.21630873,0.027632253,0.7364018,0.012460233,0.10978718,0.02213036,0.20644222,0.0374658,null,null,null,null,"TWOGAUSSIANS",8,5.638472,0.22997503,0.008317729,0.4,0.0,0.19478652,0.023738122,0.7364018,0.01246545,0.4,0.0,0.18490762,0.010506097
375316653866487564,6760311616646662144,0.62001616,2232.5350422392744,3.459709307334575,2.465275E-5,18.021263,0.024308708,0.24415022,0.0021472874,0.04103262,0.010280899,0.24475434,0.060891204,0.7397112,0.019370005,0.06489197,0.02281459,0.1221415,0.06780614,0.12522295,0.028833112,0.24415022,0.0021472874,"TWOGAUSSIANS_WITH_ELLIPSOIDAL_ON_ECLIPSE1",9,3.079714,0.24415022,0.0021472874,0.22978267,0.057573035,0.49514344,0.052637335,0.7415112,0.012924475,0.36339507,0.12772733,0.37241477,0.044345986
375316653866487564,6760313162835344000,0.54799044,2289.0386161973743,1.4498918710554574,1.764647E-5,15.703979,0.015343578,0.23759134,0.009627358,0.08422473,0.009648627,0.23551439,0.043019064,0.746806,0.005396705,0.095723264,0.0099234525,0.19596377,0.015231825,null,null,null,null,"TWOGAUSSIANS",8,29.857718,0.23759134,0.009627358,0.4,0.0,0.2277508,0.04221593,0.746806,0.005396705,0.4,0.0,0.18819968,0.010073704
375316653866487564,6760313162835390720,0.5133801,2300.4433797211004,3.553566948960055,4.1503215E-5,19.823046,0.066710286,0.2570582,0.012283158,0.10805142,0.024577588,0.36932188,0.060278982,0.741964,0.008544349,0.11521355,0.01670765,0.5051,0.06786832,null,null,null,null,"TWOGAUSSIANS",8,1.9198391,0.741964,0.008544349,0.4,0.0,0.4446149,0.050158273,0.2571082,0.012296195,0.4,0.0,0.30891186,0.06956756
375316653866487564,6760313265915542400,0.560928,2175.0413563781017,2.9663627994657764,1.6188016E-5,19.887419,0.013600969,0.4809881,0.024439972,0.014556901,0.008545439,0.6860885,0.8856418,0.72759,0.01580305,0.06938247,0.015903853,0.06688617,0.018320309,null,null,null,null,"TWOGAUSSIANS",8,1.856822,0.4809881,0.024439972,0.08151864,0.047854457,0.6862093,0.8856937,0.72759,0.01580305,0.3885418,0.06336119,0.06688617,0.018320309
375316653866487564,6760314193627727104,0.52767956,2301.0176679342403,3.5147828100580525,2.9448369E-5,19.171717,0.039437592,0.23670943,0.012019803,0.08188692,0.011489632,0.49011067,0.044606548,0.7454338,0.008699302,0.08124589,0.01431231,0.40962115,0.07779877,null,null,null,null,"TWOGAUSSIANS",8,9.278971,0.23670943,0.012019803,0.4,0.0,0.48318255,0.038477182,0.7454338,0.008699302,0.4,0.0,0.40269303,0.07853754
375316653866487564,6760317797092967936,0.44567117,2247.3232618878747,1.133391801024922,1.8809584E-5,17.736773,0.01944354,0.19314982,0.022991963,0.01495609,0.008040246,0.4278576,0.9365316,0.7532017,0.010953996,0.122559145,0.035786606,0.10557639,0.018558517,null,null,null,null,"TWOGAUSSIANS",8,6.278584,0.19314982,0.0229996,0.0837541,0.04502538,0.42797005,0.9364092,0.7532017,0.010953996,0.4,0.0,0.1055177,0.018562526
375316653866487564,6760318626041801344,0.4898579,2211.763075772626,0.10525918668305362,1.6637086E-5,17.848644,0.00609145,0.10574083,0.027876727,0.054883357,0.017337525,0.1357542,0.012136099,0.6215889,0.033096123,0.032015804,0.0401961,0.27142853,0.16217232,null,null,null,null,"TWOGAUSSIANS",8,2.5204108,0.6215889,0.033096123,0.1792885,0.21640754,0.27142853,0.16219933,0.10574083,0.027876727,0.30734682,0.09709014,0.1357542,0.012128424
375316653866487564,6760319622466833152,0.51577747,2229.7327184024257,0.08658672480827101,3.279641E-5,18.889597,0.060845308,0.16791837,0.00951939,0.13386002,0.03370856,0.222567,0.051860575,0.6421001,0.033635844,0.09554559,0.03277312,0.24348998,0.056806676,null,null,null,null,"TWOGAUSSIANS",8,1.8424224,0.6421001,0.033635844,0.4,0.0,0.2112279,0.041357882,0.16791837,0.009512442,0.4,0.0,0.1897874,0.029564584
375316653866487564,6760321443532059648,0.4503201,2260.080265555514,1.0575465686302863,4.238411E-5,19.148825,0.010859877,0.31396043,0.0081653595,0.058181636,0.011232792,0.1271965,0.020097708,0.7922838,0.007898421,0.07391804,0.013502752,0.16165859,0.13822581,null,null,null,null,"TWOGAUSSIANS",8,2.0904686,0.7922838,0.007898421,0.4,0.047987875,0.16153996,0.13830644,0.31396043,0.0081653595,0.32581717,0.06290364,0.12707788,0.020067655
375316653866487564,6760321649691584384,0.4639241,2281.6668993941885,4.612929211916349,7.930944E-5,19.153402,0.34308574,0.04826214,0.019472746,0.029438347,0.010711363,0.19072713,0.12471326,0.6038051,0.009348039,0.30575478,0.110754125,0.51346433,0.32741487,null,null,null,null,"TWOGAUSSIANS",8,2.9397624,0.6038051,0.009348039,0.4,0.0,0.24403426,0.026093382,0.047042143,0.020095544,0.16485475,0.05998363,0.1936383,0.12688619
375316653866487564,6760321954613352192,0.5712108,2195.3339282082184,3.6850076768743403,2.4732146E-5,14.86368,0.019151967,0.26937944,0.0032650244,0.041924022,0.0143154785,0.1518939,0.032629874,0.79153186,0.044875618,0.04974949,0.04140131,0.08265599,0.19959755,0.09941964,0.020055763,0.26937944,0.0032650244,"TWOGAUSSIANS_WITH_ELLIPSOIDAL_ON_ECLIPSE1",9,161.97803,0.26937944,0.0032650244,0.23477452,0.080166675,0.35073298,0.012697271,0.79153186,0.044875618,0.27859715,0.23184735,0.27766773,0.20681198
375316653866487564,6760322921001220608,0.54755527,2222.8929035535484,3.2795171506402547,1.4907456E-5,19.276766,0.022416152,0.30935866,0.0023124497,0.07737556,0.0038231858,0.64869356,0.031276904,0.8034089,0.009721175,0.07364439,0.008576505,0.5724337,0.029243493,null,null,null,null,"TWOGAUSSIANS",8,2.853629,0.30935866,0.0023124497,0.4,0.0,0.6442352,0.030495182,0.8034089,0.009721175,0.4,0.027154168,0.56797534,0.028176324
375316653866487564,6760323230246949632,0.49472117,2263.2247758963085,0.43550332808135495,3.8243234E-5,18.975658,0.008695533,0.3471779,0.008424664,0.04434119,0.0050663827,0.3766281,0.06096076,0.8613903,0.0122180795,0.029264156,0.011768806,0.49950406,0.061834786,null,null,null,null,"TWOGAUSSIANS",8,7.7374816,0.8613903,0.0122180795,0.16387928,0.06590532,0.49950406,0.06183479,0.3471779,0.008424664,0.24831067,0.028371744,0.3766281,0.06096076
375316653866487564,6760323706960088192,0.4717174,2249.6794738224617,0.1052018611797424,5.9733324E-5,17.446428,0.012693971,0.09880132,0.013734139,0.06945206,0.013531407,0.22942492,0.024126189,0.62697375,0.04976802,0.08286214,0.034765054,0.21753863,0.048754856,null,null,null,null,"TWOGAUSSIANS",8,4.084946,0.09880132,0.013746335,0.38893157,0.0666442,0.22833839,0.023845294,0.62697375,0.04976802,0.4,0.0,0.21645206,0.04774962
375316653866487564,6760323883081988096,0.46476263,2262.0694186942296,2.5387539318135364,3.6817823E-5,15.904092,0.7961095,0.2772512,0.0092502935,0.121355794,0.09812255,0.31274834,0.74015164,0.7740064,0.020336766,0.11458321,0.13555856,0.2923932,0.87157625,null,null,null,null,"TWOGAUSSIANS",8,199.5052,0.2772612,0.008915207,0.4,0.0,0.25056875,0.024037214,0.7740064,0.020341828,0.4,0.15165184,0.2303,0.64069414
375316653866487564,6760324535909818752,0.46914002,2240.3255469331543,0.8935147437280695,3.0865547E-5,19.45277,0.012928438,0.25062498,0.00978963,0.06823023,0.015315092,0.22534871,0.04981339,0.8210139,0.008745259,0.04629107,0.014253834,0.84823686,3.1645958,null,null,null,null,"TWOGAUSSIANS",8,2.5230527,0.8210139,0.008745259,0.25923,0.07982147,0.8482338,3.1646042,0.25062498,0.00978963,0.38208926,0.04893503,0.22534564,0.04982709
375316653866487564,6760326047717198464,0.55687743,2269.082246527778,0.14834342692600316,1.06702E-6,19.652636,0.01561978,0.14986555,1.6593653E-5,0.002774419,5.757589E-5,2.0784533,0.03653889,0.58104026,0.016187297,0.08465609,0.033434805,0.09877843,0.0687402,null,null,null,null,"TWOGAUSSIANS",8,1.5054805,0.14986555,1.6593653E-5,0.015536746,3.2242498E-4,2.0784535,0.036533546,0.58104026,0.016187297,0.4,0.025515227,0.09877842,0.06874054
375316653866487564,6760326597502722048,0.65287757,2258.648283687094,1.2739380919484844,5.291002E-6,16.551447,0.0044707973,0.27683628,4.8796402E-4,0.035429377,0.0020545707,0.9026589,0.09984214,0.77938634,0.006691449,0.039855264,0.009378325,0.088251434,0.032081574,null,null,null,null,"TWOGAUSSIANS",8,11.002501,0.27683628,4.8796402E-4,0.1984045,0.011505595,0.9026589,0.09984214,0.77938634,0.006691449,0.22318949,0.05251862,0.088251434,0.032081574
375316653866487564,6760326837991330560,0.48286018,2275.748165707428,2.206811288808005,2.774224E-5,19.110546,0.005233017,0.42234614,0.0070359055,0.08473717,0.010121442,0.17700571,0.011220346,0.7937251,0.0054157153,0.008002654,0.0026315697,0.082275905,0.031114245,null,null,null,null,"TWOGAUSSIANS",8,1.3753661,0.42234614,0.0070359055,0.4,0.0,0.1770057,0.011220349,0.7937251,0.0054157153,0.04481486,0.01473679,0.08228783,0.031116223
375316653866487564,6760328590337913088,0.47492772,2214.755330767479,0.17888914513280815,6.103946E-5,19.369345,0.030141814,0.26621813,0.039939992,0.11613578,0.0676212,0.17095846,0.019745914,0.5579033,0.13650768,0.11328231,0.053863324,0.13274404,0.028229456,null,null,null,null,"TWOGAUSSIANS",8,2.5179243,0.27681813,0.037780948,0.4,0.08743831,0.17379172,0.024974022,0.5579033,0.13650768,0.4,0.0263907,0.13747363,0.020409202
375316653866487564,6760329827291505280,0.5401708,2221.8437551034117,3.6608185113896274,4.446201E-5,19.74555,0.03531379,0.4348006,0.005144741,0.15765262,0.019860499,0.3307596,0.03145742,0.82017577,0.014974164,0.043891415,0.017333241,0.19055775,0.1067815,null,null,null,null,"TWOGAUSSIANS",8,1.3345944,0.4348006,0.005144741,0.4,0.0,0.3248913,0.02592714,0.82017577,0.014974164,0.24579193,0.09706615,0.20152661,0.10960012
375316653866487564,6760330755001619968,0.54601127,2297.754847007686,4.283773403694971,1.6257762E-5,18.883898,0.01817457,0.25046003,0.004199945,0.0833513,0.007726662,0.42786032,0.025572293,0.7510688,0.0060403887,0.085197896,0.007843239,0.42468953,0.028315257,null,null,null,null,"TWOGAUSSIANS",8,4.2469335,0.25046003,0.004199945,0.4,0.0,0.4175066,0.026757333,0.7510688,0.0060403887,0.4,0.0,0.4143358,0.02878735
375316653866487564,6760331506626359552,0.6477367,2255.0859119827664,1.144020112099339,4.8634506E-6,15.297416,0.004226863,0.14329728,0.016102133,0.038756162,0.010460724,0.11066942,0.031187551,0.6387015,6.7844905E-4,0.033555795,4.8493745E-4,1.0012949,0.019484164,null,null,null,null,"TWOGAUSSIANS",8,86.543434,0.6387015,6.7844905E-4,0.18791245,0.0027156498,1.0012949,0.019484164,0.14329728,0.016102133,0.2170345,0.058580056,0.11066942,0.031187551
375316653866487564,6760334809451209728,0.553135,2274.7468895312068,3.6284251943896972,2.0228248E-5,19.811996,0.017386066,0.22694965,0.005804617,0.07435165,0.007028853,0.40346396,0.039370537,0.73275,0.0042625666,0.06901282,0.009038732,0.54662204,0.14574593,null,null,null,null,"TWOGAUSSIANS",8,1.8442574,0.73275,0.0042625666,0.3864718,0.026011921,0.5447748,0.14712176,0.22694965,0.005804617,0.4,0.0060934965,0.40161672,0.039489035
375316653866487564,6760336115121502208,0.5378623,2284.1130472572745,4.407046365583187,1.5713214E-5,18.818213,0.0069022295,0.4088597,0.013572568,0.04357643,0.0069794226,0.62325734,0.049409587,0.7960507,0.001077613,0.00911603,0.003889986,0.6580387,13.708674,null,null,null,null,"TWOGAUSSIANS",8,1.4591322,0.7960507,0.001077613,0.05104977,0.021783922,0.6580387,13.708674,0.4088597,0.013572568,0.244028,0.039084766,0.62325734,0.049409587
375316653866487564,6760337038539846272,0.56278133,2226.3178799058905,1.3703931785678332,7.3419983E-6,15.810636,0.0032165926,0.4819049,0.0033087367,0.073389255,0.0035162726,0.17606972,0.0049950867,0.7265987,0.007509252,0.026188703,0.0056019058,0.034657877,0.00862769,null,null,null,null,"TWOGAUSSIANS",8,13.754444,0.4819049,0.0033087367,0.4,0.0015340062,0.17606972,0.0049950867,0.7265987,0.007509252,0.14665674,0.031370673,0.035336606,0.008781704
