Gaia/vari_eclipsing_binary/VariEclipsingBinary_473478-473570.csv
# %ECSV 1.0
# ---
# delimiter: ','
# meta: !!omap
# - RELEASE: Gaia DR3
# - TABLE: vari_eclipsing_binary
# - DESCRIPTION: >
#     This table describes the properties of the eclipsing binaries resulting from the variability analysis. 
# - CITATION: >
#     How to cite and acknowledge Gaia: 
#     https://gea.esac.esa.int/archive/documentation/credits.html 
# - KNOWN_ISSUES: >
#     Known issues: 
#     https://www.cosmos.esa.int/web/gaia-users/known-issues 
# - DOCUMENTATION: >
#     Tutorials and documentation: 
#     https://www.cosmos.esa.int/web/gaia-users/archive 
# datatype:
# - 
#   name: solution_id
#   datatype: int64
#   description: Solution Identifier
#   meta:
#     ucd: meta.version
# - 
#   name: source_id
#   datatype: int64
#   description: Unique source identifier
#   meta:
#     ucd: meta.id;meta.main
# - 
#   name: global_ranking
#   datatype: float32
#   description: Number between 0 (worst) and 1 (best)
#   meta:
#     ucd: stat.param
# - 
#   name: reference_time
#   datatype: float64
#   unit: d
#   description: Reference time used for the geometric model fit
#   meta:
#     ucd: time.epoch
# - 
#   name: frequency
#   datatype: float64
#   unit: d**-1
#   description: Frequency of geometric model of the eclipsing binary light curve
#   meta:
#     ucd: src.orbital
# - 
#   name: frequency_error
#   datatype: float32
#   unit: d**-1
#   description: "Uncertainty of \\texttt{frequency}"
#   meta:
#     ucd: stat.error
# - 
#   name: geom_model_reference_level
#   datatype: float32
#   unit: mag
#   description: Magnitude reference level of geometric model
#   meta:
#     ucd: phot.mag;em.opt
# - 
#   name: geom_model_reference_level_error
#   datatype: float32
#   unit: mag
#   description: "Uncertainty of \\texttt{geomModelReferenceLevel}"
#   meta:
#     ucd: stat.error;phot.mag;em.opt
# - 
#   name: geom_model_gaussian1_phase
#   datatype: float32
#   description: Phase of the Gaussian 1 component
#   meta:
#     ucd: time.phase
# - 
#   name: geom_model_gaussian1_phase_error
#   datatype: float32
#   description: "Uncertainty of \\texttt{geomModelGaussian1Phase}"
#   meta:
#     ucd: stat.error;time.phase
# - 
#   name: geom_model_gaussian1_sigma
#   datatype: float32
#   description: "Standard deviation [phase] of Gaussian 1 component"
#   meta:
#     ucd: stat.stdev
# - 
#   name: geom_model_gaussian1_sigma_error
#   datatype: float32
#   description: "Uncertainty of \\texttt{geomModelGaussian1Sigma}"
#   meta:
#     ucd: stat.error
# - 
#   name: geom_model_gaussian1_depth
#   datatype: float32
#   unit: mag
#   description: Magnitude depth of Gaussian 1 component
#   meta:
#     ucd: src.var.amplitude
# - 
#   name: geom_model_gaussian1_depth_error
#   datatype: float32
#   unit: mag
#   description: "Uncertainty of \\texttt{geomModelGaussian1Depth}"
#   meta:
#     ucd: stat.error;src.var.amplitude
# - 
#   name: geom_model_gaussian2_phase
#   datatype: float32
#   description: Phase of Gaussian 2 component
#   meta:
#     ucd: time.phase
# - 
#   name: geom_model_gaussian2_phase_error
#   datatype: float32
#   description: "Uncertainty of \\texttt{geomModelGaussian2Phase}"
#   meta:
#     ucd: stat.error;time.phase
# - 
#   name: geom_model_gaussian2_sigma
#   datatype: float32
[...]
#   datatype: float32
#   description: "Secondary eclipse: uncertainty of \\texttt{derivedSecondaryEclDuration}"
#   meta:
#     ucd: stat.error;time.duration
# - 
#   name: derived_secondary_ecl_depth
#   datatype: float32
#   unit: mag
#   description: "Secondary eclipse: depth"
#   meta:
#     ucd: src.var.amplitude
# - 
#   name: derived_secondary_ecl_depth_error
#   datatype: float32
#   unit: mag
#   description: "Secondary eclipse: uncertainty of \\texttt{derivedSecondaryEclDepth}"
#   meta:
#     ucd: stat.error;src.var.amplitude
solution_id,source_id,global_ranking,reference_time,frequency,frequency_error,geom_model_reference_level,geom_model_reference_level_error,geom_model_gaussian1_phase,geom_model_gaussian1_phase_error,geom_model_gaussian1_sigma,geom_model_gaussian1_sigma_error,geom_model_gaussian1_depth,geom_model_gaussian1_depth_error,geom_model_gaussian2_phase,geom_model_gaussian2_phase_error,geom_model_gaussian2_sigma,geom_model_gaussian2_sigma_error,geom_model_gaussian2_depth,geom_model_gaussian2_depth_error,geom_model_cosine_half_period_amplitude,geom_model_cosine_half_period_amplitude_error,geom_model_cosine_half_period_phase,geom_model_cosine_half_period_phase_error,model_type,num_model_parameters,reduced_chi2,derived_primary_ecl_phase,derived_primary_ecl_phase_error,derived_primary_ecl_duration,derived_primary_ecl_duration_error,derived_primary_ecl_depth,derived_primary_ecl_depth_error,derived_secondary_ecl_phase,derived_secondary_ecl_phase_error,derived_secondary_ecl_duration,derived_secondary_ecl_duration_error,derived_secondary_ecl_depth,derived_secondary_ecl_depth_error
[from data line 333]
375316653866487564,4165358514589727744,0.5515853,2374.2056828186905,1.7831366524045162,1.4061729E-5,18.52238,0.014300008,0.24383025,0.0037054433,0.10534892,0.008275431,0.20533653,0.013742952,0.73500174,0.0038731878,0.095267475,0.0068669287,0.36069027,0.015823567,null,null,null,null,"TWOGAUSSIANS",8,2.9829955,0.73500174,0.0038731878,0.4,0.0,0.33942074,0.014271404,0.24383025,0.0037054433,0.4,0.0,0.18406217,0.0070778336
375316653866487564,4165358587611974528,0.5068293,2393.6223650495217,2.8075639178469984,1.1299168E-5,19.668543,0.011406956,0.26059815,0.003075,0.082904465,0.0055967127,0.31933185,0.012588189,0.7595026,0.00626802,0.08800934,0.008183669,0.32911018,0.021528872,null,null,null,null,"TWOGAUSSIANS",8,1.7894479,0.7595026,0.00626802,0.4,0.0,0.3202944,0.022045705,0.26059815,0.003075,0.4,0.0,0.31051615,0.01074152
375316653866487564,4165360511760326912,0.6173961,2429.50216587819,0.3908634106816228,6.458626E-6,15.737177,0.0015885278,0.19534416,0.0014918838,0.021326326,0.002134122,0.061367102,0.008136991,0.6931888,5.334217E-4,0.021564037,4.3034492E-4,0.76680475,0.0201039,0.015225716,0.0027085694,0.19534416,0.0014918838,"TWOGAUSSIANS_WITH_ELLIPSOIDAL_ON_ECLIPSE1",9,31.58794,0.6931888,5.334217E-4,0.1207586,0.0024099315,0.7972506,0.020511637,0.19534416,0.0014918838,0.11942743,0.011951083,0.09181852,0.008833582
375316653866487564,4165361469528346752,0.48592255,2403.0919810091573,3.0518331558878184,2.919593E-5,18.990509,0.0038180393,0.23855008,0.0044935113,0.038128883,0.0199047,0.02254279,0.010015257,null,null,null,null,null,null,0.070529185,0.0052722823,0.23855008,0.0044935113,"ONEGAUSSIAN_WITH_ELLIPSOIDAL",6,2.4897418,0.23855008,0.0044935113,0.21352173,0.11146631,0.16360115,0.009245513,null,null,null,null,null,null
375316653866487564,4165363909068769536,0.4847849,2382.7792448449904,0.5743040359935676,3.5627032E-5,19.061354,0.007959029,0.27314347,0.0091685755,0.04052143,0.007286453,0.50866205,0.050747298,0.6399243,0.012490568,0.012245573,0.008131302,0.20650113,8.9422865,null,null,null,null,"TWOGAUSSIANS",8,8.103983,0.27314347,0.0091685755,0.22692002,0.04080414,0.50866205,0.050747298,0.6399243,0.012490568,0.06857521,0.045535292,0.20650113,8.9422865
375316653866487564,4165366009305764864,0.45753315,2348.4429236797973,0.289887029788861,7.041094E-5,18.454128,0.003503499,0.16336012,0.016070757,0.077034235,0.024552666,0.10763087,0.04742956,0.67253214,0.0056985146,0.03585791,0.009934978,0.12995157,0.035383046,null,null,null,null,"TWOGAUSSIANS",8,2.228768,0.67253214,0.0056985146,0.2008043,0.055635873,0.12994345,0.035414167,0.16336012,0.016070757,0.4,0.0118530635,0.10762274,0.047536336
375316653866487564,4165366387262791424,0.44828832,2345.1372541076994,3.747153414442389,4.0346073E-5,16.034542,0.001985195,0.4855695,0.005861232,0.020525549,0.004006543,0.0409932,0.008969562,0.8671863,0.013745427,0.05702786,0.008957863,0.11512582,0.022762276,null,null,null,null,"TWOGAUSSIANS",8,4.918607,0.8671863,0.013745427,0.31935602,0.050164033,0.11512582,0.022762276,0.4855695,0.005861232,0.114943065,0.022436641,0.0409932,0.008969562
375316653866487564,4165369818944049792,0.5478781,2389.2209530290256,2.9156001919146046,1.1302731E-5,18.67018,0.019941503,0.26665652,0.004838928,0.09036154,0.011124233,0.33923066,0.022863602,0.77494556,0.0028253256,0.089326255,0.008061521,0.28404564,0.018356763,null,null,null,null,"TWOGAUSSIANS",8,2.7999036,0.26665652,0.004838928,0.4,0.0,0.32786945,0.023149956,0.77494556,0.0028253256,0.4,0.0,0.27268448,0.011664883
375316653866487564,4165370506138844160,0.470708,2371.241105858208,3.183486730441778,2.8413428E-5,17.63329,0.006776779,0.1965494,0.0044243727,0.06796121,0.00882595,0.15717943,0.023803415,0.6962179,0.004603066,0.0735748,0.00606241,0.13783154,0.010080616,null,null,null,null,"TWOGAUSSIANS",8,12.310622,0.1965494,0.0044243727,0.38058278,0.048225738,0.15661229,0.02411766,0.6962179,0.004603066,0.4,6.440502E-4,0.13726442,0.010002103
375316653866487564,4165370643577788928,0.5455182,2348.4093881007025,2.794808011503336,1.6630871E-5,18.4835,0.00793817,0.24885571,0.005645665,0.07011749,0.004963283,0.39011326,0.022603437,0.7425234,0.0029890514,0.068797834,0.0035408651,0.5795583,0.020657388,null,null,null,null,"TWOGAUSSIANS",8,9.106523,0.7425234,0.0029890514,0.38526785,0.019828845,0.5783229,0.02071019,0.24885571,0.005645665,0.39265797,0.02218975,0.38887784,0.022538222
375316653866487564,4165371021534976128,0.57522523,2362.405325422719,0.2528344894710489,2.269726E-5,16.06661,0.0076640896,0.31647635,0.0010121966,0.034663614,0.0027071284,0.27928454,0.025117623,0.81242394,0.003691,0.03895895,0.0029541969,0.7294343,0.038479824,0.02480694,0.010851196,0.31647635,0.0010121966,"TWOGAUSSIANS_WITH_ELLIPSOIDAL_ON_ECLIPSE1",9,119.81004,0.8124539,0.003659804,0.21817014,0.016543502,0.77901626,0.03385982,0.31647635,0.0010121966,0.19411623,0.015159919,0.3288984,0.02298715
375316653866487564,4165371158974658688,0.56545264,2390.3751548478535,1.109272211385482,9.281783E-6,18.98428,0.005890863,0.12869821,0.0040656496,0.030702364,0.0039833696,0.91451305,0.16770978,0.61703277,0.0057383394,0.042684037,0.0059599224,0.15053718,0.02466181,null,null,null,null,"TWOGAUSSIANS",8,3.0843775,0.12869821,0.0040656496,0.17193323,0.022306869,0.91451305,0.16770978,0.61703277,0.0057383394,0.2390306,0.033375565,0.15053718,0.02466181
375316653866487564,4165371953540825216,0.4904485,2397.208605489326,3.252451427867418,2.7605762E-5,19.656597,0.012549064,0.25048715,0.00788861,0.06744581,0.009992257,0.22994144,0.015459635,0.7546944,0.0075878217,0.07610968,0.009501013,0.26479962,0.018710807,null,null,null,null,"TWOGAUSSIANS",8,2.0836325,0.7546944,0.0075878217,0.4,0.0035072286,0.26376292,0.018626798,0.25048715,0.00788861,0.3776965,0.04550422,0.22890474,0.014888659
375316653866487564,4165380302966567936,0.5500682,2293.7120712233254,2.9111842210261094,1.2252233E-5,16.782246,0.017170059,0.27115104,0.0033851312,0.104369015,0.00953526,0.22304855,0.01555999,0.777576,0.003284872,0.09501833,0.009810377,0.23114447,0.013862965,null,null,null,null,"TWOGAUSSIANS",8,9.463191,0.777576,0.0032927103,0.4,0.0,0.21314684,0.011098072,0.27115104,0.0033851312,0.4,0.0,0.20504658,0.009396021
375316653866487564,4165380401741799936,0.48002085,2284.04375719682,1.4661991131880054,2.4055475E-5,18.796484,0.005818712,0.20959818,0.0057457923,0.060730748,0.00953541,0.058941662,0.00806374,0.71847296,0.0044572004,0.055169925,0.005706429,0.13929558,0.010725624,null,null,null,null,"TWOGAUSSIANS",8,1.2933396,0.71847296,0.0044572004,0.3089516,0.031956002,0.1392841,0.010723773,0.20959818,0.0057457923,0.34009218,0.0533983,0.05893018,0.008062132
375316653866487564,4165382192742111744,0.46572146,2285.5409776852175,2.812168742186711,2.6086542E-5,19.628647,0.010692281,null,null,null,null,null,null,null,null,null,null,null,null,0.13532223,0.014059351,0.29200348,0.011014111,"ELLIPSOIDAL",4,3.8036156,null,null,null,null,null,null,null,null,null,null,null,null
375316653866487564,4165382364540848000,0.47452638,2275.498430850997,3.1421537690292602,3.2344433E-5,19.411386,0.060869772,0.31798008,0.016512342,0.10323473,0.029878737,0.23893772,0.059555102,0.80983967,0.0072234343,0.10821925,0.02320678,0.27764985,0.059228834,null,null,null,null,"TWOGAUSSIANS",8,2.0954182,0.80983967,0.007223555,0.4,0.0,0.24891393,0.03729214,0.31799006,0.016537227,0.4,0.0,0.21021128,0.025087412
375316653866487564,4165384456188164608,0.59944546,2287.9191957968783,2.335238161319773,1.3377445E-5,18.00197,0.007162027,0.23715311,0.00248627,0.0875558,0.0042974483,0.28752849,0.0066112485,0.738153,0.0042080907,0.09042001,0.0038287751,0.35965222,0.015010098,null,null,null,null,"TWOGAUSSIANS",8,2.5629575,0.738153,0.0042080907,0.4,0.0,0.34740442,0.01418475,0.23715311,0.00248627,0.4,0.0,0.27528077,0.0049126614
375316653866487564,4165387754723086848,0.46990088,2326.8098579899706,1.829858524940438,5.4886943E-5,17.667406,0.0038303146,0.7652466,0.010316035,0.016939772,0.012185649,0.050308827,0.022928389,null,null,null,null,null,null,0.034445114,0.004582996,0.7652466,0.010316035,"ONEGAUSSIAN_WITH_ELLIPSOIDAL",6,5.7834773,0.7652466,0.010316035,0.09486272,0.06823964,0.11919891,0.025233777,null,null,null,null,null,null
375316653866487564,4165391671738476928,0.5195457,2323.1644693964527,3.2391176062139415,7.036635E-5,19.907248,0.0102105085,0.21221098,0.0018747767,0.0333264,0.0051461887,0.93003625,0.19035359,0.55416447,0.014713441,0.02609079,0.006760189,0.16049056,0.06684328,null,null,null,null,"TWOGAUSSIANS",8,3.0016987,0.21221098,0.0018747767,0.18662784,0.028818656,0.93003625,0.19035359,0.55416447,0.014713441,0.14610842,0.037857056,0.16049056,0.06684328
375316653866487564,4165398131368720896,0.51131845,2308.449120749301,3.561739889865501,4.8174028E-5,18.241764,0.027015895,0.26682273,0.010794975,0.083184265,0.01406412,0.24673149,0.032603372,0.7614932,0.0068334066,0.09892424,0.016440969,0.31365547,0.045221373,null,null,null,null,"TWOGAUSSIANS",8,14.5300865,0.7614932,0.0068334066,0.4,0.0,0.30173773,0.04752877,0.26682273,0.010794975,0.4,0.0,0.2348156,0.023753239
375316653866487564,4165398268807834240,0.47695252,2288.568099709014,0.7733649266137531,5.788744E-5,19.72442,0.009571886,0.6272593,0.006980859,0.011704072,0.004971479,0.39438492,0.24350436,0.5108789,0.028181812,0.0870143,0.037093922,0.09344314,0.018580813,null,null,null,null,"TWOGAUSSIANS",8,1.9233125,0.62705934,0.007129491,0.0655428,0.027840283,0.43264803,0.25944388,0.5108789,0.028181812,0.4,0.0,0.09344313,0.018582802
375316653866487564,4165398303167427584,0.52262956,2299.8076594237964,2.6037253331168855,2.0433325E-5,19.107012,0.00940623,0.14375654,0.015264721,0.07573693,0.009532094,0.25444278,0.021823766,0.6463177,0.0075663007,0.08095493,0.0073817205,0.26404738,0.017617054,null,null,null,null,"TWOGAUSSIANS",8,1.8591237,0.6463177,0.0075663007,0.4,0.0,0.26102084,0.017635608,0.14375654,0.015264721,0.4,0.020351833,0.25141624,0.020235475
375316653866487564,4165400708347286912,0.49524218,2296.8894045397,0.8392035537714503,2.2130433E-5,18.598785,0.0026957053,0.37919593,6.433208E-6,0.018235873,3.2541086E-4,0.19515546,8.351144E-4,0.8703861,0.00428759,0.030265331,0.002829357,0.18937299,0.030516235,null,null,null,null,"TWOGAUSSIANS",8,1.8840961,0.37919593,6.433208E-6,0.10212089,0.0018223008,0.19515546,8.351144E-4,0.8703861,0.00428759,0.16948585,0.0158444,0.18937299,0.030516235
375316653866487564,4165404144322953472,0.532102,2320.201627161473,2.3020994993695454,4.2488587E-5,19.093332,0.0041756267,0.26307762,0.004620316,0.01571617,0.0021226616,0.5230433,0.1616747,0.7155698,0.028957006,0.0093718115,0.01576954,0.25885025,0.46751216,null,null,null,null,"TWOGAUSSIANS",8,1.8363107,0.26307762,0.004620316,0.08801055,0.011886904,0.5230433,0.1616747,0.7155698,0.028957006,0.052482147,0.08830942,0.25885025,0.46751216
375316653866487564,4165404526582261120,0.49405128,2294.866593197587,0.7349593226016873,2.2210843E-5,19.518827,0.01105344,0.27213344,0.011563146,0.032249194,0.0068723653,0.15324211,0.016659968,0.763672,0.030121397,0.033907495,0.057479337,0.8143292,0.77310514,null,null,null,null,"TWOGAUSSIANS",8,2.2185297,0.763672,0.030121397,0.18988198,0.20953828,0.8143292,0.77312744,0.27213344,0.011563146,0.18059549,0.038485248,0.15324211,0.016651627
375316653866487564,4165404900237228544,0.44865975,2300.610705513526,1.7753847017598734,1.1288972E-4,18.641926,0.033365984,0.253172,0.01859068,0.116650745,0.053100087,0.09854762,0.027103713,0.753797,0.017129745,0.08517822,0.03437366,0.09047038,0.03003736,null,null,null,null,"TWOGAUSSIANS",8,2.5168524,0.253172,0.01859068,0.4,0.0,0.08989461,0.009084203,0.753797,0.017134868,0.4,0.0,0.081837565,0.017781366
375316653866487564,4165411089291899520,0.47976074,2298.375444414306,1.652140550645269,2.6585036E-5,17.20039,0.24127345,0.23170942,0.0037345283,0.066062905,0.015496804,0.34443045,0.08793567,0.74359787,0.01742635,0.26768664,0.165947,0.19536017,0.23459764,null,null,null,null,"TWOGAUSSIANS",8,16.648928,0.23133941,0.0037448015,0.36995226,0.081572495,0.3052123,0.10903619,0.74359787,0.01742635,0.4,0.0,0.08805814,0.012387955
375316653866487564,4165413872432376192,0.49992293,2258.7878524071357,4.225526115866732,1.5149941E-5,17.56399,0.0029327697,null,null,null,null,null,null,null,null,null,null,null,null,0.06990293,0.005241463,0.26772147,0.004678695,"ELLIPSOIDAL",4,6.6403637,null,null,null,null,null,null,null,null,null,null,null,null
375316653866487564,4165415006303872768,0.578995,2325.6426437993096,1.0322060534423447,8.532663E-6,17.091837,0.033014923,0.3295042,9.110498E-4,0.106520146,0.009281824,0.19201519,0.03186411,0.83357966,0.0050601414,0.12790594,0.02999937,0.137787,0.02622172,null,null,null,null,"TWOGAUSSIANS",8,1.8719691,0.32947418,8.891344E-4,0.4,0.0,0.1608121,0.0033340275,0.8335897,0.0050668255,0.4,0.0,0.10645691,0.009572678
375316653866487564,4165415624766250368,0.5316665,2234.3297854998355,3.083161417242113,1.4226047E-5,19.75141,0.013648217,0.2798534,0.011351423,0.07675333,0.010330395,0.45818174,0.03841739,0.7211534,5.0884945E-4,0.027930034,0.0013106618,0.33561692,0.014859967,null,null,null,null,"TWOGAUSSIANS",8,2.8797016,0.2798534,0.011351423,0.4,0.0,0.45818126,0.03841718,0.7211534,5.0884945E-4,0.15640819,0.007339706,0.33561644,0.014859501
375316653866487564,4165416518118726144,0.50155026,2279.646315990788,0.21303903940037727,1.0030957E-4,19.062088,0.23039146,0.28386155,0.07219921,0.15378344,0.13202046,0.26468667,0.22012205,0.6807077,0.01900834,0.10982959,0.040382415,0.60572356,0.4164983,null,null,null,null,"TWOGAUSSIANS",8,3.5332103,0.6807077,0.01900834,0.4,0.0,0.56347245,0.45621657,0.28670156,0.07468257,0.4,0.0,0.21376419,0.031054433
375316653866487564,4165417308404457600,0.5132961,2275.775601373746,1.3887738129290341,2.5953748E-5,18.739033,0.021091316,0.28839386,0.010984961,0.0990999,0.015399761,0.24110356,0.023128718,0.7790557,0.005396434,0.090970114,0.011800023,0.20055059,0.021240309,null,null,null,null,"TWOGAUSSIANS",8,1.853274,0.28839386,0.010984961,0.4,0.0,0.22893782,0.016282517,0.7790557,0.005396434,0.4,0.0,0.1883863,0.013769055
375316653866487564,4165419193883913216,0.5409554,2265.1045633681456,2.8923260664004897,2.6700189E-5,17.504076,0.047158312,0.29979068,0.007837268,0.11059438,0.020567248,0.20180078,0.045999974,0.7898057,0.005413749,0.123932794,0.023570122,0.21547158,0.044188943,null,null,null,null,"TWOGAUSSIANS",8,4.21845,0.7898057,0.005413749,0.4,0.0,0.17627028,0.00736441,0.2998707,0.0078076054,0.4,0.0,0.16271581,0.013692886
375316653866487564,4165419606200700672,0.60116476,2277.2719079092244,1.2268033795760744,2.4917583E-5,16.321724,0.027763693,0.22538486,0.0030637064,0.053331852,0.017008355,0.1523089,0.052483797,0.7273562,0.0066800397,0.06325874,0.006050768,0.62614876,0.066616856,0.05244333,0.031039475,0.22538486,0.0030637064,"TWOGAUSSIANS_WITH_ELLIPSOIDAL_ON_ECLIPSE1",9,37.638,0.7273562,0.0066423626,0.3542489,0.033884298,0.7308021,0.07318887,0.22538486,0.0030637064,0.29865837,0.09524679,0.2569783,0.012501226
375316653866487564,4165419610495394048,0.514776,2271.164910622372,2.7222871151263868,3.6981142E-5,19.53643,0.04467373,0.2668216,0.009543787,0.08006824,0.01815383,0.22701867,0.044812582,0.7877222,0.013436038,0.06823209,0.02580661,0.2385831,0.036210302,null,null,null,null,"TWOGAUSSIANS",8,2.299587,0.7877222,0.013436038,0.38209972,0.06315292,0.23761395,0.02616987,0.2668216,0.009543787,0.4,0.0,0.22604953,0.03409383
375316653866487564,4165420400780968448,0.5061687,2244.0515549861093,2.660604255329757,2.7514368E-5,18.31754,0.10585341,0.30497485,0.016688954,0.089740306,0.02959834,0.5365275,0.118147865,0.81791914,0.0061496086,0.08882258,0.0208414,0.4633139,0.10655303,null,null,null,null,"TWOGAUSSIANS",8,26.893183,0.30497485,0.016697807,0.4,0.0,0.5204243,0.07386511,0.81791914,0.0061306464,0.4,0.0,0.44721073,0.07542811
