Gaia/vari_eclipsing_binary/VariEclipsingBinary_596978-597037.csv
# %ECSV 1.0
# ---
# delimiter: ','
# meta: !!omap
# - RELEASE: Gaia DR3
# - TABLE: vari_eclipsing_binary
# - DESCRIPTION: >
#     This table describes the properties of the eclipsing binaries resulting from the variability analysis. 
# - CITATION: >
#     How to cite and acknowledge Gaia: 
#     https://gea.esac.esa.int/archive/documentation/credits.html 
# - KNOWN_ISSUES: >
#     Known issues: 
#     https://www.cosmos.esa.int/web/gaia-users/known-issues 
# - DOCUMENTATION: >
#     Tutorials and documentation: 
#     https://www.cosmos.esa.int/web/gaia-users/archive 
# datatype:
# - 
#   name: solution_id
#   datatype: int64
#   description: Solution Identifier
#   meta:
#     ucd: meta.version
# - 
#   name: source_id
#   datatype: int64
#   description: Unique source identifier
#   meta:
#     ucd: meta.id;meta.main
# - 
#   name: global_ranking
#   datatype: float32
#   description: Number between 0 (worst) and 1 (best)
#   meta:
#     ucd: stat.param
# - 
#   name: reference_time
#   datatype: float64
#   unit: d
#   description: Reference time used for the geometric model fit
#   meta:
#     ucd: time.epoch
# - 
#   name: frequency
#   datatype: float64
#   unit: d**-1
#   description: Frequency of geometric model of the eclipsing binary light curve
#   meta:
#     ucd: src.orbital
# - 
#   name: frequency_error
#   datatype: float32
#   unit: d**-1
#   description: "Uncertainty of \\texttt{frequency}"
#   meta:
#     ucd: stat.error
# - 
#   name: geom_model_reference_level
#   datatype: float32
#   unit: mag
#   description: Magnitude reference level of geometric model
#   meta:
#     ucd: phot.mag;em.opt
# - 
#   name: geom_model_reference_level_error
#   datatype: float32
#   unit: mag
#   description: "Uncertainty of \\texttt{geomModelReferenceLevel}"
#   meta:
#     ucd: stat.error;phot.mag;em.opt
# - 
#   name: geom_model_gaussian1_phase
#   datatype: float32
#   description: Phase of the Gaussian 1 component
#   meta:
#     ucd: time.phase
# - 
#   name: geom_model_gaussian1_phase_error
#   datatype: float32
#   description: "Uncertainty of \\texttt{geomModelGaussian1Phase}"
#   meta:
#     ucd: stat.error;time.phase
# - 
#   name: geom_model_gaussian1_sigma
#   datatype: float32
#   description: "Standard deviation [phase] of Gaussian 1 component"
#   meta:
#     ucd: stat.stdev
# - 
#   name: geom_model_gaussian1_sigma_error
#   datatype: float32
#   description: "Uncertainty of \\texttt{geomModelGaussian1Sigma}"
#   meta:
#     ucd: stat.error
# - 
#   name: geom_model_gaussian1_depth
#   datatype: float32
#   unit: mag
#   description: Magnitude depth of Gaussian 1 component
#   meta:
#     ucd: src.var.amplitude
# - 
#   name: geom_model_gaussian1_depth_error
#   datatype: float32
#   unit: mag
#   description: "Uncertainty of \\texttt{geomModelGaussian1Depth}"
#   meta:
#     ucd: stat.error;src.var.amplitude
# - 
#   name: geom_model_gaussian2_phase
#   datatype: float32
#   description: Phase of Gaussian 2 component
#   meta:
#     ucd: time.phase
# - 
#   name: geom_model_gaussian2_phase_error
#   datatype: float32
#   description: "Uncertainty of \\texttt{geomModelGaussian2Phase}"
#   meta:
#     ucd: stat.error;time.phase
# - 
#   name: geom_model_gaussian2_sigma
#   datatype: float32
[...]
#   datatype: float32
#   description: "Secondary eclipse: uncertainty of \\texttt{derivedSecondaryEclDuration}"
#   meta:
#     ucd: stat.error;time.duration
# - 
#   name: derived_secondary_ecl_depth
#   datatype: float32
#   unit: mag
#   description: "Secondary eclipse: depth"
#   meta:
#     ucd: src.var.amplitude
# - 
#   name: derived_secondary_ecl_depth_error
#   datatype: float32
#   unit: mag
#   description: "Secondary eclipse: uncertainty of \\texttt{derivedSecondaryEclDepth}"
#   meta:
#     ucd: stat.error;src.var.amplitude
solution_id,source_id,global_ranking,reference_time,frequency,frequency_error,geom_model_reference_level,geom_model_reference_level_error,geom_model_gaussian1_phase,geom_model_gaussian1_phase_error,geom_model_gaussian1_sigma,geom_model_gaussian1_sigma_error,geom_model_gaussian1_depth,geom_model_gaussian1_depth_error,geom_model_gaussian2_phase,geom_model_gaussian2_phase_error,geom_model_gaussian2_sigma,geom_model_gaussian2_sigma_error,geom_model_gaussian2_depth,geom_model_gaussian2_depth_error,geom_model_cosine_half_period_amplitude,geom_model_cosine_half_period_amplitude_error,geom_model_cosine_half_period_phase,geom_model_cosine_half_period_phase_error,model_type,num_model_parameters,reduced_chi2,derived_primary_ecl_phase,derived_primary_ecl_phase_error,derived_primary_ecl_duration,derived_primary_ecl_duration_error,derived_primary_ecl_depth,derived_primary_ecl_depth_error,derived_secondary_ecl_phase,derived_secondary_ecl_phase_error,derived_secondary_ecl_duration,derived_secondary_ecl_duration_error,derived_secondary_ecl_depth,derived_secondary_ecl_depth_error
[from data line 404]
375316653866487564,5251355357753556096,0.5864914,2231.931588564727,2.6599333707649144,9.541194E-6,18.530926,0.008653064,0.25680542,0.0019242187,0.080374874,0.002704978,0.3671032,0.0091440845,0.75214726,0.0037444395,0.083388284,0.0032889685,0.38057137,0.018359553,null,null,null,null,"TWOGAUSSIANS",8,1.779354,0.75214726,0.0037444395,0.4,0.0,0.37409127,0.018085957,0.25680542,0.0019242187,0.4,0.0,0.3606231,0.007867218
375316653866487564,5251355396426611072,0.6069327,2268.6556433033147,0.26342053174488306,5.3771582E-5,13.452849,0.0025954382,0.36177927,0.010335038,0.017577257,0.0053059906,0.31123692,0.07269871,0.85732114,0.013286892,0.01730095,0.014345641,0.26083738,16.172209,0.0023708374,0.0040296135,0.36177927,0.010335038,"TWOGAUSSIANS_WITH_ELLIPSOIDAL_ON_ECLIPSE1",9,38.127914,0.36177927,0.010335038,0.09843264,0.029713547,0.3159786,0.070543565,0.85732114,0.013286892,0.09688532,0.08033559,0.26557532,16.174595
375316653866487564,5251355667001390208,0.5509811,2208.096542076899,0.12455382849983056,2.2463455E-5,16.999714,0.0030251439,0.3442593,0.0018475902,0.0071872957,0.0020509423,0.4381432,0.0782561,0.83199316,0.0025285657,0.017115535,0.0028938544,0.11531218,0.043355435,null,null,null,null,"TWOGAUSSIANS",8,14.642764,0.3442593,0.0018475902,0.040248856,0.011485277,0.4381432,0.0782561,0.83199316,0.0025285657,0.095847,0.016205585,0.11531218,0.043355435
375316653866487564,5251358042106813952,0.50007707,2167.1476771286266,2.9623602371556528,2.2270653E-5,19.31146,0.03153812,0.26145965,0.0057471283,0.10067949,0.01791309,0.2707989,0.024448346,0.7438197,0.01049177,0.101264805,0.015981868,0.2681,0.035353843,null,null,null,null,"TWOGAUSSIANS",8,1.7098606,0.26145965,0.0057499404,0.4,0.0,0.25063083,0.0214146,0.7438197,0.01049177,0.4,0.0,0.24793147,0.027127447
375316653866487564,5251359141637404928,0.45057246,2196.096461254966,3.1461767438666826,2.691044E-5,18.961748,0.02784528,0.20136318,0.011321894,0.10213583,0.026873494,0.18443373,0.04328634,0.685827,0.007854413,0.07225369,0.014907142,0.21814752,0.06281131,null,null,null,null,"TWOGAUSSIANS",8,6.01577,0.685827,0.007854413,0.4,0.04577388,0.21323925,0.06254458,0.20136318,0.011321894,0.4,0.0,0.17952253,0.04412094
375316653866487564,5251359863191955072,0.4623813,2222.0688965920535,0.370728452557107,5.7800753E-5,17.668118,0.012443251,0.2817749,0.011255577,0.14107582,0.028087337,0.09565613,0.013205063,0.7643214,0.006362742,0.042518254,0.01166554,0.033491164,0.012166847,null,null,null,null,"TWOGAUSSIANS",8,3.849759,0.2817749,0.011255577,0.4,0.0,0.09321885,0.01232898,0.7643214,0.006362742,0.23810221,0.065327026,0.03144405,0.009933171
375316653866487564,5251360481645700608,0.6158122,2178.4894032356624,0.46511509037903176,3.8169865E-6,18.232504,0.005716505,0.20940425,0.0067586065,0.03238939,0.004721767,0.33253267,0.025110641,0.70456314,0.0072938334,0.026856726,0.0034017223,0.83577704,0.11717338,null,null,null,null,"TWOGAUSSIANS",8,5.656312,0.70456314,0.0072938334,0.15039767,0.019049644,0.83577704,0.11717338,0.20940425,0.0067586065,0.18138058,0.026441893,0.33253267,0.025110641
375316653866487564,5251360649151569536,0.5260779,2178.3207915625653,3.049500779573085,1.6686548E-5,17.488972,0.01735078,0.18939863,0.004748141,0.09601988,0.009810196,0.24347422,0.023428028,0.69384646,0.003722271,0.094154246,0.008622086,0.23594567,0.018377503,null,null,null,null,"TWOGAUSSIANS",8,10.734425,0.18939863,0.004748141,0.4,0.0,0.22925629,0.022058114,0.69384646,0.003722271,0.4,0.0,0.22172804,0.014111159
375316653866487564,5251360756545094656,0.48854527,2189.846805389015,0.22257515295949534,1.2314709E-5,17.499073,0.003419563,0.21821357,1.7419821E-4,0.023718324,6.5455027E-4,0.22100359,0.0025975031,0.52007705,0.01320562,0.0457911,0.011664093,0.038239628,0.011105796,null,null,null,null,"TWOGAUSSIANS",8,6.395249,0.21821357,1.7419821E-4,0.1328226,0.0036654815,0.22100359,0.0025975034,0.52007705,0.01320562,0.25643018,0.06531892,0.038239628,0.011105796
375316653866487564,5251361684258032640,0.59002423,2195.184219319216,0.964334076784997,1.0566308E-5,14.530351,0.0035610076,0.17377554,0.010928621,0.039448097,0.011775615,0.052099112,0.022671636,0.6785349,0.0010530744,0.036595184,5.966034E-4,0.8391735,0.029909505,null,null,null,null,"TWOGAUSSIANS",8,86.421104,0.6785349,0.0010530744,0.20493305,0.0033409789,0.8391735,0.029909505,0.17377554,0.010928621,0.22090934,0.06594344,0.052099112,0.022671638
375316653866487564,5251361783023007232,0.57016265,2190.503061026175,3.8168534106922567,9.596981E-6,17.282782,0.021666061,0.2573706,0.0046449746,0.045436002,0.012715312,0.27987894,0.022738798,0.76325065,0.007921176,0.041502964,0.0083098,0.19887444,0.04762396,0.11787622,0.022589989,0.2573706,0.0046449746,"TWOGAUSSIANS_WITH_ELLIPSOIDAL_ON_ECLIPSE1",9,26.364532,0.2573706,0.0046449746,0.25444162,0.07120575,0.51563114,0.025220025,0.76325065,0.007746594,0.2324166,0.04653488,0.43430498,0.011933262
375316653866487564,5251361821675476864,0.48842883,2156.3065593922074,0.7055451381727704,2.9796705E-5,19.414291,0.003455542,0.25569114,8.142107E-4,0.0190923,0.006618517,0.50924844,6.7104993,0.54863703,0.01535078,0.028515942,0.01493305,0.26957887,0.1727277,null,null,null,null,"TWOGAUSSIANS",8,1.3101209,0.25569114,8.142107E-4,0.10691688,0.037063695,0.50924844,6.7104993,0.54863703,0.01535078,0.15968928,0.08362508,0.26957887,0.1727277
375316653866487564,5251362508870417920,0.44960117,2181.7706039152654,3.823366136635258,2.5819932E-5,19.50053,0.10949019,0.38590717,0.008974175,0.096993946,0.028335461,0.26327434,0.09735394,0.8708956,0.011938328,0.13469884,0.045502357,0.24158908,0.10340093,null,null,null,null,"TWOGAUSSIANS",8,2.517094,0.38609716,0.008952206,0.4,0.0,0.22223496,0.023529949,0.8708956,0.011938328,0.4,0.0,0.20001887,0.02959612
375316653866487564,5251363161726838656,0.59754664,2182.6989815914044,3.389546061415999,2.0166724E-5,18.287043,0.01575845,0.28615957,0.0031168389,0.04570389,0.007823424,0.57999593,0.04771872,0.78731704,0.004318322,0.045406483,0.0054586437,0.39644095,0.059934378,0.112706974,0.025848811,0.28615957,0.0031168389,"TWOGAUSSIANS_WITH_ELLIPSOIDAL_ON_ECLIPSE1",9,6.826799,0.28615957,0.0031168389,0.25594178,0.04381118,0.80540943,0.04799427,0.78731704,0.0042694607,0.2542763,0.030568404,0.62184256,0.054073133
375316653866487564,5251363814566531840,0.58009446,2183.536071566246,2.766994028549366,7.861818E-6,17.151398,0.01752278,0.2296595,0.0035462172,0.0939519,0.0053212955,0.34426352,0.018096384,0.7266078,0.0026060252,0.09758728,0.005718066,0.3266994,0.017524065,null,null,null,null,"TWOGAUSSIANS",8,7.6752415,0.2296595,0.0035462172,0.4,0.0,0.32296658,0.010613761,0.7266078,0.0026060252,0.4,0.0,0.30540162,0.009639016
375316653866487564,5251363913326934400,0.63390654,2167.2034862413175,1.3287428957642156,2.3926024E-5,17.592762,0.013734504,0.2605289,0.01002808,0.03434092,0.015906034,0.15069918,0.028975042,0.76201457,0.0073629934,0.03685501,0.005191386,0.84899014,0.044881977,0.065920785,0.018522862,0.2605289,0.01002808,"TWOGAUSSIANS_WITH_ELLIPSOIDAL_ON_ECLIPSE1",9,15.767775,0.76201457,0.0073489766,0.20638806,0.029071763,0.9808202,0.041967224,0.2605289,0.01002808,0.19230916,0.089073785,0.28254074,0.017564248
375316653866487564,5251364364298965888,0.45470405,2219.5136770519816,3.9376337430955544,4.2526695E-5,18.989439,0.31102133,0.26691413,0.009261155,0.12827063,0.056511316,0.23854516,0.26651442,0.76332366,0.0090540275,0.1561356,0.1185181,0.19606954,0.3059445,null,null,null,null,"TWOGAUSSIANS",8,2.0669267,0.2671441,0.009255593,0.4,0.0,0.15274015,0.010205106,0.76332366,0.0090540275,0.4,0.0,0.1081733,0.01048027
375316653866487564,5251365566909061760,0.6115395,2246.767015969315,2.5249428800237683,2.916415E-6,16.054594,0.004571162,0.2690689,9.752205E-4,0.047619276,0.0030743126,0.15526073,0.010262848,0.7649558,0.0048665088,0.047833826,0.0042094816,0.15970382,0.012983379,0.10099026,0.0062596756,0.2690689,9.752205E-4,"TWOGAUSSIANS_WITH_ELLIPSOIDAL_ON_ECLIPSE1",9,14.432342,0.76571584,0.003958345,0.26786944,0.023573097,0.36157423,0.009783322,0.2690689,9.752205E-4,0.26666796,0.01721615,0.35724095,0.008600098
375316653866487564,5251365700034765952,0.52810234,2232.2323372882206,3.2913885678022323,3.4012344E-5,18.211359,0.012329867,0.26214904,0.0078762835,0.08688862,0.012433764,0.13563246,0.012901917,0.75432765,0.008654546,0.099223204,0.011106681,0.15879712,0.015715668,null,null,null,null,"TWOGAUSSIANS",8,2.2714114,0.75432765,0.008654546,0.4,0.0,0.15168037,0.0128891235,0.26214904,0.0078762835,0.4,0.0,0.12851673,0.008826925
375316653866487564,5251365738707225216,0.56555104,2224.039970416451,0.4625379316240395,1.4288241E-5,13.620056,4.326583E-4,0.36656737,0.011034247,0.026918495,0.026157722,0.016208312,1.1432105E10,0.6850749,0.0029172015,0.013871464,0.0028948125,0.26143712,0.19092669,0.010159252,7.497321E-4,0.6850749,0.0029172015,"TWOGAUSSIANS_WITH_ELLIPSOIDAL_ON_ECLIPSE2",9,5.5720334,0.6850749,0.0029172015,0.0776802,0.016210949,0.2817556,0.19104041,0.36196736,0.008015517,0.15074357,0.14648324,0.019967403,1.1432105E10
375316653866487564,5251366666401799040,0.5068665,2253.8291754846227,2.7200975177586786,1.7919232E-5,19.142363,0.012377669,0.25130212,0.0036989166,0.08086197,0.0066360976,0.34439516,0.018339086,0.76013726,0.0075088865,0.07509178,0.0075319745,0.24472536,0.021127084,null,null,null,null,"TWOGAUSSIANS",8,3.2895892,0.25130212,0.0036989166,0.4,0.0,0.34154856,0.018529732,0.76013726,0.0075088865,0.4,0.0019146291,0.24187875,0.020794732
375316653866487564,5251367319234284672,0.45181486,2227.575041938025,0.08475302795189062,2.5192954E-4,18.046366,0.007965289,0.35011742,0.13877502,0.038244657,0.0278933,0.7959646,0.71970373,null,null,null,null,null,null,null,null,null,null,"ONEGAUSSIAN",5,39.511215,0.35011742,0.13877502,0.21417007,0.15620248,0.7959646,0.0,null,null,null,null,null,null
375316653866487564,5251368350047437184,0.5271549,2175.1939251353665,0.6910608953508535,1.4833594E-5,16.045666,0.0033132674,0.16258715,0.0015094591,0.046285734,0.0022196271,0.13996603,0.004989015,0.683665,0.007293741,0.064427935,0.012335635,0.40876713,0.20098539,null,null,null,null,"TWOGAUSSIANS",8,21.017796,0.683665,0.007293741,0.36079642,0.060348976,0.40875918,0.20101526,0.16258715,0.0015094591,0.25920013,0.012429913,0.13995807,0.0049810465
375316653866487564,5251369277760309632,0.59503144,2190.8473513903305,2.333237611145823,3.3496356E-6,16.22029,0.006226173,0.19830625,0.002082599,0.059255134,0.005710101,0.097429186,0.01497886,0.69666517,0.0027518712,0.05347498,0.0062921736,0.100747965,0.0136629585,0.048752762,0.008310824,0.19830625,0.002082599,"TWOGAUSSIANS_WITH_ELLIPSOIDAL_ON_ECLIPSE1",9,6.720863,0.69695514,0.0022235569,0.2994599,0.035236172,0.19822992,0.009540196,0.19830625,0.002082599,0.33182877,0.031976566,0.19491965,0.0059727784
375316653866487564,5251369999314793856,0.58286595,2214.2337054208374,2.3506892452413446,8.322883E-6,16.5753,0.009073428,0.26329216,0.0028129471,0.09295562,0.005371982,0.2368389,0.008248951,0.7599386,0.0019920173,0.084229276,0.003726408,0.3000546,0.011692848,null,null,null,null,"TWOGAUSSIANS",8,7.4509563,0.7599386,0.0019920173,0.4,0.0,0.2907118,0.011296338,0.26329216,0.0028129471,0.4,0.0,0.22749583,0.005171906
375316653866487564,5251370033652717440,0.42917857,2149.5131597912523,2.9201165244406906,9.5118805E-5,18.723644,0.089041896,0.33026183,0.013392557,0.101467565,0.03310852,0.18476267,0.08147043,0.80326426,0.04295042,0.13079308,0.09108349,0.13610803,0.08212606,null,null,null,null,"TWOGAUSSIANS",8,7.808637,0.33050182,0.013280546,0.4,0.0,0.16169077,0.032112677,0.80326426,0.04295042,0.4,0.04284821,0.112802066,0.022530632
375316653866487564,5251370136753605504,0.62262243,2165.308411581467,2.958068119549804,3.9728347E-6,16.762297,0.012154463,0.1604598,0.0013840601,0.05279512,0.004022762,0.36261174,0.022255111,0.64718556,0.0024563028,0.060968142,0.0036388873,0.320129,0.028301086,0.09291219,0.01605603,0.1604598,0.0013840601,"TWOGAUSSIANS_WITH_ELLIPSOIDAL_ON_ECLIPSE1",9,13.830533,0.1604598,0.0013840601,0.29565266,0.022527467,0.54840183,0.0194102,0.64911556,0.0018238152,0.3414216,0.020377768,0.50481623,0.010602916
375316653866487564,5251370411610506624,0.6072249,2162.990368206775,3.039781361812412,1.1224716E-5,19.078234,0.008441035,0.23727767,0.0046573933,0.07127132,0.0039064675,0.6634431,0.018052898,0.7274781,0.0029997781,0.073885895,0.0051458078,0.6663124,0.03627302,null,null,null,null,"TWOGAUSSIANS",8,1.9873754,0.7274781,0.0029997781,0.4,0.0,0.66352385,0.037523024,0.23727767,0.0046573933,0.3991194,0.017020345,0.66065454,0.018171908
375316653866487564,5251371030111612416,0.40251347,2172.3858645650057,0.0954567412788768,1.4159011E-5,19.165337,0.21330869,0.2666502,0.019178594,0.1720712,0.05152246,0.6769283,0.20256793,0.79405946,0.008251679,0.09574505,0.0148674585,0.6401929,0.19324324,null,null,null,null,"TWOGAUSSIANS",8,12.717467,0.26664022,0.019169632,0.4,0.0,0.4954063,0.0909643,0.79620945,0.0070123244,0.4,0.0,0.4805696,0.058748312
375316653866487564,5251371786021607936,0.5722698,2239.983922232482,1.7741395168880116,7.616821E-6,14.758107,0.10476869,0.34241852,0.002812438,0.24899226,0.022337083,0.61939895,0.10185397,0.8406111,0.0021551747,0.15522501,0.009489893,0.45879337,0.06244193,null,null,null,null,"TWOGAUSSIANS",8,13.742709,0.34287852,0.0030017646,0.4,0.0,0.12211189,0.0034519783,0.8406111,0.0021551747,0.4,0.0,0.1209575,0.0028858145
375316653866487564,5251372644992918528,0.5886284,2166.515102587847,4.253999920037107,5.5105907E-6,18.832642,0.07532704,0.31558642,0.00261865,0.05139213,0.013052464,0.46076986,0.14764665,0.8111603,0.01332621,0.045649562,0.022472654,0.50251794,0.14160004,0.10140013,0.08477902,0.31558642,0.00261865,"TWOGAUSSIANS_WITH_ELLIPSOIDAL_ON_ECLIPSE1",9,5.860333,0.81144035,0.01309615,0.25563756,0.12584686,0.70516753,0.048179764,0.31558642,0.00261865,0.28779593,0.0730938,0.6635665,0.02876946
375316653866487564,5251373813247284352,0.49305648,2193.392604759267,1.884795580001294,2.3489896E-5,18.430235,0.009020006,0.21789531,0.0063326703,0.093722954,0.013204935,0.107275516,0.00992219,0.7309837,0.0067684497,0.10437306,0.0102242185,0.13391906,0.010672092,null,null,null,null,"TWOGAUSSIANS",8,1.175632,0.7309837,0.0067684497,0.4,0.0,0.12550917,0.00875632,0.21788532,0.006335594,0.4,0.0,0.09886871,0.010095525
375316653866487564,5251374775303942784,0.50127375,2199.7023985512483,2.64210404363037,2.5302776E-5,18.591585,0.08783048,0.24492304,0.0046817386,0.10763573,0.02302768,0.30008602,0.08139764,0.75358456,0.00857841,0.113515586,0.03504144,0.27134418,0.06404399,null,null,null,null,"TWOGAUSSIANS",8,4.5923076,0.24490304,0.0046717166,0.4,0.0,0.2596984,0.017629359,0.7535946,0.008572453,0.4,0.0,0.23093471,0.034582913
375316653866487564,5251375148960324736,0.6401364,2235.7069321858016,0.2809720836870981,3.5391242E-6,17.597542,0.002297327,0.27336887,0.0049128775,0.019838024,0.0026604703,0.4445368,0.10670818,0.77632874,0.003503691,0.018736478,0.0023266056,0.4844443,0.02744187,null,null,null,null,"TWOGAUSSIANS",8,2.930713,0.77632874,0.003503691,0.104924284,0.013028991,0.4844443,0.02744187,0.27336887,0.0049128775,0.11109293,0.0148986345,0.4445368,0.10670818
375316653866487564,5251375428141098752,0.48544815,2263.6912452048878,3.074265910644931,2.9668368E-5,19.420141,0.009165007,0.26010036,0.009367454,0.086623035,0.010227371,0.19478075,0.016676024,0.7869847,0.014256971,0.09249443,0.012212441,0.16889694,0.015983101,null,null,null,null,"TWOGAUSSIANS",8,1.7547221,0.26010036,0.009367454,0.4,0.0,0.19000433,0.016719801,0.7869847,0.014256971,0.4,0.0,0.16412021,0.015228477
