Gaia/vari_eclipsing_binary/VariEclipsingBinary_360925-362746.csv
# %ECSV 1.0
# ---
# delimiter: ','
# meta: !!omap
# - RELEASE: Gaia DR3
# - TABLE: vari_eclipsing_binary
# - DESCRIPTION: >
#     This table describes the properties of the eclipsing binaries resulting from the variability analysis. 
# - CITATION: >
#     How to cite and acknowledge Gaia: 
#     https://gea.esac.esa.int/archive/documentation/credits.html 
# - KNOWN_ISSUES: >
#     Known issues: 
#     https://www.cosmos.esa.int/web/gaia-users/known-issues 
# - DOCUMENTATION: >
#     Tutorials and documentation: 
#     https://www.cosmos.esa.int/web/gaia-users/archive 
# datatype:
# - 
#   name: solution_id
#   datatype: int64
#   description: Solution Identifier
#   meta:
#     ucd: meta.version
# - 
#   name: source_id
#   datatype: int64
#   description: Unique source identifier
#   meta:
#     ucd: meta.id;meta.main
# - 
#   name: global_ranking
#   datatype: float32
#   description: Number between 0 (worst) and 1 (best)
#   meta:
#     ucd: stat.param
# - 
#   name: reference_time
#   datatype: float64
#   unit: d
#   description: Reference time used for the geometric model fit
#   meta:
#     ucd: time.epoch
# - 
#   name: frequency
#   datatype: float64
#   unit: d**-1
#   description: Frequency of geometric model of the eclipsing binary light curve
#   meta:
#     ucd: src.orbital
# - 
#   name: frequency_error
#   datatype: float32
#   unit: d**-1
#   description: "Uncertainty of \\texttt{frequency}"
#   meta:
#     ucd: stat.error
# - 
#   name: geom_model_reference_level
#   datatype: float32
#   unit: mag
#   description: Magnitude reference level of geometric model
#   meta:
#     ucd: phot.mag;em.opt
# - 
#   name: geom_model_reference_level_error
#   datatype: float32
#   unit: mag
#   description: "Uncertainty of \\texttt{geomModelReferenceLevel}"
#   meta:
#     ucd: stat.error;phot.mag;em.opt
# - 
#   name: geom_model_gaussian1_phase
#   datatype: float32
#   description: Phase of the Gaussian 1 component
#   meta:
#     ucd: time.phase
# - 
#   name: geom_model_gaussian1_phase_error
#   datatype: float32
#   description: "Uncertainty of \\texttt{geomModelGaussian1Phase}"
#   meta:
#     ucd: stat.error;time.phase
# - 
#   name: geom_model_gaussian1_sigma
#   datatype: float32
#   description: "Standard deviation [phase] of Gaussian 1 component"
#   meta:
#     ucd: stat.stdev
# - 
#   name: geom_model_gaussian1_sigma_error
#   datatype: float32
#   description: "Uncertainty of \\texttt{geomModelGaussian1Sigma}"
#   meta:
#     ucd: stat.error
# - 
#   name: geom_model_gaussian1_depth
#   datatype: float32
#   unit: mag
#   description: Magnitude depth of Gaussian 1 component
#   meta:
#     ucd: src.var.amplitude
# - 
#   name: geom_model_gaussian1_depth_error
#   datatype: float32
#   unit: mag
#   description: "Uncertainty of \\texttt{geomModelGaussian1Depth}"
#   meta:
#     ucd: stat.error;src.var.amplitude
# - 
#   name: geom_model_gaussian2_phase
#   datatype: float32
#   description: Phase of Gaussian 2 component
#   meta:
#     ucd: time.phase
# - 
#   name: geom_model_gaussian2_phase_error
#   datatype: float32
#   description: "Uncertainty of \\texttt{geomModelGaussian2Phase}"
#   meta:
#     ucd: stat.error;time.phase
# - 
#   name: geom_model_gaussian2_sigma
#   datatype: float32
[...]
#   datatype: float32
#   description: "Secondary eclipse: uncertainty of \\texttt{derivedSecondaryEclDuration}"
#   meta:
#     ucd: stat.error;time.duration
# - 
#   name: derived_secondary_ecl_depth
#   datatype: float32
#   unit: mag
#   description: "Secondary eclipse: depth"
#   meta:
#     ucd: src.var.amplitude
# - 
#   name: derived_secondary_ecl_depth_error
#   datatype: float32
#   unit: mag
#   description: "Secondary eclipse: uncertainty of \\texttt{derivedSecondaryEclDepth}"
#   meta:
#     ucd: stat.error;src.var.amplitude
solution_id,source_id,global_ranking,reference_time,frequency,frequency_error,geom_model_reference_level,geom_model_reference_level_error,geom_model_gaussian1_phase,geom_model_gaussian1_phase_error,geom_model_gaussian1_sigma,geom_model_gaussian1_sigma_error,geom_model_gaussian1_depth,geom_model_gaussian1_depth_error,geom_model_gaussian2_phase,geom_model_gaussian2_phase_error,geom_model_gaussian2_sigma,geom_model_gaussian2_sigma_error,geom_model_gaussian2_depth,geom_model_gaussian2_depth_error,geom_model_cosine_half_period_amplitude,geom_model_cosine_half_period_amplitude_error,geom_model_cosine_half_period_phase,geom_model_cosine_half_period_phase_error,model_type,num_model_parameters,reduced_chi2,derived_primary_ecl_phase,derived_primary_ecl_phase_error,derived_primary_ecl_duration,derived_primary_ecl_duration_error,derived_primary_ecl_depth,derived_primary_ecl_depth_error,derived_secondary_ecl_phase,derived_secondary_ecl_phase_error,derived_secondary_ecl_duration,derived_secondary_ecl_duration_error,derived_secondary_ecl_depth,derived_secondary_ecl_depth_error
[from data line 142]
375316653866487564,3181229022849106816,0.59262,2251.058765612321,3.707244466911533,5.866127E-6,16.598227,0.015035516,0.27065927,0.0012461812,0.041561827,0.0026152707,0.50550914,0.033819035,0.7718187,0.0019069146,0.049495704,0.0029067176,0.68123245,0.036686532,0.104490176,0.020614516,0.27065927,0.0012461812,"TWOGAUSSIANS_WITH_ELLIPSOIDAL_ON_ECLIPSE1",9,83.68338,0.7718187,0.0018819614,0.27717593,0.016277619,0.89019984,0.02339806,0.27065927,0.0012461812,0.23274623,0.014645516,0.7144876,0.019714165
375316653866487564,3181270941730188928,0.56312585,2239.654934092859,3.4597275566970516,1.5054527E-5,13.84838,0.006669939,0.22328101,0.003727483,0.05729254,0.0074875145,0.110153876,0.014463829,0.730492,0.0035603587,0.05194746,0.008375656,0.07347418,0.015401826,0.027771965,0.008673,0.730492,0.0035603587,"TWOGAUSSIANS_WITH_ELLIPSOIDAL_ON_ECLIPSE2",9,47.00127,0.224111,0.0032245403,0.3208382,0.04193008,0.16559169,0.005550789,0.730492,0.0035603587,0.29090577,0.04690367,0.1290128,0.005239323
375316653866487564,3181300284946727168,0.5969127,2250.7682596924483,3.697044225808488,8.832872E-6,16.278063,0.011802909,0.29566345,0.001236937,0.047885325,0.004624045,0.37802437,0.020390276,0.7924414,0.002818185,0.049187988,0.0052439314,0.22320615,0.02817935,0.10167294,0.015848303,0.29566345,0.001236937,"TWOGAUSSIANS_WITH_ELLIPSOIDAL_ON_ECLIPSE1",9,26.368765,0.29566345,0.001236937,0.2681578,0.025894651,0.5813689,0.028687447,0.7929214,0.002370591,0.27545273,0.029366016,0.4264797,0.018057432
375316653866487564,3181375906434267008,0.5050622,2240.028005087597,2.8311205931360903,1.638661E-5,13.387075,0.90746456,0.26849172,0.008783473,0.17461665,0.119574584,0.42735392,0.8897895,0.7769795,0.0063405866,0.13631539,0.043366194,0.44759643,0.60409784,null,null,null,null,"TWOGAUSSIANS",8,465.1065,0.7783495,0.004468209,0.4,0.0,0.23595512,0.016573803,0.26803172,0.008245297,0.4,0.0,0.20250171,0.020924842
375316653866487564,3181380613718560896,0.5783055,2235.2589543242825,2.171987980444635,5.567469E-6,18.795292,0.0042310385,0.5074198,0.049540445,0.083267614,0.07263827,0.04539241,0.02796427,0.78449154,0.0014241408,0.045852866,0.0034958508,0.611075,0.06001047,null,null,null,null,"TWOGAUSSIANS",8,2.6281478,0.78449154,0.0014241408,0.25677603,0.019576766,0.6112539,0.06023307,0.5074198,0.04956048,0.4,0.03264444,0.045392383,0.028132329
375316653866487564,3181384187131360512,0.54572535,2207.236169570518,3.380373202781037,4.0290004E-5,15.966649,0.004877178,0.2720213,0.008913653,0.041672338,0.0040255343,0.15811531,0.025573136,0.3780761,0.022973806,0.18995056,0.062293075,0.016490983,0.004852536,null,null,null,null,"TWOGAUSSIANS",8,4.7277675,0.27247128,0.008751534,0.23336509,0.02254299,0.17120384,0.024554687,0.3780761,0.022973806,0.4,0.0,0.021661067,0.008956565
375316653866487564,3181403467241106560,0.5257478,2241.6536416924732,0.42504686981484296,9.564208E-6,15.5448,0.0035783069,0.21223837,0.006363935,0.0025061544,0.0042111943,0.02604457,1.396419,0.34494445,0.0029724657,0.008767802,0.003174942,0.670226,4.650403,0.016075503,0.004633777,0.21223837,0.006363935,"TWOGAUSSIANS_WITH_ELLIPSOIDAL_ON_ECLIPSE1",9,32.568016,0.34494445,0.0029724657,0.04909969,0.017779674,0.6847471,4.64997,0.21223837,0.006363935,0.014034465,0.023582688,0.058195513,1.3965191
375316653866487564,3181465314770079232,0.44828722,2241.5571432480956,1.100881153514563,5.3091935E-5,16.339453,0.003967865,0.08532436,0.004087777,0.009971723,0.004366361,0.12503372,0.10692646,0.7537725,0.0027628264,0.015022496,0.0029530341,0.16288461,0.05855825,0.016750082,0.0058904346,0.7537725,0.0027628264,"TWOGAUSSIANS_WITH_ELLIPSOIDAL_ON_ECLIPSE2",9,55.940742,0.7537725,0.0027628264,0.08412597,0.01653699,0.19638471,0.060039543,0.08546436,0.004165998,0.055841647,0.02445162,0.13309895,0.10699312
375316653866487564,3181514689714254976,0.54985267,2236.4564177815287,2.758636562041352,1.16999945E-5,13.9899025,0.011661819,0.28235614,0.0039558834,0.08004697,0.0050960095,0.32312468,0.01205051,0.77231747,0.00485561,0.08377916,0.005728726,0.3578221,0.013375722,null,null,null,null,"TWOGAUSSIANS",8,379.8924,0.77231747,0.00485561,0.4,0.0,0.35247394,0.011726823,0.28235614,0.0039558834,0.4,0.0,0.31777656,0.0093956655
375316653866487564,3181543032201868032,0.44700554,2251.006423724989,0.15213704544174445,3.0373662E-5,17.561892,0.012818279,0.29251453,0.18387383,0.109518684,0.09011636,0.040359333,0.07126061,0.6305425,0.057845667,0.07924097,0.036071464,0.195297,0.11296152,null,null,null,null,"TWOGAUSSIANS",8,6.2123055,0.6305425,0.057845667,0.4,0.14786102,0.1953241,0.0685965,0.29287452,0.18352892,0.4,0.055743076,0.04006387,0.06878882
375316653866487564,3181711536655108992,0.570216,2263.5545699583754,3.5391110907999996,6.1605974E-6,15.105668,0.005044077,0.2755063,0.004277269,0.038248938,0.009666944,0.080117844,0.015251285,0.7586191,0.0019520187,0.03204202,0.011410662,0.09455969,0.025097767,0.10379257,0.013317192,0.7586191,0.0019520187,"TWOGAUSSIANS_WITH_ELLIPSOIDAL_ON_ECLIPSE2",9,77.82496,0.7586191,0.0019520187,0.1794353,0.06389971,0.30214474,0.03327826,0.27161628,0.0031405236,0.21419406,0.054134883,0.2859083,0.015997006
375316653866487564,3181720229668888192,0.6015939,2268.0065905157408,0.11063609053873136,1.6820015E-5,15.993111,0.0016918128,0.6228574,3.9229755E-5,0.0029400366,2.733981E-5,0.4617223,0.0049020676,0.8016898,0.027197935,0.037510045,0.015013169,0.010441599,0.0036971872,null,null,null,null,"TWOGAUSSIANS",8,6.6904044,0.6228574,3.9229755E-5,0.016464205,1.5310293E-4,0.46172243,0.004902217,0.8016898,0.027197935,0.21005626,0.084073745,0.010441599,0.0036971872
375316653866487564,3181721672777896064,0.5371478,2266.3973981675445,2.3414292479794128,9.949642E-6,13.032852,0.0061436496,0.29332316,0.0020162512,0.08226379,0.0050120475,0.11936785,0.005893913,0.7839975,0.0018074404,0.08942835,0.0042768847,0.1962718,0.008162745,null,null,null,null,"TWOGAUSSIANS",8,52.734413,0.7839975,0.0018074404,0.4,0.0,0.19248818,0.00791213,0.29332316,0.0020162512,0.4,0.0,0.1155843,0.0045494614
375316653866487564,3181838633327384832,0.43194357,2244.789507836889,0.1123075329955701,2.060272E-5,19.367376,0.036312968,0.1260443,0.007899446,0.058477703,0.0061732335,0.6130082,0.08015783,0.6785596,0.023650276,0.06423588,0.01815412,0.548502,0.09548187,null,null,null,null,"TWOGAUSSIANS",8,17.196363,0.1260443,0.007899446,0.32747513,0.03457011,0.61296237,0.08012517,0.6785596,0.023650276,0.35972095,0.101663075,0.54845625,0.09548386
375316653866487564,3181847738658886272,0.53401244,2244.7264450623547,0.3569657467977528,1.2989395E-5,16.63332,0.0033370787,0.07866595,0.009469179,0.022126194,0.005399947,0.118035674,0.022721624,0.73794883,0.039622415,0.1548126,0.08718416,0.007353815,0.0033546686,null,null,null,null,"TWOGAUSSIANS",8,2.3218672,0.07862595,0.009479195,0.123906694,0.030239703,0.118609525,0.02253104,0.73794883,0.039622415,0.4,0.0,0.0072739273,0.0030214146
375316653866487564,3181856878349254272,0.5084823,2231.989679267708,1.1703000398892718,1.1367009E-5,15.649753,0.006292596,0.1532103,0.0014526078,0.022163317,9.64637E-4,0.5993589,0.039711382,0.72971123,0.04320845,0.07330528,0.042175677,0.050653234,0.018252572,null,null,null,null,"TWOGAUSSIANS",8,117.42022,0.1532103,0.0014526078,0.12411457,0.005401967,0.5993589,0.039711382,0.72971123,0.04320845,0.4,0.15192589,0.050653234,0.018252118
375316653866487564,3181858561976421504,0.48519954,2264.7096770586777,2.8210842451618583,3.2096155E-5,13.369042,1.1874678,0.28850958,0.011692668,0.100943804,0.23981747,0.12969877,1.1165953,0.7831359,0.012696067,0.104250856,0.1427355,0.15798867,0.9335954,null,null,null,null,"TWOGAUSSIANS",8,532.35345,0.7831359,0.012696067,0.4,0.0,0.14418717,0.017274335,0.28850958,0.011114792,0.4,0.0,0.1158993,0.016772663
375316653866487564,3181864334412450688,0.67978644,2245.866002864041,0.313972298053716,8.974559E-6,13.497668,0.0025187642,0.26817963,4.082125E-4,0.021292178,5.089607E-4,1.0158619,0.027678926,0.76931274,0.002189804,0.021462552,0.002090681,0.08902985,0.0080121895,0.021896958,0.0034690103,0.26817963,4.082125E-4,"TWOGAUSSIANS_WITH_ELLIPSOIDAL_ON_ECLIPSE1",9,61.553177,0.26817963,4.082125E-4,0.11923619,0.0028501798,1.0596558,0.028195241,0.76931274,0.002189804,0.1201903,0.011707814,0.1328215,0.0064788954
375316653866487564,3181920473928191872,0.62864476,2242.576250759967,4.611295962119671,2.935595E-6,19.07414,0.0067974753,0.25507638,0.001495563,0.04295283,0.0036939897,0.3603428,0.021236567,0.7584274,0.0014792017,0.045728456,0.0027635004,0.37447178,0.020289293,0.12393607,0.011515864,0.25507638,0.001495563,"TWOGAUSSIANS_WITH_ELLIPSOIDAL_ON_ECLIPSE1",9,1.0460217,0.7584274,0.0014792017,0.25607935,0.015475603,0.6222338,0.016253484,0.25507638,0.001495563,0.24053587,0.020686343,0.6082147,0.018579038
375316653866487564,3181945045438273152,0.54990757,2348.230351538126,2.9204157778465705,1.2980768E-5,18.801773,0.007873019,0.1768268,0.0027433492,0.09992797,0.004184266,0.32183373,0.01062684,0.67442137,0.0027175876,0.08503787,0.0043825326,0.34749132,0.008374014,null,null,null,null,"TWOGAUSSIANS",8,2.203322,0.67442137,0.0027175876,0.4,0.0,0.33089668,0.0075151557,0.1768268,0.0027433492,0.4,0.0,0.30523676,0.010023708
375316653866487564,3181968233964482560,0.4195521,2223.1461223953615,0.21350487895371192,1.6592054E-4,19.048742,0.021372631,0.27246296,0.018033726,0.0861828,0.02819489,0.33377713,0.06374112,0.57366496,0.047033727,0.13361588,0.032656025,0.22745964,0.045522206,null,null,null,null,"TWOGAUSSIANS",8,21.168877,0.27992296,0.016148867,0.4,0.0,0.34954378,0.07520593,0.57366496,0.047033727,0.4,0.0,0.22492033,0.045438077
375316653866487564,3182022831588771840,0.5836868,2211.3527535089374,4.2313612464231385,3.1642708E-6,19.170603,0.008930475,0.27785975,0.0026883238,0.08021057,0.0032425276,0.47958007,0.026092261,0.7895978,0.0027879232,0.07127984,0.0032017273,0.57668763,0.012412252,null,null,null,null,"TWOGAUSSIANS",8,1.7786049,0.7895978,0.0027879232,0.3991671,0.0103399195,0.5732159,0.011868599,0.27785975,0.0026883238,0.4,0.0,0.4761084,0.026377263
375316653866487564,3182031352803651456,0.5441589,2229.9121908504576,0.1569849673324943,2.6944774E-5,12.004926,0.0019507355,0.7625442,0.0019747678,0.029482342,0.0018520016,0.23194239,0.0035384397,null,null,null,null,null,null,0.022575434,0.0026133962,0.7625442,0.0019747678,"ONEGAUSSIAN_WITH_ELLIPSOIDAL",6,77.75307,0.7625442,0.0019747678,0.16510111,0.010371209,0.27709326,0.004592889,null,null,null,null,null,null
375316653866487564,3182084442896563968,0.51638144,2222.6832169083696,0.7436863531308858,3.4859884E-6,15.220723,0.0049243583,0.15336849,8.800223E-4,0.016196864,0.0013909875,0.29353085,0.02090208,0.6928365,0.01024834,0.030854182,0.009978191,0.26539946,0.10763069,null,null,null,null,"TWOGAUSSIANS",8,177.78543,0.15336849,8.800223E-4,0.09070244,0.0077895303,0.29353085,0.02090208,0.6928365,0.01024834,0.17278342,0.05587787,0.26539946,0.10763069
375316653866487564,3182122204248943616,0.59790653,2222.9985514903838,2.820602191334786,4.3328855E-6,17.5384,0.007757614,0.2891889,0.0016518363,0.077799134,0.0024199837,0.4334842,0.0086285565,0.7829728,0.002061081,0.083401434,0.0034648883,0.40884715,0.011017765,null,null,null,null,"TWOGAUSSIANS",8,4.9013195,0.2891889,0.0016518363,0.4,0.0,0.42741522,0.007727383,0.7829728,0.002061081,0.4,0.0,0.40277818,0.011228044
375316653866487564,3182138078448796288,0.5225113,2232.5769772563144,4.5340186166206236,4.543967E-5,19.519403,0.009145374,0.39906228,0.0046604266,0.012461917,0.008448823,0.89519024,6.6294336E8,0.6773953,0.025401719,0.09262643,0.019214593,0.08516276,0.022847822,null,null,null,null,"TWOGAUSSIANS",8,2.1520875,0.39907226,0.004660806,0.069786735,0.04731341,0.89612246,6.6294336E8,0.6773953,0.025401719,0.4,0.0,0.08516268,0.02284757
375316653866487564,3182192671775445248,0.5483969,2276.8102740481563,0.2184815342011164,3.9857634E-5,18.667295,0.0027517043,0.8991837,0.032694496,0.028679911,0.028291512,0.033310458,1.1458465,0.79875207,0.010979662,0.017046403,0.0058829854,0.43466637,1.2573524,null,null,null,null,"TWOGAUSSIANS",8,1.4292753,0.7987621,0.010986241,0.095459856,0.03294472,0.43473879,1.2573435,0.8991837,0.032694496,0.1606075,0.15843247,0.033310473,1.1458465
375316653866487564,3182209581063539712,0.6018584,2279.3963972238166,0.47294003761045866,2.3420343E-4,17.674265,0.0023535285,0.4029476,0.026463985,0.06838903,0.015479881,0.012695247,0.0044049444,0.6767296,0.04446628,0.030178314,0.012761602,0.50887465,0.9761349,0.003990641,0.003025416,0.6767296,0.04446628,"TWOGAUSSIANS_WITH_ELLIPSOIDAL_ON_ECLIPSE2",9,2.143513,0.6767296,0.04446628,0.16899857,0.07146497,0.5168601,0.97710854,0.3959376,0.024225146,0.38297856,0.06296486,0.012923759,0.0043935985
375316653866487564,3182366948665662976,0.58006847,2371.6593841375307,3.6000734872483675,7.8589E-6,18.773533,0.005724481,0.29283938,0.0036375497,0.07520891,0.0032848858,0.39560682,0.0067903507,0.7884116,0.002059522,0.08047759,0.0021199908,0.39395145,0.008449191,null,null,null,null,"TWOGAUSSIANS",8,2.6097035,0.29283938,0.0036375497,0.4,0.0,0.39146182,0.005753006,0.7884116,0.002059522,0.4,0.0,0.38980642,0.008015572
375316653866487564,3182369521348419840,0.5316694,2362.353040612851,2.6191595439799724,5.5097307E-6,19.033432,0.0050936555,0.22406955,0.0065940977,0.06791165,0.006290432,0.16240361,0.011568833,0.72230726,9.377303E-4,0.053048186,0.0015124712,0.36356604,0.011320899,null,null,null,null,"TWOGAUSSIANS",8,1.8483008,0.72230726,9.377303E-4,0.29706985,0.008469839,0.3634825,0.011317823,0.22406955,0.0065940977,0.38030523,0.03522642,0.16232009,0.011574598
375316653866487564,3182386671155357312,0.6575872,2309.9966094851707,2.799097632269748,6.1743544E-6,13.640191,0.008457932,0.25228736,9.230691E-4,0.0517695,0.002340869,0.30872315,0.017643498,0.75660115,8.1658224E-4,0.06331049,0.0033616067,0.3304305,0.016408918,0.10461933,0.009954171,0.75660115,8.1658224E-4,"TWOGAUSSIANS_WITH_ELLIPSOIDAL_ON_ECLIPSE2",9,156.34111,0.75660115,8.1658224E-4,0.35453874,0.018824996,0.53953224,0.010993301,0.25282735,7.81794E-4,0.28990918,0.013108866,0.5176905,0.008329751
375316653866487564,3182400930446866944,0.5336677,2336.1153392178508,3.8382059694135964,1.14284285E-5,17.037485,0.099539876,0.2265449,0.0027065459,0.14428633,0.033994798,0.19708386,0.09571888,0.7200047,0.00286909,0.13749257,0.02350784,0.23062484,0.09455032,null,null,null,null,"TWOGAUSSIANS",8,4.6154757,0.7200047,0.00286909,0.4,0.0,0.14725253,0.004021409,0.22683491,0.0024814107,0.4,0.0,0.11335642,0.004483593
375316653866487564,3182413231233054464,0.5513337,2318.0569343394677,0.37670262337920285,4.2813676E-6,13.13856,6.0161913E-4,0.21041873,0.0012969171,0.018113436,9.716647E-4,0.15927541,0.01124375,0.71887404,8.47161E-4,0.008186989,5.580395E-4,0.029863207,0.0038349743,null,null,null,null,"TWOGAUSSIANS",8,28.846613,0.21041873,0.0012969171,0.101435244,0.0054413225,0.15927541,0.01124375,0.71887404,8.47161E-4,0.04584714,0.0031250212,0.029863207,0.0038349743
375316653866487564,3182470921233765504,0.5466465,2301.3518239912114,2.9949872123968144,1.7191187E-5,17.107395,0.012066808,0.22107561,0.0030418192,0.09553039,0.0058317296,0.24987705,0.012323068,0.73027295,0.0058216485,0.09909884,0.008914103,0.29840755,0.012069077,null,null,null,null,"TWOGAUSSIANS",8,14.704291,0.73027295,0.0058216485,0.4,0.0,0.28056535,0.0062559266,0.22107561,0.0030416702,0.4,0.0,0.23203617,0.008860933
