Gaia/vari_eclipsing_binary/VariEclipsingBinary_603166-603218.csv
# %ECSV 1.0
# ---
# delimiter: ','
# meta: !!omap
# - RELEASE: Gaia DR3
# - TABLE: vari_eclipsing_binary
# - DESCRIPTION: >
#     This table describes the properties of the eclipsing binaries resulting from the variability analysis. 
# - CITATION: >
#     How to cite and acknowledge Gaia: 
#     https://gea.esac.esa.int/archive/documentation/credits.html 
# - KNOWN_ISSUES: >
#     Known issues: 
#     https://www.cosmos.esa.int/web/gaia-users/known-issues 
# - DOCUMENTATION: >
#     Tutorials and documentation: 
#     https://www.cosmos.esa.int/web/gaia-users/archive 
# datatype:
# - 
#   name: solution_id
#   datatype: int64
#   description: Solution Identifier
#   meta:
#     ucd: meta.version
# - 
#   name: source_id
#   datatype: int64
#   description: Unique source identifier
#   meta:
#     ucd: meta.id;meta.main
# - 
#   name: global_ranking
#   datatype: float32
#   description: Number between 0 (worst) and 1 (best)
#   meta:
#     ucd: stat.param
# - 
#   name: reference_time
#   datatype: float64
#   unit: d
#   description: Reference time used for the geometric model fit
#   meta:
#     ucd: time.epoch
# - 
#   name: frequency
#   datatype: float64
#   unit: d**-1
#   description: Frequency of geometric model of the eclipsing binary light curve
#   meta:
#     ucd: src.orbital
# - 
#   name: frequency_error
#   datatype: float32
#   unit: d**-1
#   description: "Uncertainty of \\texttt{frequency}"
#   meta:
#     ucd: stat.error
# - 
#   name: geom_model_reference_level
#   datatype: float32
#   unit: mag
#   description: Magnitude reference level of geometric model
#   meta:
#     ucd: phot.mag;em.opt
# - 
#   name: geom_model_reference_level_error
#   datatype: float32
#   unit: mag
#   description: "Uncertainty of \\texttt{geomModelReferenceLevel}"
#   meta:
#     ucd: stat.error;phot.mag;em.opt
# - 
#   name: geom_model_gaussian1_phase
#   datatype: float32
#   description: Phase of the Gaussian 1 component
#   meta:
#     ucd: time.phase
# - 
#   name: geom_model_gaussian1_phase_error
#   datatype: float32
#   description: "Uncertainty of \\texttt{geomModelGaussian1Phase}"
#   meta:
#     ucd: stat.error;time.phase
# - 
#   name: geom_model_gaussian1_sigma
#   datatype: float32
#   description: "Standard deviation [phase] of Gaussian 1 component"
#   meta:
#     ucd: stat.stdev
# - 
#   name: geom_model_gaussian1_sigma_error
#   datatype: float32
#   description: "Uncertainty of \\texttt{geomModelGaussian1Sigma}"
#   meta:
#     ucd: stat.error
# - 
#   name: geom_model_gaussian1_depth
#   datatype: float32
#   unit: mag
#   description: Magnitude depth of Gaussian 1 component
#   meta:
#     ucd: src.var.amplitude
# - 
#   name: geom_model_gaussian1_depth_error
#   datatype: float32
#   unit: mag
#   description: "Uncertainty of \\texttt{geomModelGaussian1Depth}"
#   meta:
#     ucd: stat.error;src.var.amplitude
# - 
#   name: geom_model_gaussian2_phase
#   datatype: float32
#   description: Phase of Gaussian 2 component
#   meta:
#     ucd: time.phase
# - 
#   name: geom_model_gaussian2_phase_error
#   datatype: float32
#   description: "Uncertainty of \\texttt{geomModelGaussian2Phase}"
#   meta:
#     ucd: stat.error;time.phase
# - 
#   name: geom_model_gaussian2_sigma
#   datatype: float32
[...]
#   datatype: float32
#   description: "Secondary eclipse: uncertainty of \\texttt{derivedSecondaryEclDuration}"
#   meta:
#     ucd: stat.error;time.duration
# - 
#   name: derived_secondary_ecl_depth
#   datatype: float32
#   unit: mag
#   description: "Secondary eclipse: depth"
#   meta:
#     ucd: src.var.amplitude
# - 
#   name: derived_secondary_ecl_depth_error
#   datatype: float32
#   unit: mag
#   description: "Secondary eclipse: uncertainty of \\texttt{derivedSecondaryEclDepth}"
#   meta:
#     ucd: stat.error;src.var.amplitude
solution_id,source_id,global_ranking,reference_time,frequency,frequency_error,geom_model_reference_level,geom_model_reference_level_error,geom_model_gaussian1_phase,geom_model_gaussian1_phase_error,geom_model_gaussian1_sigma,geom_model_gaussian1_sigma_error,geom_model_gaussian1_depth,geom_model_gaussian1_depth_error,geom_model_gaussian2_phase,geom_model_gaussian2_phase_error,geom_model_gaussian2_sigma,geom_model_gaussian2_sigma_error,geom_model_gaussian2_depth,geom_model_gaussian2_depth_error,geom_model_cosine_half_period_amplitude,geom_model_cosine_half_period_amplitude_error,geom_model_cosine_half_period_phase,geom_model_cosine_half_period_phase_error,model_type,num_model_parameters,reduced_chi2,derived_primary_ecl_phase,derived_primary_ecl_phase_error,derived_primary_ecl_duration,derived_primary_ecl_duration_error,derived_primary_ecl_depth,derived_primary_ecl_depth_error,derived_secondary_ecl_phase,derived_secondary_ecl_phase_error,derived_secondary_ecl_duration,derived_secondary_ecl_duration_error,derived_secondary_ecl_depth,derived_secondary_ecl_depth_error
[from data line 474]
375316653866487564,5305774964217153792,0.46609583,2112.8620290843855,1.0430975710694597,1.8723267E-5,18.673145,0.004944206,0.12566529,0.0017468334,0.018229825,0.0021160506,0.22944106,0.040740155,0.6431946,0.010499068,0.02007726,0.011169362,0.2008991,0.12556684,null,null,null,null,"TWOGAUSSIANS",8,4.988116,0.12566529,0.0017468334,0.10208702,0.011849883,0.22944106,0.040740155,0.6431946,0.010499068,0.11243266,0.06254842,0.2008991,0.12556684
375316653866487564,5305774998576816896,0.4940551,2137.7385892376637,2.4266928092440034,1.9666619E-5,19.862457,0.010572351,0.26715446,0.005858124,0.07990282,0.008411133,0.40058824,0.022742651,0.7619051,0.017336227,0.0626657,0.013950686,0.20599583,0.04294589,null,null,null,null,"TWOGAUSSIANS",8,1.6357539,0.26715446,0.005858124,0.4,0.0,0.39947742,0.0231158,0.7619051,0.017336227,0.35092792,0.068996064,0.20488499,0.044070974
375316653866487564,5305775002887712768,0.48828512,2127.9070183707336,2.968909952610087,1.1477456E-5,19.204556,0.17785968,0.21468414,0.004420206,0.118071295,0.028961075,0.39122307,0.17001672,0.7226731,0.012517478,0.12836418,0.041629057,0.39005962,0.17406788,null,null,null,null,"TWOGAUSSIANS",8,2.7423868,0.21458414,0.0043067806,0.4,0.0,0.29839352,0.019553669,0.7227131,0.012518962,0.4,0.0,0.29692695,0.02039601
375316653866487564,5305776201167986304,0.46758118,2083.5754103383983,0.6687666836801788,1.4105146E-5,19.244991,0.0069073816,0.25979766,0.019189186,0.03181425,0.013079431,0.16751531,0.035288345,0.77225727,0.0057012313,0.035573818,0.0077519114,0.19406892,0.01541698,null,null,null,null,"TWOGAUSSIANS",8,3.8472946,0.77225727,0.0057012313,0.19921337,0.043410704,0.19406892,0.01541698,0.25979766,0.019189186,0.1781598,0.07324482,0.16751531,0.035288345
375316653866487564,5305776446004136960,0.61387855,2127.6064486031355,1.8608706633687955,5.3735644E-6,15.724482,0.011095409,0.23530918,0.001396914,0.05054516,0.0030462418,0.5650549,0.02468291,0.73890966,0.0026806404,0.04801932,0.003492037,0.24364161,0.026012737,0.08418481,0.014717455,0.23530918,0.001396914,"TWOGAUSSIANS_WITH_ELLIPSOIDAL_ON_ECLIPSE1",9,88.279785,0.23530918,0.001396914,0.2830529,0.017058956,0.7334214,0.014661836,0.73890966,0.0026806404,0.26890817,0.019555409,0.41192195,0.009084176
375316653866487564,5305776892671848832,0.53164566,2142.350715253063,2.810382841177546,9.502349E-6,19.416267,0.008336736,0.2242114,0.0034237206,0.07700788,0.005381961,0.29517698,0.014631099,0.7237758,0.003367504,0.08117811,0.004162103,0.3459452,0.013182359,null,null,null,null,"TWOGAUSSIANS",8,1.3041552,0.7237758,0.003367504,0.4,0.0,0.34164992,0.012719959,0.2242114,0.0034237206,0.4,0.0,0.2908817,0.0149429
375316653866487564,5305777266317566208,0.5101118,2083.4094952504643,3.959964919919526,1.3504799E-5,18.770777,0.014374819,0.21089001,0.0035569933,0.09549579,0.008168911,0.22956538,0.013276256,0.7007357,0.006657942,0.10077617,0.013638615,0.23748967,0.013665732,null,null,null,null,"TWOGAUSSIANS",8,2.353726,0.7007357,0.006657942,0.4,0.0,0.22155659,0.013608697,0.21089001,0.0035542948,0.4,0.0,0.21363412,0.007688535
375316653866487564,5305777579875858176,0.48932314,2100.3147280507055,0.4112654809107114,9.787852E-6,15.245783,0.0036982566,0.70859396,0.0017629433,0.02581893,0.0019825615,0.22236112,0.011994646,null,null,null,null,null,null,0.01418139,0.006106473,0.70859396,0.0017629433,"ONEGAUSSIAN_WITH_ELLIPSOIDAL",6,132.6691,0.70859396,0.0017629433,0.144586,0.011102345,0.25072387,0.012867944,null,null,null,null,null,null
375316653866487564,5305777614235803136,0.4734037,2094.9465230301166,0.5668137500145786,1.4110282E-5,19.421068,0.01019188,0.28427452,0.036215927,0.08558078,0.04138777,0.047969162,0.009787632,0.7828193,0.0064901696,0.03139125,0.019168224,0.47961262,16033.937,null,null,null,null,"TWOGAUSSIANS",8,1.8075688,0.7828193,0.0064901696,0.17579101,0.10734206,0.47959727,16033.937,0.28427452,0.036215927,0.4,0.030995531,0.04795379,0.009695674
375316653866487564,5305779022984885632,0.47376028,2146.6042873232286,0.1281949793806567,3.1553747E-5,16.046452,0.0064898413,0.16615511,0.003868717,0.019580966,0.0053438535,0.13481088,0.19151174,0.5543222,0.007358361,0.12299047,0.017261691,0.19444741,0.025072506,null,null,null,null,"TWOGAUSSIANS",8,88.68249,0.5543222,0.007358361,0.4,0.0,0.19434716,0.025433356,0.16625512,0.0038289796,0.109653406,0.02992558,0.13604923,0.19156013
375316653866487564,5305779297854641152,0.5028866,2076.6340612428494,2.7520176733628383,7.2650446E-6,19.520422,0.008428268,0.2863149,0.005775399,0.07851559,0.0071228514,0.28979376,0.018890096,0.77869505,0.0022977998,0.07633854,0.003439673,0.33203128,0.011086227,null,null,null,null,"TWOGAUSSIANS",8,1.6294341,0.77869505,0.0022977998,0.4,0.0,0.32915604,0.010502885,0.2863149,0.005775399,0.4,0.0,0.28691852,0.0190455
375316653866487564,5305779744539433344,0.5047225,2069.2725683774524,3.6601457753346818,1.1777604E-5,18.759432,0.006517685,0.26734647,0.0058970894,0.06805249,0.0104458835,0.23190525,0.030364946,0.76994497,0.0034568522,0.07104085,0.005835313,0.21494152,0.013032503,null,null,null,null,"TWOGAUSSIANS",8,2.9797547,0.26734647,0.0058970894,0.38109395,0.036896374,0.23125345,0.031005042,0.76994497,0.0034568522,0.39782873,0.021892888,0.21428971,0.013066848
375316653866487564,5305780328654966272,0.62488955,2106.5929637276677,2.037839826010816,4.838316E-6,18.064238,0.011771041,0.26522475,0.0022988145,0.049276162,0.007893718,0.22755645,0.024892466,0.7695699,0.0041865567,0.05138303,0.004976482,0.2069766,0.027345773,0.12220509,0.015043102,0.26522475,0.0022988145,"TWOGAUSSIANS_WITH_ELLIPSOIDAL_ON_ECLIPSE1",9,3.2526433,0.26522475,0.0022988145,0.2759465,0.04420482,0.47196424,0.017542785,0.7695699,0.0041865567,0.28774497,0.027868299,0.45120227,0.0091101425
375316653866487564,5305781840474272640,0.45996502,2116.1480240868364,0.06047957154411936,2.941056E-6,18.573898,0.003533613,0.30671746,0.001973953,0.004991654,7.190032E-4,0.4556719,0.34746772,0.94603753,3.8398104E-4,0.0026504167,3.220131E-4,0.25820005,0.031595074,null,null,null,null,"TWOGAUSSIANS",8,4.5869026,0.30671746,0.001973953,0.027953262,0.0040264176,0.4556719,0.34746772,0.94603753,3.8398104E-4,0.014842334,0.0018032733,0.25820005,0.031595074
375316653866487564,5305781977922115968,0.58007926,2109.0867213421525,0.39039490247690384,2.5825204E-6,16.943445,0.0025248386,0.17293043,0.0035061643,0.030367453,0.005777161,0.05068266,0.0071299374,0.66892385,8.914907E-4,0.026686262,0.0010268561,0.62812114,0.046458274,0.015655393,0.0039685215,0.17293043,0.0035061643,"TWOGAUSSIANS_WITH_ELLIPSOIDAL_ON_ECLIPSE1",9,5.252325,0.66893387,8.914984E-4,0.14944308,0.0057503944,0.65941215,0.048889335,0.17293043,0.0035061643,0.17005773,0.032352105,0.081993446,0.0070988196
375316653866487564,5305782527669808512,0.5177694,2080.398448337302,1.6892435306310916,4.7518148E-5,19.898151,0.0057060383,0.13309433,7.0860045E-4,0.013583788,0.0013704262,0.62239915,0.030818947,0.5027892,0.0020731175,0.0236484,0.0034919332,0.06712337,0.005351396,null,null,null,null,"TWOGAUSSIANS",8,1.9012232,0.13309433,7.0860045E-4,0.07606921,0.0076743863,0.62239915,0.030818947,0.5027892,0.0020731175,0.13243103,0.019554827,0.06712337,0.005351396
375316653866487564,5305783249232427264,0.54274553,2100.864174120264,2.444464941619727,6.37664E-6,16.669367,0.008464412,0.23835221,0.003586251,0.04552349,0.010656039,0.15703991,0.036112938,0.75017625,0.006162172,0.042612996,0.0047994773,0.15855981,0.02060764,0.1176293,0.012444141,0.23835221,0.003586251,"TWOGAUSSIANS_WITH_ELLIPSOIDAL_ON_ECLIPSE1",9,55.328148,0.75017625,0.006162172,0.23863278,0.026877072,0.3925221,0.015570809,0.23835221,0.003586251,0.25493157,0.05967382,0.39229828,0.031362586
375316653866487564,5305783558461331584,0.47103986,2045.8407373054963,2.922306962396738,2.9135099E-5,19.870583,0.033580456,0.21312483,0.0067572603,0.09854616,0.014518013,0.30605063,0.02995063,0.6956193,0.009326034,0.111906,0.014733078,0.2671209,0.036584772,null,null,null,null,"TWOGAUSSIANS",8,1.7710534,0.21314482,0.006766297,0.4,0.0,0.27849117,0.01557465,0.6956193,0.009326034,0.4,0.0,0.23953302,0.022384671
375316653866487564,5305784172639115008,0.5773948,2052.622953111869,2.41141791320309,4.9405508E-6,18.669353,0.010312012,0.1520301,0.0033354573,0.040029418,0.0041165138,0.37635297,0.03947035,0.6456988,0.002347139,0.037896834,0.034393977,0.4329554,2.43401445E18,0.24012625,0.029139448,0.6456988,0.002347139,"TWOGAUSSIANS_WITH_ELLIPSOIDAL_ON_ECLIPSE2",9,8.767682,0.6456988,0.002347139,0.21222226,0.19260629,0.9132072,2.43401445E18,0.15115009,0.0027255772,0.22416474,0.023052476,0.8559506,0.028076189
375316653866487564,5305784310067158912,0.59799385,2106.0141461108437,0.10542951832489737,5.1879655E-5,17.32726,0.0010480178,0.1572547,0.03351494,0.020354819,0.023752479,0.014084952,2614.5642,0.6759998,6.661486E-4,0.01214728,7.4306544E-4,0.37679613,0.028732907,0.002666359,0.0017367207,0.1572547,0.03351494,"TWOGAUSSIANS_WITH_ELLIPSOIDAL_ON_ECLIPSE1",9,1.7800584,0.6759998,6.661486E-4,0.06802477,0.0041611665,0.3820552,0.029154865,0.1572547,0.03351494,0.113986984,0.13301389,0.019417666,2614.5642
375316653866487564,5305784692341471232,0.4589815,2117.619899295882,0.6126127247953506,3.0261419E-5,13.0066,0.0014311044,0.14051647,0.04824829,0.055740424,0.049403317,0.008533874,0.013588087,0.40780187,0.005414704,0.03424152,0.0054988507,0.08030755,0.0115656555,null,null,null,null,"TWOGAUSSIANS",8,36.83633,0.40780187,0.005414704,0.19175252,0.030793563,0.08030763,0.011565652,0.14051647,0.04824829,0.31214637,0.27665856,0.008533874,0.013588087
375316653866487564,5305785169071373696,0.5562741,2073.5719727221817,0.27751668829890086,5.0576314E-6,18.275927,0.0018850439,0.14604214,0.0011968649,0.03036517,0.0010240271,0.33147636,0.0061934167,0.7792539,0.02881896,0.06060885,0.022413623,0.034272633,0.021343693,null,null,null,null,"TWOGAUSSIANS",8,1.7627242,0.14604214,0.0011968649,0.17004496,0.0057345517,0.33147636,0.006193417,0.7792539,0.02881896,0.33940956,0.12511592,0.034272633,0.021343693
375316653866487564,5305785482615209472,0.41920084,2050.966923796666,2.161043657007253,3.50055E-5,18.295557,0.34191838,0.28702518,0.015820555,0.2008222,0.18946494,0.18738444,0.33534476,0.8139545,0.020424047,0.10389361,0.037306406,0.22520943,0.12620667,null,null,null,null,"TWOGAUSSIANS",8,10.659731,0.81710446,0.014717704,0.4,0.0,0.16043703,0.020590354,0.2869652,0.015761223,0.4,0.0,0.10484608,0.01908848
375316653866487564,5305785688773658368,0.5057413,2071.972338989641,0.17644838885145284,2.6560729E-5,14.632425,6.8663125E-4,0.307982,0.0015329309,0.017592328,0.0011865707,0.10360257,0.005052717,0.80093217,0.0040786094,0.01687854,0.0047977124,0.104049474,0.014325719,null,null,null,null,"TWOGAUSSIANS",8,24.356812,0.80093217,0.0040786094,0.094519824,0.026867189,0.104049474,0.014325719,0.307982,0.0015329309,0.09851703,0.0066447956,0.10360257,0.005052717
375316653866487564,5305786272889245824,0.6187995,2094.0438108623894,3.355882606415211,3.746963E-6,18.267527,0.007623929,0.2113354,0.001826912,0.041599862,0.002607254,0.42302406,0.02384336,0.7116427,0.002379678,0.04836187,0.0029219391,0.5064197,0.022122797,0.1274458,0.012633976,0.2113354,0.001826912,"TWOGAUSSIANS_WITH_ELLIPSOIDAL_ON_ECLIPSE1",9,4.6359034,0.7116427,0.0023388215,0.2708265,0.016362859,0.76130944,0.02375608,0.2113354,0.001826912,0.23295923,0.0146006225,0.67791474,0.01751772
375316653866487564,5305786410328218624,0.52729523,2136.4548972317666,2.9337829723767648,1.6992077E-5,18.837786,0.012742332,0.2723191,0.0050182305,0.087323815,0.0064453273,0.33009142,0.013223035,0.7859612,0.0041957595,0.09183011,0.00689495,0.31002736,0.014622537,null,null,null,null,"TWOGAUSSIANS",8,3.50122,0.2723191,0.0050182305,0.4,0.0,0.3196074,0.010739206,0.7859612,0.0041957595,0.4,0.0,0.2995431,0.01325631
375316653866487564,5305786925724000000,0.5380384,2098.232304613071,3.4206520304072665,9.1305055E-6,18.749498,0.010365199,0.22352447,0.0057830256,0.06882799,0.005685468,0.54611206,0.032395136,0.71731734,0.0029381039,0.072183095,0.0036451088,0.56097406,0.018104004,null,null,null,null,"TWOGAUSSIANS",8,7.9954576,0.71731734,0.0029381039,0.4,0.0109811,0.5592128,0.018159188,0.22352447,0.0057830256,0.38543674,0.026731825,0.5443508,0.032863315
375316653866487564,5305787544189811584,0.5319651,2067.6615891050137,1.8754904048549963,1.458343E-5,19.5856,0.007028322,0.13778314,0.009267743,0.04862066,0.007844178,0.14660397,0.024216909,0.6559307,0.0027317698,0.060638737,0.0052620433,0.40688315,0.029235313,null,null,null,null,"TWOGAUSSIANS",8,2.2360735,0.6559307,0.0027317698,0.33957693,0.029467443,0.40687647,0.029240234,0.13778314,0.009267743,0.2722757,0.043927398,0.14659728,0.024219975
375316653866487564,5305787647278522368,0.49716488,2103.4416229919334,0.12494508031138331,6.0077575E-5,14.370269,0.0025225615,0.18093956,0.008296633,0.012669933,0.010103231,0.16475107,0.12971184,0.6638357,0.0109086195,0.016725268,0.02513845,0.38333777,0.35922593,null,null,null,null,"TWOGAUSSIANS",8,99.62572,0.6638357,0.0109086195,0.0936615,0.14077532,0.38333777,0.35922593,0.18093956,0.008296633,0.070951626,0.056578092,0.16475107,0.12971184
375316653866487564,5305788197024851200,0.50545955,2081.4462736634478,2.8794355492970283,1.6868382E-5,19.127901,0.018695483,0.30219826,0.010797514,0.077753365,0.008170596,0.42096546,0.053770855,0.8023755,0.0041849795,0.085069716,0.008586977,0.34350926,0.023412332,null,null,null,null,"TWOGAUSSIANS",8,5.7081623,0.30219826,0.010797514,0.4,0.0,0.41421986,0.05186908,0.8023755,0.0041849795,0.4,0.0,0.33676362,0.022938425
375316653866487564,5305789777572964224,0.51587224,2061.7132399559396,2.3414305423433373,7.804572E-6,19.322962,0.04808594,0.2652291,0.0030632238,0.09880627,0.013622863,0.3507226,0.041730534,0.77140796,0.0059840013,0.09757177,0.014926961,0.36854556,0.043399073,null,null,null,null,"TWOGAUSSIANS",8,2.1211855,0.77140796,0.0059840013,0.4,0.0,0.3426092,0.026489036,0.2652291,0.0030632238,0.4,0.0,0.32478577,0.022091715
375316653866487564,5305789880652148096,0.4885599,2075.6835691108695,2.435235156687172,1.2841314E-5,18.5239,0.364754,0.2681447,0.0033192472,0.13949649,0.026177365,0.50905925,0.23635468,0.76768005,0.0048528593,0.2352238,0.08018264,0.6009726,0.36263335,null,null,null,null,"TWOGAUSSIANS",8,2.0194166,0.2683447,0.0036268448,0.4,0.0,0.18895426,0.009163174,0.76768005,0.0048589986,0.4,0.0,0.15713288,0.005866802
375316653866487564,5305790499126510976,0.52928114,2098.242605542782,3.759173768261299,1.3521932E-5,19.294577,0.012571859,0.275486,0.00708988,0.07178915,0.008047897,0.47697163,0.031949572,0.77572745,0.0035445183,0.07064917,0.0054911776,0.47163418,0.034017492,null,null,null,null,"TWOGAUSSIANS",8,3.959618,0.275486,0.00708988,0.4,0.028806048,0.47498196,0.032201443,0.77572745,0.0035445183,0.39563534,0.020065833,0.46964452,0.034428183
375316653866487564,5305791701727410176,0.66143537,2131.5718578859683,0.4029793636654137,6.289671E-6,17.86809,0.0025898842,0.20447646,0.0016530235,0.021625368,0.0018069522,0.14656617,0.019925492,0.7050752,5.032855E-4,0.025166074,4.7228765E-4,0.62999946,0.010260867,0.016998053,0.00365464,0.20447646,0.0016530235,"TWOGAUSSIANS_WITH_ELLIPSOIDAL_ON_ECLIPSE1",9,1.2068484,0.7050752,5.032855E-4,0.14093001,0.0026448108,0.6639951,0.008932906,0.20447646,0.0016530235,0.12110206,0.010118932,0.18056227,0.019834137
375316653866487564,5305792900001605376,0.4820824,2049.7847699127497,1.7032972751509556,4.616082E-5,19.533125,0.013801468,0.23877598,0.00641505,0.061170045,0.006256083,0.5251378,0.0856042,0.738511,0.009720876,0.059387527,0.013835519,0.24168374,0.04182637,null,null,null,null,"TWOGAUSSIANS",8,4.860182,0.23877598,0.00641505,0.34255224,0.035034064,0.52500767,0.085694894,0.738511,0.009720876,0.33257017,0.07747891,0.24155362,0.042000398
