Gaia/vari_eclipsing_binary/VariEclipsingBinary_488466-488553.csv
# %ECSV 1.0
# ---
# delimiter: ','
# meta: !!omap
# - RELEASE: Gaia DR3
# - TABLE: vari_eclipsing_binary
# - DESCRIPTION: >
#     This table describes the properties of the eclipsing binaries resulting from the variability analysis. 
# - CITATION: >
#     How to cite and acknowledge Gaia: 
#     https://gea.esac.esa.int/archive/documentation/credits.html 
# - KNOWN_ISSUES: >
#     Known issues: 
#     https://www.cosmos.esa.int/web/gaia-users/known-issues 
# - DOCUMENTATION: >
#     Tutorials and documentation: 
#     https://www.cosmos.esa.int/web/gaia-users/archive 
# datatype:
# - 
#   name: solution_id
#   datatype: int64
#   description: Solution Identifier
#   meta:
#     ucd: meta.version
# - 
#   name: source_id
#   datatype: int64
#   description: Unique source identifier
#   meta:
#     ucd: meta.id;meta.main
# - 
#   name: global_ranking
#   datatype: float32
#   description: Number between 0 (worst) and 1 (best)
#   meta:
#     ucd: stat.param
# - 
#   name: reference_time
#   datatype: float64
#   unit: d
#   description: Reference time used for the geometric model fit
#   meta:
#     ucd: time.epoch
# - 
#   name: frequency
#   datatype: float64
#   unit: d**-1
#   description: Frequency of geometric model of the eclipsing binary light curve
#   meta:
#     ucd: src.orbital
# - 
#   name: frequency_error
#   datatype: float32
#   unit: d**-1
#   description: "Uncertainty of \\texttt{frequency}"
#   meta:
#     ucd: stat.error
# - 
#   name: geom_model_reference_level
#   datatype: float32
#   unit: mag
#   description: Magnitude reference level of geometric model
#   meta:
#     ucd: phot.mag;em.opt
# - 
#   name: geom_model_reference_level_error
#   datatype: float32
#   unit: mag
#   description: "Uncertainty of \\texttt{geomModelReferenceLevel}"
#   meta:
#     ucd: stat.error;phot.mag;em.opt
# - 
#   name: geom_model_gaussian1_phase
#   datatype: float32
#   description: Phase of the Gaussian 1 component
#   meta:
#     ucd: time.phase
# - 
#   name: geom_model_gaussian1_phase_error
#   datatype: float32
#   description: "Uncertainty of \\texttt{geomModelGaussian1Phase}"
#   meta:
#     ucd: stat.error;time.phase
# - 
#   name: geom_model_gaussian1_sigma
#   datatype: float32
#   description: "Standard deviation [phase] of Gaussian 1 component"
#   meta:
#     ucd: stat.stdev
# - 
#   name: geom_model_gaussian1_sigma_error
#   datatype: float32
#   description: "Uncertainty of \\texttt{geomModelGaussian1Sigma}"
#   meta:
#     ucd: stat.error
# - 
#   name: geom_model_gaussian1_depth
#   datatype: float32
#   unit: mag
#   description: Magnitude depth of Gaussian 1 component
#   meta:
#     ucd: src.var.amplitude
# - 
#   name: geom_model_gaussian1_depth_error
#   datatype: float32
#   unit: mag
#   description: "Uncertainty of \\texttt{geomModelGaussian1Depth}"
#   meta:
#     ucd: stat.error;src.var.amplitude
# - 
#   name: geom_model_gaussian2_phase
#   datatype: float32
#   description: Phase of Gaussian 2 component
#   meta:
#     ucd: time.phase
# - 
#   name: geom_model_gaussian2_phase_error
#   datatype: float32
#   description: "Uncertainty of \\texttt{geomModelGaussian2Phase}"
#   meta:
#     ucd: stat.error;time.phase
# - 
#   name: geom_model_gaussian2_sigma
#   datatype: float32
[...]
#   datatype: float32
#   description: "Secondary eclipse: uncertainty of \\texttt{derivedSecondaryEclDuration}"
#   meta:
#     ucd: stat.error;time.duration
# - 
#   name: derived_secondary_ecl_depth
#   datatype: float32
#   unit: mag
#   description: "Secondary eclipse: depth"
#   meta:
#     ucd: src.var.amplitude
# - 
#   name: derived_secondary_ecl_depth_error
#   datatype: float32
#   unit: mag
#   description: "Secondary eclipse: uncertainty of \\texttt{derivedSecondaryEclDepth}"
#   meta:
#     ucd: stat.error;src.var.amplitude
solution_id,source_id,global_ranking,reference_time,frequency,frequency_error,geom_model_reference_level,geom_model_reference_level_error,geom_model_gaussian1_phase,geom_model_gaussian1_phase_error,geom_model_gaussian1_sigma,geom_model_gaussian1_sigma_error,geom_model_gaussian1_depth,geom_model_gaussian1_depth_error,geom_model_gaussian2_phase,geom_model_gaussian2_phase_error,geom_model_gaussian2_sigma,geom_model_gaussian2_sigma_error,geom_model_gaussian2_depth,geom_model_gaussian2_depth_error,geom_model_cosine_half_period_amplitude,geom_model_cosine_half_period_amplitude_error,geom_model_cosine_half_period_phase,geom_model_cosine_half_period_phase_error,model_type,num_model_parameters,reduced_chi2,derived_primary_ecl_phase,derived_primary_ecl_phase_error,derived_primary_ecl_duration,derived_primary_ecl_duration_error,derived_primary_ecl_depth,derived_primary_ecl_depth_error,derived_secondary_ecl_phase,derived_secondary_ecl_phase_error,derived_secondary_ecl_duration,derived_secondary_ecl_duration_error,derived_secondary_ecl_depth,derived_secondary_ecl_depth_error
375316653866487564,4296592614706347904,0.528781,2192.6419924497495,3.2469326942813326,1.226927E-5,19.649086,0.00991594,0.22615938,0.002045166,0.06974238,0.0029025453,0.54528266,0.017927011,0.7245668,0.0055974443,0.06664964,0.0056974264,0.4424476,0.043138813,null,null,null,null,"TWOGAUSSIANS",8,2.3854039,0.22615938,0.002045166,0.39055732,0.016254254,0.5441444,0.017935308,0.7245668,0.0055974443,0.37323797,0.031905588,0.44130933,0.043485023
375316653866487564,4296593065675957632,0.57838553,2223.922379998838,3.354792574981401,7.2420817E-6,17.894007,0.011028316,0.22965124,0.0018830016,0.07643206,0.0029770788,0.5390966,0.014306242,0.741526,0.001974778,0.073796086,0.0035175898,0.4679564,0.019767843,null,null,null,null,"TWOGAUSSIANS",8,10.468368,0.22965124,0.0018830016,0.4,0.0,0.53606725,0.013974764,0.741526,0.001974778,0.4,0.0,0.46492705,0.01989369
375316653866487564,4296594680583702528,0.54379666,2221.8845020298622,0.051874646643711185,1.0405595E-6,18.470942,0.0018016883,0.6232719,4.9527855E-5,0.007572469,2.5230896E-4,0.23946181,0.013354045,0.8847777,0.0016049208,0.0014341685,0.0012084455,0.38785043,0.10970708,null,null,null,null,"TWOGAUSSIANS",8,1.8365353,0.8847777,0.0016049208,0.008031344,0.0067672953,0.38785043,0.10970708,0.6232719,4.9527855E-5,0.042405825,0.0014129302,0.23946181,0.013354045
375316653866487564,4296594783674388608,0.5316394,2208.033693957991,1.9061676254200564,1.5423062E-5,16.09682,0.003604471,0.25540793,0.003602133,0.055729833,0.005307104,0.06511298,0.009345141,0.7540804,0.004160578,0.04790802,0.0047027455,0.15420392,0.017518723,0.012390717,0.004472417,0.25540793,0.003602133,"TWOGAUSSIANS_WITH_ELLIPSOIDAL_ON_ECLIPSE1",9,10.235883,0.7541204,0.004064268,0.26828492,0.026335375,0.1789807,0.017069051,0.25540793,0.003602133,0.31208706,0.029719783,0.089891426,0.0044788937
375316653866487564,4296596089344472320,0.53394467,2242.4237395836667,3.093280792054449,1.288897E-5,16.858147,0.01639062,0.23953447,0.0033604782,0.09953075,0.0060458314,0.31167957,0.016856955,0.74526656,0.005107372,0.10408651,0.01038355,0.2564946,0.015053705,null,null,null,null,"TWOGAUSSIANS",8,24.066603,0.23953447,0.0033604782,0.4,0.0,0.28590998,0.008081701,0.74526656,0.005107372,0.4,0.0,0.23072198,0.010414111
375316653866487564,4296597017057416960,0.6410077,2175.9315429722865,1.9896577906040425,5.129832E-6,14.615919,0.0011273815,0.25399867,9.2219556E-4,0.0485645,0.00541877,0.027228652,0.0054659415,0.7789011,0.006578292,0.032537606,0.007092513,0.021351365,0.0035502948,0.08545482,0.0013881638,0.25399867,9.2219556E-4,"TWOGAUSSIANS_WITH_ELLIPSOIDAL_ON_ECLIPSE1",9,9.471023,0.25399867,9.2219556E-4,0.2719612,0.030345112,0.19813825,0.0051414683,0.7789011,0.006578292,0.1822106,0.039718073,0.18811083,0.002876648
375316653866487564,4296597253271105024,0.48995894,2165.0382519965415,1.4650262665531308,7.892642E-6,19.012535,0.011935289,0.27240294,0.0030910394,0.014144,0.0072180484,0.6002101,2.7160792,0.75659585,0.0019483082,0.01870848,0.003993672,0.23884043,0.024331098,0.03251369,0.017578652,0.27240294,0.0030910394,"TWOGAUSSIANS_WITH_ELLIPSOIDAL_ON_ECLIPSE1",9,5.510706,0.27240294,0.0030910394,0.0792064,0.040421072,0.66523737,2.7166119,0.75671583,0.0019429531,0.10476749,0.022364562,0.30323315,0.036443714
375316653866487564,4296600002051366400,0.53445596,2206.7025708610845,2.270022196753652,3.8325034E-5,18.101686,0.0026004899,0.1927308,0.0034286021,0.028451674,0.0021320772,0.42743954,0.029868158,0.57037157,0.005932556,0.014698476,0.0033093896,0.051618353,0.0117874425,null,null,null,null,"TWOGAUSSIANS",8,6.457858,0.1927308,0.0034286021,0.15932937,0.011939632,0.42743954,0.029868158,0.57037157,0.005932556,0.08231146,0.018532582,0.051618353,0.0117874425
375316653866487564,4296606427324402816,0.484448,2199.939920593342,1.2095410765888774,1.0029301E-5,19.282068,0.0047670626,0.88712376,7.7914784E-4,0.01563825,5.904298E-4,0.4961654,0.017070854,null,null,null,null,null,null,null,null,null,null,"ONEGAUSSIAN",5,3.9454207,0.88712376,7.7914784E-4,0.08757421,0.003306407,0.4961654,0.0,null,null,null,null,null,null
375316653866487564,4296607118820860928,0.6051355,2194.5376118016407,1.1145376869466475,6.3797283E-6,14.293362,0.002517032,0.2884713,0.0015143718,0.050132275,0.005546454,0.046060994,0.006399192,0.79626817,0.0058152503,0.04891671,0.008401579,0.039364435,0.005860697,0.064205684,0.0034748237,0.2884713,0.0015143718,"TWOGAUSSIANS_WITH_ELLIPSOIDAL_ON_ECLIPSE1",9,31.705227,0.2884713,0.0015143718,0.28074074,0.03106014,0.17447212,0.003144707,0.79626817,0.0058152503,0.27393356,0.04704884,0.16746762,0.003886473
375316653866487564,4296608218332426240,0.60483265,2201.02764210159,2.489806258267019,6.5828344E-6,15.924743,0.01071554,0.28260988,0.0018056904,0.0480948,0.004790085,0.24402815,0.028274287,0.777184,0.0015363556,0.04846055,0.0029392513,0.35235626,0.026652416,0.12260031,0.015047619,0.777184,0.0015363556,"TWOGAUSSIANS_WITH_ELLIPSOIDAL_ON_ECLIPSE2",9,61.791805,0.777184,0.0015363556,0.27137908,0.016459808,0.5975559,0.013944614,0.28176987,0.0014266517,0.2693309,0.026824476,0.48898703,0.021176329
375316653866487564,4296608939886951680,0.514692,2194.3628659473175,1.5589714651689073,1.7945738E-5,16.369492,0.002530599,0.19810699,0.008579357,0.080233805,0.012379012,0.038054403,0.0028370975,0.6928911,0.0049347556,0.07619521,0.0043447493,0.0977137,0.0043133614,null,null,null,null,"TWOGAUSSIANS",8,4.7903533,0.6928911,0.0049347556,0.4,0.0,0.097067885,0.004135893,0.19810699,0.008579357,0.4,0.0,0.037408587,0.002676313
375316653866487564,4296609420923290368,0.55726093,2178.261945283851,1.1184415067681501,7.673542E-6,17.050611,0.004389261,0.22531378,0.0010387138,0.037119128,0.0024253982,0.2492253,0.019113248,0.72021544,0.0068215583,0.030603766,0.010153156,0.05868887,0.07376576,0.012457085,0.0062219617,0.22531378,0.0010387138,"TWOGAUSSIANS_WITH_ELLIPSOIDAL_ON_ECLIPSE1",9,4.167735,0.22531378,0.0010387138,0.20786712,0.013582231,0.27413943,0.019296287,0.7203754,0.00648547,0.17138109,0.05685767,0.08357824,0.07076233
375316653866487564,4296609485341147904,0.56433517,2185.0715998502087,2.991013861271187,1.3676626E-5,17.886848,0.0060660285,0.21978466,0.0048423596,0.08134515,0.004696064,0.43486106,0.034748804,0.7124422,0.0014086332,0.0742309,0.001808024,0.49843094,0.014957963,null,null,null,null,"TWOGAUSSIANS",8,10.299755,0.7124422,0.0014086332,0.4,0.0,0.49388394,0.014972726,0.21978466,0.0048423596,0.4,0.0,0.43031406,0.035360653
375316653866487564,4296610142478273152,0.45903838,2169.4449652094563,0.5864651152756205,1.0065266E-4,14.887075,0.0048397454,0.26781785,0.004830075,0.027080845,0.0054982086,0.15520264,0.011334382,0.7603793,0.015265731,0.060438193,0.013557155,0.046441074,0.010955214,null,null,null,null,"TWOGAUSSIANS",8,132.28137,0.26781785,0.004830075,0.15165274,0.030789968,0.15520264,0.011334406,0.7603793,0.015265731,0.3384539,0.07592007,0.046441067,0.010955201
375316653866487564,4296611482498334720,0.52390385,2159.9467764678056,4.397916748854261,2.229639E-5,19.466393,0.01104047,0.23112749,0.0035496275,0.0770766,0.0043392167,0.3839047,0.019334236,0.7335171,0.005421686,0.07289299,0.0069700573,0.36626756,0.030545013,null,null,null,null,"TWOGAUSSIANS",8,2.3136044,0.23112749,0.0035496275,0.4,0.0,0.381161,0.019090906,0.7335171,0.005421686,0.4,0.0153158,0.36352387,0.03126665
375316653866487564,4296613234854785408,0.5355534,2155.8919597628187,0.16294989762837786,1.0407506E-6,14.015,8.3083624E-4,0.26280257,4.0842613E-5,0.0031294785,2.6570839E-5,0.2806261,0.0026733011,0.6568697,4.3177008E-4,0.021422055,2.626931E-4,0.23503935,0.0032454343,null,null,null,null,"TWOGAUSSIANS",8,39.518906,0.26280257,4.0842613E-5,0.01752508,1.487967E-4,0.2806261,0.0026733011,0.6568697,4.3177008E-4,0.119963504,0.0014710814,0.23503935,0.0032454343
375316653866487564,4296613509732721408,0.6244543,2171.9487588724337,0.2623353830436985,1.5065007E-6,15.108476,0.003083073,0.28195423,0.0028221419,0.021966955,0.004585369,0.10091064,0.036138553,0.77796173,3.1228183E-4,0.021952575,2.997957E-4,2.0270166,0.048304234,0.02586541,0.0039005312,0.28195423,0.0028221419,"TWOGAUSSIANS_WITH_ELLIPSOIDAL_ON_ECLIPSE1",9,84.0361,0.77796173,3.1224536E-4,0.12293442,0.0016788559,2.0787148,0.048964,0.28195423,0.0028221419,0.12301494,0.025678067,0.15264145,0.036795773
375316653866487564,4296613750241189376,0.5014711,2151.8804502846247,3.3272360006948505,2.0979074E-5,18.898006,0.03415304,0.19095881,0.005012527,0.10907106,0.019503571,0.22590387,0.028335389,0.69262403,0.006254819,0.10206818,0.016336406,0.23197493,0.031415377,null,null,null,null,"TWOGAUSSIANS",8,2.4922276,0.69262403,0.0062599974,0.4,0.0,0.20480324,0.013810954,0.19095881,0.005017696,0.4,0.0,0.19872268,0.017095782
375316653866487564,4296614781043096320,0.47313777,2143.734619006533,1.4935861451290422,2.4362762E-5,15.634957,0.0014609807,null,null,null,null,null,null,null,null,null,null,null,null,0.03648852,0.0018622366,0.21129626,0.0049509057,"ELLIPSOIDAL",4,21.287333,null,null,null,null,null,null,null,null,null,null,null,null
375316653866487564,4296616636472568704,0.43792826,2164.720095515298,1.4254808705275808,4.0794446E-5,15.294798,0.0051714107,0.23919031,0.0059830793,0.05043395,0.009340161,0.13337505,0.048886586,0.9048067,0.053316057,0.027538639,0.03906471,0.04028977,1.67833232E8,0.042839654,0.0059472956,0.23919031,0.0059830793,"TWOGAUSSIANS_WITH_ELLIPSOIDAL_ON_ECLIPSE1",9,135.21323,0.23919031,0.0059830793,0.2824301,0.052304905,0.21905345,0.049332388,0.9048067,0.053316057,0.15421638,0.21876237,0.06220022,1.67833232E8
375316653866487564,4296619037349053568,0.6240906,2122.5438127080765,3.349718046029029,3.8832786E-6,18.239971,0.008620102,0.24014096,0.0013226534,0.049499698,0.0025160294,0.37042317,0.019556014,0.7404745,0.0014706005,0.048005052,0.0025273708,0.33079767,0.017603986,0.11888015,0.009967203,0.24014096,0.0013226534,"TWOGAUSSIANS_WITH_ELLIPSOIDAL_ON_ECLIPSE1",9,2.3475573,0.24014096,0.0013226534,0.2771983,0.014089765,0.6081818,0.009373737,0.7404745,0.0014460658,0.2688283,0.014153277,0.56855524,0.009540366
375316653866487564,4296619557046628480,0.587582,2164.719560045251,3.6533578398467212,4.62483E-6,18.29481,0.004243997,0.24407063,0.0013329401,0.07906775,0.0025363541,0.2652934,0.0050717704,0.74386007,0.0029150746,0.07324089,0.0035281095,0.30096757,0.005859817,null,null,null,null,"TWOGAUSSIANS",8,1.8271304,0.74386007,0.0029150746,0.4,0.0050369217,0.29840645,0.005678112,0.24407063,0.0013329401,0.4,0.0,0.26273227,0.0049179574
375316653866487564,4296620244231799936,0.4368466,2137.9723835197015,0.5054595289193196,1.20108445E-4,19.147625,0.009832987,0.25497004,0.041052006,0.10325946,0.02666173,0.080913045,0.020426996,0.6784579,0.0102820685,0.06698831,0.011088571,0.2276986,0.032313153,null,null,null,null,"TWOGAUSSIANS",8,7.5622215,0.6784579,0.0102820685,0.37513456,0.05914516,0.22696574,0.032455742,0.25497004,0.041052006,0.4,0.0,0.08016216,0.019992864
375316653866487564,4296624195611474176,0.5103803,2143.7755251034837,1.4073448815430905,1.5688649E-5,14.108737,0.005661253,0.23749812,0.0049501914,0.10017009,0.0145918615,0.04528618,0.0054415697,0.7439722,0.0055632344,0.105481856,0.014807472,0.047780674,0.005343825,null,null,null,null,"TWOGAUSSIANS",8,13.44558,0.7439722,0.0055632344,0.4,0.0,0.043296132,0.0023739573,0.23749812,0.004953745,0.4,0.0,0.04080258,0.0037371714
375316653866487564,4296625673080208000,0.64906174,2148.234128837139,1.2122998839814965,6.3806424E-6,14.455839,0.0032824778,0.2225416,0.0032934346,0.034737684,0.00286079,0.06589366,0.0075280913,0.7254647,0.001990925,0.033957757,0.0020655228,0.9114561,0.11454639,0.0059609534,0.004637782,0.2225416,0.0032934346,"TWOGAUSSIANS_WITH_ELLIPSOIDAL_ON_ECLIPSE1",9,49.03015,0.7254647,0.001990925,0.19016345,0.011566929,0.923374,0.120222576,0.2225416,0.0032934346,0.19453102,0.016020423,0.07781556,0.00348802
375316653866487564,4296627008808758400,0.44952476,2187.356109387895,3.0246035117755334,3.0175263E-5,18.942839,0.013790489,0.2072679,0.006999047,0.09030862,0.01704822,0.16274892,0.025033168,0.7190398,0.006598803,0.09897076,0.011674543,0.19255573,0.020885827,null,null,null,null,"TWOGAUSSIANS",8,3.0582728,0.7190398,0.006598803,0.4,0.0,0.18337648,0.023165679,0.2072679,0.006999047,0.4,0.0,0.15357088,0.029526085
375316653866487564,4296627902160178304,0.48451665,2135.4003303499253,2.90468578201228,2.8543289E-5,18.134426,0.0066473363,0.24583204,0.009613868,0.071056165,0.005121119,0.25552106,0.023306672,0.7662372,0.0096311085,0.07770325,0.009367437,0.30388394,0.030839603,null,null,null,null,"TWOGAUSSIANS",8,16.958893,0.7662372,0.0096311085,0.4,0.0,0.30265412,0.03130972,0.24583204,0.009613868,0.39791453,0.02209642,0.25429124,0.02360343
375316653866487564,4296629452651578624,0.5541915,2137.48948898042,1.1477245984772908,9.326302E-6,13.252852,0.004585732,0.26162997,0.0056341733,0.023057707,0.016663281,0.045245584,0.14370231,0.7587051,0.0032912479,0.046498857,0.008072397,0.19990866,0.018731939,0.027342118,0.006188315,0.26162997,0.0056341733,"TWOGAUSSIANS_WITH_ELLIPSOIDAL_ON_ECLIPSE1",9,202.47958,0.7588351,0.0030519334,0.2603936,0.04520542,0.25457507,0.023817983,0.26162997,0.0056341733,0.12912315,0.09331438,0.099929646,0.14498883
375316653866487564,4296629723226634752,0.5350352,2149.133936239451,2.7797637322409705,1.406622E-5,19.238604,0.0125983115,0.24874301,0.003082068,0.09149231,0.005349739,0.4261538,0.018254925,0.7539316,0.0037878712,0.064063355,0.005572359,0.26329687,0.017141815,null,null,null,null,"TWOGAUSSIANS",8,3.2900903,0.24874301,0.003082068,0.4,0.0,0.42262754,0.018453147,0.7539316,0.0037878712,0.35875478,0.031205209,0.2597709,0.016589273
375316653866487564,4296631647372196608,0.5572763,2150.003380209791,3.0811910707196843,1.6715256E-5,18.781532,0.010845882,0.13605163,0.003113413,0.06692252,0.004077606,0.4213123,0.012096139,0.64237213,0.005958622,0.07752129,0.012174528,0.32507077,0.054708283,null,null,null,null,"TWOGAUSSIANS",8,5.331792,0.13605163,0.003113413,0.37476614,0.022834593,0.41974512,0.011336274,0.64237213,0.005958622,0.4,0.01589388,0.32350358,0.056092184
375316653866487564,4296633197863173888,0.5281822,2164.367458813115,2.0662570884951394,1.3191645E-5,14.899714,0.013896275,0.24776226,0.0030384127,0.08119366,0.0038899933,0.38541457,0.015251061,0.74407846,0.0067742057,0.07649124,0.011314373,0.38567194,0.024245938,null,null,null,null,"TWOGAUSSIANS",8,461.35312,0.74407846,0.0067742057,0.4,0.0,0.38098046,0.026049895,0.24776226,0.0030384127,0.4,0.0,0.3807231,0.012335895
375316653866487564,4296634331734485248,0.59499717,2166.990116784686,3.1396186778800907,6.105789E-6,17.434977,0.018602926,0.24602915,0.00372974,0.04848815,0.0045463447,0.5528851,0.037688408,0.74889094,0.002312916,0.04242479,0.005405053,0.36658594,0.04052733,0.13168749,0.021523438,0.74889094,0.002312916,"TWOGAUSSIANS_WITH_ELLIPSOIDAL_ON_ECLIPSE2",9,33.731365,0.24625915,0.0034133452,0.27153364,0.025459532,0.81618047,0.043946568,0.74889094,0.002312916,0.23757882,0.030268297,0.6299595,0.03051422
375316653866487564,4296634911542546944,0.516339,2147.7594727100945,2.9972062229793224,1.4900885E-5,19.472363,0.007277934,0.24860415,0.0035800396,0.056042112,0.0042667324,0.34219915,0.03170581,0.754406,0.0065318104,0.06488712,0.0070507564,0.3899353,0.026751217,null,null,null,null,"TWOGAUSSIANS",8,3.099195,0.754406,0.0065318104,0.36336786,0.039484236,0.38981897,0.026779061,0.24860415,0.0035800396,0.31383583,0.0238937,0.34208277,0.031740624
375316653866487564,4296635122008522368,0.60517377,2167.711948435461,4.02343187246527,7.2719354E-6,17.317848,0.015030504,0.23896469,0.0024065848,0.051933758,0.0054722712,0.3240355,0.02991157,0.7277961,0.025818283,0.050426237,0.018139465,0.37034416,0.13694,0.1148876,0.017911121,0.23896469,0.0024065848,"TWOGAUSSIANS_WITH_ELLIPSOIDAL_ON_ECLIPSE1",9,9.9614725,0.7290261,0.024538752,0.28238693,0.101581,0.5991108,0.14580052,0.23896469,0.0024065848,0.29082906,0.030644719,0.55380714,0.011930148
