Gaia/vari_eclipsing_binary/VariEclipsingBinary_485580-485695.csv
# %ECSV 1.0
# ---
# delimiter: ','
# meta: !!omap
# - RELEASE: Gaia DR3
# - TABLE: vari_eclipsing_binary
# - DESCRIPTION: >
#     This table describes the properties of the eclipsing binaries resulting from the variability analysis. 
# - CITATION: >
#     How to cite and acknowledge Gaia: 
#     https://gea.esac.esa.int/archive/documentation/credits.html 
# - KNOWN_ISSUES: >
#     Known issues: 
#     https://www.cosmos.esa.int/web/gaia-users/known-issues 
# - DOCUMENTATION: >
#     Tutorials and documentation: 
#     https://www.cosmos.esa.int/web/gaia-users/archive 
# datatype:
# - 
#   name: solution_id
#   datatype: int64
#   description: Solution Identifier
#   meta:
#     ucd: meta.version
# - 
#   name: source_id
#   datatype: int64
#   description: Unique source identifier
#   meta:
#     ucd: meta.id;meta.main
# - 
#   name: global_ranking
#   datatype: float32
#   description: Number between 0 (worst) and 1 (best)
#   meta:
#     ucd: stat.param
# - 
#   name: reference_time
#   datatype: float64
#   unit: d
#   description: Reference time used for the geometric model fit
#   meta:
#     ucd: time.epoch
# - 
#   name: frequency
#   datatype: float64
#   unit: d**-1
#   description: Frequency of geometric model of the eclipsing binary light curve
#   meta:
#     ucd: src.orbital
# - 
#   name: frequency_error
#   datatype: float32
#   unit: d**-1
#   description: "Uncertainty of \\texttt{frequency}"
#   meta:
#     ucd: stat.error
# - 
#   name: geom_model_reference_level
#   datatype: float32
#   unit: mag
#   description: Magnitude reference level of geometric model
#   meta:
#     ucd: phot.mag;em.opt
# - 
#   name: geom_model_reference_level_error
#   datatype: float32
#   unit: mag
#   description: "Uncertainty of \\texttt{geomModelReferenceLevel}"
#   meta:
#     ucd: stat.error;phot.mag;em.opt
# - 
#   name: geom_model_gaussian1_phase
#   datatype: float32
#   description: Phase of the Gaussian 1 component
#   meta:
#     ucd: time.phase
# - 
#   name: geom_model_gaussian1_phase_error
#   datatype: float32
#   description: "Uncertainty of \\texttt{geomModelGaussian1Phase}"
#   meta:
#     ucd: stat.error;time.phase
# - 
#   name: geom_model_gaussian1_sigma
#   datatype: float32
#   description: "Standard deviation [phase] of Gaussian 1 component"
#   meta:
#     ucd: stat.stdev
# - 
#   name: geom_model_gaussian1_sigma_error
#   datatype: float32
#   description: "Uncertainty of \\texttt{geomModelGaussian1Sigma}"
#   meta:
#     ucd: stat.error
# - 
#   name: geom_model_gaussian1_depth
#   datatype: float32
#   unit: mag
#   description: Magnitude depth of Gaussian 1 component
#   meta:
#     ucd: src.var.amplitude
# - 
#   name: geom_model_gaussian1_depth_error
#   datatype: float32
#   unit: mag
#   description: "Uncertainty of \\texttt{geomModelGaussian1Depth}"
#   meta:
#     ucd: stat.error;src.var.amplitude
# - 
#   name: geom_model_gaussian2_phase
#   datatype: float32
#   description: Phase of Gaussian 2 component
#   meta:
#     ucd: time.phase
# - 
#   name: geom_model_gaussian2_phase_error
#   datatype: float32
#   description: "Uncertainty of \\texttt{geomModelGaussian2Phase}"
#   meta:
#     ucd: stat.error;time.phase
# - 
#   name: geom_model_gaussian2_sigma
#   datatype: float32
[...]
#   datatype: float32
#   description: "Secondary eclipse: uncertainty of \\texttt{derivedSecondaryEclDuration}"
#   meta:
#     ucd: stat.error;time.duration
# - 
#   name: derived_secondary_ecl_depth
#   datatype: float32
#   unit: mag
#   description: "Secondary eclipse: depth"
#   meta:
#     ucd: src.var.amplitude
# - 
#   name: derived_secondary_ecl_depth_error
#   datatype: float32
#   unit: mag
#   description: "Secondary eclipse: uncertainty of \\texttt{derivedSecondaryEclDepth}"
#   meta:
#     ucd: stat.error;src.var.amplitude
solution_id,source_id,global_ranking,reference_time,frequency,frequency_error,geom_model_reference_level,geom_model_reference_level_error,geom_model_gaussian1_phase,geom_model_gaussian1_phase_error,geom_model_gaussian1_sigma,geom_model_gaussian1_sigma_error,geom_model_gaussian1_depth,geom_model_gaussian1_depth_error,geom_model_gaussian2_phase,geom_model_gaussian2_phase_error,geom_model_gaussian2_sigma,geom_model_gaussian2_sigma_error,geom_model_gaussian2_depth,geom_model_gaussian2_depth_error,geom_model_cosine_half_period_amplitude,geom_model_cosine_half_period_amplitude_error,geom_model_cosine_half_period_phase,geom_model_cosine_half_period_phase_error,model_type,num_model_parameters,reduced_chi2,derived_primary_ecl_phase,derived_primary_ecl_phase_error,derived_primary_ecl_duration,derived_primary_ecl_duration_error,derived_primary_ecl_depth,derived_primary_ecl_depth_error,derived_secondary_ecl_phase,derived_secondary_ecl_phase_error,derived_secondary_ecl_duration,derived_secondary_ecl_duration_error,derived_secondary_ecl_depth,derived_secondary_ecl_depth_error
[from data line 76]
375316653866487564,4271338516241522560,0.5357132,2232.4961262359866,2.7184495975859004,2.8518241E-5,18.629951,0.023780694,0.22758807,0.017379047,0.077659525,0.024582502,0.27249146,0.044611216,0.7279938,0.0046995063,0.0790562,0.01033425,0.32543638,0.017768072,null,null,null,null,"TWOGAUSSIANS",8,4.9667554,0.7279938,0.0046995063,0.4,0.0,0.32179606,0.012843043,0.22758807,0.017379047,0.4,0.015184821,0.26885113,0.04727134
375316653866487564,4271338898506660992,0.69087875,2234.522590493507,1.4588543124176947,2.942263E-6,14.866916,0.0031410197,0.27703544,0.0010137674,0.047710508,0.0024468987,0.32274747,0.021493418,0.78016245,0.003604912,0.04966213,0.0042765546,0.12895136,0.009714112,0.07513956,0.0036223948,0.27703544,0.0010137674,"TWOGAUSSIANS_WITH_ELLIPSOIDAL_ON_ECLIPSE1",9,5.5426965,0.27703544,0.0010137674,0.26717886,0.013702632,0.47302568,0.025968408,0.78016245,0.0035816254,0.27810794,0.023948705,0.27917156,0.008614362
375316653866487564,4271339134720866048,0.55697954,2237.6565800118155,2.255691600497649,3.580411E-5,19.157541,0.022854265,0.27436724,0.008397434,0.081922404,0.011575774,0.31001452,0.023015246,0.7712342,0.008087986,0.093468584,0.013816699,0.31015164,0.03684518,null,null,null,null,"TWOGAUSSIANS",8,1.8702904,0.7712342,0.008087986,0.4,0.0,0.30004698,0.038177527,0.27436724,0.008397434,0.4,0.0,0.29991022,0.013419653
375316653866487564,4271340302947882112,0.5520226,2238.086899540898,2.1452364025485773,2.1418567E-5,18.309782,0.015786173,0.28306413,0.0037455726,0.08966454,0.0081887655,0.2776956,0.01568452,0.79020286,0.009152656,0.08967106,0.01879715,0.16255063,0.026104927,null,null,null,null,"TWOGAUSSIANS",8,2.4421737,0.28306413,0.0037455726,0.4,0.0,0.26994058,0.011716146,0.79020286,0.009152656,0.4,0.0,0.15479565,0.029521769
375316653866487564,4271341196305466112,0.48607355,2192.6571171546593,0.13430391678189002,1.0044156E-5,16.992086,0.053538606,0.23385778,0.009761597,0.05069334,0.0134120425,0.29795715,0.04780758,0.78223383,0.0055472087,0.14369115,0.025905568,0.28675935,0.047741998,null,null,null,null,"TWOGAUSSIANS",8,2.6091049,0.23350778,0.009551128,0.2838827,0.07510744,0.290708,0.044175,0.78223383,0.0055472087,0.4,0.0,0.27725303,0.03653142
375316653866487564,4271341539902868480,0.6026687,2224.1070384570858,1.2767329812034263,4.7601493E-6,17.615572,0.009872705,0.12783045,0.020561753,0.088749774,0.018934168,0.10790394,0.017486217,0.60760456,0.0014824132,0.07056135,0.002853875,0.25016823,0.011036251,null,null,null,null,"TWOGAUSSIANS",8,2.252599,0.60760456,0.0014824132,0.39514354,0.013810043,0.24868496,0.009329033,0.12783045,0.020561753,0.4,0.0,0.10642062,0.016973985
375316653866487564,4271344769713962624,0.56970465,2213.702897598706,3.3124243608317285,1.3706773E-5,19.106592,0.014716401,0.1968363,0.003169109,0.07726291,0.0043999194,0.620055,0.030857258,0.6986514,0.0078055277,0.08684949,0.005327475,0.60422546,0.0663473,null,null,null,null,"TWOGAUSSIANS",8,3.572781,0.1968363,0.003169109,0.4,0.0,0.60866934,0.03169325,0.6986514,0.0078055277,0.4,0.0,0.5928397,0.06808455
375316653866487564,4271352088342457344,0.5576201,2183.8142261130333,2.4260384281908225,2.4185008E-5,19.325684,0.018449344,0.27050933,0.0111311525,0.08936898,0.0113323135,0.44214824,0.051256325,0.7729408,0.008794458,0.07413562,0.00910621,0.43998566,0.043133523,null,null,null,null,"TWOGAUSSIANS",8,2.8400645,0.27050933,0.0111311525,0.4,0.0,0.4343303,0.052385032,0.7729408,0.008794458,0.4,0.0,0.4321679,0.045222778
375316653866487564,4271353875049269504,0.5716564,2237.565923031395,1.8585622758407871,1.0708316E-5,15.601298,0.058121793,0.27340326,0.008319135,0.1496197,0.03704211,0.11879129,0.05734008,0.74222624,0.007120707,0.12858619,0.021842161,0.16272438,0.050207645,null,null,null,null,"TWOGAUSSIANS",8,6.3776445,0.74222624,0.007120707,0.4,0.0,0.119986296,0.012116238,0.27437326,0.007164967,0.4,0.0,0.07520475,0.005539365
375316653866487564,4271359441327297920,0.47657233,2189.0229292969125,3.95609587862764,3.7521877E-5,19.253036,0.021616662,0.27670294,0.016799174,0.06750295,0.014748343,0.31758368,0.063387066,0.7947314,0.02610275,0.066009566,0.013118194,0.5343658,0.16336037,null,null,null,null,"TWOGAUSSIANS",8,3.440028,0.7947314,0.02610275,0.36965358,0.07346189,0.5339248,0.16325721,0.27670294,0.016799174,0.37801653,0.06351748,0.3171427,0.0633697
375316653866487564,4271361605990756736,0.6208223,2190.912815839622,1.5771275279312127,9.381266E-5,18.877354,0.007116995,0.8739695,0.04673987,0.061477873,0.05595258,0.043553997,543.155,0.58460456,0.0039605247,0.06580088,0.0044278963,0.75577503,0.01534143,null,null,null,null,"TWOGAUSSIANS",8,2.6303148,0.58460456,0.003963713,0.36848494,0.02479622,0.75577563,0.015195974,0.8736895,0.051543754,0.3442761,0.25119236,0.04360214,543.155
375316653866487564,4271361782091909376,0.50286615,2190.9519588503376,3.3061037255484242,3.382931E-5,19.191902,0.033305172,0.29957882,0.0051232255,0.096600555,0.023107728,0.24441579,0.026653912,0.8023493,0.0052483673,0.09379561,0.014819162,0.22123101,0.031008733,null,null,null,null,"TWOGAUSSIANS",8,1.6403835,0.29957882,0.0051232255,0.4,0.0,0.23017351,0.016388848,0.8023493,0.0052483673,0.4,0.0,0.20698918,0.01601551
375316653866487564,4271362946020846720,0.5006889,2238.330153389295,2.078788953652181,9.372219E-6,19.342234,0.09031026,0.2936505,0.0035124663,0.112112276,0.014319241,0.40210775,0.082879476,0.787513,0.009239647,0.14384077,0.035058074,0.2782923,0.08694093,null,null,null,null,"TWOGAUSSIANS",8,1.3766695,0.2937905,0.0034400406,0.4,0.0,0.31301895,0.0117369285,0.787513,0.009239647,0.4,0.0,0.18790595,0.013005281
375316653866487564,4271368993334672000,0.53052324,2178.4384246045774,2.7519979804846533,2.772427E-5,19.266464,0.024990771,0.26015493,0.005013048,0.091420256,0.0112308925,0.31405208,0.027786525,0.7630112,0.008589581,0.09527906,0.012516164,0.2936309,0.029905804,null,null,null,null,"TWOGAUSSIANS",8,1.6652352,0.26015493,0.005013048,0.4,0.0,0.29792175,0.02459548,0.7630112,0.008589581,0.4,0.0,0.27750018,0.02434745
375316653866487564,4271369096413848704,0.57688713,2187.7198509291393,1.1292189248081663,2.2319571E-5,17.746744,0.014949091,0.16380307,0.00293728,0.10282531,0.011354052,0.1334508,0.013441072,0.6567759,0.0075235837,0.083242044,0.01152475,0.25686535,0.030789504,null,null,null,null,"TWOGAUSSIANS",8,1.6529422,0.6567759,0.0075235837,0.4,0.0,0.24830459,0.033182696,0.16380307,0.00293728,0.4,0.0,0.124887995,0.0057390714
375316653866487564,4271370646897861632,0.51899165,2162.572799314341,0.10773794107793778,5.69136E-6,19.724016,0.0156675,0.37995207,0.0049471017,0.033873193,0.0045562326,0.6360324,0.11937499,0.8072965,0.003667758,0.03711626,0.005546936,0.8605187,0.19212481,null,null,null,null,"TWOGAUSSIANS",8,2.9847548,0.8072965,0.003667758,0.20785104,0.03106284,0.8605187,0.19212481,0.37995207,0.0049471017,0.18968987,0.025514904,0.6360324,0.11937499
375316653866487564,4271373666254225536,0.4968741,2198.611410550789,1.5340657279591228,2.8859551E-5,18.749907,0.00687904,0.9885893,1.8785112E-4,0.0040596356,0.0017587212,0.011379789,0.0066396976,0.5860335,0.03169889,0.08481739,0.020643739,0.24564354,0.03767496,null,null,null,null,"TWOGAUSSIANS",8,2.0536797,0.5860335,0.03169889,0.4,0.0,0.24564353,0.03767242,0.9885893,1.7785892E-4,0.02273396,0.009848839,0.011382929,0.006868504
375316653866487564,4271373979799108480,0.56381124,2238.589399800197,3.7528849912379663,2.0228668E-5,13.878333,0.13074048,0.22362079,0.0047637727,0.067662634,0.037932135,0.39619988,8.037037,0.71290123,0.008034898,0.071227066,0.024033824,0.49165705,0.21322437,0.058205307,0.12423993,0.22362079,0.0047637727,"TWOGAUSSIANS_WITH_ELLIPSOIDAL_ON_ECLIPSE1",9,604.26935,0.71383125,0.006355156,0.3988716,0.04935648,0.6065522,0.12739006,0.22362079,0.0047637727,0.37891075,0.18712251,0.5115768,8.108628
375316653866487564,4271375212447430400,0.62936807,2272.498579406138,1.026502736979165,1.4107285E-5,15.373247,0.03242536,0.26529315,0.019572482,0.102859184,0.059675574,0.15917948,0.025503865,0.7707837,0.0018930344,0.0897032,0.0065785153,0.21753031,0.029762471,null,null,null,null,"TWOGAUSSIANS",8,9.493291,0.7707837,0.0018930344,0.4,0.0,0.20586765,0.0040464667,0.26529315,0.019572482,0.4,0.0,0.14751448,0.055171598
375316653866487564,4271375315526712064,0.48800954,2220.973415124554,3.5927310489346045,1.7989589E-5,19.553448,0.00932421,0.1903879,0.015620131,0.08390684,0.01313433,0.25181335,0.019362701,0.68044865,0.010358652,0.052128896,0.010570674,0.28377387,0.024962232,null,null,null,null,"TWOGAUSSIANS",8,1.6134076,0.68044865,0.010358652,0.29192182,0.059195776,0.28331944,0.025124848,0.1903879,0.015620131,0.4,0.0,0.2513589,0.019351855
375316653866487564,4271375865282604032,0.52360517,2256.3980035294467,1.7160552011843788,2.1982209E-4,18.322458,0.0040690484,0.26118627,1.21885794E-4,0.02969694,6.189897E-4,0.84631467,0.028216464,null,null,null,null,null,null,null,null,null,null,"ONEGAUSSIAN",5,3.9027479,0.26118627,1.21885794E-4,0.16630286,0.0034663423,0.84631467,0.0,null,null,null,null,null,null
375316653866487564,4271376728578173824,0.5405579,2202.15748136946,2.588249897665604,2.8325201E-5,18.392399,0.038928803,0.28401998,0.009006862,0.09020288,0.017503273,0.410677,0.03808586,0.75440395,0.0069407057,0.08558177,0.013014207,0.5624715,0.04212642,null,null,null,null,"TWOGAUSSIANS",8,13.643674,0.75440395,0.0069407057,0.4,0.0,0.55226576,0.04113865,0.28401998,0.009006862,0.4,0.0,0.40047088,0.03627542
375316653866487564,4271377450132729984,0.52616435,2255.9144907181676,3.2610668250146277,3.343415E-5,19.441992,0.01567974,0.4158959,0.039545305,0.09328762,0.06033583,0.29030138,0.122648016,0.6269669,0.026943147,0.0684256,0.014624932,0.3110105,0.1057606,null,null,null,null,"TWOGAUSSIANS",8,1.130536,0.6269669,0.026943147,0.38318336,0.05042861,0.33345622,0.07706398,0.4201759,0.16784236,0.4,0.0,0.2932243,0.052305054
375316653866487564,4271378029946222208,0.5258932,2250.5803586945344,2.789592303909887,2.0604117E-5,18.486298,0.016106656,0.31414476,0.010084274,0.080035135,0.011287042,0.28535053,0.042076387,0.8188406,0.007609359,0.08007081,0.008946088,0.27896082,0.023959223,null,null,null,null,"TWOGAUSSIANS",8,5.282584,0.31414476,0.010084274,0.4,0.0,0.28142625,0.04324372,0.8188406,0.007609359,0.4,0.0,0.27503657,0.02344223
375316653866487564,4271379030680931840,0.5287179,2252.540598477805,0.8019873687645991,2.538109E-4,18.887865,0.01221557,0.12593044,0.0053713582,0.029943714,0.00578846,0.33315408,0.07743426,0.62245643,0.021112826,0.026457222,0.018852022,0.45821908,2183165.5,null,null,null,null,"TWOGAUSSIANS",8,6.752355,0.62245643,0.021112826,0.14816044,0.10557132,0.45821908,2183165.5,0.12593044,0.0053713582,0.16768481,0.032415375,0.33315408,0.07743426
375316653866487564,4271379713578622976,0.49458423,2193.025119739744,3.090459714947551,2.3126253E-5,19.385794,0.056547593,0.19656777,0.017462563,0.110859394,0.06045924,0.18808608,0.042767234,0.7020694,0.0057480126,0.06626321,0.016070602,0.32368082,0.04911868,null,null,null,null,"TWOGAUSSIANS",8,2.2696455,0.7020694,0.0057395566,0.37107396,0.08323835,0.3162249,0.029443817,0.19656777,0.017462563,0.4,0.0,0.18061544,0.054394256
375316653866487564,4271381122323519232,0.57906574,2260.993091013911,4.22829844456748,1.7754757E-5,19.573942,0.026868612,0.26064223,0.008751875,0.07180806,0.014817542,0.59554833,0.050455373,0.7526217,0.003284446,0.07414086,0.0063745845,0.68037724,0.07911393,null,null,null,null,"TWOGAUSSIANS",8,1.8000695,0.7526217,0.003284446,0.4,0.005384935,0.6773969,0.08013768,0.26064223,0.008751875,0.4,0.039022755,0.592568,0.053007703
375316653866487564,4271383463083832960,0.54476786,2201.8773612133455,0.735219003603255,6.725625E-5,19.653229,0.0050366754,0.17954782,4.8368535E-4,0.035671156,7.9573574E-4,0.99663895,0.0022070645,0.78048545,0.011377592,0.04194944,0.007305429,0.15986714,0.014791303,null,null,null,null,"TWOGAUSSIANS",8,1.6697012,0.17954782,4.8368535E-4,0.19975847,0.00445612,0.99663895,0.0022070645,0.78048545,0.011377592,0.23491687,0.0409104,0.15986714,0.014791303
375316653866487564,4271383806671710080,0.52557653,2217.628805644289,2.6974446384835162,4.7023776E-5,19.526398,0.018088026,0.20278293,0.010564159,0.06476816,0.013716316,0.5604103,0.22146061,0.6867775,0.0032078275,0.08778171,0.00561672,0.5343187,0.04742029,null,null,null,null,"TWOGAUSSIANS",8,2.573418,0.20278293,0.010564159,0.36270165,0.07681137,0.55688167,0.22363912,0.6867775,0.0032078275,0.4,0.0,0.53078985,0.047790073
375316653866487564,4271384970612204288,0.48344916,2238.3533363047923,3.1865968523132477,1.7811619E-5,18.329437,0.007988385,0.3596584,0.014146966,0.07904639,0.0144462045,0.13247912,0.015451035,0.8620086,0.007381384,0.06084628,0.009170117,0.10558919,0.014530675,null,null,null,null,"TWOGAUSSIANS",8,2.9523485,0.3596584,0.014146966,0.4,0.0028405164,0.13210186,0.015387931,0.8620086,0.007381384,0.34073916,0.051352654,0.10521193,0.014476702
375316653866487564,4271386722959088512,0.5458915,2252.686000453186,2.591067146492492,3.9171955E-5,19.291851,0.017894642,0.28533658,0.009806444,0.07129387,0.00842803,0.4199508,0.092513375,0.75504726,0.005530018,0.102209285,0.012306941,0.39262214,0.015885439,null,null,null,null,"TWOGAUSSIANS",8,1.8302633,0.28534657,0.009815202,0.39924568,0.027166514,0.41254002,0.092686005,0.75504726,0.005530018,0.4,0.0,0.38520062,0.016390659
375316653866487564,4271387238354941696,0.5335739,2239.0603066404915,1.7733052314888007,1.960557E-5,19.291538,0.00749863,0.3109231,0.004057217,0.015953502,0.010122133,0.25038636,1122.6908,0.63741267,0.011640905,0.06434337,0.0065573994,0.41730407,0.040678065,null,null,null,null,"TWOGAUSSIANS",8,2.3222542,0.63741267,0.011640905,0.3603229,0.03672144,0.41730407,0.040678065,0.3109231,0.004057217,0.08933961,0.056683946,0.25038743,1122.6908
375316653866487564,4271387856830355072,0.49678695,2223.379267426539,0.29380642117799877,4.6362467E-5,18.184242,0.023501784,0.25139815,0.0052407067,0.008695609,0.0044583357,0.8644998,42.058544,null,null,null,null,null,null,0.03965213,0.033945687,0.25139815,0.0052407067,"ONEGAUSSIAN_WITH_ELLIPSOIDAL",6,38.57031,0.25139815,0.0052407067,0.04869541,0.024966681,0.9438041,42.059654,null,null,null,null,null,null
375316653866487564,4271389098071650944,0.5313433,2274.8088852596416,1.9328282315064003,4.167566E-5,19.06818,0.008273088,0.11026503,0.0116141895,0.040124215,0.008258561,0.49932042,0.14176036,0.6533946,0.004388331,0.013888954,0.002092907,0.6846397,0.4271116,null,null,null,null,"TWOGAUSSIANS",8,3.2453332,0.6533946,0.004388331,0.077778146,0.011720279,0.6846397,0.4271116,0.11026503,0.0116141895,0.2246956,0.046247937,0.49932042,0.14176036
375316653866487564,4271391773841559808,0.4943339,2285.104934638172,3.7243700915163402,4.2229625E-5,19.359451,0.011322187,0.2544319,0.0127702225,0.07598779,0.011784614,0.24094933,0.02516291,0.74438524,0.009226687,0.07362063,0.015262292,0.22736217,0.059437014,null,null,null,null,"TWOGAUSSIANS",8,3.1019402,0.2544319,0.0127702225,0.4,0.0015130552,0.23954764,0.02507063,0.74438524,0.009226687,0.4,0.030934708,0.22596046,0.06057076
375316653866487564,4271392254877085056,0.5017892,2207.7964361558384,2.5037714604590415,2.3638566E-5,18.216974,0.029228551,0.2826321,0.007205445,0.08746609,0.012524847,0.23029988,0.03261337,0.7932316,0.01720173,0.093866765,0.024524512,0.22723883,0.033095945,null,null,null,null,"TWOGAUSSIANS",8,7.170014,0.2826321,0.007205445,0.4,0.0,0.2216252,0.024773303,0.7932316,0.01720173,0.4,0.0,0.21856382,0.029192274
375316653866487564,4271392873352431872,0.58621264,2292.4047808085866,3.6447083788387507,8.045291E-6,17.267906,0.012072922,0.30987072,0.006355597,0.07735095,0.004372575,0.5084514,0.042379998,0.7904106,0.0033519263,0.07878554,0.0054866974,0.39648628,0.019372689,null,null,null,null,"TWOGAUSSIANS",8,12.807078,0.30987072,0.006355597,0.4,0.0,0.50491273,0.04221299,0.7904106,0.0033519263,0.4,0.0,0.3929476,0.019686481
