Gaia/vari_eclipsing_binary/VariEclipsingBinary_483387-483399.csv
# %ECSV 1.0
# ---
# delimiter: ','
# meta: !!omap
# - RELEASE: Gaia DR3
# - TABLE: vari_eclipsing_binary
# - DESCRIPTION: >
#     This table describes the properties of the eclipsing binaries resulting from the variability analysis. 
# - CITATION: >
#     How to cite and acknowledge Gaia: 
#     https://gea.esac.esa.int/archive/documentation/credits.html 
# - KNOWN_ISSUES: >
#     Known issues: 
#     https://www.cosmos.esa.int/web/gaia-users/known-issues 
# - DOCUMENTATION: >
#     Tutorials and documentation: 
#     https://www.cosmos.esa.int/web/gaia-users/archive 
# datatype:
# - 
#   name: solution_id
#   datatype: int64
#   description: Solution Identifier
#   meta:
#     ucd: meta.version
# - 
#   name: source_id
#   datatype: int64
#   description: Unique source identifier
#   meta:
#     ucd: meta.id;meta.main
# - 
#   name: global_ranking
#   datatype: float32
#   description: Number between 0 (worst) and 1 (best)
#   meta:
#     ucd: stat.param
# - 
#   name: reference_time
#   datatype: float64
#   unit: d
#   description: Reference time used for the geometric model fit
#   meta:
#     ucd: time.epoch
# - 
#   name: frequency
#   datatype: float64
#   unit: d**-1
#   description: Frequency of geometric model of the eclipsing binary light curve
#   meta:
#     ucd: src.orbital
# - 
#   name: frequency_error
#   datatype: float32
#   unit: d**-1
#   description: "Uncertainty of \\texttt{frequency}"
#   meta:
#     ucd: stat.error
# - 
#   name: geom_model_reference_level
#   datatype: float32
#   unit: mag
#   description: Magnitude reference level of geometric model
#   meta:
#     ucd: phot.mag;em.opt
# - 
#   name: geom_model_reference_level_error
#   datatype: float32
#   unit: mag
#   description: "Uncertainty of \\texttt{geomModelReferenceLevel}"
#   meta:
#     ucd: stat.error;phot.mag;em.opt
# - 
#   name: geom_model_gaussian1_phase
#   datatype: float32
#   description: Phase of the Gaussian 1 component
#   meta:
#     ucd: time.phase
# - 
#   name: geom_model_gaussian1_phase_error
#   datatype: float32
#   description: "Uncertainty of \\texttt{geomModelGaussian1Phase}"
#   meta:
#     ucd: stat.error;time.phase
# - 
#   name: geom_model_gaussian1_sigma
#   datatype: float32
#   description: "Standard deviation [phase] of Gaussian 1 component"
#   meta:
#     ucd: stat.stdev
# - 
#   name: geom_model_gaussian1_sigma_error
#   datatype: float32
#   description: "Uncertainty of \\texttt{geomModelGaussian1Sigma}"
#   meta:
#     ucd: stat.error
# - 
#   name: geom_model_gaussian1_depth
#   datatype: float32
#   unit: mag
#   description: Magnitude depth of Gaussian 1 component
#   meta:
#     ucd: src.var.amplitude
# - 
#   name: geom_model_gaussian1_depth_error
#   datatype: float32
#   unit: mag
#   description: "Uncertainty of \\texttt{geomModelGaussian1Depth}"
#   meta:
#     ucd: stat.error;src.var.amplitude
# - 
#   name: geom_model_gaussian2_phase
#   datatype: float32
#   description: Phase of Gaussian 2 component
#   meta:
#     ucd: time.phase
# - 
#   name: geom_model_gaussian2_phase_error
#   datatype: float32
#   description: "Uncertainty of \\texttt{geomModelGaussian2Phase}"
#   meta:
#     ucd: stat.error;time.phase
# - 
#   name: geom_model_gaussian2_sigma
#   datatype: float32
[...]
#   datatype: float32
#   description: "Secondary eclipse: uncertainty of \\texttt{derivedSecondaryEclDuration}"
#   meta:
#     ucd: stat.error;time.duration
# - 
#   name: derived_secondary_ecl_depth
#   datatype: float32
#   unit: mag
#   description: "Secondary eclipse: depth"
#   meta:
#     ucd: src.var.amplitude
# - 
#   name: derived_secondary_ecl_depth_error
#   datatype: float32
#   unit: mag
#   description: "Secondary eclipse: uncertainty of \\texttt{derivedSecondaryEclDepth}"
#   meta:
#     ucd: stat.error;src.var.amplitude
solution_id,source_id,global_ranking,reference_time,frequency,frequency_error,geom_model_reference_level,geom_model_reference_level_error,geom_model_gaussian1_phase,geom_model_gaussian1_phase_error,geom_model_gaussian1_sigma,geom_model_gaussian1_sigma_error,geom_model_gaussian1_depth,geom_model_gaussian1_depth_error,geom_model_gaussian2_phase,geom_model_gaussian2_phase_error,geom_model_gaussian2_sigma,geom_model_gaussian2_sigma_error,geom_model_gaussian2_depth,geom_model_gaussian2_depth_error,geom_model_cosine_half_period_amplitude,geom_model_cosine_half_period_amplitude_error,geom_model_cosine_half_period_phase,geom_model_cosine_half_period_phase_error,model_type,num_model_parameters,reduced_chi2,derived_primary_ecl_phase,derived_primary_ecl_phase_error,derived_primary_ecl_duration,derived_primary_ecl_duration_error,derived_primary_ecl_depth,derived_primary_ecl_depth_error,derived_secondary_ecl_phase,derived_secondary_ecl_phase_error,derived_secondary_ecl_duration,derived_secondary_ecl_duration_error,derived_secondary_ecl_depth,derived_secondary_ecl_depth_error
[from data line 750]
375316653866487564,4252026801431943808,0.55051184,2238.1919090481283,1.53265958159759,1.7387543E-5,16.664692,0.12536748,0.2852313,0.0072518103,0.12423235,0.04124457,0.8803455,0.43701193,0.89719415,0.009579542,0.05047399,0.007995918,0.56239414,0.11200115,null,null,null,null,"TWOGAUSSIANS",8,58.12689,0.2852313,0.0072518103,0.4,0.0,0.8772705,0.44210097,0.89797413,0.0094286585,0.28265435,0.044777144,0.56609017,0.119611174
375316653866487564,4252026904511030272,0.48634514,2228.348129429197,0.3904374854277559,8.639428E-5,18.777002,0.029182447,0.24002677,0.009396425,0.09484895,0.03020872,0.11701742,0.016895218,0.7462606,0.022109205,0.098328,0.04932668,0.114835836,0.020542862,null,null,null,null,"TWOGAUSSIANS",8,1.6092075,0.24002677,0.009384762,0.4,0.0025991942,0.109539784,0.0062826765,0.7462606,0.022109874,0.4,0.06297911,0.10735785,0.013326494
375316653866487564,4252026938870842240,0.59135324,2278.1596558988304,2.6857090176095175,1.200566E-5,17.823734,0.016825382,0.23729277,0.0040975404,0.07671286,0.0064378134,0.6409423,0.023748701,0.73485994,0.016277364,0.07201606,0.012121499,0.48751327,0.08443779,null,null,null,null,"TWOGAUSSIANS",8,10.5876665,0.23729277,0.0040975404,0.4,0.0,0.6372114,0.024760934,0.73485994,0.016277364,0.4,0.031504434,0.48378238,0.0843019
375316653866487564,4252027385545475840,0.4496858,2212.4784607768115,1.6431569986358638,1.5736863E-4,18.42403,0.013896565,0.28840286,0.02934717,0.095154054,0.027080854,0.114593394,0.03144636,0.64297783,0.06584266,0.06693549,0.053829644,0.11129047,0.089741744,null,null,null,null,"TWOGAUSSIANS",8,5.0114064,0.28840286,0.029336609,0.4,0.0,0.11451314,0.031410504,0.64297783,0.06584266,0.37483874,0.2515909,0.11132077,0.0899681
375316653866487564,4252027488624735360,0.51960516,2172.038988119968,2.590358535622052,8.992479E-6,16.58454,0.0049616788,0.20662609,0.0056342175,0.016929556,0.0077296076,0.06286663,0.052059967,0.73534817,0.066460766,0.061052527,0.042827815,0.060437176,8.4439125,0.07170918,0.017010039,0.20662609,0.0056342175,"TWOGAUSSIANS_WITH_ELLIPSOIDAL_ON_ECLIPSE1",9,24.658848,0.20662609,0.0056342175,0.09480551,0.043285802,0.20628305,0.04776283,0.73534817,0.066460766,0.34189415,0.23983575,0.19923323,8.44255
375316653866487564,4252027729145258752,0.47529528,2212.585155878459,1.200307255998055,8.050939E-5,17.258917,0.11221424,0.25332695,0.017641494,0.10094378,0.061405588,0.115646176,0.09688662,0.75422454,0.013220264,0.115272135,0.07077294,0.12356892,0.11101859,null,null,null,null,"TWOGAUSSIANS",8,7.4177856,0.75422454,0.01323285,0.4,0.0,0.10723559,0.009042695,0.25332695,0.017605951,0.4,0.0,0.09933206,0.024258679
375316653866487564,4252027930972939264,0.5427537,2257.2415652274717,1.4240174547381068,1.0040038E-5,18.181501,0.004308486,0.11582857,0.006316658,0.064602375,0.0106273005,0.14635731,0.05293257,0.61771977,0.0017536079,0.06579884,0.0026872884,0.3479779,0.029886024,null,null,null,null,"TWOGAUSSIANS",8,1.2332374,0.61771977,0.0017536079,0.3684735,0.015048816,0.3477045,0.029943481,0.11582857,0.006316658,0.3617733,0.059512883,0.1460839,0.05313243
375316653866487564,4252027935303989760,0.51530486,2226.2534772771055,0.6958259829386589,3.9314502E-5,17.767193,0.018938262,0.37304774,0.00663496,0.11452151,0.016001927,0.18046674,0.02095343,0.8179731,0.016632255,0.042794082,0.018307382,0.16186166,0.020524114,null,null,null,null,"TWOGAUSSIANS",8,1.3878592,0.37304774,0.00663496,0.4,0.0,0.17984776,0.018736454,0.8179731,0.016632255,0.23964687,0.10252134,0.16133937,0.019094657
375316653866487564,4252028205844411136,0.5532622,2208.8364104668563,1.0078913742341569,4.6460354E-5,18.325832,0.25261128,0.20837554,0.010890015,0.10345196,0.15179108,0.13087052,0.2386197,0.6759663,0.04003927,0.065045,0.056911837,0.2158944,0.17553468,null,null,null,null,"TWOGAUSSIANS",8,1.7227548,0.6759663,0.04042028,0.36425197,0.060717165,0.21382353,0.03817043,0.20837554,0.010866935,0.4,0.0,0.12879461,0.037034873
375316653866487564,4252028347677298432,0.47510478,2251.169661439022,2.9148686241802393,5.4545373E-5,17.480053,0.007149946,0.3340957,0.008865997,0.06408707,0.008090792,0.12414093,0.020153759,0.8395646,0.012137256,0.075372905,0.016716693,0.058501314,0.0062739877,null,null,null,null,"TWOGAUSSIANS",8,3.1331286,0.3340957,0.008865997,0.3588876,0.045308437,0.12391151,0.020266559,0.8395646,0.012137256,0.4,0.01868192,0.058271892,0.005869083
375316653866487564,4252028618171049472,0.4802554,2174.7956985396345,4.173323201550483,4.878747E-5,16.668528,0.003538334,0.31770796,0.025842097,0.07729743,0.018798187,0.06808684,0.02979005,0.81470066,0.011706314,0.082368806,0.012039465,0.06945561,0.008454429,null,null,null,null,"TWOGAUSSIANS",8,3.5108922,0.81470066,0.011706314,0.4,0.0,0.06849344,0.008463713,0.31770796,0.025842097,0.4,0.009009161,0.06712467,0.02999214
375316653866487564,4252028691274151680,0.62047344,2172.8638024065017,1.1949077963715746,5.992857E-6,16.839918,0.0143252155,0.3466237,0.01573107,0.044933364,0.026345389,0.11669485,0.123102054,0.85698855,0.004340536,0.044938356,0.003975259,0.64102507,0.07753899,0.019860616,0.018004496,0.3466237,0.01573107,"TWOGAUSSIANS_WITH_ELLIPSOIDAL_ON_ECLIPSE1",9,11.606136,0.85698855,0.004340536,0.2516548,0.022261452,0.680578,0.07637057,0.3466237,0.01573107,0.25162685,0.14753418,0.15641603,0.14666739
375316653866487564,4252028897452277632,0.47933108,2119.8313208357604,0.10410121937581852,9.725368E-5,19.182325,0.045033526,0.27576712,0.021875829,0.08767499,0.0428313,0.6622836,0.5283277,0.64705783,0.053172126,0.11057565,0.07308444,0.5610599,0.10255987,null,null,null,null,"TWOGAUSSIANS",8,16.008303,0.2764871,0.021120278,0.4,0.14216915,0.65646607,0.55215126,0.64705783,0.053172126,0.4,0.13681425,0.5533064,0.11063678
375316653866487564,4252029103533093504,0.6084007,2159.144438304156,3.172598849669089,1.3475927E-5,18.9361,0.013491435,0.22583495,0.013311271,0.076621555,0.011285029,0.35207355,0.062221263,0.723979,0.0077313334,0.06763928,0.013850238,0.52852553,0.08738581,null,null,null,null,"TWOGAUSSIANS",8,1.755558,0.723979,0.0077313334,0.37877995,0.062023662,0.526529,0.089295685,0.22583495,0.013311271,0.4,0.026588999,0.35007703,0.062333517
375316653866487564,4252029241030342144,0.4814452,2323.852062150134,1.5889725398129568,8.428787E-5,18.605911,0.0048422953,0.45300025,0.027134096,0.06327376,0.027430449,0.03193756,0.0054967967,0.7778854,0.0023868338,0.045509662,0.0072425352,0.125746,0.009938178,null,null,null,null,"TWOGAUSSIANS",8,1.880949,0.7778854,0.0023868338,0.2548541,0.040558197,0.12574606,0.009923497,0.45300025,0.027134096,0.35433304,0.044997018,0.03193756,0.0054968474
375316653866487564,4252029309693111680,0.47652233,2251.8891150120426,0.5504591376798009,9.618548E-5,18.937786,0.027480932,0.24453193,0.016544579,0.06959838,0.03036827,0.15991019,0.034244742,0.7497968,0.012703615,0.06107512,0.018559135,0.16595022,0.048684087,null,null,null,null,"TWOGAUSSIANS",8,3.043774,0.7497968,0.012703615,0.3420207,0.10393116,0.16576615,0.048322055,0.24453193,0.016544579,0.3897509,0.07291945,0.15972611,0.03441568
375316653866487564,4252029447132346112,0.49283734,2247.3315820330254,2.8942592605694677,5.368677E-5,18.506664,0.030793983,0.2995315,0.0067307916,0.08857647,0.014951711,0.2457613,0.033625416,0.79203385,0.0069995876,0.09975325,0.015419307,0.19417699,0.0297578,null,null,null,null,"TWOGAUSSIANS",8,2.888498,0.2995315,0.0067307916,0.4,0.0,0.23431572,0.028726334,0.79203385,0.0069995876,0.4,0.0,0.18273,0.017451352
375316653866487564,4252029756426334464,0.63564867,2237.8541803936264,1.17187915847954,1.2164803E-5,16.971275,0.0048419046,0.23542082,0.0066974154,0.10259771,0.007905559,0.09915436,0.00549256,0.7374874,0.0026274023,0.07831442,0.0048885127,0.18348356,0.006561937,null,null,null,null,"TWOGAUSSIANS",8,1.2692527,0.7374874,0.0026274023,0.4,0.0,0.17810674,0.007012352,0.23542082,0.0066974154,0.4,0.0,0.09377617,0.0041201077
375316653866487564,4252029859448703744,0.46347544,2217.7369005564233,1.7867297084967566,9.729682E-6,17.80847,0.0044707567,0.25701836,0.0036015846,0.03713589,0.0057786787,0.1551388,0.064177774,0.61778337,0.10891639,0.042525135,0.03957802,0.031636916,0.10022246,null,null,null,null,"TWOGAUSSIANS",8,1.9661857,0.25701836,0.0034498638,0.207961,0.032360602,0.1551388,0.06448865,0.61778337,0.10891639,0.23814075,0.18534325,0.031636916,0.10022246
375316653866487564,4252030095638925184,0.61996603,2254.697024646074,3.7633458501874157,9.410206E-6,17.798237,0.0151998345,0.19793312,0.006562953,0.066571295,0.012104889,0.5493031,0.1482495,0.7034974,0.0061354307,0.06273354,0.0058489116,0.7469554,0.025999159,null,null,null,null,"TWOGAUSSIANS",8,7.8119206,0.7034974,0.0061354307,0.35130784,0.032753903,0.7463451,0.02566528,0.19793312,0.006562953,0.37279928,0.03300331,0.5486928,0.14923303
375316653866487564,4252030271766318592,0.4919776,2240.3096637373105,2.0762075788119865,7.361009E-5,17.7439,0.030111767,0.25128296,0.052429304,0.10080062,0.04732752,0.13331032,0.05740299,0.7498547,0.005866952,0.06462358,0.018324176,0.1538603,0.02832726,null,null,null,null,"TWOGAUSSIANS",8,9.69567,0.7498547,0.005866952,0.36189207,0.098109044,0.15109152,0.024053155,0.25128296,0.052429304,0.4,0.0,0.13054031,0.05045118
375316653866487564,4252031027680565248,0.45698887,2212.868009937381,1.1637863124861767,5.825844E-5,18.147003,0.036299396,0.056195736,0.014485011,0.04330539,0.021296373,0.13777053,0.06569322,0.57946026,0.038938027,0.097434,0.06584847,0.09691103,0.03498292,null,null,null,null,"TWOGAUSSIANS",8,3.6630366,0.056195736,0.014482464,0.24251018,0.11925969,0.13757393,0.06545262,0.57946026,0.038938027,0.4,0.1489055,0.09671375,0.034233633
375316653866487564,4252031062040246912,0.54026216,2208.521663382716,3.7923173079888457,3.080521E-5,19.434546,0.022329938,0.24674144,0.018215975,0.065333754,0.01170807,0.63510334,0.085276455,0.7454997,0.010375744,0.0684289,0.0170535,0.37712654,0.102870606,null,null,null,null,"TWOGAUSSIANS",8,2.845349,0.24674144,0.018215975,0.36586905,0.044003513,0.6342372,0.08424579,0.7454997,0.010375744,0.3832018,0.044903412,0.37626034,0.1047673
