Gaia/vari_eclipsing_binary/VariEclipsingBinary_668975-669017.csv
# %ECSV 1.0
# ---
# delimiter: ','
# meta: !!omap
# - RELEASE: Gaia DR3
# - TABLE: vari_eclipsing_binary
# - DESCRIPTION: >
#     This table describes the properties of the eclipsing binaries resulting from the variability analysis. 
# - CITATION: >
#     How to cite and acknowledge Gaia: 
#     https://gea.esac.esa.int/archive/documentation/credits.html 
# - KNOWN_ISSUES: >
#     Known issues: 
#     https://www.cosmos.esa.int/web/gaia-users/known-issues 
# - DOCUMENTATION: >
#     Tutorials and documentation: 
#     https://www.cosmos.esa.int/web/gaia-users/archive 
# datatype:
# - 
#   name: solution_id
#   datatype: int64
#   description: Solution Identifier
#   meta:
#     ucd: meta.version
# - 
#   name: source_id
#   datatype: int64
#   description: Unique source identifier
#   meta:
#     ucd: meta.id;meta.main
# - 
#   name: global_ranking
#   datatype: float32
#   description: Number between 0 (worst) and 1 (best)
#   meta:
#     ucd: stat.param
# - 
#   name: reference_time
#   datatype: float64
#   unit: d
#   description: Reference time used for the geometric model fit
#   meta:
#     ucd: time.epoch
# - 
#   name: frequency
#   datatype: float64
#   unit: d**-1
#   description: Frequency of geometric model of the eclipsing binary light curve
#   meta:
#     ucd: src.orbital
# - 
#   name: frequency_error
#   datatype: float32
#   unit: d**-1
#   description: "Uncertainty of \\texttt{frequency}"
#   meta:
#     ucd: stat.error
# - 
#   name: geom_model_reference_level
#   datatype: float32
#   unit: mag
#   description: Magnitude reference level of geometric model
#   meta:
#     ucd: phot.mag;em.opt
# - 
#   name: geom_model_reference_level_error
#   datatype: float32
#   unit: mag
#   description: "Uncertainty of \\texttt{geomModelReferenceLevel}"
#   meta:
#     ucd: stat.error;phot.mag;em.opt
# - 
#   name: geom_model_gaussian1_phase
#   datatype: float32
#   description: Phase of the Gaussian 1 component
#   meta:
#     ucd: time.phase
# - 
#   name: geom_model_gaussian1_phase_error
#   datatype: float32
#   description: "Uncertainty of \\texttt{geomModelGaussian1Phase}"
#   meta:
#     ucd: stat.error;time.phase
# - 
#   name: geom_model_gaussian1_sigma
#   datatype: float32
#   description: "Standard deviation [phase] of Gaussian 1 component"
#   meta:
#     ucd: stat.stdev
# - 
#   name: geom_model_gaussian1_sigma_error
#   datatype: float32
#   description: "Uncertainty of \\texttt{geomModelGaussian1Sigma}"
#   meta:
#     ucd: stat.error
# - 
#   name: geom_model_gaussian1_depth
#   datatype: float32
#   unit: mag
#   description: Magnitude depth of Gaussian 1 component
#   meta:
#     ucd: src.var.amplitude
# - 
#   name: geom_model_gaussian1_depth_error
#   datatype: float32
#   unit: mag
#   description: "Uncertainty of \\texttt{geomModelGaussian1Depth}"
#   meta:
#     ucd: stat.error;src.var.amplitude
# - 
#   name: geom_model_gaussian2_phase
#   datatype: float32
#   description: Phase of Gaussian 2 component
#   meta:
#     ucd: time.phase
# - 
#   name: geom_model_gaussian2_phase_error
#   datatype: float32
#   description: "Uncertainty of \\texttt{geomModelGaussian2Phase}"
#   meta:
#     ucd: stat.error;time.phase
# - 
#   name: geom_model_gaussian2_sigma
#   datatype: float32
[...]
#   datatype: float32
#   description: "Secondary eclipse: uncertainty of \\texttt{derivedSecondaryEclDuration}"
#   meta:
#     ucd: stat.error;time.duration
# - 
#   name: derived_secondary_ecl_depth
#   datatype: float32
#   unit: mag
#   description: "Secondary eclipse: depth"
#   meta:
#     ucd: src.var.amplitude
# - 
#   name: derived_secondary_ecl_depth_error
#   datatype: float32
#   unit: mag
#   description: "Secondary eclipse: uncertainty of \\texttt{derivedSecondaryEclDepth}"
#   meta:
#     ucd: stat.error;src.var.amplitude
solution_id,source_id,global_ranking,reference_time,frequency,frequency_error,geom_model_reference_level,geom_model_reference_level_error,geom_model_gaussian1_phase,geom_model_gaussian1_phase_error,geom_model_gaussian1_sigma,geom_model_gaussian1_sigma_error,geom_model_gaussian1_depth,geom_model_gaussian1_depth_error,geom_model_gaussian2_phase,geom_model_gaussian2_phase_error,geom_model_gaussian2_sigma,geom_model_gaussian2_sigma_error,geom_model_gaussian2_depth,geom_model_gaussian2_depth_error,geom_model_cosine_half_period_amplitude,geom_model_cosine_half_period_amplitude_error,geom_model_cosine_half_period_phase,geom_model_cosine_half_period_phase_error,model_type,num_model_parameters,reduced_chi2,derived_primary_ecl_phase,derived_primary_ecl_phase_error,derived_primary_ecl_duration,derived_primary_ecl_duration_error,derived_primary_ecl_depth,derived_primary_ecl_depth_error,derived_secondary_ecl_phase,derived_secondary_ecl_phase_error,derived_secondary_ecl_duration,derived_secondary_ecl_duration_error,derived_secondary_ecl_depth,derived_secondary_ecl_depth_error
[from data line 467]
375316653866487564,5884656982856025984,0.5357001,2153.2285051294475,2.414886149757663,1.1769803E-5,19.784006,0.017679656,0.21240704,0.0029101626,0.07143038,0.00465684,0.56488514,0.030106371,0.71357137,0.0040610814,0.07937335,0.0061349114,0.50433886,0.031343564,null,null,null,null,"TWOGAUSSIANS",8,1.9075385,0.21240704,0.0029101626,0.4,0.013513036,0.5606391,0.030462356,0.71357137,0.0040610814,0.4,0.0,0.5000928,0.031479537
375316653866487564,5884659177598246272,0.58754236,2184.5723300125037,2.3512011960744656,6.3135753E-6,17.905308,0.007337434,0.2193748,0.0017330036,0.09158357,0.0033200965,0.32506177,0.006729743,0.71670604,0.0019315556,0.089981146,0.0039131516,0.3308025,0.006542233,null,null,null,null,"TWOGAUSSIANS",8,2.580759,0.71670604,0.0019315556,0.4,0.0,0.3165995,0.0058175847,0.2193748,0.0017330036,0.4,0.0,0.31085867,0.004473581
375316653866487564,5884659319316598656,0.53936046,2197.2948993528735,1.6832822842543256,7.5761964E-6,18.738157,0.006616939,0.22557577,0.0018328484,0.06347209,0.0026410017,0.40718046,0.014517325,0.7314078,0.0065551884,0.08503669,0.009792128,0.19039074,0.0074131945,null,null,null,null,"TWOGAUSSIANS",8,2.555138,0.22557577,0.0018328484,0.35544375,0.01478961,0.4056223,0.014655297,0.7314078,0.0065551884,0.4,0.0,0.18883255,0.0074443864
375316653866487564,5884659383744336384,0.44139406,2191.4212583426906,2.337243729521295,4.7714373E-5,18.75586,0.014195151,0.14802568,0.0070239007,0.038062178,0.010015688,0.12807287,0.035294466,0.6538882,0.008912569,0.108696684,0.011723862,0.20594461,0.018689688,null,null,null,null,"TWOGAUSSIANS",8,13.001215,0.6538882,0.008912569,0.4,0.0,0.20509806,0.018253198,0.14802568,0.0070239007,0.21314819,0.05608785,0.1272371,0.035382446
375316653866487564,5884660070938645632,0.5043288,2199.844190172358,0.3447128419688675,1.8557457E-5,14.089554,0.0075013065,0.2830531,0.0038703713,0.069468796,0.0049321847,0.3307508,0.013431505,0.76186675,0.00653154,0.05161419,0.007665773,0.12277635,0.016017117,null,null,null,null,"TWOGAUSSIANS",8,696.7807,0.2830531,0.0038703713,0.38902527,0.023149876,0.3307103,0.013430699,0.76186675,0.00653154,0.2890395,0.042928327,0.122735836,0.016026398
375316653866487564,5884660556267523840,0.53298455,2167.1435286266596,0.3071910445052344,2.5034882E-5,19.246996,0.0041306275,0.20208853,5.870833E-5,0.0073527307,9.533568E-5,0.57474935,0.0044960286,0.8634923,0.0033161573,0.0095982095,0.0024510173,0.5122074,0.029866084,null,null,null,null,"TWOGAUSSIANS",8,2.485675,0.20208853,5.870833E-5,0.04117529,5.338798E-4,0.57474935,0.0044960286,0.8634923,0.0033161573,0.05374997,0.013725697,0.5122074,0.029866084
375316653866487564,5884660624986985600,0.48172763,2181.782905923387,1.6749821147973911,5.750735E-5,19.557178,0.08030983,0.24212715,0.008860235,0.09984126,0.023020279,0.3030475,0.081941314,0.7601253,0.009048061,0.09800535,0.030643215,0.34289795,0.06771345,null,null,null,null,"TWOGAUSSIANS",8,2.9520426,0.7601253,0.009020486,0.4,0.0,0.32198885,0.027025428,0.24212715,0.008842203,0.4,0.0,0.28213757,0.03702352
375316653866487564,5884660762457709568,0.54932624,2207.3361884235346,2.740277049449149,1.0343352E-5,15.288341,0.012832086,0.14772026,0.0023485464,0.05330261,0.008608484,0.14192984,0.03206489,0.64037025,0.00543204,0.059491284,0.010272934,0.19493741,0.02776881,0.09261018,0.016627055,0.14772026,0.0023485464,"TWOGAUSSIANS_WITH_ELLIPSOIDAL_ON_ECLIPSE1",9,81.18409,0.64191025,0.0041613174,0.3331512,0.05752843,0.37982646,0.019294994,0.14772026,0.0023485464,0.2984946,0.04820751,0.32713094,0.017418958
375316653866487564,5884660831177201280,0.5707736,2196.9999387083517,4.565947371392641,1.0753398E-6,17.294624,0.0023127266,0.7163517,9.792877E-7,0.002809629,1.0318638E-5,3.0311742,0.024437012,0.890654,1.8303052E-5,0.0022227457,1.4892984E-4,0.02423251,0.0023057528,null,null,null,null,"TWOGAUSSIANS",8,12.930223,0.7163517,9.792877E-7,0.015733922,5.778437E-5,3.0311742,0.024437012,0.890654,1.8303052E-5,0.012447376,8.340071E-4,0.02423251,0.0023057528
375316653866487564,5884661106023220736,0.51035386,2179.237513003343,0.5233005336313674,1.3065525E-5,19.562893,0.010975927,0.17995098,0.0029511272,0.041067082,0.0028493218,0.42822662,0.024051158,0.67702484,0.008754026,0.049996886,0.011384462,0.34966648,0.023911454,null,null,null,null,"TWOGAUSSIANS",8,3.3133562,0.17995098,0.0029511272,0.22997566,0.015956203,0.42822644,0.024050776,0.67702484,0.008754026,0.27998257,0.06375299,0.3496663,0.023911757
375316653866487564,5884661621419545856,0.5365408,2158.6926446255634,3.4084540156571714,1.1511659E-5,19.384434,0.011081127,0.26388308,0.0068609565,0.07176654,0.0054705595,0.39906687,0.029228745,0.758556,0.0038826736,0.07598916,0.0054694237,0.36203203,0.020287791,null,null,null,null,"TWOGAUSSIANS",8,2.8766305,0.26388308,0.0068609565,0.4,0.011725083,0.39687797,0.029015228,0.758556,0.0038826736,0.4,0.0,0.35984313,0.020310795
375316653866487564,5884661685848285056,0.5162091,2191.7523116112156,0.9311476950508601,1.3822095E-5,18.178892,0.018054483,0.3219987,0.006032341,0.05226309,0.009852523,0.3266869,0.034179583,0.801023,0.0078066257,0.039291695,0.010581775,0.26723707,0.04246839,0.04826386,0.023745012,0.3219987,0.006032341,"TWOGAUSSIANS_WITH_ELLIPSOIDAL_ON_ECLIPSE1",9,18.114058,0.3219987,0.006032341,0.2926733,0.055174127,0.42321104,0.028638288,0.801903,0.0076343725,0.22003348,0.059257936,0.36216345,0.028243078
375316653866487564,5884662033736723328,0.5013455,2173.6100589547805,3.5495618416392265,1.7780685E-5,19.121902,0.0154363075,0.25507095,0.008287588,0.09273864,0.011402578,0.18198149,0.01932108,0.76596814,0.0045149173,0.08939052,0.009284512,0.2187318,0.014806332,null,null,null,null,"TWOGAUSSIANS",8,1.9610643,0.76596814,0.0045149173,0.4,0.0,0.21094899,0.010123839,0.25507095,0.008287588,0.4,0.0,0.17419854,0.01733559
375316653866487564,5884662136815753728,0.5326018,2204.78691218727,0.7705664881467025,6.741648E-6,17.324205,0.0020505302,0.27432323,0.0010522347,0.029527338,0.0011471474,0.201093,0.007131787,0.7768677,0.0017464705,0.030511476,0.0018423332,0.18696296,0.0081194425,0.011122536,0.0035734747,0.27432323,0.0010522347,"TWOGAUSSIANS_WITH_ELLIPSOIDAL_ON_ECLIPSE1",9,4.598769,0.27432323,0.0010522347,0.1653531,0.0064240256,0.22333804,0.005722451,0.7768677,0.0017464705,0.17086427,0.010317066,0.2092023,0.00807602
375316653866487564,5884662239926484480,0.5570314,2195.9846429991157,0.0832234730174143,1.228812E-5,16.819267,0.001178621,0.30919793,9.2121953E-4,0.010138527,0.002580123,0.054616965,0.03476694,0.9214621,4.564312E-4,0.0067738676,8.447113E-4,0.24869339,0.013169652,4.2978517E-4,0.0015526175,0.30919793,9.2121953E-4,"TWOGAUSSIANS_WITH_ELLIPSOIDAL_ON_ECLIPSE1",9,6.143452,0.9214621,4.564312E-4,0.03793366,0.0047303834,0.24919167,0.013275907,0.30919793,9.2121953E-4,0.056775745,0.014448689,0.055476535,0.03723591
375316653866487564,5884662407401329024,0.6423231,2194.7792499753973,0.46121061792621937,1.2090013E-5,17.294516,0.0035346542,0.33988202,0.0023701354,0.030268088,0.00117172,1.9244815,0.08752906,0.8367981,0.002461221,0.034530982,0.0028783805,0.10690655,0.012897284,0.012596466,0.0055589406,0.33988202,0.0023701354,"TWOGAUSSIANS_WITH_ELLIPSOIDAL_ON_ECLIPSE1",9,10.122732,0.33988202,0.0023701354,0.16950129,0.0065616323,1.9496744,0.0833895,0.8368681,0.0024070737,0.1933735,0.01611893,0.13209018,0.010746387
375316653866487564,5884662579212182784,0.4790328,2195.576198359808,2.5260414301054275,1.7932121E-5,18.552536,0.09789547,0.26748,0.0038653063,0.12519668,0.033695523,0.2531744,0.09250519,0.7559168,0.0040161894,0.11767078,0.032966543,0.25284162,0.087626904,null,null,null,null,"TWOGAUSSIANS",8,5.1584425,0.26753,0.003907135,0.4,0.0,0.19822411,0.012834636,0.7559168,0.0040161894,0.4,0.0,0.19801094,0.01160066
375316653866487564,5884663167609810432,0.49116373,2177.4645726978815,4.284780048035129,8.579898E-5,18.815733,0.02722071,0.13822877,0.024761034,0.01091444,0.012341456,0.5906359,242.32272,0.54993147,0.0066936864,0.15978682,0.013163366,0.45103794,0.024887227,null,null,null,null,"TWOGAUSSIANS",8,14.15759,0.13827878,0.024835635,0.061120864,0.06911215,0.60072726,242.32262,0.54993147,0.0066936864,0.4,0.0,0.44429263,0.019772569
375316653866487564,5884663339406669440,0.48628148,2203.985962595546,3.494434640818552,3.4653887E-5,18.262836,0.0047230376,0.3006228,0.0051122946,0.09089373,0.006787774,0.117337584,0.009427574,0.77698404,0.0057226275,0.076804474,0.009745344,0.13427247,0.007046909,null,null,null,null,"TWOGAUSSIANS",8,2.8860245,0.77698404,0.0057226275,0.4,0.0,0.13237585,0.007745798,0.3006228,0.0051122946,0.4,0.0,0.11544084,0.009467283
375316653866487564,5884663476845690624,0.48134428,2179.1929023602606,2.4758661943473506,2.6818341E-5,19.154436,0.0040195985,null,null,null,null,null,null,null,null,null,null,null,null,0.081146695,0.005807037,0.24381138,0.0068130475,"ELLIPSOIDAL",4,2.5783656,null,null,null,null,null,null,null,null,null,null,null,null
375316653866487564,5884663579956363776,0.5407835,2218.05545282049,0.17302594676981267,3.3058764E-6,12.978917,0.0011963628,0.23749463,0.0018573061,0.02408792,0.0014070119,0.16731356,0.0029296526,0.8361991,9.94278E-4,0.019159362,8.848982E-4,0.30008465,0.004405855,0.004621929,0.0019220468,0.23749463,0.0018573061,"TWOGAUSSIANS_WITH_ELLIPSOIDAL_ON_ECLIPSE1",9,26.828255,0.8361991,9.94278E-4,0.10729242,0.00495543,0.3062062,0.0048999977,0.23749463,0.0018573061,0.13489236,0.0078792665,0.17655742,0.002812653
375316653866487564,5884664060961696384,0.5969494,2222.816414953916,0.46799091965473705,5.0980834E-6,18.297375,0.001747958,0.40945536,8.2190573E-4,0.013926447,4.9289106E-4,0.7658568,0.010534878,0.9080357,0.01238744,0.014636796,0.009516641,0.4334735,2.9890208,null,null,null,null,"TWOGAUSSIANS",8,2.7782521,0.40945536,8.2190573E-4,0.07798811,0.00276019,0.7658568,0.010534878,0.9080357,0.01238744,0.08196606,0.05329319,0.4334735,2.9890208
375316653866487564,5884664095352495232,0.5834105,2204.4605005355356,0.43802448609560385,9.474484E-6,13.981016,0.0013563373,0.22631596,0.00808714,0.045675762,0.0075978073,0.057486843,0.0065319096,0.72155637,0.0021332805,0.039877046,0.0019945682,0.13945675,0.0054919235,0.02744653,0.0019513572,0.72155637,0.0021332805,"TWOGAUSSIANS_WITH_ELLIPSOIDAL_ON_ECLIPSE2",9,67.69319,0.72155637,0.0021332805,0.22331145,0.011169582,0.19434977,0.0042205146,0.22566596,0.0071829013,0.25578424,0.04254772,0.11233745,0.0060517564
375316653866487564,5884664232796715264,0.4236167,2181.4134191042826,3.1726188213443764,1.1768077E-4,19.779594,0.007917574,0.24340591,0.018702023,0.07142372,0.022550885,0.15600139,0.022782573,0.75693166,0.013836925,0.056883864,0.008946693,0.14687681,0.029758211,null,null,null,null,"TWOGAUSSIANS",8,3.7279923,0.24340591,0.018702023,0.3999728,0.10316169,0.15590106,0.0229249,0.75693166,0.013836925,0.31854963,0.05010148,0.1467765,0.029763507
375316653866487564,5884664267151210880,0.5792393,2235.5208548598985,0.42944468979219325,1.1515757E-6,14.009028,4.5310048E-4,0.46037853,0.003107399,0.005305742,0.0035069077,0.010060298,0.18108127,0.6948372,0.001064167,0.032576796,0.0011802685,0.1872286,0.0058148257,null,null,null,null,"TWOGAUSSIANS",8,17.846674,0.6948372,0.001064167,0.18243006,0.0066095036,0.1872286,0.0058148257,0.46037853,0.003107399,0.029712155,0.019638684,0.010060298,0.18108127
375316653866487564,5884664885595711104,0.49439493,2139.6670418184153,2.8211736965542027,3.745047E-5,19.596527,0.021069888,0.2752817,0.0037186926,0.07239423,0.0065641543,0.35576642,0.022456763,0.77373075,0.007058204,0.08039827,0.011702863,0.2799045,0.023539837,null,null,null,null,"TWOGAUSSIANS",8,3.0789044,0.2752817,0.0037186926,0.4,0.023419978,0.35290655,0.021176998,0.77373075,0.007058204,0.4,0.0,0.27704468,0.02300253
375316653866487564,5884665018741641984,0.64019597,2192.788232259574,0.3544493307870465,3.389323E-6,17.922012,0.0014357305,0.13544647,0.0011041617,0.013620359,7.637118E-4,0.68165207,0.045545053,0.636399,0.0014233674,0.013132842,9.4384985E-4,0.5281077,0.023563484,null,null,null,null,"TWOGAUSSIANS",8,1.5391022,0.13544647,0.0011041617,0.07627401,0.004276786,0.68165207,0.045545053,0.636399,0.0014233674,0.07354391,0.005285559,0.5281077,0.023563484
375316653866487564,5884665053101380480,0.510926,2209.6861713408584,0.06689691198312732,1.0754255E-6,17.931202,9.5051207E-4,0.33661819,0.057061825,0.04697836,0.051575348,0.008350531,0.0022630093,0.5890081,1.9644508E-4,0.004829353,2.6969684E-4,0.1243648,0.002031153,null,null,null,null,"TWOGAUSSIANS",8,0.8408609,0.5890081,1.9644508E-4,0.027044378,0.0015103023,0.1243648,0.002036875,0.33661819,0.057061825,0.2630788,0.1580553,0.008350531,0.0022630056
375316653866487564,5884665160509668096,0.43801385,2173.001802894147,1.7468006344480695,3.0156192E-5,19.299496,0.0085560195,0.13718802,0.010513094,0.009027312,0.0075478232,0.15932862,79.03947,0.62627494,0.013878505,0.04014698,0.015482545,0.20932494,0.026409127,null,null,null,null,"TWOGAUSSIANS",8,5.646457,0.62627494,0.013878505,0.2248231,0.08670225,0.20932494,0.026409127,0.13718802,0.010513094,0.05055294,0.04226781,0.15932862,79.03947
375316653866487564,5884665297943411200,0.62264806,2201.0607162146043,0.49744622808169314,2.160695E-6,17.595991,0.0023130262,0.3134865,0.0020036614,0.026841283,0.0020487425,0.5268975,0.014580975,0.81280345,3.6127135E-4,0.02790544,5.797821E-4,0.44814685,0.0076272823,0.011345527,0.0046950737,0.3134865,0.0020036614,"TWOGAUSSIANS_WITH_ELLIPSOIDAL_ON_ECLIPSE1",9,5.6789837,0.3134865,0.0020036614,0.15031119,0.011472957,0.54958856,0.013749726,0.81280345,3.6093366E-4,0.15627047,0.00324678,0.47083747,0.0075258845
375316653866487564,5884665504102083968,0.5703101,2179.5557873378166,0.6162439989282682,3.3053243E-6,17.081442,0.0013332234,0.18610218,0.0010297636,0.023429358,9.921604E-4,0.26415375,0.015694024,0.68570065,6.32995E-4,0.021115696,4.08932E-4,0.62376666,0.044121902,null,null,null,null,"TWOGAUSSIANS",8,5.0040956,0.68570065,6.32995E-4,0.1182479,0.0022900193,0.62376666,0.044121902,0.18610218,0.0010297636,0.13120441,0.005556098,0.26415375,0.015694024
375316653866487564,5884665572821565824,0.6655623,2180.945331373501,0.15646492911328186,1.0753398E-6,15.378717,7.62136E-4,0.30131984,4.3420205E-4,0.013144736,2.0333545E-4,0.43741962,0.00700591,0.8012378,0.0013777397,0.012820344,7.9360924E-4,0.42009524,0.022493862,null,null,null,null,"TWOGAUSSIANS",8,8.774624,0.30131984,4.3420205E-4,0.07361052,0.0011386785,0.43741962,0.00700591,0.8012378,0.0013777397,0.07179393,0.0044442117,0.42009524,0.022493862
375316653866487564,5884665778951154688,0.4824923,2170.180525966734,1.4192696273458123,1.37650395E-5,19.03374,0.010206775,0.28813067,0.011773799,0.03166542,0.0074179266,0.25460905,0.06481868,0.78339624,0.0034479771,0.031131918,0.002176051,0.6335861,0.061921254,null,null,null,null,"TWOGAUSSIANS",8,13.102742,0.78339624,0.0034479771,0.17433874,0.012185886,0.6335861,0.061921254,0.28813067,0.011773799,0.17732634,0.041540388,0.25460905,0.06481868
375316653866487564,5884665778951230976,0.46017927,2175.700999265666,1.6045421000986626,5.9803668E-5,19.244253,0.0047029103,0.17301852,0.015048295,0.02508455,0.010370579,0.3207202,0.09208006,0.50205845,0.03324648,0.062420074,0.03979122,0.03600316,0.041944418,null,null,null,null,"TWOGAUSSIANS",8,2.9529593,0.17301852,0.015048295,0.14047348,0.05807524,0.32072023,0.09207993,0.50205845,0.03324648,0.34955242,0.20860612,0.03600316,0.041944418
375316653866487564,5884665809027665792,0.5774307,2199.365073381677,0.5816923935067734,1.0742695E-5,15.117019,0.007967933,0.27714592,8.391588E-4,0.028991912,0.0036476352,1.3670974,0.19491112,0.77169657,0.0037345863,0.024687836,0.0047617205,0.084671475,0.020554475,0.022688014,0.011840332,0.27714592,8.391588E-4,"TWOGAUSSIANS_WITH_ELLIPSOIDAL_ON_ECLIPSE1",9,148.80719,0.27714592,8.391588E-4,0.16235471,0.020426758,1.4124734,0.21530917,0.7718366,0.0036608623,0.13825187,0.026665635,0.12999563,0.0070978403
