Gaia/vari_eclipsing_binary/VariEclipsingBinary_384966-385514.csv
# %ECSV 1.0
# ---
# delimiter: ','
# meta: !!omap
# - RELEASE: Gaia DR3
# - TABLE: vari_eclipsing_binary
# - DESCRIPTION: >
#     This table describes the properties of the eclipsing binaries resulting from the variability analysis. 
# - CITATION: >
#     How to cite and acknowledge Gaia: 
#     https://gea.esac.esa.int/archive/documentation/credits.html 
# - KNOWN_ISSUES: >
#     Known issues: 
#     https://www.cosmos.esa.int/web/gaia-users/known-issues 
# - DOCUMENTATION: >
#     Tutorials and documentation: 
#     https://www.cosmos.esa.int/web/gaia-users/archive 
# datatype:
# - 
#   name: solution_id
#   datatype: int64
#   description: Solution Identifier
#   meta:
#     ucd: meta.version
# - 
#   name: source_id
#   datatype: int64
#   description: Unique source identifier
#   meta:
#     ucd: meta.id;meta.main
# - 
#   name: global_ranking
#   datatype: float32
#   description: Number between 0 (worst) and 1 (best)
#   meta:
#     ucd: stat.param
# - 
#   name: reference_time
#   datatype: float64
#   unit: d
#   description: Reference time used for the geometric model fit
#   meta:
#     ucd: time.epoch
# - 
#   name: frequency
#   datatype: float64
#   unit: d**-1
#   description: Frequency of geometric model of the eclipsing binary light curve
#   meta:
#     ucd: src.orbital
# - 
#   name: frequency_error
#   datatype: float32
#   unit: d**-1
#   description: "Uncertainty of \\texttt{frequency}"
#   meta:
#     ucd: stat.error
# - 
#   name: geom_model_reference_level
#   datatype: float32
#   unit: mag
#   description: Magnitude reference level of geometric model
#   meta:
#     ucd: phot.mag;em.opt
# - 
#   name: geom_model_reference_level_error
#   datatype: float32
#   unit: mag
#   description: "Uncertainty of \\texttt{geomModelReferenceLevel}"
#   meta:
#     ucd: stat.error;phot.mag;em.opt
# - 
#   name: geom_model_gaussian1_phase
#   datatype: float32
#   description: Phase of the Gaussian 1 component
#   meta:
#     ucd: time.phase
# - 
#   name: geom_model_gaussian1_phase_error
#   datatype: float32
#   description: "Uncertainty of \\texttt{geomModelGaussian1Phase}"
#   meta:
#     ucd: stat.error;time.phase
# - 
#   name: geom_model_gaussian1_sigma
#   datatype: float32
#   description: "Standard deviation [phase] of Gaussian 1 component"
#   meta:
#     ucd: stat.stdev
# - 
#   name: geom_model_gaussian1_sigma_error
#   datatype: float32
#   description: "Uncertainty of \\texttt{geomModelGaussian1Sigma}"
#   meta:
#     ucd: stat.error
# - 
#   name: geom_model_gaussian1_depth
#   datatype: float32
#   unit: mag
#   description: Magnitude depth of Gaussian 1 component
#   meta:
#     ucd: src.var.amplitude
# - 
#   name: geom_model_gaussian1_depth_error
#   datatype: float32
#   unit: mag
#   description: "Uncertainty of \\texttt{geomModelGaussian1Depth}"
#   meta:
#     ucd: stat.error;src.var.amplitude
# - 
#   name: geom_model_gaussian2_phase
#   datatype: float32
#   description: Phase of Gaussian 2 component
#   meta:
#     ucd: time.phase
# - 
#   name: geom_model_gaussian2_phase_error
#   datatype: float32
#   description: "Uncertainty of \\texttt{geomModelGaussian2Phase}"
#   meta:
#     ucd: stat.error;time.phase
# - 
#   name: geom_model_gaussian2_sigma
#   datatype: float32
[...]
#   datatype: float32
#   description: "Secondary eclipse: uncertainty of \\texttt{derivedSecondaryEclDuration}"
#   meta:
#     ucd: stat.error;time.duration
# - 
#   name: derived_secondary_ecl_depth
#   datatype: float32
#   unit: mag
#   description: "Secondary eclipse: depth"
#   meta:
#     ucd: src.var.amplitude
# - 
#   name: derived_secondary_ecl_depth_error
#   datatype: float32
#   unit: mag
#   description: "Secondary eclipse: uncertainty of \\texttt{derivedSecondaryEclDepth}"
#   meta:
#     ucd: stat.error;src.var.amplitude
solution_id,source_id,global_ranking,reference_time,frequency,frequency_error,geom_model_reference_level,geom_model_reference_level_error,geom_model_gaussian1_phase,geom_model_gaussian1_phase_error,geom_model_gaussian1_sigma,geom_model_gaussian1_sigma_error,geom_model_gaussian1_depth,geom_model_gaussian1_depth_error,geom_model_gaussian2_phase,geom_model_gaussian2_phase_error,geom_model_gaussian2_sigma,geom_model_gaussian2_sigma_error,geom_model_gaussian2_depth,geom_model_gaussian2_depth_error,geom_model_cosine_half_period_amplitude,geom_model_cosine_half_period_amplitude_error,geom_model_cosine_half_period_phase,geom_model_cosine_half_period_phase_error,model_type,num_model_parameters,reduced_chi2,derived_primary_ecl_phase,derived_primary_ecl_phase_error,derived_primary_ecl_duration,derived_primary_ecl_duration_error,derived_primary_ecl_depth,derived_primary_ecl_depth_error,derived_secondary_ecl_phase,derived_secondary_ecl_phase_error,derived_secondary_ecl_duration,derived_secondary_ecl_duration_error,derived_secondary_ecl_depth,derived_secondary_ecl_depth_error
[from data line 38]
375316653866487564,3386433764160397440,0.6375023,2278.629420478976,2.832672016160734,9.8459595E-6,16.757874,0.009619055,0.21286634,8.60531E-4,0.03594493,0.0027868564,0.24352568,0.02104687,0.6840683,0.0044126846,0.05933176,0.0106423125,0.2261535,0.023212342,0.10534292,0.011500333,0.6840683,0.0044126846,"TWOGAUSSIANS_WITH_ELLIPSOIDAL_ON_ECLIPSE2",9,9.776772,0.21056634,8.350767E-4,0.2012916,0.015606396,0.44789514,0.0078085265,0.6840683,0.0044126846,0.33225787,0.05959695,0.4368073,0.034607146
375316653866487564,3386439089919989504,0.5814711,2252.46929935316,0.5492137676454131,1.3413363E-5,15.13092,0.0011977783,0.17214738,8.9030864E-4,0.010504127,0.0017305844,0.06467972,0.0028127476,null,null,null,null,null,null,0.007022177,0.0019893013,0.17214738,8.9030864E-4,"ONEGAUSSIAN_WITH_ELLIPSOIDAL",6,3.6941383,0.17214738,8.9030864E-4,0.058823105,0.009691273,0.07872405,0.004560553,null,null,null,null,null,null
375316653866487564,3386443556685874944,0.65626174,2228.1249454632366,0.15505945210134178,3.9093384E-6,16.280985,0.0010057691,0.29271096,5.3532985E-5,0.0045053856,3.7782054E-5,0.34731933,0.0025555785,0.50134486,0.0364133,0.116935775,0.02608142,0.008717859,0.003253402,null,null,null,null,"TWOGAUSSIANS",8,1.1056281,0.29271096,5.3532985E-5,0.02523016,2.115795E-4,0.34909236,0.0029580304,0.50134486,0.0364133,0.4,0.0,0.008715991,0.0032508234
375316653866487564,3386448951164805376,0.4554888,2207.4305986940435,1.324106573932796,2.6690159E-5,12.936858,0.007204774,0.19367371,0.00857336,0.09161381,0.014315122,0.058059834,0.0071793697,0.75637805,0.012544749,0.07970977,0.014275955,0.029389556,0.00767864,null,null,null,null,"TWOGAUSSIANS",8,37.60199,0.19367371,0.00857336,0.4,0.0,0.057677757,0.0061782654,0.75638807,0.012558659,0.4,0.0,0.029008124,0.006820876
375316653866487564,3386461080152653568,0.59722877,2254.3043179977235,3.228747395383351,1.5397218E-5,16.333765,0.0060660644,0.20967864,0.0024041138,0.06670925,0.0040344624,0.30117828,0.0140522085,0.7091408,0.0027292494,0.07080395,0.0034195334,0.32530755,0.006609377,null,null,null,null,"TWOGAUSSIANS",8,20.203415,0.7091408,0.0027292494,0.3965021,0.012599328,0.32447597,0.0064378357,0.20967864,0.0024041138,0.37357178,0.022592988,0.3003467,0.014186521
375316653866487564,3386467294968588672,0.6863721,2288.8796139183332,2.1629690521017424,6.6123503E-6,15.911603,0.01130907,0.23246653,0.0017013052,0.055106726,0.0063205427,0.22528088,0.028327437,0.7296677,0.0028480517,0.059575148,0.005721629,0.12991057,0.023585556,0.08969879,0.012340925,0.23246653,0.0017013052,"TWOGAUSSIANS_WITH_ELLIPSOIDAL_ON_ECLIPSE1",9,5.8467703,0.23246653,0.0017013052,0.30859765,0.035395037,0.4046532,0.026717767,0.73044777,0.0019113118,0.33362082,0.032041125,0.30924287,0.004795684
375316653866487564,3386472934262208128,0.65170765,2300.355212133463,1.0743069602229034,5.6940453E-6,14.329006,0.0016743196,0.2818622,0.002561528,0.037122615,0.007297446,0.12785831,0.11585721,0.7800403,0.0028369294,0.039084055,0.0027950343,0.10821661,0.0057050395,0.051066183,0.0025030402,0.2818622,0.002561528,"TWOGAUSSIANS_WITH_ELLIPSOIDAL_ON_ECLIPSE1",9,6.386514,0.2818622,0.002561528,0.20788664,0.040865697,0.22999056,0.116815716,0.78023034,0.0025036715,0.2188707,0.015652193,0.21033685,0.005083004
375316653866487564,3386484788371707648,0.63458014,2244.0685100138517,1.0080627719882442,4.8474926E-6,18.395094,0.0033229422,0.35929537,0.019158207,0.037348513,0.008079354,0.6848901,0.19336803,0.8239634,0.005686659,0.018087381,0.004735991,0.42561364,0.10517648,null,null,null,null,"TWOGAUSSIANS",8,1.6363783,0.35929537,0.019158207,0.20915167,0.04524438,0.6848901,0.19336803,0.8239634,0.005686659,0.10128933,0.026521549,0.42561364,0.10517648
375316653866487564,3386491862182057088,0.55919474,2253.642053605092,3.9027452408162695,1.2971098E-4,17.243172,0.005718537,0.14818035,0.026791463,0.030351793,0.012091026,0.3518962,0.04910512,0.48469213,0.048299797,0.072103485,0.08138188,0.061428837,66.1629,null,null,null,null,"TWOGAUSSIANS",8,5.539518,0.14818035,0.02679424,0.16997005,0.067709744,0.35189733,0.049124416,0.48469213,0.048299797,0.4,0.27360928,0.061428837,66.1629
375316653866487564,3386500761352544128,0.5493252,2209.7808792183273,3.171162853945627,1.2483674E-5,18.265242,0.018398888,0.28478932,0.004545988,0.08298077,0.0104296375,0.27709538,0.016760428,0.77690196,0.0070373365,0.092815734,0.013963268,0.2996459,0.03825336,null,null,null,null,"TWOGAUSSIANS",8,3.594203,0.77690196,0.0070373365,0.4,0.0,0.2907644,0.04144607,0.28478932,0.004545988,0.4,0.0,0.2682142,0.014045941
375316653866487564,3386501143607370368,0.65406305,2212.492257028036,1.7557044514906364,9.446477E-6,16.051485,0.003896039,0.25041148,0.00238139,0.049898632,0.002388724,0.369983,0.020026723,0.77114785,0.012912281,0.036990885,0.01830798,0.032456096,0.010208111,0.06046911,0.0055189533,0.25041148,0.00238139,"TWOGAUSSIANS_WITH_ELLIPSOIDAL_ON_ECLIPSE1",9,9.722549,0.25041148,0.00238139,0.27943236,0.013376853,0.49091986,0.018673418,0.77114785,0.012912281,0.20714895,0.10252469,0.15135157,0.0039407634
375316653866487564,3386503407052527488,0.48216784,2250.94662186972,0.7551910278272496,2.8048466E-5,19.40302,0.012571561,0.26078212,0.093672164,0.05841316,0.03158606,0.9015505,1.124519,0.65319645,0.0037830488,0.028986225,0.007571281,0.05567724,0.012588835,null,null,null,null,"TWOGAUSSIANS",8,1.9606719,0.26078212,0.093672164,0.3271137,0.17688194,0.9015505,1.124519,0.65319645,0.0037830488,0.16232285,0.042399175,0.05567724,0.012588835
375316653866487564,3386505056322750080,0.5849098,2206.6412356301744,4.119704679767758,2.6093625E-5,16.243986,0.010174234,0.27492887,0.027914794,0.025162747,0.013376209,0.34974918,0.28162622,0.75281656,0.0025367509,0.04827057,0.009845245,0.33074224,0.025160665,0.15589666,0.016216502,0.75281656,0.0025367509,"TWOGAUSSIANS_WITH_ELLIPSOIDAL_ON_ECLIPSE2",9,54.083145,0.2739989,0.026892044,0.14091139,0.07490677,0.6558123,0.28423426,0.75281656,0.0025367509,0.2703152,0.055133373,0.6425347,0.025008226
375316653866487564,3386505125040624640,0.5880712,2267.000648732708,3.321283595163813,2.9064453E-5,16.276867,0.0109157255,0.23067626,0.0081393,0.08041882,0.008730544,0.25387543,0.016285773,0.73085463,0.005350907,0.078930125,0.006793494,0.24556363,0.012203364,null,null,null,null,"TWOGAUSSIANS",8,19.291271,0.23067626,0.0081393,0.4,0.0,0.2502529,0.013925821,0.73085463,0.005350907,0.4,0.0,0.24194111,0.010559493
375316653866487564,3386508011258807296,0.5126121,2302.1972258269752,3.8361425223277985,3.8080074E-5,18.93069,0.029619789,0.24453986,0.009194594,0.0955261,0.014065612,0.37843952,0.035874356,0.73070174,0.013463971,0.0889055,0.019340968,0.3750844,0.09274905,null,null,null,null,"TWOGAUSSIANS",8,4.0073795,0.24453986,0.009194594,0.4,0.0,0.36290336,0.026251808,0.73070174,0.013463971,0.4,0.0,0.3595492,0.102646895
375316653866487564,3386509076409360128,0.5596302,2248.5039109768218,3.1160637052960807,2.6457896E-5,17.24181,0.011705771,0.3136515,0.008022801,0.08281739,0.016179603,0.20663017,0.0251106,0.8002029,0.0048054485,0.09366547,0.008054116,0.20909086,0.012414887,null,null,null,null,"TWOGAUSSIANS",8,7.549251,0.8002029,0.0048054485,0.4,0.0,0.20306434,0.011205182,0.3136515,0.008022801,0.4,0.0,0.20060399,0.027731718
375316653866487564,3386510210280782976,0.537472,2218.8354349215283,1.323562479975786,4.1368552E-5,15.607817,0.016189367,0.29529935,0.04567339,0.06146693,0.021576943,0.94948536,0.3731032,0.79703635,0.021220176,0.0485039,0.012514987,0.71636164,0.5131599,null,null,null,null,"TWOGAUSSIANS",8,46.766903,0.29529935,0.04567339,0.3442148,0.12083088,0.949435,0.37310416,0.79703635,0.021220176,0.27162185,0.07008393,0.71631134,0.51319283
375316653866487564,3386510897475636096,0.51025414,2266.715249924815,0.021521703836605836,1.3283933E-5,15.900081,0.0064491415,0.55785406,0.019180985,0.048767015,0.029479476,0.22728263,6679.7783,0.961059,0.006871441,0.0021840578,0.0019027462,1.155054,6.153094,0.017108519,0.0113781905,0.961059,0.006871441,"TWOGAUSSIANS_WITH_ELLIPSOIDAL_ON_ECLIPSE2",9,116.48259,0.961059,0.006871441,0.012230724,0.010655378,1.189271,6.137658,0.555764,0.016854616,0.27309528,0.16508506,0.25053945,6679.7803
375316653866487564,3386521484572084864,0.7087771,2258.6135006276263,2.5465423230904176,4.108705E-6,15.371693,0.012217645,0.26994324,0.0025244933,0.060545783,0.021414427,0.17470907,0.115299515,0.7755446,0.002231484,0.054178905,0.0067816325,0.15947238,0.021065783,0.107503034,0.014172894,0.26994324,0.0025244933,"TWOGAUSSIANS_WITH_ELLIPSOIDAL_ON_ECLIPSE1",9,6.4405293,0.26994324,0.0025244933,0.3390564,0.09047539,0.3896765,0.115340166,0.7755446,0.002231484,0.30340186,0.037977144,0.3741736,0.012483412
375316653866487564,3386529864051422208,0.5018828,2305.952587164849,0.055197929440047665,9.4944386E-5,16.238676,0.0059004216,0.16626358,0.0066878726,0.0039064605,0.0036526672,0.50222594,0.43187183,null,null,null,null,null,null,0.015248338,0.008624383,0.16626358,0.0066878726,"ONEGAUSSIAN_WITH_ELLIPSOIDAL",6,69.517136,0.16626358,0.0066878726,0.021876179,0.020454936,0.5327226,0.42333412,null,null,null,null,null,null
375316653866487564,3386531101003067008,0.55893403,2194.9710252127725,3.3613637649118298,7.843546E-5,16.949308,0.0019603982,0.26882437,0.04929799,0.035232447,0.01751936,0.2309352,0.21572977,0.57735157,0.0354372,0.029505933,0.022547878,0.016812757,0.0027517653,null,null,null,null,"TWOGAUSSIANS",8,2.696666,0.26882437,0.04929799,0.1973017,0.09810842,0.2309352,0.21572977,0.57735157,0.0354372,0.16523322,0.12626812,0.016812757,0.0027517653
375316653866487564,3386543028128073088,0.52121866,2247.89816659692,0.4106447181305334,1.56727E-4,18.988552,0.030213278,0.42002866,0.07051053,0.18405719,0.08864109,0.21436939,0.03122954,0.6591091,0.013779246,0.038458467,0.05682301,0.10390624,0.07411415,null,null,null,null,"TWOGAUSSIANS",8,1.2921983,0.42002866,0.06892183,0.4,0.0,0.20366107,0.04081218,0.6591091,0.013779246,0.2153674,0.26360348,0.18544954,0.029568644
375316653866487564,3386545978770274048,0.5885044,2274.9325210056736,2.8707453634085742,8.670646E-6,18.847937,0.02003217,0.28170505,0.0032041133,0.07312095,0.0049414113,0.51143885,0.018434515,0.7925468,0.019669922,0.073125705,0.0140250325,0.3280459,0.026754687,null,null,null,null,"TWOGAUSSIANS",8,2.9809027,0.28170505,0.0032041133,0.4,0.0,0.50960636,0.01585773,0.7925468,0.019669922,0.4,0.04708069,0.32621342,0.023461184
375316653866487564,3386549414742532224,0.46714276,2245.0885116919944,2.186132438172663,3.781844E-5,19.613518,0.027233863,0.23615636,0.009488086,0.058628872,0.024037305,0.20374589,0.16098338,0.72273177,0.027467566,0.09184262,0.04212474,0.2178095,0.028346684,null,null,null,null,"TWOGAUSSIANS",8,2.9164631,0.72273177,0.027467566,0.4,0.016550684,0.2165839,0.03102067,0.23615636,0.009488086,0.3283217,0.13460891,0.2025205,0.1618396
375316653866487564,3386551892940731776,0.5330849,2276.5084366223473,2.8249457518305636,2.2251239E-5,16.35638,0.005537315,0.21634865,0.0077802096,0.052787203,0.008717912,0.18577224,0.029387679,0.71662784,0.015435745,0.051967178,0.0054009682,0.24811381,0.056050032,null,null,null,null,"TWOGAUSSIANS",8,28.94161,0.71662784,0.015435745,0.2910162,0.030245421,0.24810903,0.056047387,0.21634865,0.0077802096,0.29560834,0.048820306,0.18576746,0.029391851
375316653866487564,3386555706872071424,0.68888307,2252.728617271857,2.422114455548837,1.1273821E-5,15.089721,0.0061010704,0.25077894,9.2307763E-4,0.05260652,0.0033266246,0.2238493,0.016312273,0.7449091,0.0085371705,0.055132788,0.0072709518,0.15986052,0.011087936,0.123531125,0.0066384017,0.25077894,9.2307763E-4,"TWOGAUSSIANS_WITH_ELLIPSOIDAL_ON_ECLIPSE1",9,12.0912285,0.25077894,9.2307763E-4,0.2945965,0.018629098,0.47090492,0.014314955,0.7464991,0.0064108972,0.30874363,0.04071733,0.40667108,0.0046302103
375316653866487564,3386556699007166208,0.51636183,2301.7307094626144,0.02394547227969037,2.9075545E-5,18.96757,0.016198521,0.86506766,0.0135659315,0.047573607,0.016853943,0.5271974,1.0252719,0.5649055,0.03185377,0.14794089,0.03336509,0.19244593,0.021400101,null,null,null,null,"TWOGAUSSIANS",8,1.6267259,0.8635977,0.015762718,0.2664122,0.09438208,0.55068797,1.038933,0.5649055,0.03185377,0.4,0.0,0.1911163,0.020438699
375316653866487564,3386563575251474176,0.56316817,2239.038554785816,1.002945827290103,1.1145889E-4,17.460953,0.007967034,0.33907098,0.08082359,0.06531708,0.0694382,0.6945235,6694.7383,0.6172953,0.01671016,0.021593403,0.0282471,0.2122018,0.16288117,null,null,null,null,"TWOGAUSSIANS",8,35.958073,0.33907098,0.08082359,0.36577567,0.3888539,0.6945235,6694.7383,0.6172953,0.01671016,0.12092306,0.15818375,0.21228155,0.16290615
375316653866487564,3386563781409910656,0.6278343,2261.4583768361927,1.8506762670655859,4.3203083E-5,15.713535,0.0017848496,0.74307644,0.0016618455,0.05493242,0.002230815,0.21636122,0.011368515,null,null,null,null,null,null,null,null,null,null,"ONEGAUSSIAN",5,3.7155461,0.74307644,0.0016618455,0.30762154,0.012492564,0.21636122,0.0,null,null,null,null,null,null
375316653866487564,3386564842266782848,0.49642298,2245.262246864184,0.205214950801395,3.053115E-5,18.84933,0.050758667,0.300698,0.005006081,0.074170776,0.012337079,0.14835632,0.041914277,0.7679979,0.0110252155,0.15481818,0.049866486,0.16190165,0.048420127,null,null,null,null,"TWOGAUSSIANS",8,1.4434084,0.7679979,0.0110252155,0.4,0.0,0.14233543,0.015781041,0.301598,0.004595774,0.4,0.026619956,0.13093735,0.018322699
375316653866487564,3386570687718357504,0.6109353,2315.312644913124,1.0230886892771345,1.0160248E-5,14.155808,0.0028691797,0.31012216,0.0024247207,0.04940893,0.0042223446,0.15437655,0.009446306,0.8060686,0.009419807,0.037816804,0.010249751,0.043261833,0.01159444,0.07116164,0.006529772,0.31012216,0.0024247207,"TWOGAUSSIANS_WITH_ELLIPSOIDAL_ON_ECLIPSE1",9,18.003578,0.31012216,0.0024247207,0.27669,0.02364513,0.29669937,0.00642223,0.8071686,0.0074574356,0.21177411,0.057398606,0.18551737,0.008645845
375316653866487564,3386585874722669312,0.50398976,2223.420287776209,3.4595376588053877,4.165364E-5,18.041672,0.030368581,0.22123143,0.006900711,0.08221846,0.01723047,0.28361484,0.030420737,0.709116,0.019546447,0.09172446,0.019491615,0.20628913,0.031046186,null,null,null,null,"TWOGAUSSIANS",8,12.061771,0.22123143,0.006900711,0.4,0.0,0.27735358,0.029219402,0.709116,0.019546447,0.4,0.0,0.2000277,0.026636863
375316653866487564,3386589894812083584,0.5402145,2280.9265991061748,4.325575829221671,1.6123979E-5,19.109356,0.01944174,0.19554347,0.006099265,0.07447407,0.008672392,0.3759557,0.021890568,0.69273853,0.009591332,0.069535635,0.00698009,0.34214324,0.026042802,null,null,null,null,"TWOGAUSSIANS",8,3.756142,0.19554347,0.006099265,0.4,0.012258713,0.3743373,0.02116916,0.69273853,0.009591332,0.38939956,0.03619521,0.34052482,0.025363233
375316653866487564,3386597660112789760,0.5053866,2170.0432608920337,0.18660351251624852,2.311845E-5,18.410456,0.0031965305,0.31857216,0.008713614,0.03563184,0.0093853315,0.107973374,0.07388315,0.82168,0.006777044,0.03652345,0.0047535575,0.07343027,0.00899585,null,null,null,null,"TWOGAUSSIANS",8,1.5659406,0.31857216,0.008713614,0.19953829,0.05255786,0.107973374,0.07388315,0.82168,0.006777044,0.20453133,0.026619922,0.07343027,0.00899585
375316653866487564,3386598033772413952,0.5674936,2269.191546749698,1.7276867655346664,1.5365657E-5,19.672625,0.032080684,0.23634587,0.0063784164,0.08027004,0.008142978,0.57476526,0.11809306,0.6441395,0.02544869,0.07486022,0.022909626,0.9623356,0.2590858,null,null,null,null,"TWOGAUSSIANS",8,1.1054894,0.6441395,0.02544869,0.4,0.0022230973,0.96133137,0.26824787,0.23634587,0.0063702767,0.4,0.0,0.57376,0.11571483
