Gaia/vari_eclipsing_binary/VariEclipsingBinary_465367-465381.csv
# %ECSV 1.0
# ---
# delimiter: ','
# meta: !!omap
# - RELEASE: Gaia DR3
# - TABLE: vari_eclipsing_binary
# - DESCRIPTION: >
#     This table describes the properties of the eclipsing binaries resulting from the variability analysis. 
# - CITATION: >
#     How to cite and acknowledge Gaia: 
#     https://gea.esac.esa.int/archive/documentation/credits.html 
# - KNOWN_ISSUES: >
#     Known issues: 
#     https://www.cosmos.esa.int/web/gaia-users/known-issues 
# - DOCUMENTATION: >
#     Tutorials and documentation: 
#     https://www.cosmos.esa.int/web/gaia-users/archive 
# datatype:
# - 
#   name: solution_id
#   datatype: int64
#   description: Solution Identifier
#   meta:
#     ucd: meta.version
# - 
#   name: source_id
#   datatype: int64
#   description: Unique source identifier
#   meta:
#     ucd: meta.id;meta.main
# - 
#   name: global_ranking
#   datatype: float32
#   description: Number between 0 (worst) and 1 (best)
#   meta:
#     ucd: stat.param
# - 
#   name: reference_time
#   datatype: float64
#   unit: d
#   description: Reference time used for the geometric model fit
#   meta:
#     ucd: time.epoch
# - 
#   name: frequency
#   datatype: float64
#   unit: d**-1
#   description: Frequency of geometric model of the eclipsing binary light curve
#   meta:
#     ucd: src.orbital
# - 
#   name: frequency_error
#   datatype: float32
#   unit: d**-1
#   description: "Uncertainty of \\texttt{frequency}"
#   meta:
#     ucd: stat.error
# - 
#   name: geom_model_reference_level
#   datatype: float32
#   unit: mag
#   description: Magnitude reference level of geometric model
#   meta:
#     ucd: phot.mag;em.opt
# - 
#   name: geom_model_reference_level_error
#   datatype: float32
#   unit: mag
#   description: "Uncertainty of \\texttt{geomModelReferenceLevel}"
#   meta:
#     ucd: stat.error;phot.mag;em.opt
# - 
#   name: geom_model_gaussian1_phase
#   datatype: float32
#   description: Phase of the Gaussian 1 component
#   meta:
#     ucd: time.phase
# - 
#   name: geom_model_gaussian1_phase_error
#   datatype: float32
#   description: "Uncertainty of \\texttt{geomModelGaussian1Phase}"
#   meta:
#     ucd: stat.error;time.phase
# - 
#   name: geom_model_gaussian1_sigma
#   datatype: float32
#   description: "Standard deviation [phase] of Gaussian 1 component"
#   meta:
#     ucd: stat.stdev
# - 
#   name: geom_model_gaussian1_sigma_error
#   datatype: float32
#   description: "Uncertainty of \\texttt{geomModelGaussian1Sigma}"
#   meta:
#     ucd: stat.error
# - 
#   name: geom_model_gaussian1_depth
#   datatype: float32
#   unit: mag
#   description: Magnitude depth of Gaussian 1 component
#   meta:
#     ucd: src.var.amplitude
# - 
#   name: geom_model_gaussian1_depth_error
#   datatype: float32
#   unit: mag
#   description: "Uncertainty of \\texttt{geomModelGaussian1Depth}"
#   meta:
#     ucd: stat.error;src.var.amplitude
# - 
#   name: geom_model_gaussian2_phase
#   datatype: float32
#   description: Phase of Gaussian 2 component
#   meta:
#     ucd: time.phase
# - 
#   name: geom_model_gaussian2_phase_error
#   datatype: float32
#   description: "Uncertainty of \\texttt{geomModelGaussian2Phase}"
#   meta:
#     ucd: stat.error;time.phase
# - 
#   name: geom_model_gaussian2_sigma
#   datatype: float32
[...]
#   datatype: float32
#   description: "Secondary eclipse: uncertainty of \\texttt{derivedSecondaryEclDuration}"
#   meta:
#     ucd: stat.error;time.duration
# - 
#   name: derived_secondary_ecl_depth
#   datatype: float32
#   unit: mag
#   description: "Secondary eclipse: depth"
#   meta:
#     ucd: src.var.amplitude
# - 
#   name: derived_secondary_ecl_depth_error
#   datatype: float32
#   unit: mag
#   description: "Secondary eclipse: uncertainty of \\texttt{derivedSecondaryEclDepth}"
#   meta:
#     ucd: stat.error;src.var.amplitude
solution_id,source_id,global_ranking,reference_time,frequency,frequency_error,geom_model_reference_level,geom_model_reference_level_error,geom_model_gaussian1_phase,geom_model_gaussian1_phase_error,geom_model_gaussian1_sigma,geom_model_gaussian1_sigma_error,geom_model_gaussian1_depth,geom_model_gaussian1_depth_error,geom_model_gaussian2_phase,geom_model_gaussian2_phase_error,geom_model_gaussian2_sigma,geom_model_gaussian2_sigma_error,geom_model_gaussian2_depth,geom_model_gaussian2_depth_error,geom_model_cosine_half_period_amplitude,geom_model_cosine_half_period_amplitude_error,geom_model_cosine_half_period_phase,geom_model_cosine_half_period_phase_error,model_type,num_model_parameters,reduced_chi2,derived_primary_ecl_phase,derived_primary_ecl_phase_error,derived_primary_ecl_duration,derived_primary_ecl_duration_error,derived_primary_ecl_depth,derived_primary_ecl_depth_error,derived_secondary_ecl_phase,derived_secondary_ecl_phase_error,derived_secondary_ecl_duration,derived_secondary_ecl_duration_error,derived_secondary_ecl_depth,derived_secondary_ecl_depth_error
[from data line 341]
375316653866487564,4093475231889273216,0.56973284,2272.6435056686796,0.09599067239975997,1.1392235E-5,19.331945,0.02641764,0.9011058,0.014336953,0.059866276,0.02819705,0.16717169,0.1307585,0.51605797,0.0064240503,0.101979375,0.0114923185,0.2334272,0.025409682,null,null,null,null,"TWOGAUSSIANS",8,0.66799843,0.51605797,0.0064238724,0.4,0.0,0.23313501,0.02256372,0.90095586,0.013863609,0.33525115,0.08754664,0.16706729,0.13194157
375316653866487564,4093475536740978048,0.58340997,2256.308675333925,0.23222773550707052,3.728209E-5,15.82761,0.01353227,0.13118668,4.568688E-4,0.021438943,0.0015245641,0.658294,0.02903291,0.86430305,0.117748804,0.056983408,0.08590809,0.123868555,233050.34,0.016105495,0.033178303,0.86430305,0.117748804,"TWOGAUSSIANS_WITH_ELLIPSOIDAL_ON_ECLIPSE2",9,254.63858,0.13121668,4.3356678E-4,0.120058075,0.008537559,0.6586495,0.029562386,0.86430305,0.117748804,0.3191071,0.40536708,0.15607117,233050.33
375316653866487564,4093475575488510336,0.42519265,2262.9303295841455,0.07987536855974997,9.567652E-5,18.93077,0.04754256,0.09277464,0.011731945,0.07609071,0.019815052,0.24130483,0.04774657,0.61954963,0.0152322315,0.07040129,0.021313583,0.44398588,0.06460165,null,null,null,null,"TWOGAUSSIANS",8,2.4611616,0.61954963,0.0152322315,0.3942472,0.05814818,0.44298443,0.06496372,0.09277464,0.011731945,0.4,0.050696705,0.2403034,0.042923298
375316653866487564,4093476331401009280,0.51777047,2239.0410904871146,2.604559896142378,7.1243696E-5,18.109995,0.022474786,0.16955015,0.009639206,0.055030495,0.011290788,0.080407836,0.0144632505,0.63927937,0.012028713,0.17303959,0.030919252,0.19960794,0.018193213,null,null,null,null,"TWOGAUSSIANS",8,2.2551985,0.63927937,0.012028713,0.4,0.0,0.18050571,0.009269802,0.17141014,0.009145609,0.30817077,0.06322841,0.06818468,0.0063087502
375316653866487564,4093476606260483968,0.5708198,2289.753895913621,1.830860467063157,6.489147E-5,19.535217,0.0074973255,0.3027003,0.027018089,0.05461711,0.010236285,0.4337653,0.061795235,0.6464221,7.130554E-4,0.03805312,0.0028424673,0.11765193,0.010112378,null,null,null,null,"TWOGAUSSIANS",8,0.88381034,0.3027003,0.027018089,0.30585584,0.057323195,0.4337653,0.061795235,0.6464221,7.130554E-4,0.21309748,0.015917817,0.11765194,0.010112571
375316653866487564,4093476778077714304,0.46428588,2278.0479773901284,4.76020841814783,1.1262221E-4,18.357403,0.019157108,0.2708577,0.024353528,0.07191993,0.10831676,0.09140364,0.04439381,0.8430956,0.0136704175,0.048769858,0.014936917,0.102951765,0.018712936,null,null,null,null,"TWOGAUSSIANS",8,2.1058397,0.8430956,0.013679946,0.27311122,0.08364674,0.10294929,0.016783623,0.2708577,0.024353528,0.4,0.06565138,0.09140117,0.050661795
375316653866487564,4093476984237808512,0.5134185,2243.6491672303478,0.5256110386756766,3.165877E-5,19.187078,0.113769375,0.2724263,0.01130809,0.11145442,0.021959364,0.50355905,0.12170992,0.78580743,0.01011246,0.12469009,0.031927157,0.49555397,0.10965039,null,null,null,null,"TWOGAUSSIANS",8,4.7283397,0.2723163,0.0112249,0.4,0.0,0.4101108,0.03637329,0.7858375,0.01011643,0.4,0.0,0.40180698,0.05895769
375316653866487564,4093477018565135872,0.50005835,2298.8293928213084,0.5256825508416686,1.1177551E-4,19.453136,0.2900368,0.21867442,0.037809502,0.071213804,0.07698963,0.27281657,0.25851846,0.74691886,0.09339077,0.09127453,0.14252868,0.2743834,0.37948188,null,null,null,null,"TWOGAUSSIANS",8,3.5841637,0.74691886,0.0934644,0.4,0.19877917,0.27163127,0.30934757,0.21867442,0.037030313,0.3987973,0.073642194,0.2700649,0.05188373
375316653866487564,4093477190364436224,0.5252647,2324.71541063219,0.18815451377643097,4.5504356E-5,18.980383,0.010421205,0.20669574,0.0058846087,0.08533082,0.009244261,0.24385238,0.021622425,0.6745464,0.0079656085,0.07722055,0.007446499,0.32117185,0.021184713,null,null,null,null,"TWOGAUSSIANS",8,2.3744066,0.6745464,0.0079656085,0.4,0.0,0.3185628,0.02022068,0.20669574,0.0058846087,0.4,0.0,0.24124329,0.022275446
375316653866487564,4093477254728420992,0.5622198,2293.963974638417,1.3376845728021511,8.671856E-6,18.397512,0.012602214,0.2661246,0.0042277183,0.09048217,0.007206632,0.2524689,0.014998339,0.7570686,0.0029264004,0.097828455,0.0065529714,0.2098495,0.012706888,null,null,null,null,"TWOGAUSSIANS",8,1.3197232,0.2661246,0.0042277183,0.4,0.0,0.24061888,0.012701315,0.7570686,0.0029264004,0.4,0.0,0.19799864,0.00918622
375316653866487564,4093477602711138304,0.58152163,2234.285602768293,3.3045886321888345,9.381956E-6,17.507395,0.012580528,0.2265159,0.0055360873,0.07284831,0.0055446094,0.4797233,0.029794706,0.72504854,0.005882968,0.07847593,0.009599343,0.5663467,0.022950325,null,null,null,null,"TWOGAUSSIANS",8,7.031724,0.72504854,0.005882968,0.4,0.0,0.562037,0.023362825,0.2265159,0.0055360873,0.4,0.0047679096,0.47541356,0.029930381
375316653866487564,4093477740116360192,0.5406648,2176.9264811913285,0.047909348436340524,3.7628644E-5,19.306925,0.009477658,0.3399717,0.003943244,0.05560934,0.005822934,0.22647086,0.027615895,0.8298232,0.005475943,0.1070542,0.010431913,0.17394227,0.020553235,null,null,null,null,"TWOGAUSSIANS",8,0.5539211,0.3399717,0.003943878,0.31141233,0.03260843,0.22385843,0.02774788,0.8298232,0.005475943,0.4,0.0,0.17132287,0.020920815
375316653866487564,4093477838876343296,0.50855464,2235.352313993995,0.206778302639612,4.209183E-5,19.51958,0.024340698,0.25455153,0.0351788,0.085095376,0.051563226,0.33941326,0.28499332,0.73320496,0.009361275,0.07574751,0.012909551,0.36163092,0.044861905,null,null,null,null,"TWOGAUSSIANS",8,1.3296694,0.73320496,0.009361275,0.4,0.02079816,0.35797998,0.041171364,0.25455153,0.0351788,0.4,0.1947186,0.33576226,0.28826404
375316653866487564,4093478113721549440,0.6405609,2227.1668606649278,1.0398904512204952,5.242893E-6,16.759283,0.0030897644,0.24983938,0.0018524153,0.028418228,0.011323753,0.076552056,1.0529518,0.7432188,0.0017042928,0.045643482,0.002981682,0.1330902,0.0062646214,0.10521604,0.004472022,0.24983938,0.0018524153,"TWOGAUSSIANS_WITH_ELLIPSOIDAL_ON_ECLIPSE1",9,3.9785957,0.7445888,0.0010142644,0.2556035,0.01669742,0.34323317,0.0046935733,0.24983938,0.0018524153,0.15914208,0.06341302,0.2869839,1.053077
375316653866487564,4093478285541947008,0.5188969,2200.100847979738,3.159932834807831,2.9233572E-5,18.239931,0.017181259,0.25277454,0.007052333,0.027048575,0.01204034,0.10255493,0.041184884,0.7671897,0.01956494,0.05706738,0.009513351,0.23254587,0.06473158,0.08674779,0.018472387,0.25277454,0.007052333,"TWOGAUSSIANS_WITH_ELLIPSOIDAL_ON_ECLIPSE1",9,11.703984,0.7671897,0.018620564,0.31957734,0.053274766,0.4046166,0.0592728,0.25277454,0.007052333,0.15147202,0.06742591,0.27604505,0.01545508
375316653866487564,4093478457319124096,0.5891973,2285.817728553325,1.905603654377064,9.721845E-6,15.586483,0.008615483,0.26876882,0.0025067965,0.08393479,0.005559875,0.2106038,0.0124232825,0.7870096,0.0026003956,0.08767944,0.012757436,0.12320242,0.008827298,null,null,null,null,"TWOGAUSSIANS",8,9.191323,0.26876882,0.0025067965,0.4,0.0,0.20726974,0.012281274,0.7870096,0.0026003956,0.4,0.0,0.11986834,0.00995915
375316653866487564,4093478564750241792,0.46774206,2232.707789120785,1.9625880227982933,4.022421E-5,18.502508,0.005294411,0.3645326,0.017362075,0.025495363,0.005677651,0.2666804,0.15198462,0.505388,0.015782265,0.054506924,0.036633104,0.068839274,0.08928222,null,null,null,null,"TWOGAUSSIANS",8,2.341609,0.36482257,0.017075188,0.14277403,0.031794846,0.26913884,0.14958411,0.505388,0.015782265,0.30523875,0.20514539,0.06883934,0.08929977
375316653866487564,4093478667829390592,0.513566,2251.768050983087,0.20525970666181872,3.5141245E-5,18.980972,0.020527009,0.20720588,0.005490751,0.0654745,0.011920622,0.2849779,0.03953438,0.6754879,0.025389597,0.08334778,0.03614834,0.30919442,0.076017946,null,null,null,null,"TWOGAUSSIANS",8,3.0706608,0.6754879,0.025389597,0.4,0.015659545,0.30819303,0.07825359,0.20720588,0.0054850676,0.36665723,0.06205712,0.28397655,0.040490188
375316653866487564,4093478770942306048,0.47226077,2251.506169433859,0.6047212969730298,9.356461E-5,19.000366,0.05328361,0.25161976,0.0056773145,0.048863363,0.0075815055,0.23318872,0.050799936,0.82291275,0.02222178,0.12216986,0.0488199,0.21090569,0.042537753,null,null,null,null,"TWOGAUSSIANS",8,5.595712,0.25148976,0.005701818,0.27363482,0.042456433,0.23216239,0.044798374,0.82291275,0.02222178,0.4,0.0,0.2094279,0.038595587
375316653866487564,4093478972719180416,0.6225483,2206.8035476234554,1.4527051979806558,9.943595E-6,13.531056,0.024312995,0.2254506,0.0044336473,0.11346413,0.016125906,0.16159971,0.02213429,0.7245284,0.0028767604,0.11666545,0.01287265,0.14367005,0.023806004,null,null,null,null,"TWOGAUSSIANS",8,15.274829,0.2254506,0.00445712,0.4,0.0,0.1331589,0.0034046913,0.7245284,0.0028767604,0.4,0.0,0.11521935,0.0030716197
375316653866487564,4093479080146224384,0.4704256,2243.5551158640014,2.6977908710384795,2.8701734E-5,17.893377,0.34058768,0.25686336,0.0046904963,0.111698166,0.036763128,0.4254957,0.31573388,0.7509261,0.0076747607,0.13561669,0.066812225,0.41194272,0.32995194,null,null,null,null,"TWOGAUSSIANS",8,16.26799,0.25697336,0.004386678,0.4,0.0,0.3239621,0.019367026,0.7509261,0.0076747607,0.4,0.0,0.30951583,0.035354212
375316653866487564,4093479213233383808,0.58029944,2248.596039592168,2.622088024752772,1.2630193E-5,18.3227,0.008916552,0.22019218,0.006566538,0.080595285,0.006292549,0.24125285,0.014190789,0.71061504,0.0040098927,0.07936975,0.0048408327,0.31814605,0.010768285,null,null,null,null,"TWOGAUSSIANS",8,2.2372522,0.71061504,0.0040098927,0.4,0.0,0.3146858,0.010181686,0.22019218,0.006566538,0.4,0.0,0.2377926,0.0137274405
375316653866487564,4093479217589645056,0.49777025,2263.260815765601,0.7560362511094897,1.14990515E-4,19.259953,0.020338727,0.41756797,0.027568465,0.11478637,0.028975928,0.20819165,0.029461497,0.86077946,0.004795873,0.059367444,0.0075407815,0.30836388,0.05739876,null,null,null,null,"TWOGAUSSIANS",8,1.4966966,0.86077946,0.004795873,0.3324577,0.042228375,0.3057936,0.057576444,0.41756797,0.027568465,0.4,0.0,0.20549923,0.027816977
375316653866487564,4093479389384096256,0.4921459,2221.4733238288586,3.252486449730569,3.889812E-5,18.720592,0.030065207,0.2822493,0.009752122,0.10260035,0.034918483,0.15022318,0.021671867,0.7729345,0.0071424684,0.08561377,0.016794838,0.20932154,0.036371894,null,null,null,null,"TWOGAUSSIANS",8,4.249435,0.7729345,0.0071424684,0.4,0.0,0.2004272,0.03440824,0.2822493,0.009752122,0.4,0.0,0.14132656,0.025051186
375316653866487564,4093479561187553792,0.5065631,2283.5529342397585,1.2323066636502447,8.682565E-5,17.488377,0.0038564422,0.18818952,0.016105974,0.07262607,0.015628554,0.048086308,0.011554053,0.70733285,0.003277625,0.05522744,0.0064332797,0.09427605,0.01765578,null,null,null,null,"TWOGAUSSIANS",8,0.8366455,0.70733285,0.003277625,0.30927366,0.036026366,0.094242774,0.017695019,0.18818952,0.016105974,0.4,0.03621637,0.048053034,0.01155418
375316653866487564,4093479625550154624,0.546618,2278.961250946395,1.6553657951142284,1.8676732E-6,18.167852,0.00932914,0.47372195,6.505355E-5,0.028088376,3.720282E-4,7.955044,0.39009562,null,null,null,null,null,null,null,null,null,null,"ONEGAUSSIAN",5,36.52567,0.47372195,6.505355E-5,0.1572949,0.002083358,7.955044,0.0,null,null,null,null,null,null
375316653866487564,4093479767374966144,0.46221983,2284.222066699426,1.5267532427130195,5.660277E-5,17.958696,0.027628934,0.26676667,0.0062413802,0.03238495,0.009198178,0.4599577,0.8203262,0.7436361,0.0048709214,0.08172899,0.010973395,0.55450743,0.04475299,null,null,null,null,"TWOGAUSSIANS",8,26.292595,0.7436361,0.0048709214,0.4,0.0,0.5544814,0.044786032,0.26676667,0.0062413802,0.18135573,0.051509794,0.45993167,0.82034886
375316653866487564,4093479969147735040,0.5706263,2303.555702278788,1.2360511820418976,7.227707E-6,16.97768,0.0124058025,0.19253054,0.005862038,0.08385869,0.01139398,0.21301372,0.01678986,0.6951529,6.115411E-4,0.0738745,0.004374135,0.23153648,0.01058686,null,null,null,null,"TWOGAUSSIANS",8,8.155681,0.6951529,6.115411E-4,0.4,0.003625496,0.22877966,0.008222294,0.19253054,0.005862038,0.4,0.0,0.21025689,0.017929468
375316653866487564,4093480037867233792,0.5659568,2294.723062839309,2.247383886115306,7.9022375E-6,15.75944,0.050811145,0.20060918,0.0013373769,0.056314934,0.0077089327,0.4599093,0.10032958,0.6752707,0.04175167,0.049608234,0.053529583,0.08934922,100508.27,0.08816359,0.05569504,0.20060918,0.0013373769,"TWOGAUSSIANS_WITH_ELLIPSOIDAL_ON_ECLIPSE1",9,154.20444,0.20060918,0.0013373769,0.31536365,0.043170024,0.63621086,0.028792914,0.6823007,0.030952247,0.2778061,0.29976568,0.262435,100508.26
375316653866487564,4093480145332081280,0.5566435,2287.106719672643,2.3110849644061062,1.4678721E-5,17.844088,0.054196693,0.33099774,0.03594668,0.14895213,0.05444997,0.2099151,0.047279384,0.8015991,0.007668346,0.09966085,0.010640553,0.28326833,0.046485998,null,null,null,null,"TWOGAUSSIANS",8,3.4017124,0.8015991,0.007668346,0.4,0.0,0.23774768,0.010781929,0.33101773,0.035966523,0.4,0.0,0.16259213,0.01917245
375316653866487564,4093480214021660160,0.5820052,2292.236560696723,1.8765822000455707,1.3360025E-5,18.331188,0.002656485,0.590171,0.0026388816,0.06659918,0.0028564634,0.4060284,0.025673056,null,null,null,null,null,null,null,null,null,null,"ONEGAUSSIAN",5,1.6909097,0.590171,0.0026388816,0.37295544,0.015996195,0.4060284,0.0,null,null,null,null,null,null
375316653866487564,4093480591978946944,0.50404817,2283.768649193763,0.20664161222381572,6.171262E-5,19.679758,0.009744039,0.25173917,0.007181799,0.07350352,0.008142077,0.27793086,0.039257172,0.71083695,0.025091909,0.10047738,0.017398736,0.20121038,0.017795375,null,null,null,null,"TWOGAUSSIANS",8,1.1315811,0.25174916,0.0071874512,0.4,0.020660885,0.27432752,0.04030801,0.71083695,0.025091909,0.4,0.0,0.19760107,0.016959319
375316653866487564,4093480626338763008,0.58100444,2291.757549152795,3.647447445204914,1.9111703E-5,18.293495,0.007655732,0.2920526,0.058823355,0.07192486,0.020717414,0.37472358,0.19417843,0.80090714,0.0032607485,0.07288679,0.0051717125,0.5355963,0.03657993,null,null,null,null,"TWOGAUSSIANS",8,3.4204893,0.80090714,0.0032607485,0.4,0.0,0.5337296,0.038106404,0.2920526,0.058823355,0.4,0.1077935,0.37285683,0.19299649
375316653866487564,4093480626368487680,0.46744287,2286.8020984110735,0.30002888611224543,6.6781206E-5,19.362387,0.13961856,0.20897019,0.026716053,0.1193504,0.10630832,0.17846821,0.11597913,0.7210278,0.0066110976,0.08663783,0.0352638,0.24607636,0.11414484,null,null,null,null,"TWOGAUSSIANS",8,2.6485758,0.7210478,0.0058686617,0.4,0.0019838272,0.22794783,0.035114106,0.20897019,0.026739908,0.4,0.010855005,0.16027987,0.059450556
375316653866487564,4093480832497484672,0.50912786,2283.4917881237197,2.7313143026945466,6.6996625E-5,16.972784,0.0019298822,0.33321866,0.009068264,0.048229717,0.010816972,0.06736733,0.013212777,0.83047247,0.004938804,0.048007898,0.009277346,0.07708843,0.010305844,null,null,null,null,"TWOGAUSSIANS",8,3.5085785,0.83047247,0.004938804,0.26884425,0.051953137,0.07708826,0.010306142,0.33321866,0.009068264,0.2700864,0.06057504,0.06736716,0.013213589
375316653866487564,4093480896882343936,0.5529934,2279.3681865788644,3.2764410627776077,1.3115879E-5,18.347034,0.011513903,0.27563307,0.0030703447,0.078214526,0.0090203835,0.36966586,0.023667732,0.775588,0.005170415,0.07746991,0.006136496,0.3240033,0.02048569,null,null,null,null,"TWOGAUSSIANS",8,4.853465,0.27563307,0.0030703447,0.4,0.0,0.36568388,0.026097666,0.775588,0.005170415,0.4,0.0,0.32002133,0.020841593
375316653866487564,4093481274850397056,0.47718146,2298.810372568176,0.44766886448823023,8.662896E-5,19.511396,0.091726154,0.27913728,0.017355418,0.1558543,0.083237156,0.21618152,0.0696874,0.6617349,0.028442726,0.06954131,0.024146924,0.25786385,0.061614066,null,null,null,null,"TWOGAUSSIANS",8,2.7310185,0.6617349,0.028442726,0.38943136,0.11570823,0.2586188,0.05504838,0.27913728,0.017355802,0.4,0.0,0.20622925,0.045154795
