Gaia/vari_eclipsing_binary/VariEclipsingBinary_553778-556045.csv
# %ECSV 1.0
# ---
# delimiter: ','
# meta: !!omap
# - RELEASE: Gaia DR3
# - TABLE: vari_eclipsing_binary
# - DESCRIPTION: >
#     This table describes the properties of the eclipsing binaries resulting from the variability analysis. 
# - CITATION: >
#     How to cite and acknowledge Gaia: 
#     https://gea.esac.esa.int/archive/documentation/credits.html 
# - KNOWN_ISSUES: >
#     Known issues: 
#     https://www.cosmos.esa.int/web/gaia-users/known-issues 
# - DOCUMENTATION: >
#     Tutorials and documentation: 
#     https://www.cosmos.esa.int/web/gaia-users/archive 
# datatype:
# - 
#   name: solution_id
#   datatype: int64
#   description: Solution Identifier
#   meta:
#     ucd: meta.version
# - 
#   name: source_id
#   datatype: int64
#   description: Unique source identifier
#   meta:
#     ucd: meta.id;meta.main
# - 
#   name: global_ranking
#   datatype: float32
#   description: Number between 0 (worst) and 1 (best)
#   meta:
#     ucd: stat.param
# - 
#   name: reference_time
#   datatype: float64
#   unit: d
#   description: Reference time used for the geometric model fit
#   meta:
#     ucd: time.epoch
# - 
#   name: frequency
#   datatype: float64
#   unit: d**-1
#   description: Frequency of geometric model of the eclipsing binary light curve
#   meta:
#     ucd: src.orbital
# - 
#   name: frequency_error
#   datatype: float32
#   unit: d**-1
#   description: "Uncertainty of \\texttt{frequency}"
#   meta:
#     ucd: stat.error
# - 
#   name: geom_model_reference_level
#   datatype: float32
#   unit: mag
#   description: Magnitude reference level of geometric model
#   meta:
#     ucd: phot.mag;em.opt
# - 
#   name: geom_model_reference_level_error
#   datatype: float32
#   unit: mag
#   description: "Uncertainty of \\texttt{geomModelReferenceLevel}"
#   meta:
#     ucd: stat.error;phot.mag;em.opt
# - 
#   name: geom_model_gaussian1_phase
#   datatype: float32
#   description: Phase of the Gaussian 1 component
#   meta:
#     ucd: time.phase
# - 
#   name: geom_model_gaussian1_phase_error
#   datatype: float32
#   description: "Uncertainty of \\texttt{geomModelGaussian1Phase}"
#   meta:
#     ucd: stat.error;time.phase
# - 
#   name: geom_model_gaussian1_sigma
#   datatype: float32
#   description: "Standard deviation [phase] of Gaussian 1 component"
#   meta:
#     ucd: stat.stdev
# - 
#   name: geom_model_gaussian1_sigma_error
#   datatype: float32
#   description: "Uncertainty of \\texttt{geomModelGaussian1Sigma}"
#   meta:
#     ucd: stat.error
# - 
#   name: geom_model_gaussian1_depth
#   datatype: float32
#   unit: mag
#   description: Magnitude depth of Gaussian 1 component
#   meta:
#     ucd: src.var.amplitude
# - 
#   name: geom_model_gaussian1_depth_error
#   datatype: float32
#   unit: mag
#   description: "Uncertainty of \\texttt{geomModelGaussian1Depth}"
#   meta:
#     ucd: stat.error;src.var.amplitude
# - 
#   name: geom_model_gaussian2_phase
#   datatype: float32
#   description: Phase of Gaussian 2 component
#   meta:
#     ucd: time.phase
# - 
#   name: geom_model_gaussian2_phase_error
#   datatype: float32
#   description: "Uncertainty of \\texttt{geomModelGaussian2Phase}"
#   meta:
#     ucd: stat.error;time.phase
# - 
#   name: geom_model_gaussian2_sigma
#   datatype: float32
[...]
#   datatype: float32
#   description: "Secondary eclipse: uncertainty of \\texttt{derivedSecondaryEclDuration}"
#   meta:
#     ucd: stat.error;time.duration
# - 
#   name: derived_secondary_ecl_depth
#   datatype: float32
#   unit: mag
#   description: "Secondary eclipse: depth"
#   meta:
#     ucd: src.var.amplitude
# - 
#   name: derived_secondary_ecl_depth_error
#   datatype: float32
#   unit: mag
#   description: "Secondary eclipse: uncertainty of \\texttt{derivedSecondaryEclDepth}"
#   meta:
#     ucd: stat.error;src.var.amplitude
solution_id,source_id,global_ranking,reference_time,frequency,frequency_error,geom_model_reference_level,geom_model_reference_level_error,geom_model_gaussian1_phase,geom_model_gaussian1_phase_error,geom_model_gaussian1_sigma,geom_model_gaussian1_sigma_error,geom_model_gaussian1_depth,geom_model_gaussian1_depth_error,geom_model_gaussian2_phase,geom_model_gaussian2_phase_error,geom_model_gaussian2_sigma,geom_model_gaussian2_sigma_error,geom_model_gaussian2_depth,geom_model_gaussian2_depth_error,geom_model_cosine_half_period_amplitude,geom_model_cosine_half_period_amplitude_error,geom_model_cosine_half_period_phase,geom_model_cosine_half_period_phase_error,model_type,num_model_parameters,reduced_chi2,derived_primary_ecl_phase,derived_primary_ecl_phase_error,derived_primary_ecl_duration,derived_primary_ecl_duration_error,derived_primary_ecl_depth,derived_primary_ecl_depth_error,derived_secondary_ecl_phase,derived_secondary_ecl_phase_error,derived_secondary_ecl_duration,derived_secondary_ecl_duration_error,derived_secondary_ecl_depth,derived_secondary_ecl_depth_error
[from data line 348]
375316653866487564,4887702538381875584,0.55393624,2177.799219158452,4.1595563914038,9.079323E-6,18.305347,0.020211926,0.24901234,0.0031747906,0.055557657,0.009590521,0.17184195,0.047500778,0.7484704,0.004254864,0.044785015,0.00865142,0.2157384,0.044347603,0.11045367,0.025801457,0.24901234,0.0031747906,"TWOGAUSSIANS_WITH_ELLIPSOIDAL_ON_ECLIPSE1",9,8.012003,0.7485504,0.0037693663,0.25079608,0.048447948,0.43663663,0.016343474,0.24901234,0.0031747906,0.31112286,0.05370692,0.39274237,0.014654687
375316653866487564,4887719550748423168,0.5662811,2200.109919315185,3.0050358868392495,7.393446E-6,16.31844,0.008573396,0.13478246,0.0021461395,0.07494597,0.0034977896,0.3476721,0.008925306,0.6467938,0.004772304,0.07942382,0.0039843014,0.46033347,0.017947,null,null,null,null,"TWOGAUSSIANS",8,46.746506,0.6467938,0.004772304,0.4,0.0,0.45705536,0.017376175,0.13478246,0.0021461395,0.4,0.0,0.344394,0.008299066
375316653866487564,4887904951600461568,0.58962923,2188.236433954307,4.187086314285273,3.7478114E-6,18.565302,0.014527595,0.22856155,0.0023066078,0.056673214,0.004625043,0.4224327,0.029965473,0.7290516,0.0018252984,0.054541156,0.0031456063,0.4586043,0.034945417,0.102693774,0.017991018,0.22856155,0.0023066078,"TWOGAUSSIANS_WITH_ELLIPSOIDAL_ON_ECLIPSE1",9,4.66692,0.7290516,0.0017952973,0.30543047,0.017615395,0.6639526,0.023580002,0.22856155,0.0023066078,0.31737,0.02590024,0.6277829,0.01968895
375316653866487564,4887948489685864448,0.65133977,2174.4668446342844,3.559503890183124,3.4048182E-6,15.558598,0.010678684,0.20998749,8.007973E-4,0.042579796,0.002319692,0.42352304,0.020999106,0.7095366,0.0011421425,0.04768103,0.0023706444,0.62719595,0.028368548,0.12815706,0.013073091,0.20998749,8.007973E-4,"TWOGAUSSIANS_WITH_ELLIPSOIDAL_ON_ECLIPSE1",9,65.45675,0.7095666,0.0010691236,0.26701376,0.013275608,0.8835075,0.024530834,0.20998749,8.007973E-4,0.23844685,0.012990275,0.6798365,0.009286124
375316653866487564,4887962233581320960,0.5942493,2203.0142293553477,3.6166504613651242,4.22051E-6,15.351708,0.008948855,0.2635712,0.0035940278,0.04874676,0.0043904423,0.2579867,0.020167552,0.7732531,0.0019126544,0.044363335,0.0055486835,0.15572725,0.02020343,0.11275218,0.011023758,0.7732531,0.0019126544,"TWOGAUSSIANS_WITH_ELLIPSOIDAL_ON_ECLIPSE2",9,97.756935,0.2649312,0.0031440216,0.27298185,0.024586476,0.48277384,0.008290194,0.7732531,0.0019126544,0.24843468,0.031072626,0.38123077,0.011892259
375316653866487564,4887986525916258048,0.5209885,2175.8967047045376,3.2019519934829717,8.367881E-6,13.796706,0.11598513,0.24085084,0.005426883,0.13602088,0.040914606,0.24787524,0.11394882,0.72874427,0.0035357834,0.11529215,0.018350232,0.3601458,0.10810352,null,null,null,null,"TWOGAUSSIANS",8,401.1619,0.72874427,0.0035357834,0.4,0.0,0.28802928,0.010701409,0.24092083,0.005420583,0.4,0.0,0.17521833,0.008352573
375316653866487564,4887997933349445120,0.5848129,2194.1624926092486,3.1802334236231102,8.526624E-6,9.715131,0.0057297926,0.2557599,0.0017417655,0.049246818,0.004933845,0.08670445,0.013505713,0.7577462,0.007718681,0.035531607,0.012342164,0.0976394,0.0147617,0.10708923,0.009588728,0.2557599,0.0017417655,"TWOGAUSSIANS_WITH_ELLIPSOIDAL_ON_ECLIPSE1",9,427.47858,0.7577462,0.006965175,0.19897701,0.06911612,0.31178376,0.006748616,0.2557599,0.0017417655,0.2757822,0.02762953,0.30088216,0.0072132656
375316653866487564,4888263912082604160,0.42265984,2250.7398271047286,0.4015599957812103,4.3403343E-5,19.238876,0.017617075,0.13883728,0.011860445,0.0066019758,0.007900307,0.7796915,1.8564867E19,0.5442729,0.026248712,0.087783605,0.044137858,0.08082747,0.037187442,null,null,null,null,"TWOGAUSSIANS",8,9.50126,0.13883728,0.011860445,0.036971062,0.04424172,0.7796934,1.8564867E19,0.5442729,0.026248712,0.4,0.010789873,0.08082745,0.03718901
375316653866487564,4888277243662410368,0.6387992,2169.196734814533,2.799311633436777,3.6516158E-6,15.852849,0.007898307,0.27356607,7.7515823E-4,0.05328756,0.0021903429,0.378125,0.017886223,0.7767432,0.0031698057,0.05137246,0.0036306323,0.26722032,0.027556382,0.09651274,0.010372464,0.27356607,7.7515823E-4,"TWOGAUSSIANS_WITH_ELLIPSOIDAL_ON_ECLIPSE1",9,24.460835,0.27356607,7.7515823E-4,0.29841033,0.01226592,0.57114273,0.011131581,0.7767432,0.0031698057,0.28768578,0.020331541,0.46016115,0.022632832
375316653866487564,4888384239887315840,0.58601105,2185.7482030626347,2.9469612540492562,6.2603613E-6,13.562098,0.0050123804,0.21706915,0.0011807221,0.076904565,0.0016598847,0.49727848,0.008256696,0.7207792,0.0015110027,0.079629906,0.001693065,0.46495295,0.0069353217,null,null,null,null,"TWOGAUSSIANS",8,332.69513,0.21706915,0.0011807221,0.4,0.0,0.4918559,0.008194872,0.7207792,0.0015110027,0.4,0.0,0.45953035,0.0064691342
375316653866487564,4888462889328367744,0.51336944,2206.307197887772,4.294393753383211,1.1600421E-5,15.106165,0.026582155,0.24648084,0.0063447435,0.111059636,0.017933205,0.17698847,0.024569524,0.7283011,0.0037961614,0.10544705,0.011693579,0.2127991,0.025109097,null,null,null,null,"TWOGAUSSIANS",8,116.25207,0.7283011,0.0037961614,0.4,0.0,0.19077219,0.008518321,0.24649084,0.006325299,0.4,0.0,0.1549512,0.008553194
375316653866487564,4888498382938032640,0.5415991,2212.2687565905803,1.8840189910574647,2.0910682E-6,16.447094,0.004088654,0.237758,0.0011980154,0.028338483,8.3235715E-4,0.68990207,0.02537316,null,null,null,null,null,null,null,null,null,null,"ONEGAUSSIAN",5,66.13385,0.237758,0.0011980154,0.1586955,0.0046612,0.68990207,0.0,null,null,null,null,null,null
375316653866487564,4888545112182654080,0.51182985,2177.6921966276964,3.157522244882491,1.4642096E-5,13.270755,0.28676456,0.27978006,0.008188924,0.12815724,0.057920024,0.24180865,0.26817524,0.79800767,0.0052975006,0.12319933,0.045580868,0.19952483,0.2621263,null,null,null,null,"TWOGAUSSIANS",8,540.60974,0.27964005,0.006948979,0.4,0.0,0.18944068,0.0107480455,0.79830766,0.0036445884,0.4,0.0,0.14730775,0.008813579
375316653866487564,4888655750540099840,0.43811557,2238.158500025331,2.795079556907478,1.4280803E-5,13.540884,0.00856279,0.34460405,0.020915946,0.09757678,0.034556538,0.031940788,0.0087175025,0.8372332,0.003764237,0.03786096,0.0035202245,0.14714696,0.0171435,null,null,null,null,"TWOGAUSSIANS",8,643.3892,0.8372332,0.003764237,0.21202138,0.019713257,0.14707106,0.016934918,0.34460405,0.020915946,0.4,0.0,0.031864762,0.008295083
375316653866487564,4888670112910875776,0.660556,2201.486963679502,0.5791174052847831,1.4620513E-6,16.635143,0.005131025,0.24394323,0.0013274712,0.033630893,7.370657E-4,1.670647,0.053993102,0.7581122,0.0013536535,0.03287804,0.0029370447,0.13553794,0.009733537,0.014923116,0.0057378146,0.24394323,0.0013274712,"TWOGAUSSIANS_WITH_ELLIPSOIDAL_ON_ECLIPSE1",9,8.578523,0.24394323,0.0013274712,0.18833299,0.0041275676,1.7004933,0.050393887,0.7581122,0.0013536535,0.18411703,0.016447451,0.16514823,0.004686727
375316653866487564,4888693958567709952,0.47635773,2203.329227823383,2.5296252187347927,2.8950451E-5,13.342589,9.1606256E-4,0.2149954,0.038723662,0.025237545,0.014796936,0.041268796,0.13465023,0.49418795,0.003151817,0.027109927,0.0026539695,0.13877091,0.046778753,null,null,null,null,"TWOGAUSSIANS",8,7.3237047,0.49418795,0.003151817,0.1518156,0.014862228,0.13877091,0.046778753,0.2149954,0.038723662,0.14133026,0.08286284,0.041268796,0.13465023
375316653866487564,4888707324507506048,0.643255,2199.337221461285,4.008392928582599,2.198835E-6,17.247278,0.009970688,0.24424715,9.835752E-4,0.04459441,0.0021432466,0.4826506,0.022596778,0.7466631,7.1952346E-4,0.050177455,0.001661547,0.5303147,0.021949025,0.117946826,0.012972149,0.24424715,9.835752E-4,"TWOGAUSSIANS_WITH_ELLIPSOIDAL_ON_ECLIPSE1",9,12.054617,0.7466631,7.1952346E-4,0.28099376,0.009304663,0.7661516,0.009576749,0.24424715,9.835752E-4,0.24972871,0.012002181,0.71854186,0.009851379
375316653866487564,4888776799898384128,0.6022529,2212.3864990816583,3.9972708452290355,6.045781E-6,13.897019,0.004943379,0.2591853,0.002422752,0.043766707,0.0054308497,0.08322369,0.013143255,0.7635153,0.0057642367,0.045224737,0.009417778,0.13799019,0.021371111,0.102519296,0.0073837526,0.2591853,0.002422752,"TWOGAUSSIANS_WITH_ELLIPSOIDAL_ON_ECLIPSE1",9,171.66516,0.7635153,0.0057642367,0.25325853,0.052739557,0.34287676,0.024161283,0.2591853,0.002422752,0.24509357,0.030412758,0.28826198,0.0059215063
375316653866487564,4888960246541725568,0.5224321,2190.229155345186,0.8379785876474181,1.1274692E-5,13.988055,0.0028374807,0.232343,0.0077392776,0.020343093,0.005250814,0.059974886,0.020831289,0.7433391,0.0010349076,0.026264042,0.0014194746,0.22644015,0.008848794,0.013881702,0.0032406335,0.7433391,0.0010349076,"TWOGAUSSIANS_WITH_ELLIPSOIDAL_ON_ECLIPSE2",9,74.624985,0.7433391,0.0010349076,0.14707863,0.007949058,0.25420353,0.008717842,0.23250301,0.007633706,0.11392132,0.029404558,0.087607905,0.02178546
375316653866487564,4889040270372250496,0.6218672,2204.3013401419607,2.778548572881298,4.0609157E-6,15.308952,0.0025796706,0.20055391,0.0013183142,0.026740553,0.0012255975,0.23620996,0.009095182,0.6993577,0.0011045058,0.026630756,0.0013183391,0.5949281,0.027216764,0.020711811,0.0043868916,0.20055391,0.0013183142,"TWOGAUSSIANS_WITH_ELLIPSOIDAL_ON_ECLIPSE1",9,41.342094,0.6993577,0.0010973305,0.14913222,0.0073826993,0.6363493,0.028576778,0.20055391,0.0013183142,0.1497471,0.006863346,0.27763355,0.006904636
375316653866487564,4889055491736370176,0.57833606,2185.687772888472,2.8490502340097246,8.829886E-6,15.111735,0.112098664,0.25030896,0.0022454876,0.059666604,0.026583653,0.24058236,0.2200165,0.7546523,0.0066460236,0.06093385,0.021162946,0.22739215,0.22887005,0.106831074,0.11733983,0.25030896,0.0022454876,"TWOGAUSSIANS_WITH_ELLIPSOIDAL_ON_ECLIPSE1",9,173.04758,0.25030896,0.0022454876,0.33413297,0.11548386,0.4541697,0.02294111,0.7546523,0.0066460236,0.34122956,0.09759143,0.4408204,0.015293307
375316653866487564,4889082361052083072,0.52030814,2183.464504708939,0.5478497873369076,1.2159441E-5,15.5636,0.0063863373,0.8218777,0.0010725937,0.014551508,0.0010130077,0.55868965,0.021351684,null,null,null,null,null,null,0.010576748,0.010218652,0.8218777,0.0010725937,"ONEGAUSSIAN_WITH_ELLIPSOIDAL",6,361.97186,0.8218777,0.0010725937,0.081488445,0.0056728437,0.57984316,0.0194893,null,null,null,null,null,null
375316653866487564,4889083666722692992,0.57465667,2186.4388841437453,4.551950858207452,5.335828E-6,19.0851,0.011233883,0.24968314,0.002308773,0.043556277,0.0049403026,0.3016258,0.03109526,0.7465735,0.0021979988,0.050275903,0.0033508935,0.44551694,0.029196378,0.11943746,0.017987842,0.24968314,0.002308773,"TWOGAUSSIANS_WITH_ELLIPSOIDAL_ON_ECLIPSE1",9,3.9369109,0.7468735,0.0019290792,0.28154504,0.018765002,0.6843072,0.019675884,0.24968314,0.002308773,0.24391516,0.027665695,0.5404984,0.025196448
375316653866487564,4889204372482883584,0.6786734,2223.6175491127524,1.5662084522814055,2.7212786E-6,10.116722,0.00845309,0.27626157,7.944887E-4,0.053035554,0.002289304,0.42870706,0.012644263,0.77722865,7.5455575E-4,0.07071346,0.017939042,0.04264672,0.015993636,0.08803989,0.009750185,0.77722865,7.5455575E-4,"TWOGAUSSIANS_WITH_ELLIPSOIDAL_ON_ECLIPSE2",9,27.52374,0.27634156,7.0506794E-4,0.2969991,0.012820103,0.6046917,0.011782891,0.77722865,7.5455575E-4,0.39599538,0.08148343,0.21863729,0.004117659
375316653866487564,4889269617329175680,0.5966724,2209.574116128677,0.861925519830998,1.6549278E-5,17.469898,0.0016260708,0.14030236,0.006986537,0.009158411,0.0026656697,0.45050523,0.24154669,0.64801896,0.0014464111,0.011051011,0.0015465709,0.58423394,0.017994883,null,null,null,null,"TWOGAUSSIANS",8,5.5875306,0.64801896,0.0014464111,0.061885662,0.008660797,0.58423394,0.017994883,0.14030236,0.006986537,0.0512871,0.01492775,0.45050523,0.24154669
375316653866487564,4889303156730503552,0.5833854,2199.3491370328597,4.299058556050788,6.535501E-6,14.843896,0.0063416054,0.27068937,0.0027111107,0.08482833,0.0033098229,0.2772551,0.0074850707,0.76396066,0.0018924503,0.089890644,0.003016202,0.3424158,0.008339326,null,null,null,null,"TWOGAUSSIANS",8,83.48822,0.76396066,0.0018924503,0.4,0.0,0.33320683,0.007994235,0.27068937,0.0027111107,0.4,0.0,0.26804626,0.006091408
375316653866487564,4889414963319125632,0.6046781,2231.8429511870263,2.2810293824910195,2.5437673E-6,15.066806,0.016604481,0.25308052,0.0022979225,0.060309604,0.008386049,0.11757795,0.032776635,0.74459916,0.0017463169,0.06968047,0.014583258,0.08811208,0.031491995,0.05796254,0.016444752,0.74459916,0.0017463169,"TWOGAUSSIANS_WITH_ELLIPSOIDAL_ON_ECLIPSE2",9,19.240646,0.2512105,0.0016465369,0.33773378,0.046961874,0.23309511,0.0029778455,0.74459916,0.0017463169,0.39021063,0.07064092,0.20388567,0.0031775364
375316653866487564,4889505393853802240,0.6360913,2207.2434867725137,2.5880078321336537,4.29794E-6,12.87038,0.010909878,0.25309187,0.0013348346,0.043275665,0.0027895183,0.34479743,0.024072282,0.75216645,0.0014120953,0.048042502,0.0030687759,0.50697327,0.023526328,0.11480434,0.012776013,0.25309187,0.0013348346,"TWOGAUSSIANS_WITH_ELLIPSOIDAL_ON_ECLIPSE1",9,312.75067,0.7522365,0.0012896218,0.26903802,0.017185146,0.73657405,0.01852509,0.25309187,0.0013348346,0.24234374,0.015621303,0.57440543,0.010212091
375316653866487564,4889624901320153856,0.61874354,2246.9485655520475,4.594522640308206,3.4761533E-6,17.818771,0.013410186,0.2486497,0.0013331125,0.061756868,0.0060708066,0.2935024,0.024328006,0.750963,0.0026715363,0.056005098,0.0055683586,0.23106636,0.026130069,0.10174511,0.014562697,0.2486497,0.0013331125,"TWOGAUSSIANS_WITH_ELLIPSOIDAL_ON_ECLIPSE1",9,4.0273037,0.2486497,0.0013331125,0.34583846,0.03399652,0.49690154,0.027088897,0.750963,0.0026715363,0.31362855,0.031182807,0.43442252,0.008501957
375316653866487564,4889775156456371072,0.44025037,2238.984508133589,0.6928604964073765,1.1469094E-4,12.802656,0.0018993451,0.70881075,0.0079553565,0.016509905,0.008284718,0.097597025,0.06321701,null,null,null,null,null,null,0.01761258,0.0025382033,0.70881075,0.0079553565,"ONEGAUSSIAN_WITH_ELLIPSOIDAL",6,240.31223,0.70881075,0.0079553565,0.09245547,0.04639442,0.13282216,0.063460805,null,null,null,null,null,null
375316653866487564,4889777939595171072,0.5735119,2238.0018138476385,2.2153083806847578,5.7878724E-6,17.855999,0.0028506513,0.25934532,0.0019242018,0.037158385,0.0023019214,0.15085365,0.007961153,0.7630883,0.0013035293,0.038337566,0.0015429929,0.3507851,0.008974583,0.028625842,0.0041787196,0.25934532,0.0019242018,"TWOGAUSSIANS_WITH_ELLIPSOIDAL_ON_ECLIPSE1",9,2.7389984,0.7630883,0.0013035293,0.21469037,0.008640761,0.40800506,0.008118888,0.25934532,0.0019242018,0.20808695,0.012890759,0.20810528,0.005386505
375316653866487564,4889996776769047168,0.49615753,2214.7801292421805,1.779913615479474,1.1872576E-5,17.068293,0.0015790666,0.03454568,7.6591584E-7,0.0013753526,9.447087E-6,0.77266216,0.011616008,0.79334974,0.0061143925,0.013364459,0.0058816737,0.024110563,0.003918541,null,null,null,null,"TWOGAUSSIANS",8,7.63505,0.03454568,7.6591584E-7,0.007701975,5.2903688E-5,0.77266216,0.011616008,0.79334974,0.0061143925,0.07484097,0.03293737,0.024110563,0.003918541
375316653866487564,4890024161480425472,0.5087826,2202.1097633896857,4.170807228753198,2.3351851E-5,17.19906,0.030584598,0.21679863,0.010761215,0.053784017,0.010793845,0.17547345,0.076097615,0.74116457,0.009019693,0.068392254,0.017716557,0.23608923,0.06574241,0.06343359,0.034075715,0.21679863,0.010761215,"TWOGAUSSIANS_WITH_ELLIPSOIDAL_ON_ECLIPSE1",9,59.877346,0.74116457,0.009019693,0.38299662,0.09921272,0.35992765,0.038891733,0.21679863,0.010761215,0.3011905,0.060445536,0.30226228,0.021396577
