Gaia/vari_eclipsing_binary/VariEclipsingBinary_677167-677190.csv
# %ECSV 1.0
# ---
# delimiter: ','
# meta: !!omap
# - RELEASE: Gaia DR3
# - TABLE: vari_eclipsing_binary
# - DESCRIPTION: >
#     This table describes the properties of the eclipsing binaries resulting from the variability analysis. 
# - CITATION: >
#     How to cite and acknowledge Gaia: 
#     https://gea.esac.esa.int/archive/documentation/credits.html 
# - KNOWN_ISSUES: >
#     Known issues: 
#     https://www.cosmos.esa.int/web/gaia-users/known-issues 
# - DOCUMENTATION: >
#     Tutorials and documentation: 
#     https://www.cosmos.esa.int/web/gaia-users/archive 
# datatype:
# - 
#   name: solution_id
#   datatype: int64
#   description: Solution Identifier
#   meta:
#     ucd: meta.version
# - 
#   name: source_id
#   datatype: int64
#   description: Unique source identifier
#   meta:
#     ucd: meta.id;meta.main
# - 
#   name: global_ranking
#   datatype: float32
#   description: Number between 0 (worst) and 1 (best)
#   meta:
#     ucd: stat.param
# - 
#   name: reference_time
#   datatype: float64
#   unit: d
#   description: Reference time used for the geometric model fit
#   meta:
#     ucd: time.epoch
# - 
#   name: frequency
#   datatype: float64
#   unit: d**-1
#   description: Frequency of geometric model of the eclipsing binary light curve
#   meta:
#     ucd: src.orbital
# - 
#   name: frequency_error
#   datatype: float32
#   unit: d**-1
#   description: "Uncertainty of \\texttt{frequency}"
#   meta:
#     ucd: stat.error
# - 
#   name: geom_model_reference_level
#   datatype: float32
#   unit: mag
#   description: Magnitude reference level of geometric model
#   meta:
#     ucd: phot.mag;em.opt
# - 
#   name: geom_model_reference_level_error
#   datatype: float32
#   unit: mag
#   description: "Uncertainty of \\texttt{geomModelReferenceLevel}"
#   meta:
#     ucd: stat.error;phot.mag;em.opt
# - 
#   name: geom_model_gaussian1_phase
#   datatype: float32
#   description: Phase of the Gaussian 1 component
#   meta:
#     ucd: time.phase
# - 
#   name: geom_model_gaussian1_phase_error
#   datatype: float32
#   description: "Uncertainty of \\texttt{geomModelGaussian1Phase}"
#   meta:
#     ucd: stat.error;time.phase
# - 
#   name: geom_model_gaussian1_sigma
#   datatype: float32
#   description: "Standard deviation [phase] of Gaussian 1 component"
#   meta:
#     ucd: stat.stdev
# - 
#   name: geom_model_gaussian1_sigma_error
#   datatype: float32
#   description: "Uncertainty of \\texttt{geomModelGaussian1Sigma}"
#   meta:
#     ucd: stat.error
# - 
#   name: geom_model_gaussian1_depth
#   datatype: float32
#   unit: mag
#   description: Magnitude depth of Gaussian 1 component
#   meta:
#     ucd: src.var.amplitude
# - 
#   name: geom_model_gaussian1_depth_error
#   datatype: float32
#   unit: mag
#   description: "Uncertainty of \\texttt{geomModelGaussian1Depth}"
#   meta:
#     ucd: stat.error;src.var.amplitude
# - 
#   name: geom_model_gaussian2_phase
#   datatype: float32
#   description: Phase of Gaussian 2 component
#   meta:
#     ucd: time.phase
# - 
#   name: geom_model_gaussian2_phase_error
#   datatype: float32
#   description: "Uncertainty of \\texttt{geomModelGaussian2Phase}"
#   meta:
#     ucd: stat.error;time.phase
# - 
#   name: geom_model_gaussian2_sigma
#   datatype: float32
[...]
#   datatype: float32
#   description: "Secondary eclipse: uncertainty of \\texttt{derivedSecondaryEclDuration}"
#   meta:
#     ucd: stat.error;time.duration
# - 
#   name: derived_secondary_ecl_depth
#   datatype: float32
#   unit: mag
#   description: "Secondary eclipse: depth"
#   meta:
#     ucd: src.var.amplitude
# - 
#   name: derived_secondary_ecl_depth_error
#   datatype: float32
#   unit: mag
#   description: "Secondary eclipse: uncertainty of \\texttt{derivedSecondaryEclDepth}"
#   meta:
#     ucd: stat.error;src.var.amplitude
solution_id,source_id,global_ranking,reference_time,frequency,frequency_error,geom_model_reference_level,geom_model_reference_level_error,geom_model_gaussian1_phase,geom_model_gaussian1_phase_error,geom_model_gaussian1_sigma,geom_model_gaussian1_sigma_error,geom_model_gaussian1_depth,geom_model_gaussian1_depth_error,geom_model_gaussian2_phase,geom_model_gaussian2_phase_error,geom_model_gaussian2_sigma,geom_model_gaussian2_sigma_error,geom_model_gaussian2_depth,geom_model_gaussian2_depth_error,geom_model_cosine_half_period_amplitude,geom_model_cosine_half_period_amplitude_error,geom_model_cosine_half_period_phase,geom_model_cosine_half_period_phase_error,model_type,num_model_parameters,reduced_chi2,derived_primary_ecl_phase,derived_primary_ecl_phase_error,derived_primary_ecl_duration,derived_primary_ecl_duration_error,derived_primary_ecl_depth,derived_primary_ecl_depth_error,derived_secondary_ecl_phase,derived_secondary_ecl_phase_error,derived_secondary_ecl_duration,derived_secondary_ecl_duration_error,derived_secondary_ecl_depth,derived_secondary_ecl_depth_error
[from data line 517]
375316653866487564,5956590778756727168,0.43233922,2403.1810674156336,3.3306706904320817,8.807584E-5,19.50833,0.24324988,0.33532107,0.019774064,0.19475883,0.14113337,0.26489964,0.22325289,0.8096225,0.051731307,0.0777571,0.04062481,0.4699152,0.16468926,null,null,null,null,"TWOGAUSSIANS",8,2.8159046,0.8096225,0.05175021,0.4,0.18233877,0.40721965,0.10572668,0.33532107,0.019774064,0.4,0.0,0.18161832,0.030729653
375316653866487564,5956590984954072064,0.5200245,2340.0671593639117,3.056800403415123,9.572926E-6,16.969652,0.0021374072,0.8098314,0.0044753407,0.026668692,0.008187299,0.036112014,0.013561102,null,null,null,null,null,null,0.0642855,0.0035710058,0.8098314,0.0044753407,"ONEGAUSSIAN_WITH_ELLIPSOIDAL",6,7.981737,0.8098314,0.0044753407,0.14934467,0.04584887,0.16468276,0.013424024,null,null,null,null,null,null
375316653866487564,5956590984954088832,0.5133426,2340.241284037456,3.290738491263432,1.9342842E-5,12.19439,0.018406013,0.26391366,0.011850664,0.10834762,0.02734404,0.1317477,0.016533388,0.768563,0.005242388,0.090479985,0.016256655,0.12581079,0.016119517,null,null,null,null,"TWOGAUSSIANS",8,475.39224,0.26391366,0.011850664,0.4,0.0,0.1214946,0.012025424,0.768563,0.005246924,0.4,0.0,0.115563996,0.009650923
375316653866487564,5956591706508251392,0.6125588,2345.3920995882145,2.5468262963306127,5.7367142E-6,15.045815,0.0054894662,0.16482478,0.016565006,0.06618261,0.011199358,0.111366205,0.02408136,0.6948065,0.0036590772,0.026976071,0.013279552,0.27561784,1.2594419,0.09889027,0.0052433694,0.6948065,0.0036590772,"TWOGAUSSIANS_WITH_ELLIPSOIDAL_ON_ECLIPSE2",9,34.897903,0.6948065,0.0036590772,0.15106599,0.07436549,0.47338253,1.2668725,0.17627479,0.011792826,0.37062263,0.04465439,0.30480728,0.01668094
375316653866487564,5956591805282801408,0.4476725,2312.260185732656,0.11430210888692968,3.1722666E-5,19.056736,0.0071123806,null,null,null,null,null,null,null,null,null,null,null,null,0.100019746,0.008585214,0.76892066,0.007467348,"ELLIPSOIDAL",4,5.839128,null,null,null,null,null,null,null,null,null,null,null,null
375316653866487564,5956591878267535360,0.49144217,2374.5240967875225,3.6951811106111783,1.5605057E-5,18.832428,0.20723553,0.3264194,0.014242579,0.13064283,0.047682963,0.48678502,0.16014211,0.8100806,0.0049296017,0.1286573,0.035331476,0.4384521,0.19782512,null,null,null,null,"TWOGAUSSIANS",8,5.528137,0.3266494,0.013792432,0.4,0.0,0.36005205,0.051059037,0.8100806,0.0049296017,0.4,0.0,0.31191623,0.025620423
375316653866487564,5956591946987146880,0.5127447,2363.357182386064,2.8131457177170374,2.5141957E-5,19.291225,0.014606316,0.23642781,0.004215512,0.030817455,0.0066196816,0.20774601,0.050284393,0.7200304,0.013127101,0.035603996,0.031001939,0.123078465,0.33778396,0.13872494,0.030618614,0.23642781,0.004215512,"TWOGAUSSIANS_WITH_ELLIPSOIDAL_ON_ECLIPSE1",9,6.479376,0.23642781,0.004215512,0.17257774,0.03707022,0.48519585,0.03931194,0.7230504,0.013995292,0.19938238,0.17361085,0.3981308,0.34912696
375316653866487564,5956592664251798400,0.6455878,2368.3344090617165,3.4789465722440647,4.1274557E-6,17.635023,0.009440823,0.21419722,0.0011598255,0.04542094,0.0047628568,0.1894449,0.019072127,0.7055024,0.0121907005,0.05087363,0.00860484,0.3394795,0.06544403,0.118016884,0.011624414,0.21419722,0.0011598255,"TWOGAUSSIANS_WITH_ELLIPSOIDAL_ON_ECLIPSE1",9,2.8440027,0.7065824,0.01059262,0.28489232,0.048187103,0.5748955,0.061254796,0.21419722,0.0011598255,0.25435725,0.026671998,0.42547727,0.01175891
375316653866487564,5956592806020037120,0.48475397,2361.177963931625,1.4251618800681822,6.6059765E-5,17.255825,0.011359884,0.27602112,0.006001318,0.07945385,0.034175064,0.042573147,0.008380814,0.7596319,0.021514328,0.060739987,0.03351372,0.088048525,0.044018373,null,null,null,null,"TWOGAUSSIANS",8,1.886115,0.7596319,0.021514328,0.34014392,0.09510265,0.08791886,0.045490805,0.27602112,0.006001318,0.4,0.0,0.042443488,0.005108481
375316653866487564,5956593699373215488,0.5773429,2311.5801284189097,2.434001423037013,1.189263E-5,16.95585,0.0073519964,0.22760154,0.0030760653,0.096012436,0.0069197402,0.13160206,0.006791275,0.72080433,0.0023650026,0.09626327,0.005108729,0.18090415,0.0068094805,null,null,null,null,"TWOGAUSSIANS",8,3.3059044,0.72080433,0.0023650026,0.4,0.0,0.17135508,0.004695562,0.22760154,0.0030760653,0.4,0.0,0.12205317,0.0050020814
375316653866487564,5956594386529056896,0.56193376,2419.9488268863,1.5732723663529253,4.9672075E-5,19.072176,0.020632587,0.26368526,0.0056069437,0.054019313,0.0052081,0.74714947,0.106887884,0.7593353,0.006587668,0.053245068,0.012145632,0.36586756,0.04802111,null,null,null,null,"TWOGAUSSIANS",8,9.214939,0.26368526,0.0056069437,0.30250815,0.029165361,0.7471329,0.10689261,0.7593353,0.006587668,0.29817238,0.06801554,0.36585099,0.048040684
375316653866487564,5956594450976906240,0.5412082,2318.678638332111,0.3591930246097701,4.5169953E-5,18.435362,0.0053876946,0.3751875,0.017460395,0.058026575,0.015664551,0.030746613,0.0067302454,0.7964638,0.0010132921,0.025994446,9.4073435E-4,0.4561747,0.011350175,null,null,null,null,"TWOGAUSSIANS",8,1.857402,0.7964638,0.0010132921,0.14556889,0.0052681123,0.4561747,0.011350175,0.3751875,0.017460395,0.32494882,0.08772149,0.030746613,0.006730245
375316653866487564,5956594554056045440,0.57988554,2360.6071562441216,3.7468487789109264,2.5113894E-5,18.93046,0.0314811,0.17902097,0.0075285095,0.0823148,0.012335039,0.47691292,0.0376707,0.68767357,0.0056372182,0.070350036,0.0083339345,0.56612194,0.037731282,null,null,null,null,"TWOGAUSSIANS",8,4.2976537,0.68767357,0.0056372182,0.39396018,0.03827819,0.5621286,0.03605992,0.17902097,0.0075285095,0.4,0.0,0.47291955,0.038167667
375316653866487564,5956594798846297600,0.51817065,2344.523509096967,3.353218388371655,8.588722E-5,19.199686,0.018611573,0.56012666,0.03153623,0.35294905,0.09947033,0.07415412,0.015246113,0.37450668,0.023858525,0.024895577,0.034978908,0.6421338,1.3923221,null,null,null,null,"TWOGAUSSIANS",8,0.6211919,0.37456667,0.024016999,0.13941523,0.19588187,0.6776423,1.3909326,0.5392067,0.19902402,0.4,0.0,0.041358754,1.2175994
375316653866487564,5956595000732651648,0.48238823,2362.512370358584,0.023507369547726385,8.186315E-6,19.155045,0.008004228,0.22755411,0.0040675215,0.056977883,0.0054066605,0.73299897,0.24625687,0.5391023,0.015770124,0.034777302,0.01734638,0.103799656,0.017719885,null,null,null,null,"TWOGAUSSIANS",8,1.6199288,0.22755411,0.0040675215,0.31907615,0.030277299,0.73299897,0.24625687,0.5391023,0.015770124,0.19475289,0.09713973,0.103799894,0.017719837
375316653866487564,5956595791012065536,0.5516662,2342.89491070766,2.357716396189918,9.254087E-6,18.852003,0.02043144,0.18250728,0.0027426903,0.075004525,0.0060187355,0.43866137,0.018465433,0.6804312,0.0018222525,0.07636169,0.004727564,0.43543246,0.01848462,null,null,null,null,"TWOGAUSSIANS",8,3.7983649,0.18250728,0.0027426903,0.4,0.0,0.43509278,0.017333552,0.6804312,0.0018222525,0.4,0.0,0.43186387,0.017049797
375316653866487564,5956595928423218432,0.5194435,2455.245680556923,2.89665028001571,5.8232395E-6,17.024288,0.39938444,0.2828932,0.006416519,0.11451475,0.02396555,0.4202948,0.24491405,0.7666255,0.012430456,0.18230312,0.122872695,0.3534589,0.38487673,null,null,null,null,"TWOGAUSSIANS",8,12.34955,0.28472322,0.002988382,0.4,0.0,0.27837846,0.024439605,0.7666255,0.012430456,0.4,0.0,0.19469881,0.014037483
375316653866487564,5956595967077662720,0.4921358,2394.2630282090413,1.6621432823999167,8.882631E-6,17.429382,0.010120024,0.21363296,0.002486703,0.068680175,0.014315904,0.041865285,0.023190757,null,null,null,null,null,null,0.100949824,0.012460456,0.21363296,0.002486703,"ONEGAUSSIAN_WITH_ELLIPSOIDAL",6,11.8106365,0.21363296,0.002486703,0.38460898,0.06928477,0.24370866,0.0066811787,null,null,null,null,null,null
375316653866487564,5956596237688855808,0.56162083,2409.6953048025466,3.7984703301652383,1.7289023E-5,19.261414,0.0121869445,0.27770928,0.003732205,0.08431192,0.005900749,0.4520379,0.016903022,0.76990765,0.004935101,0.08441868,0.005713682,0.3779598,0.0148100285,null,null,null,null,"TWOGAUSSIANS",8,2.215637,0.27770928,0.003732205,0.4,0.0,0.44311875,0.016622847,0.76990765,0.004935101,0.4,0.0,0.36904064,0.013428002
375316653866487564,5956596757351844224,0.60814863,2386.2254640068454,3.7152218085277835,4.6687757E-5,18.49749,0.008266774,0.30394346,0.003894933,0.0725246,0.0044797915,0.42310736,0.032456838,0.80865353,0.0051381667,0.08579955,0.0046716155,0.56568813,0.014886139,null,null,null,null,"TWOGAUSSIANS",8,4.564194,0.80865353,0.0051381667,0.4,0.0,0.5595574,0.014990132,0.30394346,0.003894933,0.4,0.003176661,0.41697666,0.03368791
375316653866487564,5956596826109726336,0.47183138,2388.592880780512,1.4517337225355658,4.0485975E-5,15.0809,0.41191941,0.21491528,0.010606172,0.13295718,0.080425605,0.09086453,0.35848868,0.73495924,0.0130549045,0.12347198,0.089996286,0.09531276,0.36767918,null,null,null,null,"TWOGAUSSIANS",8,20.993809,0.73534924,0.009992398,0.4,0.0,0.07173545,0.0058441544,0.21469529,0.009228016,0.4,0.0,0.06717239,0.005841019
375316653866487564,5956596856136188032,0.5987068,2363.542338475098,3.494686170466996,8.1619655E-6,17.796453,0.0100571085,0.23372275,0.0019836174,0.052303303,0.007338352,0.14678447,0.025324255,0.7263179,0.028146314,0.041500118,0.03244571,0.19383053,2.7261581,0.102351286,0.013411341,0.23372275,0.0019836174,"TWOGAUSSIANS_WITH_ELLIPSOIDAL_ON_ECLIPSE1",9,5.9858007,0.7272479,0.02726326,0.23240066,0.18169598,0.3981437,2.7388906,0.23372275,0.0019836174,0.2928985,0.041094773,0.35148492,0.018554853
375316653866487564,5956597268456777216,0.48402098,2334.039355028837,0.4204971888772437,1.9168945E-4,18.24458,0.007973956,0.14498866,0.04956829,0.03459381,0.057680294,0.035562728,0.31431434,0.8898788,0.015853921,0.011750457,0.010945305,0.39003256,1.76884557E9,0.0060093026,0.015004906,0.14498866,0.04956829,"TWOGAUSSIANS_WITH_ELLIPSOIDAL_ON_ECLIPSE1",9,8.905749,0.8898788,0.015853921,0.06580256,0.06129371,0.39004487,1.76884557E9,0.14498866,0.04956829,0.19372533,0.32300964,0.047581255,0.325856
375316653866487564,5956597891223131520,0.5985581,2385.0044300499585,1.0793216334282674,5.8048618E-6,17.853405,0.0037510176,0.2522833,0.0035690905,0.042819723,0.004300581,0.11200201,0.003517777,0.7564037,8.7767176E-4,0.037595764,6.863164E-4,0.46790284,0.0068838755,null,null,null,null,"TWOGAUSSIANS",8,2.8890374,0.7564037,8.7767176E-4,0.21053627,0.0038433718,0.46790284,0.006883874,0.2522833,0.0035690905,0.23979045,0.024083253,0.11200201,0.003517776
375316653866487564,5956598127446627840,0.5696902,2301.947554699161,2.7083077377609652,8.99536E-6,18.142485,0.02284175,0.23247473,0.0020429296,0.083228104,0.0076731467,0.37261015,0.016978774,0.7275481,0.0023433685,0.08436089,0.0063444204,0.40784428,0.022975463,null,null,null,null,"TWOGAUSSIANS",8,4.928686,0.7275481,0.0023433685,0.4,0.0,0.3995106,0.019520635,0.23247473,0.0020429296,0.4,0.0,0.36427647,0.013352157
375316653866487564,5956598509698745600,0.47291034,2374.412220701745,0.3364738592775301,6.921738E-5,17.159643,0.009472655,0.22587807,0.03550535,0.03594958,0.054397475,0.031100715,0.00963865,0.77957284,0.014918752,0.070210114,0.020178817,0.073343575,0.008859221,null,null,null,null,"TWOGAUSSIANS",8,5.4915633,0.77957284,0.014918752,0.39317662,0.046341967,0.07334345,0.008576706,0.22587807,0.03550535,0.20131765,0.2628139,0.031100586,0.009402947
375316653866487564,5956598750216898560,0.4824814,2328.8845172769143,3.4627581846413187,2.8050505E-5,18.7195,0.12048674,0.172079,0.0046939678,0.12898079,0.019379003,0.24766968,0.108353995,0.6846262,0.009357079,0.16792743,0.05091972,0.240504,0.117516704,null,null,null,null,"TWOGAUSSIANS",8,1.7059444,0.170569,0.0033874481,0.4,0.0,0.14521925,0.012497544,0.6849762,0.009101272,0.4,0.0,0.1324859,0.009069592
375316653866487564,5956598956375532416,0.56533015,2378.0274769672733,4.017687564643429,1.1176405E-5,19.049145,0.017921831,0.31181082,0.0021257214,0.06293812,0.0026798872,0.6611827,0.023428027,0.8074233,0.0037107146,0.08037483,0.0049978197,0.5614181,0.023432588,null,null,null,null,"TWOGAUSSIANS",8,2.8451123,0.31181082,0.0021257214,0.35245347,0.015007369,0.65874046,0.023050085,0.8074233,0.0037107146,0.4,0.0,0.5589759,0.023163492
375316653866487564,5956599055187384832,0.60240316,2340.491470401348,2.2943420225354787,5.3246504E-6,18.296024,0.009080855,0.17940186,0.01286503,0.07649956,0.017722487,0.18733151,0.09892987,0.68304163,0.0016740912,0.07728123,0.002951438,0.407559,0.011872383,null,null,null,null,"TWOGAUSSIANS",8,2.0114405,0.68304163,0.0016740912,0.4,0.0,0.404983,0.011378334,0.17940186,0.01286503,0.4,0.054736074,0.18475552,0.10057148
375316653866487564,5956599128212330496,0.6437889,2422.6068523765007,3.1904518023703323,4.6906434E-6,14.856626,0.011481645,0.25757998,9.0482197E-4,0.048668012,0.0042093555,0.39285457,0.03246125,0.76080954,0.001284787,0.0490249,0.003759325,0.27066642,0.027786255,0.12178945,0.016699322,0.76080954,0.001284787,"TWOGAUSSIANS_WITH_ELLIPSOIDAL_ON_ECLIPSE2",9,42.69446,0.25792,7.4862444E-4,0.27254087,0.023572389,0.63634163,0.04285993,0.76080954,0.001284787,0.27453944,0.021052219,0.5142433,0.010143099
375316653866487564,5956599231291571072,0.47055346,2480.169544077155,4.677662059322433,1.04634826E-4,18.04267,0.09255146,0.2352459,0.0166291,0.12999667,0.07116498,0.16134836,0.08282867,0.70943516,0.01374119,0.103311144,0.026428377,0.24775247,0.067709774,null,null,null,null,"TWOGAUSSIANS",8,2.6537838,0.70943516,0.01374119,0.4,0.0,0.21781357,0.042889126,0.23527591,0.01656983,0.4,0.0,0.13116325,0.03710536
375316653866487564,5956599609210896384,0.51844704,2333.545662003723,2.674923485895742,2.3791348E-5,18.79458,0.005851179,null,null,null,null,null,null,null,null,null,null,null,null,0.13753466,0.007441253,0.23156703,0.0058509647,"ELLIPSOIDAL",4,5.8926105,null,null,null,null,null,null,null,null,null,null,null,null
375316653866487564,5956601155398196352,0.4677359,2424.351725803192,1.3593943745698933,4.6824025E-5,19.339027,0.018219223,0.29715538,0.0013917957,0.014400283,0.0039852797,1.1694739,0.6747382,0.74281603,0.013375517,0.086830445,0.01246882,0.5074783,0.08888188,null,null,null,null,"TWOGAUSSIANS",8,5.2057357,0.29715538,0.0013917957,0.08064158,0.022317568,1.1694746,0.6747389,0.74281603,0.013375517,0.4,0.0,0.507478,0.08888244
375316653866487564,5956601567764370304,0.644394,2365.298488943158,1.6619625932278583,3.6965992E-6,16.552582,0.010169773,0.24088456,0.0011147171,0.053319436,0.004732694,0.21523164,0.021612367,0.7362447,0.0067928117,0.05934521,0.00455782,0.2577821,0.031604625,0.09122178,0.01415508,0.24088456,0.0011147171,"TWOGAUSSIANS_WITH_ELLIPSOIDAL_ON_ECLIPSE1",9,6.7671895,0.7370047,0.0055127065,0.33233318,0.025523793,0.4400667,0.022240274,0.24088456,0.0011147171,0.29858884,0.026503088,0.39764574,0.017150512
375316653866487564,5956601945672561664,0.5291792,2367.295000987161,4.263522949139399,9.458835E-6,19.385685,0.019536559,0.21723789,0.0040694373,0.0735057,0.0070004137,0.33648896,0.021171326,0.6972665,0.008117551,0.078805275,0.014344039,0.40985405,0.067296095,null,null,null,null,"TWOGAUSSIANS",8,1.5214949,0.6972665,0.008117551,0.4,0.0,0.40766013,0.07084535,0.21723789,0.0040694373,0.4,0.0036480618,0.33429503,0.018707728
375316653866487564,5956601980032335616,0.49333903,2383.6689890430816,3.3375947015165472,3.0717903E-5,19.56159,0.03434259,0.26848608,0.021303594,0.06402159,0.020025864,0.59524053,0.25879702,0.730442,0.0066296486,0.05935778,0.01582124,0.7745946,0.062246237,null,null,null,null,"TWOGAUSSIANS",8,17.930841,0.730442,0.0066296486,0.33240357,0.07964252,0.77449447,0.062712245,0.26848608,0.021303594,0.35852087,0.112144835,0.5951404,0.25888428
