Gaia/vari_eclipsing_binary/VariEclipsingBinary_233622-233685.csv
# %ECSV 1.0
# ---
# delimiter: ','
# meta: !!omap
# - RELEASE: Gaia DR3
# - TABLE: vari_eclipsing_binary
# - DESCRIPTION: >
#     This table describes the properties of the eclipsing binaries resulting from the variability analysis. 
# - CITATION: >
#     How to cite and acknowledge Gaia: 
#     https://gea.esac.esa.int/archive/documentation/credits.html 
# - KNOWN_ISSUES: >
#     Known issues: 
#     https://www.cosmos.esa.int/web/gaia-users/known-issues 
# - DOCUMENTATION: >
#     Tutorials and documentation: 
#     https://www.cosmos.esa.int/web/gaia-users/archive 
# datatype:
# - 
#   name: solution_id
#   datatype: int64
#   description: Solution Identifier
#   meta:
#     ucd: meta.version
# - 
#   name: source_id
#   datatype: int64
#   description: Unique source identifier
#   meta:
#     ucd: meta.id;meta.main
# - 
#   name: global_ranking
#   datatype: float32
#   description: Number between 0 (worst) and 1 (best)
#   meta:
#     ucd: stat.param
# - 
#   name: reference_time
#   datatype: float64
#   unit: d
#   description: Reference time used for the geometric model fit
#   meta:
#     ucd: time.epoch
# - 
#   name: frequency
#   datatype: float64
#   unit: d**-1
#   description: Frequency of geometric model of the eclipsing binary light curve
#   meta:
#     ucd: src.orbital
# - 
#   name: frequency_error
#   datatype: float32
#   unit: d**-1
#   description: "Uncertainty of \\texttt{frequency}"
#   meta:
#     ucd: stat.error
# - 
#   name: geom_model_reference_level
#   datatype: float32
#   unit: mag
#   description: Magnitude reference level of geometric model
#   meta:
#     ucd: phot.mag;em.opt
# - 
#   name: geom_model_reference_level_error
#   datatype: float32
#   unit: mag
#   description: "Uncertainty of \\texttt{geomModelReferenceLevel}"
#   meta:
#     ucd: stat.error;phot.mag;em.opt
# - 
#   name: geom_model_gaussian1_phase
#   datatype: float32
#   description: Phase of the Gaussian 1 component
#   meta:
#     ucd: time.phase
# - 
#   name: geom_model_gaussian1_phase_error
#   datatype: float32
#   description: "Uncertainty of \\texttt{geomModelGaussian1Phase}"
#   meta:
#     ucd: stat.error;time.phase
# - 
#   name: geom_model_gaussian1_sigma
#   datatype: float32
#   description: "Standard deviation [phase] of Gaussian 1 component"
#   meta:
#     ucd: stat.stdev
# - 
#   name: geom_model_gaussian1_sigma_error
#   datatype: float32
#   description: "Uncertainty of \\texttt{geomModelGaussian1Sigma}"
#   meta:
#     ucd: stat.error
# - 
#   name: geom_model_gaussian1_depth
#   datatype: float32
#   unit: mag
#   description: Magnitude depth of Gaussian 1 component
#   meta:
#     ucd: src.var.amplitude
# - 
#   name: geom_model_gaussian1_depth_error
#   datatype: float32
#   unit: mag
#   description: "Uncertainty of \\texttt{geomModelGaussian1Depth}"
#   meta:
#     ucd: stat.error;src.var.amplitude
# - 
#   name: geom_model_gaussian2_phase
#   datatype: float32
#   description: Phase of Gaussian 2 component
#   meta:
#     ucd: time.phase
# - 
#   name: geom_model_gaussian2_phase_error
#   datatype: float32
#   description: "Uncertainty of \\texttt{geomModelGaussian2Phase}"
#   meta:
#     ucd: stat.error;time.phase
# - 
#   name: geom_model_gaussian2_sigma
#   datatype: float32
[...]
#   datatype: float32
#   description: "Secondary eclipse: uncertainty of \\texttt{derivedSecondaryEclDuration}"
#   meta:
#     ucd: stat.error;time.duration
# - 
#   name: derived_secondary_ecl_depth
#   datatype: float32
#   unit: mag
#   description: "Secondary eclipse: depth"
#   meta:
#     ucd: src.var.amplitude
# - 
#   name: derived_secondary_ecl_depth_error
#   datatype: float32
#   unit: mag
#   description: "Secondary eclipse: uncertainty of \\texttt{derivedSecondaryEclDepth}"
#   meta:
#     ucd: stat.error;src.var.amplitude
solution_id,source_id,global_ranking,reference_time,frequency,frequency_error,geom_model_reference_level,geom_model_reference_level_error,geom_model_gaussian1_phase,geom_model_gaussian1_phase_error,geom_model_gaussian1_sigma,geom_model_gaussian1_sigma_error,geom_model_gaussian1_depth,geom_model_gaussian1_depth_error,geom_model_gaussian2_phase,geom_model_gaussian2_phase_error,geom_model_gaussian2_sigma,geom_model_gaussian2_sigma_error,geom_model_gaussian2_depth,geom_model_gaussian2_depth_error,geom_model_cosine_half_period_amplitude,geom_model_cosine_half_period_amplitude_error,geom_model_cosine_half_period_phase,geom_model_cosine_half_period_phase_error,model_type,num_model_parameters,reduced_chi2,derived_primary_ecl_phase,derived_primary_ecl_phase_error,derived_primary_ecl_duration,derived_primary_ecl_duration_error,derived_primary_ecl_depth,derived_primary_ecl_depth_error,derived_secondary_ecl_phase,derived_secondary_ecl_phase_error,derived_secondary_ecl_duration,derived_secondary_ecl_duration_error,derived_secondary_ecl_depth,derived_secondary_ecl_depth_error
[from data line 323]
375316653866487564,2055204287089437696,0.65983087,2235.8857852734795,2.6508425675626484,2.899204E-6,16.898092,0.010020616,0.26445833,0.0013893804,0.052828055,0.004946911,0.35561568,0.020355314,0.7624829,0.0012481726,0.043832652,0.0032441972,0.29816228,0.019922972,0.11500314,0.011550398,0.26445833,0.0013893804,"TWOGAUSSIANS_WITH_ELLIPSOIDAL_ON_ECLIPSE1",9,8.228577,0.26445833,0.0013893804,0.2958371,0.0277027,0.58561707,0.026340008,0.7626929,0.0010749651,0.24546286,0.018167505,0.52813196,0.0063782874
375316653866487564,2055204901257190400,0.51365995,2221.8582535963433,3.2058523064480218,9.421216E-6,19.446167,0.012135217,0.23209214,0.005083626,0.07098383,0.0068020727,0.49020347,0.03620372,0.7292478,0.002776978,0.07771877,0.0048011644,0.39736143,0.023626514,null,null,null,null,"TWOGAUSSIANS",8,3.9532597,0.23209214,0.005083626,0.39750943,0.025941672,0.48732027,0.03695164,0.7292478,0.002776978,0.4,0.0,0.39447823,0.02406936
375316653866487564,2055207413825361408,0.561272,2265.754562301898,0.13256812850923402,4.783498E-5,14.347923,7.261246E-4,0.12749928,0.0041173655,0.009983385,0.0028219267,0.12516959,0.024156732,0.63178056,0.0016100405,0.009476209,0.0012278478,0.21613109,0.02239182,null,null,null,null,"TWOGAUSSIANS",8,15.9205885,0.63178056,0.0016100405,0.05306677,0.0068759476,0.21613109,0.02239182,0.12749928,0.0041173655,0.05590696,0.01580279,0.12516959,0.024156732
375316653866487564,2055207723062986624,0.5932312,2233.4827020356947,1.975401385981043,5.68323E-6,16.612762,0.008411355,0.25226817,0.0022688506,0.04966062,0.005739979,0.18853907,0.021858113,0.7496371,0.0032917846,0.050399266,0.0051593366,0.19578342,0.018208664,0.10628578,0.010570696,0.25226817,0.0022688506,"TWOGAUSSIANS_WITH_ELLIPSOIDAL_ON_ECLIPSE1",9,18.632412,0.7501071,0.002500384,0.2822359,0.028892286,0.4083054,0.0066686035,0.25226817,0.0022688506,0.27809948,0.03214388,0.40110877,0.0128446985
375316653866487564,2055209024425471744,0.5973139,2256.6636220331984,0.45280804704979566,4.9031933E-6,13.6227255,0.0014607866,0.2565732,5.7732867E-4,0.024494043,8.1675954E-4,0.41436931,0.012454853,0.76850516,0.019139145,0.015608671,0.006474644,0.013596721,0.00823994,0.008293934,0.0019007324,0.2565732,5.7732867E-4,"TWOGAUSSIANS_WITH_ELLIPSOIDAL_ON_ECLIPSE1",9,78.103386,0.2565732,5.7732867E-4,0.13716665,0.004573853,0.43095717,0.012761565,0.76850516,0.019077536,0.08740856,0.03625801,0.030091528,0.007000214
375316653866487564,2055209505462356608,0.47527033,2224.3198028200645,2.337706736572444,1.2090462E-5,19.262691,0.0040962496,0.3139776,0.044404406,0.015323795,0.02836075,0.07416692,0.11860735,0.74205047,0.0023392234,0.014448301,0.005731667,0.15170057,0.123630285,0.062970124,0.0061848653,0.74205047,0.0023392234,"TWOGAUSSIANS_WITH_ELLIPSOIDAL_ON_ECLIPSE2",9,2.4017155,0.74205047,0.0023392234,0.08091049,0.032097336,0.2776408,0.1226687,0.3120276,0.046727248,0.085813254,0.15882021,0.17669155,0.11967623
375316653866487564,2055210849799213184,0.5971309,2238.0777804748905,0.17902518617992447,8.1240105E-6,16.44258,0.004408423,0.2395219,0.0017336587,0.026870592,0.0012710184,0.9492685,0.058046002,0.7338321,0.001500926,0.019328728,0.0033485407,0.12510514,0.04377521,0.049208462,0.005679761,0.7338321,0.001500926,"TWOGAUSSIANS_WITH_ELLIPSOIDAL_ON_ECLIPSE2",9,12.510684,0.2394919,0.0017246071,0.15047531,0.0071177026,1.0475603,0.06156391,0.7338321,0.001500926,0.10824088,0.018751828,0.22352198,0.0433812
375316653866487564,2055210952878690560,0.48658454,2249.276308465893,0.1374633562824078,2.9612484E-5,16.333172,8.6548395E-4,0.41890237,3.0370833E-5,0.00742354,1.1015229E-4,0.08961049,5.288752E-4,0.9196741,0.0044551566,0.010339295,0.0045242487,0.06605803,0.1425499,null,null,null,null,"TWOGAUSSIANS",8,3.7834089,0.41890237,3.0370833E-5,0.041571826,6.168528E-4,0.08961049,5.288752E-4,0.9196741,0.0044551566,0.05790005,0.025335792,0.06605803,0.1425499
375316653866487564,2055212116807695616,0.4815235,2243.839942072389,0.869247740626241,2.1338792E-5,19.23014,0.005886472,0.15161434,0.04367681,0.06722285,0.024582975,0.030121041,0.010539096,0.78314745,0.0037713593,0.06278775,0.0036230567,0.24490514,0.013371747,null,null,null,null,"TWOGAUSSIANS",8,2.235525,0.78314745,0.0037713593,0.3516114,0.020289117,0.24490394,0.013372503,0.15161434,0.04367681,0.37644795,0.12102504,0.030119836,0.010542425
375316653866487564,2055212155469298944,0.556615,2269.1598414132145,0.22118374012808606,5.5016335E-6,16.868807,0.009275635,0.29893035,0.08038136,0.20602776,0.19159192,0.00835517,0.008360155,0.89634836,3.321767E-4,0.02391365,4.1009768E-4,0.2979841,0.0047973148,null,null,null,null,"TWOGAUSSIANS",8,4.4041705,0.8963683,3.3059475E-4,0.13391644,0.002296547,0.29845262,0.005201806,0.29893035,0.08038136,0.4,0.0,0.00746059,0.0031230273
375316653866487564,2055213353758116608,0.4289281,2246.0685331177115,2.1087348913898887,1.7880991E-5,19.601124,0.00975188,0.419932,0.0062247636,0.049228046,0.010530108,0.16865571,0.030319395,0.91400635,4.320682E-4,0.0073581273,4.9552124E-4,0.3615703,0.012486589,null,null,null,null,"TWOGAUSSIANS",8,3.532811,0.91400635,4.320682E-4,0.04120551,0.002774919,0.3615703,0.012486589,0.419932,0.0062247636,0.27567706,0.058968604,0.16865571,0.030319395
375316653866487564,2055214144026793856,0.57907915,2243.0642696521136,0.5021652319813198,6.205461E-6,18.051807,0.002979378,0.07220669,0.003567466,0.0059524565,0.0051485263,0.12831488,0.13260527,0.35481766,0.0010038378,0.022699032,8.4740337E-4,0.43842995,0.008092092,null,null,null,null,"TWOGAUSSIANS",8,4.8601923,0.35481766,0.0010038378,0.12711458,0.0047454587,0.43842995,0.008092092,0.07220669,0.003567466,0.033333756,0.028831746,0.12831488,0.13260527
375316653866487564,2055214625068965632,0.54901695,2242.8853421400945,0.23848659018185747,1.0620922E-5,19.32762,0.0040459214,0.55908805,5.309155E-5,0.004720228,1.4379346E-4,1.768661,0.16888998,0.9134207,0.039663553,0.062019855,0.025696328,0.012840951,0.006030759,null,null,null,null,"TWOGAUSSIANS",8,1.5013351,0.55908805,5.309155E-5,0.026433276,8.052434E-4,1.768661,0.16888998,0.9134207,0.039663553,0.34731117,0.12764816,0.012840951,0.006030759
375316653866487564,2055214629370734336,0.52601653,2249.3335803393816,2.173367658658804,2.355847E-5,17.674477,0.0019174884,0.51883256,0.03945246,0.027022313,0.030221328,0.019858664,0.058443423,0.7604152,2.7135893E-4,0.010758877,1.9257242E-4,0.2835374,0.005090196,null,null,null,null,"TWOGAUSSIANS",8,2.4647248,0.7604152,2.7135893E-4,0.06024971,0.0010784055,0.2835374,0.005090478,0.51883256,0.03945246,0.15132496,0.16923943,0.019858664,0.058443423
375316653866487564,2055215385272449024,0.53748184,2219.4354827034877,2.7983979724711294,2.2331787E-5,19.329113,0.008746162,0.25480175,0.0081798,0.080555394,0.010126015,0.39826483,0.0191184,0.7621507,0.0021821759,0.07647397,0.0033412348,0.35595784,0.013236887,null,null,null,null,"TWOGAUSSIANS",8,1.8512219,0.25480175,0.0081798,0.4,0.0019896945,0.39418572,0.020451883,0.7621507,0.0021821759,0.4,0.0,0.35187876,0.012642866
375316653866487564,2055215621507444096,0.48517075,2226.300375227304,2.5985452765261394,2.3570674E-5,19.475597,0.01393162,0.18563184,0.008001715,0.058406178,0.009335685,0.1495733,0.023036573,0.6632381,0.0052484157,0.08707931,0.010072983,0.2949852,0.019030873,null,null,null,null,"TWOGAUSSIANS",8,2.5314562,0.6632381,0.0052484157,0.4,0.0,0.29428712,0.01883346,0.18563184,0.008001715,0.3270746,0.052279834,0.14887533,0.022666732
375316653866487564,2055217957960056192,0.60384536,2229.973702140539,0.5902422336879246,3.4719212E-6,17.993172,0.006801786,0.23367451,0.010631495,0.0419904,0.0105686085,0.42816016,0.49457508,0.73134065,5.619376E-4,0.03855634,0.0012701929,0.40438464,0.015674155,0.029300049,0.009569012,0.23367451,0.010631495,"TWOGAUSSIANS_WITH_ELLIPSOIDAL_ON_ECLIPSE1",9,3.266531,0.23367451,0.010631495,0.23514622,0.05918421,0.48676017,0.50129175,0.73138064,4.6559307E-4,0.21591552,0.0071130805,0.46297225,0.0072038937
375316653866487564,2055218512020958976,0.55997837,2198.7294234499373,0.7304216310952644,9.194505E-6,16.714272,0.002237919,0.08421181,0.049041748,0.028510569,0.035912734,0.009533594,0.079588234,0.40041086,0.0012706127,0.046368536,0.0021424848,0.40486977,0.03904362,null,null,null,null,"TWOGAUSSIANS",8,5.150672,0.40041086,0.0012706127,0.2596638,0.011997914,0.40486977,0.03904362,0.08421181,0.049041748,0.15965919,0.20111132,0.009533594,0.079588234
375316653866487564,2055221157721100288,0.6049291,2237.7497751948586,1.2409596918847432,4.249111E-6,16.223783,0.016022947,0.23698312,0.0017894,0.11759149,0.007309454,0.24622478,0.014525647,0.74061406,0.0015544832,0.1098821,0.006336431,0.24510491,0.013843926,null,null,null,null,"TWOGAUSSIANS",8,6.134893,0.23697312,0.0017899148,0.4,0.0,0.20390819,0.0029079125,0.74062407,0.0015585722,0.4,0.0,0.2028314,0.0042057135
375316653866487564,2055224112658383232,0.5949643,2217.4872496669363,2.919148168520812,8.082489E-6,15.935313,0.012635757,0.22523728,0.0032041105,0.04929507,0.011556124,0.11897932,0.028371096,0.72128594,0.003651847,0.06337696,0.006278257,0.1844232,0.026450008,0.093844056,0.014828246,0.22523728,0.0032041105,"TWOGAUSSIANS_WITH_ELLIPSOIDAL_ON_ECLIPSE1",9,32.451923,0.72224593,0.002477356,0.35491097,0.03515824,0.37196207,0.008499515,0.22523728,0.0032041105,0.2760524,0.06471429,0.30660567,0.010324857
375316653866487564,2055233625997485952,0.5270873,2169.6972303265943,0.4279068470593701,2.0490605E-5,18.11222,0.005350938,0.6978238,0.002088842,0.03538667,0.002917538,0.33119208,0.011968542,null,null,null,null,null,null,0.023874413,0.007856394,0.6978238,0.002088842,"ONEGAUSSIAN_WITH_ELLIPSOIDAL",6,5.1909184,0.6978238,0.002088842,0.19816536,0.016338212,0.37894088,0.0087759,null,null,null,null,null,null
375316653866487564,2055234416271484928,0.45218387,2170.21309360684,0.6024240322341495,1.427626E-6,18.508938,0.0026078825,0.13177328,8.374067E-5,0.0013393768,2.0622948E-4,0.2145442,0.13495173,0.82980376,0.004267007,0.022808619,0.0019236231,0.5827785,0.06056339,null,null,null,null,"TWOGAUSSIANS",8,4.8467746,0.82980376,0.004267007,0.12772827,0.01077229,0.5827785,0.06056339,0.13177328,8.374067E-5,0.0075005097,0.001154885,0.2145442,0.13495173
375316653866487564,2055234622429907072,0.4934641,2201.1109561369053,1.3523069360909474,1.2843381E-5,18.050976,0.0030982813,0.33949485,0.008420208,0.027016295,0.006050176,0.27971897,0.05351721,0.83964443,0.004664283,0.021882467,0.0038356532,0.2009078,0.010255525,null,null,null,null,"TWOGAUSSIANS",8,8.067586,0.33949485,0.008420208,0.15129125,0.033880986,0.27971897,0.05351721,0.83964443,0.004664283,0.122541815,0.021479657,0.2009078,0.010255525
375316653866487564,2055239608901079168,0.56885225,2201.3198807526223,1.4271537917423245,8.698644E-6,17.613634,0.005813919,0.10202426,0.0012127284,0.02796032,9.288567E-4,0.7326816,0.031565547,0.5964165,7.3195057E-4,0.030915115,8.8677666E-4,0.40724564,0.013541923,null,null,null,null,"TWOGAUSSIANS",8,21.883774,0.10202426,0.0012127284,0.15657778,0.0052015977,0.7326816,0.031565547,0.5964165,7.3195057E-4,0.17312464,0.0049659493,0.40724564,0.013541923
375316653866487564,2055240605333478912,0.6274763,2242.2944839461975,0.36828962958460987,1.0876242E-6,15.903186,6.7382766E-4,0.2224234,0.07441335,0.064828515,0.05725111,0.0032395944,0.14737855,0.3423731,9.7776494E-5,0.0035761185,4.060974E-5,0.4919072,0.0101814205,null,null,null,null,"TWOGAUSSIANS",8,2.1660388,0.3423731,9.7776494E-5,0.020026263,2.2741455E-4,0.49249214,0.010172648,0.2224234,0.07441335,0.36303967,0.32060623,0.0032395944,0.14737855
375316653866487564,2055241911003543040,0.5393733,2209.951025643167,1.161002188192411,1.1761231E-5,18.522055,0.0044933516,0.31698513,0.018678965,0.05753586,0.057391126,0.018185781,0.008026955,0.5791514,0.0022471396,0.06259844,0.0021973962,0.30462968,0.009835064,null,null,null,null,"TWOGAUSSIANS",8,2.0495868,0.5791514,0.0022471396,0.35055125,0.01230542,0.30463025,0.009837871,0.31758514,0.019147873,0.32220083,0.3213903,0.018234048,0.008034879
375316653866487564,2055245896733352960,0.5429032,2216.867234759891,2.231415065076913,9.43278E-6,16.69559,0.0027458896,0.27438095,0.0028943627,0.045817085,0.0098626185,0.073154874,0.024067793,0.7793267,0.0018047278,0.01596519,0.010137428,1.7361809,5034361.0,0.108293764,0.0060107643,0.27438095,0.0028943627,"TWOGAUSSIANS_WITH_ELLIPSOIDAL_ON_ECLIPSE1",9,32.40659,0.7793267,0.0018047278,0.08940506,0.0567696,1.9525591,5034361.0,0.27438095,0.0028943627,0.25657567,0.055230662,0.2897422,0.023113392
375316653866487564,2055246579630131840,0.45630604,2230.5367427977826,0.8792514748890822,1.1647827E-5,19.432228,0.009196104,0.18976524,0.023479793,0.043551367,0.06251089,0.03448712,121070.12,0.8422871,0.0042952225,0.042387385,0.0033683656,0.32044926,0.03629248,0.016150886,0.0106584355,0.18976524,0.023479793,"TWOGAUSSIANS_WITH_ELLIPSOIDAL_ON_ECLIPSE1",9,3.2903402,0.8422871,0.0042952225,0.23736936,0.018862847,0.3311249,0.035751645,0.18976524,0.023479793,0.24388766,0.350061,0.066788755,121070.13
375316653866487564,2055248164476219008,0.49516448,2182.5019605948014,0.8627721712751534,1.7008293E-5,18.144146,0.0044199605,0.25786883,0.006187596,0.030070977,0.0060321167,0.1572487,0.032217048,0.790413,0.03613377,0.017139405,0.0087012695,0.061356366,0.0323631,0.03218457,0.0063507147,0.25786883,0.006187596,"TWOGAUSSIANS_WITH_ELLIPSOIDAL_ON_ECLIPSE1",9,3.665476,0.25786883,0.006187596,0.16839747,0.033779856,0.22161779,0.02941011,0.790413,0.036036324,0.095980674,0.04872711,0.12307132,0.036649976
375316653866487564,2055248370634615296,0.48006716,2180.5310986074273,0.2181694148060488,1.1318849E-4,15.9178505,0.001050672,0.17402911,5.757523E-6,0.012130902,2.5285204E-4,0.122025274,6.794242E-4,0.37055984,0.010638058,0.03959718,0.0064302124,0.019121338,0.0039296467,null,null,null,null,"TWOGAUSSIANS",8,7.554346,0.17402911,5.757523E-6,0.06793305,0.0014159714,0.122025356,6.79413E-4,0.37055984,0.010638058,0.22174421,0.03600919,0.019121338,0.0039296467
375316653866487564,2055248744291283712,0.45646447,2179.469216890502,0.5575935706378679,4.7099926E-5,19.913744,0.011273833,0.13329645,0.062513806,0.063361205,0.056370445,0.07094197,0.032394297,0.706374,0.009127808,0.053698394,0.010554127,0.392355,0.035547134,null,null,null,null,"TWOGAUSSIANS",8,3.8427918,0.706374,0.009127808,0.300711,0.059103113,0.3923531,0.035258934,0.13329645,0.062513806,0.35482275,0.14130138,0.07094007,0.03238094
375316653866487564,2055250256125132416,0.45910734,2214.232072761611,1.4036044417162394,3.6959256E-5,18.456326,0.016984843,0.30533025,0.015991682,0.010496405,0.009048411,0.4412507,0.1767093,0.74224186,0.030185977,0.099051885,0.03525452,0.11861319,0.02922744,null,null,null,null,"TWOGAUSSIANS",8,11.520877,0.30533025,0.015991682,0.05877987,0.0506711,0.4412571,0.17667542,0.74224186,0.030185977,0.4,0.0,0.11861249,0.029210184
375316653866487564,2055250599710572032,0.49563777,2193.2352520023337,1.5621038689698097,1.6052277E-6,17.811337,0.0016175756,0.23999275,0.024857068,0.020421097,0.023700902,0.023275992,1.24737626E9,0.6341244,0.0035849803,0.018466527,0.0069635687,0.3278536,0.03453911,null,null,null,null,"TWOGAUSSIANS",8,3.7871854,0.6341244,0.0035849803,0.103412546,0.038995985,0.3278536,0.03453911,0.23999275,0.024857068,0.11435814,0.13272505,0.023275992,1.24737626E9
375316653866487564,2055251871022369664,0.56420666,2208.6161811241627,0.2943697518870748,1.133971E-5,19.136938,0.0034615211,0.15394193,7.4037875E-4,0.014629286,8.9845306E-4,0.5022833,0.025737323,0.6008762,0.026959103,0.039733086,0.014167424,0.17286605,1.8890502,null,null,null,null,"TWOGAUSSIANS",8,1.5201377,0.15394193,7.4037875E-4,0.081924,0.005031337,0.5022833,0.025737323,0.6008762,0.026959103,0.22250529,0.079337575,0.17286605,1.8890502
