Gaia/vari_eclipsing_binary/VariEclipsingBinary_765513-765562.csv
# %ECSV 1.0
# ---
# delimiter: ','
# meta: !!omap
# - RELEASE: Gaia DR3
# - TABLE: vari_eclipsing_binary
# - DESCRIPTION: >
#     This table describes the properties of the eclipsing binaries resulting from the variability analysis. 
# - CITATION: >
#     How to cite and acknowledge Gaia: 
#     https://gea.esac.esa.int/archive/documentation/credits.html 
# - KNOWN_ISSUES: >
#     Known issues: 
#     https://www.cosmos.esa.int/web/gaia-users/known-issues 
# - DOCUMENTATION: >
#     Tutorials and documentation: 
#     https://www.cosmos.esa.int/web/gaia-users/archive 
# datatype:
# - 
#   name: solution_id
#   datatype: int64
#   description: Solution Identifier
#   meta:
#     ucd: meta.version
# - 
#   name: source_id
#   datatype: int64
#   description: Unique source identifier
#   meta:
#     ucd: meta.id;meta.main
# - 
#   name: global_ranking
#   datatype: float32
#   description: Number between 0 (worst) and 1 (best)
#   meta:
#     ucd: stat.param
# - 
#   name: reference_time
#   datatype: float64
#   unit: d
#   description: Reference time used for the geometric model fit
#   meta:
#     ucd: time.epoch
# - 
#   name: frequency
#   datatype: float64
#   unit: d**-1
#   description: Frequency of geometric model of the eclipsing binary light curve
#   meta:
#     ucd: src.orbital
# - 
#   name: frequency_error
#   datatype: float32
#   unit: d**-1
#   description: "Uncertainty of \\texttt{frequency}"
#   meta:
#     ucd: stat.error
# - 
#   name: geom_model_reference_level
#   datatype: float32
#   unit: mag
#   description: Magnitude reference level of geometric model
#   meta:
#     ucd: phot.mag;em.opt
# - 
#   name: geom_model_reference_level_error
#   datatype: float32
#   unit: mag
#   description: "Uncertainty of \\texttt{geomModelReferenceLevel}"
#   meta:
#     ucd: stat.error;phot.mag;em.opt
# - 
#   name: geom_model_gaussian1_phase
#   datatype: float32
#   description: Phase of the Gaussian 1 component
#   meta:
#     ucd: time.phase
# - 
#   name: geom_model_gaussian1_phase_error
#   datatype: float32
#   description: "Uncertainty of \\texttt{geomModelGaussian1Phase}"
#   meta:
#     ucd: stat.error;time.phase
# - 
#   name: geom_model_gaussian1_sigma
#   datatype: float32
#   description: "Standard deviation [phase] of Gaussian 1 component"
#   meta:
#     ucd: stat.stdev
# - 
#   name: geom_model_gaussian1_sigma_error
#   datatype: float32
#   description: "Uncertainty of \\texttt{geomModelGaussian1Sigma}"
#   meta:
#     ucd: stat.error
# - 
#   name: geom_model_gaussian1_depth
#   datatype: float32
#   unit: mag
#   description: Magnitude depth of Gaussian 1 component
#   meta:
#     ucd: src.var.amplitude
# - 
#   name: geom_model_gaussian1_depth_error
#   datatype: float32
#   unit: mag
#   description: "Uncertainty of \\texttt{geomModelGaussian1Depth}"
#   meta:
#     ucd: stat.error;src.var.amplitude
# - 
#   name: geom_model_gaussian2_phase
#   datatype: float32
#   description: Phase of Gaussian 2 component
#   meta:
#     ucd: time.phase
# - 
#   name: geom_model_gaussian2_phase_error
#   datatype: float32
#   description: "Uncertainty of \\texttt{geomModelGaussian2Phase}"
#   meta:
#     ucd: stat.error;time.phase
# - 
#   name: geom_model_gaussian2_sigma
#   datatype: float32
[...]
#   datatype: float32
#   description: "Secondary eclipse: uncertainty of \\texttt{derivedSecondaryEclDuration}"
#   meta:
#     ucd: stat.error;time.duration
# - 
#   name: derived_secondary_ecl_depth
#   datatype: float32
#   unit: mag
#   description: "Secondary eclipse: depth"
#   meta:
#     ucd: src.var.amplitude
# - 
#   name: derived_secondary_ecl_depth_error
#   datatype: float32
#   unit: mag
#   description: "Secondary eclipse: uncertainty of \\texttt{derivedSecondaryEclDepth}"
#   meta:
#     ucd: stat.error;src.var.amplitude
solution_id,source_id,global_ranking,reference_time,frequency,frequency_error,geom_model_reference_level,geom_model_reference_level_error,geom_model_gaussian1_phase,geom_model_gaussian1_phase_error,geom_model_gaussian1_sigma,geom_model_gaussian1_sigma_error,geom_model_gaussian1_depth,geom_model_gaussian1_depth_error,geom_model_gaussian2_phase,geom_model_gaussian2_phase_error,geom_model_gaussian2_sigma,geom_model_gaussian2_sigma_error,geom_model_gaussian2_depth,geom_model_gaussian2_depth_error,geom_model_cosine_half_period_amplitude,geom_model_cosine_half_period_amplitude_error,geom_model_cosine_half_period_phase,geom_model_cosine_half_period_phase_error,model_type,num_model_parameters,reduced_chi2,derived_primary_ecl_phase,derived_primary_ecl_phase_error,derived_primary_ecl_duration,derived_primary_ecl_duration_error,derived_primary_ecl_depth,derived_primary_ecl_depth_error,derived_secondary_ecl_phase,derived_secondary_ecl_phase_error,derived_secondary_ecl_duration,derived_secondary_ecl_duration_error,derived_secondary_ecl_depth,derived_secondary_ecl_depth_error
[from data line 74]
375316653866487564,6733603409743922048,0.57905746,2253.5096708357187,1.814511015890439,8.7707795E-6,16.561674,0.011108392,0.18694808,0.005091817,0.08717103,0.0118575115,0.13985567,0.017673708,0.6761761,0.0030656678,0.08905068,0.005228754,0.20792201,0.012359784,null,null,null,null,"TWOGAUSSIANS",8,7.9228487,0.6761761,0.0030656678,0.4,0.0,0.20281209,0.009556362,0.18694808,0.005091817,0.4,0.0,0.1347458,0.017971339
375316653866487564,6733603963793023232,0.55776405,2255.264121656608,3.684025449629679,1.8590763E-5,19.378565,0.015602072,0.2725438,0.006998907,0.07989921,0.0067591127,0.49923098,0.020842873,0.77831346,0.012267091,0.07173307,0.007847377,0.484591,0.093452096,null,null,null,null,"TWOGAUSSIANS",8,2.3220055,0.2725438,0.006998907,0.4,0.0,0.49545744,0.018999226,0.77831346,0.012267091,0.4,0.018927397,0.48081747,0.09336387
375316653866487564,6733604444848689664,0.44849554,2264.4179385838606,0.3715641478542085,1.0188193E-4,18.053425,0.003015364,0.13924222,0.02072528,0.034420203,0.026456203,0.037598696,0.14188072,0.5221583,0.0036740515,0.03446021,0.004167913,0.07096721,0.0057365783,null,null,null,null,"TWOGAUSSIANS",8,2.0583172,0.5221583,0.0036740515,0.19297716,0.023340313,0.07096721,0.0057365783,0.13924222,0.02072528,0.19275314,0.14815474,0.037598696,0.14188072
375316653866487564,6733604994604472064,0.5258259,2258.864890939078,1.931932414989517,1.5839585E-5,14.595278,0.010526438,0.26195446,0.007821008,0.09649118,0.023062382,0.05382854,0.008615685,0.7263629,0.008058576,0.115205914,0.01655123,0.08930913,0.009891231,null,null,null,null,"TWOGAUSSIANS",8,18.436514,0.7263629,0.008058576,0.4,0.0,0.083568595,0.005621636,0.26210448,0.007746471,0.4,0.0,0.048115805,0.005151861
375316653866487564,6733606502120489984,0.4924669,2245.356885721717,2.383845790967025,5.32765E-5,15.631092,0.0036335282,0.2421075,0.004952458,0.063561805,0.012646073,0.17683132,0.06509522,0.70575994,0.012612205,0.033146422,0.024244225,0.13979575,19.12603,null,null,null,null,"TWOGAUSSIANS",8,26.83528,0.2421075,0.004952458,0.3559461,0.06926821,0.17683125,0.06509568,0.70575994,0.012612205,0.18561998,0.13576765,0.13979569,19.12603
375316653866487564,6733606850030382336,0.5684374,2263.469984322523,2.7186012605623864,2.1715961E-5,15.60418,0.04411628,0.18662529,0.01359628,0.10099737,0.027888147,0.18079072,0.03515879,0.6884434,0.0063802768,0.12580286,0.028197441,0.18685144,0.041521754,null,null,null,null,"TWOGAUSSIANS",8,22.108107,0.6884434,0.0063802768,0.4,0.0,0.15522926,0.007640534,0.18661529,0.013608827,0.4,0.0,0.14930582,0.021184353
375316653866487564,6733607567274905728,0.56768066,2176.1373595722903,1.4137621406279515,1.1085969E-5,18.623165,0.013074447,0.18403625,0.0034732064,0.0545727,0.003770884,0.93720615,0.089954,0.6802643,0.0047770273,0.058546294,0.00494438,0.37013224,0.038426157,null,null,null,null,"TWOGAUSSIANS",8,6.5381737,0.18403625,0.0034732064,0.30560714,0.02111695,0.93714935,0.08999117,0.6802643,0.0047770273,0.32785925,0.02768853,0.37007546,0.038436946
375316653866487564,6733609049058154752,0.5363142,2196.990453562614,3.2413500739363346,2.1930678E-5,18.734587,0.025045644,0.3295765,0.004789412,0.087744005,0.01046081,0.35880145,0.026339633,0.81958735,0.0053246873,0.08557044,0.010377327,0.32527554,0.026542565,null,null,null,null,"TWOGAUSSIANS",8,3.7506664,0.3295765,0.004789412,0.4,0.0,0.34979475,0.024200862,0.81958735,0.0053246873,0.4,0.0,0.31626883,0.022232233
375316653866487564,6733609598809483520,0.58848953,2185.012447000658,2.045459152729717,1.17795635E-5,17.238138,0.0190486,0.23094411,0.010070776,0.103811964,0.016810548,0.14805163,0.017957347,0.7201539,0.0047458187,0.08709642,0.009169818,0.23305713,0.018262072,null,null,null,null,"TWOGAUSSIANS",8,4.1064878,0.7201539,0.0047458187,0.4,0.0,0.2230198,0.009855385,0.23094411,0.010070776,0.4,0.0,0.13801129,0.009785104
375316653866487564,6733610079826606592,0.5431298,2308.3740371928798,3.086280719225926,1.0596068E-5,17.709347,0.013969528,0.20617007,0.0039616814,0.067588456,0.009478162,0.630893,0.14631309,0.7124182,0.0022726208,0.069865175,0.0029440285,0.72760236,0.015113417,null,null,null,null,"TWOGAUSSIANS",8,6.466529,0.7124182,0.0022726208,0.39124498,0.01518076,0.72606456,0.0146992775,0.20617007,0.0039616814,0.37849534,0.02694396,0.62935513,0.14817643
375316653866487564,6733610148546114944,0.5377569,2258.041403240123,4.155006218068533,1.5277054E-5,18.737387,0.022118052,0.18630207,0.007999206,0.07930008,0.01427359,0.40772954,0.11314313,0.67085934,0.0021561093,0.07339185,0.005166432,0.4530457,0.024000803,null,null,null,null,"TWOGAUSSIANS",8,3.7406955,0.67085934,0.0021561093,0.4,0.006057403,0.4501721,0.022767376,0.18630207,0.007999206,0.4,0.0,0.40485594,0.11543342
375316653866487564,6733610148546138240,0.45500973,2207.0074398660468,3.1335720776180676,1.6580838E-5,18.71594,0.022702945,0.14898792,0.0042724255,0.08479264,0.0127047105,0.18685286,0.019855864,0.6746422,0.00825347,0.09852108,0.015315268,0.229193,0.024435095,null,null,null,null,"TWOGAUSSIANS",8,1.8386511,0.6746422,0.00825347,0.4,0.0,0.22237825,0.020525193,0.14898792,0.004270509,0.4,0.0,0.18004036,0.014679131
375316653866487564,6733610286004258688,0.5176386,2194.5980529487288,4.020954001672961,3.4874036E-5,19.243677,0.008558271,0.17232478,0.0064370316,0.071244,0.007454966,0.15571791,0.016491467,0.6546563,0.0133524025,0.063186675,0.013314027,0.14788279,0.0137569085,null,null,null,null,"TWOGAUSSIANS",8,0.70652276,0.17232478,0.0064370316,0.3989664,0.028335707,0.15553507,0.016477723,0.6546563,0.0133524025,0.3538454,0.074558556,0.14769997,0.013662931
375316653866487564,6733614198703201792,0.5127425,2308.0326392724564,1.5076284302945824,2.5342226E-5,18.52414,0.03388163,0.28948334,0.0068356358,0.08707617,0.01517691,0.3295602,0.03551456,0.8187021,0.013483194,0.08160037,0.028954636,0.22929505,0.047500506,null,null,null,null,"TWOGAUSSIANS",8,7.9772367,0.28948334,0.0068356358,0.4,0.0,0.32553783,0.033939544,0.8187021,0.013483194,0.4,0.03397877,0.22527282,0.051153027
375316653866487564,6733614409155108352,0.5567818,2290.4024543177693,3.5184058463757935,2.0170984E-5,18.61986,0.022196969,0.32920027,0.0017115378,0.06672275,0.0053560813,0.38994217,0.019976726,0.8270395,0.005576623,0.07343308,0.009072456,0.362639,0.044223554,null,null,null,null,"TWOGAUSSIANS",8,4.2579527,0.32920027,0.0017115378,0.37364742,0.029994054,0.38871923,0.018557819,0.8270395,0.005576623,0.4,0.010692632,0.36141607,0.044307362
375316653866487564,6733617535891627776,0.4787725,2277.5049588246256,4.195465447138138,1.5518837E-5,19.810623,0.023341317,0.34917372,0.0061575067,0.07041583,0.017121399,0.3458079,0.06414221,0.8564234,0.0064294026,0.08324501,0.011059991,0.36573243,0.03410096,null,null,null,null,"TWOGAUSSIANS",8,1.5140342,0.8564234,0.0064294026,0.4,0.0,0.36267588,0.03433266,0.34917372,0.0061575067,0.39432868,0.027914468,0.34275138,0.06872235
375316653866487564,6733618910298801280,0.6379226,2245.4128002432767,2.3629686157152525,1.1226332E-5,14.53536,0.003351348,0.12473717,0.0016325436,0.04757009,0.00831111,0.03911324,0.009911358,0.6294341,0.0040887324,0.06309392,0.00501615,0.069428034,0.008766792,0.04995162,0.0055090208,0.12473717,0.0016325436,"TWOGAUSSIANS_WITH_ELLIPSOIDAL_ON_ECLIPSE1",9,11.620643,0.6294341,0.0040887324,0.353326,0.02809044,0.1692241,0.004123332,0.12473717,0.0016325436,0.2663925,0.046542212,0.13899629,0.0078526335
375316653866487564,6733619043425267584,0.6389453,2284.630245485471,2.2433967881813532,6.9348357E-6,15.209452,0.013294803,0.25844952,0.0028708652,0.10623683,0.009199178,0.19708699,0.012310775,0.754822,0.0014805894,0.09825468,0.0052106897,0.27622786,0.0122253345,null,null,null,null,"TWOGAUSSIANS",8,12.215818,0.754822,0.0014805894,0.4,0.0,0.25400877,0.0045797885,0.25844952,0.0028708652,0.4,0.0,0.17486306,0.0074550766
375316653866487564,6733619116457232640,0.5507669,2248.067195099445,2.621782793033522,9.638353E-6,14.896044,0.030224651,0.32767156,0.008297018,0.102306075,0.022954304,0.27255005,0.021071503,0.8251152,0.0043991567,0.09560492,0.010345356,0.2813687,0.028251978,null,null,null,null,"TWOGAUSSIANS",8,94.59808,0.8251152,0.0043991567,0.4,0.0,0.25936174,0.011028753,0.32767156,0.008297018,0.4,0.0,0.25054017,0.018153999
375316653866487564,6733619494396705152,0.4605201,2259.4787573017584,1.8116517616835661,4.1357296E-5,18.849697,0.019111356,0.20185375,0.01115565,0.06421874,0.017201208,0.16095501,0.029576268,0.8400093,0.008656224,0.023090504,0.01768962,0.23772812,0.09997222,null,null,null,null,"TWOGAUSSIANS",8,8.829595,0.8400093,0.008656224,0.12930682,0.09906187,0.23772813,0.09997242,0.20185375,0.01115565,0.35962495,0.08363714,0.16095501,0.029576268
375316653866487564,6733619700572873728,0.54107356,2231.410674900193,2.8279853592307855,5.100963E-5,18.454327,0.011906308,0.25646,0.009523063,0.034706783,0.029682362,0.3406764,9.9045655E10,0.74289185,0.06614277,0.035790164,0.043394335,0.30099943,1.5490912E19,0.11691065,0.01763646,0.25646,0.009523063,"TWOGAUSSIANS_WITH_ELLIPSOIDAL_ON_ECLIPSE1",9,9.811749,0.25646,0.009523063,0.19435798,0.16622123,0.57449764,9.9045655E10,0.74387187,0.06557952,0.20042491,0.24300829,0.5332482,1.5490912E19
375316653866487564,6733619872354605696,0.5765098,2340.788148680024,2.9595034079781124,3.1764208E-5,19.022593,0.008514201,0.23507172,0.006599552,0.08766707,0.009772761,0.30665007,0.021569738,0.7233486,0.0035020455,0.067545764,0.0027484142,0.41688558,0.026668927,null,null,null,null,"TWOGAUSSIANS",8,1.7843536,0.7233486,0.0035020455,0.3782563,0.01539112,0.4138654,0.026884902,0.23507172,0.006599552,0.4,0.0,0.3036298,0.022683725
375316653866487564,6733620319049035008,0.5735562,2264.735744969019,2.5023489981238614,1.798714E-5,18.022009,0.009871044,0.28424495,0.0054275813,0.07881946,0.0081907455,0.329992,0.011543354,0.7949839,0.0037356382,0.07057391,0.0054211826,0.3065304,0.015924904,null,null,null,null,"TWOGAUSSIANS",8,7.9450545,0.28424495,0.0054275813,0.4,0.0,0.32814795,0.011202464,0.7949839,0.0037356382,0.3952139,0.022034118,0.30468634,0.015832046
375316653866487564,6733620555253973632,0.56971055,2268.469254870394,3.4311442442965867,2.2134172E-5,16.610893,0.059312254,0.20754454,0.004529825,0.111796394,0.014220942,0.4438034,0.056560922,0.7101582,0.011296764,0.10839045,0.016106717,0.48062745,0.060617354,null,null,null,null,"TWOGAUSSIANS",8,51.937935,0.7101582,0.011301136,0.4,0.0,0.4124985,0.013310936,0.20754454,0.0045406646,0.4,0.0,0.37565714,0.020062294
375316653866487564,6733621109322499456,0.48490095,2284.3346040728406,1.1322181479409472,6.757281E-5,17.939697,0.0029001995,0.23356865,0.008820982,0.024969576,0.019390412,0.15406226,5.6104862E18,0.6963897,0.012470607,0.05283885,0.009460146,0.101027556,0.022987306,null,null,null,null,"TWOGAUSSIANS",8,3.8245232,0.23356865,0.008820982,0.13982964,0.108586304,0.15406226,5.6104862E18,0.6963897,0.012470607,0.29589757,0.052976813,0.101027556,0.022987306
375316653866487564,6733622243193938432,0.6203212,2260.2407865773403,1.053085624907545,1.29500795E-5,16.408821,0.0071044415,0.2037042,0.0032857836,0.055025496,0.012655961,0.28293684,0.11179157,0.7242391,0.016710656,0.05822331,0.03421679,0.03309503,0.013540121,0.040651273,0.008026041,0.2037042,0.0032857836,"TWOGAUSSIANS_WITH_ELLIPSOIDAL_ON_ECLIPSE1",9,3.9153948,0.2037042,0.0032857836,0.30814278,0.07087339,0.36422902,0.11738608,0.7242391,0.016710656,0.32605055,0.19161402,0.113041215,0.0059266896
375316653866487564,6733623235313661952,0.62938714,2251.704103093245,3.297119585970204,1.4889889E-5,17.030165,0.025729088,0.22358085,0.004074266,0.05305233,0.007211385,0.35755894,0.053961966,0.7285713,0.0078124804,0.05678873,0.008295805,0.44693673,0.059763685,0.09709663,0.030760622,0.22358085,0.004074266,"TWOGAUSSIANS_WITH_ELLIPSOIDAL_ON_ECLIPSE1",9,19.986084,0.7285713,0.007581079,0.31801692,0.04645651,0.64091504,0.03083252,0.22358085,0.004074266,0.29709303,0.040383756,0.5517281,0.014515261
375316653866487564,6733623510192916096,0.62918997,2258.04451952476,1.1000742907884238,1.6625456E-5,17.967722,0.004048818,0.23014633,0.008042306,0.020782877,0.0059905383,0.2346453,0.20058827,0.7399627,7.2940375E-4,0.027446,0.0016090864,0.8233802,0.09384267,0.031617872,0.006226071,0.23014633,0.008042306,"TWOGAUSSIANS_WITH_ELLIPSOIDAL_ON_ECLIPSE1",9,1.8285855,0.7399627,7.2940375E-4,0.1536976,0.009010884,0.8863756,0.09520911,0.23014633,0.008042306,0.116384104,0.033547014,0.29788098,0.19938551
375316653866487564,6733624918955243776,0.5497175,2301.6820939989784,3.1016274981706826,2.1093534E-5,18.680462,0.031793907,0.2389516,0.00413235,0.10018496,0.012769132,0.28930894,0.027310148,0.72868574,0.00536003,0.099145606,0.014887635,0.29402965,0.029155657,null,null,null,null,"TWOGAUSSIANS",8,2.1438892,0.72868574,0.00536003,0.4,0.0,0.27200827,0.018458245,0.2389516,0.0041323765,0.4,0.0,0.26728702,0.01328711
375316653866487564,6733625954030033408,0.50769365,2229.9060351854105,2.505127735938911,2.269864E-5,18.275383,0.009972285,0.12636493,0.0047653555,0.044503614,0.003975817,0.33882403,0.032532156,0.8087642,0.0038148104,0.037184622,0.0038841877,0.30053106,0.021623729,null,null,null,null,"TWOGAUSSIANS",8,20.337704,0.12636493,0.0047653555,0.24922024,0.022264576,0.33882403,0.032532156,0.8087642,0.0038148104,0.20823388,0.02175145,0.30053106,0.021623729
375316653866487564,6733626430769344000,0.5781143,2237.529230650596,2.960672670695374,1.2129658E-5,16.951916,0.0119157825,0.24177676,0.0046427017,0.10356656,0.008129204,0.2255028,0.012470959,0.742737,0.002188952,0.0974248,0.005472062,0.22937205,0.010905878,null,null,null,null,"TWOGAUSSIANS",8,5.491293,0.742737,0.002188952,0.4,0.0,0.20902714,0.0040066126,0.24177676,0.0046427017,0.4,0.0,0.20515485,0.0087932665
375316653866487564,6733626430770682368,0.5729071,2274.770850407661,2.9152784161579643,1.5356205E-5,17.441698,0.0038821995,0.24984103,0.0038681421,0.035031915,0.01714333,0.112788655,1.8496556,0.7459341,0.033858996,0.04284179,0.01524123,0.18923683,0.07984307,0.11132661,0.011719621,0.24984103,0.0038681421,"TWOGAUSSIANS_WITH_ELLIPSOIDAL_ON_ECLIPSE1",9,12.475415,0.7465041,0.027723752,0.23991401,0.085350886,0.41177523,0.07204719,0.24984103,0.0038681421,0.19617872,0.09600264,0.33544165,1.8532417
375316653866487564,6733626572521092480,0.44366843,2233.298234766895,0.08262911526573528,3.151062E-5,17.35801,0.007986631,0.38264433,0.010976099,0.09382881,0.021236187,0.114975326,0.034677226,0.8750107,0.018979514,0.06098523,0.036782566,0.08262254,0.03745641,null,null,null,null,"TWOGAUSSIANS",8,2.349991,0.38264433,0.010976099,0.4,0.0,0.11406228,0.036299787,0.8750107,0.018988628,0.3415173,0.07523174,0.08170966,0.04210092
375316653866487564,6733627500217955456,0.54999673,2253.335509672909,0.024049419941040755,1.6984846E-5,18.895554,0.2299581,0.2914816,0.01410769,0.13987175,0.02481852,0.49209857,0.12650271,0.714132,0.08365851,0.18714413,0.14887238,0.13626939,0.21700373,null,null,null,null,"TWOGAUSSIANS",8,1.7891966,0.2961016,0.0044127824,0.4,0.0,0.41757628,0.030453313,0.714132,0.08365851,0.4,0.0,0.05490808,0.058663245
375316653866487564,6733627740752141952,0.5110931,2288.914635302083,0.16833951536269398,5.079525E-5,19.057371,0.020902472,0.34277773,0.00767444,0.1584328,0.017501082,0.23450653,0.01964431,0.8052246,0.0012301258,0.03954077,0.0048253145,0.14388631,0.0394591,null,null,null,null,"TWOGAUSSIANS",8,1.9902803,0.34277773,0.00767444,0.4,0.0,0.2255206,0.013890511,0.8052246,0.0012301258,0.22142832,0.027021762,0.13895425,0.037592947
375316653866487564,6733628015630073216,0.5675844,2202.284245509892,3.234645914257889,2.8882298E-5,16.265217,0.036683053,0.23235346,0.014159263,0.108167596,0.019283911,0.23803511,0.03613976,0.70950603,0.008057146,0.12237438,0.01931465,0.22462937,0.035034694,null,null,null,null,"TWOGAUSSIANS",8,12.662425,0.23248348,0.014171291,0.4,0.0,0.2030005,0.0068746665,0.70950603,0.008057146,0.4,0.0,0.1894741,0.01581883
