Gaia/vari_eclipsing_binary/VariEclipsingBinary_668857-668928.csv
# %ECSV 1.0
# ---
# delimiter: ','
# meta: !!omap
# - RELEASE: Gaia DR3
# - TABLE: vari_eclipsing_binary
# - DESCRIPTION: >
#     This table describes the properties of the eclipsing binaries resulting from the variability analysis. 
# - CITATION: >
#     How to cite and acknowledge Gaia: 
#     https://gea.esac.esa.int/archive/documentation/credits.html 
# - KNOWN_ISSUES: >
#     Known issues: 
#     https://www.cosmos.esa.int/web/gaia-users/known-issues 
# - DOCUMENTATION: >
#     Tutorials and documentation: 
#     https://www.cosmos.esa.int/web/gaia-users/archive 
# datatype:
# - 
#   name: solution_id
#   datatype: int64
#   description: Solution Identifier
#   meta:
#     ucd: meta.version
# - 
#   name: source_id
#   datatype: int64
#   description: Unique source identifier
#   meta:
#     ucd: meta.id;meta.main
# - 
#   name: global_ranking
#   datatype: float32
#   description: Number between 0 (worst) and 1 (best)
#   meta:
#     ucd: stat.param
# - 
#   name: reference_time
#   datatype: float64
#   unit: d
#   description: Reference time used for the geometric model fit
#   meta:
#     ucd: time.epoch
# - 
#   name: frequency
#   datatype: float64
#   unit: d**-1
#   description: Frequency of geometric model of the eclipsing binary light curve
#   meta:
#     ucd: src.orbital
# - 
#   name: frequency_error
#   datatype: float32
#   unit: d**-1
#   description: "Uncertainty of \\texttt{frequency}"
#   meta:
#     ucd: stat.error
# - 
#   name: geom_model_reference_level
#   datatype: float32
#   unit: mag
#   description: Magnitude reference level of geometric model
#   meta:
#     ucd: phot.mag;em.opt
# - 
#   name: geom_model_reference_level_error
#   datatype: float32
#   unit: mag
#   description: "Uncertainty of \\texttt{geomModelReferenceLevel}"
#   meta:
#     ucd: stat.error;phot.mag;em.opt
# - 
#   name: geom_model_gaussian1_phase
#   datatype: float32
#   description: Phase of the Gaussian 1 component
#   meta:
#     ucd: time.phase
# - 
#   name: geom_model_gaussian1_phase_error
#   datatype: float32
#   description: "Uncertainty of \\texttt{geomModelGaussian1Phase}"
#   meta:
#     ucd: stat.error;time.phase
# - 
#   name: geom_model_gaussian1_sigma
#   datatype: float32
#   description: "Standard deviation [phase] of Gaussian 1 component"
#   meta:
#     ucd: stat.stdev
# - 
#   name: geom_model_gaussian1_sigma_error
#   datatype: float32
#   description: "Uncertainty of \\texttt{geomModelGaussian1Sigma}"
#   meta:
#     ucd: stat.error
# - 
#   name: geom_model_gaussian1_depth
#   datatype: float32
#   unit: mag
#   description: Magnitude depth of Gaussian 1 component
#   meta:
#     ucd: src.var.amplitude
# - 
#   name: geom_model_gaussian1_depth_error
#   datatype: float32
#   unit: mag
#   description: "Uncertainty of \\texttt{geomModelGaussian1Depth}"
#   meta:
#     ucd: stat.error;src.var.amplitude
# - 
#   name: geom_model_gaussian2_phase
#   datatype: float32
#   description: Phase of Gaussian 2 component
#   meta:
#     ucd: time.phase
# - 
#   name: geom_model_gaussian2_phase_error
#   datatype: float32
#   description: "Uncertainty of \\texttt{geomModelGaussian2Phase}"
#   meta:
#     ucd: stat.error;time.phase
# - 
#   name: geom_model_gaussian2_sigma
#   datatype: float32
[...]
#   datatype: float32
#   description: "Secondary eclipse: uncertainty of \\texttt{derivedSecondaryEclDuration}"
#   meta:
#     ucd: stat.error;time.duration
# - 
#   name: derived_secondary_ecl_depth
#   datatype: float32
#   unit: mag
#   description: "Secondary eclipse: depth"
#   meta:
#     ucd: src.var.amplitude
# - 
#   name: derived_secondary_ecl_depth_error
#   datatype: float32
#   unit: mag
#   description: "Secondary eclipse: uncertainty of \\texttt{derivedSecondaryEclDepth}"
#   meta:
#     ucd: stat.error;src.var.amplitude
solution_id,source_id,global_ranking,reference_time,frequency,frequency_error,geom_model_reference_level,geom_model_reference_level_error,geom_model_gaussian1_phase,geom_model_gaussian1_phase_error,geom_model_gaussian1_sigma,geom_model_gaussian1_sigma_error,geom_model_gaussian1_depth,geom_model_gaussian1_depth_error,geom_model_gaussian2_phase,geom_model_gaussian2_phase_error,geom_model_gaussian2_sigma,geom_model_gaussian2_sigma_error,geom_model_gaussian2_depth,geom_model_gaussian2_depth_error,geom_model_cosine_half_period_amplitude,geom_model_cosine_half_period_amplitude_error,geom_model_cosine_half_period_phase,geom_model_cosine_half_period_phase_error,model_type,num_model_parameters,reduced_chi2,derived_primary_ecl_phase,derived_primary_ecl_phase_error,derived_primary_ecl_duration,derived_primary_ecl_duration_error,derived_primary_ecl_depth,derived_primary_ecl_depth_error,derived_secondary_ecl_phase,derived_secondary_ecl_phase_error,derived_secondary_ecl_duration,derived_secondary_ecl_duration_error,derived_secondary_ecl_depth,derived_secondary_ecl_depth_error
[from data line 326]
375316653866487564,5883759815745009152,0.4966362,2152.2268962090043,0.4547967160211802,1.1151437E-6,18.80622,0.0042609214,0.4616565,2.2802787E-5,0.010282836,1.4013193E-4,0.567514,0.0010410302,0.81297666,7.221955E-5,0.007015178,1.7268672E-4,1.3592099,0.11069183,null,null,null,null,"TWOGAUSSIANS",8,3.4010549,0.81297666,7.221955E-5,0.039284997,9.6704566E-4,1.3592099,0.11069183,0.4616565,2.2802787E-5,0.057583883,7.847388E-4,0.567514,0.0010410302
375316653866487564,5883760120670464256,0.54604644,2190.513356435912,1.0427242473653755,6.947222E-6,17.617916,0.002119058,0.23289067,0.0017750806,0.056395773,0.0020124698,0.19888104,0.0037516789,0.72942054,0.0112716975,0.07125432,0.011174153,0.06749541,0.005941331,null,null,null,null,"TWOGAUSSIANS",8,1.6907637,0.23289067,0.0017750806,0.3158163,0.011269831,0.19879182,0.0037409503,0.72942054,0.0112716975,0.39902422,0.04330443,0.067406185,0.0059592985
375316653866487564,5883760842224943872,0.6002401,2175.5764832859986,0.42661038058984024,8.658756E-5,16.84839,0.0017387577,0.21675748,0.036664438,0.06299254,0.030352795,0.010319463,0.0048343246,0.715597,2.489472E-6,0.0022249029,1.5650046E-5,0.3773397,5.8363884E-4,null,null,null,null,"TWOGAUSSIANS",8,3.8811977,0.715597,2.489472E-6,0.012459456,8.7640256E-5,0.3773397,5.8363884E-4,0.21675748,0.036664438,0.35275826,0.16997565,0.010319463,0.0048343246
375316653866487564,5883761357625545856,0.55806017,2143.471977654893,1.9088113194680467,3.898042E-5,19.406404,0.01508948,0.20579813,0.007626729,0.055918347,0.0063556666,0.5557897,0.049935423,0.701073,0.011616093,0.08165685,0.010825924,0.26302567,0.01644697,null,null,null,null,"TWOGAUSSIANS",8,2.7628558,0.20579813,0.007626729,0.31314275,0.035591733,0.5549627,0.049853563,0.701073,0.011616093,0.4,0.0,0.26219863,0.016092684
375316653866487564,5883764690516125696,0.55176485,2162.4019159449413,1.2914417269443768,4.0644336E-6,18.228138,0.009030696,0.1198177,0.0019076277,0.030680045,0.0019833655,0.39830935,0.015127853,0.61754876,0.0030506486,0.03124932,0.0025043904,0.562102,0.08269186,null,null,null,null,"TWOGAUSSIANS",8,10.096057,0.61754876,0.0030506486,0.1749962,0.0140245855,0.562102,0.08269186,0.1198177,0.0019076277,0.17180826,0.011106847,0.39830935,0.015127853
375316653866487564,5883766511588043520,0.52475923,2118.404827426939,1.4677365881191249,1.3400326E-5,19.899467,0.019973168,0.32102558,0.015460156,0.07324885,0.020757455,0.21227217,0.03290414,0.8112957,0.014618249,0.05284067,0.011267125,0.57696265,0.0814281,null,null,null,null,"TWOGAUSSIANS",8,2.249763,0.8112957,0.014618249,0.29590777,0.0630959,0.57678497,0.08116949,0.32102558,0.015460156,0.4,0.100125834,0.21209449,0.032725677
375316653866487564,5883768062080463104,0.6078609,2200.4205880737736,4.027469061382101,1.2063307E-5,17.100517,0.013000221,0.25814563,0.0029962484,0.08426004,0.00491337,0.28609446,0.013398167,0.75923324,0.0016104908,0.084243834,0.005238944,0.29386142,0.011952021,null,null,null,null,"TWOGAUSSIANS",8,7.518288,0.75923324,0.0016104908,0.4,0.0,0.28689364,0.009829675,0.25814563,0.0029962484,0.4,0.0,0.2791267,0.010269297
375316653866487564,5883769638318876928,0.5660846,2129.6605044335056,0.5938309446107409,1.2455688E-5,18.361813,0.0036226383,0.35914773,0.008393386,0.0344938,0.01554333,0.32831827,0.035021115,0.86326176,0.0011593375,0.03210634,0.0018013578,0.47405663,0.061980706,null,null,null,null,"TWOGAUSSIANS",8,2.831594,0.86326176,0.0011593375,0.1797955,0.010087604,0.47405663,0.061980706,0.35914773,0.008393386,0.19316529,0.08704265,0.32831827,0.03502112
375316653866487564,5883769814417138304,0.43794408,2104.1361580810003,0.14378695078140438,9.2429495E-5,19.529892,0.045064595,0.3154259,0.023434699,0.1579533,0.053680826,0.17996515,0.042730127,0.8339222,0.017917652,0.0570095,0.014050345,0.22648834,0.036597177,null,null,null,null,"TWOGAUSSIANS",8,2.8389735,0.83416224,0.017922655,0.3192532,0.07868193,0.21090421,0.02162204,0.3154259,0.023434699,0.4,0.0,0.16182919,0.025723264
375316653866487564,5883776201025570176,0.5222542,2157.481821016008,3.408378085048337,1.7261167E-5,18.112688,0.05383026,0.24674475,0.007559661,0.117757015,0.023145821,0.2949722,0.047672153,0.74285305,0.0060572736,0.10525445,0.018496446,0.3212245,0.048746757,null,null,null,null,"TWOGAUSSIANS",8,5.585782,0.74285305,0.0060572736,0.4,0.0,0.2735991,0.014158527,0.24674475,0.0075611793,0.4,0.0,0.24728258,0.012249601
375316653866487564,5883776308407914496,0.47989893,2131.804098575647,3.347435601821025,6.493345E-5,19.580976,0.009204004,0.31429952,0.0048074517,0.05840001,0.0048908596,0.23410718,0.022228401,0.80246204,0.028807078,0.07328599,0.022454929,0.10586877,0.04808986,null,null,null,null,"TWOGAUSSIANS",8,1.8614814,0.31429952,0.0048074517,0.32704005,0.027388815,0.23395179,0.022187568,0.80246204,0.028807078,0.4,0.08290906,0.105713375,0.04819387
375316653866487564,5883776686376536704,0.6374428,2164.5023817380056,2.8794536031595332,8.103702E-6,16.900156,0.011377763,0.24637543,0.002871686,0.0457507,0.011029275,0.11214925,0.019058632,0.7393253,0.0030713638,0.049912367,0.007013381,0.117752455,0.023517914,0.09289027,0.012125088,0.24637543,0.002871686,"TWOGAUSSIANS_WITH_ELLIPSOIDAL_ON_ECLIPSE1",9,5.239743,0.7409953,0.0020640225,0.27950925,0.039274935,0.3032539,0.004778061,0.24637543,0.002871686,0.25620392,0.061763942,0.29792878,0.009592397
375316653866487564,5883776716421834752,0.536562,2166.3525693227125,2.673812380037303,4.8306183E-6,18.54438,0.008515435,0.104357526,0.0018819289,0.0693821,0.0042253532,0.2394303,0.00981084,0.6003067,0.0021644493,0.07049542,0.004402633,0.20903718,0.008810638,null,null,null,null,"TWOGAUSSIANS",8,1.7732201,0.104357526,0.0018819289,0.38853976,0.023661977,0.23875318,0.009711106,0.6003067,0.0021644493,0.39477435,0.023355266,0.20836008,0.008603348
375316653866487564,5883776961254446336,0.5180983,2124.7991882720657,0.8944289494450848,3.27873E-5,19.402258,0.007968624,0.23116262,1.2279354E-4,0.011460442,3.3704287E-4,0.42526722,0.0031548014,0.7237507,0.007967276,0.018841226,0.008560493,1.1862544,0.35014188,null,null,null,null,"TWOGAUSSIANS",8,5.2880588,0.7237507,0.007967276,0.10551087,0.04793876,1.1862544,0.35014188,0.23116262,1.2279354E-4,0.06417848,0.0018874401,0.42526722,0.0031548014
375316653866487564,5883781389349468928,0.49308184,2098.0447512423366,2.3666051290476204,3.6931935E-5,19.096962,0.01800464,0.49545294,0.003916316,0.033304304,0.005197715,0.5968196,0.05780784,0.16842864,0.010077486,0.049035978,0.026293388,0.51810914,0.051238947,null,null,null,null,"TWOGAUSSIANS",8,17.754412,0.49545294,0.003916316,0.1865041,0.029107204,0.5968196,0.05780784,0.16842864,0.010077486,0.2746015,0.14724296,0.51810914,0.051238947
375316653866487564,5883781629867872640,0.5059897,2134.811723784838,3.912470572290907,2.8263226E-5,18.948557,0.005909821,0.19041342,0.002685434,0.01624919,0.0037107405,0.24821766,0.077688485,0.6988278,0.010079889,0.024645792,0.00783568,0.14321215,0.26021308,0.14657265,0.011796312,0.19041342,0.002685434,"TWOGAUSSIANS_WITH_ELLIPSOIDAL_ON_ECLIPSE1",9,7.2173233,0.19041342,0.002685434,0.09099545,0.020780146,0.54136294,0.07693281,0.6988278,0.010052471,0.13801643,0.043879807,0.43553883,0.2607545
375316653866487564,5883781732947086592,0.5531501,2132.8420166087412,3.3558548996287727,1.0744694E-6,18.769522,0.0040053856,0.23236999,1.2783769E-5,0.0016666008,1.1030356E-5,1.4521023,0.007596207,0.6397297,0.003037618,0.006616787,0.0028767851,0.07561865,0.07199607,null,null,null,null,"TWOGAUSSIANS",8,3.506884,0.23236999,1.2783769E-5,0.009332964,6.177E-5,1.4521023,0.007596207,0.6397297,0.003037618,0.03705401,0.016109997,0.07561865,0.07199607
375316653866487564,5883782115213742976,0.55200076,2146.5832021555943,0.9957818118195232,7.066029E-5,14.510553,0.0010445408,0.682019,0.022343189,0.028791917,0.0127329575,0.022385983,0.023599597,0.9486351,0.0023954962,0.009577333,0.0029495033,0.38719654,0.95779574,null,null,null,null,"TWOGAUSSIANS",8,23.86707,0.9486351,0.0023954962,0.053633064,0.016517218,0.38719654,0.95779574,0.682019,0.022343189,0.16123474,0.07130456,0.022385983,0.023599597
375316653866487564,5883782699322051200,0.5141055,2102.5389083053547,2.9543029007866783,1.3927108E-5,19.223528,0.009087887,0.29548237,0.0030186179,0.07510896,0.0062914565,0.3573071,0.02150336,0.7894075,0.008716495,0.07677849,0.0083204545,0.33638284,0.02431324,null,null,null,null,"TWOGAUSSIANS",8,1.9829198,0.29548237,0.0030186179,0.4,0.0,0.35461503,0.022615246,0.7894075,0.008716495,0.4,0.0,0.33369076,0.024446905
375316653866487564,5883783588369043584,0.68375504,2142.3469357701006,0.44607549157093906,1.9883232E-6,17.259327,0.0028224345,0.18855044,1.7229065E-4,0.024290413,5.0824584E-4,1.2921928,0.02531699,0.6974387,0.058066744,0.025103416,0.021863515,0.18758868,0.5149901,0.011714451,0.0051070363,0.18855044,1.7229065E-4,"TWOGAUSSIANS_WITH_ELLIPSOIDAL_ON_ECLIPSE1",9,3.9760528,0.18855044,1.7229065E-4,0.13602632,0.0028461767,1.3156217,0.029306814,0.6974387,0.05789917,0.14057913,0.12243568,0.21094458,0.5128716
375316653866487564,5883784486035792640,0.49010116,2174.708142579627,0.6042460179616285,5.297308E-5,16.232866,0.0018467326,0.34563357,0.00788116,0.02619481,0.012191413,0.0661942,0.019505473,0.8308191,0.018023035,0.02175058,0.00602282,0.07690163,0.033343278,null,null,null,null,"TWOGAUSSIANS",8,7.553393,0.8308191,0.018023035,0.121803254,0.03372779,0.07690163,0.033343278,0.34563357,0.00788116,0.14669095,0.06827191,0.0661942,0.019505473
375316653866487564,5883784825330173824,0.5202039,2170.462427694497,1.49804207080162,1.7888664E-5,19.63751,0.0153391585,0.27365628,0.01113909,0.052491803,0.015149796,0.6812942,0.27738848,0.7711272,0.002974242,0.041760515,0.0051428056,0.41507193,0.066732906,null,null,null,null,"TWOGAUSSIANS",8,2.194724,0.27365628,0.01113909,0.2939541,0.08483886,0.6812935,0.2774034,0.7711272,0.002974242,0.23385888,0.02879971,0.4150712,0.06673278
375316653866487564,5883784928409387008,0.44160682,2131.2420247571285,2.0633368046706533,8.48441E-5,19.384092,0.025030151,0.22660469,0.034026314,0.11949936,0.020688323,0.13418718,0.02746295,0.9088384,0.008016824,0.019330425,0.0050615855,0.703392,0.20186563,null,null,null,null,"TWOGAUSSIANS",8,5.216354,0.90888834,0.008025572,0.10825038,0.028344877,0.70726234,0.20203245,0.22660469,0.034026314,0.4,0.0,0.1341448,0.027433915
375316653866487564,5883786581979735680,0.54573035,2165.7586461188357,0.30748825903733995,6.4392307E-6,15.6934,0.00132638,0.21231113,0.001270262,0.019650828,0.001202225,0.07938355,0.0061280597,0.71093595,0.003495227,0.019469073,0.004188443,0.088928126,0.02162195,0.010470183,0.0017385536,0.21231113,0.001270262,"TWOGAUSSIANS_WITH_ELLIPSOIDAL_ON_ECLIPSE1",9,7.5426955,0.7109459,0.0034730742,0.109026805,0.02345528,0.10986692,0.022123218,0.21231113,0.001270262,0.110044636,0.00673246,0.10032389,0.0060859737
375316653866487564,5883788093801000576,0.6012591,2142.775512897905,2.186344630556849,1.768971E-5,18.771618,0.015557331,0.1827214,0.0021124687,0.042504616,0.004250222,0.41580525,0.037176326,0.68432355,0.013349051,0.03882102,0.016288692,0.4475541,0.052124944,0.14112906,0.022928126,0.1827214,0.0021124687,"TWOGAUSSIANS_WITH_ELLIPSOIDAL_ON_ECLIPSE1",9,4.4298673,0.68432355,0.012836621,0.21739772,0.091216676,0.7297831,0.069606744,0.1827214,0.0021124687,0.23802584,0.023801243,0.69806284,0.016060684
375316653866487564,5883788776700692608,0.5392558,2106.5735127623384,0.5417265472853526,2.7496171E-5,19.5064,0.009336396,0.25356948,0.0046374537,0.052013423,0.008965106,0.18874055,0.050003417,0.73429203,0.006412869,0.041858084,0.009877155,0.82594126,0.22111757,null,null,null,null,"TWOGAUSSIANS",8,3.032506,0.73429203,0.006412869,0.23440528,0.055312067,0.8259411,0.22112028,0.25356948,0.0046374537,0.29127517,0.05020459,0.18874039,0.050004076
375316653866487564,5883789154647200384,0.4497481,2126.7861837821324,2.6428311874491937,2.6802358E-5,18.978294,0.07898704,0.23851651,0.0061781853,0.099877216,0.023702608,0.19133532,0.075957485,0.7424218,0.011771053,0.1206716,0.054169472,0.16066566,0.07198952,null,null,null,null,"TWOGAUSSIANS",8,2.0310807,0.23850651,0.0061748372,0.4,0.0,0.16603577,0.014993127,0.7424218,0.011771053,0.4,0.0,0.1353069,0.013006098
375316653866487564,5883790911306912896,0.5320884,2152.1694290581704,1.2967469164968535,3.3474647E-5,18.981405,0.010022289,0.16308558,0.0075550885,0.048070353,0.0058914586,0.26932633,0.021124156,0.64338326,0.003356808,0.052419994,0.0027585211,0.68875366,0.019791942,null,null,null,null,"TWOGAUSSIANS",8,9.002089,0.64338326,0.003356808,0.29355195,0.015447718,0.6887523,0.019791277,0.16308558,0.0075550885,0.26919398,0.03299217,0.269325,0.021123772
375316653866487564,5883794205539603968,0.53748184,2136.6410296177664,0.4110613623247985,1.3740735E-4,19.184893,0.008531888,0.33471927,0.024834026,0.031693894,0.007998869,1.2423213,0.91971636,0.8406484,0.032872826,0.04932471,0.026923222,0.20768462,0.1133999,null,null,null,null,"TWOGAUSSIANS",8,4.358511,0.33471927,0.024834026,0.17748581,0.044793665,1.2423213,0.91971624,0.8406484,0.032872826,0.27621838,0.15077005,0.20768462,0.11339991
375316653866487564,5883795274993666816,0.4974942,2137.8063681620656,1.4339840383633247,5.911773E-5,14.805552,0.0023150689,0.42916727,0.039624255,0.020803664,0.023956124,0.13165903,0.07367928,0.7042384,0.03083964,0.09186805,0.036067404,0.030955695,0.0064218882,null,null,null,null,"TWOGAUSSIANS",8,55.307022,0.42920727,0.039605346,0.11650052,0.13415429,0.13200915,0.07340649,0.7042384,0.03083964,0.4,0.02076608,0.030955672,0.006421964
375316653866487564,5883796133987233920,0.5675839,2163.0205504301207,0.2558336387430366,3.4364122E-5,16.626196,0.0031244308,0.2191699,0.01823698,0.036337778,0.04022509,0.29342395,0.26351535,0.52264655,0.0047912,0.033276428,0.0038972339,0.49189186,0.3993953,null,null,null,null,"TWOGAUSSIANS",8,5.1157236,0.52264655,0.0047912,0.18634799,0.02182451,0.49189186,0.39939463,0.2191699,0.01823698,0.20349155,0.19360085,0.29342395,0.26351535
375316653866487564,5883796954307827456,0.520645,2140.883655955248,0.6457517766914315,7.602767E-6,18.260983,0.0026500768,0.4214972,0.0010013351,0.027581114,0.002796298,0.45621577,0.08998979,0.77192867,0.017292313,0.048747245,0.038841587,0.03206537,37525.574,null,null,null,null,"TWOGAUSSIANS",8,1.8216656,0.4214972,0.0010013351,0.15445423,0.015659267,0.45621577,0.08998979,0.77192867,0.017292313,0.27298456,0.21751289,0.03206537,37525.574
375316653866487564,5883797508376761856,0.52646965,2177.5285386425276,0.40398432962835246,2.9316445E-5,15.055833,0.0013288129,0.19635868,0.0019631223,0.023761014,0.01115244,0.05163082,0.0038186351,0.6995205,0.004947932,0.022153623,0.006749454,0.005147494,0.0049031945,0.020982198,0.002629807,0.6995205,0.004947932,"TWOGAUSSIANS_WITH_ELLIPSOIDAL_ON_ECLIPSE2",9,14.942357,0.19646868,0.0018384213,0.13306168,0.06245366,0.09357923,0.006229063,0.6995205,0.004947932,0.12406029,0.03779694,0.047111884,0.004775599
375316653866487564,5883798195571932160,0.57748204,2163.924746065604,1.5541926205645071,8.791234E-6,14.975763,0.0017895945,0.5859981,6.9380435E-4,0.040202245,0.0011920799,0.27365538,0.013106821,0.86065584,0.028554445,0.031646956,0.01622318,0.0148534,0.006894162,0.0014842256,0.0024914935,0.5859981,6.9380435E-4,"TWOGAUSSIANS_WITH_ELLIPSOIDAL_ON_ECLIPSE1",9,32.994175,0.5859981,6.9380435E-4,0.22513258,0.0066756476,0.27662385,0.012866804,0.86104584,0.028310662,0.17722295,0.09084981,0.014925176,0.0070884367
375316653866487564,5883798294347953280,0.4444247,2110.169254118765,1.8786458206517214,1.2737433E-4,19.533224,0.007255873,0.28838098,0.020741574,0.030869033,0.020121967,0.28261515,0.12001882,null,null,null,null,null,null,null,null,null,null,"ONEGAUSSIAN",5,3.039416,0.28838098,0.020741574,0.17286658,0.11268302,0.28261515,0.0,null,null,null,null,null,null
