Gaia/vari_eclipsing_binary/VariEclipsingBinary_512929-513016.csv
# %ECSV 1.0
# ---
# delimiter: ','
# meta: !!omap
# - RELEASE: Gaia DR3
# - TABLE: vari_eclipsing_binary
# - DESCRIPTION: >
#     This table describes the properties of the eclipsing binaries resulting from the variability analysis. 
# - CITATION: >
#     How to cite and acknowledge Gaia: 
#     https://gea.esac.esa.int/archive/documentation/credits.html 
# - KNOWN_ISSUES: >
#     Known issues: 
#     https://www.cosmos.esa.int/web/gaia-users/known-issues 
# - DOCUMENTATION: >
#     Tutorials and documentation: 
#     https://www.cosmos.esa.int/web/gaia-users/archive 
# datatype:
# - 
#   name: solution_id
#   datatype: int64
#   description: Solution Identifier
#   meta:
#     ucd: meta.version
# - 
#   name: source_id
#   datatype: int64
#   description: Unique source identifier
#   meta:
#     ucd: meta.id;meta.main
# - 
#   name: global_ranking
#   datatype: float32
#   description: Number between 0 (worst) and 1 (best)
#   meta:
#     ucd: stat.param
# - 
#   name: reference_time
#   datatype: float64
#   unit: d
#   description: Reference time used for the geometric model fit
#   meta:
#     ucd: time.epoch
# - 
#   name: frequency
#   datatype: float64
#   unit: d**-1
#   description: Frequency of geometric model of the eclipsing binary light curve
#   meta:
#     ucd: src.orbital
# - 
#   name: frequency_error
#   datatype: float32
#   unit: d**-1
#   description: "Uncertainty of \\texttt{frequency}"
#   meta:
#     ucd: stat.error
# - 
#   name: geom_model_reference_level
#   datatype: float32
#   unit: mag
#   description: Magnitude reference level of geometric model
#   meta:
#     ucd: phot.mag;em.opt
# - 
#   name: geom_model_reference_level_error
#   datatype: float32
#   unit: mag
#   description: "Uncertainty of \\texttt{geomModelReferenceLevel}"
#   meta:
#     ucd: stat.error;phot.mag;em.opt
# - 
#   name: geom_model_gaussian1_phase
#   datatype: float32
#   description: Phase of the Gaussian 1 component
#   meta:
#     ucd: time.phase
# - 
#   name: geom_model_gaussian1_phase_error
#   datatype: float32
#   description: "Uncertainty of \\texttt{geomModelGaussian1Phase}"
#   meta:
#     ucd: stat.error;time.phase
# - 
#   name: geom_model_gaussian1_sigma
#   datatype: float32
#   description: "Standard deviation [phase] of Gaussian 1 component"
#   meta:
#     ucd: stat.stdev
# - 
#   name: geom_model_gaussian1_sigma_error
#   datatype: float32
#   description: "Uncertainty of \\texttt{geomModelGaussian1Sigma}"
#   meta:
#     ucd: stat.error
# - 
#   name: geom_model_gaussian1_depth
#   datatype: float32
#   unit: mag
#   description: Magnitude depth of Gaussian 1 component
#   meta:
#     ucd: src.var.amplitude
# - 
#   name: geom_model_gaussian1_depth_error
#   datatype: float32
#   unit: mag
#   description: "Uncertainty of \\texttt{geomModelGaussian1Depth}"
#   meta:
#     ucd: stat.error;src.var.amplitude
# - 
#   name: geom_model_gaussian2_phase
#   datatype: float32
#   description: Phase of Gaussian 2 component
#   meta:
#     ucd: time.phase
# - 
#   name: geom_model_gaussian2_phase_error
#   datatype: float32
#   description: "Uncertainty of \\texttt{geomModelGaussian2Phase}"
#   meta:
#     ucd: stat.error;time.phase
# - 
#   name: geom_model_gaussian2_sigma
#   datatype: float32
[...]
#   datatype: float32
#   description: "Secondary eclipse: uncertainty of \\texttt{derivedSecondaryEclDuration}"
#   meta:
#     ucd: stat.error;time.duration
# - 
#   name: derived_secondary_ecl_depth
#   datatype: float32
#   unit: mag
#   description: "Secondary eclipse: depth"
#   meta:
#     ucd: src.var.amplitude
# - 
#   name: derived_secondary_ecl_depth_error
#   datatype: float32
#   unit: mag
#   description: "Secondary eclipse: uncertainty of \\texttt{derivedSecondaryEclDepth}"
#   meta:
#     ucd: stat.error;src.var.amplitude
solution_id,source_id,global_ranking,reference_time,frequency,frequency_error,geom_model_reference_level,geom_model_reference_level_error,geom_model_gaussian1_phase,geom_model_gaussian1_phase_error,geom_model_gaussian1_sigma,geom_model_gaussian1_sigma_error,geom_model_gaussian1_depth,geom_model_gaussian1_depth_error,geom_model_gaussian2_phase,geom_model_gaussian2_phase_error,geom_model_gaussian2_sigma,geom_model_gaussian2_sigma_error,geom_model_gaussian2_depth,geom_model_gaussian2_depth_error,geom_model_cosine_half_period_amplitude,geom_model_cosine_half_period_amplitude_error,geom_model_cosine_half_period_phase,geom_model_cosine_half_period_phase_error,model_type,num_model_parameters,reduced_chi2,derived_primary_ecl_phase,derived_primary_ecl_phase_error,derived_primary_ecl_duration,derived_primary_ecl_duration_error,derived_primary_ecl_depth,derived_primary_ecl_depth_error,derived_secondary_ecl_phase,derived_secondary_ecl_phase_error,derived_secondary_ecl_duration,derived_secondary_ecl_duration_error,derived_secondary_ecl_depth,derived_secondary_ecl_depth_error
[from data line 469]
375316653866487564,4512494508954146688,0.45864993,2032.7389017702449,0.015202820622519073,5.0171322E-5,17.042917,0.008663344,0.38422123,0.008781317,0.028565299,0.010578395,2.0278676,1.777247,0.7410652,0.012830597,0.060438823,0.0065578227,0.09302807,0.019725151,null,null,null,null,"TWOGAUSSIANS",8,63.079823,0.38422123,0.008781317,0.15996566,0.059239008,2.0278676,1.777247,0.7410652,0.012830597,0.3384574,0.036723807,0.09302807,0.019725151
375316653866487564,4512498769561804160,0.7070639,2023.230605256197,0.2768039001366888,1.0446571E-6,14.048437,7.267584E-4,0.19658162,6.089413E-4,0.025571277,7.8176585E-4,0.0807324,0.0019179748,0.69653046,1.3265548E-4,0.024799444,1.12850605E-4,0.85271794,0.003850709,0.02505338,9.740644E-4,0.19658162,6.089413E-4,"TWOGAUSSIANS_WITH_ELLIPSOIDAL_ON_ECLIPSE1",9,28.637222,0.69653046,1.3265548E-4,0.13887689,6.3196337E-4,0.90282464,0.0035484605,0.19658162,6.089413E-4,0.14319916,0.004377889,0.13083912,0.0017459769
375316653866487564,4512499078799377024,0.572415,2019.4732900881224,3.384567371280763,8.347507E-6,17.803967,0.0121155195,0.26634338,0.002198419,0.05203744,0.006268687,0.18739915,0.026897645,0.7614295,0.003919521,0.056114983,0.006143046,0.28951406,0.02343277,0.09479685,0.014676406,0.26634338,0.002198419,"TWOGAUSSIANS_WITH_ELLIPSOIDAL_ON_ECLIPSE1",9,10.040823,0.7621195,0.0032150846,0.3142439,0.03440106,0.47894,0.010494935,0.26634338,0.002198419,0.29140967,0.035104647,0.37698045,0.010768999
375316653866487564,4512501690139797504,0.58228827,2018.9628311680378,2.540911086119562,6.912313E-6,15.790346,0.01876053,0.18868296,0.0012256694,0.11890499,0.00870978,0.1875629,0.017575154,0.6882976,0.0031147122,0.11082622,0.009398486,0.20733747,0.018073658,null,null,null,null,"TWOGAUSSIANS",8,9.614889,0.6882976,0.0031147122,0.4,0.0,0.17072305,0.0041175713,0.18868296,0.0012219887,0.4,0.0,0.15090999,0.0029503056
375316653866487564,4512503201968350592,0.48107865,2025.631507352792,2.578781213830356,1.783425E-5,17.167547,0.0022404643,null,null,null,null,null,null,null,null,null,null,null,null,0.06173433,0.0032912446,0.22960973,0.0040937057,"ELLIPSOIDAL",4,15.430491,null,null,null,null,null,null,null,null,null,null,null,null
375316653866487564,4512503889163058048,0.44950584,2041.6059584143445,2.4736692815064987,9.868475E-6,11.407256,0.2663578,0.20706823,0.0017662361,0.15394625,0.04424927,0.18858626,0.21721974,0.70767844,0.0035889966,0.17726983,0.08420679,0.1980502,0.25787824,null,null,null,null,"TWOGAUSSIANS",8,25.262053,0.7077684,0.0036299652,0.4,0.0,0.07679915,0.0023845108,0.20690824,0.0020400996,0.4,0.0,0.0728217,0.0026582703
375316653866487564,4512504404544804864,0.5041089,2034.814470822967,3.4850639879802237,1.401499E-5,19.776245,0.008478698,0.21699986,0.0051163505,0.08972501,0.007992631,0.24839912,0.010868446,0.72727674,0.0027315158,0.075523004,0.0033893497,0.34439835,0.015050392,null,null,null,null,"TWOGAUSSIANS",8,1.2382097,0.72727674,0.0027315158,0.4,0.0,0.33953112,0.014758392,0.21699986,0.0051163505,0.4,0.0,0.24353181,0.010722493
375316653866487564,4512504675123470464,0.59452903,2036.4646856909344,3.7198886378606453,5.469423E-6,18.937288,0.0075554918,0.22632432,9.627766E-4,0.051894594,0.0023776696,0.37926656,0.017922247,0.72191244,0.0018453011,0.05200137,0.0025046358,0.27930874,0.017527707,0.10862352,0.009126333,0.22632432,9.627766E-4,"TWOGAUSSIANS_WITH_ELLIPSOIDAL_ON_ECLIPSE1",9,1.6760037,0.22632432,9.627766E-4,0.29060972,0.013314949,0.5965074,0.014048035,0.72254246,0.0015742959,0.29120767,0.014025961,0.49640644,0.008050783
375316653866487564,4512505057394244736,0.5285068,2028.0329372827878,1.2089123337172254,5.1180646E-6,17.547625,0.007284394,0.35307953,0.023417676,0.14647229,0.025778767,0.108605616,0.014140652,0.7736759,5.601856E-4,0.023060532,6.5929745E-4,0.6025536,0.031652167,null,null,null,null,"TWOGAUSSIANS",8,16.663942,0.7736759,5.601856E-4,0.12913898,0.0036920658,0.60359985,0.031839322,0.35307953,0.023417676,0.4,0.0,0.10784904,0.014716377
375316653866487564,4512505263552636288,0.576119,2027.9996039296,3.5708796120697146,8.097641E-6,17.970648,0.0030907446,0.25100285,0.0019986748,0.07403819,0.0033134178,0.21888962,0.0055148844,0.7501333,0.0018359754,0.06760865,0.002439638,0.21903807,0.006450533,null,null,null,null,"TWOGAUSSIANS",8,2.1912677,0.7501333,0.0018359754,0.37860844,0.013661972,0.21819511,0.0064642956,0.25100285,0.0019986748,0.4,0.0,0.21804667,0.0055548316
375316653866487564,4512506156911064064,0.47505626,2020.8036504585093,3.287275401562851,3.8653005E-5,17.23634,0.22400825,0.259564,0.008080011,0.11259004,0.0509194,0.17585362,0.20836222,0.7458571,0.006822585,0.12307141,0.06070028,0.17376876,0.21578334,null,null,null,null,"TWOGAUSSIANS",8,17.31747,0.25965402,0.006974341,0.4,0.0,0.14351341,0.00925744,0.7458571,0.006822585,0.4,0.0,0.14135006,0.008834519
375316653866487564,4512506672301979264,0.46907842,2026.3513346017173,2.9059505188524932,3.3617624E-5,16.798462,0.34607667,0.26834664,0.005988271,0.20357032,0.049109023,0.5213792,0.3248423,0.7629839,0.0054792594,0.1707903,0.0318546,0.4938424,0.24100448,null,null,null,null,"TWOGAUSSIANS",8,18.127737,0.7629839,0.0054792594,0.4,0.0,0.13777141,0.010720775,0.27044666,0.005591894,0.4,0.0,0.12782098,0.008549118
375316653866487564,4512510211355266688,0.5666175,2069.7718427434243,1.642141212777712,3.5998778E-6,10.497812,0.05532879,0.23165397,8.809917E-4,0.2733863,0.0157686,0.4452781,0.054141987,0.73148334,9.788732E-4,0.15385541,0.004315478,0.29485136,0.01821254,null,null,null,null,"TWOGAUSSIANS",8,9.781433,0.73148334,9.820067E-4,0.4,0.0,0.08018578,0.0014063693,0.23170398,8.8795536E-4,0.4,0.0,0.06748857,8.436479E-4
375316653866487564,4512511237851405696,0.56219095,2049.470162206995,3.6957105329559585,5.9808676E-6,18.622055,0.009105022,0.26544267,0.0015788575,0.053303823,0.0045158737,0.23152009,0.027846819,0.76170886,0.004523924,0.048659794,0.007035544,0.15618351,0.024999542,0.09629631,0.016588505,0.26544267,0.0015788575,"TWOGAUSSIANS_WITH_ELLIPSOIDAL_ON_ECLIPSE1",9,2.9217532,0.26544267,0.0015788575,0.2985014,0.025288893,0.4241084,0.018974945,0.76240885,0.003714586,0.27249485,0.039399046,0.34868568,0.014903516
375316653866487564,4512511684510521088,0.5782255,2039.2699713848508,2.626710617776628,5.33312E-6,18.774454,0.008979223,0.22360408,0.0016334769,0.05691585,0.004667025,0.25747505,0.01741639,0.72599447,0.0029267983,0.04363333,0.005170094,0.19224516,0.019955546,0.09204879,0.010011123,0.22360408,0.0016334769,"TWOGAUSSIANS_WITH_ELLIPSOIDAL_ON_ECLIPSE1",9,2.2081761,0.22360408,0.0016334769,0.31872874,0.026135338,0.44155568,0.011274198,0.72599447,0.0029267983,0.24434665,0.028952526,0.37628427,0.01626463
375316653866487564,4512512788335767424,0.6274393,2085.2390259322965,0.03721802809839616,1.3738668E-4,15.181036,6.495586E-4,0.59935373,5.993414E-4,0.0029060591,7.6879084E-4,0.44959068,0.40322682,0.70422906,0.03786616,0.07168434,0.04385674,0.005769562,0.0015608752,null,null,null,null,"TWOGAUSSIANS",8,5.104208,0.59935373,5.993414E-4,0.01627393,0.0043052286,0.4515693,0.40400755,0.70422906,0.03786616,0.4,0.19936807,0.005769562,0.0015608752
375316653866487564,4512515124783673216,0.5344713,2069.245281801526,2.116333635366924,5.12275E-6,18.155905,0.0064670187,0.21830252,0.0011121756,0.03512725,0.0016974127,0.4642224,0.02449815,0.71963125,0.0015025244,0.036985368,0.0025786015,0.7527504,0.11359942,0.017605817,0.009224712,0.21830252,0.0011121756,"TWOGAUSSIANS_WITH_ELLIPSOIDAL_ON_ECLIPSE1",9,9.103836,0.71963125,0.0015025244,0.20711805,0.014440169,0.7879596,0.11767711,0.21830252,0.0011121756,0.19671258,0.009505511,0.499434,0.023315849
375316653866487564,4512515124798033152,0.5633178,2037.3461529064282,0.5390407313224004,2.2266078E-5,17.566975,0.0022476742,0.22026372,0.0030402616,0.00972224,0.004799648,0.3741565,0.14770478,0.7178622,0.0010928088,0.010057188,5.9223885E-4,0.81715906,0.1005921,null,null,null,null,"TWOGAUSSIANS",8,9.270304,0.7178622,0.0010928088,0.05632025,0.0033165375,0.81715906,0.1005921,0.22026372,0.0030402616,0.054444544,0.026878031,0.3741565,0.14770478
375316653866487564,4512517113349713152,0.60592496,2076.5978253423896,3.2148942977939066,3.3223341E-6,17.720057,0.007689866,0.25898027,0.0016089666,0.08154205,0.002328219,0.4745068,0.012103121,0.7595128,8.6958497E-4,0.08504938,0.0019533085,0.47093645,0.008709749,null,null,null,null,"TWOGAUSSIANS",8,6.087854,0.25898027,0.0016089666,0.4,0.0,0.46414965,0.011895069,0.7595128,8.6958497E-4,0.4,0.0,0.4605793,0.00808099
375316653866487564,4512520553636929664,0.5018739,2048.772533019366,0.34279828784110133,2.2509443E-5,18.013632,0.0018485767,0.111511216,0.010769703,0.01992775,0.0112415645,0.014618129,0.0062733777,0.71233374,0.003962167,0.013598562,0.00281532,0.33520812,0.08991013,null,null,null,null,"TWOGAUSSIANS",8,3.2511551,0.71233374,0.003962167,0.07615195,0.015765792,0.33520812,0.08991013,0.111511216,0.010769703,0.11159539,0.062952764,0.014618129,0.0062733777
375316653866487564,4512521580115319680,0.6015252,2036.0388196291713,2.633831598373387,3.847063E-6,18.716516,0.011098479,0.25223714,8.344252E-4,0.0554434,0.0022764322,0.432897,0.024944276,0.75063056,0.002920373,0.049863808,0.00459515,0.33874288,0.029951481,0.10260246,0.014232162,0.25223714,8.344252E-4,"TWOGAUSSIANS_WITH_ELLIPSOIDAL_ON_ECLIPSE1",9,2.6494899,0.25223714,8.344252E-4,0.31048304,0.01274802,0.6380841,0.012630592,0.75080055,0.0026293632,0.27923733,0.02573284,0.5439113,0.032424714
375316653866487564,4512522370389344384,0.50655353,2038.8456016946436,3.0072879342892,9.24385E-6,19.079742,0.01179015,0.25348797,0.0021274623,0.08626551,0.004096785,0.36058423,0.014725953,0.7435771,0.002336171,0.08825367,0.005282151,0.35548142,0.02118191,null,null,null,null,"TWOGAUSSIANS",8,2.6301186,0.25348797,0.0021274623,0.4,0.0,0.35055888,0.013556073,0.7435771,0.002336171,0.4,0.0,0.345456,0.022042911
375316653866487564,4512522443422576768,0.5760644,2052.2984146002755,3.743288865921192,3.9811407E-6,18.465141,0.0054304725,0.19623001,0.0016808049,0.07112929,0.0024655184,0.48682654,0.0150063895,0.7046832,0.0014053902,0.06998999,0.0017017702,0.5078683,0.010921583,null,null,null,null,"TWOGAUSSIANS",8,4.611424,0.7046832,0.0014053902,0.39194393,0.009529913,0.50635934,0.010909459,0.19623001,0.0016808049,0.39832404,0.011538867,0.48531762,0.01517892
375316653866487564,4512525398360214912,0.5687645,2040.179937973406,2.8339061944590225,7.3286183E-6,17.867516,0.008671971,0.26113027,0.0019417927,0.089218326,0.002823277,0.41255453,0.0097712055,0.7623294,0.0022457521,0.09514096,0.003748803,0.4013224,0.011042649,null,null,null,null,"TWOGAUSSIANS",8,6.5283723,0.26113027,0.0019417927,0.4,0.0,0.39236513,0.0074289786,0.7623294,0.0022457521,0.4,0.0,0.38113233,0.010609039
375316653866487564,4512527425584766336,0.43721032,2064.159827897601,2.651667320753406,4.4987806E-5,15.795475,0.013768134,0.25169,0.015447139,0.08106076,0.010830161,0.17237371,0.027282204,0.75524235,0.016858492,0.06990754,0.029887544,0.15104762,0.025167363,null,null,null,null,"TWOGAUSSIANS",8,312.99704,0.25169,0.015447139,0.4,0.0,0.17113222,0.025813183,0.75524235,0.016858492,0.3914822,0.08091137,0.14980614,0.027796395
375316653866487564,4512530311807324416,0.5582571,2055.498587569824,1.5115990063615206,6.9452603E-6,19.208422,0.0049959375,0.22684488,0.0016903814,0.0362241,0.0019253893,0.4085205,0.016926102,0.7209221,0.0016950389,0.03924091,0.0020897575,0.35187867,0.014907586,0.06295374,0.007525821,0.22684488,0.0016903814,"TWOGAUSSIANS_WITH_ELLIPSOIDAL_ON_ECLIPSE1",9,2.4512389,0.22684488,0.0016903814,0.20285496,0.010782179,0.5344279,0.015403083,0.7211721,0.0016381467,0.21974911,0.011702642,0.47761902,0.011166413
375316653866487564,4512532613905462528,0.5302599,2055.876756274022,2.4000082249900334,1.09035645E-5,18.431091,0.008839255,0.23132865,0.0021656295,0.08921772,0.004430226,0.22305194,0.008698135,0.7309618,0.004020095,0.09824027,0.00586839,0.2710308,0.010950436,null,null,null,null,"TWOGAUSSIANS",8,3.16928,0.7309618,0.004020095,0.4,0.0,0.2570325,0.010121042,0.23132865,0.0021656295,0.4,0.0,0.20905486,0.0058910027
375316653866487564,4512533094941820032,0.47372043,2081.6737472754953,0.4700174629868158,3.6931044E-6,12.154974,4.2514692E-4,0.25457656,0.0013270251,0.014599964,0.0011904837,0.1354104,0.027497929,0.75738734,0.002817223,0.01733455,0.0027494999,0.08618285,0.018595684,0.008549752,6.5698504E-4,0.25457656,0.0013270251,"TWOGAUSSIANS_WITH_ELLIPSOIDAL_ON_ECLIPSE1",9,15.4977045,0.25457656,0.0013270251,0.0817598,0.0066667083,0.1525099,0.027544562,0.75738734,0.002817223,0.09707348,0.015397199,0.10327702,0.018660089
375316653866487564,4512536320444540928,0.5747188,2084.4579203517824,2.996068775009686,1.6099446E-5,18.294436,0.01588148,0.23466778,0.003356395,0.09522112,0.005641423,0.37974066,0.015933305,0.7387416,0.0057480396,0.101995684,0.007831439,0.33855104,0.019932209,null,null,null,null,"TWOGAUSSIANS",8,4.3775363,0.23466778,0.003356395,0.4,0.0,0.35248214,0.009378948,0.7387416,0.0057480396,0.4,0.0,0.31128916,0.010651778
375316653866487564,4512537488679363456,0.51889026,2015.582455760989,4.016277577293585,1.4320456E-5,19.840729,0.024254726,0.28463516,0.013698568,0.090720505,0.01156245,0.48496678,0.037220005,0.76095164,0.0038918124,0.09138544,0.00850273,0.35416204,0.023982495,null,null,null,null,"TWOGAUSSIANS",8,1.8312218,0.28463516,0.013698568,0.4,0.0,0.47173235,0.029702129,0.76095164,0.0038918124,0.4,0.0,0.34092766,0.018163126
375316653866487564,4512538764298901376,0.5952024,2034.1172198944062,2.095166550811784,2.2452477E-6,17.235228,0.0020355436,0.2609622,8.287692E-4,0.084064744,0.0016906769,0.17102215,0.0026912973,0.7607803,9.319275E-4,0.0916502,0.0017271712,0.16983657,0.0023892908,null,null,null,null,"TWOGAUSSIANS",8,1.5120244,0.2609622,8.287692E-4,0.4,0.0,0.16509955,0.002666501,0.7607803,9.319275E-4,0.4,0.0,0.16391386,0.0021861943
375316653866487564,4512541100761833344,0.6733182,2043.0754605668667,0.18338024417540053,3.5367339E-6,15.087237,0.0010460727,0.166375,9.035204E-4,0.028376222,0.0012602166,0.13169344,0.004649075,0.6661899,7.926896E-4,0.026945269,5.4487266E-4,0.6570355,0.015449714,0.041749626,0.0019570757,0.166375,9.035204E-4,"TWOGAUSSIANS_WITH_ELLIPSOIDAL_ON_ECLIPSE1",9,17.322104,0.6661899,7.925368E-4,0.15089351,0.0030512868,0.74053466,0.01494902,0.166375,9.035204E-4,0.15890685,0.0070572128,0.21519269,0.0048454343
375316653866487564,4512542028474823552,0.5886981,2023.4435576492,1.3644379250999503,6.2723157E-6,17.909943,0.0071953586,0.27066156,0.0018374106,0.08184122,0.003047123,0.26051688,0.007867981,0.7632345,0.0018604789,0.08190974,0.0022881052,0.49163276,0.011478615,null,null,null,null,"TWOGAUSSIANS",8,5.817086,0.7632345,0.0018604789,0.4,0.0,0.48578227,0.0110667925,0.27066156,0.0018374106,0.4,0.0,0.25466636,0.006966426
375316653866487564,4512543299784553216,0.5197984,2007.672297240889,4.237005622556561,1.1226181E-5,18.555996,0.012011703,0.22555143,0.004202415,0.091644496,0.0077775656,0.24708018,0.012620325,0.7015556,0.0033917304,0.08741639,0.007035414,0.21044655,0.011352908,null,null,null,null,"TWOGAUSSIANS",8,2.8693428,0.22555143,0.004202415,0.4,0.0,0.24076895,0.010755582,0.7015556,0.0033917304,0.4,0.0,0.20413561,0.0086953
375316653866487564,4512543849540374912,0.50177324,1985.686828965074,3.44593886249403,1.9266985E-5,18.40532,0.010112513,0.263628,0.00853837,0.09935236,0.013250571,0.11450264,0.01024535,0.72370636,0.0032168953,0.06534897,0.004362541,0.33189738,0.018197848,null,null,null,null,"TWOGAUSSIANS",8,6.418039,0.72370636,0.0032168953,0.36595422,0.024430228,0.33035466,0.017942356,0.263628,0.00853837,0.4,0.0,0.112957366,0.009300893
