Gaia/vari_eclipsing_binary/VariEclipsingBinary_680098-680132.csv
# %ECSV 1.0
# ---
# delimiter: ','
# meta: !!omap
# - RELEASE: Gaia DR3
# - TABLE: vari_eclipsing_binary
# - DESCRIPTION: >
#     This table describes the properties of the eclipsing binaries resulting from the variability analysis. 
# - CITATION: >
#     How to cite and acknowledge Gaia: 
#     https://gea.esac.esa.int/archive/documentation/credits.html 
# - KNOWN_ISSUES: >
#     Known issues: 
#     https://www.cosmos.esa.int/web/gaia-users/known-issues 
# - DOCUMENTATION: >
#     Tutorials and documentation: 
#     https://www.cosmos.esa.int/web/gaia-users/archive 
# datatype:
# - 
#   name: solution_id
#   datatype: int64
#   description: Solution Identifier
#   meta:
#     ucd: meta.version
# - 
#   name: source_id
#   datatype: int64
#   description: Unique source identifier
#   meta:
#     ucd: meta.id;meta.main
# - 
#   name: global_ranking
#   datatype: float32
#   description: Number between 0 (worst) and 1 (best)
#   meta:
#     ucd: stat.param
# - 
#   name: reference_time
#   datatype: float64
#   unit: d
#   description: Reference time used for the geometric model fit
#   meta:
#     ucd: time.epoch
# - 
#   name: frequency
#   datatype: float64
#   unit: d**-1
#   description: Frequency of geometric model of the eclipsing binary light curve
#   meta:
#     ucd: src.orbital
# - 
#   name: frequency_error
#   datatype: float32
#   unit: d**-1
#   description: "Uncertainty of \\texttt{frequency}"
#   meta:
#     ucd: stat.error
# - 
#   name: geom_model_reference_level
#   datatype: float32
#   unit: mag
#   description: Magnitude reference level of geometric model
#   meta:
#     ucd: phot.mag;em.opt
# - 
#   name: geom_model_reference_level_error
#   datatype: float32
#   unit: mag
#   description: "Uncertainty of \\texttt{geomModelReferenceLevel}"
#   meta:
#     ucd: stat.error;phot.mag;em.opt
# - 
#   name: geom_model_gaussian1_phase
#   datatype: float32
#   description: Phase of the Gaussian 1 component
#   meta:
#     ucd: time.phase
# - 
#   name: geom_model_gaussian1_phase_error
#   datatype: float32
#   description: "Uncertainty of \\texttt{geomModelGaussian1Phase}"
#   meta:
#     ucd: stat.error;time.phase
# - 
#   name: geom_model_gaussian1_sigma
#   datatype: float32
#   description: "Standard deviation [phase] of Gaussian 1 component"
#   meta:
#     ucd: stat.stdev
# - 
#   name: geom_model_gaussian1_sigma_error
#   datatype: float32
#   description: "Uncertainty of \\texttt{geomModelGaussian1Sigma}"
#   meta:
#     ucd: stat.error
# - 
#   name: geom_model_gaussian1_depth
#   datatype: float32
#   unit: mag
#   description: Magnitude depth of Gaussian 1 component
#   meta:
#     ucd: src.var.amplitude
# - 
#   name: geom_model_gaussian1_depth_error
#   datatype: float32
#   unit: mag
#   description: "Uncertainty of \\texttt{geomModelGaussian1Depth}"
#   meta:
#     ucd: stat.error;src.var.amplitude
# - 
#   name: geom_model_gaussian2_phase
#   datatype: float32
#   description: Phase of Gaussian 2 component
#   meta:
#     ucd: time.phase
# - 
#   name: geom_model_gaussian2_phase_error
#   datatype: float32
#   description: "Uncertainty of \\texttt{geomModelGaussian2Phase}"
#   meta:
#     ucd: stat.error;time.phase
# - 
#   name: geom_model_gaussian2_sigma
#   datatype: float32
[...]
#   datatype: float32
#   description: "Secondary eclipse: uncertainty of \\texttt{derivedSecondaryEclDuration}"
#   meta:
#     ucd: stat.error;time.duration
# - 
#   name: derived_secondary_ecl_depth
#   datatype: float32
#   unit: mag
#   description: "Secondary eclipse: depth"
#   meta:
#     ucd: src.var.amplitude
# - 
#   name: derived_secondary_ecl_depth_error
#   datatype: float32
#   unit: mag
#   description: "Secondary eclipse: uncertainty of \\texttt{derivedSecondaryEclDepth}"
#   meta:
#     ucd: stat.error;src.var.amplitude
solution_id,source_id,global_ranking,reference_time,frequency,frequency_error,geom_model_reference_level,geom_model_reference_level_error,geom_model_gaussian1_phase,geom_model_gaussian1_phase_error,geom_model_gaussian1_sigma,geom_model_gaussian1_sigma_error,geom_model_gaussian1_depth,geom_model_gaussian1_depth_error,geom_model_gaussian2_phase,geom_model_gaussian2_phase_error,geom_model_gaussian2_sigma,geom_model_gaussian2_sigma_error,geom_model_gaussian2_depth,geom_model_gaussian2_depth_error,geom_model_cosine_half_period_amplitude,geom_model_cosine_half_period_amplitude_error,geom_model_cosine_half_period_phase,geom_model_cosine_half_period_phase_error,model_type,num_model_parameters,reduced_chi2,derived_primary_ecl_phase,derived_primary_ecl_phase_error,derived_primary_ecl_duration,derived_primary_ecl_duration_error,derived_primary_ecl_depth,derived_primary_ecl_depth_error,derived_secondary_ecl_phase,derived_secondary_ecl_phase_error,derived_secondary_ecl_duration,derived_secondary_ecl_duration_error,derived_secondary_ecl_depth,derived_secondary_ecl_depth_error
[from data line 329]
375316653866487564,5982385214173556224,0.54994035,2168.021862394903,2.4753995025549282,1.5715954E-5,18.830181,0.010228005,0.243221,0.0032201884,0.07945343,0.0042412668,0.3859817,0.017264964,0.7463012,0.0039311606,0.081670865,0.005131042,0.36626187,0.014496288,null,null,null,null,"TWOGAUSSIANS",8,3.471771,0.243221,0.0032201884,0.4,0.0,0.38024002,0.017184444,0.7463012,0.0039311606,0.4,0.0,0.36052015,0.013536419
375316653866487564,5982385729564079744,0.53033835,2145.4871333954648,1.8738543461923938,1.1542963E-5,18.812849,0.010746749,0.32715032,0.003392727,0.07502766,0.0054690475,0.33994293,0.01885497,0.8208053,0.0061275107,0.079047725,0.0070739603,0.18149953,0.01318906,null,null,null,null,"TWOGAUSSIANS",8,2.512959,0.32715032,0.003392727,0.4,0.0,0.3377312,0.01871411,0.8208053,0.0061275107,0.4,0.0,0.17928779,0.0123356655
375316653866487564,5982386249262063104,0.48931757,2130.040406104592,1.0945118274449839,5.58701E-6,19.841722,0.012247998,0.21031009,0.0029026796,0.028363457,0.0039945003,0.32231432,0.04739417,0.71291685,0.0121802995,0.033701185,0.026216151,0.5037823,0.27578744,null,null,null,null,"TWOGAUSSIANS",8,2.5815637,0.71291685,0.0121802995,0.18872663,0.14681046,0.5037823,0.27578747,0.21031009,0.0029026796,0.15883535,0.022369202,0.32231432,0.047394168
375316653866487564,5982388340907669120,0.5737729,2162.093836570757,0.4801452096226954,1.2870302E-5,18.910679,0.002970319,0.19642104,0.006335229,0.027974917,0.004510552,0.08738884,0.015382461,0.6701691,0.0023087026,0.047356397,0.0018034149,0.665951,0.017905654,null,null,null,null,"TWOGAUSSIANS",8,1.5438592,0.6701691,0.0023087026,0.26519582,0.010099123,0.665951,0.017905654,0.19642104,0.006335229,0.15665953,0.025259092,0.08738884,0.015382461
375316653866487564,5982388375272198784,0.4570218,2104.768756801719,2.7285071255587448,4.242239E-5,18.63732,0.038768068,0.23005801,0.013661129,0.07714839,0.03695444,0.14676401,0.031675275,0.68035316,0.012696566,0.11596677,0.02850546,0.15688993,0.037853297,null,null,null,null,"TWOGAUSSIANS",8,6.070255,0.68035316,0.012696566,0.4,0.0,0.15169102,0.022820605,0.23016801,0.0144614,0.4,0.017710906,0.1416508,0.016829742
375316653866487564,5982389272920965248,0.5236879,2090.565689392101,3.3628185529357926,1.7693725E-5,19.906492,0.020474955,0.15512277,0.0047756145,0.06545894,0.006193658,0.55006075,0.029020451,0.66132003,0.0076555344,0.06850105,0.0083253635,0.6129762,0.018342623,null,null,null,null,"TWOGAUSSIANS",8,3.3823025,0.66132003,0.0076555344,0.38360584,0.04379012,0.6120538,0.017986573,0.15512277,0.0047756145,0.36657006,0.034684483,0.5491383,0.029261667
375316653866487564,5982389440420868224,0.46316662,2133.5261614657024,1.4154171765149113,5.663801E-5,18.898735,0.005542459,0.20075071,0.024789877,0.047552895,0.018819097,0.072611146,0.026867878,0.71431637,0.01177059,0.03848368,0.01941636,0.49708062,0.34611237,null,null,null,null,"TWOGAUSSIANS",8,3.3995614,0.71431637,0.01177059,0.21550861,0.10873162,0.49708062,0.34611574,0.20075071,0.024789877,0.2662962,0.10538694,0.07261114,0.026867652
375316653866487564,5982390406821981952,0.63310754,2177.545681228278,1.5737095838711657,4.207764E-6,16.057762,0.022664685,0.27046826,9.84751E-4,0.059759185,0.0053983503,0.30863178,0.04601028,0.76829726,0.004076488,0.07058059,0.0070739603,0.26775926,0.04586657,0.10787195,0.024832161,0.27046826,9.84751E-4,"TWOGAUSSIANS_WITH_ELLIPSOIDAL_ON_ECLIPSE1",9,24.924826,0.27046826,9.84751E-4,0.33465144,0.030230762,0.5238822,0.007704723,0.76881725,0.0030258868,0.39525127,0.032508247,0.48297924,0.012299188
375316653866487564,5982390750419398144,0.60387725,2178.5224522823783,2.1428409389742145,3.8452818E-6,16.192316,0.0071666604,0.26246846,0.0012015147,0.09168745,0.002296379,0.43578133,0.010234289,0.76676875,0.001311085,0.09645823,0.0037371195,0.39654046,0.010659127,null,null,null,null,"TWOGAUSSIANS",8,13.924358,0.26246846,0.0012015147,0.4,0.0,0.41293126,0.010365762,0.76676875,0.001311085,0.4,0.0,0.3736895,0.013461654
375316653866487564,5982390952252844032,0.51900595,2130.3444907963662,0.2508238659589623,4.613921E-5,19.230015,0.0039988635,0.5182084,0.0015008752,0.017417632,0.0028425825,0.64784807,0.06441817,0.7266279,0.021022175,0.04793972,0.017416611,0.051967435,0.0066188313,null,null,null,null,"TWOGAUSSIANS",8,2.1952,0.5182084,0.0015008752,0.09753875,0.015918463,0.6478522,0.06441913,0.7266279,0.021022175,0.26846245,0.097533025,0.051967435,0.0066188313
375316653866487564,5982392605813961600,0.4628171,2123.4346352554785,2.6277235794514606,2.9984996E-5,19.693552,0.020450022,0.29456457,0.0059470804,0.08228473,0.016109405,0.2764931,0.029996604,0.7705328,0.008848127,0.09711277,0.013388107,0.2712727,0.027372682,null,null,null,null,"TWOGAUSSIANS",8,1.9788748,0.29456457,0.0059448457,0.4,0.0,0.26884472,0.03553698,0.7705328,0.008848127,0.4,0.0,0.26362258,0.025388405
375316653866487564,5982393155569964928,0.5227581,2149.294275692477,2.9898134285803386,1.4102562E-5,18.84945,0.009229362,0.2704965,0.0031457243,0.072265886,0.0037571462,0.36238986,0.022793554,0.76074713,0.0045203813,0.070307784,0.005357694,0.32625377,0.021642845,null,null,null,null,"TWOGAUSSIANS",8,2.783958,0.2704965,0.0031457243,0.4,0.0042378292,0.36123675,0.02279001,0.76074713,0.0045203813,0.39372358,0.027340643,0.32510066,0.021759281
375316653866487564,5982393258649272960,0.56392974,2128.5493738335867,1.3448014097050323,1.4319281E-5,19.217505,0.007664023,0.24791312,0.005957319,0.009661346,0.0055022845,0.14599238,0.03489113,0.7587978,0.0021737048,0.041481994,0.0026253718,0.8014031,0.08121184,0.034065686,0.013715142,0.24791312,0.005957319,"TWOGAUSSIANS_WITH_ELLIPSOIDAL_ON_ECLIPSE1",9,2.989386,0.7587978,0.0021737048,0.23229916,0.014702083,0.8692162,0.08041125,0.24791312,0.005957319,0.05410354,0.030812794,0.21412368,0.029402008
375316653866487564,5982393293010286720,0.53006405,2134.1602193400945,2.8051907202292647,1.7766994E-5,19.611067,0.009462534,0.27002427,0.0064358427,0.08143525,0.0062889014,0.4529968,0.016985137,0.7762198,0.003922401,0.075071916,0.0036954165,0.513309,0.022087809,null,null,null,null,"TWOGAUSSIANS",8,1.823578,0.7762198,0.003922401,0.4,0.0,0.5081684,0.022040622,0.27002427,0.0064358427,0.4,0.0,0.44785616,0.017281014
375316653866487564,5982393907188011776,0.6107638,2138.767433300079,0.5459688499367784,2.9933456E-6,18.229183,0.0039998842,0.17043598,0.009061152,0.026563955,0.0033019593,1.4307467,0.3449299,0.6676307,0.0066738706,0.02499892,0.0045370357,0.105701976,0.011685503,0.020016372,0.0055684303,0.17043598,0.009061152,"TWOGAUSSIANS_WITH_ELLIPSOIDAL_ON_ECLIPSE1",9,5.351229,0.17043598,0.009061152,0.14875816,0.018490972,1.4707794,0.34510008,0.6676807,0.0065610087,0.13999395,0.0254074,0.14572251,0.013008755
375316653866487564,5982395796972569472,0.581761,2138.2771888979346,0.38721979592522393,3.136088E-5,18.590298,0.0042754845,0.22806345,0.003083743,0.04080918,0.004664585,0.11648257,0.0149702905,0.728746,8.812012E-4,0.037408963,9.709565E-4,0.71488315,0.033292975,null,null,null,null,"TWOGAUSSIANS",8,4.9163184,0.728746,8.812012E-4,0.2094902,0.0054373564,0.71488315,0.033292975,0.22806345,0.003083743,0.2285314,0.026121676,0.11648257,0.0149702905
375316653866487564,5982396351027129856,0.4738253,2133.9711883495524,3.919786566800822,2.8567456E-5,19.837046,0.01849312,0.3134436,0.0069104494,0.07678385,0.008808102,0.29882008,0.031372838,0.8123156,0.01152114,0.06708487,0.022718703,0.30560955,0.09815135,null,null,null,null,"TWOGAUSSIANS",8,2.2427254,0.8123156,0.01152114,0.3756753,0.04832116,0.3042122,0.102387205,0.3134436,0.0069104494,0.4,0.0,0.29742277,0.030367617
375316653866487564,5982396419745906560,0.54528064,2141.42901890578,1.7139993331000065,1.0405436E-5,19.708454,0.01988452,0.18877234,0.0034871225,0.045393173,0.00541592,0.50313413,0.033929814,0.68015534,0.002761884,0.06322364,0.003784025,0.75359344,0.04797517,null,null,null,null,"TWOGAUSSIANS",8,3.0376663,0.68015534,0.002761884,0.3540524,0.02119054,0.7535716,0.047975145,0.18877234,0.0034871225,0.25420177,0.030329153,0.5031124,0.03393427
375316653866487564,5982397313129906048,0.550637,2150.692085739639,0.431165097167599,9.625016E-6,16.1695,0.002305338,0.21189365,0.0014569381,0.035414513,0.0026789797,0.15202098,0.004295754,0.72003686,0.010659799,0.080941215,0.008738568,0.08987285,0.035365924,null,null,null,null,"TWOGAUSSIANS",8,9.4052925,0.21189365,0.0014569381,0.19832127,0.015002286,0.15200704,0.004297825,0.72003686,0.010659799,0.4,0.0,0.08985892,0.035376705
375316653866487564,5982397691086840320,0.55388695,2134.596827388426,1.449376695635143,4.5494407E-6,17.300343,0.0027586198,0.29027224,0.0014669198,0.037723236,0.0012300771,0.22489679,0.009503474,0.79135376,0.0017885903,0.03583746,0.0020221109,0.22902705,0.0073397565,null,null,null,null,"TWOGAUSSIANS",8,5.5698614,0.79135376,0.0017885903,0.2006898,0.011323822,0.22902705,0.0073397565,0.29027224,0.0014669198,0.21125013,0.006888432,0.22489679,0.009503474
375316653866487564,5982397862854864000,0.49085712,2170.210897562762,1.306271129387194,3.6498415E-5,19.00917,0.007544049,0.16240458,0.005372771,0.044231758,0.005365967,0.13344285,0.013221458,0.6655853,0.009324061,0.039312687,0.029722271,0.58795935,0.4244764,null,null,null,null,"TWOGAUSSIANS",8,2.2929914,0.6655853,0.009324061,0.22015105,0.16644472,0.58795935,0.42449257,0.16240458,0.005372771,0.24769785,0.030049415,0.13344283,0.013215841
375316653866487564,5982399374689666688,0.44665605,2116.2085562752018,2.8302652720899797,4.7337136E-5,19.14202,0.9445026,0.28220907,0.034099597,0.11211304,0.11172622,0.412288,0.9071578,0.79632914,0.029794242,0.09864168,0.10003121,0.49519303,0.79626644,null,null,null,null,"TWOGAUSSIANS",8,20.610266,0.79634917,0.028950542,0.4,0.047840305,0.44959947,0.10117213,0.28220907,0.034198653,0.4,0.0,0.36665213,0.0706353
375316653866487564,5982400229373788032,0.52181035,2137.565920308068,2.2164628790238585,3.5358913E-5,19.072289,0.008306256,0.17095955,0.0049243895,0.0712655,0.0049073817,0.16397418,0.0111232195,0.67150956,0.004627681,0.05949722,0.010058586,0.34345916,0.041065436,null,null,null,null,"TWOGAUSSIANS",8,2.693674,0.67150956,0.004627681,0.33318442,0.05632808,0.34316063,0.04138902,0.17095955,0.0049243895,0.39908677,0.01798418,0.16367567,0.0109399045
375316653866487564,5982400405481320448,0.51518923,2093.490985790906,2.169728477109552,2.3578536E-5,19.891006,0.027979169,0.22446118,0.0032190348,0.06971488,0.0077255378,0.4839655,0.032055043,0.7235632,0.013321334,0.07093352,0.035223193,0.63169605,0.31011072,null,null,null,null,"TWOGAUSSIANS",8,1.6092595,0.7235632,0.013321334,0.3972277,0.017172767,0.6297472,0.3239384,0.22446118,0.0032190348,0.39040333,0.027950207,0.48201665,0.034493286
375316653866487564,5982402943800641664,0.5337362,2108.0125434015295,2.3428880334121978,1.2125481E-5,19.301832,0.011375132,0.19753209,0.0019571153,0.07168613,0.0030014515,0.43170062,0.019370053,0.70947206,0.006949928,0.07887631,0.0074726427,0.2058208,0.013367955,null,null,null,null,"TWOGAUSSIANS",8,1.8928204,0.19753209,0.0019571153,0.4,0.008239644,0.4299095,0.019114334,0.70947206,0.006949928,0.4,0.0,0.20402968,0.013224493
375316653866487564,5982403532217532288,0.49340346,2132.7140646447197,2.127672908206661,4.550005E-5,19.512602,0.016558897,0.23894577,0.005159735,0.092638336,0.007300253,0.3693706,0.024236778,0.7095132,0.011170029,0.08344865,0.011511765,0.4929167,0.09424033,null,null,null,null,"TWOGAUSSIANS",8,3.963282,0.7095132,0.011170029,0.4,0.0,0.48372906,0.099886745,0.23894577,0.005159735,0.4,0.0,0.3601821,0.023669366
375316653866487564,5982404489981815936,0.6870559,2181.5299906937425,0.2849079655794337,1.3614134E-5,15.388851,0.0011178948,0.30047935,0.0033260146,0.011300641,0.001650019,0.558555,0.40326533,0.8000171,5.726012E-4,0.012177686,4.937746E-4,0.37610614,0.004472376,null,null,null,null,"TWOGAUSSIANS",8,9.071176,0.30047935,0.0033260146,0.063283585,0.009240107,0.558555,0.40326533,0.8000171,5.726012E-4,0.06819504,0.002765138,0.37610614,0.004472376
375316653866487564,5982404837887767168,0.4423956,2135.2874247001178,0.6139138918755124,4.8329344E-5,19.406288,0.0043822885,0.06100816,1.1504356E-5,0.0046588155,9.1017566E-5,0.36642647,0.0019180258,0.32874635,0.01080657,0.020167882,0.019721303,0.18432216,0.10963058,null,null,null,null,"TWOGAUSSIANS",8,2.4611485,0.06100816,1.1504356E-5,0.026089367,5.096984E-4,0.36642647,0.0019180258,0.32874635,0.01080657,0.11294014,0.1104393,0.18432216,0.10963058
375316653866487564,5982405074115588096,0.61060125,2128.2090363054003,1.8431580282314048,4.7400804E-6,17.893606,0.0070980103,0.23837921,0.0021897496,0.07737788,0.0028357396,0.4226881,0.0093318755,0.7390031,0.0011634789,0.07411656,0.0019499979,0.36349407,0.008166667,null,null,null,null,"TWOGAUSSIANS",8,2.613224,0.23837921,0.0021897496,0.4,0.0,0.41934967,0.008851756,0.7390031,0.0011634789,0.4,0.0,0.36015564,0.007679617
375316653866487564,5982405422004006272,0.5287229,2106.18735658744,4.7601126814542525,2.6262122E-5,19.435265,0.106581226,0.22539006,0.008083637,0.10572242,0.027093327,0.37415946,0.095731065,0.7236208,0.0062950416,0.09567515,0.03591757,0.36478287,0.06506549,null,null,null,null,"TWOGAUSSIANS",8,2.0058863,0.22539006,0.008080608,0.4,0.0,0.34101918,0.033695124,0.7236208,0.0062950416,0.4,0.0,0.33165216,0.035553165
375316653866487564,5982405593827564800,0.5028204,2158.272096101661,2.260315437383647,3.8008347E-5,17.864727,0.4363823,0.23634724,0.016910762,0.12675199,0.105424464,0.2784817,0.42310956,0.7008718,0.01197004,0.11279759,0.034562945,0.38055646,0.36488822,null,null,null,null,"TWOGAUSSIANS",8,18.021719,0.7008718,0.01197004,0.4,0.0,0.32827467,0.038456857,0.23650724,0.015762141,0.4,0.0,0.22590935,0.029808242
375316653866487564,5982405623853975936,0.46103713,2117.467648557298,3.1892857142295963,3.875866E-5,18.933525,0.011566253,0.20725217,0.020319372,0.07495493,0.036293037,0.08853065,0.019075306,0.7018117,0.011202134,0.07368937,0.0136619015,0.12108134,0.012191731,null,null,null,null,"TWOGAUSSIANS",8,2.1943662,0.7018117,0.011202134,0.4,0.029015033,0.120444104,0.011062615,0.20725217,0.020319372,0.4,0.098206855,0.08789341,0.01990528
375316653866487564,5982405662522185856,0.5601198,2155.439834252656,2.8402047049496684,9.4983125E-6,18.972494,0.012528591,0.23563272,0.0027892117,0.07180337,0.0033369795,0.47186404,0.019781232,0.7298661,0.004645259,0.072879486,0.004578456,0.48440963,0.025383763,null,null,null,null,"TWOGAUSSIANS",8,3.1705413,0.7298661,0.004645259,0.4,0.0019502835,0.48228595,0.025258627,0.23563272,0.0027892117,0.4,0.006936619,0.46974036,0.01950915
375316653866487564,5982405731241060992,0.46217915,2108.1948920401405,3.0247809814517135,6.952401E-5,19.568478,0.022583485,0.27347025,0.010277272,0.08056903,0.011401574,0.18941066,0.030512305,0.7517366,0.04552349,0.09139573,0.041678376,0.19155066,0.03049289,null,null,null,null,"TWOGAUSSIANS",8,1.8349267,0.7517366,0.04552349,0.4,0.0,0.18773764,0.023537934,0.27347025,0.010025479,0.4,0.0,0.18559785,0.026413273
375316653866487564,5982405933091296896,0.63257587,2129.723911318844,1.1618590818502499,3.2418072E-6,17.881119,0.0027899446,0.26894236,0.0011590259,0.048656844,9.645656E-4,0.41425133,0.010734844,0.7679231,0.00629561,0.051680274,0.005792931,0.15619695,0.011595313,null,null,null,null,"TWOGAUSSIANS",8,2.1153638,0.26894236,0.0011590259,0.27247834,0.0054015676,0.41424942,0.010734833,0.7679231,0.00629561,0.28940955,0.032440413,0.15619503,0.01159566
375316653866487564,5982406482846291200,0.51982033,2108.5343537748035,2.16298196411393,2.53237E-5,19.112848,0.15864871,0.27520666,0.003038589,0.127793,0.032820843,0.37140414,0.14989653,0.7814326,0.0043426063,0.122807726,0.03299115,0.36170167,0.14942175,null,null,null,null,"TWOGAUSSIANS",8,1.7341201,0.27515668,0.0030416122,0.4,0.0,0.27629566,0.012691214,0.7815126,0.004287507,0.4,0.0,0.26676583,0.012327988
