Gaia/vari_eclipsing_binary/VariEclipsingBinary_664280-664345.csv
# %ECSV 1.0
# ---
# delimiter: ','
# meta: !!omap
# - RELEASE: Gaia DR3
# - TABLE: vari_eclipsing_binary
# - DESCRIPTION: >
#     This table describes the properties of the eclipsing binaries resulting from the variability analysis. 
# - CITATION: >
#     How to cite and acknowledge Gaia: 
#     https://gea.esac.esa.int/archive/documentation/credits.html 
# - KNOWN_ISSUES: >
#     Known issues: 
#     https://www.cosmos.esa.int/web/gaia-users/known-issues 
# - DOCUMENTATION: >
#     Tutorials and documentation: 
#     https://www.cosmos.esa.int/web/gaia-users/archive 
# datatype:
# - 
#   name: solution_id
#   datatype: int64
#   description: Solution Identifier
#   meta:
#     ucd: meta.version
# - 
#   name: source_id
#   datatype: int64
#   description: Unique source identifier
#   meta:
#     ucd: meta.id;meta.main
# - 
#   name: global_ranking
#   datatype: float32
#   description: Number between 0 (worst) and 1 (best)
#   meta:
#     ucd: stat.param
# - 
#   name: reference_time
#   datatype: float64
#   unit: d
#   description: Reference time used for the geometric model fit
#   meta:
#     ucd: time.epoch
# - 
#   name: frequency
#   datatype: float64
#   unit: d**-1
#   description: Frequency of geometric model of the eclipsing binary light curve
#   meta:
#     ucd: src.orbital
# - 
#   name: frequency_error
#   datatype: float32
#   unit: d**-1
#   description: "Uncertainty of \\texttt{frequency}"
#   meta:
#     ucd: stat.error
# - 
#   name: geom_model_reference_level
#   datatype: float32
#   unit: mag
#   description: Magnitude reference level of geometric model
#   meta:
#     ucd: phot.mag;em.opt
# - 
#   name: geom_model_reference_level_error
#   datatype: float32
#   unit: mag
#   description: "Uncertainty of \\texttt{geomModelReferenceLevel}"
#   meta:
#     ucd: stat.error;phot.mag;em.opt
# - 
#   name: geom_model_gaussian1_phase
#   datatype: float32
#   description: Phase of the Gaussian 1 component
#   meta:
#     ucd: time.phase
# - 
#   name: geom_model_gaussian1_phase_error
#   datatype: float32
#   description: "Uncertainty of \\texttt{geomModelGaussian1Phase}"
#   meta:
#     ucd: stat.error;time.phase
# - 
#   name: geom_model_gaussian1_sigma
#   datatype: float32
#   description: "Standard deviation [phase] of Gaussian 1 component"
#   meta:
#     ucd: stat.stdev
# - 
#   name: geom_model_gaussian1_sigma_error
#   datatype: float32
#   description: "Uncertainty of \\texttt{geomModelGaussian1Sigma}"
#   meta:
#     ucd: stat.error
# - 
#   name: geom_model_gaussian1_depth
#   datatype: float32
#   unit: mag
#   description: Magnitude depth of Gaussian 1 component
#   meta:
#     ucd: src.var.amplitude
# - 
#   name: geom_model_gaussian1_depth_error
#   datatype: float32
#   unit: mag
#   description: "Uncertainty of \\texttt{geomModelGaussian1Depth}"
#   meta:
#     ucd: stat.error;src.var.amplitude
# - 
#   name: geom_model_gaussian2_phase
#   datatype: float32
#   description: Phase of Gaussian 2 component
#   meta:
#     ucd: time.phase
# - 
#   name: geom_model_gaussian2_phase_error
#   datatype: float32
#   description: "Uncertainty of \\texttt{geomModelGaussian2Phase}"
#   meta:
#     ucd: stat.error;time.phase
# - 
#   name: geom_model_gaussian2_sigma
#   datatype: float32
[...]
#   datatype: float32
#   description: "Secondary eclipse: uncertainty of \\texttt{derivedSecondaryEclDuration}"
#   meta:
#     ucd: stat.error;time.duration
# - 
#   name: derived_secondary_ecl_depth
#   datatype: float32
#   unit: mag
#   description: "Secondary eclipse: depth"
#   meta:
#     ucd: src.var.amplitude
# - 
#   name: derived_secondary_ecl_depth_error
#   datatype: float32
#   unit: mag
#   description: "Secondary eclipse: uncertainty of \\texttt{derivedSecondaryEclDepth}"
#   meta:
#     ucd: stat.error;src.var.amplitude
solution_id,source_id,global_ranking,reference_time,frequency,frequency_error,geom_model_reference_level,geom_model_reference_level_error,geom_model_gaussian1_phase,geom_model_gaussian1_phase_error,geom_model_gaussian1_sigma,geom_model_gaussian1_sigma_error,geom_model_gaussian1_depth,geom_model_gaussian1_depth_error,geom_model_gaussian2_phase,geom_model_gaussian2_phase_error,geom_model_gaussian2_sigma,geom_model_gaussian2_sigma_error,geom_model_gaussian2_depth,geom_model_gaussian2_depth_error,geom_model_cosine_half_period_amplitude,geom_model_cosine_half_period_amplitude_error,geom_model_cosine_half_period_phase,geom_model_cosine_half_period_phase_error,model_type,num_model_parameters,reduced_chi2,derived_primary_ecl_phase,derived_primary_ecl_phase_error,derived_primary_ecl_duration,derived_primary_ecl_duration_error,derived_primary_ecl_depth,derived_primary_ecl_depth_error,derived_secondary_ecl_phase,derived_secondary_ecl_phase_error,derived_secondary_ecl_duration,derived_secondary_ecl_duration_error,derived_secondary_ecl_depth,derived_secondary_ecl_depth_error
[from data line 326]
375316653866487564,5843352106275887744,0.57213813,2184.6663819492787,3.5686658362416246,6.2630656E-6,18.18551,0.015047357,0.21018657,0.0066115917,0.04754887,0.007402231,0.30287084,0.034512203,0.7200703,0.0030213848,0.04289337,0.005200903,0.42458025,0.049373403,0.11064793,0.018763201,0.7200703,0.0030213848,"TWOGAUSSIANS_WITH_ELLIPSOIDAL_ON_ECLIPSE2",9,13.625761,0.7200703,0.0030213848,0.24020286,0.029125055,0.64587516,0.04594914,0.21132658,0.005705951,0.26627368,0.041452494,0.52341145,0.021016385
375316653866487564,5843353003947014016,0.5623078,2201.9111868356767,3.364567752054098,1.8648318E-5,18.622446,0.008083835,0.2017645,0.0032252576,0.0713773,0.004385053,0.46396795,0.015053566,0.70611024,0.004078772,0.075998075,0.0044620293,0.39468628,0.021421071,null,null,null,null,"TWOGAUSSIANS",8,4.319386,0.2017645,0.0032252576,0.3997129,0.015643906,0.46152583,0.01513598,0.70611024,0.004078772,0.4,0.0,0.3922442,0.021563433
375316653866487564,5843353240147432192,0.4964779,2178.2318992588253,3.824877933004281,3.0315383E-5,18.425148,0.034736622,0.2877577,0.006583544,0.08960991,0.013784829,0.37054527,0.035806004,0.80055195,0.0044523943,0.09409794,0.015204933,0.2953478,0.022593472,null,null,null,null,"TWOGAUSSIANS",8,13.353805,0.2877577,0.006583544,0.4,0.0,0.357156,0.03152896,0.80055195,0.0044523943,0.4,0.0,0.2819582,0.015419762
375316653866487564,5843353381904150784,0.5875089,2211.8745751319448,0.0688639949796063,3.9348808E-5,17.115208,0.0010201973,0.14986779,4.4113418E-4,0.0022776623,2.2983787E-4,0.39105403,0.041562892,0.4229412,0.0072977226,0.032078154,0.016085101,0.024544697,0.04975278,null,null,null,null,"TWOGAUSSIANS",8,1.9314115,0.14986779,4.4113418E-4,0.012754909,0.0012870921,0.39105403,0.041562892,0.4229412,0.0072977226,0.17963766,0.090076566,0.024544697,0.04975278
375316653866487564,5843355340408873728,0.5867768,2208.6585416926932,0.42202981968249914,6.527949E-5,14.175691,4.0022732E-4,0.25562125,0.002099303,0.020587804,0.0024544883,0.13333033,0.012117084,null,null,null,null,null,null,null,null,null,null,"ONEGAUSSIAN",5,7.6858683,0.25562125,0.002099303,0.11529171,0.013745134,0.13333033,0.0,null,null,null,null,null,null
375316653866487564,5843355439170792192,0.50703454,2174.3445584563933,2.3149525939404945,1.8757506E-5,18.786089,0.11637897,0.26341295,0.0068673315,0.11957879,0.03780949,0.24868925,0.10465975,0.75124705,0.004747742,0.120271064,0.028822392,0.25268796,0.11231111,null,null,null,null,"TWOGAUSSIANS",8,2.2005765,0.75124705,0.004747742,0.4,0.0,0.20148495,0.008663772,0.26348293,0.0066282796,0.4,0.0,0.19749674,0.014697537
375316653866487564,5843356027603479552,0.6144288,2198.1282363122814,3.2256935733234746,6.454583E-6,15.7999,0.032578383,0.2159078,0.0034108534,0.06859336,0.005137712,0.51893634,0.067419104,0.7232523,0.0013374776,0.066054635,0.005611768,0.46779966,0.060980134,0.033824448,0.03407209,0.2159078,0.0034108534,"TWOGAUSSIANS_WITH_ELLIPSOIDAL_ON_ECLIPSE1",9,53.913437,0.2159078,0.0034108534,0.38412282,0.028771188,0.5857022,0.020096125,0.7232523,0.0013374776,0.36990595,0.0314259,0.53442156,0.01218242
375316653866487564,5843357092755545728,0.58681655,2156.440814970562,2.952205438848072,8.024954E-6,18.546396,0.015213897,0.30390355,0.0016597556,0.05116537,0.0035798007,0.39243758,0.038932074,0.8016793,0.006047337,0.043157306,0.0058168354,0.34042028,0.04184433,0.120431416,0.02606081,0.30390355,0.0016597556,"TWOGAUSSIANS_WITH_ELLIPSOIDAL_ON_ECLIPSE1",9,6.2460856,0.30390355,0.0016597556,0.28652605,0.020046884,0.63329756,0.01734727,0.80188936,0.0055236025,0.24168092,0.03257428,0.5812377,0.02300845
375316653866487564,5843357711230894208,0.5100116,2215.012304735196,0.6660419982632049,1.7700067E-5,13.7972975,0.012896312,0.34428218,0.069407254,0.025206266,0.0676378,0.6858371,0.61697674,0.820535,0.0046559167,0.0035495458,0.002069691,1.1151226,199.0291,null,null,null,null,"TWOGAUSSIANS",8,1027.4799,0.820535,0.0046559167,0.019877456,0.01159027,1.1151226,199.0291,0.34428218,0.069407254,0.1411551,0.2539151,0.6858371,0.6169768
375316653866487564,5843358742023058688,0.6173367,2215.1854082551113,2.229372087737415,3.682607E-6,14.206302,0.0067916657,0.25250244,0.0017199036,0.046302088,0.0048293252,0.13822758,0.017222928,0.75699514,0.0044203782,0.05027984,0.0058366046,0.1379061,0.01762299,0.1045412,0.010558924,0.25250244,0.0017199036,"TWOGAUSSIANS_WITH_ELLIPSOIDAL_ON_ECLIPSE1",9,105.78313,0.25250244,0.0017199036,0.25929168,0.027044222,0.34730953,0.008359775,0.75699514,0.0044203782,0.28156713,0.032684986,0.34682152,0.00872493
375316653866487564,5843360116413188992,0.47960117,2195.7531548802044,2.4381846051362683,2.1961307E-5,15.6209955,0.14628175,0.33317313,0.004520964,0.17447324,0.025001014,0.823558,0.2257635,0.8288479,0.005176708,0.24539594,0.047205348,1.0434759,0.14409651,null,null,null,null,"TWOGAUSSIANS",8,33.27528,0.3376131,0.0048026145,0.4,0.0,0.17037907,0.008339112,0.8288479,0.005176708,0.4,0.0,0.15590617,0.010711452
375316653866487564,5843361078485662976,0.53699285,2188.6028435911153,1.8679276974241477,1.3669261E-5,16.445587,0.007766426,0.27411532,0.0035877258,0.088949,0.009132473,0.18896736,0.0071502863,0.7773655,0.00348725,0.092277266,0.008083034,0.12719956,0.0069112885,null,null,null,null,"TWOGAUSSIANS",8,8.242553,0.27411532,0.0035877258,0.4,0.0,0.18245357,0.007336875,0.7773655,0.00348725,0.4,0.0,0.12068571,0.004643204
375316653866487564,5843361490802277120,0.61231226,2184.2545567487578,3.261516139977633,3.3468266E-6,17.3979,0.008202667,0.20821345,0.0016675978,0.046481077,0.002918447,0.3952721,0.024325924,0.7181872,0.003224746,0.040995345,0.003452855,0.22711058,0.018103752,0.12419487,0.010541369,0.7181872,0.003224746,"TWOGAUSSIANS_WITH_ELLIPSOIDAL_ON_ECLIPSE2",9,11.612954,0.20917344,0.0014621232,0.26029402,0.016343303,0.64278084,0.023189854,0.7181872,0.003224746,0.22957394,0.019335987,0.47549948,0.014995336
375316653866487564,5843362590314174464,0.48735702,2201.420740828937,0.07927761076745767,9.976015E-6,16.307796,0.0019737142,0.43470243,1.7435594E-4,0.004719144,1.6553188E-4,0.12753198,0.0027875928,0.9411375,6.953047E-4,0.006427693,6.8762386E-4,0.12550259,0.0056531965,null,null,null,null,"TWOGAUSSIANS",8,17.172203,0.43470243,1.7435594E-4,0.026427208,9.2697854E-4,0.12753198,0.0027875928,0.9411375,6.953047E-4,0.03599508,0.0038506936,0.12550259,0.0056531965
375316653866487564,5843364273941335808,0.5604805,2187.523779708315,0.98733227140832,3.2989333E-6,17.944504,0.0044087595,0.29053226,0.006580996,0.030925537,0.004632621,0.37921616,0.0402964,0.7882735,8.741055E-4,0.034200273,7.480208E-4,0.48590288,0.00864161,null,null,null,null,"TWOGAUSSIANS",8,12.357892,0.7882735,8.741055E-4,0.19152154,0.004188916,0.48590288,0.00864161,0.29053226,0.006580996,0.17318301,0.02594268,0.37921616,0.0402964
375316653866487564,5843366782190426752,0.5037983,2178.0515816020707,0.6946904670356119,3.2451706E-5,19.441618,0.007801075,0.14845797,0.039255626,0.030155936,0.036680598,0.03881356,176.64473,0.69266313,0.0013122245,0.01371674,0.0011639338,1.3240098,0.9682204,null,null,null,null,"TWOGAUSSIANS",8,4.020776,0.69266313,0.0013122245,0.07681374,0.006518029,1.3240098,0.9682204,0.14845797,0.039255626,0.16887324,0.20541134,0.03881356,176.64473
375316653866487564,5843366915324780928,0.5401582,2195.9814172567853,2.655733841549084,1.06798425E-5,18.4704,0.012087232,0.30358768,0.006534645,0.06788594,0.00390777,0.9068121,0.1132931,0.81926394,0.0032979269,0.06472826,0.0032909482,0.37651327,0.017951764,null,null,null,null,"TWOGAUSSIANS",8,16.353243,0.30358768,0.006534645,0.3801613,0.021883512,0.90620095,0.11336531,0.81926394,0.0032979269,0.36247826,0.01842931,0.37590215,0.017792648
375316653866487564,5843368534535154048,0.6051909,2172.8738399317044,3.8050041709103426,4.6449304E-6,18.77775,0.018326616,0.22667879,0.0027684756,0.050112948,0.0058864416,0.28039128,0.037878416,0.73253393,0.0026799077,0.045789313,0.0031370413,0.4342414,0.04483603,0.10950511,0.020369403,0.22667879,0.0027684756,"TWOGAUSSIANS_WITH_ELLIPSOIDAL_ON_ECLIPSE1",9,2.7874703,0.73253393,0.0026799077,0.25642017,0.017567432,0.6529538,0.019803831,0.22667879,0.0027684756,0.2806325,0.032964073,0.49939996,0.009413185
375316653866487564,5843368603254587904,0.4914289,2228.816894361667,3.3946569363051906,2.045421E-5,19.316761,0.016022075,0.27636635,0.007304914,0.082823075,0.008681003,0.32434055,0.025545899,0.7879546,0.0075956597,0.07612377,0.0121165225,0.26244047,0.023651777,null,null,null,null,"TWOGAUSSIANS",8,3.44065,0.27636635,0.007304914,0.4,0.0,0.32104462,0.024378527,0.7879546,0.0075956597,0.4,0.0,0.2591445,0.023261407
375316653866487564,5843369874578288128,0.6994246,2214.2624240811583,0.5790647795282632,2.3125374E-6,15.622076,9.538409E-4,0.2273672,6.918639E-4,0.024931854,5.185586E-4,0.41527557,0.0046296846,0.72730315,0.0016065844,0.025112253,0.0012136276,0.4040301,0.005168604,0.007944694,0.0015416908,0.2273672,6.918639E-4,"TWOGAUSSIANS_WITH_ELLIPSOIDAL_ON_ECLIPSE1",9,4.438938,0.2273672,6.918639E-4,0.13961838,0.002903928,0.43116495,0.0040948545,0.72730315,0.0016065844,0.14062862,0.0067963144,0.4199195,0.004229934
375316653866487564,5843369977657488512,0.60818654,2230.1309936425546,2.685478451342946,4.074086E-6,14.817858,0.006783836,0.282863,0.001996251,0.047792833,0.0039945566,0.21726882,0.021309117,0.7807582,0.0027051752,0.044400375,0.0036692708,0.191582,0.015083873,0.11181933,0.00914197,0.282863,0.001996251,"TWOGAUSSIANS_WITH_ELLIPSOIDAL_ON_ECLIPSE1",9,104.74248,0.282863,0.001996251,0.26763985,0.022369517,0.44090694,0.01724271,0.78107816,0.002234961,0.24864212,0.020547917,0.41518703,0.0072099166
375316653866487564,5843371214608117888,0.6919147,2195.465672239336,1.4160501951813445,2.4303192E-6,16.199554,0.0016017079,0.23531884,0.010889997,0.05458825,0.007874625,0.0912332,0.014880359,0.7305357,4.8749364E-4,0.043620218,4.976195E-4,0.57193124,0.0038453375,null,null,null,null,"TWOGAUSSIANS",8,6.6980968,0.7305357,4.8749364E-4,0.24427323,0.0027866692,0.57193047,0.0038452246,0.23531884,0.010889997,0.3056942,0.044097897,0.09123246,0.01488063
375316653866487564,5843371352047070336,0.562656,2212.4615277623748,0.2967859693011088,2.9367882E-6,15.477957,0.002405223,0.31785926,0.0012651169,0.025278563,0.0013558565,0.21399224,0.0083335005,0.8248167,0.0024609584,0.021420911,0.005805682,0.0443783,0.015261616,0.029355248,0.0039135893,0.31785926,0.0012651169,"TWOGAUSSIANS_WITH_ELLIPSOIDAL_ON_ECLIPSE1",9,38.920906,0.31785926,0.0012651169,0.14155996,0.007592797,0.27270263,0.0068663093,0.8248167,0.0024609584,0.119957104,0.03251182,0.10297657,0.014206375
375316653866487564,5843371833083452928,0.4598159,2208.2838768746233,0.8772894112579654,8.754227E-5,15.955352,0.0038171906,0.26300144,0.0130984085,0.07338225,0.04225645,0.1082513,0.057043757,0.78448254,0.011339471,0.02653504,0.0059128003,0.07690568,0.03417147,null,null,null,null,"TWOGAUSSIANS",8,18.945087,0.26300144,0.0130984085,0.4,0.008538579,0.10825109,0.057163667,0.78448254,0.011339471,0.14859623,0.03311168,0.07690547,0.034168288
375316653866487564,5843372245400015104,0.53309125,2168.2839582261563,0.11019805055139154,1.4500659E-4,18.456938,0.0022389786,0.20154144,0.035559755,0.05551385,0.052409887,0.020173488,0.106185265,0.85702735,0.0024604239,0.005137,0.0017225394,0.41977784,0.82218385,null,null,null,null,"TWOGAUSSIANS",8,1.4673287,0.85702735,0.0024604239,0.0287672,0.009646221,0.41977784,0.82218385,0.20154144,0.035559755,0.31087756,0.29337007,0.020173488,0.106185265
375316653866487564,5843373374955394944,0.47376412,2165.5262506486506,2.9110067236486783,1.984733E-5,18.332977,0.0028432156,null,null,null,null,null,null,null,null,null,null,null,null,0.063112766,0.0037792476,0.26245978,0.0051511307,"ELLIPSOIDAL",4,4.314209,null,null,null,null,null,null,null,null,null,null,null,null
375316653866487564,5843373654149312512,0.55528384,2189.4502468777714,0.5685895092440184,6.7171272E-6,9.981116,0.103066474,0.41484836,0.0028272492,0.15827449,0.050197158,0.116887584,0.09898144,0.90668494,0.008501585,0.13133225,0.08990756,0.040350866,0.09194482,null,null,null,null,"TWOGAUSSIANS",8,18.681055,0.41492838,0.0024121301,0.4,0.0,0.08757009,0.0015679253,0.90668494,0.008501585,0.4,0.0,0.012584624,0.0026744783
375316653866487564,5843374306984604288,0.61944515,2186.860449564547,1.0234993120761107,2.9571268E-6,14.884594,0.005482249,0.26524112,0.0010719917,0.09761548,0.0031249595,0.18623008,0.0049580913,0.7716677,0.00179784,0.11140526,0.0047756247,0.14596485,0.0051132985,null,null,null,null,"TWOGAUSSIANS",8,6.6253333,0.26523113,0.0010749537,0.4,0.0,0.16896519,0.0029056228,0.7716677,0.00179784,0.4,0.0,0.12868801,0.002312084
375316653866487564,5843375269057305088,0.5673181,2206.9786026325733,1.1811684552336135,7.9579695E-6,16.866316,0.013274801,0.28527164,0.0019189795,0.04938309,0.002790747,0.54807585,0.035583306,0.7848799,0.016579295,0.054730862,0.01803142,0.085139506,0.043488704,0.02182503,0.020255968,0.28527164,0.0019189795,"TWOGAUSSIANS_WITH_ELLIPSOIDAL_ON_ECLIPSE1",9,35.634964,0.28527164,0.0019189795,0.2765453,0.015628183,0.5917219,0.026380612,0.7849199,0.0151354605,0.30649284,0.100975946,0.1287853,0.02680325
375316653866487564,5843377124483495296,0.54034364,2196.512825545064,0.5681376966627011,7.773249E-5,18.180134,0.001719396,0.27242792,0.0083725955,0.00876583,0.0023459904,0.46045288,0.32654873,0.45911303,0.0127553735,0.03911905,0.005619012,0.18205437,0.1322898,null,null,null,null,"TWOGAUSSIANS",8,1.9637585,0.27242792,0.0083725955,0.049088646,0.013137546,0.46045494,0.32654715,0.45911303,0.0127553735,0.21906668,0.031466465,0.18205437,0.1322898
375316653866487564,5843377188886651776,0.5588508,2189.200922864424,0.5609499983789343,2.8591481E-5,18.134474,0.0033698566,0.27400422,0.007396515,0.018812861,0.004591756,0.6526176,1.881459,0.7734185,0.0049044946,0.02121507,0.004756554,0.28986546,0.077488266,null,null,null,null,"TWOGAUSSIANS",8,5.4572496,0.27400422,0.007396515,0.10535203,0.025713833,0.6526176,1.881459,0.7734185,0.0049044946,0.11880439,0.026636701,0.28986546,0.077488266
375316653866487564,5843377704282723328,0.71654224,2202.4123644274114,0.2128739054811883,1.8743092E-6,15.624137,9.088231E-4,0.24143091,0.007846359,0.011708944,0.0054092933,0.63689125,0.23622411,0.7425535,4.1972595E-4,0.011979632,3.5231802E-4,0.5367319,0.010055,null,null,null,null,"TWOGAUSSIANS",8,6.2309475,0.24143091,0.007846359,0.065570086,0.030292042,0.63689125,0.23622411,0.7425535,4.1972595E-4,0.067085944,0.001972981,0.5367319,0.010055
375316653866487564,5843378872513990400,0.49956447,2200.888174970612,2.7683639495106918,1.951865E-5,17.67518,0.50972044,0.18150218,0.0056133484,0.14501528,0.056536075,0.30561396,0.44880134,0.67539746,0.00398002,0.15744045,0.081181236,0.31204525,0.4877733,null,null,null,null,"TWOGAUSSIANS",8,4.1953983,0.67539746,0.00398002,0.4,0.0,0.16145472,0.0068288813,0.18219218,0.0045474414,0.4,0.0,0.15746501,0.010971731
375316653866487564,5843379735823432064,0.59783304,2235.319285238713,2.532327804173299,5.628518E-6,16.046305,0.038430493,0.2918953,0.0023453601,0.13125625,0.012773413,0.2978009,0.037824437,0.7951478,0.0014932884,0.11346978,0.009473603,0.32547662,0.034148876,null,null,null,null,"TWOGAUSSIANS",8,10.286786,0.7951878,0.0014960117,0.4,0.0,0.2513348,0.007394839,0.29188532,0.0023485767,0.4,0.0,0.22327654,0.0058426205
375316653866487564,5843380938414142848,0.5734604,2205.2023921120185,2.438648230755333,1.06039715E-5,16.754395,0.006255489,0.23765233,0.0032330363,0.041097004,0.012623104,0.102662005,0.023609787,0.74648064,0.005832515,0.051351912,0.0057025827,0.11944015,0.016385533,0.09563868,0.009298894,0.23765233,0.0032330363,"TWOGAUSSIANS_WITH_ELLIPSOIDAL_ON_ECLIPSE1",9,18.572592,0.74648064,0.005832515,0.28757071,0.031934462,0.31012902,0.009978777,0.23765233,0.0032330363,0.23014322,0.07068939,0.2939388,0.023973696
