Gaia/vari_eclipsing_binary/VariEclipsingBinary_685456-685467.csv
# %ECSV 1.0
# ---
# delimiter: ','
# meta: !!omap
# - RELEASE: Gaia DR3
# - TABLE: vari_eclipsing_binary
# - DESCRIPTION: >
#     This table describes the properties of the eclipsing binaries resulting from the variability analysis. 
# - CITATION: >
#     How to cite and acknowledge Gaia: 
#     https://gea.esac.esa.int/archive/documentation/credits.html 
# - KNOWN_ISSUES: >
#     Known issues: 
#     https://www.cosmos.esa.int/web/gaia-users/known-issues 
# - DOCUMENTATION: >
#     Tutorials and documentation: 
#     https://www.cosmos.esa.int/web/gaia-users/archive 
# datatype:
# - 
#   name: solution_id
#   datatype: int64
#   description: Solution Identifier
#   meta:
#     ucd: meta.version
# - 
#   name: source_id
#   datatype: int64
#   description: Unique source identifier
#   meta:
#     ucd: meta.id;meta.main
# - 
#   name: global_ranking
#   datatype: float32
#   description: Number between 0 (worst) and 1 (best)
#   meta:
#     ucd: stat.param
# - 
#   name: reference_time
#   datatype: float64
#   unit: d
#   description: Reference time used for the geometric model fit
#   meta:
#     ucd: time.epoch
# - 
#   name: frequency
#   datatype: float64
#   unit: d**-1
#   description: Frequency of geometric model of the eclipsing binary light curve
#   meta:
#     ucd: src.orbital
# - 
#   name: frequency_error
#   datatype: float32
#   unit: d**-1
#   description: "Uncertainty of \\texttt{frequency}"
#   meta:
#     ucd: stat.error
# - 
#   name: geom_model_reference_level
#   datatype: float32
#   unit: mag
#   description: Magnitude reference level of geometric model
#   meta:
#     ucd: phot.mag;em.opt
# - 
#   name: geom_model_reference_level_error
#   datatype: float32
#   unit: mag
#   description: "Uncertainty of \\texttt{geomModelReferenceLevel}"
#   meta:
#     ucd: stat.error;phot.mag;em.opt
# - 
#   name: geom_model_gaussian1_phase
#   datatype: float32
#   description: Phase of the Gaussian 1 component
#   meta:
#     ucd: time.phase
# - 
#   name: geom_model_gaussian1_phase_error
#   datatype: float32
#   description: "Uncertainty of \\texttt{geomModelGaussian1Phase}"
#   meta:
#     ucd: stat.error;time.phase
# - 
#   name: geom_model_gaussian1_sigma
#   datatype: float32
#   description: "Standard deviation [phase] of Gaussian 1 component"
#   meta:
#     ucd: stat.stdev
# - 
#   name: geom_model_gaussian1_sigma_error
#   datatype: float32
#   description: "Uncertainty of \\texttt{geomModelGaussian1Sigma}"
#   meta:
#     ucd: stat.error
# - 
#   name: geom_model_gaussian1_depth
#   datatype: float32
#   unit: mag
#   description: Magnitude depth of Gaussian 1 component
#   meta:
#     ucd: src.var.amplitude
# - 
#   name: geom_model_gaussian1_depth_error
#   datatype: float32
#   unit: mag
#   description: "Uncertainty of \\texttt{geomModelGaussian1Depth}"
#   meta:
#     ucd: stat.error;src.var.amplitude
# - 
#   name: geom_model_gaussian2_phase
#   datatype: float32
#   description: Phase of Gaussian 2 component
#   meta:
#     ucd: time.phase
# - 
#   name: geom_model_gaussian2_phase_error
#   datatype: float32
#   description: "Uncertainty of \\texttt{geomModelGaussian2Phase}"
#   meta:
#     ucd: stat.error;time.phase
# - 
#   name: geom_model_gaussian2_sigma
#   datatype: float32
[...]
#   datatype: float32
#   description: "Secondary eclipse: uncertainty of \\texttt{derivedSecondaryEclDuration}"
#   meta:
#     ucd: stat.error;time.duration
# - 
#   name: derived_secondary_ecl_depth
#   datatype: float32
#   unit: mag
#   description: "Secondary eclipse: depth"
#   meta:
#     ucd: src.var.amplitude
# - 
#   name: derived_secondary_ecl_depth_error
#   datatype: float32
#   unit: mag
#   description: "Secondary eclipse: uncertainty of \\texttt{derivedSecondaryEclDepth}"
#   meta:
#     ucd: stat.error;src.var.amplitude
solution_id,source_id,global_ranking,reference_time,frequency,frequency_error,geom_model_reference_level,geom_model_reference_level_error,geom_model_gaussian1_phase,geom_model_gaussian1_phase_error,geom_model_gaussian1_sigma,geom_model_gaussian1_sigma_error,geom_model_gaussian1_depth,geom_model_gaussian1_depth_error,geom_model_gaussian2_phase,geom_model_gaussian2_phase_error,geom_model_gaussian2_sigma,geom_model_gaussian2_sigma_error,geom_model_gaussian2_depth,geom_model_gaussian2_depth_error,geom_model_cosine_half_period_amplitude,geom_model_cosine_half_period_amplitude_error,geom_model_cosine_half_period_phase,geom_model_cosine_half_period_phase_error,model_type,num_model_parameters,reduced_chi2,derived_primary_ecl_phase,derived_primary_ecl_phase_error,derived_primary_ecl_duration,derived_primary_ecl_duration_error,derived_primary_ecl_depth,derived_primary_ecl_depth_error,derived_secondary_ecl_phase,derived_secondary_ecl_phase_error,derived_secondary_ecl_duration,derived_secondary_ecl_duration_error,derived_secondary_ecl_depth,derived_secondary_ecl_depth_error
[from data line 293]
375316653866487564,6029402397378850176,0.45901936,2274.727594087505,0.1848542726531308,2.4969651E-5,18.794868,0.0040921825,0.28553537,0.015748952,0.016182689,0.012840867,0.19816552,3.3944871,0.712977,0.0128244795,0.009471653,0.030012665,0.8128398,0.76809263,null,null,null,null,"TWOGAUSSIANS",8,2.527468,0.712977,0.0128244795,0.053041257,0.16807093,0.8128398,0.76809263,0.28553537,0.015748952,0.09062306,0.071908854,0.19816552,3.3944871
375316653866487564,6029402461681524864,0.5848251,2270.3326633404254,1.4995844553126636,5.789982E-6,17.881388,0.002421218,0.23350267,0.0025201335,0.066746786,0.0030198768,0.104382806,0.003711101,0.73532784,0.0015926779,0.04833129,0.0012801997,0.3031373,0.0062550344,null,null,null,null,"TWOGAUSSIANS",8,2.1391454,0.73532784,0.0015926779,0.2706552,0.007169118,0.30311364,0.0062534823,0.23350267,0.0025201335,0.373782,0.016911311,0.10435916,0.0037086676
375316653866487564,6029402496039314944,0.47045687,2288.4673474281635,2.151798257619812,1.8948074E-5,17.548573,0.024039771,0.29009193,0.0048894007,0.123606674,0.021946626,0.10522205,0.022316774,0.8018524,0.0071505643,0.11005109,0.021075338,0.097521804,0.022751981,null,null,null,null,"TWOGAUSSIANS",8,3.9835546,0.2900719,0.004880459,0.4,0.0,0.086814076,0.0065945075,0.80194235,0.007089999,0.4,0.0,0.07916973,0.0069316085
375316653866487564,6029402569081198464,0.44591936,2269.8439845017174,2.341194514397266,3.0647665E-5,18.496864,0.0028787125,null,null,null,null,null,null,null,null,null,null,null,null,0.053983565,0.0039676195,0.20828462,0.00670506,"ELLIPSOIDAL",4,4.533587,null,null,null,null,null,null,null,null,null,null,null,null
375316653866487564,6029402977075608064,0.44944578,2292.1498130564964,4.259617413963373,2.3766965E-5,13.582742,9.676753E-4,0.13939022,0.008443995,0.03928209,0.0066558523,0.021216521,0.0045072646,0.48394918,3.3395962E-4,0.0053046467,2.8651208E-4,0.081973724,0.0058641094,null,null,null,null,"TWOGAUSSIANS",8,66.03054,0.48394918,3.3395962E-4,0.029706022,0.0016044675,0.081973724,0.0058641094,0.13939022,0.008443995,0.21997972,0.037272774,0.021216521,0.0045072646
375316653866487564,6029403458141263488,0.5162092,2287.972148027744,1.727625722347181,1.5124125E-5,18.72464,0.0032055776,0.2714223,0.0028932495,0.052133653,0.0033395553,0.22586435,0.016067691,0.7998515,0.015235095,0.015662855,0.022542942,0.061109036,0.066030584,0.060400456,0.0052961563,0.2714223,0.0028932495,"TWOGAUSSIANS_WITH_ELLIPSOIDAL_ON_ECLIPSE1",9,5.650362,0.2714223,0.0028932495,0.29194847,0.01870151,0.34666294,0.016048858,0.7998515,0.015235095,0.08771199,0.12624048,0.17809403,0.06324387
375316653866487564,6029403531153416320,0.50058436,2281.9618363199347,2.015386417935737,1.72362E-5,17.811186,0.0068075773,0.28300527,0.00514088,0.091587454,0.009792134,0.08228307,0.0071727275,0.784218,0.0036540525,0.100600526,0.008335546,0.113943204,0.0066971513,null,null,null,null,"TWOGAUSSIANS",8,2.0442436,0.784218,0.0036540525,0.4,0.0,0.10744948,0.004639436,0.28300527,0.00514088,0.4,0.0,0.07579028,0.0044525177
375316653866487564,6029403634232466688,0.49580505,2276.9121299215753,1.7383779720250123,1.6580929E-5,17.99473,0.019309895,0.25836074,0.023532715,0.08981014,0.037365977,0.091054365,0.019905325,0.7246072,0.0035681336,0.07438966,0.0058284057,0.30613503,0.019177109,null,null,null,null,"TWOGAUSSIANS",8,7.9085917,0.7246072,0.0035681336,0.4,0.0,0.30458048,0.011993544,0.25836074,0.023532715,0.4,0.0,0.089499705,0.013202925
375316653866487564,6029403737312003712,0.619893,2283.784663848958,1.221765983519619,5.1540183E-6,17.211552,0.0034686013,0.23204929,0.0015658838,0.0935459,0.002684503,0.27850023,0.0038012126,0.7318543,0.0010470655,0.084379815,0.001647031,0.3224662,0.004381229,null,null,null,null,"TWOGAUSSIANS",8,2.6025178,0.7318543,0.0010470655,0.4,0.0,0.31101513,0.0041580168,0.23204929,0.0015658838,0.4,0.0,0.2670488,0.0038403443
375316653866487564,6029403840391359360,0.6318146,2291.3056488504935,0.9710461046805141,2.9065382E-6,16.834171,0.003055541,0.26146072,6.638853E-4,0.04219245,7.390783E-4,0.500478,0.010312028,0.7661959,0.0043387455,0.045989115,0.0038312608,0.08460874,0.0073680603,0.0137540195,0.0035775956,0.26146072,6.638853E-4,"TWOGAUSSIANS_WITH_ELLIPSOIDAL_ON_ECLIPSE1",9,4.092056,0.26146072,6.638853E-4,0.23627773,0.0041388385,0.52798605,0.009327562,0.7661959,0.0043387455,0.25753903,0.02145506,0.112092406,0.003873555
375316653866487564,6029403840463646848,0.5046774,2265.5687099271577,4.494709687375792,2.371718E-5,19.349453,0.0110799335,0.21298534,0.0063404907,0.077709064,0.008539653,0.3515153,0.019860808,0.70676816,0.0032039753,0.07960581,0.006138379,0.29785988,0.01262803,null,null,null,null,"TWOGAUSSIANS",8,2.955329,0.21298534,0.0063404907,0.4,0.0,0.34786853,0.01981804,0.70676816,0.0032039753,0.4,0.0,0.29421312,0.01233008
375316653866487564,6029403973508640640,0.5853119,2273.101370204786,2.9284109432175445,8.518229E-6,18.083467,0.006547117,0.2534174,0.0026934976,0.085908175,0.002713545,0.35303053,0.009143157,0.76681644,0.0019132346,0.079848096,0.0030861236,0.31184316,0.010722212,null,null,null,null,"TWOGAUSSIANS",8,3.444144,0.2534174,0.0026934976,0.4,0.0,0.34754232,0.008449992,0.76681644,0.0019132346,0.4,0.0,0.30635497,0.010845883
375316653866487564,6029404287068462848,0.51141745,2261.811134786768,2.7367493593702052,2.8915478E-5,19.142916,0.022588992,0.14745513,0.0043812157,0.09251778,0.008622265,0.3364775,0.024236578,0.66031617,0.0048985803,0.092639185,0.009495094,0.3238323,0.020776568,null,null,null,null,"TWOGAUSSIANS",8,3.8001544,0.14745513,0.0043812157,0.4,0.0,0.3222331,0.019729385,0.66031617,0.0048985803,0.4,0.0,0.3095879,0.015329301
375316653866487564,6029404454564992896,0.51844376,2280.5979625532023,2.8245827372069385,1.372186E-5,19.21919,0.019432092,0.31162763,0.0030689249,0.08768398,0.0067139543,0.41229972,0.02093768,0.8121273,0.0031767946,0.085379936,0.0058079604,0.41646072,0.021588461,null,null,null,null,"TWOGAUSSIANS",8,2.0005608,0.8121273,0.0031767946,0.4,0.0,0.40380737,0.019205274,0.31162763,0.0030689249,0.4,0.0,0.39964634,0.019105986
375316653866487564,6029404665097412352,0.5041441,2277.5372457219623,2.877852130733605,2.3259377E-5,17.646994,0.047606975,0.27318907,0.004722046,0.1159708,0.020851258,0.20783964,0.043159675,0.76614964,0.0033221047,0.12090292,0.022601468,0.20791566,0.041587554,null,null,null,null,"TWOGAUSSIANS",8,7.0911007,0.76614964,0.0033221047,0.4,0.0,0.16590425,0.009118011,0.2732291,0.004724531,0.4,0.0,0.16587134,0.010770124
375316653866487564,6029404798171220864,0.5548644,2287.431737689151,0.1765324402314095,5.87771E-6,17.079256,0.008851138,0.24278638,0.0015854026,0.03280208,0.0024557498,0.48227507,0.025548397,0.73741716,0.0010058312,0.031415664,0.0021614502,0.5075105,0.021604193,0.1082735,0.014418584,0.24278638,0.0015854026,"TWOGAUSSIANS_WITH_ELLIPSOIDAL_ON_ECLIPSE1",9,73.919846,0.73758715,9.7150076E-4,0.17592771,0.012104122,0.72381866,0.023951612,0.24278638,0.0015854026,0.18369164,0.0137522,0.69882166,0.024404872
375316653866487564,6029404901225654528,0.5678325,2282.6786542863356,1.0295246967957965,7.5899893E-6,16.917784,0.0062864176,0.19532484,0.002641308,0.09450653,0.0065127886,0.13916649,0.005232688,0.6984354,0.0018647306,0.08983457,0.004165317,0.17183557,0.0060365484,null,null,null,null,"TWOGAUSSIANS",8,3.453276,0.6984354,0.0018647306,0.4,0.0,0.16440527,0.004060731,0.19532484,0.002641308,0.4,0.0,0.13173601,0.0035859197
375316653866487564,6029405111725689472,0.536423,2288.0551811684254,3.065404536409554,8.942156E-6,18.977259,0.024020256,0.24888337,0.0033395446,0.07999252,0.004899063,0.60139865,0.035688538,0.74177617,0.006019885,0.073918805,0.0076744333,0.42071575,0.038654737,null,null,null,null,"TWOGAUSSIANS",8,8.423866,0.24888337,0.0033395446,0.4,0.0,0.5969561,0.035085086,0.74177617,0.006019885,0.4,0.017898023,0.41627318,0.038372926
375316653866487564,6029405657136516224,0.5354611,2284.444692790652,3.1219585387274513,1.6613056E-5,17.951117,0.0060888953,0.20703098,0.0030921525,0.07552986,0.0045421114,0.2509025,0.006528527,0.7097259,0.0048202327,0.086950615,0.0043210965,0.31836164,0.012274429,null,null,null,null,"TWOGAUSSIANS",8,7.853895,0.7097259,0.0048202327,0.4,0.0,0.31361708,0.011610017,0.20703098,0.0030921525,0.4,0.0,0.24615797,0.005732445
375316653866487564,6029405695832119040,0.5541216,2229.474298855115,3.070814671166321,1.7227101E-5,19.586498,0.0074922824,0.2645617,0.0058506033,0.06742403,0.0051365085,0.5202245,0.030862622,0.7703994,0.0074831024,0.0640884,0.0079017915,0.48426002,0.03325249,null,null,null,null,"TWOGAUSSIANS",8,1.7038908,0.2645617,0.0058506033,0.37757456,0.028764447,0.51960856,0.03108714,0.7703994,0.0074831024,0.358895,0.044250034,0.48364407,0.033707745
375316653866487564,6029408169791243904,0.6434473,2271.6573713198904,1.3005239763375098,6.7207056E-6,16.887012,0.0022440115,0.24242611,0.0024274364,0.043946106,0.0031419627,0.07289078,0.0052720094,0.7396951,6.1340764E-4,0.042165767,0.0013363997,0.5025976,0.026317619,0.017546432,0.0027093126,0.24242611,0.0024274364,"TWOGAUSSIANS_WITH_ELLIPSOIDAL_ON_ECLIPSE1",9,2.675736,0.7397251,6.014143E-4,0.2361283,0.0074838386,0.53768015,0.028695984,0.24242611,0.0024274364,0.24609819,0.017594991,0.10798361,0.0034163296
375316653866487564,6029409028728090112,0.56619936,2250.026682328682,4.012924402070171,1.3295819E-5,19.49201,0.010098691,0.17392318,0.002423969,0.025995458,0.009928303,0.63277733,0.6449268,0.6614606,0.0060397587,0.030182311,0.0072283144,0.30974296,0.045653928,0.18234757,0.021277903,0.17392318,0.002423969,"TWOGAUSSIANS_WITH_ELLIPSOIDAL_ON_ECLIPSE1",9,2.8583832,0.17392318,0.002423969,0.14557455,0.055598494,0.99747247,0.64755744,0.6624306,0.0055281734,0.16902094,0.04047856,0.67237985,0.046124868
375316653866487564,6029409127464227072,0.6359998,2279.486899371644,0.42141374270474213,1.886987E-5,13.278751,0.0018774517,0.26573592,0.004320683,0.022358535,0.0041498323,0.6201209,0.039200686,0.76327765,0.0050913813,0.020995941,0.007596125,0.058105636,0.196105,0.020244231,0.0035039878,0.76327765,0.0050913813,"TWOGAUSSIANS_WITH_ELLIPSOIDAL_ON_ECLIPSE2",9,96.50068,0.26572594,0.004319374,0.1252078,0.023239061,0.66059965,0.043547235,0.76327765,0.0050913813,0.11757728,0.0425383,0.09859401,0.19536933
375316653866487564,6029410398776180224,0.58816797,2291.554909423005,2.11170083098194,8.040887E-6,18.101812,0.008375791,0.17472312,0.001505368,0.09493565,0.0034059277,0.37818006,0.009845354,0.677215,0.0040441817,0.10120577,0.0055730212,0.23638195,0.011486856,null,null,null,null,"TWOGAUSSIANS",8,2.6041238,0.17472312,0.001505368,0.4,0.0,0.35603783,0.009925315,0.677215,0.0040441817,0.4,0.0,0.21423805,0.011088252
375316653866487564,6029410609277530112,0.5599666,2306.020632989817,2.070780579644183,1.1844174E-5,17.960682,0.008667159,0.25063753,0.0128767975,0.07557609,0.011974622,0.17709814,0.013026033,0.7558809,0.0024538888,0.08732838,0.0048619597,0.27472505,0.007968545,null,null,null,null,"TWOGAUSSIANS",8,4.080484,0.7558809,0.0024538888,0.4,0.0,0.27108556,0.0057973727,0.25063753,0.0128767975,0.4,0.0,0.17345868,0.009740652
375316653866487564,6029411670090951296,0.6175232,2287.5286325827847,3.189349837823599,4.50793E-6,18.214727,0.014251536,0.29384926,0.0020740735,0.052033518,0.006028471,0.39904547,0.03723696,0.79506975,0.004100608,0.047334466,0.004636051,0.41355148,0.033499755,0.13233629,0.017967496,0.29384926,0.0020740735,"TWOGAUSSIANS_WITH_ELLIPSOIDAL_ON_ECLIPSE1",9,4.485137,0.79506975,0.003960976,0.265073,0.025961887,0.67820376,0.008938947,0.29384926,0.0020740735,0.2913877,0.033759438,0.66371334,0.04912426
375316653866487564,6029411743147938560,0.540132,2278.781464632794,2.2285214292149145,1.0880828E-5,17.891706,0.011013203,0.22261396,0.0047933827,0.11061734,0.014626041,0.09959776,0.009706566,0.7233332,0.0028939077,0.086749926,0.0063620443,0.17357415,0.0102151465,null,null,null,null,"TWOGAUSSIANS",8,1.8234138,0.7233332,0.002894472,0.4,0.0,0.16361946,0.0049729,0.22261396,0.0047933827,0.4,0.0,0.0896358,0.0041914606
375316653866487564,6029411846227251072,0.483907,2286.2205073784467,0.054083656071358274,1.0969362E-4,18.191587,0.004734863,0.23842083,0.0037994357,0.0047563864,0.0035924367,1.4338624,3305.724,0.86191607,0.014166327,0.038324606,0.008793414,0.05876451,0.0127358725,null,null,null,null,"TWOGAUSSIANS",8,10.629069,0.23842083,0.0037994357,0.026635764,0.020117644,1.4338624,3305.724,0.86191607,0.014166327,0.21461779,0.049243115,0.05876451,0.0127358725
375316653866487564,6029412121161690112,0.445861,2262.2335561998975,2.7599359409849016,6.319819E-5,19.888044,0.032476377,0.28388038,0.011699939,0.08554147,0.0156168835,0.42836073,0.05121509,0.78699803,0.008163162,0.07277009,0.015950115,0.46677858,0.068579346,null,null,null,null,"TWOGAUSSIANS",8,7.071849,0.78699803,0.008163162,0.4,0.04547582,0.4610891,0.073916115,0.28388038,0.011699939,0.4,0.0,0.42267123,0.050966103
375316653866487564,6029412155465657984,0.46737963,2241.820843445924,2.311125180698451,4.2775206E-5,19.270967,0.10124549,0.25191578,0.008585505,0.11573818,0.032140348,0.36161995,0.091309205,0.74492395,0.00929911,0.10576107,0.026828669,0.4435198,0.08749693,null,null,null,null,"TWOGAUSSIANS",8,7.3906503,0.74492395,0.00929911,0.4,0.0,0.3857206,0.036923327,0.2519258,0.008590992,0.4,0.0,0.30376765,0.036788963
375316653866487564,6029412155521172480,0.4481803,2275.488989993641,1.8793940990961155,2.856731E-5,17.917597,0.511905,0.2243386,0.014750189,0.17428435,0.094282,0.21811284,0.4783233,0.7096996,0.011119317,0.15310024,0.075118996,0.2610417,0.43280134,null,null,null,null,"TWOGAUSSIANS",8,6.733339,0.7096996,0.011119317,0.4,0.0,0.131785,0.010942385,0.22684862,0.009944251,0.4,0.0,0.084207036,0.012056116
375316653866487564,6029412430343020288,0.4809507,2218.465853225308,2.665536212101645,5.7734458E-5,19.063528,0.30263487,0.2768747,0.008292976,0.13425481,0.054707065,0.29115105,0.28701487,0.7729065,0.0061593093,0.13572522,0.04876051,0.3188017,0.2918509,null,null,null,null,"TWOGAUSSIANS",8,2.500694,0.7729065,0.0061593093,0.4,0.0,0.21267258,0.014149859,0.27699468,0.008227272,0.4,0.0,0.18517655,0.014859151
375316653866487564,6029412464710404096,0.46388066,2287.2258437697933,2.510129244451858,4.064074E-5,18.409357,0.0024428642,0.26358154,0.0072859023,0.020416914,0.02673054,0.017477572,8.593886E15,null,null,null,null,null,null,0.044969864,0.0031200252,0.26358154,0.0072859023,"ONEGAUSSIAN_WITH_ELLIPSOIDAL",6,3.0862622,0.26358154,0.0072859023,0.11433471,0.14969103,0.107417285,8.593886E15,null,null,null,null,null,null
375316653866487564,6029412533478311296,0.4583574,2247.4609994843877,3.1679271546946874,1.2294475E-4,19.221127,0.038355272,0.25199378,0.011429478,0.12675594,0.026945926,0.27371302,0.03430604,0.7381777,0.01903928,0.07217834,0.021241028,0.14251402,0.051142402,null,null,null,null,"TWOGAUSSIANS",8,8.27162,0.25199378,0.011429478,0.4,0.0,0.2589129,0.022539437,0.7381777,0.01904725,0.4,0.09532157,0.12796274,0.043028664
375316653866487564,6029412602142672768,0.44431525,2303.390692462604,2.199979218131774,6.356185E-5,18.756985,0.16135968,0.2633792,0.0076675387,0.11603358,0.038657323,0.3032783,0.15644312,0.76199824,0.008042491,0.11373439,0.03878635,0.2872654,0.15639734,null,null,null,null,"TWOGAUSSIANS",8,12.714071,0.2633792,0.0077294908,0.4,0.0,0.24871469,0.030649465,0.76199824,0.008061398,0.4,0.0,0.2327216,0.021448508
375316653866487564,6029413254978274432,0.5401537,2284.650029922694,3.817427775260325,1.7676388E-5,19.734728,0.013323908,0.24354602,0.0040253364,0.06491898,0.0052530686,0.57838756,0.04638849,0.7448631,0.003925054,0.06698021,0.0050290404,0.6205132,0.039874963,null,null,null,null,"TWOGAUSSIANS",8,3.4090676,0.7448631,0.003925054,0.3750892,0.028162627,0.6196383,0.040078472,0.24354602,0.0040253364,0.3635463,0.029417185,0.5775127,0.046611942
