Gaia/vari_eclipsing_binary/VariEclipsingBinary_686781-686933.csv
# %ECSV 1.0
# ---
# delimiter: ','
# meta: !!omap
# - RELEASE: Gaia DR3
# - TABLE: vari_eclipsing_binary
# - DESCRIPTION: >
#     This table describes the properties of the eclipsing binaries resulting from the variability analysis. 
# - CITATION: >
#     How to cite and acknowledge Gaia: 
#     https://gea.esac.esa.int/archive/documentation/credits.html 
# - KNOWN_ISSUES: >
#     Known issues: 
#     https://www.cosmos.esa.int/web/gaia-users/known-issues 
# - DOCUMENTATION: >
#     Tutorials and documentation: 
#     https://www.cosmos.esa.int/web/gaia-users/archive 
# datatype:
# - 
#   name: solution_id
#   datatype: int64
#   description: Solution Identifier
#   meta:
#     ucd: meta.version
# - 
#   name: source_id
#   datatype: int64
#   description: Unique source identifier
#   meta:
#     ucd: meta.id;meta.main
# - 
#   name: global_ranking
#   datatype: float32
#   description: Number between 0 (worst) and 1 (best)
#   meta:
#     ucd: stat.param
# - 
#   name: reference_time
#   datatype: float64
#   unit: d
#   description: Reference time used for the geometric model fit
#   meta:
#     ucd: time.epoch
# - 
#   name: frequency
#   datatype: float64
#   unit: d**-1
#   description: Frequency of geometric model of the eclipsing binary light curve
#   meta:
#     ucd: src.orbital
# - 
#   name: frequency_error
#   datatype: float32
#   unit: d**-1
#   description: "Uncertainty of \\texttt{frequency}"
#   meta:
#     ucd: stat.error
# - 
#   name: geom_model_reference_level
#   datatype: float32
#   unit: mag
#   description: Magnitude reference level of geometric model
#   meta:
#     ucd: phot.mag;em.opt
# - 
#   name: geom_model_reference_level_error
#   datatype: float32
#   unit: mag
#   description: "Uncertainty of \\texttt{geomModelReferenceLevel}"
#   meta:
#     ucd: stat.error;phot.mag;em.opt
# - 
#   name: geom_model_gaussian1_phase
#   datatype: float32
#   description: Phase of the Gaussian 1 component
#   meta:
#     ucd: time.phase
# - 
#   name: geom_model_gaussian1_phase_error
#   datatype: float32
#   description: "Uncertainty of \\texttt{geomModelGaussian1Phase}"
#   meta:
#     ucd: stat.error;time.phase
# - 
#   name: geom_model_gaussian1_sigma
#   datatype: float32
#   description: "Standard deviation [phase] of Gaussian 1 component"
#   meta:
#     ucd: stat.stdev
# - 
#   name: geom_model_gaussian1_sigma_error
#   datatype: float32
#   description: "Uncertainty of \\texttt{geomModelGaussian1Sigma}"
#   meta:
#     ucd: stat.error
# - 
#   name: geom_model_gaussian1_depth
#   datatype: float32
#   unit: mag
#   description: Magnitude depth of Gaussian 1 component
#   meta:
#     ucd: src.var.amplitude
# - 
#   name: geom_model_gaussian1_depth_error
#   datatype: float32
#   unit: mag
#   description: "Uncertainty of \\texttt{geomModelGaussian1Depth}"
#   meta:
#     ucd: stat.error;src.var.amplitude
# - 
#   name: geom_model_gaussian2_phase
#   datatype: float32
#   description: Phase of Gaussian 2 component
#   meta:
#     ucd: time.phase
# - 
#   name: geom_model_gaussian2_phase_error
#   datatype: float32
#   description: "Uncertainty of \\texttt{geomModelGaussian2Phase}"
#   meta:
#     ucd: stat.error;time.phase
# - 
#   name: geom_model_gaussian2_sigma
#   datatype: float32
[...]
#   datatype: float32
#   description: "Secondary eclipse: uncertainty of \\texttt{derivedSecondaryEclDuration}"
#   meta:
#     ucd: stat.error;time.duration
# - 
#   name: derived_secondary_ecl_depth
#   datatype: float32
#   unit: mag
#   description: "Secondary eclipse: depth"
#   meta:
#     ucd: src.var.amplitude
# - 
#   name: derived_secondary_ecl_depth_error
#   datatype: float32
#   unit: mag
#   description: "Secondary eclipse: uncertainty of \\texttt{derivedSecondaryEclDepth}"
#   meta:
#     ucd: stat.error;src.var.amplitude
solution_id,source_id,global_ranking,reference_time,frequency,frequency_error,geom_model_reference_level,geom_model_reference_level_error,geom_model_gaussian1_phase,geom_model_gaussian1_phase_error,geom_model_gaussian1_sigma,geom_model_gaussian1_sigma_error,geom_model_gaussian1_depth,geom_model_gaussian1_depth_error,geom_model_gaussian2_phase,geom_model_gaussian2_phase_error,geom_model_gaussian2_sigma,geom_model_gaussian2_sigma_error,geom_model_gaussian2_depth,geom_model_gaussian2_depth_error,geom_model_cosine_half_period_amplitude,geom_model_cosine_half_period_amplitude_error,geom_model_cosine_half_period_phase,geom_model_cosine_half_period_phase_error,model_type,num_model_parameters,reduced_chi2,derived_primary_ecl_phase,derived_primary_ecl_phase_error,derived_primary_ecl_duration,derived_primary_ecl_duration_error,derived_primary_ecl_depth,derived_primary_ecl_depth_error,derived_secondary_ecl_phase,derived_secondary_ecl_phase_error,derived_secondary_ecl_duration,derived_secondary_ecl_duration_error,derived_secondary_ecl_depth,derived_secondary_ecl_depth_error
[from data line 181]
375316653866487564,6041623915685941120,0.5617968,2050.4219609401475,3.9179233793554684,2.3047249E-5,17.354404,0.0058153383,0.28397682,0.002243964,0.03281677,0.007014849,0.05888414,0.020082539,0.78481054,0.011295006,0.03142188,0.018288756,0.1328603,0.04783201,0.11197241,0.009576876,0.28397682,0.002243964,"TWOGAUSSIANS_WITH_ELLIPSOIDAL_ON_ECLIPSE1",9,10.803582,0.78481054,0.008761536,0.17596254,0.10241704,0.35679895,0.05702118,0.28397682,0.002243964,0.18377392,0.039283156,0.28282893,0.014203673
375316653866487564,6041625290075458176,0.58113766,2069.477853540658,4.161687828222943,1.5414198E-5,15.986527,0.012715355,0.22433312,0.0028974894,0.107153684,0.007882953,0.17238902,0.0120550515,0.72450715,0.0027439129,0.11106021,0.009346556,0.1448436,0.012378143,null,null,null,null,"TWOGAUSSIANS",8,6.6274467,0.22433312,0.0028974894,0.4,0.0,0.14961922,0.0029621276,0.72450715,0.0027439129,0.4,0.0,0.12206874,0.0025324405
375316653866487564,6041628519879510272,0.5929398,2039.525434281704,1.5937773621892315,8.996959E-6,18.189537,0.010994725,0.23357739,0.002631285,0.040099874,0.0040641897,0.364257,0.04584804,0.7288401,0.0023127194,0.038961608,0.002558712,0.9110053,0.05173095,0.05932177,0.021982519,0.23357739,0.002631285,"TWOGAUSSIANS_WITH_ELLIPSOIDAL_ON_ECLIPSE1",9,13.824949,0.7289101,0.0022675295,0.21818501,0.014328786,1.0295453,0.05070156,0.23357739,0.002631285,0.22455929,0.022759462,0.4829005,0.04191725
375316653866487564,6041632711779090432,0.589748,2061.2510296668233,2.363960390585306,2.8582378E-6,14.836936,0.023004426,0.29074362,0.0019760015,0.13635536,0.012240003,0.21126033,0.020414136,0.7684248,0.0012352092,0.10844275,0.0061780456,0.24446893,0.021061907,null,null,null,null,"TWOGAUSSIANS",8,14.051544,0.7684248,0.0012352092,0.4,0.0,0.19930774,0.0037797864,0.2907836,0.0019532412,0.4,0.0,0.16552182,0.0062842364
375316653866487564,6041647589545960832,0.58348215,2025.9640993441715,2.731517197896298,5.7441953E-6,16.370293,0.009704587,0.26651478,0.0019163865,0.050924983,0.006098787,0.13738051,0.02114025,0.7685884,0.0028180704,0.05852328,0.0061701355,0.17936188,0.022025183,0.08252419,0.013144907,0.26651478,0.0019163865,"TWOGAUSSIANS_WITH_ELLIPSOIDAL_ON_ECLIPSE1",9,17.915073,0.7685884,0.00280025,0.32773036,0.034552757,0.34436464,0.01817169,0.26651478,0.0019163865,0.28517988,0.034153204,0.3024113,0.0069903703
375316653866487564,6041653804349017088,0.47427604,2041.5887950221663,3.6872226453947063,1.7221602E-5,19.677885,0.013698533,0.2704258,0.006821904,0.07752022,0.008788361,0.3685919,0.02607288,0.76319695,0.00480165,0.08318273,0.0059786974,0.2992626,0.016479021,null,null,null,null,"TWOGAUSSIANS",8,2.3517764,0.2704258,0.006821904,0.4,0.0,0.36405542,0.026827242,0.76319695,0.00480165,0.4,0.0,0.2947261,0.014558589
375316653866487564,6041653907428316544,0.5290086,2054.493304437006,3.421120942650453,1.684131E-5,18.62369,0.00817965,0.14600782,0.005954303,0.087206475,0.009584098,0.27054554,0.0118537545,0.6414362,0.003593111,0.08459911,0.0049682637,0.24747473,0.010690649,null,null,null,null,"TWOGAUSSIANS",8,2.7354093,0.14600782,0.005954303,0.4,0.0,0.26360828,0.013299272,0.6414362,0.003593111,0.4,0.0,0.2405375,0.009315076
375316653866487564,6041655526645985664,0.6159305,2066.558428320361,1.9453050288667024,3.2974528E-6,16.05578,0.009666551,0.25449938,0.0010289076,0.06600791,0.0027498726,0.33911288,0.020177385,0.76056504,0.0010868899,0.05982537,0.003352889,0.24368265,0.019392803,0.06252348,0.011641366,0.25449938,0.0010289076,"TWOGAUSSIANS_WITH_ELLIPSOIDAL_ON_ECLIPSE1",9,18.996834,0.25449938,0.0010289076,0.36964428,0.015399287,0.46388164,0.01037122,0.76056504,0.0010868899,0.33502206,0.018776178,0.36826986,0.0073313136
375316653866487564,6041657416431616256,0.54411525,2045.8758181074345,0.8692161996091549,6.047972E-6,16.773325,0.0037652024,0.40902123,0.046191998,0.08595774,0.033908524,0.017733939,0.005615405,0.8511633,0.0010311906,0.027195238,0.0015295744,0.5815876,0.06295244,null,null,null,null,"TWOGAUSSIANS",8,27.608051,0.8511633,0.0010311906,0.15229334,0.008565617,0.5815873,0.06295263,0.40902123,0.046191998,0.4,0.023912882,0.01773359,0.005615085
375316653866487564,6041658275425219968,0.60603416,2048.862227839757,3.125795080588141,4.4023614E-6,17.652313,0.017720275,0.2547423,0.0013262221,0.05724604,0.0062132827,0.37036046,0.03127416,0.75286704,0.0020101885,0.044539403,0.0032210436,0.43128067,0.047693778,0.10758186,0.022241678,0.2547423,0.0013262221,"TWOGAUSSIANS_WITH_ELLIPSOIDAL_ON_ECLIPSE1",9,10.0993595,0.75300705,0.0018505172,0.24942067,0.018037844,0.6463889,0.03024613,0.2547423,0.0013262221,0.32057783,0.034794383,0.5854964,0.027705137
375316653866487564,6041658515934662016,0.5211169,2031.451980171806,3.7321023203893735,1.2403165E-5,19.753069,0.010168277,0.2637865,0.002279811,0.06491428,0.0026135826,0.5215679,0.015246952,0.7666913,0.00449178,0.06889511,0.0049971803,0.4541597,0.031435862,null,null,null,null,"TWOGAUSSIANS",8,2.0514343,0.2637865,0.002279811,0.36351997,0.014636062,0.5207365,0.015116337,0.7666913,0.00449178,0.3858126,0.02798421,0.45332837,0.031567138
375316653866487564,6041659271857658624,0.47030342,2030.6370664139724,1.6631747428706574,3.057798E-5,17.409323,0.004112667,0.27011538,0.0098333815,0.02099873,0.01391164,0.025398476,0.010534623,0.7734314,0.0039019897,0.03474307,0.0049039805,0.12432828,0.015132869,0.021737276,0.0059156315,0.27011538,0.0098333815,"TWOGAUSSIANS_WITH_ELLIPSOIDAL_ON_ECLIPSE1",9,9.343475,0.7734314,0.0038997934,0.1945612,0.02746229,0.16778395,0.013689712,0.27011538,0.0098333815,0.117592886,0.077905186,0.06887301,0.008437557
375316653866487564,6041662192435661440,0.45754263,2034.7261859530329,0.46908453490386065,1.884696E-5,13.082279,0.010699943,0.73850256,0.0036471214,0.033827607,0.003660855,0.61331517,0.12893942,null,null,null,null,null,null,null,null,null,null,"ONEGAUSSIAN",5,5306.5415,0.73850256,0.0036471214,0.18943459,0.020500788,0.61331517,0.0,null,null,null,null,null,null
375316653866487564,6041665525322502272,0.5211743,2026.3327761970174,3.7300745513873967,9.680361E-6,19.734509,0.011960656,0.23366693,0.0044333753,0.07845878,0.0049063778,0.43642667,0.028495703,0.73136824,0.0031441753,0.08361691,0.004393286,0.5289068,0.023541601,null,null,null,null,"TWOGAUSSIANS",8,1.8917615,0.73136824,0.0031441753,0.4,0.0,0.5209988,0.023701081,0.23366693,0.0044333753,0.4,0.0,0.42851865,0.02896178
375316653866487564,6041674665022430720,0.60831225,2035.0260566324391,2.669941622555431,1.0256689E-5,18.309696,0.008395291,0.26368862,0.00224527,0.081466176,0.0030188772,0.39104185,0.014204672,0.762271,0.0024756049,0.08087312,0.0025752236,0.41146877,0.0107628,null,null,null,null,"TWOGAUSSIANS",8,2.7226524,0.762271,0.0024756049,0.4,0.0,0.40466663,0.009429399,0.26368862,0.00224527,0.4,0.0,0.3842397,0.014201607
375316653866487564,6041675146056727424,0.62522936,2032.7793192441382,2.6086385342776652,4.0010177E-6,15.815308,0.008477851,0.26634467,8.920786E-4,0.0546301,0.0033795133,0.228921,0.01727771,0.76679504,0.0012021414,0.052362554,0.0033194697,0.21825671,0.019679502,0.102969505,0.010632625,0.26634467,8.920786E-4,"TWOGAUSSIANS_WITH_ELLIPSOIDAL_ON_ECLIPSE1",9,23.543915,0.26634467,8.920786E-4,0.30592856,0.018925274,0.434851,0.0070043015,0.76679504,0.0011743411,0.2932303,0.018589031,0.42418507,0.011793942
375316653866487564,6041684869863761024,0.54755545,2037.6974704756185,1.7604702618859216,8.814508E-6,19.641586,0.006358291,0.27358738,4.7204562E-4,0.027007708,5.7531823E-4,0.80896515,0.0136631,0.773692,0.01134151,0.035408683,0.010258646,0.45829326,0.1223783,null,null,null,null,"TWOGAUSSIANS",8,1.8589641,0.27358738,4.7204562E-4,0.15124317,0.003221782,0.80896515,0.0136631,0.773692,0.01134151,0.19828863,0.057448413,0.45829326,0.1223783
375316653866487564,6041688030959209344,0.65769464,2030.5168697957959,0.5712192606126633,1.7092909E-5,13.116731,0.006771269,0.286054,0.001265115,0.05127404,0.0016714078,0.5383347,0.019539477,0.788284,0.001647725,0.063058324,0.0042984,0.10327605,0.015353301,0.020614624,0.008598339,0.286054,0.001265115,"TWOGAUSSIANS_WITH_ELLIPSOIDAL_ON_ECLIPSE1",9,121.01334,0.286054,0.001265115,0.28713462,0.009359884,0.5795261,0.015428573,0.788284,0.001647725,0.35312662,0.02407104,0.14445935,0.0033722888
375316653866487564,6041689469759032320,0.5516201,2042.4626508684355,4.250683652167108,6.5612776E-6,18.987932,0.0068389135,0.26031786,0.0040337355,0.06759501,0.0040152543,0.41637453,0.010154672,0.76646334,0.0035934977,0.06625839,0.0034102455,0.45526758,0.014978483,null,null,null,null,"TWOGAUSSIANS",8,2.8231578,0.76646334,0.0035934977,0.37104702,0.019097375,0.4545839,0.014925479,0.26031786,0.0040337355,0.37853205,0.022485424,0.4156909,0.010011391
375316653866487564,6041691325185133184,0.5400615,2028.2453727518723,3.898724709489469,9.951574E-6,19.198694,0.010086182,0.2584934,0.0052498323,0.04732043,0.008833377,0.25696373,0.035015527,0.7576723,0.0070821317,0.053439487,0.005106867,0.26245508,0.032561805,0.11047578,0.011141968,0.2584934,0.0052498323,"TWOGAUSSIANS_WITH_ELLIPSOIDAL_ON_ECLIPSE1",9,2.74927,0.7578023,0.006068852,0.29926112,0.028598454,0.48339647,0.024495626,0.2584934,0.0052498323,0.26499438,0.04946691,0.47791007,0.035160046
375316653866487564,6041694662388750080,0.5349719,2015.3805119602048,4.236854718544454,9.423878E-6,17.258871,1.3570509,0.22877745,0.0069992025,0.12488641,0.12173485,0.19166666,1.0852052,0.7379006,0.0073509193,0.13523132,0.18782774,0.22460403,1.2958446,null,null,null,null,"TWOGAUSSIANS",8,4.5012555,0.7379906,0.0048839096,0.4,0.0,0.16349502,0.0067309034,0.22851746,0.0021966172,0.4,0.0,0.1309231,0.0059780106
375316653866487564,6041694864238494080,0.46347055,2021.1110684254907,3.2206578769256162,3.4183056E-5,19.807667,0.02239259,0.18241724,0.0082315365,0.09773317,0.014385058,0.26387718,0.025038868,0.6815166,0.0047017387,0.085876256,0.010435179,0.3293924,0.038215026,null,null,null,null,"TWOGAUSSIANS",8,1.8787161,0.6815166,0.0047017387,0.4,0.0,0.31528556,0.039844528,0.18241724,0.0082315365,0.4,0.0,0.24976926,0.024087023
375316653866487564,6041700056867726080,0.5000961,2010.8011012070895,3.362296150498255,2.3490435E-5,18.133566,0.030972058,0.33679375,0.0056188507,0.12526412,0.01739245,0.22803985,0.028554343,0.800641,0.0037524486,0.10750414,0.012432487,0.20915587,0.028467055,null,null,null,null,"TWOGAUSSIANS",8,5.3870883,0.33684376,0.0056071337,0.4,0.0,0.19727716,0.010524682,0.800641,0.0037524486,0.4,0.0,0.17863752,0.009248485
375316653866487564,6041700877193069184,0.5018774,2007.9278085476542,1.8432779275099183,2.2881539E-5,18.719751,0.004233142,0.22126827,0.0026532784,0.050986834,0.0035155825,0.24804094,0.0111163175,0.7242966,0.005755771,0.05257335,0.007085032,0.110257685,0.013995863,null,null,null,null,"TWOGAUSSIANS",8,2.389156,0.22126827,0.0026532784,0.28552628,0.019687261,0.24803849,0.011116942,0.7242966,0.005755771,0.29441077,0.03967618,0.11025522,0.013998074
375316653866487564,6041702324610746240,0.57082057,2041.0436912596283,2.2379315400022284,6.167371E-6,17.992186,0.002639299,0.26318213,0.0016658402,0.063291304,0.0027056679,0.3301067,0.011147887,0.7632198,0.0019969183,0.07441787,0.003250393,0.16467905,0.006335281,null,null,null,null,"TWOGAUSSIANS",8,2.3923986,0.26318213,0.0016658402,0.3544313,0.01515174,0.32949188,0.0112551395,0.7632198,0.0019969183,0.4,0.0,0.16406421,0.006406481
375316653866487564,6041703832130213632,0.5530972,2013.8885699725224,2.404655636857981,1.2706809E-5,18.513813,0.0029133216,0.25768074,0.002493311,0.021670332,0.0025938172,0.4504927,0.025146881,0.75631505,0.007821094,0.01957848,0.0030414644,0.5525388,0.16057235,null,null,null,null,"TWOGAUSSIANS",8,3.1445975,0.75631505,0.007821094,0.10963949,0.0170322,0.5525388,0.16057235,0.25768074,0.002493311,0.121353865,0.014525377,0.4504927,0.025146881
375316653866487564,6041704347526249728,0.4710477,2026.0785212104995,4.970776919612628,5.835584E-6,19.400415,0.0051414464,0.2138855,4.346085E-6,0.0015065427,3.6233418E-5,0.42479753,0.0024896243,0.57262564,0.016437309,0.03377951,0.025040857,0.03600932,0.030873131,null,null,null,null,"TWOGAUSSIANS",8,1.9949392,0.2138855,4.346085E-6,0.008436639,2.0290713E-4,0.42479753,0.0024896243,0.57262564,0.016437309,0.18916525,0.14022881,0.03600932,0.030873131
375316653866487564,6041705623145683968,0.41119102,2020.1354757867753,0.7453316715448646,3.5617275E-5,17.592676,0.0042647496,null,null,null,null,null,null,null,null,null,null,null,null,0.049158648,0.0057566864,0.27456316,0.009903049,"ELLIPSOIDAL",4,35.99831,null,null,null,null,null,null,null,null,null,null,null,null
375316653866487564,6041706688297572224,0.61491185,2030.2767086442946,2.777992325723736,8.962392E-6,18.00381,0.004169407,0.2792748,0.001217841,0.08050637,0.001873388,0.4277601,0.0049644806,0.7809341,0.0022865424,0.08085155,0.0026482055,0.43021342,0.010138348,null,null,null,null,"TWOGAUSSIANS",8,3.4616504,0.7809341,0.0022865424,0.4,0.0,0.42338097,0.010429829,0.2792748,0.001217841,0.4,0.0,0.42092767,0.004795123
375316653866487564,6041706860096260096,0.5566051,2049.018316174486,4.729483572846042,5.753934E-6,19.13203,0.010293692,0.24639304,0.0013983265,0.038905628,0.003062565,0.28776097,0.0257636,0.74394983,0.0013232885,0.04666866,0.002663951,0.38999245,0.022661826,0.1626911,0.014222764,0.24639304,0.0013983265,"TWOGAUSSIANS_WITH_ELLIPSOIDAL_ON_ECLIPSE1",9,2.744019,0.74425983,0.001095313,0.2613445,0.014918125,0.7153072,0.015046011,0.24639304,0.0013983265,0.2178715,0.017150365,0.6131427,0.01582464
375316653866487564,6041708406284517504,0.6693118,2051.0690187814816,3.067486991084271,2.5904608E-6,13.640973,0.0063488795,0.2666371,8.3205575E-4,0.045472216,0.0016890519,0.39887995,0.01496626,0.7653037,0.0014950068,0.05073272,0.0017867824,0.46772566,0.014742415,0.11928984,0.008315107,0.2666371,8.3205575E-4,"TWOGAUSSIANS_WITH_ELLIPSOIDAL_ON_ECLIPSE1",9,149.55511,0.76543367,0.0013273164,0.28410324,0.010005982,0.70628715,0.0053700013,0.2666371,8.3205575E-4,0.25464442,0.00945869,0.6374566,0.006580662
375316653866487564,6041716343383870720,0.5084167,2024.5791654500945,0.1210306435564134,8.0752216E-5,16.846937,0.001635478,0.19657537,0.011972709,0.09213036,0.00684061,0.035835773,0.0040405383,0.7761594,0.004056354,0.015921185,0.0031626928,0.21816957,0.096010044,null,null,null,null,"TWOGAUSSIANS",8,4.628746,0.7761594,0.004056354,0.08915863,0.01771108,0.2181706,0.0960098,0.19657537,0.011972709,0.4,0.0,0.035835728,0.0040405225
375316653866487564,6041731938395181440,0.588425,2106.0474763477546,0.9223302116867339,2.477596E-4,16.608997,0.0046686456,0.66780996,0.0058052447,0.049223907,0.004252146,1.0444243,0.08959688,null,null,null,null,null,null,null,null,null,null,"ONEGAUSSIAN",5,57.473484,0.66780996,0.0058052447,0.27565387,0.023812018,1.0444243,0.0,null,null,null,null,null,null
375316653866487564,6041734347878079360,0.4340767,2194.403879620101,2.2538577976316874,2.2923494E-5,17.474148,0.0038431333,0.24286982,0.049778342,0.016675306,0.0031275477,0.058534913,0.03022315,0.63514805,0.009513808,0.04185105,0.010654469,0.12447183,0.016622733,null,null,null,null,"TWOGAUSSIANS",8,6.8940477,0.63514805,0.009513808,0.2343659,0.059665024,0.12447183,0.016622733,0.24286982,0.049778342,0.09338172,0.017514268,0.058534913,0.03022315
375316653866487564,6041740017234913280,0.47110608,2136.626873547471,3.0402602622104085,2.1936983E-5,17.68716,0.1855061,0.2276937,0.00986393,0.14492574,0.050127,0.26825288,0.18020457,0.70529175,0.010171268,0.13583814,0.050735004,0.20685257,0.1749966,null,null,null,null,"TWOGAUSSIANS",8,12.446679,0.22829372,0.008083166,0.4,0.0,0.18522388,0.017593557,0.70529175,0.010171268,0.4,0.0,0.12484673,0.014050212
