Gaia/vari_eclipsing_binary/VariEclipsingBinary_685889-685906.csv
# %ECSV 1.0
# ---
# delimiter: ','
# meta: !!omap
# - RELEASE: Gaia DR3
# - TABLE: vari_eclipsing_binary
# - DESCRIPTION: >
#     This table describes the properties of the eclipsing binaries resulting from the variability analysis. 
# - CITATION: >
#     How to cite and acknowledge Gaia: 
#     https://gea.esac.esa.int/archive/documentation/credits.html 
# - KNOWN_ISSUES: >
#     Known issues: 
#     https://www.cosmos.esa.int/web/gaia-users/known-issues 
# - DOCUMENTATION: >
#     Tutorials and documentation: 
#     https://www.cosmos.esa.int/web/gaia-users/archive 
# datatype:
# - 
#   name: solution_id
#   datatype: int64
#   description: Solution Identifier
#   meta:
#     ucd: meta.version
# - 
#   name: source_id
#   datatype: int64
#   description: Unique source identifier
#   meta:
#     ucd: meta.id;meta.main
# - 
#   name: global_ranking
#   datatype: float32
#   description: Number between 0 (worst) and 1 (best)
#   meta:
#     ucd: stat.param
# - 
#   name: reference_time
#   datatype: float64
#   unit: d
#   description: Reference time used for the geometric model fit
#   meta:
#     ucd: time.epoch
# - 
#   name: frequency
#   datatype: float64
#   unit: d**-1
#   description: Frequency of geometric model of the eclipsing binary light curve
#   meta:
#     ucd: src.orbital
# - 
#   name: frequency_error
#   datatype: float32
#   unit: d**-1
#   description: "Uncertainty of \\texttt{frequency}"
#   meta:
#     ucd: stat.error
# - 
#   name: geom_model_reference_level
#   datatype: float32
#   unit: mag
#   description: Magnitude reference level of geometric model
#   meta:
#     ucd: phot.mag;em.opt
# - 
#   name: geom_model_reference_level_error
#   datatype: float32
#   unit: mag
#   description: "Uncertainty of \\texttt{geomModelReferenceLevel}"
#   meta:
#     ucd: stat.error;phot.mag;em.opt
# - 
#   name: geom_model_gaussian1_phase
#   datatype: float32
#   description: Phase of the Gaussian 1 component
#   meta:
#     ucd: time.phase
# - 
#   name: geom_model_gaussian1_phase_error
#   datatype: float32
#   description: "Uncertainty of \\texttt{geomModelGaussian1Phase}"
#   meta:
#     ucd: stat.error;time.phase
# - 
#   name: geom_model_gaussian1_sigma
#   datatype: float32
#   description: "Standard deviation [phase] of Gaussian 1 component"
#   meta:
#     ucd: stat.stdev
# - 
#   name: geom_model_gaussian1_sigma_error
#   datatype: float32
#   description: "Uncertainty of \\texttt{geomModelGaussian1Sigma}"
#   meta:
#     ucd: stat.error
# - 
#   name: geom_model_gaussian1_depth
#   datatype: float32
#   unit: mag
#   description: Magnitude depth of Gaussian 1 component
#   meta:
#     ucd: src.var.amplitude
# - 
#   name: geom_model_gaussian1_depth_error
#   datatype: float32
#   unit: mag
#   description: "Uncertainty of \\texttt{geomModelGaussian1Depth}"
#   meta:
#     ucd: stat.error;src.var.amplitude
# - 
#   name: geom_model_gaussian2_phase
#   datatype: float32
#   description: Phase of Gaussian 2 component
#   meta:
#     ucd: time.phase
# - 
#   name: geom_model_gaussian2_phase_error
#   datatype: float32
#   description: "Uncertainty of \\texttt{geomModelGaussian2Phase}"
#   meta:
#     ucd: stat.error;time.phase
# - 
#   name: geom_model_gaussian2_sigma
#   datatype: float32
[...]
#   datatype: float32
#   description: "Secondary eclipse: uncertainty of \\texttt{derivedSecondaryEclDuration}"
#   meta:
#     ucd: stat.error;time.duration
# - 
#   name: derived_secondary_ecl_depth
#   datatype: float32
#   unit: mag
#   description: "Secondary eclipse: depth"
#   meta:
#     ucd: src.var.amplitude
# - 
#   name: derived_secondary_ecl_depth_error
#   datatype: float32
#   unit: mag
#   description: "Secondary eclipse: uncertainty of \\texttt{derivedSecondaryEclDepth}"
#   meta:
#     ucd: stat.error;src.var.amplitude
solution_id,source_id,global_ranking,reference_time,frequency,frequency_error,geom_model_reference_level,geom_model_reference_level_error,geom_model_gaussian1_phase,geom_model_gaussian1_phase_error,geom_model_gaussian1_sigma,geom_model_gaussian1_sigma_error,geom_model_gaussian1_depth,geom_model_gaussian1_depth_error,geom_model_gaussian2_phase,geom_model_gaussian2_phase_error,geom_model_gaussian2_sigma,geom_model_gaussian2_sigma_error,geom_model_gaussian2_depth,geom_model_gaussian2_depth_error,geom_model_cosine_half_period_amplitude,geom_model_cosine_half_period_amplitude_error,geom_model_cosine_half_period_phase,geom_model_cosine_half_period_phase_error,model_type,num_model_parameters,reduced_chi2,derived_primary_ecl_phase,derived_primary_ecl_phase_error,derived_primary_ecl_duration,derived_primary_ecl_duration_error,derived_primary_ecl_depth,derived_primary_ecl_depth_error,derived_secondary_ecl_phase,derived_secondary_ecl_phase_error,derived_secondary_ecl_duration,derived_secondary_ecl_duration_error,derived_secondary_ecl_depth,derived_secondary_ecl_depth_error
[from data line 74]
375316653866487564,6033173717844857856,0.5741163,2257.8167630610005,3.4263537447837007,1.04482915E-5,18.652048,0.006487938,0.2536562,0.0022859962,0.08038917,0.002927818,0.3888849,0.01189986,0.7448083,0.0028201002,0.08154249,0.0027828834,0.4548219,0.009139826,null,null,null,null,"TWOGAUSSIANS",8,2.7872903,0.7448083,0.0028201002,0.4,0.0,0.44878572,0.008592585,0.2536562,0.0022859962,0.4,0.0,0.3828487,0.011932095
375316653866487564,6033173790869708160,0.50529176,2252.018329336944,2.7624914870869404,1.6549751E-5,19.108843,0.010073649,0.25413057,0.0063061616,0.06800373,0.006980487,0.31975874,0.017367445,0.76623166,0.0025647818,0.07918623,0.0033346266,0.32688782,0.016016291,null,null,null,null,"TWOGAUSSIANS",8,3.4368825,0.76623166,0.0025647818,0.4,0.0,0.3253701,0.015600601,0.25413057,0.0063061616,0.38082087,0.03649569,0.318241,0.017353306
375316653866487564,6033173889663739520,0.63612056,2257.795219204744,0.47609714611117676,8.455886E-6,15.207731,0.0014331202,0.2142171,0.0016435828,0.06592542,0.002564973,0.12302286,0.002164226,0.7146254,9.921629E-4,0.056842923,8.480556E-4,0.3363698,0.005097651,null,null,null,null,"TWOGAUSSIANS",8,14.01082,0.7146254,9.921629E-4,0.31832036,0.0047491114,0.33627433,0.0050977906,0.2142171,0.0016435828,0.36918235,0.014363849,0.12292739,0.002168337
375316653866487564,6033173924023504896,0.5675074,2249.7434183341124,0.8570193724343932,8.22412E-6,17.9735,0.0023353503,0.22676894,0.0011099033,0.028459096,0.0018127398,0.3763277,0.020458438,0.81490487,0.027868314,0.026807865,0.024130523,0.018179985,0.017256783,null,null,null,null,"TWOGAUSSIANS",8,3.009,0.22676894,0.0011099033,0.15937094,0.0101513425,0.3763277,0.020458438,0.81490487,0.027868314,0.15012404,0.13513094,0.018179985,0.017256783
375316653866487564,6033174065747784832,0.48271444,2240.6727471448435,0.039798872451756416,5.327982E-5,19.655487,0.013143659,0.19423309,0.011187858,0.012997085,0.0061144335,0.22227792,0.27139443,0.67081857,0.01670311,0.13677691,0.015258182,0.46513206,0.03729286,null,null,null,null,"TWOGAUSSIANS",8,2.8953884,0.67081857,0.01670311,0.4,0.0,0.46356708,0.038216904,0.19424309,0.011186917,0.07278368,0.034240827,0.22209485,0.27130294
375316653866487564,6033174645557716224,0.4474407,2210.902821760548,0.8590117567763218,3.500331E-5,19.034075,0.0053560077,0.35410976,0.0059411516,0.030250236,0.0043072905,0.27728218,0.034531936,0.8782691,0.0055129644,0.012949975,0.008789989,0.1315815,0.047363054,null,null,null,null,"TWOGAUSSIANS",8,4.633321,0.35410976,0.0059411516,0.16940133,0.024120826,0.27728218,0.034531936,0.8782691,0.0055129644,0.07251986,0.049223937,0.1315815,0.047363054
375316653866487564,6033174886076521344,0.5594642,2219.9965946524303,1.6646426067883329,1.6300864E-5,17.298704,0.0020234743,0.20402497,0.004028924,0.07228473,0.0046746647,0.09888215,0.008028421,0.7062348,0.0033359034,0.0705547,0.003844516,0.15375806,0.004949227,null,null,null,null,"TWOGAUSSIANS",8,2.3633099,0.7062348,0.0033359034,0.39510635,0.01600644,0.1532504,0.0049660592,0.20402497,0.004028924,0.4,0.0073193437,0.09837448,0.008124837
375316653866487564,6033174993458374400,0.5042031,2216.478655486584,2.5229688719924206,2.301732E-5,18.551403,0.025143048,0.26282766,0.005761995,0.08713865,0.008717624,0.41973168,0.030617021,0.75532645,0.0044313697,0.09019966,0.008037146,0.4933426,0.025077628,null,null,null,null,"TWOGAUSSIANS",8,8.930651,0.75532645,0.0044313697,0.4,0.0,0.4781668,0.016165115,0.26282766,0.005761995,0.4,0.0,0.40455604,0.024467418
375316653866487564,6033175818133472512,0.4907162,2205.449494335923,0.4627787353711272,2.4847754E-5,16.588953,0.0028673026,0.3597529,0.016103227,0.037896004,0.0044875704,0.45960924,0.21807541,0.85347706,0.010015312,0.029011352,0.006537698,0.098162316,0.011527569,null,null,null,null,"TWOGAUSSIANS",8,20.261711,0.3597529,0.016103227,0.21221763,0.025130393,0.45960924,0.21807541,0.85347706,0.010015312,0.16246358,0.03661111,0.098162316,0.011527569
375316653866487564,6033175882509073664,0.57223827,2220.7193709772505,1.7390574404143098,1.4037111E-5,16.855076,0.031042172,0.25372866,0.0024846336,0.11457055,0.011727484,0.18749052,0.029878223,0.7662173,0.0034339863,0.12630595,0.017759608,0.1879668,0.027752033,null,null,null,null,"TWOGAUSSIANS",8,2.8983464,0.7662573,0.0034014033,0.4,0.0,0.14900416,0.005282242,0.25360864,0.002438533,0.4,0.0,0.14865701,0.0038914962
375316653866487564,6033176123027451904,0.44057962,2200.8114317068053,1.4849547638908815,1.14198614E-4,18.353739,0.005975412,0.2101797,0.00381801,0.042802148,0.0060544065,0.17098607,0.04033941,0.6124333,0.015118356,0.07420413,0.023617635,0.06406783,0.011876199,null,null,null,null,"TWOGAUSSIANS",8,3.9718528,0.2101797,0.00381801,0.23969202,0.033904675,0.17098573,0.040339928,0.6124333,0.015118356,0.4,0.041105248,0.06406746,0.01187733
375316653866487564,6033176157387091840,0.56842184,2211.231227231874,3.846144806540695,8.691322E-6,18.813656,0.013727634,0.22457246,0.0021212944,0.079782054,0.0033850367,0.48232418,0.018635776,0.72761333,0.0022505517,0.07460672,0.004455171,0.547208,0.020642491,null,null,null,null,"TWOGAUSSIANS",8,3.396541,0.72761333,0.0022505517,0.4,0.0,0.54213613,0.020801386,0.22457246,0.0021212944,0.4,0.0,0.47725227,0.01775725
375316653866487564,6033176226105801344,0.56354433,2195.90158637074,2.5344626075727184,2.4687215E-5,18.906336,0.018427646,0.24568865,0.0020163513,0.06622393,0.0032828639,0.6216471,0.018023187,0.74565494,0.0036709043,0.065989,0.0058481605,0.5627544,0.022094416,null,null,null,null,"TWOGAUSSIANS",8,7.1260386,0.24568865,0.0020163513,0.37085402,0.018384038,0.62072027,0.017635524,0.74565494,0.0036709043,0.36953843,0.032749698,0.56182754,0.02207917
375316653866487564,6033176294826130304,0.57653844,2196.88748306713,4.338885916787042,8.7359285E-6,17.782648,0.008909135,0.2673678,0.0017448041,0.07842158,0.0030934114,0.36584908,0.010998031,0.7751004,0.002072076,0.08368448,0.0036903594,0.44270536,0.0137260575,null,null,null,null,"TWOGAUSSIANS",8,7.170434,0.7751004,0.002072076,0.4,0.0,0.4367273,0.013994247,0.2673678,0.0017448041,0.4,0.0,0.35987103,0.010328178
375316653866487564,6033177020685424640,0.41456103,2236.095412519153,3.6353096500461404,2.3817893E-5,16.971119,0.0055175424,0.19848946,0.032244634,0.041621905,0.025226293,0.07157216,0.0132854795,0.4307979,0.0013182112,0.016841954,0.002630722,0.2220493,0.07132987,null,null,null,null,"TWOGAUSSIANS",8,19.457605,0.4307979,0.0013182112,0.09431494,0.014732044,0.22204931,0.0713283,0.19848946,0.032244634,0.23308267,0.14126724,0.07157216,0.0132854795
375316653866487564,6033178326394703232,0.5384045,2242.55429992348,0.05243546056169913,1.3496116E-4,16.811956,0.0011631384,0.5379911,7.9921976E-4,0.011926815,0.0012542923,0.1312439,0.008802709,0.6504186,0.017924456,0.038485855,0.068243116,0.0034598792,0.009495333,null,null,null,null,"TWOGAUSSIANS",8,1.7343409,0.5379911,7.9206214E-4,0.06679016,0.007024037,0.13129242,0.008905021,0.6504186,0.017924456,0.21552078,0.38216144,0.0034598792,0.009495333
375316653866487564,6033178596925508864,0.5103282,2220.283390479295,1.8429511031746906,9.358802E-5,17.988813,0.0018681021,0.5615342,0.006216262,0.013226186,0.004838932,0.052466,0.13683036,0.78927237,0.021777198,0.021392565,0.017468134,0.32601303,0.27810383,null,null,null,null,"TWOGAUSSIANS",8,4.538081,0.78927237,0.021777198,0.11979836,0.09782155,0.32601303,0.27810383,0.5615342,0.006216262,0.07406664,0.027098019,0.052466,0.13683036
375316653866487564,6033179013590615296,0.5581832,2258.7374506640294,2.889802964967641,7.814068E-6,18.687887,0.0074754497,0.27071542,0.0022110234,0.080971,0.0027279377,0.48287514,0.01107045,0.7736887,0.002139506,0.078435205,0.0030483808,0.44229293,0.015613309,null,null,null,null,"TWOGAUSSIANS",8,3.367242,0.27071542,0.0022110234,0.4,0.0,0.47650418,0.010672753,0.7736887,0.002139506,0.4,0.0,0.43592194,0.015901906
375316653866487564,6033179047909368064,0.49483806,2264.007480808725,3.2980751168363724,2.1316288E-5,19.247807,0.014439598,0.26423606,0.00597762,0.094658166,0.008841656,0.22454049,0.015239908,0.74356115,0.003263793,0.08889949,0.0069155567,0.2703131,0.015378846,null,null,null,null,"TWOGAUSSIANS",8,1.9774139,0.74356115,0.003263793,0.4,0.0,0.26153415,0.013167312,0.26423606,0.00597762,0.4,0.0,0.21576099,0.011881519
375316653866487564,6033179150988712960,0.45725277,2265.7882085412716,3.2212196978424514,4.90719E-5,18.850815,0.031973276,0.24118528,0.013629955,0.10684651,0.029261928,0.118061304,0.032574445,0.7134659,0.006643594,0.112822615,0.019944916,0.1776254,0.02979061,null,null,null,null,"TWOGAUSSIANS",8,3.3706245,0.7134659,0.006643594,0.4,0.0,0.16143471,0.015112183,0.24127528,0.013611345,0.4,0.0,0.10189427,0.01690034
375316653866487564,6033179219749009024,0.57742715,2276.5864759017454,1.6396478446212461,8.0381615E-6,17.517778,0.020182988,0.24581099,0.0018762369,0.10637783,0.008794213,0.28493226,0.014382996,0.74314374,0.0027220072,0.119676545,0.009283355,0.2255466,0.019541807,null,null,null,null,"TWOGAUSSIANS",8,3.2523031,0.24582098,0.0018811211,0.4,0.0,0.24275032,0.015956886,0.74314374,0.0027220072,0.4,0.0,0.18330039,0.0060193287
375316653866487564,6033179322793874304,0.48887786,2273.3459422822248,3.0977780156825605,3.2003303E-5,18.645782,1.2120873,0.24527372,0.009193366,0.2034088,0.1471058,0.85408264,1.1793512,0.7378189,0.015217684,0.15836903,0.079171315,0.7726817,1.0013775,null,null,null,null,"TWOGAUSSIANS",8,2.738544,0.24695373,0.0060829804,0.4,0.0,0.25864252,0.014546722,0.7378189,0.015217684,0.4,0.0,0.25006917,0.01815006
375316653866487564,6033179460283329280,0.49591333,2266.5856086146023,2.3389526311793443,2.5132558E-5,17.88587,0.15773845,0.2627374,0.005875075,0.12638605,0.056388244,0.13611084,0.15238763,0.7605073,0.006102775,0.115776986,0.059617396,0.14557241,0.14177653,null,null,null,null,"TWOGAUSSIANS",8,3.8699276,0.7605073,0.006113015,0.4,0.0,0.113016255,0.0116456915,0.2627474,0.005921744,0.4,0.0,0.10347174,0.0073796804
375316653866487564,6033179593360280576,0.59577405,2279.456103048961,0.6889523603013912,3.6662892E-5,17.98022,0.0039813397,0.26554123,0.0024285251,0.024851296,0.0026990063,0.84564847,0.09455343,0.763823,0.0042871856,0.028193558,0.0067579956,0.06419875,0.031987064,0.011446568,0.0045695477,0.26554123,0.0024285251,"TWOGAUSSIANS_WITH_ELLIPSOIDAL_ON_ECLIPSE1",9,5.0456944,0.26554123,0.0024285251,0.13916726,0.015114435,0.8685416,0.09600898,0.76386297,0.0042372416,0.15788393,0.037844777,0.08708927,0.031858344
375316653866487564,6033179700751191808,0.49868262,2280.8404261241008,1.9763285621491844,1.963915E-5,18.55917,0.0079343375,0.3444111,0.0029979874,0.0402676,0.00419083,0.27131942,0.031660747,0.8326217,0.010096592,0.038618438,0.009411331,0.19304653,0.036067657,0.03173986,0.02576607,0.3444111,0.0029979874,"TWOGAUSSIANS_WITH_ELLIPSOIDAL_ON_ECLIPSE1",9,9.6039095,0.3444111,0.0029979874,0.22549857,0.023468649,0.33479905,0.026359608,0.8330617,0.009650381,0.21626326,0.05270345,0.25619137,0.029130062
375316653866487564,6033179833879304704,0.5743715,2243.9089999654025,0.2646152362760196,5.2016396E-5,18.054014,0.001720068,0.24643737,0.030217256,0.07859201,0.01893614,0.015152687,0.0041915365,0.8198979,0.004228999,0.024897449,0.002086006,0.45045274,0.03271836,null,null,null,null,"TWOGAUSSIANS",8,1.58823,0.8198979,0.004228999,0.13942571,0.011681635,0.45045272,0.032718364,0.24643737,0.030217256,0.4,0.029937947,0.015152675,0.0041915467
375316653866487564,6033180113102320256,0.59355205,2223.7039757461193,2.3843010187234834,5.2493897E-6,18.490734,0.007827367,0.2521159,0.0014636286,0.047150876,0.004266665,0.23753007,0.023654366,0.74259645,0.007425253,0.058439348,0.005189954,0.27185518,0.024484904,0.11193662,0.010352793,0.2521159,0.0014636286,"TWOGAUSSIANS_WITH_ELLIPSOIDAL_ON_ECLIPSE1",9,2.8001907,0.7443265,0.0059819194,0.32726035,0.029063743,0.4950589,0.019540893,0.2521159,0.0014636286,0.2640449,0.023893323,0.4613887,0.024249433
375316653866487564,6033180765903293824,0.46061772,2282.7269186556955,2.8915082105773244,6.0065588E-5,19.853243,0.020837385,0.24880444,0.0045624813,0.05199815,0.009745982,0.51566225,0.09356118,0.7483153,0.011125357,0.07470935,0.011782958,0.3268555,0.03508217,null,null,null,null,"TWOGAUSSIANS",8,4.6362433,0.24880444,0.0045624813,0.29118964,0.0545775,0.51534647,0.09386861,0.7483153,0.011125357,0.4,0.025185421,0.32653973,0.03497948
375316653866487564,6033181208268056320,0.52294767,2288.6988666277216,1.1987675461688734,1.2370407E-6,13.0829,7.0876046E-4,0.21490063,0.0045267814,0.023351543,0.005351569,0.03969099,0.0064906674,0.71135557,1.830478E-4,0.019990051,2.921824E-4,0.092370495,9.127152E-4,null,null,null,null,"TWOGAUSSIANS",8,20.405373,0.71135557,1.830478E-4,0.11194429,0.0016362214,0.092370495,9.127152E-4,0.21490063,0.0045267814,0.13076864,0.029968785,0.03969099,0.0064906674
375316653866487564,6033181624931448448,0.46174008,2278.8604867154445,1.6405640351142454,2.9978894E-5,17.48634,0.005432291,0.2827219,0.00840712,0.08199283,0.009277671,0.08141085,0.0068081906,0.7689321,0.008236391,0.10580576,0.02019114,0.04339757,0.0074749715,null,null,null,null,"TWOGAUSSIANS",8,3.759506,0.2827219,0.008408824,0.4,0.0,0.07876592,0.0048405086,0.7689321,0.008236391,0.4,0.0,0.04075119,0.007720293
375316653866487564,6033181689328664448,0.48055315,2287.183336887774,2.5390786338847278,2.7947599E-5,18.684301,0.03309467,0.16950272,0.0068025673,0.10463275,0.016033214,0.2276217,0.03302916,0.6770579,0.0045695724,0.10144647,0.0121423025,0.30888495,0.030475011,null,null,null,null,"TWOGAUSSIANS",8,6.0280356,0.6770579,0.0045712986,0.4,0.0,0.28347695,0.017872544,0.16950272,0.0068033016,0.4,0.0,0.2022119,0.011391517
375316653866487564,6033181796730150912,0.5219741,2275.67721289078,2.5052598456290105,1.3142326E-5,18.698774,0.005833151,0.23585862,0.0033601862,0.062167358,0.006501037,0.1764576,0.010093488,0.73979425,0.0023577297,0.058238715,0.0027775443,0.29021236,0.020820146,null,null,null,null,"TWOGAUSSIANS",8,3.285654,0.73979425,0.0023577297,0.3261368,0.015554248,0.29014203,0.020827603,0.23585862,0.0033601862,0.3481372,0.03640581,0.17638725,0.010128779
375316653866487564,6033182621331105792,0.5003383,2247.469436718817,1.6720424539150784,1.1464445E-5,19.810858,0.007807752,0.26381055,0.0062801293,0.03218411,0.0031817274,0.6318495,0.1034441,0.77140355,9.918341E-4,0.029024865,0.0012367396,0.64740086,0.039624885,null,null,null,null,"TWOGAUSSIANS",8,2.0733833,0.77140355,9.918341E-4,0.16253924,0.0069257417,0.64740086,0.039624885,0.26381055,0.0062801293,0.180231,0.017817672,0.6318495,0.1034441
375316653866487564,6033182651374874368,0.42139012,2268.8210284654165,1.61150255093185,5.032478E-5,19.181213,0.007016505,0.37222356,0.00612705,0.03824223,0.009529364,0.1547075,0.08165602,0.8003228,0.006671342,0.017706135,0.0056425733,0.1711313,0.045827094,null,null,null,null,"TWOGAUSSIANS",8,4.705107,0.8003228,0.006671342,0.09915436,0.03159841,0.1711313,0.045827094,0.37222356,0.00612705,0.21415648,0.05336444,0.1547075,0.08165602
375316653866487564,6033182720094437632,0.565578,2282.394669985119,0.45956046225548475,1.2834313E-5,17.900316,0.002060177,0.28165865,0.0014049491,0.02385917,0.0010957621,0.436267,0.022493003,0.78681713,0.012794698,0.022881366,0.008077468,0.035789657,0.018812515,0.020274285,0.0033139412,0.28165865,0.0014049491,"TWOGAUSSIANS_WITH_ELLIPSOIDAL_ON_ECLIPSE1",9,3.2636323,0.28165865,0.0014049491,0.13361135,0.0061362684,0.47681552,0.021942738,0.78681713,0.012794698,0.12813565,0.04523382,0.07629562,0.01884987
