Gaia/vari_eclipsing_binary/VariEclipsingBinary_250415-250504.csv
# %ECSV 1.0
# ---
# delimiter: ','
# meta: !!omap
# - RELEASE: Gaia DR3
# - TABLE: vari_eclipsing_binary
# - DESCRIPTION: >
#     This table describes the properties of the eclipsing binaries resulting from the variability analysis. 
# - CITATION: >
#     How to cite and acknowledge Gaia: 
#     https://gea.esac.esa.int/archive/documentation/credits.html 
# - KNOWN_ISSUES: >
#     Known issues: 
#     https://www.cosmos.esa.int/web/gaia-users/known-issues 
# - DOCUMENTATION: >
#     Tutorials and documentation: 
#     https://www.cosmos.esa.int/web/gaia-users/archive 
# datatype:
# - 
#   name: solution_id
#   datatype: int64
#   description: Solution Identifier
#   meta:
#     ucd: meta.version
# - 
#   name: source_id
#   datatype: int64
#   description: Unique source identifier
#   meta:
#     ucd: meta.id;meta.main
# - 
#   name: global_ranking
#   datatype: float32
#   description: Number between 0 (worst) and 1 (best)
#   meta:
#     ucd: stat.param
# - 
#   name: reference_time
#   datatype: float64
#   unit: d
#   description: Reference time used for the geometric model fit
#   meta:
#     ucd: time.epoch
# - 
#   name: frequency
#   datatype: float64
#   unit: d**-1
#   description: Frequency of geometric model of the eclipsing binary light curve
#   meta:
#     ucd: src.orbital
# - 
#   name: frequency_error
#   datatype: float32
#   unit: d**-1
#   description: "Uncertainty of \\texttt{frequency}"
#   meta:
#     ucd: stat.error
# - 
#   name: geom_model_reference_level
#   datatype: float32
#   unit: mag
#   description: Magnitude reference level of geometric model
#   meta:
#     ucd: phot.mag;em.opt
# - 
#   name: geom_model_reference_level_error
#   datatype: float32
#   unit: mag
#   description: "Uncertainty of \\texttt{geomModelReferenceLevel}"
#   meta:
#     ucd: stat.error;phot.mag;em.opt
# - 
#   name: geom_model_gaussian1_phase
#   datatype: float32
#   description: Phase of the Gaussian 1 component
#   meta:
#     ucd: time.phase
# - 
#   name: geom_model_gaussian1_phase_error
#   datatype: float32
#   description: "Uncertainty of \\texttt{geomModelGaussian1Phase}"
#   meta:
#     ucd: stat.error;time.phase
# - 
#   name: geom_model_gaussian1_sigma
#   datatype: float32
#   description: "Standard deviation [phase] of Gaussian 1 component"
#   meta:
#     ucd: stat.stdev
# - 
#   name: geom_model_gaussian1_sigma_error
#   datatype: float32
#   description: "Uncertainty of \\texttt{geomModelGaussian1Sigma}"
#   meta:
#     ucd: stat.error
# - 
#   name: geom_model_gaussian1_depth
#   datatype: float32
#   unit: mag
#   description: Magnitude depth of Gaussian 1 component
#   meta:
#     ucd: src.var.amplitude
# - 
#   name: geom_model_gaussian1_depth_error
#   datatype: float32
#   unit: mag
#   description: "Uncertainty of \\texttt{geomModelGaussian1Depth}"
#   meta:
#     ucd: stat.error;src.var.amplitude
# - 
#   name: geom_model_gaussian2_phase
#   datatype: float32
#   description: Phase of Gaussian 2 component
#   meta:
#     ucd: time.phase
# - 
#   name: geom_model_gaussian2_phase_error
#   datatype: float32
#   description: "Uncertainty of \\texttt{geomModelGaussian2Phase}"
#   meta:
#     ucd: stat.error;time.phase
# - 
#   name: geom_model_gaussian2_sigma
#   datatype: float32
[...]
#   datatype: float32
#   description: "Secondary eclipse: uncertainty of \\texttt{derivedSecondaryEclDuration}"
#   meta:
#     ucd: stat.error;time.duration
# - 
#   name: derived_secondary_ecl_depth
#   datatype: float32
#   unit: mag
#   description: "Secondary eclipse: depth"
#   meta:
#     ucd: src.var.amplitude
# - 
#   name: derived_secondary_ecl_depth_error
#   datatype: float32
#   unit: mag
#   description: "Secondary eclipse: uncertainty of \\texttt{derivedSecondaryEclDepth}"
#   meta:
#     ucd: stat.error;src.var.amplitude
solution_id,source_id,global_ranking,reference_time,frequency,frequency_error,geom_model_reference_level,geom_model_reference_level_error,geom_model_gaussian1_phase,geom_model_gaussian1_phase_error,geom_model_gaussian1_sigma,geom_model_gaussian1_sigma_error,geom_model_gaussian1_depth,geom_model_gaussian1_depth_error,geom_model_gaussian2_phase,geom_model_gaussian2_phase_error,geom_model_gaussian2_sigma,geom_model_gaussian2_sigma_error,geom_model_gaussian2_depth,geom_model_gaussian2_depth_error,geom_model_cosine_half_period_amplitude,geom_model_cosine_half_period_amplitude_error,geom_model_cosine_half_period_phase,geom_model_cosine_half_period_phase_error,model_type,num_model_parameters,reduced_chi2,derived_primary_ecl_phase,derived_primary_ecl_phase_error,derived_primary_ecl_duration,derived_primary_ecl_duration_error,derived_primary_ecl_depth,derived_primary_ecl_depth_error,derived_secondary_ecl_phase,derived_secondary_ecl_phase_error,derived_secondary_ecl_duration,derived_secondary_ecl_duration_error,derived_secondary_ecl_depth,derived_secondary_ecl_depth_error
[from data line 400]
375316653866487564,2203019224407829120,0.4996002,2190.2387165663126,0.5395935429700223,1.0277959E-5,19.047016,0.004128992,0.26292557,0.0018594713,0.029532872,0.0032035096,0.37041247,0.10638338,0.76319206,0.012814508,0.03650574,0.01099263,0.22897997,0.09056851,null,null,null,null,"TWOGAUSSIANS",8,1.3776141,0.26292557,0.0018594713,0.16538408,0.017939653,0.37041247,0.10638338,0.76319206,0.012814508,0.20443214,0.06155873,0.22897997,0.09056851
375316653866487564,2203019842883422848,0.5577229,2224.036559029231,3.0686840853903923,7.773432E-6,18.410017,0.017085912,0.28721192,0.0047950675,0.08801723,0.0043506217,0.4688164,0.021214059,0.7823883,0.003024953,0.09275662,0.007344534,0.4345728,0.030615019,null,null,null,null,"TWOGAUSSIANS",8,5.142842,0.28721192,0.0047950675,0.4,0.0,0.4505594,0.016275354,0.7823883,0.003024953,0.4,0.0,0.41631547,0.033845916
375316653866487564,2203020427004952704,0.5117466,2199.586797353077,3.577854984344954,1.7136195E-5,19.021942,0.0433247,0.23923002,0.011299305,0.11527079,0.03221298,0.18463136,0.033911925,0.74139345,0.0041462025,0.10414072,0.015045815,0.2285898,0.041702706,null,null,null,null,"TWOGAUSSIANS",8,1.8437341,0.74139345,0.0041668373,0.4,0.0,0.19896442,0.012211529,0.23923002,0.011300777,0.4,0.0,0.1549801,0.025813617
375316653866487564,2203021255939521536,0.56559855,2198.8573122035996,0.32993465692173807,4.8209644E-5,16.618944,0.0027683782,0.34343222,0.01967507,0.051858164,0.018010736,0.024944356,0.005911616,0.67555946,3.5491132E-4,0.008248814,2.6686332E-4,0.68602556,0.044547427,null,null,null,null,"TWOGAUSSIANS",8,14.966374,0.67555946,3.5491132E-4,0.04619336,0.0014944345,0.68602556,0.044547427,0.34343222,0.01967507,0.29040572,0.10086012,0.024944356,0.005911616
375316653866487564,2203021389071342464,0.5416634,2160.278355747971,2.394148536816803,9.289252E-6,18.737051,0.020989124,0.30876604,0.0063837427,0.09577615,0.007980519,0.32660073,0.027831262,0.799871,0.0021541999,0.088404045,0.0063006366,0.39154017,0.019686641,null,null,null,null,"TWOGAUSSIANS",8,3.8227978,0.799871,0.0021541999,0.4,0.0,0.3759033,0.015420576,0.30876604,0.0063837427,0.4,0.0,0.3109631,0.022478387
375316653866487564,2203021767028674048,0.53276664,2167.9654323059317,2.981535799094529,1.2670055E-5,19.362299,0.033713117,0.20324872,0.0028771302,0.09109793,0.0088618025,0.4477097,0.030718273,0.7089589,0.0062644365,0.088101596,0.010485962,0.4632098,0.03387958,null,null,null,null,"TWOGAUSSIANS",8,2.6615562,0.7089589,0.0062644365,0.4,0.0,0.4462329,0.028449696,0.20324872,0.0028771302,0.4,0.0,0.4307326,0.01992972
375316653866487564,2203022282424727168,0.5810684,2158.683575669598,2.4112694226644833,9.76869E-6,19.008383,0.00810382,0.22387676,0.0032685557,0.08351281,0.003972256,0.48918346,0.019680222,0.7304276,0.0024533323,0.09128595,0.005385966,0.3534736,0.01641297,null,null,null,null,"TWOGAUSSIANS",8,1.2595167,0.22387676,0.0032685557,0.4,0.0,0.47683564,0.020732896,0.7304276,0.0024533323,0.4,0.0,0.34112555,0.018574338
375316653866487564,2203022355451092992,0.6205187,2180.3382838279867,1.6061199296995492,7.0017713E-6,16.761633,0.0052347723,0.22608313,0.001181211,0.07901866,0.0020290075,0.47874665,0.008119715,0.7323188,0.0037940699,0.08580701,0.0027980355,0.44780967,0.014419613,null,null,null,null,"TWOGAUSSIANS",8,11.89555,0.22608313,0.001181211,0.4,0.0,0.47048253,0.008388376,0.7323188,0.0037940699,0.4,0.0,0.4395455,0.013773763
375316653866487564,2203023519375689472,0.5164121,2223.238511511227,0.46802483850553017,1.3368393E-4,18.20219,0.0045407615,0.2530911,0.004209688,0.024315063,0.0031990705,0.3596287,0.028205937,null,null,null,null,null,null,null,null,null,null,"ONEGAUSSIAN",5,7.0265746,0.2530911,0.004209688,0.13616435,0.017914794,0.3596287,0.0,null,null,null,null,null,null
375316653866487564,2203024485743525504,0.50740045,2202.142148906789,2.511152018410085,1.9314066E-5,19.678877,0.044985592,0.17007354,0.0062472858,0.09281207,0.014920753,0.24851348,0.0448863,0.66337943,0.009772298,0.09287046,0.024611665,0.25614277,0.039469887,null,null,null,null,"TWOGAUSSIANS",8,1.0161211,0.66337943,0.009772298,0.4,0.0,0.24395315,0.017135205,0.17007354,0.0062441356,0.4,0.0,0.23632388,0.02269107
375316653866487564,2203025237363045248,0.5561483,2176.039374868594,3.3518730474839233,1.0886501E-5,18.615347,0.014631924,0.24997249,0.0034328874,0.046158887,0.006877934,0.3545298,0.07083742,0.7430505,0.008310399,0.03287725,0.011247439,0.29841772,0.062306263,0.14400572,0.019157784,0.24997249,0.0034328874,"TWOGAUSSIANS_WITH_ELLIPSOIDAL_ON_ECLIPSE1",9,10.47326,0.24997249,0.0034328874,0.2584898,0.038516432,0.64254105,0.07163872,0.7435805,0.007922759,0.18411261,0.06298566,0.5859259,0.07808204
375316653866487564,2203025585255727232,0.4671407,2222.4062603941184,2.9150136622052223,2.330604E-5,19.863605,0.031521443,0.30898866,0.0019467482,0.06811167,0.008548525,0.49063212,0.031413738,0.81949323,0.010846306,0.11195328,0.02850361,0.28121635,0.082372926,null,null,null,null,"TWOGAUSSIANS",8,2.1584706,0.30898866,0.0019405078,0.38142538,0.047871742,0.47876585,0.033099245,0.81949323,0.010846306,0.4,0.0,0.26932165,0.08831268
375316653866487564,2203026890925525120,0.44312876,2193.1734796116966,0.349257677721688,1.5159497E-5,19.878653,0.012202758,0.12682958,0.0010490121,0.015029399,0.0024958036,0.37318456,0.05462158,0.7117702,0.01295862,0.049374875,0.007498196,0.2636263,0.07305371,null,null,null,null,"TWOGAUSSIANS",8,3.3048139,0.12682958,0.0010490121,0.084164634,0.0139765,0.37318456,0.05462158,0.7117702,0.01295862,0.2764993,0.041989896,0.2636263,0.07305371
375316653866487564,2203027367662786048,0.5011082,2155.5784022933344,0.9326437307045751,4.4808832E-5,18.224716,0.013677594,0.27001554,0.008688727,0.09067679,0.016156597,0.12380141,0.024326703,0.77383965,0.005110789,0.06778604,0.006680355,0.33016396,0.0223726,null,null,null,null,"TWOGAUSSIANS",8,8.011581,0.77383965,0.005110789,0.37960184,0.037409987,0.32783538,0.021641266,0.27001554,0.008688727,0.4,0.0,0.12147276,0.024136217
375316653866487564,2203027681210735232,0.64342123,2236.422139205403,3.7653405641542346,1.0101412E-6,17.93487,0.0018599393,0.23909286,0.043053836,0.012528213,0.014011961,0.20698905,160402.12,0.89247525,4.3620366E-5,0.009338082,2.2446032E-4,4.2294393,0.39181075,null,null,null,null,"TWOGAUSSIANS",8,1.9405934,0.89247525,4.3620366E-5,0.05229326,0.0012569778,4.2294393,0.39181075,0.23909286,0.043053836,0.07015799,0.07846698,0.20698905,160402.12
375316653866487564,2203028329735513856,0.46092564,2154.032557409459,0.19033050213055522,3.7767026E-5,18.675756,0.0035311077,0.08209523,0.0011034685,0.0048365705,4.968084E-4,0.17991126,0.023779348,0.79807734,0.011095787,0.061673038,0.013948937,0.04744738,0.015256464,null,null,null,null,"TWOGAUSSIANS",8,1.9426749,0.08209523,0.0011034685,0.027084796,0.002782127,0.17991243,0.023779351,0.79807734,0.011095787,0.345369,0.07811405,0.04744738,0.015256464
375316653866487564,2203029296118340992,0.47296676,2203.928062561737,0.10565620712227036,5.2997543E-6,16.926949,0.004808762,0.384926,9.3081885E-4,0.005244522,9.211814E-4,0.2972165,0.034841653,0.8478558,0.015602453,0.011583385,0.021427987,0.067198664,0.21611238,0.001417317,0.007962226,0.384926,9.3081885E-4,"TWOGAUSSIANS_WITH_ELLIPSOIDAL_ON_ECLIPSE1",9,55.71543,0.384926,9.3081885E-4,0.029369323,0.0051586158,0.30005112,0.036010638,0.8478758,0.015568994,0.06486696,0.119996734,0.06988233,0.22771475
375316653866487564,2203030223831209856,0.48140746,2182.534234214287,3.0808947488909526,1.8018025E-5,15.356161,0.09553314,0.25055915,0.003279189,0.10677287,0.011086717,0.31385586,0.06810943,0.7306254,0.015356349,0.33264077,0.020793129,0.47917953,0.1162791,null,null,null,null,"TWOGAUSSIANS",8,172.67249,0.25347915,0.0024660798,0.4,0.0,0.21670875,0.0048579085,0.7306254,0.015356349,0.4,0.0,0.08197799,0.021356968
375316653866487564,2203030253884896384,0.47008896,2202.259738641127,0.1953054512223528,5.1352315E-5,19.634315,0.008455988,0.42130405,0.0028866697,0.06671704,0.0055422974,0.29061928,0.024236431,0.8780533,0.008866795,0.037470475,0.0074996557,0.36672428,0.13526133,null,null,null,null,"TWOGAUSSIANS",8,2.683045,0.8780533,0.008866795,0.20983467,0.041998073,0.3667235,0.13526183,0.42130405,0.0028866697,0.37361544,0.031036865,0.29061854,0.024236793
375316653866487564,2203030837996503808,0.5067811,2217.643325286193,2.0073262165750356,1.3782306E-5,18.77244,0.04164329,0.20699729,0.0036757046,0.097205125,0.019762445,0.17479935,0.040791664,0.6986422,0.0064719287,0.093747534,0.025728684,0.13604206,0.03938981,null,null,null,null,"TWOGAUSSIANS",8,2.0901036,0.20699729,0.0036714284,0.4,0.0,0.16587366,0.015793197,0.6986422,0.0064719287,0.4,0.0,0.12711686,0.015410561
375316653866487564,2203032388494752640,0.5122544,2183.2913095943877,3.8075850889689566,1.8690445E-5,18.797106,0.009851891,0.26380992,0.0049854857,0.0734155,0.008158957,0.22297008,0.01726119,0.75688034,0.019827947,0.067035384,0.012878585,0.3351877,0.059700858,null,null,null,null,"TWOGAUSSIANS",8,3.9750056,0.75688034,0.019827947,0.37539816,0.03829235,0.3343871,0.05946337,0.26380992,0.0049854857,0.4,0.0054558637,0.22216946,0.017312499
375316653866487564,2203032555984818944,0.4794947,2204.914697559801,1.6648161239153025,2.9036917E-5,19.066366,0.15486321,0.21207742,0.011017118,0.12976216,0.05446574,0.19867703,0.14999466,0.70573264,0.006391466,0.12420153,0.045156788,0.23154467,0.14661856,null,null,null,null,"TWOGAUSSIANS",8,2.0024886,0.70573264,0.006391466,0.4,0.0,0.17321235,0.019365449,0.21215743,0.010876146,0.4,0.0,0.14024648,0.019892316
375316653866487564,2203032830868408192,0.59357834,2207.988606923265,0.23294377712870057,2.1667598E-5,18.463871,0.0018386941,0.16797823,0.004537478,0.014287062,0.0060446053,0.04995884,0.06399952,0.32046565,0.003629998,0.013143958,0.0025973965,0.60500294,0.38416046,null,null,null,null,"TWOGAUSSIANS",8,1.5033399,0.32046565,0.003629998,0.07360616,0.014545421,0.60500294,0.38416046,0.16797823,0.004537478,0.080007546,0.03384979,0.04995884,0.06399952
375316653866487564,2203033483696626816,0.47236004,2197.4356156253134,2.4400337710794915,2.1788926E-5,18.947298,0.081692435,0.28017956,0.011386925,0.105244055,0.024078997,0.34272367,0.07944737,0.75580084,0.011320471,0.09924042,0.032659687,0.3108781,0.06789066,null,null,null,null,"TWOGAUSSIANS",8,6.922515,0.28017956,0.011366356,0.4,0.0,0.31833512,0.020328235,0.75580084,0.011320471,0.4,0.0,0.28650007,0.027723271
375316653866487564,2203033518056371968,0.549864,2212.997765095051,3.0236668722612254,7.522819E-6,19.75803,0.006808368,0.31864297,0.0040233303,0.042844564,0.005546932,0.24537826,0.01995664,0.8268349,0.0032215028,0.034061056,0.0034718402,0.5719707,0.12040575,0.1280335,0.014320704,0.31864297,0.0040233303,"TWOGAUSSIANS_WITH_ELLIPSOIDAL_ON_ECLIPSE1",9,1.745362,0.8268349,0.0032215028,0.19074191,0.019442305,0.82735986,0.12582676,0.31864297,0.0040233303,0.23992956,0.03106282,0.5014452,0.015283796
375316653866487564,2203033792935409792,0.5108203,2212.768240707367,2.45374428167362,4.3538745E-5,19.12594,0.02046944,0.27153367,0.009642203,0.09579284,0.02050937,0.20028654,0.019796642,0.7497338,0.007880879,0.091196366,0.014227299,0.18188791,0.018664468,null,null,null,null,"TWOGAUSSIANS",8,1.3468833,0.27153367,0.009642203,0.4,0.0,0.19250287,0.024728272,0.7497338,0.007880879,0.4,0.0,0.1741049,0.009564313
375316653866487564,2203034273975578240,0.5503482,2160.8573582786767,2.2752103757384186,1.3155331E-5,18.566713,0.087415785,0.21325043,0.0060278657,0.11809896,0.016566439,0.56904745,0.078669176,0.6925369,0.0030952804,0.12717272,0.01540534,0.5332707,0.082159735,null,null,null,null,"TWOGAUSSIANS",8,4.5605903,0.21348043,0.005976866,0.4,0.0,0.45419705,0.04465645,0.6925369,0.0030952804,0.4,0.0,0.4180432,0.013042114
375316653866487564,2203035515231870336,0.5917223,2193.766277763481,0.3379848036598812,5.20099E-5,17.565807,0.0015437284,0.20911369,0.0043795817,0.011377046,0.0018732771,0.2658291,0.082690276,0.71300685,5.293973E-4,0.01728386,3.716507E-4,0.35610604,0.005954848,null,null,null,null,"TWOGAUSSIANS",8,1.6059723,0.71300685,5.293973E-4,0.09678961,0.002081244,0.35610604,0.005954848,0.20911369,0.0043795817,0.06371146,0.010490352,0.2658291,0.082690276
375316653866487564,2203037435072053760,0.46607223,2212.3917195055833,3.9048052269724387,5.2988904E-5,19.552984,0.014722036,0.19583617,0.009423815,0.083690755,0.01660196,0.23132735,0.021745432,0.6945879,0.023199603,0.06129435,0.02351583,0.20040883,0.02322667,null,null,null,null,"TWOGAUSSIANS",8,2.8907154,0.19583617,0.009423815,0.4,0.0,0.23023535,0.022282751,0.6945879,0.023199603,0.34324837,0.08914403,0.19931683,0.021678437
375316653866487564,2203041287667847552,0.6284941,2206.2958538547205,1.9327867629306217,4.960195E-6,17.752851,0.0062620654,0.27131104,7.608427E-4,0.039944913,0.002087878,0.7708493,0.050910626,0.7732082,0.005215745,0.045216292,0.0059246398,0.1218825,0.015473253,0.06932147,0.009389227,0.27131104,7.608427E-4,"TWOGAUSSIANS_WITH_ELLIPSOIDAL_ON_ECLIPSE1",9,4.66496,0.27131104,7.608427E-4,0.22369151,0.011692117,0.90949196,0.059515283,0.7732082,0.0052039083,0.25321123,0.033177983,0.26050547,0.0081322985
375316653866487564,2203042215380758016,0.57409036,2189.9859090011737,2.4632353971394774,1.2331826E-5,17.594118,0.011338403,0.24216056,0.0023283726,0.08893832,0.0042005256,0.3909794,0.012074831,0.7482351,0.0038106486,0.09464716,0.0047416696,0.34992373,0.014796826,null,null,null,null,"TWOGAUSSIANS",8,8.17246,0.24216056,0.0023283726,0.4,0.0,0.37446782,0.010270461,0.7482351,0.0038106486,0.4,0.0,0.3334116,0.012496457
375316653866487564,2203042245435715840,0.5608755,2155.2078751590743,3.4941203245019503,2.6165697E-5,18.721771,0.016404364,0.2053433,0.0041938,0.059894472,0.016265465,0.13436845,0.035971828,0.7236531,0.0050886623,0.037484255,0.0065096854,0.19953014,0.04472599,0.100562066,0.019589165,0.2053433,0.0041938,"TWOGAUSSIANS_WITH_ELLIPSOIDAL_ON_ECLIPSE1",9,3.3548129,0.7236531,0.0050886623,0.20991182,0.036454238,0.39798206,0.027974688,0.2053433,0.0041938,0.33540905,0.091086596,0.33547053,0.017571805
375316653866487564,2203043825980314112,0.56523967,2194.0262065682828,1.2605637426931158,2.4837766E-5,19.15952,0.017067855,0.19389243,0.017037673,0.0741629,0.013996614,0.5974006,0.058050606,0.6186651,0.029466288,0.089096345,0.07924227,0.05487746,0.04410405,null,null,null,null,"TWOGAUSSIANS",8,1.6469849,0.19389243,0.017036453,0.4,0.059335776,0.596794,0.058040265,0.6186651,0.029466288,0.4,0.16140859,0.05427026,0.045500018
375316653866487564,2203044822412885888,0.61485285,2178.878976620991,3.463469347029944,6.089422E-6,18.37972,0.009869279,0.31942347,0.0028519384,0.042811144,0.0047154306,0.5061542,0.032244097,0.8129492,0.0042294012,0.042769413,0.0033270314,0.44537294,0.05421559,0.13541318,0.014175105,0.31942347,0.0028519384,"TWOGAUSSIANS_WITH_ELLIPSOIDAL_ON_ECLIPSE1",9,5.029661,0.31942347,0.0028519384,0.23974241,0.026406411,0.7769802,0.027419822,0.81346923,0.0038635854,0.23950872,0.018631376,0.71578723,0.050938386
375316653866487564,2203044895440478976,0.4498884,2167.0614255509076,0.4721027418886178,2.6896874E-5,17.356571,0.003544734,0.2893614,0.037391912,0.061826695,0.008967647,0.10441374,0.04976525,0.83035755,0.0051195696,0.05119782,0.0069811544,0.061144806,0.009946612,null,null,null,null,"TWOGAUSSIANS",8,5.974593,0.2893614,0.037391912,0.3462295,0.050218828,0.10441201,0.04976356,0.83035755,0.0051195696,0.2867078,0.039094467,0.061143078,0.009947418
375316653866487564,2203044994214866048,0.5311871,2183.601346322516,1.2722304633415336,2.5041905E-5,19.242485,0.004015821,0.1716784,0.006290504,0.03595763,0.0065020216,0.23524728,0.021174466,0.6819241,0.0116714435,0.03720128,0.0089177005,0.32808945,0.030037194,null,null,null,null,"TWOGAUSSIANS",8,1.6862367,0.6819241,0.0116714435,0.20832717,0.049939126,0.32808945,0.030037194,0.1716784,0.006290504,0.20136273,0.036411323,0.23524728,0.021174466
