Gaia/vari_eclipsing_binary/VariEclipsingBinary_459498-459509.csv
# %ECSV 1.0
# ---
# delimiter: ','
# meta: !!omap
# - RELEASE: Gaia DR3
# - TABLE: vari_eclipsing_binary
# - DESCRIPTION: >
#     This table describes the properties of the eclipsing binaries resulting from the variability analysis. 
# - CITATION: >
#     How to cite and acknowledge Gaia: 
#     https://gea.esac.esa.int/archive/documentation/credits.html 
# - KNOWN_ISSUES: >
#     Known issues: 
#     https://www.cosmos.esa.int/web/gaia-users/known-issues 
# - DOCUMENTATION: >
#     Tutorials and documentation: 
#     https://www.cosmos.esa.int/web/gaia-users/archive 
# datatype:
# - 
#   name: solution_id
#   datatype: int64
#   description: Solution Identifier
#   meta:
#     ucd: meta.version
# - 
#   name: source_id
#   datatype: int64
#   description: Unique source identifier
#   meta:
#     ucd: meta.id;meta.main
# - 
#   name: global_ranking
#   datatype: float32
#   description: Number between 0 (worst) and 1 (best)
#   meta:
#     ucd: stat.param
# - 
#   name: reference_time
#   datatype: float64
#   unit: d
#   description: Reference time used for the geometric model fit
#   meta:
#     ucd: time.epoch
# - 
#   name: frequency
#   datatype: float64
#   unit: d**-1
#   description: Frequency of geometric model of the eclipsing binary light curve
#   meta:
#     ucd: src.orbital
# - 
#   name: frequency_error
#   datatype: float32
#   unit: d**-1
#   description: "Uncertainty of \\texttt{frequency}"
#   meta:
#     ucd: stat.error
# - 
#   name: geom_model_reference_level
#   datatype: float32
#   unit: mag
#   description: Magnitude reference level of geometric model
#   meta:
#     ucd: phot.mag;em.opt
# - 
#   name: geom_model_reference_level_error
#   datatype: float32
#   unit: mag
#   description: "Uncertainty of \\texttt{geomModelReferenceLevel}"
#   meta:
#     ucd: stat.error;phot.mag;em.opt
# - 
#   name: geom_model_gaussian1_phase
#   datatype: float32
#   description: Phase of the Gaussian 1 component
#   meta:
#     ucd: time.phase
# - 
#   name: geom_model_gaussian1_phase_error
#   datatype: float32
#   description: "Uncertainty of \\texttt{geomModelGaussian1Phase}"
#   meta:
#     ucd: stat.error;time.phase
# - 
#   name: geom_model_gaussian1_sigma
#   datatype: float32
#   description: "Standard deviation [phase] of Gaussian 1 component"
#   meta:
#     ucd: stat.stdev
# - 
#   name: geom_model_gaussian1_sigma_error
#   datatype: float32
#   description: "Uncertainty of \\texttt{geomModelGaussian1Sigma}"
#   meta:
#     ucd: stat.error
# - 
#   name: geom_model_gaussian1_depth
#   datatype: float32
#   unit: mag
#   description: Magnitude depth of Gaussian 1 component
#   meta:
#     ucd: src.var.amplitude
# - 
#   name: geom_model_gaussian1_depth_error
#   datatype: float32
#   unit: mag
#   description: "Uncertainty of \\texttt{geomModelGaussian1Depth}"
#   meta:
#     ucd: stat.error;src.var.amplitude
# - 
#   name: geom_model_gaussian2_phase
#   datatype: float32
#   description: Phase of Gaussian 2 component
#   meta:
#     ucd: time.phase
# - 
#   name: geom_model_gaussian2_phase_error
#   datatype: float32
#   description: "Uncertainty of \\texttt{geomModelGaussian2Phase}"
#   meta:
#     ucd: stat.error;time.phase
# - 
#   name: geom_model_gaussian2_sigma
#   datatype: float32
[...]
#   datatype: float32
#   description: "Secondary eclipse: uncertainty of \\texttt{derivedSecondaryEclDuration}"
#   meta:
#     ucd: stat.error;time.duration
# - 
#   name: derived_secondary_ecl_depth
#   datatype: float32
#   unit: mag
#   description: "Secondary eclipse: depth"
#   meta:
#     ucd: src.var.amplitude
# - 
#   name: derived_secondary_ecl_depth_error
#   datatype: float32
#   unit: mag
#   description: "Secondary eclipse: uncertainty of \\texttt{derivedSecondaryEclDepth}"
#   meta:
#     ucd: stat.error;src.var.amplitude
solution_id,source_id,global_ranking,reference_time,frequency,frequency_error,geom_model_reference_level,geom_model_reference_level_error,geom_model_gaussian1_phase,geom_model_gaussian1_phase_error,geom_model_gaussian1_sigma,geom_model_gaussian1_sigma_error,geom_model_gaussian1_depth,geom_model_gaussian1_depth_error,geom_model_gaussian2_phase,geom_model_gaussian2_phase_error,geom_model_gaussian2_sigma,geom_model_gaussian2_sigma_error,geom_model_gaussian2_depth,geom_model_gaussian2_depth_error,geom_model_cosine_half_period_amplitude,geom_model_cosine_half_period_amplitude_error,geom_model_cosine_half_period_phase,geom_model_cosine_half_period_phase_error,model_type,num_model_parameters,reduced_chi2,derived_primary_ecl_phase,derived_primary_ecl_phase_error,derived_primary_ecl_duration,derived_primary_ecl_duration_error,derived_primary_ecl_depth,derived_primary_ecl_depth_error,derived_secondary_ecl_phase,derived_secondary_ecl_phase_error,derived_secondary_ecl_duration,derived_secondary_ecl_duration_error,derived_secondary_ecl_depth,derived_secondary_ecl_depth_error
[from data line 447]
375316653866487564,4041825772061908352,0.4307942,2415.4469596971658,0.06540396438074816,4.4855537E-5,19.578415,0.10356353,0.33536395,0.011361658,0.10905529,0.03616863,0.22949941,0.100901455,0.77897507,0.02519905,0.098139934,0.05843351,0.25601625,0.08456937,null,null,null,null,"TWOGAUSSIANS",8,7.318027,0.77897507,0.02519905,0.4,0.018439671,0.24296987,0.046146184,0.33538395,0.011106874,0.4,0.0,0.21640335,0.049121033
375316653866487564,4041825806421652352,0.43837735,2396.44193686867,0.19373262501628466,2.9277448E-5,19.677708,0.19052292,0.37366578,0.008291798,0.09883925,0.030295035,1.1174254,0.45767778,0.82509226,0.015613517,0.09876061,0.075261965,0.2222897,0.17731252,null,null,null,null,"TWOGAUSSIANS",8,4.1227155,0.37366578,0.007884125,0.4,0.0,1.0972923,0.5183498,0.82509226,0.015613517,0.4,0.0,0.20218326,0.05539295
375316653866487564,4041825810614447488,0.42279595,2396.256339384489,1.6152442157440912,3.526168E-5,17.96944,0.00484358,0.1300156,0.0037576188,0.013190519,0.0030378213,0.6741877,0.42201677,0.80906665,0.012460886,0.041022327,0.022129692,0.006992068,0.022425458,0.043123413,0.0064036115,0.80906665,0.012460886,"TWOGAUSSIANS_WITH_ELLIPSOIDAL_ON_ECLIPSE2",9,17.547121,0.1301256,0.0035873444,0.073866904,0.017011799,0.690244,0.4229116,0.80906665,0.012460886,0.22972503,0.12392628,0.09323854,0.020404719
375316653866487564,4041825810626224640,0.4114296,2464.0070421090004,0.5540751096635399,3.3867364E-5,19.286234,0.026451664,0.24222945,0.011824554,0.052874655,0.0140209375,0.5030255,0.1581579,0.7189828,0.04437388,0.027932946,0.03307162,0.29836935,0.079068,null,null,null,null,"TWOGAUSSIANS",8,6.162274,0.24222945,0.011824554,0.29609805,0.07851725,0.5030255,0.15816441,0.7189828,0.04437388,0.1564245,0.18520108,0.29836935,0.07901761
375316653866487564,4041825982413434496,0.5458214,2520.8222237411073,1.1908716714840513,1.5777046E-5,18.729713,0.02535436,0.24556838,0.0027771406,0.09099855,0.009909933,0.36396033,0.0196014,0.7477197,0.008716368,0.102428794,0.012616826,0.2977262,0.023778431,null,null,null,null,"TWOGAUSSIANS",8,2.8365786,0.24556838,0.0027771406,0.4,0.0,0.3415411,0.01622085,0.7477197,0.008716368,0.4,0.0,0.2753032,0.018377148
375316653866487564,4041826051132831232,0.5675607,2401.934911127874,0.9465432444828269,4.859836E-6,16.353394,0.00300718,0.3260205,5.030857E-4,0.038092844,4.9577106E-4,0.47233263,0.0033673127,0.8241,0.0036261529,0.040935602,0.0031632867,0.23354343,0.012506423,null,null,null,null,"TWOGAUSSIANS",8,31.238428,0.3260205,5.030857E-4,0.21331993,0.002776318,0.47233263,0.0033673123,0.8241,0.0036261529,0.22923937,0.017714405,0.23354343,0.0125064235
375316653866487564,4041826184378730880,0.43220326,2468.599648416648,1.07017713326127,7.410569E-6,18.691412,0.0046605407,0.28624743,8.692965E-4,0.021549642,0.002702484,0.040037826,0.004297366,0.7014424,0.0016199831,0.014903649,0.0013007832,0.18864504,0.03904735,null,null,null,null,"TWOGAUSSIANS",8,3.436776,0.7014424,0.0016199831,0.083460435,0.007284386,0.18864504,0.03904735,0.28624743,8.692965E-4,0.120678,0.015133911,0.040037826,0.004297366
375316653866487564,4041826184378790400,0.44958493,2502.863057878556,2.082967985716913,5.6773428E-5,19.733082,0.10346265,0.25253955,0.020105872,0.09662503,0.026187008,0.27218395,0.09665321,0.7271624,0.023057345,0.12670988,0.051704403,0.19474322,0.10486072,null,null,null,null,"TWOGAUSSIANS",8,3.727739,0.25267956,0.019719306,0.4,0.0,0.24462636,0.021000272,0.7271624,0.023057345,0.4,0.0,0.16697614,0.03472772
375316653866487564,4041826291650909056,0.43514138,2427.812536489824,2.1708968698398734,3.0571755E-5,18.397076,0.006926553,0.31337643,1.158216E-5,0.007682235,3.1230206E-4,0.76826483,0.072987825,0.79679894,0.007972163,0.025009815,0.0046401126,0.17558756,0.01390754,null,null,null,null,"TWOGAUSSIANS",8,4.6220675,0.31337643,1.158216E-5,0.043020517,0.0017488915,0.76826483,0.072987825,0.79679894,0.007972163,0.14005496,0.02598463,0.17558756,0.01390754
375316653866487564,4041826325959535360,0.45067927,2525.2670116073023,2.0160823073435274,7.6141085E-5,18.67174,0.008954324,0.2013104,0.0011184727,0.02149927,0.0026508735,3.3060243,1.9548604,0.71745247,0.118352994,0.10027585,0.0763796,0.05316623,0.022444492,null,null,null,null,"TWOGAUSSIANS",8,3.253018,0.2013104,0.0011184727,0.12039591,0.014844892,3.306005,1.9548825,0.71745247,0.118352994,0.4,0.22554491,0.053146522,0.022484604
375316653866487564,4041826356180906496,0.45992583,2438.9552193891336,3.260979698747084,7.222658E-5,19.573046,0.009173697,0.1923637,0.011447624,0.052498735,0.013476348,0.23471858,0.026536465,0.4230214,0.027472652,0.031283267,0.019624276,0.08987742,0.30675897,null,null,null,null,"TWOGAUSSIANS",8,2.2543252,0.1923637,0.011447624,0.29399294,0.07546754,0.23471858,0.026536465,0.4230214,0.027472652,0.17518629,0.109895945,0.089892514,0.3067485
375316653866487564,4041826356180917376,0.473163,2378.7762326658462,0.11859332415597769,4.6327346E-5,19.62261,0.037785333,0.23105451,0.030724792,0.07277185,0.0446026,0.23976782,0.037035033,0.7148841,0.0049193352,0.05522885,0.014010478,0.20909385,0.028602635,null,null,null,null,"TWOGAUSSIANS",8,2.186258,0.23105451,0.030724792,0.4,0.07276603,0.23963603,0.03799162,0.7148841,0.0049193352,0.30928156,0.078458674,0.20896207,0.026807113
375316653866487564,4041826527979331200,0.60869694,2406.3488770881663,1.169603944376386,1.3895351E-5,15.816521,0.0038001814,0.279873,0.0023980432,0.03900692,0.0024503202,0.49022493,0.016734282,0.7386194,0.012757903,0.005349428,0.0052671065,0.2715791,493.17935,0.035342265,0.005512839,0.279873,0.0023980432,"TWOGAUSSIANS_WITH_ELLIPSOIDAL_ON_ECLIPSE1",9,19.530483,0.279873,0.0023980432,0.21843874,0.013721793,0.5609094,0.016276946,0.73863935,0.012754135,0.029956795,0.029495798,0.33762237,493.17896
375316653866487564,4041826768393784832,0.44512847,2440.9883276360692,1.6376549985638864,5.1410905E-5,19.038267,0.2006575,0.24454063,0.012848823,0.07356186,0.025548689,0.15382753,0.095655866,0.7345025,0.019707056,0.14392777,0.1356292,0.15216112,0.19157344,null,null,null,null,"TWOGAUSSIANS",8,4.3208117,0.24468063,0.012852041,0.4,0.051629767,0.13625883,0.024367182,0.7345025,0.019707056,0.4,0.0,0.1338435,0.021333426
375316653866487564,4041826871472932864,0.46804145,2430.958928044471,0.6042062842058423,1.0379906E-5,17.816828,0.007206928,0.19514613,0.01604767,0.044520665,0.010201278,0.26672897,0.10103289,0.6931491,0.0048450534,0.0321772,0.0061900634,0.23297797,0.054470424,null,null,null,null,"TWOGAUSSIANS",8,15.653227,0.19514613,0.01604767,0.24931571,0.057127155,0.26672897,0.1010329,0.6931491,0.0048450534,0.1801923,0.034664355,0.23297797,0.054470424
375316653866487564,4041826974552221824,0.44695184,2521.2023426679625,0.4764933901724766,5.754449E-6,19.260412,0.0114031695,0.15098548,2.5565294E-4,0.014444899,8.842202E-4,1.5835165,0.42026198,0.68377256,0.05616108,0.09733507,0.05383768,0.08284079,0.036477763,null,null,null,null,"TWOGAUSSIANS",8,3.061662,0.15098548,2.5565294E-4,0.08089144,0.004951633,1.5835154,0.42026132,0.68377256,0.05616108,0.4,0.14053652,0.08283881,0.036479108
375316653866487564,4041827008911606528,0.43848816,2514.072513841827,4.268374715376554,5.8154E-5,18.436337,0.019997671,0.33297113,0.013068014,0.038858574,0.015408812,0.29069903,0.024358444,0.7907939,0.07584892,0.028387412,0.05886302,0.399145,0.23736234,null,null,null,null,"TWOGAUSSIANS",8,4.4931297,0.7907939,0.07584892,0.1589695,0.2937137,0.399145,0.23736373,0.33297113,0.013068014,0.21760802,0.086289346,0.29069903,0.02435831
375316653866487564,4041827047565620096,0.52303344,2359.6611928705884,0.05335907513865927,5.598015E-5,19.628614,0.03724664,0.10431164,0.022783175,0.056982674,0.02521567,0.13602519,0.120395735,0.50925976,0.010540361,0.13747817,0.022530243,0.43439913,0.053056873,null,null,null,null,"TWOGAUSSIANS",8,2.3978825,0.50925976,0.010540361,0.4,0.0,0.42909366,0.05340611,0.107361645,0.028207503,0.31910297,0.118644394,0.13661411,0.118868805
375316653866487564,4041827180833978880,0.4156355,2481.7921325873267,1.9009785252114013,4.404093E-5,19.001554,0.005860471,0.10196876,0.00399294,0.019409034,0.0031306779,0.1606818,0.018077496,0.61974406,0.0042517637,0.026986938,0.0042694765,0.15532161,0.019253835,null,null,null,null,"TWOGAUSSIANS",8,2.8546283,0.10196876,0.00399294,0.10869059,0.017531797,0.1606818,0.018077496,0.61974406,0.0042517637,0.15112685,0.02390907,0.15532161,0.019253835
375316653866487564,4041827215193414144,0.41853204,2457.395612632878,1.347412420817032,1.2745876E-4,19.011665,0.008485757,0.3775886,0.017044263,0.030819643,0.011189662,0.08328093,0.037501592,0.85624355,0.003126441,0.025913436,0.008876878,0.99324185,1.7345338,null,null,null,null,"TWOGAUSSIANS",8,5.325093,0.85624355,0.003126441,0.14511524,0.049710512,0.99324185,1.7345338,0.3775886,0.017044263,0.17259,0.06266211,0.08328093,0.037501592
375316653866487564,4041827318273260160,0.5209861,2370.3348469490024,2.187027979331864,1.6259686E-5,19.474571,0.12408763,0.29427072,0.0065157395,0.10730531,0.0309605,0.29382083,0.11613309,0.79042774,0.005220449,0.12155754,0.030617705,0.34641233,0.11785955,null,null,null,null,"TWOGAUSSIANS",8,1.1274984,0.79042774,0.005220449,0.4,0.0,0.28969517,0.028453456,0.29429075,0.006509891,0.4,0.0,0.23724015,0.024729535
375316653866487564,4041827558791224832,0.44234332,2433.198406604972,0.18619222205390995,3.8657643E-5,18.249672,0.0052773575,0.44150445,0.03804862,0.087133326,0.034429666,0.03632438,0.021669464,0.7874013,0.0043165,0.036242224,0.0037233415,0.3233554,0.055567257,null,null,null,null,"TWOGAUSSIANS",8,2.984615,0.7874013,0.0043165,0.20295645,0.020850712,0.32336906,0.05556972,0.44150445,0.03804862,0.4,0.038874514,0.036324285,0.02166964
375316653866487564,4041827562973748992,0.43292454,2481.6686126122813,0.18642741213368158,2.3776945E-5,19.393867,0.011396604,null,null,null,null,null,null,null,null,null,null,null,null,0.12984583,0.015511839,0.28401363,0.009098953,"ELLIPSOIDAL",4,5.552983,null,null,null,null,null,null,null,null,null,null,null,null
375316653866487564,4041827627511475200,0.47714138,2433.6715139089665,0.3764236994396431,2.2063386E-5,17.388638,0.008123457,0.2840548,0.015854448,0.023771,0.011512993,0.03527373,0.019984083,0.76739347,0.021969201,0.042703327,0.029819857,0.30570045,0.17617472,0.024370171,0.013692916,0.2840548,0.015854448,"TWOGAUSSIANS_WITH_ELLIPSOIDAL_ON_ECLIPSE1",9,15.181443,0.76776344,0.021529647,0.23913863,0.15951036,0.3539204,0.17983732,0.2840548,0.015854448,0.13311759,0.06447276,0.08401407,0.014625909
375316653866487564,4041827661871750528,0.4220928,2492.2612113946684,0.6881823421871317,3.445309E-5,19.412144,0.024510384,0.26939738,0.035284642,0.18372299,0.05720087,0.09099483,0.028680548,0.62087977,0.005893416,0.033815026,0.009184905,0.20860742,0.0450107,null,null,null,null,"TWOGAUSSIANS",8,3.4911115,0.62087977,0.005893416,0.18936414,0.051435467,0.21888657,0.04802563,0.26939738,0.035284642,0.4,0.0,0.08649798,0.023950955
375316653866487564,4041827730591698304,0.45139703,2402.302056414087,0.0622749591020375,8.526398E-5,19.113352,0.00589097,0.20238991,0.022205638,0.104662195,0.023899345,0.103589766,0.013160298,0.57521707,0.013140306,0.069540076,0.017196855,0.13676886,0.02159521,null,null,null,null,"TWOGAUSSIANS",8,2.6076183,0.57521707,0.013140306,0.3894244,0.05304995,0.13660485,0.021553496,0.20238991,0.022267248,0.4,0.0,0.103243895,0.013295227
375316653866487564,4041827734761638656,0.45791328,2451.465593329179,3.6938734340231907,4.61703E-5,19.68471,0.015047794,0.30254468,0.017233312,0.055021685,0.028295545,0.121575646,0.1528261,0.74871707,0.013086221,0.033966545,0.007717959,0.29082665,0.061188933,null,null,null,null,"TWOGAUSSIANS",8,3.6172163,0.74871707,0.013086221,0.19021264,0.043220572,0.29082665,0.061188933,0.30254468,0.017233312,0.3081214,0.15845504,0.12157564,0.15282612
375316653866487564,4041827803429181824,0.45677683,2411.455861397511,2.9833014793448878,4.5790446E-5,19.25416,0.03478414,0.27174655,0.032267794,0.036375657,0.03942084,0.20497133,0.08559845,0.7607538,0.035659887,0.056327473,0.035974383,0.22390167,0.07496911,0.04878302,0.041309793,0.27174655,0.032267794,"TWOGAUSSIANS_WITH_ELLIPSOIDAL_ON_ECLIPSE1",9,13.494683,0.7618338,0.02584111,0.31543383,0.12553594,0.3210435,0.040192235,0.27174655,0.032267794,0.20370369,0.20397921,0.30253232,0.029438246
375316653866487564,4041827902388039552,0.42594483,2492.2430734905543,0.5045735814010666,1.1935903E-4,19.960648,0.016283756,0.21376193,0.0035663538,0.048158683,0.020927727,0.43787035,0.19927178,0.7728359,0.06588814,0.06431923,0.089659974,0.12508391,6.1202182E10,null,null,null,null,"TWOGAUSSIANS",8,3.920101,0.21376193,0.0035663538,0.26968864,0.11719527,0.43786854,0.19932662,0.7728359,0.06588814,0.3601877,0.49323824,0.1250821,6.1202182E10
375316653866487564,4041827975278882688,0.43910953,2489.901616104121,3.8455844917243276,3.7756323E-5,18.873833,0.009719612,0.30043584,0.001781292,0.008344108,0.0026931746,0.8147698,0.6190727,0.6426565,0.012252071,0.059808005,0.019475799,0.15437822,0.036755674,null,null,null,null,"TWOGAUSSIANS",8,5.62166,0.30043584,0.001781292,0.046727005,0.015081778,0.8147698,0.6190726,0.6426565,0.012252071,0.33492482,0.10819184,0.15437822,0.036755674
375316653866487564,4041828043998575616,0.4720234,2449.0139944079356,0.9822188471991194,4.976729E-5,18.606966,0.026641449,0.23456529,0.014175887,0.09567107,0.019096863,0.16304484,0.027236672,0.72722965,0.0095202625,0.091389224,0.01850273,0.2033059,0.02648558,null,null,null,null,"TWOGAUSSIANS",8,7.1276236,0.72722965,0.0095202625,0.4,0.0,0.19414015,0.019347392,0.23456529,0.014175887,0.4,0.0,0.15387882,0.016096678
375316653866487564,4041828142907260416,0.43974388,2535.5100262516926,0.3112872272881898,7.194027E-5,19.069405,0.02860105,0.4033812,0.031011235,0.16819312,0.077123664,0.100087725,0.025383059,0.66147906,0.0046492703,0.027427644,0.009633864,0.32693213,1.1908168,null,null,null,null,"TWOGAUSSIANS",8,5.6421075,0.66147906,0.0046492703,0.1535948,0.053949643,0.35536093,1.1932055,0.4033812,0.031011235,0.4,0.0,0.09767554,0.022783706
375316653866487564,4041828177056870528,0.53280264,2466.5173246944105,0.8920636142200279,7.8735675E-6,15.200566,0.0036970612,0.28333145,0.0013806417,0.035003837,0.0019517879,0.36539024,0.041135546,0.7856266,0.0054913834,0.021682745,0.003953275,0.030924981,0.008512983,0.016544405,0.0039398135,0.28333145,0.0013806417,"TWOGAUSSIANS_WITH_ELLIPSOIDAL_ON_ECLIPSE1",9,72.70266,0.28333145,0.0013806417,0.1960215,0.010930012,0.398479,0.041537043,0.7856266,0.0054662083,0.12142338,0.022138339,0.06400686,0.0031783693
375316653866487564,4041828177266970752,0.48507133,2465.618545793027,2.41130301200074,1.9485737E-5,17.840723,0.052804384,0.3025009,0.063399665,0.06827242,0.054275963,0.16218373,117.298035,0.7959429,0.0051336573,0.0506689,0.020805672,0.2476547,0.11060217,0.12251041,0.06540671,0.7959429,0.0051336573,"TWOGAUSSIANS_WITH_ELLIPSOIDAL_ON_ECLIPSE2",9,44.24373,0.7959429,0.0051336573,0.28374583,0.116511755,0.4925342,0.046405222,0.3001609,0.049915526,0.38232556,0.30085123,0.40679592,117.35152
375316653866487564,4041828245776364288,0.51054776,2524.1640949333273,0.02660525470804677,2.816234E-5,14.418404,0.01928467,0.116097,0.004701224,0.12696803,0.029659444,0.091112725,0.014155324,0.7177223,0.04344527,0.044067398,0.031161817,0.14383414,0.035954844,null,null,null,null,"TWOGAUSSIANS",8,6.976345,0.7179423,0.043392744,0.24677743,0.1542247,0.14413033,0.039581783,0.116097,0.004701224,0.4,0.0,0.09074235,0.01411218
375316653866487564,4041828417786066688,0.4221567,2489.563967661805,3.9901588630810854,2.1575985E-4,18.651312,0.013286437,0.26639494,0.06488403,0.042537656,0.039652027,0.064500466,0.055194356,0.75945544,0.031406697,0.020840516,0.0102174515,1.0196841,1.7792679,null,null,null,null,"TWOGAUSSIANS",8,3.363811,0.75945544,0.031406697,0.11670689,0.05721773,1.0196841,1.7792679,0.26639494,0.06488403,0.23821087,0.17509931,0.064500466,0.055194266
