Gaia/vari_eclipsing_binary/VariEclipsingBinary_477896-477915.csv
# %ECSV 1.0
# ---
# delimiter: ','
# meta: !!omap
# - RELEASE: Gaia DR3
# - TABLE: vari_eclipsing_binary
# - DESCRIPTION: >
#     This table describes the properties of the eclipsing binaries resulting from the variability analysis. 
# - CITATION: >
#     How to cite and acknowledge Gaia: 
#     https://gea.esac.esa.int/archive/documentation/credits.html 
# - KNOWN_ISSUES: >
#     Known issues: 
#     https://www.cosmos.esa.int/web/gaia-users/known-issues 
# - DOCUMENTATION: >
#     Tutorials and documentation: 
#     https://www.cosmos.esa.int/web/gaia-users/archive 
# datatype:
# - 
#   name: solution_id
#   datatype: int64
#   description: Solution Identifier
#   meta:
#     ucd: meta.version
# - 
#   name: source_id
#   datatype: int64
#   description: Unique source identifier
#   meta:
#     ucd: meta.id;meta.main
# - 
#   name: global_ranking
#   datatype: float32
#   description: Number between 0 (worst) and 1 (best)
#   meta:
#     ucd: stat.param
# - 
#   name: reference_time
#   datatype: float64
#   unit: d
#   description: Reference time used for the geometric model fit
#   meta:
#     ucd: time.epoch
# - 
#   name: frequency
#   datatype: float64
#   unit: d**-1
#   description: Frequency of geometric model of the eclipsing binary light curve
#   meta:
#     ucd: src.orbital
# - 
#   name: frequency_error
#   datatype: float32
#   unit: d**-1
#   description: "Uncertainty of \\texttt{frequency}"
#   meta:
#     ucd: stat.error
# - 
#   name: geom_model_reference_level
#   datatype: float32
#   unit: mag
#   description: Magnitude reference level of geometric model
#   meta:
#     ucd: phot.mag;em.opt
# - 
#   name: geom_model_reference_level_error
#   datatype: float32
#   unit: mag
#   description: "Uncertainty of \\texttt{geomModelReferenceLevel}"
#   meta:
#     ucd: stat.error;phot.mag;em.opt
# - 
#   name: geom_model_gaussian1_phase
#   datatype: float32
#   description: Phase of the Gaussian 1 component
#   meta:
#     ucd: time.phase
# - 
#   name: geom_model_gaussian1_phase_error
#   datatype: float32
#   description: "Uncertainty of \\texttt{geomModelGaussian1Phase}"
#   meta:
#     ucd: stat.error;time.phase
# - 
#   name: geom_model_gaussian1_sigma
#   datatype: float32
#   description: "Standard deviation [phase] of Gaussian 1 component"
#   meta:
#     ucd: stat.stdev
# - 
#   name: geom_model_gaussian1_sigma_error
#   datatype: float32
#   description: "Uncertainty of \\texttt{geomModelGaussian1Sigma}"
#   meta:
#     ucd: stat.error
# - 
#   name: geom_model_gaussian1_depth
#   datatype: float32
#   unit: mag
#   description: Magnitude depth of Gaussian 1 component
#   meta:
#     ucd: src.var.amplitude
# - 
#   name: geom_model_gaussian1_depth_error
#   datatype: float32
#   unit: mag
#   description: "Uncertainty of \\texttt{geomModelGaussian1Depth}"
#   meta:
#     ucd: stat.error;src.var.amplitude
# - 
#   name: geom_model_gaussian2_phase
#   datatype: float32
#   description: Phase of Gaussian 2 component
#   meta:
#     ucd: time.phase
# - 
#   name: geom_model_gaussian2_phase_error
#   datatype: float32
#   description: "Uncertainty of \\texttt{geomModelGaussian2Phase}"
#   meta:
#     ucd: stat.error;time.phase
# - 
#   name: geom_model_gaussian2_sigma
#   datatype: float32
[...]
#   datatype: float32
#   description: "Secondary eclipse: uncertainty of \\texttt{derivedSecondaryEclDuration}"
#   meta:
#     ucd: stat.error;time.duration
# - 
#   name: derived_secondary_ecl_depth
#   datatype: float32
#   unit: mag
#   description: "Secondary eclipse: depth"
#   meta:
#     ucd: src.var.amplitude
# - 
#   name: derived_secondary_ecl_depth_error
#   datatype: float32
#   unit: mag
#   description: "Secondary eclipse: uncertainty of \\texttt{derivedSecondaryEclDepth}"
#   meta:
#     ucd: stat.error;src.var.amplitude
solution_id,source_id,global_ranking,reference_time,frequency,frequency_error,geom_model_reference_level,geom_model_reference_level_error,geom_model_gaussian1_phase,geom_model_gaussian1_phase_error,geom_model_gaussian1_sigma,geom_model_gaussian1_sigma_error,geom_model_gaussian1_depth,geom_model_gaussian1_depth_error,geom_model_gaussian2_phase,geom_model_gaussian2_phase_error,geom_model_gaussian2_sigma,geom_model_gaussian2_sigma_error,geom_model_gaussian2_depth,geom_model_gaussian2_depth_error,geom_model_cosine_half_period_amplitude,geom_model_cosine_half_period_amplitude_error,geom_model_cosine_half_period_phase,geom_model_cosine_half_period_phase_error,model_type,num_model_parameters,reduced_chi2,derived_primary_ecl_phase,derived_primary_ecl_phase_error,derived_primary_ecl_duration,derived_primary_ecl_duration_error,derived_primary_ecl_depth,derived_primary_ecl_depth_error,derived_secondary_ecl_phase,derived_secondary_ecl_phase_error,derived_secondary_ecl_duration,derived_secondary_ecl_duration_error,derived_secondary_ecl_depth,derived_secondary_ecl_depth_error
[from data line 564]
375316653866487564,4203777344973859200,0.49221408,2159.2357370479076,0.4869483217300834,3.5324178E-5,18.579418,0.02875271,0.2728365,0.011814113,0.09356019,0.019245973,0.14426921,0.02951771,0.6032252,0.008263022,0.07682928,0.014816629,0.13162273,0.0301634,null,null,null,null,"TWOGAUSSIANS",8,1.7605708,0.2728765,0.011765694,0.4,0.0,0.14415987,0.029196804,0.6032252,0.008263022,0.4,0.024294654,0.13178338,0.030228503
375316653866487564,4203777512447214336,0.4927462,2143.641375855449,0.1465108211655913,9.828682E-5,18.145208,0.008790089,0.24669136,0.034141663,0.083108746,0.02397358,0.19770399,0.05025367,0.6916816,0.0048749363,0.046011336,0.008807665,0.20557329,0.0500835,null,null,null,null,"TWOGAUSSIANS",8,1.6519423,0.6916816,0.0048749363,0.2576635,0.04932292,0.2055361,0.050128825,0.24669136,0.034141663,0.4,0.05818024,0.19766669,0.05032302
375316653866487564,4203777688570729216,0.51025087,2141.3165120929266,3.636051866149584,1.9124138E-5,18.593925,0.05967356,0.3126893,0.016429165,0.112416446,0.023210917,0.31551674,0.06909664,0.8511774,0.0053074784,0.089371435,0.017656103,0.38704997,0.044173848,null,null,null,null,"TWOGAUSSIANS",8,5.0975194,0.85122734,0.0052475096,0.4,0.0,0.36769038,0.040215507,0.3126893,0.01642816,0.4,0.0,0.2960854,0.05588764
375316653866487564,4203777860397873792,0.6363071,2157.6974810350202,4.064303820770192,1.3599749E-5,16.255083,0.022814,0.28559092,0.0023830316,0.06989031,0.0054012565,0.41267246,0.02119286,0.78597593,0.0077875443,0.07587985,0.021390446,0.28756535,0.056534067,null,null,null,null,"TWOGAUSSIANS",8,17.109224,0.28559092,0.0023830316,0.39138573,0.017498633,0.41078928,0.01669219,0.78597593,0.0077875443,0.4,0.0,0.28568217,0.06033134
375316653866487564,4203778169608523904,0.49822983,2184.6132939486383,2.095105817238509,3.1059928E-5,18.126894,0.01699125,0.28498578,0.010511952,0.09620062,0.028040022,0.05502366,0.01622056,0.7500947,0.008888003,0.112591475,0.017871633,0.1492373,0.017190363,null,null,null,null,"TWOGAUSSIANS",8,1.3179314,0.7500947,0.008888003,0.4,0.0,0.14229013,0.01432166,0.28515577,0.010304281,0.4,0.0,0.048107356,0.008214195
375316653866487564,4203778203964986880,0.48376936,2129.901091375486,0.20537157109683055,1.01101155E-4,18.97372,0.04069465,0.23366891,0.010725053,0.1386189,0.033040192,0.15790692,0.03840177,0.7678835,0.069072895,0.038496453,0.022473313,1.5603764,2.6652942,null,null,null,null,"TWOGAUSSIANS",8,2.2999666,0.7678935,0.069126084,0.21558015,0.12585056,1.5568514,2.6667502,0.23366891,0.010725053,0.4,0.0,0.15372989,0.027651202
375316653866487564,4203778341434030080,0.54645205,2168.8113462388933,2.5644293629375587,1.8800649E-5,19.446095,0.045089886,0.3066108,0.006700239,0.07530117,0.012048873,0.45076874,0.03842288,0.79590386,0.01607146,0.07168036,0.03759892,0.40062508,0.15352751,null,null,null,null,"TWOGAUSSIANS",8,2.2709389,0.3066108,0.006700239,0.4,0.014114833,0.44873533,0.03523446,0.79590386,0.01607146,0.4,0.17493007,0.39859167,0.15743029
375316653866487564,4203778508886320256,0.5077371,2147.919548904396,2.853981883383521,1.554244E-5,18.846798,0.004401878,null,null,null,null,null,null,null,null,null,null,null,null,0.119818114,0.00824074,0.34987006,0.0034142784,"ELLIPSOIDAL",4,2.8173356,null,null,null,null,null,null,null,null,null,null,null,null
375316653866487564,4203778719362345600,0.5549433,2218.7572128940033,0.011306966345569996,5.1606007E-6,19.68666,0.03967756,0.66709846,5.1845895E-5,0.0049602687,4.362621E-4,6.7319126,2.9575458,0.40611282,0.025998343,0.13338278,0.04133306,0.35118136,0.042269226,null,null,null,null,"TWOGAUSSIANS",8,2.6965845,0.66709846,5.1845895E-5,0.027777504,0.0024430677,6.78307,3.0334275,0.40611282,0.025998343,0.4,0.0,0.35055733,0.037776224
375316653866487564,4203779097319518336,0.47865966,2151.15312671716,2.150136439755382,7.184856E-5,19.517653,0.007934278,0.21879515,0.0083836345,0.03559457,0.0062089646,0.18725476,0.017685095,0.7405186,0.030308334,0.037997875,0.025348008,0.0828799,0.274792,null,null,null,null,"TWOGAUSSIANS",8,1.4875419,0.21879515,0.0083836345,0.1993296,0.034770202,0.18725476,0.017685095,0.7405186,0.030308334,0.2127881,0.14194885,0.0828799,0.274792
375316653866487564,4203779372226356736,0.5766702,2169.795929549559,2.494729685194885,1.5246396E-5,15.075959,0.004545915,0.44963217,0.002342754,0.016182613,0.0032452377,0.055315893,0.0066825175,0.7865485,0.0028566844,0.04270338,0.009806575,0.11279618,0.0131328935,0.1286969,0.009042613,0.7865485,0.0028566844,"TWOGAUSSIANS_WITH_ELLIPSOIDAL_ON_ECLIPSE2",9,96.408,0.7865485,0.0028566844,0.23913892,0.05491682,0.37018993,0.011072817,0.44157216,0.0061987834,0.090622626,0.018173331,0.13014807,0.009252581
375316653866487564,4203779539672716416,0.5533748,2179.062102593162,2.4689511334857768,4.313334E-5,18.445028,0.0076980283,0.21167988,0.0057517644,0.06298145,0.0103461025,0.21019696,0.016737765,0.70605916,0.020147894,0.024068423,0.022039268,0.15246247,0.28182134,0.104242064,0.011669353,0.21167988,0.0057517644,"TWOGAUSSIANS_WITH_ELLIPSOIDAL_ON_ECLIPSE1",9,4.844489,0.21167988,0.0057517644,0.3526961,0.054013506,0.4186007,0.013292167,0.7063892,0.01983655,0.13478316,0.123419896,0.3606216,0.2897145
375316653866487564,4203779543996946688,0.5963147,2173.33092599718,3.907769921331816,3.5310208E-5,18.559202,0.010816717,0.21201783,0.00390973,0.07048232,0.0040741013,0.5256026,0.022238612,0.71569306,0.005980183,0.07339708,0.0041849464,0.49680182,0.02153261,null,null,null,null,"TWOGAUSSIANS",8,3.5830967,0.21201783,0.00390973,0.39470097,0.018593783,0.5233739,0.022101656,0.71569306,0.005980183,0.4,0.0,0.49457312,0.021141281
375316653866487564,4203779818875685760,0.5100134,2174.487070323282,2.6475201214537503,2.2638758E-5,18.590338,0.04423894,0.28073895,0.019272894,0.10668038,0.03146263,0.33654672,0.036702562,0.76711637,0.0078179,0.082764216,0.017804857,0.31286463,0.07893849,null,null,null,null,"TWOGAUSSIANS",8,7.115728,0.28073895,0.019272894,0.4,0.0,0.32016644,0.028266754,0.76711637,0.0078179,0.4,0.015525261,0.29649773,0.08028255
375316653866487564,4203779848931187072,0.5515478,2230.477591274565,0.25255279323799645,3.1976448E-5,18.988012,0.01347524,0.5419149,0.008202543,0.0058859033,0.0036432194,0.9591137,3.1776774,0.30495065,0.029208684,0.01667238,0.033047527,0.042064387,0.34510982,null,null,null,null,"TWOGAUSSIANS",8,1.8749013,0.5419149,0.008202543,0.032961056,0.020402027,0.9591137,3.1776774,0.30495065,0.029208684,0.093365334,0.18506615,0.042064387,0.34510982
375316653866487564,4203780231219872768,0.5418562,2182.4496860197837,1.4272396040775097,1.7902803E-5,13.592566,0.03234291,0.3068806,0.0070311483,0.12028211,0.025807735,0.11133499,0.03022855,0.80132824,0.0052186153,0.11277146,0.023981506,0.10534907,0.031530444,null,null,null,null,"TWOGAUSSIANS",8,31.886736,0.3068906,0.0070417235,0.4,0.0,0.090740174,0.0058842087,0.80132824,0.0052186153,0.4,0.0,0.08478273,0.004831051
375316653866487564,4203780810982252160,0.61201,2216.7747246330036,1.1828947813804433,1.0390588E-5,16.45649,0.00897934,0.2425669,0.0057722335,0.09038302,0.0059117847,0.2817243,0.011649091,0.745541,0.0017179694,0.09680539,0.0040725544,0.22123037,0.009576209,null,null,null,null,"TWOGAUSSIANS",8,7.403748,0.2425669,0.0057722335,0.4,0.0,0.26830706,0.007715367,0.745541,0.0017179694,0.4,0.0,0.20781253,0.006942277
375316653866487564,4203781227626463616,0.50094384,2206.636843975053,2.455681897999963,3.666579E-5,19.552391,0.011838616,0.24766633,0.03595712,0.06510969,0.03026557,0.3463311,0.28891024,0.73403263,0.00789975,0.074652,0.0079878,0.3889501,0.030009812,null,null,null,null,"TWOGAUSSIANS",8,2.068663,0.73403263,0.00789975,0.4,0.002535292,0.38809183,0.030144297,0.24766633,0.03595712,0.36461425,0.16886066,0.3454728,0.2894042
375316653866487564,4203781468144773248,0.41847906,2158.253614621976,0.427784859892202,2.6860274E-5,19.279371,0.32796192,0.3096536,0.027272781,0.23722677,0.11634637,0.45984408,0.31749916,0.9131025,0.027773308,0.0994773,0.030650629,0.23155464,0.069656715,null,null,null,null,"TWOGAUSSIANS",8,2.7025633,0.30924362,0.026784334,0.4,0.0,0.3017023,0.031145632,0.9491825,0.010820875,0.4,0.0,0.21556327,0.023399722
375316653866487564,4203781743048578944,0.53256613,2164.2737846586306,0.029148122429088822,2.2568594E-5,19.038889,0.0067352057,0.23044255,0.0052383873,0.068228535,0.009789593,0.25161636,0.01868419,0.7172818,0.0022213934,0.061631802,0.042742517,0.32828107,0.24683186,null,null,null,null,"TWOGAUSSIANS",8,1.7717621,0.7172818,0.0022213934,0.3451381,0.14952028,0.3280495,0.24897268,0.23044255,0.0052383873,0.38207978,0.041415844,0.2513848,0.019401956
375316653866487564,4203781811743456512,0.50219375,2126.328200587973,0.27993640469947206,8.84798E-6,19.27806,0.006429259,0.16633783,0.009765282,0.07380725,0.007494412,0.1709904,0.016599622,0.7181174,4.843679E-4,0.028171577,0.00282627,0.19949487,0.007765359,null,null,null,null,"TWOGAUSSIANS",8,1.3701342,0.7181174,4.843679E-4,0.15776083,0.015827112,0.19949473,0.007765141,0.16633783,0.009765282,0.4,0.0068189343,0.17099024,0.01659961
375316653866487564,4203782116652499072,0.49370196,2239.6879476582126,1.994499092081576,3.7485548E-5,17.808102,0.023377046,0.37788782,0.039861098,0.046963308,0.03874102,0.37735498,0.10199334,0.8598287,0.010871412,0.007879528,0.008713612,0.36297733,0.1316953,null,null,null,null,"TWOGAUSSIANS",8,46.81094,0.37788782,0.039861098,0.26299453,0.203041,0.37735498,0.101993345,0.8598287,0.010871412,0.04412536,0.04879623,0.36297733,0.1316953
375316653866487564,4203782533322624896,0.53984654,2215.2631197800033,2.4872592081925142,1.9346558E-5,16.793827,0.028773589,0.21125302,0.009610489,0.094151214,0.016585415,0.28997552,0.025410509,0.72867054,0.005234955,0.097054794,0.013675895,0.28646573,0.02868303,null,null,null,null,"TWOGAUSSIANS",8,26.41038,0.21125302,0.009610454,0.4,0.0,0.27516755,0.0140547715,0.72867054,0.0052349647,0.4,0.0,0.27165702,0.021823218
375316653866487564,4203782842560073472,0.4921569,2167.7291587083223,0.6754643985037728,9.439012E-6,18.386171,0.0067427047,0.3422384,0.013588237,0.057227284,0.013901661,0.058689516,0.02154162,0.80080813,0.0032775577,0.01024945,8.2193315E-4,1.7626866,0.5955037,null,null,null,null,"TWOGAUSSIANS",8,5.081338,0.80080813,0.0032775577,0.05739692,0.0046028257,1.7626866,0.5955037,0.3422384,0.013588237,0.32047278,0.0778493,0.058689516,0.02154162
375316653866487564,4203783113085037440,0.5665205,2195.027722274518,2.5960988786832826,2.1807893E-5,18.442696,0.019675396,0.25159982,0.0033486525,0.07216435,0.006825464,0.32554743,0.034077678,0.74903053,0.010697561,0.07566543,0.014827443,0.45324048,0.07021424,null,null,null,null,"TWOGAUSSIANS",8,3.8689704,0.74903053,0.010697561,0.4,0.0,0.45085806,0.074438624,0.25159982,0.0033486525,0.4,0.0118203955,0.32316497,0.033936746
375316653866487564,4203783357956389504,0.6884474,2216.580021558044,1.619219032080036,2.7289097E-6,16.991476,0.003780976,0.6702055,4.9387105E-4,0.045185108,0.0011526119,0.4591847,0.007080039,null,null,null,null,null,null,0.026532525,0.0043457956,0.6702055,4.9387105E-4,"ONEGAUSSIAN_WITH_ELLIPSOIDAL",6,2.3558574,0.6702055,4.9387105E-4,0.2530366,0.0064546266,0.5122496,0.0047489414,null,null,null,null,null,null
375316653866487564,4203783387962153600,0.6105322,2199.0744901093617,2.403889577597168,5.2146816E-6,11.949896,0.0044530127,0.2704047,0.0015987223,0.09033789,0.003279445,0.28489155,0.009180069,0.76784945,0.0011978875,0.09700045,0.0031610022,0.22339445,0.0040241256,null,null,null,null,"TWOGAUSSIANS",8,117.87854,0.2704047,0.0015987223,0.4,0.0,0.2711762,0.010338827,0.76784945,0.0011978875,0.4,0.0,0.20967847,0.004429074
375316653866487564,4203783461009423104,0.4456859,2202.9405819370695,0.6471910534347288,5.1966155E-5,19.962017,0.010725119,null,null,null,null,null,null,null,null,null,null,null,null,0.11337017,0.01837788,0.26416603,0.008667014,"ELLIPSOIDAL",4,2.3391244,null,null,null,null,null,null,null,null,null,null,null,null
375316653866487564,4203783873352310656,0.7051622,2258.7898555453353,0.09714076770889037,1.0373014E-6,15.117019,0.0012901231,0.6935877,7.017026E-5,0.008062575,6.353911E-5,0.45233428,0.002398066,0.1527856,0.16530806,0.086961225,0.08849602,0.010555963,32.655697,null,null,null,null,"TWOGAUSSIANS",8,7.48269,0.6935877,7.017026E-5,0.04515042,3.55819E-4,0.45233428,0.0023984814,0.1527856,0.16530806,0.4,0.37339792,0.010555961,32.655697
375316653866487564,4203784320004120448,0.5252179,2183.382727535355,3.124816314045702,3.9145903E-5,19.524864,0.02574686,0.25396284,0.0077753677,0.08734118,0.015083673,0.35997584,0.029392412,0.73903364,0.012075915,0.09262435,0.017117357,0.28338087,0.04042731,null,null,null,null,"TWOGAUSSIANS",8,1.8049872,0.25396284,0.0077753677,0.4,0.0,0.34937796,0.03394022,0.73903364,0.012075915,0.4,0.0,0.27278268,0.040490847
375316653866487564,4203784354363839488,0.46135202,2219.9921298756544,0.19980508005426328,5.587796E-6,18.456205,0.008549707,0.39171335,8.185687E-4,0.02810089,0.0024255926,0.21290262,0.021962462,0.76024616,0.074187554,0.06908467,0.044406194,0.07873632,0.03818008,null,null,null,null,"TWOGAUSSIANS",8,2.7256138,0.39171335,8.185687E-4,0.15736498,0.013583318,0.21290268,0.021962471,0.76024616,0.074187554,0.3868741,0.2366654,0.07873632,0.03818008
375316653866487564,4203784487474722560,0.6199306,2227.033281687702,1.926679107367858,9.793853E-6,16.205175,0.09876579,0.21842456,0.0026458062,0.0982557,0.016813861,0.271458,0.09018973,0.71874994,0.0043597347,0.10597531,0.061859947,0.22526467,0.04648843,null,null,null,null,"TWOGAUSSIANS",8,6.872462,0.21842456,0.0026409267,0.4,0.0,0.24700592,0.006125915,0.71874994,0.0043597347,0.4,0.0,0.20080729,0.051127926
375316653866487564,4203784968530955264,0.48501453,2172.386696635311,0.5089710642827288,3.4183016E-5,18.734426,0.022564048,0.19476312,0.0060234824,0.060295798,0.009934808,0.21294408,0.02501116,0.5578091,0.025629144,0.13534245,0.014782823,0.18857145,0.04339722,null,null,null,null,"TWOGAUSSIANS",8,3.9823186,0.19656312,0.005309073,0.33765647,0.055634927,0.21638313,0.025226608,0.5578091,0.025629144,0.4,0.0,0.18675122,0.042167425
375316653866487564,4203784972833671296,0.46357092,2180.1787402858477,0.8338831419600871,1.413574E-5,18.972326,0.013358997,0.31234583,0.0033105097,0.029547658,0.00692887,0.29386666,0.14648558,0.7840666,0.010315925,0.06809298,0.018221669,0.11808982,0.006424754,null,null,null,null,"TWOGAUSSIANS",8,2.8855383,0.31234583,0.0033105097,0.16546689,0.038801674,0.29386652,0.14648658,0.7840666,0.010315925,0.38132066,0.06316752,0.11808969,0.0064251274
375316653866487564,4203785282072348800,0.49714118,2131.9792037991797,0.6939013333852712,3.05477E-5,19.37136,0.103607185,0.26850402,0.016531343,0.12317896,0.045149986,0.2785826,0.102583304,0.7592437,0.041783016,0.08833233,0.04619576,0.28017673,0.27313745,null,null,null,null,"TWOGAUSSIANS",8,2.1696413,0.7592437,0.041788835,0.4,0.09899321,0.2500585,0.28188428,0.26850402,0.016531343,0.4,0.0,0.2483107,0.02782262
375316653866487564,4203785385150253568,0.5218117,2155.540917351182,0.4487833936058861,2.2930788E-5,19.292875,0.011097595,0.3255263,0.025458267,0.06854165,0.0338802,0.051335987,0.0313035,0.6736606,0.006297816,0.04942851,0.006580844,0.22069865,0.019018428,null,null,null,null,"TWOGAUSSIANS",8,0.73517275,0.6736606,0.006297816,0.27679965,0.03685273,0.22069874,0.019025404,0.3255263,0.025458267,0.38383326,0.155495,0.051335942,0.031303
375316653866487564,4203785934907755136,0.4939444,2170.7478038004933,0.8093815947030576,7.5161704E-5,18.475752,0.005425768,0.21776456,0.017286176,0.05196468,0.03113125,0.74171805,3657.9912,0.42068893,0.008019219,0.028214104,0.008422718,0.025514886,0.0055466015,null,null,null,null,"TWOGAUSSIANS",8,2.033062,0.21776456,0.017286176,0.2910022,0.174335,0.74171805,3657.9912,0.42068893,0.008019219,0.15799898,0.047167223,0.02587703,0.005695433
