Gaia/vari_eclipsing_binary/VariEclipsingBinary_512336-512362.csv
# %ECSV 1.0
# ---
# delimiter: ','
# meta: !!omap
# - RELEASE: Gaia DR3
# - TABLE: vari_eclipsing_binary
# - DESCRIPTION: >
#     This table describes the properties of the eclipsing binaries resulting from the variability analysis. 
# - CITATION: >
#     How to cite and acknowledge Gaia: 
#     https://gea.esac.esa.int/archive/documentation/credits.html 
# - KNOWN_ISSUES: >
#     Known issues: 
#     https://www.cosmos.esa.int/web/gaia-users/known-issues 
# - DOCUMENTATION: >
#     Tutorials and documentation: 
#     https://www.cosmos.esa.int/web/gaia-users/archive 
# datatype:
# - 
#   name: solution_id
#   datatype: int64
#   description: Solution Identifier
#   meta:
#     ucd: meta.version
# - 
#   name: source_id
#   datatype: int64
#   description: Unique source identifier
#   meta:
#     ucd: meta.id;meta.main
# - 
#   name: global_ranking
#   datatype: float32
#   description: Number between 0 (worst) and 1 (best)
#   meta:
#     ucd: stat.param
# - 
#   name: reference_time
#   datatype: float64
#   unit: d
#   description: Reference time used for the geometric model fit
#   meta:
#     ucd: time.epoch
# - 
#   name: frequency
#   datatype: float64
#   unit: d**-1
#   description: Frequency of geometric model of the eclipsing binary light curve
#   meta:
#     ucd: src.orbital
# - 
#   name: frequency_error
#   datatype: float32
#   unit: d**-1
#   description: "Uncertainty of \\texttt{frequency}"
#   meta:
#     ucd: stat.error
# - 
#   name: geom_model_reference_level
#   datatype: float32
#   unit: mag
#   description: Magnitude reference level of geometric model
#   meta:
#     ucd: phot.mag;em.opt
# - 
#   name: geom_model_reference_level_error
#   datatype: float32
#   unit: mag
#   description: "Uncertainty of \\texttt{geomModelReferenceLevel}"
#   meta:
#     ucd: stat.error;phot.mag;em.opt
# - 
#   name: geom_model_gaussian1_phase
#   datatype: float32
#   description: Phase of the Gaussian 1 component
#   meta:
#     ucd: time.phase
# - 
#   name: geom_model_gaussian1_phase_error
#   datatype: float32
#   description: "Uncertainty of \\texttt{geomModelGaussian1Phase}"
#   meta:
#     ucd: stat.error;time.phase
# - 
#   name: geom_model_gaussian1_sigma
#   datatype: float32
#   description: "Standard deviation [phase] of Gaussian 1 component"
#   meta:
#     ucd: stat.stdev
# - 
#   name: geom_model_gaussian1_sigma_error
#   datatype: float32
#   description: "Uncertainty of \\texttt{geomModelGaussian1Sigma}"
#   meta:
#     ucd: stat.error
# - 
#   name: geom_model_gaussian1_depth
#   datatype: float32
#   unit: mag
#   description: Magnitude depth of Gaussian 1 component
#   meta:
#     ucd: src.var.amplitude
# - 
#   name: geom_model_gaussian1_depth_error
#   datatype: float32
#   unit: mag
#   description: "Uncertainty of \\texttt{geomModelGaussian1Depth}"
#   meta:
#     ucd: stat.error;src.var.amplitude
# - 
#   name: geom_model_gaussian2_phase
#   datatype: float32
#   description: Phase of Gaussian 2 component
#   meta:
#     ucd: time.phase
# - 
#   name: geom_model_gaussian2_phase_error
#   datatype: float32
#   description: "Uncertainty of \\texttt{geomModelGaussian2Phase}"
#   meta:
#     ucd: stat.error;time.phase
# - 
#   name: geom_model_gaussian2_sigma
#   datatype: float32
[...]
#   datatype: float32
#   description: "Secondary eclipse: uncertainty of \\texttt{derivedSecondaryEclDuration}"
#   meta:
#     ucd: stat.error;time.duration
# - 
#   name: derived_secondary_ecl_depth
#   datatype: float32
#   unit: mag
#   description: "Secondary eclipse: depth"
#   meta:
#     ucd: src.var.amplitude
# - 
#   name: derived_secondary_ecl_depth_error
#   datatype: float32
#   unit: mag
#   description: "Secondary eclipse: uncertainty of \\texttt{derivedSecondaryEclDepth}"
#   meta:
#     ucd: stat.error;src.var.amplitude
solution_id,source_id,global_ranking,reference_time,frequency,frequency_error,geom_model_reference_level,geom_model_reference_level_error,geom_model_gaussian1_phase,geom_model_gaussian1_phase_error,geom_model_gaussian1_sigma,geom_model_gaussian1_sigma_error,geom_model_gaussian1_depth,geom_model_gaussian1_depth_error,geom_model_gaussian2_phase,geom_model_gaussian2_phase_error,geom_model_gaussian2_sigma,geom_model_gaussian2_sigma_error,geom_model_gaussian2_depth,geom_model_gaussian2_depth_error,geom_model_cosine_half_period_amplitude,geom_model_cosine_half_period_amplitude_error,geom_model_cosine_half_period_phase,geom_model_cosine_half_period_phase_error,model_type,num_model_parameters,reduced_chi2,derived_primary_ecl_phase,derived_primary_ecl_phase_error,derived_primary_ecl_duration,derived_primary_ecl_duration_error,derived_primary_ecl_depth,derived_primary_ecl_depth_error,derived_secondary_ecl_phase,derived_secondary_ecl_phase_error,derived_secondary_ecl_duration,derived_secondary_ecl_duration_error,derived_secondary_ecl_depth,derived_secondary_ecl_depth_error
375316653866487564,4506555389511244800,0.5719825,2209.5432605717024,1.5813931157670267,4.158097E-6,18.437704,0.013638704,0.24883035,0.009948697,0.04109632,0.008129951,0.38285112,0.06254764,0.74055535,0.013264758,0.046567015,0.023005782,0.32278627,1.5677769,0.056758758,0.020449977,0.24883035,0.009948697,"TWOGAUSSIANS_WITH_ELLIPSOIDAL_ON_ECLIPSE1",9,5.1305184,0.24883035,0.009948697,0.23013937,0.045527723,0.49636844,0.041655604,0.7410253,0.013472811,0.2607753,0.12883237,0.43601435,1.5739857
375316653866487564,4506555801828151552,0.45545432,2174.29155057822,3.472257653477485,2.4011053E-5,18.35198,0.10297792,0.22741403,0.007829693,0.15164374,0.024702277,0.41677094,0.09010825,0.72170675,0.0086629195,0.20832898,0.031841923,0.4396066,0.10103161,null,null,null,null,"TWOGAUSSIANS",8,6.1942863,0.22984403,0.007936283,0.4,0.0,0.15152638,0.016105661,0.72170675,0.0086629195,0.4,0.0,0.12855448,0.008575686
375316653866487564,4506556012274931328,0.53879935,2172.3828078398838,2.514747283389438,1.6592188E-5,19.745558,0.01733867,0.21899307,0.00728096,0.107281245,0.0113315,0.20640627,0.018790161,0.6837215,0.0037062622,0.09262142,0.006647673,0.34317428,0.016481249,null,null,null,null,"TWOGAUSSIANS",8,0.5608685,0.6837215,0.0037062622,0.4,0.0,0.32886255,0.010603476,0.21899307,0.0072793313,0.4,0.0,0.19207755,0.01148894
375316653866487564,4506556145425614592,0.58065456,2208.3553609544747,2.4167596881787996,1.1528878E-5,17.04421,0.01814246,0.23768818,0.0043420303,0.096139416,0.008187203,0.3290673,0.015386714,0.7448099,0.002661317,0.09621662,0.007789991,0.3177497,0.016721854,null,null,null,null,"TWOGAUSSIANS",8,9.540216,0.23768818,0.0043420303,0.4,0.0,0.3090487,0.00808531,0.7448099,0.002661317,0.4,0.0,0.2977311,0.013981798
375316653866487564,4506556596391703296,0.54546666,2183.7294992793013,0.09877766152401506,7.311612E-6,19.737442,0.008714006,0.6436428,0.032602724,0.029420277,0.019976819,0.06499437,0.15833336,0.8093032,4.988187E-4,0.01846984,5.541697E-4,0.7277567,0.03403706,null,null,null,null,"TWOGAUSSIANS",8,1.4713815,0.8093032,4.988187E-4,0.103431106,0.0031033505,0.7277567,0.034037057,0.6436428,0.032602724,0.16475356,0.111870185,0.06499437,0.15833336
375316653866487564,4506556935699652224,0.56942034,2223.7564882107813,1.1766529210067096,7.685326E-6,17.304308,0.0051527363,0.12268336,0.0018177555,0.01958557,0.0017250638,0.60015965,0.07967564,0.6214889,5.556511E-4,0.02166622,5.3790194E-4,0.628811,0.012201238,null,null,null,null,"TWOGAUSSIANS",8,25.318691,0.6214889,5.556511E-4,0.121330835,0.0030122509,0.628811,0.012201238,0.12268336,0.0018177555,0.10967919,0.009660357,0.60015965,0.07967564
375316653866487564,4506557077427598208,0.56198317,2193.2474230684356,2.8888017955187815,1.1921431E-5,19.11349,0.0114827445,0.267265,0.0045690862,0.0748471,0.005223969,0.54038316,0.025433302,0.76880026,0.0025218602,0.07134003,0.003141343,0.6643431,0.021130603,null,null,null,null,"TWOGAUSSIANS",8,3.6081176,0.76880026,0.0025218602,0.39950418,0.011438831,0.6610222,0.020997962,0.267265,0.0045690862,0.4,0.0,0.5370622,0.025559522
375316653866487564,4506557244937371264,0.49037063,2180.7189519900385,2.4018979941015592,2.7632232E-5,19.150425,0.004899856,null,null,null,null,null,null,null,null,null,null,null,null,0.11961593,0.0066228095,0.190596,0.0049490603,"ELLIPSOIDAL",4,3.927707,null,null,null,null,null,null,null,null,null,null,null,null
375316653866487564,4506557317989811200,0.62258416,2223.2102787329773,0.5859226273570979,3.9254815E-6,17.530888,0.00466532,0.22408168,0.0034773631,0.051067363,0.0022212972,0.45695493,0.02642054,0.7240247,0.0033427097,0.055710375,0.003257128,0.10288094,0.0071256426,null,null,null,null,"TWOGAUSSIANS",8,3.513632,0.22408168,0.0034773631,0.28597724,0.012439265,0.45694777,0.026420502,0.7240247,0.0033427097,0.3119781,0.018239917,0.102873795,0.00712368
375316653866487564,4506557421023792896,0.4507987,2235.880548009358,3.139056388135765,2.2587747E-5,19.80528,0.006858229,null,null,null,null,null,null,null,null,null,null,null,null,0.102727436,0.011565167,0.16261671,0.0063843876,"ELLIPSOIDAL",4,2.6129332,null,null,null,null,null,null,null,null,null,null,null,null
375316653866487564,4506557798981273600,0.45609146,2187.472647952141,2.4078706141413173,1.6608337E-5,18.896852,0.0050985073,null,null,null,null,null,null,null,null,null,null,null,null,0.080267616,0.0075256373,0.2357717,0.006716594,"ELLIPSOIDAL",4,4.8886604,null,null,null,null,null,null,null,null,null,null,null,null
375316653866487564,4506557970824875776,0.5158587,2097.0985439848305,0.4048064976582737,5.0616483E-5,15.194337,0.0013066768,0.27971062,0.0020354495,0.017990446,0.0016715359,0.16322388,0.007292456,0.7586955,0.00824379,0.013651084,0.0075470055,0.03176525,0.019963391,null,null,null,null,"TWOGAUSSIANS",8,17.055927,0.27971062,0.0020354495,0.10074649,0.009360601,0.16322388,0.007292456,0.7586955,0.00824379,0.07644607,0.042263232,0.03176525,0.019963391
375316653866487564,4506558825485471744,0.6090186,2154.7483531107196,0.41348300899797713,1.4112979E-4,18.142086,0.0028667462,0.22555593,0.003724748,0.021805704,0.003025929,0.060357008,0.0030721638,0.7004188,0.005762551,0.038874123,0.004815853,0.9381013,0.069221996,null,null,null,null,"TWOGAUSSIANS",8,4.7688937,0.7004188,0.005762551,0.2176951,0.026968779,0.9381013,0.069221996,0.22555593,0.003724748,0.12211194,0.016945202,0.060357008,0.0030721638
375316653866487564,4506558829774608000,0.4954633,2133.6180661688722,4.066961456533992,2.0606627E-5,19.618092,0.019625425,0.31194943,0.0067094374,0.06001298,0.017473064,0.4070688,0.068727136,0.8163875,0.0035255495,0.07023823,0.006104152,0.46647507,0.05171338,null,null,null,null,"TWOGAUSSIANS",8,2.4393344,0.8163875,0.0035255495,0.3933341,0.024133176,0.46599162,0.051929194,0.31194943,0.0067094374,0.33607268,0.093553826,0.40658537,0.06993379
375316653866487564,4506559001617117696,0.6450187,2105.6110532424896,0.3478189855823418,1.6174198E-6,13.747201,0.0073589375,0.23573688,4.7094174E-4,0.03308193,9.279465E-4,0.8839163,0.019660065,0.74003303,0.00591642,0.0255779,0.0072713816,0.19453876,0.017794713,0.045482803,0.009632441,0.74003303,0.00591642,"TWOGAUSSIANS_WITH_ELLIPSOIDAL_ON_ECLIPSE2",9,347.14523,0.23577687,4.599496E-4,0.18525882,0.0051965,0.97481626,0.01783489,0.74003303,0.00591642,0.14323625,0.040719736,0.28550437,0.008137599
375316653866487564,4506559276451077504,0.47120285,2099.8815561275787,1.2726400563301847,2.9405788E-5,19.846777,0.0098999515,0.21945174,0.0019356073,0.039108053,0.003458282,0.3911311,0.03016859,0.68879175,0.018753432,0.10842046,0.026200864,0.09625719,0.020685947,null,null,null,null,"TWOGAUSSIANS",8,2.4402359,0.21945174,0.0019355298,0.2190051,0.019366378,0.39077044,0.030166104,0.68879175,0.018753432,0.4,0.0,0.09588773,0.02086762
375316653866487564,4506559375241456640,0.52581847,2094.8513932485025,2.9932342898561495,7.4225773E-6,18.738852,0.011096092,0.30293167,0.0020164095,0.07470315,0.0044932244,0.3419179,0.016705316,0.79390895,0.0035018253,0.08903133,0.0058650067,0.2631598,0.016195212,null,null,null,null,"TWOGAUSSIANS",8,2.7059407,0.30293167,0.0020164095,0.4,0.0,0.3372233,0.016978798,0.79390895,0.0035018253,0.4,0.0,0.2584651,0.015624123
375316653866487564,4506559894927637632,0.465115,2183.7606819241396,4.104415079053252,8.052183E-5,19.245676,0.0200389,0.09446872,0.016777966,0.011994124,0.0063090404,0.72735465,0.31790426,0.41908282,0.043960087,0.06103808,0.039871614,0.09695756,0.036567252,null,null,null,null,"TWOGAUSSIANS",8,11.561772,0.09446872,0.016777966,0.067167096,0.035330627,0.7273547,0.3179044,0.41908282,0.043960087,0.34181327,0.22328104,0.09695756,0.036567252
375316653866487564,4506560199874892032,0.4922925,2191.1050662027487,0.9800750626530899,5.656482E-5,18.449568,0.0022429605,0.4343134,0.0120758,0.014644623,0.005869069,0.035690956,0.013644312,0.76101273,0.0044769654,0.029344637,0.0047006123,0.13966087,0.0061973813,null,null,null,null,"TWOGAUSSIANS",8,2.0409737,0.76101273,0.0044769654,0.16432996,0.02632343,0.13966087,0.0061973813,0.4343134,0.0120758,0.08200989,0.032866787,0.035690956,0.013644312
375316653866487564,4506560406033389056,0.44579452,2208.8606380056663,1.7026676771832114,4.4828557E-5,18.830898,0.010150623,0.33866623,0.007824101,0.042413104,0.013620481,0.14203021,0.012096256,0.81040597,0.013818638,0.039479773,0.021658286,0.049197067,0.017564282,null,null,null,null,"TWOGAUSSIANS",8,4.636293,0.33866623,0.007824101,0.2375134,0.07627469,0.14203021,0.012096244,0.81040597,0.013818638,0.22108673,0.1212864,0.049197067,0.01756426
375316653866487564,4506561235000331392,0.6242488,2193.7341450701015,0.12953835657848112,2.4154644E-5,12.165209,0.0012941455,0.61326224,7.273661E-4,0.004894388,6.066048E-4,0.398414,0.038173843,0.84002817,0.012918442,0.020120133,0.006181739,0.22569948,0.06275106,null,null,null,null,"TWOGAUSSIANS",8,48.156654,0.61326224,7.273661E-4,0.027408574,0.003396987,0.398414,0.038173843,0.84002817,0.012918442,0.112672746,0.034617737,0.22569948,0.06275106
375316653866487564,4506561338079522944,0.40153494,2183.6112623287663,0.6757143053946224,1.8673812E-4,16.371181,0.0011372445,0.19134443,0.014425054,0.034359653,0.0075585027,0.102795206,0.08318606,null,null,null,null,null,null,null,null,null,null,"ONEGAUSSIAN",5,68.09989,0.19134443,0.014425054,0.19241406,0.042327613,0.102795206,0.0,null,null,null,null,null,null
375316653866487564,4506561505545195008,0.44136378,2213.163555260847,2.0479087284036517,4.0459778E-5,19.596249,0.029852081,0.17126456,0.017673874,0.053467713,0.013299054,0.1743935,0.05833954,0.66394055,0.024087904,0.024557017,0.063488424,0.62734115,0.4283354,null,null,null,null,"TWOGAUSSIANS",8,5.261915,0.66394055,0.024087904,0.1375193,0.26912367,0.62734115,0.4296817,0.17126456,0.017673874,0.2994192,0.0744747,0.1743935,0.057903543
375316653866487564,4506561539905000704,0.576259,2215.2202143850077,0.8875697045304355,9.395333E-6,18.401657,0.0027413634,0.2729839,0.003301416,0.038120504,0.0025284127,0.5135549,0.01912334,0.7765405,0.067214265,0.037125602,0.01982627,0.20199542,0.18360591,null,null,null,null,"TWOGAUSSIANS",8,3.1452289,0.2729839,0.003301416,0.21347483,0.01415911,0.5135549,0.01912334,0.7765405,0.067214265,0.20790337,0.111027114,0.20199542,0.18360591
375316653866487564,4506561819072486272,0.57236934,2175.922047271525,2.844855282885783,8.501384E-6,18.813307,0.020008583,0.19577947,0.001983663,0.0494098,0.0051511005,0.33184275,0.044913262,0.6870742,0.005747923,0.042882238,0.007893388,0.25950766,0.044828616,0.1214575,0.023804057,0.19577947,0.001983663,"TWOGAUSSIANS_WITH_ELLIPSOIDAL_ON_ECLIPSE1",9,4.392844,0.19577947,0.001983663,0.2766949,0.028846163,0.57475656,0.024721406,0.68811417,0.0050035967,0.24014053,0.044202972,0.5017821,0.023411635
375316653866487564,4506561853432201472,0.5776186,2155.1679252996355,3.7634769977161278,1.0083191E-5,18.901836,0.016150136,0.27051464,0.0022794248,0.045889672,0.0063754837,0.37946138,0.04005499,0.77331316,0.0073895715,0.047071178,0.0096774325,0.22572014,0.06858112,0.13238063,0.029728297,0.27051464,0.0022794248,"TWOGAUSSIANS_WITH_ELLIPSOIDAL_ON_ECLIPSE1",9,3.55072,0.27051464,0.0022794248,0.25698218,0.03570271,0.6442224,0.024733307,0.77331316,0.0068746093,0.2635986,0.054193623,0.4903993,0.06664221
375316653866487564,4506562162670411136,0.49781334,2138.1887784359083,2.18508228117995,2.0605245E-5,19.536793,0.04591725,0.28359622,0.008544392,0.11453712,0.027231326,0.22821638,0.0435883,0.7866308,0.004408428,0.09853633,0.012812836,0.2892685,0.044052273,null,null,null,null,"TWOGAUSSIANS",8,1.6440133,0.7866308,0.004416316,0.4,0.0,0.25813398,0.014954716,0.28359622,0.008544392,0.4,0.0,0.19704993,0.020553583
375316653866487564,4506562471907707008,0.52438956,2093.097113505215,0.5455115025990683,6.5606924E-5,19.33919,0.005886927,0.21251208,0.009577139,0.041790154,0.009349324,0.09605372,0.015926648,0.71772707,0.0038258508,0.027515307,0.0027785848,0.6921436,0.09228389,null,null,null,null,"TWOGAUSSIANS",8,2.1179514,0.71772707,0.0038258508,0.15408571,0.015560075,0.6921436,0.09228389,0.21251208,0.009577139,0.23402485,0.052356213,0.09605372,0.015926648
375316653866487564,4506562536337516672,0.5004834,2133.572093852545,1.6539157633756847,1.2939943E-5,17.819826,0.08252993,0.24264294,0.0049265428,0.13529932,0.03556665,0.19301723,0.079615444,0.74671304,0.0045399596,0.12007686,0.027110733,0.20279315,0.07869558,null,null,null,null,"TWOGAUSSIANS",8,4.460929,0.74680305,0.0046006744,0.4,0.0,0.14705645,0.0070384284,0.24261294,0.0049108095,0.4,0.0,0.13693048,0.008104763
375316653866487564,4506562815505938560,0.51379913,2186.0989700761015,2.3735659185514337,2.1267157E-5,19.552448,0.013812407,0.29294258,0.0031223737,0.05827883,0.0045096427,0.3928492,0.020441707,0.796665,0.008114084,0.060439024,0.010844884,0.33944067,0.025327148,null,null,null,null,"TWOGAUSSIANS",8,2.3869252,0.29294258,0.0031223737,0.32636145,0.025254,0.39275938,0.020397982,0.796665,0.008114084,0.33845854,0.06073135,0.33935085,0.025331782
375316653866487564,4506563193463788160,0.53014946,2160.9337688925707,3.072714180276397,1.4610934E-5,19.76126,0.016116891,0.23373103,0.0036874297,0.06809919,0.005973958,0.43810892,0.024743088,0.73912776,0.005115208,0.07176294,0.011033404,0.54234517,0.030167645,null,null,null,null,"TWOGAUSSIANS",8,2.20015,0.73912776,0.005115208,0.4,0.031551044,0.54091775,0.031804573,0.23373103,0.0036874297,0.3813555,0.033454165,0.4366815,0.024351202
375316653866487564,4506563777579146368,0.48129895,2082.075129570508,1.159649983840172,1.552394E-5,18.895548,0.0040640594,0.41418692,0.008398902,0.024472337,0.0055245594,0.036762703,0.019702207,0.8270722,0.004211775,0.03296502,0.003497962,0.24232659,0.038415253,null,null,null,null,"TWOGAUSSIANS",8,5.0330815,0.8270722,0.004211775,0.18460411,0.019588588,0.24232659,0.038415253,0.41418692,0.008398902,0.13704509,0.030937532,0.036762703,0.019702207
375316653866487564,4506563876367865984,0.58901966,2107.0669854900434,0.24717981854278703,2.9446828E-6,17.88682,0.001849361,0.32475737,0.011263703,0.015419757,0.010739964,0.38558003,0.08091928,0.82236975,6.6467875E-4,0.016699405,4.3383503E-4,0.29359445,0.009815846,null,null,null,null,"TWOGAUSSIANS",8,2.5887024,0.32475737,0.011263703,0.08635064,0.0601438,0.38558003,0.08091928,0.82236975,6.6467875E-4,0.09351668,0.0024294762,0.29359445,0.009815846
375316653866487564,4506564048165785472,0.4508826,2087.8482083228128,2.48842260588174,4.5573077E-5,17.725676,0.0992764,0.27703273,0.008463166,0.16387878,0.04329493,0.3372647,0.10531286,0.7718938,0.008650777,0.2194015,0.06969181,0.34516475,0.098055035,null,null,null,null,"TWOGAUSSIANS",8,10.017508,0.27988273,0.00905789,0.4,0.0,0.107147366,0.01438534,0.7718938,0.008650777,0.4,0.0,0.06998422,0.0071759936
375316653866487564,4506564327331507200,0.6202224,2069.2527730484603,0.9433056218629947,2.1701708E-6,16.09236,0.006083483,0.2511906,8.5315056E-4,0.04510916,0.0019519747,0.3263041,0.015334624,0.74876595,0.0018763617,0.049278695,0.0036013147,0.15289675,0.014958931,0.05644191,0.009527628,0.2511906,8.5315056E-4,"TWOGAUSSIANS_WITH_ELLIPSOIDAL_ON_ECLIPSE1",9,23.718187,0.2511906,8.5315056E-4,0.2526113,0.010931059,0.4391874,0.0076235486,0.74906594,0.0016316199,0.27596068,0.020167362,0.26575708,0.0060506393
375316653866487564,4506564529202318592,0.41321504,2074.4988820264757,3.4262557920800965,4.590476E-5,18.142643,0.02746549,0.17465162,0.009238885,0.06454584,0.015478423,0.21262957,0.039084643,0.6649069,0.013808866,0.08734186,0.018215062,0.21650192,0.027260298,null,null,null,null,"TWOGAUSSIANS",8,29.458723,0.6649069,0.013808866,0.4,0.0,0.21498094,0.026218785,0.17465162,0.009238885,0.36145672,0.080711976,0.21110864,0.039178435
375316653866487564,4506564739694326784,0.55705893,2084.25916237171,0.47731995948670086,6.137777E-6,16.083006,0.0014673877,0.25947306,0.0070433887,0.018067127,0.0074248486,0.09510818,0.06361416,0.75488734,9.788082E-4,0.020945411,0.0010388173,0.18598947,0.0075570233,null,null,null,null,"TWOGAUSSIANS",8,6.5568385,0.75488734,9.788082E-4,0.117294304,0.0058173775,0.18598947,0.0075570233,0.25947306,0.0070433887,0.101175904,0.04157915,0.09510818,0.06361416
