Gaia/vari_eclipsing_binary/VariEclipsingBinary_470375-470430.csv
# %ECSV 1.0
# ---
# delimiter: ','
# meta: !!omap
# - RELEASE: Gaia DR3
# - TABLE: vari_eclipsing_binary
# - DESCRIPTION: >
#     This table describes the properties of the eclipsing binaries resulting from the variability analysis. 
# - CITATION: >
#     How to cite and acknowledge Gaia: 
#     https://gea.esac.esa.int/archive/documentation/credits.html 
# - KNOWN_ISSUES: >
#     Known issues: 
#     https://www.cosmos.esa.int/web/gaia-users/known-issues 
# - DOCUMENTATION: >
#     Tutorials and documentation: 
#     https://www.cosmos.esa.int/web/gaia-users/archive 
# datatype:
# - 
#   name: solution_id
#   datatype: int64
#   description: Solution Identifier
#   meta:
#     ucd: meta.version
# - 
#   name: source_id
#   datatype: int64
#   description: Unique source identifier
#   meta:
#     ucd: meta.id;meta.main
# - 
#   name: global_ranking
#   datatype: float32
#   description: Number between 0 (worst) and 1 (best)
#   meta:
#     ucd: stat.param
# - 
#   name: reference_time
#   datatype: float64
#   unit: d
#   description: Reference time used for the geometric model fit
#   meta:
#     ucd: time.epoch
# - 
#   name: frequency
#   datatype: float64
#   unit: d**-1
#   description: Frequency of geometric model of the eclipsing binary light curve
#   meta:
#     ucd: src.orbital
# - 
#   name: frequency_error
#   datatype: float32
#   unit: d**-1
#   description: "Uncertainty of \\texttt{frequency}"
#   meta:
#     ucd: stat.error
# - 
#   name: geom_model_reference_level
#   datatype: float32
#   unit: mag
#   description: Magnitude reference level of geometric model
#   meta:
#     ucd: phot.mag;em.opt
# - 
#   name: geom_model_reference_level_error
#   datatype: float32
#   unit: mag
#   description: "Uncertainty of \\texttt{geomModelReferenceLevel}"
#   meta:
#     ucd: stat.error;phot.mag;em.opt
# - 
#   name: geom_model_gaussian1_phase
#   datatype: float32
#   description: Phase of the Gaussian 1 component
#   meta:
#     ucd: time.phase
# - 
#   name: geom_model_gaussian1_phase_error
#   datatype: float32
#   description: "Uncertainty of \\texttt{geomModelGaussian1Phase}"
#   meta:
#     ucd: stat.error;time.phase
# - 
#   name: geom_model_gaussian1_sigma
#   datatype: float32
#   description: "Standard deviation [phase] of Gaussian 1 component"
#   meta:
#     ucd: stat.stdev
# - 
#   name: geom_model_gaussian1_sigma_error
#   datatype: float32
#   description: "Uncertainty of \\texttt{geomModelGaussian1Sigma}"
#   meta:
#     ucd: stat.error
# - 
#   name: geom_model_gaussian1_depth
#   datatype: float32
#   unit: mag
#   description: Magnitude depth of Gaussian 1 component
#   meta:
#     ucd: src.var.amplitude
# - 
#   name: geom_model_gaussian1_depth_error
#   datatype: float32
#   unit: mag
#   description: "Uncertainty of \\texttt{geomModelGaussian1Depth}"
#   meta:
#     ucd: stat.error;src.var.amplitude
# - 
#   name: geom_model_gaussian2_phase
#   datatype: float32
#   description: Phase of Gaussian 2 component
#   meta:
#     ucd: time.phase
# - 
#   name: geom_model_gaussian2_phase_error
#   datatype: float32
#   description: "Uncertainty of \\texttt{geomModelGaussian2Phase}"
#   meta:
#     ucd: stat.error;time.phase
# - 
#   name: geom_model_gaussian2_sigma
#   datatype: float32
[...]
#   datatype: float32
#   description: "Secondary eclipse: uncertainty of \\texttt{derivedSecondaryEclDuration}"
#   meta:
#     ucd: stat.error;time.duration
# - 
#   name: derived_secondary_ecl_depth
#   datatype: float32
#   unit: mag
#   description: "Secondary eclipse: depth"
#   meta:
#     ucd: src.var.amplitude
# - 
#   name: derived_secondary_ecl_depth_error
#   datatype: float32
#   unit: mag
#   description: "Secondary eclipse: uncertainty of \\texttt{derivedSecondaryEclDepth}"
#   meta:
#     ucd: stat.error;src.var.amplitude
solution_id,source_id,global_ranking,reference_time,frequency,frequency_error,geom_model_reference_level,geom_model_reference_level_error,geom_model_gaussian1_phase,geom_model_gaussian1_phase_error,geom_model_gaussian1_sigma,geom_model_gaussian1_sigma_error,geom_model_gaussian1_depth,geom_model_gaussian1_depth_error,geom_model_gaussian2_phase,geom_model_gaussian2_phase_error,geom_model_gaussian2_sigma,geom_model_gaussian2_sigma_error,geom_model_gaussian2_depth,geom_model_gaussian2_depth_error,geom_model_cosine_half_period_amplitude,geom_model_cosine_half_period_amplitude_error,geom_model_cosine_half_period_phase,geom_model_cosine_half_period_phase_error,model_type,num_model_parameters,reduced_chi2,derived_primary_ecl_phase,derived_primary_ecl_phase_error,derived_primary_ecl_duration,derived_primary_ecl_duration_error,derived_primary_ecl_depth,derived_primary_ecl_depth_error,derived_secondary_ecl_phase,derived_secondary_ecl_phase_error,derived_secondary_ecl_duration,derived_secondary_ecl_duration_error,derived_secondary_ecl_depth,derived_secondary_ecl_depth_error
[from data line 183]
375316653866487564,4137606055130088704,0.5226938,2413.9410058317562,2.3344725728080338,1.4622293E-5,17.986622,0.0038426167,0.26043487,0.0030935656,0.07460559,0.005307802,0.12726378,0.0054412647,0.75767654,0.007214392,0.0900009,0.008458133,0.08891771,0.0062455186,null,null,null,null,"TWOGAUSSIANS",8,1.6242785,0.26043487,0.0030935656,0.4,0.002696908,0.125309,0.005416577,0.75767654,0.007214392,0.4,0.0,0.08696291,0.0060655405
375316653866487564,4137607150344234240,0.54023606,2401.6137014066035,0.7756785071460994,9.528373E-6,17.72499,0.0018871216,0.24817772,0.0048370343,0.028194508,0.005968995,0.06218657,0.005342832,0.7486736,0.001649202,0.024383508,0.0014618359,0.14757808,0.014816837,0.021227986,0.0029778646,0.24817772,0.0048370343,"TWOGAUSSIANS_WITH_ELLIPSOIDAL_ON_ECLIPSE1",9,1.7493006,0.7486736,0.0016487155,0.13654764,0.008186281,0.19003358,0.014872315,0.24817772,0.0048370343,0.15788925,0.033426374,0.10464249,0.0038266922
375316653866487564,4137607459586044544,0.46383688,2405.520408872637,3.9112289368569453,2.5792655E-5,18.719522,0.0035500515,null,null,null,null,null,null,null,null,null,null,null,null,0.058201317,0.0059545976,0.28754956,0.0059360107,"ELLIPSOIDAL",4,3.0890312,null,null,null,null,null,null,null,null,null,null,null,null
375316653866487564,4137608146776313600,0.54133976,2423.542892211439,2.8711127560569305,7.799864E-6,19.236721,0.010658307,0.26148146,0.0020810338,0.04032749,0.0047954638,0.31945574,0.044339042,0.7644901,0.0072794333,0.037856378,0.012659777,0.31545654,0.093027,0.13152744,0.017044298,0.26148146,0.0020810338,"TWOGAUSSIANS_WITH_ELLIPSOIDAL_ON_ECLIPSE1",9,3.3535721,0.26148146,0.0020810338,0.22583394,0.026854597,0.5825106,0.042026676,0.7644901,0.007186071,0.2119957,0.070894755,0.5784174,0.10813115
375316653866487564,4137608254164789632,0.5804162,2385.2176263909223,2.900315178897255,1.7003034E-5,17.3455,0.01527082,0.24429475,0.002177976,0.09735078,0.005610601,0.30477166,0.01417161,0.75057083,0.003352589,0.114653714,0.008831373,0.19971491,0.014746988,null,null,null,null,"TWOGAUSSIANS",8,4.4560895,0.24428475,0.002177976,0.4,0.0,0.27712938,0.0068506803,0.75057083,0.003352589,0.4,0.0,0.1720434,0.0070420676
375316653866487564,4137608700841452800,0.5090761,2379.8577480121257,3.6084099734353954,1.2636873E-5,16.070377,0.016424155,0.2714849,0.0056107063,0.10611671,0.010756923,0.17515787,0.015722295,0.7682745,0.0052742064,0.103633605,0.011484465,0.17710581,0.015612905,null,null,null,null,"TWOGAUSSIANS",8,30.830118,0.7682745,0.0052742064,0.4,0.0,0.15729727,0.0071178707,0.2714849,0.0056107063,0.4,0.0,0.15534714,0.009651679
375316653866487564,4137609658604966400,0.43851975,2402.7476900556735,0.08109302745411354,1.4234958E-5,18.22039,0.15154618,0.36167917,0.004274217,0.26356193,0.06508533,0.37899038,0.14318252,0.8453234,0.0038476977,0.12790199,0.0065716747,0.24222793,0.044632457,null,null,null,null,"TWOGAUSSIANS",8,5.889145,0.36234915,0.004703321,0.4,0.0,0.11249516,0.009031663,0.8453234,0.0038476977,0.4,0.0,0.100890994,0.007304269
375316653866487564,4137610075230952320,0.47428742,2424.747356422409,3.7489179471707006,2.439504E-5,18.536217,0.047008924,0.24596731,0.008209316,0.09717075,0.024418307,0.25100818,0.038391065,0.76744115,0.0054449956,0.087258585,0.026030106,0.27490893,0.023752635,null,null,null,null,"TWOGAUSSIANS",8,9.468178,0.76744115,0.005440804,0.4,0.0,0.26530585,0.03384549,0.24596731,0.008210831,0.4,0.0,0.24140367,0.025400946
375316653866487564,4137611032994949376,0.5650826,2399.0163863533735,3.722377259073377,7.0292654E-6,18.060654,0.011513333,0.22515935,0.0018235267,0.041022014,0.0035477998,0.30892226,0.026913378,0.71704906,0.0018033942,0.041494854,0.0037325677,0.2691368,0.029450007,0.08260233,0.018086374,0.22515935,0.0018235267,"TWOGAUSSIANS_WITH_ELLIPSOIDAL_ON_ECLIPSE1",9,9.62292,0.22515935,0.0018235267,0.22972327,0.01986768,0.4741267,0.013525259,0.71766907,0.001666057,0.23237118,0.020902378,0.43394557,0.019418614
375316653866487564,4137613579925854336,0.44313616,2410.3029159431494,2.452602311398748,2.2417391E-5,18.102861,0.0033609387,0.7850284,0.004459501,0.008618741,0.009453826,0.110497594,3.10941057E11,null,null,null,null,null,null,0.058409464,0.0041207997,0.7850284,0.004459501,"ONEGAUSSIAN_WITH_ELLIPSOIDAL",6,12.318681,0.7850284,0.004459501,0.04826495,0.052941427,0.22731651,3.10941057E11,null,null,null,null,null,null
375316653866487564,4137613683005074048,0.584692,2411.1380157513554,2.1198660198012487,4.605356E-6,14.661737,0.03618637,0.25615633,0.0018062479,0.13908345,0.021287048,0.11243939,0.035602413,0.7549631,0.0013939193,0.12939872,0.020197636,0.10795783,0.034209453,null,null,null,null,"TWOGAUSSIANS",8,4.720575,0.25617632,0.0018303562,0.4,0.0,0.07397847,0.0013121471,0.7549631,0.0013939193,0.4,0.0,0.06972459,0.0016133235
375316653866487564,4137614404559560448,0.49300194,2429.335778541049,2.9129691785497003,1.7931927E-5,18.535091,0.03966159,0.19356875,0.005151349,0.10773603,0.016104883,0.25528133,0.037453353,0.6890465,0.006487619,0.10613257,0.01958953,0.25434145,0.035143983,null,null,null,null,"TWOGAUSSIANS",8,6.012092,0.19356875,0.0051476746,0.4,0.0,0.22375251,0.009218105,0.6890465,0.006487619,0.4,0.0,0.2228157,0.013869737
375316653866487564,4137615469711490688,0.5956403,2406.786445912994,3.393058226954115,6.0145553E-6,17.692194,0.01145814,0.2745846,0.0020239113,0.08480387,0.0033260733,0.46707785,0.015628994,0.78881055,0.0014857958,0.07955314,0.002794426,0.45587692,0.012108738,null,null,null,null,"TWOGAUSSIANS",8,6.170597,0.2745846,0.0020239113,0.4,0.0,0.46016788,0.014918943,0.78881055,0.0014857958,0.4,0.0,0.44896698,0.010817967
375316653866487564,4137615504071224320,0.52176356,2397.53789878918,2.117724080807035,1.2352347E-5,18.211664,0.005652816,0.24109393,0.009702591,0.06733532,0.014158865,0.06425011,0.005456203,0.71364003,0.0043816012,0.056906104,0.0047493437,0.22110663,0.010825993,null,null,null,null,"TWOGAUSSIANS",8,2.341163,0.71364003,0.0043816012,0.31867418,0.026596326,0.22107951,0.010825466,0.24109393,0.009702591,0.37707782,0.06605553,0.06422299,0.005465593
375316653866487564,4137617015899738112,0.57649696,2405.1507617121906,1.290202341495599,7.030292E-6,17.371513,0.0022870123,0.25188097,0.0023826135,0.05972561,0.002989735,0.23441134,0.006080552,0.7529122,0.005109325,0.068585716,0.008667962,0.10103311,0.007302677,null,null,null,null,"TWOGAUSSIANS",8,2.8751876,0.25188097,0.0023826135,0.3344634,0.016742516,0.2342668,0.00611434,0.7529122,0.005109325,0.38408002,0.042329095,0.10088856,0.0073978626
375316653866487564,4137618562077959040,0.5342489,2406.571096723111,1.6687701174659015,9.519701E-6,17.30035,0.011172998,0.3024958,0.0025653515,0.09886326,0.010548431,0.12790926,0.008114113,0.79339033,0.0026966236,0.110952534,0.011766267,0.09983638,0.010322001,null,null,null,null,"TWOGAUSSIANS",8,2.1044343,0.30250582,0.00256115,0.4,0.0,0.116158426,0.0045866687,0.79339033,0.0026966236,0.4,0.0,0.08807806,0.004245458
375316653866487564,4137620451873614208,0.5108931,2418.360834081216,3.050965220967294,6.713803E-6,18.929352,0.011770625,0.2256642,0.002835492,0.07325132,0.006861193,0.22394621,0.0111692045,0.7195617,0.005873792,0.082190014,0.019346528,0.21296045,0.039607294,null,null,null,null,"TWOGAUSSIANS",8,1.8034807,0.2256642,0.002835492,0.4,6.619648E-4,0.22177458,0.010240465,0.7195617,0.005873792,0.4,0.0,0.2107888,0.044269178
375316653866487564,4137622234272326400,0.56424516,2375.900801053412,3.8344497017533277,4.192964E-6,18.088554,0.008395436,0.22271219,0.0024383038,0.08424773,0.0039034826,0.30294082,0.008587231,0.7262191,0.0024334204,0.082823,0.004275326,0.3335164,0.010700407,null,null,null,null,"TWOGAUSSIANS",8,4.6797457,0.7262191,0.0024334204,0.4,0.0,0.3267437,0.010560576,0.22271219,0.0024383038,0.4,0.0,0.29616815,0.0071266284
375316653866487564,4137623539937709184,0.50087667,2383.2397121232743,0.2661938393125693,1.3006353E-5,19.047102,0.0026717756,0.25476292,3.040059E-4,0.0040476965,5.5501604E-4,0.43381462,0.20308937,0.53648716,2.5091318E-5,0.009920948,1.2248884E-4,0.35000965,3.1751156E-4,null,null,null,null,"TWOGAUSSIANS",8,1.4092815,0.25476292,3.040059E-4,0.0226671,0.00310809,0.43381462,0.20308937,0.53648716,2.5091318E-5,0.05555731,6.8593747E-4,0.35000965,3.1751156E-4
375316653866487564,4137623784767799296,0.46144772,2407.652961949317,0.21631398330572402,2.6801661E-5,18.57685,0.01202327,0.101857334,0.0018414502,0.017188052,0.003143936,0.18162654,0.021178206,0.71727675,0.047854148,0.106344946,0.07849725,0.025156574,0.014338053,null,null,null,null,"TWOGAUSSIANS",8,3.9329367,0.101857334,0.0018433459,0.09625309,0.01760604,0.18166213,0.021342158,0.71727675,0.047854148,0.4,0.086088106,0.025155777,0.014310686
375316653866487564,4137624643761306624,0.45409462,2391.7858324227755,0.24363861956217894,3.3197117E-5,19.139261,0.006794267,0.10756122,0.0043295277,0.03191204,0.0062066405,0.08426378,0.016079046,0.93482333,0.0033744134,0.011482867,0.0012600346,0.72763,0.14542584,null,null,null,null,"TWOGAUSSIANS",8,5.831452,0.93482333,0.0033744134,0.06430406,0.007056194,0.72763,0.14542586,0.10756122,0.0043295277,0.17870742,0.034757186,0.08426378,0.016079046
375316653866487564,4137627113368745600,0.4441241,2402.586180748327,0.34438240704107986,3.6948095E-5,19.281595,0.04664625,0.21520837,0.009121063,0.10658516,0.032585286,0.14865325,0.043523002,0.72368896,0.012867892,0.105630115,0.03709917,0.13978052,0.042131808,null,null,null,null,"TWOGAUSSIANS",8,2.4723642,0.21520837,0.009134053,0.4,0.0,0.13231854,0.013676325,0.723699,0.012876205,0.4,0.0,0.123447016,0.015841452
375316653866487564,4137627873566123776,0.49677306,2362.4804181187155,2.3063049505051207,1.7182683E-5,19.501633,0.010780811,0.33248004,0.005083721,0.04699835,0.004870267,0.5012383,0.024473822,0.824848,0.010141716,0.05832561,0.009609454,0.2080828,0.038616452,null,null,null,null,"TWOGAUSSIANS",8,4.890807,0.33248004,0.005083721,0.26319078,0.027273497,0.5012328,0.024473498,0.824848,0.010141716,0.3266234,0.053812943,0.2080773,0.038618978
375316653866487564,4137630171372166656,0.43309715,2405.7095569278113,2.602175701452528,2.3767088E-5,19.475397,0.064079836,0.20172851,0.007818937,0.09782361,0.025401987,0.23959951,0.060916826,0.71150535,0.007951946,0.106557906,0.030748257,0.22137593,0.058820605,null,null,null,null,"TWOGAUSSIANS",8,5.0616083,0.20171851,0.007828646,0.4,0.0,0.21914259,0.032445617,0.71150535,0.007956727,0.4,0.0,0.20091215,0.027139472
375316653866487564,4137630892940375680,0.5538565,2450.4167627379325,2.3450667542685384,2.2314816E-5,18.221003,0.01269465,0.21869084,0.0037450588,0.056350604,0.0056669805,0.33472595,0.039499506,0.7045774,0.006372686,0.07491677,0.008072937,0.7114996,0.01980536,null,null,null,null,"TWOGAUSSIANS",8,28.903027,0.7045774,0.006372686,0.4,0.0,0.7110247,0.019697715,0.21869084,0.0037450588,0.31556338,0.031735092,0.33425108,0.03966526
375316653866487564,4137631034661699968,0.5583773,2409.7979955871556,2.872856764351661,7.69329E-6,19.555576,0.027128663,0.24175017,0.0029131065,0.103403926,0.0073539214,0.46388766,0.026492901,0.7466415,0.0024980074,0.10231027,0.006776046,0.48095998,0.025036909,null,null,null,null,"TWOGAUSSIANS",8,1.557184,0.7466415,0.0024980074,0.4,0.0,0.4344972,0.015214025,0.24175017,0.0029131065,0.4,0.0,0.41742337,0.016561108
375316653866487564,4137631069032802944,0.5372587,2443.3138437361945,1.4026177579516919,1.91734E-5,14.264626,0.23348548,0.24695255,0.0022885618,0.15146406,0.029898377,0.24743791,0.15759353,0.7477056,0.002276212,0.22934206,0.0995953,0.28328905,0.2296221,null,null,null,null,"TWOGAUSSIANS",8,18.25104,0.24655256,0.002461046,0.4,0.0,0.079592556,0.003677716,0.74786556,0.002416696,0.4,0.0,0.06499387,0.0025006363
375316653866487564,4137632202894358784,0.44538948,2405.6646944606605,1.9338641358661197,3.2815202E-5,18.24982,0.33347636,0.27787808,0.009046612,0.089331225,0.022601718,0.29732424,0.12045421,0.7979171,0.017000632,0.20242377,0.26098806,0.15155655,0.31905934,null,null,null,null,"TWOGAUSSIANS",8,18.172245,0.27686808,0.008635698,0.4,0.0,0.2468574,0.027318064,0.7979171,0.016992731,0.4,0.0,0.086368166,0.02109432
375316653866487564,4137632271613816832,0.4958308,2403.4206259534676,3.246422763131294,1.4124891E-5,19.754015,0.025006028,0.2594618,0.008471949,0.062855855,0.009934863,0.61230713,0.08009494,0.7585014,0.0058205733,0.060723346,0.0077534155,0.62302,0.03925017,null,null,null,null,"TWOGAUSSIANS",8,8.980357,0.7585014,0.0058205733,0.34005076,0.043419126,0.6226864,0.039258163,0.2594618,0.008471949,0.3519928,0.055635236,0.6119735,0.08028761
375316653866487564,4137632370395624704,0.5330714,2414.857362414648,3.356072979520543,1.2215136E-5,19.78092,0.010102402,0.3004529,0.00520468,0.072751746,0.006542758,0.4442981,0.026243404,0.7898569,0.002945948,0.07594801,0.004778895,0.40731364,0.025732353,null,null,null,null,"TWOGAUSSIANS",8,1.6294396,0.3004529,0.00520468,0.4,0.02330914,0.44195947,0.026781587,0.7898569,0.002945948,0.4,0.0,0.40497503,0.026249725
375316653866487564,4137632473474825216,0.5490819,2416.0104734259394,1.9365470282060568,6.7801216E-6,18.581833,0.011222482,0.3465747,0.0015113528,0.083514094,0.0046870736,0.2548031,0.01298081,0.84666866,0.006218904,0.10108062,0.01094811,0.13243425,0.012260011,null,null,null,null,"TWOGAUSSIANS",8,1.469845,0.3465747,0.0015113528,0.4,0.0,0.24589315,0.011234595,0.84666866,0.006218904,0.4,0.0,0.12352305,0.010277991
375316653866487564,4137632576554080256,0.4637303,2409.640098621965,3.1977577851978234,1.6104676E-5,19.320536,0.061379213,0.15288997,0.004245716,0.11150916,0.025312236,0.22324337,0.058163337,0.65550345,0.00868403,0.08859399,0.034495108,0.24122854,0.03715435,null,null,null,null,"TWOGAUSSIANS",8,2.676524,0.65550345,0.008700851,0.4,0.0,0.22170706,0.040342905,0.15288997,0.0042426228,0.4,0.0,0.20370261,0.014417949
375316653866487564,4137634260181155712,0.502505,2434.8663271561745,2.7855271771382126,1.7283335E-5,19.108797,0.006527017,0.22889517,0.005873939,0.075418346,0.007457492,0.16018414,0.011929859,0.7257881,0.0056807916,0.09509468,0.010516279,0.16622667,0.008002353,null,null,null,null,"TWOGAUSSIANS",8,1.3624065,0.7257881,0.0056807916,0.4,0.0,0.16204797,0.008301418,0.22889517,0.005873939,0.4,0.0,0.15600577,0.011704376
375316653866487564,4137634603778558976,0.5687661,2420.055835467535,2.9613160717358835,1.6361753E-5,19.755114,0.010421143,0.2355758,0.0035990342,0.068072565,0.002212482,0.4963653,0.017602112,0.7255792,0.0033273704,0.06405188,0.0059682764,0.628469,0.032290712,null,null,null,null,"TWOGAUSSIANS",8,1.6839969,0.7255792,0.0033273704,0.35869056,0.033422347,0.6278222,0.032520268,0.2355758,0.0035990342,0.38120633,0.012389899,0.49571854,0.017385524
375316653866487564,4137637077679897728,0.5101741,2429.5463115590223,2.9114087144637892,1.2942569E-5,18.423128,0.019437058,0.29568866,0.0040576514,0.09236488,0.0073188883,0.3077866,0.019577961,0.80630696,0.004685696,0.103155814,0.012219072,0.26253256,0.017321162,null,null,null,null,"TWOGAUSSIANS",8,6.7261724,0.29568866,0.0040571205,0.4,0.0,0.28914934,0.013388153,0.80630696,0.004685696,0.4,0.0,0.24389094,0.014528575
375316653866487564,4137637112039653632,0.48257548,2438.2037049826217,2.117787466182794,1.8398141E-5,18.380198,0.4398322,0.2418289,0.009191154,0.12649213,0.07784433,0.16473474,0.38994887,0.7282238,0.0081508,0.13247779,0.09568335,0.17000228,0.41907763,null,null,null,null,"TWOGAUSSIANS",8,2.7544475,0.7282238,0.0081508,0.4,0.0,0.12331085,0.007832969,0.24210891,0.006768565,0.4,0.0,0.118192635,0.008535637
375316653866487564,4137637661795583360,0.5626908,2427.4799663966382,1.8144448930344073,4.533483E-6,18.149714,0.005598956,0.30755967,8.3839335E-4,0.029284438,7.97342E-4,0.57020897,0.011981288,0.80501336,0.0014517165,0.02696548,0.0013014501,0.3757189,0.017242825,null,null,null,null,"TWOGAUSSIANS",8,10.652011,0.30755967,8.3839335E-4,0.16399285,0.0044651153,0.57020897,0.011981288,0.80501336,0.0014517165,0.1510067,0.00728812,0.3757189,0.017242825
