Gaia/vari_eclipsing_binary/VariEclipsingBinary_464771-464814.csv
# %ECSV 1.0
# ---
# delimiter: ','
# meta: !!omap
# - RELEASE: Gaia DR3
# - TABLE: vari_eclipsing_binary
# - DESCRIPTION: >
#     This table describes the properties of the eclipsing binaries resulting from the variability analysis. 
# - CITATION: >
#     How to cite and acknowledge Gaia: 
#     https://gea.esac.esa.int/archive/documentation/credits.html 
# - KNOWN_ISSUES: >
#     Known issues: 
#     https://www.cosmos.esa.int/web/gaia-users/known-issues 
# - DOCUMENTATION: >
#     Tutorials and documentation: 
#     https://www.cosmos.esa.int/web/gaia-users/archive 
# datatype:
# - 
#   name: solution_id
#   datatype: int64
#   description: Solution Identifier
#   meta:
#     ucd: meta.version
# - 
#   name: source_id
#   datatype: int64
#   description: Unique source identifier
#   meta:
#     ucd: meta.id;meta.main
# - 
#   name: global_ranking
#   datatype: float32
#   description: Number between 0 (worst) and 1 (best)
#   meta:
#     ucd: stat.param
# - 
#   name: reference_time
#   datatype: float64
#   unit: d
#   description: Reference time used for the geometric model fit
#   meta:
#     ucd: time.epoch
# - 
#   name: frequency
#   datatype: float64
#   unit: d**-1
#   description: Frequency of geometric model of the eclipsing binary light curve
#   meta:
#     ucd: src.orbital
# - 
#   name: frequency_error
#   datatype: float32
#   unit: d**-1
#   description: "Uncertainty of \\texttt{frequency}"
#   meta:
#     ucd: stat.error
# - 
#   name: geom_model_reference_level
#   datatype: float32
#   unit: mag
#   description: Magnitude reference level of geometric model
#   meta:
#     ucd: phot.mag;em.opt
# - 
#   name: geom_model_reference_level_error
#   datatype: float32
#   unit: mag
#   description: "Uncertainty of \\texttt{geomModelReferenceLevel}"
#   meta:
#     ucd: stat.error;phot.mag;em.opt
# - 
#   name: geom_model_gaussian1_phase
#   datatype: float32
#   description: Phase of the Gaussian 1 component
#   meta:
#     ucd: time.phase
# - 
#   name: geom_model_gaussian1_phase_error
#   datatype: float32
#   description: "Uncertainty of \\texttt{geomModelGaussian1Phase}"
#   meta:
#     ucd: stat.error;time.phase
# - 
#   name: geom_model_gaussian1_sigma
#   datatype: float32
#   description: "Standard deviation [phase] of Gaussian 1 component"
#   meta:
#     ucd: stat.stdev
# - 
#   name: geom_model_gaussian1_sigma_error
#   datatype: float32
#   description: "Uncertainty of \\texttt{geomModelGaussian1Sigma}"
#   meta:
#     ucd: stat.error
# - 
#   name: geom_model_gaussian1_depth
#   datatype: float32
#   unit: mag
#   description: Magnitude depth of Gaussian 1 component
#   meta:
#     ucd: src.var.amplitude
# - 
#   name: geom_model_gaussian1_depth_error
#   datatype: float32
#   unit: mag
#   description: "Uncertainty of \\texttt{geomModelGaussian1Depth}"
#   meta:
#     ucd: stat.error;src.var.amplitude
# - 
#   name: geom_model_gaussian2_phase
#   datatype: float32
#   description: Phase of Gaussian 2 component
#   meta:
#     ucd: time.phase
# - 
#   name: geom_model_gaussian2_phase_error
#   datatype: float32
#   description: "Uncertainty of \\texttt{geomModelGaussian2Phase}"
#   meta:
#     ucd: stat.error;time.phase
# - 
#   name: geom_model_gaussian2_sigma
#   datatype: float32
[...]
#   datatype: float32
#   description: "Secondary eclipse: uncertainty of \\texttt{derivedSecondaryEclDuration}"
#   meta:
#     ucd: stat.error;time.duration
# - 
#   name: derived_secondary_ecl_depth
#   datatype: float32
#   unit: mag
#   description: "Secondary eclipse: depth"
#   meta:
#     ucd: src.var.amplitude
# - 
#   name: derived_secondary_ecl_depth_error
#   datatype: float32
#   unit: mag
#   description: "Secondary eclipse: uncertainty of \\texttt{derivedSecondaryEclDepth}"
#   meta:
#     ucd: stat.error;src.var.amplitude
solution_id,source_id,global_ranking,reference_time,frequency,frequency_error,geom_model_reference_level,geom_model_reference_level_error,geom_model_gaussian1_phase,geom_model_gaussian1_phase_error,geom_model_gaussian1_sigma,geom_model_gaussian1_sigma_error,geom_model_gaussian1_depth,geom_model_gaussian1_depth_error,geom_model_gaussian2_phase,geom_model_gaussian2_phase_error,geom_model_gaussian2_sigma,geom_model_gaussian2_sigma_error,geom_model_gaussian2_depth,geom_model_gaussian2_depth_error,geom_model_cosine_half_period_amplitude,geom_model_cosine_half_period_amplitude_error,geom_model_cosine_half_period_phase,geom_model_cosine_half_period_phase_error,model_type,num_model_parameters,reduced_chi2,derived_primary_ecl_phase,derived_primary_ecl_phase_error,derived_primary_ecl_duration,derived_primary_ecl_duration_error,derived_primary_ecl_depth,derived_primary_ecl_depth_error,derived_secondary_ecl_phase,derived_secondary_ecl_phase_error,derived_secondary_ecl_duration,derived_secondary_ecl_duration_error,derived_secondary_ecl_depth,derived_secondary_ecl_depth_error
[from data line 526]
375316653866487564,4088552477755470976,0.50076985,2210.4430423676035,0.4985884599449409,4.5390523E-5,18.900372,0.1642765,0.20865126,0.033877704,0.113233924,0.07226334,0.28810117,0.15152478,0.70480645,0.0074174097,0.10881052,0.056373864,0.28405336,0.1389375,null,null,null,null,"TWOGAUSSIANS",8,4.580357,0.20865126,0.033850625,0.4,0.03512624,0.2445231,0.050908495,0.70480645,0.0074174097,0.4,0.0,0.24049431,0.035640784
375316653866487564,4088552851391417344,0.64669675,2141.2888104978174,3.491307305575994,1.4607792E-5,18.298338,0.027049737,0.32136133,0.0070304913,0.04364175,0.011368691,0.46668518,0.06508609,0.8300999,0.0031613377,0.039377533,0.006161477,0.41622323,0.055166356,0.15432926,0.03342269,0.32136133,0.0070304913,"TWOGAUSSIANS_WITH_ELLIPSOIDAL_ON_ECLIPSE1",9,5.2225204,0.32136133,0.0070304913,0.2443938,0.06366467,0.7753431,0.05209029,0.8300999,0.0031613377,0.2205142,0.034504272,0.7239516,0.024139944
375316653866487564,4088553714693181440,0.515554,2175.8481989640663,3.135262063882731,3.4659493E-5,19.027428,0.03982143,0.29317775,0.002713223,0.07691916,0.013268827,0.29589257,0.032567535,0.79011846,0.026130954,0.07616678,0.023923324,0.27950934,0.049800877,null,null,null,null,"TWOGAUSSIANS",8,4.1214967,0.29317775,0.002713223,0.4,0.02973881,0.29329258,0.029255295,0.79011846,0.026130954,0.4,0.06721435,0.27690935,0.045371745
375316653866487564,4088553886491517312,0.5225751,2174.731933022164,1.4201143924898454,4.793327E-5,19.93194,0.027656471,0.30864665,0.05103226,0.04959546,0.057205852,0.5788181,0.37713423,0.83542484,0.012754553,0.03544966,0.012528067,0.3302905,0.12776634,null,null,null,null,"TWOGAUSSIANS",8,2.3599217,0.30864665,0.05103226,0.27773458,0.12100796,0.578818,0.37729487,0.83542484,0.012753607,0.1985181,0.07015718,0.3302905,0.12776338
375316653866487564,4088554264450815744,0.5192914,2165.9113526288934,1.2245461290670037,2.517646E-5,18.320087,0.0055866656,0.338188,0.0015064569,0.07377131,0.0037186963,0.34968346,0.015844738,0.7134443,0.0029468276,0.015189595,0.002716015,0.06219964,0.009786113,null,null,null,null,"TWOGAUSSIANS",8,3.87493,0.338188,0.0015064569,0.4,8.5957284E-4,0.34968346,0.015844738,0.7134443,0.0029468276,0.08506173,0.015209685,0.062200483,0.009786747
375316653866487564,4088554676777052672,0.5496074,2224.3114750324826,3.280480728446694,2.77345E-5,14.391888,0.05316363,0.21291308,0.0062006167,0.12221319,0.02337591,0.20352812,0.051617384,0.725054,0.0055365395,0.11658427,0.024927141,0.21854347,0.045009367,null,null,null,null,"TWOGAUSSIANS",8,85.17652,0.725134,0.0054402174,0.4,0.0,0.17641422,0.027186202,0.21286307,0.0061633564,0.4,0.0,0.16134557,0.009401797
375316653866487564,4088554779846849280,0.48419854,2253.155650230132,3.2058383610035404,3.539428E-5,19.671967,0.018673422,null,null,null,null,null,null,null,null,null,null,null,null,0.26692948,0.024278339,0.75014776,0.0082240915,"ELLIPSOIDAL",4,11.678419,null,null,null,null,null,null,null,null,null,null,null,null
375316653866487564,4088555020374126848,0.59485257,2213.1302445728843,2.259786231391579,1.4488688E-5,15.843777,0.007939998,0.2339266,0.026663268,0.0894309,0.00956594,0.3548631,0.08913921,0.7442117,0.0012362218,0.081740364,0.0024459816,0.43148983,0.010165338,null,null,null,null,"TWOGAUSSIANS",8,31.089724,0.7442117,0.0012362218,0.4,0.0,0.4223518,0.010676395,0.2339266,0.026663268,0.4,0.0,0.34572497,0.08453931
375316653866487564,4088555604491795200,0.45591894,2222.3040951772073,0.09752078783822811,5.9194277E-5,16.711342,0.016074384,0.26058087,0.0153067205,0.08092609,0.0669941,0.07324147,0.021369247,0.70349056,0.006006548,0.060639266,0.018920412,0.1786985,0.41291422,null,null,null,null,"TWOGAUSSIANS",8,6.6688504,0.70349056,0.006006548,0.33957988,0.09921273,0.17860743,0.4137652,0.26058087,0.0153067205,0.4,0.0,0.073150374,0.027475093
375316653866487564,4088555668884739968,0.46339282,2176.1306156077726,0.09472860517891704,3.4705616E-5,18.376047,0.11061443,0.37726814,0.0051439963,0.07669981,0.026295884,0.20777959,0.10691198,0.83837605,0.016987223,0.08997742,0.048290007,0.19095531,0.107470036,null,null,null,null,"TWOGAUSSIANS",8,2.668374,0.37726814,0.0050201667,0.4,0.050243467,0.2056555,0.077136226,0.83837605,0.016987223,0.4,0.04464984,0.18883085,0.07667262
