Gaia/vari_eclipsing_binary/VariEclipsingBinary_666644-666659.csv
# %ECSV 1.0
# ---
# delimiter: ','
# meta: !!omap
# - RELEASE: Gaia DR3
# - TABLE: vari_eclipsing_binary
# - DESCRIPTION: >
#     This table describes the properties of the eclipsing binaries resulting from the variability analysis. 
# - CITATION: >
#     How to cite and acknowledge Gaia: 
#     https://gea.esac.esa.int/archive/documentation/credits.html 
# - KNOWN_ISSUES: >
#     Known issues: 
#     https://www.cosmos.esa.int/web/gaia-users/known-issues 
# - DOCUMENTATION: >
#     Tutorials and documentation: 
#     https://www.cosmos.esa.int/web/gaia-users/archive 
# datatype:
# - 
#   name: solution_id
#   datatype: int64
#   description: Solution Identifier
#   meta:
#     ucd: meta.version
# - 
#   name: source_id
#   datatype: int64
#   description: Unique source identifier
#   meta:
#     ucd: meta.id;meta.main
# - 
#   name: global_ranking
#   datatype: float32
#   description: Number between 0 (worst) and 1 (best)
#   meta:
#     ucd: stat.param
# - 
#   name: reference_time
#   datatype: float64
#   unit: d
#   description: Reference time used for the geometric model fit
#   meta:
#     ucd: time.epoch
# - 
#   name: frequency
#   datatype: float64
#   unit: d**-1
#   description: Frequency of geometric model of the eclipsing binary light curve
#   meta:
#     ucd: src.orbital
# - 
#   name: frequency_error
#   datatype: float32
#   unit: d**-1
#   description: "Uncertainty of \\texttt{frequency}"
#   meta:
#     ucd: stat.error
# - 
#   name: geom_model_reference_level
#   datatype: float32
#   unit: mag
#   description: Magnitude reference level of geometric model
#   meta:
#     ucd: phot.mag;em.opt
# - 
#   name: geom_model_reference_level_error
#   datatype: float32
#   unit: mag
#   description: "Uncertainty of \\texttt{geomModelReferenceLevel}"
#   meta:
#     ucd: stat.error;phot.mag;em.opt
# - 
#   name: geom_model_gaussian1_phase
#   datatype: float32
#   description: Phase of the Gaussian 1 component
#   meta:
#     ucd: time.phase
# - 
#   name: geom_model_gaussian1_phase_error
#   datatype: float32
#   description: "Uncertainty of \\texttt{geomModelGaussian1Phase}"
#   meta:
#     ucd: stat.error;time.phase
# - 
#   name: geom_model_gaussian1_sigma
#   datatype: float32
#   description: "Standard deviation [phase] of Gaussian 1 component"
#   meta:
#     ucd: stat.stdev
# - 
#   name: geom_model_gaussian1_sigma_error
#   datatype: float32
#   description: "Uncertainty of \\texttt{geomModelGaussian1Sigma}"
#   meta:
#     ucd: stat.error
# - 
#   name: geom_model_gaussian1_depth
#   datatype: float32
#   unit: mag
#   description: Magnitude depth of Gaussian 1 component
#   meta:
#     ucd: src.var.amplitude
# - 
#   name: geom_model_gaussian1_depth_error
#   datatype: float32
#   unit: mag
#   description: "Uncertainty of \\texttt{geomModelGaussian1Depth}"
#   meta:
#     ucd: stat.error;src.var.amplitude
# - 
#   name: geom_model_gaussian2_phase
#   datatype: float32
#   description: Phase of Gaussian 2 component
#   meta:
#     ucd: time.phase
# - 
#   name: geom_model_gaussian2_phase_error
#   datatype: float32
#   description: "Uncertainty of \\texttt{geomModelGaussian2Phase}"
#   meta:
#     ucd: stat.error;time.phase
# - 
#   name: geom_model_gaussian2_sigma
#   datatype: float32
[...]
#   datatype: float32
#   description: "Secondary eclipse: uncertainty of \\texttt{derivedSecondaryEclDuration}"
#   meta:
#     ucd: stat.error;time.duration
# - 
#   name: derived_secondary_ecl_depth
#   datatype: float32
#   unit: mag
#   description: "Secondary eclipse: depth"
#   meta:
#     ucd: src.var.amplitude
# - 
#   name: derived_secondary_ecl_depth_error
#   datatype: float32
#   unit: mag
#   description: "Secondary eclipse: uncertainty of \\texttt{derivedSecondaryEclDepth}"
#   meta:
#     ucd: stat.error;src.var.amplitude
solution_id,source_id,global_ranking,reference_time,frequency,frequency_error,geom_model_reference_level,geom_model_reference_level_error,geom_model_gaussian1_phase,geom_model_gaussian1_phase_error,geom_model_gaussian1_sigma,geom_model_gaussian1_sigma_error,geom_model_gaussian1_depth,geom_model_gaussian1_depth_error,geom_model_gaussian2_phase,geom_model_gaussian2_phase_error,geom_model_gaussian2_sigma,geom_model_gaussian2_sigma_error,geom_model_gaussian2_depth,geom_model_gaussian2_depth_error,geom_model_cosine_half_period_amplitude,geom_model_cosine_half_period_amplitude_error,geom_model_cosine_half_period_phase,geom_model_cosine_half_period_phase_error,model_type,num_model_parameters,reduced_chi2,derived_primary_ecl_phase,derived_primary_ecl_phase_error,derived_primary_ecl_duration,derived_primary_ecl_duration_error,derived_primary_ecl_depth,derived_primary_ecl_depth_error,derived_secondary_ecl_phase,derived_secondary_ecl_phase_error,derived_secondary_ecl_duration,derived_secondary_ecl_duration_error,derived_secondary_ecl_depth,derived_secondary_ecl_depth_error
[from data line 544]
375316653866487564,5863965685900015232,0.46041417,2225.407335820005,2.858499313291937,1.8500486E-5,19.682175,0.09493153,0.24952145,0.004432358,0.10011418,0.016173929,0.493537,0.08955626,0.74268395,0.007355894,0.09646551,0.017611723,0.53887266,0.093368925,null,null,null,null,"TWOGAUSSIANS",8,6.3910766,0.74268395,0.007355894,0.4,0.0,0.50177723,0.058902603,0.24952145,0.0044324095,0.4,0.0,0.4564393,0.046766218
375316653866487564,5863966029497428736,0.56212884,2238.174326471399,1.4405352006315262,6.2745967E-6,18.946444,0.011052426,0.26584435,0.003691431,0.069303535,0.005869839,0.23400643,0.012125224,0.76492816,0.0013542395,0.04911441,0.0021818113,0.7181734,0.032074794,null,null,null,null,"TWOGAUSSIANS",8,4.8108563,0.76492816,0.0013542395,0.2750407,0.012218143,0.71807927,0.03208724,0.26584435,0.003691431,0.38809982,0.03198857,0.23391229,0.012108521
375316653866487564,5863966334389672448,0.5511623,2237.83385307197,2.064142033818206,9.493859E-6,18.18964,0.010790594,0.22515544,0.003395136,0.09368586,0.008352842,0.17005186,0.009706089,0.7261622,0.0024768326,0.095543176,0.0070334063,0.2611925,0.011127434,null,null,null,null,"TWOGAUSSIANS",8,2.5752628,0.7261622,0.0024768326,0.4,0.0,0.24854523,0.012681402,0.22515544,0.003395136,0.4,0.0,0.15740496,0.008107892
375316653866487564,5863966819769818368,0.5962121,2235.1378411171877,2.487297893792945,5.1731377E-6,18.29507,0.007988897,0.27376103,0.0022755999,0.046982877,0.003757267,0.36069298,0.027466692,0.7697698,0.002793698,0.044796634,0.0027299533,0.46857557,0.018624635,0.1353581,0.010635842,0.27376103,0.0022755999,"TWOGAUSSIANS_WITH_ELLIPSOIDAL_ON_ECLIPSE1",9,5.133866,0.7700998,0.0025016374,0.25086114,0.015287738,0.7391348,0.010804956,0.27376103,0.0022755999,0.2631041,0.021040695,0.63140815,0.023300104
375316653866487564,5863967025970220416,0.49596095,2236.1525679164056,0.8447343457539391,1.2245795E-5,18.20048,0.0018166872,null,null,null,null,null,null,null,null,null,null,null,null,0.058811925,0.0028136966,0.242658,0.003336364,"ELLIPSOIDAL",4,2.5393503,null,null,null,null,null,null,null,null,null,null,null,null
375316653866487564,5863967025970224256,0.5508746,2220.9259267380903,0.19323169068621998,1.5247518E-5,16.7424,0.0028370249,0.17748523,0.023233576,0.031351753,0.051026836,0.5202065,0.5528266,0.6988504,0.0022980478,0.021912603,0.0013619834,0.25053492,0.012774621,null,null,null,null,"TWOGAUSSIANS",8,6.3448753,0.17748523,0.023233576,0.17556982,0.22961281,0.5202065,0.55282706,0.6988504,0.0022980478,0.12271058,0.007627107,0.25053492,0.012774596
375316653866487564,5863967055946108800,0.48817787,2245.6493263703856,2.5169881421405345,2.3151199E-5,16.459414,0.5524091,0.2434539,0.004467379,0.17424962,0.025296845,0.8621291,0.37658504,0.7385331,0.0055882446,0.22009526,0.047310032,0.9639456,0.5218947,null,null,null,null,"TWOGAUSSIANS",8,17.817612,0.24734391,0.0041149957,0.4,0.0,0.2042994,0.006343588,0.7385331,0.0055882446,0.4,0.0,0.18806182,0.008536922
375316653866487564,5863967163368907776,0.5484906,2247.256398607183,2.3608404989663447,8.549077E-6,17.836527,0.006990623,0.27835023,0.0032027445,0.0915244,0.0038319752,0.30944645,0.009962495,0.7830084,0.0043521724,0.078389764,0.0058651185,0.21736638,0.010369914,null,null,null,null,"TWOGAUSSIANS",8,6.2953,0.27835023,0.0032027445,0.4,0.0,0.30308214,0.009009139,0.7830084,0.0043521724,0.4,0.0,0.21100228,0.010229532
375316653866487564,5863967163368909312,0.4846627,2211.240702808086,2.3629002606998064,1.15168195E-5,19.351223,0.018325612,0.29704097,0.0056919637,0.041785285,0.00900912,0.24660249,0.050090473,0.81632185,0.007264503,0.025392964,0.042391427,0.20860529,0.4196712,0.093758315,0.030619862,0.29704097,0.0056919637,"TWOGAUSSIANS_WITH_ELLIPSOIDAL_ON_ECLIPSE1",9,4.413091,0.29704097,0.0056919637,0.2339976,0.050451074,0.43411914,0.041496523,0.81632185,0.007264503,0.1422006,0.237392,0.39338332,0.46139657
375316653866487564,5863967266448280064,0.4990561,2255.9211970748574,2.8525691080587725,1.859724E-5,18.94466,0.062996365,0.2614807,0.008262867,0.06673599,0.04025084,0.10356708,0.1299307,0.7441235,0.025035627,0.01318499,0.05911333,0.1572448,0.04423489,0.090327755,0.06889222,0.2614807,0.008262867,"TWOGAUSSIANS_WITH_ELLIPSOIDAL_ON_ECLIPSE1",9,5.5195518,0.7443935,0.023918249,0.07383594,0.33103466,0.33570096,0.096236944,0.2614807,0.008262867,0.37372154,0.20476325,0.28413054,0.024137596
375316653866487564,5863967468295124480,0.58305967,2250.7765215289646,0.5192067501509359,4.3697332E-6,15.78903,0.0015946301,0.28197354,0.0019446593,0.030638399,0.0020164382,0.7197186,0.1519023,0.78069305,0.002453469,0.03265014,0.0016910498,0.10125693,0.0067971502,0.015308073,0.0020592036,0.28197354,0.0019446593,"TWOGAUSSIANS_WITH_ELLIPSOIDAL_ON_ECLIPSE1",9,7.690868,0.28197354,0.0019446593,0.17157504,0.011292053,0.7503347,0.15324822,0.78072304,0.002390436,0.18284078,0.009469879,0.13187113,0.005873947
375316653866487564,5863967472606642944,0.50793236,2235.7388251620523,2.909327330285436,8.879918E-6,18.959959,0.010536521,0.21158475,0.004263188,0.07986656,0.004931771,0.3044283,0.018228915,0.707606,0.0036781332,0.08351547,0.006199175,0.25954565,0.01256368,null,null,null,null,"TWOGAUSSIANS",8,2.955261,0.21158475,0.004263188,0.4,0.0,0.29961374,0.017333759,0.707606,0.0036781332,0.4,0.0,0.25473106,0.011864254
375316653866487564,5863967781842686464,0.47462565,2222.634436150384,2.469822009626235,1.2390119E-5,19.616583,0.024861507,0.27994165,0.005416351,0.051857997,0.006997933,0.38617384,0.07713036,0.7850903,0.00456013,0.023678735,0.007066952,0.38969943,0.14643061,0.05004826,0.03237733,0.27994165,0.005416351,"TWOGAUSSIANS_WITH_ELLIPSOIDAL_ON_ECLIPSE1",9,7.65084,0.7850903,0.00456013,0.13260092,0.039574932,0.48968768,0.15207312,0.27994165,0.005416351,0.2904048,0.039188426,0.48626682,0.054584794
375316653866487564,5863967884963706496,0.5882793,2224.3625550134966,2.0464390488904862,7.6099063E-6,14.272226,0.08736944,0.22419587,0.0044177584,0.13537225,0.038358685,0.14437391,0.083125316,0.717838,0.0014722496,0.14357677,0.023128979,0.24460371,0.084722,null,null,null,null,"TWOGAUSSIANS",8,26.410818,0.717838,0.0014722496,0.4,0.0,0.17290342,0.0033565557,0.22473586,0.004430982,0.4,0.0,0.07350552,0.0047670933
375316653866487564,5863967953641404544,0.45660728,2166.234276793737,2.3051758912227798,1.8846195E-5,19.297625,0.03365827,0.33722326,0.0072342837,0.08352407,0.01124966,0.3000215,0.04017916,0.84034365,0.017105825,0.074305005,0.020657215,0.2989246,0.042965103,null,null,null,null,"TWOGAUSSIANS",8,11.318588,0.33722326,0.0072342837,0.4,0.0,0.29630575,0.038393836,0.84034365,0.017105825,0.4,0.041493412,0.29520884,0.040895518
375316653866487564,5863968262827566976,0.4673661,2214.919698921971,4.368823978366465,1.740384E-5,18.355871,0.3390822,0.21500526,0.0073359115,0.12995353,0.070402265,0.27494562,0.3283506,0.7109896,0.0062197703,0.12638684,0.05679148,0.28221557,0.32185316,null,null,null,null,"TWOGAUSSIANS",8,7.919937,0.7109896,0.0062197703,0.4,0.0,0.20196125,0.015084667,0.21505527,0.0074532116,0.4,0.0,0.19458072,0.022319073
375316653866487564,5863968434626338048,0.43644357,2079.6104414414963,2.3496083566042585,5.377977E-5,19.458956,0.043035403,0.26216376,0.009302646,0.09746895,0.018326057,0.27027625,0.053080663,0.7274561,0.01719076,0.09733447,0.030347658,0.28378916,0.053644095,null,null,null,null,"TWOGAUSSIANS",8,7.729855,0.7274561,0.01719076,0.4,0.0,0.27098724,0.054435175,0.26217377,0.009281,0.4,0.0,0.2574744,0.045017973
375316653866487564,5863968984382562944,0.5265765,2196.4115283001174,2.497595207090389,2.21489E-5,19.516148,0.018969614,0.27874902,0.0080945175,0.08967523,0.008379185,0.41770414,0.024737295,0.77241135,0.0050767353,0.09106743,0.009453553,0.3898149,0.023785433,null,null,null,null,"TWOGAUSSIANS",8,1.9682946,0.27874902,0.0080945175,0.4,0.0,0.40176257,0.019680561,0.77241135,0.0050767353,0.4,0.0,0.37387326,0.024307698
375316653866487564,5863969327979627776,0.4894774,2195.0200805867967,3.939128122367666,1.4235115E-5,19.044397,0.022411304,0.14423269,0.006123679,0.05763614,0.009147415,0.30562368,0.025247525,0.6310004,0.0059824768,0.07880254,0.011036981,0.38615406,0.029967165,null,null,null,null,"TWOGAUSSIANS",8,7.31609,0.6310004,0.0059824768,0.4,0.0,0.3855692,0.030331546,0.14423269,0.006123679,0.3227624,0.051225524,0.30503884,0.02495855
375316653866487564,5863969426766007936,0.5573394,2194.144889539913,0.7110009851632765,8.266897E-5,17.729876,0.0054368787,0.22496371,0.019766396,0.016960941,0.01661582,0.04221335,56.012695,0.7166544,0.025288394,0.032631468,0.021179453,0.37005734,0.06037332,0.01413219,0.0057350085,0.22496371,0.019766396,"TWOGAUSSIANS_WITH_ELLIPSOIDAL_ON_ECLIPSE1",9,4.259665,0.7167044,0.024983238,0.18273622,0.11860493,0.39824525,0.054042388,0.22496371,0.019766396,0.09498127,0.093048595,0.07047773,56.017567
375316653866487564,5863969431058944256,0.4256661,2211.8055438775887,2.556584886891647,6.850318E-5,17.961647,0.13091144,0.37850818,0.01623003,0.1595702,0.09356956,0.13048828,0.12904784,0.8892902,0.018976217,0.08949911,0.055072233,0.0743232,0.10156482,null,null,null,null,"TWOGAUSSIANS",8,14.61212,0.37850818,0.016369384,0.4,0.0,0.10546101,0.016882224,0.89013016,0.019072432,0.4,0.0,0.051263444,0.023504667
375316653866487564,5863969465503073664,0.6627647,2213.691158144419,2.0498123703793794,1.73873E-6,16.315287,0.0033988566,0.21373497,6.982034E-4,0.05211422,0.002475516,0.16038382,0.007897665,0.7146414,0.0017511469,0.047699966,0.004990839,0.13184734,0.0063253515,0.13403516,0.004609129,0.21373497,6.982034E-4,"TWOGAUSSIANS_WITH_ELLIPSOIDAL_ON_ECLIPSE1",9,3.2564,0.21373497,6.982034E-4,0.29183963,0.013862889,0.42845178,0.0035829754,0.7146414,0.0017511469,0.2671198,0.027948698,0.39990658,0.007903554
375316653866487564,5863969529851165824,0.48574394,2205.5471779196223,2.508385480251954,1.3453672E-5,17.93975,0.34321046,0.27048624,0.0040319865,0.12618786,0.036722414,0.2859321,0.22417727,0.7666248,0.0070976703,0.18493095,0.11432776,0.27264807,0.34004042,null,null,null,null,"TWOGAUSSIANS",8,3.8883517,0.27113622,0.0037775515,0.4,0.0,0.1547021,0.021564495,0.7666248,0.0070976703,0.4,0.0,0.12751828,0.0062325164
375316653866487564,5863969843375952384,0.46665293,2212.426015834479,2.6755007505786583,1.8426816E-5,18.572985,0.98949677,0.25378415,0.018027455,0.15251265,0.1444293,0.33868358,0.96243525,0.74308014,0.008208712,0.13142999,0.07364624,0.36436963,0.78801304,null,null,null,null,"TWOGAUSSIANS",8,8.399505,0.74308014,0.008208712,0.4,0.0,0.22933176,0.01205928,0.25409415,0.016926706,0.4,0.0,0.2009791,0.02083525
375316653866487564,5863970010887517824,0.6186707,2204.2545224905853,2.337684121543798,3.7544776E-6,16.92875,0.013776887,0.23625046,0.0015885157,0.049995527,0.00313824,0.3260077,0.03200899,0.73424435,0.002543913,0.05022437,0.005613052,0.2859309,0.027414735,0.10892885,0.015849994,0.23625046,0.0015885157,"TWOGAUSSIANS_WITH_ELLIPSOIDAL_ON_ECLIPSE1",9,13.366294,0.23625046,0.0015885157,0.27997494,0.017574145,0.54386264,0.014621957,0.73450434,0.002108025,0.2812565,0.03143309,0.5037558,0.018314809
375316653866487564,5863970457588278528,0.5564196,2221.184948634768,0.2602595205083605,3.2641894E-6,18.73539,0.0041734977,0.20172502,0.0048771924,0.015231073,0.0037821275,0.5528383,0.122162744,0.7046523,0.004863324,0.01143507,0.0027109163,0.50875366,0.124976434,null,null,null,null,"TWOGAUSSIANS",8,3.657393,0.20172502,0.0048771924,0.08529401,0.021179913,0.5528383,0.122162744,0.7046523,0.004863324,0.06403639,0.015181132,0.50875366,0.124976434
375316653866487564,5863970869875116416,0.57652575,2203.3291014010765,0.8310100103010609,5.828227E-6,17.166918,0.010200722,0.26794857,0.0024245982,0.11107662,0.0067220284,0.16632967,0.009812892,0.7707231,0.0018341264,0.11159846,0.0073232115,0.17129621,0.008066389,null,null,null,null,"TWOGAUSSIANS",8,2.136665,0.7707231,0.0018438514,0.4,0.0,0.14492285,0.0054378505,0.26794857,0.0024391809,0.4,0.0,0.13995805,0.0031259796
375316653866487564,5863971080327511424,0.48727736,2156.5293417805206,2.508965291823986,1.5113197E-5,19.667313,0.013458898,0.25876412,0.0039794086,0.07244302,0.009531058,0.5007259,0.10025724,0.7602152,0.0053411475,0.09365691,0.012627218,0.22804226,0.013400414,null,null,null,null,"TWOGAUSSIANS",8,1.7907875,0.25876412,0.0039794086,0.4,0.007483654,0.49414456,0.1048408,0.7602152,0.0053411475,0.4,0.0,0.22146055,0.01343628
375316653866487564,5863971114687404160,0.56945187,2171.279329798324,2.3288905389200982,7.855995E-6,17.82436,0.01086806,0.27877125,0.0027089175,0.039696146,0.022660976,0.104373306,0.015012345,0.7665668,0.00746083,0.044014562,0.00940224,0.10147575,0.024685858,0.07080868,0.014065995,0.27877125,0.0027089175,"TWOGAUSSIANS_WITH_ELLIPSOIDAL_ON_ECLIPSE1",9,3.556141,0.27877125,0.0027089175,0.22229843,0.12690148,0.24599029,0.03150412,0.7687068,0.0062552216,0.24648154,0.05265254,0.2424073,0.009412878
375316653866487564,5863971179118742784,0.51299226,2170.827035667159,1.5314244302055064,1.5423888E-5,18.118803,0.0063884165,0.22230001,0.0017752856,0.025068061,0.0017605285,0.55836695,0.023844816,0.72885334,0.019708503,0.035619114,0.02295198,0.068973005,0.069368914,null,null,null,null,"TWOGAUSSIANS",8,14.337268,0.22230001,0.0017752856,0.14038114,0.00985896,0.55836695,0.023844816,0.72885334,0.019708503,0.19946703,0.12853108,0.068973005,0.069368914
375316653866487564,5863971527003850368,0.45874202,2172.129572703559,2.1659136757897017,2.5550156E-5,19.135405,0.026786067,0.29634035,0.014733825,0.10753815,0.020114956,0.19506173,0.029750565,0.77488583,0.0063473494,0.09228287,0.016332347,0.19674388,0.029208526,null,null,null,null,"TWOGAUSSIANS",8,3.620378,0.77488583,0.0063473494,0.4,0.0,0.18379408,0.025908424,0.29634035,0.014733415,0.4,0.0,0.18210095,0.028093211
375316653866487564,5863971870601647744,0.430952,2204.31660700384,1.405990982632384,1.8019924E-5,17.976215,0.0022419144,null,null,null,null,null,null,null,null,null,null,null,null,0.030616185,0.0035071846,0.23570259,0.007093448,"ELLIPSOIDAL",4,4.502969,null,null,null,null,null,null,null,null,null,null,null,null
375316653866487564,5863972111203223424,0.4326032,2162.1846919641457,0.2831863136414481,1.7779741E-5,18.165636,0.00825312,0.3751093,0.01859806,0.05002427,0.014488148,0.06907574,0.01558654,0.7572737,0.002724992,0.007703912,0.003359158,0.75182337,2.1184077,0.036121357,0.010369087,0.7572737,0.002724992,"TWOGAUSSIANS_WITH_ELLIPSOIDAL_ON_ECLIPSE2",9,27.233389,0.7572737,0.002724992,0.04314191,0.018811284,0.8240659,2.118768,0.3584993,0.014109793,0.28013593,0.08113363,0.112123854,0.01230654
375316653866487564,5863972557797166720,0.5342805,2181.975593527809,2.450578721022767,9.954391E-6,19.518526,0.0073373984,0.175247,0.0031505018,0.062955864,0.005675607,0.5428476,0.042484984,0.6809617,0.0040324093,0.06954736,0.0064569884,0.55933917,0.06424063,null,null,null,null,"TWOGAUSSIANS",8,3.1715622,0.6809617,0.0040324093,0.38946524,0.026263895,0.5585825,0.064749606,0.175247,0.0031505018,0.35255283,0.0317834,0.5420909,0.042883325
375316653866487564,5863972557797247104,0.48713672,2200.842295875552,2.292401948132073,1.9087038E-5,17.917957,0.05336029,0.24618883,0.004209126,0.11653264,0.02674122,0.15876459,0.051025864,0.75001174,0.011929612,0.116953306,0.03332692,0.16301754,0.051745094,null,null,null,null,"TWOGAUSSIANS",8,4.5341873,0.75002176,0.011944694,0.4,0.0,0.1316847,0.009844087,0.24617884,0.004213007,0.4,0.0,0.12743486,0.006661293
375316653866487564,5863972729702702080,0.59483546,2217.3684643139745,3.120233747710818,7.477262E-6,17.79031,0.015561973,0.2270477,0.0029261955,0.05240908,0.006801119,0.25986958,0.034357492,0.72130674,0.005267776,0.06052616,0.0069178576,0.27563334,0.03264138,0.088730685,0.018596627,0.2270477,0.0029261955,"TWOGAUSSIANS_WITH_ELLIPSOIDAL_ON_ECLIPSE1",9,6.633297,0.7222067,0.00432704,0.3389465,0.03874,0.45286033,0.02802701,0.2270477,0.0029261955,0.29349083,0.038086265,0.43729115,0.01374775
