Gaia/vari_eclipsing_binary/VariEclipsingBinary_489744-489773.csv
# %ECSV 1.0
# ---
# delimiter: ','
# meta: !!omap
# - RELEASE: Gaia DR3
# - TABLE: vari_eclipsing_binary
# - DESCRIPTION: >
#     This table describes the properties of the eclipsing binaries resulting from the variability analysis. 
# - CITATION: >
#     How to cite and acknowledge Gaia: 
#     https://gea.esac.esa.int/archive/documentation/credits.html 
# - KNOWN_ISSUES: >
#     Known issues: 
#     https://www.cosmos.esa.int/web/gaia-users/known-issues 
# - DOCUMENTATION: >
#     Tutorials and documentation: 
#     https://www.cosmos.esa.int/web/gaia-users/archive 
# datatype:
# - 
#   name: solution_id
#   datatype: int64
#   description: Solution Identifier
#   meta:
#     ucd: meta.version
# - 
#   name: source_id
#   datatype: int64
#   description: Unique source identifier
#   meta:
#     ucd: meta.id;meta.main
# - 
#   name: global_ranking
#   datatype: float32
#   description: Number between 0 (worst) and 1 (best)
#   meta:
#     ucd: stat.param
# - 
#   name: reference_time
#   datatype: float64
#   unit: d
#   description: Reference time used for the geometric model fit
#   meta:
#     ucd: time.epoch
# - 
#   name: frequency
#   datatype: float64
#   unit: d**-1
#   description: Frequency of geometric model of the eclipsing binary light curve
#   meta:
#     ucd: src.orbital
# - 
#   name: frequency_error
#   datatype: float32
#   unit: d**-1
#   description: "Uncertainty of \\texttt{frequency}"
#   meta:
#     ucd: stat.error
# - 
#   name: geom_model_reference_level
#   datatype: float32
#   unit: mag
#   description: Magnitude reference level of geometric model
#   meta:
#     ucd: phot.mag;em.opt
# - 
#   name: geom_model_reference_level_error
#   datatype: float32
#   unit: mag
#   description: "Uncertainty of \\texttt{geomModelReferenceLevel}"
#   meta:
#     ucd: stat.error;phot.mag;em.opt
# - 
#   name: geom_model_gaussian1_phase
#   datatype: float32
#   description: Phase of the Gaussian 1 component
#   meta:
#     ucd: time.phase
# - 
#   name: geom_model_gaussian1_phase_error
#   datatype: float32
#   description: "Uncertainty of \\texttt{geomModelGaussian1Phase}"
#   meta:
#     ucd: stat.error;time.phase
# - 
#   name: geom_model_gaussian1_sigma
#   datatype: float32
#   description: "Standard deviation [phase] of Gaussian 1 component"
#   meta:
#     ucd: stat.stdev
# - 
#   name: geom_model_gaussian1_sigma_error
#   datatype: float32
#   description: "Uncertainty of \\texttt{geomModelGaussian1Sigma}"
#   meta:
#     ucd: stat.error
# - 
#   name: geom_model_gaussian1_depth
#   datatype: float32
#   unit: mag
#   description: Magnitude depth of Gaussian 1 component
#   meta:
#     ucd: src.var.amplitude
# - 
#   name: geom_model_gaussian1_depth_error
#   datatype: float32
#   unit: mag
#   description: "Uncertainty of \\texttt{geomModelGaussian1Depth}"
#   meta:
#     ucd: stat.error;src.var.amplitude
# - 
#   name: geom_model_gaussian2_phase
#   datatype: float32
#   description: Phase of Gaussian 2 component
#   meta:
#     ucd: time.phase
# - 
#   name: geom_model_gaussian2_phase_error
#   datatype: float32
#   description: "Uncertainty of \\texttt{geomModelGaussian2Phase}"
#   meta:
#     ucd: stat.error;time.phase
# - 
#   name: geom_model_gaussian2_sigma
#   datatype: float32
[...]
#   datatype: float32
#   description: "Secondary eclipse: uncertainty of \\texttt{derivedSecondaryEclDuration}"
#   meta:
#     ucd: stat.error;time.duration
# - 
#   name: derived_secondary_ecl_depth
#   datatype: float32
#   unit: mag
#   description: "Secondary eclipse: depth"
#   meta:
#     ucd: src.var.amplitude
# - 
#   name: derived_secondary_ecl_depth_error
#   datatype: float32
#   unit: mag
#   description: "Secondary eclipse: uncertainty of \\texttt{derivedSecondaryEclDepth}"
#   meta:
#     ucd: stat.error;src.var.amplitude
solution_id,source_id,global_ranking,reference_time,frequency,frequency_error,geom_model_reference_level,geom_model_reference_level_error,geom_model_gaussian1_phase,geom_model_gaussian1_phase_error,geom_model_gaussian1_sigma,geom_model_gaussian1_sigma_error,geom_model_gaussian1_depth,geom_model_gaussian1_depth_error,geom_model_gaussian2_phase,geom_model_gaussian2_phase_error,geom_model_gaussian2_sigma,geom_model_gaussian2_sigma_error,geom_model_gaussian2_depth,geom_model_gaussian2_depth_error,geom_model_cosine_half_period_amplitude,geom_model_cosine_half_period_amplitude_error,geom_model_cosine_half_period_phase,geom_model_cosine_half_period_phase_error,model_type,num_model_parameters,reduced_chi2,derived_primary_ecl_phase,derived_primary_ecl_phase_error,derived_primary_ecl_duration,derived_primary_ecl_duration_error,derived_primary_ecl_depth,derived_primary_ecl_depth_error,derived_secondary_ecl_phase,derived_secondary_ecl_phase_error,derived_secondary_ecl_duration,derived_secondary_ecl_duration_error,derived_secondary_ecl_depth,derived_secondary_ecl_depth_error
[from data line 114]
375316653866487564,4307869450826732800,0.4812316,2126.4317831164403,1.390152102946817,3.4756693E-5,17.362442,0.012576665,0.2098422,0.013007783,0.014443927,0.007158482,0.114380226,0.19274555,0.71665746,0.0032125742,0.03858163,0.0043669348,0.4997822,0.108289294,0.02336404,0.021333007,0.2098422,0.013007783,"TWOGAUSSIANS_WITH_ELLIPSOIDAL_ON_ECLIPSE1",9,42.925873,0.71665746,0.0032125742,0.21605712,0.024454834,0.5464246,0.11389442,0.2098422,0.013007783,0.080886,0.0400875,0.16110827,0.19143009
375316653866487564,4307869618277142528,0.566075,2049.452777570066,3.819196766080164,6.771787E-6,18.680754,0.010293187,0.29992905,0.0024589687,0.0738672,0.004327699,0.5088309,0.010062914,0.81263226,0.0024009498,0.0856575,0.0061838008,0.3757683,0.032236025,null,null,null,null,"TWOGAUSSIANS",8,3.2325315,0.29992905,0.0024589687,0.4,0.0,0.50391567,0.009247498,0.81263226,0.0024009498,0.4,0.0,0.37085307,0.033750705
375316653866487564,4307869996232728960,0.51399964,1982.7780534617373,0.06139130613366108,3.5615455E-4,18.98035,0.0049742847,0.36508897,0.006991427,0.04917932,0.017932465,0.052066192,0.027685376,0.7407266,0.00447993,0.02780592,0.004000942,0.6352949,0.1751224,null,null,null,null,"TWOGAUSSIANS",8,2.007969,0.7407266,0.00447993,0.15571316,0.022405276,0.6352949,0.1751224,0.36508897,0.006991427,0.27540419,0.10042181,0.052066192,0.027685376
375316653866487564,4307870202391105920,0.5780275,2132.433821140915,2.7993790215004193,5.401604E-6,17.888214,0.0047780634,0.16775812,0.0014744889,0.06520369,0.003946597,0.1321682,0.019464277,0.718056,0.020631636,0.03512781,0.023494905,0.081848755,0.0327107,0.10396188,0.010491125,0.16775812,0.0014744889,"TWOGAUSSIANS_WITH_ELLIPSOIDAL_ON_ECLIPSE1",9,4.1997204,0.16775812,0.0014744889,0.36514068,0.022100944,0.3400067,0.010686762,0.718056,0.020631636,0.19671574,0.13157146,0.26960298,0.04290233
375316653866487564,4307871100094373376,0.5808935,2071.1796588171705,1.7181552144691812,8.405678E-6,16.624252,0.011842624,0.2535114,0.0038172798,0.08664311,0.005054205,0.416183,0.014494802,0.7766562,0.0023840626,0.07493629,0.0044100583,0.22239834,0.012169993,null,null,null,null,"TWOGAUSSIANS",8,24.936848,0.2535114,0.0038172798,0.4,0.0,0.41290694,0.013980063,0.7766562,0.0023840626,0.4,0.0,0.21912238,0.01068307
375316653866487564,4307871164465372288,0.47540846,2009.0084007667103,2.59130909962884,3.1932817E-5,18.726505,0.014424904,0.31336686,0.008119667,0.023268005,0.0122161405,0.28961188,0.10118747,0.80212665,0.007913009,0.03169547,0.0108161615,0.38217452,0.04366024,0.028183952,0.021319244,0.31336686,0.008119667,"TWOGAUSSIANS_WITH_ELLIPSOIDAL_ON_ECLIPSE1",9,15.995158,0.8022567,0.0076978547,0.17749463,0.0605705,0.43826488,0.03615882,0.31336686,0.008119667,0.13030083,0.06841039,0.3459797,0.07103842
375316653866487564,4307871478051286400,0.49176586,2075.070441365528,0.4159533615861443,3.2635642E-5,17.587236,0.0021582628,0.12075635,0.007393751,0.021079404,0.01041535,0.03577355,0.01580785,0.8572998,0.011756777,0.022135003,0.0074195946,0.24417247,0.25488806,null,null,null,null,"TWOGAUSSIANS",8,4.2338967,0.8572998,0.011756777,0.12395602,0.04154973,0.24417247,0.25488806,0.12075635,0.007393751,0.11804467,0.058325958,0.03577355,0.01580785
375316653866487564,4307872367054826752,0.59786874,2053.45926072683,2.623096382793093,5.074363E-6,18.664753,0.009721992,0.2855156,0.0017472606,0.07675657,0.0031537218,0.5410558,0.009689983,0.7821361,0.0023417233,0.073836595,0.003561892,0.41802827,0.010409801,null,null,null,null,"TWOGAUSSIANS",8,2.9149892,0.2855156,0.0017472606,0.4,0.0,0.53748494,0.009427237,0.7821361,0.0023417233,0.4,0.0,0.4144574,0.009654642
375316653866487564,4307872577563074176,0.5240167,2033.0545137909726,1.919244413792864,8.1755925E-6,17.740313,0.009461151,0.24113907,0.0051436466,0.055365935,0.004292952,0.3088837,0.01409201,0.74108505,0.0027022008,0.050513294,0.0029747721,0.63144505,0.0260956,null,null,null,null,"TWOGAUSSIANS",8,23.94677,0.74108505,0.0027022008,0.28287444,0.016658725,0.63143265,0.026097747,0.24113907,0.0051436466,0.31004924,0.02404053,0.3088713,0.014086445
375316653866487564,4307872676293980928,0.5105391,2030.8190412428057,3.938760930749415,3.8007627E-5,17.846285,0.123702385,0.28017715,0.0103533855,0.12980771,0.029296355,0.2953902,0.11872101,0.75286186,0.00899417,0.13857979,0.040260322,0.26267394,0.11558149,null,null,null,null,"TWOGAUSSIANS",8,9.542956,0.28100714,0.009125633,0.4,0.0,0.21582846,0.011621007,0.75286186,0.00899417,0.4,0.0,0.18260327,0.014267848
375316653866487564,4307872680642274816,0.5446901,2067.6289785582603,1.7188415079936352,9.879054E-6,15.972513,0.0033566311,0.24270596,0.0041516037,0.090727024,0.00790777,0.08359973,0.0041106706,0.74435395,0.0042497977,0.08567037,0.004714722,0.12555322,0.006797237,null,null,null,null,"TWOGAUSSIANS",8,6.49968,0.74435395,0.0042497977,0.4,0.0,0.121996835,0.00656311,0.24270596,0.0041516037,0.4,0.0,0.0800433,0.0044431486
375316653866487564,4307873775822742144,0.5300788,2099.8098186208485,2.4719604767139045,2.1830176E-5,19.121756,0.024260733,0.28757805,0.0074369027,0.08147277,0.00732513,0.67544544,0.034385286,0.76660705,0.022297906,0.05625328,0.019730514,0.29380664,0.05182689,null,null,null,null,"TWOGAUSSIANS",8,9.881195,0.28757805,0.0074369027,0.4,0.0,0.674708,0.033478566,0.76660705,0.022297906,0.3150184,0.106017604,0.2930692,0.050895948
375316653866487564,4307874020633622656,0.48706627,2095.133599508393,0.9806772023460577,3.9845134E-5,19.798872,0.025550772,0.32191938,0.014274511,0.05519293,0.020190347,0.30384204,0.035950176,0.84057313,0.0068021356,0.06048448,0.01611099,0.09932714,0.024750004,null,null,null,null,"TWOGAUSSIANS",8,2.1463292,0.32191938,0.014274511,0.3090804,0.11306595,0.30382758,0.03599088,0.84057313,0.0068021356,0.33871308,0.09022155,0.09931269,0.02459867
375316653866487564,4307874054991557376,0.44618857,2062.299591670233,2.513876824242216,3.344096E-5,18.657804,0.004586292,null,null,null,null,null,null,null,null,null,null,null,null,0.062865585,0.0074830865,0.25369185,0.0072982553,"ELLIPSOIDAL",4,5.991457,null,null,null,null,null,null,null,null,null,null,null,null
375316653866487564,4307874054991589888,0.5204564,2083.379758996761,3.3336245329865757,1.07757405E-5,19.437412,0.012099175,0.27340835,0.0035429043,0.07047353,0.00494266,0.30049482,0.017487042,0.77061903,0.0072858897,0.07271044,0.012414592,0.23931848,0.018221559,null,null,null,null,"TWOGAUSSIANS",8,1.1866693,0.27340835,0.0035429043,0.39465177,0.02339199,0.29937088,0.01701278,0.77061903,0.0072858897,0.4,0.035816878,0.23819454,0.018179098
375316653866487564,4307874055031884800,0.52844304,2016.2892200043175,0.8398038768670292,5.0729035E-5,19.861649,0.007704108,0.32816938,0.010995283,0.028426068,0.007718532,0.06454463,0.033099577,0.68926454,4.0669297E-4,0.017530203,6.658081E-4,0.91400117,0.074312665,null,null,null,null,"TWOGAUSSIANS",8,0.82199293,0.68926454,4.0669297E-4,0.09816914,0.0037285252,0.91400117,0.074312665,0.32816938,0.010995283,0.15918598,0.04322378,0.06454463,0.033099577
375316653866487564,4307874089351481088,0.48545742,2083.318413232163,3.3307905737937307,1.7504295E-5,19.186464,0.32264382,0.30957475,0.0071071414,0.13087735,0.066657186,0.31860727,0.3038737,0.79035425,0.008603263,0.120613344,0.04040035,0.35415342,0.29457504,null,null,null,null,"TWOGAUSSIANS",8,2.665681,0.79035425,0.008603263,0.4,0.0,0.27525392,0.017122785,0.30973476,0.0062774145,0.4,0.0,0.23937127,0.023203708
375316653866487564,4307874432949345280,0.5080413,2020.9705863074385,2.264160642788797,3.3052755E-5,19.792875,0.015730783,0.24743569,0.0058156108,0.064997055,0.005964285,0.46233022,0.04159819,0.74694693,0.010859551,0.078035355,0.011132086,0.77974606,0.21410748,null,null,null,null,"TWOGAUSSIANS",8,3.9564948,0.74694693,0.010859551,0.4,0.017038735,0.7770621,0.21608558,0.24743569,0.0058156108,0.3639835,0.033399995,0.45964628,0.041818
375316653866487564,4307874531722061440,0.51649934,2129.4059950688084,2.524852254595962,1.9332108E-5,16.834837,0.058734693,0.2490339,0.005763318,0.115444176,0.026443781,0.17478007,0.05618308,0.74354976,0.0035772077,0.122758724,0.027026668,0.16079196,0.057581592,null,null,null,null,"TWOGAUSSIANS",8,8.594082,0.2490739,0.0058087395,0.4,0.0,0.13966776,0.008610603,0.74354976,0.0035772077,0.4,0.0,0.12562817,0.006778666
375316653866487564,4307874604748246400,0.4388036,2137.6365979775273,0.09578243835207169,4.8050988E-5,19.417511,0.040737655,0.24647357,0.029064542,0.111612014,0.035769306,0.23449995,0.039523378,0.7216078,0.009294251,0.023630105,0.01007715,0.20387706,0.041844353,null,null,null,null,"TWOGAUSSIANS",8,5.629968,0.24647357,0.029064542,0.4,0.0,0.23430634,0.037337206,0.7216078,0.009296336,0.13232858,0.05643204,0.20371437,0.03955818
375316653866487564,4307874742226892672,0.62136334,2154.85758756856,1.1358048084188845,6.236271E-6,16.646276,0.0042382837,0.28504327,0.005526709,0.088101156,0.007675105,0.2970819,0.041336596,0.7878574,0.0015038108,0.08796906,0.002540413,0.26408607,0.0042956946,null,null,null,null,"TWOGAUSSIANS",8,3.163673,0.28504327,0.005526709,0.4,0.0,0.28759018,0.043974914,0.7878574,0.0015038108,0.4,0.0,0.25459436,0.00346935
375316653866487564,4307874776547153024,0.50394404,2103.5010332222787,0.1634322654242147,2.6215339E-5,19.324104,0.0039787,0.0699939,0.012155284,0.00869578,0.006652716,0.055183962,0.026526157,0.7890243,0.006205294,0.054104637,0.00524556,0.55881137,0.16342679,null,null,null,null,"TWOGAUSSIANS",8,2.592665,0.7890243,0.006205294,0.30298597,0.029375136,0.55881137,0.16342679,0.0699939,0.012155284,0.04869637,0.03725521,0.05518474,0.02652688
375316653866487564,4307874879665858560,0.5613497,2115.5544386478364,3.1141845855832,5.6105528E-6,17.684893,0.009946706,0.29183173,0.0025290602,0.07196113,0.003712123,0.37105063,0.01219449,0.8067138,0.0034433862,0.07310845,0.0042791553,0.46325848,0.036862627,null,null,null,null,"TWOGAUSSIANS",8,10.44146,0.8067138,0.0034433862,0.4,0.0,0.46173257,0.037271608,0.29183173,0.0025290602,0.4,0.009116819,0.36952472,0.011938644
375316653866487564,4307874909679522176,0.52954894,2115.2117598409445,0.09162765497655428,5.4306965E-5,17.522457,0.012121529,0.3051712,0.0043324963,0.026726097,0.007970913,1.030127,0.5114016,0.80601966,0.00512405,0.062643334,0.0051981322,0.16583748,0.0154529875,null,null,null,null,"TWOGAUSSIANS",8,34.776077,0.3051712,0.0043324963,0.14966615,0.044637114,1.0301269,0.5114028,0.80601966,0.00512405,0.35080266,0.02910954,0.1658374,0.015452469
375316653866487564,4307874948346117376,0.4920044,2112.314585455266,0.9908334718925916,8.605834E-5,19.344027,0.006096588,0.34238672,0.021385407,0.0371677,0.009981261,0.3179328,0.4158441,0.19794962,3.7355535E-4,0.011878145,9.7442605E-4,0.084233694,0.0054182056,null,null,null,null,"TWOGAUSSIANS",8,1.8877774,0.34238672,0.021385407,0.2081391,0.05589506,0.3179328,0.4158441,0.19797961,3.5966895E-4,0.06651761,0.0054567857,0.08440107,0.0054718885
375316653866487564,4307875566860378880,0.43566698,2067.6959542659006,0.7855314425317663,3.0770952E-5,17.457363,0.003610297,0.26157603,0.009086603,0.07219896,0.038698617,0.048162814,0.009488478,0.80290574,0.007793189,0.016280372,0.0056988425,0.017824348,0.0056591583,null,null,null,null,"TWOGAUSSIANS",8,3.6169915,0.26157603,0.009086603,0.4,0.14525208,0.04816281,0.009488519,0.80290574,0.007793189,0.09117008,0.031913515,0.017824346,0.0056591476
375316653866487564,4307875772978769408,0.53638333,2006.9968821200578,3.0786928181827693,1.2273243E-5,19.91481,0.017987473,0.2370303,0.0023826275,0.06659118,0.0033863883,0.56752,0.029488638,0.74572825,0.010167106,0.07937092,0.00642141,0.6385907,0.068464935,null,null,null,null,"TWOGAUSSIANS",8,1.6161788,0.74572825,0.010167106,0.4,0.0,0.63581276,0.06853177,0.2370303,0.0023826275,0.37291062,0.018963775,0.5647421,0.02892181
375316653866487564,4307875910418133632,0.49916768,2059.026236181012,1.2934301179816352,2.3803654E-5,18.702433,0.021868916,0.30288824,0.008567821,0.1078882,0.01860811,0.13237509,0.020318367,0.787082,0.0035545507,0.094427034,0.010487658,0.22755878,0.017956337,null,null,null,null,"TWOGAUSSIANS",8,1.9336529,0.787082,0.0035545507,0.4,0.0,0.21450977,0.009210172,0.30288824,0.008569002,0.4,0.0,0.11931957,0.01070766
375316653866487564,4307875910457883904,0.49236795,2082.646202250663,0.07881906966291363,5.7395708E-5,15.089588,0.014485227,0.36283225,0.03562459,0.024015231,0.04084779,1.1027048,1.0258774,0.7843569,0.021447567,0.02070792,0.020175627,1.0348183,1.2401322E7,0.06726899,0.020862961,0.7843569,0.021447567,"TWOGAUSSIANS_WITH_ELLIPSOIDAL_ON_ECLIPSE2",9,1188.1179,0.36246225,0.039846502,0.1344853,0.22874762,1.2072293,1.0156972,0.7843569,0.021447567,0.11596435,0.11298351,1.1693561,1.2401322E7
375316653866487564,4307875910457914624,0.53342074,2007.26096366367,0.6139052281419057,1.3450558E-5,19.051683,0.0038577623,0.1872699,0.0054352037,0.02543291,0.009886792,0.07985326,0.015402464,0.68991584,0.0028841947,0.033075646,0.0015867231,0.38466763,0.018916879,null,null,null,null,"TWOGAUSSIANS",8,1.4674037,0.68991584,0.0028841947,0.18522361,0.00888565,0.38466763,0.018916879,0.1872699,0.0054352037,0.1424243,0.055366036,0.07985326,0.015402464
375316653866487564,4307876180986031616,0.48867458,2033.1573132071992,2.2177085591422347,5.1334173E-5,19.279686,0.020130204,0.2091506,0.009491297,0.0683527,0.009350549,0.1826221,0.03389671,0.6976251,0.012853514,0.06500356,0.01919749,0.49135187,0.06935256,null,null,null,null,"TWOGAUSSIANS",8,7.5556397,0.6976251,0.012853514,0.36401996,0.072594605,0.4909779,0.07032934,0.2091506,0.009491297,0.38277513,0.049018145,0.18224815,0.03342648
375316653866487564,4307876215345790720,0.5040854,2054.302263978548,2.1043100775515953,1.2517703E-5,17.467606,0.0030970236,0.2371458,0.0048042526,0.053338896,0.0052672485,0.10731322,0.007849085,0.7280806,0.0050372207,0.0564639,0.006401653,0.13405375,0.022671835,null,null,null,null,"TWOGAUSSIANS",8,4.2711196,0.7280806,0.0050372207,0.31619784,0.035849255,0.13404858,0.02267636,0.2371458,0.0048042526,0.29869783,0.029496592,0.10730805,0.007850729
375316653866487564,4307876288374762368,0.41372576,2046.8473580042503,0.09003762277034388,4.638557E-5,17.85642,0.021347634,0.1863486,0.0065253708,0.05496525,0.010508221,0.12759893,0.020179875,0.53520346,0.030744368,0.13124935,0.060842942,0.039354805,0.022262035,null,null,null,null,"TWOGAUSSIANS",8,6.9663687,0.1869086,0.004858233,0.3078054,0.058846034,0.12853439,0.02070721,0.53520346,0.030744368,0.4,0.0,0.039133035,0.019730872
375316653866487564,4307876735052295168,0.47321558,2035.0062737951398,2.7705106144516614,1.6306934E-5,19.287111,0.023991572,0.27329734,0.006965469,0.070325196,0.0077073514,0.6774621,0.03676244,0.7632257,0.0050581736,0.07413598,0.0074172397,0.5799575,0.031215517,null,null,null,null,"TWOGAUSSIANS",8,10.012147,0.27329734,0.006965469,0.3938211,0.03681518,0.6750084,0.036221962,0.7632257,0.0050581736,0.4,0.0024883181,0.5775038,0.030880883
375316653866487564,4307876769451444480,0.42912486,2061.9898352594096,0.8190462010388421,3.1170126E-5,15.626038,0.0015474411,null,null,null,null,null,null,null,null,null,null,null,null,0.015319919,0.0019008366,0.30696914,0.011490247,"ELLIPSOIDAL",4,18.24412,null,null,null,null,null,null,null,null,null,null,null,null
375316653866487564,4307876803811125376,0.56589174,2039.7580983592509,2.308200125927996,1.0451994E-5,17.00586,0.005192627,0.15561067,0.0020262292,0.05243566,0.004639265,0.09580954,0.016524404,0.65595555,0.013462446,0.036908276,0.01910556,0.07481407,0.01788242,0.09346061,0.0098538175,0.15561067,0.0020262292,"TWOGAUSSIANS_WITH_ELLIPSOIDAL_ON_ECLIPSE1",9,13.931521,0.15561067,0.0020262292,0.2936397,0.025979886,0.28272933,0.011353441,0.65595555,0.012656798,0.20668636,0.106991135,0.26173297,0.015200279
