Gaia/vari_eclipsing_binary/VariEclipsingBinary_606890-606918.csv
# %ECSV 1.0
# ---
# delimiter: ','
# meta: !!omap
# - RELEASE: Gaia DR3
# - TABLE: vari_eclipsing_binary
# - DESCRIPTION: >
#     This table describes the properties of the eclipsing binaries resulting from the variability analysis. 
# - CITATION: >
#     How to cite and acknowledge Gaia: 
#     https://gea.esac.esa.int/archive/documentation/credits.html 
# - KNOWN_ISSUES: >
#     Known issues: 
#     https://www.cosmos.esa.int/web/gaia-users/known-issues 
# - DOCUMENTATION: >
#     Tutorials and documentation: 
#     https://www.cosmos.esa.int/web/gaia-users/archive 
# datatype:
# - 
#   name: solution_id
#   datatype: int64
#   description: Solution Identifier
#   meta:
#     ucd: meta.version
# - 
#   name: source_id
#   datatype: int64
#   description: Unique source identifier
#   meta:
#     ucd: meta.id;meta.main
# - 
#   name: global_ranking
#   datatype: float32
#   description: Number between 0 (worst) and 1 (best)
#   meta:
#     ucd: stat.param
# - 
#   name: reference_time
#   datatype: float64
#   unit: d
#   description: Reference time used for the geometric model fit
#   meta:
#     ucd: time.epoch
# - 
#   name: frequency
#   datatype: float64
#   unit: d**-1
#   description: Frequency of geometric model of the eclipsing binary light curve
#   meta:
#     ucd: src.orbital
# - 
#   name: frequency_error
#   datatype: float32
#   unit: d**-1
#   description: "Uncertainty of \\texttt{frequency}"
#   meta:
#     ucd: stat.error
# - 
#   name: geom_model_reference_level
#   datatype: float32
#   unit: mag
#   description: Magnitude reference level of geometric model
#   meta:
#     ucd: phot.mag;em.opt
# - 
#   name: geom_model_reference_level_error
#   datatype: float32
#   unit: mag
#   description: "Uncertainty of \\texttt{geomModelReferenceLevel}"
#   meta:
#     ucd: stat.error;phot.mag;em.opt
# - 
#   name: geom_model_gaussian1_phase
#   datatype: float32
#   description: Phase of the Gaussian 1 component
#   meta:
#     ucd: time.phase
# - 
#   name: geom_model_gaussian1_phase_error
#   datatype: float32
#   description: "Uncertainty of \\texttt{geomModelGaussian1Phase}"
#   meta:
#     ucd: stat.error;time.phase
# - 
#   name: geom_model_gaussian1_sigma
#   datatype: float32
#   description: "Standard deviation [phase] of Gaussian 1 component"
#   meta:
#     ucd: stat.stdev
# - 
#   name: geom_model_gaussian1_sigma_error
#   datatype: float32
#   description: "Uncertainty of \\texttt{geomModelGaussian1Sigma}"
#   meta:
#     ucd: stat.error
# - 
#   name: geom_model_gaussian1_depth
#   datatype: float32
#   unit: mag
#   description: Magnitude depth of Gaussian 1 component
#   meta:
#     ucd: src.var.amplitude
# - 
#   name: geom_model_gaussian1_depth_error
#   datatype: float32
#   unit: mag
#   description: "Uncertainty of \\texttt{geomModelGaussian1Depth}"
#   meta:
#     ucd: stat.error;src.var.amplitude
# - 
#   name: geom_model_gaussian2_phase
#   datatype: float32
#   description: Phase of Gaussian 2 component
#   meta:
#     ucd: time.phase
# - 
#   name: geom_model_gaussian2_phase_error
#   datatype: float32
#   description: "Uncertainty of \\texttt{geomModelGaussian2Phase}"
#   meta:
#     ucd: stat.error;time.phase
# - 
#   name: geom_model_gaussian2_sigma
#   datatype: float32
[...]
#   datatype: float32
#   description: "Secondary eclipse: uncertainty of \\texttt{derivedSecondaryEclDuration}"
#   meta:
#     ucd: stat.error;time.duration
# - 
#   name: derived_secondary_ecl_depth
#   datatype: float32
#   unit: mag
#   description: "Secondary eclipse: depth"
#   meta:
#     ucd: src.var.amplitude
# - 
#   name: derived_secondary_ecl_depth_error
#   datatype: float32
#   unit: mag
#   description: "Secondary eclipse: uncertainty of \\texttt{derivedSecondaryEclDepth}"
#   meta:
#     ucd: stat.error;src.var.amplitude
solution_id,source_id,global_ranking,reference_time,frequency,frequency_error,geom_model_reference_level,geom_model_reference_level_error,geom_model_gaussian1_phase,geom_model_gaussian1_phase_error,geom_model_gaussian1_sigma,geom_model_gaussian1_sigma_error,geom_model_gaussian1_depth,geom_model_gaussian1_depth_error,geom_model_gaussian2_phase,geom_model_gaussian2_phase_error,geom_model_gaussian2_sigma,geom_model_gaussian2_sigma_error,geom_model_gaussian2_depth,geom_model_gaussian2_depth_error,geom_model_cosine_half_period_amplitude,geom_model_cosine_half_period_amplitude_error,geom_model_cosine_half_period_phase,geom_model_cosine_half_period_phase_error,model_type,num_model_parameters,reduced_chi2,derived_primary_ecl_phase,derived_primary_ecl_phase_error,derived_primary_ecl_duration,derived_primary_ecl_duration_error,derived_primary_ecl_depth,derived_primary_ecl_depth_error,derived_secondary_ecl_phase,derived_secondary_ecl_phase_error,derived_secondary_ecl_duration,derived_secondary_ecl_duration_error,derived_secondary_ecl_depth,derived_secondary_ecl_depth_error
[from data line 184]
375316653866487564,5338300962040253952,0.44122207,2190.409547434201,3.4746242970878476,6.313149E-5,19.683851,0.25113276,0.2801002,0.012370324,0.14790326,0.076587886,0.27497414,0.24813564,0.79024494,0.013109389,0.10890888,0.041499734,0.3034312,0.20560631,null,null,null,null,"TWOGAUSSIANS",8,1.8955548,0.7906049,0.012603795,0.4,0.0,0.22699937,0.04844588,0.2800802,0.012357757,0.4,0.0,0.19669941,0.020384192
375316653866487564,5338301168200507264,0.5055825,2183.8529365917966,2.6333705090843935,1.8401071E-5,18.864578,0.00381425,0.25683546,0.0035661561,0.031378534,0.009219616,0.029574677,0.05997379,null,null,null,null,null,null,0.09929475,0.00722549,0.25683546,0.0035661561,"ONEGAUSSIAN_WITH_ELLIPSOIDAL",6,2.9276595,0.25683546,0.0035661561,0.17571978,0.05162985,0.22816394,0.05934241,null,null,null,null,null,null
375316653866487564,5338301198221185536,0.5761983,2191.5538205463376,0.7150100828103421,2.5726284E-5,17.727118,0.0020830391,0.83683187,0.003116054,0.02662619,0.003978491,0.57362825,0.090489924,null,null,null,null,null,null,null,null,null,null,"ONEGAUSSIAN",5,5.057602,0.83683187,0.003116054,0.14910667,0.022279548,0.57362825,0.0,null,null,null,null,null,null
375316653866487564,5338301374377672960,0.42932242,2213.7652847832665,0.1592369198145741,1.99702E-4,19.849325,0.028158903,0.27166077,0.014917805,0.06905591,0.014000865,0.37026164,0.069549106,0.6995243,0.01931825,0.13908139,0.026027381,0.26292086,0.04551122,null,null,null,null,"TWOGAUSSIANS",8,3.4957244,0.27231076,0.014848944,0.3867131,0.078049906,0.36014554,0.06809882,0.6995243,0.01931825,0.4,0.0,0.250417,0.047983352
375316653866487564,5338301614875153792,0.52033544,2194.494918561423,2.8714289712625707,3.386397E-5,18.334263,0.0068094037,0.30564722,0.005777685,0.050644193,0.013769605,0.14175005,0.024948543,0.8211342,0.0065667266,0.041152727,0.0038627211,0.5254545,0.03792591,null,null,null,null,"TWOGAUSSIANS",8,10.09912,0.8211342,0.0065667266,0.23045526,0.021631239,0.52545446,0.037925832,0.30564722,0.005777685,0.28360748,0.07710979,0.14174998,0.02494919
375316653866487564,5338301683612701696,0.5530533,2224.79823719093,0.9231632744825516,4.375013E-6,14.897052,0.0011162069,0.23279656,0.0031953724,0.025867797,0.0031339058,0.08811422,0.022437917,0.73509264,0.0026265974,0.028380958,0.002387192,0.075758986,0.005726812,0.0064376025,0.0024064183,0.23279656,0.0031953724,"TWOGAUSSIANS_WITH_ELLIPSOIDAL_ON_ECLIPSE1",9,8.238137,0.23279656,0.0031953724,0.14485967,0.017549872,0.10098941,0.023086729,0.73509264,0.0026265974,0.15893337,0.013368276,0.088631496,0.005942324
375316653866487564,5338301752314384384,0.46938497,2222.9545765137445,0.11796318987620741,5.4261227E-6,18.246902,0.007455964,0.29443276,4.2178138E-4,0.0046824035,2.9778137E-4,0.4288417,0.03873134,0.7532013,0.0115464255,0.020691821,0.019253038,0.07596161,20.490185,null,null,null,null,"TWOGAUSSIANS",8,5.421757,0.29443276,4.2178138E-4,0.02622146,0.0016675756,0.4288417,0.03873134,0.7532013,0.0115464255,0.1158742,0.10781701,0.07596161,20.490185
375316653866487564,5338301889771142272,0.47145036,2219.2167623756254,2.325436275472007,4.7042606E-5,16.038557,0.9265525,0.24742433,0.025346708,0.11828817,0.10898772,0.15985171,0.6479066,0.71814585,0.016638549,0.12817784,0.18899933,0.16827206,0.87992233,null,null,null,null,"TWOGAUSSIANS",8,47.9439,0.71814585,0.016638549,0.4,0.0,0.13563477,0.019161327,0.24783434,0.017682344,0.4,0.0,0.1273817,0.011226064
375316653866487564,5338302680045296512,0.65840834,2196.1228210450226,2.2647865850274926,5.92265E-6,16.65226,0.0077508544,0.27966237,0.0013596476,0.058909927,0.0036212152,0.27743617,0.01939054,0.77629125,0.0015975673,0.055075552,0.002448832,0.3209079,0.017011575,0.12464593,0.0098153865,0.27966237,0.0013596476,"TWOGAUSSIANS_WITH_ELLIPSOIDAL_ON_ECLIPSE1",9,8.76817,0.77682126,0.0012392943,0.3084231,0.0137134595,0.57006127,0.0048696483,0.27966237,0.0013596476,0.3298956,0.020278806,0.5266838,0.015079461
375316653866487564,5338302748764801152,0.44918615,2200.497282031426,1.1487628286669607,2.876891E-5,19.159542,0.020658594,0.25315717,0.012809435,0.100736395,0.027505578,0.14370072,0.04925323,0.74691224,0.0075526033,0.11175551,0.013547503,0.1984328,0.019725211,null,null,null,null,"TWOGAUSSIANS",8,5.2644286,0.74691224,0.0075526033,0.4,0.0,0.1785481,0.008506899,0.25316718,0.012805289,0.4,0.0,0.12383306,0.059859373
375316653866487564,5338303088016218496,0.5743355,2219.6594775443064,2.1527719824255467,3.8367275E-6,18.16827,0.0045880554,0.1357638,0.007634708,0.085300565,0.007017699,0.14680737,0.017428296,0.6269437,6.0987106E-4,0.06244526,8.214882E-4,0.5995109,0.005335175,null,null,null,null,"TWOGAUSSIANS",8,5.526951,0.6269437,6.0987106E-4,0.34969345,0.004600334,0.5981575,0.0050456645,0.1357638,0.007634708,0.4,0.0,0.14545397,0.017659897
375316653866487564,5338303092345107200,0.55922663,2220.3393459535537,2.913759204510653,2.0483518E-5,18.236887,0.006907373,0.24420896,0.0027788316,0.08480773,0.004834011,0.20626022,0.008492329,0.73986125,0.004491918,0.08420468,0.005606197,0.20389408,0.008167209,null,null,null,null,"TWOGAUSSIANS",8,2.4785378,0.24420896,0.0027788316,0.4,0.0,0.20148164,0.007924026,0.73986125,0.004491918,0.4,0.0,0.1991155,0.00717939
375316653866487564,5338303126722004224,0.63845444,2210.308115068594,0.25778943526628423,8.158306E-6,17.226244,0.0019700148,0.34055224,0.004315142,0.02427333,0.001790982,1.1068922,0.10665123,0.8327965,0.026822045,0.019294523,0.018218614,0.0896627,0.5085478,0.0262023,0.0039565274,0.34055224,0.004315142,"TWOGAUSSIANS_WITH_ELLIPSOIDAL_ON_ECLIPSE1",9,4.9429426,0.34055224,0.004315142,0.13593066,0.010029499,1.1592969,0.10461094,0.8329266,0.026958195,0.108049326,0.10202424,0.14194505,0.5079473
375316653866487564,5338303401600044928,0.5779097,2206.9851397151815,0.11873647687162263,9.611458E-6,11.836088,4.6561475E-4,0.3698839,8.006261E-4,0.00848054,9.964324E-4,0.37177512,0.17554219,null,null,null,null,null,null,null,null,null,null,"ONEGAUSSIAN",5,24.301044,0.3698839,8.006261E-4,0.04749102,0.0055800215,0.37177512,0.0,null,null,null,null,null,null
375316653866487564,5338303435943036416,0.5191354,2195.2367964635546,3.902628883635912,1.4366134E-5,18.199192,0.025220243,0.20871711,0.013049657,0.023584133,0.01677511,0.7492032,3.294696,0.6932343,0.00366367,0.025715545,0.0060520526,0.47227848,0.15504843,0.2550108,0.04284096,0.6932343,0.00366367,"TWOGAUSSIANS_WITH_ELLIPSOIDAL_ON_ECLIPSE2",9,49.04968,0.20826711,0.012948353,0.13207115,0.093940616,1.2545509,3.3158183,0.6932343,0.00366367,0.14400704,0.033891495,0.98229927,0.156282
375316653866487564,5338303539038916352,0.52691936,2200.4556702569225,1.0046372960611718,6.834813E-5,18.103386,0.002098232,0.2982082,0.007979766,0.025318664,0.008309274,0.3877839,0.26922768,0.59704995,0.058794573,0.042779893,0.05550874,0.016071705,63.17923,null,null,null,null,"TWOGAUSSIANS",8,1.3017588,0.2982082,0.007979766,0.14178452,0.046531934,0.3877839,0.26922768,0.59704995,0.058794573,0.2395674,0.31084895,0.016071705,63.17923
375316653866487564,5338304329313083264,0.47329018,2220.8400196828247,3.616851922233032,7.3917174E-5,15.971424,0.0075862086,0.48253953,0.005478775,0.015365895,0.00808056,0.55489415,7.2908382,0.77242833,0.021924501,0.026843833,0.015226019,0.1256829,0.14532846,null,null,null,null,"TWOGAUSSIANS",8,22.297205,0.48253953,0.005478775,0.08604901,0.04525114,0.55489415,7.2908382,0.77242833,0.021924501,0.15032546,0.0852657,0.1256829,0.14532846
375316653866487564,5338304359317981440,0.4902967,2189.6379901588543,2.864913335081033,1.4537659E-5,18.080969,0.053117685,0.27982375,0.0029077756,0.114813015,0.024615208,0.19506589,0.047793195,0.7826868,0.007331359,0.11636617,0.030560117,0.17607518,0.04713147,null,null,null,null,"TWOGAUSSIANS",8,5.671811,0.27981377,0.0029195808,0.4,0.0,0.16033287,0.012037369,0.78269684,0.0073544993,0.4,0.0,0.14133736,0.027615823
375316653866487564,5338304393677091584,0.57898456,2208.1377579722507,0.99450360988825,3.306167E-5,16.44073,0.00447346,0.3419199,0.07309324,0.022321079,0.035092708,0.14138772,4.303835E21,0.8078748,5.437825E-4,0.017955668,0.0012581422,0.55951446,0.0072153066,0.005800231,0.0057956716,0.3419199,0.07309324,"TWOGAUSSIANS_WITH_ELLIPSOIDAL_ON_ECLIPSE1",9,23.607748,0.80789477,5.3774053E-4,0.10055174,0.007045596,0.5705924,0.012621587,0.3419199,0.07309324,0.12499804,0.19651917,0.15298817,4.303835E21
375316653866487564,5338304466751894528,0.6983686,2233.9794865258914,0.6363226807342021,2.3672064E-6,16.527466,0.0031253542,0.18418348,4.4672893E-4,0.032434337,0.0015961347,0.67072576,0.08095191,0.68378264,0.002230177,0.03179818,0.0016713506,0.6494859,0.02053594,0.04113884,0.0052234237,0.18418348,4.4672893E-4,"TWOGAUSSIANS_WITH_ELLIPSOIDAL_ON_ECLIPSE1",9,5.89169,0.18418348,4.4672893E-4,0.18163228,0.008938354,0.75300324,0.08270249,0.68378264,0.0022129563,0.1780698,0.009359564,0.7317629,0.016779708
375316653866487564,5338304466751897216,0.6130754,2228.5947204186778,0.38044915667230667,1.0205018E-5,14.515608,0.0013851778,0.27471456,0.0020946695,0.032539144,0.0020417762,0.18928485,0.0045009833,0.7649147,0.0013093808,0.03085077,0.0011631071,0.21504062,0.0045959433,0.009621406,0.0025326759,0.27471456,0.0020946695,"TWOGAUSSIANS_WITH_ELLIPSOIDAL_ON_ECLIPSE1",9,22.90525,0.76498467,0.0012972468,0.17276432,0.0065134,0.23421103,0.003826871,0.27471456,0.0020946695,0.1822192,0.011433946,0.20852762,0.0039067753
375316653866487564,5338304707270019456,0.4909692,2206.523864840177,3.037643716246952,3.33212E-5,16.436487,0.03953814,0.2549998,0.0065576457,0.11759885,0.027721953,0.1661134,0.033745248,0.7470411,0.011077978,0.10787348,0.027288469,0.16304149,0.035946615,null,null,null,null,"TWOGAUSSIANS",8,23.459833,0.25500977,0.0065651475,0.4,0.0,0.1401202,0.012484413,0.7470411,0.011077978,0.4,0.0,0.13708182,0.012214512
375316653866487564,5338305153931395712,0.46285278,2218.321788636681,2.6122010618840767,3.2238073E-5,19.579382,0.026286677,0.21692239,0.02050615,0.02398384,0.04108906,0.18532969,10.392698,0.7595147,0.014802331,0.052875783,0.05547059,0.110198066,0.08955957,0.105112605,0.040505376,0.7595147,0.014802331,"TWOGAUSSIANS_WITH_ELLIPSOIDAL_ON_ECLIPSE2",9,7.2954493,0.21893238,0.024783667,0.1343095,0.23009874,0.38152894,10.445882,0.7595147,0.014802331,0.29610437,0.3106353,0.32042173,0.11737375
375316653866487564,5338305360090090880,0.49102578,2213.079939081218,3.746951123236193,4.0558305E-5,19.870436,0.019588262,0.26809472,0.0062253443,0.0762318,0.008523322,0.37157917,0.038853385,0.77152663,0.011125085,0.0716027,0.010391883,0.43656373,0.03579907,null,null,null,null,"TWOGAUSSIANS",8,2.8802698,0.77152663,0.011125085,0.4,0.026367549,0.434129,0.034974083,0.26809472,0.0062253443,0.4,0.0,0.36914444,0.03891049
375316653866487564,5338305527557708544,0.5908743,2202.465554099879,2.8782483844425464,1.105366E-5,18.225769,0.006080445,0.23975503,0.0025781125,0.075571075,0.0023351957,0.6188357,0.011284414,0.7367963,0.0026587648,0.072947055,0.0028710589,0.53488964,0.024562895,null,null,null,null,"TWOGAUSSIANS",8,5.0710883,0.23975503,0.0025781125,0.4,0.0,0.6151107,0.011095371,0.7367963,0.0026587648,0.4,0.0,0.53116465,0.024851015
375316653866487564,5338305630636926208,0.5848857,2229.742129151206,0.38335443322069557,3.3287703E-5,18.275894,0.0018241268,0.28308153,0.019098945,0.02289595,0.011810053,0.015577784,0.018974457,0.8402606,0.032729276,0.029657675,0.02631753,0.46977523,134095.69,null,null,null,null,"TWOGAUSSIANS",8,1.3241028,0.8402606,0.032729276,0.16608298,0.14737816,0.46977523,134095.69,0.28308153,0.019098945,0.12821732,0.0661363,0.015577784,0.018974457
375316653866487564,5338305664996662912,0.5862999,2208.090082849037,0.11153930318464612,3.3703975E-5,18.718206,0.005792606,0.26512513,0.0022590847,0.015314965,0.00201492,0.7032871,0.02086358,0.77228045,0.0070140236,0.015441222,0.0051740077,0.866746,0.45433825,null,null,null,null,"TWOGAUSSIANS",8,4.941677,0.77228045,0.0070140236,0.08647084,0.028974444,0.866746,0.45433825,0.26512513,0.0022590847,0.085763805,0.011283553,0.7032871,0.02086358
375316653866487564,5338305875486780288,0.48389336,2220.8662937490058,3.6137570396682355,7.182217E-5,19.276012,0.0041653346,0.14884537,0.008382939,0.017158533,0.0047781602,0.4390426,0.15194201,0.41580385,0.0040747095,0.027266525,0.0033238742,0.06937121,0.0095088035,null,null,null,null,"TWOGAUSSIANS",8,2.8171263,0.14884537,0.008382939,0.09608778,0.026757699,0.4390426,0.15194201,0.41580385,0.0040747095,0.15269254,0.018613696,0.06937121,0.0095088035
375316653866487564,5338306390897659136,0.57029,2249.737488398659,2.3069000193038107,3.2953158E-6,15.022592,0.02160877,0.22697347,9.4928197E-4,0.19444373,0.004869358,0.24689335,0.016558295,0.7275827,0.0011531645,0.18777001,0.007931202,0.24922979,0.02120981,null,null,null,null,"TWOGAUSSIANS",8,2.7219777,0.7279527,0.0013772653,0.4,0.0,0.0568107,9.2727586E-4,0.22660346,9.4936445E-4,0.4,0.0,0.050758913,0.0010284523
375316653866487564,5338306597056131840,0.5514278,2198.7823496545125,4.002775328876464,4.0461426E-5,17.099207,0.0011660684,0.34724617,9.348042E-4,0.024586856,6.5934274E-4,0.3013153,0.016408557,0.8978155,0.02150695,0.034618992,0.030826397,0.017940996,2.0137734,null,null,null,null,"TWOGAUSSIANS",8,1.8758273,0.34724617,9.348042E-4,0.1376864,0.0036923194,0.3013153,0.016408557,0.8978155,0.02150695,0.19386636,0.17262782,0.017940996,2.0137734
375316653866487564,5338306940638596992,0.57529587,2184.1761957681824,2.9694526960452605,1.2814937E-5,18.686123,0.006992808,0.28402996,0.0043790997,0.06835102,0.00437662,0.48680088,0.01009341,0.7780982,0.005965435,0.06816121,0.0039051867,0.5901889,0.06037455,null,null,null,null,"TWOGAUSSIANS",8,3.9801505,0.7780982,0.005965435,0.38170278,0.021869045,0.5890734,0.060591243,0.28402996,0.0043790997,0.38276574,0.024509072,0.48568538,0.009723897
375316653866487564,5338308108870719744,0.5217104,2197.3511907704483,2.329896892926626,2.0930247E-5,18.327217,0.026522128,0.2805331,0.004137631,0.10505999,0.01409067,0.18604618,0.02417716,0.7929675,0.007389514,0.11276071,0.027084779,0.10530039,0.02447049,null,null,null,null,"TWOGAUSSIANS",8,1.677767,0.2805231,0.004146997,0.4,0.0,0.1688502,0.0070359716,0.79297745,0.0074055456,0.4,0.0,0.08809696,0.0074407933
375316653866487564,5338308521186755584,0.6021656,2279.230436049358,2.427489182907655,1.8619414E-5,16.786198,0.0419181,0.14306812,0.0072501884,0.047059428,0.017353296,0.38837224,0.07513746,0.6548504,0.009707676,0.066590555,0.01057501,0.36347654,0.08754034,0.12570713,0.04391953,0.14306812,0.0072501884,"TWOGAUSSIANS_WITH_ELLIPSOIDAL_ON_ECLIPSE1",9,5.484192,0.14306812,0.0072501884,0.2635328,0.09717846,0.63962775,0.1366326,0.6548504,0.009707676,0.3729071,0.051459055,0.6133567,0.03908582
375316653866487564,5338308727363091968,0.43755814,2217.5778678739725,2.349515495564024,1.05422E-4,17.106121,0.02399901,0.8712441,0.15159306,0.05157666,0.119950004,0.047199517,0.020273486,0.5490374,0.07031504,0.14271997,0.1166126,0.14341357,0.042724818,null,null,null,null,"TWOGAUSSIANS",8,4.945532,0.5490374,0.0677021,0.4,0.08125254,0.14271453,0.06004143,0.8593541,0.14322206,0.2888293,0.1799928,0.058753796,0.016886685
375316653866487564,5338308830439366912,0.6704288,2245.5591812603548,1.0202096737823931,6.941469E-6,15.385665,0.005510845,0.20774628,0.0025520977,0.04991379,0.0065671094,0.3884144,0.07724283,0.7064053,0.0011958703,0.043939743,0.002243395,0.28198034,0.011552778,0.073506854,0.006513313,0.20774628,0.0025520977,"TWOGAUSSIANS_WITH_ELLIPSOIDAL_ON_ECLIPSE1",9,14.143493,0.20774628,0.0025520977,0.2795172,0.036775813,0.53542644,0.0798853,0.7065053,0.0010358281,0.24606256,0.012563012,0.42898268,0.009107479
