Gaia/vari_eclipsing_binary/VariEclipsingBinary_665976-665995.csv
# %ECSV 1.0
# ---
# delimiter: ','
# meta: !!omap
# - RELEASE: Gaia DR3
# - TABLE: vari_eclipsing_binary
# - DESCRIPTION: >
#     This table describes the properties of the eclipsing binaries resulting from the variability analysis. 
# - CITATION: >
#     How to cite and acknowledge Gaia: 
#     https://gea.esac.esa.int/archive/documentation/credits.html 
# - KNOWN_ISSUES: >
#     Known issues: 
#     https://www.cosmos.esa.int/web/gaia-users/known-issues 
# - DOCUMENTATION: >
#     Tutorials and documentation: 
#     https://www.cosmos.esa.int/web/gaia-users/archive 
# datatype:
# - 
#   name: solution_id
#   datatype: int64
#   description: Solution Identifier
#   meta:
#     ucd: meta.version
# - 
#   name: source_id
#   datatype: int64
#   description: Unique source identifier
#   meta:
#     ucd: meta.id;meta.main
# - 
#   name: global_ranking
#   datatype: float32
#   description: Number between 0 (worst) and 1 (best)
#   meta:
#     ucd: stat.param
# - 
#   name: reference_time
#   datatype: float64
#   unit: d
#   description: Reference time used for the geometric model fit
#   meta:
#     ucd: time.epoch
# - 
#   name: frequency
#   datatype: float64
#   unit: d**-1
#   description: Frequency of geometric model of the eclipsing binary light curve
#   meta:
#     ucd: src.orbital
# - 
#   name: frequency_error
#   datatype: float32
#   unit: d**-1
#   description: "Uncertainty of \\texttt{frequency}"
#   meta:
#     ucd: stat.error
# - 
#   name: geom_model_reference_level
#   datatype: float32
#   unit: mag
#   description: Magnitude reference level of geometric model
#   meta:
#     ucd: phot.mag;em.opt
# - 
#   name: geom_model_reference_level_error
#   datatype: float32
#   unit: mag
#   description: "Uncertainty of \\texttt{geomModelReferenceLevel}"
#   meta:
#     ucd: stat.error;phot.mag;em.opt
# - 
#   name: geom_model_gaussian1_phase
#   datatype: float32
#   description: Phase of the Gaussian 1 component
#   meta:
#     ucd: time.phase
# - 
#   name: geom_model_gaussian1_phase_error
#   datatype: float32
#   description: "Uncertainty of \\texttt{geomModelGaussian1Phase}"
#   meta:
#     ucd: stat.error;time.phase
# - 
#   name: geom_model_gaussian1_sigma
#   datatype: float32
#   description: "Standard deviation [phase] of Gaussian 1 component"
#   meta:
#     ucd: stat.stdev
# - 
#   name: geom_model_gaussian1_sigma_error
#   datatype: float32
#   description: "Uncertainty of \\texttt{geomModelGaussian1Sigma}"
#   meta:
#     ucd: stat.error
# - 
#   name: geom_model_gaussian1_depth
#   datatype: float32
#   unit: mag
#   description: Magnitude depth of Gaussian 1 component
#   meta:
#     ucd: src.var.amplitude
# - 
#   name: geom_model_gaussian1_depth_error
#   datatype: float32
#   unit: mag
#   description: "Uncertainty of \\texttt{geomModelGaussian1Depth}"
#   meta:
#     ucd: stat.error;src.var.amplitude
# - 
#   name: geom_model_gaussian2_phase
#   datatype: float32
#   description: Phase of Gaussian 2 component
#   meta:
#     ucd: time.phase
# - 
#   name: geom_model_gaussian2_phase_error
#   datatype: float32
#   description: "Uncertainty of \\texttt{geomModelGaussian2Phase}"
#   meta:
#     ucd: stat.error;time.phase
# - 
#   name: geom_model_gaussian2_sigma
#   datatype: float32
[...]
#   datatype: float32
#   description: "Secondary eclipse: uncertainty of \\texttt{derivedSecondaryEclDuration}"
#   meta:
#     ucd: stat.error;time.duration
# - 
#   name: derived_secondary_ecl_depth
#   datatype: float32
#   unit: mag
#   description: "Secondary eclipse: depth"
#   meta:
#     ucd: src.var.amplitude
# - 
#   name: derived_secondary_ecl_depth_error
#   datatype: float32
#   unit: mag
#   description: "Secondary eclipse: uncertainty of \\texttt{derivedSecondaryEclDepth}"
#   meta:
#     ucd: stat.error;src.var.amplitude
solution_id,source_id,global_ranking,reference_time,frequency,frequency_error,geom_model_reference_level,geom_model_reference_level_error,geom_model_gaussian1_phase,geom_model_gaussian1_phase_error,geom_model_gaussian1_sigma,geom_model_gaussian1_sigma_error,geom_model_gaussian1_depth,geom_model_gaussian1_depth_error,geom_model_gaussian2_phase,geom_model_gaussian2_phase_error,geom_model_gaussian2_sigma,geom_model_gaussian2_sigma_error,geom_model_gaussian2_depth,geom_model_gaussian2_depth_error,geom_model_cosine_half_period_amplitude,geom_model_cosine_half_period_amplitude_error,geom_model_cosine_half_period_phase,geom_model_cosine_half_period_phase_error,model_type,num_model_parameters,reduced_chi2,derived_primary_ecl_phase,derived_primary_ecl_phase_error,derived_primary_ecl_duration,derived_primary_ecl_duration_error,derived_primary_ecl_depth,derived_primary_ecl_depth_error,derived_secondary_ecl_phase,derived_secondary_ecl_phase_error,derived_secondary_ecl_duration,derived_secondary_ecl_duration_error,derived_secondary_ecl_depth,derived_secondary_ecl_depth_error
[from data line 73]
375316653866487564,5857999357840675072,0.4996981,2223.0351857143537,2.695448221309224,1.3411012E-5,19.408922,0.02436241,0.22526157,0.0087932395,0.066330604,0.012746754,0.46375877,0.07188134,0.7222664,0.0027912746,0.074178085,0.004214687,0.5282001,0.023499476,null,null,null,null,"TWOGAUSSIANS",8,4.928072,0.7222664,0.0027912746,0.4,0.0,0.52656436,0.021876847,0.22526157,0.0087932395,0.3714514,0.060736075,0.462123,0.07285185
375316653866487564,5858000251192348288,0.5465459,2194.1446343966886,3.550470483269878,8.590227E-6,19.170609,0.011764777,0.17831156,0.0031825795,0.06593015,0.00425643,0.4618047,0.03629133,0.6735333,0.0025839524,0.059414677,0.0034512803,0.42419893,0.019307025,null,null,null,null,"TWOGAUSSIANS",8,3.6953003,0.17831156,0.0031825795,0.36920884,0.02383601,0.46153814,0.03634602,0.6735333,0.0025839524,0.3327222,0.01932717,0.42393237,0.019286007
375316653866487564,5858000800949457664,0.58587503,2230.1766418589846,0.7988442818687415,1.9365143E-6,18.716022,0.0037948994,0.2444131,0.0026731717,0.030019172,0.0027130852,0.5160387,0.026300805,0.74209875,0.0037129144,0.028677091,0.0038269556,0.13694589,0.017757164,0.024263179,0.007631401,0.2444131,0.0026731717,"TWOGAUSSIANS_WITH_ELLIPSOIDAL_ON_ECLIPSE1",9,1.5880531,0.2444131,0.0026731717,0.16810736,0.015193276,0.56456506,0.02586201,0.74214876,0.0036611948,0.1605917,0.02143095,0.1854622,0.016289748
375316653866487564,5858000835351534080,0.4278782,2131.8884584968923,0.09305099850884924,5.712663E-5,18.943855,0.31987104,0.13137563,0.014376187,0.057432678,0.014725455,0.16060987,0.09087918,0.6816883,0.087751664,0.1761191,0.1531343,0.28443587,0.3137189,null,null,null,null,"TWOGAUSSIANS",8,10.77452,0.6816883,0.087751664,0.4,0.0,0.25679824,0.09111064,0.12876563,0.012429431,0.321623,0.08246255,0.14620784,0.04986895
375316653866487564,5858000904027679104,0.47234526,2205.054129636047,2.2849166805403516,1.9154508E-5,20.023113,0.005153646,0.23496732,0.0032650423,0.060376808,0.016229823,0.028602464,0.024633152,null,null,null,null,null,null,0.16303533,0.014022888,0.23496732,0.0032650423,"ONEGAUSSIAN_WITH_ELLIPSOIDAL",6,4.536347,0.23496732,0.0032650423,0.33811012,0.08697967,0.3546677,0.020576058,null,null,null,null,null,null
375316653866487564,5858001178905440640,0.4910066,2215.6045467502695,2.4555837262667786,1.2261869E-5,18.21119,0.011439556,0.21996495,0.007985269,0.073711164,0.010127502,0.22274065,0.026334297,0.7208916,0.0036154797,0.08657135,0.007952208,0.21095736,0.011603447,null,null,null,null,"TWOGAUSSIANS",8,9.054073,0.21996495,0.007985269,0.4,0.008744142,0.21947894,0.027468419,0.7208916,0.0036154797,0.4,0.0,0.20769563,0.010733454
375316653866487564,5858001213265171072,0.5561637,2194.9641921459847,3.1684552142694353,9.1863085E-6,18.51606,0.008899744,0.12673628,0.002290742,0.08349916,0.0037715388,0.28213432,0.011940856,0.6387316,0.0024829372,0.084238365,0.004396668,0.3743652,0.01818773,null,null,null,null,"TWOGAUSSIANS",8,3.2729652,0.6387316,0.0024829372,0.4,0.0,0.3682058,0.018892163,0.12673628,0.002290742,0.4,0.0,0.2759749,0.011358639
375316653866487564,5858001488186302592,0.6381778,2199.1269942511194,2.5563280284050562,1.90755E-6,16.160515,0.0108143855,0.26430136,0.00103404,0.055458926,0.0033871455,0.3461958,0.023899745,0.7668926,0.003266073,0.053943526,0.004504019,0.40555456,0.022518173,0.104697235,0.013468577,0.26430136,0.00103404,"TWOGAUSSIANS_WITH_ELLIPSOIDAL_ON_ECLIPSE1",9,21.425488,0.7668926,0.003266073,0.30208373,0.025222506,0.6148728,0.019665914,0.26430136,0.00103404,0.31056997,0.018968014,0.5555695,0.01670065
375316653866487564,5858001625625286784,0.62058455,2241.4579959047396,0.5797981131121361,6.097893E-6,16.875856,0.0010916856,0.336328,3.4596474E-6,0.011574926,5.6987014E-5,0.80172235,0.0038663244,0.18909407,0.017694708,0.022480397,0.018781247,0.017103983,698.2487,null,null,null,null,"TWOGAUSSIANS",8,3.684201,0.336328,3.4596474E-6,0.06481959,3.1912728E-4,0.80172235,0.00386633,0.18909407,0.017694708,0.12589023,0.10517498,0.017103983,698.2487
375316653866487564,5858001728661519488,0.5567442,2181.8947303165287,2.7103642759444564,4.3869604E-6,18.979883,0.020846402,0.23143555,0.004045128,0.06447413,0.019549638,0.26909533,0.14584996,0.7333494,0.002392835,0.04691496,0.0047761425,0.4085599,0.041642256,0.13163532,0.024561582,0.23143555,0.004045128,"TWOGAUSSIANS_WITH_ELLIPSOIDAL_ON_ECLIPSE1",9,3.228013,0.7333494,0.0023884643,0.26272377,0.026746398,0.67164767,0.031918824,0.23143555,0.004045128,0.3610551,0.08727079,0.5322212,0.14256929
375316653866487564,5858001797381031168,0.53040713,2203.230782120248,2.5947961391810197,1.0793621E-5,18.872618,0.015614855,0.21975909,0.0055281273,0.08635935,0.006411489,0.36393228,0.019931937,0.7114912,0.006137032,0.085088395,0.007732678,0.4062368,0.020631835,null,null,null,null,"TWOGAUSSIANS",8,4.0330014,0.7114912,0.006137032,0.4,0.0,0.39674804,0.018240236,0.21975909,0.0055281273,0.4,0.0,0.35444352,0.017775113
375316653866487564,5858001934821508480,0.6476561,2222.867503280545,1.1402864888861182,2.2707964E-6,18.54663,0.0033680976,0.20607944,0.0036546183,0.033417337,0.0022077416,0.08895423,0.008801047,0.7016832,5.70264E-4,0.036354385,4.9797416E-4,0.985941,0.017575616,null,null,null,null,"TWOGAUSSIANS",8,1.9993787,0.7016832,5.70264E-4,0.20358457,0.0027886552,0.985941,0.017575616,0.20607944,0.0036546183,0.18713708,0.012363353,0.08895423,0.008801047
375316653866487564,5858001934863303808,0.5304204,2249.1538995140345,0.44903428814538937,1.4331666E-5,17.817719,0.0017821707,0.21418838,0.0021453847,0.01771428,0.0015974925,0.13489793,0.013091941,0.93007874,0.020471537,0.017922986,0.022295825,0.019021962,3739.7683,null,null,null,null,"TWOGAUSSIANS",8,1.6256821,0.21418838,0.0021453847,0.099199966,0.008945958,0.13489793,0.013091941,0.93007874,0.020471537,0.10036872,0.12485662,0.019021962,3739.7683
375316653866487564,5858002072301913216,0.5362686,2203.419672224953,1.8170861435164252,1.8669873E-5,15.06732,0.003705889,0.24595293,0.0073890346,0.028038772,0.0065967683,0.186907,0.01700008,0.74819124,0.0069508846,0.032876473,0.008199082,0.20567392,0.01069597,0.020960394,0.004421252,0.24595293,0.0073890346,"TWOGAUSSIANS_WITH_ELLIPSOIDAL_ON_ECLIPSE1",9,121.02168,0.74819124,0.006837784,0.18410826,0.045914855,0.24758641,0.00991209,0.24595293,0.0073890346,0.15701713,0.0369419,0.22882777,0.016260166
375316653866487564,5858002759455538304,0.41983634,2202.3034526018832,2.577370217159378,4.789047E-5,19.918436,0.018334193,0.37031576,0.0058216746,0.010528211,0.010729538,0.37469405,0.23501791,0.7825179,0.015114018,0.024469305,0.008386527,0.3224977,0.0769633,null,null,null,null,"TWOGAUSSIANS",8,8.248329,0.37031576,0.0058216746,0.05895798,0.060085412,0.37469405,0.23501791,0.7825179,0.015114018,0.1370281,0.04696455,0.3224977,0.0769633
375316653866487564,5858002862576263936,0.51532453,2237.647282622695,0.5791103342605206,4.2579406E-5,18.462685,0.00256567,0.7062316,0.0041303444,0.022185432,0.0037289157,0.27564713,0.015197037,null,null,null,null,null,null,0.02313183,0.004976481,0.7062316,0.0041303444,"ONEGAUSSIAN_WITH_ELLIPSOIDAL",6,3.0947752,0.7062316,0.0041303444,0.12423842,0.020881929,0.3219107,0.0163664,null,null,null,null,null,null
375316653866487564,5858003034375031168,0.49584335,2217.927125731078,0.8198419576458226,2.38415E-5,15.959263,0.0012707599,0.14062053,0.0030304824,0.04061831,0.0035344285,0.10113687,0.0034788067,0.8620629,0.025730105,0.034705892,0.019209286,0.008881475,0.0028038302,null,null,null,null,"TWOGAUSSIANS",8,7.886364,0.14062053,0.0030304824,0.22746253,0.0197928,0.10113687,0.0034788067,0.8620629,0.025730105,0.194353,0.107572004,0.008881475,0.0028038302
375316653866487564,5858003201802488576,0.47222698,2221.3974365854947,3.436704325320534,1.4385051E-5,17.917019,0.0076643894,0.2086412,0.004811649,0.07878855,0.008368533,0.12905745,0.0075289095,0.7073715,0.0051757284,0.08317474,0.0076797013,0.12613808,0.010262043,null,null,null,null,"TWOGAUSSIANS",8,4.920711,0.2086412,0.004811649,0.4,0.0,0.12693648,0.0066898484,0.7073715,0.0051757284,0.4,0.0,0.12401711,0.00997207
375316653866487564,5858003240492118784,0.4893471,2212.0986537593667,2.1763076985582357,1.5387182E-5,19.00782,0.026708758,0.24483626,0.0063954983,0.107794635,0.02752052,0.15346403,0.018274777,0.7473446,0.005482316,0.10056792,0.012871829,0.20418625,0.02589518,null,null,null,null,"TWOGAUSSIANS",8,1.818435,0.7473446,0.0054804143,0.4,0.0,0.1850403,0.0110012395,0.24483626,0.0063954983,0.4,0.0,0.13431327,0.014664596
375316653866487564,5858003343612560000,0.4475898,2244.000716604293,0.21197928739744798,6.9822745E-6,17.612486,0.0064654127,0.4820703,0.012146965,0.043448128,0.013467016,0.3983783,0.2538259,0.7932183,3.8348173E-4,0.0054791723,4.727421E-4,0.1379006,0.007605807,null,null,null,null,"TWOGAUSSIANS",8,13.294811,0.4820703,0.012146965,0.24330951,0.07541528,0.3983783,0.2538259,0.7932183,3.8348173E-4,0.030683365,0.0026473557,0.1379006,0.007605807
375316653866487564,5858003648477181312,0.5914157,2232.821630781288,1.182498198292625,5.568863E-6,15.744598,0.022851028,0.22835885,0.002317293,0.12733176,0.016996168,0.1347473,0.02107134,0.72548866,0.0013143938,0.11079874,0.012285836,0.117581196,0.021736996,null,null,null,null,"TWOGAUSSIANS",8,4.485104,0.22835885,0.0023094418,0.4,0.0,0.10761588,0.0032747118,0.72548866,0.0013143938,0.4,0.0,0.09056213,0.0016073607
375316653866487564,5858003652808831104,0.51959854,2244.126381562464,2.5963374654948863,1.0768E-5,18.773228,0.028487565,0.23589216,0.0062974314,0.10154182,0.010537064,0.3331658,0.029268239,0.7342011,0.0039532613,0.10025881,0.009362589,0.34860384,0.02699711,null,null,null,null,"TWOGAUSSIANS",8,4.834071,0.7342011,0.0039532613,0.4,0.0,0.3176097,0.01358275,0.23589216,0.0062974314,0.4,0.0,0.3021708,0.017548338
375316653866487564,5858003755888083328,0.4705531,2224.0806493357923,2.243572262463756,1.8147875E-5,18.784025,0.016923923,0.23133379,0.008275189,0.07830729,0.011932301,0.20220806,0.015406306,0.74708354,0.0072706244,0.09879997,0.013690389,0.18588492,0.018234009,null,null,null,null,"TWOGAUSSIANS",8,4.6628957,0.23133379,0.008275189,0.4,0.0,0.19669656,0.010501629,0.74708354,0.0072706244,0.4,0.0,0.18037207,0.016187118
375316653866487564,5858004026427984896,0.65578616,2233.1587511214607,1.446433604864389,4.844999E-6,17.257614,0.0033321416,0.28282943,0.0025473484,0.043129526,0.0054262434,0.049438857,0.008494975,0.78321445,9.416775E-4,0.044086237,0.0019997868,0.604091,0.02438331,0.047182072,0.0046049715,0.28282943,0.0025473484,"TWOGAUSSIANS_WITH_ELLIPSOIDAL_ON_ECLIPSE1",9,5.324468,0.78321445,9.401704E-4,0.24688293,0.011198807,0.6984544,0.027797356,0.28282943,0.0025473484,0.24152535,0.030386964,0.14380278,0.005009203
375316653866487564,5858004168246420480,0.66646093,2216.618312599168,0.16079775639786975,1.9021028E-5,15.669392,7.831582E-4,0.2372483,0.0044228393,0.009480563,0.0025704063,0.53350765,0.13059084,0.73815894,4.6191647E-4,0.0104840575,4.471405E-4,0.45970505,0.012440561,null,null,null,null,"TWOGAUSSIANS",8,7.5909085,0.2372483,0.0044228393,0.053091154,0.014394276,0.53350765,0.13059084,0.73815894,4.6191647E-4,0.05871072,0.002503987,0.45970505,0.012440561
375316653866487564,5858004236924679680,0.56678426,2228.3409834152203,1.553492256556677,7.358549E-6,18.011972,0.0076689254,0.24992949,0.0017351061,0.084411606,0.0038156915,0.40373093,0.016525842,0.7556451,0.004006244,0.08039898,0.0046435953,0.2512361,0.009710497,null,null,null,null,"TWOGAUSSIANS",8,7.0998445,0.24992949,0.0017351061,0.4,0.0,0.39796606,0.017207487,0.7556451,0.004006244,0.4,0.0,0.24547127,0.008899791
375316653866487564,5858004271284441984,0.5310823,2233.522136609066,0.20563731307328556,1.1394587E-4,18.525894,0.0074035907,0.4185689,0.0054527726,0.0072047324,0.1065307,0.43319392,0.40344667,0.8311287,0.012005618,0.030900665,0.016249739,0.02882401,0.024215931,null,null,null,null,"TWOGAUSSIANS",8,1.8820463,0.4185689,0.0054527726,0.040346503,0.35241678,0.43319392,0.4034784,0.8311287,0.012005618,0.17304371,0.09099853,0.02882401,0.02421949
375316653866487564,5858004305644187392,0.522425,2100.142813117451,3.317925975151428,5.357065E-5,19.691454,0.021360088,0.23128688,0.005474951,0.072918646,0.0051943464,0.5230953,0.04078575,0.7193632,0.007614338,0.06790446,0.008307011,0.6153111,0.103427745,null,null,null,null,"TWOGAUSSIANS",8,4.138166,0.7193632,0.007614338,0.38026494,0.043125033,0.613785,0.10407788,0.23128688,0.005474951,0.4,0.009360589,0.52156925,0.040502913
375316653866487564,5858005194684646144,0.48828477,2219.762482313518,3.1376469901324544,1.37594425E-5,18.187342,0.004250286,0.1447704,0.008403825,0.01152863,0.0066261627,0.11681763,0.08351018,0.702474,0.004927893,0.020736642,0.0084793735,0.10188908,0.092828624,0.07708338,0.007232174,0.702474,0.004927893,"TWOGAUSSIANS_WITH_ELLIPSOIDAL_ON_ECLIPSE2",9,8.126784,0.702474,0.004927893,0.116125196,0.04748449,0.25605583,0.09417291,0.14549041,0.010002657,0.064560324,0.037106514,0.25182408,0.08141737
375316653866487564,5858005302078897536,0.5481967,2160.5609792118594,1.3219228009232407,1.0020826E-5,19.348362,0.0053145895,0.19714287,0.0068466244,0.048736345,0.008440513,0.17418005,0.13118702,0.6897718,0.0017155427,0.045371003,0.0014730396,0.5308612,0.021100042,null,null,null,null,"TWOGAUSSIANS",8,1.6304734,0.6897718,0.0017155427,0.25407764,0.008249022,0.5308609,0.021100042,0.19714287,0.0068466244,0.27292353,0.04726687,0.17417976,0.13118742
375316653866487564,5858005370798570496,0.4145418,2181.0969182513795,1.2425188989073823,4.9368104E-5,19.078035,0.011921717,0.097269826,0.010969013,0.037197504,0.006806066,0.16280158,0.03723562,0.36476287,0.0094175255,0.014833721,0.0025144625,0.83809584,0.668423,null,null,null,null,"TWOGAUSSIANS",8,8.127196,0.36476287,0.0094175255,0.08306884,0.014080989,0.83809584,0.668423,0.097269826,0.010969013,0.20830603,0.038113967,0.16280158,0.03723562
375316653866487564,5858005508276926208,0.62083364,2193.2993457694142,1.1975631229688775,4.334891E-6,15.347832,0.007144168,0.31652108,0.0011805838,0.120480776,0.005172135,0.14396895,0.0067158723,0.8139572,0.0013813137,0.111850195,0.0047537964,0.13408312,0.006808848,null,null,null,null,"TWOGAUSSIANS",8,3.3082328,0.31652108,0.001188796,0.4,0.0,0.11718605,0.0013598388,0.8139572,0.0013813137,0.4,0.0,0.10734048,0.0018064467
375316653866487564,5858005680035918976,0.49130866,2215.783323114717,0.32985141193321055,4.6809815E-5,19.68256,0.009358524,0.14094123,1.8653025E-4,0.0072517795,2.4179583E-4,0.9218733,0.015279788,0.451353,0.07600056,0.07444041,0.10013683,0.0735077,0.11079592,null,null,null,null,"TWOGAUSSIANS",8,1.5247203,0.14094123,1.892281E-4,0.040609967,0.0013540566,0.92188555,0.01892652,0.451353,0.07600056,0.4,0.16096637,0.0735077,0.11084825
375316653866487564,5858005714435268224,0.5801337,2198.0790470091893,2.261576665542967,6.1277397E-6,17.327524,0.0032434578,0.29321715,0.0022486858,0.07007159,0.0066088564,0.11228155,0.011004728,0.79800093,0.0045068846,0.03149018,0.0049814535,0.06924972,0.009666724,0.07368102,0.00711166,0.29321715,0.0022486858,"TWOGAUSSIANS_WITH_ELLIPSOIDAL_ON_ECLIPSE1",9,5.181508,0.29321715,0.0022486858,0.39240092,0.0275977,0.2594535,0.0071835085,0.79800093,0.0045068846,0.17634502,0.02789614,0.21628858,0.009517736
375316653866487564,5858005851834660864,0.6566121,2177.111965939526,0.5661551047364088,8.857304E-6,16.062193,0.0024337822,0.26478493,0.0043148105,0.02539472,0.0029947616,1.7069998,0.043098416,0.76296854,0.011956363,0.035978537,0.0135914255,0.12305779,0.047296096,null,null,null,null,"TWOGAUSSIANS",8,32.05489,0.26478493,0.0043148105,0.14221042,0.016770665,1.7069998,0.043098416,0.76296854,0.011956363,0.20147981,0.07611198,0.12305779,0.047296096
