Gaia/vari_eclipsing_binary/VariEclipsingBinary_211891-211964.csv
# %ECSV 1.0
# ---
# delimiter: ','
# meta: !!omap
# - RELEASE: Gaia DR3
# - TABLE: vari_eclipsing_binary
# - DESCRIPTION: >
#     This table describes the properties of the eclipsing binaries resulting from the variability analysis. 
# - CITATION: >
#     How to cite and acknowledge Gaia: 
#     https://gea.esac.esa.int/archive/documentation/credits.html 
# - KNOWN_ISSUES: >
#     Known issues: 
#     https://www.cosmos.esa.int/web/gaia-users/known-issues 
# - DOCUMENTATION: >
#     Tutorials and documentation: 
#     https://www.cosmos.esa.int/web/gaia-users/archive 
# datatype:
# - 
#   name: solution_id
#   datatype: int64
#   description: Solution Identifier
#   meta:
#     ucd: meta.version
# - 
#   name: source_id
#   datatype: int64
#   description: Unique source identifier
#   meta:
#     ucd: meta.id;meta.main
# - 
#   name: global_ranking
#   datatype: float32
#   description: Number between 0 (worst) and 1 (best)
#   meta:
#     ucd: stat.param
# - 
#   name: reference_time
#   datatype: float64
#   unit: d
#   description: Reference time used for the geometric model fit
#   meta:
#     ucd: time.epoch
# - 
#   name: frequency
#   datatype: float64
#   unit: d**-1
#   description: Frequency of geometric model of the eclipsing binary light curve
#   meta:
#     ucd: src.orbital
# - 
#   name: frequency_error
#   datatype: float32
#   unit: d**-1
#   description: "Uncertainty of \\texttt{frequency}"
#   meta:
#     ucd: stat.error
# - 
#   name: geom_model_reference_level
#   datatype: float32
#   unit: mag
#   description: Magnitude reference level of geometric model
#   meta:
#     ucd: phot.mag;em.opt
# - 
#   name: geom_model_reference_level_error
#   datatype: float32
#   unit: mag
#   description: "Uncertainty of \\texttt{geomModelReferenceLevel}"
#   meta:
#     ucd: stat.error;phot.mag;em.opt
# - 
#   name: geom_model_gaussian1_phase
#   datatype: float32
#   description: Phase of the Gaussian 1 component
#   meta:
#     ucd: time.phase
# - 
#   name: geom_model_gaussian1_phase_error
#   datatype: float32
#   description: "Uncertainty of \\texttt{geomModelGaussian1Phase}"
#   meta:
#     ucd: stat.error;time.phase
# - 
#   name: geom_model_gaussian1_sigma
#   datatype: float32
#   description: "Standard deviation [phase] of Gaussian 1 component"
#   meta:
#     ucd: stat.stdev
# - 
#   name: geom_model_gaussian1_sigma_error
#   datatype: float32
#   description: "Uncertainty of \\texttt{geomModelGaussian1Sigma}"
#   meta:
#     ucd: stat.error
# - 
#   name: geom_model_gaussian1_depth
#   datatype: float32
#   unit: mag
#   description: Magnitude depth of Gaussian 1 component
#   meta:
#     ucd: src.var.amplitude
# - 
#   name: geom_model_gaussian1_depth_error
#   datatype: float32
#   unit: mag
#   description: "Uncertainty of \\texttt{geomModelGaussian1Depth}"
#   meta:
#     ucd: stat.error;src.var.amplitude
# - 
#   name: geom_model_gaussian2_phase
#   datatype: float32
#   description: Phase of Gaussian 2 component
#   meta:
#     ucd: time.phase
# - 
#   name: geom_model_gaussian2_phase_error
#   datatype: float32
#   description: "Uncertainty of \\texttt{geomModelGaussian2Phase}"
#   meta:
#     ucd: stat.error;time.phase
# - 
#   name: geom_model_gaussian2_sigma
#   datatype: float32
[...]
#   datatype: float32
#   description: "Secondary eclipse: uncertainty of \\texttt{derivedSecondaryEclDuration}"
#   meta:
#     ucd: stat.error;time.duration
# - 
#   name: derived_secondary_ecl_depth
#   datatype: float32
#   unit: mag
#   description: "Secondary eclipse: depth"
#   meta:
#     ucd: src.var.amplitude
# - 
#   name: derived_secondary_ecl_depth_error
#   datatype: float32
#   unit: mag
#   description: "Secondary eclipse: uncertainty of \\texttt{derivedSecondaryEclDepth}"
#   meta:
#     ucd: stat.error;src.var.amplitude
solution_id,source_id,global_ranking,reference_time,frequency,frequency_error,geom_model_reference_level,geom_model_reference_level_error,geom_model_gaussian1_phase,geom_model_gaussian1_phase_error,geom_model_gaussian1_sigma,geom_model_gaussian1_sigma_error,geom_model_gaussian1_depth,geom_model_gaussian1_depth_error,geom_model_gaussian2_phase,geom_model_gaussian2_phase_error,geom_model_gaussian2_sigma,geom_model_gaussian2_sigma_error,geom_model_gaussian2_depth,geom_model_gaussian2_depth_error,geom_model_cosine_half_period_amplitude,geom_model_cosine_half_period_amplitude_error,geom_model_cosine_half_period_phase,geom_model_cosine_half_period_phase_error,model_type,num_model_parameters,reduced_chi2,derived_primary_ecl_phase,derived_primary_ecl_phase_error,derived_primary_ecl_duration,derived_primary_ecl_duration_error,derived_primary_ecl_depth,derived_primary_ecl_depth_error,derived_secondary_ecl_phase,derived_secondary_ecl_phase_error,derived_secondary_ecl_duration,derived_secondary_ecl_duration_error,derived_secondary_ecl_depth,derived_secondary_ecl_depth_error
[from data line 435]
375316653866487564,1864223412311704704,0.6404576,2194.7548871620825,0.08928559685859806,5.2141342E-5,17.141764,0.0011589396,0.13457419,0.039117463,0.042348467,0.028588645,0.012161254,0.008514638,0.8807994,5.418195E-4,0.014483694,0.0010364144,1.6463724,0.38170645,null,null,null,null,"TWOGAUSSIANS",8,2.846262,0.8807994,5.418195E-4,0.08110868,0.005803921,1.6463724,0.38170645,0.13457419,0.039117463,0.23715141,0.16009642,0.012161254,0.008514638
375316653866487564,1864223511082447744,0.45411697,2195.2893448799746,0.4077878349294704,1.5463153E-5,14.588489,7.36462E-4,0.08145193,0.0020199292,0.013251825,0.005127798,0.43923602,0.38387153,0.42582488,0.024527986,0.042086393,0.035082754,0.010985593,0.14129533,null,null,null,null,"TWOGAUSSIANS",8,14.276747,0.08145193,0.0020199292,0.07421022,0.028715666,0.43923602,0.38387153,0.42582488,0.024527986,0.23568381,0.19646344,0.010985593,0.14129533
375316653866487564,1864224030790757376,0.4855647,2180.7750906882975,1.347773781909209,9.485996E-6,19.555843,0.0081800325,0.24811028,0.003087511,0.057841603,0.0045386767,0.5595562,0.09127485,0.7478858,0.0040441616,0.053631533,0.004214324,0.3200362,0.018976005,null,null,null,null,"TWOGAUSSIANS",8,2.2321985,0.24811028,0.003087511,0.32391298,0.02541659,0.55952,0.091299005,0.7478858,0.0040441616,0.30033657,0.023600213,0.32,0.018975263
375316653866487564,1864224580542730624,0.53011346,2207.996526376209,1.0412921624664473,8.580556E-6,18.366652,0.0063839196,0.26641783,0.0047130687,0.08692193,0.0068677766,0.120009005,0.009420119,0.7695572,0.0031853034,0.07476044,0.00557561,0.26016334,0.011263069,null,null,null,null,"TWOGAUSSIANS",8,3.0931826,0.7695572,0.0031853034,0.4,0.0071357647,0.2574947,0.011634572,0.26641783,0.0047130687,0.4,0.0,0.11734034,0.009094868
375316653866487564,1864225813189607680,0.5759438,2186.0480545512532,2.8700471683053728,7.831745E-6,18.612507,0.020302821,0.26558542,0.0021156142,0.09520627,0.0056731324,0.4329339,0.018790785,0.76495475,0.0029406706,0.10797812,0.008248616,0.37391022,0.0183321,null,null,null,null,"TWOGAUSSIANS",8,2.0695152,0.26558542,0.0021156142,0.4,0.0,0.3946059,0.012677006,0.76495475,0.0029406706,0.4,0.0,0.33556658,0.016004551
375316653866487564,1864226710835095936,0.52887166,2207.489239281235,3.380761729350751,1.1462948E-5,19.728153,0.013970475,0.18254934,0.0023697976,0.08491707,0.0045253085,0.52972233,0.01692191,0.6888464,0.00420735,0.07712667,0.004984119,0.47772378,0.023147432,null,null,null,null,"TWOGAUSSIANS",8,2.0710936,0.18254934,0.0023697976,0.4,0.0,0.5220759,0.016158508,0.6888464,0.00420735,0.4,0.0,0.47007743,0.022398965
375316653866487564,1864227325013820672,0.4467592,2212.4184909334185,1.208784137247354,3.2755226E-5,18.287285,0.0059907036,0.16376449,0.009428726,0.05734355,0.00691807,0.11781514,0.014973363,0.6424393,0.015716933,0.067213506,0.017097065,0.09006792,0.015812906,null,null,null,null,"TWOGAUSSIANS",8,8.712696,0.16376449,0.009428726,0.3211239,0.038741194,0.117783256,0.014970335,0.6424393,0.015716933,0.3763956,0.09574357,0.090036035,0.015831508
375316653866487564,1864227874769630592,0.43451148,2209.9958063146546,1.0280838039178635,2.9448986E-5,17.029192,0.003919733,0.1753234,0.004086886,0.008271706,0.004630633,0.031873308,0.039320365,0.56201124,0.0016839864,0.02675837,0.0033193962,0.14654477,0.014234926,null,null,null,null,"TWOGAUSSIANS",8,33.257652,0.56201124,0.0016839864,0.14984688,0.01858862,0.14654477,0.014234926,0.1753234,0.004086886,0.046321552,0.025931546,0.031873308,0.039320365
375316653866487564,1864231967874087296,0.58855593,2217.8209984004134,1.1988188421124293,7.3796327E-6,18.367556,0.0037027015,0.28053313,0.008723882,0.03530764,0.009135773,0.93786764,0.28952548,0.7851971,0.002211855,0.03903879,0.0029693071,0.08034137,0.0073164455,null,null,null,null,"TWOGAUSSIANS",8,2.8109188,0.28053313,0.008723882,0.19772278,0.05116033,0.93786764,0.2895255,0.7851971,0.002211855,0.21861722,0.01662812,0.08034137,0.0073164436
375316653866487564,1864232066657919744,0.5039391,2242.53104111488,2.8427164209201843,1.8974439E-5,18.172737,0.014617058,0.30437997,0.00672188,0.091066904,0.012211738,0.104353696,0.015366269,0.7748886,0.005145376,0.088900834,0.013936434,0.12736103,0.011607578,null,null,null,null,"TWOGAUSSIANS",8,2.45639,0.7748886,0.005145376,0.4,0.0,0.12432566,0.007670534,0.30437997,0.0067237737,0.4,0.0,0.10131826,0.011173982
375316653866487564,1864232895588184960,0.50558054,2262.6882900226487,3.740262459517541,2.290288E-5,19.773106,0.01127862,0.25250924,0.0045105573,0.069800995,0.009034826,0.36300576,0.040042147,0.7536913,0.004511065,0.076008074,0.005130483,0.42970657,0.020416858,null,null,null,null,"TWOGAUSSIANS",8,2.4354165,0.7536913,0.004511065,0.4,0.0,0.42755288,0.020349815,0.25250924,0.0045105573,0.3908856,0.031939898,0.3608521,0.041543353
375316653866487564,1864234609293799936,0.48552123,2216.8923974756026,3.0546182112109292,1.634125E-5,18.820778,0.019809412,0.16199148,0.00623468,0.090567306,0.013696678,0.1821676,0.019640826,0.64992666,0.00837124,0.08798883,0.019994598,0.15158488,0.017907783,null,null,null,null,"TWOGAUSSIANS",8,3.12704,0.16199148,0.00623468,0.4,0.0,0.17672157,0.014920518,0.64992666,0.00837124,0.4,0.0,0.14613892,0.01683242
375316653866487564,1864236881329220352,0.49643216,2218.9209055975207,3.541000887444061,1.738207E-5,16.439304,0.013961718,0.26229283,0.006191997,0.1008652,0.017182205,0.10086313,0.0136416275,0.76728314,0.0043888376,0.10376995,0.013388146,0.11454497,0.01278081,null,null,null,null,"TWOGAUSSIANS",8,14.630404,0.76728314,0.004387644,0.4,0.0,0.104307264,0.0059817475,0.26229283,0.0061952933,0.4,0.0,0.0906266,0.007957615
375316653866487564,1864237186259336832,0.5001641,2206.9952963426304,0.08137325480841426,6.9673166E-5,18.773542,0.0034751212,0.40281507,0.001128876,0.0045680073,0.0011781212,0.55031455,0.14884263,0.66948736,0.00990889,0.033003613,0.0073158937,0.09616525,0.0253409,null,null,null,null,"TWOGAUSSIANS",8,3.5152447,0.40281507,0.001128876,0.025580842,0.006597479,0.55031455,0.14884263,0.66948736,0.00990889,0.18482022,0.040969003,0.09616525,0.0253409
375316653866487564,1864237568523924096,0.47482306,2216.6569088353363,2.052721748134106,2.508904E-5,19.842102,0.0159288,0.24539857,0.00879542,0.07940485,0.010619658,0.23725596,0.027570687,0.7519499,0.009444415,0.07806727,0.01456833,0.22052363,0.035325408,null,null,null,null,"TWOGAUSSIANS",8,2.5946295,0.24539857,0.00879542,0.4,0.0,0.23466466,0.027213229,0.7519499,0.009444415,0.4,0.0,0.21793233,0.036840953
375316653866487564,1864237568523932800,0.50020146,2218.906729877679,0.7156447443643719,1.1418085E-5,13.135685,7.89454E-4,0.7511626,0.0033258419,0.047870915,0.030429823,0.0071204314,0.003237012,null,null,null,null,null,null,0.01624931,0.001257968,0.7511626,0.0033258419,"ONEGAUSSIAN_WITH_ELLIPSOIDAL",6,17.536161,0.7511626,0.0033258419,0.2680771,0.15503296,0.03961901,0.0034166717,null,null,null,null,null,null
375316653866487564,1864238771101921664,0.46971184,2236.6012479124283,2.9631975499248315,6.492004E-6,19.75865,0.013250109,0.21711059,0.002807996,0.0678229,0.0048953523,0.63167197,0.04422425,0.71110874,0.002365445,0.06751787,0.0027072919,0.59502244,0.019300837,null,null,null,null,"TWOGAUSSIANS",8,2.8007224,0.21711059,0.002807996,0.37980828,0.027413974,0.63054144,0.044587456,0.71110874,0.002365445,0.37810007,0.015160834,0.593892,0.019119853
375316653866487564,1864239183431667840,0.5775917,2245.8373006309303,3.2190213736646847,7.3515707E-6,17.801882,0.0063289,0.26527062,0.0025627613,0.0799653,0.002583348,0.41481432,0.010131412,0.7610803,0.0020695264,0.081460096,0.002950153,0.32456234,0.007421576,null,null,null,null,"TWOGAUSSIANS",8,7.276626,0.26527062,0.0025627613,0.4,0.0,0.40923822,0.009802211,0.7610803,0.0020695264,0.4,0.0,0.31898627,0.0067863218
375316653866487564,1864239630108338816,0.5000048,2217.689042418999,0.23222753143830668,6.4596984E-6,17.109068,0.0083206985,0.15238081,0.003903711,0.021268247,0.0031669152,0.26403067,0.021142785,0.64133346,0.02655384,0.024675304,0.016611386,0.31518528,0.17754464,0.021985423,0.013293824,0.15238081,0.003903711,"TWOGAUSSIANS_WITH_ELLIPSOIDAL_ON_ECLIPSE1",9,28.474483,0.64140344,0.026480217,0.1381817,0.09302376,0.358946,0.18871586,0.15238081,0.003903711,0.11910219,0.017734725,0.3080015,0.015595829
375316653866487564,1864239660168283008,0.5497658,2236.276901202328,2.182241481416396,9.499846E-6,18.605259,0.004136808,0.20838144,0.005270606,0.08238593,0.006253548,0.20327063,0.009110147,0.713419,0.0033172348,0.08643985,0.003333888,0.2727346,0.0069381893,null,null,null,null,"TWOGAUSSIANS",8,1.8477576,0.713419,0.0033172348,0.4,0.0,0.2673549,0.006549787,0.20838144,0.005270606,0.4,0.0,0.19789097,0.010335833
375316653866487564,1864239973705741184,0.65090156,2232.1213114076522,2.6011617367044866,2.9702999E-6,16.755949,0.0117082745,0.25824195,8.666766E-4,0.054307837,0.0029276786,0.3309747,0.025621234,0.7588391,0.0013084474,0.049174406,0.0029438855,0.32137263,0.024283137,0.09846259,0.014341619,0.25824195,8.666766E-4,"TWOGAUSSIANS_WITH_ELLIPSOIDAL_ON_ECLIPSE1",9,8.482786,0.25824195,8.666766E-4,0.30412388,0.016395,0.5278905,0.008813447,0.7588391,0.0013084474,0.27537668,0.016485758,0.51828563,0.009774551
375316653866487564,1864241549957715200,0.5361605,2214.6619655498666,2.376452032524273,1.03397115E-5,18.861467,0.009707381,0.22967741,0.0034793606,0.08732432,0.0075276108,0.25868863,0.012208424,0.7321569,0.0065521537,0.093406714,0.0067963987,0.21818773,0.011565843,null,null,null,null,"TWOGAUSSIANS",8,1.722492,0.22967741,0.0034793606,0.4,0.0,0.24877137,0.014587844,0.7321569,0.0065521537,0.4,0.0,0.20827024,0.008860168
375316653866487564,1864241687385337984,0.55405134,2216.430278212935,1.2018791339375965,1.101899E-5,18.871702,0.006728594,0.14989279,0.0030289688,0.061645754,0.0051617976,0.54345214,0.054409914,0.6527544,0.0044168904,0.07314828,0.005262013,0.24955805,0.014827243,null,null,null,null,"TWOGAUSSIANS",8,2.4477088,0.14989279,0.0030289688,0.3452162,0.028906066,0.5427831,0.054887187,0.6527544,0.0044168904,0.4,3.919541E-4,0.24888903,0.014834256
375316653866487564,1864243478399093248,0.5852267,2208.2089571397178,0.22886057859737374,1.6859022E-6,17.132519,0.003535894,0.26804346,0.008937651,0.022561688,0.009408771,0.047171306,0.011083914,0.76881033,0.0030567916,0.02318509,0.0020357177,0.41183367,0.026390884,0.025922777,0.004203591,0.26804346,0.008937651,"TWOGAUSSIANS_WITH_ELLIPSOIDAL_ON_ECLIPSE1",9,7.994164,0.76881033,0.0030551339,0.1298365,0.011400019,0.46367803,0.023728821,0.26804346,0.008937651,0.12634546,0.052689116,0.09901686,0.009310368
375316653866487564,1864243581465476864,0.4942568,2202.3310462940326,2.9480380566301214,3.6334848E-5,18.758646,0.33930948,0.2666037,0.00617653,0.12297773,0.045307573,0.40557802,0.32742327,0.7669313,0.004966349,0.12960154,0.05402462,0.45073274,0.32695952,null,null,null,null,"TWOGAUSSIANS",8,6.169693,0.7669313,0.0049911,0.4,0.0,0.33061022,0.018240862,0.26659372,0.0062519037,0.4,0.0,0.28577518,0.019946
375316653866487564,1864243753277034496,0.46577948,2214.7835560796325,0.23461913846859028,4.590194E-6,17.12284,0.0012920358,0.4017488,0.012654921,0.05550416,0.011352869,0.01532758,0.0043732026,0.75935256,5.8526377E-4,0.0038372485,8.2088023E-4,0.5424055,0.41378337,null,null,null,null,"TWOGAUSSIANS",8,2.887191,0.75935256,5.8526377E-4,0.021488592,0.004596929,0.5424055,0.41378337,0.4017488,0.012654921,0.3108233,0.063576065,0.01532758,0.0043732026
375316653866487564,1864246673855417344,0.5426,2202.8386836168925,2.1383496984834403,1.1429783E-5,16.907879,0.00438526,0.25747043,0.00695968,0.01895893,0.008800665,0.08393798,0.02762001,0.7685992,0.0028762948,0.050270107,0.0079986965,0.062976755,0.011501064,0.07923941,0.0068174424,0.7685992,0.0028762948,"TWOGAUSSIANS_WITH_ELLIPSOIDAL_ON_ECLIPSE2",9,12.098598,0.2580304,0.0066918223,0.10617001,0.049283724,0.24168208,0.03117909,0.7685992,0.0028762948,0.2815126,0.0447927,0.22145528,0.006056705
375316653866487564,1864247769060804480,0.6153084,2205.0306673683785,4.523117094760663,3.232985E-5,17.892832,0.0011302716,0.2090031,0.004910151,0.02577849,0.0013418825,1.0711039,0.15892668,0.8752282,0.010366541,0.025611091,0.0034171606,0.09628506,0.0633486,null,null,null,null,"TWOGAUSSIANS",8,1.6246916,0.2090031,0.004910151,0.14435954,0.0075145424,1.0711039,0.15892668,0.8752282,0.010366541,0.14342211,0.0191361,0.09628506,0.0633486
375316653866487564,1864247769062511744,0.56541866,2208.149302795014,3.0983892279843963,1.4172132E-5,19.695023,0.009575726,0.29695165,0.020128487,0.068496205,0.008290454,0.63941044,0.10908146,0.8048024,0.0035260983,0.061815135,0.0031432277,0.7227848,0.01851542,null,null,null,null,"TWOGAUSSIANS",8,1.8920323,0.8048024,0.0035260983,0.34616476,0.017602075,0.7221036,0.01829969,0.29695165,0.020128487,0.38357875,0.046426542,0.6387292,0.10864641
375316653866487564,1864247837781980544,0.5718726,2180.0451257730656,1.0285835582837737,8.974605E-6,19.173832,0.0048995237,0.3019315,0.0019162745,0.03435686,0.001662807,0.5354181,0.018622687,0.80618274,0.0025188683,0.030259373,0.0025089493,0.5829155,0.044915374,0.032747418,0.009117922,0.3019315,0.0019162745,"TWOGAUSSIANS_WITH_ELLIPSOIDAL_ON_ECLIPSE1",9,2.0146434,0.80618274,0.0025188683,0.16945249,0.014050116,0.6483636,0.047669526,0.3019315,0.0019162745,0.1923984,0.009311719,0.6009129,0.018773466
375316653866487564,1864250827077506432,0.54135054,2218.4576615839046,3.0396017234504193,1.3112498E-5,19.243963,0.017779637,0.2240415,0.004504115,0.08305816,0.0056240717,0.43756077,0.024548894,0.7099683,0.004839657,0.098429225,0.0065115076,0.4567915,0.019679489,null,null,null,null,"TWOGAUSSIANS",8,3.2157776,0.7099683,0.004839657,0.4,0.0,0.4406365,0.014542364,0.2240415,0.004504115,0.4,0.0,0.42140862,0.022038009
375316653866487564,1864251174984333312,0.5363691,2230.4177553990967,3.045548039252228,7.323485E-6,18.410995,0.014170925,0.15833686,0.0020678923,0.08600021,0.0068129087,0.2725756,0.011153368,0.6526185,0.0035171404,0.08922512,0.0059710923,0.30586857,0.018272445,null,null,null,null,"TWOGAUSSIANS",8,3.3114977,0.6526185,0.0035171404,0.4,0.0,0.29689074,0.017089173,0.15833686,0.0020678923,0.4,0.0,0.26359782,0.007892459
375316653866487564,1864252618090292224,0.49626788,2215.4902973933667,1.4806240492595115,1.5073991E-5,16.876806,0.008834388,0.2631273,0.0047917897,0.08462345,0.012890449,0.10344315,0.0071202745,0.76682,0.0070636533,0.09315083,0.013088883,0.070873015,0.009220231,null,null,null,null,"TWOGAUSSIANS",8,6.955551,0.2631273,0.0047917897,0.4,0.0,0.10039352,0.0062110615,0.76682,0.0070636533,0.4,0.0,0.067823306,0.006297559
375316653866487564,1864253129180058112,0.5385454,2229.983595981317,0.09119070670403799,1.9039542E-5,17.56852,0.0042860084,0.18413247,5.282992E-5,0.0038319842,1.5061634E-4,0.4065003,0.013117544,0.4316592,0.01623904,0.08566704,0.021104557,0.028503094,0.00620647,null,null,null,null,"TWOGAUSSIANS",8,5.8879557,0.18413247,5.282992E-5,0.021459112,8.434515E-4,0.40693885,0.013392351,0.4316592,0.01623904,0.4,0.0,0.028503092,0.006206408
375316653866487564,1864253575856745728,0.5300441,2186.3190857018144,0.8255145774026463,2.7954391E-5,18.894062,0.004036605,0.19910496,0.0014901186,0.025295848,0.0039056453,0.0574855,0.008131506,0.68447256,0.0033701777,0.042523045,0.0049680606,0.5024208,0.038050503,null,null,null,null,"TWOGAUSSIANS",8,2.304523,0.68447256,0.0033701777,0.23812905,0.02782114,0.5024208,0.038050503,0.19910496,0.0014901186,0.14165674,0.021871615,0.0574855,0.008131506
375316653866487564,1864254026839438336,0.5384205,2208.8474401219933,3.102227433258729,1.0332761E-5,15.334777,0.0387233,0.20835663,0.005650357,0.118481345,0.019162102,0.17267255,0.03648681,0.71711606,0.00400669,0.12651944,0.022588668,0.14870971,0.036603138,null,null,null,null,"TWOGAUSSIANS",8,29.23436,0.20827664,0.005578767,0.4,0.0,0.13586617,0.0066912887,0.71716607,0.003984475,0.4,0.0,0.11182734,0.0050549833
