Gaia/vari_eclipsing_binary/VariEclipsingBinary_671442-671529.csv
# %ECSV 1.0
# ---
# delimiter: ','
# meta: !!omap
# - RELEASE: Gaia DR3
# - TABLE: vari_eclipsing_binary
# - DESCRIPTION: >
#     This table describes the properties of the eclipsing binaries resulting from the variability analysis. 
# - CITATION: >
#     How to cite and acknowledge Gaia: 
#     https://gea.esac.esa.int/archive/documentation/credits.html 
# - KNOWN_ISSUES: >
#     Known issues: 
#     https://www.cosmos.esa.int/web/gaia-users/known-issues 
# - DOCUMENTATION: >
#     Tutorials and documentation: 
#     https://www.cosmos.esa.int/web/gaia-users/archive 
# datatype:
# - 
#   name: solution_id
#   datatype: int64
#   description: Solution Identifier
#   meta:
#     ucd: meta.version
# - 
#   name: source_id
#   datatype: int64
#   description: Unique source identifier
#   meta:
#     ucd: meta.id;meta.main
# - 
#   name: global_ranking
#   datatype: float32
#   description: Number between 0 (worst) and 1 (best)
#   meta:
#     ucd: stat.param
# - 
#   name: reference_time
#   datatype: float64
#   unit: d
#   description: Reference time used for the geometric model fit
#   meta:
#     ucd: time.epoch
# - 
#   name: frequency
#   datatype: float64
#   unit: d**-1
#   description: Frequency of geometric model of the eclipsing binary light curve
#   meta:
#     ucd: src.orbital
# - 
#   name: frequency_error
#   datatype: float32
#   unit: d**-1
#   description: "Uncertainty of \\texttt{frequency}"
#   meta:
#     ucd: stat.error
# - 
#   name: geom_model_reference_level
#   datatype: float32
#   unit: mag
#   description: Magnitude reference level of geometric model
#   meta:
#     ucd: phot.mag;em.opt
# - 
#   name: geom_model_reference_level_error
#   datatype: float32
#   unit: mag
#   description: "Uncertainty of \\texttt{geomModelReferenceLevel}"
#   meta:
#     ucd: stat.error;phot.mag;em.opt
# - 
#   name: geom_model_gaussian1_phase
#   datatype: float32
#   description: Phase of the Gaussian 1 component
#   meta:
#     ucd: time.phase
# - 
#   name: geom_model_gaussian1_phase_error
#   datatype: float32
#   description: "Uncertainty of \\texttt{geomModelGaussian1Phase}"
#   meta:
#     ucd: stat.error;time.phase
# - 
#   name: geom_model_gaussian1_sigma
#   datatype: float32
#   description: "Standard deviation [phase] of Gaussian 1 component"
#   meta:
#     ucd: stat.stdev
# - 
#   name: geom_model_gaussian1_sigma_error
#   datatype: float32
#   description: "Uncertainty of \\texttt{geomModelGaussian1Sigma}"
#   meta:
#     ucd: stat.error
# - 
#   name: geom_model_gaussian1_depth
#   datatype: float32
#   unit: mag
#   description: Magnitude depth of Gaussian 1 component
#   meta:
#     ucd: src.var.amplitude
# - 
#   name: geom_model_gaussian1_depth_error
#   datatype: float32
#   unit: mag
#   description: "Uncertainty of \\texttt{geomModelGaussian1Depth}"
#   meta:
#     ucd: stat.error;src.var.amplitude
# - 
#   name: geom_model_gaussian2_phase
#   datatype: float32
#   description: Phase of Gaussian 2 component
#   meta:
#     ucd: time.phase
# - 
#   name: geom_model_gaussian2_phase_error
#   datatype: float32
#   description: "Uncertainty of \\texttt{geomModelGaussian2Phase}"
#   meta:
#     ucd: stat.error;time.phase
# - 
#   name: geom_model_gaussian2_sigma
#   datatype: float32
[...]
#   datatype: float32
#   description: "Secondary eclipse: uncertainty of \\texttt{derivedSecondaryEclDuration}"
#   meta:
#     ucd: stat.error;time.duration
# - 
#   name: derived_secondary_ecl_depth
#   datatype: float32
#   unit: mag
#   description: "Secondary eclipse: depth"
#   meta:
#     ucd: src.var.amplitude
# - 
#   name: derived_secondary_ecl_depth_error
#   datatype: float32
#   unit: mag
#   description: "Secondary eclipse: uncertainty of \\texttt{derivedSecondaryEclDepth}"
#   meta:
#     ucd: stat.error;src.var.amplitude
solution_id,source_id,global_ranking,reference_time,frequency,frequency_error,geom_model_reference_level,geom_model_reference_level_error,geom_model_gaussian1_phase,geom_model_gaussian1_phase_error,geom_model_gaussian1_sigma,geom_model_gaussian1_sigma_error,geom_model_gaussian1_depth,geom_model_gaussian1_depth_error,geom_model_gaussian2_phase,geom_model_gaussian2_phase_error,geom_model_gaussian2_sigma,geom_model_gaussian2_sigma_error,geom_model_gaussian2_depth,geom_model_gaussian2_depth_error,geom_model_cosine_half_period_amplitude,geom_model_cosine_half_period_amplitude_error,geom_model_cosine_half_period_phase,geom_model_cosine_half_period_phase_error,model_type,num_model_parameters,reduced_chi2,derived_primary_ecl_phase,derived_primary_ecl_phase_error,derived_primary_ecl_duration,derived_primary_ecl_duration_error,derived_primary_ecl_depth,derived_primary_ecl_depth_error,derived_secondary_ecl_phase,derived_secondary_ecl_phase_error,derived_secondary_ecl_duration,derived_secondary_ecl_duration_error,derived_secondary_ecl_depth,derived_secondary_ecl_depth_error
[from data line 223]
375316653866487564,5906481086074348544,0.5225825,2141.4469411497275,3.6083343770806136,2.1049904E-5,19.60426,0.021442661,0.2076589,0.008145552,0.07070336,0.010930673,0.6575352,0.06662736,0.70578945,0.00847536,0.09202457,0.013895648,0.47366834,0.04125283,null,null,null,null,"TWOGAUSSIANS",8,3.7840471,0.2076589,0.008145552,0.39593878,0.022237781,0.64826614,0.072109066,0.70578945,0.00847536,0.4,0.0,0.46439892,0.043985885
375316653866487564,5906481532751090944,0.6217425,2138.1339779797286,3.446214104564125,5.1719107E-6,18.842558,0.012840425,0.21266733,0.0021338055,0.05603816,0.0037632666,0.2504452,0.033081684,0.7092524,0.0025339304,0.044462245,0.003804346,0.45279944,0.028187284,0.11648179,0.015922448,0.21266733,0.0021338055,"TWOGAUSSIANS_WITH_ELLIPSOIDAL_ON_ECLIPSE1",9,1.8072842,0.7095024,0.002305959,0.24898857,0.021304337,0.6856511,0.015245405,0.21266733,0.0021338055,0.3138137,0.021074293,0.48339614,0.014445939
375316653866487564,5906481532766333056,0.5872853,2132.223561808528,2.461761347663085,1.9417927E-5,16.137299,0.020695064,0.3017068,0.0051686596,0.09686058,0.009353973,0.3113259,0.019680863,0.80438256,0.010418846,0.08856589,0.012107418,0.33899936,0.027587082,null,null,null,null,"TWOGAUSSIANS",8,27.292992,0.80438256,0.010418846,0.4,0.0,0.32257947,0.020157974,0.3017068,0.0051686596,0.4,0.0,0.29490507,0.009445989
375316653866487564,5906485209258443648,0.59035987,2122.067510019753,4.536540564921014,1.1735369E-5,18.195059,0.0097930385,0.20803735,0.004306753,0.06782297,0.004229404,0.6030169,0.040198747,0.70437884,0.003683912,0.070703976,0.0035247502,0.5762043,0.03597398,null,null,null,null,"TWOGAUSSIANS",8,8.420162,0.20803735,0.004306753,0.37980863,0.023684662,0.60142934,0.040719435,0.70437884,0.003683912,0.39594227,0.017747387,0.57461673,0.0361305
375316653866487564,5906488713951656448,0.62438226,2145.7950278963804,1.84687457145587,9.970024E-6,16.763855,0.01842671,0.20712823,0.0018880668,0.10064913,0.0095710205,0.23460022,0.013757395,0.7036766,0.032889657,0.08986554,0.028115423,0.28498438,0.04710773,null,null,null,null,"TWOGAUSSIANS",8,3.804344,0.7036766,0.032889657,0.4,0.0,0.26938075,0.036127523,0.20712823,0.0018880668,0.4,0.0,0.21899462,0.014399643
375316653866487564,5906490878615272704,0.6028248,2115.5644652068945,2.0606233911072915,7.948884E-6,14.776927,0.013719395,0.28928405,0.0020636418,0.10727337,0.007322896,0.16131796,0.01335343,0.7783069,0.0029076657,0.11356846,0.012219122,0.14193898,0.010709168,null,null,null,null,"TWOGAUSSIANS",8,12.021249,0.28930405,0.0020718877,0.4,0.0,0.14058626,0.0041957307,0.7783069,0.0029076657,0.4,0.0,0.12119507,0.0048111617
375316653866487564,5906491943767262208,0.5046333,2099.9411694423106,0.43271981751431643,5.3386677E-5,17.555443,0.011265487,0.33572003,0.006476405,0.033750735,0.0050369683,0.17552607,0.01019794,0.8355171,0.059489414,0.0953394,0.088036515,0.024060281,0.017270647,null,null,null,null,"TWOGAUSSIANS",8,2.860331,0.33572003,0.006480322,0.18900411,0.028207023,0.17548886,0.009124084,0.8355171,0.059489414,0.4,0.0,0.024023011,0.016992576
375316653866487564,5906492974544390016,0.546794,2116.857194085099,3.6816522884195373,1.7450278E-5,19.504694,0.009397139,0.25001308,0.0031439888,0.07028215,0.004582956,0.53421736,0.03218451,0.7424441,0.005325807,0.07414386,0.0044990317,0.44194356,0.030269746,null,null,null,null,"TWOGAUSSIANS",8,1.4255115,0.25001308,0.0031439888,0.39358002,0.02061899,0.53220314,0.03258574,0.7424441,0.005325807,0.4,0.0,0.4399293,0.030394383
375316653866487564,5906494928754075264,0.66426533,2117.854587674094,2.7680475184555893,9.759736E-6,15.881549,0.027599877,0.26393282,0.001042997,0.057390317,0.008350232,0.2319628,0.052600544,0.75698465,0.0039691804,0.055938285,0.00788083,0.30897644,0.059350736,0.10385547,0.030145597,0.26393282,0.001042997,"TWOGAUSSIANS_WITH_ELLIPSOIDAL_ON_ECLIPSE1",9,18.221834,0.7579746,0.0032848695,0.31325442,0.04413265,0.51632226,0.005930003,0.26393282,0.001042997,0.32138577,0.046761297,0.43964797,0.012530527
375316653866487564,5906495036143880192,0.61949795,2123.9343712439454,3.3766763719043604,1.1100751E-5,17.432749,0.04473285,0.1904696,0.008685954,0.057989545,0.014016333,0.43084475,0.10836093,0.6920607,0.0035790908,0.05270999,0.008913697,0.38768882,0.084882304,0.0895019,0.047757175,0.1904696,0.008685954,"TWOGAUSSIANS_WITH_ELLIPSOIDAL_ON_ECLIPSE1",9,11.071536,0.1904696,0.008685954,0.32474145,0.078491464,0.60980445,0.053850148,0.6920607,0.0034859267,0.29517594,0.049916703,0.5666306,0.017719736
375316653866487564,5906495792058093952,0.57019705,2117.2519585853233,1.2282137367136965,6.809946E-6,14.99977,0.0037221825,0.45901853,0.021236898,0.016146062,0.017709158,0.43353721,4.6453411E15,0.72290325,0.009166766,0.05762449,0.013055863,0.7839549,1.5678711,0.010994739,0.004066079,0.72290325,0.009166766,"TWOGAUSSIANS_WITH_ELLIPSOIDAL_ON_ECLIPSE2",9,123.08386,0.72290325,0.009166766,0.32269713,0.07311283,0.8058858,1.5670656,0.4590085,0.021251831,0.090417944,0.09917129,0.43366763,4.6453411E15
375316653866487564,5906496784180072576,0.5853217,2155.9779533702576,0.9070961594333323,9.698897E-6,17.523039,0.014738219,0.2959624,0.004251913,0.0838956,0.010850619,0.37861165,0.03132245,0.808569,0.0054205465,0.086214215,0.01053874,0.19306488,0.013218834,null,null,null,null,"TWOGAUSSIANS",8,3.8147202,0.2959624,0.004251913,0.4,0.0,0.37291175,0.036636528,0.808569,0.0054205465,0.4,0.0,0.18736497,0.0069304365
375316653866487564,5906497299582547072,0.64238006,2102.2822083592514,3.8809693850739535,5.1090983E-6,18.118164,0.007583439,0.37605035,0.00444024,0.053254962,0.004663726,0.5946722,0.033039656,0.8642427,0.007011631,0.03842993,0.004301147,0.42247233,0.04534718,0.12217984,0.013547461,0.37605035,0.00444024,"TWOGAUSSIANS_WITH_ELLIPSOIDAL_ON_ECLIPSE1",9,5.3868923,0.37605035,0.00444024,0.2982278,0.026116865,0.83902204,0.023408312,0.8649827,0.0065895487,0.21520762,0.024086425,0.66556406,0.038135078
375316653866487564,5906502384817466368,0.5777406,2144.495862274356,2.6298005501373196,8.19883E-6,18.185133,0.012986053,0.21546781,0.0047940677,0.084128566,0.004860623,0.4940738,0.023346921,0.70894796,0.0022766483,0.07358639,0.0039531984,0.4001214,0.012438928,null,null,null,null,"TWOGAUSSIANS",8,4.9984865,0.21546781,0.0047940677,0.4,0.0,0.4889293,0.023137735,0.70894796,0.0022766483,0.4,0.0023468714,0.39497688,0.010853675
375316653866487564,5906503759208589312,0.61855376,2170.9303956659246,3.7933116474237223,1.5942798E-5,18.106846,0.041961923,0.2938846,0.0025905352,0.052957468,0.01110336,0.4071767,0.07805815,0.79281914,0.018308386,0.050894175,0.02205565,0.4632471,0.7973811,0.10888364,0.049959637,0.2938846,0.0025905352,"TWOGAUSSIANS_WITH_ELLIPSOIDAL_ON_ECLIPSE1",9,4.9099026,0.79290915,0.01783074,0.2850074,0.12351164,0.6809969,0.83553493,0.2938846,0.0025905352,0.2965618,0.062178813,0.62493545,0.04046992
375316653866487564,5906504205888126208,0.45040625,2179.056013202516,3.3922191454363153,5.313696E-5,19.190998,0.3143039,0.2868699,0.013827648,0.079192825,0.04790808,0.17941532,0.18658333,0.80198187,0.009326233,0.08816249,0.15873474,0.19712707,0.24252881,null,null,null,null,"TWOGAUSSIANS",8,4.259804,0.80198187,0.009223264,0.4,0.024640653,0.19382629,0.06292119,0.2868699,0.0139834415,0.4,0.07418911,0.17611459,0.03972905
375316653866487564,5906505167960825600,0.569367,2143.90270042364,2.854847481389003,1.1982616E-5,18.261919,0.034337178,0.2559624,0.0043963203,0.040602136,0.010431009,0.4036554,0.07211171,0.7674904,0.022695702,0.06888505,0.04126838,0.15579331,0.0526639,0.041551467,0.041228298,0.2559624,0.0043963203,"TWOGAUSSIANS_WITH_ELLIPSOIDAL_ON_ECLIPSE1",9,7.3676634,0.2559624,0.0043963203,0.22737196,0.058413655,0.486645,0.020158963,0.7674904,0.022385038,0.38575628,0.2258381,0.2383477,0.06752885
375316653866487564,5906505614637440896,0.469636,2178.5094316604573,4.585265045861384,4.7921018E-5,18.566715,0.00722034,0.20966913,0.027185444,0.03267526,0.0139785325,0.10980377,0.028900804,0.672564,6.2503386E-4,0.008486237,3.3559412E-4,0.46780044,0.02398595,null,null,null,null,"TWOGAUSSIANS",8,10.876059,0.672564,6.2503386E-4,0.04752293,0.0018793271,0.46780044,0.02398595,0.20966913,0.027185444,0.18298145,0.078279786,0.10980377,0.028900804
375316653866487564,5906506581019576064,0.48731413,2147.479204804716,3.6207587841603073,2.4906645E-5,19.435305,0.01438753,0.2852012,0.012223802,0.08796396,0.013399075,0.26570338,0.02740411,0.79047745,0.0072680246,0.0933048,0.011180826,0.2636842,0.017948199,null,null,null,null,"TWOGAUSSIANS",8,2.6959357,0.2852012,0.012223802,0.4,0.0,0.2548319,0.0287815,0.79047745,0.0072680246,0.4,0.0,0.25281247,0.017888399
375316653866487564,5906507165132091392,0.506542,2132.464619008536,0.5563467859315026,7.369014E-5,17.106676,0.0043713776,0.26431033,0.011769625,0.04057607,0.016944954,0.039380472,0.011643065,0.76413834,0.014427189,0.0331379,0.0189737,0.16907895,0.01796741,0.02059677,0.0068045696,0.26431033,0.011769625,"TWOGAUSSIANS_WITH_ELLIPSOIDAL_ON_ECLIPSE1",9,12.563784,0.76413834,0.0142073445,0.18557224,0.10625273,0.21027237,0.016919358,0.26431033,0.011769625,0.227226,0.09489174,0.080573946,0.007689258
375316653866487564,5906509123637441536,0.6020636,2148.869899981199,2.383705432003103,6.700133E-6,15.902782,0.0051356284,0.22862568,0.0026628377,0.025157535,0.00972714,0.25866508,0.12074894,0.7164992,0.0016828943,0.044399202,0.004092516,0.11473143,0.013273229,0.12172556,0.007262183,0.7164992,0.0016828943,"TWOGAUSSIANS_WITH_ELLIPSOIDAL_ON_ECLIPSE2",9,27.652943,0.22808568,0.0023900715,0.1408822,0.054471985,0.50076866,0.12411512,0.7164992,0.0016828943,0.24863553,0.022918088,0.35818252,0.0077159973
375316653866487564,5906509192356674688,0.63998014,2122.87591818492,1.8370612496873358,6.0552798E-6,15.585016,0.0043328335,0.32484114,8.7838655E-4,0.07080235,0.0023184447,0.26457062,0.004461123,0.825901,9.434621E-4,0.079535,0.0015269107,0.39717537,0.0069762934,null,null,null,null,"TWOGAUSSIANS",8,17.273369,0.825901,9.434621E-4,0.4,0.0,0.3946423,0.0069182953,0.32484114,8.7838655E-4,0.39649317,0.0125684235,0.26203755,0.0043958
375316653866487564,5906510184481188096,0.48470291,2184.5544546515985,0.13079405554858933,3.0738967E-5,19.361616,0.008425156,0.3827981,0.012044998,0.13401371,0.0156088825,0.2173032,0.025203707,0.72656053,0.036431644,0.056311995,0.017422706,0.289843,0.105063766,null,null,null,null,"TWOGAUSSIANS",8,2.02171,0.72656053,0.036431644,0.31534716,0.097567156,0.29677126,0.10744514,0.3827981,0.012044998,0.4,0.0,0.2161343,0.025627198
375316653866487564,5906512319092907520,0.60587144,2147.2583302366456,3.0789247403803874,1.7332482E-5,16.06209,0.015759159,0.23406926,0.0036177323,0.054056063,0.009654703,0.24159248,0.03925454,0.7497184,0.047691166,0.044088837,0.028944397,0.15520334,0.1012175,0.12612659,0.024608593,0.23406926,0.0036177323,"TWOGAUSSIANS_WITH_ELLIPSOIDAL_ON_ECLIPSE1",9,57.42459,0.23406926,0.0036177323,0.30271396,0.054066334,0.49384004,0.013122555,0.7497184,0.047691166,0.24689747,0.16208862,0.4050199,0.06190122
375316653866487564,5906513246793822848,0.4795788,2159.097646476055,1.4390877972368088,4.383473E-5,19.852823,0.010761971,0.13136251,0.018766731,0.015929356,0.016909128,0.09326963,292.0473,0.7756051,0.003547584,0.030665167,0.0035376868,0.6996672,0.20633651,null,null,null,null,"TWOGAUSSIANS",8,3.9390247,0.7756051,0.003547584,0.17172493,0.019811045,0.6996672,0.20633651,0.13136251,0.018766731,0.08920439,0.09469112,0.09326963,292.0473
375316653866487564,5906514032771567744,0.4979252,2133.2272281524715,2.77618109552405,3.078508E-5,17.343204,0.0021606926,0.19588876,0.007182689,0.025439,0.025053032,0.022852171,9.0578079E11,null,null,null,null,null,null,0.056320406,0.0029157205,0.19588876,0.007182689,"ONEGAUSSIAN_WITH_ELLIPSOIDAL",6,10.32319,0.19588876,0.007182689,0.1424584,0.14029697,0.13549297,9.0578079E11,null,null,null,null,null,null
375316653866487564,5906514891764951680,0.53652215,2130.2996412526195,0.44152927334638015,1.7927956E-5,17.734016,0.0024403804,0.7300251,0.0044924617,0.023116536,0.0064090644,0.1536113,0.03393289,null,null,null,null,null,null,0.03891843,0.0035377915,0.7300251,0.0044924617,"ONEGAUSSIAN_WITH_ELLIPSOIDAL",6,1.7207146,0.7300251,0.0044924617,0.1294526,0.03589076,0.23144816,0.034062006,null,null,null,null,null,null
375316653866487564,5906515720707218304,0.53977525,2170.418118646995,0.9197575580608336,2.0660262E-5,15.932726,0.0051938435,0.15202202,0.015815983,0.03534753,0.017850205,0.10625603,0.06290417,0.6531861,0.0049862615,0.032935414,0.00434261,0.70812625,0.17131108,null,null,null,null,"TWOGAUSSIANS",8,60.906296,0.6531861,0.0049862615,0.18443832,0.024318615,0.70812625,0.17131108,0.15202202,0.015815983,0.19794616,0.09996115,0.10625603,0.06290417
375316653866487564,5906515888197865856,0.51332325,2173.724439070275,2.054429923616734,7.239643E-5,19.420881,0.0037599711,0.2419853,0.0024549852,0.051379204,0.0029651723,0.31128713,0.036644906,0.77140105,0.018581146,0.045709975,0.02431005,0.15004101,0.06136458,null,null,null,null,"TWOGAUSSIANS",8,0.74248767,0.2419853,0.0024549852,0.28772354,0.016604966,0.311287,0.036644753,0.77140105,0.018581146,0.25597587,0.13613628,0.15004085,0.0613712
375316653866487564,5906516815910153216,0.65950143,2168.915446615838,2.1408795420956905,6.319372E-6,16.762758,0.0033568323,0.27293307,0.0018871896,0.08349258,0.0031498377,0.2400257,0.0069425767,0.76818347,0.0015013198,0.08856296,0.0015912679,0.35864168,0.0060319323,null,null,null,null,"TWOGAUSSIANS",8,2.5622208,0.76818347,0.0015013198,0.4,0.0,0.3506758,0.0058569885,0.27293307,0.0018871896,0.4,0.0,0.23205991,0.007389562
375316653866487564,5906517400025965696,0.54112285,2191.620692642897,3.7688454980788113,2.627127E-5,18.062939,0.011015124,0.27525154,0.0032888553,0.078763634,0.0037555443,0.262061,0.012845777,0.77405846,0.0049688118,0.07176504,0.007969882,0.32046062,0.0433402,null,null,null,null,"TWOGAUSSIANS",8,5.9798656,0.77405846,0.0049688118,0.4,0.025417916,0.31820676,0.0441667,0.27525154,0.0032888553,0.4,0.0,0.2598071,0.011641582
375316653866487564,5906519667777621888,0.4937728,2150.4039590471075,4.105457259270011,4.100477E-5,18.930243,0.026976584,0.24353036,0.012390453,0.062125985,0.03637014,0.3412763,0.19186766,0.73408777,0.011207466,0.09755722,0.016513702,0.27294,0.024212474,null,null,null,null,"TWOGAUSSIANS",8,4.1798925,0.24353036,0.012413681,0.34790552,0.09152479,0.33771744,0.20690016,0.73408777,0.011207466,0.4,0.0,0.26937997,0.015162814
375316653866487564,5906519706436697088,0.5505213,2173.371695409856,3.0259209712453936,1.0713034E-5,16.99175,0.020115294,0.32128707,0.007352085,0.058242183,0.01603339,0.23262991,0.04289084,0.83706695,0.0057351296,0.043207042,0.012291777,0.14318986,0.04775996,0.08864094,0.023156017,0.83706695,0.0057351296,"TWOGAUSSIANS_WITH_ELLIPSOIDAL_ON_ECLIPSE2",9,45.12982,0.32395706,0.005093558,0.32615623,0.08978699,0.4084587,0.04542085,0.83706695,0.0057351296,0.24195944,0.068833955,0.32046312,0.024035221
375316653866487564,5906520423682963840,0.5130629,2168.9137279152774,3.322904549727519,3.5317033E-5,17.748869,0.15353486,0.26895148,0.004982953,0.14017908,0.05815448,0.15987909,0.15084413,0.75644803,0.007961717,0.12489299,0.041166823,0.20611455,0.13680314,null,null,null,null,"TWOGAUSSIANS",8,2.8362174,0.75644803,0.007961717,0.4,0.0,0.15152822,0.013393347,0.26916146,0.0043097287,0.4,0.0,0.10486155,0.0069337455
375316653866487564,5906520973439328256,0.45057458,2207.0676751165824,0.21651883935824387,1.372234E-4,19.586061,0.0060115377,0.07362002,0.036386706,0.031064402,0.03589111,0.301864,45848.58,0.7299962,0.013412641,0.04122885,0.008491159,0.07415076,0.029946828,null,null,null,null,"TWOGAUSSIANS",8,2.9711692,0.07362002,0.036386706,0.17396066,0.2009902,0.301864,45848.58,0.7299962,0.013412641,0.23088157,0.047550492,0.07415076,0.029946828
