Gaia/vari_eclipsing_binary/VariEclipsingBinary_667660-667691.csv
# %ECSV 1.0
# ---
# delimiter: ','
# meta: !!omap
# - RELEASE: Gaia DR3
# - TABLE: vari_eclipsing_binary
# - DESCRIPTION: >
#     This table describes the properties of the eclipsing binaries resulting from the variability analysis. 
# - CITATION: >
#     How to cite and acknowledge Gaia: 
#     https://gea.esac.esa.int/archive/documentation/credits.html 
# - KNOWN_ISSUES: >
#     Known issues: 
#     https://www.cosmos.esa.int/web/gaia-users/known-issues 
# - DOCUMENTATION: >
#     Tutorials and documentation: 
#     https://www.cosmos.esa.int/web/gaia-users/archive 
# datatype:
# - 
#   name: solution_id
#   datatype: int64
#   description: Solution Identifier
#   meta:
#     ucd: meta.version
# - 
#   name: source_id
#   datatype: int64
#   description: Unique source identifier
#   meta:
#     ucd: meta.id;meta.main
# - 
#   name: global_ranking
#   datatype: float32
#   description: Number between 0 (worst) and 1 (best)
#   meta:
#     ucd: stat.param
# - 
#   name: reference_time
#   datatype: float64
#   unit: d
#   description: Reference time used for the geometric model fit
#   meta:
#     ucd: time.epoch
# - 
#   name: frequency
#   datatype: float64
#   unit: d**-1
#   description: Frequency of geometric model of the eclipsing binary light curve
#   meta:
#     ucd: src.orbital
# - 
#   name: frequency_error
#   datatype: float32
#   unit: d**-1
#   description: "Uncertainty of \\texttt{frequency}"
#   meta:
#     ucd: stat.error
# - 
#   name: geom_model_reference_level
#   datatype: float32
#   unit: mag
#   description: Magnitude reference level of geometric model
#   meta:
#     ucd: phot.mag;em.opt
# - 
#   name: geom_model_reference_level_error
#   datatype: float32
#   unit: mag
#   description: "Uncertainty of \\texttt{geomModelReferenceLevel}"
#   meta:
#     ucd: stat.error;phot.mag;em.opt
# - 
#   name: geom_model_gaussian1_phase
#   datatype: float32
#   description: Phase of the Gaussian 1 component
#   meta:
#     ucd: time.phase
# - 
#   name: geom_model_gaussian1_phase_error
#   datatype: float32
#   description: "Uncertainty of \\texttt{geomModelGaussian1Phase}"
#   meta:
#     ucd: stat.error;time.phase
# - 
#   name: geom_model_gaussian1_sigma
#   datatype: float32
#   description: "Standard deviation [phase] of Gaussian 1 component"
#   meta:
#     ucd: stat.stdev
# - 
#   name: geom_model_gaussian1_sigma_error
#   datatype: float32
#   description: "Uncertainty of \\texttt{geomModelGaussian1Sigma}"
#   meta:
#     ucd: stat.error
# - 
#   name: geom_model_gaussian1_depth
#   datatype: float32
#   unit: mag
#   description: Magnitude depth of Gaussian 1 component
#   meta:
#     ucd: src.var.amplitude
# - 
#   name: geom_model_gaussian1_depth_error
#   datatype: float32
#   unit: mag
#   description: "Uncertainty of \\texttt{geomModelGaussian1Depth}"
#   meta:
#     ucd: stat.error;src.var.amplitude
# - 
#   name: geom_model_gaussian2_phase
#   datatype: float32
#   description: Phase of Gaussian 2 component
#   meta:
#     ucd: time.phase
# - 
#   name: geom_model_gaussian2_phase_error
#   datatype: float32
#   description: "Uncertainty of \\texttt{geomModelGaussian2Phase}"
#   meta:
#     ucd: stat.error;time.phase
# - 
#   name: geom_model_gaussian2_sigma
#   datatype: float32
[...]
#   datatype: float32
#   description: "Secondary eclipse: uncertainty of \\texttt{derivedSecondaryEclDuration}"
#   meta:
#     ucd: stat.error;time.duration
# - 
#   name: derived_secondary_ecl_depth
#   datatype: float32
#   unit: mag
#   description: "Secondary eclipse: depth"
#   meta:
#     ucd: src.var.amplitude
# - 
#   name: derived_secondary_ecl_depth_error
#   datatype: float32
#   unit: mag
#   description: "Secondary eclipse: uncertainty of \\texttt{derivedSecondaryEclDepth}"
#   meta:
#     ucd: stat.error;src.var.amplitude
solution_id,source_id,global_ranking,reference_time,frequency,frequency_error,geom_model_reference_level,geom_model_reference_level_error,geom_model_gaussian1_phase,geom_model_gaussian1_phase_error,geom_model_gaussian1_sigma,geom_model_gaussian1_sigma_error,geom_model_gaussian1_depth,geom_model_gaussian1_depth_error,geom_model_gaussian2_phase,geom_model_gaussian2_phase_error,geom_model_gaussian2_sigma,geom_model_gaussian2_sigma_error,geom_model_gaussian2_depth,geom_model_gaussian2_depth_error,geom_model_cosine_half_period_amplitude,geom_model_cosine_half_period_amplitude_error,geom_model_cosine_half_period_phase,geom_model_cosine_half_period_phase_error,model_type,num_model_parameters,reduced_chi2,derived_primary_ecl_phase,derived_primary_ecl_phase_error,derived_primary_ecl_duration,derived_primary_ecl_duration_error,derived_primary_ecl_depth,derived_primary_ecl_depth_error,derived_secondary_ecl_phase,derived_secondary_ecl_phase_error,derived_secondary_ecl_duration,derived_secondary_ecl_duration_error,derived_secondary_ecl_depth,derived_secondary_ecl_depth_error
[from data line 284]
375316653866487564,5872930450849932928,0.5135194,2279.904404308912,2.7618838767346037,7.1925338E-6,19.346964,0.008442506,0.281843,0.0027980339,0.08069581,0.0035764175,0.35048953,0.011337715,0.780319,0.0034449445,0.07931042,0.004433154,0.38697806,0.0153763415,null,null,null,null,"TWOGAUSSIANS",8,2.6861906,0.780319,0.0034449445,0.4,0.0,0.38156265,0.015458951,0.281843,0.0027980339,0.4,0.0,0.34507415,0.010672753
375316653866487564,5872930721416672640,0.45843446,2275.2384017209492,2.3820805895942336,1.812402E-5,17.950975,0.04947293,0.22335105,0.004903839,0.16365683,0.018268935,0.41581494,0.043480035,0.7217621,0.005095878,0.20422845,0.026644899,0.4546211,0.049916696,null,null,null,null,"TWOGAUSSIANS",8,5.814225,0.7217621,0.005095878,0.4,0.0,0.11977422,0.0071172533,0.22421105,0.005267724,0.4,0.0,0.11855995,0.009569808
375316653866487564,5872930794466646528,0.60014576,2273.9028938959186,2.406482554234981,2.672323E-6,17.758509,0.008669163,0.26482666,0.0015425173,0.051810835,0.0046118926,0.24495016,0.02281112,0.77681315,0.0025718403,0.058560207,0.003695864,0.2235507,0.021159517,0.12786756,0.012149908,0.26482666,0.0015425173,"TWOGAUSSIANS_WITH_ELLIPSOIDAL_ON_ECLIPSE1",9,6.2909703,0.26482666,0.0015425173,0.2901407,0.0258266,0.5006723,0.013773395,0.77681315,0.0025718403,0.32793716,0.02069684,0.47782502,0.009905474
375316653866487564,5872930893210352896,0.58890885,2282.310172829653,1.1965388363825737,3.144746E-6,18.131254,0.00396073,0.23279038,0.001124047,0.03950596,0.0011036407,0.9579443,0.055169977,0.7310192,0.0013677861,0.039242666,0.0020509704,0.24833749,0.012939116,0.037384458,0.005477506,0.23279038,0.001124047,"TWOGAUSSIANS_WITH_ELLIPSOIDAL_ON_ECLIPSE1",9,4.978376,0.23279038,0.001124047,0.22123337,0.006180388,1.032713,0.056455474,0.7310792,0.0013161412,0.21975893,0.011485434,0.32309735,0.010218427
375316653866487564,5872931103704026624,0.41826516,2278.2641208023506,0.3120084736238856,2.4716423E-5,18.491417,0.0032454703,0.31315076,0.0103275385,0.0068262997,0.017350107,0.3145124,0.29177737,0.8075359,0.01515385,0.010556663,0.013936187,0.114468135,0.055001795,0.016463315,0.004801017,0.8075359,0.01515385,"TWOGAUSSIANS_WITH_ELLIPSOIDAL_ON_ECLIPSE2",9,6.2688265,0.31315076,0.009689654,0.03822728,0.0971606,0.34739807,0.29847473,0.8075359,0.01515385,0.059117313,0.07804265,0.14739476,0.055553485
375316653866487564,5872931172403458560,0.5891039,2267.948835349446,1.4397290691157814,4.049507E-6,16.358994,0.004085783,0.28244206,0.0015906469,0.08219337,0.0025694317,0.2612004,0.004084059,0.7779583,0.0013242752,0.092735335,0.0026335376,0.2392968,0.004214045,null,null,null,null,"TWOGAUSSIANS",8,10.906366,0.28244206,0.0015906469,0.4,0.0,0.2534256,0.0033660294,0.7779583,0.0013242752,0.4,0.0,0.23152176,0.0036406973
375316653866487564,5872931893982230656,0.5681481,2267.7180072852866,2.3249983800202823,6.2744234E-6,18.03484,0.029358245,0.24897948,0.003735043,0.058484808,0.008832396,0.30440173,0.06408763,0.73969436,0.003317616,0.06417123,0.0074832593,0.3428313,0.0566388,0.06520016,0.032441385,0.24897948,0.003735043,"TWOGAUSSIANS_WITH_ELLIPSOIDAL_ON_ECLIPSE1",9,8.485901,0.7407144,0.0028681532,0.35935888,0.041906253,0.47270653,0.021344783,0.24897948,0.003735043,0.32751492,0.049461417,0.43467158,0.0099281585
375316653866487564,5872932340636829056,0.4766454,2252.953893732518,3.2142860834525173,8.897743E-6,17.60587,0.26228523,0.2518076,0.003296628,0.24930823,0.027170071,1.56041,0.25592574,0.7592968,0.0028206247,0.16133298,0.012265762,1.2475158,0.20556724,null,null,null,null,"TWOGAUSSIANS",8,7.9720535,0.7648068,0.0034170235,0.4,0.0,0.3567857,0.010261074,0.2489876,0.0029098478,0.4,0.0,0.2727491,0.012903222
375316653866487564,5872933508886472192,0.46274853,2233.778030939895,2.616824435670875,1.2198311E-5,19.709906,0.033604223,0.2205733,0.006305687,0.10913354,0.018095862,0.25099546,0.029536853,0.7284421,0.005373903,0.098968774,0.014081311,0.24735074,0.03299442,null,null,null,null,"TWOGAUSSIANS",8,2.0781977,0.2205733,0.0063096895,0.4,0.0,0.22565868,0.01278523,0.7284521,0.005384243,0.4,0.0,0.22202705,0.0127763515
375316653866487564,5872933611965516544,0.54549354,2247.0767508683934,1.983627388666501,5.8914256E-6,17.576805,0.0028774813,0.24505079,0.0032847899,0.09216736,0.0046505015,0.096366346,0.0036331103,0.74163866,0.0015088662,0.07557748,0.0020301407,0.21849129,0.004754257,null,null,null,null,"TWOGAUSSIANS",8,2.9108622,0.74163866,0.0015088662,0.4,0.0,0.21546826,0.0046482463,0.24505079,0.0032847899,0.4,0.0,0.09334324,0.0033265792
375316653866487564,5872933749404495488,0.47964144,2250.531250092398,3.6240447877177218,8.283499E-6,15.648306,0.0017780942,0.26724732,0.00340508,0.068597935,0.0052555674,0.041587953,0.0023768905,0.7642254,0.004896658,0.07407137,0.006703773,0.04228436,0.0023132355,null,null,null,null,"TWOGAUSSIANS",8,7.929434,0.7642254,0.004896658,0.4,0.005403607,0.042116847,0.002277508,0.26724732,0.00340508,0.38414842,0.029431177,0.041420437,0.0023223427
375316653866487564,5872933989904484736,0.5184133,2241.959515069807,2.997241117713316,5.701294E-6,18.95647,0.0100752935,0.26039338,0.0025572684,0.083673745,0.0042026616,0.31129444,0.011192714,0.7683447,0.003176518,0.092434905,0.0054724445,0.2543068,0.009776771,null,null,null,null,"TWOGAUSSIANS",8,2.9015543,0.26039338,0.0025572684,0.4,0.0,0.30257612,0.009679989,0.7683447,0.003176518,0.4,0.0,0.24558826,0.0075174654
375316653866487564,5872934574038324864,0.61059,2241.7445905792797,2.269949689419089,2.1611866E-6,17.936035,0.006909435,0.27045175,8.710282E-4,0.055452365,0.003285046,0.1961925,0.016317075,0.77331346,0.0017184716,0.055994485,0.0032285433,0.18430679,0.016598849,0.10326125,0.009650461,0.27045175,8.710282E-4,"TWOGAUSSIANS_WITH_ELLIPSOIDAL_ON_ECLIPSE1",9,2.9083889,0.27045175,8.710282E-4,0.31053326,0.018396256,0.4027005,0.007627003,0.77331346,0.0017184716,0.3135691,0.018079843,0.39074802,0.007166438
375316653866487564,5872934574038331520,0.4686749,2239.286768950553,0.5672932692671886,1.9056284E-5,16.99828,0.0014705847,0.25439006,0.007279224,0.014864606,0.008898425,0.13794133,0.056853164,0.7590548,0.0015492941,0.014299688,9.1010623E-4,0.18926486,0.021977652,null,null,null,null,"TWOGAUSSIANS",8,7.9003477,0.7590548,0.0015492941,0.08007825,0.005096595,0.18926486,0.021977652,0.25439006,0.007279224,0.08324179,0.049831178,0.13794133,0.056853164
375316653866487564,5872934780196775680,0.6164947,2239.5264974176275,1.276776397517779,3.382335E-6,16.29546,0.0039331857,0.21648318,0.0015292246,0.09859462,0.0025244958,0.22255348,0.0048307823,0.7162254,0.0013806201,0.09302028,0.0020409585,0.33987552,0.0047716326,null,null,null,null,"TWOGAUSSIANS",8,10.395554,0.7162254,0.0013806201,0.4,0.0,0.32187375,0.004132066,0.21648318,0.0015292246,0.4,0.0,0.20455089,0.0040738364
375316653866487564,5872934917635745664,0.5624678,2254.0978638274087,0.16201186420410632,2.3053203E-6,17.472591,0.0058178967,0.267276,8.7180693E-4,0.023110608,0.0013575178,1.8821723,0.22924577,0.75887084,0.010437706,0.030492077,0.015148688,0.13411275,0.03998264,0.038353644,0.0090631945,0.267276,8.7180693E-4,"TWOGAUSSIANS_WITH_ELLIPSOIDAL_ON_ECLIPSE1",9,64.521324,0.267276,8.7180693E-4,0.1294194,0.0076021,1.9588795,0.23570995,0.7592108,0.0104512,0.17075562,0.08483265,0.2106147,0.03899225
375316653866487564,5872935050743800960,0.53135914,2241.3046538781373,3.6559886764088443,3.6110382E-6,19.313456,0.005933319,0.26764905,0.0015527209,0.07616211,0.0024332143,0.3992995,0.011180381,0.7701671,0.0014121309,0.07167475,0.0019965582,0.47717738,0.010058691,null,null,null,null,"TWOGAUSSIANS",8,2.0601788,0.7701671,0.0014121309,0.4,0.003944345,0.47448328,0.010102265,0.26764905,0.0015527209,0.4,0.0,0.3966054,0.0112333065
375316653866487564,5872936154568176640,0.5601309,2264.9574579015866,2.5565687573807216,3.6903882E-6,18.285973,0.006154845,0.25944763,0.0012542395,0.09062563,0.0021964111,0.34461817,0.006434697,0.75987494,0.002533523,0.0906142,0.0027640415,0.30647075,0.0094930325,null,null,null,null,"TWOGAUSSIANS",8,2.9147933,0.25944763,0.0012542395,0.4,0.0,0.3302532,0.004961324,0.75987494,0.002533523,0.4,0.0,0.29210582,0.008359284
375316653866487564,5872936979202029312,0.4893495,2242.4777646918933,1.0514874563954937,7.3277006E-6,18.827272,0.0047398093,0.2921928,0.0033291152,0.022112817,0.0026934247,0.2301976,0.01560851,0.79215753,0.0015382319,0.020359578,0.0012146936,0.33589447,0.016383195,null,null,null,null,"TWOGAUSSIANS",8,5.185269,0.79215753,0.0015382319,0.114013635,0.0068022846,0.33589447,0.016383195,0.2921928,0.0033291152,0.12383177,0.015083179,0.2301976,0.01560851
375316653866487564,5872937284132620288,0.60025555,2274.982208372233,0.46303425182361635,1.3019696E-6,18.669548,0.003000271,0.21025845,0.0023564538,0.026042262,0.0019423164,0.10400609,0.008344963,0.7056708,6.596529E-4,0.027228262,7.3015527E-4,1.8493372,0.1436842,0.022949165,0.0041864854,0.21025845,0.0023564538,"TWOGAUSSIANS_WITH_ELLIPSOIDAL_ON_ECLIPSE1",9,2.1037638,0.7056808,6.596529E-4,0.15247826,0.0040888693,1.8951974,0.14555041,0.21025845,0.0023564538,0.14583667,0.010876972,0.14990434,0.005490069
375316653866487564,5872937662080951424,0.4790508,2249.929673058199,1.2554178995097713,8.288964E-6,17.749298,0.0068506226,0.271699,0.006544628,0.03541114,0.006244809,0.10384262,0.01614391,0.7654534,0.002531769,0.04188477,0.0021523307,0.4064509,0.021105101,null,null,null,null,"TWOGAUSSIANS",8,38.584206,0.7654534,0.002531769,0.23455471,0.012053053,0.4064509,0.021105101,0.271699,0.006544628,0.19830239,0.03497093,0.103842616,0.01614391
375316653866487564,5872937971318653184,0.44353896,2256.1064159634425,0.2946889782613391,4.2371605E-5,19.366522,0.044002503,0.24476464,0.00263808,0.01147025,0.0020385622,3.2609243,1.7981387,0.5940268,0.024300173,0.16973592,0.07044234,0.09939098,0.042200487,null,null,null,null,"TWOGAUSSIANS",8,12.312058,0.24477464,0.0026326743,0.0642334,0.011415949,3.2703593,1.7951027,0.5940268,0.024300173,0.4,0.0,0.09679627,0.029055983
375316653866487564,5872938010015761024,0.5599377,2248.180024123159,0.8386595518522642,5.179013E-6,15.700346,0.0025425348,0.2633343,0.0019666005,0.09135318,0.004041336,0.10683952,0.002744517,0.76103127,0.0020524631,0.101361044,0.004343983,0.089996144,0.0026306806,null,null,null,null,"TWOGAUSSIANS",8,5.8368387,0.2633343,0.0019666005,0.4,0.0,0.10032322,0.0027614569,0.76103127,0.0020524631,0.4,0.0,0.08347897,0.0023048227
375316653866487564,5872938834646110208,0.6115099,2246.3795164492053,2.6275366321613616,2.432155E-6,17.364044,0.0099252835,0.2621359,9.872075E-4,0.053015884,0.002431448,0.37140164,0.020855699,0.7550272,0.0022495335,0.057755843,0.0025061648,0.40126124,0.02395837,0.100493625,0.011853088,0.2621359,9.872075E-4,"TWOGAUSSIANS_WITH_ELLIPSOIDAL_ON_ECLIPSE1",9,14.089373,0.75585717,0.0019671333,0.3234327,0.014034523,0.6018687,0.015248095,0.2621359,9.872075E-4,0.29688895,0.013616109,0.57236314,0.0074359714
375316653866487564,5872938937725366272,0.49738786,2243.697455330294,2.774231604993843,6.4631213E-6,18.867905,0.0068272846,0.2604596,0.0037926233,0.08073947,0.004590994,0.27711636,0.011450046,0.762143,0.002349373,0.08298711,0.003901344,0.32677913,0.010083993,null,null,null,null,"TWOGAUSSIANS",8,4.9891286,0.762143,0.002349373,0.4,0.0,0.32127056,0.010103312,0.2604596,0.0037926233,0.4,0.0,0.27160782,0.011165024
375316653866487564,5872939654948806016,0.61442614,2252.471490029765,2.120470667551621,3.792268E-6,17.087042,0.0054839924,0.24512006,0.0010928261,0.050751653,0.002452075,0.21916123,0.014674442,0.7484104,0.0019551308,0.053347725,0.0030519809,0.22048727,0.012077231,0.10707292,0.007240945,0.24512006,0.0010928261,"TWOGAUSSIANS_WITH_ELLIPSOIDAL_ON_ECLIPSE1",9,9.958172,0.7484104,0.0019551308,0.29874727,0.017091092,0.43453637,0.0055738785,0.24512006,0.0010928261,0.28420925,0.01373162,0.43330184,0.008027767
375316653866487564,5872939693643046912,0.4489555,2234.0268154449404,2.290319968445737,1.9613348E-5,17.186184,0.013944964,0.2676219,0.0067931563,0.1076741,0.014661693,0.14126545,0.0132252015,0.7692075,0.0066969898,0.09307363,0.011880495,0.1499417,0.015026454,null,null,null,null,"TWOGAUSSIANS",8,29.498726,0.7692075,0.0066969898,0.4,0.0,0.1371874,0.011783271,0.2676219,0.0067931563,0.4,0.0,0.12850545,0.008066999
375316653866487564,5872939792384909824,0.57150084,2259.3513404230903,1.7251517252863984,3.1201243E-6,17.851212,0.002198757,0.25935927,0.0011069451,0.04986056,0.0018109677,0.15576509,0.00557749,0.76470685,0.002460344,0.042512376,0.003853978,0.050808955,0.006417147,0.025051959,0.0029740368,0.25935927,0.0011069451,"TWOGAUSSIANS_WITH_ELLIPSOIDAL_ON_ECLIPSE1",9,1.3381773,0.25935927,0.0011069451,0.27921915,0.010141419,0.20586842,0.0037195396,0.76470685,0.002460344,0.23806931,0.021582277,0.10085575,0.0046731243
375316653866487564,5872939934140122368,0.46703535,2249.5323339220195,0.7343444182529579,2.6960366E-5,17.66799,0.0045936895,0.21430016,0.031467143,0.028822431,0.029396461,0.04261126,0.044466157,0.7761446,0.0050153024,0.045245647,0.021416165,0.022926928,0.019294934,0.06686147,0.0072189867,0.7761446,0.0050153024,"TWOGAUSSIANS_WITH_ELLIPSOIDAL_ON_ECLIPSE2",9,14.636562,0.22483015,0.041635644,0.16140562,0.16462019,0.16015728,0.029916951,0.7761446,0.0050153024,0.25337562,0.11993053,0.15664978,0.01603933
375316653866487564,5872940552633521024,0.57664037,2245.6862761820844,0.8445345449256011,3.3206184E-6,17.023146,0.0011992471,0.30143687,0.0049758432,0.004365299,0.0074524484,0.011756986,17.023554,0.6250876,7.6468237E-4,0.036126222,7.379453E-4,0.24866346,0.0038007412,null,null,null,null,"TWOGAUSSIANS",8,4.6058226,0.6250876,7.6468237E-4,0.20230684,0.0041324934,0.24866346,0.0038007412,0.30143687,0.0049758432,0.024445675,0.041733712,0.011756986,17.023554
375316653866487564,5872940758791950336,0.5477179,2256.7036022876346,1.2519168120521929,2.7431217E-6,17.604477,0.007682814,0.19235596,0.0026173622,0.048510686,0.0041326345,0.13040811,0.019707948,0.6839693,0.0013137736,0.051654693,0.0027499758,0.3478249,0.017117366,0.03551275,0.011284255,0.19235596,0.0026173622,"TWOGAUSSIANS_WITH_ELLIPSOIDAL_ON_ECLIPSE1",9,13.671745,0.6843193,0.0012285797,0.28926626,0.015399864,0.41865945,0.010920712,0.19235596,0.0026173622,0.27165982,0.023142751,0.20143157,0.008369721
375316653866487564,5872941136749103872,0.5042314,2238.3497253590717,0.20559277406351578,9.410529E-6,14.703924,7.565753E-4,0.15932313,8.519994E-4,0.013452475,9.2055305E-4,0.13490494,0.0051726033,0.6584324,0.004829453,0.011856354,0.010041326,0.040096592,0.09675862,null,null,null,null,"TWOGAUSSIANS",8,15.659388,0.15932313,8.519994E-4,0.075333856,0.0051550968,0.13490494,0.0051726033,0.6584324,0.004829453,0.06639558,0.056231428,0.040096592,0.09675862
375316653866487564,5872942545498370432,0.5421429,2257.413215759961,0.4657656556977023,4.0940326E-6,18.186218,0.0019057337,0.09274036,0.0016619536,0.03745919,0.0020597517,0.0851104,0.002449941,0.5910385,0.0011630185,0.03997985,0.0016427443,0.30941513,0.014268539,null,null,null,null,"TWOGAUSSIANS",8,2.7130344,0.5910385,0.0011630185,0.22388716,0.009199368,0.30941513,0.014268539,0.09274036,0.0016619536,0.20977145,0.011534609,0.0851104,0.0024499407
375316653866487564,5872943778114321280,0.44207597,2238.0838321967194,1.4653204676019187,2.22346E-5,18.392345,0.0027337777,0.25537947,0.005055566,0.05061908,0.0053786305,0.1255369,0.017008271,0.75654,0.011633833,0.050956137,0.007907478,0.03340421,0.007307553,null,null,null,null,"TWOGAUSSIANS",8,3.165114,0.25537947,0.005055566,0.28346685,0.03012033,0.12553623,0.017008835,0.75654,0.011633833,0.28535438,0.044281878,0.033403546,0.007307635
