Gaia/vari_eclipsing_binary/VariEclipsingBinary_261096-262133.csv
# %ECSV 1.0
# ---
# delimiter: ','
# meta: !!omap
# - RELEASE: Gaia DR3
# - TABLE: vari_eclipsing_binary
# - DESCRIPTION: >
#     This table describes the properties of the eclipsing binaries resulting from the variability analysis. 
# - CITATION: >
#     How to cite and acknowledge Gaia: 
#     https://gea.esac.esa.int/archive/documentation/credits.html 
# - KNOWN_ISSUES: >
#     Known issues: 
#     https://www.cosmos.esa.int/web/gaia-users/known-issues 
# - DOCUMENTATION: >
#     Tutorials and documentation: 
#     https://www.cosmos.esa.int/web/gaia-users/archive 
# datatype:
# - 
#   name: solution_id
#   datatype: int64
#   description: Solution Identifier
#   meta:
#     ucd: meta.version
# - 
#   name: source_id
#   datatype: int64
#   description: Unique source identifier
#   meta:
#     ucd: meta.id;meta.main
# - 
#   name: global_ranking
#   datatype: float32
#   description: Number between 0 (worst) and 1 (best)
#   meta:
#     ucd: stat.param
# - 
#   name: reference_time
#   datatype: float64
#   unit: d
#   description: Reference time used for the geometric model fit
#   meta:
#     ucd: time.epoch
# - 
#   name: frequency
#   datatype: float64
#   unit: d**-1
#   description: Frequency of geometric model of the eclipsing binary light curve
#   meta:
#     ucd: src.orbital
# - 
#   name: frequency_error
#   datatype: float32
#   unit: d**-1
#   description: "Uncertainty of \\texttt{frequency}"
#   meta:
#     ucd: stat.error
# - 
#   name: geom_model_reference_level
#   datatype: float32
#   unit: mag
#   description: Magnitude reference level of geometric model
#   meta:
#     ucd: phot.mag;em.opt
# - 
#   name: geom_model_reference_level_error
#   datatype: float32
#   unit: mag
#   description: "Uncertainty of \\texttt{geomModelReferenceLevel}"
#   meta:
#     ucd: stat.error;phot.mag;em.opt
# - 
#   name: geom_model_gaussian1_phase
#   datatype: float32
#   description: Phase of the Gaussian 1 component
#   meta:
#     ucd: time.phase
# - 
#   name: geom_model_gaussian1_phase_error
#   datatype: float32
#   description: "Uncertainty of \\texttt{geomModelGaussian1Phase}"
#   meta:
#     ucd: stat.error;time.phase
# - 
#   name: geom_model_gaussian1_sigma
#   datatype: float32
#   description: "Standard deviation [phase] of Gaussian 1 component"
#   meta:
#     ucd: stat.stdev
# - 
#   name: geom_model_gaussian1_sigma_error
#   datatype: float32
#   description: "Uncertainty of \\texttt{geomModelGaussian1Sigma}"
#   meta:
#     ucd: stat.error
# - 
#   name: geom_model_gaussian1_depth
#   datatype: float32
#   unit: mag
#   description: Magnitude depth of Gaussian 1 component
#   meta:
#     ucd: src.var.amplitude
# - 
#   name: geom_model_gaussian1_depth_error
#   datatype: float32
#   unit: mag
#   description: "Uncertainty of \\texttt{geomModelGaussian1Depth}"
#   meta:
#     ucd: stat.error;src.var.amplitude
# - 
#   name: geom_model_gaussian2_phase
#   datatype: float32
#   description: Phase of Gaussian 2 component
#   meta:
#     ucd: time.phase
# - 
#   name: geom_model_gaussian2_phase_error
#   datatype: float32
#   description: "Uncertainty of \\texttt{geomModelGaussian2Phase}"
#   meta:
#     ucd: stat.error;time.phase
# - 
#   name: geom_model_gaussian2_sigma
#   datatype: float32
[...]
#   datatype: float32
#   description: "Secondary eclipse: uncertainty of \\texttt{derivedSecondaryEclDuration}"
#   meta:
#     ucd: stat.error;time.duration
# - 
#   name: derived_secondary_ecl_depth
#   datatype: float32
#   unit: mag
#   description: "Secondary eclipse: depth"
#   meta:
#     ucd: src.var.amplitude
# - 
#   name: derived_secondary_ecl_depth_error
#   datatype: float32
#   unit: mag
#   description: "Secondary eclipse: uncertainty of \\texttt{derivedSecondaryEclDepth}"
#   meta:
#     ucd: stat.error;src.var.amplitude
solution_id,source_id,global_ranking,reference_time,frequency,frequency_error,geom_model_reference_level,geom_model_reference_level_error,geom_model_gaussian1_phase,geom_model_gaussian1_phase_error,geom_model_gaussian1_sigma,geom_model_gaussian1_sigma_error,geom_model_gaussian1_depth,geom_model_gaussian1_depth_error,geom_model_gaussian2_phase,geom_model_gaussian2_phase_error,geom_model_gaussian2_sigma,geom_model_gaussian2_sigma_error,geom_model_gaussian2_depth,geom_model_gaussian2_depth_error,geom_model_cosine_half_period_amplitude,geom_model_cosine_half_period_amplitude_error,geom_model_cosine_half_period_phase,geom_model_cosine_half_period_phase_error,model_type,num_model_parameters,reduced_chi2,derived_primary_ecl_phase,derived_primary_ecl_phase_error,derived_primary_ecl_duration,derived_primary_ecl_duration_error,derived_primary_ecl_depth,derived_primary_ecl_depth_error,derived_secondary_ecl_phase,derived_secondary_ecl_phase_error,derived_secondary_ecl_duration,derived_secondary_ecl_duration_error,derived_secondary_ecl_depth,derived_secondary_ecl_depth_error
[from data line 108]
375316653866487564,2298028268975949184,0.5389378,2195.788635173904,1.165700859753339,3.961447E-5,14.528742,0.0021931352,0.23219164,0.017750237,0.015490687,0.009243789,0.0036958274,0.0023797627,0.4440474,0.0022245029,0.026243007,0.0027607435,0.5229268,0.27227232,0.008530764,0.0027984467,0.23219164,0.017750237,"TWOGAUSSIANS_WITH_ELLIPSOIDAL_ON_ECLIPSE1",9,38.20506,0.4440474,0.0022245029,0.14696084,0.015460163,0.5238882,0.2722017,0.23219164,0.017750237,0.08674785,0.05176522,0.020757325,0.004342758
375316653866487564,2298033594735116800,0.46928677,2212.132814924289,1.023689432551022,1.1585277E-5,7.517726,0.05680507,0.3014283,0.002776372,0.13303435,0.04856649,0.055656,0.053676296,0.7985315,0.0035800952,0.13541074,0.05725462,0.056335505,0.05405856,null,null,null,null,"TWOGAUSSIANS",8,6.064731,0.7985315,0.0035800952,0.4,0.0,0.03706232,0.0026356794,0.30150828,0.002773647,0.4,0.0,0.036410924,0.0018745331
375316653866487564,2298036549672614912,0.56464094,2178.6535353021286,2.7174338796548754,1.3723744E-5,14.507959,0.005735759,0.1818791,0.0021103937,0.046461,0.008537781,0.0642464,0.013625775,0.6924489,0.016830029,0.05064424,0.019749396,0.08308764,0.014700731,0.08033615,0.00825294,0.1818791,0.0021103937,"TWOGAUSSIANS_WITH_ELLIPSOIDAL_ON_ECLIPSE1",9,75.32941,0.6924489,0.016830029,0.28360775,0.11059661,0.24305114,0.01256574,0.1818791,0.0021103937,0.2601816,0.047811575,0.2249175,0.00562512
375316653866487564,2298046269183106560,0.61332226,2219.5651796235966,4.165817237308384,6.2463378E-6,17.833704,0.005534301,0.28410956,0.0015440456,0.07010224,0.001747677,0.5049219,0.012418872,0.7877345,0.0042833854,0.06984353,0.0042599184,0.47131532,0.035519972,null,null,null,null,"TWOGAUSSIANS",8,4.4673495,0.28410956,0.0015440456,0.39257252,0.0097869905,0.5034181,0.012414532,0.7877345,0.0042833854,0.39112377,0.02385554,0.4698115,0.0358681
375316653866487564,2298059605055561216,0.4407651,2189.0662357110327,2.7273803597628348,2.2692522E-5,14.568081,0.002150059,0.30330902,0.005161748,0.018686173,0.0029093951,0.06757874,0.015724786,0.7262503,0.027417053,0.033813756,0.02947156,0.014342585,0.008035429,null,null,null,null,"TWOGAUSSIANS",8,11.072953,0.30330902,0.005161748,0.10464257,0.016292613,0.06757874,0.015724786,0.7262503,0.027417053,0.18935704,0.16504073,0.014342585,0.008035429
375316653866487564,2298089979065996032,0.62227637,2209.6364052669837,0.8141298225859752,5.1025754E-6,12.373715,0.002742423,0.24657129,0.0025999686,0.043947108,0.0022674068,0.21858598,0.008688078,0.7521334,0.0057297233,0.03341371,0.010955278,0.022731252,0.040106952,0.023537561,0.004886738,0.7521334,0.0057297233,"TWOGAUSSIANS_WITH_ELLIPSOIDAL_ON_ECLIPSE2",9,59.36726,0.24675128,0.002469397,0.24610381,0.012697479,0.2656054,0.0068423483,0.7521334,0.0057297233,0.18711677,0.061349556,0.0698063,0.038843915
375316653866487564,2298127804841644416,0.49128655,2180.7469596244323,1.1820181422743354,1.7973052E-5,13.957316,0.02220542,0.20673302,0.0040778485,0.18091565,0.029840525,0.15875882,0.021165488,0.70872474,0.0044729263,0.20890145,0.038672473,0.17405787,0.025233805,null,null,null,null,"TWOGAUSSIANS",8,9.957168,0.7098147,0.004637631,0.4,0.0,0.03556617,0.002012175,0.20514302,0.0042427923,0.4,0.0,0.0331474,0.0032046526
375316653866487564,2298158354946094080,0.6273464,2216.9486885990377,3.636998641338986,3.157394E-6,16.94544,0.00816517,0.2883383,0.0014894902,0.053920258,0.002719688,0.35045016,0.020829935,0.7937093,0.006267001,0.044656355,0.005005236,0.25145036,0.025322035,0.11188971,0.011964577,0.2883383,0.0014894902,"TWOGAUSSIANS_WITH_ELLIPSOIDAL_ON_ECLIPSE1",9,9.683974,0.2883383,0.0014894902,0.30195343,0.015230252,0.5742218,0.010946739,0.7937093,0.006267001,0.2500756,0.02802932,0.47496724,0.01691313
375316653866487564,2298171098112349952,0.6068163,2191.230076299331,3.521314097038359,8.171051E-6,17.678318,0.010717722,0.26122808,0.003327485,0.040687073,0.004528442,0.24470983,0.025391173,0.75518286,0.0035369548,0.05337915,0.0042228256,0.31531468,0.024729878,0.106718555,0.013160339,0.26122808,0.003327485,"TWOGAUSSIANS_WITH_ELLIPSOIDAL_ON_ECLIPSE1",9,6.872368,0.7559829,0.0029463887,0.29892322,0.023647824,0.528481,0.016438603,0.26122808,0.003327485,0.2278476,0.025359273,0.4581433,0.015122076
375316653866487564,2298182097525266176,0.5313017,2170.526942688048,2.9900284605038303,2.5984657E-5,16.043772,0.042100098,0.27775127,0.006367685,0.1040648,0.015080563,0.19810462,0.041524243,0.7574097,0.0127897225,0.11641573,0.026592216,0.22403832,0.03986714,null,null,null,null,"TWOGAUSSIANS",8,37.40431,0.7574097,0.0127897225,0.4,0.0,0.19798183,0.012051806,0.27782127,0.0060872673,0.4,0.0,0.17209902,0.009934041
375316653866487564,2298182952221783296,0.486234,2153.5313109501844,3.3048130401901528,1.8860936E-5,17.714504,0.33818808,0.21519849,0.004482631,0.18170305,0.053465232,0.45497352,0.31058443,0.7170115,0.010628736,0.18483844,0.075674884,0.49437886,0.31126493,null,null,null,null,"TWOGAUSSIANS",8,5.617023,0.71773154,0.011360031,0.4,0.0,0.14331752,0.012124905,0.21425849,0.0045121103,0.4,0.0,0.10874864,0.007993478
375316653866487564,2298210409949698176,0.55716944,2190.4065550486507,3.4977169488717896,1.5226089E-5,16.773325,0.010219266,0.20208243,0.0010981618,0.039875604,0.0032904572,0.24066325,0.020315295,0.6916603,0.022693574,0.055554062,0.01582714,0.13561234,0.10704197,0.0058244625,0.011647914,0.20208243,0.0010981618,"TWOGAUSSIANS_WITH_ELLIPSOIDAL_ON_ECLIPSE1",9,17.357946,0.20208243,0.0010981618,0.22330338,0.01842656,0.25230986,0.006601811,0.6918703,0.022469128,0.31110275,0.08863198,0.14721008,0.09567972
375316653866487564,2298221542505028224,0.6094664,2264.9975945671467,2.9784510387238052,2.0464922E-5,14.694991,0.013605881,0.23308878,0.0046418677,0.05056787,0.017650405,0.11631833,0.03442411,0.71988523,0.008400978,0.060991034,0.012441781,0.13362105,0.030500196,0.09529865,0.016499687,0.23308878,0.0046418677,"TWOGAUSSIANS_WITH_ELLIPSOIDAL_ON_ECLIPSE1",9,89.55341,0.7237852,0.0052760458,0.34154978,0.06967398,0.3232821,0.007743904,0.23308878,0.0046418677,0.28318006,0.09884227,0.3069028,0.005548875
375316653866487564,2298221714303722112,0.6096296,2239.8846142048556,3.522938795066091,5.7162347E-6,14.197356,0.008131559,0.25109863,0.0020491432,0.04617151,0.0053554457,0.13091666,0.017694445,0.76181555,0.0038588345,0.053695776,0.0071755396,0.17332536,0.015819987,0.06176451,0.00937565,0.25109863,0.0020491432,"TWOGAUSSIANS_WITH_ELLIPSOIDAL_ON_ECLIPSE1",9,69.54249,0.76181555,0.0038588345,0.30069634,0.040183023,0.2962929,0.0052630375,0.25109863,0.0020491432,0.25856045,0.029990496,0.25444347,0.0075830105
375316653866487564,2298222672078951552,0.51771814,2213.111517981122,0.1864136825705337,2.21836E-5,17.801195,0.0019937097,0.29461733,1.5572866E-4,0.008842238,2.1487745E-4,0.28542575,1.7608011E-4,0.81669545,8.710693E-4,0.021213064,0.0013084618,0.2768088,0.034320742,null,null,null,null,"TWOGAUSSIANS",8,3.9770067,0.29461733,1.5572866E-4,0.049516533,0.0012033137,0.28542575,1.7608011E-4,0.81669545,8.710693E-4,0.11879316,0.0073273857,0.2768088,0.034320742
375316653866487564,2298235836156168704,0.5638487,2243.312451655823,2.0660958712774784,2.9720745E-6,18.773808,0.0061577456,0.33876202,7.344452E-4,0.026099518,7.276021E-4,0.5738781,0.010748407,0.84026456,0.0066633048,0.024799114,0.004086622,0.74652463,0.05267302,null,null,null,null,"TWOGAUSSIANS",8,6.5137353,0.84026456,0.0066633048,0.13887504,0.022885082,0.74652463,0.05267302,0.33876202,7.344452E-4,0.14615731,0.0040745717,0.5738781,0.010748407
375316653866487564,2298243184842841344,0.4997688,2223.030797510375,2.713931409602876,1.7682505E-5,18.697605,0.18528813,0.36036113,0.011602425,0.16222006,0.10945081,0.17415226,0.1785479,0.8254206,0.010753432,0.09434434,0.025934167,0.2993083,0.10867993,null,null,null,null,"TWOGAUSSIANS",8,3.1951814,0.8254206,0.010753432,0.4,0.0,0.25793803,0.024401046,0.36037114,0.01154224,0.4,0.0,0.12916653,0.028482372
375316653866487564,2298248167004921216,0.47616634,2199.475288349011,2.002534882582526,4.683847E-5,17.516699,0.005837903,0.2901381,0.009878244,0.030045217,0.008655455,0.36355287,0.0638955,0.78808343,0.011710016,0.034897387,0.014431525,0.22447395,0.1555965,null,null,null,null,"TWOGAUSSIANS",8,24.01972,0.2901381,0.009878244,0.16825321,0.04847055,0.36355287,0.0638955,0.78808343,0.011710016,0.19542538,0.080816545,0.22447395,0.1555965
375316653866487564,2298270986168378752,0.5465083,2207.9906508755234,0.8741335677347118,8.069462E-5,14.86195,0.006133333,0.17923446,0.0147557035,0.031760994,0.016614946,0.034314897,0.020758126,0.68997693,0.018811965,0.03162647,0.010930406,0.27233496,0.07688108,0.008264741,0.0072216783,0.68997693,0.018811965,"TWOGAUSSIANS_WITH_ELLIPSOIDAL_ON_ECLIPSE2",9,48.815155,0.68997693,0.018811965,0.17710824,0.06121027,0.28886443,0.0681239,0.17963445,0.014554239,0.17786157,0.09304369,0.05077195,0.017742615
375316653866487564,2298271604643670528,0.60687274,2239.5787471408084,2.4362008651765863,5.527007E-6,16.724298,0.004875085,0.30236033,0.0012660422,0.09286662,0.0024645987,0.29058826,0.005358192,0.80143225,0.0011118941,0.085249044,0.0016694268,0.32645378,0.006694097,null,null,null,null,"TWOGAUSSIANS",8,4.817335,0.80143225,0.0011118941,0.4,0.0,0.31469768,0.0061955187,0.30236033,0.0012660422,0.4,0.0,0.2788319,0.0049682674
375316653866487564,2298279919700414336,0.5605145,2198.3888980354286,2.6908040040461727,5.5985465E-6,14.431271,0.0102397585,0.24062835,0.0018818475,0.043142747,0.0025644356,0.46097422,0.031649284,0.7166985,0.0013251711,0.008686239,0.0017376712,0.19865309,0.028410098,0.07248277,0.014994261,0.24062835,0.0018818475,"TWOGAUSSIANS_WITH_ELLIPSOIDAL_ON_ECLIPSE1",9,467.99274,0.24062835,0.0018818475,0.24159938,0.0143608395,0.6059396,0.02791522,0.71679854,0.0013157887,0.04864294,0.009730959,0.34037966,0.009823908
375316653866487564,2298286207532520192,0.6254703,2163.26152151718,1.32659521705003,1.806151E-6,17.19165,0.005879794,0.15509303,0.001216429,0.034481034,0.0023212053,0.49565357,0.01902296,0.6419862,0.01643341,0.02761033,0.020198036,0.07160704,0.063550815,0.02016019,0.0076389564,0.15509303,0.001216429,"TWOGAUSSIANS_WITH_ELLIPSOIDAL_ON_ECLIPSE1",9,9.905847,0.15509303,0.001216429,0.19309378,0.0129987495,0.5359739,0.021898167,0.6424162,0.016332857,0.15461785,0.113109,0.111663416,0.06395566
375316653866487564,2298290158902471168,0.49334148,2192.51826655912,0.44903289301068344,4.9556158E-5,14.903014,0.005848198,0.67846227,0.03774284,0.1712113,0.08690676,0.017650057,0.0061627645,0.8010281,6.171752E-4,0.01872087,0.0018668252,0.09375655,0.008300055,null,null,null,null,"TWOGAUSSIANS",8,25.587435,0.8010281,6.171752E-4,0.10483688,0.010454222,0.106920585,0.01135361,0.67846227,0.03774284,0.4,0.0,0.01715366,0.006040243
375316653866487564,2298300256368859392,0.482929,2189.9203379855703,3.7919509052514524,1.9165454E-5,19.077793,0.01042574,0.20248178,0.018187525,0.0750131,0.023628479,0.2558743,0.059963472,0.71876943,0.0048417603,0.046054363,0.0065890076,0.25666457,0.017840374,null,null,null,null,"TWOGAUSSIANS",8,6.5897775,0.71876943,0.0048417603,0.2579044,0.03689844,0.25660866,0.017851641,0.20248178,0.018187525,0.4,0.10649962,0.2558184,0.059998624
375316653866487564,2298307579289953664,0.55611265,2245.635560375946,3.8533939630482648,1.4345666E-5,16.196468,0.0074956813,0.16628739,0.009503277,0.08282725,0.010869664,0.24227436,0.044907972,0.6623389,7.9306756E-4,0.08233765,0.0029379965,0.2664396,0.006542252,null,null,null,null,"TWOGAUSSIANS",8,32.158,0.6623389,7.9306756E-4,0.4,0.0,0.26160586,0.0054396754,0.16628739,0.009503277,0.4,0.0,0.23744065,0.046600286
375316653866487564,2298315924409219456,0.5195314,2244.3546890638977,1.746254736132378,1.2469954E-5,17.834932,0.27272502,0.30149508,0.010881195,0.16324984,0.08852323,0.21424334,0.2709392,0.77780676,0.009484985,0.12771796,0.027475145,0.2626534,0.18913049,null,null,null,null,"TWOGAUSSIANS",8,2.2479568,0.77780676,0.009484985,0.4,0.0,0.17584541,0.0068945326,0.30219507,0.009886823,0.4,0.0,0.12346192,0.007356198
375316653866487564,2298333246014210560,0.57540786,2180.926746026934,0.6312038257605662,8.779653E-5,14.417606,0.010201652,0.392078,6.969967E-4,0.018290259,0.0011301658,0.66752875,0.044133183,0.6480385,0.039128605,0.16945831,0.057123642,0.040660296,0.0098362,null,null,null,null,"TWOGAUSSIANS",8,261.32925,0.392138,7.0188334E-4,0.10242545,0.0063289283,0.67948246,0.04416302,0.6480385,0.039128605,0.4,0.0,0.039613806,0.006583618
375316653866487564,2298338984090509312,0.6474911,2173.4381442255785,2.311651354527132,4.120221E-6,14.916177,0.0057873195,0.29713938,9.255023E-4,0.046971925,0.0028095993,0.21946785,0.012753037,0.79306346,0.0039015806,0.057088565,0.003334626,0.18142536,0.0153854545,0.12426779,0.007309089,0.29713938,9.255023E-4,"TWOGAUSSIANS_WITH_ELLIPSOIDAL_ON_ECLIPSE1",9,37.5422,0.29713938,9.255023E-4,0.26304278,0.015733756,0.46799403,0.00579357,0.7941235,0.0028230199,0.31969595,0.018673906,0.42983106,0.0065565947
375316653866487564,2298360562006455424,0.6062582,2195.1945152242056,2.584718435882526,5.601469E-6,16.605467,0.0059106345,0.23434918,0.0046329694,0.08681034,0.0060223965,0.24572808,0.006951268,0.73695976,0.0012557837,0.07925795,0.0022260447,0.30085227,0.005544951,null,null,null,null,"TWOGAUSSIANS",8,7.422704,0.73695976,0.0012557837,0.4,0.0,0.295314,0.0040125777,0.23434918,0.0046329694,0.4,0.0,0.2401898,0.005105777
375316653866487564,2298363826181674112,0.46552864,2207.3893045828663,2.7198820711239877,3.3224223E-5,16.522121,0.03266257,0.23550579,0.010131441,0.04597985,0.034906916,0.18544811,0.04824324,0.7150522,0.012536508,0.068738244,0.01587491,0.14387994,0.07205947,0.09624258,0.037435856,0.23550579,0.010131441,"TWOGAUSSIANS_WITH_ELLIPSOIDAL_ON_ECLIPSE1",9,49.732105,0.23550579,0.010131441,0.25748718,0.17927583,0.37787056,0.05075614,0.72186214,0.0063632755,0.3849342,0.06499776,0.33418694,0.02435887
375316653866487564,2298371419683725952,0.63234806,2179.556731736767,1.615272813998677,4.236881E-6,13.743642,0.0033808348,0.24983566,0.0011261519,0.044233102,0.0018004611,0.2617601,0.012767468,0.7493186,0.002755588,0.042810734,0.004339375,0.29608887,0.01929298,0.043371715,0.006408758,0.24983566,0.0011261519,"TWOGAUSSIANS_WITH_ELLIPSOIDAL_ON_ECLIPSE1",9,89.64781,0.74933857,0.0026790842,0.23974012,0.0243005,0.38283128,0.022940364,0.24983566,0.0011261519,0.24770537,0.010082582,0.34850338,0.011701662
375316653866487564,2298386469248267520,0.62240493,2184.660052266845,1.6437212020110714,3.572463E-5,15.542499,0.004432323,0.31132215,0.0016742334,0.034296587,0.008559774,0.4868454,0.018994944,0.78983516,3.2090608E-4,0.008093321,0.0014639664,0.09631403,0.028468467,0.019863192,0.0068088435,0.31132215,0.0016742334,"TWOGAUSSIANS_WITH_ELLIPSOIDAL_ON_ECLIPSE1",9,46.890724,0.31132215,0.0016742334,0.19206089,0.047934733,0.5265717,0.021763267,0.78988516,3.4128458E-4,0.045322593,0.008198212,0.13532212,0.02906265
375316653866487564,2298387912357278592,0.5186326,2201.3613930927036,2.8514300089066,2.1612046E-5,14.874068,0.018616859,0.2605459,0.004828476,0.084538974,0.0038257309,0.48323497,0.021001667,0.7728889,0.0070762066,0.073910095,0.0072451183,0.4502875,0.023775976,null,null,null,null,"TWOGAUSSIANS",8,124.38226,0.2605459,0.004828476,0.4,0.0,0.47822782,0.02006751,0.7728889,0.0070762066,0.4,0.002857138,0.44528037,0.022249976
375316653866487564,2298393719153072256,0.57277393,2195.7132632049443,2.8464530921828826,1.0095344E-5,11.981285,0.004443095,0.2065869,0.0058161835,0.0577364,0.008107122,0.07345491,0.013138543,0.6943288,0.0033592363,0.045154437,0.0091701,0.07381718,0.013300949,0.060359463,0.0077209733,0.6943288,0.0033592363,"TWOGAUSSIANS_WITH_ELLIPSOIDAL_ON_ECLIPSE2",9,189.11134,0.6943288,0.0033592363,0.25286484,0.051352557,0.19453302,0.00943614,0.20288691,0.0030196968,0.32332385,0.045399882,0.19367135,0.008099274
