Gaia/vari_eclipsing_binary/VariEclipsingBinary_669509-669528.csv
# %ECSV 1.0
# ---
# delimiter: ','
# meta: !!omap
# - RELEASE: Gaia DR3
# - TABLE: vari_eclipsing_binary
# - DESCRIPTION: >
#     This table describes the properties of the eclipsing binaries resulting from the variability analysis. 
# - CITATION: >
#     How to cite and acknowledge Gaia: 
#     https://gea.esac.esa.int/archive/documentation/credits.html 
# - KNOWN_ISSUES: >
#     Known issues: 
#     https://www.cosmos.esa.int/web/gaia-users/known-issues 
# - DOCUMENTATION: >
#     Tutorials and documentation: 
#     https://www.cosmos.esa.int/web/gaia-users/archive 
# datatype:
# - 
#   name: solution_id
#   datatype: int64
#   description: Solution Identifier
#   meta:
#     ucd: meta.version
# - 
#   name: source_id
#   datatype: int64
#   description: Unique source identifier
#   meta:
#     ucd: meta.id;meta.main
# - 
#   name: global_ranking
#   datatype: float32
#   description: Number between 0 (worst) and 1 (best)
#   meta:
#     ucd: stat.param
# - 
#   name: reference_time
#   datatype: float64
#   unit: d
#   description: Reference time used for the geometric model fit
#   meta:
#     ucd: time.epoch
# - 
#   name: frequency
#   datatype: float64
#   unit: d**-1
#   description: Frequency of geometric model of the eclipsing binary light curve
#   meta:
#     ucd: src.orbital
# - 
#   name: frequency_error
#   datatype: float32
#   unit: d**-1
#   description: "Uncertainty of \\texttt{frequency}"
#   meta:
#     ucd: stat.error
# - 
#   name: geom_model_reference_level
#   datatype: float32
#   unit: mag
#   description: Magnitude reference level of geometric model
#   meta:
#     ucd: phot.mag;em.opt
# - 
#   name: geom_model_reference_level_error
#   datatype: float32
#   unit: mag
#   description: "Uncertainty of \\texttt{geomModelReferenceLevel}"
#   meta:
#     ucd: stat.error;phot.mag;em.opt
# - 
#   name: geom_model_gaussian1_phase
#   datatype: float32
#   description: Phase of the Gaussian 1 component
#   meta:
#     ucd: time.phase
# - 
#   name: geom_model_gaussian1_phase_error
#   datatype: float32
#   description: "Uncertainty of \\texttt{geomModelGaussian1Phase}"
#   meta:
#     ucd: stat.error;time.phase
# - 
#   name: geom_model_gaussian1_sigma
#   datatype: float32
#   description: "Standard deviation [phase] of Gaussian 1 component"
#   meta:
#     ucd: stat.stdev
# - 
#   name: geom_model_gaussian1_sigma_error
#   datatype: float32
#   description: "Uncertainty of \\texttt{geomModelGaussian1Sigma}"
#   meta:
#     ucd: stat.error
# - 
#   name: geom_model_gaussian1_depth
#   datatype: float32
#   unit: mag
#   description: Magnitude depth of Gaussian 1 component
#   meta:
#     ucd: src.var.amplitude
# - 
#   name: geom_model_gaussian1_depth_error
#   datatype: float32
#   unit: mag
#   description: "Uncertainty of \\texttt{geomModelGaussian1Depth}"
#   meta:
#     ucd: stat.error;src.var.amplitude
# - 
#   name: geom_model_gaussian2_phase
#   datatype: float32
#   description: Phase of Gaussian 2 component
#   meta:
#     ucd: time.phase
# - 
#   name: geom_model_gaussian2_phase_error
#   datatype: float32
#   description: "Uncertainty of \\texttt{geomModelGaussian2Phase}"
#   meta:
#     ucd: stat.error;time.phase
# - 
#   name: geom_model_gaussian2_sigma
#   datatype: float32
[...]
#   datatype: float32
#   description: "Secondary eclipse: uncertainty of \\texttt{derivedSecondaryEclDuration}"
#   meta:
#     ucd: stat.error;time.duration
# - 
#   name: derived_secondary_ecl_depth
#   datatype: float32
#   unit: mag
#   description: "Secondary eclipse: depth"
#   meta:
#     ucd: src.var.amplitude
# - 
#   name: derived_secondary_ecl_depth_error
#   datatype: float32
#   unit: mag
#   description: "Secondary eclipse: uncertainty of \\texttt{derivedSecondaryEclDepth}"
#   meta:
#     ucd: stat.error;src.var.amplitude
solution_id,source_id,global_ranking,reference_time,frequency,frequency_error,geom_model_reference_level,geom_model_reference_level_error,geom_model_gaussian1_phase,geom_model_gaussian1_phase_error,geom_model_gaussian1_sigma,geom_model_gaussian1_sigma_error,geom_model_gaussian1_depth,geom_model_gaussian1_depth_error,geom_model_gaussian2_phase,geom_model_gaussian2_phase_error,geom_model_gaussian2_sigma,geom_model_gaussian2_sigma_error,geom_model_gaussian2_depth,geom_model_gaussian2_depth_error,geom_model_cosine_half_period_amplitude,geom_model_cosine_half_period_amplitude_error,geom_model_cosine_half_period_phase,geom_model_cosine_half_period_phase_error,model_type,num_model_parameters,reduced_chi2,derived_primary_ecl_phase,derived_primary_ecl_phase_error,derived_primary_ecl_duration,derived_primary_ecl_duration_error,derived_primary_ecl_depth,derived_primary_ecl_depth_error,derived_secondary_ecl_phase,derived_secondary_ecl_phase_error,derived_secondary_ecl_duration,derived_secondary_ecl_duration_error,derived_secondary_ecl_depth,derived_secondary_ecl_depth_error
[from data line 37]
375316653866487564,5889074751880176128,0.47485307,2118.9856544001223,0.036403908118664695,5.280294E-5,19.644411,0.010052041,0.37907523,0.010947832,0.15062366,0.01850554,0.23992755,0.024605377,0.815925,0.0037121319,0.028784532,0.002686401,1.0157356,0.39149517,null,null,null,null,"TWOGAUSSIANS",8,1.8298919,0.815925,0.0037121319,0.16119339,0.0150438445,1.0160251,0.3915789,0.37907523,0.010947832,0.4,0.0,0.23641875,0.02601251
375316653866487564,5889074786239952640,0.48592225,2092.051142864495,2.7288773259098815,5.5307642E-5,19.800652,0.06040411,0.27668524,0.008134171,0.093849204,0.016140064,0.38716897,0.059021708,0.7794697,0.010927947,0.102194466,0.023310173,0.29801664,0.05753454,null,null,null,null,"TWOGAUSSIANS",8,2.4910507,0.27668524,0.008131805,0.4,0.0,0.36206195,0.031098863,0.7794697,0.010927947,0.4,0.0,0.27290633,0.022699947
375316653866487564,5889075301636171904,0.5216193,2140.292878788363,1.7685150044107487,9.196953E-6,15.980677,0.005699384,0.13327126,8.6887396E-4,0.03742832,0.0011110216,0.44557017,0.012156851,null,null,null,null,null,null,0.053515304,0.009465142,0.13327126,8.6887396E-4,"ONEGAUSSIAN_WITH_ELLIPSOIDAL",6,120.49809,0.13327126,8.6887396E-4,0.2095986,0.006221721,0.55260074,0.013744119,null,null,null,null,null,null
375316653866487564,5889075336043090560,0.55165815,2099.00078498353,2.027634693641176,5.0614093E-5,19.246935,0.017382195,0.28477848,0.0069161044,0.07364405,0.0065724216,0.43960708,0.023200044,0.79746366,0.004006824,0.06084752,0.008910624,0.21407698,0.026931873,null,null,null,null,"TWOGAUSSIANS",8,3.2308092,0.28477848,0.0069161044,0.4,0.0043567223,0.43916637,0.02276386,0.79746366,0.004006824,0.34074613,0.0498995,0.21363628,0.026931737
375316653866487564,5889075469134944896,0.5810692,2121.5727648964676,1.6584138804844675,1.2777772E-5,18.96083,0.012582775,0.21937339,0.004712505,0.03598732,0.010267056,0.12301272,0.040413372,0.7158156,0.006063961,0.038691577,0.0059216316,1.0785514,0.09833898,0.09299859,0.022952018,0.21937339,0.004712505,"TWOGAUSSIANS_WITH_ELLIPSOIDAL_ON_ECLIPSE1",9,8.211031,0.71588564,0.0059056897,0.21667282,0.033161137,1.2644575,0.09654465,0.21937339,0.004712505,0.201529,0.05749551,0.30900982,0.034393217
375316653866487564,5889075473435181952,0.5129412,2087.8852568167235,3.1338641836339285,2.341021E-5,19.41209,0.015294839,0.257611,0.004566531,0.07823166,0.008119956,0.35041705,0.022834355,0.75963575,0.008185181,0.07122183,0.012704507,0.29442492,0.023185631,null,null,null,null,"TWOGAUSSIANS",8,2.9475276,0.257611,0.004566531,0.4,0.0,0.3481318,0.022446884,0.75963575,0.008185181,0.39884225,0.032587677,0.29213968,0.023981627
375316653866487564,5889075679640481280,0.5230179,2164.6389652233474,2.696466422102598,2.7112177E-5,16.366879,0.013367714,0.28720787,0.0096132625,0.040833738,0.019344298,0.21385859,0.27247676,0.78630507,0.012035166,0.04644094,0.009050137,0.3917874,0.046028655,0.0610143,0.030324267,0.28720787,0.0096132625,"TWOGAUSSIANS_WITH_ELLIPSOIDAL_ON_ECLIPSE1",9,114.29763,0.786355,0.011516589,0.26006928,0.050680768,0.51381195,0.02669422,0.28720787,0.0096132625,0.22866894,0.10832807,0.33588687,0.29747233
375316653866487564,5889075847091640064,0.44495934,2131.8497806041914,0.19626084536196364,1.9221776E-4,19.340042,0.043694578,0.15853986,0.04636564,0.06301202,0.04093668,0.5042465,0.15409334,0.6586118,0.016722763,0.11498808,0.021781012,0.36696225,0.04351763,null,null,null,null,"TWOGAUSSIANS",8,6.7707534,0.15853986,0.046480153,0.3528673,0.074143656,0.48930687,0.17609277,0.6586118,0.016722763,0.4,0.0,0.35196507,0.032961458
375316653866487564,5889076160630029696,0.4480204,2145.620430342236,1.387726530111924,4.4234548E-5,17.992445,0.009766444,0.2249389,0.011252202,0.029983833,0.011547096,0.19430776,0.22009216,0.7109832,0.013548991,0.059503254,0.020554114,0.2067466,0.033822965,null,null,null,null,"TWOGAUSSIANS",8,22.341963,0.7109832,0.013548991,0.33321822,0.115103036,0.20674656,0.03382345,0.2249389,0.011252202,0.16790946,0.06466374,0.19430773,0.22009224
375316653866487564,5889076435508073344,0.5658122,2120.2137936343197,1.6686152866935995,1.3371737E-5,18.821718,0.014990765,0.24826425,0.0067456975,0.0981238,0.008405671,0.2758321,0.016369928,0.7516332,0.0029551485,0.08878855,0.0055293064,0.32881388,0.014094584,null,null,null,null,"TWOGAUSSIANS",8,1.5678604,0.7516332,0.0029551485,0.4,0.0,0.31289798,0.008278762,0.24826425,0.0067456975,0.4,0.0,0.25991496,0.009476544
375316653866487564,5889076568626589568,0.6301046,2166.1976589589995,1.1221858321902818,5.5192104E-6,15.804768,0.0023262408,0.24915996,0.0023300224,0.03358751,0.027347941,0.15893047,1.5289871E26,0.7567926,0.0018681552,0.0569744,0.002713664,0.20151274,0.010762222,0.04352524,0.0034307854,0.24915996,0.0023300224,"TWOGAUSSIANS_WITH_ELLIPSOIDAL_ON_ECLIPSE1",9,5.8014693,0.7567926,0.0018681552,0.31905663,0.015196519,0.28835526,0.011093013,0.24915996,0.0023300224,0.18809006,0.15314847,0.24597305,1.5289871E26
375316653866487564,5889076671709125248,0.5286188,2143.8602930693255,2.597529161665151,1.4295702E-5,18.891619,0.012612472,0.21481353,0.0043455088,0.07195272,0.006218068,0.29531083,0.02722002,0.7120477,0.0055957865,0.078150354,0.006992627,0.3286208,0.0282442,null,null,null,null,"TWOGAUSSIANS",8,3.3150673,0.7120477,0.0055957865,0.4,0.0,0.3263355,0.028302044,0.21481353,0.0043455088,0.4,0.009124408,0.29302552,0.027323576
375316653866487564,5889076779152470144,0.47237417,2132.593868982973,0.05269885368684968,3.046819E-4,18.33508,0.012951239,0.38600078,0.08154915,0.03490303,0.017946465,0.40775716,0.58447593,0.73071563,0.0048319865,0.028274598,0.07118532,0.48566765,0.44249737,0.03723828,0.012809199,0.73071563,0.0048319865,"TWOGAUSSIANS_WITH_ELLIPSOIDAL_ON_ECLIPSE2",9,8.959352,0.73071563,0.0048319865,0.15833776,0.2358516,0.560144,0.44068325,0.3846908,0.08305103,0.19545697,0.1005002,0.43144682,0.57367617
375316653866487564,5889076779152471424,0.56952125,2144.4392877337373,3.18164607912329,1.754075E-5,16.443033,0.022112709,0.23641385,0.0024429734,0.044234082,0.012994466,0.15699145,0.040627174,0.7358101,0.0052055423,0.052496582,0.011314914,0.24693175,0.047403175,0.09922894,0.03162469,0.23641385,0.0024429734,"TWOGAUSSIANS_WITH_ELLIPSOIDAL_ON_ECLIPSE1",9,35.01004,0.7359001,0.0046217795,0.29398084,0.063363515,0.445384,0.027395857,0.23641385,0.0024429734,0.24771085,0.07276901,0.35544613,0.0328469
375316653866487564,5889077053984636672,0.4651951,2091.6722629329524,4.32694439081496,4.062436E-5,19.419867,0.019271897,0.2338102,0.010330569,0.064356774,0.013460361,0.37463564,0.09368438,0.7641358,0.019992871,0.07105868,0.011988013,0.40537488,0.038594466,null,null,null,null,"TWOGAUSSIANS",8,9.655944,0.7641358,0.019992871,0.39792863,0.059994858,0.4050103,0.038550463,0.2338102,0.010330569,0.36039793,0.07220579,0.3742711,0.09412791
375316653866487564,5889077260143172224,0.44936273,2082.7259128837777,2.2083236067766867,7.8014964E-5,19.35344,0.006872452,null,null,null,null,null,null,null,null,null,null,null,null,0.09459609,0.008628316,0.2777328,0.008494064,"ELLIPSOIDAL",4,4.401927,null,null,null,null,null,null,null,null,null,null,null,null
375316653866487564,5889077328907993344,0.5257525,2159.218506974551,2.6302914254782035,1.3863734E-5,17.542189,0.08318739,0.20873967,0.0034629758,0.100040734,0.024371352,0.16793929,0.07863496,0.683458,0.020978492,0.10619159,0.052347776,0.16773473,0.085244745,null,null,null,null,"TWOGAUSSIANS",8,4.764504,0.20875967,0.0034107317,0.4,0.0,0.15485647,0.009095756,0.683458,0.020978492,0.4,0.0,0.15464576,0.010655986
375316653866487564,5889077603739238912,0.47355554,2104.145876040086,2.379560924735319,5.0686293E-5,19.688072,0.1249547,0.27004942,0.027581168,0.0993033,0.06323278,0.36268178,0.08625305,0.78315383,0.009732859,0.09887628,0.040578377,0.30040947,0.108720124,null,null,null,null,"TWOGAUSSIANS",8,3.5914085,0.27004942,0.027605906,0.4,0.041907545,0.33957374,0.042786025,0.78315383,0.009694967,0.4,0.0,0.27730215,0.03647755
375316653866487564,5889078046095070208,0.6795877,2148.4844962408297,3.2166034895609807,3.4583054E-6,16.749744,0.004606394,0.26239705,0.0014337149,0.036728036,0.0025293143,0.38071996,0.019369619,0.75661,0.0019492974,0.04045392,0.0020571933,0.52944183,0.024692649,0.15052272,0.009171989,0.26239705,0.0014337149,"TWOGAUSSIANS_WITH_ELLIPSOIDAL_ON_ECLIPSE1",9,8.265206,0.75701,0.0017974245,0.22654195,0.011520283,0.83011645,0.025403185,0.26239705,0.0014337149,0.205677,0.01416416,0.68176526,0.018538002
375316653866487564,5889078428374512640,0.47405523,2154.3446784547496,2.4808941783872926,2.11654E-5,17.88749,0.33840644,0.23877667,0.018084235,0.11131892,0.07427463,0.15918574,0.31752554,0.7265321,0.010270858,0.11191893,0.07434678,0.18003134,0.31461272,null,null,null,null,"TWOGAUSSIANS",8,8.90851,0.7265321,0.010270858,0.4,0.0,0.155712,0.0256585,0.23879668,0.017675852,0.4,0.0,0.1348702,0.016926596
375316653866487564,5889078806377131392,0.658501,2140.0003548171476,0.24794785250630155,4.346436E-5,15.291722,8.883253E-4,0.13485545,0.014443853,0.012043742,0.0084151635,0.5790601,8.149405,0.6368313,3.013568E-4,0.015571752,2.3719897E-4,0.42983907,0.00401221,null,null,null,null,"TWOGAUSSIANS",8,10.162399,0.13485545,0.014443853,0.06744496,0.04712492,0.5790601,8.149405,0.6368313,3.013568E-4,0.08720181,0.0013283142,0.42983907,0.00401221
375316653866487564,5889078905088667136,0.48542625,2157.832332476275,1.8866333446425045,3.4602424E-5,17.70587,0.020334546,0.27811524,0.0127962595,0.114058234,0.025202964,0.09899383,0.01973998,0.76595944,0.008881881,0.09296078,0.01903527,0.1426032,0.018380104,null,null,null,null,"TWOGAUSSIANS",8,6.124019,0.76595944,0.008881881,0.4,0.0,0.13182439,0.0071717994,0.27811524,0.012794622,0.4,0.0,0.08820052,0.0081445575
375316653866487564,5889079420508903680,0.56541264,2126.6760397462626,2.7603943719808,1.3046879E-5,19.61647,0.012156022,0.30975828,0.0039477744,0.06818775,0.0028223267,0.49320748,0.029787216,0.80799866,0.0023303356,0.05273909,0.0043397075,0.40798405,0.01702302,null,null,null,null,"TWOGAUSSIANS",8,1.5988625,0.30975828,0.0039477744,0.3818514,0.01580503,0.493043,0.029755224,0.80799866,0.0023303356,0.29533893,0.024302363,0.40781957,0.017042227
375316653866487564,5889079871482483968,0.58279777,2163.6916588713148,1.3767170110370954,1.794832E-5,18.454258,0.008077083,0.24929182,0.0022566037,0.04633689,0.0030503916,0.4771793,0.029789934,0.74309695,0.031957056,0.04634649,0.03422266,0.032246258,0.024614649,0.043473255,0.01084542,0.24929182,0.0022566037,"TWOGAUSSIANS_WITH_ELLIPSOIDAL_ON_ECLIPSE1",9,3.1786213,0.24929182,0.0022566037,0.2594866,0.017082194,0.56412536,0.027687209,0.74503696,0.03060388,0.25954035,0.19164687,0.119102,0.02020228
375316653866487564,5889079974607970048,0.60719687,2169.707604036128,1.9337098494330383,9.442583E-6,17.09488,0.0066994284,0.31215152,0.002533877,0.08994018,0.0029176995,0.33162847,0.009503259,0.8149262,0.0023925127,0.09595716,0.0042348066,0.30461374,0.008147121,null,null,null,null,"TWOGAUSSIANS",8,7.323457,0.31215152,0.002533877,0.4,0.0,0.3152672,0.009107243,0.8149262,0.0023925127,0.4,0.0,0.28825185,0.007585977
375316653866487564,5889080004606010752,0.4429587,2153.860389714375,3.0681323693727354,2.6071166E-5,18.550978,0.89698344,0.22655821,0.009969017,0.13539235,0.11913714,0.26670256,0.77963895,0.72014076,0.0068387273,0.14882164,0.16793947,0.26783213,0.865967,null,null,null,null,"TWOGAUSSIANS",8,6.436785,0.2269682,0.007681992,0.4,0.0,0.15949361,0.019723099,0.72014076,0.0068387273,0.4,0.0,0.15929928,0.025350869
375316653866487564,5889080455644367488,0.58126485,2145.4108911594044,1.547287449571378,8.980411E-6,14.865946,0.073285714,0.26986143,0.013923578,0.07068172,0.040204678,0.08829598,0.13556108,0.757591,0.005036768,0.054232944,0.04500364,0.09925279,0.12579198,0.05835157,0.06909132,0.757591,0.005036768,"TWOGAUSSIANS_WITH_ELLIPSOIDAL_ON_ECLIPSE2",9,34.20575,0.757591,0.005036768,0.3037045,0.20306994,0.21586415,0.02116206,0.26565143,0.0069853384,0.39581764,0.14786653,0.20445178,0.012225657
375316653866487564,5889081005354071680,0.5587028,2108.0037478216113,2.6700789421305124,1.9567067E-5,19.550993,0.010156928,0.24285041,0.0041418406,0.07057928,0.0047473595,0.6206721,0.036323383,0.74858797,0.0027724574,0.07943003,0.0043005683,0.5162232,0.032362364,null,null,null,null,"TWOGAUSSIANS",8,2.5009851,0.24285041,0.0041418406,0.395244,0.024051988,0.6168513,0.037345547,0.74858797,0.0027724574,0.4,0.0,0.5124024,0.03300704
375316653866487564,5889081074076366080,0.4960986,2114.9345239599966,1.7329671864751885,4.6783218E-5,18.22111,0.0021933005,0.23139548,0.00951031,0.05582051,0.00859175,0.05843913,0.010568595,0.74450254,0.013502702,0.040798374,0.008474169,0.38250762,0.15631825,null,null,null,null,"TWOGAUSSIANS",8,2.2464623,0.74450254,0.013502702,0.22847089,0.04745535,0.38250744,0.15631895,0.23139548,0.00951031,0.31259486,0.0481138,0.058438946,0.010568735
375316653866487564,5889081623875936768,0.6162182,2116.8056434702667,0.9588410185020215,1.1914005E-5,16.177542,0.012269205,0.23046689,0.0022209154,0.06487645,0.014757998,0.08448148,0.024635995,0.7320006,0.004931619,0.05290538,0.008627646,0.14996383,0.025756542,0.07215341,0.013981804,0.23046689,0.0022209154,"TWOGAUSSIANS_WITH_ELLIPSOIDAL_ON_ECLIPSE1",9,8.155631,0.7320006,0.0046488503,0.29627013,0.048314817,0.29420507,0.015918175,0.23046689,0.0022209154,0.36330813,0.08264479,0.2287361,0.0071556047
375316653866487564,5889081795631088256,0.43184668,2135.7001812527733,3.097467690437799,7.502982E-5,18.95828,0.06808595,0.23679519,0.020581463,0.11274448,0.06422371,0.098390006,0.06511957,0.68494445,0.017221564,0.101725936,0.034422815,0.1660037,0.055110533,null,null,null,null,"TWOGAUSSIANS",8,3.7670197,0.68494445,0.017221564,0.4,0.0,0.1569265,0.02587243,0.23685518,0.020221464,0.4,0.0,0.08928591,0.018791817
375316653866487564,5889082001841102976,0.49460799,2131.4995641088294,1.6123615636771549,2.6039887E-5,17.091675,0.0149894785,0.2923445,0.0025180797,0.07834874,0.0058942526,0.21528949,0.015511487,0.7933,0.01016079,0.11207854,0.019620944,0.10359493,0.014255241,null,null,null,null,"TWOGAUSSIANS",8,11.061674,0.2923445,0.0025180797,0.4,0.0,0.2068412,0.010183117,0.7933,0.01016079,0.4,0.0,0.09513676,0.009454796
375316653866487564,5889082104869000320,0.458408,2089.950783123625,2.283909524114313,4.4301334E-5,19.514954,0.080840886,0.21622367,0.011210093,0.09761816,0.039158065,0.24732359,0.068866216,0.71817994,0.007496983,0.10858983,0.03184544,0.22786248,0.075367935,null,null,null,null,"TWOGAUSSIANS",8,3.4158552,0.21622367,0.011239722,0.4,0.0,0.2229087,0.030257232,0.71817994,0.007494871,0.4,0.0,0.2034372,0.027556224
375316653866487564,5889082444165842944,0.47262964,2091.4774284770465,2.2321858469159714,3.0095738E-5,19.788712,0.021080187,0.14298405,0.02432137,0.074884474,0.021038437,0.24496733,0.044829257,0.6284604,0.015167148,0.06421235,0.02365313,0.2823753,0.034096587,null,null,null,null,"TWOGAUSSIANS",8,3.190169,0.6284604,0.015167148,0.35958916,0.0856593,0.2818184,0.03442319,0.14298405,0.02432137,0.4,0.081801,0.2444104,0.044306472
375316653866487564,5889082482826315392,0.53501564,2098.8902377068757,3.144182126410762,1.0210021E-5,19.435703,0.018831603,0.1824245,0.0024826594,0.06540586,0.004720732,0.5361619,0.04698463,0.67824465,0.0026829466,0.064552605,0.004688593,0.580782,0.022117402,null,null,null,null,"TWOGAUSSIANS",8,4.031162,0.67824465,0.0026829466,0.36149457,0.026256122,0.5801803,0.021999622,0.1824245,0.0024826594,0.36627284,0.026436098,0.5355602,0.047087204
375316653866487564,5889082585948820864,0.5683116,2155.3510412988344,0.33548850730909047,2.0416097E-5,12.757661,0.001326975,0.28211302,0.008775625,0.020932658,0.0031640884,0.42712566,0.13824798,0.78657657,0.008401588,0.02263903,0.0045900317,0.040235735,0.00972487,0.0139363,0.0017225645,0.28211302,0.008775625,"TWOGAUSSIANS_WITH_ELLIPSOIDAL_ON_ECLIPSE1",9,99.85763,0.28211302,0.008775625,0.11722288,0.017718894,0.45499825,0.1383378,0.78657657,0.008341712,0.12677857,0.025704177,0.06808641,0.008932076
