Gaia/vari_eclipsing_binary/VariEclipsingBinary_490774-490800.csv
# %ECSV 1.0
# ---
# delimiter: ','
# meta: !!omap
# - RELEASE: Gaia DR3
# - TABLE: vari_eclipsing_binary
# - DESCRIPTION: >
#     This table describes the properties of the eclipsing binaries resulting from the variability analysis. 
# - CITATION: >
#     How to cite and acknowledge Gaia: 
#     https://gea.esac.esa.int/archive/documentation/credits.html 
# - KNOWN_ISSUES: >
#     Known issues: 
#     https://www.cosmos.esa.int/web/gaia-users/known-issues 
# - DOCUMENTATION: >
#     Tutorials and documentation: 
#     https://www.cosmos.esa.int/web/gaia-users/archive 
# datatype:
# - 
#   name: solution_id
#   datatype: int64
#   description: Solution Identifier
#   meta:
#     ucd: meta.version
# - 
#   name: source_id
#   datatype: int64
#   description: Unique source identifier
#   meta:
#     ucd: meta.id;meta.main
# - 
#   name: global_ranking
#   datatype: float32
#   description: Number between 0 (worst) and 1 (best)
#   meta:
#     ucd: stat.param
# - 
#   name: reference_time
#   datatype: float64
#   unit: d
#   description: Reference time used for the geometric model fit
#   meta:
#     ucd: time.epoch
# - 
#   name: frequency
#   datatype: float64
#   unit: d**-1
#   description: Frequency of geometric model of the eclipsing binary light curve
#   meta:
#     ucd: src.orbital
# - 
#   name: frequency_error
#   datatype: float32
#   unit: d**-1
#   description: "Uncertainty of \\texttt{frequency}"
#   meta:
#     ucd: stat.error
# - 
#   name: geom_model_reference_level
#   datatype: float32
#   unit: mag
#   description: Magnitude reference level of geometric model
#   meta:
#     ucd: phot.mag;em.opt
# - 
#   name: geom_model_reference_level_error
#   datatype: float32
#   unit: mag
#   description: "Uncertainty of \\texttt{geomModelReferenceLevel}"
#   meta:
#     ucd: stat.error;phot.mag;em.opt
# - 
#   name: geom_model_gaussian1_phase
#   datatype: float32
#   description: Phase of the Gaussian 1 component
#   meta:
#     ucd: time.phase
# - 
#   name: geom_model_gaussian1_phase_error
#   datatype: float32
#   description: "Uncertainty of \\texttt{geomModelGaussian1Phase}"
#   meta:
#     ucd: stat.error;time.phase
# - 
#   name: geom_model_gaussian1_sigma
#   datatype: float32
#   description: "Standard deviation [phase] of Gaussian 1 component"
#   meta:
#     ucd: stat.stdev
# - 
#   name: geom_model_gaussian1_sigma_error
#   datatype: float32
#   description: "Uncertainty of \\texttt{geomModelGaussian1Sigma}"
#   meta:
#     ucd: stat.error
# - 
#   name: geom_model_gaussian1_depth
#   datatype: float32
#   unit: mag
#   description: Magnitude depth of Gaussian 1 component
#   meta:
#     ucd: src.var.amplitude
# - 
#   name: geom_model_gaussian1_depth_error
#   datatype: float32
#   unit: mag
#   description: "Uncertainty of \\texttt{geomModelGaussian1Depth}"
#   meta:
#     ucd: stat.error;src.var.amplitude
# - 
#   name: geom_model_gaussian2_phase
#   datatype: float32
#   description: Phase of Gaussian 2 component
#   meta:
#     ucd: time.phase
# - 
#   name: geom_model_gaussian2_phase_error
#   datatype: float32
#   description: "Uncertainty of \\texttt{geomModelGaussian2Phase}"
#   meta:
#     ucd: stat.error;time.phase
# - 
#   name: geom_model_gaussian2_sigma
#   datatype: float32
[...]
#   datatype: float32
#   description: "Secondary eclipse: uncertainty of \\texttt{derivedSecondaryEclDuration}"
#   meta:
#     ucd: stat.error;time.duration
# - 
#   name: derived_secondary_ecl_depth
#   datatype: float32
#   unit: mag
#   description: "Secondary eclipse: depth"
#   meta:
#     ucd: src.var.amplitude
# - 
#   name: derived_secondary_ecl_depth_error
#   datatype: float32
#   unit: mag
#   description: "Secondary eclipse: uncertainty of \\texttt{derivedSecondaryEclDepth}"
#   meta:
#     ucd: stat.error;src.var.amplitude
solution_id,source_id,global_ranking,reference_time,frequency,frequency_error,geom_model_reference_level,geom_model_reference_level_error,geom_model_gaussian1_phase,geom_model_gaussian1_phase_error,geom_model_gaussian1_sigma,geom_model_gaussian1_sigma_error,geom_model_gaussian1_depth,geom_model_gaussian1_depth_error,geom_model_gaussian2_phase,geom_model_gaussian2_phase_error,geom_model_gaussian2_sigma,geom_model_gaussian2_sigma_error,geom_model_gaussian2_depth,geom_model_gaussian2_depth_error,geom_model_cosine_half_period_amplitude,geom_model_cosine_half_period_amplitude_error,geom_model_cosine_half_period_phase,geom_model_cosine_half_period_phase_error,model_type,num_model_parameters,reduced_chi2,derived_primary_ecl_phase,derived_primary_ecl_phase_error,derived_primary_ecl_duration,derived_primary_ecl_duration_error,derived_primary_ecl_depth,derived_primary_ecl_depth_error,derived_secondary_ecl_phase,derived_secondary_ecl_phase_error,derived_secondary_ecl_duration,derived_secondary_ecl_duration_error,derived_secondary_ecl_depth,derived_secondary_ecl_depth_error
[from data line 477]
375316653866487564,4317047207488263168,0.6060206,2144.0027235646876,2.5936302147013293,6.5079826E-6,19.01812,0.027684921,0.25545445,0.0029953737,0.04470811,0.008027198,0.5061885,0.06722565,0.7566226,0.010240806,0.049992908,0.008426197,0.47460338,0.06807936,0.11823268,0.031347882,0.25545445,0.0029953737,"TWOGAUSSIANS_WITH_ELLIPSOIDAL_ON_ECLIPSE1",9,2.795768,0.25545445,0.0029953737,0.2503654,0.044952307,0.7426522,0.083305314,0.7566226,0.010014791,0.27996027,0.047186702,0.7110543,0.038730223
375316653866487564,4317048070783479680,0.4988707,2128.4248543714157,2.407012672755298,2.3669007E-5,18.605024,0.028354902,0.25034663,0.008467216,0.09376895,0.011958544,0.26723915,0.028928608,0.7642001,0.010987327,0.095004246,0.024783228,0.1843511,0.022863513,null,null,null,null,"TWOGAUSSIANS",8,6.0283318,0.25034663,0.008467023,0.4,0.0,0.25636193,0.016710732,0.7642001,0.010987327,0.4,0.0,0.17347388,0.016448412
375316653866487564,4317048551853014016,0.56714725,2147.15841099252,2.79061843024886,1.7452776E-5,18.248615,0.0123417955,0.24078478,0.008537404,0.074507184,0.013368902,0.3492106,0.019375596,0.742979,0.0045642965,0.08683377,0.00766313,0.2918868,0.01425833,null,null,null,null,"TWOGAUSSIANS",8,4.5239615,0.24078478,0.008537404,0.4,0.0026475808,0.34423974,0.020153575,0.742979,0.0045642965,0.4,0.0,0.28691593,0.012965035
375316653866487564,4317048620540415872,0.506818,2109.07846568365,3.016359441940839,1.6841273E-5,19.718464,0.02620283,0.23588519,0.003126946,0.07422772,0.0077417847,0.53194493,0.043024044,0.7353937,0.01238663,0.07573228,0.016135778,0.43602428,0.03411501,null,null,null,null,"TWOGAUSSIANS",8,3.3763397,0.23588519,0.003126946,0.4,0.0,0.52827793,0.044184636,0.7353937,0.01238663,0.4,0.007865933,0.43235728,0.035428908
375316653866487564,4317049307767009792,0.582748,2121.4035519142476,0.13569528462730618,8.652658E-5,12.383272,8.708496E-4,0.65260506,0.0018285539,0.06407405,0.005097665,0.30403644,0.03601734,null,null,null,null,null,null,null,null,null,null,"ONEGAUSSIAN",5,43.719006,0.65260506,0.0018285539,0.35881466,0.028546924,0.30403644,0.0,null,null,null,null,null,null
375316653866487564,4317049342127036160,0.5530626,2144.2964201801124,4.166024477515782,6.654881E-6,17.826614,0.011173728,0.23620582,0.0023988467,0.06885207,0.0065194876,0.60236025,0.060846236,0.74276406,0.0044837315,0.06978878,0.0041247495,0.62439513,0.028858539,null,null,null,null,"TWOGAUSSIANS",8,28.166985,0.74276406,0.0044837315,0.39081717,0.020885179,0.62284684,0.028812438,0.23620582,0.0023988467,0.38557157,0.028175838,0.60081196,0.061838932
375316653866487564,4317049685724130048,0.5467216,2172.3230342913607,2.8045265523748153,2.2593309E-5,17.529217,0.01168603,0.2464798,0.008869121,0.08326908,0.011180728,0.34349656,0.019331548,0.7460028,0.0056925644,0.08516154,0.0054037715,0.32101488,0.029034924,null,null,null,null,"TWOGAUSSIANS",8,16.310684,0.2464798,0.008869121,0.4,0.0,0.33546534,0.019814728,0.7460028,0.0056925644,0.4,0.0,0.31298366,0.028377106
375316653866487564,4317050407278855808,0.5962818,2132.6133178801797,3.391538653414421,8.131832E-6,17.31008,0.027105032,0.2724198,0.0036209468,0.0500919,0.007608533,0.25231546,0.062412623,0.7809528,0.0018864305,0.04792749,0.0061556273,0.38348043,0.05314414,0.10943656,0.03524788,0.7809528,0.0018864305,"TWOGAUSSIANS_WITH_ELLIPSOIDAL_ON_ECLIPSE2",9,14.7232275,0.7809528,0.0018864305,0.26839393,0.03447151,0.6023511,0.029403705,0.2736698,0.0030213525,0.28051466,0.042607784,0.4706496,0.020461457
375316653866487564,4317050407278866048,0.5879575,2142.0924992804926,2.4335808786576756,3.4542597E-6,17.140865,0.014010378,0.2459284,0.0026507387,0.109301575,0.0084601445,0.24885671,0.011518896,0.7525158,0.0013273902,0.09910766,0.005803834,0.24673085,0.011857123,null,null,null,null,"TWOGAUSSIANS",8,3.8394887,0.2459284,0.0026507387,0.4,0.0,0.22305965,0.010968379,0.7525258,0.0013302366,0.4,0.0,0.22094698,0.0050686053
375316653866487564,4317050510325707648,0.5326314,2131.718298683377,1.8380882982163032,9.7319986E-5,19.692,0.0050571845,0.2539044,0.01758146,0.06675921,0.024726579,0.066904604,0.06918875,0.8370428,0.0034824274,0.016658165,0.002152307,0.46868178,0.087641895,null,null,null,null,"TWOGAUSSIANS",8,0.7166405,0.8370428,0.0034824274,0.09328572,0.012052919,0.46868178,0.087641895,0.2539044,0.01758146,0.37385154,0.1160656,0.066904604,0.06918875
375316653866487564,4317050677810839552,0.57770514,2166.8182548551968,2.2971887221850684,5.5925275E-6,18.86159,0.00627343,0.25371101,0.0014857271,0.08098919,0.003561349,0.35669398,0.010404249,0.7517817,0.0021763348,0.08098751,0.0028153686,0.37350065,0.00759166,null,null,null,null,"TWOGAUSSIANS",8,0.893796,0.7517817,0.0021763348,0.4,0.0,0.36749965,0.0069863633,0.25371101,0.0014857271,0.4,0.0,0.350693,0.010990114
375316653866487564,4317051369319950208,0.5312508,2174.840177315115,3.257773865836711,1.6185755E-5,19.566648,0.0126067735,0.20497449,0.013567686,0.059288718,0.0077556656,0.3578571,0.06284143,0.6979728,0.011032937,0.08274228,0.009620886,0.5648378,0.04959664,null,null,null,null,"TWOGAUSSIANS",8,2.747277,0.6979728,0.011032937,0.4,0.0,0.5632628,0.04963439,0.20497449,0.013567686,0.33201683,0.043431725,0.35628211,0.06268279
375316653866487564,4317051674254024704,0.5483762,2108.2785446493926,2.8428776966740243,1.0605518E-5,19.314198,0.0141477045,0.26547533,0.003374836,0.08337215,0.0061612087,0.43139106,0.03494799,0.76587576,0.0045957183,0.08917613,0.0053479765,0.37936693,0.01855161,null,null,null,null,"TWOGAUSSIANS",8,1.9023199,0.26547533,0.003374836,0.4,0.0,0.41936168,0.03691201,0.76587576,0.0045957183,0.4,0.0,0.36733747,0.015332134
375316653866487564,4317051678589180032,0.55077773,2108.0788778849196,1.0093009018807237,3.717583E-5,16.959957,0.0063987123,0.22893026,0.0041305013,0.038838096,0.006649305,0.27342492,0.07120754,0.7459362,0.008576165,0.04179139,0.005701586,0.44360164,0.06508706,0.042676397,0.011831431,0.7459362,0.008576165,"TWOGAUSSIANS_WITH_ELLIPSOIDAL_ON_ECLIPSE2",9,29.44129,0.7459362,0.008576165,0.2340318,0.031928882,0.5289544,0.065556586,0.22954026,0.0040014433,0.21749334,0.03723611,0.3578413,0.07549666
375316653866487564,4317052090909662848,0.459022,2128.272121156283,3.3380755385123932,4.0211893E-5,19.451796,0.011438613,0.23735541,0.008883545,0.057717875,0.014146123,0.27257454,0.06218348,0.7261312,0.009779265,0.0705636,0.007854777,0.20560618,0.03492822,null,null,null,null,"TWOGAUSSIANS",8,2.940668,0.23735541,0.008883545,0.3232201,0.07921829,0.27240953,0.06261335,0.7261312,0.009779265,0.39515615,0.037731178,0.20544116,0.03488292
375316653866487564,4317052228314609664,0.55372155,2174.4072066693534,2.7712456591402628,1.3727333E-5,19.862762,0.0119951,0.25889266,0.004676294,0.033710454,0.012806815,0.33208343,2.2409494,0.7680476,0.00551178,0.038587783,0.004042929,0.48116514,0.040222667,0.14057949,0.019201968,0.25889266,0.004676294,"TWOGAUSSIANS_WITH_ELLIPSOIDAL_ON_ECLIPSE1",9,1.7890923,0.7680476,0.00551178,0.21609159,0.022640403,0.76139474,0.029192064,0.25889266,0.004676294,0.18877855,0.071718164,0.61324227,2.2508173
375316653866487564,4317052228317663872,0.61928856,2174.122533849081,0.3202940825955514,2.2158529E-5,16.77545,0.0036947303,0.24546948,0.0061200676,0.023832537,0.010723195,0.097518094,1.9909413,0.7295745,0.0029366745,0.03087763,0.0026966322,0.50779474,0.024260178,0.027347583,0.0047607915,0.24546948,0.0061200676,"TWOGAUSSIANS_WITH_ELLIPSOIDAL_ON_ECLIPSE1",9,10.442823,0.7297045,0.0029076228,0.17291473,0.01510114,0.5619505,0.023858683,0.24546948,0.0061200676,0.1334622,0.060049895,0.15221326,1.9907962
375316653866487564,4317052537585691648,0.54968244,2136.2321029273317,0.018668408168162894,2.5044783E-6,18.182953,0.0019121802,0.22044706,5.475556E-4,0.014823943,0.0028347345,0.16303195,0.006201026,0.688268,0.011841848,0.017995045,0.014443785,0.04769299,0.019390866,null,null,null,null,"TWOGAUSSIANS",8,1.3157489,0.22044706,5.475556E-4,0.083014086,0.015874514,0.16303195,0.006201026,0.688268,0.011841848,0.100772254,0.080885194,0.04769299,0.019390866
375316653866487564,4317053018622073216,0.6146526,2132.560693163063,2.996131215019503,6.437044E-6,17.229986,0.00492543,0.24031793,5.729296E-4,0.06540427,7.686572E-4,0.7011312,0.0061926255,0.73781633,0.0024633438,0.06544011,0.0027936825,0.5363553,0.015885564,null,null,null,null,"TWOGAUSSIANS",8,12.157727,0.24031793,5.729296E-4,0.36626393,0.0043044803,0.7003626,0.006071551,0.73781633,0.0024633438,0.3664646,0.015644623,0.5355867,0.015958386
375316653866487564,4317053048633812992,0.61522764,2129.112638661181,1.3985896864003,7.1798518E-6,18.000118,0.0057881996,0.24186127,0.0038711554,0.045746267,0.0035006257,0.19693254,0.0069487533,0.73401535,0.0021767719,0.03327206,0.0080746105,1.2826834,0.44841307,null,null,null,null,"TWOGAUSSIANS",8,7.588715,0.73401535,0.0021767719,0.18632354,0.04521782,1.2826834,0.44841313,0.24186127,0.0038711554,0.2561791,0.019603504,0.19693254,0.0069487304
375316653866487564,4317053224780536832,0.6252733,2162.9977813817914,2.1268693507816274,2.999202E-6,16.165197,0.0024105592,0.2673698,0.001421309,0.036076352,0.0066661863,0.0419792,0.009755162,0.7712414,0.015387426,0.054854915,0.009258622,0.039901618,0.0063366583,0.095587336,0.0027892159,0.2673698,0.001421309,"TWOGAUSSIANS_WITH_ELLIPSOIDAL_ON_ECLIPSE1",9,5.1204143,0.2673698,0.001421309,0.20202757,0.037330642,0.2331528,0.010151592,0.7712414,0.012613776,0.30718753,0.051848285,0.23096213,0.004227464
375316653866487564,4317053254792089856,0.45647478,2138.042537028324,0.6081366477099568,2.3952605E-4,17.93906,0.0030727622,0.12620531,0.021129448,0.045223854,0.031047156,0.034026235,0.004433681,0.47778842,0.015464381,0.12862048,0.017459432,0.0624271,0.0047154934,null,null,null,null,"TWOGAUSSIANS",8,2.6251853,0.47778842,0.015464381,0.4,0.0,0.06232236,0.0046336623,0.12817532,0.025443174,0.25325358,0.156745,0.035441734,0.0044757365
375316653866487564,4317053293469566976,0.56886744,2139.9345427512367,3.6445425659999713,7.797066E-6,19.369759,0.010307928,0.19168729,0.002429111,0.07864416,0.0032268807,0.58635706,0.022075966,0.68716186,0.0020610094,0.06739418,0.0027225579,0.5579128,0.015464407,null,null,null,null,"TWOGAUSSIANS",8,2.0625834,0.19168729,0.002429111,0.4,0.0,0.58343154,0.02204021,0.68716186,0.0020610094,0.3774074,0.015246324,0.5549873,0.01525052
375316653866487564,4317053534018292992,0.57591236,2167.5124260208318,2.080122516044032,8.554216E-6,17.745077,0.004307906,0.123424165,0.0023356306,0.0377985,0.0052925698,0.07422614,0.010160885,0.62473613,0.008776621,0.042782374,0.0110495575,0.10211453,0.01624538,0.08492961,0.005387494,0.123424165,0.0023356306,"TWOGAUSSIANS_WITH_ELLIPSOIDAL_ON_ECLIPSE1",9,4.1962266,0.62473613,0.008530816,0.23958129,0.061877523,0.27196217,0.014998254,0.123424165,0.0023356306,0.2116716,0.029638391,0.24408533,0.0058204927
375316653866487564,4317053735828564224,0.553082,2117.9958278343347,2.9182250430134156,7.803391E-6,17.875883,0.02542357,0.20598677,0.0032106328,0.05480453,0.008092339,0.21173376,0.0609474,0.7118656,0.008960751,0.067146905,0.012749175,0.18887877,0.058109835,0.10939543,0.030398736,0.20598677,0.0032106328,"TWOGAUSSIANS_WITH_ELLIPSOIDAL_ON_ECLIPSE1",9,10.914548,0.20598677,0.0032106328,0.30690536,0.0453171,0.43038672,0.023047151,0.7118656,0.008960751,0.37602267,0.06428239,0.40723336,0.02750491
375316653866487564,4317053770193412224,0.48265034,2131.820781515565,3.1096247651199858,1.5895548E-5,19.492826,0.010477445,0.2621738,0.008584099,0.057614665,0.013529556,0.33175132,0.081827275,0.76072955,0.011149711,0.060285866,0.01180619,0.35994506,0.05090374,null,null,null,null,"TWOGAUSSIANS",8,3.4676597,0.76072955,0.011149711,0.33760086,0.066114664,0.3598634,0.050949786,0.2621738,0.008584099,0.32264212,0.07576551,0.33166966,0.08190617
375316653866487564,4317053808863489408,0.5327154,2146.700644872476,3.3067388376620284,8.373971E-6,19.28515,0.0102339415,0.20319255,0.0047276192,0.08312029,0.0050539207,0.36512694,0.019790685,0.70790625,0.0044545215,0.07946774,0.005217167,0.44164544,0.03684203,null,null,null,null,"TWOGAUSSIANS",8,2.1711001,0.70790625,0.0044545215,0.4,0.0,0.43517515,0.037815545,0.20319255,0.0047276192,0.4,0.0,0.35865664,0.01960297
375316653866487564,4317053843255876736,0.5472731,2129.18067805212,1.0433722324108377,1.2630013E-5,15.2378,0.011909122,0.2816111,0.0026919502,0.09656806,0.008239033,0.25048444,0.010617469,0.7588106,0.003778056,0.08903218,0.007024353,0.25819105,0.010343642,null,null,null,null,"TWOGAUSSIANS",8,49.542686,0.7588106,0.003778056,0.4,0.0,0.24858183,0.008391503,0.2816111,0.0026919502,0.4,0.0,0.24087402,0.010784657
375316653866487564,4317054186853319552,0.4773351,2133.65357004986,2.8424855235053648,2.5238101E-5,18.698656,0.0069327564,null,null,null,null,null,null,null,null,null,null,null,null,0.12149549,0.010301756,0.23444179,0.006450007,"ELLIPSOIDAL",4,10.03161,null,null,null,null,null,null,null,null,null,null,null,null
375316653866487564,4317054530417338240,0.5288914,2118.611953232756,0.7541127758029309,1.0717027E-5,19.138327,0.003800259,0.23975004,0.012069258,0.017265672,0.011933902,0.036729507,0.6715353,0.7172131,1.5447244E-4,0.012138586,2.810787E-4,0.293903,0.0068998975,0.032505874,0.004437043,0.23975004,0.012069258,"TWOGAUSSIANS_WITH_ELLIPSOIDAL_ON_ECLIPSE1",9,1.4442666,0.7172731,1.4667163E-4,0.06797608,0.0015740407,0.35762295,0.004011312,0.23975004,0.012069258,0.096687764,0.06682985,0.101741105,0.6720574
375316653866487564,4317054874047907840,0.5854632,2146.1475005233733,1.4119567621737144,8.521086E-6,17.96071,0.0026796479,0.25195923,0.013198563,0.049199965,0.0068111573,0.089621976,0.017489549,0.75357616,0.0019243429,0.047078207,0.0022675248,0.36650953,0.013262016,null,null,null,null,"TWOGAUSSIANS",8,3.611539,0.75357616,0.0019243429,0.26363796,0.012698139,0.36650908,0.013262192,0.25195923,0.013198563,0.27551982,0.03814248,0.08962153,0.017489558
375316653866487564,4317054942767410048,0.5852655,2128.744713973647,1.202025093232138,6.987556E-6,17.642141,0.007972936,0.24753165,0.0042121345,0.102015406,0.0070361462,0.18664023,0.0074793566,0.7373909,0.0019293141,0.091232866,0.0036328905,0.32451186,0.008349496,null,null,null,null,"TWOGAUSSIANS",8,2.7141185,0.7373909,0.0019293141,0.4,0.0,0.30980542,0.006937604,0.24753165,0.0042121345,0.4,0.0,0.17193152,0.0045503476
375316653866487564,4317055183252825088,0.5819135,2162.843021692913,0.02126752630287506,1.073229E-6,18.451876,0.0030717042,0.43106762,4.5761103E-6,5.0482806E-4,7.860342E-6,1.4968989,0.042076956,null,null,null,null,null,null,null,null,null,null,"ONEGAUSSIAN",5,3.2406454,0.43106762,4.5761103E-6,0.002827037,4.4017914E-5,1.4968989,0.0,null,null,null,null,null,null
375316653866487564,4317055423803826432,0.5960325,2126.5063430718724,3.0175717191140716,4.3158734E-6,16.667604,0.019716803,0.2900311,0.0022996338,0.060307212,0.008178978,0.25961766,0.045781296,0.7916707,0.0022445528,0.05400517,0.006932032,0.2464434,0.04339852,0.104205064,0.02766271,0.2900311,0.0022996338,"TWOGAUSSIANS_WITH_ELLIPSOIDAL_ON_ECLIPSE1",9,17.108358,0.2900311,0.0022996338,0.3377204,0.04580228,0.4679742,0.026425455,0.7916707,0.00223057,0.30242896,0.03881938,0.4547778,0.014315544
375316653866487564,4317056282765110400,0.540683,2086.651249856566,2.7637936950206443,1.6052018E-5,19.587934,0.021758245,0.19523932,0.0060453555,0.07159459,0.008277743,0.56777835,0.05501937,0.6940731,0.0028632255,0.067003764,0.00373522,0.5375501,0.027530007,null,null,null,null,"TWOGAUSSIANS",8,2.989303,0.19523932,0.0060453555,0.4,0.030834904,0.5661774,0.055418044,0.6940731,0.0028632255,0.37522107,0.020917233,0.53594923,0.026524909
375316653866487564,4317056454596116096,0.5210472,2119.3829369993923,2.394880098752204,2.128259E-5,17.715311,0.040187553,0.25746977,0.014159564,0.13233118,0.06873896,0.07942662,0.037341923,0.76206005,0.0034692842,0.07937203,0.010902011,0.14912315,0.031746402,null,null,null,null,"TWOGAUSSIANS",8,2.907938,0.7620801,0.0034151755,0.4,0.0,0.13821,0.0063821734,0.25746977,0.014159564,0.4,0.0,0.0683863,0.006086489
