Gaia/vari_eclipsing_binary/VariEclipsingBinary_530461-531931.csv
# %ECSV 1.0
# ---
# delimiter: ','
# meta: !!omap
# - RELEASE: Gaia DR3
# - TABLE: vari_eclipsing_binary
# - DESCRIPTION: >
#     This table describes the properties of the eclipsing binaries resulting from the variability analysis. 
# - CITATION: >
#     How to cite and acknowledge Gaia: 
#     https://gea.esac.esa.int/archive/documentation/credits.html 
# - KNOWN_ISSUES: >
#     Known issues: 
#     https://www.cosmos.esa.int/web/gaia-users/known-issues 
# - DOCUMENTATION: >
#     Tutorials and documentation: 
#     https://www.cosmos.esa.int/web/gaia-users/archive 
# datatype:
# - 
#   name: solution_id
#   datatype: int64
#   description: Solution Identifier
#   meta:
#     ucd: meta.version
# - 
#   name: source_id
#   datatype: int64
#   description: Unique source identifier
#   meta:
#     ucd: meta.id;meta.main
# - 
#   name: global_ranking
#   datatype: float32
#   description: Number between 0 (worst) and 1 (best)
#   meta:
#     ucd: stat.param
# - 
#   name: reference_time
#   datatype: float64
#   unit: d
#   description: Reference time used for the geometric model fit
#   meta:
#     ucd: time.epoch
# - 
#   name: frequency
#   datatype: float64
#   unit: d**-1
#   description: Frequency of geometric model of the eclipsing binary light curve
#   meta:
#     ucd: src.orbital
# - 
#   name: frequency_error
#   datatype: float32
#   unit: d**-1
#   description: "Uncertainty of \\texttt{frequency}"
#   meta:
#     ucd: stat.error
# - 
#   name: geom_model_reference_level
#   datatype: float32
#   unit: mag
#   description: Magnitude reference level of geometric model
#   meta:
#     ucd: phot.mag;em.opt
# - 
#   name: geom_model_reference_level_error
#   datatype: float32
#   unit: mag
#   description: "Uncertainty of \\texttt{geomModelReferenceLevel}"
#   meta:
#     ucd: stat.error;phot.mag;em.opt
# - 
#   name: geom_model_gaussian1_phase
#   datatype: float32
#   description: Phase of the Gaussian 1 component
#   meta:
#     ucd: time.phase
# - 
#   name: geom_model_gaussian1_phase_error
#   datatype: float32
#   description: "Uncertainty of \\texttt{geomModelGaussian1Phase}"
#   meta:
#     ucd: stat.error;time.phase
# - 
#   name: geom_model_gaussian1_sigma
#   datatype: float32
#   description: "Standard deviation [phase] of Gaussian 1 component"
#   meta:
#     ucd: stat.stdev
# - 
#   name: geom_model_gaussian1_sigma_error
#   datatype: float32
#   description: "Uncertainty of \\texttt{geomModelGaussian1Sigma}"
#   meta:
#     ucd: stat.error
# - 
#   name: geom_model_gaussian1_depth
#   datatype: float32
#   unit: mag
#   description: Magnitude depth of Gaussian 1 component
#   meta:
#     ucd: src.var.amplitude
# - 
#   name: geom_model_gaussian1_depth_error
#   datatype: float32
#   unit: mag
#   description: "Uncertainty of \\texttt{geomModelGaussian1Depth}"
#   meta:
#     ucd: stat.error;src.var.amplitude
# - 
#   name: geom_model_gaussian2_phase
#   datatype: float32
#   description: Phase of Gaussian 2 component
#   meta:
#     ucd: time.phase
# - 
#   name: geom_model_gaussian2_phase_error
#   datatype: float32
#   description: "Uncertainty of \\texttt{geomModelGaussian2Phase}"
#   meta:
#     ucd: stat.error;time.phase
# - 
#   name: geom_model_gaussian2_sigma
#   datatype: float32
[...]
#   datatype: float32
#   description: "Secondary eclipse: uncertainty of \\texttt{derivedSecondaryEclDuration}"
#   meta:
#     ucd: stat.error;time.duration
# - 
#   name: derived_secondary_ecl_depth
#   datatype: float32
#   unit: mag
#   description: "Secondary eclipse: depth"
#   meta:
#     ucd: src.var.amplitude
# - 
#   name: derived_secondary_ecl_depth_error
#   datatype: float32
#   unit: mag
#   description: "Secondary eclipse: uncertainty of \\texttt{derivedSecondaryEclDepth}"
#   meta:
#     ucd: stat.error;src.var.amplitude
solution_id,source_id,global_ranking,reference_time,frequency,frequency_error,geom_model_reference_level,geom_model_reference_level_error,geom_model_gaussian1_phase,geom_model_gaussian1_phase_error,geom_model_gaussian1_sigma,geom_model_gaussian1_sigma_error,geom_model_gaussian1_depth,geom_model_gaussian1_depth_error,geom_model_gaussian2_phase,geom_model_gaussian2_phase_error,geom_model_gaussian2_sigma,geom_model_gaussian2_sigma_error,geom_model_gaussian2_depth,geom_model_gaussian2_depth_error,geom_model_cosine_half_period_amplitude,geom_model_cosine_half_period_amplitude_error,geom_model_cosine_half_period_phase,geom_model_cosine_half_period_phase_error,model_type,num_model_parameters,reduced_chi2,derived_primary_ecl_phase,derived_primary_ecl_phase_error,derived_primary_ecl_duration,derived_primary_ecl_duration_error,derived_primary_ecl_depth,derived_primary_ecl_depth_error,derived_secondary_ecl_phase,derived_secondary_ecl_phase_error,derived_secondary_ecl_duration,derived_secondary_ecl_duration_error,derived_secondary_ecl_depth,derived_secondary_ecl_depth_error
[from data line 73]
375316653866487564,4668764179583477760,0.6049747,1960.0530301084764,3.0987753146713812,4.165402E-6,16.511728,0.0035230487,0.2354295,0.0013377361,0.04509933,0.003974346,0.08158607,0.007856595,0.73292637,0.006421614,0.06975364,0.010613059,0.091052994,0.012078292,0.077655494,0.0047139144,0.2354295,0.0013377361,"TWOGAUSSIANS_WITH_ELLIPSOIDAL_ON_ECLIPSE1",9,6.6917615,0.73391634,0.0040646954,0.39062035,0.05439913,0.2462126,0.006855292,0.2354295,0.0013377361,0.25255623,0.022256337,0.23676889,0.0032453667
375316653866487564,4668876157970252416,0.45649183,1950.4173113295094,2.0216037067325328,7.167881E-5,12.201988,0.045370407,0.3622844,0.020627998,0.17247957,0.06088509,0.12945558,0.04419268,0.8118212,0.014840798,0.04872888,0.011819947,0.3153058,0.05344915,null,null,null,null,"TWOGAUSSIANS",8,2869.1892,0.8118212,0.014840798,0.27288175,0.066191696,0.30881837,0.04697158,0.3622844,0.020627998,0.4,0.0,0.11783743,0.01670583
375316653866487564,4668900961404745984,0.49984512,2049.648260029891,0.09928105917713985,6.0983552E-6,17.269735,0.0077173156,0.096934624,9.18316E-6,0.0014179884,3.417492E-5,2.03583,0.10658802,0.5917068,0.009513826,0.04753197,0.01256988,0.08017512,0.016374836,null,null,null,null,"TWOGAUSSIANS",8,59.93482,0.096934624,9.18316E-6,0.007940735,1.9137954E-4,2.03583,0.10658802,0.5917068,0.009513826,0.26617905,0.07039133,0.08017512,0.016374836
375316653866487564,4668920859989738240,0.6077153,1954.6998708259364,2.5867779380588467,3.2133116E-6,12.853243,0.024787666,0.25411582,9.484605E-4,0.06885949,0.0039243535,0.38372812,0.054366395,0.7535592,0.0016215717,0.065904886,0.006112508,0.2857836,0.053686902,0.03668381,0.030437326,0.25411582,9.484605E-4,"TWOGAUSSIANS_WITH_ELLIPSOIDAL_ON_ECLIPSE1",9,218.73558,0.25411582,9.484605E-4,0.38561314,0.02197638,0.4563771,0.008940599,0.7536092,0.001475274,0.36906737,0.034230046,0.35843173,0.009170447
375316653866487564,4668978343832329344,0.52007455,1912.2466692889805,0.228740621600884,5.0510473E-5,18.103745,0.0041709244,0.12594712,0.00727999,0.01730232,0.020703685,0.74787295,0.6955221,0.6424589,4.932087E-4,0.004437142,7.470658E-4,0.32490978,0.029977199,null,null,null,null,"TWOGAUSSIANS",8,9.194861,0.12594712,0.00727999,0.09689299,0.11594063,0.74787295,0.6955221,0.6424589,4.932087E-4,0.024847995,0.0041835685,0.32490978,0.029977199
375316653866487564,4669039190632703744,0.44882622,1958.9174492206225,1.5032857473048553,1.7836659E-5,18.167473,0.3816556,0.293699,0.009224153,0.18688051,0.055546977,0.4848913,0.34136322,0.7883772,0.0046939924,0.18880697,0.04433606,0.48350734,0.34025306,null,null,null,null,"TWOGAUSSIANS",8,4.533287,0.296599,0.008045481,0.4,0.0,0.12175742,0.008214451,0.7883772,0.0046939924,0.4,0.0,0.11837797,0.006966611
375316653866487564,4669046616632513920,0.5506256,1982.2934658323281,3.8217133692898995,8.539176E-6,15.085682,0.025344567,0.2687971,0.0025283375,0.10003424,0.010233419,0.3252627,0.020204453,0.74699366,0.0060358383,0.09999938,0.013488515,0.3000831,0.021650644,null,null,null,null,"TWOGAUSSIANS",8,132.78496,0.2687971,0.002532358,0.4,0.0,0.3044649,0.009250946,0.74699366,0.0060358383,0.4,0.0,0.27928564,0.015207908
375316653866487564,4669098224958405248,0.41971987,2052.1101324682068,3.9699464384237637,7.153394E-5,17.656464,0.002842464,0.19489126,0.0020064246,0.015674641,0.008512277,0.17522436,2.0631547,0.54337555,0.03747115,0.033619393,0.012469029,0.21130233,0.073230065,null,null,null,null,"TWOGAUSSIANS",8,4.400026,0.54337555,0.03747115,0.1882686,0.069826566,0.21130233,0.073230065,0.19489126,0.0020064246,0.087777995,0.04766875,0.17522436,2.0631547
375316653866487564,4669127426440585984,0.6069785,2260.47003039494,1.6176086610747036,1.1129213E-5,14.539405,0.01188682,0.27191383,0.002473913,0.081453726,0.0047786976,0.27170017,0.011510622,0.7953502,0.0038015996,0.085982636,0.008879144,0.15031956,0.010500359,null,null,null,null,"TWOGAUSSIANS",8,47.44167,0.27191383,0.002473913,0.4,0.0,0.26869255,0.008982169,0.7953502,0.0038015996,0.4,0.0,0.14731193,0.008287965
375316653866487564,4669131072868657280,0.46268937,2237.1071959313213,1.5826590172025299,4.1205036E-5,17.018694,0.112749025,0.27200487,0.055520087,0.023059653,0.023322219,3.5331547,84.16895,0.5111946,0.09845716,0.24954163,0.30869895,0.056268938,0.1049241,null,null,null,null,"TWOGAUSSIANS",8,32.689404,0.2720249,0.055518154,0.12913406,0.13060443,3.5541205,84.16577,0.5111946,0.09845716,0.4,0.0,0.041186832,0.018869687
375316653866487564,4669171273762448896,0.6271551,2247.47886965523,2.4583621393865602,7.4200893E-6,13.912759,0.017729787,0.20498416,0.0012138541,0.047247123,0.0061655534,0.19268781,0.038464997,0.6965943,0.007052638,0.055141103,0.013647596,0.22552581,0.03474542,0.10525096,0.021975845,0.20498416,0.0012138541,"TWOGAUSSIANS_WITH_ELLIPSOIDAL_ON_ECLIPSE1",9,189.97585,0.6981243,0.005589172,0.30879018,0.076426536,0.4355461,0.023233272,0.20498416,0.0012138541,0.2645839,0.0345271,0.40318573,0.0087063685
375316653866487564,4669193367074172032,0.50084597,2193.438637459288,2.7675453067452094,1.7008442E-5,14.205905,0.029169027,0.28220427,0.007999326,0.11158978,0.023436854,0.12736335,0.02906944,0.7743283,0.0045703873,0.11048132,0.015880533,0.14811458,0.02743265,null,null,null,null,"TWOGAUSSIANS",8,118.43522,0.7743283,0.0045703873,0.4,0.0,0.128054,0.009118347,0.28221425,0.007999123,0.4,0.0,0.10730222,0.00814102
375316653866487564,4669251194513425792,0.46426007,2218.610265374413,3.160966635697159,2.7942318E-5,19.463167,0.030252934,0.22376186,0.011870801,0.08866536,0.03085063,0.18798871,0.023124257,0.6951064,0.012438542,0.085578844,0.016129237,0.19726565,0.03697937,null,null,null,null,"TWOGAUSSIANS",8,2.273153,0.6951064,0.012438542,0.4,0.0,0.1934069,0.030250806,0.22376186,0.011870801,0.4,0.0,0.18412988,0.018948292
375316653866487564,4669255317682926080,0.5410337,2205.038002827574,2.9069622191843445,3.345871E-5,15.342462,0.02988438,0.2648115,0.007599342,0.117988594,0.015057453,0.34690657,0.024569707,0.8004489,0.0063668955,0.08939554,0.0080205705,0.39487275,0.030298607,null,null,null,null,"TWOGAUSSIANS",8,183.71631,0.80053884,0.0063763764,0.4,0.0,0.36925763,0.018440781,0.2648115,0.007599342,0.4,0.0,0.32112995,0.01639035
375316653866487564,4669279575658133888,0.67264307,2161.451178138848,0.7652541153076058,9.918117E-7,15.261509,0.00243087,0.2901417,0.0013319929,0.03099617,0.0016681202,0.82967407,0.08066512,0.7873668,0.011820874,0.031547826,0.023620982,0.12855874,5440272.0,0.018121846,0.004350241,0.7873668,0.011820874,"TWOGAUSSIANS_WITH_ELLIPSOIDAL_ON_ECLIPSE2",9,13.509505,0.29013172,0.0013279292,0.17357855,0.009341473,0.8659068,0.08379061,0.7873668,0.011820874,0.17666784,0.13227749,0.16480239,5440272.0
375316653866487564,4669325892584057600,0.47518137,2131.753201507955,2.894248959708527,2.6189362E-5,19.93242,0.01049721,0.27668333,0.004295969,0.067726195,0.010734055,0.17847832,0.03123684,0.77216536,0.0030236032,0.035361808,0.0045803497,0.34089968,0.014954548,null,null,null,null,"TWOGAUSSIANS",8,1.7278599,0.77216536,0.0030236032,0.19802614,0.025649957,0.34089702,0.014953407,0.27668333,0.004295969,0.37926668,0.04990723,0.17847568,0.031243429
375316653866487564,4669393714412626944,0.4390423,2206.459568680551,0.45328848854845954,6.2372885E-5,18.548622,0.01688772,0.20822011,0.008650734,0.05675263,0.016424008,0.15672876,0.036069904,0.7035508,0.022298079,0.11354705,0.044375952,0.10357983,0.15430385,null,null,null,null,"TWOGAUSSIANS",8,6.5348787,0.20822011,0.008657755,0.31781474,0.091974445,0.15400328,0.03751123,0.7035508,0.022298079,0.4,0.0,0.100841396,0.15675682
375316653866487564,4669440306218174976,0.6597483,2114.840457480723,4.239039929125845,7.6245465E-6,17.738144,0.006422008,0.2183844,0.0017805757,0.047353905,0.0019151926,0.36693463,0.016525282,0.71934754,0.0016543443,0.05147751,0.0030424441,0.31319046,0.014621351,0.13560316,0.0093652,0.2183844,0.0017805757,"TWOGAUSSIANS_WITH_ELLIPSOIDAL_ON_ECLIPSE1",9,6.7952137,0.2183844,0.0017805757,0.26518187,0.010725078,0.63813835,0.013304559,0.71934754,0.0016315788,0.28827405,0.017037688,0.58438426,0.009635881
375316653866487564,4669477586534174720,0.50419325,2186.0277428051463,0.6894586016508171,6.7536996E-5,17.46909,0.0025619494,0.45926836,0.02384762,0.013258472,0.016312985,0.19902389,0.066895545,0.64208716,0.03582674,0.028419308,0.029186424,0.023025561,0.015396119,null,null,null,null,"TWOGAUSSIANS",8,6.017427,0.45926836,0.02384762,0.07424744,0.091352716,0.19902389,0.06689458,0.64208716,0.03582674,0.15914813,0.16344398,0.023025561,0.015396119
375316653866487564,4669479240097858304,0.503073,2171.727609650529,0.10552314097788326,7.601228E-5,16.929092,0.005554719,0.3495713,0.004856983,0.012644316,0.0036575883,0.42297247,0.27981564,0.77739257,0.0095346775,0.047287922,0.03156225,0.024553385,0.012393432,0.0218773,0.008110145,0.77739257,0.0095346775,"TWOGAUSSIANS_WITH_ELLIPSOIDAL_ON_ECLIPSE2",9,16.811878,0.3494913,0.0048809047,0.07080817,0.020482494,0.458337,0.27995673,0.77739257,0.0095346775,0.26481238,0.17674859,0.068307936,0.010000446
375316653866487564,4669486867959733248,0.48909482,2190.3174979432088,3.118420820875949,2.3159611E-5,15.15954,0.0048641968,0.80760396,0.008665808,0.0077357334,0.007799001,0.057478655,0.07620282,null,null,null,null,null,null,0.076701574,0.006194774,0.80760396,0.008665808,"ONEGAUSSIAN_WITH_ELLIPSOIDAL",6,93.03092,0.80760396,0.008665808,0.043320104,0.043674406,0.21088178,0.07872684,null,null,null,null,null,null
375316653866487564,4669530534891021312,0.59431505,2138.436115182559,4.313733892001106,5.485913E-6,17.736553,0.019497925,0.20004451,0.0015553142,0.05673138,0.008229837,0.21957716,0.043952037,0.7051001,0.0025131481,0.06623737,0.004691851,0.3062083,0.04691346,0.0750035,0.027638923,0.20004451,0.0015553142,"TWOGAUSSIANS_WITH_ELLIPSOIDAL_ON_ECLIPSE1",9,5.093538,0.7051001,0.0025131481,0.37092924,0.026274366,0.4558696,0.012738067,0.20004451,0.0015553142,0.31769574,0.046087086,0.36938974,0.022745514
375316653866487564,4669545623112571776,0.61750835,2026.495308586761,3.7513779179505926,2.930991E-6,15.429125,0.0065556527,0.17106648,0.0016714699,0.047256198,0.002083607,0.42417777,0.02079803,0.6683015,0.0012664489,0.049150113,0.0034577781,0.25771347,0.013386686,0.10939657,0.00905906,0.6683015,0.0012664489,"TWOGAUSSIANS_WITH_ELLIPSOIDAL_ON_ECLIPSE2",9,52.437435,0.17083648,0.0015152692,0.26463473,0.011668199,0.64290917,0.017507417,0.6683015,0.0012664489,0.27524063,0.019363558,0.4765054,0.0129373325
375316653866487564,4669585755287055616,0.5620171,1982.9494676753905,0.7814291935972194,2.3528568E-5,16.15838,0.001599723,0.2403288,3.6517344E-4,0.011595683,2.6123322E-4,0.5775095,0.0030958601,null,null,null,null,null,null,null,null,null,null,"ONEGAUSSIAN",5,15.182676,0.2403288,3.6517344E-4,0.064935826,0.0014629061,0.5775095,0.0,null,null,null,null,null,null
375316653866487564,4669710893452679040,0.502474,2006.0304842195262,2.0754898022045247,2.2254082E-5,17.877508,0.0045333994,0.1996155,0.0055947537,0.043048177,0.0066325185,0.13635498,0.010151009,0.68694615,0.005013689,0.04885482,0.003489289,0.59700114,0.08081455,null,null,null,null,"TWOGAUSSIANS",8,13.01596,0.68694615,0.005013689,0.273587,0.019540017,0.5970011,0.08081461,0.1996155,0.0055947537,0.2410698,0.0371421,0.13635488,0.010151022
375316653866487564,4669741473619595264,0.48053423,1991.274131374077,1.7044748440715896,2.6836125E-5,19.118767,0.007031592,0.22326161,0.0019002459,0.012907341,0.0035342113,0.36032543,0.038410172,0.7077835,0.011281658,0.019863581,0.015824273,0.27897513,18544.06,0.033553854,0.010023259,0.22326161,0.0019002459,"TWOGAUSSIANS_WITH_ELLIPSOIDAL_ON_ECLIPSE1",9,6.231596,0.22326161,0.0019002459,0.07228111,0.019791583,0.427433,0.037740875,0.70789355,0.011361303,0.11123606,0.08861593,0.34545466,18544.06
375316653866487564,4669745012674271872,0.63962793,1958.216062716191,4.305632132645482,2.787626E-6,17.239687,0.0034579637,0.268,8.8035886E-4,0.037023894,0.0014842784,0.42560327,0.01881925,0.77208745,9.13748E-4,0.038702834,0.0015992194,0.3004219,0.011420956,0.11913856,0.005927925,0.77208745,9.13748E-4,"TWOGAUSSIANS_WITH_ELLIPSOIDAL_ON_ECLIPSE2",9,6.093984,0.26823,8.243418E-4,0.2073338,0.008311959,0.66373223,0.01660377,0.77208745,9.13748E-4,0.21673587,0.008955629,0.538699,0.009612401
375316653866487564,4669776280036326272,0.63672423,1989.915733339136,3.3924508265507107,3.3601298E-6,11.808778,0.0036922488,0.26283067,0.0021261792,0.08473367,0.0029390624,0.27556935,0.0067374604,0.7606185,0.0017565239,0.08270166,0.0022932054,0.37052765,0.003873086,null,null,null,null,"TWOGAUSSIANS",8,127.37434,0.7606185,0.0017565239,0.4,0.0,0.36344045,0.002818182,0.26283067,0.0021261792,0.4,0.0,0.26848212,0.0068315635
375316653866487564,4669795349691169408,0.57547057,1986.3184270074673,0.6985879353524256,7.676508E-6,14.615345,0.0035396174,0.24927145,0.004294018,0.028715776,0.0042865626,0.14777061,0.026640693,0.7438267,3.5026862E-4,0.026787737,9.025484E-4,0.93053734,0.099859364,0.029884119,0.0053931316,0.24927145,0.004294018,"TWOGAUSSIANS_WITH_ELLIPSOIDAL_ON_ECLIPSE1",9,58.882103,0.7438467,3.4595476E-4,0.15001133,0.005054271,0.9902358,0.10039406,0.24927145,0.004294018,0.16080834,0.02400475,0.20753872,0.023684526
375316653866487564,4669869631148826240,0.58174187,2025.2974487495158,1.3584593304526842,4.7284025E-6,18.530993,0.002432591,0.20658277,0.033638023,0.008027539,0.009803346,0.032496285,4.6706996E7,0.74439925,0.0011574103,0.020760803,0.0010266233,0.59315646,0.025509449,null,null,null,null,"TWOGAUSSIANS",8,2.6336915,0.74439925,0.0011574103,0.11626049,0.0057490906,0.59315646,0.025509449,0.20658277,0.033638023,0.044954214,0.05489874,0.032496285,4.6706996E7
375316653866487564,4669899116100862080,0.53328353,2019.8696528423627,2.102527302360623,2.8615837E-6,13.699256,0.0064122095,0.16107176,9.1036543E-4,0.034700327,0.0019892685,0.6311126,0.05277298,0.66019624,0.0011110454,0.038420666,0.0019923635,0.47017258,0.016579196,0.024599003,0.009861265,0.16107176,9.1036543E-4,"TWOGAUSSIANS_WITH_ELLIPSOIDAL_ON_ECLIPSE1",9,696.40356,0.16107176,9.1036543E-4,0.19432183,0.011139903,0.68031055,0.055961896,0.66020626,0.0010963753,0.21515572,0.011157235,0.51936907,0.016801223
375316653866487564,4669902105398138240,0.44128722,1989.7366843549187,0.8578188129364073,1.4522426E-5,19.488737,0.0045637703,null,null,null,null,null,null,null,null,null,null,null,null,0.08351244,0.006739222,0.24259478,0.005609163,"ELLIPSOIDAL",4,2.3966858,null,null,null,null,null,null,null,null,null,null,null,null
375316653866487564,4669926260294329344,0.46489325,1931.7709159349615,1.2144302074118807,9.993961E-7,16.346348,0.00609646,0.3738787,5.2013297E-6,0.00847903,1.2184969E-4,3.0442095,0.14090867,0.87768257,0.008792897,0.021817653,0.006637702,0.33885545,0.10156912,null,null,null,null,"TWOGAUSSIANS",8,9.284064,0.3738787,5.2013297E-6,0.04748257,6.823583E-4,3.0442095,0.14090867,0.87768257,0.008792897,0.12217885,0.037171133,0.33885545,0.10156912
375316653866487564,4669972950882131712,0.5112627,2005.6999152718658,2.4973552009264806,7.4027075E-6,17.522738,0.010260853,0.2345779,0.0063049654,0.0314126,0.00852941,0.2805049,0.044066276,0.74823165,0.008188376,0.035903446,0.007950958,0.20692647,0.042882442,0.054731324,0.015320117,0.74823165,0.008188376,"TWOGAUSSIANS_WITH_ELLIPSOIDAL_ON_ECLIPSE2",9,23.561373,0.2349779,0.006143422,0.17591058,0.047764696,0.38918722,0.057133645,0.74823165,0.008188376,0.2010593,0.044525366,0.31638888,0.035256494
375316653866487564,4670033527101069824,0.60491794,2002.0634519006398,0.9328859219987815,5.0708386E-6,18.1429,0.0033568083,0.21624869,0.004027707,0.041729935,0.0037615134,0.19195402,0.021463303,0.7132041,0.0010672485,0.029048335,0.0011865083,1.2291164,0.05340489,null,null,null,null,"TWOGAUSSIANS",8,7.026794,0.7132041,0.0010672485,0.16267067,0.006644447,1.2291164,0.05340489,0.21624869,0.004027707,0.23368764,0.021064475,0.19195402,0.021463303
