Gaia/vari_eclipsing_binary/VariEclipsingBinary_663428-663442.csv
# %ECSV 1.0
# ---
# delimiter: ','
# meta: !!omap
# - RELEASE: Gaia DR3
# - TABLE: vari_eclipsing_binary
# - DESCRIPTION: >
#     This table describes the properties of the eclipsing binaries resulting from the variability analysis. 
# - CITATION: >
#     How to cite and acknowledge Gaia: 
#     https://gea.esac.esa.int/archive/documentation/credits.html 
# - KNOWN_ISSUES: >
#     Known issues: 
#     https://www.cosmos.esa.int/web/gaia-users/known-issues 
# - DOCUMENTATION: >
#     Tutorials and documentation: 
#     https://www.cosmos.esa.int/web/gaia-users/archive 
# datatype:
# - 
#   name: solution_id
#   datatype: int64
#   description: Solution Identifier
#   meta:
#     ucd: meta.version
# - 
#   name: source_id
#   datatype: int64
#   description: Unique source identifier
#   meta:
#     ucd: meta.id;meta.main
# - 
#   name: global_ranking
#   datatype: float32
#   description: Number between 0 (worst) and 1 (best)
#   meta:
#     ucd: stat.param
# - 
#   name: reference_time
#   datatype: float64
#   unit: d
#   description: Reference time used for the geometric model fit
#   meta:
#     ucd: time.epoch
# - 
#   name: frequency
#   datatype: float64
#   unit: d**-1
#   description: Frequency of geometric model of the eclipsing binary light curve
#   meta:
#     ucd: src.orbital
# - 
#   name: frequency_error
#   datatype: float32
#   unit: d**-1
#   description: "Uncertainty of \\texttt{frequency}"
#   meta:
#     ucd: stat.error
# - 
#   name: geom_model_reference_level
#   datatype: float32
#   unit: mag
#   description: Magnitude reference level of geometric model
#   meta:
#     ucd: phot.mag;em.opt
# - 
#   name: geom_model_reference_level_error
#   datatype: float32
#   unit: mag
#   description: "Uncertainty of \\texttt{geomModelReferenceLevel}"
#   meta:
#     ucd: stat.error;phot.mag;em.opt
# - 
#   name: geom_model_gaussian1_phase
#   datatype: float32
#   description: Phase of the Gaussian 1 component
#   meta:
#     ucd: time.phase
# - 
#   name: geom_model_gaussian1_phase_error
#   datatype: float32
#   description: "Uncertainty of \\texttt{geomModelGaussian1Phase}"
#   meta:
#     ucd: stat.error;time.phase
# - 
#   name: geom_model_gaussian1_sigma
#   datatype: float32
#   description: "Standard deviation [phase] of Gaussian 1 component"
#   meta:
#     ucd: stat.stdev
# - 
#   name: geom_model_gaussian1_sigma_error
#   datatype: float32
#   description: "Uncertainty of \\texttt{geomModelGaussian1Sigma}"
#   meta:
#     ucd: stat.error
# - 
#   name: geom_model_gaussian1_depth
#   datatype: float32
#   unit: mag
#   description: Magnitude depth of Gaussian 1 component
#   meta:
#     ucd: src.var.amplitude
# - 
#   name: geom_model_gaussian1_depth_error
#   datatype: float32
#   unit: mag
#   description: "Uncertainty of \\texttt{geomModelGaussian1Depth}"
#   meta:
#     ucd: stat.error;src.var.amplitude
# - 
#   name: geom_model_gaussian2_phase
#   datatype: float32
#   description: Phase of Gaussian 2 component
#   meta:
#     ucd: time.phase
# - 
#   name: geom_model_gaussian2_phase_error
#   datatype: float32
#   description: "Uncertainty of \\texttt{geomModelGaussian2Phase}"
#   meta:
#     ucd: stat.error;time.phase
# - 
#   name: geom_model_gaussian2_sigma
#   datatype: float32
[...]
#   datatype: float32
#   description: "Secondary eclipse: uncertainty of \\texttt{derivedSecondaryEclDuration}"
#   meta:
#     ucd: stat.error;time.duration
# - 
#   name: derived_secondary_ecl_depth
#   datatype: float32
#   unit: mag
#   description: "Secondary eclipse: depth"
#   meta:
#     ucd: src.var.amplitude
# - 
#   name: derived_secondary_ecl_depth_error
#   datatype: float32
#   unit: mag
#   description: "Secondary eclipse: uncertainty of \\texttt{derivedSecondaryEclDepth}"
#   meta:
#     ucd: stat.error;src.var.amplitude
solution_id,source_id,global_ranking,reference_time,frequency,frequency_error,geom_model_reference_level,geom_model_reference_level_error,geom_model_gaussian1_phase,geom_model_gaussian1_phase_error,geom_model_gaussian1_sigma,geom_model_gaussian1_sigma_error,geom_model_gaussian1_depth,geom_model_gaussian1_depth_error,geom_model_gaussian2_phase,geom_model_gaussian2_phase_error,geom_model_gaussian2_sigma,geom_model_gaussian2_sigma_error,geom_model_gaussian2_depth,geom_model_gaussian2_depth_error,geom_model_cosine_half_period_amplitude,geom_model_cosine_half_period_amplitude_error,geom_model_cosine_half_period_phase,geom_model_cosine_half_period_phase_error,model_type,num_model_parameters,reduced_chi2,derived_primary_ecl_phase,derived_primary_ecl_phase_error,derived_primary_ecl_duration,derived_primary_ecl_duration_error,derived_primary_ecl_depth,derived_primary_ecl_depth_error,derived_secondary_ecl_phase,derived_secondary_ecl_phase_error,derived_secondary_ecl_duration,derived_secondary_ecl_duration_error,derived_secondary_ecl_depth,derived_secondary_ecl_depth_error
[from data line 37]
375316653866487564,5835584572021567744,0.5096178,2154.8194855266897,3.55217650306797,1.260777E-5,17.593443,0.0017406516,null,null,null,null,null,null,null,null,null,null,null,null,0.064573474,0.00253273,0.26668108,0.0028020518,"ELLIPSOIDAL",4,4.7330537,null,null,null,null,null,null,null,null,null,null,null,null
375316653866487564,5835584816859169664,0.59890896,2164.6792045771826,2.535905487986466,5.2201563E-6,18.469444,0.00600001,0.23093835,0.00254257,0.07032746,0.0022671896,0.6340377,0.017946893,0.7199007,0.002250859,0.06729643,0.0020651664,0.520378,0.011272818,null,null,null,null,"TWOGAUSSIANS",8,3.8584824,0.23093835,0.00254257,0.39383376,0.0126962615,0.63287115,0.017978217,0.7199007,0.002250859,0.37686002,0.011564932,0.5192115,0.011203591
375316653866487564,5835585572772792192,0.523559,2170.5596780188243,2.735315641778757,9.684108E-6,19.428513,0.011991831,0.27408648,0.003460068,0.08308274,0.005506446,0.36844394,0.020292247,0.77700526,0.004009946,0.07862477,0.00756536,0.31417236,0.010588928,null,null,null,null,"TWOGAUSSIANS",8,2.3623128,0.27408648,0.003460068,0.4,0.0,0.3630334,0.02029596,0.77700526,0.004009946,0.4,0.0,0.30876184,0.0106353015
375316653866487564,5835585607200523904,0.6437724,2149.249329093556,0.3788487626913186,1.2182794E-5,17.602901,0.0032219954,0.2780987,0.010441707,0.030506484,0.0038783967,1.305848,0.31821156,0.78065497,0.002352158,0.029249543,0.0021954698,0.13950418,0.012823459,0.02003091,0.0052963602,0.2780987,0.010441707,"TWOGAUSSIANS_WITH_ELLIPSOIDAL_ON_ECLIPSE1",9,3.2324655,0.2780987,0.010441707,0.17083631,0.021719022,1.3459098,0.31535232,0.78065497,0.002352158,0.16379744,0.012294631,0.17955567,0.01159054
375316653866487564,5835585808979859712,0.5997524,2183.313856020158,2.6960715538602487,4.8931424E-6,16.081106,0.005973484,0.23198351,0.0012192721,0.043364763,0.0042108153,0.1924574,0.014393634,0.73274535,0.0024690814,0.043553665,0.003913874,0.13662504,0.016785527,0.11244517,0.010523945,0.23198351,0.0012192721,"TWOGAUSSIANS_WITH_ELLIPSOIDAL_ON_ECLIPSE1",9,21.573057,0.23198351,0.0012192721,0.24284266,0.023580564,0.4173477,0.008828347,0.73274535,0.0024428181,0.24390052,0.021917693,0.36151022,0.008532036
375316653866487564,5835586637992789376,0.67541546,2190.477085850262,2.225574876008775,2.5983102E-6,15.837814,0.004766159,0.25940153,6.499202E-4,0.043577377,0.004503083,0.28787324,0.048716303,0.76195973,0.0039634174,0.053195678,0.0032244655,0.16711563,0.012939936,0.11998138,0.0056047426,0.25940153,6.499202E-4,"TWOGAUSSIANS_WITH_ELLIPSOIDAL_ON_ECLIPSE1",9,7.212998,0.25940153,6.499202E-4,0.2440333,0.025217263,0.5278337,0.05694041,0.76195973,0.0039504627,0.2978958,0.018057007,0.40701413,0.0076449458
375316653866487564,5835587153388978816,0.5966783,2188.140093518575,3.6726790434185066,8.359743E-6,17.41101,0.017910333,0.21228349,0.0050493586,0.050462138,0.009509365,0.25608435,0.035217986,0.7239982,0.002980598,0.053016074,0.006532139,0.16003607,0.038212266,0.10987397,0.02175572,0.7239982,0.002980598,"TWOGAUSSIANS_WITH_ELLIPSOIDAL_ON_ECLIPSE2",9,10.636663,0.21400349,0.0040462837,0.28258798,0.053252444,0.4748133,0.02463204,0.7239982,0.002980598,0.29689002,0.036579978,0.37977922,0.007867705
375316653866487564,5835587355182294272,0.570406,2168.960442874781,1.8616479563116255,1.5194718E-5,17.603188,0.010234824,0.26775452,0.013639981,0.095139295,0.01565085,0.19540589,0.011867132,0.74583936,0.0025411693,0.084408954,0.0041762446,0.42501837,0.011411944,null,null,null,null,"TWOGAUSSIANS",8,10.063291,0.74583936,0.0025411693,0.4,0.0,0.41690487,0.009606849,0.26775452,0.013639981,0.4,0.0,0.18729173,0.010032208
375316653866487564,5835587600065471744,0.5770479,2171.7748905394888,1.3840475835627863,9.773969E-6,16.652004,0.0043777553,0.24840562,0.002374981,0.075232774,0.0034109368,0.21347396,0.00603008,0.7499499,0.0025009718,0.10771562,0.0058981944,0.107759446,0.004761873,null,null,null,null,"TWOGAUSSIANS",8,5.441633,0.24840562,0.002374981,0.4,0.0,0.20704845,0.005618743,0.7499499,0.0025009718,0.4,0.0,0.1013294,0.004188629
375316653866487564,5835588081034952192,0.48167518,2191.350022772096,2.2955590099087613,3.38505E-5,19.316265,0.34860852,0.21911222,0.0069205235,0.107340746,0.07833659,0.2017845,0.33786044,0.7102124,0.011279953,0.095720954,0.06082614,0.21748812,0.3218479,null,null,null,null,"TWOGAUSSIANS",8,2.9177997,0.7102124,0.011567688,0.4,0.0,0.19945164,0.025251899,0.21911222,0.0069322553,0.4,0.0,0.18374018,0.0203287
375316653866487564,5835588145434106624,0.544532,2175.5858069084948,2.3883893862488135,1.07331925E-5,18.006462,0.03241749,0.21627659,0.0032829698,0.09824354,0.011005621,0.34614658,0.027490042,0.6994137,0.0038052613,0.096910685,0.012105939,0.334231,0.028778752,null,null,null,null,"TWOGAUSSIANS",8,7.234881,0.21627659,0.0032829698,0.4,0.0,0.32575125,0.01702749,0.6994137,0.0038052613,0.4,0.0,0.31383637,0.01943255
375316653866487564,5835588287193182848,0.4952272,2159.068875848961,3.331979712211807,2.308127E-5,19.296276,0.023225347,0.23574008,0.0043502282,0.07174873,0.0059853196,0.49464378,0.040442996,0.72061133,0.0064100237,0.07105721,0.014330007,0.42777663,0.05898873,null,null,null,null,"TWOGAUSSIANS",8,11.936533,0.23574008,0.0043502282,0.4,0.015445239,0.4932682,0.040214956,0.72061133,0.0064100237,0.39792034,0.04112991,0.42640105,0.060483627
375316653866487564,5835588733870128512,0.525985,2146.168042166268,3.255542889329872,1.8913614E-5,19.835451,0.022775382,0.28595552,0.005097529,0.076031044,0.0070647546,0.5436027,0.03666308,0.7736496,0.0050026737,0.07250058,0.006658623,0.44864702,0.029516602,null,null,null,null,"TWOGAUSSIANS",8,4.1267023,0.28595552,0.005097529,0.4,0.0,0.5410199,0.03623673,0.7736496,0.0050026737,0.4,0.008155118,0.44606423,0.028048092
375316653866487564,5835588733937064064,0.4639434,2165.517086943514,3.8890731398607277,2.5350182E-5,19.52463,0.051162317,0.18898907,0.0080871675,0.10152866,0.028142396,0.18786503,0.044449344,0.6930011,0.006377686,0.09681997,0.02058535,0.20712514,0.049054366,null,null,null,null,"TWOGAUSSIANS",8,3.135503,0.6930011,0.0063802577,0.4,0.0,0.19152656,0.020803569,0.18898907,0.00808951,0.4,0.0,0.17226505,0.020757074
375316653866487564,5835588768310479616,0.45188227,2177.646504571016,2.2247328542254077,3.519458E-5,18.92753,0.004760415,0.22888458,0.0019228706,0.012909745,0.003996262,0.10598378,0.03763153,0.6210737,0.014468654,0.10047909,0.010048848,0.13732868,0.016362416,null,null,null,null,"TWOGAUSSIANS",8,4.874962,0.6210737,0.014468654,0.4,0.0,0.13732754,0.016363304,0.22888458,0.0019223769,0.07229457,0.022379067,0.10605017,0.037628144
375316653866487564,5835588836949301248,0.59192556,2179.472849675915,2.7868459706702824,4.0848868E-6,18.537617,0.004997879,0.25795978,0.0012381095,0.08081248,0.0018592419,0.32042187,0.006337456,0.7628628,0.0027199844,0.080158,0.003872097,0.3023186,0.0071063763,null,null,null,null,"TWOGAUSSIANS",8,1.030506,0.25795978,0.0012381095,0.4,0.0,0.31587392,0.00579591,0.7628628,0.0027199844,0.4,0.0,0.29777065,0.0068575395
375316653866487564,5835589146188295040,0.47262242,2155.1282677753425,0.4022377761985629,7.8386656E-5,17.258411,0.008733707,0.29749018,0.0113894055,0.05461585,0.06079024,0.12864563,0.06650519,0.7938578,0.017557872,0.054391216,0.03206654,0.016078314,0.008124481,null,null,null,null,"TWOGAUSSIANS",8,3.9031956,0.29749018,0.0113894055,0.30584875,0.10489747,0.12864357,0.06948275,0.7938578,0.017557872,0.30459082,0.12193486,0.016076257,0.005759576
375316653866487564,5835589764663087744,0.5208941,2180.416780658243,2.01675871722024,1.1633436E-5,18.830729,0.0040442566,0.27458873,0.0023954953,0.07342435,0.0032121486,0.22155014,0.0075288736,0.7878073,0.015234149,0.080374695,0.009151729,0.08815251,0.008525262,null,null,null,null,"TWOGAUSSIANS",8,1.9447132,0.27458873,0.0023954953,0.4,0.0,0.22051859,0.007593403,0.7878073,0.015234149,0.4,0.0,0.08712098,0.008318903
375316653866487564,5835589966500517120,0.58302563,2174.8641441482314,2.937684273272314,6.4271176E-6,18.459738,0.0052685146,0.2450512,0.0024708735,0.072418675,0.002735245,0.4619783,0.011464162,0.7424183,0.0018505047,0.06806009,0.0023763005,0.40211448,0.013759558,null,null,null,null,"TWOGAUSSIANS",8,4.3002815,0.2450512,0.0024708735,0.4,0.0014682751,0.46054515,0.011487687,0.7424183,0.0018505047,0.38113654,0.013307283,0.40068135,0.013857768
375316653866487564,5835590211405874688,0.48114723,2173.359774623285,0.8659505927995585,1.3996344E-5,14.071478,0.036208674,0.24434161,0.00380101,0.29319873,0.018589899,0.31669506,0.03493276,0.74067354,0.0030431077,0.13694984,0.008941297,0.17770426,0.022933299,null,null,null,null,"TWOGAUSSIANS",8,24.176434,0.74067354,0.0030431077,0.4,0.0,0.062714756,0.0032259454,0.24469161,0.0038963084,0.4,0.0,0.056053348,0.0026192379
375316653866487564,5835590589296469120,0.51664716,2170.1956576883613,1.074603647641549,4.1614494E-6,18.633667,0.006469456,0.23721503,0.0028055066,0.044797473,0.003257773,0.21633138,0.011747054,0.74300575,8.561743E-4,0.03839705,0.0019382173,0.3857547,0.014020631,null,null,null,null,"TWOGAUSSIANS",8,4.795641,0.74300575,8.561743E-4,0.21502349,0.010854017,0.3857547,0.014020631,0.23721503,0.0028055066,0.25086585,0.018243527,0.21633138,0.011747055
375316653866487564,5835590829881306496,0.45465347,2145.937094413772,3.1506655784907887,5.4727734E-5,19.450363,0.054200716,0.28851104,0.0074933567,0.077715725,0.013172785,0.47732806,0.061692547,0.7863724,0.008538768,0.09508653,0.017074145,0.36727732,0.0541678,null,null,null,null,"TWOGAUSSIANS",8,12.041676,0.28851104,0.0074933567,0.4,0.0,0.46530938,0.052862853,0.7863724,0.008538768,0.4,0.0,0.3552579,0.041153066
375316653866487564,5835591036039840896,0.63402814,2175.609764275282,3.0234337719385733,5.564558E-6,16.487896,0.01838155,0.25664866,0.0034156195,0.05403958,0.0060446407,0.4296317,0.039052177,0.756758,0.001983522,0.050590944,0.004383615,0.40727434,0.032091334,0.0839365,0.021775078,0.25664866,0.0034156195,"TWOGAUSSIANS_WITH_ELLIPSOIDAL_ON_ECLIPSE1",9,18.852968,0.25664866,0.0034156195,0.30262163,0.033849988,0.59749275,0.011807168,0.756758,0.001955808,0.28330928,0.024548246,0.57513535,0.022885801
375316653866487564,5835591757528111872,0.49782023,2139.815344779892,2.899530670065782,1.6221218E-5,19.796919,0.007542533,0.22249936,0.0055868695,0.067721374,0.0042092325,0.28067815,0.016821934,0.7301066,0.004054598,0.06272896,0.005429735,0.26816607,0.009879187,null,null,null,null,"TWOGAUSSIANS",8,1.6524094,0.22249936,0.0055868695,0.3792397,0.023571702,0.28039533,0.016780159,0.7301066,0.004054598,0.35128218,0.030406516,0.26788324,0.00984483
375316653866487564,5835591895033258624,0.6058263,2157.011139128683,0.3119632093670291,2.4755971E-5,14.39766,8.607977E-4,0.14102656,0.0010461472,0.02231844,0.0011785157,0.21504086,0.007797483,0.65067846,0.002593562,0.024853798,0.0028860825,0.08697782,0.003704505,0.0053864336,0.0017193088,0.14102656,0.0010461472,"TWOGAUSSIANS_WITH_ELLIPSOIDAL_ON_ECLIPSE1",9,13.211915,0.14102656,0.0010461472,0.124983266,0.0065996884,0.22581372,0.008186058,0.65067846,0.002593562,0.13918126,0.016162062,0.09771111,0.0042162803
375316653866487564,5835591895033259776,0.7167723,2149.4039942946565,0.16461343476338441,1.0741813E-6,14.388559,6.699609E-4,0.26727778,4.989916E-4,0.009519119,3.0221968E-4,0.53019214,0.009898954,0.8608454,1.5112045E-4,0.012433144,1.9126986E-4,0.45971572,0.0072344216,null,null,null,null,"TWOGAUSSIANS",8,16.24253,0.26727778,4.989916E-4,0.053307064,0.0016924301,0.53019214,0.009898954,0.8608454,1.5112045E-4,0.06962561,0.0010711113,0.45971572,0.0072344216
375316653866487564,5835592234270966016,0.52699924,2173.4332351498515,1.4940990959522409,9.344622E-6,18.854343,0.00512592,0.29993075,0.0037797429,0.048432242,0.003000777,0.38381803,0.02548299,0.7960006,0.0041712555,0.057851914,0.0053855265,0.12899302,0.009081709,null,null,null,null,"TWOGAUSSIANS",8,1.6937766,0.29993075,0.0037797429,0.27122056,0.016804352,0.38381255,0.025486555,0.7960006,0.0041712555,0.3239707,0.030158948,0.12898752,0.009080762
375316653866487564,5835592410429599872,0.5952222,2195.9895598373323,0.27436118761143863,2.0026691E-5,16.38017,0.0031370213,0.2884838,0.02217883,0.010817671,0.0071850047,0.33985972,0.7608191,0.6448903,0.05519197,0.15057045,0.052723385,0.008683142,0.0039511025,null,null,null,null,"TWOGAUSSIANS",8,3.7908685,0.2884838,0.022179274,0.06057896,0.040236026,0.3403179,0.7606467,0.6448903,0.05519197,0.4,0.0,0.008613124,0.0035891559
375316653866487564,5835592818360557056,0.43986782,2186.3316396099435,2.104989603423775,3.3649223E-5,19.421942,0.018539362,0.1595123,0.010930875,0.027661545,0.01057602,0.2456211,0.054810338,0.67762333,0.010810742,0.06579269,0.013845523,0.41945216,0.051272914,null,null,null,null,"TWOGAUSSIANS",8,20.70112,0.67762333,0.010810742,0.36843908,0.069077194,0.419452,0.0512739,0.1595123,0.010930875,0.15490465,0.059225712,0.24562095,0.054810874
375316653866487564,5835593235003051904,0.56959295,2202.6812756306904,0.6368193957112186,2.4674247E-5,18.276188,0.0028994714,0.22626382,0.009327759,0.032382905,0.008121208,0.066115536,0.0113888355,0.71842617,0.008838501,0.03286067,0.0048035434,0.5160587,0.030791134,null,null,null,null,"TWOGAUSSIANS",8,2.3237112,0.71842617,0.008838501,0.18401974,0.026899844,0.5160587,0.030791134,0.22626382,0.009327759,0.18134427,0.04547877,0.066115536,0.0113888355
375316653866487564,5835593299432559488,0.48941994,2214.8692206408696,0.13325733656313324,1.3871833E-5,18.738712,0.0028031238,0.06791908,4.6918436E-4,0.008091236,0.001036669,0.24471784,0.06288907,0.57967335,0.049677633,0.015825752,0.026909716,0.239611,123.8847,null,null,null,null,"TWOGAUSSIANS",8,1.5565478,0.06791908,4.6918436E-4,0.045310926,0.0058053466,0.24471784,0.06288907,0.57967335,0.049677633,0.08862422,0.1506944,0.239611,123.8847
375316653866487564,5835593406862591488,0.66003984,2209.90151537159,1.0798473501168802,2.4138205E-6,15.7697,0.011056397,0.23934682,6.399838E-4,0.058015503,0.0038651694,0.22904222,0.021198543,0.7438693,0.0020172969,0.06616276,0.005421587,0.19282886,0.020674497,0.09332385,0.012032341,0.23934682,6.399838E-4,"TWOGAUSSIANS_WITH_ELLIPSOIDAL_ON_ECLIPSE1",9,10.986415,0.23934682,6.399838E-4,0.3248868,0.021644948,0.41554978,0.0039244527,0.7438693,0.0020172969,0.37051147,0.030360887,0.37918577,0.005964136
375316653866487564,5835594295864991360,0.5338176,2210.3679446083515,3.789671614566539,1.80668E-5,19.53017,0.009116877,0.23614272,0.003735582,0.0715548,0.0066898307,0.39339253,0.040542983,0.74480283,0.0054070503,0.0747365,0.0053290273,0.33756495,0.023182467,null,null,null,null,"TWOGAUSSIANS",8,1.8566926,0.23614272,0.003735582,0.4,0.014527059,0.39166912,0.04147492,0.74480283,0.0054070503,0.4,0.0,0.33584157,0.023440922
375316653866487564,5835594506309685504,0.5261996,2197.8983927248055,2.410992170252275,1.4093774E-5,18.048237,0.02288482,0.2602111,0.002872681,0.09729785,0.008090695,0.2937833,0.020747012,0.7682757,0.005339959,0.11242144,0.0154667245,0.1874322,0.022125555,null,null,null,null,"TWOGAUSSIANS",8,3.7012255,0.26020113,0.0028767493,0.4,0.0,0.269537,0.011105404,0.7682757,0.0053456463,0.4,0.0,0.16316715,0.008116179
375316653866487564,5835594609452919808,0.625104,2176.790222190976,2.0996494101705734,6.713195E-6,17.789152,0.004604018,0.19477442,0.0013999069,0.084346786,0.0033979556,0.2250525,0.008401258,0.69620484,0.0026298019,0.0857346,0.003453456,0.3877439,0.011632275,null,null,null,null,"TWOGAUSSIANS",8,2.0513692,0.69620484,0.0026298019,0.4,0.0,0.38010424,0.012044565,0.19477442,0.0013999069,0.4,0.0,0.21741289,0.008847238
