Gaia/vari_eclipsing_binary/VariEclipsingBinary_453971-458057.csv
# %ECSV 1.0
# ---
# delimiter: ','
# meta: !!omap
# - RELEASE: Gaia DR3
# - TABLE: vari_eclipsing_binary
# - DESCRIPTION: >
#     This table describes the properties of the eclipsing binaries resulting from the variability analysis. 
# - CITATION: >
#     How to cite and acknowledge Gaia: 
#     https://gea.esac.esa.int/archive/documentation/credits.html 
# - KNOWN_ISSUES: >
#     Known issues: 
#     https://www.cosmos.esa.int/web/gaia-users/known-issues 
# - DOCUMENTATION: >
#     Tutorials and documentation: 
#     https://www.cosmos.esa.int/web/gaia-users/archive 
# datatype:
# - 
#   name: solution_id
#   datatype: int64
#   description: Solution Identifier
#   meta:
#     ucd: meta.version
# - 
#   name: source_id
#   datatype: int64
#   description: Unique source identifier
#   meta:
#     ucd: meta.id;meta.main
# - 
#   name: global_ranking
#   datatype: float32
#   description: Number between 0 (worst) and 1 (best)
#   meta:
#     ucd: stat.param
# - 
#   name: reference_time
#   datatype: float64
#   unit: d
#   description: Reference time used for the geometric model fit
#   meta:
#     ucd: time.epoch
# - 
#   name: frequency
#   datatype: float64
#   unit: d**-1
#   description: Frequency of geometric model of the eclipsing binary light curve
#   meta:
#     ucd: src.orbital
# - 
#   name: frequency_error
#   datatype: float32
#   unit: d**-1
#   description: "Uncertainty of \\texttt{frequency}"
#   meta:
#     ucd: stat.error
# - 
#   name: geom_model_reference_level
#   datatype: float32
#   unit: mag
#   description: Magnitude reference level of geometric model
#   meta:
#     ucd: phot.mag;em.opt
# - 
#   name: geom_model_reference_level_error
#   datatype: float32
#   unit: mag
#   description: "Uncertainty of \\texttt{geomModelReferenceLevel}"
#   meta:
#     ucd: stat.error;phot.mag;em.opt
# - 
#   name: geom_model_gaussian1_phase
#   datatype: float32
#   description: Phase of the Gaussian 1 component
#   meta:
#     ucd: time.phase
# - 
#   name: geom_model_gaussian1_phase_error
#   datatype: float32
#   description: "Uncertainty of \\texttt{geomModelGaussian1Phase}"
#   meta:
#     ucd: stat.error;time.phase
# - 
#   name: geom_model_gaussian1_sigma
#   datatype: float32
#   description: "Standard deviation [phase] of Gaussian 1 component"
#   meta:
#     ucd: stat.stdev
# - 
#   name: geom_model_gaussian1_sigma_error
#   datatype: float32
#   description: "Uncertainty of \\texttt{geomModelGaussian1Sigma}"
#   meta:
#     ucd: stat.error
# - 
#   name: geom_model_gaussian1_depth
#   datatype: float32
#   unit: mag
#   description: Magnitude depth of Gaussian 1 component
#   meta:
#     ucd: src.var.amplitude
# - 
#   name: geom_model_gaussian1_depth_error
#   datatype: float32
#   unit: mag
#   description: "Uncertainty of \\texttt{geomModelGaussian1Depth}"
#   meta:
#     ucd: stat.error;src.var.amplitude
# - 
#   name: geom_model_gaussian2_phase
#   datatype: float32
#   description: Phase of Gaussian 2 component
#   meta:
#     ucd: time.phase
# - 
#   name: geom_model_gaussian2_phase_error
#   datatype: float32
#   description: "Uncertainty of \\texttt{geomModelGaussian2Phase}"
#   meta:
#     ucd: stat.error;time.phase
# - 
#   name: geom_model_gaussian2_sigma
#   datatype: float32
[...]
#   datatype: float32
#   description: "Secondary eclipse: uncertainty of \\texttt{derivedSecondaryEclDuration}"
#   meta:
#     ucd: stat.error;time.duration
# - 
#   name: derived_secondary_ecl_depth
#   datatype: float32
#   unit: mag
#   description: "Secondary eclipse: depth"
#   meta:
#     ucd: src.var.amplitude
# - 
#   name: derived_secondary_ecl_depth_error
#   datatype: float32
#   unit: mag
#   description: "Secondary eclipse: uncertainty of \\texttt{derivedSecondaryEclDepth}"
#   meta:
#     ucd: stat.error;src.var.amplitude
solution_id,source_id,global_ranking,reference_time,frequency,frequency_error,geom_model_reference_level,geom_model_reference_level_error,geom_model_gaussian1_phase,geom_model_gaussian1_phase_error,geom_model_gaussian1_sigma,geom_model_gaussian1_sigma_error,geom_model_gaussian1_depth,geom_model_gaussian1_depth_error,geom_model_gaussian2_phase,geom_model_gaussian2_phase_error,geom_model_gaussian2_sigma,geom_model_gaussian2_sigma_error,geom_model_gaussian2_depth,geom_model_gaussian2_depth_error,geom_model_cosine_half_period_amplitude,geom_model_cosine_half_period_amplitude_error,geom_model_cosine_half_period_phase,geom_model_cosine_half_period_phase_error,model_type,num_model_parameters,reduced_chi2,derived_primary_ecl_phase,derived_primary_ecl_phase_error,derived_primary_ecl_duration,derived_primary_ecl_duration_error,derived_primary_ecl_depth,derived_primary_ecl_depth_error,derived_secondary_ecl_phase,derived_secondary_ecl_phase_error,derived_secondary_ecl_duration,derived_secondary_ecl_duration_error,derived_secondary_ecl_depth,derived_secondary_ecl_depth_error
[from data line 71]
375316653866487564,4001521631256058496,0.63860995,2065.2094650161107,3.3955257808022257,2.486288E-6,16.462116,0.010237194,0.2736858,8.470966E-4,0.05863431,0.004895168,0.25884965,0.019588748,0.7734522,0.0026625236,0.056570623,0.005290578,0.2430197,0.028207067,0.10283347,0.012603743,0.2736858,8.470966E-4,"TWOGAUSSIANS_WITH_ELLIPSOIDAL_ON_ECLIPSE1",9,6.328446,0.2736858,8.470966E-4,0.32835212,0.02741294,0.4644728,0.019177305,0.7734922,0.0022704909,0.31679547,0.029627236,0.4486425,0.029777551
375316653866487564,4002016377128627072,0.51183325,2014.684341904568,0.14728565401686497,1.6051968E-5,15.728818,0.014288361,0.34251094,0.005327393,0.119649686,0.017477907,0.13345388,0.029546242,0.8042844,0.011149603,0.09333172,0.032336354,0.037995387,0.013617456,null,null,null,null,"TWOGAUSSIANS",8,8.329766,0.34251094,0.005321492,0.4,0.0,0.12733293,0.03026626,0.8042844,0.011149603,0.4,0.0,0.03195743,0.004741497
375316653866487564,4002066198749276544,0.54564345,2014.761197703195,0.7789653917400373,2.993032E-5,16.8128,0.0036557799,0.27042168,0.017399622,0.10002941,0.018819405,0.059084367,0.0075656823,0.68380845,0.001611766,0.07922953,0.002931052,0.75874925,0.026267478,null,null,null,null,"TWOGAUSSIANS",8,28.436745,0.68380845,0.001611766,0.4,0.0,0.7572019,0.026300032,0.2704317,0.01740519,0.4,0.0,0.05752641,0.0078060282
375316653866487564,4002092655747134336,0.50748223,2068.3467611106494,0.7246898985969785,1.6522908E-5,19.721292,0.013864686,0.413969,0.029780349,0.017217042,0.009889978,0.1988801,0.40191308,0.85198843,0.0048444923,0.03512721,0.003887809,0.53417397,0.08332545,null,null,null,null,"TWOGAUSSIANS",8,3.3681936,0.85198843,0.0048444923,0.19671239,0.02177173,0.53417397,0.08332545,0.413969,0.029780349,0.09641543,0.055383876,0.1988801,0.40191308
375316653866487564,4002353579305409792,0.45992276,1965.9659640307557,3.0169820065752977,6.145562E-5,18.796814,0.015310673,0.09346395,0.01036131,0.070256434,0.023186166,0.13286732,0.026211211,0.602122,0.00474148,0.07723619,0.010093465,0.14248079,0.01574505,null,null,null,null,"TWOGAUSSIANS",8,2.9132078,0.602122,0.00474148,0.4,0.0,0.14176096,0.013665776,0.09346395,0.01036131,0.39343604,0.05405571,0.13214749,0.028627612
375316653866487564,4002441613250530688,0.562835,2044.5578626664376,1.2543096989037537,6.6400244E-5,16.777048,0.0042748633,0.14786507,0.0077389176,0.026395682,0.004225497,0.47440475,0.13600422,0.6499746,0.002422484,0.024528027,0.002811323,0.5209705,0.09030578,null,null,null,null,"TWOGAUSSIANS",8,23.400501,0.6499746,0.002422484,0.13735695,0.015743408,0.5209705,0.09030578,0.14786507,0.0077389176,0.14781582,0.023662785,0.47440475,0.13600422
375316653866487564,4002458307787867264,0.48781782,2083.1125323022275,2.486735591823039,6.1141886E-6,18.61065,0.0025282567,0.2557566,0.0015453075,0.0036853622,6.486569E-4,0.16782616,0.065679125,0.8281619,0.0023955908,0.017207291,0.010162389,0.338157,0.28529733,null,null,null,null,"TWOGAUSSIANS",8,1.1600585,0.8281619,0.0023955908,0.096360825,0.056909375,0.338157,0.28529733,0.2557566,0.0015453075,0.020638028,0.0036324786,0.16782616,0.065679125
375316653866487564,4002465282814801920,0.51436096,2045.9397994046828,1.1329546407297302,7.039145E-6,18.078703,0.0034641884,0.24633777,3.660586E-4,0.017932579,0.0016194285,0.23118123,0.0040223156,0.4698127,0.005229066,0.031528268,0.0040549887,0.09746491,0.025849499,null,null,null,null,"TWOGAUSSIANS",8,4.7227206,0.24633777,3.660586E-4,0.10042244,0.0090688,0.23118123,0.0040223156,0.4698127,0.005229066,0.17655829,0.022707937,0.09746491,0.025849499
375316653866487564,4002484047527456512,0.53352,2005.3303399082977,3.2930169253348867,1.0023044E-5,18.962687,0.008936211,0.36649463,0.0070803557,0.09812094,0.0068003763,0.20019817,0.011207301,0.86307466,0.0030335677,0.07031372,0.005317234,0.44490597,0.031149333,null,null,null,null,"TWOGAUSSIANS",8,1.7733135,0.86307466,0.0030335677,0.39375684,0.02282403,0.4386945,0.03275463,0.36649463,0.0070803557,0.4,0.0,0.19398579,0.008694325
375316653866487564,4002652886986405888,0.6310523,2057.1128964841296,0.6806419179985971,2.8398314E-5,12.089831,0.0015950494,0.513509,0.059704553,0.057825733,0.03964682,0.009313908,0.010040312,0.73223066,0.0071387608,0.011610877,0.0013548161,2.082299,2.350532,0.005189952,0.0018775567,0.73223066,0.0071387608,"TWOGAUSSIANS_WITH_ELLIPSOIDAL_ON_ECLIPSE2",9,81.01002,0.73223066,0.0071387608,0.06502091,0.00758697,2.092686,2.351403,0.526049,0.21461675,0.3238241,0.22202219,0.009864552,2.0352468
375316653866487564,4002912887126688128,0.48055968,2086.882311848197,0.02397093696293437,9.969556E-5,18.401619,0.023598183,0.3280801,0.059950557,0.17919676,0.1673992,0.025554594,0.022281846,0.6685015,0.010613533,0.05038752,0.012207983,0.22705683,0.80197006,null,null,null,null,"TWOGAUSSIANS",8,1.7050402,0.6685015,0.010613533,0.28217012,0.06836471,0.22998485,0.8005519,0.3280801,0.059950557,0.4,0.0,0.024247997,0.012011491
375316653866487564,4003029504078774784,0.53825974,2011.27047509213,2.8968371525715284,5.4455548E-5,18.965908,0.0026502856,0.5428568,0.02775987,0.009044007,0.008388731,0.36270982,1.1524063,0.24075963,0.014684245,0.052452523,0.014884296,0.030108597,0.0058930037,null,null,null,null,"TWOGAUSSIANS",8,0.53385293,0.5428568,0.02775987,0.050646443,0.04697689,0.36270982,1.1524065,0.24075963,0.014684245,0.29373413,0.08335206,0.030108597,0.0058930037
375316653866487564,4003038476265835520,0.52404016,2033.752125723108,0.624966839613991,4.796549E-5,17.497911,0.008172912,0.22836757,0.014938775,0.07426084,0.011507011,0.07381903,0.011024653,0.73920625,0.027579136,0.037298333,0.055010475,0.35229135,0.27417287,null,null,null,null,"TWOGAUSSIANS",8,4.2833247,0.73920625,0.027579136,0.20887065,0.20232421,0.3522849,0.2759581,0.22836757,0.014938775,0.4,7.823019E-4,0.07381262,0.010096575
375316653866487564,4003062081406099712,0.46044528,2039.266489701234,2.980558300613219,5.1847146E-5,15.616167,0.014045159,0.25488552,0.014279201,0.09507316,0.016239014,0.14809579,0.022547523,0.7390367,0.008926514,0.087760605,0.012487964,0.15379377,0.015815726,null,null,null,null,"TWOGAUSSIANS",8,130.96002,0.7390367,0.008926514,0.4,0.0,0.14816526,0.013508785,0.25488552,0.014279201,0.4,0.0,0.14246692,0.0211811
375316653866487564,4003394340075968384,0.59043336,2047.0699544437393,2.8060100149339755,3.9111997E-6,15.883987,0.0064953077,0.23064981,0.009561481,0.025480784,0.017177945,0.032920353,0.01346024,0.6794123,0.0010542053,0.06859751,0.0031894387,0.14088768,0.01625261,0.0896256,0.010192706,0.6794123,0.0010542053,"TWOGAUSSIANS_WITH_ELLIPSOIDAL_ON_ECLIPSE2",9,12.92138,0.6794123,0.0010542053,0.38414603,0.017860858,0.319958,0.0058472035,0.21888982,0.017430512,0.14269239,0.096196495,0.19786057,0.009294286
375316653866487564,4003652862747951232,0.61464393,2044.3229344022961,0.3030083048464306,5.016427E-6,11.665931,0.0029112755,0.2219703,0.007582882,0.039576784,0.023221802,0.10027139,0.13832155,0.7173363,0.0011082643,0.03262773,0.0014010967,0.4091567,0.015109471,0.021067433,0.0047357786,0.2219703,0.007582882,"TWOGAUSSIANS_WITH_ELLIPSOIDAL_ON_ECLIPSE1",9,160.82076,0.7173763,0.0010995956,0.1827153,0.007846142,0.4512562,0.01153814,0.2219703,0.007582882,0.22162998,0.13004209,0.14240626,0.1392904
375316653866487564,4003792084112227840,0.51747966,2032.7048397974725,0.20239557390492358,7.4704316E-5,17.254166,0.0018275958,0.2947326,0.005485803,0.055075377,0.005294937,0.12916629,0.014474095,0.48409608,0.026619611,0.044048365,0.036696248,0.047572885,0.032943532,null,null,null,null,"TWOGAUSSIANS",8,2.091894,0.2947426,0.0034057759,0.30842212,0.02965165,0.12917091,0.013170389,0.48409608,0.026619611,0.24667084,0.1903614,0.047922924,0.03332875
375316653866487564,4003887398026678912,0.5999772,2027.308453354276,3.4866436174716107,9.39615E-6,16.136232,0.028019378,0.21242233,0.0039802394,0.047711298,0.012738679,0.28043002,0.05675837,0.70534617,0.0021036556,0.04490315,0.006865156,0.44277316,0.052386027,0.13873722,0.03786875,0.21242233,0.0039802394,"TWOGAUSSIANS_WITH_ELLIPSOIDAL_ON_ECLIPSE1",9,67.272964,0.70598614,0.0019044129,0.25145766,0.038444873,0.7197486,0.035933256,0.21242233,0.0039802394,0.26718327,0.0713366,0.55790395,0.030194057
375316653866487564,4004078648625238912,0.63412195,2210.0199535673414,3.2956625688187717,4.1830926E-6,11.809175,0.02128553,0.257197,0.003350561,0.041691553,0.0098839365,0.7208626,0.38324308,0.75988054,0.0067803734,0.046978123,0.009028306,0.3072339,0.041254215,0.16185029,0.025163833,0.257197,0.003350561,"TWOGAUSSIANS_WITH_ELLIPSOIDAL_ON_ECLIPSE1",9,301.00653,0.257197,0.003350561,0.23347269,0.055350047,1.0445625,0.42384845,0.75988054,0.0066967146,0.2630775,0.05055851,0.6308417,0.04542253
375316653866487564,4004249691402769536,0.5565917,2122.4873194863862,4.171542211404981,1.3561781E-5,17.375957,0.03163945,0.2426504,0.007792848,0.0480413,0.049014773,0.2061309,6.8345935E16,0.72636485,0.014495637,0.04754812,0.01338677,0.2614088,0.09747386,0.14237651,0.051591035,0.2426504,0.007792848,"TWOGAUSSIANS_WITH_ELLIPSOIDAL_ON_ECLIPSE1",9,32.48691,0.72900486,0.0127515355,0.26626948,0.07496592,0.5436695,0.06322559,0.2426504,0.007792848,0.2690313,0.27448273,0.4908823,6.8345935E16
375316653866487564,4004433619082738944,0.5019609,2041.8230792889294,3.2402778236072214,3.9943574E-5,18.760038,0.004690656,0.16832364,0.0042965654,0.039822105,0.0069867615,0.10368978,0.007975817,0.67042553,0.004057806,0.028365856,0.0061600767,0.39988813,0.057323918,null,null,null,null,"TWOGAUSSIANS",8,3.0507452,0.67042553,0.004057806,0.15884879,0.03449643,0.39988813,0.057323918,0.16832364,0.0042965654,0.22300377,0.039125863,0.10368978,0.007975817
375316653866487564,4004679733593325696,0.51089215,2062.333758524178,0.6484186769895461,7.174452E-5,16.834793,0.004376557,0.24890961,0.018674843,0.029903866,0.024121711,0.11075911,0.09619151,0.757585,0.018636938,0.024068259,0.017904913,0.38284847,726423.3,0.0123754265,0.0056782225,0.757585,0.018636938,"TWOGAUSSIANS_WITH_ELLIPSOIDAL_ON_ECLIPSE2",9,16.889246,0.757585,0.018636938,0.13478225,0.10026751,0.40759933,726423.3,0.2490396,0.01703545,0.16746165,0.13508159,0.13543762,0.09631515
375316653866487564,4004832501285496960,0.5338276,2169.5444279180606,1.3780099023795633,2.5844176E-5,13.875793,0.0056590615,0.59614235,0.040725175,0.07132334,0.016428618,0.67002183,0.29351604,null,null,null,null,null,null,null,null,null,null,"ONEGAUSSIAN",5,1102.2832,0.59614235,0.040725175,0.39941072,0.011852369,0.67002183,0.0,null,null,null,null,null,null
375316653866487564,4005077554939612288,0.63442546,2113.783821320821,3.5469732177698146,1.7161208E-5,13.332655,0.03493182,0.2476538,0.0041684327,0.053607177,0.007566363,0.524262,0.07590832,0.7575195,0.008964674,0.04816587,0.021220446,0.40060255,0.09797149,0.116396934,0.043261647,0.7575195,0.008964674,"TWOGAUSSIANS_WITH_ELLIPSOIDAL_ON_ECLIPSE2",9,520.2839,0.2485538,0.0032664132,0.3002002,0.042371634,0.7562393,0.019630143,0.7575195,0.008964674,0.26972887,0.118834496,0.6333917,0.092615314
375316653866487564,4005226465750159616,0.58269125,2158.474560198643,2.7255917398361142,1.7780592E-5,19.060064,0.021476816,0.13573076,0.012799724,0.064328484,0.009852903,0.5836102,0.048695825,0.64520216,0.002799028,0.08233179,0.0074273017,0.30409166,0.024473963,null,null,null,null,"TWOGAUSSIANS",8,1.9225535,0.13573076,0.012799724,0.3602395,0.044760246,0.58170176,0.044374008,0.64520216,0.002799028,0.4,0.0,0.30218324,0.022558795
375316653866487564,4005347343309786112,0.5088893,2188.516836241161,1.9785862054521715,4.6168494E-5,17.432867,0.008829444,0.111928836,0.007324948,0.02645681,0.0070972363,0.13678971,0.029516222,0.59747237,0.03531067,0.03342973,0.04928078,0.35514927,0.24364747,null,null,null,null,"TWOGAUSSIANS",8,21.247604,0.59747237,0.03531067,0.18720649,0.20736502,0.35514927,0.24364899,0.111928836,0.007324948,0.14815813,0.039744522,0.13678971,0.029516088
375316653866487564,4005461181418268160,0.62845635,2205.493270050043,2.7990158353886208,6.857604E-6,14.696974,0.09324668,0.1490375,0.0017812884,0.13231722,0.019182984,0.27976456,0.0909684,0.64965075,0.0015241865,0.12934679,0.025208043,0.2772117,0.08276678,null,null,null,null,"TWOGAUSSIANS",8,8.427826,0.1490275,0.0018005737,0.4,0.0,0.19074965,0.0048670415,0.6496607,0.0015409199,0.4,0.0,0.18832494,0.011357944
375316653866487564,4005499183289070208,0.50522506,2181.9516221237955,1.2363280038446782,5.1444902E-5,18.538223,0.0069760755,0.27219674,0.0031929456,0.044527788,0.003502306,0.9956904,0.19761164,0.77569944,0.018037956,0.029549472,0.018583976,0.062742226,0.09494491,null,null,null,null,"TWOGAUSSIANS",8,1.2533898,0.27219674,0.0031929456,0.24935561,0.019612914,0.9956904,0.19761164,0.77569944,0.018037956,0.16547705,0.10407027,0.062742226,0.09494491
375316653866487564,4005602709180489472,0.54888964,2108.4164598878438,0.5818533073585456,8.985367E-5,14.176664,0.047360122,0.34495196,4.2684042E-4,0.015613643,0.0012951599,0.9890146,0.10947378,0.6936771,0.028276322,0.3582864,0.015790315,0.20142135,0.045236208,null,null,null,null,"TWOGAUSSIANS",8,309.88666,0.34499195,4.3766506E-4,0.0874364,0.0072528957,1.0010183,0.11078462,0.6936771,0.028276322,0.4,0.0,0.057414766,0.014135715
375316653866487564,4005812097425936512,0.5461863,2119.40159996911,2.8182933210696928,1.5173737E-5,13.34601,0.025003843,0.15247941,0.0039509605,0.08799331,0.007892838,0.324341,0.022309517,0.65338296,0.0070033963,0.0844099,0.012399508,0.32188806,0.049357645,null,null,null,null,"TWOGAUSSIANS",8,390.282,0.15247941,0.0039509605,0.4,0.0,0.3148507,0.015334354,0.65338296,0.0070033963,0.4,0.0,0.3123978,0.050584164
375316653866487564,4005891502781282816,0.665832,2149.544828244233,2.227260536541688,3.4361228E-6,13.393262,0.00994126,0.2446689,7.9322094E-4,0.053428993,0.002658955,0.31413677,0.02182862,0.75428885,0.003503733,0.06227582,0.03581481,0.22233038,0.15476927,0.12458467,0.010916625,0.2446689,7.9322094E-4,"TWOGAUSSIANS_WITH_ELLIPSOIDAL_ON_ECLIPSE1",9,41.83065,0.2446689,7.9322094E-4,0.29920235,0.014890148,0.5632632,0.010935894,0.75428885,0.003503733,0.34874457,0.20056294,0.4705476,0.17300682
375316653866487564,4006028009727095936,0.5146552,2018.4955455780007,1.088628449306004,1.557105E-5,18.358818,0.003971109,0.31258458,0.0015652147,0.020043066,0.0016327891,0.42417535,0.03434023,null,null,null,null,null,null,null,null,null,null,"ONEGAUSSIAN",5,4.9263783,0.31258458,0.0015652147,0.11224117,0.00914362,0.42417535,0.0,null,null,null,null,null,null
375316653866487564,4006047461634178560,0.61758596,1993.7642329930793,4.779142403873818,1.4039062E-5,17.856976,0.019039907,0.31861728,0.0065410426,0.08929356,0.011970915,0.2599086,0.017042818,0.79657656,0.0021070465,0.060648594,0.0033975642,0.79009336,0.021596668,null,null,null,null,"TWOGAUSSIANS",8,9.765245,0.79657656,0.0021070465,0.33963212,0.01902636,0.7882705,0.020335529,0.31861728,0.0065410426,0.4,0.0,0.25808558,0.015359418
375316653866487564,4006309970035517696,0.55133677,1982.0728643417378,1.7140811700286778,6.2017243E-6,16.410946,0.0040871357,0.3223666,3.2073102E-4,0.024740884,8.6693116E-4,0.38154188,0.010132083,0.8225736,0.017468134,0.025800424,0.025428763,0.08971859,0.25809118,0.012524081,0.0071587195,0.3223666,3.2073102E-4,"TWOGAUSSIANS_WITH_ELLIPSOIDAL_ON_ECLIPSE1",9,23.37727,0.3223666,3.2073102E-4,0.13854896,0.0048548146,0.40659,0.009415234,0.8225736,0.01736271,0.14448237,0.14240107,0.114766665,0.2624209
375316653866487564,4006454143497462784,0.600454,2015.8876549510273,0.6720169456442546,2.0908547E-5,16.765173,0.007599891,0.20840605,0.03179552,0.035970517,0.018895308,1.2586979,0.8716486,0.7098099,0.00316838,0.06306688,0.0045000683,0.23019135,0.014840058,null,null,null,null,"TWOGAUSSIANS",8,38.82685,0.20840605,0.03179552,0.2014349,0.10581372,1.2586956,0.87167495,0.7098099,0.00316838,0.3531745,0.025200384,0.23018916,0.014836638
