Gaia/vari_eclipsing_binary/VariEclipsingBinary_151648-152645.csv
# %ECSV 1.0
# ---
# delimiter: ','
# meta: !!omap
# - RELEASE: Gaia DR3
# - TABLE: vari_eclipsing_binary
# - DESCRIPTION: >
#     This table describes the properties of the eclipsing binaries resulting from the variability analysis. 
# - CITATION: >
#     How to cite and acknowledge Gaia: 
#     https://gea.esac.esa.int/archive/documentation/credits.html 
# - KNOWN_ISSUES: >
#     Known issues: 
#     https://www.cosmos.esa.int/web/gaia-users/known-issues 
# - DOCUMENTATION: >
#     Tutorials and documentation: 
#     https://www.cosmos.esa.int/web/gaia-users/archive 
# datatype:
# - 
#   name: solution_id
#   datatype: int64
#   description: Solution Identifier
#   meta:
#     ucd: meta.version
# - 
#   name: source_id
#   datatype: int64
#   description: Unique source identifier
#   meta:
#     ucd: meta.id;meta.main
# - 
#   name: global_ranking
#   datatype: float32
#   description: Number between 0 (worst) and 1 (best)
#   meta:
#     ucd: stat.param
# - 
#   name: reference_time
#   datatype: float64
#   unit: d
#   description: Reference time used for the geometric model fit
#   meta:
#     ucd: time.epoch
# - 
#   name: frequency
#   datatype: float64
#   unit: d**-1
#   description: Frequency of geometric model of the eclipsing binary light curve
#   meta:
#     ucd: src.orbital
# - 
#   name: frequency_error
#   datatype: float32
#   unit: d**-1
#   description: "Uncertainty of \\texttt{frequency}"
#   meta:
#     ucd: stat.error
# - 
#   name: geom_model_reference_level
#   datatype: float32
#   unit: mag
#   description: Magnitude reference level of geometric model
#   meta:
#     ucd: phot.mag;em.opt
# - 
#   name: geom_model_reference_level_error
#   datatype: float32
#   unit: mag
#   description: "Uncertainty of \\texttt{geomModelReferenceLevel}"
#   meta:
#     ucd: stat.error;phot.mag;em.opt
# - 
#   name: geom_model_gaussian1_phase
#   datatype: float32
#   description: Phase of the Gaussian 1 component
#   meta:
#     ucd: time.phase
# - 
#   name: geom_model_gaussian1_phase_error
#   datatype: float32
#   description: "Uncertainty of \\texttt{geomModelGaussian1Phase}"
#   meta:
#     ucd: stat.error;time.phase
# - 
#   name: geom_model_gaussian1_sigma
#   datatype: float32
#   description: "Standard deviation [phase] of Gaussian 1 component"
#   meta:
#     ucd: stat.stdev
# - 
#   name: geom_model_gaussian1_sigma_error
#   datatype: float32
#   description: "Uncertainty of \\texttt{geomModelGaussian1Sigma}"
#   meta:
#     ucd: stat.error
# - 
#   name: geom_model_gaussian1_depth
#   datatype: float32
#   unit: mag
#   description: Magnitude depth of Gaussian 1 component
#   meta:
#     ucd: src.var.amplitude
# - 
#   name: geom_model_gaussian1_depth_error
#   datatype: float32
#   unit: mag
#   description: "Uncertainty of \\texttt{geomModelGaussian1Depth}"
#   meta:
#     ucd: stat.error;src.var.amplitude
# - 
#   name: geom_model_gaussian2_phase
#   datatype: float32
#   description: Phase of Gaussian 2 component
#   meta:
#     ucd: time.phase
# - 
#   name: geom_model_gaussian2_phase_error
#   datatype: float32
#   description: "Uncertainty of \\texttt{geomModelGaussian2Phase}"
#   meta:
#     ucd: stat.error;time.phase
# - 
#   name: geom_model_gaussian2_sigma
#   datatype: float32
[...]
#   datatype: float32
#   description: "Secondary eclipse: uncertainty of \\texttt{derivedSecondaryEclDuration}"
#   meta:
#     ucd: stat.error;time.duration
# - 
#   name: derived_secondary_ecl_depth
#   datatype: float32
#   unit: mag
#   description: "Secondary eclipse: depth"
#   meta:
#     ucd: src.var.amplitude
# - 
#   name: derived_secondary_ecl_depth_error
#   datatype: float32
#   unit: mag
#   description: "Secondary eclipse: uncertainty of \\texttt{derivedSecondaryEclDepth}"
#   meta:
#     ucd: stat.error;src.var.amplitude
solution_id,source_id,global_ranking,reference_time,frequency,frequency_error,geom_model_reference_level,geom_model_reference_level_error,geom_model_gaussian1_phase,geom_model_gaussian1_phase_error,geom_model_gaussian1_sigma,geom_model_gaussian1_sigma_error,geom_model_gaussian1_depth,geom_model_gaussian1_depth_error,geom_model_gaussian2_phase,geom_model_gaussian2_phase_error,geom_model_gaussian2_sigma,geom_model_gaussian2_sigma_error,geom_model_gaussian2_depth,geom_model_gaussian2_depth_error,geom_model_cosine_half_period_amplitude,geom_model_cosine_half_period_amplitude_error,geom_model_cosine_half_period_phase,geom_model_cosine_half_period_phase_error,model_type,num_model_parameters,reduced_chi2,derived_primary_ecl_phase,derived_primary_ecl_phase_error,derived_primary_ecl_duration,derived_primary_ecl_duration_error,derived_primary_ecl_depth,derived_primary_ecl_depth_error,derived_secondary_ecl_phase,derived_secondary_ecl_phase_error,derived_secondary_ecl_duration,derived_secondary_ecl_duration_error,derived_secondary_ecl_depth,derived_secondary_ecl_depth_error
[from data line 107]
375316653866487564,1336203912500908672,0.5409327,2219.6542697536415,1.762889075780366,1.5487156E-5,17.111229,0.0034777022,0.08896986,0.0074094064,0.033607166,0.008513344,0.02061287,0.010895466,0.5863136,0.005115074,0.04071423,0.0056522666,0.16232865,0.013266967,0.016811682,0.005294417,0.08896986,0.0074094064,"TWOGAUSSIANS_WITH_ELLIPSOIDAL_ON_ECLIPSE1",9,4.7309675,0.5863836,0.0049547087,0.22799969,0.031652693,0.19594286,0.012853649,0.08896986,0.0074094064,0.18820015,0.04767473,0.05423621,0.0062273573
375316653866487564,1336225524776368128,0.6026506,2178.2383166485924,1.4418047452332061,5.4975512E-6,14.280696,0.0057653734,0.2436837,0.001300027,0.068386845,0.008547271,0.060851168,0.011053652,0.75166076,0.0075940206,0.055314995,0.009043626,0.08819497,0.013654308,0.06705297,0.005836658,0.2436837,0.001300027,"TWOGAUSSIANS_WITH_ELLIPSOIDAL_ON_ECLIPSE1",9,17.142595,0.75166076,0.0075940206,0.30976397,0.0506443,0.221886,0.006183386,0.2436837,0.001300027,0.38296634,0.040838957,0.19487882,0.0032010472
375316653866487564,1336241222880451584,0.6187949,2206.949805119465,1.7963799243805914,5.467779E-6,17.76298,0.0043291715,0.29704925,0.003214397,0.025010403,0.0020610413,0.5979977,0.06602974,0.7998686,0.0010948615,0.027284311,0.001114187,0.6087073,0.024662025,0.022132248,0.006470021,0.29704925,0.003214397,"TWOGAUSSIANS_WITH_ELLIPSOIDAL_ON_ECLIPSE1",9,6.4858704,0.7998686,0.0010948615,0.15279214,0.0062394473,0.6529579,0.023422513,0.29704925,0.003214397,0.14005826,0.011541831,0.6422622,0.06667029
375316653866487564,1336243353184298368,0.53464293,2196.4247167372555,4.236919898243358,2.3542703E-5,19.548288,0.014441306,0.23886402,0.007752622,0.06853596,0.010325986,0.5463299,0.038817964,0.74024856,0.003106625,0.06922907,0.003982809,0.6264224,0.026322389,null,null,null,null,"TWOGAUSSIANS",8,3.42024,0.74024856,0.003106625,0.38768277,0.02230373,0.6248657,0.02598773,0.23886402,0.007752622,0.3838014,0.037368692,0.5447732,0.039619
375316653866487564,1336257887354180864,0.54572505,2214.6603003234864,3.5093930802883793,1.2283678E-5,18.713947,0.009242839,0.1562405,0.0037398739,0.043518085,0.008888444,0.252348,0.019650381,0.6511483,0.004354574,0.0361911,0.009519417,0.17084748,0.16489571,0.12635578,0.0135228,0.1562405,0.0037398739,"TWOGAUSSIANS_WITH_ELLIPSOIDAL_ON_ECLIPSE1",9,4.535136,0.1562405,0.0037398739,0.24370126,0.049775284,0.5050593,0.016770156,0.6518283,0.0035210105,0.20267014,0.053308737,0.42333442,0.17268625
375316653866487564,1336269745759708928,0.58221567,2207.887397635681,3.4546990549551335,1.1430008E-5,15.439141,0.043370526,0.20299265,0.0031642758,0.06969218,0.009872317,0.27447844,0.08671273,0.68968165,0.0056449533,0.06376069,0.009168384,0.37505546,0.085034035,0.0686135,0.04394507,0.20299265,0.0031642758,"TWOGAUSSIANS_WITH_ELLIPSOIDAL_ON_ECLIPSE1",9,138.1424,0.6910717,0.0049803252,0.35705987,0.05134295,0.51092184,0.012047202,0.20299265,0.0031642758,0.39027622,0.051379964,0.41120234,0.020188233
375316653866487564,1336278640636648320,0.45465755,2205.2328342084775,0.5344391142302792,3.840248E-5,19.051353,0.03331783,0.25179335,0.0048167226,0.026745327,0.0025120405,0.3467738,0.046346035,0.7500667,0.18990803,0.022859048,0.16497916,0.052868802,0.030209437,0.04413092,0.016454693,0.25179335,0.0048167226,"TWOGAUSSIANS_WITH_ELLIPSOIDAL_ON_ECLIPSE1",9,8.381083,0.25179335,0.0048970883,0.14977382,0.014067426,0.4350355,0.056507234,0.7501767,0.021392338,0.12801066,0.27457228,0.14112078,0.02470978
375316653866487564,1336290391666756864,0.58143044,2212.199404689451,3.659299840159273,6.77643E-6,16.955872,0.012525509,0.2357701,0.0018107839,0.043378826,0.0051343557,0.23829475,0.034811977,0.7464622,0.0020976868,0.0529962,0.0069529107,0.1556758,0.03584908,0.11068621,0.024956105,0.7464622,0.0020976868,"TWOGAUSSIANS_WITH_ELLIPSOIDAL_ON_ECLIPSE2",9,28.251863,0.23706011,0.0013905476,0.24292143,0.028752394,0.45878786,0.018282635,0.7464622,0.0020976868,0.2967787,0.038936302,0.37704593,0.015373233
375316653866487564,1336300566445120512,0.53122914,2163.200542849292,2.703991151439089,2.2430335E-5,13.367999,0.035193484,0.23507567,0.004402099,0.10274268,0.016977321,0.22327994,0.03042307,0.74672186,0.0056120134,0.11609727,0.017853098,0.21149449,0.03380617,null,null,null,null,"TWOGAUSSIANS",8,357.35364,0.23504567,0.004402087,0.4,0.0,0.19518924,0.008811615,0.7467318,0.005618082,0.4,0.0,0.18336423,0.009785207
375316653866487564,1336322724179663744,0.5921275,2188.956458918809,4.036646087117993,8.761129E-6,17.567167,0.021867843,0.24803835,0.008371153,0.05683442,0.012336322,0.26765227,0.03681013,0.7556996,0.0020752277,0.04745824,0.0060205157,0.40559155,0.047258083,0.10575263,0.024974471,0.7556996,0.0020752277,"TWOGAUSSIANS_WITH_ELLIPSOIDAL_ON_ECLIPSE2",9,12.24878,0.7556996,0.0020752277,0.26576614,0.033714887,0.61708677,0.051475942,0.24931835,0.0065146703,0.31827274,0.0690834,0.47873977,0.030547062
375316653866487564,1336325988354837760,0.5831793,2183.825566363286,3.92935938468549,7.680743E-6,18.595488,0.004739311,0.24277817,0.0017295933,0.055593926,0.0025669227,0.56958586,0.012676203,0.739843,0.0040929727,0.07735799,0.0055437135,0.24643031,0.014914678,null,null,null,null,"TWOGAUSSIANS",8,3.6429598,0.24277817,0.0017295933,0.311326,0.0143747665,0.5690533,0.012742676,0.739843,0.0040929727,0.4,0.0,0.24589773,0.015057894
375316653866487564,1336334921887638912,0.5488528,2175.465240105936,1.8322956029537127,1.4059044E-5,18.500145,0.005115181,0.580117,0.002505886,0.02844302,0.0019894813,0.8696837,0.08955604,null,null,null,null,null,null,null,null,null,null,"ONEGAUSSIAN",5,7.220724,0.580117,0.002505886,0.15928091,0.011141095,0.8696837,0.0,null,null,null,null,null,null
375316653866487564,1336346952091789440,0.5989009,2190.9819524154677,2.1019745328300186,6.463725E-6,13.886481,0.007721994,0.26665965,0.0013450806,0.05417259,0.0070113125,0.2351604,0.0711533,0.7662331,0.0023613598,0.051819406,0.0031269332,0.31722912,0.019773295,0.019001761,0.010303545,0.26665965,0.0013450806,"TWOGAUSSIANS_WITH_ELLIPSOIDAL_ON_ECLIPSE1",9,62.18681,0.7662431,0.0023350546,0.29018867,0.017510826,0.35522383,0.010420549,0.26665965,0.0013450806,0.3033665,0.03926335,0.27315536,0.079755016
375316653866487564,1336358840561322112,0.46727794,2214.884321328017,1.0204825170446241,3.377905E-6,16.470316,0.009570996,0.35042447,0.013601512,0.027689802,0.010316485,0.25063092,0.09985515,0.8619722,0.0011045777,0.023853369,0.0016240283,0.37714195,0.028230917,null,null,null,null,"TWOGAUSSIANS",8,96.0439,0.8619722,0.0011045777,0.13357887,0.009094559,0.37714195,0.028230917,0.35042447,0.013601512,0.15506288,0.057772312,0.25063092,0.09985515
375316653866487564,1336412922789572608,0.4548713,2193.615335914177,0.48282518839063127,2.4792302E-5,16.688147,0.100447714,0.206876,0.023915537,0.12591343,0.13217077,0.051966175,0.09936961,0.65858054,0.011512587,0.093564875,0.034380473,0.11176519,0.056742106,null,null,null,null,"TWOGAUSSIANS",8,13.995511,0.65858054,0.011512587,0.4,0.0,0.105721556,0.017228492,0.206896,0.023741161,0.4,0.0,0.045836158,0.017181965
375316653866487564,1336436798511108480,0.5979636,2198.571373127478,1.2091066678616411,4.157431E-6,15.01447,0.0068468642,0.29119235,0.0023088239,0.02856121,0.0037678394,0.21671455,0.01541872,0.7881682,0.0021216343,0.027039867,0.0032639238,0.7839983,0.059131406,0.05197532,0.009705389,0.7881682,0.0021216343,"TWOGAUSSIANS_WITH_ELLIPSOIDAL_ON_ECLIPSE2",9,65.63887,0.7881682,0.0021216343,0.15142326,0.018277973,0.8879489,0.06301888,0.29110235,0.0022133265,0.15994278,0.0210999,0.3206287,0.014022624
375316653866487564,1336471265625277824,0.5633432,2164.3324920476616,3.044711169927537,1.22890115E-5,15.084688,0.05819326,0.20831497,0.0032891573,0.11549778,0.02134461,0.20237109,0.053267997,0.6953738,0.0033350396,0.13013445,0.017655266,0.2323005,0.05813118,null,null,null,null,"TWOGAUSSIANS",8,39.62276,0.6953738,0.0033350396,0.4,0.0,0.18322478,0.007465512,0.20852496,0.0031654383,0.4,0.0,0.15356654,0.008983505
375316653866487564,1336473705166710016,0.5066154,2168.251049268366,3.324918084637701,2.9001429E-5,13.534386,1.0353177,0.28299725,0.006501902,0.121165074,0.11926409,0.17993549,0.8222981,0.784423,0.006247753,0.13064112,0.15867622,0.1922119,0.97786754,null,null,null,null,"TWOGAUSSIANS",8,182.90887,0.784433,0.006683436,0.4,0.0,0.14103968,0.008230705,0.28297725,0.00604495,0.4,0.0,0.12894477,0.015453642
375316653866487564,1336514421456716416,0.44690153,2198.568224264063,2.450641501229241,3.082985E-5,15.274258,0.20803472,0.32844225,0.009577553,0.21110283,0.11554287,0.6565344,0.3250874,0.82422996,0.011488253,0.20015922,0.11615696,0.58275276,0.29658592,null,null,null,null,"TWOGAUSSIANS",8,116.3536,0.33199224,0.00740028,0.4,0.0,0.12246058,0.011914054,0.82422996,0.011488253,0.4,0.0,0.07661999,0.016695097
375316653866487564,1336525622731432448,0.48045623,2196.6948382363043,2.73235038876223,2.0498335E-5,14.597695,0.62400734,0.2578411,0.009179992,0.15740073,0.1085771,0.21794431,0.59029263,0.74008083,0.016267525,0.14339705,0.075966,0.2008606,0.50496536,null,null,null,null,"TWOGAUSSIANS",8,117.35081,0.2589311,0.0047440366,0.4,0.0,0.123745486,0.009010989,0.74008083,0.016267525,0.4,0.0,0.1086271,0.011781755
375316653866487564,1336525962033118848,0.6416979,2169.3549097068285,2.719110701956739,3.9156357E-6,16.658209,0.012187468,0.3128732,0.0017263388,0.051311154,0.003563823,0.3054529,0.02655926,0.8077102,9.7494206E-4,0.05756249,0.003588379,0.31486282,0.02515813,0.09761094,0.015325274,0.8077102,9.7494206E-4,"TWOGAUSSIANS_WITH_ELLIPSOIDAL_ON_ECLIPSE2",9,11.585226,0.8077102,9.7494206E-4,0.32234994,0.020094922,0.51005787,0.013207844,0.31226322,0.0014944465,0.28734246,0.019957408,0.5004666,0.007471977
375316653866487564,1336541806168266496,0.5249784,2229.4973637533953,0.9716717252005692,4.996383E-6,14.230782,0.012111046,0.17681935,0.0011227042,0.03568429,0.0022716387,0.4054017,0.029049903,0.6805947,0.0054579475,0.043980736,0.016904013,0.1730757,0.07846046,0.031401407,0.019039392,0.6805947,0.0054579475,"TWOGAUSSIANS_WITH_ELLIPSOIDAL_ON_ECLIPSE2",9,422.66895,0.17687935,0.0011007553,0.19983204,0.012721177,0.46816966,0.012938066,0.6805947,0.0054579475,0.24629211,0.09466247,0.23587844,0.081089586
375316653866487564,1336571080665376128,0.6096628,2167.403483674763,3.594355136638474,9.072299E-6,13.504541,0.0444422,0.22542366,0.0020496529,0.06638994,0.006163338,0.5631858,0.085912354,0.7320412,0.0036516504,0.06934267,0.006485807,0.55015916,0.08733058,0.014928791,0.0445975,0.22542366,0.0020496529,"TWOGAUSSIANS_WITH_ELLIPSOIDAL_ON_ECLIPSE1",9,448.7667,0.22542366,0.0020496529,0.37178367,0.03451469,0.5919917,0.01639319,0.7320412,0.0036516504,0.388319,0.03503688,0.57891345,0.016860846
375316653866487564,1336578017036034048,0.52492315,2247.9259971502165,3.077796019092938,1.747677E-5,18.583414,0.0139950225,0.20910266,0.008344,0.07286979,0.008692945,0.34186518,0.021074763,0.7098997,0.00587194,0.081665255,0.00929482,0.24819237,0.018177703,null,null,null,null,"TWOGAUSSIANS",8,8.008461,0.20910266,0.008344,0.4,0.011788161,0.33885053,0.020571794,0.7098997,0.00587194,0.4,0.0,0.24517772,0.017717764
375316653866487564,1336580014197430912,0.59599864,2196.2597216009167,2.1962393122329775,4.6838063E-6,12.633923,0.0026481526,0.23145048,0.0025983527,0.027621705,0.021801388,0.017497433,0.008590042,0.72569287,0.002093022,0.0511568,0.0026438478,0.110264175,0.0074680303,0.053003483,0.0049137296,0.23145048,0.0025983527,"TWOGAUSSIANS_WITH_ELLIPSOIDAL_ON_ECLIPSE1",9,70.68198,0.72664285,0.0015234122,0.28647807,0.014805549,0.21615419,0.0049784016,0.23145048,0.0025983527,0.15468155,0.12208778,0.123503156,0.008177194
375316653866487564,1336611006681187712,0.4749336,2195.145331016168,2.2466486550377343,1.3218172E-5,16.152756,0.0020094237,0.7612586,0.0036913287,0.06803071,0.017463947,0.01264207,0.0055036307,null,null,null,null,null,null,0.031788986,0.0028734563,0.7612586,0.0036913287,"ONEGAUSSIAN_WITH_ELLIPSOIDAL",6,8.643647,0.7612586,0.0036913287,0.38097197,0.08945785,0.07620492,0.0044099586,null,null,null,null,null,null
375316653866487564,1336617049699089152,0.5178883,2204.2950189753933,3.570082916169436,8.650903E-6,18.100603,0.00897342,0.22717975,0.004225656,0.08156428,0.006997401,0.19401084,0.010056248,0.7195048,0.004088999,0.08938115,0.009211766,0.23411474,0.016751127,null,null,null,null,"TWOGAUSSIANS",8,5.52468,0.7195048,0.004088999,0.4,0.0,0.22891632,0.018183358,0.22717975,0.004225656,0.4,0.0,0.1888125,0.008982808
375316653866487564,1336620451313075584,0.50091046,2237.8812123993266,3.4948183358376923,2.0075271E-5,17.683525,0.0048359903,0.28516594,0.0043875906,0.029006016,0.026017878,0.21469383,566.6937,0.83046174,0.021337012,0.015847808,0.051516727,0.045595102,0.06392757,0.059078086,0.00858712,0.28516594,0.0043875906,"TWOGAUSSIANS_WITH_ELLIPSOIDAL_ON_ECLIPSE1",9,6.0652256,0.28516594,0.0043875906,0.16243368,0.14570011,0.33284992,566.69604,0.83046174,0.021337012,0.088747725,0.28849366,0.15443638,0.07483587
375316653866487564,1336644090813447808,0.6031052,2203.394083114473,4.060227615750227,4.983842E-6,18.481194,0.011308281,0.22126834,0.0014538266,0.04570873,0.0041333023,0.38663512,0.022775058,0.71553826,0.0018236097,0.04948645,0.003496296,0.30243295,0.02747196,0.115015104,0.015865454,0.22126834,0.0014538266,"TWOGAUSSIANS_WITH_ELLIPSOIDAL_ON_ECLIPSE1",9,3.9658372,0.22126834,0.0014538266,0.2559689,0.023146493,0.6166639,0.014082025,0.71626824,0.0015464108,0.2771241,0.019579258,0.5322019,0.015177064
375316653866487564,1336645572577999744,0.62913585,2194.9441634084365,1.623176629231196,4.795436E-6,14.63301,0.0026871802,0.25768834,0.0027634015,0.046019904,0.0062215487,0.04360573,0.009777018,0.76209235,0.0024763588,0.057356533,0.002392463,0.12941532,0.008909396,0.044626042,0.0059658447,0.25768834,0.0027634015,"TWOGAUSSIANS_WITH_ELLIPSOIDAL_ON_ECLIPSE1",9,15.239128,0.76209235,0.0024763588,0.3211966,0.013397792,0.21859214,0.0053723953,0.25768834,0.0027634015,0.25771147,0.034840673,0.13285086,0.0037599162
375316653866487564,1336649936264802304,0.547528,2223.0473334144253,0.03332833987983775,1.0495412E-6,16.009314,0.0012879127,0.2479722,9.407343E-8,0.0010097219,4.6908526E-6,0.34609553,8.863424E-4,0.83962756,0.02743807,0.03675757,0.027748268,0.012572426,0.013732271,null,null,null,null,"TWOGAUSSIANS",8,8.572431,0.2479722,9.407343E-8,0.0056544426,2.6268774E-5,0.34609553,8.863424E-4,0.83962756,0.02743807,0.20584239,0.15539029,0.012572426,0.013732271
375316653866487564,1336683402650074752,0.63806635,2182.1007521535535,3.4558240814476995,3.926636E-6,14.748948,0.0136846,0.17637834,0.0015329269,0.053739686,0.0029485538,0.39547947,0.03409124,0.67436045,0.0011881209,0.044951417,0.0026172942,0.36788654,0.030018572,0.13545214,0.016397746,0.17637834,0.0015329269,"TWOGAUSSIANS_WITH_ELLIPSOIDAL_ON_ECLIPSE1",9,136.06981,0.17637834,0.0015329269,0.30094224,0.016511902,0.66637576,0.01727819,0.67457044,0.0010390392,0.25172794,0.014656847,0.6387439,0.009170133
375316653866487564,1336684502161719552,0.5070264,2192.982788465089,1.623586391492407,6.3703574E-6,17.637262,0.0020382276,0.43716672,0.0016247068,0.026358,0.0018078927,0.22035521,0.024488872,0.8738468,0.0072699143,0.013554757,0.005670842,0.031414624,0.02649782,null,null,null,null,"TWOGAUSSIANS",8,3.7848942,0.43716672,0.0016247068,0.1476048,0.010124199,0.22035521,0.024488872,0.8738468,0.0072699143,0.07590664,0.031756714,0.031414624,0.02649782
375316653866487564,1336707763703111296,0.43289474,2139.491773337562,0.1468035602724626,1.13314745E-4,16.22821,0.0030718406,0.559762,0.024996683,0.04251106,0.023580624,0.019563133,0.009004075,0.807958,0.018233117,0.04340156,0.010033096,0.13601711,0.05652014,null,null,null,null,"TWOGAUSSIANS",8,3.9392822,0.807958,0.018233117,0.24304874,0.05618534,0.13601711,0.056520138,0.559762,0.024996683,0.23806193,0.13205148,0.019563144,0.009004203
