Gaia/vari_eclipsing_binary/VariEclipsingBinary_205484-205542.csv
# %ECSV 1.0
# ---
# delimiter: ','
# meta: !!omap
# - RELEASE: Gaia DR3
# - TABLE: vari_eclipsing_binary
# - DESCRIPTION: >
#     This table describes the properties of the eclipsing binaries resulting from the variability analysis. 
# - CITATION: >
#     How to cite and acknowledge Gaia: 
#     https://gea.esac.esa.int/archive/documentation/credits.html 
# - KNOWN_ISSUES: >
#     Known issues: 
#     https://www.cosmos.esa.int/web/gaia-users/known-issues 
# - DOCUMENTATION: >
#     Tutorials and documentation: 
#     https://www.cosmos.esa.int/web/gaia-users/archive 
# datatype:
# - 
#   name: solution_id
#   datatype: int64
#   description: Solution Identifier
#   meta:
#     ucd: meta.version
# - 
#   name: source_id
#   datatype: int64
#   description: Unique source identifier
#   meta:
#     ucd: meta.id;meta.main
# - 
#   name: global_ranking
#   datatype: float32
#   description: Number between 0 (worst) and 1 (best)
#   meta:
#     ucd: stat.param
# - 
#   name: reference_time
#   datatype: float64
#   unit: d
#   description: Reference time used for the geometric model fit
#   meta:
#     ucd: time.epoch
# - 
#   name: frequency
#   datatype: float64
#   unit: d**-1
#   description: Frequency of geometric model of the eclipsing binary light curve
#   meta:
#     ucd: src.orbital
# - 
#   name: frequency_error
#   datatype: float32
#   unit: d**-1
#   description: "Uncertainty of \\texttt{frequency}"
#   meta:
#     ucd: stat.error
# - 
#   name: geom_model_reference_level
#   datatype: float32
#   unit: mag
#   description: Magnitude reference level of geometric model
#   meta:
#     ucd: phot.mag;em.opt
# - 
#   name: geom_model_reference_level_error
#   datatype: float32
#   unit: mag
#   description: "Uncertainty of \\texttt{geomModelReferenceLevel}"
#   meta:
#     ucd: stat.error;phot.mag;em.opt
# - 
#   name: geom_model_gaussian1_phase
#   datatype: float32
#   description: Phase of the Gaussian 1 component
#   meta:
#     ucd: time.phase
# - 
#   name: geom_model_gaussian1_phase_error
#   datatype: float32
#   description: "Uncertainty of \\texttt{geomModelGaussian1Phase}"
#   meta:
#     ucd: stat.error;time.phase
# - 
#   name: geom_model_gaussian1_sigma
#   datatype: float32
#   description: "Standard deviation [phase] of Gaussian 1 component"
#   meta:
#     ucd: stat.stdev
# - 
#   name: geom_model_gaussian1_sigma_error
#   datatype: float32
#   description: "Uncertainty of \\texttt{geomModelGaussian1Sigma}"
#   meta:
#     ucd: stat.error
# - 
#   name: geom_model_gaussian1_depth
#   datatype: float32
#   unit: mag
#   description: Magnitude depth of Gaussian 1 component
#   meta:
#     ucd: src.var.amplitude
# - 
#   name: geom_model_gaussian1_depth_error
#   datatype: float32
#   unit: mag
#   description: "Uncertainty of \\texttt{geomModelGaussian1Depth}"
#   meta:
#     ucd: stat.error;src.var.amplitude
# - 
#   name: geom_model_gaussian2_phase
#   datatype: float32
#   description: Phase of Gaussian 2 component
#   meta:
#     ucd: time.phase
# - 
#   name: geom_model_gaussian2_phase_error
#   datatype: float32
#   description: "Uncertainty of \\texttt{geomModelGaussian2Phase}"
#   meta:
#     ucd: stat.error;time.phase
# - 
#   name: geom_model_gaussian2_sigma
#   datatype: float32
[...]
#   datatype: float32
#   description: "Secondary eclipse: uncertainty of \\texttt{derivedSecondaryEclDuration}"
#   meta:
#     ucd: stat.error;time.duration
# - 
#   name: derived_secondary_ecl_depth
#   datatype: float32
#   unit: mag
#   description: "Secondary eclipse: depth"
#   meta:
#     ucd: src.var.amplitude
# - 
#   name: derived_secondary_ecl_depth_error
#   datatype: float32
#   unit: mag
#   description: "Secondary eclipse: uncertainty of \\texttt{derivedSecondaryEclDepth}"
#   meta:
#     ucd: stat.error;src.var.amplitude
solution_id,source_id,global_ranking,reference_time,frequency,frequency_error,geom_model_reference_level,geom_model_reference_level_error,geom_model_gaussian1_phase,geom_model_gaussian1_phase_error,geom_model_gaussian1_sigma,geom_model_gaussian1_sigma_error,geom_model_gaussian1_depth,geom_model_gaussian1_depth_error,geom_model_gaussian2_phase,geom_model_gaussian2_phase_error,geom_model_gaussian2_sigma,geom_model_gaussian2_sigma_error,geom_model_gaussian2_depth,geom_model_gaussian2_depth_error,geom_model_cosine_half_period_amplitude,geom_model_cosine_half_period_amplitude_error,geom_model_cosine_half_period_phase,geom_model_cosine_half_period_phase_error,model_type,num_model_parameters,reduced_chi2,derived_primary_ecl_phase,derived_primary_ecl_phase_error,derived_primary_ecl_duration,derived_primary_ecl_duration_error,derived_primary_ecl_depth,derived_primary_ecl_depth_error,derived_secondary_ecl_phase,derived_secondary_ecl_phase_error,derived_secondary_ecl_duration,derived_secondary_ecl_duration_error,derived_secondary_ecl_depth,derived_secondary_ecl_depth_error
[from data line 435]
375316653866487564,1807812104950836736,0.5596351,2075.170654399815,3.588575668307379,1.1849672E-5,19.268885,0.020062612,0.21638641,0.0023679615,0.04538542,0.0067809764,0.40765134,0.050902776,0.72028685,0.006631095,0.04361722,0.008616696,0.28652567,0.05156562,0.1384337,0.027559783,0.21638641,0.0023679615,"TWOGAUSSIANS_WITH_ELLIPSOIDAL_ON_ECLIPSE1",9,3.4870713,0.21638641,0.0023679615,0.25415835,0.037973467,0.6845186,0.04756103,0.72028685,0.0064536473,0.24425642,0.0482535,0.56322664,0.038470484
375316653866487564,1807812620346255360,0.4683244,2132.238814547773,0.36118499758123834,2.1078218E-5,17.810705,0.0015867915,0.22623561,7.844126E-4,0.010565461,0.0016172376,0.13061088,0.048717283,0.7120575,0.006238691,0.021392118,0.0040513603,0.12665157,0.04013401,null,null,null,null,"TWOGAUSSIANS",8,2.2574284,0.22623561,7.844126E-4,0.05916658,0.00905653,0.13061088,0.048717283,0.7120575,0.006238691,0.11979587,0.02268762,0.12665157,0.04013401
375316653866487564,1807812624642011008,0.57945234,2096.0525532365577,3.4961367830049808,8.899733E-6,18.267866,0.0069000935,0.28793633,0.0025674643,0.08067854,0.006629314,0.2697451,0.010711809,0.78904873,0.0015514822,0.08047962,0.004671708,0.26143265,0.007911932,null,null,null,null,"TWOGAUSSIANS",8,1.3668879,0.28793633,0.0025674643,0.4,0.0,0.26552135,0.012528615,0.78904873,0.0015514822,0.4,0.0,0.25720888,0.00820631
375316653866487564,1807814480080820224,0.5988898,2101.3709303743312,1.2462673045862769,6.244043E-6,16.12118,0.007978634,0.27764472,0.0016919072,0.10885911,0.0041100653,0.2292401,0.0078270165,0.77970517,0.0013743284,0.09503836,0.003184181,0.31529263,0.0076232175,null,null,null,null,"TWOGAUSSIANS",8,9.69326,0.77970517,0.0013743284,0.4,0.0,0.28983134,0.00526356,0.27764472,0.0016919072,0.4,0.0,0.20376736,0.0048607504
375316653866487564,1807815476513160960,0.63249844,2111.826099304651,1.7791001229026315,4.310711E-6,16.154907,0.0012502827,0.26647642,5.5498705E-4,0.054661807,0.0015336787,0.17767543,0.0073293247,0.7787195,0.0065636975,0.028204523,0.0050314358,0.02311339,0.0048739715,0.06295511,0.0021950242,0.26647642,5.5498705E-4,"TWOGAUSSIANS_WITH_ELLIPSOIDAL_ON_ECLIPSE1",9,3.9616957,0.26647642,5.5498705E-4,0.30610612,0.008588601,0.30358055,0.0072325785,0.7787195,0.0065636975,0.15794533,0.02817604,0.14827491,0.0031814387
375316653866487564,1807818358425023360,0.4654243,2099.7214044184043,3.5260574291352804,2.3515026E-5,19.097353,0.07303264,0.20995097,0.008561173,0.12807684,0.033845372,0.22223735,0.07039016,0.72241676,0.005276583,0.11104581,0.021870293,0.21181789,0.0705514,null,null,null,null,"TWOGAUSSIANS",8,2.6198199,0.20993097,0.008525911,0.4,0.0,0.1786452,0.01736649,0.72255677,0.0051896777,0.4,0.0,0.16843987,0.011786717
375316653866487564,1807819904613370752,0.47474518,2098.1847140611258,0.6897944035500391,8.1877215E-6,19.335892,0.004699081,0.13819343,0.00407303,0.014056623,0.0053609004,0.26004672,0.1424982,0.6390099,9.844789E-4,0.017770855,9.3082536E-4,0.45776612,0.03162387,null,null,null,null,"TWOGAUSSIANS",8,2.5333385,0.6390099,9.844789E-4,0.09951679,0.005212622,0.45776612,0.03162387,0.13819343,0.00407303,0.07871708,0.030021042,0.26004672,0.1424982
375316653866487564,1807820011998928000,0.45665392,2106.6655678748543,0.4456496320857342,1.3522502E-5,16.44447,0.0027655729,0.25102124,0.011183031,0.017450076,0.013566511,0.13864575,0.026478244,0.7449245,0.0018098186,0.015653158,0.0051024826,0.17081644,0.12704399,null,null,null,null,"TWOGAUSSIANS",8,35.79649,0.7449245,0.0018098186,0.08765768,0.028573902,0.17081644,0.12704399,0.25102124,0.011183031,0.09772042,0.07597246,0.13864575,0.026478244
375316653866487564,1807821558175024000,0.5154655,2073.037730528353,3.603438608923016,1.386301E-5,19.500526,0.033402894,0.30428937,0.004828864,0.082124494,0.009627882,0.46718717,0.034012973,0.78895324,0.004972861,0.090303645,0.013914137,0.3381524,0.034439795,null,null,null,null,"TWOGAUSSIANS",8,2.4598203,0.30428937,0.004828864,0.4,0.0,0.4581573,0.030655505,0.78895324,0.004972861,0.4,0.0,0.32912233,0.0343628
375316653866487564,1807822588966189440,0.47620547,2109.01935531863,3.622631686077998,1.5351874E-5,18.519955,0.0023783722,0.252475,0.004726379,0.016656727,0.013459556,0.024518242,9.4027203E9,null,null,null,null,null,null,0.062260184,0.0030240407,0.252475,0.004726379,"ONEGAUSSIAN_WITH_ELLIPSOIDAL",6,3.1231575,0.252475,0.004726379,0.09327767,0.07537351,0.14903861,9.4027203E9,null,null,null,null,null,null
375316653866487564,1807826536041453184,0.61793184,2118.605359467505,1.5945088253014226,2.4570649E-5,18.45444,0.0022726895,0.20231643,0.0020137301,0.049865704,0.0022148204,0.16380812,0.005774255,0.7044063,0.0016686021,0.03785894,0.0012481357,0.75519955,0.041822802,null,null,null,null,"TWOGAUSSIANS",8,1.1196771,0.7044063,0.0016686021,0.21201006,0.0069895596,0.75519955,0.041822817,0.20231643,0.0020137301,0.27924794,0.012402995,0.16380808,0.0057742717
375316653866487564,1807826609055797248,0.52373165,2094.303854380677,3.188584475991657,8.93753E-6,19.066853,0.017023921,0.21243061,0.0016926208,0.06387265,0.003943628,0.3410935,0.018759647,0.6961627,0.0052684355,0.08678076,0.0056176353,0.44185194,0.020633863,null,null,null,null,"TWOGAUSSIANS",8,2.3195193,0.6961627,0.0052684355,0.4,0.0,0.43964618,0.019675009,0.21243061,0.0016926208,0.35768685,0.022084318,0.33888784,0.017809443
375316653866487564,1807828086537267200,0.51864666,2096.1870276679906,1.0361042575497614,1.2934642E-5,13.829049,0.012553864,0.22854458,0.005148133,0.2586869,0.0272081,0.14742452,0.012478676,0.72898674,0.0040424466,0.1507486,0.0135167735,0.1101364,0.017681861,null,null,null,null,"TWOGAUSSIANS",8,13.728729,0.72926676,0.0038681382,0.4,0.0,0.033390667,0.0019176494,0.22844458,0.0054564737,0.4,0.0,0.02620874,0.0019341802
375316653866487564,1807828666345742848,0.5647939,2101.0899373811953,4.074071643129255,5.5377445E-6,18.570635,0.0134227425,0.31070006,0.0030443675,0.056650557,0.0107069705,0.32057327,0.093664825,0.7960635,0.0056408993,0.04762399,0.006956598,0.24596356,0.028379476,0.09977274,0.016868377,0.31070006,0.0030443675,"TWOGAUSSIANS_WITH_ELLIPSOIDAL_ON_ECLIPSE1",9,3.5434623,0.31070006,0.0030443675,0.3172431,0.05995903,0.52009827,0.09088251,0.7979135,0.00510953,0.26669434,0.038956948,0.4440178,0.013731618
375316653866487564,1807831586923522304,0.5155544,2112.5870599714644,3.8208228583942163,1.6793247E-5,18.170954,0.0045863297,0.20561187,0.0044079437,0.058068212,0.025065688,0.039541636,0.012548992,0.40486032,0.018439326,0.068551786,0.01760352,0.0389441,0.007030279,0.07117895,0.006748629,0.20561187,0.0044079437,"TWOGAUSSIANS_WITH_ELLIPSOIDAL_ON_ECLIPSE1",9,3.1128678,0.20671187,0.00422339,0.325182,0.14036785,0.18247844,0.010716867,0.40486032,0.018439326,0.38389,0.08798901,0.053041022,0.010504947
375316653866487564,1807831625590488448,0.55533075,2102.5314824600455,2.9116462933962244,1.1781305E-5,15.265489,0.011176888,0.29520324,0.0033018084,0.054927632,0.013868286,0.11910162,0.022202756,0.8004522,0.0065911696,0.049894236,0.011111159,0.07216403,0.024374695,0.07367404,0.013338102,0.29520324,0.0033018084,"TWOGAUSSIANS_WITH_ELLIPSOIDAL_ON_ECLIPSE1",9,58.343647,0.29520324,0.0033018084,0.30759475,0.0776624,0.26644537,0.0135542955,0.8004522,0.0065911696,0.2794077,0.062222492,0.21934758,0.0054022595
375316653866487564,1807833854666904960,0.624723,2104.23059620605,3.8587080200528403,4.677598E-6,17.945692,0.007156589,0.28741163,0.0011213706,0.051604345,0.0025727889,0.39102784,0.016938398,0.78583944,0.002027619,0.048554204,0.0030072394,0.32731983,0.019358592,0.11462293,0.009206397,0.28741163,0.0011213706,"TWOGAUSSIANS_WITH_ELLIPSOIDAL_ON_ECLIPSE1",9,2.543957,0.28741163,0.0011213706,0.28898433,0.014407617,0.6202698,0.010914459,0.78601944,0.001771262,0.27190354,0.01684054,0.556542,0.019048858
375316653866487564,1807834133851354368,0.655986,2099.1357600393385,0.8314251126739937,2.0867403E-6,13.953101,0.0032451202,0.23609859,0.001459073,0.08832998,0.0017947241,0.371708,0.004388224,0.73470575,7.489423E-4,0.08074234,0.0011092009,0.42792913,0.0067336713,null,null,null,null,"TWOGAUSSIANS",8,66.50189,0.73470575,7.489423E-4,0.4,0.0,0.4181582,0.0067637996,0.23609859,0.001459073,0.4,0.0,0.361937,0.004160787
375316653866487564,1807835125977633536,0.5947669,2131.7105517677055,3.8933512574713998,4.428891E-6,17.630735,0.009506545,0.26087686,0.0016827662,0.04127861,0.0036197337,0.27971348,0.020875776,0.74891335,0.0043978537,0.05120437,0.005204738,0.20896049,0.023148753,0.122680925,0.014353448,0.26087686,0.0016827662,"TWOGAUSSIANS_WITH_ELLIPSOIDAL_ON_ECLIPSE1",9,8.917758,0.26087686,0.0016827662,0.23116021,0.02027051,0.5250747,0.011109412,0.7512533,0.0034099158,0.28674445,0.029146533,0.45320767,0.009911973
375316653866487564,1807838875495497984,0.6612881,2121.404555468477,2.931348559263692,4.3800605E-6,16.844011,0.01172275,0.22041783,0.001650229,0.042254604,0.004111468,0.598016,0.025066722,0.7164982,0.0024432621,0.04199633,0.0034590065,0.5271295,0.026709855,0.13334836,0.014187854,0.7164982,0.0024432621,"TWOGAUSSIANS_WITH_ELLIPSOIDAL_ON_ECLIPSE2",9,15.241572,0.22018783,0.0015250209,0.23662579,0.02302422,0.86456054,0.02346426,0.7164982,0.0024432621,0.23517945,0.019370437,0.7938261,0.009679588
375316653866487564,1807840284244868736,0.4911867,2129.0976990922713,3.620879847451619,1.7321507E-5,15.291134,0.0031206927,0.26325488,0.003916738,0.06287266,0.04106033,0.020903017,0.025904596,null,null,null,null,null,null,0.08265282,0.0039239195,0.26325488,0.003916738,"ONEGAUSSIAN_WITH_ELLIPSOIDAL",6,138.1292,0.26325488,0.003916738,0.3520869,0.22636966,0.18620068,0.026480226,null,null,null,null,null,null
375316653866487564,1807841383756433664,0.5761788,2161.4100469718387,1.2972719991434918,6.4724104E-6,17.759466,0.0049510454,0.21227619,0.0012194174,0.03861263,0.002446849,0.2705774,0.011198893,0.7088712,0.003140467,0.016310386,0.009863561,0.022525892,0.0074264854,0.01722447,0.0067287283,0.21227619,0.0012194174,"TWOGAUSSIANS_WITH_ELLIPSOIDAL_ON_ECLIPSE1",9,3.9353518,0.21227619,0.0012194174,0.21623074,0.013702353,0.3050263,0.010214127,0.70898116,0.0031340178,0.091338165,0.05523594,0.05695951,0.0075429576
375316653866487564,1807841624274623616,0.55523515,2143.2747182055546,3.5464855132215747,8.565772E-6,14.737637,0.010764598,0.25013846,0.0026373183,0.08908775,0.004936071,0.32536885,0.010559935,0.7436582,0.0035656448,0.08979416,0.0054661036,0.27342898,0.01615874,null,null,null,null,"TWOGAUSSIANS",8,179.7861,0.25013846,0.0026373183,0.4,0.0,0.31454295,0.008229379,0.7436582,0.0035656448,0.4,0.0,0.26260307,0.015195518
375316653866487564,1807841727353851264,0.5624299,2157.5272480577337,0.3290265237867771,9.509739E-6,14.661584,0.0014493567,0.2610252,0.12372201,0.05227322,0.11350875,0.0070231142,0.08829002,0.48611858,0.0014579272,0.02282234,0.0010802938,0.18531571,0.010642658,0.0021005624,0.0039723236,0.2610252,0.12372201,"TWOGAUSSIANS_WITH_ELLIPSOIDAL_ON_ECLIPSE1",9,25.27363,0.48611858,0.001448421,0.1278051,0.006049645,0.18541834,0.010870388,0.2610252,0.12372201,0.29273006,0.635649,0.011224164,0.08330692
375316653866487564,1807842959998366080,0.55905634,2136.2098960598782,2.7659813265157305,7.3757565E-6,17.238186,0.006704784,0.28590077,0.0016234693,0.08428391,0.0029930372,0.28794727,0.0075489683,0.79071605,0.0022040717,0.08950848,0.0055566705,0.31119195,0.017610203,null,null,null,null,"TWOGAUSSIANS",8,6.1409893,0.79071605,0.0022040717,0.4,0.0,0.30237386,0.019901872,0.28590077,0.0016234693,0.4,0.0,0.2791293,0.006412818
375316653866487564,1807843788938888064,0.45806336,2172.357223444926,2.3948914728746473,2.955574E-5,17.2113,0.005302439,0.21850598,0.024393706,0.022876443,0.027036449,0.0539629,0.023643,0.76459,0.0076479954,0.032570016,0.014221526,0.018340515,0.01496606,0.06655103,0.00989797,0.76459,0.0076479954,"TWOGAUSSIANS_WITH_ELLIPSOIDAL_ON_ECLIPSE2",9,32.406113,0.22265598,0.007827551,0.12810808,0.15140411,0.17715596,0.029018136,0.76459,0.0076479954,0.18239209,0.079640545,0.15144254,0.011048749
375316653866487564,1807843892018082176,0.4689121,2154.859257851543,0.7779965817479635,4.6090504E-6,17.406382,0.003884369,0.19026206,8.3816686E-4,0.02384134,0.0012990542,0.13857132,0.01812668,0.7069024,4.56131E-6,0.0071877264,8.025547E-5,0.6509246,0.0039427513,null,null,null,null,"TWOGAUSSIANS",8,21.173954,0.7069024,4.56131E-6,0.04025127,4.4943063E-4,0.6509246,0.0039427513,0.19026206,8.3816686E-4,0.1335115,0.007274704,0.13857132,0.01812668
375316653866487564,1807844888450596864,0.60833055,2147.524984777286,1.7810386667584028,4.5053775E-6,15.761586,0.009248195,0.30386627,0.0017436473,0.082278304,0.0028225947,0.4228591,0.009967361,0.8159464,0.0014148232,0.079328686,0.004700868,0.2513195,0.0073880474,null,null,null,null,"TWOGAUSSIANS",8,30.463442,0.30386627,0.0017436473,0.4,0.0,0.41854826,0.008676669,0.8159464,0.0014148232,0.4,0.0,0.24700868,0.00676632
375316653866487564,1807845055939303424,0.5155887,2152.5063908820357,0.20227742147300593,9.692865E-5,17.690119,0.0017176823,0.21574467,0.06867271,0.07938113,0.06865556,0.018292641,0.0075572906,0.75303525,0.006751774,0.008565257,0.010412842,0.29099956,0.25586054,null,null,null,null,"TWOGAUSSIANS",8,2.785059,0.75303525,0.006751774,0.04796544,0.058311917,0.29099956,0.2558606,0.21574467,0.06867271,0.4,0.2724513,0.018292641,0.0075574256
375316653866487564,1807846022321812352,0.564333,2148.7910121875216,2.7944959391174438,8.882226E-6,17.63366,0.016380392,0.24809332,0.0016714677,0.09089882,0.0053012925,0.36788368,0.015593398,0.7613539,0.0032445153,0.08713118,0.005995591,0.32850802,0.019135006,null,null,null,null,"TWOGAUSSIANS",8,8.715989,0.24809332,0.0016714677,0.4,0.0,0.35697722,0.011369244,0.7613539,0.0032445153,0.4,0.0,0.3176018,0.016309876
375316653866487564,1807846052372010240,0.530581,2139.3890670505816,3.330849573782787,1.00716725E-5,18.154789,0.011508333,0.26608738,0.003930839,0.08334513,0.006176313,0.24694152,0.02152244,0.7659538,0.0032560753,0.09059591,0.0048101824,0.34853664,0.013235484,null,null,null,null,"TWOGAUSSIANS",8,5.3458695,0.7659538,0.0032560753,0.4,0.0,0.33908632,0.011137312,0.26608738,0.003930839,0.4,0.0,0.23749137,0.02164688
375316653866487564,1807848736731528448,0.6212432,2145.8712697251867,3.2710478646653005,3.4208792E-6,16.763893,0.0046270452,0.21971855,0.0011797554,0.04619313,0.003653503,0.11600242,0.010960463,0.7153996,0.001015055,0.052107733,0.0027752316,0.16064471,0.009785504,0.04269169,0.0059007164,0.21971855,0.0011797554,"TWOGAUSSIANS_WITH_ELLIPSOIDAL_ON_ECLIPSE1",9,2.1769705,0.7158396,8.9107745E-4,0.2918033,0.015541296,0.24597034,0.0041172085,0.21971855,0.0011797554,0.25868154,0.020459617,0.20138447,0.0053578285
375316653866487564,1807849973692007808,0.5721177,2180.9115898931936,0.7917453997587152,5.9520703E-6,17.507809,0.0022896735,0.17609438,0.006263997,0.020421585,0.009642988,1.2127308,2.9884586,0.6846809,0.005432158,0.027098296,0.0075323903,0.14911477,0.04543327,0.044625603,0.0041196668,0.17609438,0.006263997,"TWOGAUSSIANS_WITH_ELLIPSOIDAL_ON_ECLIPSE1",9,6.3386455,0.17609438,0.006263997,0.11436088,0.05400073,1.3019819,2.9908257,0.6846809,0.005432158,0.15175046,0.042181388,0.23810636,0.048939053
375316653866487564,1807850381699629312,0.4740961,2157.988243697898,0.04728301620465568,3.0010617E-5,18.10561,0.0045831027,0.55197746,0.018435411,0.0664166,0.014190318,0.035907622,0.008854857,0.86084056,0.0017152912,0.01761656,0.008234232,1.6379462,1.4483752,null,null,null,null,"TWOGAUSSIANS",8,8.541686,0.86084056,0.0017152912,0.098652735,0.046111695,1.637947,1.4483749,0.55197746,0.018435411,0.37193295,0.07807845,0.035907622,0.008854857
