Gaia/vari_eclipsing_binary/VariEclipsingBinary_228170-228250.csv
# %ECSV 1.0
# ---
# delimiter: ','
# meta: !!omap
# - RELEASE: Gaia DR3
# - TABLE: vari_eclipsing_binary
# - DESCRIPTION: >
#     This table describes the properties of the eclipsing binaries resulting from the variability analysis. 
# - CITATION: >
#     How to cite and acknowledge Gaia: 
#     https://gea.esac.esa.int/archive/documentation/credits.html 
# - KNOWN_ISSUES: >
#     Known issues: 
#     https://www.cosmos.esa.int/web/gaia-users/known-issues 
# - DOCUMENTATION: >
#     Tutorials and documentation: 
#     https://www.cosmos.esa.int/web/gaia-users/archive 
# datatype:
# - 
#   name: solution_id
#   datatype: int64
#   description: Solution Identifier
#   meta:
#     ucd: meta.version
# - 
#   name: source_id
#   datatype: int64
#   description: Unique source identifier
#   meta:
#     ucd: meta.id;meta.main
# - 
#   name: global_ranking
#   datatype: float32
#   description: Number between 0 (worst) and 1 (best)
#   meta:
#     ucd: stat.param
# - 
#   name: reference_time
#   datatype: float64
#   unit: d
#   description: Reference time used for the geometric model fit
#   meta:
#     ucd: time.epoch
# - 
#   name: frequency
#   datatype: float64
#   unit: d**-1
#   description: Frequency of geometric model of the eclipsing binary light curve
#   meta:
#     ucd: src.orbital
# - 
#   name: frequency_error
#   datatype: float32
#   unit: d**-1
#   description: "Uncertainty of \\texttt{frequency}"
#   meta:
#     ucd: stat.error
# - 
#   name: geom_model_reference_level
#   datatype: float32
#   unit: mag
#   description: Magnitude reference level of geometric model
#   meta:
#     ucd: phot.mag;em.opt
# - 
#   name: geom_model_reference_level_error
#   datatype: float32
#   unit: mag
#   description: "Uncertainty of \\texttt{geomModelReferenceLevel}"
#   meta:
#     ucd: stat.error;phot.mag;em.opt
# - 
#   name: geom_model_gaussian1_phase
#   datatype: float32
#   description: Phase of the Gaussian 1 component
#   meta:
#     ucd: time.phase
# - 
#   name: geom_model_gaussian1_phase_error
#   datatype: float32
#   description: "Uncertainty of \\texttt{geomModelGaussian1Phase}"
#   meta:
#     ucd: stat.error;time.phase
# - 
#   name: geom_model_gaussian1_sigma
#   datatype: float32
#   description: "Standard deviation [phase] of Gaussian 1 component"
#   meta:
#     ucd: stat.stdev
# - 
#   name: geom_model_gaussian1_sigma_error
#   datatype: float32
#   description: "Uncertainty of \\texttt{geomModelGaussian1Sigma}"
#   meta:
#     ucd: stat.error
# - 
#   name: geom_model_gaussian1_depth
#   datatype: float32
#   unit: mag
#   description: Magnitude depth of Gaussian 1 component
#   meta:
#     ucd: src.var.amplitude
# - 
#   name: geom_model_gaussian1_depth_error
#   datatype: float32
#   unit: mag
#   description: "Uncertainty of \\texttt{geomModelGaussian1Depth}"
#   meta:
#     ucd: stat.error;src.var.amplitude
# - 
#   name: geom_model_gaussian2_phase
#   datatype: float32
#   description: Phase of Gaussian 2 component
#   meta:
#     ucd: time.phase
# - 
#   name: geom_model_gaussian2_phase_error
#   datatype: float32
#   description: "Uncertainty of \\texttt{geomModelGaussian2Phase}"
#   meta:
#     ucd: stat.error;time.phase
# - 
#   name: geom_model_gaussian2_sigma
#   datatype: float32
[...]
#   datatype: float32
#   description: "Secondary eclipse: uncertainty of \\texttt{derivedSecondaryEclDuration}"
#   meta:
#     ucd: stat.error;time.duration
# - 
#   name: derived_secondary_ecl_depth
#   datatype: float32
#   unit: mag
#   description: "Secondary eclipse: depth"
#   meta:
#     ucd: src.var.amplitude
# - 
#   name: derived_secondary_ecl_depth_error
#   datatype: float32
#   unit: mag
#   description: "Secondary eclipse: uncertainty of \\texttt{derivedSecondaryEclDepth}"
#   meta:
#     ucd: stat.error;src.var.amplitude
solution_id,source_id,global_ranking,reference_time,frequency,frequency_error,geom_model_reference_level,geom_model_reference_level_error,geom_model_gaussian1_phase,geom_model_gaussian1_phase_error,geom_model_gaussian1_sigma,geom_model_gaussian1_sigma_error,geom_model_gaussian1_depth,geom_model_gaussian1_depth_error,geom_model_gaussian2_phase,geom_model_gaussian2_phase_error,geom_model_gaussian2_sigma,geom_model_gaussian2_sigma_error,geom_model_gaussian2_depth,geom_model_gaussian2_depth_error,geom_model_cosine_half_period_amplitude,geom_model_cosine_half_period_amplitude_error,geom_model_cosine_half_period_phase,geom_model_cosine_half_period_phase_error,model_type,num_model_parameters,reduced_chi2,derived_primary_ecl_phase,derived_primary_ecl_phase_error,derived_primary_ecl_duration,derived_primary_ecl_duration_error,derived_primary_ecl_depth,derived_primary_ecl_depth_error,derived_secondary_ecl_phase,derived_secondary_ecl_phase_error,derived_secondary_ecl_duration,derived_secondary_ecl_duration_error,derived_secondary_ecl_depth,derived_secondary_ecl_depth_error
[from data line 110]
375316653866487564,2007084534349025024,0.58391535,2249.0462268480483,0.2827487238353328,6.875301E-5,17.462538,0.0017413055,0.28433782,0.0021109614,0.01906515,0.0018578118,0.39674518,0.029456997,null,null,null,null,null,null,null,null,null,null,"ONEGAUSSIAN",5,5.702237,0.28433782,0.0021109614,0.10676483,0.010403747,0.39674518,0.0,null,null,null,null,null,null
375316653866487564,2007085084105538432,0.64338475,2237.5196086555925,0.9889093298554922,7.167182E-6,12.331665,0.0027228615,0.3223603,0.0011718001,0.037294976,0.0016052132,0.14155507,0.0066541363,0.82594436,0.017845392,0.03585519,0.012774199,0.15740159,0.08187981,0.022346053,0.0041282466,0.3223603,0.0011718001,"TWOGAUSSIANS_WITH_ELLIPSOIDAL_ON_ECLIPSE1",9,38.953842,0.82594436,0.01763521,0.20078906,0.07153551,0.20207095,0.086082034,0.3223603,0.0011718001,0.20885186,0.0089891935,0.1862471,0.0027084176
375316653866487564,2007087287423234048,0.5659431,2259.588286090864,0.42592635283028757,5.100329E-6,10.897049,0.0057267286,0.19731247,0.012628271,0.039065626,0.009100285,0.17808683,0.03583582,0.70046496,0.0028951645,0.0481194,0.0051515037,0.18111914,0.012439552,0.04019662,0.0074073705,0.70046496,0.0028951645,"TWOGAUSSIANS_WITH_ELLIPSOIDAL_ON_ECLIPSE2",9,177.32693,0.70046496,0.0028951645,0.26946864,0.028848419,0.26151213,0.0053169015,0.19747247,0.012035635,0.2187675,0.0509616,0.2584499,0.03400759
375316653866487564,2007087940272074368,0.50541365,2231.6115066720313,2.786798419086764,8.307512E-6,16.313332,0.0056149694,0.25505567,0.0030660995,0.042116545,0.009492375,0.060509942,0.009937286,0.7619782,0.005476187,0.05200814,0.009662608,0.05362851,0.011513741,0.02719002,0.006873131,0.25505567,0.0030660995,"TWOGAUSSIANS_WITH_ELLIPSOIDAL_ON_ECLIPSE1",9,10.340178,0.25505567,0.0030660995,0.23585266,0.0531573,0.114889264,0.009071403,0.7619782,0.005476187,0.29124558,0.0541106,0.10790502,0.006707243
375316653866487564,2007088936704431488,0.43618977,2249.2019419865724,0.5126049351736843,1.4105457E-4,16.768055,0.091269135,0.36626574,0.0029679567,0.014032938,0.0011494218,0.8204974,0.23253515,0.7751941,0.04552382,0.17611559,0.1531521,0.06930537,0.08815246,null,null,null,null,"TWOGAUSSIANS",8,51.252293,0.36627576,0.002963266,0.078584455,0.006436762,0.8229604,0.23187658,0.7751941,0.04552382,0.4,0.0,0.066841885,0.016333252
375316653866487564,2007089108503126272,0.5458524,2270.540365878416,0.12933689901459672,3.786456E-5,14.966929,8.349617E-4,0.8860832,0.002294591,0.015331415,0.0032587235,0.5947624,0.30097756,null,null,null,null,null,null,null,null,null,null,"ONEGAUSSIAN",5,61.40284,0.8860832,0.002294591,0.08585593,0.018248852,0.5947624,0.0,null,null,null,null,null,null
375316653866487564,2007089108503135488,0.7287461,2261.2110468068277,0.9598380929603783,6.5087206E-6,16.929522,9.836663E-4,0.24546611,0.0013881152,0.021654658,0.0017454689,0.770291,0.015705826,0.7462943,0.0012737305,0.026596408,8.6795806E-4,0.36483523,0.0114025995,0.017197061,0.001858035,0.24546611,0.0013881152,"TWOGAUSSIANS_WITH_ELLIPSOIDAL_ON_ECLIPSE1",9,1.4594448,0.24546611,0.0013881152,0.12126609,0.009774626,0.8046851,0.016048858,0.7462943,0.0012737305,0.1489399,0.004860565,0.39922842,0.011632161
375316653866487564,2007090100627798400,0.44731268,2274.6978221044374,0.11982331822870182,2.2223892E-4,19.179523,0.0053861937,0.20560193,3.4834753E-5,0.007957504,3.357459E-4,0.10258148,0.005148515,0.72754246,0.016254058,0.058743414,0.026747549,0.23225616,0.13890725,null,null,null,null,"TWOGAUSSIANS",8,2.246274,0.72754246,0.016254058,0.3289631,0.0844801,0.23225616,0.13890728,0.20560193,3.4834753E-5,0.044562023,0.0018801771,0.10258148,0.0051485123
375316653866487564,2007090104935451136,0.5770008,2248.0619014112262,0.8950596497927312,1.2287162E-5,15.207206,0.037173286,0.2298344,0.0021405823,0.11074355,0.013600619,0.18251345,0.03305865,0.7320626,0.0017466403,0.14795373,0.028609652,0.12503491,0.03601636,null,null,null,null,"TWOGAUSSIANS",8,9.217564,0.2297744,0.002207973,0.4,0.0,0.13996747,0.004559982,0.7320726,0.0017473663,0.4,0.0,0.0816735,0.0026788912
375316653866487564,2007091681184898176,0.500096,2232.397427661218,0.7721023909099962,1.0648765E-5,19.347775,0.007999694,0.19202156,0.0010941821,0.02538786,0.0037791461,0.280091,0.050485607,0.6947532,0.027168348,0.019351235,0.034010027,0.3222351,0.25105402,null,null,null,null,"TWOGAUSSIANS",8,2.3417118,0.6947532,0.027168348,0.108366914,0.19045615,0.3222351,0.25105402,0.19202156,0.0010941821,0.14217202,0.021163218,0.280091,0.050485607
375316653866487564,2007093231662467968,0.45147026,2244.1429748607225,3.235571312090512,5.4235297E-5,19.697361,0.04382142,0.2645891,0.017806971,0.08256656,0.028799327,0.2832078,0.048128836,0.7413501,0.018618945,0.09487423,0.032102775,0.23150066,0.037206918,null,null,null,null,"TWOGAUSSIANS",8,3.9586573,0.2645891,0.017799413,0.4,0.0,0.27665785,0.062507555,0.7413501,0.018618945,0.4,0.0,0.2249499,0.02483456
375316653866487564,2007093643989459200,0.462099,2231.2557804156945,0.21701132195815503,1.2139953E-5,18.644276,0.0073461905,0.3487437,0.015234571,0.072329454,0.013407804,0.07123062,0.017769769,0.7145731,0.0076648826,0.055654705,0.008731485,0.15267755,0.015504046,null,null,null,null,"TWOGAUSSIANS",8,3.3444417,0.7145731,0.0076648826,0.31166634,0.048896316,0.15267685,0.015504413,0.3487437,0.015234571,0.4,0.053094387,0.0712297,0.017769868
375316653866487564,2007093712708932608,0.5590567,2226.6657374576366,0.06863779230985265,4.9899114E-5,15.742808,0.008241443,0.40236002,0.009851841,0.14983243,0.011668927,0.14398085,0.008892889,0.8672858,0.004819496,0.028113093,0.0033709523,0.49848172,0.029050976,null,null,null,null,"TWOGAUSSIANS",8,46.0588,0.8672858,0.004819496,0.15743333,0.018877333,0.4970098,0.028457427,0.40236002,0.009851841,0.4,0.0,0.14109585,0.007053493
375316653866487564,2007095529472253312,0.5555443,2201.7536456645216,0.4432291138423195,4.278521E-5,16.637888,0.0021827382,0.59320134,0.010557558,0.04183234,0.005593679,0.43975446,0.033013586,null,null,null,null,null,null,null,null,null,null,"ONEGAUSSIAN",5,21.005856,0.59320134,0.010557558,0.23426111,0.031324603,0.43975446,0.0,null,null,null,null,null,null
375316653866487564,2007096388464019712,0.5740844,2216.997381542523,1.0560608877615036,1.1979516E-5,18.716146,0.010960215,0.30587444,0.0010643526,0.032614782,0.0015788523,0.64431334,0.02608258,0.80199045,0.025493717,0.042504024,0.043717366,0.12738042,0.054087076,null,null,null,null,"TWOGAUSSIANS",8,4.1434474,0.30587444,0.0010643526,0.18264279,0.008841572,0.64431334,0.02608046,0.80199045,0.025493717,0.23802254,0.1636011,0.12738042,0.054100335
375316653866487564,2007096839445601664,0.54535526,2214.5224793429593,0.2970151218944617,1.0083637E-6,18.255966,0.0021920206,0.18289527,1.7390514E-5,0.013432919,1.061485E-4,0.8720679,0.002673376,0.48825783,0.0033604135,0.007928274,0.002483853,0.1589598,0.10970498,null,null,null,null,"TWOGAUSSIANS",8,2.7090552,0.18289527,1.7390514E-5,0.07522435,5.944316E-4,0.8720679,0.002673376,0.48825783,0.0033604135,0.04439833,0.013909576,0.1589598,0.10970498
375316653866487564,2007098488712902528,0.5188488,2257.649270182619,0.2907700780071513,4.6364374E-5,15.003344,0.0014005005,0.28559402,2.3594969E-4,0.0097652115,4.8926694E-4,0.27695072,0.013512016,0.781847,0.019013047,0.025883712,0.024938215,0.022071281,263.85605,0.0035038325,0.0024042546,0.781847,0.019013047,"TWOGAUSSIANS_WITH_ELLIPSOIDAL_ON_ECLIPSE2",9,29.520426,0.28559402,2.3594969E-4,0.054685183,0.002739895,0.2839545,0.01696982,0.781847,0.019013047,0.14494878,0.139654,0.029078938,263.85617
375316653866487564,2007098523075500928,0.5637559,2254.0137728054274,3.624567242350257,8.853714E-6,19.588531,0.009490143,0.2745549,0.0037800996,0.06818118,0.0044009495,0.40664932,0.018417861,0.77071345,0.0023281218,0.072552405,0.0047043893,0.3543011,0.008689371,null,null,null,null,"TWOGAUSSIANS",8,0.7164559,0.2745549,0.0037800996,0.3818146,0.024645317,0.40540242,0.018372804,0.77071345,0.0023281218,0.4,0.0083410395,0.35305417,0.0085915355
375316653866487564,2007099278987013120,0.59270805,2222.7293542839234,2.101583146156638,7.9108E-6,17.009724,0.0059475745,0.25877264,0.0017556217,0.08519906,0.002496765,0.4152572,0.007529552,0.7658183,0.0050778156,0.08768247,0.004263123,0.38949943,0.014146442,null,null,null,null,"TWOGAUSSIANS",8,11.158681,0.25877264,0.0017556217,0.4,0.0,0.40436125,0.0072343047,0.7658183,0.0050778156,0.4,0.0,0.37860343,0.012910848
375316653866487564,2007099347706468736,0.5059227,2240.1501356270737,0.8172708097533258,2.1651538E-5,15.831206,0.0017400241,0.26843724,0.0048454823,0.03850246,0.010691836,0.10715858,0.039702434,0.7682607,0.026760388,0.033677366,0.01908112,0.12676778,0.06266997,null,null,null,null,"TWOGAUSSIANS",8,6.886476,0.7682607,0.026760388,0.18859324,0.10685427,0.12676778,0.06266998,0.26843724,0.0048454823,0.21561378,0.059874278,0.10715858,0.039702434
375316653866487564,2007100893883530112,0.552779,2205.141695383171,3.9755159842858334,2.0278025E-5,19.599062,0.03744506,0.2554124,0.013283318,0.081759,0.01655501,0.45608386,0.03844459,0.74838775,0.013311848,0.075650774,0.020100402,0.55089116,0.03201617,null,null,null,null,"TWOGAUSSIANS",8,1.6375014,0.74838775,0.013311848,0.4,0.0,0.5453211,0.03774547,0.2554124,0.013283318,0.4,0.018029327,0.45051384,0.028702606
375316653866487564,2007101890327287168,0.41758937,2218.2872424876587,2.0037455467385357,3.0139292E-5,18.43433,0.033103626,0.2653263,0.013693917,0.10440257,0.020183254,0.10549282,0.03870216,0.7332459,0.025693722,0.12197912,0.04676222,0.085678615,0.030949637,null,null,null,null,"TWOGAUSSIANS",8,6.3773656,0.2654863,0.013321196,0.4,0.0,0.0937199,0.017582284,0.7332459,0.025693722,0.4,0.0,0.07384944,0.024095567
375316653866487564,2007103092920667520,0.46068993,2231.7028820078303,0.065800255488832,3.967207E-5,17.28072,0.0063561457,0.31427312,0.009517426,0.06251424,0.010255108,0.19004503,0.036181252,0.7561704,0.0040486413,0.016329344,0.0068740533,0.25437057,0.09073897,0.04487454,0.009171653,0.31427312,0.009517426,"TWOGAUSSIANS_WITH_ELLIPSOIDAL_ON_ECLIPSE1",9,19.21083,0.7565604,0.0037331937,0.09144433,0.0384947,0.3326909,0.09325196,0.31427312,0.009517426,0.35007972,0.057428606,0.279731,0.032519232
375316653866487564,2007103814475185536,0.55188614,2229.1606268596456,2.645702389268187,7.1490635E-5,17.868628,0.004895696,0.7526731,0.001672732,0.024491811,0.0020310553,1.3405335,0.1293992,null,null,null,null,null,null,null,null,null,null,"ONEGAUSSIAN",5,23.439304,0.7526731,0.001672732,0.13715415,0.01137391,1.3405335,0.0,null,null,null,null,null,null
375316653866487564,2007104050685981824,0.4641046,2209.5606488954722,3.157833785665001,1.0992866E-5,19.234873,0.01955212,0.34538174,0.002765808,0.06958927,0.0053498503,0.35800645,0.019887995,0.8270671,0.0027395517,0.06944132,0.009777184,0.31117368,0.014489452,null,null,null,null,"TWOGAUSSIANS",8,4.0156584,0.34538174,0.002765808,0.38969994,0.026697913,0.3573659,0.019406265,0.8270671,0.0027395517,0.38887137,0.042059723,0.31053314,0.014071109
375316653866487564,2007104398588129664,0.6373925,2230.160070072842,0.37312282066048535,1.65654E-5,16.734194,0.0010981523,0.5706652,5.884271E-4,0.01802733,9.6621667E-4,0.60398567,0.10745837,0.9090836,0.02395251,0.015063173,0.009720232,0.4142145,2.10664,null,null,null,null,"TWOGAUSSIANS",8,2.3495696,0.5706652,5.884271E-4,0.10095305,0.0054108133,0.60398567,0.10745837,0.9090836,0.02395251,0.08435377,0.0544333,0.4142145,2.10664
375316653866487564,2007104772240580608,0.5767599,2241.4182230565084,2.3625701328174893,9.685137E-6,18.13656,0.0146838045,0.23578532,0.0012785317,0.040779125,0.0046434836,0.6712456,0.06170658,0.73231083,0.012531414,0.037846252,0.008067074,0.4026739,0.0938726,0.085801005,0.022075424,0.23578532,0.0012785317,"TWOGAUSSIANS_WITH_ELLIPSOIDAL_ON_ECLIPSE1",9,14.854933,0.23578532,0.0012785317,0.22836311,0.026003506,0.8428473,0.08369177,0.7324708,0.01169108,0.211939,0.045175616,0.57419765,0.075278476
375316653866487564,2007105287637231616,0.65701795,2214.0299874693783,0.8955247029323056,1.6445958E-6,13.617441,0.004087682,0.27689597,0.0012831677,0.10439243,0.0022269273,0.27251762,0.004290768,0.77374405,5.9632474E-4,0.09594986,0.0014108019,0.29832444,0.004099048,null,null,null,null,"TWOGAUSSIANS",8,28.352982,0.77374405,5.9632474E-4,0.4,0.0,0.27406925,0.0025857827,0.27689597,0.0012831677,0.4,0.0,0.24825747,0.002713024
375316653866487564,2007105291941281536,0.5186141,2206.289691734629,3.68295768472698,1.0554041E-5,13.207616,0.0016150904,0.25504377,0.0032445197,0.08455556,0.0043814825,0.0575671,0.002651524,0.73569846,0.0040242365,0.081868075,0.0062050787,0.049226057,0.0037348166,null,null,null,null,"TWOGAUSSIANS",8,27.623875,0.25504377,0.0032445197,0.4,0.0,0.056748636,0.0026046329,0.73569846,0.0040242365,0.4,0.0,0.048407596,0.0038505697
375316653866487564,2007107009916871168,0.44606528,2216.710595376747,1.0703779352122584,8.069544E-5,19.067953,0.020723287,0.18878113,0.015213185,0.11034651,0.02494794,0.09627115,0.021203263,0.683502,0.011476572,0.077074036,0.018716717,0.15781732,0.019568786,null,null,null,null,"TWOGAUSSIANS",8,2.69056,0.683502,0.011492624,0.4,0.0038839767,0.15177484,0.011800375,0.18878113,0.015213185,0.4,0.0,0.09022183,0.01152665
375316653866487564,2007108964129336576,0.60086924,2214.625673932979,1.069086866767545,3.545332E-5,18.618301,0.0033850987,0.2559823,0.0071861055,0.026320184,0.0053368206,0.0791254,0.018945694,0.7643532,0.0040638247,0.02661731,0.0032442277,0.531748,0.010793449,0.02716326,0.0046382933,0.2559823,0.0071861055,"TWOGAUSSIANS_WITH_ELLIPSOIDAL_ON_ECLIPSE1",9,1.7070036,0.7643532,0.0040638247,0.14905694,0.018167676,0.5859244,0.0065232473,0.2559823,0.0071861055,0.14739302,0.029886195,0.13345191,0.017155195
375316653866487564,2007111064377088000,0.6030364,2261.689585666449,0.12654873257998642,9.919565E-6,18.052586,0.003957422,0.2468481,1.683866E-4,0.009199949,2.2519259E-4,1.1235946,0.037329707,0.6833471,0.0044406937,0.043042686,0.0124324905,0.31906655,0.20547995,null,null,null,null,"TWOGAUSSIANS",8,6.3829336,0.2468481,1.683866E-4,0.051519714,0.0012610785,1.1235946,0.037329707,0.6833471,0.0044406937,0.24103904,0.06962194,0.31906655,0.20547995
375316653866487564,2007112610565297664,0.5397935,2237.8714402308187,2.7639420329761193,1.0051536E-5,15.944594,0.026451858,0.29161483,0.0074123424,0.058029387,0.011950375,0.14395133,0.06033009,0.77878475,0.0020744049,0.045184944,0.004363393,0.53306085,0.057284717,0.019257255,0.035212237,0.29161483,0.0074123424,"TWOGAUSSIANS_WITH_ELLIPSOIDAL_ON_ECLIPSE1",9,152.48352,0.7789347,0.0019207464,0.25303566,0.024435,0.57131505,0.022036871,0.29161483,0.0074123424,0.32496458,0.0669221,0.18245244,0.014147024
375316653866487564,2007114362911872384,0.48800206,2185.76605782049,2.5840149483090626,2.572908E-5,14.265217,0.60338765,0.18252736,0.004213727,0.17848383,0.03907316,0.68410856,0.53935903,0.68060154,0.0041770944,0.17748308,0.030367762,0.6709445,0.5140624,null,null,null,null,"TWOGAUSSIANS",8,288.65372,0.18320736,0.0045958655,0.4,0.0,0.20787689,0.012781647,0.68060154,0.0041770944,0.4,0.0,0.19638117,0.014845703
375316653866487564,2007114912667625856,0.42139152,2239.600299767963,0.06481989293031534,3.1311974E-5,15.855219,0.002321059,null,null,null,null,null,null,null,null,null,null,null,null,0.021669716,0.0028539444,0.23967148,0.008058405,"ELLIPSOIDAL",4,13.038987,null,null,null,null,null,null,null,null,null,null,null,null
375316653866487564,2007115904792040448,0.4633563,2242.5502443399946,4.463904090687436,2.9729774E-5,19.866447,0.0072072987,null,null,null,null,null,null,null,null,null,null,null,null,0.10298572,0.010654028,0.22884905,0.008510105,"ELLIPSOIDAL",4,2.2805343,null,null,null,null,null,null,null,null,null,null,null,null
