Gaia/vari_eclipsing_binary/VariEclipsingBinary_677844-677863.csv
# %ECSV 1.0
# ---
# delimiter: ','
# meta: !!omap
# - RELEASE: Gaia DR3
# - TABLE: vari_eclipsing_binary
# - DESCRIPTION: >
#     This table describes the properties of the eclipsing binaries resulting from the variability analysis. 
# - CITATION: >
#     How to cite and acknowledge Gaia: 
#     https://gea.esac.esa.int/archive/documentation/credits.html 
# - KNOWN_ISSUES: >
#     Known issues: 
#     https://www.cosmos.esa.int/web/gaia-users/known-issues 
# - DOCUMENTATION: >
#     Tutorials and documentation: 
#     https://www.cosmos.esa.int/web/gaia-users/archive 
# datatype:
# - 
#   name: solution_id
#   datatype: int64
#   description: Solution Identifier
#   meta:
#     ucd: meta.version
# - 
#   name: source_id
#   datatype: int64
#   description: Unique source identifier
#   meta:
#     ucd: meta.id;meta.main
# - 
#   name: global_ranking
#   datatype: float32
#   description: Number between 0 (worst) and 1 (best)
#   meta:
#     ucd: stat.param
# - 
#   name: reference_time
#   datatype: float64
#   unit: d
#   description: Reference time used for the geometric model fit
#   meta:
#     ucd: time.epoch
# - 
#   name: frequency
#   datatype: float64
#   unit: d**-1
#   description: Frequency of geometric model of the eclipsing binary light curve
#   meta:
#     ucd: src.orbital
# - 
#   name: frequency_error
#   datatype: float32
#   unit: d**-1
#   description: "Uncertainty of \\texttt{frequency}"
#   meta:
#     ucd: stat.error
# - 
#   name: geom_model_reference_level
#   datatype: float32
#   unit: mag
#   description: Magnitude reference level of geometric model
#   meta:
#     ucd: phot.mag;em.opt
# - 
#   name: geom_model_reference_level_error
#   datatype: float32
#   unit: mag
#   description: "Uncertainty of \\texttt{geomModelReferenceLevel}"
#   meta:
#     ucd: stat.error;phot.mag;em.opt
# - 
#   name: geom_model_gaussian1_phase
#   datatype: float32
#   description: Phase of the Gaussian 1 component
#   meta:
#     ucd: time.phase
# - 
#   name: geom_model_gaussian1_phase_error
#   datatype: float32
#   description: "Uncertainty of \\texttt{geomModelGaussian1Phase}"
#   meta:
#     ucd: stat.error;time.phase
# - 
#   name: geom_model_gaussian1_sigma
#   datatype: float32
#   description: "Standard deviation [phase] of Gaussian 1 component"
#   meta:
#     ucd: stat.stdev
# - 
#   name: geom_model_gaussian1_sigma_error
#   datatype: float32
#   description: "Uncertainty of \\texttt{geomModelGaussian1Sigma}"
#   meta:
#     ucd: stat.error
# - 
#   name: geom_model_gaussian1_depth
#   datatype: float32
#   unit: mag
#   description: Magnitude depth of Gaussian 1 component
#   meta:
#     ucd: src.var.amplitude
# - 
#   name: geom_model_gaussian1_depth_error
#   datatype: float32
#   unit: mag
#   description: "Uncertainty of \\texttt{geomModelGaussian1Depth}"
#   meta:
#     ucd: stat.error;src.var.amplitude
# - 
#   name: geom_model_gaussian2_phase
#   datatype: float32
#   description: Phase of Gaussian 2 component
#   meta:
#     ucd: time.phase
# - 
#   name: geom_model_gaussian2_phase_error
#   datatype: float32
#   description: "Uncertainty of \\texttt{geomModelGaussian2Phase}"
#   meta:
#     ucd: stat.error;time.phase
# - 
#   name: geom_model_gaussian2_sigma
#   datatype: float32
[...]
#   datatype: float32
#   description: "Secondary eclipse: uncertainty of \\texttt{derivedSecondaryEclDuration}"
#   meta:
#     ucd: stat.error;time.duration
# - 
#   name: derived_secondary_ecl_depth
#   datatype: float32
#   unit: mag
#   description: "Secondary eclipse: depth"
#   meta:
#     ucd: src.var.amplitude
# - 
#   name: derived_secondary_ecl_depth_error
#   datatype: float32
#   unit: mag
#   description: "Secondary eclipse: uncertainty of \\texttt{derivedSecondaryEclDepth}"
#   meta:
#     ucd: stat.error;src.var.amplitude
solution_id,source_id,global_ranking,reference_time,frequency,frequency_error,geom_model_reference_level,geom_model_reference_level_error,geom_model_gaussian1_phase,geom_model_gaussian1_phase_error,geom_model_gaussian1_sigma,geom_model_gaussian1_sigma_error,geom_model_gaussian1_depth,geom_model_gaussian1_depth_error,geom_model_gaussian2_phase,geom_model_gaussian2_phase_error,geom_model_gaussian2_sigma,geom_model_gaussian2_sigma_error,geom_model_gaussian2_depth,geom_model_gaussian2_depth_error,geom_model_cosine_half_period_amplitude,geom_model_cosine_half_period_amplitude_error,geom_model_cosine_half_period_phase,geom_model_cosine_half_period_phase_error,model_type,num_model_parameters,reduced_chi2,derived_primary_ecl_phase,derived_primary_ecl_phase_error,derived_primary_ecl_duration,derived_primary_ecl_duration_error,derived_primary_ecl_depth,derived_primary_ecl_depth_error,derived_secondary_ecl_phase,derived_secondary_ecl_phase_error,derived_secondary_ecl_duration,derived_secondary_ecl_duration_error,derived_secondary_ecl_depth,derived_secondary_ecl_depth_error
[from data line 444]
375316653866487564,5962546283557282176,0.58599925,2226.88033090588,2.297107822382528,1.0141151E-5,16.720507,0.0059792083,0.2851343,0.0033402904,0.08894193,0.0030892787,0.2618377,0.0066079805,0.7854554,0.0023932601,0.08945129,0.004523219,0.24500263,0.009348195,null,null,null,null,"TWOGAUSSIANS",8,5.6631436,0.2851343,0.0033402904,0.4,0.0,0.25191706,0.004743905,0.7854554,0.0023932601,0.4,0.0,0.235082,0.010289015
375316653866487564,5962546420996265472,0.651221,2233.720416834812,1.2939641237350106,3.7231425E-6,16.627031,0.007932295,0.21047871,0.0071567567,0.041057803,0.008623343,0.08148297,0.06900675,0.71008676,0.0011565883,0.046123557,0.0040156436,0.50211096,0.03284579,0.04778812,0.010232194,0.21047871,0.0071567567,"TWOGAUSSIANS_WITH_ELLIPSOIDAL_ON_ECLIPSE1",9,7.0937457,0.7100967,0.0010825688,0.25829193,0.022487605,0.5976864,0.04360392,0.21047871,0.0071567567,0.2299237,0.04829072,0.177059,0.0665924
375316653866487564,5962546524022584448,0.45956025,2230.0745621159294,1.6002204938685305,2.4857223E-5,19.252829,0.3199767,0.120187744,0.008147833,0.14955746,0.06412637,0.27864257,0.30803058,0.6327869,0.011853934,0.13274539,0.045399576,0.3576815,0.28057185,null,null,null,null,"TWOGAUSSIANS",8,3.1338277,0.63340694,0.010876882,0.4,0.0,0.24039362,0.033954974,0.11971775,0.007950098,0.4,0.0,0.15982163,0.02324098
375316653866487564,5962546730233853056,0.5935049,2201.4174525535327,2.2988039441403734,5.4009474E-6,17.207008,0.012767317,0.30228597,0.003980888,0.08233461,0.0066996776,0.28567132,0.020999743,0.79344165,0.0034026161,0.081678696,0.005702203,0.3746336,0.016095344,null,null,null,null,"TWOGAUSSIANS",8,7.0019097,0.79344165,0.0034026161,0.4,0.0,0.36932546,0.0160017,0.30228597,0.003980888,0.4,0.0,0.28036317,0.021454057
375316653866487564,5962547005111835392,0.47873577,2333.3417324126685,3.4094900174341287,8.348592E-5,19.69979,0.025092386,0.3871299,0.014999286,0.12255681,0.02406931,0.24506155,0.029539876,0.9473751,0.03188011,0.06515311,0.06639016,0.08557625,0.44096154,null,null,null,null,"TWOGAUSSIANS",8,1.3127458,0.3871299,0.014998256,0.4,0.0,0.24129747,0.025593573,0.9479451,0.03228068,0.36485738,0.31559086,0.08221466,0.44526324
375316653866487564,5962547486148289024,0.46419764,2266.9098551641405,0.26590254597787666,2.5756126E-5,19.003994,0.0080356095,0.44553378,0.0049164547,0.03613074,0.008199013,0.17922789,0.05038398,0.73601276,0.0056928247,0.023580652,0.008991132,0.12372106,0.02246469,0.015666751,0.02272933,0.44553378,0.0049164547,"TWOGAUSSIANS_WITH_ELLIPSOIDAL_ON_ECLIPSE1",9,4.142437,0.44553378,0.0049164547,0.20233215,0.045914475,0.21056126,0.049316023,0.73645276,0.0045105317,0.13205165,0.05035034,0.12572533,0.02170603
375316653866487564,5962548276368778496,0.47606203,2223.0220036205433,2.472370385322617,1.022493E-4,19.696236,0.11846025,0.2837412,0.008400939,0.058108248,0.012131004,0.28759608,0.06477761,0.7013868,0.016709773,0.1805167,0.057706125,0.33122557,0.11463992,null,null,null,null,"TWOGAUSSIANS",8,1.6367284,0.7013868,0.016709773,0.4,0.0,0.3014365,0.056108903,0.28693122,0.0063580703,0.3254062,0.06793362,0.2828324,0.056357637
375316653866487564,5962548516887282048,0.49765912,2193.170510351706,2.5869418636840034,1.560107E-5,19.428505,0.41160238,0.31183627,0.010473913,0.15333045,0.09037767,0.40553933,0.39691156,0.8098794,0.005684892,0.1231035,0.043574296,0.43257624,0.36213833,null,null,null,null,"TWOGAUSSIANS",8,1.222295,0.8098794,0.005684892,0.4,0.0,0.27766106,0.024121782,0.31186628,0.0105246445,0.4,0.0,0.24686688,0.026800774
375316653866487564,5962548546938717952,0.6172772,2239.3396005592035,2.899826534209624,1.1571365E-5,17.438372,0.0092666745,0.30440187,0.005252502,0.08361357,0.0051199235,0.34164906,0.022751061,0.81057346,0.0032445008,0.084299795,0.0041869762,0.32959938,0.013294133,null,null,null,null,"TWOGAUSSIANS",8,4.061222,0.30440187,0.005252502,0.4,0.0,0.33451116,0.021891588,0.81057346,0.0032445008,0.4,0.0,0.3224615,0.012242376
375316653866487564,5962548894844225664,0.53442216,2239.966377825878,2.5619803375029546,1.8396473E-5,18.968683,0.030332899,0.29890782,0.00468118,0.08604163,0.012111834,0.44381127,0.047980856,0.78698033,0.013200087,0.06631145,0.015387336,0.50372005,0.050099865,null,null,null,null,"TWOGAUSSIANS",8,4.674943,0.78698033,0.013200087,0.3713441,0.04649495,0.50043815,0.055176422,0.29890782,0.00468118,0.4,0.0,0.44052935,0.050142106
375316653866487564,5962548929208222592,0.4611166,2280.1470711093957,1.7448053343630383,3.095622E-5,19.77722,0.019820783,0.22379145,0.012060226,0.1535019,0.024348084,0.27216315,0.04277506,0.6474541,0.0055465023,0.050684556,0.005729403,0.2743179,0.03348716,null,null,null,null,"TWOGAUSSIANS",8,2.1167579,0.6474541,0.0055465023,0.28383353,0.032084655,0.271634,0.03368464,0.22379145,0.012060226,0.4,0.0,0.2632074,0.04638039
375316653866487564,5962549062336155648,0.59911793,2219.025476195794,2.6745535658465,8.625264E-6,17.746923,0.00946618,0.28914046,0.0011004105,0.07232332,0.004161591,0.52482754,0.041472726,0.79706883,0.0047795177,0.067215025,0.0051681814,0.5143579,0.01540789,null,null,null,null,"TWOGAUSSIANS",8,7.1982617,0.28914046,0.0011004105,0.4,8.320907E-5,0.5234492,0.041996557,0.79706883,0.0047795177,0.37640414,0.028941816,0.51297957,0.015133665
375316653866487564,5962549788199342336,0.4772356,2263.7776288788314,1.1337731623433835,3.113686E-5,19.125084,0.09588085,0.25108734,0.0091092475,0.08556215,0.029921487,0.29388615,0.09209949,0.7753875,0.011981541,0.12816063,0.0561055,0.26557937,0.078762434,null,null,null,null,"TWOGAUSSIANS",8,6.097501,0.25093734,0.009058975,0.4,0.018500198,0.26762733,0.045281023,0.7753875,0.011990452,0.4,0.0,0.23898779,0.032776948
375316653866487564,5962549822558975232,0.53186107,2231.310421758043,3.0720441469903927,2.410766E-5,19.165617,0.0144150285,0.2501346,0.0025221987,0.06325535,0.010291759,0.49253532,0.12801024,0.7186067,0.020358214,0.08275943,0.025202494,0.40981832,0.21056488,null,null,null,null,"TWOGAUSSIANS",8,4.11576,0.2501346,0.0025221987,0.35422996,0.057633847,0.49137136,0.12896062,0.7186067,0.020358214,0.4,0.005156844,0.4086543,0.21462356
375316653866487564,5962550917763395456,0.49346986,2230.116305488046,2.19504341586231,2.4416524E-5,18.162334,0.040432915,0.2444494,0.004579395,0.09203967,0.014476495,0.21420921,0.037151635,0.74589455,0.025368243,0.08883295,0.058198705,0.16073051,0.030800464,null,null,null,null,"TWOGAUSSIANS",8,4.9486756,0.2444494,0.004406705,0.4,0.0,0.20624714,0.015649842,0.74589455,0.025368243,0.4,0.0,0.15276857,0.028999062
375316653866487564,5962552536981375616,0.4552688,2264.9788568920503,0.3616367265646327,6.482708E-5,19.81196,0.019555354,0.3414861,0.009296615,0.07761673,0.012936589,0.20217502,0.029074231,0.7821799,0.005199655,0.049634892,0.020422097,0.15571381,0.025742622,null,null,null,null,"TWOGAUSSIANS",8,3.0828173,0.3414861,0.009296615,0.4,0.0074682427,0.20215227,0.029056923,0.7821799,0.005199655,0.27795538,0.114363745,0.15569109,0.025728207
375316653866487564,5962552674417675648,0.5686577,2234.8513547015573,2.9038611886055348,2.6940317E-5,19.114859,0.015333411,0.19137792,0.012183142,0.05796253,0.010461953,0.52575654,0.032093614,0.68879795,0.013893785,0.06476643,0.0054583955,0.42817828,0.063131385,null,null,null,null,"TWOGAUSSIANS",8,3.021382,0.19137792,0.012183142,0.32459018,0.058586936,0.5255415,0.03184406,0.68879795,0.013893785,0.36269203,0.030567015,0.42796323,0.062958404
375316653866487564,5962553842700053632,0.49944818,2292.3579532764115,2.438108484011546,4.2576965E-5,19.51007,0.030544506,0.29022095,0.023541503,0.042069256,0.037570156,0.42723188,0.0850713,0.80024636,0.009222098,0.07669347,0.011608072,0.29994336,0.046072755,null,null,null,null,"TWOGAUSSIANS",8,2.9258933,0.29022095,0.023541503,0.23558784,0.17844926,0.42716783,0.0873816,0.80024636,0.009222098,0.4,2.295134E-4,0.2998793,0.04317025
