Gaia/vari_eclipsing_binary/VariEclipsingBinary_333492-333648.csv
# %ECSV 1.0
# ---
# delimiter: ','
# meta: !!omap
# - RELEASE: Gaia DR3
# - TABLE: vari_eclipsing_binary
# - DESCRIPTION: >
#     This table describes the properties of the eclipsing binaries resulting from the variability analysis. 
# - CITATION: >
#     How to cite and acknowledge Gaia: 
#     https://gea.esac.esa.int/archive/documentation/credits.html 
# - KNOWN_ISSUES: >
#     Known issues: 
#     https://www.cosmos.esa.int/web/gaia-users/known-issues 
# - DOCUMENTATION: >
#     Tutorials and documentation: 
#     https://www.cosmos.esa.int/web/gaia-users/archive 
# datatype:
# - 
#   name: solution_id
#   datatype: int64
#   description: Solution Identifier
#   meta:
#     ucd: meta.version
# - 
#   name: source_id
#   datatype: int64
#   description: Unique source identifier
#   meta:
#     ucd: meta.id;meta.main
# - 
#   name: global_ranking
#   datatype: float32
#   description: Number between 0 (worst) and 1 (best)
#   meta:
#     ucd: stat.param
# - 
#   name: reference_time
#   datatype: float64
#   unit: d
#   description: Reference time used for the geometric model fit
#   meta:
#     ucd: time.epoch
# - 
#   name: frequency
#   datatype: float64
#   unit: d**-1
#   description: Frequency of geometric model of the eclipsing binary light curve
#   meta:
#     ucd: src.orbital
# - 
#   name: frequency_error
#   datatype: float32
#   unit: d**-1
#   description: "Uncertainty of \\texttt{frequency}"
#   meta:
#     ucd: stat.error
# - 
#   name: geom_model_reference_level
#   datatype: float32
#   unit: mag
#   description: Magnitude reference level of geometric model
#   meta:
#     ucd: phot.mag;em.opt
# - 
#   name: geom_model_reference_level_error
#   datatype: float32
#   unit: mag
#   description: "Uncertainty of \\texttt{geomModelReferenceLevel}"
#   meta:
#     ucd: stat.error;phot.mag;em.opt
# - 
#   name: geom_model_gaussian1_phase
#   datatype: float32
#   description: Phase of the Gaussian 1 component
#   meta:
#     ucd: time.phase
# - 
#   name: geom_model_gaussian1_phase_error
#   datatype: float32
#   description: "Uncertainty of \\texttt{geomModelGaussian1Phase}"
#   meta:
#     ucd: stat.error;time.phase
# - 
#   name: geom_model_gaussian1_sigma
#   datatype: float32
#   description: "Standard deviation [phase] of Gaussian 1 component"
#   meta:
#     ucd: stat.stdev
# - 
#   name: geom_model_gaussian1_sigma_error
#   datatype: float32
#   description: "Uncertainty of \\texttt{geomModelGaussian1Sigma}"
#   meta:
#     ucd: stat.error
# - 
#   name: geom_model_gaussian1_depth
#   datatype: float32
#   unit: mag
#   description: Magnitude depth of Gaussian 1 component
#   meta:
#     ucd: src.var.amplitude
# - 
#   name: geom_model_gaussian1_depth_error
#   datatype: float32
#   unit: mag
#   description: "Uncertainty of \\texttt{geomModelGaussian1Depth}"
#   meta:
#     ucd: stat.error;src.var.amplitude
# - 
#   name: geom_model_gaussian2_phase
#   datatype: float32
#   description: Phase of Gaussian 2 component
#   meta:
#     ucd: time.phase
# - 
#   name: geom_model_gaussian2_phase_error
#   datatype: float32
#   description: "Uncertainty of \\texttt{geomModelGaussian2Phase}"
#   meta:
#     ucd: stat.error;time.phase
# - 
#   name: geom_model_gaussian2_sigma
#   datatype: float32
[...]
#   datatype: float32
#   description: "Secondary eclipse: uncertainty of \\texttt{derivedSecondaryEclDuration}"
#   meta:
#     ucd: stat.error;time.duration
# - 
#   name: derived_secondary_ecl_depth
#   datatype: float32
#   unit: mag
#   description: "Secondary eclipse: depth"
#   meta:
#     ucd: src.var.amplitude
# - 
#   name: derived_secondary_ecl_depth_error
#   datatype: float32
#   unit: mag
#   description: "Secondary eclipse: uncertainty of \\texttt{derivedSecondaryEclDepth}"
#   meta:
#     ucd: stat.error;src.var.amplitude
solution_id,source_id,global_ranking,reference_time,frequency,frequency_error,geom_model_reference_level,geom_model_reference_level_error,geom_model_gaussian1_phase,geom_model_gaussian1_phase_error,geom_model_gaussian1_sigma,geom_model_gaussian1_sigma_error,geom_model_gaussian1_depth,geom_model_gaussian1_depth_error,geom_model_gaussian2_phase,geom_model_gaussian2_phase_error,geom_model_gaussian2_sigma,geom_model_gaussian2_sigma_error,geom_model_gaussian2_depth,geom_model_gaussian2_depth_error,geom_model_cosine_half_period_amplitude,geom_model_cosine_half_period_amplitude_error,geom_model_cosine_half_period_phase,geom_model_cosine_half_period_phase_error,model_type,num_model_parameters,reduced_chi2,derived_primary_ecl_phase,derived_primary_ecl_phase_error,derived_primary_ecl_duration,derived_primary_ecl_duration_error,derived_primary_ecl_depth,derived_primary_ecl_depth_error,derived_secondary_ecl_phase,derived_secondary_ecl_phase_error,derived_secondary_ecl_duration,derived_secondary_ecl_duration_error,derived_secondary_ecl_depth,derived_secondary_ecl_depth_error
[from data line 536]
375316653866487564,2934327089765983488,0.44223005,2174.901299213075,1.653195395649234,2.3368613E-5,18.494812,0.21024917,0.25061047,0.0054514953,0.17234553,0.04385426,0.72273463,0.21269415,0.75806314,0.008133527,0.21583569,0.07807793,0.66978055,0.20724224,null,null,null,null,"TWOGAUSSIANS",8,7.2928185,0.24655046,0.005788388,0.4,0.0,0.2359759,0.01704808,0.7625332,0.009742799,0.4,0.0,0.112871885,0.02330817
375316653866487564,2934327978821883264,0.64927506,2195.3551260344766,0.24881065088497373,4.1636784E-5,12.462087,6.11757E-4,0.27184138,6.4401433E-4,0.011855839,4.8478472E-4,0.37643233,0.0043067634,null,null,null,null,null,null,null,null,null,null,"ONEGAUSSIAN",5,38.47735,0.27184138,6.4401433E-4,0.0663927,0.0027147944,0.37643233,0.0,null,null,null,null,null,null
375316653866487564,2934328842118646144,0.5442393,2203.0308057350994,3.394942795061802,1.0752843E-5,17.00714,0.01188662,0.22082396,0.0038039759,0.097425476,0.0075574974,0.28306136,0.01048071,0.7134588,0.0031508764,0.08926683,0.0067067402,0.2521582,0.01352434,null,null,null,null,"TWOGAUSSIANS",8,17.106356,0.22082396,0.0038039759,0.4,0.0,0.26973408,0.008296322,0.7134588,0.0031508764,0.4,0.0,0.23883204,0.013041269
375316653866487564,2934328906534883200,0.5840912,2183.8277762048137,1.6395292641237822,4.516481E-6,19.257895,0.0035904024,0.2721243,0.009122043,0.051106956,0.00899929,0.15564892,0.00727245,0.7687545,6.1702955E-4,0.04269088,0.0013584783,0.63610536,0.024653416,null,null,null,null,"TWOGAUSSIANS",8,0.97871804,0.7687545,6.1702955E-4,0.23906894,0.007607479,0.636105,0.02465361,0.2721243,0.009122043,0.28619894,0.050396025,0.1556486,0.007272371
375316653866487564,2934329284492059520,0.44004655,2194.7431487777044,1.158245554505949,4.165915E-5,18.614836,0.038517997,0.24983522,0.013161725,0.10778088,0.03595275,0.1536176,0.034376025,0.7841564,0.007132627,0.100460455,0.019157343,0.18581873,0.036046177,null,null,null,null,"TWOGAUSSIANS",8,8.57123,0.78418636,0.0070656138,0.4,0.0,0.17333634,0.015961494,0.24982521,0.013169195,0.4,0.0,0.14112505,0.021106208
375316653866487564,2934329529313684224,0.5884374,2212.0616152357516,0.3288376315128049,1.5955033E-5,15.642223,0.0035566317,0.32806796,0.0015755149,0.032176454,0.00216019,0.3823816,0.013338736,0.8322538,0.008721668,0.018521473,0.012048058,0.020737043,0.0115640955,0.0050637666,0.0043273224,0.32806796,0.0015755149,"TWOGAUSSIANS_WITH_ELLIPSOIDAL_ON_ECLIPSE1",9,36.64145,0.32806796,0.0015755149,0.18018815,0.0120970635,0.39250913,0.012474882,0.8322538,0.008721668,0.10372025,0.06746913,0.030857572,0.00932002
375316653866487564,2934329834247870976,0.5328868,2188.5344491944006,0.7290058306928495,1.7138264E-5,17.154278,9.010708E-4,0.22862561,0.013369638,0.0386714,0.009048029,0.010760114,0.003347546,0.44978738,0.0048580286,0.043566547,0.0050873547,0.14514081,0.008734283,null,null,null,null,"TWOGAUSSIANS",8,1.8212088,0.44978738,0.0048580286,0.24397267,0.028489185,0.14514081,0.008734283,0.22863561,0.013378911,0.21655986,0.050668962,0.0107604815,0.0033474485
375316653866487564,2934330830680331264,0.5530061,2196.3917029960517,3.469964705737745,9.157544E-6,19.208097,0.010129449,0.20544195,0.0028369841,0.07304387,0.0036555524,0.44101867,0.021699365,0.70384085,0.005161328,0.08163518,0.0050875675,0.49688885,0.022156257,null,null,null,null,"TWOGAUSSIANS",8,2.8609746,0.70384085,0.005161328,0.4,0.0,0.4920063,0.022047542,0.20544195,0.0028369841,0.4,0.0,0.43613613,0.021775054
375316653866487564,2934332239429667968,0.46798712,2203.1863714303295,0.7465959746514308,8.758398E-6,16.993351,0.0030328687,0.3524182,0.012125881,0.094217114,0.013644524,0.033242665,0.004417018,0.5159081,2.9510492E-4,0.023780892,5.129765E-4,0.4515401,0.012978382,null,null,null,null,"TWOGAUSSIANS",8,12.467593,0.5159081,2.9510492E-4,0.13317299,0.0028726684,0.45891652,0.016319204,0.3524182,0.012125881,0.4,0.0,0.033242613,0.004417074
375316653866487564,2934332621689747072,0.67471164,2199.48067104106,1.9347459337490573,2.570539E-6,16.256784,0.0032417567,0.23478961,0.0014617441,0.037322074,0.0026598757,0.18028937,0.024547052,0.73431796,7.5666513E-4,0.045815196,0.0011454681,0.5224758,0.008571861,0.041510936,0.004015359,0.23478961,0.0014617441,"TWOGAUSSIANS_WITH_ELLIPSOIDAL_ON_ECLIPSE1",9,6.0348043,0.734328,7.335878E-4,0.2565651,0.0064146216,0.60549664,0.009743059,0.23478961,0.0014617441,0.20900363,0.014895303,0.26331097,0.021480521
375316653866487564,2934335404828425088,0.61089903,2171.426262960172,2.041631316707077,2.6938258E-6,13.838248,0.0025898295,0.23967339,0.0017774912,0.048907563,0.0076055964,0.020910876,0.0073619615,0.73724264,8.0544606E-4,0.056102913,0.001481501,0.13395791,0.005639385,0.041196022,0.0031678025,0.23967339,0.0017774912,"TWOGAUSSIANS_WITH_ELLIPSOIDAL_ON_ECLIPSE1",9,21.350561,0.73756266,5.8174995E-4,0.31417632,0.008296406,0.21632767,0.0020288003,0.23967339,0.0017774912,0.27388236,0.04259134,0.1032973,0.0036606973
375316653866487564,2934335778483751168,0.4611302,2181.1991086196367,0.17013466209913686,6.197371E-5,19.5922,0.0057437983,0.27172133,0.013496351,0.028916776,0.011451112,1.5244652,1.2029152,0.7160173,0.028678482,0.10750847,0.032866657,0.060130846,0.022803288,null,null,null,null,"TWOGAUSSIANS",8,2.273001,0.27172133,0.013496351,0.16193394,0.06412623,1.5244317,1.2031578,0.7160173,0.028678482,0.4,0.0,0.060085434,0.022901298
375316653866487564,2934337122809464320,0.44860983,2186.519249435142,0.07027888655243317,6.118709E-5,19.597414,0.010175104,0.17850424,0.102101006,0.032054856,0.016541477,1.0437846,0.90158474,0.857876,0.004886407,0.055301663,0.007214424,0.19403942,0.04363794,null,null,null,null,"TWOGAUSSIANS",8,4.0538793,0.17850424,0.10211076,0.1795072,0.09263227,1.0437846,0.9014822,0.857876,0.004886407,0.3096893,0.040400777,0.19403942,0.04363794
375316653866487564,2934337260254392192,0.58189523,2211.6442552968215,3.236379742872826,5.4228212E-6,16.892153,0.0045319414,0.20492151,0.0023384956,0.08172236,0.0024842287,0.3678908,0.008327538,0.7103799,0.0013617506,0.07013374,0.0020498706,0.2952659,0.007351532,null,null,null,null,"TWOGAUSSIANS",8,9.228939,0.20492151,0.0023384956,0.4,0.0,0.36528718,0.008259611,0.7103799,0.0013617506,0.39274892,0.011479275,0.29266232,0.007314921
375316653866487564,2934338359766017280,0.66813076,2181.0616108224576,0.47252041430829783,1.8984023E-5,15.045593,9.2230947E-4,0.16481872,0.0015437779,0.015084659,8.6245005E-4,0.46126062,0.008087963,0.663916,0.003156943,0.018633634,0.00281514,0.07659306,0.0042536156,0.002779261,0.001552156,0.16481872,0.0015437779,"TWOGAUSSIANS_WITH_ELLIPSOIDAL_ON_ECLIPSE1",9,9.452501,0.16481872,0.0015437779,0.08447409,0.00482972,0.46681914,0.007724503,0.663916,0.0031495776,0.10434835,0.015764784,0.0821514,0.003938886
375316653866487564,2934339493637287296,0.47711578,2189.8770687069164,2.5029146866308216,2.2386328E-5,17.979212,0.011484816,0.22179548,0.008472491,0.109111264,0.018732943,0.115211636,0.010336842,0.73324126,0.0062555335,0.08648963,0.012960456,0.09552928,0.012570341,null,null,null,null,"TWOGAUSSIANS",8,3.5280945,0.22179548,0.008472491,0.4,0.0,0.10830872,0.010049557,0.7332513,0.0062526083,0.4,0.0,0.08863341,0.010519486
375316653866487564,2934339729852783360,0.49669337,2189.0415117015814,2.725023105121264,2.4199457E-5,17.421438,0.021848483,0.24331631,0.006295431,0.09224142,0.010649754,0.28621188,0.021744667,0.74120533,0.008215998,0.103148505,0.012521712,0.2829702,0.025045892,null,null,null,null,"TWOGAUSSIANS",8,35.653732,0.24331631,0.006295431,0.4,0.0,0.26530844,0.01474853,0.74120533,0.008215998,0.4,0.0,0.2620625,0.020795943
375316653866487564,2934340112112553728,0.4604524,2200.8201522938734,4.338089605421659,3.779673E-5,18.628092,0.018424243,0.27814168,0.012186004,0.06067605,0.009387801,0.27394497,0.022037279,0.74142504,0.010239274,0.0950055,0.019990658,0.1373728,0.022241237,null,null,null,null,"TWOGAUSSIANS",8,9.281516,0.27814168,0.012186004,0.33978587,0.052571688,0.27303758,0.02049293,0.74142504,0.010239274,0.4,0.0,0.13646446,0.021830117
375316653866487564,2934340936746276608,0.4456636,2188.3098926968555,2.7516285962527403,5.2177194E-5,15.002858,0.21715964,0.20792158,0.014953558,0.12462117,0.06654889,0.15889086,0.20621866,0.7189826,0.016659744,0.13161333,0.07494963,0.16630964,0.21262969,null,null,null,null,"TWOGAUSSIANS",8,323.65988,0.7191026,0.016416866,0.4,0.0,0.121920444,0.015579663,0.20771158,0.014408018,0.4,0.0,0.1146502,0.012342394
375316653866487564,2934341344762343296,0.5358897,2173.2680999694107,0.874200879239429,1.2244655E-5,18.371672,0.003969099,0.2807131,0.0026575148,0.015698865,0.0040891385,0.4135875,0.12920202,0.7833581,0.0018140469,0.01632184,0.0040892507,0.56765574,0.21108575,0.015805526,0.006292418,0.2807131,0.0026575148,"TWOGAUSSIANS_WITH_ELLIPSOIDAL_ON_ECLIPSE1",9,6.6468587,0.7833581,0.0018140469,0.09140231,0.022899805,0.599258,0.21390799,0.2807131,0.0026575148,0.08791365,0.022899175,0.4451985,0.1302996
375316653866487564,2934341482197761408,0.4888418,2180.5099670930613,1.5407487500830301,8.779988E-6,18.31363,0.003912427,0.48615152,0.0437539,0.06387137,0.025164878,0.03235553,0.013686552,0.83500135,4.1240957E-4,0.009695749,9.2673604E-4,0.9464049,0.8501491,null,null,null,null,"TWOGAUSSIANS",8,6.957134,0.83500135,4.1240957E-4,0.054296196,0.005189722,0.9464049,0.85014904,0.48615152,0.0437539,0.3576797,0.120525606,0.03235553,0.013686552
375316653866487564,2934341727018125568,0.5524196,2196.947979409266,2.9323155279386337,8.837213E-6,16.536179,0.0064541656,0.2476227,0.0027641796,0.04666709,0.020158771,0.045752555,0.014361089,0.73645705,0.0053784433,0.04977826,0.011392195,0.058797844,0.014655596,0.07542509,0.009000414,0.2476227,0.0027641796,"TWOGAUSSIANS_WITH_ELLIPSOIDAL_ON_ECLIPSE1",9,9.942567,0.74018705,0.0034326788,0.27875826,0.06379629,0.20915346,0.00810655,0.2476227,0.0027641796,0.2613357,0.11288912,0.19660203,0.011106966
375316653866487564,2934342414216288896,0.47238064,2212.455814798697,1.083156738080806,2.2070522E-5,17.09603,0.009118602,0.29617277,0.009120836,0.0967372,0.019781485,0.0811487,0.008818649,0.7826567,0.006030143,0.08372873,0.014375462,0.059450913,0.00856678,null,null,null,null,"TWOGAUSSIANS",8,4.819435,0.29617277,0.009120836,0.4,0.0,0.07870489,0.0064165276,0.7826567,0.006030143,0.4,0.0,0.05700743,0.006201712
375316653866487564,2934343303264311552,0.50149995,2240.9379743756012,3.3802139611536686,1.6103108E-5,15.4687195,0.18615161,0.24660492,0.004638612,0.11032142,0.03010916,0.3059096,0.16632812,0.7533577,0.0051761097,0.14116867,0.064137325,0.2636219,0.17903145,null,null,null,null,"TWOGAUSSIANS",8,122.49587,0.24644493,0.004628774,0.4,0.0,0.23401637,0.014567376,0.7533777,0.005207946,0.4,0.0,0.19074188,0.012552942
375316653866487564,2934343543782593920,0.504241,2227.1694677809523,4.091782197208175,1.7923523E-5,18.925482,0.015540659,0.28734374,0.0066708727,0.08316917,0.0102456175,0.22908768,0.016821899,0.77084696,0.010187624,0.091364786,0.0108250445,0.21493407,0.02282617,null,null,null,null,"TWOGAUSSIANS",8,2.5123894,0.28734374,0.0066708727,0.4,0.0,0.22353809,0.013380901,0.77084696,0.010187624,0.4,0.0,0.20938428,0.019373668
375316653866487564,2934344029123966720,0.55517125,2222.6179443067545,2.0669614592327097,8.24114E-6,16.925388,0.018471688,0.16980901,0.0019245251,0.053270426,0.007796508,0.27419183,0.04281579,0.67577106,0.003986168,0.070755854,0.005121811,0.23108946,0.05321766,0.07061138,0.0296888,0.16980901,0.0019245251,"TWOGAUSSIANS_WITH_ELLIPSOIDAL_ON_ECLIPSE1",9,17.218037,0.16980901,0.0019245251,0.29831436,0.043660443,0.41508886,0.029542169,0.67577106,0.003986168,0.39623278,0.026054068,0.3717884,0.018726993
375316653866487564,2934344093538375296,0.49847886,2218.256808831094,0.8369090259989982,2.2055247E-5,17.47921,0.0013970812,0.22820187,0.0085535,0.02743836,0.007369395,0.006507299,0.012994499,0.7363499,0.0039210496,0.021713872,0.0027558168,0.1461348,0.02920477,0.01308773,0.0023014524,0.22820187,0.0085535,"TWOGAUSSIANS_WITH_ELLIPSOIDAL_ON_ECLIPSE1",9,2.335951,0.7363499,0.0039210496,0.12159768,0.015432574,0.17224166,0.02989413,0.22820187,0.0085535,0.15365481,0.04126861,0.03268271,0.012262032
375316653866487564,2934345059916113792,0.5788742,2211.9052413124873,0.35107799815599633,1.5778238E-5,13.983669,0.0010895731,0.8492573,0.11456145,0.010357248,0.017811965,0.0019141097,0.21309432,0.74646,0.022118736,0.027097907,0.014274617,0.26669973,0.14091066,null,null,null,null,"TWOGAUSSIANS",8,40.83411,0.74646,0.014041609,0.15174828,0.07993785,0.26669973,0.036112394,0.84715724,0.13493304,0.058000587,0.099747,0.0021427302,0.2929579
375316653866487564,2934346258201896960,0.6305165,2197.275436995735,3.599170043996126,5.4587026E-6,18.770086,0.008738632,0.25010893,0.002282763,0.044387043,0.0032376237,0.5681231,0.036788143,0.75041956,0.0016503644,0.042855404,0.0025148839,0.42487437,0.024637181,0.13630396,0.013051818,0.25010893,0.002282763,"TWOGAUSSIANS_WITH_ELLIPSOIDAL_ON_ECLIPSE1",9,2.5929365,0.25010893,0.002282763,0.24856745,0.018130694,0.84073085,0.035663515,0.75041956,0.0015469886,0.23999025,0.014083349,0.69748104,0.024119105
375316653866487564,2934348255371764992,0.6051176,2197.6081706052005,0.21609128182259024,2.823513E-5,14.914633,4.6847644E-4,0.3779298,0.0033285855,0.010112676,0.004414669,0.4295513,4.992401,0.8787803,0.001811507,0.0110358,0.0018480391,0.116892084,0.030859578,null,null,null,null,"TWOGAUSSIANS",8,4.473518,0.3779298,0.0033285855,0.056630984,0.024722146,0.4295513,4.992401,0.8787803,0.001811507,0.06180048,0.010349019,0.116892084,0.030859578
375316653866487564,2934348766465042560,0.45744175,2206.741478108194,0.3070139681337861,3.0811236E-5,17.796886,0.0044181217,0.21731119,0.012026511,0.030740835,0.01218759,0.05898262,0.028168812,0.68611187,0.008012196,0.09753868,0.008757018,0.11770667,0.008645988,null,null,null,null,"TWOGAUSSIANS",8,5.814481,0.68611187,0.008012196,0.4,0.0,0.117674015,0.008652983,0.21731119,0.012026511,0.17214867,0.06825051,0.058951132,0.028195323
375316653866487564,2934349281859193856,0.5281954,2182.1454780010727,3.591865698801493,9.043306E-6,19.866175,0.007342425,0.28079212,0.003020747,0.06587323,0.004741915,0.4834782,0.05101435,0.77945006,0.0035379133,0.07475602,0.00388545,0.50795454,0.029516056,null,null,null,null,"TWOGAUSSIANS",8,1.5617012,0.77945006,0.0035379133,0.4,0.0,0.5062321,0.029794237,0.28079212,0.003020747,0.36889005,0.026554724,0.4817557,0.0516852
375316653866487564,2934349865976789248,0.51232076,2177.784376706223,0.8313637546527295,2.5274294E-5,17.921638,0.0024009873,0.24762383,0.0020904955,0.0330366,0.0021365504,0.19859973,0.0056434493,0.7425199,0.019398091,0.045109265,0.021379527,0.04289891,0.008482521,null,null,null,null,"TWOGAUSSIANS",8,2.972217,0.24762383,0.0020904955,0.18500496,0.0119646825,0.19859973,0.005643448,0.7425199,0.019398091,0.25261188,0.119725354,0.04289891,0.008482518
375316653866487564,2934350175214492928,0.46482763,2226.024650720062,2.775554489971295,2.6880307E-5,19.339334,0.04807246,0.20884427,0.004798492,0.11460052,0.021093963,0.19432136,0.046423845,0.72022784,0.011718985,0.1103467,0.031467807,0.18545665,0.043906968,null,null,null,null,"TWOGAUSSIANS",8,1.7249937,0.20882428,0.0047800853,0.4,0.0,0.16567509,0.009559453,0.7202578,0.011701048,0.4,0.0,0.15682726,0.02044021
375316653866487564,2934354921160963584,0.53435886,2216.844692472404,2.1735692126864183,8.198133E-6,14.96911,0.003557785,0.2172536,0.005384532,0.03433575,0.0036407954,0.23267628,0.029691843,0.70343935,0.0026604848,0.03736825,0.0037002992,0.2269782,0.012251894,0.014667561,0.006748161,0.2172536,0.005384532,"TWOGAUSSIANS_WITH_ELLIPSOIDAL_ON_ECLIPSE1",9,138.68271,0.2172536,0.005384532,0.1922802,0.020388454,0.26201135,0.027839242,0.7036294,0.0026125328,0.2092622,0.020721676,0.2560959,0.0129122855
