Gaia/vari_eclipsing_binary/VariEclipsingBinary_390795-391119.csv
# %ECSV 1.0
# ---
# delimiter: ','
# meta: !!omap
# - RELEASE: Gaia DR3
# - TABLE: vari_eclipsing_binary
# - DESCRIPTION: >
#     This table describes the properties of the eclipsing binaries resulting from the variability analysis. 
# - CITATION: >
#     How to cite and acknowledge Gaia: 
#     https://gea.esac.esa.int/archive/documentation/credits.html 
# - KNOWN_ISSUES: >
#     Known issues: 
#     https://www.cosmos.esa.int/web/gaia-users/known-issues 
# - DOCUMENTATION: >
#     Tutorials and documentation: 
#     https://www.cosmos.esa.int/web/gaia-users/archive 
# datatype:
# - 
#   name: solution_id
#   datatype: int64
#   description: Solution Identifier
#   meta:
#     ucd: meta.version
# - 
#   name: source_id
#   datatype: int64
#   description: Unique source identifier
#   meta:
#     ucd: meta.id;meta.main
# - 
#   name: global_ranking
#   datatype: float32
#   description: Number between 0 (worst) and 1 (best)
#   meta:
#     ucd: stat.param
# - 
#   name: reference_time
#   datatype: float64
#   unit: d
#   description: Reference time used for the geometric model fit
#   meta:
#     ucd: time.epoch
# - 
#   name: frequency
#   datatype: float64
#   unit: d**-1
#   description: Frequency of geometric model of the eclipsing binary light curve
#   meta:
#     ucd: src.orbital
# - 
#   name: frequency_error
#   datatype: float32
#   unit: d**-1
#   description: "Uncertainty of \\texttt{frequency}"
#   meta:
#     ucd: stat.error
# - 
#   name: geom_model_reference_level
#   datatype: float32
#   unit: mag
#   description: Magnitude reference level of geometric model
#   meta:
#     ucd: phot.mag;em.opt
# - 
#   name: geom_model_reference_level_error
#   datatype: float32
#   unit: mag
#   description: "Uncertainty of \\texttt{geomModelReferenceLevel}"
#   meta:
#     ucd: stat.error;phot.mag;em.opt
# - 
#   name: geom_model_gaussian1_phase
#   datatype: float32
#   description: Phase of the Gaussian 1 component
#   meta:
#     ucd: time.phase
# - 
#   name: geom_model_gaussian1_phase_error
#   datatype: float32
#   description: "Uncertainty of \\texttt{geomModelGaussian1Phase}"
#   meta:
#     ucd: stat.error;time.phase
# - 
#   name: geom_model_gaussian1_sigma
#   datatype: float32
#   description: "Standard deviation [phase] of Gaussian 1 component"
#   meta:
#     ucd: stat.stdev
# - 
#   name: geom_model_gaussian1_sigma_error
#   datatype: float32
#   description: "Uncertainty of \\texttt{geomModelGaussian1Sigma}"
#   meta:
#     ucd: stat.error
# - 
#   name: geom_model_gaussian1_depth
#   datatype: float32
#   unit: mag
#   description: Magnitude depth of Gaussian 1 component
#   meta:
#     ucd: src.var.amplitude
# - 
#   name: geom_model_gaussian1_depth_error
#   datatype: float32
#   unit: mag
#   description: "Uncertainty of \\texttt{geomModelGaussian1Depth}"
#   meta:
#     ucd: stat.error;src.var.amplitude
# - 
#   name: geom_model_gaussian2_phase
#   datatype: float32
#   description: Phase of Gaussian 2 component
#   meta:
#     ucd: time.phase
# - 
#   name: geom_model_gaussian2_phase_error
#   datatype: float32
#   description: "Uncertainty of \\texttt{geomModelGaussian2Phase}"
#   meta:
#     ucd: stat.error;time.phase
# - 
#   name: geom_model_gaussian2_sigma
#   datatype: float32
[...]
#   datatype: float32
#   description: "Secondary eclipse: uncertainty of \\texttt{derivedSecondaryEclDuration}"
#   meta:
#     ucd: stat.error;time.duration
# - 
#   name: derived_secondary_ecl_depth
#   datatype: float32
#   unit: mag
#   description: "Secondary eclipse: depth"
#   meta:
#     ucd: src.var.amplitude
# - 
#   name: derived_secondary_ecl_depth_error
#   datatype: float32
#   unit: mag
#   description: "Secondary eclipse: uncertainty of \\texttt{derivedSecondaryEclDepth}"
#   meta:
#     ucd: stat.error;src.var.amplitude
solution_id,source_id,global_ranking,reference_time,frequency,frequency_error,geom_model_reference_level,geom_model_reference_level_error,geom_model_gaussian1_phase,geom_model_gaussian1_phase_error,geom_model_gaussian1_sigma,geom_model_gaussian1_sigma_error,geom_model_gaussian1_depth,geom_model_gaussian1_depth_error,geom_model_gaussian2_phase,geom_model_gaussian2_phase_error,geom_model_gaussian2_sigma,geom_model_gaussian2_sigma_error,geom_model_gaussian2_depth,geom_model_gaussian2_depth_error,geom_model_cosine_half_period_amplitude,geom_model_cosine_half_period_amplitude_error,geom_model_cosine_half_period_phase,geom_model_cosine_half_period_phase_error,model_type,num_model_parameters,reduced_chi2,derived_primary_ecl_phase,derived_primary_ecl_phase_error,derived_primary_ecl_duration,derived_primary_ecl_duration_error,derived_primary_ecl_depth,derived_primary_ecl_depth_error,derived_secondary_ecl_phase,derived_secondary_ecl_phase_error,derived_secondary_ecl_duration,derived_secondary_ecl_duration_error,derived_secondary_ecl_depth,derived_secondary_ecl_depth_error
[from data line 629]
375316653866487564,3439743100101143040,0.6508232,2236.5635867356355,2.3296185826937226,6.2279814E-6,17.751207,0.009310571,0.24037626,0.0034187278,0.046223685,0.010022744,0.13502368,0.052043363,0.7405186,0.0041611074,0.052716598,0.0063630776,0.16373244,0.020128746,0.10655229,0.010217529,0.24037626,0.0034187278,"TWOGAUSSIANS_WITH_ELLIPSOIDAL_ON_ECLIPSE1",9,1.7024584,0.7405186,0.0034653048,0.29521295,0.035633232,0.37683454,0.0132644,0.24037626,0.0034187278,0.25885263,0.056127362,0.34812596,0.05081035
375316653866487564,3439744989886827904,0.4788786,2213.9397013948155,2.8991547389489063,3.7839E-5,18.862535,0.0056129633,null,null,null,null,null,null,null,null,null,null,null,null,0.07313045,0.0075203977,0.27843505,0.009287913,"ELLIPSOIDAL",4,4.554412,null,null,null,null,null,null,null,null,null,null,null,null
375316653866487564,3439746987046973056,0.5179995,2226.8427880235567,2.649519494545517,2.8387525E-5,17.02848,0.030107629,0.2630862,0.004776544,0.13272566,0.021523617,0.15650377,0.028342612,0.7536181,0.0127407275,0.09357479,0.025629204,0.1147585,0.02783446,null,null,null,null,"TWOGAUSSIANS",8,5.6232295,0.2630862,0.0047725933,0.4,0.0,0.13498907,0.007610959,0.7536181,0.0127407275,0.4,0.0,0.09351173,0.012426364
375316653866487564,3439752347166295296,0.5105926,2309.228260507135,1.5007313890107525,3.5589743E-5,16.897219,0.0073983823,0.25957125,0.00758404,0.062109377,0.008580876,0.2879626,0.09639247,0.7910388,0.031747136,0.017879581,0.0152348075,0.9597011,13.876383,0.03843086,0.020664373,0.25957125,0.00758404,"TWOGAUSSIANS_WITH_ELLIPSOIDAL_ON_ECLIPSE1",9,102.005264,0.7910388,0.031747136,0.100125656,0.08531492,1.0335122,13.879795,0.25957125,0.00758404,0.3478125,0.048052903,0.36473948,0.09385612
375316653866487564,3439752445948880000,0.474057,2320.1327451240236,1.1028990810006334,2.5063628E-5,19.580002,0.01310904,0.13674492,0.0019031174,0.037323732,0.0047273994,0.19812217,0.039441887,0.63052505,0.057736542,0.019334693,0.0861233,0.4256815,0.4912548,null,null,null,null,"TWOGAUSSIANS",8,1.9555986,0.63052505,0.057736542,0.10827427,0.3221922,0.4256815,0.49138796,0.13674492,0.0019031174,0.2090129,0.026473437,0.19812217,0.03942465
375316653866487564,3439753030064445312,0.47871467,2288.707545386057,0.48492611990737416,5.5224336E-5,18.375607,0.031849362,0.16448213,0.01467651,0.055777192,0.00877524,0.1314846,0.01526292,0.59210277,0.017487323,0.14739513,0.036640815,0.24198559,0.023659956,null,null,null,null,"TWOGAUSSIANS",8,5.212184,0.59210277,0.017487323,0.4,0.0,0.23495547,0.013390124,0.16613214,0.013554383,0.31235227,0.049141344,0.12823683,0.015364948
375316653866487564,3439753515397397760,0.5506062,2313.911305833736,0.4380632456798823,2.5528238E-5,16.663792,0.03238354,0.33534172,0.013239608,0.18523772,0.09894365,0.043534618,0.029954577,0.7101588,0.080375694,0.017500287,0.023491247,0.243265,1.7595794,null,null,null,null,"TWOGAUSSIANS",8,5.7168,0.7101588,0.080375694,0.09800161,0.13155098,0.24675262,1.7497991,0.33534172,0.013239608,0.4,0.0,0.04125553,0.0062407525
375316653866487564,3439754340031938304,0.4869414,2305.7533099505913,3.0644588707646485,2.4018986E-5,16.613758,0.148855,0.2349367,0.030880615,0.1077519,0.06301051,0.31693965,0.12716796,0.7335993,0.009682885,0.12758751,0.044024546,0.32427114,0.13432139,null,null,null,null,"TWOGAUSSIANS",8,4.483937,0.7335993,0.009682885,0.4,0.0,0.25820026,0.026850116,0.2349467,0.031452578,0.4,0.0,0.25115559,0.02999665
375316653866487564,3439757329328312192,0.64303565,2231.3813115924468,3.0408034593042457,1.5541298E-5,15.350553,0.022492873,0.22351047,0.009715727,0.05021752,0.016410429,0.4128504,0.04648967,0.7177882,0.0060670273,0.045634147,0.007922521,0.26075396,0.0605965,0.10986869,0.026826574,0.22351047,0.009715727,"TWOGAUSSIANS_WITH_ELLIPSOIDAL_ON_ECLIPSE1",9,102.96126,0.22351047,0.009715727,0.2812181,0.091898404,0.6325859,0.010205079,0.7184882,0.004886479,0.25555122,0.044366118,0.48024002,0.0416549
375316653866487564,3439760417411820800,0.56226814,2201.798729900079,3.6914304694947515,2.070321E-5,18.13765,0.029506156,0.2361563,0.005941114,0.096359484,0.009118994,0.4846006,0.042892184,0.76605266,0.005283896,0.08814305,0.007562504,0.61995935,0.05068736,null,null,null,null,"TWOGAUSSIANS",8,10.177196,0.76605266,0.005283896,0.4,0.0,0.6023787,0.05039386,0.2361563,0.005941114,0.4,0.0,0.46701697,0.037903313
375316653866487564,3439771481247333760,0.51876825,2278.073663179771,0.3224563891029262,2.441318E-5,15.290712,0.011013199,0.32271078,0.007876148,0.049870882,0.012442877,1.897023,5.205577,0.94504493,8.4935623E-4,0.008947953,7.0664467E-4,0.43741077,0.039001632,null,null,null,null,"TWOGAUSSIANS",8,5.2898493,0.32271078,0.007876148,0.27927694,0.06968011,1.897023,5.205577,0.94504493,8.4935623E-4,0.050108537,0.00395721,0.43741077,0.039001632
375316653866487564,3439773787643151232,0.646635,2299.0643593900963,4.165336102296244,6.849687E-6,16.944286,0.012830547,0.20263678,0.0023822952,0.050070625,0.004062369,0.32239878,0.028292915,0.7127754,0.0045314957,0.056965116,0.0065066135,0.31896946,0.029491069,0.074095115,0.015337632,0.20263678,0.0023822952,"TWOGAUSSIANS_WITH_ELLIPSOIDAL_ON_ECLIPSE1",9,8.152011,0.20263678,0.0023822952,0.2803955,0.022749266,0.47057825,0.014955437,0.7127754,0.0045314957,0.31900465,0.036437035,0.46654838,0.019530503
375316653866487564,3439775917946814976,0.5222187,2248.9110466142183,0.47362710429646554,2.3816048E-5,16.514473,0.0019086056,0.16558337,0.0035484638,0.03617971,0.0047207973,0.104064316,0.010604502,0.6514506,0.0136367185,0.08034888,0.013834953,0.024652991,0.002846988,null,null,null,null,"TWOGAUSSIANS",8,2.9434547,0.16558337,0.0035484638,0.20260638,0.026436463,0.10406019,0.010607071,0.6514506,0.0136367185,0.4,0.0,0.024648862,0.0028435474
375316653866487564,3439790138582870912,0.5580184,2216.250775931628,3.7459312853099327,2.188078E-5,18.468102,0.0034872282,null,null,null,null,null,null,null,null,null,null,null,null,0.13484845,0.0056356336,0.2458891,0.0024226794,"ELLIPSOIDAL",4,3.030539,null,null,null,null,null,null,null,null,null,null,null,null
375316653866487564,3439790658274624512,0.5437557,2236.5308968901727,4.885954762672498,2.2916987E-5,18.657898,0.02037912,0.30477208,0.017405652,0.08592943,0.018659934,0.26008227,0.07838019,0.7922796,0.008982816,0.073426,0.012344811,0.36153212,0.041688066,null,null,null,null,"TWOGAUSSIANS",8,3.5205858,0.7922796,0.008982816,0.4,0.034597892,0.3581169,0.043609574,0.30477208,0.017405652,0.4,0.0,0.25666702,0.07952687
375316653866487564,3439790967512241536,0.49218464,2268.8681437036375,2.0042936483999454,5.1126197E-5,15.472123,0.71569747,0.26874432,0.016861338,0.13020326,0.19250055,0.19794157,0.6920289,0.7719572,0.0068130568,0.0782098,0.032532625,0.15310448,0.1576248,null,null,null,null,"TWOGAUSSIANS",8,98.62705,0.26874432,0.016880697,0.4,0.0,0.1790842,0.018320475,0.77198726,0.0048569553,0.4,0.025761181,0.13449667,0.014996637
375316653866487564,3439792376261492352,0.49560943,2265.935667812232,0.6276305382219663,1.8980945E-5,17.073606,0.0038994558,0.28364915,0.0028454608,0.042242013,0.0019141482,0.3791771,0.009719184,0.6756433,0.002972478,0.0056569744,0.0017548731,0.757375,5.623812,null,null,null,null,"TWOGAUSSIANS",8,18.036861,0.6756433,0.002972478,0.031679057,0.00982729,0.757375,5.623812,0.28364915,0.0028454608,0.23655526,0.0107192295,0.3791771,0.009719184
375316653866487564,3439792921721676032,0.48376504,2162.4067394205367,0.9184699630906867,9.0851456E-5,19.42205,0.037551794,0.31990892,0.03043091,0.09858204,0.042776044,0.16516353,0.040266223,0.796387,0.029140327,0.07941441,0.029194511,0.2114182,0.09053361,null,null,null,null,"TWOGAUSSIANS",8,2.1282709,0.796387,0.029141162,0.4,0.08554079,0.20658548,0.09145109,0.31990892,0.03043091,0.4,0.0,0.16032931,0.017908048
375316653866487564,3439798900315489152,0.5076467,2243.0958218223445,2.6444011892759427,1.282728E-5,18.470451,0.007838397,0.27868953,0.0045275935,0.06455949,0.0071963915,0.1387009,0.010123074,0.74416095,1.04838036E-4,0.03619963,0.001071552,0.18365598,0.007848687,null,null,null,null,"TWOGAUSSIANS",8,4.2933593,0.74416095,1.04838036E-4,0.20271793,0.0060006916,0.18365575,0.007848383,0.27868953,0.0045275935,0.36153316,0.04029979,0.13870068,0.010122964
375316653866487564,3439800687021589376,0.57613474,2243.327036299598,1.1015113137145873,1.8465304E-5,17.593159,0.00809035,0.28586212,0.009282458,0.050083824,0.004994407,0.24883093,0.015457978,0.80686516,0.0039400654,0.04833204,0.004521522,0.58996195,0.121011324,null,null,null,null,"TWOGAUSSIANS",8,9.82372,0.80686516,0.0039400654,0.27065942,0.025320524,0.5899613,0.12101237,0.28586212,0.009282458,0.28046942,0.027968677,0.2488303,0.0154573945
375316653866487564,3439808658481192192,0.5059418,2231.328517574778,3.7453521763570077,2.5747748E-5,18.077757,0.28686205,0.22784674,0.009772232,0.119725,0.04345614,0.29867297,0.202282,0.7116184,0.007891384,0.16853409,0.11458983,0.2411304,0.27553576,null,null,null,null,"TWOGAUSSIANS",8,3.4423432,0.22922674,0.008952535,0.4,0.0,0.20195238,0.02474167,0.7116184,0.007891384,0.4,0.0,0.13837346,0.009009849
375316653866487564,3439809414394047232,0.626843,2255.4711730376134,2.592357792473145,5.1476277E-6,17.5887,0.0018207184,0.7618607,0.0012796794,0.031053727,0.028058918,0.036105238,0.017914595,null,null,null,null,null,null,0.11129506,0.002707772,0.7618607,0.0012796794,"ONEGAUSSIAN_WITH_ELLIPSOIDAL",6,1.169643,0.7618607,0.0012796794,0.17390087,0.15712994,0.25869516,0.018530779,null,null,null,null,null,null
375316653866487564,3439810616984901504,0.55442804,2288.2369062060106,0.7785120823416057,1.0332788E-4,17.825562,0.0045681335,0.30789804,0.0167925,0.053193714,0.010699475,0.25854906,0.09788899,0.77562165,0.023049595,0.04374177,0.025538802,0.7992982,0.7148948,null,null,null,null,"TWOGAUSSIANS",8,3.6108816,0.77562165,0.023049595,0.24495392,0.14301729,0.799298,0.71491283,0.30789804,0.0167925,0.2978848,0.059917063,0.25854883,0.097888336
375316653866487564,3439813571923822976,0.66269433,2253.2304646302928,3.4021465612548174,2.1971198E-6,17.420137,0.019727947,0.30322763,0.0016575151,0.056780662,0.003912113,0.47275645,0.05281232,0.8014576,9.2656043E-4,0.0513368,0.0036050929,0.45369944,0.045676157,0.090377115,0.030784138,0.30322763,0.0016575151,"TWOGAUSSIANS_WITH_ELLIPSOIDAL_ON_ECLIPSE1",9,5.937534,0.30322763,0.0016575151,0.3179717,0.021907832,0.6534789,0.028738856,0.80159754,8.075967E-4,0.28748608,0.02018852,0.63440126,0.020242916
375316653866487564,3439820959267636608,0.4991735,2241.2982500622807,3.549618433168908,3.1515232E-5,18.033733,0.019696748,0.24127334,0.022231707,0.12439506,0.039426755,0.11400627,0.021091957,0.71391654,0.004578251,0.050174393,0.008747488,0.1696662,0.023417527,null,null,null,null,"TWOGAUSSIANS",8,4.377662,0.71391654,0.004578251,0.2809766,0.048985936,0.167383,0.021761049,0.24127334,0.022231707,0.4,0.0,0.11162523,0.017061515
375316653866487564,3439826048804731648,0.54117495,2243.5870515108572,1.2697384754694974,6.2730855E-5,14.757969,0.002368501,0.78939486,0.0065730796,0.045005854,0.008683217,0.52096176,0.10123432,null,null,null,null,null,null,null,null,null,null,"ONEGAUSSIAN",5,336.51743,0.78939486,0.0065730796,0.2520328,0.048626013,0.52096176,0.0,null,null,null,null,null,null
375316653866487564,3439826216307772288,0.5976068,2270.25521721395,2.7519277849255253,1.999916E-5,16.79082,0.02405378,0.30542248,0.020815382,0.093883716,0.04241431,0.12665689,0.034795802,0.7962218,0.003242627,0.093636334,0.007553084,0.3426483,0.023347741,null,null,null,null,"TWOGAUSSIANS",8,10.351427,0.7962218,0.00324224,0.4,0.0,0.332419,0.013863754,0.30542248,0.020815382,0.4,0.0,0.116427906,0.045134
375316653866487564,3439829721001178752,0.5383971,2239.0837680974582,2.9020988431429804,7.979846E-6,17.807787,0.0018801896,0.75987023,0.0025007909,0.058393024,0.019559098,0.01363192,0.01495871,null,null,null,null,null,null,0.073811986,0.004122704,0.75987023,0.0025007909,"ONEGAUSSIAN_WITH_ELLIPSOIDAL",6,2.2474177,0.75987023,0.0025007909,0.32700095,0.109530956,0.16125436,0.013840671,null,null,null,null,null,null
375316653866487564,3439831748225691904,0.5502361,2246.9375599705827,2.626084106615106,3.6371195E-5,17.668428,0.0030325525,0.7860342,0.0029147686,0.005090415,0.0037109293,0.0328254,0.027326358,0.5176794,0.0058254204,0.13138689,0.0077934735,0.100098774,0.0038308469,null,null,null,null,"TWOGAUSSIANS",8,1.3505859,0.5176794,0.0058254204,0.4,0.0,0.09995533,0.0038240133,0.7858842,0.0031750572,0.028506324,0.020781204,0.04512905,0.027722947
375316653866487564,3439832057463325184,0.65466076,2290.050637172496,3.0849246179696173,1.1110645E-5,16.921663,0.014589933,0.25636533,0.0033269548,0.04143303,0.00484245,0.39387947,0.03500003,0.7509661,0.0028404666,0.047430765,0.004593009,0.48700845,0.029936865,0.13736601,0.017633153,0.25636533,0.0033269548,"TWOGAUSSIANS_WITH_ELLIPSOIDAL_ON_ECLIPSE1",9,18.306414,0.751456,0.002450285,0.26561227,0.025720851,0.76145214,0.029995311,0.25636533,0.0033269548,0.23202497,0.02711772,0.66861045,0.023241144
375316653866487564,3439836975200017920,0.52442247,2268.9493671745017,2.8627368563568987,1.7458167E-5,17.556868,0.033093907,0.25748232,0.011603292,0.11471542,0.02536977,0.15850955,0.03237418,0.76194227,0.0043885764,0.11065846,0.015903564,0.18226804,0.03123518,null,null,null,null,"TWOGAUSSIANS",8,4.011425,0.7619523,0.0043867603,0.4,0.0,0.15459377,0.008444082,0.2574723,0.011635104,0.4,0.0,0.13082485,0.014598845
375316653866487564,3439844122027494912,0.63409823,2242.362600906396,2.5746174741422267,1.0138952E-5,14.98688,0.019143991,0.25489387,0.006525024,0.06530128,0.0071564936,0.45687133,0.09496291,0.75174195,0.0035531453,0.047401015,0.0076529454,0.37700203,0.052570406,0.09706659,0.022344487,0.75174195,0.0035531453,"TWOGAUSSIANS_WITH_ELLIPSOIDAL_ON_ECLIPSE2",9,78.320595,0.25450388,0.005281094,0.36568713,0.040076364,0.65069497,0.09421825,0.75174195,0.0035531453,0.26544568,0.042856492,0.5708923,0.050503016
375316653866487564,3439848825016198016,0.5823452,2212.7953909770035,3.1443888438323557,1.7264318E-5,18.007639,0.0076906155,0.15629494,0.007336703,0.07682668,0.012236595,0.31619063,0.05306209,0.64641136,0.00314356,0.07930651,0.0040342454,0.35730642,0.010904541,null,null,null,null,"TWOGAUSSIANS",8,3.434056,0.64641136,0.00314356,0.4,0.0,0.35405514,0.010136647,0.15629494,0.007336703,0.4,0.0,0.31293935,0.056659274
375316653866487564,3439850027607084800,0.50240606,2190.637410145088,2.5441822447936295,8.319411E-5,18.28962,0.007909997,0.45379585,0.0043255016,0.05914396,0.004075531,0.17077912,0.008301379,0.9320282,0.026998788,0.102084465,0.031532213,0.03159679,0.009413403,null,null,null,null,"TWOGAUSSIANS",8,2.3393257,0.45379585,0.0043191924,0.33120617,0.022822974,0.17021106,0.006804239,0.9320282,0.026998788,0.4,0.0,0.03102812,0.008428766
375316653866487564,3439851711234369280,0.46093062,2324.3776666902068,0.860685110966955,4.027014E-5,17.542938,0.03592038,0.20923425,0.021937797,0.071183816,0.05547045,0.13534807,0.0950278,0.70040035,0.011500538,0.08435554,0.03808356,0.093138546,0.03378469,null,null,null,null,"TWOGAUSSIANS",8,13.577562,0.20923425,0.021937797,0.3986294,0.22808707,0.13430731,0.09954697,0.70040035,0.011500538,0.4,0.031489905,0.09209779,0.023811411
375316653866487564,3439855490803979136,0.51330584,2268.0674931732874,0.024148548039391662,5.6814388E-5,19.630287,0.008615947,0.40061042,0.01708492,0.13425924,0.02994272,0.20720042,0.02938707,0.66909707,0.00219083,0.01736095,0.010517979,2.4161136,3.9608803,null,null,null,null,"TWOGAUSSIANS",8,1.1020983,0.66909707,0.00219083,0.09722132,0.058900684,2.443765,3.9633462,0.40061042,0.01708492,0.4,0.0,0.20679699,0.029879881
