Gaia/vari_eclipsing_binary/VariEclipsingBinary_478578-478691.csv
# %ECSV 1.0
# ---
# delimiter: ','
# meta: !!omap
# - RELEASE: Gaia DR3
# - TABLE: vari_eclipsing_binary
# - DESCRIPTION: >
#     This table describes the properties of the eclipsing binaries resulting from the variability analysis. 
# - CITATION: >
#     How to cite and acknowledge Gaia: 
#     https://gea.esac.esa.int/archive/documentation/credits.html 
# - KNOWN_ISSUES: >
#     Known issues: 
#     https://www.cosmos.esa.int/web/gaia-users/known-issues 
# - DOCUMENTATION: >
#     Tutorials and documentation: 
#     https://www.cosmos.esa.int/web/gaia-users/archive 
# datatype:
# - 
#   name: solution_id
#   datatype: int64
#   description: Solution Identifier
#   meta:
#     ucd: meta.version
# - 
#   name: source_id
#   datatype: int64
#   description: Unique source identifier
#   meta:
#     ucd: meta.id;meta.main
# - 
#   name: global_ranking
#   datatype: float32
#   description: Number between 0 (worst) and 1 (best)
#   meta:
#     ucd: stat.param
# - 
#   name: reference_time
#   datatype: float64
#   unit: d
#   description: Reference time used for the geometric model fit
#   meta:
#     ucd: time.epoch
# - 
#   name: frequency
#   datatype: float64
#   unit: d**-1
#   description: Frequency of geometric model of the eclipsing binary light curve
#   meta:
#     ucd: src.orbital
# - 
#   name: frequency_error
#   datatype: float32
#   unit: d**-1
#   description: "Uncertainty of \\texttt{frequency}"
#   meta:
#     ucd: stat.error
# - 
#   name: geom_model_reference_level
#   datatype: float32
#   unit: mag
#   description: Magnitude reference level of geometric model
#   meta:
#     ucd: phot.mag;em.opt
# - 
#   name: geom_model_reference_level_error
#   datatype: float32
#   unit: mag
#   description: "Uncertainty of \\texttt{geomModelReferenceLevel}"
#   meta:
#     ucd: stat.error;phot.mag;em.opt
# - 
#   name: geom_model_gaussian1_phase
#   datatype: float32
#   description: Phase of the Gaussian 1 component
#   meta:
#     ucd: time.phase
# - 
#   name: geom_model_gaussian1_phase_error
#   datatype: float32
#   description: "Uncertainty of \\texttt{geomModelGaussian1Phase}"
#   meta:
#     ucd: stat.error;time.phase
# - 
#   name: geom_model_gaussian1_sigma
#   datatype: float32
#   description: "Standard deviation [phase] of Gaussian 1 component"
#   meta:
#     ucd: stat.stdev
# - 
#   name: geom_model_gaussian1_sigma_error
#   datatype: float32
#   description: "Uncertainty of \\texttt{geomModelGaussian1Sigma}"
#   meta:
#     ucd: stat.error
# - 
#   name: geom_model_gaussian1_depth
#   datatype: float32
#   unit: mag
#   description: Magnitude depth of Gaussian 1 component
#   meta:
#     ucd: src.var.amplitude
# - 
#   name: geom_model_gaussian1_depth_error
#   datatype: float32
#   unit: mag
#   description: "Uncertainty of \\texttt{geomModelGaussian1Depth}"
#   meta:
#     ucd: stat.error;src.var.amplitude
# - 
#   name: geom_model_gaussian2_phase
#   datatype: float32
#   description: Phase of Gaussian 2 component
#   meta:
#     ucd: time.phase
# - 
#   name: geom_model_gaussian2_phase_error
#   datatype: float32
#   description: "Uncertainty of \\texttt{geomModelGaussian2Phase}"
#   meta:
#     ucd: stat.error;time.phase
# - 
#   name: geom_model_gaussian2_sigma
#   datatype: float32
[...]
#   datatype: float32
#   description: "Secondary eclipse: uncertainty of \\texttt{derivedSecondaryEclDuration}"
#   meta:
#     ucd: stat.error;time.duration
# - 
#   name: derived_secondary_ecl_depth
#   datatype: float32
#   unit: mag
#   description: "Secondary eclipse: depth"
#   meta:
#     ucd: src.var.amplitude
# - 
#   name: derived_secondary_ecl_depth_error
#   datatype: float32
#   unit: mag
#   description: "Secondary eclipse: uncertainty of \\texttt{derivedSecondaryEclDepth}"
#   meta:
#     ucd: stat.error;src.var.amplitude
solution_id,source_id,global_ranking,reference_time,frequency,frequency_error,geom_model_reference_level,geom_model_reference_level_error,geom_model_gaussian1_phase,geom_model_gaussian1_phase_error,geom_model_gaussian1_sigma,geom_model_gaussian1_sigma_error,geom_model_gaussian1_depth,geom_model_gaussian1_depth_error,geom_model_gaussian2_phase,geom_model_gaussian2_phase_error,geom_model_gaussian2_sigma,geom_model_gaussian2_sigma_error,geom_model_gaussian2_depth,geom_model_gaussian2_depth_error,geom_model_cosine_half_period_amplitude,geom_model_cosine_half_period_amplitude_error,geom_model_cosine_half_period_phase,geom_model_cosine_half_period_phase_error,model_type,num_model_parameters,reduced_chi2,derived_primary_ecl_phase,derived_primary_ecl_phase_error,derived_primary_ecl_duration,derived_primary_ecl_duration_error,derived_primary_ecl_depth,derived_primary_ecl_depth_error,derived_secondary_ecl_phase,derived_secondary_ecl_phase_error,derived_secondary_ecl_duration,derived_secondary_ecl_duration_error,derived_secondary_ecl_depth,derived_secondary_ecl_depth_error
[from data line 111]
375316653866487564,4209834417066639360,0.4478183,2236.2371029992814,0.48890858836083306,2.2315628E-5,15.624797,0.061801516,0.19632706,0.0069877114,0.06421431,0.01257518,0.17423141,0.04809584,0.6714827,0.016667414,0.21167263,0.1708315,0.058204893,0.05544443,null,null,null,null,"TWOGAUSSIANS",8,42.94612,0.19676706,0.006680659,0.35960013,0.07042101,0.16238132,0.05839253,0.6714827,0.016667414,0.4,0.0,0.038975753,0.023871705
375316653866487564,4209834691944553472,0.6110646,2232.0637381851793,1.3463063668895712,4.2060888E-6,17.493443,0.0059373267,0.15863717,0.0039576166,0.08470923,0.0047715097,0.21779059,0.008431621,0.66032505,0.0023331796,0.09102563,0.0042619007,0.18985441,0.0077360836,null,null,null,null,"TWOGAUSSIANS",8,1.5943376,0.15863717,0.0039576166,0.4,0.0,0.21090628,0.007648716,0.66032505,0.0023331796,0.4,0.0,0.18297002,0.0071851225
375316653866487564,4209834726304288768,0.6112985,2232.05520952972,2.8710435655234323,1.1586426E-5,14.436453,0.0071527194,0.25960052,0.002094874,0.0820297,0.00415857,0.16392465,0.0071008266,0.7527312,0.017287679,0.11031851,0.047131497,0.061448455,0.07320968,null,null,null,null,"TWOGAUSSIANS",8,18.374346,0.25960052,0.0020934874,0.4,0.0,0.15837535,0.003732075,0.7527312,0.017287679,0.4,0.03200356,0.055894747,0.0779328
375316653866487564,4209834932455427328,0.5217023,2189.9562695552495,4.126689485163849,5.710936E-5,19.874922,0.02004856,0.26613414,0.010991735,0.07261636,0.01225143,0.60613614,0.060514867,0.7701256,0.007152324,0.07657463,0.014792846,0.48137558,0.09331611,null,null,null,null,"TWOGAUSSIANS",8,4.0832486,0.26613414,0.010991735,0.4,0.052423086,0.60255826,0.06181618,0.7701256,0.007152324,0.4,0.03239881,0.47779766,0.09642042
375316653866487564,4209834966822455552,0.5605496,2181.267728882007,2.200234567806956,1.5917321E-5,16.935728,0.15028001,0.28342295,0.010604082,0.12317691,0.053074304,0.23163442,0.15072188,0.78982204,0.0044608596,0.102388985,0.029999217,0.24381794,0.13525473,null,null,null,null,"TWOGAUSSIANS",8,11.174277,0.789852,0.004556869,0.4,0.0,0.20601924,0.010092875,0.28342295,0.010598863,0.4,0.0,0.19371408,0.01898402
375316653866487564,4209844514528276352,0.5490787,2150.3407495701736,1.1509118477204234,3.106733E-5,18.641415,0.0051328526,0.18964978,0.033762388,0.046634406,0.026607329,0.20104209,2.8436167,0.7614112,0.00541629,0.034385324,0.010218593,0.25302556,0.055829763,null,null,null,null,"TWOGAUSSIANS",8,1.5858352,0.7614112,0.00541629,0.19255781,0.05722412,0.25302556,0.055829763,0.18964978,0.033762388,0.26115265,0.14900105,0.20104209,2.8436167
375316653866487564,4209848607639241856,0.63742685,2164.6071344266697,2.1900741107832267,7.708435E-6,16.170872,0.0066917804,0.2378145,0.0017807796,0.098400526,0.0039519547,0.20407307,0.008067741,0.73539364,0.0056133606,0.09054603,0.004543435,0.29331613,0.0117501,null,null,null,null,"TWOGAUSSIANS",8,4.2798824,0.73539364,0.0056133606,0.4,0.0,0.2792299,0.010954316,0.2378145,0.0017807796,0.4,0.0,0.18998596,0.0068871044
375316653866487564,4209849672791198208,0.5484197,2156.236338747149,2.8852277930985792,4.57712E-6,17.261408,0.01413653,0.35824353,0.011443507,0.050181955,0.007693947,0.2075628,0.03596505,0.8199726,0.0071669677,0.059524085,0.0058508124,0.24459332,0.036294512,0.06121427,0.018841485,0.35824353,0.011443507,"TWOGAUSSIANS_WITH_ELLIPSOIDAL_ON_ECLIPSE1",9,8.710051,0.82456255,0.005276882,0.3333349,0.03276455,0.36089128,0.012417207,0.35824353,0.011443507,0.28101894,0.0430861,0.32998842,0.052724898
375316653866487564,4209854650655713280,0.5459211,2193.01876843702,2.7285698623852466,1.4995585E-5,18.117777,0.031792633,0.2726358,0.007028568,0.09906249,0.013757728,0.27979183,0.038047135,0.76184577,0.005523339,0.102408096,0.012272825,0.24913926,0.029675499,null,null,null,null,"TWOGAUSSIANS",8,6.116023,0.2726358,0.0070361965,0.4,0.0,0.25860262,0.029301282,0.76184577,0.005523339,0.4,0.0,0.22794819,0.013199352
375316653866487564,4209854895471892480,0.5048147,2209.071171798645,2.816272526829902,3.515235E-5,16.06287,0.025649164,0.30146787,0.012958133,0.089771144,0.02851597,0.17833132,0.020457605,0.7703816,0.010908339,0.099835046,0.021410786,0.19495483,0.025670713,null,null,null,null,"TWOGAUSSIANS",8,44.62894,0.7703816,0.010908339,0.4,0.0,0.1875692,0.021242635,0.30147785,0.012999086,0.4,0.0,0.17094877,0.0136218155
375316653866487564,4209855204709027456,0.5278273,2172.610533522329,1.4095819400705891,1.3592001E-5,14.8786,0.011918909,0.24750273,0.004073283,0.09111973,0.019754421,0.07765318,0.0054161726,0.76886296,0.003843901,0.1123802,0.027096031,0.04290549,0.011893775,null,null,null,null,"TWOGAUSSIANS",8,3.720769,0.24748272,0.0040467177,0.4,0.0,0.07353682,0.010144206,0.76886296,0.0038117534,0.4,0.0,0.03878337,0.0037987805
375316653866487564,4209858194006782720,0.58711135,2200.458012598637,3.009901621531779,1.0369437E-5,17.293472,0.00884683,0.18165706,0.0032907224,0.04868201,0.01792484,0.06721433,0.022368582,0.62913626,0.0033466758,0.017051749,0.0059457333,0.12245769,0.09959313,0.11490174,0.010643944,0.18165706,0.0032907224,"TWOGAUSSIANS_WITH_ELLIPSOIDAL_ON_ECLIPSE1",9,7.1800528,0.63118625,0.0033038817,0.09548979,0.03329611,0.32903332,0.098480806,0.18165706,0.0032907224,0.27261928,0.1003791,0.29701722,0.013161977
375316653866487564,4209858881201147008,0.6042551,2210.836997549926,2.876420778987719,9.493837E-6,18.141127,0.01014514,0.23057568,0.004781657,0.03277782,0.008725609,0.3119239,0.04903136,0.7195663,0.01050684,0.04789593,0.0061076805,0.44983107,0.08270809,0.12432496,0.015258064,0.23057568,0.004781657,"TWOGAUSSIANS_WITH_ELLIPSOIDAL_ON_ECLIPSE1",9,5.470257,0.7205663,0.009416759,0.2682172,0.034203008,0.697399,0.08314022,0.23057568,0.004781657,0.1835558,0.048863407,0.560572,0.044598904
375316653866487564,4209859602755664640,0.43834248,2245.607404155927,0.02649813672089886,6.906608E-5,19.318083,0.052518323,0.33552396,0.017995859,0.14265765,0.03725391,0.15538912,0.0528922,0.74032855,0.04000631,0.06696679,0.04039396,0.14334491,0.048123695,null,null,null,null,"TWOGAUSSIANS",8,2.6907144,0.33552396,0.017966628,0.4,0.0,0.1503735,0.02630742,0.74032855,0.04000631,0.375014,0.10586654,0.14112817,0.031236691
375316653866487564,4209861797478085760,0.5879041,2224.9915158239505,2.5523903486063952,1.4023317E-5,18.14733,0.0057855486,0.20211922,0.004054045,0.0736434,0.0035351038,0.45854884,0.011082819,0.70212096,0.005007632,0.070884064,0.0043864627,0.4440994,0.02175448,null,null,null,null,"TWOGAUSSIANS",8,3.7974951,0.20211922,0.004054045,0.4,0.0,0.45627564,0.010966273,0.70212096,0.005007632,0.39695075,0.022750033,0.44182622,0.02189432
375316653866487564,4209863893421821440,0.4878005,2192.9076813897964,2.3217196037069003,2.5739017E-5,16.30836,0.070201,0.2447915,0.021346569,0.13155201,0.046981156,0.16918272,0.057636827,0.7003128,0.007150222,0.13283359,0.018902402,0.31287128,0.063300334,null,null,null,null,"TWOGAUSSIANS",8,38.444466,0.7003128,0.007150222,0.4,0.0,0.25881982,0.017566297,0.2470215,0.019715486,0.4,0.0,0.11564502,0.052808188
375316653866487564,4209863927780485376,0.63856953,2168.704789712945,3.616497555662332,3.4923942E-6,18.818405,0.009765029,0.28325623,0.003298288,0.03191945,0.008562982,0.35695854,0.03897129,0.7761605,0.0038607162,0.036796007,0.0050926567,0.43619952,0.033318855,0.18298858,0.014197807,0.28325623,0.003298288,"TWOGAUSSIANS_WITH_ELLIPSOIDAL_ON_ECLIPSE1",9,1.8197435,0.7767405,0.003553554,0.20605764,0.028518878,0.8015087,0.046794884,0.28325623,0.003298288,0.17874892,0.0479527,0.722935,0.041253988
375316653866487564,4209868978662144640,0.5096736,2149.694604983779,3.8396779138725567,2.97289E-5,19.372152,0.020035706,0.47117522,0.019801488,0.112406164,0.06254248,0.050436426,0.011921881,0.82534575,0.043393992,0.044087447,0.024636522,0.42835954,10.249133,null,null,null,null,"TWOGAUSSIANS",8,1.5169613,0.82534575,0.043393992,0.24688971,0.13796453,0.42868003,10.249077,0.47117522,0.019801488,0.4,0.0630418,0.050404552,0.011756967
375316653866487564,4209870421771227264,0.5860795,2192.704190754433,1.7689916094470761,4.360141E-5,18.367647,0.009012936,0.24347116,0.0044060675,0.055565085,0.0050291563,0.22559395,0.025188837,0.7203239,0.0041869585,0.047274098,0.003369591,0.73806024,0.025729327,null,null,null,null,"TWOGAUSSIANS",8,7.9048147,0.7203239,0.0041869585,0.26473495,0.01886971,0.7380584,0.02572901,0.24347116,0.0044060675,0.31116447,0.028163275,0.2255921,0.025189493
375316653866487564,4209872380277557888,0.456772,2227.38726170328,2.7904316924623336,1.451914E-5,19.103323,0.025722705,0.27530706,0.008208186,0.084381066,0.010417847,0.31158337,0.032452065,0.77048486,0.006835725,0.09883278,0.023931442,0.24413957,0.032261502,null,null,null,null,"TWOGAUSSIANS",8,1.6248968,0.27530706,0.008207801,0.4,0.0,0.29938933,0.030038409,0.77048486,0.006835725,0.4,0.0,0.23194417,0.042228866
375316653866487564,4209875575733484544,0.5405624,2259.3003823480076,3.862440030060892,1.4959189E-5,18.924204,0.012147924,0.2638697,0.0104453545,0.059105717,0.008688459,0.43401292,0.06474253,0.7695237,0.003390806,0.06448184,0.0048464793,0.29668903,0.019272994,null,null,null,null,"TWOGAUSSIANS",8,4.504843,0.2638697,0.0104453545,0.330992,0.048655372,0.43384844,0.06493789,0.7695237,0.003390806,0.3610983,0.027140284,0.29652455,0.019238222
375316653866487564,4209879634483406720,0.49126676,2254.9223819896793,0.5906499774188732,7.6117045E-5,17.045078,0.0045282072,0.34264082,0.005098783,0.052821368,0.01017574,0.037368838,0.0049428497,0.7567517,0.013684002,0.01412103,0.006980262,0.24435502,0.062584974,null,null,null,null,"TWOGAUSSIANS",8,7.785168,0.7567517,0.013684002,0.07907777,0.039089467,0.24435502,0.062584974,0.34264082,0.005098783,0.29579967,0.05698415,0.037368838,0.0049428497
375316653866487564,4209885299538616192,0.5178477,2277.764304061751,3.8141602516293163,4.7365993E-5,19.129892,0.011632165,0.3119893,0.021651333,0.04836967,0.031698458,0.26197088,0.03527014,0.8144334,0.006565289,0.08085439,0.011795066,0.27545458,0.015539953,null,null,null,null,"TWOGAUSSIANS",8,3.4628282,0.8144334,0.006565289,0.4,0.0,0.27518192,0.015747083,0.3119893,0.021651333,0.27087015,0.13977428,0.26169822,0.035688993
375316653866487564,4209886124172361088,0.54518133,2216.66921357691,0.38915662057195516,5.112043E-5,16.75091,0.005701834,0.29005712,0.0070553683,0.010834865,0.0038057074,0.5039227,0.3111856,0.75155556,0.025697105,0.026230311,0.02419468,0.09306357,5.412517,null,null,null,null,"TWOGAUSSIANS",8,32.601547,0.29005712,0.0070553683,0.060675245,0.021311963,0.5039227,0.3111856,0.75155556,0.025697105,0.14688975,0.13549021,0.09306357,5.412517
375316653866487564,4209886609510643712,0.5732115,2258.3733533421296,0.16101044943165466,3.950762E-5,16.953209,0.0047240956,0.33646923,0.018829118,0.07192797,0.013287931,0.11896693,0.028540563,0.7957659,0.0100189345,0.017677667,0.0039771,0.9505537,0.41790533,null,null,null,null,"TWOGAUSSIANS",8,15.480757,0.7957659,0.0100189345,0.09899493,0.02227176,0.9505537,0.41790533,0.33646923,0.018829118,0.4,0.037184607,0.11896693,0.028540589
375316653866487564,4209888701153027584,0.5879396,2215.987795831419,4.296405193902338,3.7436494E-5,19.39008,0.010428769,0.29763588,0.0036156264,0.07213348,0.006184987,0.615725,0.019274956,0.79226404,0.013654253,0.06649494,0.011947048,0.5045092,0.040619783,null,null,null,null,"TWOGAUSSIANS",8,2.066934,0.29763588,0.0036156264,0.4,0.015861485,0.6142703,0.019099083,0.79226404,0.013654253,0.37237164,0.0622053,0.50305456,0.04073993
375316653866487564,4209893305359693312,0.5025165,2184.416330350465,2.6246481656967595,1.4125926E-5,17.688944,0.008155828,0.30563933,0.038947154,0.023279231,0.021664334,0.25607234,12350.42,0.7865986,0.0030122597,0.04353082,0.010862638,0.15551627,0.061710384,0.11448295,0.014863346,0.7865986,0.0030122597,"TWOGAUSSIANS_WITH_ELLIPSOIDAL_ON_ECLIPSE2",9,26.078152,0.30493933,0.03974627,0.1303637,0.12132028,0.48189527,12350.415,0.7865986,0.0030122597,0.2437726,0.060830776,0.38448212,0.060733434
375316653866487564,4209897123590378496,0.6344814,2186.704420083515,2.3985972592296014,4.0661876E-6,14.880884,0.013515921,0.29513732,0.0011602395,0.05575503,0.004250924,0.25596803,0.026532607,0.79158235,0.004963094,0.056725483,0.009691302,0.23953187,0.09911048,0.11422022,0.015781527,0.29513732,0.0011602395,"TWOGAUSSIANS_WITH_ELLIPSOIDAL_ON_ECLIPSE1",9,30.315624,0.29513732,0.0011602395,0.31222817,0.023805175,0.48438638,0.009395681,0.7922723,0.0042084036,0.31766272,0.05427129,0.4678585,0.10786477
375316653866487564,4209906332000394112,0.4963712,2226.901674777126,2.5594091122294715,5.0563613E-5,14.398192,0.66803414,0.24843454,0.0063954894,0.14078586,0.0680157,0.31929776,0.3654446,0.75072366,0.010070605,0.25260493,0.20477204,0.43858418,0.65449166,null,null,null,null,"TWOGAUSSIANS",8,108.42935,0.24719454,0.006198257,0.4,0.0,0.106692776,0.010129178,0.75098366,0.010632904,0.4,0.0,0.103785366,0.020216893
375316653866487564,4209907294072980480,0.49531835,2180.880378469802,3.2803653319853012,2.7972399E-5,15.298493,0.035270996,0.20331317,0.008026146,0.07168054,0.02117229,0.12154687,0.03402669,0.70633656,0.011113568,0.08677866,0.044533722,0.11788856,0.031601846,null,null,null,null,"TWOGAUSSIANS",8,115.11303,0.20331317,0.008046321,0.4,0.07561423,0.12000495,0.019033743,0.70633656,0.011113568,0.4,0.0,0.11634663,0.0149099175
375316653866487564,4209907912550381952,0.5588043,2187.2323179231103,4.0104119485244984,1.1894304E-5,18.28402,0.012471567,0.29333842,0.0035058118,0.08099024,0.004871576,0.39741263,0.019407257,0.80946076,0.0036538,0.07859371,0.007028057,0.4131593,0.024249148,null,null,null,null,"TWOGAUSSIANS",8,5.76509,0.80946076,0.0036538,0.4,0.0,0.40882236,0.025351401,0.29333842,0.0035058118,0.4,0.0,0.39307564,0.018788198
375316653866487564,4209908015627506944,0.45929432,2195.952320845963,2.9226935985803837,3.9348066E-5,17.114899,0.027385596,0.10628856,0.013822944,0.0832992,0.020380069,0.22684512,0.048268195,0.62048286,0.010239834,0.094027795,0.015730975,0.2559773,0.030969031,null,null,null,null,"TWOGAUSSIANS",8,47.9971,0.62048286,0.010239834,0.4,0.0,0.24876603,0.025249904,0.10628856,0.013823465,0.4,0.0,0.21963434,0.049624447
375316653866487564,4209912375013334016,0.5011285,2226.8972834499255,4.447873297201073,5.4636388E-5,19.936228,0.013597733,0.24131854,0.007904443,0.033355862,0.008347302,0.2939895,0.09352119,0.73415905,0.006562631,0.05669376,0.008912095,0.36981145,0.29231602,null,null,null,null,"TWOGAUSSIANS",8,1.1004528,0.73415905,0.006562631,0.31748506,0.049907733,0.3698114,0.2923161,0.24131854,0.007904443,0.18679282,0.04674489,0.29398942,0.0935215
375316653866487564,4209916055806612096,0.55753803,2174.3447764065245,2.767392460412193,3.3878416E-5,16.474194,0.011876979,0.2675379,0.003604492,0.08446227,0.006951503,0.39250574,0.077805646,0.7697519,0.005712633,0.08834979,0.0050461073,0.3717381,0.02128663,null,null,null,null,"TWOGAUSSIANS",8,34.476124,0.2675379,0.003604492,0.4,0.0,0.3813193,0.0799115,0.7697519,0.005712633,0.4,0.0,0.3605516,0.020381605
375316653866487564,4209916433763719680,0.46837074,2145.1108652599532,4.953329490494287,4.507383E-5,17.465181,0.006755275,0.4431724,0.02757294,0.039730597,0.02120996,0.3513686,1.6779885,0.13909599,8.560416E-4,0.027902072,0.0023086718,0.10395001,0.007439824,0.005111883,0.007435313,0.4431724,0.02757294,"TWOGAUSSIANS_WITH_ELLIPSOIDAL_ON_ECLIPSE1",9,32.921394,0.4431724,0.02757294,0.22249134,0.11877578,0.36159226,1.677687,0.13909599,8.560416E-4,0.15625161,0.012928563,0.10508547,0.008504345
375316653866487564,4209917430196174976,0.56275207,2193.2383535585714,4.467929975151858,2.2141132E-5,16.43432,0.0050195083,0.6016952,0.022154108,0.076897204,0.022856614,0.13696054,0.078145236,0.7690306,0.0010275503,0.024424963,5.9648446E-4,0.5017618,0.0231072,null,null,null,null,"TWOGAUSSIANS",8,2.2859542,0.7690306,0.0010275503,0.13677979,0.0033403127,0.51459455,0.008892998,0.6016952,0.022154108,0.4,0.083495565,0.13696054,0.078145236
