Gaia/vari_eclipsing_binary/VariEclipsingBinary_230573-230597.csv
# %ECSV 1.0
# ---
# delimiter: ','
# meta: !!omap
# - RELEASE: Gaia DR3
# - TABLE: vari_eclipsing_binary
# - DESCRIPTION: >
#     This table describes the properties of the eclipsing binaries resulting from the variability analysis. 
# - CITATION: >
#     How to cite and acknowledge Gaia: 
#     https://gea.esac.esa.int/archive/documentation/credits.html 
# - KNOWN_ISSUES: >
#     Known issues: 
#     https://www.cosmos.esa.int/web/gaia-users/known-issues 
# - DOCUMENTATION: >
#     Tutorials and documentation: 
#     https://www.cosmos.esa.int/web/gaia-users/archive 
# datatype:
# - 
#   name: solution_id
#   datatype: int64
#   description: Solution Identifier
#   meta:
#     ucd: meta.version
# - 
#   name: source_id
#   datatype: int64
#   description: Unique source identifier
#   meta:
#     ucd: meta.id;meta.main
# - 
#   name: global_ranking
#   datatype: float32
#   description: Number between 0 (worst) and 1 (best)
#   meta:
#     ucd: stat.param
# - 
#   name: reference_time
#   datatype: float64
#   unit: d
#   description: Reference time used for the geometric model fit
#   meta:
#     ucd: time.epoch
# - 
#   name: frequency
#   datatype: float64
#   unit: d**-1
#   description: Frequency of geometric model of the eclipsing binary light curve
#   meta:
#     ucd: src.orbital
# - 
#   name: frequency_error
#   datatype: float32
#   unit: d**-1
#   description: "Uncertainty of \\texttt{frequency}"
#   meta:
#     ucd: stat.error
# - 
#   name: geom_model_reference_level
#   datatype: float32
#   unit: mag
#   description: Magnitude reference level of geometric model
#   meta:
#     ucd: phot.mag;em.opt
# - 
#   name: geom_model_reference_level_error
#   datatype: float32
#   unit: mag
#   description: "Uncertainty of \\texttt{geomModelReferenceLevel}"
#   meta:
#     ucd: stat.error;phot.mag;em.opt
# - 
#   name: geom_model_gaussian1_phase
#   datatype: float32
#   description: Phase of the Gaussian 1 component
#   meta:
#     ucd: time.phase
# - 
#   name: geom_model_gaussian1_phase_error
#   datatype: float32
#   description: "Uncertainty of \\texttt{geomModelGaussian1Phase}"
#   meta:
#     ucd: stat.error;time.phase
# - 
#   name: geom_model_gaussian1_sigma
#   datatype: float32
#   description: "Standard deviation [phase] of Gaussian 1 component"
#   meta:
#     ucd: stat.stdev
# - 
#   name: geom_model_gaussian1_sigma_error
#   datatype: float32
#   description: "Uncertainty of \\texttt{geomModelGaussian1Sigma}"
#   meta:
#     ucd: stat.error
# - 
#   name: geom_model_gaussian1_depth
#   datatype: float32
#   unit: mag
#   description: Magnitude depth of Gaussian 1 component
#   meta:
#     ucd: src.var.amplitude
# - 
#   name: geom_model_gaussian1_depth_error
#   datatype: float32
#   unit: mag
#   description: "Uncertainty of \\texttt{geomModelGaussian1Depth}"
#   meta:
#     ucd: stat.error;src.var.amplitude
# - 
#   name: geom_model_gaussian2_phase
#   datatype: float32
#   description: Phase of Gaussian 2 component
#   meta:
#     ucd: time.phase
# - 
#   name: geom_model_gaussian2_phase_error
#   datatype: float32
#   description: "Uncertainty of \\texttt{geomModelGaussian2Phase}"
#   meta:
#     ucd: stat.error;time.phase
# - 
#   name: geom_model_gaussian2_sigma
#   datatype: float32
[...]
#   datatype: float32
#   description: "Secondary eclipse: uncertainty of \\texttt{derivedSecondaryEclDuration}"
#   meta:
#     ucd: stat.error;time.duration
# - 
#   name: derived_secondary_ecl_depth
#   datatype: float32
#   unit: mag
#   description: "Secondary eclipse: depth"
#   meta:
#     ucd: src.var.amplitude
# - 
#   name: derived_secondary_ecl_depth_error
#   datatype: float32
#   unit: mag
#   description: "Secondary eclipse: uncertainty of \\texttt{derivedSecondaryEclDepth}"
#   meta:
#     ucd: stat.error;src.var.amplitude
solution_id,source_id,global_ranking,reference_time,frequency,frequency_error,geom_model_reference_level,geom_model_reference_level_error,geom_model_gaussian1_phase,geom_model_gaussian1_phase_error,geom_model_gaussian1_sigma,geom_model_gaussian1_sigma_error,geom_model_gaussian1_depth,geom_model_gaussian1_depth_error,geom_model_gaussian2_phase,geom_model_gaussian2_phase_error,geom_model_gaussian2_sigma,geom_model_gaussian2_sigma_error,geom_model_gaussian2_depth,geom_model_gaussian2_depth_error,geom_model_cosine_half_period_amplitude,geom_model_cosine_half_period_amplitude_error,geom_model_cosine_half_period_phase,geom_model_cosine_half_period_phase_error,model_type,num_model_parameters,reduced_chi2,derived_primary_ecl_phase,derived_primary_ecl_phase_error,derived_primary_ecl_duration,derived_primary_ecl_duration_error,derived_primary_ecl_depth,derived_primary_ecl_depth_error,derived_secondary_ecl_phase,derived_secondary_ecl_phase_error,derived_secondary_ecl_duration,derived_secondary_ecl_duration_error,derived_secondary_ecl_depth,derived_secondary_ecl_depth_error
[from data line 324]
375316653866487564,2028236320574109824,0.4991061,2202.131031560114,0.651446271014274,1.6070671E-5,18.839064,0.003224186,0.13166754,0.00646491,0.016621923,0.0063314144,0.38779435,0.15230879,0.6252583,0.0024620278,0.024210786,0.010655557,0.2696823,0.101121835,null,null,null,null,"TWOGAUSSIANS",8,2.7188408,0.13166754,0.00646491,0.09308277,0.03545592,0.38779435,0.15230879,0.6252583,0.0024620278,0.1355804,0.059671115,0.2696823,0.101121835
375316653866487564,2028236359244115968,0.44506755,2222.758094109881,2.3769662339146986,2.7406468E-5,19.628437,0.07879004,0.20158167,0.009737634,0.08791533,0.024715483,0.31791905,0.06710803,0.6949427,0.0092678135,0.12051487,0.035364866,0.22992338,0.07407368,null,null,null,null,"TWOGAUSSIANS",8,3.9052045,0.20160168,0.009793072,0.4,0.0,0.29113218,0.040711936,0.6949427,0.0092678135,0.4,0.0,0.2030504,0.025749438
375316653866487564,2028236423655399040,0.63364774,2202.42677556428,3.330056628525083,8.7706885E-6,16.52535,0.011499508,0.24722053,0.0018110905,0.03777397,0.0033163386,0.43758583,0.032728862,0.7432409,0.0076131583,0.047470085,0.0067296154,0.5196309,0.03272292,0.13272865,0.015379634,0.24722053,0.0018110905,"TWOGAUSSIANS_WITH_ELLIPSOIDAL_ON_ECLIPSE1",9,32.70559,0.7435709,0.006880883,0.26583248,0.03768585,0.78493524,0.01603429,0.24722053,0.0018110905,0.21153425,0.018571496,0.70304227,0.027065424
375316653866487564,2028236565402629760,0.54708743,2229.1425413356465,1.1340556131037023,1.1149792E-5,17.60991,0.012747001,0.28782943,0.0063977637,0.046901453,0.007073017,0.33911106,0.033615198,0.78902066,0.0027523339,0.040347643,0.0040087597,0.23254918,0.028766349,0.024065975,0.01801387,0.28782943,0.0063977637,"TWOGAUSSIANS_WITH_ELLIPSOIDAL_ON_ECLIPSE1",9,19.763319,0.28782943,0.0063977637,0.26264814,0.039608896,0.3872427,0.02503163,0.78902066,0.0027407678,0.22594681,0.022449054,0.28067812,0.013674153
375316653866487564,2028237213929433984,0.5392808,2252.3076184213396,1.4257481429856507,1.7046254E-5,17.634676,0.037248816,0.25488892,0.0027081552,0.10333459,0.012271934,0.30219272,0.034082662,0.76052797,0.004452514,0.11590257,0.016455717,0.25716525,0.033503488,null,null,null,null,"TWOGAUSSIANS",8,9.09055,0.2548789,0.0027154693,0.4,0.0,0.2635555,0.009278261,0.76052797,0.0044538192,0.4,0.0,0.2184854,0.012337624
375316653866487564,2028237248292240640,0.46913293,2211.2143327205904,3.0865409174239358,2.843714E-5,18.945395,0.009970915,0.20083778,0.0065867235,0.07972056,0.011674351,0.16338247,0.014954464,0.70428073,0.010145945,0.07878846,0.010368967,0.18186395,0.020567173,null,null,null,null,"TWOGAUSSIANS",8,2.9763258,0.70428073,0.010145945,0.4,0.0,0.17964187,0.019810682,0.20083778,0.0065867235,0.4,0.0,0.1611604,0.015267996
375316653866487564,2028237286996159488,0.5448341,2255.265650671279,0.596831244266234,1.4652036E-5,17.354746,0.0011530981,0.27092966,0.0073154876,0.024283271,0.0072958455,0.089067526,0.04508356,0.7722138,9.156213E-4,0.021493822,0.0017857469,0.08996584,0.007955718,0.01968567,0.0023861662,0.27092966,0.0073154876,"TWOGAUSSIANS_WITH_ELLIPSOIDAL_ON_ECLIPSE1",9,1.66508,0.7722138,9.017093E-4,0.12036541,0.010000183,0.12933461,0.009429143,0.27092966,0.0073154876,0.13598631,0.040856734,0.12843885,0.044846702
375316653866487564,2028237767993681152,0.55454373,2245.4189211791045,2.76734443776769,1.13021E-5,19.762646,0.011219599,0.22907282,0.002193765,0.06739835,0.0032088722,0.573574,0.033306718,0.722568,0.0051519736,0.0778719,0.0046889423,0.58254963,0.034147527,null,null,null,null,"TWOGAUSSIANS",8,1.9269735,0.722568,0.0051519736,0.4,0.0,0.5799054,0.034125622,0.22907282,0.002193765,0.37743077,0.017969685,0.57092977,0.0335122
375316653866487564,2028237802353433088,0.44927183,2248.9388247133497,0.48014584046581193,2.4196688E-5,17.893507,0.0029483612,0.33601356,0.0060346765,0.047749948,0.0060615684,0.09317737,0.013397414,0.7874325,0.0051632053,0.023262518,0.0020605372,0.28471443,0.051918928,null,null,null,null,"TWOGAUSSIANS",8,5.7651896,0.7874325,0.0051632053,0.1302701,0.011539008,0.28471443,0.051918928,0.33601356,0.0060346765,0.2673997,0.033944786,0.09317737,0.013397414
375316653866487564,2028237974190878848,0.6175714,2245.5841066472362,3.0730361879421153,7.675165E-6,17.871048,0.01862811,0.22736509,0.0032881252,0.046865255,0.0040686624,0.3899252,0.037941445,0.73855925,0.0036863543,0.044195987,0.004734057,0.36809844,0.024592161,0.15494157,0.021102935,0.73855925,0.0036863543,"TWOGAUSSIANS_WITH_ELLIPSOIDAL_ON_ECLIPSE2",9,12.377995,0.22871509,0.002815515,0.26244542,0.02278451,0.6984624,0.012708901,0.73855925,0.0036863543,0.24749753,0.02651072,0.67798144,0.031841677
375316653866487564,2028238249030276096,0.42588982,2223.4867421238177,2.3646250644680085,5.045385E-5,18.553371,0.41902322,0.21092969,0.011091467,0.09564378,0.102335855,0.13109007,0.295481,0.73052657,0.027612459,0.11796616,0.23425682,0.08494786,0.412419,null,null,null,null,"TWOGAUSSIANS",8,6.972834,0.2108897,0.008192996,0.4,0.0,0.12057528,0.011973171,0.73052657,0.026764693,0.4,0.0,0.07440707,0.02338929
375316653866487564,2028239245501813760,0.6098518,2226.7994950859766,0.35906370685686023,1.4832359E-6,18.086313,0.0019415729,0.34547433,3.498736E-4,0.017855242,7.456064E-4,0.45457843,0.010355212,0.84534466,3.0850343E-4,0.018313752,3.5946385E-4,0.4677927,0.006674886,null,null,null,null,"TWOGAUSSIANS",8,2.7236161,0.84534466,3.0850343E-4,0.10255702,0.0020129976,0.4677927,0.006674886,0.34547433,3.498736E-4,0.099989355,0.0041753957,0.45457843,0.010355212
375316653866487564,2028239275508136064,0.6159604,2235.9660392506967,0.246219450834346,3.401854E-6,17.91968,0.0017703385,0.64330137,2.10793E-4,0.011069849,1.9333076E-4,0.6133962,0.017113138,null,null,null,null,null,null,0.009573999,0.0028817526,0.64330137,2.10793E-4,"ONEGAUSSIAN_WITH_ELLIPSOIDAL",6,3.1386814,0.64330137,2.10793E-4,0.061991155,0.0010826524,0.6325442,0.017347297,null,null,null,null,null,null
375316653866487564,2028239344227672448,0.5063943,2212.6447473264757,0.4270130162670643,7.3821543E-6,18.055902,0.008512416,0.29138497,6.514024E-4,0.015457164,7.033647E-4,0.35744163,0.019412361,0.85120225,0.034553856,0.051579032,0.015058721,0.060614493,0.019439602,null,null,null,null,"TWOGAUSSIANS",8,16.37655,0.29138497,6.514024E-4,0.086560115,0.0039388426,0.35744163,0.019412361,0.85120225,0.034553856,0.2888426,0.08432884,0.060614493,0.019439602
375316653866487564,2028239447314018432,0.5423633,2224.045547521831,2.348737857064054,2.1306729E-5,18.510195,0.018498294,0.22528559,0.00404736,0.0982461,0.007952506,0.34503543,0.018516384,0.7230655,0.0045413654,0.08966167,0.0058758305,0.39772215,0.026894404,null,null,null,null,"TWOGAUSSIANS",8,7.057731,0.7230655,0.0045413654,0.4,0.0,0.37700817,0.024810903,0.22528559,0.00404736,0.4,0.0,0.32431993,0.011152528
375316653866487564,2028239967056318336,0.5015964,2235.326158945992,3.000192059236856,6.194916E-6,13.576369,0.0063404557,0.26156875,0.0024302257,0.044317126,0.0067319563,0.092036046,0.016336191,0.7643119,0.005031664,0.059951454,0.007265326,0.098859966,0.013537966,0.037882805,0.008618202,0.26156875,0.0024302257,"TWOGAUSSIANS_WITH_ELLIPSOIDAL_ON_ECLIPSE1",9,80.878525,0.7643119,0.005031664,0.33572814,0.04068583,0.17458944,0.0073206797,0.26156875,0.0024302257,0.2481759,0.037698954,0.16778801,0.011323681
375316653866487564,2028239997069882880,0.5847626,2228.724006808484,3.150640509086668,8.613658E-6,18.458658,0.014076105,0.23055077,0.0032866849,0.05149732,0.007945277,0.26988974,0.034906827,0.73502356,0.0018422699,0.04972235,0.0032150527,0.36985877,0.03287815,0.10576364,0.020166868,0.23055077,0.0032866849,"TWOGAUSSIANS_WITH_ELLIPSOIDAL_ON_ECLIPSE1",9,7.7969704,0.73502356,0.0018422699,0.27844515,0.018004296,0.58121616,0.011263331,0.23055077,0.0032866849,0.288385,0.04449355,0.48141414,0.01596575
375316653866487564,2028240512458726400,0.45906955,2222.408136834872,1.7505256440742116,1.6519494E-5,18.092487,0.0024508268,0.32904187,4.5141856E-5,0.012753223,3.4072014E-4,0.24255301,0.011519991,0.664375,0.013115223,0.007720068,0.0067950124,0.016467761,0.0076180603,null,null,null,null,"TWOGAUSSIANS",8,4.52218,0.32904187,4.5141856E-5,0.07141805,0.0019080327,0.24255301,0.011519991,0.664375,0.013115223,0.04323238,0.03805207,0.016467761,0.0076180603
375316653866487564,2028240585496749824,0.52348435,2238.625974692083,2.826399158957149,8.666606E-6,19.559107,0.013680911,0.2702933,0.0038375838,0.069097534,0.005563635,0.553718,0.041391704,0.7677492,0.0026868563,0.063099444,0.0040476862,0.49993455,0.02927269,null,null,null,null,"TWOGAUSSIANS",8,3.0900514,0.2702933,0.0038375838,0.38694617,0.025849089,0.5529509,0.04166336,0.7677492,0.0026868563,0.3533569,0.022667043,0.49916753,0.029334368
375316653866487564,2028240722936561792,0.4255148,2102.2619201426987,0.7177026649374707,3.1261745E-5,19.580496,0.01534087,0.0922118,0.006908745,0.055152178,0.009035854,0.2641834,0.050949503,0.7357978,0.013478416,0.0490253,0.010001803,0.21734756,0.149656,null,null,null,null,"TWOGAUSSIANS",8,4.3858514,0.0922118,0.006908745,0.3088522,0.050600782,0.2641834,0.050949525,0.7357978,0.013478416,0.27454168,0.056010097,0.21734756,0.14965601
375316653866487564,2028241410165504384,0.6325151,2216.6274514422266,3.009243779015215,4.6211926E-6,15.15963,0.013246859,0.2827022,0.0011102156,0.05833347,0.0038463545,0.37371284,0.024249004,0.7770007,0.001277457,0.05196883,0.004263913,0.27832296,0.026118541,0.10096781,0.015329684,0.2827022,0.0011102156,"TWOGAUSSIANS_WITH_ELLIPSOIDAL_ON_ECLIPSE1",9,60.18072,0.2827022,0.0011102156,0.32666746,0.021539586,0.57560676,0.009332084,0.77776074,0.001067598,0.29102546,0.023877913,0.4799925,0.01036378
375316653866487564,2028241474560570368,0.4418565,2226.4154533908722,0.14256934908045563,5.4147713E-5,18.179733,0.87770134,0.25440052,0.03373984,0.16928229,0.061058927,0.7697707,0.7040538,0.7334154,0.02774727,0.21691804,0.1531729,0.7018345,0.84251297,null,null,null,null,"TWOGAUSSIANS",8,13.312658,0.26505053,0.02191191,0.4,0.0,0.2950046,0.07205081,0.7334154,0.02774727,0.4,0.0,0.1463872,0.019827992
375316653866487564,2028241543251314176,0.69643724,2229.062823248957,0.8095137971602562,1.7354059E-6,13.003115,0.0020337587,0.2663622,8.3042315E-4,0.034613997,7.796405E-4,0.3688377,0.0064192405,0.7666791,0.0013082738,0.0351143,0.0013015867,0.42378485,0.0060993573,0.024285251,0.0026360592,0.2663622,8.3042315E-4,"TWOGAUSSIANS_WITH_ELLIPSOIDAL_ON_ECLIPSE1",9,20.245543,0.7666791,0.0012989081,0.19664007,0.007288886,0.47235513,0.0049838275,0.2663622,8.3042315E-4,0.19383839,0.004365987,0.4174082,0.004390958
375316653866487564,2028241788122621568,0.5094882,2241.405398728592,2.6811724274289737,1.3382057E-5,15.107108,0.004603412,0.24993257,0.0038951708,0.059910778,0.012397659,0.059398744,0.0143511705,0.7397705,0.015433986,0.034110997,0.014991305,0.04626885,0.01247248,0.07404968,0.0073758573,0.24993257,0.0038951708,"TWOGAUSSIANS_WITH_ELLIPSOIDAL_ON_ECLIPSE1",9,185.07123,0.24993257,0.0038951708,0.33550036,0.06942689,0.2074882,0.010458453,0.74208045,0.014349612,0.19102159,0.0839513,0.19389214,0.009159057
375316653866487564,2028241925525431808,0.4789216,2214.3096184065635,1.5706820131281556,2.85274E-5,18.749073,0.0026214977,0.15765463,0.0014568368,0.0099028,0.00125359,0.28752592,0.03261424,0.44790512,0.025342565,0.007680173,0.020431124,1.0383974,1.7874618,null,null,null,null,"TWOGAUSSIANS",8,2.5612316,0.44790512,0.025342565,0.04300897,0.11441429,1.0383974,1.7874618,0.15765463,0.0014568368,0.05545568,0.0070201037,0.28752592,0.03261424
375316653866487564,2028242230453029504,0.6396311,2254.3390476672116,0.22852691229059247,1.6277645E-5,17.715422,0.0010748218,0.29683638,0.012258983,0.028122598,0.007840143,0.016386574,0.012037565,0.41710895,0.0013755778,0.01401422,0.0010117395,0.5363167,0.023562439,1.916257E-4,0.0012324553,0.41710895,0.0013755778,"TWOGAUSSIANS_WITH_ELLIPSOIDAL_ON_ECLIPSE2",9,2.0543778,0.41710895,0.0013755778,0.07847963,0.005665741,0.5367017,0.023882348,0.2969564,0.012009777,0.15748654,0.043904796,0.016589712,0.011970173
375316653866487564,2028242475317087744,0.51547676,2232.028205280708,2.5091779275874964,1.0129249E-5,16.779703,0.0026283984,0.28596428,0.004568013,0.0900164,0.0052913143,0.082660526,0.0044014105,0.7885147,0.0034394837,0.09389364,0.0054097204,0.08305334,0.0033344934,null,null,null,null,"TWOGAUSSIANS",8,3.043182,0.7885147,0.0034394837,0.4,0.0,0.07909217,0.0033468658,0.28596428,0.004568013,0.4,0.0,0.07869944,0.004143488
375316653866487564,2028242539683918080,0.47067863,2236.5508216566427,1.6463821724435546,8.3657915E-6,15.946689,0.0037210623,0.7062882,0.002873961,0.032027185,0.0050201295,0.11513819,0.011055517,null,null,null,null,null,null,0.015030913,0.0049321274,0.7062882,0.002873961,"ONEGAUSSIAN_WITH_ELLIPSOIDAL",6,59.34165,0.7062882,0.002873961,0.17935224,0.028112726,0.14519998,0.011603367,null,null,null,null,null,null
375316653866487564,2028243093757895040,0.46682903,2208.8851940071436,3.7558975950989097,2.7584929E-5,19.688873,0.018251453,0.32046378,0.011158918,0.05861413,0.011356502,0.4527504,0.05963942,0.79234916,0.005714352,0.08373922,0.0075977445,0.40328458,0.021655057,null,null,null,null,"TWOGAUSSIANS",8,4.316127,0.32046378,0.011158918,0.32823914,0.063596405,0.45189738,0.059963692,0.79234916,0.005714352,0.4,0.0,0.4024315,0.021491116
375316653866487564,2028243334310818432,0.5425456,2220.058754344734,0.3947261455921232,2.3051265E-5,14.630255,3.5646104E-4,0.14515801,0.012519816,0.013480236,0.01154137,0.008090819,0.066977054,0.74123883,0.018059606,0.0110864965,0.010425361,0.23793013,0.26023042,0.0017388263,6.216324E-4,0.74123883,0.018059606,"TWOGAUSSIANS_WITH_ELLIPSOIDAL_ON_ECLIPSE2",9,4.646393,0.74123883,0.018059606,0.06208438,0.05838202,0.24140778,0.26013342,0.14561802,0.012259854,0.07548932,0.06463168,0.0104524,0.06693455
375316653866487564,2028244124584852224,0.6397716,2223.6881319815902,2.029000097883613,2.6700318E-6,17.12226,0.0030628007,0.17288773,6.821338E-4,0.04822793,0.0045951074,0.10012612,0.008007467,0.6773515,0.0022097342,0.047016315,0.0030187767,0.12397475,0.007845475,0.11265524,0.0048751053,0.17288773,6.821338E-4,"TWOGAUSSIANS_WITH_ELLIPSOIDAL_ON_ECLIPSE1",9,2.117362,0.6773515,0.0022097342,0.26329136,0.01690515,0.34910774,0.004271676,0.17288773,6.821338E-4,0.2700764,0.025732601,0.3254363,0.0061939517
375316653866487564,2028244188958101888,0.51600385,2249.979429150529,2.8298644643615454,1.2275142E-5,19.103104,0.0125920735,0.18187496,0.0047261235,0.08401581,0.0076257023,0.36319283,0.018682225,0.6988492,0.0038211714,0.07988782,0.004700843,0.3334825,0.017580098,null,null,null,null,"TWOGAUSSIANS",8,3.8039057,0.18187496,0.0047261235,0.4,0.0,0.3583772,0.019110126,0.6988492,0.0038211714,0.4,0.0,0.3286669,0.016599603
375316653866487564,2028244330708055808,0.4662503,2243.6013780789535,2.3767570502348794,1.6674085E-5,19.985691,0.010683798,0.24263549,0.006067512,0.046007957,0.011377013,0.30487186,0.06636035,0.69833404,0.040319126,0.01903531,0.023754746,0.13886353,0.073142126,0.12518674,0.014654668,0.24263549,0.006067512,"TWOGAUSSIANS_WITH_ELLIPSOIDAL_ON_ECLIPSE1",9,6.0054345,0.24263549,0.006067512,0.25764456,0.06371127,0.555245,0.06335911,0.7004241,0.038361933,0.10659773,0.13302658,0.3711993,0.08400326
375316653866487564,2028244502542027776,0.49044603,2216.3968871789248,1.3328719136138671,7.723859E-6,18.650608,0.0050724577,0.19402188,0.008007461,0.024761526,0.013381258,0.2185451,0.03068387,0.68520725,0.0036894337,0.01758094,0.0026275015,0.16389158,0.026422156,0.02016358,0.008060448,0.19402188,0.008007461,"TWOGAUSSIANS_WITH_ELLIPSOIDAL_ON_ECLIPSE1",9,5.3743067,0.19402188,0.008007461,0.13866454,0.07493504,0.25887224,0.03350461,0.68525726,0.003662117,0.09845325,0.014714008,0.2040959,0.02714758
