Gaia/vari_eclipsing_binary/VariEclipsingBinary_345806-346109.csv
# %ECSV 1.0
# ---
# delimiter: ','
# meta: !!omap
# - RELEASE: Gaia DR3
# - TABLE: vari_eclipsing_binary
# - DESCRIPTION: >
#     This table describes the properties of the eclipsing binaries resulting from the variability analysis. 
# - CITATION: >
#     How to cite and acknowledge Gaia: 
#     https://gea.esac.esa.int/archive/documentation/credits.html 
# - KNOWN_ISSUES: >
#     Known issues: 
#     https://www.cosmos.esa.int/web/gaia-users/known-issues 
# - DOCUMENTATION: >
#     Tutorials and documentation: 
#     https://www.cosmos.esa.int/web/gaia-users/archive 
# datatype:
# - 
#   name: solution_id
#   datatype: int64
#   description: Solution Identifier
#   meta:
#     ucd: meta.version
# - 
#   name: source_id
#   datatype: int64
#   description: Unique source identifier
#   meta:
#     ucd: meta.id;meta.main
# - 
#   name: global_ranking
#   datatype: float32
#   description: Number between 0 (worst) and 1 (best)
#   meta:
#     ucd: stat.param
# - 
#   name: reference_time
#   datatype: float64
#   unit: d
#   description: Reference time used for the geometric model fit
#   meta:
#     ucd: time.epoch
# - 
#   name: frequency
#   datatype: float64
#   unit: d**-1
#   description: Frequency of geometric model of the eclipsing binary light curve
#   meta:
#     ucd: src.orbital
# - 
#   name: frequency_error
#   datatype: float32
#   unit: d**-1
#   description: "Uncertainty of \\texttt{frequency}"
#   meta:
#     ucd: stat.error
# - 
#   name: geom_model_reference_level
#   datatype: float32
#   unit: mag
#   description: Magnitude reference level of geometric model
#   meta:
#     ucd: phot.mag;em.opt
# - 
#   name: geom_model_reference_level_error
#   datatype: float32
#   unit: mag
#   description: "Uncertainty of \\texttt{geomModelReferenceLevel}"
#   meta:
#     ucd: stat.error;phot.mag;em.opt
# - 
#   name: geom_model_gaussian1_phase
#   datatype: float32
#   description: Phase of the Gaussian 1 component
#   meta:
#     ucd: time.phase
# - 
#   name: geom_model_gaussian1_phase_error
#   datatype: float32
#   description: "Uncertainty of \\texttt{geomModelGaussian1Phase}"
#   meta:
#     ucd: stat.error;time.phase
# - 
#   name: geom_model_gaussian1_sigma
#   datatype: float32
#   description: "Standard deviation [phase] of Gaussian 1 component"
#   meta:
#     ucd: stat.stdev
# - 
#   name: geom_model_gaussian1_sigma_error
#   datatype: float32
#   description: "Uncertainty of \\texttt{geomModelGaussian1Sigma}"
#   meta:
#     ucd: stat.error
# - 
#   name: geom_model_gaussian1_depth
#   datatype: float32
#   unit: mag
#   description: Magnitude depth of Gaussian 1 component
#   meta:
#     ucd: src.var.amplitude
# - 
#   name: geom_model_gaussian1_depth_error
#   datatype: float32
#   unit: mag
#   description: "Uncertainty of \\texttt{geomModelGaussian1Depth}"
#   meta:
#     ucd: stat.error;src.var.amplitude
# - 
#   name: geom_model_gaussian2_phase
#   datatype: float32
#   description: Phase of Gaussian 2 component
#   meta:
#     ucd: time.phase
# - 
#   name: geom_model_gaussian2_phase_error
#   datatype: float32
#   description: "Uncertainty of \\texttt{geomModelGaussian2Phase}"
#   meta:
#     ucd: stat.error;time.phase
# - 
#   name: geom_model_gaussian2_sigma
#   datatype: float32
[...]
#   datatype: float32
#   description: "Secondary eclipse: uncertainty of \\texttt{derivedSecondaryEclDuration}"
#   meta:
#     ucd: stat.error;time.duration
# - 
#   name: derived_secondary_ecl_depth
#   datatype: float32
#   unit: mag
#   description: "Secondary eclipse: depth"
#   meta:
#     ucd: src.var.amplitude
# - 
#   name: derived_secondary_ecl_depth_error
#   datatype: float32
#   unit: mag
#   description: "Secondary eclipse: uncertainty of \\texttt{derivedSecondaryEclDepth}"
#   meta:
#     ucd: stat.error;src.var.amplitude
solution_id,source_id,global_ranking,reference_time,frequency,frequency_error,geom_model_reference_level,geom_model_reference_level_error,geom_model_gaussian1_phase,geom_model_gaussian1_phase_error,geom_model_gaussian1_sigma,geom_model_gaussian1_sigma_error,geom_model_gaussian1_depth,geom_model_gaussian1_depth_error,geom_model_gaussian2_phase,geom_model_gaussian2_phase_error,geom_model_gaussian2_sigma,geom_model_gaussian2_sigma_error,geom_model_gaussian2_depth,geom_model_gaussian2_depth_error,geom_model_cosine_half_period_amplitude,geom_model_cosine_half_period_amplitude_error,geom_model_cosine_half_period_phase,geom_model_cosine_half_period_phase_error,model_type,num_model_parameters,reduced_chi2,derived_primary_ecl_phase,derived_primary_ecl_phase_error,derived_primary_ecl_duration,derived_primary_ecl_duration_error,derived_primary_ecl_depth,derived_primary_ecl_depth_error,derived_secondary_ecl_phase,derived_secondary_ecl_phase_error,derived_secondary_ecl_duration,derived_secondary_ecl_duration_error,derived_secondary_ecl_depth,derived_secondary_ecl_depth_error
[from data line 107]
375316653866487564,3041956805537027328,0.471146,2172.1646337737657,1.8794585634345522,2.2346947E-5,17.31213,0.004333661,0.26665986,0.0064387214,0.032248504,0.011138886,0.17269354,0.06701203,0.724738,0.019080233,0.014320038,0.006861384,0.13550368,0.15560983,0.019035485,0.005857296,0.724738,0.019080233,"TWOGAUSSIANS_WITH_ELLIPSOIDAL_ON_ECLIPSE2",9,13.726604,0.26594988,0.006648433,0.18059163,0.062377762,0.20822643,0.070203386,0.724738,0.019080233,0.080192216,0.03842375,0.17357457,0.1596991
375316653866487564,3041959245078781952,0.57716155,2121.9681181891697,4.368327111824447,1.6265602E-5,19.33709,0.013558711,0.22750524,0.0035593791,0.069209844,0.0047489507,0.61722124,0.05291451,0.7358154,0.0020068511,0.06631026,0.0049342266,0.5703299,0.034158938,null,null,null,null,"TWOGAUSSIANS",8,3.481159,0.22750524,0.0035593791,0.38757515,0.026594125,0.616175,0.053182498,0.7358154,0.0020068511,0.37133744,0.02763167,0.56928366,0.03439422
375316653866487564,3041959790540631424,0.4704472,2136.651327319036,0.02136969927128583,7.8771E-5,19.15793,0.0052306238,0.5529925,0.00832043,0.03588167,0.0069306823,0.26867568,0.027015029,0.77608603,0.035144698,0.04458491,0.0276725,0.07322534,0.028467197,null,null,null,null,"TWOGAUSSIANS",8,2.3200629,0.5529925,0.00832043,0.20093735,0.03881182,0.26867595,0.027015937,0.77608603,0.035144698,0.2496755,0.154966,0.07322534,0.028467325
375316653866487564,3041960825631366784,0.54497,2112.870950815106,0.8454068301835779,1.27366E-5,17.492958,0.0024855705,0.2654718,0.0031419806,0.034487806,0.005685508,0.15722148,0.017164141,0.79293257,0.013475611,0.054416835,0.010463235,0.019906905,0.0034342175,null,null,null,null,"TWOGAUSSIANS",8,2.3057315,0.2654718,0.0031419806,0.1931317,0.031838845,0.15722148,0.017164152,0.79293257,0.013475611,0.30473426,0.058594115,0.019906903,0.0034342126
375316653866487564,3041962887212781696,0.5179467,2182.7526097894174,3.7633348890703666,1.2571256E-5,17.371107,0.022067478,0.27925783,0.0069700396,0.07076629,0.010824847,0.439439,0.038569726,0.7531083,0.004075774,0.079233006,0.0067893006,0.58682686,0.023219448,null,null,null,null,"TWOGAUSSIANS",8,60.04428,0.7531083,0.004075774,0.4,0.0,0.58465064,0.022488518,0.27925783,0.0069700396,0.39629123,0.034786,0.4372628,0.039904453
375316653866487564,3041966151390718976,0.59861565,2128.6572354241043,2.1228268979301905,5.540385E-6,16.402029,0.028719313,0.27855104,0.00323065,0.05707759,0.011351995,0.19109213,0.05897476,0.7890026,0.0022305234,0.064691134,0.013956241,0.18374735,0.05654096,0.08583343,0.033457074,0.7890026,0.0022305234,"TWOGAUSSIANS_WITH_ELLIPSOIDAL_ON_ECLIPSE2",9,17.12479,0.28051105,0.0024234583,0.3196345,0.06357118,0.3620486,0.011156529,0.7890026,0.0022305234,0.36227033,0.07554383,0.35530466,0.011967355
375316653866487564,3041966387610608640,0.42195076,2139.175239871414,0.0453573897105463,2.4822826E-5,18.598883,0.01016806,0.36825433,0.017366596,0.028324245,0.015063054,0.25273103,0.12239817,0.66435945,0.007935421,0.07500251,0.0100333635,0.16670616,0.041166298,null,null,null,null,"TWOGAUSSIANS",8,9.752177,0.36826435,0.017367184,0.15861577,0.084353104,0.2527998,0.122452535,0.66435945,0.007935421,0.4,0.014244008,0.16670616,0.041166298
375316653866487564,3041975733456053504,0.5141841,2032.8846174014016,3.7082754080677587,3.59542E-5,18.75197,0.01119029,0.24787237,0.008602287,0.089550175,0.012056434,0.16534606,0.013687014,0.74994344,0.008521049,0.089018315,0.010720608,0.16684979,0.012026538,null,null,null,null,"TWOGAUSSIANS",8,1.9608796,0.74994344,0.008521049,0.4,0.0,0.16047075,0.008373357,0.24787237,0.008602287,0.4,0.0,0.158967,0.012008385
375316653866487564,3041978074219628416,0.54637825,2070.451491152653,3.4670298422971206,1.197865E-5,17.860939,0.045449868,0.2631699,0.0039750417,0.11407582,0.018930642,0.22214648,0.043960486,0.77881557,0.0043066493,0.101263665,0.018653236,0.2131448,0.041143637,null,null,null,null,"TWOGAUSSIANS",8,2.8118937,0.2631699,0.0039796536,0.4,0.0,0.1974163,0.012195565,0.77884555,0.004298397,0.4,0.0,0.18844698,0.014969572
375316653866487564,3041980268944396032,0.5672496,2113.3639405573967,3.0673173345924467,7.075935E-6,17.675648,0.01146593,0.22214496,0.0025655385,0.071478054,0.004005652,0.41931832,0.016097052,0.71964216,0.0024763423,0.07612024,0.0036756708,0.3864325,0.02010779,null,null,null,null,"TWOGAUSSIANS",8,10.298182,0.22214496,0.0025655385,0.4,0.013129405,0.4168746,0.016030764,0.71964216,0.0024763423,0.4,0.0,0.3839888,0.020037146
375316653866487564,3041985869579182080,0.61446756,2082.4734576929072,3.7672259135687076,4.3780437E-6,18.280153,0.011198078,0.2590728,0.0028919827,0.048712038,0.0057953396,0.32022607,0.018290432,0.75880086,0.0022569895,0.048881494,0.0028501626,0.4217015,0.029973343,0.104243614,0.012319424,0.2590728,0.0028919827,"TWOGAUSSIANS_WITH_ELLIPSOIDAL_ON_ECLIPSE1",9,3.945537,0.7588209,0.0021589042,0.27373636,0.015960911,0.6301867,0.025341528,0.2590728,0.0028919827,0.27278742,0.032453902,0.5287118,0.021037705
375316653866487564,3041988313421774080,0.54759026,2115.633150087176,1.3221789130052448,2.6520582E-5,17.387028,0.002299777,0.2764523,0.0077644815,0.06181555,0.0035261333,0.18757479,0.014470975,0.7590353,0.008907982,0.09253501,0.015273177,0.032797545,0.0035302944,null,null,null,null,"TWOGAUSSIANS",8,1.1225306,0.2764523,0.0077644815,0.3461671,0.019746346,0.1871293,0.014343951,0.7590353,0.008907982,0.4,0.0,0.03235201,0.0036863221
375316653866487564,3041991538935957504,0.54338014,2117.615410932128,1.628129003570775,4.09545E-5,18.47168,0.008023189,0.7467624,0.006011241,0.028009452,0.004514753,0.7280386,0.13300492,null,null,null,null,null,null,null,null,null,null,"ONEGAUSSIAN",5,11.190716,0.7467624,0.006011241,0.15685293,0.025282616,0.7280386,0.0,null,null,null,null,null,null
375316653866487564,3041994773052492672,0.5969602,2101.4679736701373,3.931826701524281,3.0399166E-5,18.948698,0.013191801,0.228175,0.0046316376,0.045165,0.0057658614,0.37845293,0.034559418,0.73687845,0.0035177446,0.04454693,0.0045213494,0.46398535,0.07267485,0.10728313,0.012926598,0.73687845,0.0035177446,"TWOGAUSSIANS_WITH_ELLIPSOIDAL_ON_ECLIPSE2",9,4.2409716,0.73687845,0.0035177446,0.24946278,0.025319556,0.6785512,0.06906469,0.228905,0.0041605486,0.252924,0.032288823,0.59243125,0.036904715
375316653866487564,3041995524669676416,0.42968604,2050.4692760812645,3.44294308097725,7.3573465E-5,18.764053,0.12066553,0.31381506,0.016824596,0.15655233,0.08441823,0.15007177,0.11632795,0.8021548,0.015349053,0.11202053,0.031407252,0.13272229,0.09498536,null,null,null,null,"TWOGAUSSIANS",8,5.99412,0.31385508,0.016748892,0.4,0.0,0.104363896,0.008084772,0.8021548,0.015349053,0.4,0.0,0.08887684,0.009621248
375316653866487564,3041997311372146048,0.5507285,2089.3784371458078,3.0567662276068606,1.2271538E-5,19.053745,0.00880853,0.25071505,0.0054433485,0.07427754,0.005498849,0.5453452,0.030219076,0.7497612,0.0032719283,0.07692387,0.003789106,0.53469527,0.025163827,null,null,null,null,"TWOGAUSSIANS",8,2.832287,0.25071505,0.0054433485,0.4,0.0066314046,0.54088205,0.030474707,0.7497612,0.0032719283,0.4,0.0,0.5302322,0.025494995
375316653866487564,3042008551307881728,0.66168565,2119.3396668695673,1.3975260006443784,2.926284E-6,14.622971,0.0066275774,0.2176304,9.180752E-4,0.053435657,0.003930115,0.15405792,0.016834265,0.71176386,0.0010488445,0.04780815,0.0022734278,0.4204848,0.020765457,0.06781905,0.009258787,0.2176304,9.180752E-4,"TWOGAUSSIANS_WITH_ELLIPSOIDAL_ON_ECLIPSE1",9,43.956085,0.7120839,0.001001561,0.26772565,0.012731195,0.55594516,0.019581577,0.2176304,9.180752E-4,0.2992397,0.022008644,0.28969237,0.010787216
375316653866487564,3042010063136523648,0.5181673,2066.40110438966,0.10205950522185543,9.902079E-6,16.418592,0.004598352,0.17343374,9.0331835E-4,0.004962271,5.8975513E-4,0.5309388,0.22449587,0.6143574,0.0012021996,0.0057693934,0.0012197173,0.1544009,0.12294677,0.0069357436,0.0047873748,0.17343374,9.0331835E-4,"TWOGAUSSIANS_WITH_ELLIPSOIDAL_ON_ECLIPSE1",9,34.075134,0.17343374,9.0331835E-4,0.02778872,0.0033026286,0.5448103,0.22512062,0.6143674,0.0011994201,0.0323086,0.0068304166,0.1664477,0.12358762
375316653866487564,3042010750331209600,0.6167078,2080.613958061531,0.1814497828920731,2.2071401E-6,13.9741,4.75276E-4,0.5510335,1.2084745E-4,0.010482341,7.056506E-5,0.21363235,0.0013763411,null,null,null,null,null,null,null,null,null,null,"ONEGAUSSIAN",5,8.0818405,0.5510335,1.2084745E-4,0.05870111,3.9516433E-4,0.21363235,0.0,null,null,null,null,null,null
375316653866487564,3042013533469981312,0.5934945,2104.9508446234317,0.5358928144952706,1.0867807E-5,16.462917,0.0014761136,0.27707282,0.0016579544,0.04030925,0.0017288388,0.14416482,0.0022669383,0.69826305,0.041089665,0.05020234,0.037507992,0.012645832,0.01079669,null,null,null,null,"TWOGAUSSIANS",8,2.1749144,0.27707282,0.0016579544,0.2257318,0.009681497,0.14416482,0.002266938,0.69826305,0.041089665,0.2811331,0.21004477,0.012645832,0.01079669
375316653866487564,3042013602189482624,0.5925956,2095.744387552342,3.6395136683888025,8.725425E-6,17.037008,0.0020309992,0.29337153,0.0030588673,0.07881049,0.0034911255,0.11036305,0.003134267,0.798905,0.005310213,0.073912434,0.0056903474,0.12930009,0.009648385,null,null,null,null,"TWOGAUSSIANS",8,1.283032,0.798905,0.005310213,0.4,0.0049666674,0.12830612,0.009821302,0.29337153,0.0030588673,0.4,0.0,0.109369084,0.0030340068
375316653866487564,3042014736055701760,0.57398474,2125.7990333630337,4.750530309932803,7.652786E-6,19.672068,0.011860122,0.25116408,0.0024978525,0.03136581,0.004565759,0.44237867,0.042351607,0.7598045,0.0070610233,0.04414603,0.005749967,0.55579346,0.08662455,0.18028359,0.025988046,0.25116408,0.0024978525,"TWOGAUSSIANS_WITH_ELLIPSOIDAL_ON_ECLIPSE1",9,4.4515944,0.7598045,0.0070610233,0.24721777,0.032199815,0.9152984,0.08399985,0.25116408,0.0024978525,0.17564854,0.025568252,0.80294526,0.040640593
375316653866487564,3042015663773676160,0.5810317,2139.6416196984264,0.4693272473067223,5.6848153E-6,13.580506,9.902592E-4,0.22818473,0.0019001766,0.02566095,0.0041959854,0.05526159,0.003897399,0.7281669,0.0036495363,0.028001888,0.0020383925,0.057731833,0.01030429,0.02348424,0.0014407816,0.22818473,0.0019001766,"TWOGAUSSIANS_WITH_ELLIPSOIDAL_ON_ECLIPSE1",9,15.371252,0.7281669,0.003626095,0.15681058,0.011414998,0.10470023,0.010262625,0.22818473,0.0019001766,0.14370131,0.02349752,0.10222999,0.0040665823
375316653866487564,3042015835574127104,0.5664673,2090.6429060676483,4.223713679105824,7.867888E-6,19.235878,0.0075465795,0.2444916,0.0035094344,0.059477426,0.004118578,0.5090499,0.01515256,0.7556854,0.0015616077,0.05389408,0.0030976753,0.53375626,0.022428153,null,null,null,null,"TWOGAUSSIANS",8,2.335341,0.7556854,0.0015616077,0.30180687,0.017346982,0.5337162,0.022441909,0.2444916,0.0035094344,0.3330736,0.023064038,0.5090099,0.015161609
375316653866487564,3042024421206058752,0.5079386,2103.945304601612,0.07750946761262491,1.2310913E-5,18.513908,0.008637391,0.32525533,0.011866443,0.029179296,0.01870037,0.085592076,0.0590866,0.854896,0.0018081852,0.048014667,0.003511829,0.28034633,0.023250127,null,null,null,null,"TWOGAUSSIANS",8,2.634693,0.854896,0.0018081852,0.26888213,0.019666243,0.28034633,0.023250127,0.32525533,0.011866443,0.16340406,0.104722075,0.085592076,0.0590866
375316653866487564,3042029064071241216,0.56402916,2072.0392866775032,1.5475440268798673,9.661373E-6,16.83063,0.002463663,0.23255533,0.0049219364,0.040481087,0.010883913,0.00872646,0.007402092,0.74918556,0.003661538,0.049236707,0.0035393522,0.08816746,0.0063853855,0.032439463,0.0030718881,0.23255533,0.0049219364,"TWOGAUSSIANS_WITH_ELLIPSOIDAL_ON_ECLIPSE1",9,2.91896,0.74918556,0.003661538,0.27572554,0.019820372,0.15234053,0.0045321765,0.23255533,0.0049219364,0.22669409,0.060949914,0.07360533,0.0043429793
375316653866487564,3042034836502156416,0.5691091,2074.467656774986,3.8055483897345734,1.278443E-5,18.590502,0.012382814,0.25157633,0.0025158846,0.092767715,0.006418044,0.2834506,0.013758696,0.7528884,0.0036367818,0.08618298,0.006185277,0.37565738,0.021084711,null,null,null,null,"TWOGAUSSIANS",8,3.3213446,0.7528884,0.0036367818,0.4,0.0,0.36286297,0.022708232,0.25157633,0.0025158846,0.4,0.0,0.27065596,0.013904984
375316653866487564,3042037172969392640,0.49239454,2071.881554523935,3.5959817395096305,1.4715879E-5,17.927856,0.0034395563,null,null,null,null,null,null,null,null,null,null,null,null,0.081854574,0.004674165,0.21290396,0.0049780523,"ELLIPSOIDAL",4,6.2313447,null,null,null,null,null,null,null,null,null,null,null,null
375316653866487564,3042038543058994048,0.42742887,2068.9666430255384,0.030657759502034886,3.2019423E-5,18.69466,0.0088655185,null,null,null,null,null,null,null,null,null,null,null,null,0.12178312,0.011872135,0.30570632,0.009453658,"ELLIPSOIDAL",4,7.210859,null,null,null,null,null,null,null,null,null,null,null,null
375316653866487564,3042038959675777664,0.59377724,2080.998082600361,1.2053257983283245,5.710078E-6,13.902189,0.2937701,0.22560693,0.008252428,0.16915973,0.08702169,0.17219166,0.28805113,0.70225185,0.008587703,0.14622372,0.024642326,0.2170458,0.17923574,null,null,null,null,"TWOGAUSSIANS",8,10.345161,0.70225185,0.008587703,0.4,0.0,0.12616628,0.0062301573,0.22843693,0.0060696984,0.4,0.0,0.07807413,0.0026815871
375316653866487564,3042044590373849984,0.6345311,2169.884713061528,2.212959591535842,2.3568132E-6,15.330859,0.0041503394,0.29103538,4.6856445E-4,0.08868167,0.001172735,0.37706736,0.004181256,0.79127985,0.0014610788,0.09784825,0.0024081282,0.32660598,0.0056766043,null,null,null,null,"TWOGAUSSIANS",8,12.388578,0.29103538,4.6856445E-4,0.4,0.0,0.35793054,0.0031052195,0.79127985,0.0014610788,0.4,0.0,0.30746785,0.0056043356
375316653866487564,3042046793698029056,0.51165336,2238.7450158347165,3.54492866979487,1.2879001E-4,19.123875,0.010690409,0.34806487,0.0038803394,0.02487597,0.00819223,1.22309,0.8312288,0.5699449,0.018717393,0.06009265,0.032060143,0.054793358,0.014862454,null,null,null,null,"TWOGAUSSIANS",8,2.2526493,0.34806487,0.0038787103,0.13930544,0.045876488,1.22315,0.831327,0.5699449,0.018717393,0.33651885,0.13628018,0.054793358,0.014862454
375316653866487564,3042049160219170816,0.50178957,2198.8272771817783,1.2738288163577838,3.6359193E-6,18.904158,0.0047421074,0.5147911,0.017392542,0.041393705,0.010797096,0.20865662,0.01854504,0.6663431,1.90592E-4,0.008010803,2.0179311E-4,0.51756185,0.016056057,4.133652E-4,0.0067390115,0.5147911,0.017392542,"TWOGAUSSIANS_WITH_ELLIPSOIDAL_ON_ECLIPSE1",9,5.022512,0.6663431,1.90592E-4,0.044860497,0.0011300414,0.5180961,0.017060835,0.5147911,0.017392542,0.23180474,0.060463738,0.20948334,0.021095045
375316653866487564,3042051294819031808,0.4460004,2182.0005695184227,4.765502547944241,2.7216449E-5,19.918602,0.023207985,0.18815522,0.015968747,0.079150684,0.021712502,0.18079297,0.024396824,0.661873,0.006613612,0.06372294,0.007192534,0.32545865,0.024706436,null,null,null,null,"TWOGAUSSIANS",8,3.9685156,0.661873,0.006613612,0.35684845,0.04027819,0.32493332,0.023993278,0.18815522,0.015968747,0.4,0.026153004,0.18026765,0.02413203
375316653866487564,3042051634120355584,0.46924675,2198.6557949373446,0.07045245343205045,1.340422E-4,18.084595,0.005074715,0.2454016,0.098142356,0.064471416,0.07583941,0.06176277,0.12350189,0.79060405,0.006662041,0.054773502,0.008386109,0.25597966,0.0940428,null,null,null,null,"TWOGAUSSIANS",8,3.0510216,0.79060405,0.006662041,0.3067316,0.046962213,0.25597295,0.09410089,0.2454016,0.098142356,0.3610399,0.2796064,0.06175604,0.12381849
375316653866487564,3042058029332419584,0.4910508,2202.8081603467267,0.5342836545305287,3.9572333E-6,16.924532,0.0017679739,0.4048823,0.01751589,0.014620482,0.019185577,0.15419258,0.12207334,0.7663641,0.0027795976,0.014847203,0.002525475,0.5379674,0.5558676,null,null,null,null,"TWOGAUSSIANS",8,3.9372268,0.7663641,0.0027795976,0.08314434,0.014142661,0.5379674,0.5558676,0.4048823,0.01751589,0.0818747,0.107439235,0.15419258,0.12207334
