Gaia/vari_eclipsing_binary/VariEclipsingBinary_481917-481993.csv
# %ECSV 1.0
# ---
# delimiter: ','
# meta: !!omap
# - RELEASE: Gaia DR3
# - TABLE: vari_eclipsing_binary
# - DESCRIPTION: >
#     This table describes the properties of the eclipsing binaries resulting from the variability analysis. 
# - CITATION: >
#     How to cite and acknowledge Gaia: 
#     https://gea.esac.esa.int/archive/documentation/credits.html 
# - KNOWN_ISSUES: >
#     Known issues: 
#     https://www.cosmos.esa.int/web/gaia-users/known-issues 
# - DOCUMENTATION: >
#     Tutorials and documentation: 
#     https://www.cosmos.esa.int/web/gaia-users/archive 
# datatype:
# - 
#   name: solution_id
#   datatype: int64
#   description: Solution Identifier
#   meta:
#     ucd: meta.version
# - 
#   name: source_id
#   datatype: int64
#   description: Unique source identifier
#   meta:
#     ucd: meta.id;meta.main
# - 
#   name: global_ranking
#   datatype: float32
#   description: Number between 0 (worst) and 1 (best)
#   meta:
#     ucd: stat.param
# - 
#   name: reference_time
#   datatype: float64
#   unit: d
#   description: Reference time used for the geometric model fit
#   meta:
#     ucd: time.epoch
# - 
#   name: frequency
#   datatype: float64
#   unit: d**-1
#   description: Frequency of geometric model of the eclipsing binary light curve
#   meta:
#     ucd: src.orbital
# - 
#   name: frequency_error
#   datatype: float32
#   unit: d**-1
#   description: "Uncertainty of \\texttt{frequency}"
#   meta:
#     ucd: stat.error
# - 
#   name: geom_model_reference_level
#   datatype: float32
#   unit: mag
#   description: Magnitude reference level of geometric model
#   meta:
#     ucd: phot.mag;em.opt
# - 
#   name: geom_model_reference_level_error
#   datatype: float32
#   unit: mag
#   description: "Uncertainty of \\texttt{geomModelReferenceLevel}"
#   meta:
#     ucd: stat.error;phot.mag;em.opt
# - 
#   name: geom_model_gaussian1_phase
#   datatype: float32
#   description: Phase of the Gaussian 1 component
#   meta:
#     ucd: time.phase
# - 
#   name: geom_model_gaussian1_phase_error
#   datatype: float32
#   description: "Uncertainty of \\texttt{geomModelGaussian1Phase}"
#   meta:
#     ucd: stat.error;time.phase
# - 
#   name: geom_model_gaussian1_sigma
#   datatype: float32
#   description: "Standard deviation [phase] of Gaussian 1 component"
#   meta:
#     ucd: stat.stdev
# - 
#   name: geom_model_gaussian1_sigma_error
#   datatype: float32
#   description: "Uncertainty of \\texttt{geomModelGaussian1Sigma}"
#   meta:
#     ucd: stat.error
# - 
#   name: geom_model_gaussian1_depth
#   datatype: float32
#   unit: mag
#   description: Magnitude depth of Gaussian 1 component
#   meta:
#     ucd: src.var.amplitude
# - 
#   name: geom_model_gaussian1_depth_error
#   datatype: float32
#   unit: mag
#   description: "Uncertainty of \\texttt{geomModelGaussian1Depth}"
#   meta:
#     ucd: stat.error;src.var.amplitude
# - 
#   name: geom_model_gaussian2_phase
#   datatype: float32
#   description: Phase of Gaussian 2 component
#   meta:
#     ucd: time.phase
# - 
#   name: geom_model_gaussian2_phase_error
#   datatype: float32
#   description: "Uncertainty of \\texttt{geomModelGaussian2Phase}"
#   meta:
#     ucd: stat.error;time.phase
# - 
#   name: geom_model_gaussian2_sigma
#   datatype: float32
[...]
#   datatype: float32
#   description: "Secondary eclipse: uncertainty of \\texttt{derivedSecondaryEclDuration}"
#   meta:
#     ucd: stat.error;time.duration
# - 
#   name: derived_secondary_ecl_depth
#   datatype: float32
#   unit: mag
#   description: "Secondary eclipse: depth"
#   meta:
#     ucd: src.var.amplitude
# - 
#   name: derived_secondary_ecl_depth_error
#   datatype: float32
#   unit: mag
#   description: "Secondary eclipse: uncertainty of \\texttt{derivedSecondaryEclDepth}"
#   meta:
#     ucd: stat.error;src.var.amplitude
solution_id,source_id,global_ranking,reference_time,frequency,frequency_error,geom_model_reference_level,geom_model_reference_level_error,geom_model_gaussian1_phase,geom_model_gaussian1_phase_error,geom_model_gaussian1_sigma,geom_model_gaussian1_sigma_error,geom_model_gaussian1_depth,geom_model_gaussian1_depth_error,geom_model_gaussian2_phase,geom_model_gaussian2_phase_error,geom_model_gaussian2_sigma,geom_model_gaussian2_sigma_error,geom_model_gaussian2_depth,geom_model_gaussian2_depth_error,geom_model_cosine_half_period_amplitude,geom_model_cosine_half_period_amplitude_error,geom_model_cosine_half_period_phase,geom_model_cosine_half_period_phase_error,model_type,num_model_parameters,reduced_chi2,derived_primary_ecl_phase,derived_primary_ecl_phase_error,derived_primary_ecl_duration,derived_primary_ecl_duration_error,derived_primary_ecl_depth,derived_primary_ecl_depth_error,derived_secondary_ecl_phase,derived_secondary_ecl_phase_error,derived_secondary_ecl_duration,derived_secondary_ecl_duration_error,derived_secondary_ecl_depth,derived_secondary_ecl_depth_error
[from data line 256]
375316653866487564,4239298545560513280,0.59392023,2194.1682893480734,2.226734761710465,4.587361E-6,16.180784,0.0070224274,0.25617337,0.0029977914,0.07830318,0.009022168,0.28374043,0.022976102,0.75457776,0.0016496732,0.086914584,0.0035979105,0.3224614,0.0118897315,null,null,null,null,"TWOGAUSSIANS",8,13.816597,0.75457776,0.0016496732,0.4,0.0,0.3164201,0.01240962,0.25617337,0.0029977914,0.4,0.0,0.2776992,0.026294157
375316653866487564,4239299400243036160,0.55248266,2196.307057775836,2.8974173677167685,1.26514415E-5,17.92733,0.041619547,0.27269256,0.0049642874,0.04668669,0.009612108,0.47734413,0.11293467,0.7520213,0.00725768,0.06824176,0.009492188,0.48079318,0.19018397,0.08737499,0.06584573,0.27269256,0.0049642874,"TWOGAUSSIANS_WITH_ELLIPSOIDAL_ON_ECLIPSE1",9,34.97493,0.7544413,0.006684305,0.38215387,0.050033282,0.652771,0.15377006,0.27269256,0.0049642874,0.26144546,0.053827804,0.65191215,0.051975854
375316653866487564,4239299885576698240,0.5867366,2177.0231611468894,1.2319212617915147,1.0493556E-5,14.986252,0.00558761,0.18256122,0.019762887,0.027311016,0.017538384,0.031199891,0.03865039,0.6869645,0.0024941328,0.0569276,0.013140508,0.053659696,0.017564842,0.06401033,0.0074414527,0.6869645,0.0024941328,"TWOGAUSSIANS_WITH_ELLIPSOIDAL_ON_ECLIPSE2",9,18.936619,0.6869645,0.0024941328,0.31879455,0.073586844,0.18167686,0.014106019,0.18342122,0.018054113,0.15294169,0.09821495,0.15913816,0.035769444
375316653866487564,4239303081046114560,0.5214617,2179.5813163911716,2.6857391660997276,1.804712E-5,16.569134,0.03511064,0.27967432,0.0059973896,0.10590715,0.020293444,0.16786474,0.032057744,0.7805636,0.0035485537,0.11566033,0.020869214,0.16151634,0.034067392,null,null,null,null,"TWOGAUSSIANS",8,17.718422,0.27967432,0.0060026795,0.4,0.0,0.14237313,0.0098147765,0.7805636,0.0035485537,0.4,0.0,0.1360013,0.00889868
375316653866487564,4239304489795221888,0.5139936,2211.8282498104836,2.92378089526608,7.245898E-5,18.197039,0.007029722,0.48230782,0.013556033,0.09987907,0.00982278,0.1868845,0.012451544,0.16374652,0.03463418,0.060551327,0.03220395,0.042860013,0.01353099,null,null,null,null,"TWOGAUSSIANS",8,3.6185408,0.48230782,0.013554972,0.4,0.0,0.18685953,0.012414189,0.16723652,0.033861257,0.33908743,0.1665493,0.044054307,0.013164391
375316653866487564,4239305554947184000,0.4291493,2196.1153029842094,0.39657750678739984,5.0912247E-5,15.878466,0.004147388,0.21972422,0.012209081,0.06583608,0.009118285,0.123233594,0.014376147,0.5737586,0.011294676,0.060661223,0.03990253,0.09136316,0.021762518,null,null,null,null,"TWOGAUSSIANS",8,4.7480526,0.21972422,0.01218159,0.36868203,0.048114214,0.12323313,0.014367392,0.5737586,0.011294676,0.33970284,0.07635579,0.09136277,0.021829575
375316653866487564,4239305829809340160,0.4796504,2151.059642937394,0.5032034737174879,6.9496864E-6,18.257687,0.021190839,0.16799977,0.0011389462,0.033743482,0.0031182063,1.414125,0.30306995,0.72958136,0.032600094,0.047872335,0.05875008,0.13931385,0.42654222,null,null,null,null,"TWOGAUSSIANS",8,28.795725,0.16799977,0.0011389462,0.1889635,0.017461956,1.414125,0.30306995,0.72958136,0.032600094,0.26808506,0.32900047,0.13931385,0.42654222
375316653866487564,4239306409648177920,0.4874465,2154.229473197616,3.7744530175582307,2.2374772E-5,16.629389,0.68591046,0.2850066,0.005697656,0.16547598,0.06351306,0.61734974,0.6391367,0.78593355,0.005775196,0.16340515,0.06465749,0.6351552,0.6469473,null,null,null,null,"TWOGAUSSIANS",8,55.157944,0.78611356,0.005996229,0.4,0.0,0.2554545,0.02660583,0.2848266,0.005835697,0.4,0.0,0.23656625,0.021668697
375316653866487564,4239308681668220800,0.44036037,2170.7007245192603,3.2883788633384805,3.0604155E-5,19.305918,0.026142761,0.32989234,0.015425678,0.09710747,0.03197275,0.12915276,0.023817724,0.84336674,0.012705065,0.06552696,0.014847206,0.23746602,0.05259244,null,null,null,null,"TWOGAUSSIANS",8,3.051118,0.84336674,0.012705132,0.366951,0.08314435,0.23527776,0.052443113,0.32989234,0.015425678,0.4,0.0,0.12696393,0.023382468
375316653866487564,4239311838469956608,0.61298513,2224.858092491069,3.9552449984324998,8.440629E-6,16.975763,0.0040445873,0.25904495,0.0027179802,0.034528464,0.0054111113,0.070475034,0.012589335,0.7436478,0.0015527938,0.025150467,0.006798315,0.044194933,0.0057527204,0.08014771,0.005480271,0.25904495,0.0027179802,"TWOGAUSSIANS_WITH_ELLIPSOIDAL_ON_ECLIPSE1",9,3.6416337,0.25904495,0.0027179802,0.1933594,0.030302223,0.23077044,0.00833375,0.74600786,0.0011898598,0.14084262,0.038070563,0.20322302,0.0064850505
375316653866487564,4239311945858629760,0.6702675,2158.859852206581,1.5521898121487858,1.3513614E-6,17.270372,0.002962719,0.30772278,5.456702E-4,0.056535542,9.3671336E-4,0.38823718,0.0030076832,0.8064165,0.011944833,0.07644864,0.008201729,0.11157018,0.0076831374,null,null,null,null,"TWOGAUSSIANS",8,1.2784634,0.30772278,5.456702E-4,0.31659904,0.005245595,0.38793603,0.0028884406,0.8064165,0.011944833,0.4,0.0,0.111269034,0.007527328
375316653866487564,4239312766185128576,0.50950235,2150.115761334499,3.567109651419878,3.0299598E-5,19.09629,0.02147303,0.25224644,0.005026195,0.08533789,0.008044915,0.26181582,0.022085749,0.7372208,0.009996515,0.10154381,0.0216009,0.1797097,0.024217049,null,null,null,null,"TWOGAUSSIANS",8,2.2575147,0.25224644,0.005025298,0.4,0.0,0.2523351,0.014514972,0.7372208,0.009996515,0.4,0.0,0.17022657,0.023045763
375316653866487564,4239313320247843072,0.61649525,2193.4467067780006,2.450245215170056,1.0245607E-5,16.871725,0.013669119,0.25766113,0.0020705643,0.096866526,0.0044756676,0.3718654,0.013999949,0.75632656,0.004764896,0.092492424,0.0064391987,0.34337696,0.015255239,null,null,null,null,"TWOGAUSSIANS",8,7.404575,0.25766113,0.0020705643,0.4,0.0,0.35037076,0.0104672145,0.75632656,0.004764896,0.4,0.0,0.32188326,0.011367454
375316653866487564,4239313732564715648,0.5968125,2159.844574049844,2.304517198930594,3.917185E-6,15.266589,0.004365846,0.32541025,0.0032115793,0.040087536,0.0061249374,0.26471677,0.13444012,0.8294638,0.0012629728,0.034814175,0.0041728145,0.43943882,0.23072208,0.13908663,0.0060537453,0.8294638,0.0012629728,"TWOGAUSSIANS_WITH_ELLIPSOIDAL_ON_ECLIPSE2",9,30.70858,0.8294638,0.0012629728,0.19495937,0.02336776,0.71761197,0.23139596,0.32589024,0.0031196112,0.2244902,0.03429965,0.54273075,0.13778399
375316653866487564,4239313968772628480,0.47113526,2132.355946288926,0.057588688785088174,9.020586E-5,18.782482,0.10883196,0.17950141,0.08169699,0.096497506,0.07091557,0.16429761,0.11376933,0.709139,0.030570082,0.15811208,0.05929364,0.1392214,0.10876597,null,null,null,null,"TWOGAUSSIANS",8,1.8421535,0.17828141,0.08215607,0.4,0.10739661,0.13388002,0.12667018,0.709149,0.030521763,0.4,0.0,0.10661581,0.013685229
375316653866487564,4239314316667174400,0.57907575,2154.1277124972744,2.7399580034923186,8.789219E-6,19.342276,0.027178386,0.2901762,0.003273696,0.08989386,0.008549071,0.4193353,0.021715555,0.79267234,0.0065428526,0.09406779,0.012700476,0.32903695,0.04670353,null,null,null,null,"TWOGAUSSIANS",8,0.77471846,0.2901762,0.003273696,0.4,0.0,0.40160397,0.015141081,0.79267234,0.0065428526,0.4,0.0,0.31130528,0.04785644
375316653866487564,4239314381089752192,0.5982772,2138.462900300639,2.4140429334496165,1.9380992E-5,16.580042,0.027308645,0.23476072,0.008449933,0.07857484,0.013922717,0.4336951,0.05112289,0.7650272,0.003416279,0.10363626,0.016086962,0.19155373,0.025468554,null,null,null,null,"TWOGAUSSIANS",8,11.806961,0.23476072,0.008472088,0.4,0.0,0.42603114,0.0585334,0.7650272,0.003416279,0.4,0.0,0.18388276,0.014962661
375316653866487564,4239315519271784960,0.50381017,2159.718316872171,2.142446676215512,3.091388E-5,17.856535,0.014838096,0.2458685,0.014100886,0.088841096,0.024238767,0.14523399,0.017077347,0.7368615,0.009583934,0.1040331,0.009869049,0.23555973,0.020812633,null,null,null,null,"TWOGAUSSIANS",8,7.5364504,0.7368615,0.009583934,0.4,0.0,0.22403231,0.012369345,0.2458685,0.014101652,0.4,0.007448614,0.13371146,0.020097489
375316653866487564,4239316717551720576,0.6376839,2183.789410506712,4.191808782706233,4.009721E-6,17.035732,0.038430966,0.16875061,0.0024674793,0.059508473,0.0073831724,0.4074619,0.07204993,0.6800712,0.0014812335,0.056469128,0.006835379,0.37543836,0.07668921,0.13948353,0.03882,0.6800712,0.0014812335,"TWOGAUSSIANS_WITH_ELLIPSOIDAL_ON_ECLIPSE2",9,11.68223,0.17057061,0.0018572772,0.33324745,0.041345764,0.685197,0.010328524,0.6800712,0.0014812335,0.3162271,0.038278125,0.65435684,0.014497865
375316653866487564,4239316824941190016,0.5929527,2163.8786239930714,1.754136089032269,6.619195E-6,14.551818,0.6603735,0.26291963,0.008391473,0.12294961,0.14997086,0.1487877,0.6536389,0.76303536,0.0048079216,0.11412824,0.041924533,0.1941397,0.3532244,null,null,null,null,"TWOGAUSSIANS",8,23.042307,0.76303536,0.0048120776,0.4,0.0,0.15783994,0.0056751505,0.26291963,0.009055807,0.4,0.0,0.11243805,0.011632479
375316653866487564,4239316962380152320,0.62617373,2169.455776908805,2.5462682425747527,1.2228574E-5,15.63838,0.012140424,0.26003426,0.002293766,0.049228434,0.008045695,0.17733471,0.02507452,0.73977685,0.0031638641,0.056614917,0.0055927765,0.18415116,0.026666967,0.0951246,0.015650341,0.26003426,0.002293766,"TWOGAUSSIANS_WITH_ELLIPSOIDAL_ON_ECLIPSE1",9,30.771662,0.7439669,0.002359634,0.3170435,0.031319547,0.3719618,0.008433138,0.26003426,0.002293766,0.27567923,0.04505589,0.36758137,0.012263252
375316653866487564,4239318298100073728,0.48895976,2155.5400052822374,3.532515375799557,2.660894E-5,18.298384,0.005808475,0.18885443,0.011216892,0.025565192,0.033736587,0.054782733,1.0248087E7,0.6963241,0.003061116,0.016645206,0.009621717,0.041849982,0.010136772,0.08667342,0.013555251,0.18885443,0.011216892,"TWOGAUSSIANS_WITH_ELLIPSOIDAL_ON_ECLIPSE1",9,9.789747,0.18885443,0.011216892,0.14316508,0.18892488,0.22812954,1.0248087E7,0.6963241,0.003061116,0.093213156,0.053881615,0.21481523,0.026522636
375316653866487564,4239319328892647040,0.5642329,2134.4080399771237,3.242686566754702,1.0953005E-5,19.009615,0.014243526,0.2903219,0.021042863,0.068162024,0.0271239,0.5760689,0.2765624,0.77879816,0.0030272263,0.067474,0.0058559175,0.4720974,0.028087638,null,null,null,null,"TWOGAUSSIANS",8,3.6389585,0.2903219,0.021042863,0.3817073,0.028156826,0.57521766,0.2808304,0.77879816,0.0030272263,0.3778544,0.03279314,0.47124618,0.0285392
375316653866487564,4239319539360957952,0.4873424,2176.1938225593058,2.828684227105903,1.7319016E-5,14.967908,0.013473356,0.29036495,0.006525182,0.07012964,0.025707092,0.039668925,0.027217735,0.70138425,0.066879936,0.05699383,0.06183337,0.058181677,0.082521155,0.027381489,0.013534147,0.29036495,0.006525182,"TWOGAUSSIANS_WITH_ELLIPSOIDAL_ON_ECLIPSE1",9,49.243813,0.7172542,0.0811306,0.31916547,0.230625,0.09989842,0.08664387,0.29036495,0.006519686,0.392726,0.086260274,0.094363794,0.009892218
375316653866487564,4239319638130267520,0.5222317,2136.140474632045,0.07181277171125237,1.3307248E-5,18.46634,0.038663864,0.24078646,0.03608833,0.09634545,0.057143953,0.15435706,0.45411476,0.6876612,0.009496147,0.08225017,0.013886452,0.2963429,0.037122574,null,null,null,null,"TWOGAUSSIANS",8,3.8971546,0.6876612,0.009496147,0.4,0.0,0.2929442,0.025841013,0.24078646,0.03608833,0.4,0.06408255,0.15095516,0.4551683
375316653866487564,4239319913008052480,0.5743738,2176.800540537717,2.3264747497130127,1.7075818E-5,17.229572,0.021031002,0.30152714,0.0046153287,0.099618524,0.010641875,0.3159026,0.02140499,0.79682636,0.011461387,0.088484585,0.010032402,0.37810895,0.02908638,null,null,null,null,"TWOGAUSSIANS",8,11.943433,0.79682636,0.011461387,0.4,0.0,0.35938185,0.020318257,0.30152714,0.0046153287,0.4,0.0,0.29717338,0.019081905
375316653866487564,4239320638872648320,0.5627492,2167.426350026902,3.1116395652904876,1.6876105E-5,16.446468,0.03255706,0.23404145,0.04434636,0.03784814,0.036238953,0.047443893,0.047220275,0.70324385,0.002529919,0.043100666,0.03601703,0.060179487,0.058716822,0.0664908,0.039821167,0.70324385,0.002529919,"TWOGAUSSIANS_WITH_ELLIPSOIDAL_ON_ECLIPSE2",9,7.2354918,0.70324385,0.002529919,0.24136373,0.1702255,0.19316085,0.032223802,0.22660145,0.031218268,0.2119496,0.19450086,0.17667367,0.029660115
375316653866487564,4239320707592142336,0.47379658,2157.1786860734796,0.07736607717902615,2.7116488E-5,18.50492,0.015723627,0.19600539,0.005035691,0.011332312,0.0045138295,0.08618341,0.14218064,0.7469866,0.009881752,0.11563135,0.014964863,0.22214413,0.02369946,null,null,null,null,"TWOGAUSSIANS",8,10.874975,0.7469866,0.009881752,0.4,0.0,0.22210439,0.023631213,0.19599539,0.0050299857,0.063460946,0.025277447,0.08626437,0.14221872
375316653866487564,4239320810671555072,0.5694414,2175.400416820917,3.174316260358613,3.9774874E-5,19.313185,0.013566333,0.3348533,0.0041508176,0.06804456,0.0035587419,0.86110747,0.06914142,0.82360834,0.01245836,0.069017544,0.007897725,0.53062,0.09736348,null,null,null,null,"TWOGAUSSIANS",8,2.9922047,0.3348533,0.0041508176,0.3810495,0.019928955,0.85982525,0.06937261,0.82360834,0.01245836,0.38649824,0.04311138,0.52933776,0.09737083
375316653866487564,4239321184318220288,0.47419348,2219.867978194642,3.6147611594320965,8.541324E-5,19.085701,0.026179973,0.24909388,0.047077026,0.08295632,0.03488515,0.11688811,0.04519168,0.7497103,0.022940306,0.11607171,0.04749932,0.13665424,0.021459442,null,null,null,null,"TWOGAUSSIANS",8,3.229374,0.7497103,0.022940306,0.4,0.0,0.12598357,0.014949736,0.24909388,0.04708744,0.4,0.11102457,0.106242985,0.035012178
375316653866487564,4239321772728972416,0.5840775,2165.7036819686414,0.21078442136194106,2.256163E-5,19.590511,0.009130088,0.295391,8.2155043E-4,0.0037481608,0.001455781,0.077057995,0.0822198,0.567812,0.005148693,0.07368613,0.012509298,0.5567679,0.06847829,null,null,null,null,"TWOGAUSSIANS",8,2.017862,0.567812,0.005148693,0.4,0.025785048,0.5567679,0.06847829,0.295401,8.281677E-4,0.0209897,0.008152374,0.07765736,0.084020495
375316653866487564,4239322837895782272,0.47150907,2184.4021462562414,2.9627674212268316,1.6223206E-5,17.178143,0.0047328766,0.22279987,0.006672631,0.037943598,0.03752332,0.041137144,0.17279117,0.82275563,0.017479053,0.019623736,0.021940019,0.05583573,106833.79,0.06293179,0.00593261,0.22279987,0.006672631,"TWOGAUSSIANS_WITH_ELLIPSOIDAL_ON_ECLIPSE1",9,36.49617,0.22279987,0.006672631,0.21248415,0.2101306,0.16700058,0.17436576,0.82275563,0.017479053,0.10989292,0.122864105,0.13824762,106833.78
375316653866487564,4239323318932083328,0.52787966,2146.5784375738313,2.882152891093364,2.830425E-5,16.73839,0.07748712,0.24511738,0.012537023,0.034545813,0.040209565,0.18065082,1.596246,0.7421171,0.011390186,0.052086335,0.03165994,0.13847534,0.15113725,0.081409805,0.081646845,0.24511738,0.012537023,"TWOGAUSSIANS_WITH_ELLIPSOIDAL_ON_ECLIPSE1",9,50.922264,0.24511738,0.012537023,0.19345655,0.22106734,0.3434693,1.5997313,0.7427171,0.009903903,0.29168347,0.14241676,0.3012476,0.033646725
375316653866487564,4239325139998292352,0.6440592,2164.3467330004396,2.3028105075475507,4.936469E-6,15.370008,0.0071766996,0.263719,0.00494887,0.09036676,0.0049321675,0.37568432,0.010234519,0.75952923,0.0014938343,0.08248722,0.0020944288,0.43109486,0.0074249767,null,null,null,null,"TWOGAUSSIANS",8,28.880651,0.75952923,0.0014938343,0.4,0.0,0.41971767,0.005020007,0.263719,0.00494887,0.4,0.0,0.364307,0.008065789
375316653866487564,4239327339021672448,0.51990116,2191.101633005898,0.34726150083121354,1.7607264E-5,16.739664,0.0015045039,0.9031895,0.0016350913,0.0096535105,0.0041244696,0.30462214,0.24178953,0.7728792,8.4429894E-7,0.008229342,3.8070095E-5,0.18853167,0.0014975179,null,null,null,null,"TWOGAUSSIANS",8,6.0477505,0.9031895,0.0016350913,0.054059662,0.02309703,0.30462214,0.24178953,0.7728792,8.4429894E-7,0.04608432,2.1319253E-4,0.18853167,0.0014975179
