Gaia/vari_eclipsing_binary/VariEclipsingBinary_630590-630677.csv
# %ECSV 1.0
# ---
# delimiter: ','
# meta: !!omap
# - RELEASE: Gaia DR3
# - TABLE: vari_eclipsing_binary
# - DESCRIPTION: >
#     This table describes the properties of the eclipsing binaries resulting from the variability analysis. 
# - CITATION: >
#     How to cite and acknowledge Gaia: 
#     https://gea.esac.esa.int/archive/documentation/credits.html 
# - KNOWN_ISSUES: >
#     Known issues: 
#     https://www.cosmos.esa.int/web/gaia-users/known-issues 
# - DOCUMENTATION: >
#     Tutorials and documentation: 
#     https://www.cosmos.esa.int/web/gaia-users/archive 
# datatype:
# - 
#   name: solution_id
#   datatype: int64
#   description: Solution Identifier
#   meta:
#     ucd: meta.version
# - 
#   name: source_id
#   datatype: int64
#   description: Unique source identifier
#   meta:
#     ucd: meta.id;meta.main
# - 
#   name: global_ranking
#   datatype: float32
#   description: Number between 0 (worst) and 1 (best)
#   meta:
#     ucd: stat.param
# - 
#   name: reference_time
#   datatype: float64
#   unit: d
#   description: Reference time used for the geometric model fit
#   meta:
#     ucd: time.epoch
# - 
#   name: frequency
#   datatype: float64
#   unit: d**-1
#   description: Frequency of geometric model of the eclipsing binary light curve
#   meta:
#     ucd: src.orbital
# - 
#   name: frequency_error
#   datatype: float32
#   unit: d**-1
#   description: "Uncertainty of \\texttt{frequency}"
#   meta:
#     ucd: stat.error
# - 
#   name: geom_model_reference_level
#   datatype: float32
#   unit: mag
#   description: Magnitude reference level of geometric model
#   meta:
#     ucd: phot.mag;em.opt
# - 
#   name: geom_model_reference_level_error
#   datatype: float32
#   unit: mag
#   description: "Uncertainty of \\texttt{geomModelReferenceLevel}"
#   meta:
#     ucd: stat.error;phot.mag;em.opt
# - 
#   name: geom_model_gaussian1_phase
#   datatype: float32
#   description: Phase of the Gaussian 1 component
#   meta:
#     ucd: time.phase
# - 
#   name: geom_model_gaussian1_phase_error
#   datatype: float32
#   description: "Uncertainty of \\texttt{geomModelGaussian1Phase}"
#   meta:
#     ucd: stat.error;time.phase
# - 
#   name: geom_model_gaussian1_sigma
#   datatype: float32
#   description: "Standard deviation [phase] of Gaussian 1 component"
#   meta:
#     ucd: stat.stdev
# - 
#   name: geom_model_gaussian1_sigma_error
#   datatype: float32
#   description: "Uncertainty of \\texttt{geomModelGaussian1Sigma}"
#   meta:
#     ucd: stat.error
# - 
#   name: geom_model_gaussian1_depth
#   datatype: float32
#   unit: mag
#   description: Magnitude depth of Gaussian 1 component
#   meta:
#     ucd: src.var.amplitude
# - 
#   name: geom_model_gaussian1_depth_error
#   datatype: float32
#   unit: mag
#   description: "Uncertainty of \\texttt{geomModelGaussian1Depth}"
#   meta:
#     ucd: stat.error;src.var.amplitude
# - 
#   name: geom_model_gaussian2_phase
#   datatype: float32
#   description: Phase of Gaussian 2 component
#   meta:
#     ucd: time.phase
# - 
#   name: geom_model_gaussian2_phase_error
#   datatype: float32
#   description: "Uncertainty of \\texttt{geomModelGaussian2Phase}"
#   meta:
#     ucd: stat.error;time.phase
# - 
#   name: geom_model_gaussian2_sigma
#   datatype: float32
[...]
#   datatype: float32
#   description: "Secondary eclipse: uncertainty of \\texttt{derivedSecondaryEclDuration}"
#   meta:
#     ucd: stat.error;time.duration
# - 
#   name: derived_secondary_ecl_depth
#   datatype: float32
#   unit: mag
#   description: "Secondary eclipse: depth"
#   meta:
#     ucd: src.var.amplitude
# - 
#   name: derived_secondary_ecl_depth_error
#   datatype: float32
#   unit: mag
#   description: "Secondary eclipse: uncertainty of \\texttt{derivedSecondaryEclDepth}"
#   meta:
#     ucd: stat.error;src.var.amplitude
solution_id,source_id,global_ranking,reference_time,frequency,frequency_error,geom_model_reference_level,geom_model_reference_level_error,geom_model_gaussian1_phase,geom_model_gaussian1_phase_error,geom_model_gaussian1_sigma,geom_model_gaussian1_sigma_error,geom_model_gaussian1_depth,geom_model_gaussian1_depth_error,geom_model_gaussian2_phase,geom_model_gaussian2_phase_error,geom_model_gaussian2_sigma,geom_model_gaussian2_sigma_error,geom_model_gaussian2_depth,geom_model_gaussian2_depth_error,geom_model_cosine_half_period_amplitude,geom_model_cosine_half_period_amplitude_error,geom_model_cosine_half_period_phase,geom_model_cosine_half_period_phase_error,model_type,num_model_parameters,reduced_chi2,derived_primary_ecl_phase,derived_primary_ecl_phase_error,derived_primary_ecl_duration,derived_primary_ecl_duration_error,derived_primary_ecl_depth,derived_primary_ecl_depth_error,derived_secondary_ecl_phase,derived_secondary_ecl_phase_error,derived_secondary_ecl_duration,derived_secondary_ecl_duration_error,derived_secondary_ecl_depth,derived_secondary_ecl_depth_error
[from data line 855]
375316653866487564,5547416043401067648,0.4724729,2218.1739276911567,2.8991762161613286,7.855769E-5,16.78066,0.037009068,0.27562186,0.04676319,0.066070125,0.036132574,0.061571285,0.07793608,0.73333085,0.010714542,0.023737514,0.061983403,0.1436766,2.50965515E15,0.06532297,0.03756605,0.73333085,0.010714542,"TWOGAUSSIANS_WITH_ELLIPSOIDAL_ON_ECLIPSE2",9,79.87554,0.73333085,0.010714542,0.13293009,0.30727783,0.27431852,2.50965515E15,0.25753185,0.021623379,0.3699927,0.16863759,0.18695046,0.027997896
375316653866487564,5547416356946639488,0.61552113,2226.5669664287693,0.6351028844440264,2.6770129E-5,15.982864,8.482745E-4,0.27287465,0.0047261757,0.016657395,0.0032025457,0.24742313,0.031915717,0.7657388,0.004592188,0.017485477,0.0061251684,0.1723243,0.022500657,0.012002512,0.0013924732,0.27287465,0.0047261757,"TWOGAUSSIANS_WITH_ELLIPSOIDAL_ON_ECLIPSE1",9,4.2988663,0.27287465,0.0047261757,0.09328142,0.017934255,0.27142814,0.032152463,0.76575875,0.004578616,0.097918674,0.034300942,0.19628122,0.02245179
375316653866487564,5547417662610930048,0.52259374,2181.04352460562,3.181440305564699,9.743609E-6,18.303349,0.026782349,0.25035918,0.0047288816,0.119910374,0.015564763,0.21326858,0.024013847,0.76095974,0.0025297822,0.102712,0.009226049,0.22599863,0.025796833,null,null,null,null,"TWOGAUSSIANS",8,2.061573,0.76099974,0.0025270337,0.4,0.0,0.19463904,0.0073192315,0.25034916,0.004728868,0.4,0.0,0.18183649,0.00979218
375316653866487564,5547417731336156800,0.48315275,2195.6286203136897,0.5105221999223838,3.7843543E-5,13.859102,0.0016449764,0.27483585,0.0041158125,0.03620338,0.003257224,0.21810393,0.041241262,0.76663977,0.0061046504,0.038996413,0.0029811175,0.27589747,0.03737072,null,null,null,null,"TWOGAUSSIANS",8,63.333973,0.76663977,0.0061046504,0.21837991,0.016694259,0.27589747,0.03737072,0.27483585,0.0041158125,0.20273893,0.018240456,0.21810393,0.041241262
375316653866487564,5547417761391126016,0.4697038,2197.6833124312775,2.680236824342578,2.7421305E-5,17.919014,0.38054016,0.25912565,0.009821285,0.16375785,0.10073499,0.2881192,0.34663945,0.76022375,0.005765969,0.17802294,0.10897348,0.30871993,0.3626367,null,null,null,null,"TWOGAUSSIANS",8,3.2488573,0.7604537,0.0057267803,0.4,0.0,0.11037384,0.006971067,0.25877565,0.010569887,0.4,0.0,0.096283786,0.0120600285
375316653866487564,5547418762129345152,0.47226128,2205.9470173205746,0.7282847117658062,5.2364245E-5,18.268099,0.007257263,0.25774902,0.01155915,0.016578723,0.0055500995,0.34577817,1.4012967,0.60694957,0.04470032,0.09141982,0.04696484,0.04068063,0.021099603,null,null,null,null,"TWOGAUSSIANS",8,5.0547934,0.25774902,0.01155915,0.09284085,0.031080557,0.34580573,1.4012963,0.60694957,0.04470032,0.4,0.07113412,0.040680602,0.021099743
375316653866487564,5547420269649381120,0.50772005,2194.5304543057355,0.46673033438908945,3.9170733E-5,16.0979,0.0013293304,0.29289374,0.004771035,0.020114463,0.007380245,0.08755844,0.046875596,0.7930934,0.020007627,0.019942785,0.018652337,0.002542513,0.4141335,0.0053186547,0.0016818574,0.29289374,0.004771035,"TWOGAUSSIANS_WITH_ELLIPSOIDAL_ON_ECLIPSE1",9,3.3928702,0.29289374,0.004771035,0.11264099,0.04132937,0.09819574,0.04732273,0.7930934,0.019996127,0.11167959,0.10445309,0.013179797,0.41431597
375316653866487564,5547420273956718208,0.5354008,2214.0520617726506,0.4081221370098519,1.8920871E-5,13.971403,0.0011154343,0.28297833,0.0023773934,0.038064346,0.00449048,0.0547948,0.0045627444,0.7543303,0.031669755,0.021561118,0.024849279,0.009649992,0.002474603,0.020334136,0.0019097626,0.28297833,0.0023773934,"TWOGAUSSIANS_WITH_ELLIPSOIDAL_ON_ECLIPSE1",9,11.5757885,0.28297833,0.0023773934,0.21316032,0.025146687,0.09546306,0.003973483,0.7581703,0.027732436,0.120742254,0.13915595,0.0491863,0.0035053808
375316653866487564,5547420480115084928,0.5911732,2229.9038491496,1.5967436418516994,5.543289E-6,17.013456,0.002460243,0.2541252,0.0018294253,0.06288647,0.0068193316,0.08327085,0.008857567,0.7530843,0.0045272294,0.039781235,0.006483854,0.04967063,0.005933995,0.0595191,0.0032125507,0.2541252,0.0018294253,"TWOGAUSSIANS_WITH_ELLIPSOIDAL_ON_ECLIPSE1",9,2.9195344,0.2541252,0.0018294253,0.3521642,0.038188256,0.2022784,0.008211184,0.75332433,0.0037108914,0.22277492,0.03630958,0.16867426,0.0039914628
375316653866487564,5547421820144744832,0.6524798,2205.8721833218306,3.933522378433556,2.374543E-6,17.997475,0.00930709,0.3006472,6.629787E-4,0.05042309,0.0020603887,0.44765797,0.020636417,0.79699445,0.0012155311,0.048534617,0.005519137,0.41192284,0.06002336,0.11760528,0.011623493,0.3006472,6.629787E-4,"TWOGAUSSIANS_WITH_ELLIPSOIDAL_ON_ECLIPSE1",9,1.8558795,0.3006472,6.629787E-4,0.2823693,0.011538177,0.6828653,0.0125482,0.79734445,0.0011539985,0.27179384,0.030907167,0.6470182,0.07389397
375316653866487564,5547421820144755456,0.5274585,2231.6598084349553,4.081872188740578,5.0664155E-5,17.386707,0.0013395579,0.4223374,0.0062810685,0.013587373,0.0041831774,0.017515974,0.0017806385,0.7517765,0.01934691,0.016517492,0.011580461,0.48118946,4.6153126,null,null,null,null,"TWOGAUSSIANS",8,2.5559018,0.7517765,0.01934691,0.09249795,0.064850576,0.48118946,4.6153126,0.4223374,0.0062810685,0.07608929,0.023425793,0.017515974,0.0017806385
375316653866487564,5547422095022735872,0.5042027,2218.1765783703645,3.67464883380978,1.6606606E-5,16.731472,0.023871707,0.27297917,0.004450854,0.102325,0.015502347,0.16086975,0.020828227,0.76378906,0.0046846434,0.112182125,0.01393743,0.18133584,0.022299102,null,null,null,null,"TWOGAUSSIANS",8,16.186785,0.76378906,0.0046846434,0.4,0.0,0.16088952,0.008403388,0.27299917,0.0044477773,0.4,0.0,0.14043988,0.010691526
375316653866487564,5547423572491308800,0.4599908,2216.5216331482884,0.5980495357817756,2.1412588E-5,17.886477,0.0022455733,0.29996037,0.0039803428,0.01956521,0.003529338,0.62539625,0.23479411,null,null,null,null,null,null,null,null,null,null,"ONEGAUSSIAN",5,20.04184,0.29996037,0.0039803428,0.109565176,0.019764293,0.62539625,0.0,null,null,null,null,null,null
375316653866487564,5547423636904680192,0.59400237,2201.1298780608995,2.9410942480691675,3.4997115E-6,18.894289,0.004493093,0.25460973,0.0014516683,0.07212721,0.0018303216,0.5400845,0.013196432,0.75505155,0.0012038781,0.06728565,0.002671118,0.5030781,0.023643544,null,null,null,null,"TWOGAUSSIANS",8,1.7115858,0.25460973,0.0014516683,0.4,0.0016575133,0.5384238,0.013302547,0.75505155,0.0012038781,0.37679964,0.01495826,0.5014174,0.02401849
375316653866487564,5547425320532270976,0.5057858,2181.936338804473,1.4339725799964926,4.834886E-6,17.944271,0.0020246913,0.26919374,0.0047703185,0.03231851,0.004686045,0.107461736,0.04736173,0.7663596,0.015456933,0.024130007,0.017101202,0.029768972,0.034353428,0.027877085,0.0028091127,0.26919374,0.0047703185,"TWOGAUSSIANS_WITH_ELLIPSOIDAL_ON_ECLIPSE1",9,1.7940826,0.26919374,0.0047703185,0.18098366,0.02624185,0.16321585,0.048325833,0.7665796,0.015158779,0.13512804,0.09576673,0.0855068,0.03487508
375316653866487564,5547425629769825664,0.5104798,2202.9164506696347,2.9153590494152026,2.9432329E-5,19.824917,0.01953182,0.22226384,0.0033963746,0.09226754,0.0061520906,0.4261104,0.021516984,0.7303762,0.009844166,0.0842956,0.010450529,0.40267697,0.033886746,null,null,null,null,"TWOGAUSSIANS",8,2.389541,0.22226384,0.0033963746,0.4,0.0,0.41292658,0.017176008,0.7303762,0.009844166,0.4,0.0,0.38949355,0.033698823
375316653866487564,5547425629769875328,0.5468093,2195.3860244923844,1.8266113330712779,4.9800497E-6,19.037321,0.010211707,0.2389954,0.0030847504,0.071661726,0.0041602883,0.50461084,0.031931743,0.74957794,0.0054306905,0.07158136,0.006049023,0.23795184,0.017569505,null,null,null,null,"TWOGAUSSIANS",8,3.0799007,0.2389954,0.0030847504,0.4,0.008239871,0.50341046,0.0320548,0.74957794,0.0054306905,0.4,0.016529629,0.23675147,0.017447902
375316653866487564,5547426218190996608,0.654588,2221.569313871522,2.452141072993376,3.4935924E-6,16.877102,0.00751399,0.23782748,0.0013576571,0.056375675,0.0041697347,0.18417445,0.017618397,0.7342411,0.0028606881,0.05570942,0.0052368124,0.14819604,0.019981343,0.12086793,0.011483219,0.23782748,0.0013576571,"TWOGAUSSIANS_WITH_ELLIPSOIDAL_ON_ECLIPSE1",9,5.3266854,0.23782748,0.0013576571,0.31570378,0.023350513,0.4258954,0.007462874,0.7352611,0.001882797,0.31197277,0.02932615,0.3898293,0.011436182
375316653866487564,5547426523123081472,0.4895039,2192.2900139830144,3.761040727482482,1.6088587E-5,18.920809,0.21517193,0.2920048,0.007324773,0.120949246,0.0659343,0.24833244,0.19771235,0.8015004,0.0056720916,0.12334059,0.059229236,0.26278517,0.2049573,null,null,null,null,"TWOGAUSSIANS",8,2.972768,0.80156034,0.0053727645,0.4,0.0,0.20482619,0.028523732,0.29192477,0.00723313,0.4,0.0,0.19042052,0.022535408
375316653866487564,5547428692092363776,0.5984344,2202.033292453292,0.6339147149347918,8.57868E-6,16.736052,0.0010532605,0.22565028,0.001974874,0.026517097,0.0012532149,0.17977624,0.009084155,0.72745097,0.01605838,0.021911738,0.0056902915,0.4424416,0.19754092,null,null,null,null,"TWOGAUSSIANS",8,2.0674715,0.72745097,0.01605838,0.12270573,0.031865634,0.4424416,0.19754092,0.22565028,0.001974874,0.14849575,0.0070180036,0.17977624,0.009084155
375316653866487564,5547429138770321920,0.4406197,2211.7711143079077,0.8496950130349199,2.6197848E-5,18.250793,0.17755459,0.5274538,0.065134466,0.013310025,0.015472993,1.6789901,1.3343698,0.8226252,0.036952738,0.33606404,0.014482711,0.66005915,0.17404798,null,null,null,null,"TWOGAUSSIANS",8,54.426964,0.52753377,0.063730165,0.074536145,0.08664876,1.7648929,1.3844486,0.8226252,0.036952738,0.4,0.0,0.23931496,0.044327013
375316653866487564,5547430852450662016,0.54389393,2216.1648275512716,3.559185981265798,1.3654002E-5,19.713017,0.013704867,0.28860393,0.0025626402,0.07100253,0.003475846,0.48320094,0.01939867,0.8012787,0.010391446,0.071993314,0.009149201,0.48311964,0.06292388,null,null,null,null,"TWOGAUSSIANS",8,2.2041032,0.28860393,0.0025626402,0.39761418,0.014591318,0.48163804,0.018978726,0.8012787,0.010391446,0.4,0.013619689,0.4815567,0.063406475
375316653866487564,5547433876107099264,0.5979019,2212.5741633292955,3.776224375766115,6.143605E-6,18.334059,0.004483993,0.25814545,0.0019732278,0.07838032,0.002039931,0.6126859,0.009784759,0.75738496,0.002058605,0.070973605,0.0025710089,0.53778124,0.016567279,null,null,null,null,"TWOGAUSSIANS",8,4.1710324,0.25814545,0.0019732278,0.4,0.0,0.60851973,0.009812577,0.75738496,0.002058605,0.39745218,0.010440395,0.53361505,0.017049192
375316653866487564,5547434155285825280,0.52829117,2222.90544608771,1.9363274064021538,2.7801101E-5,19.846819,0.0063907197,0.20018329,0.05824747,0.03395754,0.023197733,0.74160904,0.8096364,0.6957712,0.0042167497,0.034711793,0.004108008,0.711979,0.033770535,null,null,null,null,"TWOGAUSSIANS",8,1.3932359,0.20018329,0.05824747,0.19016223,0.1299073,0.74160904,0.8096364,0.6957712,0.0042167497,0.19438605,0.023004847,0.711979,0.033770535
375316653866487564,5547436281289176832,0.5717759,2246.7559849753234,3.1428432726777196,6.943607E-6,19.049118,0.008435495,0.2353699,0.0076443143,0.062274307,0.008173587,0.5867518,0.023767604,0.7329728,0.0024129923,0.07083661,0.0056596114,0.5806842,0.030529998,null,null,null,null,"TWOGAUSSIANS",8,2.4670167,0.2353699,0.0076443143,0.3487361,0.045772087,0.5858125,0.024279581,0.7329728,0.0024129923,0.396685,0.029095162,0.5797449,0.030952414
375316653866487564,5547436594832457472,0.46906063,2191.6284459321914,1.098052505424613,4.9698832E-5,18.281418,0.0028679627,0.31294635,0.010462494,0.01645347,0.0068301973,0.24215838,0.9908621,0.81735367,0.008186257,0.03009698,0.010640775,0.033284042,0.01302313,null,null,null,null,"TWOGAUSSIANS",8,3.26008,0.31294635,0.010462494,0.09213942,0.038249105,0.24215838,0.9908621,0.81735367,0.008186257,0.16854309,0.05958834,0.033284042,0.01302313
375316653866487564,5547436865404397440,0.5011393,2207.6412521414472,1.024025617707108,7.6067718E-6,18.993458,0.002644238,0.5252571,0.013069325,0.028216347,0.0128843775,0.035275113,0.012691088,0.6946881,0.0013283325,0.012718927,9.462979E-4,0.5008829,0.081017904,null,null,null,null,"TWOGAUSSIANS",8,1.2560067,0.6946881,0.0013283325,0.07122599,0.0052992683,0.5008829,0.08101796,0.5252571,0.013069325,0.15801154,0.07215252,0.035275113,0.012691088
375316653866487564,5547438136713979904,0.6184977,2233.4046794070036,1.5189285856166161,4.545032E-6,16.855652,0.0050028027,0.27031964,0.0012455612,0.083062805,0.002323324,0.3215631,0.0055147302,0.7731502,0.0026795121,0.10679408,0.0050195614,0.14412461,0.0066509214,null,null,null,null,"TWOGAUSSIANS",8,3.7016556,0.27031964,0.0012455612,0.4,0.0,0.30965412,0.0048736203,0.7731502,0.0026795121,0.4,0.0,0.13221058,0.0063713077
375316653866487564,5547438617751218816,0.5230259,2219.8503001460285,2.306813834733729,3.485721E-6,18.725134,0.019846579,0.28720748,9.04484E-4,0.016451735,5.890952E-4,0.7250009,0.01684242,0.7236557,0.11551806,0.20938243,0.188157,0.02557073,0.019090664,null,null,null,null,"TWOGAUSSIANS",8,6.3092823,0.28721747,9.055268E-4,0.092129715,0.0032989332,0.7256008,0.016624756,0.7236557,0.11551806,0.4,0.0,0.022575287,0.016759178
375316653866487564,5547439034373734400,0.6620732,2250.407541472036,0.4191244918043552,1.063943E-5,16.739714,9.3162747E-4,0.36480835,4.0051204E-4,0.014274882,2.4004102E-4,0.5216349,0.014466001,0.867947,0.01669999,0.014193402,0.0119492905,0.20173527,14.528138,null,null,null,null,"TWOGAUSSIANS",8,2.0366366,0.36480835,4.0051204E-4,0.07993934,0.0013442297,0.5216349,0.014466001,0.867947,0.01669999,0.07948305,0.066916026,0.20173527,14.528138
375316653866487564,5547439481050315904,0.67872804,2237.548125010667,0.6212789859518313,1.0876231E-6,14.347266,7.0230116E-4,0.29315183,0.17427874,0.114958644,0.12116722,0.0025582765,0.008232215,0.57692474,1.3851863E-4,0.005631995,4.3855274E-5,2.383779,0.07424346,null,null,null,null,"TWOGAUSSIANS",8,7.840718,0.57692474,1.3851863E-4,0.031539172,2.4558953E-4,2.3839002,0.07424986,0.29315183,0.17427874,0.4,0.34007704,0.0025578775,0.0082327295
375316653866487564,5547440065165935488,0.61799747,2252.562941144139,0.7950633464798327,6.1975898E-6,16.821827,9.811829E-4,0.48862088,0.001016927,0.02829569,9.1877417E-4,0.29048115,0.011084521,0.7043879,0.018918695,0.03738704,0.010736103,0.005360774,0.0024581808,9.533446E-4,0.0015953742,0.7043879,0.018918695,"TWOGAUSSIANS_WITH_ELLIPSOIDAL_ON_ECLIPSE2",9,1.7897699,0.4886309,0.0010136231,0.15845586,0.0051451353,0.29056802,0.011075676,0.7043879,0.018918695,0.20936741,0.06012218,0.007267449,0.0025394666
375316653866487564,5547440163939751680,0.5427448,2219.6164696215506,3.5221255379013954,1.3011411E-5,18.25593,0.011799073,0.17909804,0.0061073503,0.07690383,0.016945053,0.23954931,0.043386005,0.6897602,0.0026906345,0.071683675,0.0051455935,0.20496313,0.011992823,null,null,null,null,"TWOGAUSSIANS",8,3.0402224,0.17909804,0.0061073503,0.4,0.0,0.23833974,0.046217524,0.6897602,0.0026906345,0.4,0.013618562,0.20375358,0.009966941
375316653866487564,5547440851134218112,0.5445219,2230.0139145853586,0.16162964153984252,7.5145513E-6,18.23746,0.0016283571,0.21304248,0.069930874,0.074874416,0.028518772,0.005397382,0.0022237042,0.87582356,9.11744E-4,0.0029310202,4.2046158E-4,0.6434969,0.24343793,null,null,null,null,"TWOGAUSSIANS",8,2.2189946,0.87582356,9.11744E-4,0.016413715,0.0023545849,0.6434971,0.24343762,0.21304248,0.069930874,0.4,0.08335134,0.005397382,0.0022237035
