Gaia/vari_eclipsing_binary/VariEclipsingBinary_435128-437342.csv
# %ECSV 1.0
# ---
# delimiter: ','
# meta: !!omap
# - RELEASE: Gaia DR3
# - TABLE: vari_eclipsing_binary
# - DESCRIPTION: >
#     This table describes the properties of the eclipsing binaries resulting from the variability analysis. 
# - CITATION: >
#     How to cite and acknowledge Gaia: 
#     https://gea.esac.esa.int/archive/documentation/credits.html 
# - KNOWN_ISSUES: >
#     Known issues: 
#     https://www.cosmos.esa.int/web/gaia-users/known-issues 
# - DOCUMENTATION: >
#     Tutorials and documentation: 
#     https://www.cosmos.esa.int/web/gaia-users/archive 
# datatype:
# - 
#   name: solution_id
#   datatype: int64
#   description: Solution Identifier
#   meta:
#     ucd: meta.version
# - 
#   name: source_id
#   datatype: int64
#   description: Unique source identifier
#   meta:
#     ucd: meta.id;meta.main
# - 
#   name: global_ranking
#   datatype: float32
#   description: Number between 0 (worst) and 1 (best)
#   meta:
#     ucd: stat.param
# - 
#   name: reference_time
#   datatype: float64
#   unit: d
#   description: Reference time used for the geometric model fit
#   meta:
#     ucd: time.epoch
# - 
#   name: frequency
#   datatype: float64
#   unit: d**-1
#   description: Frequency of geometric model of the eclipsing binary light curve
#   meta:
#     ucd: src.orbital
# - 
#   name: frequency_error
#   datatype: float32
#   unit: d**-1
#   description: "Uncertainty of \\texttt{frequency}"
#   meta:
#     ucd: stat.error
# - 
#   name: geom_model_reference_level
#   datatype: float32
#   unit: mag
#   description: Magnitude reference level of geometric model
#   meta:
#     ucd: phot.mag;em.opt
# - 
#   name: geom_model_reference_level_error
#   datatype: float32
#   unit: mag
#   description: "Uncertainty of \\texttt{geomModelReferenceLevel}"
#   meta:
#     ucd: stat.error;phot.mag;em.opt
# - 
#   name: geom_model_gaussian1_phase
#   datatype: float32
#   description: Phase of the Gaussian 1 component
#   meta:
#     ucd: time.phase
# - 
#   name: geom_model_gaussian1_phase_error
#   datatype: float32
#   description: "Uncertainty of \\texttt{geomModelGaussian1Phase}"
#   meta:
#     ucd: stat.error;time.phase
# - 
#   name: geom_model_gaussian1_sigma
#   datatype: float32
#   description: "Standard deviation [phase] of Gaussian 1 component"
#   meta:
#     ucd: stat.stdev
# - 
#   name: geom_model_gaussian1_sigma_error
#   datatype: float32
#   description: "Uncertainty of \\texttt{geomModelGaussian1Sigma}"
#   meta:
#     ucd: stat.error
# - 
#   name: geom_model_gaussian1_depth
#   datatype: float32
#   unit: mag
#   description: Magnitude depth of Gaussian 1 component
#   meta:
#     ucd: src.var.amplitude
# - 
#   name: geom_model_gaussian1_depth_error
#   datatype: float32
#   unit: mag
#   description: "Uncertainty of \\texttt{geomModelGaussian1Depth}"
#   meta:
#     ucd: stat.error;src.var.amplitude
# - 
#   name: geom_model_gaussian2_phase
#   datatype: float32
#   description: Phase of Gaussian 2 component
#   meta:
#     ucd: time.phase
# - 
#   name: geom_model_gaussian2_phase_error
#   datatype: float32
#   description: "Uncertainty of \\texttt{geomModelGaussian2Phase}"
#   meta:
#     ucd: stat.error;time.phase
# - 
#   name: geom_model_gaussian2_sigma
#   datatype: float32
[...]
#   datatype: float32
#   description: "Secondary eclipse: uncertainty of \\texttt{derivedSecondaryEclDuration}"
#   meta:
#     ucd: stat.error;time.duration
# - 
#   name: derived_secondary_ecl_depth
#   datatype: float32
#   unit: mag
#   description: "Secondary eclipse: depth"
#   meta:
#     ucd: src.var.amplitude
# - 
#   name: derived_secondary_ecl_depth_error
#   datatype: float32
#   unit: mag
#   description: "Secondary eclipse: uncertainty of \\texttt{derivedSecondaryEclDepth}"
#   meta:
#     ucd: stat.error;src.var.amplitude
solution_id,source_id,global_ranking,reference_time,frequency,frequency_error,geom_model_reference_level,geom_model_reference_level_error,geom_model_gaussian1_phase,geom_model_gaussian1_phase_error,geom_model_gaussian1_sigma,geom_model_gaussian1_sigma_error,geom_model_gaussian1_depth,geom_model_gaussian1_depth_error,geom_model_gaussian2_phase,geom_model_gaussian2_phase_error,geom_model_gaussian2_sigma,geom_model_gaussian2_sigma_error,geom_model_gaussian2_depth,geom_model_gaussian2_depth_error,geom_model_cosine_half_period_amplitude,geom_model_cosine_half_period_amplitude_error,geom_model_cosine_half_period_phase,geom_model_cosine_half_period_phase_error,model_type,num_model_parameters,reduced_chi2,derived_primary_ecl_phase,derived_primary_ecl_phase_error,derived_primary_ecl_duration,derived_primary_ecl_duration_error,derived_primary_ecl_depth,derived_primary_ecl_depth_error,derived_secondary_ecl_phase,derived_secondary_ecl_phase_error,derived_secondary_ecl_duration,derived_secondary_ecl_duration_error,derived_secondary_ecl_depth,derived_secondary_ecl_depth_error
[from data line 182]
375316653866487564,3838933273443701504,0.56313974,2373.989570258538,3.765261946793957,3.2018568E-5,11.483019,0.0068903207,0.24000373,0.004273823,0.089054056,0.0048689386,0.37300527,0.023837432,0.74133545,0.0040332135,0.07436238,0.004170557,0.43684226,0.017189512,null,null,null,null,"TWOGAUSSIANS",8,1017.84814,0.74133545,0.0040332135,0.4,0.0,0.42963427,0.017377919,0.24000373,0.004273823,0.4,0.0,0.36579716,0.024947649
375316653866487564,3838962715446415872,0.5737491,2344.0124984911326,3.3832530191224377,1.1119361E-5,17.802376,0.0070081255,0.21924987,0.0013758715,0.032836515,0.0034989158,0.41531518,0.09659869,0.72022134,0.003339229,0.040666483,0.004584922,0.20582002,0.016994186,0.052935783,0.008418554,0.21924987,0.0013758715,"TWOGAUSSIANS_WITH_ELLIPSOIDAL_ON_ECLIPSE1",9,5.381483,0.21924987,0.0013758715,0.18388449,0.019593928,0.52118653,0.09993958,0.72022134,0.0032847908,0.2277323,0.025675563,0.31168744,0.01316968
375316653866487564,3839005188376043136,0.5127679,2355.640850285305,3.0063609671793063,1.6091226E-5,13.779622,0.009016972,0.25148666,0.0061483816,0.090756044,0.00947039,0.15338919,0.010269077,0.7649052,0.003503905,0.092465796,0.007943378,0.15680222,0.010269705,null,null,null,null,"TWOGAUSSIANS",8,224.4099,0.7649052,0.003503905,0.4,0.0,0.15068494,0.009625554,0.25148666,0.0061483816,0.4,0.0,0.14727199,0.0089155035
375316653866487564,3839015457642427392,0.462166,2383.0110047509593,2.4419692607311685,2.5974434E-5,17.482817,0.006595767,0.18128753,0.009607036,0.04950752,0.011422932,0.29248747,0.12083432,0.6585201,0.006684587,0.03687286,0.007153991,0.30742633,0.0433153,null,null,null,null,"TWOGAUSSIANS",8,32.691395,0.6585201,0.006684587,0.20648801,0.04006235,0.30742633,0.04331532,0.18128753,0.009607036,0.27724212,0.06396842,0.29248744,0.12083436
375316653866487564,3839042537411761792,0.6199663,2354.331662670006,2.0323923656027527,4.537414E-6,15.884374,0.003775534,0.30590022,0.001760933,0.08179144,0.002685663,0.3191149,0.007440628,0.80321723,0.0011496986,0.09273536,0.0021499246,0.28667164,0.004872262,null,null,null,null,"TWOGAUSSIANS",8,9.963408,0.30590022,0.001760933,0.4,0.0,0.30961874,0.008082714,0.80321723,0.0011496986,0.4,0.0,0.2771752,0.0047484036
375316653866487564,3839095073451686144,0.491559,2374.8500567600604,1.7182177457197347,3.476139E-5,16.984032,0.006533768,0.27852112,0.003540421,0.031364262,0.006343306,0.22045241,0.04100131,0.76108074,2.509996E-5,0.004580838,3.6227336E-4,0.3065224,0.0112784095,0.013933113,0.009239727,0.27852112,0.003540421,"TWOGAUSSIANS_WITH_ELLIPSOIDAL_ON_ECLIPSE1",9,30.199661,0.76108074,2.509996E-5,0.025652695,0.002028731,0.33405533,0.028784925,0.27852112,0.003540421,0.17563985,0.035522513,0.24831864,0.046708487
375316653866487564,3839112489544027392,0.5486969,2422.7903525830184,2.26040074879727,1.7639253E-5,18.159948,0.009860434,0.2308031,0.012712973,0.020516468,0.00808993,0.16950314,0.072657295,0.713013,0.00174843,0.03315063,0.001857128,0.70411557,0.043049302,0.022597631,0.012944832,0.2308031,0.012712973,"TWOGAUSSIANS_WITH_ELLIPSOIDAL_ON_ECLIPSE1",9,15.114296,0.713113,0.0017213024,0.18564352,0.010399917,0.7487515,0.0401652,0.2308031,0.012712973,0.11489223,0.045303605,0.21469834,0.0787975
375316653866487564,3839116617007671296,0.55743295,2373.6352614033212,4.11766595706656,1.2035817E-5,17.298294,7.651212E-4,0.15722941,0.0010942805,0.012353553,0.0027404604,0.013678747,0.0075201644,0.31758815,0.0019964862,0.011358474,0.0017674743,0.28622255,0.08362257,null,null,null,null,"TWOGAUSSIANS",8,1.2652973,0.31758815,0.0019964862,0.063607454,0.009897856,0.28622255,0.08362257,0.15722941,0.0010942805,0.0691799,0.015346578,0.013678747,0.0075201644
375316653866487564,3839128672980908032,0.41414988,2408.567316947006,0.5033886956868613,2.1538073E-4,18.1477,0.0029715823,0.2124768,0.03463179,0.06912546,0.12813826,0.008640125,45.86321,0.7772603,0.022920882,0.03409411,0.026774812,0.37870303,10.769976,null,null,null,null,"TWOGAUSSIANS",8,48.495903,0.7772603,0.022920882,0.19092701,0.14993896,0.37870303,10.769976,0.2124768,0.03463179,0.38710257,0.6961991,0.008640109,45.86321
375316653866487564,3839197087515062272,0.49115148,2405.430740343293,1.5089888235063091,4.9761948E-5,14.608307,0.003729527,0.6587606,5.3922297E-4,0.01987411,9.867587E-4,0.5371153,0.042454034,null,null,null,null,null,null,0.013746122,0.0050613764,0.6587606,5.3922297E-4,"ONEGAUSSIAN_WITH_ELLIPSOIDAL",6,558.1129,0.6587606,5.3922297E-4,0.11129502,0.005525849,0.5646075,0.044377197,null,null,null,null,null,null
375316653866487564,3839249413100826880,0.45899856,2361.1273081698464,2.763310721432147,2.6258316E-5,18.967108,0.0078756325,0.29897568,0.006600757,0.03951304,0.005363929,0.28572878,0.035762504,0.69391894,0.020128569,0.024156861,0.0072868923,0.09514034,0.03395386,null,null,null,null,"TWOGAUSSIANS",8,2.9401278,0.29897568,0.006600757,0.22127302,0.030038003,0.28572878,0.035762504,0.69391894,0.020128569,0.13527842,0.0408066,0.09514034,0.03395386
375316653866487564,3839357135176187648,0.5373932,2412.0319438720912,3.6669370554562315,1.5229711E-5,14.390875,0.86104155,0.2315049,0.004068452,0.19382459,0.15380448,0.37327638,0.8472094,0.7370626,0.005103684,0.14550595,0.05044016,0.34880486,0.50341874,null,null,null,null,"TWOGAUSSIANS",8,53.2246,0.7388626,0.0020880913,0.4,0.0,0.13988374,0.008794858,0.2309049,0.0037369763,0.4,0.0,0.13940042,0.0077687665
375316653866487564,3839364041483599488,0.5717681,2399.7233892736494,1.7734870352918701,6.808922E-6,14.133721,0.3163742,0.25220326,0.0044066566,0.1773356,0.047768746,0.26421735,0.2793254,0.74677324,0.0028665012,0.18050362,0.038933154,0.33490196,0.28294107,null,null,null,null,"TWOGAUSSIANS",8,17.070936,0.74677324,0.0028665012,0.4,0.0,0.12641482,0.0034582713,0.25516325,0.003427591,0.4,0.0,0.06028638,0.0024104354
375316653866487564,3839389708208218240,0.6996881,2383.1182090041684,0.015281066175111045,2.1672984E-5,16.223059,6.5680774E-4,0.51750404,1.2798888E-4,0.020761833,2.1508547E-4,0.39736363,0.0036036503,0.7898148,0.023179734,0.060157824,0.02892721,0.0038244738,0.0036164247,9.961826E-4,7.900476E-4,0.7898148,0.023179734,"TWOGAUSSIANS_WITH_ELLIPSOIDAL_ON_ECLIPSE2",9,1.3115058,0.51750404,1.283104E-4,0.116266266,0.0012044787,0.397402,0.0036106275,0.7898148,0.023179734,0.3368838,0.16096188,0.0058161654,0.0035733308
375316653866487564,3839468460728340608,0.63368726,2366.079907664461,3.409024234824098,6.9606217E-6,15.65046,0.007863079,0.27192548,0.0030183888,0.04893804,0.0039107017,0.20373271,0.017804772,0.77976173,0.0019453863,0.049858946,0.004844575,0.14195877,0.017453738,0.1045642,0.010058439,0.77976173,0.0019453863,"TWOGAUSSIANS_WITH_ELLIPSOIDAL_ON_ECLIPSE2",9,31.051811,0.27319548,0.002511607,0.274053,0.02189993,0.41243562,0.0059369705,0.77976173,0.0019453863,0.27921012,0.02712962,0.35108605,0.004818703
375316653866487564,3839511616559705088,0.5375319,2402.1904157192057,3.687875164718184,1.7922637E-5,14.604711,0.016010204,0.26385102,0.007013236,0.0899397,0.009581108,0.35422978,0.022989932,0.75723135,0.0030262365,0.09663144,0.007204401,0.25041306,0.014685915,null,null,null,null,"TWOGAUSSIANS",8,325.58505,0.26385102,0.007013236,0.4,0.0,0.33945963,0.023806805,0.75723135,0.0030262365,0.4,0.0,0.23564222,0.009114295
375316653866487564,3839523569453241600,0.54486555,2378.0314526932093,1.1143063477041608,7.082627E-6,11.838717,0.0059596947,0.3383413,0.0017324274,0.0192,0.0035499695,0.5507453,0.2682133,0.83793736,0.0015210687,0.021451216,0.0011194214,0.57595754,0.033420205,null,null,null,null,"TWOGAUSSIANS",8,1712.5992,0.83793736,0.0015210687,0.12012681,0.00626876,0.57595754,0.033420205,0.3383413,0.0017324274,0.10752,0.01987983,0.5507453,0.2682133
375316653866487564,3839523947410428544,0.4574903,2421.011841605144,4.655032903025309,7.134515E-5,18.653858,0.0039274697,0.3196524,0.017266255,0.017262891,0.0072760633,0.22192468,0.11985827,0.789137,0.02857865,0.029881272,0.034517284,0.13054128,7.225757,null,null,null,null,"TWOGAUSSIANS",8,3.2216074,0.3196524,0.017266255,0.09667219,0.040745955,0.22192468,0.11985827,0.789137,0.02857865,0.16733514,0.19329679,0.13054128,7.225757
375316653866487564,3839580022503377408,0.48553312,2339.0448468860955,1.12085557814763,3.4809957E-5,12.690469,0.0016393994,0.23527904,0.0060745343,0.03969022,0.0075459485,0.06817302,0.0054579545,null,null,null,null,null,null,0.009579914,0.0016948683,0.23527904,0.0060745343,"ONEGAUSSIAN_WITH_ELLIPSOIDAL",6,60.42341,0.23527904,0.0060745343,0.22226523,0.04225731,0.087332815,0.005412124,null,null,null,null,null,null
375316653866487564,3839628267871668096,0.5632569,2368.3627108018118,1.8241959910172607,4.770639E-6,12.23136,0.6063861,0.27471808,0.0059871315,0.21245065,0.10036573,0.7081926,0.5404247,0.77530456,0.0028716945,0.1949714,0.07624456,0.6408046,0.51238436,null,null,null,null,"TWOGAUSSIANS",8,48.928585,0.2742481,0.005663319,0.4,0.0,0.119894534,0.02042985,0.77596456,0.003042319,0.4,0.0,0.09346315,0.0018219745
375316653866487564,3839909841633775104,0.6255354,2401.9015917609904,3.7158933658049462,2.504651E-6,18.187624,0.0055941152,0.29209912,4.2152122E-4,0.03746292,0.001335875,0.544512,0.009184216,0.7882734,0.0019741908,0.034089062,0.0017092528,0.6027531,0.0198287,0.0334033,0.0092804665,0.29209912,4.2152122E-4,"TWOGAUSSIANS_WITH_ELLIPSOIDAL_ON_ECLIPSE1",9,4.074905,0.7883134,0.0019574857,0.19089875,0.009571816,0.66952145,0.017463326,0.29209912,4.2152122E-4,0.20979235,0.0074809003,0.6113186,0.019260634
375316653866487564,3840019968888859648,0.62060136,2356.2128630926013,3.562311423967774,2.3901425E-6,16.674194,0.0031181807,0.25193343,7.90084E-4,0.03412223,9.066677E-4,0.56795657,0.01062101,0.75339127,9.692202E-4,0.032404266,0.0013915318,0.45370498,0.010524045,0.041161224,0.007363428,0.25193343,7.90084E-4,"TWOGAUSSIANS_WITH_ELLIPSOIDAL_ON_ECLIPSE1",9,14.818593,0.25193343,7.90084E-4,0.19108449,0.005077339,0.650279,0.01074022,0.75339127,9.692202E-4,0.1814639,0.007792578,0.5360205,0.009784602
375316653866487564,3840024362639971968,0.61027855,2432.718157229044,4.083890400793454,5.874148E-6,17.875868,0.0048979293,0.18986575,0.0010103278,0.050631657,0.0041447226,0.17073,0.015096775,0.6883369,0.0028241326,0.056328192,0.0039027848,0.17260297,0.012420942,0.10663501,0.0073282057,0.18986575,0.0010103278,"TWOGAUSSIANS_WITH_ELLIPSOIDAL_ON_ECLIPSE1",9,2.8585682,0.6886969,0.0021470564,0.31543785,0.021855595,0.385849,0.0056257444,0.18986575,0.0010103278,0.28353727,0.023210447,0.38399106,0.015121386
375316653866487564,3840068278681117056,0.6160948,2458.1898742878843,2.860365533913442,8.411671E-6,14.495496,0.0098767,0.24178076,0.0012680448,0.05351489,0.005369441,0.24444795,0.01904864,0.7425002,0.0034178712,0.050975256,0.0043703225,0.19864137,0.023247346,0.10819236,0.012574309,0.24178076,0.0012680448,"TWOGAUSSIANS_WITH_ELLIPSOIDAL_ON_ECLIPSE1",9,140.83159,0.24178076,0.0012680448,0.2996834,0.03006887,0.4608265,0.014297004,0.7425002,0.0031940378,0.28546143,0.024473805,0.4150155,0.008250651
375316653866487564,3840081060503748608,0.49989444,2401.0084183068657,2.0496543943170633,1.3488468E-5,14.4695835,0.10794007,0.21481517,0.0034959286,0.12984212,0.039312206,0.105790794,0.09527093,0.7190961,0.004567418,0.15473454,0.079893924,0.10009988,0.1057269,null,null,null,null,"TWOGAUSSIANS",8,11.688198,0.21450518,0.0031617559,0.4,0.0,0.06445612,0.003603703,0.7192061,0.004525851,0.4,0.0,0.057807766,0.0023229406
375316653866487564,3840131363160954752,0.518599,2428.6353880922215,1.3577328439269813,1.0920449E-5,12.237887,0.0051247287,0.2161752,0.0026763023,0.047955245,0.0036605299,0.13937122,0.013035514,0.70533806,0.0035846706,0.028170351,0.005015756,0.18228143,0.04169006,0.029153427,0.008840088,0.70533806,0.0035846706,"TWOGAUSSIANS_WITH_ELLIPSOIDAL_ON_ECLIPSE2",9,405.54205,0.70533806,0.0035846706,0.15775396,0.028088234,0.2405879,0.042795617,0.2154152,0.0023522903,0.26854938,0.020498967,0.19742674,0.010325253
375316653866487564,3840200460594773632,0.45297152,2379.6941192414256,2.4030365135731406,6.514875E-5,16.73918,0.008895837,0.26642597,0.019655794,0.0916506,0.024411628,0.0400295,0.009314012,0.7448825,0.014038308,0.098958276,0.025837703,0.0777923,0.010542969,null,null,null,null,"TWOGAUSSIANS",8,6.9872417,0.7448825,0.014038308,0.4,0.0,0.0751359,0.012204113,0.26643598,0.019662429,0.4,0.0,0.037373777,0.004918866
375316653866487564,3840201040414648576,0.6638597,2388.1983856935776,3.5191268061427428,2.8949669E-6,14.953404,0.007577085,0.24711464,0.0010527762,0.04319036,0.00188231,0.41483703,0.018218087,0.745542,0.0029602945,0.050651494,0.0028069867,0.4679356,0.01995624,0.13221358,0.011878362,0.24711464,0.0010527762,"TWOGAUSSIANS_WITH_ELLIPSOIDAL_ON_ECLIPSE1",9,84.80631,0.745702,0.0026610931,0.28364837,0.015719125,0.73233736,0.01351964,0.24711464,0.0010527762,0.241866,0.010540936,0.6792619,0.009522399
375316653866487564,3840239115300190976,0.62537736,2366.1636441695064,2.8370544164458025,4.3484933E-6,13.6855,0.012560534,0.25404054,0.0010764822,0.06143967,0.011797337,0.092620745,0.026168438,0.7578614,0.003947488,0.058848083,0.010730736,0.084850796,0.028135488,0.074557245,0.016863981,0.25404054,0.0010764822,"TWOGAUSSIANS_WITH_ELLIPSOIDAL_ON_ECLIPSE1",9,58.689472,0.25404054,0.0010764822,0.34406215,0.06606509,0.24170315,0.008315082,0.7578614,0.003947488,0.32954925,0.060092118,0.23384728,0.0115402285
375316653866487564,3840274329737164800,0.50095373,2337.411113107408,3.4332181903171435,2.7595152E-5,15.255637,1.9594568,0.24109252,0.015841663,0.11253683,0.062845506,0.41776726,0.97674775,0.72213596,0.010324807,0.13982637,0.20951025,0.44309258,1.9278806,null,null,null,null,"TWOGAUSSIANS",8,282.4558,0.72213596,0.010324807,0.4,0.0,0.3396519,0.028042536,0.24163252,0.009299669,0.4,0.0,0.3159208,0.030996174
375316653866487564,3840307796122134656,0.501652,2374.8288289576026,2.5442668127779324,2.9698213E-5,10.91382,0.18014306,0.27117229,0.0064850585,0.1616131,0.030519336,0.529976,0.19591488,0.7715685,0.0068261637,0.26261798,0.06478552,0.79215986,0.18355604,null,null,null,null,"TWOGAUSSIANS",8,230.37811,0.7717084,0.0072274096,0.4,0.0,0.12676333,0.0071719894,0.2708023,0.006717648,0.4,0.0,0.11325902,0.011198431
375316653866487564,3840319310929543936,0.53871226,2365.347539411833,2.6733486627578418,1.57934E-5,14.622862,0.052490834,0.16855375,0.0022947132,0.1835109,0.012973179,0.7204365,0.0715299,0.6703807,0.0027909416,0.22549444,0.022073653,0.82805943,0.057393346,null,null,null,null,"TWOGAUSSIANS",8,26.785038,0.67167073,0.002994867,0.4,0.0,0.13121818,0.0023854652,0.16665375,0.0019597923,0.4,0.0,0.13004838,0.004632407
375316653866487564,3840387029678919296,0.530798,2375.9127046289595,3.710554404400315,1.7602442E-5,17.162632,0.023351932,0.21721844,0.0077406415,0.09815636,0.015746271,0.1538634,0.02411222,0.7248273,0.005162794,0.11132615,0.014553728,0.1811687,0.021745905,null,null,null,null,"TWOGAUSSIANS",8,8.492947,0.7248273,0.005162794,0.4,0.0,0.16338721,0.0074857636,0.21720843,0.0077502495,0.4,0.0,0.13609691,0.0070117824
375316653866487564,3840395344735320832,0.5539162,2402.493962316833,0.741304543509534,1.4486584E-5,19.381437,0.0070177475,0.29831645,0.0023414718,0.029506525,0.0032618116,0.555308,0.050272435,0.79894125,0.0018924939,0.029637389,0.0018796598,0.58352214,0.03523434,null,null,null,null,"TWOGAUSSIANS",8,2.371242,0.79894125,0.0018924939,0.16596939,0.010526095,0.58352214,0.03523434,0.29831645,0.0023414718,0.16523655,0.018266145,0.555308,0.050272435
375316653866487564,3840499489104466688,0.44694367,2345.1180957573188,1.802501658100892,7.693381E-5,19.167957,0.12503512,0.42734194,0.023806656,0.1635323,0.070878886,0.27077806,0.11979694,0.83400476,0.04190198,0.06522439,0.0530902,0.12603082,0.06869365,null,null,null,null,"TWOGAUSSIANS",8,6.2656918,0.42734194,0.023806656,0.4,0.0,0.25658175,0.048985813,0.83400476,0.04190198,0.36525655,0.27908334,0.12450649,0.043193605
