Gaia/vari_eclipsing_binary/VariEclipsingBinary_485236-485276.csv
# %ECSV 1.0
# ---
# delimiter: ','
# meta: !!omap
# - RELEASE: Gaia DR3
# - TABLE: vari_eclipsing_binary
# - DESCRIPTION: >
#     This table describes the properties of the eclipsing binaries resulting from the variability analysis. 
# - CITATION: >
#     How to cite and acknowledge Gaia: 
#     https://gea.esac.esa.int/archive/documentation/credits.html 
# - KNOWN_ISSUES: >
#     Known issues: 
#     https://www.cosmos.esa.int/web/gaia-users/known-issues 
# - DOCUMENTATION: >
#     Tutorials and documentation: 
#     https://www.cosmos.esa.int/web/gaia-users/archive 
# datatype:
# - 
#   name: solution_id
#   datatype: int64
#   description: Solution Identifier
#   meta:
#     ucd: meta.version
# - 
#   name: source_id
#   datatype: int64
#   description: Unique source identifier
#   meta:
#     ucd: meta.id;meta.main
# - 
#   name: global_ranking
#   datatype: float32
#   description: Number between 0 (worst) and 1 (best)
#   meta:
#     ucd: stat.param
# - 
#   name: reference_time
#   datatype: float64
#   unit: d
#   description: Reference time used for the geometric model fit
#   meta:
#     ucd: time.epoch
# - 
#   name: frequency
#   datatype: float64
#   unit: d**-1
#   description: Frequency of geometric model of the eclipsing binary light curve
#   meta:
#     ucd: src.orbital
# - 
#   name: frequency_error
#   datatype: float32
#   unit: d**-1
#   description: "Uncertainty of \\texttt{frequency}"
#   meta:
#     ucd: stat.error
# - 
#   name: geom_model_reference_level
#   datatype: float32
#   unit: mag
#   description: Magnitude reference level of geometric model
#   meta:
#     ucd: phot.mag;em.opt
# - 
#   name: geom_model_reference_level_error
#   datatype: float32
#   unit: mag
#   description: "Uncertainty of \\texttt{geomModelReferenceLevel}"
#   meta:
#     ucd: stat.error;phot.mag;em.opt
# - 
#   name: geom_model_gaussian1_phase
#   datatype: float32
#   description: Phase of the Gaussian 1 component
#   meta:
#     ucd: time.phase
# - 
#   name: geom_model_gaussian1_phase_error
#   datatype: float32
#   description: "Uncertainty of \\texttt{geomModelGaussian1Phase}"
#   meta:
#     ucd: stat.error;time.phase
# - 
#   name: geom_model_gaussian1_sigma
#   datatype: float32
#   description: "Standard deviation [phase] of Gaussian 1 component"
#   meta:
#     ucd: stat.stdev
# - 
#   name: geom_model_gaussian1_sigma_error
#   datatype: float32
#   description: "Uncertainty of \\texttt{geomModelGaussian1Sigma}"
#   meta:
#     ucd: stat.error
# - 
#   name: geom_model_gaussian1_depth
#   datatype: float32
#   unit: mag
#   description: Magnitude depth of Gaussian 1 component
#   meta:
#     ucd: src.var.amplitude
# - 
#   name: geom_model_gaussian1_depth_error
#   datatype: float32
#   unit: mag
#   description: "Uncertainty of \\texttt{geomModelGaussian1Depth}"
#   meta:
#     ucd: stat.error;src.var.amplitude
# - 
#   name: geom_model_gaussian2_phase
#   datatype: float32
#   description: Phase of Gaussian 2 component
#   meta:
#     ucd: time.phase
# - 
#   name: geom_model_gaussian2_phase_error
#   datatype: float32
#   description: "Uncertainty of \\texttt{geomModelGaussian2Phase}"
#   meta:
#     ucd: stat.error;time.phase
# - 
#   name: geom_model_gaussian2_sigma
#   datatype: float32
[...]
#   datatype: float32
#   description: "Secondary eclipse: uncertainty of \\texttt{derivedSecondaryEclDuration}"
#   meta:
#     ucd: stat.error;time.duration
# - 
#   name: derived_secondary_ecl_depth
#   datatype: float32
#   unit: mag
#   description: "Secondary eclipse: depth"
#   meta:
#     ucd: src.var.amplitude
# - 
#   name: derived_secondary_ecl_depth_error
#   datatype: float32
#   unit: mag
#   description: "Secondary eclipse: uncertainty of \\texttt{derivedSecondaryEclDepth}"
#   meta:
#     ucd: stat.error;src.var.amplitude
solution_id,source_id,global_ranking,reference_time,frequency,frequency_error,geom_model_reference_level,geom_model_reference_level_error,geom_model_gaussian1_phase,geom_model_gaussian1_phase_error,geom_model_gaussian1_sigma,geom_model_gaussian1_sigma_error,geom_model_gaussian1_depth,geom_model_gaussian1_depth_error,geom_model_gaussian2_phase,geom_model_gaussian2_phase_error,geom_model_gaussian2_sigma,geom_model_gaussian2_sigma_error,geom_model_gaussian2_depth,geom_model_gaussian2_depth_error,geom_model_cosine_half_period_amplitude,geom_model_cosine_half_period_amplitude_error,geom_model_cosine_half_period_phase,geom_model_cosine_half_period_phase_error,model_type,num_model_parameters,reduced_chi2,derived_primary_ecl_phase,derived_primary_ecl_phase_error,derived_primary_ecl_duration,derived_primary_ecl_duration_error,derived_primary_ecl_depth,derived_primary_ecl_depth_error,derived_secondary_ecl_phase,derived_secondary_ecl_phase_error,derived_secondary_ecl_duration,derived_secondary_ecl_duration_error,derived_secondary_ecl_depth,derived_secondary_ecl_depth_error
[from data line 597]
375316653866487564,4268519230998803840,0.4884666,2188.2522063035562,0.600119850617595,1.6634147E-5,19.70318,0.015659317,0.1410104,0.007589539,0.02250545,0.009453618,0.60543907,0.3049256,0.64772695,0.07044068,0.019710124,0.05030352,0.6616058,1.0871353,null,null,null,null,"TWOGAUSSIANS",8,3.5760589,0.64772695,0.07044068,0.11037669,0.28169972,0.6616058,1.0871353,0.1410104,0.007589539,0.12603052,0.052940257,0.60543907,0.3049256
375316653866487564,4268522323375377024,0.5001226,2198.1383464917362,1.2340812316951193,5.6910336E-5,18.921738,0.0054338127,0.21958455,0.0114731435,0.013951572,0.0035795427,0.1868417,0.1477297,0.7182321,0.011058952,0.033941224,0.009938438,0.31857905,0.08634407,null,null,null,null,"TWOGAUSSIANS",8,2.5582652,0.7182321,0.011058952,0.19007085,0.055655256,0.31857905,0.08634407,0.21958455,0.0114731435,0.0781288,0.020045439,0.1868417,0.1477297
375316653866487564,4268523491606543744,0.5087767,2224.6920185965646,0.5885138908173301,2.3480696E-5,19.609863,0.010124297,0.4736715,0.00834607,0.07050458,0.019718463,2.410428,2.9584885,0.18652098,0.028688371,0.022519741,0.016595438,1.3659703,4.5533795,null,null,null,null,"TWOGAUSSIANS",8,2.6684954,0.4736715,0.00834607,0.39482567,0.066361405,2.410428,2.9584885,0.18653098,0.028598689,0.12611055,0.09293445,1.3665732,4.552946
375316653866487564,4268525243954123264,0.5341209,2207.7140477280936,0.9784056974752477,1.5116141E-5,19.403429,0.03650329,0.18112613,0.019868417,0.09126611,0.020735942,0.23904729,0.04732278,0.7054442,0.0105647575,0.077748336,0.011092325,0.48789442,0.048475396,null,null,null,null,"TWOGAUSSIANS",8,1.9406068,0.7054442,0.0105647575,0.4,0.0,0.48257136,0.042650256,0.18112613,0.019868417,0.4,0.0,0.2337239,0.043188576
375316653866487564,4268525312672647552,0.5085245,2265.8845064250563,0.932368838286388,7.798206E-5,19.339054,0.008721763,0.13847399,0.009277166,0.039937038,0.0078075817,0.29289535,0.09183154,0.7041045,0.0068062143,0.03399931,0.021128798,2.3989866,7565667.5,null,null,null,null,"TWOGAUSSIANS",8,0.9647562,0.7041045,0.0068062143,0.19039613,0.11832127,2.3989866,7565667.5,0.13847399,0.009277166,0.22364742,0.04372246,0.29289535,0.09183154
375316653866487564,4268525626215812224,0.4497559,2223.632283998102,2.4132082015385716,1.8436686E-4,19.81274,0.32642186,0.49123347,0.030392168,0.14110416,0.114386074,0.35845786,0.2922549,0.95208216,0.045241717,0.11841355,0.04901058,0.16655146,0.2961401,null,null,null,null,"TWOGAUSSIANS",8,3.8911674,0.49138346,0.02967494,0.4,0.0,0.30114663,0.12512012,0.95208216,0.045241717,0.4,0.0,0.111121826,0.057268806
375316653866487564,4268526279076884864,0.5613154,2215.9556349949025,0.6912036417369344,1.0666039E-5,18.472347,0.0044263573,0.25533712,0.014790049,0.022470197,0.0066968394,0.59285706,0.4050528,0.7632497,0.0076744882,0.036962505,0.009037329,0.21343015,0.029665213,null,null,null,null,"TWOGAUSSIANS",8,3.627623,0.25533712,0.014790049,0.12583311,0.0375023,0.59285706,0.4050528,0.7632497,0.0076744882,0.20699003,0.05060904,0.21343015,0.029665213
375316653866487564,4268527790879316864,0.4831778,2234.307709646841,0.3173825717179726,4.320104E-5,18.624247,0.05709427,0.23141466,0.03018629,0.07251661,0.1189297,0.08613329,0.046464946,0.75596434,0.012949426,0.056033075,0.020018743,0.27085873,0.07135417,null,null,null,null,"TWOGAUSSIANS",8,4.737278,0.75596434,0.013828216,0.31378523,0.09048928,0.27079156,0.058446996,0.23141466,0.03018629,0.4,0.18185979,0.0860661,0.04274639
375316653866487564,4268527820933737984,0.54154557,2235.7550833803894,0.0772623399467052,5.3108597E-6,18.07008,0.00491072,0.55263543,0.0060283216,0.012153649,0.0044414317,0.49009943,0.11948318,0.4172263,0.08203574,0.049025357,0.05574218,0.18653436,4.725309,0.003016536,0.0045397845,0.55263543,0.0060283216,"TWOGAUSSIANS_WITH_ELLIPSOIDAL_ON_ECLIPSE1",9,4.5461,0.5525654,0.0060555683,0.06806043,0.024872016,0.500254,0.11926118,0.4177063,0.08120413,0.274542,0.3121562,0.18916655,4.725165
375316653866487564,4268528336321499392,0.5377398,2244.691883932512,1.5872371389607456,1.9748315E-5,18.786892,0.0050823535,0.5274561,0.07812557,0.0991326,0.074642986,0.033046722,0.013883856,0.6361955,0.005212049,0.025966672,0.0036490902,0.2859831,0.030207729,null,null,null,null,"TWOGAUSSIANS",8,0.79743046,0.6361955,0.005212049,0.14541337,0.020434905,0.30409026,0.031208664,0.5311761,0.2661708,0.4,0.1774014,0.033103514,0.6137596
375316653866487564,4268529264042709376,0.5376346,2206.8860034696954,3.7404163242019113,2.1770446E-5,19.00465,0.016335733,0.2493817,0.005921551,0.079658225,0.011549736,0.2816452,0.03133689,0.7625065,0.007397507,0.086013846,0.009821551,0.2562624,0.022152666,null,null,null,null,"TWOGAUSSIANS",8,2.1111622,0.2493817,0.005921551,0.4,0.0,0.27722058,0.034053113,0.7625065,0.007397507,0.4,0.0,0.25183776,0.020903952
375316653866487564,4268529882517998592,0.559588,2226.0901959954854,2.6177370899478345,1.9514435E-5,18.043215,0.009347005,0.29040155,0.0095630335,0.085532784,0.007626937,0.3479952,0.027380534,0.7856405,0.004164707,0.07664728,0.006309019,0.30636975,0.017078936,null,null,null,null,"TWOGAUSSIANS",8,3.759279,0.29040155,0.0095630335,0.4,0.0,0.34283864,0.026895417,0.7856405,0.004164707,0.4,0.0,0.30121323,0.017578151
375316653866487564,4268530363554388352,0.47418854,2219.5399360009455,1.9476277056126141,6.759763E-5,18.242777,0.03322568,0.30523947,0.016336666,0.09506012,0.061732166,0.07080118,0.027443087,0.82183653,0.012488518,0.063063584,0.029089589,0.13659026,0.024475772,null,null,null,null,"TWOGAUSSIANS",8,3.1999483,0.82183653,0.012488518,0.3531561,0.056183662,0.13573493,0.015175202,0.30523947,0.016336666,0.4,0.0,0.069945656,0.009647246
375316653866487564,4268531055054616064,0.46053943,2252.8869691409473,0.14486354108122285,6.3550186E-5,18.914324,0.085415155,0.22305343,0.020913899,0.113791436,0.05047376,0.2314715,0.06949027,0.8536696,0.005438951,0.0447655,0.006872857,3.4217067,1.4167063,null,null,null,null,"TWOGAUSSIANS",8,31.600264,0.8536896,0.005435919,0.2506868,0.038487997,3.4225943,1.4157035,0.22305343,0.020913899,0.4,0.0,0.23116668,0.06838261
375316653866487564,4268531604831740288,0.5303925,2275.258061474034,0.09856376225389149,4.6880094E-5,15.7409115,0.006029917,0.1582497,0.0057693906,0.08161936,0.015025456,0.040445365,0.01449696,0.77595186,0.03848276,0.0055889864,0.013328118,0.23838212,1.8894334,null,null,null,null,"TWOGAUSSIANS",8,23.200653,0.77595186,0.03848276,0.031298324,0.07463746,0.23838282,1.8894325,0.1582497,0.0057693906,0.4,0.0,0.040445365,0.014496958
375316653866487564,4268531810969047936,0.52454233,2209.1744396950103,2.193838994840999,3.7702128E-5,19.733938,0.01713872,0.22972912,0.00872148,0.073171414,0.013284984,0.40101287,0.063645005,0.7359915,0.011084225,0.07673574,0.009663537,0.4431558,0.10030415,null,null,null,null,"TWOGAUSSIANS",8,2.395633,0.7359915,0.011084225,0.4,0.0,0.44033957,0.10152057,0.22972912,0.00872148,0.4,0.032803252,0.39819664,0.0650109
375316653866487564,4268532081543607296,0.5020713,2228.336133294502,1.376512342111206,2.3409044E-5,18.544413,0.020994367,0.20196542,0.008199862,0.092074834,0.017123386,0.19066066,0.01847402,0.6988801,0.015438354,0.101535805,0.029362643,0.094378725,0.023064332,null,null,null,null,"TWOGAUSSIANS",8,2.844179,0.20196542,0.008199937,0.4,0.0,0.18178017,0.01332238,0.6988801,0.015438354,0.4,0.0,0.085497364,0.01978805
375316653866487564,4268532360750630272,0.46403405,2303.729031370738,0.6004730377786593,3.8801012E-5,19.420885,0.024934324,0.29612467,0.0073034205,0.010126868,0.0044985656,0.28742298,0.17833628,0.7930196,0.0066848984,0.0072916816,0.002021187,0.9476859,1.2644246,0.063961715,0.033291765,0.29612467,0.0073034205,"TWOGAUSSIANS_WITH_ELLIPSOIDAL_ON_ECLIPSE1",9,5.072889,0.7930196,0.0066838115,0.040833417,0.011318646,1.0755606,1.2744704,0.29612467,0.0073034205,0.056710463,0.025191966,0.41534638,0.18531759
375316653866487564,4268533494617744000,0.52893186,2210.3119731355537,0.09888662869579785,6.976501E-5,15.537638,0.0017214023,0.49969423,0.0120617,0.023094757,0.007522122,0.8962194,1.4805107,null,null,null,null,null,null,null,null,null,null,"ONEGAUSSIAN",5,89.00039,0.49969423,0.0120617,0.12933064,0.042123884,0.8962194,0.0,null,null,null,null,null,null
375316653866487564,4268533975645722240,0.4405,2266.5593612874454,0.9451088541607832,1.651068E-4,19.21238,0.01754623,0.33027408,0.031149289,0.023217522,0.009411872,0.7040502,1.2150512,0.71159,0.05907958,0.048876632,0.03163177,0.1539884,0.21716464,null,null,null,null,"TWOGAUSSIANS",8,3.03826,0.33027408,0.031149289,0.13001812,0.052706484,0.7040502,1.2150512,0.71159,0.05907958,0.27370915,0.17713791,0.1539884,0.21716464
375316653866487564,4268534010015373440,0.45984995,2217.5531312956227,0.7792208939259154,1.470156E-4,17.58327,0.06539076,0.19446751,0.012680841,0.0587846,0.01348351,0.14819114,0.016062032,0.64084697,0.031259596,0.24072634,0.15788512,0.08828891,0.052753437,null,null,null,null,"TWOGAUSSIANS",8,11.786556,0.19594751,0.011625718,0.32919377,0.075507656,0.13996407,0.017105123,0.64084697,0.031259596,0.4,0.0,0.057953592,0.029118925
375316653866487564,4268534662849013632,0.55306226,2192.382843316596,0.785066904316058,8.250309E-5,17.171183,0.003176267,0.2667412,0.053636458,0.048875567,0.042270094,0.09141457,65.44988,0.81804454,0.011456996,0.06015118,0.008664707,0.24112245,0.06356556,null,null,null,null,"TWOGAUSSIANS",8,4.5797896,0.81804454,0.011456996,0.3368466,0.048522357,0.24112159,0.063569665,0.2667412,0.053636458,0.27370316,0.23671253,0.09141371,65.44988
375316653866487564,4268535006429800320,0.51302826,2241.4607497677985,1.643754925628588,3.5031957E-5,19.22951,0.037836432,0.28479686,0.0096470835,0.11752653,0.022943644,0.22896296,0.037102684,0.7931743,0.009283225,0.08546645,0.043141115,0.1293947,0.022212554,null,null,null,null,"TWOGAUSSIANS",8,1.6227714,0.28479686,0.009647226,0.4,0.0,0.21353082,0.021436332,0.79320437,0.0092897825,0.4,0.033263132,0.11401868,0.038681548
375316653866487564,4268536174677520640,0.5346102,2219.308037191987,2.2597554816883125,1.2924306E-5,17.986965,0.025880044,0.26791495,0.0059299977,0.094977774,0.024596484,0.16710873,0.014250297,0.77039117,0.004989233,0.099042,0.018460158,0.15131663,0.024472276,null,null,null,null,"TWOGAUSSIANS",8,2.4110973,0.26791495,0.0059363567,0.4,0.0,0.15600958,0.020668464,0.77039117,0.0049840636,0.4,0.0,0.14021692,0.005134848
375316653866487564,4268536586977444864,0.53291523,2251.7746212946154,1.9320708967667335,1.4444475E-5,17.784092,0.024031464,0.23160417,0.0068709683,0.098236784,0.016769158,0.26866615,0.016660322,0.74055094,0.0016648708,0.09865792,0.008918619,0.253925,0.021569492,null,null,null,null,"TWOGAUSSIANS",8,3.012213,0.23160417,0.0068709683,0.4,0.0,0.250172,0.016890652,0.74055094,0.0016625754,0.4,0.0,0.23543075,0.0108309835
375316653866487564,4268536793135622144,0.4910642,2248.0766902030537,1.0656895662356516,7.071973E-5,19.14854,0.020048738,0.2509689,0.008862068,0.04692404,0.015580952,0.33961692,0.08389106,0.7582269,0.027046362,0.075805396,0.022488182,0.28145552,0.063223496,null,null,null,null,"TWOGAUSSIANS",8,5.4873443,0.2509689,0.008862068,0.26277462,0.08725333,0.33950242,0.08422285,0.7582269,0.027046362,0.4,0.04804884,0.28134102,0.063267864
375316653866487564,4268537476011291648,0.6021255,2242.3489926623197,0.0796395482723748,1.0402848E-6,18.614784,0.0029614961,0.17545739,6.7255282E-6,0.0017692454,6.903914E-5,0.5874985,0.010549651,0.47442394,0.013087398,0.05973366,0.014223842,0.1728765,0.11345383,0.013304325,0.0106244255,0.17545739,6.7255282E-6,"TWOGAUSSIANS_WITH_ELLIPSOIDAL_ON_ECLIPSE1",9,1.251831,0.17545739,6.7255282E-6,0.009907775,3.8661915E-4,0.61410755,0.031533416,0.47649395,0.01432259,0.33450848,0.07561088,0.17541617,0.11392078
375316653866487564,4268537892664699392,0.6037041,2228.9604035469993,1.7413503755086601,1.1898735E-5,14.0044,0.02797217,0.21814789,0.0020016213,0.113000005,0.014687029,0.18141288,0.026703514,0.72171664,0.060335625,0.11004193,0.065263614,0.16330485,0.33356905,null,null,null,null,"TWOGAUSSIANS",8,25.919216,0.21814789,0.0019993668,0.4,0.0,0.15449758,0.011149224,0.72172666,0.06034575,0.4,0.08658975,0.13639924,0.35491937
375316653866487564,4268538030087405056,0.483252,2227.293444981786,0.9431127892118867,1.5921127E-5,18.122478,0.0055780993,0.4470594,0.007373484,0.070986494,0.0101294555,0.10973818,0.030871226,0.85930437,0.0035909703,0.021990988,0.008320862,0.39351532,13.560121,null,null,null,null,"TWOGAUSSIANS",8,3.5399513,0.85930437,0.0035909703,0.12314954,0.046596833,0.39351532,13.560121,0.4470594,0.007373484,0.3975244,0.052235506,0.10973818,0.030871226
375316653866487564,4268538506803709056,0.45568153,2256.431900243598,1.7570606516265819,4.107506E-5,19.628443,0.0245415,0.1804663,0.0010843641,0.02392042,0.003133541,0.2725074,0.022577744,0.540928,0.047429513,0.07566024,0.03908374,0.09069059,0.05091027,null,null,null,null,"TWOGAUSSIANS",8,3.874704,0.1804663,0.0010843641,0.13395435,0.01754783,0.27250847,0.022590578,0.540928,0.047429513,0.4,0.15897179,0.09069059,0.050910264
375316653866487564,4268538889081830016,0.5029339,2228.209646600133,1.0320863911664149,1.4978608E-4,19.319786,0.01888604,0.24067028,0.007970578,0.082815155,0.014381391,0.1735099,0.021624662,0.76717645,0.061741855,0.07304389,0.06407367,0.25001523,2051.66,null,null,null,null,"TWOGAUSSIANS",8,1.490703,0.76717645,0.061741855,0.4,0.29009324,0.24865174,2051.662,0.24067028,0.007970883,0.4,0.0,0.17214642,0.018206067
375316653866487564,4268538923457009920,0.6250485,2213.8436079048192,2.9827270561827546,1.1905475E-5,15.536878,0.0047989814,0.2401826,0.0026249823,0.08449962,0.005677117,0.19267307,0.0070523517,0.7378048,0.0039556157,0.089987054,0.0069652232,0.16260588,0.007639189,null,null,null,null,"TWOGAUSSIANS",8,10.099283,0.2401826,0.0026249823,0.4,0.0,0.18708639,0.008036935,0.7378048,0.0039556157,0.4,0.0,0.15701914,0.008239739
375316653866487564,4268539748074626944,0.552295,2201.3870462511713,2.074961809677328,4.2445445E-5,18.916515,0.06849596,0.23820892,0.015173803,0.080114685,0.029014904,0.3516278,0.060633518,0.7417447,0.0070092552,0.093866944,0.0292348,0.41233507,0.04952615,null,null,null,null,"TWOGAUSSIANS",8,3.5371137,0.7417447,0.0070092552,0.4,0.0,0.4007417,0.072876155,0.23820892,0.015185455,0.4,0.004177678,0.340035,0.04424747
375316653866487564,4268539988592179072,0.4943367,2275.824328305075,0.05585396043440885,2.0798343E-5,19.354578,0.28452784,0.3916886,0.089878246,0.08964947,0.045627255,0.4682074,0.20991708,0.84241116,0.027730895,0.16639619,0.07408018,0.46183106,0.28577492,null,null,null,null,"TWOGAUSSIANS",8,0.9185789,0.39446858,0.09347093,0.4,0.0,0.39426768,0.15346819,0.84241116,0.027730895,0.4,0.0,0.37391156,0.05057546
375316653866487564,4268540091687926144,0.5112457,2233.42573064911,0.2133138891186079,9.484266E-5,19.627964,0.05118173,0.25839877,0.0060553947,0.10973037,0.031795897,0.24099594,0.03358924,0.73211336,0.008010065,0.10901658,0.028734814,0.23435934,0.047354326,null,null,null,null,"TWOGAUSSIANS",8,0.7575754,0.25842875,0.0059296843,0.4,0.0,0.21471053,0.044611026,0.73211336,0.008010065,0.4,0.0,0.20807734,0.023255052
375316653866487564,4268540435285368320,0.6187452,2178.079818655669,2.6743177642459695,8.0273185E-6,18.551224,0.0038042206,0.2631299,0.0059672105,0.042307567,0.023456145,0.12870389,32.336704,0.7669509,0.004322538,0.028510457,0.0038281546,0.17134961,0.017990276,0.1319618,0.005572233,0.2631299,0.0059672105,"TWOGAUSSIANS_WITH_ELLIPSOIDAL_ON_ECLIPSE1",9,1.4154767,0.7669509,0.004322538,0.15965855,0.021437665,0.43512094,0.019336501,0.2631299,0.0059672105,0.23692238,0.1313544,0.39262733,32.335484
