Gaia/vari_eclipsing_binary/VariEclipsingBinary_629064-629177.csv
# %ECSV 1.0
# ---
# delimiter: ','
# meta: !!omap
# - RELEASE: Gaia DR3
# - TABLE: vari_eclipsing_binary
# - DESCRIPTION: >
#     This table describes the properties of the eclipsing binaries resulting from the variability analysis. 
# - CITATION: >
#     How to cite and acknowledge Gaia: 
#     https://gea.esac.esa.int/archive/documentation/credits.html 
# - KNOWN_ISSUES: >
#     Known issues: 
#     https://www.cosmos.esa.int/web/gaia-users/known-issues 
# - DOCUMENTATION: >
#     Tutorials and documentation: 
#     https://www.cosmos.esa.int/web/gaia-users/archive 
# datatype:
# - 
#   name: solution_id
#   datatype: int64
#   description: Solution Identifier
#   meta:
#     ucd: meta.version
# - 
#   name: source_id
#   datatype: int64
#   description: Unique source identifier
#   meta:
#     ucd: meta.id;meta.main
# - 
#   name: global_ranking
#   datatype: float32
#   description: Number between 0 (worst) and 1 (best)
#   meta:
#     ucd: stat.param
# - 
#   name: reference_time
#   datatype: float64
#   unit: d
#   description: Reference time used for the geometric model fit
#   meta:
#     ucd: time.epoch
# - 
#   name: frequency
#   datatype: float64
#   unit: d**-1
#   description: Frequency of geometric model of the eclipsing binary light curve
#   meta:
#     ucd: src.orbital
# - 
#   name: frequency_error
#   datatype: float32
#   unit: d**-1
#   description: "Uncertainty of \\texttt{frequency}"
#   meta:
#     ucd: stat.error
# - 
#   name: geom_model_reference_level
#   datatype: float32
#   unit: mag
#   description: Magnitude reference level of geometric model
#   meta:
#     ucd: phot.mag;em.opt
# - 
#   name: geom_model_reference_level_error
#   datatype: float32
#   unit: mag
#   description: "Uncertainty of \\texttt{geomModelReferenceLevel}"
#   meta:
#     ucd: stat.error;phot.mag;em.opt
# - 
#   name: geom_model_gaussian1_phase
#   datatype: float32
#   description: Phase of the Gaussian 1 component
#   meta:
#     ucd: time.phase
# - 
#   name: geom_model_gaussian1_phase_error
#   datatype: float32
#   description: "Uncertainty of \\texttt{geomModelGaussian1Phase}"
#   meta:
#     ucd: stat.error;time.phase
# - 
#   name: geom_model_gaussian1_sigma
#   datatype: float32
#   description: "Standard deviation [phase] of Gaussian 1 component"
#   meta:
#     ucd: stat.stdev
# - 
#   name: geom_model_gaussian1_sigma_error
#   datatype: float32
#   description: "Uncertainty of \\texttt{geomModelGaussian1Sigma}"
#   meta:
#     ucd: stat.error
# - 
#   name: geom_model_gaussian1_depth
#   datatype: float32
#   unit: mag
#   description: Magnitude depth of Gaussian 1 component
#   meta:
#     ucd: src.var.amplitude
# - 
#   name: geom_model_gaussian1_depth_error
#   datatype: float32
#   unit: mag
#   description: "Uncertainty of \\texttt{geomModelGaussian1Depth}"
#   meta:
#     ucd: stat.error;src.var.amplitude
# - 
#   name: geom_model_gaussian2_phase
#   datatype: float32
#   description: Phase of Gaussian 2 component
#   meta:
#     ucd: time.phase
# - 
#   name: geom_model_gaussian2_phase_error
#   datatype: float32
#   description: "Uncertainty of \\texttt{geomModelGaussian2Phase}"
#   meta:
#     ucd: stat.error;time.phase
# - 
#   name: geom_model_gaussian2_sigma
#   datatype: float32
[...]
#   datatype: float32
#   description: "Secondary eclipse: uncertainty of \\texttt{derivedSecondaryEclDuration}"
#   meta:
#     ucd: stat.error;time.duration
# - 
#   name: derived_secondary_ecl_depth
#   datatype: float32
#   unit: mag
#   description: "Secondary eclipse: depth"
#   meta:
#     ucd: src.var.amplitude
# - 
#   name: derived_secondary_ecl_depth_error
#   datatype: float32
#   unit: mag
#   description: "Secondary eclipse: uncertainty of \\texttt{derivedSecondaryEclDepth}"
#   meta:
#     ucd: stat.error;src.var.amplitude
solution_id,source_id,global_ranking,reference_time,frequency,frequency_error,geom_model_reference_level,geom_model_reference_level_error,geom_model_gaussian1_phase,geom_model_gaussian1_phase_error,geom_model_gaussian1_sigma,geom_model_gaussian1_sigma_error,geom_model_gaussian1_depth,geom_model_gaussian1_depth_error,geom_model_gaussian2_phase,geom_model_gaussian2_phase_error,geom_model_gaussian2_sigma,geom_model_gaussian2_sigma_error,geom_model_gaussian2_depth,geom_model_gaussian2_depth_error,geom_model_cosine_half_period_amplitude,geom_model_cosine_half_period_amplitude_error,geom_model_cosine_half_period_phase,geom_model_cosine_half_period_phase_error,model_type,num_model_parameters,reduced_chi2,derived_primary_ecl_phase,derived_primary_ecl_phase_error,derived_primary_ecl_duration,derived_primary_ecl_duration_error,derived_primary_ecl_depth,derived_primary_ecl_depth_error,derived_secondary_ecl_phase,derived_secondary_ecl_phase_error,derived_secondary_ecl_duration,derived_secondary_ecl_duration_error,derived_secondary_ecl_depth,derived_secondary_ecl_depth_error
[from data line 437]
375316653866487564,5533773857182906496,0.5536925,2208.802853055637,1.4924897342102703,1.4865952E-5,16.760227,0.008463207,0.18891126,0.003412445,0.09519244,0.008919303,0.091452934,0.008382256,0.6937508,0.0032972796,0.104853,0.008566099,0.12703791,0.0076711774,null,null,null,null,"TWOGAUSSIANS",8,3.4616032,0.6937508,0.0032972796,0.4,0.0,0.11806261,0.004306477,0.18891126,0.0034121664,0.4,0.0,0.082480446,0.0053055864
375316653866487564,5533774647451275392,0.52018565,2199.828509076566,4.053517380356373,1.2396872E-5,19.410667,0.0202077,0.25469512,0.0033421041,0.068062104,0.005653353,0.41914934,0.021046367,0.74705833,0.0056323465,0.081150524,0.009836618,0.32234713,0.028757313,null,null,null,null,"TWOGAUSSIANS",8,3.065233,0.25469512,0.0033421041,0.3811478,0.031658776,0.4169342,0.019780433,0.74705833,0.0056323465,0.4,0.0,0.320132,0.029103
375316653866487564,5533775845744122752,0.51775277,2223.5265487747083,1.1562560023234039,1.4422133E-5,18.98141,0.0030978448,0.25120446,0.00963281,0.026621932,0.013433276,0.08475931,0.041692253,0.75068074,0.003276495,0.040856183,0.00288589,0.35976934,0.00746081,null,null,null,null,"TWOGAUSSIANS",8,1.6746696,0.75068074,0.003276495,0.22879462,0.016160984,0.35976934,0.00746081,0.25120446,0.00963281,0.14908282,0.075226344,0.08475931,0.041692253
375316653866487564,5533776120621629184,0.44788247,2205.9591046292344,0.4205433080820554,3.4461056E-5,17.640774,0.0046329084,0.33721393,9.521341E-4,0.0070330845,0.0032681748,1.0383996,12.572912,null,null,null,null,null,null,0.022691354,0.005296898,0.33721393,9.521341E-4,"ONEGAUSSIAN_WITH_ELLIPSOIDAL",6,23.948515,0.33721393,9.521341E-4,0.039385274,0.01830178,1.0837822,12.572856,null,null,null,null,null,null
375316653866487564,5533776670377588992,0.59000504,2216.405572117703,2.243080699880932,4.579069E-6,17.934595,0.009428364,0.25484163,0.0027210356,0.104204565,0.0053042,0.26695672,0.008488569,0.7562324,0.0014082621,0.096052885,0.004654826,0.30281126,0.008754667,null,null,null,null,"TWOGAUSSIANS",8,2.2688413,0.7562324,0.0014082621,0.4,0.0,0.27817285,0.010283284,0.25484163,0.0027210356,0.4,0.0,0.24231371,0.0051329928
375316653866487564,5533779522236266624,0.51976633,2224.679036347472,2.7435052793311865,1.3631026E-5,19.773474,0.013623992,0.26406297,0.0045008934,0.08684017,0.0059790877,0.33902264,0.018386904,0.77435243,0.0043654777,0.07852542,0.007490484,0.34111783,0.016691798,null,null,null,null,"TWOGAUSSIANS",8,1.1761955,0.77435243,0.0043654777,0.4,0.0,0.33530807,0.01606792,0.26406297,0.0045008934,0.4,0.0,0.33321282,0.017481504
375316653866487564,5533784916714614784,0.46327436,2221.541244880296,2.816700666219168,4.034431E-5,16.400314,0.0057678544,0.18962605,0.0053017414,0.01821375,0.005825252,0.048467983,0.014960026,0.674795,0.026801502,0.06083509,0.041853547,0.04630003,0.021846514,0.039337642,0.008311461,0.18962605,0.0053017414,"TWOGAUSSIANS_WITH_ELLIPSOIDAL_ON_ECLIPSE1",9,35.015274,0.18962605,0.0053017414,0.10199701,0.03262141,0.1271395,0.0112139145,0.679715,0.015439986,0.3406765,0.17784858,0.12451567,0.023190431
375316653866487564,5533785329031642880,0.4871089,2217.521225556099,2.804494252381679,1.6182747E-5,18.201508,0.28556293,0.17446882,0.00502791,0.15372021,0.06378853,0.29235542,0.24796568,0.6767132,0.008351068,0.19164428,0.101732545,0.3102416,0.26991284,null,null,null,null,"TWOGAUSSIANS",8,2.562617,0.6770832,0.00800422,0.4,0.0,0.10495348,0.018243363,0.17366882,0.004373968,0.4,0.0,0.10476233,0.00926368
375316653866487564,5533785397751074944,0.64772767,2227.298310410638,0.9469089438800097,4.9438736E-6,17.518145,0.0024279233,0.20260252,8.0439984E-4,0.028555578,7.396895E-4,0.55251217,0.011206447,0.71654534,0.05584728,0.045412023,0.024633387,0.13951707,0.085703194,null,null,null,null,"TWOGAUSSIANS",8,3.8484113,0.20260252,8.0439984E-4,0.15991123,0.004142261,0.55251217,0.011206447,0.71654534,0.05584728,0.25430733,0.13794696,0.13951707,0.085703194
375316653866487564,5533789078541263744,0.5425842,2148.621501307097,3.994255094677163,6.206429E-5,16.813595,0.0069248006,0.4402086,0.008904345,0.056249812,0.006255628,0.4337994,0.08752095,0.76978964,0.04494188,0.07760224,0.06398175,0.018518528,0.025760312,null,null,null,null,"TWOGAUSSIANS",8,4.6475735,0.4402086,0.008935299,0.31499895,0.035031516,0.43380117,0.08756114,0.76978964,0.04494188,0.4,0.034945197,0.01851808,0.025760518
375316653866487564,5533789555279733888,0.47449526,2239.32807412605,1.726357564520124,6.06207E-5,19.861124,0.009781704,0.19871208,0.008723996,0.03825791,0.009181086,0.4045952,0.05529423,0.69493157,0.013473749,0.03971463,0.011240421,0.46204078,0.19965546,null,null,null,null,"TWOGAUSSIANS",8,2.042222,0.69493157,0.013473749,0.22240193,0.06294636,0.46204078,0.19965546,0.19871208,0.008723996,0.2142443,0.05141408,0.4045952,0.055294234
375316653866487564,5533789623999261184,0.51035607,2217.962527234311,2.2760071679690994,2.0746738E-5,18.035088,0.023987986,0.20843777,0.0062938463,0.1086514,0.027857224,0.09910227,0.021740617,0.68919677,0.005770693,0.098096795,0.015066419,0.13223101,0.023394754,null,null,null,null,"TWOGAUSSIANS",8,2.0753632,0.68919677,0.005770693,0.4,0.0,0.12258204,0.009451512,0.20843777,0.006278657,0.4,0.0,0.08944758,0.006818761
375316653866487564,5533790723511003392,0.5628482,2207.531249319378,1.6959171429676345,7.1742943E-6,17.38092,0.0025158008,0.23202732,0.0033732522,0.036140386,0.0061787814,0.06730496,0.007227504,0.7220575,0.006774262,0.047238436,0.006184465,0.03653224,0.006614652,0.03229083,0.0033244297,0.23202732,0.0033732522,"TWOGAUSSIANS_WITH_ELLIPSOIDAL_ON_ECLIPSE1",9,1.1975383,0.23202732,0.0033732522,0.20238617,0.034601178,0.1318866,0.0049376474,0.7244275,0.00518681,0.26453525,0.034633003,0.1009208,0.0037485808
375316653866487564,5533792961198108032,0.41937825,2190.930500993491,1.582043836549016,1.4723295E-4,17.31521,0.0035730517,0.23869978,0.024958503,0.114082485,0.040889997,0.01986452,0.005828237,0.486518,0.033533026,0.03323531,0.024485411,0.0576688,0.11202047,null,null,null,null,"TWOGAUSSIANS",8,4.0934925,0.486518,0.033533026,0.18611774,0.13711831,0.05954289,0.11207031,0.23869978,0.024958503,0.4,0.0,0.019861842,0.005839181
375316653866487564,5533793815887532288,0.55508906,2183.866580999318,1.968206156458508,9.362602E-6,18.719816,0.012825306,0.27974072,0.0036930412,0.08918331,0.005026752,0.3812731,0.015471926,0.7951738,0.0035997943,0.092685886,0.0071262605,0.22835124,0.01233493,null,null,null,null,"TWOGAUSSIANS",8,2.203403,0.27974072,0.0036930412,0.4,0.0,0.37074777,0.01343637,0.7951738,0.0035997943,0.4,0.0,0.21782577,0.008748484
375316653866487564,5533795503817948288,0.5951482,2148.789767060573,2.447600867116504,7.480466E-6,16.31738,0.011121757,0.26616943,0.0034870517,0.041288156,0.009118415,0.48913154,0.8999038,0.7736998,0.0019384447,0.038146045,0.0026325483,0.42846617,0.031639148,0.12979004,0.0151143465,0.26616943,0.0034870517,"TWOGAUSSIANS_WITH_ELLIPSOIDAL_ON_ECLIPSE1",9,54.164692,0.26616943,0.0034870517,0.23121367,0.051063124,0.74871135,0.9015205,0.7736998,0.0019384447,0.21361786,0.01474227,0.6874653,0.024170976
375316653866487564,5533795538177681920,0.53920937,2208.757911067561,1.0953724636873472,1.530715E-5,15.593135,0.17920001,0.105841376,0.009928551,0.14475043,0.04652564,0.17038102,0.11380475,0.6067225,0.006207407,0.2439422,0.1144049,0.24998184,0.17839468,null,null,null,null,"TWOGAUSSIANS",8,5.121908,0.6068325,0.0062938435,0.4,0.0,0.06521698,0.001363544,0.10524137,0.009609675,0.4,0.0,0.045821108,0.0017742227
375316653866487564,5533795572537444224,0.47281337,2203.717474271931,1.5667973976588092,1.6663189E-5,16.683098,0.047935057,0.19239962,0.005552468,0.10586742,0.026759699,0.16941173,0.04253434,0.6800824,0.0051784576,0.09953293,0.02884864,0.144575,0.04401195,null,null,null,null,"TWOGAUSSIANS",8,28.631563,0.19239962,0.005568982,0.4,0.0,0.15543678,0.015560029,0.6800824,0.0051784576,0.4,0.0,0.13060449,0.014270327
375316653866487564,5533797531042436736,0.5476655,2190.5837032957925,0.271706647481809,3.1501986E-5,18.11142,0.0068047694,0.27651736,0.01176921,0.06797081,0.010785683,0.30948985,0.05529239,0.76517487,0.002478412,0.038671743,0.0022690326,0.88105625,0.08144136,null,null,null,null,"TWOGAUSSIANS",8,9.736268,0.76517487,0.002478412,0.21656176,0.012706583,0.88104755,0.08144556,0.27651736,0.01176921,0.38063657,0.05966899,0.3094811,0.055300854
375316653866487564,5533797870336977664,0.5614646,2193.9986955540826,1.33539202768039,6.7234078E-6,17.457064,0.03532401,0.27410784,0.0060599553,0.11351014,0.017029576,0.33788013,0.02859615,0.74788094,0.0030986806,0.09602368,0.008678959,0.4369789,0.029831612,null,null,null,null,"TWOGAUSSIANS",8,9.823012,0.74788094,0.0030986806,0.4,0.0,0.4048256,0.016972061,0.27410784,0.0060715037,0.4,0.0,0.30566624,0.01575101
375316653866487564,5533798012078745344,0.5033338,2181.660754865612,0.2992845574478439,1.2920206E-5,17.06794,0.0049286904,0.25972363,0.015325841,0.11391241,0.020467013,0.038462948,0.0071221325,0.71900976,8.746757E-4,0.022324504,0.0010197365,0.33172488,0.020118192,null,null,null,null,"TWOGAUSSIANS",8,8.386927,0.71900976,8.746757E-4,0.12501723,0.0057105245,0.33170587,0.020121874,0.25972363,0.015325841,0.4,0.0,0.038432088,0.007120652
375316653866487564,5533798145210777088,0.61368114,2249.0257844595135,0.2408833614473173,1.9129527E-6,18.339945,0.004290292,0.36480263,8.9674137E-7,0.004062152,1.644659E-5,4.597827,0.055514622,0.6876786,0.036391523,0.13939378,0.07044805,0.015455897,0.0052006347,null,null,null,null,"TWOGAUSSIANS",8,1.380235,0.36480263,8.9674137E-7,0.022748051,9.21009E-5,4.5988345,0.055679694,0.6876786,0.036391523,0.4,0.0,0.015406206,0.0055438406
375316653866487564,5533798351369210880,0.5064255,2242.969696517378,2.8240790665698485,2.5258976E-5,18.827625,0.065346785,0.21361047,0.004462465,0.108987845,0.03480156,0.18368788,0.055174615,0.69204235,0.010041916,0.115675576,0.031464927,0.19585295,0.06396759,null,null,null,null,"TWOGAUSSIANS",8,1.603442,0.69204235,0.010041916,0.4,0.0,0.17022666,0.015451112,0.21368048,0.0044505685,0.4,0.0,0.15809299,0.012272109
375316653866487564,5533807117403105152,0.52876437,2234.383833916911,1.7987276191760289,7.625787E-6,16.479185,0.0052191527,0.23785202,0.0013799983,0.04047876,0.0036763088,0.5933703,0.10516377,0.74790823,0.002957798,0.032203563,0.0032219493,0.17662957,0.016365632,0.03660213,0.010150527,0.74790823,0.002957798,"TWOGAUSSIANS_WITH_ELLIPSOIDAL_ON_ECLIPSE2",9,16.265451,0.23801202,0.0013575074,0.22668105,0.020587329,0.66628724,0.113008425,0.74790823,0.002957798,0.18033996,0.018042916,0.2498338,0.013319772
375316653866487564,5533808388717320960,0.5306343,2226.7076099903607,3.008434190990402,1.3059213E-5,19.755064,0.027203197,0.23540638,0.008574237,0.085826606,0.011830424,0.55711836,0.02819594,0.7272385,0.0048403456,0.05740639,0.0059121237,0.32678276,0.059581492,null,null,null,null,"TWOGAUSSIANS",8,2.7356322,0.23540638,0.008574237,0.4,0.0,0.5554881,0.026496664,0.7272385,0.0048403456,0.32147577,0.03310789,0.32515258,0.059005488
375316653866487564,5533808659291308800,0.5730144,2224.0002480232456,2.5463012056994967,4.858477E-6,17.947935,0.0065409266,0.261608,0.0020575628,0.09030956,0.0049761957,0.22614163,0.006691602,0.7657052,0.0020149152,0.09746179,0.0044490765,0.20878741,0.0077243913,null,null,null,null,"TWOGAUSSIANS",8,1.3555609,0.261608,0.0020575628,0.4,0.0,0.21434301,0.0074606393,0.7657052,0.0020149152,0.4,0.0,0.19698808,0.007287979
375316653866487564,5533809037248308608,0.50944895,2233.4380904132654,3.039445987349826,2.1817767E-5,19.377684,0.056828134,0.2680768,0.004783908,0.11371302,0.023258965,0.29023173,0.042476136,0.7823341,0.0083457455,0.10235666,0.019276297,0.30409968,0.050811894,null,null,null,null,"TWOGAUSSIANS",8,2.3287055,0.7823641,0.008304076,0.4,0.0,0.26927227,0.017077873,0.26806682,0.0047701565,0.4,0.0,0.25536707,0.024078328
375316653866487564,5533809140327597184,0.49601355,2223.9025676991587,3.257739033421928,2.6133357E-5,19.545654,0.0150335105,0.2844764,0.006630473,0.095129326,0.009442131,0.302621,0.025218992,0.77978486,0.0076689767,0.07163405,0.009322145,0.2772711,0.03512909,null,null,null,null,"TWOGAUSSIANS",8,2.087022,0.2844764,0.006630473,0.4,0.0,0.29670236,0.02499564,0.77978486,0.0076689767,0.4,0.024957411,0.27135307,0.035534885
375316653866487564,5533809969265370368,0.69548404,2243.8450551034157,0.44541528102729094,2.3426142E-6,15.117333,0.0012993859,0.21551387,0.002796751,0.02198815,0.001943714,0.07503231,0.0044925087,0.7163839,3.8517118E-4,0.022754878,3.4855353E-4,0.62504244,0.006650712,0.017990576,0.00233249,0.21551387,0.002796751,"TWOGAUSSIANS_WITH_ELLIPSOIDAL_ON_ECLIPSE1",9,13.806886,0.7163839,3.8517118E-4,0.12742731,0.0019518998,0.6610225,0.0067587523,0.21551387,0.002796751,0.123133644,0.010884799,0.111013465,0.0044188453
375316653866487564,5533810686516069632,0.4757069,2267.374311787586,4.744255415495501,1.6823245E-5,18.99144,0.009570781,0.50617474,0.01373725,0.009081436,0.021858059,0.16394855,0.18599325,0.71699286,0.018384434,0.07963024,0.01540499,0.30173922,0.05627326,null,null,null,null,"TWOGAUSSIANS",8,3.791461,0.71699286,0.018384434,0.4,0.0,0.30173922,0.05627327,0.50632477,0.017471068,0.050856043,0.12240513,0.17304206,0.18780054
375316653866487564,5533810686516076800,0.5304638,2276.8200056109436,1.3425190698091127,1.45872655E-5,18.281855,0.012412299,0.21562898,0.00789048,0.10632081,0.016524484,0.13543066,0.010951721,0.6910063,0.0035150037,0.099265724,0.0074188313,0.18453832,0.011789662,null,null,null,null,"TWOGAUSSIANS",8,1.5257329,0.6910063,0.0035150037,0.4,0.0,0.17246847,0.005394418,0.21563898,0.007896104,0.4,0.0,0.12335602,0.009927232
375316653866487564,5533814092433888384,0.67178845,2239.9656242600236,1.7191112800809287,6.106739E-6,11.444809,0.007376849,0.24896058,0.0013839521,0.049993385,0.0020305945,0.48321888,0.015217055,0.7527231,0.0019909397,0.04247499,0.003443712,0.12677787,0.018533641,0.04106396,0.008585104,0.7527231,0.0019909397,"TWOGAUSSIANS_WITH_ELLIPSOIDAL_ON_ECLIPSE2",9,170.15771,0.24908058,0.0013278315,0.27996296,0.011371329,0.565301,0.0057143336,0.7527231,0.0019909397,0.23785993,0.019284787,0.20890439,0.007447811
375316653866487564,5533815947859881088,0.54693234,2199.967031914533,1.1441468652381193,1.2122116E-5,17.406849,0.0054821675,0.2791593,0.005868722,0.09918561,0.007984539,0.12758255,0.00636915,0.77421445,0.0042553,0.087257914,0.0069273906,0.12569954,0.006103324,null,null,null,null,"TWOGAUSSIANS",8,2.334199,0.2791593,0.005868722,0.4,0.0,0.121125154,0.0058630067,0.77421445,0.0042553,0.4,0.0,0.11924291,0.0050160093
375316653866487564,5533816119658171904,0.4731491,2195.127891438711,0.40537203537743444,3.156944E-5,19.399414,0.011742812,0.23955877,0.008188736,0.0075715804,0.0028018851,1.2004333,1.0249887,0.9041257,0.0237254,0.05065545,0.013675907,0.06493493,0.015904196,0.029953001,0.01434272,0.23955877,0.008188736,"TWOGAUSSIANS_WITH_ELLIPSOIDAL_ON_ECLIPSE1",9,6.569336,0.23955877,0.008188736,0.04240085,0.015690556,1.2603393,1.0290684,0.9041257,0.0237254,0.2836705,0.07658508,0.08060101,0.016156668
375316653866487564,5533816287153026176,0.55250645,2186.391524510679,3.179196058640802,1.3173519E-5,18.874542,0.010727882,0.23053816,0.003282439,0.08070737,0.004623377,0.29156044,0.012655593,0.7342024,0.0038319125,0.082811005,0.008569138,0.3097218,0.025286207,null,null,null,null,"TWOGAUSSIANS",8,2.5331023,0.7342024,0.0038319125,0.4,0.0,0.30448774,0.027545122,0.23053816,0.003282439,0.4,0.0,0.2863264,0.011371351
375316653866487564,5533816325816685440,0.5248108,2190.2879242167724,0.46411264838985755,1.5103384E-5,14.7640705,3.166674E-4,0.26613727,0.0036445933,0.012830889,0.0023337544,0.053035345,0.024430316,0.76734954,0.0049508316,0.013174532,0.006981135,0.036580335,0.21566726,0.007809007,5.442851E-4,0.76734954,0.0049508316,"TWOGAUSSIANS_WITH_ELLIPSOIDAL_ON_ECLIPSE2",9,2.4068012,0.26613727,0.0036087069,0.07185298,0.013069024,0.068652436,0.024850031,0.76734954,0.0049508316,0.07377738,0.039094355,0.05219833,0.21568328
