Gaia/vari_eclipsing_binary/VariEclipsingBinary_595275-595304.csv
# %ECSV 1.0
# ---
# delimiter: ','
# meta: !!omap
# - RELEASE: Gaia DR3
# - TABLE: vari_eclipsing_binary
# - DESCRIPTION: >
#     This table describes the properties of the eclipsing binaries resulting from the variability analysis. 
# - CITATION: >
#     How to cite and acknowledge Gaia: 
#     https://gea.esac.esa.int/archive/documentation/credits.html 
# - KNOWN_ISSUES: >
#     Known issues: 
#     https://www.cosmos.esa.int/web/gaia-users/known-issues 
# - DOCUMENTATION: >
#     Tutorials and documentation: 
#     https://www.cosmos.esa.int/web/gaia-users/archive 
# datatype:
# - 
#   name: solution_id
#   datatype: int64
#   description: Solution Identifier
#   meta:
#     ucd: meta.version
# - 
#   name: source_id
#   datatype: int64
#   description: Unique source identifier
#   meta:
#     ucd: meta.id;meta.main
# - 
#   name: global_ranking
#   datatype: float32
#   description: Number between 0 (worst) and 1 (best)
#   meta:
#     ucd: stat.param
# - 
#   name: reference_time
#   datatype: float64
#   unit: d
#   description: Reference time used for the geometric model fit
#   meta:
#     ucd: time.epoch
# - 
#   name: frequency
#   datatype: float64
#   unit: d**-1
#   description: Frequency of geometric model of the eclipsing binary light curve
#   meta:
#     ucd: src.orbital
# - 
#   name: frequency_error
#   datatype: float32
#   unit: d**-1
#   description: "Uncertainty of \\texttt{frequency}"
#   meta:
#     ucd: stat.error
# - 
#   name: geom_model_reference_level
#   datatype: float32
#   unit: mag
#   description: Magnitude reference level of geometric model
#   meta:
#     ucd: phot.mag;em.opt
# - 
#   name: geom_model_reference_level_error
#   datatype: float32
#   unit: mag
#   description: "Uncertainty of \\texttt{geomModelReferenceLevel}"
#   meta:
#     ucd: stat.error;phot.mag;em.opt
# - 
#   name: geom_model_gaussian1_phase
#   datatype: float32
#   description: Phase of the Gaussian 1 component
#   meta:
#     ucd: time.phase
# - 
#   name: geom_model_gaussian1_phase_error
#   datatype: float32
#   description: "Uncertainty of \\texttt{geomModelGaussian1Phase}"
#   meta:
#     ucd: stat.error;time.phase
# - 
#   name: geom_model_gaussian1_sigma
#   datatype: float32
#   description: "Standard deviation [phase] of Gaussian 1 component"
#   meta:
#     ucd: stat.stdev
# - 
#   name: geom_model_gaussian1_sigma_error
#   datatype: float32
#   description: "Uncertainty of \\texttt{geomModelGaussian1Sigma}"
#   meta:
#     ucd: stat.error
# - 
#   name: geom_model_gaussian1_depth
#   datatype: float32
#   unit: mag
#   description: Magnitude depth of Gaussian 1 component
#   meta:
#     ucd: src.var.amplitude
# - 
#   name: geom_model_gaussian1_depth_error
#   datatype: float32
#   unit: mag
#   description: "Uncertainty of \\texttt{geomModelGaussian1Depth}"
#   meta:
#     ucd: stat.error;src.var.amplitude
# - 
#   name: geom_model_gaussian2_phase
#   datatype: float32
#   description: Phase of Gaussian 2 component
#   meta:
#     ucd: time.phase
# - 
#   name: geom_model_gaussian2_phase_error
#   datatype: float32
#   description: "Uncertainty of \\texttt{geomModelGaussian2Phase}"
#   meta:
#     ucd: stat.error;time.phase
# - 
#   name: geom_model_gaussian2_sigma
#   datatype: float32
[...]
#   datatype: float32
#   description: "Secondary eclipse: uncertainty of \\texttt{derivedSecondaryEclDuration}"
#   meta:
#     ucd: stat.error;time.duration
# - 
#   name: derived_secondary_ecl_depth
#   datatype: float32
#   unit: mag
#   description: "Secondary eclipse: depth"
#   meta:
#     ucd: src.var.amplitude
# - 
#   name: derived_secondary_ecl_depth_error
#   datatype: float32
#   unit: mag
#   description: "Secondary eclipse: uncertainty of \\texttt{derivedSecondaryEclDepth}"
#   meta:
#     ucd: stat.error;src.var.amplitude
solution_id,source_id,global_ranking,reference_time,frequency,frequency_error,geom_model_reference_level,geom_model_reference_level_error,geom_model_gaussian1_phase,geom_model_gaussian1_phase_error,geom_model_gaussian1_sigma,geom_model_gaussian1_sigma_error,geom_model_gaussian1_depth,geom_model_gaussian1_depth_error,geom_model_gaussian2_phase,geom_model_gaussian2_phase_error,geom_model_gaussian2_sigma,geom_model_gaussian2_sigma_error,geom_model_gaussian2_depth,geom_model_gaussian2_depth_error,geom_model_cosine_half_period_amplitude,geom_model_cosine_half_period_amplitude_error,geom_model_cosine_half_period_phase,geom_model_cosine_half_period_phase_error,model_type,num_model_parameters,reduced_chi2,derived_primary_ecl_phase,derived_primary_ecl_phase_error,derived_primary_ecl_duration,derived_primary_ecl_duration_error,derived_primary_ecl_depth,derived_primary_ecl_depth_error,derived_secondary_ecl_phase,derived_secondary_ecl_phase_error,derived_secondary_ecl_duration,derived_secondary_ecl_duration_error,derived_secondary_ecl_depth,derived_secondary_ecl_depth_error
[from data line 111]
375316653866487564,5236131485397789312,0.5146897,2204.2459464719523,0.696287162090578,4.066916E-5,18.42431,0.004468691,0.35188273,0.014513385,0.054197628,0.011259515,0.117607005,0.016325139,0.83600754,0.0051991134,0.020320097,0.006337443,0.6246293,0.51843774,null,null,null,null,"TWOGAUSSIANS",8,6.1954365,0.83600754,0.0051991134,0.113792546,0.03548968,0.6246293,0.51843774,0.35188273,0.014513385,0.3035067,0.06305328,0.117607005,0.016325139
375316653866487564,5236132932827931648,0.41801623,2252.5192531422167,2.0977001806043916,9.97587E-5,18.904253,0.21180691,0.21487841,0.016517492,0.06316352,0.041276235,0.34155008,0.12179557,0.80794954,0.019817492,0.1721116,0.14987783,0.30703273,0.12777612,null,null,null,null,"TWOGAUSSIANS",8,12.996556,0.21193841,0.016364083,0.3537157,0.2144586,0.33751085,0.12459555,0.80794954,0.019817492,0.4,0.19046058,0.28306505,0.06035288
375316653866487564,5236132997226073344,0.46320546,2180.136686298161,0.8053035685644166,1.1166352E-5,17.846218,0.004831429,0.25701427,0.014090598,0.018297536,0.015765728,0.49804744,0.36687568,0.7859297,0.004076871,0.025197467,0.0030662748,0.25448596,0.08596129,null,null,null,null,"TWOGAUSSIANS",8,14.741506,0.25701427,0.014090598,0.1024662,0.08828808,0.49804744,0.36687568,0.7859297,0.004076871,0.14110582,0.017171139,0.25448596,0.08596129
375316653866487564,5236133001547427584,0.5453423,2183.171593252568,3.8350916424327894,1.9625417E-5,19.631687,0.01298036,0.27289826,0.0041613677,0.06548136,0.004372067,0.6406698,0.020381862,0.77177197,0.0036255494,0.0729739,0.0035360844,0.7260469,0.029899884,null,null,null,null,"TWOGAUSSIANS",8,2.6883085,0.77177197,0.0036255494,0.4,0.0,0.72409254,0.02988662,0.27289826,0.0041613677,0.36669558,0.024483575,0.63871545,0.020318678
375316653866487564,5236133242079087232,0.649887,2187.4654444959588,2.6564207332498913,9.720456E-6,17.779606,0.008785005,0.21220869,0.002264814,0.044387557,0.0027678367,0.2535955,0.020625617,0.7110646,0.0044340137,0.049160995,0.008253603,0.21808532,0.023722144,0.13625276,0.010586702,0.21220869,0.002264814,"TWOGAUSSIANS_WITH_ELLIPSOIDAL_ON_ECLIPSE1",9,3.3709376,0.21220869,0.002264814,0.24857031,0.015499885,0.52609986,0.011220616,0.7112846,0.003938856,0.27530158,0.046220176,0.4905783,0.024230996
375316653866487564,5236133345144953472,0.4380433,2146.962277373592,1.4138597843038603,8.582166E-5,19.496655,0.007972627,0.7780289,0.011772799,0.033200156,0.016152006,0.14050347,0.054453615,null,null,null,null,null,null,0.04061104,0.01219476,0.7780289,0.011772799,"ONEGAUSSIAN_WITH_ELLIPSOIDAL",6,3.9584987,0.7780289,0.011772799,0.18592088,0.090451226,0.22172555,0.053184487,null,null,null,null,null,null
375316653866487564,5236133551303632256,0.486272,2147.9840551578272,2.6821504958286715,2.125047E-5,19.481867,0.015517503,0.3069828,0.0076544094,0.09275703,0.013076466,0.21939214,0.039684065,0.81311095,0.004273097,0.08662502,0.009124661,0.2586169,0.016823335,null,null,null,null,"TWOGAUSSIANS",8,1.1592761,0.81311095,0.004273097,0.4,0.0,0.24975814,0.016438609,0.3069828,0.0076544094,0.4,0.0,0.2105332,0.041592922
375316653866487564,5236133997993204224,0.62299746,2195.856424636471,0.1873924754015417,8.145417E-5,15.854848,6.8730355E-4,0.37529927,0.0011463526,0.018940218,0.00683429,0.19298115,0.008676085,0.62984794,0.012012486,0.021741632,0.015522961,0.0103886165,0.004432951,null,null,null,null,"TWOGAUSSIANS",8,2.5277493,0.37529927,0.0011463526,0.10606521,0.038272023,0.19298115,0.008676085,0.62984794,0.012012486,0.12175315,0.086928576,0.0103886165,0.004432951
375316653866487564,5236134302899021568,0.4740703,2117.340691128523,1.977477754939279,2.1702423E-5,18.14748,0.009671201,0.32457933,0.0064166975,0.11640254,0.014772959,0.09890377,0.008931737,0.79575044,0.0049730977,0.027104877,0.0054160967,0.05710071,0.013386113,null,null,null,null,"TWOGAUSSIANS",8,4.318758,0.32457933,0.0064166975,0.4,0.0,0.09874113,0.008707041,0.79575044,0.0049730977,0.15178731,0.03033014,0.056968708,0.013232866
375316653866487564,5236134371632013184,0.52860856,2151.593444224547,0.36271980354704836,3.5274017E-5,18.025576,0.0018533776,0.27299702,0.008686616,0.015598317,0.0109927105,0.019225046,0.018533373,0.75406075,0.0029896428,0.017639784,0.0018673157,0.260652,0.055443153,0.019795593,0.0023103384,0.27299702,0.008686616,"TWOGAUSSIANS_WITH_ELLIPSOIDAL_ON_ECLIPSE1",9,2.0094671,0.7541308,0.002977686,0.098782785,0.010456968,0.29968742,0.05600187,0.27299702,0.008686616,0.08735057,0.061559178,0.05881623,0.01795737
375316653866487564,5236134616454636288,0.59133637,2183.5013720333154,3.220100978979635,5.318445E-6,18.591862,0.008974209,0.28683323,0.0033138988,0.06855011,0.0034641444,0.49170148,0.017547289,0.7867852,0.002251983,0.0736938,0.0024449655,0.57048094,0.017846378,null,null,null,null,"TWOGAUSSIANS",8,3.2872813,0.7867852,0.002251983,0.4,0.0,0.56828123,0.017795552,0.28683323,0.0033138988,0.38388062,0.019399209,0.48950177,0.017400276
375316653866487564,5236134753893378432,0.58236367,2193.01704874958,3.539813961389454,9.855669E-6,19.173632,0.012132182,0.22272308,0.002721302,0.06671939,0.0024213672,0.7330581,0.023788534,0.72846204,0.0043663913,0.05945659,0.0042132493,0.62099445,0.037053652,null,null,null,null,"TWOGAUSSIANS",8,3.4869719,0.22272308,0.002721302,0.37362856,0.013559657,0.7326187,0.023666115,0.72846204,0.0043663913,0.3329569,0.023594197,0.62055504,0.037168264
375316653866487564,5236135028786432512,0.42054775,2209.311521656665,0.05307148763780176,3.0182571E-5,19.439032,0.04002424,0.28330776,0.0035263808,0.012710591,0.0035171816,0.32253146,0.0822165,0.81203514,0.0380435,0.038330976,0.05606042,0.23635367,0.105550766,null,null,null,null,"TWOGAUSSIANS",8,15.22766,0.28330776,0.0035263808,0.07117931,0.019696217,0.32253146,0.08221648,0.81203514,0.0380435,0.21465348,0.272278,0.23635367,0.105550766
375316653866487564,5236135544167535616,0.4531359,2193.098979710489,2.553454637723087,2.8602835E-5,18.388977,0.0557301,0.2781389,0.012304474,0.10069229,0.046519767,0.09796063,0.05179782,0.7544398,0.01895992,0.11694994,0.041435003,0.124275155,0.05392556,null,null,null,null,"TWOGAUSSIANS",8,4.2781997,0.7544398,0.01895992,0.4,0.0,0.11200136,0.0140562,0.2782289,0.01217569,0.4,0.0,0.08572197,0.016861428
375316653866487564,5236135715966560640,0.5380171,2209.2729187096784,3.8371412724834335,9.323093E-6,19.609695,0.015220428,0.23212998,0.005326473,0.03038633,0.0066513536,0.38669187,0.09951224,0.7111029,0.0051553906,0.032915488,0.0056482325,0.44768435,0.048877217,0.1603564,0.02330268,0.23212998,0.005326473,"TWOGAUSSIANS_WITH_ELLIPSOIDAL_ON_ECLIPSE1",9,4.357143,0.7123029,0.0049278415,0.18432674,0.031630103,0.76314783,0.039359566,0.23212998,0.005326473,0.17016345,0.03724758,0.7074044,0.09699364
375316653866487564,5236136197016581888,0.55312705,2211.6876741678,3.2060016215632188,1.1369515E-5,17.639841,0.012216745,0.21380877,0.0023095878,0.058448456,0.01685032,0.092531085,0.024386074,0.66734034,0.010025813,0.03993977,0.009904597,0.113684475,0.05043672,0.08773831,0.015245935,0.21380877,0.0023095878,"TWOGAUSSIANS_WITH_ELLIPSOIDAL_ON_ECLIPSE1",9,6.642983,0.67476034,0.0123559525,0.22366272,0.055465743,0.2768532,0.040017784,0.21380877,0.0023095878,0.32731134,0.0943618,0.26799756,0.011461734
375316653866487564,5236136501935869312,0.47244865,2186.217379833488,3.7771419991869744,2.8532237E-5,19.080765,0.005264321,0.11976002,0.0108825555,0.033647828,0.017147578,0.14078069,0.034959067,0.62496054,0.006264895,0.060787693,0.0063347765,0.144436,0.011494457,null,null,null,null,"TWOGAUSSIANS",8,1.9908551,0.62496054,0.006264895,0.3404111,0.035474747,0.14443582,0.011493813,0.11976002,0.0108825555,0.18842784,0.096026435,0.14078052,0.034965273
375316653866487564,5236137360912901120,0.45512864,2224.9499725787414,2.24069947404707,6.4864354E-5,16.494932,0.031222444,0.30030185,0.014845443,0.11113393,0.03261294,0.13433158,0.030187687,0.7976309,0.011911991,0.08709072,0.027814442,0.09581647,0.029697653,null,null,null,null,"TWOGAUSSIANS",8,39.686455,0.30030185,0.014845443,0.4,0.0,0.12510438,0.0119803585,0.7976309,0.01191153,0.4,0.0,0.08660011,0.012737456
375316653866487564,5236137399594225536,0.59085834,2218.0121136954185,0.9333026577605885,1.2757118E-5,17.266624,0.004276242,0.29993036,0.0068307505,0.04122002,0.0049804426,0.20404735,0.075338006,0.79568166,0.001532474,0.035735663,0.0011882021,0.51697755,0.0097134905,null,null,null,null,"TWOGAUSSIANS",8,8.756484,0.79568166,0.001532474,0.2001197,0.0066539315,0.51697755,0.0097134905,0.29993036,0.0068307505,0.23083211,0.02789048,0.20404735,0.075338006
375316653866487564,5236138013747954176,0.5482717,2197.591606245714,3.2987500758868054,1.07267815E-5,17.798044,0.011999328,0.24140713,0.0032792592,0.08735921,0.005100933,0.3855403,0.015455554,0.7472434,0.002088708,0.07745879,0.004474154,0.2824902,0.015232164,null,null,null,null,"TWOGAUSSIANS",8,7.3113527,0.24140713,0.0032792592,0.4,0.0,0.37955242,0.014519881,0.7472434,0.002088708,0.4,0.0,0.2765024,0.014180863
375316653866487564,5236138155521783552,0.5148861,2164.1737046671687,2.9358490294510666,1.4061607E-5,18.474617,0.014483329,0.19664733,0.0076428093,0.10757473,0.012054458,0.22047438,0.013314785,0.7072415,0.0053725587,0.09617878,0.010139346,0.19547267,0.01391185,null,null,null,null,"TWOGAUSSIANS",8,2.331372,0.19664733,0.0076428093,0.4,0.0,0.20246945,0.009544087,0.7072515,0.0053777914,0.4,0.0,0.17747702,0.008305524
375316653866487564,5236138361634213248,0.5127237,2163.9279288541834,2.7555984315383943,1.3901218E-5,19.30984,0.04224449,0.29941514,0.0052412814,0.103976086,0.0132882735,0.3546553,0.040468194,0.7800792,0.0051834867,0.09821701,0.014786585,0.37672088,0.038281266,null,null,null,null,"TWOGAUSSIANS",8,3.3506567,0.7800792,0.0051834867,0.4,0.0,0.3497727,0.020135872,0.29941514,0.0052435733,0.4,0.0,0.32770035,0.019825555
375316653866487564,5236138872735318656,0.53811336,2230.8435367362385,2.573491770747425,8.205635E-6,17.122149,0.037486546,0.24722001,0.003218883,0.113422416,0.016018461,0.27442226,0.03345575,0.7602252,0.0033965842,0.09743603,0.014214124,0.27538705,0.031363104,null,null,null,null,"TWOGAUSSIANS",8,13.05111,0.7602452,0.0033936587,0.4,0.0,0.2470241,0.016768852,0.24722001,0.003218241,0.4,0.0,0.24602345,0.014036763
375316653866487564,5236139254987917568,0.52613467,2204.5506161984986,2.694948805405508,1.7258853E-5,19.04117,0.012959083,0.28227526,0.0027830268,0.08023822,0.005692877,0.33201382,0.017470973,0.77586764,0.004926489,0.080406785,0.006160626,0.37706688,0.021384599,null,null,null,null,"TWOGAUSSIANS",8,3.4056857,0.77586764,0.004926489,0.4,0.0,0.37214753,0.020262647,0.28227526,0.0027830268,0.4,0.0,0.32709447,0.017492421
375316653866487564,5236139701664084352,0.5379978,2190.692212375459,2.006245089618491,2.6944963E-5,18.731306,0.0034927037,0.43881443,0.0023018236,0.039272167,0.0041078986,0.5733345,0.030727781,0.7953587,0.043316565,0.039283235,0.025915207,0.03557354,0.027477572,null,null,null,null,"TWOGAUSSIANS",8,4.919331,0.43881443,0.0023018236,0.21992414,0.023004232,0.5733345,0.030727781,0.7953587,0.043316565,0.21998611,0.14512517,0.03557354,0.027477572
375316653866487564,5236139736023845120,0.45709452,2221.1173612652847,2.656176327885339,2.9000157E-5,18.220596,0.03884353,0.24732217,0.0075425813,0.11651288,0.030523255,0.1735383,0.03243125,0.7440375,0.015219124,0.090993755,0.02537096,0.1692949,0.043174975,null,null,null,null,"TWOGAUSSIANS",8,9.111257,0.24732217,0.0075425813,0.4,0.0,0.15556948,0.014264912,0.7440375,0.01522306,0.4,0.0,0.15136102,0.02307629
375316653866487564,5236140010903192704,0.58639884,2170.5117132186174,3.094352573089855,4.5021952E-5,18.17659,0.0017415141,0.21890539,0.012582488,0.013357337,0.005939649,0.3584952,1.132623,0.46318167,0.024971526,0.042605188,0.011100392,0.0276445,0.007738334,null,null,null,null,"TWOGAUSSIANS",8,1.260462,0.21890539,0.012582488,0.07480109,0.033262037,0.3584952,1.132623,0.46318167,0.024971526,0.23858905,0.062162198,0.0276445,0.007738334
375316653866487564,5236140113982409984,0.48947185,2203.1842427155248,0.7411219740814252,1.4941226E-5,18.634628,0.004256912,0.1878851,0.024342582,0.038621724,0.015365817,0.13122496,0.021836575,0.6849795,0.0014207531,0.034470074,0.0016397486,0.24123213,0.01751375,null,null,null,null,"TWOGAUSSIANS",8,3.4694679,0.6849795,0.0014207531,0.19303241,0.009182592,0.24123213,0.01751375,0.1878851,0.024342582,0.21628165,0.08604857,0.13122496,0.021836573
375316653866487564,5236140285780085120,0.56428474,2238.857669330158,1.1192717747590437,6.0461216E-6,16.35863,0.99636,0.24157381,0.0050292043,0.2664145,0.11849524,1.3410136,0.9795557,0.7337506,0.0103641655,0.16014962,0.03421214,0.98906875,0.56773007,null,null,null,null,"TWOGAUSSIANS",8,3.4728565,0.7337506,0.0103641655,0.4,0.0,0.29092243,0.028704435,0.24462382,0.0025052105,0.4,0.0,0.19914486,0.004194101
375316653866487564,5236140522003165952,0.52794856,2213.828703028351,2.5197945331964,1.4005413E-5,17.712017,0.021237765,0.2831775,0.00395885,0.09496232,0.00665771,0.36419284,0.022572486,0.78204197,0.0046654246,0.09671612,0.0135283265,0.34833506,0.034007974,null,null,null,null,"TWOGAUSSIANS",8,21.085316,0.2831775,0.00395885,0.4,0.0,0.34084353,0.01429971,0.78204197,0.0046654246,0.4,0.0,0.32498533,0.04262459
375316653866487564,5236140595017945216,0.5258626,2209.94325451709,2.229367284880665,1.2299017E-5,19.258541,0.028879656,0.2829323,0.005049212,0.10763735,0.015981564,0.1879879,0.027032074,0.7838156,0.005615799,0.08488976,0.008712315,0.29723424,0.029702958,null,null,null,null,"TWOGAUSSIANS",8,1.3699688,0.7838156,0.005615799,0.4,0.0,0.28190655,0.016556162,0.2829323,0.005049212,0.4,0.0,0.17265245,0.012244504
375316653866487564,5236140595017977856,0.48724124,2187.137624973153,0.7742457570992223,2.0012714E-5,18.225979,0.0027222307,0.28738755,0.0027570846,0.030480653,0.0056327987,0.33576858,0.15084365,0.79952365,0.007799844,0.046057723,0.0062278574,0.06828945,0.011391216,null,null,null,null,"TWOGAUSSIANS",8,2.4378512,0.28738755,0.0027570846,0.17069165,0.031543672,0.33576858,0.15084365,0.79952365,0.007799844,0.25792325,0.034876,0.06828945,0.011391216
375316653866487564,5236140698144027264,0.4498309,2160.301639786613,2.445099738933883,4.193926E-5,18.183779,0.0043979427,0.19940135,0.009418535,0.04407969,0.009981843,0.06879074,0.012601331,0.71760374,0.012635598,0.09091785,0.010302266,0.13403451,0.011776788,null,null,null,null,"TWOGAUSSIANS",8,4.5541215,0.71760374,0.012635598,0.4,0.0,0.13390647,0.011797167,0.19940135,0.009418535,0.24684627,0.055898316,0.06866281,0.012656091
375316653866487564,5236140728182075136,0.54653186,2204.0753656674838,3.6582578109941712,7.1037775E-6,18.938318,0.005633936,0.20796853,0.0031767187,0.05929345,0.0036713213,0.34413764,0.022671679,0.71156466,0.0023942662,0.06985505,0.0025762105,0.33801687,0.010173838,null,null,null,null,"TWOGAUSSIANS",8,2.3756237,0.20796853,0.0031767187,0.33204332,0.020559398,0.34379855,0.022738274,0.71156466,0.0023942662,0.39118826,0.014426779,0.33767778,0.010149556
375316653866487564,5236141316619371904,0.5917503,2229.4586179715907,1.4686589090305349,4.719131E-6,16.439932,0.014701919,0.279989,0.0019582645,0.090459384,0.0049070814,0.3500667,0.01525711,0.78647244,0.0031433955,0.09862142,0.006963488,0.20677315,0.014598383,null,null,null,null,"TWOGAUSSIANS",8,14.271476,0.279989,0.0019582645,0.4,0.0,0.33547422,0.011458928,0.78647244,0.0031433955,0.4,0.0,0.19217971,0.00852614
375316653866487564,5236141557090591488,0.6919065,2232.4534524702945,1.6832484578388194,1.6218067E-6,17.14429,0.0034568806,0.19496487,6.567936E-4,0.04526796,9.13147E-4,0.65117264,0.015636986,0.6989441,0.001323912,0.0439068,0.002971203,0.10273689,0.00879376,0.10457108,0.005677076,0.19496487,6.567936E-4,"TWOGAUSSIANS_WITH_ELLIPSOIDAL_ON_ECLIPSE1",9,2.9394443,0.19496487,6.567936E-4,0.25350055,0.005113623,0.86031467,0.015415138,0.6989441,0.001323912,0.24587809,0.016638737,0.31174818,0.005061834
