Gaia/vari_eclipsing_binary/VariEclipsingBinary_667102-667129.csv
# %ECSV 1.0
# ---
# delimiter: ','
# meta: !!omap
# - RELEASE: Gaia DR3
# - TABLE: vari_eclipsing_binary
# - DESCRIPTION: >
#     This table describes the properties of the eclipsing binaries resulting from the variability analysis. 
# - CITATION: >
#     How to cite and acknowledge Gaia: 
#     https://gea.esac.esa.int/archive/documentation/credits.html 
# - KNOWN_ISSUES: >
#     Known issues: 
#     https://www.cosmos.esa.int/web/gaia-users/known-issues 
# - DOCUMENTATION: >
#     Tutorials and documentation: 
#     https://www.cosmos.esa.int/web/gaia-users/archive 
# datatype:
# - 
#   name: solution_id
#   datatype: int64
#   description: Solution Identifier
#   meta:
#     ucd: meta.version
# - 
#   name: source_id
#   datatype: int64
#   description: Unique source identifier
#   meta:
#     ucd: meta.id;meta.main
# - 
#   name: global_ranking
#   datatype: float32
#   description: Number between 0 (worst) and 1 (best)
#   meta:
#     ucd: stat.param
# - 
#   name: reference_time
#   datatype: float64
#   unit: d
#   description: Reference time used for the geometric model fit
#   meta:
#     ucd: time.epoch
# - 
#   name: frequency
#   datatype: float64
#   unit: d**-1
#   description: Frequency of geometric model of the eclipsing binary light curve
#   meta:
#     ucd: src.orbital
# - 
#   name: frequency_error
#   datatype: float32
#   unit: d**-1
#   description: "Uncertainty of \\texttt{frequency}"
#   meta:
#     ucd: stat.error
# - 
#   name: geom_model_reference_level
#   datatype: float32
#   unit: mag
#   description: Magnitude reference level of geometric model
#   meta:
#     ucd: phot.mag;em.opt
# - 
#   name: geom_model_reference_level_error
#   datatype: float32
#   unit: mag
#   description: "Uncertainty of \\texttt{geomModelReferenceLevel}"
#   meta:
#     ucd: stat.error;phot.mag;em.opt
# - 
#   name: geom_model_gaussian1_phase
#   datatype: float32
#   description: Phase of the Gaussian 1 component
#   meta:
#     ucd: time.phase
# - 
#   name: geom_model_gaussian1_phase_error
#   datatype: float32
#   description: "Uncertainty of \\texttt{geomModelGaussian1Phase}"
#   meta:
#     ucd: stat.error;time.phase
# - 
#   name: geom_model_gaussian1_sigma
#   datatype: float32
#   description: "Standard deviation [phase] of Gaussian 1 component"
#   meta:
#     ucd: stat.stdev
# - 
#   name: geom_model_gaussian1_sigma_error
#   datatype: float32
#   description: "Uncertainty of \\texttt{geomModelGaussian1Sigma}"
#   meta:
#     ucd: stat.error
# - 
#   name: geom_model_gaussian1_depth
#   datatype: float32
#   unit: mag
#   description: Magnitude depth of Gaussian 1 component
#   meta:
#     ucd: src.var.amplitude
# - 
#   name: geom_model_gaussian1_depth_error
#   datatype: float32
#   unit: mag
#   description: "Uncertainty of \\texttt{geomModelGaussian1Depth}"
#   meta:
#     ucd: stat.error;src.var.amplitude
# - 
#   name: geom_model_gaussian2_phase
#   datatype: float32
#   description: Phase of Gaussian 2 component
#   meta:
#     ucd: time.phase
# - 
#   name: geom_model_gaussian2_phase_error
#   datatype: float32
#   description: "Uncertainty of \\texttt{geomModelGaussian2Phase}"
#   meta:
#     ucd: stat.error;time.phase
# - 
#   name: geom_model_gaussian2_sigma
#   datatype: float32
[...]
#   datatype: float32
#   description: "Secondary eclipse: uncertainty of \\texttt{derivedSecondaryEclDuration}"
#   meta:
#     ucd: stat.error;time.duration
# - 
#   name: derived_secondary_ecl_depth
#   datatype: float32
#   unit: mag
#   description: "Secondary eclipse: depth"
#   meta:
#     ucd: src.var.amplitude
# - 
#   name: derived_secondary_ecl_depth_error
#   datatype: float32
#   unit: mag
#   description: "Secondary eclipse: uncertainty of \\texttt{derivedSecondaryEclDepth}"
#   meta:
#     ucd: stat.error;src.var.amplitude
solution_id,source_id,global_ranking,reference_time,frequency,frequency_error,geom_model_reference_level,geom_model_reference_level_error,geom_model_gaussian1_phase,geom_model_gaussian1_phase_error,geom_model_gaussian1_sigma,geom_model_gaussian1_sigma_error,geom_model_gaussian1_depth,geom_model_gaussian1_depth_error,geom_model_gaussian2_phase,geom_model_gaussian2_phase_error,geom_model_gaussian2_sigma,geom_model_gaussian2_sigma_error,geom_model_gaussian2_depth,geom_model_gaussian2_depth_error,geom_model_cosine_half_period_amplitude,geom_model_cosine_half_period_amplitude_error,geom_model_cosine_half_period_phase,geom_model_cosine_half_period_phase_error,model_type,num_model_parameters,reduced_chi2,derived_primary_ecl_phase,derived_primary_ecl_phase_error,derived_primary_ecl_duration,derived_primary_ecl_duration_error,derived_primary_ecl_depth,derived_primary_ecl_depth_error,derived_secondary_ecl_phase,derived_secondary_ecl_phase_error,derived_secondary_ecl_duration,derived_secondary_ecl_duration_error,derived_secondary_ecl_depth,derived_secondary_ecl_depth_error
[from data line 470]
375316653866487564,5868066864265033984,0.5348604,2148.7836628759433,0.703565648335409,4.530828E-6,18.79383,0.0048410348,0.42217132,0.014004826,0.053819317,0.035078026,0.04070379,0.16941805,0.6835475,0.001854016,0.007219938,8.133916E-4,0.77659786,0.18294473,null,null,null,null,"TWOGAUSSIANS",8,2.7068427,0.6835475,0.001854016,0.040431652,0.004554993,0.77659816,0.18294464,0.42217132,0.014004826,0.30138817,0.19643696,0.04070379,0.16941805
375316653866487564,5868068199962845056,0.44822127,2168.4039949327803,2.560488988710316,8.422606E-5,19.332203,0.0072026877,0.1426035,0.014021204,0.042588692,0.019851334,0.2027435,0.07086825,0.6621916,0.0073624034,0.008424958,0.0038972367,0.23599385,0.09792885,null,null,null,null,"TWOGAUSSIANS",8,2.7552166,0.6621916,0.0073624034,0.047179766,0.021824526,0.23599385,0.09792885,0.1426035,0.014021204,0.23849668,0.11116747,0.2027435,0.07086825
375316653866487564,5868068547846802816,0.532606,2143.728608792767,1.6090942638515084,1.4595981E-5,19.213322,0.0122399,0.24654242,0.009858956,0.08294032,0.01085561,0.24059732,0.036910854,0.7401121,0.0038678546,0.085499115,0.0055949134,0.4549023,0.0266355,null,null,null,null,"TWOGAUSSIANS",8,2.6025276,0.7401121,0.0038678546,0.4,0.0,0.44770315,0.02758827,0.24654242,0.009858956,0.4,0.0,0.23339821,0.037963852
375316653866487564,5868069063287674752,0.5641396,2193.0478265339666,1.0390032653761145,5.7267578E-5,17.815228,0.003245567,0.3522181,0.05872015,0.12431841,0.0348649,0.013334745,0.005968741,0.88130206,0.0025724682,0.018752621,0.002314591,0.36351025,0.023013933,null,null,null,null,"TWOGAUSSIANS",8,3.1453755,0.88130206,0.0025724682,0.105014674,0.012961711,0.3634919,0.023013197,0.3522181,0.05872015,0.4,0.0,0.013304619,0.0059640706
375316653866487564,5868069574349531776,0.4760373,2235.9139885193936,0.5423261290241486,8.576128E-6,18.606855,0.0027176498,0.26581395,0.0015143768,0.024558038,0.0017556503,0.14623767,0.015434173,0.7942632,0.026542302,0.031006198,0.014065217,0.059551787,0.014181062,null,null,null,null,"TWOGAUSSIANS",8,1.3001221,0.26581395,0.0015143768,0.137525,0.009831642,0.14623767,0.015434173,0.7942632,0.026542302,0.17363471,0.07876521,0.059551787,0.014181062
375316653866487564,5868070536421148800,0.58651036,2210.34012740387,2.2256824793290493,6.1584396E-6,18.364977,0.007959703,0.251968,0.002007171,0.08164276,0.0040009683,0.41789523,0.01844613,0.7503115,0.002658914,0.07977278,0.0032953436,0.46048394,0.008079804,null,null,null,null,"TWOGAUSSIANS",8,2.9444704,0.7503115,0.002658914,0.4,0.0,0.45347857,0.006113643,0.251968,0.002007171,0.4,0.0,0.4108899,0.01940492
375316653866487564,5868070678154307072,0.52366364,2216.6982204872884,3.230169097791374,1.4086519E-5,19.685314,0.013142588,0.2455206,0.003795386,0.06562093,0.00726788,0.5835397,0.0691724,0.7413167,0.005187188,0.072214894,0.0047975467,0.47461927,0.029824749,null,null,null,null,"TWOGAUSSIANS",8,2.2380486,0.2455206,0.003795386,0.3674772,0.040700126,0.58224064,0.070010066,0.7413167,0.005187188,0.4,0.0046629594,0.4733202,0.029694067
375316653866487564,5868070781230242944,0.5180616,2267.064354101849,3.0871570207645376,4.3418164E-5,15.167344,0.008782384,0.18945356,0.021717487,0.024545096,0.018589161,0.621787,0.8780622,0.7195057,0.006418208,0.057190847,0.01330538,1.0104964,0.99496645,null,null,null,null,"TWOGAUSSIANS",8,43.01881,0.7195057,0.006418208,0.32026875,0.07451013,1.0104964,0.9949665,0.18945356,0.021717487,0.13745254,0.104099296,0.621787,0.8780622
375316653866487564,5868071296679194368,0.566313,2213.2535111192087,2.6530564140757367,8.978668E-6,16.630081,0.017265571,0.24979563,0.0034125953,0.09442616,0.0066946303,0.46843666,0.016522879,0.7381467,0.0031118235,0.08864731,0.0054864893,0.43929356,0.021141805,null,null,null,null,"TWOGAUSSIANS",8,34.709618,0.24979563,0.0034125953,0.4,0.0,0.4501611,0.014005664,0.7381467,0.0031118235,0.4,0.0,0.4210188,0.019473359
375316653866487564,5868071331030506368,0.5594426,2177.003788662445,0.6821848383898369,3.6495585E-5,17.609007,0.0024094447,0.5224064,0.0016089111,0.03648789,0.0032434345,0.25382915,0.030220317,0.27249107,0.02749386,0.02790672,0.038603645,0.015216776,0.009684179,null,null,null,null,"TWOGAUSSIANS",8,1.4330429,0.5224064,0.0016089111,0.20433217,0.018163232,0.25382915,0.030220384,0.27249107,0.02749386,0.15627763,0.21618041,0.015216776,0.009684178
375316653866487564,5868071605908278528,0.53737044,2178.78622379691,3.8255116016959128,8.407403E-6,17.076365,0.0076020416,0.285403,0.004405108,0.09129042,0.0081819445,0.09564856,0.0076167625,0.77050245,0.0026936235,0.10699398,0.0071352185,0.13112302,0.0069171586,null,null,null,null,"TWOGAUSSIANS",8,2.7026207,0.77050245,0.0026936235,0.4,0.0,0.12336482,0.003981952,0.285413,0.004412099,0.4,0.0,0.08789601,0.0046305996
375316653866487564,5868071640268454272,0.6331501,2178.838980056065,1.0014526192273883,5.164427E-6,15.763517,0.0049540685,0.27145565,0.0026197862,0.09301634,0.0039686137,0.21747819,0.004664398,0.7707763,0.0018744323,0.09207024,0.003513958,0.18517369,0.004735627,null,null,null,null,"TWOGAUSSIANS",8,6.372139,0.27145565,0.0026197862,0.4,0.0,0.2071386,0.0032379522,0.7707763,0.0018744323,0.4,0.0,0.17483418,0.0024957536
375316653866487564,5868072941603914240,0.47701824,2176.3539900030155,2.2037063658854215,3.245467E-5,18.89821,0.026613062,0.23365729,0.011807104,0.09144229,0.028473495,0.12216867,0.028015316,0.7327347,0.0059792944,0.083133854,0.02052171,0.13579437,0.024478624,null,null,null,null,"TWOGAUSSIANS",8,3.2321107,0.7327347,0.0059792944,0.4,0.0,0.13161378,0.014925012,0.23365729,0.011807104,0.4,0.0,0.117988,0.022914356
375316653866487564,5868073010322431616,0.56220883,2188.3991699775183,3.8021675888767854,7.129155E-6,18.299469,0.007176691,0.21772344,0.0013958322,0.06717382,0.0026922654,0.45909822,0.011683633,0.7104172,0.004164306,0.07953853,0.0058422284,0.49858913,0.03853027,null,null,null,null,"TWOGAUSSIANS",8,7.592674,0.7104172,0.004164306,0.4,0.0,0.49616507,0.039316054,0.21772344,0.0013958322,0.37617344,0.015076686,0.45667416,0.011726645
375316653866487564,5868073388279780736,0.60010844,2163.8795076165006,3.07139942936659,7.39249E-6,16.988356,0.04767158,0.2116349,0.006752458,0.045711763,0.03534593,0.12037713,0.08928918,0.71786034,0.022406025,0.03754345,0.04187087,0.07245856,0.07806256,0.109266415,0.053975973,0.2116349,0.006752458,"TWOGAUSSIANS_WITH_ELLIPSOIDAL_ON_ECLIPSE1",9,7.563277,0.2116349,0.006752458,0.2559859,0.19793722,0.33890966,0.026704276,0.71786034,0.021468416,0.21024331,0.23447688,0.2906569,0.04801087
375316653866487564,5868073766236749696,0.55876434,2221.416171664273,2.139487359090554,9.838066E-6,18.242785,0.005168512,0.20624147,0.0050035994,0.07301758,0.0050079124,0.22059485,0.011465087,0.6946483,0.0032838262,0.08232368,0.0030018287,0.45991638,0.016082475,null,null,null,null,"TWOGAUSSIANS",8,4.1909056,0.6946483,0.0032838262,0.4,0.0,0.457061,0.016014159,0.20624147,0.0050035994,0.4,0.0016018677,0.21773946,0.011408872
375316653866487564,5868074114125064832,0.49532202,2199.6688256256934,2.276192877029322,1.15316725E-5,18.733244,0.011303649,0.24961494,0.0047572604,0.07873147,0.0066325744,0.21688658,0.01524093,0.74193335,0.003800511,0.085777506,0.006370931,0.24357572,0.011916721,null,null,null,null,"TWOGAUSSIANS",8,3.7639053,0.74193335,0.003800511,0.4,0.0,0.23963927,0.010586788,0.24961494,0.0047572604,0.4,0.0,0.21295014,0.014152882
375316653866487564,5868074144194022144,0.4602506,2205.2145934342775,2.4911526722688886,5.723828E-5,19.280977,0.014635388,0.2591228,0.007859163,0.06303835,0.022842482,0.026150534,0.046090607,0.7625511,0.020437177,0.010347248,0.012639376,0.09647282,0.25256732,0.13927911,0.021968797,0.2591228,0.007859163,"TWOGAUSSIANS_WITH_ELLIPSOIDAL_ON_ECLIPSE1",9,10.600489,0.7625511,0.019312454,0.05794459,0.07078051,0.3748917,0.25200197,0.2591228,0.007859163,0.35301477,0.122999154,0.30469862,0.03425311
375316653866487564,5868075110601813760,0.56077754,2173.567554109152,0.46431249508627565,2.8725959E-5,17.160976,0.0022995227,0.2967177,0.010449331,0.04830266,0.026570499,0.65042627,0.5374154,0.7848038,0.025673524,0.02525716,0.012962551,0.06356676,0.026240293,null,null,null,null,"TWOGAUSSIANS",8,4.3174214,0.2967177,0.010449331,0.2704949,0.12704852,0.65042627,0.53741616,0.7848038,0.025673524,0.14144011,0.072590284,0.06356676,0.026240254
375316653866487564,5868075179321280896,0.42718065,2206.5384551084935,1.1317204439264945,2.2200968E-4,14.445811,0.012829104,0.2585693,0.06817746,0.022489471,0.0381364,0.575887,1.68283771E10,null,null,null,null,null,null,0.009523466,0.020165741,0.2585693,0.06817746,"ONEGAUSSIAN_WITH_ELLIPSOIDAL",6,1457.9927,0.2585693,0.06817746,0.12594104,0.21356384,0.594934,1.68283771E10,null,null,null,null,null,null
375316653866487564,5868075660357660032,0.45623508,2167.4967576660842,2.337931380400431,2.137666E-5,17.543049,0.004492034,0.26314822,0.026733719,0.024327831,0.030653473,0.029874358,0.010850207,0.6415333,0.004547952,0.03196427,0.0029518993,0.23587474,0.03078055,null,null,null,null,"TWOGAUSSIANS",8,13.225254,0.6415333,0.004547952,0.1789999,0.016530637,0.23587474,0.03078055,0.26314822,0.026733719,0.13623585,0.17165944,0.029874358,0.010850207
375316653866487564,5868076068343140736,0.5388243,2164.1785634602466,3.02085200724465,8.287078E-6,19.423534,0.018375274,0.24719666,0.004208123,0.07130202,0.0084490655,0.5140825,0.031129673,0.76396257,0.0018416456,0.08034242,0.003771679,0.67515737,0.025804542,null,null,null,null,"TWOGAUSSIANS",8,3.7157025,0.76396257,0.0018416456,0.4,0.0,0.67159104,0.025180308,0.24719666,0.004208123,0.3992913,0.023031231,0.5105161,0.032226145
375316653866487564,5868076343217289216,0.5095045,2211.0481153397973,2.1065747634024174,2.0589776E-5,17.799686,0.0141923195,0.16500002,0.0054644807,0.032570627,0.003691761,0.65570533,0.07547127,0.65309244,0.017151328,0.053587895,0.042401887,0.1427605,0.03725053,null,null,null,null,"TWOGAUSSIANS",8,30.254957,0.16500002,0.0054644807,0.1823955,0.020673862,0.65570533,0.07546688,0.65309244,0.017151328,0.3000922,0.1416823,0.14276049,0.03727638
375316653866487564,5868077099131563776,0.5833401,2183.4053679799413,3.940338978373049,6.3693906E-6,17.633682,0.011436777,0.30915564,0.0019495799,0.05016857,0.0041910647,0.39885628,0.027408525,0.80974424,0.0032178045,0.04814957,0.004183875,0.27106607,0.03237224,0.097506136,0.019044695,0.30915564,0.0019495799,"TWOGAUSSIANS_WITH_ELLIPSOIDAL_ON_ECLIPSE1",9,8.521472,0.30915564,0.0019495799,0.280944,0.023469962,0.59386647,0.020759277,0.80974424,0.0031641012,0.2696376,0.023429701,0.4660736,0.02024422
375316653866487564,5868077687582173312,0.5422813,2149.6478308923975,0.675417731846913,1.914573E-5,18.926115,0.0061464706,0.16464578,0.00856575,0.033454843,0.006090129,0.1301549,0.04650774,0.66474175,0.0026657633,0.046737645,0.0059159435,0.73545355,0.111410715,null,null,null,null,"TWOGAUSSIANS",8,3.6580596,0.66474175,0.0026657633,0.26173082,0.033129282,0.73545355,0.11141073,0.16464578,0.00856575,0.18734711,0.034104723,0.1301549,0.04650774
375316653866487564,5868077889405880448,0.5368045,2169.002321066625,2.953990883440236,7.0939604E-6,18.42376,0.007302283,0.28593597,0.0035935417,0.07457258,0.004574688,0.2420442,0.015363955,0.7770292,0.0019531278,0.07462905,0.006251131,0.2513411,0.011014194,null,null,null,null,"TWOGAUSSIANS",8,2.4378564,0.7770292,0.0019531278,0.4,0.0,0.2498728,0.011533718,0.28593597,0.0035935417,0.4,0.0,0.24057591,0.0152887935
375316653866487564,5868078649655311360,0.5567286,2185.6236247153793,2.74305501143559,9.143877E-6,16.117126,0.010650705,0.25107673,0.0050242776,0.08172661,0.0060161334,0.29769278,0.012515923,0.7465418,0.00192737,0.08592989,0.0051953755,0.26880205,0.0072621503,null,null,null,null,"TWOGAUSSIANS",8,24.677294,0.25107673,0.0050242776,0.4,0.0,0.29159337,0.010965515,0.7465418,0.00192737,0.4,0.0,0.2627026,0.0059508607
375316653866487564,5868079641747249152,0.499134,2175.2540428685375,0.27371621893453224,1.4468573E-5,17.576487,0.010867951,0.70741194,0.0022646124,0.022437658,0.002329444,0.43310356,0.02816105,null,null,null,null,null,null,0.07086445,0.015058696,0.70741194,0.0022646124,"ONEGAUSSIAN_WITH_ELLIPSOIDAL",6,55.2749,0.70741194,0.0022646124,0.12565088,0.013044886,0.57483244,0.018525548,null,null,null,null,null,null
375316653866487564,5868080195843615744,0.49961463,2177.957743035711,1.6965956890860976,1.9229195E-5,14.6356,0.0065500536,0.2017076,0.009153303,0.014872122,0.0046068914,0.105713464,0.15353021,0.74563646,0.004981514,0.0476461,0.009137079,0.08843354,0.015281953,0.041448895,0.0083736535,0.74563646,0.004981514,"TWOGAUSSIANS_WITH_ELLIPSOIDAL_ON_ECLIPSE2",9,129.13383,0.2022776,0.0094260145,0.08328389,0.025798593,0.1825316,0.15142025,0.74563646,0.004981514,0.26681817,0.051167645,0.17133118,0.0060745943
375316653866487564,5868080225863019136,0.5539136,2179.6191982302007,2.27592742732562,9.5960795E-6,18.778059,0.011517349,0.20677987,0.0039762617,0.07154007,0.0046243086,0.39633948,0.022713315,0.7093384,0.004253081,0.07813351,0.0053400714,0.4158347,0.010980541,null,null,null,null,"TWOGAUSSIANS",8,3.010464,0.7093384,0.004253081,0.4,0.0,0.4129413,0.010497472,0.20677987,0.0039762617,0.4,0.016189666,0.3934461,0.022651237
375316653866487564,5868080470721006464,0.48074085,2160.81608363786,1.1582904830879401,2.0721096E-5,18.1145,0.003285376,0.2620002,0.006143308,0.041647125,0.006117203,0.07316418,0.018072827,0.7554286,0.0031185828,0.044419844,0.004217792,0.13680531,0.0049484177,null,null,null,null,"TWOGAUSSIANS",8,3.7101157,0.7554286,0.0031185828,0.24875113,0.023619633,0.13680531,0.0049484163,0.2620002,0.006143308,0.2332239,0.034256335,0.07316418,0.018072829
375316653866487564,5868082085628774912,0.60309666,2153.612251956208,0.6354302634826131,1.961959E-5,14.455321,4.3925786E-4,0.47341678,8.0800695E-5,0.032655306,2.5113154E-4,0.10534522,3.94743E-4,null,null,null,null,null,null,null,null,null,null,"ONEGAUSSIAN",5,4.568264,0.47341678,8.0800695E-5,0.1828697,0.0014063367,0.10534522,0.0,null,null,null,null,null,null
375316653866487564,5868082562325017728,0.49064663,2163.450406083842,2.456450471964126,4.7341287E-5,18.311726,0.0077412906,0.28750926,0.028125985,0.029039519,0.030816577,0.3632085,3.57693408E8,0.77985334,0.0031465818,0.017276397,0.0037906733,0.19924128,0.025220904,0.02635767,0.0137297455,0.28750926,0.028125985,"TWOGAUSSIANS_WITH_ELLIPSOIDAL_ON_ECLIPSE1",9,11.444176,0.28750926,0.028125985,0.1626213,0.17257282,0.41592383,3.57693408E8,0.77990335,0.0031134414,0.09674782,0.021227771,0.2518355,0.023374835
375316653866487564,5868082600982848512,0.467797,2184.7049457414328,0.899108328622511,2.1153359E-5,18.9211,0.018050488,0.42790225,0.00450821,0.035014875,0.0050825817,0.7503045,0.105298944,0.82140696,0.0043567116,0.025756663,0.0031211916,0.1316517,0.03247609,null,null,null,null,"TWOGAUSSIANS",8,26.489408,0.42790225,0.00450821,0.1960833,0.028462457,0.7503045,0.105298944,0.82140696,0.0043567116,0.14423731,0.017478675,0.1316517,0.03247609
375316653866487564,5868082734123937152,0.5226002,2167.4733241810072,3.7889839080226424,1.1713816E-5,18.565807,0.011296877,0.19409546,0.0057166135,0.100339204,0.0078916075,0.24328335,0.01272462,0.67406094,0.0037023365,0.08866876,0.007861119,0.21872945,0.009387816,null,null,null,null,"TWOGAUSSIANS",8,1.8264261,0.19409546,0.0057166135,0.4,0.0,0.2327921,0.009579997,0.67406094,0.0037023365,0.4,0.0,0.20824108,0.008334569
375316653866487564,5868082807183737344,0.4739689,2171.71749576722,2.5447250925589704,1.9462186E-5,18.987942,0.057135876,0.22008917,0.0067948634,0.096615896,0.020276133,0.32083616,0.055192266,0.73307747,0.006124294,0.104464374,0.022642413,0.30173454,0.046733607,null,null,null,null,"TWOGAUSSIANS",8,5.5251274,0.22007917,0.0068017584,0.4,0.0,0.2968736,0.04355092,0.73307747,0.006123306,0.4,0.0,0.27776572,0.030063255
