Gaia/vari_eclipsing_binary/VariEclipsingBinary_687481-687639.csv
# %ECSV 1.0
# ---
# delimiter: ','
# meta: !!omap
# - RELEASE: Gaia DR3
# - TABLE: vari_eclipsing_binary
# - DESCRIPTION: >
#     This table describes the properties of the eclipsing binaries resulting from the variability analysis. 
# - CITATION: >
#     How to cite and acknowledge Gaia: 
#     https://gea.esac.esa.int/archive/documentation/credits.html 
# - KNOWN_ISSUES: >
#     Known issues: 
#     https://www.cosmos.esa.int/web/gaia-users/known-issues 
# - DOCUMENTATION: >
#     Tutorials and documentation: 
#     https://www.cosmos.esa.int/web/gaia-users/archive 
# datatype:
# - 
#   name: solution_id
#   datatype: int64
#   description: Solution Identifier
#   meta:
#     ucd: meta.version
# - 
#   name: source_id
#   datatype: int64
#   description: Unique source identifier
#   meta:
#     ucd: meta.id;meta.main
# - 
#   name: global_ranking
#   datatype: float32
#   description: Number between 0 (worst) and 1 (best)
#   meta:
#     ucd: stat.param
# - 
#   name: reference_time
#   datatype: float64
#   unit: d
#   description: Reference time used for the geometric model fit
#   meta:
#     ucd: time.epoch
# - 
#   name: frequency
#   datatype: float64
#   unit: d**-1
#   description: Frequency of geometric model of the eclipsing binary light curve
#   meta:
#     ucd: src.orbital
# - 
#   name: frequency_error
#   datatype: float32
#   unit: d**-1
#   description: "Uncertainty of \\texttt{frequency}"
#   meta:
#     ucd: stat.error
# - 
#   name: geom_model_reference_level
#   datatype: float32
#   unit: mag
#   description: Magnitude reference level of geometric model
#   meta:
#     ucd: phot.mag;em.opt
# - 
#   name: geom_model_reference_level_error
#   datatype: float32
#   unit: mag
#   description: "Uncertainty of \\texttt{geomModelReferenceLevel}"
#   meta:
#     ucd: stat.error;phot.mag;em.opt
# - 
#   name: geom_model_gaussian1_phase
#   datatype: float32
#   description: Phase of the Gaussian 1 component
#   meta:
#     ucd: time.phase
# - 
#   name: geom_model_gaussian1_phase_error
#   datatype: float32
#   description: "Uncertainty of \\texttt{geomModelGaussian1Phase}"
#   meta:
#     ucd: stat.error;time.phase
# - 
#   name: geom_model_gaussian1_sigma
#   datatype: float32
#   description: "Standard deviation [phase] of Gaussian 1 component"
#   meta:
#     ucd: stat.stdev
# - 
#   name: geom_model_gaussian1_sigma_error
#   datatype: float32
#   description: "Uncertainty of \\texttt{geomModelGaussian1Sigma}"
#   meta:
#     ucd: stat.error
# - 
#   name: geom_model_gaussian1_depth
#   datatype: float32
#   unit: mag
#   description: Magnitude depth of Gaussian 1 component
#   meta:
#     ucd: src.var.amplitude
# - 
#   name: geom_model_gaussian1_depth_error
#   datatype: float32
#   unit: mag
#   description: "Uncertainty of \\texttt{geomModelGaussian1Depth}"
#   meta:
#     ucd: stat.error;src.var.amplitude
# - 
#   name: geom_model_gaussian2_phase
#   datatype: float32
#   description: Phase of Gaussian 2 component
#   meta:
#     ucd: time.phase
# - 
#   name: geom_model_gaussian2_phase_error
#   datatype: float32
#   description: "Uncertainty of \\texttt{geomModelGaussian2Phase}"
#   meta:
#     ucd: stat.error;time.phase
# - 
#   name: geom_model_gaussian2_sigma
#   datatype: float32
[...]
#   datatype: float32
#   description: "Secondary eclipse: uncertainty of \\texttt{derivedSecondaryEclDuration}"
#   meta:
#     ucd: stat.error;time.duration
# - 
#   name: derived_secondary_ecl_depth
#   datatype: float32
#   unit: mag
#   description: "Secondary eclipse: depth"
#   meta:
#     ucd: src.var.amplitude
# - 
#   name: derived_secondary_ecl_depth_error
#   datatype: float32
#   unit: mag
#   description: "Secondary eclipse: uncertainty of \\texttt{derivedSecondaryEclDepth}"
#   meta:
#     ucd: stat.error;src.var.amplitude
solution_id,source_id,global_ranking,reference_time,frequency,frequency_error,geom_model_reference_level,geom_model_reference_level_error,geom_model_gaussian1_phase,geom_model_gaussian1_phase_error,geom_model_gaussian1_sigma,geom_model_gaussian1_sigma_error,geom_model_gaussian1_depth,geom_model_gaussian1_depth_error,geom_model_gaussian2_phase,geom_model_gaussian2_phase_error,geom_model_gaussian2_sigma,geom_model_gaussian2_sigma_error,geom_model_gaussian2_depth,geom_model_gaussian2_depth_error,geom_model_cosine_half_period_amplitude,geom_model_cosine_half_period_amplitude_error,geom_model_cosine_half_period_phase,geom_model_cosine_half_period_phase_error,model_type,num_model_parameters,reduced_chi2,derived_primary_ecl_phase,derived_primary_ecl_phase_error,derived_primary_ecl_duration,derived_primary_ecl_duration_error,derived_primary_ecl_depth,derived_primary_ecl_depth_error,derived_secondary_ecl_phase,derived_secondary_ecl_phase_error,derived_secondary_ecl_duration,derived_secondary_ecl_duration_error,derived_secondary_ecl_depth,derived_secondary_ecl_depth_error
[from data line 223]
375316653866487564,6047955071129504384,0.513767,2214.837750659926,2.6582088078505457,1.26120185E-5,18.667841,0.013267888,0.2969527,0.0049248277,0.09057568,0.0134955775,0.22366208,0.0183448,0.7906152,0.004264753,0.09497442,0.010265606,0.23467,0.014019528,null,null,null,null,"TWOGAUSSIANS",8,3.6331732,0.7906152,0.004264753,0.4,0.0,0.22359921,0.01371958,0.2969527,0.0049248277,0.4,0.0,0.21259166,0.02187822
375316653866487564,6047955453387978752,0.5265754,2236.0599357069327,0.5053808796940222,3.5481095E-5,15.930582,0.0019070224,0.23164123,0.0011596194,0.023321843,0.0014992916,0.14696065,0.01109003,0.7287947,0.015336255,0.013275889,0.005791196,0.020006858,0.014575251,0.011000597,0.0026578172,0.7287947,0.015336255,"TWOGAUSSIANS_WITH_ELLIPSOIDAL_ON_ECLIPSE2",9,18.593311,0.23162124,0.0011357471,0.13060232,0.008396033,0.16895482,0.011420887,0.7287947,0.015336255,0.07434498,0.032430697,0.042008024,0.015088422
375316653866487564,6047956342439788288,0.49348143,2230.0905270357725,3.6394643303831145,3.4807606E-5,18.44556,0.42748883,0.3008087,0.008148298,0.12737952,0.06420492,0.2823195,0.38915285,0.8076905,0.008401128,0.13173543,0.09648488,0.21866748,0.41483825,null,null,null,null,"TWOGAUSSIANS",8,4.438351,0.30070868,0.008029575,0.4,0.0,0.20974953,0.014040103,0.8078205,0.007907757,0.4,0.0,0.14602605,0.01094561
375316653866487564,6047959129879867136,0.6262948,2201.578500152704,1.4417898333070964,4.8793804E-6,14.348557,0.0060671587,0.23761216,0.0013997117,0.08889676,0.0023678963,0.3893085,0.0073402487,0.7550072,0.0023650029,0.10127552,0.004837478,0.18972445,0.0061333724,null,null,null,null,"TWOGAUSSIANS",8,46.570724,0.23761216,0.0013997117,0.4,0.0,0.37640494,0.006378548,0.7550072,0.0023650029,0.4,0.0,0.17681842,0.005141755
375316653866487564,6047963699716975616,0.50072145,2220.4755475230327,3.176980165316967,2.9094448E-5,19.779083,0.01571771,0.24941514,0.006966997,0.0731314,0.010516521,0.3029707,0.022977088,0.73611224,0.005915235,0.08392335,0.007244333,0.32790312,0.018691884,null,null,null,null,"TWOGAUSSIANS",8,2.204813,0.73611224,0.005915235,0.4,0.0,0.32488137,0.017574057,0.24941514,0.006966997,0.4,0.016160473,0.29994896,0.022753092
375316653866487564,6047965069813222912,0.5186442,2256.343991978707,1.054019116972503,1.4542131E-5,12.155422,0.009298737,0.20489186,0.004497549,0.103524685,0.016157702,0.048911873,0.008737973,0.70488137,0.005198051,0.12272867,0.019142883,0.04442734,0.008980201,null,null,null,null,"TWOGAUSSIANS",8,30.507328,0.20489186,0.004523845,0.4,0.0,0.040903814,0.0015172403,0.70488137,0.005198051,0.4,0.0,0.036398012,0.0014048435
375316653866487564,6047966169325011328,0.5779827,2255.063398377482,0.19789554309069618,4.322607E-6,17.418821,0.006024609,0.23323323,2.451174E-4,0.030137602,4.194883E-4,0.98144436,0.011267373,0.7279277,0.030672876,0.0374662,0.02306356,0.18991034,0.30564564,null,null,null,null,"TWOGAUSSIANS",8,33.739998,0.23323323,2.451174E-4,0.16877057,0.0023491345,0.98144436,0.011267373,0.7279277,0.030672876,0.2098107,0.12915593,0.18991034,0.30564564
375316653866487564,6047966757742231552,0.62276673,2233.1853506046173,1.3535860753222984,1.0043055E-5,15.859832,0.0018390263,0.24632728,0.0010872857,0.035495542,0.0032462843,0.04241237,0.0056386073,0.74142295,0.003165768,0.05935991,0.007326086,0.065123804,0.004911835,0.06648066,0.0025054452,0.24632728,0.0010872857,"TWOGAUSSIANS_WITH_ELLIPSOIDAL_ON_ECLIPSE1",9,5.338821,0.743203,0.0018229717,0.3324155,0.041026082,0.19799745,0.0037306545,0.24632728,0.0010872857,0.19877502,0.018179193,0.1753665,0.0040115337
375316653866487564,6047966757742233728,0.5949478,2225.7043974213802,1.1687369009619204,7.636291E-6,17.009567,0.0054567326,0.26538938,0.0010771842,0.02698455,0.0011149901,0.70658445,0.044901643,0.7637522,0.0023042853,0.025515666,0.0020753061,0.6727275,0.025112605,0.011261272,0.0070893886,0.26538938,0.0010771842,"TWOGAUSSIANS_WITH_ELLIPSOIDAL_ON_ECLIPSE1",9,36.25383,0.26538938,0.0010771842,0.15111348,0.0062439446,0.729107,0.045458112,0.7637522,0.0023042853,0.14288773,0.011621715,0.69524765,0.022941524
375316653866487564,6047967513656177408,0.5440962,2226.11143672505,3.4705120605531365,1.5813586E-5,17.507683,0.012346976,0.22527415,0.0025885163,0.091619395,0.006501111,0.23383139,0.010949302,0.7291314,0.004268976,0.0957147,0.007002798,0.23719549,0.01339142,null,null,null,null,"TWOGAUSSIANS",8,7.7345114,0.7291314,0.004268976,0.4,0.0,0.22454412,0.0105801085,0.22527415,0.0025885163,0.4,0.0,0.22118044,0.006675432
375316653866487564,6047970709112018176,0.4946456,2260.394899736212,1.971495641772324,2.181258E-5,19.223282,0.018347505,0.1847844,0.011202622,0.07769542,0.015102228,0.19828817,0.017463919,0.6836542,0.0038375244,0.07609221,0.00815577,0.31879205,0.018509652,null,null,null,null,"TWOGAUSSIANS",8,3.851113,0.6836542,0.0038375244,0.4,6.445516E-4,0.31631917,0.016802607,0.1847844,0.011202622,0.4,0.007983342,0.1958153,0.015807113
375316653866487564,6047972354078215680,0.5646885,2235.190930604254,2.6367306481472643,2.3283726E-5,18.874378,0.0056373365,0.25449523,0.00905609,0.06693223,0.009404646,0.2015231,0.021153398,0.7735691,0.0015346002,0.036724724,0.0018640918,0.8342992,0.047749788,null,null,null,null,"TWOGAUSSIANS",8,6.4552903,0.7735691,0.0015346002,0.20565845,0.010438914,0.83429694,0.047750495,0.25449523,0.00905609,0.3748205,0.052666016,0.20152085,0.021154614
375316653866487564,6047975755693472896,0.5801464,2223.3719576242224,1.5139790415057868,7.091219E-6,18.849909,0.004811847,0.24373259,0.001214939,0.031136163,0.0023362148,0.28565097,0.024045192,0.73901856,0.0012293984,0.030584883,0.0011037339,0.6499518,0.016458541,0.027135568,0.0088900365,0.24373259,0.001214939,"TWOGAUSSIANS_WITH_ELLIPSOIDAL_ON_ECLIPSE1",9,2.8728027,0.73904854,0.0012157937,0.17127535,0.0061809095,0.70417553,0.014308498,0.24373259,0.001214939,0.17436251,0.013082803,0.33992198,0.025743797
375316653866487564,6047978336973844736,0.57624865,2230.1884725618816,2.8064779593745555,8.816533E-6,16.985758,0.010212817,0.20713794,0.0028975774,0.103104554,0.0074106175,0.1527195,0.009729092,0.7027497,0.0030700357,0.11266504,0.008243533,0.14685191,0.009897182,null,null,null,null,"TWOGAUSSIANS",8,2.3632417,0.20714796,0.0029036026,0.4,0.0,0.13328908,0.004616113,0.7027497,0.0030700357,0.4,0.0,0.12740818,0.0034859688
375316653866487564,6047982253984079488,0.43043593,2247.2380459375,0.3076608629767458,5.5663895E-5,17.77497,0.007512208,0.3810007,0.062389474,0.028832717,0.03075372,1.5440471,134580.5,0.7310673,0.005715133,0.02641886,0.005069724,0.2702528,0.06102032,null,null,null,null,"TWOGAUSSIANS",8,10.030565,0.3810007,0.062389474,0.16146322,0.17222084,1.5440471,134580.5,0.7310673,0.005715133,0.14794561,0.028390454,0.2702528,0.06102032
375316653866487564,6047983761509126784,0.503841,2224.460801132292,0.4868207263919788,3.3155986E-4,18.607187,0.007848909,0.24149755,0.010662503,0.013449833,0.004000391,0.31173328,0.11979368,0.44256288,0.053500094,0.16329278,0.0888472,0.020418832,0.008207385,null,null,null,null,"TWOGAUSSIANS",8,1.8899108,0.24153756,0.01065256,0.07531907,0.022402188,0.32092655,0.11641589,0.44256288,0.053500094,0.4,0.0,0.020042863,0.0061120726
375316653866487564,6047984998466315648,0.5006572,2241.791175598755,2.858192999241657,3.9891318E-5,19.66589,0.0118200835,0.25009286,0.004404379,0.039111346,0.007987973,0.39640915,0.05660804,0.74950325,0.031402227,0.046096645,0.03530302,0.5365268,0.41843376,null,null,null,null,"TWOGAUSSIANS",8,2.3073862,0.74950325,0.031402227,0.25814122,0.14026158,0.53652674,0.4184656,0.25009286,0.004404379,0.21902353,0.044732653,0.39640912,0.05661062
375316653866487564,6047986269769201152,0.49167672,2217.3907540132404,0.050586636606578125,1.5829413E-5,19.059002,0.003060379,0.369191,0.008908305,0.013836293,0.014451361,0.16639583,0.033783283,0.79311836,0.06940114,0.028919265,0.018858828,4.0766187,213.27382,null,null,null,null,"TWOGAUSSIANS",8,1.7804643,0.79311836,0.06940114,0.16194788,0.10560944,4.0766187,213.27382,0.369191,0.008908305,0.07748324,0.080927625,0.16639583,0.033783283
375316653866487564,6047990770895092096,0.4574856,2213.96724458691,1.1037444359025925,6.6294546E-5,17.865585,0.005466592,0.42263925,0.013258478,0.022278734,0.005351998,0.35723346,0.15126164,0.88537055,0.01473259,0.056883648,0.023201836,0.035790887,0.011335074,null,null,null,null,"TWOGAUSSIANS",8,7.413084,0.42263925,0.013258478,0.12476091,0.029971188,0.35723346,0.15126164,0.88537055,0.01473259,0.31854844,0.12993029,0.035790887,0.011335075
375316653866487564,6047992351443880448,0.62009054,2237.974160374157,2.91396605518565,5.5402584E-6,18.101435,0.0098042125,0.25733665,0.0018601615,0.093095444,0.003965555,0.3591982,0.010728478,0.7555383,0.0022652093,0.103359275,0.0051800977,0.29926887,0.009263572,null,null,null,null,"TWOGAUSSIANS",8,1.4622465,0.25733665,0.0018601615,0.4,0.0,0.33428445,0.010388502,0.7555383,0.0022652093,0.4,0.0,0.27435052,0.0050541502
375316653866487564,6047992763760789632,0.5198319,2221.3322681936693,3.1883364093366526,2.3470528E-5,19.26317,0.044125862,0.24530219,0.004963023,0.09161465,0.0146399,0.4754447,0.03617619,0.7494036,0.0042698877,0.09976704,0.014685264,0.41213548,0.04633482,null,null,null,null,"TWOGAUSSIANS",8,3.014719,0.24530219,0.004963023,0.4,0.0,0.44801044,0.033471856,0.7494036,0.0042698877,0.4,0.0,0.3846986,0.042409804
375316653866487564,6047995722991982720,0.5931729,2210.195747208813,1.6933937009679596,9.356364E-6,18.859804,0.0075544827,0.25027937,9.3572534E-4,0.037235983,9.945978E-4,0.8497316,0.021972656,0.7591129,0.0044537564,0.050991397,0.0047526443,0.17147502,0.02193093,null,null,null,null,"TWOGAUSSIANS",8,3.518776,0.25027937,9.3572534E-4,0.20852152,0.0055697476,0.84973156,0.021972654,0.7591129,0.0044537564,0.28555182,0.026614808,0.17147498,0.021930939
375316653866487564,6047998403052200192,0.4890864,2231.433172244677,0.41423483566505254,6.776213E-5,18.356075,0.0074077356,0.27555573,0.012178217,0.025371274,0.012757757,0.13580793,0.06237159,0.7301001,0.0077418583,0.006579988,0.0155917145,4.808808,11.075815,0.021759167,0.0135228485,0.27555573,0.012178217,"TWOGAUSSIANS_WITH_ELLIPSOIDAL_ON_ECLIPSE1",9,16.406979,0.7301001,0.0075696954,0.036847934,0.0873136,4.8488717,11.07241,0.27555573,0.012178217,0.14207913,0.07144344,0.17932627,0.060360435
375316653866487564,6047998849738946304,0.57157546,2226.668772388989,2.150703688737863,1.1259151E-5,17.309494,0.0066257943,0.22273017,0.0032950267,0.08393718,0.0060968394,0.1913572,0.009038026,0.7167846,0.0038356953,0.09093069,0.006921283,0.16357864,0.007344601,null,null,null,null,"TWOGAUSSIANS",8,3.0414171,0.22273017,0.0032950267,0.4,0.0,0.18600036,0.009649863,0.7167846,0.0038356953,0.4,0.0,0.1582217,0.006958601
375316653866487564,6047999330765196800,0.4530474,2258.1326894635154,0.052087296635440414,1.4493648E-5,19.65296,0.066434234,0.25569296,0.01632187,0.15867661,0.026184894,0.5467082,0.09246514,0.8567285,0.0072036176,0.06127379,0.006610787,0.5918773,0.07585445,null,null,null,null,"TWOGAUSSIANS",8,5.5133476,0.85906845,0.0060538095,0.34313324,0.037020408,0.5915017,0.07867255,0.25569296,0.01632187,0.4,0.0,0.5223218,0.08843304
375316653866487564,6048000499009490176,0.53031814,2181.5048405727543,4.118259683692158,1.7214881E-4,19.179445,0.0045911027,0.41904157,0.007551627,0.021599097,0.020460194,1.2637018,1.2109979,0.6790202,0.011024198,0.025853023,0.019251682,0.06648773,0.024368089,null,null,null,null,"TWOGAUSSIANS",8,1.8666912,0.41904157,0.007551627,0.120954946,0.114577085,1.2637018,1.2109979,0.6790202,0.011024198,0.14477693,0.10780942,0.06648773,0.024368089
375316653866487564,6048005171920202496,0.5065092,2198.200843309498,3.870162160865635,1.3147214E-5,19.602592,0.013844732,0.12336521,0.0041832733,0.08303894,0.005064514,0.4072705,0.026283544,0.6187709,0.0029491072,0.074162185,0.004241663,0.45806566,0.03178901,null,null,null,null,"TWOGAUSSIANS",8,2.0616415,0.6187709,0.0029491072,0.4,0.0,0.453092,0.032367446,0.12336521,0.0041832733,0.4,0.0,0.40229684,0.026385795
375316653866487564,6048006301497827712,0.55564946,2177.1710157038583,0.27401527126852226,1.4470532E-4,19.096151,0.006433884,0.29486445,0.008284835,0.029047385,0.0053152507,0.6418541,0.104634136,0.6214278,0.04341646,0.11582748,0.044595823,0.022584593,0.009186341,null,null,null,null,"TWOGAUSSIANS",8,1.254816,0.29487443,0.008280802,0.16266535,0.029765405,0.64227444,0.104845636,0.6214278,0.04341646,0.4,0.0,0.022580523,0.009171566
375316653866487564,6048015406827909248,0.47650066,2202.799208584618,2.405195943241787,4.8451166E-5,18.341372,0.016622908,0.22715317,0.008901007,0.110998414,0.021210687,0.07690356,0.01617684,0.71389204,0.010156021,0.09634621,0.022074783,0.13520552,0.013680816,null,null,null,null,"TWOGAUSSIANS",8,1.6260867,0.71389204,0.010156021,0.4,0.0,0.1260085,0.020513901,0.22715317,0.008895313,0.4,0.0,0.067700125,0.0046484144
375316653866487564,6048017262253811456,0.56427896,2206.4988188314555,3.6244783265170515,2.3073699E-5,18.900116,0.010843996,0.25727513,0.007756829,0.06869464,0.00612135,0.4299356,0.019553848,0.75427765,0.0027581535,0.071206495,0.0058065476,0.5037901,0.049947485,null,null,null,null,"TWOGAUSSIANS",8,3.1069791,0.75427765,0.0027581535,0.39875636,0.01190032,0.5023365,0.050904494,0.25727513,0.007756829,0.38469,0.02398785,0.4284821,0.018958744
375316653866487564,6048019637373005440,0.45840812,2265.4510772985986,3.51727610684415,5.8706588E-5,18.310505,0.03307814,0.17484203,0.0056168456,0.102964915,0.013664312,0.31223345,0.030794173,0.6910165,0.008296245,0.09708322,0.015912995,0.28577563,0.032372583,null,null,null,null,"TWOGAUSSIANS",8,17.396317,0.17484203,0.005616716,0.4,0.0,0.29080793,0.022214549,0.6910265,0.008306298,0.4,0.0,0.26435488,0.018103134
375316653866487564,6048019976676713344,0.551315,2232.654230693739,2.9409275068629763,2.3709912E-5,18.763454,0.0079948045,0.1349592,0.0023368695,0.095124,0.0040491917,0.2508472,0.008173103,0.64435965,0.0032234073,0.085946165,0.005176991,0.20578147,0.009502566,null,null,null,null,"TWOGAUSSIANS",8,1.4871857,0.1349592,0.0023368695,0.4,0.0,0.24213015,0.0061770487,0.64435965,0.0032234073,0.4,0.0,0.197065,0.0084126815
375316653866487564,6048024306004310656,0.55340683,2233.8656277799846,3.7424152453248483,1.972547E-5,19.035246,0.010059401,0.23993017,0.0015993848,0.08163609,0.0036182206,0.3641672,0.009926438,0.74017346,0.0040766615,0.0857476,0.007513467,0.36969277,0.032508817,null,null,null,null,"TWOGAUSSIANS",8,2.039272,0.74017346,0.0040766615,0.4,0.0,0.3612587,0.035228252,0.23993017,0.0015993848,0.4,0.0,0.35573313,0.008293364
375316653866487564,6048024443441800832,0.5351132,2241.568637003873,1.3105839569374302,2.2605487E-5,17.716076,0.0016040218,0.22773544,0.0030162416,0.043814994,0.0028561132,0.16543178,0.013413351,0.7126698,0.03445223,0.023396691,0.015358296,0.10725857,0.06340133,null,null,null,null,"TWOGAUSSIANS",8,2.225522,0.22773544,0.0030162416,0.24536398,0.015994234,0.16543178,0.013413351,0.7126698,0.03445223,0.13102147,0.08600646,0.10725857,0.06340133
375316653866487564,6048024653904129152,0.4980712,2252.353537675892,3.1268359021117114,1.9706236E-5,18.9419,0.028912297,0.25554326,0.0051606847,0.11133894,0.017109726,0.19603062,0.02427388,0.76063687,0.0043172427,0.10661448,0.01318452,0.21521312,0.027022861,null,null,null,null,"TWOGAUSSIANS",8,1.79708,0.7606469,0.0043184855,0.4,0.0,0.1872619,0.009282627,0.25554326,0.0051588747,0.4,0.0,0.16807008,0.01156847
375316653866487564,6048025993933332864,0.6171118,2231.44844794332,3.3148181983227514,1.2027152E-5,18.43476,0.0072930837,0.23193835,0.0015479818,0.055122454,0.0030974175,0.4570938,0.02237814,0.7292042,0.0027053657,0.043507617,0.0048512844,0.35066852,0.02035741,0.11066811,0.010537793,0.23193835,0.0015479818,"TWOGAUSSIANS_WITH_ELLIPSOIDAL_ON_ECLIPSE1",9,3.1665556,0.23193835,0.0015479818,0.30868575,0.017345538,0.67841434,0.019886551,0.72944415,0.002467345,0.24364266,0.027167194,0.57192934,0.018936662
