Gaia/vari_eclipsing_binary/VariEclipsingBinary_774450-776043.csv
# %ECSV 1.0
# ---
# delimiter: ','
# meta: !!omap
# - RELEASE: Gaia DR3
# - TABLE: vari_eclipsing_binary
# - DESCRIPTION: >
#     This table describes the properties of the eclipsing binaries resulting from the variability analysis. 
# - CITATION: >
#     How to cite and acknowledge Gaia: 
#     https://gea.esac.esa.int/archive/documentation/credits.html 
# - KNOWN_ISSUES: >
#     Known issues: 
#     https://www.cosmos.esa.int/web/gaia-users/known-issues 
# - DOCUMENTATION: >
#     Tutorials and documentation: 
#     https://www.cosmos.esa.int/web/gaia-users/archive 
# datatype:
# - 
#   name: solution_id
#   datatype: int64
#   description: Solution Identifier
#   meta:
#     ucd: meta.version
# - 
#   name: source_id
#   datatype: int64
#   description: Unique source identifier
#   meta:
#     ucd: meta.id;meta.main
# - 
#   name: global_ranking
#   datatype: float32
#   description: Number between 0 (worst) and 1 (best)
#   meta:
#     ucd: stat.param
# - 
#   name: reference_time
#   datatype: float64
#   unit: d
#   description: Reference time used for the geometric model fit
#   meta:
#     ucd: time.epoch
# - 
#   name: frequency
#   datatype: float64
#   unit: d**-1
#   description: Frequency of geometric model of the eclipsing binary light curve
#   meta:
#     ucd: src.orbital
# - 
#   name: frequency_error
#   datatype: float32
#   unit: d**-1
#   description: "Uncertainty of \\texttt{frequency}"
#   meta:
#     ucd: stat.error
# - 
#   name: geom_model_reference_level
#   datatype: float32
#   unit: mag
#   description: Magnitude reference level of geometric model
#   meta:
#     ucd: phot.mag;em.opt
# - 
#   name: geom_model_reference_level_error
#   datatype: float32
#   unit: mag
#   description: "Uncertainty of \\texttt{geomModelReferenceLevel}"
#   meta:
#     ucd: stat.error;phot.mag;em.opt
# - 
#   name: geom_model_gaussian1_phase
#   datatype: float32
#   description: Phase of the Gaussian 1 component
#   meta:
#     ucd: time.phase
# - 
#   name: geom_model_gaussian1_phase_error
#   datatype: float32
#   description: "Uncertainty of \\texttt{geomModelGaussian1Phase}"
#   meta:
#     ucd: stat.error;time.phase
# - 
#   name: geom_model_gaussian1_sigma
#   datatype: float32
#   description: "Standard deviation [phase] of Gaussian 1 component"
#   meta:
#     ucd: stat.stdev
# - 
#   name: geom_model_gaussian1_sigma_error
#   datatype: float32
#   description: "Uncertainty of \\texttt{geomModelGaussian1Sigma}"
#   meta:
#     ucd: stat.error
# - 
#   name: geom_model_gaussian1_depth
#   datatype: float32
#   unit: mag
#   description: Magnitude depth of Gaussian 1 component
#   meta:
#     ucd: src.var.amplitude
# - 
#   name: geom_model_gaussian1_depth_error
#   datatype: float32
#   unit: mag
#   description: "Uncertainty of \\texttt{geomModelGaussian1Depth}"
#   meta:
#     ucd: stat.error;src.var.amplitude
# - 
#   name: geom_model_gaussian2_phase
#   datatype: float32
#   description: Phase of Gaussian 2 component
#   meta:
#     ucd: time.phase
# - 
#   name: geom_model_gaussian2_phase_error
#   datatype: float32
#   description: "Uncertainty of \\texttt{geomModelGaussian2Phase}"
#   meta:
#     ucd: stat.error;time.phase
# - 
#   name: geom_model_gaussian2_sigma
#   datatype: float32
[...]
#   datatype: float32
#   description: "Secondary eclipse: uncertainty of \\texttt{derivedSecondaryEclDuration}"
#   meta:
#     ucd: stat.error;time.duration
# - 
#   name: derived_secondary_ecl_depth
#   datatype: float32
#   unit: mag
#   description: "Secondary eclipse: depth"
#   meta:
#     ucd: src.var.amplitude
# - 
#   name: derived_secondary_ecl_depth_error
#   datatype: float32
#   unit: mag
#   description: "Secondary eclipse: uncertainty of \\texttt{derivedSecondaryEclDepth}"
#   meta:
#     ucd: stat.error;src.var.amplitude
solution_id,source_id,global_ranking,reference_time,frequency,frequency_error,geom_model_reference_level,geom_model_reference_level_error,geom_model_gaussian1_phase,geom_model_gaussian1_phase_error,geom_model_gaussian1_sigma,geom_model_gaussian1_sigma_error,geom_model_gaussian1_depth,geom_model_gaussian1_depth_error,geom_model_gaussian2_phase,geom_model_gaussian2_phase_error,geom_model_gaussian2_sigma,geom_model_gaussian2_sigma_error,geom_model_gaussian2_depth,geom_model_gaussian2_depth_error,geom_model_cosine_half_period_amplitude,geom_model_cosine_half_period_amplitude_error,geom_model_cosine_half_period_phase,geom_model_cosine_half_period_phase_error,model_type,num_model_parameters,reduced_chi2,derived_primary_ecl_phase,derived_primary_ecl_phase_error,derived_primary_ecl_duration,derived_primary_ecl_duration_error,derived_primary_ecl_depth,derived_primary_ecl_depth_error,derived_secondary_ecl_phase,derived_secondary_ecl_phase_error,derived_secondary_ecl_duration,derived_secondary_ecl_duration_error,derived_secondary_ecl_depth,derived_secondary_ecl_depth_error
[from data line 35]
375316653866487564,6813782928670871552,0.60469174,2314.645284359385,0.40873533632849135,2.4039085E-5,9.51872,8.629765E-4,0.3346216,0.0067984518,0.015414667,0.0042880457,0.046610683,0.013991345,0.83356994,0.0043037864,0.014545003,0.0025408224,0.20142263,0.034506276,0.005489752,9.3909283E-4,0.3346216,0.0067984518,"TWOGAUSSIANS_WITH_ELLIPSOIDAL_ON_ECLIPSE1",9,13.014398,0.83356994,0.0043037864,0.08145202,0.014228605,0.21240166,0.0345557,0.3346216,0.0067984518,0.086322136,0.024013055,0.057590187,0.013907725
375316653866487564,6813804506586600192,0.4757819,2336.2165784045683,2.8287809931962355,5.5171437E-5,15.415401,0.0044535534,0.27002242,0.007511513,0.098212756,0.012445253,0.070762694,0.0056783054,0.76729655,0.010701488,0.069733575,0.013311604,0.061493844,0.006104935,null,null,null,null,"TWOGAUSSIANS",8,29.988005,0.27002242,0.007511513,0.4,0.0,0.06927237,0.0054570693,0.76729655,0.010701488,0.390508,0.06346118,0.060003858,0.005608118
375316653866487564,6813806808688818816,0.5397976,2260.9963442769217,1.2621330676036224,7.327231E-6,17.132832,0.012060595,0.2859584,0.03318179,0.1019197,0.039936986,0.076146886,0.050271753,0.78668535,0.009489652,0.05063363,0.0077208946,0.2674658,0.025819857,null,null,null,null,"TWOGAUSSIANS",8,11.439686,0.78668535,0.009489652,0.28354833,0.04323701,0.26650774,0.024726644,0.2859584,0.03318179,0.4,0.0,0.075187914,0.05168247
375316653866487564,6813812886067002624,0.4672976,2299.785685932838,0.7494912666445284,5.2315354E-5,18.526894,0.016123023,0.2968504,0.035515297,0.14231803,0.061965097,0.050987568,0.014152688,0.83628744,0.0057016984,0.023393502,0.0072455397,0.19950022,0.03389819,null,null,null,null,"TWOGAUSSIANS",8,4.892654,0.83629745,0.0056887055,0.13100362,0.040575024,0.19934438,0.033953123,0.2968504,0.035515297,0.4,0.0,0.050521754,0.012673776
375316653866487564,6813841129772552832,0.6442987,2312.1321347087996,3.7044885911206125,1.0855721E-5,15.443727,0.033463154,0.23792455,0.00863174,0.044191096,0.013161153,0.5740564,0.109070934,0.73906827,0.0023175147,0.044065285,0.005873933,0.41469428,0.07305817,0.13419713,0.04133806,0.23792455,0.00863174,"TWOGAUSSIANS_WITH_ELLIPSOIDAL_ON_ECLIPSE1",9,147.83572,0.23792455,0.00863174,0.24747013,0.073702455,0.8424505,0.092831776,0.73906827,0.0023164623,0.2467656,0.032894026,0.68307453,0.016949093
375316653866487564,6813841752542780288,0.73979753,2298.275141075548,0.8535073920810755,1.0646671E-6,15.138364,5.428343E-4,0.7091716,1.3082441E-6,0.020723917,2.0244277E-5,3.1795676,0.00895135,null,null,null,null,null,null,null,null,null,null,"ONEGAUSSIAN",5,2.975373,0.7091716,1.3082441E-6,0.11605393,1.13367954E-4,3.1795676,0.0,null,null,null,null,null,null
375316653866487564,6813874664877523328,0.66289943,2244.1592779089056,3.849099922609595,4.193666E-6,13.720883,0.010680228,0.22152992,0.00490374,0.040647805,0.0053237206,0.48286235,0.04396541,0.72441894,0.0014969346,0.047757898,0.0027223162,0.60900176,0.02414381,0.14471532,0.012117964,0.72441894,0.0014969346,"TWOGAUSSIANS_WITH_ELLIPSOIDAL_ON_ECLIPSE2",9,128.30586,0.72441894,0.0014969346,0.26744422,0.01524497,0.89843166,0.017973121,0.22173992,0.004539538,0.22762771,0.029812835,0.7722038,0.046851676
375316653866487564,6813876039266722432,0.5692661,2248.114673534702,3.3126825070884984,9.691161E-6,16.853336,0.01815233,0.2559603,0.00422378,0.08521732,0.0071029617,0.52776307,0.061390623,0.7565772,0.0023061614,0.06838653,0.0045068967,0.517369,0.021053031,null,null,null,null,"TWOGAUSSIANS",8,34.69372,0.2559603,0.00422378,0.4,0.0,0.5226309,0.062893935,0.7565772,0.0023061614,0.38296458,0.025238622,0.51223683,0.02052293
375316653866487564,6813878208225173120,0.5614485,2251.904245771075,4.19127151531875,1.3350525E-5,15.467782,0.024579834,0.22896913,0.014565825,0.04975288,0.048844244,0.12964916,0.10851135,0.7117805,0.004646291,0.042636216,0.020955538,0.10827989,0.049200244,0.09192582,0.03511963,0.7117805,0.004646291,"TWOGAUSSIANS_WITH_ELLIPSOIDAL_ON_ECLIPSE2",9,78.15633,0.22524913,0.017914057,0.27861613,0.27352777,0.31182507,0.15301467,0.7117805,0.004646291,0.2387628,0.11735102,0.29213122,0.04259856
375316653866487564,6813901126170429184,0.5099073,2325.2743297096677,3.610947429480346,3.3718075E-5,19.772789,0.011996895,0.21240649,0.003471776,0.043704145,0.0023011088,0.6819885,0.020610042,0.71748626,0.009253015,0.049380273,0.007024056,0.27414784,0.026725195,null,null,null,null,"TWOGAUSSIANS",8,3.0913322,0.21240649,0.003471776,0.24474321,0.012886209,0.6819882,0.02060984,0.71748626,0.009253015,0.27652955,0.039334714,0.27414748,0.026725108
375316653866487564,6813945896909830784,0.6213179,2270.4734373015913,1.9185297266995291,7.140115E-6,15.53587,0.00744361,0.21998256,0.0034368613,0.055926654,0.014958919,0.012575133,0.020083379,0.71526366,0.005465767,0.058113817,0.00516835,0.24633098,0.019362893,0.071133986,0.008593109,0.21998256,0.0034368613,"TWOGAUSSIANS_WITH_ELLIPSOIDAL_ON_ECLIPSE1",9,15.377304,0.7158937,0.0043079625,0.32543737,0.02894276,0.38847342,0.020276736,0.21998256,0.0034368613,0.31318927,0.08376995,0.15482593,0.0069721793
375316653866487564,6814012314283575040,0.5690217,2352.3632404205223,2.402046261771848,2.654323E-5,18.288977,0.0025366754,0.16197364,0.014968493,0.029606592,0.03580457,0.35200113,56.776394,0.7126947,0.03848998,0.04245618,0.014331385,0.47144383,0.2419542,null,null,null,null,"TWOGAUSSIANS",8,2.5134096,0.7126947,0.03848998,0.2377546,0.080255754,0.47144383,0.2419542,0.16197364,0.014968493,0.16579692,0.20050558,0.35200113,56.776394
375316653866487564,6814050591032754048,0.43899843,2384.2286365586547,2.505445254582409,3.1240215E-5,17.315342,0.0035388337,0.1773218,0.0054950584,0.023504876,0.0061172396,0.089406446,0.013205034,null,null,null,null,null,null,0.032780904,0.005788115,0.1773218,0.0054950584,"ONEGAUSSIAN_WITH_ELLIPSOIDAL",6,18.931732,0.1773218,0.0054950584,0.1316273,0.03425654,0.15496823,0.011852619,null,null,null,null,null,null
375316653866487564,6814175106428839936,0.5499972,2353.704699056317,4.154298510506591,7.678868E-6,18.482262,0.0031789984,0.4828149,0.03369387,0.05817546,0.055771314,0.020171013,0.09636031,0.7559259,7.4769E-5,0.0104801515,2.1074436E-4,0.78856933,0.015052219,null,null,null,null,"TWOGAUSSIANS",8,2.4209852,0.7559259,7.4769E-5,0.05868885,0.0011801685,0.7885696,0.015041032,0.4828149,0.03369387,0.32578257,0.29177606,0.020171013,0.09636031
375316653866487564,6814297946789248512,0.5571665,2314.7528166838206,1.508604042057413,1.4323528E-5,15.66838,0.4057055,0.26059842,0.004011651,0.13918658,0.122840986,0.13310136,0.40023106,0.75742346,0.003282632,0.11773816,0.040519316,0.15383983,0.2407318,null,null,null,null,"TWOGAUSSIANS",8,7.66187,0.75742346,0.003282632,0.4,0.0,0.11278339,0.0037339018,0.26061842,0.004134235,0.4,0.0,0.09166141,0.0047489577
375316653866487564,6814386590618902656,0.47733474,2379.878305164203,3.145993815857418,1.47507835E-5,15.8384905,0.0037032708,0.2039807,0.0040959716,0.012013589,0.010684969,0.10556439,0.02629497,0.7111764,0.007087674,0.05280809,0.006815335,0.16041979,0.013635644,0.033736497,0.005853134,0.7111764,0.007087674,"TWOGAUSSIANS_WITH_ELLIPSOIDAL_ON_ECLIPSE2",9,132.37563,0.7111764,0.007087674,0.29572532,0.038165875,0.22789043,0.012869006,0.2040307,0.003781651,0.0672761,0.059835825,0.1728982,0.03218981
375316653866487564,6814462491280732288,0.6198938,2357.6149156970437,1.0719522243929227,1.4465344E-5,12.637105,0.0027558191,0.30692336,0.0011510295,0.03555149,0.0011332806,0.6753488,0.024132773,0.8154192,0.04560034,0.027610634,0.018053249,0.07858085,0.05629051,0.007449276,0.003257327,0.30692336,0.0011510295,"TWOGAUSSIANS_WITH_ELLIPSOIDAL_ON_ECLIPSE1",9,147.93967,0.30692336,0.0011510295,0.19908834,0.006346371,0.69024736,0.02543516,0.8154192,0.04560034,0.15461956,0.101098195,0.09343698,0.05792165
375316653866487564,6814502352873233024,0.4501936,2363.90407517919,0.25397529034329425,1.0644663E-6,18.524296,0.008814875,0.22360717,4.5506684E-5,0.0057664546,6.127269E-4,3.3735561,2.111073,0.48897603,0.047696758,0.040572517,0.08508864,0.07179842,2.77202534E9,0.013099754,0.011981059,0.48897603,0.047696758,"TWOGAUSSIANS_WITH_ELLIPSOIDAL_ON_ECLIPSE2",9,15.529618,0.22360717,4.5506684E-5,0.032292146,0.0034312706,3.3737996,2.1116407,0.48897603,0.047696758,0.22720608,0.28483003,0.097997874,2.77202534E9
375316653866487564,6814519051705617920,0.5376242,2339.9945969799533,2.1639813024536396,9.980597E-6,16.287197,0.012270509,0.19922882,0.0018625722,0.035573892,0.004933106,0.22481379,0.039621126,0.69475716,0.0018632421,0.036194276,0.002655795,0.73345065,0.07866495,0.020944443,0.015957726,0.19922882,0.0018625722,"TWOGAUSSIANS_WITH_ELLIPSOIDAL_ON_ECLIPSE1",9,104.67988,0.69478714,0.0018516482,0.20268793,0.014872453,0.77530664,0.08046633,0.19922882,0.0018625722,0.1992138,0.027625393,0.2667026,0.038343634
375316653866487564,6814585430425313792,0.43372232,2348.1584152457403,0.09865368771725361,1.4658666E-5,19.380411,0.0050159316,0.15918526,1.1397473E-4,0.02534098,0.0011234815,0.4174085,0.013839699,0.37256885,0.004405931,0.023538264,0.00743405,0.06916555,0.026372962,null,null,null,null,"TWOGAUSSIANS",8,3.4031951,0.15918526,1.1397473E-4,0.14190948,0.0062914966,0.4174085,0.013839699,0.37256885,0.004405931,0.13181427,0.04163068,0.06916555,0.026372962
375316653866487564,6814635423843838080,0.62316525,2335.584606313196,2.5925887068633267,4.2393503E-6,12.984281,0.00924249,0.24731208,0.0012867465,0.038442407,0.004311663,0.3233872,0.026165627,0.74735147,0.001330921,0.04319122,0.004386172,0.26920232,0.017597273,0.11153424,0.014918634,0.24731208,0.0012867465,"TWOGAUSSIANS_WITH_ELLIPSOIDAL_ON_ECLIPSE1",9,80.60668,0.24731208,0.0012867465,0.21527748,0.024145314,0.5464554,0.016380401,0.74735147,0.0012587854,0.24187084,0.024562564,0.49227044,0.015419234
375316653866487564,6814666691206663808,0.51013553,2311.3530739254575,2.7350904558639635,1.584635E-5,18.351297,0.042700645,0.23400955,0.0044179293,0.12867112,0.028649192,0.1414315,0.04114497,0.7344477,0.0048459177,0.105832405,0.021161912,0.14345007,0.039823648,null,null,null,null,"TWOGAUSSIANS",8,1.2452804,0.7344477,0.0048884037,0.4,0.0,0.11457715,0.0057613286,0.23400955,0.00443101,0.4,0.0,0.11241384,0.005664304
375316653866487564,6814716242244962944,0.5224893,2332.8743245379537,0.9153101058801395,2.5414916E-5,19.635754,0.008077682,0.3354183,0.0028989261,0.031288344,0.0023676737,0.68305206,0.0372182,0.8468775,0.008636696,0.04392616,0.010080453,0.14114249,0.024273677,null,null,null,null,"TWOGAUSSIANS",8,2.3901892,0.3354183,0.0028989261,0.17521474,0.013258972,0.68305206,0.0372182,0.8468775,0.008636696,0.24598649,0.05645054,0.14114249,0.02427368
375316653866487564,6814772317337972352,0.46765655,2309.5393825819056,2.9028891347164008,2.7011714E-5,19.343847,0.008988799,0.14324053,0.015741086,0.021838523,0.010253735,0.116292775,0.24236356,0.4013591,0.0029007928,0.039096534,0.0037807233,0.5243713,0.10207409,null,null,null,null,"TWOGAUSSIANS",8,3.5866296,0.4013591,0.0029007928,0.21894059,0.02117205,0.5243713,0.10207409,0.14324053,0.015741086,0.12229573,0.057420917,0.116292775,0.24236356
375316653866487564,6814776058252889216,0.48233378,2311.3062761318115,2.5549960547351964,4.9221135E-6,12.531629,0.0051723053,0.23732938,9.763472E-4,0.150389,0.0023745082,0.29529887,0.010138303,0.73724025,0.0010977967,0.28537473,0.0045255753,0.4789757,0.0050864816,null,null,null,null,"TWOGAUSSIANS",8,40.19992,0.23738937,0.0010696374,0.4,0.0,0.08626217,0.0014215996,0.73724025,0.0011100784,0.4,0.0,0.06793532,0.001252373
375316653866487564,6814811551863586816,0.54134065,2318.3224862991956,3.4427534851275317,8.873383E-6,16.244995,0.03337738,0.26963195,0.0022937618,0.05251847,0.01914336,0.13312647,0.08001438,0.75682324,0.009787072,0.05514018,0.025966743,0.14429007,0.063490294,0.14599212,0.04305981,0.26963195,0.0022937618,"TWOGAUSSIANS_WITH_ELLIPSOIDAL_ON_ECLIPSE1",9,82.476036,0.7610132,0.0071315737,0.30878502,0.14541376,0.4349979,0.047247846,0.26963195,0.0022937618,0.2941034,0.10720281,0.4251057,0.03513137
375316653866487564,6814816400881484416,0.46128455,2334.1210226442026,1.4430253759242537,4.773472E-5,17.94369,0.007417996,0.3291384,0.0108266035,0.07111997,0.020864405,0.067596756,0.010016642,0.8299014,0.0033153554,0.026536904,0.0047757,0.191574,0.02719493,null,null,null,null,"TWOGAUSSIANS",8,14.427124,0.8299014,0.0033153554,0.14860666,0.026743922,0.1915737,0.027194679,0.3291384,0.0108266035,0.39827186,0.068785034,0.06759644,0.0100163175
375316653866487564,6814839898646859008,0.50526196,2349.072248744752,1.380191307535022,2.5015265E-6,19.422876,0.004539323,0.5205179,6.321961E-4,0.022912743,7.6152786E-4,0.54401374,0.035965197,0.82413805,0.0039023336,0.018719511,0.0043405276,0.100422695,0.025564369,null,null,null,null,"TWOGAUSSIANS",8,1.8022429,0.5205179,6.321961E-4,0.12831137,0.004264556,0.54401374,0.035965197,0.82413805,0.0039023336,0.10482927,0.024306955,0.100422695,0.025564369
375316653866487564,6814904911567596928,0.5634391,2331.97583071523,2.1738689337085084,7.450103E-6,15.179137,0.01785959,0.23039334,0.0023420777,0.12508704,0.012778446,0.1205292,0.017564185,0.7084449,0.0028371247,0.10736591,0.01152149,0.1390995,0.01566297,null,null,null,null,"TWOGAUSSIANS",8,10.55921,0.7084449,0.0028371247,0.4,0.0,0.11861194,0.0040109307,0.23042335,0.0023278592,0.4,0.0,0.09994841,0.0040080687
375316653866487564,6814906728338591488,0.5972329,2314.969958882988,4.393838253051001,6.9791686E-6,18.01324,0.006378768,0.2348645,0.0020777003,0.08110048,0.0038110402,0.39034027,0.01855412,0.74147904,0.0021963995,0.075636804,0.0024627869,0.41769928,0.01177522,null,null,null,null,"TWOGAUSSIANS",8,3.4212053,0.74147904,0.0021963995,0.4,0.0,0.41335717,0.0116030965,0.2348645,0.0020777003,0.4,0.0,0.3859982,0.0193198
375316653866487564,6814924320524735232,0.43899998,2350.305729142063,1.9016640628546868,3.891177E-5,18.377363,0.07702987,0.3600347,0.016330931,0.09816575,0.08377548,0.07522173,0.0717552,0.8119266,0.021662556,0.05203909,0.04954462,0.21457429,0.052410252,null,null,null,null,"TWOGAUSSIANS",8,11.289908,0.8119266,0.021662556,0.2914189,0.15389182,0.21431793,0.013193201,0.3600347,0.01630999,0.4,0.0,0.07496348,0.024915379
375316653866487564,6814952705963366912,0.5743586,2318.3453270518535,0.39979056303309335,5.5413308E-5,17.616753,0.0027656185,0.24145664,0.010238814,0.0014469327,0.0035130028,0.9089978,5.612099,0.7292985,1.027567E-4,0.008820199,1.4778602E-4,0.35334104,0.00587843,0.0056377775,0.0036769176,0.24145664,0.010238814,"TWOGAUSSIANS_WITH_ELLIPSOIDAL_ON_ECLIPSE1",9,9.903389,0.24145664,0.010238814,0.008102823,0.019672817,0.9202733,5.6134167,0.7292985,1.027567E-4,0.049393117,8.2760176E-4,0.36455092,0.0043279417
375316653866487564,6814990570395121792,0.48806056,2325.8300108575104,3.502676911122452,1.7039274E-5,17.761234,0.007891463,0.22529416,0.0036849957,0.050002735,0.00323656,0.25979325,0.012073376,0.72113794,0.0090561155,0.08106651,0.011277731,0.19428279,0.014856285,null,null,null,null,"TWOGAUSSIANS",8,20.334484,0.22529416,0.0036849957,0.28001532,0.018124735,0.25953597,0.011945789,0.72113794,0.0090561155,0.4,0.0,0.19402552,0.014936973
375316653866487564,6815060423743259904,0.62364566,2347.4171367082436,3.5537969989527425,3.9521474E-6,16.100803,0.0061998465,0.25498614,0.001731902,0.044071198,0.004931449,0.15974341,0.0153275635,0.7504072,0.0018618683,0.055093814,0.0031848066,0.21952127,0.013573759,0.10546042,0.008719435,0.25498614,0.001731902,"TWOGAUSSIANS_WITH_ELLIPSOIDAL_ON_ECLIPSE1",9,18.727264,0.75126725,0.0013408741,0.30852535,0.017834917,0.43029514,0.008782748,0.25498614,0.001731902,0.24679871,0.027616113,0.37065917,0.0039398842
