Gaia/vari_eclipsing_binary/VariEclipsingBinary_602834-602946.csv
# %ECSV 1.0
# ---
# delimiter: ','
# meta: !!omap
# - RELEASE: Gaia DR3
# - TABLE: vari_eclipsing_binary
# - DESCRIPTION: >
#     This table describes the properties of the eclipsing binaries resulting from the variability analysis. 
# - CITATION: >
#     How to cite and acknowledge Gaia: 
#     https://gea.esac.esa.int/archive/documentation/credits.html 
# - KNOWN_ISSUES: >
#     Known issues: 
#     https://www.cosmos.esa.int/web/gaia-users/known-issues 
# - DOCUMENTATION: >
#     Tutorials and documentation: 
#     https://www.cosmos.esa.int/web/gaia-users/archive 
# datatype:
# - 
#   name: solution_id
#   datatype: int64
#   description: Solution Identifier
#   meta:
#     ucd: meta.version
# - 
#   name: source_id
#   datatype: int64
#   description: Unique source identifier
#   meta:
#     ucd: meta.id;meta.main
# - 
#   name: global_ranking
#   datatype: float32
#   description: Number between 0 (worst) and 1 (best)
#   meta:
#     ucd: stat.param
# - 
#   name: reference_time
#   datatype: float64
#   unit: d
#   description: Reference time used for the geometric model fit
#   meta:
#     ucd: time.epoch
# - 
#   name: frequency
#   datatype: float64
#   unit: d**-1
#   description: Frequency of geometric model of the eclipsing binary light curve
#   meta:
#     ucd: src.orbital
# - 
#   name: frequency_error
#   datatype: float32
#   unit: d**-1
#   description: "Uncertainty of \\texttt{frequency}"
#   meta:
#     ucd: stat.error
# - 
#   name: geom_model_reference_level
#   datatype: float32
#   unit: mag
#   description: Magnitude reference level of geometric model
#   meta:
#     ucd: phot.mag;em.opt
# - 
#   name: geom_model_reference_level_error
#   datatype: float32
#   unit: mag
#   description: "Uncertainty of \\texttt{geomModelReferenceLevel}"
#   meta:
#     ucd: stat.error;phot.mag;em.opt
# - 
#   name: geom_model_gaussian1_phase
#   datatype: float32
#   description: Phase of the Gaussian 1 component
#   meta:
#     ucd: time.phase
# - 
#   name: geom_model_gaussian1_phase_error
#   datatype: float32
#   description: "Uncertainty of \\texttt{geomModelGaussian1Phase}"
#   meta:
#     ucd: stat.error;time.phase
# - 
#   name: geom_model_gaussian1_sigma
#   datatype: float32
#   description: "Standard deviation [phase] of Gaussian 1 component"
#   meta:
#     ucd: stat.stdev
# - 
#   name: geom_model_gaussian1_sigma_error
#   datatype: float32
#   description: "Uncertainty of \\texttt{geomModelGaussian1Sigma}"
#   meta:
#     ucd: stat.error
# - 
#   name: geom_model_gaussian1_depth
#   datatype: float32
#   unit: mag
#   description: Magnitude depth of Gaussian 1 component
#   meta:
#     ucd: src.var.amplitude
# - 
#   name: geom_model_gaussian1_depth_error
#   datatype: float32
#   unit: mag
#   description: "Uncertainty of \\texttt{geomModelGaussian1Depth}"
#   meta:
#     ucd: stat.error;src.var.amplitude
# - 
#   name: geom_model_gaussian2_phase
#   datatype: float32
#   description: Phase of Gaussian 2 component
#   meta:
#     ucd: time.phase
# - 
#   name: geom_model_gaussian2_phase_error
#   datatype: float32
#   description: "Uncertainty of \\texttt{geomModelGaussian2Phase}"
#   meta:
#     ucd: stat.error;time.phase
# - 
#   name: geom_model_gaussian2_sigma
#   datatype: float32
[...]
#   datatype: float32
#   description: "Secondary eclipse: uncertainty of \\texttt{derivedSecondaryEclDuration}"
#   meta:
#     ucd: stat.error;time.duration
# - 
#   name: derived_secondary_ecl_depth
#   datatype: float32
#   unit: mag
#   description: "Secondary eclipse: depth"
#   meta:
#     ucd: src.var.amplitude
# - 
#   name: derived_secondary_ecl_depth_error
#   datatype: float32
#   unit: mag
#   description: "Secondary eclipse: uncertainty of \\texttt{derivedSecondaryEclDepth}"
#   meta:
#     ucd: stat.error;src.var.amplitude
solution_id,source_id,global_ranking,reference_time,frequency,frequency_error,geom_model_reference_level,geom_model_reference_level_error,geom_model_gaussian1_phase,geom_model_gaussian1_phase_error,geom_model_gaussian1_sigma,geom_model_gaussian1_sigma_error,geom_model_gaussian1_depth,geom_model_gaussian1_depth_error,geom_model_gaussian2_phase,geom_model_gaussian2_phase_error,geom_model_gaussian2_sigma,geom_model_gaussian2_sigma_error,geom_model_gaussian2_depth,geom_model_gaussian2_depth_error,geom_model_cosine_half_period_amplitude,geom_model_cosine_half_period_amplitude_error,geom_model_cosine_half_period_phase,geom_model_cosine_half_period_phase_error,model_type,num_model_parameters,reduced_chi2,derived_primary_ecl_phase,derived_primary_ecl_phase_error,derived_primary_ecl_duration,derived_primary_ecl_duration_error,derived_primary_ecl_depth,derived_primary_ecl_depth_error,derived_secondary_ecl_phase,derived_secondary_ecl_phase_error,derived_secondary_ecl_duration,derived_secondary_ecl_duration_error,derived_secondary_ecl_depth,derived_secondary_ecl_depth_error
[from data line 72]
375316653866487564,5302697779069691392,0.55142456,2086.909259459053,0.8483769974158478,1.1262048E-5,15.870458,0.0013634732,0.30868605,0.00571912,0.026708862,0.002889553,0.21110049,0.025277462,0.80952555,0.0017765044,0.024978472,0.0020229148,0.043343835,0.004642361,0.008741612,0.0021272455,0.30868605,0.00571912,"TWOGAUSSIANS_WITH_ELLIPSOIDAL_ON_ECLIPSE1",9,6.327776,0.30868605,0.00571912,0.14956963,0.016181497,0.2285837,0.025102954,0.80952555,0.0017702809,0.13987944,0.011328324,0.06082656,0.004012227
375316653866487564,5302698775502210304,0.52864546,2030.3907177975307,1.0213573958279358,8.249302E-5,16.556545,0.0013243695,0.40785185,0.007368593,0.02167224,0.003557725,0.16081506,0.025507383,0.9059933,0.014474364,0.02256467,0.010823729,0.24560742,0.22271512,null,null,null,null,"TWOGAUSSIANS",8,5.358858,0.9059933,0.014474364,0.12636214,0.060612883,0.24560742,0.22271512,0.40785185,0.007368593,0.12136454,0.01992326,0.16081506,0.025507383
375316653866487564,5302699492754312832,0.59556633,2082.053681120189,0.13791848918016797,1.8210258E-5,17.473974,0.0014952065,0.5419962,0.022608908,0.049351394,0.03458098,0.019422907,0.015645405,0.88657385,1.09133915E-4,0.0051368563,1.9545788E-4,0.47816518,0.019322744,null,null,null,null,"TWOGAUSSIANS",8,1.8100208,0.88657385,1.09133915E-4,0.028766396,0.0010945641,0.47816518,0.019322695,0.5419962,0.022608908,0.27636778,0.186849,0.019422907,0.015645405
375316653866487564,5302702417634505984,0.53687716,2092.6623100395327,2.2775643915540997,1.2749522E-5,14.970301,0.41198322,0.2858879,0.003205289,0.13419366,0.043717857,0.24842136,0.32295394,0.78354055,0.0047241445,0.14821038,0.10923134,0.21271141,0.40279105,null,null,null,null,"TWOGAUSSIANS",8,28.147404,0.28600788,0.001892208,0.4,0.0,0.15618828,0.0060944157,0.78354055,0.0047241445,0.4,0.0,0.119520724,0.006184532
375316653866487564,5302705510010866688,0.6086835,2058.1829232452465,0.47223414250325024,7.37395E-6,16.999779,0.0013561223,0.30476022,0.0012353738,0.020318605,0.0015742271,0.5456698,0.06367738,0.80703604,0.0029549482,0.019456534,0.001737868,0.5648222,0.07183565,null,null,null,null,"TWOGAUSSIANS",8,6.5326033,0.80703604,0.0029549482,0.10895659,0.009732061,0.5648222,0.07183565,0.30476022,0.0012353738,0.11378419,0.008815672,0.5456698,0.06367738
375316653866487564,5302707709031374976,0.6141905,2053.7171191858256,0.17480860962064018,4.761495E-6,16.098963,0.0010579668,0.28790534,5.2475533E-4,0.0077125863,8.194044E-4,0.41374674,0.08099937,0.8207826,0.004060235,0.0075180153,0.0020609105,0.40015468,0.102278344,null,null,null,null,"TWOGAUSSIANS",8,7.235603,0.28790534,5.2475533E-4,0.043190483,0.0045886645,0.41374674,0.08099937,0.8207826,0.004060235,0.042100884,0.011541098,0.40015468,0.102278344
375316653866487564,5302709530097438080,0.60490334,2007.2596501813616,2.2397497138615314,6.3215684E-6,17.434364,0.0045976727,0.22998583,0.0015173825,0.07153672,0.002509608,0.41452676,0.008811488,0.7313036,0.0053630676,0.10617565,0.0070537287,0.12207649,0.006633908,null,null,null,null,"TWOGAUSSIANS",8,4.493525,0.22998583,0.0015173825,0.4,0.0055486267,0.40750977,0.009142514,0.7313036,0.0053630676,0.4,0.0,0.11505579,0.0063220887
375316653866487564,5302709697596851456,0.50252765,2031.241520089909,2.4593583073074416,2.7705175E-5,16.422989,0.020962445,0.24115235,0.007833775,0.070729695,0.011769453,0.2077828,0.05510913,0.7668194,0.011549405,0.025052924,0.013197527,0.24069308,0.06678393,0.08552652,0.026317215,0.24115235,0.007833775,"TWOGAUSSIANS_WITH_ELLIPSOIDAL_ON_ECLIPSE1",9,102.19171,0.7668194,0.011549405,0.14029637,0.07390615,0.40694728,0.053062886,0.24115235,0.007833775,0.3960863,0.05310449,0.37844738,0.029059686
375316653866487564,5302712034059070592,0.56701976,2042.9088842963668,3.5183581278212888,4.678857E-6,19.033766,0.006236799,0.30377737,0.0022535925,0.054141905,0.0047660405,0.31886196,0.017600523,0.817314,0.016970493,0.041999027,0.008823303,0.21366102,0.052079853,0.10761814,0.008972199,0.30377737,0.0022535925,"TWOGAUSSIANS_WITH_ELLIPSOIDAL_ON_ECLIPSE1",9,2.300023,0.30377737,0.0022535925,0.30319467,0.026689827,0.5340902,0.0148989465,0.817314,0.016970493,0.23519455,0.049410496,0.42733598,0.05208967
375316653866487564,5302712141437457408,0.5331719,2052.2089676920064,2.285576023324435,6.005557E-6,15.165939,0.01021203,0.20551358,0.0022390825,0.0501191,0.0076919794,0.106445044,0.023883777,0.6958773,0.005439471,0.041143328,0.01180813,0.09570664,0.023026986,0.059340164,0.014854357,0.20551358,0.0022390825,"TWOGAUSSIANS_WITH_ELLIPSOIDAL_ON_ECLIPSE1",9,30.289923,0.20551358,0.0022390825,0.28066695,0.043075085,0.22512494,0.011059126,0.69724727,0.0045564775,0.23040263,0.06612553,0.21401362,0.011941549
375316653866487564,5302718188751542144,0.6179754,2030.2207228054876,2.8659613474123784,3.3867518E-6,17.083502,0.008002802,0.25740942,0.0017073054,0.048148837,0.0034494319,0.17001674,0.017666893,0.7508331,0.0015450305,0.055372026,0.0040596034,0.23521732,0.01589902,0.07799986,0.009787313,0.25740942,0.0017073054,"TWOGAUSSIANS_WITH_ELLIPSOIDAL_ON_ECLIPSE1",9,5.3121924,0.7517431,0.0012846395,0.31008336,0.02273378,0.3909811,0.008387388,0.25740942,0.0017073054,0.2696335,0.019316819,0.32600993,0.0063882093
375316653866487564,5302718257471022336,0.56831676,2044.1151387662326,2.4830801852588666,6.397136E-6,14.189247,0.024767963,0.27988547,0.0016664686,0.050762165,0.011418328,0.2980452,0.034708384,0.7949732,0.003750149,0.053677656,0.00707553,0.28752685,0.054840166,0.10386183,0.0321314,0.27988547,0.0016664686,"TWOGAUSSIANS_WITH_ELLIPSOIDAL_ON_ECLIPSE1",9,412.41336,0.27988547,0.0016664686,0.2842681,0.06394263,0.5057647,0.046400487,0.7949732,0.003750149,0.30059487,0.039622966,0.4933852,0.011739428
375316653866487564,5302719283964356480,0.5784288,2086.309261000713,3.1851027943909322,5.882047E-6,18.001816,0.008633936,0.28768492,0.0021746845,0.04892143,0.007971875,0.12978932,0.018898802,0.7730767,0.007081739,0.050947294,0.008637833,0.08693294,0.020755785,0.10349178,0.011633568,0.28768492,0.0021746845,"TWOGAUSSIANS_WITH_ELLIPSOIDAL_ON_ECLIPSE1",9,3.3773396,0.28768492,0.0021746845,0.27396,0.044642504,0.33677146,0.010821719,0.77787673,0.004127253,0.28530484,0.04837187,0.292745,0.008027233
375316653866487564,5302719631860479872,0.46018705,2078.8975240509853,3.301664895157628,2.104943E-5,15.193835,0.41953847,0.28720847,0.008790922,0.12503172,0.030343255,0.24634765,0.18409294,0.80236953,0.009401349,0.20918666,0.19346988,0.19657652,0.4171815,null,null,null,null,"TWOGAUSSIANS",8,106.79091,0.28443846,0.0068943854,0.4,0.0,0.14746054,0.01222739,0.80293953,0.008606175,0.4,0.0,0.0749549,0.00958882
375316653866487564,5302720830152308224,0.6125323,2058.70159747261,3.5009253623176364,5.160439E-6,18.638105,0.019984758,0.25523573,0.0014587733,0.051373713,0.004638966,0.46364865,0.038509045,0.75559604,0.003990335,0.046339214,0.0056556785,0.37683773,0.045348406,0.13443924,0.024443451,0.25523573,0.0014587733,"TWOGAUSSIANS_WITH_ELLIPSOIDAL_ON_ECLIPSE1",9,4.56789,0.25523573,0.0014587733,0.28769282,0.025978211,0.73252314,0.015700597,0.75559604,0.0037306834,0.2594996,0.0316718,0.6457108,0.021785643
375316653866487564,5302725881033448064,0.43917078,1997.1233697144428,3.58341794403868,2.5575127E-5,18.24093,0.003498907,null,null,null,null,null,null,null,null,null,null,null,null,0.04946772,0.005120702,0.22436106,0.009106904,"ELLIPSOIDAL",4,8.04936,null,null,null,null,null,null,null,null,null,null,null,null
375316653866487564,5302726430789661440,0.53058654,2017.1141908971704,2.996606591781492,9.188752E-6,19.258337,0.011004277,0.22205758,0.0032067085,0.06104326,0.005166354,0.8021846,0.085165076,0.71548647,0.004486614,0.052197613,0.003624024,0.50965756,0.05406174,null,null,null,null,"TWOGAUSSIANS",8,4.1168303,0.22205758,0.0032067085,0.34184223,0.028931584,0.80212605,0.085233435,0.71548647,0.004486614,0.29230663,0.020294534,0.50959903,0.054080833
375316653866487564,5302727053563841280,0.5535334,2041.0961893057224,1.2735089404032585,5.746454E-6,16.719013,0.0058314237,0.3525113,9.5828215E-4,0.026470559,8.8903785E-4,0.6803567,0.019530661,0.8515561,0.008964806,0.028121958,0.0073814024,0.5510942,0.096395716,0.007250549,0.011022259,0.3525113,9.5828215E-4,"TWOGAUSSIANS_WITH_ELLIPSOIDAL_ON_ECLIPSE1",9,79.020454,0.3525113,9.5828215E-4,0.14823513,0.004978612,0.6948578,0.017881937,0.8515561,0.008946384,0.15748297,0.041335855,0.56559473,0.09599975
375316653866487564,5302727534600101248,0.60244805,2038.225423156041,0.7652009310154597,6.8402583E-6,14.011311,0.001093777,0.24419245,0.0017251407,0.037325025,0.00271379,0.17781654,0.023141714,0.7486175,0.0058913846,0.035441604,0.0050741564,0.027914023,0.004413588,0.033774767,0.0016760149,0.24419245,0.0017251407,"TWOGAUSSIANS_WITH_ELLIPSOIDAL_ON_ECLIPSE1",9,18.940508,0.24419245,0.0017251407,0.20902014,0.015197224,0.24536598,0.024079684,0.7486175,0.0058913846,0.19847298,0.028415276,0.09541125,0.0032061557
375316653866487564,5302728011337274496,0.6169299,2013.1147083477877,2.636625516783687,7.035825E-6,18.245106,0.035222773,0.27607793,0.0016702419,0.052771986,0.010338069,0.3442818,0.07249289,0.75755006,0.03276505,0.06447863,0.026876677,0.4253771,0.12130375,0.11349579,0.045093272,0.27607793,0.0016702419,"TWOGAUSSIANS_WITH_ELLIPSOIDAL_ON_ECLIPSE1",9,5.5368586,0.76030004,0.029935125,0.36108032,0.15050939,0.64968073,0.051154487,0.27607793,0.0016702419,0.2955231,0.057893187,0.57119566,0.020099407
375316653866487564,5302732065782004864,0.6106649,2031.604674976787,2.669875476124323,5.592902E-6,18.305254,0.009481042,0.2591458,0.0017805531,0.049741775,0.005084763,0.2856314,0.021641705,0.76268387,0.0043697003,0.052146208,0.0038659715,0.34098852,0.029028462,0.12282797,0.01197541,0.2591458,0.0017805531,"TWOGAUSSIANS_WITH_ELLIPSOIDAL_ON_ECLIPSE1",9,3.3508534,0.76268387,0.0042889095,0.29201877,0.02164944,0.5865183,0.021295762,0.2591458,0.0017805531,0.27855393,0.028474672,0.53128254,0.015137207
375316653866487564,5302733066517896960,0.59413666,2031.1668247579578,0.6964140816307196,3.284406E-6,10.426262,0.0017843787,0.24654779,0.0012153523,0.05979447,0.0021469188,0.13561425,0.0039817775,0.7502779,0.042141993,0.022084968,0.025410214,0.0056063803,0.13839182,0.047913935,0.0023075459,0.24654779,0.0012153523,"TWOGAUSSIANS_WITH_ELLIPSOIDAL_ON_ECLIPSE1",9,29.425117,0.24654779,0.0012153523,0.33484903,0.012022746,0.23142034,0.0022604903,0.7502779,0.042141993,0.12367582,0.14229721,0.10135984,0.13213466
375316653866487564,5302735918376301440,0.6255281,2058.8435671562343,3.3961133322386474,3.2174073E-6,17.272223,0.011858348,0.21592462,0.0011881347,0.046071906,0.0032076715,0.4153615,0.018416082,0.7174867,0.0011541585,0.0425046,0.0031504359,0.28402883,0.022512078,0.12820275,0.012274363,0.21592462,0.0011881347,"TWOGAUSSIANS_WITH_ELLIPSOIDAL_ON_ECLIPSE1",9,11.820728,0.21592462,0.0011881347,0.25800267,0.01796296,0.6717668,0.016167317,0.7174867,0.0011541585,0.23802575,0.01764244,0.54040945,0.004934382
375316653866487564,5302737086598917888,0.56254566,2044.0314630898927,3.6595631611002943,1.11616E-5,18.179735,0.010073831,0.25429693,0.0025949639,0.044623468,0.0053514885,0.17661083,0.032773014,0.7500214,0.009036999,0.05209956,0.01075888,0.15317611,0.028303474,0.11457166,0.016100021,0.25429693,0.0025949639,"TWOGAUSSIANS_WITH_ELLIPSOIDAL_ON_ECLIPSE1",9,7.98892,0.25429693,0.0025949639,0.24989143,0.029968336,0.4057523,0.021736374,0.7510614,0.0064878855,0.29175752,0.060249723,0.38219237,0.023082662
375316653866487564,5302737842521574144,0.46747938,2064.091839773258,1.777828264469547,1.9203011E-5,18.536661,0.0055890675,0.17768106,0.005183821,0.024976557,0.004530001,0.16823275,0.030084463,0.67170566,0.0026280063,0.027002297,0.0037899788,0.26898518,0.027297426,null,null,null,null,"TWOGAUSSIANS",8,9.177356,0.67170566,0.0026280063,0.15121287,0.02122388,0.26898518,0.027297426,0.17768106,0.005183821,0.13986872,0.025368005,0.16823275,0.030084463
375316653866487564,5302744126052763264,0.53941506,2084.0901083929853,3.2458836909322466,6.85504E-6,18.337973,0.008276066,0.28590742,0.0026140679,0.091203235,0.006568932,0.24074948,0.0072690938,0.78156304,0.0027309167,0.099416755,0.0050570467,0.27629396,0.008662058,null,null,null,null,"TWOGAUSSIANS",8,2.0323632,0.78156304,0.0027309167,0.4,0.0,0.2606885,0.007270213,0.28590742,0.0026140679,0.4,0.0,0.2251457,0.008827776
375316653866487564,5302746531234613760,0.61833185,2086.17864775185,3.007757622519054,4.224929E-6,17.64807,0.024604483,0.2265275,0.0016777737,0.04977391,0.007267826,0.29223192,0.04195022,0.7278046,0.0060679386,0.05059941,0.012606934,0.34094182,0.036620412,0.09386364,0.027928853,0.2265275,0.0016777737,"TWOGAUSSIANS_WITH_ELLIPSOIDAL_ON_ECLIPSE1",9,6.4901466,0.7278046,0.005523081,0.2833567,0.07059883,0.5286545,0.046915554,0.2265275,0.0016777737,0.27873388,0.040699825,0.47995672,0.017763657
375316653866487564,5302752204893171072,0.4789342,2090.9002491451656,3.7111396449387843,1.4299711E-5,16.981258,0.03099039,0.2571953,0.0069430005,0.1108712,0.016480347,0.24333045,0.029132266,0.7485817,0.007711003,0.096238025,0.019444464,0.17286754,0.030797377,null,null,null,null,"TWOGAUSSIANS",8,30.602068,0.2571953,0.0069430005,0.4,0.0,0.22304778,0.016205508,0.7485817,0.007711003,0.4,0.0,0.1526041,0.018106025
375316653866487564,5302759042480953984,0.5863256,2049.6537741477896,1.2719594275811457,4.4982944E-6,16.540405,0.0038084455,0.20972282,0.0026324075,0.03609167,0.0025169384,0.5032521,0.021240305,0.7119636,9.782895E-4,0.03664742,0.0018412857,0.45251688,0.026299376,0.024117036,0.006181425,0.20972282,0.0026324075,"TWOGAUSSIANS_WITH_ELLIPSOIDAL_ON_ECLIPSE1",9,29.76459,0.20972282,0.0026324075,0.20211335,0.014094855,0.5514861,0.020945646,0.7119636,9.782895E-4,0.20522554,0.0103112,0.5007413,0.029255092
375316653866487564,5302759931532491904,0.4615954,2075.151167586221,2.670097720983715,1.3781252E-5,18.430798,0.514802,0.21274517,0.0053997533,0.13717744,0.033032138,0.5016653,0.3686754,0.71828806,0.008583305,0.19818327,0.126047,0.41347736,0.50922906,null,null,null,null,"TWOGAUSSIANS",8,6.876544,0.21156518,0.0047617718,0.4,0.0,0.2606649,0.018557671,0.7187781,0.008585254,0.4,0.0,0.13941258,0.016260695
375316653866487564,5302760073273054080,0.5443154,2072.2035916712734,3.0806357418815296,7.690595E-6,15.806301,0.009945096,0.2746039,0.0032388647,0.09779584,0.00622412,0.21087272,0.011283126,0.7714546,0.002250247,0.09233706,0.005522468,0.22828431,0.008625149,null,null,null,null,"TWOGAUSSIANS",8,36.110153,0.7714546,0.002250247,0.4,0.0,0.2150787,0.005621196,0.2746039,0.0032388647,0.4,0.0,0.19766642,0.010208752
375316653866487564,5302760550007906688,0.5231601,2063.9506433219185,2.786393617436609,8.139207E-6,17.007252,0.14436546,0.21490827,0.004329152,0.11636738,0.019828511,0.35159302,0.13038503,0.7146148,0.0031802126,0.14953221,0.04257085,0.3034984,0.14172165,null,null,null,null,"TWOGAUSSIANS",8,11.630781,0.21491827,0.0044582714,0.4,0.0,0.24526915,0.011577784,0.7146148,0.0031799476,0.4,0.0,0.19497703,0.006626811
375316653866487564,5302762302356872960,0.5754362,2048.212577992791,1.948534240723731,6.280343E-6,18.34179,0.0029450317,0.21119173,0.0015420258,0.03248919,0.0012873736,0.42044005,0.012354407,0.7093094,0.0025263038,0.036579058,0.0023077584,0.2522851,0.008280883,null,null,null,null,"TWOGAUSSIANS",8,2.696971,0.21119173,0.0015420258,0.18193947,0.0072092917,0.42044005,0.012354407,0.7093094,0.0025263038,0.20484272,0.012923447,0.2522851,0.008280883
375316653866487564,5302762341015714176,0.6194414,2040.461245945725,3.172233148044669,4.526268E-6,17.094934,0.009860537,0.2200691,0.0011837496,0.042882588,0.0027135594,0.320715,0.021976346,0.71270657,0.0020082754,0.0479849,0.00290333,0.4397556,0.034728106,0.13442731,0.011763051,0.2200691,0.0011837496,"TWOGAUSSIANS_WITH_ELLIPSOIDAL_ON_ECLIPSE1",9,14.868773,0.71344656,0.001705146,0.26871547,0.016258648,0.70809233,0.034079816,0.2200691,0.0011837496,0.24014248,0.015195933,0.5895693,0.012097797
