Gaia/vari_eclipsing_binary/VariEclipsingBinary_529539-529547.csv
# %ECSV 1.0
# ---
# delimiter: ','
# meta: !!omap
# - RELEASE: Gaia DR3
# - TABLE: vari_eclipsing_binary
# - DESCRIPTION: >
#     This table describes the properties of the eclipsing binaries resulting from the variability analysis. 
# - CITATION: >
#     How to cite and acknowledge Gaia: 
#     https://gea.esac.esa.int/archive/documentation/credits.html 
# - KNOWN_ISSUES: >
#     Known issues: 
#     https://www.cosmos.esa.int/web/gaia-users/known-issues 
# - DOCUMENTATION: >
#     Tutorials and documentation: 
#     https://www.cosmos.esa.int/web/gaia-users/archive 
# datatype:
# - 
#   name: solution_id
#   datatype: int64
#   description: Solution Identifier
#   meta:
#     ucd: meta.version
# - 
#   name: source_id
#   datatype: int64
#   description: Unique source identifier
#   meta:
#     ucd: meta.id;meta.main
# - 
#   name: global_ranking
#   datatype: float32
#   description: Number between 0 (worst) and 1 (best)
#   meta:
#     ucd: stat.param
# - 
#   name: reference_time
#   datatype: float64
#   unit: d
#   description: Reference time used for the geometric model fit
#   meta:
#     ucd: time.epoch
# - 
#   name: frequency
#   datatype: float64
#   unit: d**-1
#   description: Frequency of geometric model of the eclipsing binary light curve
#   meta:
#     ucd: src.orbital
# - 
#   name: frequency_error
#   datatype: float32
#   unit: d**-1
#   description: "Uncertainty of \\texttt{frequency}"
#   meta:
#     ucd: stat.error
# - 
#   name: geom_model_reference_level
#   datatype: float32
#   unit: mag
#   description: Magnitude reference level of geometric model
#   meta:
#     ucd: phot.mag;em.opt
# - 
#   name: geom_model_reference_level_error
#   datatype: float32
#   unit: mag
#   description: "Uncertainty of \\texttt{geomModelReferenceLevel}"
#   meta:
#     ucd: stat.error;phot.mag;em.opt
# - 
#   name: geom_model_gaussian1_phase
#   datatype: float32
#   description: Phase of the Gaussian 1 component
#   meta:
#     ucd: time.phase
# - 
#   name: geom_model_gaussian1_phase_error
#   datatype: float32
#   description: "Uncertainty of \\texttt{geomModelGaussian1Phase}"
#   meta:
#     ucd: stat.error;time.phase
# - 
#   name: geom_model_gaussian1_sigma
#   datatype: float32
#   description: "Standard deviation [phase] of Gaussian 1 component"
#   meta:
#     ucd: stat.stdev
# - 
#   name: geom_model_gaussian1_sigma_error
#   datatype: float32
#   description: "Uncertainty of \\texttt{geomModelGaussian1Sigma}"
#   meta:
#     ucd: stat.error
# - 
#   name: geom_model_gaussian1_depth
#   datatype: float32
#   unit: mag
#   description: Magnitude depth of Gaussian 1 component
#   meta:
#     ucd: src.var.amplitude
# - 
#   name: geom_model_gaussian1_depth_error
#   datatype: float32
#   unit: mag
#   description: "Uncertainty of \\texttt{geomModelGaussian1Depth}"
#   meta:
#     ucd: stat.error;src.var.amplitude
# - 
#   name: geom_model_gaussian2_phase
#   datatype: float32
#   description: Phase of Gaussian 2 component
#   meta:
#     ucd: time.phase
# - 
#   name: geom_model_gaussian2_phase_error
#   datatype: float32
#   description: "Uncertainty of \\texttt{geomModelGaussian2Phase}"
#   meta:
#     ucd: stat.error;time.phase
# - 
#   name: geom_model_gaussian2_sigma
#   datatype: float32
[...]
#   datatype: float32
#   description: "Secondary eclipse: uncertainty of \\texttt{derivedSecondaryEclDuration}"
#   meta:
#     ucd: stat.error;time.duration
# - 
#   name: derived_secondary_ecl_depth
#   datatype: float32
#   unit: mag
#   description: "Secondary eclipse: depth"
#   meta:
#     ucd: src.var.amplitude
# - 
#   name: derived_secondary_ecl_depth_error
#   datatype: float32
#   unit: mag
#   description: "Secondary eclipse: uncertainty of \\texttt{derivedSecondaryEclDepth}"
#   meta:
#     ucd: stat.error;src.var.amplitude
solution_id,source_id,global_ranking,reference_time,frequency,frequency_error,geom_model_reference_level,geom_model_reference_level_error,geom_model_gaussian1_phase,geom_model_gaussian1_phase_error,geom_model_gaussian1_sigma,geom_model_gaussian1_sigma_error,geom_model_gaussian1_depth,geom_model_gaussian1_depth_error,geom_model_gaussian2_phase,geom_model_gaussian2_phase_error,geom_model_gaussian2_sigma,geom_model_gaussian2_sigma_error,geom_model_gaussian2_depth,geom_model_gaussian2_depth_error,geom_model_cosine_half_period_amplitude,geom_model_cosine_half_period_amplitude_error,geom_model_cosine_half_period_phase,geom_model_cosine_half_period_phase_error,model_type,num_model_parameters,reduced_chi2,derived_primary_ecl_phase,derived_primary_ecl_phase_error,derived_primary_ecl_duration,derived_primary_ecl_duration_error,derived_primary_ecl_depth,derived_primary_ecl_depth_error,derived_secondary_ecl_phase,derived_secondary_ecl_phase_error,derived_secondary_ecl_duration,derived_secondary_ecl_duration_error,derived_secondary_ecl_depth,derived_secondary_ecl_depth_error
[from data line 781]
375316653866487564,4657928389447699200,0.43520883,2238.66561630328,1.0024914646355407,4.545263E-5,19.363691,0.0072678262,0.38040218,0.011591132,0.06242167,0.010360198,0.14748803,0.028865425,0.9104465,0.013813715,0.041451074,0.008749489,0.13436157,0.04191765,null,null,null,null,"TWOGAUSSIANS",8,2.929974,0.38040218,0.011591132,0.34956133,0.058017112,0.1474874,0.028865825,0.9104465,0.013813715,0.23212601,0.048997138,0.13436095,0.0419189
375316653866487564,4657928419504606336,0.46631843,2240.977978713808,1.93642375315135,4.6354813E-5,19.335953,0.005824393,0.29607597,0.006941499,0.032243673,0.011541069,0.037231833,0.01131467,null,null,null,null,null,null,0.08140669,0.008924978,0.29607597,0.006941499,"ONEGAUSSIAN_WITH_ELLIPSOIDAL",6,3.2770686,0.29607597,0.006941499,0.18056457,0.06462999,0.2000452,0.011071586,null,null,null,null,null,null
375316653866487564,4657928458167066880,0.45916888,2186.558838922467,0.1069786276925158,5.470191E-6,18.302622,0.0034341179,0.24054587,0.0041615977,0.004190245,0.004023438,0.07191812,0.94597745,0.6976325,8.364021E-4,0.0047473107,8.3841477E-4,0.073608994,0.0065705595,0.035943747,0.004759406,0.24054587,0.0041615977,"TWOGAUSSIANS_WITH_ELLIPSOIDAL_ON_ECLIPSE1",9,4.1405177,0.24054587,0.0041615977,0.023465373,0.022531252,0.14380561,0.9458105,0.69770247,8.5214636E-4,0.02658494,0.0046951226,0.14040378,0.005271926
375316653866487564,4657928557113653376,0.44250274,2245.808339588436,1.1714489080205093,6.875215E-5,18.956432,0.02215297,0.19194208,0.025105104,0.047920644,0.021140419,1.2608792,0.8627424,0.39964402,0.07957451,0.06682079,0.12859067,0.14559962,0.69812524,null,null,null,null,"TWOGAUSSIANS",8,6.461502,0.19204208,0.024775837,0.2683556,0.11838635,1.2620436,0.874121,0.39964402,0.07957451,0.37419647,0.23015623,0.14570466,0.6985737
375316653866487564,4657928591474881792,0.45299917,2215.664438753428,0.8186319627387395,2.7040209E-5,17.957218,0.0044149966,0.17485365,0.008418125,0.018392922,0.008146417,0.048247043,0.047269117,0.61305135,0.0032822066,0.045967244,0.0054316362,0.19286942,0.012425283,null,null,null,null,"TWOGAUSSIANS",8,8.493278,0.61305135,0.0032822066,0.25741658,0.030417163,0.19286942,0.012425283,0.17485365,0.008418125,0.10300036,0.045619935,0.048247043,0.047269117
375316653866487564,4657928591475040768,0.43155262,2241.3914611358914,0.8372400658119049,1.1954731E-4,19.0568,0.034654837,0.09371101,0.033929054,0.017177705,0.018490188,0.3001055,1.886572,0.5631893,0.027282083,0.18453366,0.05871109,0.12468234,0.03154476,null,null,null,null,"TWOGAUSSIANS",8,5.6334887,0.09375101,0.034101326,0.09619515,0.103545055,0.29972348,1.8878227,0.5631893,0.027282083,0.4,0.0,0.117398664,0.02070164
375316653866487564,4657928660192883328,0.4308704,2245.489944560934,3.6616247767513146,4.2800224E-5,19.13455,0.014482754,0.2501796,0.007785426,0.022542968,0.0061673066,0.47272146,0.020108614,0.751452,0.046445116,0.06715648,0.022062596,0.29636782,0.17799267,null,null,null,null,"TWOGAUSSIANS",8,4.5988946,0.2501796,0.007785426,0.12624063,0.034536917,0.47272137,0.020108337,0.751452,0.046445116,0.37607628,0.123550534,0.29636773,0.1779927
375316653866487564,4657928664374462464,0.413634,2207.7640404916783,0.25167367256246465,4.51011E-5,19.723484,0.033972386,0.2160061,0.0032836301,0.037360415,0.010520448,0.28475088,0.09375721,0.7905354,0.015932465,0.09592357,0.01852416,0.19903044,0.041357372,null,null,null,null,"TWOGAUSSIANS",8,7.685012,0.2160061,0.0032831829,0.20921834,0.05891451,0.2847251,0.09376211,0.7905354,0.015932465,0.4,0.0,0.19899403,0.04123553
375316653866487564,4657929106875107328,0.42174572,2217.924310898639,0.05178833801219845,5.9701935E-5,19.121067,0.09560364,0.2906574,0.016414551,0.10134861,0.02966681,0.21370897,0.088012844,0.7486615,0.04047586,0.12938073,0.06731288,0.17761639,0.10995511,null,null,null,null,"TWOGAUSSIANS",8,7.6858034,0.29106742,0.015960228,0.4,0.0,0.18996514,0.026058845,0.7486615,0.04047586,0.4,0.0,0.15351385,0.054086786
375316653866487564,4657929141236582400,0.5158044,2202.3935619724907,0.35077485942800984,1.9804578E-5,18.578396,0.009746272,0.17902549,0.0043188464,0.051674403,0.0077238763,0.43103346,0.03930877,0.6745709,0.0054509086,0.06919532,0.010354572,0.21080767,0.09277631,null,null,null,null,"TWOGAUSSIANS",8,4.2020245,0.17902549,0.0043188464,0.28937665,0.043253705,0.43094066,0.039462294,0.6745709,0.0054509086,0.3874938,0.057985604,0.21071486,0.09283783
375316653866487564,4657929145410853376,0.432747,2203.7485074132846,0.9363702791410078,3.205785E-5,18.032776,0.21487625,0.32766107,0.016563462,0.17906968,0.08371038,0.23327148,0.1965034,0.8193594,0.010639361,0.17467801,0.07451669,0.21214887,0.20023493,null,null,null,null,"TWOGAUSSIANS",8,3.611262,0.33013105,0.015037184,0.4,0.0,0.081874914,0.011448751,0.8193594,0.010639361,0.4,0.0,0.06315255,0.0075565116
375316653866487564,4657929214131115264,0.41833532,2224.1912253581368,0.906358747986515,1.9845455E-5,17.495337,0.0035917105,0.5229182,0.01817144,0.020776452,0.029794414,0.14867577,0.15551665,0.9037525,0.0036857205,0.02004353,0.0035572434,0.033119358,0.00369707,null,null,null,null,"TWOGAUSSIANS",8,3.972221,0.5229182,0.01817144,0.11634813,0.1668487,0.14867577,0.15551665,0.9037525,0.0036857205,0.112243764,0.019920563,0.033119358,0.00369707
375316653866487564,4657929385881096064,0.4458649,2208.303540036083,1.255712267952529,2.742109E-5,18.740665,0.2057559,0.23889811,0.0053127473,0.027767098,0.0064986814,0.17142442,0.026494589,0.49308756,0.03578061,0.29787743,0.23274378,0.2227097,0.18861645,null,null,null,null,"TWOGAUSSIANS",8,5.547037,0.24052812,0.0042748232,0.15549575,0.036392614,0.22730693,0.04097086,0.49308756,0.03578061,0.4,0.0,0.115416884,0.0102082165
375316653866487564,4657929553530271104,0.4283308,2171.435845321094,0.09055489464642061,6.8385365E-5,19.118814,0.025971895,0.210807,3.254146E-4,0.022535821,0.0036466604,0.2315987,0.016752392,0.6628077,0.02042533,0.15202214,0.038629953,0.11704509,0.026057541,null,null,null,null,"TWOGAUSSIANS",8,4.3927135,0.210857,2.4234102E-4,0.1262006,0.020421298,0.23165482,0.017404879,0.6628077,0.02042533,0.4,0.0,0.115515746,0.021967974
375316653866487564,4657929626399246464,0.48845834,2268.585623978754,0.5260153948281369,4.8381564E-5,19.561934,0.13833377,0.2923866,0.029239522,0.20417306,0.095512435,0.28207284,0.12380298,0.70018685,0.020552907,0.08145682,0.0114388745,0.42995426,0.05696701,null,null,null,null,"TWOGAUSSIANS",8,1.5024174,0.70018685,0.020552907,0.4,0.0,0.40544844,0.044933278,0.2923966,0.029203828,0.4,0.0,0.21499023,0.025716184
375316653866487564,4657929695118125312,0.43904087,2251.4065715399597,1.782942649059402,7.756858E-5,19.701508,0.030163381,0.6456791,0.016463399,0.06269463,0.013686969,0.29826385,0.059052784,0.36565635,0.010074604,0.07072666,0.009937567,0.2980209,0.043606702,null,null,null,null,"TWOGAUSSIANS",8,5.3037686,0.6455891,0.016488893,0.35108992,0.07664703,0.29838145,0.059107676,0.36567634,0.010018904,0.39606932,0.044808146,0.29803452,0.04363929
375316653866487564,4657929798246210816,0.49573278,2221.6528011650107,0.316481721126152,2.9101822E-5,11.299267,1.1071409,0.27836418,0.012991902,0.10088453,0.13271047,0.17497875,1.0455213,0.7876043,0.010730028,0.11373259,0.07978428,0.22109535,0.860021,null,null,null,null,"TWOGAUSSIANS",8,1058.2856,0.7876043,0.007306404,0.4,0.0,0.19741823,0.018200617,0.27834415,0.01468227,0.4,0.0,0.15132967,0.022150837
375316653866487564,4657929798246223360,0.4324286,2192.306537418151,0.6369662701892149,5.3002692E-5,18.464794,0.0144023895,0.18045817,0.026471926,0.05821461,0.03259819,0.13938911,0.23572914,0.7441648,0.017346602,0.123444304,0.02859585,0.13626945,0.0147466315,null,null,null,null,"TWOGAUSSIANS",8,10.600366,0.18027818,0.02643983,0.3260018,0.18254985,0.13758822,0.23670833,0.7441648,0.017346602,0.4,0.0,0.13419965,0.015277632
375316653866487564,4657929832606251392,0.45449457,2226.4835440548027,1.0013618547524679,1.393064E-5,18.787971,0.007445881,0.24598335,0.0035264024,0.06542842,0.006457413,0.116625704,0.0112623675,0.6869048,0.017346093,0.103403,0.0225545,0.08646127,0.017078409,null,null,null,null,"TWOGAUSSIANS",8,1.3869419,0.24599335,0.0035249325,0.36639917,0.036161516,0.11585372,0.0107655935,0.6869048,0.017346093,0.4,0.0,0.0856795,0.018159302
375316653866487564,4657929901325636736,0.4278194,2203.8161224205473,0.601935011089797,6.582904E-5,18.351017,0.016783187,0.45838958,0.0168349,0.15664883,0.031859506,0.1274506,0.017509835,0.029845953,0.016854972,0.05082604,0.013679845,0.09665656,0.020673648,null,null,null,null,"TWOGAUSSIANS",8,7.578955,0.45838958,0.0168349,0.4,0.0,0.12268528,0.013905388,0.031185953,0.016177,0.28462583,0.07660714,0.09510968,0.01672197
375316653866487564,4657930000213764864,0.44028637,2213.137814540738,0.6769270263948938,1.1891222E-4,19.42172,0.024501873,0.29332396,0.020160317,0.067407355,0.027871968,0.16049743,0.023047706,0.7741829,0.014212743,0.07848896,0.017960114,0.19541335,0.040408246,null,null,null,null,"TWOGAUSSIANS",8,3.6937108,0.7741829,0.014212743,0.4,0.023517696,0.19477972,0.03979681,0.29332396,0.020160317,0.37748116,0.06324996,0.1598638,0.02054548
375316653866487564,4657930206388134528,0.4410101,2217.15231562116,0.2939460539773608,5.930461E-5,19.669931,0.024523843,0.33476678,0.00891959,0.06699079,0.013175491,0.22549379,0.07301575,0.77731645,0.06229289,0.09104126,0.06367619,0.19155163,0.10369296,null,null,null,null,"TWOGAUSSIANS",8,3.400061,0.33476678,0.008923675,0.37514845,0.06839163,0.22469102,0.072893344,0.77731645,0.06229289,0.4,0.17502181,0.19074744,0.10421241
375316653866487564,4657930240732048512,0.45566973,2184.7456677553323,0.1673012457056879,4.569109E-5,19.796352,0.019190725,0.29329008,0.007150377,0.024555895,0.02165065,0.40550476,2.209798E25,0.62414956,0.006229832,0.018016541,0.0071047414,0.12526278,0.029115833,0.06883309,0.03418103,0.29329008,0.007150377,"TWOGAUSSIANS_WITH_ELLIPSOIDAL_ON_ECLIPSE1",9,5.035388,0.29329008,0.007150377,0.13751301,0.12124364,0.54317063,2.209798E25,0.6260896,0.0072842627,0.10089263,0.03978655,0.15855579,0.041495863
375316653866487564,4657930412546533504,0.4770981,2204.849877300928,0.6580186701082296,2.7152471E-5,18.534618,0.0068401736,0.32337645,0.005375919,0.042340048,0.00688566,0.28978968,0.05371506,0.82226926,0.04803407,0.037117995,0.02584653,0.0420138,0.093268655,null,null,null,null,"TWOGAUSSIANS",8,8.16518,0.32337645,0.005375919,0.23710425,0.038559698,0.28978968,0.05371506,0.82226926,0.04803407,0.20786077,0.14474057,0.0420138,0.093268655
375316653866487564,4657930446907234176,0.42193112,2209.472437982332,0.7276689648131224,7.311009E-5,17.960543,0.0055616056,0.36746365,0.022590538,0.03867821,0.029433856,0.10266071,0.07705854,0.8466453,0.036298435,0.023482813,0.011462507,0.07906908,0.015789961,null,null,null,null,"TWOGAUSSIANS",8,7.4694204,0.36746365,0.022590538,0.21659797,0.16482958,0.10266071,0.07705854,0.8466453,0.036298435,0.13150376,0.06419004,0.07906908,0.015789961
375316653866487564,4657930519751425536,0.43647137,2183.0706579098946,1.2733487541100124,3.8661427E-5,18.967459,0.011735523,0.27493685,0.013688968,0.06217702,0.013732702,0.11707271,0.01035705,0.84244454,0.0042846194,0.04885319,0.00619042,0.165947,0.017713701,null,null,null,null,"TWOGAUSSIANS",8,3.8152204,0.84244454,0.0042846194,0.27357787,0.034666352,0.16594644,0.017713536,0.27493685,0.013688968,0.34819132,0.076397404,0.117072135,0.010355294
375316653866487564,4657930725958628864,0.43124261,2247.835894929427,0.5001669958697681,9.1452195E-5,18.67621,0.32826427,0.079844125,0.02454812,0.049108975,0.019370593,0.23465069,0.12002768,0.6691222,0.01178634,0.2900178,0.08933715,0.5754563,0.30639347,null,null,null,null,"TWOGAUSSIANS",8,7.6367598,0.6691222,0.01178634,0.4,0.0,0.30639198,0.03633673,0.07416413,0.02927448,0.27501026,0.10847532,0.24818347,0.11191612
375316653866487564,4657930932117366912,0.43262637,2201.666925341098,3.738036177426386,7.113887E-5,18.60093,0.097672574,0.14198145,0.030495716,0.05683833,0.02002245,0.06918418,0.022335928,0.57920575,0.02140742,0.20381258,0.110339135,0.12332123,0.09247996,null,null,null,null,"TWOGAUSSIANS",8,4.149056,0.57920575,0.02140742,0.4,0.0,0.103477806,0.0145583395,0.14667144,0.028455092,0.31829464,0.112125725,0.06463427,0.012759893
375316653866487564,4657930966427934080,0.44438636,2230.5562372195636,1.5720477139600006,2.4986502E-5,18.130075,0.009456938,0.14098614,0.016500661,0.05749732,0.020942677,0.03337499,0.010135694,0.740527,0.013017213,0.08150037,0.015434933,0.12667826,0.01972524,null,null,null,null,"TWOGAUSSIANS",8,2.7546194,0.740527,0.013017213,0.4,0.0,0.12666523,0.01971398,0.14098614,0.01651602,0.32198498,0.117278986,0.03336269,0.010058085
375316653866487564,4657931000836761472,0.43439245,2218.6198111891395,1.0699375463618894,8.296961E-5,18.952618,0.00849983,0.4685791,0.029473912,0.017093066,0.0170863,0.07216116,3282.8435,0.6873087,0.00255359,0.0419927,0.004204127,0.1632571,0.0090285335,null,null,null,null,"TWOGAUSSIANS",8,2.5924876,0.6873087,0.00255359,0.23515913,0.023543112,0.1632571,0.0090285335,0.4685791,0.029473912,0.09572117,0.09568327,0.07216137,3282.8435
375316653866487564,4657931035147124480,0.43675622,2197.345938504911,0.39321079722653496,3.2582113E-5,18.976717,0.009253944,0.32029,0.02811169,0.019738778,0.023257133,0.151763,0.07778264,0.82664895,0.009400606,0.039314933,0.012036513,0.12521692,0.035645816,null,null,null,null,"TWOGAUSSIANS",8,2.7507417,0.32029,0.02811169,0.110537164,0.13023995,0.151763,0.07778264,0.82664895,0.009400606,0.22016363,0.06740447,0.12521692,0.035645816
375316653866487564,4657931035196535040,0.43311602,2181.831037044958,0.46270119910807184,6.369309E-5,19.697369,0.04408673,0.30859634,0.052256357,0.0918524,0.08612801,0.2979231,0.085272096,0.74259835,0.13195296,0.15259849,0.13873671,0.20766656,0.058372393,null,null,null,null,"TWOGAUSSIANS",8,3.6464005,0.31043637,0.049832154,0.4,0.0,0.2708267,0.073709294,0.74259835,0.13195296,0.4,0.1602837,0.17666465,0.048965253
375316653866487564,4657931172635363456,0.5569139,2244.511249033363,0.023666039141253876,8.693098E-6,16.930622,0.0020006795,0.29393274,0.0014125323,0.023840254,0.00224755,0.1549228,0.007433399,0.8006268,0.0144283185,0.026150906,0.01276249,0.07022592,0.009686134,null,null,null,null,"TWOGAUSSIANS",8,3.353558,0.29393274,0.0014125323,0.13350542,0.01258628,0.1549228,0.007433399,0.8006268,0.0144283185,0.14644508,0.07146994,0.07022592,0.009686134
375316653866487564,4657931275714347648,0.45226473,2264.131896030595,0.6738637501385886,6.374537E-5,18.952501,0.006137495,0.14470205,0.03689938,0.026462259,0.012588845,0.22347052,0.34258825,0.37028277,0.017849393,0.05121036,0.013713628,0.09302685,0.021794,null,null,null,null,"TWOGAUSSIANS",8,1.966461,0.14470205,0.036899026,0.14818865,0.07049753,0.22347622,0.34258544,0.37028277,0.017849393,0.286778,0.076796316,0.09302685,0.021796165
375316653866487564,4657931275740884096,0.4285564,2192.856810400818,0.4446845764599098,8.048669E-5,18.836412,0.01480552,0.39871532,0.0083756605,0.060286164,0.012516938,0.34513673,0.14488336,0.89712995,0.020860905,0.054073893,0.020457366,0.1468417,0.22093342,null,null,null,null,"TWOGAUSSIANS",8,13.399048,0.39871532,0.0083756605,0.33760253,0.07009485,0.34510624,0.14494362,0.89712995,0.020860905,0.3028138,0.11456125,0.14681123,0.22095826
375316653866487564,4657931340208310144,0.4754979,2197.736020737385,1.1698278194519014,6.595637E-5,19.783554,0.039329298,0.35794976,0.10095546,0.2160755,0.13500564,0.12381371,0.04067659,0.7064539,0.009272342,0.06207809,0.010275301,0.27537373,0.04141404,null,null,null,null,"TWOGAUSSIANS",8,2.0268402,0.7064539,0.009272342,0.3476373,0.057541687,0.2899832,0.033860296,0.35794976,0.10095444,0.4,0.0,0.10339472,0.021626908
