Gaia/vari_eclipsing_binary/VariEclipsingBinary_685137-685147.csv
# %ECSV 1.0
# ---
# delimiter: ','
# meta: !!omap
# - RELEASE: Gaia DR3
# - TABLE: vari_eclipsing_binary
# - DESCRIPTION: >
#     This table describes the properties of the eclipsing binaries resulting from the variability analysis. 
# - CITATION: >
#     How to cite and acknowledge Gaia: 
#     https://gea.esac.esa.int/archive/documentation/credits.html 
# - KNOWN_ISSUES: >
#     Known issues: 
#     https://www.cosmos.esa.int/web/gaia-users/known-issues 
# - DOCUMENTATION: >
#     Tutorials and documentation: 
#     https://www.cosmos.esa.int/web/gaia-users/archive 
# datatype:
# - 
#   name: solution_id
#   datatype: int64
#   description: Solution Identifier
#   meta:
#     ucd: meta.version
# - 
#   name: source_id
#   datatype: int64
#   description: Unique source identifier
#   meta:
#     ucd: meta.id;meta.main
# - 
#   name: global_ranking
#   datatype: float32
#   description: Number between 0 (worst) and 1 (best)
#   meta:
#     ucd: stat.param
# - 
#   name: reference_time
#   datatype: float64
#   unit: d
#   description: Reference time used for the geometric model fit
#   meta:
#     ucd: time.epoch
# - 
#   name: frequency
#   datatype: float64
#   unit: d**-1
#   description: Frequency of geometric model of the eclipsing binary light curve
#   meta:
#     ucd: src.orbital
# - 
#   name: frequency_error
#   datatype: float32
#   unit: d**-1
#   description: "Uncertainty of \\texttt{frequency}"
#   meta:
#     ucd: stat.error
# - 
#   name: geom_model_reference_level
#   datatype: float32
#   unit: mag
#   description: Magnitude reference level of geometric model
#   meta:
#     ucd: phot.mag;em.opt
# - 
#   name: geom_model_reference_level_error
#   datatype: float32
#   unit: mag
#   description: "Uncertainty of \\texttt{geomModelReferenceLevel}"
#   meta:
#     ucd: stat.error;phot.mag;em.opt
# - 
#   name: geom_model_gaussian1_phase
#   datatype: float32
#   description: Phase of the Gaussian 1 component
#   meta:
#     ucd: time.phase
# - 
#   name: geom_model_gaussian1_phase_error
#   datatype: float32
#   description: "Uncertainty of \\texttt{geomModelGaussian1Phase}"
#   meta:
#     ucd: stat.error;time.phase
# - 
#   name: geom_model_gaussian1_sigma
#   datatype: float32
#   description: "Standard deviation [phase] of Gaussian 1 component"
#   meta:
#     ucd: stat.stdev
# - 
#   name: geom_model_gaussian1_sigma_error
#   datatype: float32
#   description: "Uncertainty of \\texttt{geomModelGaussian1Sigma}"
#   meta:
#     ucd: stat.error
# - 
#   name: geom_model_gaussian1_depth
#   datatype: float32
#   unit: mag
#   description: Magnitude depth of Gaussian 1 component
#   meta:
#     ucd: src.var.amplitude
# - 
#   name: geom_model_gaussian1_depth_error
#   datatype: float32
#   unit: mag
#   description: "Uncertainty of \\texttt{geomModelGaussian1Depth}"
#   meta:
#     ucd: stat.error;src.var.amplitude
# - 
#   name: geom_model_gaussian2_phase
#   datatype: float32
#   description: Phase of Gaussian 2 component
#   meta:
#     ucd: time.phase
# - 
#   name: geom_model_gaussian2_phase_error
#   datatype: float32
#   description: "Uncertainty of \\texttt{geomModelGaussian2Phase}"
#   meta:
#     ucd: stat.error;time.phase
# - 
#   name: geom_model_gaussian2_sigma
#   datatype: float32
[...]
#   datatype: float32
#   description: "Secondary eclipse: uncertainty of \\texttt{derivedSecondaryEclDuration}"
#   meta:
#     ucd: stat.error;time.duration
# - 
#   name: derived_secondary_ecl_depth
#   datatype: float32
#   unit: mag
#   description: "Secondary eclipse: depth"
#   meta:
#     ucd: src.var.amplitude
# - 
#   name: derived_secondary_ecl_depth_error
#   datatype: float32
#   unit: mag
#   description: "Secondary eclipse: uncertainty of \\texttt{derivedSecondaryEclDepth}"
#   meta:
#     ucd: stat.error;src.var.amplitude
solution_id,source_id,global_ranking,reference_time,frequency,frequency_error,geom_model_reference_level,geom_model_reference_level_error,geom_model_gaussian1_phase,geom_model_gaussian1_phase_error,geom_model_gaussian1_sigma,geom_model_gaussian1_sigma_error,geom_model_gaussian1_depth,geom_model_gaussian1_depth_error,geom_model_gaussian2_phase,geom_model_gaussian2_phase_error,geom_model_gaussian2_sigma,geom_model_gaussian2_sigma_error,geom_model_gaussian2_depth,geom_model_gaussian2_depth_error,geom_model_cosine_half_period_amplitude,geom_model_cosine_half_period_amplitude_error,geom_model_cosine_half_period_phase,geom_model_cosine_half_period_phase_error,model_type,num_model_parameters,reduced_chi2,derived_primary_ecl_phase,derived_primary_ecl_phase_error,derived_primary_ecl_duration,derived_primary_ecl_duration_error,derived_primary_ecl_depth,derived_primary_ecl_depth_error,derived_secondary_ecl_phase,derived_secondary_ecl_phase_error,derived_secondary_ecl_duration,derived_secondary_ecl_duration_error,derived_secondary_ecl_depth,derived_secondary_ecl_depth_error
[from data line 185]
375316653866487564,6026564626486435072,0.51355577,2278.4656781500703,3.040870617473188,1.7549131E-5,18.537033,0.01339223,0.2027085,0.0042491113,0.093570955,0.008213693,0.22991587,0.013418241,0.70747954,0.0035765055,0.09151948,0.0065933773,0.2537167,0.014514271,null,null,null,null,"TWOGAUSSIANS",8,3.5390024,0.70747954,0.0035765055,0.4,0.0,0.242006,0.0119604515,0.2027085,0.0042491113,0.4,0.0,0.21820506,0.009892441
375316653866487564,6026564695279560704,0.5615438,2244.3150358050393,1.6501383685571223,1.1125664E-5,16.415386,0.004220634,0.28305396,0.0034525425,0.07819857,0.003322159,0.35834402,0.011348633,0.7852252,0.0027753492,0.102872714,0.0043605966,0.14393343,0.0047226315,null,null,null,null,"TWOGAUSSIANS",8,7.3609676,0.28305396,0.0034525425,0.4,0.0,0.34953278,0.011201812,0.7852252,0.0027753492,0.4,0.0,0.13512005,0.0036238178
375316653866487564,6026564832645183104,0.5292737,2270.792062676769,2.310316967464206,1.22188785E-5,19.043957,0.01136338,0.23219484,0.0031972737,0.08400794,0.004979399,0.45984823,0.019520659,0.7406607,0.0032470557,0.074597724,0.00587465,0.2448168,0.020501142,null,null,null,null,"TWOGAUSSIANS",8,2.5358264,0.23219484,0.0031972737,0.4,0.0,0.45585927,0.019665595,0.7406607,0.0032470557,0.4,0.0,0.24082786,0.020614471
375316653866487564,6026564867078429824,0.50864094,2258.701323614464,1.523298220553981,1.7640534E-5,15.090459,0.0057322592,0.30853653,0.0035341594,0.114962585,0.014673262,0.052479174,0.004739659,0.8168549,0.006993386,0.094192654,0.018799294,0.029028203,0.005178108,null,null,null,null,"TWOGAUSSIANS",8,5.7494516,0.30853653,0.0035341594,0.4,0.0,0.048322216,0.0019481005,0.81688493,0.0070501794,0.4,0.0,0.024879778,0.0023272212
375316653866487564,6026564970084267776,0.44012684,2254.970425675719,4.8860408313815284,1.0157382E-4,18.776596,0.39416778,0.9485428,0.019506846,0.044796076,0.015192538,0.2392987,0.19108514,0.5000004,0.010449294,0.2550292,0.08979856,0.8170601,0.3593578,null,null,null,null,"TWOGAUSSIANS",8,42.44094,0.5000004,0.010449294,0.4,0.0,0.54920095,0.0714372,0.9436528,0.02456256,0.250858,0.08507821,0.22486024,0.18533099
375316653866487564,6026565038804000640,0.4914354,2223.8498799250347,2.4555213157982037,2.9252902E-5,19.344725,0.04495832,0.25316748,0.0054750238,0.09775264,0.019243577,0.2690831,0.03887282,0.76881754,0.0052380855,0.114045076,0.019489164,0.23868404,0.04102006,null,null,null,null,"TWOGAUSSIANS",8,1.3069558,0.25313747,0.005478969,0.4,0.0,0.24319954,0.019261878,0.76881754,0.0052404096,0.4,0.0,0.21276438,0.018775336
375316653866487564,6026565073163645312,0.48509654,2274.1274690574455,2.7432202005661086,2.281645E-5,19.658413,0.00851536,null,null,null,null,null,null,null,null,null,null,null,null,0.16454515,0.011801504,0.2516398,0.0055477107,"ELLIPSOIDAL",4,4.3271637,null,null,null,null,null,null,null,null,null,null,null,null
375316653866487564,6026565244962464512,0.47290662,2247.872671463485,0.8280454176074534,2.9048093E-5,19.212141,0.00994511,0.3326458,0.018969052,0.019803017,0.014594884,0.2831793,0.078196935,0.6128634,0.039640456,0.17146918,0.054920755,0.053891324,0.0122765,null,null,null,null,"TWOGAUSSIANS",8,2.9199626,0.33283582,0.01919572,0.1108969,0.08173135,0.295842,0.07713687,0.6128634,0.039640456,0.4,0.0,0.05235612,0.01217255
375316653866487564,6026565279322613504,0.45939347,2289.051329029133,0.11124250189595238,2.2380646E-5,19.728403,0.059719656,0.2912859,0.005208506,0.11481447,0.014891235,0.7058724,0.08519446,0.8036575,0.026378501,0.09430119,0.036890663,0.32787964,0.05332542,null,null,null,null,"TWOGAUSSIANS",8,3.7337468,0.2912859,0.005208506,0.4,0.0,0.6568556,0.10200154,0.8037075,0.02634571,0.4,0.044842716,0.27898112,0.08173698
375316653866487564,6026565515526237952,0.5246645,2261.8536525512404,0.9385479882003075,3.5006804E-5,16.686008,0.0048561776,0.27619058,0.0018825744,0.04502314,0.002515556,0.34091258,0.009062165,0.7660119,0.021726003,0.048660222,0.009973719,0.03976882,0.018902887,0.0133159645,0.0063812914,0.27619058,0.0018825744,"TWOGAUSSIANS_WITH_ELLIPSOIDAL_ON_ECLIPSE1",9,20.780886,0.27619058,0.0018825744,0.25212958,0.0140871145,0.3675444,0.0075716064,0.7671419,0.019498562,0.27249727,0.055852827,0.06630391,0.012660871
375316653866487564,6026565519840918144,0.5577322,2247.371897792861,0.31525185018301505,1.146603E-5,18.351511,0.008369381,0.23933662,0.002118138,0.034933902,0.0034618068,0.5499483,0.06442293,0.74143064,0.0014082511,0.034429174,0.0018906035,0.700831,0.04400167,0.058237243,0.01917991,0.23933662,0.002118138,"TWOGAUSSIANS_WITH_ELLIPSOIDAL_ON_ECLIPSE1",9,10.739767,0.74143064,0.0014082511,0.19280338,0.010587379,0.8172852,0.04951629,0.23933662,0.002118138,0.19562985,0.019386118,0.66642267,0.06910417
375316653866487564,6026565622992720512,0.5369711,2260.706053514421,2.2439205069084576,8.0161335E-6,18.739725,0.010233751,0.26809165,0.0064019007,0.07789569,0.005848721,0.41928107,0.029527295,0.76770777,0.0038513478,0.08477171,0.004613016,0.4511986,0.019445999,null,null,null,null,"TWOGAUSSIANS",8,4.835047,0.76770777,0.0038513478,0.4,0.0,0.44352466,0.019544324,0.26809165,0.0064019007,0.4,0.0,0.41160715,0.030202324
375316653866487564,6026566069596924544,0.43699545,2259.5123704063326,0.0644701764442849,3.6179375E-5,19.212345,0.010290584,0.2367649,1.2526638E-4,0.0019332874,1.717386E-4,0.6656219,0.11938579,0.69142574,0.03552676,0.1155083,0.017948978,0.07857516,0.022046998,null,null,null,null,"TWOGAUSSIANS",8,5.807861,0.2367649,1.2526638E-4,0.01082641,9.6173614E-4,0.6656436,0.11938661,0.69142574,0.03552676,0.4,0.0,0.078561746,0.022042496
375316653866487564,6026566241394233856,0.525948,2243.755593398995,3.086867652499172,1.4713161E-5,18.79673,0.009631798,0.30194697,0.0044271317,0.09704693,0.008320065,0.21283258,0.013375396,0.8026541,0.0029404934,0.082888804,0.0057042297,0.26567948,0.0095855575,null,null,null,null,"TWOGAUSSIANS",8,2.3126304,0.8026541,0.0029404934,0.4,0.0,0.25591856,0.0080365725,0.30194697,0.0044271317,0.4,0.0,0.20307097,0.014438855
375316653866487564,6026566344473478016,0.48099977,2242.8304624139682,1.8891736112551254,1.7528719E-5,18.39828,0.009064446,0.25144377,0.0053836163,0.04259076,0.021594333,0.0667009,0.02545661,0.75547343,0.008874137,0.018637452,0.021552186,0.10494146,65.166435,0.09942948,0.014197132,0.25144377,0.0053836163,"TWOGAUSSIANS_WITH_ELLIPSOIDAL_ON_ECLIPSE1",9,10.214052,0.75547343,0.008708757,0.10436973,0.120692246,0.30367294,65.1705,0.25144377,0.0053836163,0.23850825,0.12092826,0.26555982,0.022351159
375316653866487564,6026566378833417472,0.53952223,2245.4347224159906,2.8943221809880977,1.4077396E-5,17.399807,0.014885009,0.22323287,0.003930196,0.09875106,0.009047412,0.21032028,0.014135211,0.7312295,0.0034202605,0.106020585,0.009023237,0.1856382,0.014080205,null,null,null,null,"TWOGAUSSIANS",8,5.4861712,0.22323287,0.003931857,0.4,0.0,0.19217986,0.009583007,0.7312295,0.0034202605,0.4,0.0,0.1674932,0.0062837033
375316653866487564,6026566413267649408,0.5592725,2270.915388599878,0.22055443828961901,1.9563195E-5,17.84114,0.0053023887,0.2133876,0.0027428383,0.028454445,0.0031772363,0.8548541,0.23559879,0.7238153,0.010353548,0.032198805,0.010597584,0.10849282,0.024314897,0.0434723,0.0077445214,0.2133876,0.0027428383,"TWOGAUSSIANS_WITH_ELLIPSOIDAL_ON_ECLIPSE1",9,10.35319,0.2133876,0.0027428383,0.1593449,0.017792523,0.9417987,0.23969564,0.7238153,0.010353548,0.1803133,0.05934647,0.1950647,0.02010323
375316653866487564,6026566786836735616,0.5633416,2258.634234914557,0.18970590859494155,1.4984496E-5,17.545162,0.0036569536,0.16999958,0.008660736,0.02174006,0.0071579185,0.42901218,0.07968034,0.6756305,8.899895E-4,0.017089097,7.5004937E-4,0.43925664,0.013580852,0.021289734,0.007963705,0.16999958,0.008660736,"TWOGAUSSIANS_WITH_ELLIPSOIDAL_ON_ECLIPSE1",9,10.862931,0.6756305,8.899895E-4,0.09569894,0.0042002765,0.48178282,0.014188446,0.16999958,0.008660736,0.12174434,0.040084343,0.47159165,0.0791194
375316653866487564,6026566791150502144,0.44648737,2280.965443367032,0.0775969580996932,2.9582485E-5,19.49076,0.014433022,0.19859661,0.015897037,0.0551491,0.018830989,0.47746637,0.40806913,0.5632218,0.0057913843,0.07753584,0.015472432,0.1908814,0.035546746,null,null,null,null,"TWOGAUSSIANS",8,2.9621978,0.19859661,0.015895506,0.30883497,0.10545354,0.47746366,0.40807703,0.5632218,0.0057913843,0.4,0.0,0.19087568,0.035560086
375316653866487564,6026567027357355008,0.48615515,2263.5754954919503,2.7318375966693336,3.3386605E-5,13.274983,0.025023486,0.26981336,0.0063710148,0.10181889,0.016814495,0.24497972,0.020581454,0.7832683,0.008382593,0.09021,0.013691581,0.22129972,0.026123114,null,null,null,null,"TWOGAUSSIANS",8,1496.2628,0.26981336,0.0063710148,0.4,0.0,0.23191378,0.016048683,0.7832683,0.008391622,0.4,0.0,0.20823708,0.018861847
375316653866487564,6026567233513557120,0.5458702,2270.315951027427,2.4063114385993805,1.4625218E-5,14.185193,0.01976188,0.20657974,0.005198066,0.1061998,0.010752419,0.23660432,0.019174658,0.70983434,0.001764929,0.10190796,0.010746698,0.2376388,0.015067845,null,null,null,null,"TWOGAUSSIANS",8,170.03186,0.70983434,0.001764929,0.4,0.0,0.21217677,0.010689934,0.20657974,0.005198066,0.4,0.0,0.21113779,0.0054668374
375316653866487564,6026567237827742336,0.4367912,2294.116011241713,3.995038093534039,3.0349662E-5,19.672985,0.05797595,0.21921352,0.04740966,0.15333372,0.06649116,0.20883192,0.063643396,0.5378172,0.016748995,0.07216093,0.015179832,0.44860607,0.076920584,null,null,null,null,"TWOGAUSSIANS",8,3.3798807,0.5378172,0.016748995,0.4,0.040930424,0.4674438,0.07191419,0.2193935,0.04751152,0.4,0.0,0.20357086,0.05966421
375316653866487564,6026567237900519168,0.4860478,2260.0618259929074,1.0929818347948892,1.4214969E-4,17.549442,0.002021675,0.4272077,0.00875816,0.02950763,0.0067995205,0.23354399,0.04218225,0.88575584,0.032720868,0.043246295,0.017514547,0.016324703,0.0042761797,null,null,null,null,"TWOGAUSSIANS",8,7.266948,0.4272077,0.00875816,0.16524273,0.038077313,0.23354399,0.04218225,0.88575584,0.032720868,0.24217926,0.09808146,0.016324703,0.0042761797
375316653866487564,6026567508435484928,0.5340069,2259.8810610952632,2.548455153090572,1.7666813E-5,18.68694,0.0145108355,0.2970248,0.005034737,0.05820467,0.011231941,0.18910047,0.042227067,0.770968,0.0052455133,0.054692294,0.00819284,0.23356342,0.035921596,0.106756635,0.020311536,0.2970248,0.005034737,"TWOGAUSSIANS_WITH_ELLIPSOIDAL_ON_ECLIPSE1",9,6.175469,0.77555805,0.0043414906,0.30627686,0.045879904,0.4423754,0.017296638,0.2970248,0.005034737,0.32594615,0.062898874,0.40259436,0.02361821
375316653866487564,6026567577154934784,0.59747535,2259.4089904720054,1.1487547550178572,7.089791E-6,16.806343,0.0085693225,0.26512307,0.002215334,0.081270956,0.0033039292,0.45472732,0.010440953,0.7713514,0.0016594358,0.088752344,0.00287149,0.4018298,0.010732096,null,null,null,null,"TWOGAUSSIANS",8,16.531466,0.26512307,0.002215334,0.4,0.0,0.44461122,0.010124698,0.7713514,0.0016594358,0.4,0.0,0.3917136,0.0100550605
375316653866487564,6026567650145283200,0.509294,2237.467716601293,2.521790384407337,1.6873373E-5,19.552784,0.01852772,0.2877501,0.0052185366,0.08134132,0.0068927193,0.34415144,0.02567215,0.7670187,0.003404304,0.06302435,0.0045905,0.5673072,0.03633174,null,null,null,null,"TWOGAUSSIANS",8,4.348994,0.7670187,0.003404304,0.3529364,0.025706802,0.56604433,0.0361631,0.2877501,0.0052185366,0.4,0.0,0.34288856,0.025319435
375316653866487564,6026567890735687936,0.49180853,2263.7356082197493,2.5063334260839523,2.8987468E-5,18.900799,0.0064216503,0.27543995,0.0064743618,0.07355712,0.008366895,0.2650847,0.04094157,0.7647435,0.009414362,0.09034314,0.010201088,0.11077892,0.008056323,null,null,null,null,"TWOGAUSSIANS",8,2.2693093,0.27543995,0.0064743618,0.4,0.008952273,0.26258457,0.04191764,0.7647435,0.009414362,0.4,0.0,0.108278714,0.007092126
375316653866487564,6026568401778095872,0.47436965,2271.292427113175,1.6045303707860432,1.7761038E-5,18.094706,0.5037907,0.18559721,0.0056433054,0.12201653,0.06032712,0.27033478,0.4399096,0.68288225,0.00473624,0.1257549,0.0811529,0.26677635,0.47392902,null,null,null,null,"TWOGAUSSIANS",8,9.523028,0.1856272,0.0058175065,0.4,0.0,0.20198035,0.015579712,0.68288225,0.00473624,0.4,0.0,0.19834682,0.0242792
375316653866487564,6026568715297883264,0.6084619,2244.8042703189576,3.0398915486105786,8.737823E-6,19.273344,0.01065397,0.28337136,0.0019877465,0.051668562,0.0032641764,0.5426998,0.04342766,0.78568363,0.003985031,0.040547237,0.0039088484,0.35129502,0.037312195,0.1252637,0.013485005,0.28337136,0.0019877465,"TWOGAUSSIANS_WITH_ELLIPSOIDAL_ON_ECLIPSE1",9,1.5522782,0.28337136,0.0019877465,0.28934395,0.018279387,0.79322255,0.041247528,0.78568363,0.0039219377,0.22706452,0.02188955,0.6017649,0.029828824
375316653866487564,6026568818377119104,0.4315039,2271.8866077043385,3.3872757255708565,6.1954954E-5,18.81527,0.0051932996,null,null,null,null,null,null,null,null,null,null,null,null,0.047460034,0.008073557,0.22589247,0.01024735,"ELLIPSOIDAL",4,6.218629,null,null,null,null,null,null,null,null,null,null,null,null
375316653866487564,6026568951500223616,0.58650744,2254.891961169971,0.29079438312281847,2.6574012E-6,16.17753,0.0022387567,0.33723226,5.1329646E-4,0.011466866,0.0010318469,0.61295927,0.07872891,0.837123,0.001314605,0.013242634,0.0011296809,0.55932516,0.069675505,null,null,null,null,"TWOGAUSSIANS",8,26.559196,0.33723226,5.1329646E-4,0.064214446,0.0057783425,0.61295927,0.07872891,0.837123,0.001314605,0.07415875,0.0063262135,0.55932516,0.069675505
375316653866487564,6026569058894830848,0.43516734,2250.1558215578607,2.879142957199875,6.5135304E-5,19.490822,0.45888618,0.28318566,0.018763494,0.12319021,0.08569178,0.3018341,0.4403986,0.802417,0.019941272,0.11859751,0.08687769,0.30971855,0.4082473,null,null,null,null,"TWOGAUSSIANS",8,11.132259,0.80256695,0.019205196,0.4,0.0,0.24899045,0.07560332,0.28308564,0.018292641,0.4,0.0,0.24102023,0.0604536
375316653866487564,6026569260781917312,0.4206219,2255.610704498756,2.4910320181795917,4.9108876E-5,19.296192,0.029824879,0.26605377,0.014198045,0.0858111,0.023202691,0.2019028,0.028408535,0.8078734,0.01246131,0.09955489,0.02762339,0.14162739,0.03187774,null,null,null,null,"TWOGAUSSIANS",8,5.5833035,0.26604378,0.014183927,0.4,0.0,0.19728014,0.024006614,0.8078734,0.012461071,0.4,0.0,0.13700125,0.02679375
375316653866487564,6026569436852847360,0.50822115,2301.116623317914,2.0483791694905804,4.0769588E-5,18.964123,0.008852804,0.30893815,0.011234095,0.079984464,0.012689558,0.21904507,0.018299779,0.8133564,0.008568479,0.079240516,0.00837266,0.24138972,0.012044637,null,null,null,null,"TWOGAUSSIANS",8,2.7022874,0.8133564,0.008568479,0.4,0.0,0.23834725,0.011163004,0.30893815,0.011234095,0.4,0.0,0.2160026,0.017900115
375316653866487564,6026569814881601664,0.4862867,2258.499755644025,1.8050261228887197,2.0173147E-5,19.095762,0.0039596288,0.21574372,0.004277405,0.060394447,0.0041447845,0.25423244,0.018469697,0.71459645,0.014639987,0.05769562,0.012686453,0.17531998,0.034343943,null,null,null,null,"TWOGAUSSIANS",8,2.2436705,0.21574372,0.004277405,0.3382089,0.023210794,0.2541804,0.018479014,0.71459645,0.014639987,0.32309547,0.07104414,0.17526796,0.034374405
375316653866487564,6026570021071994880,0.4323118,2308.464894500894,1.0443383247469538,7.607086E-5,18.545778,0.008437046,0.21442845,0.004678113,0.030653164,0.0054666535,0.23848735,0.038541004,0.6864013,0.027424153,0.042801075,0.047251813,0.10571144,120.89754,null,null,null,null,"TWOGAUSSIANS",8,3.7743707,0.21442845,0.004678113,0.17165773,0.03061326,0.23848735,0.038541004,0.6864013,0.027424153,0.23968601,0.26461017,0.10571144,120.89754
