Gaia/vari_eclipsing_binary/VariEclipsingBinary_689117-689162.csv
# %ECSV 1.0
# ---
# delimiter: ','
# meta: !!omap
# - RELEASE: Gaia DR3
# - TABLE: vari_eclipsing_binary
# - DESCRIPTION: >
#     This table describes the properties of the eclipsing binaries resulting from the variability analysis. 
# - CITATION: >
#     How to cite and acknowledge Gaia: 
#     https://gea.esac.esa.int/archive/documentation/credits.html 
# - KNOWN_ISSUES: >
#     Known issues: 
#     https://www.cosmos.esa.int/web/gaia-users/known-issues 
# - DOCUMENTATION: >
#     Tutorials and documentation: 
#     https://www.cosmos.esa.int/web/gaia-users/archive 
# datatype:
# - 
#   name: solution_id
#   datatype: int64
#   description: Solution Identifier
#   meta:
#     ucd: meta.version
# - 
#   name: source_id
#   datatype: int64
#   description: Unique source identifier
#   meta:
#     ucd: meta.id;meta.main
# - 
#   name: global_ranking
#   datatype: float32
#   description: Number between 0 (worst) and 1 (best)
#   meta:
#     ucd: stat.param
# - 
#   name: reference_time
#   datatype: float64
#   unit: d
#   description: Reference time used for the geometric model fit
#   meta:
#     ucd: time.epoch
# - 
#   name: frequency
#   datatype: float64
#   unit: d**-1
#   description: Frequency of geometric model of the eclipsing binary light curve
#   meta:
#     ucd: src.orbital
# - 
#   name: frequency_error
#   datatype: float32
#   unit: d**-1
#   description: "Uncertainty of \\texttt{frequency}"
#   meta:
#     ucd: stat.error
# - 
#   name: geom_model_reference_level
#   datatype: float32
#   unit: mag
#   description: Magnitude reference level of geometric model
#   meta:
#     ucd: phot.mag;em.opt
# - 
#   name: geom_model_reference_level_error
#   datatype: float32
#   unit: mag
#   description: "Uncertainty of \\texttt{geomModelReferenceLevel}"
#   meta:
#     ucd: stat.error;phot.mag;em.opt
# - 
#   name: geom_model_gaussian1_phase
#   datatype: float32
#   description: Phase of the Gaussian 1 component
#   meta:
#     ucd: time.phase
# - 
#   name: geom_model_gaussian1_phase_error
#   datatype: float32
#   description: "Uncertainty of \\texttt{geomModelGaussian1Phase}"
#   meta:
#     ucd: stat.error;time.phase
# - 
#   name: geom_model_gaussian1_sigma
#   datatype: float32
#   description: "Standard deviation [phase] of Gaussian 1 component"
#   meta:
#     ucd: stat.stdev
# - 
#   name: geom_model_gaussian1_sigma_error
#   datatype: float32
#   description: "Uncertainty of \\texttt{geomModelGaussian1Sigma}"
#   meta:
#     ucd: stat.error
# - 
#   name: geom_model_gaussian1_depth
#   datatype: float32
#   unit: mag
#   description: Magnitude depth of Gaussian 1 component
#   meta:
#     ucd: src.var.amplitude
# - 
#   name: geom_model_gaussian1_depth_error
#   datatype: float32
#   unit: mag
#   description: "Uncertainty of \\texttt{geomModelGaussian1Depth}"
#   meta:
#     ucd: stat.error;src.var.amplitude
# - 
#   name: geom_model_gaussian2_phase
#   datatype: float32
#   description: Phase of Gaussian 2 component
#   meta:
#     ucd: time.phase
# - 
#   name: geom_model_gaussian2_phase_error
#   datatype: float32
#   description: "Uncertainty of \\texttt{geomModelGaussian2Phase}"
#   meta:
#     ucd: stat.error;time.phase
# - 
#   name: geom_model_gaussian2_sigma
#   datatype: float32
[...]
#   datatype: float32
#   description: "Secondary eclipse: uncertainty of \\texttt{derivedSecondaryEclDuration}"
#   meta:
#     ucd: stat.error;time.duration
# - 
#   name: derived_secondary_ecl_depth
#   datatype: float32
#   unit: mag
#   description: "Secondary eclipse: depth"
#   meta:
#     ucd: src.var.amplitude
# - 
#   name: derived_secondary_ecl_depth_error
#   datatype: float32
#   unit: mag
#   description: "Secondary eclipse: uncertainty of \\texttt{derivedSecondaryEclDepth}"
#   meta:
#     ucd: stat.error;src.var.amplitude
solution_id,source_id,global_ranking,reference_time,frequency,frequency_error,geom_model_reference_level,geom_model_reference_level_error,geom_model_gaussian1_phase,geom_model_gaussian1_phase_error,geom_model_gaussian1_sigma,geom_model_gaussian1_sigma_error,geom_model_gaussian1_depth,geom_model_gaussian1_depth_error,geom_model_gaussian2_phase,geom_model_gaussian2_phase_error,geom_model_gaussian2_sigma,geom_model_gaussian2_sigma_error,geom_model_gaussian2_depth,geom_model_gaussian2_depth_error,geom_model_cosine_half_period_amplitude,geom_model_cosine_half_period_amplitude_error,geom_model_cosine_half_period_phase,geom_model_cosine_half_period_phase_error,model_type,num_model_parameters,reduced_chi2,derived_primary_ecl_phase,derived_primary_ecl_phase_error,derived_primary_ecl_duration,derived_primary_ecl_duration_error,derived_primary_ecl_depth,derived_primary_ecl_depth_error,derived_secondary_ecl_phase,derived_secondary_ecl_phase_error,derived_secondary_ecl_duration,derived_secondary_ecl_duration_error,derived_secondary_ecl_depth,derived_secondary_ecl_depth_error
[from data line 608]
375316653866487564,6061935949944973440,0.57302034,2212.653758865276,0.9836444727986272,9.932124E-6,18.125685,0.002087407,0.2795938,0.0018810744,0.04005753,0.0014210569,0.3841423,0.02510442,0.78655833,0.0030948708,0.043077555,0.0045020445,0.07294074,0.00491556,null,null,null,null,"TWOGAUSSIANS",8,2.8522773,0.2795938,0.0018810744,0.22432216,0.0079579195,0.3841423,0.025104422,0.78655833,0.0030948708,0.2412343,0.02521145,0.07294073,0.0049155634
375316653866487564,6061936156077921664,0.507925,2171.93100135112,0.7784749515751149,1.0928578E-5,19.543879,0.003668382,0.2759894,0.013736202,0.06346082,0.012686793,0.066020824,0.016608743,0.7852526,0.0018877957,0.038831893,0.0016990313,0.40665308,0.014899494,null,null,null,null,"TWOGAUSSIANS",8,1.7016165,0.7852526,0.0018877957,0.21745859,0.009514576,0.40665206,0.01489945,0.2759894,0.013736202,0.3553806,0.07104604,0.06601979,0.01660916
375316653866487564,6061936430955485824,0.5872332,2178.841685125399,3.2714487516679256,4.845498E-6,19.05513,0.014558205,0.28237203,0.0041467384,0.042495627,0.008607333,0.38451892,0.032363452,0.77971774,0.0035605507,0.049706683,0.0041178707,0.42574036,0.0376181,0.12008406,0.020108163,0.28237203,0.0041467384,"TWOGAUSSIANS_WITH_ELLIPSOIDAL_ON_ECLIPSE1",9,3.668587,0.77997774,0.0031357321,0.27835742,0.023060076,0.6658462,0.023114385,0.28237203,0.0041467384,0.23797551,0.04820106,0.624685,0.037276488
375316653866487564,6061936529707030400,0.47139972,2212.2542004411616,2.0211896148072355,3.9986735E-5,18.958612,0.007624898,0.14047894,0.024926858,0.01359221,0.014807469,0.07311338,67.065575,0.6596319,0.007185869,0.066299,0.005092023,0.21856162,0.031764764,0.011331539,0.0105987415,0.14047894,0.024926858,"TWOGAUSSIANS_WITH_ELLIPSOIDAL_ON_ECLIPSE1",9,4.042477,0.6596319,0.0071791783,0.3712744,0.028515328,0.24084346,0.024749143,0.14047894,0.024926858,0.076116376,0.082921825,0.095721856,67.06429
375316653866487564,6061936980711904000,0.59780854,2219.9787666480197,3.2113936977587163,3.465696E-6,18.411545,0.00790118,0.24264418,0.0018422971,0.038583912,0.0042164437,0.34229583,0.041564815,0.7436393,0.0014400007,0.046628065,0.002335151,0.47538763,0.024902642,0.14296833,0.014286354,0.24264418,0.0018422971,"TWOGAUSSIANS_WITH_ELLIPSOIDAL_ON_ECLIPSE1",9,6.7155905,0.7436393,0.0014239437,0.26111716,0.013076846,0.7613126,0.024046723,0.24264418,0.0018422971,0.2160699,0.023612086,0.628232,0.044918712
375316653866487564,6061937255589911040,0.53754646,2216.791198198417,2.6196865794243585,1.3493908E-5,18.56759,0.01568646,0.2686334,0.004338931,0.08111218,0.0057868096,0.36507037,0.028906438,0.7498861,0.0026960596,0.08529346,0.005733756,0.4459726,0.014749376,null,null,null,null,"TWOGAUSSIANS",8,10.22119,0.7498861,0.0026960596,0.4,0.0,0.43969986,0.013224672,0.2686334,0.004338931,0.4,0.0,0.3587977,0.02859553
375316653866487564,6061937530492808960,0.6375521,2224.816468532329,1.9088633101417365,4.150312E-6,16.427002,0.0017668372,0.2735354,0.002747369,0.06449578,0.002686285,0.105977006,0.0041732355,0.7682022,0.0011177527,0.056783345,7.0593064E-4,0.4042278,0.004590528,null,null,null,null,"TWOGAUSSIANS",8,7.024715,0.7682022,0.0011177527,0.31798673,0.0039532115,0.40416166,0.00458108,0.2735354,0.002747369,0.36117637,0.015043196,0.10591085,0.004173278
375316653866487564,6061937839730516992,0.6287922,2224.425378328275,2.557575277679048,3.865026E-6,17.342377,0.005332098,0.26723397,0.0013162893,0.09193461,0.0020120204,0.38351774,0.0060752193,0.76552194,0.0012882934,0.08670088,0.0017505452,0.42001173,0.00725322,null,null,null,null,"TWOGAUSSIANS",8,3.5817385,0.76552194,0.0012882934,0.4,0.0,0.40449736,0.006680658,0.26723397,0.0013162893,0.4,0.0,0.36800313,0.004959482
375316653866487564,6061938526925431936,0.55142635,2186.34307459668,2.3231166458900323,5.641176E-6,16.57268,0.054136433,0.20762461,0.002961603,0.05462962,0.011704355,0.31616175,0.10118474,0.6986974,0.0022860742,0.0642837,0.0105964355,0.6858529,0.0642827,0.04540168,0.05756138,0.20762461,0.002961603,"TWOGAUSSIANS_WITH_ELLIPSOIDAL_ON_ECLIPSE1",9,133.68294,0.69906735,0.0020541167,0.35998872,0.045551915,0.77617705,0.08842499,0.20762461,0.002961603,0.30592588,0.06554439,0.40675956,0.026325885
375316653866487564,6061938595618950528,0.5030569,2228.1301857284657,2.462458283371414,1.50980995E-5,18.401148,0.011602098,0.22502394,0.004785417,0.091998585,0.0075231143,0.22657736,0.01222856,0.7232483,0.0052643633,0.093956426,0.007189275,0.25650287,0.0140390005,null,null,null,null,"TWOGAUSSIANS",8,5.557771,0.7232483,0.0052643633,0.4,0.0,0.24384806,0.010992186,0.22502394,0.004785417,0.4,0.0,0.21392275,0.007869512
375316653866487564,6061938694370498176,0.48897007,2216.0483305137914,2.755846356760674,1.429051E-5,18.082146,0.02903414,0.24774082,0.0054037166,0.11052582,0.020110521,0.16373454,0.026082698,0.7478764,0.0046784044,0.106741406,0.016111389,0.16557996,0.028021654,null,null,null,null,"TWOGAUSSIANS",8,4.2987037,0.7478764,0.004682745,0.4,0.0,0.14231981,0.0070469077,0.24774082,0.0054111043,0.4,0.0,0.1404683,0.011534608
375316653866487564,6061938733083762816,0.64830023,2174.327792898188,1.0646379780475401,1.1648801E-6,16.387169,0.0019805364,0.24264643,3.5067185E-4,0.03218473,4.820249E-4,0.61158234,0.009270197,0.74449617,0.0012713321,0.03334197,0.0024471816,0.400942,0.054415494,0.019312993,0.0034226666,0.24264643,3.5067185E-4,"TWOGAUSSIANS_WITH_ELLIPSOIDAL_ON_ECLIPSE1",9,7.782856,0.24264643,3.5067185E-4,0.18023449,0.0026993395,0.6502083,0.009183789,0.74449617,0.0012713321,0.18671504,0.013704216,0.43956274,0.056692652
375316653866487564,6061939145375269120,0.5378516,2183.252898293337,2.3113871185174863,5.9779923E-6,18.977015,0.009188918,0.2576298,0.0030249264,0.09381464,0.00434539,0.40403634,0.017734816,0.75688654,0.0021307734,0.08448654,0.0033762539,0.45581403,0.014337052,null,null,null,null,"TWOGAUSSIANS",8,3.1502397,0.75688654,0.0021307734,0.4,0.0,0.43927202,0.014988167,0.2576298,0.0030249264,0.4,0.0,0.38749382,0.01831933
375316653866487564,6061939347205708032,0.46874,2220.428896975875,0.10172414096200032,1.1181046E-5,18.208612,0.0030640294,0.08977077,0.044259354,0.042854678,0.029251913,0.02334718,0.018426996,0.36008355,0.001915835,0.008006808,0.0018790913,0.25311536,0.074776955,null,null,null,null,"TWOGAUSSIANS",8,5.1839304,0.36008355,0.001915835,0.044838127,0.010522911,0.25311536,0.074776955,0.08977077,0.044259354,0.2399862,0.16381072,0.02334718,0.018426996
375316653866487564,6061939695131085824,0.6241641,2201.9756351657866,3.0256715023489997,2.7279389E-6,18.911861,0.0082008615,0.17095323,0.0011235446,0.041453607,0.00199317,0.58562994,0.023684418,0.6731638,0.0020095967,0.03975122,0.0031644686,0.4052567,0.016448213,0.14009582,0.010444982,0.17095323,0.0011235446,"TWOGAUSSIANS_WITH_ELLIPSOIDAL_ON_ECLIPSE1",9,2.5496821,0.17095323,0.0011235446,0.23214021,0.011161751,0.86582154,0.022986166,0.6731638,0.0020095967,0.22260684,0.017721023,0.6853943,0.011345948
375316653866487564,6061940038753952000,0.5691053,2226.2158712491887,2.915638304501391,7.753951E-6,18.67647,0.017166585,0.25116476,0.0018701022,0.06743759,0.004424522,0.37805405,0.04523195,0.74621016,0.0030288761,0.05145126,0.0049001086,0.3695046,0.036307264,0.07750633,0.018890087,0.25116476,0.0018701022,"TWOGAUSSIANS_WITH_ELLIPSOIDAL_ON_ECLIPSE1",9,5.910764,0.25116476,0.0018701022,0.3776505,0.024777323,0.5326888,0.027519973,0.74661016,0.0027792738,0.28812703,0.027440608,0.5240013,0.013191422
375316653866487564,6061940279272156288,0.5036946,2213.6822544892225,0.04805117012285465,3.288788E-5,16.646744,0.0018127732,0.50215584,9.948105E-4,0.0034224705,6.755308E-4,0.39513606,0.21169554,0.7957921,0.006219852,0.014496463,0.004405757,0.31411693,0.78561014,0.009614525,0.0024756016,0.7957921,0.006219852,"TWOGAUSSIANS_WITH_ELLIPSOIDAL_ON_ECLIPSE2",9,15.809219,0.50215584,9.948105E-4,0.019165834,0.0037829725,0.39654565,0.21166644,0.7957921,0.006219852,0.08118019,0.024672238,0.33334592,0.78661793
375316653866487564,6061940549796668800,0.44501555,2261.0566541228322,0.01935654566373895,5.149612E-6,18.525995,0.051661555,0.39520806,0.032781534,0.23089808,0.0858182,0.1076664,0.04627342,0.8225137,7.615842E-4,0.0013846253,1.8169118E-4,0.8804835,0.4639174,null,null,null,null,"TWOGAUSSIANS",8,14.8501,0.8225137,7.615842E-4,0.007753902,0.0010174706,0.8842311,0.46571577,0.39520806,0.032781534,0.4,0.0,0.0870373,0.018113423
375316653866487564,6061940652875922176,0.5026412,2224.121558727009,2.3157435778220825,1.34451375E-5,18.039429,0.67081416,0.26172715,0.007518391,0.14149162,0.080111794,0.2546612,0.59480375,0.7519295,0.0069289207,0.14731151,0.0941305,0.2601878,0.6277317,null,null,null,null,"TWOGAUSSIANS",8,3.477253,0.7519295,0.0069289207,0.4,0.0,0.15280321,0.0080962945,0.26238716,0.005355524,0.4,0.0,0.14794022,0.008086041
375316653866487564,6061941241344884864,0.49173716,2226.0654846115413,0.5928136232810052,6.984056E-6,19.13286,0.006450143,0.2781313,0.0023621158,0.0230651,0.002285533,0.39863402,0.03225195,0.76936096,0.013155474,0.011874526,0.016463429,0.06411132,0.04924941,0.039893597,0.02107309,0.2781313,0.0023621158,"TWOGAUSSIANS_WITH_ELLIPSOIDAL_ON_ECLIPSE1",9,4.884257,0.2781313,0.0023621158,0.12916456,0.012798985,0.47842118,0.041063122,0.769481,0.012991898,0.06649734,0.0921952,0.14365974,0.0697907
375316653866487564,6061941550557818624,0.48785418,2189.520375244895,1.6376947699574564,7.335825E-6,19.72426,0.006426713,0.24343598,0.0019585355,0.049595963,0.0024988146,0.3929942,0.011977267,0.748624,0.01253316,0.05318573,0.01156569,0.10130205,0.011339008,null,null,null,null,"TWOGAUSSIANS",8,1.9373693,0.24343598,0.0019585355,0.2777374,0.013993362,0.392992,0.011977948,0.748624,0.01253316,0.2978401,0.06476787,0.10129986,0.011340894
375316653866487564,6061941619277254400,0.47636017,2202.4714639936333,2.6460974124898047,1.6023676E-5,19.59256,0.023575125,0.11212065,0.0058185095,0.08881511,0.011313447,0.3222339,0.026830476,0.61455375,0.004334569,0.08647223,0.0069754547,0.37240976,0.024022155,null,null,null,null,"TWOGAUSSIANS",8,4.4130015,0.61455375,0.004334569,0.4,0.0,0.36103594,0.018123513,0.11212065,0.0058185095,0.4,0.0,0.31086,0.025139611
375316653866487564,6061941687996756480,0.5285673,2199.1513413402035,2.7250501500597486,7.413159E-6,19.365753,0.011323061,0.22564231,0.0025414953,0.039520133,0.0036981823,0.25752553,0.02877772,0.7330646,0.0032660111,0.043533072,0.004132327,0.29164162,0.02664642,0.09365904,0.013349146,0.22564231,0.0025414953,"TWOGAUSSIANS_WITH_ELLIPSOIDAL_ON_ECLIPSE1",9,3.6818373,0.7330646,0.0032660111,0.2437852,0.023141034,0.4785524,0.015408781,0.22564231,0.0025414953,0.22131275,0.02070982,0.4448434,0.01573499
375316653866487564,6061941687996774016,0.532944,2241.352178112337,2.334526374760434,9.829213E-6,18.636461,0.0052694106,0.24672341,0.0030091717,0.08625976,0.0036158303,0.2715694,0.010484497,0.749348,0.003931075,0.085741244,0.00640805,0.18419474,0.0077068354,null,null,null,null,"TWOGAUSSIANS",8,2.0570595,0.24672341,0.0030091717,0.4,0.0,0.26532438,0.010414725,0.749348,0.003931075,0.4,0.0,0.17794973,0.008209941
