Gaia/vari_eclipsing_binary/VariEclipsingBinary_392689-392957.csv
# %ECSV 1.0
# ---
# delimiter: ','
# meta: !!omap
# - RELEASE: Gaia DR3
# - TABLE: vari_eclipsing_binary
# - DESCRIPTION: >
#     This table describes the properties of the eclipsing binaries resulting from the variability analysis. 
# - CITATION: >
#     How to cite and acknowledge Gaia: 
#     https://gea.esac.esa.int/archive/documentation/credits.html 
# - KNOWN_ISSUES: >
#     Known issues: 
#     https://www.cosmos.esa.int/web/gaia-users/known-issues 
# - DOCUMENTATION: >
#     Tutorials and documentation: 
#     https://www.cosmos.esa.int/web/gaia-users/archive 
# datatype:
# - 
#   name: solution_id
#   datatype: int64
#   description: Solution Identifier
#   meta:
#     ucd: meta.version
# - 
#   name: source_id
#   datatype: int64
#   description: Unique source identifier
#   meta:
#     ucd: meta.id;meta.main
# - 
#   name: global_ranking
#   datatype: float32
#   description: Number between 0 (worst) and 1 (best)
#   meta:
#     ucd: stat.param
# - 
#   name: reference_time
#   datatype: float64
#   unit: d
#   description: Reference time used for the geometric model fit
#   meta:
#     ucd: time.epoch
# - 
#   name: frequency
#   datatype: float64
#   unit: d**-1
#   description: Frequency of geometric model of the eclipsing binary light curve
#   meta:
#     ucd: src.orbital
# - 
#   name: frequency_error
#   datatype: float32
#   unit: d**-1
#   description: "Uncertainty of \\texttt{frequency}"
#   meta:
#     ucd: stat.error
# - 
#   name: geom_model_reference_level
#   datatype: float32
#   unit: mag
#   description: Magnitude reference level of geometric model
#   meta:
#     ucd: phot.mag;em.opt
# - 
#   name: geom_model_reference_level_error
#   datatype: float32
#   unit: mag
#   description: "Uncertainty of \\texttt{geomModelReferenceLevel}"
#   meta:
#     ucd: stat.error;phot.mag;em.opt
# - 
#   name: geom_model_gaussian1_phase
#   datatype: float32
#   description: Phase of the Gaussian 1 component
#   meta:
#     ucd: time.phase
# - 
#   name: geom_model_gaussian1_phase_error
#   datatype: float32
#   description: "Uncertainty of \\texttt{geomModelGaussian1Phase}"
#   meta:
#     ucd: stat.error;time.phase
# - 
#   name: geom_model_gaussian1_sigma
#   datatype: float32
#   description: "Standard deviation [phase] of Gaussian 1 component"
#   meta:
#     ucd: stat.stdev
# - 
#   name: geom_model_gaussian1_sigma_error
#   datatype: float32
#   description: "Uncertainty of \\texttt{geomModelGaussian1Sigma}"
#   meta:
#     ucd: stat.error
# - 
#   name: geom_model_gaussian1_depth
#   datatype: float32
#   unit: mag
#   description: Magnitude depth of Gaussian 1 component
#   meta:
#     ucd: src.var.amplitude
# - 
#   name: geom_model_gaussian1_depth_error
#   datatype: float32
#   unit: mag
#   description: "Uncertainty of \\texttt{geomModelGaussian1Depth}"
#   meta:
#     ucd: stat.error;src.var.amplitude
# - 
#   name: geom_model_gaussian2_phase
#   datatype: float32
#   description: Phase of Gaussian 2 component
#   meta:
#     ucd: time.phase
# - 
#   name: geom_model_gaussian2_phase_error
#   datatype: float32
#   description: "Uncertainty of \\texttt{geomModelGaussian2Phase}"
#   meta:
#     ucd: stat.error;time.phase
# - 
#   name: geom_model_gaussian2_sigma
#   datatype: float32
[...]
#   datatype: float32
#   description: "Secondary eclipse: uncertainty of \\texttt{derivedSecondaryEclDuration}"
#   meta:
#     ucd: stat.error;time.duration
# - 
#   name: derived_secondary_ecl_depth
#   datatype: float32
#   unit: mag
#   description: "Secondary eclipse: depth"
#   meta:
#     ucd: src.var.amplitude
# - 
#   name: derived_secondary_ecl_depth_error
#   datatype: float32
#   unit: mag
#   description: "Secondary eclipse: uncertainty of \\texttt{derivedSecondaryEclDepth}"
#   meta:
#     ucd: stat.error;src.var.amplitude
solution_id,source_id,global_ranking,reference_time,frequency,frequency_error,geom_model_reference_level,geom_model_reference_level_error,geom_model_gaussian1_phase,geom_model_gaussian1_phase_error,geom_model_gaussian1_sigma,geom_model_gaussian1_sigma_error,geom_model_gaussian1_depth,geom_model_gaussian1_depth_error,geom_model_gaussian2_phase,geom_model_gaussian2_phase_error,geom_model_gaussian2_sigma,geom_model_gaussian2_sigma_error,geom_model_gaussian2_depth,geom_model_gaussian2_depth_error,geom_model_cosine_half_period_amplitude,geom_model_cosine_half_period_amplitude_error,geom_model_cosine_half_period_phase,geom_model_cosine_half_period_phase_error,model_type,num_model_parameters,reduced_chi2,derived_primary_ecl_phase,derived_primary_ecl_phase_error,derived_primary_ecl_duration,derived_primary_ecl_duration_error,derived_primary_ecl_depth,derived_primary_ecl_depth_error,derived_secondary_ecl_phase,derived_secondary_ecl_phase_error,derived_secondary_ecl_duration,derived_secondary_ecl_duration_error,derived_secondary_ecl_depth,derived_secondary_ecl_depth_error
[from data line 182]
375316653866487564,3454585888601504640,0.56153923,2391.9196944181936,2.9715820958318426,1.0877787E-5,18.382856,0.0312161,0.26060086,0.003604995,0.052548748,0.010067666,0.30478787,0.061079003,0.75325215,0.010783226,0.041806888,0.02443285,0.22424346,0.045606457,0.108743794,0.03460203,0.26060086,0.003604995,"TWOGAUSSIANS_WITH_ELLIPSOIDAL_ON_ECLIPSE1",9,7.357089,0.26060086,0.003604995,0.294273,0.05637893,0.52227163,0.023090184,0.75412214,0.008165045,0.23411858,0.13682395,0.44131848,0.03724721
375316653866487564,3454585995977818496,0.529388,2417.5185549998473,1.4168153985161387,2.3731796E-5,17.253551,8.3806587E-4,0.23903243,4.1876646E-4,0.034474548,0.002625219,0.025080081,0.0015804996,0.7257055,0.0033911034,0.03235134,0.004024353,0.10922426,0.010332977,null,null,null,null,"TWOGAUSSIANS",8,1.013241,0.7257055,0.0033911034,0.18116751,0.022536376,0.10922426,0.010332977,0.23903243,4.1876646E-4,0.19305748,0.014701227,0.025080081,0.0015804996
375316653866487564,3454594581612812288,0.5321032,2396.1077446201252,3.3504054612924015,1.0477418E-5,17.412165,0.004173297,0.54192436,0.0033009343,0.060993463,0.005588032,0.5167624,0.09508998,null,null,null,null,null,null,null,null,null,null,"ONEGAUSSIAN",5,22.821394,0.54192436,0.0033009343,0.3415634,0.03129298,0.5167624,0.0,null,null,null,null,null,null
375316653866487564,3454596402681337216,0.50975555,2397.6754179274844,3.5328187136143785,1.9289266E-5,17.645805,0.016633073,0.26246443,0.004355173,0.10675568,0.012063576,0.15383348,0.01576057,0.77490366,0.0055410964,0.0953586,0.016903576,0.1591005,0.019263504,null,null,null,null,"TWOGAUSSIANS",8,4.573895,0.77491367,0.005543126,0.4,0.0,0.14656919,0.023740739,0.26246443,0.004355173,0.4,0.0,0.1412965,0.0064399284
375316653866487564,3454598709081038976,0.57157713,2370.7840746486218,0.4245631052716983,2.5724912E-6,14.051375,0.0018539974,0.10468199,8.444741E-4,0.015512484,6.2485045E-4,0.43852612,0.022476893,0.6111714,0.044206534,0.022407746,0.033212982,0.40228313,0.19870445,0.0025164078,0.0027830903,0.10468199,8.444741E-4,"TWOGAUSSIANS_WITH_ELLIPSOIDAL_ON_ECLIPSE1",9,65.145134,0.10468199,8.444741E-4,0.08686991,0.0034991626,0.44355893,0.022687329,0.6111714,0.044042245,0.12548338,0.1859927,0.40730757,0.20007236
375316653866487564,3454603485080031872,0.50751895,2361.431778741087,1.3100864489843356,3.882397E-6,17.587843,0.005048224,0.22734012,0.009701078,0.053509712,0.010895909,0.07773192,0.00789726,0.7242571,8.959935E-4,0.044438954,0.0039157798,0.25515914,0.029982148,null,null,null,null,"TWOGAUSSIANS",8,5.59487,0.7242571,8.959935E-4,0.24885815,0.021928368,0.25515863,0.029982625,0.22734012,0.009701078,0.2996544,0.06101709,0.07773143,0.007897168
375316653866487564,3454604786454982528,0.5267124,2375.507108766974,2.9569279980684926,4.794899E-5,18.80307,0.012089599,0.22648256,0.00876292,0.08978362,0.010818454,0.2172005,0.01149228,0.7290101,0.0035567796,0.072352804,0.00660515,0.25915137,0.017156944,null,null,null,null,"TWOGAUSSIANS",8,3.145,0.7290101,0.0035567796,0.4,0.007897843,0.2553259,0.01672855,0.22648256,0.00876292,0.4,0.0,0.21337494,0.008778845
375316653866487564,3454605409229980160,0.5446566,2408.4260252350728,2.1233424829187486,1.4189386E-5,17.41851,0.0020938928,0.5113167,0.008702388,0.022417603,0.0046589347,0.20646386,0.07447505,0.8865213,0.011884825,0.0071572694,0.0059523946,0.0625833,1.3629297,null,null,null,null,"TWOGAUSSIANS",8,2.1450393,0.5113167,0.008702388,0.12553857,0.026090035,0.20646386,0.07447505,0.8865213,0.011884825,0.040080708,0.03333341,0.0625833,1.3629297
375316653866487564,3454609459379579136,0.56846315,2370.146160571158,2.985109956053153,6.8616737E-6,18.689953,0.011756516,0.25692576,0.0016371533,0.0874649,0.0043380666,0.28355184,0.010307068,0.7617802,0.0029428678,0.08480319,0.010768867,0.28983516,0.024709512,null,null,null,null,"TWOGAUSSIANS",8,1.007061,0.7617802,0.0029428678,0.4,0.0,0.28201374,0.030504383,0.25692576,0.0016371533,0.4,0.0,0.2757304,0.006549188
375316653866487564,3454610043495228928,0.64484394,2357.9130265799113,0.7644129278396457,1.0817552E-4,17.067024,7.163334E-4,0.46000507,0.0010236574,0.021446347,7.1195676E-4,0.39176348,0.052838113,null,null,null,null,null,null,null,null,null,null,"ONEGAUSSIAN",5,1.0301981,0.46000507,0.0010236574,0.120099545,0.003986958,0.39176348,0.0,null,null,null,null,null,null
375316653866487564,3454610558891293568,0.5556355,2386.7348758687504,2.555787036388721,7.635931E-6,18.055956,0.012776286,0.25690135,0.0018908636,0.0507054,0.0058186688,0.22861674,0.029057423,0.750269,0.004171204,0.047570955,0.0070932163,0.17807786,0.045024343,0.1271533,0.018311689,0.25690135,0.0018908636,"TWOGAUSSIANS_WITH_ELLIPSOIDAL_ON_ECLIPSE1",9,9.523895,0.25690135,0.0018908636,0.28395024,0.032584544,0.48292193,0.015880074,0.75161904,0.0032814937,0.26639736,0.03972201,0.43203133,0.03620704
375316653866487564,3454612586115998080,0.42614883,2343.1104914069233,0.8268396902146645,2.2700971E-5,19.326975,0.24937567,0.20691657,0.008312614,0.06961369,0.022386663,0.23010026,0.07886466,0.7272275,0.023733523,0.17758964,0.17168695,0.18140362,0.22968873,null,null,null,null,"TWOGAUSSIANS",8,4.320572,0.20624658,0.008449573,0.38983664,0.08473489,0.20008074,0.03122341,0.7272275,0.023733523,0.4,0.0,0.14416826,0.028439194
375316653866487564,3454613518128122368,0.541388,2392.131430073686,3.3610673714706665,9.42202E-6,17.383394,0.0024423639,0.76448643,0.002433794,0.018987838,0.0035415078,0.049244262,0.017923819,null,null,null,null,null,null,0.09453898,0.003232186,0.76448643,0.002433794,"ONEGAUSSIAN_WITH_ELLIPSOIDAL",6,8.711606,0.76448643,0.002433794,0.1063319,0.019832443,0.23832221,0.016952096,null,null,null,null,null,null
375316653866487564,3454615682791563648,0.513723,2416.4106842223105,3.254519931752336,1.9023839E-5,17.934603,0.007270302,0.29489163,0.00502143,0.034839988,0.0074519874,0.08287488,0.017327072,0.8442187,0.020906996,0.047945075,0.0121547645,0.042826105,0.020140378,0.078373425,0.009713637,0.29489163,0.00502143,"TWOGAUSSIANS_WITH_ELLIPSOIDAL_ON_ECLIPSE1",9,8.83605,0.29489163,0.00502143,0.19510393,0.04173113,0.23962097,0.008596784,0.8442187,0.020906996,0.26849243,0.06806669,0.1849915,0.016705876
375316653866487564,3454616335626651264,0.50038487,2427.478042967287,0.32270427923944506,1.6282416E-4,17.627089,0.0027491911,0.07988945,0.0012902056,0.012982204,0.0034257509,0.22469538,0.006602482,0.7572953,0.033258993,0.032699592,0.0063280696,0.12436416,0.043684516,null,null,null,null,"TWOGAUSSIANS",8,7.9903984,0.07988945,0.0012902056,0.07270034,0.019184206,0.22469538,0.006602482,0.7572953,0.033258993,0.1831177,0.03543719,0.12436416,0.043684516
375316653866487564,3454616713583728768,0.48547044,2363.814175134214,1.0407340428436462,3.116259E-5,14.929263,0.16313903,0.22840707,0.0075178277,0.14930494,0.0670727,0.10102534,0.14772399,0.7313872,0.0047064996,0.15911894,0.07280355,0.10554571,0.1549848,null,null,null,null,"TWOGAUSSIANS",8,20.031826,0.7316472,0.004683294,0.4,0.0,0.05164498,0.0034781208,0.22800706,0.0074506113,0.4,0.0,0.047898754,0.003797221
375316653866487564,3454620080838075008,0.6286104,2423.991079190655,1.6396908091149334,3.4315965E-6,16.7467,0.0028209854,0.2302874,0.0023530908,0.04591682,0.004679992,0.074166685,0.009433896,0.72556204,0.0010246421,0.04923272,0.0014154398,0.2488417,0.0095757395,0.03315763,0.0066022966,0.2302874,0.0023530908,"TWOGAUSSIANS_WITH_ELLIPSOIDAL_ON_ECLIPSE1",9,4.147357,0.72579205,9.502926E-4,0.27570325,0.007926462,0.3151007,0.0065916264,0.2302874,0.0023530908,0.2571342,0.026207956,0.14048128,0.006736004
375316653866487564,3454620179621403136,0.5886626,2450.25303446147,3.5217915323120383,4.8019274E-6,17.868814,0.0065105543,0.26231158,0.0018095309,0.079400584,0.00251502,0.36159554,0.0072226976,0.76420844,0.0013578668,0.0782168,0.0019226517,0.3234269,0.00716906,null,null,null,null,"TWOGAUSSIANS",8,4.056786,0.26231158,0.0018095309,0.4,0.0,0.35729662,0.006753853,0.76420844,0.0013578668,0.4,0.0,0.31912798,0.006522634
375316653866487564,3454620630595128960,0.5123947,2436.9416748914628,3.4827801066738266,2.6228448E-5,18.152136,0.019787217,0.23886928,0.009096266,0.0989439,0.0141200675,0.19596823,0.020928489,0.7527271,0.0047022584,0.09826049,0.014811323,0.18647708,0.01589215,null,null,null,null,"TWOGAUSSIANS",8,2.9932115,0.23886928,0.0090960525,0.4,0.0,0.18314356,0.01085363,0.7527271,0.004699662,0.4,0.0,0.1736527,0.011165651
375316653866487564,3454621008551028224,0.6053327,2423.2178932267184,3.9188854080670716,6.3565585E-6,17.671038,0.012726224,0.22445394,0.0015557385,0.060816877,0.0035917007,0.3711708,0.027543196,0.73375404,0.0044358564,0.052759856,0.0061183097,0.28074855,0.030055374,0.090162545,0.016182907,0.22445394,0.0015557385,"TWOGAUSSIANS_WITH_ELLIPSOIDAL_ON_ECLIPSE1",9,7.9840384,0.22445394,0.0015557385,0.3405745,0.020113524,0.5514149,0.01023858,0.73375404,0.0044358564,0.2954552,0.034262534,0.46037763,0.016648045
375316653866487564,3454622760897650688,0.65864515,2398.565968638358,0.9544970423783925,1.3655789E-5,16.930014,0.0012494993,0.38885817,0.014917162,0.019625165,0.02092924,0.01685194,16.770126,0.22764842,0.0017744164,0.03347705,0.0016478878,0.35991582,0.004885253,null,null,null,null,"TWOGAUSSIANS",8,1.7589556,0.22764842,0.0017744164,0.18747148,0.009228172,0.35991582,0.004885253,0.38884816,0.014931965,0.10990092,0.11720374,0.016855258,16.770124
375316653866487564,3454627189008092800,0.6737903,2433.0389413563207,2.221609405888502,5.6758686E-6,17.641851,0.007907237,0.23430504,0.0020776542,0.041858245,0.0033215813,0.213418,0.01806411,0.7297661,0.0016690503,0.046403356,0.002070764,0.7545906,0.024604468,0.09217633,0.009639351,0.23430504,0.0020776542,"TWOGAUSSIANS_WITH_ELLIPSOIDAL_ON_ECLIPSE1",9,3.271925,0.7299461,0.0015830819,0.2598588,0.011596278,0.9387985,0.026203398,0.23430504,0.0020776542,0.23440617,0.018600855,0.39776978,0.009652977
375316653866487564,3454627949218109952,0.6231283,2465.5641918455026,0.6775662790362352,6.145213E-6,10.574657,0.009007009,0.22948344,0.007666529,0.039188158,0.005661658,0.20013493,0.027616702,0.73148537,7.278144E-4,0.044631887,0.0016450168,0.4958788,0.01974279,0.01362875,0.01251523,0.22948344,0.007666529,"TWOGAUSSIANS_WITH_ELLIPSOIDAL_ON_ECLIPSE1",9,225.91579,0.73148537,7.278144E-4,0.24993858,0.009212094,0.5231319,0.007420646,0.22948344,0.007666529,0.21945368,0.031705283,0.22739238,0.014388507
375316653866487564,3454630624981159936,0.5829786,2482.0998401616716,0.43635011707931715,4.1360567E-5,17.453606,0.0026251676,0.4698205,6.258762E-4,0.010490305,4.9289723E-4,0.74655664,0.021409882,0.79455185,0.03417004,0.007549943,0.014876887,0.44556496,0.7011595,null,null,null,null,"TWOGAUSSIANS",8,11.654901,0.4698205,6.258762E-4,0.05874571,0.0027602245,0.74655664,0.021409882,0.79455185,0.03417004,0.042279683,0.08331057,0.44556496,0.7011595
375316653866487564,3454635817598287872,0.66112906,2479.6292484416076,0.5202284704085948,5.14282E-6,16.112265,0.0015500018,0.26530907,0.0045057954,0.021203028,0.0026404439,0.68721837,0.05579802,0.7666824,9.943082E-4,0.020485226,6.374737E-4,0.64567184,0.025786636,0.007071721,0.003719878,0.26530907,0.0045057954,"TWOGAUSSIANS_WITH_ELLIPSOIDAL_ON_ECLIPSE1",9,8.743548,0.26530907,0.0045057954,0.11873696,0.014786485,0.7013618,0.05600842,0.7666824,9.943082E-4,0.11471727,0.003569853,0.6598142,0.026590057
375316653866487564,3454635985100473344,0.5321922,2486.861280315419,1.3522860104023262,6.2445674E-6,18.338379,0.008118033,0.21340406,0.07471091,0.047176193,0.046031088,0.16223353,0.12950948,0.6822171,0.0016663714,0.020648684,0.001236669,0.66053236,0.038755167,null,null,null,null,"TWOGAUSSIANS",8,8.859756,0.6822171,0.0016663714,0.11563264,0.0069253463,0.66053236,0.038755286,0.21340406,0.07471091,0.26418668,0.13713445,0.16223353,0.12950954
375316653866487564,3454640795461268096,0.56141144,2450.1717123924864,3.368783387990549,1.7734335E-5,18.771225,0.009699721,0.23867203,0.00508006,0.071567394,0.00491686,0.42581484,0.014722216,0.72781,0.003823047,0.07018343,0.0037679705,0.393828,0.017987743,null,null,null,null,"TWOGAUSSIANS",8,3.3702443,0.23867203,0.00508006,0.4,0.017228203,0.42457592,0.014553147,0.72781,0.003823047,0.39302722,0.01741723,0.3925891,0.017855132
375316653866487564,3454642513448266496,0.49682808,2486.5272421761056,3.8043277881789894,2.286256E-5,19.144255,0.045630902,0.2476546,0.06040896,0.049311858,0.04162793,0.5124003,0.21991527,0.76447874,0.012197722,0.08464677,0.01674191,0.52515817,0.046494063,null,null,null,null,"TWOGAUSSIANS",8,10.43925,0.76447874,0.012197722,0.4,0.0,0.52457076,0.037368685,0.2476546,0.06040896,0.2761464,0.13289721,0.5118129,0.21025422
375316653866487564,3454646705336485376,0.64538604,2431.0900200309416,1.5862523660866774,4.059233E-6,16.335493,0.008084694,0.32307675,0.001529377,0.055951785,0.00361347,0.19926731,0.01865043,0.826102,0.05190832,0.054085195,0.06145609,0.019287957,0.019121582,0.055013224,0.010549765,0.32307675,0.001529377,"TWOGAUSSIANS_WITH_ELLIPSOIDAL_ON_ECLIPSE1",9,2.5128493,0.32307675,0.001529377,0.31333,0.02023543,0.309284,0.006259798,0.826102,0.051655937,0.3028771,0.34415412,0.12926488,0.010790781
375316653866487564,3454649767651823104,0.49546456,2375.5923365620583,0.2598580779572749,2.2985256E-5,15.781498,0.010226514,0.26062647,0.0038672078,0.028698808,0.07378039,1.38324,1.4505321,0.76013213,0.0027241681,0.02538331,0.005195777,0.11989786,0.027800027,null,null,null,null,"TWOGAUSSIANS",8,46.77997,0.26062647,0.0038672078,0.16071332,0.23458084,1.38324,1.4506099,0.76013213,0.0027241681,0.14214654,0.029096352,0.11989786,0.027799306
375316653866487564,3454655845027124096,0.59691477,2400.6224695528235,3.2421038536035063,4.1518683E-6,17.220865,0.009337205,0.24397415,0.0012044545,0.048216626,0.0029278873,0.28550142,0.024285981,0.7448656,0.0017530635,0.05888568,0.0027633037,0.3256284,0.026784772,0.07776307,0.0160162,0.24397415,0.0012044545,"TWOGAUSSIANS_WITH_ELLIPSOIDAL_ON_ECLIPSE1",9,7.8570666,0.7448656,0.0017530635,0.3297598,0.015474501,0.48111185,0.016790634,0.24397415,0.0012044545,0.2700131,0.016396169,0.44098976,0.011404503
375316653866487564,3454657876549997312,0.6477427,2383.0399588330297,1.1049835914253834,2.7338883E-6,16.10944,0.0029738501,0.15262462,0.001185095,0.042078737,0.0014917564,0.14470387,0.0036956882,0.65245426,0.0027866594,0.037451044,0.005542282,1.263069,0.58001316,null,null,null,null,"TWOGAUSSIANS",8,16.446617,0.65245426,0.0027866594,0.20972586,0.031036781,1.263069,0.58001316,0.15262462,0.001185095,0.23564094,0.008353836,0.14470387,0.0036956863
375316653866487564,3454658495020989440,0.45894963,2392.9099464599785,0.0906446342244071,4.1665546E-5,19.223495,0.07264693,0.3532905,0.0023130383,0.030817868,0.009940883,1.0815146,1.407863,0.7611731,0.014557925,0.109019235,0.04859247,0.46497053,0.05178023,null,null,null,null,"TWOGAUSSIANS",8,17.718813,0.35330048,0.0022888558,0.17258006,0.055668943,1.0818192,1.406887,0.7611731,0.014557925,0.4,0.0,0.46485037,0.051495235
375316653866487564,3454665744930193280,0.6596921,2404.122223096687,0.9553948663450785,4.6408317E-5,15.837932,7.4413646E-4,0.35433844,0.03456714,0.04293378,0.023704791,0.009871352,0.0056456313,0.5649733,0.006069334,0.030111758,0.003586843,0.32484525,0.034440283,null,null,null,null,"TWOGAUSSIANS",8,2.755088,0.5649733,0.006069334,0.16862585,0.02008632,0.3248453,0.03444026,0.35433844,0.03456714,0.24042916,0.13274683,0.009871352,0.0056456313
375316653866487564,3454666359107046016,0.4533341,2441.0773023012143,0.600161283477091,4.434626E-5,19.687525,0.010315248,0.2348802,8.955977E-4,0.0108822305,0.0011320722,0.5748246,0.10525869,0.72057915,0.014496932,0.055699505,0.011889194,0.12422957,0.09040647,null,null,null,null,"TWOGAUSSIANS",8,3.8070242,0.2348802,8.955977E-4,0.06094049,0.006339604,0.5748246,0.10525869,0.72057915,0.014496932,0.31191722,0.06657948,0.12422957,0.09040647
