Gaia/vari_eclipsing_binary/VariEclipsingBinary_231724-231777.csv
# %ECSV 1.0
# ---
# delimiter: ','
# meta: !!omap
# - RELEASE: Gaia DR3
# - TABLE: vari_eclipsing_binary
# - DESCRIPTION: >
#     This table describes the properties of the eclipsing binaries resulting from the variability analysis. 
# - CITATION: >
#     How to cite and acknowledge Gaia: 
#     https://gea.esac.esa.int/archive/documentation/credits.html 
# - KNOWN_ISSUES: >
#     Known issues: 
#     https://www.cosmos.esa.int/web/gaia-users/known-issues 
# - DOCUMENTATION: >
#     Tutorials and documentation: 
#     https://www.cosmos.esa.int/web/gaia-users/archive 
# datatype:
# - 
#   name: solution_id
#   datatype: int64
#   description: Solution Identifier
#   meta:
#     ucd: meta.version
# - 
#   name: source_id
#   datatype: int64
#   description: Unique source identifier
#   meta:
#     ucd: meta.id;meta.main
# - 
#   name: global_ranking
#   datatype: float32
#   description: Number between 0 (worst) and 1 (best)
#   meta:
#     ucd: stat.param
# - 
#   name: reference_time
#   datatype: float64
#   unit: d
#   description: Reference time used for the geometric model fit
#   meta:
#     ucd: time.epoch
# - 
#   name: frequency
#   datatype: float64
#   unit: d**-1
#   description: Frequency of geometric model of the eclipsing binary light curve
#   meta:
#     ucd: src.orbital
# - 
#   name: frequency_error
#   datatype: float32
#   unit: d**-1
#   description: "Uncertainty of \\texttt{frequency}"
#   meta:
#     ucd: stat.error
# - 
#   name: geom_model_reference_level
#   datatype: float32
#   unit: mag
#   description: Magnitude reference level of geometric model
#   meta:
#     ucd: phot.mag;em.opt
# - 
#   name: geom_model_reference_level_error
#   datatype: float32
#   unit: mag
#   description: "Uncertainty of \\texttt{geomModelReferenceLevel}"
#   meta:
#     ucd: stat.error;phot.mag;em.opt
# - 
#   name: geom_model_gaussian1_phase
#   datatype: float32
#   description: Phase of the Gaussian 1 component
#   meta:
#     ucd: time.phase
# - 
#   name: geom_model_gaussian1_phase_error
#   datatype: float32
#   description: "Uncertainty of \\texttt{geomModelGaussian1Phase}"
#   meta:
#     ucd: stat.error;time.phase
# - 
#   name: geom_model_gaussian1_sigma
#   datatype: float32
#   description: "Standard deviation [phase] of Gaussian 1 component"
#   meta:
#     ucd: stat.stdev
# - 
#   name: geom_model_gaussian1_sigma_error
#   datatype: float32
#   description: "Uncertainty of \\texttt{geomModelGaussian1Sigma}"
#   meta:
#     ucd: stat.error
# - 
#   name: geom_model_gaussian1_depth
#   datatype: float32
#   unit: mag
#   description: Magnitude depth of Gaussian 1 component
#   meta:
#     ucd: src.var.amplitude
# - 
#   name: geom_model_gaussian1_depth_error
#   datatype: float32
#   unit: mag
#   description: "Uncertainty of \\texttt{geomModelGaussian1Depth}"
#   meta:
#     ucd: stat.error;src.var.amplitude
# - 
#   name: geom_model_gaussian2_phase
#   datatype: float32
#   description: Phase of Gaussian 2 component
#   meta:
#     ucd: time.phase
# - 
#   name: geom_model_gaussian2_phase_error
#   datatype: float32
#   description: "Uncertainty of \\texttt{geomModelGaussian2Phase}"
#   meta:
#     ucd: stat.error;time.phase
# - 
#   name: geom_model_gaussian2_sigma
#   datatype: float32
[...]
#   datatype: float32
#   description: "Secondary eclipse: uncertainty of \\texttt{derivedSecondaryEclDuration}"
#   meta:
#     ucd: stat.error;time.duration
# - 
#   name: derived_secondary_ecl_depth
#   datatype: float32
#   unit: mag
#   description: "Secondary eclipse: depth"
#   meta:
#     ucd: src.var.amplitude
# - 
#   name: derived_secondary_ecl_depth_error
#   datatype: float32
#   unit: mag
#   description: "Secondary eclipse: uncertainty of \\texttt{derivedSecondaryEclDepth}"
#   meta:
#     ucd: stat.error;src.var.amplitude
solution_id,source_id,global_ranking,reference_time,frequency,frequency_error,geom_model_reference_level,geom_model_reference_level_error,geom_model_gaussian1_phase,geom_model_gaussian1_phase_error,geom_model_gaussian1_sigma,geom_model_gaussian1_sigma_error,geom_model_gaussian1_depth,geom_model_gaussian1_depth_error,geom_model_gaussian2_phase,geom_model_gaussian2_phase_error,geom_model_gaussian2_sigma,geom_model_gaussian2_sigma_error,geom_model_gaussian2_depth,geom_model_gaussian2_depth_error,geom_model_cosine_half_period_amplitude,geom_model_cosine_half_period_amplitude_error,geom_model_cosine_half_period_phase,geom_model_cosine_half_period_phase_error,model_type,num_model_parameters,reduced_chi2,derived_primary_ecl_phase,derived_primary_ecl_phase_error,derived_primary_ecl_duration,derived_primary_ecl_duration_error,derived_primary_ecl_depth,derived_primary_ecl_depth_error,derived_secondary_ecl_phase,derived_secondary_ecl_phase_error,derived_secondary_ecl_duration,derived_secondary_ecl_duration_error,derived_secondary_ecl_depth,derived_secondary_ecl_depth_error
375316653866487564,2038266344829777920,0.46582222,2241.7368539682548,2.731072507865523,4.919074E-5,14.286153,0.064398736,0.2514173,0.050619807,0.04127903,0.035453618,0.26916847,0.14207168,0.7352399,0.014715147,0.04570428,0.030473055,0.21682206,0.16915482,0.07626775,0.07836621,0.7352399,0.014715147,"TWOGAUSSIANS_WITH_ELLIPSOIDAL_ON_ECLIPSE2",9,843.8715,0.2502773,0.049826015,0.23116255,0.19854026,0.42024326,0.08238042,0.7352399,0.014715147,0.25594395,0.17064911,0.3693571,0.10912868
375316653866487564,2038266752831969152,0.55678284,2241.0616340518195,3.395682338503119,1.2118178E-5,18.342537,0.005606369,0.32079667,0.003142341,0.07844926,0.006180797,0.35710666,0.012724021,0.82042015,0.0031757473,0.08045562,0.0031543374,0.282542,0.008226571,null,null,null,null,"TWOGAUSSIANS",8,3.8841677,0.32079667,0.003142341,0.4,0.0,0.3526528,0.013504856,0.82042015,0.0031757473,0.4,0.0,0.27808812,0.0075666746
375316653866487564,2038267921063252480,0.5066517,2219.166070806066,0.2819193321579286,3.5270023E-6,18.862926,0.0034959593,0.32449314,0.0011079249,0.0057187895,9.641014E-4,0.6580927,0.45831144,0.7877097,0.02105209,0.04055005,0.016372196,0.06214134,0.06635672,null,null,null,null,"TWOGAUSSIANS",8,1.9554096,0.32449314,0.0011079249,0.03202522,0.005398968,0.6580927,0.45831144,0.7877097,0.02105209,0.22708029,0.0916843,0.06214134,0.06635672
375316653866487564,2038268161581347968,0.52068406,2243.473620812142,0.7206626915742337,2.4972367E-5,19.170847,0.009320163,0.19400693,0.0038954066,0.015422703,0.008743516,0.18388271,1.2043669,0.6939356,0.0030366143,0.012176739,0.001658996,0.80245847,0.13079816,null,null,null,null,"TWOGAUSSIANS",8,5.062104,0.6939356,0.0030366143,0.06818974,0.009290378,0.80245847,0.13079816,0.19400693,0.0038954066,0.08636713,0.048963692,0.18388271,1.2043669
375316653866487564,2038268299020397952,0.49831152,2240.251023180359,0.7206421245150599,4.9871665E-5,18.58125,0.001956036,0.17140868,0.030701483,0.026191955,0.010256688,0.4546962,0.6470276,0.81090975,0.00853784,0.016384888,0.0077730278,0.02619755,0.015012723,null,null,null,null,"TWOGAUSSIANS",8,1.4905796,0.17140868,0.030701483,0.14667495,0.057437453,0.4546962,0.6470276,0.81090975,0.00853784,0.091755375,0.043528955,0.02619755,0.015012723
375316653866487564,2038269467251604864,0.5559563,2243.7354903169285,3.7958874917925414,1.0157013E-5,17.994349,0.016412575,0.2737642,0.002977686,0.06980793,0.005513441,0.25804618,0.037444994,0.7788013,0.009944409,0.041022595,0.01115921,0.25064543,0.05447754,0.080788694,0.020975357,0.2737642,0.002977686,"TWOGAUSSIANS_WITH_ELLIPSOIDAL_ON_ECLIPSE1",9,8.1740265,0.2737642,0.002977686,0.3909244,0.025530158,0.41921717,0.011296816,0.7788013,0.009586327,0.22972654,0.062491573,0.41165465,0.04908402
375316653866487564,2038270566763046016,0.54605544,2188.8515723320115,3.091738867824173,1.20869145E-5,18.461224,0.007850748,0.24610254,0.0031284834,0.08825219,0.005504832,0.26125595,0.01002615,0.7504915,0.0047012074,0.07876306,0.0054787947,0.27607068,0.016205307,null,null,null,null,"TWOGAUSSIANS",8,2.5545535,0.7504915,0.0047012074,0.4,0.0,0.27047223,0.015864346,0.24610254,0.0031284834,0.4,0.0,0.25565746,0.009808836
375316653866487564,2038270772933657472,0.56657696,2180.2163240681407,3.0808741019045494,1.1019555E-5,18.19452,0.011366111,0.2419987,0.0038083093,0.05649861,0.009047068,0.20230071,0.026941389,0.7307458,0.00963608,0.044803225,0.0065028155,0.3606278,0.040993568,0.09439524,0.0147175295,0.2419987,0.0038083093,"TWOGAUSSIANS_WITH_ELLIPSOIDAL_ON_ECLIPSE1",9,7.3520417,0.73160577,0.008803025,0.25089806,0.036415767,0.5485366,0.02843756,0.2419987,0.0038083093,0.3163922,0.050663583,0.39107984,0.01690145
375316653866487564,2038271533150310144,0.5373434,2209.2995258252336,0.5813616817024245,6.3292264E-6,16.081472,0.0039630197,0.7033602,0.0021919636,0.024551053,0.003148738,0.31647897,0.04626988,null,null,null,null,null,null,0.018715164,0.00430989,0.7033602,0.0021919636,"ONEGAUSSIAN_WITH_ELLIPSOIDAL",6,32.944443,0.7033602,0.0021919636,0.13748589,0.017632933,0.35390928,0.048210207,null,null,null,null,null,null
375316653866487564,2038271563197293568,0.61217093,2204.377274253712,3.450672305981949,3.5954843E-6,17.859533,0.010288609,0.23452127,0.0016598351,0.048699558,0.0031979252,0.4265331,0.02968892,0.7316109,0.0010012611,0.04215347,0.0029894814,0.3540223,0.026119418,0.10736476,0.018929461,0.23452127,0.0016598351,"TWOGAUSSIANS_WITH_ELLIPSOIDAL_ON_ECLIPSE1",9,8.641107,0.23452127,0.0016598351,0.27271754,0.017908381,0.6412618,0.019035937,0.73184085,8.84615E-4,0.23605944,0.016741097,0.5686848,0.017363673
375316653866487564,2038272667017214720,0.55305487,2251.0798041799317,3.4937827826206185,1.0568719E-5,19.357807,0.009528602,0.20173268,0.0043335496,0.071880974,0.0040366678,0.463564,0.014845155,0.7008602,0.0024876106,0.07546729,0.0040147947,0.347566,0.011080556,null,null,null,null,"TWOGAUSSIANS",8,1.9189042,0.20173268,0.0043335496,0.4,0.012015839,0.46109027,0.014336723,0.7008602,0.0024876106,0.4,0.0,0.3450923,0.010924883
375316653866487564,2038274140176524160,0.54267937,2227.7815397266627,3.122248224570054,1.4812257E-5,18.442322,0.03226948,0.26522347,0.008361264,0.09745963,0.019240856,0.23962943,0.028953156,0.74127775,0.0030731899,0.104859956,0.013756423,0.24215735,0.02913473,null,null,null,null,"TWOGAUSSIANS",8,2.6210446,0.74127775,0.0030731899,0.4,0.0,0.22531985,0.011293097,0.26523346,0.008401839,0.4,0.0,0.22279924,0.01281547
375316653866487564,2038274586853225984,0.57297575,2251.7973039039352,3.3707207768667073,1.0533337E-5,18.117455,0.02780124,0.25379616,0.0052421116,0.03126482,0.028506367,0.06988639,0.09846443,0.754503,0.010136493,0.033809554,0.03337992,0.112301804,0.044043887,0.11453624,0.0337192,0.25379616,0.0052421116,"TWOGAUSSIANS_WITH_ELLIPSOIDAL_ON_ECLIPSE1",9,4.6593456,0.754503,0.009409259,0.18933351,0.18692756,0.34136936,0.025281735,0.25379616,0.0052421116,0.17508298,0.15963565,0.29895848,0.090140805
375316653866487564,2038275415800792576,0.5236554,2260.92154758398,0.1821092925969463,1.4916957E-5,17.191145,0.009709474,0.25991094,0.019384073,0.029075135,0.013437338,0.14917347,0.08776449,0.7792789,0.008154974,0.020325486,0.0056676907,0.65835583,0.06847095,null,null,null,null,"TWOGAUSSIANS",8,76.93333,0.7792789,0.008154974,0.11382272,0.031739067,0.65835583,0.06847095,0.25991094,0.019384073,0.16282076,0.07524909,0.14917347,0.08776449
375316653866487564,2038276206074831744,0.46466675,2240.4812471549617,0.49909100541192003,3.9297774E-5,15.477737,0.0038923165,0.19628131,0.020163713,0.017624872,0.051553987,0.0015733695,2.1370928,0.65775263,0.012056631,0.049970742,0.026604192,0.055877816,0.00771411,0.009749958,0.0035335643,0.19628131,0.020163713,"TWOGAUSSIANS_WITH_ELLIPSOIDAL_ON_ECLIPSE1",9,27.029263,0.6601527,0.011282226,0.27983615,0.14654149,0.07432554,0.012715398,0.19628131,0.020163713,0.09869929,0.28870234,0.021073196,2.137698
375316653866487564,2038277168147864448,0.61084956,2218.645477094387,1.302573796883617,9.578432E-6,16.90184,0.0036140124,0.13430935,0.0055524795,0.04554477,0.007265209,0.09066198,0.037806176,0.6342647,0.0042817323,0.03949018,0.0029898647,0.5073615,0.014819783,null,null,null,null,"TWOGAUSSIANS",8,8.180188,0.6342647,0.0042817323,0.22114499,0.016743243,0.5073615,0.014819798,0.13430935,0.0055524795,0.2550507,0.04068517,0.090661965,0.03780619
375316653866487564,2038277820982463232,0.5879716,2242.4801488298517,2.6498061121192347,1.1133561E-5,16.675714,0.038328268,0.28946993,0.0033052422,0.057098452,0.010473526,0.32812777,0.0757546,0.7851095,0.004099163,0.06545931,0.008675773,0.35741976,0.0770899,0.07499732,0.039970532,0.28946993,0.0033052422,"TWOGAUSSIANS_WITH_ELLIPSOIDAL_ON_ECLIPSE1",9,42.27282,0.7856495,0.0033734574,0.36657214,0.048584327,0.5071085,0.021068951,0.28946993,0.0033052422,0.31975132,0.058651745,0.47791508,0.01578074
375316653866487564,2038278336378600960,0.5808173,2253.19432171774,0.2436955337748154,1.6322225E-5,13.169572,0.00486652,0.19943191,0.0069502797,0.030229174,0.005051641,0.49844563,0.03653834,0.7091919,0.012095952,0.027858652,0.007943326,0.042896982,0.013041629,0.054404195,0.007486538,0.19943191,0.0069502797,"TWOGAUSSIANS_WITH_ELLIPSOIDAL_ON_ECLIPSE1",9,499.8479,0.19943191,0.0069502797,0.16928338,0.028289188,0.607254,0.03520704,0.7091919,0.012095952,0.15600845,0.044482626,0.1512967,0.012666657
375316653866487564,2038278817414915968,0.43121704,2229.4429150040373,0.3923595678781,5.1160936E-5,16.72111,0.0034672276,0.3031412,0.00741146,0.07653342,0.013073588,0.07938805,0.017109478,0.8068039,0.019010512,0.06764784,0.015528282,0.03863422,0.012270633,null,null,null,null,"TWOGAUSSIANS",8,10.185848,0.3031412,0.00741146,0.4,0.0,0.07913586,0.017439494,0.8068039,0.019010512,0.37882787,0.08437691,0.038382027,0.012245762
375316653866487564,2038280187490619136,0.49766818,2244.8385942267746,0.7183397969852474,1.1635909E-5,17.864855,0.37750483,0.31806198,0.0063107335,0.13286133,0.046707924,0.2174695,0.30081278,0.812202,0.005026344,0.14700747,0.082338884,0.21461225,0.3705603,null,null,null,null,"TWOGAUSSIANS",8,4.118118,0.318382,0.0061537963,0.4,0.0,0.13463692,0.01556825,0.812202,0.005026344,0.4,0.0,0.13081788,0.009848763
375316653866487564,2038282283435123456,0.4957333,2204.0269098639615,2.452798424914307,1.5551364E-5,16.79367,0.0066021895,0.17519382,0.016798891,0.014063127,0.020328455,0.024201902,3971.0322,0.7145406,0.0054665487,0.02865624,0.039676975,0.055922616,0.04073772,0.069139384,0.007954465,0.7145406,0.0054665487,"TWOGAUSSIANS_WITH_ELLIPSOIDAL_ON_ECLIPSE2",9,25.413324,0.7145406,0.0054665487,0.16047494,0.22219107,0.19420135,0.042494953,0.17839381,0.01750164,0.07875351,0.11383935,0.15485121,3971.03
375316653866487564,2038282287748545024,0.5961196,2246.8362024624903,4.178613567575536,1.3041622E-5,13.980474,0.0016840679,0.46183488,0.028005581,0.023534527,0.015500267,0.2911129,108.90189,0.8045181,0.003960182,0.009642617,0.0022359197,0.5933538,0.9305453,null,null,null,null,"TWOGAUSSIANS",8,105.02309,0.8045181,0.003960182,0.053998657,0.0125211505,0.5933538,0.9305453,0.46183488,0.028005581,0.13179335,0.08680149,0.2911129,108.90189
375316653866487564,2038284860414757504,0.5595001,2228.2162448539398,2.516377580266595,9.370591E-6,18.698736,0.008962505,0.23894586,0.0023457126,0.083062366,0.00421426,0.3640889,0.01895824,0.7425628,0.0023744325,0.08100732,0.003759739,0.33777305,0.0118261585,null,null,null,null,"TWOGAUSSIANS",8,2.8733158,0.23894586,0.0023457126,0.4,0.0,0.35777727,0.019810474,0.7425628,0.0023744325,0.4,0.0,0.33146143,0.011414527
375316653866487564,2038285959926575104,0.5013421,2225.089954289145,2.9327906538435085,3.3372162E-5,19.273605,0.008113088,0.23788784,0.004188569,0.06999622,0.015604377,0.10821872,0.0343707,0.7165713,0.01283697,0.028826283,0.014057506,0.14607541,0.15159735,0.121677324,0.015283925,0.23788784,0.004188569,"TWOGAUSSIANS_WITH_ELLIPSOIDAL_ON_ECLIPSE1",9,5.0412045,0.71866125,0.010180838,0.16142718,0.07872203,0.38533074,0.15392457,0.23788784,0.004188569,0.39197883,0.05347322,0.35139167,0.024737924
375316653866487564,2038288399468042112,0.5293374,2232.783038064729,2.619711802948536,1.1539988E-5,18.038849,0.019277032,0.21416454,0.0038686106,0.0980973,0.0082974555,0.31576407,0.017734637,0.7096316,0.00387483,0.094639935,0.0072434633,0.31495035,0.020916928,null,null,null,null,"TWOGAUSSIANS",8,7.593036,0.21416454,0.0038686106,0.4,0.0,0.29526398,0.010037606,0.7096316,0.00387483,0.4,0.0,0.29445118,0.016413078
375316653866487564,2038289911296833664,0.5761488,2228.6517264575637,2.2271617191957693,8.953202E-6,16.09563,0.0021174264,0.27395096,0.0029450501,0.0060766297,0.006225096,0.04924307,0.021090291,0.7794484,0.022403032,0.044085354,0.013193693,0.021661809,0.0062839566,0.09314157,0.0031411345,0.27395096,0.0029450501,"TWOGAUSSIANS_WITH_ELLIPSOIDAL_ON_ECLIPSE1",9,15.116057,0.27395096,0.0029450501,0.034029126,0.034860536,0.23552616,0.019970113,0.7794484,0.020906111,0.24687798,0.07388468,0.20772274,0.006825817
375316653866487564,2038290602805470592,0.5601115,2230.9264687882737,1.050442428025601,5.8990677E-6,14.591085,0.0011879442,0.27264094,0.0018304681,0.034957077,0.0017904968,0.08675933,0.0042605507,0.7833919,0.012805525,0.017305223,0.0154530695,0.012258727,0.032702453,0.021132635,0.0018329512,0.27264094,0.0018304681,"TWOGAUSSIANS_WITH_ELLIPSOIDAL_ON_ECLIPSE1",9,12.481183,0.27264094,0.0018304681,0.19575964,0.010026782,0.12902458,0.003888272,0.7833919,0.012805525,0.09690925,0.08653719,0.05433141,0.031825725
375316653866487564,2038291320046252288,0.51865053,2221.613638912,3.079570579042384,2.2633185E-5,18.677925,0.009942102,0.2246645,0.008126006,0.086581215,0.009953292,0.2174684,0.017778937,0.73466146,0.004952689,0.082758814,0.009749938,0.18486033,0.010214331,null,null,null,null,"TWOGAUSSIANS",8,3.0674458,0.2246645,0.008126006,0.4,0.0,0.21316124,0.017353458,0.73466146,0.004952689,0.4,0.0,0.18055323,0.009224408
375316653866487564,2038291736670314880,0.54379207,2213.2596674315987,3.6678754526808173,9.186581E-6,18.092897,0.010900561,0.27728695,0.0025884497,0.09111654,0.0065080957,0.26819268,0.011002255,0.7710486,0.003506828,0.08403116,0.0056189205,0.34794602,0.012851622,null,null,null,null,"TWOGAUSSIANS",8,6.361929,0.7710486,0.003506828,0.4,0.0,0.33864698,0.012323462,0.27728695,0.0025884497,0.4,0.0,0.2588935,0.010659094
375316653866487564,2038294893459227520,0.54849386,2232.66199851245,2.9796950156003943,6.0169473E-6,18.378609,0.011578757,0.24858427,0.002203057,0.049930234,0.006654664,0.19507168,0.030069452,0.75799656,0.008616152,0.053164497,0.01239232,0.18167152,0.03619347,0.095099516,0.0146121215,0.24858427,0.002203057,"TWOGAUSSIANS_WITH_ELLIPSOIDAL_ON_ECLIPSE1",9,3.6204526,0.24858427,0.002203057,0.2796093,0.03726612,0.38526875,0.018339342,0.75799656,0.008616152,0.29772118,0.06939699,0.37120414,0.0359268
375316653866487564,2038295653686908544,0.56046444,2203.713871708251,3.8315566345251684,1.4150355E-5,16.80265,0.037831474,0.21598919,0.0024633291,0.057549596,0.01218504,0.34361586,0.059799876,0.7133332,0.004385358,0.053017683,0.010057794,0.2393632,0.078610465,0.10169067,0.042120792,0.21598919,0.0024633291,"TWOGAUSSIANS_WITH_ELLIPSOIDAL_ON_ECLIPSE1",9,45.02792,0.21598919,0.0024633291,0.32227775,0.068236224,0.546967,0.064205185,0.71375316,0.0036702554,0.29689902,0.056323644,0.44266668,0.017952772
375316653866487564,2038301529199364736,0.5196965,2234.7724085982436,2.401548195736658,1.469506E-5,16.04351,0.116633445,0.2508331,0.0036540893,0.24322578,0.029807786,0.9286973,0.11578461,0.7508856,0.0029911932,0.15796892,0.014059309,0.7203614,0.110260345,null,null,null,null,"TWOGAUSSIANS",8,16.060247,0.7509256,0.0029470923,0.4,0.0,0.18426347,0.0076587624,0.2508131,0.0039691757,0.4,0.0,0.17809293,0.0073081935
375316653866487564,2038305961605809536,0.52390474,2268.200179741995,0.6759129712420142,8.217964E-5,18.564688,0.008572745,0.38228405,0.07309836,0.06623905,0.17662568,0.016359538,0.010715896,0.73637825,0.0047001597,0.033967014,0.006968122,0.9734702,0.47835124,null,null,null,null,"TWOGAUSSIANS",8,3.0322874,0.73637825,0.0047001597,0.19021529,0.039021485,0.9734703,0.47843915,0.38228405,0.07309836,0.3709387,0.33916062,0.016359538,0.010778038
375316653866487564,2038308362479219968,0.46879995,2236.9267692622307,1.8156544590793542,2.7097009E-5,18.736748,0.0049514547,0.3452563,0.004679347,0.02834022,0.004173695,0.338353,0.053484336,0.83954924,0.0020174105,0.032867614,0.005127074,0.14139038,0.014770018,null,null,null,null,"TWOGAUSSIANS",8,6.717553,0.3452563,0.004679347,0.15870523,0.023372693,0.338353,0.053484336,0.83954924,0.0020174105,0.18405865,0.028711615,0.14139038,0.014770018
375316653866487564,2038310497075917824,0.5113057,2244.186080939186,3.3200893586078255,1.0103531E-5,19.824852,0.018508786,0.2904664,0.0030893057,0.069043666,0.005101119,0.48748186,0.032940634,0.78371906,0.0047684507,0.07698335,0.0070114313,0.58101004,0.053868968,null,null,null,null,"TWOGAUSSIANS",8,2.8783379,0.78371906,0.0047684507,0.4,0.0,0.5784183,0.05465127,0.2904664,0.0030893057,0.3866445,0.028566267,0.4848901,0.032846972
