Gaia/vari_eclipsing_binary/VariEclipsingBinary_462348-462377.csv
# %ECSV 1.0
# ---
# delimiter: ','
# meta: !!omap
# - RELEASE: Gaia DR3
# - TABLE: vari_eclipsing_binary
# - DESCRIPTION: >
#     This table describes the properties of the eclipsing binaries resulting from the variability analysis. 
# - CITATION: >
#     How to cite and acknowledge Gaia: 
#     https://gea.esac.esa.int/archive/documentation/credits.html 
# - KNOWN_ISSUES: >
#     Known issues: 
#     https://www.cosmos.esa.int/web/gaia-users/known-issues 
# - DOCUMENTATION: >
#     Tutorials and documentation: 
#     https://www.cosmos.esa.int/web/gaia-users/archive 
# datatype:
# - 
#   name: solution_id
#   datatype: int64
#   description: Solution Identifier
#   meta:
#     ucd: meta.version
# - 
#   name: source_id
#   datatype: int64
#   description: Unique source identifier
#   meta:
#     ucd: meta.id;meta.main
# - 
#   name: global_ranking
#   datatype: float32
#   description: Number between 0 (worst) and 1 (best)
#   meta:
#     ucd: stat.param
# - 
#   name: reference_time
#   datatype: float64
#   unit: d
#   description: Reference time used for the geometric model fit
#   meta:
#     ucd: time.epoch
# - 
#   name: frequency
#   datatype: float64
#   unit: d**-1
#   description: Frequency of geometric model of the eclipsing binary light curve
#   meta:
#     ucd: src.orbital
# - 
#   name: frequency_error
#   datatype: float32
#   unit: d**-1
#   description: "Uncertainty of \\texttt{frequency}"
#   meta:
#     ucd: stat.error
# - 
#   name: geom_model_reference_level
#   datatype: float32
#   unit: mag
#   description: Magnitude reference level of geometric model
#   meta:
#     ucd: phot.mag;em.opt
# - 
#   name: geom_model_reference_level_error
#   datatype: float32
#   unit: mag
#   description: "Uncertainty of \\texttt{geomModelReferenceLevel}"
#   meta:
#     ucd: stat.error;phot.mag;em.opt
# - 
#   name: geom_model_gaussian1_phase
#   datatype: float32
#   description: Phase of the Gaussian 1 component
#   meta:
#     ucd: time.phase
# - 
#   name: geom_model_gaussian1_phase_error
#   datatype: float32
#   description: "Uncertainty of \\texttt{geomModelGaussian1Phase}"
#   meta:
#     ucd: stat.error;time.phase
# - 
#   name: geom_model_gaussian1_sigma
#   datatype: float32
#   description: "Standard deviation [phase] of Gaussian 1 component"
#   meta:
#     ucd: stat.stdev
# - 
#   name: geom_model_gaussian1_sigma_error
#   datatype: float32
#   description: "Uncertainty of \\texttt{geomModelGaussian1Sigma}"
#   meta:
#     ucd: stat.error
# - 
#   name: geom_model_gaussian1_depth
#   datatype: float32
#   unit: mag
#   description: Magnitude depth of Gaussian 1 component
#   meta:
#     ucd: src.var.amplitude
# - 
#   name: geom_model_gaussian1_depth_error
#   datatype: float32
#   unit: mag
#   description: "Uncertainty of \\texttt{geomModelGaussian1Depth}"
#   meta:
#     ucd: stat.error;src.var.amplitude
# - 
#   name: geom_model_gaussian2_phase
#   datatype: float32
#   description: Phase of Gaussian 2 component
#   meta:
#     ucd: time.phase
# - 
#   name: geom_model_gaussian2_phase_error
#   datatype: float32
#   description: "Uncertainty of \\texttt{geomModelGaussian2Phase}"
#   meta:
#     ucd: stat.error;time.phase
# - 
#   name: geom_model_gaussian2_sigma
#   datatype: float32
[...]
#   datatype: float32
#   description: "Secondary eclipse: uncertainty of \\texttt{derivedSecondaryEclDuration}"
#   meta:
#     ucd: stat.error;time.duration
# - 
#   name: derived_secondary_ecl_depth
#   datatype: float32
#   unit: mag
#   description: "Secondary eclipse: depth"
#   meta:
#     ucd: src.var.amplitude
# - 
#   name: derived_secondary_ecl_depth_error
#   datatype: float32
#   unit: mag
#   description: "Secondary eclipse: uncertainty of \\texttt{derivedSecondaryEclDepth}"
#   meta:
#     ucd: stat.error;src.var.amplitude
solution_id,source_id,global_ranking,reference_time,frequency,frequency_error,geom_model_reference_level,geom_model_reference_level_error,geom_model_gaussian1_phase,geom_model_gaussian1_phase_error,geom_model_gaussian1_sigma,geom_model_gaussian1_sigma_error,geom_model_gaussian1_depth,geom_model_gaussian1_depth_error,geom_model_gaussian2_phase,geom_model_gaussian2_phase_error,geom_model_gaussian2_sigma,geom_model_gaussian2_sigma_error,geom_model_gaussian2_depth,geom_model_gaussian2_depth_error,geom_model_cosine_half_period_amplitude,geom_model_cosine_half_period_amplitude_error,geom_model_cosine_half_period_phase,geom_model_cosine_half_period_phase_error,model_type,num_model_parameters,reduced_chi2,derived_primary_ecl_phase,derived_primary_ecl_phase_error,derived_primary_ecl_duration,derived_primary_ecl_duration_error,derived_primary_ecl_depth,derived_primary_ecl_depth_error,derived_secondary_ecl_phase,derived_secondary_ecl_phase_error,derived_secondary_ecl_duration,derived_secondary_ecl_duration_error,derived_secondary_ecl_depth,derived_secondary_ecl_depth_error
[from data line 509]
375316653866487564,4067118220136154112,0.5616871,2387.1414322040514,2.696732766937158,6.275163E-6,18.019777,0.008111919,0.26622972,0.0018366786,0.06510711,0.003230419,0.46217212,0.01953444,0.76772434,0.0018505284,0.07067567,0.004545997,0.44736797,0.03587178,null,null,null,null,"TWOGAUSSIANS",8,6.881283,0.26622972,0.0018366786,0.3645998,0.018090347,0.46118122,0.019714354,0.76772434,0.0018505284,0.39578375,0.0155915385,0.44637707,0.03630602
375316653866487564,4067118284521860096,0.50469536,2425.927312431034,0.21413030251248633,1.6532547E-4,16.534834,0.0012622704,0.5744106,7.408746E-4,0.021056153,0.0030060685,0.23138484,0.030334879,null,null,null,null,null,null,null,null,null,null,"ONEGAUSSIAN",5,8.298782,0.5744106,7.408746E-4,0.11791445,0.016833983,0.23138484,0.0,null,null,null,null,null,null
375316653866487564,4067118288854210944,0.4820587,2371.726247146437,3.112085991188212,1.4479962E-5,19.74521,0.019180387,0.27017605,0.0023511334,0.044362377,0.004766199,0.8738061,0.09814947,0.7577641,0.007992794,0.05340854,0.009180914,0.6368142,0.37865,null,null,null,null,"TWOGAUSSIANS",8,6.555837,0.27017605,0.0023511334,0.24842931,0.026690714,0.8738045,0.098151654,0.7577641,0.007992794,0.29908782,0.051413115,0.6368126,0.37865153
375316653866487564,4067118391991611008,0.46182376,2493.721482984938,1.336532197425167,1.0687174E-4,19.18296,0.07608859,0.16124278,0.037598345,0.10091705,0.08461543,0.09314361,0.0664413,0.59975433,0.016489975,0.11071805,0.015394751,0.4205102,0.08727953,null,null,null,null,"TWOGAUSSIANS",8,1.831234,0.59975433,0.016489975,0.4,0.0,0.4088887,0.061561845,0.16189279,0.037813395,0.4,0.07538763,0.081682704,0.019603515
375316653866487564,4067118563733086336,0.4283251,2476.303184272439,1.9541335204071033,2.0754787E-4,18.995146,0.35427576,0.5956752,0.03653545,0.15269631,0.057097476,0.37014064,0.29906192,0.03189893,0.923593,0.14849529,0.13152662,0.20465776,0.33004555,null,null,null,null,"TWOGAUSSIANS",8,4.189166,0.5990652,0.02209312,0.4,0.0,0.27875152,0.06657432,0.03189893,0.923593,0.4,0.0,0.11695537,0.044483684
375316653866487564,4067118632452866560,0.448383,2512.9000861108657,2.022667137943904,8.1236365E-5,19.44454,0.019832809,0.3821517,0.06457832,0.11421945,0.08625341,0.1669671,0.14224127,0.74686444,7.371079E-4,0.021734362,0.0027078912,0.51115793,0.16507931,null,null,null,null,"TWOGAUSSIANS",8,1.9730949,0.74686444,7.371079E-4,0.12171243,0.01516419,0.512155,0.16247757,0.3821517,0.06457832,0.4,0.014254862,0.16694406,0.14234838
375316653866487564,4067119147906121984,0.62084866,2363.473677386406,0.4248569316069894,7.1125214E-5,14.906209,0.0042403345,0.41367397,0.012947503,0.031460285,0.0047279773,0.19414088,0.0462805,0.71518296,0.048201557,0.13633698,0.1563358,0.0041476763,0.00396288,null,null,null,null,"TWOGAUSSIANS",8,3.232594,0.41370398,0.0129446015,0.17617759,0.026476674,0.1944906,0.046146188,0.71518296,0.048201557,0.4,0.0,0.004137716,0.001220217
375316653866487564,4067119388367646976,0.45553803,2468.755862292222,0.9101865114961518,1.2103336E-4,18.384373,0.006326408,0.2202604,0.015020365,0.041712277,0.0116130235,0.18140626,0.03310713,0.71429455,0.0026434409,0.016008336,0.0015064387,0.21035138,0.026646495,null,null,null,null,"TWOGAUSSIANS",8,3.7329102,0.71429455,0.0026434409,0.089646675,0.008436057,0.21035138,0.026646495,0.2202604,0.015020365,0.23358876,0.06503293,0.18140626,0.03310713
375316653866487564,4067119491456312064,0.48815286,2462.9807199958605,1.0307847287669503,4.9401722E-5,19.499434,0.07037117,0.16785531,0.0150232315,0.1399702,0.047771387,0.19884942,0.06080622,0.65719885,0.0044147624,0.09359009,0.014311648,0.3520733,0.060305536,null,null,null,null,"TWOGAUSSIANS",8,1.9092954,0.65719885,0.0044147624,0.4,0.0,0.30912185,0.01951565,0.16785531,0.015022894,0.4,0.0,0.15520146,0.019389104
375316653866487564,4067119491503421696,0.5468732,2382.5254626016217,0.108013363724466,2.3302313E-5,16.371122,0.0023450127,0.32374322,0.0060961707,0.013796348,0.00844685,0.14736904,0.75274384,null,null,null,null,null,null,0.037977118,0.00319821,0.32374322,0.0060961707,"ONEGAUSSIAN_WITH_ELLIPSOIDAL",6,7.5885944,0.32374322,0.0060961707,0.07725955,0.04730236,0.2233232,0.7526979,null,null,null,null,null,null
375316653866487564,4067119525816057216,0.46190602,2505.286918025867,2.8574924282873844,2.4142762E-5,19.612444,0.010557967,0.29968235,0.007035781,0.054842137,0.0065040854,0.26189807,0.03824984,0.7765461,0.0027783937,0.02359657,0.0035834278,0.38751802,0.078279465,null,null,null,null,"TWOGAUSSIANS",8,3.0316126,0.7765461,0.0027783937,0.1321408,0.020067194,0.38751802,0.078279465,0.29968235,0.007035781,0.30711597,0.03642288,0.26189807,0.03824984
