Gaia/vari_eclipsing_binary/VariEclipsingBinary_596895-596977.csv
# %ECSV 1.0
# ---
# delimiter: ','
# meta: !!omap
# - RELEASE: Gaia DR3
# - TABLE: vari_eclipsing_binary
# - DESCRIPTION: >
#     This table describes the properties of the eclipsing binaries resulting from the variability analysis. 
# - CITATION: >
#     How to cite and acknowledge Gaia: 
#     https://gea.esac.esa.int/archive/documentation/credits.html 
# - KNOWN_ISSUES: >
#     Known issues: 
#     https://www.cosmos.esa.int/web/gaia-users/known-issues 
# - DOCUMENTATION: >
#     Tutorials and documentation: 
#     https://www.cosmos.esa.int/web/gaia-users/archive 
# datatype:
# - 
#   name: solution_id
#   datatype: int64
#   description: Solution Identifier
#   meta:
#     ucd: meta.version
# - 
#   name: source_id
#   datatype: int64
#   description: Unique source identifier
#   meta:
#     ucd: meta.id;meta.main
# - 
#   name: global_ranking
#   datatype: float32
#   description: Number between 0 (worst) and 1 (best)
#   meta:
#     ucd: stat.param
# - 
#   name: reference_time
#   datatype: float64
#   unit: d
#   description: Reference time used for the geometric model fit
#   meta:
#     ucd: time.epoch
# - 
#   name: frequency
#   datatype: float64
#   unit: d**-1
#   description: Frequency of geometric model of the eclipsing binary light curve
#   meta:
#     ucd: src.orbital
# - 
#   name: frequency_error
#   datatype: float32
#   unit: d**-1
#   description: "Uncertainty of \\texttt{frequency}"
#   meta:
#     ucd: stat.error
# - 
#   name: geom_model_reference_level
#   datatype: float32
#   unit: mag
#   description: Magnitude reference level of geometric model
#   meta:
#     ucd: phot.mag;em.opt
# - 
#   name: geom_model_reference_level_error
#   datatype: float32
#   unit: mag
#   description: "Uncertainty of \\texttt{geomModelReferenceLevel}"
#   meta:
#     ucd: stat.error;phot.mag;em.opt
# - 
#   name: geom_model_gaussian1_phase
#   datatype: float32
#   description: Phase of the Gaussian 1 component
#   meta:
#     ucd: time.phase
# - 
#   name: geom_model_gaussian1_phase_error
#   datatype: float32
#   description: "Uncertainty of \\texttt{geomModelGaussian1Phase}"
#   meta:
#     ucd: stat.error;time.phase
# - 
#   name: geom_model_gaussian1_sigma
#   datatype: float32
#   description: "Standard deviation [phase] of Gaussian 1 component"
#   meta:
#     ucd: stat.stdev
# - 
#   name: geom_model_gaussian1_sigma_error
#   datatype: float32
#   description: "Uncertainty of \\texttt{geomModelGaussian1Sigma}"
#   meta:
#     ucd: stat.error
# - 
#   name: geom_model_gaussian1_depth
#   datatype: float32
#   unit: mag
#   description: Magnitude depth of Gaussian 1 component
#   meta:
#     ucd: src.var.amplitude
# - 
#   name: geom_model_gaussian1_depth_error
#   datatype: float32
#   unit: mag
#   description: "Uncertainty of \\texttt{geomModelGaussian1Depth}"
#   meta:
#     ucd: stat.error;src.var.amplitude
# - 
#   name: geom_model_gaussian2_phase
#   datatype: float32
#   description: Phase of Gaussian 2 component
#   meta:
#     ucd: time.phase
# - 
#   name: geom_model_gaussian2_phase_error
#   datatype: float32
#   description: "Uncertainty of \\texttt{geomModelGaussian2Phase}"
#   meta:
#     ucd: stat.error;time.phase
# - 
#   name: geom_model_gaussian2_sigma
#   datatype: float32
[...]
#   datatype: float32
#   description: "Secondary eclipse: uncertainty of \\texttt{derivedSecondaryEclDuration}"
#   meta:
#     ucd: stat.error;time.duration
# - 
#   name: derived_secondary_ecl_depth
#   datatype: float32
#   unit: mag
#   description: "Secondary eclipse: depth"
#   meta:
#     ucd: src.var.amplitude
# - 
#   name: derived_secondary_ecl_depth_error
#   datatype: float32
#   unit: mag
#   description: "Secondary eclipse: uncertainty of \\texttt{derivedSecondaryEclDepth}"
#   meta:
#     ucd: stat.error;src.var.amplitude
solution_id,source_id,global_ranking,reference_time,frequency,frequency_error,geom_model_reference_level,geom_model_reference_level_error,geom_model_gaussian1_phase,geom_model_gaussian1_phase_error,geom_model_gaussian1_sigma,geom_model_gaussian1_sigma_error,geom_model_gaussian1_depth,geom_model_gaussian1_depth_error,geom_model_gaussian2_phase,geom_model_gaussian2_phase_error,geom_model_gaussian2_sigma,geom_model_gaussian2_sigma_error,geom_model_gaussian2_depth,geom_model_gaussian2_depth_error,geom_model_cosine_half_period_amplitude,geom_model_cosine_half_period_amplitude_error,geom_model_cosine_half_period_phase,geom_model_cosine_half_period_phase_error,model_type,num_model_parameters,reduced_chi2,derived_primary_ecl_phase,derived_primary_ecl_phase_error,derived_primary_ecl_duration,derived_primary_ecl_duration_error,derived_primary_ecl_depth,derived_primary_ecl_depth_error,derived_secondary_ecl_phase,derived_secondary_ecl_phase_error,derived_secondary_ecl_duration,derived_secondary_ecl_duration_error,derived_secondary_ecl_depth,derived_secondary_ecl_depth_error
[from data line 512]
375316653866487564,5250841787055047296,0.5621197,2189.892742614708,2.3347408657829525,7.1349186E-6,17.012392,0.009255899,0.28342798,0.0022975656,0.09227937,0.0061874525,0.18874036,0.009083039,0.7840739,0.003574363,0.0971128,0.0070440127,0.1907803,0.009203732,null,null,null,null,"TWOGAUSSIANS",8,5.305038,0.7840739,0.003574363,0.4,0.0,0.17925183,0.0059541143,0.28342798,0.0022975656,0.4,0.0,0.17721242,0.0075780977
375316653866487564,5250842302435570944,0.5443388,2157.3667847593097,3.514209366015547,4.8154366E-6,19.759014,0.016717035,0.2397991,0.013596437,0.07192753,0.011385561,0.58458704,0.1105353,0.74048394,0.0022290216,0.06817594,0.0037188295,0.59281147,0.028923837,null,null,null,null,"TWOGAUSSIANS",8,1.4691175,0.74048394,0.0022290216,0.38178527,0.020825446,0.59082764,0.028874753,0.2397991,0.013596437,0.4,0.019592358,0.5826032,0.111294344
375316653866487564,5250842955286010880,0.57302076,2158.5258214394867,3.0668918082453667,1.2107569E-5,14.99568,0.008547166,0.27554944,0.0023009803,0.043602932,0.012241667,0.09391412,0.02175372,0.75884634,0.016483147,0.04104746,0.0106619345,0.14040782,0.04414393,0.100489534,0.013939728,0.27554944,0.0023009803,"TWOGAUSSIANS_WITH_ELLIPSOIDAL_ON_ECLIPSE1",9,96.887344,0.7615064,0.0139531875,0.22986579,0.05970683,0.3395317,0.03339802,0.27554944,0.0023009803,0.24417643,0.068553336,0.29489318,0.011633061
375316653866487564,5250843470682244864,0.5898112,2202.2103184837442,3.7565952831333522,6.194871E-6,16.412752,0.019423578,0.15074304,0.0017079538,0.058036137,0.008354118,0.29570708,0.043931894,0.6561524,0.010893394,0.050985627,0.010041065,0.24904633,0.047028095,0.08657201,0.024508653,0.15074304,0.0017079538,"TWOGAUSSIANS_WITH_ELLIPSOIDAL_ON_ECLIPSE1",9,21.444023,0.15074304,0.0017079538,0.32500237,0.04678306,0.46882108,0.046884004,0.6561524,0.010893394,0.2855195,0.05622996,0.42196038,0.02786893
375316653866487564,5250846008996570752,0.48690966,2191.868825215553,0.5402280020420503,2.466289E-5,18.353231,0.007881041,0.30147594,0.006966373,0.029949712,0.007713432,0.27502453,0.05022638,0.805148,0.010515613,0.020256953,0.015494668,0.13310246,0.061773993,null,null,null,null,"TWOGAUSSIANS",8,11.061467,0.30147594,0.006966373,0.16771838,0.043195218,0.27502453,0.05022638,0.805148,0.010515613,0.11343894,0.08677014,0.13310246,0.061773993
375316653866487564,5250846356904144768,0.48984042,2239.3302801689256,0.07683630868386263,6.1794076E-6,17.708345,0.002783842,0.27488828,0.017467765,0.059824992,0.013431426,0.041940052,0.03455509,0.8029979,3.8506128E-4,0.001408155,5.6612457E-4,0.28983077,1.6966238,0.013240762,0.0044758064,0.27488828,0.017467765,"TWOGAUSSIANS_WITH_ELLIPSOIDAL_ON_ECLIPSE1",9,5.1956897,0.8029979,3.8506128E-4,0.0078856675,0.0031702975,0.31548792,1.6970426,0.27488828,0.017467765,0.33501995,0.07521599,0.06841472,0.031918548
375316653866487564,5250846971069258752,0.5314164,2216.234985933963,2.9142717668862517,1.7736123E-5,18.148373,0.03723316,0.23044166,0.009388574,0.08272399,0.010056474,0.4568158,0.04380943,0.7144673,0.013311379,0.081806034,0.015354856,0.48155257,0.03419223,null,null,null,null,"TWOGAUSSIANS",8,25.37095,0.7144673,0.013311379,0.4,0.015650105,0.47468942,0.028614923,0.23044166,0.009388574,0.4,0.0,0.44995263,0.038342144
375316653866487564,5250847280307210368,0.4995733,2211.4934185705292,3.7368690472414188,1.0300367E-5,19.582571,0.015128266,0.14047958,0.0043903016,0.09353368,0.007598378,0.2395588,0.016514909,0.644661,0.0045336,0.08303005,0.010634556,0.2539005,0.02684122,null,null,null,null,"TWOGAUSSIANS",8,1.0946772,0.644661,0.0045336,0.4,0.0,0.2455699,0.030163027,0.14047958,0.0043903016,0.4,0.0,0.23122789,0.013072555
375316653866487564,5250847417739978112,0.5292188,2206.750751001255,4.012625612634884,1.5894651E-5,19.2196,0.020409862,0.2705392,0.0057688216,0.04407911,0.014755104,0.33792597,0.059514146,0.77151835,0.008418177,0.041310314,0.0077243033,0.32634932,0.06319222,0.11728241,0.031043444,0.2705392,0.0057688216,"TWOGAUSSIANS_WITH_ELLIPSOIDAL_ON_ECLIPSE1",9,5.8068714,0.2705392,0.0057688216,0.24684301,0.08262858,0.57249075,0.074035086,0.77151835,0.0080083255,0.23133776,0.043256097,0.5609052,0.0467342
375316653866487564,5250848723413226496,0.57751167,2212.301759235738,2.788014546197693,6.412634E-6,19.057835,0.013947143,0.22760014,0.0020845432,0.0450164,0.0059819217,0.249291,0.03649381,0.7255307,0.0035079794,0.052325055,0.006099104,0.28333005,0.0311289,0.13060062,0.016843403,0.22760014,0.0020845432,"TWOGAUSSIANS_WITH_ELLIPSOIDAL_ON_ECLIPSE1",9,2.5215795,0.7258707,0.002869837,0.2930203,0.03415498,0.5444905,0.018909441,0.22760014,0.0020845432,0.25209183,0.03349876,0.5104883,0.029734798
375316653866487564,5250848968231920000,0.528711,2183.068596443308,3.4269537892994046,8.05376E-6,19.684898,0.011695306,0.1865898,0.0072684027,0.07213777,0.005903664,0.5201001,0.019893527,0.6774661,0.0077924817,0.069925375,0.010106328,0.61456394,0.37425563,null,null,null,null,"TWOGAUSSIANS",8,3.1607318,0.6774661,0.0077924817,0.39158207,0.053345233,0.61272883,0.3754095,0.1865898,0.0072684027,0.4,0.008626031,0.518265,0.019796621
375316653866487564,5250849273172210944,0.6141651,2212.9994501513015,3.02798081395106,3.8336298E-6,17.683176,0.008625069,0.23794024,0.0014004287,0.051734623,0.00285105,0.3122435,0.020850351,0.7363316,0.00297179,0.045922976,0.0046394877,0.2492418,0.034952033,0.10332966,0.014277531,0.23794024,0.0014004287,"TWOGAUSSIANS_WITH_ELLIPSOIDAL_ON_ECLIPSE1",9,4.0559363,0.23794024,0.0014004287,0.2897139,0.01596588,0.51890004,0.012153794,0.7365316,0.0026134476,0.25716868,0.02598113,0.4558798,0.033876084
375316653866487564,5250849380558924800,0.5458965,2209.496761074087,0.8104389150977312,5.1627547E-5,16.449455,0.0012560568,0.3042894,0.004350393,0.011967447,0.012334612,0.043008532,2.366589E20,0.69384456,0.020138646,0.051283717,0.014864065,0.16611937,0.020612104,null,null,null,null,"TWOGAUSSIANS",8,5.0460544,0.69384456,0.020138646,0.2871888,0.08323876,0.16611937,0.020612104,0.3042894,0.004350393,0.0670177,0.069073826,0.043008532,2.366589E20
375316653866487564,5250849410605030528,0.6104007,2211.553351436665,2.74196592702595,8.498693E-6,17.272663,0.0052572326,0.18491226,0.0010209203,0.08183236,0.0022556442,0.31663725,0.0070305034,0.6895737,0.0018250608,0.08000623,0.002094989,0.3244392,0.007917484,null,null,null,null,"TWOGAUSSIANS",8,3.4261408,0.6895737,0.0018250608,0.4,0.0,0.3194815,0.007594578,0.18491226,0.0010209203,0.4,0.0,0.31167954,0.0070368294
375316653866487564,5250850441397004544,0.54870486,2200.439168103766,2.0459831745385033,1.0771251E-5,18.275818,0.011020837,0.21647276,0.0035155704,0.087220676,0.008498233,0.18997459,0.011212765,0.7336366,0.0041923206,0.102200694,0.00733826,0.19106372,0.011478843,null,null,null,null,"TWOGAUSSIANS",8,1.5402516,0.7336366,0.0041923206,0.4,0.0,0.18192543,0.0080634225,0.21647276,0.0035129576,0.4,0.0,0.18083951,0.010727479
375316653866487564,5250850480070509696,0.6182761,2205.152305623573,2.814166216569644,3.3429437E-6,16.95102,0.00887617,0.26590693,0.0012420057,0.08580591,0.0035300571,0.36189035,0.018258296,0.76674026,0.0010496565,0.08498199,0.0024469318,0.37575853,0.009276032,null,null,null,null,"TWOGAUSSIANS",8,5.604219,0.76674026,0.0010496565,0.4,0.0,0.36575,0.00791697,0.26590693,0.0012420057,0.4,0.0,0.3518818,0.018741943
375316653866487564,5250850754937870208,0.586114,2174.1544710385388,2.750297241964891,5.5650953E-6,18.992819,0.0073503596,0.2202149,0.0033254276,0.06707507,0.0028791928,0.61478317,0.03249193,0.70559675,0.0025272989,0.06581913,0.003463743,0.71653235,0.035898253,null,null,null,null,"TWOGAUSSIANS",8,3.6010554,0.70559675,0.0025272989,0.36858714,0.01939696,0.71579725,0.036104627,0.2202149,0.0033254276,0.3756204,0.01612348,0.61404806,0.032571528
375316653866487564,5250851820100149248,0.68741536,2206.7696890968373,1.1516019616307593,7.4835352E-6,15.022343,0.003267794,0.17332254,0.003512432,0.028054941,0.0069727036,0.10048162,0.013381618,0.67170936,0.001657219,0.032610826,0.0010439747,1.1076522,0.024170328,0.018159537,0.0041626114,0.17332254,0.003512432,"TWOGAUSSIANS_WITH_ELLIPSOIDAL_ON_ECLIPSE1",9,43.412083,0.67170936,0.0016545339,0.18262063,0.005846258,1.1439675,0.020657104,0.17332254,0.003512432,0.15710767,0.03904714,0.13680068,0.012236615
375316653866487564,5250852021947764992,0.44819424,2203.755785451275,3.054393253871852,3.5975994E-5,19.158611,0.031964827,0.21160558,0.010045611,0.09758008,0.022652723,0.15922174,0.030309,0.6953358,0.013605479,0.11546716,0.033771325,0.14718819,0.029726662,null,null,null,null,"TWOGAUSSIANS",8,2.6716645,0.21163559,0.01004896,0.4,0.0,0.14313711,0.016485766,0.6953358,0.013605479,0.4,0.0,0.13107497,0.01943876
375316653866487564,5250855904595806080,0.5203123,2237.2219600423173,0.4227778107584622,1.6952301E-5,17.802694,0.0015637964,0.29868987,0.00864505,0.029161967,0.016832765,0.010927928,0.048534527,0.80274653,0.003854356,0.026751764,0.0039040982,0.046227697,0.0104495045,0.018338269,0.0017810196,0.29868987,0.00864505,"TWOGAUSSIANS_WITH_ELLIPSOIDAL_ON_ECLIPSE1",9,0.9444981,0.80274653,0.0038509977,0.14980988,0.02186295,0.082880385,0.010518016,0.29868987,0.00864505,0.16330701,0.09426349,0.047604434,0.04848418
375316653866487564,5250856252506469120,0.5290415,2201.282471693752,3.8469017959935163,1.6446193E-5,17.772877,0.12096199,0.233047,0.011549603,0.1253367,0.046606835,0.25243086,0.106948115,0.7255256,0.0038618515,0.11592437,0.024140028,0.28007206,0.11406034,null,null,null,null,"TWOGAUSSIANS",8,7.8807125,0.7255256,0.0038618515,0.4,0.0,0.22229996,0.006034063,0.23307699,0.0116285775,0.4,0.0,0.19453025,0.018357996
375316653866487564,5250856493024825216,0.5711851,2191.2813761505554,0.9217695117407607,8.003441E-6,16.784224,0.004706747,0.23837812,0.0043017035,0.10479983,0.008731229,0.115708224,0.004635018,0.71803826,0.002095015,0.08149374,0.0028376696,0.21238205,0.005476738,null,null,null,null,"TWOGAUSSIANS",8,4.310942,0.71803826,0.002095015,0.4,0.0,0.20640713,0.00433844,0.23837812,0.0043017035,0.4,0.0,0.10972952,0.0044411016
375316653866487564,5250858142282028288,0.49249914,2195.7996820628355,2.651568998656123,1.5585281E-5,17.89072,0.022119528,0.2886169,0.004623051,0.09782685,0.013380123,0.20549096,0.020768534,0.7851968,0.0061402726,0.102905914,0.015205582,0.2150952,0.020040667,null,null,null,null,"TWOGAUSSIANS",8,7.069315,0.7851968,0.0061402726,0.4,0.0,0.19697933,0.014290064,0.2886169,0.0046232683,0.4,0.0,0.18737745,0.016653579
375316653866487564,5250858451519081088,0.49830645,2166.867992344695,3.045010208207589,1.8479679E-5,18.986103,0.04675454,0.26048714,0.0055087837,0.10240208,0.021048265,0.24754344,0.038030315,0.7638889,0.011247428,0.114323296,0.025695417,0.21871306,0.046811562,null,null,null,null,"TWOGAUSSIANS",8,2.202708,0.26047713,0.0055241464,0.4,0.0,0.21642527,0.021185499,0.7638889,0.011245665,0.4,0.0,0.18756725,0.012715438
375316653866487564,5250859207444133120,0.72765785,2213.3131141989707,0.6288892369309543,1.3801934E-5,16.103977,0.0018815388,0.22347613,0.006260071,0.022729816,0.0038439888,0.40762925,0.04891022,0.7269757,0.013288665,0.023611952,0.0072631137,0.43155187,0.04537146,0.0083952015,0.0022774157,0.22347613,0.006260071,"TWOGAUSSIANS_WITH_ELLIPSOIDAL_ON_ECLIPSE1",9,2.7427223,0.7269757,0.013288665,0.13222693,0.04067344,0.44833416,0.043663934,0.22347613,0.006260071,0.12728697,0.021526337,0.42441964,0.04882959
375316653866487564,5250859306212114816,0.43353206,2168.383711873205,2.3961339144186655,1.8405872E-5,18.747465,0.0065252176,0.3191934,0.005564977,0.040305313,0.009330369,0.13593574,0.015541976,0.815315,0.013721954,0.102504425,0.012664796,0.13259234,0.018153977,null,null,null,null,"TWOGAUSSIANS",8,4.988388,0.3191934,0.005564977,0.22570977,0.05225006,0.13546175,0.015783785,0.815315,0.013721954,0.4,0.0,0.13211651,0.018307889
375316653866487564,5250860096484231424,0.6423065,2164.978981398153,1.2059538122196167,1.0480175E-5,17.341366,0.0027766628,0.22345242,0.004498465,0.03849495,0.0050262413,0.12949648,0.015429707,0.72276443,0.0023586222,0.035851967,0.0021726927,0.48002717,0.014711643,0.023832453,0.0041604275,0.22345242,0.004498465,"TWOGAUSSIANS_WITH_ELLIPSOIDAL_ON_ECLIPSE1",9,2.8986957,0.7227744,0.002346951,0.20077102,0.012167078,0.5276912,0.0133172115,0.22345242,0.004498465,0.2155717,0.02814695,0.1771614,0.0142431175
375316653866487564,5250860886758247168,0.46866748,2190.3602313048927,2.5204031994630345,2.0932948E-5,17.629885,0.21107937,0.26589292,0.015092014,0.1528887,0.12796278,0.09410089,0.20727092,0.7517374,0.010583258,0.13301945,0.043482237,0.16336687,0.17426425,null,null,null,null,"TWOGAUSSIANS",8,3.7838995,0.7517374,0.010583258,0.4,0.0,0.11736016,0.014653431,0.26667294,0.013950973,0.4,0.0,0.047462516,0.008369719
375316653866487564,5250860955477825024,0.55226475,2172.9928378881546,2.7241110948891714,1.2865881E-5,17.640299,0.012771989,0.27763534,0.0061469167,0.034568336,0.02306768,0.07829101,1.0362142,0.7838889,0.010094556,0.0668765,0.011629645,0.11359622,0.030077515,0.08200746,0.014431569,0.27763534,0.0061469167,"TWOGAUSSIANS_WITH_ELLIPSOIDAL_ON_ECLIPSE1",9,8.389619,0.7838889,0.010094556,0.3745084,0.063554265,0.2772848,0.021599106,0.27763534,0.0061469167,0.19358268,0.129179,0.24223265,1.0465239
375316653866487564,5250862913987917568,0.5556539,2175.9303418916047,0.279606517065783,2.0921658E-5,18.96084,0.0018333861,0.09351946,0.005302013,0.011664471,0.0051137484,0.042364936,0.09336572,0.24655563,0.0021406647,0.016979488,0.0012072981,0.8136403,0.22897169,null,null,null,null,"TWOGAUSSIANS",8,0.6522893,0.24655563,0.0021406647,0.09508513,0.0067608696,0.8136403,0.22897169,0.09351946,0.005302013,0.065321036,0.028636992,0.042364936,0.09336572
375316653866487564,5250863021374827904,0.6119075,2146.3106662313403,3.1044967661153775,1.4059891E-5,17.239588,0.012356371,0.26869354,0.0023177622,0.038597345,0.0029900258,0.5520694,0.037628137,0.7674665,0.013146644,0.03311967,0.012952471,0.37257844,0.4838129,0.13158183,0.021194879,0.26869354,0.0023177622,"TWOGAUSSIANS_WITH_ELLIPSOIDAL_ON_ECLIPSE1",9,29.755287,0.26869354,0.0023177622,0.21614513,0.016744144,0.8152328,0.029651558,0.7675365,0.0130495215,0.18547015,0.07253384,0.63572705,0.4843
375316653866487564,5250863605479444480,0.49606362,2183.139348925852,3.3876732238437235,1.1019338E-5,19.182196,0.03181341,0.25854278,0.0054558897,0.102971055,0.013657894,0.2853202,0.03021283,0.76940876,0.0037257185,0.08654166,0.010125674,0.31258154,0.027940748,null,null,null,null,"TWOGAUSSIANS",8,2.5438201,0.76940876,0.0037248994,0.4,0.0,0.29694453,0.018493513,0.25854278,0.0054558897,0.4,0.0,0.26967835,0.022693688
375316653866487564,5250863811648821504,0.5801947,2200.0633771538073,2.0571786637387395,3.4453355E-5,17.461277,0.0012122734,0.27079383,0.007173202,0.031247148,0.0064658583,0.21431035,0.01448682,0.9026434,0.007145807,0.016074443,0.0046745474,0.07425256,0.06202856,null,null,null,null,"TWOGAUSSIANS",8,1.673898,0.27079383,0.007173202,0.17498402,0.036208805,0.21431035,0.01448682,0.9026434,0.007145807,0.09001689,0.026177466,0.07425256,0.06202856
375316653866487564,5250864670642282624,0.6176115,2155.7051989282745,0.5820348173375944,8.325923E-6,16.758932,0.00364019,0.20166333,0.0052080345,0.027296413,0.0034027747,0.23840743,0.01762668,0.70859057,0.0012242013,0.033683755,0.0019323094,0.38277146,0.015736721,0.02767796,0.006165646,0.20166333,0.0052080345,"TWOGAUSSIANS_WITH_ELLIPSOIDAL_ON_ECLIPSE1",9,10.045396,0.70859057,0.0012242013,0.18862903,0.010820932,0.43802246,0.014126483,0.20166333,0.0052080345,0.15285991,0.019055538,0.29376325,0.014453489
375316653866487564,5250864872487574912,0.6518203,2164.955036668369,1.2888761084933515,2.1073522E-5,16.834265,0.002077273,0.29266867,0.0021242376,0.03851237,0.0021207056,0.5895561,0.01601083,null,null,null,null,null,null,null,null,null,null,"ONEGAUSSIAN",5,4.460509,0.29266867,0.0021242376,0.21566929,0.011875951,0.5895561,0.0,null,null,null,null,null,null
