Gaia/vari_eclipsing_binary/VariEclipsingBinary_199494-199774.csv
# %ECSV 1.0
# ---
# delimiter: ','
# meta: !!omap
# - RELEASE: Gaia DR3
# - TABLE: vari_eclipsing_binary
# - DESCRIPTION: >
#     This table describes the properties of the eclipsing binaries resulting from the variability analysis. 
# - CITATION: >
#     How to cite and acknowledge Gaia: 
#     https://gea.esac.esa.int/archive/documentation/credits.html 
# - KNOWN_ISSUES: >
#     Known issues: 
#     https://www.cosmos.esa.int/web/gaia-users/known-issues 
# - DOCUMENTATION: >
#     Tutorials and documentation: 
#     https://www.cosmos.esa.int/web/gaia-users/archive 
# datatype:
# - 
#   name: solution_id
#   datatype: int64
#   description: Solution Identifier
#   meta:
#     ucd: meta.version
# - 
#   name: source_id
#   datatype: int64
#   description: Unique source identifier
#   meta:
#     ucd: meta.id;meta.main
# - 
#   name: global_ranking
#   datatype: float32
#   description: Number between 0 (worst) and 1 (best)
#   meta:
#     ucd: stat.param
# - 
#   name: reference_time
#   datatype: float64
#   unit: d
#   description: Reference time used for the geometric model fit
#   meta:
#     ucd: time.epoch
# - 
#   name: frequency
#   datatype: float64
#   unit: d**-1
#   description: Frequency of geometric model of the eclipsing binary light curve
#   meta:
#     ucd: src.orbital
# - 
#   name: frequency_error
#   datatype: float32
#   unit: d**-1
#   description: "Uncertainty of \\texttt{frequency}"
#   meta:
#     ucd: stat.error
# - 
#   name: geom_model_reference_level
#   datatype: float32
#   unit: mag
#   description: Magnitude reference level of geometric model
#   meta:
#     ucd: phot.mag;em.opt
# - 
#   name: geom_model_reference_level_error
#   datatype: float32
#   unit: mag
#   description: "Uncertainty of \\texttt{geomModelReferenceLevel}"
#   meta:
#     ucd: stat.error;phot.mag;em.opt
# - 
#   name: geom_model_gaussian1_phase
#   datatype: float32
#   description: Phase of the Gaussian 1 component
#   meta:
#     ucd: time.phase
# - 
#   name: geom_model_gaussian1_phase_error
#   datatype: float32
#   description: "Uncertainty of \\texttt{geomModelGaussian1Phase}"
#   meta:
#     ucd: stat.error;time.phase
# - 
#   name: geom_model_gaussian1_sigma
#   datatype: float32
#   description: "Standard deviation [phase] of Gaussian 1 component"
#   meta:
#     ucd: stat.stdev
# - 
#   name: geom_model_gaussian1_sigma_error
#   datatype: float32
#   description: "Uncertainty of \\texttt{geomModelGaussian1Sigma}"
#   meta:
#     ucd: stat.error
# - 
#   name: geom_model_gaussian1_depth
#   datatype: float32
#   unit: mag
#   description: Magnitude depth of Gaussian 1 component
#   meta:
#     ucd: src.var.amplitude
# - 
#   name: geom_model_gaussian1_depth_error
#   datatype: float32
#   unit: mag
#   description: "Uncertainty of \\texttt{geomModelGaussian1Depth}"
#   meta:
#     ucd: stat.error;src.var.amplitude
# - 
#   name: geom_model_gaussian2_phase
#   datatype: float32
#   description: Phase of Gaussian 2 component
#   meta:
#     ucd: time.phase
# - 
#   name: geom_model_gaussian2_phase_error
#   datatype: float32
#   description: "Uncertainty of \\texttt{geomModelGaussian2Phase}"
#   meta:
#     ucd: stat.error;time.phase
# - 
#   name: geom_model_gaussian2_sigma
#   datatype: float32
[...]
#   datatype: float32
#   description: "Secondary eclipse: uncertainty of \\texttt{derivedSecondaryEclDuration}"
#   meta:
#     ucd: stat.error;time.duration
# - 
#   name: derived_secondary_ecl_depth
#   datatype: float32
#   unit: mag
#   description: "Secondary eclipse: depth"
#   meta:
#     ucd: src.var.amplitude
# - 
#   name: derived_secondary_ecl_depth_error
#   datatype: float32
#   unit: mag
#   description: "Secondary eclipse: uncertainty of \\texttt{derivedSecondaryEclDepth}"
#   meta:
#     ucd: stat.error;src.var.amplitude
solution_id,source_id,global_ranking,reference_time,frequency,frequency_error,geom_model_reference_level,geom_model_reference_level_error,geom_model_gaussian1_phase,geom_model_gaussian1_phase_error,geom_model_gaussian1_sigma,geom_model_gaussian1_sigma_error,geom_model_gaussian1_depth,geom_model_gaussian1_depth_error,geom_model_gaussian2_phase,geom_model_gaussian2_phase_error,geom_model_gaussian2_sigma,geom_model_gaussian2_sigma_error,geom_model_gaussian2_depth,geom_model_gaussian2_depth_error,geom_model_cosine_half_period_amplitude,geom_model_cosine_half_period_amplitude_error,geom_model_cosine_half_period_phase,geom_model_cosine_half_period_phase_error,model_type,num_model_parameters,reduced_chi2,derived_primary_ecl_phase,derived_primary_ecl_phase_error,derived_primary_ecl_duration,derived_primary_ecl_duration_error,derived_primary_ecl_depth,derived_primary_ecl_depth_error,derived_secondary_ecl_phase,derived_secondary_ecl_phase_error,derived_secondary_ecl_duration,derived_secondary_ecl_duration_error,derived_secondary_ecl_depth,derived_secondary_ecl_depth_error
[from data line 360]
375316653866487564,1756253324664617472,0.568141,2222.461413407525,3.173632558295872,1.2827936E-5,17.454119,0.021137688,0.23385116,0.001959938,0.042792585,0.004494668,0.37364498,0.044222124,0.72671217,0.009132349,0.046601556,0.017402029,0.2306877,0.05615627,0.09457704,0.02474502,0.23385116,0.001959938,"TWOGAUSSIANS_WITH_ELLIPSOIDAL_ON_ECLIPSE1",9,31.168325,0.23385116,0.001959938,0.23963848,0.02517014,0.56279886,0.0155094685,0.7275922,0.00816278,0.26096871,0.09745136,0.41950804,0.044152353
375316653866487564,1756253500758284800,0.56684136,2228.343580968347,2.2803336470116022,1.4996396E-5,15.673736,0.011781363,0.25218692,0.006209652,0.07343001,0.0077046943,0.22173756,0.030113645,0.7494778,0.0023218065,0.08221276,0.0052959104,0.45889565,0.024801916,null,null,null,null,"TWOGAUSSIANS",8,94.90859,0.7494778,0.0023218065,0.4,0.0,0.45538378,0.025544196,0.25218692,0.006209652,0.4,0.02088453,0.21822567,0.030659284
375316653866487564,1756254668989226368,0.5435427,2221.3698986686004,0.6066042783570091,5.3861855E-5,16.840204,0.0021102603,0.23307529,0.022178056,0.032202482,0.0109397285,0.6046416,3.3578696,0.49293554,0.020099042,0.026421636,0.012414006,0.012024719,0.0049785576,null,null,null,null,"TWOGAUSSIANS",8,5.751494,0.23307529,0.022178056,0.18033391,0.06126248,0.6046416,3.3578696,0.49293554,0.020099042,0.14796115,0.06951843,0.012024719,0.0049785576
375316653866487564,1756255592407364736,0.45303306,2231.541827535377,4.740846344605269,2.0940945E-4,18.182594,0.022131523,0.32824126,0.054314043,0.034390505,0.059087865,0.050816424,0.113235235,0.75491846,0.010859638,0.036866568,0.09278364,0.38659132,0.29694352,null,null,null,null,"TWOGAUSSIANS",8,14.280058,0.75491846,0.010859638,0.20645279,0.1901206,0.38659132,0.29901895,0.32824126,0.054752335,0.19258684,0.33089203,0.050816424,0.11311589
375316653866487564,1756276998520443264,0.5287998,2266.7682765325417,0.4033609976531765,4.8148642E-5,12.901503,0.008186547,0.22821008,0.012026967,0.039550487,0.012003949,0.09049844,0.00960398,0.72225493,0.010994263,0.042879507,0.054325145,0.5056026,0.4403672,null,null,null,null,"TWOGAUSSIANS",8,294.25943,0.72225493,0.010994263,0.24012524,0.16220991,0.5056026,0.44059628,0.22821008,0.012026967,0.22148274,0.06722211,0.09049844,0.009481865
375316653866487564,1756279094464893440,0.65673107,2228.9953337268175,2.626342981051105,4.5337365E-6,14.544048,0.008450722,0.2573603,0.0017524072,0.04558521,0.0041313497,0.19862996,0.016898537,0.7550291,0.0010102128,0.051661048,0.003480671,0.23512264,0.017281197,0.118099086,0.009644176,0.7550291,0.0010102128,"TWOGAUSSIANS_WITH_ELLIPSOIDAL_ON_ECLIPSE2",9,36.283173,0.7550291,0.0010102128,0.28930187,0.019491758,0.47131884,0.010462184,0.2569803,0.0014244023,0.2552772,0.023135558,0.43478376,0.008596488
375316653866487564,1756279919098203264,0.5878283,2239.1766708625096,1.6433870589560093,7.876621E-6,11.923724,0.008220706,0.2650023,0.0031613307,0.038758848,0.0038916972,0.5574545,0.06046749,0.76636946,0.016170379,0.035723723,0.011654892,0.59883934,1.0128006,0.070642,0.012327707,0.2650023,0.0031613307,"TWOGAUSSIANS_WITH_ELLIPSOIDAL_ON_ECLIPSE1",9,754.4956,0.76636946,0.016129596,0.20005286,0.0652674,0.74011296,1.022606,0.2650023,0.0031613307,0.21704954,0.021793505,0.6987385,0.063300066
375316653866487564,1756280610590643200,0.55880004,2244.9693696160766,1.6663346749706625,3.016146E-5,13.926937,0.0042741364,0.25419527,0.0016005138,0.031911056,0.0045740367,0.24229822,0.03876341,0.7611249,0.0013974507,0.03899957,0.0030729105,0.17978796,0.02254441,0.038516536,0.0071207434,0.7611249,0.0013974507,"TWOGAUSSIANS_WITH_ELLIPSOIDAL_ON_ECLIPSE2",9,167.41002,0.25436527,0.0015978948,0.17870192,0.025614604,0.31918892,0.043726902,0.7611249,0.0013974507,0.21839759,0.017208299,0.256821,0.023086349
375316653866487564,1756291124670620416,0.6548544,2223.6023139967297,2.97629428966659,3.2377216E-6,16.795366,0.0073116254,0.2760397,0.0021678435,0.045549832,0.0026959025,0.4114858,0.01695143,0.7692673,0.0034294897,0.04851313,0.002926649,0.5837462,0.022219326,0.118838064,0.009977885,0.2760397,0.0021678435,"TWOGAUSSIANS_WITH_ELLIPSOIDAL_ON_ECLIPSE1",9,7.6755223,0.7697474,0.0032062596,0.27167353,0.016389234,0.82102185,0.017149953,0.2760397,0.0021678435,0.25507906,0.015097055,0.64916134,0.005669854
375316653866487564,1756291330829035648,0.49359447,2212.186625324779,2.4461613129789175,3.0607494E-5,14.522884,0.051418666,0.27341518,0.0073704626,0.10289123,0.03673897,0.1297487,0.048134487,0.77424353,0.007223195,0.11378017,0.032116115,0.13483962,0.04799019,null,null,null,null,"TWOGAUSSIANS",8,96.01986,0.77424353,0.007231406,0.4,0.0,0.116554536,0.0083226925,0.27341518,0.007462456,0.4,0.0,0.11147896,0.0058742436
375316653866487564,1756291910647379840,0.5770557,2240.437585536559,2.879653057942572,1.6069369E-5,16.477766,0.021933718,0.27386245,0.0049655666,0.046427008,0.015881548,0.26660708,1.389829,0.75780785,0.002708137,0.048834596,0.006638069,0.61723274,0.04168964,0.05715379,0.028209176,0.27386245,0.0049655666,"TWOGAUSSIANS_WITH_ELLIPSOIDAL_ON_ECLIPSE1",9,100.75613,0.7583478,0.0025592379,0.27347374,0.03717319,0.73041934,0.049542952,0.27386245,0.0049655666,0.25999123,0.08893667,0.38091418,1.4019557
375316653866487564,1756294148327601664,0.43320432,2209.798883164507,1.0880003176792512,3.2167965E-5,16.81227,0.0040997714,0.773134,0.0069390363,0.023312816,0.0051907473,0.109792635,0.024966612,null,null,null,null,null,null,0.023344515,0.008133087,0.773134,0.0069390363,"ONEGAUSSIAN_WITH_ELLIPSOIDAL",6,40.344463,0.773134,0.0069390363,0.13055177,0.029068187,0.15648164,0.023903375,null,null,null,null,null,null
375316653866487564,1756304829911323648,0.4241262,2260.489415245299,0.8239534853326372,2.462573E-5,18.289293,0.015049475,0.15478006,0.049647417,0.018391253,0.06326931,0.15342535,0.11775268,0.69626147,0.005562993,0.05744365,0.009819712,0.11046122,0.014379444,null,null,null,null,"TWOGAUSSIANS",8,9.4626,0.15478006,0.049647417,0.10299102,0.29629204,0.15342535,0.118091665,0.69626147,0.005562993,0.32168442,0.054990385,0.11046122,0.014155465
375316653866487564,1756311392621752576,0.47745952,2215.370539013669,1.7918106258272168,6.9225316E-5,19.301228,0.015279582,0.26574898,0.016928818,0.08075684,0.013341029,0.35089034,0.02424725,0.77050436,0.016184539,0.07243325,0.0207262,0.20266175,0.030437905,null,null,null,null,"TWOGAUSSIANS",8,5.6942396,0.26574898,0.016928818,0.4,0.0,0.34852302,0.023704141,0.77050436,0.016184539,0.4,0.04376302,0.20029445,0.031380836
375316653866487564,1756321670478533632,0.51751995,2218.874290983277,2.9730511746283144,2.543548E-5,15.575853,0.029756641,0.23789732,0.007359478,0.09078091,0.014915971,0.35719,0.036093436,0.7483337,0.0072598928,0.08016115,0.011114295,0.37488323,0.034597617,null,null,null,null,"TWOGAUSSIANS",8,324.45535,0.7483337,0.0072598928,0.4,0.0,0.36643842,0.031349387,0.23789732,0.007359478,0.4,0.0,0.34874496,0.031414006
375316653866487564,1756339159584727808,0.540818,2230.1434297315104,2.9206617397411176,1.7426484E-5,16.779615,0.025972895,0.3141281,0.0039514275,0.09863966,0.014989169,0.27562952,0.023644324,0.7969345,0.0041057128,0.09026121,0.01217001,0.31455812,0.020910323,null,null,null,null,"TWOGAUSSIANS",8,28.673265,0.7969345,0.0041057128,0.4,0.0,0.30075014,0.019681353,0.3141281,0.0039514275,0.4,0.0,0.26181975,0.022648543
375316653866487564,1756344377969322880,0.5288737,2257.2090098091217,3.2536832249930923,2.4225285E-5,19.862143,0.010183815,0.2758214,0.0037144383,0.07642511,0.00455542,0.5466243,0.013105275,0.77496356,0.0061962814,0.0778902,0.007104512,0.57513064,0.05006618,null,null,null,null,"TWOGAUSSIANS",8,1.8797175,0.77496356,0.0061962814,0.4,0.0,0.56934536,0.05188388,0.2758214,0.0037144383,0.4,0.0,0.5408391,0.013078671
375316653866487564,1756345378697532288,0.68945616,2225.8036769537375,0.32192997891771485,3.7410816E-6,14.539159,9.740619E-4,0.47410846,0.062633134,0.045110848,0.038567558,0.01079434,0.003728254,0.7233013,1.1499704E-6,0.003926841,2.8440298E-5,0.37947702,3.7576517E-4,0.0024676048,0.0013151651,0.7233013,1.1499704E-6,"TWOGAUSSIANS_WITH_ELLIPSOIDAL_ON_ECLIPSE2",9,9.146567,0.7233013,1.1499704E-6,0.021990309,1.5926566E-4,0.38441223,0.0023798642,0.47416845,0.07395454,0.25262076,0.16181345,0.010794456,0.0041237897
375316653866487564,1756350876256213248,0.50325996,2279.30109737713,3.8928317379845896,3.356414E-5,19.04148,0.018213116,0.24004015,0.00558178,0.10103365,0.011830447,0.23896624,0.01669527,0.7342233,0.010738223,0.07967373,0.012695135,0.19917706,0.019959353,null,null,null,null,"TWOGAUSSIANS",8,2.6931405,0.24004015,0.00558178,0.4,0.0,0.23025438,0.0121654505,0.7342233,0.010738223,0.4,0.0,0.19046758,0.015604166
375316653866487564,1756352456801207936,0.56105125,2214.409617246508,2.557924452967961,1.5522404E-5,17.668446,0.008185585,0.2703059,0.002816717,0.053457234,0.012173005,0.14283973,0.024334619,0.7586607,0.0059373495,0.041657716,0.007242535,0.16502832,0.022824772,0.15704979,0.011443126,0.2703059,0.002816717,"TWOGAUSSIANS_WITH_ELLIPSOIDAL_ON_ECLIPSE1",9,11.932143,0.76107067,0.005194592,0.23328322,0.040558197,0.47779247,0.0154699925,0.2703059,0.002816717,0.2993605,0.068168834,0.45693624,0.016895331
375316653866487564,1756356683051345664,0.5859959,2200.5336200151123,2.894998587460434,8.100712E-6,15.5636,0.005822925,0.26149893,0.0018461199,0.08854715,0.0032662326,0.25283495,0.007028491,0.75160414,0.0022055407,0.09613931,0.0036952847,0.28613022,0.0075711505,null,null,null,null,"TWOGAUSSIANS",8,23.999264,0.75160414,0.0022055407,0.4,0.0,0.2742102,0.007347302,0.26149893,0.0018461199,0.4,0.0,0.24091573,0.0064458232
375316653866487564,1756359775428000640,0.4257247,2233.158703856733,0.9487640749246771,1.7973865E-5,19.627985,0.037302565,0.54836005,0.022086455,0.11755637,0.055635937,0.2035148,0.040002625,0.7899259,0.010512354,0.019639414,0.019591901,0.9529222,7.150416,null,null,null,null,"TWOGAUSSIANS",8,8.553068,0.7899259,0.010512354,0.10998072,0.10971464,0.97751606,7.1503754,0.54836005,0.022086455,0.4,0.0,0.20346679,0.040131956
375316653866487564,1756361733933053312,0.5249751,2253.009594926712,3.1927953422492803,2.5286063E-5,16.79881,0.01248473,0.2925993,0.0069400943,0.09672081,0.010654864,0.1830139,0.0136005245,0.7962433,0.006255319,0.09090869,0.009179688,0.209442,0.01380538,null,null,null,null,"TWOGAUSSIANS",8,17.827753,0.7962433,0.006255319,0.4,0.0,0.19880658,0.009874241,0.2925993,0.0069400943,0.4,0.0,0.17237799,0.009581561
375316653866487564,1756363932956806784,0.7316913,2272.7270189012656,1.0142539322861512,2.0966897E-6,15.428295,0.001831443,0.27503002,1.8975964E-4,0.030149156,3.035293E-4,0.7851813,0.008413265,0.7729824,0.0046671163,0.034190312,0.0044687064,0.1550989,0.013503114,0.01928131,0.0022501096,0.27503002,1.8975964E-4,"TWOGAUSSIANS_WITH_ELLIPSOIDAL_ON_ECLIPSE1",9,8.21121,0.27503002,1.8975964E-4,0.16883528,0.001699764,0.82374394,0.008399918,0.7730324,0.004611617,0.19146575,0.025024755,0.19365528,0.015065364
375316653866487564,1756370976703135872,0.47817817,2237.3065975977006,2.3899322363896167,5.3490006E-5,15.084448,0.005691373,0.21325767,0.01913351,0.013535035,0.013076413,0.030607112,24.05917,0.7636918,0.0070159864,0.053113934,0.069276474,0.013928968,0.030366106,0.048543785,0.007667008,0.7636918,0.0070159864,"TWOGAUSSIANS_WITH_ELLIPSOIDAL_ON_ECLIPSE2",9,108.21422,0.21536767,0.023082959,0.075796194,0.07322792,0.1186458,24.062323,0.7636918,0.0070159864,0.29743803,0.21258236,0.11101621,0.027294114
375316653866487564,1756371968839409024,0.5165383,2251.7633174507946,0.8648310412385168,1.8548348E-5,18.467052,0.0024663776,0.14793529,0.032822024,0.041550927,0.021604028,0.01639909,0.009555409,0.399369,3.0139158E-4,0.025276534,7.853421E-4,1.1772295,0.14621463,null,null,null,null,"TWOGAUSSIANS",8,1.3383777,0.399369,3.0139158E-4,0.14154859,0.0043979157,1.1772295,0.14621463,0.14793529,0.032822024,0.2326852,0.12098256,0.01639909,0.009555409
375316653866487564,1756374339660218112,0.61141044,2273.155154593761,3.7491260938791635,5.5823716E-6,18.281296,0.014660904,0.25072885,0.0026492553,0.04663028,0.0044965935,0.48439586,0.036161393,0.7491535,0.0014129882,0.046453055,0.0031851118,0.5943507,0.03921473,0.10109541,0.028976284,0.25072885,0.0026492553,"TWOGAUSSIANS_WITH_ELLIPSOIDAL_ON_ECLIPSE1",9,6.6870756,0.74924344,0.0013154786,0.2601371,0.017836627,0.7965217,0.022390237,0.25072885,0.0026492553,0.26112956,0.025180925,0.6865856,0.035721947
375316653866487564,1756383341912975360,0.4649732,2263.3845310601887,1.4692884817474878,4.8676273E-5,18.819408,0.007096354,0.20425218,0.005325682,0.030531637,0.024229534,0.35721558,0.25189176,0.8817983,0.0035053813,0.009782663,0.0016247964,0.36717683,0.08957945,null,null,null,null,"TWOGAUSSIANS",8,6.3151164,0.8817983,0.0035053813,0.05478291,0.00909886,0.36717683,0.08957945,0.20425218,0.005325682,0.17097718,0.13568538,0.35721558,0.25189176
375316653866487564,1756384136482694656,0.47282112,2214.9564708593102,0.07057504357301243,7.182639E-5,13.470107,0.009371664,0.28505442,0.006847341,0.090313315,0.011728726,0.08431296,0.010267265,0.78162336,0.008237183,0.11170598,0.017875163,0.0834733,0.008887612,null,null,null,null,"TWOGAUSSIANS",8,173.0944,0.28505442,0.006850649,0.4,0.0,0.07685435,0.007616131,0.78162336,0.008237183,0.4,0.0,0.07600722,0.0060390895
375316653866487564,1756385613951468544,0.5226587,2223.7710922960027,2.7205510406258266,8.577626E-6,15.8459835,0.010614901,0.24834271,0.006153046,0.08776795,0.009733436,0.20721972,0.013319155,0.7630105,0.005137421,0.09014296,0.008648783,0.19644637,0.020183146,null,null,null,null,"TWOGAUSSIANS",8,38.810112,0.24834271,0.006153046,0.4,0.0,0.20107615,0.0123382285,0.7630105,0.005137421,0.4,0.0,0.19030274,0.020962954
375316653866487564,1756390282580156416,0.5483294,2228.1752341257256,4.05450430206722,1.7339964E-5,19.264624,0.01874589,0.29974204,0.006532386,0.065779194,0.0071917865,0.6470143,0.07118808,0.8092494,0.0044940934,0.07256165,0.0067738225,0.46376222,0.02864594,null,null,null,null,"TWOGAUSSIANS",8,3.3346348,0.29974204,0.006532386,0.36836347,0.039203536,0.645786,0.071777485,0.8092494,0.0044940934,0.4,0.010649723,0.46253386,0.028738923
375316653866487564,1756390596114924160,0.48509267,2233.6533931786107,3.885491596141048,1.4322168E-5,19.47063,0.014206043,0.26729113,0.006096258,0.067847416,0.008375143,0.22016774,0.02075561,0.788112,0.006660884,0.09539987,0.009178683,0.20742752,0.017276302,null,null,null,null,"TWOGAUSSIANS",8,1.7979298,0.26729113,0.006096258,0.37994552,0.0469008,0.21759036,0.02020575,0.788112,0.006660884,0.4,0.0,0.20484938,0.016098626
375316653866487564,1756393722849801728,0.58372617,2263.668091425734,1.625056772994476,1.562461E-6,18.910263,0.00443756,0.29232153,0.0013707682,0.033095468,0.0017485193,0.73040724,0.081949,0.82512087,0.012476625,0.018316701,0.009487389,0.091663525,0.02733285,0.03530346,0.005727614,0.29232153,0.0013707682,"TWOGAUSSIANS_WITH_ELLIPSOIDAL_ON_ECLIPSE1",9,1.2959183,0.29232153,0.0013707682,0.18533462,0.009791708,0.801014,0.083377376,0.82512087,0.012476625,0.10257353,0.05312938,0.15931378,0.026200697
375316653866487564,1756394096510029440,0.4684514,2214.0280642751686,0.0864860575227785,2.1916389E-4,19.155767,0.023015652,0.22731082,0.04868949,0.059315104,0.03708241,0.33877712,6.819371,0.65795624,0.012861018,0.16166538,0.051966812,0.07301252,0.019944439,null,null,null,null,"TWOGAUSSIANS",8,1.9368399,0.22764082,0.04893935,0.3321646,0.2076615,0.33448496,6.822788,0.65795624,0.012861018,0.4,0.0,0.06646565,0.011032146
