Gaia/vari_eclipsing_binary/VariEclipsingBinary_687312-687411.csv
# %ECSV 1.0
# ---
# delimiter: ','
# meta: !!omap
# - RELEASE: Gaia DR3
# - TABLE: vari_eclipsing_binary
# - DESCRIPTION: >
#     This table describes the properties of the eclipsing binaries resulting from the variability analysis. 
# - CITATION: >
#     How to cite and acknowledge Gaia: 
#     https://gea.esac.esa.int/archive/documentation/credits.html 
# - KNOWN_ISSUES: >
#     Known issues: 
#     https://www.cosmos.esa.int/web/gaia-users/known-issues 
# - DOCUMENTATION: >
#     Tutorials and documentation: 
#     https://www.cosmos.esa.int/web/gaia-users/archive 
# datatype:
# - 
#   name: solution_id
#   datatype: int64
#   description: Solution Identifier
#   meta:
#     ucd: meta.version
# - 
#   name: source_id
#   datatype: int64
#   description: Unique source identifier
#   meta:
#     ucd: meta.id;meta.main
# - 
#   name: global_ranking
#   datatype: float32
#   description: Number between 0 (worst) and 1 (best)
#   meta:
#     ucd: stat.param
# - 
#   name: reference_time
#   datatype: float64
#   unit: d
#   description: Reference time used for the geometric model fit
#   meta:
#     ucd: time.epoch
# - 
#   name: frequency
#   datatype: float64
#   unit: d**-1
#   description: Frequency of geometric model of the eclipsing binary light curve
#   meta:
#     ucd: src.orbital
# - 
#   name: frequency_error
#   datatype: float32
#   unit: d**-1
#   description: "Uncertainty of \\texttt{frequency}"
#   meta:
#     ucd: stat.error
# - 
#   name: geom_model_reference_level
#   datatype: float32
#   unit: mag
#   description: Magnitude reference level of geometric model
#   meta:
#     ucd: phot.mag;em.opt
# - 
#   name: geom_model_reference_level_error
#   datatype: float32
#   unit: mag
#   description: "Uncertainty of \\texttt{geomModelReferenceLevel}"
#   meta:
#     ucd: stat.error;phot.mag;em.opt
# - 
#   name: geom_model_gaussian1_phase
#   datatype: float32
#   description: Phase of the Gaussian 1 component
#   meta:
#     ucd: time.phase
# - 
#   name: geom_model_gaussian1_phase_error
#   datatype: float32
#   description: "Uncertainty of \\texttt{geomModelGaussian1Phase}"
#   meta:
#     ucd: stat.error;time.phase
# - 
#   name: geom_model_gaussian1_sigma
#   datatype: float32
#   description: "Standard deviation [phase] of Gaussian 1 component"
#   meta:
#     ucd: stat.stdev
# - 
#   name: geom_model_gaussian1_sigma_error
#   datatype: float32
#   description: "Uncertainty of \\texttt{geomModelGaussian1Sigma}"
#   meta:
#     ucd: stat.error
# - 
#   name: geom_model_gaussian1_depth
#   datatype: float32
#   unit: mag
#   description: Magnitude depth of Gaussian 1 component
#   meta:
#     ucd: src.var.amplitude
# - 
#   name: geom_model_gaussian1_depth_error
#   datatype: float32
#   unit: mag
#   description: "Uncertainty of \\texttt{geomModelGaussian1Depth}"
#   meta:
#     ucd: stat.error;src.var.amplitude
# - 
#   name: geom_model_gaussian2_phase
#   datatype: float32
#   description: Phase of Gaussian 2 component
#   meta:
#     ucd: time.phase
# - 
#   name: geom_model_gaussian2_phase_error
#   datatype: float32
#   description: "Uncertainty of \\texttt{geomModelGaussian2Phase}"
#   meta:
#     ucd: stat.error;time.phase
# - 
#   name: geom_model_gaussian2_sigma
#   datatype: float32
[...]
#   datatype: float32
#   description: "Secondary eclipse: uncertainty of \\texttt{derivedSecondaryEclDuration}"
#   meta:
#     ucd: stat.error;time.duration
# - 
#   name: derived_secondary_ecl_depth
#   datatype: float32
#   unit: mag
#   description: "Secondary eclipse: depth"
#   meta:
#     ucd: src.var.amplitude
# - 
#   name: derived_secondary_ecl_depth_error
#   datatype: float32
#   unit: mag
#   description: "Secondary eclipse: uncertainty of \\texttt{derivedSecondaryEclDepth}"
#   meta:
#     ucd: stat.error;src.var.amplitude
solution_id,source_id,global_ranking,reference_time,frequency,frequency_error,geom_model_reference_level,geom_model_reference_level_error,geom_model_gaussian1_phase,geom_model_gaussian1_phase_error,geom_model_gaussian1_sigma,geom_model_gaussian1_sigma_error,geom_model_gaussian1_depth,geom_model_gaussian1_depth_error,geom_model_gaussian2_phase,geom_model_gaussian2_phase_error,geom_model_gaussian2_sigma,geom_model_gaussian2_sigma_error,geom_model_gaussian2_depth,geom_model_gaussian2_depth_error,geom_model_cosine_half_period_amplitude,geom_model_cosine_half_period_amplitude_error,geom_model_cosine_half_period_phase,geom_model_cosine_half_period_phase_error,model_type,num_model_parameters,reduced_chi2,derived_primary_ecl_phase,derived_primary_ecl_phase_error,derived_primary_ecl_duration,derived_primary_ecl_duration_error,derived_primary_ecl_depth,derived_primary_ecl_depth_error,derived_secondary_ecl_phase,derived_secondary_ecl_phase_error,derived_secondary_ecl_duration,derived_secondary_ecl_duration_error,derived_secondary_ecl_depth,derived_secondary_ecl_depth_error
375316653866487564,6045661043195524096,0.47327286,2140.2165097112984,1.762895466766286,8.17236E-5,18.5372,0.014752834,0.23316148,0.02154262,0.06084973,0.019321581,0.20489082,0.5276882,0.68224823,0.017328555,0.07603764,0.015804533,0.16892198,0.020731965,null,null,null,null,"TWOGAUSSIANS",8,12.952254,0.23316148,0.02154262,0.34075847,0.108200856,0.20477974,0.52781296,0.68224823,0.017328555,0.4,0.017913913,0.16881089,0.02050113
375316653866487564,6045661489872116992,0.590363,2188.9813423292976,3.2030569420323465,2.122763E-5,18.458628,0.036774457,0.25446355,0.005161512,0.100332014,0.012502727,0.3845801,0.033818327,0.77282894,0.005298097,0.10790523,0.016684012,0.25205025,0.033585772,null,null,null,null,"TWOGAUSSIANS",8,1.7463373,0.25445354,0.0051531796,0.4,0.0,0.35689232,0.013095674,0.77283895,0.005304719,0.4,0.0,0.22435252,0.012022843
375316653866487564,6045662799838610944,0.5233009,2181.160343242766,3.869233298126676,3.8080543E-5,19.759604,0.0178654,0.21462177,0.009048069,0.06690964,0.010471208,0.5766055,0.13772598,0.714927,0.0108975,0.059285484,0.011359364,0.5406594,0.09081148,null,null,null,null,"TWOGAUSSIANS",8,2.6141896,0.21462177,0.009048069,0.37469396,0.04227713,0.576174,0.13830405,0.714927,0.0108975,0.3319987,0.06361244,0.54022795,0.09095878
375316653866487564,6045667399747386368,0.51792467,2180.0969178327923,0.7217431284591519,7.778066E-5,19.202587,0.007338576,0.24564475,0.020409035,0.03368156,0.019078271,0.30901873,0.18914407,0.77636236,0.029715052,0.04350159,0.02777406,0.09516797,0.027549699,null,null,null,null,"TWOGAUSSIANS",8,1.6945937,0.24564475,0.020409035,0.18861672,0.106838316,0.30901873,0.18914409,0.77636236,0.029715052,0.2436089,0.15553473,0.09516797,0.027549699
375316653866487564,6045670079807048320,0.6505896,2165.556439979024,3.319397410434197,5.303544E-6,15.533641,0.013159507,0.2670946,0.0016001187,0.04523612,0.0028635156,0.5558301,0.02840766,0.7707757,0.0018825338,0.043735534,0.0034415936,0.37158394,0.030788178,0.1318988,0.016913714,0.7707757,0.0018825338,"TWOGAUSSIANS_WITH_ELLIPSOIDAL_ON_ECLIPSE2",9,67.24111,0.2673546,0.0014525685,0.25332224,0.016035687,0.8194959,0.019714762,0.7707757,0.0018825338,0.24491899,0.019272923,0.63538074,0.02232404
375316653866487564,6045670358986013568,0.61216664,2150.0669737392445,2.6131435035630766,1.1788908E-5,16.97112,0.009966733,0.2772528,0.002272733,0.07686826,0.0032822983,0.4759748,0.02055904,0.7737134,0.002940207,0.080413476,0.0040405993,0.5036524,0.014590305,null,null,null,null,"TWOGAUSSIANS",8,17.552744,0.7737134,0.002940207,0.4,0.0,0.49782616,0.014025119,0.2772528,0.002272733,0.4,0.0,0.47014853,0.020887831
375316653866487564,6045678227367009792,0.5339733,2165.0378798753586,2.083048653225422,1.3758316E-5,17.561228,0.005919922,0.25612447,0.0017945677,0.09207985,0.0035167213,0.17236193,0.005651975,0.7510612,0.0026610282,0.08515066,0.007463494,0.17835279,0.010223807,null,null,null,null,"TWOGAUSSIANS",8,2.557663,0.7510612,0.0026610282,0.4,0.0,0.1723174,0.011990166,0.25612447,0.0017945677,0.4,0.0,0.1663264,0.0034274054
375316653866487564,6045678601022111744,0.55795175,2150.0165423014146,0.41543560061944107,1.6988184E-5,17.706179,0.0030385836,0.104463205,0.011416246,0.017821835,0.01573145,0.26569766,3.02795228E14,0.6054483,0.0032878842,0.024455281,0.0041243015,0.07138223,0.010075201,0.044629857,0.0038834424,0.104463205,0.011416246,"TWOGAUSSIANS_WITH_ELLIPSOIDAL_ON_ECLIPSE1",9,3.8691707,0.104463205,0.011416246,0.09980228,0.08809612,0.35495734,3.02795228E14,0.6054483,0.0030832982,0.13694957,0.023096088,0.16063848,0.009141787
375316653866487564,6045682453614836352,0.6228567,2151.5461974929676,2.607739323738785,1.09669045E-5,16.415983,0.017244497,0.28500333,0.0014184212,0.051310506,0.007446445,0.1767241,0.034927625,0.7805983,0.006897081,0.05031085,0.016755136,0.2554428,0.05780806,0.099513985,0.019448934,0.28500333,0.0014184212,"TWOGAUSSIANS_WITH_ELLIPSOIDAL_ON_ECLIPSE1",9,14.773505,0.7811883,0.0058083306,0.28174075,0.09382875,0.4543369,0.08125064,0.28500333,0.0014184212,0.28733882,0.041700095,0.37575012,0.008416174
375316653866487564,6045683789345087232,0.55147433,2179.8475475525056,2.9181453599727534,1.7330114E-5,18.7403,0.023984993,0.3039897,0.0043078074,0.09603054,0.0066401092,0.46083796,0.02649762,0.79663515,0.005146852,0.06906652,0.009281222,0.3248916,0.027424332,null,null,null,null,"TWOGAUSSIANS",8,3.7856884,0.3039897,0.0043078074,0.4,0.0,0.45384574,0.02306379,0.79663515,0.005146852,0.38677248,0.042152144,0.3179007,0.026723705
375316653866487564,6045686984798612736,0.5741629,2173.2339886639998,1.2913696837510582,2.1308097E-5,16.922888,0.0029680778,0.2851931,0.01406249,0.06473802,0.009541404,0.07984071,0.019600464,0.7760304,0.0031824228,0.058959167,0.004690576,0.14952876,0.0057552527,null,null,null,null,"TWOGAUSSIANS",8,2.5832517,0.7760304,0.0031824228,0.33017132,0.026267225,0.14948389,0.005768746,0.2851931,0.01406249,0.3625329,0.053431865,0.079795845,0.019609077
375316653866487564,6045688187389598080,0.47313672,2172.00028919278,4.292566803497553,2.8803854E-5,18.059788,0.03408324,0.29717684,0.02217077,0.07363942,0.05897162,0.15638953,0.009742187,0.7693836,0.0059936033,0.053733412,0.019277968,0.11881335,0.035215247,null,null,null,null,"TWOGAUSSIANS",8,7.272821,0.29717684,0.02217077,0.4,0.011093478,0.1563381,0.013055142,0.7693836,0.0059936033,0.3009071,0.10795662,0.11876192,0.031294547
375316653866487564,6045688977663667072,0.5483142,2173.9066501854995,0.5210636933959978,1.81618E-5,18.948431,0.0038157778,0.24197976,0.04158978,0.04914835,0.029735627,0.09849682,0.03141432,0.73025984,0.0016606374,0.04379273,0.0022860845,0.3669384,0.023426749,null,null,null,null,"TWOGAUSSIANS",8,1.4802508,0.73025984,0.0016606374,0.24523929,0.012802073,0.36693832,0.023426872,0.24197976,0.04158978,0.27523077,0.16651951,0.09849673,0.031415645
375316653866487564,6045691249707229696,0.62409264,2148.5896288396325,0.18486815270257806,1.584229E-5,15.895352,0.0021621215,0.1989556,0.008915064,0.032302514,0.0066721556,0.12348833,0.008733816,0.71011466,0.0030166586,0.054764684,0.0054621105,0.39385745,0.04740972,0.050312184,0.003320533,0.71011466,0.0030166586,"TWOGAUSSIANS_WITH_ELLIPSOIDAL_ON_ECLIPSE2",9,8.485109,0.71011466,0.0030166586,0.30668223,0.030587818,0.49446982,0.046358354,0.19965559,0.008729385,0.18089408,0.03736407,0.22363777,0.0072855223
375316653866487564,6045692654155906304,0.48635978,2200.2155521383015,4.358147643429854,8.6126245E-5,19.384306,0.005663291,0.11708068,0.07038232,0.02928573,0.030528735,0.47968635,162.34802,0.90638924,0.06778368,0.009737424,0.022657862,0.07593652,0.82372236,null,null,null,null,"TWOGAUSSIANS",8,1.7735318,0.11708068,0.07038232,0.1640001,0.17096092,0.47968635,162.34802,0.90638924,0.06778368,0.054529574,0.12688403,0.07593652,0.82372236
375316653866487564,6045696674244887552,0.5267814,2169.837327949604,3.452229280668534,2.1321306E-5,18.65144,0.021355784,0.26875558,0.006494922,0.08963494,0.015070312,0.2494249,0.025551526,0.7937343,0.00392521,0.09852745,0.011569387,0.27410582,0.017754996,null,null,null,null,"TWOGAUSSIANS",8,2.3642988,0.7937343,0.00392521,0.4,0.0,0.26342463,0.012541037,0.26875558,0.0064946436,0.4,0.0,0.23874615,0.027616464
375316653866487564,6045698426589467008,0.53443336,2207.6312560867445,2.7995321057551723,1.20759805E-5,18.708002,0.023619894,0.19977888,0.004148786,0.065371595,0.007566118,0.5051149,0.048523236,0.692653,0.0082020415,0.07511596,0.010142148,0.9118428,0.18924198,null,null,null,null,"TWOGAUSSIANS",8,18.226645,0.692653,0.0082020415,0.4,0.016464308,0.9098001,0.19112428,0.19977888,0.004148786,0.3660809,0.042370263,0.5030722,0.049019475
375316653866487564,6045699148146404224,0.47549567,2173.7596319225427,0.11183940773923198,1.533485E-5,18.546429,0.007259047,0.11457387,0.077162035,0.045865323,0.030704623,1.0957706,1.5219917,0.39009297,0.012725832,0.08860596,0.010578034,0.14608333,0.02046775,null,null,null,null,"TWOGAUSSIANS",8,6.054413,0.11465388,0.07723432,0.2568458,0.17194588,1.0969335,1.5227171,0.39009297,0.012725832,0.4,0.0,0.14608307,0.020467808
375316653866487564,6045704714421617280,0.5589443,2232.636828840935,0.15002580931165874,7.1821014E-5,17.560001,0.0024039254,0.81815195,7.045092E-4,0.022998076,7.105714E-4,0.5327913,0.0636555,null,null,null,null,null,null,null,null,null,null,"ONEGAUSSIAN",5,3.3530643,0.81815195,7.045092E-4,0.12878923,0.0039792,0.5327913,0.0,null,null,null,null,null,null
375316653866487564,6045705848293035520,0.59323823,2195.561403654993,1.5586688974522374,8.266899E-6,15.253083,0.028136032,0.2972211,0.0028271126,0.118992954,0.013848962,0.24937773,0.022974238,0.7968481,0.0015082397,0.10982484,0.00809484,0.27547985,0.026781317,null,null,null,null,"TWOGAUSSIANS",8,25.553589,0.7968481,0.0015072357,0.4,0.0,0.22775237,0.0064082504,0.2972211,0.0028271126,0.4,0.0,0.20159453,0.009249082
375316653866487564,6045708189058678016,0.7098158,2222.227878347059,1.9557205387397623,2.175452E-6,14.005242,0.007600594,0.12863006,0.0010068209,0.063980035,0.0064970143,0.107987896,0.0153759075,0.6266324,0.0012452252,0.058343224,0.004793206,0.14332585,0.0142884245,0.09206659,0.00836102,0.12863006,0.0010068209,"TWOGAUSSIANS_WITH_ELLIPSOIDAL_ON_ECLIPSE1",9,18.378242,0.62714237,8.303854E-4,0.32672206,0.026841953,0.32737148,0.0039104144,0.12863006,0.0010068209,0.35828823,0.036383282,0.2920551,0.003688179
375316653866487564,6045709632167704064,0.4863147,2192.492063215819,1.937037130375156,3.045837E-5,15.944742,0.22445092,0.28011245,0.00517998,0.1553468,0.054815985,0.33994883,0.22081013,0.77315015,0.00805577,0.120747134,0.032106414,0.34509963,0.20094773,null,null,null,null,"TWOGAUSSIANS",8,101.254585,0.77315015,0.00805577,0.4,0.0,0.22359496,0.024837289,0.28018245,0.0051607224,0.4,0.0,0.2147146,0.020052569
375316653866487564,6045711109636823296,0.51948255,2235.9911960347304,1.5579736276061875,6.6485765E-5,19.277754,0.011422708,0.23354524,0.021359853,0.09973218,0.038632207,0.0387848,0.012301931,0.6429158,0.03987407,0.06110746,0.023011537,0.42227843,0.18644539,null,null,null,null,"TWOGAUSSIANS",8,1.1651882,0.6429158,0.03987407,0.3422018,0.08111031,0.42208236,0.18670112,0.23354524,0.021335144,0.4,0.018092878,0.03858023,0.012096256
375316653866487564,6045713343018947840,0.45759273,2154.556156098837,0.17470249410143296,5.707619E-5,19.306974,0.025263295,0.33687982,0.014340491,0.12748046,0.036688015,0.1651218,0.020375703,0.8734642,0.006883119,0.055916574,0.01125625,0.1284038,0.037199832,null,null,null,null,"TWOGAUSSIANS",8,1.7635788,0.33687982,0.014340491,0.4,0.0,0.16122346,0.013037514,0.87360424,0.006842324,0.3131328,0.063035,0.12475233,0.03378334
375316653866487564,6045714373813898880,0.48330903,2175.11476856115,1.9290085540537458,2.5908103E-5,19.200016,0.053875703,0.20172776,0.010232038,0.10418319,0.036724754,0.17774168,0.04786066,0.67166954,0.0061124447,0.093831755,0.026814673,0.29005507,0.03752725,null,null,null,null,"TWOGAUSSIANS",8,2.8006856,0.67166954,0.0061124447,0.4,0.0,0.27770388,0.0355711,0.20172776,0.010178094,0.4,0.0,0.16538434,0.02679863
375316653866487564,6045716813345427968,0.5909302,2166.578004870825,2.1735632113082897,1.38120895E-5,17.64434,0.016618816,0.1562706,0.005638416,0.09209113,0.009118084,0.29992092,0.014436152,0.66075945,0.0052292612,0.105231136,0.010617633,0.26745325,0.015258063,null,null,null,null,"TWOGAUSSIANS",8,2.8854406,0.1562706,0.005638416,0.4,0.0,0.27852163,0.011744773,0.66075945,0.0052292612,0.4,0.0,0.24604739,0.0075632785
375316653866487564,6045718840570207360,0.49953997,2189.129446875628,3.832236941485244,3.3939796E-5,19.830406,0.038231198,0.33632106,0.004151771,0.08633626,0.014294953,0.35216293,0.02967832,0.84055966,0.008251183,0.077687144,0.012689983,0.32297292,0.05284134,null,null,null,null,"TWOGAUSSIANS",8,1.1648326,0.33632106,0.004151771,0.4,0.0,0.3461761,0.021703798,0.84055966,0.008251183,0.4,0.0,0.3169861,0.04533125
375316653866487564,6045720622980792576,0.44567847,2164.8150728841,3.5953713047985225,3.4190423E-5,18.240435,0.025867907,0.3489302,0.060751606,0.12642889,0.09732829,0.07431624,0.03224798,0.6191442,0.008720763,0.05955561,0.012947253,0.2680551,0.054989412,null,null,null,null,"TWOGAUSSIANS",8,15.022642,0.6191442,0.008720763,0.3335114,0.07250462,0.27552134,0.059225846,0.3490802,0.06128675,0.4,0.0,0.074220434,0.031984635
375316653866487564,6045721344537906048,0.51992965,2186.751163193683,3.7216878183722004,3.2940345E-5,19.509193,0.018886972,0.25558615,0.006669005,0.069644116,0.00818588,0.3359496,0.018532094,0.76112175,0.0083466815,0.0780172,0.010018877,0.3242884,0.027866501,null,null,null,null,"TWOGAUSSIANS",8,1.4931583,0.25558615,0.006669005,0.39000705,0.030234395,0.33407372,0.01647406,0.76112175,0.0083466815,0.4,0.0,0.32241252,0.02717253
375316653866487564,6045723754022352512,0.5209912,2196.493328090684,0.614167055667947,5.8400077E-5,18.372482,0.0052318415,0.27785766,0.010961495,0.021240864,0.021622324,0.046755426,11.083271,0.6870033,0.006602972,0.047490932,0.009116968,2.5296857,2.0999646,null,null,null,null,"TWOGAUSSIANS",8,1.9974898,0.6870033,0.006602972,0.26594922,0.05105502,2.5296857,2.0999646,0.27785766,0.010961495,0.11894884,0.12108502,0.046755426,11.083271
375316653866487564,6045725261545570176,0.53222185,2184.465849045791,2.896163377263223,2.2322118E-5,19.508732,0.00955283,0.23761861,0.010563711,0.074618086,0.006778548,0.48196176,0.034910023,0.74113864,0.005214949,0.07600657,0.006362688,0.41586888,0.041977305,null,null,null,null,"TWOGAUSSIANS",8,1.5564415,0.23761861,0.010563711,0.4,0.0046593803,0.47861192,0.034804393,0.74113864,0.005214949,0.4,0.0,0.41251907,0.04315512
375316653866487564,6045726395416877440,0.4984679,2164.058888938484,1.7531877079362637,2.5590032E-5,18.669153,0.004477559,0.6180064,0.01020435,0.015842497,0.0046666274,0.1903721,0.04093198,0.5161567,0.013041174,0.032602333,0.010944577,0.03299502,0.006481878,null,null,null,null,"TWOGAUSSIANS",8,1.1372263,0.61797637,0.010226793,0.08871798,0.026133113,0.19062321,0.04110132,0.5161567,0.013041174,0.18257307,0.06128963,0.03299502,0.006481878
375316653866487564,6045726571518774016,0.49892473,2196.6429479899,0.8924723844040394,5.5070443E-5,18.428473,0.006561768,0.32261577,0.010337519,0.07364025,0.019255826,0.1244639,0.056488443,0.81595427,0.006824485,0.035394076,0.0046081087,0.1875478,0.014100182,null,null,null,null,"TWOGAUSSIANS",8,3.0340374,0.81595427,0.006824485,0.19820683,0.025805408,0.18754236,0.014094985,0.32261577,0.010337519,0.4,0.0751668,0.12445847,0.05649963
375316653866487564,6045729315994835200,0.5849592,2234.5390380522254,2.588062772312327,1.0669261E-5,15.081888,0.0148861045,0.22055626,0.0048757945,0.092594266,0.0063746483,0.39046746,0.015016779,0.7112641,0.0026459233,0.087542884,0.005758375,0.36017725,0.017065136,null,null,null,null,"TWOGAUSSIANS",8,111.92666,0.22055626,0.0048757945,0.4,0.0,0.37667346,0.009974888,0.7112641,0.0026459233,0.4,0.0,0.34638357,0.01540268
375316653866487564,6045730625967918976,0.54365575,2213.994820041665,3.219846369545354,1.2488245E-5,19.149584,0.0380364,0.20280719,0.008139676,0.084872946,0.012533854,0.44332284,0.041217033,0.6753492,0.0035724791,0.081332415,0.0066427006,0.563999,0.038868554,null,null,null,null,"TWOGAUSSIANS",8,3.2137241,0.6753492,0.0035724791,0.4,0.0,0.55752146,0.03343233,0.20280719,0.008139676,0.4,0.0,0.4368452,0.036641
375316653866487564,6045732550113402112,0.50645566,2232.2190811327714,2.839942165080979,3.2303964E-5,15.126984,0.008882826,0.23869678,0.004898094,0.09706497,0.011692367,0.11568889,0.008024949,0.72146815,0.006316738,0.096831076,0.014637832,0.12306329,0.01405814,null,null,null,null,"TWOGAUSSIANS",8,47.280636,0.72146815,0.006316738,0.4,0.0,0.11626398,0.01577614,0.23869678,0.0048974827,0.4,0.0,0.10888958,0.005254431
