Gaia/vari_eclipsing_binary/VariEclipsingBinary_467080-467100.csv
# %ECSV 1.0
# ---
# delimiter: ','
# meta: !!omap
# - RELEASE: Gaia DR3
# - TABLE: vari_eclipsing_binary
# - DESCRIPTION: >
#     This table describes the properties of the eclipsing binaries resulting from the variability analysis. 
# - CITATION: >
#     How to cite and acknowledge Gaia: 
#     https://gea.esac.esa.int/archive/documentation/credits.html 
# - KNOWN_ISSUES: >
#     Known issues: 
#     https://www.cosmos.esa.int/web/gaia-users/known-issues 
# - DOCUMENTATION: >
#     Tutorials and documentation: 
#     https://www.cosmos.esa.int/web/gaia-users/archive 
# datatype:
# - 
#   name: solution_id
#   datatype: int64
#   description: Solution Identifier
#   meta:
#     ucd: meta.version
# - 
#   name: source_id
#   datatype: int64
#   description: Unique source identifier
#   meta:
#     ucd: meta.id;meta.main
# - 
#   name: global_ranking
#   datatype: float32
#   description: Number between 0 (worst) and 1 (best)
#   meta:
#     ucd: stat.param
# - 
#   name: reference_time
#   datatype: float64
#   unit: d
#   description: Reference time used for the geometric model fit
#   meta:
#     ucd: time.epoch
# - 
#   name: frequency
#   datatype: float64
#   unit: d**-1
#   description: Frequency of geometric model of the eclipsing binary light curve
#   meta:
#     ucd: src.orbital
# - 
#   name: frequency_error
#   datatype: float32
#   unit: d**-1
#   description: "Uncertainty of \\texttt{frequency}"
#   meta:
#     ucd: stat.error
# - 
#   name: geom_model_reference_level
#   datatype: float32
#   unit: mag
#   description: Magnitude reference level of geometric model
#   meta:
#     ucd: phot.mag;em.opt
# - 
#   name: geom_model_reference_level_error
#   datatype: float32
#   unit: mag
#   description: "Uncertainty of \\texttt{geomModelReferenceLevel}"
#   meta:
#     ucd: stat.error;phot.mag;em.opt
# - 
#   name: geom_model_gaussian1_phase
#   datatype: float32
#   description: Phase of the Gaussian 1 component
#   meta:
#     ucd: time.phase
# - 
#   name: geom_model_gaussian1_phase_error
#   datatype: float32
#   description: "Uncertainty of \\texttt{geomModelGaussian1Phase}"
#   meta:
#     ucd: stat.error;time.phase
# - 
#   name: geom_model_gaussian1_sigma
#   datatype: float32
#   description: "Standard deviation [phase] of Gaussian 1 component"
#   meta:
#     ucd: stat.stdev
# - 
#   name: geom_model_gaussian1_sigma_error
#   datatype: float32
#   description: "Uncertainty of \\texttt{geomModelGaussian1Sigma}"
#   meta:
#     ucd: stat.error
# - 
#   name: geom_model_gaussian1_depth
#   datatype: float32
#   unit: mag
#   description: Magnitude depth of Gaussian 1 component
#   meta:
#     ucd: src.var.amplitude
# - 
#   name: geom_model_gaussian1_depth_error
#   datatype: float32
#   unit: mag
#   description: "Uncertainty of \\texttt{geomModelGaussian1Depth}"
#   meta:
#     ucd: stat.error;src.var.amplitude
# - 
#   name: geom_model_gaussian2_phase
#   datatype: float32
#   description: Phase of Gaussian 2 component
#   meta:
#     ucd: time.phase
# - 
#   name: geom_model_gaussian2_phase_error
#   datatype: float32
#   description: "Uncertainty of \\texttt{geomModelGaussian2Phase}"
#   meta:
#     ucd: stat.error;time.phase
# - 
#   name: geom_model_gaussian2_sigma
#   datatype: float32
[...]
#   datatype: float32
#   description: "Secondary eclipse: uncertainty of \\texttt{derivedSecondaryEclDuration}"
#   meta:
#     ucd: stat.error;time.duration
# - 
#   name: derived_secondary_ecl_depth
#   datatype: float32
#   unit: mag
#   description: "Secondary eclipse: depth"
#   meta:
#     ucd: src.var.amplitude
# - 
#   name: derived_secondary_ecl_depth_error
#   datatype: float32
#   unit: mag
#   description: "Secondary eclipse: uncertainty of \\texttt{derivedSecondaryEclDepth}"
#   meta:
#     ucd: stat.error;src.var.amplitude
solution_id,source_id,global_ranking,reference_time,frequency,frequency_error,geom_model_reference_level,geom_model_reference_level_error,geom_model_gaussian1_phase,geom_model_gaussian1_phase_error,geom_model_gaussian1_sigma,geom_model_gaussian1_sigma_error,geom_model_gaussian1_depth,geom_model_gaussian1_depth_error,geom_model_gaussian2_phase,geom_model_gaussian2_phase_error,geom_model_gaussian2_sigma,geom_model_gaussian2_sigma_error,geom_model_gaussian2_depth,geom_model_gaussian2_depth_error,geom_model_cosine_half_period_amplitude,geom_model_cosine_half_period_amplitude_error,geom_model_cosine_half_period_phase,geom_model_cosine_half_period_phase_error,model_type,num_model_parameters,reduced_chi2,derived_primary_ecl_phase,derived_primary_ecl_phase_error,derived_primary_ecl_duration,derived_primary_ecl_duration_error,derived_primary_ecl_depth,derived_primary_ecl_depth_error,derived_secondary_ecl_phase,derived_secondary_ecl_phase_error,derived_secondary_ecl_duration,derived_secondary_ecl_duration_error,derived_secondary_ecl_depth,derived_secondary_ecl_depth_error
[from data line 298]
375316653866487564,4108547607819182848,0.49721304,2314.48026593716,0.11916260347178464,1.326412E-4,18.826595,0.003454951,0.52733576,0.022398585,0.12878713,0.037863873,0.03965597,0.016695926,0.8277181,0.009694111,0.012916823,0.008281087,0.57872444,1.0562648,null,null,null,null,"TWOGAUSSIANS",8,1.3501631,0.8277181,0.009694111,0.07233421,0.046374083,0.5812944,1.0560553,0.52733576,0.022398585,0.4,0.0,0.03961367,0.016785167
375316653866487564,4108548230627531008,0.46735695,2284.5155042207584,2.981720493286118,1.9671352E-5,19.458624,0.033036787,0.20139268,0.004537634,0.09100634,0.011401626,0.38438854,0.04001091,0.6993678,0.0051244292,0.08765372,0.009137692,0.3254992,0.036091108,null,null,null,null,"TWOGAUSSIANS",8,3.8166654,0.20139268,0.004537634,0.4,0.0,0.37072265,0.03717326,0.6993678,0.0051244292,0.4,0.0,0.31183347,0.028082687
375316653866487564,4108548505535952384,0.5115195,2306.721539816049,1.244053148685352,1.9947542E-5,18.47463,0.030576495,0.263373,0.0038661219,0.08525695,0.009632115,0.30281308,0.02907298,0.76980174,0.0069894874,0.11900773,0.02248261,0.20984426,0.024301011,null,null,null,null,"TWOGAUSSIANS",8,4.0472045,0.26336297,0.003871577,0.4,0.0,0.28080708,0.013707326,0.76980174,0.0069894874,0.4,0.0,0.18777515,0.016516635
375316653866487564,4108548883463352064,0.41706175,2340.9518328691615,0.8007735388250118,1.4549408E-4,19.651283,0.010340539,0.08294678,0.007761462,0.032124672,0.006714471,0.4837514,0.06090965,0.4373674,0.008603958,0.053273283,0.009275397,0.506385,0.17766748,null,null,null,null,"TWOGAUSSIANS",8,2.7584817,0.4373674,0.008603958,0.29833037,0.05194222,0.506385,0.17766748,0.08294678,0.007761462,0.17989817,0.03760104,0.4837514,0.06090965
375316653866487564,4108549261420358784,0.53416353,2340.35519854182,2.7029762758006823,6.621183E-5,19.50961,0.01328031,0.22828403,0.004950971,0.017970104,0.00552906,0.17644562,0.04613302,0.73077023,0.010002371,0.043787584,0.017933216,0.23834617,0.064306416,0.15275751,0.028392162,0.22828403,0.004950971,"TWOGAUSSIANS_WITH_ELLIPSOIDAL_ON_ECLIPSE1",9,5.0023847,0.73077023,0.009313067,0.24521047,0.10042601,0.54378617,0.06848599,0.22828403,0.004950971,0.10063258,0.030962735,0.48196018,0.05341598
375316653866487564,4108549600640988544,0.43015656,2316.0697042898896,0.7754358413729967,4.634883E-5,17.85709,0.00798836,null,null,null,null,null,null,null,null,null,null,null,null,0.084030546,0.011050895,0.26217097,0.010380145,"ELLIPSOIDAL",4,39.206257,null,null,null,null,null,null,null,null,null,null,null,null
375316653866487564,4108549879812793088,0.5234491,2304.337048784129,2.4443583380919414,1.1134173E-5,18.597925,0.013903803,0.20924103,0.0040040435,0.10214759,0.008672334,0.23901917,0.016526341,0.7116896,0.00169314,0.087711,0.0060878634,0.24306655,0.014480149,null,null,null,null,"TWOGAUSSIANS",8,2.3681545,0.7116896,0.00169314,0.4,0.0,0.22859761,0.012435288,0.20924103,0.0040040435,0.4,0.0,0.22454725,0.016140336
375316653866487564,4108550532651161728,0.47136793,2327.339308427412,3.092840473552059,2.5764464E-5,18.317112,0.09557286,0.21380498,0.0062901205,0.113438986,0.031250585,0.29050043,0.08440935,0.7165697,0.0056059216,0.11593587,0.036524702,0.2540791,0.0817284,null,null,null,null,"TWOGAUSSIANS",8,7.9193244,0.21379498,0.006306808,0.4,0.0,0.2414404,0.016649626,0.71657974,0.0056325933,0.4,0.0,0.20500769,0.031854164
375316653866487564,4108550807525895296,0.48698446,2299.529589017048,2.665736547906496,2.5696132E-5,19.64553,0.011765515,0.2540257,0.0046820636,0.0761646,0.005898305,0.31198096,0.016540864,0.74547875,0.0045065787,0.07627448,0.008292305,0.34166783,0.01847072,null,null,null,null,"TWOGAUSSIANS",8,1.9505565,0.74547875,0.0045065787,0.4,0.0,0.33916655,0.018767938,0.2540257,0.0046820636,0.4,0.0,0.30947968,0.016017651
375316653866487564,4108551254206055168,0.46661365,2316.009215144216,0.07864238908252542,3.927129E-5,19.483965,0.017406417,0.1875,0.0052772714,0.049496762,0.0043180566,0.5524164,0.09706873,0.6240737,0.005476503,0.026143732,0.0145874135,0.74981654,0.68289423,null,null,null,null,"TWOGAUSSIANS",8,9.236365,0.6240737,0.005476503,0.14640489,0.081689514,0.74981654,0.68289423,0.1875,0.0052772714,0.27718186,0.024181116,0.5524164,0.09706873
375316653866487564,4108551666523143680,0.5446693,2349.8932758611727,0.2462932182543218,1.4485586E-5,18.616856,0.008157723,0.11488735,0.015415064,0.0237016,0.009064723,0.2828456,0.2238898,0.81345284,0.033536993,0.02173384,0.019273574,0.70301217,453.21808,0.039571278,0.0091945985,0.81345284,0.033536993,"TWOGAUSSIANS_WITH_ELLIPSOIDAL_ON_ECLIPSE2",9,5.1721716,0.81345284,0.033536993,0.1217095,0.107932016,0.7821547,453.22467,0.115487345,0.016232604,0.13272896,0.05076245,0.29091743,0.22504483
375316653866487564,4108551902741093376,0.58099806,2319.858941405422,1.5529997721955378,1.870909E-5,18.058243,0.002728796,0.29605234,0.0053203204,0.050498914,0.005056705,0.45889437,0.052612428,0.7980389,0.004257588,0.053316936,0.009411365,0.09725488,0.013889108,null,null,null,null,"TWOGAUSSIANS",8,2.1112418,0.29605234,0.0053203204,0.2827939,0.028317548,0.45889094,0.052616674,0.7980389,0.004257588,0.29857484,0.05270364,0.09725146,0.013893163
375316653866487564,4108552143259291136,0.483613,2315.681070803236,2.569555229437211,2.9615609E-5,13.733594,1.1568074,0.23065835,0.0056013768,0.12667397,0.11165504,0.30579755,1.0876062,0.7224811,0.008695647,0.11830866,0.097908214,0.26257288,1.0086049,null,null,null,null,"TWOGAUSSIANS",8,894.2214,0.23069835,0.005317474,0.4,0.0,0.2398344,0.01964992,0.7224811,0.008695647,0.4,0.0,0.19679828,0.017719045
375316653866487564,4108552628588860032,0.62713534,2302.357588554208,0.2916657106754797,2.1714097E-5,18.44731,0.02006568,0.22012252,0.0021263873,0.025001828,0.0020974355,1.3317764,0.06892686,null,null,null,null,null,null,0.06344977,0.034155637,0.22012252,0.0021263873,"ONEGAUSSIAN_WITH_ELLIPSOIDAL",6,9.168639,0.22012252,0.0021263873,0.14001024,0.011745638,1.4586759,0.05089397,null,null,null,null,null,null
375316653866487564,4108552834753967104,0.5424903,2333.482003702651,2.1449184590364556,1.7966822E-5,19.170881,0.009362598,0.28844693,0.012140767,0.07719063,0.008994935,0.3924521,0.026571313,0.79205006,0.0031908525,0.08522242,0.0036366605,0.36320212,0.013638459,null,null,null,null,"TWOGAUSSIANS",8,2.4615226,0.28844693,0.012140767,0.4,0.0,0.38630536,0.024890717,0.79205006,0.0031908525,0.4,0.0,0.3570554,0.012341964
375316653866487564,4108552864827652480,0.4520643,2349.2762861998626,3.6612890576375605,2.6116375E-5,18.872719,0.25235137,0.2272896,0.0042934082,0.13729186,0.038563948,0.33833438,0.20508128,0.72511137,0.005766156,0.19980004,0.088012174,0.3211826,0.25245485,null,null,null,null,"TWOGAUSSIANS",8,2.8609252,0.2278596,0.004738009,0.4,0.0,0.15695886,0.010843632,0.72511137,0.0057811295,0.4,0.0,0.112644106,0.013473889
375316653866487564,4108552967907776768,0.4299161,2331.5020723397647,2.4954096378924135,7.919279E-5,19.505934,0.053062078,0.24723667,0.026742944,0.08374955,0.022577286,0.34142512,0.07772639,0.79323745,0.03770372,0.10214827,0.04744911,0.19280486,0.059908323,null,null,null,null,"TWOGAUSSIANS",8,11.192777,0.24722667,0.026696136,0.4,0.0,0.33485144,0.097258836,0.79323745,0.03770255,0.4,0.031457,0.18622132,0.04681341
375316653866487564,4108553212711429760,0.5669707,2340.9388510531326,3.7354067395864856,8.226517E-6,18.877756,0.010473223,0.22867209,0.0021703537,0.08253552,0.0042558424,0.50818807,0.02905405,0.7119665,0.0028702626,0.08156195,0.0043587647,0.43853372,0.0198461,null,null,null,null,"TWOGAUSSIANS",8,2.073196,0.22867209,0.0021703537,0.4,0.0,0.50154823,0.030137416,0.7119665,0.0028702626,0.4,0.0,0.43189394,0.020311467
375316653866487564,4108553590662078720,0.48126787,2312.456848488375,2.1318762434146032,8.590882E-5,19.57026,0.043430474,0.2905756,0.005023697,0.083444655,0.012276422,0.5363131,0.035308838,0.7955978,0.015136636,0.062908344,0.026962826,0.5453064,0.19528933,null,null,null,null,"TWOGAUSSIANS",8,7.7463355,0.7955978,0.015136636,0.35228673,0.101588205,0.5425315,0.20254476,0.2905756,0.005023697,0.4,0.0,0.53353816,0.037629407
375316653866487564,4108554002981925376,0.4797489,2325.787205163717,0.306635845264427,1.2452413E-5,18.895536,0.011119841,0.4519618,0.011189268,0.06224581,0.012637269,0.10699367,0.015776169,0.8041327,0.0015927901,0.0038897262,7.873112E-4,0.70590305,0.24674532,null,null,null,null,"TWOGAUSSIANS",8,9.046934,0.8041327,0.0015927901,0.021782467,0.0044089425,0.70590305,0.24674532,0.4519618,0.011189268,0.34857652,0.07076871,0.10699367,0.015776169
375316653866487564,4108554209140490368,0.4304801,2331.688026403185,2.0595978674346176,2.1749768E-4,19.529419,0.086911745,0.28382385,0.024749078,0.112656616,0.05324959,0.21146032,0.06783776,0.6525191,0.013941782,0.08611892,0.0150690535,0.3682792,0.116593055,null,null,null,null,"TWOGAUSSIANS",8,4.3555555,0.6525191,0.013941782,0.4,0.0,0.36586964,0.112396635,0.28394386,0.02461027,0.4,0.0,0.20809078,0.061404776
375316653866487564,4108554380939236736,0.5149401,2277.5879342099897,2.0087197570360775,2.3959938E-5,19.37729,0.013133271,0.2529415,0.012495396,0.080486916,0.012783541,0.30624452,0.08644664,0.75084186,0.004447652,0.07469209,0.0060821525,0.3195025,0.01944693,null,null,null,null,"TWOGAUSSIANS",8,2.5229402,0.75084186,0.004447652,0.4,0.0,0.31617424,0.018829146,0.2529415,0.012495396,0.4,0.0076008863,0.30291626,0.08782074
375316653866487564,4108554415299033856,0.45052087,2327.7561906186556,3.1951781377554145,3.6914396E-5,18.746223,0.086757734,0.29230258,0.012088456,0.09367541,0.050622713,0.15121184,0.07473982,0.7855104,0.013315063,0.10538974,0.047967296,0.13334206,0.08518582,null,null,null,null,"TWOGAUSSIANS",8,4.5944066,0.29230258,0.01204653,0.4,0.0,0.14017601,0.022783585,0.7855104,0.013315063,0.4,0.0,0.12230284,0.018841797
375316653866487564,4108555136901008128,0.5752692,2308.151166410749,1.5383760424399988,1.3149341E-5,15.473006,0.0036504471,0.22889931,0.0071419165,0.08406218,0.01710828,0.07499918,0.05235235,0.7403665,0.0028034763,0.08345281,0.0035255598,0.14692153,0.0044651465,null,null,null,null,"TWOGAUSSIANS",8,13.177357,0.7403665,0.0028034763,0.4,0.0,0.1449525,0.0039661606,0.22889931,0.0071419165,0.4,0.007225111,0.07303017,0.05355387
375316653866487564,4108556064614024320,0.6408713,2280.8072074358406,0.21168837869301113,6.3800817E-6,17.966248,0.002417015,0.31917286,8.005722E-4,0.020159183,8.721856E-4,1.3291194,0.12632042,null,null,null,null,null,null,0.03579767,0.003746947,0.31917286,8.005722E-4,"ONEGAUSSIAN_WITH_ELLIPSOIDAL",6,3.7721472,0.31917286,8.005722E-4,0.11289143,0.0048842393,1.4007148,0.12693302,null,null,null,null,null,null
375316653866487564,4108556098929579264,0.46342924,2353.027873946056,0.23196471762020626,2.5487367E-5,19.124294,0.013912991,0.18370885,0.0119201755,0.03208438,0.00879929,0.072104484,0.02714291,0.65231305,0.0111876745,0.014444416,0.008773513,0.2794733,0.2043393,null,null,null,null,"TWOGAUSSIANS",8,3.7373328,0.65231305,0.0111876745,0.08088873,0.049131673,0.2794733,0.2043393,0.18370885,0.0119201755,0.17967252,0.049276028,0.072104484,0.02714291
375316653866487564,4108556472588736640,0.55015326,2309.2799523372596,0.9605585793898668,1.8630579E-5,18.151861,0.023037074,0.25072676,0.0034649512,0.10004526,0.009290435,0.29745492,0.020488322,0.75042295,0.0045208377,0.10347656,0.011720279,0.28123057,0.020124337,null,null,null,null,"TWOGAUSSIANS",8,3.7686505,0.25072676,0.0034649512,0.4,0.0,0.26929286,0.011245099,0.75042295,0.0045208377,0.4,0.0,0.25306594,0.015770098
375316653866487564,4108557164125074048,0.6638576,2306.045779480602,2.6751994264573464,4.700938E-6,16.97144,0.012385638,0.26687866,0.0019941505,0.04754371,0.0061930628,0.3010787,0.017742593,0.7630327,0.0062234215,0.052632917,0.0065838345,0.350419,0.027254334,0.09760427,0.014226636,0.26687866,0.0019941505,"TWOGAUSSIANS_WITH_ELLIPSOIDAL_ON_ECLIPSE1",9,4.363157,0.7634527,0.005346498,0.29474434,0.036869474,0.54552245,0.019388586,0.26687866,0.0019941505,0.26624477,0.034681153,0.4962837,0.023062062
375316653866487564,4108557404600277760,0.5160035,2306.710903463848,3.8559580662543778,1.0658581E-5,19.18251,0.008594436,0.40221256,0.022219293,0.12111919,0.03814501,0.06324258,0.016965328,0.8015628,0.011357434,0.015439272,0.009159227,0.8773514,0.7092777,null,null,null,null,"TWOGAUSSIANS",8,1.1007754,0.8015628,0.011357434,0.08645992,0.05129167,0.8776021,0.7092108,0.40221256,0.022219293,0.4,0.0,0.06321737,0.01709729
375316653866487564,4108558465467487232,0.46672872,2288.264311492093,2.8014695058397643,3.4755285E-5,19.05096,0.46398002,0.27553654,0.016666602,0.14189512,0.05664657,0.48754385,0.38330728,0.77907836,0.008079072,0.1900291,0.1139701,0.45293918,0.45029122,null,null,null,null,"TWOGAUSSIANS",8,4.8181987,0.27469656,0.015711369,0.4,0.0,0.22656536,0.026982108,0.77942836,0.00825213,0.4,0.0,0.16546781,0.02039258
375316653866487564,4108558538463718016,0.46889088,2306.0089923823043,4.86373728872244,6.9198744E-5,19.563496,0.017634088,0.63447475,0.04384779,0.06506441,0.022631548,0.121585004,0.0513337,0.39975068,0.018385943,0.094871454,0.01656254,0.27971822,0.023106264,null,null,null,null,"TWOGAUSSIANS",8,4.3126326,0.40008068,0.018271588,0.4,0.0,0.27989715,0.023337254,0.61659473,0.29112616,0.36436066,0.11464404,0.13760076,0.19459683
375316653866487564,4108558572832352384,0.53439766,2307.1525030893267,0.3684863620722222,1.1475223E-4,19.787594,0.008436672,0.13934478,8.0604764E-4,0.008270195,4.0638322E-4,0.856404,0.03444706,0.8598701,0.022725526,0.038932,0.033869404,0.08724299,0.08882029,null,null,null,null,"TWOGAUSSIANS",8,2.0269186,0.13934478,8.0604764E-4,0.046313092,0.0022757459,0.856404,0.03444706,0.8598701,0.022725526,0.2180192,0.18966866,0.08724299,0.08882029
375316653866487564,4108558607183419136,0.43942985,2314.3239990140946,2.1739698904108664,4.6326673E-5,18.972258,0.07160105,0.26582575,0.0224822,0.1055414,0.079180345,0.17125088,0.057687484,0.73734707,0.009024268,0.073368326,0.024120761,0.21741565,0.06545392,null,null,null,null,"TWOGAUSSIANS",8,11.055034,0.73734707,0.009024268,0.4,0.06288399,0.21271467,0.040444117,0.26582575,0.0224822,0.4,0.0,0.16654135,0.0277363
375316653866487564,4108559839840936576,0.51145154,2301.1756878066117,2.7780713015481435,2.5613488E-5,19.53772,0.012692741,0.32234395,0.0042301025,0.07441983,0.0060358667,0.35226542,0.016950354,0.8168777,0.0066155074,0.07354217,0.016458567,0.40245965,0.08235901,null,null,null,null,"TWOGAUSSIANS",8,1.7448514,0.8168777,0.0066155074,0.4,0.011465054,0.40025988,0.08607286,0.32234395,0.0042301025,0.4,0.0,0.35006562,0.015856365
375316653866487564,4108559977300573696,0.48685503,2279.668536720421,2.3446996506805413,1.982782E-5,19.520185,0.010183722,0.29999787,0.0062167547,0.079865724,0.0071037784,0.3087235,0.018296925,0.7849712,0.0066742883,0.076222695,0.008439346,0.31601036,0.05385594,null,null,null,null,"TWOGAUSSIANS",8,2.6245937,0.7849712,0.0066742883,0.4,0.013467629,0.3133107,0.054687552,0.29999787,0.0062167547,0.4,0.0,0.30602387,0.018147899
375316653866487564,4108560595771752448,0.50796187,2264.005966956387,1.7828095030322497,1.9131472E-5,18.48095,0.007622215,0.23108654,0.007542965,0.08530202,0.00750772,0.17740986,0.009037089,0.7359631,0.0071718,0.0896424,0.012871121,0.13835417,0.007685823,null,null,null,null,"TWOGAUSSIANS",8,1.9514794,0.23108654,0.007542965,0.4,0.0,0.17256416,0.006889721,0.7359631,0.0071718,0.4,0.0,0.13350843,0.0063177804
375316653866487564,4108560737537446400,0.5504121,2272.1336999507007,1.5285597561864845,9.305098E-6,19.059671,0.004995145,0.22599107,0.010207821,0.06711527,0.008762019,0.17044184,0.019404069,0.714147,0.0019258043,0.07162482,0.0035090814,0.34623605,0.015526618,null,null,null,null,"TWOGAUSSIANS",8,1.6174486,0.714147,0.0019258043,0.4,0.009630568,0.345694,0.015640482,0.22599107,0.010207821,0.37584552,0.046260104,0.1698998,0.019543964
