Gaia/vari_eclipsing_binary/VariEclipsingBinary_663172-663195.csv
# %ECSV 1.0
# ---
# delimiter: ','
# meta: !!omap
# - RELEASE: Gaia DR3
# - TABLE: vari_eclipsing_binary
# - DESCRIPTION: >
#     This table describes the properties of the eclipsing binaries resulting from the variability analysis. 
# - CITATION: >
#     How to cite and acknowledge Gaia: 
#     https://gea.esac.esa.int/archive/documentation/credits.html 
# - KNOWN_ISSUES: >
#     Known issues: 
#     https://www.cosmos.esa.int/web/gaia-users/known-issues 
# - DOCUMENTATION: >
#     Tutorials and documentation: 
#     https://www.cosmos.esa.int/web/gaia-users/archive 
# datatype:
# - 
#   name: solution_id
#   datatype: int64
#   description: Solution Identifier
#   meta:
#     ucd: meta.version
# - 
#   name: source_id
#   datatype: int64
#   description: Unique source identifier
#   meta:
#     ucd: meta.id;meta.main
# - 
#   name: global_ranking
#   datatype: float32
#   description: Number between 0 (worst) and 1 (best)
#   meta:
#     ucd: stat.param
# - 
#   name: reference_time
#   datatype: float64
#   unit: d
#   description: Reference time used for the geometric model fit
#   meta:
#     ucd: time.epoch
# - 
#   name: frequency
#   datatype: float64
#   unit: d**-1
#   description: Frequency of geometric model of the eclipsing binary light curve
#   meta:
#     ucd: src.orbital
# - 
#   name: frequency_error
#   datatype: float32
#   unit: d**-1
#   description: "Uncertainty of \\texttt{frequency}"
#   meta:
#     ucd: stat.error
# - 
#   name: geom_model_reference_level
#   datatype: float32
#   unit: mag
#   description: Magnitude reference level of geometric model
#   meta:
#     ucd: phot.mag;em.opt
# - 
#   name: geom_model_reference_level_error
#   datatype: float32
#   unit: mag
#   description: "Uncertainty of \\texttt{geomModelReferenceLevel}"
#   meta:
#     ucd: stat.error;phot.mag;em.opt
# - 
#   name: geom_model_gaussian1_phase
#   datatype: float32
#   description: Phase of the Gaussian 1 component
#   meta:
#     ucd: time.phase
# - 
#   name: geom_model_gaussian1_phase_error
#   datatype: float32
#   description: "Uncertainty of \\texttt{geomModelGaussian1Phase}"
#   meta:
#     ucd: stat.error;time.phase
# - 
#   name: geom_model_gaussian1_sigma
#   datatype: float32
#   description: "Standard deviation [phase] of Gaussian 1 component"
#   meta:
#     ucd: stat.stdev
# - 
#   name: geom_model_gaussian1_sigma_error
#   datatype: float32
#   description: "Uncertainty of \\texttt{geomModelGaussian1Sigma}"
#   meta:
#     ucd: stat.error
# - 
#   name: geom_model_gaussian1_depth
#   datatype: float32
#   unit: mag
#   description: Magnitude depth of Gaussian 1 component
#   meta:
#     ucd: src.var.amplitude
# - 
#   name: geom_model_gaussian1_depth_error
#   datatype: float32
#   unit: mag
#   description: "Uncertainty of \\texttt{geomModelGaussian1Depth}"
#   meta:
#     ucd: stat.error;src.var.amplitude
# - 
#   name: geom_model_gaussian2_phase
#   datatype: float32
#   description: Phase of Gaussian 2 component
#   meta:
#     ucd: time.phase
# - 
#   name: geom_model_gaussian2_phase_error
#   datatype: float32
#   description: "Uncertainty of \\texttt{geomModelGaussian2Phase}"
#   meta:
#     ucd: stat.error;time.phase
# - 
#   name: geom_model_gaussian2_sigma
#   datatype: float32
[...]
#   datatype: float32
#   description: "Secondary eclipse: uncertainty of \\texttt{derivedSecondaryEclDuration}"
#   meta:
#     ucd: stat.error;time.duration
# - 
#   name: derived_secondary_ecl_depth
#   datatype: float32
#   unit: mag
#   description: "Secondary eclipse: depth"
#   meta:
#     ucd: src.var.amplitude
# - 
#   name: derived_secondary_ecl_depth_error
#   datatype: float32
#   unit: mag
#   description: "Secondary eclipse: uncertainty of \\texttt{derivedSecondaryEclDepth}"
#   meta:
#     ucd: stat.error;src.var.amplitude
solution_id,source_id,global_ranking,reference_time,frequency,frequency_error,geom_model_reference_level,geom_model_reference_level_error,geom_model_gaussian1_phase,geom_model_gaussian1_phase_error,geom_model_gaussian1_sigma,geom_model_gaussian1_sigma_error,geom_model_gaussian1_depth,geom_model_gaussian1_depth_error,geom_model_gaussian2_phase,geom_model_gaussian2_phase_error,geom_model_gaussian2_sigma,geom_model_gaussian2_sigma_error,geom_model_gaussian2_depth,geom_model_gaussian2_depth_error,geom_model_cosine_half_period_amplitude,geom_model_cosine_half_period_amplitude_error,geom_model_cosine_half_period_phase,geom_model_cosine_half_period_phase_error,model_type,num_model_parameters,reduced_chi2,derived_primary_ecl_phase,derived_primary_ecl_phase_error,derived_primary_ecl_duration,derived_primary_ecl_duration_error,derived_primary_ecl_depth,derived_primary_ecl_depth_error,derived_secondary_ecl_phase,derived_secondary_ecl_phase_error,derived_secondary_ecl_duration,derived_secondary_ecl_duration_error,derived_secondary_ecl_depth,derived_secondary_ecl_depth_error
[from data line 75]
375316653866487564,5833349097400392704,0.57229203,2174.3051555088177,2.352800560245635,1.5347845E-5,19.113914,0.0054435492,0.28311235,0.0031264238,0.08267383,0.0030183245,0.39507085,0.012976322,0.7863487,0.0039378298,0.075862914,0.004473076,0.46767196,0.01585443,null,null,null,null,"TWOGAUSSIANS",8,2.3131585,0.7863487,0.0039378298,0.4,0.0,0.46212453,0.017616093,0.28311235,0.0031264238,0.4,0.0,0.3895234,0.012949045
375316653866487564,5833349539775060992,0.50876766,2155.3856651103706,2.855423634573375,2.5103214E-5,19.197206,0.016960053,0.24133804,0.010264731,0.07394607,0.012663898,0.23628598,0.019061185,0.7442856,0.008868702,0.08329005,0.008043081,0.29671595,0.025798349,null,null,null,null,"TWOGAUSSIANS",8,5.1503744,0.7442856,0.008868702,0.4,0.0,0.2935224,0.023671046,0.24133804,0.010264731,0.4,0.03069708,0.23309244,0.01721298
375316653866487564,5833349887674577664,0.45574903,2169.077906889963,2.7331703402949676,2.4570065E-5,18.46635,0.024264347,0.29931375,0.008461039,0.07936066,0.024263611,0.2418636,0.024078278,0.8128668,0.012433238,0.088716395,0.015717326,0.24341132,0.0262619,null,null,null,null,"TWOGAUSSIANS",8,17.757614,0.8128668,0.012433238,0.4,0.0,0.23886071,0.020608421,0.29931375,0.008461039,0.4,0.0,0.23731308,0.028296106
375316653866487564,5833350299991487872,0.5163601,2156.387998730272,2.458965613054937,1.1523617E-5,18.994867,0.015845478,0.25093567,0.005466301,0.09397629,0.008175738,0.25193882,0.016793877,0.7489364,0.0038960304,0.09440651,0.0085311355,0.2469662,0.01669533,null,null,null,null,"TWOGAUSSIANS",8,2.3091125,0.25093567,0.005466301,0.4,0.0,0.23761727,0.0113156345,0.7489364,0.0038960304,0.4,0.0,0.2326446,0.0135523295
375316653866487564,5833351090308000384,0.5112404,2162.4233851979784,2.661360739926346,1.1536465E-5,17.400072,0.025475875,0.24057315,0.003514652,0.10286434,0.012462429,0.20176452,0.02300997,0.7296812,0.0053103347,0.10797795,0.016024323,0.2143937,0.021095438,null,null,null,null,"TWOGAUSSIANS",8,7.8748593,0.7296812,0.0053103347,0.4,0.0,0.19230181,0.016535705,0.24058315,0.0035146435,0.4,0.0,0.17967974,0.010381413
375316653866487564,5833351429547195648,0.5430336,2170.866643191008,1.0438039282835625,1.7046777E-5,17.641953,0.008131397,0.12380407,0.053407438,0.14770876,0.20569359,0.010972271,0.008164679,0.45166802,0.005185042,0.03981845,0.0032654603,0.33594,0.048155155,null,null,null,null,"TWOGAUSSIANS",8,4.9476004,0.45166802,0.005185042,0.22298332,0.018286576,0.33679405,0.047580585,0.12380407,0.053407438,0.4,0.07050275,0.010891784,0.00784818
375316653866487564,5833351571301969536,0.5285662,2159.344605203173,2.949465601156872,1.6460528E-5,19.842424,0.01013652,0.26750925,0.004260514,0.062816225,0.0037404394,0.6496112,0.028325122,0.7631913,0.0033736872,0.0622968,0.0060144467,0.5829383,0.06076329,null,null,null,null,"TWOGAUSSIANS",8,2.5224771,0.26750925,0.004260514,0.35177085,0.020946462,0.6492463,0.028319303,0.7631913,0.0033736872,0.34886208,0.033680905,0.5825734,0.061035942
375316653866487564,5833353358009150464,0.5421796,2122.349486948094,2.6271832119003022,1.4879869E-5,18.983416,0.016369207,0.27381963,0.0066769687,0.039055794,0.028796876,0.17759474,3.7421634,0.77728754,0.013544831,0.03826477,0.008766631,0.13460663,0.036873784,0.11510236,0.020166105,0.27381963,0.0066769687,"TWOGAUSSIANS_WITH_ELLIPSOIDAL_ON_ECLIPSE1",9,3.5600514,0.27381963,0.0066769687,0.21871243,0.1612625,0.40779907,3.7609193,0.77728754,0.013245305,0.2142827,0.04909313,0.3647017,0.032365724
375316653866487564,5833353598526793216,0.56284815,2166.383343857904,2.428646698570048,1.7548791E-5,19.711744,0.009017933,0.23749271,0.0037542917,0.03667171,0.003255387,0.64157265,0.035148777,0.7456226,0.012241274,0.007235905,0.03064364,0.667331,1.6519634,0.052346326,0.013458819,0.7456226,0.012241274,"TWOGAUSSIANS_WITH_ELLIPSOIDAL_ON_ECLIPSE2",9,2.4407492,0.7456226,0.012241274,0.04052107,0.1716044,0.77202356,1.6673532,0.2376327,0.0035879149,0.20536156,0.018230168,0.74599695,0.033741932
375316653866487564,5833353907764748544,0.6298518,2172.194197189971,3.6455174404105524,4.7020467E-6,18.517506,0.018504731,0.23284897,0.002264435,0.052373033,0.006542518,0.31697336,0.033286743,0.7330482,0.0025446129,0.04922791,0.004936864,0.45403373,0.032263372,0.11052988,0.020176193,0.23284897,0.002264435,"TWOGAUSSIANS_WITH_ELLIPSOIDAL_ON_ECLIPSE1",9,3.7219827,0.7330482,0.0024282401,0.27567628,0.027646437,0.6750882,0.014356738,0.23284897,0.002264435,0.29328898,0.0366381,0.5380282,0.010434015
375316653866487564,5833354006531453568,0.46646824,2168.24945426016,1.9147449067555615,5.0775572E-5,18.310703,0.24943584,0.24971613,0.03047499,0.14989224,0.16617855,0.1400714,0.23464411,0.7125718,0.019767568,0.117555544,0.03912044,0.21512945,0.1738232,null,null,null,null,"TWOGAUSSIANS",8,5.6742873,0.7125718,0.019767568,0.4,0.0,0.17264485,0.020069279,0.25018615,0.028997622,0.4,0.0,0.096267715,0.012458435
375316653866487564,5833354148282833280,0.53350645,2162.384680554136,3.3259770327161906,9.9106965E-6,19.521208,0.012200324,0.24835767,0.0035741504,0.0783814,0.0057266145,0.5772088,0.021234613,0.7596916,0.0055204458,0.07396213,0.0055844905,0.414815,0.018680077,null,null,null,null,"TWOGAUSSIANS",8,3.2325406,0.24835767,0.0035741504,0.4,0.0,0.5736945,0.021450212,0.7596916,0.0055204458,0.4,0.0022813047,0.41130075,0.017988762
375316653866487564,5833354457554438144,0.4944266,2176.136260074561,2.985166480510041,1.5319561E-5,17.432323,0.026729377,0.22584212,0.00399764,0.08155689,0.011175916,0.36798573,0.049454954,0.7260502,0.003432828,0.0796551,0.007339401,0.3635842,0.030114757,null,null,null,null,"TWOGAUSSIANS",8,35.479603,0.22584212,0.00399764,0.4,0.0,0.36204672,0.050679557,0.7260502,0.003432828,0.4,0.0,0.3576452,0.026940456
375316653866487564,5833354526281863936,0.45046887,2239.904493735061,0.2925126495147071,1.4724752E-6,18.108114,0.003588864,0.22817461,1.957205E-4,0.0116229765,3.439006E-4,0.43553424,0.003730111,0.7733976,0.005939586,0.050799184,0.02254457,0.17635404,1.8140509,null,null,null,null,"TWOGAUSSIANS",8,3.1747487,0.22817461,1.957205E-4,0.06508867,0.0019258434,0.43553424,0.003730111,0.7733976,0.005939586,0.28447545,0.1262496,0.17635404,1.8140509
375316653866487564,5833355110397440640,0.62288165,2197.9915542596027,3.37257195312211,4.969709E-6,17.943848,0.00801992,0.20710248,0.00257086,0.045148067,0.004460989,0.29278842,0.023322217,0.70333624,0.001221791,0.05344999,0.003371732,0.40594918,0.0260334,0.097210534,0.013279702,0.20710248,0.00257086,"TWOGAUSSIANS_WITH_ELLIPSOIDAL_ON_ECLIPSE1",9,4.037949,0.70370626,9.5246756E-4,0.29931992,0.0188817,0.6002666,0.028914692,0.20710248,0.00257086,0.2528292,0.024981538,0.48720402,0.015487325
375316653866487564,5833355316514485888,0.540469,2181.239753368207,2.7602382039847626,1.1461086E-5,19.075827,0.040888064,0.2623977,0.008130821,0.13269043,0.03149723,0.15639426,0.039340504,0.75819296,0.002600517,0.0974932,0.009124336,0.34306198,0.037138283,null,null,null,null,"TWOGAUSSIANS",8,1.4082952,0.75819296,0.002600517,0.4,0.0,0.30557674,0.01264332,0.2623977,0.008129757,0.4,0.0,0.118650466,0.00811958
375316653866487564,5833355419627196032,0.5430569,2199.2528770602917,1.1149018640614505,1.0547783E-5,12.876848,0.006446379,0.26147017,0.005649574,0.050740864,0.008284122,0.0658352,0.01640723,0.7747545,0.0054729194,0.042082164,0.004212712,0.21630466,0.015829513,0.023266235,0.008606737,0.26147017,0.005649574,"TWOGAUSSIANS_WITH_ELLIPSOIDAL_ON_ECLIPSE1",9,176.15155,0.7747545,0.0054729194,0.23566012,0.023591187,0.26251334,0.00789064,0.26147017,0.005649574,0.28414884,0.046391085,0.11236732,0.008224582
375316653866487564,5833355831910275456,0.43866307,2165.0268115146746,0.9316732332109922,1.8669247E-5,18.828451,0.018085482,0.28777918,0.0120297475,0.09032706,0.020084053,0.1697071,0.024725052,0.7732026,0.0056483997,0.04701804,0.010271626,0.20935155,0.03407673,null,null,null,null,"TWOGAUSSIANS",8,11.46049,0.7732026,0.0056483997,0.263301,0.057521105,0.20904323,0.034168925,0.28777918,0.0120297475,0.4,0.0,0.16939868,0.024746764
375316653866487564,5833355866269997696,0.5432803,2157.1556645738856,3.512539971038627,1.598154E-5,19.372967,0.010791646,0.18109359,0.0039574816,0.07595977,0.004328804,0.51659054,0.023545058,0.6854478,0.0076342397,0.07805445,0.006674128,0.4352883,0.023770232,null,null,null,null,"TWOGAUSSIANS",8,2.8988109,0.18109359,0.0039574816,0.4,0.0,0.5121485,0.02302476,0.6854478,0.0076342397,0.4,0.0,0.4308463,0.023027724
375316653866487564,5833355866270108032,0.4763843,2170.166423475117,1.5707478997232633,1.6655258E-5,19.621708,0.007944621,0.15271197,0.0024893773,0.044828318,0.006477073,0.7838626,0.22872157,0.64702755,0.011020777,0.05535216,0.012958237,0.13721074,0.059614256,null,null,null,null,"TWOGAUSSIANS",8,2.3854628,0.15271197,0.0024893773,0.25103858,0.03627161,0.78386086,0.22872786,0.64702755,0.011020777,0.30997208,0.07256613,0.13720903,0.059615675
375316653866487564,5833356038068958464,0.4724112,2167.539541588724,2.3960314135548417,1.6201824E-5,19.315731,0.01801467,0.27952194,0.0062822415,0.08435675,0.009985142,0.19763155,0.018307656,0.7691265,0.011828112,0.09333674,0.022218239,0.20609961,0.035668463,null,null,null,null,"TWOGAUSSIANS",8,2.4879897,0.7691265,0.011828112,0.4,0.0,0.19957814,0.038658332,0.27952194,0.0062822415,0.4,0.0,0.19111036,0.012813333
375316653866487564,5833356175507705088,0.52480936,2143.6348854535695,1.2547527404811536,1.2736528E-5,18.2462,0.011916298,0.10356402,0.00807483,0.112279415,0.014597507,0.1198609,0.012051493,0.593029,0.0036765,0.083067745,0.007755927,0.20762645,0.012277852,null,null,null,null,"TWOGAUSSIANS",8,1.7771294,0.593029,0.0036765,0.4,0.0,0.19794089,0.0097656,0.10356402,0.00807483,0.4,0.0,0.11016252,0.007828588
375316653866487564,5833356347340094720,0.50822866,2170.31579110173,2.935955708462678,1.9688727E-5,16.533129,0.5661526,0.25314617,0.0073529985,0.12983155,0.08974197,0.2726285,0.54132867,0.76186544,0.0041036797,0.1211367,0.04986441,0.24941051,0.45361477,null,null,null,null,"TWOGAUSSIANS",8,27.112453,0.25308615,0.0070452495,0.4,0.0,0.20582716,0.025829954,0.76200545,0.0031438076,0.4,0.0,0.1828439,0.0120566245
375316653866487564,5833356617865022080,0.5084621,2183.9908936775346,2.5512583857523143,1.6110469E-5,17.78957,0.012879809,0.30281886,0.0051866374,0.1075813,0.011202085,0.14007129,0.012732535,0.77362055,0.005778751,0.08703191,0.012575335,0.13216928,0.012195016,null,null,null,null,"TWOGAUSSIANS",8,3.4491522,0.30281886,0.0051866374,0.4,0.0,0.13334362,0.008492248,0.77362055,0.005778751,0.4,0.0,0.12545204,0.008927479
375316653866487564,5833356759623598464,0.53455615,2188.5004957001283,3.194053446322727,1.4070831E-5,18.921404,0.013215481,0.29734364,0.0016776294,0.05415634,0.0026964427,0.59889776,0.017702797,0.79155445,0.0067031784,0.067332216,0.008193743,0.6861119,0.07758432,null,null,null,null,"TWOGAUSSIANS",8,13.168146,0.79155445,0.0067031784,0.3770604,0.03407305,0.68589073,0.07784705,0.29734364,0.0016776294,0.3032755,0.015100079,0.59867656,0.017573282
375316653866487564,5833356892749676800,0.47807643,2166.2129721936562,3.227568551575189,4.762915E-5,18.687906,0.024962654,0.17959335,0.007736372,0.09020657,0.014669495,0.1660659,0.0236802,0.6635225,0.0031631163,0.087168664,0.011179376,0.24719973,0.027592411,null,null,null,null,"TWOGAUSSIANS",8,5.2307315,0.6635225,0.0031631163,0.4,0.0,0.24135676,0.02458638,0.17959335,0.007736372,0.4,0.0,0.16022289,0.016397335
375316653866487564,5833356965815438976,0.5916763,2178.5860155597093,2.5869362595082444,5.314645E-6,17.928196,0.020140676,0.22029835,0.0021226865,0.061168525,0.004856222,0.37884045,0.050809015,0.7227729,0.001662959,0.054967195,0.0050181607,0.36723444,0.04236742,0.09071437,0.028379427,0.22029835,0.0021226865,"TWOGAUSSIANS_WITH_ELLIPSOIDAL_ON_ECLIPSE1",9,6.206358,0.22029835,0.0021226865,0.34254375,0.027194843,0.5601709,0.027545309,0.7227729,0.001662959,0.3078163,0.028101701,0.548521,0.018445337
375316653866487564,5833357343739321216,0.5912548,2160.2352489234067,2.6770752745194755,5.387742E-6,18.51472,0.0073900605,0.25841644,0.0018566746,0.077043705,0.002118647,0.5633964,0.014089873,0.752592,0.0016271644,0.08004536,0.0026404143,0.49624187,0.011271106,null,null,null,null,"TWOGAUSSIANS",8,3.0838902,0.25841644,0.0018566746,0.4,0.0,0.55747974,0.0140600335,0.752592,0.0016271644,0.4,0.0,0.4903252,0.0113162855
375316653866487564,5833357790417606784,0.5230518,2166.7538531418018,2.953200331071551,2.2300574E-5,18.491323,0.020874644,0.2657762,0.005015843,0.0880777,0.0061835055,0.3919115,0.02606933,0.75479823,0.0076909135,0.09020646,0.012085189,0.37099415,0.019133212,null,null,null,null,"TWOGAUSSIANS",8,7.8751984,0.2657762,0.005015843,0.4,0.0,0.3793704,0.020362025,0.75479823,0.0076909135,0.4,0.0,0.35845298,0.01402074
375316653866487564,5833357893496848768,0.48196012,2154.466165680847,1.8676619826335947,4.8169844E-5,19.874733,0.01514499,0.17289515,0.014425828,0.049282294,0.018749662,0.5603699,0.20617934,0.6657071,0.010935682,0.029266862,0.009831343,0.21975741,0.025694568,null,null,null,null,"TWOGAUSSIANS",8,4.0471196,0.17289515,0.014425828,0.27598083,0.104998104,0.5603699,0.20617934,0.6657071,0.010935682,0.16389443,0.05505552,0.21975741,0.025694551
375316653866487564,5833358443252714752,0.42386946,2160.706746971429,3.754751179696515,4.5324734E-5,19.71815,0.00839279,null,null,null,null,null,null,null,null,null,null,null,null,0.09182905,0.013585568,0.29767457,0.0088385595,"ELLIPSOIDAL",4,4.1598344,null,null,null,null,null,null,null,null,null,null,null,null
375316653866487564,5833358645110399488,0.44424057,2182.7225529378147,0.0660829276374952,2.3555003E-5,18.807377,0.006737863,0.5989274,0.06836865,0.07682959,0.08887787,0.053773805,0.052050263,0.9445805,0.007068724,0.0075992164,0.00670804,0.5271379,5399.676,null,null,null,null,"TWOGAUSSIANS",8,3.611309,0.9445805,0.007068724,0.04255561,0.037565023,0.5271401,5399.676,0.5989274,0.06836865,0.4,0.4320967,0.053773805,0.052050263
375316653866487564,5833358889929429248,0.5096526,2166.457174730128,0.8903323656314429,2.2030383E-5,18.454006,0.006813416,0.3148343,0.008668529,0.05725362,0.0145690255,0.21175624,0.028235622,0.8148824,0.01168746,0.043457456,0.011034788,0.07021008,0.02155685,null,null,null,null,"TWOGAUSSIANS",8,3.8403158,0.3148343,0.008668529,0.32062027,0.08158655,0.2117551,0.028244385,0.8148824,0.01168746,0.24336174,0.06179481,0.07020892,0.021556111
375316653866487564,5833359027400034432,0.5825615,2185.033408301591,2.8646775322742144,1.0482731E-5,15.601856,0.006991114,0.24495299,0.0020790396,0.10289372,0.0057651615,0.19957952,0.005865562,0.7449104,0.0020749103,0.09227329,0.0042853327,0.19359867,0.006567485,null,null,null,null,"TWOGAUSSIANS",8,17.110266,0.24495299,0.0020790396,0.4,0.0,0.18483162,0.006320897,0.7449104,0.0020749103,0.4,0.0,0.17885359,0.0038560054
375316653866487564,5833359778966640896,0.59182906,2169.3878057138795,3.277405781907962,5.81492E-6,18.33579,0.00684655,0.2600149,0.0017379704,0.085074805,0.003029906,0.38807097,0.011005379,0.76889074,0.0017597014,0.07334674,0.0025223107,0.4310301,0.018800909,null,null,null,null,"TWOGAUSSIANS",8,2.8333883,0.76889074,0.0017597014,0.4,0.0,0.42636353,0.019022059,0.2600149,0.0017379704,0.4,0.0,0.38340437,0.011199207
375316653866487564,5833360848466556672,0.64370203,2210.9758489882174,3.7356935774708355,4.4517037E-6,17.615656,0.009704651,0.24981324,8.904223E-4,0.050999373,0.0036704824,0.28483284,0.025156744,0.7450635,0.00282389,0.051291592,0.0032127134,0.4026383,0.03526941,0.11044793,0.018061532,0.24981324,8.904223E-4,"TWOGAUSSIANS_WITH_ELLIPSOIDAL_ON_ECLIPSE1",9,4.416044,0.74555343,0.0024894928,0.2872329,0.017991195,0.6233538,0.027599655,0.24981324,8.904223E-4,0.2855965,0.0205547,0.5057249,0.012928874
