Gaia/vari_eclipsing_binary/VariEclipsingBinary_674985-675011.csv
# %ECSV 1.0
# ---
# delimiter: ','
# meta: !!omap
# - RELEASE: Gaia DR3
# - TABLE: vari_eclipsing_binary
# - DESCRIPTION: >
#     This table describes the properties of the eclipsing binaries resulting from the variability analysis. 
# - CITATION: >
#     How to cite and acknowledge Gaia: 
#     https://gea.esac.esa.int/archive/documentation/credits.html 
# - KNOWN_ISSUES: >
#     Known issues: 
#     https://www.cosmos.esa.int/web/gaia-users/known-issues 
# - DOCUMENTATION: >
#     Tutorials and documentation: 
#     https://www.cosmos.esa.int/web/gaia-users/archive 
# datatype:
# - 
#   name: solution_id
#   datatype: int64
#   description: Solution Identifier
#   meta:
#     ucd: meta.version
# - 
#   name: source_id
#   datatype: int64
#   description: Unique source identifier
#   meta:
#     ucd: meta.id;meta.main
# - 
#   name: global_ranking
#   datatype: float32
#   description: Number between 0 (worst) and 1 (best)
#   meta:
#     ucd: stat.param
# - 
#   name: reference_time
#   datatype: float64
#   unit: d
#   description: Reference time used for the geometric model fit
#   meta:
#     ucd: time.epoch
# - 
#   name: frequency
#   datatype: float64
#   unit: d**-1
#   description: Frequency of geometric model of the eclipsing binary light curve
#   meta:
#     ucd: src.orbital
# - 
#   name: frequency_error
#   datatype: float32
#   unit: d**-1
#   description: "Uncertainty of \\texttt{frequency}"
#   meta:
#     ucd: stat.error
# - 
#   name: geom_model_reference_level
#   datatype: float32
#   unit: mag
#   description: Magnitude reference level of geometric model
#   meta:
#     ucd: phot.mag;em.opt
# - 
#   name: geom_model_reference_level_error
#   datatype: float32
#   unit: mag
#   description: "Uncertainty of \\texttt{geomModelReferenceLevel}"
#   meta:
#     ucd: stat.error;phot.mag;em.opt
# - 
#   name: geom_model_gaussian1_phase
#   datatype: float32
#   description: Phase of the Gaussian 1 component
#   meta:
#     ucd: time.phase
# - 
#   name: geom_model_gaussian1_phase_error
#   datatype: float32
#   description: "Uncertainty of \\texttt{geomModelGaussian1Phase}"
#   meta:
#     ucd: stat.error;time.phase
# - 
#   name: geom_model_gaussian1_sigma
#   datatype: float32
#   description: "Standard deviation [phase] of Gaussian 1 component"
#   meta:
#     ucd: stat.stdev
# - 
#   name: geom_model_gaussian1_sigma_error
#   datatype: float32
#   description: "Uncertainty of \\texttt{geomModelGaussian1Sigma}"
#   meta:
#     ucd: stat.error
# - 
#   name: geom_model_gaussian1_depth
#   datatype: float32
#   unit: mag
#   description: Magnitude depth of Gaussian 1 component
#   meta:
#     ucd: src.var.amplitude
# - 
#   name: geom_model_gaussian1_depth_error
#   datatype: float32
#   unit: mag
#   description: "Uncertainty of \\texttt{geomModelGaussian1Depth}"
#   meta:
#     ucd: stat.error;src.var.amplitude
# - 
#   name: geom_model_gaussian2_phase
#   datatype: float32
#   description: Phase of Gaussian 2 component
#   meta:
#     ucd: time.phase
# - 
#   name: geom_model_gaussian2_phase_error
#   datatype: float32
#   description: "Uncertainty of \\texttt{geomModelGaussian2Phase}"
#   meta:
#     ucd: stat.error;time.phase
# - 
#   name: geom_model_gaussian2_sigma
#   datatype: float32
[...]
#   datatype: float32
#   description: "Secondary eclipse: uncertainty of \\texttt{derivedSecondaryEclDuration}"
#   meta:
#     ucd: stat.error;time.duration
# - 
#   name: derived_secondary_ecl_depth
#   datatype: float32
#   unit: mag
#   description: "Secondary eclipse: depth"
#   meta:
#     ucd: src.var.amplitude
# - 
#   name: derived_secondary_ecl_depth_error
#   datatype: float32
#   unit: mag
#   description: "Secondary eclipse: uncertainty of \\texttt{derivedSecondaryEclDepth}"
#   meta:
#     ucd: stat.error;src.var.amplitude
solution_id,source_id,global_ranking,reference_time,frequency,frequency_error,geom_model_reference_level,geom_model_reference_level_error,geom_model_gaussian1_phase,geom_model_gaussian1_phase_error,geom_model_gaussian1_sigma,geom_model_gaussian1_sigma_error,geom_model_gaussian1_depth,geom_model_gaussian1_depth_error,geom_model_gaussian2_phase,geom_model_gaussian2_phase_error,geom_model_gaussian2_sigma,geom_model_gaussian2_sigma_error,geom_model_gaussian2_depth,geom_model_gaussian2_depth_error,geom_model_cosine_half_period_amplitude,geom_model_cosine_half_period_amplitude_error,geom_model_cosine_half_period_phase,geom_model_cosine_half_period_phase_error,model_type,num_model_parameters,reduced_chi2,derived_primary_ecl_phase,derived_primary_ecl_phase_error,derived_primary_ecl_duration,derived_primary_ecl_duration_error,derived_primary_ecl_depth,derived_primary_ecl_depth_error,derived_secondary_ecl_phase,derived_secondary_ecl_phase_error,derived_secondary_ecl_duration,derived_secondary_ecl_duration_error,derived_secondary_ecl_depth,derived_secondary_ecl_depth_error
[from data line 329]
375316653866487564,5937338879924029696,0.46256444,2110.061999019237,2.7364275341763835,6.589307E-5,19.52319,0.119710684,0.29740244,0.03627078,0.11588742,0.06053544,0.33964705,0.09363467,0.78929067,0.011981316,0.084930666,0.02887873,0.45024726,0.10835547,null,null,null,null,"TWOGAUSSIANS",8,6.9708476,0.78929067,0.011981316,0.4,0.0,0.41975388,0.05031988,0.29740244,0.03627078,0.4,0.0,0.3090894,0.06897687
375316653866487564,5937339395320174208,0.55360293,2105.674462204806,0.5239293644714897,1.5541642E-5,19.31214,0.0051604654,0.20926017,0.013343088,0.024507232,0.03516368,0.16991949,0.12313322,0.7092375,0.0016087367,0.027049784,0.0010210008,0.9148022,0.052331477,null,null,null,null,"TWOGAUSSIANS",8,2.7440476,0.7092375,0.0016087367,0.15147878,0.005717605,0.9148022,0.052331477,0.20926017,0.013343088,0.1372405,0.1969166,0.16991949,0.123133235
375316653866487564,5937339979456506880,0.5936887,2159.754651135853,0.5443343327077914,3.4048066E-6,17.017399,0.0011643792,0.24463667,0.016733749,0.020651797,0.009797442,0.052362803,0.015219783,0.7435725,0.0021425982,0.019750752,0.0012889154,0.211664,0.00573905,null,null,null,null,"TWOGAUSSIANS",8,1.7622582,0.7435725,0.0021425982,0.11060421,0.007217926,0.211664,0.00573905,0.24463667,0.016733749,0.11565006,0.054865677,0.052362803,0.015219783
375316653866487564,5937341560004155392,0.54148483,2151.0320458357396,2.4237910523518598,1.1145604E-5,17.073385,0.10538873,0.17833646,0.0042455373,0.09848406,0.034603745,0.31039107,0.09144505,0.65302545,0.0057043354,0.10736569,0.03350746,0.29265958,0.097787134,null,null,null,null,"TWOGAUSSIANS",8,15.899214,0.17835645,0.004455412,0.4,0.0,0.28724113,0.025617607,0.65302545,0.0057043354,0.4,0.0,0.26949412,0.028929308
375316653866487564,5937341590032690304,0.49408388,2148.8590196512796,2.2095666114817147,1.5943566E-5,18.007996,0.122826606,0.23697229,0.0044904533,0.12303784,0.04616261,0.18279305,0.11856824,0.74069184,0.0068479497,0.11753765,0.045540508,0.18238856,0.11757372,null,null,null,null,"TWOGAUSSIANS",8,3.3339498,0.23695229,0.0045648343,0.4,0.0,0.14206035,0.008617222,0.7407219,0.006732785,0.4,0.0,0.14170809,0.008504892
375316653866487564,5937342174149702272,0.5396629,2138.056443093811,1.4153760800725395,1.13871565E-5,18.006317,0.010020973,0.24090971,0.004636552,0.09237571,0.010515551,0.1424122,0.009251793,0.7251408,0.0047343266,0.10016766,0.0060042506,0.2600831,0.013489797,null,null,null,null,"TWOGAUSSIANS",8,3.3808565,0.7251408,0.0047343266,0.4,0.0,0.2493736,0.010784619,0.24090971,0.0046468903,0.4,0.0,0.13170516,0.006161159
375316653866487564,5937343445464939392,0.5315274,2125.527117058709,0.5914128092702143,5.7019256E-6,19.303757,0.004759894,0.3187543,0.007907143,0.039299916,0.009516471,0.059497785,0.013784379,0.8148082,6.768464E-4,0.02904343,0.0012312593,0.36323774,0.0054956223,null,null,null,null,"TWOGAUSSIANS",8,1.3785355,0.8148082,6.768464E-4,0.16264321,0.0068950523,0.36323774,0.0054956223,0.3187543,0.007907143,0.22007953,0.053292237,0.059497785,0.013784379
375316653866487564,5937344274403334016,0.47004235,2141.371004473004,2.0421877091701544,4.160757E-5,19.605518,0.058372732,0.17254508,0.013431593,0.119752295,0.03623501,0.22211461,0.051426344,0.67472,0.009581162,0.09709323,0.023679541,0.24221194,0.055117078,null,null,null,null,"TWOGAUSSIANS",8,1.5754796,0.67472994,0.009595671,0.4,0.0,0.21092036,0.017817464,0.17254508,0.013431593,0.4,0.0,0.19075088,0.024452241
375316653866487564,5937344583668096640,0.5439032,2186.174697184591,1.344091725194719,1.3449229E-5,18.018929,0.008555112,0.26910558,8.2463655E-4,0.06525592,0.0022575126,0.58056563,0.034414005,0.7750897,0.0066744993,0.09072918,0.006167537,0.24820349,0.01931848,null,null,null,null,"TWOGAUSSIANS",8,5.9676757,0.26910558,8.2463655E-4,0.36543316,0.012642071,0.57700104,0.03470887,0.7750897,0.0066744993,0.4,0.0,0.24463876,0.019444695
375316653866487564,5937347985253991168,0.49947444,2082.662726608539,2.370634461178848,1.4224819E-5,19.579786,0.039127726,0.23768097,0.004706161,0.0907236,0.010994731,0.3909437,0.03671462,0.735061,0.007844521,0.09478466,0.015203265,0.32158014,0.039916012,null,null,null,null,"TWOGAUSSIANS",8,2.345188,0.23768097,0.004706161,0.4,0.0,0.37294963,0.024444949,0.735061,0.007844521,0.4,0.0,0.30358568,0.031386446
375316653866487564,5937348324542914048,0.54126656,2133.741587770614,0.25521864948721695,6.1650035E-6,17.892351,0.008425964,0.14375721,0.001639824,0.018158395,0.0012648082,0.9349499,0.05567386,0.6354649,0.00307183,0.018018985,0.0037439258,0.31436583,0.08372881,0.059192903,0.016451783,0.14375721,0.001639824,"TWOGAUSSIANS_WITH_ELLIPSOIDAL_ON_ECLIPSE1",9,30.592121,0.14375721,0.001639824,0.101687014,0.0070829256,1.0533355,0.061116163,0.6355449,0.0030728027,0.10090632,0.020965986,0.43243352,0.08737393
375316653866487564,5937348981687580160,0.50100315,2118.519437198595,2.0246542397185348,2.5442321E-5,19.951225,0.019128498,0.26984218,0.0046595484,0.059025094,0.016069327,0.3664779,0.07376103,0.7529899,0.012842742,0.060615156,0.014712687,0.32656065,0.021507287,null,null,null,null,"TWOGAUSSIANS",8,1.7583839,0.26984218,0.0046595484,0.33054054,0.08868884,0.36641666,0.074304394,0.7529899,0.012842742,0.33944488,0.082391046,0.3264994,0.021479473
375316653866487564,5937350076893681792,0.49706227,2128.838273367583,2.5206775507937693,1.7635413E-5,19.499828,0.023089394,0.25854585,0.006953451,0.09327334,0.009744628,0.36503583,0.026733508,0.75465894,0.0044788197,0.09672276,0.009117318,0.3510164,0.020453703,null,null,null,null,"TWOGAUSSIANS",8,2.2268553,0.25854585,0.006953451,0.4,0.0,0.3437906,0.020202614,0.75465894,0.0044788197,0.4,0.0,0.32977045,0.013979219
375316653866487564,5937350454851396736,0.47694463,2153.7708959510223,1.1847747649954086,2.9996967E-5,19.833883,0.014287698,0.17476518,0.010699314,0.07543823,0.015741438,0.23042925,0.021103986,0.64946425,0.005599226,0.08020405,0.00633287,0.27728802,0.0238033,null,null,null,null,"TWOGAUSSIANS",8,1.651541,0.64946425,0.005599226,0.4,0.0,0.27558506,0.022756811,0.17476518,0.010699314,0.4,0.0030536726,0.22872628,0.020897547
375316653866487564,5937352997467421568,0.4899192,2145.350365583311,1.507960925005684,1.3543176E-5,18.93439,0.0066760853,0.2932587,0.0028228948,0.05923869,0.005872003,0.23242411,0.016534513,0.79182667,0.003059792,0.061703652,0.0074510803,0.1023297,0.013664791,null,null,null,null,"TWOGAUSSIANS",8,2.179634,0.2932587,0.0028228948,0.33173668,0.032883216,0.23236784,0.016568555,0.79182667,0.003059792,0.34554046,0.04172605,0.10227343,0.013672305
375316653866487564,5937354268777681024,0.48386467,2092.560642043256,1.1105387570909921,8.361505E-5,18.998732,0.004249637,0.38486657,0.0114748115,0.033525966,0.013316396,0.060105167,0.015710894,0.5893707,0.0037696061,0.0071243667,0.0017776912,0.5639966,0.41047773,null,null,null,null,"TWOGAUSSIANS",8,2.2120616,0.5893707,0.0037696061,0.03989645,0.009955071,0.5639966,0.41047773,0.38486657,0.0114748115,0.1877454,0.07457182,0.060105167,0.015710894
375316653866487564,5937355780611583616,0.5118037,2136.1232701373588,0.5507825798315262,8.815375E-5,19.41528,0.005243667,0.21376587,0.014711592,0.014546798,0.0048260777,0.8532657,0.5461911,0.6046692,0.025216313,0.045559507,0.016460262,0.10118686,0.04004067,null,null,null,null,"TWOGAUSSIANS",8,2.0772254,0.21376587,0.014711592,0.08146207,0.027026035,0.8532657,0.5461911,0.6046692,0.025216313,0.25513324,0.09217747,0.10118686,0.04004067
375316653866487564,5937356850067703424,0.50314176,2149.6817351125633,2.9473781980981477,1.8129567E-5,19.57032,0.013232084,0.3298782,0.004546839,0.06568329,0.0075864852,0.4067228,0.037192594,0.8294588,0.01202584,0.059024867,0.012085695,0.19070612,0.019567313,null,null,null,null,"TWOGAUSSIANS",8,2.5411098,0.3298782,0.004546839,0.3678264,0.042484317,0.4065425,0.037319694,0.8294588,0.01202584,0.33053926,0.06767989,0.1905258,0.019553576
375316653866487564,5937357365483977600,0.49695674,2165.297937803626,0.4597296658797426,5.896926E-5,17.38531,0.0023330424,0.5993462,0.006250149,0.017800635,0.007692998,0.3465596,0.38897246,0.90563667,0.13088597,0.07313684,0.1972228,0.003447541,43.419453,null,null,null,null,"TWOGAUSSIANS",8,7.0241246,0.5993462,0.006250149,0.09968355,0.043080788,0.34656015,0.3889655,0.90563667,0.13088597,0.4,0.97740084,0.003447541,43.419453
375316653866487564,5937357876556188416,0.506616,2157.681237210939,1.7400019697193925,3.654306E-5,19.61575,0.02611821,0.2841931,0.0154438205,0.07358089,0.034189496,0.21485643,0.053083785,0.7753202,0.007926928,0.08344663,0.012279712,0.41468254,0.038508445,null,null,null,null,"TWOGAUSSIANS",8,2.1350212,0.7753202,0.007926928,0.4,0.0,0.41150552,0.03986996,0.2841931,0.0154438205,0.4,0.04264325,0.21167944,0.063271284
375316653866487564,5937364031278968064,0.5967825,2155.5910920256692,2.295244972320892,6.372283E-6,18.531645,0.012046363,0.24092892,0.001927134,0.054185364,0.0046088872,0.2586118,0.027036756,0.73805976,0.0048207226,0.050627593,0.006758155,0.33456218,0.050101843,0.106722824,0.013594723,0.24092892,0.001927134,"TWOGAUSSIANS_WITH_ELLIPSOIDAL_ON_ECLIPSE1",9,2.191233,0.7383898,0.0041461093,0.28351453,0.037845667,0.5479389,0.055199053,0.24092892,0.001927134,0.30343804,0.025809769,0.47204992,0.012872627
375316653866487564,5937364095663263360,0.60298544,2189.1748020412406,1.107419834784887,8.561007E-6,16.950735,0.009833901,0.23807715,0.0031927389,0.05277185,0.0073449533,0.19523184,0.023789573,0.7286605,0.0025440857,0.0541071,0.0072991513,0.11936055,0.021549871,0.08729448,0.012298467,0.7286605,0.0025440857,"TWOGAUSSIANS_WITH_ELLIPSOIDAL_ON_ECLIPSE2",9,9.104028,0.23652716,0.0022243217,0.29552236,0.04113174,0.3693059,0.025775637,0.7286605,0.0025440857,0.30299976,0.04087525,0.29394498,0.00869594
375316653866487564,5937364477934215040,0.43856472,2157.3021552064943,2.7454985022530622,4.027557E-5,19.718828,0.026598338,0.3045316,0.008948406,0.08542869,0.017569466,0.38476157,0.051942766,0.7915899,0.009163296,0.060124904,0.0068847868,0.3658946,0.05497646,null,null,null,null,"TWOGAUSSIANS",8,7.8474507,0.3045316,0.008948406,0.4,0.0,0.38327065,0.053366277,0.7915899,0.009163296,0.33669946,0.038554806,0.36440372,0.054435875
375316653866487564,5937365062049587712,0.50591815,2167.7345987280773,2.497918696221407,2.5231093E-5,19.497166,0.017877653,0.25691307,0.006692089,0.079081744,0.007811717,0.43806952,0.035404466,0.7513603,0.0067439144,0.07474002,0.0086757485,0.45566383,0.021265386,null,null,null,null,"TWOGAUSSIANS",8,5.7594533,0.7513603,0.0067439144,0.4,0.0,0.45163584,0.02012533,0.25691307,0.006692089,0.4,0.0,0.4340415,0.035239715
375316653866487564,5937365336927657856,0.5059637,2143.9646333097508,3.819589628489935,1.714037E-5,19.382355,0.028656852,0.17227179,0.0040389104,0.09891711,0.014430705,0.21467608,0.024936281,0.6571352,0.0076596863,0.08550498,0.012958871,0.26202545,0.039480086,null,null,null,null,"TWOGAUSSIANS",8,1.3026767,0.6571352,0.0076596863,0.4,0.0,0.25255033,0.0363913,0.17227179,0.0040389104,0.4,0.0,0.20519942,0.01574106
375316653866487564,5937365543085976832,0.5122153,2145.162964901873,1.3199494194217172,1.7056876E-5,19.756132,0.014838769,0.25910306,0.0023520812,0.085810274,0.004810673,0.56363094,0.026712025,0.7631151,0.012429643,0.07707965,0.011041412,0.37713376,0.045168333,null,null,null,null,"TWOGAUSSIANS",8,2.3097067,0.25910306,0.0023520812,0.4,0.0,0.5558799,0.027832195,0.7631151,0.012429643,0.4,0.0091588395,0.3693828,0.04537283
375316653866487564,5937366195921334400,0.6232939,2171.444494380284,2.0743065483592327,3.092375E-6,18.244076,0.004475158,0.3048129,0.0010817521,0.07416729,0.0021573678,0.455814,0.012987606,0.8067667,0.00134331,0.07620397,0.0014234711,0.45918417,0.009223368,null,null,null,null,"TWOGAUSSIANS",8,1.9041423,0.8067667,0.00134331,0.4,0.0,0.45570278,0.009205387,0.3048129,0.0010817521,0.4,0.0,0.45233262,0.013300607
375316653866487564,5937366535207755520,0.48835176,2153.7003661955555,2.1453486491194345,1.6344022E-5,19.753824,0.04216263,0.33048904,0.007224451,0.09762528,0.017006464,0.3046958,0.038445838,0.8299905,0.008978744,0.08077074,0.022084134,0.20953126,0.036171723,null,null,null,null,"TWOGAUSSIANS",8,2.00619,0.33048904,0.007224451,0.4,0.0,0.2946986,0.02527673,0.8299905,0.008978744,0.4,0.013514859,0.19953525,0.026891422
375316653866487564,5937366878805148544,0.4407758,2176.8732237664617,4.67260809357052,1.0743796E-5,19.37914,0.18937054,0.056905366,6.5759843E-4,0.023803813,0.0023310618,0.2672226,0.037823234,0.52565587,0.012476985,0.3011483,0.036276415,0.47539902,0.18152365,null,null,null,null,"TWOGAUSSIANS",8,3.5492773,0.057215367,6.870224E-4,0.13330135,0.013053945,0.2632511,0.039512135,0.52565587,0.012476985,0.4,0.0,0.2333729,0.017547384
375316653866487564,5937367639046602240,0.45385423,2192.7951068488915,0.37499378673763467,1.0912413E-4,16.679937,9.569516E-4,0.2672929,0.021535074,0.037851203,0.010672695,0.012701158,0.0089481305,0.55360186,0.006986739,0.017042965,0.00577604,0.05724619,0.008919955,null,null,null,null,"TWOGAUSSIANS",8,3.4779341,0.55360186,0.006986739,0.095440604,0.032345824,0.05724619,0.008919955,0.2672929,0.021535074,0.21196674,0.059767094,0.012701158,0.0089481305
375316653866487564,5937367948284888320,0.55630136,2206.314463748275,2.9619919685924914,7.5169914E-6,18.797672,0.0149435485,0.31933862,0.004925185,0.07835749,0.0057404605,0.48215324,0.024349047,0.813381,0.0019978194,0.07387361,0.005026174,0.4239985,0.021118997,null,null,null,null,"TWOGAUSSIANS",8,3.20002,0.31933862,0.004925185,0.4,0.0,0.47853735,0.024239032,0.813381,0.0019978194,0.4,0.0077680107,0.42038262,0.021273883
375316653866487564,5937370314776577664,0.47608057,2189.097401452039,1.5369240814542753,2.9226749E-5,19.00407,0.039874118,0.239078,0.006518033,0.10199042,0.01632342,0.20732762,0.0382133,0.7380317,0.00790588,0.12499616,0.036993213,0.13008061,0.03403964,null,null,null,null,"TWOGAUSSIANS",8,1.6738111,0.239078,0.006538388,0.4,0.0,0.17988412,0.009686602,0.7380317,0.00790588,0.4,0.0,0.10255234,0.009363952
375316653866487564,5937371452977705984,0.45379522,2176.3228808056515,1.2396925537499217,4.8439466E-5,14.217648,0.0066064564,0.63289607,0.020414738,0.13069743,0.031232491,0.04216641,0.0064093424,0.75378305,2.664372E-4,0.0057085045,4.2421464E-4,0.2345476,0.0057009086,null,null,null,null,"TWOGAUSSIANS",8,502.09244,0.75378305,2.664372E-4,0.031967625,0.002375602,0.26198292,0.0066888365,0.63289607,0.020414738,0.4,0.0,0.04211044,0.0062664635
375316653866487564,5937373097918259968,0.552579,2190.621927646428,2.061607824291585,1.1021473E-5,19.382767,0.021943416,0.26128548,0.0041659945,0.08684373,0.007462345,0.47520608,0.03084195,0.77358717,0.007246487,0.07828966,0.009267107,0.4616896,0.023772148,null,null,null,null,"TWOGAUSSIANS",8,2.4162788,0.26128548,0.0041659945,0.4,0.0,0.46759576,0.03126067,0.77358717,0.007246487,0.4,0.0,0.45407933,0.020844266
375316653866487564,5937373510235127296,0.45878217,2111.1566567819477,0.058666374401091785,2.787523E-5,19.324375,0.029723603,0.2009754,0.01472966,0.098844424,0.029027006,0.136936,0.032629117,0.7083436,0.008839419,0.060265016,0.014596421,0.31755248,0.038942114,null,null,null,null,"TWOGAUSSIANS",8,4.40501,0.7083436,0.008839419,0.3374841,0.08173996,0.31533802,0.03922523,0.2009754,0.01472966,0.4,0.0,0.13472074,0.029495705
375316653866487564,5937373789439738624,0.4957539,2161.6330755050617,3.4681867898990677,2.1606425E-5,15.511108,0.019117963,0.28232482,0.0053612962,0.10497006,0.013628037,0.21650757,0.017752435,0.78122497,0.0040911953,0.093163684,0.00823816,0.20837799,0.019170707,null,null,null,null,"TWOGAUSSIANS",8,124.3503,0.28232482,0.0053612962,0.4,0.0,0.19917323,0.01649355,0.78122497,0.0040911953,0.4,0.0,0.19104855,0.009563173
