Gaia/vari_eclipsing_binary/VariEclipsingBinary_251248-251438.csv
# %ECSV 1.0
# ---
# delimiter: ','
# meta: !!omap
# - RELEASE: Gaia DR3
# - TABLE: vari_eclipsing_binary
# - DESCRIPTION: >
#     This table describes the properties of the eclipsing binaries resulting from the variability analysis. 
# - CITATION: >
#     How to cite and acknowledge Gaia: 
#     https://gea.esac.esa.int/archive/documentation/credits.html 
# - KNOWN_ISSUES: >
#     Known issues: 
#     https://www.cosmos.esa.int/web/gaia-users/known-issues 
# - DOCUMENTATION: >
#     Tutorials and documentation: 
#     https://www.cosmos.esa.int/web/gaia-users/archive 
# datatype:
# - 
#   name: solution_id
#   datatype: int64
#   description: Solution Identifier
#   meta:
#     ucd: meta.version
# - 
#   name: source_id
#   datatype: int64
#   description: Unique source identifier
#   meta:
#     ucd: meta.id;meta.main
# - 
#   name: global_ranking
#   datatype: float32
#   description: Number between 0 (worst) and 1 (best)
#   meta:
#     ucd: stat.param
# - 
#   name: reference_time
#   datatype: float64
#   unit: d
#   description: Reference time used for the geometric model fit
#   meta:
#     ucd: time.epoch
# - 
#   name: frequency
#   datatype: float64
#   unit: d**-1
#   description: Frequency of geometric model of the eclipsing binary light curve
#   meta:
#     ucd: src.orbital
# - 
#   name: frequency_error
#   datatype: float32
#   unit: d**-1
#   description: "Uncertainty of \\texttt{frequency}"
#   meta:
#     ucd: stat.error
# - 
#   name: geom_model_reference_level
#   datatype: float32
#   unit: mag
#   description: Magnitude reference level of geometric model
#   meta:
#     ucd: phot.mag;em.opt
# - 
#   name: geom_model_reference_level_error
#   datatype: float32
#   unit: mag
#   description: "Uncertainty of \\texttt{geomModelReferenceLevel}"
#   meta:
#     ucd: stat.error;phot.mag;em.opt
# - 
#   name: geom_model_gaussian1_phase
#   datatype: float32
#   description: Phase of the Gaussian 1 component
#   meta:
#     ucd: time.phase
# - 
#   name: geom_model_gaussian1_phase_error
#   datatype: float32
#   description: "Uncertainty of \\texttt{geomModelGaussian1Phase}"
#   meta:
#     ucd: stat.error;time.phase
# - 
#   name: geom_model_gaussian1_sigma
#   datatype: float32
#   description: "Standard deviation [phase] of Gaussian 1 component"
#   meta:
#     ucd: stat.stdev
# - 
#   name: geom_model_gaussian1_sigma_error
#   datatype: float32
#   description: "Uncertainty of \\texttt{geomModelGaussian1Sigma}"
#   meta:
#     ucd: stat.error
# - 
#   name: geom_model_gaussian1_depth
#   datatype: float32
#   unit: mag
#   description: Magnitude depth of Gaussian 1 component
#   meta:
#     ucd: src.var.amplitude
# - 
#   name: geom_model_gaussian1_depth_error
#   datatype: float32
#   unit: mag
#   description: "Uncertainty of \\texttt{geomModelGaussian1Depth}"
#   meta:
#     ucd: stat.error;src.var.amplitude
# - 
#   name: geom_model_gaussian2_phase
#   datatype: float32
#   description: Phase of Gaussian 2 component
#   meta:
#     ucd: time.phase
# - 
#   name: geom_model_gaussian2_phase_error
#   datatype: float32
#   description: "Uncertainty of \\texttt{geomModelGaussian2Phase}"
#   meta:
#     ucd: stat.error;time.phase
# - 
#   name: geom_model_gaussian2_sigma
#   datatype: float32
[...]
#   datatype: float32
#   description: "Secondary eclipse: uncertainty of \\texttt{derivedSecondaryEclDuration}"
#   meta:
#     ucd: stat.error;time.duration
# - 
#   name: derived_secondary_ecl_depth
#   datatype: float32
#   unit: mag
#   description: "Secondary eclipse: depth"
#   meta:
#     ucd: src.var.amplitude
# - 
#   name: derived_secondary_ecl_depth_error
#   datatype: float32
#   unit: mag
#   description: "Secondary eclipse: uncertainty of \\texttt{derivedSecondaryEclDepth}"
#   meta:
#     ucd: stat.error;src.var.amplitude
solution_id,source_id,global_ranking,reference_time,frequency,frequency_error,geom_model_reference_level,geom_model_reference_level_error,geom_model_gaussian1_phase,geom_model_gaussian1_phase_error,geom_model_gaussian1_sigma,geom_model_gaussian1_sigma_error,geom_model_gaussian1_depth,geom_model_gaussian1_depth_error,geom_model_gaussian2_phase,geom_model_gaussian2_phase_error,geom_model_gaussian2_sigma,geom_model_gaussian2_sigma_error,geom_model_gaussian2_depth,geom_model_gaussian2_depth_error,geom_model_cosine_half_period_amplitude,geom_model_cosine_half_period_amplitude_error,geom_model_cosine_half_period_phase,geom_model_cosine_half_period_phase_error,model_type,num_model_parameters,reduced_chi2,derived_primary_ecl_phase,derived_primary_ecl_phase_error,derived_primary_ecl_duration,derived_primary_ecl_duration_error,derived_primary_ecl_depth,derived_primary_ecl_depth_error,derived_secondary_ecl_phase,derived_secondary_ecl_phase_error,derived_secondary_ecl_duration,derived_secondary_ecl_duration_error,derived_secondary_ecl_depth,derived_secondary_ecl_depth_error
[from data line 545]
375316653866487564,2211324630304354688,0.62036824,2210.199141462023,1.6545098564981369,4.5869647E-6,15.714997,0.0028051015,0.19777821,0.0017012008,0.09477993,0.0023573244,0.20908944,0.0030413345,0.69770354,0.0012487877,0.083525404,0.0017170382,0.21426006,0.003152915,null,null,null,null,"TWOGAUSSIANS",8,6.8798385,0.69770354,0.0012487877,0.4,0.0,0.20599495,0.0026475398,0.19777821,0.0017012008,0.4,0.0,0.20082396,0.002436848
375316653866487564,2211325794234667904,0.5778483,2187.0425943739583,3.3551061222205742,9.429569E-6,19.27478,0.008754312,0.24706092,0.004805951,0.06477051,0.0053427024,0.50836253,0.012318454,0.74847364,0.0030330464,0.07575972,0.0040917625,0.5170096,0.012604765,null,null,null,null,"TWOGAUSSIANS",8,2.367635,0.74847364,0.0030330464,0.4,0.0,0.5152504,0.012509525,0.24706092,0.004805951,0.3627149,0.029919133,0.5066033,0.0118957525
375316653866487564,2211325794235713792,0.49421412,2214.018984521243,0.2867400207943895,1.1107267E-5,19.167694,0.003066916,0.5072181,2.486527E-5,0.0074499454,1.0282435E-4,0.54236174,0.005646212,0.74422544,7.4582454E-4,0.004207781,0.0013837327,0.4719943,0.5018417,null,null,null,null,"TWOGAUSSIANS",8,1.2288982,0.5072181,2.486527E-5,0.041719694,5.758164E-4,0.54236174,0.005646212,0.74422544,7.4582454E-4,0.023563573,0.007748903,0.4719943,0.5018417
375316653866487564,2211327379085260288,0.49506825,2182.1866042776705,3.101173931282597,1.2536201E-5,17.902077,0.23633167,0.22228514,0.005483244,0.16620885,0.08924994,0.18679015,0.23016365,0.7221306,0.005638553,0.14347267,0.06149759,0.18204516,0.20791025,null,null,null,null,"TWOGAUSSIANS",8,2.0833788,0.22229514,0.005582998,0.4,0.0,0.08781957,0.0047198855,0.7221306,0.005691204,0.4,0.0,0.08628359,0.00638555
375316653866487564,2211327409155044992,0.5444998,2181.0366374553046,2.2152710339495174,1.1624259E-5,18.565166,0.005413118,0.22577827,0.0033291355,0.07466479,0.0040548057,0.35330492,0.010698773,0.7295872,0.0026461629,0.07968298,0.0026882323,0.32686934,0.010296356,null,null,null,null,"TWOGAUSSIANS",8,3.4231682,0.22577827,0.0033291355,0.4,0.0,0.3500102,0.010862705,0.7295872,0.0026461629,0.4,0.0,0.32357463,0.010349591
375316653866487564,2211328268147668608,0.54942286,2214.426548263376,3.0140438475240745,1.8872212E-5,19.807909,0.012630015,0.17203975,0.00417581,0.064957015,0.007246697,0.49590546,0.03876498,0.66031617,0.0049104043,0.066966064,0.008783952,0.53240097,0.026248075,null,null,null,null,"TWOGAUSSIANS",8,2.0515559,0.66031617,0.0049104043,0.37500995,0.0448543,0.53184515,0.026488723,0.17203975,0.00417581,0.3637593,0.040581502,0.49534965,0.039048
375316653866487564,2211328822192382208,0.6372302,2186.375070002867,2.1692515501765044,2.5828338E-6,16.711403,0.005744117,0.23448576,6.7445065E-4,0.052128363,0.0021600053,0.21403213,0.014144501,0.73231035,0.001620296,0.05892118,0.0033621525,0.20105855,0.014460839,0.092061065,0.008870198,0.23448576,6.7445065E-4,"TWOGAUSSIANS_WITH_ELLIPSOIDAL_ON_ECLIPSE1",9,7.0476456,0.23448576,6.7445065E-4,0.29191884,0.01209603,0.39812976,0.0056861024,0.73275036,0.0012796179,0.32995862,0.018828053,0.38512868,0.006561717
375316653866487564,2211329745619277056,0.47902334,2206.7876056033865,0.8276619075114178,6.3616855E-5,19.424196,0.0045615565,0.19205762,0.0318435,0.026899653,0.01485052,0.11021967,0.058104254,0.6489568,0.022304704,0.033817578,0.0076473798,0.4458442,0.123696685,0.009437293,0.0068028006,0.19205762,0.0318435,"TWOGAUSSIANS_WITH_ELLIPSOIDAL_ON_ECLIPSE1",9,2.2999165,0.64911675,0.022182722,0.18937844,0.042825326,0.46337283,0.12242496,0.19205762,0.0318435,0.15063806,0.08316291,0.12909426,0.0672123
375316653866487564,2211330093502995840,0.46547338,2213.4595175564696,1.424817142615025,1.8035176E-5,12.891805,0.0066765295,0.2821839,0.044808477,0.022216111,0.020102184,0.84577847,932.409,0.7741538,0.0048879893,0.015040022,0.0036741765,0.11723751,0.054161277,0.010971154,0.009913239,0.2821839,0.044808477,"TWOGAUSSIANS_WITH_ELLIPSOIDAL_ON_ECLIPSE1",9,1350.5249,0.2821839,0.044808477,0.12441022,0.11257223,0.8677208,932.41327,0.77418387,0.0048611914,0.08422413,0.020575387,0.13912417,0.05579863
375316653866487564,2211330123575356416,0.4394061,2194.8320726704064,0.13015822550791997,3.1668333E-5,18.483313,0.027797667,0.3038295,3.4080195E-4,0.009949647,0.002009894,0.25803503,0.033847395,0.7574616,0.008659621,0.13246185,0.017195145,0.2915931,0.034678165,null,null,null,null,"TWOGAUSSIANS",8,10.144311,0.7574616,0.008659621,0.4,0.0,0.29112077,0.034514453,0.3038395,3.2930565E-4,0.055718023,0.011255407,0.25844976,0.033535834
375316653866487564,2211331497952706432,0.49018532,2198.5654782467527,2.6339216509450125,1.3508141E-5,19.096428,0.01317509,0.3021867,0.0076684146,0.05951411,0.0061396016,0.48403138,0.02080387,0.81429785,0.0082218,0.06703125,0.009337378,0.46331704,0.032856885,null,null,null,null,"TWOGAUSSIANS",8,11.852206,0.3021867,0.0076684146,0.333279,0.03438177,0.48376912,0.020683225,0.81429785,0.0082218,0.37537497,0.041674383,0.46305478,0.033009496
375316653866487564,2211332086367822208,0.5205279,2215.1595583146805,1.0753681564150708,1.3178479E-5,16.230448,0.0045088427,0.26820242,0.004350828,0.106610894,0.008475568,0.07790083,0.004456829,0.76566577,0.00521422,0.078424156,0.0064469404,0.11028986,0.007389784,null,null,null,null,"TWOGAUSSIANS",8,5.3369274,0.76566577,0.00521422,0.4,0.0,0.105863474,0.007086624,0.26820242,0.004350828,0.4,0.0,0.07347182,0.003206079
375316653866487564,2211332464324942336,0.455672,2214.017021915912,1.942658149810978,4.6615558E-5,16.786947,0.008677426,0.2920171,0.03399982,0.10859576,0.069373205,0.041240588,0.010029761,0.7895257,0.018839674,0.050552227,0.013634006,0.16788988,0.035917986,null,null,null,null,"TWOGAUSSIANS",8,30.731873,0.7895257,0.018839674,0.28309247,0.07635043,0.1671101,0.035704788,0.2920171,0.03399982,0.4,0.09161673,0.04045873,0.010297631
375316653866487564,2211334830846186752,0.55173767,2187.8476069059006,2.115731756747981,6.198081E-6,19.38335,0.009861513,0.32797685,0.00744995,0.07078103,0.0073495135,0.43173644,0.06375519,0.81982267,0.0016589779,0.06280377,0.003844118,0.4636509,0.025838587,null,null,null,null,"TWOGAUSSIANS",8,2.149739,0.81982267,0.0016589779,0.3517011,0.021527061,0.46300843,0.026053928,0.32797685,0.00744995,0.39637375,0.024490302,0.43109396,0.064371146
375316653866487564,2211335110024766848,0.617742,2195.1435033127827,1.3583393427571813,1.2149894E-5,15.848814,0.0034273218,0.2953086,0.0023537339,0.04238728,0.00309406,0.45664006,0.028680377,0.7967588,0.0019769846,0.037376665,0.0031021698,0.09201954,0.0075996434,0.02344375,0.0047454503,0.2953086,0.0023537339,"TWOGAUSSIANS_WITH_ELLIPSOIDAL_ON_ECLIPSE1",9,14.796993,0.2953086,0.0023537339,0.23736878,0.017326737,0.50352746,0.03205877,0.7967588,0.0019740106,0.20930932,0.017372152,0.13890304,0.0032275901
375316653866487564,2211337102889588608,0.64855,2231.358221181165,0.2576437589333943,1.03270995E-5,13.934203,8.168442E-4,0.23475046,3.7537824E-4,0.012383647,8.6637365E-4,0.31504786,0.020119332,0.7314221,0.0013519643,0.018387623,9.792632E-4,0.3145039,0.0151256975,null,null,null,null,"TWOGAUSSIANS",8,20.3709,0.23475046,3.7537824E-4,0.069348425,0.0048516924,0.31504786,0.020119332,0.7314221,0.0013519643,0.10297069,0.005483874,0.3145039,0.0151256975
375316653866487564,2211338442919991040,0.51490533,2212.471686490323,0.6514430097462569,2.0031845E-5,15.7559805,0.0039408724,0.27532047,0.0044793836,0.023245906,0.0052407132,0.19312821,0.08531486,null,null,null,null,null,null,0.07481158,0.0059646643,0.27532047,0.0044793836,"ONEGAUSSIAN_WITH_ELLIPSOIDAL",6,67.00869,0.27532047,0.0044793836,0.13017708,0.029347995,0.34275115,0.08824391,null,null,null,null,null,null
375316653866487564,2211340676302993792,0.52197975,2212.088797246202,0.18067882885668457,1.0114982E-6,16.587389,0.005291807,0.35150468,3.093178E-7,0.001051342,8.310819E-6,5.2495227,0.14350751,0.66772974,0.04218164,0.019297618,0.052798647,0.028019156,0.019232936,null,null,null,null,"TWOGAUSSIANS",8,31.08722,0.35150468,3.093178E-7,0.0058875154,4.6540586E-5,5.2495227,0.14350744,0.66772974,0.04218164,0.10806667,0.29567242,0.028019156,0.019232936
375316653866487564,2211343833100588160,0.481492,2243.500313753312,2.944006034567949,1.433871E-5,19.050135,0.021013383,0.24272154,0.0042553423,0.09462551,0.010855596,0.21707174,0.02049294,0.751947,0.005274719,0.10872131,0.016547224,0.206232,0.016367452,null,null,null,null,"TWOGAUSSIANS",8,1.6130521,0.24271154,0.00426005,0.4,0.0,0.19877787,0.015354707,0.751947,0.005274719,0.4,0.0,0.18792725,0.015589862
375316653866487564,2211344387148200192,0.50080955,2191.759221380445,3.5867468380632266,2.1806558E-5,19.87732,0.013239064,0.25139248,0.006561976,0.09603049,0.008060793,0.3355367,0.014917753,0.7386094,0.005994221,0.0890725,0.009651856,0.27323538,0.030740963,null,null,null,null,"TWOGAUSSIANS",8,0.6238174,0.25139248,0.006561976,0.4,0.0,0.3224467,0.01181883,0.7386094,0.005994221,0.4,0.0,0.26014635,0.033255305
375316653866487564,2211345108710453376,0.52616286,2215.4803378393035,1.3006248369726001,1.3694948E-5,19.452618,0.0034669638,0.095034584,0.0041419184,0.0052587586,0.0048458357,0.078849345,3.055216,0.40310714,0.015218548,0.01935071,0.0055689383,0.5409765,0.28277674,null,null,null,null,"TWOGAUSSIANS",8,0.78393817,0.40310714,0.015218548,0.10836398,0.031186054,0.5409765,0.28277674,0.095034584,0.0041419184,0.029449048,0.02713668,0.078849345,3.055216
375316653866487564,2211345383587051904,0.43050978,2206.4706332502706,0.24383178652690476,3.612542E-5,16.172781,0.1452565,0.13703041,0.009010848,0.13788432,0.03864277,0.35809058,0.17600074,0.63252664,0.013286283,0.25320107,0.06570542,0.50224495,0.13770957,null,null,null,null,"TWOGAUSSIANS",8,92.819626,0.63252664,0.013286283,0.4,0.0,0.1272654,0.021976622,0.13938041,0.0072614653,0.4,0.0,0.12474183,0.016993005
375316653866487564,2211346620537731200,0.74097896,2196.03162193759,0.15783300276328058,1.0116785E-6,13.86376,2.9097477E-4,0.17474629,2.7269705E-8,0.0026229802,2.3874263E-6,1.4728034,0.0027139382,0.68875086,0.012838888,0.010729513,0.0041454984,0.54436475,0.37622058,null,null,null,null,"TWOGAUSSIANS",8,3.9998484,0.17474629,2.7269705E-8,0.014688688,1.3369588E-5,1.4728034,0.0027139382,0.68875086,0.012838888,0.060085274,0.023214791,0.54436475,0.37622058
375316653866487564,2211346719318703616,0.46126747,2184.252110878203,0.7581620318037201,4.813403E-5,18.711369,0.012731302,0.1901747,0.0417095,0.07259397,0.018481981,0.11120792,0.05752431,0.4815096,0.0053146705,0.022953061,0.0068156673,0.8348462,0.35488245,null,null,null,null,"TWOGAUSSIANS",8,17.39836,0.4815096,0.0053146705,0.12853715,0.038167737,0.8348816,0.35487404,0.1901747,0.0417095,0.4,0.08099493,0.11120792,0.05752431
375316653866487564,2211347372159051904,0.6090152,2148.274451331766,1.0295758384519833,7.373014E-6,17.955126,0.0019261336,0.28575364,7.7496906E-4,0.031289246,0.0013747764,0.36946517,0.020511685,0.7888991,0.045260098,0.028337136,0.0195375,0.13243836,0.1634437,0.02252656,0.0029491053,0.28575364,7.7496906E-4,"TWOGAUSSIANS_WITH_ELLIPSOIDAL_ON_ECLIPSE1",9,2.02848,0.28575364,7.7496906E-4,0.17521979,0.007698748,0.4145182,0.022677183,0.7888991,0.04421855,0.15868796,0.109409995,0.1774738,0.16152692
375316653866487564,2211347445171435264,0.4421853,2203.0424601621708,0.10489244858627983,1.8720406E-5,19.708025,0.021731244,0.2599631,0.008312337,0.018984135,0.0102050435,0.41918513,0.06665023,0.7534922,0.004905336,0.025448408,0.0048395107,0.39211327,0.04785902,null,null,null,null,"TWOGAUSSIANS",8,9.2471,0.2599631,0.008312337,0.106311165,0.057148244,0.41918513,0.06665023,0.7534922,0.004905336,0.14251108,0.02710126,0.39211327,0.04785902
375316653866487564,2211348712183887232,0.56398517,2188.698245793371,3.897288715749791,1.3699319E-5,18.416412,0.010581092,0.25832996,0.0031674774,0.08184208,0.005268448,0.41398987,0.025967354,0.7593242,0.00436347,0.07595608,0.0075431922,0.40182492,0.021221261,null,null,null,null,"TWOGAUSSIANS",8,5.6604567,0.25832996,0.0031674774,0.4,0.0,0.40871003,0.027225193,0.7593242,0.00436347,0.4,0.0,0.39654508,0.022081925
375316653866487564,2211350911203533952,0.5112783,2195.0088137896273,4.312352937360711,7.933153E-5,19.865004,0.005676618,0.5750835,0.015551553,0.019574622,0.0046352996,0.74385965,0.5185988,0.41879874,0.013687281,0.07124718,0.025576312,0.05481712,0.011142938,null,null,null,null,"TWOGAUSSIANS",8,0.70241696,0.5750035,0.015576878,0.109617874,0.025957678,0.7488095,0.5170065,0.41879874,0.013687281,0.39898422,0.11414066,0.05481712,0.011142939
375316653866487564,2211351701481176832,0.5032395,2213.954988957092,1.8860827677792185,1.4139362E-5,17.924688,0.016072191,0.18604574,0.007687163,0.071687214,0.016948894,0.13509208,0.014931453,0.6549218,0.006799689,0.09823287,0.016829005,0.22607353,0.029112134,null,null,null,null,"TWOGAUSSIANS",8,5.2801366,0.6549218,0.006799689,0.4,0.0,0.22335829,0.03212299,0.18604574,0.0077012703,0.4,0.029393489,0.13237949,0.011352203
375316653866487564,2211353178950866816,0.50704175,2214.889459510339,2.93681134438773,1.3920179E-5,19.583788,0.012837227,0.13203076,0.003889125,0.08357658,0.0070520598,0.36810717,0.021270206,0.6326791,0.0067100367,0.08855288,0.008069256,0.3398425,0.028247736,null,null,null,null,"TWOGAUSSIANS",8,1.6447963,0.13203076,0.003889125,0.4,0.0,0.35783103,0.022876497,0.6326791,0.0067100367,0.4,0.0,0.32956627,0.029018845
375316653866487564,2211357542636706944,0.53527963,2190.2037618807717,3.1804408244171842,6.585108E-6,17.944029,0.007202913,0.18675981,0.0029874963,0.03741703,0.029942319,0.15888683,1.83460194E16,0.71989375,0.03763174,0.06054335,0.029776655,0.09283162,0.05429375,0.1401474,0.0115932,0.18675981,0.0029874963,"TWOGAUSSIANS_WITH_ELLIPSOIDAL_ON_ECLIPSE1",9,19.265306,0.18675981,0.0029874963,0.20953538,0.16767699,0.43917885,1.83460194E16,0.71989375,0.03763174,0.33904278,0.16674927,0.36114967,0.065600365
375316653866487564,2211362181202346240,0.51062214,2186.323468129959,3.0852756789036873,1.8720833E-5,19.698248,0.04278514,0.26321065,0.0077984766,0.10682604,0.01944095,0.30818442,0.03743082,0.78409934,0.010682118,0.078940034,0.023664307,0.31947133,0.033703722,null,null,null,null,"TWOGAUSSIANS",8,1.7946001,0.78410935,0.010703767,0.4,0.0052578025,0.30737,0.024220858,0.26321065,0.0077984766,0.4,0.0,0.29606777,0.025322303
375316653866487564,2211363869126150272,0.5561448,2155.517189562141,0.501111330906205,1.7090786E-5,17.670933,0.0013563586,0.89742744,0.0012638664,0.025387708,0.0026869178,0.20435145,0.0055884817,null,null,null,null,null,null,null,null,null,null,"ONEGAUSSIAN",5,1.8615817,0.89742744,0.0012638664,0.14217116,0.015046739,0.20435145,0.0,null,null,null,null,null,null
375316653866487564,2211365892050752640,0.4853439,2192.865475734668,0.4425132687562792,1.3919737E-5,19.252096,0.011079686,0.09226425,0.012817598,0.030035479,0.015848618,0.7066285,8367.057,0.620424,0.05433593,0.047149964,0.055588733,0.046627034,0.08811956,null,null,null,null,"TWOGAUSSIANS",8,2.2376583,0.09226425,0.012817598,0.16819869,0.08875226,0.7066285,8367.057,0.620424,0.05433593,0.26403978,0.24699073,0.046627034,0.08812073
375316653866487564,2211367545618446464,0.5632578,2192.2575169268025,1.2196315210635231,5.4056072E-5,17.635302,0.006615212,0.25065628,0.0020450416,0.023283841,0.0015971503,0.69708455,0.12089626,0.76894695,0.008334449,0.025452476,0.0063874046,0.8454195,1.0329901,null,null,null,null,"TWOGAUSSIANS",8,18.732872,0.76894695,0.008334449,0.14253387,0.035769466,0.8454195,1.0329901,0.25065628,0.0020450416,0.13038951,0.008944042,0.69708455,0.12089626
