Gaia/vari_eclipsing_binary/VariEclipsingBinary_471197-471212.csv
# %ECSV 1.0
# ---
# delimiter: ','
# meta: !!omap
# - RELEASE: Gaia DR3
# - TABLE: vari_eclipsing_binary
# - DESCRIPTION: >
#     This table describes the properties of the eclipsing binaries resulting from the variability analysis. 
# - CITATION: >
#     How to cite and acknowledge Gaia: 
#     https://gea.esac.esa.int/archive/documentation/credits.html 
# - KNOWN_ISSUES: >
#     Known issues: 
#     https://www.cosmos.esa.int/web/gaia-users/known-issues 
# - DOCUMENTATION: >
#     Tutorials and documentation: 
#     https://www.cosmos.esa.int/web/gaia-users/archive 
# datatype:
# - 
#   name: solution_id
#   datatype: int64
#   description: Solution Identifier
#   meta:
#     ucd: meta.version
# - 
#   name: source_id
#   datatype: int64
#   description: Unique source identifier
#   meta:
#     ucd: meta.id;meta.main
# - 
#   name: global_ranking
#   datatype: float32
#   description: Number between 0 (worst) and 1 (best)
#   meta:
#     ucd: stat.param
# - 
#   name: reference_time
#   datatype: float64
#   unit: d
#   description: Reference time used for the geometric model fit
#   meta:
#     ucd: time.epoch
# - 
#   name: frequency
#   datatype: float64
#   unit: d**-1
#   description: Frequency of geometric model of the eclipsing binary light curve
#   meta:
#     ucd: src.orbital
# - 
#   name: frequency_error
#   datatype: float32
#   unit: d**-1
#   description: "Uncertainty of \\texttt{frequency}"
#   meta:
#     ucd: stat.error
# - 
#   name: geom_model_reference_level
#   datatype: float32
#   unit: mag
#   description: Magnitude reference level of geometric model
#   meta:
#     ucd: phot.mag;em.opt
# - 
#   name: geom_model_reference_level_error
#   datatype: float32
#   unit: mag
#   description: "Uncertainty of \\texttt{geomModelReferenceLevel}"
#   meta:
#     ucd: stat.error;phot.mag;em.opt
# - 
#   name: geom_model_gaussian1_phase
#   datatype: float32
#   description: Phase of the Gaussian 1 component
#   meta:
#     ucd: time.phase
# - 
#   name: geom_model_gaussian1_phase_error
#   datatype: float32
#   description: "Uncertainty of \\texttt{geomModelGaussian1Phase}"
#   meta:
#     ucd: stat.error;time.phase
# - 
#   name: geom_model_gaussian1_sigma
#   datatype: float32
#   description: "Standard deviation [phase] of Gaussian 1 component"
#   meta:
#     ucd: stat.stdev
# - 
#   name: geom_model_gaussian1_sigma_error
#   datatype: float32
#   description: "Uncertainty of \\texttt{geomModelGaussian1Sigma}"
#   meta:
#     ucd: stat.error
# - 
#   name: geom_model_gaussian1_depth
#   datatype: float32
#   unit: mag
#   description: Magnitude depth of Gaussian 1 component
#   meta:
#     ucd: src.var.amplitude
# - 
#   name: geom_model_gaussian1_depth_error
#   datatype: float32
#   unit: mag
#   description: "Uncertainty of \\texttt{geomModelGaussian1Depth}"
#   meta:
#     ucd: stat.error;src.var.amplitude
# - 
#   name: geom_model_gaussian2_phase
#   datatype: float32
#   description: Phase of Gaussian 2 component
#   meta:
#     ucd: time.phase
# - 
#   name: geom_model_gaussian2_phase_error
#   datatype: float32
#   description: "Uncertainty of \\texttt{geomModelGaussian2Phase}"
#   meta:
#     ucd: stat.error;time.phase
# - 
#   name: geom_model_gaussian2_sigma
#   datatype: float32
[...]
#   datatype: float32
#   description: "Secondary eclipse: uncertainty of \\texttt{derivedSecondaryEclDuration}"
#   meta:
#     ucd: stat.error;time.duration
# - 
#   name: derived_secondary_ecl_depth
#   datatype: float32
#   unit: mag
#   description: "Secondary eclipse: depth"
#   meta:
#     ucd: src.var.amplitude
# - 
#   name: derived_secondary_ecl_depth_error
#   datatype: float32
#   unit: mag
#   description: "Secondary eclipse: uncertainty of \\texttt{derivedSecondaryEclDepth}"
#   meta:
#     ucd: stat.error;src.var.amplitude
solution_id,source_id,global_ranking,reference_time,frequency,frequency_error,geom_model_reference_level,geom_model_reference_level_error,geom_model_gaussian1_phase,geom_model_gaussian1_phase_error,geom_model_gaussian1_sigma,geom_model_gaussian1_sigma_error,geom_model_gaussian1_depth,geom_model_gaussian1_depth_error,geom_model_gaussian2_phase,geom_model_gaussian2_phase_error,geom_model_gaussian2_sigma,geom_model_gaussian2_sigma_error,geom_model_gaussian2_depth,geom_model_gaussian2_depth_error,geom_model_cosine_half_period_amplitude,geom_model_cosine_half_period_amplitude_error,geom_model_cosine_half_period_phase,geom_model_cosine_half_period_phase_error,model_type,num_model_parameters,reduced_chi2,derived_primary_ecl_phase,derived_primary_ecl_phase_error,derived_primary_ecl_duration,derived_primary_ecl_duration_error,derived_primary_ecl_depth,derived_primary_ecl_depth_error,derived_secondary_ecl_phase,derived_secondary_ecl_phase_error,derived_secondary_ecl_duration,derived_secondary_ecl_duration_error,derived_secondary_ecl_depth,derived_secondary_ecl_depth_error
[from data line 302]
375316653866487564,4144763768444701824,0.5496532,2308.4361549786922,1.2709777314208257,1.495656E-5,17.762857,0.0041873637,0.2171204,0.0021276705,0.062851645,0.004814508,0.24878119,0.014166265,0.6933892,0.007193485,0.056050006,0.0094416,0.13232647,0.024125678,null,null,null,null,"TWOGAUSSIANS",8,3.5993419,0.2171204,0.0021276705,0.35196918,0.026961245,0.24875863,0.014180448,0.6933892,0.007193485,0.31388003,0.05287296,0.13230392,0.02414988
375316653866487564,4144763841485028736,0.46862966,2250.979777779868,1.0444448576575127,2.766899E-5,19.109598,0.011013778,0.10138003,0.025578514,0.018388435,0.013907035,0.1684183,0.059208103,0.7836094,0.06492371,0.08161292,0.025943236,0.4657691,0.48231548,null,null,null,null,"TWOGAUSSIANS",8,4.323665,0.7836094,0.06492371,0.4,0.011710822,0.46576908,0.48230588,0.10136003,0.025602918,0.10297524,0.07787939,0.16865619,0.05932009
375316653866487564,4144764696163075200,0.44312152,2272.3058077807364,0.08910156688712864,2.6267488E-5,18.58313,0.7792577,0.3135803,0.004546289,0.25857207,0.1091863,1.0387367,0.7677255,0.8247203,0.010736645,0.09081412,0.012717399,0.7674635,0.20320006,null,null,null,null,"TWOGAUSSIANS",8,10.116273,0.82655036,0.010847672,0.4,0.0,0.48927626,0.04946553,0.3135803,0.004546289,0.4,0.0,0.44045794,0.022602132
375316653866487564,4144764867962136064,0.630559,2350.263464942799,2.4124171961763805,9.505566E-6,18.555403,0.012573011,0.26735112,0.004191381,0.03700598,0.002226004,0.33601433,0.0262713,0.7581411,0.0044553955,0.050629046,0.0064552436,0.35367703,0.030292764,0.13592584,0.018700806,0.26735112,0.004191381,"TWOGAUSSIANS_WITH_ELLIPSOIDAL_ON_ECLIPSE1",9,2.4186306,0.75938106,0.0034916971,0.28352267,0.036149364,0.6247396,0.031338595,0.26735112,0.004191381,0.20723347,0.012465621,0.6078641,0.014422512
375316653866487564,4144765078496740864,0.54197514,2385.792031786966,1.3061611385462264,2.851788E-5,18.344267,0.012635582,0.23705013,0.0046632527,0.080195785,0.0053000995,0.25468677,0.017502902,0.7353231,0.005758581,0.092004254,0.010023709,0.19268131,0.012696361,null,null,null,null,"TWOGAUSSIANS",8,3.240583,0.23705013,0.0046632527,0.4,0.0,0.2484256,0.015634352,0.7353231,0.005758581,0.4,0.0,0.18642,0.011534388
375316653866487564,4144765250234058496,0.5562779,2279.880969987879,2.272829059122625,7.986147E-6,18.792576,0.02020837,0.2845113,0.0031379913,0.072953135,0.007348743,0.22701056,0.018614363,0.78330547,0.03924056,0.06976579,0.032757256,0.31188053,0.012938142,null,null,null,null,"TWOGAUSSIANS",8,1.4947306,0.78330547,0.03924056,0.39068842,0.019143341,0.3107695,0.012034327,0.2845113,0.0031368507,0.4,0.0021037548,0.22589952,0.014113726
375316653866487564,4144765628191444352,0.5199065,2262.538143684528,0.45340029707542234,1.14334056E-4,18.998135,0.006003611,0.20116805,0.033360943,0.04676236,0.048096895,0.35601836,3.36400947E9,0.7102065,0.011619935,0.02507902,0.004663259,2.0241303,1.2698654,null,null,null,null,"TWOGAUSSIANS",8,7.395004,0.7102065,0.011619935,0.1404425,0.02611425,2.0241303,1.2698654,0.20116805,0.033360943,0.26186922,0.2693426,0.35601836,3.36400947E9
375316653866487564,4144765765630133248,0.51813763,2339.080006351703,2.265834978224847,1.9302188E-5,19.816267,0.013412705,0.29850253,0.009423343,0.039229248,0.009206841,0.27515852,0.0876293,0.72743267,0.014884108,0.045238636,0.10309813,0.05444117,0.032268386,0.14172475,0.02440773,0.72743267,0.014884108,"TWOGAUSSIANS_WITH_ELLIPSOIDAL_ON_ECLIPSE2",9,2.7619708,0.29122254,0.011905399,0.21968378,0.05155831,0.51076055,0.1021222,0.72743267,0.014884108,0.25333637,0.14683986,0.33788833,0.026195854
375316653866487564,4144765834349762048,0.50398684,2301.897869721829,1.4011601376763292,2.1405447E-5,18.66528,0.02861667,0.314567,0.007498173,0.046607245,0.015722731,0.22501954,0.09684396,0.8106436,0.006355579,0.036759224,0.011568396,0.14167827,0.0694086,0.08436924,0.038892552,0.314567,0.007498173,"TWOGAUSSIANS_WITH_ELLIPSOIDAL_ON_ECLIPSE1",9,15.129571,0.314567,0.007498173,0.26100057,0.08804729,0.3937579,0.10327429,0.8110836,0.0055029625,0.20585166,0.06478302,0.31032568,0.025866471
375316653866487564,4144766040508306816,0.52544266,2257.3861825860877,2.033650959940126,2.2149887E-5,19.259592,0.017541014,0.26013148,0.009126655,0.06461862,0.009572622,0.48352388,0.026881503,0.74460864,0.04573755,0.077059016,0.028481433,0.24328563,0.023844352,null,null,null,null,"TWOGAUSSIANS",8,3.6719081,0.26013148,0.009126655,0.36186427,0.047108952,0.48264647,0.027239153,0.74460864,0.04573755,0.4,0.122415565,0.2424082,0.023335319
375316653866487564,4144766109289073792,0.50576645,2272.7834569894626,2.6385066027425053,2.0210742E-5,19.600096,0.056627735,0.26362166,0.008149151,0.08905582,0.013238815,0.4489559,0.05595909,0.7530009,0.007204871,0.09359961,0.013639593,0.44043934,0.054735754,null,null,null,null,"TWOGAUSSIANS",8,2.9976952,0.26362166,0.008149151,0.4,0.0,0.43109965,0.038822778,0.7530009,0.007204871,0.4,0.0,0.4225826,0.03687366
375316653866487564,4144766727764184064,0.6019199,2307.9486585385207,0.4019550330857346,1.2405065E-5,11.49224,0.0018418245,0.25862333,0.0050428463,0.032488078,0.002474065,0.12242741,0.004901208,0.7622787,0.0062010796,0.044089478,0.008338183,0.06829619,0.0058748377,0.028502112,0.0020960844,0.25862333,0.0050428463,"TWOGAUSSIANS_WITH_ELLIPSOIDAL_ON_ECLIPSE1",9,38.456894,0.25862333,0.0050428463,0.18193324,0.0138547635,0.1794316,0.007719274,0.7622787,0.0062010796,0.24690108,0.046693824,0.1252703,0.005096573
375316653866487564,4144766796422987520,0.63092554,2347.987101569068,1.3823490359811585,4.280859E-6,18.101229,0.004367554,0.16195598,0.0055276453,0.063805744,0.006679456,0.09176068,0.020936234,0.6500301,0.0010318521,0.05107808,0.0017382643,0.42073265,0.015966471,null,null,null,null,"TWOGAUSSIANS",8,1.9351577,0.6500301,0.0010318521,0.28603724,0.00973428,0.42071548,0.01596589,0.16195598,0.0055276453,0.35731217,0.037404954,0.0917435,0.020940917
375316653866487564,4144767002581147776,0.46083447,2320.4864192062005,2.0460529819418247,3.9479255E-5,18.647087,0.34708247,0.26906115,0.013237358,0.12741469,0.05299238,0.29188773,0.30672193,0.78661066,0.012170189,0.14273252,0.079929106,0.25407937,0.34022978,null,null,null,null,"TWOGAUSSIANS",8,4.2626395,0.26843116,0.011394443,0.4,0.0,0.2068986,0.035771124,0.78696066,0.010940951,0.4,0.0,0.16819444,0.01746723
375316653866487564,4144767449269276288,0.649207,2337.4097267022066,1.0075419672405195,1.088613E-5,17.869957,0.0038126842,0.20491229,0.004343848,0.045098305,0.004395956,0.12301585,0.01496721,0.7076982,0.0017908657,0.032907147,0.0010792654,1.1742308,0.04380938,null,null,null,null,"TWOGAUSSIANS",8,5.3380656,0.7076982,0.0017908657,0.18428004,0.0060438863,1.1742308,0.04380938,0.20491229,0.004343848,0.2525505,0.024617355,0.12301585,0.014967211
375316653866487564,4144767483678836096,0.6318607,2347.558634674434,1.2739779475315263,1.786223E-5,13.640752,0.014165096,0.23336454,0.005956412,0.042750422,0.0099307895,0.14588332,0.04177799,0.73820317,0.0025584786,0.047692742,0.040315945,0.100587204,0.048562385,0.12936227,0.016992545,0.73820317,0.0025584786,"TWOGAUSSIANS_WITH_ELLIPSOIDAL_ON_ECLIPSE2",9,146.30093,0.23435454,0.0049732407,0.23940237,0.05561242,0.40441692,0.033604857,0.73820317,0.0025584786,0.26707935,0.14855716,0.35931116,0.06633594
375316653866487564,4144767754210437760,0.608425,2303.9160588478007,2.7838893720735967,2.0805152E-5,18.744762,0.029859357,0.2241949,0.004599463,0.08935914,0.008526033,0.37281018,0.030792434,0.71323264,0.0179999,0.10491152,0.019814897,0.45902577,0.09915877,null,null,null,null,"TWOGAUSSIANS",8,1.652832,0.71323264,0.0179999,0.4,0.0,0.43286,0.108654276,0.2242049,0.004597732,0.4,0.0,0.3466563,0.018434415
375316653866487564,4144768273952495360,0.55026716,2304.714595044525,2.4841175865999245,1.2868529E-5,19.33103,0.016982442,0.25887284,0.0016720867,0.06757024,0.004613067,0.38961837,0.014391861,0.76882863,0.006641478,0.07940204,0.0087144505,0.3124379,0.02637071,null,null,null,null,"TWOGAUSSIANS",8,1.3900445,0.25887284,0.0016720867,0.37839335,0.025833176,0.3879453,0.013854239,0.76882863,0.006641478,0.4,0.0,0.31076482,0.026080932
375316653866487564,4144768789348876288,0.56196284,2353.4293005824893,2.296155726355692,1.575766E-5,18.024952,0.03107952,0.28356114,0.007903621,0.10045894,0.017853793,0.25179964,0.021399222,0.77905625,0.009347689,0.08999713,0.018665941,0.15934688,0.02834145,null,null,null,null,"TWOGAUSSIANS",8,3.587327,0.28356114,0.007903621,0.4,0.0,0.23970045,0.015593389,0.77905625,0.009347689,0.4,0.0,0.14724977,0.011542581
375316653866487564,4144769235964844416,0.56586605,2345.736952169237,2.1503597391155074,1.3774896E-5,18.7314,0.01792665,0.21655644,0.005649362,0.078624785,0.0075457846,0.28071806,0.022862226,0.7152549,0.006295059,0.08928719,0.009634482,0.38977587,0.018192345,null,null,null,null,"TWOGAUSSIANS",8,2.9127996,0.7152549,0.006295059,0.4,0.0,0.3820408,0.014544467,0.21655644,0.005649362,0.4,0.0,0.2729831,0.018614804
375316653866487564,4144769369095566080,0.5235194,2343.8335195307786,0.6991234866630439,1.1934131E-4,17.015793,0.013887011,0.13012433,0.009405805,0.037328664,0.0058259997,0.3399751,0.2694537,0.79803985,0.041126467,0.119606175,0.09333242,0.085973956,0.024164496,null,null,null,null,"TWOGAUSSIANS",8,10.369932,0.12995432,0.009237753,0.20904052,0.032625597,0.34176725,0.26920655,0.79803985,0.041126467,0.4,0.0,0.085940994,0.029975101
375316653866487564,4144769540889929088,0.4481515,2306.4442103494926,1.031169416320143,4.3279397E-5,19.611,0.17403337,0.35183138,0.018230781,0.14190784,0.07976762,0.22104745,0.15897653,0.8360996,0.02001477,0.11999035,0.038837,0.1922586,0.16606897,null,null,null,null,"TWOGAUSSIANS",8,1.9626431,0.35194138,0.018010283,0.4,0.0,0.16166875,0.0324563,0.8360996,0.02001477,0.4,0.0,0.13375896,0.026850253
375316653866487564,4144769545202694656,0.5535937,2321.551761786484,1.891100618273264,1.8895384E-5,18.951195,0.017606104,0.16157298,0.0028831554,0.10035714,0.009211233,0.2561018,0.01823197,0.6543079,0.004070282,0.105009,0.016027244,0.17318301,0.013442816,null,null,null,null,"TWOGAUSSIANS",8,0.8995166,0.16157298,0.002882945,0.4,0.0,0.2363555,0.015043253,0.6543079,0.004070282,0.4,0.0,0.15343459,0.0074136853
375316653866487564,4144769613982255616,0.5310607,2302.6784994750747,2.5305192796984244,2.1705366E-5,19.355999,0.016493982,0.3574256,0.011794397,0.06678499,0.023348065,0.28043538,0.037345875,0.86029637,0.0019038745,0.07196688,0.0046401885,0.39295715,0.019847874,null,null,null,null,"TWOGAUSSIANS",8,2.9556706,0.86029637,0.0019038745,0.4,0.005587989,0.3920196,0.01967553,0.3574256,0.011794397,0.373996,0.13074917,0.27949783,0.03783281
375316653866487564,4144770777869649792,0.56103295,2331.741239886008,0.8346931094427885,2.3846987E-5,17.497965,0.020148387,0.22231677,0.0025005944,0.08619369,0.0048099873,0.3140922,0.021801604,0.727188,0.012447044,0.087318435,0.013948431,0.2608426,0.027905585,null,null,null,null,"TWOGAUSSIANS",8,12.970827,0.22231677,0.0025005944,0.4,0.0,0.305799,0.014856028,0.727188,0.012447044,0.4,0.0,0.2525494,0.023701863
375316653866487564,4144771366268678528,0.5544513,2313.3034221509624,2.8022087951195926,1.1861747E-5,17.487503,0.010555179,0.20056842,0.0027778912,0.07425586,0.004404424,0.36336815,0.018499333,0.6944985,0.004524075,0.073847756,0.00476174,0.35012764,0.0293551,null,null,null,null,"TWOGAUSSIANS",8,11.293945,0.20056842,0.0027778912,0.4,0.0,0.36128822,0.01855688,0.6944985,0.004524075,0.4,6.3669984E-4,0.3480477,0.029362325
375316653866487564,4144771469347916416,0.50050193,2282.47915200203,2.0575872937321185,3.2815027E-5,19.375921,0.017753009,0.29056713,0.013204641,0.089571215,0.040534213,0.13117379,0.011706805,0.78993016,0.005654618,0.0852265,0.011161678,0.18637645,0.020227892,null,null,null,null,"TWOGAUSSIANS",8,0.78206915,0.78993016,0.005654618,0.4,0.0,0.18124025,0.016595766,0.29056713,0.013204641,0.4,0.0,0.12603757,0.024222573
375316653866487564,4144771533759378176,0.71656615,2345.4957363519175,1.8300190895089476,4.629897E-6,17.39624,0.009617376,0.26924515,9.759114E-4,0.05579866,0.00431619,0.3224631,0.018749673,0.77557665,0.0032844604,0.059892543,0.0047791945,0.2612807,0.019637838,0.12975788,0.011188515,0.26924515,9.759114E-4,"TWOGAUSSIANS_WITH_ELLIPSOIDAL_ON_ECLIPSE1",9,1.461745,0.26924515,9.759114E-4,0.3124725,0.024170661,0.5819362,0.009565571,0.77557665,0.0032844604,0.33539823,0.026763488,0.5203433,0.009442574
375316653866487564,4144771984746325632,0.5057325,2319.7313800454062,2.0779379958912085,4.029901E-5,19.961378,0.010644929,0.26346833,0.0069879154,0.038175076,0.007985052,0.36567214,0.06667436,0.7599586,0.015370535,0.062754,0.019543296,0.22110327,0.081192896,null,null,null,null,"TWOGAUSSIANS",8,1.729619,0.26346833,0.0069879154,0.21378043,0.04471629,0.3656701,0.06667785,0.7599586,0.015370535,0.3514224,0.09029801,0.22110124,0.08121359
375316653866487564,4144772053524694656,0.5603474,2275.100216182585,1.0175564265122896,4.2350184E-5,18.598135,0.018107234,0.3786196,0.014518673,0.042149696,0.01201951,0.5953905,0.1020507,0.8882325,0.017153237,0.070541985,0.025217298,0.09830633,0.028090263,null,null,null,null,"TWOGAUSSIANS",8,6.3864126,0.3786196,0.014518673,0.2360383,0.06730926,0.5953774,0.10207716,0.8882325,0.017153237,0.39503512,0.09438746,0.09829321,0.02807556
375316653866487564,4144772186616196352,0.45587987,2251.146515045284,0.07900979405365043,4.5818913E-5,18.877823,0.66186213,0.23958938,0.023691233,0.25358754,0.1715538,0.710736,0.6020304,0.7546027,0.01054311,0.12891136,0.04255652,0.513647,0.37493992,null,null,null,null,"TWOGAUSSIANS",8,4.3786783,0.7608927,0.0063215983,0.4,0.0,0.22293459,0.03492085,0.23889938,0.022411006,0.4,0.0,0.21627815,0.5094775
375316653866487564,4144772981237732736,0.52587324,2294.908970041798,1.7465725177050537,1.1437406E-5,18.737583,0.023307044,0.23311952,0.0038279633,0.096481025,0.009715702,0.23427896,0.020770025,0.7211926,0.0075272755,0.10995609,0.019973222,0.16683413,0.022158314,null,null,null,null,"TWOGAUSSIANS",8,1.8814303,0.23312952,0.0038210773,0.4,0.0,0.21635795,0.008200853,0.7211926,0.0075272755,0.4,0.0,0.14890186,0.01453552
375316653866487564,4144773221692263040,0.51567215,2267.1365780156666,3.240737096168282,1.3482573E-5,18.90526,0.008503271,0.21398997,0.0046560788,0.088770114,0.0052989856,0.2549143,0.00935512,0.72920465,0.0044843704,0.08287836,0.00430288,0.27151498,0.017107066,null,null,null,null,"TWOGAUSSIANS",8,2.2337098,0.72920465,0.0044843704,0.4,0.0,0.26570857,0.016479053,0.21398997,0.0046560788,0.4,0.0,0.24910778,0.008186196
375316653866487564,4144773290411847168,0.4754193,2264.8559538721665,1.4786038568808582,2.9766235E-5,19.486015,0.013051318,0.22485937,0.009756968,0.06120343,0.01687793,0.3422943,0.13353461,0.72626495,0.005731245,0.056192856,0.00911961,0.31989974,0.04419645,null,null,null,null,"TWOGAUSSIANS",8,3.9714057,0.22485937,0.009756968,0.34273922,0.06378008,0.3422219,0.13389234,0.72626495,0.005731245,0.31468,0.05106982,0.31982732,0.044236362
375316653866487564,4144773462210258944,0.5597815,2302.015654917722,1.9895156471354,1.0444931E-5,18.236053,0.15059477,0.25589663,0.0036974128,0.120933376,0.029084487,0.3269666,0.14353032,0.7579483,0.0024147022,0.12440274,0.033552617,0.30745968,0.14408818,null,null,null,null,"TWOGAUSSIANS",8,1.4002197,0.25587663,0.003672671,0.4,0.0,0.24909061,0.008142639,0.7579583,0.0024659573,0.4,0.0,0.22951952,0.009658361
375316653866487564,4144773840231229952,0.6036277,2257.7730310331062,2.5235449849655702,1.037475E-5,17.608458,0.03876435,0.26720032,0.002854283,0.102055505,0.0103172725,0.36927277,0.036883593,0.77149177,0.006046949,0.10508477,0.01354217,0.3662817,0.038844384,null,null,null,null,"TWOGAUSSIANS",8,4.5377603,0.26720032,0.0028430452,0.4,0.0,0.33130702,0.008406412,0.77149177,0.006053278,0.4,0.0,0.32831153,0.009878589
