Gaia/vari_eclipsing_binary/VariEclipsingBinary_674404-674415.csv
# %ECSV 1.0
# ---
# delimiter: ','
# meta: !!omap
# - RELEASE: Gaia DR3
# - TABLE: vari_eclipsing_binary
# - DESCRIPTION: >
#     This table describes the properties of the eclipsing binaries resulting from the variability analysis. 
# - CITATION: >
#     How to cite and acknowledge Gaia: 
#     https://gea.esac.esa.int/archive/documentation/credits.html 
# - KNOWN_ISSUES: >
#     Known issues: 
#     https://www.cosmos.esa.int/web/gaia-users/known-issues 
# - DOCUMENTATION: >
#     Tutorials and documentation: 
#     https://www.cosmos.esa.int/web/gaia-users/archive 
# datatype:
# - 
#   name: solution_id
#   datatype: int64
#   description: Solution Identifier
#   meta:
#     ucd: meta.version
# - 
#   name: source_id
#   datatype: int64
#   description: Unique source identifier
#   meta:
#     ucd: meta.id;meta.main
# - 
#   name: global_ranking
#   datatype: float32
#   description: Number between 0 (worst) and 1 (best)
#   meta:
#     ucd: stat.param
# - 
#   name: reference_time
#   datatype: float64
#   unit: d
#   description: Reference time used for the geometric model fit
#   meta:
#     ucd: time.epoch
# - 
#   name: frequency
#   datatype: float64
#   unit: d**-1
#   description: Frequency of geometric model of the eclipsing binary light curve
#   meta:
#     ucd: src.orbital
# - 
#   name: frequency_error
#   datatype: float32
#   unit: d**-1
#   description: "Uncertainty of \\texttt{frequency}"
#   meta:
#     ucd: stat.error
# - 
#   name: geom_model_reference_level
#   datatype: float32
#   unit: mag
#   description: Magnitude reference level of geometric model
#   meta:
#     ucd: phot.mag;em.opt
# - 
#   name: geom_model_reference_level_error
#   datatype: float32
#   unit: mag
#   description: "Uncertainty of \\texttt{geomModelReferenceLevel}"
#   meta:
#     ucd: stat.error;phot.mag;em.opt
# - 
#   name: geom_model_gaussian1_phase
#   datatype: float32
#   description: Phase of the Gaussian 1 component
#   meta:
#     ucd: time.phase
# - 
#   name: geom_model_gaussian1_phase_error
#   datatype: float32
#   description: "Uncertainty of \\texttt{geomModelGaussian1Phase}"
#   meta:
#     ucd: stat.error;time.phase
# - 
#   name: geom_model_gaussian1_sigma
#   datatype: float32
#   description: "Standard deviation [phase] of Gaussian 1 component"
#   meta:
#     ucd: stat.stdev
# - 
#   name: geom_model_gaussian1_sigma_error
#   datatype: float32
#   description: "Uncertainty of \\texttt{geomModelGaussian1Sigma}"
#   meta:
#     ucd: stat.error
# - 
#   name: geom_model_gaussian1_depth
#   datatype: float32
#   unit: mag
#   description: Magnitude depth of Gaussian 1 component
#   meta:
#     ucd: src.var.amplitude
# - 
#   name: geom_model_gaussian1_depth_error
#   datatype: float32
#   unit: mag
#   description: "Uncertainty of \\texttt{geomModelGaussian1Depth}"
#   meta:
#     ucd: stat.error;src.var.amplitude
# - 
#   name: geom_model_gaussian2_phase
#   datatype: float32
#   description: Phase of Gaussian 2 component
#   meta:
#     ucd: time.phase
# - 
#   name: geom_model_gaussian2_phase_error
#   datatype: float32
#   description: "Uncertainty of \\texttt{geomModelGaussian2Phase}"
#   meta:
#     ucd: stat.error;time.phase
# - 
#   name: geom_model_gaussian2_sigma
#   datatype: float32
[...]
#   datatype: float32
#   description: "Secondary eclipse: uncertainty of \\texttt{derivedSecondaryEclDuration}"
#   meta:
#     ucd: stat.error;time.duration
# - 
#   name: derived_secondary_ecl_depth
#   datatype: float32
#   unit: mag
#   description: "Secondary eclipse: depth"
#   meta:
#     ucd: src.var.amplitude
# - 
#   name: derived_secondary_ecl_depth_error
#   datatype: float32
#   unit: mag
#   description: "Secondary eclipse: uncertainty of \\texttt{derivedSecondaryEclDepth}"
#   meta:
#     ucd: stat.error;src.var.amplitude
solution_id,source_id,global_ranking,reference_time,frequency,frequency_error,geom_model_reference_level,geom_model_reference_level_error,geom_model_gaussian1_phase,geom_model_gaussian1_phase_error,geom_model_gaussian1_sigma,geom_model_gaussian1_sigma_error,geom_model_gaussian1_depth,geom_model_gaussian1_depth_error,geom_model_gaussian2_phase,geom_model_gaussian2_phase_error,geom_model_gaussian2_sigma,geom_model_gaussian2_sigma_error,geom_model_gaussian2_depth,geom_model_gaussian2_depth_error,geom_model_cosine_half_period_amplitude,geom_model_cosine_half_period_amplitude_error,geom_model_cosine_half_period_phase,geom_model_cosine_half_period_phase_error,model_type,num_model_parameters,reduced_chi2,derived_primary_ecl_phase,derived_primary_ecl_phase_error,derived_primary_ecl_duration,derived_primary_ecl_duration_error,derived_primary_ecl_depth,derived_primary_ecl_depth_error,derived_secondary_ecl_phase,derived_secondary_ecl_phase_error,derived_secondary_ecl_duration,derived_secondary_ecl_duration_error,derived_secondary_ecl_depth,derived_secondary_ecl_depth_error
[from data line 546]
375316653866487564,5932200140605855360,0.5062314,2176.859968453308,2.595167425648329,1.9149049E-5,19.076464,0.010058287,0.22934172,0.0043591554,0.070450395,0.008975688,0.23318131,0.0124826785,0.71276057,0.011614644,0.08113327,0.011877475,0.21037772,0.015225439,null,null,null,null,"TWOGAUSSIANS",8,1.9983499,0.22934172,0.0043591554,0.39452222,0.026410062,0.2318583,0.012423332,0.71276057,0.011614644,0.4,1.3394931E-5,0.20905471,0.01464679
375316653866487564,5932200308056750848,0.44175613,2208.221925952721,0.1208228159482028,3.0390005E-5,18.368767,0.004891576,0.26479414,0.009955049,0.054278202,0.010377062,0.16602257,0.028658202,0.7073376,0.00311139,0.05251048,0.00400293,0.28987557,0.027022464,null,null,null,null,"TWOGAUSSIANS",8,6.2898974,0.7073376,0.00311139,0.2940587,0.022416407,0.28987506,0.027023055,0.26479414,0.009955049,0.30395794,0.058111545,0.16602203,0.028659256
375316653866487564,5932200552959098880,0.6082775,2187.6464174157622,3.0214774268957525,3.701442E-6,17.00238,0.010735103,0.20797597,0.0016243062,0.05139236,0.00705216,0.2655112,0.029416842,0.7062758,0.0029745586,0.0384568,0.006448808,0.16589846,0.02652978,0.10609977,0.015628425,0.20797597,0.0016243062,"TWOGAUSSIANS_WITH_ELLIPSOIDAL_ON_ECLIPSE1",9,8.1567135,0.20797597,0.0016243062,0.28779724,0.039492097,0.47770885,0.036564387,0.7064958,0.0026119403,0.2153581,0.036113326,0.378075,0.016933512
375316653866487564,5932200621678461824,0.4779106,2201.0680966496816,3.6922755675863175,2.7767208E-5,19.057806,0.014754819,0.2871481,0.0039030511,0.079756446,0.0065694363,0.30296507,0.016703043,0.7765005,0.0068186014,0.090172425,0.010827504,0.24741761,0.021484101,null,null,null,null,"TWOGAUSSIANS",8,4.258223,0.2871481,0.0039030511,0.4,0.0,0.29703176,0.0136985425,0.7765005,0.0068186014,0.4,0.0,0.24148418,0.021495875
375316653866487564,5932200686013878912,0.61659503,2259.912464961625,2.748276340658855,8.109864E-6,18.563612,0.020669548,0.2239944,0.003017766,0.03975191,0.0049514533,0.43537503,0.046808183,0.7240826,0.005496821,0.05190285,0.006022595,0.5175801,0.044396807,0.13649036,0.024685608,0.2239944,0.003017766,"TWOGAUSSIANS_WITH_ELLIPSOIDAL_ON_ECLIPSE1",9,5.0889854,0.7240826,0.0052583423,0.29065594,0.033726532,0.79055595,0.014251449,0.2239944,0.003017766,0.22261068,0.027728137,0.70835096,0.03349617
375316653866487564,5932200999600227968,0.44253385,2240.894746101751,0.07229641338106049,2.3433893E-5,18.62804,0.009423798,0.2085508,0.033383667,0.02857315,0.01696516,0.0943937,0.08089325,0.7840892,0.010157192,0.027576732,0.006498824,0.26454267,0.062489122,0.029091675,0.013140888,0.7840892,0.010157192,"TWOGAUSSIANS_WITH_ELLIPSOIDAL_ON_ECLIPSE2",9,13.212066,0.7840892,0.010157192,0.15442969,0.036393415,0.322726,0.06522175,0.2110708,0.030331537,0.16000964,0.095004894,0.14079933,0.08260016
375316653866487564,5932201274477948672,0.51452255,2181.58654543904,2.5415512403618292,2.2341996E-5,18.888884,0.033733323,0.27674347,0.012889717,0.10439671,0.02501309,0.1879171,0.030159576,0.75997186,0.004410826,0.088361375,0.010942843,0.3682813,0.028711284,null,null,null,null,"TWOGAUSSIANS",8,4.2042627,0.75997186,0.004410826,0.4,0.0,0.35446173,0.022211911,0.27674347,0.012889717,0.4,0.0,0.17409258,0.01939319
375316653866487564,5932201274478056448,0.44104555,2171.359007574407,0.08532239487169166,2.7058395E-5,19.725225,0.03991335,0.33909485,0.0034718327,0.06639218,0.0068023005,0.45109767,0.039495282,0.96428424,0.0506573,0.11650741,0.03157527,0.17337325,0.060994085,null,null,null,null,"TWOGAUSSIANS",8,6.4523354,0.33882484,0.003180553,0.37179622,0.03809288,0.45074338,0.037973303,0.96428424,0.0506573,0.4,0.0,0.1720344,0.059659943
375316653866487564,5932201308837858432,0.42526838,2194.661234936282,1.665350090111577,3.3844317E-5,18.489704,0.005411186,0.35249168,0.0047152666,0.0445773,0.007068373,0.14029172,0.021819012,0.83874494,0.013350673,0.016723668,0.018496843,0.03650947,0.038958717,null,null,null,null,"TWOGAUSSIANS",8,4.8034873,0.35249168,0.0047152666,0.24963288,0.039582886,0.14029172,0.021819012,0.83874494,0.013350673,0.09365255,0.103582315,0.03650947,0.038958717
375316653866487564,5932201308873384704,0.54233545,2217.793544004405,0.463642476752058,2.1512446E-5,17.376926,0.005693699,0.17279933,0.06276091,0.015347952,0.017617114,0.081678085,0.3839182,0.7462349,0.0016285924,0.007835541,0.0013502073,0.66434175,0.040093277,null,null,null,null,"TWOGAUSSIANS",8,32.739586,0.7462349,0.0016285924,0.04387903,0.0075611607,0.66434175,0.040093277,0.17279933,0.06276091,0.085948534,0.09865584,0.081678085,0.3839182
375316653866487564,5932201480640069760,0.5036195,2234.841030187459,2.3091362407964,2.1235526E-5,19.581703,0.060018513,0.23399822,0.011754541,0.093736105,0.0250077,0.47541323,0.06273912,0.71596104,0.0038854743,0.09514193,0.020538934,0.48656437,0.06779548,null,null,null,null,"TWOGAUSSIANS",8,1.5185909,0.71596104,0.0038854743,0.4,0.0,0.46419442,0.08745821,0.23399822,0.011756384,0.4,0.0,0.4530438,0.06781114
375316653866487564,5932201686794077312,0.4993333,2202.0069914253927,1.9746189741108566,1.4844282E-5,18.774927,0.011620193,0.2759242,0.0075663906,0.08710795,0.012743818,0.18448956,0.0115848,0.77769977,0.004788744,0.09890538,0.008802917,0.18387021,0.011637602,null,null,null,null,"TWOGAUSSIANS",8,1.3726274,0.2759242,0.0075663906,0.4,0.0,0.1748278,0.0056823455,0.77769977,0.004788744,0.4,0.0,0.17420743,0.008523487
375316653866487564,5932202060403136384,0.56609434,2194.4513373402838,3.0631288202896036,9.378432E-6,18.145826,0.008025232,0.2726579,0.0031962187,0.057563074,0.0047728317,0.20061521,0.022511175,0.79752874,0.0036972398,0.033517025,0.004822155,0.19116192,0.018370083,0.13829124,0.009539471,0.2726579,0.0031962187,"TWOGAUSSIANS_WITH_ELLIPSOIDAL_ON_ECLIPSE1",9,9.468468,0.2726579,0.0031962187,0.3223532,0.026727857,0.47718123,0.01236568,0.79752874,0.0036972398,0.18769534,0.027004069,0.46102867,0.010343579
375316653866487564,5932202167866847360,0.5713196,2182.4953957938983,0.4480233789390137,1.03925195E-5,14.282909,4.1316188E-4,0.20753185,0.0015305788,0.018108549,0.0016803952,0.08564115,0.0029184725,0.70227426,0.008911916,0.018222367,0.0042440663,0.11562209,0.24564503,0.006254679,7.4147695E-4,0.70227426,0.008911916,"TWOGAUSSIANS_WITH_ELLIPSOIDAL_ON_ECLIPSE2",9,7.2792454,0.70227426,0.008911916,0.10204525,0.023766771,0.12813143,0.24609295,0.20751186,0.0015232349,0.10140787,0.009410214,0.0981369,0.002749741
375316653866487564,5932202236550241920,0.4441211,2141.2457071131716,3.2415869940599706,4.9241193E-5,19.609568,0.024893641,0.260583,0.010818221,0.10142658,0.011749798,0.31017867,0.026683161,0.71919143,0.012279861,0.08220884,0.013553841,0.34170455,0.035178468,null,null,null,null,"TWOGAUSSIANS",8,5.9213676,0.71919143,0.012279861,0.4,0.0,0.33337876,0.033192635,0.260583,0.010818221,0.4,0.0,0.30184144,0.020611616
375316653866487564,5932202374025172736,0.41391668,2188.594427353867,4.154354245996612,3.2505603E-5,17.303217,0.0021856406,0.22531776,0.010297931,0.038758013,0.0065509556,0.032242447,0.0055126157,0.4643374,0.012946587,0.049444575,0.0126399305,0.04479332,0.008998742,null,null,null,null,"TWOGAUSSIANS",8,5.4804544,0.4643374,0.012946587,0.27688962,0.070783615,0.04479332,0.008998742,0.22531776,0.010296352,0.21704486,0.03668535,0.032242823,0.005511316
375316653866487564,5932202403965688192,0.4625243,2202.019417272126,2.7534765156203527,3.8449743E-5,16.902594,0.035218783,0.1850848,0.008541355,0.096679926,0.017448878,0.20920773,0.034964327,0.68173385,0.011061469,0.09276963,0.028528662,0.12719692,0.032654345,null,null,null,null,"TWOGAUSSIANS",8,39.937378,0.1850848,0.008541355,0.4,0.0,0.19963704,0.016287236,0.68173385,0.011061469,0.4,0.0,0.117626764,0.018366035
375316653866487564,5932202442744746112,0.54611737,2178.4724042308303,2.0487879739114643,1.2835558E-5,15.94532,0.020635808,0.23762958,0.003313365,0.11219044,0.0144149605,0.13618527,0.020653406,0.74946594,0.0038139827,0.11778363,0.01801866,0.0965996,0.020201277,null,null,null,null,"TWOGAUSSIANS",8,5.3187976,0.23759958,0.00337944,0.4,0.0,0.11711539,0.0068729282,0.749496,0.0037720664,0.4,0.0,0.077518724,0.0046250606
375316653866487564,5932202678872747776,0.5863455,2187.4876470069325,1.014016559317142,7.227185E-6,17.88573,0.017408045,0.32472026,0.0017663265,0.09275317,0.0075540785,0.21011853,0.015263027,0.8280293,0.00469061,0.10706027,0.009221729,0.20430838,0.017107168,null,null,null,null,"TWOGAUSSIANS",8,1.9386196,0.32472026,0.0017663265,0.4,0.0,0.19283588,0.005943381,0.8280293,0.00469061,0.4,0.0,0.18701836,0.0067269322
375316653866487564,5932202683227761664,0.4852597,2189.2048435489487,2.6866469253046814,1.8070807E-5,18.408068,0.018406704,0.26400048,0.006555163,0.039382964,0.009139808,0.29727367,0.12823832,0.76757276,0.013776326,0.033778694,0.011820079,0.2997926,0.09511216,0.12550831,0.034885287,0.26400048,0.006555163,"TWOGAUSSIANS_WITH_ELLIPSOIDAL_ON_ECLIPSE1",9,29.736803,0.76757276,0.013523666,0.18916069,0.06619244,0.5506828,0.06974062,0.26400048,0.006555163,0.22054459,0.051182926,0.5482903,0.119679995
375316653866487564,5932202820666602496,0.5236827,2186.3679680767395,2.965797203324596,2.5215679E-5,18.813122,0.017550142,0.22962895,0.0057727112,0.04183887,0.023815636,0.23965862,0.042294364,0.7494595,0.007341516,0.038053658,0.008784545,0.13775676,0.04493553,0.11403392,0.027728045,0.22962895,0.0057727112,"TWOGAUSSIANS_WITH_ELLIPSOIDAL_ON_ECLIPSE1",9,6.687134,0.22962895,0.0057727112,0.23429768,0.13336755,0.46772626,0.06762603,0.7494595,0.007341516,0.21310048,0.04919345,0.36230195,0.016368784
375316653866487564,5932202885005174912,0.44457924,2218.70178743388,2.2561571880970446,3.8492428E-5,17.968258,0.019909274,0.2462484,0.012211396,0.07462785,0.013266344,0.42340484,0.13219173,0.7425087,0.0040868847,0.070914604,0.010004718,0.45690158,0.10472377,null,null,null,null,"TWOGAUSSIANS",8,48.207367,0.7425087,0.0040868847,0.3971218,0.04587692,0.45470133,0.105949394,0.2462484,0.012211396,0.4,0.03509449,0.42120457,0.13354802
375316653866487564,5932203125520232704,0.4738181,2194.1765208672045,3.039800866317696,3.2159165E-5,15.9931755,0.0015259989,0.3574742,0.0013415532,0.029082112,0.0030352143,0.34217405,0.05623185,0.70479405,0.017029617,0.024901953,0.012925616,0.014211307,0.020030566,null,null,null,null,"TWOGAUSSIANS",8,26.26182,0.3574742,0.0013415532,0.16285983,0.0169972,0.34217405,0.05623185,0.70479405,0.017029617,0.13945094,0.07238345,0.014211307,0.020030566
375316653866487564,5932203129939703168,0.45470107,2200.283823059404,1.9732769848580787,1.3823551E-5,18.903807,0.011538644,0.23052329,0.03197404,0.10535286,0.026566578,0.06079717,0.01702007,0.48679385,0.002022863,0.024326595,0.0028844627,0.3702401,0.2564166,null,null,null,null,"TWOGAUSSIANS",8,3.6998684,0.48679385,0.002022863,0.13622893,0.016152991,0.37339365,0.25662327,0.23052329,0.03197404,0.4,0.0,0.060795605,0.017005144
375316653866487564,5932203198624644992,0.4411531,2184.1987930914042,2.1395712258637074,3.1586715E-5,18.113218,0.0074721486,0.23034762,0.012688297,0.08787037,0.013056883,0.1077626,0.0122808,0.745015,0.008146936,0.08638111,0.010260803,0.12953238,0.01133192,null,null,null,null,"TWOGAUSSIANS",8,8.188556,0.745015,0.008146936,0.4,0.0,0.12652297,0.010668538,0.23034762,0.012688297,0.4,0.0,0.104753174,0.011239426
375316653866487564,5932203297320055936,0.5596396,2210.1409918131017,0.44391613710109,1.6938295E-5,17.080214,0.0031752032,0.13899796,0.0030384448,0.044634666,0.0051382403,0.074165985,0.014277507,0.8747907,0.0010189806,0.008191073,8.4294233E-4,0.75329345,0.24698249,0.026485816,0.005664319,0.8747907,0.0010189806,"TWOGAUSSIANS_WITH_ELLIPSOIDAL_ON_ECLIPSE2",9,4.9221916,0.8747907,0.0010189806,0.04587001,0.0047204774,0.80626506,0.2514328,0.14078796,0.0032235668,0.24995413,0.028774146,0.07463968,0.01443035
375316653866487564,5932203301704136960,0.5565393,2181.357972767383,2.7601232738053416,7.752969E-6,18.844034,0.012632716,0.3392095,0.004294197,0.06982167,0.0055475715,0.45540413,0.035340566,0.82987845,0.0033581783,0.07611405,0.004562147,0.49191606,0.013878848,null,null,null,null,"TWOGAUSSIANS",8,3.3790472,0.82987845,0.0033581783,0.4,0.0,0.48977068,0.013560019,0.3392095,0.004294197,0.39100137,0.020292446,0.45325875,0.03575614
375316653866487564,5932203336098055936,0.55992323,2118.252371035689,2.9598173632174882,8.103561E-6,19.64291,0.013974881,0.2705683,0.0022887257,0.07342533,0.0029745821,0.6137825,0.021450963,0.7774719,0.0039754445,0.07352926,0.005831207,0.4876635,0.028784135,null,null,null,null,"TWOGAUSSIANS",8,1.8154266,0.2705683,0.0022887257,0.4,0.0,0.61093074,0.021092672,0.7774719,0.0039754445,0.4,0.002690147,0.48481172,0.02932652
375316653866487564,5932203439145227264,0.50943124,2179.215194286421,2.150046724799638,2.3495419E-5,18.621607,0.025282167,0.22083054,0.009431846,0.08793649,0.013580788,0.3479817,0.025903337,0.7168556,0.0058599636,0.08791463,0.010391258,0.32457376,0.024797503,null,null,null,null,"TWOGAUSSIANS",8,7.5576153,0.22083054,0.009431846,0.4,0.0,0.33691752,0.021973945,0.7168556,0.0058599636,0.4,0.0,0.31350958,0.01668223
375316653866487564,5932203714055348736,0.48867187,2179.146882832512,1.417069823630821,9.5704636E-5,19.690676,0.014543996,0.34614843,0.011611575,0.04089269,0.022237139,0.73625946,0.23895213,0.1674013,0.06414931,0.03169494,0.035401423,0.14911415,0.08571227,null,null,null,null,"TWOGAUSSIANS",8,2.1205957,0.34614843,0.011666558,0.22899906,0.124527976,0.73625946,0.22981349,0.16744131,0.17000405,0.17749166,0.19824797,0.1491665,0.5545893
375316653866487564,5932203817134621440,0.50129557,2191.24576209367,3.956947766969219,6.303894E-5,16.784586,0.0020983384,0.54274833,0.05280297,0.050879467,0.07694603,0.018123908,0.015723845,0.8658221,0.013041137,0.023135806,0.014356463,0.32066324,0.22607197,null,null,null,null,"TWOGAUSSIANS",8,9.720175,0.8658221,0.013041137,0.12956052,0.0803962,0.32066324,0.22608665,0.54274833,0.05280297,0.284925,0.1742681,0.018123908,0.015727686
375316653866487564,5932204156340713728,0.44517455,2207.364395547431,1.8260972822513315,6.303592E-5,17.965248,0.024698125,0.23397662,0.019395128,0.079395466,0.019278621,0.20641199,0.029053014,0.7015253,0.013168756,0.12005282,0.029050559,0.20115434,0.025889091,null,null,null,null,"TWOGAUSSIANS",8,21.926434,0.23406662,0.019459257,0.4,0.03857639,0.1952859,0.022736993,0.7015253,0.013168756,0.4,0.0,0.18991503,0.026767679
375316653866487564,5932204156340761088,0.44732222,2226.5945457527055,0.15541790138981185,3.755743E-5,17.793514,0.003693502,0.21602361,0.006594095,0.047904123,0.009307016,0.14757511,0.079066634,0.71200174,0.009922072,0.053992867,0.010631839,0.09810032,0.008523331,null,null,null,null,"TWOGAUSSIANS",8,6.0663753,0.21602361,0.006594095,0.2682631,0.052119285,0.14757396,0.07906838,0.71200174,0.009922072,0.30236006,0.059538297,0.098099165,0.00852583
375316653866487564,5932204229416737152,0.50307417,2201.018268889926,2.766255820280088,1.6112652E-6,18.476265,0.004652302,0.35445738,0.094055764,0.095360056,0.042601854,0.01779365,0.009029135,0.5733727,4.2490702E-4,0.035511356,0.0014620329,0.40312976,0.0062741283,null,null,null,null,"TWOGAUSSIANS",8,5.350336,0.5733727,4.2490702E-4,0.1988636,0.008187384,0.4044058,0.007890514,0.35445738,0.09407072,0.4,0.05937509,0.017793614,0.009029264
375316653866487564,5932204332496130048,0.54107773,2202.58625289026,2.2618219568727027,1.5925421E-5,19.043991,0.02687532,0.26344073,0.0041864314,0.09290421,0.011503612,0.4017181,0.01916837,0.7744907,0.0086064655,0.09923229,0.015274088,0.3301697,0.033552587,null,null,null,null,"TWOGAUSSIANS",8,2.3819392,0.26344073,0.0041864314,0.4,0.0,0.3806394,0.024352776,0.7744907,0.0086064655,0.4,0.0,0.30908915,0.03359461
