Gaia/vari_eclipsing_binary/VariEclipsingBinary_595528-595575.csv
# %ECSV 1.0
# ---
# delimiter: ','
# meta: !!omap
# - RELEASE: Gaia DR3
# - TABLE: vari_eclipsing_binary
# - DESCRIPTION: >
#     This table describes the properties of the eclipsing binaries resulting from the variability analysis. 
# - CITATION: >
#     How to cite and acknowledge Gaia: 
#     https://gea.esac.esa.int/archive/documentation/credits.html 
# - KNOWN_ISSUES: >
#     Known issues: 
#     https://www.cosmos.esa.int/web/gaia-users/known-issues 
# - DOCUMENTATION: >
#     Tutorials and documentation: 
#     https://www.cosmos.esa.int/web/gaia-users/archive 
# datatype:
# - 
#   name: solution_id
#   datatype: int64
#   description: Solution Identifier
#   meta:
#     ucd: meta.version
# - 
#   name: source_id
#   datatype: int64
#   description: Unique source identifier
#   meta:
#     ucd: meta.id;meta.main
# - 
#   name: global_ranking
#   datatype: float32
#   description: Number between 0 (worst) and 1 (best)
#   meta:
#     ucd: stat.param
# - 
#   name: reference_time
#   datatype: float64
#   unit: d
#   description: Reference time used for the geometric model fit
#   meta:
#     ucd: time.epoch
# - 
#   name: frequency
#   datatype: float64
#   unit: d**-1
#   description: Frequency of geometric model of the eclipsing binary light curve
#   meta:
#     ucd: src.orbital
# - 
#   name: frequency_error
#   datatype: float32
#   unit: d**-1
#   description: "Uncertainty of \\texttt{frequency}"
#   meta:
#     ucd: stat.error
# - 
#   name: geom_model_reference_level
#   datatype: float32
#   unit: mag
#   description: Magnitude reference level of geometric model
#   meta:
#     ucd: phot.mag;em.opt
# - 
#   name: geom_model_reference_level_error
#   datatype: float32
#   unit: mag
#   description: "Uncertainty of \\texttt{geomModelReferenceLevel}"
#   meta:
#     ucd: stat.error;phot.mag;em.opt
# - 
#   name: geom_model_gaussian1_phase
#   datatype: float32
#   description: Phase of the Gaussian 1 component
#   meta:
#     ucd: time.phase
# - 
#   name: geom_model_gaussian1_phase_error
#   datatype: float32
#   description: "Uncertainty of \\texttt{geomModelGaussian1Phase}"
#   meta:
#     ucd: stat.error;time.phase
# - 
#   name: geom_model_gaussian1_sigma
#   datatype: float32
#   description: "Standard deviation [phase] of Gaussian 1 component"
#   meta:
#     ucd: stat.stdev
# - 
#   name: geom_model_gaussian1_sigma_error
#   datatype: float32
#   description: "Uncertainty of \\texttt{geomModelGaussian1Sigma}"
#   meta:
#     ucd: stat.error
# - 
#   name: geom_model_gaussian1_depth
#   datatype: float32
#   unit: mag
#   description: Magnitude depth of Gaussian 1 component
#   meta:
#     ucd: src.var.amplitude
# - 
#   name: geom_model_gaussian1_depth_error
#   datatype: float32
#   unit: mag
#   description: "Uncertainty of \\texttt{geomModelGaussian1Depth}"
#   meta:
#     ucd: stat.error;src.var.amplitude
# - 
#   name: geom_model_gaussian2_phase
#   datatype: float32
#   description: Phase of Gaussian 2 component
#   meta:
#     ucd: time.phase
# - 
#   name: geom_model_gaussian2_phase_error
#   datatype: float32
#   description: "Uncertainty of \\texttt{geomModelGaussian2Phase}"
#   meta:
#     ucd: stat.error;time.phase
# - 
#   name: geom_model_gaussian2_sigma
#   datatype: float32
[...]
#   datatype: float32
#   description: "Secondary eclipse: uncertainty of \\texttt{derivedSecondaryEclDuration}"
#   meta:
#     ucd: stat.error;time.duration
# - 
#   name: derived_secondary_ecl_depth
#   datatype: float32
#   unit: mag
#   description: "Secondary eclipse: depth"
#   meta:
#     ucd: src.var.amplitude
# - 
#   name: derived_secondary_ecl_depth_error
#   datatype: float32
#   unit: mag
#   description: "Secondary eclipse: uncertainty of \\texttt{derivedSecondaryEclDepth}"
#   meta:
#     ucd: stat.error;src.var.amplitude
solution_id,source_id,global_ranking,reference_time,frequency,frequency_error,geom_model_reference_level,geom_model_reference_level_error,geom_model_gaussian1_phase,geom_model_gaussian1_phase_error,geom_model_gaussian1_sigma,geom_model_gaussian1_sigma_error,geom_model_gaussian1_depth,geom_model_gaussian1_depth_error,geom_model_gaussian2_phase,geom_model_gaussian2_phase_error,geom_model_gaussian2_sigma,geom_model_gaussian2_sigma_error,geom_model_gaussian2_depth,geom_model_gaussian2_depth_error,geom_model_cosine_half_period_amplitude,geom_model_cosine_half_period_amplitude_error,geom_model_cosine_half_period_phase,geom_model_cosine_half_period_phase_error,model_type,num_model_parameters,reduced_chi2,derived_primary_ecl_phase,derived_primary_ecl_phase_error,derived_primary_ecl_duration,derived_primary_ecl_duration_error,derived_primary_ecl_depth,derived_primary_ecl_depth_error,derived_secondary_ecl_phase,derived_secondary_ecl_phase_error,derived_secondary_ecl_duration,derived_secondary_ecl_duration_error,derived_secondary_ecl_depth,derived_secondary_ecl_depth_error
[from data line 405]
375316653866487564,5238523477254676224,0.55248636,2165.942729425788,2.100980645469325,7.495563E-6,18.27267,0.008940303,0.36311167,0.0020531924,0.08788149,0.004352806,0.2886885,0.010341539,0.8559331,0.0024232436,0.07924837,0.0045137093,0.24342746,0.009445724,null,null,null,null,"TWOGAUSSIANS",8,2.6830816,0.36311167,0.0020531924,0.4,0.0,0.28336695,0.009844678,0.8559331,0.0024232436,0.4,0.0,0.23810592,0.008549037
375316653866487564,5238525126523372928,0.5290673,2195.512169141271,2.410599102814635,7.2299513E-6,19.106829,0.017438412,0.27962053,0.0030740397,0.104267955,0.009051146,0.27081195,0.015196925,0.7864014,0.005356763,0.08658806,0.010305407,0.32981881,0.023772372,null,null,null,null,"TWOGAUSSIANS",8,1.4757341,0.7864014,0.005356763,0.4,0.0,0.3125126,0.028155537,0.27962053,0.0030740397,0.4,0.0,0.25349998,0.010779267
375316653866487564,5238526363482390144,0.4979878,2192.4123224751916,2.8978812477327875,1.8172344E-5,18.465126,0.009419835,0.22709589,0.004810658,0.07919075,0.00767921,0.19452669,0.011810719,0.7385346,0.008639058,0.09330934,0.012524529,0.17905018,0.012369805,null,null,null,null,"TWOGAUSSIANS",8,4.737169,0.22709589,0.004810658,0.4,0.0,0.18995722,0.010578894,0.7385346,0.008639058,0.4,0.0,0.17448045,0.010917471
375316653866487564,5238526707070097536,0.43338004,2167.76922652217,0.36672387703172404,4.8798298E-5,18.637371,0.0070087793,0.18570256,0.012172651,0.07188029,0.013231778,0.06846737,0.016764676,0.8044212,0.022758873,0.06181186,0.012464596,0.08822663,0.033982057,null,null,null,null,"TWOGAUSSIANS",8,3.270504,0.8044212,0.022758873,0.34614643,0.06980173,0.088223256,0.0339838,0.18570256,0.012172651,0.4,0.042329863,0.068463944,0.016764177
375316653866487564,5238526771479047552,0.4808284,2202.68011308438,2.7551992294628476,1.626779E-5,18.042934,0.0060914503,0.26804018,0.012414177,0.0947859,0.025937399,0.068041116,0.010042378,0.76768816,0.004077727,0.07842932,0.0071570673,0.16074,0.008185665,null,null,null,null,"TWOGAUSSIANS",8,4.0783253,0.76768816,0.004077727,0.4,0.0,0.15771268,0.008233234,0.26804018,0.012414177,0.4,0.0,0.06501368,0.011580403
375316653866487564,5238526981948442880,0.42459312,2218.7311940099744,1.9208219083533087,2.7622755E-5,19.167599,0.004863517,0.16963105,0.0018590316,0.01270122,0.0015239451,0.28779042,0.051423136,0.6659249,0.05692004,0.03029438,0.035852365,0.68718266,10.706686,null,null,null,null,"TWOGAUSSIANS",8,3.8367515,0.6659249,0.05692004,0.16964853,0.20077324,0.68718266,10.706686,0.16963105,0.0018590316,0.071126826,0.008534092,0.28779042,0.051423136
375316653866487564,5238527630466527616,0.5422239,2242.1253379033487,3.521583747265785,9.409233E-6,17.548368,0.0074830665,0.19324112,0.0026591765,0.042516105,0.010144535,0.060982645,0.018470736,0.678024,0.0045077736,0.03875891,0.007295192,0.06463881,0.016492888,0.093508355,0.009397654,0.19324112,0.0026591765,"TWOGAUSSIANS_WITH_ELLIPSOIDAL_ON_ECLIPSE1",9,9.520101,0.68191403,0.0033258728,0.2170499,0.040853076,0.2503848,0.006216584,0.19324112,0.0026591765,0.23809019,0.056809396,0.24799906,0.013308092
375316653866487564,5238529279734488960,0.44020727,2207.2990510999084,1.1813142933484468,1.4693112E-5,17.931343,0.0035376863,0.59977436,0.006924466,0.03311384,0.004353047,0.13303845,0.019219082,0.8084976,0.016255207,0.04609033,0.01023015,0.041871645,0.01404202,null,null,null,null,"TWOGAUSSIANS",8,5.2517424,0.59977436,0.006924466,0.1854375,0.024377063,0.13303992,0.01921907,0.8084976,0.016255207,0.25810584,0.05728884,0.041871645,0.014042019
375316653866487564,5238529662010705920,0.53709763,2216.889922581011,2.7647870872009626,1.9818215E-5,18.630987,0.012795867,0.26517776,0.003343003,0.085322395,0.005674042,0.39457294,0.017502628,0.76780856,0.0037490795,0.081518576,0.005138267,0.33638328,0.020265799,null,null,null,null,"TWOGAUSSIANS",8,4.8190465,0.26517776,0.003343003,0.4,0.0,0.3867686,0.017347332,0.76780856,0.0037490795,0.4,0.0,0.32857898,0.019948434
375316653866487564,5238529730727924096,0.52063465,2204.012976113907,2.7443161912487293,1.29980435E-5,19.184927,0.009219759,0.31096023,0.00423526,0.07848011,0.0077756853,0.34519824,0.04211409,0.81870407,0.0063395705,0.07249746,0.0064677573,0.3024966,0.012331537,null,null,null,null,"TWOGAUSSIANS",8,2.3036213,0.31096023,0.00423526,0.4,0.0,0.34293222,0.043368086,0.81870407,0.0063395705,0.4,0.008337092,0.30023062,0.011571209
375316653866487564,5238530452292973312,0.5079717,2183.413565911445,3.137531351686663,1.6371368E-5,19.614204,0.052927878,0.2849242,0.0064610206,0.10448011,0.01869188,0.4721262,0.061341383,0.7836546,0.004632393,0.08411241,0.012792883,0.4289915,0.047017705,null,null,null,null,"TWOGAUSSIANS",8,2.6838956,0.2849242,0.0064610206,0.4,0.0,0.44583577,0.0631494,0.7836546,0.004632393,0.4,0.0,0.4027111,0.026963204
375316653866487564,5238532170274767488,0.4433824,2165.1543351215896,3.4402026357159308,7.171378E-5,18.637383,0.016806388,0.445275,0.034829263,0.17492355,0.040782705,0.20218317,0.029185953,0.84044033,0.012267929,0.040562667,0.012866315,0.2311673,0.7777826,null,null,null,null,"TWOGAUSSIANS",8,12.1425495,0.84044033,0.012267929,0.22715095,0.07205137,0.23904741,0.7781374,0.445275,0.034829263,0.4,0.0,0.19379109,0.031139994
375316653866487564,5238532204606563840,0.53938925,2122.618067499727,3.931528526668156,9.0118065E-6,19.37657,0.019452866,0.23087858,0.002402963,0.07478951,0.00495645,0.47034046,0.032207694,0.73290753,0.0054224473,0.06610704,0.006719028,0.5783087,0.06581606,null,null,null,null,"TWOGAUSSIANS",8,1.7476496,0.73290753,0.0054224473,0.37019944,0.037626557,0.5764997,0.06638603,0.23087858,0.002402963,0.4,0.0,0.46853143,0.032108266
375316653866487564,5238532238988477952,0.46263045,2181.4830062489964,1.079480605329851,1.1002284E-6,17.13283,0.0069824075,0.23129794,5.882119E-4,0.043400217,0.0013501012,0.4914631,0.0039775204,0.82044816,0.08946014,0.16173114,0.14123915,0.010869884,0.0056255134,null,null,null,null,"TWOGAUSSIANS",8,64.00896,0.23127793,5.419879E-4,0.24304122,0.0075605665,0.49136406,0.0039163693,0.82044816,0.08946014,0.4,0.0,0.010325045,0.0042794445
375316653866487564,5238532823104118272,0.4896016,2196.7038839918623,2.683293431746094,1.4313826E-5,17.115961,0.007890135,0.11617922,0.021442601,0.033752963,0.015743995,0.08701253,0.08002996,0.7008261,0.0059841364,0.06464612,0.023945495,0.07659818,0.023556197,0.07825881,0.009561464,0.7008261,0.0059841364,"TWOGAUSSIANS_WITH_ELLIPSOIDAL_ON_ECLIPSE2",9,30.912943,0.7008261,0.0059841364,0.36201826,0.12662579,0.23307258,0.015157432,0.12702923,0.021410923,0.1890166,0.08816637,0.20779797,0.086188406
375316653866487564,5238533196743795328,0.53840786,2210.439936691929,1.5440617428517207,1.2654693E-5,17.506655,0.003140575,0.21594524,0.0043242713,0.035438616,0.006423212,0.075667694,0.010431991,0.7160966,0.008195051,0.032768223,0.004586461,0.14010516,0.015086992,0.021680392,0.0056820433,0.21594524,0.0043242713,"TWOGAUSSIANS_WITH_ELLIPSOIDAL_ON_ECLIPSE1",9,2.081052,0.7160966,0.008186242,0.18350206,0.025684182,0.1834659,0.014758378,0.21594524,0.0043242713,0.19845624,0.035969988,0.11902848,0.010528308
375316653866487564,5238533201061321216,0.53507745,2240.6223002062607,0.47004456955795765,1.833389E-5,16.658518,0.0016118317,0.17224151,0.0068392353,0.047266662,0.00695406,0.045953166,0.0035232273,0.6631324,0.00330437,0.032958303,0.0019186414,0.1546419,0.011521446,null,null,null,null,"TWOGAUSSIANS",8,2.954276,0.6631324,0.00330437,0.1845665,0.010744392,0.1546419,0.011521446,0.17224151,0.0068392353,0.26469332,0.038942736,0.045953166,0.0035232275
375316653866487564,5238533402902233984,0.52963465,2220.237601683802,3.0073053105318746,1.0539306E-5,17.60429,0.019022712,0.28994462,0.0042278715,0.103069335,0.008582015,0.20611349,0.019565998,0.77491885,0.002997449,0.10370629,0.010682706,0.18275185,0.017984217,null,null,null,null,"TWOGAUSSIANS",8,5.47293,0.28995463,0.004233593,0.4,0.0,0.1886745,0.010934428,0.77491885,0.002997449,0.4,0.0,0.16531278,0.008211305
375316653866487564,5238533544637107328,0.57048535,2198.728443350544,3.481467093833548,7.217396E-6,19.426502,0.010724711,0.26653725,0.0048240777,0.05671033,0.006045049,0.6021805,0.06571302,0.76759,0.0017614856,0.064267784,0.0018878848,0.7669788,0.027444256,null,null,null,null,"TWOGAUSSIANS",8,2.5095475,0.76759,0.0017614856,0.35989958,0.010572155,0.76672125,0.02743124,0.26653725,0.0048240777,0.31757784,0.033852275,0.6019229,0.0659028
375316653866487564,5238533712139914624,0.46683198,2201.5076015026357,0.7057761947164634,1.0714635E-5,16.716219,0.001047926,0.18848187,0.001835489,0.016912779,0.0047474345,0.06401588,0.012708034,0.8868219,0.011214362,0.05373401,0.012188922,0.020032754,0.008219535,0.013031879,0.0014289704,0.18848187,0.001835489,"TWOGAUSSIANS_WITH_ELLIPSOIDAL_ON_ECLIPSE1",9,1.2900751,0.18848187,0.001835489,0.09471156,0.026585633,0.090079635,0.013931829,0.8868219,0.011214362,0.30091044,0.068257965,0.022683686,0.008033166
375316653866487564,5238533991313918464,0.5507039,2197.6849028675247,3.4909764500072877,1.7463995E-5,19.530386,0.01044452,0.284942,0.0037979998,0.03477611,0.006351532,0.21969426,0.031594273,0.76836246,0.021006886,0.03489996,0.013926412,0.33523723,0.09572658,0.14260447,0.0157066,0.284942,0.0037979998,"TWOGAUSSIANS_WITH_ELLIPSOIDAL_ON_ECLIPSE1",9,3.1988468,0.76961243,0.019847445,0.19543977,0.07798791,0.61759335,0.088669136,0.284942,0.0037979998,0.19474623,0.03556858,0.5049031,0.021802476
375316653866487564,5238534919048565504,0.47751427,2235.8218804066364,0.3306445683989452,7.254315E-5,17.227215,0.010641512,0.2058626,0.011493434,0.090062805,0.036890537,0.07321805,0.008403377,0.67749053,0.013835918,0.10877241,0.03777651,0.03583385,0.009239887,null,null,null,null,"TWOGAUSSIANS",8,3.434433,0.2058726,0.011510479,0.4,0.079969555,0.07038033,0.010355119,0.67749053,0.013835918,0.4,0.0,0.032992985,0.00488117
375316653866487564,5238535331364969472,0.5702729,2163.2120737244036,3.3053330592435364,7.6211973E-6,18.134264,0.023301706,0.21159707,0.00349258,0.106051005,0.010289384,0.2871001,0.01991271,0.71584785,0.0032858544,0.09969477,0.0072927764,0.31688675,0.023148634,null,null,null,null,"TWOGAUSSIANS",8,2.4346824,0.71584785,0.0032856918,0.4,0.0,0.28703985,0.011407433,0.21159707,0.00349258,0.4,0.0,0.25724673,0.009267049
375316653866487564,5238535567566854400,0.5247635,2134.808262605329,2.5840323040196918,1.2876553E-5,17.957628,0.055556916,0.2666477,0.0056502884,0.10693969,0.016635142,0.30867147,0.054182746,0.7662388,0.008111293,0.10701422,0.020527117,0.3554748,0.05210646,null,null,null,null,"TWOGAUSSIANS",8,7.723348,0.7662388,0.008111293,0.4,0.0,0.31252095,0.013909964,0.2666477,0.0056497254,0.4,0.0,0.26571953,0.0150330635
375316653866487564,5238535812401343872,0.67017657,2174.223290913569,1.3149951218609726,7.2588323E-6,14.326691,0.004249801,0.2556695,0.0011816501,0.049482573,0.001611639,0.47814685,0.016841972,0.7585677,0.017469112,0.05391678,0.014112678,0.053717576,0.01158726,0.05672379,0.0050477465,0.2556695,0.0011816501,"TWOGAUSSIANS_WITH_ELLIPSOIDAL_ON_ECLIPSE1",9,30.37755,0.2556695,0.0011816501,0.2771024,0.009025179,0.591592,0.018862864,0.7585677,0.01693723,0.30193397,0.079031,0.16712514,0.0056578843
375316653866487564,5238537285552776960,0.5097957,2177.0192392421586,2.972303734069771,2.2555623E-5,17.566986,0.013528124,0.30419314,0.0046436996,0.10136491,0.0066763638,0.37982625,0.017717846,0.8108296,0.007865244,0.060512632,0.009936007,0.28682578,0.034046177,null,null,null,null,"TWOGAUSSIANS",8,30.34161,0.30419314,0.0046436996,0.4,0.0,0.37488624,0.016461758,0.8108296,0.007865244,0.33887073,0.05564164,0.28188992,0.03662658
375316653866487564,5238537388636875648,0.52371913,2194.621116300704,3.5827430919723433,1.559066E-5,18.054285,0.0055592684,0.21551734,0.0077394946,0.048607796,0.011583214,0.085898705,0.03174789,0.67223483,0.0021720184,0.019271856,0.0026544856,0.091974035,0.019087417,0.07653393,0.007930104,0.67223483,0.0021720184,"TWOGAUSSIANS_WITH_ELLIPSOIDAL_ON_ECLIPSE2",9,5.0389214,0.67223483,0.0021720184,0.1079224,0.014865119,0.2450413,0.015515036,0.20474733,0.007962814,0.27220365,0.064866,0.23058379,0.030047065
375316653866487564,5238538355000679296,0.5634246,2154.1295580862397,3.137180701628933,7.854811E-6,18.961271,0.00857792,0.26399034,0.0024348532,0.07012347,0.0032303173,0.49385595,0.011764739,0.7637137,0.0020645466,0.07517561,0.0024171511,0.5704751,0.01096051,null,null,null,null,"TWOGAUSSIANS",8,2.1073825,0.7637137,0.0020645466,0.4,0.0,0.56764,0.010592289,0.26399034,0.0024348532,0.39269146,0.017174134,0.49102083,0.0117190275
375316653866487564,5238538969180024192,0.53673583,2182.8955161501144,2.7807834468895645,2.2382234E-5,15.766572,0.08125357,0.17027378,0.0048575383,0.10166768,0.030631373,0.18866377,0.07339892,0.6574898,0.00471128,0.11938119,0.022038214,0.32012227,0.08219995,null,null,null,null,"TWOGAUSSIANS",8,65.952255,0.6574898,0.00471128,0.4,0.0,0.28630963,0.012265869,0.17035377,0.0047774464,0.4,0.0,0.15495756,0.023638757
375316653866487564,5238539695051977088,0.5921304,2217.8361372960258,1.8871081440175783,6.0312273E-6,15.060598,0.30465612,0.2611939,0.003418405,0.12108333,0.03628717,0.149793,0.2147665,0.76474464,0.0027833132,0.14092709,0.09530715,0.13022211,0.3000997,null,null,null,null,"TWOGAUSSIANS",8,5.713931,0.2610939,0.0033235743,0.4,0.0,0.1067421,0.0046502994,0.76478463,0.0028185076,0.4,0.0,0.08674803,0.0047430014
375316653866487564,5238540244786623104,0.5560798,2206.005851182892,1.6030733875285457,4.232807E-6,18.958574,0.0076328716,0.26707086,0.009171718,0.032649048,0.0074619004,0.65055835,0.23468643,0.762996,0.0022993041,0.03263453,0.0024174813,0.5723884,0.0827553,null,null,null,null,"TWOGAUSSIANS",8,3.3084793,0.26707086,0.009171718,0.18283467,0.04178664,0.65055835,0.23468643,0.762996,0.0022993041,0.18275337,0.013537896,0.5723884,0.0827553
375316653866487564,5238541447398708736,0.50223696,2184.925356278112,1.1862073499605414,2.4257624E-5,17.930199,0.013495477,0.20898844,0.005090975,0.09704584,0.018243171,0.08529853,0.011602969,0.7098966,0.0071497546,0.10086885,0.011917504,0.15252618,0.011496031,null,null,null,null,"TWOGAUSSIANS",8,3.579816,0.7098966,0.0071497546,0.4,0.0,0.14326608,0.006816533,0.20898844,0.005090318,0.4,0.0,0.076039545,0.0061794026
375316653866487564,5238542168932755456,0.49492913,2168.5538263678263,2.407584351767076,2.0146104E-5,19.79589,0.020077433,0.295718,0.0014003516,0.04975995,0.0051477524,0.6555826,0.08722279,0.8114001,0.009824733,0.054065093,0.016330408,0.23254961,0.034175564,null,null,null,null,"TWOGAUSSIANS",8,3.4066136,0.295718,0.0014003516,0.2786557,0.028827412,0.65557927,0.08723487,0.8114001,0.009824733,0.30276453,0.09145029,0.23254627,0.03420371
375316653866487564,5238546116006786432,0.5725314,2168.384914896346,0.19846188336405096,7.473643E-5,18.308117,0.0040168837,0.24900813,0.072515644,0.1092709,0.03281791,0.01008159,0.0053603407,0.58612746,0.012387913,0.020035641,0.008774145,0.4096283,0.0922617,null,null,null,null,"TWOGAUSSIANS",8,2.1210597,0.58612746,0.012387913,0.11219959,0.049135208,0.40971416,0.09228306,0.24900813,0.072515644,0.4,0.0,0.010081017,0.0053595174
375316653866487564,5238546154682899840,0.5550684,2179.452627579663,3.120293842459937,1.0349404E-5,19.146458,0.008928413,0.2743306,0.001568984,0.07164755,0.0026412783,0.40735105,0.011823347,0.7660819,0.0058221505,0.080791585,0.0040340223,0.3170746,0.014011905,null,null,null,null,"TWOGAUSSIANS",8,1.7806959,0.2743306,0.001568984,0.4,0.004404787,0.40460968,0.011555588,0.7660819,0.0058221505,0.4,0.0,0.31433326,0.013556949
