Gaia/vari_eclipsing_binary/VariEclipsingBinary_678527-678571.csv
# %ECSV 1.0
# ---
# delimiter: ','
# meta: !!omap
# - RELEASE: Gaia DR3
# - TABLE: vari_eclipsing_binary
# - DESCRIPTION: >
#     This table describes the properties of the eclipsing binaries resulting from the variability analysis. 
# - CITATION: >
#     How to cite and acknowledge Gaia: 
#     https://gea.esac.esa.int/archive/documentation/credits.html 
# - KNOWN_ISSUES: >
#     Known issues: 
#     https://www.cosmos.esa.int/web/gaia-users/known-issues 
# - DOCUMENTATION: >
#     Tutorials and documentation: 
#     https://www.cosmos.esa.int/web/gaia-users/archive 
# datatype:
# - 
#   name: solution_id
#   datatype: int64
#   description: Solution Identifier
#   meta:
#     ucd: meta.version
# - 
#   name: source_id
#   datatype: int64
#   description: Unique source identifier
#   meta:
#     ucd: meta.id;meta.main
# - 
#   name: global_ranking
#   datatype: float32
#   description: Number between 0 (worst) and 1 (best)
#   meta:
#     ucd: stat.param
# - 
#   name: reference_time
#   datatype: float64
#   unit: d
#   description: Reference time used for the geometric model fit
#   meta:
#     ucd: time.epoch
# - 
#   name: frequency
#   datatype: float64
#   unit: d**-1
#   description: Frequency of geometric model of the eclipsing binary light curve
#   meta:
#     ucd: src.orbital
# - 
#   name: frequency_error
#   datatype: float32
#   unit: d**-1
#   description: "Uncertainty of \\texttt{frequency}"
#   meta:
#     ucd: stat.error
# - 
#   name: geom_model_reference_level
#   datatype: float32
#   unit: mag
#   description: Magnitude reference level of geometric model
#   meta:
#     ucd: phot.mag;em.opt
# - 
#   name: geom_model_reference_level_error
#   datatype: float32
#   unit: mag
#   description: "Uncertainty of \\texttt{geomModelReferenceLevel}"
#   meta:
#     ucd: stat.error;phot.mag;em.opt
# - 
#   name: geom_model_gaussian1_phase
#   datatype: float32
#   description: Phase of the Gaussian 1 component
#   meta:
#     ucd: time.phase
# - 
#   name: geom_model_gaussian1_phase_error
#   datatype: float32
#   description: "Uncertainty of \\texttt{geomModelGaussian1Phase}"
#   meta:
#     ucd: stat.error;time.phase
# - 
#   name: geom_model_gaussian1_sigma
#   datatype: float32
#   description: "Standard deviation [phase] of Gaussian 1 component"
#   meta:
#     ucd: stat.stdev
# - 
#   name: geom_model_gaussian1_sigma_error
#   datatype: float32
#   description: "Uncertainty of \\texttt{geomModelGaussian1Sigma}"
#   meta:
#     ucd: stat.error
# - 
#   name: geom_model_gaussian1_depth
#   datatype: float32
#   unit: mag
#   description: Magnitude depth of Gaussian 1 component
#   meta:
#     ucd: src.var.amplitude
# - 
#   name: geom_model_gaussian1_depth_error
#   datatype: float32
#   unit: mag
#   description: "Uncertainty of \\texttt{geomModelGaussian1Depth}"
#   meta:
#     ucd: stat.error;src.var.amplitude
# - 
#   name: geom_model_gaussian2_phase
#   datatype: float32
#   description: Phase of Gaussian 2 component
#   meta:
#     ucd: time.phase
# - 
#   name: geom_model_gaussian2_phase_error
#   datatype: float32
#   description: "Uncertainty of \\texttt{geomModelGaussian2Phase}"
#   meta:
#     ucd: stat.error;time.phase
# - 
#   name: geom_model_gaussian2_sigma
#   datatype: float32
[...]
#   datatype: float32
#   description: "Secondary eclipse: uncertainty of \\texttt{derivedSecondaryEclDuration}"
#   meta:
#     ucd: stat.error;time.duration
# - 
#   name: derived_secondary_ecl_depth
#   datatype: float32
#   unit: mag
#   description: "Secondary eclipse: depth"
#   meta:
#     ucd: src.var.amplitude
# - 
#   name: derived_secondary_ecl_depth_error
#   datatype: float32
#   unit: mag
#   description: "Secondary eclipse: uncertainty of \\texttt{derivedSecondaryEclDepth}"
#   meta:
#     ucd: stat.error;src.var.amplitude
solution_id,source_id,global_ranking,reference_time,frequency,frequency_error,geom_model_reference_level,geom_model_reference_level_error,geom_model_gaussian1_phase,geom_model_gaussian1_phase_error,geom_model_gaussian1_sigma,geom_model_gaussian1_sigma_error,geom_model_gaussian1_depth,geom_model_gaussian1_depth_error,geom_model_gaussian2_phase,geom_model_gaussian2_phase_error,geom_model_gaussian2_sigma,geom_model_gaussian2_sigma_error,geom_model_gaussian2_depth,geom_model_gaussian2_depth_error,geom_model_cosine_half_period_amplitude,geom_model_cosine_half_period_amplitude_error,geom_model_cosine_half_period_phase,geom_model_cosine_half_period_phase_error,model_type,num_model_parameters,reduced_chi2,derived_primary_ecl_phase,derived_primary_ecl_phase_error,derived_primary_ecl_duration,derived_primary_ecl_duration_error,derived_primary_ecl_depth,derived_primary_ecl_depth_error,derived_secondary_ecl_phase,derived_secondary_ecl_phase_error,derived_secondary_ecl_duration,derived_secondary_ecl_duration_error,derived_secondary_ecl_depth,derived_secondary_ecl_depth_error
[from data line 367]
375316653866487564,5968661767193772544,0.53692746,2283.324121869873,0.7597086049098577,3.4724813E-5,15.616622,6.8831816E-4,0.75666535,0.0055826195,0.025285913,0.0043465337,0.18993184,0.053253718,null,null,null,null,null,null,null,null,null,null,"ONEGAUSSIAN",5,8.213018,0.75666535,0.0055826195,0.1416011,0.024340589,0.18993184,0.0,null,null,null,null,null,null
375316653866487564,5968661797229087232,0.5020869,2267.8000040004213,0.1860454013122995,6.156273E-6,18.500055,0.0023648574,0.053162243,3.468313E-4,0.008439025,4.3060083E-4,0.26705542,0.01926245,0.5831567,0.037239254,0.03681514,0.044317592,0.10360254,580240.94,null,null,null,null,"TWOGAUSSIANS",8,2.7015395,0.053162243,3.468313E-4,0.04725854,0.0024113648,0.26705542,0.01926245,0.5831567,0.037239254,0.20616479,0.24817851,0.10360254,580240.94
375316653866487564,5968662385669118848,0.46927524,2278.210142923535,2.993054672182101,7.5695975E-6,17.952702,0.008847468,0.12840118,0.0018411056,0.066459745,0.0037980622,0.40275228,0.018160619,0.6260756,0.0035898741,0.06429895,0.004931271,0.53961277,0.038181234,null,null,null,null,"TWOGAUSSIANS",8,6.3063273,0.6260756,0.0035898741,0.36007413,0.027615117,0.53903276,0.03842015,0.12840118,0.0018411056,0.3721746,0.021269148,0.4021723,0.018258011
375316653866487564,5968662832328760960,0.47295734,2239.861553695325,2.3929164120796367,2.3278664E-5,19.62289,0.033016585,0.24493805,0.0056095365,0.101419896,0.013233036,0.23694324,0.03347943,0.72429585,0.008132137,0.10035729,0.019985257,0.2678151,0.026760139,null,null,null,null,"TWOGAUSSIANS",8,2.2051857,0.72429585,0.008132137,0.4,0.0,0.24977915,0.020247577,0.24494804,0.00560828,0.4,0.0,0.21890686,0.0197861
375316653866487564,5968662965457443072,0.6778833,2268.411991280533,1.0494783864248185,3.968281E-6,16.968597,0.0020419264,0.1610776,0.0033192097,0.038544897,0.003187494,0.0997763,0.0077987555,0.6609395,4.7035908E-4,0.033973172,4.2780352E-4,0.77375257,0.005936484,null,null,null,null,"TWOGAUSSIANS",8,5.785796,0.6609395,4.7035908E-4,0.19024976,0.0023956997,0.77375257,0.005936484,0.1610776,0.0033192097,0.21585141,0.017849965,0.0997763,0.0077987555
375316653866487564,5968663038487377664,0.44752216,2238.127137883055,3.0501628735095707,3.997655E-5,19.137312,0.019570667,0.28517804,0.013234205,0.090642415,0.019546075,0.1283414,0.034682106,0.7992682,0.008270802,0.061986595,0.033073287,0.2016551,0.051298253,null,null,null,null,"TWOGAUSSIANS",8,4.119188,0.7992682,0.008270802,0.34712493,0.10925299,0.20062146,0.056790754,0.28517804,0.013234205,0.4,0.0,0.12730765,0.03276416
375316653866487564,5968663141583380736,0.47287557,2244.0204370159586,3.4313307540315185,2.961802E-5,19.8564,0.022545813,0.26153508,0.0051380084,0.08419936,0.009841494,0.26086402,0.023967538,0.7501557,0.0080249375,0.08295333,0.020886578,0.26745713,0.043109085,null,null,null,null,"TWOGAUSSIANS",8,2.0694525,0.7501557,0.0080249375,0.4,0.0,0.26255447,0.050846826,0.26153508,0.0051380084,0.4,0.0,0.25596136,0.01868713
375316653866487564,5968663210285895040,0.5074215,2257.1708588541705,1.6245508730120088,2.1284577E-5,19.224205,0.015232912,0.21361773,0.00602219,0.0871622,0.008511635,0.28181985,0.01617895,0.7162516,0.010772588,0.08918845,0.012949553,0.15581295,0.023188379,null,null,null,null,"TWOGAUSSIANS",8,2.660461,0.21361773,0.00602219,0.4,0.0,0.2746759,0.012617372,0.7162516,0.010772588,0.4,0.0,0.148669,0.020957327
375316653866487564,5968664138015854592,0.5653097,2262.046686158358,1.5028617292021067,1.2205684E-5,18.354961,0.008358775,0.17724045,0.004789472,0.09993779,0.005942701,0.24025372,0.009384346,0.6684404,0.0026072785,0.0894858,0.005432451,0.28569853,0.013619242,null,null,null,null,"TWOGAUSSIANS",8,2.9959195,0.6684404,0.0026072785,0.4,0.0,0.27160046,0.0151623,0.17724045,0.004789472,0.4,0.0,0.22615382,0.006479742
375316653866487564,5968664408569347456,0.5141322,2257.255062971785,4.794047014554366,3.0001418E-6,18.67324,0.0028184173,0.16626151,6.7822257E-6,0.0056889146,1.10176305E-4,0.87383235,0.02480853,0.80042404,2.8611228E-4,0.0028523754,4.9136585E-4,0.10540014,0.028494928,null,null,null,null,"TWOGAUSSIANS",8,2.8430622,0.16626151,6.7822257E-6,0.031857923,6.169873E-4,0.87383235,0.02480853,0.80042404,2.8611228E-4,0.015973302,0.002751649,0.10540014,0.028494928
375316653866487564,5968664855245869824,0.55437064,2278.534398008239,1.0353301227647247,7.6217602E-6,18.343039,0.001950352,0.2997638,0.0032720645,0.049091116,0.0035282993,0.23906846,0.021102404,0.79407746,0.0033030398,0.03948032,0.004526362,0.09166974,0.0069539393,null,null,null,null,"TWOGAUSSIANS",8,1.2762626,0.2997638,0.0032720645,0.27491024,0.019758476,0.23906843,0.021102458,0.79407746,0.0033030398,0.2210898,0.025347628,0.091669716,0.006953966
375316653866487564,5968665168792071936,0.47273904,2225.6338558314183,2.5535064330858224,4.323022E-5,19.80173,0.017617583,0.22619502,0.0086967135,0.07552878,0.009181473,0.30406266,0.037314005,0.72994214,0.0090265,0.09358584,0.011746599,0.3032403,0.03846704,null,null,null,null,"TWOGAUSSIANS",8,2.377324,0.22619502,0.0086967135,0.4,5.368479E-4,0.29692084,0.037286356,0.72994214,0.0090265,0.4,0.0,0.29609808,0.038966075
375316653866487564,5968665233200199552,0.50011647,2256.3770159386618,0.22834773392584348,1.7519056E-5,17.827387,0.0026702988,0.35429323,7.915413E-5,0.004813586,4.5520836E-4,0.9879406,0.32499483,0.5484518,0.036146916,0.11785663,0.053317484,0.022711126,0.0055823093,null,null,null,null,"TWOGAUSSIANS",8,3.7535248,0.35429323,7.915413E-5,0.026956081,0.0025491668,0.9937816,0.32617137,0.5484518,0.036146916,0.4,0.0,0.022705516,0.005604497
375316653866487564,5968665920397853056,0.5569699,2255.3396144345584,1.8627378595348665,1.7056887E-5,17.751083,0.021962311,0.19334444,0.0054222364,0.10092104,0.01375529,0.16898574,0.020412736,0.6697007,0.0022443936,0.10606902,0.008975503,0.28637344,0.018453361,null,null,null,null,"TWOGAUSSIANS",8,3.7970722,0.6697007,0.0022443936,0.4,0.0,0.26842347,0.009161658,0.19337444,0.0054524736,0.4,0.0,0.1510465,0.009379595
375316653866487564,5968666538874551936,0.49882534,2272.4249510142704,3.0576269164648955,2.8284641E-5,18.846619,0.026941348,0.19237609,0.008022877,0.109292924,0.016269635,0.1947447,0.027489726,0.71516377,0.003507082,0.10376962,0.014529077,0.21145476,0.022423891,null,null,null,null,"TWOGAUSSIANS",8,2.7304688,0.71518373,0.0035276965,0.4,0.0,0.19150747,0.0129542025,0.1923661,0.008024139,0.4,0.0,0.17478727,0.0128569
375316653866487564,5968666985553955456,0.64959335,2238.699157085844,1.6287769798347287,4.2695733E-6,16.996859,0.010189597,0.25022358,9.5639465E-4,0.061325736,0.004185298,0.2210149,0.020266263,0.75150955,0.0013808978,0.061517887,0.0026852519,0.2957895,0.021575585,0.086180985,0.011446279,0.25022358,9.5639465E-4,"TWOGAUSSIANS_WITH_ELLIPSOIDAL_ON_ECLIPSE1",9,4.5400558,0.75150955,0.0013808978,0.34450015,0.015037411,0.4680145,0.007378955,0.25022358,9.5639465E-4,0.3434241,0.023437668,0.39325118,0.009781957
375316653866487564,5968667230376539776,0.5150094,2221.2690115525234,4.25462133012844,8.2519146E-5,19.644709,0.0065717907,0.26980022,0.02713931,0.036810823,0.016223755,0.044767894,0.027065184,0.7876431,0.0015013628,0.012202071,0.0012541834,1.4117022,0.4218338,null,null,null,null,"TWOGAUSSIANS",8,2.7485664,0.7876431,0.0015013628,0.0683316,0.007023427,1.4117022,0.4218338,0.26980022,0.02713931,0.20614061,0.09085302,0.044767894,0.027065184
375316653866487564,5968667539630035968,0.5230606,2242.7552936294956,0.36729291173382056,1.7359267E-5,18.002432,0.0048262887,0.60138625,0.02524936,0.058978107,0.019370351,0.05645477,0.026933467,0.43158555,8.112313E-5,0.0072041475,1.1622877E-4,1.1151878,0.03295888,null,null,null,null,"TWOGAUSSIANS",8,8.379907,0.43158555,8.024424E-5,0.040343225,6.5088115E-4,1.1160828,0.032985415,0.60138625,0.02524936,0.3302774,0.108473964,0.05645477,0.026933467
375316653866487564,5968667848852103680,0.54646134,2253.825184528803,2.0029109231793036,1.6501415E-5,18.857862,0.049094077,0.21506174,0.007825612,0.10310454,0.016269952,0.35520774,0.04505614,0.71292955,0.006309654,0.09943015,0.015309766,0.370792,0.04686632,null,null,null,null,"TWOGAUSSIANS",8,2.057016,0.71292955,0.006309654,0.4,0.0,0.33723748,0.013653401,0.21506174,0.007823302,0.4,0.0,0.32165003,0.014743059
375316653866487564,5968667951931406592,0.46516687,2257.289616160862,2.5274095920062836,3.2296004E-5,18.779755,0.06367657,0.22359766,0.009177356,0.10042474,0.030116783,0.1799671,0.060171228,0.7338394,0.0077488623,0.113787964,0.027139366,0.21399496,0.05943146,null,null,null,null,"TWOGAUSSIANS",8,6.832613,0.7338394,0.007745853,0.4,0.0,0.1909139,0.012637923,0.22357766,0.009157166,0.4,0.0,0.15691389,0.015860049
375316653866487564,5968667986291099776,0.44739097,2232.8150212228634,1.1234022860514938,2.255408E-5,19.773142,0.039949626,0.35193118,0.009519488,0.06662511,0.012416474,0.31432512,0.04550552,0.8392268,0.004626475,0.046309117,0.0065823565,0.65297973,0.115993105,null,null,null,null,"TWOGAUSSIANS",8,21.422287,0.8392268,0.004626475,0.25933105,0.036861196,0.652952,0.11599716,0.35193118,0.009519488,0.37310064,0.06953225,0.3142974,0.045470346
375316653866487564,5968668020650956672,0.49257952,2245.6342857875247,2.0915174480228593,2.4650857E-5,19.66854,0.0048677786,0.5787176,0.0048257876,0.01726861,0.0022061272,0.581029,0.19159177,0.736028,0.03953653,0.0115338825,0.028099338,0.21424308,1.4041562,null,null,null,null,"TWOGAUSSIANS",8,1.4957039,0.5787176,0.0048257876,0.09670421,0.012354312,0.581029,0.19159177,0.736028,0.03953653,0.06458974,0.15735629,0.21424308,1.4041562
375316653866487564,5968668291216953728,0.5240022,2256.2948011367,2.718961874086306,1.1805161E-5,17.373446,0.006850948,0.22877868,0.0026091593,0.084245704,0.0047048996,0.21063769,0.00829522,0.7314908,0.0035307542,0.088585496,0.004749485,0.19041182,0.008423352,null,null,null,null,"TWOGAUSSIANS",8,10.102128,0.22877868,0.0026091593,0.4,0.0,0.2048217,0.007728068,0.7314908,0.0035307542,0.4,0.0,0.18459581,0.0075558433
375316653866487564,5968669120161137536,0.4984683,2234.1100233772872,2.629639483257964,3.1941177E-5,19.827776,0.026321713,0.26075765,0.006542352,0.08508822,0.014932995,0.4097472,0.027341116,0.7619896,0.012617934,0.068408154,0.01170249,0.34083185,0.052268747,null,null,null,null,"TWOGAUSSIANS",8,4.848599,0.26075765,0.006542352,0.4,0.0,0.40611705,0.027701274,0.7619896,0.012617934,0.38308567,0.056352183,0.3372017,0.051436834
375316653866487564,5968669459448098304,0.5851652,2268.903198015097,1.4800116606824079,1.2695121E-5,17.771328,0.006085452,0.27112773,0.0021912388,0.040977247,0.002720841,0.5406678,0.022175604,0.7695465,0.0077059665,0.0304175,0.0067279115,0.11710753,0.016521309,0.012937923,0.007866455,0.27112773,0.0021912388,"TWOGAUSSIANS_WITH_ELLIPSOIDAL_ON_ECLIPSE1",9,8.0661955,0.27112773,0.0021912388,0.22947258,0.015236709,0.56654364,0.021486962,0.76957655,0.0076335724,0.170338,0.037676305,0.14298084,0.007700034
375316653866487564,5968669532495722752,0.51578957,2273.5992139931077,0.4343786397472578,7.4248633E-6,16.878174,0.0075234296,0.2685275,0.0021737611,0.020469604,0.0017631218,0.5014266,0.068669915,0.7683471,0.0021097604,0.019304281,0.001961862,0.7416493,0.098482445,0.006678282,0.011706627,0.2685275,0.0021737611,"TWOGAUSSIANS_WITH_ELLIPSOIDAL_ON_ECLIPSE1",9,68.79518,0.7683471,0.0021097604,0.108103976,0.010986428,0.75500584,0.10034536,0.2685275,0.0021737611,0.11462979,0.0098734815,0.51478314,0.070600845
375316653866487564,5968669807373606400,0.57056034,2264.397127749056,2.4337562161274673,8.904518E-6,18.69507,0.012231028,0.20989807,0.002165308,0.078007825,0.0036739574,0.38483456,0.013088393,0.6987059,0.00322091,0.07183595,0.0054483647,0.46745783,0.013820957,null,null,null,null,"TWOGAUSSIANS",8,3.6937163,0.6987059,0.00322091,0.4,0.01617057,0.4649528,0.013705343,0.20989807,0.002165308,0.4,0.0,0.3823295,0.01241888
375316653866487564,5968669906127699584,0.50860405,2270.1992874466373,2.4823604935248462,1.4698229E-5,18.273151,0.031619232,0.18640384,0.009609332,0.09191006,0.025063556,0.19496809,0.025837867,0.68279827,0.00432765,0.099271044,0.016283272,0.19495483,0.033827707,null,null,null,null,"TWOGAUSSIANS",8,4.2392883,0.18640384,0.009625964,0.4,0.0,0.18283968,0.014582585,0.68279827,0.00432765,0.4,0.0,0.18282533,0.024445893
375316653866487564,5968670116595869056,0.50748706,2258.2527779560123,2.420053920051728,2.1156495E-5,19.800127,0.010244356,0.19095016,0.0041869334,0.071945265,0.0046435306,0.34104338,0.018237468,0.6816355,0.0065899636,0.07966484,0.00622865,0.28656727,0.014451076,null,null,null,null,"TWOGAUSSIANS",8,2.0540495,0.19095016,0.0041869334,0.4,0.013069496,0.3388426,0.017862694,0.6816355,0.0065899636,0.4,0.0,0.2843665,0.013828007
375316653866487564,5968670254034830336,0.54141384,2256.3139724653033,2.884307235483174,1.842027E-5,19.43037,0.013881691,0.2378106,0.006549137,0.073639624,0.006477772,0.49248797,0.02995908,0.7296624,0.005161499,0.07038393,0.0049359845,0.45171034,0.027175726,null,null,null,null,"TWOGAUSSIANS",8,3.168675,0.2378106,0.006549137,0.4,0.0,0.49061763,0.029252734,0.7296624,0.005161499,0.39415,0.02471316,0.44984,0.026721282
375316653866487564,5968670700709191936,0.44020113,2269.1263064854425,0.43614616178411697,4.0980376E-5,19.46309,0.088394515,0.4324118,0.070804335,0.22432566,0.121968925,0.09851077,0.081800036,0.7899656,0.016081367,0.039765824,0.07540815,0.48009095,0.38769117,null,null,null,null,"TWOGAUSSIANS",8,2.2880855,0.7899656,0.016081367,0.2226886,0.1768508,0.49261105,0.42451316,0.4324118,0.06880064,0.4,0.0,0.081751846,0.022048037
375316653866487564,5968671005649256192,0.53952706,2248.9773970029473,1.3026877387263438,2.3355991E-5,19.171955,0.0077723865,0.24881877,0.005934928,0.049055204,0.022389635,0.29314128,0.11932344,0.7461683,0.0044276905,0.050149515,0.004868041,0.23660836,0.013880038,null,null,null,null,"TWOGAUSSIANS",8,1.41294,0.24881877,0.005934928,0.27470914,0.124022074,0.29313987,0.11941192,0.7461683,0.0044276905,0.28083727,0.027261028,0.23660696,0.01384298
375316653866487564,5968671417953306752,0.6113155,2280.8289187287587,2.849713382020315,5.3719414E-6,18.075405,0.0074520404,0.21401283,0.0015118084,0.043990843,0.0042183893,0.19662863,0.018460758,0.7157763,0.0052134013,0.047302697,0.005540151,0.26808167,0.022616629,0.11514221,0.011338278,0.21401283,0.0015118084,"TWOGAUSSIANS_WITH_ELLIPSOIDAL_ON_ECLIPSE1",9,4.0620074,0.7157763,0.0048141284,0.26489508,0.031024847,0.4983375,0.018678686,0.21401283,0.0015118084,0.24634872,0.02362298,0.42691272,0.009560776
375316653866487564,5968671937677436416,0.46653348,2209.7952492761565,0.022450907585211517,5.5072633E-5,19.92819,0.015205877,null,null,null,null,null,null,null,null,null,null,null,null,0.27037156,0.021323048,0.23647723,0.0075135427,"ELLIPSOIDAL",4,5.8464885,null,null,null,null,null,null,null,null,null,null,null,null
375316653866487564,5968672208225299328,0.47638813,2287.371297656879,2.0552044065122095,1.4483184E-5,18.413809,0.02875354,0.32432556,0.005022042,0.070510335,0.010410345,0.35762218,0.024711553,0.8365965,0.007565289,0.056650642,0.011082662,0.22517867,0.040470224,null,null,null,null,"TWOGAUSSIANS",8,24.006187,0.32432556,0.005022042,0.39485788,0.021841383,0.35744914,0.02426097,0.8365965,0.007565289,0.31724358,0.06206291,0.22500566,0.040004257
375316653866487564,5968672654906765824,0.43122742,2283.0905576042323,1.6339482150122693,2.7040865E-5,18.495882,0.023576817,0.28799143,0.015848104,0.07875933,0.027941167,0.16578723,0.03861869,0.8297105,0.051632173,0.02863334,0.05450879,0.06564977,0.032715697,null,null,null,null,"TWOGAUSSIANS",8,12.062959,0.28799143,0.015848104,0.4,0.0015908326,0.16578653,0.03793051,0.8297105,0.051632173,0.1603467,0.23738135,0.065649085,0.026896248
