Gaia/vari_eclipsing_binary/VariEclipsingBinary_478262-478364.csv
# %ECSV 1.0
# ---
# delimiter: ','
# meta: !!omap
# - RELEASE: Gaia DR3
# - TABLE: vari_eclipsing_binary
# - DESCRIPTION: >
#     This table describes the properties of the eclipsing binaries resulting from the variability analysis. 
# - CITATION: >
#     How to cite and acknowledge Gaia: 
#     https://gea.esac.esa.int/archive/documentation/credits.html 
# - KNOWN_ISSUES: >
#     Known issues: 
#     https://www.cosmos.esa.int/web/gaia-users/known-issues 
# - DOCUMENTATION: >
#     Tutorials and documentation: 
#     https://www.cosmos.esa.int/web/gaia-users/archive 
# datatype:
# - 
#   name: solution_id
#   datatype: int64
#   description: Solution Identifier
#   meta:
#     ucd: meta.version
# - 
#   name: source_id
#   datatype: int64
#   description: Unique source identifier
#   meta:
#     ucd: meta.id;meta.main
# - 
#   name: global_ranking
#   datatype: float32
#   description: Number between 0 (worst) and 1 (best)
#   meta:
#     ucd: stat.param
# - 
#   name: reference_time
#   datatype: float64
#   unit: d
#   description: Reference time used for the geometric model fit
#   meta:
#     ucd: time.epoch
# - 
#   name: frequency
#   datatype: float64
#   unit: d**-1
#   description: Frequency of geometric model of the eclipsing binary light curve
#   meta:
#     ucd: src.orbital
# - 
#   name: frequency_error
#   datatype: float32
#   unit: d**-1
#   description: "Uncertainty of \\texttt{frequency}"
#   meta:
#     ucd: stat.error
# - 
#   name: geom_model_reference_level
#   datatype: float32
#   unit: mag
#   description: Magnitude reference level of geometric model
#   meta:
#     ucd: phot.mag;em.opt
# - 
#   name: geom_model_reference_level_error
#   datatype: float32
#   unit: mag
#   description: "Uncertainty of \\texttt{geomModelReferenceLevel}"
#   meta:
#     ucd: stat.error;phot.mag;em.opt
# - 
#   name: geom_model_gaussian1_phase
#   datatype: float32
#   description: Phase of the Gaussian 1 component
#   meta:
#     ucd: time.phase
# - 
#   name: geom_model_gaussian1_phase_error
#   datatype: float32
#   description: "Uncertainty of \\texttt{geomModelGaussian1Phase}"
#   meta:
#     ucd: stat.error;time.phase
# - 
#   name: geom_model_gaussian1_sigma
#   datatype: float32
#   description: "Standard deviation [phase] of Gaussian 1 component"
#   meta:
#     ucd: stat.stdev
# - 
#   name: geom_model_gaussian1_sigma_error
#   datatype: float32
#   description: "Uncertainty of \\texttt{geomModelGaussian1Sigma}"
#   meta:
#     ucd: stat.error
# - 
#   name: geom_model_gaussian1_depth
#   datatype: float32
#   unit: mag
#   description: Magnitude depth of Gaussian 1 component
#   meta:
#     ucd: src.var.amplitude
# - 
#   name: geom_model_gaussian1_depth_error
#   datatype: float32
#   unit: mag
#   description: "Uncertainty of \\texttt{geomModelGaussian1Depth}"
#   meta:
#     ucd: stat.error;src.var.amplitude
# - 
#   name: geom_model_gaussian2_phase
#   datatype: float32
#   description: Phase of Gaussian 2 component
#   meta:
#     ucd: time.phase
# - 
#   name: geom_model_gaussian2_phase_error
#   datatype: float32
#   description: "Uncertainty of \\texttt{geomModelGaussian2Phase}"
#   meta:
#     ucd: stat.error;time.phase
# - 
#   name: geom_model_gaussian2_sigma
#   datatype: float32
[...]
#   datatype: float32
#   description: "Secondary eclipse: uncertainty of \\texttt{derivedSecondaryEclDuration}"
#   meta:
#     ucd: stat.error;time.duration
# - 
#   name: derived_secondary_ecl_depth
#   datatype: float32
#   unit: mag
#   description: "Secondary eclipse: depth"
#   meta:
#     ucd: src.var.amplitude
# - 
#   name: derived_secondary_ecl_depth_error
#   datatype: float32
#   unit: mag
#   description: "Secondary eclipse: uncertainty of \\texttt{derivedSecondaryEclDepth}"
#   meta:
#     ucd: stat.error;src.var.amplitude
solution_id,source_id,global_ranking,reference_time,frequency,frequency_error,geom_model_reference_level,geom_model_reference_level_error,geom_model_gaussian1_phase,geom_model_gaussian1_phase_error,geom_model_gaussian1_sigma,geom_model_gaussian1_sigma_error,geom_model_gaussian1_depth,geom_model_gaussian1_depth_error,geom_model_gaussian2_phase,geom_model_gaussian2_phase_error,geom_model_gaussian2_sigma,geom_model_gaussian2_sigma_error,geom_model_gaussian2_depth,geom_model_gaussian2_depth_error,geom_model_cosine_half_period_amplitude,geom_model_cosine_half_period_amplitude_error,geom_model_cosine_half_period_phase,geom_model_cosine_half_period_phase_error,model_type,num_model_parameters,reduced_chi2,derived_primary_ecl_phase,derived_primary_ecl_phase_error,derived_primary_ecl_duration,derived_primary_ecl_duration_error,derived_primary_ecl_depth,derived_primary_ecl_depth_error,derived_secondary_ecl_phase,derived_secondary_ecl_phase_error,derived_secondary_ecl_duration,derived_secondary_ecl_duration_error,derived_secondary_ecl_depth,derived_secondary_ecl_depth_error
[from data line 225]
375316653866487564,4207241352030305536,0.5448561,2181.60088261195,2.526251879754275,1.9249966E-5,19.107676,0.034027338,0.30423415,0.07452449,0.10244444,0.09592107,0.2266943,1.2758644E7,0.7062387,0.0030824768,0.07903117,0.0066432166,0.5870392,0.05092403,null,null,null,null,"TWOGAUSSIANS",8,5.3896914,0.7062387,0.0030824768,0.4,0.0,0.58420956,0.047731053,0.30423415,0.0745238,0.4,0.29007155,0.22376342,1.2758644E7
375316653866487564,4207241631203450112,0.48188093,2199.3997289715794,1.8947229813014077,7.6074844E-5,19.157867,0.01250771,0.16342854,0.07138321,0.065295376,0.036359344,0.10647468,0.041929938,0.74171954,0.019388951,0.11091911,0.02064789,0.21813251,0.022853978,null,null,null,null,"TWOGAUSSIANS",8,2.08917,0.74171954,0.019388951,0.4,0.0,0.21665065,0.023147332,0.16320854,0.071834,0.3656541,0.19388303,0.10515213,0.03992833
375316653866487564,4207241974810161280,0.5090659,2159.7747011315296,2.0099608421191144,5.7861515E-5,19.847387,0.048676983,0.36675137,0.0068341233,0.039504874,0.012011669,1.2158535,28.700718,0.70805115,0.05497318,0.14079322,0.081769735,0.0741172,0.05652207,null,null,null,null,"TWOGAUSSIANS",8,1.3637009,0.36684138,0.0066358945,0.2212273,0.06726535,1.2194389,28.700085,0.70805115,0.05497318,0.4,0.0,0.073773,0.045764543
375316653866487564,4207242936875347968,0.5226355,2264.2341737256925,0.10662779919566402,1.6165292E-4,18.843838,0.013788585,0.31851876,0.008074169,0.07611812,0.018580604,0.2766848,0.053770743,0.8375637,0.034242984,0.08295394,0.024438094,0.19433738,0.025998462,null,null,null,null,"TWOGAUSSIANS",8,2.1673586,0.31851876,0.008074169,0.4,0.0034363086,0.27444816,0.05700675,0.8375637,0.034242984,0.4,0.05767888,0.19210073,0.023908233
375316653866487564,4207243555354494336,0.50648046,2233.0348810939095,0.41701886200795873,4.510133E-6,16.4304,0.0038013489,0.28704023,0.005165642,0.032878313,0.006436697,0.18181048,0.07976847,0.7354197,6.319837E-6,0.007942415,2.0590522E-4,1.2817559,0.101036996,null,null,null,null,"TWOGAUSSIANS",8,27.020554,0.7354197,6.319837E-6,0.044477522,0.0011530692,1.2817559,0.101036996,0.28704023,0.005165642,0.18411857,0.036045503,0.18181048,0.07976847
375316653866487564,4207246162397018752,0.6366863,2190.163280115782,2.1520361877519174,7.727073E-6,14.809377,0.0069716168,0.22144061,0.0018368693,0.04827964,0.0037785056,0.35350186,0.030748047,0.73622054,0.01027762,0.06005997,0.0058564153,0.28891066,0.060154986,0.11163143,0.010253139,0.22144061,0.0018368693,"TWOGAUSSIANS_WITH_ELLIPSOIDAL_ON_ECLIPSE1",9,76.97135,0.22144061,0.0018368693,0.27036598,0.02115963,0.57674676,0.033485193,0.73622054,0.01027762,0.3363358,0.03279593,0.51023567,0.057556808
375316653866487564,4207246475925370112,0.47046205,2201.231236359278,0.10659880668271474,3.0378655E-5,19.570173,0.11555433,0.2646886,0.010035501,0.1121158,0.02247289,0.43561146,0.0997645,0.79611427,0.010967739,0.14284997,0.029798733,0.43645173,0.11412838,null,null,null,null,"TWOGAUSSIANS",8,1.7843364,0.26363862,0.009256811,0.4,0.0,0.33963174,0.03784493,0.79622424,0.01080161,0.4,0.0,0.33808708,0.03326398
375316653866487564,4207247025688243968,0.54733306,2166.460661682059,3.2620715167037955,1.5164127E-5,18.2376,0.06690429,0.21738404,0.008375335,0.11805548,0.041741658,0.22420229,0.054495472,0.7137534,0.0038465199,0.092222065,0.015390222,0.27404314,0.062784664,null,null,null,null,"TWOGAUSSIANS",8,1.803594,0.7137534,0.0038465199,0.4,0.0,0.24663728,0.01674067,0.21738404,0.0083835125,0.4,0.0,0.19673914,0.014167214
375316653866487564,4207247433707429248,0.56236875,2168.566487362947,3.8338898291109476,2.006704E-5,19.090586,0.020147055,0.24675232,0.009537567,0.09416841,0.015776888,0.35664147,0.023490537,0.7709153,0.0054171695,0.07582548,0.007572432,0.42729643,0.03296378,null,null,null,null,"TWOGAUSSIANS",8,1.581345,0.7709153,0.0054171695,0.4,0.0,0.42068633,0.032258693,0.24675232,0.009537567,0.4,0.0,0.3500303,0.018554894
375316653866487564,4207248881114076160,0.56007695,2235.247877000108,3.2183695606305056,1.1652377E-5,18.972622,0.008232753,0.2307576,0.004843593,0.06972403,0.0054019312,0.5676878,0.064342245,0.73463887,0.0043988223,0.06468863,0.0034151892,0.4630212,0.021314155,null,null,null,null,"TWOGAUSSIANS",8,3.6080644,0.2307576,0.004843593,0.39045456,0.030250816,0.5667746,0.06464018,0.73463887,0.0043988223,0.36225632,0.01912506,0.46210802,0.021112246
375316653866487564,4207249946266086016,0.5911823,2221.083559524797,2.996480474666236,8.233917E-6,16.448973,0.003322224,0.26988876,0.004145143,0.030724332,0.0073945257,0.09721399,0.029575929,0.7709663,0.008617556,0.028963942,0.016937409,0.053412408,0.011681007,0.08764148,0.006491196,0.26988876,0.004145143,"TWOGAUSSIANS_WITH_ELLIPSOIDAL_ON_ECLIPSE1",9,10.52683,0.26988876,0.004145143,0.17205626,0.041409343,0.27249682,0.030413883,0.7709663,0.008464853,0.16219808,0.09484949,0.22868721,0.0164985
375316653866487564,4207253794558838016,0.6303761,2259.4870775135305,0.019870186350744987,1.0370331E-6,15.343621,6.496151E-4,0.44802153,8.337903E-7,7.6302025E-4,3.0561098E-6,0.12811543,6.7741744E-4,null,null,null,null,null,null,null,null,null,null,"ONEGAUSSIAN",5,2.4370008,0.44802153,8.337903E-7,0.0042729136,1.7114215E-5,0.12811543,0.0,null,null,null,null,null,null
375316653866487564,4207255886198315776,0.6071495,2255.427268839633,2.5787243281819574,8.857351E-6,18.748049,0.02114335,0.2271889,0.0029099546,0.0739212,0.0040463614,0.5985139,0.021694291,0.726098,0.007690508,0.07006361,0.0069211638,0.6613763,0.046788495,null,null,null,null,"TWOGAUSSIANS",8,3.626538,0.726098,0.007690508,0.39235625,0.025522003,0.65843195,0.046696473,0.2271889,0.0029099546,0.4,0.0,0.5955695,0.020377658
375316653866487564,4207256058002107136,0.48223874,2232.16305730223,4.03312410837521,3.239141E-5,19.881065,0.019180514,0.27119496,0.014195203,0.036048528,0.014190285,0.807594,5.621052,0.7560234,0.008094757,0.07879557,0.011475734,0.21538728,0.041864127,null,null,null,null,"TWOGAUSSIANS",8,2.0920508,0.27119496,0.014195203,0.20187177,0.07946559,0.80756867,5.621075,0.7560234,0.008094757,0.4,0.0,0.21536194,0.04186011
375316653866487564,4207258738056357376,0.47242045,2230.938943029627,2.9880496969458785,1.4549427E-4,18.380062,0.03175226,0.17228423,0.01602049,0.082470275,0.026791992,0.15308185,0.038046554,0.7313076,0.07033501,0.05445598,0.05966815,0.18109952,0.1205616,null,null,null,null,"TWOGAUSSIANS",8,5.9630294,0.7313076,0.070331655,0.3049535,0.24901713,0.1810228,0.12095489,0.17228423,0.01602049,0.4,0.00561518,0.15300503,0.032092504
375316653866487564,4207259292108125312,0.5414679,2225.175991951891,4.138491328872055,3.667314E-5,19.556202,0.026288321,0.21821631,0.0032769563,0.080701955,0.0068967924,0.47629225,0.042317912,0.7129797,0.015545302,0.103248484,0.015308372,0.4408519,0.03637931,null,null,null,null,"TWOGAUSSIANS",8,2.9370184,0.21821631,0.0032769563,0.4,0.0,0.45550928,0.041863706,0.7129797,0.015545302,0.4,0.0,0.42006162,0.03236715
375316653866487564,4207261143243345152,0.5736177,2240.698567459638,3.581643562833061,1.4820409E-5,18.985857,0.007853993,0.25160828,0.0062617995,0.077066354,0.005752702,0.294674,0.01285675,0.75579077,0.0073869326,0.04640456,0.006228677,0.25601348,0.019210244,null,null,null,null,"TWOGAUSSIANS",8,1.5439649,0.25160828,0.0062617995,0.4,0.0,0.2945444,0.012828227,0.75579077,0.0073869326,0.25986552,0.03488059,0.25588387,0.019200556
375316653866487564,4207261800379269376,0.46882975,2179.882898465768,0.17604886735086295,2.881527E-5,19.532812,0.1894969,0.32702935,0.026438266,0.11479955,0.035148878,0.7897405,0.26457503,0.7292883,0.03707004,0.14408237,0.06259836,0.64536077,0.21537948,null,null,null,null,"TWOGAUSSIANS",8,3.6860678,0.33154935,0.021923453,0.4,0.0,0.70645446,0.30452365,0.7292883,0.03707004,0.4,0.0,0.54999626,0.25876817
375316653866487564,4207261937815026432,0.5491445,2220.8167511070874,1.5993902398502933,1.46943E-5,17.10796,0.063003324,0.3472138,0.007066185,0.05441158,0.03561462,0.095751025,0.12951438,0.8597473,0.01739589,0.04142521,0.026469955,0.3325309,0.12744059,0.065394424,0.07322418,0.3472138,0.007066185,"TWOGAUSSIANS_WITH_ELLIPSOIDAL_ON_ECLIPSE1",9,22.101202,0.8597473,0.01739589,0.23198117,0.14823174,0.46250772,0.030303225,0.3472138,0.007066185,0.30470484,0.16639887,0.2265373,0.039873715
375316653866487564,4207268878484105984,0.5823582,2241.8427993329165,2.573770535290762,8.416162E-6,17.851007,0.0042114486,0.25282744,0.0043866104,0.09151708,0.005113514,0.17001674,0.005879668,0.74850494,0.002317909,0.08191478,0.0051835985,0.2034965,0.006285711,null,null,null,null,"TWOGAUSSIANS",8,1.4951847,0.74850494,0.002317909,0.4,0.0,0.19811419,0.007169053,0.25282744,0.0043866104,0.4,0.0,0.1646343,0.005368606
375316653866487564,4207270562111286656,0.5240524,2192.0407199129204,3.667121351043467,3.6344223E-5,17.57059,0.22364037,0.26089504,0.008921056,0.124142386,0.026651682,0.25291258,0.13873987,0.7344501,0.010269035,0.17948595,0.07935064,0.22252426,0.22098134,null,null,null,null,"TWOGAUSSIANS",8,4.320224,0.26446503,0.005747446,0.4,0.0,0.16164295,0.014244401,0.7344501,0.010269035,0.4,0.0,0.12150305,0.0067180838
375316653866487564,4207270660885446912,0.5688677,2202.3403722811126,3.3355868001715225,1.4826412E-5,19.136038,0.013568083,0.27644604,0.0028707918,0.07407881,0.0042920522,0.49095368,0.03559415,0.76473653,0.0026745666,0.07711103,0.0033284056,0.47928578,0.017666098,null,null,null,null,"TWOGAUSSIANS",8,2.0280495,0.27644604,0.0028707918,0.4,0.0,0.4877974,0.036009368,0.76473653,0.0026745666,0.4,0.0,0.47612947,0.017200561
375316653866487564,4207271485519218176,0.61291575,2209.588462679678,3.133756894115559,1.1854534E-5,17.470604,0.02042292,0.29282832,0.02010401,0.042376287,0.01482303,0.34937373,0.129896,0.8071048,0.0033726965,0.051182617,0.00770447,0.2552219,0.062578626,0.12725718,0.026001703,0.8071048,0.0033726965,"TWOGAUSSIANS_WITH_ELLIPSOIDAL_ON_ECLIPSE2",9,10.816835,0.2941583,0.019753361,0.23730722,0.08300897,0.60203385,0.13477662,0.8071048,0.0033726965,0.28662264,0.04314503,0.5097345,0.04208369
375316653866487564,4207276781224016256,0.5266328,2216.4944331290444,3.0180957622785707,1.6224221E-5,19.836329,0.014361374,0.30681333,0.015234894,0.11112679,0.019423082,0.21785063,0.071796715,0.89585185,5.5089954E-4,0.008346993,9.1877254E-4,0.18997109,0.015390824,null,null,null,null,"TWOGAUSSIANS",8,0.9806512,0.30681333,0.015234894,0.4,0.0,0.21783312,0.07180631,0.89585185,5.5994326E-4,0.04674316,0.0051451265,0.19018732,0.015730022
375316653866487564,4207278636650177792,0.5578038,2203.1319746510976,2.6418352582826756,5.0099097E-5,18.613028,0.0038653626,0.21288797,9.815879E-4,0.05374297,0.0011964381,0.5302314,0.003790175,0.7742287,0.022555703,0.020376544,0.0064001335,0.12808171,0.10767714,null,null,null,null,"TWOGAUSSIANS",8,2.1249733,0.21288797,9.815879E-4,0.30096063,0.0067000533,0.5302314,0.003790175,0.7742287,0.022555703,0.11410865,0.035840746,0.12808171,0.10767714
375316653866487564,4207282210063006592,0.55961645,2240.3938520635015,2.5254113284629556,2.4680081E-5,17.776093,0.019847604,0.21078683,0.006238147,0.08254433,0.01211746,0.24388243,0.01758184,0.7107565,0.006727522,0.09331358,0.012153608,0.27512687,0.0214348,null,null,null,null,"TWOGAUSSIANS",8,5.0143943,0.7107565,0.006727522,0.4,0.0,0.26601547,0.016050098,0.21078683,0.006238147,0.4,0.0,0.23477136,0.008692207
375316653866487564,4207283481371742080,0.5658423,2205.77567874934,3.0171532796438543,2.5997648E-5,19.644278,0.022118114,0.24817641,0.015483592,0.07546034,0.0159945,0.48566768,0.09973515,0.7507708,0.0048450525,0.07034276,0.008168302,0.38458896,0.026242832,null,null,null,null,"TWOGAUSSIANS",8,1.7979326,0.24817641,0.015483592,0.4,0.0078003095,0.4833878,0.1011131,0.7507708,0.0048450525,0.39391944,0.035336036,0.3823091,0.025433969
375316653866487564,4207287398381819008,0.5841319,2160.8039379671804,0.7026728651575681,1.0370331E-6,15.639904,6.2801136E-4,0.2522863,7.514391E-5,0.017992536,4.726589E-4,0.18752953,0.008953584,0.656303,3.8891103E-5,0.01622876,0.0014505703,0.09186798,0.034383062,null,null,null,null,"TWOGAUSSIANS",8,2.2210553,0.2522863,7.514391E-5,0.100758195,0.0026468898,0.18752953,0.008953584,0.656303,3.8891103E-5,0.09088105,0.008123194,0.09186798,0.034383062
375316653866487564,4207290830053866496,0.4831845,2160.657949297419,3.9685162723971206,2.5067951E-5,19.276371,0.26048866,0.30683136,0.01883205,0.14794485,0.04269359,0.42225945,0.24685195,0.82124066,0.034918968,0.17694274,0.09790667,0.34508997,0.26159555,null,null,null,null,"TWOGAUSSIANS",8,1.40598,0.30433133,0.017571004,0.4,0.0,0.22261775,0.023838937,0.8232507,0.03513668,0.4,0.0,0.13531844,0.01904054
375316653866487564,4207294682648080128,0.49911165,2193.980800279752,2.395627025072272,4.431187E-5,19.316286,0.018281255,0.31307593,0.036512855,0.028654031,0.021132253,0.40196884,6.3111506,0.7057982,0.067728855,0.1621122,0.1306548,0.032106172,0.014667692,null,null,null,null,"TWOGAUSSIANS",8,1.3513023,0.31312594,0.036567394,0.16046257,0.11834062,0.4030965,6.311087,0.7057982,0.067728855,0.4,0.10250396,0.03149743,0.011831844
375316653866487564,4207298354848164224,0.5664575,2153.0100955797748,0.7296284637788502,1.7726266E-5,18.71967,0.022582928,0.1741033,0.0055298875,0.057076678,0.014742119,0.14597999,0.015080179,0.6614834,0.039844904,0.032919105,0.06064876,1.0570141,0.9584244,null,null,null,null,"TWOGAUSSIANS",8,3.8027425,0.6614834,0.039844904,0.18434699,0.2277847,1.057014,0.96128774,0.1741033,0.0055298875,0.3196294,0.08255587,0.14597994,0.013407398
375316653866487564,4207299797945565824,0.5071268,2236.3659757912155,2.047792462791279,1.6806967E-5,18.584467,0.009841338,0.22427224,0.002961057,0.07295643,0.009925571,0.09159186,0.013619313,0.7301164,0.0068741958,0.054688316,0.010208784,0.18662491,0.022843616,null,null,null,null,"TWOGAUSSIANS",8,1.2656971,0.7301164,0.0068741958,0.30625457,0.05716919,0.18653001,0.022926653,0.22427224,0.002961057,0.4,0.025408711,0.09149695,0.01357968
375316653866487564,4207300863101412480,0.5003449,2225.977997576881,3.0655674062077116,2.5041805E-5,18.84899,0.047699686,0.2587306,0.005292189,0.100566685,0.014792368,0.2595805,0.045833815,0.75612515,0.0044331225,0.12504579,0.024178756,0.2109336,0.04662885,null,null,null,null,"TWOGAUSSIANS",8,2.3371854,0.2587406,0.0053034136,0.4,0.0,0.22146517,0.013073772,0.75612515,0.0044331225,0.4,0.0,0.17267771,0.01100138
375316653866487564,4207301176637651200,0.5330015,2245.8624420650344,1.2985999901593026,1.38074665E-5,17.170235,0.008470524,null,null,null,null,null,null,null,null,null,null,null,null,0.17970987,0.011284246,0.28809047,0.0045014373,"ELLIPSOIDAL",4,35.26316,null,null,null,null,null,null,null,null,null,null,null,null
375316653866487564,4207302482308761472,0.5092189,2229.9253802549197,1.1717193044496623,1.408382E-4,19.114002,0.016273692,0.4319022,0.029281335,0.14280568,0.06978987,0.10468145,0.03239494,0.8496486,0.0030918168,0.02586635,0.0026279364,0.8752406,0.24486808,null,null,null,null,"TWOGAUSSIANS",8,3.4624903,0.8496486,0.0030918168,0.14485157,0.014716444,0.876078,0.24494636,0.4319022,0.029281335,0.4,0.0,0.10404202,0.037197642
375316653866487564,4207314091612447744,0.48965025,2245.052879256888,0.02652663719215799,2.4387027E-5,19.58507,0.012037743,0.2952868,0.011720412,0.09714765,0.011532818,0.19211115,0.020617463,0.7657039,0.01280081,0.037346195,0.011206521,0.20218578,0.014171621,null,null,null,null,"TWOGAUSSIANS",8,1.2391037,0.7657039,0.01280081,0.20913869,0.062756516,0.20203725,0.013840667,0.2952868,0.011720412,0.4,0.0,0.191961,0.02050045
