Gaia/vari_eclipsing_binary/VariEclipsingBinary_469354-469410.csv
# %ECSV 1.0
# ---
# delimiter: ','
# meta: !!omap
# - RELEASE: Gaia DR3
# - TABLE: vari_eclipsing_binary
# - DESCRIPTION: >
#     This table describes the properties of the eclipsing binaries resulting from the variability analysis. 
# - CITATION: >
#     How to cite and acknowledge Gaia: 
#     https://gea.esac.esa.int/archive/documentation/credits.html 
# - KNOWN_ISSUES: >
#     Known issues: 
#     https://www.cosmos.esa.int/web/gaia-users/known-issues 
# - DOCUMENTATION: >
#     Tutorials and documentation: 
#     https://www.cosmos.esa.int/web/gaia-users/archive 
# datatype:
# - 
#   name: solution_id
#   datatype: int64
#   description: Solution Identifier
#   meta:
#     ucd: meta.version
# - 
#   name: source_id
#   datatype: int64
#   description: Unique source identifier
#   meta:
#     ucd: meta.id;meta.main
# - 
#   name: global_ranking
#   datatype: float32
#   description: Number between 0 (worst) and 1 (best)
#   meta:
#     ucd: stat.param
# - 
#   name: reference_time
#   datatype: float64
#   unit: d
#   description: Reference time used for the geometric model fit
#   meta:
#     ucd: time.epoch
# - 
#   name: frequency
#   datatype: float64
#   unit: d**-1
#   description: Frequency of geometric model of the eclipsing binary light curve
#   meta:
#     ucd: src.orbital
# - 
#   name: frequency_error
#   datatype: float32
#   unit: d**-1
#   description: "Uncertainty of \\texttt{frequency}"
#   meta:
#     ucd: stat.error
# - 
#   name: geom_model_reference_level
#   datatype: float32
#   unit: mag
#   description: Magnitude reference level of geometric model
#   meta:
#     ucd: phot.mag;em.opt
# - 
#   name: geom_model_reference_level_error
#   datatype: float32
#   unit: mag
#   description: "Uncertainty of \\texttt{geomModelReferenceLevel}"
#   meta:
#     ucd: stat.error;phot.mag;em.opt
# - 
#   name: geom_model_gaussian1_phase
#   datatype: float32
#   description: Phase of the Gaussian 1 component
#   meta:
#     ucd: time.phase
# - 
#   name: geom_model_gaussian1_phase_error
#   datatype: float32
#   description: "Uncertainty of \\texttt{geomModelGaussian1Phase}"
#   meta:
#     ucd: stat.error;time.phase
# - 
#   name: geom_model_gaussian1_sigma
#   datatype: float32
#   description: "Standard deviation [phase] of Gaussian 1 component"
#   meta:
#     ucd: stat.stdev
# - 
#   name: geom_model_gaussian1_sigma_error
#   datatype: float32
#   description: "Uncertainty of \\texttt{geomModelGaussian1Sigma}"
#   meta:
#     ucd: stat.error
# - 
#   name: geom_model_gaussian1_depth
#   datatype: float32
#   unit: mag
#   description: Magnitude depth of Gaussian 1 component
#   meta:
#     ucd: src.var.amplitude
# - 
#   name: geom_model_gaussian1_depth_error
#   datatype: float32
#   unit: mag
#   description: "Uncertainty of \\texttt{geomModelGaussian1Depth}"
#   meta:
#     ucd: stat.error;src.var.amplitude
# - 
#   name: geom_model_gaussian2_phase
#   datatype: float32
#   description: Phase of Gaussian 2 component
#   meta:
#     ucd: time.phase
# - 
#   name: geom_model_gaussian2_phase_error
#   datatype: float32
#   description: "Uncertainty of \\texttt{geomModelGaussian2Phase}"
#   meta:
#     ucd: stat.error;time.phase
# - 
#   name: geom_model_gaussian2_sigma
#   datatype: float32
[...]
#   datatype: float32
#   description: "Secondary eclipse: uncertainty of \\texttt{derivedSecondaryEclDuration}"
#   meta:
#     ucd: stat.error;time.duration
# - 
#   name: derived_secondary_ecl_depth
#   datatype: float32
#   unit: mag
#   description: "Secondary eclipse: depth"
#   meta:
#     ucd: src.var.amplitude
# - 
#   name: derived_secondary_ecl_depth_error
#   datatype: float32
#   unit: mag
#   description: "Secondary eclipse: uncertainty of \\texttt{derivedSecondaryEclDepth}"
#   meta:
#     ucd: stat.error;src.var.amplitude
solution_id,source_id,global_ranking,reference_time,frequency,frequency_error,geom_model_reference_level,geom_model_reference_level_error,geom_model_gaussian1_phase,geom_model_gaussian1_phase_error,geom_model_gaussian1_sigma,geom_model_gaussian1_sigma_error,geom_model_gaussian1_depth,geom_model_gaussian1_depth_error,geom_model_gaussian2_phase,geom_model_gaussian2_phase_error,geom_model_gaussian2_sigma,geom_model_gaussian2_sigma_error,geom_model_gaussian2_depth,geom_model_gaussian2_depth_error,geom_model_cosine_half_period_amplitude,geom_model_cosine_half_period_amplitude_error,geom_model_cosine_half_period_phase,geom_model_cosine_half_period_phase_error,model_type,num_model_parameters,reduced_chi2,derived_primary_ecl_phase,derived_primary_ecl_phase_error,derived_primary_ecl_duration,derived_primary_ecl_duration_error,derived_primary_ecl_depth,derived_primary_ecl_depth_error,derived_secondary_ecl_phase,derived_secondary_ecl_phase_error,derived_secondary_ecl_duration,derived_secondary_ecl_duration_error,derived_secondary_ecl_depth,derived_secondary_ecl_depth_error
[from data line 37]
375316653866487564,4128523023946050944,0.49488175,2182.973171033367,1.577660512578371,1.07575936E-4,19.076265,0.011432994,0.23074779,0.012531736,0.074349195,0.016895453,0.12219745,0.02515689,0.71083796,0.0070810155,0.033706933,0.0075838445,0.31625992,0.04957399,null,null,null,null,"TWOGAUSSIANS",8,3.0163329,0.71083796,0.0070810155,0.18875884,0.042469528,0.3162571,0.04958334,0.23074779,0.012531736,0.4,0.03480775,0.12219462,0.025161339
375316653866487564,4128523539349764992,0.6954397,2225.1469274514025,0.9180498744596133,2.6131165E-6,14.730951,0.0015496875,0.6329974,0.040176164,0.08222948,0.035088126,0.00837463,0.0042244354,0.36410227,4.0186095E-4,0.042032883,4.490233E-4,0.5393757,0.0031688916,null,null,null,null,"TWOGAUSSIANS",8,18.276876,0.36411226,4.047308E-4,0.23538414,0.0025145304,0.5394156,0.003159676,0.6329974,0.040176164,0.4,0.08519876,0.008374629,0.0042244606
375316653866487564,4128524153505159296,0.4864229,2235.7543319759493,0.14097444701971967,2.9610346E-5,17.994438,0.008102966,0.0639498,2.9020741E-6,0.01072886,5.108828E-4,0.12927328,0.0071210065,0.57046115,0.0048256167,0.13113864,0.009240715,0.35456416,0.033021934,null,null,null,null,"TWOGAUSSIANS",8,7.028786,0.57046115,0.0048256167,0.4,0.0,0.35375276,0.033469316,0.0639498,2.9020741E-6,0.060081616,0.002860944,0.12896451,0.0069654486
375316653866487564,4128524329615818496,0.56410414,2182.7230321721204,2.833681348153952,7.1889854E-6,18.90115,0.007130462,0.19493382,0.0022430727,0.062525205,0.0021184753,0.517198,0.025197595,0.69375896,0.0024750312,0.06552341,0.0020258431,0.6670964,0.037046462,null,null,null,null,"TWOGAUSSIANS",8,4.567325,0.69375896,0.0024750312,0.36693108,0.011344722,0.6665411,0.037108954,0.19493382,0.0022430727,0.35014117,0.011863461,0.51664275,0.025211163
375316653866487564,4128525871492002048,0.50614476,2226.1157023325723,1.7229323466383373,4.7103145E-5,18.477674,0.002982999,0.45384467,0.0040066647,0.043710854,0.007502859,0.23654021,0.0252859,null,null,null,null,null,null,null,null,null,null,"ONEGAUSSIAN",5,3.6923478,0.45384467,0.0040066647,0.24478078,0.04201601,0.23654021,0.0,null,null,null,null,null,null
375316653866487564,4128527662518196096,0.46560377,2226.1024577893377,2.443460060161232,4.7652116E-5,18.324137,0.05457071,0.2883653,0.016284399,0.086896814,0.16129743,0.15008451,0.03338225,0.85117203,0.009132614,0.0571384,0.011290448,0.13747206,0.022972293,null,null,null,null,"TWOGAUSSIANS",8,5.6712084,0.2883653,0.016284399,0.4,0.0,0.14994739,0.07767334,0.85117203,0.008427383,0.31997502,0.063226506,0.13733542,0.016816651
375316653866487564,4128529170027129600,0.5770399,2265.478677111996,0.3679049814804787,1.3481456E-4,18.25339,0.0030376313,0.64050114,3.4357497E-4,0.028575592,0.0011210411,0.20811363,0.0025891962,0.8683292,0.027205618,0.072562695,0.038728733,0.014945587,0.0035352828,null,null,null,null,"TWOGAUSSIANS",8,0.60477746,0.64052117,3.104705E-4,0.16002332,0.0062778303,0.2082218,0.0030724015,0.8683292,0.027205618,0.4,0.13478692,0.014945587,0.0035352814
375316653866487564,4128531304650732672,0.4631744,2241.238393541547,2.9492062612497327,3.887585E-5,15.731669,0.0048117004,0.16368687,0.00462831,0.01155753,0.009951948,0.10051807,0.25376877,0.7922179,0.030735388,0.04678468,0.0226594,0.051557165,0.0185928,0.022872219,0.0059452215,0.16368687,0.00462831,"TWOGAUSSIANS_WITH_ELLIPSOIDAL_ON_ECLIPSE1",9,70.31174,0.16368687,0.00462831,0.064722165,0.05573091,0.14626238,0.25409716,0.7922179,0.030735388,0.2619942,0.12689264,0.07341469,0.019134022
375316653866487564,4128531957478106752,0.52260166,2240.8164988892568,3.0855416315923456,2.3374205E-5,19.523443,0.010447389,0.2859221,0.004738113,0.06715482,0.008186552,0.32609954,0.049086124,0.7933215,0.004725017,0.07334506,0.0060936045,0.31578496,0.017958581,null,null,null,null,"TWOGAUSSIANS",8,1.2260052,0.2859221,0.004738113,0.37606698,0.038565442,0.32515642,0.049654897,0.7933215,0.004725017,0.4,0.0026019025,0.31484184,0.017865727
375316653866487564,4128532159324377472,0.6119148,2272.9809124774315,0.5972347015072996,7.517471E-6,16.608713,0.002219188,0.26654202,0.0032310982,0.032905236,0.0029435134,0.17279014,0.010372099,0.7686116,0.001252061,0.028369948,0.0038909635,0.74503034,0.6811087,0.026422178,0.0031572275,0.26654202,0.0032310982,"TWOGAUSSIANS_WITH_ELLIPSOIDAL_ON_ECLIPSE1",9,3.4723036,0.7686116,0.001252061,0.15887171,0.021789396,0.7978658,0.68456745,0.26654202,0.0032310982,0.18426931,0.016483676,0.22563449,0.0105046015
375316653866487564,4128532537281537408,0.49335182,2251.26735075309,0.05062853868018899,2.95583E-5,18.701702,0.005726381,0.40180644,0.008033607,0.029851986,0.009013478,0.24820553,0.028483154,0.8434335,0.0066350484,0.057194397,0.008391406,0.39133775,0.13295102,null,null,null,null,"TWOGAUSSIANS",8,3.3394704,0.8434335,0.0066350484,0.32028863,0.046991874,0.39133775,0.13295102,0.40180644,0.008033607,0.16717112,0.050475474,0.24820553,0.028483171
375316653866487564,4128532747759636096,0.41605097,2236.797818209301,0.2755281775774815,2.646814E-5,15.027596,0.019860838,null,null,null,null,null,null,null,null,null,null,null,null,0.074526824,0.034480046,0.16932873,0.0065160957,"ELLIPSOIDAL",4,462.82178,null,null,null,null,null,null,null,null,null,null,null,null
375316653866487564,4128533190116554368,0.43595734,2247.186297652811,2.557578812537063,6.906501E-5,16.131187,0.2791245,0.22777879,0.012842434,0.15680923,0.045634244,0.22987996,0.23672183,0.72130823,0.0074728937,0.16574785,0.07148148,0.23331393,0.26588655,null,null,null,null,"TWOGAUSSIANS",8,65.728745,0.72130823,0.0074728937,0.4,0.0,0.10119993,0.018355094,0.22896878,0.012939804,0.4,0.0,0.09986103,0.015218834
375316653866487564,4128534465716784000,0.4902593,2234.9389186788003,3.8363021886598707,8.208637E-5,19.155254,0.0066189454,0.28731307,0.018577816,0.03906132,0.017631814,0.5031816,3.5862458,0.57114846,0.13659154,0.05698714,0.06332442,0.05876179,2.8705509,null,null,null,null,"TWOGAUSSIANS",8,2.8207743,0.28731307,0.018577816,0.21874338,0.098738156,0.5031818,3.586248,0.57114846,0.13659154,0.31912798,0.35461676,0.05876179,2.870551
375316653866487564,4128534706261127296,0.5983588,2235.4238353823357,1.4943431035100352,7.72295E-6,16.910624,0.0051653204,0.2349167,0.0020769564,0.049344953,0.0069545293,0.08335209,0.013231305,0.736141,0.0051791887,0.05065223,0.0075508677,0.15875918,0.02742826,0.08460284,0.007337148,0.2349167,0.0020769564,"TWOGAUSSIANS_WITH_ELLIPSOIDAL_ON_ECLIPSE1",9,5.114707,0.736141,0.005176687,0.28365248,0.04228486,0.32795367,0.030800065,0.2349167,0.0020769564,0.27633172,0.038945366,0.2525566,0.0043790964
375316653866487564,4128534839384323840,0.48370153,2219.3817704873545,1.064836726636663,7.0977E-5,18.888815,0.005269211,0.28945127,0.010663369,0.038044207,0.0064471513,0.22747277,0.10826898,0.8727833,0.017396158,0.017495701,0.004448382,2.2161624,1.7287883,null,null,null,null,"TWOGAUSSIANS",8,1.6259115,0.8727833,0.017396158,0.09797593,0.02491094,2.2161624,1.7287883,0.28945127,0.010663369,0.21304755,0.036104046,0.22747277,0.10826898
375316653866487564,4128535599588281984,0.5061789,2245.6641597066164,3.2666131329015364,4.9583246E-5,19.330374,0.024921132,0.2202266,0.017347632,0.09180092,0.027817754,0.31566516,0.019967422,0.7139139,0.00959899,0.08888378,0.014169163,0.32065699,0.038426366,null,null,null,null,"TWOGAUSSIANS",8,2.9393446,0.7139139,0.00959899,0.4,0.0,0.30811316,0.035866816,0.2202266,0.017347632,0.4,0.025946837,0.30312118,0.02325355
375316653866487564,4128535805746776704,0.57571983,2254.5684674774443,3.1137685513675635,1.7513052E-5,18.921623,0.009132382,0.2734623,0.0028379466,0.07732981,0.0035947964,0.469743,0.029020337,0.78283334,0.0058137802,0.074705124,0.0053101103,0.50541484,0.03645388,null,null,null,null,"TWOGAUSSIANS",8,2.824817,0.78283334,0.0058137802,0.4,0.0,0.5018588,0.036780626,0.2734623,0.0028379466,0.4,0.0,0.4661869,0.029461997
375316653866487564,4128536286783068544,0.57791466,2216.3277370151486,3.1892791488419907,2.137139E-5,19.060678,0.0053665764,0.22944018,0.007204852,0.07083414,0.0065736487,0.37286073,0.015182555,0.7340969,0.0017199275,0.067430966,0.0027129236,0.4113626,0.012062483,null,null,null,null,"TWOGAUSSIANS",8,1.4885738,0.7340969,0.0017199275,0.37761343,0.015192372,0.4103618,0.012093367,0.22944018,0.007204852,0.39667118,0.013785431,0.37185994,0.015260816
375316653866487564,4128536389862329600,0.45463398,2245.3782712423035,0.039825006999180845,1.1222741E-4,18.006674,0.009682469,0.39226228,0.028980512,0.10171384,0.018347604,0.15313832,0.019398695,0.08874694,0.014847059,0.0122254295,0.013740568,0.056691796,0.035424925,null,null,null,null,"TWOGAUSSIANS",8,9.679848,0.39226228,0.028980512,0.4,0.0,0.15313658,0.019398091,0.08888694,0.015002719,0.06846241,0.07694718,0.05847826,0.03541739
375316653866487564,4128536664766641408,0.4939624,2236.5249603578927,0.3698345585051357,7.141147E-5,17.714548,0.38089442,0.066955596,0.032630682,0.12933218,0.051330745,0.18538032,0.24345684,0.5754664,0.0049008923,0.19843125,0.077668734,0.5196574,0.37237322,null,null,null,null,"TWOGAUSSIANS",8,5.7143803,0.57558644,0.005039915,0.4,0.0,0.32092407,0.025986314,0.057165593,0.035930198,0.4,0.0,0.030340003,0.011232718
375316653866487564,4128537455016576384,0.6366884,2218.4226143910614,2.9730783289809066,1.1447645E-5,19.083857,0.008392086,0.24439065,0.0017137533,0.040733475,0.0036409174,0.34600815,0.027186777,0.741454,0.004042005,0.032358114,0.0046165143,0.3716716,0.039018877,0.18838452,0.021675251,0.24439065,0.0017137533,"TWOGAUSSIANS_WITH_ELLIPSOIDAL_ON_ECLIPSE1",9,3.3830671,0.741684,0.0037415542,0.18120544,0.02585248,0.7483221,0.034832157,0.24439065,0.0017137533,0.22810747,0.020389138,0.722777,0.023911977
375316653866487564,4128539477947946368,0.5379361,2192.517794296057,2.7615155475544744,1.3441539E-5,17.51031,0.025389325,0.25658712,0.0083520515,0.09093729,0.013794836,0.21849655,0.025867546,0.7764952,0.003360857,0.10582716,0.015180434,0.19651012,0.020986319,null,null,null,null,"TWOGAUSSIANS",8,4.7566533,0.25657713,0.008360641,0.4,0.0,0.20597845,0.017101564,0.7764952,0.003360857,0.4,0.0,0.18398444,0.01150463
375316653866487564,4128539546679975680,0.52849936,2195.3399279009564,2.758224312988774,1.9482168E-5,18.456697,0.039192583,0.207053,0.00758429,0.1016697,0.022845684,0.24978152,0.02776613,0.71089786,0.0064116777,0.102089696,0.016921056,0.24969114,0.036586612,null,null,null,null,"TWOGAUSSIANS",8,2.8106918,0.207053,0.007589664,0.4,0.0,0.22630061,0.025834188,0.71089786,0.0064076534,0.4,0.0,0.22620994,0.018418975
375316653866487564,4128540341232435712,0.5450161,2226.8939333059407,2.792885360301047,1.2950105E-5,18.415491,0.008374772,0.2740481,0.0019768146,0.03807122,0.0041308613,0.17611502,0.016737115,null,null,null,null,null,null,0.101045884,0.009697828,0.2740481,0.0019768146,"ONEGAUSSIAN_WITH_ELLIPSOIDAL",6,5.3013635,0.2740481,0.0019768146,0.21319883,0.023132822,0.37820676,0.0104396185,null,null,null,null,null,null
375316653866487564,4128541195934924672,0.45443687,2219.737813903825,0.9577737845036871,1.0754574E-5,16.846598,0.0023509944,0.2186664,0.0037508155,0.032660674,0.0051932153,0.046004202,0.004728296,0.49556735,0.010718333,0.052965906,0.010047726,0.046694838,0.0063933795,null,null,null,null,"TWOGAUSSIANS",8,4.614931,0.49556735,0.010718333,0.29660907,0.05626727,0.046694838,0.0063933795,0.2186664,0.0037508155,0.18289977,0.029082006,0.046004258,0.00472834
375316653866487564,4128541883125214464,0.62879574,2232.1193932400947,0.34816190845395895,6.8153377E-6,17.423937,0.004498503,0.2972633,0.0030969128,0.040092323,0.00602587,0.4197263,0.0113605,0.7995843,0.0014281648,0.044436034,0.0026127303,0.16311339,0.006636614,null,null,null,null,"TWOGAUSSIANS",8,3.7446358,0.2972633,0.0030969128,0.22451702,0.03374487,0.4197263,0.011360522,0.7995843,0.0014281648,0.24884179,0.01463129,0.16311337,0.0066365935
375316653866487564,4128542196658354176,0.5632897,2213.017599660781,2.8247601895407026,1.6244041E-5,19.097897,0.015966756,0.24876261,0.002266422,0.077044114,0.0048410264,0.46923137,0.022655385,0.73232615,0.007776736,0.084001735,0.0068360264,0.5201159,0.0869817,null,null,null,null,"TWOGAUSSIANS",8,2.3947523,0.73232615,0.007776736,0.4,0.0,0.5143305,0.087983966,0.24876261,0.002266422,0.4,0.0,0.46344602,0.02294492
375316653866487564,4128543055677974656,0.47607264,2290.4878840888277,0.012848016632497827,6.698379E-5,18.135962,0.008191066,0.43453902,0.014032976,0.09652931,0.030915434,0.2563193,0.024878034,0.72235435,0.043328386,0.09529117,0.036838558,0.19731697,0.026992368,null,null,null,null,"TWOGAUSSIANS",8,10.698106,0.437089,0.011799202,0.4,0.0,0.2580073,0.026199404,0.72235435,0.043328386,0.4,0.054927178,0.19986826,0.023698166
375316653866487564,4128543193092695808,0.5480659,2236.5409216906114,3.041528822723766,1.747265E-5,19.405014,0.027040193,0.18149157,0.00859174,0.08376351,0.010739014,0.6221411,0.05405754,0.6915763,0.003880486,0.076082274,0.0060923113,0.5919518,0.036359053,null,null,null,null,"TWOGAUSSIANS",8,3.3543673,0.18149157,0.00859174,0.4,0.0,0.6146782,0.058865458,0.6915763,0.003880486,0.4,0.0,0.5844889,0.034737777
375316653866487564,4128543296172024192,0.5910491,2226.8254190355683,2.598683286611091,9.326684E-6,18.745079,0.011996692,0.32696357,0.004380829,0.079456896,0.0057938197,0.45625782,0.016217673,0.81991136,0.0014973473,0.07464587,0.0030002429,0.5157267,0.013969244,null,null,null,null,"TWOGAUSSIANS",8,3.001688,0.81991136,0.0014973473,0.4,0.0,0.5114145,0.013672368,0.32696357,0.004380829,0.4,0.0,0.45194563,0.016625147
375316653866487564,4128544395684156928,0.5149529,2248.8991812629174,2.5248375464636594,2.7779759E-5,19.073944,0.02874328,0.2571724,0.0331997,0.0638,0.03204694,0.2964526,0.04715057,0.7282379,0.0037955798,0.07988702,0.009037141,0.64211386,0.044949245,null,null,null,null,"TWOGAUSSIANS",8,11.023456,0.7282379,0.0037955798,0.4,0.0,0.64108336,0.04440047,0.2571724,0.0331997,0.35728,0.09401504,0.29542214,0.04280318
375316653866487564,4128544597546745600,0.5118433,2249.9433067737955,0.06921722857760006,1.8029474E-5,18.18439,0.0061998186,0.6283851,1.8215021E-4,0.0021760114,5.0797913E-4,0.25903884,0.16672657,0.8117832,0.019781122,0.0046331417,0.0075998274,0.6217895,61.444145,0.034000695,0.01000266,0.8117832,0.019781122,"TWOGAUSSIANS_WITH_ELLIPSOIDAL_ON_ECLIPSE2",9,10.413296,0.8117832,0.019781122,0.025945595,0.04255903,0.6897908,61.444748,0.62839514,1.7537645E-4,0.012185665,0.0028446831,0.27026796,0.16730039
375316653866487564,4128545151596743936,0.52490133,2194.1386151029565,2.899288986377022,2.5836216E-5,19.322075,0.015112017,0.24301241,0.010403758,0.06402201,0.008374268,0.556508,0.05831876,0.75408846,0.004402669,0.06511344,0.0065421187,0.577467,0.035273455,null,null,null,null,"TWOGAUSSIANS",8,5.451009,0.75408846,0.004402669,0.36463526,0.036635865,0.5770168,0.035434417,0.24301241,0.010403758,0.35852328,0.046895903,0.55605775,0.058216628
375316653866487564,4128546006293904640,0.56172144,2223.1596461379436,2.4916912494903367,9.969578E-6,18.678091,0.008688028,0.2827188,0.0023668772,0.07016814,0.0030507648,0.44504365,0.025590459,0.7849736,0.0031856275,0.06607868,0.00880375,0.36173528,0.018165931,null,null,null,null,"TWOGAUSSIANS",8,4.298973,0.2827188,0.0023668772,0.39294156,0.016459377,0.44414276,0.025665475,0.7849736,0.0031856275,0.3700406,0.049301002,0.3608344,0.018499391
375316653866487564,4128546556051297664,0.5208861,2218.148667672116,2.391419598076407,2.9940197E-6,18.924473,0.0061939303,0.22577393,0.0031201807,0.02496565,0.007972392,0.4795525,0.25174332,0.6471869,0.021275086,0.023848873,0.005229652,1.1995038,1.4979945,null,null,null,null,"TWOGAUSSIANS",8,4.8424907,0.6471869,0.021275086,0.13355368,0.02928605,1.1995038,1.4979945,0.22577393,0.0031201807,0.13980764,0.0446454,0.4795525,0.25174332
