Gaia/vari_eclipsing_binary/VariEclipsingBinary_529438-529452.csv
# %ECSV 1.0
# ---
# delimiter: ','
# meta: !!omap
# - RELEASE: Gaia DR3
# - TABLE: vari_eclipsing_binary
# - DESCRIPTION: >
#     This table describes the properties of the eclipsing binaries resulting from the variability analysis. 
# - CITATION: >
#     How to cite and acknowledge Gaia: 
#     https://gea.esac.esa.int/archive/documentation/credits.html 
# - KNOWN_ISSUES: >
#     Known issues: 
#     https://www.cosmos.esa.int/web/gaia-users/known-issues 
# - DOCUMENTATION: >
#     Tutorials and documentation: 
#     https://www.cosmos.esa.int/web/gaia-users/archive 
# datatype:
# - 
#   name: solution_id
#   datatype: int64
#   description: Solution Identifier
#   meta:
#     ucd: meta.version
# - 
#   name: source_id
#   datatype: int64
#   description: Unique source identifier
#   meta:
#     ucd: meta.id;meta.main
# - 
#   name: global_ranking
#   datatype: float32
#   description: Number between 0 (worst) and 1 (best)
#   meta:
#     ucd: stat.param
# - 
#   name: reference_time
#   datatype: float64
#   unit: d
#   description: Reference time used for the geometric model fit
#   meta:
#     ucd: time.epoch
# - 
#   name: frequency
#   datatype: float64
#   unit: d**-1
#   description: Frequency of geometric model of the eclipsing binary light curve
#   meta:
#     ucd: src.orbital
# - 
#   name: frequency_error
#   datatype: float32
#   unit: d**-1
#   description: "Uncertainty of \\texttt{frequency}"
#   meta:
#     ucd: stat.error
# - 
#   name: geom_model_reference_level
#   datatype: float32
#   unit: mag
#   description: Magnitude reference level of geometric model
#   meta:
#     ucd: phot.mag;em.opt
# - 
#   name: geom_model_reference_level_error
#   datatype: float32
#   unit: mag
#   description: "Uncertainty of \\texttt{geomModelReferenceLevel}"
#   meta:
#     ucd: stat.error;phot.mag;em.opt
# - 
#   name: geom_model_gaussian1_phase
#   datatype: float32
#   description: Phase of the Gaussian 1 component
#   meta:
#     ucd: time.phase
# - 
#   name: geom_model_gaussian1_phase_error
#   datatype: float32
#   description: "Uncertainty of \\texttt{geomModelGaussian1Phase}"
#   meta:
#     ucd: stat.error;time.phase
# - 
#   name: geom_model_gaussian1_sigma
#   datatype: float32
#   description: "Standard deviation [phase] of Gaussian 1 component"
#   meta:
#     ucd: stat.stdev
# - 
#   name: geom_model_gaussian1_sigma_error
#   datatype: float32
#   description: "Uncertainty of \\texttt{geomModelGaussian1Sigma}"
#   meta:
#     ucd: stat.error
# - 
#   name: geom_model_gaussian1_depth
#   datatype: float32
#   unit: mag
#   description: Magnitude depth of Gaussian 1 component
#   meta:
#     ucd: src.var.amplitude
# - 
#   name: geom_model_gaussian1_depth_error
#   datatype: float32
#   unit: mag
#   description: "Uncertainty of \\texttt{geomModelGaussian1Depth}"
#   meta:
#     ucd: stat.error;src.var.amplitude
# - 
#   name: geom_model_gaussian2_phase
#   datatype: float32
#   description: Phase of Gaussian 2 component
#   meta:
#     ucd: time.phase
# - 
#   name: geom_model_gaussian2_phase_error
#   datatype: float32
#   description: "Uncertainty of \\texttt{geomModelGaussian2Phase}"
#   meta:
#     ucd: stat.error;time.phase
# - 
#   name: geom_model_gaussian2_sigma
#   datatype: float32
[...]
#   datatype: float32
#   description: "Secondary eclipse: uncertainty of \\texttt{derivedSecondaryEclDuration}"
#   meta:
#     ucd: stat.error;time.duration
# - 
#   name: derived_secondary_ecl_depth
#   datatype: float32
#   unit: mag
#   description: "Secondary eclipse: depth"
#   meta:
#     ucd: src.var.amplitude
# - 
#   name: derived_secondary_ecl_depth_error
#   datatype: float32
#   unit: mag
#   description: "Secondary eclipse: uncertainty of \\texttt{derivedSecondaryEclDepth}"
#   meta:
#     ucd: stat.error;src.var.amplitude
solution_id,source_id,global_ranking,reference_time,frequency,frequency_error,geom_model_reference_level,geom_model_reference_level_error,geom_model_gaussian1_phase,geom_model_gaussian1_phase_error,geom_model_gaussian1_sigma,geom_model_gaussian1_sigma_error,geom_model_gaussian1_depth,geom_model_gaussian1_depth_error,geom_model_gaussian2_phase,geom_model_gaussian2_phase_error,geom_model_gaussian2_sigma,geom_model_gaussian2_sigma_error,geom_model_gaussian2_depth,geom_model_gaussian2_depth_error,geom_model_cosine_half_period_amplitude,geom_model_cosine_half_period_amplitude_error,geom_model_cosine_half_period_phase,geom_model_cosine_half_period_phase_error,model_type,num_model_parameters,reduced_chi2,derived_primary_ecl_phase,derived_primary_ecl_phase_error,derived_primary_ecl_duration,derived_primary_ecl_duration_error,derived_primary_ecl_depth,derived_primary_ecl_depth_error,derived_secondary_ecl_phase,derived_secondary_ecl_phase_error,derived_secondary_ecl_duration,derived_secondary_ecl_duration_error,derived_secondary_ecl_depth,derived_secondary_ecl_depth_error
[from data line 369]
375316653866487564,4657096639021092480,0.50284445,2240.510609192567,1.4615173911629031,2.1635731E-5,19.283258,0.016036486,0.27102005,0.0062882677,0.06223612,0.0053591207,0.4047513,0.017695822,0.7710144,0.012504046,0.054275155,0.012764816,0.6303443,0.15646714,null,null,null,null,"TWOGAUSSIANS",8,3.837599,0.7710144,0.012504046,0.30394086,0.07148297,0.63024503,0.15667917,0.27102005,0.0062882677,0.34852228,0.030011075,0.40465206,0.017593414
375316653866487564,4657096639021176960,0.4286497,2205.6867903985058,1.1599093452346814,9.6641095E-5,18.04355,0.010496044,0.2504504,0.027524453,0.055947483,0.012615813,0.018441092,0.032386974,0.7478132,0.008997092,0.011646707,0.008621147,0.8304698,1.1334198,0.032703113,0.01290252,0.2504504,0.027524453,"TWOGAUSSIANS_WITH_ELLIPSOIDAL_ON_ECLIPSE1",9,10.905468,0.7478132,0.008996236,0.065221556,0.04827842,0.8958572,1.1368566,0.2504504,0.027524453,0.3133059,0.07064855,0.083846465,0.021930566
375316653866487564,4657096673380901760,0.48006746,2222.5509820407615,0.870571663161131,3.4117824E-5,19.646393,0.010154219,0.27996615,0.015758943,0.07423252,0.020528333,0.30269197,0.05158976,0.7889872,0.018765388,0.050845865,0.007564216,0.38067415,0.12511955,null,null,null,null,"TWOGAUSSIANS",8,3.582733,0.7889872,0.018765388,0.28473684,0.04235961,0.3805092,0.12507498,0.27996615,0.015758943,0.4,0.06212795,0.302527,0.05183208
375316653866487564,4657097021241547392,0.4493058,2140.26411136663,1.2455032738703051,4.5889155E-5,18.673248,0.021022586,0.26593846,0.012481431,0.0916044,0.03514064,0.13413802,0.020592613,0.77144337,0.017859027,0.06990321,0.016827194,0.18811479,0.06308542,null,null,null,null,"TWOGAUSSIANS",8,3.582708,0.77144337,0.017859027,0.391458,0.070646785,0.18583035,0.06312458,0.26593846,0.012481431,0.4,0.0,0.13185348,0.019652678
375316653866487564,4657097193006468864,0.5119142,2219.6580249985823,0.6895036892306018,2.4588027E-5,17.107592,0.0036193694,0.27773678,0.0039121523,0.03027312,0.0075599654,0.08734647,0.018558895,0.77960485,0.0034461254,0.020116786,0.006810298,0.08668146,0.028235935,0.031531274,0.0056425068,0.27773678,0.0039121523,"TWOGAUSSIANS_WITH_ELLIPSOIDAL_ON_ECLIPSE1",9,5.5418763,0.27773678,0.0039121523,0.16952948,0.042335805,0.15040891,0.01854322,0.77960485,0.0034363288,0.112654,0.03813767,0.14973521,0.03055929
375316653866487564,4657097467882976256,0.43445036,2201.89558452303,0.07710974273097512,3.4835386E-5,19.338913,0.02315229,0.14914031,0.006804866,0.054195862,0.016566696,0.25685632,0.053570133,0.6521252,0.014087478,0.09584616,0.020150824,0.18271488,0.029616483,null,null,null,null,"TWOGAUSSIANS",8,5.010794,0.14914031,0.006804866,0.30349684,0.0927735,0.25542754,0.05640571,0.6521252,0.014087478,0.4,0.0,0.18128565,0.028545637
375316653866487564,4657097841527340544,0.5644442,2211.8729936620443,1.6442073298666493,8.564355E-6,18.819925,0.008932846,0.24939278,0.0021154024,0.043297518,0.0039368137,0.4237123,0.049499057,0.7637696,0.0065554637,0.03693093,0.00691079,0.18703982,0.028229706,0.091188215,0.012123823,0.24939278,0.0021154024,"TWOGAUSSIANS_WITH_ELLIPSOIDAL_ON_ECLIPSE1",9,2.4251473,0.24939278,0.0021154024,0.2424661,0.022046156,0.60608864,0.052845944,0.7637696,0.0065554637,0.2068132,0.038700424,0.367932,0.027199741
375316653866487564,4657097875883495168,0.4929034,2195.2503069699796,0.5050414288065992,3.907519E-6,17.135372,0.0021505635,0.42292884,0.0034534533,0.03018336,0.0020745173,0.22047539,0.01272442,0.91622704,0.014546426,0.014288232,0.0028936393,0.14117984,0.2772556,null,null,null,null,"TWOGAUSSIANS",8,4.877415,0.42292884,0.0034534533,0.16902682,0.011617296,0.22047539,0.01272442,0.91622704,0.014546426,0.0800141,0.01620438,0.14117984,0.2772556
375316653866487564,4657097914594629504,0.52757645,2196.1896779471313,1.546659598176925,9.2381515E-6,18.001707,0.009385307,0.13977468,0.0073576323,0.08610002,0.008895426,0.105085194,0.010988977,0.6353068,0.0019389745,0.07085967,0.0048394534,0.22977386,0.008311393,null,null,null,null,"TWOGAUSSIANS",8,3.9097214,0.6353068,0.0019389745,0.39681417,0.01872155,0.22809355,0.007455453,0.13977468,0.0073576323,0.4,0.0,0.10340488,0.010138494
375316653866487564,4657098150764931328,0.47262567,2209.9439751521895,0.4953116593482061,1.25720335E-5,17.861485,0.0045941747,0.22184613,0.004421824,0.024457157,0.0075278333,0.14691226,0.1916947,0.6915803,0.021870622,0.04932402,0.025829123,0.6680859,304.30838,null,null,null,null,"TWOGAUSSIANS",8,6.2350373,0.6915803,0.021870622,0.2762145,0.1446431,0.6680859,304.30838,0.22184613,0.004421824,0.13696007,0.042155866,0.14691226,0.1916947
375316653866487564,4657098425647192704,0.44177613,2201.4535162719476,0.20925160214109015,2.1321988E-5,19.388765,0.012088449,0.30014038,0.028863963,0.038723182,0.017936058,0.15097362,0.043605722,0.6856413,0.027436089,0.0763467,0.049277302,0.14125247,0.03622518,null,null,null,null,"TWOGAUSSIANS",8,3.1077273,0.30014038,0.028865136,0.2168498,0.100441925,0.15097386,0.04361194,0.6856413,0.027436089,0.4,0.05447662,0.1412523,0.036420424
375316653866487564,4657099181644353024,0.4109328,2194.1547310079577,1.0587042175698038,3.6254325E-5,19.445309,0.10509574,0.25668204,0.020917349,0.28595486,0.021210195,0.56330067,0.101944365,0.6943439,0.029580332,0.10797328,0.022774775,0.26749718,0.09876777,null,null,null,null,"TWOGAUSSIANS",8,7.0079684,0.257102,0.020645838,0.4,0.0,0.21865068,0.017555611,0.6943439,0.029580332,0.4,0.0,0.17636313,0.08637439
375316653866487564,4657099181650175744,0.46302947,2220.011451916236,1.0541340700595412,2.723506E-5,19.042145,0.009642536,0.24281117,0.011854346,0.02577402,0.018556379,0.13251251,0.017589414,0.7692485,0.0037870416,0.03840303,0.015806152,0.37896174,0.07220418,null,null,null,null,"TWOGAUSSIANS",8,4.542894,0.7692485,0.0037870416,0.21505696,0.08851445,0.37896174,0.07220419,0.24281117,0.011854346,0.14433452,0.10391572,0.13251251,0.017589414
375316653866487564,4657099598186691200,0.42450768,2195.3380381505644,0.826298924601764,1.0077952E-4,18.881348,0.023469796,0.21295056,0.02494201,0.11504003,0.04166453,0.06599629,0.019471163,0.6118903,0.018973371,0.12663601,0.02806241,0.108733684,0.022773178,null,null,null,null,"TWOGAUSSIANS",8,4.141205,0.6118903,0.018973371,0.4,0.0,0.10115349,0.015313519,0.21711056,0.019990189,0.4,0.0,0.059055995,0.011058677
375316653866487564,4657099937565127552,0.4504747,2152.222542132447,3.4161578855052874,1.4744114E-4,19.324125,0.03628382,0.19519885,0.029660828,0.22273168,0.08104101,0.09556169,0.03362454,0.59157175,2.2958324E-4,0.011218372,6.3200784E-4,1.0797316,0.100587845,null,null,null,null,"TWOGAUSSIANS",8,4.6910734,0.59157175,2.2958324E-4,0.06282288,0.003539244,1.0863925,0.09615963,0.19519885,0.029660828,0.4,0.0,0.080186985,0.020156126
375316653866487564,4657099976178859136,0.4276827,2191.5243812840104,0.6126503453218883,2.231234E-5,18.125252,0.013520607,0.35133716,0.021031218,0.059907354,0.023249432,0.16699238,0.03458519,0.6451615,0.015580193,0.078309916,0.016128037,0.18586832,0.038308553,null,null,null,null,"TWOGAUSSIANS",8,12.383048,0.6451615,0.015580193,0.4,0.003980137,0.18586858,0.03831426,0.3515072,0.021149112,0.3354812,0.12737116,0.1671553,0.034654677
375316653866487564,4657099976194272640,0.4473558,2191.9167908605223,0.2249627519611257,1.6409385E-5,18.723042,0.019365584,0.28887063,0.034052048,0.027912471,0.036900893,0.5073323,8.315377E25,0.8248312,0.00547247,0.0137042785,0.004862162,0.29568928,0.08259645,0.07540555,0.02651287,0.28887063,0.034052048,"TWOGAUSSIANS_WITH_ELLIPSOIDAL_ON_ECLIPSE1",9,11.598438,0.28887063,0.034052048,0.15630984,0.206645,0.6581432,8.315377E25,0.8248312,0.00547247,0.07674396,0.027228106,0.43893114,0.08399792
375316653866487564,4657100109304786432,0.43680084,2167.412718830178,0.3179176790347383,6.148923E-5,19.100008,0.012786597,0.4148968,0.00731364,0.060377933,0.007088496,0.11061313,0.016958784,0.7508406,0.01023825,0.056830026,0.010503518,0.147639,0.025678182,null,null,null,null,"TWOGAUSSIANS",8,4.8112755,0.7508406,0.01023825,0.31824815,0.0588197,0.147639,0.025678214,0.4148968,0.00731364,0.33811644,0.039695576,0.11061311,0.016958727
375316653866487564,4657100349877021312,0.50872165,2220.431362290601,2.1232459976567384,2.3935365E-5,18.39845,0.0016707917,0.20011707,0.027228812,0.004674145,0.0117782345,0.022968328,1.7819431,0.67971486,0.002936288,0.022214817,0.0016819428,0.24488959,0.018567247,null,null,null,null,"TWOGAUSSIANS",8,1.3864431,0.67971486,0.002936288,0.12440297,0.00941888,0.24488959,0.018567247,0.20011707,0.027228812,0.026175212,0.06595811,0.022968328,1.7819431
375316653866487564,4657100624754955008,0.4884954,2192.185505961923,0.4237605201041286,5.2852003E-5,19.31944,0.010470386,0.5509726,0.013373433,0.100479156,0.01810708,0.21649753,0.028575158,0.34955502,0.011690222,0.03439173,0.013686775,0.29390037,1.4842567,null,null,null,null,"TWOGAUSSIANS",8,2.738554,0.35197502,0.010901843,0.1925937,0.07664594,0.32363194,1.4849554,0.5509726,0.013365099,0.4,0.0,0.21649572,0.028580628
375316653866487564,4657100693424378240,0.4486985,2241.351922822916,0.3605722165930587,5.569485E-5,18.836855,0.022067245,0.18433958,0.010495006,0.060984954,0.02383162,0.22154708,0.10726065,0.6695814,0.01938222,0.09004523,0.028866366,0.17944284,0.021881312,null,null,null,null,"TWOGAUSSIANS",8,7.670233,0.18433958,0.010495006,0.34151575,0.13345708,0.22039996,0.10882147,0.6695814,0.01938222,0.4,0.0,0.17829561,0.020181067
375316653866487564,4657100762143793792,0.6183476,2231.9723873778253,0.2829683562964106,8.806111E-5,18.149834,0.007380438,0.1982438,0.006066642,0.021864498,0.001984129,1.7690948,0.565918,0.8293925,0.14313363,0.068671934,0.112709984,0.021721585,0.019426726,null,null,null,null,"TWOGAUSSIANS",8,1.5282927,0.1982438,0.006066642,0.12244119,0.011111122,1.7690948,0.5663158,0.8293925,0.14313363,0.38456285,0.07703773,0.021721585,0.016462147
375316653866487564,4657100796553672576,0.49591842,2222.6735442942586,0.24179156491732667,1.5559433E-5,18.628124,0.004064462,null,null,null,null,null,null,null,null,null,null,null,null,0.09070053,0.005612421,0.28298151,0.004418434,"ELLIPSOIDAL",4,3.1587472,null,null,null,null,null,null,null,null,null,null,null,null
375316653866487564,4657100933908220288,0.454331,2227.7621844892324,1.3608035054714844,4.2487747E-5,19.223253,0.039408863,0.22562456,0.026215708,0.09870965,0.03865873,0.15070748,0.036403093,0.6996896,0.010078665,0.104263775,0.035134614,0.17252442,0.026665498,null,null,null,null,"TWOGAUSSIANS",8,2.6701064,0.6996896,0.010078665,0.4,0.0,0.16127557,0.018059734,0.22563456,0.026253084,0.4,0.012098259,0.13946316,0.01787117
375316653866487564,4657101659808183552,0.46143386,2209.0061222706604,0.3044729134024444,3.3927238E-6,17.73528,0.0058235293,0.23756413,0.0021843468,0.033694193,0.0020492633,0.40962565,0.008906615,0.5446906,0.0066542784,0.009164007,0.004009225,0.47594243,0.17584679,null,null,null,null,"TWOGAUSSIANS",8,45.532455,0.5446906,0.0066542784,0.05131844,0.02245166,0.47594243,0.17584679,0.23756413,0.0021843468,0.18868747,0.011475875,0.40962565,0.008906615
375316653866487564,4657102312643157248,0.48745638,2209.989177520601,0.1440156220426568,1.662667E-5,18.096495,0.010541104,0.29488054,0.0039587542,0.013422052,0.0034022112,0.11095387,0.013912173,0.6761366,0.007261537,0.11866849,0.010159546,0.29778403,0.04788981,null,null,null,null,"TWOGAUSSIANS",8,9.758713,0.6761366,0.007261537,0.4,0.0,0.29770085,0.047935314,0.29496053,0.0040004067,0.0751635,0.019052383,0.1125809,0.014690552
375316653866487564,4657102587521325440,0.42923817,2212.683242558049,0.503793983185965,8.7223816E-5,19.07253,0.058133904,0.20901042,0.03183028,0.14233936,0.092802964,0.11114995,0.04408174,0.67572826,0.009693188,0.059693996,0.024541292,0.15723337,0.048579525,null,null,null,null,"TWOGAUSSIANS",8,3.8685246,0.67572826,0.009693188,0.3342864,0.13743123,0.15107013,0.030002203,0.20901042,0.03183028,0.4,0.0,0.104372784,0.017178144
375316653866487564,4657102724960231040,0.65296656,2258.947647211581,0.5399216231121804,5.829944E-6,17.549242,0.0019056636,0.27961057,0.0028040963,0.026321732,0.0022945763,0.47694972,0.011572042,0.7805431,0.0024567654,0.029277187,0.0018560861,0.43450603,0.021468008,null,null,null,null,"TWOGAUSSIANS",8,2.1667163,0.27961057,0.0028040963,0.1474017,0.012849627,0.47694972,0.011572042,0.7805431,0.0024567654,0.16395225,0.010394082,0.43450603,0.021468008
375316653866487564,4657103068557584768,0.43835673,2226.753520974069,0.3183903409704042,4.4819546E-5,19.124224,0.030666314,0.28438607,0.016522538,0.10364695,0.021139234,0.22013196,0.032002352,0.8363646,0.02149828,0.11748318,0.028548846,0.1931036,0.034380276,null,null,null,null,"TWOGAUSSIANS",8,5.2930884,0.28417608,0.01632946,0.4,0.0,0.20211665,0.030244166,0.83642465,0.02150197,0.4,0.0,0.17496997,0.031094905
375316653866487564,4657103236007988224,0.4737172,2232.7406494622164,0.7405134621232887,1.0948016E-5,17.84408,0.0058299704,0.14199258,0.011402825,0.031668156,0.011299152,0.09762252,0.031816542,0.63939244,0.015520947,0.04081117,0.0123642245,0.11375741,0.012549215,null,null,null,null,"TWOGAUSSIANS",8,5.235558,0.63939244,0.015520947,0.22854255,0.06923966,0.11375741,0.012549214,0.14199258,0.011402825,0.17734167,0.06327525,0.09762252,0.031816542
375316653866487564,4657103236045181440,0.47704732,2241.078423043518,0.19450798859133983,1.9275145E-5,18.965052,0.010802669,0.21553692,0.012424681,0.084560625,0.023213888,0.10546677,0.039349474,0.72910887,0.0055769114,0.059361722,0.009059038,0.21754973,0.035594463,null,null,null,null,"TWOGAUSSIANS",8,2.1742477,0.72910887,0.0055769114,0.33242565,0.050730616,0.21707429,0.035908397,0.21553692,0.012424681,0.4,0.024792984,0.10499133,0.03980884
375316653866487564,4657103339133613824,0.5290854,2270.023586877486,0.02119517934783994,1.0194655E-6,18.192034,0.0012000612,0.28278244,2.4773274E-6,5.9085834E-4,5.2055993E-6,0.1637538,0.0012361998,0.5789612,0.08294267,0.09021442,0.06178196,0.015308824,0.09588288,null,null,null,null,"TWOGAUSSIANS",8,0.57909364,0.28278244,2.4773274E-6,0.0033088068,2.9151357E-5,0.16382368,0.0012958249,0.5789612,0.08294267,0.4,0.19069386,0.015308818,0.09588289
375316653866487564,4657103682721496064,0.41985342,2235.9924889108484,4.149146310416505,1.4345357E-4,19.239525,0.021966582,0.25089794,0.029092373,0.0723781,0.025080808,0.12436153,0.036986455,0.7050336,0.020702934,0.04257781,0.019016322,0.21994655,0.082611635,null,null,null,null,"TWOGAUSSIANS",8,6.7868104,0.7050336,0.020702934,0.23843575,0.1064914,0.21994281,0.0826102,0.25089794,0.029092373,0.4,0.09227595,0.12435778,0.036983095
375316653866487564,4657104060693090304,0.44672522,2207.9070729380633,0.33764639815493397,3.32974E-5,18.981897,0.02555054,0.30945322,0.014717194,0.080607444,0.026445873,0.14068542,0.020161817,0.77867144,0.016172877,0.10948889,0.026708083,0.14079657,0.026639113,null,null,null,null,"TWOGAUSSIANS",8,1.9475545,0.77867144,0.016172877,0.4,0.0,0.13516235,0.019099995,0.30947325,0.014658801,0.4,0.0,0.13506679,0.01724368
375316653866487564,4657104610452401024,0.46198636,2176.887867089725,0.0900076486367105,4.2854495E-5,19.54653,0.38943374,0.22626127,0.012004767,0.11338866,0.029672336,0.55388963,0.291085,0.7058869,0.010212537,0.1615975,0.07789401,0.39947334,0.38195252,null,null,null,null,"TWOGAUSSIANS",8,1.9310919,0.22736128,0.010329103,0.4,0.0,0.41386446,0.08231962,0.7058869,0.010212537,0.4,0.0,0.2523907,0.03472929
375316653866487564,4657105297589371392,0.43868938,2208.7711066866377,0.06387317596178613,2.3066183E-5,18.512691,0.017181475,0.16468783,0.0074174637,0.024367327,0.004433721,0.25155595,0.08592075,0.9286672,0.020877732,0.076300114,0.042621914,0.047158755,0.015298937,null,null,null,null,"TWOGAUSSIANS",8,4.8242645,0.16464782,0.0074112155,0.13645703,0.024828836,0.25195047,0.086206675,0.9286672,0.020877732,0.4,0.12460712,0.047158755,0.015298929
