Gaia/vari_eclipsing_binary/VariEclipsingBinary_678783-678802.csv
# %ECSV 1.0
# ---
# delimiter: ','
# meta: !!omap
# - RELEASE: Gaia DR3
# - TABLE: vari_eclipsing_binary
# - DESCRIPTION: >
#     This table describes the properties of the eclipsing binaries resulting from the variability analysis. 
# - CITATION: >
#     How to cite and acknowledge Gaia: 
#     https://gea.esac.esa.int/archive/documentation/credits.html 
# - KNOWN_ISSUES: >
#     Known issues: 
#     https://www.cosmos.esa.int/web/gaia-users/known-issues 
# - DOCUMENTATION: >
#     Tutorials and documentation: 
#     https://www.cosmos.esa.int/web/gaia-users/archive 
# datatype:
# - 
#   name: solution_id
#   datatype: int64
#   description: Solution Identifier
#   meta:
#     ucd: meta.version
# - 
#   name: source_id
#   datatype: int64
#   description: Unique source identifier
#   meta:
#     ucd: meta.id;meta.main
# - 
#   name: global_ranking
#   datatype: float32
#   description: Number between 0 (worst) and 1 (best)
#   meta:
#     ucd: stat.param
# - 
#   name: reference_time
#   datatype: float64
#   unit: d
#   description: Reference time used for the geometric model fit
#   meta:
#     ucd: time.epoch
# - 
#   name: frequency
#   datatype: float64
#   unit: d**-1
#   description: Frequency of geometric model of the eclipsing binary light curve
#   meta:
#     ucd: src.orbital
# - 
#   name: frequency_error
#   datatype: float32
#   unit: d**-1
#   description: "Uncertainty of \\texttt{frequency}"
#   meta:
#     ucd: stat.error
# - 
#   name: geom_model_reference_level
#   datatype: float32
#   unit: mag
#   description: Magnitude reference level of geometric model
#   meta:
#     ucd: phot.mag;em.opt
# - 
#   name: geom_model_reference_level_error
#   datatype: float32
#   unit: mag
#   description: "Uncertainty of \\texttt{geomModelReferenceLevel}"
#   meta:
#     ucd: stat.error;phot.mag;em.opt
# - 
#   name: geom_model_gaussian1_phase
#   datatype: float32
#   description: Phase of the Gaussian 1 component
#   meta:
#     ucd: time.phase
# - 
#   name: geom_model_gaussian1_phase_error
#   datatype: float32
#   description: "Uncertainty of \\texttt{geomModelGaussian1Phase}"
#   meta:
#     ucd: stat.error;time.phase
# - 
#   name: geom_model_gaussian1_sigma
#   datatype: float32
#   description: "Standard deviation [phase] of Gaussian 1 component"
#   meta:
#     ucd: stat.stdev
# - 
#   name: geom_model_gaussian1_sigma_error
#   datatype: float32
#   description: "Uncertainty of \\texttt{geomModelGaussian1Sigma}"
#   meta:
#     ucd: stat.error
# - 
#   name: geom_model_gaussian1_depth
#   datatype: float32
#   unit: mag
#   description: Magnitude depth of Gaussian 1 component
#   meta:
#     ucd: src.var.amplitude
# - 
#   name: geom_model_gaussian1_depth_error
#   datatype: float32
#   unit: mag
#   description: "Uncertainty of \\texttt{geomModelGaussian1Depth}"
#   meta:
#     ucd: stat.error;src.var.amplitude
# - 
#   name: geom_model_gaussian2_phase
#   datatype: float32
#   description: Phase of Gaussian 2 component
#   meta:
#     ucd: time.phase
# - 
#   name: geom_model_gaussian2_phase_error
#   datatype: float32
#   description: "Uncertainty of \\texttt{geomModelGaussian2Phase}"
#   meta:
#     ucd: stat.error;time.phase
# - 
#   name: geom_model_gaussian2_sigma
#   datatype: float32
[...]
#   datatype: float32
#   description: "Secondary eclipse: uncertainty of \\texttt{derivedSecondaryEclDuration}"
#   meta:
#     ucd: stat.error;time.duration
# - 
#   name: derived_secondary_ecl_depth
#   datatype: float32
#   unit: mag
#   description: "Secondary eclipse: depth"
#   meta:
#     ucd: src.var.amplitude
# - 
#   name: derived_secondary_ecl_depth_error
#   datatype: float32
#   unit: mag
#   description: "Secondary eclipse: uncertainty of \\texttt{derivedSecondaryEclDepth}"
#   meta:
#     ucd: stat.error;src.var.amplitude
solution_id,source_id,global_ranking,reference_time,frequency,frequency_error,geom_model_reference_level,geom_model_reference_level_error,geom_model_gaussian1_phase,geom_model_gaussian1_phase_error,geom_model_gaussian1_sigma,geom_model_gaussian1_sigma_error,geom_model_gaussian1_depth,geom_model_gaussian1_depth_error,geom_model_gaussian2_phase,geom_model_gaussian2_phase_error,geom_model_gaussian2_sigma,geom_model_gaussian2_sigma_error,geom_model_gaussian2_depth,geom_model_gaussian2_depth_error,geom_model_cosine_half_period_amplitude,geom_model_cosine_half_period_amplitude_error,geom_model_cosine_half_period_phase,geom_model_cosine_half_period_phase_error,model_type,num_model_parameters,reduced_chi2,derived_primary_ecl_phase,derived_primary_ecl_phase_error,derived_primary_ecl_duration,derived_primary_ecl_duration_error,derived_primary_ecl_depth,derived_primary_ecl_depth_error,derived_secondary_ecl_phase,derived_secondary_ecl_phase_error,derived_secondary_ecl_duration,derived_secondary_ecl_duration_error,derived_secondary_ecl_depth,derived_secondary_ecl_depth_error
[from data line 150]
375316653866487564,5970680809815103872,0.5430018,2278.8785932694473,1.3351474674170785,9.802451E-6,16.556067,0.001059803,0.7253646,0.0020341878,0.0650391,0.010699169,0.019251281,0.0051756604,null,null,null,null,null,null,0.028395267,0.0017332514,0.7253646,0.0020341878,"ONEGAUSSIAN_WITH_ELLIPSOIDAL",6,1.62023,0.7253646,0.0020341878,0.36421898,0.05991534,0.07602979,0.0043721627,null,null,null,null,null,null
375316653866487564,5970680912914224640,0.55823696,2287.606134250264,2.5377983112866738,2.2342705E-5,18.47679,0.01173886,0.24223483,0.0036623778,0.08982783,0.0069747,0.27980718,0.011368871,0.73706615,0.005572415,0.09192974,0.007572254,0.2634532,0.011992263,null,null,null,null,"TWOGAUSSIANS",8,2.099461,0.24223483,0.0036623778,0.4,0.0,0.26840085,0.008263698,0.73706615,0.005572415,0.4,0.0,0.25204673,0.009498108
375316653866487564,5970681290851428992,0.49395052,2275.8816025799856,1.070432441197065,4.2705255E-5,16.97267,0.003704131,0.25804687,0.005520046,0.08907046,0.010086829,0.045210876,0.003585882,0.7635723,0.0055757943,0.0676383,0.007268461,0.08407286,0.0056082597,null,null,null,null,"TWOGAUSSIANS",8,2.9878347,0.7635723,0.0055757943,0.37877446,0.040703382,0.083435655,0.0054348763,0.25804687,0.005520046,0.4,0.0,0.044573653,0.0032370184
375316653866487564,5970681398285250816,0.50696915,2233.735215983085,2.479382297137374,3.1619184E-5,18.07267,0.006156659,0.24465802,0.0035751925,0.035106238,0.007119182,0.10401717,0.025408467,0.74987686,0.009187969,0.036434207,0.012651276,0.10601896,0.017004274,0.08344516,0.0090419585,0.24465802,0.0035751925,"TWOGAUSSIANS_WITH_ELLIPSOIDAL_ON_ECLIPSE1",9,7.4053316,0.74987686,0.008769492,0.20403156,0.070847146,0.27272972,0.01182046,0.24465802,0.0035751925,0.19659494,0.03986742,0.2709073,0.02246514
375316653866487564,5970681432590755968,0.54909617,2261.6392267470005,2.818246154682065,2.1983227E-5,18.679602,0.010880961,0.2716294,0.0054807793,0.08036072,0.007262307,0.38996005,0.022891881,0.76286185,0.0033241864,0.073064886,0.005847839,0.4634706,0.028374838,null,null,null,null,"TWOGAUSSIANS",8,3.6380973,0.76286185,0.0033241864,0.4,0.0,0.46000987,0.029400086,0.2716294,0.0054807793,0.4,0.0,0.38649932,0.023534266
375316653866487564,5970682154199768192,0.610826,2265.9907324748237,2.544612646617318,9.502155E-6,16.532204,0.003863099,0.26625663,0.0018841878,0.083776355,0.0032126806,0.2947504,0.007937794,0.7670092,0.0019465884,0.08248869,0.0021159595,0.30470085,0.0048969644,null,null,null,null,"TWOGAUSSIANS",8,7.949908,0.7670092,0.0019465884,0.4,0.0,0.2982749,0.0042885467,0.26625663,0.0018841878,0.4,0.0,0.28832445,0.008485226
375316653866487564,5970682222864977408,0.4285525,2260.953243055978,1.4750758231896561,6.213289E-5,18.597706,0.016838495,0.387023,0.23684333,0.03612724,0.12599082,0.039934218,0.060321897,0.7949882,0.0071818116,0.03221876,0.009594162,0.1679135,0.030845013,0.0055476893,0.028671019,0.7949882,0.0071818116,"TWOGAUSSIANS_WITH_ELLIPSOIDAL_ON_ECLIPSE2",9,10.290082,0.7949882,0.0071818116,0.18042506,0.053727306,0.17900889,0.06302123,0.384963,0.4332447,0.20231253,0.3334387,0.04778072,0.17339875
375316653866487564,5970682356006319232,0.553907,2284.1994859818724,2.0311200639401883,2.4072446E-5,18.377623,0.00977593,0.24689852,0.003745466,0.080141634,0.0041320776,0.33866787,0.011905584,0.742832,0.0049786344,0.083126426,0.0060029086,0.34165877,0.014207913,null,null,null,null,"TWOGAUSSIANS",8,5.2679625,0.742832,0.0049786344,0.4,0.0,0.33586612,0.013280998,0.24689852,0.003745466,0.4,0.0,0.33287525,0.010414064
375316653866487564,5970682772629436416,0.5159988,2251.998568528487,2.7150409909310613,2.287152E-5,18.326702,0.004413845,0.2933628,0.004459909,0.06866151,0.0039790655,0.18006678,0.009157551,0.79249066,0.0037367975,0.075694785,0.0055908174,0.1873445,0.012941813,null,null,null,null,"TWOGAUSSIANS",8,2.2247,0.79249066,0.0037367975,0.4,0.0,0.18645152,0.01322978,0.2933628,0.004459909,0.38450447,0.022282766,0.1791738,0.009033584
375316653866487564,5970682806989133184,0.49916053,2244.3509132165145,1.973892892107776,2.078052E-5,19.852293,0.025200263,0.23144868,0.005305111,0.08044804,0.011450986,0.3885634,0.03714579,0.7443161,0.00859093,0.076951206,0.009112801,0.40972316,0.043082148,null,null,null,null,"TWOGAUSSIANS",8,2.7591698,0.7443161,0.00859093,0.4,0.0,0.40577734,0.040696345,0.23144868,0.005305111,0.4,0.0,0.3846176,0.036737915
375316653866487564,5970682944428021632,0.45318472,2257.6890579662195,0.27854124788826473,4.8742226E-5,18.908424,0.014003006,0.85604733,0.04616444,0.04032576,0.060343783,0.072341405,0.056244444,0.69971544,0.0063187815,0.043897517,0.010473476,0.23556747,0.057766635,null,null,null,null,"TWOGAUSSIANS",8,6.7829657,0.6997454,0.0062000346,0.2458261,0.058651462,0.23560695,0.05798469,0.8552473,0.047671065,0.22582425,0.3379252,0.072769955,0.056007866
375316653866487564,5970683043193657216,0.5326597,2265.935780120565,2.844887200069666,1.5188475E-5,17.816843,0.06880054,0.22449069,0.0030932564,0.12863494,0.01986935,0.3290975,0.064581126,0.7284702,0.0026671991,0.113414906,0.014771223,0.37152573,0.061429493,null,null,null,null,"TWOGAUSSIANS",8,5.9455824,0.7285102,0.0026839566,0.4,0.0,0.2924759,0.018746963,0.22448069,0.0030939896,0.4,0.0,0.24974577,0.011624214
375316653866487564,5970683116231122944,0.44627947,2270.5815071011352,1.8745131475057473,3.385443E-5,17.063047,0.0028646337,0.23859574,1.5818227E-4,0.012418182,5.153476E-4,0.088032,0.0019665698,0.44985706,0.0064211553,0.02554255,0.0064593763,0.21632518,0.06532782,null,null,null,null,"TWOGAUSSIANS",8,3.260363,0.44985706,0.0064211553,0.14303829,0.03617251,0.21632518,0.06532782,0.23859574,1.5818227E-4,0.06954182,0.0028859463,0.088032,0.0019665698
375316653866487564,5970683215001733376,0.42329776,2263.437671581436,1.7332689777182197,7.071915E-5,18.72432,0.006663847,0.48141652,0.033054,0.09930067,0.02595786,0.05651028,0.01593062,0.7164874,0.007582313,0.046858937,0.01031122,0.15333214,0.024645032,null,null,null,null,"TWOGAUSSIANS",8,7.1515164,0.7164874,0.007582313,0.26241004,0.05774283,0.15676141,0.024596596,0.48142654,0.033065464,0.4,0.0,0.05651044,0.015930815
375316653866487564,5970683764749486848,0.5082186,2268.2769705971527,2.7622254292887254,4.5175788E-5,19.59389,0.017325725,0.2509675,0.0061051617,0.08180747,0.009255939,0.43106925,0.025818493,0.7533142,0.011067349,0.07907092,0.010635356,0.41583684,0.02434679,null,null,null,null,"TWOGAUSSIANS",8,3.3713567,0.2509675,0.0061051617,0.4,0.0,0.42460355,0.026273085,0.7533142,0.011067349,0.4,0.0,0.40937114,0.021195812
375316653866487564,5970684387537383552,0.45813307,2297.4979538012944,3.334953714049495,3.937539E-5,19.640701,0.005903185,0.28619933,0.007927349,0.032921664,0.032410458,0.10435142,5.6380948E10,0.46825796,0.055221982,0.0404435,0.028516637,0.064631514,0.02409978,0.0872399,0.010940747,0.28619933,0.007927349,"TWOGAUSSIANS_WITH_ELLIPSOIDAL_ON_ECLIPSE1",9,1.8699121,0.28619933,0.007930522,0.18436132,0.18149856,0.2788336,5.6380948E10,0.46825796,0.055221982,0.2264836,0.15969317,0.094542325,0.025439952
375316653866487564,5970684761180588544,0.47684056,2267.4383865403943,2.911756577162674,1.286254E-5,18.53743,0.013548108,0.2590059,0.0027038464,0.065231025,0.0054884027,0.20529737,0.016846098,0.7617958,0.007064663,0.0730681,0.0124113755,0.1570689,0.02236562,null,null,null,null,"TWOGAUSSIANS",8,6.0963683,0.2590059,0.0027038464,0.36529374,0.030735053,0.20481797,0.016642008,0.7617958,0.007064663,0.4,0.040769864,0.1565895,0.022418022
375316653866487564,5970684765540979840,0.5161021,2256.402534233137,0.916017020999864,2.1686477E-5,15.847948,0.006746566,0.2610435,0.010140155,0.04562413,0.011072053,0.029063007,0.016479062,0.77107483,0.0057917354,0.047347095,0.016137203,0.18903865,0.06220494,0.017381644,0.0082769245,0.2610435,0.010140155,"TWOGAUSSIANS_WITH_ELLIPSOIDAL_ON_ECLIPSE1",9,17.657532,0.77107483,0.0057917354,0.26514372,0.090368345,0.22366366,0.068085484,0.2610435,0.010140155,0.25549513,0.062003497,0.06382593,0.0067697875
375316653866487564,5970685310939019392,0.5117019,2258.4764080173954,3.114797108278054,2.12955E-5,17.36727,0.030731477,0.26597163,0.009161032,0.12166887,0.023598572,0.16722426,0.027437707,0.74825495,0.0058940775,0.10250876,0.01708711,0.14604092,0.029219398,null,null,null,null,"TWOGAUSSIANS",8,5.254762,0.26598164,0.009147937,0.4,0.0,0.14546461,0.008988263,0.74825495,0.0058940775,0.4,0.0,0.124362916,0.0058049294
375316653866487564,5970685315254594560,0.48955968,2256.436859457981,3.484065312947799,2.1432732E-5,19.674446,0.026013926,0.19992985,0.007485873,0.079977386,0.010084545,0.30928192,0.035961848,0.6959146,0.0054141786,0.07543124,0.008498918,0.3091921,0.02826585,null,null,null,null,"TWOGAUSSIANS",8,2.2280002,0.19992985,0.007485873,0.4,0.0,0.30606684,0.033830713,0.6959146,0.0054141786,0.4,0.0,0.305977,0.025182053
375316653866487564,5970685899412441088,0.6106848,2285.901002099125,1.491196266492982,1.1115408E-5,15.160615,0.021442305,0.23131396,0.0015323117,0.058008276,0.006873989,0.21837144,0.04626768,0.72996616,0.005206317,0.06514862,0.011772873,0.16133519,0.044774465,0.057388317,0.025906261,0.23131396,0.0015323117,"TWOGAUSSIANS_WITH_ELLIPSOIDAL_ON_ECLIPSE1",9,43.26243,0.23131396,0.0015323117,0.32484636,0.038494337,0.33303395,0.009171912,0.7302262,0.004677884,0.36483228,0.065928094,0.27599105,0.012506914
375316653866487564,5970686380406865024,0.5061237,2292.021667094851,2.1388934695506086,3.441632E-5,18.13514,0.0023058522,null,null,null,null,null,null,null,null,null,null,null,null,0.056441553,0.0029107465,0.23577186,0.00494164,"ELLIPSOIDAL",4,2.6027143,null,null,null,null,null,null,null,null,null,null,null,null
375316653866487564,5970686998877605248,0.5137524,2301.416214604341,0.45302445616441495,1.11377514E-4,18.100203,0.004370843,0.24543078,0.013971814,0.024322348,0.010821823,0.5976966,10.247406,0.75165504,0.02702626,0.018995084,0.023025464,0.14907482,4.3868315E28,0.02882736,0.006030093,0.24543078,0.013971814,"TWOGAUSSIANS_WITH_ELLIPSOIDAL_ON_ECLIPSE1",9,7.178063,0.24543078,0.013971814,0.13620514,0.06060221,0.6553513,10.250931,0.75165504,0.02702626,0.10637247,0.1289426,0.20664139,4.3868315E28
375316653866487564,5970687033237315584,0.4590352,2259.6965976739966,0.5966343237068535,1.7711152E-4,19.948036,0.004095384,0.7202539,0.009172468,0.006744723,0.0048359656,0.5751882,0.40356332,null,null,null,null,null,null,null,null,null,null,"ONEGAUSSIAN",5,3.135588,0.7202539,0.009172468,0.037770446,0.027081408,0.5751882,0.0,null,null,null,null,null,null
375316653866487564,5970687136362796672,0.5658147,2288.551753324988,2.2181268288381233,1.7369075E-5,18.304996,0.013574222,0.22208124,0.0023453897,0.09670171,0.0068491567,0.2545018,0.012974766,0.7152654,0.0023872415,0.09520314,0.005701729,0.27261284,0.012791578,null,null,null,null,"TWOGAUSSIANS",8,2.059933,0.7152654,0.0023872415,0.4,0.0,0.25650945,0.007932486,0.22208124,0.0023453897,0.4,0.0,0.23839815,0.010970343
375316653866487564,5970687308115383424,0.46723187,2273.670536081435,3.207155947468265,3.20733E-5,18.870813,0.036038037,0.2767411,0.004343955,0.094176725,0.013868767,0.36468464,0.033782806,0.76823425,0.012281947,0.087273076,0.017332332,0.29020858,0.058470607,null,null,null,null,"TWOGAUSSIANS",8,9.1521845,0.2767411,0.004343955,0.4,0.0,0.35182294,0.032849412,0.76823425,0.012281947,0.4,0.0,0.27734748,0.061323144
375316653866487564,5970687544320795264,0.6316153,2280.193645869302,1.3215720377195275,5.585067E-6,16.850025,0.0025619864,0.24337272,0.0015571811,0.04855476,0.0019494387,0.22850876,0.005983991,0.73655903,0.008261385,0.045100108,0.009579013,0.037420195,0.014273977,0.026979122,0.003562618,0.24337272,0.0015571811,"TWOGAUSSIANS_WITH_ELLIPSOIDAL_ON_ECLIPSE1",9,2.308806,0.24337272,0.0015571811,0.27190664,0.010916857,0.28246656,0.004576898,0.73783904,0.006719794,0.25256062,0.05364247,0.09129772,0.011914547
375316653866487564,5970687823511517312,0.51754135,2272.5326200059153,1.5714452401096153,5.6385274E-5,17.666082,0.009321448,0.25225493,0.01711991,0.04609423,0.01027898,0.106301844,0.04038182,0.74297017,0.0021107704,0.032135595,0.003751778,0.35196003,0.032419313,0.02525737,0.013502491,0.25225493,0.01711991,"TWOGAUSSIANS_WITH_ELLIPSOIDAL_ON_ECLIPSE1",9,24.6534,0.74308014,0.0020333123,0.17995933,0.021009957,0.40230486,0.036467504,0.25225493,0.01711991,0.2581277,0.05756229,0.15681642,0.030548444
375316653866487564,5970687990998595328,0.58014166,2279.5924253675316,1.895185075948736,4.0355295E-5,17.9964,0.0057492373,0.3691994,0.0120275095,0.01162483,0.011489543,0.45936432,1.8428936,0.48652923,0.0024631552,0.0060021873,0.001431701,2.7750566,2.261243,0.014010695,0.010455783,0.3691994,0.0120275095,"TWOGAUSSIANS_WITH_ELLIPSOIDAL_ON_ECLIPSE1",9,41.146637,0.48652923,0.0024631552,0.033612248,0.008017526,2.7904155,2.2609978,0.3691994,0.0120275095,0.065099046,0.06434144,0.4873857,1.8391583
375316653866487564,5970688029669958528,0.4637703,2290.605340798763,0.07494927047694618,6.561153E-5,19.788923,0.022017928,0.30252907,0.013487997,0.13674662,0.029953007,0.20271835,0.040156405,0.72153264,0.0048347823,0.031579103,0.0074957116,0.38775542,0.1582825,null,null,null,null,"TWOGAUSSIANS",8,2.13054,0.72153264,0.0048347823,0.17684299,0.041975982,0.38862684,0.15895335,0.30252907,0.013487997,0.4,0.0,0.20171109,0.04038949
375316653866487564,5970688029716027648,0.49848777,2290.9529989039784,2.8505401676266056,4.9422415E-5,19.713203,0.011151904,0.25602365,0.0069187796,0.06350298,0.0052052317,0.5865073,0.030955344,0.7726227,0.004428149,0.06935267,0.0061813826,0.41281664,0.015636148,null,null,null,null,"TWOGAUSSIANS",8,3.0898173,0.25602365,0.0069187796,0.3556167,0.029149298,0.58599985,0.030964103,0.7726227,0.004428149,0.38837495,0.032162257,0.41230914,0.015606332
375316653866487564,5970688064075763456,0.54574823,2264.7889805938207,1.7137972744223604,1.7521636E-5,18.972086,0.021999741,0.14574105,0.008363311,0.06794878,0.012159745,0.24222896,0.031591386,0.62763923,0.005602696,0.08066734,0.007376852,0.52443,0.034268305,null,null,null,null,"TWOGAUSSIANS",8,4.3201404,0.62763923,0.005602696,0.4,0.0,0.5227515,0.033736806,0.14574105,0.008363311,0.38051316,0.051852886,0.24055046,0.031590518
375316653866487564,5970688098389511040,0.45142627,2288.141939761699,0.36242144596072345,2.8494527E-5,18.522873,0.0050916723,0.27729344,0.007555314,0.027540898,0.007843799,0.16043611,0.010094661,null,null,null,null,null,null,0.038107164,0.0077727404,0.27729344,0.007555314,"ONEGAUSSIAN_WITH_ELLIPSOIDAL",6,8.01212,0.27729344,0.007555314,0.15422903,0.043925274,0.23665027,0.013469183,null,null,null,null,null,null
375316653866487564,5970688373313468160,0.582586,2275.938122931941,1.4652165606146845,6.590204E-6,16.239967,0.0054167896,0.2286034,0.0011371848,0.086730294,0.0024928504,0.34020168,0.007927216,0.7252246,0.0027845288,0.09781732,0.0042356662,0.25105074,0.005959179,null,null,null,null,"TWOGAUSSIANS",8,12.93574,0.2286034,0.0011371848,0.4,0.0,0.3262405,0.008371594,0.7252246,0.0027845288,0.4,0.0,0.23708853,0.0051914765
375316653866487564,5970688613785564800,0.48932207,2294.361067807904,0.13805546481606923,1.3733513E-4,18.41187,0.5018123,0.38399428,0.0040186043,0.0127535,0.0035019685,1.4339263,0.62107307,0.72711533,0.028370248,0.27819556,0.18749073,0.3490871,0.48030168,null,null,null,null,"TWOGAUSSIANS",8,38.303436,0.38405427,0.004016609,0.0714196,0.019611023,1.4797521,0.62460166,0.72711533,0.028370248,0.4,0.0,0.21133743,0.047632936
