Gaia/vari_eclipsing_binary/VariEclipsingBinary_597264-597290.csv
# %ECSV 1.0
# ---
# delimiter: ','
# meta: !!omap
# - RELEASE: Gaia DR3
# - TABLE: vari_eclipsing_binary
# - DESCRIPTION: >
#     This table describes the properties of the eclipsing binaries resulting from the variability analysis. 
# - CITATION: >
#     How to cite and acknowledge Gaia: 
#     https://gea.esac.esa.int/archive/documentation/credits.html 
# - KNOWN_ISSUES: >
#     Known issues: 
#     https://www.cosmos.esa.int/web/gaia-users/known-issues 
# - DOCUMENTATION: >
#     Tutorials and documentation: 
#     https://www.cosmos.esa.int/web/gaia-users/archive 
# datatype:
# - 
#   name: solution_id
#   datatype: int64
#   description: Solution Identifier
#   meta:
#     ucd: meta.version
# - 
#   name: source_id
#   datatype: int64
#   description: Unique source identifier
#   meta:
#     ucd: meta.id;meta.main
# - 
#   name: global_ranking
#   datatype: float32
#   description: Number between 0 (worst) and 1 (best)
#   meta:
#     ucd: stat.param
# - 
#   name: reference_time
#   datatype: float64
#   unit: d
#   description: Reference time used for the geometric model fit
#   meta:
#     ucd: time.epoch
# - 
#   name: frequency
#   datatype: float64
#   unit: d**-1
#   description: Frequency of geometric model of the eclipsing binary light curve
#   meta:
#     ucd: src.orbital
# - 
#   name: frequency_error
#   datatype: float32
#   unit: d**-1
#   description: "Uncertainty of \\texttt{frequency}"
#   meta:
#     ucd: stat.error
# - 
#   name: geom_model_reference_level
#   datatype: float32
#   unit: mag
#   description: Magnitude reference level of geometric model
#   meta:
#     ucd: phot.mag;em.opt
# - 
#   name: geom_model_reference_level_error
#   datatype: float32
#   unit: mag
#   description: "Uncertainty of \\texttt{geomModelReferenceLevel}"
#   meta:
#     ucd: stat.error;phot.mag;em.opt
# - 
#   name: geom_model_gaussian1_phase
#   datatype: float32
#   description: Phase of the Gaussian 1 component
#   meta:
#     ucd: time.phase
# - 
#   name: geom_model_gaussian1_phase_error
#   datatype: float32
#   description: "Uncertainty of \\texttt{geomModelGaussian1Phase}"
#   meta:
#     ucd: stat.error;time.phase
# - 
#   name: geom_model_gaussian1_sigma
#   datatype: float32
#   description: "Standard deviation [phase] of Gaussian 1 component"
#   meta:
#     ucd: stat.stdev
# - 
#   name: geom_model_gaussian1_sigma_error
#   datatype: float32
#   description: "Uncertainty of \\texttt{geomModelGaussian1Sigma}"
#   meta:
#     ucd: stat.error
# - 
#   name: geom_model_gaussian1_depth
#   datatype: float32
#   unit: mag
#   description: Magnitude depth of Gaussian 1 component
#   meta:
#     ucd: src.var.amplitude
# - 
#   name: geom_model_gaussian1_depth_error
#   datatype: float32
#   unit: mag
#   description: "Uncertainty of \\texttt{geomModelGaussian1Depth}"
#   meta:
#     ucd: stat.error;src.var.amplitude
# - 
#   name: geom_model_gaussian2_phase
#   datatype: float32
#   description: Phase of Gaussian 2 component
#   meta:
#     ucd: time.phase
# - 
#   name: geom_model_gaussian2_phase_error
#   datatype: float32
#   description: "Uncertainty of \\texttt{geomModelGaussian2Phase}"
#   meta:
#     ucd: stat.error;time.phase
# - 
#   name: geom_model_gaussian2_sigma
#   datatype: float32
[...]
#   datatype: float32
#   description: "Secondary eclipse: uncertainty of \\texttt{derivedSecondaryEclDuration}"
#   meta:
#     ucd: stat.error;time.duration
# - 
#   name: derived_secondary_ecl_depth
#   datatype: float32
#   unit: mag
#   description: "Secondary eclipse: depth"
#   meta:
#     ucd: src.var.amplitude
# - 
#   name: derived_secondary_ecl_depth_error
#   datatype: float32
#   unit: mag
#   description: "Secondary eclipse: uncertainty of \\texttt{derivedSecondaryEclDepth}"
#   meta:
#     ucd: stat.error;src.var.amplitude
solution_id,source_id,global_ranking,reference_time,frequency,frequency_error,geom_model_reference_level,geom_model_reference_level_error,geom_model_gaussian1_phase,geom_model_gaussian1_phase_error,geom_model_gaussian1_sigma,geom_model_gaussian1_sigma_error,geom_model_gaussian1_depth,geom_model_gaussian1_depth_error,geom_model_gaussian2_phase,geom_model_gaussian2_phase_error,geom_model_gaussian2_sigma,geom_model_gaussian2_sigma_error,geom_model_gaussian2_depth,geom_model_gaussian2_depth_error,geom_model_cosine_half_period_amplitude,geom_model_cosine_half_period_amplitude_error,geom_model_cosine_half_period_phase,geom_model_cosine_half_period_phase_error,model_type,num_model_parameters,reduced_chi2,derived_primary_ecl_phase,derived_primary_ecl_phase_error,derived_primary_ecl_duration,derived_primary_ecl_duration_error,derived_primary_ecl_depth,derived_primary_ecl_depth_error,derived_secondary_ecl_phase,derived_secondary_ecl_phase_error,derived_secondary_ecl_duration,derived_secondary_ecl_duration_error,derived_secondary_ecl_depth,derived_secondary_ecl_depth_error
375316653866487564,5253590188187213696,0.4950634,2205.3863732339273,1.9636744717823835,2.1191006E-5,17.207518,0.025182616,0.37275594,0.0036688321,0.1250713,0.027754676,0.06480761,0.02384695,0.86621374,0.008396867,0.11183867,0.039562475,0.046387583,0.021572161,null,null,null,null,"TWOGAUSSIANS",8,1.2408818,0.37276596,0.0036593382,0.4,0.0,0.0535925,0.0029598887,0.86621374,0.008396867,0.4,0.0,0.03521288,0.004985142
375316653866487564,5253590252620252160,0.50696146,2175.148957581912,0.569319314408762,4.5799443E-5,14.832056,0.0018748599,0.2763489,0.021142013,0.03003836,0.014055657,0.46109185,0.16394395,0.7564816,0.01534625,0.041420735,0.008728688,0.5554623,0.053738512,null,null,null,null,"TWOGAUSSIANS",8,162.2611,0.7564816,0.01534625,0.23195611,0.04888065,0.5554623,0.053738512,0.2763489,0.021142013,0.16821481,0.07871168,0.46109185,0.16394395
375316653866487564,5253590802355843584,0.46536657,2201.099859382316,0.18573131418615668,2.497034E-5,18.638739,0.0037393356,0.31784698,0.01786498,0.07011073,0.019427396,0.037024632,0.004459878,0.8188249,4.0517925E-4,0.009380544,5.9205375E-4,0.24082783,0.013616266,null,null,null,null,"TWOGAUSSIANS",8,2.30685,0.8188249,4.0517925E-4,0.05253104,0.003315501,0.24082783,0.013616265,0.31784698,0.01786498,0.3926201,0.09014496,0.037024632,0.004459878
375316653866487564,5253591661349043712,0.5793357,2207.9100570836026,2.9370629428982613,1.7168562E-5,19.315784,0.00670092,0.26063982,0.0027477825,0.067812234,0.0033440618,0.52660435,0.020867126,0.7481083,0.006108072,0.07222212,0.005748294,0.54171616,0.039189108,null,null,null,null,"TWOGAUSSIANS",8,1.9878339,0.7481083,0.006108072,0.4,0.0052458225,0.54039866,0.039447825,0.26063982,0.0027477825,0.3797485,0.018726746,0.52528685,0.020982977
375316653866487564,5253592181012895744,0.51617587,2180.6635944112813,2.7132022260925313,2.8675498E-5,19.708286,0.013313444,0.2100568,0.006929955,0.08157036,0.010502952,0.3834518,0.04809232,0.7115088,0.005180791,0.07855292,0.005760661,0.44240412,0.026240485,null,null,null,null,"TWOGAUSSIANS",8,2.3575974,0.7115088,0.005180791,0.4,0.0,0.4363036,0.025750315,0.2100568,0.006929955,0.4,0.0,0.37735125,0.051059026
375316653866487564,5253592181052108672,0.5831886,2199.528165922755,2.823337952276058,4.8976167E-6,15.693813,0.010519141,0.24450354,0.0029791587,0.04391773,0.0037613518,0.47138253,0.062349442,0.7402382,0.0013173261,0.050521106,0.0045950315,0.45420596,0.05867731,0.10671335,0.01977261,0.24450354,0.0029791587,"TWOGAUSSIANS_WITH_ELLIPSOIDAL_ON_ECLIPSE1",9,38.808582,0.24450354,0.0029791587,0.24593928,0.02106357,0.68480587,0.05935135,0.7406082,0.0010915874,0.28291818,0.025732176,0.6674893,0.0638539
375316653866487564,5253592593329538432,0.55358905,2237.52429709411,2.793549900953693,1.5200837E-5,18.320543,0.013932098,0.3111935,0.0035328253,0.082303874,0.005077754,0.38756815,0.014449932,0.81324846,0.0074746683,0.08774678,0.008318233,0.32012025,0.021245832,null,null,null,null,"TWOGAUSSIANS",8,7.117814,0.3111935,0.0035328253,0.4,0.0,0.3785922,0.011573306,0.81324846,0.0074746683,0.4,0.0,0.31114423,0.020473378
375316653866487564,5253592662088501632,0.5923246,2190.7646227237574,2.29004751776068,1.0516328E-5,15.429279,0.07914125,0.28523353,0.004674998,0.062477328,0.013647171,0.39766917,0.15432605,0.7894883,0.001927825,0.060252637,0.019015152,0.33394688,0.12488757,0.062789775,0.082576625,0.7894883,0.001927825,"TWOGAUSSIANS_WITH_ELLIPSOIDAL_ON_ECLIPSE2",9,100.66842,0.2856135,0.0041116658,0.34987304,0.0762723,0.5230053,0.053669017,0.7894883,0.001927825,0.33741477,0.087544486,0.4593648,0.052127402
375316653866487564,5253592971286946304,0.5355113,2239.1400617158943,1.674405814523022,2.3837796E-5,18.777748,0.04085697,0.23969123,0.0056613428,0.08800744,0.016351912,0.43823385,0.0343483,0.75772893,0.0071064066,0.11530564,0.02106953,0.18788953,0.039800316,null,null,null,null,"TWOGAUSSIANS",8,1.8796792,0.23968121,0.0056405948,0.4,0.0,0.41791567,0.03454563,0.75772893,0.0071056513,0.4,0.0,0.16753352,0.0113881435
375316653866487564,5253592971326317824,0.45105463,2276.16300915346,1.2016120410880693,1.9364212E-5,13.365188,0.0030288873,0.5924884,0.011865342,0.1924315,0.027499434,0.034134056,0.0025828716,0.94177955,0.0065582744,0.019508813,0.005292245,0.009845474,0.0047472506,null,null,null,null,"TWOGAUSSIANS",8,10.264871,0.5924884,0.011865342,0.4,0.0,0.031799637,0.0016353513,0.94177955,0.0065582744,0.10924935,0.029636573,0.014195876,0.0048901006
375316653866487564,5253593280564090752,0.6679818,2222.248174553296,2.691454214627812,3.4047791E-6,16.804539,0.006164131,0.20184247,0.0010082711,0.04664739,0.0025608218,0.237472,0.014055421,0.7008969,0.0044446443,0.04811441,0.003535866,0.25544998,0.0150086405,0.118629895,0.008148241,0.20184247,0.0010082711,"TWOGAUSSIANS_WITH_ELLIPSOIDAL_ON_ECLIPSE1",9,5.4602027,0.70103693,0.004215698,0.2694407,0.01980085,0.49270204,0.007791769,0.20184247,0.0010082711,0.26122537,0.014340602,0.47473124,0.0056646243
375316653866487564,5253593482407127552,0.52724445,2233.615017690767,0.720482887530137,4.166367E-5,19.518755,0.00659337,0.19344054,2.1142658E-4,0.0075912136,3.3818724E-4,0.74791807,0.02268372,0.41987112,0.0011366362,0.01480035,0.0020418873,0.59122974,0.2246863,null,null,null,null,"TWOGAUSSIANS",8,1.7528418,0.19344054,2.1142658E-4,0.042510796,0.0018938484,0.74791807,0.02268372,0.41987112,0.0011366362,0.08288196,0.011434568,0.59122974,0.2246863
375316653866487564,5253593722941762560,0.4197716,2280.4061020487397,2.0556672676110193,3.6543195E-5,18.76387,0.030037982,0.17479636,0.024066852,0.008851456,0.025436565,1.2274839,1.1785518,0.59626186,0.015970623,0.04256131,0.010428506,0.24253166,0.11552413,null,null,null,null,"TWOGAUSSIANS",8,6.335783,0.17479636,0.024066852,0.049568154,0.14244476,1.2274839,1.1785518,0.59626186,0.015970623,0.23834334,0.058399633,0.24253166,0.11552413
375316653866487564,5253593933398998528,0.5886409,2247.8687464782065,3.5060252907715053,9.656883E-6,17.429937,0.014896101,0.25601122,0.0023829008,0.042134274,0.0070086466,0.22160703,0.030785536,0.76480126,0.0041916706,0.056662403,0.0057742065,0.3565033,0.033907015,0.096108034,0.019417414,0.25601122,0.0023829008,"TWOGAUSSIANS_WITH_ELLIPSOIDAL_ON_ECLIPSE1",9,16.725643,0.76480126,0.0041916706,0.31730947,0.032335557,0.5481216,0.023697557,0.25601122,0.0023829008,0.23595193,0.03924842,0.41381106,0.015757952
375316653866487564,5253593997786765056,0.6009606,2273.3795299557823,2.4706138563489124,6.1211053E-6,17.604435,0.0055076387,0.27998707,0.002502202,0.0982249,0.0043696626,0.24470317,0.005605657,0.7832061,0.0021611806,0.0887522,0.003024282,0.28846288,0.0050746542,null,null,null,null,"TWOGAUSSIANS",8,1.8295165,0.7832061,0.0021611806,0.4,0.0,0.2743522,0.003581727,0.27998707,0.002502202,0.4,0.0,0.2305914,0.0044385144
375316653866487564,5253594410149046784,0.42074555,2259.2774788422144,1.1242044898141632,4.430278E-5,18.086437,0.009980735,0.25688922,0.0053413073,0.04390423,0.009995609,0.2753096,0.25941464,0.6647084,0.030591803,0.01817842,0.026316147,0.20772727,0.45672235,null,null,null,null,"TWOGAUSSIANS",8,6.4988627,0.25688922,0.0053413073,0.24586369,0.05597541,0.2753096,0.25941464,0.6647084,0.030591803,0.101799145,0.14737043,0.20772727,0.45672235
375316653866487564,5253594444488049664,0.6158524,2230.220576169437,3.4783658554189674,5.0291324E-6,18.338692,0.010214245,0.24325673,0.0029625983,0.04184106,0.010155429,0.37445825,0.04600847,0.7474191,0.009315026,0.03660476,0.007321905,0.3077878,0.04894214,0.11003728,0.012756582,0.24325673,0.0029625983,"TWOGAUSSIANS_WITH_ELLIPSOIDAL_ON_ECLIPSE1",9,3.2606752,0.24325673,0.0029625983,0.23430994,0.0568704,0.5945323,0.063470505,0.7474191,0.009315026,0.20498665,0.04100267,0.5277114,0.044300206
375316653866487564,5253594517514393216,0.6588273,2235.3520335878866,1.2775684003365553,5.1199663E-6,16.328993,0.02046223,0.17527004,0.0016273408,0.0653599,0.020697145,0.06363461,0.0406861,0.6683938,0.0032446198,0.054393504,0.0035957312,0.52867997,0.048531458,0.092744485,0.023343513,0.17527004,0.0016273408,"TWOGAUSSIANS_WITH_ELLIPSOIDAL_ON_ECLIPSE1",9,14.510771,0.6689138,0.0030777443,0.30460364,0.020136096,0.71379894,0.013101178,0.17527004,0.0016273408,0.3660154,0.09806698,0.2490734,0.008685456
375316653866487564,5253594581918412160,0.48927045,2226.020807890765,0.361895428632256,8.197194E-6,19.592703,0.008447421,0.4543724,0.0068778754,0.013466236,0.012367226,0.5313857,0.42526045,0.66833717,3.3706406E-4,0.009776265,0.0015377948,0.2034465,0.14631097,null,null,null,null,"TWOGAUSSIANS",8,2.1537392,0.4543724,0.0068778754,0.075410925,0.06925646,0.5313857,0.42526045,0.66833717,3.3706406E-4,0.05474709,0.008611651,0.2034465,0.14631097
375316653866487564,5253594723673140992,0.50863945,2208.242681868056,4.177198523155,2.1691974E-5,19.467062,0.21909052,0.24433033,0.004438586,0.07385043,0.042612765,0.69549716,0.057440866,0.721588,0.0099857785,0.10442986,0.06253222,0.30167237,0.20193055,null,null,null,null,"TWOGAUSSIANS",8,4.975873,0.24433033,0.005325439,0.4,0.0072806785,0.68433535,0.22072278,0.721588,0.0099857785,0.4,0.0,0.29050067,0.03007021
375316653866487564,5253594753746486400,0.5377359,2220.026297243833,4.060467380646563,1.9885094E-5,19.530752,0.018810842,0.24684598,0.0049056993,0.07766435,0.006573774,0.43199497,0.023380678,0.7472162,0.0048876586,0.07621763,0.006497845,0.44820878,0.023645082,null,null,null,null,"TWOGAUSSIANS",8,1.7086905,0.7472162,0.0048876586,0.4,0.0,0.44375774,0.022691512,0.24684598,0.0049056993,0.4,0.0,0.42754397,0.02265954
375316653866487564,5253594929831556608,0.42875957,2223.7603521738397,0.06477092765859067,4.5853958E-5,18.493359,0.03642584,0.28615308,0.013560652,0.12150243,0.03554964,0.100031674,0.03586994,0.752915,0.043492746,0.1045828,0.051499452,0.126016,0.12277298,null,null,null,null,"TWOGAUSSIANS",8,3.940553,0.752915,0.043492746,0.4,0.07297889,0.11238593,0.13588421,0.28619307,0.0134725785,0.4,0.0,0.086338826,0.012554823
375316653866487564,5253594929831568384,0.41569826,2244.4079198060526,2.1826919163223177,5.1353458E-5,17.913185,0.0034461007,null,null,null,null,null,null,null,null,null,null,null,null,0.03063917,0.0049006566,0.25714013,0.012721661,"ELLIPSOIDAL",4,10.453967,null,null,null,null,null,null,null,null,null,null,null,null
375316653866487564,5253595067270488960,0.5266544,2245.9855447468103,0.6531204981469019,6.434995E-5,16.23098,9.6991204E-4,0.24539728,0.0054521444,0.019384533,0.0039343415,0.14579494,0.032656644,0.71637464,0.03324058,0.039192773,0.016964704,0.003859334,0.0033475661,0.009062537,0.0019064717,0.24539728,0.0054521444,"TWOGAUSSIANS_WITH_ELLIPSOIDAL_ON_ECLIPSE1",9,4.670083,0.24539728,0.0054521444,0.10855339,0.022032313,0.16392,0.032565556,0.72709465,0.02441859,0.21947953,0.09500234,0.021604057,0.0026557609
375316653866487564,5253595475301145216,0.502971,2227.7239385813477,3.3628647444894364,1.0971566E-5,19.54153,0.010101137,0.20382507,0.002716178,0.07053005,0.0046823197,0.37949362,0.024458818,0.70562375,0.0042018387,0.10752739,0.00748791,0.3821083,0.034812637,null,null,null,null,"TWOGAUSSIANS",8,1.5741888,0.70562375,0.0042018387,0.4,0.0,0.3680892,0.037924204,0.20382507,0.002716178,0.39496827,0.023078974,0.36548996,0.025812587
375316653866487564,5253596231185758464,0.46286348,2224.462233114433,0.12981191916751159,2.4900306E-4,19.641884,0.011663722,0.28638476,0.063570224,0.036576543,0.032318972,0.6021409,7.423244,0.5291774,0.023478694,0.16297746,0.032271177,0.14555839,0.01606436,null,null,null,null,"TWOGAUSSIANS",8,1.8550661,0.28736475,0.06445776,0.20482865,0.18098624,0.6477136,7.4251766,0.5291774,0.023478694,0.4,0.0,0.14292651,0.01638382
375316653866487564,5253597090179559296,0.43947083,2255.984959708931,0.6855571533314055,2.6540894E-5,18.1134,0.018217938,0.39970484,0.021767585,0.10681485,0.023119744,0.10125787,0.021512024,0.88911736,0.0075583104,0.060357563,0.014981839,0.13841595,0.027244657,null,null,null,null,"TWOGAUSSIANS",8,10.432063,0.88911736,0.0075583104,0.33800235,0.0838983,0.13638604,0.027301366,0.39970484,0.021767585,0.4,0.0,0.09922406,0.01828839
375316653866487564,5253597433760498816,0.50242156,2281.958865227228,0.011238584883104256,2.5462313E-4,17.639977,0.0044054664,0.12929268,5.7020907E-6,0.0025319175,7.580503E-5,2.5438821,0.3677584,0.57300776,0.068804264,0.1054848,0.044761073,0.017097231,0.0064773015,null,null,null,null,"TWOGAUSSIANS",8,3.9531496,0.12929268,5.7020907E-6,0.014178739,4.2450818E-4,2.5438843,0.36775407,0.57300776,0.068804264,0.4,0.0,0.017096778,0.006472653
375316653866487564,5253597953488008448,0.6465346,2243.7165314802273,0.5602677516509809,4.290471E-6,14.834971,0.005246599,0.30264965,0.005758668,0.054115683,0.011333581,0.1442178,0.012093613,0.80290323,0.0024965822,0.03825862,0.0048218705,0.068406545,0.010781295,0.046660185,0.005707601,0.30264965,0.005758668,"TWOGAUSSIANS_WITH_ELLIPSOIDAL_ON_ECLIPSE1",9,20.616234,0.30264965,0.005758668,0.30304784,0.063468054,0.23753478,0.004620727,0.80290323,0.0020201684,0.21424828,0.027002474,0.16172327,0.0035248708
375316653866487564,5253598228380802048,0.42500475,2226.8879771614006,0.38132268240735867,4.6248635E-5,18.762043,0.25868565,0.33531913,0.025944043,0.14483093,0.09870646,0.15391959,0.23402163,0.79505867,0.03190997,0.15295646,0.07412468,0.16331117,0.23304953,null,null,null,null,"TWOGAUSSIANS",8,4.284238,0.79505867,0.03190997,0.4,0.0,0.1032696,0.013849445,0.33953914,0.01795483,0.4,0.0,0.09489428,0.017569628
375316653866487564,5253598778122857216,0.69802797,2193.355085807866,0.3221394688814093,5.7906295E-6,15.3448105,5.773619E-4,0.60919833,4.870394E-4,0.019143451,6.1015756E-4,0.4883179,0.017217405,null,null,null,null,null,null,null,null,null,null,"ONEGAUSSIAN",5,4.643018,0.60919833,4.870394E-4,0.10720333,0.0034168824,0.4883179,0.0,null,null,null,null,null,null
375316653866487564,5253598915562212096,0.61797553,2249.454244283712,2.9414495520515542,5.0841636E-6,16.67245,0.011526557,0.20556922,0.0011566147,0.05236588,0.004454052,0.29915556,0.020671602,0.7114536,0.0011911243,0.049836297,0.0036711595,0.33065963,0.035336547,0.07930362,0.013049781,0.20556922,0.0011566147,"TWOGAUSSIANS_WITH_ELLIPSOIDAL_ON_ECLIPSE1",9,10.783494,0.7114536,0.0011911243,0.27908328,0.020558493,0.48904607,0.03331226,0.20556922,0.0011566147,0.29324892,0.02494269,0.45775872,0.016896192
375316653866487564,5253599083051754112,0.57294947,2229.8496221925675,2.7565231260532714,7.310043E-6,18.703215,0.010030011,0.2587545,0.002512843,0.066235155,0.0031047317,0.6448605,0.028821088,0.75092214,0.007093689,0.066564634,0.004711698,0.54607016,0.020310704,null,null,null,null,"TWOGAUSSIANS",8,4.712799,0.2587545,0.002512843,0.37091687,0.017386496,0.6440684,0.028968576,0.75092214,0.007093689,0.37276196,0.026385507,0.545278,0.020057283
375316653866487564,5253599156080315648,0.64350426,2179.455478154658,2.6185012313857325,5.416334E-6,15.622431,0.008991384,0.21244435,0.001132779,0.048561525,0.0046335263,0.2065447,0.01965537,0.7045106,0.002496374,0.045825254,0.0044301,0.19113845,0.019806312,0.13895863,0.0115803685,0.21244435,0.001132779,"TWOGAUSSIANS_WITH_ELLIPSOIDAL_ON_ECLIPSE1",9,30.214277,0.21244435,0.001132779,0.27194455,0.025947746,0.48446143,0.013549084,0.70605063,0.0019103002,0.25662142,0.02480856,0.468499,0.0060844985
375316653866487564,5253599259121235840,0.48406258,2103.629187509831,0.36312410748772894,2.9598767E-5,19.737888,0.026861653,0.1392459,0.0026544803,0.022106396,0.004226966,0.46939617,0.1110677,0.80052704,0.0069240085,0.024818989,0.010533542,0.22574818,0.056149375,0.122176796,0.03870153,0.1392459,0.0026544803,"TWOGAUSSIANS_WITH_ELLIPSOIDAL_ON_ECLIPSE1",9,3.0606232,0.1392459,0.0026544803,0.12379582,0.023671009,0.7137496,0.13051994,0.80052704,0.0069240085,0.13898633,0.05898784,0.2941315,0.069963
375316653866487564,5253599667176700416,0.4561013,2211.9562759542923,0.9785783924399294,1.842244E-5,19.26394,0.0059134304,0.36534432,0.006297727,0.084493205,0.016009538,0.2171035,0.146443,0.8310601,0.003100234,0.028139068,0.009108614,0.135428,0.043135636,null,null,null,null,"TWOGAUSSIANS",8,1.4733647,0.36534432,0.006297727,0.4,0.004810122,0.2170991,0.14644928,0.8310601,0.003100234,0.15757878,0.051008243,0.13542366,0.04315171
