Gaia/vari_eclipsing_binary/VariEclipsingBinary_052822-052987.csv
# %ECSV 1.0
# ---
# delimiter: ','
# meta: !!omap
# - RELEASE: Gaia DR3
# - TABLE: vari_eclipsing_binary
# - DESCRIPTION: >
#     This table describes the properties of the eclipsing binaries resulting from the variability analysis. 
# - CITATION: >
#     How to cite and acknowledge Gaia: 
#     https://gea.esac.esa.int/archive/documentation/credits.html 
# - KNOWN_ISSUES: >
#     Known issues: 
#     https://www.cosmos.esa.int/web/gaia-users/known-issues 
# - DOCUMENTATION: >
#     Tutorials and documentation: 
#     https://www.cosmos.esa.int/web/gaia-users/archive 
# datatype:
# - 
#   name: solution_id
#   datatype: int64
#   description: Solution Identifier
#   meta:
#     ucd: meta.version
# - 
#   name: source_id
#   datatype: int64
#   description: Unique source identifier
#   meta:
#     ucd: meta.id;meta.main
# - 
#   name: global_ranking
#   datatype: float32
#   description: Number between 0 (worst) and 1 (best)
#   meta:
#     ucd: stat.param
# - 
#   name: reference_time
#   datatype: float64
#   unit: d
#   description: Reference time used for the geometric model fit
#   meta:
#     ucd: time.epoch
# - 
#   name: frequency
#   datatype: float64
#   unit: d**-1
#   description: Frequency of geometric model of the eclipsing binary light curve
#   meta:
#     ucd: src.orbital
# - 
#   name: frequency_error
#   datatype: float32
#   unit: d**-1
#   description: "Uncertainty of \\texttt{frequency}"
#   meta:
#     ucd: stat.error
# - 
#   name: geom_model_reference_level
#   datatype: float32
#   unit: mag
#   description: Magnitude reference level of geometric model
#   meta:
#     ucd: phot.mag;em.opt
# - 
#   name: geom_model_reference_level_error
#   datatype: float32
#   unit: mag
#   description: "Uncertainty of \\texttt{geomModelReferenceLevel}"
#   meta:
#     ucd: stat.error;phot.mag;em.opt
# - 
#   name: geom_model_gaussian1_phase
#   datatype: float32
#   description: Phase of the Gaussian 1 component
#   meta:
#     ucd: time.phase
# - 
#   name: geom_model_gaussian1_phase_error
#   datatype: float32
#   description: "Uncertainty of \\texttt{geomModelGaussian1Phase}"
#   meta:
#     ucd: stat.error;time.phase
# - 
#   name: geom_model_gaussian1_sigma
#   datatype: float32
#   description: "Standard deviation [phase] of Gaussian 1 component"
#   meta:
#     ucd: stat.stdev
# - 
#   name: geom_model_gaussian1_sigma_error
#   datatype: float32
#   description: "Uncertainty of \\texttt{geomModelGaussian1Sigma}"
#   meta:
#     ucd: stat.error
# - 
#   name: geom_model_gaussian1_depth
#   datatype: float32
#   unit: mag
#   description: Magnitude depth of Gaussian 1 component
#   meta:
#     ucd: src.var.amplitude
# - 
#   name: geom_model_gaussian1_depth_error
#   datatype: float32
#   unit: mag
#   description: "Uncertainty of \\texttt{geomModelGaussian1Depth}"
#   meta:
#     ucd: stat.error;src.var.amplitude
# - 
#   name: geom_model_gaussian2_phase
#   datatype: float32
#   description: Phase of Gaussian 2 component
#   meta:
#     ucd: time.phase
# - 
#   name: geom_model_gaussian2_phase_error
#   datatype: float32
#   description: "Uncertainty of \\texttt{geomModelGaussian2Phase}"
#   meta:
#     ucd: stat.error;time.phase
# - 
#   name: geom_model_gaussian2_sigma
#   datatype: float32
[...]
#   datatype: float32
#   description: "Secondary eclipse: uncertainty of \\texttt{derivedSecondaryEclDuration}"
#   meta:
#     ucd: stat.error;time.duration
# - 
#   name: derived_secondary_ecl_depth
#   datatype: float32
#   unit: mag
#   description: "Secondary eclipse: depth"
#   meta:
#     ucd: src.var.amplitude
# - 
#   name: derived_secondary_ecl_depth_error
#   datatype: float32
#   unit: mag
#   description: "Secondary eclipse: uncertainty of \\texttt{derivedSecondaryEclDepth}"
#   meta:
#     ucd: stat.error;src.var.amplitude
solution_id,source_id,global_ranking,reference_time,frequency,frequency_error,geom_model_reference_level,geom_model_reference_level_error,geom_model_gaussian1_phase,geom_model_gaussian1_phase_error,geom_model_gaussian1_sigma,geom_model_gaussian1_sigma_error,geom_model_gaussian1_depth,geom_model_gaussian1_depth_error,geom_model_gaussian2_phase,geom_model_gaussian2_phase_error,geom_model_gaussian2_sigma,geom_model_gaussian2_sigma_error,geom_model_gaussian2_depth,geom_model_gaussian2_depth_error,geom_model_cosine_half_period_amplitude,geom_model_cosine_half_period_amplitude_error,geom_model_cosine_half_period_phase,geom_model_cosine_half_period_phase_error,model_type,num_model_parameters,reduced_chi2,derived_primary_ecl_phase,derived_primary_ecl_phase_error,derived_primary_ecl_duration,derived_primary_ecl_duration_error,derived_primary_ecl_depth,derived_primary_ecl_depth_error,derived_secondary_ecl_phase,derived_secondary_ecl_phase_error,derived_secondary_ecl_duration,derived_secondary_ecl_duration_error,derived_secondary_ecl_depth,derived_secondary_ecl_depth_error
[from data line 530]
375316653866487564,465614660084188288,0.6093208,2284.7451607248454,3.463522105378291,4.2315596E-6,17.257435,0.0119239995,0.26300693,9.024947E-4,0.043548886,0.0023128523,0.6756369,0.031814273,0.76318574,0.0014705345,0.038367935,0.0034984367,0.48184508,0.03453543,0.12683658,0.017398119,0.26300693,9.024947E-4,"TWOGAUSSIANS_WITH_ELLIPSOIDAL_ON_ECLIPSE1",9,25.399288,0.26300693,9.024947E-4,0.24387378,0.012951973,0.92931,0.031912226,0.76318574,0.0014343665,0.21486044,0.019591246,0.73551786,0.037416548
375316653866487564,465616820448589568,0.48570362,2258.8024271802474,2.510951453721401,2.7645607E-5,18.28742,0.027088746,0.273552,0.004521251,0.098918766,0.0142781325,0.2188295,0.024290506,0.7655822,0.009686048,0.09009692,0.016232003,0.23456423,0.029842662,null,null,null,null,"TWOGAUSSIANS",8,9.700877,0.7655822,0.009686048,0.4,0.0,0.22236198,0.015788779,0.273552,0.004521251,0.4,0.0,0.20662603,0.0092792595
375316653866487564,465617443222974080,0.58481157,2288.383243681218,1.0004511244940828,5.153873E-6,15.0005865,0.0019403275,0.21035957,0.0015351077,0.026374344,0.0025467249,0.075694256,0.0035046246,0.6921281,0.011427479,0.044284903,0.0066932836,0.16380453,0.019022021,0.007637606,0.0016912327,0.6921281,0.011427479,"TWOGAUSSIANS_WITH_ELLIPSOIDAL_ON_ECLIPSE2",9,10.268049,0.6921281,0.011427479,0.24799545,0.03748239,0.1790797,0.016672773,0.21015957,0.001516851,0.14769633,0.014261659,0.09077202,0.0019866435
375316653866487564,465618675873321216,0.6403982,2266.080354335691,0.10228425911855672,7.2983275E-5,16.171457,0.0025328018,0.25084373,1.644727E-4,0.02239163,1.7865132E-4,0.7970277,0.0035253456,0.74381304,0.0069565326,0.04395649,0.0046426984,0.09239044,0.004689813,null,null,null,null,"TWOGAUSSIANS",8,24.691292,0.25084373,1.644727E-4,0.12539312,0.0010004474,0.7970277,0.0035253454,0.74381304,0.0069565326,0.24615633,0.025999112,0.09239044,0.004689813
375316653866487564,465620496939581952,0.47059286,2261.297697753045,4.9843133312473675,2.6311507E-5,18.703297,0.0021073106,0.37804762,0.06628609,0.029162655,0.021508763,0.051462997,0.025966981,0.742001,0.0013391529,0.011738228,0.0021942582,0.32809055,0.06229511,null,null,null,null,"TWOGAUSSIANS",8,1.8089368,0.742001,0.0013391529,0.06573407,0.012287846,0.32809055,0.06229511,0.37804762,0.06628609,0.16331087,0.12044907,0.051462997,0.025966981
375316653866487564,465621085355101824,0.5354122,2268.5413039377363,0.21018060073742165,2.5998364E-5,18.224285,0.001897755,0.1545433,0.0036453763,0.011798963,0.0032098156,0.34178144,0.12119367,null,null,null,null,null,null,null,null,null,null,"ONEGAUSSIAN",5,2.1261313,0.1545433,0.0036453763,0.06607419,0.017974967,0.34178144,0.0,null,null,null,null,null,null
375316653866487564,465621944348578560,0.5234632,2265.4112625956745,1.3229948932081785,1.3464821E-5,16.694557,0.008712445,0.26767057,0.0025616235,0.08948995,0.005390859,0.24405861,0.007962281,0.7766153,0.0047332444,0.10257473,0.008764493,0.14123039,0.008648643,null,null,null,null,"TWOGAUSSIANS",8,15.077628,0.26767057,0.0025616235,0.4,0.0,0.23330227,0.006828058,0.7766153,0.0047332444,0.4,0.0,0.130472,0.00587205
375316653866487564,465622219220299136,0.52141154,2252.291168238828,4.211794217345393,1.167449E-5,19.880718,0.009323703,0.27444267,0.006938084,0.06443621,0.0076372074,0.5166186,0.02065268,0.7724317,0.003036667,0.074267656,0.0040778695,0.542395,0.023178155,null,null,null,null,"TWOGAUSSIANS",8,1.682459,0.7724317,0.003036667,0.4,0.0,0.5408817,0.023401115,0.27444267,0.006938084,0.3608428,0.04276836,0.51510525,0.021007173
375316653866487564,465622970840812160,0.4900044,2242.2242160373958,1.2434898428299745,1.1064018E-5,19.928364,0.0064930934,0.34968337,0.0023945624,0.02591624,0.0019378557,0.55736953,0.023400472,0.8487235,0.01274553,0.022684615,0.007702834,0.6598724,0.30708197,null,null,null,null,"TWOGAUSSIANS",8,2.1768875,0.8487235,0.01274553,0.12703384,0.04313587,0.6598724,0.30708197,0.34968337,0.0023945624,0.14513093,0.010851992,0.55736953,0.023400472
375316653866487564,465625650900369920,0.51203144,2247.4034589445832,0.5033633795490348,1.754361E-5,19.669077,0.010679461,0.2957571,0.0014240876,0.02153188,0.0014685718,0.5000911,0.02542838,0.7957835,0.038918838,0.12898402,0.1135461,0.03706464,0.021348203,null,null,null,null,"TWOGAUSSIANS",8,1.3201026,0.2957571,0.0014240876,0.12057853,0.008224002,0.49983326,0.025063323,0.7957835,0.038918838,0.4,0.0,0.036766373,0.022462273
375316653866487564,465627953003103744,0.5367971,2255.0508459789926,3.3454920975416074,1.1469534E-5,19.65221,0.015016535,0.2262026,0.0026543979,0.08483521,0.005036472,0.3944659,0.016536042,0.7282567,0.0024072344,0.08371561,0.004913248,0.46751624,0.017776348,null,null,null,null,"TWOGAUSSIANS",8,1.5256654,0.7282567,0.0024072344,0.4,0.0,0.45735618,0.016563522,0.2262026,0.0026543979,0.4,0.0,0.3843058,0.014847035
375316653866487564,465629155593974528,0.629213,2242.095416011451,0.6366435185367031,5.8854152E-6,18.12491,0.0027185138,0.29775894,0.0012052571,0.026188351,0.0013220995,1.4094372,0.085461766,0.79769564,0.008433846,0.027406344,0.0065535153,0.12246687,0.01655355,null,null,null,null,"TWOGAUSSIANS",8,4.0842648,0.29775894,0.0012052571,0.14665477,0.007403757,1.4094372,0.085461766,0.79769564,0.008433846,0.15347554,0.036699686,0.12246687,0.01655355
375316653866487564,465630603003665792,0.56637263,2250.5633124585215,0.660640541040927,7.2669827E-6,16.563093,0.0010092225,0.29275873,0.0019425853,0.01571906,0.0019007782,0.07172477,0.0039675348,0.79470825,0.0010142028,0.020527296,8.8866754E-4,0.18524046,0.0056860666,0.0058370614,0.0012731118,0.29275873,0.0019425853,"TWOGAUSSIANS_WITH_ELLIPSOIDAL_ON_ECLIPSE1",9,2.7274268,0.79470825,0.0010142028,0.114952855,0.0049765385,0.19691281,0.005601377,0.29275873,0.0019425853,0.08802673,0.010644358,0.08339888,0.0033921273
375316653866487564,465632905106050048,0.58794373,2256.5487735701968,3.4439631433437623,8.078651E-6,16.486677,0.010291064,0.26729593,0.0016005026,0.051823474,0.0050002127,0.18255685,0.023835864,0.76844394,0.0032660742,0.063018,0.004882391,0.24398836,0.025547516,0.088144876,0.014588918,0.26729593,0.0016005026,"TWOGAUSSIANS_WITH_ELLIPSOIDAL_ON_ECLIPSE1",9,22.003984,0.76844394,0.0030864014,0.35290083,0.02734139,0.42018038,0.014147512,0.26729593,0.0016005026,0.29021147,0.028001191,0.35875803,0.007077541
375316653866487564,465632935163995648,0.5191423,2261.9468264243483,0.2597464822797189,9.84789E-6,19.483248,0.0035694973,0.2986185,0.0021705283,0.0128668565,0.0030693035,0.41368598,0.12716141,0.79841036,0.0016522986,0.012866296,0.0013657304,0.42488596,0.020910652,null,null,null,null,"TWOGAUSSIANS",8,1.0258985,0.79841036,0.0016522986,0.07205126,0.0076480904,0.42488596,0.020910652,0.2986185,0.0021705283,0.0720544,0.0171881,0.41368598,0.12716141
375316653866487564,465633484919802112,0.58588755,2240.734596066215,3.0172177872213624,6.506786E-6,18.118046,0.014950022,0.24461573,0.0022751398,0.051245786,0.0050029475,0.27951172,0.039045695,0.74639875,0.0020996423,0.05431602,0.005100633,0.31427267,0.032474324,0.09264395,0.020648567,0.24461573,0.0022751398,"TWOGAUSSIANS_WITH_ELLIPSOIDAL_ON_ECLIPSE1",9,6.5964303,0.74639875,0.0020849782,0.3041697,0.028563544,0.4995286,0.015921133,0.24461573,0.0022751398,0.2869764,0.028016506,0.46479088,0.022859383
375316653866487564,465633935898184832,0.57622427,2249.852700313945,1.876386887608654,7.0386554E-6,15.696688,0.0063230963,0.2896442,0.0020970083,0.10403105,0.0062715304,0.1277689,0.005650128,0.78257966,0.00168005,0.09899284,0.0039646737,0.1642527,0.0060516912,null,null,null,null,"TWOGAUSSIANS",8,7.70901,0.78257966,0.00168005,0.4,0.0,0.15151872,0.0027537413,0.2896442,0.0020970083,0.4,0.0,0.11503334,0.0027210163
375316653866487564,465634038977388544,0.6145448,2256.974800160229,2.133179540240549,4.346704E-6,13.106392,0.009158386,0.25875613,0.0022807664,0.11551014,0.009854373,0.1200659,0.007835082,0.75345415,0.001052092,0.10754073,0.0053223916,0.13796875,0.008616932,null,null,null,null,"TWOGAUSSIANS",8,20.660425,0.75345415,0.001052092,0.4,0.0,0.118297465,0.0017052272,0.2587661,0.0022812528,0.4,0.0,0.10037946,0.0022458732
375316653866487564,465634893666211712,0.5138758,2205.908733319794,3.3002355884404477,1.6479422E-5,19.177347,0.017514465,0.24769934,0.0040992997,0.083009504,0.0064822347,0.40179518,0.019712176,0.7554907,0.0045782602,0.09089487,0.008967037,0.35115686,0.018252207,null,null,null,null,"TWOGAUSSIANS",8,3.9145906,0.24769934,0.0040992997,0.4,0.0,0.39126945,0.016851714,0.7554907,0.0045782602,0.4,0.0,0.34063095,0.016261736
375316653866487564,465637230128502784,0.47102508,2250.734712792671,4.109329018911451,1.14732284E-4,16.245857,0.005565184,0.4397916,0.018949855,0.048974115,0.011451529,0.060747202,0.013862801,0.76578975,0.0048026377,0.0039410274,0.0032068065,0.47110695,0.3091441,0.016118288,0.0092215575,0.76578975,0.0048026377,"TWOGAUSSIANS_WITH_ELLIPSOIDAL_ON_ECLIPSE2",9,118.6345,0.76578975,0.0048026377,0.022069754,0.017958116,0.50334346,0.30918747,0.43281162,0.020559615,0.27425504,0.06412856,0.068130195,0.015810296
375316653866487564,465638608822523264,0.54172045,2263.0565461474757,0.2273076496398055,7.589548E-6,13.575281,2.0244798E-4,0.19399446,0.040471602,0.032528266,0.026973644,0.005105371,0.023829412,0.66058177,6.365551E-7,0.0055872467,2.5442323E-5,0.090640835,7.782357E-5,null,null,null,null,"TWOGAUSSIANS",8,5.855111,0.66058177,6.365551E-7,0.031288583,1.42477E-4,0.090640835,7.782357E-5,0.19399446,0.040471602,0.18215829,0.1510524,0.005105371,0.023829412
375316653866487564,465638677541993600,0.5333929,2271.0479483706777,3.2986328618273584,1.4680322E-5,15.425696,0.2704102,0.27472898,0.0028424114,0.20003247,0.020401124,0.7343281,0.22458878,0.7769733,0.0031103317,0.1830054,0.02741965,0.6760327,0.24673235,null,null,null,null,"TWOGAUSSIANS",8,19.970404,0.273569,0.0027886985,0.4,0.0,0.16878144,0.00777695,0.7785933,0.0036034798,0.4,0.0,0.14272387,0.005186264
375316653866487564,465639944550831104,0.5134841,2236.524686681846,2.861531000182146,1.5006417E-5,19.509638,0.014406685,0.27027395,0.005485244,0.0861844,0.0080424305,0.43987787,0.02915904,0.76718104,0.0031871162,0.0816428,0.0046773683,0.44446084,0.02091624,null,null,null,null,"TWOGAUSSIANS",8,2.80686,0.76718104,0.0031871162,0.4,0.0,0.43457407,0.019573625,0.27027395,0.005485244,0.4,0.0,0.42999104,0.030068634
375316653866487564,465641220162818304,0.51235956,2266.4944835992264,2.2344002194396837,1.3144924E-5,15.682296,0.32820567,0.22285625,0.0028723236,0.20182352,0.0405981,0.5965379,0.31539252,0.7197697,0.0030775259,0.17098632,0.019415611,0.5410581,0.2194338,null,null,null,null,"TWOGAUSSIANS",8,23.435354,0.22397625,0.0027143648,0.4,0.0,0.15375009,0.006545487,0.7197697,0.0030775259,0.4,0.0,0.13867725,0.008519242
375316653866487564,465643316106684032,0.545643,2267.914184053663,0.4468692071296949,5.0933726E-5,9.974927,0.0064054476,0.26591396,5.8449054E-4,0.009031602,9.210554E-4,0.44395587,0.055887897,0.7657002,0.017651519,0.012615777,0.038601477,0.7024605,0.63714236,null,null,null,null,"TWOGAUSSIANS",8,865.42145,0.7657002,0.017651519,0.07064835,0.21616828,0.7024605,0.63714236,0.26591396,5.8449054E-4,0.05057697,0.0051579103,0.44395587,0.055887897
375316653866487564,465644583112648192,0.55918795,2255.7447494341104,1.8649807507142733,1.3640506E-5,18.674446,0.0037589094,0.11906608,0.0038663326,0.007412673,0.0044835014,0.038729366,0.016012296,0.49807048,0.0021041401,0.08624179,0.0027284338,0.3414377,0.008637397,null,null,null,null,"TWOGAUSSIANS",8,2.0233638,0.49807048,0.0021041401,0.4,0.0,0.34143767,0.008637411,0.11906608,0.0038761324,0.04151097,0.025107607,0.038751185,0.016011927
375316653866487564,465644656136438144,0.56181234,2263.8861908759177,3.514388039932176,1.6604006E-5,16.399239,0.03628942,0.2620485,0.003119969,0.06499444,0.006375089,0.36012828,0.077184305,0.74803835,0.0029595406,0.059649788,0.007672028,0.48134416,0.0762075,0.050333273,0.03926888,0.2620485,0.003119969,"TWOGAUSSIANS_WITH_ELLIPSOIDAL_ON_ECLIPSE1",9,81.89784,0.7488083,0.0026089393,0.3340388,0.04296336,0.5810348,0.058256473,0.2620485,0.003119969,0.36396885,0.035700496,0.4605541,0.012861587
375316653866487564,465650119334910976,0.57940054,2223.287751436005,2.083741856002221,1.3060584E-5,17.017809,0.007277946,0.2873827,0.0036727958,0.071681626,0.003747988,0.4135308,0.008798667,0.80544996,0.0038044883,0.071831085,0.003799119,0.20393467,0.009263835,null,null,null,null,"TWOGAUSSIANS",8,12.290899,0.2873827,0.0036727958,0.4,0.0083903875,0.41267595,0.008512407,0.80544996,0.0038044883,0.4,0.010434679,0.20307982,0.008969126
375316653866487564,465650875250796672,0.52122396,2241.349794571327,3.2250192312117623,9.486714E-6,19.333029,0.01040643,0.20969024,0.005240235,0.08108363,0.005953389,0.48148912,0.021958195,0.7025389,0.0032877235,0.06686044,0.003698137,0.48401052,0.013424161,null,null,null,null,"TWOGAUSSIANS",8,2.985737,0.7025389,0.0032877235,0.37441844,0.020709567,0.48131457,0.012923902,0.20969024,0.005240235,0.4,0.0,0.47879317,0.022033392
375316653866487564,465652829454384000,0.42744002,2248.472232277661,1.7117724175695295,5.265563E-5,18.084898,0.043189682,0.2776211,0.01224702,0.0767742,0.015564143,0.15476786,0.01009,0.93518454,0.092942566,0.19000025,0.20448925,0.04042817,0.0396891,null,null,null,null,"TWOGAUSSIANS",8,17.890457,0.2747511,0.009502648,0.4,0.0,0.15782505,0.010695625,0.93557453,0.09341886,0.4,0.0,0.035318233,0.010585493
375316653866487564,465656441526702336,0.57230884,2258.5926073293276,1.113950886350069,2.3537186E-6,11.009275,6.015731E-4,0.27065882,0.001267541,0.027716512,0.0023760246,0.057924032,0.0024844906,0.76537025,0.003906716,0.028153306,0.003982077,0.06435221,0.009623686,0.02744692,7.6707534E-4,0.27065882,0.001267541,"TWOGAUSSIANS_WITH_ELLIPSOIDAL_ON_ECLIPSE1",9,6.1634254,0.76564026,0.0037764492,0.15765852,0.02229963,0.11918849,0.010069158,0.27065882,0.001267541,0.15521246,0.013305738,0.11281783,0.0024141658
375316653866487564,465656505942855680,0.5744035,2282.5575609412003,1.3452088718236461,1.5129022E-5,14.813212,0.0027029382,0.24057467,0.007499294,0.10110537,0.012274455,0.047422465,0.005328265,0.7410624,0.0018758134,0.097338535,0.004076739,0.08935142,0.0025471393,null,null,null,null,"TWOGAUSSIANS",8,6.862565,0.7410624,0.0018758134,0.4,0.0,0.084029265,0.0019351324,0.24057467,0.007499294,0.4,0.0,0.042100176,0.0063933055
375316653866487564,465657021338074880,0.5005591,2283.308396918636,0.09789712557536237,1.3965556E-5,17.5047,0.009368803,0.26261175,0.0036010728,0.037103478,0.0042333775,1.4080325,0.44512126,0.55000764,0.031923708,0.15309376,0.04499109,0.096510455,0.030451056,null,null,null,null,"TWOGAUSSIANS",8,46.311497,0.26281175,0.0036040414,0.20777947,0.023706913,1.4236928,0.45580405,0.55000764,0.031923708,0.4,0.0,0.09557841,0.03144294
375316653866487564,465657193136757888,0.49355713,2249.355755765873,2.9412409723086053,2.0894753E-5,19.51092,0.032397922,0.30009878,0.0061751436,0.09687932,0.013240784,0.30073082,0.033379585,0.8059212,0.010367548,0.08877887,0.01851571,0.30700898,0.039168786,null,null,null,null,"TWOGAUSSIANS",8,3.4570858,0.8059212,0.010367548,0.4,0.0,0.29217914,0.03326793,0.30009878,0.0061751436,0.4,0.0,0.28590003,0.024204182
375316653866487564,465657266160375040,0.4180576,2270.187889402731,1.2162678019052435,4.5086406E-5,14.411898,0.13071463,0.26519847,0.011667205,0.31044567,0.14463305,0.1654285,0.12358052,0.74451613,0.010830858,0.113778144,0.014411802,0.088859744,0.023627112,null,null,null,null,"TWOGAUSSIANS",8,68.471756,0.74451613,0.010830858,0.4,0.0,0.04932033,0.007323453,0.26543847,0.011579694,0.4,0.0,0.036988616,0.00603763
375316653866487564,465657433654979328,0.49464443,2267.5310494803375,2.152957888865915,1.9899491E-5,18.678427,0.0023550717,0.14110655,1.9570475E-6,0.009312476,8.5649115E-4,0.029258477,0.001958184,0.64447635,0.0011876752,0.025679229,0.0018531241,0.2568641,0.015829505,null,null,null,null,"TWOGAUSSIANS",8,1.5373554,0.64447635,0.0011876752,0.14380367,0.010377495,0.2568641,0.015829505,0.14110655,1.9570475E-6,0.052149866,0.0047963504,0.029258477,0.001958184
