Gaia/vari_eclipsing_binary/VariEclipsingBinary_595075-595145.csv
# %ECSV 1.0
# ---
# delimiter: ','
# meta: !!omap
# - RELEASE: Gaia DR3
# - TABLE: vari_eclipsing_binary
# - DESCRIPTION: >
#     This table describes the properties of the eclipsing binaries resulting from the variability analysis. 
# - CITATION: >
#     How to cite and acknowledge Gaia: 
#     https://gea.esac.esa.int/archive/documentation/credits.html 
# - KNOWN_ISSUES: >
#     Known issues: 
#     https://www.cosmos.esa.int/web/gaia-users/known-issues 
# - DOCUMENTATION: >
#     Tutorials and documentation: 
#     https://www.cosmos.esa.int/web/gaia-users/archive 
# datatype:
# - 
#   name: solution_id
#   datatype: int64
#   description: Solution Identifier
#   meta:
#     ucd: meta.version
# - 
#   name: source_id
#   datatype: int64
#   description: Unique source identifier
#   meta:
#     ucd: meta.id;meta.main
# - 
#   name: global_ranking
#   datatype: float32
#   description: Number between 0 (worst) and 1 (best)
#   meta:
#     ucd: stat.param
# - 
#   name: reference_time
#   datatype: float64
#   unit: d
#   description: Reference time used for the geometric model fit
#   meta:
#     ucd: time.epoch
# - 
#   name: frequency
#   datatype: float64
#   unit: d**-1
#   description: Frequency of geometric model of the eclipsing binary light curve
#   meta:
#     ucd: src.orbital
# - 
#   name: frequency_error
#   datatype: float32
#   unit: d**-1
#   description: "Uncertainty of \\texttt{frequency}"
#   meta:
#     ucd: stat.error
# - 
#   name: geom_model_reference_level
#   datatype: float32
#   unit: mag
#   description: Magnitude reference level of geometric model
#   meta:
#     ucd: phot.mag;em.opt
# - 
#   name: geom_model_reference_level_error
#   datatype: float32
#   unit: mag
#   description: "Uncertainty of \\texttt{geomModelReferenceLevel}"
#   meta:
#     ucd: stat.error;phot.mag;em.opt
# - 
#   name: geom_model_gaussian1_phase
#   datatype: float32
#   description: Phase of the Gaussian 1 component
#   meta:
#     ucd: time.phase
# - 
#   name: geom_model_gaussian1_phase_error
#   datatype: float32
#   description: "Uncertainty of \\texttt{geomModelGaussian1Phase}"
#   meta:
#     ucd: stat.error;time.phase
# - 
#   name: geom_model_gaussian1_sigma
#   datatype: float32
#   description: "Standard deviation [phase] of Gaussian 1 component"
#   meta:
#     ucd: stat.stdev
# - 
#   name: geom_model_gaussian1_sigma_error
#   datatype: float32
#   description: "Uncertainty of \\texttt{geomModelGaussian1Sigma}"
#   meta:
#     ucd: stat.error
# - 
#   name: geom_model_gaussian1_depth
#   datatype: float32
#   unit: mag
#   description: Magnitude depth of Gaussian 1 component
#   meta:
#     ucd: src.var.amplitude
# - 
#   name: geom_model_gaussian1_depth_error
#   datatype: float32
#   unit: mag
#   description: "Uncertainty of \\texttt{geomModelGaussian1Depth}"
#   meta:
#     ucd: stat.error;src.var.amplitude
# - 
#   name: geom_model_gaussian2_phase
#   datatype: float32
#   description: Phase of Gaussian 2 component
#   meta:
#     ucd: time.phase
# - 
#   name: geom_model_gaussian2_phase_error
#   datatype: float32
#   description: "Uncertainty of \\texttt{geomModelGaussian2Phase}"
#   meta:
#     ucd: stat.error;time.phase
# - 
#   name: geom_model_gaussian2_sigma
#   datatype: float32
[...]
#   datatype: float32
#   description: "Secondary eclipse: uncertainty of \\texttt{derivedSecondaryEclDuration}"
#   meta:
#     ucd: stat.error;time.duration
# - 
#   name: derived_secondary_ecl_depth
#   datatype: float32
#   unit: mag
#   description: "Secondary eclipse: depth"
#   meta:
#     ucd: src.var.amplitude
# - 
#   name: derived_secondary_ecl_depth_error
#   datatype: float32
#   unit: mag
#   description: "Secondary eclipse: uncertainty of \\texttt{derivedSecondaryEclDepth}"
#   meta:
#     ucd: stat.error;src.var.amplitude
solution_id,source_id,global_ranking,reference_time,frequency,frequency_error,geom_model_reference_level,geom_model_reference_level_error,geom_model_gaussian1_phase,geom_model_gaussian1_phase_error,geom_model_gaussian1_sigma,geom_model_gaussian1_sigma_error,geom_model_gaussian1_depth,geom_model_gaussian1_depth_error,geom_model_gaussian2_phase,geom_model_gaussian2_phase_error,geom_model_gaussian2_sigma,geom_model_gaussian2_sigma_error,geom_model_gaussian2_depth,geom_model_gaussian2_depth_error,geom_model_cosine_half_period_amplitude,geom_model_cosine_half_period_amplitude_error,geom_model_cosine_half_period_phase,geom_model_cosine_half_period_phase_error,model_type,num_model_parameters,reduced_chi2,derived_primary_ecl_phase,derived_primary_ecl_phase_error,derived_primary_ecl_duration,derived_primary_ecl_duration_error,derived_primary_ecl_depth,derived_primary_ecl_depth_error,derived_secondary_ecl_phase,derived_secondary_ecl_phase_error,derived_secondary_ecl_duration,derived_secondary_ecl_duration_error,derived_secondary_ecl_depth,derived_secondary_ecl_depth_error
[from data line 541]
375316653866487564,5234843922922974848,0.57143426,2181.296925889603,2.66883950712898,1.09664215E-5,18.035532,0.010215242,0.3226799,0.0038724774,0.07704501,0.0036844392,0.55463296,0.026952446,0.82315624,0.0036618782,0.06729515,0.0071660806,0.4125693,0.056847118,null,null,null,null,"TWOGAUSSIANS",8,5.991056,0.3226799,0.0038724774,0.4,0.0,0.5522705,0.026959293,0.82315624,0.0036618782,0.37685284,0.027051257,0.41020685,0.058406636
375316653866487564,5234844163440935168,0.5917026,2162.3223846858145,0.9545732616471827,1.0302691E-5,18.293976,0.004145666,0.33005425,0.001948736,0.03213955,0.0020823863,0.8580358,0.10195376,0.83004564,0.0051193596,0.037592225,0.0070556533,0.124022774,0.074033335,null,null,null,null,"TWOGAUSSIANS",8,3.5683393,0.33005425,0.001948736,0.17998149,0.011661364,0.8580358,0.10195376,0.83004564,0.0051193596,0.21051645,0.03951166,0.124022774,0.074033335
375316653866487564,5234844511348846848,0.5777891,2205.9505590039616,3.6435825179242007,5.838887E-6,16.98559,0.010398954,0.1449746,0.0011944198,0.052952725,0.007839323,0.29637936,0.05869715,0.64108866,0.00245785,0.042252507,0.0053278147,0.17239106,0.024141693,0.09406174,0.0151890395,0.1449746,0.0011944198,"TWOGAUSSIANS_WITH_ELLIPSOIDAL_ON_ECLIPSE1",9,11.2228985,0.1449746,0.0011944198,0.29653525,0.04390021,0.48449853,0.07118227,0.64160866,0.0021463335,0.23661405,0.029835762,0.36041304,0.010902059
375316653866487564,5234844541398329216,0.45126948,2200.9017566480447,0.9163811929752339,4.154317E-5,19.478603,0.01433482,0.15035242,0.0023371312,0.034841467,0.003681937,0.23407307,0.011691568,0.5748847,0.03589228,0.150616,0.022944907,0.10863597,0.027018981,null,null,null,null,"TWOGAUSSIANS",8,2.7260385,0.15054242,0.002289025,0.19511221,0.020618847,0.23448044,0.012305695,0.5748847,0.03589228,0.4,0.0,0.10692094,0.026127674
375316653866487564,5234844648780082560,0.56320864,2188.2419153542382,3.124623106831322,1.24301E-5,18.474606,0.018739223,0.30321074,0.006438168,0.08951799,0.009330815,0.2977609,0.02238169,0.802549,0.0021915887,0.089220606,0.006329008,0.31818917,0.018323304,null,null,null,null,"TWOGAUSSIANS",8,4.168673,0.802549,0.0021915887,0.4,0.0,0.3060131,0.013309072,0.30321074,0.006438168,0.4,0.0,0.28558484,0.019355431
375316653866487564,5234846263695671808,0.71018887,2208.316595834126,0.5031179950763954,5.6194212E-6,14.940933,0.003121121,0.22321455,6.0373044E-4,0.028184667,7.770572E-4,1.3859951,0.024911776,0.7215968,0.009853496,0.030141208,0.007086102,0.060149156,0.0074932612,0.01687986,0.0041528195,0.22321455,6.0373044E-4,"TWOGAUSSIANS_WITH_ELLIPSOIDAL_ON_ECLIPSE1",9,55.28002,0.22321455,6.0373044E-4,0.15783414,0.0043515204,1.4197547,0.024793845,0.7216568,0.009650193,0.16879077,0.03968217,0.09390545,0.0040321453
375316653866487564,5234847500646274560,0.5977135,2227.0084521389417,3.192967504802022,5.2688606E-6,16.66801,0.01693041,0.28663477,0.0026239483,0.048607465,0.013540283,0.06643327,0.034867592,0.7699331,0.009461714,0.047610167,0.014384649,0.09166611,0.035553712,0.0998,0.019043567,0.28663477,0.0026239483,"TWOGAUSSIANS_WITH_ELLIPSOIDAL_ON_ECLIPSE1",9,11.182495,0.7746231,0.006607983,0.26661694,0.08055404,0.28968692,0.012098307,0.28663477,0.0026239483,0.2722018,0.07582559,0.26603252,0.0064330325
375316653866487564,5234847839933444608,0.54281855,2188.8175355637013,2.2291104211538206,3.689059E-5,18.618788,0.0063260924,0.6217562,0.004009725,0.0313104,0.0030086618,0.7831617,0.03405064,null,null,null,null,null,null,null,null,null,null,"ONEGAUSSIAN",5,13.603916,0.6217562,0.004009725,0.17533824,0.016848506,0.7831617,0.0,null,null,null,null,null,null
375316653866487564,5234847878603441408,0.57487094,2168.2546325153194,1.8144100042868514,9.3734325E-6,18.382658,0.01828644,0.27542022,0.003277402,0.049975786,0.005732551,0.65198636,0.059387505,0.7754139,0.0021237002,0.044594258,0.0048077377,0.37161008,0.038960576,0.0556418,0.023469996,0.27542022,0.003277402,"TWOGAUSSIANS_WITH_ELLIPSOIDAL_ON_ECLIPSE1",9,7.4673767,0.27542022,0.003277402,0.2798644,0.032102287,0.7632675,0.06390176,0.7754139,0.0020719052,0.24972785,0.026923332,0.4828912,0.025401462
375316653866487564,5234848016043930112,0.5401136,2176.8590944148627,4.231994069999161,1.1485212E-5,19.668358,0.0107198125,0.24412818,0.0037827673,0.07491554,0.004888256,0.42573085,0.012818173,0.7421136,0.0036120461,0.06981538,0.00495607,0.46534157,0.016131952,null,null,null,null,"TWOGAUSSIANS",8,2.1934507,0.7421136,0.0036120461,0.39096615,0.02332422,0.46317455,0.01595603,0.24412818,0.0037827673,0.4,0.0,0.4235638,0.012669076
375316653866487564,5234848084761908096,0.52032906,2217.8329694171775,1.247196839076355,1.4190723E-5,14.905109,0.0011892281,0.19333276,0.0048332033,0.017403988,0.00962283,0.054201752,0.006343413,0.6977835,0.00541653,0.02330037,0.005898369,0.030861186,0.008339897,0.019893447,0.0019686823,0.19333276,0.0048332033,"TWOGAUSSIANS_WITH_ELLIPSOIDAL_ON_ECLIPSE1",9,14.282437,0.19333276,0.0048332033,0.097462334,0.053887848,0.09398863,0.0056960494,0.6977835,0.00541653,0.13048208,0.033030868,0.07061695,0.00974805
375316653866487564,5234850524303211520,0.49300152,2237.07035924501,2.6661939021443515,1.8691288E-5,17.262762,0.014689058,0.20452318,0.0063015553,0.098807044,0.012330271,0.18959266,0.019321233,0.69860995,0.004004258,0.08049356,0.01246512,0.17394707,0.023589356,null,null,null,null,"TWOGAUSSIANS",8,14.775326,0.20452318,0.0063015553,0.4,0.0,0.18281797,0.018735094,0.69860995,0.004004258,0.4,0.0,0.16717346,0.025793593
375316653866487564,5234850593022728448,0.5700505,2219.8744124027758,1.021512957115886,5.1186776E-6,16.715654,0.0029660377,0.2513074,8.3671365E-4,0.042962335,0.0012590296,0.24920706,0.005910877,0.7553161,0.01212664,0.04537402,0.017037394,0.041648984,0.01008828,null,null,null,null,"TWOGAUSSIANS",8,6.857401,0.2513074,8.3671365E-4,0.24058908,0.007050566,0.24920705,0.0059108576,0.7553161,0.01212664,0.2540945,0.0954094,0.04164897,0.010088297
375316653866487564,5234852414088956672,0.48360682,2202.8996832598054,0.10741413695474335,4.3950542E-5,18.539082,0.0037273585,0.2575097,0.006798903,0.0852262,0.013393823,0.091151245,0.010979681,0.76593477,0.016110811,0.047940068,0.016718531,0.15073961,0.019425107,null,null,null,null,"TWOGAUSSIANS",8,1.8496106,0.76593477,0.016110811,0.2684644,0.09362378,0.1505975,0.019345477,0.2575097,0.006798903,0.4,0.0,0.09100912,0.011096943
375316653866487564,5234853547953046656,0.49019453,2176.0011357119574,2.9671300135501566,1.7878883E-5,19.057806,0.0068079233,0.28220546,0.008248995,0.09077535,0.008659217,0.16379347,0.014558042,0.7881802,0.0034908047,0.082087964,0.0072260727,0.20104273,0.015408991,null,null,null,null,"TWOGAUSSIANS",8,1.3650165,0.7881802,0.0034908047,0.4,0.0,0.19607702,0.016697891,0.28220546,0.008248995,0.4,0.0,0.15882769,0.014421799
375316653866487564,5234853582321551872,0.5324095,2201.1708002541486,3.237260087424349,2.2307859E-5,19.399357,0.020850152,0.24477072,0.0064475806,0.075664006,0.010982417,0.39847952,0.02437588,0.744365,0.0042143012,0.08112519,0.0067843264,0.44593963,0.02636696,null,null,null,null,"TWOGAUSSIANS",8,2.9048393,0.744365,0.0042143012,0.4,0.0,0.44075704,0.024898067,0.24477072,0.0064475806,0.4,0.0,0.3932969,0.025157949
375316653866487564,5234854063347893632,0.54997414,2167.0278740243866,3.6189847415478864,8.170272E-6,18.520395,0.010839979,0.14447051,0.0045533953,0.07441638,0.0061152964,0.43330434,0.040453896,0.6372499,0.0029879042,0.07937488,0.0053218696,0.48538762,0.039541803,null,null,null,null,"TWOGAUSSIANS",8,5.271947,0.6372499,0.0029879042,0.4,0.0,0.48139718,0.04059436,0.14447051,0.0045533953,0.4,0.0071992734,0.4293139,0.041206952
375316653866487564,5234854540081996160,0.4967539,2207.1051993053875,2.9089938529378774,2.7074908E-5,16.788279,0.035474822,0.25020194,0.0138493115,0.033707567,0.038968135,0.16577382,1.10881929E15,0.7666625,0.014364201,0.07057682,0.04254922,0.1262367,0.05994578,0.052966684,0.04229528,0.25020194,0.0138493115,"TWOGAUSSIANS_WITH_ELLIPSOIDAL_ON_ECLIPSE1",9,44.017883,0.25020194,0.0138493115,0.18876237,0.21822156,0.2716075,1.10881929E15,0.7666625,0.013851605,0.3952302,0.21979673,0.23094128,0.034688815
375316653866487564,5234855265947584640,0.60350835,2216.8590014413817,2.1155586323342814,3.91708E-6,17.04172,0.0011462212,0.15435034,8.603955E-5,0.016816147,1.9237783E-4,0.36302063,7.1991346E-4,0.75983983,0.012763583,0.013726351,0.012133265,0.054446775,0.041402895,null,null,null,null,"TWOGAUSSIANS",8,1.8442509,0.15435034,8.603955E-5,0.09417042,0.0010773158,0.36302063,7.1991346E-4,0.75983983,0.012763583,0.076867566,0.067946285,0.054446775,0.041402895
375316653866487564,5234855433435218304,0.47147012,2196.4041686356545,3.7773582190189843,1.3730538E-5,19.523382,0.014335925,0.2045392,0.004397257,0.07482804,0.0070260908,0.33224794,0.022360044,0.68923247,0.007551411,0.07147134,0.0077452944,0.3250578,0.04141889,null,null,null,null,"TWOGAUSSIANS",8,2.898755,0.2045392,0.004397257,0.4,0.0,0.33091822,0.022505343,0.68923247,0.007551411,0.4,0.029335186,0.3237281,0.041737784
375316653866487564,5234855472105991552,0.59309447,2205.073482938115,1.0138624057532113,3.41444E-6,14.207196,0.0017747992,0.26242638,0.0017805352,0.0074436576,0.0059333644,0.046278026,1465.9535,0.5110517,3.106646E-4,0.051916737,0.001035807,0.42281005,0.0068150954,null,null,null,null,"TWOGAUSSIANS",8,80.17703,0.5110517,3.106646E-4,0.29073372,0.005800519,0.42281005,0.0068150954,0.26242638,0.0017805352,0.041684482,0.03322684,0.04628245,1465.9535
375316653866487564,5234856365458607872,0.61889046,2226.240494819448,2.6017149632610064,5.1992265E-6,15.450134,0.007796602,0.2843088,0.004156067,0.090838276,0.0044944794,0.38971883,0.016686013,0.78522086,0.0012948138,0.08607375,0.0021853421,0.46022537,0.009472027,null,null,null,null,"TWOGAUSSIANS",8,42.29062,0.78522086,0.0012948138,0.4,0.0,0.44489592,0.0081390515,0.2843088,0.004156067,0.4,0.0,0.37438923,0.0154305305
375316653866487564,5234858049086204288,0.54378104,2223.619971331631,0.20880055304188194,8.290567E-6,16.405754,0.002629119,0.22661492,0.0053441953,0.010649736,0.008017483,0.17765972,0.03722945,0.72585726,9.947268E-4,0.009969089,7.3532277E-4,0.18631752,0.007251404,null,null,null,null,"TWOGAUSSIANS",8,10.704665,0.72585726,9.947268E-4,0.0558269,0.0041178074,0.18631752,0.007251404,0.22661492,0.0053441953,0.059638523,0.044897903,0.17765972,0.03722945
375316653866487564,5234858220884843648,0.5497672,2170.7726472082063,2.597676632550357,6.248249E-6,17.935305,0.018809164,0.17624606,0.0023796991,0.10435075,0.009283566,0.22108392,0.016805757,0.67459565,0.0033788164,0.09324288,0.008933189,0.2578812,0.017140195,null,null,null,null,"TWOGAUSSIANS",8,2.0157611,0.67459565,0.0033788164,0.4,0.0,0.23899908,0.009559445,0.17624606,0.0023796991,0.4,0.0,0.20219752,0.008526843
375316653866487564,5234859492194398464,0.5781808,2157.547947820906,2.746512478515919,1.08380345E-5,14.812697,0.013465625,0.26899877,0.0034612925,0.10608882,0.0071088164,0.2041329,0.013306324,0.76605004,0.0034981256,0.09967713,0.0079034865,0.22251213,0.012064605,null,null,null,null,"TWOGAUSSIANS",8,53.042152,0.76605004,0.0034981256,0.4,0.0,0.20107438,0.005688173,0.26899877,0.0034612925,0.4,0.0,0.18269052,0.0055859718
375316653866487564,5234862756369594112,0.441732,2150.1994075171215,0.4649887147225734,7.0976945E-5,13.406065,0.0031396737,0.16528642,0.019256251,0.12037751,0.03543669,0.021912403,0.00369793,0.75112987,0.0133273,0.08824929,0.008575594,0.08025021,0.008864498,null,null,null,null,"TWOGAUSSIANS",8,21.433317,0.75128984,0.013310169,0.4,0.0,0.0789177,0.0083081005,0.16523641,0.019233583,0.4,0.0,0.02052199,0.004583186
375316653866487564,5234862958218795264,0.521832,2174.498477716264,2.0363563864467733,5.408031E-5,18.55742,0.003745966,0.17001839,0.053757604,0.0014619303,0.03324418,0.5139058,47287.773,0.47654116,0.023135278,0.053907942,0.016655212,0.03745037,0.019763157,null,null,null,null,"TWOGAUSSIANS",8,2.2279222,0.17001839,0.053757604,0.00818681,0.18616742,0.5139058,47287.773,0.47654116,0.023135278,0.30188447,0.093269184,0.03745037,0.019763157
375316653866487564,5234862996888600448,0.6156557,2198.782465847031,3.307469415371776,6.9161997E-6,17.693987,0.01161762,0.28204796,0.0018837644,0.046509027,0.004096656,0.26023278,0.028418,0.7791357,0.0025086675,0.05769677,0.004147886,0.35682094,0.022125836,0.10883006,0.016566755,0.28204796,0.0018837644,"TWOGAUSSIANS_WITH_ELLIPSOIDAL_ON_ECLIPSE1",9,8.1041765,0.7795357,0.0020485183,0.32310194,0.02322816,0.5743941,0.017551161,0.28204796,0.0018837644,0.26045057,0.022941273,0.47786874,0.014129557
375316653866487564,5234864160809897472,0.5056081,2145.537259890347,0.7935257746447254,1.0868171E-4,18.444296,0.003397678,0.23591524,0.09507726,0.09543144,0.053277016,0.016813407,0.0056628035,0.784117,0.015381961,0.039128646,0.033915024,0.23095259,0.1838496,null,null,null,null,"TWOGAUSSIANS",8,1.2614214,0.784117,0.015400733,0.21912043,0.1765481,0.23093762,0.1842579,0.23591524,0.09507726,0.4,0.13413636,0.016798204,0.005481754
375316653866487564,5234864401328089600,0.53465766,2180.1549916387407,2.6404490243771424,1.6950027E-5,19.168528,0.012596186,0.25907788,0.006875878,0.07452723,0.012944046,0.19263066,0.034500226,0.7564949,0.006556349,0.0873617,0.00808803,0.24791837,0.013620966,null,null,null,null,"TWOGAUSSIANS",8,1.6147603,0.7564949,0.006556349,0.4,0.0,0.24436505,0.011888115,0.25907788,0.006875878,0.4,0.029934218,0.18907739,0.035785172
375316653866487564,5234865814387202816,0.610531,2197.429818026064,0.9438460800331365,4.743065E-6,16.071857,0.0027019905,0.27749747,0.001089185,0.039451774,0.0010603043,0.32022718,0.010429124,0.7751185,0.00323031,0.042662553,0.0043047313,0.10491559,0.009242186,0.012898562,0.005389376,0.27749747,0.001089185,"TWOGAUSSIANS_WITH_ELLIPSOIDAL_ON_ECLIPSE1",9,8.846703,0.27749747,0.001089185,0.22092994,0.0059377044,0.34602427,0.008304431,0.7751986,0.0031053815,0.23891029,0.024106493,0.13070714,0.008173065
375316653866487564,5234865951826124416,0.519318,2172.088280567685,0.5920127490095958,7.639874E-5,18.148006,0.006512999,0.24409689,0.015585898,0.029417325,0.010252196,0.36481577,0.110925145,0.615693,0.040186938,0.18130586,0.06224207,0.021236878,0.006771411,null,null,null,null,"TWOGAUSSIANS",8,1.9102336,0.2441669,0.015663425,0.16473702,0.0574123,0.36650726,0.111608386,0.615693,0.040186938,0.4,0.0,0.020275403,0.0065833447
375316653866487564,5234868253927805056,0.566311,2160.12134185302,2.4085162537458467,6.3748535E-6,17.793083,0.009430336,0.26912346,0.0029982072,0.07767866,0.0033077816,0.4906865,0.012449523,0.75231934,0.0019586969,0.07198423,0.0023713112,0.53207886,0.015373746,null,null,null,null,"TWOGAUSSIANS",8,11.681088,0.75231934,0.0019586969,0.4,0.0016028385,0.52945423,0.01521441,0.26912346,0.0029982072,0.4,0.0,0.48806188,0.012146973
375316653866487564,5234869903195283456,0.561557,2223.9190062654475,2.8202549072960132,1.5030056E-5,17.514896,0.0154244,0.27438635,0.00674406,0.103830546,0.009604747,0.25233346,0.017647097,0.7830023,0.00293145,0.092894465,0.006408212,0.27329513,0.015147191,null,null,null,null,"TWOGAUSSIANS",8,6.897343,0.7830023,0.00293145,0.4,0.0,0.2548135,0.007934944,0.27438635,0.00674406,0.4,0.0,0.23384713,0.009714008
375316653866487564,5234871518102792960,0.55181473,2171.1700596941314,3.019568530484578,6.978382E-6,16.468357,0.0038098558,0.3074163,0.0024960844,0.080998905,0.0041643847,0.12868398,0.0040330314,0.8116702,0.003628863,0.07774746,0.004345361,0.118759595,0.0043754643,null,null,null,null,"TWOGAUSSIANS",8,4.6194434,0.3074163,0.0024960844,0.4,0.0,0.1270903,0.0037090613,0.8116702,0.003628863,0.4,0.0,0.11716592,0.004029028
375316653866487564,5234872956897735168,0.5889937,2150.528757663724,1.4195879814789578,2.7768262E-6,18.09477,0.0030473955,0.25919378,0.007469038,0.055531397,0.021459425,0.16516629,0.07606452,0.76205486,0.0011449363,0.04565077,0.0011011633,0.2873705,0.004550781,null,null,null,null,"TWOGAUSSIANS",8,1.8731256,0.76205486,0.0011449363,0.25564432,0.0061665145,0.28736869,0.0045342185,0.25919378,0.007469038,0.31097582,0.088292554,0.16516447,0.07612247
