Gaia/vari_eclipsing_binary/VariEclipsingBinary_665794-665826.csv
# %ECSV 1.0
# ---
# delimiter: ','
# meta: !!omap
# - RELEASE: Gaia DR3
# - TABLE: vari_eclipsing_binary
# - DESCRIPTION: >
#     This table describes the properties of the eclipsing binaries resulting from the variability analysis. 
# - CITATION: >
#     How to cite and acknowledge Gaia: 
#     https://gea.esac.esa.int/archive/documentation/credits.html 
# - KNOWN_ISSUES: >
#     Known issues: 
#     https://www.cosmos.esa.int/web/gaia-users/known-issues 
# - DOCUMENTATION: >
#     Tutorials and documentation: 
#     https://www.cosmos.esa.int/web/gaia-users/archive 
# datatype:
# - 
#   name: solution_id
#   datatype: int64
#   description: Solution Identifier
#   meta:
#     ucd: meta.version
# - 
#   name: source_id
#   datatype: int64
#   description: Unique source identifier
#   meta:
#     ucd: meta.id;meta.main
# - 
#   name: global_ranking
#   datatype: float32
#   description: Number between 0 (worst) and 1 (best)
#   meta:
#     ucd: stat.param
# - 
#   name: reference_time
#   datatype: float64
#   unit: d
#   description: Reference time used for the geometric model fit
#   meta:
#     ucd: time.epoch
# - 
#   name: frequency
#   datatype: float64
#   unit: d**-1
#   description: Frequency of geometric model of the eclipsing binary light curve
#   meta:
#     ucd: src.orbital
# - 
#   name: frequency_error
#   datatype: float32
#   unit: d**-1
#   description: "Uncertainty of \\texttt{frequency}"
#   meta:
#     ucd: stat.error
# - 
#   name: geom_model_reference_level
#   datatype: float32
#   unit: mag
#   description: Magnitude reference level of geometric model
#   meta:
#     ucd: phot.mag;em.opt
# - 
#   name: geom_model_reference_level_error
#   datatype: float32
#   unit: mag
#   description: "Uncertainty of \\texttt{geomModelReferenceLevel}"
#   meta:
#     ucd: stat.error;phot.mag;em.opt
# - 
#   name: geom_model_gaussian1_phase
#   datatype: float32
#   description: Phase of the Gaussian 1 component
#   meta:
#     ucd: time.phase
# - 
#   name: geom_model_gaussian1_phase_error
#   datatype: float32
#   description: "Uncertainty of \\texttt{geomModelGaussian1Phase}"
#   meta:
#     ucd: stat.error;time.phase
# - 
#   name: geom_model_gaussian1_sigma
#   datatype: float32
#   description: "Standard deviation [phase] of Gaussian 1 component"
#   meta:
#     ucd: stat.stdev
# - 
#   name: geom_model_gaussian1_sigma_error
#   datatype: float32
#   description: "Uncertainty of \\texttt{geomModelGaussian1Sigma}"
#   meta:
#     ucd: stat.error
# - 
#   name: geom_model_gaussian1_depth
#   datatype: float32
#   unit: mag
#   description: Magnitude depth of Gaussian 1 component
#   meta:
#     ucd: src.var.amplitude
# - 
#   name: geom_model_gaussian1_depth_error
#   datatype: float32
#   unit: mag
#   description: "Uncertainty of \\texttt{geomModelGaussian1Depth}"
#   meta:
#     ucd: stat.error;src.var.amplitude
# - 
#   name: geom_model_gaussian2_phase
#   datatype: float32
#   description: Phase of Gaussian 2 component
#   meta:
#     ucd: time.phase
# - 
#   name: geom_model_gaussian2_phase_error
#   datatype: float32
#   description: "Uncertainty of \\texttt{geomModelGaussian2Phase}"
#   meta:
#     ucd: stat.error;time.phase
# - 
#   name: geom_model_gaussian2_sigma
#   datatype: float32
[...]
#   datatype: float32
#   description: "Secondary eclipse: uncertainty of \\texttt{derivedSecondaryEclDuration}"
#   meta:
#     ucd: stat.error;time.duration
# - 
#   name: derived_secondary_ecl_depth
#   datatype: float32
#   unit: mag
#   description: "Secondary eclipse: depth"
#   meta:
#     ucd: src.var.amplitude
# - 
#   name: derived_secondary_ecl_depth_error
#   datatype: float32
#   unit: mag
#   description: "Secondary eclipse: uncertainty of \\texttt{derivedSecondaryEclDepth}"
#   meta:
#     ucd: stat.error;src.var.amplitude
solution_id,source_id,global_ranking,reference_time,frequency,frequency_error,geom_model_reference_level,geom_model_reference_level_error,geom_model_gaussian1_phase,geom_model_gaussian1_phase_error,geom_model_gaussian1_sigma,geom_model_gaussian1_sigma_error,geom_model_gaussian1_depth,geom_model_gaussian1_depth_error,geom_model_gaussian2_phase,geom_model_gaussian2_phase_error,geom_model_gaussian2_sigma,geom_model_gaussian2_sigma_error,geom_model_gaussian2_depth,geom_model_gaussian2_depth_error,geom_model_cosine_half_period_amplitude,geom_model_cosine_half_period_amplitude_error,geom_model_cosine_half_period_phase,geom_model_cosine_half_period_phase_error,model_type,num_model_parameters,reduced_chi2,derived_primary_ecl_phase,derived_primary_ecl_phase_error,derived_primary_ecl_duration,derived_primary_ecl_duration_error,derived_primary_ecl_depth,derived_primary_ecl_depth_error,derived_secondary_ecl_phase,derived_secondary_ecl_phase_error,derived_secondary_ecl_duration,derived_secondary_ecl_duration_error,derived_secondary_ecl_depth,derived_secondary_ecl_depth_error
[from data line 616]
375316653866487564,5856621326177329024,0.44968098,2190.3738091825767,3.0821171699084977,1.7308372E-5,18.218363,0.0028192238,null,null,null,null,null,null,null,null,null,null,null,null,0.05840565,0.0039816867,0.1531835,0.004794477,"ELLIPSOIDAL",4,4.2945247,null,null,null,null,null,null,null,null,null,null,null,null
375316653866487564,5856621871625765760,0.4527252,2167.1425286335866,2.674741206777662,2.7687893E-5,19.21857,0.05133075,0.33317712,0.012132801,0.12701745,0.029844493,0.22687344,0.048890915,0.84117794,0.008713136,0.097548015,0.01584108,0.28453785,0.047394875,null,null,null,null,"TWOGAUSSIANS",8,5.0288544,0.84122795,0.008689814,0.4,0.0,0.24658751,0.01994872,0.33317712,0.012139612,0.4,0.0,0.18872276,0.01980483
375316653866487564,5856622253890416256,0.5074545,2172.9864216039264,0.5331404838194058,1.8523611E-5,17.346071,0.0020690078,0.1490409,0.0042598033,0.08036667,0.0047599943,0.064183936,0.0035054071,0.64786816,0.0040791826,0.090505965,0.006192322,0.06957545,0.004021157,null,null,null,null,"TWOGAUSSIANS",8,1.4434403,0.64786816,0.0040791826,0.4,0.0,0.06776322,0.0041578216,0.1490409,0.0042598033,0.4,0.0,0.062371735,0.0034156386
375316653866487564,5856623044164401280,0.6287898,2157.0487596045955,1.6684411791920724,5.2121636E-6,15.902334,0.013090235,0.24628119,0.0020874,0.05792387,0.009204245,0.29586548,0.035938296,0.74454147,0.0034675251,0.057460226,0.0054399623,0.1999276,0.028026536,0.0956478,0.013944955,0.24628119,0.0020874,"TWOGAUSSIANS_WITH_ELLIPSOIDAL_ON_ECLIPSE1",9,16.902203,0.24628119,0.0020874,0.32437366,0.051543772,0.48712048,0.052261956,0.74489146,0.0027486314,0.32177725,0.030463789,0.3911643,0.012818965
375316653866487564,5856623284682587136,0.54226387,2154.8770715604714,2.7183014856064793,1.5375988E-5,14.743016,0.078248546,0.119338736,0.0049969237,0.043412298,0.053086497,0.046991948,0.1411567,0.6093266,0.00850936,0.04584804,0.057476208,0.05390439,0.13475901,0.095636,0.06923489,0.119338736,0.0049969237,"TWOGAUSSIANS_WITH_ELLIPSOIDAL_ON_ECLIPSE1",9,115.46913,0.61304665,0.0037258023,0.25674903,0.20017266,0.24470039,0.021279864,0.119338736,0.0049969237,0.24310887,0.20665562,0.23826389,0.013199084
375316653866487564,5856623452147046400,0.50311947,2168.472533751747,2.6646806824757117,1.5970169E-5,18.578144,0.01493691,0.24265608,0.0040495954,0.083305985,0.008388919,0.26008758,0.01564646,0.7364023,0.0054728393,0.075719625,0.007840858,0.28270695,0.02015669,null,null,null,null,"TWOGAUSSIANS",8,7.000056,0.7364023,0.0054728393,0.4,0.0,0.27930263,0.019554501,0.24265608,0.0040495954,0.4,0.0,0.25668326,0.0144596975
375316653866487564,5856623731359394944,0.5114546,2159.968128234782,1.3734216094065808,1.1427441E-5,17.377281,0.028975062,0.1308327,0.004886677,0.124815546,0.018597377,0.12889639,0.027034424,0.62420475,0.004605152,0.122854285,0.019483596,0.115687385,0.027217679,null,null,null,null,"TWOGAUSSIANS",8,2.0000372,0.1308827,0.0048685856,0.4,0.0,0.09881289,0.0048446977,0.62420475,0.004605152,0.4,0.0,0.08563026,0.004997185
375316653866487564,5856624482965250560,0.547957,2175.8018254880967,3.452029759882214,7.995742E-6,19.417347,0.009383604,0.28917837,0.0030896368,0.0696239,0.006497675,0.46477273,0.05417894,0.7948649,0.0024723902,0.067376144,0.0036624589,0.6223614,0.02091353,null,null,null,null,"TWOGAUSSIANS",8,2.0955255,0.7948649,0.0024723902,0.3773064,0.02050977,0.621182,0.021052288,0.28917837,0.0030896368,0.38989386,0.03471981,0.46359327,0.054740287
375316653866487564,5856624968310023040,0.5575263,2167.6475023339713,1.1069557525921396,1.2624702E-5,16.839474,0.0033072997,0.2094815,0.0023008126,0.06118714,0.0039780503,0.09444641,0.004850662,0.705522,0.008501298,0.055421412,0.009684726,0.19159243,0.039107554,null,null,null,null,"TWOGAUSSIANS",8,5.1273446,0.705522,0.008501298,0.3103599,0.054234464,0.19156931,0.039154366,0.2094815,0.0023008126,0.342648,0.022277083,0.094423294,0.0048410627
375316653866487564,5856625380610722048,0.54109114,2164.2461581197554,0.8722871220860845,1.0180202E-5,17.936241,0.0029905676,0.7163779,3.2230988E-4,0.021465506,3.7363646E-4,0.6385882,0.015482326,0.88731253,0.0064762784,0.016909296,0.005518212,0.040415455,0.0033219808,null,null,null,null,"TWOGAUSSIANS",8,4.802329,0.7163779,3.2230988E-4,0.12020684,0.002092364,0.6385882,0.015482326,0.88731253,0.0064762784,0.09469205,0.030901987,0.040415455,0.0033219808
375316653866487564,5856625792927694080,0.60472167,2174.858673188517,2.813388320504946,4.9513724E-6,19.283924,0.010128898,0.21290146,0.001049301,0.040173758,0.0019368968,0.43076253,0.022434233,0.7123307,0.0017065773,0.04837679,0.0038830505,0.48191443,0.019986138,0.11778518,0.013418002,0.21290146,0.001049301,"TWOGAUSSIANS_WITH_ELLIPSOIDAL_ON_ECLIPSE1",9,1.3490766,0.71238065,0.0015705037,0.27091002,0.021745082,0.71748126,0.018266732,0.21290146,0.001049301,0.22497304,0.010846622,0.6663321,0.014765581
375316653866487564,5856626755016497920,0.44656065,2190.4733079582975,0.04855344008772726,7.080091E-5,17.841543,0.011644448,0.26214457,0.018397449,0.049343575,0.04773851,0.064048134,0.031976104,0.71057844,0.006249874,0.026872974,0.007088165,0.22567783,0.0302631,0.04800982,0.008334861,0.26214457,0.018397449,"TWOGAUSSIANS_WITH_ELLIPSOIDAL_ON_ECLIPSE1",9,27.261997,0.71171844,0.0066805105,0.15048866,0.039693724,0.31217355,0.033877913,0.26214457,0.018397449,0.276324,0.26733565,0.16006754,0.03290616
375316653866487564,5856627059913833216,0.5935983,2202.1468108258905,0.7743417121872288,2.906925E-6,18.886011,0.004122046,0.3076933,5.9580855E-4,0.028572306,0.0011552108,0.87451744,0.026631584,0.81939936,0.011133153,0.044739958,0.012024788,0.152028,0.054483928,null,null,null,null,"TWOGAUSSIANS",8,2.5951116,0.3076933,5.9580855E-4,0.16000491,0.0064691803,0.87451744,0.026631584,0.81939936,0.011133153,0.25054377,0.06733881,0.152028,0.054483928
375316653866487564,5856627094305015552,0.59447885,2204.9602867953904,1.1509490884983742,4.1800904E-6,16.512976,0.0020593351,0.23909397,0.0012006034,0.04728399,0.0028046533,0.13431177,0.006355624,0.7583144,0.015791692,0.028636329,0.021124281,0.022892373,0.020674516,0.036661536,0.0031353848,0.23909397,0.0012006034,"TWOGAUSSIANS_WITH_ELLIPSOIDAL_ON_ECLIPSE1",9,3.454927,0.23909397,0.0012006034,0.26479033,0.015706059,0.2076347,0.0060486877,0.7583144,0.015791692,0.16036344,0.118295975,0.09515113,0.02115396
375316653866487564,5856627128633322624,0.5844527,2202.7350424119313,1.3829482649368838,6.112559E-6,17.59175,0.012638306,0.24934416,0.0017953209,0.11167055,0.0053448095,0.26210365,0.012180575,0.75927836,0.0037899055,0.10324932,0.00795318,0.17472833,0.013270903,null,null,null,null,"TWOGAUSSIANS",8,2.299009,0.24934416,0.0017956003,0.4,0.0,0.23635148,0.0052847057,0.7592984,0.0037884526,0.4,0.0,0.14899805,0.008670926
375316653866487564,5856628232485214720,0.5931602,2185.348229975938,1.5868143330710012,6.6438674E-6,16.45944,0.0051711523,0.29846045,0.0028617692,0.10442726,0.0060346685,0.14150962,0.004963824,0.7931725,0.0014647495,0.09068513,0.0031944842,0.16588278,0.0050790478,null,null,null,null,"TWOGAUSSIANS",8,3.241119,0.7931725,0.0014647495,0.4,0.0,0.15527742,0.0031960618,0.29846045,0.0028617692,0.4,0.0,0.13090129,0.004109413
375316653866487564,5856628296864399360,0.5371508,2160.980750885416,0.977347780004542,7.6184847E-6,18.434292,0.007314172,0.28712884,0.0031491623,0.028177615,0.0045931623,0.808701,0.61837554,0.7834688,0.0017816774,0.019677442,0.0039168345,0.10725016,0.013902772,0.024860514,0.0097267525,0.28712884,0.0031491623,"TWOGAUSSIANS_WITH_ELLIPSOIDAL_ON_ECLIPSE1",9,6.967142,0.28712884,0.0031491623,0.15779465,0.02572171,0.858422,0.6221142,0.78351873,0.0017642503,0.11019368,0.021934273,0.15694524,0.010622852
375316653866487564,5856629018436965504,0.4497239,2172.4442444971337,1.9947544357272824,1.9685614E-5,18.926088,0.012289917,0.42630184,0.067818284,0.015032543,0.048275467,0.12993163,0.07587835,0.8574546,0.001769932,0.022945251,0.0047425698,0.48519364,0.39265797,0.0355171,0.020325016,0.8574546,0.001769932,"TWOGAUSSIANS_WITH_ELLIPSOIDAL_ON_ECLIPSE2",9,11.306182,0.8574546,0.001769932,0.1284934,0.02655839,0.5562278,0.39337462,0.42571184,0.06725797,0.08418224,0.27034262,0.18858193,0.09458143
375316653866487564,5856629121497120384,0.4607005,2162.6238718919917,1.728239444139184,9.43286E-6,17.960201,0.012745753,0.24884187,0.019052824,0.011393716,0.012859072,0.13741158,51999.83,0.7426552,0.004923829,0.039735634,0.0131692,1.4154807,1.8381486,0.05557752,0.014034129,0.24884187,0.019052824,"TWOGAUSSIANS_WITH_ELLIPSOIDAL_ON_ECLIPSE1",9,19.798628,0.7427152,0.0044374065,0.22251955,0.07374752,1.5264693,1.8494064,0.24884187,0.019052824,0.063804805,0.0720108,0.24856651,51999.836
375316653866487564,5856629228917651328,0.6522306,2182.6514847871736,0.6155501546891313,4.1277417E-6,15.63137,0.0017409953,0.26813924,0.0016581091,0.038981307,0.004309586,0.037449732,0.003945081,0.7647435,8.071107E-4,0.04317244,0.0016341516,0.22050254,0.0050114947,0.027536523,0.0023549704,0.26813924,0.0016581091,"TWOGAUSSIANS_WITH_ELLIPSOIDAL_ON_ECLIPSE1",9,4.5468025,0.7648635,7.7205186E-4,0.24176568,0.009151248,0.27555138,0.005286028,0.26813924,0.0016581091,0.21829532,0.02413368,0.09252274,0.0020215004
375316653866487564,5856629778657612928,0.47371984,2139.6112299639267,3.4213466295813277,2.9096676E-5,19.835228,0.05400275,0.25830635,0.01328692,0.08854164,0.025216958,0.42515284,0.058770824,0.7398019,0.008840321,0.07664089,0.014427112,0.37535855,0.056649618,null,null,null,null,"TWOGAUSSIANS",8,4.9162264,0.25830635,0.01328692,0.4,0.006050533,0.41934812,0.061763037,0.7398019,0.008840321,0.4,0.03145005,0.369554,0.05160586
375316653866487564,5856631561039131520,0.6222448,2203.7221641205747,0.47668289826156834,1.15919365E-5,17.920364,0.0033265727,0.30943388,6.57931E-4,0.02975735,0.0023237893,1.164116,0.23707922,0.8045767,0.015006637,0.029078756,0.0096983295,0.09325232,0.05903128,0.022972327,0.0043762047,0.30943388,6.57931E-4,"TWOGAUSSIANS_WITH_ELLIPSOIDAL_ON_ECLIPSE1",9,2.6602705,0.30943388,6.57931E-4,0.16664116,0.01301322,1.2100607,0.24229097,0.8047267,0.014745966,0.16284102,0.054310646,0.13915552,0.05871627
375316653866487564,5856631599724076928,0.5075225,2202.0465106020465,3.7761061837135195,1.3900516E-5,19.735714,0.010746368,0.33043864,0.005134251,0.08016227,0.006811754,0.39588216,0.049069665,0.82795024,0.0045912648,0.0755649,0.0046531116,0.33749607,0.019205097,null,null,null,null,"TWOGAUSSIANS",8,1.3562121,0.33043864,0.005134251,0.4,0.0,0.3918653,0.05017828,0.82795024,0.0045912648,0.4,0.0,0.33347923,0.018725092
375316653866487564,5856632871050369664,0.62560993,2167.9660072106212,1.6361473211748911,2.887039E-6,15.788703,0.006342685,0.24703856,0.0011598199,0.08977469,0.0034448563,0.36503896,0.012375013,0.7574885,0.0012931904,0.099124685,0.003092428,0.3222851,0.0067243176,null,null,null,null,"TWOGAUSSIANS",8,10.324904,0.24703856,0.0011598199,0.4,0.0,0.34732306,0.014432447,0.7574885,0.0012931904,0.4,0.0,0.3045672,0.0067505604
375316653866487564,5856633175952035072,0.5300145,2151.0274812323714,2.585663993526533,1.3382164E-5,19.812902,0.0089765135,0.2908472,0.0032017627,0.068773836,0.0043530995,0.5519155,0.055999517,0.7949393,0.004056886,0.069182515,0.0046135928,0.5424074,0.061825074,null,null,null,null,"TWOGAUSSIANS",8,1.6070595,0.2908472,0.0032017627,0.3851335,0.023685906,0.5505356,0.056527626,0.7949393,0.004056886,0.3874221,0.02583612,0.5410275,0.06231328
375316653866487564,5856633180275134336,0.48413098,2182.714973402859,0.4683940310754537,2.3010723E-5,18.774927,0.0059347306,0.16402128,3.6599802E-5,0.008650737,5.4683315E-4,0.070131,0.0057251835,0.75076187,0.0041385214,0.018579388,0.013149448,0.46066993,0.36053687,null,null,null,null,"TWOGAUSSIANS",8,3.9963696,0.75076187,0.0041385214,0.10404458,0.07363691,0.46066993,0.36053687,0.16402128,3.6599802E-5,0.04844413,0.0030622655,0.070131,0.0057251835
375316653866487564,5856633317712740736,0.59526855,2170.3427675821686,2.2490257355729963,5.5132587E-6,16.277569,0.006111237,0.2855786,0.0024639042,0.09898736,0.0036498525,0.25166366,0.006770533,0.7991974,0.001844107,0.077277415,0.004203921,0.14792995,0.0060675093,null,null,null,null,"TWOGAUSSIANS",8,8.304745,0.2855786,0.0024639042,0.4,0.0,0.24600063,0.0053761546,0.7991974,0.001844107,0.4,0.0,0.14226872,0.005031158
375316653866487564,5856633730046229632,0.53903,2164.485698565081,2.978192356684472,1.1426737E-5,19.24487,0.0069666584,0.24353741,0.0041902773,0.056880202,0.0041855224,0.37526634,0.01337466,0.744168,0.004564286,0.061285757,0.0059996312,0.41373762,0.027628193,null,null,null,null,"TWOGAUSSIANS",8,2.9130218,0.744168,0.004564286,0.34320024,0.033597935,0.41363776,0.027689356,0.24353741,0.0041902773,0.31852913,0.023438925,0.37516648,0.013353944
375316653866487564,5856633764389105280,0.5931111,2140.210438206222,2.4288369318056526,7.1531967E-6,19.218384,0.012888959,0.24113251,0.002767769,0.04570407,0.0045957607,0.44496801,0.0365784,0.7447002,0.0036563308,0.047066152,0.005678231,0.46631458,0.036644615,0.121347815,0.017620092,0.24113251,0.002767769,"TWOGAUSSIANS_WITH_ELLIPSOIDAL_ON_ECLIPSE1",9,2.828853,0.7447002,0.0036563308,0.26357046,0.031798095,0.70888746,0.019670708,0.24113251,0.002767769,0.2559428,0.02573626,0.6876628,0.03190434
375316653866487564,5856633794447158528,0.6170164,2164.326566926765,3.4509935731543218,4.041358E-6,18.839022,0.009675878,0.26553997,0.0014835084,0.044498015,0.0021330754,0.64110845,0.05675526,0.7614224,0.0017746647,0.043445285,0.003313416,0.44631815,0.027616723,0.13027926,0.013888928,0.26553997,0.0014835084,"TWOGAUSSIANS_WITH_ELLIPSOIDAL_ON_ECLIPSE1",9,2.5478814,0.26553997,0.0014835084,0.24918889,0.0119452225,0.9016668,0.05692698,0.7617524,0.0016364871,0.2432936,0.018555129,0.7067161,0.029343452
375316653866487564,5856633966256431104,0.42087463,2168.4814655255473,0.0424507598346285,4.9544156E-5,19.675766,0.013130937,0.18466915,0.011028073,0.037127852,0.025126908,0.8554949,124.158424,0.88885367,0.023377528,0.014179041,0.0152305225,0.7358392,5.2028465,0.038494993,0.016088014,0.18466915,0.011028073,"TWOGAUSSIANS_WITH_ELLIPSOIDAL_ON_ECLIPSE1",9,9.711653,0.18466915,0.011028073,0.20791596,0.14071068,0.93248475,124.1589,0.88885367,0.023377528,0.07940263,0.08529092,0.7420447,5.200554
375316653866487564,5856634176720495872,0.5737761,2144.7364681722684,2.3082184467515687,8.881364E-6,19.239634,0.0049093384,0.16358636,0.0025709602,0.06775448,0.0032265084,0.32513875,0.014570675,0.65585804,0.003497161,0.07338993,0.003981493,0.5170345,0.017302932,null,null,null,null,"TWOGAUSSIANS",8,1.8933033,0.65585804,0.003497161,0.4,0.0,0.5157553,0.017463421,0.16358636,0.0025709602,0.37942508,0.018068448,0.32385957,0.014724438
375316653866487564,5856634515975366400,0.5733608,2153.3080572949066,0.7476844034834002,6.1706005E-6,17.557438,0.006248157,0.7149326,4.751724E-4,0.03903666,0.0014464038,0.42701614,0.01197628,null,null,null,null,null,null,0.018543607,0.008685598,0.7149326,4.751724E-4,"ONEGAUSSIAN_WITH_ELLIPSOIDAL",6,7.8800673,0.7149326,4.751724E-4,0.21860531,0.008099861,0.46410337,0.007095331,null,null,null,null,null,null
375316653866487564,5856634966980583808,0.5188995,2153.2593465031196,2.9305764416275304,2.7057842E-5,19.060383,0.035018824,0.2541502,0.010480689,0.09462149,0.025363598,0.23020025,0.034244806,0.7737809,0.0073289108,0.08595771,0.0178797,0.18242395,0.03283714,null,null,null,null,"TWOGAUSSIANS",8,1.7764863,0.2541502,0.010489558,0.4,0.0,0.22364861,0.016899673,0.7737809,0.007311674,0.4,0.0,0.17587292,0.015315388
