Gaia/vari_eclipsing_binary/VariEclipsingBinary_221397-221705.csv
# %ECSV 1.0
# ---
# delimiter: ','
# meta: !!omap
# - RELEASE: Gaia DR3
# - TABLE: vari_eclipsing_binary
# - DESCRIPTION: >
#     This table describes the properties of the eclipsing binaries resulting from the variability analysis. 
# - CITATION: >
#     How to cite and acknowledge Gaia: 
#     https://gea.esac.esa.int/archive/documentation/credits.html 
# - KNOWN_ISSUES: >
#     Known issues: 
#     https://www.cosmos.esa.int/web/gaia-users/known-issues 
# - DOCUMENTATION: >
#     Tutorials and documentation: 
#     https://www.cosmos.esa.int/web/gaia-users/archive 
# datatype:
# - 
#   name: solution_id
#   datatype: int64
#   description: Solution Identifier
#   meta:
#     ucd: meta.version
# - 
#   name: source_id
#   datatype: int64
#   description: Unique source identifier
#   meta:
#     ucd: meta.id;meta.main
# - 
#   name: global_ranking
#   datatype: float32
#   description: Number between 0 (worst) and 1 (best)
#   meta:
#     ucd: stat.param
# - 
#   name: reference_time
#   datatype: float64
#   unit: d
#   description: Reference time used for the geometric model fit
#   meta:
#     ucd: time.epoch
# - 
#   name: frequency
#   datatype: float64
#   unit: d**-1
#   description: Frequency of geometric model of the eclipsing binary light curve
#   meta:
#     ucd: src.orbital
# - 
#   name: frequency_error
#   datatype: float32
#   unit: d**-1
#   description: "Uncertainty of \\texttt{frequency}"
#   meta:
#     ucd: stat.error
# - 
#   name: geom_model_reference_level
#   datatype: float32
#   unit: mag
#   description: Magnitude reference level of geometric model
#   meta:
#     ucd: phot.mag;em.opt
# - 
#   name: geom_model_reference_level_error
#   datatype: float32
#   unit: mag
#   description: "Uncertainty of \\texttt{geomModelReferenceLevel}"
#   meta:
#     ucd: stat.error;phot.mag;em.opt
# - 
#   name: geom_model_gaussian1_phase
#   datatype: float32
#   description: Phase of the Gaussian 1 component
#   meta:
#     ucd: time.phase
# - 
#   name: geom_model_gaussian1_phase_error
#   datatype: float32
#   description: "Uncertainty of \\texttt{geomModelGaussian1Phase}"
#   meta:
#     ucd: stat.error;time.phase
# - 
#   name: geom_model_gaussian1_sigma
#   datatype: float32
#   description: "Standard deviation [phase] of Gaussian 1 component"
#   meta:
#     ucd: stat.stdev
# - 
#   name: geom_model_gaussian1_sigma_error
#   datatype: float32
#   description: "Uncertainty of \\texttt{geomModelGaussian1Sigma}"
#   meta:
#     ucd: stat.error
# - 
#   name: geom_model_gaussian1_depth
#   datatype: float32
#   unit: mag
#   description: Magnitude depth of Gaussian 1 component
#   meta:
#     ucd: src.var.amplitude
# - 
#   name: geom_model_gaussian1_depth_error
#   datatype: float32
#   unit: mag
#   description: "Uncertainty of \\texttt{geomModelGaussian1Depth}"
#   meta:
#     ucd: stat.error;src.var.amplitude
# - 
#   name: geom_model_gaussian2_phase
#   datatype: float32
#   description: Phase of Gaussian 2 component
#   meta:
#     ucd: time.phase
# - 
#   name: geom_model_gaussian2_phase_error
#   datatype: float32
#   description: "Uncertainty of \\texttt{geomModelGaussian2Phase}"
#   meta:
#     ucd: stat.error;time.phase
# - 
#   name: geom_model_gaussian2_sigma
#   datatype: float32
[...]
#   datatype: float32
#   description: "Secondary eclipse: uncertainty of \\texttt{derivedSecondaryEclDuration}"
#   meta:
#     ucd: stat.error;time.duration
# - 
#   name: derived_secondary_ecl_depth
#   datatype: float32
#   unit: mag
#   description: "Secondary eclipse: depth"
#   meta:
#     ucd: src.var.amplitude
# - 
#   name: derived_secondary_ecl_depth_error
#   datatype: float32
#   unit: mag
#   description: "Secondary eclipse: uncertainty of \\texttt{derivedSecondaryEclDepth}"
#   meta:
#     ucd: stat.error;src.var.amplitude
solution_id,source_id,global_ranking,reference_time,frequency,frequency_error,geom_model_reference_level,geom_model_reference_level_error,geom_model_gaussian1_phase,geom_model_gaussian1_phase_error,geom_model_gaussian1_sigma,geom_model_gaussian1_sigma_error,geom_model_gaussian1_depth,geom_model_gaussian1_depth_error,geom_model_gaussian2_phase,geom_model_gaussian2_phase_error,geom_model_gaussian2_sigma,geom_model_gaussian2_sigma_error,geom_model_gaussian2_depth,geom_model_gaussian2_depth_error,geom_model_cosine_half_period_amplitude,geom_model_cosine_half_period_amplitude_error,geom_model_cosine_half_period_phase,geom_model_cosine_half_period_phase_error,model_type,num_model_parameters,reduced_chi2,derived_primary_ecl_phase,derived_primary_ecl_phase_error,derived_primary_ecl_duration,derived_primary_ecl_duration_error,derived_primary_ecl_depth,derived_primary_ecl_depth_error,derived_secondary_ecl_phase,derived_secondary_ecl_phase_error,derived_secondary_ecl_duration,derived_secondary_ecl_duration_error,derived_secondary_ecl_depth,derived_secondary_ecl_depth_error
[from data line 349]
375316653866487564,1949348800816783872,0.46461982,2230.4832683676627,0.2963375225536009,1.2621646E-5,18.771753,0.0055889734,0.21794811,0.009531536,0.007828494,0.008776951,0.26600572,127755.9,0.71516794,0.0019353372,0.011733805,0.0027541753,0.32661113,0.025151353,0.01302061,0.008110229,0.21794811,0.009531536,"TWOGAUSSIANS_WITH_ELLIPSOIDAL_ON_ECLIPSE1",9,9.595216,0.71516794,0.0019353372,0.06570931,0.015423382,0.3526444,0.024827002,0.21794811,0.009531536,0.043839566,0.049150925,0.29204696,127755.9
375316653866487564,1949359108741010176,0.4939014,2252.1219887576926,3.4322364413081394,1.0958216E-5,18.396423,0.009504143,0.24114507,0.0048002396,0.07825186,0.0056161787,0.20705359,0.012528986,0.739311,0.00386717,0.08939937,0.007910499,0.21661098,0.010760163,null,null,null,null,"TWOGAUSSIANS",8,6.5734425,0.739311,0.00386717,0.4,0.0,0.21181396,0.010729311,0.24114507,0.0048002396,0.4,0.0,0.20225663,0.010999596
375316653866487564,1949366809622017280,0.47782886,2259.873625494405,2.9079343398640027,3.0364967E-5,16.895988,0.005866256,0.3354838,0.016032051,0.16510026,0.034703683,0.042464525,0.0050771255,0.76003957,0.0036729525,0.05064231,0.004571977,0.110333815,0.0074423905,null,null,null,null,"TWOGAUSSIANS",8,6.1006656,0.76003957,0.0036729525,0.28359693,0.02560307,0.10944949,0.007605032,0.3354838,0.016032051,0.4,0.0,0.039926093,0.004046902
375316653866487564,1949366878338777856,0.56824577,2267.126027827778,3.5544920663282285,6.9384973E-6,13.300972,0.014327984,0.26861447,0.0015831592,0.11182853,0.0054405835,0.23540397,0.013937607,0.76617116,0.0014786143,0.112811245,0.00569844,0.26448607,0.012948446,null,null,null,null,"TWOGAUSSIANS",8,181.48055,0.76617116,0.0014786143,0.4,0.0,0.22360271,0.0047855265,0.26862445,0.0015866806,0.4,0.0,0.19452786,0.0032995269
375316653866487564,1949370073794582528,0.44959232,2265.348751705876,0.23377189244572577,3.230013E-6,15.669233,0.0034076024,0.5144494,0.0012983469,0.011814075,0.0020975352,0.23070422,0.04176084,0.84959716,6.5811013E-4,0.00679573,4.6127348E-4,0.32565552,0.013560052,0.008139271,0.003761628,0.84959716,6.5811013E-4,"TWOGAUSSIANS_WITH_ELLIPSOIDAL_ON_ECLIPSE2",9,67.11572,0.84959716,6.5811013E-4,0.038056087,0.0025831314,0.34193406,0.014390537,0.5143994,0.0012745585,0.066158816,0.011746196,0.23493803,0.041737147
375316653866487564,1949372513335840000,0.53072506,2247.3329117588964,0.28541484908471526,5.3787294E-6,13.64713,0.002347476,0.19087169,0.004648137,0.015220639,0.010608987,0.1839088,30.056911,0.68949276,4.7187402E-4,0.016664006,4.913831E-4,0.47979286,0.016071934,0.017657978,0.0032916686,0.19087169,0.004648137,"TWOGAUSSIANS_WITH_ELLIPSOIDAL_ON_ECLIPSE1",9,498.41086,0.68949276,4.714276E-4,0.09331843,0.0027517453,0.5151062,0.016208535,0.19087169,0.004648137,0.08523558,0.059410326,0.21922475,30.057512
375316653866487564,1949372650775082880,0.47457525,2249.696850386562,0.18560372124441285,1.20157914E-4,16.179564,0.00196987,0.27740404,0.037949305,0.14316498,0.03722356,0.008874592,0.002685156,0.682848,0.00467815,0.00790764,0.0079954425,0.20411505,2.369971,null,null,null,null,"TWOGAUSSIANS",8,13.59014,0.682848,0.00467815,0.044282787,0.044774476,0.20423768,2.3699524,0.27740404,0.037949305,0.4,0.0,0.00883473,0.0025998075
375316653866487564,1949376052389096704,0.5537094,2248.0788186406353,1.3079708654672793,2.5063164E-6,17.039455,0.0018358831,0.24673167,0.002342018,0.040221304,0.0031126484,0.0378277,0.0046292436,0.7435109,0.0011614985,0.0472576,0.0019611742,0.14437081,0.0050041405,0.016166952,0.0024039103,0.24673167,0.002342018,"TWOGAUSSIANS_WITH_ELLIPSOIDAL_ON_ECLIPSE1",9,1.9837059,0.7436309,0.001093144,0.26464257,0.010982576,0.1766918,0.004756835,0.24673167,0.002342018,0.2252393,0.01743083,0.07016143,0.0019378127
375316653866487564,1949377220620294016,0.57174456,2272.299156376639,3.5124299470277878,5.8282194E-6,16.672352,0.0044060005,0.24945995,0.0013464021,0.0508787,0.0024932288,0.26166487,0.0128361285,0.7510376,0.001751129,0.04222526,0.0029663686,0.2306673,0.010900246,0.088260815,0.006128567,0.24945995,0.0013464021,"TWOGAUSSIANS_WITH_ELLIPSOIDAL_ON_ECLIPSE1",9,18.067055,0.24945995,0.0013464021,0.28492072,0.013962082,0.43818498,0.009105765,0.7510376,0.001751129,0.23646146,0.016611664,0.4071701,0.0075253486
375316653866487564,1949377461138401280,0.5029687,2258.7311779692386,3.1248999161149373,1.3764898E-5,13.3299265,0.06713388,0.2359166,0.0031418807,0.15359344,0.012691137,0.45928842,0.09664822,0.73597354,0.003092645,0.29136235,0.021671372,0.8232127,0.064962745,null,null,null,null,"TWOGAUSSIANS",8,130.53719,0.2358666,0.003691569,0.4,0.0,0.11593402,0.004482328,0.73598355,0.00322961,0.4,0.0,0.11137767,0.004389292
375316653866487564,1949381068910964480,0.48416385,2255.046247919494,1.2101398795647744,6.4426335E-6,13.432044,0.0074481224,0.40435815,0.0023821492,0.02357254,0.0023252913,0.7343151,0.068100885,0.8767518,0.0036451381,0.017851282,0.004468046,0.13634111,0.033074148,0.0018829375,0.009151416,0.40435815,0.0023821492,"TWOGAUSSIANS_WITH_ELLIPSOIDAL_ON_ECLIPSE1",9,4443.9277,0.40435815,0.0023821492,0.13200623,0.013021631,0.738081,0.06745016,0.8767718,0.0036095895,0.099967174,0.025021058,0.13999489,0.030688614
375316653866487564,1949381068910966016,0.43138844,2264.318810602861,0.8425348246471396,2.016125E-5,15.966633,0.0016636766,0.16590114,0.013536345,0.03425592,0.021039682,0.021753145,0.16067742,0.6278208,0.0024369638,0.016691552,0.002029597,0.12627919,0.015380275,null,null,null,null,"TWOGAUSSIANS",8,28.185123,0.6278208,0.0024369638,0.0934727,0.011365743,0.12627919,0.015380275,0.16590114,0.013536345,0.19183315,0.117822215,0.021753145,0.16067742
375316653866487564,1949381481227733376,0.46989673,2255.6223525045234,0.5961456547040009,1.7729988E-5,16.86453,0.0011756001,0.23334776,0.0012458176,0.0063998825,6.3313625E-4,0.3107564,0.118457146,0.69749415,0.012329718,0.008617429,0.008568821,0.10331496,8.9948496E7,0.0035319473,0.001730325,0.23334776,0.0012458176,"TWOGAUSSIANS_WITH_ELLIPSOIDAL_ON_ECLIPSE1",9,3.9762514,0.23334776,0.0012458176,0.03583934,0.003545563,0.31782028,0.12043551,0.69750416,0.01231924,0.0482576,0.047985394,0.110026516,8.9948496E7
375316653866487564,1949390758357823744,0.47820097,2242.228913909275,3.6299812555180693,1.250129E-5,19.758173,0.010321698,0.11399862,0.004919486,0.07655691,0.0056693032,0.28190815,0.016605472,0.62612474,0.0030524493,0.08016803,0.0063156346,0.3188054,0.013354895,null,null,null,null,"TWOGAUSSIANS",8,1.83279,0.62612474,0.0030524493,0.4,0.0,0.3159234,0.01344829,0.11399862,0.004919486,0.4,0.0,0.27902615,0.01645453
375316653866487564,1949396324630933888,0.62576467,2255.951585561264,0.7116437940912016,2.038992E-6,16.450607,0.0019924683,0.18070634,0.0027570627,0.024522398,0.0023670914,0.05398433,0.009090621,0.6834677,3.7492078E-4,0.027986655,6.696775E-4,0.6416637,0.016440898,0.013845658,0.0032863028,0.18070634,0.0027570627,"TWOGAUSSIANS_WITH_ELLIPSOIDAL_ON_ECLIPSE1",9,11.245037,0.6834677,3.7492078E-4,0.15672527,0.0037501939,0.66934663,0.017019928,0.18070634,0.0027570627,0.13732544,0.013255712,0.08167559,0.007907633
375316653866487564,1949400276005298944,0.5913086,2225.623951632896,2.4728532820772897,3.2719258E-6,17.265057,0.00450808,0.2471897,7.7225757E-4,0.049578503,0.0027913377,0.15944915,0.0121734375,0.75306684,0.0034396583,0.046475325,0.0041046953,0.112159126,0.012196948,0.09833344,0.006987456,0.2471897,7.7225757E-4,"TWOGAUSSIANS_WITH_ELLIPSOIDAL_ON_ECLIPSE1",9,5.7007513,0.2471897,7.7225757E-4,0.27763963,0.015631491,0.35611513,0.008379457,0.75306684,0.0034396583,0.2602618,0.022986293,0.30855706,0.0066809473
375316653866487564,1949400757041635200,0.51662093,2247.50089179127,3.560489446719647,1.4249273E-5,16.304657,0.012992976,0.27656713,0.0031967438,0.098162316,0.00813992,0.26314875,0.012543624,0.77073985,0.004680681,0.086115174,0.007412763,0.25308812,0.014492534,null,null,null,null,"TWOGAUSSIANS",8,62.69482,0.27656713,0.0031967438,0.4,0.0,0.2512307,0.011062788,0.77073985,0.004680681,0.4,0.0,0.2411713,0.011770465
375316653866487564,1949402749906528640,0.5140161,2229.3008869407213,3.538570759221899,1.0024427E-5,15.056971,0.011635353,0.22823638,0.0029264947,0.10710233,0.008310949,0.15656798,0.010892052,0.7283589,0.0040152487,0.095363595,0.007769587,0.15609877,0.011649895,null,null,null,null,"TWOGAUSSIANS",8,69.28233,0.22823638,0.0029264947,0.4,0.0,0.14180057,0.0052968534,0.7283589,0.0040152487,0.4,0.0,0.14133683,0.0052839625
375316653866487564,1949403780700139136,0.49452826,2229.1214268548647,3.102460186225331,1.17599975E-5,19.201159,0.008362078,0.2800557,0.004216165,0.08143254,0.006418303,0.24230103,0.016359095,0.78027374,0.0033081237,0.08871743,0.007108927,0.24249005,0.010701805,null,null,null,null,"TWOGAUSSIANS",8,2.4460335,0.78027374,0.0033081237,0.4,0.0,0.23605764,0.011208404,0.2800557,0.004216165,0.4,0.0,0.23586868,0.017017435
375316653866487564,1949405601764699520,0.51771474,2233.10176599359,0.12581288647234115,9.77842E-7,14.401626,4.3916632E-4,0.77881736,5.3554795E-6,0.0025088948,1.0613415E-5,0.3198132,4.1041672E-4,null,null,null,null,null,null,null,null,null,null,"ONEGAUSSIAN",5,11.31464,0.77881736,5.3554795E-6,0.01404981,5.9435122E-5,0.3198132,0.0,null,null,null,null,null,null
375316653866487564,1949409793652744192,0.6157819,2255.6082218309216,1.0923801442989445,2.5995682E-6,16.50521,0.001507854,0.24482007,0.0014686903,0.03746216,0.0016917397,0.093681954,0.0052217105,0.7447986,5.345861E-4,0.03557628,8.0044783E-4,0.27984357,0.0042856126,0.014460346,0.0019394847,0.24482007,0.0014686903,"TWOGAUSSIANS_WITH_ELLIPSOIDAL_ON_ECLIPSE1",9,2.9705527,0.7447986,5.341514E-4,0.19922715,0.0044825077,0.30876422,0.0038812857,0.24482007,0.0014686903,0.20978808,0.009473742,0.12260261,0.0044064946
375316653866487564,1949419861056035712,0.6369145,2231.313348396914,1.49247736722136,1.8861998E-6,15.058984,0.008478064,0.13944377,7.0642796E-4,0.056015402,0.0029118897,0.25906083,0.017224874,0.6588195,0.0029306947,0.067035876,0.0060338997,0.1265148,0.0175577,0.102174506,0.009823003,0.13944377,7.0642796E-4,"TWOGAUSSIANS_WITH_ELLIPSOIDAL_ON_ECLIPSE1",9,24.804165,0.13944377,7.0642796E-4,0.31368625,0.016306583,0.4633582,0.004812834,0.6588195,0.0029306947,0.3754009,0.033789836,0.3277985,0.004153451
375316653866487564,1949420062914056192,0.525933,2219.338949443784,0.5537727534762167,1.8546826E-6,18.750515,0.0029261135,0.20341396,6.6100294E-4,0.012277322,8.234979E-4,0.38991398,0.028099883,0.7025576,7.337611E-4,0.010479737,0.0012944355,0.59899586,0.19224863,null,null,null,null,"TWOGAUSSIANS",8,3.3276393,0.7025576,7.337611E-4,0.058686525,0.0072488384,0.59899586,0.19224863,0.20341396,6.6100294E-4,0.068753004,0.004611588,0.38991398,0.028099883
375316653866487564,1949423949864857344,0.5400054,2234.160222723374,2.468600368349012,1.1285854E-5,16.296505,0.014232799,0.21878938,0.0040117837,0.102574944,0.0077554644,0.26837707,0.013782039,0.7307794,0.003725946,0.10400943,0.0073319366,0.27921906,0.01378319,null,null,null,null,"TWOGAUSSIANS",8,38.211506,0.7307794,0.0037258128,0.4,0.0,0.25383446,0.00936577,0.21877939,0.0040107183,0.4,0.0,0.24299432,0.010332377
375316653866487564,1949441091075396096,0.45706967,2229.1139789093727,2.6692326388038503,1.1990003E-5,18.454914,0.008715619,0.2291861,0.0027643566,0.038254123,0.0047533964,0.20082049,0.0203559,0.72988534,0.0045855446,0.030520808,0.0050433283,0.09957767,0.010501982,null,null,null,null,"TWOGAUSSIANS",8,8.542622,0.2291861,0.0027643566,0.2142231,0.026619019,0.20082049,0.0203559,0.72988534,0.0045855446,0.17091653,0.028242638,0.09957767,0.010501982
375316653866487564,1949441542051459456,0.54646146,2241.970727259275,2.867290764712085,7.4020286E-6,17.02679,0.027966183,0.26621985,0.0024741546,0.107802905,0.009745042,0.22845216,0.02663364,0.766055,0.0026604217,0.12277498,0.014730386,0.20132972,0.025940346,null,null,null,null,"TWOGAUSSIANS",8,6.5101304,0.26621985,0.0024810717,0.4,0.0,0.18809718,0.0047547915,0.766055,0.0026604217,0.4,0.0,0.16088367,0.005438287
375316653866487564,1949442877782065152,0.47042733,2231.633476394286,2.9191585516641805,9.9635545E-6,18.020733,0.07916995,0.218724,0.003214744,0.2392458,0.020849582,0.604769,0.077241875,0.72363925,0.002666741,0.15628651,0.012104399,0.49351376,0.08121248,null,null,null,null,"TWOGAUSSIANS",8,3.4480405,0.7268692,0.002765598,0.4,0.0,0.14519152,0.007783536,0.217394,0.0035259668,0.4,0.0,0.12622415,0.0073605385
375316653866487564,1949449410433345792,0.51717365,2246.2973041409787,2.7961472322035448,1.3982333E-5,18.215433,0.0066568526,0.2819872,0.0030940778,0.048885737,0.0051983106,0.1561245,0.018252196,0.77800775,0.011105675,0.04425804,0.0063042264,0.12000941,0.021551948,0.043539442,0.009648849,0.2819872,0.0030940778,"TWOGAUSSIANS_WITH_ELLIPSOIDAL_ON_ECLIPSE1",9,5.4090323,0.2819872,0.0030940778,0.2737601,0.02911054,0.24320304,0.0127526205,0.77840775,0.010575959,0.24784502,0.035303667,0.20703901,0.014736536
375316653866487564,1949449616590151424,0.48904896,2260.990200976763,0.8558078300733439,4.785299E-6,15.960779,0.0067509767,0.2667223,1.4656567E-4,0.0016989532,1.3740482E-4,0.85329926,0.10967837,0.5864736,0.06783005,0.07168797,0.069658786,0.038212165,0.013622867,null,null,null,null,"TWOGAUSSIANS",8,119.621376,0.2667223,1.4656567E-4,0.009514138,7.69467E-4,0.8533011,0.109677054,0.5864736,0.06783005,0.4,0.32872334,0.038212165,0.013622877
375316653866487564,1949450750461529344,0.5362344,2247.4847451832547,3.6134107699528357,8.548865E-6,17.404842,0.013697186,0.23603867,0.0052975127,0.09415969,0.008584162,0.26200756,0.013803378,0.72677785,0.0028638635,0.08827021,0.0055829966,0.33345234,0.012444471,null,null,null,null,"TWOGAUSSIANS",8,15.243663,0.72677785,0.0028638635,0.4,0.0,0.32151628,0.009045525,0.23603867,0.0052975127,0.4,0.0,0.2500711,0.01160262
375316653866487564,1949451575095261952,0.49590975,2245.8451662602906,0.9825929144367311,1.0909717E-5,17.652994,0.0036167395,0.4079415,0.0023674832,0.022335026,0.001189688,0.37456453,0.042042714,0.91090244,0.021413576,0.015951704,0.012120703,0.6812731,5.630183,null,null,null,null,"TWOGAUSSIANS",8,18.531961,0.91090244,0.021413576,0.08932954,0.06787594,0.6812731,5.630183,0.4079415,0.0023674832,0.12507614,0.006662253,0.37456453,0.042042714
375316653866487564,1949459576615099392,0.5114055,2256.659095872989,1.959618505274596,1.68784E-5,18.397114,0.0056550577,0.25834972,0.0039422037,0.030348258,0.0051004696,0.22039561,0.034145862,0.7539753,0.0031465024,0.030530943,0.0053031165,0.25106117,0.041301675,0.022689242,0.011172602,0.25834972,0.0039422037,"TWOGAUSSIANS_WITH_ELLIPSOIDAL_ON_ECLIPSE1",9,7.7576756,0.7540353,0.0031010108,0.17097329,0.029697454,0.2964058,0.0476304,0.25834972,0.0039422037,0.16995025,0.02856263,0.26577404,0.03516808
375316653866487564,1949460096310160768,0.4943422,2260.689537621252,0.40133601473810165,2.847036E-5,11.022143,0.0011895251,0.3002724,4.732896E-4,0.0065280716,0.0014365234,0.740838,0.468018,0.8089124,0.0029113218,0.015799351,0.005685687,0.1265523,0.08545304,0.0037020813,0.0016330153,0.3002724,4.732896E-4,"TWOGAUSSIANS_WITH_ELLIPSOIDAL_ON_ECLIPSE1",9,75.454765,0.3002724,4.732896E-4,0.0365572,0.008044531,0.74824214,0.46856764,0.8089124,0.0029113218,0.08847637,0.031839848,0.13393465,0.08586497
375316653866487564,1949461844357465600,0.5308533,2266.789363206311,3.725286820734381,5.9284917E-5,17.834326,0.0016094261,0.31680718,0.028033253,0.028501716,0.0216484,0.022680657,0.016014425,0.5228775,3.5683645E-4,0.0057641007,1.12262416E-4,1.0867078,0.060208917,null,null,null,null,"TWOGAUSSIANS",8,3.4438477,0.5228775,3.5683645E-4,0.032278962,6.286696E-4,1.0867078,0.060208917,0.31680718,0.028033253,0.1596096,0.121231034,0.022680657,0.016014425
