Gaia/vari_eclipsing_binary/VariEclipsingBinary_680479-680503.csv
# %ECSV 1.0
# ---
# delimiter: ','
# meta: !!omap
# - RELEASE: Gaia DR3
# - TABLE: vari_eclipsing_binary
# - DESCRIPTION: >
#     This table describes the properties of the eclipsing binaries resulting from the variability analysis. 
# - CITATION: >
#     How to cite and acknowledge Gaia: 
#     https://gea.esac.esa.int/archive/documentation/credits.html 
# - KNOWN_ISSUES: >
#     Known issues: 
#     https://www.cosmos.esa.int/web/gaia-users/known-issues 
# - DOCUMENTATION: >
#     Tutorials and documentation: 
#     https://www.cosmos.esa.int/web/gaia-users/archive 
# datatype:
# - 
#   name: solution_id
#   datatype: int64
#   description: Solution Identifier
#   meta:
#     ucd: meta.version
# - 
#   name: source_id
#   datatype: int64
#   description: Unique source identifier
#   meta:
#     ucd: meta.id;meta.main
# - 
#   name: global_ranking
#   datatype: float32
#   description: Number between 0 (worst) and 1 (best)
#   meta:
#     ucd: stat.param
# - 
#   name: reference_time
#   datatype: float64
#   unit: d
#   description: Reference time used for the geometric model fit
#   meta:
#     ucd: time.epoch
# - 
#   name: frequency
#   datatype: float64
#   unit: d**-1
#   description: Frequency of geometric model of the eclipsing binary light curve
#   meta:
#     ucd: src.orbital
# - 
#   name: frequency_error
#   datatype: float32
#   unit: d**-1
#   description: "Uncertainty of \\texttt{frequency}"
#   meta:
#     ucd: stat.error
# - 
#   name: geom_model_reference_level
#   datatype: float32
#   unit: mag
#   description: Magnitude reference level of geometric model
#   meta:
#     ucd: phot.mag;em.opt
# - 
#   name: geom_model_reference_level_error
#   datatype: float32
#   unit: mag
#   description: "Uncertainty of \\texttt{geomModelReferenceLevel}"
#   meta:
#     ucd: stat.error;phot.mag;em.opt
# - 
#   name: geom_model_gaussian1_phase
#   datatype: float32
#   description: Phase of the Gaussian 1 component
#   meta:
#     ucd: time.phase
# - 
#   name: geom_model_gaussian1_phase_error
#   datatype: float32
#   description: "Uncertainty of \\texttt{geomModelGaussian1Phase}"
#   meta:
#     ucd: stat.error;time.phase
# - 
#   name: geom_model_gaussian1_sigma
#   datatype: float32
#   description: "Standard deviation [phase] of Gaussian 1 component"
#   meta:
#     ucd: stat.stdev
# - 
#   name: geom_model_gaussian1_sigma_error
#   datatype: float32
#   description: "Uncertainty of \\texttt{geomModelGaussian1Sigma}"
#   meta:
#     ucd: stat.error
# - 
#   name: geom_model_gaussian1_depth
#   datatype: float32
#   unit: mag
#   description: Magnitude depth of Gaussian 1 component
#   meta:
#     ucd: src.var.amplitude
# - 
#   name: geom_model_gaussian1_depth_error
#   datatype: float32
#   unit: mag
#   description: "Uncertainty of \\texttt{geomModelGaussian1Depth}"
#   meta:
#     ucd: stat.error;src.var.amplitude
# - 
#   name: geom_model_gaussian2_phase
#   datatype: float32
#   description: Phase of Gaussian 2 component
#   meta:
#     ucd: time.phase
# - 
#   name: geom_model_gaussian2_phase_error
#   datatype: float32
#   description: "Uncertainty of \\texttt{geomModelGaussian2Phase}"
#   meta:
#     ucd: stat.error;time.phase
# - 
#   name: geom_model_gaussian2_sigma
#   datatype: float32
[...]
#   datatype: float32
#   description: "Secondary eclipse: uncertainty of \\texttt{derivedSecondaryEclDuration}"
#   meta:
#     ucd: stat.error;time.duration
# - 
#   name: derived_secondary_ecl_depth
#   datatype: float32
#   unit: mag
#   description: "Secondary eclipse: depth"
#   meta:
#     ucd: src.var.amplitude
# - 
#   name: derived_secondary_ecl_depth_error
#   datatype: float32
#   unit: mag
#   description: "Secondary eclipse: uncertainty of \\texttt{derivedSecondaryEclDepth}"
#   meta:
#     ucd: stat.error;src.var.amplitude
solution_id,source_id,global_ranking,reference_time,frequency,frequency_error,geom_model_reference_level,geom_model_reference_level_error,geom_model_gaussian1_phase,geom_model_gaussian1_phase_error,geom_model_gaussian1_sigma,geom_model_gaussian1_sigma_error,geom_model_gaussian1_depth,geom_model_gaussian1_depth_error,geom_model_gaussian2_phase,geom_model_gaussian2_phase_error,geom_model_gaussian2_sigma,geom_model_gaussian2_sigma_error,geom_model_gaussian2_depth,geom_model_gaussian2_depth_error,geom_model_cosine_half_period_amplitude,geom_model_cosine_half_period_amplitude_error,geom_model_cosine_half_period_phase,geom_model_cosine_half_period_phase_error,model_type,num_model_parameters,reduced_chi2,derived_primary_ecl_phase,derived_primary_ecl_phase_error,derived_primary_ecl_duration,derived_primary_ecl_duration_error,derived_primary_ecl_depth,derived_primary_ecl_depth_error,derived_secondary_ecl_phase,derived_secondary_ecl_phase_error,derived_secondary_ecl_duration,derived_secondary_ecl_duration_error,derived_secondary_ecl_depth,derived_secondary_ecl_depth_error
[from data line 619]
375316653866487564,5985764601859328512,0.56077874,2190.4138284264427,2.2864057562654145,2.7786539E-6,17.5683,0.0039864117,0.19090536,0.005552067,0.09947803,0.0071229422,0.092872776,0.007326218,0.6943314,0.0013658605,0.075707205,0.003071343,0.2280396,0.007908942,null,null,null,null,"TWOGAUSSIANS",8,2.0463035,0.6943314,0.0013658605,0.4,0.0,0.22376972,0.008563799,0.19090536,0.005552067,0.4,0.0,0.08860227,0.007110522
375316653866487564,5985764773658031616,0.6136055,2196.4006110480664,1.5637276429161004,7.54939E-6,16.492706,0.006958151,0.25859225,0.0031023095,0.097257204,0.0030325602,0.2798001,0.011064421,0.7584548,0.0017825876,0.10527789,0.00403605,0.2301798,0.006880114,null,null,null,null,"TWOGAUSSIANS",8,4.297615,0.25859225,0.0031023095,0.4,0.0,0.2558979,0.008121561,0.7584548,0.0017825876,0.4,0.0,0.20627283,0.004252082
375316653866487564,5985765181652832768,0.4820321,2114.2597949989213,4.052431777195174,1.8540655E-5,19.720547,0.0075248457,null,null,null,null,null,null,null,null,null,null,null,null,0.13820411,0.01040067,0.26539847,0.0059460183,"ELLIPSOIDAL",4,2.9342198,null,null,null,null,null,null,null,null,null,null,null,null
375316653866487564,5985765495182801152,0.47253287,2135.283392173481,2.0460077380180723,5.005134E-5,19.807707,0.013054149,0.23977886,0.0046173143,0.05871243,0.0054855286,0.4317096,0.059246827,0.74276793,0.005597671,0.0577253,0.014535346,0.18528749,0.048446763,null,null,null,null,"TWOGAUSSIANS",8,3.158817,0.23977886,0.0046173143,0.32878962,0.03071896,0.4316595,0.05928668,0.74276793,0.005597671,0.32326168,0.081397936,0.1852374,0.048584014
375316653866487564,5985765598291788160,0.55193,2195.9022791165744,3.086871757197171,1.1468727E-5,17.954084,0.009839531,0.28812712,0.0032535777,0.08681228,0.0045577986,0.24442956,0.01275528,0.7895086,0.0037038417,0.08181043,0.006123664,0.27619174,0.011054646,null,null,null,null,"TWOGAUSSIANS",8,3.7474697,0.7895086,0.0037038417,0.4,0.0,0.26995867,0.010160615,0.28812712,0.0032535777,0.4,0.0,0.23819649,0.0115320515
375316653866487564,5985765701341367296,0.5220896,2118.8447233839474,3.5045313613889046,1.7271843E-5,19.62234,0.03138511,0.12857251,0.004330172,0.081560165,0.008042226,0.48730865,0.047878925,0.63351154,0.0107476665,0.102852695,0.015253524,0.36744842,0.03074597,null,null,null,null,"TWOGAUSSIANS",8,2.6883914,0.12857251,0.004330172,0.4,0.0,0.46793088,0.04886034,0.63351154,0.0107476665,0.4,0.0,0.3480651,0.022842739
375316653866487564,5985766216736419200,0.5730564,2136.42864799372,2.6222076577970204,8.8221805E-6,18.824032,0.008413302,0.2450922,0.001995593,0.077442214,0.0034879975,0.42937604,0.009374812,0.74562395,0.002936852,0.08417606,0.003994719,0.44509456,0.011553125,null,null,null,null,"TWOGAUSSIANS",8,1.9469117,0.74562395,0.002936852,0.4,0.0,0.43786907,0.011551583,0.2450922,0.001995593,0.4,0.0,0.42215055,0.009053291
375316653866487564,5985766659105454848,0.5077427,2174.354464110197,2.790108551461986,1.5932339E-5,18.81168,0.04612845,0.26548433,0.006135513,0.10824936,0.016421136,0.3295782,0.043840352,0.7715117,0.005438516,0.116112135,0.013935008,0.3359952,0.045994703,null,null,null,null,"TWOGAUSSIANS",8,3.2400322,0.7715217,0.0054457486,0.4,0.0,0.28372008,0.009021718,0.26546434,0.0061282734,0.4,0.0,0.27735195,0.011866677
375316653866487564,5985766865265005568,0.46706018,2178.205744503701,2.713996904950961,3.3140102E-5,17.593771,0.15037416,0.28592366,0.008244431,0.11487754,0.04210911,0.16574241,0.13844453,0.7813382,0.010054416,0.13093564,0.061980054,0.15929304,0.14929123,null,null,null,null,"TWOGAUSSIANS",8,9.182654,0.28598368,0.008182534,0.4,0.0,0.12661614,0.0121339485,0.7813382,0.010054416,0.4,0.0,0.11997368,0.010415891
375316653866487564,5985766869572641024,0.46520603,2192.1668355935435,1.3029717664280782,4.4522396E-5,17.003141,0.0037394054,0.28732964,0.01971561,0.017602239,0.022922141,0.06579824,292567.56,0.7626614,0.011037671,0.03646159,0.0074708043,0.17231543,0.017305,0.02377066,0.0074033933,0.28732964,0.01971561,"TWOGAUSSIANS_WITH_ELLIPSOIDAL_ON_ECLIPSE1",9,28.988148,0.76334137,0.010460833,0.20418492,0.041836504,0.21875484,0.01853929,0.28732964,0.01971561,0.09857253,0.128364,0.11333947,292567.6
375316653866487564,5985767105781488000,0.5336494,2218.156113638749,4.2743135834353945,8.697695E-6,18.66229,0.007871994,0.28030866,0.0028343308,0.089540005,0.005793891,0.23623118,0.009206217,0.7706298,0.0031656493,0.08366738,0.0047938395,0.21730694,0.010872424,null,null,null,null,"TWOGAUSSIANS",8,1.7779715,0.28030866,0.0028343308,0.4,0.0,0.23025538,0.009010573,0.7706298,0.0031656493,0.4,0.0,0.21133122,0.010153768
375316653866487564,5985767110090917120,0.477413,2136.3058261222322,2.661168923372564,1.8570967E-5,19.375847,0.024683924,0.2688511,0.005680013,0.11227881,0.016714934,0.23537159,0.021324519,0.77168345,0.0045718,0.09362834,0.010469462,0.2528273,0.024063392,null,null,null,null,"TWOGAUSSIANS",8,1.9537119,0.77168345,0.0045810593,0.4,0.0,0.22833328,0.015450613,0.2688511,0.005680013,0.4,0.0,0.21085452,0.011089065
375316653866487564,5985767659846790016,0.49587765,2119.7676974682054,2.607456573504371,1.8315492E-5,19.227839,0.045264993,0.20848627,0.005791608,0.09142312,0.023126718,0.19249432,0.041666802,0.7149482,0.015176082,0.09757349,0.03397985,0.1808983,0.041772027,null,null,null,null,"TWOGAUSSIANS",8,1.456166,0.20848627,0.0057852776,0.4,0.0,0.18221894,0.008005305,0.7149482,0.015176082,0.4,0.0,0.17062229,0.017698402
375316653866487564,5985768518841530496,0.4601342,2165.293650773269,2.849040045624932,2.81173E-5,19.13614,0.031022288,0.21640444,0.028918402,0.04155256,0.02494876,0.32802445,0.09514146,0.7271825,0.0048462395,0.07359675,0.013195357,0.7755612,0.10689715,null,null,null,null,"TWOGAUSSIANS",8,21.611372,0.7271825,0.0048462395,0.4,0.050385546,0.7755028,0.106937885,0.21640444,0.028918402,0.23269433,0.13971306,0.3279661,0.09542629
375316653866487564,5985768789407673600,0.52712744,2159.2121729699793,2.2147917767905514,1.3834561E-5,18.260057,0.018510818,0.2539499,0.0046767,0.10391419,0.01111271,0.19275995,0.017697232,0.748823,0.007134878,0.09711646,0.010987584,0.2940407,0.018933307,null,null,null,null,"TWOGAUSSIANS",8,3.370462,0.748823,0.007134878,0.4,0.0,0.274046,0.008924776,0.2539499,0.0046761814,0.4,0.0,0.17276257,0.0082357265
375316653866487564,5985769102985390848,0.6453846,2202.4767917526206,3.1651539727173077,3.6962376E-6,16.018373,0.011990541,0.2462748,0.001688709,0.062199675,0.0035331019,0.36524913,0.0260707,0.7454752,0.0017687712,0.053141307,0.0039562387,0.36851478,0.023005994,0.09700113,0.014086948,0.2462748,0.001688709,"TWOGAUSSIANS_WITH_ELLIPSOIDAL_ON_ECLIPSE1",9,20.508608,0.74555516,0.0015326003,0.29759133,0.022154937,0.56239516,0.02102865,0.2462748,0.001688709,0.34831816,0.01978537,0.55913395,0.009413081
375316653866487564,5985769343503546624,0.5250695,2195.601182879129,2.815929698841314,1.2624882E-5,16.455717,0.10532863,0.2583981,0.005297038,0.13667175,0.024663456,0.19292091,0.097177185,0.73969704,0.005806817,0.1532063,0.03243734,0.21824507,0.10100019,null,null,null,null,"TWOGAUSSIANS",8,6.5777655,0.73969704,0.005806817,0.4,0.0,0.13584234,0.0062178704,0.2601581,0.0036309117,0.4,0.0,0.11227549,0.005547838
375316653866487564,5985769476604091008,0.53762335,2207.63211020846,2.8296578830745256,1.0608732E-5,18.541445,0.011080049,0.26870194,0.00303144,0.087586135,0.0058666556,0.28078803,0.018541766,0.7629061,0.0043308083,0.08115259,0.0064666374,0.28970057,0.014599614,null,null,null,null,"TWOGAUSSIANS",8,3.1449947,0.7629061,0.0043308083,0.4,0.0,0.28332585,0.014332453,0.26870194,0.00303144,0.4,0.0,0.2744133,0.018733885
375316653866487564,5985770030703642880,0.48555312,2186.2933350783355,0.839830391413663,2.4121444E-5,15.87027,0.0066540283,0.27784005,0.0069273193,0.104228266,0.028180458,0.04885012,0.0041388473,0.7756415,0.0076300357,0.080457464,0.027780233,0.020281516,0.0055553936,null,null,null,null,"TWOGAUSSIANS",8,3.1407924,0.27784005,0.0069273193,0.4,0.0,0.047224067,0.0077827233,0.7756415,0.0076300357,0.4,0.0,0.018656451,0.0018933469
375316653866487564,5985770168109123584,0.5132841,2150.3214875259428,3.7332905716331823,1.0960283E-5,17.237774,0.06761481,0.3269323,0.0035029678,0.12161462,0.032849677,0.17409427,0.06262108,0.8115955,0.004078147,0.12149009,0.03251552,0.16326968,0.064315274,null,null,null,null,"TWOGAUSSIANS",8,4.986096,0.32703233,0.0034784388,0.4,0.0,0.13852264,0.008561985,0.8115955,0.004078147,0.4,0.0,0.12770452,0.009181922
375316653866487564,5985771091526935552,0.5771011,2199.9183758487875,3.0223798818614536,9.359203E-6,18.91307,0.018511407,0.13683808,0.0016271567,0.049326647,0.0045799436,0.4108612,0.037610404,0.64054185,0.008485051,0.05360083,0.00953754,0.4309946,0.036378205,0.090360895,0.022196596,0.13683808,0.0016271567,"TWOGAUSSIANS_WITH_ELLIPSOIDAL_ON_ECLIPSE1",9,3.3730364,0.64054185,0.008485051,0.30016464,0.053410225,0.6116103,0.018474804,0.13683808,0.0016271567,0.27622923,0.025647683,0.5915747,0.025168423
375316653866487564,5985771473779753088,0.41667333,2223.0634850427878,0.024085341914176172,4.4415894E-5,19.038034,0.01242666,0.29419538,0.017597731,0.099949405,0.013519796,0.13963811,0.023938192,0.6534364,0.012365225,0.021452328,0.0063830996,0.38239893,0.099416785,null,null,null,null,"TWOGAUSSIANS",8,9.783086,0.6534364,0.012365225,0.120133035,0.035745356,0.38261658,0.099348076,0.29419538,0.017597731,0.4,0.0,0.13963708,0.0239388
375316653866487564,5985771508139548416,0.51937217,2103.3445920877352,0.4972236317144834,2.6022091E-5,19.852316,0.0051922854,0.27258375,0.02321596,0.049799263,0.0074178562,1.8778219,0.8771616,0.85619605,0.004252323,0.016716281,0.007060062,0.14038055,0.21768779,null,null,null,null,"TWOGAUSSIANS",8,1.3947117,0.27258375,0.02321596,0.2788759,0.041539993,1.8778219,0.8771616,0.85619605,0.004252323,0.093611166,0.03953635,0.14038055,0.21768779
375316653866487564,5985771920489354112,0.5398376,2205.1011005326895,2.136223548716883,7.1514883E-6,18.45119,0.013771433,0.27870446,0.0040686005,0.101767875,0.009323066,0.22470915,0.012312591,0.78593796,0.0025547051,0.096219495,0.0074358014,0.23512581,0.011914614,null,null,null,null,"TWOGAUSSIANS",8,1.7576959,0.78593796,0.0025540385,0.4,0.0,0.217882,0.007012409,0.27870446,0.0040686005,0.4,0.0,0.20746331,0.008584021
375316653866487564,5985772504571755136,0.4308071,2103.582787333029,0.09886410310912888,2.1782146E-4,19.322983,0.012125531,0.35866797,0.0517199,0.04284506,0.038295276,0.48582664,3711605.0,0.8079925,0.046643004,0.10642631,0.044041548,0.042748265,0.013283061,null,null,null,null,"TWOGAUSSIANS",8,3.0576363,0.35866797,0.05172035,0.23993233,0.21445355,0.48567256,3711605.0,0.8079925,0.046643004,0.4,0.0,0.042588383,0.012615943
375316653866487564,5985772642010633984,0.53648233,2143.29968442987,3.9928788452859587,3.1437914E-5,19.155756,0.034488764,0.29823834,0.0071334387,0.095796816,0.013739234,0.2674295,0.033559084,0.7756704,0.0070978017,0.10374115,0.016692456,0.26337048,0.033872124,null,null,null,null,"TWOGAUSSIANS",8,2.1368086,0.29824832,0.007130226,0.4,0.0,0.25025624,0.018648122,0.7756704,0.0070978017,0.4,0.0,0.24619095,0.02127203
375316653866487564,5985773290536433024,0.6737106,2201.929143897138,1.2544889297175128,3.873529E-6,17.00314,0.0024398165,0.2774027,2.2780444E-4,0.035554845,4.659413E-4,0.7385199,0.012613085,0.77657443,0.0015611545,0.039448835,0.0016678697,0.13653202,0.0058772434,0.010273598,0.003319335,0.2774027,2.2780444E-4,"TWOGAUSSIANS_WITH_ELLIPSOIDAL_ON_ECLIPSE1",9,3.5763078,0.2774027,2.2780444E-4,0.19910713,0.0026092713,0.75906706,0.012973801,0.7765944,0.0015328877,0.22091347,0.009340071,0.15707865,0.0038194268
375316653866487564,5985773466672407552,0.5830131,2170.2401437797566,2.1378758219194927,7.883715E-6,17.301695,0.008707875,0.24063484,0.0025771433,0.08911934,0.0045880126,0.2664152,0.009201343,0.7464617,0.004344199,0.09562338,0.0062949965,0.25581154,0.0077513075,null,null,null,null,"TWOGAUSSIANS",8,5.121925,0.24063484,0.0025771433,0.4,0.0,0.25413525,0.008670495,0.7464617,0.004344199,0.4,0.0,0.24353102,0.0067748344
375316653866487564,5985774085147780864,0.62117195,2226.15692182359,0.8862949941045525,8.92635E-6,15.702931,0.002612877,0.23324907,0.0014879906,0.033346403,0.0022465908,0.08558882,0.006553837,0.7326469,0.012528069,0.032614943,0.0074486593,0.4954022,0.21894021,0.017337319,0.0035092335,0.23324907,0.0014879906,"TWOGAUSSIANS_WITH_ELLIPSOIDAL_ON_ECLIPSE1",9,8.611322,0.7326469,0.012522281,0.18264367,0.041712493,0.53007627,0.22099066,0.23324907,0.0014879906,0.18673986,0.012580908,0.12026338,0.0036285548
375316653866487564,5985776181096993792,0.51212573,2225.192902507668,4.0353388578453036,1.0740561E-5,18.657211,0.011512374,0.17926963,0.0022364378,0.08474786,0.006414065,0.24104393,0.0083707515,0.67684346,0.005115821,0.093147725,0.008925994,0.22960764,0.01700195,null,null,null,null,"TWOGAUSSIANS",8,2.9374185,0.17926963,0.0022364378,0.4,0.0,0.23234695,0.0062107,0.67684346,0.005115821,0.4,0.0,0.22091043,0.017269619
375316653866487564,5985776382923762816,0.4969291,2141.821866534074,0.04246842946219705,2.0634194E-5,19.356646,0.00520008,0.37964216,0.0048264395,0.05347904,0.008008271,0.20107298,0.036411475,0.66373134,0.032426894,0.018419601,0.017564822,0.25030708,0.17274258,null,null,null,null,"TWOGAUSSIANS",8,1.1459374,0.66373134,0.032426894,0.103149764,0.098363,0.25030723,0.17274241,0.37964216,0.0048264395,0.2994826,0.044846322,0.20107298,0.036411475
