Gaia/vari_eclipsing_binary/VariEclipsingBinary_529453-529464.csv
# %ECSV 1.0
# ---
# delimiter: ','
# meta: !!omap
# - RELEASE: Gaia DR3
# - TABLE: vari_eclipsing_binary
# - DESCRIPTION: >
#     This table describes the properties of the eclipsing binaries resulting from the variability analysis. 
# - CITATION: >
#     How to cite and acknowledge Gaia: 
#     https://gea.esac.esa.int/archive/documentation/credits.html 
# - KNOWN_ISSUES: >
#     Known issues: 
#     https://www.cosmos.esa.int/web/gaia-users/known-issues 
# - DOCUMENTATION: >
#     Tutorials and documentation: 
#     https://www.cosmos.esa.int/web/gaia-users/archive 
# datatype:
# - 
#   name: solution_id
#   datatype: int64
#   description: Solution Identifier
#   meta:
#     ucd: meta.version
# - 
#   name: source_id
#   datatype: int64
#   description: Unique source identifier
#   meta:
#     ucd: meta.id;meta.main
# - 
#   name: global_ranking
#   datatype: float32
#   description: Number between 0 (worst) and 1 (best)
#   meta:
#     ucd: stat.param
# - 
#   name: reference_time
#   datatype: float64
#   unit: d
#   description: Reference time used for the geometric model fit
#   meta:
#     ucd: time.epoch
# - 
#   name: frequency
#   datatype: float64
#   unit: d**-1
#   description: Frequency of geometric model of the eclipsing binary light curve
#   meta:
#     ucd: src.orbital
# - 
#   name: frequency_error
#   datatype: float32
#   unit: d**-1
#   description: "Uncertainty of \\texttt{frequency}"
#   meta:
#     ucd: stat.error
# - 
#   name: geom_model_reference_level
#   datatype: float32
#   unit: mag
#   description: Magnitude reference level of geometric model
#   meta:
#     ucd: phot.mag;em.opt
# - 
#   name: geom_model_reference_level_error
#   datatype: float32
#   unit: mag
#   description: "Uncertainty of \\texttt{geomModelReferenceLevel}"
#   meta:
#     ucd: stat.error;phot.mag;em.opt
# - 
#   name: geom_model_gaussian1_phase
#   datatype: float32
#   description: Phase of the Gaussian 1 component
#   meta:
#     ucd: time.phase
# - 
#   name: geom_model_gaussian1_phase_error
#   datatype: float32
#   description: "Uncertainty of \\texttt{geomModelGaussian1Phase}"
#   meta:
#     ucd: stat.error;time.phase
# - 
#   name: geom_model_gaussian1_sigma
#   datatype: float32
#   description: "Standard deviation [phase] of Gaussian 1 component"
#   meta:
#     ucd: stat.stdev
# - 
#   name: geom_model_gaussian1_sigma_error
#   datatype: float32
#   description: "Uncertainty of \\texttt{geomModelGaussian1Sigma}"
#   meta:
#     ucd: stat.error
# - 
#   name: geom_model_gaussian1_depth
#   datatype: float32
#   unit: mag
#   description: Magnitude depth of Gaussian 1 component
#   meta:
#     ucd: src.var.amplitude
# - 
#   name: geom_model_gaussian1_depth_error
#   datatype: float32
#   unit: mag
#   description: "Uncertainty of \\texttt{geomModelGaussian1Depth}"
#   meta:
#     ucd: stat.error;src.var.amplitude
# - 
#   name: geom_model_gaussian2_phase
#   datatype: float32
#   description: Phase of Gaussian 2 component
#   meta:
#     ucd: time.phase
# - 
#   name: geom_model_gaussian2_phase_error
#   datatype: float32
#   description: "Uncertainty of \\texttt{geomModelGaussian2Phase}"
#   meta:
#     ucd: stat.error;time.phase
# - 
#   name: geom_model_gaussian2_sigma
#   datatype: float32
[...]
#   datatype: float32
#   description: "Secondary eclipse: uncertainty of \\texttt{derivedSecondaryEclDuration}"
#   meta:
#     ucd: stat.error;time.duration
# - 
#   name: derived_secondary_ecl_depth
#   datatype: float32
#   unit: mag
#   description: "Secondary eclipse: depth"
#   meta:
#     ucd: src.var.amplitude
# - 
#   name: derived_secondary_ecl_depth_error
#   datatype: float32
#   unit: mag
#   description: "Secondary eclipse: uncertainty of \\texttt{derivedSecondaryEclDepth}"
#   meta:
#     ucd: stat.error;src.var.amplitude
solution_id,source_id,global_ranking,reference_time,frequency,frequency_error,geom_model_reference_level,geom_model_reference_level_error,geom_model_gaussian1_phase,geom_model_gaussian1_phase_error,geom_model_gaussian1_sigma,geom_model_gaussian1_sigma_error,geom_model_gaussian1_depth,geom_model_gaussian1_depth_error,geom_model_gaussian2_phase,geom_model_gaussian2_phase_error,geom_model_gaussian2_sigma,geom_model_gaussian2_sigma_error,geom_model_gaussian2_depth,geom_model_gaussian2_depth_error,geom_model_cosine_half_period_amplitude,geom_model_cosine_half_period_amplitude_error,geom_model_cosine_half_period_phase,geom_model_cosine_half_period_phase_error,model_type,num_model_parameters,reduced_chi2,derived_primary_ecl_phase,derived_primary_ecl_phase_error,derived_primary_ecl_duration,derived_primary_ecl_duration_error,derived_primary_ecl_depth,derived_primary_ecl_depth_error,derived_secondary_ecl_phase,derived_secondary_ecl_phase_error,derived_secondary_ecl_duration,derived_secondary_ecl_duration_error,derived_secondary_ecl_depth,derived_secondary_ecl_depth_error
[from data line 482]
375316653866487564,4657205323137638400,0.51648074,2167.869123455698,0.7622380881432852,1.961562E-5,18.421494,0.0035248678,0.2671409,0.004415679,0.046733946,0.005937179,0.3354874,0.032804225,0.7803482,0.03538812,0.060644086,0.037353914,0.07836966,0.029960826,null,null,null,null,"TWOGAUSSIANS",8,3.8678322,0.2671409,0.004415679,0.2617101,0.0332482,0.33548427,0.032808967,0.7803482,0.03538812,0.33960688,0.20918192,0.0783665,0.029960852
375316653866487564,4657205421902525440,0.42830515,2170.6089810646017,0.4284262010530105,5.694525E-5,19.08427,0.00878358,null,null,null,null,null,null,null,null,null,null,null,null,0.06546956,0.013276946,0.23332214,0.010494862,"ELLIPSOIDAL",4,4.8816333,null,null,null,null,null,null,null,null,null,null,null,null
375316653866487564,4657205426216847872,0.6035686,2165.5876274642173,1.3342191430914088,7.3945816E-6,16.989367,0.007196848,0.2450817,0.0017528242,0.048518237,0.004748792,0.14292166,0.015245012,0.75116104,0.009625807,0.055954095,0.010757753,0.19974582,0.013140652,0.06481369,0.009052892,0.2450817,0.0017528242,"TWOGAUSSIANS_WITH_ELLIPSOIDAL_ON_ECLIPSE1",9,3.8180337,0.75116104,0.009625807,0.31334293,0.060243417,0.3291772,0.010737205,0.2450817,0.0017528242,0.2717021,0.026593234,0.2725421,0.006037454
375316653866487564,4657205769814116992,0.49420047,2205.5617871768777,0.5479654148823683,1.0579123E-5,18.057995,0.013676323,0.18023688,0.013276311,0.03307576,0.029678863,0.21371411,3.34282931E9,0.6760754,0.01881737,0.045615423,0.008659017,0.46389645,0.19581708,0.05234961,0.017845606,0.18023688,0.013276311,"TWOGAUSSIANS_WITH_ELLIPSOIDAL_ON_ECLIPSE1",9,10.778719,0.6762254,0.018184014,0.25544637,0.048490494,0.56852627,0.20574236,0.18023688,0.013276311,0.18522426,0.16620162,0.31841293,3.34282931E9
375316653866487564,4657206182133709440,0.41119492,2212.4403288813105,0.8046040902397856,3.2929504E-5,18.969322,0.0046816985,null,null,null,null,null,null,null,null,null,null,null,null,0.051097557,0.0067481166,0.20999815,0.009476491,"ELLIPSOIDAL",4,4.73355,null,null,null,null,null,null,null,null,null,null,null,null
375316653866487564,4657206315388632960,0.43813437,2192.7912388996183,1.1855012510999314,1.3071953E-5,18.372454,0.007533994,0.34288654,0.0039661643,0.055904023,0.008862859,0.12799235,0.016626649,0.72066903,0.015901724,0.059837572,0.021094296,0.06388238,0.024227858,null,null,null,null,"TWOGAUSSIANS",8,3.2646883,0.34288654,0.0039661643,0.31306252,0.04963201,0.12799226,0.016626753,0.72066903,0.015901724,0.3350904,0.11568438,0.06388229,0.024228659
375316653866487564,4657206624456086400,0.47864795,2220.53702703178,0.7288567978662311,4.3800654E-5,18.214138,0.0050165625,0.2157464,0.018186642,0.032033697,0.021226903,0.12858577,0.16513352,0.684031,0.0057081766,0.033342082,0.0039963014,0.12552163,0.018145815,null,null,null,null,"TWOGAUSSIANS",8,3.828108,0.2157464,0.018186642,0.17938872,0.11887065,0.12858577,0.16513352,0.684031,0.0057081766,0.18671566,0.022379287,0.12552163,0.018145815
375316653866487564,4657206658815249024,0.5044556,2215.3218875998937,0.24450609564477302,2.5171907E-5,17.445488,0.0029489924,0.17447504,0.013127464,0.017618833,0.011431967,0.1641464,3.1007516,0.6553182,0.0014729932,0.015374196,0.0021236492,0.27747622,0.055503953,null,null,null,null,"TWOGAUSSIANS",8,6.999141,0.6553182,0.0014729932,0.0860955,0.011892435,0.27747622,0.055503953,0.17447504,0.013127464,0.09866547,0.06401902,0.1641464,3.1007516
375316653866487564,4657206796425177984,0.5049151,2190.052212096845,1.2723431110372485,2.679823E-5,18.734423,0.0061441497,0.40901098,0.0036733672,0.08152407,0.0063888016,0.2981884,0.013408048,0.8300253,0.04021137,0.03560043,0.020966113,0.06984134,3.7353508,null,null,null,null,"TWOGAUSSIANS",8,3.9312027,0.40901098,0.0036733672,0.4,0.0,0.29818666,0.013408475,0.8300253,0.04021137,0.19936241,0.117410235,0.06984007,3.735353
375316653866487564,4657206830610830592,0.43820074,2198.61026924193,0.06763062530063103,1.1506039E-4,18.281075,0.015742915,0.44758698,0.029465046,0.102215774,0.0336755,0.14135697,0.020046147,0.77726215,0.08053274,0.034976933,0.03600105,0.076593004,0.10665827,null,null,null,null,"TWOGAUSSIANS",8,7.77183,0.44758698,0.029403241,0.4,0.0,0.14135487,0.02004326,0.77726215,0.08053274,0.19587082,0.20160589,0.07736975,0.10681676
375316653866487564,4657206865144610688,0.44536704,2162.750536688778,0.1270067575733927,3.685301E-5,19.38608,0.019845141,0.3328534,0.008441705,0.0152464425,0.005382128,0.13986102,0.051809747,0.74545205,0.02103284,0.07072363,0.025478223,0.17535868,0.030967241,null,null,null,null,"TWOGAUSSIANS",8,3.7323692,0.74545205,0.02103284,0.39605233,0.09457781,0.17535868,0.030967243,0.3328534,0.008441705,0.08538008,0.030139918,0.13986103,0.051809896
375316653866487564,4657206968140516608,0.49893475,2194.6256513305407,1.008739990782936,1.31936595E-5,17.707375,0.3088284,0.25419232,0.0059413393,0.15928994,0.039853152,0.39669722,0.26933637,0.75494134,0.002454923,0.19079429,0.06912933,0.41207692,0.29997054,null,null,null,null,"TWOGAUSSIANS",8,3.2466686,0.25391233,0.0071200286,0.4,0.0,0.13371962,0.015332533,0.7551013,0.0024669787,0.4,0.0,0.12826349,0.010405692
375316653866487564,4657207243018452608,0.46697503,2183.000039255692,0.6426339580734377,2.618304E-5,18.835432,0.0044227983,0.21325867,0.0076396368,0.042388473,0.006965004,0.14581542,0.022585101,0.7201293,0.009632321,0.04312078,0.012786609,0.11255577,0.01113088,null,null,null,null,"TWOGAUSSIANS",8,2.189464,0.21325867,0.0076396368,0.23737545,0.039004024,0.14581542,0.022585107,0.7201293,0.009632321,0.24147637,0.07160501,0.112555765,0.0111309
375316653866487564,4657207346100736256,0.44637957,2170.818785656031,0.5547214126783899,3.884009E-5,19.001778,0.024625378,0.23593566,0.0104009155,0.09688093,0.017330863,0.18175936,0.04527873,0.78279227,0.016977765,0.08957592,0.022411067,0.13171409,0.026962042,null,null,null,null,"TWOGAUSSIANS",8,3.5784607,0.23593566,0.010400386,0.4,0.0,0.17754552,0.045195747,0.7828022,0.016958756,0.4,0.0,0.12750313,0.026293337
375316653866487564,4657207517899436800,0.46726057,2174.7553101278936,1.642234304826038,4.908237E-5,18.627209,0.0054711993,0.18141687,0.013012873,0.008840296,0.006955222,0.08150937,0.04247053,0.5084606,0.010830759,0.113540724,0.010850267,0.122534424,0.011561933,null,null,null,null,"TWOGAUSSIANS",8,2.60174,0.5084606,0.010830759,0.4,0.0,0.12251935,0.011567072,0.18146686,0.012981153,0.049505662,0.038949244,0.08343027,0.04217811
375316653866487564,4657207762681454208,0.5742182,2166.1112303810223,0.9218170836433796,9.851036E-6,18.061016,0.007931515,0.34138486,8.188754E-4,0.048784263,0.0010980744,0.5153811,0.008633603,0.83755773,0.002046235,0.053370595,0.0027123943,0.45628026,0.015903726,null,null,null,null,"TWOGAUSSIANS",8,5.6061344,0.34138486,8.188754E-4,0.27319187,0.006149216,0.51537603,0.008631211,0.83755773,0.002046235,0.29887533,0.015189408,0.4562752,0.015904626
375316653866487564,4657208037559713664,0.5475995,2183.3343000845584,0.6222398650310016,7.0869214E-6,15.983005,0.0030566338,0.30457336,0.0042846845,0.08145456,0.0069342135,0.25953066,0.030484337,0.8034278,0.0016080792,0.05243086,0.00249302,0.30547574,0.014881517,null,null,null,null,"TWOGAUSSIANS",8,13.745117,0.8034278,0.0016080792,0.2936128,0.013960911,0.30498725,0.014997579,0.30457336,0.0042846845,0.4,0.0,0.2590422,0.030754695
375316653866487564,4657208209358356352,0.4856385,2208.654928847492,1.013476003395533,3.3342378E-5,18.419,0.01345731,0.26245245,0.008651602,0.058271036,0.009357324,0.28076038,0.03667784,0.74953145,0.02996808,0.058396753,0.013161486,0.48198926,0.21796666,null,null,null,null,"TWOGAUSSIANS",8,11.353223,0.74953145,0.02996808,0.3270218,0.073704325,0.48194262,0.21779662,0.26245245,0.008651602,0.32631782,0.05240101,0.28071374,0.03666167
375316653866487564,4657208239534031744,0.4171417,2230.445364642044,1.6396542577957665,3.5614412E-5,18.88338,0.010747285,0.28832564,0.020575026,0.024921285,0.025261745,0.16201381,0.12662351,0.8297984,0.007913035,0.07327622,0.01313842,0.096689396,0.021883745,null,null,null,null,"TWOGAUSSIANS",8,3.5877783,0.28832564,0.020575026,0.1395592,0.14146577,0.16201375,0.12662867,0.8297984,0.007913035,0.4,0.034978174,0.09668935,0.021882802
375316653866487564,4657208965217775744,0.4513781,2253.9748411214155,0.15000104136244705,2.7449752E-5,17.589308,0.011100346,0.1642961,0.005933111,0.047665533,0.012151191,0.110438064,0.10064077,0.6415858,0.02314683,0.12950556,0.06520114,0.057489064,0.008743536,null,null,null,null,"TWOGAUSSIANS",8,3.219811,0.1643261,0.0059144855,0.26692697,0.068046674,0.10898819,0.10082909,0.6415858,0.02314683,0.4,0.0,0.05595791,0.0097471
375316653866487564,4657209240150280064,0.46162257,2229.0963090807254,4.031103696198417,1.8615703E-5,19.372183,0.024000507,0.3445428,0.033288803,0.114309415,0.047535114,0.10646862,0.023321396,0.86392653,0.0056236605,0.054043554,0.011293582,0.20913613,0.018937323,null,null,null,null,"TWOGAUSSIANS",8,1.882995,0.86393654,0.0056498633,0.3026439,0.06324406,0.20708214,0.014536642,0.3445428,0.033288803,0.4,0.0,0.104395695,0.017421262
375316653866487564,4657209338872433152,0.44919363,2226.4022702685993,0.13679878434034343,1.878385E-5,17.86592,0.0049793255,0.37932348,0.014576827,0.04606792,0.0073072156,0.14373626,0.041951958,0.7980897,0.0145513695,0.08890988,0.016831787,0.07526095,0.009297541,null,null,null,null,"TWOGAUSSIANS",8,3.7883556,0.37932348,0.014576684,0.25798035,0.040920407,0.1437208,0.041941736,0.7980897,0.0145513695,0.4,0.0,0.075244345,0.009297797
375316653866487564,4657209824211040512,0.4734362,2195.209637987022,0.8654321906117914,3.552451E-5,17.35231,0.11469068,0.3693608,0.0075077657,0.11743085,0.05725157,0.13127536,0.111772746,0.86594015,0.0074179596,0.093887545,0.04931712,0.08642678,0.10647875,null,null,null,null,"TWOGAUSSIANS",8,6.08953,0.3693608,0.007514364,0.4,0.0,0.118597165,0.014630446,0.86594015,0.0074179596,0.4,0.0,0.07377907,0.014576515
375316653866487564,4657209996064306176,0.45119208,2129.0180919661284,0.9174270626808534,1.6364071E-4,18.96092,0.006145028,0.20241447,0.030829357,0.029648304,0.016927999,0.19305503,0.1333651,0.7037307,0.0011643064,0.035361227,0.0028484398,0.20408037,0.013087736,null,null,null,null,"TWOGAUSSIANS",8,2.741391,0.7037307,0.0011643064,0.19802286,0.015951265,0.20408037,0.013087736,0.20241447,0.030829357,0.1660305,0.09479679,0.19305503,0.1333651
375316653866487564,4657210129187146240,0.5352816,2196.9897516263118,4.5056958715044795,5.15204E-5,19.2435,0.005075102,0.37730742,0.0038397817,0.04109744,0.010326092,0.084248155,0.025879817,0.7518452,0.01703743,0.03129239,0.028894246,0.75288045,0.6710721,null,null,null,null,"TWOGAUSSIANS",8,1.2229903,0.7518452,0.01703743,0.17523737,0.16180778,0.75288045,0.6710721,0.37730742,0.0038397817,0.23014566,0.057826113,0.084248155,0.025879819
375316653866487564,4657210270887316992,0.5308477,2153.8202920020553,0.2489942014577938,9.112051E-5,18.957214,0.0078532435,0.2664882,0.16859846,0.13936336,0.15638839,0.030635843,0.0095442,0.36651632,0.014951748,0.018754011,0.011429852,0.43751967,0.13042791,null,null,null,null,"TWOGAUSSIANS",8,1.553823,0.36651632,0.014951748,0.10502246,0.06400717,0.46110043,0.14747153,0.2665382,0.24061802,0.4,0.12547894,0.030537922,0.70808065
375316653866487564,4657210270942217984,0.56595796,2146.1424299107166,0.4796388542990159,1.17214095E-5,16.46444,0.0036220413,0.23738332,0.0030704672,0.019178506,0.007990839,0.03665888,0.008599309,0.7323256,0.004876538,0.03148543,0.004280567,0.126187,0.018960642,0.06827426,0.00597038,0.23738332,0.0030704672,"TWOGAUSSIANS_WITH_ELLIPSOIDAL_ON_ECLIPSE1",9,8.105254,0.7327156,0.004464967,0.17631842,0.023971176,0.26260838,0.019313022,0.23738332,0.0030704672,0.107399635,0.044748697,0.17320734,0.0068220873
375316653866487564,4657210442765879552,0.43568215,2171.8157329815335,0.36724986205139537,9.781115E-6,19.437351,0.02380087,0.44702148,0.002345152,0.059047442,0.0038871001,0.49450094,0.052188605,0.7881183,0.032673992,0.11660299,0.055986416,0.10513912,0.023190934,null,null,null,null,"TWOGAUSSIANS",8,3.141934,0.44728148,0.0018426892,0.33066568,0.021767762,0.49567956,0.055004068,0.7881183,0.032673992,0.4,0.0,0.10485564,0.022826934
375316653866487564,4657210644582875136,0.45289704,2187.753552618546,0.31473151350185624,1.5185776E-5,19.701155,0.02934212,0.14479141,0.0045963097,0.035750207,0.009225799,0.3007651,0.034832694,0.6273909,0.011323371,0.030449698,0.00884966,0.22906289,0.073135145,null,null,null,null,"TWOGAUSSIANS",8,5.6329336,0.14479141,0.0045963097,0.20020115,0.051664475,0.3007651,0.034832694,0.6273909,0.011323371,0.17051831,0.049558096,0.22906289,0.073135145
375316653866487564,4657210781984611072,0.4792687,2167.0206093830275,0.18286034217465816,1.893102E-5,19.207804,0.02179361,0.36088207,0.00896796,0.17107245,0.020906428,0.24517095,0.020159347,0.86140466,8.8398365E-6,0.0029961504,4.7148124E-4,1.203158,0.87886226,null,null,null,null,"TWOGAUSSIANS",8,2.911878,0.86140466,8.8398365E-6,0.016778443,0.002640295,1.2029752,0.878988,0.36088207,0.00896796,0.4,0.0,0.2381402,0.01565315
375316653866487564,4657210855002796160,0.41848475,2155.3981690930063,1.3603613808870016,5.926991E-5,18.959454,0.14512397,0.13916013,0.012718369,0.033461023,0.0073724356,0.09176085,0.03436959,0.5762788,0.019254176,0.28551775,0.111818284,0.23887667,0.13579802,null,null,null,null,"TWOGAUSSIANS",8,7.3236327,0.5762788,0.019254176,0.4,0.0,0.13396004,0.03513583,0.14118013,0.013504554,0.18738173,0.04128564,0.094182014,0.03510536
375316653866487564,4657210923777249792,0.546952,2188.5262330235623,0.19884613543780996,5.5416636E-5,18.983406,0.008853685,0.33315635,0.008827348,0.026453646,0.0075822533,0.053455137,0.013192593,0.8035938,0.025584256,0.030025756,0.014097602,0.6549798,0.18072107,null,null,null,null,"TWOGAUSSIANS",8,3.4360077,0.8035938,0.025584256,0.16814423,0.07894657,0.6549798,0.18072107,0.33315635,0.008827348,0.14814042,0.04246062,0.053455137,0.013192593
375316653866487564,4657211267374433536,0.47339642,2170.8487332870654,0.579523085247152,3.4130742E-5,19.577662,0.029598124,0.26928127,0.0039496627,0.072100714,0.008548359,0.28966329,0.03207419,0.7892835,0.026119364,0.09679596,0.031672295,0.19829553,0.028721742,null,null,null,null,"TWOGAUSSIANS",8,1.946485,0.26928127,0.0039496627,0.4,0.026108975,0.28565764,0.026198748,0.7892835,0.026119364,0.4,0.0,0.1942889,0.027150363
375316653866487564,4657211301679042304,0.46755028,2172.2133180517244,0.23477011228187733,2.322934E-5,18.355745,0.014104666,0.2517673,0.010204404,0.105282314,0.020631755,0.08791161,0.014134149,0.7316845,0.013375475,0.09598719,0.025350677,0.0862899,0.01441208,null,null,null,null,"TWOGAUSSIANS",8,1.4965676,0.2517673,0.010199048,0.4,0.0,0.08173453,0.0071933353,0.7316845,0.013375475,0.4,0.0,0.0801156,0.008478737
375316653866487564,4657211400551505408,0.4210035,2181.2944114549355,0.4780929532856709,1.7290364E-5,19.225773,0.010365097,0.39297298,0.009773704,0.04614775,0.0080841845,0.09424195,0.014525492,0.8616128,4.3143172E-4,0.012245364,0.0020966919,0.37358734,0.0787643,null,null,null,null,"TWOGAUSSIANS",8,4.96964,0.8616128,4.3143172E-4,0.06857403,0.011741474,0.37358734,0.0787643,0.39297298,0.009773704,0.25842738,0.04527143,0.09424195,0.014525492
375316653866487564,4657211473532839424,0.61909825,2207.849633262701,0.7595436767030156,2.7608678E-5,18.666645,0.006938877,0.22259344,0.002958758,0.033318285,0.0027426172,0.5810888,0.02511422,0.7188001,0.012444603,0.037854284,0.007117132,0.5624988,0.10757806,0.038580418,0.009459595,0.22259344,0.002958758,"TWOGAUSSIANS_WITH_ELLIPSOIDAL_ON_ECLIPSE1",9,1.8032101,0.22259344,0.002958758,0.18658239,0.015358656,0.65824956,0.02070507,0.7188601,0.012304728,0.211984,0.03985594,0.63961643,0.10543094
