Gaia/vari_eclipsing_binary/VariEclipsingBinary_664985-665011.csv
# %ECSV 1.0
# ---
# delimiter: ','
# meta: !!omap
# - RELEASE: Gaia DR3
# - TABLE: vari_eclipsing_binary
# - DESCRIPTION: >
#     This table describes the properties of the eclipsing binaries resulting from the variability analysis. 
# - CITATION: >
#     How to cite and acknowledge Gaia: 
#     https://gea.esac.esa.int/archive/documentation/credits.html 
# - KNOWN_ISSUES: >
#     Known issues: 
#     https://www.cosmos.esa.int/web/gaia-users/known-issues 
# - DOCUMENTATION: >
#     Tutorials and documentation: 
#     https://www.cosmos.esa.int/web/gaia-users/archive 
# datatype:
# - 
#   name: solution_id
#   datatype: int64
#   description: Solution Identifier
#   meta:
#     ucd: meta.version
# - 
#   name: source_id
#   datatype: int64
#   description: Unique source identifier
#   meta:
#     ucd: meta.id;meta.main
# - 
#   name: global_ranking
#   datatype: float32
#   description: Number between 0 (worst) and 1 (best)
#   meta:
#     ucd: stat.param
# - 
#   name: reference_time
#   datatype: float64
#   unit: d
#   description: Reference time used for the geometric model fit
#   meta:
#     ucd: time.epoch
# - 
#   name: frequency
#   datatype: float64
#   unit: d**-1
#   description: Frequency of geometric model of the eclipsing binary light curve
#   meta:
#     ucd: src.orbital
# - 
#   name: frequency_error
#   datatype: float32
#   unit: d**-1
#   description: "Uncertainty of \\texttt{frequency}"
#   meta:
#     ucd: stat.error
# - 
#   name: geom_model_reference_level
#   datatype: float32
#   unit: mag
#   description: Magnitude reference level of geometric model
#   meta:
#     ucd: phot.mag;em.opt
# - 
#   name: geom_model_reference_level_error
#   datatype: float32
#   unit: mag
#   description: "Uncertainty of \\texttt{geomModelReferenceLevel}"
#   meta:
#     ucd: stat.error;phot.mag;em.opt
# - 
#   name: geom_model_gaussian1_phase
#   datatype: float32
#   description: Phase of the Gaussian 1 component
#   meta:
#     ucd: time.phase
# - 
#   name: geom_model_gaussian1_phase_error
#   datatype: float32
#   description: "Uncertainty of \\texttt{geomModelGaussian1Phase}"
#   meta:
#     ucd: stat.error;time.phase
# - 
#   name: geom_model_gaussian1_sigma
#   datatype: float32
#   description: "Standard deviation [phase] of Gaussian 1 component"
#   meta:
#     ucd: stat.stdev
# - 
#   name: geom_model_gaussian1_sigma_error
#   datatype: float32
#   description: "Uncertainty of \\texttt{geomModelGaussian1Sigma}"
#   meta:
#     ucd: stat.error
# - 
#   name: geom_model_gaussian1_depth
#   datatype: float32
#   unit: mag
#   description: Magnitude depth of Gaussian 1 component
#   meta:
#     ucd: src.var.amplitude
# - 
#   name: geom_model_gaussian1_depth_error
#   datatype: float32
#   unit: mag
#   description: "Uncertainty of \\texttt{geomModelGaussian1Depth}"
#   meta:
#     ucd: stat.error;src.var.amplitude
# - 
#   name: geom_model_gaussian2_phase
#   datatype: float32
#   description: Phase of Gaussian 2 component
#   meta:
#     ucd: time.phase
# - 
#   name: geom_model_gaussian2_phase_error
#   datatype: float32
#   description: "Uncertainty of \\texttt{geomModelGaussian2Phase}"
#   meta:
#     ucd: stat.error;time.phase
# - 
#   name: geom_model_gaussian2_sigma
#   datatype: float32
[...]
#   datatype: float32
#   description: "Secondary eclipse: uncertainty of \\texttt{derivedSecondaryEclDuration}"
#   meta:
#     ucd: stat.error;time.duration
# - 
#   name: derived_secondary_ecl_depth
#   datatype: float32
#   unit: mag
#   description: "Secondary eclipse: depth"
#   meta:
#     ucd: src.var.amplitude
# - 
#   name: derived_secondary_ecl_depth_error
#   datatype: float32
#   unit: mag
#   description: "Secondary eclipse: uncertainty of \\texttt{derivedSecondaryEclDepth}"
#   meta:
#     ucd: stat.error;src.var.amplitude
solution_id,source_id,global_ranking,reference_time,frequency,frequency_error,geom_model_reference_level,geom_model_reference_level_error,geom_model_gaussian1_phase,geom_model_gaussian1_phase_error,geom_model_gaussian1_sigma,geom_model_gaussian1_sigma_error,geom_model_gaussian1_depth,geom_model_gaussian1_depth_error,geom_model_gaussian2_phase,geom_model_gaussian2_phase_error,geom_model_gaussian2_sigma,geom_model_gaussian2_sigma_error,geom_model_gaussian2_depth,geom_model_gaussian2_depth_error,geom_model_cosine_half_period_amplitude,geom_model_cosine_half_period_amplitude_error,geom_model_cosine_half_period_phase,geom_model_cosine_half_period_phase_error,model_type,num_model_parameters,reduced_chi2,derived_primary_ecl_phase,derived_primary_ecl_phase_error,derived_primary_ecl_duration,derived_primary_ecl_duration_error,derived_primary_ecl_depth,derived_primary_ecl_depth_error,derived_secondary_ecl_phase,derived_secondary_ecl_phase_error,derived_secondary_ecl_duration,derived_secondary_ecl_duration_error,derived_secondary_ecl_depth,derived_secondary_ecl_depth_error
[from data line 72]
375316653866487564,5849301598056099072,0.52457887,2260.311840855288,2.6968700995408983,9.658408E-6,17.978825,0.013772408,0.26386285,0.004038969,0.09092041,0.0064476347,0.33309197,0.015201364,0.75946474,0.0034218945,0.09656139,0.0056340736,0.352246,0.01530337,null,null,null,null,"TWOGAUSSIANS",8,11.566641,0.75946474,0.0034218945,0.4,0.0,0.33387408,0.012765039,0.26386285,0.004038969,0.4,0.0,0.314721,0.013307053
375316653866487564,5849301808558869760,0.4794002,2269.8692250693775,0.610555122510809,1.5292439E-5,16.564806,0.0016179013,0.22216175,0.0075812656,0.0149950115,0.008226275,0.023714656,0.013596847,0.73475754,0.018193837,0.02920342,0.0058851736,0.30350065,0.17004748,0.015500296,0.0024456019,0.22216175,0.0075812656,"TWOGAUSSIANS_WITH_ELLIPSOIDAL_ON_ECLIPSE1",9,12.15195,0.73475754,0.018193837,0.16353916,0.032956973,0.33430743,0.16873449,0.22216175,0.0075812656,0.08397207,0.04606714,0.054715205,0.013364764
375316653866487564,5849301980337905664,0.5369343,2276.7000749930926,3.4536710869257337,6.2679496E-6,18.538252,0.0053446265,0.22643293,0.0031145532,0.07208036,0.0044585243,0.36219716,0.023046734,0.71565336,0.0035513795,0.07145687,0.004777871,0.318866,0.012141692,null,null,null,null,"TWOGAUSSIANS",8,3.1008997,0.22643293,0.0031145532,0.4,0.0019461544,0.36098748,0.023443311,0.71565336,0.0035513795,0.4,0.018615557,0.31765634,0.012314538
375316653866487564,5849301980357793280,0.6225439,2238.9595205145743,0.41216046321335187,1.1501385E-5,12.992276,0.0019365179,0.32450292,0.0012434445,0.022369273,0.0035392134,0.043747935,0.0030456153,0.82716984,0.0027221732,0.01533902,0.0013189411,0.2640971,0.011188536,null,null,null,null,"TWOGAUSSIANS",8,34.18611,0.82716984,0.0027221732,0.08589851,0.00738607,0.2640971,0.011188536,0.32450292,0.0012434445,0.12526792,0.019819595,0.043747935,0.0030456153
375316653866487564,5849302049057471104,0.5479143,2259.504438029575,0.28356646911971173,8.586658E-6,18.888836,0.002739377,0.21150447,5.453893E-4,0.018895004,9.960805E-4,0.42190123,0.0048564086,0.41674593,0.060704567,0.05066268,0.035093926,0.00782456,0.0054431777,null,null,null,null,"TWOGAUSSIANS",8,1.3754451,0.21150447,5.453893E-4,0.10581203,0.0055780504,0.42190337,0.0048553543,0.41674593,0.060704567,0.28371102,0.19652599,0.00782456,0.0054431777
375316653866487564,5849302289595232640,0.46157435,2246.1295274722456,1.0058733882571602,1.5438358E-5,17.50302,0.0020440633,0.24287763,0.004187059,0.05870913,0.0050232057,0.045493554,0.0031168107,0.73089486,0.02289913,0.07895334,0.016343737,0.024901977,0.007825955,null,null,null,null,"TWOGAUSSIANS",8,2.1176589,0.24287763,0.004187059,0.3287711,0.028129952,0.045430843,0.0030941367,0.73089486,0.02289913,0.4,0.008923838,0.024839267,0.007850676
375316653866487564,5849304175036929792,0.49749857,2263.561048895199,1.3396452943556674,1.7677485E-5,16.809217,0.0012629016,0.25562137,0.005801107,0.06449829,0.004184824,0.085097946,0.006297905,0.77149814,0.0071521085,0.0637524,0.0061737075,0.037133887,0.002028046,null,null,null,null,"TWOGAUSSIANS",8,3.3540764,0.25562137,0.005801107,0.36119044,0.023435013,0.08506357,0.00630048,0.77149814,0.0071521085,0.3570134,0.03457276,0.037099507,0.0020164768
375316653866487564,5849304209410071680,0.5406999,2268.097905905949,3.468212525924768,8.127875E-6,19.52738,0.0087989215,0.27286157,0.0023503029,0.07198244,0.003648462,0.47332367,0.022422282,0.78095806,0.0064197686,0.07082866,0.0052324897,0.5120692,0.018388603,null,null,null,null,"TWOGAUSSIANS",8,1.7072524,0.78095806,0.0064197686,0.3966405,0.025442522,0.5103134,0.018041963,0.27286157,0.0023503029,0.4,0.0049939174,0.47156784,0.02265842
375316653866487564,5849304729136998528,0.5432862,2287.9297221885154,2.5729127124703046,1.0623066E-5,17.117405,0.011255339,0.24767525,0.0075770053,0.05388392,0.008776724,0.13906518,0.026938688,0.7272138,0.0028350584,0.053722188,0.013951572,0.09652461,0.024809886,0.089487284,0.014156769,0.7272138,0.0028350584,"TWOGAUSSIANS_WITH_ELLIPSOIDAL_ON_ECLIPSE2",9,19.592018,0.24302526,0.006156635,0.30174994,0.04914966,0.31575945,0.02290366,0.7272138,0.0028350584,0.30084425,0.0781288,0.27549636,0.018972041
375316653866487564,5849305313236251776,0.45791188,2279.3513375962566,1.6954653221560751,1.9765199E-5,19.677046,0.02141787,0.24413458,0.006532332,0.06646741,0.011812193,0.26146972,0.027898183,0.7045628,0.015831113,0.109543115,0.023458865,0.1907968,0.019978015,null,null,null,null,"TWOGAUSSIANS",8,3.2772489,0.24415457,0.006517879,0.37221754,0.06614828,0.25773555,0.02860778,0.7045628,0.015831113,0.4,0.0,0.18703377,0.017635968
375316653866487564,5849305824304369920,0.56089574,2287.1213650983286,2.512713693574659,7.2550947E-6,17.67194,0.0075877733,0.23679744,0.0029251853,0.047886595,0.006154429,0.18669793,0.020230839,0.7239951,0.005832636,0.05316968,0.0063831676,0.18190612,0.020370966,0.09323971,0.012067341,0.23679744,0.0029251853,"TWOGAUSSIANS_WITH_ELLIPSOIDAL_ON_ECLIPSE1",9,9.402071,0.23679744,0.0029251853,0.26816493,0.034464803,0.37317598,0.009424841,0.7263751,0.0044948705,0.2977502,0.03574574,0.36740348,0.009272004
375316653866487564,5849306137870330368,0.5323715,2284.6649097501318,3.6033946690261485,9.584935E-6,19.768908,0.010464162,0.297538,0.0028223793,0.06887099,0.0032711823,0.59803814,0.02734931,0.7994828,0.0026279965,0.06978142,0.0049209185,0.5092877,0.019638548,null,null,null,null,"TWOGAUSSIANS",8,2.063327,0.297538,0.0028223793,0.38567758,0.018318621,0.59646535,0.027472366,0.7994828,0.0026279965,0.39077598,0.027557142,0.507715,0.019929586
375316653866487564,5849306202278633088,0.53195375,2299.03408807316,3.8728186408198275,1.4317066E-5,19.342386,0.010379566,0.24312708,0.0029580859,0.08477429,0.0042872843,0.35662854,0.011737415,0.74079496,0.004703269,0.07545225,0.0057841535,0.40644535,0.023403643,null,null,null,null,"TWOGAUSSIANS",8,2.3118474,0.74079496,0.004703269,0.4,0.0,0.4008924,0.024297671,0.24312708,0.0029580859,0.4,0.0,0.3510756,0.010717691
375316653866487564,5849306344045327616,0.5266145,2280.658048101046,2.896960155339934,1.2478096E-5,17.133556,0.016875379,0.26376262,0.0053185243,0.09410369,0.010987315,0.22251034,0.016346356,0.75870943,0.004934489,0.105327725,0.010253452,0.20004414,0.01598791,null,null,null,null,"TWOGAUSSIANS",8,13.299065,0.26376262,0.0053185243,0.4,0.0,0.20552665,0.01008008,0.75870943,0.004934489,0.4,0.0,0.18305556,0.0075708595
375316653866487564,5849306481484273280,0.4706631,2296.3521168386665,2.559122175873442,1.4665353E-5,16.201864,0.013426716,0.25276527,0.010529215,0.039619822,0.013320456,0.16483387,0.040262524,0.77425617,0.0073537785,0.045789488,0.015817903,0.188936,0.03792081,0.064404435,0.018569922,0.77425617,0.0073537785,"TWOGAUSSIANS_WITH_ELLIPSOIDAL_ON_ECLIPSE2",9,236.53961,0.77425617,0.0073537785,0.25642115,0.08858026,0.31774452,0.04210132,0.25464526,0.009163352,0.22187099,0.07459456,0.2915111,0.038376085
375316653866487564,5849306515828458880,0.5107643,2251.611518564598,1.7514792008088476,1.0945881E-5,18.813488,0.006254588,0.32050538,0.031703897,0.053152476,0.016345793,0.09393315,0.02252535,0.80607206,0.0024219214,0.060575534,0.00477293,0.31198677,0.0106565915,null,null,null,null,"TWOGAUSSIANS",8,4.464186,0.80607206,0.0024219214,0.339223,0.026728407,0.31197408,0.010664722,0.32050538,0.031703897,0.29765385,0.09153644,0.09392043,0.02247678
375316653866487564,5849306545861098240,0.6301054,2291.8679520107003,2.762503255261503,2.7910366E-6,17.898603,0.011482595,0.22262643,0.0010937282,0.04323031,0.0035834813,0.28801426,0.024059378,0.7224386,0.0019076883,0.04654349,0.0052865846,0.37962806,0.023286683,0.13796635,0.014794119,0.22262643,0.0010937282,"TWOGAUSSIANS_WITH_ELLIPSOIDAL_ON_ECLIPSE1",9,5.946405,0.72245854,0.0017301267,0.26064354,0.029604873,0.6555599,0.03551177,0.22262643,0.0010937282,0.24208975,0.020067496,0.5639465,0.008551324
375316653866487564,5849307477916351872,0.57443905,2253.8276209448563,3.453923812011428,8.321542E-6,19.314072,0.011031159,0.2351677,0.0026843857,0.07163331,0.0033687397,0.58877814,0.01630474,0.73538226,0.0024337643,0.06523025,0.0034942636,0.46889433,0.020998852,null,null,null,null,"TWOGAUSSIANS",8,2.3795896,0.2351677,0.0026843857,0.4,0.010581846,0.5874517,0.016211648,0.73538226,0.0024337643,0.3652894,0.019567875,0.46756786,0.02094955
375316653866487564,5849307993312441600,0.5613434,2263.102425267926,1.417132443558109,5.695258E-6,15.379529,0.014060651,0.24982913,0.0043531596,0.116263375,0.014695085,0.14683634,0.010015214,0.750475,0.0015103397,0.094261855,0.006644817,0.1792532,0.012700116,null,null,null,null,"TWOGAUSSIANS",8,19.960415,0.750475,0.0015103397,0.4,0.0,0.16047361,0.00409095,0.24982913,0.0043531596,0.4,0.0,0.12802872,0.0073936237
375316653866487564,5849308233830637312,0.5719159,2255.6496318087893,2.797910838917675,5.844825E-6,16.837488,0.01012252,0.256851,0.0018994834,0.10253414,0.006585402,0.22277935,0.00801642,0.76106024,0.002798914,0.096323036,0.005613758,0.22134,0.009905674,null,null,null,null,"TWOGAUSSIANS",8,6.283848,0.256851,0.0018994834,0.4,0.0,0.20494501,0.006938133,0.76106024,0.002798914,0.4,0.0,0.20350814,0.004938769
375316653866487564,5849308302550120704,0.60765237,2253.532817868042,0.36632434118541735,2.8829538E-6,16.332071,0.001020226,0.4633082,0.026199488,0.048988443,0.03017894,0.011210031,0.007062719,0.67234915,5.079444E-4,0.020882152,4.7262746E-4,0.30750823,0.005108877,null,null,null,null,"TWOGAUSSIANS",8,4.6374545,0.67234915,5.079444E-4,0.11694005,0.0026467138,0.30750948,0.005109151,0.4633082,0.026199488,0.27433527,0.16900207,0.011210031,0.007062719
375316653866487564,5849308366925528576,0.599456,2286.7370902641915,1.8763387590023757,3.014756E-6,14.127362,0.008961907,0.2408352,0.0011418486,0.1113653,0.005536415,0.1289193,0.00848647,0.7439056,0.0014954875,0.12319476,0.0069605983,0.13787821,0.0083094025,null,null,null,null,"TWOGAUSSIANS",8,11.020796,0.7439156,0.0015021287,0.4,0.0,0.11114345,0.001686147,0.2408152,0.0011495035,0.4,0.0,0.10224704,0.0016989433
375316653866487564,5849308680507746432,0.5631656,2297.2370512645634,2.610187566154602,3.839002E-6,15.011971,0.020415097,0.24328662,0.0036313098,0.054919213,0.01073033,0.1767841,0.038984276,0.7501579,0.0027168351,0.056528952,0.010967799,0.119277894,0.045832526,0.098630115,0.023958214,0.7501579,0.0027168351,"TWOGAUSSIANS_WITH_ELLIPSOIDAL_ON_ECLIPSE2",9,153.35683,0.24472663,0.0026214244,0.3075476,0.060089845,0.37374303,0.022726435,0.7501579,0.0027168351,0.31656212,0.061419677,0.31652722,0.013947114
375316653866487564,5849308882321546240,0.48441544,2243.553525497735,1.1588393535814765,1.5956402E-5,15.702917,0.001393642,null,null,null,null,null,null,null,null,null,null,null,null,0.03165188,0.0019132922,0.18419768,0.0045150183,"ELLIPSOIDAL",4,22.799099,null,null,null,null,null,null,null,null,null,null,null,null
375316653866487564,5849309638235470848,0.5961944,2313.6755558531995,1.5830445335212664,4.320435E-6,17.769129,0.003642921,0.23373145,0.0023320187,0.08276234,0.0026866435,0.23086493,0.0048762774,0.7332533,0.0017969079,0.08892715,0.0027443438,0.28595015,0.008368729,null,null,null,null,"TWOGAUSSIANS",8,2.6646755,0.7332533,0.0017969079,0.4,0.0,0.2785893,0.008832213,0.23373145,0.0023320187,0.4,0.0,0.22350416,0.004467301
375316653866487564,5849309741314744704,0.45842785,2272.649718990452,3.9398397219635033,2.3418472E-5,18.510637,0.0040560565,null,null,null,null,null,null,null,null,null,null,null,null,0.07491729,0.005441042,0.21512349,0.0063662506,"ELLIPSOIDAL",4,8.482083,null,null,null,null,null,null,null,null,null,null,null,null
375316653866487564,5849310084912216960,0.496258,2296.7285620864227,0.4786953979109005,2.8274658E-6,18.207788,0.0028344053,0.41559315,0.008693217,0.008529524,0.007165164,0.082195215,1.0064596E8,0.5795316,0.0010397849,0.02243847,0.0012486719,0.39610046,0.03376856,null,null,null,null,"TWOGAUSSIANS",8,9.185686,0.5795316,0.0010397849,0.12565543,0.006992563,0.39610046,0.03376856,0.41559315,0.008693217,0.047765337,0.04012492,0.082195215,1.0064596E8
375316653866487564,5849310432836740480,0.4269492,2325.9011550875975,2.02176511343707,1.9706027E-5,17.77917,0.016708894,0.21962109,0.005307141,0.017594209,0.010324979,0.67324257,0.3651731,0.5709694,0.017761149,0.0067657586,0.011509113,0.5074401,0.25400215,null,null,null,null,"TWOGAUSSIANS",8,9.674007,0.21962109,0.005307141,0.09852757,0.05781988,0.67324257,0.3651731,0.5709694,0.017761149,0.037888248,0.06445103,0.5074401,0.25400215
375316653866487564,5849310879512312704,0.5248097,2297.5157500515443,2.2762902718685623,6.584787E-6,18.889875,0.0060359435,0.2525666,0.002549267,0.06639838,0.0030772798,0.3007376,0.016007584,0.7547813,0.0066547655,0.08624157,0.010328232,0.14122438,0.018976856,null,null,null,null,"TWOGAUSSIANS",8,2.1854818,0.2525666,0.002549267,0.37183094,0.017232766,0.29902425,0.015942961,0.7547813,0.0066547655,0.4,0.0,0.13951105,0.0194948
375316653866487564,5849311051329357696,0.50756234,2279.1695524779248,2.368598212846235,1.32493815E-5,17.01548,0.31551513,0.2694657,0.0036407122,0.15909602,0.070641086,0.2923172,0.31106257,0.76624256,0.0042676367,0.12843478,0.03590164,0.30366075,0.26803246,null,null,null,null,"TWOGAUSSIANS",8,15.046428,0.76624256,0.0042676367,0.4,0.0,0.18048948,0.008539987,0.26954573,0.0035819826,0.4,0.0,0.1652612,0.0070229005
375316653866487564,5849311257487812224,0.6841356,2270.708760662142,2.1098309053938094,1.5668855E-6,15.376237,0.002208094,0.22890306,4.2358655E-4,0.048294425,0.0014879961,0.14260568,0.0053696632,0.7268224,7.258041E-4,0.05060206,0.0013428074,0.15239368,0.00575144,0.110770196,0.0032158785,0.22890306,4.2358655E-4,"TWOGAUSSIANS_WITH_ELLIPSOIDAL_ON_ECLIPSE1",9,8.920031,0.72729236,5.5900856E-4,0.28337154,0.0075197215,0.37390393,0.0035235402,0.22890306,4.2358655E-4,0.27044877,0.008332778,0.3641452,0.004085446
375316653866487564,5849311635444955008,0.56154406,2255.8946209871083,2.1832295922032605,4.7992885E-6,18.063797,0.001715954,0.21810572,0.036463715,0.06882724,0.036704298,0.01623463,0.006995971,0.9316217,7.20034E-4,0.00389233,3.7252015E-4,0.46044797,0.038305536,null,null,null,null,"TWOGAUSSIANS",8,1.8978938,0.9316217,7.20034E-4,0.021797048,0.002086113,0.46045077,0.038305636,0.21810572,0.036463715,0.38543257,0.19837612,0.01623463,0.006995971
375316653866487564,5849311635444955776,0.57534885,2286.9857655019573,0.3167651377488771,1.9216682E-6,12.984241,0.003069405,0.1582981,0.0022037795,0.044634797,0.0027564971,0.10853295,0.008605341,0.6523618,2.8831276E-4,0.048026174,5.0486455E-4,0.43158314,0.0030299872,null,null,null,null,"TWOGAUSSIANS",8,135.37239,0.6523618,2.8831276E-4,0.26894656,0.0028272416,0.43158302,0.0030299332,0.1582981,0.0022037795,0.24995486,0.015436384,0.1085328,0.008605386
375316653866487564,5849311669787510400,0.5099097,2290.4164596067885,1.616172032605223,9.312955E-6,18.90597,0.03165918,0.26224604,0.0039303205,0.10894188,0.019407267,0.18316065,0.027365377,0.7352817,0.004666671,0.09848547,0.01344381,0.27199018,0.028397657,null,null,null,null,"TWOGAUSSIANS",8,2.0032198,0.7352817,0.004666671,0.4,0.0,0.2545902,0.012455596,0.26225603,0.0039279223,0.4,0.0,0.16574723,0.011677651
375316653866487564,5849311704148938112,0.4617688,2283.3776549606137,2.392967149822342,1.9170517E-5,18.897617,0.010883372,0.3498011,0.007315645,0.060035408,0.010115198,0.39590845,0.050674967,0.8347079,0.0067634596,0.046443217,0.009165912,0.14340849,0.021532288,null,null,null,null,"TWOGAUSSIANS",8,12.45432,0.3498011,0.007315645,0.33619827,0.05664511,0.39590427,0.050681006,0.8347079,0.0067634596,0.26008204,0.051329106,0.14340433,0.021534892
375316653866487564,5849311875962937344,0.6115177,2251.9015647456818,0.6353070736573061,2.6332698E-5,16.683018,0.0013721064,0.48067313,0.001114075,0.02529786,0.0015096863,0.58096033,0.03501298,0.91162986,0.0076122815,0.0024825989,0.0056645847,0.10480233,0.41054517,null,null,null,null,"TWOGAUSSIANS",8,6.898144,0.48067313,0.001114075,0.14166802,0.008454244,0.58096033,0.03501298,0.91162986,0.0076122815,0.013902553,0.031721674,0.10480233,0.41054517
