Gaia/vari_eclipsing_binary/VariEclipsingBinary_679930-679972.csv
# %ECSV 1.0
# ---
# delimiter: ','
# meta: !!omap
# - RELEASE: Gaia DR3
# - TABLE: vari_eclipsing_binary
# - DESCRIPTION: >
#     This table describes the properties of the eclipsing binaries resulting from the variability analysis. 
# - CITATION: >
#     How to cite and acknowledge Gaia: 
#     https://gea.esac.esa.int/archive/documentation/credits.html 
# - KNOWN_ISSUES: >
#     Known issues: 
#     https://www.cosmos.esa.int/web/gaia-users/known-issues 
# - DOCUMENTATION: >
#     Tutorials and documentation: 
#     https://www.cosmos.esa.int/web/gaia-users/archive 
# datatype:
# - 
#   name: solution_id
#   datatype: int64
#   description: Solution Identifier
#   meta:
#     ucd: meta.version
# - 
#   name: source_id
#   datatype: int64
#   description: Unique source identifier
#   meta:
#     ucd: meta.id;meta.main
# - 
#   name: global_ranking
#   datatype: float32
#   description: Number between 0 (worst) and 1 (best)
#   meta:
#     ucd: stat.param
# - 
#   name: reference_time
#   datatype: float64
#   unit: d
#   description: Reference time used for the geometric model fit
#   meta:
#     ucd: time.epoch
# - 
#   name: frequency
#   datatype: float64
#   unit: d**-1
#   description: Frequency of geometric model of the eclipsing binary light curve
#   meta:
#     ucd: src.orbital
# - 
#   name: frequency_error
#   datatype: float32
#   unit: d**-1
#   description: "Uncertainty of \\texttt{frequency}"
#   meta:
#     ucd: stat.error
# - 
#   name: geom_model_reference_level
#   datatype: float32
#   unit: mag
#   description: Magnitude reference level of geometric model
#   meta:
#     ucd: phot.mag;em.opt
# - 
#   name: geom_model_reference_level_error
#   datatype: float32
#   unit: mag
#   description: "Uncertainty of \\texttt{geomModelReferenceLevel}"
#   meta:
#     ucd: stat.error;phot.mag;em.opt
# - 
#   name: geom_model_gaussian1_phase
#   datatype: float32
#   description: Phase of the Gaussian 1 component
#   meta:
#     ucd: time.phase
# - 
#   name: geom_model_gaussian1_phase_error
#   datatype: float32
#   description: "Uncertainty of \\texttt{geomModelGaussian1Phase}"
#   meta:
#     ucd: stat.error;time.phase
# - 
#   name: geom_model_gaussian1_sigma
#   datatype: float32
#   description: "Standard deviation [phase] of Gaussian 1 component"
#   meta:
#     ucd: stat.stdev
# - 
#   name: geom_model_gaussian1_sigma_error
#   datatype: float32
#   description: "Uncertainty of \\texttt{geomModelGaussian1Sigma}"
#   meta:
#     ucd: stat.error
# - 
#   name: geom_model_gaussian1_depth
#   datatype: float32
#   unit: mag
#   description: Magnitude depth of Gaussian 1 component
#   meta:
#     ucd: src.var.amplitude
# - 
#   name: geom_model_gaussian1_depth_error
#   datatype: float32
#   unit: mag
#   description: "Uncertainty of \\texttt{geomModelGaussian1Depth}"
#   meta:
#     ucd: stat.error;src.var.amplitude
# - 
#   name: geom_model_gaussian2_phase
#   datatype: float32
#   description: Phase of Gaussian 2 component
#   meta:
#     ucd: time.phase
# - 
#   name: geom_model_gaussian2_phase_error
#   datatype: float32
#   description: "Uncertainty of \\texttt{geomModelGaussian2Phase}"
#   meta:
#     ucd: stat.error;time.phase
# - 
#   name: geom_model_gaussian2_sigma
#   datatype: float32
[...]
#   datatype: float32
#   description: "Secondary eclipse: uncertainty of \\texttt{derivedSecondaryEclDuration}"
#   meta:
#     ucd: stat.error;time.duration
# - 
#   name: derived_secondary_ecl_depth
#   datatype: float32
#   unit: mag
#   description: "Secondary eclipse: depth"
#   meta:
#     ucd: src.var.amplitude
# - 
#   name: derived_secondary_ecl_depth_error
#   datatype: float32
#   unit: mag
#   description: "Secondary eclipse: uncertainty of \\texttt{derivedSecondaryEclDepth}"
#   meta:
#     ucd: stat.error;src.var.amplitude
solution_id,source_id,global_ranking,reference_time,frequency,frequency_error,geom_model_reference_level,geom_model_reference_level_error,geom_model_gaussian1_phase,geom_model_gaussian1_phase_error,geom_model_gaussian1_sigma,geom_model_gaussian1_sigma_error,geom_model_gaussian1_depth,geom_model_gaussian1_depth_error,geom_model_gaussian2_phase,geom_model_gaussian2_phase_error,geom_model_gaussian2_sigma,geom_model_gaussian2_sigma_error,geom_model_gaussian2_depth,geom_model_gaussian2_depth_error,geom_model_cosine_half_period_amplitude,geom_model_cosine_half_period_amplitude_error,geom_model_cosine_half_period_phase,geom_model_cosine_half_period_phase_error,model_type,num_model_parameters,reduced_chi2,derived_primary_ecl_phase,derived_primary_ecl_phase_error,derived_primary_ecl_duration,derived_primary_ecl_duration_error,derived_primary_ecl_depth,derived_primary_ecl_depth_error,derived_secondary_ecl_phase,derived_secondary_ecl_phase_error,derived_secondary_ecl_duration,derived_secondary_ecl_duration_error,derived_secondary_ecl_depth,derived_secondary_ecl_depth_error
[from data line 225]
375316653866487564,5980774434020905600,0.49486935,2341.9460606135576,0.6864999669175561,4.7009675E-5,19.005949,0.0076219705,0.2513187,0.014062108,0.035538975,0.011381987,0.6037222,0.045108695,0.78310966,0.012323458,0.03784321,0.02095681,0.119931296,0.038131546,null,null,null,null,"TWOGAUSSIANS",8,11.754204,0.2513187,0.014062108,0.19901825,0.06373913,0.6037222,0.045108695,0.78310966,0.012323458,0.21192198,0.11735813,0.119931296,0.03813156
375316653866487564,5980774502740681728,0.5678709,2316.1554556433243,0.8522566607454032,2.4752175E-5,19.493149,0.003193559,0.3182668,0.002443026,0.042099793,0.0015485232,0.7963285,0.106908485,0.81785476,0.0055028456,0.03748782,0.010906158,0.12720266,0.03379851,null,null,null,null,"TWOGAUSSIANS",8,0.8487919,0.3182668,0.002443026,0.23575884,0.00867173,0.7963285,0.106908485,0.81785476,0.0055028456,0.20993179,0.061074484,0.12720266,0.03379856
375316653866487564,5980774846338485376,0.43996838,2357.283245406764,0.7773203457011102,4.794818E-5,18.91213,0.00766829,0.26588607,7.564162E-4,0.047744364,0.0048182663,0.47182706,0.092298485,0.73725927,0.010803095,0.06031274,0.011658446,0.10591966,0.022826064,null,null,null,null,"TWOGAUSSIANS",8,5.332733,0.26588607,7.564162E-4,0.26736844,0.02698229,0.4718245,0.092302725,0.73725927,0.010803095,0.33775133,0.0652873,0.10591711,0.022830388
375316653866487564,5980775258660637440,0.47457114,2331.7032080962813,3.009465093507027,1.0432875E-4,19.80169,0.030978587,0.3031048,0.008362699,0.077959515,0.010866,0.56785345,0.08030788,0.82124025,0.008682977,0.07605814,0.018149214,0.59377867,0.34347787,null,null,null,null,"TWOGAUSSIANS",8,6.228683,0.82124025,0.008682977,0.4,0.032880947,0.5897306,0.34877998,0.3031048,0.008362699,0.4,0.0,0.5638054,0.080478996
375316653866487564,5980775636613425536,0.4326361,2348.9494300062593,2.743016452943591,4.6205143E-5,19.056374,0.05930841,0.2838448,0.01677149,0.115775056,0.037089888,0.18480451,0.05371531,0.7394139,0.014886825,0.13015842,0.027685085,0.18826242,0.05944173,null,null,null,null,"TWOGAUSSIANS",8,6.1300616,0.7394139,0.014886825,0.4,0.0,0.15621097,0.01430118,0.2845948,0.016146272,0.4,0.0,0.15311524,0.017468572
375316653866487564,5980775980199243008,0.46206075,2354.4583436945,2.385279228873959,1.6098536E-4,19.234343,0.027421858,0.14718741,0.021624113,0.029883197,0.017884139,0.0306562,0.13088568,0.63096005,0.00972453,0.10023572,0.078884885,0.14815609,0.015005078,null,null,null,null,"TWOGAUSSIANS",8,2.3520854,0.63096005,0.00972453,0.4,0.0,0.14808857,0.019867826,0.14718741,0.021627843,0.1673459,0.10015118,0.030590236,0.1302007
375316653866487564,5980776048918508800,0.52081496,2331.956737490204,0.9637688111587839,5.942356E-5,18.764708,0.0068909815,0.24529395,0.0034732593,0.080644965,0.005849604,0.26793873,0.010370139,0.74178904,0.004179905,0.07821572,0.004806388,0.22489294,0.014352094,null,null,null,null,"TWOGAUSSIANS",8,2.763361,0.24529395,0.0034732593,0.4,0.0,0.26470202,0.010684141,0.74178904,0.004179905,0.4,0.0,0.22165625,0.014353702
375316653866487564,5980776319441983104,0.47005835,2332.973153277127,1.1847021900137267,3.9305698E-5,18.364674,0.03186992,0.29621834,0.005570241,0.09366069,0.013638031,0.4196163,0.026393304,0.7725059,0.007322631,0.082267076,0.00948627,0.4307557,0.041411053,null,null,null,null,"TWOGAUSSIANS",8,26.373842,0.7725059,0.007322631,0.4,0.0,0.42066818,0.0372723,0.29621834,0.005570241,0.4,0.0,0.40952772,0.023633491
375316653866487564,5980776358156621568,0.46578565,2341.508811184896,1.4503235943052555,2.4659608E-5,19.552067,0.004365296,0.22189078,0.013192272,0.05503039,0.013767066,0.14557284,0.040389165,0.74382704,0.0050079036,0.047605906,0.0054584392,0.38340914,0.07377948,null,null,null,null,"TWOGAUSSIANS",8,2.178026,0.74382704,0.0050079036,0.26659307,0.03056726,0.38340807,0.07378048,0.22189078,0.013192272,0.3081702,0.077095576,0.14557175,0.040392175
375316653866487564,5980776392516557440,0.44327572,2335.9746928780146,1.5627607381619202,4.8315487E-5,18.378689,0.0051193205,0.220723,0.014768176,0.040643882,0.02015714,0.14095457,0.018355485,0.7882206,0.017102739,0.0078096227,0.0045230426,0.52648854,2.4233685,null,null,null,null,"TWOGAUSSIANS",8,7.171922,0.7882206,0.017102739,0.043733887,0.025329039,0.52648854,2.4233685,0.220723,0.014768176,0.22760573,0.11287998,0.14095457,0.018355485
375316653866487564,5980776770524566912,0.7108538,2347.7381148213817,0.41626610254883334,1.1283175E-6,16.610249,0.0024007426,0.29765138,2.6137242E-4,0.026768018,2.7417703E-4,1.241273,0.013171962,0.7953415,0.009598092,0.023263268,0.00966232,0.088970065,0.0541491,0.012185043,0.0031885216,0.29765138,2.6137242E-4,"TWOGAUSSIANS_WITH_ELLIPSOIDAL_ON_ECLIPSE1",9,8.190807,0.29765138,2.6137242E-4,0.1499009,0.0015353913,1.2656431,0.013384052,0.7953715,0.009555366,0.1302743,0.054108992,0.113335066,0.054687127
375316653866487564,5980777178438869120,0.50451756,2326.9704006974357,1.3330155891955178,3.110796E-5,18.636024,0.00733731,0.2886477,0.0064461273,0.07400811,0.0095957415,0.20969367,0.01676433,0.7781672,0.00544684,0.083192796,0.0069785523,0.23156904,0.017927278,null,null,null,null,"TWOGAUSSIANS",8,4.5493603,0.7781672,0.00544684,0.4,0.0,0.22930516,0.017779263,0.2886477,0.0064461273,0.4,0.0016629456,0.20742981,0.017906073
375316653866487564,5980777285870158976,0.54729337,2354.4626168433806,1.7562522757539232,1.87493E-5,19.178476,0.008921649,0.29700267,0.0027848522,0.08277147,0.0054000844,0.21750781,0.012105227,0.7903171,0.0030339763,0.08926858,0.0043129493,0.32722384,0.009700729,null,null,null,null,"TWOGAUSSIANS",8,1.020443,0.7903171,0.0030339763,0.4,0.0,0.32021022,0.008615383,0.29700267,0.0027848522,0.4,0.0,0.2104943,0.012136514
375316653866487564,5980777487670638848,0.47767037,2348.1667101380494,1.8844584114093723,2.7088381E-5,19.087685,0.015282496,0.29555464,0.012913263,0.06896686,0.014944776,0.2597454,0.028046155,0.8064701,0.006172921,0.06255353,0.008523865,0.22082657,0.01810246,null,null,null,null,"TWOGAUSSIANS",8,7.3535333,0.29555464,0.012913263,0.3862144,0.07329448,0.25949144,0.027919725,0.8064701,0.006172921,0.3502998,0.047733646,0.2205726,0.017892482
375316653866487564,5980777492028722560,0.4276392,2330.657495211596,2.0268131949189248,1.2744978E-4,19.537107,0.019862223,0.31530514,0.018667968,0.12209694,0.019920569,0.20733926,0.032935288,0.7945271,0.005243529,0.028380154,0.00824958,0.3989896,0.48913816,null,null,null,null,"TWOGAUSSIANS",8,7.3017893,0.7945271,0.005243529,0.15892887,0.046197645,0.3981765,0.48963678,0.31530514,0.018667968,0.4,0.0,0.20640926,0.032816548
375316653866487564,5980777492028765056,0.52317834,2328.0038383435067,0.5964569108596851,7.2976204E-6,18.541134,0.0053832517,0.32405555,0.001331779,0.029585095,0.0011881491,0.7211774,0.009170386,0.81483454,0.014643777,0.028992908,0.014840305,0.1023478,0.028390847,null,null,null,null,"TWOGAUSSIANS",8,7.3354707,0.32405555,0.001331779,0.16567653,0.006653635,0.7211774,0.009170386,0.81483454,0.014643777,0.16236028,0.083105706,0.1023478,0.028390847
375316653866487564,5980777526405016960,0.421402,2379.5626673920538,0.4063871877599517,6.403373E-5,19.674826,0.010911495,0.16940829,0.0056275255,0.025222683,0.0053656115,0.3932186,0.3305782,0.81971604,0.0131424675,0.03993663,0.019939646,0.18399402,0.04893725,null,null,null,null,"TWOGAUSSIANS",8,4.8467407,0.16940829,0.0056275255,0.14124702,0.030047424,0.3932186,0.3305782,0.81971604,0.0131424675,0.22364512,0.111662015,0.18399402,0.04893725
375316653866487564,5980777590749890560,0.53161293,2356.247845540933,0.3006821239054336,1.3704621E-4,18.540857,0.0030502626,0.46891087,0.033008464,0.0660276,0.021117063,0.022589438,0.007700146,0.73201835,0.003843707,0.031733856,0.0019415942,0.48030692,0.035495333,null,null,null,null,"TWOGAUSSIANS",8,2.3169715,0.73201835,0.003843707,0.1777096,0.0108729275,0.48031497,0.03549523,0.46891087,0.033008464,0.36975455,0.10612617,0.022589438,0.007700146
375316653866487564,5980777595119822080,0.4715786,2345.813922300608,1.7240922674635555,2.811758E-5,19.430244,0.021224268,0.19172928,0.022126088,0.07499167,0.027561858,0.10806351,0.020616861,0.7273065,0.00861077,0.09302901,0.015089044,0.30734712,0.039488085,null,null,null,null,"TWOGAUSSIANS",8,4.667737,0.7273065,0.00861077,0.4,0.0,0.30498585,0.039250035,0.19172928,0.022120507,0.4,0.041695375,0.105703436,0.015305351
375316653866487564,5980777629479914112,0.47544044,2346.4003693873055,1.9848073574228111,9.530642E-5,18.719812,0.0065809726,0.26866677,0.011904036,0.06402941,0.01629239,0.23677388,0.030499173,0.7603771,0.008724407,0.0762429,0.008330409,0.3037222,0.012357086,null,null,null,null,"TWOGAUSSIANS",8,7.4777637,0.7603771,0.008724407,0.4,0.0015546832,0.30296132,0.012031816,0.26866677,0.011904036,0.3585647,0.057981294,0.236013,0.031216899
375316653866487564,5980778144874699264,0.43736306,2352.735978714341,0.4641414113067467,1.6955277E-5,19.36848,0.009252947,0.1028888,0.027423687,0.01998274,0.014064537,0.14767954,0.08785569,0.6994074,0.0034977957,0.03906265,0.005212946,0.21094845,0.010763633,null,null,null,null,"TWOGAUSSIANS",8,7.0513744,0.6994074,0.0034977957,0.21875083,0.029192496,0.21094845,0.010763633,0.1028888,0.027423687,0.11190335,0.07876141,0.14767954,0.08785569
375316653866487564,5980778247953954304,0.5160909,2345.763625247567,1.5206422852222536,1.9229785E-5,19.19478,0.0054289964,0.21207698,0.0024551754,0.06028364,0.0040621376,0.4263749,0.038636018,0.7074698,0.007863963,0.050409097,0.010921711,0.1422752,0.02364469,null,null,null,null,"TWOGAUSSIANS",8,2.8007574,0.21207698,0.0024551754,0.33758837,0.022747971,0.42635918,0.038644806,0.7074698,0.007863963,0.28229094,0.06116158,0.14225945,0.023677269
375316653866487564,5980778488511602048,0.4905072,2317.278748048175,0.5252069492802586,3.0567055E-5,17.408577,0.003624473,0.34065145,0.0032502557,0.021488385,0.003614787,0.15478118,0.014291824,0.83625805,0.0066606803,0.019018145,0.0029645513,0.45058125,0.1965201,null,null,null,null,"TWOGAUSSIANS",8,15.960815,0.83625805,0.0066606803,0.10650161,0.016601488,0.45058125,0.1965201,0.34065145,0.0032502557,0.12033496,0.020242808,0.15478118,0.014291824
375316653866487564,5980778728990867712,0.49488991,2347.8855497487166,0.376610302765174,4.5538483E-5,19.062782,0.0040485114,0.11904024,0.004696115,0.022577308,0.0043858048,0.07913402,0.0065330267,0.65741175,0.00200025,0.024298422,0.0021461889,0.5375565,0.06687486,null,null,null,null,"TWOGAUSSIANS",8,2.7613118,0.65741175,0.00200025,0.13607116,0.012018657,0.5375565,0.06687486,0.11904024,0.004696115,0.12643293,0.024560507,0.07913402,0.0065330267
375316653866487564,5980779210027980160,0.5103715,2320.958535926467,0.5544820582905394,1.3860931E-5,18.719845,0.00842351,0.24377184,0.012592947,0.07132529,0.009262597,0.19379544,0.02988586,0.7630188,0.0028932868,0.05140959,0.0029407803,0.52705693,0.035297673,null,null,null,null,"TWOGAUSSIANS",8,8.744825,0.7630188,0.0028932868,0.2878937,0.016468368,0.52698237,0.035309028,0.24377184,0.012592947,0.39942163,0.034627732,0.19372086,0.029896311
375316653866487564,5980779450546758784,0.446518,2324.7552621788113,1.2308970011139768,4.8584832E-5,19.563416,0.024562757,0.30550444,0.012254432,0.05243935,0.060677327,0.44152623,0.25392786,0.77752846,0.0064923274,0.051127594,0.0094375415,0.28065944,0.08117371,null,null,null,null,"TWOGAUSSIANS",8,6.31531,0.30550444,0.012254432,0.29366037,0.108008765,0.44152462,0.2570995,0.77752846,0.0064923274,0.28631452,0.05285023,0.28065786,0.081155084
375316653866487564,5980779553626276992,0.4429737,2341.1897569268267,2.3050777468005634,7.612937E-5,19.700272,0.026454203,0.3281831,0.013599992,0.025996622,0.01201909,0.8305699,0.24048269,0.6091798,0.014942488,0.1727975,0.04404545,0.08155325,0.026323125,null,null,null,null,"TWOGAUSSIANS",8,2.6508245,0.3283531,0.013907532,0.14558108,0.067306906,0.8498594,0.24080257,0.6091798,0.014942488,0.4,0.0,0.07907376,0.023797777
375316653866487564,5980780069022456192,0.52674943,2315.6059571692626,2.234776512604463,2.2951022E-5,19.694698,0.013830007,0.2710743,0.0035713094,0.07749404,0.004528438,0.46256027,0.017133651,0.77991295,0.0044765538,0.083786465,0.0072355224,0.34169528,0.029477201,null,null,null,null,"TWOGAUSSIANS",8,1.7690841,0.2710743,0.0035713094,0.4,0.0,0.45712474,0.0158557,0.77991295,0.0044765538,0.4,0.0,0.33625972,0.030279784
375316653866487564,5980780103384065024,0.42710885,2370.774229272929,0.42890812475906986,1.3753818E-4,18.919708,0.0147135705,0.11339622,0.020206293,0.068352945,0.017621784,0.16377011,0.036195997,0.5966644,0.006467254,0.020707574,0.008801941,0.9931733,1.2523879,null,null,null,null,"TWOGAUSSIANS",8,5.223427,0.5966644,0.006467254,0.11596241,0.04929087,0.9931733,1.252388,0.11339622,0.020206293,0.38277647,0.09478129,0.1637701,0.03619603
375316653866487564,5980780240821365888,0.45794737,2349.885236627746,1.1417681599607978,3.2195294E-5,18.879385,0.008768829,0.27031285,0.0071354164,0.06291085,0.009427617,0.28212875,0.02891003,0.7525397,0.0066703917,0.057642408,0.0067597334,0.13155654,0.0147581035,null,null,null,null,"TWOGAUSSIANS",8,6.37474,0.27031285,0.0071354164,0.35230076,0.052794658,0.28209025,0.028939225,0.7525397,0.0066703917,0.32279748,0.037854508,0.13151804,0.014746685
375316653866487564,5980780893581199744,0.47916913,2174.7656296592077,0.5665705594081948,1.433944E-5,14.512742,6.5684866E-4,0.22378682,0.013784426,0.015367636,0.007486647,0.110367715,0.059862774,0.71387076,6.8795803E-4,0.013965895,0.003406853,0.11956739,0.0627317,0.003129652,0.0010953953,0.22378682,0.013784426,"TWOGAUSSIANS_WITH_ELLIPSOIDAL_ON_ECLIPSE1",9,14.768319,0.7138808,6.834585E-4,0.07820901,0.019078378,0.12580243,0.06403487,0.22378682,0.013784426,0.086058766,0.04192522,0.11662701,0.059261415
375316653866487564,5980780962300686208,0.50114274,2188.2366540929397,4.028201193432206,1.9408159E-5,16.48167,0.0011984592,0.85185575,0.04249454,0.0060341624,0.011005184,0.20410655,4.7176404,null,null,null,null,null,null,0.0016594387,0.0017667784,0.85185575,0.04249454,"ONEGAUSSIAN_WITH_ELLIPSOIDAL",6,8.160304,0.85185575,0.04249454,0.03379131,0.06162903,0.20742543,4.717629,null,null,null,null,null,null
375316653866487564,5980781129782985216,0.5581083,2210.5476546469035,0.3497169072873682,1.5092226E-5,18.41558,0.0028364584,0.38626662,0.0028825556,0.02654203,0.0017151665,0.4757704,0.011528048,0.88528043,0.0011227635,0.025072638,0.0015426932,0.49023354,0.054183036,null,null,null,null,"TWOGAUSSIANS",8,3.3657715,0.88528043,0.0011227635,0.14040677,0.008639082,0.49023354,0.054183036,0.38626662,0.0028825556,0.14863537,0.009604933,0.4757704,0.011528048
375316653866487564,5980782233611110272,0.61994123,2187.0877092002147,3.36714542489103,5.925872E-6,18.99774,0.008062122,0.26700026,0.0015806017,0.041325413,0.0031805667,0.36788094,0.027741708,0.7683238,0.0017913702,0.04226359,0.0031304553,0.44492427,0.019620549,0.21136104,0.012076737,0.26700026,0.0015806017,"TWOGAUSSIANS_WITH_ELLIPSOIDAL_ON_ECLIPSE1",9,2.7512393,0.7683238,0.0017913702,0.23667611,0.01753055,0.8676171,0.01989303,0.26700026,0.0015806017,0.23142232,0.017811174,0.790603,0.022881573
375316653866487564,5980782405409827712,0.6332273,2216.412799412886,1.47126931191252,2.0517643E-6,14.1348915,0.0054457504,0.2111787,6.480012E-4,0.04295437,0.0011764405,0.5316368,0.018429717,0.717654,6.8796007E-4,0.039307065,0.0026890708,0.18810226,0.01219071,0.1490116,0.009392005,0.2111787,6.480012E-4,"TWOGAUSSIANS_WITH_ELLIPSOIDAL_ON_ECLIPSE1",9,221.79817,0.2111787,6.480012E-4,0.24054447,0.006588067,0.8296594,0.01792359,0.717654,6.8796007E-4,0.22011955,0.015058797,0.48563185,0.008941695
375316653866487564,5980782577208407936,0.6061587,2215.025334345055,0.2493234496048838,1.7977181E-4,15.928265,8.3720963E-4,0.13135903,0.037465375,0.037488382,0.031755734,0.002173927,0.0034885604,0.51626724,3.4676868E-4,0.008670639,0.0047631785,1.5076945,1.0373105,null,null,null,null,"TWOGAUSSIANS",8,3.7082677,0.51626724,3.4676868E-4,0.048555583,0.026673801,1.5076945,1.0373105,0.13135903,0.037465375,0.20993493,0.17783213,0.002173927,0.0034885604
