Gaia/vari_eclipsing_binary/VariEclipsingBinary_231105-231128.csv
# %ECSV 1.0
# ---
# delimiter: ','
# meta: !!omap
# - RELEASE: Gaia DR3
# - TABLE: vari_eclipsing_binary
# - DESCRIPTION: >
#     This table describes the properties of the eclipsing binaries resulting from the variability analysis. 
# - CITATION: >
#     How to cite and acknowledge Gaia: 
#     https://gea.esac.esa.int/archive/documentation/credits.html 
# - KNOWN_ISSUES: >
#     Known issues: 
#     https://www.cosmos.esa.int/web/gaia-users/known-issues 
# - DOCUMENTATION: >
#     Tutorials and documentation: 
#     https://www.cosmos.esa.int/web/gaia-users/archive 
# datatype:
# - 
#   name: solution_id
#   datatype: int64
#   description: Solution Identifier
#   meta:
#     ucd: meta.version
# - 
#   name: source_id
#   datatype: int64
#   description: Unique source identifier
#   meta:
#     ucd: meta.id;meta.main
# - 
#   name: global_ranking
#   datatype: float32
#   description: Number between 0 (worst) and 1 (best)
#   meta:
#     ucd: stat.param
# - 
#   name: reference_time
#   datatype: float64
#   unit: d
#   description: Reference time used for the geometric model fit
#   meta:
#     ucd: time.epoch
# - 
#   name: frequency
#   datatype: float64
#   unit: d**-1
#   description: Frequency of geometric model of the eclipsing binary light curve
#   meta:
#     ucd: src.orbital
# - 
#   name: frequency_error
#   datatype: float32
#   unit: d**-1
#   description: "Uncertainty of \\texttt{frequency}"
#   meta:
#     ucd: stat.error
# - 
#   name: geom_model_reference_level
#   datatype: float32
#   unit: mag
#   description: Magnitude reference level of geometric model
#   meta:
#     ucd: phot.mag;em.opt
# - 
#   name: geom_model_reference_level_error
#   datatype: float32
#   unit: mag
#   description: "Uncertainty of \\texttt{geomModelReferenceLevel}"
#   meta:
#     ucd: stat.error;phot.mag;em.opt
# - 
#   name: geom_model_gaussian1_phase
#   datatype: float32
#   description: Phase of the Gaussian 1 component
#   meta:
#     ucd: time.phase
# - 
#   name: geom_model_gaussian1_phase_error
#   datatype: float32
#   description: "Uncertainty of \\texttt{geomModelGaussian1Phase}"
#   meta:
#     ucd: stat.error;time.phase
# - 
#   name: geom_model_gaussian1_sigma
#   datatype: float32
#   description: "Standard deviation [phase] of Gaussian 1 component"
#   meta:
#     ucd: stat.stdev
# - 
#   name: geom_model_gaussian1_sigma_error
#   datatype: float32
#   description: "Uncertainty of \\texttt{geomModelGaussian1Sigma}"
#   meta:
#     ucd: stat.error
# - 
#   name: geom_model_gaussian1_depth
#   datatype: float32
#   unit: mag
#   description: Magnitude depth of Gaussian 1 component
#   meta:
#     ucd: src.var.amplitude
# - 
#   name: geom_model_gaussian1_depth_error
#   datatype: float32
#   unit: mag
#   description: "Uncertainty of \\texttt{geomModelGaussian1Depth}"
#   meta:
#     ucd: stat.error;src.var.amplitude
# - 
#   name: geom_model_gaussian2_phase
#   datatype: float32
#   description: Phase of Gaussian 2 component
#   meta:
#     ucd: time.phase
# - 
#   name: geom_model_gaussian2_phase_error
#   datatype: float32
#   description: "Uncertainty of \\texttt{geomModelGaussian2Phase}"
#   meta:
#     ucd: stat.error;time.phase
# - 
#   name: geom_model_gaussian2_sigma
#   datatype: float32
[...]
#   datatype: float32
#   description: "Secondary eclipse: uncertainty of \\texttt{derivedSecondaryEclDuration}"
#   meta:
#     ucd: stat.error;time.duration
# - 
#   name: derived_secondary_ecl_depth
#   datatype: float32
#   unit: mag
#   description: "Secondary eclipse: depth"
#   meta:
#     ucd: src.var.amplitude
# - 
#   name: derived_secondary_ecl_depth_error
#   datatype: float32
#   unit: mag
#   description: "Secondary eclipse: uncertainty of \\texttt{derivedSecondaryEclDepth}"
#   meta:
#     ucd: stat.error;src.var.amplitude
solution_id,source_id,global_ranking,reference_time,frequency,frequency_error,geom_model_reference_level,geom_model_reference_level_error,geom_model_gaussian1_phase,geom_model_gaussian1_phase_error,geom_model_gaussian1_sigma,geom_model_gaussian1_sigma_error,geom_model_gaussian1_depth,geom_model_gaussian1_depth_error,geom_model_gaussian2_phase,geom_model_gaussian2_phase_error,geom_model_gaussian2_sigma,geom_model_gaussian2_sigma_error,geom_model_gaussian2_depth,geom_model_gaussian2_depth_error,geom_model_cosine_half_period_amplitude,geom_model_cosine_half_period_amplitude_error,geom_model_cosine_half_period_phase,geom_model_cosine_half_period_phase_error,model_type,num_model_parameters,reduced_chi2,derived_primary_ecl_phase,derived_primary_ecl_phase_error,derived_primary_ecl_duration,derived_primary_ecl_duration_error,derived_primary_ecl_depth,derived_primary_ecl_depth_error,derived_secondary_ecl_phase,derived_secondary_ecl_phase_error,derived_secondary_ecl_duration,derived_secondary_ecl_duration_error,derived_secondary_ecl_depth,derived_secondary_ecl_depth_error
[from data line 616]
375316653866487564,2032981439141850112,0.5143478,2217.990743837335,4.223352745072542,1.138831E-5,18.67185,0.002926547,0.15849243,3.219585E-5,0.0025822013,3.7296224E-5,0.38387936,0.0040959604,0.8484803,5.2910447E-5,0.020215131,7.5568695E-4,0.3000501,0.0027663617,null,null,null,null,"TWOGAUSSIANS",8,2.7294729,0.15849243,3.219585E-5,0.014460327,2.0885885E-4,0.38387936,0.0040959604,0.8484803,5.2910447E-5,0.11320474,0.004231847,0.3000501,0.0027663617
375316653866487564,2032981679659926528,0.58604175,2224.3230314749394,1.599864103306892,8.046051E-6,17.93295,0.0028489071,0.23513362,0.0037844933,0.061055154,0.0038354127,0.14318833,0.0064663906,0.7326731,0.0019278555,0.057557542,0.0015846061,0.3452245,0.005333829,null,null,null,null,"TWOGAUSSIANS",8,2.967338,0.7326731,0.0019278555,0.32232225,0.008873794,0.34516916,0.005331877,0.23513362,0.0037844933,0.34190884,0.021478312,0.143133,0.006471861
375316653866487564,2032982843553626240,0.53267014,2242.572340170947,2.6189557588405963,1.4483469E-5,16.636988,0.031251535,0.23653284,0.0036094105,0.092924066,0.008780126,0.41921234,0.027857173,0.7430134,0.007924523,0.09622452,0.013352941,0.41460392,0.03224664,null,null,null,null,"TWOGAUSSIANS",8,82.14426,0.23653284,0.0036094105,0.4,0.0,0.3960931,0.016858894,0.7430134,0.007924523,0.4,0.0,0.39148396,0.02646555
375316653866487564,2032983672524809472,0.54400426,2198.604986493269,2.4947186932925107,9.189958E-6,16.929686,0.008297712,0.22046268,0.00989022,0.047414836,0.010943467,0.10897155,0.028798811,0.7079035,0.002244319,0.047321886,0.0058699413,0.10879777,0.019364491,0.10390799,0.010558724,0.7079035,0.002244319,"TWOGAUSSIANS_WITH_ELLIPSOIDAL_ON_ECLIPSE2",9,16.824593,0.7079035,0.002244319,0.26500258,0.03287167,0.3166136,0.009215707,0.21728268,0.0061468766,0.26552308,0.061283417,0.3158217,0.027306324
375316653866487564,2032983981762335488,0.4440733,2216.5500509339554,0.7579335514300245,2.9290586E-5,17.669136,0.008709611,0.2528375,0.011266282,0.08101846,0.023006141,0.10283867,0.012417635,0.761469,0.015523477,0.08094209,0.021067398,0.092741475,0.023138417,null,null,null,null,"TWOGAUSSIANS",8,8.61653,0.2528375,0.011266282,0.4,0.0,0.101429105,0.014034026,0.761469,0.015523477,0.4,0.020540204,0.0913319,0.023353621
375316653866487564,2032984187920781696,0.55449444,2188.344386787416,2.950933565500433,1.0789346E-5,17.288641,0.012858743,0.3155821,0.00383168,0.08740266,0.006760802,0.26131126,0.014140678,0.80715114,0.0023342324,0.08644148,0.0055594197,0.2713263,0.013098769,null,null,null,null,"TWOGAUSSIANS",8,8.406991,0.80715114,0.0023342324,0.4,0.0,0.26393142,0.011100777,0.3155821,0.00383168,0.4,0.0,0.25391638,0.012700874
375316653866487564,2032984325359952640,0.5593571,2232.543183657177,2.044362418555982,7.736381E-6,13.7140465,0.037554402,0.22505358,0.0022891986,0.24993232,0.03137524,0.34610745,0.03729857,0.7170399,0.0021098005,0.18467744,0.015266828,0.27203655,0.051227257,null,null,null,null,"TWOGAUSSIANS",8,6.932011,0.7170399,0.0021098005,0.4,0.0,0.049518578,0.001522173,0.23223358,0.001881842,0.4,0.0,0.044183344,0.0013472848
375316653866487564,2032984359719454208,0.5150595,2241.047011024608,0.06677980226506862,1.46922375E-5,17.3024,0.0013552989,0.29039118,0.0037185876,0.06599199,0.0035888846,0.07955888,0.003850782,0.6095122,0.021225398,0.024513172,0.026886538,0.17733626,2.553007E24,0.009792855,0.0023274592,0.29039118,0.0037185876,"TWOGAUSSIANS_WITH_ELLIPSOIDAL_ON_ECLIPSE1",9,2.5768735,0.6098322,0.021523666,0.13727377,0.15056461,0.18076219,2.553007E24,0.29039118,0.0037185876,0.36955515,0.020097755,0.09908717,0.004340722
375316653866487564,2032984668917149696,0.4738832,2226.803704084527,2.785555165254515,3.189519E-5,18.893991,0.011025127,0.7068503,0.008271496,0.023523325,0.01618982,0.5682771,3.2600486,null,null,null,null,null,null,0.17879274,0.04226791,0.7068503,0.008271496,"ONEGAUSSIAN_WITH_ELLIPSOIDAL",6,25.308002,0.7068503,0.008271496,0.13173062,0.09066299,0.92586243,3.261988,null,null,null,null,null,null
375316653866487564,2032985081274212736,0.69485074,2221.9140146929108,0.1497202662209054,1.0877102E-6,14.593594,5.2527414E-4,0.46052283,2.9442573E-4,0.009692738,4.2287086E-4,0.517346,0.023329,null,null,null,null,null,null,null,null,null,null,"ONEGAUSSIAN",5,10.723876,0.46052283,2.9442573E-4,0.05427933,0.0023680767,0.517346,0.0,null,null,null,null,null,null
375316653866487564,2032985356152145024,0.59004986,2229.085552627797,1.6281933176681695,8.428749E-6,15.280181,0.0052735,0.24239743,0.0032512133,0.08923295,0.0046480107,0.13778418,0.005521347,0.72329557,0.002861776,0.08695479,0.004209606,0.26082373,0.00942248,null,null,null,null,"TWOGAUSSIANS",8,31.0101,0.72329557,0.002861776,0.4,0.0,0.25593844,0.009889763,0.24239743,0.0032512133,0.4,0.0,0.13289891,0.004401318
375316653866487564,2032985356152145280,0.58533627,2233.4866871019485,0.9798479289383598,6.014874E-6,16.966536,0.032047417,0.30782878,0.0031291593,0.11590758,0.012435467,0.26747787,0.02694452,0.82308245,0.001681124,0.12514195,0.010501865,0.27472585,0.0304088,null,null,null,null,"TWOGAUSSIANS",8,4.498556,0.82314247,0.0016406911,0.4,0.0,0.2195965,0.0049382485,0.30768877,0.0030957935,0.4,0.0,0.21250129,0.013467956
375316653866487564,2032985493591068032,0.447096,2213.193299955334,2.4132571293124463,2.6207139E-5,17.170261,0.004354078,null,null,null,null,null,null,null,null,null,null,null,null,0.04945037,0.007624903,0.76488036,0.007145243,"ELLIPSOIDAL",4,25.652119,null,null,null,null,null,null,null,null,null,null,null,null
375316653866487564,2032985905868867968,0.5576068,2220.3713295766483,3.847831176748911,8.333954E-6,19.74965,0.013754418,0.21822304,0.008000957,0.063601434,0.005321698,0.68386185,0.063040845,0.71340734,0.0022081046,0.066499375,0.0027022494,0.64131296,0.018031731,null,null,null,null,"TWOGAUSSIANS",8,1.7150363,0.21822304,0.008000957,0.35616803,0.029801508,0.68314993,0.06275223,0.71340734,0.0022081046,0.3723965,0.015132598,0.64060104,0.017827654
375316653866487564,2032986043346804992,0.43352705,2225.083630867263,2.6469872385454933,4.528424E-5,18.282217,0.0037506942,null,null,null,null,null,null,null,null,null,null,null,null,0.04116851,0.0041552573,0.25173253,0.012493873,"ELLIPSOIDAL",4,6.638321,null,null,null,null,null,null,null,null,null,null,null,null
375316653866487564,2032986588765609088,0.51625067,2216.834084305242,1.7404968191020596,9.770498E-6,18.323538,0.004993287,0.26415497,0.0027336506,0.0790503,0.0071738195,0.2464323,0.01848516,0.76697534,0.0034897083,0.08295728,0.0048933127,0.17037557,0.006517474,null,null,null,null,"TWOGAUSSIANS",8,2.5592437,0.26415497,0.0027336506,0.4,0.0,0.24313861,0.020296039,0.76697534,0.0034897083,0.4,0.0,0.16708188,0.006141518
375316653866487564,2032987417747444480,0.56857634,2237.400472915371,3.7874848283127744,1.2048434E-5,19.162766,0.016852954,0.26585522,0.0033416634,0.07586764,0.0034640345,0.60435283,0.027295446,0.76595896,0.0024444272,0.07973338,0.0050167115,0.51430696,0.018907284,null,null,null,null,"TWOGAUSSIANS",8,3.565289,0.26585522,0.0033416634,0.4,0.0,0.5980007,0.026520586,0.76595896,0.0024444272,0.4,0.0,0.5079549,0.018027293
375316653866487564,2032987830053397376,0.64675903,2246.9774506315075,0.4402197433575044,2.787963E-6,15.5453,0.002011146,0.18874463,3.8451294E-4,0.02788457,4.4910357E-4,0.62178206,0.013422366,0.68796074,0.00585968,0.025681704,0.009217497,0.060343325,0.13388349,0.008930851,0.0034292426,0.18874463,3.8451294E-4,"TWOGAUSSIANS_WITH_ELLIPSOIDAL_ON_ECLIPSE1",9,23.901592,0.18874463,3.8451294E-4,0.1561536,0.00251498,0.6396438,0.01356069,0.6879707,0.005829309,0.14381754,0.051617984,0.07820457,0.1336829
375316653866487564,2032987860072330624,0.5240802,2216.884084026309,2.791410573092897,9.2697965E-6,19.02783,0.009509103,0.2551009,0.004166092,0.054879658,0.011877711,0.2115206,0.026891407,0.7640291,0.0036779575,0.034209896,0.0071312315,0.16036217,0.025196759,0.119757295,0.012948602,0.2551009,0.004166092,"TWOGAUSSIANS_WITH_ELLIPSOIDAL_ON_ECLIPSE1",9,2.9671245,0.2551009,0.004166092,0.30732608,0.06651518,0.45102856,0.026906336,0.7640291,0.0036779575,0.19157541,0.039934896,0.3991172,0.022511477
375316653866487564,2032988139251957120,0.5270119,2246.9410221797816,0.13511581642418233,5.053905E-5,18.964478,0.0058069997,0.2595173,0.0047954842,0.0068769744,0.0028367026,0.47083193,0.32231247,0.78174365,0.11624285,0.033755757,0.027524075,0.22641954,1636.5654,0.0191284,0.011226626,0.2595173,0.0047954842,"TWOGAUSSIANS_WITH_ELLIPSOIDAL_ON_ECLIPSE1",9,4.40725,0.2595173,0.0047954842,0.038511056,0.015885536,0.5090887,0.3236287,0.78174365,0.11624285,0.18903224,0.15413481,0.26393506,1636.5447
375316653866487564,2032988203685417984,0.5170466,2232.245703255231,2.2724232389847456,1.7583145E-5,18.405993,0.012810822,0.25800493,0.005858456,0.09705236,0.010902592,0.14782384,0.012420347,0.7627027,0.0037177764,0.0982307,0.009730946,0.15381512,0.011695953,null,null,null,null,"TWOGAUSSIANS",8,1.4142816,0.7627027,0.0037177764,0.4,0.0,0.1431239,0.0060485415,0.25800493,0.005858456,0.4,0.0,0.13713284,0.0063614803
375316653866487564,2032988242334083712,0.5746261,2240.413463611708,1.6924075484049603,8.441346E-6,19.068346,0.0243458,0.1966772,0.0023454118,0.054219667,0.0065331534,0.5483198,0.05330077,0.71733904,0.008336336,0.038946792,0.015216301,0.15611187,0.060865033,0.06725764,0.031617653,0.1966772,0.0023454118,"TWOGAUSSIANS_WITH_ELLIPSOIDAL_ON_ECLIPSE1",9,2.0619762,0.1966772,0.0023454118,0.30363014,0.03658566,0.68282133,0.038836386,0.71733904,0.008336336,0.21810204,0.085211284,0.28835896,0.033704165
375316653866487564,2032988856501008128,0.607996,2229.4799978126716,3.2659658287807583,4.8389297E-6,15.743413,0.028929528,0.20168707,0.0018380426,0.061697178,0.005445516,0.40778124,0.05592908,0.70202565,0.0015273249,0.06204893,0.0049797525,0.4488805,0.057205755,0.053599425,0.03193367,0.20168707,0.0018380426,"TWOGAUSSIANS_WITH_ELLIPSOIDAL_ON_ECLIPSE1",9,63.31918,0.70202565,0.0014852148,0.347474,0.027886614,0.55583686,0.014994038,0.20168707,0.0018380426,0.3455042,0.030494891,0.51473814,0.020063555
375316653866487564,2032989921653850240,0.5468723,2198.013410122863,1.592167758847984,1.2239948E-5,18.217794,0.0070039313,0.2223225,0.0036107793,0.09221481,0.006058122,0.19921029,0.00948545,0.7242747,0.0026483128,0.08944196,0.0040550814,0.26041785,0.00744433,null,null,null,null,"TWOGAUSSIANS",8,2.549824,0.7242747,0.0026483128,0.4,0.0,0.2504436,0.0059112594,0.2223225,0.0036107793,0.4,0.0,0.18923596,0.009675344
375316653866487564,2032990063436664576,0.64740556,2213.3881302260074,0.5694229945281662,4.503328E-6,16.97297,0.0049928436,0.19678117,0.0018304869,0.040033456,0.0017324088,0.5289641,0.024090856,0.6960786,0.0029671593,0.038537838,0.0023016152,0.41528386,0.027679874,0.0629095,0.006659544,0.19678117,0.0018304869,"TWOGAUSSIANS_WITH_ELLIPSOIDAL_ON_ECLIPSE1",9,6.5794992,0.19678117,0.0018304869,0.22418734,0.0097014895,0.65478295,0.022236267,0.6960986,0.002876986,0.2158119,0.012889045,0.5411004,0.02869863
375316653866487564,2032990093451705216,0.46779132,2235.991059484325,0.3907782752676754,2.4516467E-5,18.215418,0.002479315,0.25450915,1.5173772E-4,0.007378085,2.7806358E-4,0.13840973,0.0015865525,0.6693137,0.0020612436,0.024539191,0.0014229483,0.25297734,0.025436977,0.012283625,0.0037977113,0.6693137,0.0020612436,"TWOGAUSSIANS_WITH_ELLIPSOIDAL_ON_ECLIPSE2",9,3.540301,0.6693137,0.0020612436,0.13741948,0.0079685105,0.27754456,0.026388563,0.25445914,1.410567E-4,0.041317277,0.0015571561,0.15658818,0.0055245184
375316653866487564,2032990368329629952,0.55558974,2241.8515771070984,1.9627648577539276,1.397142E-5,17.76911,0.020220673,0.24241862,0.002876029,0.105509095,0.009478753,0.23698962,0.018037006,0.7421719,0.004493081,0.09995428,0.008239105,0.27703935,0.019793253,null,null,null,null,"TWOGAUSSIANS",8,3.9183576,0.7421719,0.004493081,0.4,0.0,0.25068948,0.007820284,0.24241862,0.002876029,0.4,0.0,0.21063551,0.007141211
375316653866487564,2032990441394309504,0.6275925,2268.3558674465517,1.0639715491280135,4.353321E-6,16.535229,0.0065559363,0.274707,0.0013967997,0.11170086,0.0037519338,0.22448933,0.0064014317,0.7776468,6.893248E-4,0.09614696,0.0027076097,0.21750586,0.0061231405,null,null,null,null,"TWOGAUSSIANS",8,2.2895935,0.274707,0.0013967997,0.4,0.0,0.20088066,0.0038594296,0.7776468,6.885289E-4,0.4,0.0,0.19391672,0.0028136459
375316653866487564,2032991128550694528,0.48320064,2244.776889085036,3.30446222888113,3.5149988E-5,18.606934,0.015404081,0.042763017,5.9458445E-4,0.008294027,0.0027468821,0.06323921,0.016308326,0.44711533,0.007937683,0.18084286,0.021965498,0.16529578,0.01337303,null,null,null,null,"TWOGAUSSIANS",8,2.2632105,0.44711533,0.007937683,0.4,0.0,0.15806223,0.009754529,0.042933017,7.7835546E-4,0.046446554,0.01538254,0.07031966,0.017224327
375316653866487564,2032991128552998784,0.4777789,2244.831537799827,4.241639971224534,1.15139665E-5,19.763779,0.0054729367,0.07643945,3.493269E-4,0.010382608,6.364591E-4,1.2720859,0.21619649,0.37752354,0.0067843497,0.026552564,0.0056610275,0.072126545,0.02099067,null,null,null,null,"TWOGAUSSIANS",8,1.5451155,0.07643945,3.493269E-4,0.058142602,0.003564171,1.2720859,0.21619649,0.37752354,0.0067843497,0.14869435,0.031701755,0.072126545,0.02099067
375316653866487564,2032991300351183104,0.5283649,2218.6004950932943,2.8866440507906153,1.5553172E-5,19.13243,0.014387048,0.2224103,0.0057190927,0.07737188,0.0077967416,0.4065937,0.033188533,0.72823817,0.00395316,0.08159825,0.004921233,0.3886817,0.025610153,null,null,null,null,"TWOGAUSSIANS",8,3.2550068,0.2224103,0.0057190927,0.4,0.0,0.40156448,0.034071427,0.72823817,0.00395316,0.4,0.0,0.3836525,0.024911195
375316653866487564,2032991811441708416,0.49172288,2247.438453379154,3.0482649371467914,2.5618841E-5,19.69234,0.010573171,0.31567356,0.005851274,0.071442336,0.010844929,0.2982381,0.023285918,0.7973736,0.013806731,0.069437735,0.010229871,0.21468821,0.044155017,null,null,null,null,"TWOGAUSSIANS",8,1.472481,0.31567356,0.005851274,0.4,0.041819055,0.29765502,0.02361627,0.7973736,0.013806731,0.38885128,0.053616915,0.21410513,0.044321395
375316653866487564,2032992636072276608,0.54495037,2213.3441440047973,0.3280357870312518,1.0875016E-6,15.606111,0.0010270432,0.6443242,3.3069357E-6,0.008131838,2.4542938E-5,0.8478755,0.0024252918,null,null,null,null,null,null,null,null,null,null,"ONEGAUSSIAN",5,16.387344,0.6443242,3.3069357E-6,0.0455383,1.3744045E-4,0.8478755,0.0,null,null,null,null,null,null
375316653866487564,2032992777856034432,0.5317888,2236.761254016377,0.49066175664116357,9.96676E-6,15.612671,7.621781E-4,0.2705212,0.0016657329,0.010339843,0.009730368,0.090856425,0.08068494,0.7609173,0.009432356,0.013418391,0.002573852,0.08817701,0.08251251,0.017762542,0.0012131177,0.2705212,0.0016657329,"TWOGAUSSIANS_WITH_ELLIPSOIDAL_ON_ECLIPSE1",9,4.8163567,0.2705212,0.0016657329,0.057903122,0.054490063,0.1263815,0.08211294,0.76096725,0.0094056055,0.075142995,0.014413572,0.12357362,0.0823821
375316653866487564,2032992812177688320,0.56951916,2143.2197974485543,2.212836379862013,1.6456932E-5,16.588215,0.00938957,0.26606643,0.0020302734,0.09540781,0.0035688288,0.30107737,0.009937214,0.77206326,0.004572332,0.08888971,0.0061219297,0.3027313,0.028983856,null,null,null,null,"TWOGAUSSIANS",8,16.074617,0.77206326,0.004572332,0.4,0.0,0.28881076,0.031140644,0.26606643,0.0020302734,0.4,0.0,0.2871562,0.0070092175
375316653866487564,2032993361935819776,0.5438457,2223.9974424972334,3.3526796879600607,7.727916E-6,19.263468,0.009000226,0.25515023,0.0042913854,0.06853072,0.010055948,0.45983738,0.093046546,0.74626243,0.0023348054,0.07114247,0.0020713862,0.615037,0.017893473,null,null,null,null,"TWOGAUSSIANS",8,2.7852561,0.74626243,0.0023348054,0.39839786,0.008732179,0.61364037,0.01756456,0.25515023,0.0042913854,0.38377208,0.043518443,0.45844072,0.09411342
