Gaia/vari_eclipsing_binary/VariEclipsingBinary_516514-517081.csv
# %ECSV 1.0
# ---
# delimiter: ','
# meta: !!omap
# - RELEASE: Gaia DR3
# - TABLE: vari_eclipsing_binary
# - DESCRIPTION: >
#     This table describes the properties of the eclipsing binaries resulting from the variability analysis. 
# - CITATION: >
#     How to cite and acknowledge Gaia: 
#     https://gea.esac.esa.int/archive/documentation/credits.html 
# - KNOWN_ISSUES: >
#     Known issues: 
#     https://www.cosmos.esa.int/web/gaia-users/known-issues 
# - DOCUMENTATION: >
#     Tutorials and documentation: 
#     https://www.cosmos.esa.int/web/gaia-users/archive 
# datatype:
# - 
#   name: solution_id
#   datatype: int64
#   description: Solution Identifier
#   meta:
#     ucd: meta.version
# - 
#   name: source_id
#   datatype: int64
#   description: Unique source identifier
#   meta:
#     ucd: meta.id;meta.main
# - 
#   name: global_ranking
#   datatype: float32
#   description: Number between 0 (worst) and 1 (best)
#   meta:
#     ucd: stat.param
# - 
#   name: reference_time
#   datatype: float64
#   unit: d
#   description: Reference time used for the geometric model fit
#   meta:
#     ucd: time.epoch
# - 
#   name: frequency
#   datatype: float64
#   unit: d**-1
#   description: Frequency of geometric model of the eclipsing binary light curve
#   meta:
#     ucd: src.orbital
# - 
#   name: frequency_error
#   datatype: float32
#   unit: d**-1
#   description: "Uncertainty of \\texttt{frequency}"
#   meta:
#     ucd: stat.error
# - 
#   name: geom_model_reference_level
#   datatype: float32
#   unit: mag
#   description: Magnitude reference level of geometric model
#   meta:
#     ucd: phot.mag;em.opt
# - 
#   name: geom_model_reference_level_error
#   datatype: float32
#   unit: mag
#   description: "Uncertainty of \\texttt{geomModelReferenceLevel}"
#   meta:
#     ucd: stat.error;phot.mag;em.opt
# - 
#   name: geom_model_gaussian1_phase
#   datatype: float32
#   description: Phase of the Gaussian 1 component
#   meta:
#     ucd: time.phase
# - 
#   name: geom_model_gaussian1_phase_error
#   datatype: float32
#   description: "Uncertainty of \\texttt{geomModelGaussian1Phase}"
#   meta:
#     ucd: stat.error;time.phase
# - 
#   name: geom_model_gaussian1_sigma
#   datatype: float32
#   description: "Standard deviation [phase] of Gaussian 1 component"
#   meta:
#     ucd: stat.stdev
# - 
#   name: geom_model_gaussian1_sigma_error
#   datatype: float32
#   description: "Uncertainty of \\texttt{geomModelGaussian1Sigma}"
#   meta:
#     ucd: stat.error
# - 
#   name: geom_model_gaussian1_depth
#   datatype: float32
#   unit: mag
#   description: Magnitude depth of Gaussian 1 component
#   meta:
#     ucd: src.var.amplitude
# - 
#   name: geom_model_gaussian1_depth_error
#   datatype: float32
#   unit: mag
#   description: "Uncertainty of \\texttt{geomModelGaussian1Depth}"
#   meta:
#     ucd: stat.error;src.var.amplitude
# - 
#   name: geom_model_gaussian2_phase
#   datatype: float32
#   description: Phase of Gaussian 2 component
#   meta:
#     ucd: time.phase
# - 
#   name: geom_model_gaussian2_phase_error
#   datatype: float32
#   description: "Uncertainty of \\texttt{geomModelGaussian2Phase}"
#   meta:
#     ucd: stat.error;time.phase
# - 
#   name: geom_model_gaussian2_sigma
#   datatype: float32
[...]
#   datatype: float32
#   description: "Secondary eclipse: uncertainty of \\texttt{derivedSecondaryEclDuration}"
#   meta:
#     ucd: stat.error;time.duration
# - 
#   name: derived_secondary_ecl_depth
#   datatype: float32
#   unit: mag
#   description: "Secondary eclipse: depth"
#   meta:
#     ucd: src.var.amplitude
# - 
#   name: derived_secondary_ecl_depth_error
#   datatype: float32
#   unit: mag
#   description: "Secondary eclipse: uncertainty of \\texttt{derivedSecondaryEclDepth}"
#   meta:
#     ucd: stat.error;src.var.amplitude
solution_id,source_id,global_ranking,reference_time,frequency,frequency_error,geom_model_reference_level,geom_model_reference_level_error,geom_model_gaussian1_phase,geom_model_gaussian1_phase_error,geom_model_gaussian1_sigma,geom_model_gaussian1_sigma_error,geom_model_gaussian1_depth,geom_model_gaussian1_depth_error,geom_model_gaussian2_phase,geom_model_gaussian2_phase_error,geom_model_gaussian2_sigma,geom_model_gaussian2_sigma_error,geom_model_gaussian2_depth,geom_model_gaussian2_depth_error,geom_model_cosine_half_period_amplitude,geom_model_cosine_half_period_amplitude_error,geom_model_cosine_half_period_phase,geom_model_cosine_half_period_phase_error,model_type,num_model_parameters,reduced_chi2,derived_primary_ecl_phase,derived_primary_ecl_phase_error,derived_primary_ecl_duration,derived_primary_ecl_duration_error,derived_primary_ecl_depth,derived_primary_ecl_depth_error,derived_secondary_ecl_phase,derived_secondary_ecl_phase_error,derived_secondary_ecl_duration,derived_secondary_ecl_duration_error,derived_secondary_ecl_depth,derived_secondary_ecl_depth_error
375316653866487564,4543330617479352960,0.45278525,2244.4145245654795,1.5876344292867093,5.696995E-5,19.619024,0.0070747063,0.24158023,0.011588592,0.018290672,0.0062781814,0.14533336,0.047129896,0.74671775,0.0070164213,0.023281058,0.0052442597,0.43855658,0.09520718,null,null,null,null,"TWOGAUSSIANS",8,3.518171,0.74671775,0.0070164213,0.13037392,0.029367853,0.43855658,0.09520718,0.24158023,0.011588592,0.10242777,0.03515782,0.14533336,0.047129896
375316653866487564,4543366729565467264,0.6631374,2302.6356372914242,3.0035325430765014,2.4409067E-6,12.683037,0.006194518,0.1901654,6.4955006E-4,0.05001847,0.0014595308,0.4429141,0.013044224,0.6947242,0.0020577286,0.04433647,0.0020162447,0.3296476,0.014579523,0.12622894,0.0071493885,0.1901654,6.4955006E-4,"TWOGAUSSIANS_WITH_ELLIPSOIDAL_ON_ECLIPSE1",9,184.58698,0.1901654,6.4955006E-4,0.28010345,0.008173373,0.6953698,0.006889621,0.6947242,0.0020577286,0.24828425,0.011290971,0.5818962,0.007909235
375316653866487564,4543427791117740928,0.5328422,2256.293661874668,3.7245983784200294,1.1934709E-5,15.090006,0.018146845,0.1622035,0.0037151705,0.09403509,0.012215493,0.20079854,0.014724867,0.65385306,0.0055213184,0.100098126,0.012106659,0.22320618,0.016845055,null,null,null,null,"TWOGAUSSIANS",8,103.31238,0.65385306,0.0055213184,0.4,0.0,0.20945662,0.0107753035,0.1622035,0.0037153792,0.4,0.0,0.1870505,0.009324867
375316653866487564,4543430883493852928,0.5318791,2264.9079111636484,3.5753954918048296,1.0092261E-5,13.445202,0.004294893,0.21264139,0.0029891632,0.07453857,0.0039833765,0.18428573,0.008194356,0.7059001,0.0053006723,0.08481554,0.0057774503,0.2021472,0.007425135,null,null,null,null,"TWOGAUSSIANS",8,94.60959,0.7059001,0.0053006723,0.4,0.0,0.19968593,0.0073018144,0.21264139,0.0029891632,0.4,0.0,0.18182446,0.008242347
375316653866487564,4543448166442272896,0.48096722,2272.048837628191,1.7070336458870958,1.0992073E-5,12.199164,0.0091034295,0.27913493,0.0024018425,0.21487634,0.027051646,0.20349059,0.009048099,0.7794656,0.0022055707,0.1782361,0.020195898,0.18387789,0.021303793,null,null,null,null,"TWOGAUSSIANS",8,32.908764,0.7797356,0.0022747845,0.4,0.0,0.038572595,0.0020511658,0.27895495,0.0026320787,0.4,0.0,0.038229868,0.0021566304
375316653866487564,4543452564488792320,0.5851792,2273.323575966008,2.6250098295631816,1.690938E-5,15.223159,0.00828617,0.23664838,0.003598058,0.09235108,0.0066266432,0.26410022,0.0073490795,0.74175906,0.002011386,0.08665486,0.0031857828,0.2835347,0.009671595,null,null,null,null,"TWOGAUSSIANS",8,59.621353,0.74175906,0.002011386,0.4,0.0,0.27333978,0.0075885737,0.23664838,0.003598058,0.4,0.0,0.25390512,0.00640836
375316653866487564,4543490119682989184,0.5091022,2282.650953362264,0.7972547620547774,1.3759003E-5,12.833856,0.0011593623,0.25298348,0.0031093496,0.05114802,0.0041613374,0.04211072,0.0029883215,0.7711034,0.007935176,0.02086753,0.011111112,0.022792386,0.030175935,0.006256465,0.0019229262,0.25298348,0.0031093496,"TWOGAUSSIANS_WITH_ELLIPSOIDAL_ON_ECLIPSE1",9,39.011196,0.25298348,0.0031093496,0.2864289,0.02330349,0.054623373,0.0025202455,0.7711034,0.007935176,0.11685817,0.06222223,0.03514355,0.03027913
375316653866487564,4543496991630718208,0.54784685,2284.8070303528357,3.1129880555958924,1.465295E-5,15.334978,0.021519514,0.31582052,0.004731139,0.11314891,0.011135772,0.19453211,0.020716572,0.8237059,0.0037222605,0.10458636,0.012194904,0.19723502,0.019050961,null,null,null,null,"TWOGAUSSIANS",8,29.295263,0.82371587,0.0037094,0.4,0.0,0.17149563,0.0048227226,0.31582052,0.0047347583,0.4,0.0,0.1687739,0.007699298
375316653866487564,4543528396429347712,0.48605204,2329.9760507950245,0.1774026416572173,2.3805509E-5,16.634172,0.001945911,0.32119456,0.0016277175,0.004379423,0.0014529617,0.088498816,0.08396426,0.61305004,0.030586539,0.05614613,0.00995663,0.47451922,0.1680573,null,null,null,null,"TWOGAUSSIANS",8,5.8530097,0.61305004,0.030586539,0.31441832,0.055757128,0.47451922,0.1680573,0.32119456,0.0016277175,0.024524767,0.008136585,0.08849946,0.08396435
375316653866487564,4543547191208551808,0.46589217,2282.3973223573976,0.4552080404929598,1.1728684E-5,16.999964,0.0054932907,0.23025458,8.8759104E-4,0.007283208,8.9702185E-4,0.3254166,0.01697029,0.71379685,0.015011083,0.02601344,0.018734986,0.19724455,1.1086514,null,null,null,null,"TWOGAUSSIANS",8,57.567616,0.23025458,8.8759104E-4,0.040785965,0.0050233225,0.3254166,0.01697029,0.71379685,0.015011083,0.14567526,0.10491592,0.19724455,1.1086514
375316653866487564,4543571788482806272,0.5898653,2283.8324857817847,0.737107803707836,5.3063236E-6,17.772747,0.0036856513,0.31115738,0.0043151504,0.025560705,0.0040125907,1.0074266,0.29900333,0.8034197,0.003034227,0.025443554,0.0044372818,0.120822825,0.060426418,0.018805275,0.0054365145,0.31115738,0.0043151504,"TWOGAUSSIANS_WITH_ELLIPSOIDAL_ON_ECLIPSE1",9,5.212041,0.31115738,0.0043151504,0.14313994,0.022470508,1.0450372,0.30032325,0.80353975,0.0030302554,0.1424839,0.024848778,0.15834592,0.057758853
375316653866487564,4543573510767530496,0.565652,2270.3364945389444,2.1556555745786876,1.2639334E-5,17.362284,0.024153398,0.19596307,0.007521021,0.045699567,0.010107892,0.2747155,0.058539677,0.6968216,0.00276619,0.041586056,0.004873732,0.92542887,0.11246231,0.028879987,0.03180811,0.19596307,0.007521021,"TWOGAUSSIANS_WITH_ELLIPSOIDAL_ON_ECLIPSE1",9,29.276218,0.6968216,0.0027565192,0.23288192,0.0272929,0.9831871,0.13435805,0.19596307,0.007521021,0.25591758,0.056604195,0.3324754,0.013422674
375316653866487564,4543581722745124608,0.54134727,2258.8705802586105,3.3221571176843283,8.261708E-6,17.156517,0.00799569,0.22985698,0.002349196,0.09918743,0.0059687556,0.2348011,0.0069207237,0.73152614,0.001905286,0.08705076,0.003705092,0.24618863,0.0090635335,null,null,null,null,"TWOGAUSSIANS",8,6.116046,0.73152614,0.001905286,0.4,0.0,0.23346888,0.008277742,0.22985698,0.002349196,0.4,0.0,0.22207995,0.0056373244
375316653866487564,4543585807256217088,0.59601444,2258.3694822981947,4.037026609707978,6.7651117E-6,18.335112,0.006735666,0.28891724,0.0016899602,0.06533418,0.003583422,0.5017797,0.009596513,0.7789057,0.0018905209,0.07206597,0.002638124,0.5193948,0.024048893,null,null,null,null,"TWOGAUSSIANS",8,4.7461257,0.7789057,0.0018905209,0.4,0.0076511647,0.5183548,0.02417605,0.28891724,0.0016899602,0.3658714,0.020067163,0.50073963,0.009611611
375316653866487564,4543613230625175680,0.5830636,2274.1170936494614,1.173265717893444,1.8644585E-6,15.895022,0.0028304334,0.2667337,0.004442629,0.038520314,0.005137151,0.099145144,0.011113824,0.7605369,5.6139333E-4,0.0344203,0.0013505043,0.5410576,0.032559074,0.014850277,0.0043664854,0.2667337,0.004442629,"TWOGAUSSIANS_WITH_ELLIPSOIDAL_ON_ECLIPSE1",9,12.8077545,0.7605669,5.594665E-4,0.19275367,0.0075628245,0.57071334,0.035687245,0.2667337,0.004442629,0.21571375,0.028768048,0.12884565,0.009800321
375316653866487564,4543638588112274176,0.5964616,2272.3185972079327,4.941967640291399,6.0813472E-6,18.03058,0.013582866,0.2310463,0.0020196266,0.05428971,0.0037868987,0.3863226,0.03338439,0.72785974,0.0041572503,0.051121555,0.004953341,0.35801688,0.035714705,0.12206094,0.019548114,0.2310463,0.0020196266,"TWOGAUSSIANS_WITH_ELLIPSOIDAL_ON_ECLIPSE1",9,8.461758,0.2310463,0.0020196266,0.30402237,0.021206632,0.6304332,0.01661502,0.7282497,0.0036517265,0.28628072,0.02773871,0.6020417,0.021976573
375316653866487564,4543652641245542272,0.53078324,2282.1143350145912,4.191715329156681,4.306308E-5,16.979122,0.00646413,0.47059572,0.011824984,0.01588464,0.011804347,0.625873,0.13151805,0.32079366,0.12588312,0.075125016,0.07684406,0.022472387,1.0624533,null,null,null,null,"TWOGAUSSIANS",8,34.8545,0.47056574,0.011809706,0.08895399,0.066104345,0.62895215,0.13446753,0.32079366,0.12588312,0.4,0.38658342,0.022472387,1.0624533
375316653866487564,4543661398681683328,0.54967433,2279.6104957125503,4.3629589855425905,1.1038885E-5,18.879297,0.019636042,0.26488483,0.0022553825,0.10001524,0.006607376,0.37127227,0.016862221,0.765541,0.003294429,0.1017879,0.0068201264,0.30442545,0.019376885,null,null,null,null,"TWOGAUSSIANS",8,1.6003746,0.26488483,0.0022553825,0.4,0.0,0.34035784,0.0076652053,0.765541,0.003294429,0.4,0.0,0.27351028,0.009395054
375316653866487564,4543661884014597760,0.5415312,2276.9922816475987,2.5734283958019977,9.963649E-6,15.32399,0.002033377,0.26316696,0.0029469016,0.07052828,0.014086205,0.0451527,0.008290915,0.7567074,0.003939095,0.03008852,0.006449076,0.04583998,0.02980348,0.046764836,0.0026401256,0.26316696,0.0029469016,"TWOGAUSSIANS_WITH_ELLIPSOIDAL_ON_ECLIPSE1",9,16.535702,0.75752735,0.0036305725,0.16849571,0.036114827,0.13915187,0.028524572,0.26316696,0.0029469016,0.3949584,0.048712227,0.13859901,0.0075302543
375316653866487564,4543689470588368128,0.51979285,2274.2974524076094,2.7563807994486296,1.1674172E-5,17.46612,0.028018774,0.26787013,0.0035743578,0.10655761,0.012927294,0.24730778,0.024375653,0.7599394,0.004709146,0.1042092,0.014243288,0.21024899,0.025858505,null,null,null,null,"TWOGAUSSIANS",8,10.728883,0.26787013,0.0035798058,0.4,0.0,0.22230618,0.01126066,0.7599394,0.004709146,0.4,0.0,0.18525158,0.011444598
375316653866487564,4543703558081222016,0.4681715,2284.3852319939115,1.4923858231790905,4.1295116E-5,18.785398,0.005268328,0.25011948,0.009899133,0.027390009,0.010024949,0.07974702,0.28142652,0.76376766,0.0072601577,0.022993725,0.010390436,0.20168196,0.26227912,0.029430985,0.007997191,0.25011948,0.009899133,"TWOGAUSSIANS_WITH_ELLIPSOIDAL_ON_ECLIPSE1",9,3.4650202,0.76376766,0.0072601577,0.12876487,0.058186445,0.2601121,0.2633853,0.25011948,0.009899133,0.15338404,0.056139715,0.13860896,0.2815384
375316653866487564,4543706890975879424,0.5109275,2256.5667688688286,0.9812343458620708,7.256026E-6,18.200687,0.0052100793,0.16397166,0.01287396,0.021583434,0.0108991405,0.039756812,0.0072281626,0.50381756,1.21607714E-4,0.003685784,1.4368002E-4,0.45936376,0.0025409313,null,null,null,null,"TWOGAUSSIANS",8,8.461958,0.50381756,1.21607714E-4,0.02064039,8.0460816E-4,0.45936376,0.0025409313,0.16397166,0.01287396,0.12086723,0.061035186,0.039756812,0.0072281626
375316653866487564,4543711155879454976,0.57121074,2277.7281571103313,3.834728358193205,1.0427331E-5,12.818697,0.009567004,0.28236428,0.0027759634,0.08643558,0.0046751224,0.35619214,0.009060795,0.7671051,0.0042298026,0.08556228,0.0046409303,0.45861053,0.01667833,null,null,null,null,"TWOGAUSSIANS",8,747.32947,0.7671051,0.0042298026,0.4,0.0,0.4495302,0.015810568,0.28236428,0.0027759634,0.4,0.0,0.34711185,0.006823795
375316653866487564,4543721738679085568,0.48874545,2239.131127541744,1.2956925234848975,1.5692765E-5,13.4972925,0.0016332319,0.27255857,0.0054572616,0.06723107,0.0043967534,0.08653699,0.004715041,0.7789286,0.003835477,0.06756448,0.0044052927,0.041501172,0.0025700098,null,null,null,null,"TWOGAUSSIANS",8,27.866585,0.27255857,0.0054572616,0.37649396,0.024621818,0.08643426,0.004727239,0.7789286,0.003835477,0.37836108,0.02466964,0.041398443,0.0025475337
375316653866487564,4543726166787611392,0.47295687,2258.991565313645,3.3344231391261703,2.9162658E-5,15.302411,0.06130402,0.23627955,0.037938602,0.042061135,0.06604002,0.02613999,0.10293778,0.6832651,0.008623796,0.03175862,0.10464302,0.09552838,7.0600533,0.073921405,0.05027027,0.6832651,0.008623796,"TWOGAUSSIANS_WITH_ELLIPSOIDAL_ON_ECLIPSE2",9,268.9033,0.6832651,0.008623796,0.17784828,0.47067818,0.2433706,7.100834,0.21070954,0.027408676,0.23554236,0.24739017,0.16521919,0.017296938
375316653866487564,4543728400171136000,0.5698793,2263.0329010558576,3.020732007618157,1.0991152E-5,16.49503,0.01325011,0.2476019,0.0036400848,0.0819931,0.0044741556,0.49865702,0.018830035,0.7568732,0.0031050178,0.080062725,0.003708159,0.45527878,0.020705352,null,null,null,null,"TWOGAUSSIANS",8,58.22367,0.2476019,0.0036400848,0.4,0.0,0.49182132,0.017843418,0.7568732,0.0031050178,0.4,0.0,0.4484431,0.020018289
375316653866487564,4543730633554183936,0.58103573,2257.624552802848,3.833818931769099,8.4737685E-6,18.4074,0.008230275,0.25704002,0.0020533719,0.07303982,0.0020285153,0.42030105,0.0100390585,0.75619346,0.0023933263,0.07831908,0.0039446363,0.49927923,0.02060435,null,null,null,null,"TWOGAUSSIANS",8,4.6954827,0.75619346,0.0023933263,0.4,0.0,0.49543002,0.021207733,0.25704002,0.0020533719,0.4,0.0,0.41645184,0.009283951
375316653866487564,4543763584543579264,0.5851514,2283.2204094877216,4.1493405930906615,7.1140266E-6,18.912758,0.003599559,0.25524095,0.0026086068,0.06546497,0.002539973,0.5828703,0.014101186,0.7581285,0.0011579103,0.066301994,0.0016593172,0.5794706,0.016849276,null,null,null,null,"TWOGAUSSIANS",8,2.6866903,0.25524095,0.0026086068,0.36660385,0.014223849,0.5820714,0.014175924,0.7581285,0.0011579103,0.37129116,0.009292176,0.57867175,0.016937662
375316653866487564,4543777122280801408,0.5535054,2245.322118371052,3.2269880049504622,2.7327125E-5,14.2962265,0.003250663,0.097234994,0.005238929,0.011794829,0.0028241666,0.7695656,0.34949875,0.8437753,0.009744617,0.0081270365,0.006916649,0.28378424,671166.4,null,null,null,null,"TWOGAUSSIANS",8,321.59338,0.097234994,0.005238929,0.066051036,0.015815333,0.7695656,0.34949875,0.8437753,0.009744617,0.045511402,0.038733233,0.28378424,671166.4
375316653866487564,4543801311535903232,0.5247784,2269.2490071828656,1.8059687135660303,2.269481E-5,12.419265,0.003489293,0.20400187,0.04848421,0.05003551,0.03977458,0.014401668,0.15257546,0.75379705,0.004503746,0.06484196,0.062406152,0.0036251633,0.00795912,0.037640158,0.0045689433,0.75379705,0.004503746,"TWOGAUSSIANS_WITH_ELLIPSOIDAL_ON_ECLIPSE2",9,101.33217,0.23093188,0.013787563,0.28019887,0.22273766,0.0861946,0.15304069,0.75379705,0.004503746,0.36311498,0.19465597,0.07890312,0.0034116097
375316653866487564,4543807363147602560,0.57724774,2275.8117120675442,1.7487390455023974,7.3328692E-6,15.764457,0.0069475677,0.24326536,0.0011218442,0.09727717,0.005328876,0.12059314,0.006328,0.7498004,0.0026852002,0.1068941,0.010056292,0.10714796,0.0048556025,null,null,null,null,"TWOGAUSSIANS",8,4.3723555,0.24326536,0.0011210893,0.4,0.0,0.11017432,0.0023938047,0.7498004,0.0026852002,0.4,0.0,0.096725665,0.0048447684
375316653866487564,4543808978053956864,0.4099821,2332.937175179236,2.5314948703108233,1.0804671E-4,16.451717,0.1607841,0.44906747,0.013669414,0.28096431,0.042971693,0.4071029,0.16712755,0.8942275,0.018899746,0.043407667,0.010695021,0.15893397,0.11223055,null,null,null,null,"TWOGAUSSIANS",8,18.543936,0.44906747,0.013669414,0.4,0.0,0.2284615,0.07765924,0.8942275,0.018899746,0.24308294,0.059892114,0.15281273,0.11299328
375316653866487564,4543815330310329856,0.59376824,2290.4405283132924,4.048513954177887,7.2776033E-6,15.790766,0.0077959816,0.29561672,0.0017445239,0.04369605,0.004379194,0.17468564,0.018495807,0.8018718,0.0016442344,0.05172006,0.0074306456,0.12885222,0.018735941,0.11111613,0.010431794,0.8018718,0.0016442344,"TWOGAUSSIANS_WITH_ELLIPSOIDAL_ON_ECLIPSE2",9,28.840563,0.29662672,0.0013112781,0.24469787,0.02452349,0.3966286,0.017175846,0.8018718,0.0016442344,0.28963235,0.041611616,0.3510831,0.016328821
375316653866487564,4543822137834838656,0.54023254,2245.7627065872744,3.8506603129510166,1.9334142E-5,15.869869,0.019218808,0.2584456,0.006681961,0.042496495,0.009092677,0.16128872,0.04179447,0.76291066,0.0064292736,0.06839069,0.047039486,0.10136444,0.04004997,0.08447682,0.023120437,0.76291066,0.0064292736,"TWOGAUSSIANS_WITH_ELLIPSOIDAL_ON_ECLIPSE2",9,73.57763,0.2590256,0.005475656,0.23798037,0.050918993,0.33000118,0.008593605,0.76291066,0.0064292736,0.3829879,0.23698436,0.27019256,0.06902534
375316653866487564,4543826467161835136,0.6261098,2239.6871371124334,3.0869547191756204,3.4684658E-6,18.292984,0.017772138,0.2569373,0.0010352609,0.055907093,0.0042559607,0.48222855,0.03909812,0.7583532,0.0017759065,0.052260358,0.003850795,0.39458954,0.03873137,0.0901306,0.022488508,0.2569373,0.0010352609,"TWOGAUSSIANS_WITH_ELLIPSOIDAL_ON_ECLIPSE1",9,3.954175,0.2569373,0.0010352609,0.3130797,0.02383338,0.6624629,0.03171706,0.7583532,0.0017759065,0.292658,0.021564454,0.5748096,0.0185844
