Gaia/vari_eclipsing_binary/VariEclipsingBinary_690847-690937.csv
# %ECSV 1.0
# ---
# delimiter: ','
# meta: !!omap
# - RELEASE: Gaia DR3
# - TABLE: vari_eclipsing_binary
# - DESCRIPTION: >
#     This table describes the properties of the eclipsing binaries resulting from the variability analysis. 
# - CITATION: >
#     How to cite and acknowledge Gaia: 
#     https://gea.esac.esa.int/archive/documentation/credits.html 
# - KNOWN_ISSUES: >
#     Known issues: 
#     https://www.cosmos.esa.int/web/gaia-users/known-issues 
# - DOCUMENTATION: >
#     Tutorials and documentation: 
#     https://www.cosmos.esa.int/web/gaia-users/archive 
# datatype:
# - 
#   name: solution_id
#   datatype: int64
#   description: Solution Identifier
#   meta:
#     ucd: meta.version
# - 
#   name: source_id
#   datatype: int64
#   description: Unique source identifier
#   meta:
#     ucd: meta.id;meta.main
# - 
#   name: global_ranking
#   datatype: float32
#   description: Number between 0 (worst) and 1 (best)
#   meta:
#     ucd: stat.param
# - 
#   name: reference_time
#   datatype: float64
#   unit: d
#   description: Reference time used for the geometric model fit
#   meta:
#     ucd: time.epoch
# - 
#   name: frequency
#   datatype: float64
#   unit: d**-1
#   description: Frequency of geometric model of the eclipsing binary light curve
#   meta:
#     ucd: src.orbital
# - 
#   name: frequency_error
#   datatype: float32
#   unit: d**-1
#   description: "Uncertainty of \\texttt{frequency}"
#   meta:
#     ucd: stat.error
# - 
#   name: geom_model_reference_level
#   datatype: float32
#   unit: mag
#   description: Magnitude reference level of geometric model
#   meta:
#     ucd: phot.mag;em.opt
# - 
#   name: geom_model_reference_level_error
#   datatype: float32
#   unit: mag
#   description: "Uncertainty of \\texttt{geomModelReferenceLevel}"
#   meta:
#     ucd: stat.error;phot.mag;em.opt
# - 
#   name: geom_model_gaussian1_phase
#   datatype: float32
#   description: Phase of the Gaussian 1 component
#   meta:
#     ucd: time.phase
# - 
#   name: geom_model_gaussian1_phase_error
#   datatype: float32
#   description: "Uncertainty of \\texttt{geomModelGaussian1Phase}"
#   meta:
#     ucd: stat.error;time.phase
# - 
#   name: geom_model_gaussian1_sigma
#   datatype: float32
#   description: "Standard deviation [phase] of Gaussian 1 component"
#   meta:
#     ucd: stat.stdev
# - 
#   name: geom_model_gaussian1_sigma_error
#   datatype: float32
#   description: "Uncertainty of \\texttt{geomModelGaussian1Sigma}"
#   meta:
#     ucd: stat.error
# - 
#   name: geom_model_gaussian1_depth
#   datatype: float32
#   unit: mag
#   description: Magnitude depth of Gaussian 1 component
#   meta:
#     ucd: src.var.amplitude
# - 
#   name: geom_model_gaussian1_depth_error
#   datatype: float32
#   unit: mag
#   description: "Uncertainty of \\texttt{geomModelGaussian1Depth}"
#   meta:
#     ucd: stat.error;src.var.amplitude
# - 
#   name: geom_model_gaussian2_phase
#   datatype: float32
#   description: Phase of Gaussian 2 component
#   meta:
#     ucd: time.phase
# - 
#   name: geom_model_gaussian2_phase_error
#   datatype: float32
#   description: "Uncertainty of \\texttt{geomModelGaussian2Phase}"
#   meta:
#     ucd: stat.error;time.phase
# - 
#   name: geom_model_gaussian2_sigma
#   datatype: float32
[...]
#   datatype: float32
#   description: "Secondary eclipse: uncertainty of \\texttt{derivedSecondaryEclDuration}"
#   meta:
#     ucd: stat.error;time.duration
# - 
#   name: derived_secondary_ecl_depth
#   datatype: float32
#   unit: mag
#   description: "Secondary eclipse: depth"
#   meta:
#     ucd: src.var.amplitude
# - 
#   name: derived_secondary_ecl_depth_error
#   datatype: float32
#   unit: mag
#   description: "Secondary eclipse: uncertainty of \\texttt{derivedSecondaryEclDepth}"
#   meta:
#     ucd: stat.error;src.var.amplitude
solution_id,source_id,global_ranking,reference_time,frequency,frequency_error,geom_model_reference_level,geom_model_reference_level_error,geom_model_gaussian1_phase,geom_model_gaussian1_phase_error,geom_model_gaussian1_sigma,geom_model_gaussian1_sigma_error,geom_model_gaussian1_depth,geom_model_gaussian1_depth_error,geom_model_gaussian2_phase,geom_model_gaussian2_phase_error,geom_model_gaussian2_sigma,geom_model_gaussian2_sigma_error,geom_model_gaussian2_depth,geom_model_gaussian2_depth_error,geom_model_cosine_half_period_amplitude,geom_model_cosine_half_period_amplitude_error,geom_model_cosine_half_period_phase,geom_model_cosine_half_period_phase_error,model_type,num_model_parameters,reduced_chi2,derived_primary_ecl_phase,derived_primary_ecl_phase_error,derived_primary_ecl_duration,derived_primary_ecl_duration_error,derived_primary_ecl_depth,derived_primary_ecl_depth_error,derived_secondary_ecl_phase,derived_secondary_ecl_phase_error,derived_secondary_ecl_duration,derived_secondary_ecl_duration_error,derived_secondary_ecl_depth,derived_secondary_ecl_depth_error
[from data line 73]
375316653866487564,6076832885043138176,0.62521756,2201.8928857492797,1.400042585148794,3.823355E-6,15.324732,0.0018526067,0.2828626,0.0047426773,0.043630414,0.012168441,0.056734655,0.0056668427,0.78365725,9.764485E-4,0.043733496,8.574642E-4,0.30713773,0.0054849386,0.037381783,0.003104625,0.2828626,0.0047426773,"TWOGAUSSIANS_WITH_ELLIPSOIDAL_ON_ECLIPSE1",9,11.98914,0.78365725,9.0177945E-4,0.24490759,0.0048017995,0.3818993,0.0040365886,0.2828626,0.0047426773,0.24433032,0.06814327,0.13149811,0.0032274781
375316653866487564,6076832992428881664,0.4992329,2193.0492140403517,2.6232602450498512,8.288364E-6,18.292875,0.003966315,0.1911776,0.0030424178,0.050284583,0.0039002097,0.2437297,0.023554256,0.9263618,0.009724927,0.0069253184,0.020486912,0.23618236,0.58639634,null,null,null,null,"TWOGAUSSIANS",8,5.530433,0.1911776,0.0030424178,0.28159365,0.021841174,0.2437297,0.023554256,0.9263618,0.009724927,0.038781784,0.11472671,0.23618259,0.58639616
375316653866487564,6076833056841885824,0.5637551,2200.183154472752,3.6722548635435803,6.1433925E-6,16.904055,0.026486207,0.27822688,0.003003456,0.04848763,0.025268821,0.107245795,0.049873628,0.7792571,0.005424921,0.040454246,0.014264827,0.14601603,0.053842295,0.10018941,0.031470664,0.27822688,0.003003456,"TWOGAUSSIANS_WITH_ELLIPSOIDAL_ON_ECLIPSE1",9,17.322556,0.7792571,0.004917864,0.22654378,0.07988303,0.34638596,0.03658348,0.27822688,0.003003456,0.27153072,0.14113064,0.30762413,0.015258206
375316653866487564,6076833301666533632,0.6551132,2207.5549744477867,1.2656848913282859,1.0058253E-6,13.228885,0.0019891781,0.2161963,0.0025233438,0.03370142,0.0032282737,0.07493995,0.0051171617,0.72049123,4.4437827E-4,0.037558492,5.4495997E-4,0.51817375,0.008459807,0.009509052,0.0025608647,0.2161963,0.0025233438,"TWOGAUSSIANS_WITH_ELLIPSOIDAL_ON_ECLIPSE1",9,54.921318,0.72049123,4.4437827E-4,0.21032757,0.003051776,0.537178,0.008636078,0.2161963,0.0025233438,0.18872795,0.018078333,0.09395801,0.0033956754
375316653866487564,6076835431970896768,0.4842989,2157.1515906891063,0.3814952098631649,1.4573157E-5,15.899265,0.0017156069,0.22249188,0.0060317116,0.06378743,0.006948858,0.028696261,0.00340775,0.69316655,0.0044132946,0.094366215,0.010786927,0.066916905,0.0058962298,null,null,null,null,"TWOGAUSSIANS",8,6.8100557,0.69316655,0.0044132946,0.4,0.0,0.06657286,0.006172539,0.22249188,0.006031416,0.35720962,0.038913604,0.02835249,0.0033720871
375316653866487564,6076836462763722880,0.7071158,2255.682384438216,0.031103129448336778,2.8133072E-5,14.644148,8.268394E-4,0.06076407,0.0033680452,0.0022573788,0.00196678,0.64899236,867.8913,0.78830236,1.4459206E-4,0.0027023547,1.7264475E-4,0.5844477,0.064405456,null,null,null,null,"TWOGAUSSIANS",8,10.05358,0.06076407,0.0033680452,0.012641321,0.011013969,0.64899236,867.8913,0.78830236,1.4459206E-4,0.015133186,9.6681056E-4,0.5844477,0.064405456
375316653866487564,6076838936664584704,0.54918146,2200.850228007451,3.0503554189810154,1.2542122E-5,17.768585,0.014570685,0.20958982,0.0043596574,0.039265756,0.021446643,0.0963421,0.027102763,0.70031047,0.0068716877,0.057363838,0.009509752,0.1409436,0.0312839,0.09495573,0.01790373,0.20958982,0.0043596574,"TWOGAUSSIANS_WITH_ELLIPSOIDAL_ON_ECLIPSE1",9,6.827883,0.70272046,0.0045112134,0.32123747,0.05325461,0.3303711,0.011447557,0.20958982,0.0043596574,0.21988824,0.1201012,0.28624752,0.011680333
375316653866487564,6076839142822626048,0.4210209,2197.647294118185,0.4135041961401548,6.369492E-5,17.9372,0.005573207,0.36015588,0.021030022,0.05255656,0.02146996,0.029526586,0.013086835,0.68015444,0.0033587103,0.009134152,0.0034607647,0.30004743,0.6610183,0.014266754,0.007719723,0.36015588,0.021030022,"TWOGAUSSIANS_WITH_ELLIPSOIDAL_ON_ECLIPSE1",9,20.478018,0.68019444,0.0033877264,0.05115125,0.01938028,0.3052223,0.6605962,0.36015588,0.021030022,0.2943167,0.12023178,0.058059733,0.011358367
375316653866487564,6076840757730429440,0.54803866,2174.5580635491683,3.955278285317905,1.3668854E-5,17.381386,0.0030068047,0.26832324,0.0036585485,0.0798773,0.0044549406,0.10109456,0.0043481714,0.7772375,0.0028067483,0.08025374,0.004644628,0.13066743,0.0051121074,null,null,null,null,"TWOGAUSSIANS",8,2.5207794,0.7772375,0.0028067483,0.4,0.0,0.12919524,0.00516527,0.26832324,0.0036585485,0.4,0.0,0.099622376,0.004235424
375316653866487564,6076843055520742016,0.517436,2187.331910333999,0.2941003078770286,7.089079E-5,16.956347,0.0023337218,0.11215167,4.4900953E-6,0.006662889,6.545052E-5,1.5123224,0.026645197,0.41362917,0.0027768358,0.008098535,0.0031105408,0.97140384,0.8954972,null,null,null,null,"TWOGAUSSIANS",8,48.683067,0.11215167,4.4900953E-6,0.03731218,3.665229E-4,1.5123224,0.026645197,0.41362917,0.0027768358,0.0453518,0.017419027,0.97140384,0.8954972
375316653866487564,6076845220187745152,0.5024755,2207.957137875792,0.953701702292428,8.262493E-6,17.894125,0.001687626,0.35650432,0.017127257,0.012922213,0.014709483,0.021626288,3.1311073,0.48070413,3.4700855E-4,0.005061609,3.9155214E-4,0.2697768,0.020981109,null,null,null,null,"TWOGAUSSIANS",8,3.6236148,0.48070413,3.4700855E-4,0.028345013,0.0021926921,0.2697768,0.020981109,0.35650432,0.017127257,0.0723644,0.082373105,0.021626288,3.1311073
375316653866487564,6076846938171577088,0.5642631,2179.817324520858,3.11348547188505,1.2289878E-5,19.077429,0.024085086,0.22406873,0.003459326,0.057410084,0.011888746,0.39218533,0.042389635,0.7278509,0.003129884,0.04633273,0.008071251,0.25154737,0.06652645,0.098349616,0.026629392,0.22406873,0.003459326,"TWOGAUSSIANS_WITH_ELLIPSOIDAL_ON_ECLIPSE1",9,3.5182595,0.22406873,0.003459326,0.3214965,0.06657698,0.5888546,0.021821555,0.7278509,0.003129884,0.25946328,0.045199003,0.44810557,0.05369251
375316653866487564,6076848660470704000,0.6409017,2220.828126361308,2.8509863922184095,4.293459E-6,16.040932,0.009475353,0.232813,0.0015884546,0.049624953,0.0038498547,0.34218138,0.018831251,0.738334,0.0021555552,0.040875893,0.004528633,0.208502,0.022974486,0.12116409,0.010614839,0.738334,0.0021555552,"TWOGAUSSIANS_WITH_ELLIPSOIDAL_ON_ECLIPSE2",9,31.912306,0.233483,0.0013225755,0.27789974,0.021559186,0.58425254,0.015391665,0.738334,0.0021555552,0.228905,0.025360344,0.45082936,0.0121915
375316653866487564,6076856524538975488,0.5097275,2165.8538784672705,2.572520283248008,1.00659745E-5,19.850384,0.0151712755,0.23457465,0.006287548,0.07794071,0.0056842775,0.36400166,0.029569427,0.7282924,0.00395502,0.080710575,0.005865634,0.5698207,0.03148267,null,null,null,null,"TWOGAUSSIANS",8,2.5294733,0.7282924,0.00395502,0.4,0.0,0.5642127,0.03230033,0.23457465,0.006287548,0.4,0.0,0.35839364,0.0288297
375316653866487564,6076857731441257472,0.52297014,2162.5612808171436,3.140256281355726,1.4134465E-5,18.387617,0.0076654996,0.22250636,0.00467305,0.08221071,0.005286756,0.25528738,0.012789512,0.7213202,0.003960575,0.08861741,0.006437077,0.2834789,0.012187671,null,null,null,null,"TWOGAUSSIANS",8,4.6837335,0.7213202,0.003960575,0.4,0.0,0.2761969,0.012967788,0.22250636,0.00467305,0.4,0.0,0.24800548,0.012045521
375316653866487564,6076857868880446592,0.5938061,2198.2712344302095,0.2998432340727209,3.4289562E-6,15.550953,7.889212E-4,0.5128976,0.0059974226,0.010528302,0.0026842293,0.33872098,0.062288616,0.8482821,0.009118967,0.006506588,0.005198366,0.0608693,12.996643,null,null,null,null,"TWOGAUSSIANS",8,7.800062,0.5128976,0.0059974226,0.05895849,0.015031684,0.33872098,0.062288616,0.8482821,0.009118967,0.036436893,0.02911085,0.0608693,12.996643
375316653866487564,6076858109400950528,0.5497851,2196.6711999829963,2.439755269821229,1.2419416E-5,17.745373,0.0067752874,0.18701743,0.0024419827,0.04874746,0.007639156,0.17073832,0.017145505,0.68866366,0.008423279,0.025376929,0.010387889,0.14642447,0.028134743,0.106962085,0.008237748,0.18701743,0.0024419827,"TWOGAUSSIANS_WITH_ELLIPSOIDAL_ON_ECLIPSE1",9,10.608919,0.18701743,0.0024419827,0.2729858,0.042779274,0.38466212,0.016066575,0.68866366,0.008378912,0.14211081,0.05817218,0.36032537,0.024019528
375316653866487564,6076858929724197248,0.4412428,2166.642570091512,2.4326462741245107,2.680065E-5,19.44593,0.008429252,0.6068397,8.51831E-4,0.022721788,0.0042291987,0.57477164,0.14863317,null,null,null,null,null,null,null,null,null,null,"ONEGAUSSIAN",5,11.608785,0.6068397,8.51831E-4,0.12724201,0.023683513,0.57477164,0.0,null,null,null,null,null,null
375316653866487564,6076864083682814080,0.5710701,2245.6398575194703,0.02348354910770385,4.4633252E-6,18.161575,8.770791E-4,0.32591265,0.04418103,0.059642185,0.03900383,0.01502528,0.047178246,0.81954914,4.1412444E-5,0.0044357623,7.476667E-5,4.9400253,0.5093075,null,null,null,null,"TWOGAUSSIANS",8,1.1789324,0.81954914,4.1412444E-5,0.02484027,4.1869338E-4,4.9400253,0.5093075,0.32591265,0.04418103,0.33399624,0.21842146,0.01502528,0.047178246
375316653866487564,6076864843907152640,0.5815325,2201.1248245256133,3.4352313983862945,7.716358E-6,18.200184,0.011058177,0.24780299,0.0022749929,0.088594854,0.0039692167,0.32012528,0.0106347995,0.7537623,0.005239824,0.09117527,0.00635283,0.36494434,0.0139107,null,null,null,null,"TWOGAUSSIANS",8,2.89472,0.7537623,0.005239824,0.4,0.0,0.35191256,0.012795285,0.24780299,0.0022749929,0.4,0.0,0.30709365,0.007093122
375316653866487564,6076865251913648384,0.56301886,2186.087140977974,2.751721314663435,9.259287E-6,17.675865,0.009866492,0.26653656,0.0027607002,0.09832172,0.005580084,0.21598908,0.009348015,0.765139,0.0031909295,0.10094155,0.0066517848,0.24621469,0.00864215,null,null,null,null,"TWOGAUSSIANS",8,3.0558956,0.765139,0.0031909295,0.4,0.0,0.22675002,0.0071734744,0.26653656,0.0027607002,0.4,0.0,0.19652568,0.0035075755
375316653866487564,6076866080858230528,0.6180639,2210.9809310987707,3.541612282737392,5.5562537E-6,14.309238,0.008209547,0.1896697,0.0013978425,0.07147875,0.0022270617,0.37642995,0.008370195,0.69090873,0.0013276429,0.07058234,0.0023663514,0.45641783,0.015544007,null,null,null,null,"TWOGAUSSIANS",8,167.6791,0.69090873,0.0013276429,0.39526108,0.008756621,0.454778,0.01551461,0.1896697,0.0013978425,0.4,0.0057301433,0.37479013,0.007979777
375316653866487564,6076867901924286080,0.44946375,2203.742966579961,1.0063239123448473,1.1289E-5,17.44409,0.016424742,0.32083002,0.023083387,0.108584516,0.10117892,0.062346376,0.04020048,0.7716865,0.005011669,0.04597308,0.0070201876,0.24793698,0.03602995,null,null,null,null,"TWOGAUSSIANS",8,32.047623,0.7716865,0.005011669,0.25744927,0.039313048,0.24764767,0.03601045,0.32083002,0.023083387,0.4,0.23365569,0.062045645,0.040761627
375316653866487564,6076869551192130944,0.6099172,2184.15689115332,1.2321164153534725,4.1491157E-6,16.946161,0.0040474944,0.140335,0.011230744,0.018252175,0.010174207,0.22432458,0.08686406,0.6453405,3.8240457E-4,0.020338379,6.0306664E-4,0.9756204,0.034366928,0.010973133,0.005790866,0.140335,0.011230744,"TWOGAUSSIANS_WITH_ELLIPSOIDAL_ON_ECLIPSE1",9,29.942738,0.6453405,3.8240457E-4,0.11389492,0.0033771733,0.99754494,0.034354016,0.140335,0.011230744,0.10221218,0.056975562,0.24627084,0.0872434
375316653866487564,6076870341458905344,0.4182358,2168.503374575844,0.09270563011964143,9.7088734E-5,19.517391,0.013753467,0.97208977,0.023214567,0.07420683,0.022016274,0.064204164,0.019427998,0.30630204,0.015389495,0.100592814,0.009363236,0.16370636,0.030442618,null,null,null,null,"TWOGAUSSIANS",8,4.434566,0.30630204,0.015389495,0.4,0.0,0.1635555,0.030192045,0.97405976,0.023744559,0.4,0.04399299,0.06472841,0.018989809
375316653866487564,6076870646392387968,0.5557846,2196.4331982460194,2.5227621959498747,6.8666714E-6,19.277262,0.0065178233,0.20172118,0.0025550087,0.070063815,0.0027130563,0.5304975,0.02398818,0.7025364,0.0037098175,0.07322257,0.0030453238,0.53485954,0.01901772,null,null,null,null,"TWOGAUSSIANS",8,2.2800765,0.7025364,0.0037098175,0.4,0.0,0.5324896,0.018930953,0.20172118,0.0025550087,0.39235735,0.015193115,0.5281275,0.024181955
375316653866487564,6076871471026273152,0.4197232,2184.712642112107,0.04646611546123476,4.8271635E-5,18.760265,0.009361193,0.40413633,0.012758766,0.04369582,0.020448351,0.11630621,0.023573447,0.8761413,0.0134024,0.05115201,0.016985692,0.09321408,0.018709453,null,null,null,null,"TWOGAUSSIANS",8,5.162587,0.40413633,0.012758766,0.24469659,0.11451077,0.11630617,0.023573559,0.8761413,0.0134024,0.28645125,0.09511987,0.09321404,0.018709585
375316653866487564,6076871612777052032,0.5827741,2168.189077604368,1.3884301731686073,6.1136593E-6,17.078981,0.012483193,0.25477505,0.0035986197,0.09134575,0.009560482,0.15268883,0.010473898,0.74329907,0.003746581,0.09595836,0.0060172323,0.2408205,0.011975692,null,null,null,null,"TWOGAUSSIANS",8,4.3747725,0.74329907,0.003746581,0.4,0.0,0.23158468,0.007324938,0.25477505,0.0035986197,0.4,0.0,0.14345361,0.0060038497
375316653866487564,6076871715855728128,0.56005627,2191.1475406805666,2.680958266096744,5.1344095E-6,15.342804,0.010769696,0.2863543,0.002671035,0.097806275,0.0065495637,0.20393066,0.0106600905,0.78449136,0.0015112488,0.10510134,0.0058930684,0.18763989,0.009761513,null,null,null,null,"TWOGAUSSIANS",8,26.640463,0.2863543,0.002671035,0.4,0.0,0.18561767,0.008489247,0.78449136,0.0015112488,0.4,0.0,0.16932319,0.0047323913
375316653866487564,6076872849727158144,0.46125567,2205.1843450564656,2.56500996812865,2.8927192E-5,15.61422,0.25001726,0.2281067,0.010811979,0.12418828,0.056956813,0.20359556,0.239503,0.7227043,0.0076708305,0.12761626,0.061889324,0.19895548,0.23770107,null,null,null,null,"TWOGAUSSIANS",8,137.39227,0.22817671,0.010650522,0.4,0.0,0.15009747,0.013012799,0.7227043,0.0076708305,0.4,0.0,0.14539506,0.01389931
375316653866487564,6076874597762485504,0.5959627,2186.883868172735,3.3874502315532444,5.8782844E-6,18.09481,0.01083829,0.26304364,0.0014913063,0.047453072,0.0032422072,0.43858764,0.025962718,0.76347893,0.0031147965,0.049707215,0.0035569684,0.2916303,0.025455734,0.11146444,0.013126329,0.26304364,0.0014913063,"TWOGAUSSIANS_WITH_ELLIPSOIDAL_ON_ECLIPSE1",9,6.5765657,0.26304364,0.0014913063,0.2657372,0.01815636,0.6615151,0.018931678,0.76347893,0.0029282721,0.2783604,0.019919023,0.5145561,0.011054529
375316653866487564,6076875216238071424,0.44789615,2220.8752220199194,1.0266096340813977,1.3021921E-5,19.446379,0.020852601,0.23600487,0.0029252842,0.04162088,0.0050929245,0.66183555,0.05611341,0.71066606,0.0075240135,0.08868252,0.0107969595,0.29612488,0.026852414,null,null,null,null,"TWOGAUSSIANS",8,14.717138,0.23600487,0.0029252842,0.23307693,0.028520377,0.6616276,0.05622132,0.71066606,0.0075240135,0.4,0.0,0.29591674,0.02678266
375316653866487564,6076875495426949504,0.5495586,2211.1662263199973,3.614541855851936,1.0910018E-5,18.154522,0.017013604,0.29041398,0.0038927367,0.09895674,0.007831315,0.35163832,0.01597666,0.77208453,0.0029165319,0.09904017,0.007776305,0.28124976,0.014593899,null,null,null,null,"TWOGAUSSIANS",8,4.246885,0.29041398,0.0038927367,0.4,0.0,0.3312235,0.0122749405,0.77208453,0.0029165319,0.4,0.0,0.26083547,0.009007896
375316653866487564,6076875632865929600,0.5560602,2197.5103303121323,1.370295587832009,6.309215E-6,14.028096,0.002084542,0.27608952,0.005964904,0.03651806,0.0039981273,0.15199898,0.015273884,0.7769923,0.003964751,0.03506382,0.0050929743,0.1353317,0.018821362,0.013387025,0.003017017,0.27608952,0.005964904,"TWOGAUSSIANS_WITH_ELLIPSOIDAL_ON_ECLIPSE1",9,26.888395,0.27608952,0.005964904,0.20450114,0.022389514,0.17877302,0.013119988,0.7769923,0.003964751,0.19635741,0.028520655,0.16210489,0.019490385
