Gaia/vari_eclipsing_binary/VariEclipsingBinary_605954-606136.csv
# %ECSV 1.0
# ---
# delimiter: ','
# meta: !!omap
# - RELEASE: Gaia DR3
# - TABLE: vari_eclipsing_binary
# - DESCRIPTION: >
#     This table describes the properties of the eclipsing binaries resulting from the variability analysis. 
# - CITATION: >
#     How to cite and acknowledge Gaia: 
#     https://gea.esac.esa.int/archive/documentation/credits.html 
# - KNOWN_ISSUES: >
#     Known issues: 
#     https://www.cosmos.esa.int/web/gaia-users/known-issues 
# - DOCUMENTATION: >
#     Tutorials and documentation: 
#     https://www.cosmos.esa.int/web/gaia-users/archive 
# datatype:
# - 
#   name: solution_id
#   datatype: int64
#   description: Solution Identifier
#   meta:
#     ucd: meta.version
# - 
#   name: source_id
#   datatype: int64
#   description: Unique source identifier
#   meta:
#     ucd: meta.id;meta.main
# - 
#   name: global_ranking
#   datatype: float32
#   description: Number between 0 (worst) and 1 (best)
#   meta:
#     ucd: stat.param
# - 
#   name: reference_time
#   datatype: float64
#   unit: d
#   description: Reference time used for the geometric model fit
#   meta:
#     ucd: time.epoch
# - 
#   name: frequency
#   datatype: float64
#   unit: d**-1
#   description: Frequency of geometric model of the eclipsing binary light curve
#   meta:
#     ucd: src.orbital
# - 
#   name: frequency_error
#   datatype: float32
#   unit: d**-1
#   description: "Uncertainty of \\texttt{frequency}"
#   meta:
#     ucd: stat.error
# - 
#   name: geom_model_reference_level
#   datatype: float32
#   unit: mag
#   description: Magnitude reference level of geometric model
#   meta:
#     ucd: phot.mag;em.opt
# - 
#   name: geom_model_reference_level_error
#   datatype: float32
#   unit: mag
#   description: "Uncertainty of \\texttt{geomModelReferenceLevel}"
#   meta:
#     ucd: stat.error;phot.mag;em.opt
# - 
#   name: geom_model_gaussian1_phase
#   datatype: float32
#   description: Phase of the Gaussian 1 component
#   meta:
#     ucd: time.phase
# - 
#   name: geom_model_gaussian1_phase_error
#   datatype: float32
#   description: "Uncertainty of \\texttt{geomModelGaussian1Phase}"
#   meta:
#     ucd: stat.error;time.phase
# - 
#   name: geom_model_gaussian1_sigma
#   datatype: float32
#   description: "Standard deviation [phase] of Gaussian 1 component"
#   meta:
#     ucd: stat.stdev
# - 
#   name: geom_model_gaussian1_sigma_error
#   datatype: float32
#   description: "Uncertainty of \\texttt{geomModelGaussian1Sigma}"
#   meta:
#     ucd: stat.error
# - 
#   name: geom_model_gaussian1_depth
#   datatype: float32
#   unit: mag
#   description: Magnitude depth of Gaussian 1 component
#   meta:
#     ucd: src.var.amplitude
# - 
#   name: geom_model_gaussian1_depth_error
#   datatype: float32
#   unit: mag
#   description: "Uncertainty of \\texttt{geomModelGaussian1Depth}"
#   meta:
#     ucd: stat.error;src.var.amplitude
# - 
#   name: geom_model_gaussian2_phase
#   datatype: float32
#   description: Phase of Gaussian 2 component
#   meta:
#     ucd: time.phase
# - 
#   name: geom_model_gaussian2_phase_error
#   datatype: float32
#   description: "Uncertainty of \\texttt{geomModelGaussian2Phase}"
#   meta:
#     ucd: stat.error;time.phase
# - 
#   name: geom_model_gaussian2_sigma
#   datatype: float32
[...]
#   datatype: float32
#   description: "Secondary eclipse: uncertainty of \\texttt{derivedSecondaryEclDuration}"
#   meta:
#     ucd: stat.error;time.duration
# - 
#   name: derived_secondary_ecl_depth
#   datatype: float32
#   unit: mag
#   description: "Secondary eclipse: depth"
#   meta:
#     ucd: src.var.amplitude
# - 
#   name: derived_secondary_ecl_depth_error
#   datatype: float32
#   unit: mag
#   description: "Secondary eclipse: uncertainty of \\texttt{derivedSecondaryEclDepth}"
#   meta:
#     ucd: stat.error;src.var.amplitude
solution_id,source_id,global_ranking,reference_time,frequency,frequency_error,geom_model_reference_level,geom_model_reference_level_error,geom_model_gaussian1_phase,geom_model_gaussian1_phase_error,geom_model_gaussian1_sigma,geom_model_gaussian1_sigma_error,geom_model_gaussian1_depth,geom_model_gaussian1_depth_error,geom_model_gaussian2_phase,geom_model_gaussian2_phase_error,geom_model_gaussian2_sigma,geom_model_gaussian2_sigma_error,geom_model_gaussian2_depth,geom_model_gaussian2_depth_error,geom_model_cosine_half_period_amplitude,geom_model_cosine_half_period_amplitude_error,geom_model_cosine_half_period_phase,geom_model_cosine_half_period_phase_error,model_type,num_model_parameters,reduced_chi2,derived_primary_ecl_phase,derived_primary_ecl_phase_error,derived_primary_ecl_duration,derived_primary_ecl_duration_error,derived_primary_ecl_depth,derived_primary_ecl_depth_error,derived_secondary_ecl_phase,derived_secondary_ecl_phase_error,derived_secondary_ecl_duration,derived_secondary_ecl_duration_error,derived_secondary_ecl_depth,derived_secondary_ecl_depth_error
[from data line 324]
375316653866487564,5330854175911784448,0.5450739,2227.5492970505306,3.323159113002451,7.1643735E-6,16.97736,0.0063882885,0.19748797,0.0045801993,0.039813437,0.009460087,0.14025919,0.034442708,0.7137923,0.0023079142,0.040954113,0.0063772015,0.08767633,0.028408315,0.10376642,0.009479115,0.7137923,0.0023079142,"TWOGAUSSIANS_WITH_ELLIPSOIDAL_ON_ECLIPSE2",9,15.505328,0.20002796,0.0029765768,0.22295524,0.05297649,0.34595826,0.04106767,0.7137923,0.0023079142,0.22934304,0.035712328,0.29520893,0.021774027
375316653866487564,5330855790809177600,0.50370455,2291.8428381305976,4.428262364001983,3.6608675E-5,19.712938,0.026483012,0.21920952,0.0064649926,0.12284772,0.021489302,0.18902987,0.024404585,0.71113837,0.0055073304,0.07233957,0.0065018306,0.43395638,0.027688518,null,null,null,null,"TWOGAUSSIANS",8,1.2143711,0.71113837,0.0055073304,0.4,0.01261853,0.41783282,0.014103464,0.21920952,0.0064649926,0.4,0.0,0.1728075,0.020007942
375316653866487564,5330857332703760640,0.5868516,2257.907098733173,3.9205886458995645,6.9561293E-6,18.369022,0.018400304,0.25833032,0.0027178414,0.050938573,0.0065631983,0.3323002,0.036993995,0.75708055,0.0035176876,0.053525113,0.005338564,0.3967389,0.0483759,0.10194183,0.022613907,0.25833032,0.0027178414,"TWOGAUSSIANS_WITH_ELLIPSOIDAL_ON_ECLIPSE1",9,6.1709695,0.75721055,0.003021718,0.29974064,0.029895958,0.60060185,0.03993385,0.25833032,0.0027178414,0.285256,0.03675391,0.5361744,0.025550693
375316653866487564,5330859089348431104,0.6160232,2243.0031427450426,0.024611801834109184,1.4780687E-5,15.671033,0.001066558,0.3227212,1.52752E-4,0.003694712,2.5138806E-4,2.8608906,0.9316367,0.8761197,6.8740574E-6,0.0073078964,2.6237189E-5,4.9824066,0.060185637,0.0016532516,0.0015488799,0.3227212,1.52752E-4,"TWOGAUSSIANS_WITH_ELLIPSOIDAL_ON_ECLIPSE1",9,10.37072,0.8761197,6.8740574E-6,0.04092422,1.4692826E-4,4.985355,0.062471163,0.3227212,1.52752E-4,0.020690387,0.0014077731,2.8641973,0.9321856
375316653866487564,5330864307730851584,0.6426807,2220.0757917216383,0.45109765674528923,4.869842E-6,17.080671,0.0011160915,0.33977225,0.0026662147,0.02327574,0.0010303165,0.45028305,0.033033032,0.85099036,8.388689E-4,0.023763774,9.2047476E-4,0.4418971,0.017718341,null,null,null,null,"TWOGAUSSIANS",8,2.6000972,0.33977225,0.0026662147,0.13034414,0.005769772,0.45028305,0.033033032,0.85099036,8.388689E-4,0.13307713,0.0051546586,0.4418971,0.017718341
375316653866487564,5330865548980025984,0.5072775,2258.2160694400723,2.93481232995883,1.3683682E-4,13.623136,0.0051188376,0.31256667,0.018471727,0.02430517,0.011536726,0.1991987,0.0872274,0.82776684,0.021056335,0.012161666,0.0090803085,0.20720807,0.20407271,null,null,null,null,"TWOGAUSSIANS",8,70.28462,0.82776684,0.021056335,0.06810533,0.05084973,0.20720807,0.20407271,0.31256667,0.018471727,0.13610895,0.06460566,0.1991987,0.0872274
375316653866487564,5330866236174775936,0.67358154,2251.4654641275924,2.3599257407032828,1.6400734E-6,15.960304,0.004353736,0.27723715,0.0010716977,0.04892898,0.002492648,0.21562113,0.0108725885,0.7777039,0.0074459706,0.04193431,0.0046858257,0.19299036,0.021055298,0.12699963,0.0072272173,0.27723715,0.0010716977,"TWOGAUSSIANS_WITH_ELLIPSOIDAL_ON_ECLIPSE1",9,11.339361,0.27723715,0.0010716977,0.27400228,0.013958829,0.46961948,0.0044221166,0.7777039,0.006524409,0.23483214,0.026240624,0.44698653,0.017932847
375316653866487564,5330866511052683008,0.48697788,2231.6319230469126,2.5322986064255097,1.8494195E-5,17.134933,0.002628896,0.33773223,0.008854,0.06083805,0.009964322,0.10998467,0.012537967,0.81074625,0.005248643,0.03580774,0.0035986362,0.09799635,0.00943201,null,null,null,null,"TWOGAUSSIANS",8,7.1551743,0.33773223,0.008854,0.3406931,0.055800203,0.10998461,0.012538186,0.81074625,0.005248643,0.20052333,0.020152364,0.09799627,0.009431956
375316653866487564,5330869088032957184,0.5681551,2210.4226449434386,2.8893008507741778,8.4374315E-6,15.789377,0.017662592,0.27907348,0.00414644,0.113751896,0.010394318,0.21287347,0.016057694,0.761368,0.0023088611,0.11258061,0.007999187,0.21492024,0.016510976,null,null,null,null,"TWOGAUSSIANS",8,17.010324,0.761368,0.0023088611,0.4,0.0,0.18368568,0.004962532,0.27911347,0.0041366946,0.4,0.0,0.18163332,0.0064168824
375316653866487564,5330872936322971648,0.560234,2235.2247985261197,1.96573020465432,6.306442E-6,15.717049,0.004444212,0.22412509,0.0022785251,0.08014175,0.0046623633,0.10939091,0.003994048,0.7088782,0.0033042936,0.09728306,0.0055375188,0.18160078,0.010089145,null,null,null,null,"TWOGAUSSIANS",8,10.631165,0.7088782,0.0033042936,0.4,0.0,0.17736733,0.010648644,0.22412509,0.0022785251,0.4,0.0,0.10515834,0.0026227992
375316653866487564,5330875886962860032,0.46111616,2218.579617150796,1.3930324797707068,6.0211532E-5,18.621498,0.0043736645,0.44149432,0.020813279,0.019538203,0.037765827,0.28821552,0.22719787,0.74751353,0.06436316,0.016281437,0.011356495,0.0817047,0.104981706,null,null,null,null,"TWOGAUSSIANS",8,4.692188,0.44149432,0.020813279,0.10941394,0.21148862,0.28821552,0.22719787,0.74751353,0.06436316,0.09117605,0.063596375,0.0817047,0.1049817
375316653866487564,5330880456808311296,0.59708273,2236.5634103394655,0.39905229239672185,9.6960444E-5,16.988144,0.0010937592,0.3093273,0.007996289,0.035553955,0.0024062751,0.7075497,0.12800199,null,null,null,null,null,null,null,null,null,null,"ONEGAUSSIAN",5,2.4714594,0.3093273,0.007996289,0.19910215,0.013475141,0.7075497,0.0,null,null,null,null,null,null
375316653866487564,5330881010862171008,0.62600136,2225.1774962548016,0.4240090654172414,4.447622E-6,16.237862,0.0023256382,0.18898202,0.01994593,0.02001863,0.016420098,0.2975403,3.2146554,0.5616357,3.0332772E-4,0.023657514,2.523861E-4,0.49481636,0.0084048305,null,null,null,null,"TWOGAUSSIANS",8,10.73364,0.5616357,3.0332772E-4,0.13248207,0.0014133621,0.49481636,0.0084048305,0.18898202,0.01994593,0.11210433,0.09195255,0.2975403,3.2146554
375316653866487564,5330886233539335040,0.49027792,2238.2755587111546,3.147681020932816,3.2840566E-5,18.533312,0.018637188,0.11617592,0.0053785,0.042475592,0.0090915,0.23863424,0.045905538,0.6023042,0.011701918,0.044270914,0.013914341,0.3034573,0.051946774,0.10406956,0.027825944,0.11617592,0.0053785,"TWOGAUSSIANS_WITH_ELLIPSOIDAL_ON_ECLIPSE1",9,13.930486,0.60363424,0.010677971,0.24791712,0.07792031,0.5101692,0.0449482,0.11617592,0.0053785,0.23786332,0.0509124,0.44677284,0.019813346
375316653866487564,5330888398205843072,0.5873382,2230.775896153795,0.16985525753478165,1.0908965E-6,15.126344,0.0027362935,0.17389472,0.010865654,0.04584858,0.011777207,0.023243215,0.006871672,0.5629973,1.5053833E-4,0.0031516491,1.5547642E-4,0.44692954,0.035994843,null,null,null,null,"TWOGAUSSIANS",8,39.782497,0.5629973,1.5053833E-4,0.017649235,8.706679E-4,0.44692954,0.035994843,0.17389472,0.010865654,0.25675204,0.06595236,0.023243215,0.006871672
375316653866487564,5330890013110852608,0.45374376,2240.111979666451,0.9913044712328307,3.8795748E-5,19.108002,0.02568773,0.2874312,0.010974983,0.11987565,0.025875557,0.17558946,0.026624562,0.7558512,0.00784885,0.08290943,0.017969921,0.16042721,0.027129376,null,null,null,null,"TWOGAUSSIANS",8,2.8650234,0.2874312,0.010974983,0.4,0.0,0.16488943,0.024304297,0.7558512,0.00784885,0.4,0.0,0.14982149,0.022001905
375316653866487564,5330890287991615360,0.5468462,2223.4314636415716,0.8330018432903082,1.2032576E-5,14.709813,4.52187E-4,0.32646924,0.005839464,0.060998265,0.04944521,0.0033889874,0.005530365,0.83031017,0.0036230749,0.024880463,0.003516109,0.025390513,0.0024833528,0.0069626723,7.479052E-4,0.32646924,0.005839464,"TWOGAUSSIANS_WITH_ELLIPSOIDAL_ON_ECLIPSE1",9,1.3868657,0.83031017,0.0036230749,0.1393306,0.01969021,0.039306987,0.00251857,0.32646924,0.005839464,0.3415903,0.27626035,0.017313568,0.005190665
375316653866487564,5330890386772560896,0.5658022,2231.5947386044313,1.999727309003997,1.2438725E-5,18.094683,0.028305676,0.24222314,0.002726091,0.10129138,0.007409962,0.28259218,0.027214078,0.7391274,0.003152408,0.12561354,0.016013173,0.24100196,0.021545976,null,null,null,null,"TWOGAUSSIANS",8,1.7355298,0.24224314,0.0027397107,0.4,0.0,0.23891282,0.009033663,0.7391274,0.003152408,0.4,0.0,0.19714992,0.009893223
375316653866487564,5330891383205121792,0.43993452,2202.867417290668,3.130292799515517,1.28993115E-5,18.326483,0.039106503,0.45901817,0.011012135,0.12117866,0.018508883,0.3951735,0.09752445,0.815037,0.0071543935,0.024708603,0.0052740443,0.20539095,0.11902522,null,null,null,null,"TWOGAUSSIANS",8,39.932014,0.45901817,0.011012135,0.4,0.0,0.39501467,0.09751638,0.815037,0.0071543935,0.13836817,0.02953465,0.21051016,0.12119561
375316653866487564,5330891387503040384,0.4782528,2217.6255318974195,0.38787898518016706,8.2716426E-5,18.066833,0.0031658893,0.29454446,0.012651539,0.052621447,0.02433194,0.13861716,0.06907872,0.8065228,0.009399923,0.053965244,0.012049004,0.068390876,0.009799189,null,null,null,null,"TWOGAUSSIANS",8,2.542906,0.29454446,0.012651539,0.2946801,0.11603331,0.13861527,0.0691474,0.8065228,0.009399923,0.30220538,0.067474425,0.06838898,0.009797506
375316653866487564,5330892791952248832,0.6544733,2231.6830278728057,2.0245703327877713,2.7129477E-6,16.693869,0.007925813,0.22806855,0.0012837612,0.06087735,0.00450667,0.13367747,0.017335305,0.7247666,0.008003377,0.056598935,0.007875365,0.119187124,0.01997479,0.086391926,0.009244851,0.22806855,0.0012837612,"TWOGAUSSIANS_WITH_ELLIPSOIDAL_ON_ECLIPSE1",9,3.232302,0.22806855,0.0012837612,0.34091315,0.025237354,0.30642697,0.005145905,0.7256566,0.0058185523,0.31695405,0.044102047,0.2918822,0.0057098377
375316653866487564,5330901283107445120,0.59129715,2208.1517698943935,0.1710557170017315,1.0668462E-4,14.418607,5.9793814E-4,0.40242797,0.016741432,0.0292498,0.009568412,0.31665158,0.06481954,null,null,null,null,null,null,null,null,null,null,"ONEGAUSSIAN",5,16.18707,0.40242797,0.016741432,0.16379888,0.053583108,0.31665158,0.0,null,null,null,null,null,null
375316653866487564,5330901798503470336,0.6062861,2215.251927261448,0.3341346200218797,6.981922E-6,15.567717,5.8237195E-4,0.4028724,6.969144E-4,0.0118998205,5.518816E-4,0.22977091,0.012535402,0.9029654,0.0031239777,0.013573901,0.0022926573,0.021488087,0.0037525448,null,null,null,null,"TWOGAUSSIANS",8,3.67856,0.4028724,6.969144E-4,0.06663899,0.003090537,0.22977091,0.012535402,0.9029654,0.0031239777,0.07601385,0.0128388805,0.021488087,0.0037525448
375316653866487564,5330901828563818368,0.6709508,2247.805808182379,0.43183589250921567,8.503109E-6,18.4782,0.0063648317,0.24984773,0.004674544,0.0233201,0.001869788,1.9853078,0.22502182,0.75586736,0.006032009,0.023498937,0.0057810154,0.14358784,0.02271025,0.019051036,0.008437746,0.24984773,0.004674544,"TWOGAUSSIANS_WITH_ELLIPSOIDAL_ON_ECLIPSE1",9,4.2455873,0.24984773,0.004674544,0.13059255,0.010470813,2.0234098,0.22406891,0.75586736,0.006032009,0.13159405,0.032373685,0.1816354,0.019882277
375316653866487564,5330905676854621440,0.49050614,2207.239719743224,4.57869187583587,2.3232235E-5,18.609081,0.0023133398,0.25428975,0.008415479,0.019671785,0.011470614,0.027327713,0.00888718,0.48034063,0.0018504846,0.019653006,0.010867273,0.20127833,0.06950763,null,null,null,null,"TWOGAUSSIANS",8,1.8015805,0.48034063,0.0018504846,0.110056825,0.06085673,0.20127833,0.06950763,0.25428975,0.008415479,0.11016199,0.06423544,0.027327713,0.00888718
375316653866487564,5330907948896914176,0.62945104,2204.5696069008936,0.35542971957746955,4.0643886E-6,15.34489,0.0047079744,0.27091223,0.0024609275,0.048476666,0.0061206897,0.061766457,0.01763177,0.7740196,0.001662381,0.057542853,0.0023679247,0.19374111,0.010469075,0.04348451,0.005513822,0.27091223,0.0024609275,"TWOGAUSSIANS_WITH_ELLIPSOIDAL_ON_ECLIPSE1",9,6.7195954,0.7740196,0.001662381,0.32223997,0.0132603785,0.28066453,0.003031747,0.27091223,0.0024609275,0.27146932,0.034275863,0.148723,0.012982987
375316653866487564,5330909632524070016,0.5508381,2197.566731341334,2.3994458657260096,1.2912535E-5,16.811413,0.013317534,0.18236311,0.0018428823,0.08736448,0.0038540422,0.40507352,0.013136375,0.6870959,0.009773292,0.07686824,0.012247336,0.32568246,0.014361741,null,null,null,null,"TWOGAUSSIANS",8,34.030613,0.18236311,0.0018428823,0.4,0.0,0.39858216,0.009831806,0.6870959,0.009773292,0.4,0.0,0.3191912,0.014550483
375316653866487564,5330911109992785280,0.5582043,2235.1480026292384,0.9164313129468574,5.6269514E-6,18.486242,0.0058480706,0.20706978,0.0014067354,0.050224688,0.0023191224,0.50830024,0.029451204,0.7172501,0.00591248,0.045895662,0.009289118,0.11951091,0.009181272,null,null,null,null,"TWOGAUSSIANS",8,5.0137954,0.20706978,0.0014067354,0.28125826,0.012987086,0.5082998,0.02945143,0.7172501,0.00591248,0.2570157,0.05201906,0.11951053,0.009181336
375316653866487564,5330911144352525184,0.55111164,2211.937069290515,0.3226623332133591,7.059508E-6,12.879371,9.4419956E-4,0.28631932,0.0011057543,0.018324586,0.0011401424,0.11794735,0.0030792865,0.85975033,1.477559E-4,0.0022124082,0.0014726233,0.014902218,0.16147226,0.007459188,0.001567045,0.28631932,0.0011057543,"TWOGAUSSIANS_WITH_ELLIPSOIDAL_ON_ECLIPSE1",9,44.74482,0.28631932,0.0011057543,0.10261768,0.006384798,0.1328657,0.0021146387,0.85975033,1.477559E-4,0.012389487,0.00824669,0.026863901,0.16260196
375316653866487564,5330913446455042560,0.68168145,2234.2245004858023,0.6060211461353756,6.492515E-5,14.903223,0.0015502853,0.27740037,0.007860743,0.027767675,0.004683522,0.6823554,0.24745995,0.7740059,5.2668975E-4,0.031671513,6.990253E-4,0.5622194,0.006068671,null,null,null,null,"TWOGAUSSIANS",8,21.82905,0.27740037,0.007860743,0.15549898,0.026227724,0.6823554,0.24745995,0.7740059,5.2668975E-4,0.17736048,0.0039145416,0.5622194,0.006068671
375316653866487564,5330916641910579200,0.5827494,2222.2955974226525,1.2323844872154854,7.422906E-6,17.184752,0.027430201,0.2455952,0.0028971245,0.12347718,0.011930109,0.2680252,0.02630317,0.74944353,0.001991267,0.10369181,0.00884007,0.31764272,0.021423979,null,null,null,null,"TWOGAUSSIANS",8,3.8030767,0.7494635,0.0019913916,0.4,0.0,0.26865512,0.01713306,0.2455952,0.0028971245,0.4,0.0,0.21889481,0.0069968356
375316653866487564,5330919317670944512,0.5720039,2232.55290893677,3.736181093987521,1.338931E-5,18.787857,0.010795188,0.29600364,0.003866667,0.060087696,0.0049307104,0.52507246,0.014115715,0.8015518,0.0034694166,0.060906067,0.005672004,0.3921309,0.053239014,null,null,null,null,"TWOGAUSSIANS",8,5.814194,0.29600364,0.003866667,0.3364911,0.027611978,0.5249259,0.01408418,0.8015518,0.0034694166,0.341074,0.031763222,0.3919843,0.053329628
375316653866487564,5330963057617878400,0.45734367,2198.8456916180553,3.717803447168317,5.0215494E-5,18.913498,0.18076673,0.28104803,0.012285379,0.10812271,0.09104507,0.14325915,0.17041421,0.7780813,0.007066733,0.10432087,0.036593482,0.19259872,0.15833317,null,null,null,null,"TWOGAUSSIANS",8,5.1289644,0.7780813,0.0069789146,0.4,0.0,0.17257212,0.015528602,0.28104803,0.012399766,0.4,0.0,0.123229995,0.023851534
375316653866487564,5330972369107222016,0.5352605,2226.918212106288,0.2877985793368046,2.3325263E-5,18.682283,0.0093483925,0.17931852,0.015380342,0.023142803,0.018209625,0.020007046,15.612669,0.69573265,0.0026126222,0.03423515,0.0041339095,0.3740295,0.021777937,0.02271586,0.011381411,0.69573265,0.0026126222,"TWOGAUSSIANS_WITH_ELLIPSOIDAL_ON_ECLIPSE2",9,4.66181,0.69573265,0.0026126222,0.19171683,0.023149893,0.4194611,0.012962349,0.18074852,0.01633596,0.12959969,0.101973906,0.064999014,15.6136055
375316653866487564,5330972953222865024,0.49569333,2200.202551136966,2.357178882224182,2.266264E-6,18.660425,0.0029466827,0.28470257,0.0010161613,0.0037052091,6.634082E-4,0.26881978,0.068755396,0.5671937,0.027846768,0.10003454,0.02193985,0.03774228,0.0065302188,null,null,null,null,"TWOGAUSSIANS",8,2.0133364,0.28470257,0.0010161613,0.02074917,0.0037150858,0.2695196,0.06877596,0.5671937,0.027846768,0.4,0.0,0.037741993,0.0065312795
