Gaia/vari_eclipsing_binary/VariEclipsingBinary_479029-479113.csv
# %ECSV 1.0
# ---
# delimiter: ','
# meta: !!omap
# - RELEASE: Gaia DR3
# - TABLE: vari_eclipsing_binary
# - DESCRIPTION: >
#     This table describes the properties of the eclipsing binaries resulting from the variability analysis. 
# - CITATION: >
#     How to cite and acknowledge Gaia: 
#     https://gea.esac.esa.int/archive/documentation/credits.html 
# - KNOWN_ISSUES: >
#     Known issues: 
#     https://www.cosmos.esa.int/web/gaia-users/known-issues 
# - DOCUMENTATION: >
#     Tutorials and documentation: 
#     https://www.cosmos.esa.int/web/gaia-users/archive 
# datatype:
# - 
#   name: solution_id
#   datatype: int64
#   description: Solution Identifier
#   meta:
#     ucd: meta.version
# - 
#   name: source_id
#   datatype: int64
#   description: Unique source identifier
#   meta:
#     ucd: meta.id;meta.main
# - 
#   name: global_ranking
#   datatype: float32
#   description: Number between 0 (worst) and 1 (best)
#   meta:
#     ucd: stat.param
# - 
#   name: reference_time
#   datatype: float64
#   unit: d
#   description: Reference time used for the geometric model fit
#   meta:
#     ucd: time.epoch
# - 
#   name: frequency
#   datatype: float64
#   unit: d**-1
#   description: Frequency of geometric model of the eclipsing binary light curve
#   meta:
#     ucd: src.orbital
# - 
#   name: frequency_error
#   datatype: float32
#   unit: d**-1
#   description: "Uncertainty of \\texttt{frequency}"
#   meta:
#     ucd: stat.error
# - 
#   name: geom_model_reference_level
#   datatype: float32
#   unit: mag
#   description: Magnitude reference level of geometric model
#   meta:
#     ucd: phot.mag;em.opt
# - 
#   name: geom_model_reference_level_error
#   datatype: float32
#   unit: mag
#   description: "Uncertainty of \\texttt{geomModelReferenceLevel}"
#   meta:
#     ucd: stat.error;phot.mag;em.opt
# - 
#   name: geom_model_gaussian1_phase
#   datatype: float32
#   description: Phase of the Gaussian 1 component
#   meta:
#     ucd: time.phase
# - 
#   name: geom_model_gaussian1_phase_error
#   datatype: float32
#   description: "Uncertainty of \\texttt{geomModelGaussian1Phase}"
#   meta:
#     ucd: stat.error;time.phase
# - 
#   name: geom_model_gaussian1_sigma
#   datatype: float32
#   description: "Standard deviation [phase] of Gaussian 1 component"
#   meta:
#     ucd: stat.stdev
# - 
#   name: geom_model_gaussian1_sigma_error
#   datatype: float32
#   description: "Uncertainty of \\texttt{geomModelGaussian1Sigma}"
#   meta:
#     ucd: stat.error
# - 
#   name: geom_model_gaussian1_depth
#   datatype: float32
#   unit: mag
#   description: Magnitude depth of Gaussian 1 component
#   meta:
#     ucd: src.var.amplitude
# - 
#   name: geom_model_gaussian1_depth_error
#   datatype: float32
#   unit: mag
#   description: "Uncertainty of \\texttt{geomModelGaussian1Depth}"
#   meta:
#     ucd: stat.error;src.var.amplitude
# - 
#   name: geom_model_gaussian2_phase
#   datatype: float32
#   description: Phase of Gaussian 2 component
#   meta:
#     ucd: time.phase
# - 
#   name: geom_model_gaussian2_phase_error
#   datatype: float32
#   description: "Uncertainty of \\texttt{geomModelGaussian2Phase}"
#   meta:
#     ucd: stat.error;time.phase
# - 
#   name: geom_model_gaussian2_sigma
#   datatype: float32
[...]
#   datatype: float32
#   description: "Secondary eclipse: uncertainty of \\texttt{derivedSecondaryEclDuration}"
#   meta:
#     ucd: stat.error;time.duration
# - 
#   name: derived_secondary_ecl_depth
#   datatype: float32
#   unit: mag
#   description: "Secondary eclipse: depth"
#   meta:
#     ucd: src.var.amplitude
# - 
#   name: derived_secondary_ecl_depth_error
#   datatype: float32
#   unit: mag
#   description: "Secondary eclipse: uncertainty of \\texttt{derivedSecondaryEclDepth}"
#   meta:
#     ucd: stat.error;src.var.amplitude
solution_id,source_id,global_ranking,reference_time,frequency,frequency_error,geom_model_reference_level,geom_model_reference_level_error,geom_model_gaussian1_phase,geom_model_gaussian1_phase_error,geom_model_gaussian1_sigma,geom_model_gaussian1_sigma_error,geom_model_gaussian1_depth,geom_model_gaussian1_depth_error,geom_model_gaussian2_phase,geom_model_gaussian2_phase_error,geom_model_gaussian2_sigma,geom_model_gaussian2_sigma_error,geom_model_gaussian2_depth,geom_model_gaussian2_depth_error,geom_model_cosine_half_period_amplitude,geom_model_cosine_half_period_amplitude_error,geom_model_cosine_half_period_phase,geom_model_cosine_half_period_phase_error,model_type,num_model_parameters,reduced_chi2,derived_primary_ecl_phase,derived_primary_ecl_phase_error,derived_primary_ecl_duration,derived_primary_ecl_duration_error,derived_primary_ecl_depth,derived_primary_ecl_depth_error,derived_secondary_ecl_phase,derived_secondary_ecl_phase_error,derived_secondary_ecl_duration,derived_secondary_ecl_duration_error,derived_secondary_ecl_depth,derived_secondary_ecl_depth_error
[from data line 516]
375316653866487564,4214275241446195200,0.5784473,2156.8246005690016,4.076022676774193,1.6660097E-5,18.764942,0.029685417,0.15158105,0.0051861573,0.089842215,0.014336176,0.28424025,0.027204784,0.6563329,0.0040212716,0.091769144,0.011894639,0.29719266,0.025570627,null,null,null,null,"TWOGAUSSIANS",8,1.5974908,0.6563329,0.0040212716,0.4,0.0,0.2849706,0.016844213,0.15158105,0.0051861573,0.4,0.0,0.2720183,0.025197787
375316653866487564,4214276542825096832,0.54159725,2141.8632455482325,3.2536504686563794,2.3954457E-5,19.303387,0.014627706,0.2970925,0.0042355005,0.07841388,0.00578466,0.3893732,0.01734672,0.79603785,0.008873789,0.07543277,0.012330449,0.25461623,0.03670669,null,null,null,null,"TWOGAUSSIANS",8,1.5596398,0.2970925,0.0042355005,0.4,0.0,0.3862343,0.016401764,0.79603785,0.008873789,0.4,0.025592232,0.25147733,0.03784256
375316653866487564,4214278054654055552,0.55095565,2262.676240494252,3.4621203087834824,8.178561E-6,19.93271,0.009899415,0.2600973,0.007981202,0.068514325,0.009853674,0.2739098,0.038720302,0.80961674,0.0049113035,0.038346376,0.005886082,0.7784876,0.421785,null,null,null,null,"TWOGAUSSIANS",8,0.43370873,0.80961674,0.0049113035,0.2147397,0.032962058,0.77848625,0.42178723,0.2600973,0.007981202,0.3836802,0.038664997,0.27390844,0.038725775
375316653866487564,4214279605134167424,0.4853548,2205.052670112786,3.6213597354972995,4.491614E-5,19.3596,0.08555572,0.25723344,0.035180885,0.10876086,0.055518642,0.28777844,0.08298596,0.82136863,0.0114710145,0.08407644,0.01711202,0.48800567,0.086509615,null,null,null,null,"TWOGAUSSIANS",8,5.7585816,0.82141864,0.011435172,0.4,0.0,0.4782401,0.06584123,0.25723344,0.035175998,0.4,0.08136751,0.27791938,0.06006037
375316653866487564,4214280013161333504,0.49534872,2211.152086381163,1.4058714909987382,5.954988E-6,17.481134,0.0040950174,0.13893525,8.25874E-4,0.019002499,0.0033216877,0.80964565,0.71011955,0.72559893,0.0061729196,0.09755915,0.008396323,0.067306116,0.004052439,null,null,null,null,"TWOGAUSSIANS",8,1.9167002,0.13893525,8.25874E-4,0.106414,0.018601451,0.80965364,0.7101096,0.72559893,0.0061729196,0.4,0.0,0.0673056,0.0040508723
375316653866487564,4214283178547064320,0.5459941,2231.051165536896,3.4109815794857776,5.657787E-5,19.459805,0.021031054,0.24731435,0.034574855,0.058525655,0.027880153,0.50511974,0.16581108,0.7471379,0.005414503,0.06765016,0.010640272,0.3618115,0.10690713,null,null,null,null,"TWOGAUSSIANS",8,1.9146222,0.24731435,0.034574855,0.32774368,0.15612885,0.5047943,0.16576606,0.7471379,0.005414503,0.37884092,0.05891124,0.36148602,0.10705032
375316653866487564,4214284037540594688,0.65278906,2224.9350058954215,3.18919977538523,3.2892036E-5,17.995981,0.03878408,0.24008359,0.0027348758,0.034511033,0.009565808,0.45705405,0.059672266,0.7369288,0.0053395047,0.0446092,0.033138573,0.58979166,0.14795786,0.14277983,0.02884288,0.24008359,0.0027348758,"TWOGAUSSIANS_WITH_ELLIPSOIDAL_ON_ECLIPSE1",9,7.635238,0.7371488,0.0040285187,0.24981152,0.14427598,0.87524694,0.1691753,0.24008359,0.0027348758,0.1932618,0.053568527,0.74261355,0.06511793
375316653866487564,4214284342488507904,0.49395615,2232.4086219257424,3.7138026534259265,2.1552862E-5,19.865759,0.02825555,0.21627638,0.0065479134,0.08454424,0.009881416,0.48727235,0.036418524,0.7170126,0.0075089647,0.07785656,0.015126313,0.27255,0.04139928,null,null,null,null,"TWOGAUSSIANS",8,1.1772188,0.21627638,0.0065479134,0.4,0.0,0.48094127,0.035219345,0.7170126,0.0075089647,0.4,0.009666336,0.26621893,0.042283524
375316653866487564,4214287606659083392,0.5186925,2253.843950110002,2.173610154320626,7.744189E-5,17.861961,0.016416194,0.33072725,0.03504729,0.03055648,0.023282332,0.3597087,0.21154656,0.83192843,0.0055893725,0.021787005,0.011140629,0.26522228,0.14921919,0.036198553,0.036464997,0.33072725,0.03504729,"TWOGAUSSIANS_WITH_ELLIPSOIDAL_ON_ECLIPSE1",9,24.586273,0.33072725,0.03504729,0.17111629,0.13038106,0.43210572,0.19352771,0.83192843,0.0055817156,0.12200723,0.06238752,0.3376152,0.16770881
375316653866487564,4214289565164336256,0.54316324,2272.8394236846448,0.03406417254839119,8.70812E-5,15.617044,0.0011254498,0.08898473,0.0075351335,0.0114695905,0.008474482,0.008607663,1.0184842,0.2950523,5.850421E-4,0.0065968507,0.0021528902,3.3583903,8.873616,null,null,null,null,"TWOGAUSSIANS",8,20.176163,0.2950523,5.850421E-4,0.036942363,0.012056185,3.3583903,8.873616,0.08898473,0.0075351335,0.064229704,0.0474571,0.008607663,1.0184842
375316653866487564,4214290497172777088,0.5522638,2217.5177598236282,3.0661389513455872,1.2110188E-5,18.555706,0.010640933,0.19861026,0.013211799,0.057583794,0.009471227,0.5614157,0.048275337,0.6947814,0.0049394164,0.06734781,0.0047619473,0.6336759,0.044136897,null,null,null,null,"TWOGAUSSIANS",8,7.677419,0.6947814,0.0049394164,0.37714776,0.026666906,0.63332456,0.044174053,0.19861026,0.013211799,0.32246926,0.053038873,0.56106436,0.048042938
375316653866487564,4214290699035814912,0.52749455,2271.3370867447024,1.903951595366959,2.2442355E-5,16.229164,0.001438594,null,null,null,null,null,null,null,null,null,null,null,null,0.03222,0.001918686,0.19148172,0.0042697047,"ELLIPSOIDAL",4,3.6646972,null,null,null,null,null,null,null,null,null,null,null,null
375316653866487564,4214290905194276480,0.6422955,2253.05009706648,3.502102743982353,1.1563629E-5,18.091782,0.01682241,0.31094137,0.0034607127,0.03924261,0.012203607,0.177715,0.02813152,0.78710365,0.003924399,0.05327626,0.005646234,0.31870627,0.035090268,0.12864088,0.018281741,0.31094137,0.0034607127,"TWOGAUSSIANS_WITH_ELLIPSOIDAL_ON_ECLIPSE1",9,2.1067905,0.79073364,0.0034776835,0.29834706,0.03161891,0.57112294,0.010666223,0.31094137,0.0034607127,0.21975861,0.0683402,0.434996,0.019833984
375316653866487564,4214291218727304320,0.57735014,2220.338170552647,3.7364440746569216,1.466117E-5,19.89349,0.008930706,0.25271106,0.016534839,0.07556696,0.0103798695,0.75587857,0.21634208,0.7706506,0.005234586,0.06531208,0.0057772356,0.6921085,0.0548484,null,null,null,null,"TWOGAUSSIANS",8,1.147378,0.25271106,0.016534839,0.4,0.008945663,0.75419754,0.21838056,0.7706506,0.005234586,0.36574763,0.03235252,0.6904275,0.055544406
375316653866487564,4214291390526009344,0.6369205,2266.099678300882,2.351946514228302,5.720581E-6,17.191452,0.0058326153,0.2640395,0.0018545587,0.08681105,0.00478342,0.27485484,0.020687459,0.75517267,0.002304402,0.08753671,0.0038669521,0.3509095,0.011502036,null,null,null,null,"TWOGAUSSIANS",8,3.191851,0.75517267,0.002304402,0.4,0.0,0.3421355,0.012445965,0.2640395,0.0018545587,0.4,0.0,0.26608086,0.022267098
375316653866487564,4214292588821498880,0.4543167,2231.0523627852754,2.1564734300356587,2.3569562E-5,18.933004,0.30532405,0.25917295,0.011989856,0.090234965,0.04915078,0.3897979,0.58827925,0.7371121,0.042293712,0.18247148,0.13575134,0.37603477,0.26696253,null,null,null,null,"TWOGAUSSIANS",8,5.3023887,0.26089296,0.0111773545,0.4,0.12064599,0.29539627,0.6393675,0.7371121,0.042293712,0.4,0.0,0.26311553,0.05620915
375316653866487564,4214292863699346944,0.5053802,2180.9568088096057,0.1995387741962887,6.657984E-5,19.122168,0.01685959,0.1778715,0.032011166,0.018957708,0.05256949,0.6163363,1.6859695,0.75524867,0.0012932903,0.01657708,0.0022248442,1.4695072,0.98481345,null,null,null,null,"TWOGAUSSIANS",8,7.557184,0.75524867,0.0012932903,0.09283165,0.012459127,1.4695072,0.98481345,0.1778715,0.032011166,0.10616317,0.28316364,0.6163363,1.6859695
375316653866487564,4214296437113645696,0.6319876,2253.7278178444403,2.9551267282095206,6.9115463E-6,17.641504,0.01228551,0.2520445,0.014517507,0.071296096,0.0094457865,0.50656927,0.0411798,0.74136066,0.0024007421,0.07519852,0.0042031817,0.4801194,0.010847085,null,null,null,null,"TWOGAUSSIANS",8,6.265466,0.2520445,0.014517507,0.39925814,0.010290677,0.50430626,0.03988817,0.74136066,0.0024007421,0.4,0.0,0.4778564,0.009523881
375316653866487564,4214298533060616448,0.60526615,2228.4705726675957,2.520888837167082,7.855958E-6,18.30124,0.006952204,0.20631047,0.0015982942,0.07874986,0.0022010563,0.33158505,0.00723769,0.69929373,0.0077782697,0.0936553,0.009438699,0.1437239,0.020968946,null,null,null,null,"TWOGAUSSIANS",8,0.97321546,0.20631047,0.0015982942,0.4,0.0,0.32611904,0.005280619,0.69929373,0.0077782697,0.4,0.0,0.13825768,0.02108048
375316653866487564,4214298606069810560,0.57337487,2182.6673506546044,4.274828677161855,9.053589E-6,19.835012,0.016010424,0.284378,0.0044948915,0.0869396,0.008526655,0.4119665,0.040333584,0.7941157,0.0034157492,0.07465367,0.0061619105,0.5261621,0.014574373,null,null,null,null,"TWOGAUSSIANS",8,0.82861793,0.7941157,0.0034157492,0.4,3.3707335E-4,0.5198218,0.012684543,0.284378,0.0044948915,0.4,0.0,0.40562624,0.041600317
375316653866487564,4214299568153321344,0.4448819,2179.59884893149,0.25346284484796494,3.298583E-5,18.794004,0.040823575,0.24092507,0.041608453,0.23543103,0.101946354,0.07142343,0.03877489,0.8445791,0.0072047976,0.04998089,0.011120805,0.1254028,0.02473287,null,null,null,null,"TWOGAUSSIANS",8,1.2873415,0.84649915,0.005581283,0.27989298,0.06227651,0.12825756,0.027690448,0.24092507,0.041608453,0.4,0.0,0.054221388,0.006232634
375316653866487564,4214302243910632064,0.5955971,2239.9253848061535,3.688824798151848,1.4663374E-5,19.034967,0.00906568,0.19943076,0.0017068835,0.06817156,0.0034281642,0.43161082,0.012768707,0.70081025,0.0040593715,0.067802064,0.0041323323,0.53592205,0.023126062,null,null,null,null,"TWOGAUSSIANS",8,1.3788466,0.70081025,0.0040593715,0.37969157,0.02314106,0.5348496,0.023166968,0.19943076,0.0017068835,0.38176072,0.01919772,0.4305384,0.013001266
375316653866487564,4214302999824924544,0.5614281,2256.1978544069893,2.8700243678061623,2.324984E-5,17.442457,0.0031972819,0.24887666,0.005537149,0.05191012,0.01845946,0.104441375,0.024233947,0.7697319,0.009557053,0.018751249,0.012734071,0.044392876,0.10605976,0.082702585,0.0033432578,0.24887666,0.005537149,"TWOGAUSSIANS_WITH_ELLIPSOIDAL_ON_ECLIPSE1",9,8.009422,0.24887666,0.005537149,0.29069668,0.10337297,0.26984546,0.024225026,0.7697319,0.009557053,0.105006985,0.071310796,0.20697306,0.10270672
375316653866487564,4214303137264006656,0.56953615,2257.7796702029127,3.2332652531847392,4.907777E-5,17.424128,0.079980195,0.23096636,0.014607337,0.11659251,0.030202711,0.39011803,0.07562792,0.74753517,0.003865898,0.10370974,0.016049791,0.41226715,0.07590836,null,null,null,null,"TWOGAUSSIANS",8,10.267941,0.7475852,0.0038703566,0.4,0.0,0.36125085,0.018647876,0.23095636,0.014610742,0.4,0.0,0.3390178,0.01953562
375316653866487564,4214304584675191936,0.5367919,2212.2957987246955,2.8499579185134616,2.5412151E-5,15.792251,0.0072505046,0.2414135,0.0097018685,0.09422143,0.014826516,0.10748474,0.007838678,0.7616127,0.008567418,0.08223867,0.011351333,0.08124903,0.008610791,null,null,null,null,"TWOGAUSSIANS",8,12.221485,0.2414135,0.0097018685,0.4,0.0,0.10504431,0.006440808,0.7616127,0.008567188,0.4,0.0,0.07880887,0.007444763
375316653866487564,4214305611161276928,0.5504568,2209.350547175789,2.800051409124508,1.1988582E-5,18.74967,0.14235096,0.22914109,0.013214692,0.09095642,0.07517869,0.35056087,0.039613143,0.7120392,0.0031346837,0.08872603,0.020716807,0.32626364,0.1300717,null,null,null,null,"TWOGAUSSIANS",8,2.5912313,0.22914109,0.013201118,0.4,0.0,0.3397979,0.1260487,0.7120392,0.0031346837,0.4,0.0,0.31550086,0.022850897
375316653866487564,4214305851679505536,0.56963485,2220.049582082584,3.676452834457212,8.263466E-6,16.304567,0.011372258,0.23184882,0.006899895,0.080827445,0.0067060282,0.31698725,0.018669857,0.7160343,0.004442785,0.09190489,0.0069285175,0.26482645,0.01786153,null,null,null,null,"TWOGAUSSIANS",8,12.547706,0.23184882,0.006899895,0.4,0.0,0.3103402,0.017183194,0.7160343,0.004442785,0.4,0.0,0.2581791,0.017747095
375316653866487564,4214307711411611776,0.5935474,2234.399631505464,0.07919037768651031,8.6663995E-6,17.822132,0.0030822754,0.31072146,0.0399473,0.13083158,0.046583153,0.013433576,0.0061905123,0.69117635,4.6050915E-4,0.014190679,8.0384046E-4,0.21795623,0.003227752,null,null,null,null,"TWOGAUSSIANS",8,1.0258855,0.69117635,4.6050915E-4,0.0794678,0.0045015067,0.21813416,0.003599574,0.31072146,0.0399473,0.4,0.0,0.013415475,0.0062099723
375316653866487564,4214309257599847168,0.70456535,2173.66604648219,0.2661344557130638,1.3613674E-6,14.142183,0.004025057,0.22570156,0.0093130255,0.033634793,0.002897756,2.8711398,0.68500423,0.7634275,0.011628687,0.047057055,0.012963111,0.15926066,0.0759991,null,null,null,null,"TWOGAUSSIANS",8,33.485477,0.22570156,0.0093130255,0.18835483,0.016227433,2.8711398,0.68500423,0.7634275,0.011628687,0.26351953,0.07259341,0.15926066,0.0759991
375316653866487564,4214310490241489536,0.5432268,2207.722134478676,3.5075541141956914,9.574024E-6,18.477814,0.028883113,0.282282,0.0050427755,0.0895351,0.013180074,0.35629216,0.06505953,0.79059875,0.0065249256,0.08938143,0.024843335,0.35018107,0.0820669,null,null,null,null,"TWOGAUSSIANS",8,1.990235,0.282282,0.0050427755,0.4,0.0,0.34380832,0.068678424,0.79059875,0.0065249256,0.4,0.0,0.33769724,0.10265716
375316653866487564,4214312070792435456,0.5675135,2195.056882802534,2.450135475600689,2.1041244E-5,18.474062,0.00458059,0.7105934,0.003557371,0.063126214,0.009802478,0.17880031,0.030755967,null,null,null,null,null,null,0.12567367,0.006201602,0.7105934,0.003557371,"ONEGAUSSIAN_WITH_ELLIPSOIDAL",6,3.4622226,0.7105934,0.003557371,0.3535068,0.05489388,0.43007782,0.02924859,null,null,null,null,null,null
375316653866487564,4214314475975582976,0.50018615,2170.3877402963244,3.2810365762846185,5.0019593E-5,18.642231,0.012447626,0.18018083,0.020451518,0.08804314,0.025384756,0.15997168,0.01828422,0.6703374,0.009277408,0.0861093,0.01648883,0.12680925,0.017487358,null,null,null,null,"TWOGAUSSIANS",8,2.3418133,0.18018083,0.020451518,0.4,0.0033066361,0.15604752,0.016286323,0.6703374,0.009277408,0.4,0.0,0.12288513,0.016997589
375316653866487564,4214315098756260608,0.5022267,2225.8069368369047,2.626573903669639,3.20414E-5,17.771912,0.07310323,0.27529907,0.01064245,0.117824465,0.024194507,0.2742749,0.06932482,0.7946898,0.011417962,0.13316028,0.033266775,0.24705654,0.07269238,null,null,null,null,"TWOGAUSSIANS",8,9.021962,0.2749691,0.010475556,0.4,0.0,0.2140125,0.022331772,0.79480976,0.011298188,0.4,0.0,0.18638735,0.012667595
375316653866487564,4214315781645885312,0.54869485,2159.034612419821,3.313262816949908,1.9525349E-5,18.503122,0.022106266,0.2847393,0.0069789207,0.097993225,0.022979328,0.29730645,0.13944949,0.78164405,0.004225359,0.09189867,0.009267367,0.266741,0.021680262,null,null,null,null,"TWOGAUSSIANS",8,2.4721842,0.2847393,0.0069789207,0.4,0.0,0.28044125,0.1505109,0.78164405,0.004225359,0.4,0.0,0.24987695,0.011484335
375316653866487564,4214316232618484992,0.47259507,2225.904513057915,3.863056973562977,1.5638983E-4,19.715956,0.038877465,0.4209177,0.015510578,0.028620768,0.014376522,1.2919834,4.1739097,0.84589875,0.003039608,0.058875725,0.009014479,1.0755937,0.16746116,null,null,null,null,"TWOGAUSSIANS",8,5.13813,0.4209177,0.015510578,0.16027631,0.08050852,1.2919834,4.1739097,0.84589875,0.003039608,0.32970405,0.05048108,1.0755937,0.16746116
375316653866487564,4214317087316028672,0.6192196,2190.972423682039,2.865425835957745,8.0542395E-6,15.100038,0.0071290284,0.18675679,0.0016742389,0.08609786,0.0027936741,0.41110027,0.013358699,0.6883168,0.0027429585,0.08810905,0.003729157,0.40346757,0.01077689,null,null,null,null,"TWOGAUSSIANS",8,32.56162,0.18675679,0.0016742389,0.4,0.0,0.3981931,0.013836737,0.6883168,0.0027429585,0.4,0.0,0.3905604,0.011647109
