Gaia/vari_eclipsing_binary/VariEclipsingBinary_023265-023450.csv
# %ECSV 1.0
# ---
# delimiter: ','
# meta: !!omap
# - RELEASE: Gaia DR3
# - TABLE: vari_eclipsing_binary
# - DESCRIPTION: >
#     This table describes the properties of the eclipsing binaries resulting from the variability analysis. 
# - CITATION: >
#     How to cite and acknowledge Gaia: 
#     https://gea.esac.esa.int/archive/documentation/credits.html 
# - KNOWN_ISSUES: >
#     Known issues: 
#     https://www.cosmos.esa.int/web/gaia-users/known-issues 
# - DOCUMENTATION: >
#     Tutorials and documentation: 
#     https://www.cosmos.esa.int/web/gaia-users/archive 
# datatype:
# - 
#   name: solution_id
#   datatype: int64
#   description: Solution Identifier
#   meta:
#     ucd: meta.version
# - 
#   name: source_id
#   datatype: int64
#   description: Unique source identifier
#   meta:
#     ucd: meta.id;meta.main
# - 
#   name: global_ranking
#   datatype: float32
#   description: Number between 0 (worst) and 1 (best)
#   meta:
#     ucd: stat.param
# - 
#   name: reference_time
#   datatype: float64
#   unit: d
#   description: Reference time used for the geometric model fit
#   meta:
#     ucd: time.epoch
# - 
#   name: frequency
#   datatype: float64
#   unit: d**-1
#   description: Frequency of geometric model of the eclipsing binary light curve
#   meta:
#     ucd: src.orbital
# - 
#   name: frequency_error
#   datatype: float32
#   unit: d**-1
#   description: "Uncertainty of \\texttt{frequency}"
#   meta:
#     ucd: stat.error
# - 
#   name: geom_model_reference_level
#   datatype: float32
#   unit: mag
#   description: Magnitude reference level of geometric model
#   meta:
#     ucd: phot.mag;em.opt
# - 
#   name: geom_model_reference_level_error
#   datatype: float32
#   unit: mag
#   description: "Uncertainty of \\texttt{geomModelReferenceLevel}"
#   meta:
#     ucd: stat.error;phot.mag;em.opt
# - 
#   name: geom_model_gaussian1_phase
#   datatype: float32
#   description: Phase of the Gaussian 1 component
#   meta:
#     ucd: time.phase
# - 
#   name: geom_model_gaussian1_phase_error
#   datatype: float32
#   description: "Uncertainty of \\texttt{geomModelGaussian1Phase}"
#   meta:
#     ucd: stat.error;time.phase
# - 
#   name: geom_model_gaussian1_sigma
#   datatype: float32
#   description: "Standard deviation [phase] of Gaussian 1 component"
#   meta:
#     ucd: stat.stdev
# - 
#   name: geom_model_gaussian1_sigma_error
#   datatype: float32
#   description: "Uncertainty of \\texttt{geomModelGaussian1Sigma}"
#   meta:
#     ucd: stat.error
# - 
#   name: geom_model_gaussian1_depth
#   datatype: float32
#   unit: mag
#   description: Magnitude depth of Gaussian 1 component
#   meta:
#     ucd: src.var.amplitude
# - 
#   name: geom_model_gaussian1_depth_error
#   datatype: float32
#   unit: mag
#   description: "Uncertainty of \\texttt{geomModelGaussian1Depth}"
#   meta:
#     ucd: stat.error;src.var.amplitude
# - 
#   name: geom_model_gaussian2_phase
#   datatype: float32
#   description: Phase of Gaussian 2 component
#   meta:
#     ucd: time.phase
# - 
#   name: geom_model_gaussian2_phase_error
#   datatype: float32
#   description: "Uncertainty of \\texttt{geomModelGaussian2Phase}"
#   meta:
#     ucd: stat.error;time.phase
# - 
#   name: geom_model_gaussian2_sigma
#   datatype: float32
[...]
#   datatype: float32
#   description: "Secondary eclipse: uncertainty of \\texttt{derivedSecondaryEclDuration}"
#   meta:
#     ucd: stat.error;time.duration
# - 
#   name: derived_secondary_ecl_depth
#   datatype: float32
#   unit: mag
#   description: "Secondary eclipse: depth"
#   meta:
#     ucd: src.var.amplitude
# - 
#   name: derived_secondary_ecl_depth_error
#   datatype: float32
#   unit: mag
#   description: "Secondary eclipse: uncertainty of \\texttt{derivedSecondaryEclDepth}"
#   meta:
#     ucd: stat.error;src.var.amplitude
solution_id,source_id,global_ranking,reference_time,frequency,frequency_error,geom_model_reference_level,geom_model_reference_level_error,geom_model_gaussian1_phase,geom_model_gaussian1_phase_error,geom_model_gaussian1_sigma,geom_model_gaussian1_sigma_error,geom_model_gaussian1_depth,geom_model_gaussian1_depth_error,geom_model_gaussian2_phase,geom_model_gaussian2_phase_error,geom_model_gaussian2_sigma,geom_model_gaussian2_sigma_error,geom_model_gaussian2_depth,geom_model_gaussian2_depth_error,geom_model_cosine_half_period_amplitude,geom_model_cosine_half_period_amplitude_error,geom_model_cosine_half_period_phase,geom_model_cosine_half_period_phase_error,model_type,num_model_parameters,reduced_chi2,derived_primary_ecl_phase,derived_primary_ecl_phase_error,derived_primary_ecl_duration,derived_primary_ecl_duration_error,derived_primary_ecl_depth,derived_primary_ecl_depth_error,derived_secondary_ecl_phase,derived_secondary_ecl_phase_error,derived_secondary_ecl_duration,derived_secondary_ecl_duration_error,derived_secondary_ecl_depth,derived_secondary_ecl_depth_error
[from data line 867]
375316653866487564,206096380816743296,0.6127999,2256.4524679272304,3.5912991153786042,7.656239E-6,18.677334,0.0053944546,0.28236252,0.0027940876,0.075079985,0.0032416852,0.4248866,0.009610361,0.7835098,0.0029461724,0.07037693,0.002261508,0.42702183,0.010594327,null,null,null,null,"TWOGAUSSIANS",8,1.7076107,0.7835098,0.0029461724,0.39411083,0.012664445,0.42476997,0.0103338985,0.28236252,0.0027940876,0.4,0.0,0.42263472,0.009597571
375316653866487564,206097239815091456,0.4698763,2248.38349622414,2.197375859280552,2.8236207E-5,18.116682,0.002399004,null,null,null,null,null,null,null,null,null,null,null,null,0.04281593,0.003345507,0.19020228,0.0059336014,"ELLIPSOIDAL",4,3.1250558,null,null,null,null,null,null,null,null,null,null,null,null
375316653866487564,206097407313277184,0.5505671,2240.6357819509194,2.987628115880613,9.337524E-6,18.021822,0.009858969,0.24121188,0.0030793317,0.085265435,0.004904702,0.3267811,0.010108655,0.73396754,0.0026274028,0.09487095,0.003502167,0.3283392,0.011526723,null,null,null,null,"TWOGAUSSIANS",8,4.406565,0.73396754,0.0026274028,0.4,0.0,0.31592625,0.009130273,0.24121188,0.0030793317,0.4,0.0,0.31436878,0.0077201896
375316653866487564,206098717283764352,0.4856632,2264.191693224498,0.045455042266032634,2.285547E-6,19.303692,0.0052978764,0.55397314,1.4269107E-5,0.002092526,5.0365703E-5,0.40547574,0.0021211659,null,null,null,null,null,null,null,null,null,null,"ONEGAUSSIAN",5,1.677964,0.55397314,1.4269107E-5,0.0117181465,2.8204793E-4,0.40547574,0.0,null,null,null,null,null,null
375316653866487564,206099984294067328,0.52233154,2223.6561930272333,3.3939084382792886,1.3884244E-5,18.261995,0.00757439,0.29645076,0.0038950418,0.08411799,0.0051775957,0.28204,0.01299599,0.78165656,0.0032069227,0.08526291,0.0045530032,0.30534723,0.011958993,null,null,null,null,"TWOGAUSSIANS",8,4.5008864,0.78165656,0.0032069227,0.4,0.0,0.29955497,0.011645617,0.29645076,0.0038950418,0.4,0.0,0.27624777,0.012899941
375316653866487564,206101255604145792,0.52564996,2263.241729087289,3.509990164166292,1.8441648E-5,19.555342,0.015424251,0.28060237,0.0064555597,0.06331664,0.0059100054,0.5004882,0.03174578,0.78397083,0.007932281,0.07424208,0.008570769,0.41295877,0.034023523,null,null,null,null,"TWOGAUSSIANS",8,3.7091258,0.28060237,0.0064555597,0.3545732,0.03309603,0.49937695,0.031570915,0.78397083,0.007932281,0.4,0.016468648,0.4118475,0.034222428
375316653866487564,206101461762664576,0.49834806,2250.9639767779536,3.192971588320038,2.3504323E-5,18.32523,0.0033621532,0.20386675,0.0044411444,0.033862147,0.0075628627,0.012461381,0.010256775,null,null,null,null,null,null,0.07675941,0.0051280023,0.20386675,0.0044411444,"ONEGAUSSIAN_WITH_ELLIPSOIDAL",6,4.2510448,0.20386675,0.0044411444,0.18962802,0.042352032,0.16598016,0.0068399133,null,null,null,null,null,null
375316653866487564,206106890601689088,0.43324333,2268.9336686171378,0.21725741576819135,3.1724165E-5,15.528535,0.0032918516,0.36953634,0.010515437,0.009599236,0.0063059204,0.122259334,0.054783083,0.8641689,0.004476997,0.08330971,0.0076108514,0.13652527,0.015396568,null,null,null,null,"TWOGAUSSIANS",8,26.36007,0.8641689,0.004476997,0.4,0.0,0.1365252,0.015396756,0.36953634,0.010515437,0.05375572,0.035313156,0.12225927,0.054783165
375316653866487564,206108578523420800,0.5486623,2272.5975284471792,4.2228560763136995,1.1770858E-5,19.657513,0.012324984,0.21781869,0.0051762867,0.08920537,0.008863357,0.3424469,0.022911148,0.71531564,0.0025746205,0.07389964,0.0039744205,0.5334518,0.015933158,null,null,null,null,"TWOGAUSSIANS",8,1.3602519,0.71531564,0.0025746205,0.4,0.0048620896,0.5262517,0.0154575715,0.21781869,0.0051762867,0.4,0.0,0.33524665,0.02465281
375316653866487564,206108986545984000,0.6153893,2263.4854504077493,4.411176935956769,8.36091E-6,17.458126,0.015158915,0.13482323,0.0016591294,0.048197612,0.0031080064,0.4959145,0.04223582,0.6337411,0.0014707865,0.047987968,0.0032452142,0.5118381,0.031688545,0.10638828,0.01812742,0.13482323,0.0016591294,"TWOGAUSSIANS_WITH_ELLIPSOIDAL_ON_ECLIPSE1",9,13.281007,0.63382107,0.0013573157,0.2687326,0.018173201,0.7246042,0.016992789,0.13482323,0.0016591294,0.26990664,0.017404836,0.70868975,0.028639657
375316653866487564,206111254291065472,0.56204367,2244.6746286619723,3.5797916124606717,1.0965791E-5,19.090277,0.01693297,0.23941663,0.0026731372,0.044718735,0.0054352926,0.40530428,0.044304576,0.7431848,0.026711384,0.045419473,0.015401093,0.4503731,0.15752812,0.1258635,0.021590073,0.23941663,0.0026731372,"TWOGAUSSIANS_WITH_ELLIPSOIDAL_ON_ECLIPSE1",9,5.0372267,0.7431848,0.026711384,0.25434905,0.086246125,0.70195884,0.15863271,0.23941663,0.0026731372,0.25042492,0.030437639,0.65703106,0.034374118
375316653866487564,206111292948435072,0.46340314,2285.533805706287,1.0673886951102394,8.937613E-5,10.294239,0.0026867012,0.13841261,0.01659711,0.012301979,0.012255813,0.068436526,8.3287021E8,0.6102775,0.014170666,0.05175426,0.021821149,0.30699375,0.27932233,null,null,null,null,"TWOGAUSSIANS",8,920.97394,0.6102775,0.014170666,0.28982386,0.12219843,0.30699375,0.27932233,0.13841261,0.01659711,0.06889108,0.06863255,0.068436526,8.3287021E8
375316653866487564,206111460449503360,0.5976989,2256.2238328885674,2.844792674740344,8.915581E-6,17.852196,0.021681773,0.2613678,0.0024145097,0.07039297,0.006774655,0.3293004,0.047001492,0.7572038,0.008170588,0.055088446,0.01382778,0.26639962,0.04164582,0.0777206,0.021667272,0.2613678,0.0024145097,"TWOGAUSSIANS_WITH_ELLIPSOIDAL_ON_ECLIPSE1",9,4.65693,0.2613678,0.0024145097,0.39420062,0.02891243,0.48416668,0.031599276,0.75771385,0.0069623683,0.30849528,0.07743557,0.42117256,0.056746345
375316653866487564,206111838406681344,0.5687526,2246.5381900500643,3.7034020124036173,1.5507556E-5,18.222277,0.008329642,0.1678152,0.0051281806,0.08798265,0.0057642283,0.30508244,0.023359844,0.674094,0.0051444694,0.085691355,0.0069694556,0.2717966,0.008270493,null,null,null,null,"TWOGAUSSIANS",8,3.3774436,0.1678152,0.0051281806,0.4,0.0,0.29685366,0.02377913,0.674094,0.0051444694,0.4,0.0,0.26356786,0.006545752
375316653866487564,206111838406685056,0.5342373,2263.734716901752,0.3730830496917105,5.529998E-5,18.09387,0.0036848101,0.46620995,1.6990431E-6,0.008979835,1.4987486E-4,0.5031641,0.0018222897,0.7654877,0.09747014,0.05553371,0.06972343,0.019990982,1.5281353E7,null,null,null,null,"TWOGAUSSIANS",8,3.4648027,0.46620995,1.6990431E-6,0.050287075,8.392992E-4,0.5031641,0.0018202744,0.7654877,0.09747014,0.31098878,0.38447344,0.019990982,1.5281353E7
375316653866487564,206112594320932352,0.56415844,2248.909203563338,3.2968701891719636,9.078451E-6,19.075506,0.009104097,0.2746263,0.0025991583,0.076890886,0.0029638691,0.42296034,0.011110241,0.7750225,0.003460267,0.07062212,0.0037520702,0.44805837,0.021860428,null,null,null,null,"TWOGAUSSIANS",8,2.3861885,0.7750225,0.003460267,0.39548382,0.014803188,0.44530353,0.02194474,0.2746263,0.0025991583,0.4,0.0,0.4202055,0.010586797
375316653866487564,206114758984455808,0.5618155,2223.332294968294,3.7263895852196245,1.2724148E-5,18.511986,0.00900411,0.19928339,0.0038384958,0.078371376,0.00422067,0.41733873,0.020328397,0.7076403,0.004843156,0.07829034,0.006153707,0.32641292,0.017789185,null,null,null,null,"TWOGAUSSIANS",8,4.5217566,0.19928339,0.0038384958,0.4,0.0,0.41352433,0.02035997,0.7076403,0.004843156,0.4,0.0,0.32259852,0.01801597
375316653866487564,206114797641011072,0.709888,2262.2824579510293,0.6638433438935756,1.8579144E-6,15.166889,8.306073E-4,0.16662328,6.3395296E-4,0.02244864,4.4026406E-4,0.41936508,0.009771979,0.6678743,4.6694558E-4,0.022569476,4.1895206E-4,0.39171878,0.00499648,0.004227995,0.0012342407,0.16662328,6.3395296E-4,"TWOGAUSSIANS_WITH_ELLIPSOIDAL_ON_ECLIPSE1",9,6.1774006,0.16662328,6.3395296E-4,0.12571238,0.0024654788,0.42782104,0.009658533,0.6678743,4.6694558E-4,0.12638907,0.0023461315,0.40017423,0.0045731287
375316653866487564,206114862063678976,0.5103199,2247.8105072210224,0.5067506534870101,1.2288683E-5,16.135746,0.0017516562,null,null,null,null,null,null,null,null,null,null,null,null,0.05214476,0.0029721458,0.24955952,0.0024315969,"ELLIPSOIDAL",4,13.774024,null,null,null,null,null,null,null,null,null,null,null,null
375316653866487564,206116034588762240,0.53154796,2234.235325998811,3.247559379829314,1.9953924E-5,19.883068,0.02081688,0.17983451,0.0053025614,0.070086084,0.008865673,0.7008346,0.11675612,0.6803647,0.0034970331,0.07573371,0.006113348,0.6606425,0.105790846,null,null,null,null,"TWOGAUSSIANS",8,2.393933,0.17983451,0.0053025614,0.39248207,0.032746136,0.6970805,0.11863473,0.6803647,0.0034970331,0.4,0.0,0.6568884,0.10677805
375316653866487564,206119126964163456,0.5544937,2274.838890579223,2.0708478964787145,1.3573951E-5,18.429344,0.011025478,0.27214703,0.0025702093,0.056660954,0.0031456677,0.4050364,0.019430082,0.7762225,0.013054106,0.07775105,0.027318593,0.12713711,0.013079755,null,null,null,null,"TWOGAUSSIANS",8,3.4498713,0.27214703,0.0025702093,0.31730133,0.01761574,0.40468204,0.019253297,0.7762225,0.013054106,0.4,0.029606786,0.12678277,0.013440155
375316653866487564,206123898671602944,0.4716435,2273.5303255514614,0.598704979824407,2.3691746E-4,17.12969,0.0024752012,0.19117108,0.012652917,0.04579486,0.012071339,0.13466312,0.14806277,0.72944975,0.020988243,0.022498984,0.013825603,0.2076451,0.12981437,null,null,null,null,"TWOGAUSSIANS",8,10.622736,0.72944975,0.020988243,0.12599431,0.07742337,0.2076451,0.12981437,0.19117108,0.012652917,0.25645122,0.067599505,0.13466312,0.14806277
375316653866487564,206125376140573184,0.5577891,2272.4842908254045,3.5501283435389426,1.1765423E-5,17.630188,0.009393682,0.26539052,0.002638952,0.09029733,0.0072642155,0.25911683,0.01341211,0.76764953,0.0038366874,0.08631052,0.007377845,0.20976485,0.0114653185,null,null,null,null,"TWOGAUSSIANS",8,5.377791,0.26539052,0.002638952,0.4,0.0,0.25092983,0.015508048,0.76764953,0.0038366874,0.4,0.0,0.20157798,0.010734762
375316653866487564,206128747694769280,0.44386333,2267.0380417022498,0.11976360716963529,2.7042208E-5,13.285382,6.7441724E-4,0.14284557,0.012156297,0.008506821,0.0148116145,0.054961797,0.038140044,0.78767914,0.006556284,0.010822335,0.008368412,0.007209224,0.01018419,null,null,null,null,"TWOGAUSSIANS",8,15.759542,0.14284557,0.012156297,0.047638193,0.08294504,0.054961797,0.038140044,0.78767914,0.006556284,0.06060508,0.04686311,0.007209224,0.01018419
375316653866487564,206128846477341696,0.4953543,2237.4118010418106,3.208158142389225,2.9718629E-5,18.368874,0.0055876966,0.28795522,0.005544619,0.07115724,0.01320196,0.104010776,0.014913458,0.77373403,0.0063222675,0.08354743,0.006963519,0.105812155,0.00796284,null,null,null,null,"TWOGAUSSIANS",8,1.4591097,0.77373403,0.0063222675,0.4,0.0,0.10497731,0.0076259235,0.28795522,0.005544619,0.39848053,0.048941687,0.10317594,0.01549341
375316653866487564,206129022567605504,0.5002166,2249.6204180055374,3.069629170752671,1.3394347E-5,18.400045,0.1250504,0.25081113,0.0029867638,0.16640347,0.015398863,0.63881266,0.112992465,0.74811983,0.0036835358,0.18418244,0.014295088,0.67452,0.116608344,null,null,null,null,"TWOGAUSSIANS",8,2.8780332,0.74811983,0.0036835358,0.4,0.0,0.21873659,0.012569097,0.25183114,0.0031355172,0.4,0.0,0.20291743,0.012835538
375316653866487564,206129155715016064,0.5918434,2252.623123205349,3.2122026759526707,7.540932E-6,17.473892,0.007024383,0.2642614,0.0012592393,0.066027805,0.0022240458,0.6965522,0.03870701,0.7641825,0.0051581496,0.070469566,0.004519967,0.5330283,0.051047325,null,null,null,null,"TWOGAUSSIANS",8,17.822575,0.2642614,0.0012592393,0.36975572,0.012454656,0.69507766,0.038938705,0.7641825,0.0051581496,0.39462957,0.01658248,0.5315538,0.05133058
375316653866487564,206129641047936896,0.57067865,2259.3916647072315,2.207478834626598,1.3973377E-5,17.52883,0.01577927,0.30112466,0.0034499457,0.07787733,0.0056199683,0.47557548,0.016349986,0.8026442,0.0021863715,0.08140899,0.0033279394,0.44742292,0.020661924,null,null,null,null,"TWOGAUSSIANS",8,11.625241,0.30112466,0.0034499457,0.4,0.0,0.4690906,0.015379135,0.8026442,0.0021863715,0.4,0.0,0.44093803,0.019254806
375316653866487564,206136203757874304,0.5485351,2252.9321299904204,2.4590381900656837,1.2933243E-5,16.717064,0.0068124738,0.2825728,0.007621242,0.09745881,0.012412567,0.108404346,0.010976001,0.7609386,0.003519343,0.0936493,0.0066361,0.17421176,0.0064667524,null,null,null,null,"TWOGAUSSIANS",8,5.70225,0.7609386,0.003519343,0.4,0.0,0.1676522,0.0042957547,0.2825728,0.007621242,0.4,0.0,0.10184451,0.0123293055
375316653866487564,206136783573654784,0.61502486,2227.9467698736435,3.3092202101367576,8.86983E-6,18.670408,0.019429578,0.19960128,0.0033078857,0.048671465,0.008886424,0.4583746,0.08126943,0.7037279,0.0036147677,0.04549177,0.004540096,0.4276233,0.046334617,0.11009516,0.022968968,0.19960128,0.0033078857,"TWOGAUSSIANS_WITH_ELLIPSOIDAL_ON_ECLIPSE1",9,2.8178911,0.19960128,0.0033078857,0.2725602,0.049763974,0.6785638,0.09682981,0.7037279,0.0036147677,0.25475392,0.025424536,0.6476645,0.022387605
375316653866487564,206138879518014208,0.58457804,2276.3297392315912,2.48793812540297,6.587219E-6,18.654068,0.016626822,0.24602915,0.0047113947,0.052798215,0.007488732,0.13862815,0.04588688,0.72595716,0.0032012516,0.052312043,0.0036897028,0.60846126,0.07073796,0.09047552,0.026107678,0.24602915,0.0047113947,"TWOGAUSSIANS_WITH_ELLIPSOIDAL_ON_ECLIPSE1",9,4.2552533,0.7271572,0.0028447604,0.29294744,0.020662336,0.78671706,0.064601496,0.24602915,0.0047113947,0.29567,0.0419369,0.31957632,0.014964077
375316653866487564,206139536652437248,0.5927873,2248.5393160045087,0.64017112375722,8.1866914E-5,16.248745,0.0020264832,0.2291088,0.0018067155,0.02159625,0.003910538,0.14626822,0.013693747,0.72778517,0.0061367652,0.025827385,0.0055973413,0.9719844,1.4248819,0.014763381,0.004235734,0.72778517,0.0061367652,"TWOGAUSSIANS_WITH_ELLIPSOIDAL_ON_ECLIPSE2",9,15.984482,0.72778517,0.0061367652,0.14463337,0.031345114,1.0015111,1.4255538,0.2290988,0.0018065162,0.120939,0.021899013,0.17579292,0.019532958
375316653866487564,206142281132223616,0.4626421,2267.859743002901,3.9472790784950504,2.7172242E-5,17.901817,1.3061169,0.2668268,0.008423394,0.21377924,0.12925094,1.2623658,1.2437873,0.77476025,0.012892487,0.1768384,0.10390283,1.1008055,1.0810773,null,null,null,null,"TWOGAUSSIANS",8,8.696197,0.26294678,0.0047555547,0.4,0.0,0.2857951,0.04275042,0.7814002,0.009516677,0.4,0.0,0.24807322,0.03639275
375316653866487564,206145648386207488,0.5576028,2283.1661296471525,0.42436629006966065,7.973245E-5,17.034603,0.001723828,0.14400288,0.006074736,0.028195998,0.0074388124,0.1548729,0.003151803,0.610169,0.052838255,0.12450309,0.03910091,0.013691677,0.0053831288,null,null,null,null,"TWOGAUSSIANS",8,1.7249376,0.14400288,0.006083869,0.15789759,0.04165735,0.15481596,0.0030621067,0.610169,0.052838255,0.4,0.0,0.013620973,0.00536736
375316653866487564,206147782990095104,0.5550237,2228.98155346306,0.6374276038872106,7.553439E-6,16.630156,0.0035637477,0.33792585,0.05437053,0.014558354,0.039055515,0.017838178,0.006935186,0.45026958,0.0055210306,0.031580213,0.006674349,0.4435748,0.019815065,null,null,null,null,"TWOGAUSSIANS",8,28.635508,0.45026958,0.0055210306,0.1768492,0.037376355,0.4435748,0.019851057,0.33912587,0.055762433,0.081526786,0.2187109,0.018684097,0.006672525
375316653866487564,206148294086476544,0.6962787,2254.3353452787264,0.48636139316548427,1.09356815E-5,15.143103,4.440874E-4,0.19788468,6.5700174E-4,0.016297633,0.0010734602,0.39954105,0.12828314,0.6911047,0.017340742,0.016126016,0.007766628,0.29121426,0.14005461,0.004978988,7.822181E-4,0.19788468,6.5700174E-4,"TWOGAUSSIANS_WITH_ELLIPSOIDAL_ON_ECLIPSE1",9,1.8619845,0.19788468,6.5700174E-4,0.09126674,0.006011377,0.40949902,0.12847923,0.6911047,0.01733307,0.09030569,0.043493118,0.30115417,0.14018871
