Gaia/vari_eclipsing_binary/VariEclipsingBinary_482735-482907.csv
# %ECSV 1.0
# ---
# delimiter: ','
# meta: !!omap
# - RELEASE: Gaia DR3
# - TABLE: vari_eclipsing_binary
# - DESCRIPTION: >
#     This table describes the properties of the eclipsing binaries resulting from the variability analysis. 
# - CITATION: >
#     How to cite and acknowledge Gaia: 
#     https://gea.esac.esa.int/archive/documentation/credits.html 
# - KNOWN_ISSUES: >
#     Known issues: 
#     https://www.cosmos.esa.int/web/gaia-users/known-issues 
# - DOCUMENTATION: >
#     Tutorials and documentation: 
#     https://www.cosmos.esa.int/web/gaia-users/archive 
# datatype:
# - 
#   name: solution_id
#   datatype: int64
#   description: Solution Identifier
#   meta:
#     ucd: meta.version
# - 
#   name: source_id
#   datatype: int64
#   description: Unique source identifier
#   meta:
#     ucd: meta.id;meta.main
# - 
#   name: global_ranking
#   datatype: float32
#   description: Number between 0 (worst) and 1 (best)
#   meta:
#     ucd: stat.param
# - 
#   name: reference_time
#   datatype: float64
#   unit: d
#   description: Reference time used for the geometric model fit
#   meta:
#     ucd: time.epoch
# - 
#   name: frequency
#   datatype: float64
#   unit: d**-1
#   description: Frequency of geometric model of the eclipsing binary light curve
#   meta:
#     ucd: src.orbital
# - 
#   name: frequency_error
#   datatype: float32
#   unit: d**-1
#   description: "Uncertainty of \\texttt{frequency}"
#   meta:
#     ucd: stat.error
# - 
#   name: geom_model_reference_level
#   datatype: float32
#   unit: mag
#   description: Magnitude reference level of geometric model
#   meta:
#     ucd: phot.mag;em.opt
# - 
#   name: geom_model_reference_level_error
#   datatype: float32
#   unit: mag
#   description: "Uncertainty of \\texttt{geomModelReferenceLevel}"
#   meta:
#     ucd: stat.error;phot.mag;em.opt
# - 
#   name: geom_model_gaussian1_phase
#   datatype: float32
#   description: Phase of the Gaussian 1 component
#   meta:
#     ucd: time.phase
# - 
#   name: geom_model_gaussian1_phase_error
#   datatype: float32
#   description: "Uncertainty of \\texttt{geomModelGaussian1Phase}"
#   meta:
#     ucd: stat.error;time.phase
# - 
#   name: geom_model_gaussian1_sigma
#   datatype: float32
#   description: "Standard deviation [phase] of Gaussian 1 component"
#   meta:
#     ucd: stat.stdev
# - 
#   name: geom_model_gaussian1_sigma_error
#   datatype: float32
#   description: "Uncertainty of \\texttt{geomModelGaussian1Sigma}"
#   meta:
#     ucd: stat.error
# - 
#   name: geom_model_gaussian1_depth
#   datatype: float32
#   unit: mag
#   description: Magnitude depth of Gaussian 1 component
#   meta:
#     ucd: src.var.amplitude
# - 
#   name: geom_model_gaussian1_depth_error
#   datatype: float32
#   unit: mag
#   description: "Uncertainty of \\texttt{geomModelGaussian1Depth}"
#   meta:
#     ucd: stat.error;src.var.amplitude
# - 
#   name: geom_model_gaussian2_phase
#   datatype: float32
#   description: Phase of Gaussian 2 component
#   meta:
#     ucd: time.phase
# - 
#   name: geom_model_gaussian2_phase_error
#   datatype: float32
#   description: "Uncertainty of \\texttt{geomModelGaussian2Phase}"
#   meta:
#     ucd: stat.error;time.phase
# - 
#   name: geom_model_gaussian2_sigma
#   datatype: float32
[...]
#   datatype: float32
#   description: "Secondary eclipse: uncertainty of \\texttt{derivedSecondaryEclDuration}"
#   meta:
#     ucd: stat.error;time.duration
# - 
#   name: derived_secondary_ecl_depth
#   datatype: float32
#   unit: mag
#   description: "Secondary eclipse: depth"
#   meta:
#     ucd: src.var.amplitude
# - 
#   name: derived_secondary_ecl_depth_error
#   datatype: float32
#   unit: mag
#   description: "Secondary eclipse: uncertainty of \\texttt{derivedSecondaryEclDepth}"
#   meta:
#     ucd: stat.error;src.var.amplitude
solution_id,source_id,global_ranking,reference_time,frequency,frequency_error,geom_model_reference_level,geom_model_reference_level_error,geom_model_gaussian1_phase,geom_model_gaussian1_phase_error,geom_model_gaussian1_sigma,geom_model_gaussian1_sigma_error,geom_model_gaussian1_depth,geom_model_gaussian1_depth_error,geom_model_gaussian2_phase,geom_model_gaussian2_phase_error,geom_model_gaussian2_sigma,geom_model_gaussian2_sigma_error,geom_model_gaussian2_depth,geom_model_gaussian2_depth_error,geom_model_cosine_half_period_amplitude,geom_model_cosine_half_period_amplitude_error,geom_model_cosine_half_period_phase,geom_model_cosine_half_period_phase_error,model_type,num_model_parameters,reduced_chi2,derived_primary_ecl_phase,derived_primary_ecl_phase_error,derived_primary_ecl_duration,derived_primary_ecl_duration_error,derived_primary_ecl_depth,derived_primary_ecl_depth_error,derived_secondary_ecl_phase,derived_secondary_ecl_phase_error,derived_secondary_ecl_duration,derived_secondary_ecl_duration_error,derived_secondary_ecl_depth,derived_secondary_ecl_depth_error
[from data line 71]
375316653866487564,4246450971764751744,0.63215375,2231.315020892638,3.4693118578306748,6.268199E-6,17.224937,0.0064677964,0.21008615,0.0022190318,0.04497904,0.002902103,0.28587672,0.016002243,0.71881926,0.0017439038,0.04156443,0.0046833297,0.16383335,0.016067052,0.14064616,0.0097490465,0.71881926,0.0017439038,"TWOGAUSSIANS_WITH_ELLIPSOIDAL_ON_ECLIPSE2",9,7.4343224,0.21127616,0.0017885183,0.2518826,0.016251776,0.56643724,0.0087407455,0.71881926,0.0017439038,0.2327608,0.026226645,0.44512525,0.009326216
375316653866487564,4246456980424475904,0.5505228,2226.6291618334776,3.931815671282361,1.3398722E-5,18.862288,0.012561438,0.22536652,0.0044192164,0.07902532,0.0067931777,0.47873434,0.035062827,0.71620387,0.0022435095,0.072122656,0.004381153,0.49893126,0.021683233,null,null,null,null,"TWOGAUSSIANS",8,5.4501166,0.71620387,0.0022435095,0.4,0.0055358917,0.4955814,0.021755086,0.22536652,0.0044192164,0.4,0.0,0.47538444,0.03595567
375316653866487564,4246457083503709568,0.46457934,2203.5024051820055,2.55812456833727,8.973898E-5,19.609125,0.0072038095,0.6502279,0.006956884,0.033162285,0.009154611,0.61308956,0.18337503,0.5361523,0.021867635,0.02041986,0.020063257,0.062451843,0.03259864,null,null,null,null,"TWOGAUSSIANS",8,3.7466629,0.6502279,0.0069946,0.1857088,0.051265825,0.6130896,0.18421955,0.5374523,0.1541671,0.11435122,0.11235424,0.064214446,0.8431333
375316653866487564,4246471244010426624,0.47236794,2238.437512622882,3.0504115926490525,2.9556493E-5,15.3718605,0.070874974,0.25173736,0.02832879,0.048184548,0.060662176,0.068721585,0.124570735,0.7287604,0.010824813,0.061182555,0.030364934,0.10163307,0.12989213,0.054811183,0.06170827,0.7287604,0.010824813,"TWOGAUSSIANS_WITH_ELLIPSOIDAL_ON_ECLIPSE2",9,305.57358,0.7287604,0.010824813,0.3426223,0.10312989,0.21123151,0.016148271,0.24654736,0.017915247,0.26983348,0.22161688,0.17655903,0.024767844
375316653866487564,4246474675688454528,0.46443272,2216.0618571709037,2.3750453239810203,3.5826914E-5,17.604984,0.1234471,0.213456,0.013999074,0.08012783,0.028242407,0.19830142,0.056965705,0.6674221,0.011932456,0.17648484,0.1382485,0.10823212,0.11876149,null,null,null,null,"TWOGAUSSIANS",8,12.218546,0.21485601,0.010631215,0.4,0.053132243,0.17907004,0.02224557,0.6674221,0.011932456,0.4,0.0,0.08410938,0.01934793
375316653866487564,4246480692938627072,0.44812274,2312.3482366815842,0.010633583376720428,5.295991E-5,16.182467,0.027767615,0.26914454,0.00455794,0.057017155,0.0073049683,1.9804089,1.2426727,0.58938533,0.017636735,0.08584127,0.010780303,0.14577809,0.03632518,null,null,null,null,"TWOGAUSSIANS",8,26.361488,0.26915452,0.0045557925,0.31929606,0.040907823,1.9805381,1.2426856,0.58938533,0.017636735,0.4,0.0,0.14576903,0.03631504
375316653866487564,4246487049489790976,0.5507362,2211.5352210309597,2.5288106110513064,1.750471E-5,15.89083,0.010901774,0.2600206,0.004698139,0.048376787,0.012761639,0.0952528,0.03395549,0.7389323,0.01505984,0.050552152,0.01804275,0.11244429,0.031969015,0.11689579,0.014675046,0.2600206,0.004698139,"TWOGAUSSIANS_WITH_ELLIPSOIDAL_ON_ECLIPSE1",9,92.4204,0.7451723,0.011109868,0.28309205,0.1010394,0.34335327,0.025703043,0.2600206,0.004698139,0.27091,0.07146518,0.32904416,0.022294106
375316653866487564,4246488282145299200,0.5188584,2180.3088209645803,2.611823830330641,1.71831E-5,17.051277,0.015947165,0.20734894,0.0058735358,0.07996999,0.010926155,0.18755291,0.013632939,0.719904,0.0031676926,0.09398834,0.007869019,0.26061976,0.014346271,null,null,null,null,"TWOGAUSSIANS",8,17.148794,0.719904,0.0031676926,0.4,0.0,0.25480393,0.011117724,0.20734894,0.0058735358,0.4,0.0,0.18173754,0.011035164
375316653866487564,4246488282145320576,0.6044884,2210.1611079167424,3.36864623160649,6.2871754E-6,16.32055,0.008005499,0.27787507,0.0021627857,0.045591526,0.004591449,0.18193933,0.021511516,0.7757895,0.004295263,0.053980235,0.0049105333,0.22806081,0.020715557,0.09965635,0.012245558,0.27787507,0.0021627857,"TWOGAUSSIANS_WITH_ELLIPSOIDAL_ON_ECLIPSE1",9,23.247211,0.7761395,0.0034919407,0.3022893,0.027498987,0.42734063,0.0085358815,0.27787507,0.0021627857,0.25531256,0.025712114,0.38124767,0.0104868915
375316653866487564,4246488488303778944,0.58375406,2174.4884000809216,0.4682174445087339,6.8892086E-6,17.216763,0.0036025287,0.27326363,0.08987075,0.16677773,0.13258214,0.010552341,0.008327106,0.8692904,6.7042705E-4,0.02057767,8.930707E-4,0.28615153,0.005671064,null,null,null,null,"TWOGAUSSIANS",8,3.4776082,0.8693004,6.6960044E-4,0.11523495,0.005001196,0.2864924,0.005900954,0.27326363,0.08987075,0.4,0.1589846,0.010313975,0.008595456
375316653866487564,4246497357411393792,0.5110867,2214.7610570281913,2.480099469723873,2.0852489E-5,15.972933,0.31310573,0.20251714,0.010158532,0.13662094,0.06736019,0.17156667,0.2869172,0.6835907,0.008040899,0.14630613,0.05518718,0.25171062,0.29491365,null,null,null,null,"TWOGAUSSIANS",8,24.460075,0.6835907,0.008040899,0.4,0.0,0.17482431,0.0074044787,0.20418712,0.0062808446,0.4,0.0,0.09581444,0.007784489
375316653866487564,4246497593634369664,0.56173927,2245.2463550724206,1.217216263012705,4.0153755E-5,15.803663,0.0028940688,0.23330858,3.059514E-4,0.026080469,2.779346E-4,0.8180393,0.012346039,0.4182017,0.006822876,0.016513702,0.003967355,0.033328503,0.0058732997,0.0037780672,0.0046882224,0.23330858,3.059514E-4,"TWOGAUSSIANS_WITH_ELLIPSOIDAL_ON_ECLIPSE1",9,57.415955,0.23330858,3.059514E-4,0.14605063,0.0015564337,0.8255954,0.013073504,0.4182017,0.006822876,0.092476726,0.022217188,0.03452397,0.006764236
375316653866487564,4246498280829330432,0.4803352,2209.015421666217,0.9975338379031833,1.9976598E-5,17.502865,0.0035907961,0.20605032,0.041964557,0.05013045,0.05822793,0.029441876,0.71204513,0.7354499,0.003701891,0.018603023,0.0033570342,0.094823994,0.017745897,0.04013014,0.004797662,0.7354499,0.003701891,"TWOGAUSSIANS_WITH_ELLIPSOIDAL_ON_ECLIPSE2",9,11.435886,0.7354499,0.003701891,0.10417693,0.018799393,0.17508426,0.016534477,0.21645033,0.032626722,0.28073052,0.31613237,0.10793696,0.7152379
375316653866487564,4246512471401368960,0.55083275,2205.045269045987,3.701534345838763,1.1099971E-5,17.108345,0.0063304068,0.24214025,0.0033679702,0.07819243,0.004239786,0.3405516,0.010946131,0.7373328,0.0017386347,0.076216824,0.0021473647,0.38927892,0.009792689,null,null,null,null,"TWOGAUSSIANS",8,16.107952,0.7373328,0.0017386347,0.4,0.0,0.3858048,0.009496808,0.24214025,0.0033679702,0.4,0.0,0.33707747,0.010947106
375316653866487564,4246517213046189568,0.52198637,2260.3544024633316,4.288866639288704,3.6526235E-5,19.91095,0.0087041315,0.538369,0.017798495,0.033700712,0.02723598,0.054832444,0.039405312,0.75363714,0.0130081205,0.03383526,0.0058719963,0.5628201,0.106179036,null,null,null,null,"TWOGAUSSIANS",8,2.1114867,0.75363714,0.0130081205,0.18947744,0.03288318,0.5628201,0.10617932,0.538369,0.017798495,0.188724,0.15252149,0.054832444,0.039405312
375316653866487564,4246524604684430208,0.5427573,2256.497279893269,4.4481249257563205,1.3618517E-5,19.66496,0.004637567,0.29090506,0.0040928456,0.05164767,0.0046523446,0.56693524,0.04839118,0.799417,0.006741021,0.04993974,0.0034136674,0.57818794,0.05142922,null,null,null,null,"TWOGAUSSIANS",8,1.9041499,0.799417,0.006741021,0.27966255,0.019116538,0.5781838,0.051426027,0.29090506,0.0040928456,0.28922695,0.02605313,0.56693107,0.048395835
375316653866487564,4246525218864462080,0.5256583,2204.6180916186677,2.288399153092126,1.4376764E-5,18.73855,0.0023600475,null,null,null,null,null,null,null,null,null,null,null,null,0.10771748,0.0032114948,0.1824689,0.002549797,"ELLIPSOIDAL",4,1.8858471,null,null,null,null,null,null,null,null,null,null,null,null
375316653866487564,4246527211729481472,0.58419085,2203.969133687728,3.0593478115854684,9.323746E-6,18.801365,0.0053034183,0.2465264,0.002535119,0.061844204,0.0033953278,0.64822775,0.020806102,0.74391264,0.0011079225,0.06428398,0.0014870475,0.56484205,0.010263973,null,null,null,null,"TWOGAUSSIANS",8,3.3729572,0.2465264,0.002535119,0.34632754,0.019013837,0.6477973,0.020962998,0.74391264,0.0011079225,0.3599903,0.008327466,0.5644115,0.010283056
375316653866487564,4246528934011295104,0.49009138,2215.6614882658955,1.7972529191653617,2.1320791E-5,14.859314,0.0034778747,0.51957923,0.031103214,0.08795789,0.020510804,0.025272498,0.0064133215,0.7873724,0.004216909,0.039410464,0.0035410363,0.15666912,0.015402248,null,null,null,null,"TWOGAUSSIANS",8,121.728775,0.7873724,0.004216909,0.22069861,0.019829802,0.15691449,0.015431943,0.51957923,0.031103214,0.4,0.0,0.02527249,0.0064134244
375316653866487564,4246530956941296512,0.4592249,2189.97465075289,0.15288695789452358,1.4356061E-4,18.352924,0.0082313875,0.21248278,0.01080386,0.08076427,0.012612231,0.13337852,0.025970181,0.6505084,0.009768803,0.11790914,0.012496375,0.1493156,0.012869265,null,null,null,null,"TWOGAUSSIANS",8,4.9962645,0.6505084,0.009768803,0.4,0.0,0.14419153,0.01238947,0.21271278,0.010833253,0.4,0.0,0.1284071,0.026385326
375316653866487564,4246538348577652096,0.5447054,2243.6917132081935,0.9930351809408292,8.402386E-6,16.426615,0.003421355,0.19554745,0.018067908,0.013875927,0.014625446,0.36101955,298889.88,0.69134605,0.019297296,0.012661596,0.011604072,0.343911,87.2271,0.011259582,0.004990306,0.19554745,0.018067908,"TWOGAUSSIANS_WITH_ELLIPSOIDAL_ON_ECLIPSE1",9,18.28957,0.19554745,0.018067908,0.07770519,0.0819025,0.38353872,298889.88,0.69134605,0.019297946,0.07090493,0.0649828,0.36641446,87.22726
375316653866487564,4246542742330512128,0.6258606,2218.606746709063,3.3376767481352405,4.869841E-6,15.070244,0.043813486,0.28836727,0.0019304897,0.06850517,0.008209249,0.34470963,0.085274905,0.7839959,0.0015213527,0.06311582,0.0087039145,0.38438928,0.08099845,0.061714947,0.045296855,0.28836727,0.0019304897,"TWOGAUSSIANS_WITH_ELLIPSOIDAL_ON_ECLIPSE1",9,41.107727,0.78439593,0.0014553361,0.3534486,0.04874192,0.5071899,0.013521313,0.28836727,0.0019304897,0.38362893,0.040581573,0.46759483,0.016546736
375316653866487564,4246543807482521600,0.50501055,2213.8349802139564,2.8081514107500443,1.8523579E-5,17.703789,0.04601192,0.35817608,0.0044849645,0.13429067,0.029495101,0.18846259,0.041136954,0.8648656,0.010371162,0.08465932,0.037748888,0.068508565,0.04122317,null,null,null,null,"TWOGAUSSIANS",8,5.9433823,0.35817608,0.0044849645,0.4,0.0,0.17154005,0.008951958,0.8650556,0.010521881,0.4,0.016452698,0.051960208,0.011789263
375316653866487564,4246547002938234752,0.5729398,2258.7097620784916,4.119258464418806,6.108759E-6,18.103926,0.008950976,0.31562865,0.0014517657,0.077772625,0.003019104,0.45029977,0.014617128,0.8125424,0.0030839976,0.076984555,0.008222017,0.33478564,0.056514718,null,null,null,null,"TWOGAUSSIANS",8,3.7827446,0.31562865,0.0014517657,0.4,0.0,0.4463619,0.014740319,0.8125424,0.0030839976,0.4,0.0,0.3308478,0.058704894
375316653866487564,4246548965738564352,0.5437616,2258.836157534678,0.6688675879199237,9.86755E-6,15.140825,0.0022047344,0.69527483,0.0021895403,0.044780217,0.001642618,0.48092055,0.017045012,null,null,null,null,null,null,null,null,null,null,"ONEGAUSSIAN",5,56.87123,0.69527483,0.0021895403,0.2507692,0.009198661,0.48092055,0.0,null,null,null,null,null,null
375316653866487564,4246551405279873152,0.5845392,2197.9599486846796,2.9117978035357077,7.641219E-6,17.440565,0.013179053,0.2768827,0.0025339741,0.054132756,0.008627025,0.09878067,0.029095909,0.79439527,0.006338278,0.058047984,0.010639524,0.11562559,0.027781952,0.09099113,0.015811231,0.2768827,0.0025339741,"TWOGAUSSIANS_WITH_ELLIPSOIDAL_ON_ECLIPSE1",9,6.7043357,0.79439527,0.006338278,0.3250687,0.059581336,0.29540733,0.007929114,0.2768827,0.0025339741,0.30314344,0.04831134,0.2807569,0.005535416
375316653866487564,4246552603576070144,0.57427955,2209.5873701857945,3.0243105212189456,1.3518143E-5,15.645898,0.034941953,0.24738792,0.00754961,0.061193842,0.014411314,0.20829701,0.06719238,0.75385064,0.004030791,0.058505908,0.012679347,0.30149782,0.071656585,0.089587994,0.038184993,0.75385064,0.004030791,"TWOGAUSSIANS_WITH_ELLIPSOIDAL_ON_ECLIPSE2",9,108.79065,0.75385064,0.004030791,0.32763308,0.07100434,0.48060834,0.0129642645,0.24869792,0.005455688,0.34268552,0.080703355,0.3871721,0.021342687
375316653866487564,4246564358901389184,0.5231851,2231.0278260257815,0.9229780647499861,2.3925397E-5,18.540325,0.004930213,0.3383016,0.0047964854,0.039779205,0.0067732856,0.03808943,0.005909412,0.8373946,0.0012410422,0.015754804,0.0017822568,0.32933265,0.00983496,null,null,null,null,"TWOGAUSSIANS",8,4.071908,0.8373946,0.0012410422,0.0882269,0.009980638,0.32933265,0.00983496,0.3383016,0.0047964854,0.22276355,0.0379304,0.03808943,0.005909412
375316653866487564,4246573464232070144,0.6413721,2226.087597262203,2.1539036438924883,5.108372E-6,12.217837,0.0085248165,0.17965363,0.0023523618,0.057646226,0.0058523235,0.11191825,0.020265607,0.68399435,0.00121783,0.054960493,0.0070077255,0.09569928,0.019657,0.08555171,0.0119484095,0.68399435,0.00121783,"TWOGAUSSIANS_WITH_ELLIPSOIDAL_ON_ECLIPSE2",9,94.18414,0.18089363,0.0015826678,0.32281888,0.03277301,0.28291994,0.004529585,0.68399435,0.00121783,0.30777878,0.039243262,0.2667918,0.0064529385
375316653866487564,4246576075572182272,0.60508883,2209.450439594659,2.921155871518763,6.519819E-6,17.689234,0.0058988216,0.25196746,0.0014629223,0.07117291,0.00225086,0.48957968,0.01298868,0.7529611,0.0013332769,0.07498236,0.0018835707,0.50315255,0.013271865,null,null,null,null,"TWOGAUSSIANS",8,5.6217055,0.7529611,0.0013332769,0.4,0.0,0.5003641,0.01336488,0.25196746,0.0014629223,0.3985683,0.010600941,0.48679125,0.01314025
375316653866487564,4246576964628805504,0.50916964,2200.8813376450726,3.694739144128035,1.5363656E-5,19.281105,0.01673246,0.21880803,0.0065139444,0.095866784,0.010885702,0.24829482,0.023840519,0.71491045,0.005285407,0.086159974,0.011639862,0.3278949,0.029033154,null,null,null,null,"TWOGAUSSIANS",8,2.0032914,0.71491045,0.005285407,0.4,0.0,0.31566903,0.034270044,0.21880803,0.0065139444,0.4,0.0,0.23606835,0.023286514
375316653866487564,4246581190875774720,0.4695682,2221.7564700522703,2.1229064580360815,3.653711E-5,18.962887,0.021280488,0.29758352,0.011428906,0.08620024,0.013030848,0.17007935,0.021960216,0.79879504,0.0068065627,0.09069077,0.01618693,0.1636287,0.019232608,null,null,null,null,"TWOGAUSSIANS",8,4.3794985,0.29758352,0.011428906,0.4,0.0,0.16406046,0.015514097,0.79879504,0.0068065627,0.4,0.0,0.15760973,0.01298358
375316653866487564,4246592289071725440,0.58516514,2236.5819029484496,2.1815819485429335,1.7346681E-5,17.255512,0.008363348,0.23794341,0.0030194842,0.04038472,0.003553576,0.7017348,0.030305723,0.7381652,0.0049997675,0.042705372,0.004498051,0.1960513,0.023886073,0.053853273,0.011644478,0.23794341,0.0030194842,"TWOGAUSSIANS_WITH_ELLIPSOIDAL_ON_ECLIPSE1",9,19.25056,0.23794341,0.0030194842,0.22615443,0.019900026,0.80944127,0.025050871,0.7381652,0.004849644,0.23915008,0.025189087,0.3037576,0.014643333
375316653866487564,4246593663461385472,0.55065733,2231.7696479233223,3.4303525351203614,1.7925788E-5,16.147568,0.013998634,0.2584222,0.004524307,0.100915074,0.006345426,0.27291027,0.01442648,0.7366274,0.004791233,0.100729205,0.0076906714,0.24326575,0.013838198,null,null,null,null,"TWOGAUSSIANS",8,35.21166,0.2584222,0.004527897,0.4,0.0,0.25480312,0.008804718,0.7366274,0.004791233,0.4,0.0,0.22515917,0.009130626
375316653866487564,4246597825286798592,0.5850321,2225.1787151206986,3.8573488127223228,1.1479931E-5,17.006077,0.042406064,0.30287504,0.004954633,0.06506131,0.01577508,0.33230177,0.073785596,0.80644375,0.002059949,0.059790388,0.012889827,0.21062112,0.08386087,0.059686664,0.044566315,0.30287504,0.004954633,"TWOGAUSSIANS_WITH_ELLIPSOIDAL_ON_ECLIPSE1",9,15.786514,0.30287504,0.004954633,0.36434332,0.08596771,0.4514469,0.034035683,0.80644375,0.0019508328,0.33482617,0.07218303,0.32970622,0.008371395
