Gaia/vari_eclipsing_binary/VariEclipsingBinary_210287-210550.csv
# %ECSV 1.0
# ---
# delimiter: ','
# meta: !!omap
# - RELEASE: Gaia DR3
# - TABLE: vari_eclipsing_binary
# - DESCRIPTION: >
#     This table describes the properties of the eclipsing binaries resulting from the variability analysis. 
# - CITATION: >
#     How to cite and acknowledge Gaia: 
#     https://gea.esac.esa.int/archive/documentation/credits.html 
# - KNOWN_ISSUES: >
#     Known issues: 
#     https://www.cosmos.esa.int/web/gaia-users/known-issues 
# - DOCUMENTATION: >
#     Tutorials and documentation: 
#     https://www.cosmos.esa.int/web/gaia-users/archive 
# datatype:
# - 
#   name: solution_id
#   datatype: int64
#   description: Solution Identifier
#   meta:
#     ucd: meta.version
# - 
#   name: source_id
#   datatype: int64
#   description: Unique source identifier
#   meta:
#     ucd: meta.id;meta.main
# - 
#   name: global_ranking
#   datatype: float32
#   description: Number between 0 (worst) and 1 (best)
#   meta:
#     ucd: stat.param
# - 
#   name: reference_time
#   datatype: float64
#   unit: d
#   description: Reference time used for the geometric model fit
#   meta:
#     ucd: time.epoch
# - 
#   name: frequency
#   datatype: float64
#   unit: d**-1
#   description: Frequency of geometric model of the eclipsing binary light curve
#   meta:
#     ucd: src.orbital
# - 
#   name: frequency_error
#   datatype: float32
#   unit: d**-1
#   description: "Uncertainty of \\texttt{frequency}"
#   meta:
#     ucd: stat.error
# - 
#   name: geom_model_reference_level
#   datatype: float32
#   unit: mag
#   description: Magnitude reference level of geometric model
#   meta:
#     ucd: phot.mag;em.opt
# - 
#   name: geom_model_reference_level_error
#   datatype: float32
#   unit: mag
#   description: "Uncertainty of \\texttt{geomModelReferenceLevel}"
#   meta:
#     ucd: stat.error;phot.mag;em.opt
# - 
#   name: geom_model_gaussian1_phase
#   datatype: float32
#   description: Phase of the Gaussian 1 component
#   meta:
#     ucd: time.phase
# - 
#   name: geom_model_gaussian1_phase_error
#   datatype: float32
#   description: "Uncertainty of \\texttt{geomModelGaussian1Phase}"
#   meta:
#     ucd: stat.error;time.phase
# - 
#   name: geom_model_gaussian1_sigma
#   datatype: float32
#   description: "Standard deviation [phase] of Gaussian 1 component"
#   meta:
#     ucd: stat.stdev
# - 
#   name: geom_model_gaussian1_sigma_error
#   datatype: float32
#   description: "Uncertainty of \\texttt{geomModelGaussian1Sigma}"
#   meta:
#     ucd: stat.error
# - 
#   name: geom_model_gaussian1_depth
#   datatype: float32
#   unit: mag
#   description: Magnitude depth of Gaussian 1 component
#   meta:
#     ucd: src.var.amplitude
# - 
#   name: geom_model_gaussian1_depth_error
#   datatype: float32
#   unit: mag
#   description: "Uncertainty of \\texttt{geomModelGaussian1Depth}"
#   meta:
#     ucd: stat.error;src.var.amplitude
# - 
#   name: geom_model_gaussian2_phase
#   datatype: float32
#   description: Phase of Gaussian 2 component
#   meta:
#     ucd: time.phase
# - 
#   name: geom_model_gaussian2_phase_error
#   datatype: float32
#   description: "Uncertainty of \\texttt{geomModelGaussian2Phase}"
#   meta:
#     ucd: stat.error;time.phase
# - 
#   name: geom_model_gaussian2_sigma
#   datatype: float32
[...]
#   datatype: float32
#   description: "Secondary eclipse: uncertainty of \\texttt{derivedSecondaryEclDuration}"
#   meta:
#     ucd: stat.error;time.duration
# - 
#   name: derived_secondary_ecl_depth
#   datatype: float32
#   unit: mag
#   description: "Secondary eclipse: depth"
#   meta:
#     ucd: src.var.amplitude
# - 
#   name: derived_secondary_ecl_depth_error
#   datatype: float32
#   unit: mag
#   description: "Secondary eclipse: uncertainty of \\texttt{derivedSecondaryEclDepth}"
#   meta:
#     ucd: stat.error;src.var.amplitude
solution_id,source_id,global_ranking,reference_time,frequency,frequency_error,geom_model_reference_level,geom_model_reference_level_error,geom_model_gaussian1_phase,geom_model_gaussian1_phase_error,geom_model_gaussian1_sigma,geom_model_gaussian1_sigma_error,geom_model_gaussian1_depth,geom_model_gaussian1_depth_error,geom_model_gaussian2_phase,geom_model_gaussian2_phase_error,geom_model_gaussian2_sigma,geom_model_gaussian2_sigma_error,geom_model_gaussian2_depth,geom_model_gaussian2_depth_error,geom_model_cosine_half_period_amplitude,geom_model_cosine_half_period_amplitude_error,geom_model_cosine_half_period_phase,geom_model_cosine_half_period_phase_error,model_type,num_model_parameters,reduced_chi2,derived_primary_ecl_phase,derived_primary_ecl_phase_error,derived_primary_ecl_duration,derived_primary_ecl_duration_error,derived_primary_ecl_depth,derived_primary_ecl_depth_error,derived_secondary_ecl_phase,derived_secondary_ecl_phase_error,derived_secondary_ecl_duration,derived_secondary_ecl_duration_error,derived_secondary_ecl_depth,derived_secondary_ecl_depth_error
[from data line 430]
375316653866487564,1851625757828193664,0.66599995,2287.8409492338687,2.689450246758148,2.8410739E-6,14.21267,0.0076210303,0.20782875,9.3556417E-4,0.050062105,0.003214099,0.34406796,0.016735865,0.70890886,0.003142019,0.046933524,0.003308739,0.31924912,0.022868887,0.115014486,0.010776327,0.20782875,9.3556417E-4,"TWOGAUSSIANS_WITH_ELLIPSOIDAL_ON_ECLIPSE1",9,88.063576,0.20782875,9.3556417E-4,0.2803478,0.017998954,0.5740952,0.012876986,0.70890886,0.003142019,0.26282775,0.018528938,0.54926574,0.011725032
375316653866487564,1851625929626913920,0.4914125,2266.2536070786045,0.22191009202414488,3.1971456E-6,16.599442,0.0031064723,0.1412113,0.021544129,0.027588516,0.020879658,0.07926705,0.40803307,0.49852964,0.0023530845,0.0036214814,6.104309E-4,0.49087372,0.5126906,null,null,null,null,"TWOGAUSSIANS",8,37.362415,0.49852964,0.0023530845,0.020280296,0.003418413,0.49087372,0.5126906,0.1412113,0.021544129,0.15449569,0.11692609,0.07926705,0.40803307
375316653866487564,1851627681972851968,0.5824754,2241.33242836964,3.4100430709855876,6.18705E-6,17.105143,0.006473919,0.23050903,0.0014952895,0.044359725,0.0052328263,0.22069049,0.028106628,0.7325521,0.0035422319,0.04839677,0.0062572476,0.15799294,0.023179892,0.08938682,0.009068762,0.23050903,0.0014952895,"TWOGAUSSIANS_WITH_ELLIPSOIDAL_ON_ECLIPSE1",9,9.915285,0.23050903,0.0014952895,0.24841446,0.029303826,0.3994639,0.035097145,0.7325521,0.0035422319,0.27102193,0.035040587,0.3367369,0.024888407
375316653866487564,1851631903922129536,0.5462035,2260.746492416396,3.7796750494858298,1.5467242E-5,18.463778,0.01833706,0.23708208,0.0042501404,0.091985874,0.0075425603,0.3497346,0.019941391,0.7212323,0.0030884866,0.101093255,0.007093295,0.32740352,0.017262993,null,null,null,null,"TWOGAUSSIANS",8,4.7365746,0.23708208,0.004249718,0.4,0.0,0.3307253,0.01774118,0.7212323,0.0030884866,0.4,0.0,0.30839047,0.008254852
375316653866487564,1851637470200291712,0.6397635,2272.6981481256967,3.7592657030137877,4.8896213E-6,15.627119,0.0067851213,0.22325401,0.0010797977,0.04769655,0.0038123322,0.31490996,0.015205024,0.72526,0.0016458374,0.045711268,0.0017987791,0.3929938,0.017212166,0.11831898,0.008734432,0.22325401,0.0010797977,"TWOGAUSSIANS_WITH_ELLIPSOIDAL_ON_ECLIPSE1",9,44.565315,0.72526,0.0016458374,0.25598308,0.010073164,0.6295933,0.009266353,0.22325401,0.0010797977,0.26710066,0.02134906,0.55154705,0.016984986
375316653866487564,1851638775870559232,0.44961268,2285.7289319341735,3.9197330537320907,6.474005E-5,19.888412,0.03397215,0.2585349,0.0140426885,0.094882265,0.019438352,0.3417313,0.047117572,0.78212196,0.010989699,0.086524986,0.014677696,0.32589453,0.03759499,null,null,null,null,"TWOGAUSSIANS",8,3.8371933,0.2585349,0.0140426885,0.4,0.0,0.33136863,0.039746836,0.78212196,0.01099068,0.4,0.0,0.31553298,0.030334588
375316653866487564,1851640120198828544,0.60056305,2284.3673534010386,2.945656172388922,4.7955014E-6,14.628074,0.0057745897,0.19634852,0.0023883076,0.039974105,0.0051418496,0.09111183,0.014560954,0.67572147,0.00233527,0.044720743,0.0035730035,0.15064585,0.012588513,0.103396334,0.0077531594,0.19634852,0.0023883076,"TWOGAUSSIANS_WITH_ELLIPSOIDAL_ON_ECLIPSE1",9,111.54834,0.67938143,0.0016143074,0.25043616,0.02000882,0.35459316,0.0072187586,0.19634852,0.0023883076,0.22385499,0.02879436,0.29790413,0.007596239
375316653866487564,1851642074405569920,0.46601638,2275.0540662951444,2.163801269956976,3.66101E-5,18.711147,0.0067452714,0.28141114,0.003176297,0.045580924,0.0052461247,0.12211496,0.011065956,0.7901189,0.010018263,0.041079234,0.009521629,0.18310806,0.026521316,null,null,null,null,"TWOGAUSSIANS",8,5.371284,0.7901189,0.010018263,0.23004372,0.05332112,0.18310806,0.026521418,0.28141114,0.003176297,0.25525317,0.029378299,0.12211495,0.011065946
375316653866487564,1851645067996728704,0.5735424,2286.9880422199417,4.167625389858755,1.36684175E-5,17.085283,0.008385816,0.2741073,0.0018640974,0.06648073,0.0021828136,0.6503063,0.01539859,0.78289235,0.006914746,0.078926675,0.0082804635,0.33635408,0.010433239,null,null,null,null,"TWOGAUSSIANS",8,30.599297,0.2741073,0.0018640974,0.3722921,0.012223757,0.6483321,0.015162637,0.78289235,0.006914746,0.4,0.0,0.3343799,0.009807827
375316653866487564,1851645892634957696,0.5588571,2276.39231900539,2.7801911198408056,1.765259E-5,16.478098,0.0083689215,0.22216083,0.002033105,0.06426557,0.0025840471,0.32061195,0.009124073,0.713946,0.0042265644,0.07866263,0.0040644067,0.47239313,0.01022872,null,null,null,null,"TWOGAUSSIANS",8,67.06449,0.713946,0.0042265644,0.4,0.0,0.47097442,0.009977053,0.22216083,0.002033105,0.35988718,0.014470664,0.31919324,0.00872892
375316653866487564,1851648572694504576,0.6273291,2287.3977342476705,2.4699979534591594,5.3528324E-6,16.962627,0.011740751,0.19909841,9.707817E-4,0.095753945,0.0034722707,0.35966596,0.010548898,0.70239174,0.0028033054,0.09993546,0.006668085,0.31799558,0.010075785,null,null,null,null,"TWOGAUSSIANS",8,4.8875155,0.19909841,9.707817E-4,0.4,0.0,0.3349559,0.0055964007,0.70239174,0.0028033054,0.4,0.0,0.29328403,0.008205834
375316653866487564,1851664442595830400,0.5774857,2266.795112003798,3.956019574527213,7.815292E-6,17.013052,0.022856267,0.21045642,0.002551027,0.05508074,0.009233691,0.2101476,0.047111917,0.71698195,0.007508564,0.055805996,0.0120103415,0.26220798,0.04779593,0.09418771,0.024223367,0.21045642,0.002551027,"TWOGAUSSIANS_WITH_ELLIPSOIDAL_ON_ECLIPSE1",9,19.67681,0.71698195,0.007508564,0.3125136,0.06725791,0.45025307,0.008539756,0.21045642,0.002551027,0.30845216,0.05170867,0.39850917,0.025674311
375316653866487564,1851666439758161408,0.5593865,2281.810192220362,4.900047796230614,7.799716E-5,16.711987,0.0013388426,0.45686534,4.6385426E-4,0.014731004,5.236886E-4,0.40275186,0.013201669,null,null,null,null,null,null,null,null,null,null,"ONEGAUSSIAN",5,7.34541,0.45686534,4.6385426E-4,0.082493626,0.0029326563,0.40275186,0.0,null,null,null,null,null,null
375316653866487564,1851667779787931776,0.56255305,2259.8086061286926,2.735234232181378,1.0574226E-5,16.4997,0.006834344,0.25770697,0.0033893192,0.043170094,0.007119125,0.11618062,0.01868082,0.75860894,0.004410743,0.05549579,0.0057737823,0.13589042,0.015502184,0.0377766,0.008790897,0.25770697,0.0033893192,"TWOGAUSSIANS_WITH_ELLIPSOIDAL_ON_ECLIPSE1",9,11.776168,0.75860894,0.0042687743,0.31077644,0.03233318,0.2114362,0.0059690475,0.25770697,0.0033893192,0.24175254,0.039867103,0.19172883,0.015108433
375316653866487564,1851670421190128256,0.48430887,2290.1354293097147,0.4570249634765133,2.1760561E-5,17.308876,0.004921568,0.74492174,1.8888699E-4,0.004246592,1.950471E-4,0.42789388,0.011391239,null,null,null,null,null,null,0.03566808,0.0062092324,0.74492174,1.8888699E-4,"ONEGAUSSIAN_WITH_ELLIPSOIDAL",6,50.754223,0.74492174,1.8888699E-4,0.023780916,0.0010922638,0.49923,0.0084807025,null,null,null,null,null,null
375316653866487564,1851670425487877120,0.5451441,2290.8986647325,0.8332340599184931,1.2172498E-5,14.765355,4.027145E-4,0.26636943,0.0028859933,0.03514661,0.0034159701,0.039840627,0.0031159087,null,null,null,null,null,null,0.01743699,4.673791E-4,0.26636943,0.0028859933,"ONEGAUSSIAN_WITH_ELLIPSOIDAL",6,5.767726,0.26636943,0.0028859933,0.19682102,0.019129433,0.07471458,0.0030211632,null,null,null,null,null,null
375316653866487564,1851680832191258240,0.42508346,2244.796837038652,0.36943294580940406,5.2903306E-5,18.862494,0.010606955,0.36117825,0.03073251,0.13926047,0.07857407,0.04346737,0.0078058336,0.814126,3.666116E-4,0.019409541,0.0012359472,0.5626269,0.06682977,null,null,null,null,"TWOGAUSSIANS",8,2.9645507,0.814126,3.666116E-4,0.108693436,0.006921305,0.56263345,0.06658336,0.36117825,0.03073251,0.4,0.0,0.043235265,0.008881733
375316653866487564,1851681145726231296,0.56866366,2240.778931716159,2.1138087866310187,1.0622886E-5,14.347782,0.629344,0.23563844,0.0025665592,0.16227816,0.054097902,0.42709494,0.5403571,0.7351744,0.0018298848,0.1743794,0.070208944,0.4415661,0.5923625,null,null,null,null,"TWOGAUSSIANS",8,50.134693,0.7351744,0.0018019686,0.4,0.0,0.16129427,0.004218143,0.23575844,0.0028964262,0.4,0.0,0.15388802,0.0074961847
375316653866487564,1851691384923355648,0.55671024,2291.5161027907707,2.4766462824628315,8.712697E-6,16.327806,0.0077723367,0.25950718,0.0022680692,0.06557204,0.005958977,0.13434763,0.024014765,0.7666093,0.0039682095,0.047045857,0.009052159,0.11925079,0.018975286,0.06589775,0.010561952,0.25950718,0.0022680692,"TWOGAUSSIANS_WITH_ELLIPSOIDAL_ON_ECLIPSE1",9,16.95389,0.25950718,0.0022680692,0.3672034,0.033370275,0.2660506,0.017332884,0.7666093,0.0039682095,0.2634568,0.050692093,0.25069147,0.01870916
375316653866487564,1851694271145740416,0.5824758,2269.9338018151443,2.134668238306137,6.808015E-6,16.607409,0.012484152,0.25317404,0.0016361861,0.09676045,0.005974479,0.20207247,0.011725137,0.74899584,0.004372428,0.09402381,0.007204688,0.22209181,0.01362304,null,null,null,null,"TWOGAUSSIANS",8,9.237975,0.74899584,0.004372428,0.4,0.0,0.20920725,0.010405254,0.25317404,0.0016361861,0.4,0.0,0.18918759,0.0063763103
375316653866487564,1851698149499958400,0.45067197,2284.908396462997,2.6563104064144785,2.18232E-5,18.981241,0.015831584,0.8128052,0.074076205,0.11900933,0.16447988,0.029660407,0.8785713,0.5301465,0.012059733,0.06589694,0.007975365,0.19129342,0.025288627,null,null,null,null,"TWOGAUSSIANS",8,4.7738347,0.5309565,0.010007692,0.3690229,0.044662043,0.19301745,0.024572639,0.81218517,0.07834658,0.4,0.34580815,0.029622884,0.87868917
375316653866487564,1851700657760311168,0.6602454,2263.413881862068,2.192609829056623,4.1581884E-6,12.930201,0.007284674,0.18225755,0.0035492016,0.04915655,0.006474932,0.24008612,0.015526139,0.6790017,0.001954932,0.036057193,0.00461161,0.2619556,0.016266225,0.16627108,0.009796149,0.6790017,0.001954932,"TWOGAUSSIANS_WITH_ELLIPSOIDAL_ON_ECLIPSE2",9,183.59933,0.6790017,0.001954932,0.20192029,0.025825016,0.59449726,0.005977087,0.18157755,0.0027328453,0.2752767,0.036259618,0.5725177,0.011490621
375316653866487564,1851705403700744704,0.63499093,2304.5922175929118,1.8368552784018737,1.16119145E-5,15.494032,0.004731389,0.21094204,0.0035753106,0.048275426,0.0049577593,0.07511431,0.013597666,0.70709395,0.0018274038,0.04344814,0.0021903422,0.608571,0.036626212,0.011400637,0.0059567704,0.21094204,0.0035753106,"TWOGAUSSIANS_WITH_ELLIPSOIDAL_ON_ECLIPSE1",9,19.427002,0.707114,0.0018133573,0.24330957,0.012265916,0.6313589,0.040222857,0.21094204,0.0035753106,0.27034238,0.027763452,0.09791545,0.009361024
375316653866487564,1851719456833976192,0.54758316,2275.043297591413,2.96219552089189,1.851416E-5,15.685393,0.0048053907,0.23150067,0.002796244,0.057773046,0.009194826,0.074662805,0.011792114,0.7168769,0.017903365,0.028857598,0.016108142,0.11184776,0.046305057,0.073269635,0.0069572194,0.23150067,0.002796244,"TWOGAUSSIANS_WITH_ELLIPSOIDAL_ON_ECLIPSE1",9,64.36783,0.71803695,0.017547917,0.16160256,0.090205595,0.2572441,0.047569595,0.23150067,0.002796244,0.32352906,0.051491026,0.22119565,0.0061522466
375316653866487564,1851724812653906048,0.52487534,2243.056356043634,3.5522422682843433,1.3245212E-5,19.90778,0.009179317,0.27616438,0.003532113,0.059339173,0.0039062127,0.42755622,0.024685409,0.78846544,0.008744871,0.05434892,0.011106012,0.17492089,0.012342829,null,null,null,null,"TWOGAUSSIANS",8,1.1954262,0.27616438,0.003532113,0.33229938,0.021874791,0.4275346,0.024687752,0.78846544,0.008744871,0.30435395,0.06219367,0.17489927,0.012346683
375316653866487564,1851725602927973120,0.48805878,2263.006861056229,1.2436136777220168,1.6539521E-5,18.289349,0.003750246,0.19114843,0.0022202618,0.008425334,0.0041590943,0.06156078,0.8374052,0.84831023,0.0032358675,0.027589722,0.0020734994,0.40189,0.043498017,null,null,null,null,"TWOGAUSSIANS",8,6.934063,0.84831023,0.0032358675,0.15450244,0.011611597,0.40189,0.043498017,0.19114843,0.0022202618,0.04718187,0.023290928,0.06156078,0.8374052
375316653866487564,1851728317354882560,0.5117784,2246.6530429509476,3.176648365614001,1.9948448E-5,19.169104,0.005951488,0.2778008,0.011709907,0.045703687,0.00609382,0.69102746,0.111295156,0.5701162,0.05878603,0.13273765,0.03704976,0.033352114,0.011140425,null,null,null,null,"TWOGAUSSIANS",8,6.0309644,0.2779508,0.011725787,0.25594065,0.03412539,0.6939177,0.11074308,0.5701162,0.05878603,0.4,0.0,0.0332873,0.011117156
375316653866487564,1851729519940405376,0.47135955,2239.8375704342366,4.095124390275959,2.306903E-5,19.813633,0.061672524,0.32438526,0.008757052,0.10857831,0.026406553,0.2688113,0.057010345,0.78705865,0.014763773,0.09853541,0.016679546,0.43688813,0.08451916,null,null,null,null,"TWOGAUSSIANS",8,2.055452,0.78705865,0.014763773,0.4,0.0,0.41371518,0.041865814,0.32439527,0.008745153,0.4,0.0,0.24561368,0.016977603
375316653866487564,1851730928689460352,0.5619094,2298.0875453776243,4.424199097220865,6.3336843E-6,18.981354,0.018404856,0.25600716,0.0025848798,0.042830776,0.010048532,0.32240084,0.06223271,0.7583384,0.0135043925,0.040921856,0.009339202,0.37612528,0.04358946,0.13633122,0.024454044,0.25600716,0.0025848798,"TWOGAUSSIANS_WITH_ELLIPSOIDAL_ON_ECLIPSE1",9,5.76977,0.7583384,0.012768877,0.2291624,0.05229953,0.6487292,0.026245698,0.25600716,0.0025848798,0.23985234,0.056271777,0.59506327,0.068035215
375316653866487564,1851732268719232768,0.46161363,2242.4911688474062,2.462026464788072,5.658844E-6,18.22893,0.009170644,0.22539192,0.003191399,0.024517033,0.004066271,0.15598312,0.013760066,0.7213162,0.0060171606,0.028805463,0.015881222,0.45688847,0.26233515,null,null,null,null,"TWOGAUSSIANS",8,18.244757,0.7213162,0.0060171606,0.1613106,0.08893484,0.45688847,0.26233515,0.22539192,0.003191399,0.1372954,0.022771116,0.15598312,0.013760066
375316653866487564,1851732406156486144,0.5764168,2270.538736446767,3.0000607155205388,8.462696E-6,16.56735,0.024114462,0.25881284,0.0059239822,0.05986313,0.00858195,0.30047464,0.05448142,0.7730479,0.0016765011,0.047777664,0.010248767,0.21193445,0.04460261,0.1105911,0.030171832,0.7730479,0.0016765011,"TWOGAUSSIANS_WITH_ELLIPSOIDAL_ON_ECLIPSE2",9,45.832417,0.26126283,0.0046154475,0.33523354,0.048058923,0.52017546,0.026823973,0.7730479,0.0016765011,0.2675549,0.057393096,0.43309736,0.024125578
375316653866487564,1851740549414349184,0.53067964,2289.150464163952,4.1043689215037125,1.9491616E-5,19.698885,0.010716678,0.18873553,0.002054347,0.073343895,0.0034456337,0.43131068,0.01618569,0.69974136,0.0024609326,0.07166934,0.003039769,0.45282716,0.01509928,null,null,null,null,"TWOGAUSSIANS",8,1.252457,0.69974136,0.0024609326,0.4,0.0070465994,0.45104977,0.014812965,0.18873553,0.002054347,0.4,0.0,0.42953333,0.016137341
375316653866487564,1851741893743752320,0.47767204,2287.4364489974473,0.4292273653704291,1.0260709E-5,16.288715,0.0017847465,0.273019,0.0014856261,0.02386819,0.0017428437,0.115438186,0.010749485,0.78210616,0.0175903,0.020944342,0.011716823,0.028668262,0.007723729,0.019732071,0.0032708633,0.273019,0.0014856261,"TWOGAUSSIANS_WITH_ELLIPSOIDAL_ON_ECLIPSE1",9,9.652107,0.273019,0.0014856261,0.13366187,0.009759924,0.15490232,0.011976656,0.78210616,0.01679152,0.117288314,0.06561421,0.06800389,0.00773054
375316653866487564,1851752510902831744,0.6586228,2317.6916046794477,3.7798503185179597,6.0830266E-6,17.830872,0.011790826,0.21504097,0.0015694959,0.049565446,0.0025303704,0.50145036,0.025820611,0.71319985,0.001291605,0.043594543,0.0026454737,0.4392233,0.025216877,0.12610967,0.0153106805,0.21504097,0.0015694959,"TWOGAUSSIANS_WITH_ELLIPSOIDAL_ON_ECLIPSE1",9,5.9488196,0.21504097,0.0015694959,0.2775665,0.014170074,0.7536681,0.012013349,0.7133498,0.0011644752,0.24412945,0.0148146525,0.69141,0.009290312
375316653866487564,1851762161689734144,0.59722847,2275.5383171615194,3.092178431957168,7.271646E-6,18.739756,0.017620571,0.17944342,0.0019562936,0.051817615,0.004862287,0.47082973,0.040750273,0.678145,0.007567491,0.048923507,0.006933291,0.39992544,0.052838676,0.09865603,0.027482176,0.17944342,0.0019562936,"TWOGAUSSIANS_WITH_ELLIPSOIDAL_ON_ECLIPSE1",9,3.5458536,0.17944342,0.0019562936,0.29017866,0.027228806,0.66813666,0.032325167,0.678255,0.006999575,0.27397162,0.038826432,0.59722036,0.018214375
