Gaia/vari_eclipsing_binary/VariEclipsingBinary_485942-486016.csv
# %ECSV 1.0
# ---
# delimiter: ','
# meta: !!omap
# - RELEASE: Gaia DR3
# - TABLE: vari_eclipsing_binary
# - DESCRIPTION: >
#     This table describes the properties of the eclipsing binaries resulting from the variability analysis. 
# - CITATION: >
#     How to cite and acknowledge Gaia: 
#     https://gea.esac.esa.int/archive/documentation/credits.html 
# - KNOWN_ISSUES: >
#     Known issues: 
#     https://www.cosmos.esa.int/web/gaia-users/known-issues 
# - DOCUMENTATION: >
#     Tutorials and documentation: 
#     https://www.cosmos.esa.int/web/gaia-users/archive 
# datatype:
# - 
#   name: solution_id
#   datatype: int64
#   description: Solution Identifier
#   meta:
#     ucd: meta.version
# - 
#   name: source_id
#   datatype: int64
#   description: Unique source identifier
#   meta:
#     ucd: meta.id;meta.main
# - 
#   name: global_ranking
#   datatype: float32
#   description: Number between 0 (worst) and 1 (best)
#   meta:
#     ucd: stat.param
# - 
#   name: reference_time
#   datatype: float64
#   unit: d
#   description: Reference time used for the geometric model fit
#   meta:
#     ucd: time.epoch
# - 
#   name: frequency
#   datatype: float64
#   unit: d**-1
#   description: Frequency of geometric model of the eclipsing binary light curve
#   meta:
#     ucd: src.orbital
# - 
#   name: frequency_error
#   datatype: float32
#   unit: d**-1
#   description: "Uncertainty of \\texttt{frequency}"
#   meta:
#     ucd: stat.error
# - 
#   name: geom_model_reference_level
#   datatype: float32
#   unit: mag
#   description: Magnitude reference level of geometric model
#   meta:
#     ucd: phot.mag;em.opt
# - 
#   name: geom_model_reference_level_error
#   datatype: float32
#   unit: mag
#   description: "Uncertainty of \\texttt{geomModelReferenceLevel}"
#   meta:
#     ucd: stat.error;phot.mag;em.opt
# - 
#   name: geom_model_gaussian1_phase
#   datatype: float32
#   description: Phase of the Gaussian 1 component
#   meta:
#     ucd: time.phase
# - 
#   name: geom_model_gaussian1_phase_error
#   datatype: float32
#   description: "Uncertainty of \\texttt{geomModelGaussian1Phase}"
#   meta:
#     ucd: stat.error;time.phase
# - 
#   name: geom_model_gaussian1_sigma
#   datatype: float32
#   description: "Standard deviation [phase] of Gaussian 1 component"
#   meta:
#     ucd: stat.stdev
# - 
#   name: geom_model_gaussian1_sigma_error
#   datatype: float32
#   description: "Uncertainty of \\texttt{geomModelGaussian1Sigma}"
#   meta:
#     ucd: stat.error
# - 
#   name: geom_model_gaussian1_depth
#   datatype: float32
#   unit: mag
#   description: Magnitude depth of Gaussian 1 component
#   meta:
#     ucd: src.var.amplitude
# - 
#   name: geom_model_gaussian1_depth_error
#   datatype: float32
#   unit: mag
#   description: "Uncertainty of \\texttt{geomModelGaussian1Depth}"
#   meta:
#     ucd: stat.error;src.var.amplitude
# - 
#   name: geom_model_gaussian2_phase
#   datatype: float32
#   description: Phase of Gaussian 2 component
#   meta:
#     ucd: time.phase
# - 
#   name: geom_model_gaussian2_phase_error
#   datatype: float32
#   description: "Uncertainty of \\texttt{geomModelGaussian2Phase}"
#   meta:
#     ucd: stat.error;time.phase
# - 
#   name: geom_model_gaussian2_sigma
#   datatype: float32
[...]
#   datatype: float32
#   description: "Secondary eclipse: uncertainty of \\texttt{derivedSecondaryEclDuration}"
#   meta:
#     ucd: stat.error;time.duration
# - 
#   name: derived_secondary_ecl_depth
#   datatype: float32
#   unit: mag
#   description: "Secondary eclipse: depth"
#   meta:
#     ucd: src.var.amplitude
# - 
#   name: derived_secondary_ecl_depth_error
#   datatype: float32
#   unit: mag
#   description: "Secondary eclipse: uncertainty of \\texttt{derivedSecondaryEclDepth}"
#   meta:
#     ucd: stat.error;src.var.amplitude
solution_id,source_id,global_ranking,reference_time,frequency,frequency_error,geom_model_reference_level,geom_model_reference_level_error,geom_model_gaussian1_phase,geom_model_gaussian1_phase_error,geom_model_gaussian1_sigma,geom_model_gaussian1_sigma_error,geom_model_gaussian1_depth,geom_model_gaussian1_depth_error,geom_model_gaussian2_phase,geom_model_gaussian2_phase_error,geom_model_gaussian2_sigma,geom_model_gaussian2_sigma_error,geom_model_gaussian2_depth,geom_model_gaussian2_depth_error,geom_model_cosine_half_period_amplitude,geom_model_cosine_half_period_amplitude_error,geom_model_cosine_half_period_phase,geom_model_cosine_half_period_phase_error,model_type,num_model_parameters,reduced_chi2,derived_primary_ecl_phase,derived_primary_ecl_phase_error,derived_primary_ecl_duration,derived_primary_ecl_duration_error,derived_primary_ecl_depth,derived_primary_ecl_depth_error,derived_secondary_ecl_phase,derived_secondary_ecl_phase_error,derived_secondary_ecl_duration,derived_secondary_ecl_duration_error,derived_secondary_ecl_depth,derived_secondary_ecl_depth_error
[from data line 489]
375316653866487564,4275019371936552064,0.51092887,2298.870342971794,3.5974890454208484,7.3787196E-5,18.318552,0.08595395,0.2399995,0.011767794,0.13278182,0.04531958,0.23218866,0.07890437,0.74886686,0.018206567,0.09842277,0.040639084,0.27089566,0.09055031,null,null,null,null,"TWOGAUSSIANS",8,5.928787,0.74895686,0.018307636,0.4,0.017518038,0.22805373,0.086806424,0.2399995,0.011758207,0.4,0.0,0.1889496,0.01791074
375316653866487564,4275020024771348224,0.5301012,2294.5490251979136,3.416591888283943,4.8773658E-5,18.218946,0.028845698,0.25403208,0.00909806,0.115879826,0.024265986,0.1677504,0.029666549,0.7442405,0.009123968,0.09164049,0.01421961,0.24078318,0.029517945,null,null,null,null,"TWOGAUSSIANS",8,4.3046484,0.7442405,0.009123968,0.4,0.0,0.22185391,0.008733713,0.25403208,0.00909806,0.4,0.0,0.14878899,0.022618266
375316653866487564,4275022086355983744,0.49453056,2292.0400438440865,2.5485201529641617,3.5626672E-5,18.653128,0.0103732925,0.19521101,0.010759578,0.09180084,0.025615174,0.14560167,0.033540208,0.6732831,0.007406808,0.08502936,0.015207907,0.21441582,0.04404782,null,null,null,null,"TWOGAUSSIANS",8,1.6601514,0.6732831,0.007406808,0.4,0.0,0.20993416,0.047534995,0.19521101,0.010759578,0.4,0.0,0.14111985,0.037321754
375316653866487564,4275029954740712576,0.5324752,2230.8278258079818,2.189073414534782,1.2806668E-5,17.451332,0.13286515,0.27551663,0.006136328,0.14238177,0.043478873,0.25696796,0.12621221,0.7813966,0.0048307916,0.12681203,0.033837434,0.3024437,0.11281883,null,null,null,null,"TWOGAUSSIANS",8,5.8865004,0.7815966,0.004650602,0.4,0.0,0.20912568,0.021120384,0.27540663,0.0060593514,0.4,0.0,0.16281874,0.013215853
375316653866487564,4275030371351449088,0.5141036,2210.057032890892,0.7057469219073456,7.4338954E-5,19.475243,0.016150666,0.26389837,0.030747801,0.04228532,0.013419395,0.72360384,0.4252967,0.78525513,0.014572566,0.04528302,0.007923024,1.2555639,0.7324824,null,null,null,null,"TWOGAUSSIANS",8,5.201668,0.78525513,0.014572566,0.25358492,0.044368934,1.2555639,0.7324826,0.26389837,0.030747801,0.2367978,0.07514861,0.7236038,0.42529666
375316653866487564,4275031230353144704,0.5677916,2249.4541255287945,1.9124954532004093,9.723309E-6,15.850201,0.40334868,0.22435145,0.0038314178,0.13250256,0.09378164,0.14879133,0.38769153,0.73088074,0.0047764066,0.123000115,0.061905485,0.12995498,0.32419953,null,null,null,null,"TWOGAUSSIANS",8,5.510381,0.22430146,0.0033037232,0.4,0.0,0.10982062,0.005907098,0.73102075,0.004184574,0.4,0.0,0.09116042,0.0050236657
375316653866487564,4275031638367312512,0.49074596,2267.6523645954585,3.3658299619817202,4.0062914E-5,19.491808,0.33472842,0.28355053,0.011417437,0.19957502,0.13281174,0.45988938,0.36785746,0.7847347,0.008522015,0.118996456,0.0342835,0.48977703,0.25827536,null,null,null,null,"TWOGAUSSIANS",8,1.5372905,0.7849447,0.008507265,0.4,0.0,0.27073678,0.018057443,0.28353053,0.0114349,0.4,0.0,0.20111434,0.3943381
375316653866487564,4275032119403643136,0.5345104,2264.7178489573434,3.3975661436131688,1.0765915E-5,19.181696,0.015386472,0.17974792,0.0065084402,0.06862213,0.011482992,0.5027218,0.0976167,0.6882722,0.004812829,0.07128884,0.0074304705,0.35944736,0.023392463,null,null,null,null,"TWOGAUSSIANS",8,2.13226,0.17974792,0.0065084402,0.3842839,0.04006102,0.5015766,0.0995344,0.6882722,0.004812829,0.3992175,0.023581346,0.35830218,0.02315789
375316653866487564,4275033012756957568,0.5107208,2334.972797807009,2.2240732708242885,1.7320397E-5,18.66989,0.0064125923,null,null,null,null,null,null,null,null,null,null,null,null,0.18261234,0.009178674,0.780586,0.0037926922,"ELLIPSOIDAL",4,9.158003,null,null,null,null,null,null,null,null,null,null,null,null
375316653866487564,4275036483086485248,0.64770764,2264.2734308243093,0.9342874746933,9.5162E-5,17.328972,0.011942736,0.30564108,0.003761881,0.046037745,0.0045330958,0.5209606,0.015033409,0.8343767,0.038909208,0.11976104,0.06803689,0.0148743065,0.012063093,null,null,null,null,"TWOGAUSSIANS",8,3.177282,0.30564108,0.00379465,0.25781137,0.025385337,0.52059615,0.0153634595,0.8343767,0.038909208,0.4,0.0,0.014502501,0.008227485
375316653866487564,4275039953420128256,0.6147411,2248.9818691542723,2.9512317465147584,9.692928E-6,17.922865,0.015392843,0.19261971,0.0021770226,0.0539686,0.0055563417,0.36550283,0.03193776,0.72711927,0.019468794,0.040804937,0.012614108,0.2268387,0.040359616,0.069699086,0.016980125,0.19261971,0.0021770226,"TWOGAUSSIANS_WITH_ELLIPSOIDAL_ON_ECLIPSE1",9,7.0095162,0.19261971,0.0021770226,0.30222416,0.031115515,0.5048927,0.02097811,0.72711927,0.019468794,0.22850764,0.070639,0.3597805,0.0275171
375316653866487564,4275042221163789440,0.47619346,2301.6360716104964,2.272795446087107,4.138729E-5,19.617847,0.0077502276,0.36793455,0.008793837,0.1122942,0.01217172,0.29301938,0.03003742,0.65920174,0.078407325,0.06505395,0.0578063,0.04475564,0.030697651,null,null,null,null,"TWOGAUSSIANS",8,1.6402713,0.36794457,0.008697532,0.4,0.0,0.29292288,0.030109288,0.65920174,0.078407325,0.3643021,0.30384377,0.054796018,0.02466025
375316653866487564,4275042255523528576,0.5893645,2314.6232413056773,2.9008481644136466,6.2839567E-6,18.822609,0.0046244757,0.24472748,0.0028700777,0.07258285,0.003624201,0.5770247,0.031345434,0.75315726,0.0019678809,0.06357792,0.0021805568,0.6357296,0.017321222,null,null,null,null,"TWOGAUSSIANS",8,2.1621864,0.75315726,0.0019678809,0.35603634,0.012211118,0.6345998,0.01742056,0.24472748,0.0028700777,0.4,0.0026166718,0.5758949,0.031730942
375316653866487564,4275042977073989376,0.475158,2297.070945053542,0.6635654404593847,1.8331351E-5,18.913927,0.0076676756,0.29413915,0.0015804195,0.013037002,0.0013891099,0.3691138,0.05853209,0.79197574,0.01415042,0.015203606,0.0141080925,0.3181343,285.91278,null,null,null,null,"TWOGAUSSIANS",8,6.59914,0.29413915,0.0015804195,0.07300721,0.0077790157,0.3691138,0.05853209,0.79197574,0.01415042,0.08514019,0.079005316,0.3181343,285.91278
375316653866487564,4275044110945417088,0.47533575,2306.757424726876,1.575453668520811,5.3698124E-5,18.44398,0.016146954,0.21606942,0.021984005,0.032050103,0.015902175,0.053758856,0.068148196,0.7209644,0.013438677,0.034689035,0.01585992,0.28435197,0.045409855,0.046265956,0.028485414,0.21606942,0.021984005,"TWOGAUSSIANS_WITH_ELLIPSOIDAL_ON_ECLIPSE1",9,24.669357,0.7209644,0.013372642,0.19425859,0.08881555,0.37679633,0.039744504,0.21606942,0.021984005,0.17948057,0.08905218,0.14629072,0.036419958
375316653866487564,4275045416615479424,0.523302,2315.6124082060674,2.752524767978957,3.0271965E-5,18.345516,0.2089719,0.24586408,0.005682745,0.12900405,0.03474893,0.34102488,0.1995451,0.7384313,0.007424824,0.1365707,0.051747426,0.30874434,0.20317721,null,null,null,null,"TWOGAUSSIANS",8,3.340968,0.24605408,0.0053916825,0.4,0.0,0.23752311,0.008172654,0.7384313,0.007424824,0.4,0.0,0.20485136,0.012622837
375316653866487564,4275046451712191232,0.46806666,2318.7041265093903,3.0680974407802935,3.420003E-5,15.440158,1.3040458,0.2719571,0.012340387,0.16988021,0.15754244,0.4499766,1.1786103,0.7658303,0.011557733,0.16776171,0.14058772,0.46711832,1.1426601,null,null,null,null,"TWOGAUSSIANS",8,147.46347,0.7658303,0.011557733,0.4,0.0,0.1809447,0.016658101,0.27346712,0.009118013,0.4,0.0,0.16298635,0.025439082
375316653866487564,4275047894821230464,0.6152145,2326.6434964825844,2.059010004683344,3.7539762E-6,14.580209,0.003278552,0.17777832,0.0023903348,0.11706334,0.005251164,0.07967853,0.0031822077,0.67358583,8.0542115E-4,0.09014151,0.0025391332,0.13687122,0.0027717093,null,null,null,null,"TWOGAUSSIANS",8,7.0433435,0.67358583,8.0542115E-4,0.4,0.0,0.12669417,0.0018049842,0.17777832,0.0023903348,0.4,0.0,0.06948392,0.0014689364
375316653866487564,4275050708015504256,0.5951097,2316.4216287075965,1.0421745956606376,6.5459426E-6,18.11672,0.002023602,0.2434413,0.0018143519,0.053925328,0.0019472314,0.36262742,0.010699804,0.7414137,0.0054571587,0.06577455,0.0053853067,0.11119275,0.007357557,null,null,null,null,"TWOGAUSSIANS",8,1.8831128,0.2434413,0.0018143519,0.30198184,0.010904496,0.36257112,0.010705681,0.7414137,0.0054571587,0.36833748,0.030157717,0.11113645,0.007372584
