Gaia/vari_eclipsing_binary/VariEclipsingBinary_465791-465853.csv
# %ECSV 1.0
# ---
# delimiter: ','
# meta: !!omap
# - RELEASE: Gaia DR3
# - TABLE: vari_eclipsing_binary
# - DESCRIPTION: >
#     This table describes the properties of the eclipsing binaries resulting from the variability analysis. 
# - CITATION: >
#     How to cite and acknowledge Gaia: 
#     https://gea.esac.esa.int/archive/documentation/credits.html 
# - KNOWN_ISSUES: >
#     Known issues: 
#     https://www.cosmos.esa.int/web/gaia-users/known-issues 
# - DOCUMENTATION: >
#     Tutorials and documentation: 
#     https://www.cosmos.esa.int/web/gaia-users/archive 
# datatype:
# - 
#   name: solution_id
#   datatype: int64
#   description: Solution Identifier
#   meta:
#     ucd: meta.version
# - 
#   name: source_id
#   datatype: int64
#   description: Unique source identifier
#   meta:
#     ucd: meta.id;meta.main
# - 
#   name: global_ranking
#   datatype: float32
#   description: Number between 0 (worst) and 1 (best)
#   meta:
#     ucd: stat.param
# - 
#   name: reference_time
#   datatype: float64
#   unit: d
#   description: Reference time used for the geometric model fit
#   meta:
#     ucd: time.epoch
# - 
#   name: frequency
#   datatype: float64
#   unit: d**-1
#   description: Frequency of geometric model of the eclipsing binary light curve
#   meta:
#     ucd: src.orbital
# - 
#   name: frequency_error
#   datatype: float32
#   unit: d**-1
#   description: "Uncertainty of \\texttt{frequency}"
#   meta:
#     ucd: stat.error
# - 
#   name: geom_model_reference_level
#   datatype: float32
#   unit: mag
#   description: Magnitude reference level of geometric model
#   meta:
#     ucd: phot.mag;em.opt
# - 
#   name: geom_model_reference_level_error
#   datatype: float32
#   unit: mag
#   description: "Uncertainty of \\texttt{geomModelReferenceLevel}"
#   meta:
#     ucd: stat.error;phot.mag;em.opt
# - 
#   name: geom_model_gaussian1_phase
#   datatype: float32
#   description: Phase of the Gaussian 1 component
#   meta:
#     ucd: time.phase
# - 
#   name: geom_model_gaussian1_phase_error
#   datatype: float32
#   description: "Uncertainty of \\texttt{geomModelGaussian1Phase}"
#   meta:
#     ucd: stat.error;time.phase
# - 
#   name: geom_model_gaussian1_sigma
#   datatype: float32
#   description: "Standard deviation [phase] of Gaussian 1 component"
#   meta:
#     ucd: stat.stdev
# - 
#   name: geom_model_gaussian1_sigma_error
#   datatype: float32
#   description: "Uncertainty of \\texttt{geomModelGaussian1Sigma}"
#   meta:
#     ucd: stat.error
# - 
#   name: geom_model_gaussian1_depth
#   datatype: float32
#   unit: mag
#   description: Magnitude depth of Gaussian 1 component
#   meta:
#     ucd: src.var.amplitude
# - 
#   name: geom_model_gaussian1_depth_error
#   datatype: float32
#   unit: mag
#   description: "Uncertainty of \\texttt{geomModelGaussian1Depth}"
#   meta:
#     ucd: stat.error;src.var.amplitude
# - 
#   name: geom_model_gaussian2_phase
#   datatype: float32
#   description: Phase of Gaussian 2 component
#   meta:
#     ucd: time.phase
# - 
#   name: geom_model_gaussian2_phase_error
#   datatype: float32
#   description: "Uncertainty of \\texttt{geomModelGaussian2Phase}"
#   meta:
#     ucd: stat.error;time.phase
# - 
#   name: geom_model_gaussian2_sigma
#   datatype: float32
[...]
#   datatype: float32
#   description: "Secondary eclipse: uncertainty of \\texttt{derivedSecondaryEclDuration}"
#   meta:
#     ucd: stat.error;time.duration
# - 
#   name: derived_secondary_ecl_depth
#   datatype: float32
#   unit: mag
#   description: "Secondary eclipse: depth"
#   meta:
#     ucd: src.var.amplitude
# - 
#   name: derived_secondary_ecl_depth_error
#   datatype: float32
#   unit: mag
#   description: "Secondary eclipse: uncertainty of \\texttt{derivedSecondaryEclDepth}"
#   meta:
#     ucd: stat.error;src.var.amplitude
solution_id,source_id,global_ranking,reference_time,frequency,frequency_error,geom_model_reference_level,geom_model_reference_level_error,geom_model_gaussian1_phase,geom_model_gaussian1_phase_error,geom_model_gaussian1_sigma,geom_model_gaussian1_sigma_error,geom_model_gaussian1_depth,geom_model_gaussian1_depth_error,geom_model_gaussian2_phase,geom_model_gaussian2_phase_error,geom_model_gaussian2_sigma,geom_model_gaussian2_sigma_error,geom_model_gaussian2_depth,geom_model_gaussian2_depth_error,geom_model_cosine_half_period_amplitude,geom_model_cosine_half_period_amplitude_error,geom_model_cosine_half_period_phase,geom_model_cosine_half_period_phase_error,model_type,num_model_parameters,reduced_chi2,derived_primary_ecl_phase,derived_primary_ecl_phase_error,derived_primary_ecl_duration,derived_primary_ecl_duration_error,derived_primary_ecl_depth,derived_primary_ecl_depth_error,derived_secondary_ecl_phase,derived_secondary_ecl_phase_error,derived_secondary_ecl_duration,derived_secondary_ecl_duration_error,derived_secondary_ecl_depth,derived_secondary_ecl_depth_error
[from data line 302]
375316653866487564,4097413231477517824,0.55648905,2252.13476510363,1.0265370119454502,4.73332E-5,18.587114,0.0071807858,0.26606196,0.01816903,0.0149315195,0.012390601,0.101886265,957.9171,0.7523255,0.007526374,0.027879803,0.0059910947,0.51976335,0.07781664,0.046832703,0.010058133,0.7523255,0.007526374,"TWOGAUSSIANS_WITH_ELLIPSOIDAL_ON_ECLIPSE2",9,3.308007,0.7523255,0.007526374,0.15612689,0.033550132,0.6134286,0.08386985,0.26584196,0.01798389,0.08361651,0.06938737,0.19486655,957.9171
375316653866487564,4097417182848154752,0.52402073,2269.253313998276,2.7874775344469365,2.2333705E-5,14.510856,0.0120954625,0.2838314,0.028867792,0.058372807,0.01789608,0.1990337,0.14289628,0.8437764,0.009289933,0.036729794,0.014152434,0.12403916,0.18540065,0.030940577,0.013756364,0.8437764,0.009289933,"TWOGAUSSIANS_WITH_ELLIPSOIDAL_ON_ECLIPSE2",9,181.51837,0.2881314,0.030323453,0.32688773,0.09581013,0.25311422,0.141544,0.8437764,0.009289933,0.20568685,0.07925363,0.18592007,0.20339376
375316653866487564,4097417320287252096,0.5712292,2250.718190267494,1.2265285503011565,7.903549E-6,13.117094,0.047518253,0.2691339,0.0024623233,0.110929,0.014368009,0.23732823,0.04106043,0.7663399,0.0029458578,0.1458794,0.02740466,0.18159585,0.04594205,null,null,null,null,"TWOGAUSSIANS",8,41.98681,0.26921389,0.0025437907,0.4,0.0,0.17965667,0.009872175,0.7663399,0.0029458578,0.4,0.0,0.12291941,0.0051508904
375316653866487564,4097421099858509952,0.54071844,2273.151398120361,0.6114563556524703,2.4404464E-5,15.383571,0.0029970545,0.29385528,0.007916715,0.06795654,0.009037916,0.11814382,0.006443099,0.620944,0.023891745,0.018421913,0.019616725,0.05162882,0.31266335,null,null,null,null,"TWOGAUSSIANS",8,28.060093,0.29385528,0.007916715,0.3805566,0.04228218,0.11814382,0.006443099,0.620944,0.023891745,0.10316271,0.10985366,0.051629923,0.3126628
375316653866487564,4097425257394097024,0.5253765,2265.6126254517326,0.8657941706330843,1.8360406E-5,19.775387,0.016973969,0.5024832,0.002943242,0.014127711,0.001718556,1.4051061,0.5628042,0.8471204,0.017240906,0.048280388,0.02725487,0.0640881,0.033922482,null,null,null,null,"TWOGAUSSIANS",8,1.5654662,0.5024832,0.002943242,0.07911518,0.009623914,1.4051061,0.5628042,0.8471204,0.017240906,0.27037016,0.15262727,0.0640881,0.033922482
375316653866487564,4097425360473724800,0.5416011,2201.4187116754697,0.9718488709911673,1.1594806E-5,19.678688,0.016934983,0.18107054,0.0050847232,0.061740257,0.004175827,0.5414403,0.028183542,0.6868221,0.017084314,0.06647994,0.01766895,0.26567748,0.06766608,null,null,null,null,"TWOGAUSSIANS",8,1.242406,0.18107054,0.0050847232,0.34574544,0.02338463,0.541129,0.027984703,0.6868221,0.017084314,0.3722877,0.09835325,0.26536614,0.06785061
375316653866487564,4097427288914893568,0.62100327,2247.490107130166,1.212016609996579,5.157306E-6,13.199446,0.018827425,0.2616975,0.0027904466,0.039482925,0.0063688327,0.474485,0.03651347,0.76456475,0.0046479036,0.055113755,0.009750422,0.24626233,0.09143904,0.16442008,0.026454767,0.2616975,0.0027904466,"TWOGAUSSIANS_WITH_ELLIPSOIDAL_ON_ECLIPSE1",9,67.425804,0.2616975,0.0027904466,0.22110438,0.035665464,0.8033182,0.042764,0.76456475,0.0046479036,0.30863702,0.054602362,0.57498884,0.09496792
375316653866487564,4097427357626358656,0.58970654,2238.0911787295768,1.0877035877262053,2.0694137E-5,15.134741,0.007494968,0.31114882,0.0054628374,0.04502857,0.0059240176,0.2090052,0.020294586,0.81478477,0.009649803,0.023551026,0.02683388,0.699736,0.8251899,0.044408306,0.008781551,0.81478477,0.009649803,"TWOGAUSSIANS_WITH_ELLIPSOIDAL_ON_ECLIPSE2",9,31.486269,0.81478477,0.009649803,0.13188575,0.15026973,0.78855246,0.83810127,0.3113788,0.0049142325,0.25215998,0.0331745,0.29777822,0.019627206
375316653866487564,4097429277476043008,0.5387024,2245.8766658055893,2.1400746074876786,1.0896799E-5,18.718283,0.0141651,0.3369507,0.004562748,0.0385447,0.011632148,0.2945223,0.06860757,null,null,null,null,null,null,0.23570567,0.030162765,0.3369507,0.004562748,"ONEGAUSSIAN_WITH_ELLIPSOIDAL",6,13.333715,0.3369507,0.004562748,0.21585032,0.065140024,0.76593333,0.05729376,null,null,null,null,null,null
375316653866487564,4097431308991516288,0.63197935,2208.4118650764735,2.6084000840502473,9.169925E-6,18.811268,0.00781776,0.19930324,0.0061023817,0.06727414,0.0047902754,0.5278433,0.02357298,0.6969213,0.0020372365,0.06743205,0.0018976824,0.59569985,0.014583004,null,null,null,null,"TWOGAUSSIANS",8,1.8017884,0.6969213,0.0020372365,0.3776195,0.010627021,0.59462935,0.014439104,0.19930324,0.0061023817,0.37673518,0.026825542,0.5267728,0.02367523
375316653866487564,4097431309005154816,0.5187947,2230.8572628175957,2.2786457652461563,3.9327304E-5,17.709993,0.056416042,0.19184193,0.006588614,0.1026848,0.019661423,0.23089683,0.054633744,0.68915343,0.010783685,0.10571196,0.026801338,0.23968619,0.058034673,null,null,null,null,"TWOGAUSSIANS",8,11.602592,0.68915343,0.010790209,0.4,0.0,0.21403502,0.02008138,0.19184193,0.0065864176,0.4,0.0,0.20524904,0.014944774
375316653866487564,4097432614675299456,0.6380534,2277.6526316866407,1.9895101064487575,1.0190819E-5,16.04575,0.0072493623,0.27432728,0.013197164,0.024512623,0.008353015,0.39596602,0.11538669,0.78246576,0.0035291237,0.03100769,0.003631664,0.83538306,0.08994734,0.045088254,0.010099871,0.27432728,0.013197164,"TWOGAUSSIANS_WITH_ELLIPSOIDAL_ON_ECLIPSE1",9,53.096817,0.78246576,0.0035291237,0.17364307,0.020337317,0.92532384,0.09606556,0.27432728,0.013197164,0.13727069,0.046776887,0.4861424,0.12409292
375316653866487564,4097435256066566144,0.5541981,2249.415008336682,2.9140643751931075,3.1026368E-5,17.956182,0.008207453,0.14861803,0.0094141085,0.011515403,0.0061111953,0.45039025,0.19105831,0.893783,0.0038746009,0.039657835,0.004753639,0.39126098,0.12189724,null,null,null,null,"TWOGAUSSIANS",8,11.381835,0.14861803,0.0094141085,0.06448626,0.034222692,0.45039025,0.19105831,0.893783,0.0038746009,0.22208388,0.026620379,0.39126098,0.12189724
375316653866487564,4097435432173868160,0.6193429,2267.21245102479,4.704233202796065,8.520245E-5,17.034052,0.008561503,0.5211106,0.02935221,0.03737618,0.023500456,1.9833198,1.1992757,null,null,null,null,null,null,null,null,null,null,"ONEGAUSSIAN",5,38.384335,0.5211106,0.02935221,0.2093066,0.13160256,1.9833198,0.0,null,null,null,null,null,null
375316653866487564,4097436183779423488,0.46795714,2270.135980646362,0.8617009865310002,2.4213245E-5,17.4396,0.003319778,0.38053533,0.004936332,0.042345162,0.010209831,0.106868476,0.020800006,0.83408505,0.028115246,0.0566548,0.024128389,0.06489695,0.05011163,null,null,null,null,"TWOGAUSSIANS",8,7.5954213,0.38053533,0.004936332,0.23713292,0.057175055,0.10686844,0.020800076,0.83408505,0.028115246,0.31726688,0.13511898,0.06489691,0.050111674
375316653866487564,4097438520243118592,0.5189457,2234.578074507831,2.807504210703213,1.2885868E-5,19.111492,0.02420321,0.16703887,0.0033685435,0.0757514,0.008958884,0.3211685,0.029034149,0.67711264,0.007365413,0.08206248,0.013943761,0.34194916,0.049273834,null,null,null,null,"TWOGAUSSIANS",8,3.3789861,0.67711264,0.007365413,0.4,0.0,0.3383752,0.050548702,0.16703887,0.0033685435,0.4,0.0,0.3175946,0.028443143
375316653866487564,4097439246104947328,0.67015576,2224.817560060159,0.521547541692362,3.7294878E-6,15.787031,0.006793833,0.16365394,0.0025821382,0.031360198,0.0028200662,0.379307,0.051468648,0.6622266,0.0017969758,0.03085443,0.0021539305,0.36214408,0.015398281,0.017220747,0.008118942,0.16365394,0.0025821382,"TWOGAUSSIANS_WITH_ELLIPSOIDAL_ON_ECLIPSE1",9,13.432193,0.16365394,0.0025821382,0.1756171,0.01579237,0.4137484,0.050375957,0.66223663,0.0017766908,0.1727848,0.01206201,0.39658275,0.0049197003
375316653866487564,4097440891064770176,0.5435059,2240.1558605468044,3.869535473545194,1.4212709E-5,19.10221,0.012906831,0.2831949,0.0035038986,0.05937726,0.0039544953,0.6946786,0.055467714,0.77927303,0.005875854,0.0781004,0.008052578,0.50054115,0.11098635,null,null,null,null,"TWOGAUSSIANS",8,5.0387454,0.2831949,0.0035038986,0.33251265,0.022145174,0.6933015,0.055999745,0.77927303,0.005875854,0.4,0.0,0.49916404,0.11163243
375316653866487564,4097441372116992384,0.52606463,2220.814802231665,3.0910165987249507,2.0063428E-5,18.708761,0.019250605,0.23243982,0.008769862,0.06561692,0.016442139,0.21586984,0.018416153,0.70832074,0.0016268297,0.09433297,0.0070399703,0.23229785,0.019756462,null,null,null,null,"TWOGAUSSIANS",8,3.2112384,0.70832074,0.0016268297,0.4,0.0,0.23023245,0.016171096,0.23243982,0.008769862,0.36745474,0.08050346,0.21380518,0.01737837
375316653866487564,4097446770887545600,0.6994775,2250.0312545680968,4.536561484936271,3.939013E-6,16.761297,0.00996702,0.22768313,9.194113E-4,0.046432063,0.0102427965,0.3592944,0.56046236,0.72910434,0.0012943457,0.048007395,0.0031413552,0.40975803,0.026791781,0.13174321,0.011124635,0.22768313,9.194113E-4,"TWOGAUSSIANS_WITH_ELLIPSOIDAL_ON_ECLIPSE1",9,5.425804,0.72910434,0.0012943457,0.26884142,0.01759159,0.67322236,0.030859971,0.22768313,9.194113E-4,0.26001954,0.057359662,0.6227798,0.57351613
375316653866487564,4097454089512103040,0.56301826,2226.3451116024467,2.757969705204613,8.8679135E-6,15.265569,0.012029751,0.2859542,0.0014036428,0.077084124,0.0032749872,0.31598523,0.014126703,0.7764872,0.0027332418,0.07901138,0.005619637,0.34001994,0.025941601,null,null,null,null,"TWOGAUSSIANS",8,69.522934,0.7764872,0.0027332418,0.4,0.0,0.3368313,0.026247233,0.2859542,0.0014036428,0.4,0.0,0.3127966,0.013237517
375316653866487564,4097459965013953664,0.49303898,2231.062711107502,2.2732900842018613,5.8470647E-5,18.814608,0.055665586,0.19414096,0.009395878,0.08190166,0.020233195,0.38937256,0.05186777,0.71304965,0.017437076,0.089787565,0.027083725,0.37989923,0.067175634,null,null,null,null,"TWOGAUSSIANS",8,7.1421037,0.19414096,0.009395878,0.4,0.0,0.3813989,0.032025814,0.71304965,0.017437076,0.4,0.0,0.37192532,0.055962995
375316653866487564,4097462713806397056,0.57118803,2221.2794881877553,2.868130162121721,2.8137196E-5,18.040308,0.0150758615,0.28805667,0.0070480444,0.08118881,0.0067048203,0.5145594,0.02356567,0.78384864,0.008316147,0.08758556,0.011192621,0.417869,0.029144535,null,null,null,null,"TWOGAUSSIANS",8,9.520155,0.28805667,0.0070480444,0.4,0.0,0.50392634,0.021189805,0.78384864,0.008316147,0.4,0.0,0.4072359,0.030549515
375316653866487564,4097464290047190400,0.5777657,2256.6467466882477,2.8391233527946245,3.6626403E-5,18.737198,0.014840679,0.30510372,0.011536695,0.07562778,0.012585831,0.6935677,0.026013289,0.7945934,0.008344137,0.06801552,0.031122155,0.5872256,0.1837619,null,null,null,null,"TWOGAUSSIANS",8,4.000106,0.30510372,0.011536695,0.4,0.03031637,0.6912527,0.025012922,0.7945934,0.008344137,0.3808869,0.17428407,0.58491063,0.18610427
375316653866487564,4097465084628379008,0.5660819,2260.3455945948467,2.4299386365289997,1.5309468E-5,16.279863,0.03305981,0.3028209,0.008791317,0.062492706,0.013642215,0.19591296,0.078419425,0.7934734,0.049473885,0.050154842,0.025527937,0.21622008,0.09511484,0.09871892,0.035243303,0.3028209,0.008791317,"TWOGAUSSIANS_WITH_ELLIPSOIDAL_ON_ECLIPSE1",9,56.29729,0.79490346,0.046232227,0.28086713,0.14295645,0.41301453,0.08115693,0.3028209,0.008791317,0.34995914,0.076396406,0.39328346,0.034439407
375316653866487564,4097465458277381248,0.45221052,2228.5318725344396,2.7679426386386803,6.562411E-5,18.364355,0.036255244,0.22502805,0.011955387,0.100601174,0.021583943,0.21644782,0.043132633,0.7032883,0.016423535,0.101966575,0.021618338,0.18181172,0.039560076,null,null,null,null,"TWOGAUSSIANS",8,10.916318,0.22503805,0.011948014,0.4,0.0,0.20208299,0.037116412,0.7032883,0.016423535,0.4,0.0,0.16744648,0.02030776
375316653866487564,4097468344494996608,0.5921313,2313.555357194154,1.1083137002617145,1.0510632E-4,16.621952,0.0035892008,0.20922881,0.021438308,0.07036111,0.027987653,0.15288258,0.25468308,0.7328841,0.108807765,0.033383846,0.014301436,0.408234,0.5542772,null,null,null,null,"TWOGAUSSIANS",8,9.324948,0.7328841,0.108807765,0.18694955,0.08008804,0.40823287,0.55425465,0.20922881,0.021438308,0.3940222,0.15638278,0.15288143,0.25468627
375316653866487564,4097470341668884608,0.66986865,2336.4452773964226,0.49187490281015545,1.4904355E-5,11.896484,0.0010141468,0.3412256,4.7910085E-4,0.05186833,5.167085E-4,0.62825835,0.010670414,0.7051197,0.05084316,0.058521487,0.030821642,0.008406435,0.0032377697,1.3742784E-4,8.137304E-6,0.7051197,0.05084316,"TWOGAUSSIANS_WITH_ELLIPSOIDAL_ON_ECLIPSE2",9,41.74181,0.3412156,4.7910085E-4,0.29046267,0.0028935676,0.6283758,0.010671566,0.7051197,0.05084316,0.32772034,0.1726012,0.00868046,0.0032418224
375316653866487564,4097470994507797120,0.5182281,2334.292967649514,2.6140986376328703,1.397473E-4,18.596203,0.010025363,0.41754803,0.02615675,0.084035955,0.010722724,0.93751436,0.22439969,0.8148911,0.018589398,0.06967957,0.020918116,0.03892909,0.014453658,null,null,null,null,"TWOGAUSSIANS",8,1.9425743,0.41754803,0.02615675,0.4,0.0,0.9373269,0.22325271,0.8148911,0.018589398,0.39020562,0.09894493,0.03875477,0.014014028
375316653866487564,4097472403239191296,0.6157925,2260.9917669600604,3.529883987509442,1.0333784E-5,19.408987,0.010326571,0.21633662,0.013723185,0.05852096,0.015835509,0.7398453,0.18085578,0.7134309,0.0016289406,0.06523474,0.0026199976,0.65374184,0.014780812,null,null,null,null,"TWOGAUSSIANS",8,1.5372419,0.21633662,0.013723185,0.3277174,0.08524206,0.73948616,0.18203573,0.7134309,0.0016289406,0.36531454,0.014671987,0.6533827,0.014720802
375316653866487564,4097474396106974336,0.4657461,2309.5472209422624,0.3914791668458718,1.1703524E-4,19.723438,0.010257005,0.53902185,0.013257837,0.09562594,0.018235214,0.2072016,0.034818992,0.33734432,0.011848171,0.047046665,0.0055396613,0.49254638,0.083687216,null,null,null,null,"TWOGAUSSIANS",8,3.4545953,0.3396543,0.012042903,0.26346132,0.031022102,0.5155314,0.082275644,0.53881186,0.013379199,0.4,0.0,0.20725195,0.03482616
375316653866487564,4097474774075181824,0.52644825,2317.318699177767,1.6922553990928924,1.0364851E-6,16.666775,0.005657669,0.3841404,0.036452778,0.04878067,0.039132457,0.08476266,1.3053926,0.7028037,7.356992E-8,1.9751473E-4,2.3693767E-6,2.5709262,0.08371172,null,null,null,null,"TWOGAUSSIANS",8,42.991657,0.7028037,7.356992E-8,0.0011060825,1.3268509E-5,2.5709262,0.08371172,0.3841404,0.036452778,0.27317175,0.21914177,0.08476266,1.3053926
375316653866487564,4097475186392058368,0.60337764,2239.037377235062,2.673115311190506,2.116687E-5,17.666988,0.007954678,0.2723132,0.008369679,0.079719104,0.004375662,0.5434768,0.06710561,0.7650427,0.0021823861,0.066333786,0.0040131686,0.49427065,0.038050298,null,null,null,null,"TWOGAUSSIANS",8,9.954101,0.2723132,0.008369679,0.4,0.0,0.54098654,0.06739049,0.7650427,0.0021823861,0.37146923,0.022473745,0.49178037,0.038625125
375316653866487564,4097476865719554304,0.52952695,2253.166344688035,0.5825397878487186,7.6067256E-5,18.604778,0.007037521,0.19817035,0.006387685,0.052453563,0.011359098,0.7139404,0.3456215,0.7123324,0.036966354,0.02721603,0.016555788,1.1885173,1.7906787,null,null,null,null,"TWOGAUSSIANS",8,6.8955884,0.7123324,0.036966354,0.15240976,0.09271242,1.1885173,1.7906789,0.19817035,0.006387685,0.29373994,0.06361095,0.7139404,0.3456216
375316653866487564,4097478278768660608,0.49751267,2235.6196180772954,0.030363537185989997,1.1628446E-5,16.413906,0.0031861688,0.077208586,7.4424106E-4,0.025654882,0.0024781488,0.15163793,0.03383974,0.59100735,0.0015111095,0.019847887,0.007037081,0.3847006,2.6578424,0.0047260984,0.0044965413,0.077208586,7.4424106E-4,"TWOGAUSSIANS_WITH_ELLIPSOIDAL_ON_ECLIPSE1",9,17.908916,0.59100735,0.0015111095,0.11114817,0.039407652,0.39408192,2.6581192,0.077208586,7.4424106E-4,0.14366734,0.013877634,0.16109012,0.03341502
