Gaia/vari_eclipsing_binary/VariEclipsingBinary_606752-606784.csv
# %ECSV 1.0
# ---
# delimiter: ','
# meta: !!omap
# - RELEASE: Gaia DR3
# - TABLE: vari_eclipsing_binary
# - DESCRIPTION: >
#     This table describes the properties of the eclipsing binaries resulting from the variability analysis. 
# - CITATION: >
#     How to cite and acknowledge Gaia: 
#     https://gea.esac.esa.int/archive/documentation/credits.html 
# - KNOWN_ISSUES: >
#     Known issues: 
#     https://www.cosmos.esa.int/web/gaia-users/known-issues 
# - DOCUMENTATION: >
#     Tutorials and documentation: 
#     https://www.cosmos.esa.int/web/gaia-users/archive 
# datatype:
# - 
#   name: solution_id
#   datatype: int64
#   description: Solution Identifier
#   meta:
#     ucd: meta.version
# - 
#   name: source_id
#   datatype: int64
#   description: Unique source identifier
#   meta:
#     ucd: meta.id;meta.main
# - 
#   name: global_ranking
#   datatype: float32
#   description: Number between 0 (worst) and 1 (best)
#   meta:
#     ucd: stat.param
# - 
#   name: reference_time
#   datatype: float64
#   unit: d
#   description: Reference time used for the geometric model fit
#   meta:
#     ucd: time.epoch
# - 
#   name: frequency
#   datatype: float64
#   unit: d**-1
#   description: Frequency of geometric model of the eclipsing binary light curve
#   meta:
#     ucd: src.orbital
# - 
#   name: frequency_error
#   datatype: float32
#   unit: d**-1
#   description: "Uncertainty of \\texttt{frequency}"
#   meta:
#     ucd: stat.error
# - 
#   name: geom_model_reference_level
#   datatype: float32
#   unit: mag
#   description: Magnitude reference level of geometric model
#   meta:
#     ucd: phot.mag;em.opt
# - 
#   name: geom_model_reference_level_error
#   datatype: float32
#   unit: mag
#   description: "Uncertainty of \\texttt{geomModelReferenceLevel}"
#   meta:
#     ucd: stat.error;phot.mag;em.opt
# - 
#   name: geom_model_gaussian1_phase
#   datatype: float32
#   description: Phase of the Gaussian 1 component
#   meta:
#     ucd: time.phase
# - 
#   name: geom_model_gaussian1_phase_error
#   datatype: float32
#   description: "Uncertainty of \\texttt{geomModelGaussian1Phase}"
#   meta:
#     ucd: stat.error;time.phase
# - 
#   name: geom_model_gaussian1_sigma
#   datatype: float32
#   description: "Standard deviation [phase] of Gaussian 1 component"
#   meta:
#     ucd: stat.stdev
# - 
#   name: geom_model_gaussian1_sigma_error
#   datatype: float32
#   description: "Uncertainty of \\texttt{geomModelGaussian1Sigma}"
#   meta:
#     ucd: stat.error
# - 
#   name: geom_model_gaussian1_depth
#   datatype: float32
#   unit: mag
#   description: Magnitude depth of Gaussian 1 component
#   meta:
#     ucd: src.var.amplitude
# - 
#   name: geom_model_gaussian1_depth_error
#   datatype: float32
#   unit: mag
#   description: "Uncertainty of \\texttt{geomModelGaussian1Depth}"
#   meta:
#     ucd: stat.error;src.var.amplitude
# - 
#   name: geom_model_gaussian2_phase
#   datatype: float32
#   description: Phase of Gaussian 2 component
#   meta:
#     ucd: time.phase
# - 
#   name: geom_model_gaussian2_phase_error
#   datatype: float32
#   description: "Uncertainty of \\texttt{geomModelGaussian2Phase}"
#   meta:
#     ucd: stat.error;time.phase
# - 
#   name: geom_model_gaussian2_sigma
#   datatype: float32
[...]
#   datatype: float32
#   description: "Secondary eclipse: uncertainty of \\texttt{derivedSecondaryEclDuration}"
#   meta:
#     ucd: stat.error;time.duration
# - 
#   name: derived_secondary_ecl_depth
#   datatype: float32
#   unit: mag
#   description: "Secondary eclipse: depth"
#   meta:
#     ucd: src.var.amplitude
# - 
#   name: derived_secondary_ecl_depth_error
#   datatype: float32
#   unit: mag
#   description: "Secondary eclipse: uncertainty of \\texttt{derivedSecondaryEclDepth}"
#   meta:
#     ucd: stat.error;src.var.amplitude
solution_id,source_id,global_ranking,reference_time,frequency,frequency_error,geom_model_reference_level,geom_model_reference_level_error,geom_model_gaussian1_phase,geom_model_gaussian1_phase_error,geom_model_gaussian1_sigma,geom_model_gaussian1_sigma_error,geom_model_gaussian1_depth,geom_model_gaussian1_depth_error,geom_model_gaussian2_phase,geom_model_gaussian2_phase_error,geom_model_gaussian2_sigma,geom_model_gaussian2_sigma_error,geom_model_gaussian2_depth,geom_model_gaussian2_depth_error,geom_model_cosine_half_period_amplitude,geom_model_cosine_half_period_amplitude_error,geom_model_cosine_half_period_phase,geom_model_cosine_half_period_phase_error,model_type,num_model_parameters,reduced_chi2,derived_primary_ecl_phase,derived_primary_ecl_phase_error,derived_primary_ecl_duration,derived_primary_ecl_duration_error,derived_primary_ecl_depth,derived_primary_ecl_depth_error,derived_secondary_ecl_phase,derived_secondary_ecl_phase_error,derived_secondary_ecl_duration,derived_secondary_ecl_duration_error,derived_secondary_ecl_depth,derived_secondary_ecl_depth_error
[from data line 796]
375316653866487564,5337300337741846400,0.5905842,2165.7727253704434,2.2875643698870305,9.2617134E-5,15.336107,0.0010997491,0.43954307,0.0035931566,0.05949306,0.005296127,0.14131537,0.0066282037,0.788212,0.021177316,0.06517185,0.08449411,0.003588583,0.0029380363,null,null,null,null,"TWOGAUSSIANS",8,2.489023,0.43954307,0.0035931566,0.33316115,0.02965831,0.14131533,0.0066283196,0.788212,0.021177316,0.36496237,0.4681823,0.0035885423,0.0029382259
375316653866487564,5337300543900317568,0.55875814,2206.548533283147,0.03570295495368218,3.521815E-5,17.443867,0.0012575807,0.44071746,0.008472722,0.014287263,0.008336524,0.36464262,0.09802347,0.70922744,0.004034736,0.038929116,0.01598032,0.1404006,0.47173697,null,null,null,null,"TWOGAUSSIANS",8,3.8313243,0.44071746,0.008472722,0.08000868,0.04668453,0.36464262,0.09802347,0.70922744,0.004034736,0.21800305,0.08948979,0.1404006,0.47173697
375316653866487564,5337301261116658048,0.5667901,2190.999008230908,1.5789591272720045,9.736273E-6,13.829965,0.0017118839,0.7194031,0.051558055,0.13402662,0.06505449,0.0048105265,0.0022513454,0.44067246,4.6496763E-5,0.008444351,1.075746E-4,0.19590555,4.2480716E-4,null,null,null,null,"TWOGAUSSIANS",8,17.39775,0.44067246,4.9656555E-5,0.04728837,6.0241774E-4,0.19644979,0.0012743312,0.7194031,0.051558055,0.4,0.0,0.0048013832,0.0022208944
375316653866487564,5337302227528037888,0.51826215,2252.521350941842,4.2013079421822255,1.2706733E-5,17.413145,0.0041754474,0.28897226,0.0075573293,0.07155064,0.006656772,0.16454546,0.012589231,0.79293716,0.00440229,0.07855102,0.0061143674,0.14995854,0.008312904,null,null,null,null,"TWOGAUSSIANS",8,4.4469223,0.28897226,0.0075573293,0.4,0.022828666,0.16342932,0.012618275,0.79293716,0.00440229,0.4,0.0,0.1488424,0.008425369
375316653866487564,5337302291910727808,0.5250152,2230.744517450963,0.500247790567897,1.3843318E-5,18.146648,0.006929949,0.1588927,0.004738225,0.00826365,0.009813389,0.39166784,0.2910451,0.8499567,0.0037339947,0.022879932,0.004294491,0.3124481,0.24717022,0.0058617806,0.008983134,0.1588927,0.004738225,"TWOGAUSSIANS_WITH_ELLIPSOIDAL_ON_ECLIPSE1",9,9.820447,0.1588927,0.004738225,0.046276443,0.05495498,0.4033913,0.2912415,0.8499567,0.0037339947,0.12812762,0.02404915,0.31398347,0.24686114
375316653866487564,5337302468046192000,0.4816875,2223.5077865615335,2.412814642536401,1.5448464E-5,17.64503,0.064096205,0.24131592,0.0040300703,0.181009,0.021469845,0.4985331,0.061904322,0.7414818,0.004298439,0.178248,0.022025688,0.4879526,0.06270705,null,null,null,null,"TWOGAUSSIANS",8,6.963121,0.24125591,0.0042276317,0.4,0.0,0.14317943,0.008117652,0.74155176,0.0045860843,0.4,0.0,0.13547966,0.008514948
375316653866487564,5337303253981320320,0.49587545,2183.2422508256677,1.778265107771896,1.898447E-5,17.564648,0.0115984045,0.3483986,0.005540046,0.10494312,0.01392319,0.11477415,0.010752252,0.84977853,0.006977931,0.100671805,0.01330002,0.095000975,0.0112712905,null,null,null,null,"TWOGAUSSIANS",8,3.2327976,0.3483986,0.005540046,0.4,0.0,0.10407957,0.0050821495,0.84977853,0.006977931,0.4,0.0,0.08430826,0.0053210044
375316653866487564,5337303327039685632,0.49961084,2228.5248633129836,0.42112534247221683,1.36081E-4,17.007515,0.0031003773,0.5474527,0.017769169,0.023836557,0.0398583,0.32817397,0.30975002,0.85859185,0.017392544,0.02047536,0.010476604,0.20047793,0.24620442,null,null,null,null,"TWOGAUSSIANS",8,5.3467884,0.5474527,0.017769169,0.13348472,0.22320648,0.32817397,0.30975002,0.85859185,0.017392544,0.11466201,0.058668982,0.20047793,0.24620442
375316653866487564,5337303601917590528,0.64670515,2229.293674900061,3.7780509407183605,4.217066E-6,17.532755,0.0069963834,0.29695752,0.0012195313,0.04164976,0.0027206917,0.45711854,0.025838573,0.7985962,0.0040107085,0.039776355,0.004337357,0.3761621,0.03753557,0.15141709,0.009842557,0.29695752,0.0012195313,"TWOGAUSSIANS_WITH_ELLIPSOIDAL_ON_ECLIPSE1",9,5.970971,0.29695752,0.0012195313,0.23323864,0.015235873,0.75995266,0.02342747,0.7985962,0.003885208,0.22274758,0.024289198,0.6789641,0.039009333
375316653866487564,5337303631956676736,0.52097225,2204.1790328864267,1.644993814728916,1.6739454E-5,18.765924,0.005570691,0.23707695,0.0031492016,0.05566741,0.0033301695,0.27026296,0.012228602,0.7153723,0.004737023,0.049881548,0.006116469,0.14358395,0.017896792,null,null,null,null,"TWOGAUSSIANS",8,2.0431128,0.23707695,0.0031492016,0.3117375,0.018648949,0.27026096,0.012228247,0.7153723,0.004737023,0.27933666,0.034252226,0.14358197,0.017898694
375316653866487564,5337303666322658048,0.44272962,2199.8934573412694,3.079307275847102,1.1136532E-4,19.097317,0.050101724,0.31410682,0.040690493,0.10932487,0.05548809,0.14149904,0.048180252,0.79324967,0.015397312,0.1067774,0.04626234,0.107097454,0.046887908,null,null,null,null,"TWOGAUSSIANS",8,2.6733124,0.3141168,0.040665545,0.4,0.056672424,0.128021,0.031043854,0.79324967,0.015397312,0.4,0.0,0.09362534,0.016294887
375316653866487564,5337303666330210432,0.5055332,2197.641474878712,2.483749333153826,5.257948E-5,18.204012,0.011986007,0.2664798,0.0042822817,0.043323573,0.0056701754,0.5095536,0.059688408,null,null,null,null,null,null,0.10802658,0.016710423,0.2664798,0.0042822817,"ONEGAUSSIAN_WITH_ELLIPSOIDAL",6,33.280903,0.2664798,0.0042822817,0.242612,0.031752985,0.72560674,0.05813688,null,null,null,null,null,null
375316653866487564,5337303945515160960,0.51236534,2232.0408069938053,2.5163777139287937,3.3832122E-5,18.288578,0.054443076,0.23308982,0.010582347,0.092096604,0.016264422,0.452256,0.052399587,0.717591,0.007306492,0.11320206,0.020955283,0.45254594,0.04414762,null,null,null,null,"TWOGAUSSIANS",8,15.770719,0.717591,0.007306492,0.4,0.0,0.41411066,0.027047507,0.23310982,0.010587044,0.4,0.0,0.41388208,0.02091784
375316653866487564,5337304422214034304,0.4869064,2241.156865340334,2.7968325576220394,5.8142225E-5,18.086855,0.019938793,0.26054698,0.009288798,0.09616515,0.01869253,0.12456789,0.018876905,0.7452306,0.007578899,0.11171429,0.019909037,0.13083367,0.018289892,null,null,null,null,"TWOGAUSSIANS",8,4.0657825,0.7452306,0.007578899,0.4,0.0,0.11902541,0.010431345,0.26056698,0.009286385,0.4,0.0,0.112773,0.013356255
375316653866487564,5337304770148985984,0.4378787,2262.891317609304,1.6333468131327438,2.7100068E-5,14.370109,0.004178182,0.2583752,0.0054096435,0.017155811,0.0060187816,0.1780781,0.48574972,0.8027291,0.053157203,0.025469912,0.034335475,0.022575332,0.26887769,0.017972292,0.0061372025,0.2583752,0.0054096435,"TWOGAUSSIANS_WITH_ELLIPSOIDAL_ON_ECLIPSE1",9,96.0698,0.2583752,0.0054096435,0.09607255,0.03370518,0.21402265,0.4881921,0.8027291,0.051837288,0.1426315,0.19227867,0.055799786,0.2697899
375316653866487564,5337305319905006592,0.4530657,2227.669259297618,2.1115014804366963,3.430112E-5,13.395321,0.0013037237,0.40992275,0.008338904,0.12086588,0.015459094,0.037194673,0.004592309,0.74378514,0.017381558,0.073122285,0.05145094,0.010533891,0.0029672035,null,null,null,null,"TWOGAUSSIANS",8,12.886778,0.40993273,0.0074348594,0.4,0.0,0.037071943,0.004845979,0.74378514,0.017381558,0.4,0.0763344,0.01123052,0.0031812296
375316653866487564,5337305388624390272,0.4955734,2240.0410611199773,0.42297443076409136,1.0714242E-5,14.855537,0.002058907,0.28242218,0.002739611,0.022024019,0.0048940033,0.11793847,0.03973227,0.77869856,8.311299E-4,0.015725505,0.0011540918,0.101075985,0.0084539475,0.004052639,0.003596346,0.28242218,0.002739611,"TWOGAUSSIANS_WITH_ELLIPSOIDAL_ON_ECLIPSE1",9,39.313267,0.28242218,0.002739611,0.123334505,0.027406419,0.12604374,0.043868966,0.7787085,8.2369527E-4,0.08806282,0.006462914,0.10917683,0.0057893614
375316653866487564,5337305624803655424,0.61795,2227.899828003151,0.19955701563324652,6.7295964E-6,14.730546,0.0027547195,0.21034247,0.009478669,0.032046854,0.007892412,0.27115825,0.059509363,0.67469794,0.0013882702,0.032231152,0.0012053505,0.3224224,0.010932044,0.013476489,0.0038655587,0.21034247,0.009478669,"TWOGAUSSIANS_WITH_ELLIPSOIDAL_ON_ECLIPSE1",9,31.67283,0.67492795,0.0013673806,0.18049446,0.006749963,0.34805447,0.009051985,0.21034247,0.009478669,0.17946237,0.044197507,0.2981112,0.0616808
375316653866487564,5337305727884675968,0.5915077,2246.8999108992407,0.5379124537602973,7.4063078E-6,18.287655,0.00508042,0.28268945,0.0015574122,0.04709377,0.0018237362,0.85000074,0.040842056,0.7790865,0.009475744,0.051923957,0.0059966897,0.3028917,0.03466443,null,null,null,null,"TWOGAUSSIANS",8,6.149418,0.28268945,0.0015574122,0.26372513,0.010212923,0.84999835,0.040842872,0.7790865,0.009475744,0.29077417,0.03358146,0.30288935,0.034664202
375316653866487564,5337306659918258816,0.44595855,2265.327374677371,1.4809971865969314,1.4229499E-4,17.311806,0.0026732876,0.32313517,0.0259765,0.050205104,0.019397814,0.030001424,0.0068751653,0.7507517,0.0016789213,0.008193505,0.002357745,0.2559612,0.49027002,null,null,null,null,"TWOGAUSSIANS",8,4.116212,0.7507517,0.0016789213,0.04588363,0.013203372,0.2559612,0.49027002,0.32313517,0.0259765,0.28114858,0.10862776,0.030001424,0.0068751653
375316653866487564,5337306969172035200,0.61127555,2199.5395310377216,1.1773666080759682,3.4104412E-6,15.670373,0.0058516827,0.25664237,0.0016668764,0.08891789,0.0032593827,0.21168005,0.0059223175,0.7566464,0.0024338015,0.10011437,0.0047437367,0.20871791,0.007221707,null,null,null,null,"TWOGAUSSIANS",8,8.371648,0.25664237,0.0016668764,0.4,0.0,0.19899642,0.0044131423,0.7566464,0.0024338015,0.4,0.0,0.19603275,0.007521473
375316653866487564,5337307175330520192,0.6284231,2178.916108807016,0.5373944261017533,9.866518E-5,17.139036,8.2867715E-4,0.70532554,6.2513707E-4,0.013721475,3.3983638E-4,0.39481515,0.011043442,0.35501358,0.019962335,0.036431104,0.029568717,0.008173509,0.64818007,null,null,null,null,"TWOGAUSSIANS",8,1.2044016,0.70532554,6.2513707E-4,0.07684026,0.0019030838,0.39481515,0.011043442,0.35501358,0.019962335,0.20401417,0.16558482,0.008173509,0.64818007
375316653866487564,5337307312769534336,0.6080431,2197.6745095611705,0.7221830743561252,5.129495E-6,14.569885,0.004392597,0.2624035,0.0010914635,0.02982061,0.0012099597,1.0788008,0.09366879,0.76336926,0.0039564404,0.030017588,0.0041496763,0.15650092,0.023056999,0.010216267,0.0074584465,0.2624035,0.0010914635,"TWOGAUSSIANS_WITH_ELLIPSOIDAL_ON_ECLIPSE1",9,88.11613,0.2624035,0.0010914635,0.1669954,0.0067757745,1.0992333,0.09531514,0.76336926,0.003950529,0.1680985,0.023238188,0.17693269,0.021195345
375316653866487564,5337307690710384768,0.48230702,2171.1935411985064,0.4919390475284119,2.5732365E-6,18.664705,0.012481833,0.5999599,4.0893393E-4,0.016162392,9.913004E-4,0.34092072,0.0140477875,0.7724002,0.10667405,0.1803232,0.15811118,0.027869808,0.018439557,null,null,null,null,"TWOGAUSSIANS",8,5.8947225,0.6000299,3.7008477E-4,0.09050939,0.005551283,0.35737416,0.01182576,0.7724002,0.10667405,0.4,0.0,0.026676804,0.018696997
375316653866487564,5337307999964151808,0.57415307,2159.7040138155608,0.5142584828667105,6.6155226E-6,14.6842,0.01019532,0.22677803,0.003395971,0.13252042,0.008678817,0.07292994,0.009540789,0.6877092,0.0028414219,0.14635459,0.010293444,0.080426134,0.009684955,null,null,null,null,"TWOGAUSSIANS",8,2.9807951,0.6877092,0.0028414219,0.4,0.0,0.056939315,0.0020434652,0.22932802,0.002383909,0.4,0.0,0.04992037,0.0012210918
375316653866487564,5337307999967075456,0.43486133,2129.8404316348115,0.6128798112628896,3.3027252E-5,19.159575,0.030588191,0.17453957,0.011381725,0.07552538,0.011897315,0.36298278,0.09234016,0.6748599,0.004780742,0.09271555,0.025127724,0.20000085,0.03901394,null,null,null,null,"TWOGAUSSIANS",8,5.177632,0.17453957,0.011381725,0.4,0.004921073,0.3567987,0.09245184,0.6748599,0.004780742,0.4,0.0,0.1938166,0.04253931
375316653866487564,5337308206122687872,0.51495254,2225.226894772455,0.7526701533959715,5.0411218E-5,15.770334,9.39153E-4,0.30243045,0.00564522,0.029782306,0.009027096,0.080173224,0.012193852,0.78174543,0.023609903,0.06874137,0.015278278,0.013238374,0.0021348547,null,null,null,null,"TWOGAUSSIANS",8,4.367579,0.30243045,0.00564522,0.16678092,0.05055174,0.08017319,0.012194082,0.78174543,0.023609903,0.3849517,0.07741989,0.013238339,0.0021348086
375316653866487564,5337308515345422208,0.46384397,2168.4574207033957,2.3271396267674835,1.9126208E-5,19.770466,0.031791765,0.1930577,0.005891671,0.08425451,0.011415627,0.28511563,0.029197557,0.6904068,0.005701784,0.09368269,0.021371922,0.28151402,0.030556394,null,null,null,null,"TWOGAUSSIANS",8,2.2718322,0.1930577,0.005891671,0.4,0.0,0.27465427,0.019207861,0.6904068,0.005701784,0.4,0.0,0.2710523,0.03694916
375316653866487564,5337308785901412352,0.4753755,2233.5882034300294,1.1133931197081262,4.637607E-5,17.90702,0.005106727,0.05012451,0.006133114,0.016962763,0.0055347234,0.017897522,0.005326613,0.5598286,0.0132505065,0.1623786,0.02072033,0.061418045,0.006179264,null,null,null,null,"TWOGAUSSIANS",8,1.4201444,0.5598286,0.0132505065,0.4,0.0,0.059888538,0.0054778163,0.05007451,0.006154183,0.09499147,0.03099445,0.017456925,0.004941422
375316653866487564,5337309030759286144,0.42619342,2192.18500776937,0.03994951060696662,1.3050082E-4,19.272108,0.067782015,0.37050667,0.0147664165,0.14874968,0.022837067,0.54637164,0.07076576,0.6672,0.0076385327,0.028270306,0.01053639,0.58221763,0.24115999,null,null,null,null,"TWOGAUSSIANS",8,27.445581,0.6672,0.0076385327,0.1583137,0.059003785,0.6531269,0.24256301,0.37050667,0.0147664165,0.4,0.0,0.54252523,0.06329251
375316653866487564,5337309065116209664,0.5737654,2220.3257629262325,0.7609548863168977,5.1477607E-5,17.923927,0.0020968555,0.6600066,8.8072586E-4,0.024572788,8.276871E-4,0.62514,0.039900184,null,null,null,null,null,null,null,null,null,null,"ONEGAUSSIAN",5,2.7163572,0.6600066,8.8072586E-4,0.1376076,0.0046350476,0.62514,0.0,null,null,null,null,null,null
375316653866487564,5337309133820099072,0.4746522,2172.716630196652,4.298956352348111,5.299895E-5,14.571835,0.002915752,0.83302796,0.036437478,0.0315244,0.015526927,0.048596658,0.018249372,0.4735033,0.0228864,0.02534138,0.05939336,0.26810762,0.23787095,null,null,null,null,"TWOGAUSSIANS",8,37.35112,0.4735033,0.0228864,0.14191173,0.24973464,0.26810762,0.23787107,0.83302796,0.036437478,0.17653665,0.086950794,0.048596658,0.018249324
375316653866487564,5337310130268160640,0.46362475,2193.210879335684,0.9876876792521123,1.4988773E-5,17.33541,0.008891769,0.197535,0.0025429062,0.031425983,0.010326188,0.10184756,0.033543035,0.7033655,0.052771203,0.024548715,0.05126973,0.08764983,0.03317088,0.032024372,0.012941797,0.197535,0.0025429062,"TWOGAUSSIANS_WITH_ELLIPSOIDAL_ON_ECLIPSE1",9,13.697654,0.197535,0.0025429062,0.17598552,0.057826653,0.16589628,0.025697265,0.7033655,0.052742247,0.13747281,0.2663488,0.15161264,0.04478205
375316653866487564,5337310370786415232,0.5317492,2189.9046809198635,2.4516098428080317,1.4958978E-5,17.827326,0.014866782,0.25847352,0.008860858,0.096047945,0.010419318,0.27977583,0.028844437,0.73527366,0.003245329,0.093448006,0.008001872,0.28123653,0.015127313,null,null,null,null,"TWOGAUSSIANS",8,8.672692,0.73527366,0.003245329,0.4,0.0,0.26883402,0.014086856,0.25847352,0.008860858,0.4,0.0,0.2673726,0.029639704
375316653866487564,5337310916202888832,0.53174394,2227.0149696752414,2.4334157274172963,2.7748882E-5,16.71714,0.012435111,0.27391896,0.004044862,0.046987057,0.010812601,0.27854913,0.09437426,0.7751537,0.0075038294,0.0455576,0.008285623,0.27664357,0.046206303,0.09556422,0.017536065,0.27391896,0.004044862,"TWOGAUSSIANS_WITH_ELLIPSOIDAL_ON_ECLIPSE1",9,29.102457,0.27391896,0.004044862,0.2631275,0.060550563,0.4696772,0.0940646,0.7751537,0.0069015487,0.25512254,0.04639949,0.46776015,0.039116528
