Gaia/vari_eclipsing_binary/VariEclipsingBinary_460105-460129.csv
# %ECSV 1.0
# ---
# delimiter: ','
# meta: !!omap
# - RELEASE: Gaia DR3
# - TABLE: vari_eclipsing_binary
# - DESCRIPTION: >
#     This table describes the properties of the eclipsing binaries resulting from the variability analysis. 
# - CITATION: >
#     How to cite and acknowledge Gaia: 
#     https://gea.esac.esa.int/archive/documentation/credits.html 
# - KNOWN_ISSUES: >
#     Known issues: 
#     https://www.cosmos.esa.int/web/gaia-users/known-issues 
# - DOCUMENTATION: >
#     Tutorials and documentation: 
#     https://www.cosmos.esa.int/web/gaia-users/archive 
# datatype:
# - 
#   name: solution_id
#   datatype: int64
#   description: Solution Identifier
#   meta:
#     ucd: meta.version
# - 
#   name: source_id
#   datatype: int64
#   description: Unique source identifier
#   meta:
#     ucd: meta.id;meta.main
# - 
#   name: global_ranking
#   datatype: float32
#   description: Number between 0 (worst) and 1 (best)
#   meta:
#     ucd: stat.param
# - 
#   name: reference_time
#   datatype: float64
#   unit: d
#   description: Reference time used for the geometric model fit
#   meta:
#     ucd: time.epoch
# - 
#   name: frequency
#   datatype: float64
#   unit: d**-1
#   description: Frequency of geometric model of the eclipsing binary light curve
#   meta:
#     ucd: src.orbital
# - 
#   name: frequency_error
#   datatype: float32
#   unit: d**-1
#   description: "Uncertainty of \\texttt{frequency}"
#   meta:
#     ucd: stat.error
# - 
#   name: geom_model_reference_level
#   datatype: float32
#   unit: mag
#   description: Magnitude reference level of geometric model
#   meta:
#     ucd: phot.mag;em.opt
# - 
#   name: geom_model_reference_level_error
#   datatype: float32
#   unit: mag
#   description: "Uncertainty of \\texttt{geomModelReferenceLevel}"
#   meta:
#     ucd: stat.error;phot.mag;em.opt
# - 
#   name: geom_model_gaussian1_phase
#   datatype: float32
#   description: Phase of the Gaussian 1 component
#   meta:
#     ucd: time.phase
# - 
#   name: geom_model_gaussian1_phase_error
#   datatype: float32
#   description: "Uncertainty of \\texttt{geomModelGaussian1Phase}"
#   meta:
#     ucd: stat.error;time.phase
# - 
#   name: geom_model_gaussian1_sigma
#   datatype: float32
#   description: "Standard deviation [phase] of Gaussian 1 component"
#   meta:
#     ucd: stat.stdev
# - 
#   name: geom_model_gaussian1_sigma_error
#   datatype: float32
#   description: "Uncertainty of \\texttt{geomModelGaussian1Sigma}"
#   meta:
#     ucd: stat.error
# - 
#   name: geom_model_gaussian1_depth
#   datatype: float32
#   unit: mag
#   description: Magnitude depth of Gaussian 1 component
#   meta:
#     ucd: src.var.amplitude
# - 
#   name: geom_model_gaussian1_depth_error
#   datatype: float32
#   unit: mag
#   description: "Uncertainty of \\texttt{geomModelGaussian1Depth}"
#   meta:
#     ucd: stat.error;src.var.amplitude
# - 
#   name: geom_model_gaussian2_phase
#   datatype: float32
#   description: Phase of Gaussian 2 component
#   meta:
#     ucd: time.phase
# - 
#   name: geom_model_gaussian2_phase_error
#   datatype: float32
#   description: "Uncertainty of \\texttt{geomModelGaussian2Phase}"
#   meta:
#     ucd: stat.error;time.phase
# - 
#   name: geom_model_gaussian2_sigma
#   datatype: float32
[...]
#   datatype: float32
#   description: "Secondary eclipse: uncertainty of \\texttt{derivedSecondaryEclDuration}"
#   meta:
#     ucd: stat.error;time.duration
# - 
#   name: derived_secondary_ecl_depth
#   datatype: float32
#   unit: mag
#   description: "Secondary eclipse: depth"
#   meta:
#     ucd: src.var.amplitude
# - 
#   name: derived_secondary_ecl_depth_error
#   datatype: float32
#   unit: mag
#   description: "Secondary eclipse: uncertainty of \\texttt{derivedSecondaryEclDepth}"
#   meta:
#     ucd: stat.error;src.var.amplitude
solution_id,source_id,global_ranking,reference_time,frequency,frequency_error,geom_model_reference_level,geom_model_reference_level_error,geom_model_gaussian1_phase,geom_model_gaussian1_phase_error,geom_model_gaussian1_sigma,geom_model_gaussian1_sigma_error,geom_model_gaussian1_depth,geom_model_gaussian1_depth_error,geom_model_gaussian2_phase,geom_model_gaussian2_phase_error,geom_model_gaussian2_sigma,geom_model_gaussian2_sigma_error,geom_model_gaussian2_depth,geom_model_gaussian2_depth_error,geom_model_cosine_half_period_amplitude,geom_model_cosine_half_period_amplitude_error,geom_model_cosine_half_period_phase,geom_model_cosine_half_period_phase_error,model_type,num_model_parameters,reduced_chi2,derived_primary_ecl_phase,derived_primary_ecl_phase_error,derived_primary_ecl_duration,derived_primary_ecl_duration_error,derived_primary_ecl_depth,derived_primary_ecl_depth_error,derived_secondary_ecl_phase,derived_secondary_ecl_phase_error,derived_secondary_ecl_duration,derived_secondary_ecl_duration_error,derived_secondary_ecl_depth,derived_secondary_ecl_depth_error
[from data line 487]
375316653866487564,4047327281392873472,0.48102975,2218.3870629041,3.380771116055825,3.630723E-5,19.09995,0.04462288,0.32184258,0.026772762,0.07422149,0.03906918,0.29928797,0.22364561,0.8263259,0.0060821655,0.08347856,0.0134404,0.38222703,0.057632744,null,null,null,null,"TWOGAUSSIANS",8,11.679817,0.8263259,0.0060821655,0.4,0.0,0.37815037,0.052781668,0.32184258,0.026772762,0.4,0.06529558,0.29521132,0.23052324
375316653866487564,4047327285702482176,0.4436989,2236.393996317677,0.4169878949168087,1.2511473E-4,18.59224,0.015154252,0.38831678,0.01862452,0.109720156,0.026861023,0.12399854,0.016366847,0.8448986,0.02816998,0.024961501,0.026757529,0.2231393,0.21546148,null,null,null,null,"TWOGAUSSIANS",8,4.0543003,0.8448986,0.02816998,0.13978441,0.14984217,0.22309735,0.21575263,0.38831678,0.01862452,0.4,0.0,0.12393446,0.015979081
375316653866487564,4047327384476295936,0.5844012,2250.1518436657416,2.904920716529938,1.3551188E-5,18.973022,0.010017372,0.2675959,0.04176078,0.06843471,0.019195033,0.6277137,0.14177923,0.7413405,0.0056018666,0.067456655,0.005069653,0.64756745,0.039415017,null,null,null,null,"TWOGAUSSIANS",8,4.3245273,0.7413405,0.0056018666,0.37775728,0.028390057,0.6468613,0.03947758,0.2675959,0.04176078,0.38323438,0.107492186,0.62700754,0.14122623
375316653866487564,4047327904177573760,0.5505628,2192.0421137490443,3.0825093426022696,1.6323283E-5,18.992579,0.012005734,0.29835308,0.0058416603,0.07394358,0.0050817905,0.4765483,0.04679861,0.7797241,0.010039019,0.072160825,0.008231987,0.42554426,0.044745367,null,null,null,null,"TWOGAUSSIANS",8,5.1917787,0.29835308,0.0058416603,0.4,0.0,0.47489393,0.046907548,0.7797241,0.010039019,0.4,0.02299493,0.42388988,0.04513999
375316653866487564,4047327904191195008,0.5644822,2205.1934297753937,3.015099766832368,1.3362388E-5,19.134693,0.013245098,0.2852254,0.0031330728,0.08442835,0.006980935,0.41208908,0.011062167,0.7847656,0.0034414653,0.07656281,0.0038306431,0.34816772,0.019775413,null,null,null,null,"TWOGAUSSIANS",8,1.2060329,0.2852254,0.0031330728,0.4,0.0,0.40603182,0.011043982,0.7847656,0.0034414653,0.4,0.0,0.34211046,0.018328628
375316653866487564,4047328110349645568,0.4183348,2246.6075427226688,0.24478325791564648,3.994836E-5,17.63053,0.09089002,0.34464052,0.011956751,0.09371021,0.030812126,0.29199427,0.11697368,0.77576536,0.06908361,0.16627869,0.10064559,0.15543395,0.08743661,null,null,null,null,"TWOGAUSSIANS",8,9.387555,0.34698054,0.008296037,0.4,0.0,0.26498866,0.12799773,0.77576536,0.06908361,0.4,0.0,0.12250916,0.031216446
375316653866487564,4047328350854129152,0.49287352,2266.372574897358,2.2279079343536687,6.4130196E-5,19.312578,0.014051645,0.24559277,0.018154938,0.05740279,0.01161995,0.31434882,0.05654396,0.81002414,0.0021865885,0.035104852,0.006560193,0.3691409,0.07734464,null,null,null,null,"TWOGAUSSIANS",8,7.052143,0.81002414,0.0021865885,0.19658718,0.03673708,0.36914086,0.077344656,0.24559277,0.018154938,0.32145563,0.06507172,0.31434882,0.05654396
375316653866487564,4047328522668862080,0.4539735,2222.3078409636605,0.20540210867702138,3.1608022E-5,18.587551,0.016280347,null,null,null,null,null,null,null,null,null,null,null,null,0.25382018,0.022449732,0.2622941,0.008242434,"ELLIPSOIDAL",4,22.83486,null,null,null,null,null,null,null,null,null,null,null,null
375316653866487564,4047328621422454400,0.4889578,2219.3830326086068,1.302329771141957,3.0154983E-5,18.23411,0.0039116517,0.31301135,7.305276E-4,0.021144284,0.0012780933,0.6874552,0.15447089,0.74799156,0.07008438,0.11466628,0.058199387,0.020534769,0.007952968,null,null,null,null,"TWOGAUSSIANS",8,2.3843594,0.31301135,7.305276E-4,0.11840799,0.0071573225,0.68746173,0.15447009,0.74799156,0.07008438,0.4,0.06811623,0.020525787,0.007947038
375316653866487564,4047328866216318464,0.5284379,2157.6679945313676,2.5185728716830065,2.6227735E-5,18.091227,0.021331182,0.28363863,0.0025734894,0.07924991,0.008979862,0.30423266,0.013782635,0.763673,0.005520407,0.08637598,0.010536566,0.33211446,0.022647317,null,null,null,null,"TWOGAUSSIANS",8,11.486296,0.763673,0.005520407,0.4,0.0,0.32750618,0.019393336,0.28363863,0.0025734894,0.4,0.0,0.29962444,0.009222549
375316653866487564,4047328866268841472,0.5594572,2211.3284009932913,0.8136131551823785,6.090848E-6,10.949035,0.0025796064,0.24159025,0.0014855711,0.02918914,0.0011812522,0.15963455,0.012117943,0.7805739,0.040497936,0.041032724,0.019907068,0.34588325,13.841405,null,null,null,null,"TWOGAUSSIANS",8,201.30122,0.7805739,0.040497936,0.22978327,0.11147958,0.34588325,13.841405,0.24159025,0.0014855711,0.16345918,0.006615012,0.15963455,0.012117943
375316653866487564,4047328900576122240,0.53752756,2206.5153840056737,2.309648878404976,1.7490021E-5,19.11229,0.048976887,0.2951155,0.00594656,0.101067096,0.013622149,0.305513,0.04665446,0.7912366,0.005270166,0.12694919,0.025928184,0.25415406,0.040425215,null,null,null,null,"TWOGAUSSIANS",8,1.138359,0.29514548,0.0059468965,0.4,0.0,0.2583037,0.014346862,0.7912366,0.005270166,0.4,0.0,0.2067287,0.023948316
375316653866487564,4047329003707888256,0.58315295,2213.7014729578764,1.2006424097317263,3.2795466E-5,17.510344,0.003554558,0.20663096,0.0062040673,0.055732448,0.0060005602,0.28008124,0.040120274,0.7017463,0.01062227,0.06139311,0.010048822,0.16161728,0.031854287,null,null,null,null,"TWOGAUSSIANS",8,3.6762192,0.20663096,0.0062040673,0.3121017,0.033603135,0.28004265,0.040148076,0.7017463,0.01062227,0.3438014,0.0562734,0.16157869,0.031934887
375316653866487564,4047329072427433344,0.52778363,2216.0953135278655,1.885971104828491,1.5176525E-5,15.888585,0.0043410375,0.24302329,0.0049004448,0.047013402,0.016270366,0.12507005,0.8019202,null,null,null,null,null,null,0.07255924,0.006753341,0.24302329,0.0049004448,"ONEGAUSSIAN_WITH_ELLIPSOIDAL",6,23.537605,0.24302329,0.0049004448,0.26327506,0.091114044,0.27018842,0.8015158,null,null,null,null,null,null
375316653866487564,4047329484691791104,0.4916514,2178.0401735634973,2.765635246287,1.9896603E-5,18.695507,0.021894349,0.33510014,0.0053919437,0.10237471,0.018115528,0.20880008,0.030279025,0.8385922,0.0065004556,0.10038951,0.012641087,0.19595593,0.021599663,null,null,null,null,"TWOGAUSSIANS",8,1.580869,0.33510014,0.0053919437,0.4,0.0,0.19026014,0.03647698,0.8385922,0.0065004556,0.4,0.0,0.17741716,0.010152254
375316653866487564,4047330412457305984,0.5235242,2204.1252858942935,3.603278105917007,2.1551446E-5,17.345503,0.024327388,0.18178783,0.007470827,0.04577108,0.011752783,0.50702405,0.813491,0.6689077,0.0014124255,0.0162035,0.004054733,0.5188415,0.2648672,0.22020872,0.033904895,0.18178783,0.007470827,"TWOGAUSSIANS_WITH_ELLIPSOIDAL_ON_ECLIPSE1",9,104.80508,0.6691277,0.0012939726,0.0907396,0.022706505,0.9564297,0.28185558,0.18178783,0.007470827,0.25631806,0.06581558,0.9474409,0.8111844
375316653866487564,4047330927853155968,0.5640843,2236.9364354653694,0.2545528723535576,2.8953436E-5,16.582573,0.009447786,0.36682016,0.019183,0.009730171,0.0099128205,2.3022928,1.00437647E11,0.84067994,0.004790394,0.015145458,0.006402267,0.50915444,0.19717057,0.010395764,0.020999568,0.36682016,0.019183,"TWOGAUSSIANS_WITH_ELLIPSOIDAL_ON_ECLIPSE1",9,71.3979,0.36682016,0.019183,0.05448896,0.055511795,2.3230844,1.00437647E11,0.8406999,0.004780048,0.08481456,0.035852697,0.5293905,0.20598212
375316653866487564,4047331198422606336,0.527507,2231.1216162251076,2.7241560662126525,2.8361937E-5,19.148085,0.03183598,0.22836556,0.0057354732,0.0782614,0.011960654,0.4655922,0.038941845,0.7292056,0.037326302,0.09054369,0.024039434,0.36340204,0.07588684,null,null,null,null,"TWOGAUSSIANS",8,3.918286,0.22836556,0.0057354732,0.4,0.0,0.45564762,0.04258059,0.7292056,0.037326302,0.4,0.0074676066,0.35345727,0.07247935
375316653866487564,4047332027312939136,0.52780604,2278.48680685476,3.0897137465890405,7.920279E-6,19.573736,0.037434246,0.2678461,0.008238153,0.08532146,0.0116335545,0.39584884,0.051540956,0.7628063,0.003388431,0.07439554,0.0064061508,0.6277673,0.05509424,null,null,null,null,"TWOGAUSSIANS",8,1.4347744,0.7628063,0.003388431,0.4,0.0029852514,0.6211981,0.05356304,0.2678461,0.008238153,0.4,0.0,0.3892796,0.047689594
375316653866487564,4047334565645010432,0.62598854,2254.315142057892,3.319879691241329,2.6861182E-5,16.877907,0.019515904,0.2275571,0.004753456,0.06489531,0.007179456,0.28141302,0.03440106,0.7293,0.0150617,0.0437062,0.014807263,0.23951918,0.05459323,0.09908397,0.023067413,0.2275571,0.004753456,"TWOGAUSSIANS_WITH_ELLIPSOIDAL_ON_ECLIPSE1",9,16.228828,0.2275571,0.004753456,0.36341372,0.040204953,0.47941545,0.016328575,0.7293,0.01501621,0.24475473,0.08292068,0.43749785,0.021988101
375316653866487564,4047335081043154176,0.61765724,2222.8471246789636,3.9854145957464473,5.4787984E-6,17.779812,0.025209017,0.22889826,0.002027199,0.049192708,0.008133925,0.3277848,0.053116597,0.7309659,0.006438015,0.065841295,0.006151564,0.3670846,0.057370227,0.13330008,0.028546184,0.22889826,0.002027199,"TWOGAUSSIANS_WITH_ELLIPSOIDAL_ON_ECLIPSE1",9,6.4972568,0.7309659,0.0060885786,0.36871123,0.034448758,0.6334018,0.02603664,0.22889826,0.002027199,0.27547917,0.045549978,0.594147,0.058090698
375316653866487564,4047335188410712704,0.60479933,2254.8921396201417,3.0559117885775304,1.4746419E-5,18.951542,0.0104370145,0.32617423,0.0058177393,0.06518527,0.004759026,0.58169615,0.012202543,0.8300125,0.004252782,0.068544514,0.0058945967,0.48941135,0.023581412,null,null,null,null,"TWOGAUSSIANS",8,1.815044,0.32617423,0.0058177393,0.36503753,0.026650548,0.5808158,0.011826641,0.8300125,0.004252782,0.38384926,0.03300974,0.488531,0.0236067
375316653866487564,4047335257180785536,0.44788003,2303.9778731016127,0.9281928435517016,1.4405847E-4,19.790937,0.076035015,0.22430384,0.07027774,0.1360558,0.20511575,0.09558652,4.1049213,0.6278067,0.01758627,0.081421934,0.030415926,0.26743138,0.05485333,null,null,null,null,"TWOGAUSSIANS",8,2.877941,0.6278067,0.01758627,0.4,0.061515708,0.26253402,0.05069726,0.22431384,0.07026454,0.4,0.41288733,0.08950781,4.113778
375316653866487564,4047335424639927040,0.5880919,2213.5351672180705,2.770385767726491,2.0919491E-5,17.858198,0.021134762,0.2634844,0.0047321296,0.08978777,0.006068763,0.47578913,0.02078731,0.765728,0.009003905,0.08406349,0.008878434,0.4086091,0.054910794,null,null,null,null,"TWOGAUSSIANS",8,10.120082,0.2634844,0.0047321296,0.4,0.0,0.46217763,0.0148352375,0.765728,0.009003905,0.4,0.0,0.39499775,0.055253316
375316653866487564,4047336459720913664,0.4848366,2233.680402629927,0.20250511458312864,1.6868263E-4,18.50815,0.015781198,0.3157857,0.010935756,0.041609608,0.011478161,0.20555718,0.03599484,0.74183714,0.011301649,0.10876444,0.02125041,0.21251398,0.018546889,null,null,null,null,"TWOGAUSSIANS",8,3.2538953,0.74183714,0.011301649,0.4,0.0,0.21225479,0.018713377,0.3158157,0.010942971,0.2330138,0.0642777,0.20539719,0.036100484
375316653866487564,4047336489811789696,0.56862605,2198.212460690562,3.857114881240185,1.979629E-5,18.771238,0.02238627,0.26585066,0.0035016106,0.08978346,0.013876436,0.34255868,0.044096496,0.76438016,0.007346059,0.07927762,0.009925522,0.3411313,0.047183104,null,null,null,null,"TWOGAUSSIANS",8,2.0304067,0.26585066,0.0035016106,0.4,0.0,0.3341742,0.049699996,0.76438016,0.007346059,0.4,0.0,0.33274692,0.047759745
375316653866487564,4047336494080606720,0.5686839,2261.9471837711026,2.5337553843760863,2.8083146E-5,18.457188,0.011442885,0.268137,0.009411373,0.06823313,0.007491216,0.653866,0.022100244,0.7718904,0.0026988448,0.050850067,0.008826889,0.6750296,0.050838534,null,null,null,null,"TWOGAUSSIANS",8,7.0166845,0.7718904,0.0026988448,0.2847604,0.04943058,0.6748591,0.051110134,0.268137,0.009411373,0.38210553,0.024965474,0.6536955,0.021983523
375316653866487564,4047336631519532288,0.5264411,2239.42154361444,0.08413449753697037,8.699874E-5,16.468489,0.0028935836,0.42966974,0.040438607,0.042175874,0.04275901,0.21263142,0.16081303,0.25418553,0.07116243,0.08567392,0.047035005,0.034815185,0.009969304,null,null,null,null,"TWOGAUSSIANS",8,5.7513623,0.42879972,0.039494302,0.2361849,0.15789321,0.2169488,0.16357742,0.25501555,0.06476788,0.4,0.15314643,0.03485371,0.0072301053
375316653866487564,4047336970858927488,0.5023869,2304.310784117548,3.339223883291722,4.4382563E-5,19.051632,0.044059902,0.28927964,0.010694148,0.10225568,0.030113822,0.33017176,0.10381721,0.77979356,0.0063370746,0.09799885,0.016670685,0.32006407,0.043758087,null,null,null,null,"TWOGAUSSIANS",8,2.5563917,0.28927964,0.010694148,0.4,0.0,0.30461684,0.118090875,0.77979356,0.0063370746,0.4,0.0,0.2945122,0.03208897
375316653866487564,4047337009476602112,0.4874199,2246.5793049367358,0.526382731607987,5.9993334E-5,19.147392,0.007284725,null,null,null,null,null,null,null,null,null,null,null,null,0.0996816,0.014004709,0.24829225,0.008638444,"ELLIPSOIDAL",4,2.9796662,null,null,null,null,null,null,null,null,null,null,null,null
375316653866487564,4047337726743028224,0.59502995,2244.375259470859,3.053979572674819,1.3075895E-5,17.515072,0.019413158,0.27164128,0.013370605,0.07508697,0.012957118,0.5349031,0.04979616,0.77863294,0.005217053,0.08110614,0.008099325,0.44726703,0.020998381,null,null,null,null,"TWOGAUSSIANS",8,14.439254,0.27164128,0.013370605,0.4,0.044885103,0.52988654,0.04907686,0.77863294,0.005217053,0.4,0.0,0.4422505,0.021074556
375316653866487564,4047338173417651200,0.527318,2261.516944706549,0.21372695506023645,3.920055E-5,17.579613,0.008019422,0.39585885,0.008425023,0.034825243,0.009239387,0.35402378,0.1941927,0.74408567,0.0045360248,0.058755472,0.007729736,0.2210202,0.06915716,null,null,null,null,"TWOGAUSSIANS",8,10.598134,0.39585885,0.008425023,0.19502136,0.051740568,0.35402378,0.19419268,0.74408567,0.0045360248,0.32903063,0.04328652,0.2210202,0.06915716
375316653866487564,4047338246425107968,0.56242555,2270.097132895886,3.972399923192204,1.8095343E-5,19.891209,0.0118704215,0.2013159,0.0046765376,0.06210628,0.007209366,0.3320971,0.12753929,0.7047268,0.010276569,0.061063103,0.010024405,0.26217636,0.017629262,null,null,null,null,"TWOGAUSSIANS",8,0.37112367,0.2013159,0.0046765376,0.34779516,0.04037245,0.3319578,0.12761398,0.7047268,0.010276569,0.34195337,0.05613667,0.26203704,0.017519461
375316653866487564,4047338418224195328,0.4301129,2230.553252184881,0.7093979275435667,4.481599E-5,18.730333,0.09611254,0.29224837,0.040835522,0.056783907,0.055349477,0.36404446,0.09488567,0.7441554,0.00746827,0.09070055,0.039680254,0.26405683,0.08900672,null,null,null,null,"TWOGAUSSIANS",8,6.8716564,0.29224837,0.040762976,0.31798986,0.1188444,0.36346552,0.12017116,0.7441554,0.00746827,0.4,0.0,0.26347682,0.03831544
375316653866487564,4047338998073246720,0.44314826,2287.304928026463,0.04654426246594712,1.2051678E-4,18.872097,0.036257636,0.18537137,0.014039046,0.13236989,0.026260195,0.29884577,0.03924046,0.6030833,0.021827454,0.084392086,0.02626062,0.34945697,0.54729974,null,null,null,null,"TWOGAUSSIANS",8,8.34286,0.6030833,0.021827454,0.4,0.061203767,0.33484876,0.5479406,0.18538137,0.014038704,0.4,0.0,0.28216422,0.034604024
375316653866487564,4047339380297086976,0.5792147,2318.8290706374637,3.513916460399133,2.044913E-5,19.106186,0.008687181,0.15269676,0.0012823768,0.02883594,0.0077109956,0.30244952,0.65982926,0.6905581,4.3442335E-5,0.028909916,4.5785922E-4,1.0384263,0.0023713007,null,null,null,null,"TWOGAUSSIANS",8,3.433438,0.6905581,4.3442335E-5,0.16189553,0.0025640116,1.0384263,0.0023713007,0.15269676,0.0012823768,0.16148126,0.043181576,0.30244952,0.65982926
375316653866487564,4047340170622910336,0.5655409,2276.732814805648,2.0469759024035206,9.871542E-6,16.030148,0.004779305,0.30442476,0.0030082022,0.07941879,0.0036972356,0.16744635,0.006642133,0.8134364,0.011354848,0.09306951,0.013766136,0.092328005,0.0066175465,null,null,null,null,"TWOGAUSSIANS",8,4.3931456,0.30442476,0.0030082022,0.4,0.0,0.16436222,0.0059073963,0.8134364,0.011354848,0.4,0.0,0.089243755,0.007906435
