Gaia/vari_eclipsing_binary/VariEclipsingBinary_673791-673834.csv
# %ECSV 1.0
# ---
# delimiter: ','
# meta: !!omap
# - RELEASE: Gaia DR3
# - TABLE: vari_eclipsing_binary
# - DESCRIPTION: >
#     This table describes the properties of the eclipsing binaries resulting from the variability analysis. 
# - CITATION: >
#     How to cite and acknowledge Gaia: 
#     https://gea.esac.esa.int/archive/documentation/credits.html 
# - KNOWN_ISSUES: >
#     Known issues: 
#     https://www.cosmos.esa.int/web/gaia-users/known-issues 
# - DOCUMENTATION: >
#     Tutorials and documentation: 
#     https://www.cosmos.esa.int/web/gaia-users/archive 
# datatype:
# - 
#   name: solution_id
#   datatype: int64
#   description: Solution Identifier
#   meta:
#     ucd: meta.version
# - 
#   name: source_id
#   datatype: int64
#   description: Unique source identifier
#   meta:
#     ucd: meta.id;meta.main
# - 
#   name: global_ranking
#   datatype: float32
#   description: Number between 0 (worst) and 1 (best)
#   meta:
#     ucd: stat.param
# - 
#   name: reference_time
#   datatype: float64
#   unit: d
#   description: Reference time used for the geometric model fit
#   meta:
#     ucd: time.epoch
# - 
#   name: frequency
#   datatype: float64
#   unit: d**-1
#   description: Frequency of geometric model of the eclipsing binary light curve
#   meta:
#     ucd: src.orbital
# - 
#   name: frequency_error
#   datatype: float32
#   unit: d**-1
#   description: "Uncertainty of \\texttt{frequency}"
#   meta:
#     ucd: stat.error
# - 
#   name: geom_model_reference_level
#   datatype: float32
#   unit: mag
#   description: Magnitude reference level of geometric model
#   meta:
#     ucd: phot.mag;em.opt
# - 
#   name: geom_model_reference_level_error
#   datatype: float32
#   unit: mag
#   description: "Uncertainty of \\texttt{geomModelReferenceLevel}"
#   meta:
#     ucd: stat.error;phot.mag;em.opt
# - 
#   name: geom_model_gaussian1_phase
#   datatype: float32
#   description: Phase of the Gaussian 1 component
#   meta:
#     ucd: time.phase
# - 
#   name: geom_model_gaussian1_phase_error
#   datatype: float32
#   description: "Uncertainty of \\texttt{geomModelGaussian1Phase}"
#   meta:
#     ucd: stat.error;time.phase
# - 
#   name: geom_model_gaussian1_sigma
#   datatype: float32
#   description: "Standard deviation [phase] of Gaussian 1 component"
#   meta:
#     ucd: stat.stdev
# - 
#   name: geom_model_gaussian1_sigma_error
#   datatype: float32
#   description: "Uncertainty of \\texttt{geomModelGaussian1Sigma}"
#   meta:
#     ucd: stat.error
# - 
#   name: geom_model_gaussian1_depth
#   datatype: float32
#   unit: mag
#   description: Magnitude depth of Gaussian 1 component
#   meta:
#     ucd: src.var.amplitude
# - 
#   name: geom_model_gaussian1_depth_error
#   datatype: float32
#   unit: mag
#   description: "Uncertainty of \\texttt{geomModelGaussian1Depth}"
#   meta:
#     ucd: stat.error;src.var.amplitude
# - 
#   name: geom_model_gaussian2_phase
#   datatype: float32
#   description: Phase of Gaussian 2 component
#   meta:
#     ucd: time.phase
# - 
#   name: geom_model_gaussian2_phase_error
#   datatype: float32
#   description: "Uncertainty of \\texttt{geomModelGaussian2Phase}"
#   meta:
#     ucd: stat.error;time.phase
# - 
#   name: geom_model_gaussian2_sigma
#   datatype: float32
[...]
#   datatype: float32
#   description: "Secondary eclipse: uncertainty of \\texttt{derivedSecondaryEclDuration}"
#   meta:
#     ucd: stat.error;time.duration
# - 
#   name: derived_secondary_ecl_depth
#   datatype: float32
#   unit: mag
#   description: "Secondary eclipse: depth"
#   meta:
#     ucd: src.var.amplitude
# - 
#   name: derived_secondary_ecl_depth_error
#   datatype: float32
#   unit: mag
#   description: "Secondary eclipse: uncertainty of \\texttt{derivedSecondaryEclDepth}"
#   meta:
#     ucd: stat.error;src.var.amplitude
solution_id,source_id,global_ranking,reference_time,frequency,frequency_error,geom_model_reference_level,geom_model_reference_level_error,geom_model_gaussian1_phase,geom_model_gaussian1_phase_error,geom_model_gaussian1_sigma,geom_model_gaussian1_sigma_error,geom_model_gaussian1_depth,geom_model_gaussian1_depth_error,geom_model_gaussian2_phase,geom_model_gaussian2_phase_error,geom_model_gaussian2_sigma,geom_model_gaussian2_sigma_error,geom_model_gaussian2_depth,geom_model_gaussian2_depth_error,geom_model_cosine_half_period_amplitude,geom_model_cosine_half_period_amplitude_error,geom_model_cosine_half_period_phase,geom_model_cosine_half_period_phase_error,model_type,num_model_parameters,reduced_chi2,derived_primary_ecl_phase,derived_primary_ecl_phase_error,derived_primary_ecl_duration,derived_primary_ecl_duration_error,derived_primary_ecl_depth,derived_primary_ecl_depth_error,derived_secondary_ecl_phase,derived_secondary_ecl_phase_error,derived_secondary_ecl_duration,derived_secondary_ecl_duration_error,derived_secondary_ecl_depth,derived_secondary_ecl_depth_error
[from data line 38]
375316653866487564,5926744874921663232,0.5450773,2463.757069503589,3.699680383350391,1.157699E-5,19.38111,0.01596562,0.23622338,0.00230751,0.045533814,0.0054993783,0.25595942,0.03677567,0.73375237,0.0075607905,0.043212123,0.012399056,0.32826906,0.056721307,0.1304236,0.02266359,0.23622338,0.00230751,"TWOGAUSSIANS_WITH_ELLIPSOIDAL_ON_ECLIPSE1",9,3.2738695,0.73401237,0.0071320306,0.24198788,0.06943471,0.5890593,0.062825456,0.23622338,0.00230751,0.25498936,0.030796519,0.51680595,0.017169962
375316653866487564,5926745905713726336,0.42247757,2398.9907556991698,2.1719688090101723,3.9126462E-5,17.867653,0.0034050017,null,null,null,null,null,null,null,null,null,null,null,null,0.044029012,0.0042695003,0.3258837,0.009987078,"ELLIPSOIDAL",4,16.087364,null,null,null,null,null,null,null,null,null,null,null,null
375316653866487564,5926747696738875904,0.4701654,2448.1707217612657,1.571334319448063,1.4381729E-5,17.706942,0.009155918,0.2664296,0.015803503,0.035949748,0.019701341,0.19908431,0.036829058,0.7786852,0.011637534,0.01638833,0.0142102055,0.05488144,351641.72,0.042230833,0.0084616775,0.2664296,0.015803503,"TWOGAUSSIANS_WITH_ELLIPSOIDAL_ON_ECLIPSE1",9,24.047613,0.2664296,0.015803503,0.20131859,0.11032751,0.28354594,0.03412839,0.7786852,0.011334335,0.09177465,0.07957715,0.13884324,351641.72
375316653866487564,5926747967297162880,0.6031191,2389.2607024306412,2.673446121533081,2.9058424E-6,17.880308,0.0052021802,0.19927913,0.0015640276,0.06974883,0.0017671632,0.4753313,0.008685428,0.698771,0.0020636218,0.0690694,0.0026984804,0.5054701,0.030289542,null,null,null,null,"TWOGAUSSIANS",8,4.593463,0.698771,0.0020636218,0.38678864,0.01511149,0.5039959,0.03053465,0.19927913,0.0015640276,0.3905934,0.009896114,0.47385713,0.008683311
375316653866487564,5926748590071382400,0.5560578,2409.6024656203335,3.693341897167905,9.278818E-6,18.421707,0.016498439,0.25142965,0.004105802,0.04032121,0.011149859,0.18470404,0.030801293,0.76179594,0.009866401,0.04788895,0.01912139,0.27222875,0.022275114,0.11894594,0.017604733,0.25142965,0.004105802,"TWOGAUSSIANS_WITH_ELLIPSOIDAL_ON_ECLIPSE1",9,9.0713415,0.76179594,0.009866401,0.2681781,0.10707978,0.50911266,0.032314826,0.25142965,0.004105802,0.22579877,0.06243921,0.42259577,0.01889315
375316653866487564,5926749002408408832,0.6336643,2417.005875581652,0.8679475992320898,1.8837326E-6,16.775017,0.0015614007,0.21635528,0.002853349,0.03159488,0.0030200297,0.11641872,0.023513284,0.71619433,3.2137134E-4,0.028807439,4.617721E-4,0.5645701,0.00792653,0.012660333,0.0030208805,0.21635528,0.002853349,"TWOGAUSSIANS_WITH_ELLIPSOIDAL_ON_ECLIPSE1",9,6.2910905,0.71619433,3.2102095E-4,0.16132165,0.0025859238,0.5898907,0.0086118495,0.21635528,0.002853349,0.17693134,0.016912166,0.14173937,0.024157811
375316653866487564,5926749105487627264,0.5417748,2377.940860909945,3.7781398224965432,1.1425984E-5,18.33046,0.014155489,0.2635063,0.003402564,0.086943515,0.0048020333,0.37239078,0.014744545,0.75476825,0.0048746103,0.0929803,0.007227301,0.41814944,0.021166708,null,null,null,null,"TWOGAUSSIANS",8,7.9747186,0.75476825,0.0048746103,0.4,0.0,0.40363663,0.020700231,0.2635063,0.003402564,0.4,0.0,0.3578784,0.01081007
375316653866487564,5926750028881573632,0.57207865,2484.828915495955,2.92545255309857,4.756877E-6,16.76842,0.008298027,0.18614796,0.0016797426,0.10004805,0.004026874,0.27739048,0.007873959,0.6893351,0.0015535789,0.09709525,0.0045486395,0.24482094,0.0069398186,null,null,null,null,"TWOGAUSSIANS",8,8.158727,0.18614796,0.0016797426,0.4,0.0,0.25731778,0.005656706,0.6893351,0.0015535789,0.4,0.0,0.2247495,0.0059305895
375316653866487564,5926750136257045888,0.45332155,2612.3231687941743,3.2192385187009513,4.1618918E-5,19.257236,0.009839804,0.2904355,0.0063757375,0.04229174,0.0069461158,0.33315796,0.09761097,0.62540805,0.0031183772,0.011641213,0.0023055433,0.97298884,0.6690681,null,null,null,null,"TWOGAUSSIANS",8,4.466766,0.62540805,0.0031183772,0.06519079,0.012911042,0.97298884,0.6690681,0.2904355,0.0063757375,0.23683375,0.03889825,0.33315796,0.09761097
375316653866487564,5926750784805843328,0.549135,2397.8144904076366,2.4090638612666746,8.7385715E-6,18.53652,0.0076649957,0.29960558,0.0020779849,0.086153604,0.0042600483,0.31441107,0.016045704,0.7992333,0.0031039254,0.10422523,0.0052026156,0.2335638,0.008046894,null,null,null,null,"TWOGAUSSIANS",8,1.5264982,0.29960558,0.0020779849,0.4,0.0,0.29767764,0.01778893,0.7992333,0.0031039254,0.4,0.0,0.2168257,0.004875572
375316653866487564,5926752885059065600,0.45524573,2404.3274358460876,1.6145438862626744,1.3368438E-5,18.624851,0.004783336,0.28593904,0.027912557,0.10762036,0.029268194,0.043818947,0.0077229463,0.7927143,0.0035160405,0.050542522,0.0038979128,0.20144248,0.004758722,null,null,null,null,"TWOGAUSSIANS",8,2.7440844,0.7927143,0.0035160405,0.28303814,0.02182831,0.20069978,0.003730771,0.28593904,0.027912557,0.4,0.0,0.04307437,0.0076587996
375316653866487564,5926752915100827264,0.5478425,2470.5300129783177,3.9533718510066134,1.3151765E-5,19.624208,0.006102488,0.28832394,0.0025047085,0.062998295,0.0027581893,0.5113569,0.025312401,0.79262227,0.00258672,0.066207945,0.0025881773,0.61611974,0.0256316,null,null,null,null,"TWOGAUSSIANS",8,2.2422888,0.79262227,0.00258672,0.3707645,0.014493792,0.61556613,0.025712954,0.28832394,0.0025047085,0.35279045,0.01544586,0.5108033,0.025402179
375316653866487564,5926753847131772928,0.61732435,2471.249389907753,1.5377081613622885,5.7149527E-6,16.047234,0.006667042,0.19863506,0.0014605786,0.04297915,0.001725373,0.39980784,0.014601339,0.69930655,0.0032921506,0.05312103,0.0070429496,0.18475291,0.015323218,0.017403703,0.0077800415,0.19863506,0.0014605786,"TWOGAUSSIANS_WITH_ELLIPSOIDAL_ON_ECLIPSE1",9,13.132676,0.19863506,0.0014605786,0.24068324,0.009662089,0.4346125,0.00532648,0.69930655,0.0032404186,0.29747775,0.039440516,0.21955699,0.019008191
375316653866487564,5926754633096444032,0.47768405,2381.911143738289,0.03193228137381068,2.6016023E-5,18.890762,0.012583257,0.13019168,0.0016929577,0.01412576,0.002001843,0.21630357,0.03910629,0.54620475,0.03326578,0.10224629,0.025325598,0.23603356,0.023500629,null,null,null,null,"TWOGAUSSIANS",8,3.5740335,0.54620475,0.03326578,0.4,0.0,0.23603053,0.023397902,0.13019168,0.0016827799,0.07910425,0.0112103205,0.21636055,0.03934556
375316653866487564,5926755324600012160,0.58650804,2432.5224623244185,0.6352169556067004,2.0594036E-6,16.752161,0.0026728783,0.3055786,0.002559572,0.014530123,0.0023156188,0.27417675,0.031305984,0.806191,7.106542E-4,0.014093141,2.7765063E-4,0.8979072,0.060196016,null,null,null,null,"TWOGAUSSIANS",8,21.630116,0.806191,7.106542E-4,0.078921594,0.0015548436,0.8979072,0.060196016,0.3055786,0.002559572,0.08136869,0.012967465,0.27417675,0.031305984
375316653866487564,5926757248745679744,0.6105966,2442.6624395185386,0.9880960929668953,4.560238E-6,14.566268,0.03283842,0.24857293,0.0014388444,0.11792522,0.0061990544,0.35113123,0.031589326,0.7431014,0.0015567,0.13615595,0.010213444,0.30526504,0.031672712,null,null,null,null,"TWOGAUSSIANS",8,27.481604,0.24868293,0.0014463706,0.4,0.0,0.26233637,0.002540349,0.7431014,0.0015567,0.4,0.0,0.21583198,0.0030449678
375316653866487564,5926757897262785792,0.55921036,2398.882988327331,2.7858291076196093,9.685558E-6,18.26611,0.019476088,0.25690585,0.0047108354,0.08912173,0.007962753,0.41997972,0.020830924,0.73791325,0.0030694094,0.08628181,0.0059523974,0.58434236,0.017382642,null,null,null,null,"TWOGAUSSIANS",8,9.835777,0.73791325,0.0030694094,0.4,0.0,0.5719609,0.014612951,0.25690585,0.0047108354,0.4,0.0,0.4075982,0.018477492
375316653866487564,5926759752690885632,0.46726003,2436.530755031733,0.03196814515553456,2.747743E-5,18.13725,0.006413517,0.37494513,0.0014794162,0.006073005,0.006394631,0.085178815,0.045234095,0.81649643,0.014606523,0.0801376,0.022962827,0.11481417,0.008277267,null,null,null,null,"TWOGAUSSIANS",8,3.7406192,0.81649643,0.014606523,0.4,0.0,0.11481417,0.008277309,0.37494513,0.0014794162,0.034008827,0.035809938,0.085178845,0.045234203
375316653866487564,5926759997500416768,0.46239737,2441.9079651229126,4.398565144997805,1.8778344E-5,19.757126,0.01686134,0.26602572,0.004664825,0.07569844,0.01210072,0.26814198,0.02229792,0.7613631,0.006585634,0.081392966,0.01104575,0.2502707,0.023284197,null,null,null,null,"TWOGAUSSIANS",8,3.1101596,0.26602572,0.004664825,0.4,0.02660206,0.26517424,0.02215579,0.7613631,0.006585634,0.4,0.0,0.24730296,0.02357885
375316653866487564,5926760169300215552,0.51098126,2419.0653119369485,1.3223776905456106,1.17463E-5,17.83803,0.0074726003,0.23870264,0.003220616,0.04229001,0.031191582,0.42967156,0.29761958,0.7438037,0.002535116,0.045522857,0.0029877059,0.16957948,0.012463316,null,null,null,null,"TWOGAUSSIANS",8,6.745973,0.23870264,0.003220616,0.23682405,0.16145104,0.42967153,0.29766423,0.7438037,0.002535116,0.254928,0.016731154,0.16957945,0.012441634
375316653866487564,5926760512920282112,0.58519506,2415.171831694413,3.327676917990236,7.420232E-6,16.366032,0.024054056,0.23655774,0.0043256986,0.059892558,0.004854019,0.37664112,0.05419423,0.7468743,0.002116991,0.059634376,0.0069643036,0.3445831,0.048985433,0.09828214,0.02830818,0.7468743,0.002116991,"TWOGAUSSIANS_WITH_ELLIPSOIDAL_ON_ECLIPSE2",9,64.65092,0.23788774,0.0037683235,0.33539832,0.027182505,0.5724036,0.010626186,0.7468743,0.002116991,0.33395252,0.0390001,0.54106444,0.014348365
375316653866487564,5926761917369271424,0.6522826,2430.0871657852663,2.333786205496733,1.7818172E-6,15.294852,0.0051448415,0.24480689,7.463595E-4,0.044586882,0.0020133154,0.31812698,0.010762447,0.74286526,0.0010499012,0.0526133,0.0030518584,0.34819165,0.011537025,0.11282656,0.0061384714,0.74286526,0.0010499012,"TWOGAUSSIANS_WITH_ELLIPSOIDAL_ON_ECLIPSE2",9,29.055624,0.74286526,0.0010499012,0.2946345,0.017090408,0.57384026,0.011434678,0.24461688,6.622528E-4,0.24968655,0.011274566,0.5437454,0.009748464
375316653866487564,5926762952467651584,0.5445842,2435.1429721186632,4.099538994016528,6.7585056E-6,19.62761,0.00806998,0.23508763,0.003261607,0.07151126,0.0041093593,0.59025973,0.030523175,0.73959315,0.0014189931,0.07530336,0.002995101,0.5881597,0.028553769,null,null,null,null,"TWOGAUSSIANS",8,2.4973073,0.23508763,0.003261607,0.4,0.012749969,0.5870465,0.030982507,0.73959315,0.0014189931,0.4,0.0,0.58494645,0.029096626
375316653866487564,5926763124260821248,0.60467184,2399.6638862553154,2.026890295488715,3.0086987E-6,15.809477,0.003536996,0.280715,0.0016592463,0.09417794,0.0027388344,0.20844144,0.0047079106,0.77615136,0.001230025,0.08723874,0.0020661152,0.22599219,0.0041857427,null,null,null,null,"TWOGAUSSIANS",8,10.041806,0.77615136,0.001230025,0.4,0.0,0.21694152,0.0037477266,0.280715,0.0016592463,0.4,0.0,0.19939049,0.0045027225
375316653866487564,5926763467835373568,0.46816024,2373.581167236733,0.03200515777850356,2.5267478E-5,18.103077,0.0050564376,0.3733944,0.0014631189,0.017691031,0.003889417,0.05791688,0.015588534,0.7870449,0.014318941,0.11942304,0.0127057545,0.118130304,0.006891932,null,null,null,null,"TWOGAUSSIANS",8,2.9801161,0.7870449,0.014318941,0.4,0.0,0.1180931,0.0068503846,0.3734444,0.0014484463,0.099069774,0.021780735,0.058173742,0.015652927
375316653866487564,5926763708376657152,0.6337007,2454.36244126423,2.287052398123201,2.9915468E-6,14.156195,0.0049490505,0.23774736,8.5713493E-4,0.10738143,0.002766818,0.18109182,0.004532971,0.73743945,8.462197E-4,0.116707295,0.0032876416,0.1765746,0.004303661,null,null,null,null,"TWOGAUSSIANS",8,8.614726,0.23774736,8.5713493E-4,0.4,0.0,0.15159675,0.0010650824,0.73743945,8.462197E-4,0.4,0.0,0.14705014,0.002064615
375316653866487564,5926764013296322048,0.4792102,2453.683813202873,2.6907005149909953,2.2595834E-5,19.59732,0.025018515,0.14841703,0.0041250642,0.046472672,0.0060616806,0.49713248,0.028622823,0.6049858,0.020299505,0.10144631,0.031976636,0.20107487,0.026347358,null,null,null,null,"TWOGAUSSIANS",8,5.5695834,0.14841703,0.004122221,0.26024696,0.03394541,0.4965701,0.028353138,0.6049858,0.020299505,0.4,0.0,0.20050435,0.026755711
375316653866487564,5926764636089222272,0.6077636,2406.9517159887623,2.495956474096689,4.739892E-6,18.01212,0.0075934823,0.21278027,0.0011200404,0.047854368,0.003018732,0.3446349,0.01752024,0.71206945,0.0017010351,0.04969736,0.0031846887,0.4353738,0.020052623,0.11901148,0.01048643,0.21278027,0.0011200404,"TWOGAUSSIANS_WITH_ELLIPSOIDAL_ON_ECLIPSE1",9,4.8242826,0.7121394,0.0015235179,0.2783052,0.017834257,0.67339045,0.020284545,0.21278027,0.0011200404,0.26798445,0.0169049,0.58265585,0.009591546
375316653866487564,5926765082765858816,0.48248374,2365.0580303208953,0.47249049511609215,1.7806324E-5,12.119324,0.0054915366,0.26690274,0.0051034656,0.089734465,0.010295443,0.058092237,0.0054003038,0.7759691,0.005768266,0.08174129,0.013773994,0.057712022,0.004673676,null,null,null,null,"TWOGAUSSIANS",8,44.994686,0.26690274,0.0051034656,0.4,0.0,0.05668136,0.003707315,0.7759691,0.005768266,0.4,0.0,0.05630117,0.0039786366
375316653866487564,5926765460723396352,0.56556404,2438.042358410383,3.6663976293868994,3.790008E-6,15.063772,0.0058556376,0.25633723,0.001304269,0.04639115,0.0029602796,0.20114337,0.013115506,0.7516947,0.002658869,0.04664139,0.0023502249,0.28217065,0.01860419,0.10034828,0.008226792,0.25633723,0.001304269,"TWOGAUSSIANS_WITH_ELLIPSOIDAL_ON_ECLIPSE1",9,47.120914,0.75220466,0.002316834,0.2611918,0.01316126,0.48271444,0.014095783,0.25633723,0.001304269,0.25979045,0.016577566,0.40183932,0.0066902684
375316653866487564,5926766903832431616,0.4568117,2445.3745858858815,2.094737523311411,1.5289437E-5,15.136215,0.010806805,0.22575617,0.0051493193,0.10559515,0.020702424,0.04567657,0.009617807,0.7332205,0.0065864194,0.12051656,0.028931294,0.04399525,0.009657714,null,null,null,null,"TWOGAUSSIANS",8,10.670129,0.22572617,0.005118525,0.4,0.0,0.038499165,0.0034424108,0.73323053,0.006592241,0.4,0.0,0.03680254,0.002916777
375316653866487564,5926766933878244224,0.5081794,2400.1044391260725,4.00315124724112,1.4299511E-5,18.630981,0.008444295,0.28273118,0.014325094,0.0646877,0.008288585,0.17233104,0.016805211,0.7449838,0.0057126814,0.08290974,0.00796303,0.18707995,0.010030522,null,null,null,null,"TWOGAUSSIANS",8,3.4661436,0.7449838,0.0057126814,0.4,0.0,0.18661048,0.009672321,0.28273118,0.014325094,0.36225113,0.046184026,0.17186159,0.016249014
375316653866487564,5926767247429827968,0.63605756,2431.743277770585,2.867526122723737,2.9162795E-6,16.862482,0.009011425,0.25267053,0.0012583497,0.055325508,0.0021666004,0.44174975,0.021403536,0.75689393,0.0010009363,0.046940956,0.0020225463,0.35648984,0.020025676,0.11728894,0.010826418,0.75689393,0.0010009363,"TWOGAUSSIANS_WITH_ELLIPSOIDAL_ON_ECLIPSE2",9,14.500278,0.25315052,0.0010822364,0.30982283,0.012132962,0.6761678,0.015768599,0.75689393,0.0010009363,0.26286936,0.011326259,0.5910542,0.0058047427
375316653866487564,5926769064180190720,0.5856167,2410.858918638915,1.5594471797463032,5.250228E-6,14.951939,0.005741836,0.30245066,0.004158055,0.08876705,0.006494105,0.11244487,0.0055745784,0.7873582,0.001644942,0.08304157,0.0037518365,0.22636624,0.004889039,null,null,null,null,"TWOGAUSSIANS",8,34.34129,0.7873582,0.001644942,0.4,0.0,0.22287592,0.0040223715,0.30245066,0.004158055,0.4,0.0,0.10895452,0.004663236
375316653866487564,5926769927466210176,0.525635,2429.6122185452778,3.702736621111002,7.6032848E-6,19.605488,0.015244032,0.2548301,0.00411714,0.06946601,0.005133621,0.48015133,0.01591563,0.7537658,0.0041034855,0.0684957,0.009428578,0.40883225,0.042644486,null,null,null,null,"TWOGAUSSIANS",8,2.541414,0.2548301,0.00411714,0.38900965,0.02400875,0.47893992,0.015233784,0.7537658,0.0041034855,0.38357592,0.02980477,0.40762082,0.043806106
