Gaia/vari_eclipsing_binary/VariEclipsingBinary_401060-402397.csv
# %ECSV 1.0
# ---
# delimiter: ','
# meta: !!omap
# - RELEASE: Gaia DR3
# - TABLE: vari_eclipsing_binary
# - DESCRIPTION: >
#     This table describes the properties of the eclipsing binaries resulting from the variability analysis. 
# - CITATION: >
#     How to cite and acknowledge Gaia: 
#     https://gea.esac.esa.int/archive/documentation/credits.html 
# - KNOWN_ISSUES: >
#     Known issues: 
#     https://www.cosmos.esa.int/web/gaia-users/known-issues 
# - DOCUMENTATION: >
#     Tutorials and documentation: 
#     https://www.cosmos.esa.int/web/gaia-users/archive 
# datatype:
# - 
#   name: solution_id
#   datatype: int64
#   description: Solution Identifier
#   meta:
#     ucd: meta.version
# - 
#   name: source_id
#   datatype: int64
#   description: Unique source identifier
#   meta:
#     ucd: meta.id;meta.main
# - 
#   name: global_ranking
#   datatype: float32
#   description: Number between 0 (worst) and 1 (best)
#   meta:
#     ucd: stat.param
# - 
#   name: reference_time
#   datatype: float64
#   unit: d
#   description: Reference time used for the geometric model fit
#   meta:
#     ucd: time.epoch
# - 
#   name: frequency
#   datatype: float64
#   unit: d**-1
#   description: Frequency of geometric model of the eclipsing binary light curve
#   meta:
#     ucd: src.orbital
# - 
#   name: frequency_error
#   datatype: float32
#   unit: d**-1
#   description: "Uncertainty of \\texttt{frequency}"
#   meta:
#     ucd: stat.error
# - 
#   name: geom_model_reference_level
#   datatype: float32
#   unit: mag
#   description: Magnitude reference level of geometric model
#   meta:
#     ucd: phot.mag;em.opt
# - 
#   name: geom_model_reference_level_error
#   datatype: float32
#   unit: mag
#   description: "Uncertainty of \\texttt{geomModelReferenceLevel}"
#   meta:
#     ucd: stat.error;phot.mag;em.opt
# - 
#   name: geom_model_gaussian1_phase
#   datatype: float32
#   description: Phase of the Gaussian 1 component
#   meta:
#     ucd: time.phase
# - 
#   name: geom_model_gaussian1_phase_error
#   datatype: float32
#   description: "Uncertainty of \\texttt{geomModelGaussian1Phase}"
#   meta:
#     ucd: stat.error;time.phase
# - 
#   name: geom_model_gaussian1_sigma
#   datatype: float32
#   description: "Standard deviation [phase] of Gaussian 1 component"
#   meta:
#     ucd: stat.stdev
# - 
#   name: geom_model_gaussian1_sigma_error
#   datatype: float32
#   description: "Uncertainty of \\texttt{geomModelGaussian1Sigma}"
#   meta:
#     ucd: stat.error
# - 
#   name: geom_model_gaussian1_depth
#   datatype: float32
#   unit: mag
#   description: Magnitude depth of Gaussian 1 component
#   meta:
#     ucd: src.var.amplitude
# - 
#   name: geom_model_gaussian1_depth_error
#   datatype: float32
#   unit: mag
#   description: "Uncertainty of \\texttt{geomModelGaussian1Depth}"
#   meta:
#     ucd: stat.error;src.var.amplitude
# - 
#   name: geom_model_gaussian2_phase
#   datatype: float32
#   description: Phase of Gaussian 2 component
#   meta:
#     ucd: time.phase
# - 
#   name: geom_model_gaussian2_phase_error
#   datatype: float32
#   description: "Uncertainty of \\texttt{geomModelGaussian2Phase}"
#   meta:
#     ucd: stat.error;time.phase
# - 
#   name: geom_model_gaussian2_sigma
#   datatype: float32
[...]
#   datatype: float32
#   description: "Secondary eclipse: uncertainty of \\texttt{derivedSecondaryEclDuration}"
#   meta:
#     ucd: stat.error;time.duration
# - 
#   name: derived_secondary_ecl_depth
#   datatype: float32
#   unit: mag
#   description: "Secondary eclipse: depth"
#   meta:
#     ucd: src.var.amplitude
# - 
#   name: derived_secondary_ecl_depth_error
#   datatype: float32
#   unit: mag
#   description: "Secondary eclipse: uncertainty of \\texttt{derivedSecondaryEclDepth}"
#   meta:
#     ucd: stat.error;src.var.amplitude
solution_id,source_id,global_ranking,reference_time,frequency,frequency_error,geom_model_reference_level,geom_model_reference_level_error,geom_model_gaussian1_phase,geom_model_gaussian1_phase_error,geom_model_gaussian1_sigma,geom_model_gaussian1_sigma_error,geom_model_gaussian1_depth,geom_model_gaussian1_depth_error,geom_model_gaussian2_phase,geom_model_gaussian2_phase_error,geom_model_gaussian2_sigma,geom_model_gaussian2_sigma_error,geom_model_gaussian2_depth,geom_model_gaussian2_depth_error,geom_model_cosine_half_period_amplitude,geom_model_cosine_half_period_amplitude_error,geom_model_cosine_half_period_phase,geom_model_cosine_half_period_phase_error,model_type,num_model_parameters,reduced_chi2,derived_primary_ecl_phase,derived_primary_ecl_phase_error,derived_primary_ecl_duration,derived_primary_ecl_duration_error,derived_primary_ecl_depth,derived_primary_ecl_depth_error,derived_secondary_ecl_phase,derived_secondary_ecl_phase_error,derived_secondary_ecl_duration,derived_secondary_ecl_duration_error,derived_secondary_ecl_depth,derived_secondary_ecl_depth_error
[from data line 179]
375316653866487564,3533893563527753728,0.56998163,2071.386669557784,4.099865931878161,1.3082172E-5,16.698248,0.006360256,0.31268093,0.005561998,0.0492948,0.004090871,0.22068353,0.017916355,0.8265514,0.0015791752,0.038979772,0.0035094542,0.1979603,0.013511937,0.07577202,0.010733493,0.8265514,0.0015791752,"TWOGAUSSIANS_WITH_ELLIPSOIDAL_ON_ECLIPSE2",9,22.296167,0.31429094,0.0049149557,0.2760509,0.022908878,0.37121224,0.01005306,0.8265514,0.0015791752,0.21828672,0.019652942,0.3495042,0.009894303
375316653866487564,3533901118373911424,0.59195745,2064.3940456124064,0.18968408854802898,1.0652604E-4,17.319593,0.0012345688,0.15329292,0.010104383,0.029281747,0.007996217,0.019089848,0.003734635,0.736691,0.0015143959,0.010423041,9.526813E-4,0.3103721,0.01725834,null,null,null,null,"TWOGAUSSIANS",8,2.802285,0.736691,0.0015143959,0.05836903,0.0053350152,0.3103721,0.01725834,0.15329292,0.010104383,0.16397779,0.04477882,0.019089848,0.003734635
375316653866487564,3533901534987046528,0.5967449,2078.7097178106696,1.8494744891576491,8.709053E-6,12.072427,0.05043066,0.15655808,0.0050910017,0.12285399,0.027018152,0.20964977,0.047484793,0.63926554,0.0032890013,0.10507812,0.010973061,0.35012364,0.04756091,null,null,null,null,"TWOGAUSSIANS",8,172.22876,0.63926554,0.0032890013,0.4,0.0,0.31046274,0.007155281,0.15657808,0.0051310994,0.4,0.0,0.16987716,0.009432122
375316653866487564,3533902458403369344,0.6880644,2031.9020442933415,1.127088454017996,1.7509814E-6,11.987238,0.0052459273,0.1725864,0.0045622443,0.04189046,0.007451961,0.050957475,0.013083801,0.67402333,0.008859928,0.037515156,0.004232917,0.74898994,0.06766221,0.015397172,0.0070874537,0.1725864,0.0045622443,"TWOGAUSSIANS_WITH_ELLIPSOIDAL_ON_ECLIPSE1",9,65.249435,0.67402333,0.008830786,0.21008487,0.023704337,0.7797817,0.056684773,0.1725864,0.0045622443,0.23458658,0.04173098,0.081751786,0.004781821
375316653866487564,3533915553760250624,0.4924341,2036.3013447052085,1.5524755339346943,2.313501E-5,15.901333,0.0049401238,0.2458319,0.004004326,0.04361841,0.0034744993,0.3166726,0.04028594,0.74625206,0.011810926,0.046032034,0.012820878,0.13347784,0.018442752,null,null,null,null,"TWOGAUSSIANS",8,84.201195,0.2458319,0.004004326,0.24426311,0.019457197,0.31667253,0.04028597,0.74625206,0.011810926,0.2577794,0.07179692,0.13347776,0.01844295
375316653866487564,3533952696638080128,0.5438294,2049.2040345983432,0.9623750057834597,1.8859819E-5,13.412561,0.0035045967,0.25976133,0.02941445,0.024634259,0.041296575,0.11013799,8.7398301E12,0.773577,0.002704361,0.014749326,0.007341217,0.021029733,0.0064934366,0.013868259,0.0054947464,0.25976133,0.02941445,"TWOGAUSSIANS_WITH_ELLIPSOIDAL_ON_ECLIPSE1",9,35.237988,0.25976133,0.02941445,0.13795185,0.23126082,0.13787444,8.7398301E12,0.773577,0.002704361,0.08259623,0.041110814,0.048557706,0.004634021
375316653866487564,3533965341021954048,0.45427653,2087.1312425888586,0.2450796028027247,1.9823341E-5,17.527319,0.00456287,0.37848905,0.009985097,0.0565345,0.0097922925,0.07529132,0.011419889,0.747893,0.005946888,0.08594464,0.007885695,0.11620528,0.013147701,null,null,null,null,"TWOGAUSSIANS",8,5.5876765,0.747893,0.005946888,0.4,0.0,0.1161946,0.013151087,0.37850907,0.009992817,0.3165932,0.05483684,0.07529196,0.011424759
375316653866487564,3533990629789720192,0.58285356,2055.588090138739,0.3598808120864955,2.3936644E-5,11.003846,0.0054443423,0.29900026,0.0013551408,0.026032677,0.0013822216,0.5267157,0.0293331,0.8084286,0.0036477465,0.019093812,0.005112081,0.076475166,0.016666574,0.01527148,0.00830547,0.29900026,0.0013551408,"TWOGAUSSIANS_WITH_ELLIPSOIDAL_ON_ECLIPSE1",9,197.00218,0.29900026,0.0013551408,0.14578299,0.007740441,0.5572586,0.023228485,0.8084286,0.0036477465,0.106925346,0.028627653,0.10691106,0.012035602
375316653866487564,3534016330873439232,0.6984236,2035.7518893147865,0.09356494742203436,9.862166E-7,15.279329,0.0010316486,0.69926065,0.075850844,0.09250354,0.052583326,0.00670038,0.0029681567,0.8586549,3.819965E-7,0.0025590323,3.9444267E-6,1.1688672,0.0010293884,null,null,null,null,"TWOGAUSSIANS",8,7.898848,0.8586549,3.819965E-7,0.01433058,2.208879E-5,1.1703855,0.0012179596,0.69926065,0.075850844,0.4,0.0,0.0067003737,0.0029638147
375316653866487564,3534060036460299648,0.6030907,2050.8097040049684,1.2831254012013893,9.558402E-6,13.67344,0.0022502686,0.25783506,0.001957651,0.030406494,0.0022441924,0.2903906,0.007239284,0.74470997,0.006915354,0.04393827,0.0065400396,0.23083852,0.030158509,0.012915968,0.0034674874,0.25783506,0.001957651,"TWOGAUSSIANS_WITH_ELLIPSOIDAL_ON_ECLIPSE1",9,38.3632,0.25783506,0.001957651,0.17027637,0.012567478,0.31622252,0.004162299,0.74492997,0.006835283,0.24605432,0.036624223,0.25649807,0.030218625
375316653866487564,3534062162467121152,0.4699131,2040.3164640428297,0.12001473781622247,2.9953306E-5,18.945679,0.00861045,0.17684963,0.007493308,0.021546463,0.005321505,0.094928645,0.02337142,0.53868467,0.0148762865,0.13257748,0.014308572,0.4430307,0.04286414,null,null,null,null,"TWOGAUSSIANS",8,5.349852,0.53868467,0.0148762865,0.4,0.0,0.44230804,0.043414824,0.17794964,0.0071862983,0.120660186,0.029800428,0.10502043,0.024377141
375316653866487564,3534069004352018176,0.53325117,2025.831875065029,3.577811321254123,2.6347545E-5,17.063444,0.58432055,0.2553785,0.0059309467,0.13086362,0.057455014,0.2851572,0.49982083,0.74637526,0.0063207713,0.14486858,0.08261898,0.2994098,0.5630486,null,null,null,null,"TWOGAUSSIANS",8,8.457742,0.74637526,0.0063207713,0.4,0.0,0.19348122,0.007903548,0.2558385,0.0043723094,0.4,0.0,0.18041594,0.010478393
375316653866487564,3534205167698874880,0.58638585,2029.446445444814,2.946515242980121,9.346735E-6,17.672945,0.032566693,0.25178114,0.007810033,0.042999383,0.031198513,0.32528126,0.07487995,0.7412482,0.0023900885,0.05173339,0.005545847,0.41154468,0.0704623,0.09247663,0.040386055,0.25178114,0.007810033,"TWOGAUSSIANS_WITH_ELLIPSOIDAL_ON_ECLIPSE1",9,15.048787,0.7421582,0.0015101229,0.28970698,0.031056743,0.5957573,0.014126769,0.25178114,0.007810033,0.24079655,0.17471167,0.51023287,0.06704266
375316653866487564,3534217743363131008,0.47655842,2068.4565411126337,0.05701828598132295,3.23127E-5,19.033644,0.006023079,0.25156572,0.003962347,0.03834539,0.0077855387,0.3138319,0.09345315,0.6070594,0.03149,0.10425531,0.020281104,0.16083628,0.015791945,null,null,null,null,"TWOGAUSSIANS",8,2.4636264,0.25163573,0.0039737383,0.21473417,0.043599017,0.31430018,0.093558624,0.6070594,0.03149,0.4,0.0,0.16082355,0.015788918
375316653866487564,3534217812082617728,0.50898767,2055.136973926657,2.743785193577256,1.8565772E-5,18.377892,0.10184073,0.21049547,0.0063702557,0.13787352,0.056135405,0.177441,0.09897303,0.68765515,0.004504908,0.101041265,0.022454603,0.24280845,0.086371526,null,null,null,null,"TWOGAUSSIANS",8,2.2395678,0.68765515,0.004504908,0.4,0.0,0.20730495,0.016962316,0.21051548,0.0062773307,0.4,0.0,0.1413628,0.014309722
375316653866487564,3534233651922303616,0.5487548,2032.159251933229,1.2423529132509084,1.695689E-5,17.651587,0.0044014645,0.31611502,0.009421548,0.02606861,0.007446056,0.41906163,0.033871397,0.80909175,0.012045424,0.016432757,0.0096814865,0.5453435,4.9289956,null,null,null,null,"TWOGAUSSIANS",8,13.580185,0.80909175,0.012045424,0.09202343,0.05421632,0.5453435,4.9289956,0.31611502,0.009421548,0.1459842,0.041697916,0.41906163,0.033871397
375316653866487564,3534273685313480320,0.64490163,2052.4399990641114,2.3831513841449685,4.110267E-6,11.904303,0.017757567,0.2763473,0.0029416701,0.055647254,0.005295816,0.43626162,0.039201353,0.78118277,0.0015170892,0.05030035,0.0041381763,0.45376986,0.037793342,0.100275874,0.0228805,0.78118277,0.0015170892,"TWOGAUSSIANS_WITH_ELLIPSOIDAL_ON_ECLIPSE2",9,322.67584,0.78118277,0.0015170892,0.28168195,0.023173789,0.65430677,0.02360653,0.2768373,0.0026103284,0.31162462,0.029656569,0.63663214,0.01763659
375316653866487564,3534310518953063296,0.6029792,1988.2191125551137,3.5299879581379994,4.75548E-6,16.929798,0.011667791,0.27360553,0.0020747408,0.053572796,0.0052771172,0.21710932,0.026697734,0.76563245,0.0020182452,0.039326593,0.0041449848,0.17318328,0.027262593,0.123827994,0.014676,0.76563245,0.0020182452,"TWOGAUSSIANS_WITH_ELLIPSOIDAL_ON_ECLIPSE2",9,18.40302,0.27196553,0.0014774678,0.30000767,0.029551856,0.46426815,0.016862722,0.76563245,0.0020182452,0.22022893,0.023211915,0.42083573,0.010619988
375316653866487564,3534335494186409728,0.5221969,2047.353452856077,3.439065403345794,2.0218566E-5,18.799828,0.018994637,0.24035037,0.006230245,0.0863536,0.009678124,0.40455988,0.027377157,0.73533255,0.0042443885,0.08391131,0.009911972,0.46419266,0.025497627,null,null,null,null,"TWOGAUSSIANS",8,6.0937824,0.73533255,0.0042443885,0.4,0.0,0.45355526,0.028619276,0.24035037,0.006230245,0.4,0.0,0.39392245,0.027745554
375316653866487564,3534338865737149440,0.51830417,2043.6702424960433,1.5471150442608694,9.4616935E-6,15.483416,0.4776051,0.2450376,0.0039777965,0.2063364,0.101150416,0.37013307,0.4584761,0.74056447,0.0044006053,0.16824429,0.05098118,0.3632627,0.3435901,null,null,null,null,"TWOGAUSSIANS",8,7.6295385,0.74056447,0.0044006053,0.4,0.0,0.10869193,0.003397851,0.2467776,0.0030821024,0.4,0.0,0.085044175,0.004845558
375316653866487564,3534355873807614848,0.521335,2014.2091482156168,3.602191395766963,1.6560529E-5,14.700845,0.767108,0.20213254,0.006422889,0.2080669,0.10055846,0.4579865,0.72555465,0.6966758,0.0065250588,0.17048799,0.056232937,0.39681622,0.5292795,null,null,null,null,"TWOGAUSSIANS",8,24.684849,0.20411253,0.004649261,0.4,0.0,0.11762934,0.0049167383,0.6966758,0.0065250588,0.4,0.0,0.09675405,0.0049071806
375316653866487564,3534362814474683264,0.47026503,2057.9310639954,1.8224178997694118,4.7836842E-5,16.017159,0.004691422,0.19683018,0.008564468,0.018968023,0.014770465,0.043811698,0.010231285,0.71372336,0.0072937417,0.023017824,0.0083810175,0.17905283,0.15586954,0.011074979,0.0074712224,0.71372336,0.0072937417,"TWOGAUSSIANS_WITH_ELLIPSOIDAL_ON_ECLIPSE2",9,44.162395,0.71372336,0.0072937417,0.12889981,0.0469337,0.20120274,0.16170521,0.19707018,0.008547623,0.10622093,0.0827146,0.065716475,0.012663935
375316653866487564,3534364188864160384,0.60043883,2032.6569399858367,2.301356804593484,1.0630596E-5,14.918886,0.046031795,0.22884978,0.0014489023,0.06665923,0.010399661,0.26651806,0.089369975,0.7347036,0.0045953365,0.06572464,0.013635269,0.24996176,0.089576356,0.08905629,0.047793645,0.22884978,0.0014489023,"TWOGAUSSIANS_WITH_ELLIPSOIDAL_ON_ECLIPSE1",9,105.785774,0.22884978,0.0014489023,0.37329167,0.05063231,0.44426802,0.010891122,0.7347036,0.0045953365,0.368058,0.060374748,0.42747086,0.017438507
375316653866487564,3534407069818095360,0.5224132,2124.2993419123322,0.026756242284238577,7.2732524E-5,10.97655,0.009367685,0.38589713,0.028421853,0.18216375,0.091793016,0.04597128,0.2690184,0.8768043,0.0835714,0.018755909,0.02549792,0.38077706,8.728684,null,null,null,null,"TWOGAUSSIANS",8,75.02983,0.8768043,0.0835714,0.105033085,0.14278835,0.3797351,8.729401,0.38589713,0.028421853,0.4,0.0,0.04278603,0.27204153
375316653866487564,3534492075810544640,0.5881303,2053.4752813914497,3.831419628804442,5.4927023E-6,14.476695,0.021675002,0.31436706,0.0015406405,0.061328948,0.005796497,0.26834413,0.048128054,0.81551933,0.0024052372,0.055611648,0.007458964,0.21006396,0.046005126,0.05459068,0.027534593,0.31436706,0.0015406405,"TWOGAUSSIANS_WITH_ELLIPSOIDAL_ON_ECLIPSE1",9,158.26341,0.31436706,0.0015406405,0.3434421,0.032460384,0.3774521,0.012413698,0.81551933,0.002330158,0.31142524,0.041770197,0.3191662,0.011248715
375316653866487564,3534544332675870464,0.54839146,2051.310663583531,0.9750846418342914,1.6793694E-5,19.78742,0.011916276,0.32776758,0.027554192,0.03082255,0.10511824,0.09106546,0.057144623,0.76101106,0.0032784385,0.019057272,0.001859837,0.56106895,0.037298087,null,null,null,null,"TWOGAUSSIANS",8,1.1296136,0.76101106,0.0032784385,0.10672072,0.010415087,0.56106895,0.037388,0.32776758,0.027554192,0.17260627,0.22650762,0.09106546,0.057248197
375316653866487564,3534556191082159872,0.67386717,1988.9333065928722,4.3146526510244385,3.751381E-6,17.396786,0.005046228,0.23436578,5.729966E-4,0.046290677,0.0017174222,0.35633722,0.012788188,0.73692346,0.032028038,0.046807542,0.012129957,0.4016109,0.17387985,0.13960443,0.0064603267,0.23436578,5.729966E-4,"TWOGAUSSIANS_WITH_ELLIPSOIDAL_ON_ECLIPSE1",9,3.1395102,0.73692346,0.028628496,0.26212224,0.067927755,0.6807472,0.16478422,0.23436578,5.729966E-4,0.25922778,0.009617564,0.6355456,0.011598758
375316653866487564,3534584778384506368,0.43866244,2055.4265669439246,2.0009018020058122,2.8508493E-5,17.44349,0.0059748557,null,null,null,null,null,null,null,null,null,null,null,null,0.075272106,0.007267048,0.25711653,0.007369193,"ELLIPSOIDAL",4,28.683214,null,null,null,null,null,null,null,null,null,null,null,null
375316653866487564,3534588794177345024,0.42166808,2061.734669730615,0.04120670629892347,1.3051416E-5,17.695526,0.004668599,0.17921807,0.0044544153,0.054497376,0.004058804,0.23873176,0.021249136,0.6964385,0.03663726,0.03250216,0.009256433,0.3635311,0.22262661,null,null,null,null,"TWOGAUSSIANS",8,11.741189,0.6964385,0.03663726,0.1820121,0.051836025,0.3635311,0.22262661,0.17921807,0.0044544153,0.30518532,0.022729302,0.23873174,0.021249142
375316653866487564,3534612712852251264,0.42003438,2063.879863859449,2.1272629546095776,3.062681E-5,18.837452,0.012810396,0.27691907,0.021852126,0.052210525,0.024781382,0.23094173,0.7687368,0.7398177,0.083432846,0.06062218,0.04862331,0.20728461,1.7796978,null,null,null,null,"TWOGAUSSIANS",8,3.483843,0.27691907,0.021852126,0.29237893,0.13877574,0.2309365,0.768744,0.7398177,0.083432846,0.3394842,0.27229053,0.20727938,1.7797031
375316653866487564,3534657582374188672,0.4368557,2031.2509623823644,0.2742561605846249,3.1162854E-5,18.482449,0.007836232,0.2966364,0.010248603,0.096986204,0.01384854,0.08218776,0.008678465,0.77623045,0.010225223,0.07003982,0.020927021,0.12120789,0.02827896,null,null,null,null,"TWOGAUSSIANS",8,2.8819447,0.77623045,0.010225223,0.39222303,0.048589703,0.11972965,0.029668909,0.2966364,0.010248603,0.4,0.0,0.08070907,0.0076618628
375316653866487564,3534661705542849024,0.4518215,2060.844154743236,0.12942239401490094,3.240848E-5,18.725122,0.003761344,0.2830386,0.017801546,0.09623463,0.013078009,0.12198812,0.012571898,0.6820345,0.005649603,0.038742185,0.011951949,0.15061752,0.051734705,null,null,null,null,"TWOGAUSSIANS",8,2.9565284,0.6820345,0.005649603,0.21695624,0.06693091,0.15062849,0.051755905,0.2830386,0.017801546,0.4,0.0,0.1219765,0.012581409
375316653866487564,3534666687704454528,0.4262229,2029.531927119341,4.664391926317218,4.221477E-5,19.070814,0.006395286,0.25481465,0.024380187,0.062065005,0.026764031,0.09912188,0.10729451,0.69495183,2.3213708E-4,0.010269823,4.7516433E-4,0.35846955,0.035143707,null,null,null,null,"TWOGAUSSIANS",8,4.1550136,0.69495183,2.3213708E-4,0.057511006,0.0026609204,0.35846955,0.035143703,0.25481465,0.024380187,0.347564,0.11576507,0.09912188,0.10729451
375316653866487564,3534689472507496832,0.46487504,2022.0541636722783,0.8854263541933418,2.4164705E-5,15.962229,0.008642752,0.24414438,0.001987447,0.022421341,0.0038975764,0.0969824,0.006357793,0.7137772,0.016501844,0.067388035,0.025162768,0.14492841,0.019434506,null,null,null,null,"TWOGAUSSIANS",8,47.468174,0.7137772,0.016501844,0.37737298,0.12698014,0.1449284,0.019434486,0.24414438,0.001987447,0.12555951,0.021826427,0.0969824,0.0063577583
375316653866487564,3534705479848866304,0.5577624,2037.6253793805367,3.94127503352624,2.9045194E-5,18.448566,0.010699595,0.2579775,0.010462655,0.07714536,0.010851832,0.36279646,0.019295458,0.757975,0.005107646,0.07634809,0.0044812253,0.32000676,0.011479797,null,null,null,null,"TWOGAUSSIANS",8,5.139453,0.2579775,0.010462655,0.4,0.0,0.35941333,0.017726416,0.757975,0.005107646,0.4,0.0,0.31662363,0.009446165
