Gaia/vari_eclipsing_binary/VariEclipsingBinary_047945-048099.csv
# %ECSV 1.0
# ---
# delimiter: ','
# meta: !!omap
# - RELEASE: Gaia DR3
# - TABLE: vari_eclipsing_binary
# - DESCRIPTION: >
#     This table describes the properties of the eclipsing binaries resulting from the variability analysis. 
# - CITATION: >
#     How to cite and acknowledge Gaia: 
#     https://gea.esac.esa.int/archive/documentation/credits.html 
# - KNOWN_ISSUES: >
#     Known issues: 
#     https://www.cosmos.esa.int/web/gaia-users/known-issues 
# - DOCUMENTATION: >
#     Tutorials and documentation: 
#     https://www.cosmos.esa.int/web/gaia-users/archive 
# datatype:
# - 
#   name: solution_id
#   datatype: int64
#   description: Solution Identifier
#   meta:
#     ucd: meta.version
# - 
#   name: source_id
#   datatype: int64
#   description: Unique source identifier
#   meta:
#     ucd: meta.id;meta.main
# - 
#   name: global_ranking
#   datatype: float32
#   description: Number between 0 (worst) and 1 (best)
#   meta:
#     ucd: stat.param
# - 
#   name: reference_time
#   datatype: float64
#   unit: d
#   description: Reference time used for the geometric model fit
#   meta:
#     ucd: time.epoch
# - 
#   name: frequency
#   datatype: float64
#   unit: d**-1
#   description: Frequency of geometric model of the eclipsing binary light curve
#   meta:
#     ucd: src.orbital
# - 
#   name: frequency_error
#   datatype: float32
#   unit: d**-1
#   description: "Uncertainty of \\texttt{frequency}"
#   meta:
#     ucd: stat.error
# - 
#   name: geom_model_reference_level
#   datatype: float32
#   unit: mag
#   description: Magnitude reference level of geometric model
#   meta:
#     ucd: phot.mag;em.opt
# - 
#   name: geom_model_reference_level_error
#   datatype: float32
#   unit: mag
#   description: "Uncertainty of \\texttt{geomModelReferenceLevel}"
#   meta:
#     ucd: stat.error;phot.mag;em.opt
# - 
#   name: geom_model_gaussian1_phase
#   datatype: float32
#   description: Phase of the Gaussian 1 component
#   meta:
#     ucd: time.phase
# - 
#   name: geom_model_gaussian1_phase_error
#   datatype: float32
#   description: "Uncertainty of \\texttt{geomModelGaussian1Phase}"
#   meta:
#     ucd: stat.error;time.phase
# - 
#   name: geom_model_gaussian1_sigma
#   datatype: float32
#   description: "Standard deviation [phase] of Gaussian 1 component"
#   meta:
#     ucd: stat.stdev
# - 
#   name: geom_model_gaussian1_sigma_error
#   datatype: float32
#   description: "Uncertainty of \\texttt{geomModelGaussian1Sigma}"
#   meta:
#     ucd: stat.error
# - 
#   name: geom_model_gaussian1_depth
#   datatype: float32
#   unit: mag
#   description: Magnitude depth of Gaussian 1 component
#   meta:
#     ucd: src.var.amplitude
# - 
#   name: geom_model_gaussian1_depth_error
#   datatype: float32
#   unit: mag
#   description: "Uncertainty of \\texttt{geomModelGaussian1Depth}"
#   meta:
#     ucd: stat.error;src.var.amplitude
# - 
#   name: geom_model_gaussian2_phase
#   datatype: float32
#   description: Phase of Gaussian 2 component
#   meta:
#     ucd: time.phase
# - 
#   name: geom_model_gaussian2_phase_error
#   datatype: float32
#   description: "Uncertainty of \\texttt{geomModelGaussian2Phase}"
#   meta:
#     ucd: stat.error;time.phase
# - 
#   name: geom_model_gaussian2_sigma
#   datatype: float32
[...]
#   datatype: float32
#   description: "Secondary eclipse: uncertainty of \\texttt{derivedSecondaryEclDuration}"
#   meta:
#     ucd: stat.error;time.duration
# - 
#   name: derived_secondary_ecl_depth
#   datatype: float32
#   unit: mag
#   description: "Secondary eclipse: depth"
#   meta:
#     ucd: src.var.amplitude
# - 
#   name: derived_secondary_ecl_depth_error
#   datatype: float32
#   unit: mag
#   description: "Secondary eclipse: uncertainty of \\texttt{derivedSecondaryEclDepth}"
#   meta:
#     ucd: stat.error;src.var.amplitude
solution_id,source_id,global_ranking,reference_time,frequency,frequency_error,geom_model_reference_level,geom_model_reference_level_error,geom_model_gaussian1_phase,geom_model_gaussian1_phase_error,geom_model_gaussian1_sigma,geom_model_gaussian1_sigma_error,geom_model_gaussian1_depth,geom_model_gaussian1_depth_error,geom_model_gaussian2_phase,geom_model_gaussian2_phase_error,geom_model_gaussian2_sigma,geom_model_gaussian2_sigma_error,geom_model_gaussian2_depth,geom_model_gaussian2_depth_error,geom_model_cosine_half_period_amplitude,geom_model_cosine_half_period_amplitude_error,geom_model_cosine_half_period_phase,geom_model_cosine_half_period_phase_error,model_type,num_model_parameters,reduced_chi2,derived_primary_ecl_phase,derived_primary_ecl_phase_error,derived_primary_ecl_duration,derived_primary_ecl_duration_error,derived_primary_ecl_depth,derived_primary_ecl_depth_error,derived_secondary_ecl_phase,derived_secondary_ecl_phase_error,derived_secondary_ecl_duration,derived_secondary_ecl_duration_error,derived_secondary_ecl_depth,derived_secondary_ecl_depth_error
[from data line 142]
375316653866487564,421927730218296192,0.563429,2167.1251274631977,0.6600252432656799,1.646896E-5,16.04682,5.150751E-4,0.21699463,0.001586088,0.022269787,0.0014986137,0.09288802,0.0057455497,0.7185732,0.008850041,0.022816122,0.009899335,0.09802832,0.20618464,null,null,null,null,"TWOGAUSSIANS",8,2.4665883,0.7185732,0.008850041,0.12777027,0.055436276,0.09802832,0.20618464,0.21699463,0.001586088,0.12471081,0.008392237,0.09288802,0.0057455497
375316653866487564,421928829730387968,0.6254411,2198.8490055610573,1.978357139732064,4.329545E-6,15.055398,0.0036481707,0.22282071,0.0022708406,0.08361762,0.002164431,0.35391352,0.0063760653,0.71476775,0.0012539134,0.09833273,0.0016800725,0.31411123,0.0044091325,null,null,null,null,"TWOGAUSSIANS",8,28.109081,0.22282071,0.0022708406,0.4,0.0,0.34052324,0.005629875,0.71476775,0.0012539134,0.4,0.0,0.30071932,0.003559582
375316653866487564,421929070248067456,0.44157055,2208.1015599410653,2.353599403201225,3.39916E-5,18.201271,0.009763174,0.290269,0.0077955085,0.05083357,0.017831812,0.09716099,0.021287948,0.6663078,0.0035334844,0.011779792,0.0050436077,0.0615597,0.036275815,0.03927492,0.012609063,0.290269,0.0077955085,"TWOGAUSSIANS_WITH_ELLIPSOIDAL_ON_ECLIPSE1",9,18.744123,0.290269,0.0077955085,0.284668,0.09985814,0.17571013,0.017309777,0.6674278,0.0030481825,0.06596684,0.028244203,0.10162165,0.033072576
375316653866487564,421930753875214208,0.7237829,2216.9250453879235,4.667150695569448,2.0731552E-6,15.024517,4.0529703E-4,0.12703061,5.124255E-4,0.0024680188,6.2285265E-4,0.45108065,0.0342059,0.30081138,0.04376383,0.027269693,0.027687408,0.004053005,4.8186939E16,2.47383E-4,4.948504E-4,0.12703061,5.124255E-4,"TWOGAUSSIANS_WITH_ELLIPSOIDAL_ON_ECLIPSE1",9,2.9719205,0.12703061,5.124255E-4,0.013820905,0.0034879746,0.45157543,0.03428492,0.30081138,0.04376383,0.15271027,0.15504949,0.004158063,4.8186939E16
375316653866487564,421933571372681472,0.5124819,2202.8097992506214,0.1842692539380355,8.377217E-6,16.390226,0.006919176,0.16672008,0.024290346,0.033305854,0.014213468,0.10065449,0.05676367,0.6746966,0.0012991508,0.04586897,0.001378694,0.6682849,0.028869713,null,null,null,null,"TWOGAUSSIANS",8,141.85797,0.6746966,0.0012991508,0.25686625,0.0077206865,0.6682849,0.028869713,0.16672008,0.024290346,0.18651278,0.07959542,0.10065449,0.05676367
375316653866487564,421935117560829568,0.4704998,2183.083184980616,3.0801497456200244,2.4664754E-5,16.047075,0.24812968,0.22912057,0.0057726786,0.1295591,0.094456285,0.2600411,0.21899757,0.74260944,0.0052183573,0.10002617,0.039916888,0.27940586,0.20581505,null,null,null,null,"TWOGAUSSIANS",8,125.91162,0.7427295,0.0044780453,0.4,0.0,0.23624404,0.018803269,0.22912057,0.0057291896,0.4,0.0,0.21655524,0.020202676
375316653866487564,421939378171592960,0.50570714,2179.5941816212267,0.9240553277004387,1.997233E-5,16.01339,9.447666E-4,0.25341538,0.008398185,0.09051865,0.008620953,0.020826872,0.0021660496,0.73151433,0.0052361456,0.06001409,0.0039005247,0.060535803,0.0029035523,null,null,null,null,"TWOGAUSSIANS",8,2.7491586,0.73151433,0.0052361456,0.3360789,0.021842938,0.06038612,0.0028850653,0.25341538,0.008398185,0.4,0.0,0.020677172,0.0021845573
375316653866487564,421939854906620800,0.64190364,2210.3681072682357,3.6772020937584857,2.3597083E-6,18.220852,0.009302558,0.22951071,0.0010373523,0.04644937,0.0038771124,0.36501658,0.038958885,0.7292182,0.0013233959,0.04774988,0.0024725357,0.4329795,0.024401011,0.110197715,0.015022856,0.22951071,0.0010373523,"TWOGAUSSIANS_WITH_ELLIPSOIDAL_ON_ECLIPSE1",9,2.8664339,0.72923815,0.0012244602,0.26739934,0.0138462,0.65337354,0.013441444,0.22951071,0.0010373523,0.2601165,0.021711828,0.5854113,0.040009376
375316653866487564,421942058223922688,0.5340006,2139.3203453857427,3.2981824858518802,9.955647E-6,19.004375,0.010458822,0.24971817,0.0037328324,0.07540318,0.004789789,0.4868428,0.019552367,0.7602129,0.0019393074,0.06728362,0.005253904,0.44998416,0.01492386,null,null,null,null,"TWOGAUSSIANS",8,6.5816855,0.24971817,0.0037328324,0.4,0.0,0.4852863,0.019626554,0.7602129,0.0019393074,0.37678826,0.028109405,0.44842765,0.015248993
375316653866487564,421946211453772032,0.5658094,2193.29897075694,3.514191546255676,1.1139832E-5,17.735037,0.012724332,0.24731092,0.006022666,0.085374266,0.007142781,0.406408,0.015915139,0.74817103,0.0031708165,0.09632544,0.0057857824,0.3699531,0.012486941,null,null,null,null,"TWOGAUSSIANS",8,9.674193,0.24731092,0.006022666,0.4,0.0,0.3891421,0.010665729,0.74817103,0.0031708165,0.4,0.0,0.35268614,0.008424033
375316653866487564,421948307401606656,0.5586685,2206.3651793674526,3.6734139858020813,6.1440346E-6,18.510244,0.008972734,0.2356948,0.0025402224,0.084286444,0.0040365662,0.31551838,0.013359365,0.7333493,0.0018940205,0.07975154,0.003949625,0.3660471,0.008862214,null,null,null,null,"TWOGAUSSIANS",8,3.0035012,0.7333493,0.0018940205,0.4,0.0,0.35981575,0.008511345,0.2356948,0.0025402224,0.4,0.0,0.309287,0.01308974
375316653866487564,421948449139161984,0.6102631,2186.0603133160075,0.5140158217393864,6.9031025E-6,14.016438,0.0044308878,0.17296655,0.002247647,0.051928665,0.0044589364,0.18000516,0.010970431,0.66622406,0.0050997566,0.055989806,0.006621988,0.1458058,0.009386082,0.07587872,0.0057544005,0.17296655,0.002247647,"TWOGAUSSIANS_WITH_ELLIPSOIDAL_ON_ECLIPSE1",9,103.82531,0.17296655,0.002247647,0.2908005,0.024970043,0.33175695,0.008427885,0.667604,0.0041235485,0.3135429,0.03708313,0.29734108,0.0041950443
375316653866487564,421949376852054784,0.5786445,2179.049660452531,2.7430621461928735,7.767538E-6,17.086143,0.016333608,0.27342725,0.0037146122,0.05365932,0.017339664,0.095641226,0.033471644,0.7665224,0.004415456,0.052671473,0.010630357,0.15123862,0.034940034,0.09105308,0.02066287,0.27342725,0.0037146122,"TWOGAUSSIANS_WITH_ELLIPSOIDAL_ON_ECLIPSE1",9,10.544446,0.7679624,0.003063766,0.29496026,0.059529997,0.33306962,0.00963523,0.27342725,0.0037146122,0.30049217,0.09710211,0.27774334,0.014377646
375316653866487564,421955939562015104,0.5407255,2156.2984413594154,3.6782488085132496,1.1728516E-5,19.469496,0.011199673,0.24555005,0.0049573146,0.078346044,0.0049044574,0.58309263,0.024988426,0.75025326,0.0019071265,0.07805861,0.0033772814,0.43196923,0.013345257,null,null,null,null,"TWOGAUSSIANS",8,1.9510996,0.24555005,0.0049573146,0.4,0.0,0.57759583,0.024848735,0.75025326,0.0019071265,0.4,0.0,0.42647246,0.0124624465
375316653866487564,421958684047871872,0.5987037,2177.124081532881,3.3276006723149303,5.726616E-6,17.764286,0.0044707214,0.2586822,0.0021865554,0.07253362,0.0029553813,0.36474922,0.016782332,0.75888604,0.0014915643,0.07831295,0.0021582935,0.40653843,0.008873793,null,null,null,null,"TWOGAUSSIANS",8,4.6961884,0.75888604,0.0014915643,0.4,0.0,0.40337977,0.008957395,0.2586822,0.0021865554,0.4,0.0,0.36159056,0.017262366
375316653866487564,421960165809939200,0.46637252,2168.8431568561377,3.063368589500612,2.8416698E-5,17.602158,0.05344465,0.27528885,0.00984183,0.115365714,0.028798323,0.22836617,0.051746752,0.76695454,0.008144335,0.10609679,0.020800356,0.21763419,0.053091623,null,null,null,null,"TWOGAUSSIANS",8,36.432766,0.27529886,0.009850984,0.4,0.0,0.1963697,0.014749984,0.76695454,0.008144335,0.4,0.0,0.18567061,0.017744122
375316653866487564,421962055595435776,0.63382554,2177.7420944873897,0.2888117596270353,7.725266E-6,14.600242,3.549548E-4,0.39407274,0.0069583533,0.025920551,0.028745113,0.10664468,0.0986094,0.898488,7.885002E-4,0.012520175,4.598279E-4,0.15809456,0.0047214488,null,null,null,null,"TWOGAUSSIANS",8,3.9523,0.898488,7.885002E-4,0.07011298,0.0025750361,0.15809456,0.0047214488,0.39407274,0.0069583533,0.14515509,0.16097263,0.10664468,0.0986094
375316653866487564,421962639710970368,0.45159823,2172.773771368159,0.03180200832304679,6.249022E-5,16.237673,0.0679903,0.63183737,0.0116081275,0.23201793,0.07953357,0.15502733,0.058527317,0.8068151,0.0013478289,0.0039296593,0.0010721663,0.20953815,0.031122394,null,null,null,null,"TWOGAUSSIANS",8,10.968855,0.8068151,0.0013478289,0.022006093,0.0060041314,0.29606396,0.03122075,0.63183737,0.0116081275,0.4,0.0,0.12464739,0.015893633
375316653866487564,421963494402585088,0.60816765,2184.5880628367836,0.799983703583531,1.7868771E-5,18.693836,0.004463065,0.19646113,0.0021954824,0.04415451,0.0027077622,0.15561928,0.007138777,0.6977198,0.0012540163,0.038965236,0.0014084829,0.8954683,0.04980917,null,null,null,null,"TWOGAUSSIANS",8,4.2556534,0.6977198,0.0012540163,0.21820532,0.007887504,0.8954683,0.049809173,0.19646113,0.0021954824,0.24726526,0.015163468,0.15561928,0.0071387766
375316653866487564,421963734920835328,0.48534134,2192.439127106223,0.6987825423403536,8.46868E-6,18.726572,0.004861925,0.34698582,0.003237341,0.0121453,0.0033248626,0.3337927,0.20979138,0.8465285,0.0032029985,0.012923003,0.006079991,0.44742966,1.8973413,null,null,null,null,"TWOGAUSSIANS",8,6.1297174,0.8465285,0.0032029985,0.072368816,0.03404795,0.44742966,1.8973413,0.34698582,0.003237341,0.06801368,0.01861923,0.3337927,0.20979138
375316653866487564,421966556722234496,0.4841625,2196.281547452494,0.19817989130839925,3.6981146E-5,16.775398,0.0057889433,0.33594173,0.0024503046,0.019938096,0.00133179,0.38687703,0.036937747,0.7919639,0.010297401,0.057470303,0.008868431,0.16766784,0.040673815,null,null,null,null,"TWOGAUSSIANS",8,75.082306,0.33594173,0.0024503046,0.11165334,0.0074580237,0.38687703,0.036937747,0.7919639,0.010297401,0.3218337,0.049663212,0.16766784,0.040673815
375316653866487564,421966865959845376,0.4425354,2182.533002269138,0.9183406079291379,7.975396E-6,17.419382,0.006329064,0.155058,0.012340361,0.031808626,0.010061049,0.047817484,0.022642812,0.71880096,0.0022732164,0.024440926,0.0022203084,0.3061401,0.032689385,0.011993944,0.011488125,0.71880096,0.0022732164,"TWOGAUSSIANS_WITH_ELLIPSOIDAL_ON_ECLIPSE2",9,48.104126,0.71880096,0.0022732164,0.13686918,0.012433727,0.33012795,0.033343118,0.157288,0.011799649,0.17812832,0.05634187,0.06827957,0.021962803
375316653866487564,421968102905274368,0.5533374,2220.742611252045,3.6850674693931755,9.785307E-6,18.352234,0.0077072973,0.29804927,0.0032958256,0.055520505,0.0051407907,0.24744874,0.023055326,0.7923329,0.0029317897,0.047844842,0.0043860734,0.20201907,0.020742197,0.06081659,0.011998446,0.29804927,0.0032958256,"TWOGAUSSIANS_WITH_ELLIPSOIDAL_ON_ECLIPSE1",9,3.925816,0.29804927,0.0032958256,0.31091484,0.028788429,0.36907202,0.01187672,0.7928929,0.0025795354,0.2679311,0.02456201,0.32350087,0.013905073
375316653866487564,421970989128400768,0.5043316,2235.1335342743764,2.7997530027632918,1.5172222E-5,18.115715,0.0044226865,0.204185,0.00411139,0.07656328,0.0071618776,0.12973338,0.0064153797,0.7058205,0.0051060044,0.08545237,0.004760049,0.14940214,0.008231687,null,null,null,null,"TWOGAUSSIANS",8,2.498284,0.7058205,0.0051060044,0.4,0.0,0.14708957,0.007945137,0.204185,0.00411139,0.4,0.0,0.12742083,0.006582751
375316653866487564,421971951201053568,0.48109195,2154.3350287183957,1.9276359876168783,7.2800094E-6,17.307636,0.0015132364,0.19478759,0.0057564564,0.017190121,0.006275904,0.009379827,0.011130903,0.6997135,0.003355147,0.033194806,0.008190753,0.047484003,0.009867633,0.017526437,0.00257028,0.19478759,0.0057564564,"TWOGAUSSIANS_WITH_ELLIPSOIDAL_ON_ECLIPSE1",9,2.17795,0.6997135,0.003355147,0.18589093,0.045868218,0.082503274,0.011749792,0.19478759,0.0057564564,0.096264675,0.035145063,0.044432666,0.010596264
375316653866487564,421972191719198080,0.4522275,2189.5053524345863,3.5269812967499043,1.780475E-5,19.235256,0.04635469,0.27080718,0.006735503,0.1057983,0.021047879,0.21347424,0.042762633,0.7278419,0.008718163,0.11659412,0.02198259,0.1948695,0.04637626,null,null,null,null,"TWOGAUSSIANS",8,2.9033906,0.27095717,0.006505708,0.4,0.0,0.19294481,0.018756624,0.7278419,0.008718163,0.4,0.0,0.17426562,0.022964021
375316653866487564,421973153794229632,0.50486785,2165.0395191334183,0.8647562714883671,2.0589445E-5,17.283308,0.0018505027,0.14753258,0.015679674,0.032784745,0.007195219,0.19500037,0.16873108,0.6292016,1.2342527E-4,0.010797012,1.8187017E-4,0.2597469,0.0024847162,null,null,null,null,"TWOGAUSSIANS",8,7.971551,0.6292016,1.2342527E-4,0.060463265,0.001018473,0.2597469,0.0024847162,0.14753258,0.015679674,0.18359458,0.040293224,0.19500037,0.16873108
375316653866487564,421974150224438912,0.68288296,2195.7514245243965,1.7785688974177083,2.1287121E-6,15.302912,0.0015431766,0.24221005,8.8159763E-4,0.048817426,7.915174E-4,0.37840194,0.0045359903,0.7461104,0.0010541485,0.04325441,0.0030527872,0.060622495,0.0044043893,0.052859064,0.0020558299,0.7461104,0.0010541485,"TWOGAUSSIANS_WITH_ELLIPSOIDAL_ON_ECLIPSE2",9,7.4370937,0.24240005,8.276431E-4,0.27337757,0.004432497,0.48405865,0.003255233,0.7461104,0.0010541485,0.2422247,0.017095609,0.16633952,0.0030727014
375316653866487564,421977276960452480,0.6411056,2216.0740301043274,0.7625582207832905,1.8809569E-6,16.675442,0.0020384702,0.19913727,0.0025066002,0.03920247,0.0041876575,0.0784962,0.0061659818,0.69820863,4.6711977E-4,0.03704009,4.8796117E-4,0.44406697,0.0070031723,0.021205857,0.0034989323,0.19913727,0.0025066002,"TWOGAUSSIANS_WITH_ELLIPSOIDAL_ON_ECLIPSE1",9,4.401854,0.69821864,4.651883E-4,0.20742449,0.0027325824,0.4864772,0.005344942,0.19913727,0.0025066002,0.21953383,0.023450883,0.12090786,0.004704556
375316653866487564,421977551838332288,0.6378926,2210.1140134501916,0.4847942953344199,4.6899163E-6,16.868374,0.0011624822,0.28496835,0.0010998625,0.023864117,8.0185867E-4,0.5083638,0.026319122,0.78567386,7.5946824E-4,0.02362224,7.713832E-4,0.50676376,0.027529018,null,null,null,null,"TWOGAUSSIANS",8,3.3959308,0.28496835,0.0010998625,0.13363905,0.0044904086,0.5083638,0.026319122,0.78567386,7.5946824E-4,0.13228455,0.0043197456,0.50676376,0.027529018
375316653866487564,421978647055507328,0.5886059,2219.3282838130967,3.005962332757834,4.478681E-6,18.911325,0.016845929,0.24194938,0.0024395783,0.05219874,0.004256511,0.56464636,0.05827019,0.7478342,0.0021382961,0.05070798,0.004696595,0.3981788,0.032032467,0.089953154,0.022069618,0.24194938,0.0024395783,"TWOGAUSSIANS_WITH_ELLIPSOIDAL_ON_ECLIPSE1",9,3.0879755,0.24194938,0.0024395783,0.29231295,0.023836464,0.7445439,0.05730773,0.7478342,0.0021382961,0.2839647,0.026300931,0.5778305,0.02176988
375316653866487564,421982156045638656,0.56311333,2199.711472275497,3.2371450413843768,8.637891E-6,18.86138,0.004594271,0.23180151,0.0045500463,0.07465578,0.004064203,0.34877086,0.0119849965,0.7329929,0.0018102989,0.07840265,0.0030536859,0.2731558,0.007364545,null,null,null,null,"TWOGAUSSIANS",8,1.6641979,0.23180151,0.0045500463,0.4,0.0,0.34588468,0.012154426,0.7329929,0.0018102989,0.4,0.0,0.27026963,0.007343884
375316653866487564,421987030824055424,0.56028605,2198.9557670572963,2.031335637469537,5.6777294E-6,17.83488,0.0022544158,0.6770802,0.0029461344,0.025807977,0.0016190963,0.76713824,0.088995874,0.30226573,0.03346801,0.06407346,0.029604137,0.010979897,0.0051191077,null,null,null,null,"TWOGAUSSIANS",8,3.928603,0.6770802,0.0029461344,0.14452466,0.009066938,0.76713824,0.088995874,0.30226573,0.03346801,0.35881138,0.15726657,0.010979897,0.005119108
375316653866487564,421993322958091136,0.67976457,2182.929815651829,1.0195728161728657,2.0604898E-6,13.624978,0.0051571224,0.20811136,9.2662696E-4,0.04519887,0.0018812956,0.6036905,0.022549577,0.7101095,0.002033407,0.043308545,0.0040489677,0.107092425,0.011365399,0.12125249,0.0066253943,0.20811136,9.2662696E-4,"TWOGAUSSIANS_WITH_ELLIPSOIDAL_ON_ECLIPSE1",9,112.00944,0.20811136,9.2662696E-4,0.25311366,0.010535255,0.84619516,0.025950179,0.7101095,0.002033407,0.24252786,0.022674218,0.34955883,0.004068088
