Gaia/vari_eclipsing_binary/VariEclipsingBinary_208875-209103.csv
# %ECSV 1.0
# ---
# delimiter: ','
# meta: !!omap
# - RELEASE: Gaia DR3
# - TABLE: vari_eclipsing_binary
# - DESCRIPTION: >
#     This table describes the properties of the eclipsing binaries resulting from the variability analysis. 
# - CITATION: >
#     How to cite and acknowledge Gaia: 
#     https://gea.esac.esa.int/archive/documentation/credits.html 
# - KNOWN_ISSUES: >
#     Known issues: 
#     https://www.cosmos.esa.int/web/gaia-users/known-issues 
# - DOCUMENTATION: >
#     Tutorials and documentation: 
#     https://www.cosmos.esa.int/web/gaia-users/archive 
# datatype:
# - 
#   name: solution_id
#   datatype: int64
#   description: Solution Identifier
#   meta:
#     ucd: meta.version
# - 
#   name: source_id
#   datatype: int64
#   description: Unique source identifier
#   meta:
#     ucd: meta.id;meta.main
# - 
#   name: global_ranking
#   datatype: float32
#   description: Number between 0 (worst) and 1 (best)
#   meta:
#     ucd: stat.param
# - 
#   name: reference_time
#   datatype: float64
#   unit: d
#   description: Reference time used for the geometric model fit
#   meta:
#     ucd: time.epoch
# - 
#   name: frequency
#   datatype: float64
#   unit: d**-1
#   description: Frequency of geometric model of the eclipsing binary light curve
#   meta:
#     ucd: src.orbital
# - 
#   name: frequency_error
#   datatype: float32
#   unit: d**-1
#   description: "Uncertainty of \\texttt{frequency}"
#   meta:
#     ucd: stat.error
# - 
#   name: geom_model_reference_level
#   datatype: float32
#   unit: mag
#   description: Magnitude reference level of geometric model
#   meta:
#     ucd: phot.mag;em.opt
# - 
#   name: geom_model_reference_level_error
#   datatype: float32
#   unit: mag
#   description: "Uncertainty of \\texttt{geomModelReferenceLevel}"
#   meta:
#     ucd: stat.error;phot.mag;em.opt
# - 
#   name: geom_model_gaussian1_phase
#   datatype: float32
#   description: Phase of the Gaussian 1 component
#   meta:
#     ucd: time.phase
# - 
#   name: geom_model_gaussian1_phase_error
#   datatype: float32
#   description: "Uncertainty of \\texttt{geomModelGaussian1Phase}"
#   meta:
#     ucd: stat.error;time.phase
# - 
#   name: geom_model_gaussian1_sigma
#   datatype: float32
#   description: "Standard deviation [phase] of Gaussian 1 component"
#   meta:
#     ucd: stat.stdev
# - 
#   name: geom_model_gaussian1_sigma_error
#   datatype: float32
#   description: "Uncertainty of \\texttt{geomModelGaussian1Sigma}"
#   meta:
#     ucd: stat.error
# - 
#   name: geom_model_gaussian1_depth
#   datatype: float32
#   unit: mag
#   description: Magnitude depth of Gaussian 1 component
#   meta:
#     ucd: src.var.amplitude
# - 
#   name: geom_model_gaussian1_depth_error
#   datatype: float32
#   unit: mag
#   description: "Uncertainty of \\texttt{geomModelGaussian1Depth}"
#   meta:
#     ucd: stat.error;src.var.amplitude
# - 
#   name: geom_model_gaussian2_phase
#   datatype: float32
#   description: Phase of Gaussian 2 component
#   meta:
#     ucd: time.phase
# - 
#   name: geom_model_gaussian2_phase_error
#   datatype: float32
#   description: "Uncertainty of \\texttt{geomModelGaussian2Phase}"
#   meta:
#     ucd: stat.error;time.phase
# - 
#   name: geom_model_gaussian2_sigma
#   datatype: float32
[...]
#   datatype: float32
#   description: "Secondary eclipse: uncertainty of \\texttt{derivedSecondaryEclDuration}"
#   meta:
#     ucd: stat.error;time.duration
# - 
#   name: derived_secondary_ecl_depth
#   datatype: float32
#   unit: mag
#   description: "Secondary eclipse: depth"
#   meta:
#     ucd: src.var.amplitude
# - 
#   name: derived_secondary_ecl_depth_error
#   datatype: float32
#   unit: mag
#   description: "Secondary eclipse: uncertainty of \\texttt{derivedSecondaryEclDepth}"
#   meta:
#     ucd: stat.error;src.var.amplitude
solution_id,source_id,global_ranking,reference_time,frequency,frequency_error,geom_model_reference_level,geom_model_reference_level_error,geom_model_gaussian1_phase,geom_model_gaussian1_phase_error,geom_model_gaussian1_sigma,geom_model_gaussian1_sigma_error,geom_model_gaussian1_depth,geom_model_gaussian1_depth_error,geom_model_gaussian2_phase,geom_model_gaussian2_phase_error,geom_model_gaussian2_sigma,geom_model_gaussian2_sigma_error,geom_model_gaussian2_depth,geom_model_gaussian2_depth_error,geom_model_cosine_half_period_amplitude,geom_model_cosine_half_period_amplitude_error,geom_model_cosine_half_period_phase,geom_model_cosine_half_period_phase_error,model_type,num_model_parameters,reduced_chi2,derived_primary_ecl_phase,derived_primary_ecl_phase_error,derived_primary_ecl_duration,derived_primary_ecl_duration_error,derived_primary_ecl_depth,derived_primary_ecl_depth_error,derived_secondary_ecl_phase,derived_secondary_ecl_phase_error,derived_secondary_ecl_duration,derived_secondary_ecl_duration_error,derived_secondary_ecl_depth,derived_secondary_ecl_depth_error
[from data line 145]
375316653866487564,1837446107983111680,0.5599058,2223.5855665768922,3.6355736053480165,1.1557672E-5,19.350082,0.028061109,0.23147888,0.005260184,0.047601648,0.012525778,0.30767182,0.060012378,0.73064506,0.0035753506,0.046193648,0.00817526,0.22985512,0.057527967,0.109291084,0.031472575,0.23147888,0.005260184,"TWOGAUSSIANS_WITH_ELLIPSOIDAL_ON_ECLIPSE1",9,2.570457,0.23147888,0.005260184,0.26656923,0.070144355,0.5262536,0.024373941,0.73076504,0.0030454532,0.25868443,0.04578146,0.4484317,0.0153341
375316653866487564,1837446107983124992,0.49060285,2214.8627434922914,2.595727086769141,2.676711E-5,18.024626,1.2622882,0.26918858,0.009243286,0.12394608,0.18935747,0.23447435,1.2317394,0.75548816,0.009487604,0.1120772,0.09361948,0.23839939,0.9140664,null,null,null,null,"TWOGAUSSIANS",8,9.442992,0.75548816,0.009487604,0.4,0.0,0.19437529,0.013702916,0.2692186,0.0071999202,0.4,0.0,0.19032608,0.016817817
375316653866487564,1837446211064078976,0.5441548,2217.1179645549682,1.1870489086724223,6.170831E-6,19.739735,0.007090076,0.29602247,0.0010667674,0.046591565,0.0015969361,0.896236,0.04617989,0.8031325,0.0055283234,0.05598309,0.0071193585,0.21872133,0.018463284,null,null,null,null,"TWOGAUSSIANS",8,2.2191074,0.29602247,0.0010667674,0.26091278,0.0089428425,0.896232,0.046181656,0.8031325,0.0055283234,0.3135053,0.039868407,0.2187173,0.018467605
375316653866487564,1837446249723972352,0.54186213,2196.8996001563632,0.40164342985523865,6.50862E-6,18.67732,0.0036629308,0.20227607,0.0030444034,0.030086432,0.016538652,0.022206305,0.0037570035,0.77365094,1.0253498E-5,0.01119054,8.20177E-5,1.0732974,0.0070551666,null,null,null,null,"TWOGAUSSIANS",8,3.19372,0.77365094,1.0253498E-5,0.06266703,4.5929913E-4,1.0732974,0.0070551666,0.20227607,0.0030444034,0.16848402,0.09261645,0.022206305,0.0037570035
375316653866487564,1837446868205228416,0.4783972,2204.8843372616457,1.8538052185797014,1.2407791E-5,19.355446,0.005465426,0.23468252,0.0028348833,0.07258337,0.00678415,0.2484835,0.0185455,0.7247639,0.02345591,0.054263674,0.015996136,0.102051415,0.021599872,null,null,null,null,"TWOGAUSSIANS",8,1.8683692,0.23468252,0.0028348833,0.4,0.0072255614,0.2483797,0.018629957,0.7247639,0.02345591,0.30387658,0.08957836,0.10194764,0.021568144
375316653866487564,1837447070055565184,0.55116946,2227.33763367173,3.946601589376211,8.478066E-6,19.683443,0.0088962065,0.25007915,0.0014652107,0.06154513,0.0031049172,0.5653927,0.021517536,0.75047314,0.0041752313,0.07100872,0.0045750206,0.6406237,0.061907854,null,null,null,null,"TWOGAUSSIANS",8,1.7799381,0.75047314,0.0041752313,0.3976488,0.015399668,0.63965356,0.062281244,0.25007915,0.0014652107,0.3446527,0.017387535,0.56442255,0.021671172
375316653866487564,1837447417956193792,0.5400099,2224.9060150183236,2.919860570403819,8.490395E-6,19.860254,0.0075952574,0.28285307,0.0027740775,0.07956044,0.004319986,0.45844552,0.01700564,0.78529817,0.0020980574,0.07045731,0.0036906062,0.45358938,0.021176679,null,null,null,null,"TWOGAUSSIANS",8,0.93286204,0.28285307,0.0027740775,0.4,0.0,0.45510724,0.01753806,0.78529817,0.0020980574,0.39456096,0.019964568,0.4502511,0.02171052
375316653866487564,1837447482372566784,0.5078954,2204.331182106324,1.355501573103076,3.106787E-5,19.687548,0.009418036,0.19932005,0.0051323725,0.08211908,0.0062805153,0.22259891,0.020455536,0.70321834,0.003968541,0.065855496,0.005514289,0.44657457,0.010505682,null,null,null,null,"TWOGAUSSIANS",8,1.935108,0.70321834,0.003968541,0.36879078,0.030880015,0.4447622,0.010311732,0.19932005,0.0051323725,0.4,0.0,0.22078657,0.020618448
375316653866487564,1837448581884406912,0.5697828,2229.008001129551,2.817940137677846,6.774117E-6,19.329195,0.010273422,0.26648057,0.0032491789,0.07151232,0.0040645157,0.6022821,0.013262469,0.77044636,0.0024035254,0.06551404,0.0049820063,0.54631734,0.027259791,null,null,null,null,"TWOGAUSSIANS",8,2.4387887,0.26648057,0.0032491789,0.4,0.019260874,0.6009551,0.013014565,0.77044636,0.0024035254,0.36687863,0.027899235,0.54499036,0.027757855
375316653866487564,1837448719323419776,0.4749867,2229.8749080490093,2.908852877632054,2.2966842E-5,19.114763,0.007597423,0.23502262,0.008124889,0.04648311,0.0059973584,0.25289106,0.026850423,0.74584234,0.008445785,0.05539854,0.008130658,0.19125889,0.033776958,null,null,null,null,"TWOGAUSSIANS",8,4.1133146,0.23502262,0.008124889,0.26030543,0.033585206,0.25288957,0.026850443,0.74584234,0.008445785,0.31023183,0.045531686,0.19125739,0.033777516
375316653866487564,1837449269079233280,0.5551277,2237.284422553527,2.664629016363545,1.1374745E-5,17.286097,0.016662138,0.21868674,0.0025428005,0.0966764,0.006720987,0.26095954,0.015568352,0.7144173,0.0036014016,0.09583569,0.007322586,0.29793456,0.016729817,null,null,null,null,"TWOGAUSSIANS",8,10.352235,0.7144173,0.0036014016,0.4,0.0,0.27989808,0.011404152,0.21868674,0.0025428005,0.4,0.0,0.24292298,0.007147741
375316653866487564,1837449440877977600,0.46252856,2214.1437449286695,2.987710883414886,2.0472133E-5,19.081163,0.0101136295,0.30705348,0.00870045,0.07831829,0.011085686,0.18080659,0.04399551,0.7839526,0.012829648,0.07514448,0.0118256975,0.15822397,0.027250657,null,null,null,null,"TWOGAUSSIANS",8,4.6191835,0.30705348,0.00870045,0.4,0.00568105,0.17979097,0.0443034,0.7839526,0.012829648,0.4,0.0045971605,0.15720837,0.026611913
375316653866487564,1837450888294936960,0.47056016,2231.783619481669,2.718467072962564,3.4454053E-5,18.65012,0.06250342,0.2645203,0.024059825,0.038733218,0.01894341,0.8202066,0.7822967,0.7643504,0.0087849675,0.051765542,0.012912249,0.55926174,0.1413563,0.07968209,0.08726839,0.2645203,0.024059825,"TWOGAUSSIANS_WITH_ELLIPSOIDAL_ON_ECLIPSE1",9,49.23489,0.2645203,0.024059825,0.21690601,0.1060831,0.97956586,0.7880647,0.7643604,0.00848228,0.28988704,0.07230859,0.71862084,0.065256275
375316653866487564,1837450987066520320,0.56198126,2225.4057614721755,2.2989758546243637,7.902471E-6,19.194523,0.011023835,0.22446603,0.0055182683,0.06667784,0.007734358,0.47867262,0.023329463,0.7258882,0.0022063632,0.077304,0.0031324185,0.58086765,0.018502424,null,null,null,null,"TWOGAUSSIANS",8,2.9860337,0.7258882,0.0022063632,0.4,0.0,0.5784047,0.018270427,0.22446603,0.0055182683,0.3733959,0.043312404,0.47620967,0.024199111
375316653866487564,1837452636333071872,0.47930068,2208.73675937485,3.2062658220730866,1.3271363E-5,18.794706,0.34901223,0.21143684,0.0052456404,0.17023349,0.09972959,0.24631403,0.33944538,0.70951444,0.0067978697,0.14252666,0.052933063,0.2955961,0.30101445,null,null,null,null,"TWOGAUSSIANS",8,2.9513147,0.70951444,0.0067978697,0.4,0.0,0.15651864,0.009829135,0.21160685,0.0052078157,0.4,0.0,0.1018965,0.011249119
375316653866487564,1837452743722083200,0.60466176,2223.8104035059814,3.36933315352586,7.3976626E-6,17.496136,0.014271136,0.2335143,0.0014374312,0.056947045,0.0036469495,0.33799988,0.028638704,0.7303753,0.003856831,0.05736475,0.0062487707,0.37187207,0.02740865,0.08129082,0.0153487595,0.2335143,0.0014374312,"TWOGAUSSIANS_WITH_ELLIPSOIDAL_ON_ECLIPSE1",9,11.605398,0.73069525,0.0034090427,0.3212426,0.034993116,0.5343514,0.020487279,0.2335143,0.0014374312,0.31890345,0.020422917,0.500536,0.012395675
375316653866487564,1837453186089105408,0.47576517,2195.505968565596,1.0305266404650317,2.965078E-5,19.72476,0.004471561,0.13420416,0.001212908,0.020313496,0.0021830148,0.088632435,0.0045101405,0.6497136,0.0020119783,0.039320324,0.0036701886,0.5178021,0.056134064,null,null,null,null,"TWOGAUSSIANS",8,1.5572472,0.6497136,0.0020119783,0.22019382,0.020553056,0.5178021,0.056134064,0.13420416,0.001212908,0.11375558,0.012224882,0.088632435,0.0045101405
375316653866487564,1837454015024300672,0.496899,2194.3125195760936,1.06491143969117,1.24348535E-5,19.86811,0.0054004746,0.36722758,0.008117198,0.02848942,0.015463426,0.21400608,0.115535125,0.8638225,9.052258E-4,0.016914247,0.0010073379,0.8744423,0.105778165,null,null,null,null,"TWOGAUSSIANS",8,2.4404762,0.8638225,9.052258E-4,0.09471978,0.0056410925,0.8744423,0.105778165,0.36722758,0.008117198,0.15954076,0.086595185,0.21400608,0.115535125
375316653866487564,1837454354320159360,0.54035205,2208.020264484572,3.4230387673763705,1.5960428E-5,19.516344,0.023901403,0.20289916,0.002915044,0.04651378,0.008364982,0.346482,0.05260529,0.6993398,0.006593206,0.047823675,0.0055933557,0.37768993,0.06467793,0.09065328,0.037772357,0.20289916,0.002915044,"TWOGAUSSIANS_WITH_ELLIPSOIDAL_ON_ECLIPSE1",9,4.082198,0.6996198,0.0061602243,0.26781258,0.031322792,0.5589125,0.020560265,0.20289916,0.002915044,0.26047716,0.046843898,0.52778804,0.030324051
375316653866487564,1837454667859490432,0.43533307,2191.672434687618,1.2218320652112213,3.9665676E-5,19.513388,0.14069934,0.27652073,0.01303031,0.124215506,0.0434322,0.2439093,0.13718632,0.759838,0.014849689,0.11811808,0.051020026,0.19705556,0.13818194,null,null,null,null,"TWOGAUSSIANS",8,4.2495623,0.27659073,0.0129169235,0.4,0.0,0.19873819,0.020473003,0.759838,0.014849689,0.4,0.0,0.15199351,0.013461438
375316653866487564,1837455007155467008,0.48269323,2198.764082724414,2.204001489920264,1.8061482E-5,18.076347,0.11472776,0.24562727,0.007951162,0.12962933,0.029950013,0.25913203,0.11515384,0.75795066,0.004669936,0.13333802,0.030728703,0.26752353,0.11168339,null,null,null,null,"TWOGAUSSIANS",8,4.993848,0.75816065,0.0044683646,0.4,0.0,0.18890327,0.011696824,0.24533728,0.00776577,0.4,0.0,0.18068776,0.014040646
375316653866487564,1837455286341239424,0.47057378,2210.3257444507326,0.32746818327740956,1.0551845E-4,19.543814,0.015388286,0.40540087,0.010431185,0.028133651,0.0036137253,1.2605519,0.42682296,0.7253828,0.016096473,0.016744826,0.017288247,0.7465929,3361892.0,null,null,null,null,"TWOGAUSSIANS",8,17.193684,0.40540087,0.010431185,0.15754844,0.020236863,1.2605519,0.42682296,0.7253828,0.016096473,0.093771026,0.096814185,0.7465929,3361892.0
375316653866487564,1837455870456838656,0.54537666,2197.761072425463,1.3688073999169206,1.41210485E-5,17.020853,0.004700921,0.20078634,0.0064690197,0.04108332,0.008765789,0.055823464,0.011448571,0.70874894,0.007659849,0.055737752,0.006377266,0.17474294,0.016315404,0.017224636,0.0055563156,0.20078634,0.0064690197,"TWOGAUSSIANS_WITH_ELLIPSOIDAL_ON_ECLIPSE1",9,5.1945767,0.70874894,0.007659849,0.3121314,0.03571269,0.2091021,0.015872754,0.20078634,0.0064690197,0.23006661,0.04908842,0.09026879,0.004466138
375316653866487564,1837455904816572160,0.5875726,2194.152283532154,0.4424127820736706,1.0861417E-6,14.967559,0.0014501752,0.8349507,5.2901896E-7,0.0036333653,2.1448084E-5,18.52915,0.65508235,null,null,null,null,null,null,0.0043160045,0.0026609984,0.8349507,5.2901896E-7,"ONEGAUSSIAN_WITH_ELLIPSOIDAL",6,74.51803,0.8349507,5.2901896E-7,0.020346846,1.2010927E-4,18.537783,0.66003156,null,null,null,null,null,null
375316653866487564,1837457932041131008,0.6144621,2197.940409050715,0.1228031210955232,8.142695E-6,17.288023,0.0021515968,0.22879077,0.0014057969,0.018025978,0.0010797711,0.396364,0.008856503,0.7336067,0.012984109,0.025739245,0.00977212,0.044530954,0.014249267,0.05491084,0.0033405798,0.22879077,0.0014057969,"TWOGAUSSIANS_WITH_ELLIPSOIDAL_ON_ECLIPSE1",9,4.4737983,0.22879077,0.0014057969,0.10094547,0.0060467185,0.50618553,0.007310307,0.7336067,0.012972249,0.14413978,0.054723874,0.15425195,0.0127840405
375316653866487564,1837458069480077056,0.6391341,2194.294812412516,1.8878163096484033,3.5261328E-6,17.194593,0.005436132,0.25927654,0.0014640206,0.048399672,0.0038419515,0.12574199,0.0127308555,0.7575486,0.0013390975,0.06117423,0.0025270944,0.23558903,0.011551906,0.084953755,0.0069370605,0.25927654,0.0014640206,"TWOGAUSSIANS_WITH_ELLIPSOIDAL_ON_ECLIPSE1",9,3.4553585,0.7578486,0.0010061036,0.34257567,0.014151729,0.405429,0.006100291,0.25927654,0.0014640206,0.27103814,0.021514928,0.2955985,0.0057673412
375316653866487564,1837458138199564160,0.6098867,2216.025635137201,0.2708040942978907,7.645056E-6,17.866173,0.001288042,0.32620862,0.00786669,0.015779143,0.0048300936,0.39008215,0.5262931,0.82679313,5.2354316E-4,0.013667396,7.7887654E-4,0.49751773,0.027353855,null,null,null,null,"TWOGAUSSIANS",8,2.2215807,0.82679313,5.2354316E-4,0.07653742,0.0043617086,0.49751773,0.027353855,0.32620862,0.00786669,0.0883632,0.027048524,0.39008215,0.5262931
375316653866487564,1837458271330791936,0.52717227,2199.241959046196,2.1932670032264943,1.0782479E-5,19.07964,0.01685195,0.19997405,0.008686366,0.086709775,0.016105566,0.17734338,0.014692475,0.6811762,0.0028740766,0.10020819,0.006359235,0.33390078,0.019156154,null,null,null,null,"TWOGAUSSIANS",8,2.2585826,0.6811762,0.0028740766,0.4,0.0,0.32339823,0.015767533,0.19998404,0.008706968,0.4,0.0,0.16684458,0.00899494
375316653866487564,1837458752368592256,0.452962,2157.7592210791695,1.173635781123653,1.26275745E-5,18.262901,0.006695613,0.23977818,0.006600336,0.011806006,0.008972885,0.6338497,0.3437978,0.7446699,0.01099909,0.019568387,0.020619964,0.11682637,3.6616018,null,null,null,null,"TWOGAUSSIANS",8,12.522373,0.23977818,0.006600336,0.06611363,0.050248154,0.6338497,0.3437978,0.7446699,0.01099909,0.10958297,0.1154718,0.11682637,3.6616018
375316653866487564,1837458958525623296,0.44929975,2206.085769897787,0.15757607893935968,2.1809034E-5,18.989075,0.0039824485,0.050376434,0.0017854646,0.010460471,0.0017632259,0.21323617,0.03694259,0.535538,0.049517065,0.030647974,0.029933324,0.06425635,0.06311465,null,null,null,null,"TWOGAUSSIANS",8,2.9911904,0.050376434,0.0017854646,0.05857864,0.0098740645,0.21323617,0.03694259,0.535538,0.049517065,0.17162865,0.16762662,0.06425635,0.06311465
375316653866487564,1837459886238278400,0.60049945,2228.6286635679994,2.127297372370727,5.9413746E-6,18.30284,0.005860654,0.20255119,0.0016172568,0.079254985,0.002148372,0.37993306,0.0071797585,0.7035959,0.0028850897,0.078211606,0.003874963,0.32889366,0.010628505,null,null,null,null,"TWOGAUSSIANS",8,1.860935,0.20255119,0.0016172568,0.4,0.0,0.37545604,0.0065038814,0.7035959,0.0028850897,0.4,0.0,0.32441664,0.011030105
375316653866487564,1837460027985369472,0.6060972,2216.772863970854,1.1328233604647033,5.0115473E-6,17.885927,0.0038195003,0.2434054,0.002488412,0.044269748,0.004531144,0.10209059,0.013620691,0.7441202,0.0012654676,0.051211502,0.0018707172,0.3278896,0.010534411,0.042461056,0.005815405,0.2434054,0.002488412,"TWOGAUSSIANS_WITH_ELLIPSOIDAL_ON_ECLIPSE1",9,3.1185029,0.7441202,0.0012633275,0.2867844,0.010476016,0.41280788,0.0078049195,0.2434054,0.002488412,0.24791059,0.025374407,0.1870106,0.012160155
375316653866487564,1837460058037073152,0.6556155,2223.059262052499,1.1590228756738024,3.9250012E-6,17.811834,0.004278014,0.30415133,8.7379944E-4,0.035596445,8.823048E-4,0.97483057,0.018533181,0.8057674,0.0023276522,0.036017284,0.0033763233,0.09793601,0.011669486,0.016877623,0.0065551545,0.30415133,8.7379944E-4,"TWOGAUSSIANS_WITH_ELLIPSOIDAL_ON_ECLIPSE1",9,3.7735143,0.30415133,8.7379944E-4,0.19934009,0.004940907,1.0085858,0.017867696,0.8057674,0.0023276522,0.20169678,0.018907411,0.13168778,0.0056174262
375316653866487564,1837460440302225152,0.49073434,2223.2360736435844,2.3344753701245957,1.4497721E-5,18.087196,0.0093672145,0.2895892,0.0025276162,0.046092242,0.0031511337,0.39282653,0.021737432,0.80072916,0.018814733,0.050268702,0.022763195,0.13551663,0.013626318,null,null,null,null,"TWOGAUSSIANS",8,30.694908,0.2895892,0.0025276162,0.25811657,0.017646348,0.3928262,0.021735968,0.80072916,0.018814733,0.28150475,0.12429443,0.13551627,0.013652472
375316653866487564,1837461917765338496,0.52632445,2224.7081553314856,2.9780142537498753,1.04889305E-5,18.96715,0.007759152,0.22782983,0.0053299335,0.07143856,0.0053510494,0.44034037,0.028397987,0.7276953,0.0032115532,0.068119556,0.0047177873,0.39365542,0.021016048,null,null,null,null,"TWOGAUSSIANS",8,5.9906006,0.22782983,0.0053299335,0.4,0.016245615,0.43898478,0.0285245,0.7276953,0.0032115532,0.3814695,0.02641961,0.39229983,0.021199433
