Gaia/vari_eclipsing_binary/VariEclipsingBinary_524428-525308.csv
# %ECSV 1.0
# ---
# delimiter: ','
# meta: !!omap
# - RELEASE: Gaia DR3
# - TABLE: vari_eclipsing_binary
# - DESCRIPTION: >
#     This table describes the properties of the eclipsing binaries resulting from the variability analysis. 
# - CITATION: >
#     How to cite and acknowledge Gaia: 
#     https://gea.esac.esa.int/archive/documentation/credits.html 
# - KNOWN_ISSUES: >
#     Known issues: 
#     https://www.cosmos.esa.int/web/gaia-users/known-issues 
# - DOCUMENTATION: >
#     Tutorials and documentation: 
#     https://www.cosmos.esa.int/web/gaia-users/archive 
# datatype:
# - 
#   name: solution_id
#   datatype: int64
#   description: Solution Identifier
#   meta:
#     ucd: meta.version
# - 
#   name: source_id
#   datatype: int64
#   description: Unique source identifier
#   meta:
#     ucd: meta.id;meta.main
# - 
#   name: global_ranking
#   datatype: float32
#   description: Number between 0 (worst) and 1 (best)
#   meta:
#     ucd: stat.param
# - 
#   name: reference_time
#   datatype: float64
#   unit: d
#   description: Reference time used for the geometric model fit
#   meta:
#     ucd: time.epoch
# - 
#   name: frequency
#   datatype: float64
#   unit: d**-1
#   description: Frequency of geometric model of the eclipsing binary light curve
#   meta:
#     ucd: src.orbital
# - 
#   name: frequency_error
#   datatype: float32
#   unit: d**-1
#   description: "Uncertainty of \\texttt{frequency}"
#   meta:
#     ucd: stat.error
# - 
#   name: geom_model_reference_level
#   datatype: float32
#   unit: mag
#   description: Magnitude reference level of geometric model
#   meta:
#     ucd: phot.mag;em.opt
# - 
#   name: geom_model_reference_level_error
#   datatype: float32
#   unit: mag
#   description: "Uncertainty of \\texttt{geomModelReferenceLevel}"
#   meta:
#     ucd: stat.error;phot.mag;em.opt
# - 
#   name: geom_model_gaussian1_phase
#   datatype: float32
#   description: Phase of the Gaussian 1 component
#   meta:
#     ucd: time.phase
# - 
#   name: geom_model_gaussian1_phase_error
#   datatype: float32
#   description: "Uncertainty of \\texttt{geomModelGaussian1Phase}"
#   meta:
#     ucd: stat.error;time.phase
# - 
#   name: geom_model_gaussian1_sigma
#   datatype: float32
#   description: "Standard deviation [phase] of Gaussian 1 component"
#   meta:
#     ucd: stat.stdev
# - 
#   name: geom_model_gaussian1_sigma_error
#   datatype: float32
#   description: "Uncertainty of \\texttt{geomModelGaussian1Sigma}"
#   meta:
#     ucd: stat.error
# - 
#   name: geom_model_gaussian1_depth
#   datatype: float32
#   unit: mag
#   description: Magnitude depth of Gaussian 1 component
#   meta:
#     ucd: src.var.amplitude
# - 
#   name: geom_model_gaussian1_depth_error
#   datatype: float32
#   unit: mag
#   description: "Uncertainty of \\texttt{geomModelGaussian1Depth}"
#   meta:
#     ucd: stat.error;src.var.amplitude
# - 
#   name: geom_model_gaussian2_phase
#   datatype: float32
#   description: Phase of Gaussian 2 component
#   meta:
#     ucd: time.phase
# - 
#   name: geom_model_gaussian2_phase_error
#   datatype: float32
#   description: "Uncertainty of \\texttt{geomModelGaussian2Phase}"
#   meta:
#     ucd: stat.error;time.phase
# - 
#   name: geom_model_gaussian2_sigma
#   datatype: float32
[...]
#   datatype: float32
#   description: "Secondary eclipse: uncertainty of \\texttt{derivedSecondaryEclDuration}"
#   meta:
#     ucd: stat.error;time.duration
# - 
#   name: derived_secondary_ecl_depth
#   datatype: float32
#   unit: mag
#   description: "Secondary eclipse: depth"
#   meta:
#     ucd: src.var.amplitude
# - 
#   name: derived_secondary_ecl_depth_error
#   datatype: float32
#   unit: mag
#   description: "Secondary eclipse: uncertainty of \\texttt{derivedSecondaryEclDepth}"
#   meta:
#     ucd: stat.error;src.var.amplitude
solution_id,source_id,global_ranking,reference_time,frequency,frequency_error,geom_model_reference_level,geom_model_reference_level_error,geom_model_gaussian1_phase,geom_model_gaussian1_phase_error,geom_model_gaussian1_sigma,geom_model_gaussian1_sigma_error,geom_model_gaussian1_depth,geom_model_gaussian1_depth_error,geom_model_gaussian2_phase,geom_model_gaussian2_phase_error,geom_model_gaussian2_sigma,geom_model_gaussian2_sigma_error,geom_model_gaussian2_depth,geom_model_gaussian2_depth_error,geom_model_cosine_half_period_amplitude,geom_model_cosine_half_period_amplitude_error,geom_model_cosine_half_period_phase,geom_model_cosine_half_period_phase_error,model_type,num_model_parameters,reduced_chi2,derived_primary_ecl_phase,derived_primary_ecl_phase_error,derived_primary_ecl_duration,derived_primary_ecl_duration_error,derived_primary_ecl_depth,derived_primary_ecl_depth_error,derived_secondary_ecl_phase,derived_secondary_ecl_phase_error,derived_secondary_ecl_duration,derived_secondary_ecl_duration_error,derived_secondary_ecl_depth,derived_secondary_ecl_depth_error
[from data line 321]
375316653866487564,4619188196719025664,0.5177002,2157.7908359344788,0.47274168272140693,5.4450906E-5,14.508049,0.0039399113,0.21899094,0.0076996484,0.038216103,0.032093167,0.39484647,0.334406,0.53377503,0.012447231,0.013770101,0.0078336205,0.26165155,2.092053,null,null,null,null,"TWOGAUSSIANS",8,186.55505,0.21899094,0.0076996484,0.21401018,0.17972174,0.39484647,0.334406,0.53377503,0.012447231,0.07711256,0.043868277,0.26165155,2.092053
375316653866487564,4619190803762834048,0.49963698,2213.9527676516454,0.5012970638051067,3.0355342E-5,19.782082,0.009813317,0.25370574,0.008741886,0.037805654,0.007823666,0.5514266,0.22712573,0.76478803,0.08444959,0.08511329,0.052725665,0.083492085,0.06445018,null,null,null,null,"TWOGAUSSIANS",8,1.4613072,0.25370574,0.008741886,0.21171167,0.04381253,0.55138,0.22716153,0.76478803,0.08444959,0.4,0.1708023,0.08344549,0.06449876
375316653866487564,4619192560404360448,0.45840704,2180.8167553757876,1.0103117037392872,2.0408455E-5,19.781977,0.018403469,0.25590718,0.09636333,0.07188888,0.043363106,0.112952806,0.0213841,0.7000316,0.004340673,0.032152776,0.0033701174,0.5054204,0.021920245,null,null,null,null,"TWOGAUSSIANS",8,4.431999,0.7000316,0.004340673,0.18005554,0.018872658,0.5054202,0.021920204,0.25590718,0.09636333,0.4,0.23084113,0.112952605,0.021384152
375316653866487564,4619196683574521088,0.5085257,2200.643929521461,1.1147324608824487,1.17254085E-5,12.627379,0.0051011746,0.25038347,0.010068315,0.06010841,0.0068266345,0.08425955,0.011279525,0.7424025,0.0047930987,0.040375464,0.016992902,0.054046314,0.0077745947,0.004901073,0.0062918547,0.25038347,0.010068315,"TWOGAUSSIANS_WITH_ELLIPSOIDAL_ON_ECLIPSE1",9,35.020916,0.25038347,0.010068315,0.33660707,0.038229156,0.09404755,0.0058692996,0.7425825,0.004590995,0.22610259,0.09516026,0.063810244,0.016093783
375316653866487564,4619212484757975936,0.46781304,2193.1696197238034,4.679263641373134,4.6976365E-6,19.445896,0.004309725,0.39843297,9.5266884E-4,0.021409651,4.847686E-4,0.4862058,0.0094756065,0.57570547,0.023961093,0.038730524,0.018709445,0.1093418,0.124820925,null,null,null,null,"TWOGAUSSIANS",8,2.031698,0.39843297,9.5266884E-4,0.11989404,0.0027147043,0.48620886,0.009491544,0.57570547,0.023961093,0.21689093,0.10477289,0.1093418,0.124820925
375316653866487564,4619222930118286080,0.4662508,2209.2436854134453,1.4494302900569713,7.423531E-5,19.705957,0.0073294775,0.28482088,0.043150645,0.09225858,0.04091012,0.07723253,0.040398713,0.79606926,0.014056876,0.021597298,0.007031961,0.5747578,2.5256553,null,null,null,null,"TWOGAUSSIANS",8,2.0108376,0.79606926,0.014056876,0.12094487,0.039378982,0.57475054,2.525659,0.28482088,0.043150645,0.4,0.09201175,0.07722516,0.040406633
375316653866487564,4619222964477546624,0.5551095,2221.514730159171,3.1501706466583292,8.869959E-6,18.568295,0.013523946,0.20135944,0.003161233,0.07150994,0.0064855698,0.3005244,0.015323888,0.69784194,0.009049316,0.07693137,0.009522013,0.48732024,0.04680938,null,null,null,null,"TWOGAUSSIANS",8,4.1156197,0.69784194,0.009049316,0.4,0.0,0.4848762,0.04757098,0.20135944,0.003161233,0.4,0.019586576,0.29808035,0.01496435
375316653866487564,4619252689946230016,0.47159746,2234.1776240434892,2.501935302848807,1.7144458E-6,18.358736,0.0041657467,0.38709825,0.0052095223,0.01927226,0.0016725064,0.6392082,0.13588285,0.6860234,0.025036046,0.022271188,0.011964197,0.013587442,0.019370666,null,null,null,null,"TWOGAUSSIANS",8,6.83027,0.38709825,0.0052095223,0.107924655,0.009366036,0.6392082,0.13588285,0.6860234,0.025036046,0.12471866,0.0669995,0.013587442,0.019370666
375316653866487564,4619310242509566720,0.6089092,2200.12194756055,0.35705820151875944,1.0422714E-4,14.449463,5.6090043E-4,0.14833254,0.022563068,0.02785551,0.014035158,0.21743126,1.4804531,0.54744095,0.011029261,0.035983015,0.012802047,0.008176361,0.0013008711,null,null,null,null,"TWOGAUSSIANS",8,8.138499,0.14833254,0.022563068,0.15599085,0.07859688,0.21743126,1.4804531,0.54744095,0.011029261,0.20150487,0.07169146,0.008176361,0.0013008711
375316653866487564,4619337249263812096,0.5268018,2197.412109705382,3.8443063519728518,1.7013179E-5,16.535841,0.4274058,0.29264617,0.0056794216,0.14736632,0.06512217,0.3243406,0.41656604,0.81406164,0.008272704,0.12247985,0.04366168,0.30354074,0.3656956,null,null,null,null,"TWOGAUSSIANS",8,18.332233,0.29241616,0.0048990394,0.4,0.0,0.22767368,0.02867585,0.8151916,0.004089561,0.4,0.0,0.2089865,0.02216548
375316653866487564,4619344808406221312,0.48372746,2240.0666713050323,1.3010098669095442,1.9522608E-5,19.005114,0.060736265,0.2628883,0.0060446067,0.10458268,0.01677327,0.50088745,0.060494184,0.7676248,0.011022328,0.08993312,0.02084767,0.62384915,0.101090476,null,null,null,null,"TWOGAUSSIANS",8,8.228327,0.7676248,0.011023246,0.4,0.0,0.58581877,0.1368695,0.2628883,0.0060446067,0.4,0.0,0.46284616,0.06136573
375316653866487564,4619345216427152000,0.5405022,2191.327505504621,0.574755591883183,4.0152274E-5,18.701288,0.0046131695,0.320871,0.003748527,0.043829042,0.0033201377,0.40847173,0.030335214,0.7989891,0.08445774,0.08546416,0.036511254,0.02980153,0.017454637,null,null,null,null,"TWOGAUSSIANS",8,2.0342567,0.320871,0.003748527,0.24544263,0.018592771,0.40843475,0.030352456,0.7989891,0.08445774,0.4,0.10571821,0.029764557,0.017441664
375316653866487564,4619362503671679104,0.5714725,2194.290677774959,0.9809770241282051,1.4270226E-5,16.390854,0.0025553429,0.29361805,0.005658325,0.023880064,0.020633295,0.112714395,3.10330869E17,0.7866034,0.008134723,0.025391838,0.0038697668,0.2674987,0.019363614,0.023971584,0.0053265016,0.29361805,0.005658325,"TWOGAUSSIANS_WITH_ELLIPSOIDAL_ON_ECLIPSE1",9,16.245308,0.7866634,0.008066337,0.14219429,0.021670694,0.3153496,0.019429665,0.29361805,0.005658325,0.13372836,0.11554646,0.16065755,3.10330869E17
375316653866487564,4619367687696032128,0.5449125,2207.2493200987074,1.3248529707600267,1.5278916E-5,16.984842,0.0035080346,0.25514662,0.006868347,0.042205825,0.012688734,0.06512821,0.01666719,0.748754,0.0060678367,0.034756772,0.0061888117,0.21730323,0.025029168,0.019322643,0.0077992864,0.25514662,0.006868347,"TWOGAUSSIANS_WITH_ELLIPSOIDAL_ON_ECLIPSE1",9,9.848324,0.748864,0.005966767,0.19463794,0.034657344,0.2558872,0.025366755,0.25514662,0.006868347,0.23635262,0.07105691,0.10377346,0.016609808
375316653866487564,4619385284177975808,0.48043388,2199.85064071467,0.4293010150567518,1.27670555E-5,15.653661,0.0012253346,0.6914989,0.0028360833,0.022353388,0.003698936,0.072329715,0.0062836357,null,null,null,null,null,null,0.012752972,0.0018492072,0.6914989,0.0028360833,"ONEGAUSSIAN_WITH_ELLIPSOIDAL",6,12.764144,0.6914989,0.0028360833,0.12517898,0.02071404,0.09783565,0.0069251903,null,null,null,null,null,null
375316653866487564,4619389991462111232,0.56493783,2177.2781612289446,0.1612760716070685,8.728894E-6,15.788278,0.0038246163,0.41206336,0.0077863415,0.013776726,0.0065500895,0.20324442,0.1781343,0.9132327,0.004277268,0.014553911,0.0024517572,0.8698591,0.077708244,null,null,null,null,"TWOGAUSSIANS",8,156.01709,0.9132327,0.004277268,0.0815019,0.0137298405,0.8698591,0.077708244,0.41206336,0.0077863415,0.07714967,0.0366805,0.20324442,0.1781343
375316653866487564,4619406892158018688,0.5283772,2210.196769725634,3.3525212638779323,1.5664165E-5,17.264547,0.051988855,0.29035908,0.0056482605,0.12823309,0.020368015,0.22391604,0.05133659,0.76292324,0.0046633547,0.11766994,0.01592609,0.27075526,0.04906963,null,null,null,null,"TWOGAUSSIANS",8,6.5435467,0.76292324,0.0046633547,0.4,0.0,0.22207068,0.010152013,0.29053906,0.0054898206,0.4,0.0,0.17502934,0.012791869
375316653866487564,4619411191420696960,0.5204422,2183.0951111785566,0.14953453794721064,1.5412446E-5,15.293298,0.0010443706,0.2370989,0.003628916,0.057810146,0.04140471,0.0047918553,0.8766771,null,null,null,null,null,null,0.036768883,0.0011070209,0.2370989,0.003628916,"ONEGAUSSIAN_WITH_ELLIPSOIDAL",6,13.388451,0.2370989,0.003628916,0.32373682,0.23186637,0.078329176,0.8767232,null,null,null,null,null,null
375316653866487564,4619414004623834368,0.4453448,2160.275776639632,2.3438267547114724,2.2130067E-5,18.716347,0.11566663,0.23685892,0.0051864577,0.03427034,0.006917765,0.34233972,0.030953119,0.73389995,0.11896127,0.06308497,0.2175728,0.08750616,0.09866379,null,null,null,null,"TWOGAUSSIANS",8,15.02177,0.23685892,0.004393238,0.1919139,0.038739484,0.3423393,0.03889078,0.73389995,0.11896127,0.35327584,0.1217392,0.087505735,0.04341746
375316653866487564,4619419089865071744,0.53657454,2207.314580093286,3.4214986541519794,1.3443838E-5,12.438041,0.02165352,0.25318867,0.0042788177,0.08890893,0.010351528,0.4048065,0.020528054,0.7652131,0.006135206,0.08744091,0.008104724,0.37340474,0.023535568,null,null,null,null,"TWOGAUSSIANS",8,1147.3323,0.25318867,0.0042788177,0.4,0.0,0.39331764,0.022328967,0.7652131,0.006135206,0.4,0.0,0.36191595,0.01762222
375316653866487564,4619423659710403584,0.4232365,2140.782666881897,3.210883120139135,5.106429E-5,17.21529,1.2052121,0.25964898,0.06254841,0.21638197,0.21647765,0.44611177,1.1495334,0.73327094,0.037709344,0.15789236,0.15816887,0.3927726,0.8350602,null,null,null,null,"TWOGAUSSIANS",8,39.50621,0.73327094,0.037709344,0.4,0.0,0.14544895,0.031286735,0.266479,0.037721723,0.4,0.0,0.14106898,0.02954831
375316653866487564,4619427409217884160,0.5851168,2203.048902208579,2.706313090554046,2.2365863E-5,13.127318,0.04062274,0.18259999,0.01166482,0.04255192,0.012567829,0.30122736,0.09936054,0.67243594,0.0039585163,0.055338282,0.007668333,0.7062761,0.08528607,0.08246336,0.05905912,0.67243594,0.0039585163,"TWOGAUSSIANS_WITH_ELLIPSOIDAL_ON_ECLIPSE2",9,1676.6921,0.67243594,0.0039585163,0.30989438,0.042942666,0.8711767,0.045117915,0.18186,0.01131328,0.23829074,0.070379846,0.46550483,0.031815037
375316653866487564,4619461459718410240,0.6105827,2193.4333040157135,0.7914878844572432,7.909276E-6,16.106543,0.0027403953,0.28010225,0.0052771554,0.030256629,0.008704377,0.12515771,0.037324633,0.78230804,0.0023167091,0.031160913,0.001529351,0.33851665,0.01055901,0.024393238,0.003529883,0.28010225,0.0052771554,"TWOGAUSSIANS_WITH_ELLIPSOIDAL_ON_ECLIPSE1",9,10.978294,0.78230804,0.0023167091,0.17450112,0.008564366,0.38729376,0.007872305,0.28010225,0.0052771554,0.16943713,0.048744515,0.17394419,0.03867525
375316653866487564,4619463658740205696,0.5601635,2226.6400712940626,1.3603642043615176,2.031014E-5,16.069128,0.006307613,0.16230124,0.0043444815,0.020303922,0.0040747304,0.6468217,0.011739806,0.6640018,0.009967453,0.025169788,0.0059021474,0.25749508,0.027397186,null,null,null,null,"TWOGAUSSIANS",8,113.54837,0.16230124,0.0043444815,0.11370196,0.02281849,0.6468217,0.011739806,0.6640018,0.009967453,0.14095081,0.033052024,0.25749508,0.027397186
375316653866487564,4619464685236900096,0.6393522,2247.1876567086297,3.899355489366931,3.5953901E-6,18.105225,0.008386233,0.2053862,0.0010212376,0.05044645,0.0026800476,0.3139723,0.017471395,0.7060733,0.0028936942,0.05328785,0.005651205,0.30830538,0.03750343,0.099208854,0.010931712,0.2053862,0.0010212376,"TWOGAUSSIANS_WITH_ELLIPSOIDAL_ON_ECLIPSE1",9,2.0286872,0.2053862,0.0010212376,0.28250012,0.015008266,0.5123837,0.008342583,0.7060733,0.0028655617,0.29841197,0.031646747,0.5067131,0.037532154
375316653866487564,4619473107669765376,0.4251561,2261.4263611118395,0.023459070290951095,1.8841249E-5,17.483583,0.024905885,0.41242987,0.029584322,0.12528008,0.051767215,0.16243424,0.024239114,0.86478966,0.005344817,0.04752113,0.007714818,0.17482717,0.033900358,null,null,null,null,"TWOGAUSSIANS",8,44.81017,0.86478966,0.005344817,0.26611835,0.04320298,0.17313184,0.030829972,0.41242987,0.029584322,0.4,0.0,0.16048774,0.022862481
375316653866487564,4619477295260966144,0.42992502,2267.4367075491527,0.3847952158090988,9.7195014E-5,17.583319,0.020116271,0.21929072,0.016499639,0.10760973,0.035609394,0.063373126,0.02028176,0.79934037,0.014453708,0.0660676,0.02004401,0.10561439,0.021971676,null,null,null,null,"TWOGAUSSIANS",8,5.361614,0.7993904,0.014271075,0.36997858,0.06868141,0.105086274,0.020340148,0.21929072,0.016499639,0.4,0.0,0.06281371,0.017068043
375316653866487564,4619477299557828352,0.42991012,2199.697198238512,0.07199019288885104,4.446949E-5,19.232561,0.008710187,0.17605123,0.012288672,0.06114366,0.011186535,0.18086906,0.03255261,0.8510261,0.011207492,0.05850728,0.0055663777,0.14446622,0.02502926,null,null,null,null,"TWOGAUSSIANS",8,4.6278696,0.17605123,0.012288672,0.34240448,0.06264459,0.18086906,0.03255269,0.8510261,0.011207492,0.32764077,0.031171715,0.14446631,0.025029356
375316653866487564,4619492310466840192,0.6770411,2181.397533497552,2.046001956891029,2.0855334E-6,12.064451,0.004933093,0.24706039,0.0030813168,0.0675024,0.021033311,0.02273099,0.009880069,0.74190694,9.257127E-4,0.056036692,0.0022672308,0.2293729,0.008064689,0.04248552,0.0052299886,0.24706039,0.0030813168,"TWOGAUSSIANS_WITH_ELLIPSOIDAL_ON_ECLIPSE1",9,22.413816,0.742337,7.049127E-4,0.31380546,0.0126964925,0.3142313,0.0054533677,0.24706039,0.0030813168,0.37801346,0.099329844,0.107670955,0.0018855497
375316653866487564,4619511448841278208,0.5162449,2183.4734129416024,4.519073157052965,1.418566E-5,19.520128,0.013105488,0.2847105,0.005199085,0.07797155,0.008402928,0.2847744,0.015293321,0.78968847,0.0027824831,0.07349386,0.014559364,0.34736395,0.06979384,null,null,null,null,"TWOGAUSSIANS",8,1.646954,0.78968847,0.0027824831,0.4,0.0,0.34494728,0.073963255,0.2847105,0.005199085,0.4,0.0,0.28235772,0.013829756
375316653866487564,4619588075353933824,0.55149084,2216.434789566843,3.9613292609939226,9.8678365E-6,18.92333,0.019569138,0.3059405,0.0022197852,0.09962641,0.007271417,0.3282699,0.016964637,0.8137427,0.0043617478,0.09593173,0.0070736036,0.3332802,0.020805102,null,null,null,null,"TWOGAUSSIANS",8,1.4167608,0.8137427,0.0043617478,0.4,0.0,0.31057274,0.015623231,0.3059405,0.0022197852,0.4,0.0,0.30556095,0.013377042
375316653866487564,4619598898671511680,0.49788007,2209.9093427291687,1.874273112354241,1.463678E-5,14.092877,0.014820314,0.28256533,0.0034860263,0.12611182,0.019357823,0.07758272,0.013953026,0.77462626,0.014514681,0.103224024,0.024275593,0.07936522,0.013135415,null,null,null,null,"TWOGAUSSIANS",8,25.527182,0.77462626,0.014524023,0.4,0.0,0.066024154,0.0048259157,0.28256533,0.0034848813,0.4,0.0,0.06418136,0.0033681307
375316653866487564,4619606904490504448,0.5540382,2194.778801930203,4.1280264838368925,8.498095E-6,16.448313,0.24584119,0.27880195,0.0049938476,0.1345747,0.052737515,0.37968442,0.22656001,0.75903606,0.005246174,0.13971463,0.060875032,0.36220676,0.22440077,null,null,null,null,"TWOGAUSSIANS",8,15.502626,0.27953196,0.0037350014,0.4,0.0,0.25798705,0.017148929,0.75903606,0.005246174,0.4,0.0,0.24003197,0.012861962
375316653866487564,4619614768574694784,0.5021602,2159.8002160810083,3.406147103341045,1.9358778E-5,18.76391,0.03160327,0.29602787,0.0043749474,0.10373092,0.013690872,0.21232735,0.030035973,0.7821612,0.006778638,0.1009195,0.016839476,0.22906154,0.030008992,null,null,null,null,"TWOGAUSSIANS",8,2.6043131,0.7821612,0.006778638,0.4,0.0,0.21022753,0.017248519,0.29602787,0.0043734843,0.4,0.0,0.19349138,0.0143679865
375316653866487564,4619629032161967104,0.575307,2155.5026295223224,1.1705918209619177,1.4392321E-4,13.87564,0.0011941171,0.84724045,0.023460802,0.0129449945,0.0115396865,1.3401117,1.0645137,null,null,null,null,null,null,0.0015965211,0.0019800211,0.84724045,0.023460802,"ONEGAUSSIAN_WITH_ELLIPSOIDAL",6,62.711723,0.84724045,0.023460802,0.072491966,0.064622246,1.3433048,1.0633638,null,null,null,null,null,null
