Gaia/vari_eclipsing_binary/VariEclipsingBinary_690242-690295.csv
# %ECSV 1.0
# ---
# delimiter: ','
# meta: !!omap
# - RELEASE: Gaia DR3
# - TABLE: vari_eclipsing_binary
# - DESCRIPTION: >
#     This table describes the properties of the eclipsing binaries resulting from the variability analysis. 
# - CITATION: >
#     How to cite and acknowledge Gaia: 
#     https://gea.esac.esa.int/archive/documentation/credits.html 
# - KNOWN_ISSUES: >
#     Known issues: 
#     https://www.cosmos.esa.int/web/gaia-users/known-issues 
# - DOCUMENTATION: >
#     Tutorials and documentation: 
#     https://www.cosmos.esa.int/web/gaia-users/archive 
# datatype:
# - 
#   name: solution_id
#   datatype: int64
#   description: Solution Identifier
#   meta:
#     ucd: meta.version
# - 
#   name: source_id
#   datatype: int64
#   description: Unique source identifier
#   meta:
#     ucd: meta.id;meta.main
# - 
#   name: global_ranking
#   datatype: float32
#   description: Number between 0 (worst) and 1 (best)
#   meta:
#     ucd: stat.param
# - 
#   name: reference_time
#   datatype: float64
#   unit: d
#   description: Reference time used for the geometric model fit
#   meta:
#     ucd: time.epoch
# - 
#   name: frequency
#   datatype: float64
#   unit: d**-1
#   description: Frequency of geometric model of the eclipsing binary light curve
#   meta:
#     ucd: src.orbital
# - 
#   name: frequency_error
#   datatype: float32
#   unit: d**-1
#   description: "Uncertainty of \\texttt{frequency}"
#   meta:
#     ucd: stat.error
# - 
#   name: geom_model_reference_level
#   datatype: float32
#   unit: mag
#   description: Magnitude reference level of geometric model
#   meta:
#     ucd: phot.mag;em.opt
# - 
#   name: geom_model_reference_level_error
#   datatype: float32
#   unit: mag
#   description: "Uncertainty of \\texttt{geomModelReferenceLevel}"
#   meta:
#     ucd: stat.error;phot.mag;em.opt
# - 
#   name: geom_model_gaussian1_phase
#   datatype: float32
#   description: Phase of the Gaussian 1 component
#   meta:
#     ucd: time.phase
# - 
#   name: geom_model_gaussian1_phase_error
#   datatype: float32
#   description: "Uncertainty of \\texttt{geomModelGaussian1Phase}"
#   meta:
#     ucd: stat.error;time.phase
# - 
#   name: geom_model_gaussian1_sigma
#   datatype: float32
#   description: "Standard deviation [phase] of Gaussian 1 component"
#   meta:
#     ucd: stat.stdev
# - 
#   name: geom_model_gaussian1_sigma_error
#   datatype: float32
#   description: "Uncertainty of \\texttt{geomModelGaussian1Sigma}"
#   meta:
#     ucd: stat.error
# - 
#   name: geom_model_gaussian1_depth
#   datatype: float32
#   unit: mag
#   description: Magnitude depth of Gaussian 1 component
#   meta:
#     ucd: src.var.amplitude
# - 
#   name: geom_model_gaussian1_depth_error
#   datatype: float32
#   unit: mag
#   description: "Uncertainty of \\texttt{geomModelGaussian1Depth}"
#   meta:
#     ucd: stat.error;src.var.amplitude
# - 
#   name: geom_model_gaussian2_phase
#   datatype: float32
#   description: Phase of Gaussian 2 component
#   meta:
#     ucd: time.phase
# - 
#   name: geom_model_gaussian2_phase_error
#   datatype: float32
#   description: "Uncertainty of \\texttt{geomModelGaussian2Phase}"
#   meta:
#     ucd: stat.error;time.phase
# - 
#   name: geom_model_gaussian2_sigma
#   datatype: float32
[...]
#   datatype: float32
#   description: "Secondary eclipse: uncertainty of \\texttt{derivedSecondaryEclDuration}"
#   meta:
#     ucd: stat.error;time.duration
# - 
#   name: derived_secondary_ecl_depth
#   datatype: float32
#   unit: mag
#   description: "Secondary eclipse: depth"
#   meta:
#     ucd: src.var.amplitude
# - 
#   name: derived_secondary_ecl_depth_error
#   datatype: float32
#   unit: mag
#   description: "Secondary eclipse: uncertainty of \\texttt{derivedSecondaryEclDepth}"
#   meta:
#     ucd: stat.error;src.var.amplitude
solution_id,source_id,global_ranking,reference_time,frequency,frequency_error,geom_model_reference_level,geom_model_reference_level_error,geom_model_gaussian1_phase,geom_model_gaussian1_phase_error,geom_model_gaussian1_sigma,geom_model_gaussian1_sigma_error,geom_model_gaussian1_depth,geom_model_gaussian1_depth_error,geom_model_gaussian2_phase,geom_model_gaussian2_phase_error,geom_model_gaussian2_sigma,geom_model_gaussian2_sigma_error,geom_model_gaussian2_depth,geom_model_gaussian2_depth_error,geom_model_cosine_half_period_amplitude,geom_model_cosine_half_period_amplitude_error,geom_model_cosine_half_period_phase,geom_model_cosine_half_period_phase_error,model_type,num_model_parameters,reduced_chi2,derived_primary_ecl_phase,derived_primary_ecl_phase_error,derived_primary_ecl_duration,derived_primary_ecl_duration_error,derived_primary_ecl_depth,derived_primary_ecl_depth_error,derived_secondary_ecl_phase,derived_secondary_ecl_phase_error,derived_secondary_ecl_duration,derived_secondary_ecl_duration_error,derived_secondary_ecl_depth,derived_secondary_ecl_depth_error
[from data line 328]
375316653866487564,6071611579199064320,0.5620033,2261.5176594420254,2.5230304792301075,9.60593E-6,18.316795,0.006774504,0.27232143,0.0033198958,0.041559525,0.011936361,0.11045226,0.033931747,0.7832266,0.009541591,0.04371648,0.0076756515,0.13652353,0.018337347,0.12812114,0.009678986,0.27232143,0.0033198958,"TWOGAUSSIANS_WITH_ELLIPSOIDAL_ON_ECLIPSE1",9,5.363012,0.7832266,0.009541591,0.2448123,0.042983647,0.39156422,0.012964834,0.27232143,0.0033198958,0.23273334,0.06684362,0.3666941,0.03586975
375316653866487564,6071612339423427200,0.57172054,2241.7019795424876,0.14805445849881166,2.2974376E-5,18.327599,0.0021827114,0.56103003,0.0040212586,0.013257474,0.0017418393,0.84668154,0.13312554,null,null,null,null,null,null,null,null,null,null,"ONEGAUSSIAN",5,2.320633,0.56103003,0.0040212586,0.074241854,0.0097543,0.84668154,0.0,null,null,null,null,null,null
375316653866487564,6071612511228279040,0.5770447,2215.4743526870707,3.379644431051799,6.1707105E-6,17.126429,0.0065238858,0.27703354,0.0019794558,0.090343595,0.003812007,0.26192752,0.0065412023,0.7783096,0.0019475026,0.093688466,0.003263699,0.29829347,0.008200179,null,null,null,null,"TWOGAUSSIANS",8,5.0112443,0.7783096,0.0019475026,0.4,0.0,0.2845935,0.0075135087,0.27703354,0.0019794558,0.4,0.0,0.24822782,0.0055022202
375316653866487564,6071613640783415936,0.49016502,2218.1658001799337,0.8126533796910106,4.577265E-5,18.928865,0.0026359935,0.17324643,0.0562734,0.030295808,0.030612195,0.046431717,1.3538266,0.6698417,0.009214606,0.018350828,0.00974371,0.82556194,0.66363144,null,null,null,null,"TWOGAUSSIANS",8,2.499099,0.6698417,0.009214606,0.10276464,0.054564778,0.82556194,0.66363144,0.17324643,0.0562734,0.16965653,0.1714283,0.046431717,1.3538266
375316653866487564,6071614126129836288,0.45119038,2250.064203977157,0.09835037675540131,6.2382285E-5,17.55581,0.012568773,0.12322562,0.011915654,0.04306335,0.02019693,0.032852806,0.012262247,0.7462231,0.017746985,0.11235261,0.03302546,0.13432395,0.023516828,null,null,null,null,"TWOGAUSSIANS",8,2.8636243,0.7462231,0.017746985,0.4,0.0,0.13426985,0.024623374,0.12239562,0.011432184,0.24115475,0.11310281,0.033286847,0.013093999
375316653866487564,6071614602856194816,0.4941948,2198.6834621598614,1.0212733289091844,1.3305225E-5,17.033648,0.0029911208,0.17370534,0.029654494,0.027477052,0.028799009,0.0304536,0.24217963,0.67372745,0.0023500524,0.027779995,0.0027196195,0.24127516,0.019646266,null,null,null,null,"TWOGAUSSIANS",8,23.637716,0.67372745,0.0023500524,0.15556797,0.01522987,0.24127516,0.019646266,0.17370534,0.029654494,0.15387149,0.16127445,0.0304536,0.24217963
375316653866487564,6071615633660942848,0.50058556,2246.108607732546,1.2576949287780113,2.0429588E-5,18.080921,0.009066438,0.27846324,0.0075944355,0.09580428,0.012194087,0.11611214,0.00941554,0.7837414,0.0031821942,0.09181928,0.008524814,0.10995522,0.008918332,null,null,null,null,"TWOGAUSSIANS",8,2.0554857,0.27846324,0.0075944355,0.4,0.0,0.110095255,0.0061497116,0.7837414,0.0031821942,0.4,0.0,0.10393854,0.0054096617
375316653866487564,6071616531311551872,0.5846701,2245.7454917954788,0.5209505264667623,1.2248846E-5,18.487947,0.0074560125,0.31015635,4.5393073E-4,0.03675162,7.817923E-4,0.6829091,0.008988425,0.818388,0.0027532238,0.040452845,0.0046324255,0.108733125,0.021671796,null,null,null,null,"TWOGAUSSIANS",8,4.0094447,0.31015635,4.5393073E-4,0.20580907,0.0043780366,0.6829091,0.008988424,0.818388,0.0027532238,0.22653593,0.025941582,0.108733125,0.021671796
375316653866487564,6071617660871141248,0.6078192,2257.419684613815,1.4562692782801026,6.5555196E-6,17.157225,0.0038563337,0.26646152,0.0016379206,0.061221257,0.0053531905,0.09032535,0.007577868,0.7840121,0.0047400068,0.030175872,0.005275639,0.052484516,0.008918797,0.06455063,0.0041412725,0.26646152,0.0016379206,"TWOGAUSSIANS_WITH_ELLIPSOIDAL_ON_ECLIPSE1",9,2.6962183,0.26646152,0.0016379206,0.34283903,0.029977866,0.21940506,0.0041152425,0.7840121,0.0047400068,0.16898488,0.029543577,0.18000068,0.0048096096
375316653866487564,6071618043126116864,0.50850147,2253.0252518261514,3.252422210730838,1.4606734E-5,19.735039,0.015024474,0.23786062,0.006364239,0.07800473,0.006081276,0.40378174,0.02026066,0.7209097,0.0043245014,0.07613078,0.012063643,0.4643835,0.097261146,null,null,null,null,"TWOGAUSSIANS",8,2.1676233,0.7209097,0.0043245014,0.4,0.0,0.46126124,0.10019802,0.23786062,0.006364239,0.4,0.0,0.4006595,0.018458636
375316653866487564,6071619073918342016,0.53327054,2250.399394299757,2.5894101015892095,1.2421143E-5,18.840378,0.01499125,0.26585937,0.0060949237,0.08262425,0.0082975915,0.41250184,0.018352058,0.7663332,0.0043314956,0.08532555,0.0070202355,0.37861547,0.022311825,null,null,null,null,"TWOGAUSSIANS",8,4.1341968,0.26585937,0.0060949237,0.4,0.0,0.4031863,0.01985725,0.7663332,0.0043314956,0.4,0.0,0.36929992,0.021837782
375316653866487564,6071619825536756608,0.53327286,2230.865065562191,2.681631703759199,9.298138E-6,16.864616,0.052707564,0.23727886,0.0029773386,0.112393685,0.013554843,0.3899921,0.04626569,0.734838,0.002661194,0.11914847,0.012964029,0.36241558,0.049926486,null,null,null,null,"TWOGAUSSIANS",8,27.683788,0.23728886,0.0029818125,0.4,0.0,0.31885576,0.018993974,0.734838,0.002661194,0.4,0.0,0.29120964,0.009920632
375316653866487564,6071620998063868416,0.5058345,2226.0002743889995,3.0903037672923883,1.8523313E-5,19.035198,0.01329594,0.24492203,0.0047197877,0.069832884,0.007362183,0.2790209,0.01342155,0.75147086,0.0073417085,0.074388415,0.008983658,0.28256866,0.026344037,null,null,null,null,"TWOGAUSSIANS",8,3.6590037,0.75147086,0.0073417085,0.4,0.02089041,0.28139237,0.026445275,0.24492203,0.0047197877,0.39106414,0.03486096,0.2778446,0.013106297
375316653866487564,6071622544266001280,0.5064648,2238.457989653526,0.32147693773153624,7.1770123E-6,17.030949,0.0013935375,0.26973462,0.0012655202,0.013884448,0.002302432,0.13897486,0.08617724,0.7692299,0.0026327204,0.014993025,0.0026897553,0.15031143,0.016920296,null,null,null,null,"TWOGAUSSIANS",8,4.686414,0.7692299,0.0026327204,0.08396094,0.015062629,0.15031143,0.016920296,0.26973462,0.0012655202,0.07775291,0.01289362,0.13897486,0.08617724
375316653866487564,6071622647345223296,0.56507653,2231.610515024214,2.5050177286493365,6.7662954E-6,16.704103,0.013177191,0.2148621,0.0027340588,0.056573913,0.012274491,0.11298098,0.025946736,0.7022063,0.004889692,0.05548076,0.010891823,0.109768316,0.026241181,0.07566232,0.016285045,0.2148621,0.0027340588,"TWOGAUSSIANS_WITH_ELLIPSOIDAL_ON_ECLIPSE1",9,8.063822,0.2148621,0.0027340588,0.31681392,0.06873715,0.26429752,0.00932345,0.7053763,0.0031228908,0.31069225,0.060994208,0.2603689,0.013740475
375316653866487564,6071622853489682176,0.50357705,2229.4637047921346,2.483506867745573,1.9354158E-5,17.376944,0.015799768,0.24837282,0.005805346,0.09418813,0.015607076,0.14279634,0.012062878,0.74057484,0.005670304,0.10318447,0.013699243,0.12618524,0.015194021,null,null,null,null,"TWOGAUSSIANS",8,4.959367,0.24837282,0.0057978597,0.4,0.0,0.13303897,0.007140021,0.74057484,0.005670304,0.4,0.0,0.11642595,0.007188273
375316653866487564,6071625189966018944,0.436108,2243.606439884742,0.9362854345279745,3.4461777E-5,17.553627,0.011025498,0.33836368,0.008984257,0.009979113,0.009121417,1.3892305,1.3857417E38,0.8697532,0.001435405,0.008121946,0.002205685,0.27050605,0.02836114,0.06091431,0.013972085,0.33836368,0.008984257,"TWOGAUSSIANS_WITH_ELLIPSOIDAL_ON_ECLIPSE1",9,121.56678,0.33836368,0.008984257,0.055883035,0.051079936,1.5110589,1.3857417E38,0.8697532,0.001435405,0.0454829,0.012351835,0.38765666,0.0287975
375316653866487564,6071625258671534464,0.48401645,2210.381391074363,2.717862217980378,1.5338182E-5,19.407524,0.008945453,0.2645057,0.0041317763,0.07731061,0.005416287,0.265785,0.017114287,0.76808786,0.0057702474,0.06651921,0.007243031,0.29422054,0.0305479,null,null,null,null,"TWOGAUSSIANS",8,2.239526,0.76808786,0.0057702474,0.37250754,0.03748145,0.29301128,0.03136615,0.2645057,0.0041317763,0.4,0.0,0.26457575,0.017290572
375316653866487564,6071626628776560512,0.46135318,2208.199335514975,0.49027210066755234,7.3209562E-6,18.547499,0.005355302,0.12516393,0.0019496937,0.023225434,0.002207832,0.15013453,0.014174166,0.632188,0.009971442,0.060792558,0.009515428,0.14864622,0.01055779,null,null,null,null,"TWOGAUSSIANS",8,6.421615,0.12516393,0.0019496937,0.13006243,0.0123638585,0.15013453,0.014174164,0.632188,0.009971442,0.3404383,0.0532864,0.14864622,0.0105577735
375316653866487564,6071626972357487232,0.44523463,2197.280168875907,3.0832696769237673,3.279439E-5,19.476372,0.0051694554,null,null,null,null,null,null,null,null,null,null,null,null,0.08040857,0.0075183567,0.6964945,0.008305598,"ELLIPSOIDAL",4,3.850848,null,null,null,null,null,null,null,null,null,null,null,null
375316653866487564,6071630343915903232,0.5601498,2199.3680500889745,2.365495136874694,1.1414264E-5,19.476463,0.0114732245,0.25338557,0.0045053293,0.07361994,0.0046882387,0.586497,0.033777647,0.75259566,0.0042889696,0.07528013,0.0044840258,0.5480382,0.020350767,null,null,null,null,"TWOGAUSSIANS",8,2.2425456,0.25338557,0.0045053293,0.4,0.0056810477,0.58253324,0.034313623,0.75259566,0.0042889696,0.4,0.0,0.5440744,0.019882971
375316653866487564,6071631168561858176,0.58051443,2181.108043296662,1.9331615015266617,6.3028115E-6,17.661785,0.0073903585,0.24448761,0.0018043114,0.086095095,0.0034175252,0.30159646,0.0098898215,0.7452886,0.0037849671,0.113891646,0.007910572,0.15166432,0.0076218946,null,null,null,null,"TWOGAUSSIANS",8,2.859179,0.24448761,0.0018043114,0.4,0.0,0.28442362,0.009839665,0.7452886,0.0037849671,0.4,0.0,0.13447168,0.0067405826
375316653866487564,6071631202909096448,0.47857845,2169.1826218490287,1.3565343037960869,2.3914972E-5,19.596203,0.024661424,0.25821614,0.0027309095,0.051793244,0.0055559212,0.47133374,0.024571871,0.75523156,0.007907098,0.06543591,0.010668986,0.4097605,0.035670634,null,null,null,null,"TWOGAUSSIANS",8,5.158596,0.25821614,0.0027309095,0.29004216,0.03111316,0.47124672,0.024537439,0.75523156,0.007907098,0.3664411,0.05974632,0.40967348,0.035711665
375316653866487564,6071631336044329984,0.53954464,2185.450384513189,2.8056991845134527,9.120261E-6,19.69684,0.006951694,0.29438883,0.0029980633,0.06739869,0.004082706,0.484758,0.03711018,0.7917207,0.0039970977,0.065569,0.004093466,0.56056386,0.05931723,null,null,null,null,"TWOGAUSSIANS",8,1.8536073,0.7917207,0.0039970977,0.3671864,0.022923408,0.5597431,0.05953713,0.29438883,0.0029980633,0.37743267,0.022863153,0.48393723,0.037330184
375316653866487564,6071631993195607168,0.4925659,2178.795111998489,3.13923966623706,1.6325585E-5,15.918123,0.47861707,0.21941292,0.0031092092,0.1389156,0.03203823,0.40330637,0.22935611,0.714156,0.004467526,0.24033289,0.11809557,0.50057125,0.47352532,null,null,null,null,"TWOGAUSSIANS",8,22.644922,0.22185291,0.0026843946,0.4,0.0,0.15101314,0.008279113,0.714156,0.004467526,0.4,0.0,0.13458818,0.0083057145
375316653866487564,6071634638895666688,0.5121594,2219.1680428940795,2.478364560556287,9.713103E-6,18.254993,0.017154992,0.16176692,0.0034893788,0.10243216,0.014719308,0.14171334,0.014659219,0.658202,0.003470883,0.096706904,0.012269579,0.15147182,0.015554847,null,null,null,null,"TWOGAUSSIANS",8,2.260765,0.658202,0.003470883,0.4,0.0,0.13951628,0.010503581,0.16176692,0.0034893788,0.4,0.0,0.12975636,0.007003473
375316653866487564,6071634776334653824,0.5485501,2174.6789178155796,1.785823248028762,8.028045E-6,19.039751,0.010512568,0.2283132,0.0057417005,0.079771794,0.0064046565,0.224603,0.014945823,0.7203927,0.0036976286,0.08899059,0.0068675033,0.4635331,0.016601041,null,null,null,null,"TWOGAUSSIANS",8,2.722492,0.7203927,0.0036976286,0.4,0.0,0.45648265,0.018061126,0.2283132,0.0057417005,0.4,0.0,0.21755269,0.014012554
375316653866487564,6071635807126769664,0.54508036,2205.8706256114133,2.869780185211378,8.000862E-6,13.937005,0.014620027,0.21157138,0.0033663684,0.10362212,0.008126913,0.20590232,0.013715318,0.70526004,0.002850689,0.103436455,0.0078061842,0.22669105,0.013058149,null,null,null,null,"TWOGAUSSIANS",8,192.36313,0.70526004,0.002850689,0.4,0.0,0.2049639,0.0058922465,0.21157138,0.0033665164,0.4,0.0,0.18417537,0.007313075
375316653866487564,6071635837172159360,0.52479565,2215.939822853083,2.6604801366879984,1.1804663E-5,18.731592,0.020740505,0.26559776,0.0032544683,0.0902422,0.0072102426,0.373378,0.021758573,0.77664614,0.0050405944,0.09871936,0.008554227,0.3263472,0.020873992,null,null,null,null,"TWOGAUSSIANS",8,3.421466,0.26559776,0.0032544683,0.4,0.0,0.35545397,0.018232528,0.77664614,0.0050405944,0.4,0.0,0.30842134,0.015014305
375316653866487564,6071638414155036928,0.58480835,2193.5139056833773,2.892359507322852,4.4300878E-6,17.71715,0.0050496296,0.20614326,0.001713617,0.08816022,0.0023527627,0.3246636,0.0054026754,0.7073475,0.001447651,0.087562256,0.002268202,0.2959835,0.0059535285,null,null,null,null,"TWOGAUSSIANS",8,2.9260707,0.20614326,0.001713617,0.4,0.0,0.3140503,0.0040967637,0.7073475,0.001447651,0.4,0.0,0.2853702,0.005048933
375316653866487564,6071638792112028544,0.5255963,2178.0918214734565,3.3437993468185723,9.688161E-6,19.27405,0.0063521485,0.22242248,0.0036850797,0.06531634,0.0055663157,0.3537103,0.045095913,0.73753184,0.0036516679,0.07444085,0.003617235,0.4282409,0.017991543,null,null,null,null,"TWOGAUSSIANS",8,2.5112703,0.73753184,0.0036516679,0.4,0.0,0.42736372,0.018022034,0.22242248,0.0036850797,0.3657715,0.031171368,0.35283312,0.04540554
375316653866487564,6071640407015522048,0.66707456,2203.5201389182453,0.32601150872503637,3.1820123E-6,18.022629,0.0022758427,0.27014923,0.0073774457,0.020835457,0.010347292,0.122913636,1.6208342,0.7696269,3.4775626E-4,0.02064652,4.193256E-4,1.2649442,0.028585937,0.032089613,0.003438271,0.27014923,0.0073774457,"TWOGAUSSIANS_WITH_ELLIPSOIDAL_ON_ECLIPSE1",9,2.1829445,0.7696269,3.4750387E-4,0.115620516,0.0023482232,1.3291227,0.029940844,0.27014923,0.0073774457,0.11667856,0.057944834,0.18709281,1.6212711
375316653866487564,6071641029807119616,0.55573404,2194.7383385053495,0.3514383505526542,2.5727084E-6,15.466632,8.6719624E-4,0.27267775,0.015885212,0.009618665,0.0075333435,0.021103222,0.039906956,0.76546866,5.104542E-4,0.012992262,6.770595E-4,0.10013653,0.0057643005,0.0047058514,0.0013840774,0.27267775,0.015885212,"TWOGAUSSIANS_WITH_ELLIPSOIDAL_ON_ECLIPSE1",9,6.185529,0.7654786,5.0873455E-4,0.07275667,0.0037915334,0.10952896,0.0061436114,0.27267775,0.015885212,0.053864524,0.042186722,0.030514915,0.040111307
375316653866487564,6071642915278650368,0.48251143,2187.7042736087474,0.5412847115581984,1.4113684E-5,11.43495,0.05322731,0.27732718,0.003470836,0.2433068,0.042253908,0.28801182,0.05076096,0.78034955,0.0034412735,0.17430381,0.023102636,0.22639911,0.063869715,null,null,null,null,"TWOGAUSSIANS",8,47.22886,0.7834895,0.0043164855,0.4,0.0,0.04494727,0.0033169775,0.27559718,0.0035286353,0.4,0.0,0.04433072,0.002991024
375316653866487564,6071642919592866688,0.58230895,2169.276844030784,3.314703689590103,6.2976824E-6,14.815609,0.0067148027,0.26068336,0.0018610025,0.03742192,0.008257622,0.101031385,0.014626401,0.75947803,0.002307387,0.04605972,0.00551768,0.16285232,0.026510186,0.11747817,0.011924106,0.26068336,0.0018610025,"TWOGAUSSIANS_WITH_ELLIPSOIDAL_ON_ECLIPSE1",9,122.58169,0.75970805,0.001694739,0.25793445,0.030899009,0.39779744,0.026698906,0.26068336,0.0018610025,0.20956276,0.04624268,0.33598736,0.012064089
