Gaia/vari_eclipsing_binary/VariEclipsingBinary_673654-673684.csv
# %ECSV 1.0
# ---
# delimiter: ','
# meta: !!omap
# - RELEASE: Gaia DR3
# - TABLE: vari_eclipsing_binary
# - DESCRIPTION: >
#     This table describes the properties of the eclipsing binaries resulting from the variability analysis. 
# - CITATION: >
#     How to cite and acknowledge Gaia: 
#     https://gea.esac.esa.int/archive/documentation/credits.html 
# - KNOWN_ISSUES: >
#     Known issues: 
#     https://www.cosmos.esa.int/web/gaia-users/known-issues 
# - DOCUMENTATION: >
#     Tutorials and documentation: 
#     https://www.cosmos.esa.int/web/gaia-users/archive 
# datatype:
# - 
#   name: solution_id
#   datatype: int64
#   description: Solution Identifier
#   meta:
#     ucd: meta.version
# - 
#   name: source_id
#   datatype: int64
#   description: Unique source identifier
#   meta:
#     ucd: meta.id;meta.main
# - 
#   name: global_ranking
#   datatype: float32
#   description: Number between 0 (worst) and 1 (best)
#   meta:
#     ucd: stat.param
# - 
#   name: reference_time
#   datatype: float64
#   unit: d
#   description: Reference time used for the geometric model fit
#   meta:
#     ucd: time.epoch
# - 
#   name: frequency
#   datatype: float64
#   unit: d**-1
#   description: Frequency of geometric model of the eclipsing binary light curve
#   meta:
#     ucd: src.orbital
# - 
#   name: frequency_error
#   datatype: float32
#   unit: d**-1
#   description: "Uncertainty of \\texttt{frequency}"
#   meta:
#     ucd: stat.error
# - 
#   name: geom_model_reference_level
#   datatype: float32
#   unit: mag
#   description: Magnitude reference level of geometric model
#   meta:
#     ucd: phot.mag;em.opt
# - 
#   name: geom_model_reference_level_error
#   datatype: float32
#   unit: mag
#   description: "Uncertainty of \\texttt{geomModelReferenceLevel}"
#   meta:
#     ucd: stat.error;phot.mag;em.opt
# - 
#   name: geom_model_gaussian1_phase
#   datatype: float32
#   description: Phase of the Gaussian 1 component
#   meta:
#     ucd: time.phase
# - 
#   name: geom_model_gaussian1_phase_error
#   datatype: float32
#   description: "Uncertainty of \\texttt{geomModelGaussian1Phase}"
#   meta:
#     ucd: stat.error;time.phase
# - 
#   name: geom_model_gaussian1_sigma
#   datatype: float32
#   description: "Standard deviation [phase] of Gaussian 1 component"
#   meta:
#     ucd: stat.stdev
# - 
#   name: geom_model_gaussian1_sigma_error
#   datatype: float32
#   description: "Uncertainty of \\texttt{geomModelGaussian1Sigma}"
#   meta:
#     ucd: stat.error
# - 
#   name: geom_model_gaussian1_depth
#   datatype: float32
#   unit: mag
#   description: Magnitude depth of Gaussian 1 component
#   meta:
#     ucd: src.var.amplitude
# - 
#   name: geom_model_gaussian1_depth_error
#   datatype: float32
#   unit: mag
#   description: "Uncertainty of \\texttt{geomModelGaussian1Depth}"
#   meta:
#     ucd: stat.error;src.var.amplitude
# - 
#   name: geom_model_gaussian2_phase
#   datatype: float32
#   description: Phase of Gaussian 2 component
#   meta:
#     ucd: time.phase
# - 
#   name: geom_model_gaussian2_phase_error
#   datatype: float32
#   description: "Uncertainty of \\texttt{geomModelGaussian2Phase}"
#   meta:
#     ucd: stat.error;time.phase
# - 
#   name: geom_model_gaussian2_sigma
#   datatype: float32
[...]
#   datatype: float32
#   description: "Secondary eclipse: uncertainty of \\texttt{derivedSecondaryEclDuration}"
#   meta:
#     ucd: stat.error;time.duration
# - 
#   name: derived_secondary_ecl_depth
#   datatype: float32
#   unit: mag
#   description: "Secondary eclipse: depth"
#   meta:
#     ucd: src.var.amplitude
# - 
#   name: derived_secondary_ecl_depth_error
#   datatype: float32
#   unit: mag
#   description: "Secondary eclipse: uncertainty of \\texttt{derivedSecondaryEclDepth}"
#   meta:
#     ucd: stat.error;src.var.amplitude
solution_id,source_id,global_ranking,reference_time,frequency,frequency_error,geom_model_reference_level,geom_model_reference_level_error,geom_model_gaussian1_phase,geom_model_gaussian1_phase_error,geom_model_gaussian1_sigma,geom_model_gaussian1_sigma_error,geom_model_gaussian1_depth,geom_model_gaussian1_depth_error,geom_model_gaussian2_phase,geom_model_gaussian2_phase_error,geom_model_gaussian2_sigma,geom_model_gaussian2_sigma_error,geom_model_gaussian2_depth,geom_model_gaussian2_depth_error,geom_model_cosine_half_period_amplitude,geom_model_cosine_half_period_amplitude_error,geom_model_cosine_half_period_phase,geom_model_cosine_half_period_phase_error,model_type,num_model_parameters,reduced_chi2,derived_primary_ecl_phase,derived_primary_ecl_phase_error,derived_primary_ecl_duration,derived_primary_ecl_duration_error,derived_primary_ecl_depth,derived_primary_ecl_depth_error,derived_secondary_ecl_phase,derived_secondary_ecl_phase_error,derived_secondary_ecl_duration,derived_secondary_ecl_duration_error,derived_secondary_ecl_depth,derived_secondary_ecl_depth_error
[from data line 257]
375316653866487564,5925640969581447936,0.45555583,2335.199822059193,0.34864597624570537,4.9847928E-5,14.696458,0.0051169386,0.10664726,0.004256447,0.019665893,0.0034472325,0.89772236,0.9132991,0.81022984,0.03362568,0.07150161,0.018151155,0.093630694,0.02320074,null,null,null,null,"TWOGAUSSIANS",8,81.59904,0.10664726,0.004256447,0.110129,0.019304503,0.8977397,0.91329885,0.81022984,0.03362568,0.4,0.085283324,0.093630694,0.02320074
375316653866487564,5925642275213375232,0.5660926,2293.1781850734624,3.720100209129545,1.0710255E-5,18.970863,0.009116676,0.19823733,0.0034877295,0.07060313,0.0052453694,0.37820992,0.034662567,0.6939279,0.0014329012,0.0770953,0.002774069,0.3829801,0.010342181,null,null,null,null,"TWOGAUSSIANS",8,2.6397808,0.6939279,0.0014329012,0.4,0.0,0.3807435,0.009922986,0.19823733,0.0034877295,0.39537755,0.021953484,0.3759733,0.035108004
375316653866487564,5925643477833117568,0.5059613,2290.199021593001,2.372451177264911,2.3621034E-5,16.639778,0.12937203,0.2879734,0.009711858,0.13318336,0.06537492,0.13682796,0.12607032,0.7807482,0.005458648,0.113503516,0.03690403,0.17094085,0.10986282,null,null,null,null,"TWOGAUSSIANS",8,13.427528,0.7807482,0.005458648,0.4,0.0,0.13488919,0.012251461,0.28800339,0.009658921,0.4,0.0,0.10055533,0.009495479
375316653866487564,5925643576589243904,0.5592818,2293.6416340228366,0.22367146587183712,1.0550906E-5,16.494333,9.94668E-4,0.5643367,7.5554985E-5,0.009265466,1.651084E-4,0.23151909,0.0017171764,0.8298969,0.013358948,0.045729894,0.010131311,0.01723898,0.00210808,null,null,null,null,"TWOGAUSSIANS",8,3.3187015,0.5643367,7.5554985E-5,0.051886607,9.246071E-4,0.23151909,0.0017171766,0.8298969,0.013358948,0.25608742,0.05673534,0.01723898,0.00210808
375316653866487564,5925643958840969600,0.4898744,2298.362062677184,3.340980891421605,4.463296E-5,19.12902,0.045192443,0.21095978,0.0066802567,0.105378225,0.018861812,0.33853924,0.03760426,0.7385535,0.011363786,0.09192101,0.020500772,0.35582986,0.044375822,null,null,null,null,"TWOGAUSSIANS",8,7.9252315,0.7385635,0.0113488585,0.4,0.0,0.3364967,0.041159973,0.21095978,0.0066797934,0.4,0.0,0.3191909,0.025620133
375316653866487564,5925644920913542400,0.57355213,2267.144031459907,2.4412542386384137,1.6690898E-5,18.181498,0.0050175777,0.20102818,0.0020202715,0.073344976,0.0026630654,0.43649092,0.009560731,0.7024922,0.0032497274,0.08051443,0.003761551,0.33698788,0.00928634,null,null,null,null,"TWOGAUSSIANS",8,4.7868695,0.20102818,0.0020202715,0.4,0.0,0.43273792,0.009643584,0.7024922,0.0032497274,0.4,0.0,0.33323485,0.0093969675
375316653866487564,5925645195820032896,0.6078843,2270.09157156955,0.9144287852289424,6.188551E-6,16.47727,0.002708245,0.23971066,0.0010288579,0.037637204,0.0018126911,0.16288649,0.006650569,0.7362949,0.0046676593,0.0303303,0.0021706836,0.6228927,0.050859176,0.0129968,0.0039727446,0.23971066,0.0010288579,"TWOGAUSSIANS_WITH_ELLIPSOIDAL_ON_ECLIPSE1",9,6.7808537,0.73630494,0.0046578976,0.16984968,0.012155829,0.6488743,0.04912452,0.23971066,0.0010288579,0.21076833,0.01015107,0.18888004,0.005052642
375316653866487564,5925645642468255360,0.60989296,2315.4447810178426,0.14455425768493002,5.366156E-5,13.79551,0.036275912,0.16800374,8.626522E-4,0.015969789,0.0010539234,0.62569606,0.03436922,0.43052852,0.027692553,0.12891449,0.20695332,0.010535297,0.034152318,null,null,null,null,"TWOGAUSSIANS",8,101.24632,0.16801374,8.623449E-4,0.08943082,0.005901971,0.6270095,0.03524882,0.43052852,0.027692553,0.4,0.0,0.010523891,0.006034899
375316653866487564,5925645779935640576,0.53605425,2289.9844643153265,0.6165285435902598,1.1680272E-5,17.724451,0.00932019,0.16357537,0.010103535,0.029135188,0.0051953886,0.111024335,0.04144594,0.6554782,0.0034614815,0.038136594,0.0029364259,0.9241349,0.13447331,null,null,null,null,"TWOGAUSSIANS",8,39.75948,0.6554782,0.0034614815,0.21356493,0.016443985,0.9241349,0.13447331,0.16357537,0.010103535,0.16315705,0.029094176,0.111024335,0.04144594
375316653866487564,5925646948168138368,0.57698035,2309.2029697614366,2.933503478689454,8.456297E-6,18.020275,0.0066823456,0.30091548,0.0020249244,0.0764422,0.0024858268,0.4343386,0.0109551605,0.8056889,0.0016307367,0.08051878,0.0026927295,0.33941633,0.009171321,null,null,null,null,"TWOGAUSSIANS",8,3.544512,0.30091548,0.0020249244,0.4,0.0,0.4299984,0.01080997,0.8056889,0.0016307367,0.4,0.0,0.33507615,0.008952455
375316653866487564,5925647424896672128,0.46741655,2310.799301246649,2.0301886230109045,2.601914E-5,19.954025,0.012111386,null,null,null,null,null,null,null,null,null,null,null,null,0.16105165,0.012796569,0.26390088,0.007049876,"ELLIPSOIDAL",4,4.4549217,null,null,null,null,null,null,null,null,null,null,null,null
375316653866487564,5925647802834684288,0.5486138,2297.5249203154726,2.109663250314792,1.336431E-5,14.75299,0.001920314,0.2969432,0.0029391393,0.031549525,0.014551066,0.020970862,0.010129806,0.7877915,0.0072724326,0.06680348,0.009419828,0.06345125,0.005922094,0.05708358,0.0035311184,0.2969432,0.0029391393,"TWOGAUSSIANS_WITH_ELLIPSOIDAL_ON_ECLIPSE1",9,23.714237,0.79134154,0.004269848,0.37409946,0.048590973,0.17735343,0.004078553,0.2969432,0.0029391393,0.17667733,0.081485964,0.13510394,0.010511794
375316653866487564,5925647875881177216,0.45855471,2291.7466900482736,4.226258711644646,6.5116066E-5,19.784958,0.06871299,0.29860067,0.013001963,0.12583125,0.023771966,0.32471296,0.069677286,0.75094646,0.0106328605,0.11108282,0.02155827,0.26667437,0.066133,null,null,null,null,"TWOGAUSSIANS",8,3.0212355,0.2987207,0.012814168,0.4,0.0,0.28393072,0.028933821,0.75094646,0.0106328605,0.4,0.0,0.22635609,0.021128492
375316653866487564,5925648288198043008,0.6299511,2288.1174949892124,2.4138127830836567,5.2522414E-6,15.603974,0.0034498808,0.27179614,0.0034570848,0.08965967,0.003394018,0.17767565,0.0046994495,0.7631119,0.001314161,0.07105952,0.0013472369,0.5328234,0.008776899,null,null,null,null,"TWOGAUSSIANS",8,23.551273,0.7631119,0.001314161,0.3979333,0.0070294896,0.52908194,0.00874362,0.27179614,0.0034570848,0.4,0.0,0.17393415,0.0043203393
375316653866487564,5925648391277282176,0.48602763,2331.6112361823903,0.03236706650690033,4.246722E-5,16.2203,0.0029906244,0.24601594,0.020649403,0.07871544,0.014955461,0.062795155,0.007137538,0.7053732,0.021299174,0.1080178,0.04681295,0.024709148,0.002794284,null,null,null,null,"TWOGAUSSIANS",8,2.5343666,0.24602595,0.020542441,0.4,0.0,0.06173122,0.007210358,0.7053732,0.021299174,0.4,0.0,0.023642207,0.0043385196
375316653866487564,5925649280303960064,0.50358415,2313.806068855137,3.5134750699573223,1.959954E-5,18.168833,0.013176717,0.12674089,0.0037047274,0.03882344,0.005894654,0.2644311,0.042015355,0.62643087,0.01615357,0.031311475,0.0132702915,0.14320005,0.04615669,0.10934049,0.018287024,0.12674089,0.0037047274,"TWOGAUSSIANS_WITH_ELLIPSOIDAL_ON_ECLIPSE1",9,30.292984,0.12674089,0.0037047274,0.21741126,0.03301006,0.48311192,0.037997,0.62646085,0.016030107,0.17534426,0.07431363,0.36188012,0.040588245
375316653866487564,5925649520840792448,0.5480708,2321.4988202317186,2.821972474030126,1.1290063E-5,18.746988,0.0058330973,0.20898294,0.0031956697,0.040332593,0.006750439,0.11369148,0.023630157,0.7028184,0.0045307823,0.050029546,0.0051149493,0.15161759,0.015232742,0.089078106,0.00931775,0.20898294,0.0031956697,"TWOGAUSSIANS_WITH_ELLIPSOIDAL_ON_ECLIPSE1",9,3.3744106,0.7039784,0.0033571685,0.28016546,0.028643716,0.32955664,0.010534061,0.20898294,0.0031956697,0.22586252,0.037802458,0.29184738,0.021473007
375316653866487564,5925650074878616832,0.53942156,2294.5833369347183,2.501562875344866,9.264226E-6,18.877016,0.00833964,0.28072593,0.003710108,0.07273012,0.005428217,0.2849135,0.01682287,0.78720707,0.0044192267,0.07808154,0.0037947781,0.27640995,0.014587841,null,null,null,null,"TWOGAUSSIANS",8,2.7344434,0.28072593,0.003710108,0.4,0.008264355,0.28292048,0.016988251,0.78720707,0.0044192267,0.4,0.0,0.27441692,0.01441904
375316653866487564,5925650963932786816,0.57635844,2303.5414195548265,3.376961812279772,8.48756E-6,18.790615,0.005791586,0.25980312,0.0022076769,0.0773361,0.0032188864,0.373218,0.01090706,0.7607599,0.0012707743,0.076018885,0.0020696507,0.47204608,0.013878973,null,null,null,null,"TWOGAUSSIANS",8,2.6136754,0.7607599,0.0012707743,0.4,0.0,0.46800908,0.014033007,0.25980312,0.0022076769,0.4,0.0,0.369181,0.011148743
375316653866487564,5925652170848681728,0.53911096,2269.6689458388546,3.0208324295904245,2.168592E-5,17.181458,0.0059837215,0.27737352,0.0036307524,0.029828524,0.009892954,0.16686092,0.15675159,0.7885949,0.009468546,0.042896457,0.008294944,0.11120677,0.01861089,0.11058045,0.009294388,0.27737352,0.0036307524,"TWOGAUSSIANS_WITH_ELLIPSOIDAL_ON_ECLIPSE1",9,21.809664,0.27737352,0.0036307524,0.16703974,0.055400543,0.38802162,0.16111912,0.7885949,0.009468546,0.24022017,0.046451688,0.33126986,0.015705263
375316653866487564,5925653029842063872,0.4558741,2294.003195225669,3.1948165763737575,2.5332816E-5,15.028556,0.23324944,0.29618412,0.00646889,0.18681432,0.043107487,0.5236095,0.19569162,0.79264176,0.0068194615,0.17650868,0.043549094,0.5309721,0.21800551,null,null,null,null,"TWOGAUSSIANS",8,141.50992,0.79264176,0.0068194615,0.4,0.0,0.15681118,0.01596473,0.2976241,0.006428848,0.4,0.0,0.13952792,0.018651668
375316653866487564,5925653442159014912,0.5883085,2276.576801884647,1.9160314237008902,7.3381366E-6,15.934107,0.0073268358,0.2222621,0.0035917973,0.049305305,0.006699021,0.083329,0.019905342,0.7261328,0.001311357,0.04732202,0.0022440294,0.60099506,0.027123086,0.059206076,0.010347991,0.2222621,0.0035917973,"TWOGAUSSIANS_WITH_ELLIPSOIDAL_ON_ECLIPSE1",9,64.01865,0.7261328,0.001311357,0.26500332,0.012566565,0.71933645,0.02874777,0.2222621,0.0035917973,0.2761097,0.037514515,0.20174038,0.010776145
375316653866487564,5925653476493122688,0.5803628,2286.4829259550115,1.8119067520561107,4.1191624E-6,17.770437,0.0024705355,0.20416228,0.0045350394,0.01770885,0.016039593,0.054823365,36.371395,0.748465,0.0010716284,0.056958072,0.0025125626,0.34171346,0.021981398,0.070808135,0.0032784333,0.748465,0.0010716284,"TWOGAUSSIANS_WITH_ELLIPSOIDAL_ON_ECLIPSE2",9,4.3652506,0.748465,0.0010716284,0.3189652,0.014070351,0.48330724,0.021711573,0.20674229,0.005308573,0.09916955,0.089821726,0.18632698,36.369728
375316653866487564,5925653781429474944,0.589725,2279.4009248437906,2.975729251650375,5.3979734E-6,16.190645,0.014649525,0.22671194,9.627182E-4,0.054787893,0.003579619,0.341602,0.034939278,0.7221897,0.0014642407,0.060869545,0.0045143557,0.44853085,0.04156157,0.082612514,0.019649023,0.22671194,9.627182E-4,"TWOGAUSSIANS_WITH_ELLIPSOIDAL_ON_ECLIPSE1",9,34.271706,0.7226297,0.001284501,0.34086946,0.025280392,0.6135542,0.050004188,0.22671194,9.627182E-4,0.3068122,0.020045867,0.5067457,0.018983373
375316653866487564,5925653785730774016,0.4632325,2284.489351959302,2.798774443651618,6.0710496E-5,19.21287,0.019062728,0.16736928,0.012088339,0.09154971,0.018639723,0.11274134,0.0324593,0.67632705,0.007998318,0.087480165,0.013102353,0.2751504,0.018367553,null,null,null,null,"TWOGAUSSIANS",8,5.5539336,0.67632705,0.007998318,0.4,0.0,0.26911515,0.016405484,0.16736928,0.012088339,0.4,0.0,0.10670608,0.030763509
375316653866487564,5925653888835634944,0.5521006,2287.1374940431774,2.897318484603762,2.250699E-5,15.623615,0.027145375,0.24584348,0.0042873975,0.10619931,0.010738865,0.2950432,0.026358085,0.72997844,0.0037982808,0.10948465,0.01084269,0.26934823,0.026245754,null,null,null,null,"TWOGAUSSIANS",8,48.96508,0.24586348,0.0042873197,0.4,0.0,0.26281998,0.009566112,0.72997844,0.0037982808,0.4,0.0,0.23711695,0.0082978085
375316653866487564,5925654060612023680,0.47181672,2300.638948408038,3.598557771748235,4.652205E-5,19.809378,0.10314108,0.2336006,0.010258931,0.12276716,0.02787049,0.32360348,0.099710345,0.7604249,0.01315854,0.12088983,0.051659025,0.17978,0.09487915,null,null,null,null,"TWOGAUSSIANS",8,1.9627519,0.2334906,0.009978499,0.4,0.0,0.27752912,0.013629875,0.76083493,0.012482136,0.4,0.0,0.13383317,0.014678868
375316653866487564,5925654438591559296,0.5022159,2264.3456895088466,2.9058317357825607,1.4649023E-5,16.247108,0.11394391,0.20901221,0.0018599461,0.16610666,0.01304454,1.0638483,0.21334887,0.7022101,0.0026217645,0.26140353,0.02459872,1.4868782,0.10727988,null,null,null,null,"TWOGAUSSIANS",8,18.125856,0.21533221,0.0019916734,0.4,0.0,0.2554835,0.008865664,0.7022101,0.0026217645,0.4,0.0,0.22538267,0.012762646
375316653866487564,5925654502986212224,0.6337704,2262.318115864931,0.5731709545175376,1.0776664E-6,16.0113,0.0050053047,0.23552828,0.0024225463,0.02636613,0.0036588064,0.13778421,0.020823602,0.7341622,1.5923382E-4,0.029398939,3.7637982E-4,2.0230463,0.06685422,0.031626016,0.0072580567,0.23552828,0.0024225463,"TWOGAUSSIANS_WITH_ELLIPSOIDAL_ON_ECLIPSE1",9,38.77077,0.7341622,1.5966808E-4,0.16463405,0.0021077269,2.0862935,0.06692108,0.23552828,0.0024225463,0.14765033,0.020489316,0.20103623,0.025107669
375316653866487564,5925654919627930624,0.46445566,2268.7268692600646,3.1465774065944454,1.1261027E-5,15.163306,0.017766958,0.25475183,0.0026592007,0.054638788,0.0075829756,0.25771788,0.038939852,0.75602365,0.03436149,0.05030886,0.041538026,0.13814098,0.0521672,0.08511672,0.02286107,0.25475183,0.0026592007,"TWOGAUSSIANS_WITH_ELLIPSOIDAL_ON_ECLIPSE1",9,326.3761,0.25475183,0.0026592007,0.30597723,0.042464662,0.4279429,0.016122542,0.75602365,0.03400835,0.28172964,0.23261295,0.30835512,0.053382155
375316653866487564,5925655263224918912,0.58986014,2316.3721132850246,1.5005631764696055,3.5043147E-5,15.1351185,8.8090956E-4,0.90648305,0.006123675,0.0076898723,0.0019693826,1.1988056,0.9036594,null,null,null,null,null,null,null,null,null,null,"ONEGAUSSIAN",5,22.613953,0.90648305,0.006123675,0.043063287,0.011028542,1.1988056,0.0,null,null,null,null,null,null
375316653866487564,5925657118625282304,0.48916546,2280.5792312173494,2.193786260406855,2.0393261E-5,19.037628,0.014516303,0.23234576,0.007018296,0.08468413,0.009963965,0.38527656,0.048033852,0.7202793,0.00563336,0.07981091,0.0056814295,0.43582824,0.035206683,null,null,null,null,"TWOGAUSSIANS",8,9.876591,0.7202793,0.00563336,0.4,0.0,0.4293989,0.035124764,0.23234576,0.007018296,0.4,0.0,0.3788472,0.050241012
375316653866487564,5925659382069507328,0.5973683,2288.939133616434,3.3081401736399942,7.935531E-6,17.025694,0.008928711,0.23950225,0.0018171814,0.10668587,0.004912888,0.23931102,0.008160338,0.7436953,0.0015769313,0.103965975,0.003927576,0.2862044,0.008260591,null,null,null,null,"TWOGAUSSIANS",8,3.7334116,0.7436953,0.0015769313,0.4,0.0,0.2564385,0.0029662964,0.23950225,0.0018171814,0.4,0.0,0.20954238,0.0041016857
375316653866487564,5925659897491284992,0.52798903,2259.1665423690924,3.281466043868583,1.6921564E-5,19.618557,0.01269103,0.26957867,0.007900882,0.07817699,0.0123137375,0.364005,0.018208414,0.7663091,0.0030264563,0.070579514,0.0038194496,0.37740943,0.023161527,null,null,null,null,"TWOGAUSSIANS",8,2.0747266,0.7663091,0.0030264563,0.39524528,0.018366508,0.37499115,0.022353545,0.26957867,0.007900882,0.4,0.0,0.36158672,0.017702322
375316653866487564,5925660485905544192,0.5159949,2278.823855074636,1.6330935619133575,7.810173E-6,16.134926,0.024993422,0.31045932,0.0028971909,0.14114428,0.009171083,0.23893368,0.02609308,0.81201243,0.004275532,0.24506599,0.020903962,0.27292612,0.026282825,null,null,null,null,"TWOGAUSSIANS",8,6.479445,0.3097993,0.0027318904,0.4,0.0,0.09356136,0.0030564154,0.81221247,0.0046227425,0.4,0.0,0.06047888,0.0046494817
375316653866487564,5925660653382249600,0.5457423,2287.854884263504,2.7736022692371254,6.7887568E-6,18.848944,0.008596575,0.29880667,0.0019183661,0.07175456,0.003190281,0.3911271,0.021770915,0.7855611,0.001481055,0.068815514,0.0027447348,0.45975617,0.018668735,null,null,null,null,"TWOGAUSSIANS",8,3.792096,0.7855611,0.001481055,0.38536686,0.015370515,0.4586781,0.018768022,0.29880667,0.0019183661,0.4,0.011055141,0.39004904,0.021850629
