Gaia/vari_eclipsing_binary/VariEclipsingBinary_464312-464390.csv
# %ECSV 1.0
# ---
# delimiter: ','
# meta: !!omap
# - RELEASE: Gaia DR3
# - TABLE: vari_eclipsing_binary
# - DESCRIPTION: >
#     This table describes the properties of the eclipsing binaries resulting from the variability analysis. 
# - CITATION: >
#     How to cite and acknowledge Gaia: 
#     https://gea.esac.esa.int/archive/documentation/credits.html 
# - KNOWN_ISSUES: >
#     Known issues: 
#     https://www.cosmos.esa.int/web/gaia-users/known-issues 
# - DOCUMENTATION: >
#     Tutorials and documentation: 
#     https://www.cosmos.esa.int/web/gaia-users/archive 
# datatype:
# - 
#   name: solution_id
#   datatype: int64
#   description: Solution Identifier
#   meta:
#     ucd: meta.version
# - 
#   name: source_id
#   datatype: int64
#   description: Unique source identifier
#   meta:
#     ucd: meta.id;meta.main
# - 
#   name: global_ranking
#   datatype: float32
#   description: Number between 0 (worst) and 1 (best)
#   meta:
#     ucd: stat.param
# - 
#   name: reference_time
#   datatype: float64
#   unit: d
#   description: Reference time used for the geometric model fit
#   meta:
#     ucd: time.epoch
# - 
#   name: frequency
#   datatype: float64
#   unit: d**-1
#   description: Frequency of geometric model of the eclipsing binary light curve
#   meta:
#     ucd: src.orbital
# - 
#   name: frequency_error
#   datatype: float32
#   unit: d**-1
#   description: "Uncertainty of \\texttt{frequency}"
#   meta:
#     ucd: stat.error
# - 
#   name: geom_model_reference_level
#   datatype: float32
#   unit: mag
#   description: Magnitude reference level of geometric model
#   meta:
#     ucd: phot.mag;em.opt
# - 
#   name: geom_model_reference_level_error
#   datatype: float32
#   unit: mag
#   description: "Uncertainty of \\texttt{geomModelReferenceLevel}"
#   meta:
#     ucd: stat.error;phot.mag;em.opt
# - 
#   name: geom_model_gaussian1_phase
#   datatype: float32
#   description: Phase of the Gaussian 1 component
#   meta:
#     ucd: time.phase
# - 
#   name: geom_model_gaussian1_phase_error
#   datatype: float32
#   description: "Uncertainty of \\texttt{geomModelGaussian1Phase}"
#   meta:
#     ucd: stat.error;time.phase
# - 
#   name: geom_model_gaussian1_sigma
#   datatype: float32
#   description: "Standard deviation [phase] of Gaussian 1 component"
#   meta:
#     ucd: stat.stdev
# - 
#   name: geom_model_gaussian1_sigma_error
#   datatype: float32
#   description: "Uncertainty of \\texttt{geomModelGaussian1Sigma}"
#   meta:
#     ucd: stat.error
# - 
#   name: geom_model_gaussian1_depth
#   datatype: float32
#   unit: mag
#   description: Magnitude depth of Gaussian 1 component
#   meta:
#     ucd: src.var.amplitude
# - 
#   name: geom_model_gaussian1_depth_error
#   datatype: float32
#   unit: mag
#   description: "Uncertainty of \\texttt{geomModelGaussian1Depth}"
#   meta:
#     ucd: stat.error;src.var.amplitude
# - 
#   name: geom_model_gaussian2_phase
#   datatype: float32
#   description: Phase of Gaussian 2 component
#   meta:
#     ucd: time.phase
# - 
#   name: geom_model_gaussian2_phase_error
#   datatype: float32
#   description: "Uncertainty of \\texttt{geomModelGaussian2Phase}"
#   meta:
#     ucd: stat.error;time.phase
# - 
#   name: geom_model_gaussian2_sigma
#   datatype: float32
[...]
#   datatype: float32
#   description: "Secondary eclipse: uncertainty of \\texttt{derivedSecondaryEclDuration}"
#   meta:
#     ucd: stat.error;time.duration
# - 
#   name: derived_secondary_ecl_depth
#   datatype: float32
#   unit: mag
#   description: "Secondary eclipse: depth"
#   meta:
#     ucd: src.var.amplitude
# - 
#   name: derived_secondary_ecl_depth_error
#   datatype: float32
#   unit: mag
#   description: "Secondary eclipse: uncertainty of \\texttt{derivedSecondaryEclDepth}"
#   meta:
#     ucd: stat.error;src.var.amplitude
solution_id,source_id,global_ranking,reference_time,frequency,frequency_error,geom_model_reference_level,geom_model_reference_level_error,geom_model_gaussian1_phase,geom_model_gaussian1_phase_error,geom_model_gaussian1_sigma,geom_model_gaussian1_sigma_error,geom_model_gaussian1_depth,geom_model_gaussian1_depth_error,geom_model_gaussian2_phase,geom_model_gaussian2_phase_error,geom_model_gaussian2_sigma,geom_model_gaussian2_sigma_error,geom_model_gaussian2_depth,geom_model_gaussian2_depth_error,geom_model_cosine_half_period_amplitude,geom_model_cosine_half_period_amplitude_error,geom_model_cosine_half_period_phase,geom_model_cosine_half_period_phase_error,model_type,num_model_parameters,reduced_chi2,derived_primary_ecl_phase,derived_primary_ecl_phase_error,derived_primary_ecl_duration,derived_primary_ecl_duration_error,derived_primary_ecl_depth,derived_primary_ecl_depth_error,derived_secondary_ecl_phase,derived_secondary_ecl_phase_error,derived_secondary_ecl_duration,derived_secondary_ecl_duration_error,derived_secondary_ecl_depth,derived_secondary_ecl_depth_error
[from data line 225]
375316653866487564,4084482768574525824,0.5187956,2240.5242311853553,0.20508454557248376,1.2286167E-5,18.286661,0.0074608847,0.09358787,0.004646682,0.013008316,0.0023979943,0.47224045,0.10244649,0.5827026,0.012064213,0.005517164,0.0074274805,0.20633431,0.17004631,null,null,null,null,"TWOGAUSSIANS",8,8.316649,0.09358787,0.004646682,0.07284657,0.013428768,0.47224045,0.10244649,0.5827026,0.012064213,0.030896116,0.04159389,0.20633431,0.17004631
375316653866487564,4084484731386548736,0.5807494,2231.410170326279,3.0147608636500083,9.337527E-6,17.613073,0.014329211,0.25516427,0.0046620267,0.09308852,0.0059788334,0.35292274,0.0143586565,0.75406665,0.0035715469,0.09271463,0.005951514,0.34116104,0.015144218,null,null,null,null,"TWOGAUSSIANS",8,5.5905104,0.25516427,0.0046620267,0.4,0.0,0.33464244,0.010086427,0.75406665,0.0035715469,0.4,0.0,0.3228808,0.013322712
375316653866487564,4084485242475247488,0.56144404,2227.9864676818047,3.0322479099593647,1.188833E-5,19.183231,0.012635353,0.2556398,0.003438943,0.08051551,0.004972547,0.3392781,0.016780235,0.7597106,0.003485008,0.07301411,0.0037139773,0.3689035,0.02188279,null,null,null,null,"TWOGAUSSIANS",8,1.7906107,0.7597106,0.003485008,0.4,0.0016532898,0.36568657,0.021394935,0.2556398,0.003438943,0.4,0.0,0.33606118,0.016331041
375316653866487564,4084488476598074624,0.6514359,2218.158146042304,1.0948020815787673,2.0327937E-4,17.742373,0.0023406153,0.4836798,7.693687E-4,0.024050243,0.0014195123,0.43574417,0.008067276,0.6925319,0.07987284,0.10471494,0.062355883,0.014133405,0.012397305,null,null,null,null,"TWOGAUSSIANS",8,1.9884318,0.48372978,8.1953645E-4,0.13468136,0.007949269,0.4376787,0.011495371,0.6925319,0.07987284,0.4,0.12144279,0.014133088,0.0124005815
375316653866487564,4084488717103528320,0.43457118,2169.7075545897596,1.2323714230530587,9.209795E-5,19.84315,0.014428369,0.5786753,0.033759702,0.1409916,0.038075108,0.17118336,0.02175896,0.29989606,0.033822168,0.028240012,0.027501954,0.17304482,0.12477758,null,null,null,null,"TWOGAUSSIANS",8,2.6282244,0.3014961,0.034586053,0.15814407,0.15401095,0.19691794,0.14043887,0.5786753,0.033759702,0.4,0.0,0.17054716,0.022112167
375316653866487564,4084489709242526080,0.54199034,2198.6878333023064,2.1952829107049983,3.8568465E-5,19.118883,0.00484996,0.321117,7.8225555E-4,0.03351252,9.459905E-4,1.5484232,0.1176734,0.74453354,0.008018124,0.0208406,0.011818364,0.03774666,0.02214168,null,null,null,null,"TWOGAUSSIANS",8,2.4669244,0.321117,7.8225555E-4,0.18767013,0.0052975467,1.5484232,0.1176734,0.74453354,0.008018124,0.11670736,0.066182844,0.03774666,0.02214168
375316653866487564,4084494249034085760,0.5520078,2215.4886858200034,0.8907602016513118,6.125057E-5,15.610095,0.004842335,0.5121281,0.0036749896,0.04371313,0.003490906,0.583496,0.007123211,0.75221664,0.014203862,0.015989926,0.009105936,0.50662357,46.921833,null,null,null,null,"TWOGAUSSIANS",8,101.45436,0.5121281,0.0036749896,0.24479353,0.019549074,0.583496,0.007123211,0.75221664,0.014203862,0.08954358,0.05099324,0.50662374,46.921833
375316653866487564,4084496001380757760,0.573438,2158.8401586667173,3.0910376120540093,1.2515661E-5,17.283844,0.0060151825,0.30422255,0.0051135793,0.06736615,0.0049473955,0.26373902,0.017144479,0.79334426,0.0037392022,0.07052372,0.0035305738,0.3081699,0.015872775,null,null,null,null,"TWOGAUSSIANS",8,6.7389917,0.79334426,0.0037392022,0.39493284,0.012861347,0.30757296,0.015939683,0.30422255,0.0051135793,0.37725043,0.027705414,0.26314205,0.01721465
375316653866487564,4084497925526212608,0.5477976,2214.8815465851894,3.2647665056894835,2.1093125E-5,15.956178,0.11853126,0.360578,0.0050148675,0.1193085,0.027795037,0.24499263,0.112252735,0.84608036,0.0048647504,0.13034995,0.034731712,0.22482286,0.115794145,null,null,null,null,"TWOGAUSSIANS",8,16.703728,0.360778,0.0047614938,0.4,0.0,0.18938453,0.010889042,0.84608036,0.0048647504,0.4,0.0,0.16898744,0.011688846
375316653866487564,4084502083042382336,0.5030429,2199.8320251481955,0.08554958889904368,1.09885055E-4,17.865623,0.005069923,0.6969229,0.036703672,0.020698363,0.06448791,0.9228159,1.0279771,null,null,null,null,null,null,null,null,null,null,"ONEGAUSSIAN",5,4.1536107,0.6969229,0.036703672,0.11591083,0.2717531,0.9228159,0.0,null,null,null,null,null,null
375316653866487564,4084507610665423488,0.53643095,2177.6322251357187,1.5536679671678668,1.5821974E-5,18.801422,0.0043375795,0.4536847,8.8776497E-4,0.016291983,8.657473E-4,0.34729096,0.027855303,0.8924404,0.0091678845,0.032563075,0.015882835,0.035730157,0.0084630875,null,null,null,null,"TWOGAUSSIANS",8,1.5382674,0.4536847,8.8776497E-4,0.09123511,0.0048481845,0.34729096,0.027855303,0.8924404,0.0091678845,0.18235323,0.08894387,0.035730157,0.0084630875
375316653866487564,4084508229140889472,0.5357644,2176.7400481782975,2.948500783036725,8.229399E-6,19.19232,0.046444863,0.102642804,0.004087527,0.063189305,0.0077893776,0.47964582,0.044071037,0.597828,0.010617066,0.07152802,0.059363592,0.5638756,0.2682942,null,null,null,null,"TWOGAUSSIANS",8,4.198557,0.597828,0.010617066,0.4,0.0137336245,0.56294364,0.29232576,0.102642804,0.0040733796,0.3538601,0.043620512,0.47871387,0.026887521
375316653866487564,4084510088873674496,0.6069523,2228.2236987061747,1.9874780393373968,1.3320975E-5,16.14664,0.013271483,0.35168675,0.002636557,0.09767517,0.0050576967,0.2930346,0.013222102,0.8487748,0.007353249,0.099928305,0.008559341,0.2981124,0.017004203,null,null,null,null,"TWOGAUSSIANS",8,16.450594,0.8487748,0.007353249,0.4,0.0,0.2749308,0.010684381,0.35168675,0.002636557,0.4,0.0,0.26985404,0.006047026
375316653866487564,4084510153285263104,0.47335106,2216.5885834218143,3.2859838370396584,1.8987526E-5,15.986232,0.38177758,0.30241224,0.00810884,0.196778,0.0842349,0.44569588,0.37469128,0.8031289,0.0069716102,0.16339235,0.07040542,0.38581485,0.32653394,null,null,null,null,"TWOGAUSSIANS",8,46.64014,0.30224225,0.007843955,0.4,0.0,0.1361781,0.015690558,0.8035089,0.008001932,0.4,0.0,0.10447729,0.015342261
375316653866487564,4084510879147685248,0.47891352,2208.791458506175,3.4344890156109753,5.417033E-5,17.57678,0.38184994,0.27262115,0.05116113,0.16663572,0.121210486,0.24265005,0.35349095,0.7439231,0.024502182,0.14191268,0.068542294,0.20569855,0.3271279,null,null,null,null,"TWOGAUSSIANS",8,6.895721,0.27435115,0.04924272,0.4,0.0,0.14037645,0.042031802,0.7439231,0.024502182,0.4,0.0,0.10841205,0.013321552
375316653866487564,4084510913507429120,0.5898689,2226.647999740625,2.2270878836436547,6.782441E-6,17.384203,0.008825215,0.26224405,0.0013325097,0.061732467,0.0062026964,0.8301975,0.12733185,0.76029396,0.0025179288,0.06650316,0.0043501183,0.49614397,0.03420703,null,null,null,null,"TWOGAUSSIANS",8,13.973086,0.26224405,0.0013325097,0.3457018,0.0347351,0.8296008,0.1279122,0.76029396,0.0025179288,0.37241772,0.024360664,0.49554726,0.034462187
375316653866487564,4084511669421688576,0.5679688,2169.444972318137,4.969686145665248,6.2228886E-5,16.914377,0.005538331,0.44455406,0.012966872,0.022703601,0.0038431382,0.60709536,0.30936024,0.73819953,0.032278597,0.039223164,0.026153792,0.5921268,0.5159926,null,null,null,null,"TWOGAUSSIANS",8,21.065845,0.44455406,0.012966872,0.12714016,0.021521574,0.60709536,0.3093602,0.73819953,0.032278597,0.21964973,0.14646123,0.5921268,0.5159926
375316653866487564,4084512489756299648,0.54771143,2151.3262685094674,1.3732692754730755,1.2017081E-5,18.888945,0.027923066,0.18180779,0.06936134,0.07631668,0.14575683,0.038843405,0.02395267,0.6455157,0.0014592643,0.026248813,0.0030793997,0.40103063,0.110691264,null,null,null,null,"TWOGAUSSIANS",8,2.634032,0.6455157,0.0014592643,0.14699335,0.017244639,0.40103048,0.110348605,0.18180779,0.06936134,0.4,0.06021682,0.038843267,0.021019652
375316653866487564,4084513520540844544,0.47253495,2141.472551998331,1.9516982543052765,1.2240386E-4,19.24998,0.009312726,0.33854824,0.010471605,0.07341982,0.010870081,0.5044175,0.12033676,0.7386924,0.0010887439,0.053176068,0.023441328,0.5057359,0.20583096,null,null,null,null,"TWOGAUSSIANS",8,2.735103,0.7386924,0.0010887439,0.29778597,0.09677919,0.50572276,0.2060983,0.33854824,0.010471605,0.4,0.016672097,0.5044042,0.12037283
375316653866487564,4084514620052404224,0.50446004,2144.79090914662,3.6076749202393166,3.4959703E-5,19.113075,0.0071824505,0.7066839,0.0078082806,0.0639346,0.03618524,0.0813551,0.08036053,null,null,null,null,null,null,0.10759233,0.009532644,0.7066839,0.0078082806,"ONEGAUSSIAN_WITH_ELLIPSOIDAL",6,4.8032675,0.7066839,0.0078082806,0.35803378,0.19247748,0.29650095,0.07885232,null,null,null,null,null,null
375316653866487564,4084519533496310784,0.5354974,2200.2881738265937,3.340035877582692,8.287827E-5,19.074717,0.010001996,0.44316307,0.016190244,0.07411479,0.00917806,0.31078842,0.013982315,0.84352297,0.06283322,0.026397008,0.041477215,0.04191686,0.029521087,null,null,null,null,"TWOGAUSSIANS",8,0.70874125,0.44316307,0.016190244,0.4,0.009738031,0.3107884,0.013982368,0.84352297,0.06283322,0.14782324,0.2322724,0.041916993,0.029524947
375316653866487564,4084519881390449536,0.51157486,2172.8268767622435,1.9011567720438836,4.1886047E-5,18.279928,0.013842854,0.28923404,0.03039386,0.07141531,0.020179013,0.41030154,0.023588985,0.7569779,0.024218861,0.07600532,0.010007519,0.19210067,0.04056853,null,null,null,null,"TWOGAUSSIANS",8,9.932373,0.28923404,0.03039386,0.39992574,0.033675652,0.40948793,0.023406038,0.7569779,0.024218861,0.4,0.0,0.19128707,0.039836768
375316653866487564,4084523622305301760,0.53900176,2192.487355006691,4.001760971980947,1.8436564E-5,18.387177,0.015772766,0.29781863,0.0037099773,0.06792022,0.008078829,0.23352608,0.018769443,0.7838728,0.0049421424,0.0859388,0.0067235488,0.28176752,0.01852172,null,null,null,null,"TWOGAUSSIANS",8,4.0253773,0.7838728,0.0049421424,0.4,0.0,0.27982214,0.017214634,0.29781863,0.0037099773,0.38035324,0.039785348,0.23158072,0.018311214
375316653866487564,4084526405444364032,0.55414003,2209.929300274327,1.8510577946413909,3.893574E-5,17.105713,0.006157647,0.24230012,0.07501449,0.08081813,0.033716243,0.23306577,0.4648388,0.7188431,0.005464876,0.09266119,0.010448791,0.10251493,0.0052305083,null,null,null,null,"TWOGAUSSIANS",8,1.4342201,0.24230012,0.07501449,0.4,0.12025297,0.22994818,0.46594644,0.7188431,0.005464876,0.4,0.0,0.099397145,0.004658144
375316653866487564,4084528643133048832,0.5263058,2227.806860520694,4.932897078001273,5.37881E-5,18.655005,0.020395998,0.20150355,0.016982527,0.027596211,0.01577646,0.4809161,23.447859,0.55907255,0.049694125,0.11931738,0.16141355,0.062444303,1.7728765,null,null,null,null,"TWOGAUSSIANS",8,3.447062,0.20153354,0.01696637,0.15453878,0.08834817,0.48159704,23.447803,0.55907255,0.049694125,0.4,0.23374328,0.062424555,1.7732068
375316653866487564,4084528677492796544,0.5739826,2241.4383122323866,1.8186668765790914,4.2526422E-5,15.907844,0.053208534,0.26569924,0.012127315,0.04181438,0.020606045,0.7894879,0.15478198,0.7701277,0.052102536,0.029654918,0.022679083,1.6437008,3.2820213,0.070512734,0.06622782,0.26569924,0.012127315,"TWOGAUSSIANS_WITH_ELLIPSOIDAL_ON_ECLIPSE1",9,393.26978,0.7701277,0.052007638,0.16606754,0.12700287,1.784617,3.2999377,0.26569924,0.012127315,0.23416053,0.11539385,0.93051314,0.2055042
375316653866487564,4084531456326446848,0.49329123,2242.276397557869,0.11855717582796758,2.8602692E-5,18.738281,0.005384881,0.17214648,0.029949319,0.049551394,0.013886985,0.21126553,0.074020036,0.7212719,0.015838945,0.048328664,0.026988635,0.1129893,0.021876559,null,null,null,null,"TWOGAUSSIANS",8,2.8313026,0.17214648,0.029949319,0.27748778,0.07776712,0.21126549,0.07401998,0.7212719,0.015838945,0.27064052,0.15113635,0.112989254,0.021876821
375316653866487564,4084532177880636416,0.62196064,2257.1604427139123,3.1615450651745927,2.3397686E-5,18.513788,0.018842813,0.28011006,0.005786846,0.071573175,0.015563752,0.51961154,0.037074383,0.7670822,0.01533732,0.06897677,0.01151028,0.6651201,0.2546086,null,null,null,null,"TWOGAUSSIANS",8,4.410024,0.7670822,0.01533732,0.3862699,0.06384851,0.6636213,0.25532177,0.28011006,0.005786846,0.4,0.044288233,0.5181127,0.039369967
375316653866487564,4084535102763931904,0.60020906,2210.0958337879315,1.8362882487666172,1.6303176E-5,16.534418,0.06764589,0.27128112,0.008108375,0.16275641,0.04321289,0.20350884,0.065941416,0.75318944,0.0041952943,0.10221648,0.009188089,0.34555602,0.057427928,null,null,null,null,"TWOGAUSSIANS",8,5.2473083,0.75318944,0.0041952943,0.4,0.0,0.28014675,0.008412684,0.2713111,0.008134152,0.4,0.0,0.13428253,0.007263475
375316653866487564,4084535957450852224,0.51392126,2230.4571548619715,1.1313682959687037,4.5816792E-5,17.535349,0.004155835,0.366484,0.013421701,0.05773996,0.054113813,0.02664076,0.055731613,0.7972071,0.002319504,0.003405298,0.003185113,0.15550523,0.12414284,0.017433584,0.0052011525,0.366484,0.013421701,"TWOGAUSSIANS_WITH_ELLIPSOIDAL_ON_ECLIPSE1",9,2.8897245,0.79721713,0.00231624,0.01906967,0.017836632,0.18417172,0.12436011,0.366484,0.013421701,0.32334375,0.21765389,0.06150566,0.055304192
375316653866487564,4084536167915652864,0.60211337,2187.7666761565833,2.591132920618885,1.3543443E-5,17.320044,0.010561733,0.15675221,0.0014863206,0.07873297,0.0043274756,0.24091685,0.00851912,0.6605056,0.0035660928,0.08332648,0.0070480225,0.3359889,0.032203924,null,null,null,null,"TWOGAUSSIANS",8,2.723126,0.6605056,0.0035660928,0.4,0.0,0.33143535,0.034436755,0.15675221,0.0014863206,0.4,0.0,0.23636332,0.007098171
375316653866487564,4084540050566324480,0.64238834,2319.4079550738034,0.956904432335013,1.1782893E-4,16.665928,0.0013532449,0.31426927,0.0013056191,0.04342495,0.0012035044,0.3404667,0.018580304,0.7635872,0.046967905,0.09255736,0.0232627,0.040912885,0.008997071,null,null,null,null,"TWOGAUSSIANS",8,1.4383577,0.31426927,0.0013056191,0.24317971,0.006739625,0.34042785,0.018589163,0.7635872,0.046967905,0.4,9.485913E-4,0.040873714,0.008982844
375316653866487564,4084543344795971968,0.5905171,2266.114921079513,3.892998027190571,1.0266149E-5,18.006197,0.02601978,0.24262324,0.0026809378,0.08660564,0.011204978,0.34560305,0.016457874,0.75079536,0.004081701,0.07711479,0.0080160545,0.4185685,0.023380628,null,null,null,null,"TWOGAUSSIANS",8,4.2100773,0.75079536,0.004081701,0.4,0.0,0.41246644,0.020505069,0.24262324,0.0026809378,0.4,0.0,0.33950096,0.012905151
375316653866487564,4084545303301006080,0.45102918,2270.6400408509276,0.43695296794771654,5.0336566E-5,18.54313,0.0049262014,0.31903684,0.01871168,0.029298415,0.01707353,0.08658153,0.12435586,0.80856377,0.008438012,0.03392182,0.006755911,0.14418614,0.016715413,null,null,null,null,"TWOGAUSSIANS",8,1.6512508,0.80856377,0.008438012,0.18996218,0.037833102,0.14418614,0.016715413,0.31903684,0.01871168,0.16407113,0.095611766,0.08658153,0.12435586
375316653866487564,4084545818697164800,0.5833676,2224.903479044724,1.882544503916406,2.3701967E-5,17.798582,0.027542604,0.25600648,0.004081943,0.040316287,0.013464285,0.21661243,0.058444373,0.76220226,0.010201491,0.038670555,0.015095518,0.89646083,0.41573724,0.07296628,0.035310593,0.25600648,0.004081943,"TWOGAUSSIANS_WITH_ELLIPSOIDAL_ON_ECLIPSE1",9,8.247768,0.76220226,0.010148922,0.2165551,0.0845349,1.0421723,0.46491498,0.25600648,0.004081943,0.2257712,0.075399995,0.36254498,0.036127675
375316653866487564,4084549224616476544,0.5692974,2242.0792805534497,4.195723227766452,1.2156008E-5,16.202509,1.8890505,0.26682067,0.013266723,0.1366405,0.14544794,0.44549015,1.8505262,0.7244646,0.018812241,0.120042026,0.037089694,0.71515185,0.9415113,null,null,null,null,"TWOGAUSSIANS",8,90.64475,0.7244646,0.018812241,0.4,0.0,0.59945256,0.021408122,0.26746067,0.010066855,0.4,0.0,0.32851934,0.04353174
