Gaia/vari_eclipsing_binary/VariEclipsingBinary_195960-196976.csv
# %ECSV 1.0
# ---
# delimiter: ','
# meta: !!omap
# - RELEASE: Gaia DR3
# - TABLE: vari_eclipsing_binary
# - DESCRIPTION: >
#     This table describes the properties of the eclipsing binaries resulting from the variability analysis. 
# - CITATION: >
#     How to cite and acknowledge Gaia: 
#     https://gea.esac.esa.int/archive/documentation/credits.html 
# - KNOWN_ISSUES: >
#     Known issues: 
#     https://www.cosmos.esa.int/web/gaia-users/known-issues 
# - DOCUMENTATION: >
#     Tutorials and documentation: 
#     https://www.cosmos.esa.int/web/gaia-users/archive 
# datatype:
# - 
#   name: solution_id
#   datatype: int64
#   description: Solution Identifier
#   meta:
#     ucd: meta.version
# - 
#   name: source_id
#   datatype: int64
#   description: Unique source identifier
#   meta:
#     ucd: meta.id;meta.main
# - 
#   name: global_ranking
#   datatype: float32
#   description: Number between 0 (worst) and 1 (best)
#   meta:
#     ucd: stat.param
# - 
#   name: reference_time
#   datatype: float64
#   unit: d
#   description: Reference time used for the geometric model fit
#   meta:
#     ucd: time.epoch
# - 
#   name: frequency
#   datatype: float64
#   unit: d**-1
#   description: Frequency of geometric model of the eclipsing binary light curve
#   meta:
#     ucd: src.orbital
# - 
#   name: frequency_error
#   datatype: float32
#   unit: d**-1
#   description: "Uncertainty of \\texttt{frequency}"
#   meta:
#     ucd: stat.error
# - 
#   name: geom_model_reference_level
#   datatype: float32
#   unit: mag
#   description: Magnitude reference level of geometric model
#   meta:
#     ucd: phot.mag;em.opt
# - 
#   name: geom_model_reference_level_error
#   datatype: float32
#   unit: mag
#   description: "Uncertainty of \\texttt{geomModelReferenceLevel}"
#   meta:
#     ucd: stat.error;phot.mag;em.opt
# - 
#   name: geom_model_gaussian1_phase
#   datatype: float32
#   description: Phase of the Gaussian 1 component
#   meta:
#     ucd: time.phase
# - 
#   name: geom_model_gaussian1_phase_error
#   datatype: float32
#   description: "Uncertainty of \\texttt{geomModelGaussian1Phase}"
#   meta:
#     ucd: stat.error;time.phase
# - 
#   name: geom_model_gaussian1_sigma
#   datatype: float32
#   description: "Standard deviation [phase] of Gaussian 1 component"
#   meta:
#     ucd: stat.stdev
# - 
#   name: geom_model_gaussian1_sigma_error
#   datatype: float32
#   description: "Uncertainty of \\texttt{geomModelGaussian1Sigma}"
#   meta:
#     ucd: stat.error
# - 
#   name: geom_model_gaussian1_depth
#   datatype: float32
#   unit: mag
#   description: Magnitude depth of Gaussian 1 component
#   meta:
#     ucd: src.var.amplitude
# - 
#   name: geom_model_gaussian1_depth_error
#   datatype: float32
#   unit: mag
#   description: "Uncertainty of \\texttt{geomModelGaussian1Depth}"
#   meta:
#     ucd: stat.error;src.var.amplitude
# - 
#   name: geom_model_gaussian2_phase
#   datatype: float32
#   description: Phase of Gaussian 2 component
#   meta:
#     ucd: time.phase
# - 
#   name: geom_model_gaussian2_phase_error
#   datatype: float32
#   description: "Uncertainty of \\texttt{geomModelGaussian2Phase}"
#   meta:
#     ucd: stat.error;time.phase
# - 
#   name: geom_model_gaussian2_sigma
#   datatype: float32
[...]
#   datatype: float32
#   description: "Secondary eclipse: uncertainty of \\texttt{derivedSecondaryEclDuration}"
#   meta:
#     ucd: stat.error;time.duration
# - 
#   name: derived_secondary_ecl_depth
#   datatype: float32
#   unit: mag
#   description: "Secondary eclipse: depth"
#   meta:
#     ucd: src.var.amplitude
# - 
#   name: derived_secondary_ecl_depth_error
#   datatype: float32
#   unit: mag
#   description: "Secondary eclipse: uncertainty of \\texttt{derivedSecondaryEclDepth}"
#   meta:
#     ucd: stat.error;src.var.amplitude
solution_id,source_id,global_ranking,reference_time,frequency,frequency_error,geom_model_reference_level,geom_model_reference_level_error,geom_model_gaussian1_phase,geom_model_gaussian1_phase_error,geom_model_gaussian1_sigma,geom_model_gaussian1_sigma_error,geom_model_gaussian1_depth,geom_model_gaussian1_depth_error,geom_model_gaussian2_phase,geom_model_gaussian2_phase_error,geom_model_gaussian2_sigma,geom_model_gaussian2_sigma_error,geom_model_gaussian2_depth,geom_model_gaussian2_depth_error,geom_model_cosine_half_period_amplitude,geom_model_cosine_half_period_amplitude_error,geom_model_cosine_half_period_phase,geom_model_cosine_half_period_phase_error,model_type,num_model_parameters,reduced_chi2,derived_primary_ecl_phase,derived_primary_ecl_phase_error,derived_primary_ecl_duration,derived_primary_ecl_duration_error,derived_primary_ecl_depth,derived_primary_ecl_depth_error,derived_secondary_ecl_phase,derived_secondary_ecl_phase_error,derived_secondary_ecl_duration,derived_secondary_ecl_duration_error,derived_secondary_ecl_depth,derived_secondary_ecl_depth_error
[from data line 323]
375316653866487564,1731278467792824960,0.46906382,2181.8085492978466,4.472181636215572,2.8800787E-5,19.044579,0.01185173,0.23222995,0.005326741,0.08156063,0.009047696,0.18936756,0.010697567,0.7317576,0.054398004,0.07769785,0.045845024,0.24183634,0.41122547,null,null,null,null,"TWOGAUSSIANS",8,2.32692,0.7317576,0.054398004,0.4,0.20757897,0.2387808,0.41384318,0.23222995,0.005326741,0.4,0.0,0.18631203,0.008343223
375316653866487564,1731282762758940160,0.52298236,2221.30502577917,0.734104007019148,2.5958387E-5,15.134915,0.0062973,0.35400355,0.0026389481,0.013077483,0.0016410789,0.6643135,0.11508052,0.8543,0.012500369,0.01647392,0.012239054,0.19611473,0.12679908,0.01497699,0.008248023,0.35400355,0.0026389481,"TWOGAUSSIANS_WITH_ELLIPSOIDAL_ON_ECLIPSE1",9,143.27834,0.35400355,0.0026389481,0.0732339,0.009190042,0.69426745,0.1161137,0.8543,0.012500369,0.092253946,0.0685387,0.2260686,0.12818754
375316653866487564,1731285339739305472,0.56832373,2204.7333423379237,0.40639937125949455,4.826651E-5,13.093394,9.5730025E-4,0.23139788,0.009955163,0.016903207,0.007554673,0.005363837,0.0028101185,0.39327705,0.0013567175,0.015222368,0.0017710801,0.38337,0.055023942,null,null,null,null,"TWOGAUSSIANS",8,100.52082,0.39327705,0.0013567175,0.08524526,0.009918049,0.38337,0.055023942,0.23139788,0.009955163,0.09465796,0.04230617,0.005363837,0.0028101185
375316653866487564,1731293074976894080,0.46424666,2189.605825767235,2.0187698827613003,1.900559E-5,18.071676,0.011716939,0.36999458,0.010680397,0.09112288,0.016423,0.07003235,0.01313021,0.8417454,0.00853592,0.06697265,0.011946192,0.1261011,0.011804172,null,null,null,null,"TWOGAUSSIANS",8,5.0194936,0.8417454,0.00853592,0.37504685,0.06269203,0.12543899,0.010872856,0.36999458,0.010680397,0.4,0.0,0.06937013,0.012379211
375316653866487564,1731297576103891712,0.5376932,2182.0251897774647,4.207231528127988,1.1810777E-5,18.254936,0.003093791,0.25816527,0.0020876331,0.03235991,0.008705458,0.035342507,0.008407572,0.7723174,0.017085273,0.03253038,0.017177662,0.06738951,0.033678185,0.07729565,0.004428737,0.25816527,0.0020876331,"TWOGAUSSIANS_WITH_ELLIPSOIDAL_ON_ECLIPSE1",9,2.1157198,0.7723174,0.01704184,0.18217012,0.09619491,0.22076155,0.034650214,0.25816527,0.0020876331,0.1812155,0.04875056,0.18993366,0.006392241
375316653866487564,1731317436030599296,0.4159424,2221.330712131626,4.33884807460085,2.5415217E-4,19.210732,0.009214356,0.28317264,0.040397838,0.049725175,0.025167126,0.14639992,0.037359685,0.7875729,0.041445903,0.030864077,0.0324773,0.26498094,5.1989725E12,null,null,null,null,"TWOGAUSSIANS",8,6.8515925,0.7875729,0.041445903,0.17283884,0.18187287,0.26498094,5.1989725E12,0.28317264,0.040397838,0.27846098,0.14093591,0.14639992,0.037359685
375316653866487564,1731339421969122176,0.48039526,2184.4863508605963,0.23901144895471418,8.916277E-6,18.084257,0.035565935,0.44070065,0.032994203,0.24750178,0.18908346,0.03094752,0.032696225,0.7892057,8.333545E-4,0.00799614,5.276656E-4,0.16857848,0.012496175,null,null,null,null,"TWOGAUSSIANS",8,1.9857746,0.7892057,8.333545E-4,0.044778384,0.0029549273,0.17298709,0.012995221,0.44070065,0.032994203,0.4,0.0,0.022921685,0.006051351
375316653866487564,1731351310444225408,0.5812892,2178.259206908123,0.43253803679531266,2.5339853E-6,19.171583,0.0047604316,0.20818284,0.00788046,0.025755359,0.0034958553,0.81442463,0.135149,0.7208195,0.021486614,0.050913185,0.023756608,0.08596788,0.050116166,0.040130567,0.0070463526,0.20818284,0.00788046,"TWOGAUSSIANS_WITH_ELLIPSOIDAL_ON_ECLIPSE1",9,1.8878628,0.20818284,0.00788046,0.14423001,0.01957679,0.8946854,0.13322598,0.7208195,0.021327687,0.28511384,0.13303702,0.16572371,0.05089542
375316653866487564,1731353956136793216,0.61606795,2279.843693163172,4.6793743671949795,1.0677679E-5,17.987541,0.028552907,0.24269943,0.0038055342,0.053088985,0.006961486,0.49580625,0.06316649,0.74260974,0.0052729733,0.049160887,0.008813158,0.3774263,0.05784308,0.11116199,0.03653531,0.24269943,0.0038055342,"TWOGAUSSIANS_WITH_ELLIPSOIDAL_ON_ECLIPSE1",9,8.485545,0.24269943,0.0038055342,0.2972983,0.03898432,0.71812123,0.013609075,0.74261975,0.005094182,0.27530095,0.049353685,0.5997412,0.04749038
375316653866487564,1731362000611900544,0.48263732,2234.5207609188124,1.678455466603669,6.428444E-5,15.273761,0.0039926516,0.29107583,0.008530844,0.08897261,0.014394834,0.06354183,0.005726302,0.79521644,0.0068639596,0.07204885,0.014778559,0.027006006,0.0037954224,null,null,null,null,"TWOGAUSSIANS",8,16.785381,0.29107583,0.008530844,0.4,0.0,0.062904604,0.006089355,0.79521644,0.0068639596,0.4,0.03779803,0.026368797,0.0028860932
375316653866487564,1731362202474209024,0.58830357,2222.3275006246377,1.788010352831129,4.3108852E-5,15.231915,0.0048287488,0.29117098,0.0020280683,0.03869797,0.0029151766,0.8733593,0.079770155,0.7943918,0.0063656373,0.03189388,0.00962717,0.07160779,0.015347236,0.020161916,0.008312098,0.29117098,0.0020280683,"TWOGAUSSIANS_WITH_ELLIPSOIDAL_ON_ECLIPSE1",9,204.03484,0.29117098,0.0020280683,0.21670862,0.016324988,0.9136831,0.08099794,0.7943918,0.00627721,0.17860572,0.053912155,0.11191508,0.012155906
375316653866487564,1731374743778770048,0.4936483,2229.064115664609,0.6903207939778652,1.405502E-5,16.730513,0.0043113665,0.32691216,0.009182112,0.025922086,0.008331219,0.19626437,0.097958416,0.72038585,0.10227866,0.055223875,0.09152321,0.014646749,0.028408369,null,null,null,null,"TWOGAUSSIANS",8,18.96155,0.32691216,0.009180327,0.14516369,0.046654824,0.19626437,0.09795733,0.72038585,0.10227866,0.3092537,0.2906323,0.014646749,0.028408172
375316653866487564,1731396807026842240,0.4478635,2193.1715062354783,0.6499731899304596,3.8318918E-5,18.904623,0.0072346805,0.16358393,0.0057585035,0.02855093,0.009450129,0.116977826,0.029527085,0.8673754,0.010131265,0.02526326,0.008603487,0.4529698,1.8857534,null,null,null,null,"TWOGAUSSIANS",8,8.869798,0.8673754,0.010131265,0.14147425,0.04817953,0.4529698,1.8857534,0.16358393,0.0057585035,0.15988521,0.05292072,0.116977826,0.029527085
375316653866487564,1731407080589809024,0.57753366,2205.477336335693,4.160702631494487,7.698861E-6,18.907402,0.009168955,0.2687294,0.0022245888,0.069324344,0.0030957425,0.61162686,0.023689449,0.7675615,0.00312373,0.06871113,0.0038696923,0.5203987,0.022117026,null,null,null,null,"TWOGAUSSIANS",8,3.1384504,0.2687294,0.0022245888,0.38821632,0.017336158,0.61007756,0.023908569,0.7675615,0.00312373,0.38478234,0.021670278,0.5188493,0.022118317
375316653866487564,1731419347015583104,0.46116465,2257.6150947683686,0.04525101237934343,1.0593002E-5,15.368807,0.0018506523,0.5418058,0.002342716,0.008851749,0.0020358982,0.9362731,2.1552577,0.78719956,0.013814148,0.032554913,0.012294625,0.06942888,0.054744065,null,null,null,null,"TWOGAUSSIANS",8,39.659794,0.5418058,0.002342716,0.049569793,0.011401029,0.9362731,2.1552577,0.78719956,0.013814148,0.18230753,0.0688499,0.06942888,0.054744065
375316653866487564,1731429547561241984,0.6439347,2230.854436221404,2.807872687342004,6.124116E-6,12.545351,0.004669369,0.2795175,0.0014836926,0.045884848,0.0029852893,0.2496468,0.012535389,0.77469194,0.002549794,0.046810295,0.00285216,0.21576229,0.010554457,0.104370065,0.0050541004,0.2795175,0.0014836926,"TWOGAUSSIANS_WITH_ELLIPSOIDAL_ON_ECLIPSE1",9,189.91885,0.2795175,0.0014836926,0.25695515,0.01671762,0.4583866,0.009404599,0.775382,0.002115199,0.26213765,0.015972096,0.42433774,0.0090462975
375316653866487564,1731431609146219136,0.4946394,2204.39012061074,1.0922161865667355,4.884144E-5,19.322159,0.0054583075,0.23234847,0.027479108,0.031059315,0.016043555,0.28656626,0.08741117,0.7436555,0.025836928,0.048239212,0.026937846,0.12266541,0.059515174,null,null,null,null,"TWOGAUSSIANS",8,2.1044352,0.23234847,0.027479108,0.17393216,0.08984391,0.28656626,0.087411165,0.7436555,0.025836928,0.2701396,0.15085194,0.12266541,0.05951518
375316653866487564,1731432502499356032,0.49973044,2195.8383501942635,0.4812929152833627,1.7940145E-4,17.825338,0.019394696,0.43885693,0.068465896,0.16084059,0.15740593,0.032821137,0.019658629,0.8553191,0.017538907,0.008938133,0.0042144256,0.8389692,4.2620826,null,null,null,null,"TWOGAUSSIANS",8,10.700135,0.8553191,0.017538907,0.050053544,0.023600783,0.83964044,4.261963,0.43885693,0.068465896,0.4,0.0,0.032297883,0.014872424
375316653866487564,1731434770242175616,0.42709628,2187.8608275679157,0.3044006586886327,2.577134E-5,17.214157,0.2962127,0.29015818,0.0098117385,0.27914074,0.17257819,0.2851944,0.29314554,0.7947878,0.011546355,0.10402914,0.02534903,0.22654592,0.06896056,null,null,null,null,"TWOGAUSSIANS",8,19.537428,0.7956378,0.012039559,0.4,0.0,0.13682477,0.025398728,0.2901482,0.00980454,0.4,0.0,0.081693344,0.0109001035
375316653866487564,1731442913500134272,0.4731835,2252.736401917026,1.1343951176960845,1.2084746E-4,18.5452,0.005720534,0.40013677,0.04961301,0.074322045,0.03783697,0.047587574,0.043652263,0.6329187,4.4582313E-4,0.012595336,5.006705E-4,0.34134626,0.022943996,null,null,null,null,"TWOGAUSSIANS",8,4.500891,0.6329187,4.4582313E-4,0.07053388,0.002803755,0.34169888,0.02292404,0.40013677,0.04961301,0.4,0.18206172,0.047587574,0.043652263
375316653866487564,1731449824103430784,0.51996,2203.1913007547455,2.5264682777504555,2.5771065E-5,15.889323,0.0053959857,0.46387964,0.0040878644,0.031836934,0.0041428558,0.8754497,0.21770495,null,null,null,null,null,null,null,null,null,null,"ONEGAUSSIAN",5,389.064,0.46387964,0.0040878644,0.17828684,0.023199992,0.8754497,0.0,null,null,null,null,null,null
375316653866487564,1731457933001729536,0.5273971,2194.8871793114754,4.346307762136919,1.5831518E-5,18.028471,0.005502298,0.20124482,0.0026436073,0.0683394,0.0031997603,0.197527,0.006021817,0.6827804,0.009328828,0.08663801,0.008742636,0.25748417,0.021325657,null,null,null,null,"TWOGAUSSIANS",8,4.3609405,0.6827804,0.009328828,0.4,0.0,0.2557949,0.021611262,0.20124482,0.0026436073,0.38270065,0.017918658,0.1958378,0.005094051
375316653866487564,1731481057105622400,0.6408903,2219.8850934686584,2.2897215111461042,4.3757454E-6,14.205032,0.0077538006,0.26029733,0.0044205287,0.053974416,0.0060114213,0.12690505,0.018139431,0.7679676,0.0016535525,0.046282515,0.00472485,0.15292136,0.017520998,0.1163268,0.009319027,0.7679676,0.0016535525,"TWOGAUSSIANS_WITH_ELLIPSOIDAL_ON_ECLIPSE2",9,59.29751,0.7679676,0.0016535525,0.2591821,0.02645916,0.38557157,0.0064563383,0.26257733,0.0029536595,0.30225673,0.03366396,0.35917532,0.012203265
375316653866487564,1731494453107127680,0.54524857,2230.237709366348,2.985720022833064,1.4860807E-5,19.116053,0.0063154893,0.24870348,0.028761975,0.09038712,0.020146573,0.0955085,0.01753227,0.7668821,0.0036824648,0.060602892,0.0033504707,0.43040842,0.014870802,null,null,null,null,"TWOGAUSSIANS",8,3.3946903,0.7668821,0.0036824648,0.33937618,0.018762637,0.4294953,0.014704234,0.24870348,0.028761975,0.4,0.0,0.09459532,0.017517475
375316653866487564,1731496690786856704,0.55949825,2248.4377652329313,3.1094367304983166,1.3139597E-5,16.833866,0.010621379,0.18814905,0.0031467283,0.06637089,0.013405407,0.21553709,0.030331934,0.7010013,0.005687699,0.040801305,0.008472065,0.15073891,0.02132434,0.06127388,0.012290735,0.18814905,0.0031467283,"TWOGAUSSIANS_WITH_ELLIPSOIDAL_ON_ECLIPSE1",9,18.162066,0.18814905,0.0031467283,0.37167698,0.05729685,0.33791074,0.027921619,0.7010013,0.005687699,0.22848731,0.047443565,0.27231517,0.017930308
375316653866487564,1731511740352263680,0.49070102,2221.385167360949,1.1431770790172053,1.4849291E-5,16.190279,0.0017108276,0.3279707,0.0017516699,0.01674828,0.001097379,0.1667379,0.01902427,0.88060194,0.05485268,0.03155293,0.04479903,0.024500731,1.5327514E29,null,null,null,null,"TWOGAUSSIANS",8,10.575214,0.3279707,0.0017516699,0.09379036,0.0061453227,0.1667379,0.01902427,0.88060194,0.05485268,0.1766964,0.25087455,0.024500731,1.5327514E29
375316653866487564,1731537613234902400,0.4382502,2158.9044116448563,3.986494598133227,7.3950105E-5,18.344263,0.027530259,0.36908,0.017795656,0.10956453,0.027289383,0.24001472,0.03842691,0.88400716,0.0012320705,0.0325777,0.004406077,0.92243576,0.115374796,null,null,null,null,"TWOGAUSSIANS",8,4.3088784,0.88400716,0.0012320705,0.18243513,0.02467403,0.92169464,0.11649937,0.36908,0.017795656,0.4,0.0,0.23925649,0.03833022
375316653866487564,1731550291978447872,0.5061084,2196.3124470746443,2.76282820751423,2.3484177E-5,12.777738,0.0830915,0.2741403,0.0053411415,0.2487735,0.045157183,0.9010798,0.08291803,0.7775999,0.0046654837,0.1934965,0.024547772,0.6942603,0.20990233,null,null,null,null,"TWOGAUSSIANS",8,137.37209,0.2704203,0.005228077,0.4,0.0,0.1034281,0.0048897406,0.7835799,0.004476027,0.4,0.0,0.08599844,0.0030916953
375316653866487564,1731552731518425088,0.4743654,2178.3674204917825,0.3355001330572401,3.0857558E-5,19.754635,0.010883735,0.2645957,0.026782773,0.084123254,0.014891361,0.16221502,0.0245406,0.6855574,0.0040825354,0.026185393,0.0024742875,0.6036017,0.01862449,null,null,null,null,"TWOGAUSSIANS",8,1.8984773,0.6855574,0.0040825354,0.1466382,0.01385601,0.6036019,0.018624727,0.2645957,0.026782773,0.4,0.0,0.16221464,0.024540091
375316653866487564,1731559427372849664,0.64969796,2214.9034768982965,2.6552479307245718,5.509604E-6,16.317072,0.008109235,0.24896516,9.176112E-4,0.04774091,0.0033979234,0.2902492,0.018137734,0.7445902,0.0013638767,0.053177927,0.003168569,0.2974653,0.016966417,0.10196149,0.010898162,0.24896516,9.176112E-4,"TWOGAUSSIANS_WITH_ELLIPSOIDAL_ON_ECLIPSE1",9,11.799391,0.74517024,0.0011616413,0.29779637,0.017743986,0.50125116,0.010235341,0.24896516,9.176112E-4,0.2673491,0.019028371,0.49416867,0.014994139
375316653866487564,1731564272095624960,0.4475493,2281.3985168981844,1.2698239341365807,4.6251167E-5,17.904564,0.00609269,0.36906067,0.0031708872,0.037376575,0.004139094,0.1706211,0.022316651,0.8373475,0.03762063,0.06580977,0.03108961,0.13453634,0.031792026,null,null,null,null,"TWOGAUSSIANS",8,16.217352,0.36906067,0.0031708872,0.20930883,0.023178928,0.1706206,0.022316847,0.8373475,0.03762063,0.36853474,0.17200504,0.13453586,0.031792477
375316653866487564,1731570319409667840,0.57223713,2233.2405315884002,1.040117847,2.3991586E-6,17.20316,0.003972697,0.2872866,0.0024214624,0.01608937,0.0015625958,0.91577363,0.29178607,0.78096026,8.863508E-6,0.008716766,9.598427E-5,3.407095,0.13963236,null,null,null,null,"TWOGAUSSIANS",8,20.137505,0.78096026,8.863508E-6,0.048813887,5.3751195E-4,3.407095,0.13963236,0.2872866,0.0024214624,0.09010047,0.0087505365,0.91577363,0.29178607
375316653866487564,1731582345318945792,0.45136607,2229.6924960868473,2.9509929079403294,6.51124E-5,19.881971,0.013386541,0.26689765,0.024465427,0.048722137,0.034928452,0.2575572,0.13150506,0.7495849,0.009727098,0.042195946,0.0064064185,0.16853797,0.025678238,null,null,null,null,"TWOGAUSSIANS",8,2.8255548,0.26689765,0.024465427,0.27284396,0.15721627,0.25755718,0.13153245,0.7495849,0.009727098,0.2362973,0.035875946,0.16853794,0.025670895
375316653866487564,1731588156409420544,0.5498668,2253.233952980739,2.085459681633142,5.9420126E-5,18.448162,0.005570941,0.23741354,0.008598284,0.033435658,0.0068275174,0.25963077,0.051256858,0.7753011,0.0010670127,0.010783601,0.002403284,0.4108601,0.05914821,0.029591259,0.009129056,0.23741354,0.008598284,"TWOGAUSSIANS_WITH_ELLIPSOIDAL_ON_ECLIPSE1",9,5.095595,0.7753011,0.0010670127,0.060388163,0.013458391,0.4667516,0.05939064,0.23741354,0.008598284,0.18723969,0.038234096,0.3188133,0.05217883
