Gaia/vari_eclipsing_binary/VariEclipsingBinary_468106-468119.csv
# %ECSV 1.0
# ---
# delimiter: ','
# meta: !!omap
# - RELEASE: Gaia DR3
# - TABLE: vari_eclipsing_binary
# - DESCRIPTION: >
#     This table describes the properties of the eclipsing binaries resulting from the variability analysis. 
# - CITATION: >
#     How to cite and acknowledge Gaia: 
#     https://gea.esac.esa.int/archive/documentation/credits.html 
# - KNOWN_ISSUES: >
#     Known issues: 
#     https://www.cosmos.esa.int/web/gaia-users/known-issues 
# - DOCUMENTATION: >
#     Tutorials and documentation: 
#     https://www.cosmos.esa.int/web/gaia-users/archive 
# datatype:
# - 
#   name: solution_id
#   datatype: int64
#   description: Solution Identifier
#   meta:
#     ucd: meta.version
# - 
#   name: source_id
#   datatype: int64
#   description: Unique source identifier
#   meta:
#     ucd: meta.id;meta.main
# - 
#   name: global_ranking
#   datatype: float32
#   description: Number between 0 (worst) and 1 (best)
#   meta:
#     ucd: stat.param
# - 
#   name: reference_time
#   datatype: float64
#   unit: d
#   description: Reference time used for the geometric model fit
#   meta:
#     ucd: time.epoch
# - 
#   name: frequency
#   datatype: float64
#   unit: d**-1
#   description: Frequency of geometric model of the eclipsing binary light curve
#   meta:
#     ucd: src.orbital
# - 
#   name: frequency_error
#   datatype: float32
#   unit: d**-1
#   description: "Uncertainty of \\texttt{frequency}"
#   meta:
#     ucd: stat.error
# - 
#   name: geom_model_reference_level
#   datatype: float32
#   unit: mag
#   description: Magnitude reference level of geometric model
#   meta:
#     ucd: phot.mag;em.opt
# - 
#   name: geom_model_reference_level_error
#   datatype: float32
#   unit: mag
#   description: "Uncertainty of \\texttt{geomModelReferenceLevel}"
#   meta:
#     ucd: stat.error;phot.mag;em.opt
# - 
#   name: geom_model_gaussian1_phase
#   datatype: float32
#   description: Phase of the Gaussian 1 component
#   meta:
#     ucd: time.phase
# - 
#   name: geom_model_gaussian1_phase_error
#   datatype: float32
#   description: "Uncertainty of \\texttt{geomModelGaussian1Phase}"
#   meta:
#     ucd: stat.error;time.phase
# - 
#   name: geom_model_gaussian1_sigma
#   datatype: float32
#   description: "Standard deviation [phase] of Gaussian 1 component"
#   meta:
#     ucd: stat.stdev
# - 
#   name: geom_model_gaussian1_sigma_error
#   datatype: float32
#   description: "Uncertainty of \\texttt{geomModelGaussian1Sigma}"
#   meta:
#     ucd: stat.error
# - 
#   name: geom_model_gaussian1_depth
#   datatype: float32
#   unit: mag
#   description: Magnitude depth of Gaussian 1 component
#   meta:
#     ucd: src.var.amplitude
# - 
#   name: geom_model_gaussian1_depth_error
#   datatype: float32
#   unit: mag
#   description: "Uncertainty of \\texttt{geomModelGaussian1Depth}"
#   meta:
#     ucd: stat.error;src.var.amplitude
# - 
#   name: geom_model_gaussian2_phase
#   datatype: float32
#   description: Phase of Gaussian 2 component
#   meta:
#     ucd: time.phase
# - 
#   name: geom_model_gaussian2_phase_error
#   datatype: float32
#   description: "Uncertainty of \\texttt{geomModelGaussian2Phase}"
#   meta:
#     ucd: stat.error;time.phase
# - 
#   name: geom_model_gaussian2_sigma
#   datatype: float32
[...]
#   datatype: float32
#   description: "Secondary eclipse: uncertainty of \\texttt{derivedSecondaryEclDuration}"
#   meta:
#     ucd: stat.error;time.duration
# - 
#   name: derived_secondary_ecl_depth
#   datatype: float32
#   unit: mag
#   description: "Secondary eclipse: depth"
#   meta:
#     ucd: src.var.amplitude
# - 
#   name: derived_secondary_ecl_depth_error
#   datatype: float32
#   unit: mag
#   description: "Secondary eclipse: uncertainty of \\texttt{derivedSecondaryEclDepth}"
#   meta:
#     ucd: stat.error;src.var.amplitude
solution_id,source_id,global_ranking,reference_time,frequency,frequency_error,geom_model_reference_level,geom_model_reference_level_error,geom_model_gaussian1_phase,geom_model_gaussian1_phase_error,geom_model_gaussian1_sigma,geom_model_gaussian1_sigma_error,geom_model_gaussian1_depth,geom_model_gaussian1_depth_error,geom_model_gaussian2_phase,geom_model_gaussian2_phase_error,geom_model_gaussian2_sigma,geom_model_gaussian2_sigma_error,geom_model_gaussian2_depth,geom_model_gaussian2_depth_error,geom_model_cosine_half_period_amplitude,geom_model_cosine_half_period_amplitude_error,geom_model_cosine_half_period_phase,geom_model_cosine_half_period_phase_error,model_type,num_model_parameters,reduced_chi2,derived_primary_ecl_phase,derived_primary_ecl_phase_error,derived_primary_ecl_duration,derived_primary_ecl_duration_error,derived_primary_ecl_depth,derived_primary_ecl_depth_error,derived_secondary_ecl_phase,derived_secondary_ecl_phase_error,derived_secondary_ecl_duration,derived_secondary_ecl_duration_error,derived_secondary_ecl_depth,derived_secondary_ecl_depth_error
[from data line 600]
375316653866487564,4117623565301207808,0.46418118,2472.440664460382,1.4456272920872792,4.9476053E-5,19.484573,0.054131556,0.37854657,0.0067602806,0.058731854,0.014997501,0.58317935,0.104901776,0.75629884,0.12938732,0.1263631,0.083788015,0.117993616,0.04705116,null,null,null,null,"TWOGAUSSIANS",8,14.7825575,0.37873656,0.0065224785,0.3288984,0.08398601,0.5833161,0.1065312,0.75629884,0.12938732,0.4,0.0,0.116773695,0.04571719
375316653866487564,4117623668380358528,0.542137,2462.5360821900827,0.5916250807562848,6.369803E-5,18.109638,0.004909967,0.27758184,0.007962337,0.051612064,0.0058063585,0.35365367,0.015121271,0.78439444,0.020246128,0.060988884,0.02786921,0.048896093,0.010188395,null,null,null,null,"TWOGAUSSIANS",8,4.0916767,0.27758184,0.007962337,0.28902757,0.032515608,0.3536443,0.015117769,0.78439444,0.020246128,0.34153774,0.15606758,0.04888674,0.010195385
375316653866487564,4117624007571562368,0.47901294,2427.6114603496535,0.2637912118717104,1.8965913E-5,18.385927,0.009238461,0.23535228,0.027541107,0.022209419,0.024347112,0.1846829,166829.98,0.7230006,0.0036883552,0.04078774,0.0048187496,0.3456614,0.027060201,null,null,null,null,"TWOGAUSSIANS",8,23.020945,0.7230006,0.0036883552,0.22841135,0.026984997,0.3456614,0.027060201,0.23535228,0.027541107,0.12437274,0.13634382,0.1846829,166829.98
375316653866487564,4117624183671868672,0.42199042,2472.6119055817094,0.7795329387702845,8.580868E-5,18.971388,0.005076688,0.6021034,0.004904916,0.013921627,0.006121778,0.17341746,0.2398397,0.80592364,0.023378583,0.026139876,0.017861381,0.13512234,0.025850127,null,null,null,null,"TWOGAUSSIANS",8,3.3217597,0.6021034,0.004904916,0.07796111,0.034281958,0.17341746,0.23983951,0.80592364,0.023378583,0.1463833,0.10002373,0.13512234,0.025850127
375316653866487564,4117624321110493312,0.5025326,2454.716876170901,3.336762794770058,1.5772235E-5,19.656382,0.022363324,0.28007624,0.0049521243,0.068434514,0.008757165,0.5828663,0.08522588,0.76033145,0.008720699,0.07374758,0.009643651,0.48006424,0.06771939,null,null,null,null,"TWOGAUSSIANS",8,4.8189373,0.28007624,0.0049521243,0.3832333,0.043401204,0.5815461,0.0860075,0.76033145,0.008720699,0.4,0.02104934,0.4787441,0.067994505
375316653866487564,4117624561628883584,0.50043225,2474.2636043236344,2.8064089585642384,2.3642297E-5,19.779799,0.010856627,0.24707149,0.0068648816,0.084690265,0.008778204,0.28928438,0.02422231,0.7291048,0.007350282,0.08482858,0.008247414,0.26140258,0.020858966,null,null,null,null,"TWOGAUSSIANS",8,1.3290024,0.24707149,0.0068648816,0.4,0.0,0.2841207,0.024414502,0.7291048,0.007350282,0.4,0.0,0.2562389,0.02051268
375316653866487564,4117624630348395648,0.49357972,2465.7655135841765,2.5041592912823063,1.5746056E-5,19.711174,0.013251665,0.21471347,0.006209567,0.07647529,0.007023661,0.4135499,0.0140793985,0.7177772,0.0057102223,0.07053739,0.009985402,0.38092524,0.05455229,null,null,null,null,"TWOGAUSSIANS",8,3.0656533,0.21471347,0.006209567,0.4,0.0014712267,0.41127267,0.013537617,0.7177772,0.0057102223,0.3950094,0.036783677,0.37864798,0.05622891
375316653866487564,4117624630427760256,0.64298284,2423.090762301225,0.06722637145379669,4.4632503E-5,16.306894,0.0021801428,0.3850991,0.015128759,0.039213404,0.016715396,0.009487137,0.0025302647,0.8058389,0.0014802242,0.007107395,0.0017778167,0.8875644,0.22989602,0.021400023,0.0021714773,0.3850991,0.015128759,"TWOGAUSSIANS_WITH_ELLIPSOIDAL_ON_ECLIPSE1",9,17.133904,0.8058489,0.0014802242,0.039801415,0.009955773,0.9206,0.23108666,0.3850991,0.015128759,0.21959506,0.093606226,0.052287184,0.00429286
375316653866487564,4117624664708433152,0.42433804,2486.917168816052,0.7964042581602587,5.570892E-5,19.02445,0.010159578,0.5958668,0.016074665,0.01628833,0.010955344,0.34046704,0.41340432,0.78792095,0.007965607,0.04866592,0.005779929,0.25327808,0.02338865,null,null,null,null,"TWOGAUSSIANS",8,8.660675,0.5958768,0.016069893,0.09121466,0.061349925,0.34057218,0.41335,0.78792095,0.007965607,0.27252916,0.032367602,0.25327808,0.02338865
375316653866487564,4117624699068195456,0.44891047,2441.0911508016384,2.2235181401706603,5.5882425E-5,19.195406,0.065708816,0.25899693,0.031873416,0.08478558,0.061830353,0.18229732,0.050802447,0.76249784,0.010900057,0.084837966,0.020941975,0.29225227,0.06404485,null,null,null,null,"TWOGAUSSIANS",8,7.338033,0.76249784,0.010900057,0.4,0.0,0.28663492,0.037575837,0.25899693,0.031873416,0.4,0.0078071435,0.17667997,0.030489761
375316653866487564,4117624733427650560,0.5369713,2495.5143347919084,0.039357473944329126,1.5124428E-4,19.486153,0.021970596,0.07657535,0.0670205,0.036467753,0.057306986,0.06216387,0.039089542,0.67367876,0.023672624,0.05675644,0.007941718,2.9992986,1.8452039,null,null,null,null,"TWOGAUSSIANS",8,2.21068,0.67367876,0.023672624,0.31783605,0.044473622,2.9992986,1.8453352,0.07657535,0.0670205,0.20421942,0.2276046,0.062163867,0.038016926
375316653866487564,4117624866565296000,0.60098654,2482.1348348833353,3.8778242085339296,8.029822E-6,18.986202,0.009381513,0.23509093,0.0016451282,0.05283097,0.0030535813,0.39684185,0.024368165,0.7485279,0.053509325,0.025352202,0.019864751,1.28961,2.5383735,0.1231569,0.013702758,0.23509093,0.0016451282,"TWOGAUSSIANS_WITH_ELLIPSOIDAL_ON_ECLIPSE1",9,3.73307,0.7485279,0.053509325,0.14197233,0.11124261,1.5341668,2.5592918,0.23509093,0.0016451282,0.29585344,0.017100055,0.64315015,0.015929744
375316653866487564,4117625145743837440,0.44576013,2481.954121637691,2.5007490573020124,4.2691903E-5,19.253,0.014269413,0.2829541,0.009737645,0.06780411,0.010862631,0.20647345,0.04340115,0.76622075,0.0069698547,0.08236913,0.012731431,0.21005929,0.014701608,null,null,null,null,"TWOGAUSSIANS",8,4.3330374,0.76622075,0.0069698547,0.4,0.0,0.20894526,0.014214603,0.2829541,0.009737645,0.37970302,0.05247713,0.20535943,0.04400855
375316653866487564,4117625214463379968,0.43581396,2446.5333409641057,1.8033020860853746,4.1609805E-5,18.253931,0.036465965,0.24594314,0.006826728,0.07461817,0.020510094,0.18410985,0.045950077,0.7236694,0.016592883,0.07533743,0.030255795,0.11736618,0.038579054,null,null,null,null,"TWOGAUSSIANS",8,28.51038,0.24594314,0.006826728,0.4,0.060999036,0.18342936,0.04180962,0.7236694,0.016592883,0.4,0.0,0.116685696,0.03406244
375316653866487564,4117625420626340224,0.469948,2497.0763359172984,0.4433149007103866,5.7303E-5,19.179676,0.0035195132,0.2914592,1.9549817E-4,0.0070389984,0.0011362614,1.9630082,2.4598088,0.7860596,0.0113864,0.046017535,0.010855869,0.010173537,0.024344807,0.03032797,0.004522577,0.7860596,0.0113864,"TWOGAUSSIANS_WITH_ELLIPSOIDAL_ON_ECLIPSE2",9,1.956881,0.2914592,1.9549817E-4,0.039418392,0.0063630636,2.0235944,2.4627542,0.7860596,0.0113864,0.2576982,0.060792867,0.07082947,0.022653313
375316653866487564,4117625725532401920,0.5420015,2497.1341238847263,1.1688561729413351,1.0639356E-5,18.321457,0.008598486,0.20118363,0.0030003847,0.08776891,0.0048099617,0.2613274,0.009544559,0.7032721,0.002893588,0.08653057,0.004973645,0.31346756,0.013869733,null,null,null,null,"TWOGAUSSIANS",8,3.1715062,0.7032721,0.002893588,0.4,0.0,0.30444604,0.0146862725,0.20118363,0.0030003847,0.4,0.0,0.25230587,0.008178025
375316653866487564,4117625729862675328,0.4285765,2500.6048183827343,4.501491242799344,6.656967E-5,16.805883,0.0040087225,0.26539403,0.012336619,0.022896659,0.009927493,0.1144479,0.019811269,0.5600376,0.0110579515,0.0064399773,0.017763767,0.30107304,0.42907935,null,null,null,null,"TWOGAUSSIANS",8,9.25309,0.5600376,0.0110579515,0.036063872,0.0994771,0.30107304,0.42907935,0.26539403,0.012336619,0.12822129,0.05559396,0.1144479,0.019811269
375316653866487564,4117626107896679296,0.54950285,2469.8844669599157,1.628276079890728,9.416727E-6,17.846436,0.024256472,0.21686739,0.005986147,0.09595956,0.020353971,0.1431513,0.019225143,0.7022458,0.0021587622,0.11111372,0.009909751,0.28190815,0.021071691,null,null,null,null,"TWOGAUSSIANS",8,4.725674,0.7022458,0.0021587622,0.4,0.0,0.2633104,0.008950124,0.2168974,0.0060411002,0.4,0.0,0.124579534,0.0114061525
375316653866487564,4117626451414912640,0.4387661,2455.261043181086,1.5340589676885727,5.9966824E-5,19.040169,0.015973609,0.25757846,0.014055299,0.023351876,0.015933452,0.16941783,0.2561328,0.76042587,0.010823229,0.07333972,0.012408184,0.2590017,0.03243377,null,null,null,null,"TWOGAUSSIANS",8,11.310029,0.76042587,0.010823229,0.4,0.036410447,0.25900117,0.032433867,0.25757846,0.014055299,0.1307705,0.089227326,0.16941728,0.25613493
375316653866487564,4117626657578065280,0.52452517,2567.1194595276033,2.1632195350065393,5.630461E-5,19.909252,0.006871672,0.21766308,0.0039129443,0.06851576,0.0057309293,0.47677875,0.026444836,0.72369975,0.0048945136,0.077188596,0.0057601705,0.49640825,0.024440445,null,null,null,null,"TWOGAUSSIANS",8,2.0998611,0.72369975,0.0048945136,0.4,0.0,0.49407157,0.024559928,0.21766308,0.0039129443,0.38368827,0.030349515,0.47444203,0.02707811
375316653866487564,4117626721964885376,0.64374095,2472.8450312739947,0.31030137525891305,7.775327E-6,17.661663,0.0025911771,0.21354264,0.0042931447,0.017038684,0.003272443,0.12956652,0.016077392,0.71770066,0.0015665216,0.024002291,0.001829589,1.537289,0.26255023,0.026798548,0.003469826,0.21354264,0.0042931447,"TWOGAUSSIANS_WITH_ELLIPSOIDAL_ON_ECLIPSE1",9,4.67831,0.71770066,0.0015665216,0.13441283,0.0102456985,1.5908495,0.26394042,0.21354264,0.0042931447,0.095416635,0.01832568,0.1831636,0.0157887
375316653866487564,4117626829374973056,0.51748556,2483.4772360121733,0.9837725222223057,9.30642E-6,19.499979,0.008060894,0.22859591,0.0026935446,0.03570103,0.0038039042,0.36098444,0.048736565,0.7285941,0.0016518336,0.041914556,0.0029477926,0.39205942,0.026324127,null,null,null,null,"TWOGAUSSIANS",8,3.2531412,0.7285941,0.0016518336,0.23472151,0.016507639,0.39205942,0.026324127,0.22859591,0.0026935446,0.19992577,0.021301864,0.36098444,0.048736565
375316653866487564,4117626932453971712,0.4925691,2467.9086829580915,1.4489630429039226,1.2803663E-5,18.378277,0.0038741203,0.22461353,0.0070251897,0.05628303,0.0073411465,0.08842234,0.008996465,0.7305394,0.0052963425,0.053855684,0.0050209765,0.13275287,0.009801832,null,null,null,null,"TWOGAUSSIANS",8,2.1630173,0.7305394,0.0052963425,0.30159184,0.028117469,0.13274723,0.009801153,0.22461353,0.0070251897,0.31518495,0.041110422,0.0884167,0.00899625
