Gaia/vari_eclipsing_binary/VariEclipsingBinary_748818-750556.csv
# %ECSV 1.0
# ---
# delimiter: ','
# meta: !!omap
# - RELEASE: Gaia DR3
# - TABLE: vari_eclipsing_binary
# - DESCRIPTION: >
#     This table describes the properties of the eclipsing binaries resulting from the variability analysis. 
# - CITATION: >
#     How to cite and acknowledge Gaia: 
#     https://gea.esac.esa.int/archive/documentation/credits.html 
# - KNOWN_ISSUES: >
#     Known issues: 
#     https://www.cosmos.esa.int/web/gaia-users/known-issues 
# - DOCUMENTATION: >
#     Tutorials and documentation: 
#     https://www.cosmos.esa.int/web/gaia-users/archive 
# datatype:
# - 
#   name: solution_id
#   datatype: int64
#   description: Solution Identifier
#   meta:
#     ucd: meta.version
# - 
#   name: source_id
#   datatype: int64
#   description: Unique source identifier
#   meta:
#     ucd: meta.id;meta.main
# - 
#   name: global_ranking
#   datatype: float32
#   description: Number between 0 (worst) and 1 (best)
#   meta:
#     ucd: stat.param
# - 
#   name: reference_time
#   datatype: float64
#   unit: d
#   description: Reference time used for the geometric model fit
#   meta:
#     ucd: time.epoch
# - 
#   name: frequency
#   datatype: float64
#   unit: d**-1
#   description: Frequency of geometric model of the eclipsing binary light curve
#   meta:
#     ucd: src.orbital
# - 
#   name: frequency_error
#   datatype: float32
#   unit: d**-1
#   description: "Uncertainty of \\texttt{frequency}"
#   meta:
#     ucd: stat.error
# - 
#   name: geom_model_reference_level
#   datatype: float32
#   unit: mag
#   description: Magnitude reference level of geometric model
#   meta:
#     ucd: phot.mag;em.opt
# - 
#   name: geom_model_reference_level_error
#   datatype: float32
#   unit: mag
#   description: "Uncertainty of \\texttt{geomModelReferenceLevel}"
#   meta:
#     ucd: stat.error;phot.mag;em.opt
# - 
#   name: geom_model_gaussian1_phase
#   datatype: float32
#   description: Phase of the Gaussian 1 component
#   meta:
#     ucd: time.phase
# - 
#   name: geom_model_gaussian1_phase_error
#   datatype: float32
#   description: "Uncertainty of \\texttt{geomModelGaussian1Phase}"
#   meta:
#     ucd: stat.error;time.phase
# - 
#   name: geom_model_gaussian1_sigma
#   datatype: float32
#   description: "Standard deviation [phase] of Gaussian 1 component"
#   meta:
#     ucd: stat.stdev
# - 
#   name: geom_model_gaussian1_sigma_error
#   datatype: float32
#   description: "Uncertainty of \\texttt{geomModelGaussian1Sigma}"
#   meta:
#     ucd: stat.error
# - 
#   name: geom_model_gaussian1_depth
#   datatype: float32
#   unit: mag
#   description: Magnitude depth of Gaussian 1 component
#   meta:
#     ucd: src.var.amplitude
# - 
#   name: geom_model_gaussian1_depth_error
#   datatype: float32
#   unit: mag
#   description: "Uncertainty of \\texttt{geomModelGaussian1Depth}"
#   meta:
#     ucd: stat.error;src.var.amplitude
# - 
#   name: geom_model_gaussian2_phase
#   datatype: float32
#   description: Phase of Gaussian 2 component
#   meta:
#     ucd: time.phase
# - 
#   name: geom_model_gaussian2_phase_error
#   datatype: float32
#   description: "Uncertainty of \\texttt{geomModelGaussian2Phase}"
#   meta:
#     ucd: stat.error;time.phase
# - 
#   name: geom_model_gaussian2_sigma
#   datatype: float32
[...]
#   datatype: float32
#   description: "Secondary eclipse: uncertainty of \\texttt{derivedSecondaryEclDuration}"
#   meta:
#     ucd: stat.error;time.duration
# - 
#   name: derived_secondary_ecl_depth
#   datatype: float32
#   unit: mag
#   description: "Secondary eclipse: depth"
#   meta:
#     ucd: src.var.amplitude
# - 
#   name: derived_secondary_ecl_depth_error
#   datatype: float32
#   unit: mag
#   description: "Secondary eclipse: uncertainty of \\texttt{derivedSecondaryEclDepth}"
#   meta:
#     ucd: stat.error;src.var.amplitude
solution_id,source_id,global_ranking,reference_time,frequency,frequency_error,geom_model_reference_level,geom_model_reference_level_error,geom_model_gaussian1_phase,geom_model_gaussian1_phase_error,geom_model_gaussian1_sigma,geom_model_gaussian1_sigma_error,geom_model_gaussian1_depth,geom_model_gaussian1_depth_error,geom_model_gaussian2_phase,geom_model_gaussian2_phase_error,geom_model_gaussian2_sigma,geom_model_gaussian2_sigma_error,geom_model_gaussian2_depth,geom_model_gaussian2_depth_error,geom_model_cosine_half_period_amplitude,geom_model_cosine_half_period_amplitude_error,geom_model_cosine_half_period_phase,geom_model_cosine_half_period_phase_error,model_type,num_model_parameters,reduced_chi2,derived_primary_ecl_phase,derived_primary_ecl_phase_error,derived_primary_ecl_duration,derived_primary_ecl_duration_error,derived_primary_ecl_depth,derived_primary_ecl_depth_error,derived_secondary_ecl_phase,derived_secondary_ecl_phase_error,derived_secondary_ecl_duration,derived_secondary_ecl_duration_error,derived_secondary_ecl_depth,derived_secondary_ecl_depth_error
375316653866487564,6586683062561996416,0.6125503,2217.282685727578,3.768287730696769,6.895811E-6,14.118284,0.017443288,0.25906366,0.0013536824,0.05240309,0.00434262,0.3357817,0.035733886,0.75018734,0.0023121834,0.057792358,0.0046088453,0.32691848,0.038670655,0.09708593,0.02048936,0.25906366,0.0013536824,"TWOGAUSSIANS_WITH_ELLIPSOIDAL_ON_ECLIPSE1",9,250.89774,0.25906366,0.0013536824,0.2934573,0.024318673,0.5299353,0.0107769715,0.75138736,0.0020436787,0.3236372,0.025809534,0.52055025,0.018456593
375316653866487564,6586698726307279488,0.564538,2197.5402591610637,2.842542010272091,4.1967058E-5,19.718533,0.0083479835,0.50365317,0.006206063,0.034754165,0.00561975,0.70890737,0.048369486,0.88535655,0.0018565567,0.011493448,0.004035247,0.097368956,0.0620208,null,null,null,null,"TWOGAUSSIANS",8,2.5677392,0.50365317,0.006206063,0.19462332,0.0314706,0.70890737,0.048369486,0.88535655,0.0018565567,0.06436331,0.022597382,0.097368956,0.0620208
375316653866487564,6586719067272478592,0.47336563,2235.655772735148,0.03146034161618617,1.8288505E-5,18.942354,0.009551969,0.30880037,0.0059477068,0.014198357,0.0039627035,0.19082965,0.017528696,0.6569301,0.008552318,0.14623772,0.009434471,0.34140548,0.017956685,null,null,null,null,"TWOGAUSSIANS",8,5.6557884,0.6569301,0.008552318,0.4,0.0,0.33942935,0.017954309,0.30915037,0.006126111,0.0795108,0.022191139,0.20900215,0.019677375
375316653866487564,6586733777535850368,0.6141665,2264.9511776320037,4.0878597163128125,6.2620425E-6,16.199678,0.004544174,0.20275629,0.0015374349,0.07838157,0.0023073056,0.30059078,0.0052109435,0.71069837,0.002032237,0.08924398,0.0037538991,0.1795247,0.0046841735,null,null,null,null,"TWOGAUSSIANS",8,8.10225,0.20275629,0.0015374349,0.4,0.0,0.2959957,0.004760224,0.71069837,0.002032237,0.4,0.0,0.17492956,0.0042107035
375316653866487564,6586746902955926016,0.4558784,2280.2127015837345,0.0791632123785783,1.5955324E-5,14.5058775,0.0010280595,0.11328041,0.0460791,0.029434115,0.015910786,0.1023051,0.09720419,0.681293,0.006386703,0.046295293,0.023763733,0.036976226,0.026892416,0.013339337,0.0014857989,0.681293,0.006386703,"TWOGAUSSIANS_WITH_ELLIPSOIDAL_ON_ECLIPSE2",9,14.060895,0.11434041,0.044467043,0.16483104,0.0891004,0.12446816,0.10377428,0.681293,0.006386703,0.25925362,0.1330769,0.06365486,0.026097242
375316653866487564,6586748552223289728,0.6248613,2256.0023686399836,4.122288531671718,4.291523E-6,18.627537,0.00422244,0.19769476,0.0019580654,0.030536627,0.0026405486,0.18130508,0.013841648,0.69628847,0.0035202631,0.04547896,0.002696846,0.5739396,0.03029292,0.12301488,0.006585798,0.19769476,0.0019580654,"TWOGAUSSIANS_WITH_ELLIPSOIDAL_ON_ECLIPSE1",9,2.3358521,0.69637847,0.0032655902,0.25468215,0.015102337,0.8199507,0.030026255,0.19769476,0.0019580654,0.17100511,0.014787072,0.42733407,0.01442511
375316653866487564,6586805967346034432,0.47191212,2298.8924115761056,0.03145684430087507,3.0148076E-5,16.282862,0.003740066,0.28176033,0.0038230412,0.02677618,0.0043728882,0.082097374,0.007916346,0.6694557,0.011027964,0.123939574,0.009879632,0.1985321,0.03740219,null,null,null,null,"TWOGAUSSIANS",8,7.82043,0.6694557,0.011027964,0.4,0.0,0.19840921,0.037467316,0.28209034,0.0037291322,0.14994662,0.024488173,0.083471194,0.007891714
375316653866487564,6586944471451449856,0.44669744,2256.8297478210657,0.6931659712161617,1.1901446E-5,19.060179,0.012007941,0.7293699,0.002750311,0.022656104,0.009466659,0.19037366,0.08625927,null,null,null,null,null,null,0.038827088,0.015981758,0.7293699,0.002750311,"ONEGAUSSIAN_WITH_ELLIPSOIDAL",6,4.3859196,0.7293699,0.002750311,0.12687418,0.05301329,0.26802778,0.0971608,null,null,null,null,null,null
375316653866487564,6586957459432557184,0.42640588,2266.080203272755,1.1321500225573673,9.1621885E-5,17.9325,0.013391604,0.22015226,0.031230355,0.08924376,0.029608421,0.095159575,0.033288058,0.75605756,0.012404939,0.072782874,0.017822979,0.13740945,0.014436887,null,null,null,null,"TWOGAUSSIANS",8,24.100328,0.75605756,0.012404939,0.4,0.052348558,0.13647273,0.014573429,0.22015226,0.031230355,0.4,0.0,0.09422274,0.03375844
375316653866487564,6586995220785132800,0.55572575,2280.724190234117,2.651730415712707,1.42338395E-5,11.558177,0.006737357,0.23338719,0.0037948547,0.024807403,0.0088507,0.0619966,0.014476569,0.7182715,0.01951939,0.034144208,0.021502398,0.046449102,0.017948475,0.12648654,0.009105247,0.23338719,0.0037948547,"TWOGAUSSIANS_WITH_ELLIPSOIDAL_ON_ECLIPSE1",9,197.14255,0.23338719,0.0037948547,0.13892145,0.04956392,0.31496957,0.006754067,0.7233515,0.016495299,0.19120757,0.12041343,0.2979063,0.0096349
375316653866487564,6586996423375974784,0.56790143,2216.304066708021,4.1630246776883535,6.948419E-6,16.898376,0.007565977,0.3401549,0.0020159206,0.04521415,0.004264818,0.453838,0.031195613,0.8341368,0.0038087375,0.038481075,0.0036431004,0.40942264,0.059604026,0.04445204,0.011196913,0.8341368,0.0038087375,"TWOGAUSSIANS_WITH_ELLIPSOIDAL_ON_ECLIPSE2",9,30.467756,0.33997488,0.0019540815,0.25319922,0.02388298,0.5426188,0.03435637,0.8341368,0.0038087375,0.21549402,0.020401362,0.49832666,0.05632542
375316653866487564,6587045209908625152,0.5230729,2281.6657819032453,0.6518147304326855,1.8974735E-5,19.876236,0.005178297,0.3088876,1.865901E-4,0.010167665,6.044744E-4,1.2355093,0.11228951,0.4451648,0.01062382,0.03406684,0.014132641,0.23415157,0.24240552,null,null,null,null,"TWOGAUSSIANS",8,1.2542562,0.3088876,1.8597233E-4,0.05693892,0.0033850567,1.2355877,0.11271413,0.4451648,0.01062382,0.19077432,0.079142794,0.23415157,0.24240552
375316653866487564,6587074282543192832,0.4455377,2246.813409400219,0.9594132105127648,3.24548E-5,18.060812,0.011130811,0.2200278,0.011416265,0.08449419,0.015430551,0.09390334,0.012028573,0.7305323,0.008218011,0.10148079,0.020362295,0.0950293,0.01601259,null,null,null,null,"TWOGAUSSIANS",8,6.664006,0.7305323,0.008218011,0.4,0.0,0.09068164,0.017291995,0.2200278,0.011419089,0.4,0.0,0.08955683,0.010238917
375316653866487564,6587110905728219648,0.5267655,2242.043588460683,4.530658337894197,4.925099E-6,19.350672,0.0067342157,0.2802101,0.0022492353,0.049048066,0.009907439,0.19165382,0.06158902,0.7824115,0.0014314478,0.04181599,0.0019520597,0.27534872,0.01836823,0.12032251,0.009838286,0.2802101,0.0022492353,"TWOGAUSSIANS_WITH_ELLIPSOIDAL_ON_ECLIPSE1",9,1.2786484,0.7824115,0.0014314478,0.23416953,0.010931534,0.515947,0.011729964,0.2802101,0.0022492353,0.27466917,0.05548166,0.4322981,0.06338613
375316653866487564,6587218795306962304,0.42621556,2367.6511668949884,0.031834474383401645,5.6488807E-5,14.008538,0.0033352585,0.40964404,0.01360782,0.10427236,0.01234948,0.045096148,0.007697092,0.82429254,0.005647283,0.02198851,0.005119403,0.02919877,0.012857076,null,null,null,null,"TWOGAUSSIANS",8,37.5791,0.40964404,0.01360782,0.4,0.0,0.045094557,0.0076959617,0.82429254,0.005647283,0.12313565,0.028668655,0.029213792,0.012862868
375316653866487564,6587229000148637312,0.5180977,2296.0439190290617,1.4372011297334601,7.959085E-6,15.877225,0.0099901445,0.20189616,0.0019577276,0.035940256,0.0033548535,0.43313706,0.020509312,0.7324849,0.013272547,0.053758755,0.008141913,0.13904956,0.03528595,0.02102438,0.018782858,0.20189616,0.0019577276,"TWOGAUSSIANS_WITH_ELLIPSOIDAL_ON_ECLIPSE1",9,170.81651,0.20189616,0.0019577276,0.20126542,0.01878718,0.47518533,0.025739884,0.7324849,0.013272547,0.30104902,0.045594715,0.17956363,0.031384613
375316653866487564,6587299063950963200,0.6168345,2298.1274035851798,1.5924193643115598,2.8891918E-6,18.117878,0.0032861766,0.29057005,0.00396463,0.028367521,0.0041542724,0.09205128,0.01911979,0.78596306,0.0028272334,0.03395699,0.0035213374,0.33682573,0.011157607,0.033138838,0.005094694,0.29057005,0.00396463,"TWOGAUSSIANS_WITH_ELLIPSOIDAL_ON_ECLIPSE1",9,2.0945294,0.78604305,0.002739794,0.19015914,0.019719489,0.40304884,0.008042045,0.29057005,0.00396463,0.15885812,0.023263926,0.15832895,0.017964307
375316653866487564,6587310986780208128,0.59818983,2324.9029128044253,2.765244411318458,1.877194E-5,15.228279,0.01615007,0.2511007,0.007986231,0.04469629,0.0126348995,0.40271166,0.034382854,0.756209,0.0018709096,0.039322928,0.0057385857,0.2668598,0.03356274,0.13879113,0.018857017,0.756209,0.0018709096,"TWOGAUSSIANS_WITH_ELLIPSOIDAL_ON_ECLIPSE2",9,170.21762,0.25160068,0.0068300823,0.25029922,0.07075544,0.6800355,0.0480894,0.756209,0.0018709096,0.22020839,0.03213608,0.54444146,0.010170689
375316653866487564,6587324485861775872,0.43972296,2318.4634447250223,1.0408546640483562,2.4445275E-5,18.843414,0.009101504,0.31745648,0.013002746,0.045732655,0.010573159,0.3543513,0.13365154,0.78262395,0.0059035956,0.015526534,0.009390126,1.1430465,6304.958,null,null,null,null,"TWOGAUSSIANS",8,15.7034,0.78262395,0.0059035956,0.08694859,0.052584704,1.1430465,6304.958,0.31745648,0.013002746,0.2561029,0.05920969,0.3543513,0.13365154
375316653866487564,6587367920866536192,0.6114085,2240.0709935874675,2.285434871100839,1.8286051E-5,17.452877,0.007345169,0.22933064,0.00230313,0.04236179,0.0021293815,0.71449023,0.024631025,0.73239833,0.0030023442,0.0349482,0.0033312952,0.3662279,0.022196162,0.07678507,0.012223159,0.22933064,0.00230313,"TWOGAUSSIANS_WITH_ELLIPSOIDAL_ON_ECLIPSE1",9,19.621708,0.22933064,0.00230313,0.23722601,0.011924537,0.86806023,0.01889079,0.73239833,0.0030023442,0.19570993,0.018655254,0.5197408,0.020662758
375316653866487564,6587408804660132480,0.5890236,2349.7519517690353,3.8317619443708124,3.8771273E-6,17.531996,0.0070361244,0.28230575,0.0069840387,0.040101726,0.016989464,0.10787505,0.21554646,0.78197885,0.0010232503,0.04057191,0.0033304598,0.39340428,0.023186667,0.051567152,0.009530901,0.28230575,0.0069840387,"TWOGAUSSIANS_WITH_ELLIPSOIDAL_ON_ECLIPSE1",9,7.121479,0.78198886,9.5321366E-4,0.2272027,0.018650575,0.49653795,0.028803091,0.28230575,0.0069840387,0.22456966,0.09514099,0.21100914,0.21278496
375316653866487564,6587428840682809216,0.59974587,2297.7785604391597,2.122219530463683,3.7477896E-6,17.868488,0.0041763186,0.20935006,0.0025297294,0.04102386,0.0023244761,0.23981933,0.010559075,0.71219283,8.905259E-4,0.03757856,0.001458376,0.35140792,0.0114753535,0.040407114,0.005352048,0.20935006,0.0025297294,"TWOGAUSSIANS_WITH_ELLIPSOIDAL_ON_ECLIPSE1",9,2.486974,0.71219283,8.905259E-4,0.21043994,0.0081669055,0.43219632,0.0123896,0.20935006,0.0025297294,0.22973363,0.013017067,0.32063353,0.0058168056
375316653866487564,6587485770473473536,0.47962844,2338.469787550101,0.13832449266340122,2.2774826E-5,18.715115,0.016946523,0.20699032,0.0080354335,0.037566442,0.005228626,0.20349617,0.023761494,0.72022784,0.010676942,0.16587502,0.027690552,0.16850863,0.013435171,null,null,null,null,"TWOGAUSSIANS",8,2.3588936,0.20689031,0.008054122,0.21037208,0.029280307,0.19564117,0.020697951,0.72022784,0.010676942,0.4,0.0,0.15697427,0.012139011
375316653866487564,6587551058271722112,0.4887335,2328.3343018165683,1.671830787546,5.044682E-5,16.611916,0.8870776,0.27023086,0.008757053,0.16073532,0.16903068,0.36716893,0.8744188,0.76196045,0.008437525,0.12067988,0.050521705,0.42830476,0.58629936,null,null,null,null,"TWOGAUSSIANS",8,81.890045,0.76196045,0.008437525,0.4,0.0,0.28372264,0.021574514,0.27034086,0.008620161,0.4,0.0,0.21686988,0.024150223
375316653866487564,6587566760672174080,0.56885904,2353.338015171748,1.7466787049858985,1.4653648E-5,17.15032,0.0050789365,0.21033606,0.008592016,0.07929341,0.013813381,0.076917924,0.0070099984,0.70472,0.0013865274,0.048900906,0.0035430025,0.29483074,0.01347576,null,null,null,null,"TWOGAUSSIANS",8,5.3903375,0.70472,0.0013865274,0.27384508,0.019840814,0.29472888,0.013541038,0.21033606,0.008592016,0.4,0.0,0.076816045,0.007043128
375316653866487564,6587583867526797568,0.53406906,2326.7232143342317,1.8409721832837238,5.6058598E-6,18.225061,0.0064176144,0.2534592,0.0019290808,0.02076847,0.007192917,0.21269184,0.046399623,0.7543333,0.0018999948,0.018048467,0.002171585,0.51603127,0.02360584,0.026402187,0.010023205,0.2534592,0.0019290808,"TWOGAUSSIANS_WITH_ELLIPSOIDAL_ON_ECLIPSE1",9,10.659763,0.7543333,0.0018999948,0.10107142,0.012160877,0.56883407,0.01738259,0.2534592,0.0019290808,0.11630343,0.040280335,0.2654962,0.05716265
375316653866487564,6587634032745033728,0.54553795,2306.890402001525,0.5203861222268286,3.602189E-5,19.023071,0.012778289,0.18623401,0.006709896,0.020434713,0.010113849,0.6619922,7.5390596,0.6870128,0.01317601,0.029007347,0.03919709,0.13755977,0.08699647,0.05564382,0.01683096,0.18623401,0.006709896,"TWOGAUSSIANS_WITH_ELLIPSOIDAL_ON_ECLIPSE1",9,2.4224622,0.18623401,0.006709896,0.11443439,0.056637555,0.7732796,7.539741,0.6870128,0.012322012,0.16244115,0.21950372,0.24884458,0.110968485
375316653866487564,6587657401662810880,0.5908805,2244.009737911126,1.7322135806590346,2.8470133E-6,11.354041,0.0036061034,0.28232646,7.090579E-4,0.09605519,0.0031445515,0.15230489,0.002976198,0.78417635,0.001809919,0.109584324,0.0041523944,0.14808233,0.0038063081,null,null,null,null,"TWOGAUSSIANS",8,7.870159,0.28232646,7.090579E-4,0.4,0.0,0.13708189,0.002952798,0.78417635,0.001809919,0.4,0.0,0.13285078,0.004255878
375316653866487564,6587681625278361728,0.5635421,2254.047884084396,2.7693914825030834,7.935862E-6,16.612633,0.008240674,0.26273373,0.0016935819,0.036026306,0.0026736592,0.3495429,0.021043206,0.7620927,0.0030962704,0.043228995,0.0062501035,0.1894793,0.019660681,0.036431532,0.013692248,0.26273373,0.0016935819,"TWOGAUSSIANS_WITH_ELLIPSOIDAL_ON_ECLIPSE1",9,27.970642,0.26273373,0.0016935819,0.20174731,0.014972492,0.4224058,0.014082272,0.76212275,0.0030025179,0.24208237,0.035000578,0.2623411,0.0138493255
375316653866487564,6587755361277030400,0.46271667,2290.0435221555053,1.918923601082739,2.410768E-5,16.23498,0.008362999,0.3191335,0.0048754863,0.023774957,0.004192251,0.22269343,0.040520333,0.79345584,0.013567815,0.03604514,0.009938831,0.115571156,0.017199116,null,null,null,null,"TWOGAUSSIANS",8,77.507065,0.3191335,0.0048754863,0.13313976,0.023476604,0.22269343,0.040520333,0.79345584,0.013567815,0.2018528,0.055657458,0.115571156,0.017199116
375316653866487564,6587818033439824768,0.58162326,2273.957010834393,0.11308608444456855,9.295108E-5,15.102192,0.0010273391,0.21171771,0.056218702,0.040122252,0.034757894,0.039603237,0.10640766,0.74351925,0.011163028,0.03611453,0.016971005,0.96915734,0.9210508,null,null,null,null,"TWOGAUSSIANS",8,7.30914,0.74351925,0.011163028,0.20224135,0.09503763,0.96915734,0.9210508,0.21171771,0.056218702,0.22468463,0.1946442,0.039603237,0.10640766
375316653866487564,6587849713118667392,0.59665453,2258.104592689439,2.9129719760717236,9.881575E-6,16.815657,0.008148854,0.2146421,0.004747626,0.08746923,0.007128765,0.2792884,0.009667182,0.7197131,0.001497005,0.085138984,0.0036707926,0.25610667,0.007476547,null,null,null,null,"TWOGAUSSIANS",8,7.801605,0.2146421,0.004747626,0.4,0.0,0.2718887,0.0105456,0.7197131,0.001497005,0.4,0.0,0.24870701,0.0047604297
375316653866487564,6587893792367103872,0.5036322,2296.53496876439,3.075474177579119,2.63127E-5,19.470112,0.0071280734,0.23613656,0.0038436912,0.055162467,0.0032991357,0.28963658,0.010857109,0.72972333,0.009589229,0.059330095,0.010658523,0.2569289,0.02148456,null,null,null,null,"TWOGAUSSIANS",8,1.9613724,0.23613656,0.0038436912,0.30890983,0.01847516,0.2896059,0.0108355945,0.72972333,0.009589229,0.3322485,0.05968773,0.25689816,0.021548232
375316653866487564,6588000346211512192,0.43967253,2281.1116588793034,3.0517682872638994,2.2836342E-5,13.51198,0.14773373,0.23430634,0.006690272,0.15384708,0.028665707,0.69351697,0.29513282,0.73087656,0.010188145,0.26533818,0.06305587,1.0175606,0.14704904,null,null,null,null,"TWOGAUSSIANS",8,100.912254,0.23685634,0.00584992,0.4,0.0,0.18978448,0.012869412,0.73087656,0.010188145,0.4,0.0,0.1776864,0.0241693
375316653866487564,6588044189237842688,0.53830963,2296.59529730799,2.155949736169085,5.5749297E-6,17.870264,0.0054329773,0.32535964,0.0018156271,0.0068299677,0.0033820462,0.06385853,0.09895749,0.79453665,2.713913E-4,0.02717888,3.8733502E-4,0.57179135,0.0060868985,null,null,null,null,"TWOGAUSSIANS",8,18.847456,0.79453665,2.713913E-4,0.15220173,0.0021690761,0.57179135,0.0060868985,0.32535964,0.0018156271,0.03824782,0.01893946,0.06385853,0.09895749
