Gaia/vari_eclipsing_binary/VariEclipsingBinary_678085-678151.csv
# %ECSV 1.0
# ---
# delimiter: ','
# meta: !!omap
# - RELEASE: Gaia DR3
# - TABLE: vari_eclipsing_binary
# - DESCRIPTION: >
#     This table describes the properties of the eclipsing binaries resulting from the variability analysis. 
# - CITATION: >
#     How to cite and acknowledge Gaia: 
#     https://gea.esac.esa.int/archive/documentation/credits.html 
# - KNOWN_ISSUES: >
#     Known issues: 
#     https://www.cosmos.esa.int/web/gaia-users/known-issues 
# - DOCUMENTATION: >
#     Tutorials and documentation: 
#     https://www.cosmos.esa.int/web/gaia-users/archive 
# datatype:
# - 
#   name: solution_id
#   datatype: int64
#   description: Solution Identifier
#   meta:
#     ucd: meta.version
# - 
#   name: source_id
#   datatype: int64
#   description: Unique source identifier
#   meta:
#     ucd: meta.id;meta.main
# - 
#   name: global_ranking
#   datatype: float32
#   description: Number between 0 (worst) and 1 (best)
#   meta:
#     ucd: stat.param
# - 
#   name: reference_time
#   datatype: float64
#   unit: d
#   description: Reference time used for the geometric model fit
#   meta:
#     ucd: time.epoch
# - 
#   name: frequency
#   datatype: float64
#   unit: d**-1
#   description: Frequency of geometric model of the eclipsing binary light curve
#   meta:
#     ucd: src.orbital
# - 
#   name: frequency_error
#   datatype: float32
#   unit: d**-1
#   description: "Uncertainty of \\texttt{frequency}"
#   meta:
#     ucd: stat.error
# - 
#   name: geom_model_reference_level
#   datatype: float32
#   unit: mag
#   description: Magnitude reference level of geometric model
#   meta:
#     ucd: phot.mag;em.opt
# - 
#   name: geom_model_reference_level_error
#   datatype: float32
#   unit: mag
#   description: "Uncertainty of \\texttt{geomModelReferenceLevel}"
#   meta:
#     ucd: stat.error;phot.mag;em.opt
# - 
#   name: geom_model_gaussian1_phase
#   datatype: float32
#   description: Phase of the Gaussian 1 component
#   meta:
#     ucd: time.phase
# - 
#   name: geom_model_gaussian1_phase_error
#   datatype: float32
#   description: "Uncertainty of \\texttt{geomModelGaussian1Phase}"
#   meta:
#     ucd: stat.error;time.phase
# - 
#   name: geom_model_gaussian1_sigma
#   datatype: float32
#   description: "Standard deviation [phase] of Gaussian 1 component"
#   meta:
#     ucd: stat.stdev
# - 
#   name: geom_model_gaussian1_sigma_error
#   datatype: float32
#   description: "Uncertainty of \\texttt{geomModelGaussian1Sigma}"
#   meta:
#     ucd: stat.error
# - 
#   name: geom_model_gaussian1_depth
#   datatype: float32
#   unit: mag
#   description: Magnitude depth of Gaussian 1 component
#   meta:
#     ucd: src.var.amplitude
# - 
#   name: geom_model_gaussian1_depth_error
#   datatype: float32
#   unit: mag
#   description: "Uncertainty of \\texttt{geomModelGaussian1Depth}"
#   meta:
#     ucd: stat.error;src.var.amplitude
# - 
#   name: geom_model_gaussian2_phase
#   datatype: float32
#   description: Phase of Gaussian 2 component
#   meta:
#     ucd: time.phase
# - 
#   name: geom_model_gaussian2_phase_error
#   datatype: float32
#   description: "Uncertainty of \\texttt{geomModelGaussian2Phase}"
#   meta:
#     ucd: stat.error;time.phase
# - 
#   name: geom_model_gaussian2_sigma
#   datatype: float32
[...]
#   datatype: float32
#   description: "Secondary eclipse: uncertainty of \\texttt{derivedSecondaryEclDuration}"
#   meta:
#     ucd: stat.error;time.duration
# - 
#   name: derived_secondary_ecl_depth
#   datatype: float32
#   unit: mag
#   description: "Secondary eclipse: depth"
#   meta:
#     ucd: src.var.amplitude
# - 
#   name: derived_secondary_ecl_depth_error
#   datatype: float32
#   unit: mag
#   description: "Secondary eclipse: uncertainty of \\texttt{derivedSecondaryEclDepth}"
#   meta:
#     ucd: stat.error;src.var.amplitude
solution_id,source_id,global_ranking,reference_time,frequency,frequency_error,geom_model_reference_level,geom_model_reference_level_error,geom_model_gaussian1_phase,geom_model_gaussian1_phase_error,geom_model_gaussian1_sigma,geom_model_gaussian1_sigma_error,geom_model_gaussian1_depth,geom_model_gaussian1_depth_error,geom_model_gaussian2_phase,geom_model_gaussian2_phase_error,geom_model_gaussian2_sigma,geom_model_gaussian2_sigma_error,geom_model_gaussian2_depth,geom_model_gaussian2_depth_error,geom_model_cosine_half_period_amplitude,geom_model_cosine_half_period_amplitude_error,geom_model_cosine_half_period_phase,geom_model_cosine_half_period_phase_error,model_type,num_model_parameters,reduced_chi2,derived_primary_ecl_phase,derived_primary_ecl_phase_error,derived_primary_ecl_duration,derived_primary_ecl_duration_error,derived_primary_ecl_depth,derived_primary_ecl_depth_error,derived_secondary_ecl_phase,derived_secondary_ecl_phase_error,derived_secondary_ecl_duration,derived_secondary_ecl_duration_error,derived_secondary_ecl_depth,derived_secondary_ecl_depth_error
[from data line 616]
375316653866487564,5965037330176852864,0.4953611,2292.2954577047376,0.2801733289044736,6.2026294E-5,19.503584,0.005026331,0.25716397,0.00460569,0.024997916,0.0070851175,0.38666007,0.05307063,0.76191366,0.0076528704,0.036523916,0.0069941627,0.094313286,0.021379462,null,null,null,null,"TWOGAUSSIANS",8,2.3062713,0.25716397,0.00460569,0.13998833,0.03967666,0.38666007,0.05307063,0.76191366,0.0076528704,0.20453392,0.03916731,0.094313286,0.021379462
375316653866487564,5965038322299572608,0.52512664,2310.1189793742537,2.320847482586337,1.7633902E-5,18.64388,0.021320397,0.15929128,0.0043069855,0.10177148,0.010715114,0.25478104,0.02007729,0.66804445,0.00430412,0.10533592,0.010218638,0.2696311,0.019427793,null,null,null,null,"TWOGAUSSIANS",8,2.799927,0.66804445,0.00430412,0.4,0.0,0.24396986,0.0101030795,0.15929128,0.0043097697,0.4,0.0,0.22912404,0.009215045
375316653866487564,5965038356658107776,0.56275874,2310.6115341077902,3.0568432527437257,1.1870015E-5,18.044283,0.0053228377,0.15179372,0.002405881,0.07822782,0.0028126296,0.40222707,0.011682724,0.6423023,0.0028886215,0.08873844,0.0032453733,0.46695223,0.015596941,null,null,null,null,"TWOGAUSSIANS",8,7.8203526,0.6423023,0.0028886215,0.4,0.0,0.45868835,0.016210975,0.15179372,0.002405881,0.4,0.0,0.39396334,0.011831997
375316653866487564,5965038494098681728,0.5206881,2311.5590803024306,0.30680271754844407,3.967413E-5,16.668198,0.014854237,0.22267482,0.012726309,0.045035712,0.019473862,0.515933,0.38296565,0.73630106,0.007046249,0.035593163,0.008378568,0.14060915,0.042717937,0.05087189,0.017346429,0.22267482,0.012726309,"TWOGAUSSIANS_WITH_ELLIPSOIDAL_ON_ECLIPSE1",9,5.819417,0.22267482,0.012726309,0.2522,0.10905362,0.6176765,0.39302808,0.73630106,0.007046249,0.19932172,0.046919983,0.24160868,0.036371853
375316653866487564,5965039563543986304,0.5041941,2309.574734008585,0.6829027836678289,9.7772056E-5,19.665546,0.0059871445,0.25870186,0.015798187,0.039838936,0.009543063,0.55152464,0.115218446,0.79537874,0.005761428,0.03709411,0.005101268,0.1237744,0.03465581,null,null,null,null,"TWOGAUSSIANS",8,1.9416296,0.25870186,0.015798187,0.22309804,0.053441152,0.55152464,0.11521844,0.79537874,0.005761428,0.20772702,0.028567102,0.1237744,0.03465581
375316653866487564,5965039593608114048,0.55097187,2317.3137849169098,0.7307871061930623,2.569539E-4,17.647593,0.0017321231,0.2650346,0.024906969,0.03809523,0.016823817,0.008599776,0.0058779325,0.5378587,0.0014421757,0.025084747,0.0010871262,0.29862493,0.0051750843,null,null,null,null,"TWOGAUSSIANS",8,3.2995956,0.5378587,0.0014421757,0.14047459,0.0060879067,0.29862493,0.0051750843,0.2650346,0.024906969,0.2133333,0.09421338,0.008599776,0.0058779325
375316653866487564,5965041693845513984,0.6115276,2323.652037071031,2.0305100353568792,8.610468E-6,17.651432,0.018070312,0.2237495,0.0019301893,0.063459426,0.004909941,0.32701957,0.038054295,0.72260076,0.0022981395,0.056361187,0.007128525,0.22202381,0.034604166,0.07906851,0.020239392,0.2237495,0.0019301893,"TWOGAUSSIANS_WITH_ELLIPSOIDAL_ON_ECLIPSE1",9,5.0506983,0.2237495,0.0019301893,0.3553728,0.027495671,0.48500842,0.01248826,0.72277075,0.0019006524,0.31562263,0.039919738,0.3800057,0.019601446
375316653866487564,5965042655936875904,0.5775584,2312.4991928732065,1.2500033880861374,1.5960752E-5,17.96908,0.004555429,0.2234838,0.0066788443,0.07753617,0.011181,0.1114876,0.005628992,0.72924334,0.0018971922,0.069989435,0.0023271327,0.26427758,0.0057807947,null,null,null,null,"TWOGAUSSIANS",8,2.1372724,0.72924334,0.0018971922,0.39194083,0.013031944,0.26334694,0.005324231,0.2234838,0.0066788443,0.4,0.0,0.11055695,0.005867333
375316653866487564,5965042759015575168,0.6003039,2298.5279827907984,0.7831515456430475,5.94926E-6,16.304043,0.00620204,0.25888932,0.0015225784,0.08525512,0.00266974,0.23785059,0.0073578153,0.7502665,0.0013693628,0.07981327,0.002252178,0.39142698,0.006837924,null,null,null,null,"TWOGAUSSIANS",8,14.012369,0.7502665,0.0013693628,0.4,0.0,0.38620237,0.0063739107,0.25888932,0.0015225784,0.4,0.0,0.23262599,0.006745563
375316653866487564,5965042793357112320,0.50754166,2262.077063847272,0.6313571692780829,4.464245E-5,19.926847,0.0051383534,0.31150573,0.037208267,0.030733315,0.037357748,0.18417732,null,0.796367,0.005081344,0.030946312,0.003666947,0.59897417,0.09590213,null,null,null,null,"TWOGAUSSIANS",8,2.4821131,0.796367,0.005081344,0.17329934,0.020534903,0.59897417,0.09590213,0.31150573,0.037208267,0.17210656,0.20920338,0.18417732,null
375316653866487564,5965042995224294400,0.5645654,2298.950317547612,0.16594031735888232,2.500374E-5,19.579348,0.0058115046,0.23916826,0.0015631279,0.027661638,0.0011791511,0.6874524,0.021928376,0.72583896,0.010998668,0.012462657,0.009085014,0.12942696,0.025388086,0.07524285,0.006438332,0.23916826,0.0015631279,"TWOGAUSSIANS_WITH_ELLIPSOIDAL_ON_ECLIPSE1",9,1.5979649,0.23916826,0.0015631279,0.15490519,0.0066032466,0.83793783,0.021063926,0.7260289,0.010905337,0.06979088,0.05087608,0.2788741,0.028970314
375316653866487564,5965044614441909632,0.66104096,2309.4196192258596,0.6414520806680524,4.551344E-6,17.386835,0.0020763108,0.26118898,0.010908794,0.032104798,0.007091634,0.08542101,0.0102988845,0.76659954,5.381755E-4,0.028362034,4.9469183E-4,1.0329932,0.027000822,0.009941848,0.0036499705,0.26118898,0.010908794,"TWOGAUSSIANS_WITH_ELLIPSOIDAL_ON_ECLIPSE1",9,4.2617555,0.76659954,5.381755E-4,0.1588274,0.0027702742,1.052854,0.027540525,0.26118898,0.010908794,0.17978686,0.03971315,0.10530469,0.007645052
375316653866487564,5965044781930838272,0.5693408,2337.542161299341,2.630326194474166,9.968229E-6,18.926237,0.0075634113,0.27044347,0.001844784,0.06734845,0.0023245555,0.618263,0.019636862,0.770111,0.0019296777,0.06470085,0.0026024268,0.47383633,0.016347272,null,null,null,null,"TWOGAUSSIANS",8,2.9537463,0.27044347,0.001844784,0.37715134,0.013017511,0.61743534,0.019688437,0.770111,0.0019296777,0.36232477,0.014573591,0.47300866,0.01639833
375316653866487564,5965045984522099840,0.5638873,2301.810163204349,0.2694591854857228,2.4860561E-5,18.781584,0.0072773583,0.195521,9.64564E-4,0.020891445,0.0014395239,0.62680846,0.01966303,0.70164305,0.0061420794,0.032538258,0.012559788,0.039118733,0.013873934,0.03716644,0.0073332703,0.195521,9.64564E-4,"TWOGAUSSIANS_WITH_ELLIPSOIDAL_ON_ECLIPSE1",9,3.1190145,0.195521,9.64564E-4,0.11699209,0.008061334,0.7011413,0.01804371,0.70164305,0.0061420794,0.18221425,0.070334814,0.11334167,0.006365212
375316653866487564,5965046087601288192,0.5366766,2343.8303844239945,2.1738371534769647,9.84981E-6,19.010805,0.013977217,0.24677508,0.0024543512,0.08365323,0.0052260114,0.4447817,0.026600694,0.7476643,0.002772954,0.08389929,0.009603817,0.4173088,0.043695603,null,null,null,null,"TWOGAUSSIANS",8,3.5587697,0.24677508,0.0024543512,0.4,0.0,0.43490246,0.027304089,0.7476643,0.002772954,0.4,0.0,0.40742958,0.048767995
375316653866487564,5965046568635067648,0.55163366,2319.917968880403,0.1276132938706771,2.7903605E-5,12.208819,9.640061E-4,0.4274354,0.0028003326,0.024575507,0.0017594731,0.16432472,0.013191894,0.9017863,0.0039775264,0.0036094831,0.0026354895,0.3495503,0.14623207,0.0011361451,0.0016153875,0.9017863,0.0039775264,"TWOGAUSSIANS_WITH_ELLIPSOIDAL_ON_ECLIPSE2",9,107.52266,0.9017863,0.0039775264,0.020213107,0.014758741,0.35182258,0.14606588,0.4274154,0.0027952653,0.13762285,0.009853049,0.16653854,0.0133866975
375316653866487564,5965046710385609728,0.50047624,2316.14449589646,2.9385212830996004,1.9313815E-5,19.62626,0.016189335,0.27443185,0.0041383123,0.07066945,0.0056797764,0.45904452,0.020688973,0.7741293,0.0055575585,0.07560829,0.007564553,0.38937595,0.020254036,null,null,null,null,"TWOGAUSSIANS",8,2.6919835,0.27443185,0.0041383123,0.39574894,0.02643721,0.45661655,0.020353666,0.7741293,0.0055575585,0.4,0.0,0.386948,0.019797439
375316653866487564,5965047427637903488,0.49645683,2314.9820409266827,0.1373909421666393,5.515702E-5,18.761189,0.0037588233,0.6565733,0.0035357727,0.008760782,0.0022010866,0.6786688,0.07245258,null,null,null,null,null,null,null,null,null,null,"ONEGAUSSIAN",5,4.104039,0.6565733,0.0035357727,0.04906038,0.012326084,0.6786688,0.0,null,null,null,null,null,null
375316653866487564,5965047461988301568,0.52668995,2330.688177174014,2.737165818157759,1.4135792E-5,17.03443,0.0026235548,0.2587981,0.0028015508,0.07045897,0.004407286,0.101112835,0.0051707663,0.7519144,0.0049743196,0.07185594,0.004168344,0.12221535,0.004977392,null,null,null,null,"TWOGAUSSIANS",8,3.4008358,0.7519144,0.0049743196,0.4,0.017940572,0.121823944,0.004914707,0.2587981,0.0028015508,0.39457026,0.020668358,0.100721434,0.0051970514
375316653866487564,5965047771228990720,0.48517337,2296.1058833345105,2.3455224035664433,1.9535513E-5,19.745956,0.016164787,0.22805652,0.008623773,0.08216343,0.010208727,0.3540419,0.037365973,0.71803707,0.0052805133,0.07318464,0.0068763546,0.38896516,0.02064906,null,null,null,null,"TWOGAUSSIANS",8,3.2645516,0.71803707,0.0052805133,0.4,0.013551202,0.38559365,0.019978238,0.22805652,0.008623773,0.4,0.0,0.3506704,0.038154785
375316653866487564,5965048119142383616,0.4496303,2309.2668812643765,0.8478812794167498,6.097015E-5,18.101585,0.013609713,0.24660856,0.010019876,0.077643976,0.016419731,0.08829649,0.017248722,0.7094362,0.020395484,0.12847969,0.05106569,0.035928488,0.013125523,null,null,null,null,"TWOGAUSSIANS",8,2.623941,0.24669856,0.00998599,0.4,0.006646139,0.08520059,0.01518562,0.7094362,0.020395484,0.4,0.0,0.032772142,0.0072753676
375316653866487564,5965048290933595136,0.47279337,2315.19836934121,0.43606022258267707,3.3982426E-5,18.667133,0.0038297065,0.69405717,8.229703E-4,0.025123421,0.0011527522,0.2256425,0.0039205677,0.5200511,0.019956125,0.06464726,0.029755244,0.023424074,0.011781853,null,null,null,null,"TWOGAUSSIANS",8,2.4267156,0.69398713,7.678219E-4,0.14069116,0.006455412,0.2262693,0.0042257565,0.5200511,0.019956125,0.36202464,0.16662937,0.023424074,0.011781853
375316653866487564,5965048836377789312,0.53384537,2312.713345920932,2.5667613666738682,2.227938E-5,17.070326,0.014934628,0.24546143,0.004938026,0.10065246,0.010559379,0.19600172,0.013533788,0.7368798,0.0024363035,0.09729138,0.009206641,0.19058536,0.012509672,null,null,null,null,"TWOGAUSSIANS",8,10.704975,0.24546143,0.004938026,0.4,0.0,0.18175413,0.008021183,0.7368798,0.0024363035,0.4,0.0,0.17633885,0.0073331837
375316653866487564,5965049699667576448,0.48510766,2303.2146043959197,2.8702482954268094,1.2870657E-4,18.96004,0.01195173,0.25411513,0.0026214842,0.049022153,0.0030795357,0.7657315,0.032001592,0.7580591,0.01196939,0.049303897,0.008372134,0.19591568,0.032496005,null,null,null,null,"TWOGAUSSIANS",8,26.451519,0.25411513,0.0026214842,0.27452406,0.017245399,0.76572996,0.032002002,0.7580591,0.01196939,0.27610183,0.04688395,0.19591418,0.03249702
375316653866487564,5965050043265208064,0.53337234,2298.687073008331,0.2429963977189913,3.9216753E-5,18.150948,0.0031566299,0.3883915,0.001719095,0.023303626,0.003041522,0.039583605,0.00279303,0.78565675,0.0019871492,0.020593563,0.0017130675,0.37117606,0.055791195,null,null,null,null,"TWOGAUSSIANS",8,3.3429968,0.78565675,0.0019871492,0.11532395,0.0095931785,0.37117606,0.055791195,0.3883915,0.001719095,0.13050032,0.017032525,0.039583605,0.00279303
375316653866487564,5965050112000227328,0.4988866,2305.1289982613835,1.8491456092511525,2.0960286E-5,18.20271,0.005358224,0.18941157,0.0032134785,0.05548019,0.004220085,0.25465214,0.009174241,0.6845598,0.009446747,0.05492711,0.006573843,0.17400147,0.01342059,null,null,null,null,"TWOGAUSSIANS",8,7.6901317,0.18941157,0.0032134785,0.31068906,0.023632478,0.25463998,0.009174886,0.6845598,0.009446747,0.30759183,0.03681352,0.17398933,0.013418019
375316653866487564,5965051280230841344,0.5230936,2296.940564985498,0.3774353960140676,5.0106184E-5,16.071653,7.040012E-4,0.3666949,0.008691798,0.017798487,0.004652976,0.12744023,0.037147302,0.8730285,0.007772768,0.008337674,0.008041755,0.1426177,1.44854512E8,null,null,null,null,"TWOGAUSSIANS",8,4.0835257,0.8730285,0.007772768,0.04669097,0.04503383,0.1426177,1.44854512E8,0.3666949,0.008691798,0.09967152,0.026056666,0.12744023,0.037147302
375316653866487564,5965052409794239232,0.530244,2319.9475053572996,2.5971457111885345,1.4100635E-5,19.284689,0.0100435885,0.18674482,0.004496639,0.085032575,0.006947832,0.31588998,0.012318216,0.6969096,0.0024562068,0.091664076,0.0040889173,0.35534737,0.0135751935,null,null,null,null,"TWOGAUSSIANS",8,2.0088003,0.6969096,0.0024562068,0.4,0.0,0.3449578,0.012734389,0.18674482,0.004496639,0.4,0.0,0.3055007,0.011948219
375316653866487564,5965053440585098624,0.5969198,2320.8661176013234,2.574468232349384,7.939345E-6,18.11603,0.006315792,0.25182527,0.0018574605,0.0805919,0.0025049152,0.42473367,0.010344032,0.75367695,0.0013381001,0.08023605,0.0019466408,0.39501792,0.0081942985,null,null,null,null,"TWOGAUSSIANS",8,3.2727385,0.25182527,0.0018574605,0.4,0.0,0.41843802,0.010297927,0.75367695,0.0013381001,0.4,0.0,0.38872227,0.0076593184
375316653866487564,5965053509302152576,0.47633746,2342.335904237031,0.26923883543257304,7.255374E-5,16.957645,0.007224445,0.13963613,4.683696E-4,0.0065743895,6.509954E-4,0.4239754,0.022440761,0.74418396,0.021524765,0.0089814095,0.03129613,0.12718536,0.10464742,0.006438067,0.010244391,0.13963613,4.683696E-4,"TWOGAUSSIANS_WITH_ELLIPSOIDAL_ON_ECLIPSE1",9,89.33041,0.13963613,4.683696E-4,0.036816582,0.0036455742,0.4368515,0.030862488,0.74418396,0.021524765,0.05029589,0.17525834,0.13525988,0.106892854
375316653866487564,5965055021131420032,0.5366579,2326.428028199821,1.6301042459813302,5.7928384E-5,18.487135,0.00527143,0.122122474,0.006009001,0.08676121,0.0070695924,0.14751516,0.008369133,0.61737317,0.0021740668,0.07733178,0.0046048947,0.27322567,0.011800099,null,null,null,null,"TWOGAUSSIANS",8,2.1685116,0.61737317,0.0021740668,0.4,0.0,0.26977965,0.012530865,0.122122474,0.006009001,0.4,0.0,0.14406915,0.008241366
375316653866487564,5965055742688007424,0.53699994,2319.744364739309,2.688949341037263,1.7058124E-5,18.662634,0.012631551,0.24773578,0.0016898238,0.090334825,0.0043648905,0.3190522,0.012767467,0.7522591,0.0038457373,0.08836159,0.0063318876,0.3164371,0.018378187,null,null,null,null,"TWOGAUSSIANS",8,3.227929,0.24773578,0.0016898238,0.4,0.0,0.30724514,0.010347136,0.7522591,0.0038457373,0.4,0.0,0.30463013,0.01830649
375316653866487564,5965056674696086272,0.55640066,2310.4877864072027,3.0695129812318127,1.3602716E-5,19.469072,0.012638745,0.2568205,0.0029955676,0.03192713,0.009430156,0.24446945,0.029776704,0.76591027,0.0038388849,0.05139053,0.0078410115,0.25487086,0.08883044,0.10827088,0.016023388,0.2568205,0.0029955676,"TWOGAUSSIANS_WITH_ELLIPSOIDAL_ON_ECLIPSE1",9,1.2283711,0.76591027,0.0038388849,0.28778696,0.043909665,0.47070548,0.087597124,0.2568205,0.0029955676,0.17879193,0.052808873,0.46100962,0.046009224
375316653866487564,5965056704758717056,0.57190067,2318.6153367326137,1.284442563776046,1.478471E-5,18.140953,0.0073413067,0.23520482,0.0029831417,0.040334396,0.0048856614,0.14458233,0.016458452,0.73610294,0.002054532,0.044395406,0.002159251,0.45765188,0.026612714,0.036017064,0.008646683,0.23520482,0.0029831417,"TWOGAUSSIANS_WITH_ELLIPSOIDAL_ON_ECLIPSE1",9,3.7131875,0.73610294,0.0020478358,0.24861427,0.012091805,0.52968353,0.02471507,0.23520482,0.0029831417,0.2258726,0.027359704,0.21661626,0.008009625
375316653866487564,5965056807837194496,0.5293796,2328.3937714480708,2.7719879448063667,1.5101661E-5,17.598873,0.003990396,0.2561401,0.0035320818,0.07926573,0.0048770676,0.13869062,0.006065933,0.7634883,0.0047736773,0.070219845,0.0063978154,0.13409184,0.007133979,null,null,null,null,"TWOGAUSSIANS",8,4.0862765,0.2561401,0.0035320818,0.4,0.0,0.13783138,0.0060146153,0.7634883,0.0047736773,0.39323115,0.03454354,0.1332326,0.007169758
