Gaia/vari_eclipsing_binary/VariEclipsingBinary_100752-101392.csv
# %ECSV 1.0
# ---
# delimiter: ','
# meta: !!omap
# - RELEASE: Gaia DR3
# - TABLE: vari_eclipsing_binary
# - DESCRIPTION: >
#     This table describes the properties of the eclipsing binaries resulting from the variability analysis. 
# - CITATION: >
#     How to cite and acknowledge Gaia: 
#     https://gea.esac.esa.int/archive/documentation/credits.html 
# - KNOWN_ISSUES: >
#     Known issues: 
#     https://www.cosmos.esa.int/web/gaia-users/known-issues 
# - DOCUMENTATION: >
#     Tutorials and documentation: 
#     https://www.cosmos.esa.int/web/gaia-users/archive 
# datatype:
# - 
#   name: solution_id
#   datatype: int64
#   description: Solution Identifier
#   meta:
#     ucd: meta.version
# - 
#   name: source_id
#   datatype: int64
#   description: Unique source identifier
#   meta:
#     ucd: meta.id;meta.main
# - 
#   name: global_ranking
#   datatype: float32
#   description: Number between 0 (worst) and 1 (best)
#   meta:
#     ucd: stat.param
# - 
#   name: reference_time
#   datatype: float64
#   unit: d
#   description: Reference time used for the geometric model fit
#   meta:
#     ucd: time.epoch
# - 
#   name: frequency
#   datatype: float64
#   unit: d**-1
#   description: Frequency of geometric model of the eclipsing binary light curve
#   meta:
#     ucd: src.orbital
# - 
#   name: frequency_error
#   datatype: float32
#   unit: d**-1
#   description: "Uncertainty of \\texttt{frequency}"
#   meta:
#     ucd: stat.error
# - 
#   name: geom_model_reference_level
#   datatype: float32
#   unit: mag
#   description: Magnitude reference level of geometric model
#   meta:
#     ucd: phot.mag;em.opt
# - 
#   name: geom_model_reference_level_error
#   datatype: float32
#   unit: mag
#   description: "Uncertainty of \\texttt{geomModelReferenceLevel}"
#   meta:
#     ucd: stat.error;phot.mag;em.opt
# - 
#   name: geom_model_gaussian1_phase
#   datatype: float32
#   description: Phase of the Gaussian 1 component
#   meta:
#     ucd: time.phase
# - 
#   name: geom_model_gaussian1_phase_error
#   datatype: float32
#   description: "Uncertainty of \\texttt{geomModelGaussian1Phase}"
#   meta:
#     ucd: stat.error;time.phase
# - 
#   name: geom_model_gaussian1_sigma
#   datatype: float32
#   description: "Standard deviation [phase] of Gaussian 1 component"
#   meta:
#     ucd: stat.stdev
# - 
#   name: geom_model_gaussian1_sigma_error
#   datatype: float32
#   description: "Uncertainty of \\texttt{geomModelGaussian1Sigma}"
#   meta:
#     ucd: stat.error
# - 
#   name: geom_model_gaussian1_depth
#   datatype: float32
#   unit: mag
#   description: Magnitude depth of Gaussian 1 component
#   meta:
#     ucd: src.var.amplitude
# - 
#   name: geom_model_gaussian1_depth_error
#   datatype: float32
#   unit: mag
#   description: "Uncertainty of \\texttt{geomModelGaussian1Depth}"
#   meta:
#     ucd: stat.error;src.var.amplitude
# - 
#   name: geom_model_gaussian2_phase
#   datatype: float32
#   description: Phase of Gaussian 2 component
#   meta:
#     ucd: time.phase
# - 
#   name: geom_model_gaussian2_phase_error
#   datatype: float32
#   description: "Uncertainty of \\texttt{geomModelGaussian2Phase}"
#   meta:
#     ucd: stat.error;time.phase
# - 
#   name: geom_model_gaussian2_sigma
#   datatype: float32
[...]
#   datatype: float32
#   description: "Secondary eclipse: uncertainty of \\texttt{derivedSecondaryEclDuration}"
#   meta:
#     ucd: stat.error;time.duration
# - 
#   name: derived_secondary_ecl_depth
#   datatype: float32
#   unit: mag
#   description: "Secondary eclipse: depth"
#   meta:
#     ucd: src.var.amplitude
# - 
#   name: derived_secondary_ecl_depth_error
#   datatype: float32
#   unit: mag
#   description: "Secondary eclipse: uncertainty of \\texttt{derivedSecondaryEclDepth}"
#   meta:
#     ucd: stat.error;src.var.amplitude
solution_id,source_id,global_ranking,reference_time,frequency,frequency_error,geom_model_reference_level,geom_model_reference_level_error,geom_model_gaussian1_phase,geom_model_gaussian1_phase_error,geom_model_gaussian1_sigma,geom_model_gaussian1_sigma_error,geom_model_gaussian1_depth,geom_model_gaussian1_depth_error,geom_model_gaussian2_phase,geom_model_gaussian2_phase_error,geom_model_gaussian2_sigma,geom_model_gaussian2_sigma_error,geom_model_gaussian2_depth,geom_model_gaussian2_depth_error,geom_model_cosine_half_period_amplitude,geom_model_cosine_half_period_amplitude_error,geom_model_cosine_half_period_phase,geom_model_cosine_half_period_phase_error,model_type,num_model_parameters,reduced_chi2,derived_primary_ecl_phase,derived_primary_ecl_phase_error,derived_primary_ecl_duration,derived_primary_ecl_duration_error,derived_primary_ecl_depth,derived_primary_ecl_depth_error,derived_secondary_ecl_phase,derived_secondary_ecl_phase_error,derived_secondary_ecl_duration,derived_secondary_ecl_duration_error,derived_secondary_ecl_depth,derived_secondary_ecl_depth_error
[from data line 558]
375316653866487564,890454717415943808,0.46255192,2206.302549540054,0.7893833081481871,4.051482E-5,17.867067,0.010279419,0.23275994,0.009243501,0.07732172,0.015678065,0.13129951,0.0104668345,0.7147218,0.021543963,0.06320872,0.008269009,0.15173654,0.042108167,null,null,null,null,"TWOGAUSSIANS",8,5.415853,0.7147218,0.021543963,0.35396883,0.04630645,0.15142457,0.04208649,0.23275994,0.009243501,0.4,0.023229534,0.13098754,0.010361626
375316653866487564,890462959457033088,0.56390744,2243.155545448722,1.9219565216909347,3.340279E-5,17.31258,0.013298208,0.25075722,0.0047808983,0.09860161,0.0081194565,0.20470862,0.013183692,0.75364614,0.0052529713,0.08605999,0.0145564955,0.21962132,0.029998414,null,null,null,null,"TWOGAUSSIANS",8,4.6596637,0.75364614,0.0052529713,0.4,0.0,0.20928036,0.036675535,0.25075722,0.0047808983,0.4,0.0,0.1943666,0.006827933
375316653866487564,890478730575929856,0.54473585,2227.1334254894464,3.3872175449329114,1.5658188E-5,16.633427,0.029125404,0.26082864,0.0026161901,0.083162926,0.013684596,0.43015203,0.07446845,0.7739882,0.0061477073,0.08288537,0.011865841,0.36194822,0.039972343,null,null,null,null,"TWOGAUSSIANS",8,64.01343,0.26082864,0.0026161901,0.4,0.0,0.4234972,0.0801939,0.7739882,0.0061477073,0.4,0.0,0.3552934,0.04098073
375316653866487564,890485911762297088,0.49988806,2217.5767861991612,0.027779241801230967,1.1052517E-5,19.10402,0.01586628,0.16170445,0.0017970017,0.037426725,0.0033921911,1.0259982,0.35034907,0.7487184,0.003866298,0.08774075,0.018805377,0.25865144,0.06859331,null,null,null,null,"TWOGAUSSIANS",8,3.8910158,0.16170445,0.0017970017,0.20958966,0.01899627,1.0259905,0.35035667,0.7487184,0.003866298,0.4,0.005829534,0.25863966,0.06860616
375316653866487564,890491001299583104,0.50900936,2262.6822464316374,4.5332628800275705,5.083101E-5,15.976074,0.0072717196,0.29992074,0.00990688,0.06376644,0.007765274,0.2632115,0.051112276,0.7629709,0.0068140663,0.041425694,0.017573627,0.26477104,3.8121815,null,null,null,null,"TWOGAUSSIANS",8,84.278625,0.7629709,0.0068140663,0.23198389,0.098412305,0.2647699,3.8121827,0.29992074,0.00990688,0.35709208,0.043485533,0.26321036,0.05111325
375316653866487564,890493883221785216,0.45541996,2252.529369282559,0.02791531435440858,1.3380918E-4,19.550432,0.018091649,0.2176951,0.017348265,0.09578187,0.0166613,0.20327045,0.025676345,0.74217534,0.018132512,0.08063228,0.011996022,0.21883933,0.025604445,null,null,null,null,"TWOGAUSSIANS",8,3.6537044,0.74217534,0.018146375,0.4,0.0,0.21380036,0.024172973,0.2176951,0.017348265,0.4,0.0,0.1982305,0.02560423
375316653866487564,890496430136321280,0.5685843,2262.2694332765477,3.72088869988068,3.9288716E-5,14.690321,0.011939039,0.3216151,0.006531724,0.046275012,0.0076097595,0.27611256,0.050880626,0.83666515,0.028150821,0.043434046,0.014725928,0.3892765,1.1930422,null,null,null,null,"TWOGAUSSIANS",8,19.210894,0.83666515,0.028150821,0.24323067,0.082465194,0.38927647,1.1930422,0.3216151,0.006531724,0.25914007,0.042614654,0.2761125,0.050880656
375316653866487564,890507562693351680,0.6342747,2230.031449836277,4.214123733431161,9.290835E-6,17.458559,0.012667494,0.20029621,0.0021240853,0.039251857,0.008299601,0.2104139,0.02910149,0.69003284,0.015611932,0.037964262,0.014775891,0.3044705,0.07241786,0.14113119,0.019908566,0.20029621,0.0021240853,"TWOGAUSSIANS_WITH_ELLIPSOIDAL_ON_ECLIPSE1",9,5.0267763,0.69101286,0.014573903,0.21259987,0.082744986,0.58567196,0.09364119,0.20029621,0.0021240853,0.2198104,0.04647777,0.49267602,0.028996065
375316653866487564,890523088998140416,0.56380117,2168.143112588195,3.9558251018199777,1.0656847E-4,18.13856,0.0039551286,0.47786027,0.01602263,0.04978743,0.008864082,0.3923349,0.37503687,0.7868329,0.053053614,0.050965115,0.03523687,0.1311971,0.8414377,null,null,null,null,"TWOGAUSSIANS",8,4.214223,0.47786027,0.01602263,0.2788096,0.04963886,0.3923349,0.37503687,0.7868329,0.053053614,0.28540465,0.19732647,0.1311971,0.84143764
375316653866487564,890532370424493696,0.6484156,2210.239969292804,2.7879861618638113,9.5916275E-6,15.193975,0.0131463595,0.3093725,0.0064142747,0.03583385,0.008712503,0.40125188,0.2100129,0.84419876,0.008386335,0.06049875,0.003063593,0.38148582,0.0384508,0.1204303,0.014193563,0.3093725,0.0064142747,"TWOGAUSSIANS_WITH_ELLIPSOIDAL_ON_ECLIPSE1",9,32.671803,0.3093725,0.0064142747,0.20066957,0.048790015,0.6421062,0.2192707,0.84419876,0.008386335,0.338793,0.01715612,0.6109901,0.03730599
375316653866487564,890539860847380608,0.5368436,2243.3401765466956,1.2180696420349664,6.336545E-5,16.26776,0.0041364124,0.24690017,0.06353003,0.047239475,0.039216127,0.32529363,26.58101,0.7427979,0.0011321,0.040153936,0.0022287075,0.6207365,0.116256565,null,null,null,null,"TWOGAUSSIANS",8,18.347689,0.7427979,0.0011321,0.22486204,0.012480763,0.6207364,0.11625662,0.24690017,0.06353003,0.26454106,0.2196103,0.32529357,26.58101
375316653866487564,890547965449131392,0.45004633,2224.4825086461733,2.5397850960073867,1.928917E-5,17.291975,0.015445237,0.25233594,0.023150638,0.05289294,0.034673147,0.27241948,0.7613732,0.66722274,0.0029902332,0.030896606,0.0037174937,1.1551292,1.2958416,null,null,null,null,"TWOGAUSSIANS",8,29.943491,0.66722274,0.0029902332,0.17302099,0.020817965,1.1551292,1.2958417,0.25233594,0.023150638,0.29620045,0.19416961,0.27241948,0.7613732
375316653866487564,890556765838713984,0.49373773,2252.097490676285,0.6136188018642958,1.3709073E-5,13.957334,9.4876083E-4,0.20160577,0.0050825477,0.07135256,0.019713556,0.007895486,0.007864795,null,null,null,null,null,null,0.019591551,0.0011635717,0.20160577,0.0050825477,"ONEGAUSSIAN_WITH_ELLIPSOIDAL",6,14.281761,0.20160577,0.0050825477,0.3995743,0.09064466,0.047061417,0.00764293,null,null,null,null,null,null
375316653866487564,890561193948502784,0.5219378,2263.488035969654,4.049999114365774,7.708403E-5,19.773342,0.03359439,0.30502057,0.026424402,0.054838017,0.019531088,0.26310858,0.04876815,0.8027035,0.0313488,0.0512747,0.04308246,0.29274195,0.13738188,null,null,null,null,"TWOGAUSSIANS",8,1.7850362,0.8027035,0.0313488,0.2871383,0.17393062,0.2927344,0.13806574,0.30502057,0.026424402,0.30709288,0.10068034,0.26310104,0.048130732
375316653866487564,890567623515988224,0.5436742,2284.5587541811055,1.773344801355686,1.161848E-5,12.716122,0.025176574,0.2249415,0.0038435336,0.11179972,0.02266456,0.13603495,0.018248444,0.7210616,0.011943975,0.103273556,0.03936573,0.12379916,0.045782268,null,null,null,null,"TWOGAUSSIANS",8,32.66946,0.2249415,0.0038345049,0.4,0.0,0.11933361,0.007844496,0.7210616,0.011943975,0.4,0.0,0.10710826,0.060698826
375316653866487564,890587788385467520,0.5178692,2260.5928426019364,3.9079467112289743,1.8445478E-5,19.705212,0.01615748,0.24607907,0.011265498,0.07189917,0.009226701,0.2943478,0.03347739,0.72619146,0.0050759623,0.08900274,0.009858227,0.28165203,0.017150208,null,null,null,null,"TWOGAUSSIANS",8,1.2768605,0.24607907,0.011265498,0.4,0.017751716,0.2912613,0.032211088,0.72619146,0.0050759623,0.4,0.0,0.27856538,0.016299328
375316653866487564,890588544299715456,0.554138,2228.834916914181,2.4730516910807254,1.44015885E-5,19.109686,0.0057935594,0.24428412,0.0020317328,0.037386924,0.0028268946,0.49212086,0.04891493,0.7445637,0.001988191,0.035356235,0.0021777716,0.5517071,0.06447529,null,null,null,null,"TWOGAUSSIANS",8,1.9833684,0.7445637,0.001988191,0.1979949,0.012195521,0.5517071,0.06447529,0.24428412,0.0020317328,0.20936678,0.01583061,0.49212086,0.04891493
375316653866487564,890591636676180224,0.5071467,2201.6485481625095,3.3556989298084505,1.7431496E-5,17.32232,0.10047766,0.28434289,0.005530742,0.12268814,0.03963987,0.19269007,0.0934534,0.777988,0.009900241,0.12502593,0.041160822,0.21032397,0.09504972,null,null,null,null,"TWOGAUSSIANS",8,10.314621,0.777988,0.009900241,0.4,0.0,0.16057177,0.015903635,0.28441286,0.00542995,0.4,0.0,0.14298488,0.012025452
375316653866487564,890592598748858112,0.5230964,2246.013736595931,3.8452390586548897,4.5689707E-5,17.799229,0.07653591,0.29690453,0.01035611,0.120341405,0.025284301,0.27410018,0.07589702,0.74971825,0.012223891,0.10206701,0.027789881,0.31195006,0.06365637,null,null,null,null,"TWOGAUSSIANS",8,14.053094,0.74971825,0.012223891,0.4,0.0,0.28413826,0.024796888,0.29694456,0.010243431,0.4,0.0,0.24606536,0.038047332
375316653866487564,890605006911680512,0.47437558,2248.597733882061,2.2296860188453844,8.5008774E-5,15.962957,0.048590176,0.19417645,0.01083835,0.042924237,0.014684876,0.21710801,0.60902184,0.5323607,0.02152374,0.18778041,0.040523037,0.34559733,0.052539807,null,null,null,null,"TWOGAUSSIANS",8,105.9263,0.5323607,0.02152374,0.4,0.0,0.32549122,0.06111033,0.19989645,0.0099459365,0.24037571,0.08223531,0.26779762,0.60852075
375316653866487564,890606239565037824,0.5236617,2273.1799868463513,2.7473580905349904,9.7290795E-6,16.308083,0.0026262605,null,null,null,null,null,null,null,null,null,null,null,null,0.07589667,0.0047489074,0.31348565,0.0032547524,"ELLIPSOIDAL",4,11.767639,null,null,null,null,null,null,null,null,null,null,null,null
375316653866487564,890609920354279168,0.6046884,2267.9196957478543,3.0996914664406128,1.20534905E-5,16.703756,0.0060472977,0.23485175,0.0024179271,0.08687866,0.0034445121,0.25070104,0.0066436385,0.7231609,0.011805095,0.08447991,0.009478544,0.26781294,0.017830817,null,null,null,null,"TWOGAUSSIANS",8,6.661995,0.7231609,0.011805095,0.4,0.0,0.26181528,0.019242397,0.23485175,0.0024179271,0.4,0.0,0.24470334,0.005421898
375316653866487564,890609984776526336,0.5748099,2246.248465222634,2.818258839720859,2.156518E-5,17.269201,0.023843523,0.29334643,0.008565986,0.039787587,0.005934224,0.6725855,0.13449697,0.80661094,0.009130988,0.05495181,0.022274202,0.2105826,0.047798127,0.056249183,0.029052828,0.80661094,0.009130988,"TWOGAUSSIANS_WITH_ELLIPSOIDAL_ON_ECLIPSE2",9,29.927406,0.29361644,0.008360918,0.22281048,0.033231653,0.7843134,0.12561962,0.80661094,0.009130988,0.30773014,0.12473553,0.32307422,0.043438617
375316653866487564,890631081656129024,0.5292906,2282.507828922453,4.9098899942862495,9.688058E-5,18.970695,0.0055736504,0.6611789,0.037107084,0.06592071,0.042321775,0.042060483,0.0072762654,0.53550553,8.377108E-5,0.010346846,0.0014908662,0.79606646,0.22329515,null,null,null,null,"TWOGAUSSIANS",8,4.1066523,0.5355355,7.5537406E-5,0.05794234,0.0083488505,0.80290276,0.24520914,0.6611789,0.037107084,0.369156,0.10515636,0.042060483,0.007276303
375316653866487564,890639637230957056,0.5400119,2340.4572291938525,0.21580546330469388,3.1141408E-5,18.012266,0.0064870114,0.597221,0.024080995,0.040863335,0.029934157,0.28425416,0.10198425,0.35944617,0.15588424,0.08800563,0.032303136,0.8574144,1.0705528,null,null,null,null,"TWOGAUSSIANS",8,8.469118,0.35944617,0.15588424,0.4,0.044762976,0.85741425,1.0705588,0.592661,0.026192548,0.22883467,0.16763128,0.3080917,0.049378995
375316653866487564,890645379604035968,0.59496015,2219.2942086540434,2.762549733667319,1.03314005E-5,17.082104,0.012653996,0.25768986,0.0033828442,0.08774324,0.0068002194,0.31355387,0.012108334,0.759508,0.0049724644,0.08473981,0.009855483,0.31170616,0.03208589,null,null,null,null,"TWOGAUSSIANS",8,7.8900976,0.25768986,0.0033828442,0.4,0.0,0.30447626,0.011533485,0.759508,0.0049724644,0.4,0.0,0.3026286,0.037092146
375316653866487564,890647131950654848,0.5637253,2229.719791708558,4.559217869899943,3.5340556E-6,15.618998,0.004758107,0.21242194,0.0015201296,0.020911997,0.0026778134,0.036479797,0.0042304895,0.4251954,5.9715454E-5,0.015965816,1.7122079E-4,0.74815387,0.003715609,null,null,null,null,"TWOGAUSSIANS",8,103.877,0.4251954,5.9715454E-5,0.08940857,9.588364E-4,0.74815387,0.003715609,0.21242194,0.0015201296,0.11710718,0.014995755,0.036479797,0.0042304895
375316653866487564,890662623895573888,0.5960224,2271.59894238683,3.559721434614683,9.043903E-6,18.392365,0.00954567,0.26785317,0.008698487,0.07664484,0.009279945,0.3955771,0.02065057,0.7684782,0.0024976707,0.07268667,0.0026734779,0.53215575,0.01833499,null,null,null,null,"TWOGAUSSIANS",8,5.0369897,0.7684782,0.0024976707,0.4,0.0,0.5288469,0.017957391,0.26785317,0.008698487,0.4,0.0055812867,0.3922683,0.020621235
375316653866487564,890667198037945984,0.62487066,2237.5586782635655,0.45326517270023403,3.1641382E-4,18.160147,0.006941798,0.4280104,0.0031915344,0.032393947,0.005463806,0.42479196,0.008616611,0.8240912,0.10315402,0.10870969,0.15022603,0.012513481,0.0116463555,null,null,null,null,"TWOGAUSSIANS",8,1.3842967,0.4280104,0.0031915724,0.1814061,0.030597312,0.42480376,0.008813878,0.8240912,0.10315402,0.4,0.3839237,0.012508872,0.011623245
375316653866487564,890670462213094912,0.52482885,2246.3164121150503,0.16584490732548043,1.006788E-4,15.327251,0.0018337104,0.35114676,0.0071688974,0.025490534,0.010601577,0.19264549,0.13811848,0.7808963,0.016404511,0.038625095,0.028937066,0.012510467,0.19340454,null,null,null,null,"TWOGAUSSIANS",8,9.327662,0.35114676,0.0071688974,0.14274698,0.059368834,0.19264549,0.13811848,0.7808963,0.016404511,0.21630053,0.16204756,0.012510467,0.19340454
375316653866487564,890690459578691072,0.6044171,2262.1979753787828,2.6080996632058446,8.715681E-6,14.010497,0.005340917,0.19233668,0.0018573708,0.07835778,0.002974655,0.4106289,0.012510938,0.69961834,0.0017672341,0.084050044,0.0019904447,0.35205066,0.0073266914,null,null,null,null,"TWOGAUSSIANS",8,134.29916,0.19233668,0.0018573708,0.4,0.0,0.40486443,0.013247926,0.69961834,0.0017672341,0.4,0.0,0.34628615,0.006684314
375316653866487564,890698808997184384,0.5570675,2314.960352124982,2.4734286527775167,1.0494187E-5,15.943916,0.071272016,0.25662345,0.0139793325,0.108057,0.047341518,0.16480406,0.062432617,0.7395743,0.0061157653,0.10451494,0.026424,0.16013716,0.0670456,null,null,null,null,"TWOGAUSSIANS",8,12.905703,0.25663343,0.013894836,0.4,0.0,0.14793946,0.025406245,0.7395743,0.0061157653,0.4,0.0,0.14327744,0.008956988
375316653866487564,890707291555238784,0.606341,2303.051307736801,2.5544678706488386,2.6666012E-5,16.894234,0.0080007445,0.27118564,0.002871982,0.058561094,0.0031260569,0.81853235,0.029610889,0.7716651,0.0031490587,0.05696863,0.0029277573,0.332773,0.014224978,null,null,null,null,"TWOGAUSSIANS",8,53.81613,0.27118564,0.002871982,0.32794213,0.017505918,0.81844443,0.02962501,0.7716651,0.0031490587,0.31902432,0.01639544,0.33268505,0.014163046
375316653866487564,890709112621524736,0.51706016,2247.2453867601216,2.1512196824592413,7.555983E-5,19.526411,0.010931245,0.33277908,0.017918639,0.09654417,0.01867812,0.09040452,0.01389674,0.6493529,0.02165135,0.035875443,0.033980414,2.5406177,9.0387505E10,null,null,null,null,"TWOGAUSSIANS",8,3.4408596,0.6493529,0.02165135,0.20090248,0.19029033,2.5410354,9.0387505E10,0.33277908,0.017918639,0.4,0.0,0.09040386,0.013895854
375316653866487564,890711620883515264,0.594192,2292.973953786763,3.7794489510169265,7.726488E-6,16.726252,0.015943022,0.28933653,0.00509795,0.09296968,0.00737609,0.2603357,0.018023184,0.7922806,0.0018022626,0.09127734,0.008640589,0.1896608,0.019099107,null,null,null,null,"TWOGAUSSIANS",8,4.521322,0.28933653,0.00509795,0.4,0.0,0.24962997,0.012637564,0.7922806,0.0018022626,0.4,0.0,0.17895523,0.01680651
375316653866487564,890712449813304832,0.5728587,2232.2349723366665,3.7342748145303877,2.532412E-5,17.334713,0.020588184,0.27196842,0.012962926,0.07474903,0.00934643,0.38465083,0.055004828,0.78918684,0.006036713,0.08853131,0.019781347,0.32377502,0.06047079,null,null,null,null,"TWOGAUSSIANS",8,9.348074,0.27196842,0.01296502,0.4,0.004010167,0.38003352,0.053420972,0.78918684,0.006036713,0.4,0.0,0.3191576,0.06738095
375316653866487564,890716293806690816,0.53392494,2299.9167800440014,3.787967936567651,1.958012E-5,13.02322,0.009039431,0.19790423,0.014368057,0.07343705,0.009806386,0.13947019,0.015519065,0.6838319,0.006379578,0.09342376,0.010306401,0.15073572,0.009183776,null,null,null,null,"TWOGAUSSIANS",8,191.5683,0.6838319,0.006379578,0.4,0.0,0.14822353,0.0077980245,0.19790423,0.014368057,0.4,0.03201388,0.13695826,0.014686462
