Gaia/vari_eclipsing_binary/VariEclipsingBinary_617223-617389.csv
# %ECSV 1.0
# ---
# delimiter: ','
# meta: !!omap
# - RELEASE: Gaia DR3
# - TABLE: vari_eclipsing_binary
# - DESCRIPTION: >
#     This table describes the properties of the eclipsing binaries resulting from the variability analysis. 
# - CITATION: >
#     How to cite and acknowledge Gaia: 
#     https://gea.esac.esa.int/archive/documentation/credits.html 
# - KNOWN_ISSUES: >
#     Known issues: 
#     https://www.cosmos.esa.int/web/gaia-users/known-issues 
# - DOCUMENTATION: >
#     Tutorials and documentation: 
#     https://www.cosmos.esa.int/web/gaia-users/archive 
# datatype:
# - 
#   name: solution_id
#   datatype: int64
#   description: Solution Identifier
#   meta:
#     ucd: meta.version
# - 
#   name: source_id
#   datatype: int64
#   description: Unique source identifier
#   meta:
#     ucd: meta.id;meta.main
# - 
#   name: global_ranking
#   datatype: float32
#   description: Number between 0 (worst) and 1 (best)
#   meta:
#     ucd: stat.param
# - 
#   name: reference_time
#   datatype: float64
#   unit: d
#   description: Reference time used for the geometric model fit
#   meta:
#     ucd: time.epoch
# - 
#   name: frequency
#   datatype: float64
#   unit: d**-1
#   description: Frequency of geometric model of the eclipsing binary light curve
#   meta:
#     ucd: src.orbital
# - 
#   name: frequency_error
#   datatype: float32
#   unit: d**-1
#   description: "Uncertainty of \\texttt{frequency}"
#   meta:
#     ucd: stat.error
# - 
#   name: geom_model_reference_level
#   datatype: float32
#   unit: mag
#   description: Magnitude reference level of geometric model
#   meta:
#     ucd: phot.mag;em.opt
# - 
#   name: geom_model_reference_level_error
#   datatype: float32
#   unit: mag
#   description: "Uncertainty of \\texttt{geomModelReferenceLevel}"
#   meta:
#     ucd: stat.error;phot.mag;em.opt
# - 
#   name: geom_model_gaussian1_phase
#   datatype: float32
#   description: Phase of the Gaussian 1 component
#   meta:
#     ucd: time.phase
# - 
#   name: geom_model_gaussian1_phase_error
#   datatype: float32
#   description: "Uncertainty of \\texttt{geomModelGaussian1Phase}"
#   meta:
#     ucd: stat.error;time.phase
# - 
#   name: geom_model_gaussian1_sigma
#   datatype: float32
#   description: "Standard deviation [phase] of Gaussian 1 component"
#   meta:
#     ucd: stat.stdev
# - 
#   name: geom_model_gaussian1_sigma_error
#   datatype: float32
#   description: "Uncertainty of \\texttt{geomModelGaussian1Sigma}"
#   meta:
#     ucd: stat.error
# - 
#   name: geom_model_gaussian1_depth
#   datatype: float32
#   unit: mag
#   description: Magnitude depth of Gaussian 1 component
#   meta:
#     ucd: src.var.amplitude
# - 
#   name: geom_model_gaussian1_depth_error
#   datatype: float32
#   unit: mag
#   description: "Uncertainty of \\texttt{geomModelGaussian1Depth}"
#   meta:
#     ucd: stat.error;src.var.amplitude
# - 
#   name: geom_model_gaussian2_phase
#   datatype: float32
#   description: Phase of Gaussian 2 component
#   meta:
#     ucd: time.phase
# - 
#   name: geom_model_gaussian2_phase_error
#   datatype: float32
#   description: "Uncertainty of \\texttt{geomModelGaussian2Phase}"
#   meta:
#     ucd: stat.error;time.phase
# - 
#   name: geom_model_gaussian2_sigma
#   datatype: float32
[...]
#   datatype: float32
#   description: "Secondary eclipse: uncertainty of \\texttt{derivedSecondaryEclDuration}"
#   meta:
#     ucd: stat.error;time.duration
# - 
#   name: derived_secondary_ecl_depth
#   datatype: float32
#   unit: mag
#   description: "Secondary eclipse: depth"
#   meta:
#     ucd: src.var.amplitude
# - 
#   name: derived_secondary_ecl_depth_error
#   datatype: float32
#   unit: mag
#   description: "Secondary eclipse: uncertainty of \\texttt{derivedSecondaryEclDepth}"
#   meta:
#     ucd: stat.error;src.var.amplitude
solution_id,source_id,global_ranking,reference_time,frequency,frequency_error,geom_model_reference_level,geom_model_reference_level_error,geom_model_gaussian1_phase,geom_model_gaussian1_phase_error,geom_model_gaussian1_sigma,geom_model_gaussian1_sigma_error,geom_model_gaussian1_depth,geom_model_gaussian1_depth_error,geom_model_gaussian2_phase,geom_model_gaussian2_phase_error,geom_model_gaussian2_sigma,geom_model_gaussian2_sigma_error,geom_model_gaussian2_depth,geom_model_gaussian2_depth_error,geom_model_cosine_half_period_amplitude,geom_model_cosine_half_period_amplitude_error,geom_model_cosine_half_period_phase,geom_model_cosine_half_period_phase_error,model_type,num_model_parameters,reduced_chi2,derived_primary_ecl_phase,derived_primary_ecl_phase_error,derived_primary_ecl_duration,derived_primary_ecl_duration_error,derived_primary_ecl_depth,derived_primary_ecl_depth_error,derived_secondary_ecl_phase,derived_secondary_ecl_phase_error,derived_secondary_ecl_duration,derived_secondary_ecl_duration_error,derived_secondary_ecl_depth,derived_secondary_ecl_depth_error
[from data line 464]
375316653866487564,5430016239100000256,0.4934232,2228.1630679951277,0.7113255889649691,2.3710378E-5,18.98397,0.0032488068,0.25369915,0.008146013,0.0106787635,0.006040503,0.30949646,0.21323359,0.72252005,1.4280669E-4,0.010735837,2.8827964E-4,1.3035737,0.08573942,null,null,null,null,"TWOGAUSSIANS",8,2.5092258,0.72252005,1.4280669E-4,0.060120687,0.001614366,1.3035737,0.08573942,0.25369915,0.008146013,0.059801076,0.033826817,0.30949646,0.21323359
375316653866487564,5430016449552268672,0.426897,2222.241298594353,1.3653570947915343,4.4343145E-5,18.415932,0.021448426,0.41135427,0.06628288,0.17775293,0.10438931,0.09165805,0.013264296,0.5936124,0.034061667,0.02252988,0.027032534,0.06412698,0.06407704,null,null,null,null,"TWOGAUSSIANS",8,5.6456,0.5936124,0.034061667,0.12616733,0.1513822,0.11480599,0.033142876,0.41135427,0.0661826,0.4,0.0,0.08815006,0.011009715
375316653866487564,5430016857575402112,0.5057186,2225.5948592631853,3.624843857061527,1.2767665E-5,18.605555,0.028306482,0.31910616,0.007321383,0.106033646,0.017414832,0.23430245,0.025300099,0.7934684,0.0045713014,0.094682954,0.010823344,0.31508908,0.026308434,null,null,null,null,"TWOGAUSSIANS",8,4.3550096,0.7934684,0.0045713014,0.4,0.0,0.2977201,0.015986972,0.31910616,0.007323082,0.4,0.0,0.21692303,0.017115908
375316653866487564,5430017957086937216,0.53220475,2236.0249112649767,2.6393594756585976,9.490395E-6,18.071732,0.004433539,0.47547823,0.0020960984,0.05655722,0.0026711514,0.4305912,0.021101888,0.85088706,0.02128154,0.023030022,0.020987516,0.044595305,1.203213,null,null,null,null,"TWOGAUSSIANS",8,11.780245,0.47547823,0.0020960984,0.31672043,0.014958448,0.4305912,0.021101888,0.85088706,0.02128154,0.12896812,0.11753009,0.044595305,1.203213
375316653866487564,5430020637146711680,0.5152016,2231.16372902115,3.959356551755107,8.270556E-6,18.37862,0.006158853,0.14549269,0.0039430205,0.08381565,0.0043428713,0.21749727,0.010858617,0.6447684,0.0044427663,0.08217656,0.0072366334,0.18654619,0.007973706,null,null,null,null,"TWOGAUSSIANS",8,2.4294758,0.14549269,0.0039430205,0.4,0.0,0.21323727,0.010559351,0.6447684,0.0044427663,0.4,0.0,0.18228619,0.007929934
375316653866487564,5430020916323830144,0.5791889,2232.9499487429744,0.6685445928286468,6.4640058E-6,15.125411,0.0066093598,0.23042944,0.0025162178,0.042629775,0.0031715422,0.2157994,0.018329795,0.73473597,0.002475125,0.04246939,0.007410283,0.12651856,0.013920082,0.06056975,0.009467267,0.73473597,0.002475125,"TWOGAUSSIANS_WITH_ELLIPSOIDAL_ON_ECLIPSE2",9,82.55422,0.23074944,0.0022918333,0.23872674,0.017760636,0.3368565,0.00921467,0.73473597,0.002475125,0.23782857,0.04149759,0.24765775,0.00699794
375316653866487564,5430027788271693952,0.6050633,2244.818393015939,2.9974415965546193,4.379831E-6,15.564759,0.0065036127,0.2239281,0.0020657198,0.07171046,0.0023556862,0.30477607,0.00695341,0.71877813,0.0014412181,0.08504137,0.0021116377,0.43182015,0.009370666,null,null,null,null,"TWOGAUSSIANS",8,35.170288,0.71877813,0.0014412181,0.4,0.0,0.42774403,0.009100826,0.2239281,0.0020657198,0.4,0.0050976835,0.30069998,0.006178983
375316653866487564,5430027921409864192,0.5909585,2235.929230185207,2.835043419917071,6.713569E-6,17.048397,0.0062558553,0.25856787,0.0016156432,0.08430436,0.0024665955,0.28634384,0.006515757,0.7607705,0.00253046,0.087985255,0.0038244252,0.30897406,0.009336732,null,null,null,null,"TWOGAUSSIANS",8,6.660277,0.7607705,0.00253046,0.4,0.0,0.3004685,0.009507432,0.25856787,0.0016156432,0.4,0.0,0.27783832,0.0050871717
375316653866487564,5430028642967011712,0.48943675,2222.215045803262,0.7070511913859939,3.122835E-5,16.216805,0.0010052319,0.24513918,0.00623738,0.01138635,0.0031739422,0.023394013,0.0048048184,0.7591463,0.021290315,0.009208577,0.012619622,0.117847644,4.1504197,0.00801759,0.0015546691,0.24513918,0.00623738,"TWOGAUSSIANS_WITH_ELLIPSOIDAL_ON_ECLIPSE1",9,3.7992306,0.7591463,0.021290315,0.05156803,0.07066988,0.13375893,4.1503916,0.24513918,0.00623738,0.06376356,0.017774075,0.03942918,0.0050020474
375316653866487564,5430028715984571776,0.504573,2210.1132202156746,1.001691586930791,1.5193835E-5,17.864067,0.0062427185,0.37814993,0.04007766,0.08138716,0.0374871,0.022085043,0.006958176,0.6548233,9.840037E-4,0.027173229,0.0010989434,0.34598276,0.007380722,null,null,null,null,"TWOGAUSSIANS",8,6.1698394,0.6548233,9.840037E-4,0.15217008,0.006154083,0.3460511,0.0074654487,0.37814993,0.04007766,0.4,0.06636704,0.022085043,0.006958069
375316653866487564,5430032182017492864,0.5824673,2218.308164686875,4.275761489800283,5.49611E-6,18.794333,0.0117580835,0.21295442,0.0016965294,0.04730039,0.0029843985,0.40345925,0.03642509,0.7105713,0.0018673842,0.04532644,0.004612097,0.3691313,0.027252844,0.14141296,0.018259153,0.21295442,0.0016965294,"TWOGAUSSIANS_WITH_ELLIPSOIDAL_ON_ECLIPSE1",9,4.1835113,0.21295442,0.0016965294,0.26488218,0.016712632,0.6862848,0.024625989,0.7108313,0.0016233214,0.25382808,0.025827745,0.6519004,0.02598269
375316653866487564,5430033698146450432,0.60550827,2255.6988662155136,3.321551093309436,4.9279056E-6,17.17059,0.015901428,0.24795432,0.0015787834,0.056918498,0.005061099,0.2708518,0.033024367,0.74489546,0.003602832,0.05783242,0.006513138,0.3089379,0.033743996,0.072348624,0.018465906,0.24795432,0.0015787834,"TWOGAUSSIANS_WITH_ELLIPSOIDAL_ON_ECLIPSE1",9,8.551718,0.74523544,0.0031671543,0.32386154,0.036473572,0.45354858,0.023710761,0.24795432,0.0015787834,0.3187436,0.028342152,0.41551003,0.0072274357
375316653866487564,5430035450493187200,0.56434256,2216.7225571729027,0.20055831224720475,4.6557357E-6,12.406872,7.063908E-4,0.21347347,1.7843649E-6,0.004548691,4.691623E-5,0.29595727,0.0025992885,0.76604337,0.021024145,0.024268754,0.013914491,0.0023637817,0.0012791533,0.0030450295,8.056833E-4,0.76604337,0.021024145,"TWOGAUSSIANS_WITH_ELLIPSOIDAL_ON_ECLIPSE2",9,21.738594,0.21347347,1.7843649E-6,0.025472673,2.6273087E-4,0.30140668,0.004029811,0.76604337,0.021024145,0.13590501,0.07792115,0.00845384,0.0010356879
375316653866487564,5430038302351430144,0.559256,2218.6801357242575,3.8284959617390864,7.84605E-6,19.500263,0.0113017345,0.24907434,0.0028861759,0.08533193,0.0042098383,0.70842516,0.019570159,0.75643575,0.0022835145,0.054367345,0.0039426987,0.6907323,0.037479267,null,null,null,null,"TWOGAUSSIANS",8,3.5296957,0.24907434,0.0028861759,0.4,0.0,0.70655715,0.019906735,0.75643575,0.0022835145,0.30445713,0.022079114,0.6888643,0.037917864
375316653866487564,5430041463448168960,0.5870798,2206.6993718434637,2.361631192503427,4.5583997E-6,16.010178,0.0062132333,0.25615847,0.001934601,0.048146866,0.0099000195,0.059997763,0.01589797,0.75373346,0.0032524073,0.051222064,0.006159698,0.08600802,0.014155299,0.078364864,0.008243403,0.25615847,0.001934601,"TWOGAUSSIANS_WITH_ELLIPSOIDAL_ON_ECLIPSE1",9,10.078291,0.75439346,0.002060924,0.28684357,0.03449431,0.24271065,0.0068191797,0.25615847,0.001934601,0.26962245,0.05544011,0.21672681,0.009630405
375316653866487564,5430042803477937920,0.5547296,2227.702063539711,3.511894328465777,1.553094E-5,17.990162,0.028409254,0.21907173,0.0058198585,0.09197434,0.01751637,0.22392718,0.02246965,0.7316143,0.0039981073,0.100791104,0.011218405,0.3379263,0.02460035,null,null,null,null,"TWOGAUSSIANS",8,5.801213,0.7316143,0.0039981073,0.4,0.0,0.32178044,0.013275393,0.21907173,0.0058172024,0.4,0.0,0.20778474,0.01089846
375316653866487564,5430045208660198656,0.44928798,2182.82855155712,0.11188528936863057,4.5019788E-5,17.77008,0.006028688,0.15381029,0.0043099057,0.025094869,0.0034092946,0.19861004,0.02203027,0.761532,0.014622607,0.036488786,0.016092587,0.05483703,0.011900749,null,null,null,null,"TWOGAUSSIANS",8,8.927324,0.15381029,0.0043099057,0.14053127,0.01909205,0.19861004,0.02203027,0.761532,0.014622607,0.20433721,0.09011849,0.05483703,0.011900749
375316653866487564,5430047231584993536,0.5186874,2213.0727697767425,3.4976209974706935,9.772319E-6,17.587479,0.029952876,0.3050687,0.0029231028,0.10839219,0.012990031,0.27273422,0.025493816,0.80984074,0.0033051015,0.102461115,0.0151204,0.25331575,0.030487377,null,null,null,null,"TWOGAUSSIANS",8,10.086243,0.3050687,0.0029254563,0.4,0.0,0.24277668,0.01199471,0.80984074,0.0033080685,0.4,0.0,0.22336802,0.032643978
375316653866487564,5430048124937739392,0.5635501,2235.071752028116,2.6820719158280144,1.0791054E-5,17.77982,0.036543094,0.24559237,0.0046238233,0.06690307,0.0068704057,0.30029762,0.07947269,0.75897074,0.003654828,0.04997829,0.010280992,0.25304276,0.09022324,0.10816493,0.04306203,0.75897074,0.003654828,"TWOGAUSSIANS_WITH_ELLIPSOIDAL_ON_ECLIPSE2",9,18.768238,0.24830237,0.0030093666,0.3746572,0.034235068,0.51528174,0.0197785,0.75897074,0.003654828,0.2798784,0.057573557,0.4692437,0.04731013
375316653866487564,5430050014722055680,0.6036823,2238.437023149699,4.39361268240503,7.4420295E-6,19.2529,0.019825827,0.2859853,0.0020195162,0.03919591,0.0041740923,0.44936246,0.037944462,0.784604,0.0066612177,0.051708266,0.0074981223,0.5287637,0.046753027,0.15104327,0.021753216,0.2859853,0.0020195162,"TWOGAUSSIANS_WITH_ELLIPSOIDAL_ON_ECLIPSE1",9,2.4741285,0.78475404,0.0058846357,0.28956628,0.041989487,0.83082604,0.033212215,0.2859853,0.0020195162,0.2194971,0.023374919,0.75144506,0.021817327
375316653866487564,5430055924598836608,0.56881,2251.4777351610473,0.24090472557413858,3.6469333E-5,11.617271,0.0023977559,0.19553483,0.003976371,0.021346817,0.0031064122,0.21344195,0.059656147,0.69655824,0.0015224954,0.015239108,0.0013813359,0.50557816,0.06522563,0.0039397096,0.0032955771,0.19553483,0.003976371,"TWOGAUSSIANS_WITH_ELLIPSOIDAL_ON_ECLIPSE1",9,67.0172,0.69655824,0.0015224954,0.08533901,0.0077354815,0.51345724,0.068550676,0.19553483,0.003976371,0.119542174,0.017395908,0.22132137,0.062048115
375316653866487564,5430060155138729344,0.43914443,2255.5937500950263,2.1292258136443514,6.070274E-5,18.053452,0.029511252,0.32330263,0.017385153,0.09935122,0.033152886,0.15848751,0.035240084,0.7525976,0.03239129,0.12628038,0.038013916,0.06626021,0.03265823,null,null,null,null,"TWOGAUSSIANS",8,10.883103,0.32364264,0.016515205,0.4,0.0,0.15102586,0.03187737,0.7525976,0.03239129,0.4,0.0,0.058604218,0.018227205
375316653866487564,5430062629047495552,0.5688455,2214.8365953104053,2.3436229186355346,4.438143E-6,18.000713,0.010783259,0.20842141,0.010658665,0.034269646,0.011295458,0.16920333,0.027847422,0.7258386,0.0015770352,0.058774613,0.0048865415,0.32612136,0.023871124,0.11221156,0.014001867,0.7258386,0.0015770352,"TWOGAUSSIANS_WITH_ELLIPSOIDAL_ON_ECLIPSE2",9,8.578484,0.7258386,0.0015770352,0.32913783,0.027364632,0.55050623,0.019974839,0.21032141,0.00975327,0.19191001,0.063254565,0.39120182,0.015261838
375316653866487564,5430064072155798016,0.5165749,2231.0569554675308,1.5960289402633507,7.540934E-6,13.7263365,0.21358581,0.2553321,0.0043995082,0.18250741,0.06379886,0.1839541,0.2056137,0.74231553,0.005846992,0.1566247,0.028083583,0.19256562,0.16651908,null,null,null,null,"TWOGAUSSIANS",8,16.705542,0.74231553,0.005846992,0.4,0.0,0.08240787,0.0020122593,0.2578321,0.0023886468,0.4,0.0,0.06747303,0.0024565586
375316653866487564,5430069672793834368,0.67163444,2246.6512974726606,0.21187040049808728,2.4421493E-5,13.774569,5.9605023E-4,0.4260151,0.002266069,0.008962587,0.0015005921,0.6393376,0.042836957,0.5554341,0.005090676,0.008275678,0.005997687,0.014339423,0.008605824,null,null,null,null,"TWOGAUSSIANS",8,11.348912,0.4260151,0.002266069,0.050190486,0.008403316,0.6393376,0.042836957,0.5554341,0.005090676,0.0463438,0.03358705,0.014339423,0.008605824
375316653866487564,5430072142395633792,0.60291535,2272.44543012284,3.4047267034788042,6.4314363E-6,18.040373,0.009006803,0.2443193,0.0029426245,0.051253676,0.007638217,0.1523759,0.022356242,0.7352407,0.0030541497,0.058427013,0.003926513,0.24158752,0.020595115,0.08738114,0.011771018,0.2443193,0.0029426245,"TWOGAUSSIANS_WITH_ELLIPSOIDAL_ON_ECLIPSE1",9,4.280212,0.73672074,0.0023889926,0.32719126,0.021988472,0.4158592,0.009208013,0.2443193,0.0029426245,0.2870206,0.042774014,0.32712314,0.012620219
375316653866487564,5430074100900770816,0.5275682,2264.2885703484403,4.337992930681273,8.932135E-6,19.736277,0.011273022,0.17162426,0.002598844,0.06758592,0.0033680236,0.46870017,0.017026402,0.67019373,0.00827883,0.0659758,0.011226787,0.453737,0.061542645,null,null,null,null,"TWOGAUSSIANS",8,2.2007253,0.17162426,0.002598844,0.37848115,0.01886093,0.46789795,0.01690514,0.67019373,0.00827883,0.3694645,0.058344107,0.45293477,0.062203575
375316653866487564,5430074861112881920,0.52056706,2260.965742011517,2.8401914766079073,1.8523562E-5,13.518754,0.04997528,0.23537432,0.0074876933,0.12582923,0.03309476,0.14821619,0.04937173,0.73680586,0.003103346,0.10676002,0.022214606,0.16152108,0.045578413,null,null,null,null,"TWOGAUSSIANS",8,166.89743,0.73681587,0.0031205039,0.4,0.0,0.13160966,0.0064516263,0.23537432,0.007508584,0.4,0.0,0.11819978,0.0066421805
375316653866487564,5430076574799258112,0.5982415,2251.0000447734146,2.6353959506141154,7.936911E-6,19.162558,0.0172195,0.24261983,0.001756257,0.038318098,0.0038610543,0.3749126,0.049288303,0.7481884,0.0015809163,0.04640828,0.0038327423,0.50459397,0.03631491,0.10422729,0.023725629,0.24261983,0.001756257,"TWOGAUSSIANS_WITH_ELLIPSOIDAL_ON_ECLIPSE1",9,2.370876,0.7481884,0.0015809163,0.25988635,0.021463357,0.7127932,0.018919757,0.24261983,0.001756257,0.21458134,0.021621903,0.58336693,0.034463868
375316653866487564,5430078640684062592,0.65128237,2232.448718565904,1.7599700945596162,2.3858454E-6,17.413506,0.0037934023,0.2186877,0.0014632543,0.041245237,0.002553769,0.12692977,0.01095067,0.71675634,5.4775696E-4,0.040648174,8.852926E-4,0.749646,0.017751757,0.028366776,0.004657462,0.2186877,0.0014632543,"TWOGAUSSIANS_WITH_ELLIPSOIDAL_ON_ECLIPSE1",9,3.837678,0.7167764,5.4698467E-4,0.22762978,0.0049576387,0.80637115,0.019489331,0.2186877,0.0014632543,0.23097332,0.014301105,0.18366322,0.007199309
375316653866487564,5430082179736827520,0.6444456,2214.395868237165,2.0027994290465645,4.459305E-6,13.547291,0.003991351,0.2251834,8.926869E-4,0.08875726,0.0023919044,0.21913901,0.00420235,0.723319,9.910517E-4,0.063202165,0.0014997836,0.6211653,0.011256952,null,null,null,null,"TWOGAUSSIANS",8,112.88944,0.723319,9.910517E-4,0.3539321,0.008398788,0.61837685,0.0114094475,0.2251834,8.926869E-4,0.4,0.0,0.2163505,0.0040466865
375316653866487564,5430082450314472448,0.49643785,2227.782632702206,4.557730585917204,7.677869E-6,19.013762,0.0029474832,0.1314727,0.0023439869,0.010787558,6.73652E-4,0.40957537,0.08945507,0.6258769,0.0021341932,0.008615862,7.2604464E-4,0.84110296,0.27054003,null,null,null,null,"TWOGAUSSIANS",8,2.2646034,0.6258769,0.0021341932,0.048248827,0.0040658503,0.84110296,0.27054003,0.1314727,0.0023439869,0.060410324,0.003772451,0.40957537,0.08945507
375316653866487564,5430083137509278720,0.5174324,2222.428422451546,3.37473715208223,1.0225554E-5,19.013277,0.0099258665,0.22576186,0.002587872,0.081634186,0.004432458,0.26092327,0.01203338,0.72530806,0.0038863434,0.09280105,0.0064308075,0.26596746,0.012888599,null,null,null,null,"TWOGAUSSIANS",8,2.195453,0.72530806,0.0038863434,0.4,0.0,0.25738442,0.012637,0.22576186,0.002587872,0.4,0.0,0.2523405,0.010880947
375316653866487564,5430083829004538752,0.5815846,2233.9642624981207,2.3957568041062656,8.270382E-6,16.474865,0.0059456686,0.22321902,0.0021711746,0.07368101,0.0024787276,0.56521934,0.010659175,0.7296388,0.0021105616,0.060398303,0.0024167548,0.33256885,0.015588233,null,null,null,null,"TWOGAUSSIANS",8,54.060234,0.22321902,0.0021711746,0.4,0.0,0.56451285,0.010678866,0.7296388,0.0021105616,0.3382305,0.013533827,0.33186233,0.015610536
