Gaia/vari_eclipsing_binary/VariEclipsingBinary_467483-467504.csv
# %ECSV 1.0
# ---
# delimiter: ','
# meta: !!omap
# - RELEASE: Gaia DR3
# - TABLE: vari_eclipsing_binary
# - DESCRIPTION: >
#     This table describes the properties of the eclipsing binaries resulting from the variability analysis. 
# - CITATION: >
#     How to cite and acknowledge Gaia: 
#     https://gea.esac.esa.int/archive/documentation/credits.html 
# - KNOWN_ISSUES: >
#     Known issues: 
#     https://www.cosmos.esa.int/web/gaia-users/known-issues 
# - DOCUMENTATION: >
#     Tutorials and documentation: 
#     https://www.cosmos.esa.int/web/gaia-users/archive 
# datatype:
# - 
#   name: solution_id
#   datatype: int64
#   description: Solution Identifier
#   meta:
#     ucd: meta.version
# - 
#   name: source_id
#   datatype: int64
#   description: Unique source identifier
#   meta:
#     ucd: meta.id;meta.main
# - 
#   name: global_ranking
#   datatype: float32
#   description: Number between 0 (worst) and 1 (best)
#   meta:
#     ucd: stat.param
# - 
#   name: reference_time
#   datatype: float64
#   unit: d
#   description: Reference time used for the geometric model fit
#   meta:
#     ucd: time.epoch
# - 
#   name: frequency
#   datatype: float64
#   unit: d**-1
#   description: Frequency of geometric model of the eclipsing binary light curve
#   meta:
#     ucd: src.orbital
# - 
#   name: frequency_error
#   datatype: float32
#   unit: d**-1
#   description: "Uncertainty of \\texttt{frequency}"
#   meta:
#     ucd: stat.error
# - 
#   name: geom_model_reference_level
#   datatype: float32
#   unit: mag
#   description: Magnitude reference level of geometric model
#   meta:
#     ucd: phot.mag;em.opt
# - 
#   name: geom_model_reference_level_error
#   datatype: float32
#   unit: mag
#   description: "Uncertainty of \\texttt{geomModelReferenceLevel}"
#   meta:
#     ucd: stat.error;phot.mag;em.opt
# - 
#   name: geom_model_gaussian1_phase
#   datatype: float32
#   description: Phase of the Gaussian 1 component
#   meta:
#     ucd: time.phase
# - 
#   name: geom_model_gaussian1_phase_error
#   datatype: float32
#   description: "Uncertainty of \\texttt{geomModelGaussian1Phase}"
#   meta:
#     ucd: stat.error;time.phase
# - 
#   name: geom_model_gaussian1_sigma
#   datatype: float32
#   description: "Standard deviation [phase] of Gaussian 1 component"
#   meta:
#     ucd: stat.stdev
# - 
#   name: geom_model_gaussian1_sigma_error
#   datatype: float32
#   description: "Uncertainty of \\texttt{geomModelGaussian1Sigma}"
#   meta:
#     ucd: stat.error
# - 
#   name: geom_model_gaussian1_depth
#   datatype: float32
#   unit: mag
#   description: Magnitude depth of Gaussian 1 component
#   meta:
#     ucd: src.var.amplitude
# - 
#   name: geom_model_gaussian1_depth_error
#   datatype: float32
#   unit: mag
#   description: "Uncertainty of \\texttt{geomModelGaussian1Depth}"
#   meta:
#     ucd: stat.error;src.var.amplitude
# - 
#   name: geom_model_gaussian2_phase
#   datatype: float32
#   description: Phase of Gaussian 2 component
#   meta:
#     ucd: time.phase
# - 
#   name: geom_model_gaussian2_phase_error
#   datatype: float32
#   description: "Uncertainty of \\texttt{geomModelGaussian2Phase}"
#   meta:
#     ucd: stat.error;time.phase
# - 
#   name: geom_model_gaussian2_sigma
#   datatype: float32
[...]
#   datatype: float32
#   description: "Secondary eclipse: uncertainty of \\texttt{derivedSecondaryEclDuration}"
#   meta:
#     ucd: stat.error;time.duration
# - 
#   name: derived_secondary_ecl_depth
#   datatype: float32
#   unit: mag
#   description: "Secondary eclipse: depth"
#   meta:
#     ucd: src.var.amplitude
# - 
#   name: derived_secondary_ecl_depth_error
#   datatype: float32
#   unit: mag
#   description: "Secondary eclipse: uncertainty of \\texttt{derivedSecondaryEclDepth}"
#   meta:
#     ucd: stat.error;src.var.amplitude
solution_id,source_id,global_ranking,reference_time,frequency,frequency_error,geom_model_reference_level,geom_model_reference_level_error,geom_model_gaussian1_phase,geom_model_gaussian1_phase_error,geom_model_gaussian1_sigma,geom_model_gaussian1_sigma_error,geom_model_gaussian1_depth,geom_model_gaussian1_depth_error,geom_model_gaussian2_phase,geom_model_gaussian2_phase_error,geom_model_gaussian2_sigma,geom_model_gaussian2_sigma_error,geom_model_gaussian2_depth,geom_model_gaussian2_depth_error,geom_model_cosine_half_period_amplitude,geom_model_cosine_half_period_amplitude_error,geom_model_cosine_half_period_phase,geom_model_cosine_half_period_phase_error,model_type,num_model_parameters,reduced_chi2,derived_primary_ecl_phase,derived_primary_ecl_phase_error,derived_primary_ecl_duration,derived_primary_ecl_duration_error,derived_primary_ecl_depth,derived_primary_ecl_depth_error,derived_secondary_ecl_phase,derived_secondary_ecl_phase_error,derived_secondary_ecl_duration,derived_secondary_ecl_duration_error,derived_secondary_ecl_depth,derived_secondary_ecl_depth_error
[from data line 296]
375316653866487564,4112132844621941888,0.56664824,2247.566953102464,2.4878211085347615,1.7633776E-5,18.4525,0.017204728,0.28322294,0.0027602513,0.07254817,0.0045429487,0.37012455,0.017483663,0.7868764,0.01883529,0.063137785,0.024337593,0.37889966,0.1326669,null,null,null,null,"TWOGAUSSIANS",8,3.5832245,0.7868764,0.01883529,0.35357156,0.10010768,0.3781391,0.13482295,0.28322294,0.0027602513,0.4,0.007912981,0.369364,0.015830401
375316653866487564,4112132947701164032,0.5713599,2248.535465780851,2.8595588785227615,1.00971065E-5,18.21107,0.009621243,0.22609527,0.0030455461,0.07250738,0.004261423,0.5101811,0.015042428,0.7230567,0.011886334,0.080409616,0.009298993,0.5466509,0.01278401,null,null,null,null,"TWOGAUSSIANS",8,5.7000885,0.7230567,0.011886334,0.4,0.0,0.54192954,0.012087244,0.22609527,0.0030455461,0.4,0.0062365946,0.50545985,0.015227101
375316653866487564,4112133115190620800,0.47785425,2291.7640403225946,0.1876328032861903,9.5397176E-5,18.630365,0.026543677,0.37583488,0.018967161,0.09426993,0.023769045,0.17379218,0.029996002,0.74716973,0.029331591,0.05771895,0.068489276,0.055731352,0.051600453,null,null,null,null,"TWOGAUSSIANS",8,2.8799324,0.37583488,0.018956143,0.4,0.0,0.17375009,0.0292154,0.74716973,0.029331591,0.32322612,0.30066878,0.0557635,0.05170981
375316653866487564,4112133256939114880,0.44546035,2267.4392387135954,1.4379861331262034,5.7272126E-5,19.14998,0.1919884,0.36695427,0.010810353,0.22714862,0.10148051,0.32516724,0.18346374,0.8137915,0.0236965,0.072293825,0.016715297,0.1478565,0.0868358,null,null,null,null,"TWOGAUSSIANS",8,5.345261,0.36695427,0.010810353,0.4,0.0,0.23067589,0.037467282,0.8137915,0.0236965,0.4,0.06757363,0.11705598,0.0605705
375316653866487564,4112134695740231680,0.4223641,2271.3279521601416,0.07942929630435408,2.1542424E-5,19.034508,0.0063622207,0.7652557,0.009293864,0.027640501,0.005038154,0.24791066,0.15208843,0.52578914,0.014733755,0.056430202,0.013386614,0.07949541,0.026484797,null,null,null,null,"TWOGAUSSIANS",8,2.4188406,0.7652557,0.009294345,0.15478681,0.028213661,0.24792044,0.15208861,0.52578914,0.014733755,0.31600913,0.07496504,0.07949541,0.026484797
375316653866487564,4112134768768253952,0.50731856,2237.6733569453095,2.982697861004389,2.885371E-5,18.931656,0.07451046,0.29114932,0.009255265,0.1244315,0.03773421,0.210504,0.069092184,0.8043208,0.006109978,0.10530646,0.020530257,0.23113808,0.071988955,null,null,null,null,"TWOGAUSSIANS",8,1.6279587,0.8044008,0.0061238785,0.4,0.0,0.19522028,0.018597595,0.29113933,0.009254747,0.4,0.0,0.17445052,0.018280244
375316653866487564,4112135352884433024,0.5374079,2268.483968381872,2.872129355320027,1.0868499E-5,19.56306,0.0128937755,0.25311157,0.0066197845,0.061914198,0.005941507,0.7866935,0.08714103,0.74913555,0.012119399,0.055342898,0.0060562836,0.6210529,0.070103295,null,null,null,null,"TWOGAUSSIANS",8,3.908457,0.25311157,0.0066197845,0.3467195,0.033272438,0.78655666,0.08723622,0.74913555,0.012119399,0.30992022,0.03391519,0.62091607,0.07000046
375316653866487564,4112136516806416000,0.5185012,2237.683505470029,0.5417625157081085,8.03984E-5,19.538288,0.053551212,0.45872265,0.0057397913,0.029329235,0.0067243534,0.269795,0.058697805,0.7216581,0.006336702,0.07079928,0.0131793525,0.3630181,0.10642964,0.15786442,0.058221158,0.45872265,0.0057397913,"TWOGAUSSIANS_WITH_ELLIPSOIDAL_ON_ECLIPSE1",9,1.5489409,0.45878264,0.00574982,0.16424371,0.037656378,0.5858887,0.12146333,0.72838813,0.00723174,0.39647597,0.06602616,0.36617467,0.106266744
375316653866487564,4112136899098733440,0.55350643,2214.03928046381,2.4948831560682847,1.0103145E-5,18.75702,0.009569814,0.19649065,0.0023875537,0.07963914,0.0035625347,0.35919338,0.009988918,0.70099163,0.0121032465,0.068868294,0.010008664,0.41432145,0.061492518,null,null,null,null,"TWOGAUSSIANS",8,2.3220153,0.70099163,0.0121032465,0.38566247,0.03531936,0.4119361,0.063254856,0.19649065,0.0023875537,0.4,0.0,0.35680807,0.008663853
375316653866487564,4112138170383042944,0.55869627,2209.6212821397576,3.026719195352226,3.294482E-5,17.956924,0.012513226,0.3149248,0.009431081,0.083931684,0.009063785,0.44574407,0.04764688,0.8240209,0.0065285414,0.08526434,0.00674374,0.463456,0.02510349,null,null,null,null,"TWOGAUSSIANS",8,12.245172,0.8240209,0.0065285414,0.4,0.0,0.45362213,0.024379106,0.3149248,0.009431081,0.4,0.0,0.43591022,0.048627593
375316653866487564,4112139338649508864,0.42278054,2253.2378435346513,3.6802189376534913,2.1368935E-5,18.555977,0.020544086,0.16448703,0.012687562,0.021555515,0.008752879,0.39613765,0.82796586,0.6154981,0.020792317,0.099885695,0.0259544,0.17445067,0.042994197,null,null,null,null,"TWOGAUSSIANS",8,9.821664,0.16448703,0.012687562,0.12071088,0.04901612,0.39613268,0.8279799,0.6154981,0.020792317,0.4,0.0,0.17443909,0.04299991
375316653866487564,4112139403028309504,0.5619241,2218.740401344899,2.764203546515529,1.3797147E-5,17.933867,0.017326517,0.26125035,0.002583022,0.100867644,0.009335265,0.32825065,0.01809602,0.7668731,0.0023288182,0.103660606,0.0063532465,0.3021299,0.016194766,null,null,null,null,"TWOGAUSSIANS",8,3.2290623,0.26125035,0.002583022,0.4,0.0,0.29862657,0.024502486,0.7668731,0.0023288182,0.4,0.0,0.27250344,0.0068953754
375316653866487564,4112139677910555136,0.49478415,2208.6228039782072,0.43563931104756665,1.2826621E-5,17.116394,0.0027509807,0.23398513,0.0013485225,0.014350336,0.003613077,0.36666355,0.35936648,0.7308678,0.014572649,0.01826437,0.011975343,0.3741763,249542.9,null,null,null,null,"TWOGAUSSIANS",8,15.784555,0.7308678,0.014572649,0.102280475,0.06706192,0.3741763,249542.9,0.23398513,0.0013485225,0.08036188,0.020233233,0.36666355,0.35936648
375316653866487564,4112140438132650368,0.5552366,2218.3477522684734,2.975441259345799,1.3464506E-5,19.672972,0.014394755,0.18433954,0.011441464,0.07460765,0.006900149,0.5153348,0.043823916,0.68464917,0.0014851742,0.068867415,0.003684943,0.6334447,0.023052,null,null,null,null,"TWOGAUSSIANS",8,2.6151884,0.68464917,0.0014851742,0.38565752,0.020635681,0.6308449,0.023162546,0.18433954,0.011441464,0.4,0.008262461,0.512735,0.042997874
375316653866487564,4112141773851017216,0.5845931,2236.6680012685897,2.589012091403633,8.939522E-6,17.673553,0.015783237,0.2616077,0.003007504,0.10137325,0.0063814595,0.2876835,0.014990776,0.7625347,0.0018074302,0.11420085,0.007496092,0.27318704,0.0130428765,null,null,null,null,"TWOGAUSSIANS",8,2.51568,0.2616077,0.003007504,0.4,0.0,0.2501849,0.005965226,0.7625347,0.0018074302,0.4,0.0,0.23565385,0.009622288
375316653866487564,4112143393070261248,0.5098336,2241.3740968135617,3.695735666659705,1.6913245E-5,18.99094,0.011592014,0.21314931,0.004275749,0.0817723,0.0050802147,0.35094473,0.017035818,0.7131387,0.006042658,0.08086343,0.007024294,0.30267107,0.017649692,null,null,null,null,"TWOGAUSSIANS",8,3.2367363,0.21314931,0.004275749,0.4,0.0,0.34516758,0.015933238,0.7131387,0.006042658,0.4,0.0,0.29689392,0.017251661
375316653866487564,4112144763151231616,0.5590112,2209.625824101112,2.900903032831303,1.505878E-5,18.512352,0.010462678,0.29458088,0.0026222582,0.08916999,0.0049493625,0.30725905,0.0154579375,0.79457617,0.003792941,0.0817019,0.0048722248,0.34028986,0.01597404,null,null,null,null,"TWOGAUSSIANS",8,3.1099243,0.79457617,0.003792941,0.4,0.0,0.331383,0.015495113,0.29458088,0.0026222582,0.4,0.0,0.2983521,0.015058784
375316653866487564,4112145038026342784,0.603636,2224.234981611185,4.110277215144056,1.7006561E-5,18.022036,0.009636856,0.22499056,0.0020558394,0.045960333,0.0025422785,0.36855984,0.027092587,0.7269239,0.0015981363,0.043385737,0.003877114,0.270117,0.017555175,0.13003285,0.010624076,0.22499056,0.0020558394,"TWOGAUSSIANS_WITH_ELLIPSOIDAL_ON_ECLIPSE1",9,5.6602125,0.22499056,0.0020558394,0.25737786,0.014236759,0.6286254,0.018279877,0.7269239,0.0015927287,0.24296013,0.021711838,0.53014416,0.011621893
375316653866487564,4112145214136598016,0.50486565,2243.882198293526,3.2815476958270433,2.309933E-5,19.35109,0.016810361,0.26808026,0.0037574933,0.089170605,0.007930896,0.29109117,0.017367462,0.7575761,0.0062519307,0.09170083,0.007105248,0.32902107,0.024677157,null,null,null,null,"TWOGAUSSIANS",8,2.007807,0.7575761,0.0062519307,0.4,0.0,0.31748527,0.02283537,0.26808026,0.0037574933,0.4,0.0,0.27955556,0.015754355
375316653866487564,4112145282856147328,0.48234192,2230.547828193731,3.8236463904390976,5.3933425E-5,18.700207,0.014024738,0.29359052,0.011990541,0.07638196,0.020843273,0.21402988,0.05105222,0.7584969,0.0068304497,0.08378232,0.012040929,0.19376366,0.013950199,null,null,null,null,"TWOGAUSSIANS",8,4.764854,0.29359052,0.011990541,0.4,0.0,0.21250048,0.054518256,0.7584969,0.0068304497,0.4,0.0,0.19223422,0.012329798
375316653866487564,4112145557734033408,0.49817893,2244.613719783535,1.165017124026,1.493181E-5,19.315022,0.005796988,0.31098625,0.0027893998,0.023760537,0.0036902423,0.38698193,0.08466366,0.81078744,0.003476077,0.030424353,0.0039477493,0.12229724,0.010096107,null,null,null,null,"TWOGAUSSIANS",8,2.283771,0.31098625,0.0027893998,0.13305901,0.020665357,0.38698193,0.08466366,0.81078744,0.003476077,0.17037638,0.022107396,0.12229724,0.010096107
375316653866487564,4112145557762346496,0.546053,2228.1850645110885,0.20390384753200463,7.646769E-5,18.316628,0.008947058,0.31557843,0.047961466,0.047189582,0.065517835,0.031666603,0.016886527,0.7715486,0.0021684733,0.010269468,0.002114868,0.7025493,0.31529653,null,null,null,null,"TWOGAUSSIANS",8,7.0734787,0.7715486,0.0021684733,0.05750902,0.011843261,0.7025493,0.31529653,0.31557843,0.047961466,0.26426166,0.3385185,0.031666603,0.016886527
375316653866487564,4112145897020317824,0.63698775,2215.793725349238,2.5154585733029675,4.8021116E-6,16.638094,0.0042630243,0.23108798,0.0011490153,0.04488898,0.0034249895,0.116081364,0.011803483,0.7341352,0.0016197308,0.04441018,0.003142151,0.16403896,0.010141621,0.10557882,0.0058093043,0.23108798,0.0011490153,"TWOGAUSSIANS_WITH_ELLIPSOIDAL_ON_ECLIPSE1",9,4.846564,0.7341352,0.0016197308,0.24869701,0.017596047,0.37511906,0.009415529,0.23108798,0.0011490153,0.2513783,0.019179942,0.32723886,0.007964056
375316653866487564,4112146000095690112,0.6098998,2244.0168964498857,2.6763086175139024,1.1792057E-5,17.867382,0.01610994,0.2529009,0.0044992277,0.08274492,0.006433866,0.3540663,0.019198908,0.74811,0.002665654,0.09221903,0.006274341,0.30763158,0.014628403,null,null,null,null,"TWOGAUSSIANS",8,2.8434567,0.2529009,0.0044992277,0.4,0.0,0.3438493,0.012839476,0.74811,0.002665654,0.4,0.0,0.29741433,0.00783054
375316653866487564,4112146279288801664,0.45166957,2217.7964711692803,1.8126033124321272,1.4601253E-5,18.571476,0.004233138,0.2872818,0.009994797,0.044952456,0.0080183055,0.11754942,0.027312925,0.7722861,0.00304407,0.03759078,0.0030419424,0.13268094,0.007480143,null,null,null,null,"TWOGAUSSIANS",8,4.1810374,0.7722861,0.00304407,0.21050836,0.017034877,0.13268094,0.0074801426,0.2872818,0.009994797,0.25173375,0.044902507,0.11754941,0.027312925
375316653866487564,4112146416755882240,0.57828385,2227.258168041943,1.72940060742913,9.610078E-6,17.017874,0.0027412851,0.22374982,0.0019962846,0.08350638,0.0024900998,0.15638058,0.003606168,0.7181096,0.0027367559,0.07894104,0.0029501547,0.1497162,0.003090242,null,null,null,null,"TWOGAUSSIANS",8,3.127696,0.22374982,0.0019962846,0.4,0.0,0.1539706,0.0033091614,0.7181096,0.0027367559,0.4,0.0,0.14730622,0.0027802242
375316653866487564,4112146451089796864,0.42071086,2250.492542486321,0.13704673931804132,8.3633146E-5,17.37399,0.0102483565,0.1097179,0.020849228,0.009784688,0.008429245,0.08016912,0.05203078,0.54220724,0.0077137416,0.03829681,0.12198497,0.20312586,0.14063206,null,null,null,null,"TWOGAUSSIANS",8,29.25944,0.54220724,0.0077137416,0.21446213,0.18357372,0.20312586,0.14168872,0.1097179,0.020849349,0.054794256,0.04720377,0.08016912,0.052108623
375316653866487564,4112147030891892096,0.47840118,2230.151112515243,2.804595432776803,4.6208253E-5,19.425951,0.014118555,0.21955092,0.0056318184,0.06326478,0.00845737,0.2986912,0.020166669,0.70637804,0.0084820185,0.07272238,0.011315223,0.26373318,0.018906482,null,null,null,null,"TWOGAUSSIANS",8,4.2138906,0.21955092,0.0056318184,0.35428277,0.047361273,0.29824066,0.020070905,0.70637804,0.0084820185,0.4,0.029943908,0.26328263,0.018820314
375316653866487564,4112147237049642112,0.45788023,2240.1976334139767,1.349811918011994,4.0845578E-5,18.10379,0.25993696,0.23919712,0.010836237,0.13335937,0.0695161,0.17026044,0.24942532,0.7286072,0.009179091,0.1355743,0.058153104,0.17673129,0.23946102,null,null,null,null,"TWOGAUSSIANS",8,7.3018465,0.7286072,0.009179091,0.4,0.0,0.119823486,0.011305732,0.23950712,0.010344017,0.4,0.0,0.11344739,0.015232126
375316653866487564,4112147271405969536,0.6281275,2231.416111482977,3.573656072080637,5.694874E-6,18.504902,0.018785045,0.24181384,0.00362179,0.046295084,0.00511294,0.42302087,0.043766607,0.7424145,0.0023558056,0.04591241,0.0054172375,0.48590213,0.045105144,0.12441691,0.028404603,0.24181384,0.00362179,"TWOGAUSSIANS_WITH_ELLIPSOIDAL_ON_ECLIPSE1",9,4.664254,0.7424145,0.0022225173,0.2571095,0.030336529,0.7347317,0.051506773,0.24181384,0.00362179,0.25925246,0.028632464,0.671854,0.02325701
375316653866487564,4112147275750383744,0.5997335,2242.7683179364435,2.240415153997249,1.2679715E-5,18.186499,0.015881175,0.23922618,0.0033303457,0.05073664,0.0073563037,0.27481365,0.03487444,0.7470246,0.006546143,0.057075765,0.0072383964,0.41474542,0.03290097,0.09758869,0.01903796,0.23922618,0.0033303457,"TWOGAUSSIANS_WITH_ELLIPSOIDAL_ON_ECLIPSE1",9,5.131929,0.7470246,0.006546143,0.31962427,0.04053502,0.60943687,0.016135486,0.23922618,0.0033303457,0.28412518,0.0411953,0.46997333,0.027133865
375316653866487564,4112148096039879424,0.53599435,2248.484219915093,4.463914931318059,1.976436E-5,17.878168,0.005284549,0.25189355,0.002291802,0.08095142,0.0026552135,0.3368566,0.009409679,0.75872606,0.0030421035,0.08637384,0.0033564905,0.27726305,0.008680349,null,null,null,null,"TWOGAUSSIANS",8,4.348115,0.25189355,0.002291802,0.4,0.0,0.3306641,0.00921589,0.75872606,0.0030421035,0.4,0.0,0.27107054,0.008324987
375316653866487564,4112148439640886528,0.6129873,2242.193214262691,3.2288600062392416,1.0448664E-5,16.966257,0.008927136,0.27271208,0.0031069475,0.055222835,0.0077503803,0.20346402,0.025838802,0.7660889,0.0018366178,0.046196163,0.0038525865,0.29579487,0.019185342,0.11634217,0.012662007,0.27271208,0.0031069475,"TWOGAUSSIANS_WITH_ELLIPSOIDAL_ON_ECLIPSE1",9,14.79929,0.7668589,0.001444978,0.2586985,0.021574484,0.52811563,0.01972134,0.27271208,0.0031069475,0.30924788,0.043402128,0.43614042,0.017642953
375316653866487564,4112148508360260480,0.61845756,2226.6222381721395,0.6839523854336657,1.1704555E-5,18.477545,0.0028898092,0.50789964,5.943957E-4,0.023261713,8.090045E-4,0.5046612,0.009730696,0.6806722,0.010583786,0.013303915,0.012015688,0.018149769,5587.1304,null,null,null,null,"TWOGAUSSIANS",8,1.7764169,0.50789964,5.943957E-4,0.1302656,0.004530425,0.5046612,0.009730696,0.6806722,0.010583786,0.074501924,0.067287855,0.018149769,5587.1304
375316653866487564,4112148547031218048,0.569135,2222.3494414153674,2.7658112331394733,2.3974288E-5,19.58153,0.014515851,0.27047083,0.004740853,0.05881792,0.004913884,0.74856937,0.035016626,0.7846356,0.0054155365,0.08047332,0.008880308,0.23599423,0.015667642,null,null,null,null,"TWOGAUSSIANS",8,1.7703396,0.27047083,0.004740853,0.32938033,0.02751775,0.7477512,0.035156384,0.7846356,0.0054155365,0.4,0.0,0.23517604,0.01544723
375316653866487564,4112149165511442560,0.5661225,2256.9576584624638,1.0010262451936136,4.1084117E-5,18.386631,0.0062482464,0.20204963,0.0039693834,0.020583069,0.0024145953,0.87628174,0.08973128,0.6972199,7.702084E-4,0.016398378,0.0013893071,0.32007295,0.012277518,0.019779615,0.008448365,0.20204963,0.0039693834,"TWOGAUSSIANS_WITH_ELLIPSOIDAL_ON_ECLIPSE1",9,7.2271047,0.20204963,0.0039693834,0.11526518,0.013521734,0.9158409,0.091405116,0.6972299,7.7008235E-4,0.09183092,0.00778012,0.35959584,0.011535404
