Gaia/vari_eclipsing_binary/VariEclipsingBinary_224223-224339.csv
# %ECSV 1.0
# ---
# delimiter: ','
# meta: !!omap
# - RELEASE: Gaia DR3
# - TABLE: vari_eclipsing_binary
# - DESCRIPTION: >
#     This table describes the properties of the eclipsing binaries resulting from the variability analysis. 
# - CITATION: >
#     How to cite and acknowledge Gaia: 
#     https://gea.esac.esa.int/archive/documentation/credits.html 
# - KNOWN_ISSUES: >
#     Known issues: 
#     https://www.cosmos.esa.int/web/gaia-users/known-issues 
# - DOCUMENTATION: >
#     Tutorials and documentation: 
#     https://www.cosmos.esa.int/web/gaia-users/archive 
# datatype:
# - 
#   name: solution_id
#   datatype: int64
#   description: Solution Identifier
#   meta:
#     ucd: meta.version
# - 
#   name: source_id
#   datatype: int64
#   description: Unique source identifier
#   meta:
#     ucd: meta.id;meta.main
# - 
#   name: global_ranking
#   datatype: float32
#   description: Number between 0 (worst) and 1 (best)
#   meta:
#     ucd: stat.param
# - 
#   name: reference_time
#   datatype: float64
#   unit: d
#   description: Reference time used for the geometric model fit
#   meta:
#     ucd: time.epoch
# - 
#   name: frequency
#   datatype: float64
#   unit: d**-1
#   description: Frequency of geometric model of the eclipsing binary light curve
#   meta:
#     ucd: src.orbital
# - 
#   name: frequency_error
#   datatype: float32
#   unit: d**-1
#   description: "Uncertainty of \\texttt{frequency}"
#   meta:
#     ucd: stat.error
# - 
#   name: geom_model_reference_level
#   datatype: float32
#   unit: mag
#   description: Magnitude reference level of geometric model
#   meta:
#     ucd: phot.mag;em.opt
# - 
#   name: geom_model_reference_level_error
#   datatype: float32
#   unit: mag
#   description: "Uncertainty of \\texttt{geomModelReferenceLevel}"
#   meta:
#     ucd: stat.error;phot.mag;em.opt
# - 
#   name: geom_model_gaussian1_phase
#   datatype: float32
#   description: Phase of the Gaussian 1 component
#   meta:
#     ucd: time.phase
# - 
#   name: geom_model_gaussian1_phase_error
#   datatype: float32
#   description: "Uncertainty of \\texttt{geomModelGaussian1Phase}"
#   meta:
#     ucd: stat.error;time.phase
# - 
#   name: geom_model_gaussian1_sigma
#   datatype: float32
#   description: "Standard deviation [phase] of Gaussian 1 component"
#   meta:
#     ucd: stat.stdev
# - 
#   name: geom_model_gaussian1_sigma_error
#   datatype: float32
#   description: "Uncertainty of \\texttt{geomModelGaussian1Sigma}"
#   meta:
#     ucd: stat.error
# - 
#   name: geom_model_gaussian1_depth
#   datatype: float32
#   unit: mag
#   description: Magnitude depth of Gaussian 1 component
#   meta:
#     ucd: src.var.amplitude
# - 
#   name: geom_model_gaussian1_depth_error
#   datatype: float32
#   unit: mag
#   description: "Uncertainty of \\texttt{geomModelGaussian1Depth}"
#   meta:
#     ucd: stat.error;src.var.amplitude
# - 
#   name: geom_model_gaussian2_phase
#   datatype: float32
#   description: Phase of Gaussian 2 component
#   meta:
#     ucd: time.phase
# - 
#   name: geom_model_gaussian2_phase_error
#   datatype: float32
#   description: "Uncertainty of \\texttt{geomModelGaussian2Phase}"
#   meta:
#     ucd: stat.error;time.phase
# - 
#   name: geom_model_gaussian2_sigma
#   datatype: float32
[...]
#   datatype: float32
#   description: "Secondary eclipse: uncertainty of \\texttt{derivedSecondaryEclDuration}"
#   meta:
#     ucd: stat.error;time.duration
# - 
#   name: derived_secondary_ecl_depth
#   datatype: float32
#   unit: mag
#   description: "Secondary eclipse: depth"
#   meta:
#     ucd: src.var.amplitude
# - 
#   name: derived_secondary_ecl_depth_error
#   datatype: float32
#   unit: mag
#   description: "Secondary eclipse: uncertainty of \\texttt{derivedSecondaryEclDepth}"
#   meta:
#     ucd: stat.error;src.var.amplitude
solution_id,source_id,global_ranking,reference_time,frequency,frequency_error,geom_model_reference_level,geom_model_reference_level_error,geom_model_gaussian1_phase,geom_model_gaussian1_phase_error,geom_model_gaussian1_sigma,geom_model_gaussian1_sigma_error,geom_model_gaussian1_depth,geom_model_gaussian1_depth_error,geom_model_gaussian2_phase,geom_model_gaussian2_phase_error,geom_model_gaussian2_sigma,geom_model_gaussian2_sigma_error,geom_model_gaussian2_depth,geom_model_gaussian2_depth_error,geom_model_cosine_half_period_amplitude,geom_model_cosine_half_period_amplitude_error,geom_model_cosine_half_period_phase,geom_model_cosine_half_period_phase_error,model_type,num_model_parameters,reduced_chi2,derived_primary_ecl_phase,derived_primary_ecl_phase_error,derived_primary_ecl_duration,derived_primary_ecl_duration_error,derived_primary_ecl_depth,derived_primary_ecl_depth_error,derived_secondary_ecl_phase,derived_secondary_ecl_phase_error,derived_secondary_ecl_duration,derived_secondary_ecl_duration_error,derived_secondary_ecl_depth,derived_secondary_ecl_depth_error
[from data line 432]
375316653866487564,1972705283952896128,0.56677586,2134.8426097780675,1.8853276277202162,8.379668E-6,17.660564,0.009621142,0.26192486,0.0018994195,0.0944224,0.004641444,0.27358153,0.00905203,0.7626587,0.0035203886,0.10520217,0.0065707895,0.22383885,0.0106131425,null,null,null,null,"TWOGAUSSIANS",8,2.4790053,0.26192486,0.0018994195,0.4,0.0,0.25248498,0.008535001,0.7626587,0.0035203886,0.4,0.0,0.20273717,0.007322652
375316653866487564,1972706486543790336,0.5911226,2169.561601390817,3.141907396755583,4.546312E-6,17.865152,0.013683637,0.20679481,0.003953908,0.06272227,0.013614858,0.080202274,0.032223307,0.7049951,0.003461671,0.05015521,0.0041910713,0.54607785,0.028029235,0.066095516,0.017643709,0.20679481,0.003953908,"TWOGAUSSIANS_WITH_ELLIPSOIDAL_ON_ECLIPSE1",9,6.9668484,0.70507514,0.0032562762,0.2808692,0.02347,0.67822206,0.0206598,0.20679481,0.003953908,0.35124472,0.0762432,0.2123626,0.009872177
375316653866487564,1972709613280369920,0.4965026,2167.046335068191,3.878046042232303,2.8856315E-5,17.57479,0.009936335,0.32676008,0.010060193,0.09538078,0.013033844,0.15080012,0.01072632,0.7721565,0.0090851225,0.09963972,0.01063733,0.14860561,0.013372125,null,null,null,null,"TWOGAUSSIANS",8,9.346529,0.32678008,0.010058594,0.4,0.0,0.14555979,0.008417654,0.7721565,0.0090851225,0.4,0.0,0.14336123,0.011148899
375316653866487564,1972711228188066048,0.6159943,2154.026561157207,2.3413757159816457,4.7160424E-6,15.439396,0.0075252615,0.19094777,0.0010076067,0.053089514,0.0029424815,0.22685492,0.016827853,0.69034636,0.0028083134,0.05640747,0.0051585413,0.22810355,0.01540131,0.09606307,0.010070523,0.19094777,0.0010076067,"TWOGAUSSIANS_WITH_ELLIPSOIDAL_ON_ECLIPSE1",9,44.39447,0.6904564,0.0025487687,0.31588185,0.02888783,0.42021215,0.015278749,0.19094777,0.0010076067,0.2973013,0.016477896,0.4189658,0.0051088315
375316653866487564,1972713564650253440,0.5804217,2158.997262300186,1.7697543954700052,4.590418E-6,18.32902,0.0043462254,0.19915582,0.0013553754,0.03588378,0.0022826064,0.483395,0.04499717,0.69709015,0.0010499662,0.03302335,0.0018505262,0.71267724,0.013653292,null,null,null,null,"TWOGAUSSIANS",8,5.9742284,0.69709015,0.0010499662,0.18493076,0.010362946,0.71267724,0.013653292,0.19915582,0.0013553754,0.20094918,0.012782595,0.483395,0.04499717
375316653866487564,1972714595442184832,0.532074,2169.6899844506447,3.1692805759613885,1.2673444E-5,18.747293,0.010607132,0.2444379,0.005497167,0.08810764,0.009300251,0.40415296,0.025057137,0.74691075,0.0031830014,0.08338191,0.004633962,0.39745066,0.01883605,null,null,null,null,"TWOGAUSSIANS",8,6.0461307,0.2444379,0.005497167,0.4,0.0,0.3931966,0.028619055,0.74691075,0.0031830014,0.4,0.0,0.3864944,0.018930156
375316653866487564,1972716313429289472,0.6078785,2124.2508237470042,2.325621931790199,5.1593706E-6,17.744915,0.0037385854,0.2762411,0.0012451281,0.06829138,0.0013772071,0.58462614,0.014192187,0.78241944,0.0032023871,0.08343722,0.0041591604,0.17788877,0.0070444024,null,null,null,null,"TWOGAUSSIANS",8,4.165204,0.2762411,0.0012451281,0.38243175,0.00771236,0.5823624,0.014314827,0.78241944,0.0032023871,0.4,0.0,0.17562507,0.0071151257
375316653866487564,1972718920464937600,0.5415148,2179.393596395521,2.776650942627848,6.831776E-6,18.447561,0.018541584,0.23222965,0.0019479762,0.05643268,0.005612515,0.2723832,0.039046388,0.7084288,0.010148349,0.050321843,0.012648012,0.28859612,0.042189203,0.12176014,0.022509301,0.23222965,0.0019479762,"TWOGAUSSIANS_WITH_ELLIPSOIDAL_ON_ECLIPSE1",9,8.036272,0.7118388,0.009775052,0.28180233,0.07082886,0.5274638,0.045297258,0.23222965,0.0019479762,0.316023,0.031430084,0.51588815,0.012104891
375316653866487564,1972721261232901760,0.5133311,2184.8483564813073,3.1089875112336176,1.0067046E-5,15.181968,0.095828086,0.29872108,0.0027995794,0.17969418,0.020649603,0.75262946,0.09214383,0.79749376,0.004178259,0.20242639,0.029505149,0.7677895,0.09620028,null,null,null,null,"TWOGAUSSIANS",8,44.91912,0.2995011,0.002398313,0.4,0.0,0.18307608,0.005821756,0.79749376,0.004178259,0.4,0.0,0.15691334,0.0099459905
375316653866487564,1972721501748333696,0.44849765,2218.5333399997453,1.1063865689623704,5.4287717E-5,19.052174,0.0044075213,0.22620131,0.005693126,0.029349169,0.013770917,0.30333507,11.207524,0.74873817,0.022345252,0.06255255,0.026794666,0.13607162,0.024595553,null,null,null,null,"TWOGAUSSIANS",8,2.6997516,0.22620131,0.005693126,0.16435534,0.07711714,0.30333504,11.207524,0.74873817,0.022345252,0.35029426,0.15005013,0.1360716,0.024595637
375316653866487564,1972722017136956416,0.5235826,2209.001035930453,1.4685978875286587,9.256035E-6,19.447716,0.008616186,0.23487477,0.004314722,0.050597154,0.0047890893,0.38692018,0.017460238,0.71953887,0.0031940828,0.04962563,0.0038611805,0.77885586,0.10844422,null,null,null,null,"TWOGAUSSIANS",8,3.9680786,0.71953887,0.0031940828,0.27790353,0.021622611,0.7788539,0.10844623,0.23487477,0.004314722,0.28334406,0.0268189,0.3869182,0.017461488
375316653866487564,1972722944857044608,0.4909728,2166.630629987158,0.6788277313843075,1.9209967E-5,13.757756,0.0010155877,0.29815692,0.0073910453,0.10742962,0.015449016,0.011976752,0.0011101081,0.78143156,0.0061308946,0.067006916,0.005758858,0.027820973,0.0019344159,null,null,null,null,"TWOGAUSSIANS",8,8.01028,0.78143156,0.0061308946,0.37523872,0.032249603,0.027430916,0.0017497061,0.29815692,0.0073910453,0.4,0.0,0.0115861,0.0010572068
375316653866487564,1972725178232413952,0.59027076,2164.789246601573,3.21553125060633,6.6933503E-6,18.78795,0.02019314,0.24033736,0.0024326174,0.04671818,0.006103513,0.34013078,0.037194733,0.74137515,0.0035706186,0.06098363,0.0066528786,0.42730922,0.04193634,0.10527573,0.022490278,0.24033736,0.0024326174,"TWOGAUSSIANS_WITH_ELLIPSOIDAL_ON_ECLIPSE1",9,3.3445475,0.74137515,0.0035097285,0.34150833,0.03725612,0.6377611,0.028277311,0.24033736,0.0024326174,0.2616218,0.034179673,0.55059165,0.014729482
375316653866487564,1972725899794805760,0.47571763,2176.273858994535,1.823170426484368,1.6990725E-5,18.024235,0.013038381,0.27692875,0.00341263,0.041695867,0.0053884964,0.28989705,0.03341353,0.78967553,0.0040577753,0.03853806,0.00761817,0.19184947,0.03836577,0.023714388,0.01880149,0.27692875,0.00341263,"TWOGAUSSIANS_WITH_ELLIPSOIDAL_ON_ECLIPSE1",9,16.983824,0.27692875,0.00341263,0.23349686,0.03017558,0.3373258,0.02330537,0.78967553,0.0040577753,0.21581313,0.042661753,0.23897465,0.031513628
375316653866487564,1972727068028684800,0.49650773,2144.4190945927003,3.4661736923195234,6.193608E-6,18.938656,0.003103705,0.26133785,0.002169383,0.00963756,0.0024707124,0.07094994,0.01721301,null,null,null,null,null,null,0.10875617,0.0042754267,0.26133785,0.002169383,"ONEGAUSSIAN_WITH_ELLIPSOIDAL",6,3.3426669,0.26133785,0.002169383,0.053970337,0.013835989,0.288462,0.017289918,null,null,null,null,null,null
375316653866487564,1972731053755568640,0.47760898,2162.980864500883,0.5351848173923576,3.0548308E-5,19.792097,0.0044957926,0.4092472,0.015983649,0.019712193,0.020102007,0.3827813,0.28221604,0.68889666,5.3309783E-4,0.014183952,0.0013783004,2.3455656,0.825786,null,null,null,null,"TWOGAUSSIANS",8,1.6007338,0.68889666,5.3309783E-4,0.07943013,0.007718482,2.3455656,0.825786,0.4092472,0.015983649,0.11038828,0.11257125,0.3827813,0.28221604
375316653866487564,1972732496864711424,0.57041836,2182.5678085086265,2.4871136202049,8.748325E-6,17.376945,0.003974984,0.1801357,0.0041030594,0.07895564,0.0041910033,0.13129894,0.0062576374,0.6657622,0.0022096888,0.075221114,0.0027913102,0.28556675,0.0077961776,null,null,null,null,"TWOGAUSSIANS",8,4.903136,0.6657622,0.0022096888,0.4,0.0,0.28411064,0.0078060892,0.1801357,0.0041030594,0.4,0.0,0.12984283,0.0060933386
375316653866487564,1972733042318087680,0.57159334,2167.802200072404,1.028559270852221,1.9372364E-5,18.97095,0.0028914118,0.26636103,0.0019303564,0.030788653,0.0022513887,0.17461485,0.006853114,0.7701469,0.007705709,0.030895613,0.004886227,0.9746061,0.1888852,null,null,null,null,"TWOGAUSSIANS",8,1.7112135,0.7701469,0.007705709,0.17301543,0.027362872,0.9746061,0.1888852,0.26636103,0.0019303564,0.17241646,0.0126077775,0.17461485,0.006853114
375316653866487564,1972733321498447616,0.5011641,2185.9492489304002,0.029613371762314204,3.527757E-5,17.56389,0.0017730304,0.47240093,0.0020436917,0.019798005,0.008311795,0.17143428,1.2668707,0.8185894,0.0019200984,0.018366186,0.0056160926,0.22854865,0.16924147,null,null,null,null,"TWOGAUSSIANS",8,2.1712294,0.8185894,0.0019200984,0.102850646,0.03145012,0.22854865,0.16924147,0.47240093,0.0020436917,0.11086883,0.046546053,0.17143428,1.2668707
375316653866487564,1972734180494558208,0.4688115,2141.9380377518614,0.010710365809064018,1.9533893E-5,9.924367,0.008985772,null,null,null,null,null,null,null,null,null,null,null,null,0.15463221,0.008148537,0.23592332,0.008843982,"ELLIPSOIDAL",4,110.21549,null,null,null,null,null,null,null,null,null,null,null,null
375316653866487564,1972735928535719424,0.50604916,2172.095666273101,2.3907281031150647,1.04091405E-5,19.615482,0.013872866,0.26917136,0.0036613676,0.072420835,0.0054978384,0.37658527,0.03261739,0.7674192,0.007175721,0.09727899,0.0084333215,0.30857143,0.01897844,null,null,null,null,"TWOGAUSSIANS",8,1.7772914,0.26917136,0.0036613676,0.4,0.009057409,0.36821777,0.033170406,0.7674192,0.007175721,0.4,0.0,0.30020276,0.016762098
375316653866487564,1972737685185050752,0.5499035,2188.8876428614026,2.3015535759972154,1.2205586E-5,15.920871,0.007693911,0.2974172,0.0045570787,0.08777382,0.0058368007,0.21659325,0.015091658,0.7903329,0.0029253708,0.09287795,0.004936377,0.24202369,0.0081489775,null,null,null,null,"TWOGAUSSIANS",8,34.83637,0.7903329,0.0029253708,0.4,0.0,0.23310417,0.0068116016,0.2974172,0.0045570787,0.4,0.0,0.20767395,0.015152578
375316653866487564,1972739952927597440,0.5016478,2151.9794417222934,1.23968148955622,2.089546E-5,15.912874,0.0016240759,0.7453446,0.0026441596,0.03452302,0.0024640833,0.124867685,0.00838637,null,null,null,null,null,null,0.008010236,0.0025766105,0.7453446,0.0026441596,"ONEGAUSSIAN_WITH_ELLIPSOIDAL",6,14.88091,0.7453446,0.0026441596,0.19332892,0.013798866,0.14088814,0.0082769925,null,null,null,null,null,null
375316653866487564,1972741567835296384,0.6188007,2140.091079771241,1.0480328924537026,5.7895895E-6,18.812592,0.0026335004,0.20836963,0.0030676618,0.047494084,0.00305547,0.18303178,0.0071322364,0.70575523,0.0011802925,0.030312464,5.309723E-4,0.9085883,0.021546915,null,null,null,null,"TWOGAUSSIANS",8,1.2204822,0.70575523,0.0011802925,0.1697498,0.0029734448,0.9085883,0.021546915,0.20836963,0.0030676618,0.26596686,0.017110633,0.18303178,0.007132237
375316653866487564,1972741975850103680,0.53812987,2194.54634773421,3.9849364101990643,9.284692E-6,18.451078,0.010809936,0.2777566,0.0020885554,0.07990421,0.0053050183,0.28218785,0.009820663,0.79881936,0.007893523,0.08197193,0.009589881,0.27682313,0.016669612,null,null,null,null,"TWOGAUSSIANS",8,4.1294413,0.2777566,0.0020885554,0.4,0.0,0.27904466,0.008182073,0.79881936,0.007893523,0.4,0.0,0.2736799,0.015598416
375316653866487564,1972743796916108800,0.53457046,2164.5223612359173,1.0017786888875462,3.051685E-5,18.575125,0.002368243,0.51837313,8.3526643E-4,0.021325486,0.0011700559,1.3901591,0.2535147,0.9028851,0.018027153,0.022214167,0.019550448,0.01649706,0.047037873,null,null,null,null,"TWOGAUSSIANS",8,2.075672,0.51837313,8.3526643E-4,0.11942272,0.0065523135,1.3901591,0.2535147,0.9028851,0.018027153,0.124399334,0.10948251,0.01649706,0.047037873
375316653866487564,1972748164908013056,0.46321595,2173.9766284013294,4.146542591353199,1.144157E-5,19.35526,0.74850625,0.28415942,0.0051126773,0.1075531,0.13123785,0.23997797,0.73252165,0.7925266,0.01065895,0.102575146,0.05364803,0.27633002,0.52979547,null,null,null,null,"TWOGAUSSIANS",8,2.8096418,0.7925366,0.009546624,0.4,0.0,0.24882333,0.026525423,0.28415942,0.0059532286,0.4,0.0,0.21246506,0.021193467
375316653866487564,1972748744718975360,0.5502565,2186.9447242435217,0.4921892350413916,7.157655E-6,18.453411,0.0044689267,0.30798462,0.0051081153,0.023109,0.0020902487,0.8478408,0.2056975,0.81161886,0.0027459522,0.037531506,0.003155732,0.14388323,0.009721473,null,null,null,null,"TWOGAUSSIANS",8,6.0972047,0.30798462,0.0051081153,0.1294104,0.011705392,0.8478408,0.2056975,0.81161886,0.0027459522,0.21017644,0.0176721,0.14388323,0.009721473
375316653866487564,1972749985964114560,0.4500986,2028.4105822007796,1.380491633838442,2.9002864E-5,18.095306,0.0386284,0.18020156,0.016862135,0.06836962,0.009321578,0.5567703,0.10371558,0.6943576,0.013950291,0.12243552,0.036014017,0.2014849,0.03126459,null,null,null,null,"TWOGAUSSIANS",8,26.15295,0.18019156,0.01687416,0.3828699,0.04313195,0.5427483,0.095784426,0.6943576,0.013950291,0.4,0.0,0.18735625,0.02275449
375316653866487564,1972750501367571584,0.60606945,2162.9721403957356,1.2475552573768072,4.8400993E-6,15.336435,0.0074473284,0.2711208,0.0024807637,0.11218159,0.007382006,0.124299,0.006966022,0.7692918,0.0015087792,0.10269117,0.0052147005,0.13887945,0.0071381666,null,null,null,null,"TWOGAUSSIANS",8,5.8987966,0.7692918,0.0015087792,0.4,0.0,0.12178321,0.0017923239,0.2711208,0.0024807637,0.4,0.0,0.107192636,0.002020662
375316653866487564,1972750535727305344,0.47856542,2133.02230382424,3.451599788600487,1.0763353E-5,16.96002,0.021145899,0.18206666,0.007154727,0.108296625,0.019835839,0.12430891,0.019834498,0.6718893,0.004910859,0.10069387,0.017148446,0.12441726,0.01963711,null,null,null,null,"TWOGAUSSIANS",8,7.1969047,0.6718893,0.004910859,0.4,0.0,0.11179516,0.007893536,0.18206666,0.007161592,0.4,0.0,0.11168167,0.0084541
375316653866487564,1972751360361143680,0.46657822,2173.1978450003335,0.08443495156484589,6.4675555E-6,18.63815,0.004998174,0.11091116,0.0077007324,0.0059417705,0.011642604,0.30274332,0.26340732,0.45027184,0.0019370493,0.010538076,0.0015270297,0.20596562,0.059019912,0.03255148,0.0073053814,0.11091116,0.0077007324,"TWOGAUSSIANS_WITH_ELLIPSOIDAL_ON_ECLIPSE1",9,4.6766543,0.11091116,0.0077007324,0.033273913,0.065198585,0.36784625,0.26709142,0.45047185,0.001955639,0.059013225,0.008551367,0.22445787,0.059206497
375316653866487564,1972758953863647232,0.48396754,2153.655842377139,2.9006622965331132,1.9027582E-5,13.511716,0.23093717,0.16486688,0.0040415684,0.17696585,0.02728038,0.69503313,0.18779244,0.6651331,0.004378189,0.19586854,0.035692744,0.7129522,0.21636344,null,null,null,null,"TWOGAUSSIANS",8,446.1981,0.16471688,0.004240761,0.4,0.0,0.17790397,0.010402006,0.6652531,0.00478328,0.4,0.0,0.16666871,0.011663599
375316653866487564,1972762454258233600,0.5623027,2162.988756531249,3.464874990677128,5.2558585E-6,19.316202,0.007029113,0.2532291,0.002659946,0.069198035,0.0037400024,0.48579472,0.025001884,0.75688314,0.0017755041,0.064720556,0.002463782,0.61189,0.038518466,null,null,null,null,"TWOGAUSSIANS",8,2.043414,0.75688314,0.0017755041,0.3624351,0.01379718,0.6109697,0.038629327,0.2532291,0.002659946,0.387509,0.020944014,0.48487446,0.025193814
375316653866487564,1972766444286888192,0.5705534,2163.9828980655298,0.09207523780770961,2.4272971E-5,17.89674,0.0010912248,0.3676893,0.014456277,0.017785685,0.009765946,0.017691068,0.0025979257,0.5667779,0.04388225,0.0140066445,0.016535033,0.95880866,2.4580855,null,null,null,null,"TWOGAUSSIANS",8,1.5770152,0.5667779,0.04388225,0.07843721,0.09259618,0.95880866,2.4580855,0.3676893,0.014456277,0.09959984,0.054689296,0.017691068,0.0025979257
375316653866487564,1972766577423952384,0.49018514,2170.350145483286,2.9457689099017395,1.5766042E-5,18.595022,0.029135823,0.23669349,0.005199489,0.10617313,0.013536107,0.26913953,0.027529692,0.7431759,0.005675013,0.104534544,0.010779997,0.27512994,0.028660448,null,null,null,null,"TWOGAUSSIANS",8,5.4230275,0.7431759,0.0056797746,0.4,0.0,0.24486321,0.013412892,0.23669349,0.0052079284,0.4,0.0,0.23887043,0.009840611
