Gaia/vari_eclipsing_binary/VariEclipsingBinary_762557-762635.csv
# %ECSV 1.0
# ---
# delimiter: ','
# meta: !!omap
# - RELEASE: Gaia DR3
# - TABLE: vari_eclipsing_binary
# - DESCRIPTION: >
#     This table describes the properties of the eclipsing binaries resulting from the variability analysis. 
# - CITATION: >
#     How to cite and acknowledge Gaia: 
#     https://gea.esac.esa.int/archive/documentation/credits.html 
# - KNOWN_ISSUES: >
#     Known issues: 
#     https://www.cosmos.esa.int/web/gaia-users/known-issues 
# - DOCUMENTATION: >
#     Tutorials and documentation: 
#     https://www.cosmos.esa.int/web/gaia-users/archive 
# datatype:
# - 
#   name: solution_id
#   datatype: int64
#   description: Solution Identifier
#   meta:
#     ucd: meta.version
# - 
#   name: source_id
#   datatype: int64
#   description: Unique source identifier
#   meta:
#     ucd: meta.id;meta.main
# - 
#   name: global_ranking
#   datatype: float32
#   description: Number between 0 (worst) and 1 (best)
#   meta:
#     ucd: stat.param
# - 
#   name: reference_time
#   datatype: float64
#   unit: d
#   description: Reference time used for the geometric model fit
#   meta:
#     ucd: time.epoch
# - 
#   name: frequency
#   datatype: float64
#   unit: d**-1
#   description: Frequency of geometric model of the eclipsing binary light curve
#   meta:
#     ucd: src.orbital
# - 
#   name: frequency_error
#   datatype: float32
#   unit: d**-1
#   description: "Uncertainty of \\texttt{frequency}"
#   meta:
#     ucd: stat.error
# - 
#   name: geom_model_reference_level
#   datatype: float32
#   unit: mag
#   description: Magnitude reference level of geometric model
#   meta:
#     ucd: phot.mag;em.opt
# - 
#   name: geom_model_reference_level_error
#   datatype: float32
#   unit: mag
#   description: "Uncertainty of \\texttt{geomModelReferenceLevel}"
#   meta:
#     ucd: stat.error;phot.mag;em.opt
# - 
#   name: geom_model_gaussian1_phase
#   datatype: float32
#   description: Phase of the Gaussian 1 component
#   meta:
#     ucd: time.phase
# - 
#   name: geom_model_gaussian1_phase_error
#   datatype: float32
#   description: "Uncertainty of \\texttt{geomModelGaussian1Phase}"
#   meta:
#     ucd: stat.error;time.phase
# - 
#   name: geom_model_gaussian1_sigma
#   datatype: float32
#   description: "Standard deviation [phase] of Gaussian 1 component"
#   meta:
#     ucd: stat.stdev
# - 
#   name: geom_model_gaussian1_sigma_error
#   datatype: float32
#   description: "Uncertainty of \\texttt{geomModelGaussian1Sigma}"
#   meta:
#     ucd: stat.error
# - 
#   name: geom_model_gaussian1_depth
#   datatype: float32
#   unit: mag
#   description: Magnitude depth of Gaussian 1 component
#   meta:
#     ucd: src.var.amplitude
# - 
#   name: geom_model_gaussian1_depth_error
#   datatype: float32
#   unit: mag
#   description: "Uncertainty of \\texttt{geomModelGaussian1Depth}"
#   meta:
#     ucd: stat.error;src.var.amplitude
# - 
#   name: geom_model_gaussian2_phase
#   datatype: float32
#   description: Phase of Gaussian 2 component
#   meta:
#     ucd: time.phase
# - 
#   name: geom_model_gaussian2_phase_error
#   datatype: float32
#   description: "Uncertainty of \\texttt{geomModelGaussian2Phase}"
#   meta:
#     ucd: stat.error;time.phase
# - 
#   name: geom_model_gaussian2_sigma
#   datatype: float32
[...]
#   datatype: float32
#   description: "Secondary eclipse: uncertainty of \\texttt{derivedSecondaryEclDuration}"
#   meta:
#     ucd: stat.error;time.duration
# - 
#   name: derived_secondary_ecl_depth
#   datatype: float32
#   unit: mag
#   description: "Secondary eclipse: depth"
#   meta:
#     ucd: src.var.amplitude
# - 
#   name: derived_secondary_ecl_depth_error
#   datatype: float32
#   unit: mag
#   description: "Secondary eclipse: uncertainty of \\texttt{derivedSecondaryEclDepth}"
#   meta:
#     ucd: stat.error;src.var.amplitude
solution_id,source_id,global_ranking,reference_time,frequency,frequency_error,geom_model_reference_level,geom_model_reference_level_error,geom_model_gaussian1_phase,geom_model_gaussian1_phase_error,geom_model_gaussian1_sigma,geom_model_gaussian1_sigma_error,geom_model_gaussian1_depth,geom_model_gaussian1_depth_error,geom_model_gaussian2_phase,geom_model_gaussian2_phase_error,geom_model_gaussian2_sigma,geom_model_gaussian2_sigma_error,geom_model_gaussian2_depth,geom_model_gaussian2_depth_error,geom_model_cosine_half_period_amplitude,geom_model_cosine_half_period_amplitude_error,geom_model_cosine_half_period_phase,geom_model_cosine_half_period_phase_error,model_type,num_model_parameters,reduced_chi2,derived_primary_ecl_phase,derived_primary_ecl_phase_error,derived_primary_ecl_duration,derived_primary_ecl_duration_error,derived_primary_ecl_depth,derived_primary_ecl_depth_error,derived_secondary_ecl_phase,derived_secondary_ecl_phase_error,derived_secondary_ecl_duration,derived_secondary_ecl_duration_error,derived_secondary_ecl_depth,derived_secondary_ecl_depth_error
[from data line 443]
375316653866487564,6708105498875196416,0.57307297,2330.4196743779726,4.034518491603979,1.0550819E-5,19.35511,0.026336104,0.22499575,0.0069622924,0.06433658,0.008405852,0.63856393,0.098219976,0.71119523,0.0034178996,0.071973726,0.00495384,0.79467964,0.029947858,null,null,null,null,"TWOGAUSSIANS",8,4.527443,0.71119523,0.0034178996,0.4,0.011477159,0.79350317,0.029101225,0.22499575,0.0069622924,0.36028486,0.047072776,0.6373875,0.09874293
375316653866487564,6708105597658456576,0.5103186,2342.1250408230044,0.10411962451316735,8.616509E-5,18.86544,0.005573632,0.4115459,0.010563587,0.055570055,0.008869101,0.0764529,0.0073685823,0.72021115,1.4482874E-4,0.0060536503,2.9410978E-4,1.9461694,0.36560273,null,null,null,null,"TWOGAUSSIANS",8,2.9324925,0.72021115,1.4482874E-4,0.03390044,0.0016470148,1.9461694,0.36560267,0.4115459,0.010563587,0.3111923,0.049666967,0.0764529,0.0073685823
375316653866487564,6708107113782961024,0.6536841,2314.799522088083,1.2725293706780283,1.36420485E-5,17.44553,0.0033152793,0.20937523,0.023842508,0.052618098,0.020428894,0.18406671,0.13767496,0.7266295,0.007412864,0.03716936,0.004199171,1.1128377,0.14374201,null,null,null,null,"TWOGAUSSIANS",8,4.481434,0.7266295,0.007412864,0.20814842,0.023515357,1.1128377,0.14374189,0.20937523,0.023842508,0.29466134,0.10824481,0.18406667,0.13768098
375316653866487564,6708107727962440064,0.59840643,2304.9116608282243,0.47869290675935683,4.2158066E-5,12.202268,0.0017126291,0.16680904,0.0019495265,0.052695505,0.0026738967,0.1053622,0.002395533,0.667952,0.004750858,0.047977213,0.009532771,0.86443204,0.49341503,null,null,null,null,"TWOGAUSSIANS",8,93.237175,0.667952,0.004750858,0.26867238,0.053383518,0.8644297,0.49342525,0.16680904,0.0019495265,0.29509485,0.014973822,0.10535987,0.0023926164
375316653866487564,6708108483877003136,0.59071493,2295.544026762892,1.8451284268522414,2.8380216E-6,16.024656,0.011060894,0.24460845,0.001441937,0.027386196,0.0020531535,0.57533044,0.044939913,0.7518694,0.006241323,0.03099366,0.009148897,0.7781403,0.04601773,0.043733142,0.024265822,0.24460845,0.001441937,"TWOGAUSSIANS_WITH_ELLIPSOIDAL_ON_ECLIPSE1",9,197.06758,0.7518694,0.006241323,0.17356451,0.051233824,0.86542463,0.03619912,0.24460845,0.001441937,0.1533627,0.011497659,0.6627966,0.04427
375316653866487564,6708109858266567552,0.5340314,2288.011363521663,1.2609430824355798,8.707425E-6,17.333138,0.0023311311,0.28606457,0.020199014,0.006170553,0.005870267,0.37681615,2.1703067,0.56592643,0.007548233,0.037983827,0.035426382,0.042939518,0.031312898,0.007159223,0.003662428,0.28606457,0.020199014,"TWOGAUSSIANS_WITH_ELLIPSOIDAL_ON_ECLIPSE1",9,7.0151906,0.28606457,0.020199014,0.0345551,0.032873493,0.3911346,2.1715705,0.56707644,0.009201498,0.21270944,0.18772574,0.043456636,0.03129754
375316653866487564,6708109995705809024,0.45253286,2335.557248337649,0.050886219476739186,2.2760625E-5,17.619411,0.23758325,0.29338756,0.008650532,0.13647294,0.08830969,0.16592897,0.23512347,0.81557614,0.020693948,0.08390097,0.047751006,0.2267324,0.14260751,null,null,null,null,"TWOGAUSSIANS",8,15.302077,0.81576616,0.01928217,0.4,0.0,0.20562096,0.042026356,0.29338756,0.008677061,0.4,0.0,0.14434561,0.015170849
375316653866487564,6708110545460805120,0.55188423,2307.8426368851274,2.99901302375944,1.5134131E-5,18.402884,0.02037922,0.21332273,0.0039654146,0.09417341,0.0086953575,0.35852337,0.019118726,0.7084333,0.0069303783,0.09587357,0.0102214,0.34105948,0.023004876,null,null,null,null,"TWOGAUSSIANS",8,4.521382,0.21332273,0.0039654146,0.4,0.0,0.33801404,0.012503401,0.7084333,0.0069303783,0.4,0.0,0.32054982,0.016139861
375316653866487564,6708113637833275136,0.52955234,2310.829733215666,3.822364740988811,2.0511365E-5,18.844006,0.03172115,0.34700868,0.009025098,0.094567046,0.013149674,0.40526694,0.046573147,0.82819706,0.0042031943,0.08595814,0.010766463,0.3684541,0.037731476,null,null,null,null,"TWOGAUSSIANS",8,7.1705575,0.34700868,0.009025098,0.4,0.0,0.3928189,0.043563325,0.82819706,0.0042031943,0.4,0.0,0.3560071,0.03431278
375316653866487564,6708123194135819648,0.5835921,2374.5334317954625,0.9507745701572324,1.5778567E-5,13.061253,0.001244584,0.30620855,0.01350448,0.021513343,0.0056953914,0.47285333,0.16376476,0.73596865,0.049343,0.035181455,0.04243327,0.0053166635,7.2547645E9,null,null,null,null,"TWOGAUSSIANS",8,30.63618,0.30620855,0.01350448,0.120474726,0.031894192,0.47285333,0.16376476,0.73596865,0.049343,0.19701615,0.2376263,0.0053166635,7.2547645E9
375316653866487564,6708123464724704512,0.48518538,2345.780998097114,1.841179552747214,9.7323114E-5,18.904768,0.005577445,0.30905008,0.03549576,0.07310745,0.035547078,0.13218705,0.052083854,0.79009855,0.009412699,0.024970358,0.008349961,0.22888432,0.12827255,null,null,null,null,"TWOGAUSSIANS",8,1.6962125,0.79009855,0.009412699,0.139834,0.04675978,0.2288841,0.12827274,0.30905008,0.03549576,0.4,0.17988117,0.13218683,0.052084308
375316653866487564,6708126389598494720,0.5541913,2327.932318993027,4.575764648159029,1.765803E-5,17.083683,0.0033896219,0.28074396,0.0015610026,0.035517048,0.0036872732,0.12346587,0.009782155,0.76947176,0.0030193096,0.03575843,0.003790638,0.20704706,0.024324583,0.04238086,0.0076670325,0.76947176,0.0030193096,"TWOGAUSSIANS_WITH_ELLIPSOIDAL_ON_ECLIPSE2",9,8.822263,0.76947176,0.0030193096,0.20024721,0.021227572,0.29180878,0.025503984,0.28002393,0.0014577545,0.19889547,0.02064873,0.20783016,0.007671545
375316653866487564,6708126728899894528,0.5613887,2320.5144424215155,3.2996865760552225,6.937135E-6,18.697962,0.011409817,0.22438635,0.0029815154,0.07222588,0.007276499,0.40516028,0.02298188,0.7180419,0.0043206043,0.07547543,0.004709461,0.36240563,0.028568324,null,null,null,null,"TWOGAUSSIANS",8,2.7095644,0.22438635,0.0029815154,0.4,0.012088753,0.40301394,0.024131827,0.7180419,0.0043206043,0.4,0.0,0.36025926,0.028526153
375316653866487564,6708129344535826688,0.52938914,2335.3745793527946,1.258889848641608,2.017573E-5,17.682283,0.005717962,0.2997864,0.01124293,0.021111384,0.034661267,0.008282444,1910337.5,0.79940206,0.0025831321,0.043333832,0.002775173,0.28230894,0.01785046,0.059692293,0.0073662098,0.2997864,0.01124293,"TWOGAUSSIANS_WITH_ELLIPSOIDAL_ON_ECLIPSE1",9,17.227755,0.799422,0.00225618,0.24266945,0.015540969,0.40169257,0.0188994,0.2997864,0.01124293,0.11822375,0.19410309,0.12766674,1910337.5
375316653866487564,6708131985934312704,0.51061517,2312.5257513469255,3.530460480296142,1.4098856E-5,19.155783,0.014707185,0.17333265,0.0075484337,0.059072133,0.0073640486,0.23026697,0.020557864,0.672421,0.0051303776,0.08147067,0.006905973,0.54005843,0.06422205,null,null,null,null,"TWOGAUSSIANS",8,5.742176,0.672421,0.0051303776,0.4,0.0,0.53876215,0.064818665,0.17333265,0.0075484337,0.33080396,0.041238673,0.22897068,0.020165214
375316653866487564,6708133364625202304,0.45426464,2302.4141206591216,0.8197185778046537,1.4567413E-4,16.55647,0.0057144696,0.3745512,0.023274425,0.059930813,0.02306025,0.14275922,0.009511024,0.5879425,0.047859654,0.057021677,0.04021003,0.10461228,0.04566432,null,null,null,null,"TWOGAUSSIANS",8,25.783249,0.37471122,0.022291241,0.33561254,0.0974105,0.14285488,0.008051252,0.5879425,0.047859654,0.3193214,0.2059096,0.104864396,0.045554943
375316653866487564,6708133811301844480,0.6388283,2343.1743235307604,3.498446942518366,7.953937E-6,15.776102,0.013836464,0.24825789,0.0019989223,0.04913321,0.0031346164,0.48530468,0.031061888,0.741538,0.005084314,0.039732847,0.012100664,0.3789682,0.1820559,0.12177233,0.01848976,0.741538,0.005084314,"TWOGAUSSIANS_WITH_ELLIPSOIDAL_ON_ECLIPSE2",9,49.92492,0.24766788,0.001564568,0.27514598,0.017553851,0.7284509,0.017291082,0.741538,0.005084314,0.22250395,0.06776372,0.6225105,0.18151134
375316653866487564,6708134257978444800,0.494806,2371.3076636866135,3.001032507170531,3.007667E-5,19.597431,0.031632833,0.25560316,0.010952869,0.100907296,0.022763375,0.2142247,0.03029461,0.7633663,0.0067422893,0.09908153,0.018640418,0.20866285,0.028909503,null,null,null,null,"TWOGAUSSIANS",8,0.8815906,0.25560316,0.010952255,0.4,0.0,0.19738182,0.01751057,0.7633663,0.0067449952,0.4,0.0,0.19182077,0.0128104715
375316653866487564,6708134945173238400,0.5114783,2324.822266861342,3.9660337156670447,3.577883E-5,17.733288,0.004719775,0.119100735,0.013908216,0.036534835,0.0099853715,0.055321783,0.009351737,0.7018465,0.0073383944,0.06872625,0.022296324,0.05145833,0.01104557,0.048749246,0.008626905,0.7018465,0.0073383944,"TWOGAUSSIANS_WITH_ELLIPSOIDAL_ON_ECLIPSE2",9,5.817563,0.7018465,0.0073383944,0.384867,0.08048712,0.14888877,0.012614692,0.13121074,0.013761774,0.20459506,0.05591808,0.13181874,0.009465876
375316653866487564,6708136079044555776,0.5269796,2327.7323102844066,2.9526837884171897,1.2553845E-5,15.548897,0.70265967,0.22574903,0.009171104,0.16849132,0.15045084,0.27490866,0.69243586,0.7275464,0.003697759,0.13614906,0.058436442,0.26174808,0.47658473,null,null,null,null,"TWOGAUSSIANS",8,22.439102,0.22566903,0.00915569,0.4,0.0,0.13802266,0.006867745,0.7278164,0.003550414,0.4,0.0,0.13097745,0.009522426
375316653866487564,6708136899377861632,0.5099251,2317.874287312818,2.996576870444119,1.376395E-5,19.532253,0.028201085,0.32088682,0.008193473,0.08123584,0.012329847,0.48257455,0.03356671,0.8182924,0.0040516355,0.082752116,0.012921107,0.49851948,0.061884165,null,null,null,null,"TWOGAUSSIANS",8,3.9582748,0.8182924,0.0040516355,0.4,0.0,0.4895658,0.06870422,0.32088682,0.008193473,0.4,0.0,0.47362086,0.032496806
375316653866487564,6708137724010782464,0.59025097,2323.228576436787,3.9039030603126457,9.46235E-6,18.969912,0.0115728,0.34184942,0.003019905,0.039926752,0.00709092,0.42663932,0.12092077,0.8657632,0.017865917,0.034632985,0.016197652,0.36506477,0.041074656,0.1544317,0.016062245,0.34184942,0.003019905,"TWOGAUSSIANS_WITH_ELLIPSOIDAL_ON_ECLIPSE1",9,2.7366266,0.34184942,0.003019905,0.22358981,0.039709155,0.735502,0.12560785,0.8657632,0.017865917,0.19394471,0.090706855,0.66700673,0.033236858
375316653866487564,6708142500021662336,0.58740014,2330.21343397678,3.7827325124223545,8.819459E-6,17.92384,0.016056592,0.16912472,0.0033507112,0.093684606,0.00467679,0.47425786,0.021419575,0.6680431,0.0018098059,0.08817347,0.0041262903,0.43786016,0.015047807,null,null,null,null,"TWOGAUSSIANS",8,5.079963,0.16912472,0.0033507112,0.4,0.0,0.45377102,0.018687319,0.6680431,0.0018098059,0.4,0.0,0.41737387,0.00865356
375316653866487564,6708142676110779136,0.47349322,2347.308484722386,0.9613664436485044,3.4088487E-5,19.245583,0.007973971,0.261551,0.010330317,0.05820354,0.010226843,0.06334044,0.011754895,0.7232674,0.0021069734,0.02262635,0.002212766,0.31348926,0.031937975,null,null,null,null,"TWOGAUSSIANS",8,2.042597,0.7232674,0.0021069734,0.12670755,0.01239149,0.31348926,0.031937975,0.261551,0.010330317,0.32593983,0.057270322,0.06334044,0.011754894
375316653866487564,6708143015415961984,0.4954803,2342.383575474474,4.47723296751319,2.7043596E-5,18.828068,0.008680364,0.20989844,0.009568827,0.07814515,0.009760592,0.19502576,0.015718734,0.69594157,0.005313955,0.062368955,0.0055449978,0.23508847,0.011481051,null,null,null,null,"TWOGAUSSIANS",8,3.2053835,0.69594157,0.005313955,0.34926614,0.031051988,0.23456536,0.01134374,0.20989844,0.009568827,0.4,0.0,0.19450267,0.015746351
375316653866487564,6708143462091659904,0.4982348,2319.9130154225636,1.443445714039178,2.1466158E-5,17.071125,0.001998151,0.19721247,0.0017019588,0.021162951,0.0018810218,0.09839574,0.006432613,0.70523274,0.010065972,0.030471763,0.08258449,0.0036266102,0.006180582,0.021956356,0.0029204388,0.70523274,0.010065972,"TWOGAUSSIANS_WITH_ELLIPSOIDAL_ON_ECLIPSE2",9,6.800815,0.19733247,0.001638205,0.11851253,0.010533721,0.14219867,0.0070505557,0.70523274,0.010065972,0.17064187,0.25748512,0.047539238,0.0041980534
375316653866487564,6708144291025890048,0.55735356,2344.996328214264,1.443777155489479,1.4733881E-5,13.060554,0.0125604905,0.3242964,0.0029163333,0.058512285,0.0044695796,0.3041138,0.024025708,0.80938345,0.00465396,0.0797964,0.019643722,0.17439426,0.009089568,null,null,null,null,"TWOGAUSSIANS",8,37.304047,0.3242964,0.0029163333,0.3276688,0.025029646,0.30369037,0.023695817,0.80938345,0.00465396,0.4,0.0012175209,0.17397082,0.009054087
375316653866487564,6708146112089337856,0.47846204,2346.136581703944,1.4644803609481498,2.76667E-5,11.737245,0.0013973162,null,null,null,null,null,null,null,null,null,null,null,null,0.026358036,0.0020172996,0.2697642,0.0051895543,"ELLIPSOIDAL",4,51.144886,null,null,null,null,null,null,null,null,null,null,null,null
375316653866487564,6708148409894850048,0.5250376,2334.239670541208,2.977769457380417,3.342058E-5,18.878557,0.0457847,0.25662538,0.0076763695,0.07715063,0.031067045,0.30542338,0.06587587,0.72858894,0.0076831477,0.103317864,0.022025403,0.23516807,0.041216787,null,null,null,null,"TWOGAUSSIANS",8,1.8695638,0.25663537,0.0077003,0.4,0.020635301,0.2982648,0.08625253,0.72858894,0.0076831477,0.4,0.0,0.22800209,0.022313293
375316653866487564,6708148551630148352,0.5359241,2327.6507520067476,3.2086209729706043,1.1160455E-5,17.945309,0.005329646,0.32004377,0.006084908,0.074458726,0.005783115,0.1425534,0.0069994098,0.8305101,0.005276085,0.08026804,0.009189028,0.12778854,0.006984609,null,null,null,null,"TWOGAUSSIANS",8,2.0676389,0.32004377,0.006084908,0.4,0.0,0.14138804,0.006287236,0.8305101,0.005276085,0.4,0.0,0.12662318,0.0070538395
375316653866487564,6708153254617113472,0.60152084,2261.3745984989246,2.245894192916768,1.7360064E-5,17.465855,0.0063445466,0.19716191,0.016339622,0.06755124,0.018167054,0.13163207,0.053013556,0.68645847,0.0035110572,0.069582574,0.0037171869,0.35856524,0.009037374,null,null,null,null,"TWOGAUSSIANS",8,5.6689734,0.68645847,0.0035110572,0.3896624,0.020774983,0.35814297,0.008696404,0.19716191,0.016339622,0.37828696,0.07780986,0.1312098,0.053228617
375316653866487564,6708153499432503808,0.42141202,2308.987338122545,4.6933533721069765,2.4431167E-4,17.610538,0.067799814,0.23104648,0.045082577,0.10433402,0.050217647,0.13799469,0.060865518,0.8317861,0.04162966,0.1096271,0.06683737,0.0999144,0.07575787,null,null,null,null,"TWOGAUSSIANS",8,9.185801,0.23069648,0.042810038,0.4,0.05662189,0.13359788,0.035296496,0.8321961,0.040894385,0.4,0.0,0.09547705,0.030818189
375316653866487564,6708159576811665664,0.58317053,2386.45470251342,0.5782375390852391,1.3149718E-5,16.768427,0.006332969,0.14425147,0.004756549,0.032735407,0.0063827503,0.09404214,0.023096662,0.64682657,0.012650911,0.027582085,0.0071607935,0.91661435,0.6994401,0.044537645,0.011953483,0.14425147,0.004756549,"TWOGAUSSIANS_WITH_ELLIPSOIDAL_ON_ECLIPSE1",9,23.021729,0.64682657,0.012593638,0.15445967,0.040100444,1.0056663,0.70732,0.14425147,0.004756549,0.18331829,0.0357434,0.18311736,0.019928223
375316653866487564,6708164906865876096,0.5751436,2292.3107005875618,2.9795829971681536,1.1823971E-5,16.692833,0.005240721,0.23339556,0.0024562262,0.065937914,0.002350299,0.65740526,0.027540378,0.7472152,0.0028626316,0.0759708,0.0040910468,0.443677,0.013381202,null,null,null,null,"TWOGAUSSIANS",8,38.823215,0.23339556,0.0024562262,0.36925232,0.013161674,0.6558975,0.027681077,0.7472152,0.0028626316,0.4,0.0,0.44216928,0.013657312
375316653866487564,6708165731499628288,0.53689295,2304.967869068054,2.876997199309721,7.830364E-6,18.160627,0.07889349,0.29844323,0.006509477,0.1268916,0.029584767,0.23768847,0.077394515,0.8032219,0.0035547111,0.12819298,0.029509673,0.22772087,0.07463369,null,null,null,null,"TWOGAUSSIANS",8,2.76033,0.29838324,0.0064736684,0.4,0.0,0.17225695,0.0077913576,0.8032819,0.0036235403,0.4,0.0,0.1622648,0.00566887
375316653866487564,6708166315615132416,0.5480772,2298.0970566001088,2.7160589699326048,1.1767624E-5,15.669842,0.13580355,0.22314078,0.008872633,0.061486922,0.034953713,0.22576019,0.23047975,0.73667204,0.003374064,0.060621955,0.031165024,0.22547069,0.24383566,0.08896099,0.12722543,0.73667204,0.003374064,"TWOGAUSSIANS_WITH_ELLIPSOIDAL_ON_ECLIPSE2",9,128.56418,0.73667204,0.003374064,0.33948293,0.105956145,0.40332383,0.03215205,0.22571078,0.0052174977,0.34432676,0.10499663,0.40257362,0.043295372
