Gaia/vari_eclipsing_binary/VariEclipsingBinary_664013-664087.csv
# %ECSV 1.0
# ---
# delimiter: ','
# meta: !!omap
# - RELEASE: Gaia DR3
# - TABLE: vari_eclipsing_binary
# - DESCRIPTION: >
#     This table describes the properties of the eclipsing binaries resulting from the variability analysis. 
# - CITATION: >
#     How to cite and acknowledge Gaia: 
#     https://gea.esac.esa.int/archive/documentation/credits.html 
# - KNOWN_ISSUES: >
#     Known issues: 
#     https://www.cosmos.esa.int/web/gaia-users/known-issues 
# - DOCUMENTATION: >
#     Tutorials and documentation: 
#     https://www.cosmos.esa.int/web/gaia-users/archive 
# datatype:
# - 
#   name: solution_id
#   datatype: int64
#   description: Solution Identifier
#   meta:
#     ucd: meta.version
# - 
#   name: source_id
#   datatype: int64
#   description: Unique source identifier
#   meta:
#     ucd: meta.id;meta.main
# - 
#   name: global_ranking
#   datatype: float32
#   description: Number between 0 (worst) and 1 (best)
#   meta:
#     ucd: stat.param
# - 
#   name: reference_time
#   datatype: float64
#   unit: d
#   description: Reference time used for the geometric model fit
#   meta:
#     ucd: time.epoch
# - 
#   name: frequency
#   datatype: float64
#   unit: d**-1
#   description: Frequency of geometric model of the eclipsing binary light curve
#   meta:
#     ucd: src.orbital
# - 
#   name: frequency_error
#   datatype: float32
#   unit: d**-1
#   description: "Uncertainty of \\texttt{frequency}"
#   meta:
#     ucd: stat.error
# - 
#   name: geom_model_reference_level
#   datatype: float32
#   unit: mag
#   description: Magnitude reference level of geometric model
#   meta:
#     ucd: phot.mag;em.opt
# - 
#   name: geom_model_reference_level_error
#   datatype: float32
#   unit: mag
#   description: "Uncertainty of \\texttt{geomModelReferenceLevel}"
#   meta:
#     ucd: stat.error;phot.mag;em.opt
# - 
#   name: geom_model_gaussian1_phase
#   datatype: float32
#   description: Phase of the Gaussian 1 component
#   meta:
#     ucd: time.phase
# - 
#   name: geom_model_gaussian1_phase_error
#   datatype: float32
#   description: "Uncertainty of \\texttt{geomModelGaussian1Phase}"
#   meta:
#     ucd: stat.error;time.phase
# - 
#   name: geom_model_gaussian1_sigma
#   datatype: float32
#   description: "Standard deviation [phase] of Gaussian 1 component"
#   meta:
#     ucd: stat.stdev
# - 
#   name: geom_model_gaussian1_sigma_error
#   datatype: float32
#   description: "Uncertainty of \\texttt{geomModelGaussian1Sigma}"
#   meta:
#     ucd: stat.error
# - 
#   name: geom_model_gaussian1_depth
#   datatype: float32
#   unit: mag
#   description: Magnitude depth of Gaussian 1 component
#   meta:
#     ucd: src.var.amplitude
# - 
#   name: geom_model_gaussian1_depth_error
#   datatype: float32
#   unit: mag
#   description: "Uncertainty of \\texttt{geomModelGaussian1Depth}"
#   meta:
#     ucd: stat.error;src.var.amplitude
# - 
#   name: geom_model_gaussian2_phase
#   datatype: float32
#   description: Phase of Gaussian 2 component
#   meta:
#     ucd: time.phase
# - 
#   name: geom_model_gaussian2_phase_error
#   datatype: float32
#   description: "Uncertainty of \\texttt{geomModelGaussian2Phase}"
#   meta:
#     ucd: stat.error;time.phase
# - 
#   name: geom_model_gaussian2_sigma
#   datatype: float32
[...]
#   datatype: float32
#   description: "Secondary eclipse: uncertainty of \\texttt{derivedSecondaryEclDuration}"
#   meta:
#     ucd: stat.error;time.duration
# - 
#   name: derived_secondary_ecl_depth
#   datatype: float32
#   unit: mag
#   description: "Secondary eclipse: depth"
#   meta:
#     ucd: src.var.amplitude
# - 
#   name: derived_secondary_ecl_depth_error
#   datatype: float32
#   unit: mag
#   description: "Secondary eclipse: uncertainty of \\texttt{derivedSecondaryEclDepth}"
#   meta:
#     ucd: stat.error;src.var.amplitude
solution_id,source_id,global_ranking,reference_time,frequency,frequency_error,geom_model_reference_level,geom_model_reference_level_error,geom_model_gaussian1_phase,geom_model_gaussian1_phase_error,geom_model_gaussian1_sigma,geom_model_gaussian1_sigma_error,geom_model_gaussian1_depth,geom_model_gaussian1_depth_error,geom_model_gaussian2_phase,geom_model_gaussian2_phase_error,geom_model_gaussian2_sigma,geom_model_gaussian2_sigma_error,geom_model_gaussian2_depth,geom_model_gaussian2_depth_error,geom_model_cosine_half_period_amplitude,geom_model_cosine_half_period_amplitude_error,geom_model_cosine_half_period_phase,geom_model_cosine_half_period_phase_error,model_type,num_model_parameters,reduced_chi2,derived_primary_ecl_phase,derived_primary_ecl_phase_error,derived_primary_ecl_duration,derived_primary_ecl_duration_error,derived_primary_ecl_depth,derived_primary_ecl_depth_error,derived_secondary_ecl_phase,derived_secondary_ecl_phase_error,derived_secondary_ecl_duration,derived_secondary_ecl_duration_error,derived_secondary_ecl_depth,derived_secondary_ecl_depth_error
[from data line 508]
375316653866487564,5841164288607378688,0.47618517,2223.0422328845607,3.4509687751072886,3.603223E-5,18.63811,0.0119299255,0.18020175,0.0075812284,0.09693404,0.012960949,0.14911442,0.017055755,0.6403178,0.0117552765,0.08664027,0.013685462,0.10890655,0.0131092705,null,null,null,null,"TWOGAUSSIANS",8,2.2767293,0.18020175,0.0075812284,0.4,0.0,0.14571795,0.01656469,0.6403178,0.0117552765,0.4,0.0,0.10551194,0.009708196
375316653866487564,5841166212760810368,0.5230257,2242.7709224006653,2.0658849736518023,1.447918E-5,17.71621,0.014332081,0.21361078,0.009492597,0.09302873,0.01603566,0.13692427,0.013726034,0.6900151,0.0035929668,0.08865196,0.00832951,0.2971843,0.015513044,null,null,null,null,"TWOGAUSSIANS",8,9.229215,0.6900151,0.0035929668,0.4,0.0,0.29097524,0.015326908,0.21361078,0.009492597,0.4,0.0,0.13071509,0.0111021465
375316653866487564,5841167067437974656,0.43148732,2272.7080039061457,1.044106197394872,4.315932E-5,17.811626,0.0055321357,0.26066992,0.015403688,0.022247078,0.01776748,0.0658066,31.129477,0.70462143,0.012068875,0.10072298,0.011538264,0.11720885,0.01489769,null,null,null,null,"TWOGAUSSIANS",8,16.150066,0.70462143,0.012068875,0.4,0.0,0.117202684,0.014897649,0.26066992,0.015403607,0.12458364,0.099497885,0.065807536,31.129482
375316653866487564,5841167411044787072,0.58029926,2207.9860801863947,3.588037300195999,1.3761876E-5,18.609287,0.006362251,0.25306365,0.011279688,0.07582491,0.008323856,0.53507257,0.027307348,0.7555014,0.00401989,0.068731025,0.004753098,0.49733487,0.01769324,null,null,null,null,"TWOGAUSSIANS",8,3.5710728,0.25306365,0.011279688,0.4,0.0,0.5326148,0.026434513,0.7555014,0.00401989,0.38489372,0.026617346,0.49487713,0.017883485
375316653866487564,5841168132588337280,0.5988643,2215.8555366986843,3.404612136522598,7.468929E-6,18.082497,0.02822424,0.2675861,0.0020837435,0.057593416,0.009719035,0.39768016,0.084993705,0.76607424,0.0014194114,0.055223823,0.0056863436,0.37195906,0.064685695,0.09631946,0.03856321,0.2675861,0.0020837435,"TWOGAUSSIANS_WITH_ELLIPSOIDAL_ON_ECLIPSE1",9,5.906578,0.2675861,0.0020837435,0.32252315,0.054426596,0.59027356,0.10109197,0.76624423,0.001196549,0.30925342,0.031843524,0.564537,0.015082059
375316653866487564,5841170847005142784,0.5031844,2180.8196636490593,1.4762207045726188,1.1268067E-5,18.683352,0.0026038815,0.29865426,0.005324113,0.03286693,0.004466635,0.26945823,0.1351788,0.7780452,0.006043186,0.035804205,0.004623524,0.124302156,0.033393484,null,null,null,null,"TWOGAUSSIANS",8,1.4711553,0.29865426,0.005324113,0.18405479,0.025013156,0.26945823,0.1351788,0.7780452,0.006043186,0.20050354,0.025891734,0.124302156,0.033393484
375316653866487564,5841171813378133376,0.41878456,2211.106894462968,2.6604893210047513,8.280662E-6,15.940964,6.2717026E-4,0.6278935,0.009890792,0.018867388,0.006793454,0.4796222,0.07042826,0.73794836,0.08429372,0.09510788,0.02877706,0.004469197,0.0017758544,null,null,null,null,"TWOGAUSSIANS",8,364.06808,0.62791353,0.009910292,0.10565738,0.03804334,0.48191053,0.07262312,0.73794836,0.08429372,0.4,0.0,0.0044692075,0.0017759649
375316653866487564,5841172981602262144,0.6192836,2203.9881398749435,0.7491550928850915,8.121899E-6,17.951363,0.0018563843,0.2414537,8.850809E-4,0.03201626,7.2032446E-4,0.41718858,0.0032336116,0.74226356,0.028912503,0.02985949,0.011259803,0.4254011,0.27083722,null,null,null,null,"TWOGAUSSIANS",8,1.8821377,0.74226356,0.028912503,0.16721314,0.0630549,0.4254011,0.27083722,0.2414537,8.850809E-4,0.17929105,0.004033817,0.41718858,0.0032336116
375316653866487564,5841175249344951808,0.46093062,2224.7697336158985,1.4539106748693855,8.255392E-5,19.406565,0.011753998,0.21336861,0.011193973,0.0736053,0.009726423,0.19981655,0.026758866,0.71388584,0.031674378,0.09439094,0.030018816,0.09783156,0.015524476,null,null,null,null,"TWOGAUSSIANS",8,3.6595976,0.21336861,0.011193973,0.4,0.021848917,0.19672368,0.02617161,0.71388584,0.031674378,0.4,0.0,0.094738536,0.014295096
375316653866487564,5841179028916297216,0.4595488,2198.24381192658,3.1418176218310436,2.1680093E-5,18.42346,0.08866673,0.24657468,0.007085114,0.10572979,0.026865203,0.22692665,0.084965155,0.7353094,0.008463556,0.11053723,0.041464917,0.25741193,0.060467243,null,null,null,null,"TWOGAUSSIANS",8,10.505254,0.7353094,0.008463556,0.4,0.0,0.2278296,0.03361179,0.24659468,0.006892851,0.4,0.0,0.19735771,0.018354245
375316653866487564,5841182842854263040,0.5993362,2187.848973604541,3.897738464094382,7.4032796E-6,16.946508,0.0052117864,0.2448657,0.0045071878,0.054764304,0.006067075,0.12544228,0.0147881415,0.7522799,0.0077389735,0.04606706,0.01167607,0.11798602,0.04732623,0.0436036,0.006337695,0.2448657,0.0045071878,"TWOGAUSSIANS_WITH_ELLIPSOIDAL_ON_ECLIPSE1",9,2.814181,0.2448657,0.0045071878,0.3066801,0.03397562,0.21264553,0.009725683,0.7522799,0.0077389735,0.25797555,0.06538599,0.20500016,0.054301966
375316653866487564,5841183736207601920,0.62067986,2207.436427721194,3.3830941967103807,4.0747805E-6,18.424816,0.009978433,0.23522423,0.0025348153,0.051114187,0.0043166815,0.33766213,0.024751747,0.73002976,0.0023898596,0.053283785,0.0026949756,0.4369827,0.029229712,0.11082235,0.014000743,0.23522423,0.0025348153,"TWOGAUSSIANS_WITH_ELLIPSOIDAL_ON_ECLIPSE1",9,2.5629416,0.73055977,0.0020158426,0.2983892,0.0150918625,0.65840816,0.02297497,0.23522423,0.0025348153,0.28623945,0.024173416,0.5592996,0.008719912
375316653866487564,5841184625261328768,0.54387546,2172.770044474469,3.555653352823618,9.056606E-6,18.54732,0.0066924514,0.26212686,0.0035309405,0.087775275,0.004452437,0.33313087,0.0077688834,0.7503109,0.0030075607,0.085818864,0.0041980725,0.3358049,0.006852575,null,null,null,null,"TWOGAUSSIANS",8,2.4165292,0.7503109,0.0030075607,0.4,0.0,0.32714087,0.0058592255,0.26212686,0.0035309405,0.4,0.0,0.3244668,0.006828466
375316653866487564,5841185316755476992,0.6640379,2179.674455176194,2.7202941239724554,2.9301716E-6,16.625402,0.008657103,0.22453178,0.0011067255,0.050450522,0.004232284,0.19524646,0.019189779,0.7175789,0.0016163456,0.054349076,0.0038709883,0.21814734,0.019315192,0.11947931,0.011382384,0.22453178,0.0011067255,"TWOGAUSSIANS_WITH_ELLIPSOIDAL_ON_ECLIPSE1",9,6.203038,0.7189889,0.0011973304,0.30435485,0.021677533,0.4567371,0.0097238505,0.22453178,0.0011067255,0.28252292,0.023700792,0.43419936,0.0068400768
375316653866487564,5841185557273651328,0.5867026,2181.7778676316857,2.087011923401397,7.69942E-6,16.052223,0.012146264,0.29843765,0.0028543856,0.096802734,0.0068567796,0.23469444,0.01114741,0.80166227,0.00360775,0.093456805,0.0052915043,0.24576925,0.012806729,null,null,null,null,"TWOGAUSSIANS",8,15.50778,0.80166227,0.00360775,0.4,0.0,0.23124379,0.0082574105,0.29843765,0.0028543856,0.4,0.0,0.2201685,0.0067727068
375316653866487564,5841189817874205184,0.48216078,2186.1901964527715,0.5790204360376734,3.8150924E-5,19.321144,0.013677238,0.1887005,0.043961927,0.020410918,0.01362222,0.15126057,0.10628134,0.6649402,0.006872104,0.11305782,0.011762217,0.2696139,0.017069755,null,null,null,null,"TWOGAUSSIANS",8,3.759434,0.6649402,0.006872104,0.4,0.0,0.26944214,0.01706217,0.1887005,0.04397613,0.11430114,0.07628443,0.15113252,0.106426224
375316653866487564,5841191742026635776,0.5863668,2193.562959564511,2.694935176181039,1.0183469E-5,15.768253,0.021952607,0.28337085,0.0028297852,0.10894475,0.009104148,0.2570459,0.021145163,0.78439665,0.0018980724,0.1084537,0.0069343965,0.2878564,0.021593671,null,null,null,null,"TWOGAUSSIANS",8,18.68149,0.78439665,0.0018980724,0.4,0.0,0.24967037,0.0075020296,0.28337085,0.0028297852,0.4,0.0,0.21886012,0.0074789105
375316653866487564,5841192940317274112,0.4745518,2162.467532265623,1.095162832667202,1.9970097E-5,19.333786,0.014949851,0.44049114,0.038627706,0.029038105,0.02423045,0.61266434,0.40970367,0.9119252,0.00441926,0.016413886,0.0034255686,0.38663125,0.03844471,null,null,null,null,"TWOGAUSSIANS",8,9.175944,0.44049114,0.038627706,0.16261339,0.13569053,0.61266434,0.40970367,0.9119252,0.00441926,0.09191776,0.019183183,0.38663125,0.03844471
375316653866487564,5841193563092647296,0.6450664,2173.633091973505,3.0852483499916263,5.1313978E-6,16.779167,0.008967031,0.23467997,0.0016096316,0.048210282,0.0036935012,0.5011151,0.025670925,0.73786914,0.0022745128,0.041372336,0.0041781073,0.3471966,0.026899854,0.1365491,0.015710495,0.23467997,0.0016096316,"TWOGAUSSIANS_WITH_ELLIPSOIDAL_ON_ECLIPSE1",9,19.769007,0.23467997,0.0016096316,0.26997757,0.020683607,0.7742121,0.022588741,0.73786914,0.0022745128,0.23168509,0.023397401,0.620184,0.018039094
375316653866487564,5841193902390128128,0.5521207,2169.0367385892246,3.2166357617045582,1.1995185E-5,17.298092,0.009150833,0.2682522,0.0034565367,0.09296319,0.0067181233,0.16149144,0.008987459,0.769794,0.0037278428,0.08694273,0.006292155,0.17549916,0.0104764905,null,null,null,null,"TWOGAUSSIANS",8,4.9673986,0.769794,0.0037278428,0.4,0.0,0.16860352,0.008940663,0.2682522,0.0034565367,0.4,0.0,0.15459566,0.0059907287
375316653866487564,5841196479370450944,0.5587477,2216.3736661788653,3.0855047846634998,9.584062E-6,17.287018,0.010821321,0.2881441,0.003130165,0.103655875,0.0065518855,0.20404218,0.010603699,0.7958076,0.0032572174,0.09058624,0.0066517694,0.17790118,0.010391962,null,null,null,null,"TWOGAUSSIANS",8,3.849715,0.2881441,0.003130165,0.4,0.0,0.19148894,0.0054565156,0.7958076,0.0032569733,0.4,0.0,0.16535169,0.005431643
375316653866487564,5841197613242531840,0.5211284,2188.619657993774,0.7237090695803114,2.2749251E-5,17.547155,0.006262387,0.17175555,0.027453462,0.031882316,0.024756474,0.07230079,0.20708747,0.62403935,0.029162802,0.008452344,0.0143601615,0.3444465,0.5860275,0.017805036,0.007770474,0.62403935,0.029162802,"TWOGAUSSIANS_WITH_ELLIPSOIDAL_ON_ECLIPSE2",9,12.48352,0.62403935,0.029162802,0.047333125,0.08041691,0.38005656,0.5922322,0.17003556,0.025177613,0.17854097,0.13863626,0.10491334,0.21480376
375316653866487564,5841200636899556352,0.43640324,2171.3117243405345,3.0589968560715235,7.3961746E-5,18.457651,0.0276374,0.28328067,0.015813153,0.079466306,0.020381203,0.14613068,0.03933632,0.7703685,0.013973069,0.09401652,0.026145274,0.18919326,0.031962924,null,null,null,null,"TWOGAUSSIANS",8,16.3225,0.7703685,0.013973069,0.4,0.0,0.18495832,0.028322734,0.28328067,0.015815921,0.4,0.0,0.14189608,0.035506237
375316653866487564,5841201495893232768,0.5029363,2183.862308553785,1.3753689546897,3.824107E-5,17.491861,0.006559416,0.19669971,0.014910083,0.010621521,0.013159603,0.2648292,1.7481296E27,0.83662826,0.015223493,0.035323832,0.011811861,0.04116651,0.009432869,0.025501983,0.010172168,0.19669971,0.014910083,"TWOGAUSSIANS_WITH_ELLIPSOIDAL_ON_ECLIPSE1",9,19.372517,0.19669971,0.014910083,0.059480514,0.073693775,0.31583303,1.7481296E27,0.83662826,0.015223493,0.19781345,0.06614642,0.061912265,0.007383056
375316653866487564,5841203699215579776,0.60589325,2154.555288856026,0.18557718040516993,1.13657756E-4,14.831756,0.0013006433,0.45109677,0.0014296853,0.008645811,8.835732E-4,0.50019264,0.06888091,null,null,null,null,null,null,null,null,null,null,"ONEGAUSSIAN",5,36.818275,0.45109677,0.0014296853,0.048416544,0.0049480097,0.50019264,0.0,null,null,null,null,null,null
375316653866487564,5841208234696303360,0.49002963,2200.9326497646452,0.9400071772281848,1.8344275E-5,16.760979,0.016525822,0.2389657,0.006291591,0.036490474,0.0053330986,0.91327107,0.22402573,0.73615813,0.0066591743,0.053127848,0.005291742,0.37390378,0.034991883,null,null,null,null,"TWOGAUSSIANS",8,295.63538,0.2389657,0.006291591,0.20434664,0.029865352,0.9132709,0.22402595,0.73615813,0.0066591743,0.29751596,0.029633755,0.37390363,0.034991827
375316653866487564,5841209265495300352,0.61341405,2179.8427731108172,2.4332465212533982,4.523631E-6,16.32885,0.007351314,0.2725116,0.0014559443,0.04703215,0.004432142,0.1862798,0.021173466,0.77044207,0.008129539,0.05015384,0.008613245,0.17396268,0.019360654,0.12118312,0.008247047,0.2725116,0.0014559443,"TWOGAUSSIANS_WITH_ELLIPSOIDAL_ON_ECLIPSE1",9,10.869568,0.2725116,0.0014559443,0.26338005,0.024819992,0.42864504,0.017722515,0.7708921,0.0067963214,0.2808615,0.04823417,0.41629583,0.012210291
375316653866487564,5841211700735602048,0.5454945,2197.167311732004,0.25713198578645274,1.3125429E-4,19.639614,0.0070722885,0.20366529,0.038475,0.083429776,0.024320642,0.054848075,0.03323595,0.67431027,0.039852776,0.023003167,0.015843425,1.1150496,3.0114944,null,null,null,null,"TWOGAUSSIANS",8,0.93052876,0.67431027,0.039852776,0.12881772,0.08872318,1.115049,3.0114956,0.20366529,0.038475,0.4,0.018357495,0.054847363,0.033236243
375316653866487564,5841212289150499328,0.5758482,2175.9433425914663,2.004304742538868,1.259489E-5,15.281804,0.02739082,0.30094135,0.0024094556,0.10259577,0.009174772,0.32405707,0.025019249,0.79598373,0.0033357749,0.092604175,0.010828084,0.3581624,0.022790078,null,null,null,null,"TWOGAUSSIANS",8,80.87021,0.79598373,0.0033357749,0.4,0.0,0.3342791,0.01084667,0.30094135,0.0024094556,0.4,0.0,0.30016947,0.010227675
375316653866487564,5841213865399100928,0.57504606,2199.496564412785,1.957794960978403,7.740354E-6,18.204145,0.0092402045,0.37515932,0.0014700351,0.035830524,0.0015586246,0.664112,0.023073709,0.8741469,1.4451412E-5,0.025782323,5.9051864E-4,0.771331,0.026781874,0.024410175,0.016629698,0.37515932,0.0014700351,"TWOGAUSSIANS_WITH_ELLIPSOIDAL_ON_ECLIPSE1",9,12.914919,0.8741469,1.7270684E-5,0.14438102,0.0033069043,0.82014936,0.018519776,0.37515932,0.0014700351,0.20065093,0.008728297,0.71293235,0.01787356
375316653866487564,5841214071557585408,0.61415017,2219.421405341577,0.8974878967341915,5.4309944E-6,17.903631,0.0025351727,0.25934133,0.0013075564,0.03339881,0.0026706094,0.18982504,0.013162849,0.7599763,0.0025455668,0.028536875,0.001445475,0.56254464,0.02989645,0.02824825,0.0039414703,0.25934133,0.0013075564,"TWOGAUSSIANS_WITH_ELLIPSOIDAL_ON_ECLIPSE1",9,2.170901,0.7599763,0.002536549,0.15980649,0.00809466,0.6190402,0.028808236,0.25934133,0.0013075564,0.18703333,0.014955413,0.24632148,0.014311067
375316653866487564,5841218199025511552,0.5514098,2185.7300149648945,3.963197885069325,6.6183293E-6,18.143888,0.0042380737,0.20299913,0.0028360311,0.033978593,0.0053623347,0.05540177,0.021792173,null,null,null,null,null,null,0.12878244,0.0059780986,0.20299913,0.0028360311,"ONEGAUSSIAN_WITH_ELLIPSOIDAL",6,4.9456973,0.20299913,0.0028360311,0.19028011,0.030029073,0.31296661,0.019997507,null,null,null,null,null,null
375316653866487564,5841218503964262528,0.44771466,2208.003049156469,0.17624496556768512,2.45329E-5,18.751244,0.007203273,0.3225108,0.0078004277,0.016541881,0.00817823,0.38091817,0.30422878,0.5395728,0.009210617,0.06229808,0.009892643,0.07047537,0.010206786,null,null,null,null,"TWOGAUSSIANS",8,5.7994404,0.32252082,0.0077500585,0.092634544,0.04579809,0.38108107,0.30423328,0.5395728,0.009210617,0.34886926,0.055398807,0.07047537,0.010206786
375316653866487564,5841218920580141568,0.6388925,2217.7159959855653,1.8633365630614567,4.279186E-6,13.485751,0.009818651,0.273013,0.0015458966,0.043320682,0.0020566226,0.6412309,0.023620438,0.7701558,0.0028529975,0.039639775,0.004326521,0.2040667,0.02269417,0.09553718,0.01222889,0.7701558,0.0028529975,"TWOGAUSSIANS_WITH_ELLIPSOIDAL_ON_ECLIPSE2",9,160.62039,0.272893,0.0014444994,0.24259582,0.011517086,0.83224607,0.016342966,0.7701558,0.0028529975,0.22198275,0.024228519,0.3951409,0.012022878
375316653866487564,5841236031729856384,0.60520494,2207.046541032271,1.723706724923928,5.4268894E-6,14.223078,0.050826386,0.22359657,0.005533771,0.31347266,0.018145416,0.71963006,0.048640154,0.7129496,0.0021743304,0.14707352,0.007939658,0.37939104,0.058410447,null,null,null,null,"TWOGAUSSIANS",8,15.611489,0.7129496,0.0021743304,0.4,0.0,0.13955787,0.0016693744,0.22589657,0.005453017,0.4,0.0,0.08737169,0.0022791964
