Gaia/vari_eclipsing_binary/VariEclipsingBinary_468865-468882.csv
# %ECSV 1.0
# ---
# delimiter: ','
# meta: !!omap
# - RELEASE: Gaia DR3
# - TABLE: vari_eclipsing_binary
# - DESCRIPTION: >
#     This table describes the properties of the eclipsing binaries resulting from the variability analysis. 
# - CITATION: >
#     How to cite and acknowledge Gaia: 
#     https://gea.esac.esa.int/archive/documentation/credits.html 
# - KNOWN_ISSUES: >
#     Known issues: 
#     https://www.cosmos.esa.int/web/gaia-users/known-issues 
# - DOCUMENTATION: >
#     Tutorials and documentation: 
#     https://www.cosmos.esa.int/web/gaia-users/archive 
# datatype:
# - 
#   name: solution_id
#   datatype: int64
#   description: Solution Identifier
#   meta:
#     ucd: meta.version
# - 
#   name: source_id
#   datatype: int64
#   description: Unique source identifier
#   meta:
#     ucd: meta.id;meta.main
# - 
#   name: global_ranking
#   datatype: float32
#   description: Number between 0 (worst) and 1 (best)
#   meta:
#     ucd: stat.param
# - 
#   name: reference_time
#   datatype: float64
#   unit: d
#   description: Reference time used for the geometric model fit
#   meta:
#     ucd: time.epoch
# - 
#   name: frequency
#   datatype: float64
#   unit: d**-1
#   description: Frequency of geometric model of the eclipsing binary light curve
#   meta:
#     ucd: src.orbital
# - 
#   name: frequency_error
#   datatype: float32
#   unit: d**-1
#   description: "Uncertainty of \\texttt{frequency}"
#   meta:
#     ucd: stat.error
# - 
#   name: geom_model_reference_level
#   datatype: float32
#   unit: mag
#   description: Magnitude reference level of geometric model
#   meta:
#     ucd: phot.mag;em.opt
# - 
#   name: geom_model_reference_level_error
#   datatype: float32
#   unit: mag
#   description: "Uncertainty of \\texttt{geomModelReferenceLevel}"
#   meta:
#     ucd: stat.error;phot.mag;em.opt
# - 
#   name: geom_model_gaussian1_phase
#   datatype: float32
#   description: Phase of the Gaussian 1 component
#   meta:
#     ucd: time.phase
# - 
#   name: geom_model_gaussian1_phase_error
#   datatype: float32
#   description: "Uncertainty of \\texttt{geomModelGaussian1Phase}"
#   meta:
#     ucd: stat.error;time.phase
# - 
#   name: geom_model_gaussian1_sigma
#   datatype: float32
#   description: "Standard deviation [phase] of Gaussian 1 component"
#   meta:
#     ucd: stat.stdev
# - 
#   name: geom_model_gaussian1_sigma_error
#   datatype: float32
#   description: "Uncertainty of \\texttt{geomModelGaussian1Sigma}"
#   meta:
#     ucd: stat.error
# - 
#   name: geom_model_gaussian1_depth
#   datatype: float32
#   unit: mag
#   description: Magnitude depth of Gaussian 1 component
#   meta:
#     ucd: src.var.amplitude
# - 
#   name: geom_model_gaussian1_depth_error
#   datatype: float32
#   unit: mag
#   description: "Uncertainty of \\texttt{geomModelGaussian1Depth}"
#   meta:
#     ucd: stat.error;src.var.amplitude
# - 
#   name: geom_model_gaussian2_phase
#   datatype: float32
#   description: Phase of Gaussian 2 component
#   meta:
#     ucd: time.phase
# - 
#   name: geom_model_gaussian2_phase_error
#   datatype: float32
#   description: "Uncertainty of \\texttt{geomModelGaussian2Phase}"
#   meta:
#     ucd: stat.error;time.phase
# - 
#   name: geom_model_gaussian2_sigma
#   datatype: float32
[...]
#   datatype: float32
#   description: "Secondary eclipse: uncertainty of \\texttt{derivedSecondaryEclDuration}"
#   meta:
#     ucd: stat.error;time.duration
# - 
#   name: derived_secondary_ecl_depth
#   datatype: float32
#   unit: mag
#   description: "Secondary eclipse: depth"
#   meta:
#     ucd: src.var.amplitude
# - 
#   name: derived_secondary_ecl_depth_error
#   datatype: float32
#   unit: mag
#   description: "Secondary eclipse: uncertainty of \\texttt{derivedSecondaryEclDepth}"
#   meta:
#     ucd: stat.error;src.var.amplitude
solution_id,source_id,global_ranking,reference_time,frequency,frequency_error,geom_model_reference_level,geom_model_reference_level_error,geom_model_gaussian1_phase,geom_model_gaussian1_phase_error,geom_model_gaussian1_sigma,geom_model_gaussian1_sigma_error,geom_model_gaussian1_depth,geom_model_gaussian1_depth_error,geom_model_gaussian2_phase,geom_model_gaussian2_phase_error,geom_model_gaussian2_sigma,geom_model_gaussian2_sigma_error,geom_model_gaussian2_depth,geom_model_gaussian2_depth_error,geom_model_cosine_half_period_amplitude,geom_model_cosine_half_period_amplitude_error,geom_model_cosine_half_period_phase,geom_model_cosine_half_period_phase_error,model_type,num_model_parameters,reduced_chi2,derived_primary_ecl_phase,derived_primary_ecl_phase_error,derived_primary_ecl_duration,derived_primary_ecl_duration_error,derived_primary_ecl_depth,derived_primary_ecl_depth_error,derived_secondary_ecl_phase,derived_secondary_ecl_phase_error,derived_secondary_ecl_duration,derived_secondary_ecl_duration_error,derived_secondary_ecl_depth,derived_secondary_ecl_depth_error
[from data line 366]
375316653866487564,4124275709293328640,0.6077387,2388.131291229902,1.7202486101534964,4.2531005E-6,17.290405,0.0037994066,0.2711067,0.0030571637,0.08393374,0.0036696682,0.32219964,0.008057192,0.76907104,0.0013134177,0.08881595,0.0029371826,0.24740444,0.0059960615,null,null,null,null,"TWOGAUSSIANS",8,3.6258397,0.2711067,0.0030571637,0.4,0.0,0.31397143,0.008521856,0.76907104,0.0013134177,0.4,0.0,0.23917615,0.006551622
375316653866487564,4124275778013001472,0.4447305,2390.4571718166353,1.5106385453012718,2.8629736E-5,18.678905,0.0031081194,0.21478532,0.010216008,0.010056196,0.008349378,0.059313357,0.21165489,0.3737207,0.0017395559,0.014291748,0.001210248,0.550948,0.16333565,null,null,null,null,"TWOGAUSSIANS",8,4.041567,0.3737207,0.0017395559,0.08003379,0.0067773885,0.550948,0.16333565,0.21478532,0.010216008,0.0563147,0.046756513,0.059313357,0.21165489
375316653866487564,4124276022864752768,0.5366859,2392.124828217683,1.641040685548618,8.357609E-6,17.628355,0.0061175744,0.26980597,0.0060055573,0.09930717,0.010058622,0.11820251,0.008100055,0.75714093,0.0026687616,0.09105717,0.0040413854,0.22028266,0.007151302,null,null,null,null,"TWOGAUSSIANS",8,4.297267,0.75714093,0.0026687616,0.4,0.0,0.2119016,0.0051662764,0.26980597,0.0060055573,0.4,0.0,0.109820716,0.00818865
375316653866487564,4124276366493591936,0.46889517,2394.6435536827953,2.870601860135967,1.4089069E-5,18.22293,0.008804371,0.21956553,0.0052442714,0.08338772,0.0121305855,0.13461609,0.009707638,0.73568195,0.005713727,0.08497586,0.008029534,0.14703348,0.011873965,null,null,null,null,"TWOGAUSSIANS",8,5.881481,0.73568195,0.005713727,0.4,0.0,0.14446978,0.0111125745,0.21956553,0.0052442714,0.4,0.0,0.13205239,0.0098132
375316653866487564,4124276675731264000,0.50975883,2404.4866292190154,3.5376387302744545,1.6126382E-5,17.859726,0.029439991,0.2701915,0.0045740856,0.110341735,0.013841697,0.24390005,0.028001573,0.78707254,0.0055473465,0.10720219,0.016092809,0.19682395,0.027238037,null,null,null,null,"TWOGAUSSIANS",8,7.13672,0.27018148,0.0045885257,0.4,0.0,0.21784571,0.009502402,0.7871025,0.0055410014,0.4,0.0,0.17078117,0.010490364
375316653866487564,4124277019309210496,0.45791623,2453.204330185864,3.0576344003832703,2.1958242E-5,19.238245,0.007449568,0.2702959,0.006014803,0.04600837,0.0040980186,0.28988442,0.031829022,0.77042526,0.005393373,0.0605577,0.005294346,0.3075147,0.014936571,null,null,null,null,"TWOGAUSSIANS",8,8.377801,0.77042526,0.005393373,0.33912313,0.029648336,0.3075049,0.014938362,0.2702959,0.006014803,0.25764686,0.022948906,0.2898746,0.03182986
375316653866487564,4124277122388417408,0.4458951,2407.0546770353963,0.8061357340860209,2.9582434E-5,19.063997,0.034034833,0.23031335,0.0063854055,0.022935128,0.011660893,0.44875616,0.17010246,0.74819845,0.01865982,0.06286128,0.03779498,0.32623556,233.07196,null,null,null,null,"TWOGAUSSIANS",8,3.706363,0.23031335,0.0063854055,0.12843671,0.065301,0.44875616,0.17010382,0.74819845,0.01865982,0.35202315,0.2116519,0.32623556,233.07196
375316653866487564,4124277225487657088,0.5601785,2451.0527931955767,0.2858318242229537,8.35228E-6,16.91158,0.001109634,0.27670944,6.877753E-4,0.019317547,9.406357E-4,0.22146647,0.011536395,0.7740937,0.003698622,0.0131871365,0.0031413476,0.029125296,0.013556309,0.03112219,0.0015744331,0.27670944,6.877753E-4,"TWOGAUSSIANS_WITH_ELLIPSOIDAL_ON_ECLIPSE1",9,5.2747383,0.27670944,6.877753E-4,0.10817826,0.00526756,0.28371078,0.011605908,0.7741637,0.0035599892,0.073847964,0.017591545,0.09135326,0.01372321
375316653866487564,4124277912682816768,0.46460956,2464.470163498583,2.8682981703258266,1.9736193E-5,18.74816,0.021579303,0.2494835,0.0068026814,0.030843195,0.011586118,0.2092527,0.06407231,0.73811036,0.016821358,0.061020825,0.024352994,0.34030554,0.07222972,0.09390432,0.036242854,0.2494835,0.0068026814,"TWOGAUSSIANS_WITH_ELLIPSOIDAL_ON_ECLIPSE1",9,36.60919,0.73969036,0.01209607,0.34171662,0.123154454,0.5272539,0.070038065,0.2494835,0.0068026814,0.1727219,0.064882256,0.39702532,0.045515
375316653866487564,4124278320631759104,0.54561895,2449.8458965438003,0.6442995644664528,4.951287E-6,18.606884,0.0038412008,0.28722954,0.00102491,0.012378732,0.0021890968,0.28746867,0.08405523,0.78622013,7.0977956E-4,0.013425719,4.9745804E-4,0.9876312,0.0671263,null,null,null,null,"TWOGAUSSIANS",8,8.123305,0.78622013,7.0977956E-4,0.075184025,0.0027857649,0.9876312,0.0671263,0.28722954,0.00102491,0.069320895,0.012258942,0.28746867,0.08405523
375316653866487564,4124278561175217792,0.55583334,2446.6372364283006,0.43559051524419196,2.6889551E-5,18.35768,0.004645635,0.26896438,0.0029696284,0.030381663,0.004270247,0.06828255,0.012582281,0.7651693,0.0033120173,0.026777195,0.0031049068,0.73259544,0.09370744,0.029720683,0.007053242,0.26896438,0.0029696284,"TWOGAUSSIANS_WITH_ELLIPSOIDAL_ON_ECLIPSE1",9,3.9873502,0.7651893,0.003297986,0.14995229,0.017387478,0.79200315,0.09523191,0.26896438,0.0029696284,0.17013732,0.023913385,0.1277239,0.008020394
375316653866487564,4124278668596727552,0.50203526,2457.228407943189,0.10159695627112691,6.5462315E-5,18.579174,0.0027005684,0.49160624,5.2635634E-4,0.0053870627,3.437857E-4,0.30730698,0.02256971,0.60250807,0.040603437,0.035704456,0.08640809,0.018925684,0.009497926,null,null,null,null,"TWOGAUSSIANS",8,1.3186316,0.49160624,5.2692223E-4,0.030167552,0.0019252,0.30745903,0.022182507,0.60250807,0.040603437,0.19994496,0.22812688,0.018925684,0.009499659
375316653866487564,4124278840395425280,0.41473517,2475.412616008119,1.4980724859418633,1.9296656E-5,19.12056,0.014218906,0.27889287,0.001764012,0.014791658,0.0015844684,0.41193774,0.029814662,0.6896625,0.0053908047,0.036473375,0.0048601995,0.44239435,0.09322097,null,null,null,null,"TWOGAUSSIANS",8,9.527869,0.6896625,0.0053908047,0.2042509,0.027217118,0.44239435,0.09322097,0.27889287,0.001764012,0.08283328,0.008873023,0.41193774,0.029814662
375316653866487564,4124279183993118464,0.5081676,2462.2936203922322,2.2040879664396504,9.36736E-6,17.681917,0.31773823,0.25982088,0.0039935037,0.13234247,0.09830128,0.11232279,0.30792767,0.75010705,0.004854738,0.12071485,0.05193328,0.1362542,0.24914111,null,null,null,null,"TWOGAUSSIANS",8,1.8955832,0.75010705,0.004854738,0.4,0.0,0.10418153,0.0037450618,0.25991085,0.0034605667,0.4,0.0,0.08011907,0.004982182
375316653866487564,4124279218352733568,0.53435403,2469.413382280323,2.4047729534649167,7.009015E-6,17.057821,0.013738406,0.22677386,0.002963671,0.10143193,0.0076858806,0.2016953,0.013271644,0.7137234,0.0027365743,0.0999895,0.011860462,0.20961803,0.009781485,null,null,null,null,"TWOGAUSSIANS",8,7.974737,0.7137234,0.0027365743,0.4,0.0,0.19358216,0.016476274,0.22677386,0.002961402,0.4,0.0,0.18565877,0.004726075
375316653866487564,4124279763767825664,0.48653376,2481.880639139421,0.07353943614888242,4.8691785E-5,18.816776,0.009651115,0.22973584,0.00387275,0.09290286,0.006310538,0.22549526,0.009345496,0.68560004,0.02067596,0.061517116,0.013379724,0.24827985,0.103819154,null,null,null,null,"TWOGAUSSIANS",8,3.7090867,0.68560004,0.02067596,0.34449583,0.07492646,0.24735993,0.104107425,0.22973584,0.00387275,0.4,0.0,0.224574,0.008853353
375316653866487564,4124279871187334912,0.60203373,2465.6210658424675,1.1535003193290807,5.5872424E-6,17.079702,0.0042291703,0.25217983,0.0018271541,0.08347934,0.0024072297,0.3681063,0.0056128744,0.7521031,0.0020509327,0.09066016,0.0024604432,0.2728951,0.0057423776,null,null,null,null,"TWOGAUSSIANS",8,6.59861,0.25217983,0.0018271541,0.4,0.0,0.3579407,0.005457076,0.7521031,0.0020509327,0.4,0.0,0.2627294,0.0050584623
375316653866487564,4124279901180499968,0.5202102,2464.9599079503796,2.4246715684583693,8.311257E-6,17.634796,0.030721758,0.2553386,0.0066459035,0.0979915,0.026992003,0.13824885,0.027685765,0.73151207,0.002526456,0.10347004,0.01571836,0.20248593,0.026227264,null,null,null,null,"TWOGAUSSIANS",8,5.327622,0.73151207,0.002526456,0.4,0.0,0.1910694,0.008863665,0.25534862,0.006703329,0.4,0.0,0.12683684,0.00882172
375316653866487564,4124280249131917952,0.4856373,2478.1487291925937,2.602388357782866,2.429003E-5,19.420898,0.03305759,0.23318763,0.005811748,0.08738817,0.013279908,0.2992685,0.030727569,0.73485035,0.008300676,0.0871366,0.013355942,0.28210768,0.03150484,null,null,null,null,"TWOGAUSSIANS",8,4.064801,0.23318763,0.005811748,0.4,0.0,0.28993398,0.025183765,0.73485035,0.008300676,0.4,0.0,0.27277315,0.020341128
375316653866487564,4124280798875742080,0.5218687,2461.4870641876805,1.0375944881647676,7.43419E-6,18.251059,0.0020546531,0.2497544,0.0018951899,0.03694248,0.0013257037,0.2650364,0.007410565,0.7583142,0.005919303,0.044122793,0.00845493,0.050243452,0.0065264604,null,null,null,null,"TWOGAUSSIANS",8,2.18307,0.2497544,0.0018951899,0.20687789,0.0074239406,0.2650364,0.007410565,0.7583142,0.005919303,0.24708764,0.04734761,0.050243452,0.006526462
375316653866487564,4124280936314692096,0.44933793,2487.101628423891,3.119159593172943,3.3662007E-5,19.110203,0.010717298,0.63441354,0.007334423,0.05202694,0.011485731,0.323197,0.056394536,null,null,null,null,null,null,0.06367038,0.01674857,0.63441354,0.007334423,"ONEGAUSSIAN_WITH_ELLIPSOIDAL",6,14.747091,0.63441354,0.007334423,0.29135084,0.064320095,0.45053464,0.048762843,null,null,null,null,null,null
375316653866487564,4124281554795264128,0.50341344,2456.9069481099436,2.4644602091758165,2.3930219E-5,19.153324,0.02168379,0.13402034,0.0038513357,0.10031348,0.009585983,0.275865,0.019690799,0.6338331,0.004405196,0.099454366,0.011254996,0.27977818,0.020557897,null,null,null,null,"TWOGAUSSIANS",8,2.964976,0.6338331,0.004405196,0.4,0.0,0.25560102,0.018238265,0.13402034,0.0038513357,0.4,0.0,0.2516874,0.008927716
375316653866487564,4124281825325586304,0.619545,2432.3674527817525,2.6620659678522722,7.722303E-6,17.197634,0.024251498,0.27173117,0.0018453872,0.048246197,0.0065933582,0.28212962,0.05152886,0.7811873,0.004708803,0.056465592,0.012922406,0.33112404,0.039623868,0.10663983,0.027380407,0.27173117,0.0018453872,"TWOGAUSSIANS_WITH_ELLIPSOIDAL_ON_ECLIPSE1",9,15.028443,0.7811873,0.004708803,0.31620732,0.07236547,0.5436424,0.025789695,0.27173117,0.0018453872,0.2701787,0.036922805,0.4954,0.008334712
375316653866487564,4124281864032791680,0.47398958,2458.5717075441676,1.7430431309133696,1.722181E-5,19.267632,0.015157753,0.24000753,0.008142787,0.08364051,0.011096124,0.20044506,0.014561882,0.74385196,0.007190764,0.07648804,0.011760704,0.28267992,0.015611298,null,null,null,null,"TWOGAUSSIANS",8,4.4192805,0.74385196,0.007190764,0.4,0.0,0.27934593,0.015310224,0.24000753,0.008142787,0.4,0.0,0.19711106,0.011701972
375316653866487564,4124281898412192768,0.53283376,2447.5047118013003,2.3339435960737482,8.995402E-6,18.851372,0.004407497,0.256164,0.002503857,0.07245089,0.003897466,0.23386537,0.007897236,0.7598495,0.005448063,0.098686695,0.0063596843,0.11574505,0.0054963334,null,null,null,null,"TWOGAUSSIANS",8,1.478371,0.256164,0.002503857,0.4,0.0028113453,0.22987744,0.008292954,0.7598495,0.005448063,0.4,0.0,0.1117565,0.004777778
375316653866487564,4124282104551073408,0.5416774,2455.9574350179837,2.821737804807572,1.329422E-5,19.092705,0.0121966805,0.26162103,0.0037789124,0.0758882,0.0051861373,0.4566955,0.017698703,0.76099783,0.0026351088,0.06615698,0.0042655747,0.3716498,0.017810227,null,null,null,null,"TWOGAUSSIANS",8,4.8372498,0.26162103,0.0037789124,0.4,0.0,0.455033,0.017546369,0.76099783,0.0026351088,0.3704791,0.023887219,0.3699873,0.017564707
375316653866487564,4124282443800851200,0.4610151,2438.4357819404713,2.823657363984723,2.424127E-5,19.091757,0.037140597,0.30031934,0.008606769,0.09350751,0.022095822,0.24489656,0.031938013,0.7951527,0.0050272187,0.109227866,0.01660447,0.2584427,0.03396897,null,null,null,null,"TWOGAUSSIANS",8,6.185676,0.7951527,0.0050272187,0.4,0.0,0.23590223,0.017575206,0.30031934,0.008620381,0.4,0.0,0.22237068,0.028174074
375316653866487564,4124282482527587712,0.45674053,2429.1372002274184,0.2138477364475261,4.2903626E-5,18.178528,0.0034283984,0.18130578,0.0058936053,0.011925066,0.0026950792,0.3639217,0.11425112,0.39738503,0.026534382,0.060501117,0.031241583,0.031094814,0.008891411,null,null,null,null,"TWOGAUSSIANS",8,7.1238317,0.18130578,0.005893829,0.06678037,0.015092444,0.3639745,0.11428894,0.39738503,0.026534382,0.33880627,0.14127596,0.031094814,0.008891412
375316653866487564,4124282757379761152,0.47650206,2412.3565155475176,1.593296703087286,2.6805177E-5,18.430595,0.008969758,0.23674504,0.0058836103,0.050581563,0.0063539366,0.34319195,0.046549402,0.7434605,0.0033412147,0.07596248,0.0060725324,0.20601246,0.010866957,null,null,null,null,"TWOGAUSSIANS",8,15.579715,0.23674504,0.0058836103,0.28325677,0.035582047,0.34302974,0.046606958,0.7434605,0.0033412147,0.4,0.0,0.20585023,0.010852553
375316653866487564,4124283199739078784,0.65471727,2448.270311229974,1.1812331916811987,2.2545157E-6,17.094652,0.0063612377,0.23513931,6.065821E-4,0.055657424,0.0020851213,0.31582096,0.013188513,0.7388584,0.0019729806,0.055734046,0.003473701,0.2537753,0.014811075,0.114666924,0.007532525,0.23513931,6.065821E-4,"TWOGAUSSIANS_WITH_ELLIPSOIDAL_ON_ECLIPSE1",9,5.5890584,0.23513931,6.065821E-4,0.31168157,0.011676679,0.5451327,0.0065422314,0.7388584,0.0019729806,0.31211066,0.019452726,0.48296186,0.015367155
375316653866487564,4124284028716161280,0.4715457,2458.2894887332886,2.849561789697336,1.6236216E-5,16.060905,0.008298782,0.2325287,0.0036150683,0.044113703,0.009938888,0.07101585,0.017462082,0.74551094,0.008909457,0.043710664,0.022624517,0.04637143,0.01639186,0.030519104,0.010992945,0.2325287,0.0036150683,"TWOGAUSSIANS_WITH_ELLIPSOIDAL_ON_ECLIPSE1",9,17.02942,0.2325287,0.0036150683,0.24703673,0.055657774,0.13205405,0.0059781657,0.74551094,0.008909457,0.24477972,0.1266973,0.1070044,0.009282089
375316653866487564,4124284406672894464,0.45364264,2446.056907703502,2.5646719928763524,2.839864E-5,18.341522,0.01709069,0.27233276,0.008606303,0.10556582,0.015897162,0.15414396,0.0173676,0.7500655,0.006966505,0.09683541,0.013776531,0.14513347,0.017557323,null,null,null,null,"TWOGAUSSIANS",8,7.138254,0.27233276,0.008605262,0.4,0.0,0.14342369,0.010478186,0.7500655,0.006966505,0.4,0.0,0.13441864,0.011509419
375316653866487564,4124284505386331264,0.51006687,2470.217144891149,3.2930387321188554,9.307456E-6,19.509499,0.023163728,0.1810643,0.0031762759,0.099167295,0.0070226067,0.40244874,0.021813542,0.6875332,0.0028922346,0.09329973,0.0069074887,0.41253853,0.02429519,null,null,null,null,"TWOGAUSSIANS",8,2.6467683,0.6875332,0.0028922346,0.4,0.0,0.38701165,0.020803977,0.1810643,0.0031762759,0.4,0.0,0.3769198,0.0122859515
375316653866487564,4124284612831599744,0.41626894,2340.2863794671566,0.6758657906992217,6.930174E-5,19.41604,0.1131456,0.22677867,0.0069976966,0.031155901,0.0064657805,1.6120012,0.70019937,0.6850573,0.07978934,0.19649634,0.1103201,0.43198487,0.2732412,null,null,null,null,"TWOGAUSSIANS",8,2.4706995,0.22689867,0.0071045896,0.17447305,0.036208373,1.6017263,0.70664173,0.6850573,0.07978934,0.4,0.0,0.38357282,0.31642514
375316653866487564,4124284642824852736,0.4433695,2469.405051536756,3.0670336654775507,1.7319735E-4,19.497301,0.008613337,null,null,null,null,null,null,null,null,null,null,null,null,0.090482675,0.013032218,0.24096434,0.00920695,"ELLIPSOIDAL",4,8.285451,null,null,null,null,null,null,null,null,null,null,null,null
375316653866487564,4124285025136553344,0.411609,2515.4777329144017,2.2120848709865735,4.476809E-5,19.354288,0.012498064,0.32004678,0.01257219,0.017496694,0.006753076,0.21557325,0.0945653,0.8269204,0.021608995,0.025493205,0.022586944,0.20118369,0.06545236,null,null,null,null,"TWOGAUSSIANS",8,9.886332,0.32004678,0.01257219,0.09798148,0.037817225,0.21557325,0.0945653,0.8269204,0.021608995,0.14276195,0.12648688,0.20118369,0.06545236
