Gaia/vari_eclipsing_binary/VariEclipsingBinary_082788-086703.csv
# %ECSV 1.0
# ---
# delimiter: ','
# meta: !!omap
# - RELEASE: Gaia DR3
# - TABLE: vari_eclipsing_binary
# - DESCRIPTION: >
#     This table describes the properties of the eclipsing binaries resulting from the variability analysis. 
# - CITATION: >
#     How to cite and acknowledge Gaia: 
#     https://gea.esac.esa.int/archive/documentation/credits.html 
# - KNOWN_ISSUES: >
#     Known issues: 
#     https://www.cosmos.esa.int/web/gaia-users/known-issues 
# - DOCUMENTATION: >
#     Tutorials and documentation: 
#     https://www.cosmos.esa.int/web/gaia-users/archive 
# datatype:
# - 
#   name: solution_id
#   datatype: int64
#   description: Solution Identifier
#   meta:
#     ucd: meta.version
# - 
#   name: source_id
#   datatype: int64
#   description: Unique source identifier
#   meta:
#     ucd: meta.id;meta.main
# - 
#   name: global_ranking
#   datatype: float32
#   description: Number between 0 (worst) and 1 (best)
#   meta:
#     ucd: stat.param
# - 
#   name: reference_time
#   datatype: float64
#   unit: d
#   description: Reference time used for the geometric model fit
#   meta:
#     ucd: time.epoch
# - 
#   name: frequency
#   datatype: float64
#   unit: d**-1
#   description: Frequency of geometric model of the eclipsing binary light curve
#   meta:
#     ucd: src.orbital
# - 
#   name: frequency_error
#   datatype: float32
#   unit: d**-1
#   description: "Uncertainty of \\texttt{frequency}"
#   meta:
#     ucd: stat.error
# - 
#   name: geom_model_reference_level
#   datatype: float32
#   unit: mag
#   description: Magnitude reference level of geometric model
#   meta:
#     ucd: phot.mag;em.opt
# - 
#   name: geom_model_reference_level_error
#   datatype: float32
#   unit: mag
#   description: "Uncertainty of \\texttt{geomModelReferenceLevel}"
#   meta:
#     ucd: stat.error;phot.mag;em.opt
# - 
#   name: geom_model_gaussian1_phase
#   datatype: float32
#   description: Phase of the Gaussian 1 component
#   meta:
#     ucd: time.phase
# - 
#   name: geom_model_gaussian1_phase_error
#   datatype: float32
#   description: "Uncertainty of \\texttt{geomModelGaussian1Phase}"
#   meta:
#     ucd: stat.error;time.phase
# - 
#   name: geom_model_gaussian1_sigma
#   datatype: float32
#   description: "Standard deviation [phase] of Gaussian 1 component"
#   meta:
#     ucd: stat.stdev
# - 
#   name: geom_model_gaussian1_sigma_error
#   datatype: float32
#   description: "Uncertainty of \\texttt{geomModelGaussian1Sigma}"
#   meta:
#     ucd: stat.error
# - 
#   name: geom_model_gaussian1_depth
#   datatype: float32
#   unit: mag
#   description: Magnitude depth of Gaussian 1 component
#   meta:
#     ucd: src.var.amplitude
# - 
#   name: geom_model_gaussian1_depth_error
#   datatype: float32
#   unit: mag
#   description: "Uncertainty of \\texttt{geomModelGaussian1Depth}"
#   meta:
#     ucd: stat.error;src.var.amplitude
# - 
#   name: geom_model_gaussian2_phase
#   datatype: float32
#   description: Phase of Gaussian 2 component
#   meta:
#     ucd: time.phase
# - 
#   name: geom_model_gaussian2_phase_error
#   datatype: float32
#   description: "Uncertainty of \\texttt{geomModelGaussian2Phase}"
#   meta:
#     ucd: stat.error;time.phase
# - 
#   name: geom_model_gaussian2_sigma
#   datatype: float32
[...]
#   datatype: float32
#   description: "Secondary eclipse: uncertainty of \\texttt{derivedSecondaryEclDuration}"
#   meta:
#     ucd: stat.error;time.duration
# - 
#   name: derived_secondary_ecl_depth
#   datatype: float32
#   unit: mag
#   description: "Secondary eclipse: depth"
#   meta:
#     ucd: src.var.amplitude
# - 
#   name: derived_secondary_ecl_depth_error
#   datatype: float32
#   unit: mag
#   description: "Secondary eclipse: uncertainty of \\texttt{derivedSecondaryEclDepth}"
#   meta:
#     ucd: stat.error;src.var.amplitude
solution_id,source_id,global_ranking,reference_time,frequency,frequency_error,geom_model_reference_level,geom_model_reference_level_error,geom_model_gaussian1_phase,geom_model_gaussian1_phase_error,geom_model_gaussian1_sigma,geom_model_gaussian1_sigma_error,geom_model_gaussian1_depth,geom_model_gaussian1_depth_error,geom_model_gaussian2_phase,geom_model_gaussian2_phase_error,geom_model_gaussian2_sigma,geom_model_gaussian2_sigma_error,geom_model_gaussian2_depth,geom_model_gaussian2_depth_error,geom_model_cosine_half_period_amplitude,geom_model_cosine_half_period_amplitude_error,geom_model_cosine_half_period_phase,geom_model_cosine_half_period_phase_error,model_type,num_model_parameters,reduced_chi2,derived_primary_ecl_phase,derived_primary_ecl_phase_error,derived_primary_ecl_duration,derived_primary_ecl_duration_error,derived_primary_ecl_depth,derived_primary_ecl_depth_error,derived_secondary_ecl_phase,derived_secondary_ecl_phase_error,derived_secondary_ecl_duration,derived_secondary_ecl_duration_error,derived_secondary_ecl_depth,derived_secondary_ecl_depth_error
[from data line 74]
375316653866487564,738672737836784768,0.49700978,2332.8913482255557,1.8267914464516068,3.9374845E-5,13.807351,0.008363767,0.233123,0.008280573,0.08497774,0.017280016,0.0633011,0.0075928397,0.716387,0.025059687,0.07834806,0.03735218,0.054697566,0.0077266227,null,null,null,null,"TWOGAUSSIANS",8,18.244987,0.233123,0.008279158,0.4,0.0,0.06251033,0.0052608456,0.716387,0.025059687,0.4,0.0017348137,0.0539068,0.009889848
375316653866487564,738786846527785984,0.46744257,2268.0301170021867,0.6532021149014673,5.379685E-5,15.838701,0.0020827309,0.34159482,0.007971287,0.08279436,0.005214878,0.08292493,0.0072435476,0.7714326,0.01740331,0.04128016,0.021531725,0.11657862,31.096336,null,null,null,null,"TWOGAUSSIANS",8,10.81845,0.7714326,0.01740331,0.2311689,0.12057766,0.11657421,31.096342,0.34159482,0.007971287,0.4,0.0,0.0829204,0.0072430274
375316653866487564,738817147522263808,0.51264787,2324.1992054889297,0.061312958562653404,3.1440522E-5,13.485227,0.004441987,0.7703057,0.0038235951,0.055773854,0.011398198,0.12225147,0.03466986,null,null,null,null,null,null,0.07357759,0.006643768,0.7703057,0.0038235951,"ONEGAUSSIAN_WITH_ELLIPSOIDAL",6,558.5263,0.7703057,0.0038235951,0.31233358,0.06382991,0.26940098,0.030330742,null,null,null,null,null,null
375316653866487564,738829448308598400,0.5019226,2274.7215974898204,1.5632774599983317,2.1827575E-5,11.31257,0.014718076,0.16409849,0.007188318,0.037148524,0.0055842805,0.1676075,0.01737617,0.6602681,0.008879719,0.049770612,0.0049643745,0.46126884,0.039865255,null,null,null,null,"TWOGAUSSIANS",8,2005.1213,0.6602681,0.008879719,0.27871543,0.027800497,0.4612688,0.039865155,0.16409849,0.007188318,0.20803173,0.03127197,0.16760747,0.017376108
375316653866487564,738845150708927872,0.52247536,2313.425431941251,2.0613610620452154,2.3476201E-5,13.610742,0.10585322,0.3078109,0.006881974,0.11801084,0.037217554,0.20491704,0.0967288,0.81144595,0.0052560363,0.12238273,0.045187123,0.15707585,0.10210102,null,null,null,null,"TWOGAUSSIANS",8,81.474815,0.3077909,0.0068424963,0.4,0.0,0.16525543,0.011358173,0.811466,0.0053026234,0.4,0.0,0.11739138,0.008926649
375316653866487564,738980394933903360,0.4828285,2313.6579689538366,0.7542136767655825,4.6245023E-5,14.744326,0.003769637,0.18276666,0.024468845,0.03128728,0.019113125,0.112928756,0.065488175,0.84774894,0.026846245,0.016449062,0.019986684,0.15971093,0.14580224,null,null,null,null,"TWOGAUSSIANS",8,72.47644,0.84774894,0.026846245,0.092114754,0.11192542,0.15971093,0.14580224,0.18276666,0.024468845,0.17520878,0.1070335,0.112928756,0.065488175
375316653866487564,738983998411712256,0.5396724,2356.484711845439,0.1712234773779292,3.3033848E-5,17.924412,0.007637823,0.21636021,0.08867842,0.02804853,0.043575224,0.17448638,0.11134902,0.7104036,0.005544729,0.029262206,0.007138844,1.9985448,1.4332012,null,null,null,null,"TWOGAUSSIANS",8,24.526142,0.7104036,0.005544729,0.16386835,0.03997753,1.9985448,1.4332012,0.21636021,0.08867842,0.15707177,0.24402125,0.17448638,0.11134902
375316653866487564,739239604800152960,0.49959135,2348.112246495823,0.048018979855666645,6.0171493E-5,18.484877,0.017681705,0.26096773,0.006697078,0.08436734,0.015526142,0.20854096,0.02476829,0.78616303,0.010656825,0.089414835,0.01869348,0.176449,0.043345146,null,null,null,null,"TWOGAUSSIANS",8,2.8316903,0.26096773,0.006697078,0.4,0.0,0.2045685,0.026093213,0.78616303,0.010656825,0.4,0.0,0.17247644,0.044900145
375316653866487564,739432874034030464,0.47653177,2250.977296625831,2.8276431251577288,1.4612474E-5,10.182257,0.016487125,0.2655253,0.009264482,0.054875616,0.03814005,0.044357345,0.037482668,0.7498446,0.026390374,0.03828851,0.04175164,0.057671838,0.03472257,0.044300254,0.018645417,0.2655253,0.009264482,"TWOGAUSSIANS_WITH_ELLIPSOIDAL_ON_ECLIPSE1",9,119.282394,0.75220466,0.02198206,0.21441565,0.2338092,0.14554231,0.030206123,0.2655253,0.009264482,0.30730346,0.21075556,0.13295646,0.019705972
375316653866487564,739636150541076864,0.55891955,2275.3287491571296,0.8059947395969197,5.0835577E-5,14.242841,0.002144079,0.22708376,0.0077427337,0.021320257,0.0048285443,0.20244193,0.046242643,0.71994036,0.009047606,0.037545543,0.005096236,0.07720067,0.002803499,null,null,null,null,"TWOGAUSSIANS",8,54.663517,0.22708376,0.0077427337,0.119393446,0.027039848,0.20244193,0.046242643,0.71994036,0.009047606,0.21025504,0.028538922,0.07720067,0.002803499
375316653866487564,739708885812047872,0.45652828,2248.1075212719106,1.586782031585389,4.865398E-5,19.098127,0.016323708,0.24072897,0.015244325,0.07141663,0.033200968,0.1253779,0.029218752,0.7543759,0.036668524,0.06942004,0.03454046,0.20358579,0.2648834,null,null,null,null,"TWOGAUSSIANS",8,3.548483,0.7543759,0.036668524,0.38875222,0.15591742,0.2031751,0.26574072,0.24072897,0.015244325,0.39993313,0.07349069,0.12496721,0.031049352
375316653866487564,739895326047593856,0.79480696,2280.3938151415114,0.8170741696146455,3.3886943E-5,9.816031,7.0119114E-4,0.40181157,0.0016481408,0.027945435,8.9234626E-4,0.64527094,0.013720744,null,null,null,null,null,null,null,null,null,null,"ONEGAUSSIAN",5,16.314621,0.40181157,0.0016481408,0.15649442,0.0049971393,0.64527094,0.0,null,null,null,null,null,null
375316653866487564,739912780794642944,0.5642926,2261.7378092448826,3.703482715819986,2.5325653E-5,12.878277,0.07952154,0.24925828,0.005579219,0.06425112,0.01657836,0.42290142,0.16317622,0.75863725,0.0057655335,0.06603512,0.015416973,0.34460083,0.16499609,0.05494043,0.087850854,0.24925828,0.005579219,"TWOGAUSSIANS_WITH_ELLIPSOIDAL_ON_ECLIPSE1",9,1277.2095,0.24925828,0.005579219,0.35980624,0.08953919,0.532411,0.046087824,0.75863725,0.0057655335,0.36979666,0.08633505,0.45372927,0.03579034
375316653866487564,739944731056391552,0.51506406,2244.2498359727147,4.6164965265508355,1.7378477E-5,19.418066,0.009434999,0.69190735,0.0044511273,0.05044652,0.008768824,0.18818897,0.02676202,null,null,null,null,null,null,0.137399,0.015392387,0.69190735,0.0044511273,"ONEGAUSSIAN_WITH_ELLIPSOIDAL",6,4.3335433,0.69190735,0.0044511273,0.28250054,0.049105413,0.46298608,0.022895386,null,null,null,null,null,null
375316653866487564,740105573286562176,0.63267744,2342.0956914092717,0.5779665137407511,1.0626775E-6,10.536285,0.0018977729,0.07155714,4.729573E-6,0.005182507,2.4500147E-5,0.89569587,0.0016611201,0.57425636,4.334819E-5,0.0045402087,4.2788404E-5,0.8244179,0.0067954673,null,null,null,null,"TWOGAUSSIANS",8,404.50397,0.07155714,4.729573E-6,0.02902204,1.3720083E-4,0.89569587,0.0016611201,0.57425636,4.334819E-5,0.025425168,2.3961507E-4,0.8244179,0.0067954673
375316653866487564,740378350954530048,0.5239498,2332.8724723913547,2.530984594156759,2.2031953E-5,17.767996,0.010266024,0.25661477,0.020921987,0.09603701,0.019028023,0.13410534,0.02282888,0.73706007,0.001634009,0.041239914,0.0027726984,0.40519357,0.012603024,null,null,null,null,"TWOGAUSSIANS",8,23.019062,0.73706007,0.001634009,0.23094353,0.0155271115,0.4049344,0.012439015,0.25661477,0.020921987,0.4,0.0,0.13384563,0.022884281
375316653866487564,740479574743616256,0.4986279,2296.7146639955254,0.10518349148970067,3.088128E-5,16.754848,0.009121309,0.27850702,0.006843762,0.05614337,0.0055914647,0.43164536,0.08699753,0.7202493,0.011082372,0.09158354,0.024787946,0.12870736,0.06957827,null,null,null,null,"TWOGAUSSIANS",8,58.65676,0.27850702,0.006843762,0.31440288,0.0313122,0.4313403,0.08705626,0.7202493,0.011082372,0.4,0.0,0.12840118,0.07001946
375316653866487564,740493937113836544,0.6142062,2306.6695990212975,4.339690656838148,8.996427E-6,16.972305,0.012715127,0.2556185,0.026803982,0.08005705,0.009300335,0.46423173,0.046992224,0.7645337,0.0021320551,0.07895076,0.0039591086,0.41450766,0.017188806,null,null,null,null,"TWOGAUSSIANS",8,21.753798,0.2556185,0.026803982,0.4,0.0,0.4589967,0.045007516,0.7645337,0.0021320551,0.4,0.0,0.40927264,0.017179754
375316653866487564,740560113970075008,0.56111574,2262.0340951945805,3.66683742583852,9.993533E-6,16.828552,0.0092543755,0.25079653,0.0022824963,0.08789712,0.006170132,0.2484489,0.009631501,0.7543124,0.0025772941,0.08612618,0.004875184,0.2581308,0.010554946,null,null,null,null,"TWOGAUSSIANS",8,14.092262,0.7543124,0.0025772941,0.4,0.0,0.25042915,0.009292277,0.25079653,0.0022824963,0.4,0.0,0.24074723,0.009862202
375316653866487564,740582795692769408,0.64091265,2284.419055989178,2.658679784741423,8.618608E-6,9.251011,0.010083766,0.3140673,9.1469625E-4,0.046737336,0.0047128918,0.2034039,0.026759028,0.8092841,0.001496306,0.04151732,0.004961042,0.17027463,0.028102202,0.12652986,0.0176419,0.8092841,0.001496306,"TWOGAUSSIANS_WITH_ELLIPSOIDAL_ON_ECLIPSE2",9,193.158,0.3132273,6.0314534E-4,0.2617291,0.026392194,0.4562749,0.008982926,0.8092841,0.001496306,0.232497,0.027781837,0.42333376,0.012258399
375316653866487564,740620316527646848,0.62250584,2289.119289280123,0.5846013961941984,5.600505E-6,10.667221,0.0019768286,0.36949426,0.0035626828,0.017301599,0.0031704262,0.5377875,0.09375458,0.86819667,3.521847E-4,0.01697732,4.1804224E-4,0.37206575,0.003918409,null,null,null,null,"TWOGAUSSIANS",8,114.536835,0.36949426,0.0035626828,0.09688896,0.017754387,0.5377875,0.09375458,0.86819667,3.521847E-4,0.09507299,0.0023410365,0.37206575,0.003918409
375316653866487564,740853374336932864,0.54207927,2282.5733536500256,4.190296710691373,1.4602369E-5,19.405651,0.047744192,0.2945213,0.0053504095,0.10669573,0.017844236,0.2562625,0.04659826,0.79062897,0.004319521,0.09876957,0.01637076,0.37478077,0.038932484,null,null,null,null,"TWOGAUSSIANS",8,0.96205395,0.79062897,0.004319521,0.4,0.0,0.34455675,0.030278785,0.2945213,0.0053504095,0.4,0.0,0.22603172,0.0253595
375316653866487564,741069020350542848,0.54668266,2251.4230757817627,1.2196121438509224,4.050899E-6,16.767906,0.0036748007,0.8476683,6.2019675E-4,0.021792674,8.781857E-4,0.55687135,0.03745611,null,null,null,null,null,null,null,null,null,null,"ONEGAUSSIAN",5,21.70997,0.8476683,6.2019675E-4,0.122038975,0.00491784,0.55687135,0.0,null,null,null,null,null,null
375316653866487564,741286242616494976,0.60051954,2251.867687649923,2.4425690536397013,1.8457482E-5,17.032682,0.008793103,0.28437656,0.003341287,0.058736656,0.0070426585,0.15713824,0.028176928,0.766199,0.017458698,0.045443773,0.01338063,0.11003031,0.065571584,0.083338864,0.0108491015,0.28437656,0.003341287,"TWOGAUSSIANS_WITH_ELLIPSOIDAL_ON_ECLIPSE1",9,6.162411,0.28437656,0.003341287,0.32892525,0.03943889,0.32379746,0.020981409,0.769789,0.016001893,0.25448513,0.074931525,0.27495039,0.06602644
375316653866487564,741497756870248960,0.6045672,2269.332626909254,1.5798158971120735,6.9707426E-6,10.276079,0.011226244,0.20055647,0.0015172267,0.1081283,0.00812492,0.12456612,0.0101675205,0.70260656,0.0040635164,0.11535372,0.014668928,0.10213583,0.008298005,null,null,null,null,"TWOGAUSSIANS",8,13.019172,0.20055647,0.0015126783,0.4,0.0,0.10659889,0.0017862555,0.70260656,0.0040668976,0.4,0.0,0.084157236,0.0054924223
375316653866487564,741535178921002624,0.5608955,2313.089362699623,2.9678857581300826,1.0551449E-5,16.921396,0.0048509743,0.32139438,0.0035502336,0.040564004,0.017918607,0.09303158,0.012712068,0.79035765,0.007088454,0.01607505,0.007923999,0.07799702,0.022488259,0.09883265,0.0060893595,0.32139438,0.0035502336,"TWOGAUSSIANS_WITH_ELLIPSOIDAL_ON_ECLIPSE1",9,10.107956,0.32139438,0.0035502336,0.22715843,0.100344196,0.29069662,0.010061902,0.7918576,0.007823337,0.090020284,0.04437439,0.2685931,0.022721963
375316653866487564,741685567200734208,0.58427846,2316.1111017856974,0.6482268257010907,5.078678E-6,10.093358,0.0019216056,0.20506436,0.0026540714,0.02912272,0.002411487,0.07278921,0.007635607,0.7055877,0.0021680011,0.02205367,0.0033588794,0.16310199,0.021542208,0.012302705,0.0043948744,0.20506436,0.0026540714,"TWOGAUSSIANS_WITH_ELLIPSOIDAL_ON_ECLIPSE1",9,34.806953,0.7055877,0.0021667918,0.12350055,0.018809725,0.18770711,0.028225962,0.20506436,0.0026540714,0.16308722,0.013504327,0.09739461,0.007089353
375316653866487564,741732128941168896,0.5847858,2319.7559839997884,4.553112987665727,1.4227123E-5,15.423328,0.016355045,0.29197454,0.0054408945,0.035612628,0.009126317,0.32594213,0.07584036,0.7853142,0.0075342986,0.049104854,0.006536857,0.21907182,0.04460355,0.14774972,0.027502632,0.29197454,0.0054408945,"TWOGAUSSIANS_WITH_ELLIPSOIDAL_ON_ECLIPSE1",9,230.40689,0.29197454,0.0054408945,0.1994307,0.051107373,0.62144125,0.06871387,0.7866742,0.005521443,0.2749872,0.036606397,0.5141593,0.01799716
375316653866487564,741837441539339392,0.5771654,2274.284352451612,0.22956680477904165,9.663405E-6,17.986322,0.0018181948,0.2394903,0.026691796,0.03860775,0.03176778,0.022896139,4.66401024E8,0.74348855,5.3169124E-6,0.026225252,8.104081E-5,0.56710553,0.0015627478,null,null,null,null,"TWOGAUSSIANS",8,2.2522752,0.74348855,5.3169124E-6,0.14686142,4.538285E-4,0.56710553,0.0015627478,0.2394903,0.026691796,0.2162034,0.17789958,0.022896139,4.66401024E8
375316653866487564,741864718876120832,0.5573663,2231.375563033582,2.983198600600568,1.4052513E-5,17.637016,0.0076944022,0.35707545,0.040600143,0.031292144,0.035778735,0.26547214,null,0.84852415,0.0018110551,0.022384737,0.002841794,0.3203141,0.020260278,0.019035574,0.01646409,0.35707545,0.040600143,"TWOGAUSSIANS_WITH_ELLIPSOIDAL_ON_ECLIPSE1",9,11.86884,0.84856415,0.0016690387,0.12535453,0.015914045,0.35827595,0.025288563,0.35707545,0.040600143,0.175236,0.20036091,0.30354327,null
375316653866487564,742016657639724800,0.4951601,2297.8303049818,3.404616982321454,5.2255356E-5,18.05037,0.0047896593,0.22610642,0.0043479623,0.040705822,0.010000711,0.34487987,0.38455173,0.74864984,0.01105232,0.026695935,0.012295608,0.38970846,2.1291518,null,null,null,null,"TWOGAUSSIANS",8,10.557594,0.74864984,0.01105232,0.14949724,0.068855405,0.38970846,2.1291518,0.22610642,0.0043479623,0.2279526,0.056003984,0.34487987,0.38455173
375316653866487564,742210034246662144,0.48975283,2290.775627227201,3.579573943871677,2.9731409E-5,18.333385,0.0035371964,0.08382897,0.0036751076,0.013532495,0.0038877863,0.09233583,0.21346326,0.465803,0.0025872635,0.025948862,0.002369871,0.36165288,0.03305167,null,null,null,null,"TWOGAUSSIANS",8,6.2081933,0.465803,0.0025872635,0.14531362,0.013271277,0.36165288,0.03305167,0.08382897,0.0036751076,0.07578197,0.021771602,0.09233583,0.21346326
375316653866487564,742431379681339392,0.4197828,2281.5698132400435,2.907287724370134,4.0558334E-5,18.186865,0.0056932904,0.45897132,0.023633838,0.122550845,0.023509663,0.06309267,0.00888539,0.620787,0.008631986,0.0076564043,0.019987393,0.6443238,3.4070797,null,null,null,null,"TWOGAUSSIANS",8,7.158764,0.620787,0.008631986,0.042875864,0.111929394,0.6706804,3.4051077,0.45897132,0.023633838,0.4,0.0,0.06306203,0.008865914
375316653866487564,742500064798521984,0.60787195,2304.1646420433553,1.9691800189390267,2.0635534E-4,16.003874,9.707338E-4,0.3682137,0.016558075,0.02149574,0.0030138423,2.7449815,4.7073264,0.63604254,0.053149175,0.09757351,0.032348488,0.0041472544,0.0015917006,null,null,null,null,"TWOGAUSSIANS",8,3.1000586,0.3682137,0.016558075,0.12037615,0.016877517,2.7450774,4.707321,0.63604254,0.053149175,0.4,0.0,0.0041472376,0.0015916848
375316653866487564,742534050874528768,0.5051908,2265.7031498523497,3.9941542943467594,4.7376125E-5,15.857534,0.006760011,0.38093638,0.004740573,0.07502654,0.0042408467,0.37559548,0.05407748,0.7622426,0.06431083,0.08213405,0.047909547,0.032985367,0.013456918,null,null,null,null,"TWOGAUSSIANS",8,51.039085,0.38093638,0.004740573,0.4,0.0,0.3755102,0.05410868,0.7622426,0.06431083,0.4,0.16633712,0.032900315,0.013514355
