Gaia/vari_eclipsing_binary/VariEclipsingBinary_666378-666393.csv
# %ECSV 1.0
# ---
# delimiter: ','
# meta: !!omap
# - RELEASE: Gaia DR3
# - TABLE: vari_eclipsing_binary
# - DESCRIPTION: >
#     This table describes the properties of the eclipsing binaries resulting from the variability analysis. 
# - CITATION: >
#     How to cite and acknowledge Gaia: 
#     https://gea.esac.esa.int/archive/documentation/credits.html 
# - KNOWN_ISSUES: >
#     Known issues: 
#     https://www.cosmos.esa.int/web/gaia-users/known-issues 
# - DOCUMENTATION: >
#     Tutorials and documentation: 
#     https://www.cosmos.esa.int/web/gaia-users/archive 
# datatype:
# - 
#   name: solution_id
#   datatype: int64
#   description: Solution Identifier
#   meta:
#     ucd: meta.version
# - 
#   name: source_id
#   datatype: int64
#   description: Unique source identifier
#   meta:
#     ucd: meta.id;meta.main
# - 
#   name: global_ranking
#   datatype: float32
#   description: Number between 0 (worst) and 1 (best)
#   meta:
#     ucd: stat.param
# - 
#   name: reference_time
#   datatype: float64
#   unit: d
#   description: Reference time used for the geometric model fit
#   meta:
#     ucd: time.epoch
# - 
#   name: frequency
#   datatype: float64
#   unit: d**-1
#   description: Frequency of geometric model of the eclipsing binary light curve
#   meta:
#     ucd: src.orbital
# - 
#   name: frequency_error
#   datatype: float32
#   unit: d**-1
#   description: "Uncertainty of \\texttt{frequency}"
#   meta:
#     ucd: stat.error
# - 
#   name: geom_model_reference_level
#   datatype: float32
#   unit: mag
#   description: Magnitude reference level of geometric model
#   meta:
#     ucd: phot.mag;em.opt
# - 
#   name: geom_model_reference_level_error
#   datatype: float32
#   unit: mag
#   description: "Uncertainty of \\texttt{geomModelReferenceLevel}"
#   meta:
#     ucd: stat.error;phot.mag;em.opt
# - 
#   name: geom_model_gaussian1_phase
#   datatype: float32
#   description: Phase of the Gaussian 1 component
#   meta:
#     ucd: time.phase
# - 
#   name: geom_model_gaussian1_phase_error
#   datatype: float32
#   description: "Uncertainty of \\texttt{geomModelGaussian1Phase}"
#   meta:
#     ucd: stat.error;time.phase
# - 
#   name: geom_model_gaussian1_sigma
#   datatype: float32
#   description: "Standard deviation [phase] of Gaussian 1 component"
#   meta:
#     ucd: stat.stdev
# - 
#   name: geom_model_gaussian1_sigma_error
#   datatype: float32
#   description: "Uncertainty of \\texttt{geomModelGaussian1Sigma}"
#   meta:
#     ucd: stat.error
# - 
#   name: geom_model_gaussian1_depth
#   datatype: float32
#   unit: mag
#   description: Magnitude depth of Gaussian 1 component
#   meta:
#     ucd: src.var.amplitude
# - 
#   name: geom_model_gaussian1_depth_error
#   datatype: float32
#   unit: mag
#   description: "Uncertainty of \\texttt{geomModelGaussian1Depth}"
#   meta:
#     ucd: stat.error;src.var.amplitude
# - 
#   name: geom_model_gaussian2_phase
#   datatype: float32
#   description: Phase of Gaussian 2 component
#   meta:
#     ucd: time.phase
# - 
#   name: geom_model_gaussian2_phase_error
#   datatype: float32
#   description: "Uncertainty of \\texttt{geomModelGaussian2Phase}"
#   meta:
#     ucd: stat.error;time.phase
# - 
#   name: geom_model_gaussian2_sigma
#   datatype: float32
[...]
#   datatype: float32
#   description: "Secondary eclipse: uncertainty of \\texttt{derivedSecondaryEclDuration}"
#   meta:
#     ucd: stat.error;time.duration
# - 
#   name: derived_secondary_ecl_depth
#   datatype: float32
#   unit: mag
#   description: "Secondary eclipse: depth"
#   meta:
#     ucd: src.var.amplitude
# - 
#   name: derived_secondary_ecl_depth_error
#   datatype: float32
#   unit: mag
#   description: "Secondary eclipse: uncertainty of \\texttt{derivedSecondaryEclDepth}"
#   meta:
#     ucd: stat.error;src.var.amplitude
solution_id,source_id,global_ranking,reference_time,frequency,frequency_error,geom_model_reference_level,geom_model_reference_level_error,geom_model_gaussian1_phase,geom_model_gaussian1_phase_error,geom_model_gaussian1_sigma,geom_model_gaussian1_sigma_error,geom_model_gaussian1_depth,geom_model_gaussian1_depth_error,geom_model_gaussian2_phase,geom_model_gaussian2_phase_error,geom_model_gaussian2_sigma,geom_model_gaussian2_sigma_error,geom_model_gaussian2_depth,geom_model_gaussian2_depth_error,geom_model_cosine_half_period_amplitude,geom_model_cosine_half_period_amplitude_error,geom_model_cosine_half_period_phase,geom_model_cosine_half_period_phase_error,model_type,num_model_parameters,reduced_chi2,derived_primary_ecl_phase,derived_primary_ecl_phase_error,derived_primary_ecl_duration,derived_primary_ecl_duration_error,derived_primary_ecl_depth,derived_primary_ecl_depth_error,derived_secondary_ecl_phase,derived_secondary_ecl_phase_error,derived_secondary_ecl_duration,derived_secondary_ecl_duration_error,derived_secondary_ecl_depth,derived_secondary_ecl_depth_error
[from data line 109]
375316653866487564,5861544183369207680,0.4420281,2191.9293954763107,3.044097604072096,2.1620559E-5,19.7417,0.13058187,0.25777635,0.009381697,0.09662241,0.038587976,0.31104752,0.11276956,0.75552744,0.013984118,0.10044616,0.04059265,0.32998887,0.12590453,null,null,null,null,"TWOGAUSSIANS",8,4.4263554,0.75552744,0.013991683,0.4,0.0,0.30507794,0.034632895,0.25777635,0.009390358,0.4,0.0,0.28613842,0.037515968
375316653866487564,5861544183369208576,0.6059199,2189.2594154866415,0.49653144838748503,1.2715574E-5,15.169056,0.0011190772,0.30899382,0.0011192025,0.022901261,0.001021619,0.1630431,0.004433992,0.8099288,0.0034948604,0.021166408,0.0025068575,0.38366276,0.1771512,0.006101235,0.0019028764,0.30899382,0.0011192025,"TWOGAUSSIANS_WITH_ELLIPSOIDAL_ON_ECLIPSE1",9,15.338884,0.8099288,0.0034948604,0.11853188,0.014038403,0.39586478,0.17766106,0.30899382,0.0011192025,0.12824707,0.005721066,0.17524557,0.0041274717
375316653866487564,5861544664376022144,0.54907,2172.0583082182584,2.834968484402113,9.199176E-6,19.499868,0.008963712,0.14990021,0.002469774,0.06182516,0.004710729,0.5106997,0.030965509,0.6513512,0.0037069921,0.06567641,0.0028487148,0.5500794,0.02023451,null,null,null,null,"TWOGAUSSIANS",8,1.8551517,0.6513512,0.0037069921,0.36778793,0.015952803,0.5496149,0.020121165,0.14990021,0.002469774,0.34622088,0.02638008,0.51023513,0.031119766
375316653866487564,5861544836174873472,0.53387654,2207.1543815038362,1.6169893814014498,2.1991234E-5,19.222795,0.0034336206,0.26379395,0.004791731,0.052083325,0.003695321,0.50897306,0.08462168,0.78290415,0.015561573,0.053612955,0.01000296,0.17664409,0.036181066,null,null,null,null,"TWOGAUSSIANS",8,1.1173102,0.26379395,0.004791731,0.29166663,0.020693798,0.5089696,0.08462373,0.78290415,0.015561573,0.30023256,0.056016576,0.17664066,0.036202636
375316653866487564,5861544973611311744,0.4305034,2175.617109150375,3.1015810662493393,9.012772E-6,18.273272,0.011623083,0.299485,0.003210785,0.07446308,0.0042781415,0.4534563,0.021133034,0.8075288,0.0042542377,0.07722151,0.0056809355,0.36713836,0.016104266,null,null,null,null,"TWOGAUSSIANS",8,6.1770716,0.299485,0.003210785,0.4,0.0,0.4504739,0.021180639,0.8075288,0.0042542377,0.4,0.0,0.36415595,0.015954398
375316653866487564,5861545007971172608,0.5161842,2185.2476501204915,4.626316252229076,1.6769904E-5,18.12573,0.0012643776,0.28284723,6.958937E-4,0.009710322,0.0012490149,0.013455004,0.001312505,0.62481153,3.0101885E-4,0.007447773,0.0010099394,0.44819182,0.23860992,null,null,null,null,"TWOGAUSSIANS",8,0.99005723,0.62481153,3.0101885E-4,0.04170753,0.0056556603,0.44819182,0.23860992,0.28284723,6.958937E-4,0.054377805,0.0069944835,0.013455004,0.001312505
375316653866487564,5861545385959963008,0.48406258,2160.2662596940404,2.0655181666975473,1.1424723E-5,19.08046,0.02969383,0.24743468,0.005827308,0.11094944,0.018319087,0.21993238,0.02452621,0.73810285,0.005493291,0.09919802,0.016742008,0.27371827,0.031420577,null,null,null,null,"TWOGAUSSIANS",8,2.8901284,0.73810285,0.005493291,0.4,0.0,0.24799097,0.03538595,0.24743468,0.005828336,0.4,0.0,0.19418862,0.014261945
375316653866487564,5861545489039462528,0.5638635,2171.381795094672,1.617227357524812,5.291178E-6,17.125534,0.0010374475,0.28063416,0.0017114511,0.03324532,0.0052588335,0.023012241,0.010726098,null,null,null,null,null,null,0.06126643,0.001523046,0.28063416,0.0017114511,"ONEGAUSSIAN_WITH_ELLIPSOIDAL",6,2.1851408,0.28063416,0.0017114511,0.1861738,0.029449468,0.14554505,0.010723527,null,null,null,null,null,null
375316653866487564,5861545832605682048,0.54672956,2211.580794334925,0.3132432538086042,6.2247695E-6,18.29787,0.005321262,0.15767203,0.026939558,0.017589398,0.008969352,0.21859106,0.50431216,0.61836153,0.0011331945,0.016356071,0.0014569917,0.62922585,0.033163827,0.016992949,0.010613714,0.15767203,0.026939558,"TWOGAUSSIANS_WITH_ELLIPSOIDAL_ON_ECLIPSE1",9,8.295021,0.6184015,0.0011266595,0.091593996,0.008159153,0.6611823,0.03765995,0.15767203,0.026939558,0.098500624,0.05022837,0.2525769,0.5132271
375316653866487564,5861546210593739776,0.5943323,2184.305453711318,2.1315403253730953,5.448168E-6,15.777319,0.003931837,0.2511213,0.0020357494,0.08585714,0.00260353,0.15030709,0.004408686,0.74267375,0.0019627209,0.08725289,0.0029125195,0.21176931,0.0039342013,null,null,null,null,"TWOGAUSSIANS",8,11.326026,0.74267375,0.0019627209,0.4,0.0,0.20699368,0.0033301462,0.2511213,0.0020357494,0.4,0.0,0.14553148,0.0036304707
375316653866487564,5861546348032658176,0.6007463,2179.3159442225174,0.8963801226120516,5.059511E-6,17.265583,0.015751973,0.29219785,0.0019682497,0.098202184,0.004526268,0.40657586,0.014981677,0.7827055,0.0019372825,0.09532567,0.003230046,0.44165203,0.017363777,null,null,null,null,"TWOGAUSSIANS",8,7.583043,0.7827055,0.0019372825,0.4,0.0,0.41518813,0.011769839,0.29219785,0.0019682497,0.4,0.0,0.3801109,0.009046188
375316653866487564,5861546588519927936,0.4878291,2154.460029053546,3.71815922713383,1.5040487E-5,19.697844,0.010283076,0.2390764,0.006576873,0.08142348,0.0077466643,0.29378864,0.02308223,0.73714507,0.0032330311,0.06833383,0.0043663466,0.3533884,0.024449825,null,null,null,null,"TWOGAUSSIANS",8,2.3322546,0.73714507,0.0032330311,0.38266942,0.02445154,0.35107586,0.024496177,0.2390764,0.006576873,0.4,0.0,0.2914761,0.023382012
375316653866487564,5861546829038327296,0.58668673,2214.232034859621,0.7177342813809922,3.7134068E-6,17.103209,0.0029757975,0.19982985,0.004511002,0.026150553,0.0029958787,0.3717341,0.024088481,0.7013069,0.0028191826,0.025533851,0.0019773594,0.37754908,0.016604073,0.009125964,0.00576551,0.19982985,0.004511002,"TWOGAUSSIANS_WITH_ELLIPSOIDAL_ON_ECLIPSE1",9,9.070389,0.7013069,0.0028191826,0.14298956,0.011073212,0.39579943,0.016302595,0.19982985,0.004511002,0.1464431,0.016776921,0.389986,0.020109933
375316653866487564,5861547069556360192,0.5121631,2171.9264024805216,2.8852706950709095,1.3998561E-5,19.13392,0.045528416,0.2363852,0.0046716654,0.10309916,0.014227043,0.45116478,0.038690504,0.7284779,0.00478778,0.10273822,0.013134353,0.45984718,0.04073918,null,null,null,null,"TWOGAUSSIANS",8,4.4743037,0.7284779,0.00478778,0.4,0.0,0.4164658,0.031221235,0.2363852,0.0046792314,0.4,0.0,0.40778294,0.013361208
375316653866487564,5861547688033092352,0.47164536,2189.204417298328,4.013154835381962,2.720446E-5,19.469172,0.038219534,0.26513067,0.007855592,0.099927254,0.01798809,0.25610918,0.03779315,0.7574941,0.008549137,0.105226666,0.020367501,0.21938677,0.035077665,null,null,null,null,"TWOGAUSSIANS",8,2.5964837,0.26513067,0.007849734,0.4,0.0,0.23399149,0.01771496,0.7574941,0.008549137,0.4,0.0,0.19726528,0.019604646
375316653866487564,5861547821126318464,0.6752518,2216.788890567326,1.656226794693931,5.610654E-6,16.657604,0.0037505298,0.20463209,0.0014901061,0.053387564,0.005907223,0.051721077,0.009825402,0.6998119,0.001269049,0.046095945,0.0014418954,0.50516003,0.021183824,0.07747036,0.0048088953,0.20463209,0.0014901061,"TWOGAUSSIANS_WITH_ELLIPSOIDAL_ON_ECLIPSE1",9,3.992069,0.7000519,0.0012091146,0.2581373,0.008074614,0.65996414,0.021491598,0.20463209,0.0014901061,0.29897034,0.033080447,0.20666033,0.004659115
375316653866487564,5861547825472162688,0.50238687,2211.468552706595,3.0036411845046422,1.10868505E-5,19.298223,0.03946969,0.189572,0.00751991,0.1069748,0.018077008,0.3033028,0.03523589,0.69547737,0.004474943,0.0906219,0.009728227,0.36215878,0.04173968,null,null,null,null,"TWOGAUSSIANS",8,3.0401335,0.69547737,0.0044734385,0.4,0.0,0.33749875,0.02625371,0.189572,0.00751991,0.4,0.0,0.27863166,0.018961783
375316653866487564,5861547889878906496,0.5108096,2196.347891032916,2.7664263824779187,2.0398384E-5,18.612593,0.010139061,0.22557867,0.008005951,0.07393327,0.008918452,0.19198397,0.011825975,0.738487,0.010293244,0.08332791,0.015751664,0.26123366,0.018991383,null,null,null,null,"TWOGAUSSIANS",8,4.2605596,0.738487,0.010293244,0.4,0.0,0.25902396,0.021260038,0.22557867,0.008005951,0.4,0.0,0.18977429,0.009506998
375316653866487564,5861547928551335552,0.5125324,2200.794167179414,2.4475921032373003,1.5664593E-5,18.957836,0.020575862,0.19787288,0.0039410875,0.09846817,0.0077127507,0.30768737,0.020419467,0.6971943,0.005978895,0.10202394,0.012600384,0.28921083,0.022635993,null,null,null,null,"TWOGAUSSIANS",8,2.7387135,0.19787288,0.0039410875,0.4,0.0,0.28132072,0.009251183,0.6971943,0.005978895,0.4,0.0,0.2628422,0.026306212
375316653866487564,5861548065990385536,0.5611174,2233.4571258058772,0.6045595108780547,2.77313E-5,19.232729,0.006062481,0.20170876,0.007012567,0.032214615,0.005710519,0.109289974,0.027776306,0.70094043,0.004804572,0.031809065,0.004413219,0.95144695,0.11088512,null,null,null,null,"TWOGAUSSIANS",8,3.682773,0.70094043,0.004804572,0.17813076,0.024714028,0.95144695,0.11088512,0.20170876,0.007012567,0.18040185,0.031978905,0.109289974,0.027776306
375316653866487564,5861548134739516032,0.4732316,2192.4292099042864,2.3744157502991814,6.5366185E-5,16.800966,0.010105028,0.25829405,0.013502953,0.07221669,0.016097758,0.114784166,0.0134015605,0.7584745,0.006156022,0.09054877,0.011408243,0.111395635,0.010257016,null,null,null,null,"TWOGAUSSIANS",8,27.025879,0.25829405,0.013502953,0.4,0.038530655,0.1127892,0.012841695,0.7584745,0.006156022,0.4,0.0,0.109400615,0.008721253
375316653866487564,5861548547025614592,0.5209057,2190.278221608975,2.4855125353414405,1.2925893E-5,18.53657,0.01044651,0.22317304,0.0055167563,0.06774563,0.0056101205,0.29711097,0.01156555,0.72878903,0.004165291,0.071325466,0.0049623144,0.34839836,0.015376024,null,null,null,null,"TWOGAUSSIANS",8,7.1371207,0.72878903,0.004165291,0.3994226,0.016418332,0.34752947,0.01530725,0.22317304,0.0055167563,0.37937555,0.029695133,0.2962421,0.0111387735
375316653866487564,5861548650104879744,0.44978812,2187.003407315849,1.5588204712165186,3.823328E-5,19.874012,0.03495969,0.17468803,0.012701203,0.09583537,0.033166353,0.30311802,0.5911443,0.6821544,0.0056871735,0.070693694,0.009276955,0.59916735,0.06021793,null,null,null,null,"TWOGAUSSIANS",8,5.773474,0.6821544,0.0056871735,0.3958847,0.034739558,0.5915689,0.06087261,0.17468803,0.012701203,0.4,0.021681132,0.29551882,0.59742415
375316653866487564,5861548753214797568,0.63191396,2184.6510413360406,2.145395410758022,5.413789E-6,15.915685,0.011873657,0.26495835,0.0016445087,0.054336123,0.011207011,0.09487149,0.022797046,0.76100117,0.0086752325,0.06705851,0.017946342,0.07906031,0.02350563,0.0989492,0.013141529,0.26495835,0.0016445087,"TWOGAUSSIANS_WITH_ELLIPSOIDAL_ON_ECLIPSE1",9,10.069897,0.26495835,0.0016445087,0.30428228,0.06275926,0.2927069,0.009767606,0.7628612,0.0053243153,0.37552768,0.083014995,0.27683094,0.0050771707
375316653866487564,5861549165531680640,0.54637367,2192.9819239576304,0.7806083904585117,2.6622887E-5,17.301905,0.0025396338,0.30204412,0.011206017,0.04812418,0.00628944,0.31698096,0.023953075,0.8151379,0.0059885164,0.0427592,0.0056977454,0.046101667,0.005269568,null,null,null,null,"TWOGAUSSIANS",8,6.98552,0.30204412,0.011206017,0.2694954,0.035220865,0.31698093,0.023952702,0.8151379,0.0059885164,0.2394515,0.031907372,0.046101637,0.0052694976
375316653866487564,5861549367339285504,0.58075094,2190.951956406982,3.2252771136615404,1.0865094E-5,19.937347,0.013566705,0.3109223,0.0022300899,0.040473897,0.0032168997,0.52288425,0.07785585,0.82095075,0.019560732,0.04266946,0.011981761,0.7153765,0.14729793,0.12581417,0.018938156,0.3109223,0.0022300899,"TWOGAUSSIANS_WITH_ELLIPSOIDAL_ON_ECLIPSE1",9,1.4747384,0.82095075,0.019254705,0.23894899,0.067097865,0.9660068,0.13922477,0.3109223,0.0022300899,0.22665383,0.01801464,0.7745123,0.07473032
375316653866487564,5861549401674094464,0.5203783,2174.087252216859,2.4223215589303875,1.25499555E-5,17.067472,0.015907628,0.21824251,0.0042809867,0.0979003,0.0102566285,0.151628,0.015884133,0.7092703,0.0052813324,0.1120717,0.016929341,0.13650937,0.01272038,null,null,null,null,"TWOGAUSSIANS",8,6.0172577,0.21825251,0.0042708614,0.4,0.0,0.13650852,0.006070874,0.7092703,0.0052813324,0.4,0.0,0.121376835,0.009380831
375316653866487564,5861549612180683264,0.51225024,2183.138814819361,2.7464511120253032,1.3301047E-5,19.604565,0.011983529,0.27155113,0.010426561,0.07345468,0.013950703,0.4546468,0.090030946,0.7638948,0.0039933864,0.07573485,0.0048029046,0.37503806,0.0149263935,null,null,null,null,"TWOGAUSSIANS",8,3.0668998,0.27155113,0.010426561,0.4,0.034886207,0.45212528,0.0935021,0.7638948,0.0039933864,0.4,0.0,0.37251654,0.013135231
375316653866487564,5861549882716122880,0.54316527,2197.62718654585,2.0514070742508705,9.27147E-6,18.053288,0.0065215304,0.27906445,0.0043217638,0.07615461,0.0045631365,0.1846615,0.0096615795,0.77817684,0.0029353716,0.084444106,0.005971519,0.22839244,0.008475977,null,null,null,null,"TWOGAUSSIANS",8,3.0520113,0.77817684,0.0029353716,0.4,0.0,0.22520813,0.008614053,0.27906445,0.0043217638,0.4,0.0,0.1814772,0.009195742
375316653866487564,5861550054536895360,0.59595776,2230.8874064973456,3.238332230451277,7.4301224E-6,18.405474,0.0076310686,0.27515575,0.0011429809,0.043631095,0.00307745,0.35285574,0.026612232,0.7730021,0.0025513733,0.050356362,0.002020096,0.47052342,0.02563928,0.13231191,0.011511591,0.27515575,0.0011429809,"TWOGAUSSIANS_WITH_ELLIPSOIDAL_ON_ECLIPSE1",9,4.3037124,0.7732221,0.0022862179,0.28199562,0.011312538,0.73510176,0.016365478,0.27515575,0.0011429809,0.24433415,0.01723372,0.61747766,0.026954107
375316653866487564,5861550299375985792,0.5694026,2214.299005625223,1.329608242295207,6.2729227E-6,18.520847,0.012750863,0.2963842,0.0022383905,0.0881155,0.005642988,0.29495028,0.01134527,0.7877023,0.003297745,0.08689781,0.006184258,0.2393293,0.01672673,null,null,null,null,"TWOGAUSSIANS",8,3.1542397,0.2963842,0.0022383905,0.4,0.0,0.28717017,0.0090077715,0.7877023,0.003297745,0.4,0.0,0.23154922,0.015199836
375316653866487564,5861550638626093440,0.45160455,2219.691974977702,1.6073016891326186,3.9000483E-5,18.961294,0.022215199,0.260129,0.10476608,0.12496566,0.12080008,0.032601126,0.017881082,0.70713884,0.011411528,0.061472297,0.013116295,0.4225036,0.028395878,null,null,null,null,"TWOGAUSSIANS",8,3.8159616,0.70713884,0.011411528,0.34424487,0.07345125,0.42101917,0.027330937,0.260129,0.10476608,0.4,0.0,0.031060593,0.014937105
375316653866487564,5861550711720417408,0.5315761,2208.3812522701874,1.1853803804808023,1.8291885E-5,17.071953,0.005016677,0.16437581,0.021651445,0.03079366,0.011656563,0.022485096,0.09664792,0.6702549,0.0074878726,0.0382314,0.009472636,0.15389366,0.011554616,0.011117522,0.0067998283,0.16437581,0.021651445,"TWOGAUSSIANS_WITH_ELLIPSOIDAL_ON_ECLIPSE1",9,10.434878,0.6702549,0.0074794795,0.21409583,0.05304676,0.17609839,0.008953567,0.16437581,0.021651445,0.1724445,0.06527675,0.044720136,0.09395412
375316653866487564,5861550741743419136,0.5394302,2182.380108078167,2.5914371130537193,1.2701891E-5,18.467533,0.0106688645,0.24250263,0.0026832162,0.081528336,0.004236925,0.36650425,0.014390756,0.7576365,0.0065342886,0.08144924,0.004966508,0.33040163,0.01758391,null,null,null,null,"TWOGAUSSIANS",8,3.9903238,0.24250263,0.0026832162,0.4,0.0,0.36179286,0.014092622,0.7576365,0.0065342886,0.4,0.0,0.32569024,0.016420303
375316653866487564,5861550844822579328,0.44802874,2186.529324719495,0.28469427964182537,4.2410615E-5,19.347643,0.025206182,0.20297807,0.042122755,0.07125025,0.032038853,0.21153264,0.067128845,0.61670846,0.018170899,0.09877475,0.023687221,0.23523867,0.02577204,null,null,null,null,"TWOGAUSSIANS",8,5.7299848,0.61670846,0.018170899,0.4,0.0,0.23407583,0.023530096,0.20301807,0.042187326,0.3990014,0.069711804,0.21040629,0.06740946
