Gaia/vari_eclipsing_binary/VariEclipsingBinary_679327-679428.csv
# %ECSV 1.0
# ---
# delimiter: ','
# meta: !!omap
# - RELEASE: Gaia DR3
# - TABLE: vari_eclipsing_binary
# - DESCRIPTION: >
#     This table describes the properties of the eclipsing binaries resulting from the variability analysis. 
# - CITATION: >
#     How to cite and acknowledge Gaia: 
#     https://gea.esac.esa.int/archive/documentation/credits.html 
# - KNOWN_ISSUES: >
#     Known issues: 
#     https://www.cosmos.esa.int/web/gaia-users/known-issues 
# - DOCUMENTATION: >
#     Tutorials and documentation: 
#     https://www.cosmos.esa.int/web/gaia-users/archive 
# datatype:
# - 
#   name: solution_id
#   datatype: int64
#   description: Solution Identifier
#   meta:
#     ucd: meta.version
# - 
#   name: source_id
#   datatype: int64
#   description: Unique source identifier
#   meta:
#     ucd: meta.id;meta.main
# - 
#   name: global_ranking
#   datatype: float32
#   description: Number between 0 (worst) and 1 (best)
#   meta:
#     ucd: stat.param
# - 
#   name: reference_time
#   datatype: float64
#   unit: d
#   description: Reference time used for the geometric model fit
#   meta:
#     ucd: time.epoch
# - 
#   name: frequency
#   datatype: float64
#   unit: d**-1
#   description: Frequency of geometric model of the eclipsing binary light curve
#   meta:
#     ucd: src.orbital
# - 
#   name: frequency_error
#   datatype: float32
#   unit: d**-1
#   description: "Uncertainty of \\texttt{frequency}"
#   meta:
#     ucd: stat.error
# - 
#   name: geom_model_reference_level
#   datatype: float32
#   unit: mag
#   description: Magnitude reference level of geometric model
#   meta:
#     ucd: phot.mag;em.opt
# - 
#   name: geom_model_reference_level_error
#   datatype: float32
#   unit: mag
#   description: "Uncertainty of \\texttt{geomModelReferenceLevel}"
#   meta:
#     ucd: stat.error;phot.mag;em.opt
# - 
#   name: geom_model_gaussian1_phase
#   datatype: float32
#   description: Phase of the Gaussian 1 component
#   meta:
#     ucd: time.phase
# - 
#   name: geom_model_gaussian1_phase_error
#   datatype: float32
#   description: "Uncertainty of \\texttt{geomModelGaussian1Phase}"
#   meta:
#     ucd: stat.error;time.phase
# - 
#   name: geom_model_gaussian1_sigma
#   datatype: float32
#   description: "Standard deviation [phase] of Gaussian 1 component"
#   meta:
#     ucd: stat.stdev
# - 
#   name: geom_model_gaussian1_sigma_error
#   datatype: float32
#   description: "Uncertainty of \\texttt{geomModelGaussian1Sigma}"
#   meta:
#     ucd: stat.error
# - 
#   name: geom_model_gaussian1_depth
#   datatype: float32
#   unit: mag
#   description: Magnitude depth of Gaussian 1 component
#   meta:
#     ucd: src.var.amplitude
# - 
#   name: geom_model_gaussian1_depth_error
#   datatype: float32
#   unit: mag
#   description: "Uncertainty of \\texttt{geomModelGaussian1Depth}"
#   meta:
#     ucd: stat.error;src.var.amplitude
# - 
#   name: geom_model_gaussian2_phase
#   datatype: float32
#   description: Phase of Gaussian 2 component
#   meta:
#     ucd: time.phase
# - 
#   name: geom_model_gaussian2_phase_error
#   datatype: float32
#   description: "Uncertainty of \\texttt{geomModelGaussian2Phase}"
#   meta:
#     ucd: stat.error;time.phase
# - 
#   name: geom_model_gaussian2_sigma
#   datatype: float32
[...]
#   datatype: float32
#   description: "Secondary eclipse: uncertainty of \\texttt{derivedSecondaryEclDuration}"
#   meta:
#     ucd: stat.error;time.duration
# - 
#   name: derived_secondary_ecl_depth
#   datatype: float32
#   unit: mag
#   description: "Secondary eclipse: depth"
#   meta:
#     ucd: src.var.amplitude
# - 
#   name: derived_secondary_ecl_depth_error
#   datatype: float32
#   unit: mag
#   description: "Secondary eclipse: uncertainty of \\texttt{derivedSecondaryEclDepth}"
#   meta:
#     ucd: stat.error;src.var.amplitude
solution_id,source_id,global_ranking,reference_time,frequency,frequency_error,geom_model_reference_level,geom_model_reference_level_error,geom_model_gaussian1_phase,geom_model_gaussian1_phase_error,geom_model_gaussian1_sigma,geom_model_gaussian1_sigma_error,geom_model_gaussian1_depth,geom_model_gaussian1_depth_error,geom_model_gaussian2_phase,geom_model_gaussian2_phase_error,geom_model_gaussian2_sigma,geom_model_gaussian2_sigma_error,geom_model_gaussian2_depth,geom_model_gaussian2_depth_error,geom_model_cosine_half_period_amplitude,geom_model_cosine_half_period_amplitude_error,geom_model_cosine_half_period_phase,geom_model_cosine_half_period_phase_error,model_type,num_model_parameters,reduced_chi2,derived_primary_ecl_phase,derived_primary_ecl_phase_error,derived_primary_ecl_duration,derived_primary_ecl_duration_error,derived_primary_ecl_depth,derived_primary_ecl_depth_error,derived_secondary_ecl_phase,derived_secondary_ecl_phase_error,derived_secondary_ecl_duration,derived_secondary_ecl_duration_error,derived_secondary_ecl_depth,derived_secondary_ecl_depth_error
375316653866487564,5975425859618423552,0.5938104,2217.0188554566876,2.5556123755433506,9.32065E-6,14.25542,0.023329819,0.26099017,0.0032732384,0.058527842,0.006786341,0.50592095,0.066601686,0.76682353,0.0030556268,0.045771804,0.011849292,0.4903372,0.35542434,0.09116244,0.028055813,0.76682353,0.0030556268,"TWOGAUSSIANS_WITH_ELLIPSOIDAL_ON_ECLIPSE2",9,418.9088,0.26151016,0.0028852755,0.32775593,0.038003508,0.6879852,0.07289408,0.76682353,0.0030556268,0.25632212,0.06635603,0.67262447,0.36008435
375316653866487564,5975428982067492992,0.5258826,2270.6457104583214,1.6752953286622791,2.1915774E-5,19.473864,0.012111519,0.24695155,0.010960829,0.06667976,0.009500385,0.3026828,0.053858634,0.73807245,0.0022355781,0.07472755,0.005433233,0.47878164,0.022864396,null,null,null,null,"TWOGAUSSIANS",8,2.0644042,0.73807245,0.0022355781,0.4,0.0,0.47759607,0.023338305,0.24695155,0.010960829,0.37340668,0.049390234,0.30149722,0.054258928
375316653866487564,5975430631325085440,0.64351624,2217.4980342169797,0.5722556892620362,3.523961E-5,13.532275,0.0033129405,0.22364454,0.002831185,0.038868085,0.0014040922,0.5826634,0.008310029,0.7112501,0.015888846,0.051057827,0.008661519,0.37821397,0.21212609,null,null,null,null,"TWOGAUSSIANS",8,125.59751,0.22364454,0.002831185,0.21766128,0.007862916,0.5826633,0.008309918,0.7112501,0.015888846,0.2859238,0.048504505,0.37821388,0.2121262
375316653866487564,5975432697210411264,0.5576913,2211.076551086933,2.2327799724494546,2.1171369E-5,16.27669,0.115718305,0.24067055,0.007791518,0.11175328,0.03759325,0.20101923,0.10436011,0.727264,0.008388131,0.13064818,0.04107581,0.17809255,0.11448797,null,null,null,null,"TWOGAUSSIANS",8,10.806978,0.24083054,0.007413055,0.4,0.0,0.16152371,0.009915646,0.727264,0.008388131,0.4,0.0,0.13836533,0.007224963
375316653866487564,5975433173946387328,0.5604512,2216.0417589180433,2.3465451104546284,1.1090956E-5,19.861448,0.013033572,0.32950374,0.0019394811,0.023538083,0.0024500021,2.0857646,1.4064456,0.8055957,0.024525471,0.054869417,0.05199952,0.24218048,0.117732994,null,null,null,null,"TWOGAUSSIANS",8,1.0591216,0.32950374,0.0019394811,0.13181327,0.013720011,2.0857646,1.4064488,0.8055957,0.024525471,0.30726874,0.09055729,0.24218048,0.11779111
375316653866487564,5975436644278596224,0.74104637,2225.4139240089626,0.36760884395653254,1.0844079E-6,15.039215,7.059437E-4,0.19213589,0.0070701498,0.009762023,0.009673345,0.02384131,0.019273754,0.6284858,5.952907E-6,0.020715557,4.915057E-5,0.5539496,1.530971E-4,null,null,null,null,"TWOGAUSSIANS",8,3.9377553,0.6284858,5.952907E-6,0.11600712,2.752432E-4,0.5539496,1.530971E-4,0.19213589,0.0070701498,0.054667324,0.05417073,0.02384131,0.019273754
375316653866487564,5975442627174820480,0.5593367,2239.567481305538,1.5712895693707327,1.6877199E-5,14.548766,0.009504206,0.25506723,0.00971048,0.0544012,0.006368254,0.16293888,0.016260521,0.75063795,0.014624837,0.053096604,0.009917548,0.4971474,0.1333551,null,null,null,null,"TWOGAUSSIANS",8,204.41824,0.75063795,0.014624837,0.29734096,0.055538267,0.49713814,0.13336354,0.25506723,0.00971048,0.30464673,0.035662223,0.1629296,0.016243452
375316653866487564,5975443761046178944,0.6190849,2265.6736125515486,3.7423523656373403,1.6389024E-5,18.558353,0.010998682,0.23813345,0.00226493,0.08358828,0.0040463787,0.41339114,0.011497015,0.7408689,0.010591807,0.09264374,0.009483075,0.39413187,0.017439576,null,null,null,null,"TWOGAUSSIANS",8,1.5757232,0.23813345,0.00226493,0.4,0.0,0.39963034,0.0095235,0.7408689,0.010591807,0.4,0.0,0.3803707,0.015722398
375316653866487564,5975444959335395584,0.51131725,2313.5293707229152,1.5286931732277045,1.1049232E-4,19.026403,0.007144947,0.26353136,0.005930249,0.046632536,0.0044304505,0.35463768,0.013840583,0.8993766,0.0042614294,0.022654286,0.007321191,0.10476442,0.026059512,null,null,null,null,"TWOGAUSSIANS",8,2.0727038,0.26353136,0.005930249,0.2611422,0.024810523,0.35463768,0.013840583,0.8993766,0.0042614294,0.126864,0.04099867,0.10476442,0.026059512
375316653866487564,5975445135436118016,0.6568061,2274.5701005753867,0.5406479179820168,4.850787E-5,14.25084,0.0042066085,0.22922763,0.008760442,0.026270218,0.003977542,1.1665154,0.24321103,0.7311949,0.010836892,0.06876975,0.027111268,0.19133049,0.123391375,null,null,null,null,"TWOGAUSSIANS",8,97.55862,0.22922763,0.008760442,0.14711322,0.022274233,1.1665148,0.24321115,0.7311949,0.010836892,0.38511062,0.03650947,0.19133,0.12342437
375316653866487564,5975471214478296064,0.5455527,2248.3847400258687,0.6394421241515467,1.13435606E-4,13.216072,0.013131231,0.25714147,0.041827157,0.027742185,0.02636211,0.891651,0.8915969,0.706485,0.023559678,0.1066719,0.06990312,0.06655077,0.057813212,null,null,null,null,"TWOGAUSSIANS",8,432.4373,0.25714147,0.041837968,0.15535623,0.14762782,0.8916204,0.8932134,0.706485,0.023559678,0.4,0.0,0.06651073,0.058720183
375316653866487564,5975472893803004672,0.46337116,2295.051215168175,0.19437386459750727,4.103794E-5,17.718954,0.0039424864,0.3076745,0.023184413,0.08149266,0.019317755,0.06000173,0.010326579,0.7191473,0.007482764,0.03895931,0.012052798,0.08055589,0.019671304,null,null,null,null,"TWOGAUSSIANS",8,3.5432174,0.7191473,0.007482764,0.21817212,0.06749567,0.08055527,0.019672744,0.3076745,0.023184413,0.4,0.012313868,0.060000923,0.010326523
375316653866487564,5975474027674472832,0.53419197,2337.0805215812575,3.81120858638678,2.080246E-5,18.638887,0.027502766,0.30829322,0.003853172,0.09358288,0.012532395,0.3629517,0.024345895,0.7939183,0.0043187886,0.09402437,0.010205883,0.3448831,0.025710855,null,null,null,null,"TWOGAUSSIANS",8,3.299692,0.30829322,0.003853172,0.4,0.0,0.34645504,0.027389308,0.7939183,0.0043187886,0.4,0.0,0.32838643,0.018416777
375316653866487564,5975475711299868416,0.6713172,2251.4202396808414,0.5777700600565996,7.625249E-6,13.190241,0.0011189405,0.23225223,7.351941E-4,0.030577652,0.0011091307,0.14087749,0.0022927232,0.74727404,0.0022224346,0.035893194,0.0054950584,0.047120865,0.00987405,0.024656886,0.0013725347,0.74727404,0.0022224346,"TWOGAUSSIANS_WITH_ELLIPSOIDAL_ON_ECLIPSE2",9,11.34445,0.23263222,7.1298797E-4,0.17123485,0.006211132,0.18976408,0.0027524442,0.74727404,0.0022224346,0.2010019,0.030772327,0.09643454,0.009562085
375316653866487564,5975476535933556608,0.6016563,2265.390742677129,1.0493908526316433,7.876807E-5,16.682196,0.0077043613,0.15756127,0.009832736,0.026436698,0.005680013,0.6587851,0.043962058,0.82086515,0.0040051877,0.038882203,0.0028457523,0.31507248,0.019425223,null,null,null,null,"TWOGAUSSIANS",8,37.403236,0.15756127,0.009832736,0.14804551,0.031808075,0.6587851,0.043962058,0.82086515,0.0040051877,0.21774034,0.015936213,0.31507248,0.019425223
375316653866487564,5975476982617084544,0.46026912,2286.8429081492827,0.5259727386359538,2.3910552E-5,19.00427,0.014199118,0.15069526,0.005476085,0.038234048,0.004052674,0.39940572,0.0776538,0.46172777,0.02599496,0.03509102,0.024517313,0.13135938,0.38921726,null,null,null,null,"TWOGAUSSIANS",8,3.428343,0.15069526,0.005476085,0.21411067,0.022694973,0.39940572,0.0776538,0.46172777,0.02599496,0.19650972,0.13729694,0.13135938,0.38921726
375316653866487564,5975477326214435456,0.52336156,2240.9548937322666,0.9587628803173293,1.6832635E-5,16.149117,0.005599688,0.20215306,0.021947915,0.04005171,0.023134928,0.2757639,0.16169019,0.72471654,0.010301475,0.06482941,0.015737621,0.07507667,0.047828633,null,null,null,null,"TWOGAUSSIANS",8,13.643956,0.20215306,0.021947915,0.22428958,0.1295556,0.27576295,0.16182575,0.72471654,0.010301475,0.36304468,0.08533804,0.07507571,0.04784884
375316653866487564,5975480732126000384,0.5912308,2254.032767235994,1.2247986018274348,2.7616445E-5,15.117148,0.0036684235,0.1851374,0.17054777,0.032905806,0.05603028,0.22159368,20.469446,0.694008,0.0021465488,0.035107832,0.0029074657,0.24329777,0.018298645,0.019417565,0.006928278,0.694008,0.0021465488,"TWOGAUSSIANS_WITH_ELLIPSOIDAL_ON_ECLIPSE2",9,24.095253,0.694008,0.0021465488,0.19660385,0.016281808,0.2821329,0.020792276,0.1852674,0.09630779,0.18427251,0.23441671,0.26031005,20.468807
375316653866487564,5975482347033069056,0.48072353,2242.457521556371,2.8406454097409575,2.9563396E-5,14.082865,0.012627445,0.15496263,0.006079993,0.095489845,0.015781429,0.10507113,0.01220791,0.66791457,0.008398364,0.08749073,0.018180642,0.09105859,0.012796989,null,null,null,null,"TWOGAUSSIANS",8,138.4649,0.15496263,0.006079993,0.4,0.0,0.10121727,0.010292518,0.66791457,0.008398364,0.4,0.0,0.087205,0.011306702
375316653866487564,5975486981300456576,0.4741728,2309.4519220562247,2.6528479780157412,4.4280223E-5,19.749786,0.06501092,0.3461647,0.0121494485,0.095423974,0.03291963,0.2441822,0.06155396,0.8710228,0.01107392,0.08128214,0.025039984,0.28636283,0.08349338,null,null,null,null,"TWOGAUSSIANS",8,1.665577,0.8710228,0.011077164,0.4,0.010970396,0.28001386,0.08023966,0.3461647,0.0121494485,0.4,0.0,0.2378322,0.043093182
375316653866487564,5975487088676718208,0.6601027,2242.1328062338857,0.1179645578152048,9.267832E-5,16.454466,0.0012213533,0.22405268,3.4854859E-6,0.029677965,6.294028E-5,5.616366,0.05403284,0.60464764,0.15486096,0.10202602,0.094569564,0.005824325,0.032489456,null,null,null,null,"TWOGAUSSIANS",8,2.3575296,0.22405268,3.4854859E-6,0.1661966,3.5246555E-4,5.616371,0.054023594,0.60464764,0.15486096,0.4,0.2947284,0.005823736,0.032490835
375316653866487564,5975498285648216704,0.50733054,2221.8917685282695,0.7065875409477976,4.202056E-5,17.434635,0.035663303,0.32604894,0.0050033075,0.10198528,0.015791781,0.19713692,0.033568878,0.83449763,0.003970609,0.12736863,0.027075121,0.1460417,0.030924104,null,null,null,null,"TWOGAUSSIANS",8,6.7717376,0.32599896,0.0049745585,0.4,0.0,0.16909353,0.008575418,0.83450764,0.003979533,0.4,0.0,0.11786509,0.008719402
375316653866487564,5975498393030926720,0.6020617,2231.0804865361097,1.420297406040326,1.4261037E-5,16.629122,0.0076363813,0.2210509,0.0046035727,0.03301065,0.01079733,0.45504507,0.12891811,0.72739923,0.0054710056,0.029639322,0.004583947,0.15091002,0.024002902,0.02237896,0.010218901,0.2210509,0.0046035727,"TWOGAUSSIANS_WITH_ELLIPSOIDAL_ON_ECLIPSE1",9,12.134964,0.2210509,0.0046035727,0.18485963,0.060465053,0.49980298,0.13842174,0.72739923,0.0054710056,0.1659802,0.025670104,0.19559675,0.019488066
375316653866487564,5975499591318369664,0.4774445,2208.059231671374,2.957614430324243,4.2709926E-5,16.824854,0.113360554,0.18644767,0.019146986,0.1192236,0.057842165,0.18506512,0.09615886,0.7157576,0.012543217,0.12087973,0.05858678,0.16391943,0.105297916,null,null,null,null,"TWOGAUSSIANS",8,42.177345,0.18626766,0.018311635,0.4,0.0,0.1545218,0.027213436,0.7159476,0.011628459,0.4,0.0,0.13336733,0.016152143
375316653866487564,5975501274945640576,0.53195685,2168.475141247438,0.7138596890713387,1.2671691E-5,19.193304,0.010860971,0.5968047,1.2383156E-5,0.032255206,7.9133076E-4,1.0052751,0.005059786,0.90446335,0.0020109222,0.014677887,9.3289296E-4,1.0473611,0.12648223,null,null,null,null,"TWOGAUSSIANS",8,8.350651,0.90446335,0.0020109222,0.08219617,0.0052242004,1.0473611,0.12648223,0.5968047,1.2383156E-5,0.18062916,0.004431452,1.0052751,0.005059786
375316653866487564,5975505604273908736,0.5821244,2233.040893124674,3.1236435491817596,1.7237699E-5,18.546064,0.0051294845,0.16028263,0.0017389428,0.045177113,0.0020012823,0.58858824,0.0631452,0.6626063,0.005839154,0.064607695,0.0041205306,0.28124002,0.034214757,null,null,null,null,"TWOGAUSSIANS",8,2.615367,0.16028263,0.0017389428,0.25299183,0.01120718,0.588567,0.06315387,0.6626063,0.005839154,0.36180308,0.02307497,0.28121883,0.03422011
375316653866487564,5975512304423033600,0.52749395,2262.997246944956,3.6575160807307254,1.3595758E-5,18.486076,0.058734655,0.22503433,0.0055482048,0.12057824,0.028938018,0.22558166,0.051351767,0.71926814,0.0040518614,0.10812218,0.01938333,0.28322574,0.05257039,null,null,null,null,"TWOGAUSSIANS",8,2.831605,0.71926814,0.0040518614,0.4,0.0,0.23997335,0.013719186,0.22504432,0.0055683064,0.4,0.0,0.1822577,0.011826604
375316653866487564,5975516908628251520,0.51993793,2240.674812300714,0.36875447556272734,5.3234344E-6,17.577309,0.0072691166,0.35624355,0.021650426,0.042161964,0.015301052,0.028892465,0.00949341,0.77302915,1.5061689E-4,0.006644672,1.9545277E-4,0.9729198,0.07327833,null,null,null,null,"TWOGAUSSIANS",8,10.209127,0.77302915,1.5061689E-4,0.037210163,0.0010945355,0.9729198,0.07327833,0.35624355,0.021650426,0.23610699,0.085685894,0.028892465,0.00949341
375316653866487564,5975523230825217024,0.56546575,2216.1833635467187,0.4416240746490434,9.136273E-6,19.514,0.007021553,0.15153328,0.0096897725,0.029955612,0.0056618997,0.12956275,0.029769635,0.830488,0.007102259,0.021279214,0.0027187436,0.8368314,0.21520288,null,null,null,null,"TWOGAUSSIANS",8,1.3703507,0.830488,0.007102259,0.119163595,0.015224963,0.8368314,0.21520288,0.15153328,0.0096897725,0.16775143,0.03170664,0.12956275,0.029769635
375316653866487564,5975524609503196544,0.47107503,2257.510427854133,1.0643259425141556,2.9769208E-5,19.762308,0.01922646,0.19526944,0.008808101,0.073085375,0.008738859,0.45015106,0.06272811,0.5631313,0.07585209,0.122196585,0.10333235,0.15803756,37266.78,null,null,null,null,"TWOGAUSSIANS",8,2.1230574,0.19576944,0.0081489775,0.4,0.013966876,0.4495289,0.06405859,0.5631313,0.07585209,0.4,0.25301218,0.15570447,37266.785
375316653866487564,5975524815672334208,0.47815377,2229.974092087406,0.2566413367352455,5.6959347E-5,13.681504,0.0030300785,0.18086557,0.026890889,0.023121662,0.032620616,0.7240085,0.8335437,0.70243907,9.839287E-4,0.018113581,0.001599792,0.099535055,0.010473836,null,null,null,null,"TWOGAUSSIANS",8,46.794815,0.18086557,0.026890889,0.12948132,0.18267545,0.7240085,0.8335437,0.70243907,9.839287E-4,0.101436056,0.008958836,0.099535055,0.010473836
375316653866487564,5975526769873219328,0.4997724,2235.145046074009,3.0812591555799895,2.5688601E-5,16.565777,0.092628814,0.25558448,0.007419214,0.11764418,0.031872418,0.33621365,0.086681224,0.7804019,0.004901426,0.11103806,0.029532662,0.2732135,0.08664911,null,null,null,null,"TWOGAUSSIANS",8,32.383217,0.25554448,0.0074105905,0.4,0.0,0.29261997,0.023088593,0.78052187,0.004925567,0.4,0.0,0.22969969,0.024337053
375316653866487564,5975528556579709312,0.5392494,2218.683370407465,2.8061933658672205,3.230376E-5,18.885221,0.022302264,0.21817853,0.0071818247,0.09071556,0.011448615,0.34559122,0.02126828,0.7405668,0.00881619,0.08588942,0.012097698,0.44437099,0.06489528,null,null,null,null,"TWOGAUSSIANS",8,3.68113,0.7405668,0.00881619,0.4,0.0,0.4345548,0.0684164,0.21817853,0.0071818247,0.4,0.0,0.33577478,0.016646342
375316653866487564,5975530794263770368,0.4839774,2256.149115082911,3.6478261756632855,1.0732541E-4,15.801138,0.03666492,0.25352773,0.019692402,0.11980387,0.05306641,0.090206586,0.038514577,0.72290236,0.01508678,0.12163656,0.028307049,0.1089147,0.03561027,null,null,null,null,"TWOGAUSSIANS",8,46.809807,0.72290236,0.01508678,0.4,0.0,0.091251284,0.011193658,0.25380772,0.019663459,0.4,0.0,0.07256821,0.03538363
375316653866487564,5975533023345887360,0.55140996,2280.0509270777343,0.7279845896722554,2.4164718E-5,18.140377,0.008276713,0.2676968,0.00950051,0.077177,0.008253885,0.26128414,0.020820886,0.7794048,0.006789384,0.08666137,0.0062042368,0.26296306,0.016593128,null,null,null,null,"TWOGAUSSIANS",8,2.9727926,0.7794048,0.006789384,0.4,0.0,0.2589763,0.01521365,0.2676968,0.00950051,0.4,0.008047433,0.25729743,0.020506624
375316653866487564,5975533371237317120,0.53315735,2238.1699014145197,2.686222183413821,1.2010307E-5,19.572182,0.04273874,0.8182316,0.0038548664,0.05030899,0.017361138,0.08189603,0.104114264,null,null,null,null,null,null,0.20415351,0.055929556,0.8182316,0.0038548664,"ONEGAUSSIAN_WITH_ELLIPSOIDAL",6,1.9394103,0.8182316,0.0038548664,0.28173035,0.09722237,0.49020225,0.017729389,null,null,null,null,null,null
