Gaia/vari_eclipsing_binary/VariEclipsingBinary_512789-512855.csv
# %ECSV 1.0
# ---
# delimiter: ','
# meta: !!omap
# - RELEASE: Gaia DR3
# - TABLE: vari_eclipsing_binary
# - DESCRIPTION: >
#     This table describes the properties of the eclipsing binaries resulting from the variability analysis. 
# - CITATION: >
#     How to cite and acknowledge Gaia: 
#     https://gea.esac.esa.int/archive/documentation/credits.html 
# - KNOWN_ISSUES: >
#     Known issues: 
#     https://www.cosmos.esa.int/web/gaia-users/known-issues 
# - DOCUMENTATION: >
#     Tutorials and documentation: 
#     https://www.cosmos.esa.int/web/gaia-users/archive 
# datatype:
# - 
#   name: solution_id
#   datatype: int64
#   description: Solution Identifier
#   meta:
#     ucd: meta.version
# - 
#   name: source_id
#   datatype: int64
#   description: Unique source identifier
#   meta:
#     ucd: meta.id;meta.main
# - 
#   name: global_ranking
#   datatype: float32
#   description: Number between 0 (worst) and 1 (best)
#   meta:
#     ucd: stat.param
# - 
#   name: reference_time
#   datatype: float64
#   unit: d
#   description: Reference time used for the geometric model fit
#   meta:
#     ucd: time.epoch
# - 
#   name: frequency
#   datatype: float64
#   unit: d**-1
#   description: Frequency of geometric model of the eclipsing binary light curve
#   meta:
#     ucd: src.orbital
# - 
#   name: frequency_error
#   datatype: float32
#   unit: d**-1
#   description: "Uncertainty of \\texttt{frequency}"
#   meta:
#     ucd: stat.error
# - 
#   name: geom_model_reference_level
#   datatype: float32
#   unit: mag
#   description: Magnitude reference level of geometric model
#   meta:
#     ucd: phot.mag;em.opt
# - 
#   name: geom_model_reference_level_error
#   datatype: float32
#   unit: mag
#   description: "Uncertainty of \\texttt{geomModelReferenceLevel}"
#   meta:
#     ucd: stat.error;phot.mag;em.opt
# - 
#   name: geom_model_gaussian1_phase
#   datatype: float32
#   description: Phase of the Gaussian 1 component
#   meta:
#     ucd: time.phase
# - 
#   name: geom_model_gaussian1_phase_error
#   datatype: float32
#   description: "Uncertainty of \\texttt{geomModelGaussian1Phase}"
#   meta:
#     ucd: stat.error;time.phase
# - 
#   name: geom_model_gaussian1_sigma
#   datatype: float32
#   description: "Standard deviation [phase] of Gaussian 1 component"
#   meta:
#     ucd: stat.stdev
# - 
#   name: geom_model_gaussian1_sigma_error
#   datatype: float32
#   description: "Uncertainty of \\texttt{geomModelGaussian1Sigma}"
#   meta:
#     ucd: stat.error
# - 
#   name: geom_model_gaussian1_depth
#   datatype: float32
#   unit: mag
#   description: Magnitude depth of Gaussian 1 component
#   meta:
#     ucd: src.var.amplitude
# - 
#   name: geom_model_gaussian1_depth_error
#   datatype: float32
#   unit: mag
#   description: "Uncertainty of \\texttt{geomModelGaussian1Depth}"
#   meta:
#     ucd: stat.error;src.var.amplitude
# - 
#   name: geom_model_gaussian2_phase
#   datatype: float32
#   description: Phase of Gaussian 2 component
#   meta:
#     ucd: time.phase
# - 
#   name: geom_model_gaussian2_phase_error
#   datatype: float32
#   description: "Uncertainty of \\texttt{geomModelGaussian2Phase}"
#   meta:
#     ucd: stat.error;time.phase
# - 
#   name: geom_model_gaussian2_sigma
#   datatype: float32
[...]
#   datatype: float32
#   description: "Secondary eclipse: uncertainty of \\texttt{derivedSecondaryEclDuration}"
#   meta:
#     ucd: stat.error;time.duration
# - 
#   name: derived_secondary_ecl_depth
#   datatype: float32
#   unit: mag
#   description: "Secondary eclipse: depth"
#   meta:
#     ucd: src.var.amplitude
# - 
#   name: derived_secondary_ecl_depth_error
#   datatype: float32
#   unit: mag
#   description: "Secondary eclipse: uncertainty of \\texttt{derivedSecondaryEclDepth}"
#   meta:
#     ucd: stat.error;src.var.amplitude
solution_id,source_id,global_ranking,reference_time,frequency,frequency_error,geom_model_reference_level,geom_model_reference_level_error,geom_model_gaussian1_phase,geom_model_gaussian1_phase_error,geom_model_gaussian1_sigma,geom_model_gaussian1_sigma_error,geom_model_gaussian1_depth,geom_model_gaussian1_depth_error,geom_model_gaussian2_phase,geom_model_gaussian2_phase_error,geom_model_gaussian2_sigma,geom_model_gaussian2_sigma_error,geom_model_gaussian2_depth,geom_model_gaussian2_depth_error,geom_model_cosine_half_period_amplitude,geom_model_cosine_half_period_amplitude_error,geom_model_cosine_half_period_phase,geom_model_cosine_half_period_phase_error,model_type,num_model_parameters,reduced_chi2,derived_primary_ecl_phase,derived_primary_ecl_phase_error,derived_primary_ecl_duration,derived_primary_ecl_duration_error,derived_primary_ecl_depth,derived_primary_ecl_depth_error,derived_secondary_ecl_phase,derived_secondary_ecl_phase_error,derived_secondary_ecl_duration,derived_secondary_ecl_duration_error,derived_secondary_ecl_depth,derived_secondary_ecl_depth_error
[from data line 185]
375316653866487564,4510704229132077056,0.48226842,2234.718423819634,3.9266181097894535,2.5661966E-5,19.44935,0.012387757,0.31792724,0.009097934,0.06522819,0.01154765,0.3448155,0.033852585,0.7947921,0.011233392,0.059128195,0.018590694,0.29572836,0.071854435,null,null,null,null,"TWOGAUSSIANS",8,4.267666,0.31792724,0.009097934,0.36527783,0.064666845,0.34472352,0.033795793,0.7947921,0.011233392,0.3311179,0.08949202,0.2956364,0.072355695
375316653866487564,4510704950692813568,0.55089647,2190.4886398036674,2.2138881528583845,1.2232631E-5,14.28892,0.011219978,0.27895883,0.003843347,0.083859354,0.0057592923,0.26941055,0.013157121,0.77405876,0.003312332,0.088301234,0.0077498495,0.28799996,0.026038876,null,null,null,null,"TWOGAUSSIANS",8,247.54929,0.77405876,0.003312332,0.4,0.0,0.2804401,0.028766505,0.27895883,0.003843347,0.4,0.0,0.26185074,0.011368024
375316653866487564,4510705534808369280,0.60605407,2221.201131959151,0.36192586451933684,3.352583E-5,17.146551,0.0020484184,0.33548906,0.0031089978,0.024299163,0.005011106,0.06799866,0.009800383,0.8402007,0.008865004,0.02169861,0.0063730483,0.3532219,0.2922747,0.028681545,0.0040196385,0.33548906,0.0031089978,"TWOGAUSSIANS_WITH_ELLIPSOIDAL_ON_ECLIPSE1",9,2.4809449,0.8402007,0.008859529,0.12151222,0.03568907,0.4105347,0.29460457,0.33548906,0.0031089978,0.13607532,0.028062193,0.12536173,0.009796252
375316653866487564,4510705912765508608,0.5780082,2246.3032565384647,3.683898442199838,1.3934923E-5,17.968498,0.014431781,0.21867728,0.004562975,0.07695958,0.006765775,0.34595123,0.019695472,0.7128614,0.0025459763,0.0662485,0.004405413,0.46160263,0.017315628,null,null,null,null,"TWOGAUSSIANS",8,9.519952,0.7128614,0.0025459763,0.3709916,0.024670312,0.46006465,0.016847746,0.21867728,0.004562975,0.4,0.0,0.34441325,0.019590516
375316653866487564,4510706320777633024,0.49918237,2234.2329461243107,0.4937726691405621,1.0438349E-6,19.174723,0.004772818,0.16843463,0.004528333,0.036079563,0.006711817,0.44240156,0.29492646,0.8275809,1.1514846E-4,0.009308181,5.026332E-4,0.51202345,0.06622221,0.032841522,0.008037604,0.16843463,0.004528333,"TWOGAUSSIANS_WITH_ELLIPSOIDAL_ON_ECLIPSE1",9,2.3151357,0.8275809,1.1514846E-4,0.05212581,0.002814746,0.5312013,0.062082376,0.16843463,0.004528333,0.20204554,0.037586175,0.5080846,0.29428607
375316653866487564,4510710413893014144,0.49417034,2208.6683010154425,0.29348026476111605,1.2232129E-4,19.436052,0.012180187,0.31691015,0.02900403,0.026016498,0.016312415,0.09666444,0.057086878,0.5089612,5.6053925E-4,0.018333606,7.094406E-4,1.9702188,0.22748205,null,null,null,null,"TWOGAUSSIANS",8,5.039321,0.5089612,5.6053925E-4,0.10266819,0.0039728675,1.9702188,0.22748205,0.31691015,0.02900403,0.1456924,0.09134952,0.09666444,0.057086878
375316653866487564,4510716010226952832,0.6017344,2266.239397417487,3.269348360914772,1.2573521E-5,18.221722,0.014448317,0.19558461,0.003674919,0.04208309,0.008823338,0.1491865,0.034859836,0.6821299,0.020714985,0.04943088,0.019287052,0.21982592,0.046016265,0.09999956,0.020078057,0.19558461,0.003674919,"TWOGAUSSIANS_WITH_ELLIPSOIDAL_ON_ECLIPSE1",9,2.9485826,0.68412995,0.016857011,0.27681294,0.10800749,0.41860983,0.020406073,0.19558461,0.003674919,0.23566529,0.049410693,0.34918445,0.018582415
375316653866487564,4510716147665953792,0.5089942,2227.4783266236273,3.2235289762029207,1.996639E-5,17.849085,0.011681634,0.3193759,0.0064933226,0.08771636,0.008495537,0.22255656,0.013431089,0.8261185,0.00793014,0.08431061,0.01165432,0.2816846,0.03847445,null,null,null,null,"TWOGAUSSIANS",8,10.231492,0.8261185,0.00793014,0.4,0.0,0.27517158,0.041942645,0.3193759,0.0064933226,0.4,0.0,0.2160435,0.011597463
375316653866487564,4510716804802091392,0.48552057,2219.330252909603,3.0828664004107766,1.8585817E-5,18.670635,0.020169776,0.20752724,0.006120462,0.08766335,0.011479235,0.22601207,0.02039527,0.69454354,0.003795224,0.089831136,0.01201743,0.24812849,0.030252116,null,null,null,null,"TWOGAUSSIANS",8,3.272875,0.69454354,0.003795224,0.4,0.0,0.24085343,0.03169885,0.20752724,0.006120462,0.4,0.0,0.21873707,0.014981347
375316653866487564,4510719789799988352,0.4887008,2247.2272395123273,4.0804503334813536,3.2399435E-5,19.738373,0.011758579,0.22148255,0.010502911,0.02813389,0.02435625,0.030936712,8.3317259E14,0.75554746,0.015639748,0.06509473,0.011858093,0.09526717,0.024833428,0.087223426,0.015012322,0.22148255,0.010502911,"TWOGAUSSIANS_WITH_ELLIPSOIDAL_ON_ECLIPSE1",9,2.3782346,0.75554746,0.015639748,0.3645305,0.06640532,0.26183665,0.010917373,0.22148255,0.010502911,0.15754978,0.136395,0.20537658,8.3317259E14
375316653866487564,4510721782663381632,0.47534287,2234.172251408613,2.4760150117537396,4.3481818E-5,18.940184,0.013526011,0.25804648,0.011128898,0.08202784,0.012084263,0.15708624,0.022621127,0.76092285,0.0099423,0.076412015,0.021932658,0.14047012,0.013622836,null,null,null,null,"TWOGAUSSIANS",8,1.6905873,0.25804648,0.011128898,0.4,0.0,0.15515414,0.021530807,0.76092285,0.0099423,0.4,0.01731019,0.13853802,0.014676866
375316653866487564,4510722233640809728,0.46381053,2218.3350816887937,2.459507200826998,3.351772E-5,15.889447,0.13165908,0.2615876,0.0061210566,0.120614715,0.042236403,0.13005053,0.12169186,0.7574004,0.0065006125,0.12181686,0.06747035,0.124628976,0.12128834,null,null,null,null,"TWOGAUSSIANS",8,41.94528,0.26161757,0.006198127,0.4,0.0,0.10082389,0.0078038336,0.7574004,0.0065006125,0.4,0.0,0.0953958,0.014063961
375316653866487564,4510722710376431104,0.4782768,2222.2776933082464,3.0612812497763375,3.1134903E-5,18.487211,0.028895037,0.26552245,0.010260026,0.08336824,0.017823616,0.23715125,0.028764231,0.7727318,0.011576049,0.0940992,0.016929151,0.22679238,0.031437844,null,null,null,null,"TWOGAUSSIANS",8,8.974208,0.26552245,0.010268126,0.4,0.0,0.22937068,0.019354943,0.7727318,0.011576049,0.4,0.0,0.21901146,0.023061763
375316653866487564,4510722950894623232,0.56702095,2254.162779752319,3.641693654469632,1.4553181E-5,15.96925,0.01960911,0.29666156,0.003083768,0.084359996,0.007147993,0.36279428,0.022948787,0.7859387,0.007950268,0.0929492,0.017399626,0.3211243,0.047086965,null,null,null,null,"TWOGAUSSIANS",8,45.375973,0.29666156,0.0030831762,0.4,0.0,0.35206863,0.02027593,0.7859387,0.007950268,0.4,0.0,0.31039825,0.055873286
375316653866487564,4510723706808909312,0.5481436,2192.5984966628043,2.946808330930941,2.442699E-5,18.553421,0.00926321,0.31156325,0.007061924,0.07207232,0.007972521,0.45482677,0.035319153,0.8183918,0.004270825,0.07844247,0.0068469997,0.2759778,0.013040513,null,null,null,null,"TWOGAUSSIANS",8,3.326703,0.31156325,0.007061924,0.4,0.024963167,0.45241985,0.035864897,0.8183918,0.004270825,0.4,0.0,0.27357084,0.012967301
375316653866487564,4510725532177927552,0.5438312,2238.59009125425,1.1868892977005128,1.595528E-5,14.507161,8.554888E-4,null,null,null,null,null,null,null,null,null,null,null,null,0.031239066,0.0011059827,0.1540607,0.0029432604,"ELLIPSOIDAL",4,10.516745,null,null,null,null,null,null,null,null,null,null,null,null
375316653866487564,4510735114242640128,0.53951997,2248.040075172841,3.4956188485350737,1.8062627E-5,19.165825,0.041221153,0.3190163,0.023360498,0.086916,0.023832308,0.63216394,0.16801791,0.79418933,0.0066721807,0.08707023,0.016719269,0.49194676,0.034243338,null,null,null,null,"TWOGAUSSIANS",8,4.4799385,0.3190163,0.023360498,0.4,0.03430479,0.6203857,0.17127079,0.79418933,0.0066721807,0.4,0.0,0.48016855,0.032110244
375316653866487564,4510736041955138176,0.56708014,2237.1844061902216,4.729595622798926,4.335998E-5,19.015736,0.003709509,0.23025917,1.714158E-5,0.002486867,2.8504262E-5,0.48944643,0.0053435494,0.69184107,0.016351793,0.07506885,0.017988382,0.05083543,0.008428601,null,null,null,null,"TWOGAUSSIANS",8,1.2972195,0.23025917,1.714158E-5,0.013926454,1.5962387E-4,0.48944643,0.0053435494,0.69184107,0.016351793,0.4,0.062713265,0.05083543,0.008428601
375316653866487564,4510737008330600064,0.52209294,2260.0155231595204,2.9262157042373227,4.4015538E-5,19.316534,0.017510818,0.29858035,0.20001893,0.0672012,0.121178724,0.18491757,1.689953E7,0.73748446,0.005464002,0.065966755,0.00990644,0.6078487,0.12272899,null,null,null,null,"TWOGAUSSIANS",8,4.57793,0.73748446,0.005464002,0.36941382,0.050562438,0.60775656,0.123077124,0.29858035,0.20001893,0.3763267,0.66840273,0.18482544,1.689953E7
375316653866487564,4510737313265602816,0.50031865,2257.7388331870916,1.149426925065634,3.2980843E-5,17.48944,0.010190294,0.8241079,0.00530475,0.044973288,0.011707994,0.16055027,0.02543946,null,null,null,null,null,null,0.039536458,0.014976489,0.8241079,0.00530475,"ONEGAUSSIAN_WITH_ELLIPSOIDAL",6,18.775866,0.8241079,0.00530475,0.25185043,0.06556477,0.23962314,0.02692845,null,null,null,null,null,null
375316653866487564,4510744528811954176,0.58182,2235.4367471294877,2.87716574901246,8.168786E-6,17.692501,0.011413993,0.18316774,0.0025417367,0.093077414,0.003802627,0.395183,0.014471033,0.6786112,0.00255479,0.09467312,0.0043893973,0.38373348,0.010982918,null,null,null,null,"TWOGAUSSIANS",8,4.1505313,0.18316774,0.0025417367,0.4,0.0,0.37414,0.01197702,0.6786112,0.00255479,0.4,0.0,0.3626902,0.007493827
375316653866487564,4510746521675235712,0.5522157,2273.323379259559,3.5231406857337,2.5671792E-5,19.465889,0.030858504,0.262607,0.017739618,0.07152604,0.01713954,0.44382703,0.043175504,0.743449,0.026667342,0.07555172,0.021433605,0.41430372,0.35745525,null,null,null,null,"TWOGAUSSIANS",8,2.9206219,0.262607,0.017739618,0.4,0.024082553,0.44214004,0.036192235,0.743449,0.026667342,0.4,0.0805888,0.41261673,0.35842338
375316653866487564,4510747861705185280,0.6689463,2289.63771083803,0.6101898831366007,1.3291622E-6,15.930737,0.005368593,0.3039739,2.5494568E-4,0.025265591,5.7167385E-4,1.3197505,0.018550172,null,null,null,null,null,null,0.050151397,0.00993481,0.3039739,2.5494568E-4,"ONEGAUSSIAN_WITH_ELLIPSOIDAL",6,56.58686,0.3039739,2.5494568E-4,0.14148732,0.0032013736,1.4200532,0.027256168,null,null,null,null,null,null
375316653866487564,4510748003445445760,0.5739499,2250.548720597403,1.9692139639869706,1.4064639E-5,17.295225,0.020757932,0.2845693,0.0029912505,0.087531045,0.007893166,0.16570306,0.018823776,0.7732514,0.014262886,0.15073963,0.034446236,0.09374164,0.019789824,null,null,null,null,"TWOGAUSSIANS",8,1.1980761,0.2847493,0.0030215904,0.4,0.0,0.14498481,0.0072126295,0.7732514,0.014262886,0.4,0.0,0.07223614,0.004519513
375316653866487564,4510751057156664064,0.47994602,2247.0672750527347,3.2890958472770597,3.474679E-5,18.714882,0.015713725,0.17797598,0.016079823,0.08707992,0.02021415,0.119531624,0.03130286,0.70476377,0.0077847904,0.09598003,0.018359747,0.10749916,0.014566372,null,null,null,null,"TWOGAUSSIANS",8,1.714269,0.17797598,0.01607914,0.4,0.008073663,0.11594022,0.030595386,0.70476377,0.0077847904,0.4,0.0,0.10390721,0.011463353
375316653866487564,4510753226125280384,0.6227576,2217.6194283830387,1.0180050236346656,2.6946103E-5,16.316147,0.0058503496,0.23260611,0.004243503,0.033955753,0.0030912687,0.5601416,0.05570982,0.7273042,0.019367052,0.028336711,0.021143792,0.09626294,1.02070024E14,0.015999034,0.00874888,0.7273042,0.019367052,"TWOGAUSSIANS_WITH_ELLIPSOIDAL_ON_ECLIPSE2",9,20.24156,0.2325761,0.0041844454,0.19015221,0.017311104,0.5921044,0.05748446,0.7273042,0.019367052,0.15868558,0.11840524,0.12826097,1.02070024E14
375316653866487564,4510754841033024896,0.49826795,2207.629876043006,2.8553178034767335,2.460026E-5,15.771269,0.004174876,0.18026155,0.0030741952,0.08708732,0.008292781,0.057962548,0.0041388837,0.6762328,0.007272833,0.090957895,0.013392549,0.058076296,0.0072959587,null,null,null,null,"TWOGAUSSIANS",8,6.8642817,0.6762328,0.007272833,0.4,0.0,0.055966333,0.008015989,0.18026155,0.0030741952,0.4,0.0,0.05585261,0.0031765965
375316653866487564,4510755115912297088,0.54516536,2199.1942421163008,3.4064467249563086,8.428307E-6,18.257273,0.01148492,0.33136463,0.0021385564,0.07141805,0.0042726956,0.47137558,0.03563296,0.83822453,0.0040783756,0.08480419,0.005508248,0.33889878,0.017645862,null,null,null,null,"TWOGAUSSIANS",8,3.0736,0.33136463,0.0021385564,0.39994106,0.014508504,0.4673227,0.036412552,0.83822453,0.0040783756,0.4,0.0,0.33484587,0.017532138
375316653866487564,4510759062976442368,0.508248,2177.9445182252375,3.5074907045976955,2.7678287E-5,19.310343,0.021662874,0.25326887,0.008666545,0.075345874,0.0115276985,0.27389383,0.03197526,0.7582159,0.00586551,0.07822798,0.008520291,0.40066263,0.028314473,null,null,null,null,"TWOGAUSSIANS",8,3.7221732,0.7582159,0.00586551,0.4,0.0,0.39768064,0.027618123,0.25326887,0.008666545,0.4,0.008174565,0.27091184,0.031163568
375316653866487564,4510759612732177920,0.50180775,2188.33286161225,2.9292065966612677,3.4280158E-5,19.194813,0.10370682,0.29404092,0.014238376,0.09816579,0.053327847,0.21516663,0.09679884,0.793251,0.007446241,0.09437043,0.028384477,0.21530585,0.100861534,null,null,null,null,"TWOGAUSSIANS",8,1.7945698,0.793251,0.007446241,0.4,0.0,0.20069155,0.020285085,0.29404092,0.014326344,0.4,0.0,0.20055166,0.02352303
375316653866487564,4510760506089096704,0.5675113,2288.0240659037654,3.8733229962771385,2.4446064E-5,18.951925,0.015735695,0.28071803,0.02069293,0.068268135,0.02041396,0.5334532,0.022983406,0.7789151,0.0020406249,0.06590008,0.0035138598,0.5313549,0.025672987,null,null,null,null,"TWOGAUSSIANS",8,3.5343585,0.28071803,0.02069293,0.38230154,0.11431818,0.5324766,0.02300531,0.7789151,0.0020406249,0.36904046,0.019677615,0.5303782,0.0255696
375316653866487564,4510761502517936768,0.48521012,2273.7363601047277,1.815505385952554,2.4709513E-4,16.643051,0.0050059073,0.41037726,0.024371125,0.11512748,0.026038036,0.09343833,0.019130126,0.805398,0.036719166,0.027885597,0.036472622,0.015160397,0.6443444,null,null,null,null,"TWOGAUSSIANS",8,8.002677,0.41037726,0.024371125,0.4,0.0,0.09341965,0.01915676,0.805398,0.036719166,0.15615934,0.20424667,0.015401276,0.6441429
375316653866487564,4510762262736611328,0.58904964,2263.4991967437186,1.1455166733876265,2.420484E-5,15.612909,0.014570991,0.28405172,1.3486714E-5,0.0035873577,5.3949923E-5,4.574029,0.1500119,0.6452351,0.13858247,0.12216116,0.14092688,0.056036554,3.49994,null,null,null,null,"TWOGAUSSIANS",8,368.32007,0.28405172,1.3486714E-5,0.020089203,3.0211956E-4,4.574712,0.14866878,0.6452351,0.13858247,0.4,0.39487514,0.056010745,3.4999735
375316653866487564,4510762705108852864,0.53126377,2266.6134915528824,2.6212218674981944,2.5139292E-5,18.812944,0.0783331,0.26586926,0.00915458,0.09649753,0.020017575,0.28476465,0.074859254,0.7937769,0.00681642,0.10089922,0.044155587,0.25688356,0.037090227,null,null,null,null,"TWOGAUSSIANS",8,2.5862029,0.26585925,0.009035008,0.4,0.0,0.26965827,0.027283283,0.7937769,0.006794985,0.4,0.0,0.24177425,0.036864776
375316653866487564,4510763843284606976,0.48568884,2237.2440874860313,0.07646846265230553,2.8054164E-5,16.514418,0.006342275,0.15079905,0.012769064,0.036038585,0.005089722,0.32710353,0.108118765,0.50382066,0.020418832,0.08528008,0.030369524,0.08098833,0.020501683,null,null,null,null,"TWOGAUSSIANS",8,36.69989,0.15079905,0.012765084,0.20181607,0.028502444,0.32711878,0.10810766,0.50382066,0.020418832,0.4,0.04701985,0.08098818,0.020502007
375316653866487564,4510763877644346112,0.50784594,2245.7829158060667,2.814475594191734,3.5072266E-5,16.689405,0.020933714,0.1825675,0.0080229435,0.09063703,0.01980056,0.12696858,0.017438872,0.6843444,0.010191754,0.08784204,0.023098832,0.16908686,0.02962176,null,null,null,null,"TWOGAUSSIANS",8,23.124506,0.6843444,0.010191754,0.4,0.0,0.1634792,0.029839525,0.1825675,0.0080229435,0.4,0.0,0.12136088,0.010983896
375316653866487564,4510764732333399552,0.5093155,2261.600406595636,3.355524204794245,1.226289E-5,19.223959,0.011695042,0.23140211,0.0025546376,0.087253265,0.008219329,0.4733469,0.05011999,0.7321648,0.0026181326,0.080626726,0.003942817,0.41306856,0.01992141,null,null,null,null,"TWOGAUSSIANS",8,1.1871804,0.23140211,0.0025546376,0.4,0.0,0.46298638,0.05543536,0.7321648,0.0026181326,0.4,0.0,0.40270814,0.018975386
