Gaia/vari_eclipsing_binary/VariEclipsingBinary_495798-496031.csv
# %ECSV 1.0
# ---
# delimiter: ','
# meta: !!omap
# - RELEASE: Gaia DR3
# - TABLE: vari_eclipsing_binary
# - DESCRIPTION: >
#     This table describes the properties of the eclipsing binaries resulting from the variability analysis. 
# - CITATION: >
#     How to cite and acknowledge Gaia: 
#     https://gea.esac.esa.int/archive/documentation/credits.html 
# - KNOWN_ISSUES: >
#     Known issues: 
#     https://www.cosmos.esa.int/web/gaia-users/known-issues 
# - DOCUMENTATION: >
#     Tutorials and documentation: 
#     https://www.cosmos.esa.int/web/gaia-users/archive 
# datatype:
# - 
#   name: solution_id
#   datatype: int64
#   description: Solution Identifier
#   meta:
#     ucd: meta.version
# - 
#   name: source_id
#   datatype: int64
#   description: Unique source identifier
#   meta:
#     ucd: meta.id;meta.main
# - 
#   name: global_ranking
#   datatype: float32
#   description: Number between 0 (worst) and 1 (best)
#   meta:
#     ucd: stat.param
# - 
#   name: reference_time
#   datatype: float64
#   unit: d
#   description: Reference time used for the geometric model fit
#   meta:
#     ucd: time.epoch
# - 
#   name: frequency
#   datatype: float64
#   unit: d**-1
#   description: Frequency of geometric model of the eclipsing binary light curve
#   meta:
#     ucd: src.orbital
# - 
#   name: frequency_error
#   datatype: float32
#   unit: d**-1
#   description: "Uncertainty of \\texttt{frequency}"
#   meta:
#     ucd: stat.error
# - 
#   name: geom_model_reference_level
#   datatype: float32
#   unit: mag
#   description: Magnitude reference level of geometric model
#   meta:
#     ucd: phot.mag;em.opt
# - 
#   name: geom_model_reference_level_error
#   datatype: float32
#   unit: mag
#   description: "Uncertainty of \\texttt{geomModelReferenceLevel}"
#   meta:
#     ucd: stat.error;phot.mag;em.opt
# - 
#   name: geom_model_gaussian1_phase
#   datatype: float32
#   description: Phase of the Gaussian 1 component
#   meta:
#     ucd: time.phase
# - 
#   name: geom_model_gaussian1_phase_error
#   datatype: float32
#   description: "Uncertainty of \\texttt{geomModelGaussian1Phase}"
#   meta:
#     ucd: stat.error;time.phase
# - 
#   name: geom_model_gaussian1_sigma
#   datatype: float32
#   description: "Standard deviation [phase] of Gaussian 1 component"
#   meta:
#     ucd: stat.stdev
# - 
#   name: geom_model_gaussian1_sigma_error
#   datatype: float32
#   description: "Uncertainty of \\texttt{geomModelGaussian1Sigma}"
#   meta:
#     ucd: stat.error
# - 
#   name: geom_model_gaussian1_depth
#   datatype: float32
#   unit: mag
#   description: Magnitude depth of Gaussian 1 component
#   meta:
#     ucd: src.var.amplitude
# - 
#   name: geom_model_gaussian1_depth_error
#   datatype: float32
#   unit: mag
#   description: "Uncertainty of \\texttt{geomModelGaussian1Depth}"
#   meta:
#     ucd: stat.error;src.var.amplitude
# - 
#   name: geom_model_gaussian2_phase
#   datatype: float32
#   description: Phase of Gaussian 2 component
#   meta:
#     ucd: time.phase
# - 
#   name: geom_model_gaussian2_phase_error
#   datatype: float32
#   description: "Uncertainty of \\texttt{geomModelGaussian2Phase}"
#   meta:
#     ucd: stat.error;time.phase
# - 
#   name: geom_model_gaussian2_sigma
#   datatype: float32
[...]
#   datatype: float32
#   description: "Secondary eclipse: uncertainty of \\texttt{derivedSecondaryEclDuration}"
#   meta:
#     ucd: stat.error;time.duration
# - 
#   name: derived_secondary_ecl_depth
#   datatype: float32
#   unit: mag
#   description: "Secondary eclipse: depth"
#   meta:
#     ucd: src.var.amplitude
# - 
#   name: derived_secondary_ecl_depth_error
#   datatype: float32
#   unit: mag
#   description: "Secondary eclipse: uncertainty of \\texttt{derivedSecondaryEclDepth}"
#   meta:
#     ucd: stat.error;src.var.amplitude
solution_id,source_id,global_ranking,reference_time,frequency,frequency_error,geom_model_reference_level,geom_model_reference_level_error,geom_model_gaussian1_phase,geom_model_gaussian1_phase_error,geom_model_gaussian1_sigma,geom_model_gaussian1_sigma_error,geom_model_gaussian1_depth,geom_model_gaussian1_depth_error,geom_model_gaussian2_phase,geom_model_gaussian2_phase_error,geom_model_gaussian2_sigma,geom_model_gaussian2_sigma_error,geom_model_gaussian2_depth,geom_model_gaussian2_depth_error,geom_model_cosine_half_period_amplitude,geom_model_cosine_half_period_amplitude_error,geom_model_cosine_half_period_phase,geom_model_cosine_half_period_phase_error,model_type,num_model_parameters,reduced_chi2,derived_primary_ecl_phase,derived_primary_ecl_phase_error,derived_primary_ecl_duration,derived_primary_ecl_duration_error,derived_primary_ecl_depth,derived_primary_ecl_depth_error,derived_secondary_ecl_phase,derived_secondary_ecl_phase_error,derived_secondary_ecl_duration,derived_secondary_ecl_duration_error,derived_secondary_ecl_depth,derived_secondary_ecl_depth_error
375316653866487564,4361088253100428672,0.54051954,2262.139385646127,3.438957747533331,1.6316586E-5,18.40234,0.013356169,0.18075044,0.008950122,0.08636467,0.013583654,0.1717519,0.014256863,0.67259485,0.013009127,0.07823267,0.011393787,0.23802975,0.03618105,null,null,null,null,"TWOGAUSSIANS",8,2.5380487,0.67259485,0.013009127,0.4,0.009857504,0.2346256,0.035141855,0.18075044,0.008950122,0.4,0.0,0.16834773,0.011898717
375316653866487564,4361089623193143552,0.588893,2280.849398014704,3.3340558183056825,9.818976E-6,17.274412,0.011896147,0.30568656,0.0033187415,0.08475971,0.0049422635,0.5104945,0.028629912,0.8197853,0.002345988,0.06393068,0.0034722167,0.42408332,0.025646787,null,null,null,null,"TWOGAUSSIANS",8,14.616875,0.30568656,0.0033187415,0.4,0.0,0.5081274,0.02902028,0.8197853,0.002345988,0.3580118,0.019444413,0.4217163,0.025574215
375316653866487564,4361090379110515456,0.5240293,2269.339960475594,0.2520558252746347,3.7919694E-5,17.296715,0.0034780486,0.1840445,0.018202627,0.020932555,0.032011054,0.21696767,0.1395934,0.8624892,0.07585186,0.04719254,0.030107003,0.15336584,0.48112154,0.012568397,0.006167043,0.1840445,0.018202627,"TWOGAUSSIANS_WITH_ELLIPSOIDAL_ON_ECLIPSE1",9,5.9868326,0.1840445,0.018202627,0.11722231,0.17926191,0.2421043,0.14376947,0.8624892,0.07595679,0.26427823,0.16859922,0.15811348,0.48142493
375316653866487564,4361093024807229824,0.5355647,2262.67399080647,3.6405131554665284,2.4791003E-5,19.562607,0.04720683,0.27828315,0.0074211736,0.08335805,0.010115303,0.3866212,0.046479467,0.77218217,0.006020277,0.091798216,0.026891641,0.4468404,0.09076464,null,null,null,null,"TWOGAUSSIANS",8,2.4782867,0.77218217,0.006020277,0.4,0.0,0.43402192,0.11183485,0.27828315,0.007420393,0.4,0.0,0.37380305,0.029005146
375316653866487564,4361097289711630464,0.5214666,2225.1269628090886,3.27602261958191,1.7288734E-5,15.228117,0.018136887,0.17890927,0.0028376111,0.087427095,0.015391644,0.101026975,0.016366055,0.67661196,0.007586186,0.10609507,0.018701147,0.108150564,0.017299952,null,null,null,null,"TWOGAUSSIANS",8,21.873457,0.67661196,0.007586186,0.4,0.0,0.10096216,0.00876657,0.17890927,0.002835235,0.4,0.0,0.09384182,0.006961384
375316653866487564,4361104294800482560,0.5333788,2181.5265822301762,3.779431327654073,2.095919E-5,19.257277,0.013062919,0.30110058,0.004075442,0.0803332,0.0067952457,0.30555156,0.017993895,0.80838776,0.006103689,0.07535047,0.009508567,0.27006683,0.0135409925,null,null,null,null,"TWOGAUSSIANS",8,1.6421635,0.30110058,0.004075442,0.4,0.0,0.30270466,0.01720089,0.80838776,0.006103689,0.4,0.0,0.26721996,0.0139896935
375316653866487564,4361111269827337216,0.6335297,2199.8433877746274,1.7718536014796167,2.4917E-5,14.407774,0.0117805805,0.27845335,0.0048467536,0.045584556,0.0082844235,0.1379527,0.028883757,0.7714226,0.005492441,0.0449827,0.0052923197,0.55516636,0.06060221,0.049552154,0.016762717,0.27845335,0.0048467536,"TWOGAUSSIANS_WITH_ELLIPSOIDAL_ON_ECLIPSE1",9,148.81009,0.77161264,0.0053118765,0.25190312,0.02963699,0.6540825,0.071644545,0.27845335,0.0048467536,0.2552735,0.046392772,0.23705669,0.018697567
375316653866487564,4361116217631625728,0.46124744,2230.3822966283155,3.454360809278224,2.0526915E-5,16.622616,0.006803034,null,null,null,null,null,null,null,null,null,null,null,null,0.09964444,0.012621152,0.18888633,0.0051884498,"ELLIPSOIDAL",4,96.59327,null,null,null,null,null,null,null,null,null,null,null,null
375316653866487564,4361137142710799616,0.47019544,2243.565880392138,4.355667738976486,4.7361653E-5,19.633055,0.011834633,0.26166937,0.0085074855,0.08442142,0.012364452,0.29156056,0.051669225,0.7629475,0.0052497964,0.06651884,0.01243648,0.28736857,0.04372829,null,null,null,null,"TWOGAUSSIANS",8,2.32327,0.26166937,0.0085074855,0.4,0.0,0.28924474,0.052997116,0.7629475,0.0052497964,0.37250552,0.06964429,0.28505275,0.04530132
375316653866487564,4361175492473127552,0.6079945,2258.845154797314,2.9335486371780375,1.2901365E-5,18.561192,0.015188084,0.3099469,0.002489415,0.07681439,0.004141916,0.6257208,0.015379306,0.8112767,0.0050738063,0.07274973,0.004532479,0.5191269,0.016608318,null,null,null,null,"TWOGAUSSIANS",8,3.6434329,0.3099469,0.002489415,0.4,0.0,0.6215709,0.014398137,0.8112767,0.0050738063,0.4,0.008618174,0.514977,0.015134051
375316653866487564,4361175694337225728,0.592321,2276.263611573646,3.06033875471451,1.1111931E-5,17.128073,0.008740841,0.31072253,0.0023039482,0.04659328,0.0069211223,0.13283056,0.02082363,0.8339059,0.015629271,0.06292764,0.009976053,0.20886193,0.029364003,0.098848775,0.0106994,0.31072253,0.0023039482,"TWOGAUSSIANS_WITH_ELLIPSOIDAL_ON_ECLIPSE1",9,8.956707,0.8339059,0.015629271,0.35239482,0.0558659,0.40237725,0.020404005,0.31072253,0.0023039482,0.26092237,0.038758285,0.33051112,0.007390187
375316653866487564,4361175763056693248,0.53609556,2239.759787772859,3.4877458859591752,2.5799674E-5,19.609674,0.006277468,0.27183327,0.004731443,0.06851656,0.004420346,0.4507349,0.02356153,0.7638824,0.005456562,0.06490735,0.004075459,0.31144863,0.022326423,null,null,null,null,"TWOGAUSSIANS",8,1.1998308,0.27183327,0.004731443,0.38369274,0.024745056,0.45019907,0.023619946,0.7638824,0.005456562,0.36348116,0.022822572,0.3109128,0.022288144
375316653866487564,4361180058024087808,0.51402813,2267.8341083444498,3.6899238650446895,1.9233516E-5,19.253561,0.043256782,0.26748663,0.021754513,0.10123063,0.039014615,0.3648173,0.030075006,0.7511369,0.006169275,0.08281837,0.012083049,0.3396733,0.041561972,null,null,null,null,"TWOGAUSSIANS",8,3.0283892,0.26748663,0.021754513,0.4,0.0,0.35108596,0.022880709,0.7511369,0.006169275,0.4,0.0,0.32594684,0.016685402
375316653866487564,4361182497565516800,0.5409173,2348.7213966481063,2.6910025897850702,1.8144967E-5,18.283619,0.015741218,0.28680643,0.007126273,0.09266348,0.008540965,0.20280625,0.016480425,0.7859507,0.009642949,0.08351505,0.012908854,0.23417898,0.016670153,null,null,null,null,"TWOGAUSSIANS",8,3.3614619,0.7859507,0.009642949,0.4,0.0,0.22656365,0.011906407,0.28680643,0.007126273,0.4,0.0,0.19519074,0.010987479
375316653866487564,4361187690183612672,0.5039154,2266.3767117460557,1.627210192211523,1.6127005E-5,17.685589,0.0032334821,0.13945496,0.008337617,0.08920889,0.010391388,0.057436056,0.005009228,0.62745506,0.0046086805,0.0728965,0.004749955,0.103241086,0.005145821,null,null,null,null,"TWOGAUSSIANS",8,1.7299602,0.62745506,0.0046086805,0.4,0.0,0.10223499,0.004873092,0.13945496,0.008337617,0.4,0.0,0.056429945,0.00487087
375316653866487564,4361188789695387904,0.5503908,2388.5369677904273,1.19790054649864,9.2902965E-6,16.383238,0.0933219,0.2443491,0.005339002,0.12511931,0.052639496,0.12513411,0.086656906,0.74639153,0.0026730704,0.117589004,0.027963212,0.1340856,0.0850597,null,null,null,null,"TWOGAUSSIANS",8,3.036129,0.7464115,0.002675216,0.4,0.0,0.10373771,0.0037481897,0.24433911,0.0053896992,0.4,0.0,0.09473268,0.0062417504
375316653866487564,4361189163355065216,0.4676575,2361.5325437777724,3.3947757953698146,6.853055E-6,19.025137,0.38117084,0.26506746,0.0045078374,0.15069987,0.02951585,0.53287643,0.28109333,0.7717616,0.0030703477,0.22106713,0.081951335,0.5756235,0.37452838,null,null,null,null,"TWOGAUSSIANS",8,1.8130212,0.26191744,0.0020348732,0.4,0.0,0.19240023,0.007978021,0.7730616,0.0031049342,0.4,0.0,0.15013483,0.013251766
375316653866487564,4361190125427766784,0.48315528,2331.5092654420623,3.6362042111547677,2.7195894E-5,19.140743,0.04684782,0.24443015,0.006196114,0.08726764,0.013590673,0.32878742,0.045551457,0.7433741,0.010028702,0.09677956,0.017665166,0.2704146,0.04778448,null,null,null,null,"TWOGAUSSIANS",8,3.9082658,0.24443015,0.006196114,0.4,0.0,0.31424844,0.02855622,0.7433741,0.010028702,0.4,0.0,0.25587478,0.027076429
375316653866487564,4361196864233800832,0.54931533,2223.031182247752,1.0209457972720652,5.2140505E-5,14.8486595,0.002539283,0.1667552,0.015658317,0.024244726,0.021419248,0.09378404,4.8474026,0.642713,0.005567025,0.03571846,0.0054581547,0.15379532,0.016986422,0.0053039114,0.0042039594,0.1667552,0.015658317,"TWOGAUSSIANS_WITH_ELLIPSOIDAL_ON_ECLIPSE1",9,24.907385,0.642873,0.005538945,0.20002337,0.030565666,0.16416453,0.01867423,0.1667552,0.015658317,0.13577047,0.11994779,0.10439185,4.8478503
375316653866487564,4361198303045488000,0.52306527,2254.3545533085958,1.3026617797370652,5.5009124E-5,18.351408,0.0592363,0.43785867,0.039893508,0.17218341,0.06821095,0.124603964,0.0475857,0.8044547,0.0071506556,0.0959664,0.015643712,0.24223581,0.03017046,null,null,null,null,"TWOGAUSSIANS",8,3.8447483,0.8044547,0.0071506556,0.4,0.0,0.23716491,0.009434461,0.43950868,0.0380625,0.4,0.0,0.10664141,0.014722192
375316653866487564,4361203800603929088,0.47571436,2373.286812469585,3.504799923403891,1.4788618E-4,17.991106,0.005670032,0.7288625,0.0072022867,0.048552454,0.0109883975,0.066362604,0.019346617,null,null,null,null,null,null,0.074756995,0.0058794827,0.7288625,0.0072022867,"ONEGAUSSIAN_WITH_ELLIPSOIDAL",6,11.4984,0.7288625,0.0072022867,0.27189374,0.061535027,0.2158764,0.016615843,null,null,null,null,null,null
375316653866487564,4361204693956983040,0.53602827,2310.3509407971096,3.4995553616376327,4.0461033E-5,19.799084,0.015418594,0.30368978,0.0020267793,0.06052413,0.0046409196,0.52161485,0.028680215,0.8027185,0.0038282783,0.06484342,0.009022974,0.61792475,0.096870065,null,null,null,null,"TWOGAUSSIANS",8,2.3520274,0.8027185,0.0038282783,0.36312318,0.050528653,0.6175367,0.09743551,0.30368978,0.0020267793,0.33893514,0.025989149,0.5212269,0.028862346
375316653866487564,4361205896547990144,0.47735035,2315.0849741528737,2.3469836420271863,3.586637E-5,18.326336,0.015257973,0.2349452,0.006918629,0.09019336,0.013662874,0.11394795,0.014461682,0.7349645,0.03771942,0.10567813,0.04983438,0.07160498,0.012654802,null,null,null,null,"TWOGAUSSIANS",8,1.7154846,0.2349452,0.006917494,0.4,0.0,0.10720956,0.0048107444,0.7349645,0.03771942,0.4,0.012543395,0.06486467,0.013326716
375316653866487564,4361206278802241792,0.55417204,2313.8935457827715,3.7604046022993067,1.312497E-5,17.10737,0.040177673,0.20146245,0.006282036,0.1095055,0.018153323,0.23071751,0.037440587,0.694177,0.009424411,0.109558046,0.024688227,0.18490568,0.03682549,null,null,null,null,"TWOGAUSSIANS",8,6.188241,0.20147245,0.006276367,0.4,0.0,0.2024806,0.012878226,0.694177,0.009424411,0.4,0.0,0.15667148,0.0065710167
375316653866487564,4361211394106019200,0.5454866,2430.7853841771516,3.738437142243915,1.0781493E-5,17.184067,0.0053138672,0.19617555,0.0027509376,0.101237506,0.007150739,0.08432973,0.005210295,0.69391,0.0038085303,0.09410983,0.006562043,0.096602194,0.005401673,null,null,null,null,"TWOGAUSSIANS",8,1.6281221,0.69391,0.0038085303,0.4,0.0,0.0900077,0.0032053262,0.19617555,0.0027509376,0.4,0.0,0.07773452,0.0030488754
375316653866487564,4361212188677322112,0.55788577,2418.8765712755544,2.192954064241781,6.674812E-6,15.489881,0.002559116,0.26665273,0.0018742469,0.04757561,0.008016984,0.034063317,0.0059736324,0.7707044,0.013503498,0.03940687,0.009394996,0.027630277,0.009048502,0.08143123,0.0038160344,0.26665273,0.0018742469,"TWOGAUSSIANS_WITH_ELLIPSOIDAL_ON_ECLIPSE1",9,31.251324,0.26665273,0.0018742469,0.2664234,0.044895113,0.19692563,0.0030333067,0.7707044,0.013010181,0.22067846,0.052611977,0.19038706,0.0059453733
375316653866487564,4361215585994269440,0.48001507,2427.370422536469,2.443982911155842,5.3455813E-5,19.740963,0.010135754,0.34931833,0.018537953,0.0663836,0.022379227,0.24205537,0.08589797,0.82414585,0.0087069925,0.044474564,0.0068368586,0.6660377,0.07783937,null,null,null,null,"TWOGAUSSIANS",8,5.251578,0.82414585,0.0087069925,0.24905756,0.038286407,0.6660282,0.07784573,0.34931833,0.018537953,0.37174815,0.088575296,0.24204592,0.08600434
375316653866487564,4361219262486384640,0.53100485,2401.030776002971,3.197192688152917,9.477667E-6,18.127287,0.013034416,0.24970664,0.0024972996,0.07897272,0.005719299,0.2693863,0.009274503,0.75183266,0.01212787,0.07764021,0.01329515,0.2579921,0.016663054,null,null,null,null,"TWOGAUSSIANS",8,7.283928,0.24970664,0.0024972996,0.4,0.0,0.2662964,0.008185509,0.75183266,0.01212787,0.4,0.0,0.25490218,0.01853538
375316653866487564,4361228848853442048,0.5290296,2391.096824123296,1.675208477122539,5.2639625E-6,18.754812,0.0081176795,0.24270491,0.0018498467,0.0333704,0.003348629,0.6755362,0.1073045,0.74623936,0.0033200087,0.034286298,0.004294137,0.35944664,0.038808998,null,null,null,null,"TWOGAUSSIANS",8,9.38878,0.24270491,0.0018498467,0.18687424,0.018752322,0.6755362,0.1073045,0.74623936,0.0033200087,0.19200328,0.024047168,0.35944664,0.038808998
375316653866487564,4361239092352511872,0.5857063,2414.8562855930813,2.15922647732287,6.6496445E-6,16.977873,0.009479546,0.27165088,0.0032500294,0.09438089,0.004979245,0.22393547,0.010323693,0.7752645,0.0020129492,0.09994167,0.005312024,0.21897304,0.008940856,null,null,null,null,"TWOGAUSSIANS",8,6.0655913,0.27165088,0.0032500294,0.4,0.0,0.20853952,0.007151521,0.7752645,0.0020129492,0.4,0.0,0.20357582,0.006154713
375316653866487564,4361239951345975552,0.5594688,2396.460887665059,2.389534377348308,8.497107E-6,17.013817,0.085476905,0.27612567,0.0039236844,0.040715262,0.047559682,0.12378288,0.12904777,0.76924264,0.0057997494,0.05239968,0.029587131,0.121300444,0.16428532,0.08477652,0.08694975,0.27612567,0.0039236844,"TWOGAUSSIANS_WITH_ELLIPSOIDAL_ON_ECLIPSE1",9,16.415194,0.27612567,0.0039236844,0.22800545,0.18762049,0.2933351,0.053458467,0.7708426,0.0039707865,0.29343823,0.12196555,0.2906094,0.018438675
375316653866487564,4361254240700046080,0.5606457,2261.1767639045856,3.2235190954308277,1.8015779E-5,16.704075,0.02037883,0.28242308,0.0054633636,0.051557716,0.009143112,0.22931051,0.043646783,0.7958503,0.0075121904,0.0498282,0.016176475,0.20431535,0.04647285,0.07416475,0.02382715,0.7958503,0.0075121904,"TWOGAUSSIANS_WITH_ELLIPSOIDAL_ON_ECLIPSE2",9,16.323624,0.28402308,0.004339284,0.2887232,0.05120143,0.37671027,0.02702743,0.7958503,0.0075121904,0.27903792,0.090588264,0.35264313,0.019461479
375316653866487564,4361257680970736896,0.670207,2229.318622358887,0.656225429120942,7.126144E-6,13.103041,0.001357907,0.162939,0.006011429,0.027802978,0.0039054914,0.35444587,0.017574295,0.6615005,0.001216504,0.027024118,8.7912515E-4,0.33744052,0.007423581,0.011139072,0.0032379536,0.162939,0.006011429,"TWOGAUSSIANS_WITH_ELLIPSOIDAL_ON_ECLIPSE1",9,42.578976,0.162939,0.006011429,0.15569668,0.021870751,0.37672403,0.018224878,0.6615105,0.0012063857,0.15133506,0.0049231006,0.35971686,0.0070609776
375316653866487564,4361258230726691328,0.53892064,2234.3893307411026,2.810870366040224,1.855687E-5,16.213074,0.018611934,0.20591645,0.0076359594,0.092546284,0.011424035,0.23109065,0.01900946,0.7145264,0.007568783,0.09343075,0.012116974,0.23407763,0.0179534,null,null,null,null,"TWOGAUSSIANS",8,38.098217,0.7145264,0.007568783,0.4,0.0,0.22302245,0.013215864,0.20591645,0.0076359594,0.4,0.0,0.22003554,0.0113189565
375316653866487564,4361259673835695104,0.52761644,2295.6412934604145,2.0543575465162456,2.3295557E-5,17.233395,0.013986935,0.29136515,0.009227164,0.111588925,0.026476027,0.08635061,0.011797409,0.7918814,0.006524519,0.08857835,0.013041918,0.12938468,0.01281482,null,null,null,null,"TWOGAUSSIANS",8,3.9391427,0.7918814,0.006528235,0.4,0.0,0.12047194,0.008290468,0.29136515,0.009227164,0.4,0.0,0.07743037,0.0051750923
375316653866487564,4361268671788875264,0.55265254,2237.370810497162,0.10518609918788019,8.011244E-6,19.020548,0.00476037,0.17045753,0.01935805,0.038063068,0.026571833,0.5984287,0.5352015,0.43185556,0.0010835389,0.024364298,0.0045374865,0.086579375,0.023753174,null,null,null,null,"TWOGAUSSIANS",8,1.0288724,0.17045753,0.01935805,0.21315317,0.14880227,0.5984287,0.5352015,0.43185556,0.0010835389,0.13644007,0.025409926,0.086579375,0.02375773
