Gaia/vari_eclipsing_binary/VariEclipsingBinary_052435-052636.csv
# %ECSV 1.0
# ---
# delimiter: ','
# meta: !!omap
# - RELEASE: Gaia DR3
# - TABLE: vari_eclipsing_binary
# - DESCRIPTION: >
#     This table describes the properties of the eclipsing binaries resulting from the variability analysis. 
# - CITATION: >
#     How to cite and acknowledge Gaia: 
#     https://gea.esac.esa.int/archive/documentation/credits.html 
# - KNOWN_ISSUES: >
#     Known issues: 
#     https://www.cosmos.esa.int/web/gaia-users/known-issues 
# - DOCUMENTATION: >
#     Tutorials and documentation: 
#     https://www.cosmos.esa.int/web/gaia-users/archive 
# datatype:
# - 
#   name: solution_id
#   datatype: int64
#   description: Solution Identifier
#   meta:
#     ucd: meta.version
# - 
#   name: source_id
#   datatype: int64
#   description: Unique source identifier
#   meta:
#     ucd: meta.id;meta.main
# - 
#   name: global_ranking
#   datatype: float32
#   description: Number between 0 (worst) and 1 (best)
#   meta:
#     ucd: stat.param
# - 
#   name: reference_time
#   datatype: float64
#   unit: d
#   description: Reference time used for the geometric model fit
#   meta:
#     ucd: time.epoch
# - 
#   name: frequency
#   datatype: float64
#   unit: d**-1
#   description: Frequency of geometric model of the eclipsing binary light curve
#   meta:
#     ucd: src.orbital
# - 
#   name: frequency_error
#   datatype: float32
#   unit: d**-1
#   description: "Uncertainty of \\texttt{frequency}"
#   meta:
#     ucd: stat.error
# - 
#   name: geom_model_reference_level
#   datatype: float32
#   unit: mag
#   description: Magnitude reference level of geometric model
#   meta:
#     ucd: phot.mag;em.opt
# - 
#   name: geom_model_reference_level_error
#   datatype: float32
#   unit: mag
#   description: "Uncertainty of \\texttt{geomModelReferenceLevel}"
#   meta:
#     ucd: stat.error;phot.mag;em.opt
# - 
#   name: geom_model_gaussian1_phase
#   datatype: float32
#   description: Phase of the Gaussian 1 component
#   meta:
#     ucd: time.phase
# - 
#   name: geom_model_gaussian1_phase_error
#   datatype: float32
#   description: "Uncertainty of \\texttt{geomModelGaussian1Phase}"
#   meta:
#     ucd: stat.error;time.phase
# - 
#   name: geom_model_gaussian1_sigma
#   datatype: float32
#   description: "Standard deviation [phase] of Gaussian 1 component"
#   meta:
#     ucd: stat.stdev
# - 
#   name: geom_model_gaussian1_sigma_error
#   datatype: float32
#   description: "Uncertainty of \\texttt{geomModelGaussian1Sigma}"
#   meta:
#     ucd: stat.error
# - 
#   name: geom_model_gaussian1_depth
#   datatype: float32
#   unit: mag
#   description: Magnitude depth of Gaussian 1 component
#   meta:
#     ucd: src.var.amplitude
# - 
#   name: geom_model_gaussian1_depth_error
#   datatype: float32
#   unit: mag
#   description: "Uncertainty of \\texttt{geomModelGaussian1Depth}"
#   meta:
#     ucd: stat.error;src.var.amplitude
# - 
#   name: geom_model_gaussian2_phase
#   datatype: float32
#   description: Phase of Gaussian 2 component
#   meta:
#     ucd: time.phase
# - 
#   name: geom_model_gaussian2_phase_error
#   datatype: float32
#   description: "Uncertainty of \\texttt{geomModelGaussian2Phase}"
#   meta:
#     ucd: stat.error;time.phase
# - 
#   name: geom_model_gaussian2_sigma
#   datatype: float32
[...]
#   datatype: float32
#   description: "Secondary eclipse: uncertainty of \\texttt{derivedSecondaryEclDuration}"
#   meta:
#     ucd: stat.error;time.duration
# - 
#   name: derived_secondary_ecl_depth
#   datatype: float32
#   unit: mag
#   description: "Secondary eclipse: depth"
#   meta:
#     ucd: src.var.amplitude
# - 
#   name: derived_secondary_ecl_depth_error
#   datatype: float32
#   unit: mag
#   description: "Secondary eclipse: uncertainty of \\texttt{derivedSecondaryEclDepth}"
#   meta:
#     ucd: stat.error;src.var.amplitude
solution_id,source_id,global_ranking,reference_time,frequency,frequency_error,geom_model_reference_level,geom_model_reference_level_error,geom_model_gaussian1_phase,geom_model_gaussian1_phase_error,geom_model_gaussian1_sigma,geom_model_gaussian1_sigma_error,geom_model_gaussian1_depth,geom_model_gaussian1_depth_error,geom_model_gaussian2_phase,geom_model_gaussian2_phase_error,geom_model_gaussian2_sigma,geom_model_gaussian2_sigma_error,geom_model_gaussian2_depth,geom_model_gaussian2_depth_error,geom_model_cosine_half_period_amplitude,geom_model_cosine_half_period_amplitude_error,geom_model_cosine_half_period_phase,geom_model_cosine_half_period_phase_error,model_type,num_model_parameters,reduced_chi2,derived_primary_ecl_phase,derived_primary_ecl_phase_error,derived_primary_ecl_duration,derived_primary_ecl_duration_error,derived_primary_ecl_depth,derived_primary_ecl_depth_error,derived_secondary_ecl_phase,derived_secondary_ecl_phase_error,derived_secondary_ecl_duration,derived_secondary_ecl_duration_error,derived_secondary_ecl_depth,derived_secondary_ecl_depth_error
[from data line 397]
375316653866487564,462010250506775296,0.53839564,2235.9071621340618,2.973522763376909,1.3640528E-5,18.86872,0.007783877,0.23988143,0.002212198,0.078941666,0.003027771,0.32068205,0.010108886,0.7505897,0.0033756802,0.0758842,0.0047601587,0.32094398,0.00978414,null,null,null,null,"TWOGAUSSIANS",8,3.1204371,0.7505897,0.0033756802,0.4,0.0,0.31816116,0.009443506,0.23988143,0.002212198,0.4,0.0,0.31789923,0.009613139
375316653866487564,462012724407898880,0.56538475,2239.5592175656825,2.4175764432625266,9.546104E-6,18.662815,0.010227642,0.24261545,0.00234216,0.09380706,0.0034898936,0.34468162,0.010850325,0.75074,0.00206707,0.09553718,0.0043903887,0.35630387,0.009575584,null,null,null,null,"TWOGAUSSIANS",8,1.5558622,0.75074,0.00206707,0.4,0.0,0.3371666,0.008197161,0.24261545,0.00234216,0.4,0.0,0.32554474,0.007344715
375316653866487564,462014962085933696,0.5566375,2224.857023640576,2.807905945415826,8.844085E-6,18.431845,0.014881628,0.29119304,0.0035786717,0.05067871,0.0065527223,0.31918705,0.037844457,0.7884492,0.0022230225,0.050027054,0.0037403,0.3135198,0.03626302,0.11714773,0.020007009,0.29119304,0.0035786717,"TWOGAUSSIANS_WITH_ELLIPSOIDAL_ON_ECLIPSE1",9,7.3716254,0.29119304,0.0035786717,0.28380078,0.036695246,0.55347973,0.02005734,0.7887992,0.0017555202,0.2801515,0.02094568,0.54775184,0.014673892
375316653866487564,462015473187069824,0.6116826,2205.69209403062,0.7804857353146499,6.56578E-6,17.632195,0.0015858487,0.29438692,0.0022167535,0.021759937,0.0025405176,0.5883627,0.065820895,0.7939475,9.2048536E-4,0.021653825,7.6136383E-4,0.7153399,0.030206377,null,null,null,null,"TWOGAUSSIANS",8,3.772519,0.7939475,9.2048536E-4,0.12126142,0.004263637,0.7153399,0.030206377,0.29438692,0.0022167535,0.12185565,0.014226899,0.5883627,0.065820895
375316653866487564,462015541906587648,0.46638304,2236.3192380885316,1.15960946897281,3.744252E-5,18.52199,0.029468587,0.2539247,0.007635607,0.12891127,0.046936885,0.0726059,0.025941761,0.7459945,0.0073260535,0.09989452,0.02227051,0.10951048,0.026322369,null,null,null,null,"TWOGAUSSIANS",8,1.7277576,0.7459945,0.0073260535,0.4,0.0,0.09512215,0.008371199,0.2539247,0.0076385434,0.4,0.0,0.05813776,0.0057803546
375316653866487564,462020631449060608,0.54641455,2235.93996257946,0.34615327898131415,5.891174E-5,17.594229,0.0012677917,0.36751318,4.947995E-5,0.011301855,6.946134E-5,0.37190664,0.0015543004,0.58537775,0.056679197,0.05153279,0.07002734,0.0068753194,0.023458045,null,null,null,null,"TWOGAUSSIANS",8,1.1660814,0.36751318,4.947995E-5,0.06329039,3.8898352E-4,0.37190753,0.0015965579,0.58537775,0.056679197,0.2885836,0.38373342,0.0068753194,0.023458045
375316653866487564,462021009406971648,0.48069575,2203.6855349939574,4.22382082128126,3.341243E-5,19.522953,0.0051468713,0.2205614,0.01587608,0.05124162,0.017610334,0.19809872,0.050595637,0.7303321,0.0045321602,0.06810637,0.0045018806,0.21184441,0.013636343,null,null,null,null,"TWOGAUSSIANS",8,1.4155976,0.7303321,0.0045321602,0.38139564,0.025210531,0.21179989,0.013598982,0.2205614,0.01587608,0.2869531,0.098617874,0.1980542,0.050709568
375316653866487564,462021215564572288,0.5150067,2217.694781606198,0.7834358020599987,1.2876043E-5,19.022268,0.006171083,0.2576532,0.0941138,0.09407027,0.14716132,0.01805561,0.03788063,0.5049097,0.0010198673,0.03374777,0.0018639283,0.5285983,0.06473721,null,null,null,null,"TWOGAUSSIANS",8,2.039104,0.5049097,0.0010198673,0.18898752,0.010437998,0.52916896,0.06528751,0.2576532,0.0941138,0.4,0.59123063,0.018055584,0.037880737
375316653866487564,462022177637200256,0.49230936,2218.4665290915877,0.7275657329841363,1.1669796E-5,17.478676,0.0018583144,0.33846706,9.467629E-4,0.025705144,0.0010618763,0.12497501,0.0038081873,0.7715738,0.0018498579,0.019781541,0.0013217393,0.0785188,0.0025560968,null,null,null,null,"TWOGAUSSIANS",8,3.722816,0.33846706,9.467629E-4,0.14394881,0.0059465077,0.12497501,0.0038081873,0.7715738,0.0018498579,0.11077663,0.00740174,0.0785188,0.0025560968
375316653866487564,462028151930658816,0.57863104,2253.207219130056,2.3596890110893343,1.217016E-5,18.3415,0.012917423,0.24534807,0.0024192664,0.09562956,0.0045673065,0.3544443,0.013470741,0.7355782,0.0018730166,0.09124423,0.0047238846,0.33936277,0.012058934,null,null,null,null,"TWOGAUSSIANS",8,3.016877,0.24534807,0.0024192664,0.4,0.0,0.337641,0.010590532,0.7355782,0.0018730166,0.4,0.0,0.3225602,0.00882076
375316653866487564,462032549979236608,0.48949078,2212.1101801100763,2.746315401802356,2.6224818E-5,17.976917,0.022227062,0.25730264,0.0065044067,0.09156003,0.024267409,0.09748769,0.018900765,0.7331769,0.0069582327,0.09613587,0.023606796,0.15047413,0.012129082,null,null,null,null,"TWOGAUSSIANS",8,4.376952,0.7331769,0.0069582327,0.4,0.0,0.145554,0.01377085,0.25730264,0.006491212,0.4,0.0,0.09256819,0.009054038
375316653866487564,462033065375363584,0.49319863,2189.8236384506417,2.8893991022786283,2.3081777E-5,19.245737,0.010095434,0.29641047,0.0074961646,0.0708699,0.0127411885,0.2851285,0.039307278,0.79707783,0.004302733,0.08197114,0.0069816383,0.21960331,0.014632291,null,null,null,null,"TWOGAUSSIANS",8,2.1807928,0.29641047,0.0074961646,0.39687145,0.025641568,0.28282115,0.040944535,0.79707783,0.004302733,0.4,0.0,0.21729596,0.014283301
375316653866487564,462041208630528000,0.57757336,2226.9367451669787,0.49154798016087276,8.2151755E-6,17.911858,0.0037205587,0.2881227,0.0013555589,0.026517425,0.0031293812,0.6017415,0.039196704,0.7840969,0.008085321,0.015924122,0.0099151675,0.011894649,0.15339512,0.013779813,0.004266699,0.2881227,0.0013555589,"TWOGAUSSIANS_WITH_ELLIPSOIDAL_ON_ECLIPSE1",9,3.8363736,0.2881227,0.0013555589,0.14849758,0.017524535,0.6293011,0.044166133,0.7842769,0.008023206,0.08917508,0.055524938,0.03943742,0.15273285
375316653866487564,462045233020658432,0.52172714,2224.595980093329,0.6055068623085081,9.667452E-6,17.259085,0.0025673732,0.24759926,0.0028392228,0.032488357,0.0051796157,0.056110725,0.008562034,0.7458992,0.0024554243,0.04955894,0.0044426103,0.072240986,0.0062575354,0.022507686,0.0041591674,0.24759926,0.0028392228,"TWOGAUSSIANS_WITH_ELLIPSOIDAL_ON_ECLIPSE1",9,2.279616,0.7460792,0.0021155132,0.27753007,0.024878617,0.1172515,0.005377486,0.24759926,0.0028392228,0.1819348,0.029005848,0.10112582,0.008573063
375316653866487564,462045572317390464,0.52070236,2229.958437834605,3.9041378758179652,2.6498958E-5,19.942923,0.0043699266,0.09455631,0.0015170412,0.0193643,0.001458999,0.5655329,0.026328603,0.6033677,0.009504845,0.044067767,0.014193186,0.2544307,0.09424941,null,null,null,null,"TWOGAUSSIANS",8,1.0336978,0.09455631,0.0015170412,0.10844007,0.008170394,0.5655329,0.026328603,0.6033677,0.009504845,0.2467795,0.07948184,0.2544307,0.09424941
375316653866487564,462046843627661952,0.518407,2232.4742102382866,0.7010738288138536,3.790524E-5,18.409552,0.0021387425,0.64018506,0.0018189666,0.030708434,0.0014026457,0.26929373,0.012305539,0.8463588,0.03807932,0.055557,0.029818485,0.016192872,0.014981607,null,null,null,null,"TWOGAUSSIANS",8,2.072607,0.64018506,0.0018191864,0.17196724,0.007854816,0.26931027,0.012308284,0.8463588,0.03807932,0.3111192,0.16698352,0.016192872,0.014981607
375316653866487564,462047535123165824,0.4548388,2230.897397509511,0.7648615168621707,1.4329868E-5,15.94728,0.0024139208,0.3375606,0.0015706775,0.03827515,0.0017840742,0.07166343,0.0032798809,0.84333545,0.010767989,0.033491477,0.0060979896,0.069979705,0.017512886,null,null,null,null,"TWOGAUSSIANS",8,35.38677,0.3375606,0.0015706775,0.21434082,0.009990816,0.07166343,0.0032798809,0.84333545,0.010767989,0.18755227,0.03414874,0.069979705,0.017512886
375316653866487564,462052272466181376,0.6250392,2203.7726683146325,1.4627336320621234,2.569694E-6,18.157259,0.011451435,0.17353964,7.552063E-4,0.04552105,0.001960741,0.7607203,0.022146836,0.67522746,0.0019198261,0.044570066,0.0036943408,0.27182016,0.023207808,0.056073695,0.013609676,0.17353964,7.552063E-4,"TWOGAUSSIANS_WITH_ELLIPSOIDAL_ON_ECLIPSE1",9,2.7905452,0.17353964,7.552063E-4,0.2549179,0.010980149,0.8728674,0.024022356,0.67522746,0.0019198261,0.24959236,0.020688308,0.3839546,0.008839067
375316653866487564,462054063475851008,0.6289423,2224.794842273799,0.49088566819380713,1.7718585E-6,17.384842,0.0026604868,0.1828723,0.034534253,0.05680322,0.03392313,0.026176503,0.084061585,0.45514727,7.526407E-4,0.037477486,7.4749906E-4,0.5066565,0.01804423,null,null,null,null,"TWOGAUSSIANS",8,2.8815,0.45514727,7.526407E-4,0.20987393,0.0041859946,0.50665677,0.01804513,0.1828723,0.034534253,0.31809804,0.16360028,0.026176503,0.084061585
375316653866487564,462055609661587712,0.58204526,2220.345801721417,2.4583077236712856,9.183397E-6,18.816448,0.007366507,0.23301114,0.0017264714,0.0364017,0.004186312,0.25558165,0.015461985,0.73229843,0.008838027,0.03124199,0.010814412,0.24636497,0.051007707,0.17367478,0.010416944,0.23301114,0.0017264714,"TWOGAUSSIANS_WITH_ELLIPSOIDAL_ON_ECLIPSE1",9,3.0862756,0.23301114,0.0017264714,0.20384952,0.023443347,0.6029312,0.012406975,0.7323684,0.008604207,0.17495514,0.060560703,0.5937082,0.05988349
375316653866487564,462056399935536768,0.50053114,2201.1840084841374,0.29502115731170575,3.0081355E-6,18.02831,0.004352368,0.35259375,0.001389773,0.018850325,0.0010055995,0.31641418,0.010531667,0.84581816,0.0035592325,0.021356964,0.0030618894,0.2673403,0.06569537,null,null,null,null,"TWOGAUSSIANS",8,9.562438,0.35259375,0.001389773,0.105561815,0.005631357,0.31641418,0.010531667,0.84581816,0.0035592325,0.119599,0.01714658,0.2673403,0.06569537
375316653866487564,462058388500032256,0.5374766,2179.471013871435,2.8831282724585554,1.6169965E-5,19.78435,0.011637057,0.15409659,0.0025069413,0.06259912,0.00399913,0.6556845,0.029128212,0.65378517,0.0034569593,0.06301859,0.0042521064,0.60640424,0.035939943,null,null,null,null,"TWOGAUSSIANS",8,2.2785249,0.15409659,0.0025069413,0.35055506,0.022395128,0.6552315,0.029278267,0.65378517,0.0034569593,0.35290408,0.023811797,0.6059512,0.03603365
375316653866487564,462058594659057792,0.59194756,2198.905946012243,3.787360009200951,7.59374E-6,19.010338,0.012522761,0.27437147,0.0045999247,0.04086352,0.00543379,0.4100107,0.08400398,0.7801297,0.0022673823,0.044504113,0.003000004,0.45613074,0.034034036,0.13138217,0.01684751,0.27437147,0.0045999247,"TWOGAUSSIANS_WITH_ELLIPSOIDAL_ON_ECLIPSE1",9,2.6046326,0.7801297,0.0022673823,0.24922304,0.016800024,0.718551,0.023192212,0.27437147,0.0045999247,0.22883572,0.030429224,0.67277473,0.07081329
375316653866487564,462059251793952384,0.527782,2217.087491261342,3.73542871295547,1.545696E-5,17.725485,0.039575502,0.25889695,0.003050301,0.10739437,0.0182141,0.17247345,0.037556287,0.7594343,0.0070807305,0.11018033,0.025490684,0.16796619,0.035690498,null,null,null,null,"TWOGAUSSIANS",8,4.28072,0.25889695,0.0030610226,0.4,0.0,0.14835133,0.008305381,0.7594343,0.0070843473,0.4,0.0,0.14383952,0.007895886
375316653866487564,462060694902932224,0.5477948,2225.3271626217966,0.45314137354373807,2.5562482E-5,17.014074,0.0033138911,0.16755751,0.0012179071,0.027562201,0.0010600056,0.120728664,0.005761747,0.6662926,9.1567024E-4,0.03488743,0.001507175,0.9150331,0.052234437,null,null,null,null,"TWOGAUSSIANS",8,16.747206,0.6662926,9.1567024E-4,0.1953696,0.00844018,0.9150331,0.052234437,0.16755751,0.0012179071,0.15434833,0.0059360317,0.120728664,0.005761747
375316653866487564,462063301942372096,0.48857766,2219.942374095162,0.25420138374519247,2.7082711E-5,18.574745,0.0062903687,0.1765224,0.0035701965,0.02646179,0.0028939685,0.20385408,0.030498283,0.6794616,0.0015369555,0.01912374,0.0018672767,0.47778645,0.015050935,null,null,null,null,"TWOGAUSSIANS",8,10.599121,0.6794616,0.0015369555,0.10709295,0.010456749,0.47778645,0.015050935,0.1765224,0.0035701965,0.14818601,0.016206224,0.20385408,0.030498283
375316653866487564,462064027797533312,0.5634651,2233.7322971451395,2.1109043548507236,1.6726224E-5,17.064573,0.003078808,0.20038743,0.030303229,0.055852167,0.033916354,0.027900176,0.0124986,0.3750602,0.0025224918,0.02837868,0.0019692418,0.53356606,0.015971284,null,null,null,null,"TWOGAUSSIANS",8,13.660107,0.3750602,0.0025224918,0.1589206,0.011027754,0.53377587,0.01608783,0.20038743,0.030303229,0.31277215,0.18993157,0.027900178,0.012498589
375316653866487564,462064470173398528,0.5574843,2221.564940549874,0.44310449527926826,5.382431E-6,16.34556,8.3537167E-4,0.20284687,0.04432912,0.06428506,0.037481997,0.0045556813,0.0030186898,0.6864624,0.006845845,0.012096515,0.0025646556,0.1555114,0.049674552,null,null,null,null,"TWOGAUSSIANS",8,1.7962682,0.6864624,0.006845845,0.067740485,0.014362072,0.1555114,0.049674552,0.20284687,0.04432912,0.35999635,0.20989919,0.0045556813,0.0030186898
375316653866487564,462066364259657344,0.6259042,2200.6027338048066,0.07072300899214111,4.133633E-5,15.437813,0.005241502,0.34832227,3.0956555E-6,0.0074611013,3.3999415E-5,0.36613053,8.2308636E-4,0.7145816,0.09960622,0.21889341,0.19689839,0.0067324196,0.004652259,null,null,null,null,"TWOGAUSSIANS",8,7.2014093,0.34832227,3.0956555E-6,0.041782167,1.9039672E-4,0.36690152,0.001602738,0.7145816,0.09960622,0.4,0.0,0.0057415124,0.0018964554
375316653866487564,462070487428207616,0.5714382,2200.119783768789,2.9640922732135153,1.0366856E-5,17.392418,0.0065706032,0.21559876,0.002741486,0.045433935,0.0058720144,0.17880175,0.01719548,0.7195179,0.01883821,0.038376417,0.017951466,0.11458667,0.020824952,0.09456588,0.009883608,0.21559876,0.002741486,"TWOGAUSSIANS_WITH_ELLIPSOIDAL_ON_ECLIPSE1",9,7.3811545,0.21559876,0.002741486,0.25443003,0.03288328,0.36793333,0.011336508,0.7195179,0.018617159,0.21490794,0.10052821,0.30360362,0.014972153
375316653866487564,462070964167315840,0.4344462,2227.2892762359056,0.11499096205997986,4.9858878E-5,18.31296,0.03567105,0.15985775,0.005657949,0.039486457,0.0069725127,0.17842747,0.02370112,0.68100053,0.018057367,0.15698245,0.07446664,0.10339137,0.029373392,null,null,null,null,"TWOGAUSSIANS",8,5.8184566,0.15976776,0.005655018,0.22112416,0.03904607,0.1743501,0.021028893,0.68100053,0.018057367,0.4,0.0,0.09790917,0.012397419
375316653866487564,462072647792059008,0.49210462,2206.8512514374447,0.25705138538513933,2.4537914E-5,19.902113,0.0049386322,0.1870517,0.0075491183,0.027697347,0.0049411883,0.4256601,0.05218857,0.6862758,0.0023003854,0.007804394,0.0061629172,0.36542985,0.20385043,null,null,null,null,"TWOGAUSSIANS",8,1.2646747,0.1870517,0.0075491183,0.15510514,0.027670655,0.4256601,0.05218857,0.6862758,0.0023003854,0.043704603,0.034512337,0.36542985,0.20385043
375316653866487564,462079386601234944,0.46487182,2185.6876071733136,0.3247752923698013,7.6228685E-6,16.678154,0.0030819136,0.33456615,0.014809523,0.020094201,0.01648194,0.09967797,13.946527,0.8411795,0.0016144888,0.010985302,0.004547927,0.21685523,0.21788041,null,null,null,null,"TWOGAUSSIANS",8,24.426672,0.8411795,0.0016144888,0.06151769,0.02546839,0.21685523,0.21788041,0.33456615,0.014809523,0.11252753,0.092298865,0.09967797,13.946527
375316653866487564,462079798918100864,0.62609595,2197.0470166044697,3.1908935631272652,5.72739E-6,14.544669,0.0029432415,0.223679,0.0043639564,0.04548108,0.004938247,0.10508057,0.01104982,0.730889,0.0015222828,0.05403704,0.004576437,0.085447244,0.006412002,0.059075553,0.003491833,0.730889,0.0015222828,"TWOGAUSSIANS_WITH_ELLIPSOIDAL_ON_ECLIPSE2",9,22.079958,0.224799,0.0037450017,0.25469404,0.027654184,0.22302489,0.012311483,0.730889,0.0015222828,0.30260742,0.025628049,0.20359634,0.0032761842
375316653866487564,462085086017476608,0.4483797,2190.8414523228607,0.0482659414252042,7.064958E-6,19.555075,0.02126489,0.62657267,0.0021334502,0.05159574,0.0050779446,2.2038116,0.77181345,0.8740638,0.0019600948,0.018876888,0.0020644015,0.3130945,0.027077992,null,null,null,null,"TWOGAUSSIANS",8,11.381541,0.62657267,0.0021334502,0.28893617,0.02843649,2.2038116,0.77181345,0.8740638,0.0019600948,0.10571057,0.011560648,0.31311673,0.02709109
