Gaia/vari_eclipsing_binary/VariEclipsingBinary_673282-673338.csv
# %ECSV 1.0
# ---
# delimiter: ','
# meta: !!omap
# - RELEASE: Gaia DR3
# - TABLE: vari_eclipsing_binary
# - DESCRIPTION: >
#     This table describes the properties of the eclipsing binaries resulting from the variability analysis. 
# - CITATION: >
#     How to cite and acknowledge Gaia: 
#     https://gea.esac.esa.int/archive/documentation/credits.html 
# - KNOWN_ISSUES: >
#     Known issues: 
#     https://www.cosmos.esa.int/web/gaia-users/known-issues 
# - DOCUMENTATION: >
#     Tutorials and documentation: 
#     https://www.cosmos.esa.int/web/gaia-users/archive 
# datatype:
# - 
#   name: solution_id
#   datatype: int64
#   description: Solution Identifier
#   meta:
#     ucd: meta.version
# - 
#   name: source_id
#   datatype: int64
#   description: Unique source identifier
#   meta:
#     ucd: meta.id;meta.main
# - 
#   name: global_ranking
#   datatype: float32
#   description: Number between 0 (worst) and 1 (best)
#   meta:
#     ucd: stat.param
# - 
#   name: reference_time
#   datatype: float64
#   unit: d
#   description: Reference time used for the geometric model fit
#   meta:
#     ucd: time.epoch
# - 
#   name: frequency
#   datatype: float64
#   unit: d**-1
#   description: Frequency of geometric model of the eclipsing binary light curve
#   meta:
#     ucd: src.orbital
# - 
#   name: frequency_error
#   datatype: float32
#   unit: d**-1
#   description: "Uncertainty of \\texttt{frequency}"
#   meta:
#     ucd: stat.error
# - 
#   name: geom_model_reference_level
#   datatype: float32
#   unit: mag
#   description: Magnitude reference level of geometric model
#   meta:
#     ucd: phot.mag;em.opt
# - 
#   name: geom_model_reference_level_error
#   datatype: float32
#   unit: mag
#   description: "Uncertainty of \\texttt{geomModelReferenceLevel}"
#   meta:
#     ucd: stat.error;phot.mag;em.opt
# - 
#   name: geom_model_gaussian1_phase
#   datatype: float32
#   description: Phase of the Gaussian 1 component
#   meta:
#     ucd: time.phase
# - 
#   name: geom_model_gaussian1_phase_error
#   datatype: float32
#   description: "Uncertainty of \\texttt{geomModelGaussian1Phase}"
#   meta:
#     ucd: stat.error;time.phase
# - 
#   name: geom_model_gaussian1_sigma
#   datatype: float32
#   description: "Standard deviation [phase] of Gaussian 1 component"
#   meta:
#     ucd: stat.stdev
# - 
#   name: geom_model_gaussian1_sigma_error
#   datatype: float32
#   description: "Uncertainty of \\texttt{geomModelGaussian1Sigma}"
#   meta:
#     ucd: stat.error
# - 
#   name: geom_model_gaussian1_depth
#   datatype: float32
#   unit: mag
#   description: Magnitude depth of Gaussian 1 component
#   meta:
#     ucd: src.var.amplitude
# - 
#   name: geom_model_gaussian1_depth_error
#   datatype: float32
#   unit: mag
#   description: "Uncertainty of \\texttt{geomModelGaussian1Depth}"
#   meta:
#     ucd: stat.error;src.var.amplitude
# - 
#   name: geom_model_gaussian2_phase
#   datatype: float32
#   description: Phase of Gaussian 2 component
#   meta:
#     ucd: time.phase
# - 
#   name: geom_model_gaussian2_phase_error
#   datatype: float32
#   description: "Uncertainty of \\texttt{geomModelGaussian2Phase}"
#   meta:
#     ucd: stat.error;time.phase
# - 
#   name: geom_model_gaussian2_sigma
#   datatype: float32
[...]
#   datatype: float32
#   description: "Secondary eclipse: uncertainty of \\texttt{derivedSecondaryEclDuration}"
#   meta:
#     ucd: stat.error;time.duration
# - 
#   name: derived_secondary_ecl_depth
#   datatype: float32
#   unit: mag
#   description: "Secondary eclipse: depth"
#   meta:
#     ucd: src.var.amplitude
# - 
#   name: derived_secondary_ecl_depth_error
#   datatype: float32
#   unit: mag
#   description: "Secondary eclipse: uncertainty of \\texttt{derivedSecondaryEclDepth}"
#   meta:
#     ucd: stat.error;src.var.amplitude
solution_id,source_id,global_ranking,reference_time,frequency,frequency_error,geom_model_reference_level,geom_model_reference_level_error,geom_model_gaussian1_phase,geom_model_gaussian1_phase_error,geom_model_gaussian1_sigma,geom_model_gaussian1_sigma_error,geom_model_gaussian1_depth,geom_model_gaussian1_depth_error,geom_model_gaussian2_phase,geom_model_gaussian2_phase_error,geom_model_gaussian2_sigma,geom_model_gaussian2_sigma_error,geom_model_gaussian2_depth,geom_model_gaussian2_depth_error,geom_model_cosine_half_period_amplitude,geom_model_cosine_half_period_amplitude_error,geom_model_cosine_half_period_phase,geom_model_cosine_half_period_phase_error,model_type,num_model_parameters,reduced_chi2,derived_primary_ecl_phase,derived_primary_ecl_phase_error,derived_primary_ecl_duration,derived_primary_ecl_duration_error,derived_primary_ecl_depth,derived_primary_ecl_depth_error,derived_secondary_ecl_phase,derived_secondary_ecl_phase_error,derived_secondary_ecl_duration,derived_secondary_ecl_duration_error,derived_secondary_ecl_depth,derived_secondary_ecl_depth_error
[from data line 389]
375316653866487564,5922648678715478528,0.6528272,2433.729963455482,0.8367761017463827,7.084878E-6,17.132343,0.0028582949,0.27306324,4.067906E-4,0.031188367,4.364943E-4,0.8809943,0.011742967,0.7790539,0.0016204636,0.027898751,0.0035430728,0.12325354,0.006105056,0.023611609,0.0039368714,0.27306324,4.067906E-4,"TWOGAUSSIANS_WITH_ELLIPSOIDAL_ON_ECLIPSE1",9,8.019812,0.27306324,4.067906E-4,0.17465486,0.002444368,0.92821753,0.01026688,0.7790539,0.0016204636,0.156233,0.019841207,0.17040987,0.0065515214
375316653866487564,5922649675147907328,0.4390305,2430.748038188696,3.1278550824349427,4.539168E-5,17.8955,0.0075677084,0.51791406,0.013313783,0.17751777,0.032595932,0.06050192,0.006542362,0.883472,0.031375643,0.053698566,0.024682695,0.022369746,0.009870654,null,null,null,null,"TWOGAUSSIANS",8,3.5694246,0.51791406,0.013313783,0.4,0.0,0.05778211,0.0047360663,0.883472,0.031375643,0.30071196,0.1382231,0.027011713,0.0093182875
375316653866487564,5922649950025836288,0.6333645,2424.3031771178366,0.23073659071787886,2.0022131E-5,12.726498,4.4531052E-4,0.25101793,2.3340929E-4,0.011849518,4.840454E-4,0.33700696,0.01867366,null,null,null,null,null,null,0.0017315056,8.199532E-4,0.25101793,2.3340929E-4,"ONEGAUSSIAN_WITH_ELLIPSOIDAL",6,17.30203,0.25101793,2.3340929E-4,0.0663573,0.0027106542,0.34046996,0.018927936,null,null,null,null,null,null
375316653866487564,5922650778979108992,0.5647556,2391.723870164903,3.166836159579381,5.6851245E-6,18.255697,0.00818866,0.22874658,0.0025399383,0.08299834,0.0034182128,0.41182107,0.009333196,0.7223525,0.0036303685,0.08686721,0.0050555505,0.42319694,0.025551619,null,null,null,null,"TWOGAUSSIANS",8,4.619824,0.7223525,0.0036303685,0.4,0.0,0.41338316,0.02719189,0.22874658,0.0025399383,0.4,0.0,0.4020073,0.008266568
375316653866487564,5922650946458293632,0.45274955,2442.535803255807,3.2396854603910006,3.7267833E-5,17.215448,0.0045130644,0.26690063,0.005950807,0.06825283,0.03065346,0.072662614,0.018656073,0.47276363,0.03759414,0.05715062,0.03080851,0.053277787,0.014595147,0.049076136,0.0061888024,0.26690063,0.005950807,"TWOGAUSSIANS_WITH_ELLIPSOIDAL_ON_ECLIPSE1",9,30.44246,0.26712063,0.0058949357,0.38221586,0.13361655,0.17080894,0.01446152,0.47276363,0.03759414,0.32004347,0.16414693,0.061316077,0.025812639
375316653866487564,5922651599293962368,0.57898057,2376.818528667099,2.8890575903487976,5.4604757E-6,18.808632,0.007335837,0.24588895,0.0018674146,0.07253339,0.0025201624,0.5931524,0.013073314,0.74589777,0.0014001381,0.07114319,0.0017004599,0.53908396,0.013472728,null,null,null,null,"TWOGAUSSIANS",8,4.1657114,0.24588895,0.0018674146,0.4,7.304794E-4,0.5904993,0.013098501,0.74589777,0.0014001381,0.39840186,0.008156578,0.5364309,0.013355758
375316653866487564,5922653145482763904,0.46100816,2377.8962130494047,1.0262244007674155,1.0194722E-5,18.328138,0.004672595,0.3793259,0.004356963,0.043270767,0.0030590117,0.12140016,0.010594377,0.88111967,0.0016597268,0.040827487,0.0021401877,0.125021,0.006911372,null,null,null,null,"TWOGAUSSIANS",8,6.782062,0.88111967,0.0016597268,0.22863393,0.0119850505,0.125021,0.0069113695,0.3793259,0.004356963,0.24231629,0.017130466,0.12140016,0.010594377
375316653866487564,5922653252880413184,0.59188545,2360.455771561894,3.155661201625205,3.265096E-6,18.19507,0.011668549,0.2817249,0.0013727502,0.04463099,0.0034003821,0.3074245,0.026248064,0.7766332,0.0028171141,0.056675456,0.004927558,0.3094808,0.027113713,0.0989473,0.015443807,0.2817249,0.0013727502,"TWOGAUSSIANS_WITH_ELLIPSOIDAL_ON_ECLIPSE1",9,5.7412624,0.77734315,0.00236943,0.31738254,0.027594326,0.5071883,0.016993007,0.2817249,0.0013727502,0.24993354,0.01904214,0.50530624,0.008159944
375316653866487564,5922654588591299328,0.47113547,2402.7174890650003,2.0399077763685494,1.7658804E-5,18.10841,0.0059673283,0.4847197,4.8179098E-4,0.0061612744,6.1616965E-4,0.6552865,0.06415307,0.79158175,0.009152585,0.021182032,0.00413667,0.106639266,0.032037225,0.012786398,0.009068351,0.4847197,4.8179098E-4,"TWOGAUSSIANS_WITH_ELLIPSOIDAL_ON_ECLIPSE1",9,27.622076,0.4847197,4.8179098E-4,0.034503136,0.00345055,0.6808591,0.065916225,0.7920317,0.009159463,0.11861938,0.02316535,0.1097902,0.032463748
375316653866487564,5922656066058960896,0.46428517,2393.9422847838814,3.40714214878346,1.8692874E-5,19.140247,0.0042457655,0.20449078,2.5277951E-4,0.003655199,0.00119972,0.20082898,0.33756942,0.72530216,0.0045112646,0.04107763,0.012052021,0.063746504,0.018806329,0.054499555,0.006547174,0.72530216,0.0045112646,"TWOGAUSSIANS_WITH_ELLIPSOIDAL_ON_ECLIPSE2",9,3.6014955,0.20450078,2.4507282E-4,0.020469114,0.006718432,0.30797583,0.34572625,0.72530216,0.0045112646,0.23003472,0.067491315,0.17274548,0.021524638
375316653866487564,5922656585767982720,0.51943487,2392.2269699855374,3.0162431295676764,2.0493395E-5,16.32957,0.011014558,0.24387433,0.004635882,0.051614933,0.018028159,0.09463127,0.02854716,0.7551396,0.009434944,0.04349218,0.013105262,0.07143268,0.024304539,0.08924904,0.013497763,0.24387433,0.004635882,"TWOGAUSSIANS_WITH_ELLIPSOIDAL_ON_ECLIPSE1",9,58.49379,0.24387433,0.004635882,0.2890436,0.10095769,0.27312845,0.022276947,0.7551396,0.009434944,0.24355622,0.07338947,0.24903706,0.01122459
375316653866487564,5922656688824997120,0.5200703,2371.659932818392,3.975140120764564,1.8043735E-5,19.69419,0.017691866,0.2398053,0.004862796,0.08323913,0.015588034,0.2909648,0.019550664,0.72783023,0.005387721,0.088753805,0.006342655,0.3585734,0.018821878,null,null,null,null,"TWOGAUSSIANS",8,1.8478721,0.72783023,0.005387721,0.4,0.0,0.35086,0.012486833,0.2398053,0.004862796,0.4,0.0,0.28325152,0.024286715
375316653866487564,5922656826263945728,0.4974059,2404.0208128770814,1.3068140707721567,9.514846E-6,19.517023,0.0053477758,0.21214765,0.002803212,0.02335013,0.0015241178,0.6347542,0.040542997,0.70296556,0.002754682,0.019463746,0.0043147644,0.17851608,0.014364539,null,null,null,null,"TWOGAUSSIANS",8,3.458232,0.21214765,0.002803212,0.13076073,0.008535059,0.6347542,0.040542997,0.70296556,0.002754682,0.10899698,0.024162682,0.17851608,0.014364539
375316653866487564,5922658166315963648,0.6005178,2355.824897098809,2.4391460427090257,3.2369596E-6,17.407461,0.006208574,0.26359454,0.002285418,0.11316514,0.0060177124,0.1596588,0.0054456694,0.7570611,0.0010998219,0.084491335,0.0019219732,0.34854606,0.008011029,null,null,null,null,"TWOGAUSSIANS",8,2.9220674,0.7570611,0.0010998219,0.4,0.0,0.3324281,0.0066598402,0.26359454,0.002285418,0.4,0.0,0.14352189,0.003601659
375316653866487564,5922659437604343040,0.47916403,2394.8068906710623,3.9285512049871936,2.5703272E-5,19.790691,0.010034658,0.25091416,0.013645172,0.06628052,0.0074029053,0.24951304,0.036439907,0.73442525,0.0070328754,0.079000875,0.009576496,0.24132778,0.023251055,null,null,null,null,"TWOGAUSSIANS",8,2.2396154,0.25091416,0.013645172,0.37117094,0.041456267,0.24863419,0.03632011,0.73442525,0.0070328754,0.4,0.0,0.2404489,0.023435501
375316653866487564,5922660086146017408,0.4886209,2368.4390129825456,2.1956858702613933,2.2409284E-5,18.362257,0.020394804,0.20202242,0.007235979,0.09190948,0.019855613,0.17295414,0.01764527,0.696199,0.0046045077,0.09547757,0.010530789,0.29329515,0.01903001,null,null,null,null,"TWOGAUSSIANS",8,8.128694,0.696199,0.0046045077,0.4,0.0,0.2815073,0.013395171,0.20202242,0.007235979,0.4,0.0,0.16116688,0.016838033
375316653866487564,5922660090461449728,0.54781103,2391.676909501861,2.895557075780374,2.4263732E-5,16.865452,0.015552128,0.2695441,0.0033475498,0.09630716,0.008527204,0.26586694,0.0136132855,0.78238887,0.003367597,0.09789861,0.009783132,0.20451836,0.013198927,null,null,null,null,"TWOGAUSSIANS",8,13.6841345,0.2695441,0.0033475498,0.4,0.0,0.25163522,0.0070746266,0.78238887,0.003367597,0.4,0.0,0.1902865,0.0068095783
375316653866487564,5922660395385960320,0.51082295,2381.9588054963083,4.554079856797203,1.0730804E-5,17.635647,0.007026312,0.24572447,0.007452554,0.01523611,0.0056569087,0.313809,2.8828206,0.7312261,1.2017301E-4,0.0066442387,2.9655616E-4,5.550568,1.1986232,null,null,null,null,"TWOGAUSSIANS",8,39.923878,0.7312261,1.2017301E-4,0.037207738,0.0016607145,5.550568,1.1986232,0.24572447,0.007452554,0.085322216,0.03167869,0.313809,2.8828206
375316653866487564,5922660876418358528,0.49829078,2395.064991719326,1.875451585507132,1.3476484E-5,15.948833,0.0011912428,null,null,null,null,null,null,null,null,null,null,null,null,0.04137903,0.0015652027,0.25129008,0.0032032584,"ELLIPSOIDAL",4,10.144844,null,null,null,null,null,null,null,null,null,null,null,null
375316653866487564,5922662907938121600,0.54565877,2375.6108511441935,3.4333678638355463,9.356568E-6,19.185133,0.009851443,0.24186105,0.0030950103,0.08737964,0.003909223,0.3987367,0.013212984,0.73185384,0.0022066114,0.09263001,0.0039453325,0.40262786,0.012087443,null,null,null,null,"TWOGAUSSIANS",8,2.0939753,0.73185384,0.0022066114,0.4,0.0,0.38815206,0.0116665345,0.24186105,0.0030950103,0.4,0.0,0.38426125,0.012123022
375316653866487564,5922663659558826240,0.530707,2386.066085365543,3.4732024899217913,2.0233678E-5,18.019293,0.10200276,0.24404399,0.0040786546,0.13209122,0.027947878,0.24240589,0.09874682,0.7633996,0.0054903114,0.12660028,0.025018865,0.25598156,0.09916452,null,null,null,null,"TWOGAUSSIANS",8,3.2070863,0.7637696,0.004715129,0.4,0.0,0.19008826,0.0073249866,0.243764,0.0037357644,0.4,0.0,0.17632888,0.0073862644
375316653866487564,5922664694644160768,0.49510336,2373.69609997664,3.7634883301334225,1.0007287E-5,19.582998,0.014666282,0.29030883,0.004515538,0.08834198,0.007962595,0.30876455,0.015300997,0.77431226,0.0033080229,0.0839373,0.008132508,0.28466544,0.017856779,null,null,null,null,"TWOGAUSSIANS",8,1.9749973,0.29030883,0.004515538,0.4,0.0,0.30207568,0.013007792,0.77431226,0.0033080229,0.4,0.0,0.27797663,0.018500002
375316653866487564,5922665446263645568,0.5118636,2370.4807331360166,3.466835604378374,1.3786416E-5,17.720194,0.00626361,0.2570969,0.0034114867,0.035601318,0.009949469,0.076226786,0.013548896,0.70319813,0.020377314,0.040181424,0.02235598,0.06747443,0.023581346,0.09698982,0.009563956,0.2570969,0.0034114867,"TWOGAUSSIANS_WITH_ELLIPSOIDAL_ON_ECLIPSE1",9,15.990305,0.2570969,0.0034114867,0.19936737,0.055717025,0.27020636,0.008416591,0.7179382,0.016953174,0.22501598,0.12519348,0.24555561,0.020666875
375316653866487564,5922666137753592960,0.50495636,2371.5393205875835,3.7656831700131193,1.9162193E-5,19.515423,0.040904973,0.21951012,0.008866683,0.07325596,0.012717701,0.3217019,0.040648777,0.731802,0.0046886257,0.078311086,0.012699409,0.48661643,0.034591414,null,null,null,null,"TWOGAUSSIANS",8,7.218594,0.731802,0.0046886257,0.4,0.0,0.48398733,0.031661678,0.21951012,0.008866683,0.4,0.014188202,0.3190728,0.03516287
375316653866487564,5922668676080722432,0.5833337,2359.2352557178187,2.989200561247175,9.3137505E-6,18.126461,0.00803821,0.21033128,0.0016587853,0.045718636,0.0051052473,0.19572665,0.019578792,0.7199082,0.007850622,0.064452924,0.007363654,0.15578674,0.019883966,0.09496729,0.012634896,0.21033128,0.0016587853,"TWOGAUSSIANS_WITH_ELLIPSOIDAL_ON_ECLIPSE1",9,5.4462857,0.21033128,0.0016587853,0.25602436,0.028589383,0.38561383,0.015815983,0.7199082,0.007850622,0.36093637,0.041236464,0.34498703,0.007951107
375316653866487564,5922670535802233600,0.52228504,2403.9655950534934,3.6482311782727073,1.6793398E-5,19.803215,0.00698842,0.2268947,0.0037388438,0.07866957,0.004018053,0.40009466,0.018986162,0.73647726,0.00264036,0.06481371,0.00267988,0.47279418,0.019965898,null,null,null,null,"TWOGAUSSIANS",8,1.7709953,0.73647726,0.00264036,0.3629568,0.015007328,0.4712296,0.020016154,0.2268947,0.0037388438,0.4,0.0,0.3985301,0.019092495
375316653866487564,5922670982498728704,0.47050998,2372.3221187062777,2.209419222017543,2.9357652E-5,14.481008,0.026076185,0.24383178,0.009305534,0.11355271,0.032682985,0.08472688,0.02206635,0.73039097,0.006160776,0.11245077,0.015556065,0.14171383,0.025778828,null,null,null,null,"TWOGAUSSIANS",8,170.75098,0.73039097,0.006160776,0.4,0.0,0.12528664,0.006749811,0.24388178,0.00926535,0.4,0.0,0.06830429,0.010160988
375316653866487564,5922671940254463488,0.48928002,2392.4027695159357,0.2012929777873745,2.251376E-5,17.305246,0.0041999035,0.19533597,0.010421185,0.057134192,0.011312952,0.04446371,0.007262649,0.8628214,0.0144025395,0.0034883653,0.0022846512,0.5838318,0.54587936,null,null,null,null,"TWOGAUSSIANS",8,18.378677,0.8628214,0.0144025395,0.019534845,0.012794047,0.5838318,0.54587936,0.19533597,0.010421185,0.31995147,0.06335253,0.04446371,0.007262649
375316653866487564,5922672391255026176,0.47025177,2379.2623793117355,2.1139175655856244,2.3641534E-5,18.000658,0.00210483,null,null,null,null,null,null,null,null,null,null,null,null,0.053289197,0.0027913996,0.2760642,0.004825214,"ELLIPSOIDAL",4,4.1366353,null,null,null,null,null,null,null,null,null,null,null,null
375316653866487564,5922673490759521664,0.6365658,2369.367702647516,3.1118235296105903,3.1083123E-6,17.320566,0.013985739,0.24959834,9.1285264E-4,0.04435207,0.0035755367,0.28998968,0.03001859,0.7526982,0.0018822851,0.052599654,0.003798824,0.4744718,0.026433233,0.135319,0.016935356,0.24959834,9.1285264E-4,"TWOGAUSSIANS_WITH_ELLIPSOIDAL_ON_ECLIPSE1",9,8.069058,0.7526982,0.0018822851,0.29455805,0.021273414,0.7450026,0.018544335,0.24959834,9.1285264E-4,0.24837159,0.020023005,0.5606231,0.0077443365
375316653866487564,5922675208746573824,0.59911525,2374.288137563932,1.6110956632395321,3.8075827E-6,15.677444,0.0030107137,0.22312951,0.0012418458,0.04743915,0.0021798625,0.18981773,0.006574891,0.7163888,0.0034803841,0.050803594,0.0031783914,0.09034285,0.007844414,0.01972944,0.003740971,0.22312951,0.0012418458,"TWOGAUSSIANS_WITH_ELLIPSOIDAL_ON_ECLIPSE1",9,6.602955,0.22312951,0.0012418458,0.26565924,0.012207231,0.22927614,0.004992197,0.7169388,0.0031113313,0.28450012,0.017798992,0.12973629,0.0037936326
375316653866487564,5922675655401610624,0.48259822,2391.231597841263,1.747940678473514,4.8180827E-6,19.62044,0.0056746462,0.24603602,0.002027243,0.02575452,0.002464673,0.50743246,0.08256837,0.7425265,0.006944111,0.028801206,0.010701718,0.18489587,0.0603093,null,null,null,null,"TWOGAUSSIANS",8,2.3791258,0.24603602,0.002027243,0.14422531,0.013802168,0.50743246,0.08256837,0.7425265,0.006944111,0.16128676,0.05992962,0.18489587,0.0603093
375316653866487564,5922676991137903360,0.58611506,2384.929290348093,2.918102792741447,3.8973913E-6,17.125921,0.008127011,0.259115,0.0014082721,0.055003766,0.006078982,0.14093268,0.017351985,0.75919074,0.0026538384,0.05659669,0.0058224313,0.1626882,0.015487509,0.08231141,0.010281613,0.259115,0.0014082721,"TWOGAUSSIANS_WITH_ELLIPSOIDAL_ON_ECLIPSE1",9,5.538879,0.75919074,0.0024558806,0.31694144,0.032605615,0.3272968,0.007851864,0.259115,0.0014082721,0.3080211,0.0340423,0.3055413,0.010979968
375316653866487564,5922678094964680064,0.62316847,2385.442841142542,0.6462102944302427,2.050993E-6,16.315578,0.0030754576,0.2127882,0.0020299477,0.027921893,0.0022303786,0.114504464,0.015547257,0.71325684,0.0011861663,0.02867274,0.0012922978,0.91680306,0.026618069,0.026227599,0.0044705165,0.2127882,0.0020299477,"TWOGAUSSIANS_WITH_ELLIPSOIDAL_ON_ECLIPSE1",9,26.27145,0.71325684,0.0011861663,0.16056734,0.007236868,0.9692577,0.026313365,0.2127882,0.0020299477,0.1563626,0.01249012,0.1669596,0.01452568
375316653866487564,5922683760005904896,0.4885617,2375.986322537793,3.613939562988626,2.7989263E-5,18.132921,0.006750596,0.20122416,0.004985414,0.03682751,0.01907889,0.054831594,0.015353543,0.6855551,0.010332883,0.046198986,0.014594085,0.10594919,0.02555027,0.062434964,0.008866214,0.20122416,0.004985414,"TWOGAUSSIANS_WITH_ELLIPSOIDAL_ON_ECLIPSE1",9,9.0958395,0.6881451,0.007953923,0.25871432,0.08172687,0.229811,0.02592675,0.20122416,0.004985414,0.20623405,0.10684178,0.17970115,0.008777252
