Gaia/vari_eclipsing_binary/VariEclipsingBinary_685522-685533.csv
# %ECSV 1.0
# ---
# delimiter: ','
# meta: !!omap
# - RELEASE: Gaia DR3
# - TABLE: vari_eclipsing_binary
# - DESCRIPTION: >
#     This table describes the properties of the eclipsing binaries resulting from the variability analysis. 
# - CITATION: >
#     How to cite and acknowledge Gaia: 
#     https://gea.esac.esa.int/archive/documentation/credits.html 
# - KNOWN_ISSUES: >
#     Known issues: 
#     https://www.cosmos.esa.int/web/gaia-users/known-issues 
# - DOCUMENTATION: >
#     Tutorials and documentation: 
#     https://www.cosmos.esa.int/web/gaia-users/archive 
# datatype:
# - 
#   name: solution_id
#   datatype: int64
#   description: Solution Identifier
#   meta:
#     ucd: meta.version
# - 
#   name: source_id
#   datatype: int64
#   description: Unique source identifier
#   meta:
#     ucd: meta.id;meta.main
# - 
#   name: global_ranking
#   datatype: float32
#   description: Number between 0 (worst) and 1 (best)
#   meta:
#     ucd: stat.param
# - 
#   name: reference_time
#   datatype: float64
#   unit: d
#   description: Reference time used for the geometric model fit
#   meta:
#     ucd: time.epoch
# - 
#   name: frequency
#   datatype: float64
#   unit: d**-1
#   description: Frequency of geometric model of the eclipsing binary light curve
#   meta:
#     ucd: src.orbital
# - 
#   name: frequency_error
#   datatype: float32
#   unit: d**-1
#   description: "Uncertainty of \\texttt{frequency}"
#   meta:
#     ucd: stat.error
# - 
#   name: geom_model_reference_level
#   datatype: float32
#   unit: mag
#   description: Magnitude reference level of geometric model
#   meta:
#     ucd: phot.mag;em.opt
# - 
#   name: geom_model_reference_level_error
#   datatype: float32
#   unit: mag
#   description: "Uncertainty of \\texttt{geomModelReferenceLevel}"
#   meta:
#     ucd: stat.error;phot.mag;em.opt
# - 
#   name: geom_model_gaussian1_phase
#   datatype: float32
#   description: Phase of the Gaussian 1 component
#   meta:
#     ucd: time.phase
# - 
#   name: geom_model_gaussian1_phase_error
#   datatype: float32
#   description: "Uncertainty of \\texttt{geomModelGaussian1Phase}"
#   meta:
#     ucd: stat.error;time.phase
# - 
#   name: geom_model_gaussian1_sigma
#   datatype: float32
#   description: "Standard deviation [phase] of Gaussian 1 component"
#   meta:
#     ucd: stat.stdev
# - 
#   name: geom_model_gaussian1_sigma_error
#   datatype: float32
#   description: "Uncertainty of \\texttt{geomModelGaussian1Sigma}"
#   meta:
#     ucd: stat.error
# - 
#   name: geom_model_gaussian1_depth
#   datatype: float32
#   unit: mag
#   description: Magnitude depth of Gaussian 1 component
#   meta:
#     ucd: src.var.amplitude
# - 
#   name: geom_model_gaussian1_depth_error
#   datatype: float32
#   unit: mag
#   description: "Uncertainty of \\texttt{geomModelGaussian1Depth}"
#   meta:
#     ucd: stat.error;src.var.amplitude
# - 
#   name: geom_model_gaussian2_phase
#   datatype: float32
#   description: Phase of Gaussian 2 component
#   meta:
#     ucd: time.phase
# - 
#   name: geom_model_gaussian2_phase_error
#   datatype: float32
#   description: "Uncertainty of \\texttt{geomModelGaussian2Phase}"
#   meta:
#     ucd: stat.error;time.phase
# - 
#   name: geom_model_gaussian2_sigma
#   datatype: float32
[...]
#   datatype: float32
#   description: "Secondary eclipse: uncertainty of \\texttt{derivedSecondaryEclDuration}"
#   meta:
#     ucd: stat.error;time.duration
# - 
#   name: derived_secondary_ecl_depth
#   datatype: float32
#   unit: mag
#   description: "Secondary eclipse: depth"
#   meta:
#     ucd: src.var.amplitude
# - 
#   name: derived_secondary_ecl_depth_error
#   datatype: float32
#   unit: mag
#   description: "Secondary eclipse: uncertainty of \\texttt{derivedSecondaryEclDepth}"
#   meta:
#     ucd: stat.error;src.var.amplitude
solution_id,source_id,global_ranking,reference_time,frequency,frequency_error,geom_model_reference_level,geom_model_reference_level_error,geom_model_gaussian1_phase,geom_model_gaussian1_phase_error,geom_model_gaussian1_sigma,geom_model_gaussian1_sigma_error,geom_model_gaussian1_depth,geom_model_gaussian1_depth_error,geom_model_gaussian2_phase,geom_model_gaussian2_phase_error,geom_model_gaussian2_sigma,geom_model_gaussian2_sigma_error,geom_model_gaussian2_depth,geom_model_gaussian2_depth_error,geom_model_cosine_half_period_amplitude,geom_model_cosine_half_period_amplitude_error,geom_model_cosine_half_period_phase,geom_model_cosine_half_period_phase_error,model_type,num_model_parameters,reduced_chi2,derived_primary_ecl_phase,derived_primary_ecl_phase_error,derived_primary_ecl_duration,derived_primary_ecl_duration_error,derived_primary_ecl_depth,derived_primary_ecl_depth_error,derived_secondary_ecl_phase,derived_secondary_ecl_phase_error,derived_secondary_ecl_duration,derived_secondary_ecl_duration_error,derived_secondary_ecl_depth,derived_secondary_ecl_depth_error
[from data line 524]
375316653866487564,6030004620463651456,0.46292704,2305.717783385898,0.5501296899242345,1.0649526E-4,19.156967,0.015596072,0.1773619,0.02445719,0.05866804,0.01556222,0.4093562,0.12615755,0.4638418,0.092047855,0.14416853,0.06331946,0.16192728,0.05716822,null,null,null,null,"TWOGAUSSIANS",8,6.725971,0.18004191,0.022042856,0.32854104,0.08714843,0.43123257,0.13275535,0.4638418,0.092047855,0.4,0.0,0.16090594,0.056963775
375316653866487564,6030004719196726016,0.52931607,2317.512654848322,3.0490289412182716,6.766361E-6,18.31805,0.011252821,0.29368892,0.005867386,0.081175745,0.00466488,0.49316043,0.025614133,0.7920891,0.0034051528,0.071095504,0.0047947466,0.40223244,0.01560628,null,null,null,null,"TWOGAUSSIANS",8,7.9735746,0.29368892,0.005867386,0.4,0.0,0.4892209,0.02464499,0.7920891,0.0034051528,0.39813483,0.017455291,0.3982929,0.015264719
375316653866487564,6030004753532434560,0.55111206,2297.571762209809,2.3384725059481415,5.7771613E-6,18.921707,0.014575022,0.20577352,0.0049010976,0.08286105,0.006875047,0.42130715,0.01936701,0.7069978,0.0022355146,0.08427588,0.0036247352,0.45407188,0.019085377,null,null,null,null,"TWOGAUSSIANS",8,1.9797841,0.7069978,0.0022355146,0.4,0.0,0.44431928,0.017909732,0.20577352,0.0049010976,0.4,0.0,0.41155455,0.019257275
375316653866487564,6030004757902584192,0.47385287,2307.7637077828863,2.647391453827439,1.2734235E-4,17.759361,0.0139368875,0.22673643,0.007546544,0.094670154,0.018226529,0.10703941,0.012944193,0.75235057,0.023400303,0.05424757,0.03726076,0.07150293,0.015502997,null,null,null,null,"TWOGAUSSIANS",8,7.4454565,0.22673643,0.007546544,0.4,0.0,0.1066884,0.008644068,0.75235057,0.023400303,0.3037864,0.13434027,0.07115233,0.013289487
375316653866487564,6030004929750783616,0.48285332,2255.4753173609856,3.817014381827442,4.7540056E-5,19.39208,0.0059664664,0.27045718,0.022787144,0.053713705,0.023296252,0.20212466,0.060564253,0.7654855,0.0054691657,0.051562365,0.008014242,0.16294074,0.016541716,null,null,null,null,"TWOGAUSSIANS",8,2.741266,0.27045718,0.022787144,0.30079675,0.13045901,0.20212099,0.06057801,0.7654855,0.0054691657,0.28874925,0.044879757,0.16293707,0.016540766
375316653866487564,6030005440730431232,0.5629647,2306.595713097034,1.6157692023708266,1.0691608E-5,15.560097,0.005272816,0.23514885,0.0047380794,0.08944841,0.006457529,0.1365983,0.0062684794,0.7348173,0.0018302773,0.088391796,0.0039022865,0.19432923,0.005062534,null,null,null,null,"TWOGAUSSIANS",8,18.245436,0.7348173,0.0018302773,0.4,0.0,0.18812373,0.0043411627,0.23514885,0.0047380794,0.4,0.0,0.1303928,0.0051943134
375316653866487564,6030005990523817216,0.53670317,2281.8845790533665,2.049966095358678,7.739811E-6,18.358553,0.0137646785,0.2367066,0.010045365,0.095119864,0.01908627,0.21659599,0.020549815,0.7309906,0.0027220733,0.0768757,0.0059105093,0.2681555,0.014963998,null,null,null,null,"TWOGAUSSIANS",8,3.6125958,0.7309906,0.0027220733,0.4,0.0,0.26188812,0.01226209,0.2367066,0.010045365,0.4,0.0,0.21032819,0.023740394
375316653866487564,6030006059233722240,0.43105087,2337.562535681842,0.9207049463338954,5.942988E-5,19.45724,0.07892663,0.32708728,0.009128415,0.048730128,0.043391638,0.2415767,0.059406813,0.8372032,0.007804785,0.08644732,0.048857376,0.15014972,0.06551128,null,null,null,null,"TWOGAUSSIANS",8,3.78256,0.32708728,0.0091338465,0.27288872,0.23159586,0.24130219,0.061352648,0.8372032,0.007804785,0.4,0.0,0.1498752,0.054366734
375316653866487564,6030006338455036288,0.4978548,2279.9599406302127,2.989565299105096,2.7272936E-5,19.792856,0.019542776,0.25185978,0.0070967963,0.06991942,0.007817152,0.38279757,0.02545821,0.7377934,0.013043739,0.07668418,0.015253108,0.34576765,0.027835613,null,null,null,null,"TWOGAUSSIANS",8,2.9978914,0.25185978,0.0070967963,0.39154875,0.039795157,0.3812473,0.023963092,0.7377934,0.013043739,0.4,0.005207631,0.34421742,0.02658023
375316653866487564,6030006338455043072,0.4263488,2360.5541904556926,4.754230801359031,5.3604184E-5,17.711191,0.0065976116,0.18047635,0.026384609,0.102654256,0.018205287,0.04730509,0.01210105,0.66389596,0.0015830842,0.028601665,0.0022538665,0.11648399,0.0059504164,null,null,null,null,"TWOGAUSSIANS",8,8.510352,0.66389596,0.0015830842,0.16016932,0.012621653,0.116443805,0.005913367,0.18047635,0.026384609,0.4,0.0,0.047264036,0.012097077
375316653866487564,6030006712078338304,0.43668348,2363.940027738658,2.1895450489046464,2.9393099E-5,19.639767,0.026116846,0.13560332,0.012814588,0.011639744,0.006179478,0.40479404,0.7661289,0.4609678,0.018759381,0.123296306,0.017640408,0.38243124,0.04173443,null,null,null,null,"TWOGAUSSIANS",8,5.2394185,0.13568331,0.012865112,0.06518257,0.03460508,0.4163593,0.766724,0.4609678,0.018759381,0.4,0.0,0.38222587,0.04172754
375316653866487564,6030006780760594176,0.49641258,2284.082310528029,2.517500690826985,1.995168E-5,18.71733,0.015466102,0.23202215,0.007702021,0.09320927,0.014629127,0.2557455,0.026584094,0.7358379,0.0076384796,0.091207504,0.01406981,0.14575897,0.018188326,null,null,null,null,"TWOGAUSSIANS",8,3.2449343,0.23202215,0.007702021,0.4,0.0,0.24652135,0.03172696,0.7358379,0.0076384796,0.4,0.0,0.13653503,0.015183724
375316653866487564,6030007060005434240,0.4237574,2278.189245285256,3.517557430663521,5.632898E-5,19.680468,0.044463977,0.30363482,0.010103567,0.07833146,0.021563381,0.21115874,0.039945386,0.80009955,0.023870565,0.12087151,0.042844053,0.1419088,0.047145586,null,null,null,null,"TWOGAUSSIANS",8,4.1068687,0.30364484,0.0101084635,0.4,0.04749211,0.19811958,0.029096141,0.80009955,0.023870565,0.4,0.0,0.12881465,0.03395671
375316653866487564,6030007506686780032,0.4262416,2329.6210747152504,1.896599298774241,2.1023785E-5,17.900347,0.0033224786,0.3716386,0.112062305,0.045973808,0.06636442,0.026278766,0.0133129405,0.7999169,0.007633175,0.03656952,0.01588964,0.04838572,0.011952797,0.04817392,0.008640247,0.7999169,0.007633175,"TWOGAUSSIANS_WITH_ELLIPSOIDAL_ON_ECLIPSE2",9,9.5220995,0.7999169,0.0076363785,0.20478931,0.088981986,0.14473349,0.008870395,0.3415086,0.047361597,0.25745332,0.15443492,0.11111643,0.027963914
375316653866487564,6030007506686910592,0.51509243,2283.61584419938,2.8243003314138937,1.5394338E-5,19.21254,0.020692697,0.207696,0.0016857806,0.060671397,0.005099118,0.55978364,0.06269267,0.7091816,0.0118990615,0.08287175,0.013801091,0.5348715,0.04157815,null,null,null,null,"TWOGAUSSIANS",8,5.394679,0.207696,0.0016857806,0.33975983,0.028555062,0.55737674,0.06332808,0.7091816,0.0118990615,0.4,0.0,0.5324646,0.04310039
375316653866487564,6030007605394626560,0.56916076,2297.4340374106487,0.6988510220400379,7.3839647E-6,16.28501,0.0016698564,0.34034112,0.0022303804,0.054612897,0.0025813202,0.13607734,0.003165073,0.8391312,0.002814373,0.050559897,0.0033791729,0.04882719,0.0028502154,null,null,null,null,"TWOGAUSSIANS",8,3.102968,0.34034112,0.0022303804,0.3058322,0.014455393,0.1360754,0.0031646297,0.8391312,0.002814373,0.2831354,0.018923368,0.048825253,0.0028500448
375316653866487564,6030007708493647360,0.5077015,2308.1484542561957,2.6582485049253157,2.3811313E-5,19.235252,0.062193733,0.21317004,0.006568453,0.09596902,0.015852354,0.3915398,0.05939833,0.7070544,0.011100915,0.0967325,0.0209456,0.41867137,0.061785936,null,null,null,null,"TWOGAUSSIANS",8,4.6462064,0.7070544,0.011100915,0.4,0.0,0.39293894,0.022420535,0.21317004,0.006568363,0.4,0.0,0.3658077,0.021457102
375316653866487564,6030008326974992768,0.598638,2304.488401424636,0.5162597158357636,1.7480082E-4,16.96256,0.003775743,0.25972423,0.0059815357,0.011047053,0.003894567,0.6441198,0.15759085,0.78309566,0.06861031,0.058223438,0.043781966,0.02210805,0.077652745,0.017294759,0.0052216644,0.25972423,0.0059815357,"TWOGAUSSIANS_WITH_ELLIPSOIDAL_ON_ECLIPSE1",9,10.047873,0.25972423,0.0059815357,0.061863497,0.021809576,0.67870885,0.1563528,0.78309566,0.068461195,0.32605124,0.24517901,0.05595661,0.076233566
375316653866487564,6030008743633219200,0.46057996,2353.6291989440774,1.288684954792342,1.0166303E-4,18.113909,0.0058466643,0.23423871,0.00477557,0.05100071,0.01060634,0.09701833,0.0115949875,0.72907144,0.010562836,0.04878446,0.027606996,0.29810852,0.88819766,null,null,null,null,"TWOGAUSSIANS",8,4.93969,0.72907144,0.010562836,0.27319297,0.14585549,0.29810762,0.8882119,0.23423871,0.00477557,0.28560397,0.059395503,0.09701742,0.011593949
375316653866487564,6030008881072235264,0.54123104,2292.810182551742,2.4418094428223096,1.3274217E-5,19.365274,0.008444556,0.31628978,0.0041078096,0.05245392,0.015284913,0.1460617,0.037902847,0.79271245,0.007243247,0.03382377,0.00831239,0.1996282,0.03402173,0.1351784,0.015915338,0.31628978,0.0041078096,"TWOGAUSSIANS_WITH_ELLIPSOIDAL_ON_ECLIPSE1",9,2.2722867,0.79526246,0.0071860105,0.18941312,0.046549387,0.46472448,0.017890258,0.31628978,0.0041078096,0.29374197,0.08559551,0.4164163,0.035087034
375316653866487564,6030008911096638336,0.4954376,2298.9764723254293,1.2813240408382585,1.3411538E-5,18.257143,0.008737521,0.30535215,0.008994175,0.03469026,0.0073652975,0.33583298,0.028434936,0.8027559,0.0051345048,0.031177677,0.017766505,0.5533009,0.33602956,null,null,null,null,"TWOGAUSSIANS",8,16.909866,0.8027559,0.0051345048,0.174595,0.09949243,0.5533009,0.3360296,0.30535215,0.008994175,0.19426546,0.041245665,0.33583298,0.028434934
375316653866487564,6030009082859736192,0.5001369,2292.692040207619,1.606137960011282,9.062701E-6,17.002098,0.0072536897,0.28760818,0.0040291767,0.079214446,0.005724138,0.27109,0.010816239,0.779905,0.0065932786,0.09057839,0.009390586,0.20758256,0.021900646,null,null,null,null,"TWOGAUSSIANS",8,14.598373,0.28760818,0.0040291767,0.4,0.0,0.2657349,0.010701071,0.779905,0.0065932786,0.4,0.0,0.20222737,0.022972735
375316653866487564,6030009155950528128,0.5261479,2309.2049099344176,2.185889132721993,1.0849082E-5,17.440878,0.01182578,0.19071116,0.004162827,0.101203695,0.013329029,0.10915045,0.010332431,0.69931173,0.006629576,0.106363975,0.015342552,0.083685294,0.011339765,null,null,null,null,"TWOGAUSSIANS",8,1.6872994,0.19071116,0.0041580037,0.4,0.0,0.09971278,0.003892179,0.69931173,0.0066374396,0.4,0.0,0.074245974,0.004047363
375316653866487564,6030009259029814400,0.5516128,2276.819607194077,2.8184917133299114,1.6173866E-5,19.22972,0.010727104,0.30070376,0.002310282,0.063472785,0.0025640964,0.7040654,0.020209728,0.79872364,0.008244079,0.07387787,0.006651007,0.48382282,0.04457788,null,null,null,null,"TWOGAUSSIANS",8,4.318499,0.30070376,0.002310282,0.35544762,0.01435894,0.70262605,0.020044163,0.79872364,0.008244079,0.4,0.007981918,0.48238346,0.04460794
375316653866487564,6030009705706384768,0.48020628,2303.194102371798,2.7337143070957506,3.235424E-5,18.921144,0.04816662,0.22808397,0.0074775903,0.08056339,0.012734673,0.38241413,0.0499393,0.72579575,0.009665104,0.10385746,0.022881767,0.32502475,0.044435114,null,null,null,null,"TWOGAUSSIANS",8,10.1226225,0.22808397,0.0074861413,0.4,0.0,0.36551142,0.03012825,0.72579575,0.009665104,0.4,0.0,0.308116,0.039527383
375316653866487564,6030009873163558272,0.47424838,2282.0159690737482,1.9150347734305748,1.4316747E-5,18.490273,0.01713664,0.23099883,0.019827208,0.09040928,0.023111843,0.08714727,0.018900013,0.7459588,0.0050212424,0.12005913,0.011921342,0.14713126,0.017073631,null,null,null,null,"TWOGAUSSIANS",8,3.0569725,0.7459588,0.0050212424,0.4,0.0,0.13548614,0.0076484154,0.23091882,0.01991471,0.4,0.0,0.075559035,0.008633514
375316653866487564,6030010014980911232,0.5077047,2300.4939724161504,1.1844537649644882,1.9074312E-5,16.029375,0.0033822132,0.15210587,0.004896575,0.072285354,0.007304004,0.08489026,0.003722195,0.6500129,0.0037854228,0.07877705,0.0068049715,0.047355443,0.0035800433,null,null,null,null,"TWOGAUSSIANS",8,7.5201764,0.15210587,0.004896575,0.4,0.01786398,0.0843936,0.0036100282,0.6500129,0.0037854228,0.4,0.0,0.046858788,0.0033049237
375316653866487564,6030010049340690048,0.51752836,2313.3700637651095,1.8668261192336724,1.5691645E-5,17.959988,0.014077825,0.26886445,0.0024979124,0.08336272,0.0061201714,0.47504854,0.024053585,0.7803821,0.009677842,0.083646834,0.014191921,0.28934574,0.05745293,null,null,null,null,"TWOGAUSSIANS",8,14.601372,0.26886445,0.0024979124,0.4,0.0,0.46826714,0.025703058,0.7803821,0.009677842,0.4,0.005411455,0.28256434,0.060505617
375316653866487564,6030010461620004736,0.50923914,2313.5671752583635,3.240655818776069,3.425446E-5,18.849596,0.012487187,0.1568749,0.0072746077,0.0828826,0.009157301,0.21403146,0.016281633,0.6356554,0.0035380328,0.09343038,0.00930157,0.21204665,0.017243672,null,null,null,null,"TWOGAUSSIANS",8,2.1781044,0.1568749,0.0072746077,0.4,0.0,0.20865192,0.014316709,0.6356554,0.0035380328,0.4,0.0,0.20666668,0.017295547
375316653866487564,6030010736498074624,0.5069175,2288.5201735238147,0.963683957510793,3.0738785E-5,18.92947,0.0042177807,0.4125919,0.0016503626,0.02046597,0.0021874027,0.67632294,0.26870123,0.5140067,0.0071323207,0.018779451,0.010524565,0.19825572,4.832337,null,null,null,null,"TWOGAUSSIANS",8,2.0585992,0.4125919,0.0016503626,0.114609435,0.012249455,0.676323,0.2687022,0.5140067,0.0071323207,0.10516492,0.05893757,0.19825886,4.8323345
375316653866487564,6030011144473494784,0.4934525,2317.5349965587425,2.3442225917101487,2.071072E-5,19.37657,0.6060067,0.22331882,0.004312766,0.14735894,0.04594631,0.681537,0.5473333,0.72021306,0.008513816,0.1688362,0.07918316,0.6908724,0.58555424,null,null,null,null,"TWOGAUSSIANS",8,2.27097,0.22386882,0.0040772115,0.4,0.0,0.31290242,0.018038556,0.72021306,0.008513816,0.4,0.0,0.30931267,0.040917985
375316653866487564,6030011251894691200,0.50753176,2303.430205974547,1.4919853402477194,1.810615E-5,18.275217,0.00713749,0.29064575,0.0017223634,0.042681385,0.0021033685,0.35411623,0.015608044,0.79578,0.01133532,0.04880941,0.010273475,0.105378084,0.013177664,null,null,null,null,"TWOGAUSSIANS",8,8.171228,0.29064575,0.0017223634,0.23901576,0.011778863,0.35411614,0.015608013,0.79578,0.01133532,0.2733327,0.05753146,0.105377994,0.01317766
375316653866487564,6030011286302703488,0.44170836,2297.090166110785,2.9660696812981255,1.1312806E-4,19.627909,0.017129784,0.23416172,0.04301348,0.07361543,0.037461497,0.16421406,0.052872665,0.7446135,0.010836005,0.075308986,0.01415446,0.24780428,0.04105877,null,null,null,null,"TWOGAUSSIANS",8,5.2828264,0.7446135,0.010836005,0.4,0.0077097015,0.2466694,0.041307874,0.23416172,0.04301348,0.4,0.044389926,0.16307917,0.05039407
375316653866487564,6030011629856598400,0.46815592,2318.7123225755877,3.3654123076331572,5.8846683E-5,19.394472,0.009800122,0.29933205,0.0031379852,0.06325058,0.007875362,0.18385889,0.008233625,0.7896781,0.02709309,0.07286935,0.01999249,0.18065462,0.049151223,null,null,null,null,"TWOGAUSSIANS",8,3.818806,0.29933205,0.0031379852,0.35420325,0.044102028,0.1835307,0.007838778,0.7896781,0.02709309,0.4,0.09127799,0.18032642,0.04923247
375316653866487564,6030011732968298880,0.49746287,2344.3364805547917,1.1557984598308595,8.1221144E-5,16.853132,0.0030823404,0.43259355,0.0071879635,0.057538364,0.005262098,0.24941936,0.02718499,null,null,null,null,null,null,null,null,null,null,"ONEGAUSSIAN",5,20.34317,0.43259355,0.0071879635,0.32221484,0.029467747,0.24941936,0.0,null,null,null,null,null,null
375316653866487564,6030011836047540352,0.42790377,2364.292480811685,2.0511316587485147,2.634781E-4,18.039625,0.008311697,0.49129713,0.0145865185,0.08865738,0.015793957,0.17396699,0.01331435,0.8546184,0.018365752,0.05043465,0.0117996335,0.07315192,0.06719349,null,null,null,null,"TWOGAUSSIANS",8,8.20754,0.49129713,0.0145865185,0.4,0.0,0.1739601,0.013329669,0.8546184,0.018365752,0.28243405,0.06607795,0.07318427,0.067222066
