Gaia/vari_eclipsing_binary/VariEclipsingBinary_512456-512507.csv
# %ECSV 1.0
# ---
# delimiter: ','
# meta: !!omap
# - RELEASE: Gaia DR3
# - TABLE: vari_eclipsing_binary
# - DESCRIPTION: >
#     This table describes the properties of the eclipsing binaries resulting from the variability analysis. 
# - CITATION: >
#     How to cite and acknowledge Gaia: 
#     https://gea.esac.esa.int/archive/documentation/credits.html 
# - KNOWN_ISSUES: >
#     Known issues: 
#     https://www.cosmos.esa.int/web/gaia-users/known-issues 
# - DOCUMENTATION: >
#     Tutorials and documentation: 
#     https://www.cosmos.esa.int/web/gaia-users/archive 
# datatype:
# - 
#   name: solution_id
#   datatype: int64
#   description: Solution Identifier
#   meta:
#     ucd: meta.version
# - 
#   name: source_id
#   datatype: int64
#   description: Unique source identifier
#   meta:
#     ucd: meta.id;meta.main
# - 
#   name: global_ranking
#   datatype: float32
#   description: Number between 0 (worst) and 1 (best)
#   meta:
#     ucd: stat.param
# - 
#   name: reference_time
#   datatype: float64
#   unit: d
#   description: Reference time used for the geometric model fit
#   meta:
#     ucd: time.epoch
# - 
#   name: frequency
#   datatype: float64
#   unit: d**-1
#   description: Frequency of geometric model of the eclipsing binary light curve
#   meta:
#     ucd: src.orbital
# - 
#   name: frequency_error
#   datatype: float32
#   unit: d**-1
#   description: "Uncertainty of \\texttt{frequency}"
#   meta:
#     ucd: stat.error
# - 
#   name: geom_model_reference_level
#   datatype: float32
#   unit: mag
#   description: Magnitude reference level of geometric model
#   meta:
#     ucd: phot.mag;em.opt
# - 
#   name: geom_model_reference_level_error
#   datatype: float32
#   unit: mag
#   description: "Uncertainty of \\texttt{geomModelReferenceLevel}"
#   meta:
#     ucd: stat.error;phot.mag;em.opt
# - 
#   name: geom_model_gaussian1_phase
#   datatype: float32
#   description: Phase of the Gaussian 1 component
#   meta:
#     ucd: time.phase
# - 
#   name: geom_model_gaussian1_phase_error
#   datatype: float32
#   description: "Uncertainty of \\texttt{geomModelGaussian1Phase}"
#   meta:
#     ucd: stat.error;time.phase
# - 
#   name: geom_model_gaussian1_sigma
#   datatype: float32
#   description: "Standard deviation [phase] of Gaussian 1 component"
#   meta:
#     ucd: stat.stdev
# - 
#   name: geom_model_gaussian1_sigma_error
#   datatype: float32
#   description: "Uncertainty of \\texttt{geomModelGaussian1Sigma}"
#   meta:
#     ucd: stat.error
# - 
#   name: geom_model_gaussian1_depth
#   datatype: float32
#   unit: mag
#   description: Magnitude depth of Gaussian 1 component
#   meta:
#     ucd: src.var.amplitude
# - 
#   name: geom_model_gaussian1_depth_error
#   datatype: float32
#   unit: mag
#   description: "Uncertainty of \\texttt{geomModelGaussian1Depth}"
#   meta:
#     ucd: stat.error;src.var.amplitude
# - 
#   name: geom_model_gaussian2_phase
#   datatype: float32
#   description: Phase of Gaussian 2 component
#   meta:
#     ucd: time.phase
# - 
#   name: geom_model_gaussian2_phase_error
#   datatype: float32
#   description: "Uncertainty of \\texttt{geomModelGaussian2Phase}"
#   meta:
#     ucd: stat.error;time.phase
# - 
#   name: geom_model_gaussian2_sigma
#   datatype: float32
[...]
#   datatype: float32
#   description: "Secondary eclipse: uncertainty of \\texttt{derivedSecondaryEclDuration}"
#   meta:
#     ucd: stat.error;time.duration
# - 
#   name: derived_secondary_ecl_depth
#   datatype: float32
#   unit: mag
#   description: "Secondary eclipse: depth"
#   meta:
#     ucd: src.var.amplitude
# - 
#   name: derived_secondary_ecl_depth_error
#   datatype: float32
#   unit: mag
#   description: "Secondary eclipse: uncertainty of \\texttt{derivedSecondaryEclDepth}"
#   meta:
#     ucd: stat.error;src.var.amplitude
solution_id,source_id,global_ranking,reference_time,frequency,frequency_error,geom_model_reference_level,geom_model_reference_level_error,geom_model_gaussian1_phase,geom_model_gaussian1_phase_error,geom_model_gaussian1_sigma,geom_model_gaussian1_sigma_error,geom_model_gaussian1_depth,geom_model_gaussian1_depth_error,geom_model_gaussian2_phase,geom_model_gaussian2_phase_error,geom_model_gaussian2_sigma,geom_model_gaussian2_sigma_error,geom_model_gaussian2_depth,geom_model_gaussian2_depth_error,geom_model_cosine_half_period_amplitude,geom_model_cosine_half_period_amplitude_error,geom_model_cosine_half_period_phase,geom_model_cosine_half_period_phase_error,model_type,num_model_parameters,reduced_chi2,derived_primary_ecl_phase,derived_primary_ecl_phase_error,derived_primary_ecl_duration,derived_primary_ecl_duration_error,derived_primary_ecl_depth,derived_primary_ecl_depth_error,derived_secondary_ecl_phase,derived_secondary_ecl_phase_error,derived_secondary_ecl_duration,derived_secondary_ecl_duration_error,derived_secondary_ecl_depth,derived_secondary_ecl_depth_error
[from data line 326]
375316653866487564,4507825123593538176,0.4795247,2289.2071169463215,2.3965321297991737,1.7041604E-5,19.076889,0.013831773,0.30049804,0.004337222,0.08806594,0.009628625,0.19329159,0.020033875,0.8003493,0.0156575,0.08158656,0.023570938,0.17250209,0.06390719,null,null,null,null,"TWOGAUSSIANS",8,3.396763,0.30049804,0.004337222,0.4,0.0,0.18855026,0.019174287,0.8003493,0.0156575,0.4,0.05021991,0.16776079,0.066932894
375316653866487564,4507825467186337664,0.5605956,2307.181549617126,1.962924884390991,1.7759932E-5,15.630177,0.0012659366,0.113934875,0.0021528187,0.008018051,0.0026156025,0.008153883,0.0013998519,0.42267975,1.66559E-6,0.003119298,9.239984E-5,0.20008472,9.387418E-4,null,null,null,null,"TWOGAUSSIANS",8,13.575468,0.42267975,1.66559E-6,0.017468069,5.174391E-4,0.20008472,9.387418E-4,0.113934875,0.0021528187,0.044901088,0.014647374,0.008153883,0.0013998519
375316653866487564,4507826429258856320,0.5458273,2267.766085452877,2.5933947635119883,1.8073646E-5,17.634459,0.009477952,0.2709872,0.004808161,0.08970634,0.0069773495,0.1858279,0.009596877,0.766875,0.007642552,0.095090955,0.011115477,0.17863435,0.011245493,null,null,null,null,"TWOGAUSSIANS",8,3.5689304,0.2709872,0.004808161,0.4,0.0,0.1770145,0.0060108323,0.766875,0.007642552,0.4,0.0,0.16982065,0.009989883
375316653866487564,4507826807198443008,0.49584052,2252.562104042206,3.4886751759644663,2.9997698E-5,19.665516,0.013855409,0.24405299,0.0050339955,0.07732166,0.009427405,0.32326806,0.024794709,0.7414568,0.015244272,0.069143444,0.014729651,0.27633712,0.03172695,null,null,null,null,"TWOGAUSSIANS",8,2.3019614,0.24405299,0.0050339955,0.4,0.0,0.32160538,0.025395313,0.7414568,0.015244272,0.3872033,0.077878766,0.27467445,0.031994656
375316653866487564,4507826837263398656,0.54516405,2213.1952472332396,3.215749341388908,7.5276484E-6,18.81943,0.008076426,0.25475627,0.0047632437,0.07331684,0.0041372827,0.4541651,0.029250108,0.7504488,0.0014410133,0.06696357,0.0030768523,0.6589274,0.044327997,null,null,null,null,"TWOGAUSSIANS",8,4.2698545,0.7504488,0.0014410133,0.37499598,0.017230373,0.6572386,0.044749487,0.25475627,0.0047632437,0.4,0.0,0.45247632,0.02947322
375316653866487564,4507828662624355840,0.55434775,2230.915301486749,3.7265185695582876,3.241556E-5,19.73264,0.016951503,0.2544802,0.0036854092,0.067693144,0.0049990797,0.5365293,0.01844472,0.7525712,0.00519205,0.06581864,0.0067160493,0.47948155,0.048058532,null,null,null,null,"TWOGAUSSIANS",8,2.339162,0.2544802,0.0036854092,0.3790816,0.027994845,0.5356629,0.017931024,0.7525712,0.00519205,0.36858436,0.037609875,0.47861513,0.04830922
375316653866487564,4507829311164900480,0.5353821,2248.793294553353,3.7504338731017453,1.8092334E-5,17.948795,0.0037977514,0.25529167,0.005378348,0.07128437,0.0065944283,0.16315442,0.006479895,0.75507283,0.005994478,0.07095981,0.0068447823,0.15385173,0.010656589,null,null,null,null,"TWOGAUSSIANS",8,2.1258576,0.25529167,0.005378348,0.39919248,0.03257335,0.16250052,0.006468991,0.75507283,0.005994478,0.39737493,0.026788965,0.15319782,0.01078813
375316653866487564,4507829487258172160,0.5851645,2272.729608185491,3.7915224824930096,7.907995E-6,19.340912,0.0092742955,0.24303778,0.0050130626,0.06392641,0.0040942845,0.6541435,0.024949072,0.73608166,0.001835924,0.061587036,0.0024677056,0.6953157,0.019382898,null,null,null,null,"TWOGAUSSIANS",8,2.61286,0.73608166,0.001835924,0.3448874,0.013819152,0.6949292,0.019416302,0.24303778,0.0050130626,0.35798794,0.022927992,0.653757,0.025022514
375316653866487564,4507829551682997632,0.60516375,2284.3486524805244,0.18601710189319895,1.5463547E-5,17.320923,0.0019299466,0.32313624,0.001917937,0.027972378,0.008673706,0.057634357,0.013880686,0.82339156,0.0021897429,0.021852,0.0017074484,0.27342203,0.02131123,0.06053534,0.0035966649,0.32313624,0.001917937,"TWOGAUSSIANS_WITH_ELLIPSOIDAL_ON_ECLIPSE1",9,2.4529817,0.82339156,0.0021620006,0.1223712,0.009561711,0.3944924,0.02141135,0.32313624,0.001917937,0.15664531,0.048572753,0.17870502,0.013773114
375316653866487564,4507830071391331968,0.5412323,2277.12669318837,2.5296483990992193,3.053729E-5,17.729872,0.013423075,0.2606081,0.007087532,0.09327401,0.010259712,0.18909888,0.01618289,0.7628057,0.0029336382,0.09896866,0.008513058,0.19277593,0.012744027,null,null,null,null,"TWOGAUSSIANS",8,4.2976217,0.7628057,0.0029336382,0.4,0.0,0.18018721,0.0061987545,0.2606081,0.007087532,0.4,0.0,0.17651105,0.012590922
375316653866487564,4507831377061608192,0.5075629,2307.168754282599,3.0483522739755253,2.205513E-5,16.151388,0.004864799,0.29481864,0.0057347747,0.08588825,0.010543116,0.08151451,0.004070738,0.79666716,0.0073167267,0.08909863,0.009385453,0.084905915,0.006635374,null,null,null,null,"TWOGAUSSIANS",8,8.805631,0.79666716,0.0073167267,0.4,0.0,0.08218183,0.005550692,0.29481864,0.0057347747,0.4,0.0,0.07879043,0.0022014575
375316653866487564,4507831411404637440,0.5650162,2309.6015604705904,2.834226022347003,1.1211315E-5,19.534796,0.009130479,0.22529581,0.0031562785,0.040322945,0.0054085134,0.3223401,0.062366035,0.71982133,0.0029299245,0.045006122,0.0041357656,0.49643457,0.06635139,0.1547239,0.0150113925,0.22529581,0.0031562785,"TWOGAUSSIANS_WITH_ELLIPSOIDAL_ON_ECLIPSE1",9,2.2615628,0.72032136,0.00256668,0.25203428,0.023160286,0.8055489,0.072567254,0.22529581,0.0031562785,0.22580849,0.030287674,0.6317873,0.06317573
375316653866487564,4507831441468632832,0.5351942,2309.177051951814,2.9418307199553655,3.720735E-5,18.786457,0.0093006315,0.20302221,0.0049996623,0.06529902,0.0065267393,0.330706,0.012110387,0.71023715,0.005653371,0.08505163,0.0055638324,0.42166632,0.017945675,null,null,null,null,"TWOGAUSSIANS",8,5.669174,0.71023715,0.005653371,0.4,0.0,0.41912475,0.017587978,0.20302221,0.0049996623,0.3656745,0.03654974,0.3281645,0.01186522
375316653866487564,4507833159455784704,0.54852194,2269.217931209854,2.570277588278983,1.2398951E-5,19.589996,0.0073764897,0.25595164,0.0041036713,0.06879454,0.004882221,0.43229142,0.023160659,0.7547194,0.0044567254,0.070444904,0.0053095543,0.44213045,0.020843511,null,null,null,null,"TWOGAUSSIANS",8,1.7769277,0.7547194,0.0044567254,0.39449146,0.022232812,0.4407881,0.021157054,0.25595164,0.0041036713,0.38524944,0.027340438,0.43094906,0.023390308
375316653866487564,4507833468693564160,0.49539384,2297.1016611779005,2.964654372611239,2.3107958E-5,19.516045,0.006647044,0.24519944,0.0056451103,0.08628021,0.0058992724,0.19404358,0.010228331,0.7402636,0.00640809,0.0849322,0.008672671,0.20344745,0.007973988,null,null,null,null,"TWOGAUSSIANS",8,1.0136291,0.7402636,0.00640809,0.4,0.0,0.19831385,0.0072007515,0.24519944,0.0056451103,0.4,0.0,0.18890998,0.009485568
375316653866487564,4507833571772702848,0.5235082,2283.8511426398313,0.1916600187221066,1.3260681E-5,18.30247,0.0016969164,0.7263719,0.015191251,0.012224886,0.008856901,0.33324245,91.97326,0.8355816,0.015963597,0.009834579,0.0073261424,0.08143801,0.06223593,null,null,null,null,"TWOGAUSSIANS",8,1.9402889,0.7263719,0.015191251,0.06845936,0.04959864,0.33324245,91.97326,0.8355816,0.015963597,0.055073645,0.0410264,0.08143801,0.06223593
375316653866487564,4507833984089595776,0.52548045,2274.102014502225,2.8582290203113274,1.2822195E-5,19.411528,0.01198586,0.23657876,0.0056957575,0.073652744,0.0058013103,0.35594577,0.022049943,0.74266696,0.0035203786,0.074230455,0.0050925887,0.38212678,0.02069139,null,null,null,null,"TWOGAUSSIANS",8,3.025287,0.74266696,0.0035203786,0.4,0.0,0.3800143,0.020743843,0.23657876,0.0056957575,0.4,0.0,0.35383326,0.021650145
375316653866487564,4507834980521734400,0.50317514,2284.862964358363,2.5503706792382315,6.672118E-6,19.07545,0.07311671,0.43471816,9.648058E-4,0.021432,0.0015355515,0.35684037,0.016639296,0.54699755,0.033959065,0.22553794,0.14781317,0.07106607,0.06351347,null,null,null,null,"TWOGAUSSIANS",8,2.2613046,0.43489817,8.948133E-4,0.1200192,0.0085990885,0.40749225,0.017160278,0.54699755,0.033959065,0.4,0.0,0.058899097,0.0102922795
375316653866487564,4507835049241277312,0.47627792,2286.6609803180145,2.6213007271456594,1.6475553E-5,18.522213,0.31358618,0.19586161,0.004826833,0.13461623,0.033573233,0.31035095,0.21898644,0.6903631,0.0073815035,0.21553628,0.11965568,0.3340218,0.3101932,null,null,null,null,"TWOGAUSSIANS",8,1.5142479,0.1976916,0.003057679,0.4,0.0,0.1350735,0.0054771584,0.6903631,0.0073815035,0.4,0.0,0.1139914,0.0067809112
375316653866487564,4507835495925526144,0.5798088,2292.9958051514654,1.3699848452064365,5.9478352E-6,17.039968,0.026910923,0.18514803,0.019209165,0.07783741,0.036502864,0.12616624,0.026777491,0.6539948,0.0015439637,0.040835723,0.0027241025,0.8856775,0.048869655,null,null,null,null,"TWOGAUSSIANS",8,64.66909,0.6539948,0.0015439637,0.22868006,0.015254973,0.8856573,0.048852567,0.18514803,0.019209165,0.4,0.111487895,0.12614605,0.026817152
375316653866487564,4507836737164279936,0.46971413,2282.0921169519083,2.9036660795681053,2.1208081E-5,19.695036,0.0063902107,0.7870388,0.0066753943,0.029194532,0.07386463,0.045544013,25.85982,null,null,null,null,null,null,0.12142401,0.0098799905,0.7870388,0.0066753943,"ONEGAUSSIAN_WITH_ELLIPSOIDAL",6,2.4858825,0.7870388,0.0066753943,0.16348937,0.2558291,0.28839204,25.85766,null,null,null,null,null,null
375316653866487564,4507836737180846976,0.52071774,2286.785960471361,0.8477019314409906,7.895575E-6,19.502642,0.004891526,0.18739578,0.00970521,0.029528975,0.0067878137,0.103467695,0.021659575,0.6884284,0.008781677,0.03054225,0.005797874,0.4319914,0.040962283,null,null,null,null,"TWOGAUSSIANS",8,1.6474549,0.6884284,0.008781677,0.1710366,0.032468095,0.4319914,0.040962283,0.18739578,0.00970521,0.16536227,0.038011756,0.103467695,0.021659575
375316653866487564,4507837316984500608,0.517314,2281.1512691263483,2.740973101974915,3.52172E-5,19.236122,0.021515511,0.24035747,0.0039614397,0.098182686,0.010208213,0.28114772,0.023772968,0.7439764,0.0066489284,0.09987021,0.0142133795,0.2997088,0.02026992,null,null,null,null,"TWOGAUSSIANS",8,2.2276077,0.7439764,0.0066489284,0.4,0.0,0.27680892,0.020471018,0.24035747,0.0039614397,0.4,0.0,0.2582487,0.021837614
375316653866487564,4507838317728813952,0.47008228,2280.881064968944,1.1044022014007182,5.119437E-5,17.644289,0.005394385,0.18270615,0.012432803,0.05823939,0.0123060495,0.02114495,0.006594632,0.67250246,0.0032785523,0.05833167,0.021236941,0.07848704,0.017566975,null,null,null,null,"TWOGAUSSIANS",8,4.000379,0.67250246,0.0032785523,0.32665735,0.09104932,0.07848146,0.017708486,0.18270615,0.012432803,0.32614058,0.06891388,0.021139374,0.0064985063
375316653866487564,4507838450856177792,0.50011665,2258.1198695318035,2.913077928447401,2.243669E-5,18.877432,0.5179784,0.26772547,0.004929994,0.16401032,0.073778525,0.48310837,0.48827308,0.76406336,0.00725186,0.16388862,0.07769143,0.46158642,0.49183607,null,null,null,null,"TWOGAUSSIANS",8,1.8216825,0.2683755,0.0041650846,0.4,0.0,0.20164582,0.009211955,0.76406336,0.00725186,0.4,0.0,0.18059526,0.009952193
375316653866487564,4507838622654906496,0.5015943,2268.5754851184292,3.1293716095216446,2.1537537E-5,19.564102,0.015212302,0.15344712,0.0025287527,0.07029612,0.00518818,0.26038787,0.017646885,0.6442588,0.010980246,0.07525905,0.0135789765,0.29635137,0.024494193,null,null,null,null,"TWOGAUSSIANS",8,2.603291,0.6442588,0.010980246,0.4,0.009813763,0.2951265,0.024744194,0.15344712,0.0025287527,0.3936583,0.027749734,0.259163,0.017089523
375316653866487564,4507838622654965504,0.541621,2272.336164512393,1.790830312868461,1.1760495E-5,19.50736,0.007970649,0.24875289,0.0077757533,0.045784846,0.0064050057,0.12984312,0.016905138,0.74932706,0.005235597,0.044388596,0.0033617946,0.82236385,0.019828,null,null,null,null,"TWOGAUSSIANS",8,3.3663673,0.74932706,0.005235597,0.24857613,0.018826049,0.82236373,0.019827818,0.24875289,0.0077757533,0.25639513,0.035868034,0.129843,0.016905207
375316653866487564,4507838691374474624,0.5625979,2268.2521924214825,3.8068998352544288,7.3686483E-6,18.835915,0.0106036505,0.27150998,0.004916651,0.07116016,0.0050737434,0.47351116,0.014500094,0.77379555,0.0030461464,0.07787195,0.0052410522,0.37603483,0.010941966,null,null,null,null,"TWOGAUSSIANS",8,3.3042717,0.27150998,0.004916651,0.3984969,0.018544864,0.47065008,0.013571561,0.77379555,0.0030461464,0.4,0.0,0.37317374,0.010201575
375316653866487564,4507838760093992832,0.5181492,2277.9618479190867,3.3162407695714498,1.4648468E-5,19.264772,0.011400708,0.22439228,0.0037380725,0.092369005,0.008460784,0.16927578,0.010375122,0.7130542,0.0055161477,0.09155396,0.008707437,0.26741862,0.014821305,null,null,null,null,"TWOGAUSSIANS",8,1.4549636,0.7130542,0.0055161477,0.4,0.0,0.25854006,0.014356141,0.22439228,0.0037380725,0.4,0.0,0.16039723,0.007567675
375316653866487564,4507839245441664384,0.5733908,2245.554030064863,0.8164865681069552,1.0519865E-5,17.62659,0.007988816,0.2394899,0.0054737227,0.086709395,0.010452985,0.17515281,0.009984519,0.72694975,0.0033370908,0.09606836,0.0057861554,0.25849497,0.009723387,null,null,null,null,"TWOGAUSSIANS",8,3.4371686,0.72694975,0.0033370908,0.4,0.0,0.25008917,0.00953041,0.2394899,0.0054737227,0.4,0.0,0.16674784,0.01229309
375316653866487564,4507839584726511232,0.49262705,2196.4494363987187,2.835101616431474,1.5112023E-5,19.101347,0.029525416,0.2738055,0.0050927275,0.04976508,0.017629096,0.21275488,0.07475817,0.7638187,0.018510288,0.03530214,0.02537633,0.19022007,0.067696825,0.15312098,0.04070818,0.2738055,0.0050927275,"TWOGAUSSIANS_WITH_ELLIPSOIDAL_ON_ECLIPSE1",9,2.5931685,0.2738055,0.0050927275,0.27868447,0.098722935,0.5189955,0.054874115,0.7651787,0.015958076,0.19769198,0.14210744,0.49542072,0.0838909
375316653866487564,4507839795197108608,0.5635055,2214.6794226232428,1.1071674977143406,1.7053917E-5,18.098593,0.011706872,0.382963,0.0020872932,0.034410283,0.0030087193,0.6400291,0.043772873,0.8793453,0.0106134005,0.035484083,0.027694285,0.40102905,0.10611172,0.023050793,0.017731264,0.382963,0.0020872932,"TWOGAUSSIANS_WITH_ELLIPSOIDAL_ON_ECLIPSE1",9,13.254162,0.382963,0.0020872932,0.19269757,0.016848829,0.68613064,0.041675758,0.8793853,0.010564695,0.19871086,0.15508799,0.44710702,0.12285818
375316653866487564,4507840310575975552,0.48924944,2253.4922726374066,0.5814795044234072,8.4679865E-5,19.00659,0.004090005,0.29665595,0.015287376,0.026627705,0.010549064,0.2762765,0.05264615,0.80102926,0.013686449,0.048568457,0.027727606,0.08020614,0.0302937,null,null,null,null,"TWOGAUSSIANS",8,2.3660128,0.29665595,0.015287376,0.14911515,0.059074756,0.2762765,0.052646145,0.80102926,0.013686449,0.27198336,0.15527458,0.08020614,0.0302937
375316653866487564,4507841165274749440,0.5394825,2282.205002551555,3.0687500663283345,1.02696995E-5,19.00423,0.01674959,0.20065114,0.002812366,0.06901597,0.004270947,0.47160795,0.017219374,0.6966201,0.003911725,0.07485564,0.0062227077,0.37467825,0.018049145,null,null,null,null,"TWOGAUSSIANS",8,3.5996802,0.20065114,0.002812366,0.38648945,0.023917304,0.46980178,0.016827965,0.6966201,0.003911725,0.4,0.003950343,0.37287208,0.017538333
375316653866487564,4507841203946397056,0.6380782,2276.514819650122,1.8039433393797002,6.667561E-6,17.907957,0.009985468,0.2678043,0.002459958,0.03912193,0.0029857145,0.6360746,0.025279172,0.7595011,0.0019053,0.03468522,0.002789415,0.352961,0.028967787,0.16389787,0.014387273,0.2678043,0.002459958,"TWOGAUSSIANS_WITH_ELLIPSOIDAL_ON_ECLIPSE1",9,9.349027,0.2678043,0.002459958,0.2190828,0.016720003,0.96386975,0.017975317,0.7601711,0.0017247687,0.19423723,0.015620723,0.6799369,0.025759475
