Gaia/vari_eclipsing_binary/VariEclipsingBinary_492140-492522.csv
# %ECSV 1.0
# ---
# delimiter: ','
# meta: !!omap
# - RELEASE: Gaia DR3
# - TABLE: vari_eclipsing_binary
# - DESCRIPTION: >
#     This table describes the properties of the eclipsing binaries resulting from the variability analysis. 
# - CITATION: >
#     How to cite and acknowledge Gaia: 
#     https://gea.esac.esa.int/archive/documentation/credits.html 
# - KNOWN_ISSUES: >
#     Known issues: 
#     https://www.cosmos.esa.int/web/gaia-users/known-issues 
# - DOCUMENTATION: >
#     Tutorials and documentation: 
#     https://www.cosmos.esa.int/web/gaia-users/archive 
# datatype:
# - 
#   name: solution_id
#   datatype: int64
#   description: Solution Identifier
#   meta:
#     ucd: meta.version
# - 
#   name: source_id
#   datatype: int64
#   description: Unique source identifier
#   meta:
#     ucd: meta.id;meta.main
# - 
#   name: global_ranking
#   datatype: float32
#   description: Number between 0 (worst) and 1 (best)
#   meta:
#     ucd: stat.param
# - 
#   name: reference_time
#   datatype: float64
#   unit: d
#   description: Reference time used for the geometric model fit
#   meta:
#     ucd: time.epoch
# - 
#   name: frequency
#   datatype: float64
#   unit: d**-1
#   description: Frequency of geometric model of the eclipsing binary light curve
#   meta:
#     ucd: src.orbital
# - 
#   name: frequency_error
#   datatype: float32
#   unit: d**-1
#   description: "Uncertainty of \\texttt{frequency}"
#   meta:
#     ucd: stat.error
# - 
#   name: geom_model_reference_level
#   datatype: float32
#   unit: mag
#   description: Magnitude reference level of geometric model
#   meta:
#     ucd: phot.mag;em.opt
# - 
#   name: geom_model_reference_level_error
#   datatype: float32
#   unit: mag
#   description: "Uncertainty of \\texttt{geomModelReferenceLevel}"
#   meta:
#     ucd: stat.error;phot.mag;em.opt
# - 
#   name: geom_model_gaussian1_phase
#   datatype: float32
#   description: Phase of the Gaussian 1 component
#   meta:
#     ucd: time.phase
# - 
#   name: geom_model_gaussian1_phase_error
#   datatype: float32
#   description: "Uncertainty of \\texttt{geomModelGaussian1Phase}"
#   meta:
#     ucd: stat.error;time.phase
# - 
#   name: geom_model_gaussian1_sigma
#   datatype: float32
#   description: "Standard deviation [phase] of Gaussian 1 component"
#   meta:
#     ucd: stat.stdev
# - 
#   name: geom_model_gaussian1_sigma_error
#   datatype: float32
#   description: "Uncertainty of \\texttt{geomModelGaussian1Sigma}"
#   meta:
#     ucd: stat.error
# - 
#   name: geom_model_gaussian1_depth
#   datatype: float32
#   unit: mag
#   description: Magnitude depth of Gaussian 1 component
#   meta:
#     ucd: src.var.amplitude
# - 
#   name: geom_model_gaussian1_depth_error
#   datatype: float32
#   unit: mag
#   description: "Uncertainty of \\texttt{geomModelGaussian1Depth}"
#   meta:
#     ucd: stat.error;src.var.amplitude
# - 
#   name: geom_model_gaussian2_phase
#   datatype: float32
#   description: Phase of Gaussian 2 component
#   meta:
#     ucd: time.phase
# - 
#   name: geom_model_gaussian2_phase_error
#   datatype: float32
#   description: "Uncertainty of \\texttt{geomModelGaussian2Phase}"
#   meta:
#     ucd: stat.error;time.phase
# - 
#   name: geom_model_gaussian2_sigma
#   datatype: float32
[...]
#   datatype: float32
#   description: "Secondary eclipse: uncertainty of \\texttt{derivedSecondaryEclDuration}"
#   meta:
#     ucd: stat.error;time.duration
# - 
#   name: derived_secondary_ecl_depth
#   datatype: float32
#   unit: mag
#   description: "Secondary eclipse: depth"
#   meta:
#     ucd: src.var.amplitude
# - 
#   name: derived_secondary_ecl_depth_error
#   datatype: float32
#   unit: mag
#   description: "Secondary eclipse: uncertainty of \\texttt{derivedSecondaryEclDepth}"
#   meta:
#     ucd: stat.error;src.var.amplitude
solution_id,source_id,global_ranking,reference_time,frequency,frequency_error,geom_model_reference_level,geom_model_reference_level_error,geom_model_gaussian1_phase,geom_model_gaussian1_phase_error,geom_model_gaussian1_sigma,geom_model_gaussian1_sigma_error,geom_model_gaussian1_depth,geom_model_gaussian1_depth_error,geom_model_gaussian2_phase,geom_model_gaussian2_phase_error,geom_model_gaussian2_sigma,geom_model_gaussian2_sigma_error,geom_model_gaussian2_depth,geom_model_gaussian2_depth_error,geom_model_cosine_half_period_amplitude,geom_model_cosine_half_period_amplitude_error,geom_model_cosine_half_period_phase,geom_model_cosine_half_period_phase_error,model_type,num_model_parameters,reduced_chi2,derived_primary_ecl_phase,derived_primary_ecl_phase_error,derived_primary_ecl_duration,derived_primary_ecl_duration_error,derived_primary_ecl_depth,derived_primary_ecl_depth_error,derived_secondary_ecl_phase,derived_secondary_ecl_phase_error,derived_secondary_ecl_duration,derived_secondary_ecl_duration_error,derived_secondary_ecl_depth,derived_secondary_ecl_depth_error
[from data line 73]
375316653866487564,4329517151098993280,0.4893385,2128.3698612906132,3.1476615257338816,3.523523E-5,18.332396,0.18801294,0.2943784,0.008211722,0.109970585,0.02493969,0.19224739,0.12582865,0.7854697,0.008885023,0.16862856,0.086779505,0.18687841,0.18619545,null,null,null,null,"TWOGAUSSIANS",8,2.8142538,0.2951484,0.007677555,0.4,0.0,0.1278933,0.011181727,0.7854697,0.008885023,0.4,0.0,0.11787555,0.013439622
375316653866487564,4329541576575537792,0.51819915,2111.4545467295875,0.4032266029130814,6.914536E-5,19.447899,0.004639444,0.30728477,0.019112606,0.060494173,0.05261393,0.8357278,null,0.8012117,0.013004933,0.021291554,0.004732022,0.63492167,0.289861,null,null,null,null,"TWOGAUSSIANS",8,1.477858,0.30728477,0.019112606,0.33876738,0.2944613,0.8357278,null,0.8012117,0.013004933,0.1192327,0.026499322,0.63492167,0.28986087
375316653866487564,4329551064161171072,0.5541264,2151.426223369399,3.031850668293917,1.3943557E-5,17.987133,0.010762546,0.22252356,0.005304313,0.07739102,0.004722978,0.41624242,0.020234406,0.73363435,0.0054508233,0.08101658,0.004977871,0.4295822,0.02435989,null,null,null,null,"TWOGAUSSIANS",8,13.384338,0.73363435,0.0054508233,0.4,0.0,0.42494106,0.023985825,0.22252356,0.005304313,0.4,0.0,0.41160128,0.019738965
375316653866487564,4329554225257190528,0.59719765,2170.1820596784655,2.689412892388552,8.289009E-6,17.157413,0.012164686,0.23428684,0.0030941335,0.09884184,0.006323214,0.29806834,0.012288753,0.7211067,0.0041721826,0.09122379,0.0067209187,0.29244176,0.012866253,null,null,null,null,"TWOGAUSSIANS",8,5.4991164,0.23428684,0.0030941335,0.4,0.0,0.28265208,0.01012905,0.7211067,0.0041721826,0.4,0.0,0.2770273,0.0069932602
375316653866487564,4329590882800435072,0.51292497,2126.562652404076,3.5659015044963738,2.91211E-5,18.200586,0.023369508,0.21829227,0.006711043,0.09815034,0.012371306,0.25035647,0.022853214,0.76035094,0.005627434,0.10445363,0.013164174,0.2505976,0.029410208,null,null,null,null,"TWOGAUSSIANS",8,6.0918107,0.76036096,0.005622561,0.4,0.0,0.23663189,0.026791258,0.21826226,0.006713152,0.4,0.0,0.23640315,0.01603242
375316653866487564,4329593665939210624,0.58382976,2096.066780102544,4.3035240257749665,6.6906496E-6,18.396936,0.0054088137,0.21563843,0.004091894,0.07692681,0.0045456644,0.48293912,0.03551712,0.7190937,0.0014406369,0.066909924,0.0023024483,0.6149911,0.026386064,null,null,null,null,"TWOGAUSSIANS",8,3.3877952,0.7190937,0.0014406369,0.37469557,0.01289371,0.6126378,0.026641985,0.21563843,0.004091894,0.4,0.0,0.48058578,0.03609039
375316653866487564,4329613495805572352,0.44641468,2158.6086925085633,0.11746118104960156,3.680465E-5,17.978369,0.1255527,0.04144482,0.919487,0.027568711,0.025185524,0.07736726,0.10114982,0.42302004,0.017361717,0.24300358,0.12864849,0.116406724,0.12079864,null,null,null,null,"TWOGAUSSIANS",8,2.6890826,0.42302004,0.017361717,0.4,0.0,0.088414446,0.010427962,0.043154817,0.92559206,0.15438478,0.14103894,0.08796748,0.10702859
375316653866487564,4329622085740414720,0.51296294,2193.6577012411744,0.04624815116603268,1.7056636E-5,18.010233,0.004831654,0.14281599,0.0054952973,0.009710186,0.005875774,0.058728218,0.18700431,0.71933347,0.0012783894,0.0010988798,5.8357744E-4,0.5255623,1.1601325,null,null,null,null,"TWOGAUSSIANS",8,6.648442,0.71933347,0.0012783894,0.006153727,0.0032680337,0.5255623,1.1601325,0.14281599,0.0054952973,0.054377045,0.032904334,0.058728218,0.18700431
375316653866487564,4329629919760788096,0.5490328,2170.8691695064454,1.6475741713639789,2.6147582E-6,19.329287,0.0056511406,0.2265042,3.1601512E-4,0.0028250571,8.298734E-4,0.4394338,2.7427251,0.4821304,0.017183077,0.047797136,0.006825475,0.6061098,0.11263509,null,null,null,null,"TWOGAUSSIANS",8,1.802068,0.4821304,0.017183077,0.26766396,0.03822266,0.6061098,0.11263509,0.2265042,3.1601512E-4,0.01582032,0.004647291,0.4394342,2.7427251
375316653866487564,4329641735212031104,0.51894194,2160.5486525345464,1.633985992107459,1.1155821E-4,19.400932,0.005321003,0.18566123,0.010930909,0.026575238,0.021434005,0.0785216,0.026280979,0.62916344,0.006183835,0.053609703,0.003473389,0.82391506,0.06593084,null,null,null,null,"TWOGAUSSIANS",8,2.8373983,0.62916344,0.006183835,0.30021432,0.019450977,0.82391506,0.06593084,0.18566123,0.010930909,0.14882134,0.120030425,0.0785216,0.026281014
375316653866487564,4329643079540597760,0.5446692,2179.051610592165,3.5334625643307613,1.2598377E-5,13.403565,0.009241382,0.2903366,0.005068012,0.09512768,0.009790513,0.124393515,0.009375008,0.77631813,0.002549058,0.086045764,0.0072122375,0.12663682,0.008508986,null,null,null,null,"TWOGAUSSIANS",8,115.17638,0.77631813,0.002549058,0.4,0.0,0.122160316,0.0055283243,0.2903366,0.005068012,0.4,0.0,0.11991669,0.0071187746
375316653866487564,4329654001638334720,0.5715964,2102.706040152256,2.7746651791094634,1.556575E-5,13.244069,0.009818652,0.22686878,0.005074624,0.07504009,0.0050649024,0.46096712,0.031495262,0.72571003,0.0036221256,0.075813435,0.005397139,0.49429384,0.037323706,null,null,null,null,"TWOGAUSSIANS",8,670.97736,0.72571003,0.0036221256,0.4,0.0,0.4904624,0.038192675,0.22686878,0.005074624,0.4,0.0,0.45713568,0.03164705
375316653866487564,4329656136239742336,0.50573474,2075.6514936366684,3.7380039321091716,3.834662E-5,15.738069,0.030424042,0.30392274,0.06447399,0.08045996,0.09052848,0.10524615,0.035437714,0.80881643,0.015589863,0.08732183,0.008865719,0.123598404,0.027081823,null,null,null,null,"TWOGAUSSIANS",8,28.357782,0.80881643,0.015589863,0.4,0.0,0.12112775,0.010559626,0.30392274,0.06447399,0.4,0.037021264,0.102775514,0.010596528
375316653866487564,4329656578618908032,0.49726924,2113.4756308038504,3.9912979261138313,1.996586E-5,19.653784,0.00889004,0.2083464,0.0031137315,0.077790566,0.003810625,0.33475217,0.011998259,0.7211069,0.013862187,0.07407837,0.014091333,0.29462668,0.021974545,null,null,null,null,"TWOGAUSSIANS",8,1.2986296,0.2083464,0.0031137315,0.4,0.0,0.33264723,0.011628006,0.7211069,0.013862187,0.4,0.05325869,0.29252174,0.022272667
375316653866487564,4329674415620625024,0.48654288,2117.3290093320447,0.2379670015061464,1.5846167E-4,16.15829,0.0038665293,0.22882809,0.026079107,0.027335698,0.01196643,0.58217865,22.336666,0.43794915,0.013499043,0.035500105,0.020658156,0.066865966,95.08594,0.012823555,0.0041009514,0.22882809,0.026079107,"TWOGAUSSIANS_WITH_ELLIPSOIDAL_ON_ECLIPSE1",9,28.393484,0.22882809,0.026079107,0.15307991,0.067012005,0.6078257,22.336517,0.43794915,0.013499043,0.1988006,0.11568567,0.06852105,95.08536
375316653866487564,4329685715677350272,0.4696935,2171.8447790616315,3.1907264149381613,5.0474002E-5,19.72113,0.03016228,0.27057767,0.01506608,0.09460694,0.018639775,0.19538343,0.032742012,0.7665922,0.01507595,0.091340326,0.020282103,0.27491298,0.05464557,null,null,null,null,"TWOGAUSSIANS",8,3.3744783,0.7665922,0.01507595,0.4,0.0,0.2632094,0.05677991,0.27057767,0.01506608,0.4,0.0,0.1836797,0.021606656
375316653866487564,4329686815189070592,0.515051,2190.4954626040494,1.732221572957665,1.5878852E-5,17.68001,0.0023155292,null,null,null,null,null,null,null,null,null,null,null,null,0.064452425,0.0036945064,0.23708454,0.0038998658,"ELLIPSOIDAL",4,5.1351023,null,null,null,null,null,null,null,null,null,null,null,null
375316653866487564,4329700662164342656,0.628223,2156.1219777494957,3.0163806012584233,1.0683308E-5,18.086329,0.008742628,0.19769219,0.003690167,0.07013246,0.0035545372,0.6806934,0.03432386,0.71026355,0.0044950778,0.07573753,0.0065717553,0.5282145,0.009992598,null,null,null,null,"TWOGAUSSIANS",8,5.143651,0.19769219,0.003690167,0.39274177,0.019905407,0.67821133,0.03449155,0.71026355,0.0044950778,0.4,0.0017918821,0.5257324,0.009677036
375316653866487564,4329707366610496768,0.4557912,2157.4036512529915,3.5154557137405678,1.7881568E-5,18.339937,0.0071096784,null,null,null,null,null,null,null,null,null,null,null,null,0.11155961,0.014294668,0.22983071,0.005641688,"ELLIPSOIDAL",4,19.461826,null,null,null,null,null,null,null,null,null,null,null,null
375316653866487564,4329733750592243456,0.59279156,2132.0984939847044,3.7473253539556164,1.0974188E-5,18.67961,0.039777048,0.24279577,0.0039829775,0.053470068,0.01259579,0.1924513,0.13202979,0.74142486,0.0048441654,0.048529956,0.009406741,0.38241458,0.07831776,0.12981188,0.044776708,0.24279577,0.0039829775,"TWOGAUSSIANS_WITH_ELLIPSOIDAL_ON_ECLIPSE1",9,5.7716146,0.7415749,0.0044404813,0.27176777,0.052677747,0.64201677,0.0286874,0.24279577,0.0039829775,0.2994324,0.07053643,0.45207062,0.08644897
375316653866487564,4329740416381496576,0.53408504,2050.205569166808,2.942466374939777,2.3528039E-5,18.051159,0.009636839,0.25535,0.0038228948,0.08572231,0.008308171,0.2505266,0.013321248,0.7626339,0.0066496795,0.077999465,0.00873822,0.24003989,0.016097685,null,null,null,null,"TWOGAUSSIANS",8,5.648912,0.25535,0.0038228948,0.4,0.0,0.2464914,0.01355554,0.7626339,0.0066496795,0.4,0.0,0.23600471,0.015156239
375316653866487564,4329765400208216832,0.63372076,2173.719708070394,1.8869019859336473,8.595051E-6,16.93738,0.0021011613,0.24697736,0.0015320025,0.056991827,0.0032596465,0.20896399,0.020184828,0.8716159,0.022958132,0.05732556,0.028911503,0.012475821,0.004970371,0.07565969,0.0029000568,0.24697736,0.0015320025,"TWOGAUSSIANS_WITH_ELLIPSOIDAL_ON_ECLIPSE1",9,2.3969657,0.24697736,0.0015320025,0.31915423,0.01825402,0.36026844,0.018464016,0.8716159,0.022958132,0.32102314,0.15319076,0.088464275,0.019267593
375316653866487564,4329768045905692416,0.62820596,2144.8802788037688,1.8093071340971592,3.0670974E-6,18.03944,0.0026715798,0.32528225,0.0014731989,0.03414704,0.004507214,0.2951333,0.15367895,0.8276389,7.8252377E-4,0.03193649,8.502037E-4,0.41481417,0.009923371,0.03736601,0.0046654684,0.32528225,0.0014731989,"TWOGAUSSIANS_WITH_ELLIPSOIDAL_ON_ECLIPSE1",9,1.4294424,0.8276389,7.8252377E-4,0.17884435,0.0047611403,0.48952967,0.01017476,0.32528225,0.0014731989,0.19122343,0.025240397,0.36986518,0.15818438
375316653866487564,4329776768985306112,0.49877372,2152.928741073003,4.070778923575871,5.3094755E-5,19.180666,0.009702982,0.44056377,0.015454972,0.07882767,0.028111339,0.10466613,0.25102922,0.84585047,5.9920806E-4,0.014580685,7.384406E-4,0.46160063,0.006872132,null,null,null,null,"TWOGAUSSIANS",8,3.1084907,0.84585047,5.9920806E-4,0.08165184,0.0041352673,0.4616008,0.0068727615,0.44056377,0.015454972,0.4,0.08824471,0.10466613,0.25102922
375316653866487564,4329782339559248128,0.6137361,2163.005198202517,3.133090069110822,1.0474199E-5,17.404245,0.009345393,0.27704802,0.0016340343,0.07845491,0.0024049508,0.37260476,0.012365801,0.76790375,0.005951482,0.07893743,0.004790927,0.49362057,0.014282631,null,null,null,null,"TWOGAUSSIANS",8,6.5702624,0.76790375,0.005951482,0.4,0.0,0.4890414,0.012880692,0.27704802,0.0016340343,0.4,0.0,0.3680256,0.011469909
375316653866487564,4329788215072198400,0.5037685,2115.1912304996995,1.725333966903065,2.372928E-5,19.817392,0.0066443635,0.14908585,0.0037417312,0.02245418,0.005995029,0.83468163,4.1601186,0.4205059,0.009634338,0.0400637,0.021325741,0.07026161,0.03768244,null,null,null,null,"TWOGAUSSIANS",8,0.9323902,0.14908585,0.0037417312,0.1257434,0.033572163,0.83468163,4.1601186,0.4205059,0.009634338,0.22435673,0.11942414,0.07026161,0.03768244
375316653866487564,4329798518700092288,0.651203,2128.8909216606467,3.3168551358705787,7.957467E-6,18.075903,0.007829467,0.2659605,9.786477E-4,0.04047636,0.0024846762,0.5973437,0.039393898,0.76278335,0.0064220056,0.03749178,0.0064801597,0.47674382,0.066417724,0.15786745,0.010946235,0.2659605,9.786477E-4,"TWOGAUSSIANS_WITH_ELLIPSOIDAL_ON_ECLIPSE1",9,5.011357,0.2659605,9.786477E-4,0.22666761,0.0139141865,0.91307855,0.044997673,0.76300335,0.0058147237,0.20995398,0.036288895,0.79236144,0.07122587
375316653866487564,4329810033508057344,0.51132554,2105.3532191632885,4.2904593303229,1.7323693E-5,19.66592,0.01709083,0.29262006,0.010376143,0.07685422,0.014226604,0.43858486,0.04388104,0.7822764,0.0043497332,0.07941282,0.0067555527,0.36541733,0.028215963,null,null,null,null,"TWOGAUSSIANS",8,1.8108326,0.29262006,0.010376143,0.4,0.0,0.4347259,0.050198887,0.7822764,0.0043497332,0.4,0.0,0.36155835,0.026789892
375316653866487564,4329811025643373184,0.5018001,2148.677397153838,0.38578236098871227,5.379812E-5,19.26598,0.004040073,0.44416228,0.0020432337,0.029161034,0.0036302572,1.1953796,1.8596346,0.70848876,0.008265622,0.050313428,0.009629579,0.04089979,0.016755298,null,null,null,null,"TWOGAUSSIANS",8,0.96752447,0.44416228,0.0020432337,0.1633018,0.02032944,1.1953796,1.8596345,0.70848876,0.008265622,0.28175518,0.053925645,0.04089979,0.016755298
375316653866487564,4329813847439046016,0.52489567,2066.24353492206,2.6231590873156545,2.5541622E-5,17.432432,0.017125107,0.20030572,0.00650314,0.094864555,0.01067812,0.17628491,0.01692826,0.68686235,0.004722561,0.09582942,0.01145731,0.17490688,0.015367759,null,null,null,null,"TWOGAUSSIANS",8,4.8707466,0.20030572,0.006506715,0.4,0.0,0.16692425,0.010783123,0.68686235,0.004722561,0.4,0.0,0.1655461,0.010090945
375316653866487564,4329827312159860480,0.63220793,2147.322304680293,3.6738429493593534,4.9914693E-6,18.21007,0.006634644,0.22789182,0.0037245273,0.063951105,0.0047128038,0.6869491,0.053960986,0.72207767,0.0015309257,0.06554123,0.0014611579,0.70606244,0.011732133,null,null,null,null,"TWOGAUSSIANS",8,4.201076,0.72207767,0.0015309257,0.3670309,0.008182485,0.70538515,0.011595922,0.22789182,0.0037245273,0.3581262,0.0263917,0.6862718,0.054211993
375316653866487564,4329828450327760384,0.5123068,2126.90038423564,3.411322440264708,1.1829168E-5,18.354156,0.14633952,0.26201066,0.0037700478,0.11195235,0.019498847,0.36743382,0.13460907,0.75136507,0.00806311,0.14192997,0.042522702,0.3430653,0.13835055,null,null,null,null,"TWOGAUSSIANS",8,5.273035,0.26230067,0.0034000275,0.4,0.0,0.27630424,0.018198395,0.75136507,0.00806311,0.4,0.0,0.25054199,0.023033485
375316653866487564,4329839338068665088,0.52652234,2171.165084240797,3.9205244120236835,1.0560945E-5,18.098955,0.047206003,0.2783095,0.004907385,0.119049236,0.018110376,0.2623818,0.04441871,0.7439422,0.004201514,0.109965146,0.021063685,0.22820598,0.041448683,null,null,null,null,"TWOGAUSSIANS",8,3.0534835,0.2783695,0.0047804927,0.4,0.0,0.23018461,0.0133243045,0.7439422,0.004201514,0.4,0.0,0.19611402,0.012907559
375316653866487564,4329874556799075840,0.50643355,2084.0655846860445,3.3264658111115946,1.4742466E-5,18.28223,0.019390266,0.29080877,0.0031239565,0.09498163,0.012791024,0.1711616,0.01827193,0.80030346,0.004466196,0.092524864,0.012151867,0.19653763,0.017291347,null,null,null,null,"TWOGAUSSIANS",8,2.086404,0.80030346,0.004466196,0.4,0.0,0.18740639,0.009406627,0.29080877,0.0031239565,0.4,0.0,0.1620302,0.014523258
375316653866487564,4329882429477143936,0.64614767,2159.631190635878,3.6006764548398547,5.0109E-6,16.136738,0.008255409,0.22319274,0.0011539328,0.044652898,0.0036093544,0.20617975,0.018872155,0.72373223,0.0020602115,0.05562002,0.0038253304,0.30090007,0.022582399,0.110997215,0.010245314,0.22319274,0.0011539328,"TWOGAUSSIANS_WITH_ELLIPSOIDAL_ON_ECLIPSE1",9,13.879767,0.72373223,0.002005226,0.31147212,0.02142185,0.5228792,0.019509792,0.22319274,0.0011539328,0.25005624,0.020212386,0.42816138,0.008971658
375316653866487564,4329894622887687936,0.4427041,2157.113751556564,1.4595924351062444,4.6368266E-5,17.401443,0.0107159335,0.20369512,0.020266483,0.047634933,0.020421905,0.1000689,0.052466627,0.62770814,0.025828669,0.14857796,0.041293062,0.11697017,0.016873142,null,null,null,null,"TWOGAUSSIANS",8,23.057423,0.62770814,0.025828669,0.4,0.0,0.11429987,0.018838026,0.20453511,0.020173557,0.2667556,0.114362665,0.09947116,0.053952914
