Gaia/vari_eclipsing_binary/VariEclipsingBinary_666261-666283.csv
# %ECSV 1.0
# ---
# delimiter: ','
# meta: !!omap
# - RELEASE: Gaia DR3
# - TABLE: vari_eclipsing_binary
# - DESCRIPTION: >
#     This table describes the properties of the eclipsing binaries resulting from the variability analysis. 
# - CITATION: >
#     How to cite and acknowledge Gaia: 
#     https://gea.esac.esa.int/archive/documentation/credits.html 
# - KNOWN_ISSUES: >
#     Known issues: 
#     https://www.cosmos.esa.int/web/gaia-users/known-issues 
# - DOCUMENTATION: >
#     Tutorials and documentation: 
#     https://www.cosmos.esa.int/web/gaia-users/archive 
# datatype:
# - 
#   name: solution_id
#   datatype: int64
#   description: Solution Identifier
#   meta:
#     ucd: meta.version
# - 
#   name: source_id
#   datatype: int64
#   description: Unique source identifier
#   meta:
#     ucd: meta.id;meta.main
# - 
#   name: global_ranking
#   datatype: float32
#   description: Number between 0 (worst) and 1 (best)
#   meta:
#     ucd: stat.param
# - 
#   name: reference_time
#   datatype: float64
#   unit: d
#   description: Reference time used for the geometric model fit
#   meta:
#     ucd: time.epoch
# - 
#   name: frequency
#   datatype: float64
#   unit: d**-1
#   description: Frequency of geometric model of the eclipsing binary light curve
#   meta:
#     ucd: src.orbital
# - 
#   name: frequency_error
#   datatype: float32
#   unit: d**-1
#   description: "Uncertainty of \\texttt{frequency}"
#   meta:
#     ucd: stat.error
# - 
#   name: geom_model_reference_level
#   datatype: float32
#   unit: mag
#   description: Magnitude reference level of geometric model
#   meta:
#     ucd: phot.mag;em.opt
# - 
#   name: geom_model_reference_level_error
#   datatype: float32
#   unit: mag
#   description: "Uncertainty of \\texttt{geomModelReferenceLevel}"
#   meta:
#     ucd: stat.error;phot.mag;em.opt
# - 
#   name: geom_model_gaussian1_phase
#   datatype: float32
#   description: Phase of the Gaussian 1 component
#   meta:
#     ucd: time.phase
# - 
#   name: geom_model_gaussian1_phase_error
#   datatype: float32
#   description: "Uncertainty of \\texttt{geomModelGaussian1Phase}"
#   meta:
#     ucd: stat.error;time.phase
# - 
#   name: geom_model_gaussian1_sigma
#   datatype: float32
#   description: "Standard deviation [phase] of Gaussian 1 component"
#   meta:
#     ucd: stat.stdev
# - 
#   name: geom_model_gaussian1_sigma_error
#   datatype: float32
#   description: "Uncertainty of \\texttt{geomModelGaussian1Sigma}"
#   meta:
#     ucd: stat.error
# - 
#   name: geom_model_gaussian1_depth
#   datatype: float32
#   unit: mag
#   description: Magnitude depth of Gaussian 1 component
#   meta:
#     ucd: src.var.amplitude
# - 
#   name: geom_model_gaussian1_depth_error
#   datatype: float32
#   unit: mag
#   description: "Uncertainty of \\texttt{geomModelGaussian1Depth}"
#   meta:
#     ucd: stat.error;src.var.amplitude
# - 
#   name: geom_model_gaussian2_phase
#   datatype: float32
#   description: Phase of Gaussian 2 component
#   meta:
#     ucd: time.phase
# - 
#   name: geom_model_gaussian2_phase_error
#   datatype: float32
#   description: "Uncertainty of \\texttt{geomModelGaussian2Phase}"
#   meta:
#     ucd: stat.error;time.phase
# - 
#   name: geom_model_gaussian2_sigma
#   datatype: float32
[...]
#   datatype: float32
#   description: "Secondary eclipse: uncertainty of \\texttt{derivedSecondaryEclDuration}"
#   meta:
#     ucd: stat.error;time.duration
# - 
#   name: derived_secondary_ecl_depth
#   datatype: float32
#   unit: mag
#   description: "Secondary eclipse: depth"
#   meta:
#     ucd: src.var.amplitude
# - 
#   name: derived_secondary_ecl_depth_error
#   datatype: float32
#   unit: mag
#   description: "Secondary eclipse: uncertainty of \\texttt{derivedSecondaryEclDepth}"
#   meta:
#     ucd: stat.error;src.var.amplitude
solution_id,source_id,global_ranking,reference_time,frequency,frequency_error,geom_model_reference_level,geom_model_reference_level_error,geom_model_gaussian1_phase,geom_model_gaussian1_phase_error,geom_model_gaussian1_sigma,geom_model_gaussian1_sigma_error,geom_model_gaussian1_depth,geom_model_gaussian1_depth_error,geom_model_gaussian2_phase,geom_model_gaussian2_phase_error,geom_model_gaussian2_sigma,geom_model_gaussian2_sigma_error,geom_model_gaussian2_depth,geom_model_gaussian2_depth_error,geom_model_cosine_half_period_amplitude,geom_model_cosine_half_period_amplitude_error,geom_model_cosine_half_period_phase,geom_model_cosine_half_period_phase_error,model_type,num_model_parameters,reduced_chi2,derived_primary_ecl_phase,derived_primary_ecl_phase_error,derived_primary_ecl_duration,derived_primary_ecl_duration_error,derived_primary_ecl_depth,derived_primary_ecl_depth_error,derived_secondary_ecl_phase,derived_secondary_ecl_phase_error,derived_secondary_ecl_duration,derived_secondary_ecl_duration_error,derived_secondary_ecl_depth,derived_secondary_ecl_depth_error
[from data line 110]
375316653866487564,5860520052663687936,0.47845542,2204.72018102406,0.059924613198052805,5.5697303E-5,19.440472,0.005133239,0.21040498,0.00373778,0.020838628,0.0014479421,0.9314278,0.23415904,0.60371757,0.03497657,0.039162207,0.027874792,0.06176683,0.053774077,null,null,null,null,"TWOGAUSSIANS",8,2.0409524,0.21040498,0.00373778,0.11669631,0.008108476,0.9314278,0.23415904,0.60371757,0.03497657,0.21930836,0.15609883,0.06176683,0.053774077
375316653866487564,5860520396260500864,0.5559817,2137.9164431333515,1.757520399209792,1.8718121E-5,19.275217,0.0066970754,0.22885478,0.002626607,0.052123882,0.0028871547,0.9254285,0.07572869,0.7275298,0.0039252667,0.072628655,0.009006607,0.24006821,0.03047353,null,null,null,null,"TWOGAUSSIANS",8,2.3383143,0.22885478,0.002626607,0.29189375,0.016168067,0.925175,0.0758468,0.7275298,0.0039252667,0.4,0.018937744,0.23981471,0.030709216
375316653866487564,5860520538027835264,0.505742,2115.7608149322436,1.6572556169919654,1.1849622E-5,18.4677,0.0056241876,0.2614225,0.001430628,0.03353921,0.0015259103,0.30003977,0.014947828,0.75492686,0.016359737,0.027280401,0.02175057,0.08416463,0.027148975,null,null,null,null,"TWOGAUSSIANS",8,6.0790873,0.2614225,0.001430628,0.18781957,0.008545098,0.30003977,0.014947828,0.75492686,0.016359737,0.15277025,0.12180319,0.08416463,0.027148975
375316653866487564,5860520915941913216,0.56731796,2147.784410524329,3.6302537743740975,6.136734E-6,19.562082,0.01994336,0.26099056,0.0026443398,0.07021684,0.0038896266,0.6109744,0.032306172,0.7605096,0.0021350826,0.058629844,0.0024423485,0.8322858,0.029461486,null,null,null,null,"TWOGAUSSIANS",8,3.3264036,0.7605096,0.0021350826,0.32832712,0.013677152,0.8315457,0.029202798,0.26099056,0.0026443398,0.39321432,0.016138736,0.6102342,0.03212159
375316653866487564,5860521431337825920,0.47278467,2167.226262972978,0.3878832662809336,1.550315E-5,19.37318,0.003414016,0.3586703,0.003825526,0.0035470643,0.0035247954,0.07572051,2.995692,0.6696307,2.885267E-4,0.036050886,5.0714234E-4,0.85594773,0.017397014,0.053598903,0.0030554303,0.3586703,0.003825526,"TWOGAUSSIANS_WITH_ELLIPSOIDAL_ON_ECLIPSE1",9,1.7226841,0.67035073,2.1254102E-4,0.20188496,0.0028399972,0.8710867,0.016408987,0.3586703,0.003825526,0.019863559,0.019738853,0.1829175,2.996044
375316653866487564,5860521706250616192,0.5659205,2212.0691212360343,0.10640942981410773,2.9116459E-6,14.934809,0.008980931,0.24254023,0.003084903,0.030338442,0.004688326,0.28165874,0.03344455,0.7479773,0.003758277,0.013943905,0.002749415,0.30419627,0.028937025,0.005371575,0.009533808,0.24254023,0.003084903,"TWOGAUSSIANS_WITH_ELLIPSOIDAL_ON_ECLIPSE1",9,118.617966,0.7479773,0.003758277,0.07808587,0.015396724,0.3149269,0.022718024,0.24254023,0.003084903,0.16989528,0.026254624,0.29240188,0.032976612
375316653866487564,5860521839339970688,0.5380746,2173.838347764493,2.5700828337186934,1.003641E-5,17.780329,0.006591142,0.25770798,0.0021115895,0.0761099,0.0031726167,0.28591233,0.008360342,0.7556936,0.0036125476,0.06772255,0.0043796855,0.26797697,0.016362425,null,null,null,null,"TWOGAUSSIANS",8,7.3828692,0.25770798,0.0021115895,0.4,0.0,0.28465912,0.00814662,0.7556936,0.0036125476,0.37924626,0.024526238,0.26672375,0.016490763
375316653866487564,5860521843689577216,0.5286663,2180.601730992944,1.095078259022165,1.3770387E-5,17.75006,0.033504806,0.2521862,0.0041458434,0.11973536,0.014926654,0.16602735,0.030684708,0.7743799,0.0051512197,0.13232501,0.022781048,0.1353745,0.033074364,null,null,null,null,"TWOGAUSSIANS",8,1.5480503,0.2518562,0.0038013696,0.4,0.0,0.13155906,0.0069213975,0.77456987,0.0049856594,0.4,0.0,0.10071999,0.0040564467
375316653866487564,5860522290366645888,0.58984,2188.194724388396,1.3574376138382187,9.826266E-6,15.804474,0.007056304,0.24278423,0.0039173192,0.07437722,0.006995303,0.20661956,0.012916757,0.7272435,0.0025450196,0.07608708,0.003014776,0.40713868,0.007999512,null,null,null,null,"TWOGAUSSIANS",8,49.806152,0.7272435,0.0025450196,0.4,0.0,0.40550292,0.007570467,0.24278423,0.0039173192,0.4,0.0,0.2049838,0.013270823
375316653866487564,5860522324725935872,0.49964112,2154.7712666406765,2.5325538489365385,1.34951415E-5,18.052483,0.0043830005,0.19818689,0.0035109592,0.02120016,0.008081706,0.06841764,0.03882508,null,null,null,null,null,null,0.119004935,0.007044871,0.19818689,0.0035109592,"ONEGAUSSIAN_WITH_ELLIPSOIDAL",6,13.481525,0.19818689,0.0035109592,0.1187209,0.045257553,0.30642697,0.03895774,null,null,null,null,null,null
375316653866487564,5860523492957170432,0.51471424,2137.124928263941,2.34472913379064,1.1365294E-5,18.34192,0.0018606597,null,null,null,null,null,null,null,null,null,null,null,null,0.073039755,0.0026154865,0.13558742,0.0029593697,"ELLIPSOIDAL",4,1.7427156,null,null,null,null,null,null,null,null,null,null,null,null
375316653866487564,5860523763485323904,0.50866735,2193.0392049249263,1.2008675797095807,1.9600127E-5,16.886961,0.0069981636,0.27687275,0.004220004,0.0814764,0.006389647,0.119321235,0.007543986,0.77464294,0.011433043,0.10939272,0.021888895,0.06298227,0.0063457633,null,null,null,null,"TWOGAUSSIANS",8,4.648319,0.27687275,0.004220004,0.4,0.0,0.114278406,0.004429775,0.77464294,0.011433043,0.4,0.0,0.05793576,0.0053287884
375316653866487564,5860524180118173184,0.4298593,2195.3453922926415,3.9184409759405288,8.019634E-5,18.830887,0.014716351,0.5223335,0.07106383,0.120051526,0.067598596,0.16104048,0.07645864,0.8419873,0.009040496,0.011904094,0.015143655,0.07785336,0.039814115,null,null,null,null,"TWOGAUSSIANS",8,6.3770223,0.5223335,0.07106383,0.4,0.10261039,0.16098537,0.07651901,0.8419873,0.009040496,0.06666293,0.08480447,0.082448095,0.040607415
375316653866487564,5860524278908906752,0.52254415,2208.0827587067206,0.5743738431923509,4.9015434E-5,18.453608,0.0056978837,0.66813225,0.0011960049,0.036641154,0.0011506055,1.5873069,0.13962427,null,null,null,null,null,null,null,null,null,null,"ONEGAUSSIAN",5,13.13249,0.66813225,0.0011960049,0.20519046,0.0064433906,1.5873069,0.0,null,null,null,null,null,null
375316653866487564,5860524416340615040,0.55003005,2187.6001361012595,2.9239821547319598,6.8335125E-6,18.707216,0.008700517,0.2554465,0.0022670552,0.07805562,0.004113035,0.3673174,0.01363379,0.7476077,0.0028131255,0.07728538,0.0033212472,0.4111155,0.012749277,null,null,null,null,"TWOGAUSSIANS",8,3.1869657,0.7476077,0.0028131255,0.4,0.0,0.407404,0.0123547455,0.2554465,0.0022670552,0.4,0.0,0.36360592,0.013701173
375316653866487564,5860524970391327616,0.5485054,2157.3529015273716,3.4912422895583535,1.01823325E-5,17.786343,0.023814052,0.24237584,0.003937086,0.07868688,0.008194719,0.31455266,0.02467159,0.7410505,0.0034518202,0.08579283,0.0074400245,0.37912542,0.021534804,null,null,null,null,"TWOGAUSSIANS",8,10.397971,0.7410505,0.0034518202,0.4,0.0,0.37246877,0.016866464,0.24237584,0.003937086,0.4,0.0,0.30789605,0.021316973
375316653866487564,5860525039145347712,0.48016134,2167.3714772616104,0.8846915010913287,3.7884558E-5,18.876001,0.021925306,0.23470016,0.0111979265,0.112483785,0.020707602,0.12337692,0.023800759,0.743998,0.007582709,0.08405879,0.015305386,0.21728745,0.02739303,null,null,null,null,"TWOGAUSSIANS",8,2.8372357,0.744008,0.0075891544,0.4,0.0,0.20663318,0.02867224,0.23470016,0.0111979265,0.4,0.0,0.1127092,0.015036156
375316653866487564,5860525176584317952,0.5553847,2182.1965211581896,1.1190252233373734,6.455401E-6,14.242059,0.1467634,0.26814458,0.004499473,0.15479197,0.11602735,0.070040524,0.14567171,0.76694,0.0021471302,0.12169902,0.034814395,0.08384734,0.08672208,null,null,null,null,"TWOGAUSSIANS",8,8.103842,0.76694,0.002145047,0.4,0.0,0.05576089,0.0026422997,0.26816458,0.004538479,0.4,0.0,0.04123032,0.001683491
375316653866487564,5860526168695168512,0.52787834,2153.6823012396962,3.899313110630788,2.1250526E-5,19.70927,0.015323104,0.2715222,0.0050736745,0.039790962,0.007422738,0.7182908,0.16695715,0.81328106,0.0039790263,0.07172974,0.0050030253,0.451948,0.027663166,null,null,null,null,"TWOGAUSSIANS",8,2.9569526,0.2715222,0.0050736745,0.22282939,0.041567333,0.7182832,0.1669666,0.81328106,0.0039790263,0.4,0.010335142,0.45194036,0.027663248
375316653866487564,5860526649702627456,0.6205004,2180.40260045912,3.814906649718238,7.5999856E-6,17.725353,0.009595277,0.22679093,0.002665075,0.039239995,0.004757702,0.5121549,0.039788283,0.73000693,0.004725953,0.03726397,0.004269054,0.79679155,0.093380086,0.13961816,0.01219766,0.22679093,0.002665075,"TWOGAUSSIANS_WITH_ELLIPSOIDAL_ON_ECLIPSE1",9,10.997778,0.73000693,0.004725953,0.20867823,0.023906702,1.0759135,0.101728104,0.22679093,0.002665075,0.21974398,0.02664313,0.79139084,0.043252632
375316653866487564,5860526718421987584,0.46936485,2190.9577544540743,0.1313635665822192,1.0130361E-6,18.0138,0.0036506334,0.2537242,0.0019686322,0.007612718,9.327799E-4,0.21131547,0.0203689,0.63636816,0.0022104017,0.012756601,0.0026106609,0.24890739,0.17273547,null,null,null,null,"TWOGAUSSIANS",8,6.940914,0.63636816,0.0022104017,0.071436964,0.014619701,0.24890739,0.17273547,0.2537242,0.0019686322,0.04263122,0.0052235676,0.21131547,0.0203689
375316653866487564,5860527444293575936,0.42119056,2212.0408003572425,0.8196474640945604,2.10444E-5,17.970242,0.008794897,0.9247158,0.073617294,0.12134577,0.084830634,0.025133392,0.017471448,0.6573795,0.0036673595,0.035910334,0.0047137924,0.11582762,0.030803643,null,null,null,null,"TWOGAUSSIANS",8,6.2295046,0.65782946,0.0034094946,0.20109786,0.026397236,0.1180461,0.031573303,0.9247158,0.073617294,0.4,0.1402435,0.02512305,0.017439649
375316653866487564,5860527474336378624,0.5760984,2176.3555682320684,0.07918138185307096,7.0039794E-5,16.642607,0.003676462,0.4219266,0.01709153,0.046246354,0.02706967,0.020627737,0.006836193,0.74621135,0.0030946732,0.023718651,7.490295E-4,4.233146,0.62245226,0.010474964,0.005686886,0.74621135,0.0030946732,"TWOGAUSSIANS_WITH_ELLIPSOIDAL_ON_ECLIPSE2",9,11.1346,0.74621135,0.0030946732,0.13282445,0.004194565,4.254096,0.62206423,0.40936658,0.026321372,0.2589796,0.15159015,0.025523541,0.0075959186
375316653866487564,5860527616125989632,0.49222147,2192.0992708242056,0.19806716322398318,2.8806046E-5,17.18601,0.0018838693,0.27896914,0.0027409093,0.013717658,0.00495486,0.12211038,0.013965273,0.72813326,0.0063472204,0.03617645,0.0049997903,0.01410571,0.0029110461,null,null,null,null,"TWOGAUSSIANS",8,4.2071548,0.27896914,0.0027409093,0.07681888,0.027747218,0.12211038,0.013965273,0.72813326,0.0063472204,0.20258813,0.027998826,0.01410571,0.0029110461
375316653866487564,5860527959689519744,0.65163934,2180.8411902090393,1.9107240901929696,3.471659E-6,17.397198,0.0102461595,0.23669177,9.2709175E-4,0.053410254,0.0018836368,0.52508277,0.02311358,0.7372506,0.0063852347,0.06681085,0.010519493,0.095932536,0.024088485,0.051059116,0.011132071,0.23669177,9.2709175E-4,"TWOGAUSSIANS_WITH_ELLIPSOIDAL_ON_ECLIPSE1",9,3.735654,0.23669177,9.2709175E-4,0.29909742,0.010548366,0.62710774,0.017121837,0.7372506,0.005327653,0.3741407,0.058909163,0.19795626,0.014159788
375316653866487564,5860528200241535488,0.56471395,2151.4635995428303,2.2168864667745067,7.5800963E-6,17.334078,0.009382581,0.23589417,0.0029527626,0.08858339,0.0045417408,0.2749587,0.009583517,0.7390335,0.0028522091,0.095800295,0.0055567436,0.24877785,0.010166152,null,null,null,null,"TWOGAUSSIANS",8,5.8235197,0.23589417,0.0029527626,0.4,0.0,0.26236326,0.0068880003,0.7390335,0.0028522091,0.4,0.0,0.23618187,0.008667137
375316653866487564,5860528200241543552,0.64007103,2186.998807024232,1.8988078434037714,6.4949922E-6,17.16794,0.0021739197,0.22746125,0.0014789093,0.04053277,0.010966005,0.026563263,0.0056276876,0.72575843,0.0020551963,0.04887082,0.0024355685,0.32597432,0.012492739,0.07590939,0.0034557506,0.22746125,0.0014789093,"TWOGAUSSIANS_WITH_ELLIPSOIDAL_ON_ECLIPSE1",9,3.236189,0.7258984,0.0018771448,0.2736766,0.013639183,0.47777632,0.011962722,0.22746125,0.0014789093,0.22698352,0.06140963,0.17838123,0.0040342924
375316653866487564,5860528234567490944,0.57729113,2165.1924199676782,3.5477534457556494,5.8117225E-6,18.052162,0.0077802846,0.24008065,0.002722176,0.07786873,0.0027459757,0.53081846,0.013966756,0.74323875,0.0020011242,0.07801438,0.0038620494,0.43562293,0.017369054,null,null,null,null,"TWOGAUSSIANS",8,6.341727,0.24008065,0.002722176,0.4,0.0,0.5255648,0.013566544,0.74323875,0.0020011242,0.4,0.0,0.43036923,0.018101212
375316653866487564,5860528612524899072,0.48113158,2164.0153943087003,0.8607474624248698,2.2340833E-5,18.63851,0.005972911,0.3319485,0.0136259515,0.017570885,0.008860819,0.4077103,0.25172517,0.8288626,5.079957E-4,0.019980652,7.462427E-4,0.4467599,0.007887407,null,null,null,null,"TWOGAUSSIANS",8,9.018275,0.8288626,5.079957E-4,0.11189165,0.004178959,0.4467599,0.007887407,0.3319485,0.0136259515,0.09839696,0.049620587,0.4077103,0.25172517
375316653866487564,5860528921763967232,0.48380733,2197.8742486568663,2.054433505036598,1.2015172E-5,18.097307,0.23845506,0.2914165,0.007819226,0.15770616,0.12161806,0.14724003,0.23143949,0.7958953,0.0044164085,0.12818241,0.04768263,0.18489479,0.19796894,null,null,null,null,"TWOGAUSSIANS",8,3.0968754,0.79619527,0.0035304686,0.4,0.0,0.119187966,0.005809107,0.29129648,0.007830953,0.4,0.0,0.07977748,0.015077426
375316653866487564,5860528956156655488,0.4950287,2204.4269336960124,2.6066282856594696,1.9929508E-5,16.063135,0.024199022,0.29341635,0.0052023036,0.10841476,0.0122569045,0.2362816,0.022047263,0.80019945,0.0053565,0.09562131,0.012943447,0.20877934,0.022625843,null,null,null,null,"TWOGAUSSIANS",8,59.184303,0.29341635,0.0052023036,0.4,0.0,0.2159215,0.009079923,0.8002094,0.005357316,0.4,0.0,0.18843055,0.012334338
375316653866487564,5860529231001697920,0.45985016,2183.4231304181462,2.1791176267107075,2.7902664E-5,18.606934,0.009177511,0.08041443,0.0112358155,0.058563918,0.011666028,0.13674586,0.015063108,0.5821513,0.0043454636,0.058452528,0.004317308,0.37188953,0.02497185,null,null,null,null,"TWOGAUSSIANS",8,13.182776,0.5821513,0.0043454636,0.32733417,0.024176924,0.37184396,0.024964232,0.08041443,0.0112358155,0.32795796,0.06532975,0.13670029,0.015048209
375316653866487564,5860529299721165312,0.43863693,2257.4428890144577,1.9679902083100136,1.04767685E-4,18.693163,0.018612737,0.15058617,0.01977911,0.062739156,0.03136161,0.085203916,0.019497126,0.58986217,0.012011025,0.061620835,0.01846125,0.2432946,0.050265413,null,null,null,null,"TWOGAUSSIANS",8,5.1890445,0.58986217,0.012011025,0.34507668,0.085713305,0.24328364,0.05032195,0.15058617,0.01977911,0.35133928,0.17244725,0.085192956,0.019466978
375316653866487564,5860530296185982848,0.5308293,2195.9277317276787,1.5205239897180225,5.0194053E-6,15.971324,0.009309652,0.24332848,0.0068831327,0.038617726,0.004741308,0.31225944,0.013504089,0.7475631,0.0037005716,0.060809903,0.006070077,0.10076545,0.011129276,null,null,null,null,"TWOGAUSSIANS",8,54.69275,0.24332848,0.0068831327,0.21625926,0.026551323,0.31225866,0.013502967,0.7475631,0.0037005716,0.34053546,0.033992432,0.10076466,0.011129077
375316653866487564,5860530399265245952,0.51213825,2170.4595107100436,1.2852357986200413,1.3708267E-5,15.941585,0.27406368,0.29199523,0.014066025,0.13538325,0.045669924,0.14714307,0.19643971,0.8341752,0.020907117,0.1538449,0.090488724,0.081016876,0.2607492,null,null,null,null,"TWOGAUSSIANS",8,12.541649,0.29002523,0.0062421635,0.4,0.0,0.11231867,0.008067128,0.83761525,0.01370638,0.4,0.0,0.045597978,0.006272558
375316653866487564,5860530467952595712,0.63855344,2199.4443053538253,0.4379333042055166,3.3151898E-6,16.340601,0.0032714922,0.27433854,5.3289434E-4,0.033480138,9.095243E-4,1.4901953,0.08630162,0.77805007,0.0016197893,0.033284914,0.0012943922,0.21854112,0.0048637595,null,null,null,null,"TWOGAUSSIANS",8,25.554287,0.27433854,5.3289434E-4,0.18748878,0.0050933356,1.4901953,0.08630162,0.77805007,0.0016197893,0.18639551,0.0072485963,0.21854112,0.0048637595
