Gaia/vari_eclipsing_binary/VariEclipsingBinary_246343-246433.csv
# %ECSV 1.0
# ---
# delimiter: ','
# meta: !!omap
# - RELEASE: Gaia DR3
# - TABLE: vari_eclipsing_binary
# - DESCRIPTION: >
#     This table describes the properties of the eclipsing binaries resulting from the variability analysis. 
# - CITATION: >
#     How to cite and acknowledge Gaia: 
#     https://gea.esac.esa.int/archive/documentation/credits.html 
# - KNOWN_ISSUES: >
#     Known issues: 
#     https://www.cosmos.esa.int/web/gaia-users/known-issues 
# - DOCUMENTATION: >
#     Tutorials and documentation: 
#     https://www.cosmos.esa.int/web/gaia-users/archive 
# datatype:
# - 
#   name: solution_id
#   datatype: int64
#   description: Solution Identifier
#   meta:
#     ucd: meta.version
# - 
#   name: source_id
#   datatype: int64
#   description: Unique source identifier
#   meta:
#     ucd: meta.id;meta.main
# - 
#   name: global_ranking
#   datatype: float32
#   description: Number between 0 (worst) and 1 (best)
#   meta:
#     ucd: stat.param
# - 
#   name: reference_time
#   datatype: float64
#   unit: d
#   description: Reference time used for the geometric model fit
#   meta:
#     ucd: time.epoch
# - 
#   name: frequency
#   datatype: float64
#   unit: d**-1
#   description: Frequency of geometric model of the eclipsing binary light curve
#   meta:
#     ucd: src.orbital
# - 
#   name: frequency_error
#   datatype: float32
#   unit: d**-1
#   description: "Uncertainty of \\texttt{frequency}"
#   meta:
#     ucd: stat.error
# - 
#   name: geom_model_reference_level
#   datatype: float32
#   unit: mag
#   description: Magnitude reference level of geometric model
#   meta:
#     ucd: phot.mag;em.opt
# - 
#   name: geom_model_reference_level_error
#   datatype: float32
#   unit: mag
#   description: "Uncertainty of \\texttt{geomModelReferenceLevel}"
#   meta:
#     ucd: stat.error;phot.mag;em.opt
# - 
#   name: geom_model_gaussian1_phase
#   datatype: float32
#   description: Phase of the Gaussian 1 component
#   meta:
#     ucd: time.phase
# - 
#   name: geom_model_gaussian1_phase_error
#   datatype: float32
#   description: "Uncertainty of \\texttt{geomModelGaussian1Phase}"
#   meta:
#     ucd: stat.error;time.phase
# - 
#   name: geom_model_gaussian1_sigma
#   datatype: float32
#   description: "Standard deviation [phase] of Gaussian 1 component"
#   meta:
#     ucd: stat.stdev
# - 
#   name: geom_model_gaussian1_sigma_error
#   datatype: float32
#   description: "Uncertainty of \\texttt{geomModelGaussian1Sigma}"
#   meta:
#     ucd: stat.error
# - 
#   name: geom_model_gaussian1_depth
#   datatype: float32
#   unit: mag
#   description: Magnitude depth of Gaussian 1 component
#   meta:
#     ucd: src.var.amplitude
# - 
#   name: geom_model_gaussian1_depth_error
#   datatype: float32
#   unit: mag
#   description: "Uncertainty of \\texttt{geomModelGaussian1Depth}"
#   meta:
#     ucd: stat.error;src.var.amplitude
# - 
#   name: geom_model_gaussian2_phase
#   datatype: float32
#   description: Phase of Gaussian 2 component
#   meta:
#     ucd: time.phase
# - 
#   name: geom_model_gaussian2_phase_error
#   datatype: float32
#   description: "Uncertainty of \\texttt{geomModelGaussian2Phase}"
#   meta:
#     ucd: stat.error;time.phase
# - 
#   name: geom_model_gaussian2_sigma
#   datatype: float32
[...]
#   datatype: float32
#   description: "Secondary eclipse: uncertainty of \\texttt{derivedSecondaryEclDuration}"
#   meta:
#     ucd: stat.error;time.duration
# - 
#   name: derived_secondary_ecl_depth
#   datatype: float32
#   unit: mag
#   description: "Secondary eclipse: depth"
#   meta:
#     ucd: src.var.amplitude
# - 
#   name: derived_secondary_ecl_depth_error
#   datatype: float32
#   unit: mag
#   description: "Secondary eclipse: uncertainty of \\texttt{derivedSecondaryEclDepth}"
#   meta:
#     ucd: stat.error;src.var.amplitude
solution_id,source_id,global_ranking,reference_time,frequency,frequency_error,geom_model_reference_level,geom_model_reference_level_error,geom_model_gaussian1_phase,geom_model_gaussian1_phase_error,geom_model_gaussian1_sigma,geom_model_gaussian1_sigma_error,geom_model_gaussian1_depth,geom_model_gaussian1_depth_error,geom_model_gaussian2_phase,geom_model_gaussian2_phase_error,geom_model_gaussian2_sigma,geom_model_gaussian2_sigma_error,geom_model_gaussian2_depth,geom_model_gaussian2_depth_error,geom_model_cosine_half_period_amplitude,geom_model_cosine_half_period_amplitude_error,geom_model_cosine_half_period_phase,geom_model_cosine_half_period_phase_error,model_type,num_model_parameters,reduced_chi2,derived_primary_ecl_phase,derived_primary_ecl_phase_error,derived_primary_ecl_duration,derived_primary_ecl_duration_error,derived_primary_ecl_depth,derived_primary_ecl_depth_error,derived_secondary_ecl_phase,derived_secondary_ecl_phase_error,derived_secondary_ecl_duration,derived_secondary_ecl_duration_error,derived_secondary_ecl_depth,derived_secondary_ecl_depth_error
[from data line 289]
375316653866487564,2167112408756057344,0.5800555,2240.3850196174944,1.0239939751508387,1.00256286E-4,18.541952,0.0022941178,0.46802357,0.014353541,0.040657375,0.0045433613,0.90267587,0.25170192,0.73597705,0.026691124,0.01922834,0.04366311,0.008585928,0.34084013,0.0014132571,0.0021561952,0.73597705,0.026691124,"TWOGAUSSIANS_WITH_ELLIPSOIDAL_ON_ECLIPSE2",9,1.3606045,0.46801355,0.014354469,0.22768131,0.025442822,0.9027117,0.25171652,0.73597705,0.026691124,0.107678704,0.24451342,0.011412442,0.34249103
375316653866487564,2167113022935873408,0.6051798,2216.360896230531,0.5418170516780572,2.3938324E-5,15.548296,0.002212324,0.30459553,0.0054855417,0.025178172,0.0036156268,0.25022614,0.010843876,0.81097895,0.012448689,0.022359693,0.007185132,0.38044786,0.09872369,0.018850392,0.0048840283,0.30459553,0.0054855417,"TWOGAUSSIANS_WITH_ELLIPSOIDAL_ON_ECLIPSE1",9,24.755882,0.81097895,0.012448689,0.12521428,0.040236738,0.41808805,0.09898759,0.30459553,0.0054855417,0.14099777,0.02024751,0.2879269,0.009565071
375316653866487564,2167113435249605632,0.59203744,2249.307958361482,2.4331203272542066,1.1711388E-5,17.77534,0.0144096175,0.22358032,0.0032940223,0.053881858,0.005136174,0.28679484,0.040484622,0.71300864,0.00757663,0.05327649,0.007838239,0.26756036,0.05968504,0.09946391,0.021393871,0.22358032,0.0032940223,"TWOGAUSSIANS_WITH_ELLIPSOIDAL_ON_ECLIPSE1",9,11.351467,0.22358032,0.0032940223,0.3017384,0.028762577,0.48571354,0.028586319,0.71451867,0.0062659276,0.29834834,0.04389414,0.46572745,0.05905801
375316653866487564,2167114294249809024,0.45185846,2239.461294018356,4.360668731042546,2.4224271E-5,19.86632,0.064693786,0.46997824,0.015420686,0.15815221,0.06470603,0.3088169,0.035505224,0.91072947,9.831602E-4,0.013095717,0.00707613,0.34896067,1.5139481,null,null,null,null,"TWOGAUSSIANS",8,4.634538,0.91072947,9.831602E-4,0.07333601,0.039626326,0.35173067,1.5105877,0.46997824,0.015420686,0.4,0.0,0.30463603,0.0274878
375316653866487564,2167114569124358528,0.5659743,2217.1314051289805,1.021954850470162,2.1695192E-5,18.689348,0.008893001,0.26434118,0.004195715,0.032710984,0.0035691387,0.67145765,0.08401759,0.7664958,0.008519344,0.03400521,0.02364679,0.66476804,0.17637561,null,null,null,null,"TWOGAUSSIANS",8,10.610241,0.26434118,0.004195715,0.18318152,0.019987177,0.67145765,0.08401758,0.7664958,0.008519344,0.19042918,0.13242203,0.66476804,0.17637582
375316653866487564,2167114848309262848,0.44361544,2197.418147412701,0.16430003053589265,7.440658E-6,18.371313,0.018669037,0.32844198,0.03523287,0.13473015,0.03839559,0.051387113,0.019672753,0.7332988,0.0028689937,0.041614443,0.006916611,0.57863927,0.2883173,null,null,null,null,"TWOGAUSSIANS",8,4.2181907,0.7332988,0.0028689937,0.23304088,0.03873302,0.57871896,0.28841567,0.32844198,0.03523287,0.4,0.0,0.050901376,0.01791521
375316653866487564,2167114951388496000,0.516489,2227.118246094105,0.34603578418127456,1.0621912E-4,15.305152,0.0034354515,0.12608755,0.01502083,0.02904397,0.01894666,0.2514447,0.20592509,0.7552816,0.03426495,0.13549225,0.032122288,0.018367931,0.005641046,null,null,null,null,"TWOGAUSSIANS",8,34.01617,0.12605755,0.014680038,0.16264623,0.1061013,0.251835,0.2060812,0.7552816,0.03426495,0.4,0.0,0.018323507,0.0055578835
375316653866487564,2167115157546917632,0.49177307,2206.0637355314384,3.6992518815402877,1.9147277E-5,18.1726,0.054285932,0.26188704,0.004161939,0.08203724,0.014748058,0.8405513,0.14571646,0.78548807,0.009765831,0.07604359,0.023964923,0.40145823,0.057939295,null,null,null,null,"TWOGAUSSIANS",8,45.68867,0.26188704,0.004161939,0.4,0.0,0.835696,0.15349314,0.78548807,0.009765831,0.4,0.03266444,0.3966029,0.06223274
375316653866487564,2167115191896588288,0.45736808,2195.9214741278897,0.6788140022008826,1.6363818E-5,19.443308,0.011432516,0.28619006,0.0065959906,0.049955744,0.007427303,0.1889939,0.021788552,0.7783743,0.013812147,0.036557954,0.007791882,0.28698972,0.05884156,null,null,null,null,"TWOGAUSSIANS",8,5.8417587,0.7783743,0.013812147,0.20472455,0.04363454,0.28698972,0.05884155,0.28619006,0.0065959906,0.27975217,0.041592896,0.18899389,0.021788571
375316653866487564,2167115501143959936,0.58325726,2220.6589966775864,1.590035513694721,1.030281E-4,16.283749,0.0011154837,0.505095,0.021058606,0.040100828,0.035288826,0.008573503,23.081152,0.6984166,0.0011293672,0.035457667,3.6990255E-4,1.1057004,0.03475916,null,null,null,null,"TWOGAUSSIANS",8,7.2334843,0.6984166,0.0011293672,0.19856293,0.0020714542,1.1057004,0.03475835,0.50510496,0.021154812,0.22456464,0.19761743,0.008573892,23.081154
375316653866487564,2167115909153972864,0.4767987,2216.985276733569,0.12152406418839724,1.1065568E-4,18.448908,0.006403578,0.22053938,0.030915668,0.08823783,0.0235899,0.03613107,0.01268429,0.75986916,0.031013705,0.05035008,0.02141494,0.39501867,0.2541843,null,null,null,null,"TWOGAUSSIANS",8,3.7385218,0.75986916,0.031013705,0.28196046,0.11992366,0.3949389,0.25431034,0.22053938,0.030915668,0.4,0.0,0.036051266,0.012643622
375316653866487564,2167116665068263808,0.5039899,2242.48189221285,0.5396080432370023,9.5391035E-5,17.314299,0.0011282515,0.56672645,0.0050949557,0.012085386,0.0023158144,0.26576197,0.10816877,0.43074253,0.07441644,0.096667424,0.041097574,0.012891154,0.0063028005,null,null,null,null,"TWOGAUSSIANS",8,2.5574355,0.56668645,0.005096355,0.06767816,0.012968561,0.27055606,0.10795176,0.43074253,0.07441644,0.4,0.061616335,0.012891114,0.0063028894
375316653866487564,2167117390929764224,0.62035644,2233.6827262180022,2.8841046970873676,3.7317163E-6,17.365002,0.00812743,0.29974124,0.001227955,0.047393095,0.0029234665,0.31295383,0.017508399,0.8022486,0.0028029247,0.04744592,0.003084463,0.35950285,0.027688066,0.10891794,0.012685007,0.29974124,0.001227955,"TWOGAUSSIANS_WITH_ELLIPSOIDAL_ON_ECLIPSE1",9,6.5659027,0.8022486,0.0028029247,0.26569715,0.017272994,0.5772838,0.022856064,0.29974124,0.001227955,0.26540133,0.016371412,0.53078884,0.0149748195
375316653866487564,2167118279976390272,0.45224583,2233.7130773337453,0.5155517228931625,6.9368354E-5,18.950747,0.0035662956,0.281888,0.009235285,0.020241454,0.004923636,0.3068938,0.1411892,0.67688304,0.017248662,0.039492052,0.018354237,0.05436334,0.02043742,null,null,null,null,"TWOGAUSSIANS",8,3.034082,0.281888,0.009235285,0.11335214,0.027572364,0.3068938,0.1411892,0.67688304,0.017248662,0.22115548,0.102783725,0.05436334,0.02043742
375316653866487564,2167119796111596800,0.62206054,2229.3715511540227,1.204695298480138,2.3322065E-5,17.192076,0.0023724798,0.26553032,0.0017245768,0.02588952,0.0076556094,0.54495484,1.1060697,0.76400006,0.005117634,0.03306391,0.006133006,0.26218998,0.022366868,0.04174181,0.00329311,0.26553032,0.0017245768,"TWOGAUSSIANS_WITH_ELLIPSOIDAL_ON_ECLIPSE1",9,3.263553,0.26553032,0.0017245768,0.14498131,0.042871412,0.6284385,1.1074941,0.76404005,0.005041027,0.1851579,0.034344833,0.34566608,0.022629648
375316653866487564,2167120586385786368,0.5470288,2268.5338227528023,0.6095931636703658,5.955538E-5,16.208252,0.0035667538,0.28791824,0.005913169,0.0058021876,0.006566819,0.44915298,0.42486393,0.8022536,0.018315911,0.022500157,0.019739123,0.3586472,1.7086325,null,null,null,null,"TWOGAUSSIANS",8,52.05061,0.28791824,0.005913169,0.03249225,0.036774185,0.44915298,0.42486393,0.8022536,0.018315911,0.12600088,0.11053909,0.3586472,1.7086325
375316653866487564,2167121544148166016,0.6594184,2265.3256515321796,2.1483135168083884,2.692994E-6,16.930185,0.02311842,0.20782515,0.0014773905,0.062437195,0.0066490094,0.33662808,0.04091731,0.7148205,0.0030411645,0.064262725,0.0057900446,0.29805225,0.04879989,0.08617257,0.02386136,0.20782515,0.0014773905,"TWOGAUSSIANS_WITH_ELLIPSOIDAL_ON_ECLIPSE1",9,4.653753,0.20782515,0.0014773905,0.3496483,0.03723445,0.50876045,0.024956347,0.7148205,0.0030411645,0.35987127,0.03242425,0.4698519,0.011938282
375316653866487564,2167121720257145600,0.48173675,2245.215925597873,0.783950736676465,2.1628732E-5,15.978392,0.01842345,0.2199444,0.0036151456,0.029519962,0.004095339,0.50805724,0.17782396,0.72546524,0.006903259,0.028937219,0.007844613,0.28622562,0.028929712,0.007333174,0.022627346,0.2199444,0.0036151456,"TWOGAUSSIANS_WITH_ELLIPSOIDAL_ON_ECLIPSE1",9,67.81982,0.2199444,0.0036151456,0.16531178,0.0229339,0.5227236,0.17427848,0.72546524,0.006903259,0.16204843,0.04392983,0.30087432,0.026465503
375316653866487564,2167122403141722368,0.63026667,2273.5791994839724,2.7297340964527077,4.6801697E-6,17.959146,0.013894929,0.22185335,0.0019327776,0.05033125,0.004576025,0.33419085,0.030155342,0.7265691,0.0025016363,0.054999202,0.0037168604,0.28683472,0.03280473,0.099612534,0.015957389,0.22185335,0.0019327776,"TWOGAUSSIANS_WITH_ELLIPSOIDAL_ON_ECLIPSE1",9,3.7532334,0.22185335,0.0019327776,0.281855,0.025625741,0.53340715,0.005604837,0.7265691,0.0025016363,0.30799553,0.020814419,0.48587614,0.015795497
375316653866487564,2167122476171462528,0.59600514,2274.036985068582,1.3959380597217954,3.975935E-6,16.620455,0.0011185426,0.41719502,1.3768881E-4,0.013112873,5.629876E-4,3.2232406,0.9553716,0.6269209,0.018226458,0.023166649,0.009790261,0.013928082,0.00897759,null,null,null,null,"TWOGAUSSIANS",8,2.1497562,0.41719502,1.3768881E-4,0.07343209,0.0031527304,3.2232406,0.9553716,0.6269209,0.018226458,0.12973323,0.054825462,0.013928082,0.00897759
375316653866487564,2167122884178137216,0.5842478,2268.133407059376,0.07888390629227139,3.878181E-5,16.899843,0.0010930895,0.49747047,0.017809354,0.04172886,0.021297451,0.021417545,0.20623831,0.82252085,0.0058209957,0.0064892573,0.0027948841,0.31957787,0.12782043,0.00267928,0.0020040106,0.49747047,0.017809354,"TWOGAUSSIANS_WITH_ELLIPSOIDAL_ON_ECLIPSE1",9,2.5920997,0.82252085,0.005830751,0.03633984,0.01565135,0.3206837,0.12800875,0.49747047,0.017809354,0.23368163,0.11926573,0.026776094,0.20639749
375316653866487564,2167123472603810944,0.57973886,2245.9352517751404,0.6898124358507692,2.8046697E-5,18.256649,0.003945751,0.33872613,0.076732166,0.0140794,0.081345335,0.03498979,760.70734,0.6359652,0.007906537,0.023600226,0.0050237253,0.38839787,0.029473854,0.0019961626,0.006776086,0.33872613,0.076732166,"TWOGAUSSIANS_WITH_ELLIPSOIDAL_ON_ECLIPSE1",9,3.0825567,0.63598526,0.007915361,0.13216126,0.028132861,0.3887395,0.029783705,0.33872613,0.076732166,0.078844644,0.33039,0.038982093,760.70685
375316653866487564,2167123743170798592,0.54140407,2250.9250096629444,3.148420369629096,1.4238748E-5,18.966137,0.012073192,0.29361734,0.0047994917,0.0972754,0.008346971,0.235767,0.013390729,0.7784339,0.010064935,0.07839605,0.014687429,0.2261414,0.015296408,null,null,null,null,"TWOGAUSSIANS",8,1.6697359,0.29361734,0.0047994917,0.4,0.0,0.22952741,0.010768265,0.7784339,0.010064935,0.4,0.0,0.21990295,0.015716951
375316653866487564,2167125358082801408,0.56198823,2233.971230516146,0.37241712392475124,1.5988271E-5,18.180552,0.002975982,0.23188148,0.0014249879,0.022875747,8.2923117E-4,0.35904536,0.020786643,0.7306328,0.008006851,0.021533573,0.0044808914,0.29995108,0.049584467,null,null,null,null,"TWOGAUSSIANS",8,3.5675483,0.23188148,0.0014249879,0.12810418,0.0046436945,0.35904536,0.020786643,0.7306328,0.008006851,0.120588005,0.025092991,0.29995108,0.049584467
375316653866487564,2167127114727156608,0.4892592,2230.1690945254436,0.8263305249946576,1.259297E-5,18.528189,0.0060257744,0.19798332,0.00631539,0.03662294,0.0041862014,0.28721207,0.028477881,0.69786173,0.0022729083,0.038081013,0.0022388091,0.29309648,0.010988002,null,null,null,null,"TWOGAUSSIANS",8,5.950653,0.69786173,0.0022729083,0.21325366,0.012537331,0.29309648,0.010988002,0.19798332,0.00631539,0.20508848,0.023442728,0.28721207,0.028477881
375316653866487564,2167128244308917120,0.53643066,2223.505357469264,0.9254776646166185,8.472771E-6,19.50854,0.008595074,0.10497253,0.0018405687,0.031648234,0.0014196774,0.7544082,0.036629763,0.60321015,0.012339288,0.03391302,0.0126765445,0.11683054,0.045795873,null,null,null,null,"TWOGAUSSIANS",8,3.0749757,0.10497253,0.0018405687,0.1772301,0.007950193,0.7544082,0.036629763,0.60321015,0.012339288,0.1899129,0.07098865,0.11683054,0.045795873
375316653866487564,2167128450456344960,0.47318012,2196.8880422159937,1.7262584943948196,1.0126909E-4,16.177748,0.008996831,0.5878872,4.29759E-4,0.0053986628,4.112816E-4,0.2537785,0.014018487,0.39187336,0.037568383,0.17656177,0.046662275,0.067495175,0.0127769625,null,null,null,null,"TWOGAUSSIANS",8,51.812756,0.58785725,4.2887937E-4,0.030232511,0.002303177,0.28778052,0.005245516,0.39187336,0.037568383,0.4,0.0,0.06504673,0.012606791
375316653866487564,2167128523485417344,0.6301619,2202.634495052161,0.7746071887383055,9.142855E-6,15.938988,0.0014004152,0.21978112,0.0023268904,0.04837797,0.001936967,0.44584385,0.011126908,0.41673952,0.007324792,0.032593243,0.008604242,0.015605454,0.003077334,null,null,null,null,"TWOGAUSSIANS",8,13.059664,0.21978112,0.0023268904,0.27091664,0.010847015,0.44584385,0.011126914,0.41673952,0.007324792,0.18252216,0.04818375,0.015717648,0.0031027668
375316653866487564,2167128553544695936,0.5255062,2178.643287789644,1.404157031179422,2.7236438E-5,19.438314,0.005966763,0.2771161,0.0029957048,0.031315606,0.0025758168,0.5429717,0.02622203,0.73072517,0.014590833,0.014433378,0.0049756994,0.10630859,0.10889446,null,null,null,null,"TWOGAUSSIANS",8,2.6493094,0.2771161,0.0029957048,0.1753674,0.014424574,0.5429717,0.02622203,0.73072517,0.014590833,0.08082692,0.027863916,0.10630859,0.10889446
375316653866487564,2167129343820451968,0.5501805,2236.4479934223236,0.17392535640420154,5.2792606E-5,18.259554,0.0030806947,0.7327507,0.010099245,0.0017123831,0.005871319,0.50517315,1.1183331,null,null,null,null,null,null,0.02754239,0.004738996,0.7327507,0.010099245,"ONEGAUSSIAN_WITH_ELLIPSOIDAL",6,4.6110682,0.7327507,0.010099245,0.009589345,0.032879386,0.5602578,1.1188487,null,null,null,null,null,null
375316653866487564,2167132509204343424,0.5224271,2245.7755975455243,2.504573033853647,2.521656E-5,18.789326,0.01564563,0.25842068,0.0045314054,0.06860908,0.0063712606,0.439405,0.021143598,0.7582494,0.009587313,0.08047322,0.012191528,0.21272947,0.019358013,null,null,null,null,"TWOGAUSSIANS",8,6.8435206,0.25842068,0.0045314054,0.38421085,0.030784704,0.43729517,0.020818379,0.7582494,0.009587313,0.4,0.0,0.21061966,0.01879851
375316653866487564,2167133295178748672,0.4398442,2243.3083009627744,0.5621271232292958,1.4211757E-5,19.790617,0.02129575,0.32407436,5.828209E-5,0.006028982,3.6564254E-4,1.3642757,0.12910716,0.75033796,0.02837696,0.09660928,0.026211264,0.13096154,0.04308661,null,null,null,null,"TWOGAUSSIANS",8,5.0559144,0.32407436,5.828209E-5,0.0337623,0.0020475984,1.3642831,0.12908259,0.75033796,0.02837696,0.4,0.0,0.13096114,0.043092463
375316653866487564,2167134914396304256,0.59265864,2244.1720453531066,3.091453777338044,5.076641E-6,17.018425,0.015680758,0.23513107,0.005313038,0.048400305,0.005365305,0.27917594,0.039655805,0.74149907,0.0015857694,0.060080327,0.0053042644,0.31899503,0.034237955,0.10398859,0.02172476,0.74149907,0.0015857694,"TWOGAUSSIANS_WITH_ELLIPSOIDAL_ON_ECLIPSE2",9,17.390482,0.74149907,0.0015857694,0.33644983,0.02970388,0.52691656,0.0186804,0.23590107,0.004689663,0.2710417,0.030045709,0.48680496,0.01646012
375316653866487564,2167135842109318400,0.63187486,2245.6064548353393,0.4562658151576994,1.2815073E-5,15.982831,7.2239444E-4,0.7711433,0.001654438,0.022174325,0.0015429504,0.28835964,0.012500052,0.5947314,0.05379905,0.09830743,0.028380858,0.011659892,0.00851354,null,null,null,null,"TWOGAUSSIANS",8,2.3615334,0.7710733,0.0016569851,0.12417622,0.008640522,0.29069155,0.012410946,0.5947314,0.05379905,0.4,0.0,0.011659835,0.008513572
375316653866487564,2167136151346983296,0.50316906,2256.340429473926,0.13721642067083673,1.4611104E-5,13.410772,0.0014952382,0.44656163,0.0056561087,0.014468621,0.0037066687,0.12896833,0.02416958,null,null,null,null,null,null,null,null,null,null,"ONEGAUSSIAN",5,144.47632,0.44656163,0.0056561087,0.08102428,0.020757345,0.12896833,0.0,null,null,null,null,null,null
