Gaia/vari_eclipsing_binary/VariEclipsingBinary_651195-651902.csv
# %ECSV 1.0
# ---
# delimiter: ','
# meta: !!omap
# - RELEASE: Gaia DR3
# - TABLE: vari_eclipsing_binary
# - DESCRIPTION: >
#     This table describes the properties of the eclipsing binaries resulting from the variability analysis. 
# - CITATION: >
#     How to cite and acknowledge Gaia: 
#     https://gea.esac.esa.int/archive/documentation/credits.html 
# - KNOWN_ISSUES: >
#     Known issues: 
#     https://www.cosmos.esa.int/web/gaia-users/known-issues 
# - DOCUMENTATION: >
#     Tutorials and documentation: 
#     https://www.cosmos.esa.int/web/gaia-users/archive 
# datatype:
# - 
#   name: solution_id
#   datatype: int64
#   description: Solution Identifier
#   meta:
#     ucd: meta.version
# - 
#   name: source_id
#   datatype: int64
#   description: Unique source identifier
#   meta:
#     ucd: meta.id;meta.main
# - 
#   name: global_ranking
#   datatype: float32
#   description: Number between 0 (worst) and 1 (best)
#   meta:
#     ucd: stat.param
# - 
#   name: reference_time
#   datatype: float64
#   unit: d
#   description: Reference time used for the geometric model fit
#   meta:
#     ucd: time.epoch
# - 
#   name: frequency
#   datatype: float64
#   unit: d**-1
#   description: Frequency of geometric model of the eclipsing binary light curve
#   meta:
#     ucd: src.orbital
# - 
#   name: frequency_error
#   datatype: float32
#   unit: d**-1
#   description: "Uncertainty of \\texttt{frequency}"
#   meta:
#     ucd: stat.error
# - 
#   name: geom_model_reference_level
#   datatype: float32
#   unit: mag
#   description: Magnitude reference level of geometric model
#   meta:
#     ucd: phot.mag;em.opt
# - 
#   name: geom_model_reference_level_error
#   datatype: float32
#   unit: mag
#   description: "Uncertainty of \\texttt{geomModelReferenceLevel}"
#   meta:
#     ucd: stat.error;phot.mag;em.opt
# - 
#   name: geom_model_gaussian1_phase
#   datatype: float32
#   description: Phase of the Gaussian 1 component
#   meta:
#     ucd: time.phase
# - 
#   name: geom_model_gaussian1_phase_error
#   datatype: float32
#   description: "Uncertainty of \\texttt{geomModelGaussian1Phase}"
#   meta:
#     ucd: stat.error;time.phase
# - 
#   name: geom_model_gaussian1_sigma
#   datatype: float32
#   description: "Standard deviation [phase] of Gaussian 1 component"
#   meta:
#     ucd: stat.stdev
# - 
#   name: geom_model_gaussian1_sigma_error
#   datatype: float32
#   description: "Uncertainty of \\texttt{geomModelGaussian1Sigma}"
#   meta:
#     ucd: stat.error
# - 
#   name: geom_model_gaussian1_depth
#   datatype: float32
#   unit: mag
#   description: Magnitude depth of Gaussian 1 component
#   meta:
#     ucd: src.var.amplitude
# - 
#   name: geom_model_gaussian1_depth_error
#   datatype: float32
#   unit: mag
#   description: "Uncertainty of \\texttt{geomModelGaussian1Depth}"
#   meta:
#     ucd: stat.error;src.var.amplitude
# - 
#   name: geom_model_gaussian2_phase
#   datatype: float32
#   description: Phase of Gaussian 2 component
#   meta:
#     ucd: time.phase
# - 
#   name: geom_model_gaussian2_phase_error
#   datatype: float32
#   description: "Uncertainty of \\texttt{geomModelGaussian2Phase}"
#   meta:
#     ucd: stat.error;time.phase
# - 
#   name: geom_model_gaussian2_sigma
#   datatype: float32
[...]
#   datatype: float32
#   description: "Secondary eclipse: uncertainty of \\texttt{derivedSecondaryEclDuration}"
#   meta:
#     ucd: stat.error;time.duration
# - 
#   name: derived_secondary_ecl_depth
#   datatype: float32
#   unit: mag
#   description: "Secondary eclipse: depth"
#   meta:
#     ucd: src.var.amplitude
# - 
#   name: derived_secondary_ecl_depth_error
#   datatype: float32
#   unit: mag
#   description: "Secondary eclipse: uncertainty of \\texttt{derivedSecondaryEclDepth}"
#   meta:
#     ucd: stat.error;src.var.amplitude
solution_id,source_id,global_ranking,reference_time,frequency,frequency_error,geom_model_reference_level,geom_model_reference_level_error,geom_model_gaussian1_phase,geom_model_gaussian1_phase_error,geom_model_gaussian1_sigma,geom_model_gaussian1_sigma_error,geom_model_gaussian1_depth,geom_model_gaussian1_depth_error,geom_model_gaussian2_phase,geom_model_gaussian2_phase_error,geom_model_gaussian2_sigma,geom_model_gaussian2_sigma_error,geom_model_gaussian2_depth,geom_model_gaussian2_depth_error,geom_model_cosine_half_period_amplitude,geom_model_cosine_half_period_amplitude_error,geom_model_cosine_half_period_phase,geom_model_cosine_half_period_phase_error,model_type,num_model_parameters,reduced_chi2,derived_primary_ecl_phase,derived_primary_ecl_phase_error,derived_primary_ecl_duration,derived_primary_ecl_duration_error,derived_primary_ecl_depth,derived_primary_ecl_depth_error,derived_secondary_ecl_phase,derived_secondary_ecl_phase_error,derived_secondary_ecl_duration,derived_secondary_ecl_duration_error,derived_secondary_ecl_depth,derived_secondary_ecl_depth_error
[from data line 249]
375316653866487564,5729931812513445760,0.5186377,2318.855706179399,0.2611663046064386,2.3282577E-5,16.628323,0.002472556,0.27586454,0.012997028,0.012432611,0.0071381526,0.020909602,0.05845124,0.7779817,0.037456002,0.043457527,0.040679738,0.21229406,1.5174171,null,null,null,null,"TWOGAUSSIANS",8,11.239906,0.7779817,0.037456002,0.24336216,0.22780654,0.21229406,1.5174171,0.27586454,0.012997028,0.06962262,0.039973654,0.020909602,0.05845124
375316653866487564,5729932671506175104,0.5337135,2295.9110421097057,3.093635885579104,2.0262432E-5,19.69603,0.009812209,0.20689936,0.0061497567,0.051212437,0.0095766755,0.36694658,0.023399064,0.7118868,0.0038709836,0.046458073,0.0022370438,0.5207778,0.01700853,null,null,null,null,"TWOGAUSSIANS",8,2.8324997,0.7118868,0.0038709836,0.2601652,0.012527445,0.52077645,0.017005768,0.20689936,0.0061497567,0.28678966,0.053629383,0.36694524,0.023402274
375316653866487564,5729938684460346496,0.58051497,2314.0760184280025,3.061850560696524,8.960877E-6,15.082552,0.013084983,0.27697295,0.003613989,0.10344094,0.0060556717,0.31376624,0.014016489,0.7792112,0.0024964984,0.093478285,0.006309019,0.36518368,0.012189833,null,null,null,null,"TWOGAUSSIANS",8,71.551384,0.7792112,0.0024964984,0.4,0.0,0.33917323,0.0130472835,0.27697295,0.003613989,0.4,0.0,0.28775093,0.010243023
375316653866487564,5729965558071769088,0.64859784,2275.3386245869124,1.9940301313358113,3.1434483E-6,11.65142,0.010860741,0.2642662,0.002522291,0.0533371,0.004392535,0.21940725,0.025557153,0.7594702,0.0012687957,0.04419737,0.0039633294,0.29261744,0.02457336,0.132415,0.01637881,0.7594702,0.0012687957,"TWOGAUSSIANS_WITH_ELLIPSOIDAL_ON_ECLIPSE2",9,242.34778,0.7594702,0.0012687957,0.24750528,0.022194644,0.55744284,0.011061604,0.2632462,0.0018608096,0.29868776,0.024598196,0.48404348,0.011207203
375316653866487564,5729967791454737152,0.66392374,2315.8902861925185,0.13805094927062897,8.777019E-6,14.648276,3.736269E-4,0.47223106,0.01910975,0.02928492,0.027750647,0.004016145,0.003039903,0.58947027,4.0289926E-4,0.003022936,1.4651017E-4,0.52331096,0.077219486,null,null,null,null,"TWOGAUSSIANS",8,3.2631342,0.58947027,4.0289926E-4,0.01692844,8.2045695E-4,0.5233123,0.07723004,0.47223106,0.01910975,0.16399555,0.15540363,0.004016145,0.003039903
375316653866487564,5729974422884312576,0.60054225,2285.3653129174627,1.4639013995176586,3.1975092E-6,16.719818,0.0019413141,0.3009336,6.907661E-4,0.03880016,8.49577E-4,0.3280741,0.010014495,0.8019353,0.0011603767,0.050382346,0.0020190144,0.14915165,0.0027381007,null,null,null,null,"TWOGAUSSIANS",8,4.0445375,0.3009336,6.907661E-4,0.2172809,0.0047576316,0.32807404,0.010014506,0.8019353,0.0011603767,0.28214115,0.011306481,0.1491516,0.00273812
375316653866487564,5729988682176472448,0.48560888,2294.4770607012993,3.310098141249907,2.0559326E-5,18.425003,0.006009842,0.23820634,0.0050734435,0.02489167,0.0083728535,0.07433125,0.029514177,0.728865,0.0037986038,0.03596543,0.0060069165,0.115510575,0.013780472,0.033354152,0.0082094325,0.23820634,0.0050734435,"TWOGAUSSIANS_WITH_ELLIPSOIDAL_ON_ECLIPSE1",9,3.9486306,0.729385,0.003543856,0.20140642,0.033638734,0.18200196,0.008769309,0.23820634,0.0050734435,0.13939336,0.04688798,0.14103943,0.029169647
375316653866487564,5730019979601164160,0.6478801,2301.5551332986274,4.284571714163247,5.677613E-6,17.053658,0.009367606,0.21890816,0.0010566612,0.048659615,0.0024407064,0.43396494,0.02238773,0.72063965,0.0017583701,0.04702565,0.0024650681,0.4091173,0.024676934,0.1341862,0.012168399,0.21890816,0.0010566612,"TWOGAUSSIANS_WITH_ELLIPSOIDAL_ON_ECLIPSE1",9,12.146332,0.21890816,0.0010566612,0.27249384,0.013667956,0.70233613,0.015146067,0.72063965,0.0017583701,0.26334363,0.013804382,0.67745674,0.019013599
375316653866487564,5730041355655104000,0.5850045,2309.531745098306,2.0374149500368075,6.5126424E-6,15.151574,0.006896648,0.2507637,0.0017847948,0.04681025,0.0034355973,0.309824,0.023815442,0.745135,0.0015751711,0.038324896,0.0024572767,0.3188031,0.01664437,0.06315949,0.00901803,0.2507637,0.0017847948,"TWOGAUSSIANS_WITH_ELLIPSOIDAL_ON_ECLIPSE1",9,115.929955,0.745385,0.0015117873,0.21461941,0.01376075,0.44497058,0.011055107,0.2507637,0.0017847948,0.2621374,0.019239346,0.4361425,0.023859099
375316653866487564,5730057603516256128,0.5519006,2294.220232222654,3.934963303079606,1.33799695E-5,18.679062,0.005763405,0.260484,0.004470491,0.060385592,0.0053268406,0.3608796,0.011439484,0.7492497,0.0049049067,0.0640357,0.0046114684,0.58488727,0.040615756,null,null,null,null,"TWOGAUSSIANS",8,6.6248503,0.7492497,0.0049049067,0.3585999,0.025824223,0.58468795,0.040710468,0.260484,0.004470491,0.33815932,0.029830307,0.3606803,0.011443143
375316653866487564,5730082862218925824,0.6507318,2283.3418116777534,1.7461681615224307,3.9622732E-6,15.826614,0.014037352,0.27089366,0.0010674299,0.062484354,0.0037913679,0.25710717,0.026713299,0.76764387,0.001440296,0.06987335,0.004897574,0.18081626,0.028737698,0.07799277,0.014455368,0.76764387,0.001440296,"TWOGAUSSIANS_WITH_ELLIPSOIDAL_ON_ECLIPSE2",9,9.47005,0.27038366,7.9085375E-4,0.34991238,0.021231659,0.41267115,0.005480727,0.76764387,0.001440296,0.39129075,0.020801483,0.33643502,0.0064461655
375316653866487564,5730090764958724992,0.5906897,2291.502137971229,2.4710226545974976,6.604727E-6,14.337838,0.0049045347,0.25223067,0.0019937835,0.07621594,0.0020989052,0.48925477,0.008414251,0.74436593,0.001397171,0.07934552,0.0018681932,0.5251905,0.010108481,null,null,null,null,"TWOGAUSSIANS",8,211.78781,0.74436593,0.001397171,0.4,0.0,0.520273,0.0101837,0.25223067,0.0019937835,0.4,0.0,0.4843373,0.008265584
375316653866487564,5730103512421743104,0.5614727,2328.56586123835,3.710996720439576,9.1856255E-6,16.570982,0.0059576584,0.25824755,0.004020602,0.07296804,0.0049055023,0.38854092,0.012657196,0.75673723,0.002704229,0.072447024,0.0028319042,0.35361752,0.009837252,null,null,null,null,"TWOGAUSSIANS",8,40.785217,0.25824755,0.004020602,0.4,0.0,0.38660318,0.01277664,0.75673723,0.002704229,0.4,0.0014212352,0.35167977,0.00962558
375316653866487564,5730109662814787840,0.540666,2299.9661160773176,2.353738601808875,1.620769E-5,17.72209,0.0045326725,0.53685033,0.0011823059,0.037073933,0.001604732,0.65012753,0.044392478,0.8405837,0.050483014,0.023854021,0.03191768,0.03057213,0.024035955,null,null,null,null,"TWOGAUSSIANS",8,18.168486,0.53685033,0.0011823059,0.20761402,0.008986499,0.65012753,0.044392485,0.8405837,0.050483014,0.13358252,0.178739,0.03057213,0.024035955
375316653866487564,5730168173152883328,0.5919569,2276.3258166320197,3.1766721146739947,1.7161161E-5,11.925813,0.01152271,0.21112134,0.003309352,0.04633034,0.0055969013,0.19262584,0.031812403,0.7159723,0.0034019735,0.048826315,0.006067128,0.2659758,0.02886879,0.104769394,0.020612,0.21112134,0.003309352,"TWOGAUSSIANS_WITH_ELLIPSOIDAL_ON_ECLIPSE1",9,585.75195,0.7159723,0.0034019735,0.27342737,0.033975918,0.4753188,0.01786122,0.21112134,0.003309352,0.2594499,0.031342648,0.40216342,0.017614387
375316653866487564,5730209198681022336,0.6126737,2311.215867991197,1.8944823194249552,1.1439678E-5,17.043806,0.0035785085,0.22632638,0.0024778135,0.07565588,0.002641039,0.31302285,0.009929756,0.72519076,0.001947979,0.07712681,0.002274918,0.44253865,0.009511143,null,null,null,null,"TWOGAUSSIANS",8,7.810596,0.72519076,0.001947979,0.4,0.0,0.43910527,0.009685034,0.22632638,0.0024778135,0.4,0.0,0.30958948,0.01004326
375316653866487564,5730212084899028864,0.62807024,2341.970686049653,1.1449659427943377,2.8164368E-6,15.246259,0.002812933,0.2866407,0.003677036,0.03632141,0.0035428554,0.14531095,0.026949415,0.7895042,4.7962126E-4,0.032080494,6.010034E-4,0.3511067,0.0066130273,0.013917692,0.0035024968,0.2866407,0.003677036,"TWOGAUSSIANS_WITH_ELLIPSOIDAL_ON_ECLIPSE1",9,9.545917,0.7895042,4.7962126E-4,0.17965075,0.0033656193,0.37893307,0.003099588,0.2866407,0.003677036,0.20339988,0.019839989,0.17314632,0.026849126
375316653866487564,5730226829522383104,0.49699724,2327.942713945024,1.0248788513482219,2.6776817E-5,12.288227,0.010386091,0.14141087,0.0051592723,0.07744435,0.032947913,0.025058767,0.009042006,0.64256483,0.016078204,0.0495626,0.068226136,0.09180301,0.05554364,null,null,null,null,"TWOGAUSSIANS",8,59.10219,0.64256483,0.016078204,0.27755055,0.121668935,0.09177003,0.06098834,0.14141087,0.005165938,0.4,0.0,0.025025789,0.0042274804
375316653866487564,5730263658866892544,0.595514,2309.2854738830165,2.4204509660915625,6.6707908E-6,18.340271,0.0055001867,0.15780634,8.733872E-4,0.02978843,0.0012785852,0.90261525,0.057736754,0.65375566,0.0036350922,0.037664242,0.0035637862,0.3797986,0.022724707,null,null,null,null,"TWOGAUSSIANS",8,5.7783184,0.15780634,8.733872E-4,0.1668152,0.007160077,0.90261525,0.057736754,0.65375566,0.0036350922,0.21091975,0.019957202,0.3797986,0.022724707
375316653866487564,5730273348311826048,0.55020696,2298.204092479289,2.7851584327591317,1.5907408E-5,17.076502,0.13050722,0.30727315,0.0038076937,0.13035515,0.043273754,0.23325647,0.12547232,0.8219761,0.004929132,0.11607757,0.03005482,0.22824161,0.12248264,null,null,null,null,"TWOGAUSSIANS",8,4.2233233,0.30721316,0.0037045516,0.4,0.0,0.18127115,0.010971831,0.8221961,0.004338892,0.4,0.0,0.176532,0.01167969
375316653866487564,5730274550902712320,0.6517214,2306.0543800349315,3.5910646022234842,3.4840884E-6,18.006393,0.0039362507,0.201267,6.753174E-4,0.041604884,0.0013620362,0.48910365,0.012304983,0.6985937,0.004792281,0.043614764,0.0022167463,0.49170387,0.047571577,0.13725467,0.0055339043,0.201267,6.753174E-4,"TWOGAUSSIANS_WITH_ELLIPSOIDAL_ON_ECLIPSE1",9,2.7202408,0.69880366,0.0044427575,0.24424268,0.01241378,0.76614136,0.04701638,0.201267,6.753174E-4,0.23298734,0.007627403,0.76361257,0.012778748
375316653866487564,5730283415715388672,0.60138535,2348.2793569296864,4.318108734027634,1.942661E-5,17.06085,0.009898467,0.2671138,0.0051141595,0.06441203,0.005555507,0.4925924,0.01245162,0.7575036,0.00529617,0.085848466,0.006836441,0.40209246,0.030664729,null,null,null,null,"TWOGAUSSIANS",8,17.428852,0.2671138,0.0051141595,0.36070734,0.031110838,0.48983938,0.011160362,0.7575036,0.00529617,0.4,0.0,0.3993394,0.031211207
375316653866487564,5730304585609798784,0.4465688,2433.9384401572756,3.881580760462232,1.3559639E-4,19.448126,0.028931674,0.21578093,0.027389752,0.12510724,0.030855965,0.12376326,0.03504917,0.64596426,0.0058794743,0.048946805,0.011734449,0.33556324,0.0382921,null,null,null,null,"TWOGAUSSIANS",8,2.7403665,0.64596426,0.0058794743,0.27410212,0.06571292,0.3345537,0.037108887,0.21578093,0.027389752,0.4,0.0,0.122414745,0.03358977
375316653866487564,5730323547889517824,0.46205217,2340.6276083009043,0.3405991150069637,8.8800654E-5,13.496868,0.0011756854,0.47846702,0.008775564,0.022508537,0.0028662004,0.22755568,0.07931897,0.7960885,0.021594223,0.050081264,0.011512002,0.019688679,0.0061233733,null,null,null,null,"TWOGAUSSIANS",8,47.791534,0.47846702,0.008775564,0.1260478,0.016050722,0.22755568,0.07931897,0.7960885,0.021594223,0.28045508,0.064467214,0.019688679,0.0061233733
375316653866487564,5730346981231590144,0.52729726,2300.688206754099,2.877963974063393,1.986282E-5,18.81035,0.037379883,0.21531896,0.0053024245,0.11973246,0.01803442,0.21770601,0.036179908,0.7128307,0.0054033217,0.10528135,0.017205304,0.2274791,0.03472438,null,null,null,null,"TWOGAUSSIANS",8,1.0819353,0.7128307,0.0054033217,0.4,0.0,0.19093736,0.0077172015,0.21531896,0.005301165,0.4,0.0,0.18109867,0.007284984
375316653866487564,5730352444429485952,0.6055914,2321.0278689377556,2.8521840826852154,1.1493497E-5,12.232277,0.017820064,0.28418276,0.0025061378,0.055377405,0.0146185635,0.183282,0.028172728,0.78061265,0.004036483,0.050386336,0.0059628757,0.21228357,0.038324602,0.069996975,0.020480657,0.28418276,0.0025061378,"TWOGAUSSIANS_WITH_ELLIPSOIDAL_ON_ECLIPSE1",9,325.42377,0.7810327,0.0035585768,0.28216347,0.0333921,0.3522077,0.011058503,0.28418276,0.0025061378,0.31011346,0.081863955,0.32326835,0.033660408
375316653866487564,5730362133875604608,0.66419685,2298.370961253364,1.388889690378714,2.6639711E-6,12.603289,0.011389299,0.2215446,0.0013848417,0.064682156,0.004429257,0.19822566,0.022652457,0.7143745,0.0014142424,0.058558088,0.007274599,0.13029657,0.023073522,0.07631342,0.012617052,0.7143745,0.0014142424,"TWOGAUSSIANS_WITH_ELLIPSOIDAL_ON_ECLIPSE2",9,74.02192,0.22009459,8.3953945E-4,0.36222008,0.024803838,0.35051847,0.00981509,0.7143745,0.0014142424,0.3279253,0.040737752,0.28283623,0.0036704498
375316653866487564,5730403812239599488,0.5867341,2320.71927532095,1.4108951583687497,3.8054618E-6,16.539803,0.002689103,0.7878248,3.6701435E-4,0.037402328,0.0014661006,0.2050641,0.005622135,null,null,null,null,null,null,0.023369044,0.0041944035,0.7878248,3.6701435E-4,"ONEGAUSSIAN_WITH_ELLIPSOIDAL",6,6.1738887,0.7878248,3.6701435E-4,0.20945305,0.008210164,0.25180212,0.004510799,null,null,null,null,null,null
375316653866487564,5730446280875598848,0.490207,2344.4975473998497,1.0422289706500798,2.9948711E-5,18.999275,0.017612861,0.20678101,0.0069680274,0.025860345,0.0048600603,0.4903065,0.17877842,0.7054569,0.057693355,0.08547217,0.09495552,0.078880206,0.022609051,null,null,null,null,"TWOGAUSSIANS",8,7.163547,0.20678101,0.00696905,0.14481793,0.027216336,0.49029863,0.1787538,0.7054569,0.057693355,0.4,0.0,0.07887232,0.023578905
375316653866487564,5730448548618347008,0.4606946,2293.3650345836263,0.5145887940549921,3.2327578E-5,16.926918,0.0041831415,0.38942838,0.015760032,0.009504362,0.006819321,0.38038886,1.677631,0.7186078,0.0133243995,0.07956302,0.016507339,0.059201565,0.00713387,null,null,null,null,"TWOGAUSSIANS",8,22.71216,0.38942838,0.015760032,0.053224426,0.038188197,0.38040024,1.6776263,0.7186078,0.0133243995,0.4,0.011678282,0.05920156,0.0071338685
375316653866487564,5730471981960436608,0.57686025,2316.2028304614328,1.4691731317871601,1.4332439E-5,18.639942,0.0060386625,0.26604265,0.0021617778,0.05227999,0.0033196076,0.4554545,0.013510779,0.76996976,0.002919888,0.04587426,0.008937946,0.33406505,0.07208261,null,null,null,null,"TWOGAUSSIANS",8,4.2539873,0.26604265,0.0021617778,0.29276794,0.018589802,0.455453,0.013511048,0.76996976,0.002919888,0.25689587,0.050052498,0.3340636,0.07208547
375316653866487564,5730483221889938816,0.5101321,2314.5436956689846,3.656962030727119,1.7524197E-5,17.034874,0.05796686,0.22292063,0.0062687593,0.12342929,0.024051458,0.22360815,0.056690443,0.7063758,0.0059314603,0.116906196,0.020458324,0.22744724,0.05615032,null,null,null,null,"TWOGAUSSIANS",8,15.810775,0.7063758,0.0059314603,0.4,0.0,0.1828357,0.0119353775,0.22299063,0.00619488,0.4,0.0,0.1789143,0.013065836
375316653866487564,5730509850687005184,0.580462,2342.128626632153,3.2189813776450027,6.4817827E-6,14.063572,0.008114204,0.21571112,0.005931355,0.076521754,0.00869872,0.19456935,0.008220832,0.7156591,0.0019455057,0.09109612,0.0039065382,0.20503534,0.008305555,null,null,null,null,"TWOGAUSSIANS",8,113.5238,0.7156591,0.0019455057,0.4,0.0,0.20037763,0.006080648,0.21571112,0.005931355,0.4,0.0,0.18991177,0.0058097234
375316653866487564,5730523422783702528,0.5405616,2284.7975619379235,1.8994131906898173,1.2276466E-5,14.211426,0.021973146,0.26398265,0.005143531,0.12840305,0.019840065,0.12491287,0.020820143,0.76320666,0.0024870303,0.10619643,0.0124084,0.13937084,0.019749781,null,null,null,null,"TWOGAUSSIANS",8,38.173363,0.76320666,0.0024910874,0.4,0.0,0.112802245,0.004220449,0.26398265,0.005143531,0.4,0.0,0.098221175,0.0034228032
