Gaia/vari_eclipsing_binary/VariEclipsingBinary_490197-490223.csv
# %ECSV 1.0
# ---
# delimiter: ','
# meta: !!omap
# - RELEASE: Gaia DR3
# - TABLE: vari_eclipsing_binary
# - DESCRIPTION: >
#     This table describes the properties of the eclipsing binaries resulting from the variability analysis. 
# - CITATION: >
#     How to cite and acknowledge Gaia: 
#     https://gea.esac.esa.int/archive/documentation/credits.html 
# - KNOWN_ISSUES: >
#     Known issues: 
#     https://www.cosmos.esa.int/web/gaia-users/known-issues 
# - DOCUMENTATION: >
#     Tutorials and documentation: 
#     https://www.cosmos.esa.int/web/gaia-users/archive 
# datatype:
# - 
#   name: solution_id
#   datatype: int64
#   description: Solution Identifier
#   meta:
#     ucd: meta.version
# - 
#   name: source_id
#   datatype: int64
#   description: Unique source identifier
#   meta:
#     ucd: meta.id;meta.main
# - 
#   name: global_ranking
#   datatype: float32
#   description: Number between 0 (worst) and 1 (best)
#   meta:
#     ucd: stat.param
# - 
#   name: reference_time
#   datatype: float64
#   unit: d
#   description: Reference time used for the geometric model fit
#   meta:
#     ucd: time.epoch
# - 
#   name: frequency
#   datatype: float64
#   unit: d**-1
#   description: Frequency of geometric model of the eclipsing binary light curve
#   meta:
#     ucd: src.orbital
# - 
#   name: frequency_error
#   datatype: float32
#   unit: d**-1
#   description: "Uncertainty of \\texttt{frequency}"
#   meta:
#     ucd: stat.error
# - 
#   name: geom_model_reference_level
#   datatype: float32
#   unit: mag
#   description: Magnitude reference level of geometric model
#   meta:
#     ucd: phot.mag;em.opt
# - 
#   name: geom_model_reference_level_error
#   datatype: float32
#   unit: mag
#   description: "Uncertainty of \\texttt{geomModelReferenceLevel}"
#   meta:
#     ucd: stat.error;phot.mag;em.opt
# - 
#   name: geom_model_gaussian1_phase
#   datatype: float32
#   description: Phase of the Gaussian 1 component
#   meta:
#     ucd: time.phase
# - 
#   name: geom_model_gaussian1_phase_error
#   datatype: float32
#   description: "Uncertainty of \\texttt{geomModelGaussian1Phase}"
#   meta:
#     ucd: stat.error;time.phase
# - 
#   name: geom_model_gaussian1_sigma
#   datatype: float32
#   description: "Standard deviation [phase] of Gaussian 1 component"
#   meta:
#     ucd: stat.stdev
# - 
#   name: geom_model_gaussian1_sigma_error
#   datatype: float32
#   description: "Uncertainty of \\texttt{geomModelGaussian1Sigma}"
#   meta:
#     ucd: stat.error
# - 
#   name: geom_model_gaussian1_depth
#   datatype: float32
#   unit: mag
#   description: Magnitude depth of Gaussian 1 component
#   meta:
#     ucd: src.var.amplitude
# - 
#   name: geom_model_gaussian1_depth_error
#   datatype: float32
#   unit: mag
#   description: "Uncertainty of \\texttt{geomModelGaussian1Depth}"
#   meta:
#     ucd: stat.error;src.var.amplitude
# - 
#   name: geom_model_gaussian2_phase
#   datatype: float32
#   description: Phase of Gaussian 2 component
#   meta:
#     ucd: time.phase
# - 
#   name: geom_model_gaussian2_phase_error
#   datatype: float32
#   description: "Uncertainty of \\texttt{geomModelGaussian2Phase}"
#   meta:
#     ucd: stat.error;time.phase
# - 
#   name: geom_model_gaussian2_sigma
#   datatype: float32
[...]
#   datatype: float32
#   description: "Secondary eclipse: uncertainty of \\texttt{derivedSecondaryEclDuration}"
#   meta:
#     ucd: stat.error;time.duration
# - 
#   name: derived_secondary_ecl_depth
#   datatype: float32
#   unit: mag
#   description: "Secondary eclipse: depth"
#   meta:
#     ucd: src.var.amplitude
# - 
#   name: derived_secondary_ecl_depth_error
#   datatype: float32
#   unit: mag
#   description: "Secondary eclipse: uncertainty of \\texttt{derivedSecondaryEclDepth}"
#   meta:
#     ucd: stat.error;src.var.amplitude
solution_id,source_id,global_ranking,reference_time,frequency,frequency_error,geom_model_reference_level,geom_model_reference_level_error,geom_model_gaussian1_phase,geom_model_gaussian1_phase_error,geom_model_gaussian1_sigma,geom_model_gaussian1_sigma_error,geom_model_gaussian1_depth,geom_model_gaussian1_depth_error,geom_model_gaussian2_phase,geom_model_gaussian2_phase_error,geom_model_gaussian2_sigma,geom_model_gaussian2_sigma_error,geom_model_gaussian2_depth,geom_model_gaussian2_depth_error,geom_model_cosine_half_period_amplitude,geom_model_cosine_half_period_amplitude_error,geom_model_cosine_half_period_phase,geom_model_cosine_half_period_phase_error,model_type,num_model_parameters,reduced_chi2,derived_primary_ecl_phase,derived_primary_ecl_phase_error,derived_primary_ecl_duration,derived_primary_ecl_duration_error,derived_primary_ecl_depth,derived_primary_ecl_depth_error,derived_secondary_ecl_phase,derived_secondary_ecl_phase_error,derived_secondary_ecl_duration,derived_secondary_ecl_duration_error,derived_secondary_ecl_depth,derived_secondary_ecl_depth_error
[from data line 39]
375316653866487564,4311831712769587840,0.5987988,2191.0812301299493,1.3851303373859865,5.1820043E-6,15.03638,0.30678308,0.27122408,0.0014809214,0.16836514,0.04213138,0.40919593,0.2501831,0.7699227,0.001647926,0.21196991,0.07641695,0.4305002,0.29665372,null,null,null,null,"TWOGAUSSIANS",8,3.5783987,0.2720041,0.0015966448,0.4,0.0,0.11260256,0.0022173738,0.7699227,0.001647926,0.4,0.0,0.09055854,0.0023060455
375316653866487564,4311831811516297600,0.5595762,2219.411182373824,2.727630414496124,2.1282549E-5,16.990822,0.010512714,0.23485619,0.009057885,0.085112244,0.010275186,0.2820515,0.029981216,0.7425773,0.004808432,0.07485572,0.005478729,0.3196685,0.01434996,null,null,null,null,"TWOGAUSSIANS",8,18.187187,0.7425773,0.004808432,0.4,0.0,0.31579527,0.013593398,0.23485619,0.009057885,0.4,0.0,0.27817827,0.031273477
375316653866487564,4311831987647550080,0.57650506,2209.071131821096,2.105017251867896,1.0249432E-5,18.274895,0.0064504948,0.2583788,0.00556204,0.018189551,0.008403199,0.06426426,0.01935334,0.7347944,0.007003346,0.05015024,0.008416086,0.3835281,0.07787643,0.10674169,0.013165114,0.2583788,0.00556204,"TWOGAUSSIANS_WITH_ELLIPSOIDAL_ON_ECLIPSE1",9,4.718454,0.73711437,0.0065441034,0.28084135,0.047130086,0.5928117,0.08929147,0.2583788,0.00556204,0.101861484,0.04705791,0.27774635,0.014456357
375316653866487564,4311832120754263296,0.64147204,2131.281696339858,1.5651459162307308,7.4420104E-6,17.170202,0.0055433833,0.2347163,0.004878874,0.03975577,0.0039977157,0.27412283,0.019288795,0.72741854,0.0035790266,0.040375367,0.0062139947,0.08008447,0.012073468,0.049746946,0.006998099,0.2347163,0.004878874,"TWOGAUSSIANS_WITH_ELLIPSOIDAL_ON_ECLIPSE1",9,2.4417157,0.2347163,0.004878874,0.2226323,0.022387207,0.37361652,0.010575387,0.72842854,0.0028687185,0.22610205,0.03479837,0.17939788,0.0038899519
375316653866487564,4311833843042928000,0.46960136,2148.2132854887877,1.3305702642816033,4.519308E-5,19.7864,0.021775408,0.27481866,0.023122527,0.046423446,0.016966173,0.35812426,0.08685876,0.7637616,0.011648363,0.09300601,0.024289325,0.23029546,0.20309363,null,null,null,null,"TWOGAUSSIANS",8,2.2979772,0.27481866,0.023122527,0.2599713,0.09501057,0.3575215,0.0874761,0.7637616,0.011648363,0.4,0.0,0.2296924,0.20371404
375316653866487564,4311834255390277632,0.49066785,2168.1185590016257,0.8587375947822403,1.8827299E-5,14.851613,0.0014454301,0.22595663,0.0072781793,0.026621614,0.0066668787,0.028034292,0.014994987,null,null,null,null,null,null,0.021457449,0.0027331808,0.22595663,0.0072781793,"ONEGAUSSIAN_WITH_ELLIPSOIDAL",6,23.198898,0.22595663,0.0072781793,0.14908104,0.03733452,0.07094919,0.014789492,null,null,null,null,null,null
375316653866487564,4311834633347401600,0.4835243,2131.646315310592,2.5949266924489036,3.136379E-5,17.908302,0.010433697,0.22454359,0.007931971,0.033219587,0.008276398,0.08046765,0.018103985,0.82421845,0.040367097,0.04365191,0.079865076,0.06297009,0.007470071,0.06521985,0.012148158,0.22454359,0.007931971,"TWOGAUSSIANS_WITH_ELLIPSOIDAL_ON_ECLIPSE1",9,15.79345,0.22454359,0.0077758376,0.18602967,0.046347834,0.21090733,0.022589184,0.82421845,0.040367097,0.2444507,0.16820113,0.14859721,0.029721372
375316653866487564,4311835973347721728,0.54492193,2135.956933168137,3.0499531021586446,2.06005E-5,18.210516,0.028889047,0.27235547,0.006729932,0.09032959,0.015350566,0.3167415,0.035939515,0.76002556,0.0055639585,0.07881287,0.011401959,0.44942975,0.032162957,null,null,null,null,"TWOGAUSSIANS",8,11.250908,0.76002556,0.0055639585,0.4,0.0,0.4418837,0.030703746,0.27235547,0.006729932,0.4,0.0,0.30919528,0.03656145
375316653866487564,4311836007708372096,0.4864679,2147.7689185897852,2.5883118278981763,3.572637E-5,19.698612,0.010180795,0.24159929,0.007724651,0.04317432,0.006731617,0.15837081,0.012718964,0.8173778,0.006034124,0.061831236,0.0070995223,0.33794087,0.04111586,null,null,null,null,"TWOGAUSSIANS",8,3.2667918,0.8173778,0.006034124,0.34625494,0.039757326,0.33794072,0.041116137,0.24159929,0.007724651,0.24177618,0.037697054,0.15837066,0.0127186235
375316653866487564,4311836042096896384,0.58857197,2160.1311315731077,1.4886410161081693,1.1496775E-5,17.488482,0.015459105,0.31104705,0.005125985,0.065998115,0.011061875,0.21995367,0.04198996,0.8005507,0.014870297,0.032753613,0.02769608,0.06642339,0.028184451,0.055930484,0.018110078,0.31104705,0.005125985,"TWOGAUSSIANS_WITH_ELLIPSOIDAL_ON_ECLIPSE1",9,5.1050425,0.31104705,0.005125985,0.36958942,0.057272635,0.33165115,0.032788046,0.80186075,0.012440581,0.18342024,0.15509805,0.17769551,0.022360604
375316653866487564,4311836557468121344,0.44194674,2095.1232944383037,2.786048553901308,1.0232791E-4,18.695005,0.033806983,0.076914966,0.011657937,0.05368584,0.011185707,0.1835336,0.07523278,0.43622798,0.025394894,0.14533363,0.047702357,0.19455013,0.036279887,null,null,null,null,"TWOGAUSSIANS",8,7.940642,0.43622798,0.025394894,0.4,0.0,0.19246906,0.034211498,0.07944496,0.007493055,0.3006407,0.06263996,0.19081755,0.06728806
375316653866487564,4311836621876676992,0.590581,2110.41182575895,3.616380533270126,3.4076813E-5,16.664385,0.031613797,0.25963596,0.0041446327,0.065709524,0.0142616825,0.22191232,0.06153502,0.74902755,0.0059379614,0.04222064,0.015823137,0.09794891,0.06310839,0.06306827,0.031535193,0.25963596,0.0041446327,"TWOGAUSSIANS_WITH_ELLIPSOIDAL_ON_ECLIPSE1",9,12.689253,0.25963596,0.0041446327,0.36797333,0.070335634,0.3478934,0.048407007,0.75065756,0.0052671824,0.23643559,0.08860957,0.223456,0.0055513433
375316653866487564,4311836690608654080,0.44572592,2130.9977888000626,2.777397981173653,2.5113188E-5,18.199226,0.010313435,0.2950856,0.006580949,0.07087326,0.0114720585,0.16409197,0.047341026,0.8063187,0.010336913,0.047048375,0.01313083,0.18388134,0.07076034,null,null,null,null,"TWOGAUSSIANS",8,10.99829,0.8063187,0.010336913,0.2634709,0.07353265,0.18385349,0.07077962,0.2950856,0.006580949,0.39689025,0.055469483,0.16406412,0.047359027
375316653866487564,4311836729266126848,0.45528638,2176.596420700765,3.716412232262424,2.9466779E-5,19.549517,0.020128498,0.19753028,0.009335646,0.08794355,0.009353384,0.2960459,0.029927373,0.7112756,0.00378918,0.07613139,0.0065488606,0.3133005,0.024967643,null,null,null,null,"TWOGAUSSIANS",8,3.008971,0.7112756,0.00378918,0.4,0.0,0.3087971,0.023469402,0.19753028,0.009335646,0.4,0.0,0.2915424,0.027198348
375316653866487564,4311836793680371072,0.58021593,2166.550676252706,0.05861116769875379,5.384998E-5,18.454266,0.011691804,0.30130166,0.001328268,0.022440966,0.0019180789,3.8994117,1.2552303,0.16819327,0.010725878,0.019408593,0.0067732837,0.2959496,0.3272994,0.0083360905,0.011700747,0.30130166,0.001328268,"TWOGAUSSIANS_WITH_ELLIPSOIDAL_ON_ECLIPSE1",9,11.029636,0.30130166,0.001328268,0.1256694,0.010741241,3.9160838,1.2605845,0.16832326,0.010778342,0.10868812,0.037930388,0.30344474,0.32653177
375316653866487564,4311836862398964096,0.5496172,2143.2022432416134,2.3277389400809576,2.004054E-5,17.662716,0.011598369,0.28173536,0.005448086,0.08404534,0.008243424,0.25288695,0.014206969,0.77105147,0.0043366873,0.08648419,0.0056314706,0.27368075,0.013007758,null,null,null,null,"TWOGAUSSIANS",8,6.719041,0.77105147,0.0043366873,0.4,0.0,0.2677394,0.010520692,0.28173536,0.005448086,0.4,0.0,0.24694562,0.013294061
375316653866487564,4311836931118478080,0.59176385,2202.0706750558775,2.2675027479812555,1.349718E-5,18.67121,0.009840894,0.16537681,0.0036621273,0.07977251,0.0046164677,0.46817526,0.018677566,0.6700216,0.002278513,0.084534734,0.0054791924,0.50875723,0.03237563,null,null,null,null,"TWOGAUSSIANS",8,1.6636314,0.6700216,0.002278513,0.4,0.0,0.5000179,0.03479043,0.16537681,0.0036621273,0.4,0.0,0.4594359,0.019014094
375316653866487564,4311837897522961408,0.63304675,2210.6838649816277,3.62160292138549,9.421465E-6,18.035706,0.021993523,0.30893514,0.003964426,0.041793987,0.026043804,0.41368952,0.0879242,0.81165123,0.0022831212,0.04952148,0.0038887432,0.55807865,0.048511773,0.10665139,0.027856007,0.30893514,0.003964426,"TWOGAUSSIANS_WITH_ELLIPSOIDAL_ON_ECLIPSE1",9,6.111627,0.81165123,0.0022724536,0.2773203,0.021776961,0.77131706,0.02130987,0.30893514,0.003964426,0.23404633,0.1458453,0.6269901,0.09795826
375316653866487564,4311838344199371136,0.46172515,2127.016431508986,0.04367823466317794,5.2771782E-5,19.566628,0.1272961,0.28638712,0.0152166225,0.16525686,0.06635125,0.2658566,0.121045046,0.8282015,0.0062888833,0.04280389,0.016681995,1.3984852,1.1985446,null,null,null,null,"TWOGAUSSIANS",8,3.1980448,0.8282915,0.006042522,0.23970178,0.09341918,1.386114,1.217287,0.28638712,0.0152166225,0.4,0.0,0.24655664,0.058320664
375316653866487564,4311838408588157824,0.5893047,2168.294600942132,0.9765606270676642,4.389161E-5,17.398664,0.003676948,0.3455062,0.005749782,0.054590616,0.00961601,0.37196204,0.14550962,0.8521392,0.0079907905,0.059177984,0.007919076,0.06898736,0.0065768957,null,null,null,null,"TWOGAUSSIANS",8,2.4994614,0.3455062,0.005749782,0.30570745,0.053849656,0.37194705,0.1455701,0.8521392,0.0079907905,0.3313967,0.044346824,0.06897239,0.00656714
375316653866487564,4311838412890294272,0.497813,2091.959063965128,2.468736396414211,4.7074816E-5,19.368853,0.01830489,0.1814313,0.00914965,0.0781257,0.0116299745,0.36860222,0.025649915,0.6806211,0.0059187375,0.08796476,0.007570281,0.39942852,0.020114984,null,null,null,null,"TWOGAUSSIANS",8,3.6799278,0.6806211,0.0059187375,0.4,0.0,0.391281,0.016449982,0.1814313,0.00914965,0.4,0.0,0.36045477,0.027574552
375316653866487564,4311838550329732480,0.52579063,2126.506374738752,2.994560432879418,1.7096805E-5,19.091246,0.05608722,0.26396978,0.01767756,0.04046649,0.009165434,0.45562822,0.23383361,0.7412931,0.01626157,0.05564167,0.01629643,0.619007,0.18338765,0.09110594,0.07319032,0.26396978,0.01767756,"TWOGAUSSIANS_WITH_ELLIPSOIDAL_ON_ECLIPSE1",9,11.1297865,0.74280304,0.015024822,0.31159335,0.09126,0.7977833,0.17608662,0.26396978,0.01767756,0.22661236,0.05132643,0.63783634,0.11971732
375316653866487564,4311838859566881536,0.45111746,2115.367487441572,0.11582476884698743,6.839946E-5,19.7517,0.1201642,0.36592406,0.016359776,0.13607104,0.094232515,0.26294962,0.077768825,0.8651425,0.003288357,0.050767414,0.008691771,1.1431317,0.43705502,null,null,null,null,"TWOGAUSSIANS",8,2.3836465,0.8651425,0.003288357,0.28429753,0.048673917,1.1258744,0.45881957,0.36592406,0.016359776,0.4,0.0,0.24507707,0.038087327
375316653866487564,4311839065753960576,0.5353582,2100.445931373689,2.5713194859359976,2.1406135E-5,19.66526,0.01235298,0.28613678,0.004284394,0.0781786,0.005342052,0.382597,0.01958903,0.7754055,0.0042226496,0.07659404,0.005152823,0.3625899,0.022120537,null,null,null,null,"TWOGAUSSIANS",8,1.1443167,0.28613678,0.004284394,0.4,0.0,0.37937838,0.019440793,0.7754055,0.0042226496,0.4,0.0,0.35937127,0.022054072
375316653866487564,4311839198855506304,0.4824724,2116.7205740304157,0.33530907480817196,8.887223E-5,18.229353,0.009642155,0.33427742,0.019349417,0.1141366,0.022358518,0.15309672,0.043446142,0.7317247,0.058767386,0.070776746,0.05277282,0.027150009,0.01597822,null,null,null,null,"TWOGAUSSIANS",8,1.94232,0.33427742,0.019349417,0.4,0.0,0.1523517,0.04470744,0.7317247,0.058767386,0.39634976,0.27197292,0.026761498,0.015897572
375316653866487564,4311839340603776384,0.477377,2120.7413603839736,3.0313604641403784,1.8633351E-5,19.314278,0.016729487,0.23901984,0.0031255954,0.037205484,0.0063449717,0.32047582,0.11546197,null,null,null,null,null,null,0.18584625,0.03085269,0.23901984,0.0031255954,"ONEGAUSSIAN_WITH_ELLIPSOIDAL",6,8.413723,0.23901984,0.0031255954,0.2083507,0.03553184,0.6921683,0.11043044,null,null,null,null,null,null
375316653866487564,4311839409323442432,0.57506245,2155.9136856448226,0.4213287188951409,1.137263E-5,18.737097,0.0072838,0.79437065,9.912208E-4,0.032890875,0.0014825009,0.47300112,0.034432977,null,null,null,null,null,null,0.04276313,0.009205986,0.79437065,9.912208E-4,"ONEGAUSSIAN_WITH_ELLIPSOIDAL",6,3.2821288,0.79437065,9.912208E-4,0.1841889,0.008302005,0.5585273,0.03225224,null,null,null,null,null,null
375316653866487564,4311839649844098816,0.5871029,2137.3646961981462,2.3027906807501015,6.378718E-6,18.525713,0.009873058,0.21940877,0.0028390065,0.08344326,0.0038884361,0.42601264,0.02079047,0.73094904,0.0020324818,0.08500645,0.0058637904,0.39387965,0.014144828,null,null,null,null,"TWOGAUSSIANS",8,2.3933709,0.21940877,0.0028390065,0.4,0.0,0.4178715,0.021152576,0.73094904,0.0020324818,0.4,0.0,0.38573852,0.01580016
375316653866487564,4311839679893523840,0.47242996,2115.4087108553686,0.14786346563906233,2.202546E-4,18.550356,0.0042802906,0.24130158,0.0014464527,0.009677165,0.001915189,0.043809712,0.0053498526,0.50381804,0.03374853,0.045420572,0.023778183,0.20082216,0.78134704,null,null,null,null,"TWOGAUSSIANS",8,3.7022276,0.50381804,0.03374853,0.25435522,0.13315782,0.20082216,0.78134704,0.24130158,0.0014464527,0.054192122,0.010725059,0.043809723,0.0053498624
375316653866487564,4311839959079313280,0.5169443,2106.623783696628,4.779799204132719,3.6542933E-5,19.109842,0.018264929,0.18050873,0.030825213,0.08359758,0.032191176,0.09781547,0.033070143,0.6693905,0.0074221953,0.026519587,0.00659094,0.5026383,0.0432763,null,null,null,null,"TWOGAUSSIANS",8,7.3586063,0.6693905,0.0074221953,0.14850968,0.036909264,0.50263315,0.04320931,0.18050873,0.030825213,0.4,0.02586072,0.09781035,0.033054467
375316653866487564,4311840027826728320,0.6654186,2121.1892464591588,1.7037124642402282,2.8455686E-6,16.6983,0.0054303254,0.26238757,6.661196E-4,0.09015589,0.0018613493,0.29844812,0.0050553754,0.761388,0.001963551,0.10333312,0.0033948235,0.2677831,0.0055424725,null,null,null,null,"TWOGAUSSIANS",8,1.1972504,0.26238757,6.661196E-4,0.4,0.0,0.27880296,0.003141132,0.761388,0.001963551,0.4,0.0,0.24813367,0.0045200055
375316653866487564,4311840092208870784,0.48164785,2116.7628181597765,2.381787676145813,2.986945E-5,19.015985,0.0049640746,null,null,null,null,null,null,null,null,null,null,null,null,0.0850579,0.006000341,0.30040088,0.007125393,"ELLIPSOIDAL",4,2.6328433,null,null,null,null,null,null,null,null,null,null,null,null
375316653866487564,4311840233957781248,0.46013874,2114.541588539443,0.5494214104795536,3.1985877E-5,18.595016,0.012171206,0.26776358,0.008082352,0.0974413,0.01125495,0.13754584,0.012738933,0.7092548,0.009908286,0.080028586,0.016906189,0.18578157,0.026308315,null,null,null,null,"TWOGAUSSIANS",8,5.120991,0.7092548,0.009908286,0.4,0.0,0.1835776,0.028921384,0.26776358,0.008081736,0.4,0.0,0.13533711,0.010158237
375316653866487564,4311840474476029184,0.5906661,2177.5794134665693,1.1114727754078795,1.9302686E-5,19.42273,0.008629087,0.22458911,0.0029351069,0.060385384,0.004713837,0.34108078,0.043105688,0.7210575,0.005907197,0.055774692,0.008372696,0.9779829,0.45496356,null,null,null,null,"TWOGAUSSIANS",8,1.4114871,0.7210575,0.005907197,0.31233826,0.046887096,0.9778898,0.45511666,0.22458911,0.0029351069,0.33815816,0.026397487,0.34098768,0.043152016
375316653866487564,4311840538884924032,0.46564886,2154.3919364506546,0.24748273729732087,1.6316141E-4,18.756317,0.005568177,0.42889532,0.023340654,0.08810766,0.027693888,0.07124349,0.0077394573,0.7756117,0.02763112,0.083211064,0.028873418,0.1404491,0.032441184,null,null,null,null,"TWOGAUSSIANS",8,2.4890552,0.7756117,0.02763112,0.4,0.075256385,0.14034289,0.03256658,0.42902532,0.023354936,0.4,0.046147607,0.07113029,0.00763141
375316653866487564,4311840715021665408,0.5452918,2137.254834884277,1.5876703645604988,1.6773613E-5,17.812054,0.06865813,0.26526442,0.010866802,0.14471357,0.06117166,0.122780584,0.067117795,0.7528551,0.0039045522,0.098960325,0.016537588,0.23310669,0.06016283,null,null,null,null,"TWOGAUSSIANS",8,3.8499928,0.7528551,0.0039045522,0.4,0.0,0.20062135,0.009426995,0.26527444,0.010868122,0.4,0.0,0.08964355,0.013840639
