Gaia/vari_eclipsing_binary/VariEclipsingBinary_463576-463589.csv
# %ECSV 1.0
# ---
# delimiter: ','
# meta: !!omap
# - RELEASE: Gaia DR3
# - TABLE: vari_eclipsing_binary
# - DESCRIPTION: >
#     This table describes the properties of the eclipsing binaries resulting from the variability analysis. 
# - CITATION: >
#     How to cite and acknowledge Gaia: 
#     https://gea.esac.esa.int/archive/documentation/credits.html 
# - KNOWN_ISSUES: >
#     Known issues: 
#     https://www.cosmos.esa.int/web/gaia-users/known-issues 
# - DOCUMENTATION: >
#     Tutorials and documentation: 
#     https://www.cosmos.esa.int/web/gaia-users/archive 
# datatype:
# - 
#   name: solution_id
#   datatype: int64
#   description: Solution Identifier
#   meta:
#     ucd: meta.version
# - 
#   name: source_id
#   datatype: int64
#   description: Unique source identifier
#   meta:
#     ucd: meta.id;meta.main
# - 
#   name: global_ranking
#   datatype: float32
#   description: Number between 0 (worst) and 1 (best)
#   meta:
#     ucd: stat.param
# - 
#   name: reference_time
#   datatype: float64
#   unit: d
#   description: Reference time used for the geometric model fit
#   meta:
#     ucd: time.epoch
# - 
#   name: frequency
#   datatype: float64
#   unit: d**-1
#   description: Frequency of geometric model of the eclipsing binary light curve
#   meta:
#     ucd: src.orbital
# - 
#   name: frequency_error
#   datatype: float32
#   unit: d**-1
#   description: "Uncertainty of \\texttt{frequency}"
#   meta:
#     ucd: stat.error
# - 
#   name: geom_model_reference_level
#   datatype: float32
#   unit: mag
#   description: Magnitude reference level of geometric model
#   meta:
#     ucd: phot.mag;em.opt
# - 
#   name: geom_model_reference_level_error
#   datatype: float32
#   unit: mag
#   description: "Uncertainty of \\texttt{geomModelReferenceLevel}"
#   meta:
#     ucd: stat.error;phot.mag;em.opt
# - 
#   name: geom_model_gaussian1_phase
#   datatype: float32
#   description: Phase of the Gaussian 1 component
#   meta:
#     ucd: time.phase
# - 
#   name: geom_model_gaussian1_phase_error
#   datatype: float32
#   description: "Uncertainty of \\texttt{geomModelGaussian1Phase}"
#   meta:
#     ucd: stat.error;time.phase
# - 
#   name: geom_model_gaussian1_sigma
#   datatype: float32
#   description: "Standard deviation [phase] of Gaussian 1 component"
#   meta:
#     ucd: stat.stdev
# - 
#   name: geom_model_gaussian1_sigma_error
#   datatype: float32
#   description: "Uncertainty of \\texttt{geomModelGaussian1Sigma}"
#   meta:
#     ucd: stat.error
# - 
#   name: geom_model_gaussian1_depth
#   datatype: float32
#   unit: mag
#   description: Magnitude depth of Gaussian 1 component
#   meta:
#     ucd: src.var.amplitude
# - 
#   name: geom_model_gaussian1_depth_error
#   datatype: float32
#   unit: mag
#   description: "Uncertainty of \\texttt{geomModelGaussian1Depth}"
#   meta:
#     ucd: stat.error;src.var.amplitude
# - 
#   name: geom_model_gaussian2_phase
#   datatype: float32
#   description: Phase of Gaussian 2 component
#   meta:
#     ucd: time.phase
# - 
#   name: geom_model_gaussian2_phase_error
#   datatype: float32
#   description: "Uncertainty of \\texttt{geomModelGaussian2Phase}"
#   meta:
#     ucd: stat.error;time.phase
# - 
#   name: geom_model_gaussian2_sigma
#   datatype: float32
[...]
#   datatype: float32
#   description: "Secondary eclipse: uncertainty of \\texttt{derivedSecondaryEclDuration}"
#   meta:
#     ucd: stat.error;time.duration
# - 
#   name: derived_secondary_ecl_depth
#   datatype: float32
#   unit: mag
#   description: "Secondary eclipse: depth"
#   meta:
#     ucd: src.var.amplitude
# - 
#   name: derived_secondary_ecl_depth_error
#   datatype: float32
#   unit: mag
#   description: "Secondary eclipse: uncertainty of \\texttt{derivedSecondaryEclDepth}"
#   meta:
#     ucd: stat.error;src.var.amplitude
solution_id,source_id,global_ranking,reference_time,frequency,frequency_error,geom_model_reference_level,geom_model_reference_level_error,geom_model_gaussian1_phase,geom_model_gaussian1_phase_error,geom_model_gaussian1_sigma,geom_model_gaussian1_sigma_error,geom_model_gaussian1_depth,geom_model_gaussian1_depth_error,geom_model_gaussian2_phase,geom_model_gaussian2_phase_error,geom_model_gaussian2_sigma,geom_model_gaussian2_sigma_error,geom_model_gaussian2_depth,geom_model_gaussian2_depth_error,geom_model_cosine_half_period_amplitude,geom_model_cosine_half_period_amplitude_error,geom_model_cosine_half_period_phase,geom_model_cosine_half_period_phase_error,model_type,num_model_parameters,reduced_chi2,derived_primary_ecl_phase,derived_primary_ecl_phase_error,derived_primary_ecl_duration,derived_primary_ecl_duration_error,derived_primary_ecl_depth,derived_primary_ecl_depth_error,derived_secondary_ecl_phase,derived_secondary_ecl_phase_error,derived_secondary_ecl_duration,derived_secondary_ecl_duration_error,derived_secondary_ecl_depth,derived_secondary_ecl_depth_error
[from data line 39]
375316653866487564,4077666621118492160,0.5114813,2253.922279773886,2.267909819346948,2.1718815E-5,17.365828,0.008733642,0.19691855,0.011243452,0.09519684,0.014205373,0.05762417,0.009469885,0.68011075,0.011370161,0.11177251,0.01734734,0.08263243,0.0100711025,null,null,null,null,"TWOGAUSSIANS",8,1.6173669,0.68011075,0.011370161,0.4,0.0,0.07646056,0.007172376,0.19694854,0.011229968,0.4,0.0,0.05146125,0.0064368704
375316653866487564,4077666689873101312,0.57804775,2263.2161617176635,2.86781718878329,1.2675942E-5,14.91403,0.012339016,0.30561057,0.0038131867,0.08452333,0.007532933,0.32195657,0.024017667,0.799072,0.002389807,0.09794755,0.0056010415,0.26897147,0.012078,null,null,null,null,"TWOGAUSSIANS",8,67.89297,0.30561057,0.0038131867,0.4,0.0,0.3096122,0.027017348,0.799072,0.002389807,0.4,0.0,0.25662586,0.008901673
375316653866487564,4077666694225327616,0.47906667,2223.087107243412,0.3702293685830261,2.1910475E-5,18.696272,0.050441027,0.26495507,0.0055641974,0.11993915,0.02963835,0.19546637,0.04623692,0.7828221,0.024660405,0.08797584,0.020798994,0.20878658,0.075180985,null,null,null,null,"TWOGAUSSIANS",8,3.3126495,0.7828721,0.024763932,0.4,0.0,0.19106205,0.06644289,0.26495507,0.0055641974,0.4,0.0,0.17766383,0.023181962
375316653866487564,4077666728533420672,0.507278,2178.292137024985,0.31312210283295594,3.3279593E-5,18.441113,0.013419602,0.20720555,5.316921E-4,0.044334482,0.007175455,0.12831472,0.011763748,0.7482829,0.0064617842,0.084629886,0.010500099,0.13837779,0.013903208,null,null,null,null,"TWOGAUSSIANS",8,3.1411917,0.7482829,0.0064617842,0.4,0.0,0.13833924,0.013741915,0.20720555,5.316921E-4,0.24827309,0.040182546,0.12827623,0.01159314
375316653866487564,4077666728585059840,0.64269555,2165.137701968951,2.6798735946101018,2.1773834E-5,18.345833,0.015052225,0.28065783,0.028759543,0.064067036,0.023405101,0.61652,0.37021852,0.7644422,0.0020667757,0.08026488,0.0048948284,0.37550315,0.016892305,null,null,null,null,"TWOGAUSSIANS",8,0.6564649,0.28065783,0.028759543,0.3587754,0.06731762,0.6149767,0.3767835,0.7644422,0.0020667757,0.4,0.0,0.37395987,0.014652751
375316653866487564,4077666758558058112,0.551346,2296.992979355278,3.2041864015078128,1.4187408E-5,17.923992,0.017572623,0.21669573,0.008326326,0.021399057,0.015842551,0.28120464,3.2500267,0.78547776,0.0033592393,0.062286336,0.005881683,0.32389244,0.04653254,0.12974668,0.022722913,0.78547776,0.0033592393,"TWOGAUSSIANS_WITH_ELLIPSOIDAL_ON_ECLIPSE2",9,14.14747,0.78547776,0.0033592393,0.3488035,0.032937422,0.58328336,0.030308645,0.21867573,0.013188458,0.11983471,0.08871829,0.49630103,3.2442772
375316653866487564,4077666865979729408,0.48338628,2189.162102904858,2.609208536404637,8.742328E-5,19.394274,0.008402984,0.25870264,0.016282393,0.11046557,0.016524931,0.15621074,0.044042166,0.7089283,0.009147509,0.051480632,0.014016927,0.7211824,0.55275965,null,null,null,null,"TWOGAUSSIANS",8,2.5005999,0.7089283,0.009147509,0.28829154,0.078494795,0.7198019,0.55476314,0.25870264,0.016282393,0.4,0.0,0.15479097,0.044795185
375316653866487564,4077667209576978688,0.47641462,2274.604047328725,0.1106679952920658,3.6177258E-5,19.505344,0.06589051,0.37032968,0.045849863,0.03625299,0.1562781,0.156859,0.031941526,0.7631974,0.0050005782,0.040803794,0.016587773,0.20573796,0.029705103,null,null,null,null,"TWOGAUSSIANS",8,1.8502736,0.7631974,0.0050005782,0.22850125,0.09289154,0.20573796,0.039851416,0.37032968,0.045849863,0.20301676,0.21790288,0.156859,0.041696735
375316653866487564,4077667278296536448,0.51301426,2197.6659790336007,2.5068057222807103,6.554033E-5,18.506794,0.025761621,0.22081047,0.010109,0.090925045,0.015622915,0.28755543,0.02928653,0.7322162,0.024744172,0.08882147,0.020580433,0.27930635,0.049364958,null,null,null,null,"TWOGAUSSIANS",8,3.6362107,0.22081047,0.010109,0.4,0.0,0.27765408,0.02815435,0.7322162,0.024744172,0.4,0.0,0.26940513,0.037875704
375316653866487564,4077667347016287872,0.48091838,2232.5692291662713,0.6843337767764571,1.7023034E-5,19.236118,0.022842744,0.14330144,0.01092397,0.01378234,0.011402325,0.3706449,13.588555,0.75198567,0.01955828,0.0075844107,0.02379949,1.2258227,12.420554,0.09109614,0.04285445,0.14330144,0.01092397,"TWOGAUSSIANS_WITH_ELLIPSOIDAL_ON_ECLIPSE1",9,7.09308,0.75198567,0.01955828,0.0424727,0.13327715,1.3354657,12.424696,0.14330144,0.01092397,0.07718111,0.06385302,0.55283713,13.590009
375316653866487564,4077667518807894016,0.5460607,2255.511673359927,0.44724855895998356,2.8517079E-5,19.237564,0.014347806,0.40459144,0.0044701938,0.08210008,0.01367731,1.3968377,0.4019208,0.73537016,0.019336151,0.05911014,0.02169936,0.58042914,0.061685182,null,null,null,null,"TWOGAUSSIANS",8,9.143728,0.40459144,0.0044648796,0.4,0.0,1.3968126,0.4019413,0.73537016,0.019336151,0.33101678,0.0983055,0.580821,0.06202572
375316653866487564,4077667553167607168,0.5279726,2200.9481174321872,0.33327855271128765,4.2366788E-5,19.269503,0.049317952,0.30695724,0.013224329,0.16545072,0.028792325,0.27486566,0.05161238,0.90803033,0.022385335,0.03277321,0.03863567,0.10450044,1.2962241,null,null,null,null,"TWOGAUSSIANS",8,1.6944635,0.30695724,0.013224329,0.4,0.0,0.2687643,0.032053832,0.91027033,0.021789169,0.18352997,0.21635976,0.1140296,1.2924372
375316653866487564,4077667724966526080,0.52880746,2197.9245477558993,0.15793168721058107,3.2266893E-5,19.359518,0.16753967,0.31348878,0.091535635,0.12554148,0.07291654,0.56884176,0.15896873,0.7680169,0.010003419,0.13867615,0.027313719,0.6633108,0.143244,null,null,null,null,"TWOGAUSSIANS",8,1.8291945,0.7680169,0.010003419,0.4,0.0,0.5179577,0.067622244,0.3153788,0.09076848,0.4,0.109011926,0.42606676,0.21781698
375316653866487564,4077667759340223232,0.5305715,2268.0248492888054,2.8654429913558284,1.6240761E-5,19.468172,0.019790148,0.28490975,0.01053309,0.06609617,0.007755232,0.6239006,0.09587132,0.7968749,0.002050545,0.072871305,0.0078060348,0.541495,0.024157345,null,null,null,null,"TWOGAUSSIANS",8,1.4979708,0.28490975,0.01053309,0.3701386,0.0434293,0.6225945,0.09584964,0.7968749,0.002050545,0.4,0.01121987,0.5401889,0.025026912
375316653866487564,4077667931125111936,0.48451135,2275.9239300136214,1.5820759014160715,2.4456482E-5,17.516502,0.011805671,0.23250127,0.0021770494,0.072553344,0.004899236,0.26666245,0.015433116,0.7365746,0.008419433,0.087802045,0.01223023,0.23186615,0.015811978,null,null,null,null,"TWOGAUSSIANS",8,3.8609483,0.23250127,0.0021770494,0.4,0.008683651,0.26315165,0.015121405,0.7365746,0.008419433,0.4,0.0,0.22835533,0.016011717
375316653866487564,4077668309089190016,0.5418476,2241.7670372475263,2.2469329403389526,2.6763812E-5,18.164417,0.01361226,0.27940145,0.0066709546,0.07898004,0.007869025,0.21072663,0.017387757,0.77882475,0.00807512,0.08132798,0.013130774,0.19071431,0.020202076,null,null,null,null,"TWOGAUSSIANS",8,3.6007566,0.27940145,0.0066709546,0.4,0.0,0.20766957,0.014417782,0.77882475,0.00807512,0.4,0.0,0.18765725,0.019968478
375316653866487564,4077668442189838976,0.6153218,2261.0886663649508,0.12580208078028082,1.7873058E-4,16.277077,0.0058531766,0.1969756,0.010208408,0.02756631,0.017231926,0.1239995,1.017994,0.73174083,0.018235886,0.029670468,0.012344836,0.8328864,0.48494494,null,null,null,null,"TWOGAUSSIANS",8,23.039497,0.73174083,0.018235886,0.16615462,0.069131084,0.8328864,0.48494494,0.1969756,0.010208408,0.15437134,0.09649879,0.1239995,1.017994
375316653866487564,4077668476568273792,0.4698028,2264.4117865190146,0.220970525289771,4.537282E-5,19.190208,0.022059575,0.12749152,0.045701154,0.043364633,0.02581243,0.13866723,0.08374914,0.74252236,0.013505131,0.09112388,0.019244378,0.30159292,0.027221449,null,null,null,null,"TWOGAUSSIANS",8,3.6281757,0.74252236,0.013505131,0.4,0.0,0.30158025,0.027163696,0.12746151,0.045731854,0.24284194,0.14454961,0.13869475,0.084023744
375316653866487564,4077668618326031872,0.52805847,2198.0750581684856,0.18665315642419775,1.02655846E-4,19.183899,0.013746221,0.34726974,0.041871324,0.081635244,0.046593778,0.20418957,0.085219674,0.8038853,0.008827353,0.068103515,0.009116003,0.21227486,0.015530708,null,null,null,null,"TWOGAUSSIANS",8,0.7931468,0.8038853,0.008827353,0.38137966,0.04657118,0.21170308,0.013825513,0.34726974,0.041871324,0.4,0.13307445,0.20361775,0.084097095
375316653866487564,4077668717067131776,0.48708704,2231.0689560701035,0.5267875483652047,8.712207E-5,19.090282,0.011777842,0.31649894,0.018100642,0.021544043,0.033668794,0.06817511,0.022747047,0.56150466,0.017821603,0.10969482,0.014924777,0.2356826,0.018373651,null,null,null,null,"TWOGAUSSIANS",8,1.7874929,0.56150466,0.017821603,0.4,0.0,0.2356681,0.018389711,0.31934893,0.009304589,0.12064665,0.18854524,0.08817858,0.014659027
375316653866487564,4077668790124718848,0.46738875,2214.585215147454,4.208980647263911,2.9934641E-5,16.349096,0.0041821934,null,null,null,null,null,null,null,null,null,null,null,null,0.07653129,0.0073162033,0.2167198,0.005518352,"ELLIPSOIDAL",4,51.42171,null,null,null,null,null,null,null,null,null,null,null,null
375316653866487564,4077668858844340096,0.48292053,2166.193303585729,2.4320260351608547,4.1933272E-5,18.577753,0.1511044,0.29413083,0.009786134,0.08774775,0.08696557,0.20440318,0.08202519,0.8156704,0.019919332,0.09509857,0.04568919,0.19056495,0.13877355,null,null,null,null,"TWOGAUSSIANS",8,4.552472,0.29413083,0.010123723,0.4,0.0,0.19766611,0.06412261,0.8156704,0.018835638,0.4,0.0,0.18382728,0.04480803
375316653866487564,4077669232488822528,0.50233597,2237.3830545407145,0.4408402782634724,5.1963623E-5,19.029379,0.08610515,0.34693506,0.047441397,0.14392243,0.061650723,0.45393088,0.11675945,0.77405804,0.01912552,0.08738678,0.020176332,0.41041693,0.07382597,null,null,null,null,"TWOGAUSSIANS",8,5.6866355,0.34694508,0.04741926,0.4,0.0,0.4145744,0.12372542,0.77405804,0.01912552,0.4,0.0,0.37677485,0.044919588
375316653866487564,4077669477319900288,0.58939075,2246.1331298854416,3.256263769313305,1.8091932E-5,18.358719,0.013590615,0.34468573,0.00681375,0.07307841,0.006446429,0.3091977,0.017403312,0.85012466,0.0036371304,0.07537079,0.005681453,0.22569342,0.013405051,null,null,null,null,"TWOGAUSSIANS",8,1.5998039,0.34468573,0.00681375,0.4,0.011165885,0.30759856,0.016511312,0.85012466,0.0036371304,0.4,3.624601E-4,0.2240943,0.012379639
375316653866487564,4077669683488792064,0.49330375,2328.2233586944208,2.9067728201251675,9.135088E-5,19.492987,0.03606749,0.22525279,0.013504245,0.08118277,0.017096017,0.45961604,0.059090134,0.7102976,0.11388565,0.07057269,0.072179854,0.92824095,824964.2,null,null,null,null,"TWOGAUSSIANS",8,5.4276233,0.7102976,0.11388565,0.39520705,0.3951109,0.9242569,824964.2,0.22525279,0.013504245,0.4,0.0,0.455632,0.057013135
375316653866487564,4077669954011195520,0.58720756,2214.624832037519,2.256131963975492,7.814931E-6,18.022404,0.035081696,0.20368439,0.049988132,0.08669221,0.049659707,0.38047105,0.08002308,0.7162908,0.01671193,0.08315562,0.024183985,0.3665384,0.04050632,null,null,null,null,"TWOGAUSSIANS",8,4.0041404,0.20368439,0.049988132,0.4,0.14260985,0.37261066,0.069521785,0.7162908,0.01671193,0.4,0.04613711,0.35867804,0.049816035
375316653866487564,4077670057097545728,0.44678915,2259.0593997947262,2.0950596598006888,1.195886E-4,18.03533,0.07078279,0.13857085,0.018365407,0.13180725,0.06112098,0.16258776,0.062855944,0.57036775,0.011221781,0.08367436,0.01243951,0.4549455,0.08936387,null,null,null,null,"TWOGAUSSIANS",8,31.862371,0.57036775,0.011221781,0.4,0.0,0.44169584,0.07849208,0.13857085,0.018370036,0.4,0.0,0.14856413,0.024260642
375316653866487564,4077670267594103552,0.49645582,2211.792122783004,0.6098866886040022,4.328612E-5,18.286842,0.008311667,0.24141942,0.0041557117,0.017020838,0.006128106,0.18419613,0.07328733,0.6631401,0.013771092,0.011773116,0.01615174,0.09954881,547.64636,0.063684545,0.016543107,0.6631401,0.013771092,"TWOGAUSSIANS_WITH_ELLIPSOIDAL_ON_ECLIPSE2",9,8.322927,0.24037942,0.00337728,0.09531669,0.034317393,0.2835053,0.081256434,0.6631401,0.013771092,0.06592945,0.09044974,0.22691764,547.6463
375316653866487564,4077670473762452736,0.5667437,2306.555883926887,2.6273414620631783,3.1035437E-5,18.536015,0.022242853,0.20231935,0.01420956,0.086282104,0.023254951,0.23392086,0.02192415,0.71764034,0.004813118,0.0869096,0.010242934,0.19926646,0.021545472,null,null,null,null,"TWOGAUSSIANS",8,0.8043878,0.20231935,0.01420956,0.4,0.0,0.22876231,0.034447405,0.71764034,0.004813118,0.4,0.0,0.19410792,0.0115902005
375316653866487564,4077670778677274368,0.5657566,2253.3059990053102,0.9301799676385994,8.8533525E-5,18.54126,0.008787292,0.19978909,0.010073606,0.051386807,0.025672238,0.046767745,0.02544297,0.861159,0.025886213,0.047967177,0.010945727,0.84266645,0.6062958,0.0053566657,0.017138833,0.19978909,0.010073606,"TWOGAUSSIANS_WITH_ELLIPSOIDAL_ON_ECLIPSE1",9,2.895599,0.861159,0.025886213,0.26861617,0.061296068,0.84565884,0.6046118,0.19978909,0.010073606,0.28776613,0.14376454,0.057480678,0.010791662
375316653866487564,4077671710704455680,0.47638848,2188.0189307253154,0.43159406053984983,7.087361E-5,18.477459,0.0087874485,0.38884217,0.020638045,0.13010417,0.036664996,0.22970703,0.049977913,0.6967526,0.060654264,0.04644729,0.06011901,0.107455805,0.043543905,null,null,null,null,"TWOGAUSSIANS",8,1.7157127,0.38884217,0.020638045,0.4,0.0,0.22940573,0.052250013,0.6967526,0.060654264,0.2601048,0.33666646,0.12111611,0.03351428
375316653866487564,4077672054295124224,0.47270137,2223.1269347344605,0.4047065696892984,8.022446E-5,19.17799,0.020607896,0.4514644,0.015147582,0.14817178,0.022030367,0.44665843,0.062586345,0.8246846,0.04299075,0.018230768,0.035662767,0.08702454,0.18999621,null,null,null,null,"TWOGAUSSIANS",8,5.1988516,0.4514644,0.015147582,0.4,0.0,0.44364974,0.06523169,0.8246846,0.04299075,0.1020923,0.1997115,0.10279284,0.18358216
375316653866487564,4077672187399328768,0.54830414,2272.477232241499,0.0656564218331151,2.428383E-5,16.534815,0.113509886,0.36337775,0.07238292,0.06556632,0.06797445,0.18473154,0.14072138,0.82965356,0.004216528,0.056687497,0.066709936,0.5094515,0.19501236,null,null,null,null,"TWOGAUSSIANS",8,67.39812,0.82965356,0.0041957037,0.31744996,0.08144106,0.509409,0.27858755,0.36337775,0.07239855,0.36717144,0.18541081,0.18468906,0.07031858
375316653866487564,4077672191783555968,0.56888276,2265.8721752171914,3.9220876915852565,9.264669E-6,16.91435,0.0037868514,0.22956593,0.0040374254,0.078337625,0.004508999,0.2214878,0.018040858,0.73407215,0.017653974,0.07178859,0.011557606,0.1832063,0.018840957,null,null,null,null,"TWOGAUSSIANS",8,4.8910384,0.22956593,0.0040374254,0.4,0.0,0.22006132,0.018322319,0.73407215,0.017653974,0.4,0.010827674,0.18177982,0.018194798
375316653866487564,4077672226143293184,0.6339565,2242.2926612388083,1.2122530707740145,7.0166184E-6,16.524855,0.008104367,0.24887128,0.001786647,0.09801249,0.0054996694,0.24768935,0.006462225,0.7468594,0.0020471334,0.105910696,0.0047656293,0.2104807,0.008473025,null,null,null,null,"TWOGAUSSIANS",8,2.2717173,0.24887128,0.001786647,0.4,0.0,0.22575167,0.0035621952,0.7468594,0.0020471334,0.4,0.0,0.18853801,0.005309647
375316653866487564,4077672707137196928,0.61758465,2246.749580584702,2.7705909358716756,8.752801E-6,19.168995,0.021035278,0.20685093,0.0036095993,0.07301115,0.004460341,0.6037553,0.022032784,0.6985029,0.009659134,0.07369021,0.0075567174,0.64251775,0.029920515,null,null,null,null,"TWOGAUSSIANS",8,2.8053124,0.6985029,0.009659134,0.4,0.011740845,0.6394406,0.029318808,0.20685093,0.0036095993,0.4,0.0069697015,0.6006781,0.020136172
