Gaia/vari_eclipsing_binary/VariEclipsingBinary_679676-679700.csv
# %ECSV 1.0
# ---
# delimiter: ','
# meta: !!omap
# - RELEASE: Gaia DR3
# - TABLE: vari_eclipsing_binary
# - DESCRIPTION: >
#     This table describes the properties of the eclipsing binaries resulting from the variability analysis. 
# - CITATION: >
#     How to cite and acknowledge Gaia: 
#     https://gea.esac.esa.int/archive/documentation/credits.html 
# - KNOWN_ISSUES: >
#     Known issues: 
#     https://www.cosmos.esa.int/web/gaia-users/known-issues 
# - DOCUMENTATION: >
#     Tutorials and documentation: 
#     https://www.cosmos.esa.int/web/gaia-users/archive 
# datatype:
# - 
#   name: solution_id
#   datatype: int64
#   description: Solution Identifier
#   meta:
#     ucd: meta.version
# - 
#   name: source_id
#   datatype: int64
#   description: Unique source identifier
#   meta:
#     ucd: meta.id;meta.main
# - 
#   name: global_ranking
#   datatype: float32
#   description: Number between 0 (worst) and 1 (best)
#   meta:
#     ucd: stat.param
# - 
#   name: reference_time
#   datatype: float64
#   unit: d
#   description: Reference time used for the geometric model fit
#   meta:
#     ucd: time.epoch
# - 
#   name: frequency
#   datatype: float64
#   unit: d**-1
#   description: Frequency of geometric model of the eclipsing binary light curve
#   meta:
#     ucd: src.orbital
# - 
#   name: frequency_error
#   datatype: float32
#   unit: d**-1
#   description: "Uncertainty of \\texttt{frequency}"
#   meta:
#     ucd: stat.error
# - 
#   name: geom_model_reference_level
#   datatype: float32
#   unit: mag
#   description: Magnitude reference level of geometric model
#   meta:
#     ucd: phot.mag;em.opt
# - 
#   name: geom_model_reference_level_error
#   datatype: float32
#   unit: mag
#   description: "Uncertainty of \\texttt{geomModelReferenceLevel}"
#   meta:
#     ucd: stat.error;phot.mag;em.opt
# - 
#   name: geom_model_gaussian1_phase
#   datatype: float32
#   description: Phase of the Gaussian 1 component
#   meta:
#     ucd: time.phase
# - 
#   name: geom_model_gaussian1_phase_error
#   datatype: float32
#   description: "Uncertainty of \\texttt{geomModelGaussian1Phase}"
#   meta:
#     ucd: stat.error;time.phase
# - 
#   name: geom_model_gaussian1_sigma
#   datatype: float32
#   description: "Standard deviation [phase] of Gaussian 1 component"
#   meta:
#     ucd: stat.stdev
# - 
#   name: geom_model_gaussian1_sigma_error
#   datatype: float32
#   description: "Uncertainty of \\texttt{geomModelGaussian1Sigma}"
#   meta:
#     ucd: stat.error
# - 
#   name: geom_model_gaussian1_depth
#   datatype: float32
#   unit: mag
#   description: Magnitude depth of Gaussian 1 component
#   meta:
#     ucd: src.var.amplitude
# - 
#   name: geom_model_gaussian1_depth_error
#   datatype: float32
#   unit: mag
#   description: "Uncertainty of \\texttt{geomModelGaussian1Depth}"
#   meta:
#     ucd: stat.error;src.var.amplitude
# - 
#   name: geom_model_gaussian2_phase
#   datatype: float32
#   description: Phase of Gaussian 2 component
#   meta:
#     ucd: time.phase
# - 
#   name: geom_model_gaussian2_phase_error
#   datatype: float32
#   description: "Uncertainty of \\texttt{geomModelGaussian2Phase}"
#   meta:
#     ucd: stat.error;time.phase
# - 
#   name: geom_model_gaussian2_sigma
#   datatype: float32
[...]
#   datatype: float32
#   description: "Secondary eclipse: uncertainty of \\texttt{derivedSecondaryEclDuration}"
#   meta:
#     ucd: stat.error;time.duration
# - 
#   name: derived_secondary_ecl_depth
#   datatype: float32
#   unit: mag
#   description: "Secondary eclipse: depth"
#   meta:
#     ucd: src.var.amplitude
# - 
#   name: derived_secondary_ecl_depth_error
#   datatype: float32
#   unit: mag
#   description: "Secondary eclipse: uncertainty of \\texttt{derivedSecondaryEclDepth}"
#   meta:
#     ucd: stat.error;src.var.amplitude
solution_id,source_id,global_ranking,reference_time,frequency,frequency_error,geom_model_reference_level,geom_model_reference_level_error,geom_model_gaussian1_phase,geom_model_gaussian1_phase_error,geom_model_gaussian1_sigma,geom_model_gaussian1_sigma_error,geom_model_gaussian1_depth,geom_model_gaussian1_depth_error,geom_model_gaussian2_phase,geom_model_gaussian2_phase_error,geom_model_gaussian2_sigma,geom_model_gaussian2_sigma_error,geom_model_gaussian2_depth,geom_model_gaussian2_depth_error,geom_model_cosine_half_period_amplitude,geom_model_cosine_half_period_amplitude_error,geom_model_cosine_half_period_phase,geom_model_cosine_half_period_phase_error,model_type,num_model_parameters,reduced_chi2,derived_primary_ecl_phase,derived_primary_ecl_phase_error,derived_primary_ecl_duration,derived_primary_ecl_duration_error,derived_primary_ecl_depth,derived_primary_ecl_depth_error,derived_secondary_ecl_phase,derived_secondary_ecl_phase_error,derived_secondary_ecl_duration,derived_secondary_ecl_duration_error,derived_secondary_ecl_depth,derived_secondary_ecl_depth_error
[from data line 295]
375316653866487564,5978598599204624256,0.62375456,2229.8245535801157,0.5074430296982131,3.6937754E-6,18.09807,0.006532674,0.18383309,3.24901E-4,0.030679496,8.1821944E-4,1.6335424,0.06706622,0.6775115,0.010051227,0.03750334,0.009796282,0.16626523,0.04340982,null,null,null,null,"TWOGAUSSIANS",8,10.757452,0.18383309,3.24901E-4,0.17180517,0.004582029,1.6335424,0.06706622,0.6775115,0.010051227,0.2100187,0.054859184,0.16626523,0.04340982
375316653866487564,5978599939231018240,0.596407,2317.678438778159,2.348704419191513,8.640663E-6,18.707903,0.008550818,0.1977481,0.0017141327,0.04095219,0.006022808,0.23648559,0.03633886,0.7053535,0.014591104,0.05084786,0.019657666,0.25808713,0.07518114,0.13727787,0.0106043555,0.1977481,0.0017141327,"TWOGAUSSIANS_WITH_ELLIPSOIDAL_ON_ECLIPSE1",9,1.8845508,0.7053535,0.014183625,0.284748,0.11008293,0.5320148,0.082335904,0.1977481,0.0017141327,0.22933227,0.033727728,0.5110397,0.042725366
375316653866487564,5978600081000530816,0.6586115,2319.237005989757,0.1596022795122276,4.013369E-6,13.761489,9.080001E-4,0.31027618,0.0028884667,0.022445666,0.0012434477,0.6324553,0.12360862,0.821129,6.104713E-4,0.017630998,3.8158157E-4,0.5728018,0.0093649505,null,null,null,null,"TWOGAUSSIANS",8,25.301828,0.31027618,0.0028884667,0.12569572,0.006963307,0.6324553,0.12360862,0.821129,6.104713E-4,0.09873359,0.0021368568,0.5728018,0.0093649505
375316653866487564,5978600798224498048,0.5227592,2336.1602462916717,2.616730575624059,2.6536789E-5,18.026165,0.0072339703,0.1843055,0.016833508,0.031533662,0.022904728,0.042517923,0.012319078,0.74620897,0.0051688333,0.07073731,0.03089419,0.017424142,0.018387849,0.07941859,0.008730759,0.74620897,0.0051688333,"TWOGAUSSIANS_WITH_ELLIPSOIDAL_ON_ECLIPSE2",9,4.631815,0.1988555,0.024921577,0.1765885,0.12826647,0.18337627,0.008186117,0.74620897,0.0051688333,0.39612895,0.1062232,0.17622688,0.009341102
375316653866487564,5978602417439551872,0.49657422,2293.8838316070373,0.609354812212133,2.5540754E-5,19.12304,0.009345785,0.24133635,0.014858622,0.043027617,0.00858948,0.1743469,0.03580217,0.7366779,0.003297406,0.03372105,0.0033985402,0.7373569,0.27859715,null,null,null,null,"TWOGAUSSIANS",8,5.106193,0.7366779,0.003297406,0.18883787,0.019031825,0.7373569,0.27859715,0.24133635,0.014858622,0.24095467,0.04810109,0.1743469,0.03580217
375316653866487564,5978603585670914432,0.50946933,2298.1438392487576,4.7111141088467035,7.707294E-5,19.23429,0.074598506,0.49821976,0.0099917445,0.17358026,0.029913142,0.38361493,0.06690915,0.9249468,0.06438604,0.102506235,0.10801175,0.07377133,0.045262463,null,null,null,null,"TWOGAUSSIANS",8,2.8978143,0.49825975,0.009863522,0.4,0.0,0.338162,0.016686888,0.9249468,0.06438604,0.4,0.33464584,0.048634313,0.077090204
375316653866487564,5978604577795887360,0.53512466,2305.431543913994,0.5087331082132786,2.7912009E-5,16.469275,0.0013861234,0.2941754,0.004836442,0.027993638,0.0074264603,0.37303722,1.2067116,0.79420674,5.977477E-4,0.022810416,0.001680521,1.0894296,0.47304618,0.012386097,0.003236964,0.2941754,0.004836442,"TWOGAUSSIANS_WITH_ELLIPSOIDAL_ON_ECLIPSE1",9,7.5286684,0.79420674,5.977477E-4,0.12773833,0.009410917,1.1142018,0.47574514,0.2941754,0.004836442,0.15676437,0.04158818,0.3978094,1.2078359
375316653866487564,5978606334450143232,0.5148422,2319.5900912960665,2.003653228629467,2.4191711E-5,18.815668,0.010715338,0.17136456,0.0028100244,0.06278927,0.0059918617,0.1978972,0.012153727,0.6797366,0.009858728,0.060356088,0.01279448,0.3165932,0.14215246,null,null,null,null,"TWOGAUSSIANS",8,2.699206,0.6797366,0.009858728,0.3379941,0.07164908,0.31649414,0.14223613,0.17136456,0.0028100244,0.3516199,0.033554424,0.19779815,0.01211415
375316653866487564,5978606334473050496,0.6630065,2317.4906207576805,1.4856623817867385,6.8601275E-6,12.556494,0.00454166,0.26596636,8.483127E-4,0.05275998,0.0012878157,0.46571815,0.01212196,0.7636913,0.005253859,0.06309045,0.0062481393,0.058647364,0.010765483,0.041568823,0.005219043,0.26596636,8.483127E-4,"TWOGAUSSIANS_WITH_ELLIPSOIDAL_ON_ECLIPSE1",9,97.37487,0.26596636,8.483127E-4,0.29545587,0.007211768,0.54882985,0.010245425,0.7643913,0.0040386603,0.3533065,0.03498958,0.1417473,0.003190778
375316653866487564,5978606467583138560,0.52778965,2356.4064186857854,1.837285039095914,3.3119744E-5,17.977892,0.002606952,0.25789234,0.0071463212,0.059102472,0.00628163,0.09060763,0.008747915,0.759702,0.003794285,0.06367779,0.0045294617,0.22330514,0.013607869,null,null,null,null,"TWOGAUSSIANS",8,2.6015024,0.759702,0.003794285,0.35659564,0.025364988,0.22323728,0.013636031,0.25789234,0.0071463212,0.33097383,0.03517713,0.090539776,0.008757775
375316653866487564,5978608151210133760,0.46772698,2309.5627562877526,1.5766958565515512,2.0711163E-5,18.473986,0.0033926468,0.22403713,0.0032064784,0.035686273,0.003350402,0.20305581,0.024678353,0.7297856,0.00435442,0.030344045,0.0036250586,0.10384935,0.0056451224,null,null,null,null,"TWOGAUSSIANS",8,2.9640653,0.22403713,0.0032064784,0.19984314,0.018762251,0.20305581,0.024678353,0.7297856,0.00435442,0.16992666,0.020300327,0.10384935,0.0056451224
375316653866487564,5978608907124314752,0.45761415,2291.938818058336,0.6787794174214187,1.2145882E-5,13.26619,0.0010495009,0.178679,8.1728416E-5,0.008950213,3.0678188E-4,0.04728814,0.0022143999,0.6542753,0.031818632,0.05002821,0.031095885,0.021099845,0.0075356616,0.0017999603,0.0016593802,0.178679,8.1728416E-5,"TWOGAUSSIANS_WITH_ELLIPSOIDAL_ON_ECLIPSE1",9,41.77846,0.178679,8.1728416E-5,0.050121196,0.0017179785,0.050888047,0.0017143699,0.6550553,0.030962512,0.28015798,0.17413695,0.024618452,0.0076494096
375316653866487564,5978608907124422144,0.5240279,2305.1438349639857,0.5015371702601933,1.3038715E-5,18.552858,0.00434212,0.08537182,0.005839032,0.023768181,0.003741684,0.26500133,0.09139577,0.5879063,0.0024871293,0.027751507,0.0025230206,0.34509397,0.026793774,null,null,null,null,"TWOGAUSSIANS",8,3.3586254,0.5879063,0.0024871293,0.15540844,0.014128915,0.34509397,0.026793774,0.08537182,0.005839032,0.1331018,0.02095343,0.26500133,0.09139577
375316653866487564,5978609216367923968,0.51999485,2326.179757964197,0.05327399350034988,1.1263379E-4,18.622517,0.008062036,0.031554475,8.152141E-5,0.0033723174,7.1692084E-5,3.185349,0.21134064,0.9347812,0.015906345,0.040671263,0.010784612,0.07166173,0.011918242,null,null,null,null,"TWOGAUSSIANS",8,6.7263193,0.031554475,8.152141E-5,0.018884977,4.014757E-4,3.1895747,0.21059234,0.9347812,0.015906345,0.22775908,0.060393825,0.07166173,0.011918242
375316653866487564,5978611007398079744,0.6294478,2301.6113786829987,0.4368052235525431,6.7820816E-5,16.766447,0.0019332804,0.35070547,0.007814351,0.02132488,0.0049642557,0.7330201,0.055656686,0.8499882,0.017272746,0.0232166,0.011749272,0.4424923,2.8650959,null,null,null,null,"TWOGAUSSIANS",8,11.735161,0.35070547,0.007814351,0.11941934,0.027799834,0.7330201,0.055656686,0.8499882,0.017272746,0.13001296,0.06579592,0.4424923,2.8650959
375316653866487564,5978611832011234304,0.5018935,2292.765027989269,1.8017814018901903,1.8738567E-5,19.598026,0.006688749,0.21444862,0.00488007,0.030854056,0.0053810296,0.2698348,0.04684521,0.7135597,0.0056138234,0.03610307,0.004520686,0.3933664,0.046924483,null,null,null,null,"TWOGAUSSIANS",8,1.753129,0.7135597,0.0056138234,0.20217718,0.025315842,0.3933664,0.046924483,0.21444862,0.00488007,0.1727827,0.030133765,0.2698348,0.04684521
375316653866487564,5978612072526337152,0.5259189,2277.457873253319,2.68045795791284,1.0452062E-5,19.565233,0.020548264,0.2929657,0.00460985,0.078004606,0.006686165,0.41140378,0.026192114,0.7936601,0.003735054,0.07897214,0.005336591,0.48190293,0.021669473,null,null,null,null,"TWOGAUSSIANS",8,2.2386503,0.7936601,0.003735054,0.4,0.0,0.47640032,0.019683788,0.2929657,0.00460985,0.4,0.0,0.40590113,0.0251289
375316653866487564,5978613068962016512,0.4315836,2301.6855379895796,0.9257347871735173,4.2363783E-5,18.90597,0.0064366055,0.3537046,0.014941529,0.07080452,0.02577904,0.05323765,0.028431175,0.8208379,4.8089866E-4,0.0074540605,6.82452E-4,0.29624823,0.023489008,0.027675442,0.010086199,0.3537046,0.014941529,"TWOGAUSSIANS_WITH_ELLIPSOIDAL_ON_ECLIPSE1",9,6.9375715,0.82086796,4.8332787E-4,0.04174274,0.003821731,0.34917215,0.026821356,0.3537046,0.014941529,0.39650533,0.086964756,0.10848687,0.023715215
375316653866487564,5978613408250595584,0.5276247,2322.1491060071453,0.0693485429555222,3.1887987E-5,17.592379,0.0022038354,0.3782597,0.003701312,0.004296054,0.0025280989,0.32578617,0.1840329,0.7610944,0.00616047,0.03351078,0.008341662,0.056305055,0.06192151,0.012465639,0.005214717,0.3782597,0.003701312,"TWOGAUSSIANS_WITH_ELLIPSOIDAL_ON_ECLIPSE1",9,3.7748127,0.3782597,0.003701312,0.024057902,0.014157354,0.35071743,0.18379539,0.76420444,0.006035839,0.18766038,0.046713304,0.07023779,0.06322247
375316653866487564,5978613962315394816,0.5330863,2321.5164348747394,2.5407922481847205,1.8120492E-5,18.170025,0.012833857,0.24864195,0.0037760534,0.086824395,0.0060657836,0.3046053,0.012444282,0.7429486,0.005148044,0.09159758,0.0074507953,0.2922226,0.020150907,null,null,null,null,"TWOGAUSSIANS",8,5.886095,0.24864195,0.0037760534,0.4,0.0,0.29386684,0.00917437,0.7429486,0.005148044,0.4,0.0,0.28148398,0.019656677
375316653866487564,5978615336704923136,0.5115012,2286.049548944499,0.34219635846693336,2.3410654E-5,19.598398,0.008995701,0.2436389,0.0053276075,0.03687463,0.0040612267,0.6238818,0.042176828,0.7224541,0.022224216,0.023244176,0.010307973,0.3153041,0.57599944,null,null,null,null,"TWOGAUSSIANS",8,3.1232488,0.2436389,0.0053276075,0.20649792,0.02274287,0.6238818,0.042176828,0.7224541,0.022224216,0.13016738,0.05772465,0.3153041,0.57599944
375316653866487564,5978615645942706432,0.44300932,2353.2627929937717,4.017906050637335,8.428062E-5,19.364635,0.019421455,0.16403565,0.009008356,0.061117616,0.008111799,0.36665055,0.022506703,0.7218244,0.0026317523,0.007857345,0.001491402,0.35531995,0.08046339,null,null,null,null,"TWOGAUSSIANS",8,6.089115,0.16403565,0.009008356,0.34225866,0.045426074,0.36665055,0.022506703,0.7218244,0.0026317523,0.044001132,0.008351851,0.35531995,0.08046339
375316653866487564,5978615749026282624,0.5079477,2341.411500633696,2.726694687945378,6.861843E-5,19.645563,0.010619354,0.29301187,0.0047389856,0.06675486,0.005316474,0.3796077,0.036044195,0.8007028,0.012721963,0.05685247,0.00830446,0.39336908,0.045571778,null,null,null,null,"TWOGAUSSIANS",8,1.935625,0.8007028,0.012721963,0.31837383,0.046504978,0.39320207,0.045527667,0.29301187,0.0047389856,0.37382725,0.029772256,0.37944072,0.036066573
375316653866487564,5978617604445036288,0.45414937,2328.1762244424135,3.4398749797801584,1.7857592E-5,19.643175,0.07834904,0.31922832,0.007329702,0.11131669,0.0446535,0.2054437,0.06328888,0.8122311,0.004594505,0.11873921,0.029967548,0.27271926,0.069363795,null,null,null,null,"TWOGAUSSIANS",8,2.0105908,0.8122311,0.004594505,0.4,0.0,0.2308873,0.014473962,0.31926832,0.0073564434,0.4,0.0,0.16367322,0.018860072
375316653866487564,5978617741906345728,0.54558617,2302.8895941902065,2.416420266006342,1.6170354E-5,14.631362,0.08035614,0.1914289,0.003595316,0.13850802,0.021462368,0.26943243,0.07824911,0.7043749,0.0028072118,0.13542645,0.020656737,0.25241774,0.07708799,null,null,null,null,"TWOGAUSSIANS",8,49.150486,0.1910589,0.003292103,0.4,0.0,0.17964786,0.0050049727,0.7048649,0.0024407757,0.4,0.0,0.16288786,0.006031904
375316653866487564,5978617913705113344,0.5701732,2325.519062078134,2.100117743346534,1.3159407E-5,19.118803,0.01138099,0.20781726,0.0024379145,0.050338235,0.005165098,0.28135154,0.030394789,0.7087,0.0032854003,0.043568205,0.004498976,0.3458714,0.02997799,0.12136405,0.013982549,0.20781726,0.0024379145,"TWOGAUSSIANS_WITH_ELLIPSOIDAL_ON_ECLIPSE1",9,1.9186271,0.7087,0.003266595,0.24398194,0.025194265,0.58859056,0.028214242,0.20781726,0.0024379145,0.28189412,0.028924547,0.52407813,0.014899763
375316653866487564,5978619253712299904,0.4368879,2336.227397521326,1.1678223106391292,1.5755706E-5,19.56084,0.016746618,0.18309934,0.013713931,0.012583077,0.004274355,1.2754205,1.3491123,0.6796893,0.0060702926,0.040724944,0.0056872717,0.43857387,0.09011591,null,null,null,null,"TWOGAUSSIANS",8,6.378544,0.18309934,0.013713931,0.07046523,0.023936387,1.2754205,1.3491123,0.6796893,0.0060702926,0.2280597,0.03184872,0.43857387,0.09011591
375316653866487564,5978620765541539712,0.54046154,2305.632617447765,2.6015735290575193,8.879053E-6,18.974382,0.009454994,0.2534761,0.0049798605,0.07614503,0.0063642617,0.39138263,0.031682465,0.7544623,0.002164674,0.07392583,0.004059131,0.4246568,0.00958664,null,null,null,null,"TWOGAUSSIANS",8,2.641827,0.7544623,0.002164674,0.4,0.0,0.42155936,0.009091832,0.2534761,0.0049798605,0.4,0.0,0.3882852,0.03266617
375316653866487564,5978621040422157824,0.51613754,2307.6817811732785,3.1707505941512517,2.1717047E-5,19.85936,0.022184711,0.5335204,0.007698364,0.18380557,0.01619064,0.4142113,0.019549945,0.9668961,0.0062534637,0.026001154,0.0055205105,0.09820828,0.01561043,null,null,null,null,"TWOGAUSSIANS",8,1.3546695,0.5335204,0.007698364,0.4,0.0,0.39260963,0.01588579,0.9668961,0.0062534637,0.14560646,0.03091486,0.10589148,0.01658536
375316653866487564,5978621865053399296,0.47305876,2243.5060198182855,1.831834175517672,3.4935718E-5,19.480661,0.012201008,0.19454497,0.018631587,0.042215347,0.008652351,0.43861568,0.22022706,0.8434403,0.031977635,0.029153965,0.025262559,0.7307555,860514.06,null,null,null,null,"TWOGAUSSIANS",8,5.9393153,0.8434403,0.031977635,0.1632622,0.14147033,0.7307555,860514.06,0.19454497,0.018631587,0.23640594,0.048453163,0.43861568,0.22022706
375316653866487564,5978622071233632640,0.51821095,2322.452612851462,0.07714387584448777,5.1949606E-5,16.325417,9.0995635E-4,0.57766855,0.030861221,0.06341589,0.010706702,0.1604307,0.11439541,0.93042916,0.0010214908,0.0068640285,6.625323E-4,0.3362136,0.050142687,null,null,null,null,"TWOGAUSSIANS",8,12.189006,0.93042916,0.0010214908,0.03843856,0.003710181,0.33621362,0.05014269,0.57766855,0.030861221,0.355129,0.05132942,0.1604307,0.11439541
375316653866487564,5978622243010909440,0.55475163,2313.3210483518874,2.051041394127313,1.4190836E-5,18.093616,0.0034241553,0.27207777,0.002434093,0.083529375,0.0036336458,0.22167383,0.0064233597,0.774018,0.005001962,0.07592766,0.006354043,0.2360093,0.009690449,null,null,null,null,"TWOGAUSSIANS",8,2.477469,0.774018,0.005001962,0.4,0.0,0.23279245,0.010149885,0.27207777,0.002434093,0.4,0.0,0.21845698,0.0065286565
375316653866487564,5978623235135997440,0.58140886,2348.287870848253,0.2774224383241711,3.6088675E-6,17.93349,0.00278435,0.26909727,0.0014497237,0.013912896,0.0013593182,0.34322238,0.019817533,0.7682438,3.6529705E-4,0.013254101,4.3407717E-4,0.40270266,0.0064900774,null,null,null,null,"TWOGAUSSIANS",8,4.344626,0.7682438,3.6529705E-4,0.07422297,0.0024308322,0.40270266,0.0064900774,0.26909727,0.0014497237,0.07791221,0.0076121814,0.34322238,0.019817533
375316653866487564,5978623613092334592,0.61001635,2330.9186349311985,0.6105957157677452,2.55129E-5,12.365456,0.0029189358,0.30699632,0.0021906858,0.03136582,0.0013550211,0.61441964,0.032665133,0.80439544,0.0035471963,0.030206382,0.0028681397,0.078622475,0.009332352,0.023124369,0.0035008849,0.80439544,0.0035471963,"TWOGAUSSIANS_WITH_ELLIPSOIDAL_ON_ECLIPSE2",9,502.3156,0.30697632,0.0021757816,0.17564858,0.007588119,0.6606561,0.032522738,0.80439544,0.0035471963,0.16915575,0.016061582,0.124871165,0.008891276
375316653866487564,5978623617399981312,0.53444666,2317.5212589166326,2.7771018099541434,1.8673703E-5,18.753233,0.024764732,0.26408485,0.0038690013,0.10614476,0.00908975,0.32631353,0.024073403,0.78005534,0.0019458779,0.10141344,0.0071099782,0.39263546,0.02135174,null,null,null,null,"TWOGAUSSIANS",8,2.5311847,0.78006536,0.001949563,0.4,0.0,0.3601874,0.012755109,0.26407483,0.0038701291,0.4,0.0,0.29385847,0.013249366
