Gaia/vari_eclipsing_binary/VariEclipsingBinary_466069-466085.csv
# %ECSV 1.0
# ---
# delimiter: ','
# meta: !!omap
# - RELEASE: Gaia DR3
# - TABLE: vari_eclipsing_binary
# - DESCRIPTION: >
#     This table describes the properties of the eclipsing binaries resulting from the variability analysis. 
# - CITATION: >
#     How to cite and acknowledge Gaia: 
#     https://gea.esac.esa.int/archive/documentation/credits.html 
# - KNOWN_ISSUES: >
#     Known issues: 
#     https://www.cosmos.esa.int/web/gaia-users/known-issues 
# - DOCUMENTATION: >
#     Tutorials and documentation: 
#     https://www.cosmos.esa.int/web/gaia-users/archive 
# datatype:
# - 
#   name: solution_id
#   datatype: int64
#   description: Solution Identifier
#   meta:
#     ucd: meta.version
# - 
#   name: source_id
#   datatype: int64
#   description: Unique source identifier
#   meta:
#     ucd: meta.id;meta.main
# - 
#   name: global_ranking
#   datatype: float32
#   description: Number between 0 (worst) and 1 (best)
#   meta:
#     ucd: stat.param
# - 
#   name: reference_time
#   datatype: float64
#   unit: d
#   description: Reference time used for the geometric model fit
#   meta:
#     ucd: time.epoch
# - 
#   name: frequency
#   datatype: float64
#   unit: d**-1
#   description: Frequency of geometric model of the eclipsing binary light curve
#   meta:
#     ucd: src.orbital
# - 
#   name: frequency_error
#   datatype: float32
#   unit: d**-1
#   description: "Uncertainty of \\texttt{frequency}"
#   meta:
#     ucd: stat.error
# - 
#   name: geom_model_reference_level
#   datatype: float32
#   unit: mag
#   description: Magnitude reference level of geometric model
#   meta:
#     ucd: phot.mag;em.opt
# - 
#   name: geom_model_reference_level_error
#   datatype: float32
#   unit: mag
#   description: "Uncertainty of \\texttt{geomModelReferenceLevel}"
#   meta:
#     ucd: stat.error;phot.mag;em.opt
# - 
#   name: geom_model_gaussian1_phase
#   datatype: float32
#   description: Phase of the Gaussian 1 component
#   meta:
#     ucd: time.phase
# - 
#   name: geom_model_gaussian1_phase_error
#   datatype: float32
#   description: "Uncertainty of \\texttt{geomModelGaussian1Phase}"
#   meta:
#     ucd: stat.error;time.phase
# - 
#   name: geom_model_gaussian1_sigma
#   datatype: float32
#   description: "Standard deviation [phase] of Gaussian 1 component"
#   meta:
#     ucd: stat.stdev
# - 
#   name: geom_model_gaussian1_sigma_error
#   datatype: float32
#   description: "Uncertainty of \\texttt{geomModelGaussian1Sigma}"
#   meta:
#     ucd: stat.error
# - 
#   name: geom_model_gaussian1_depth
#   datatype: float32
#   unit: mag
#   description: Magnitude depth of Gaussian 1 component
#   meta:
#     ucd: src.var.amplitude
# - 
#   name: geom_model_gaussian1_depth_error
#   datatype: float32
#   unit: mag
#   description: "Uncertainty of \\texttt{geomModelGaussian1Depth}"
#   meta:
#     ucd: stat.error;src.var.amplitude
# - 
#   name: geom_model_gaussian2_phase
#   datatype: float32
#   description: Phase of Gaussian 2 component
#   meta:
#     ucd: time.phase
# - 
#   name: geom_model_gaussian2_phase_error
#   datatype: float32
#   description: "Uncertainty of \\texttt{geomModelGaussian2Phase}"
#   meta:
#     ucd: stat.error;time.phase
# - 
#   name: geom_model_gaussian2_sigma
#   datatype: float32
[...]
#   datatype: float32
#   description: "Secondary eclipse: uncertainty of \\texttt{derivedSecondaryEclDuration}"
#   meta:
#     ucd: stat.error;time.duration
# - 
#   name: derived_secondary_ecl_depth
#   datatype: float32
#   unit: mag
#   description: "Secondary eclipse: depth"
#   meta:
#     ucd: src.var.amplitude
# - 
#   name: derived_secondary_ecl_depth_error
#   datatype: float32
#   unit: mag
#   description: "Secondary eclipse: uncertainty of \\texttt{derivedSecondaryEclDepth}"
#   meta:
#     ucd: stat.error;src.var.amplitude
solution_id,source_id,global_ranking,reference_time,frequency,frequency_error,geom_model_reference_level,geom_model_reference_level_error,geom_model_gaussian1_phase,geom_model_gaussian1_phase_error,geom_model_gaussian1_sigma,geom_model_gaussian1_sigma_error,geom_model_gaussian1_depth,geom_model_gaussian1_depth_error,geom_model_gaussian2_phase,geom_model_gaussian2_phase_error,geom_model_gaussian2_sigma,geom_model_gaussian2_sigma_error,geom_model_gaussian2_depth,geom_model_gaussian2_depth_error,geom_model_cosine_half_period_amplitude,geom_model_cosine_half_period_amplitude_error,geom_model_cosine_half_period_phase,geom_model_cosine_half_period_phase_error,model_type,num_model_parameters,reduced_chi2,derived_primary_ecl_phase,derived_primary_ecl_phase_error,derived_primary_ecl_duration,derived_primary_ecl_duration_error,derived_primary_ecl_depth,derived_primary_ecl_depth_error,derived_secondary_ecl_phase,derived_secondary_ecl_phase_error,derived_secondary_ecl_duration,derived_secondary_ecl_duration_error,derived_secondary_ecl_depth,derived_secondary_ecl_depth_error
[from data line 75]
375316653866487564,4099608269011623168,0.5359374,2232.222752577536,2.8725379810308533,1.7215876E-5,17.904728,0.013167417,0.1911518,0.0041749724,0.08158775,0.0070962124,0.48330334,0.029531702,0.700285,0.009412623,0.07491555,0.009866323,0.38998058,0.028553678,null,null,null,null,"TWOGAUSSIANS",8,16.665985,0.1911518,0.0041749724,0.4,0.0,0.4789174,0.030748332,0.700285,0.009412623,0.4,3.016968E-5,0.38559467,0.028620938
375316653866487564,4099608616963929728,0.46223882,2264.8273996576213,1.1116158420087388,3.804603E-5,15.914413,0.0050064614,0.28852117,0.01830556,0.09086645,0.017803982,0.066486575,0.023108397,0.74803257,0.021610873,0.06370505,0.027621184,0.073958814,0.025582576,null,null,null,null,"TWOGAUSSIANS",8,4.4936147,0.74803257,0.021610873,0.35674828,0.06828445,0.07365695,0.026488414,0.28852117,0.01830556,0.4,0.0,0.06618452,0.023066621
375316653866487564,4099609166674795904,0.53983635,2285.240897194075,0.024011443577611032,2.9915942E-5,19.424423,0.03867875,0.4712019,0.009639813,0.16252846,0.036086526,0.2772489,0.026625179,0.9421797,0.0075531844,0.026994443,0.00887522,0.1687716,0.11537616,null,null,null,null,"TWOGAUSSIANS",8,0.61601436,0.4712019,0.009639813,0.4,0.0,0.26868683,0.013777447,0.9421797,0.0075531844,0.15116887,0.049701232,0.16576014,0.11719534
375316653866487564,4099609815200223616,0.6357862,2247.1819938077983,2.908085328499151,2.1862212E-5,18.531713,0.007084138,0.20481263,0.009311948,0.06496831,0.006974442,0.59536517,0.047649574,0.7042579,0.004472661,0.06574679,0.008594001,0.6146495,0.14860548,null,null,null,null,"TWOGAUSSIANS",8,2.2985442,0.7042579,0.004472661,0.36818203,0.03130551,0.61385775,0.14938089,0.20481263,0.009311948,0.36382252,0.039056875,0.59457344,0.047785275
375316653866487564,4099610261876916224,0.6879732,2290.0880868161835,1.2918985898918973,8.35455E-6,14.879341,0.006871459,0.23862302,0.0020770312,0.098649964,0.0041714944,0.23462115,0.006803921,0.7455566,0.0067902356,0.09099382,0.013010417,0.27478322,0.18872085,null,null,null,null,"TWOGAUSSIANS",8,8.152536,0.7455566,0.0067902356,0.4,0.0,0.26059818,0.19314012,0.23862302,0.0020770312,0.4,0.0,0.22043496,0.0040498762
375316653866487564,4099610815941908992,0.5861423,2199.3761038016332,2.693943082919235,4.972944E-5,18.577074,0.020860437,0.17471747,0.008550856,0.07381008,0.010588502,0.38082096,0.046124984,0.6823511,0.0045330715,0.069202065,0.009763574,0.47652993,0.0826025,null,null,null,null,"TWOGAUSSIANS",8,3.400349,0.6823511,0.0045330715,0.38753158,0.052659545,0.47497287,0.08323018,0.17471747,0.008550856,0.4,0.004389291,0.3792639,0.046874095
375316653866487564,4099611292669136256,0.6165118,2245.657449860746,1.261279104048997,3.1179825E-5,16.902586,0.008590557,0.38896835,0.0068123494,0.04534535,0.013872428,0.37727863,0.097988956,0.89005286,0.005596989,0.03996925,0.009466314,0.09451006,0.02003246,0.03136038,0.010822171,0.38896835,0.0068123494,"TWOGAUSSIANS_WITH_ELLIPSOIDAL_ON_ECLIPSE1",9,7.36006,0.38896835,0.0068123494,0.25393397,0.077685595,0.43999922,0.11156654,0.89005286,0.0054641343,0.22382781,0.053011358,0.15722774,0.011992694
375316653866487564,4099611606215820544,0.47740462,2215.9288558385247,1.4500081505648685,4.8959824E-5,17.93305,1.2394862,0.30375654,0.015087686,0.11699192,0.0573004,0.94737905,0.5271354,0.7987829,0.013354143,0.26457095,0.21785268,1.1642156,1.1361893,null,null,null,null,"TWOGAUSSIANS",8,20.96079,0.3050565,0.01426217,0.4,0.0,0.49528974,0.22395992,0.7987829,0.013354143,0.4,0.0,0.3235475,0.1172519
375316653866487564,4099611808065293312,0.641836,2253.613834404197,2.4198093308280364,1.6871174E-5,16.8937,0.008345982,0.23002617,0.0015853669,0.07191293,0.002941632,0.48165405,0.009508309,0.7267172,0.0048760492,0.081784904,0.0055855922,0.46880442,0.021832522,null,null,null,null,"TWOGAUSSIANS",8,11.761277,0.23002617,0.0015853669,0.4,0.0024800764,0.47720775,0.0096155675,0.7267172,0.0048760492,0.4,0.0,0.46435812,0.022171933
375316653866487564,4099612117302949376,0.5526835,2208.661275625571,2.2190407131322134,1.4665733E-5,18.799946,0.10176436,0.23812284,0.0076574907,0.12555648,0.034049504,0.2697997,0.09123719,0.7523275,0.004620142,0.11939211,0.024555137,0.26834658,0.09755838,null,null,null,null,"TWOGAUSSIANS",8,0.91192174,0.23804283,0.0076375585,0.4,0.0,0.21048452,0.010925065,0.7524675,0.0042545875,0.4,0.0,0.20915116,0.013679586
375316653866487564,4099612186022442496,0.5863641,2265.6582570772553,0.22216763468591436,2.549936E-5,17.69179,0.002145894,0.597525,3.286183E-4,0.03583311,0.001288196,0.22628814,0.0012561795,0.34214532,1.6885526E-4,0.0057065543,8.365419E-4,0.016710257,0.0020079627,null,null,null,null,"TWOGAUSSIANS",8,1.4499954,0.597525,3.286183E-4,0.2006654,0.007213897,0.22628814,0.0012561795,0.34214532,1.6885526E-4,0.031956706,0.0046846345,0.016710257,0.0020079627
375316653866487564,4099612186022481792,0.53841466,2268.2144093982247,2.4668908445793996,1.6018954E-5,17.638578,0.017917888,0.24487431,0.065853976,0.08408896,0.039587885,0.198803,0.20225988,0.721784,0.0030581674,0.08015168,0.010002946,0.2173338,0.018814983,null,null,null,null,"TWOGAUSSIANS",8,7.762172,0.721784,0.0030581674,0.4,0.0,0.21473096,0.018221088,0.24487431,0.065853976,0.4,0.12718815,0.19620015,0.20463711
375316653866487564,4099612705733508608,0.52881044,2240.4441893698,3.573352281818942,1.4859474E-5,19.61584,0.019351734,0.26864663,0.0043796524,0.085680984,0.006639881,0.31881467,0.026427273,0.76759917,0.03614952,0.06021846,0.024688577,0.42245066,0.08304507,null,null,null,null,"TWOGAUSSIANS",8,2.06597,0.76759917,0.03614952,0.33722338,0.0736698,0.42052063,0.07782361,0.26864663,0.0043796524,0.4,0.0,0.3168846,0.024396626
375316653866487564,4099613457322331904,0.5745485,2228.369892502639,1.7628513783703486,1.6299013E-5,17.351656,0.022357322,0.28588316,0.0037370678,0.09956173,0.012682488,0.15840681,0.02066066,0.78933537,0.0036005941,0.10465659,0.013564799,0.15748009,0.020851662,null,null,null,null,"TWOGAUSSIANS",8,2.4286718,0.28588316,0.0037370678,0.4,0.0,0.14328817,0.00917278,0.78933537,0.0036005941,0.4,0.0,0.14235899,0.0075352797
375316653866487564,4099613530367973760,0.51050407,2230.4663050525883,3.1691381138022874,3.0728712E-5,18.488682,0.023782335,0.30573022,0.0065066665,0.06606523,0.028081877,0.23709252,0.22421914,0.8112898,0.009877845,0.008047032,0.01997633,0.24756488,0.052179288,0.090434365,0.030636223,0.30573022,0.0065066665,"TWOGAUSSIANS_WITH_ELLIPSOIDAL_ON_ECLIPSE1",9,12.7949915,0.8112898,0.009743868,0.04506338,0.11186746,0.4280325,0.032145865,0.30573022,0.0065066665,0.36996529,0.12935586,0.41778076,0.22555295
375316653866487564,4099613599087650560,0.49354577,2224.4748635101623,3.3155149839605147,1.9921992E-5,18.660824,0.012433985,0.22122486,0.026809633,0.063006766,0.05069044,0.17591576,5.81771,0.7045799,0.002258911,0.0432519,0.006427526,0.3112106,0.024707219,null,null,null,null,"TWOGAUSSIANS",8,8.653988,0.7045799,0.002258911,0.24221063,0.035994146,0.3112074,0.024711039,0.22122486,0.026809633,0.3528379,0.28386647,0.17591257,5.8177156
375316653866487564,4099613697840543616,0.5128659,2253.987124858025,2.7890890286413166,3.2084536E-5,18.936659,0.042972464,0.27954575,0.008225543,0.08536821,0.014270712,0.32800055,0.05104598,0.797432,0.012932841,0.084602356,0.019326098,0.3813255,0.045977123,null,null,null,null,"TWOGAUSSIANS",8,6.9040227,0.797432,0.012932841,0.4,0.0,0.37451157,0.042482655,0.27954575,0.008225543,0.4,0.0,0.3211866,0.04508361
375316653866487564,4099613874005234432,0.43512052,2201.1042501324837,0.06797150408870284,2.5661006E-5,18.923912,0.025219671,0.30853817,0.008024558,0.08600107,0.0132614905,0.69123095,0.07512472,0.8652871,0.008375149,0.08300121,0.006607543,0.5375904,0.048532743,null,null,null,null,"TWOGAUSSIANS",8,14.97779,0.30853817,0.008024558,0.4,0.0,0.68585944,0.07988295,0.8652871,0.008374569,0.4,0.0,0.53221965,0.045897104
375316653866487564,4099614080124886656,0.49543527,2244.48663033437,1.6857496628364013,1.621139E-5,19.491838,0.022430321,0.13041769,0.038014386,0.06948635,0.036190372,0.2663625,0.054821163,0.5720213,0.002676786,0.03760618,0.010429755,0.19400047,0.044504713,null,null,null,null,"TWOGAUSSIANS",8,1.8065262,0.13041769,0.038014386,0.3891236,0.067805514,0.26636192,0.054755054,0.5720213,0.002676786,0.21059461,0.05840663,0.1939999,0.044504806
375316653866487564,4099614144540154240,0.47096747,2230.080283784039,0.19600059197840547,5.7672487E-6,18.627407,0.0027382586,0.33593568,0.001620133,0.017686492,0.0014244763,0.15382813,0.016745435,0.8513311,0.0059035346,0.030249069,0.0052596405,0.12704456,0.011378311,null,null,null,null,"TWOGAUSSIANS",8,2.1485138,0.33593568,0.001620133,0.09904435,0.0079770675,0.15382813,0.016745435,0.8513311,0.0059035346,0.16939479,0.029453985,0.12704456,0.011378311
375316653866487564,4099614522474438528,0.47880536,2289.118146231131,1.6472113180259076,8.15612E-5,19.626486,0.16738944,0.19988054,0.024500277,0.13490239,0.09290386,0.49616474,0.10803048,0.6278901,0.010905756,0.07311999,0.013443427,0.5409215,0.118571974,null,null,null,null,"TWOGAUSSIANS",8,3.5323906,0.6278901,0.010905756,0.4,0.035789136,0.52207696,0.09628809,0.19988054,0.024500277,0.4,0.0,0.47402412,0.19713381
375316653866487564,4099614595520799104,0.48505875,2218.2635992506857,0.2379805018034717,4.40143E-5,19.584883,0.03080081,0.2381783,0.008369507,0.09071876,0.019905224,0.23788075,0.035042036,0.8137366,0.012331835,0.049975123,0.010227789,0.26926944,0.048129685,null,null,null,null,"TWOGAUSSIANS",8,1.8870897,0.8137366,0.012333143,0.27986068,0.05727562,0.26916337,0.048033092,0.2381783,0.008369507,0.4,0.0,0.23777047,0.0350337
375316653866487564,4099614973517176704,0.5052059,2274.5403530580747,1.278684277810921,9.723873E-5,16.012573,0.0030625027,0.2336417,0.012851294,0.07572416,0.010877016,0.07360261,0.04196765,0.63653105,0.007731739,0.09998348,0.010354858,0.093223624,0.007639138,null,null,null,null,"TWOGAUSSIANS",8,2.7313595,0.63653105,0.007731739,0.4,0.0,0.09270554,0.0077289245,0.2337317,0.012870563,0.4,0.02136813,0.0731123,0.04210116
375316653866487564,4099615213995355776,0.55998194,2269.1243963538764,2.8919680455644463,1.3651918E-5,19.64282,0.022103505,0.26709935,0.0021438864,0.08268605,0.0059427065,0.35213733,0.019353278,0.7831377,0.028050097,0.08299711,0.03650682,0.2601785,0.053157724,null,null,null,null,"TWOGAUSSIANS",8,0.83905095,0.26709935,0.0021438864,0.4,0.0,0.3474075,0.015162465,0.7831377,0.028050097,0.4,0.13380085,0.2554487,0.055502627
375316653866487564,4099615828168359680,0.52286786,2233.822379077392,2.690239768248682,2.0262687E-5,18.25734,0.29132977,0.25168306,0.014189078,0.14745589,0.06677613,0.4467104,0.2831309,0.74984276,0.0036612984,0.11372423,0.019343063,0.50921506,0.24393353,null,null,null,null,"TWOGAUSSIANS",8,6.488295,0.74984276,0.0036457044,0.4,0.0,0.3649862,0.016025927,0.25169307,0.01425527,0.4,0.0,0.29969743,0.029457692
375316653866487564,4099616176107696256,0.5258625,2241.767247888528,2.354571070878833,1.7918117E-5,18.424448,0.010852479,0.23066878,0.005458582,0.06862311,0.00629764,0.4219272,0.022009859,0.7344966,0.015386028,0.06808347,0.008046889,0.45851913,0.06257026,null,null,null,null,"TWOGAUSSIANS",8,7.375514,0.7344966,0.015386028,0.38126746,0.028039819,0.45753106,0.06219291,0.23066878,0.005458582,0.3842894,0.034887347,0.42093912,0.022100199
375316653866487564,4099616347867775104,0.47927418,2140.3186136478043,3.662767354873666,2.620365E-5,19.639387,0.009978285,0.30975765,4.735928E-6,0.003020547,1.1405294E-4,2.4996998,0.318472,0.7757024,0.0093775485,0.089831114,0.008404896,0.16223185,0.02272134,null,null,null,null,"TWOGAUSSIANS",8,1.3124626,0.30975765,4.735928E-6,0.016915064,6.386965E-4,2.4997,0.31847176,0.7757024,0.0093775485,0.4,0.0,0.16223179,0.02272136
375316653866487564,4099616481010453248,0.55178726,2210.9583193817043,3.4691699656207975,1.8318568E-5,19.366919,0.019373624,0.22361276,0.004347931,0.07275554,0.009110239,0.68715405,0.12681258,0.7123389,0.0311489,0.07761396,0.022159196,0.5776827,0.25055268,null,null,null,null,"TWOGAUSSIANS",8,3.0295186,0.22361276,0.004347931,0.4,0.0040612076,0.68327856,0.12978272,0.7123389,0.0311489,0.4,0.07930795,0.5738071,0.25389478
375316653866487564,4099616725824357632,0.48146105,2271.78717423668,0.2565535536397405,4.2112904E-5,19.38634,0.07152568,0.27774927,0.014140798,0.15985309,0.04303567,0.33540908,0.061273184,0.7380089,8.5403176E-4,0.05164202,0.0041468516,0.37162617,0.05812718,null,null,null,null,"TWOGAUSSIANS",8,5.199764,0.7380089,8.5403176E-4,0.2891953,0.023222368,0.35526383,0.04116,0.27774927,0.014140798,0.4,0.0,0.31261125,0.04697744
375316653866487564,4099616828942763904,0.4980303,2197.2154230565957,0.04793876738493988,2.776887E-5,18.83157,0.5112544,0.3378658,0.0075418972,0.11705657,0.060202364,0.5724544,0.4862476,0.8351603,0.010100506,0.12206269,0.08693638,0.7677918,18.251074,null,null,null,null,"TWOGAUSSIANS",8,4.2874346,0.8351603,0.010100506,0.4,0.086122386,0.6223657,18.393452,0.3378858,0.0075264527,0.4,0.0,0.42725298,0.08248945
375316653866487564,4099617790977333888,0.45477995,2264.9303601046777,1.1671913082866134,5.5336877E-5,19.04064,0.014074209,0.38549176,0.016541699,0.097092524,0.014779901,0.52825946,0.18742472,0.8904274,0.02737827,0.015467766,0.012753459,0.14380054,0.16732444,null,null,null,null,"TWOGAUSSIANS",8,5.2362227,0.38549176,0.016541699,0.4,0.0,0.52823126,0.18752773,0.8904274,0.02737827,0.08661949,0.071419366,0.14377427,0.16735713
375316653866487564,4099618061534238464,0.4757045,2316.4336042399946,0.4525818480596803,3.2031836E-5,19.106548,0.18643013,0.30842155,0.009706148,0.09670246,0.022449467,0.355452,0.14341508,0.7860682,0.023696885,0.16794173,0.083983436,0.324966,0.17337681,null,null,null,null,"TWOGAUSSIANS",8,3.0096586,0.30978155,0.008065993,0.4,0.0,0.27280328,0.08857105,0.7860682,0.023696885,0.4,0.0,0.23401622,0.026072461
375316653866487564,4099618237655326208,0.41445255,2245.450700914805,0.7960911601779103,4.3357544E-5,18.118309,0.004634232,0.2738309,9.186313E-4,0.027033465,0.0029948382,0.1837228,0.014552217,0.79882663,0.047068734,0.12485668,0.046903897,0.053892348,0.009141071,null,null,null,null,"TWOGAUSSIANS",8,6.304775,0.2738309,9.188056E-4,0.15138741,0.016771093,0.1835075,0.014464078,0.79882663,0.047068734,0.4,0.0,0.053630475,0.009402343
375316653866487564,4099618370798804096,0.5248902,2229.656153876834,0.2052892336049277,3.4023564E-5,19.03807,0.018178826,0.26640454,0.006850483,0.06389067,0.011846775,0.23301587,0.030962866,0.7398927,0.010544893,0.10704066,0.016056817,0.2462495,0.02496521,null,null,null,null,"TWOGAUSSIANS",8,2.0105796,0.7398927,0.010544893,0.4,0.0,0.2421952,0.025285672,0.26641452,0.006850826,0.35778776,0.066341944,0.22897683,0.030261705
375316653866487564,4099618645643647232,0.47303158,2217.69927774685,0.8700839708207244,5.7610458E-5,18.759274,0.18624987,0.3396516,0.025910284,0.20113364,0.0924563,0.33327347,0.16953461,0.79347813,0.023022436,0.08833951,0.02910091,0.14322501,0.05872606,null,null,null,null,"TWOGAUSSIANS",8,4.734547,0.3396516,0.025909413,0.4,0.0,0.2501044,0.03355877,0.79347813,0.023022436,0.4,0.012144151,0.09453995,0.03048067
375316653866487564,4099618924850027008,0.56879294,2210.640056565339,3.2096693300577464,1.2398433E-4,19.714794,0.014255582,0.22486427,0.017543366,0.063061334,0.021341695,0.3442098,0.025315333,0.7336716,0.0056779548,0.06207768,0.009002215,0.37952605,0.082849495,null,null,null,null,"TWOGAUSSIANS",8,1.0653149,0.7336716,0.0056779548,0.347635,0.050412405,0.37934026,0.08314347,0.22486427,0.017543366,0.35314345,0.11161836,0.344024,0.025689285
375316653866487564,4099619268484238464,0.48667002,2201.977122250089,1.7307701780040075,4.17336E-5,18.122856,0.006319719,0.4181792,0.009025617,0.042873677,0.006960653,0.3609497,0.119962625,null,null,null,null,null,null,null,null,null,null,"ONEGAUSSIAN",5,18.75917,0.4181792,0.009025617,0.24009259,0.038979657,0.3609497,0.0,null,null,null,null,null,null
