Gaia/vari_eclipsing_binary/VariEclipsingBinary_770899-772057.csv
# %ECSV 1.0
# ---
# delimiter: ','
# meta: !!omap
# - RELEASE: Gaia DR3
# - TABLE: vari_eclipsing_binary
# - DESCRIPTION: >
#     This table describes the properties of the eclipsing binaries resulting from the variability analysis. 
# - CITATION: >
#     How to cite and acknowledge Gaia: 
#     https://gea.esac.esa.int/archive/documentation/credits.html 
# - KNOWN_ISSUES: >
#     Known issues: 
#     https://www.cosmos.esa.int/web/gaia-users/known-issues 
# - DOCUMENTATION: >
#     Tutorials and documentation: 
#     https://www.cosmos.esa.int/web/gaia-users/archive 
# datatype:
# - 
#   name: solution_id
#   datatype: int64
#   description: Solution Identifier
#   meta:
#     ucd: meta.version
# - 
#   name: source_id
#   datatype: int64
#   description: Unique source identifier
#   meta:
#     ucd: meta.id;meta.main
# - 
#   name: global_ranking
#   datatype: float32
#   description: Number between 0 (worst) and 1 (best)
#   meta:
#     ucd: stat.param
# - 
#   name: reference_time
#   datatype: float64
#   unit: d
#   description: Reference time used for the geometric model fit
#   meta:
#     ucd: time.epoch
# - 
#   name: frequency
#   datatype: float64
#   unit: d**-1
#   description: Frequency of geometric model of the eclipsing binary light curve
#   meta:
#     ucd: src.orbital
# - 
#   name: frequency_error
#   datatype: float32
#   unit: d**-1
#   description: "Uncertainty of \\texttt{frequency}"
#   meta:
#     ucd: stat.error
# - 
#   name: geom_model_reference_level
#   datatype: float32
#   unit: mag
#   description: Magnitude reference level of geometric model
#   meta:
#     ucd: phot.mag;em.opt
# - 
#   name: geom_model_reference_level_error
#   datatype: float32
#   unit: mag
#   description: "Uncertainty of \\texttt{geomModelReferenceLevel}"
#   meta:
#     ucd: stat.error;phot.mag;em.opt
# - 
#   name: geom_model_gaussian1_phase
#   datatype: float32
#   description: Phase of the Gaussian 1 component
#   meta:
#     ucd: time.phase
# - 
#   name: geom_model_gaussian1_phase_error
#   datatype: float32
#   description: "Uncertainty of \\texttt{geomModelGaussian1Phase}"
#   meta:
#     ucd: stat.error;time.phase
# - 
#   name: geom_model_gaussian1_sigma
#   datatype: float32
#   description: "Standard deviation [phase] of Gaussian 1 component"
#   meta:
#     ucd: stat.stdev
# - 
#   name: geom_model_gaussian1_sigma_error
#   datatype: float32
#   description: "Uncertainty of \\texttt{geomModelGaussian1Sigma}"
#   meta:
#     ucd: stat.error
# - 
#   name: geom_model_gaussian1_depth
#   datatype: float32
#   unit: mag
#   description: Magnitude depth of Gaussian 1 component
#   meta:
#     ucd: src.var.amplitude
# - 
#   name: geom_model_gaussian1_depth_error
#   datatype: float32
#   unit: mag
#   description: "Uncertainty of \\texttt{geomModelGaussian1Depth}"
#   meta:
#     ucd: stat.error;src.var.amplitude
# - 
#   name: geom_model_gaussian2_phase
#   datatype: float32
#   description: Phase of Gaussian 2 component
#   meta:
#     ucd: time.phase
# - 
#   name: geom_model_gaussian2_phase_error
#   datatype: float32
#   description: "Uncertainty of \\texttt{geomModelGaussian2Phase}"
#   meta:
#     ucd: stat.error;time.phase
# - 
#   name: geom_model_gaussian2_sigma
#   datatype: float32
[...]
#   datatype: float32
#   description: "Secondary eclipse: uncertainty of \\texttt{derivedSecondaryEclDuration}"
#   meta:
#     ucd: stat.error;time.duration
# - 
#   name: derived_secondary_ecl_depth
#   datatype: float32
#   unit: mag
#   description: "Secondary eclipse: depth"
#   meta:
#     ucd: src.var.amplitude
# - 
#   name: derived_secondary_ecl_depth_error
#   datatype: float32
#   unit: mag
#   description: "Secondary eclipse: uncertainty of \\texttt{derivedSecondaryEclDepth}"
#   meta:
#     ucd: stat.error;src.var.amplitude
solution_id,source_id,global_ranking,reference_time,frequency,frequency_error,geom_model_reference_level,geom_model_reference_level_error,geom_model_gaussian1_phase,geom_model_gaussian1_phase_error,geom_model_gaussian1_sigma,geom_model_gaussian1_sigma_error,geom_model_gaussian1_depth,geom_model_gaussian1_depth_error,geom_model_gaussian2_phase,geom_model_gaussian2_phase_error,geom_model_gaussian2_sigma,geom_model_gaussian2_sigma_error,geom_model_gaussian2_depth,geom_model_gaussian2_depth_error,geom_model_cosine_half_period_amplitude,geom_model_cosine_half_period_amplitude_error,geom_model_cosine_half_period_phase,geom_model_cosine_half_period_phase_error,model_type,num_model_parameters,reduced_chi2,derived_primary_ecl_phase,derived_primary_ecl_phase_error,derived_primary_ecl_duration,derived_primary_ecl_duration_error,derived_primary_ecl_depth,derived_primary_ecl_depth_error,derived_secondary_ecl_phase,derived_secondary_ecl_phase_error,derived_secondary_ecl_duration,derived_secondary_ecl_duration_error,derived_secondary_ecl_depth,derived_secondary_ecl_depth_error
375316653866487564,6780907492345452928,0.48987094,2118.191474941294,1.274687224636071,1.0901467E-4,18.697994,0.0076645445,0.14273804,0.0045029307,0.010890589,0.0017912457,1.837877,1.518193,0.60486543,0.10022029,0.11327438,0.08480198,0.027856125,0.010802591,null,null,null,null,"TWOGAUSSIANS",8,6.7278066,0.14273804,0.0045029307,0.0609873,0.010030976,1.8378793,1.5181938,0.60486543,0.10022029,0.4,0.062153064,0.027851244,0.010816734
375316653866487564,6780933468307778560,0.49050623,2110.30208290927,1.5117935513918774,6.035633E-6,17.745564,0.006269257,0.34611803,7.304702E-4,0.025682744,0.0010243522,0.5611689,0.026584832,0.83719987,0.013137644,0.024560513,0.01269682,0.21568227,0.054260667,null,null,null,null,"TWOGAUSSIANS",8,34.869728,0.34611803,7.304702E-4,0.14382336,0.0057363724,0.5611689,0.026584832,0.83719987,0.013137644,0.13753888,0.071102194,0.21568227,0.054260667
375316653866487564,6780938317327797248,0.5172892,2082.0297541933614,1.6240660835331184,7.0694485E-5,14.750816,0.0034437145,0.55139554,0.01619062,0.032403767,0.007212121,0.742729,0.2327792,null,null,null,null,null,null,null,null,null,null,"ONEGAUSSIAN",5,401.72433,0.55139554,0.01619062,0.1814611,0.04038788,0.742729,0.0,null,null,null,null,null,null
375316653866487564,6780949273787477376,0.4559828,2108.8662185924336,2.9297399680010936,8.6617E-6,18.7303,0.0051949956,0.18664716,4.2420815E-4,5.524587E-4,1.2317729E-4,0.9273844,0.4729394,0.67628396,0.052087054,0.05206367,0.018282294,0.03962421,0.027203241,0.017668912,0.0088391965,0.18664716,4.2420815E-4,"TWOGAUSSIANS_WITH_ELLIPSOIDAL_ON_ECLIPSE1",9,5.8528004,0.18664716,4.2420815E-4,0.0030937686,6.897928E-4,0.96272194,0.47738922,0.677944,0.0440375,0.29155657,0.10238084,0.074836075,0.028424984
375316653866487564,6780957696220128768,0.5517915,2090.9181255464778,3.9806650699194304,6.0599923E-6,17.865892,0.008639404,0.23114985,0.006215443,0.07304504,0.0050370414,0.52256364,0.06484457,0.74874747,0.0024417911,0.07084508,0.0029660636,0.407703,0.0114951255,null,null,null,null,"TWOGAUSSIANS",8,11.078385,0.23114985,0.006215443,0.4,0.0073564723,0.5211313,0.06500338,0.74874747,0.0024417911,0.39673248,0.011930699,0.40627068,0.011217159
375316653866487564,6780991261387487616,0.47371545,2109.3951342186856,3.2521608253123166,2.4107787E-5,18.117546,0.033582818,0.2763952,0.0070020542,0.08474944,0.0087131765,0.21014543,0.016325818,0.66581166,0.028037587,0.19066474,0.076220684,0.08695101,0.032491494,null,null,null,null,"TWOGAUSSIANS",8,4.8422465,0.2801952,0.0052029793,0.4,0.0,0.20432854,0.015222374,0.66581166,0.028037587,0.4,0.0,0.06961999,0.008749457
375316653866487564,6781006212170903936,0.5138753,2080.9274826065503,3.592614527565657,1.5287264E-5,17.423199,0.004831646,0.24785541,0.013303191,0.018523663,0.027164126,0.04671528,0.028493939,0.7408956,0.0029750494,0.040261094,0.002982842,0.24756446,0.015169831,0.04136002,0.009094859,0.24785541,0.013303191,"TWOGAUSSIANS_WITH_ELLIPSOIDAL_ON_ECLIPSE1",9,13.639048,0.74118567,0.0025555585,0.22546212,0.016703915,0.33013284,0.015244167,0.24785541,0.013303191,0.10373251,0.15211911,0.12943526,0.02188835
375316653866487564,6781008338177282688,0.5328639,2108.2419826460086,2.7612509642128424,6.7194082E-6,19.172226,0.005093768,0.24180156,4.6966763E-4,0.036257084,9.083344E-4,0.59240144,0.017534865,0.72918344,0.005828275,0.037818164,0.005495336,0.20717466,0.016435908,null,null,null,null,"TWOGAUSSIANS",8,3.4607868,0.24180156,4.6966763E-4,0.20303968,0.0050866725,0.59240144,0.017534865,0.72918344,0.005828275,0.21178171,0.03077388,0.20717466,0.016435908
375316653866487564,6781015764177958784,0.5800296,2121.784242484261,1.409998196393339,7.3046413E-6,19.52385,0.0063353255,0.25169834,0.001218141,0.03528621,0.0018680854,0.9487789,0.047212183,0.75394994,0.009761755,0.044454686,0.00814453,0.31327927,0.03450742,null,null,null,null,"TWOGAUSSIANS",8,2.0287824,0.25169834,0.001218141,0.19760276,0.010461277,0.9487789,0.047212183,0.75394994,0.009761755,0.24894623,0.045609366,0.31327927,0.03450743
375316653866487564,6781069704670550016,0.51444936,2111.0820163460494,0.8543624539475195,3.0437473E-5,19.49774,0.005668443,0.26518092,0.013317217,0.0437048,0.011296655,0.11838901,0.015345515,0.7674449,0.0043762852,0.026931072,0.0027965556,0.5263776,0.051302146,null,null,null,null,"TWOGAUSSIANS",8,1.8898852,0.7674449,0.0043762852,0.150814,0.01566071,0.5263776,0.051302146,0.26518092,0.013317217,0.24474688,0.06326127,0.11838901,0.015345515
375316653866487564,6781098639867096960,0.5291882,2098.206021176018,0.41316846565962007,2.538467E-5,12.513164,0.0013534015,0.0953138,3.434267E-4,0.009082575,2.5749917E-4,0.285688,0.011441646,0.37925062,0.037054252,0.005929036,0.0065308237,0.14928602,56.56595,0.0023219595,0.0020237947,0.37925062,0.037054252,"TWOGAUSSIANS_WITH_ELLIPSOIDAL_ON_ECLIPSE2",9,77.72217,0.0953138,3.4233418E-4,0.050862424,0.0014419954,0.28589594,0.011637824,0.37925062,0.037054252,0.033202603,0.036572613,0.1539299,56.566498
375316653866487564,6781124340951367936,0.6871751,2113.1517277672456,0.6413080359568499,2.522706E-6,14.811294,0.001245771,0.19662091,9.796994E-4,0.02908748,0.0035236161,0.30525258,0.12893848,0.6968714,3.1544836E-4,0.027608952,2.482198E-4,0.7766507,0.008845036,0.02505076,0.0018305694,0.19662091,9.796994E-4,"TWOGAUSSIANS_WITH_ELLIPSOIDAL_ON_ECLIPSE1",9,17.053091,0.6968714,3.1544836E-4,0.15461013,0.0013900308,0.82675207,0.008696855,0.19662091,9.796994E-4,0.16288988,0.01973225,0.35535404,0.12943512
375316653866487564,6781132484209579136,0.43158802,2114.52755539938,0.03179971368578336,2.665363E-4,16.87274,0.027467772,0.13241674,0.014295576,0.009773509,0.005773796,0.1524344,0.086997144,0.554843,0.010037074,0.32143804,0.016843718,0.34790048,0.032048848,null,null,null,null,"TWOGAUSSIANS",8,13.000529,0.13254674,0.013786159,0.054731645,0.032333255,0.16087131,0.090019725,0.554843,0.010037074,0.4,0.0,0.1458671,0.0315758
375316653866487564,6781133240123828608,0.5591195,2100.840817747558,3.2028700977759943,8.586591E-6,12.521858,0.0018786676,0.29423296,0.0018765831,0.045159984,0.005826451,0.04713176,0.007479092,0.80508375,0.0023792328,0.031179164,0.010567914,0.049565665,0.010391699,0.023928877,0.0026401668,0.80508375,0.0023792328,"TWOGAUSSIANS_WITH_ELLIPSOIDAL_ON_ECLIPSE2",9,31.510891,0.80508375,0.0023792328,0.17460331,0.05918032,0.09742338,0.0109929815,0.29575297,0.0018257172,0.25289592,0.032628126,0.09479848,0.007557177
375316653866487564,6781151519504699520,0.5809276,2124.6227659316023,3.276357182336149,8.021086E-6,16.574867,0.015953599,0.23244725,0.0021983571,0.11081618,0.007086606,0.2621985,0.014086495,0.74280274,0.0017321256,0.106538564,0.0060451673,0.26817438,0.014710079,null,null,null,null,"TWOGAUSSIANS",8,8.714484,0.74281275,0.0017310225,0.4,0.0,0.23453282,0.006877332,0.23243725,0.0021983571,0.4,0.0,0.22854508,0.006230329
375316653866487564,6781179969367527936,0.47925052,2132.3209983296333,2.9889188334174577,8.236616E-5,14.690074,0.002780482,0.3213942,0.0020726277,0.012136195,9.399871E-4,0.34406587,0.017797645,0.8213634,0.018503003,0.023720205,0.02240044,0.3915639,4.367953,null,null,null,null,"TWOGAUSSIANS",8,289.78897,0.8213634,0.018503003,0.13283315,0.12544248,0.3915639,4.367953,0.3213942,0.0020726277,0.06796269,0.0052639274,0.34406587,0.017797645
375316653866487564,6781193644543463552,0.60532105,2102.0780672219194,3.562842889404796,4.336604E-6,15.940584,0.026102567,0.23493671,0.00177771,0.06569103,0.0067201913,0.3020998,0.050149933,0.73749864,0.0015826888,0.06883913,0.0058139074,0.28187156,0.051647235,0.075436905,0.027029702,0.23493671,0.00177771,"TWOGAUSSIANS_WITH_ELLIPSOIDAL_ON_ECLIPSE1",9,31.647577,0.23493671,0.00177771,0.3678698,0.037633073,0.45242172,0.018752906,0.73749864,0.0015826888,0.38549915,0.028630704,0.43215442,0.005984058
375316653866487564,6781310944393045760,0.5312565,2173.10705182246,3.908493482316263,2.0746778E-5,19.099686,0.017237628,0.24191883,0.055032484,0.084825784,0.036479197,0.2776227,0.050779305,0.7471682,0.003182665,0.079698175,0.0051988433,0.2985752,0.020050362,null,null,null,null,"TWOGAUSSIANS",8,1.9979073,0.7471682,0.003182665,0.4,0.0,0.293428,0.015485448,0.24191883,0.055032484,0.4,0.0,0.2724755,0.041431718
375316653866487564,6781311154848504576,0.5818936,2159.1534027765424,3.6689668416999024,1.4261733E-5,14.526352,0.020328589,0.25407267,0.0069926097,0.06450858,0.01135999,0.29814526,0.039403845,0.7399459,0.0060455673,0.05722396,0.008315534,0.2116657,0.040487,0.058508124,0.020439604,0.25407267,0.0069926097,"TWOGAUSSIANS_WITH_ELLIPSOIDAL_ON_ECLIPSE1",9,196.67194,0.25407267,0.0069926097,0.36124805,0.053614505,0.41499764,0.016920239,0.7417059,0.004899224,0.32045418,0.046566993,0.3277129,0.009985379
375316653866487564,6781313693172003968,0.5256887,2124.6571217754645,4.689393281617653,9.156111E-6,19.743307,0.008547042,0.22708341,0.002911045,0.043666042,0.0036119325,1.1586577,0.60796404,0.75777346,0.034959685,0.109894596,0.029454207,0.03889967,0.010810595,null,null,null,null,"TWOGAUSSIANS",8,0.9300043,0.22708341,0.002911045,0.24452984,0.020226821,1.1582541,0.60810846,0.75777346,0.034959685,0.4,0.0,0.038491525,0.010270245
375316653866487564,6781334588190825472,0.45335937,2118.490381638145,0.0709613418082114,2.699512E-5,19.663965,0.008298174,0.35811117,0.0092505505,0.033992186,0.0071827522,0.11815552,0.018627362,0.7316168,0.017719394,0.044294294,0.030666841,0.27472186,0.026136529,null,null,null,null,"TWOGAUSSIANS",8,3.2223883,0.7316168,0.017719394,0.24804805,0.15264425,0.27472186,0.026136532,0.35811117,0.0092505505,0.19035624,0.040223412,0.11815552,0.018627819
375316653866487564,6781337504471023360,0.5374988,2123.7550348410336,3.708739877744976,5.701118E-6,17.87142,0.012559937,0.26947063,0.0049432837,0.09059444,0.009557237,0.31397948,0.012096225,0.75369614,0.003169851,0.08986713,0.005732044,0.4490695,0.017124103,null,null,null,null,"TWOGAUSSIANS",8,10.417584,0.75369614,0.003169851,0.4,0.0,0.43646568,0.017925503,0.26947063,0.0049432837,0.4,0.0,0.3013757,0.012744763
375316653866487564,6781356440983727360,0.6197245,2095.8075611300505,4.255204851320565,1.012984E-5,17.834187,0.011121569,0.29338357,0.0014670579,0.053034037,0.007068493,0.22068122,0.020952906,0.8009372,0.002402589,0.04661455,0.00493873,0.18173543,0.024673283,0.113693945,0.014198186,0.29338357,0.0014670579,"TWOGAUSSIANS_WITH_ELLIPSOIDAL_ON_ECLIPSE1",9,4.0662622,0.29338357,0.0014670579,0.2969906,0.03958356,0.44806558,0.011229521,0.8009372,0.002402589,0.26104146,0.027656887,0.408608,0.008718732
375316653866487564,6781374166311996288,0.42040938,2124.5166673062245,0.3299340345850636,7.5106116E-5,18.599195,0.05865952,0.1960405,0.021091733,0.07753771,0.012512897,0.09373732,0.030208696,0.56491727,0.026275882,0.19585305,0.10281663,0.09478563,0.05576256,null,null,null,null,"TWOGAUSSIANS",8,5.1390634,0.2062805,0.021491807,0.4,0.004786579,0.09810642,0.02611998,0.56491727,0.026275882,0.4,0.0,0.08179897,0.008133949
375316653866487564,6781383550817189632,0.6503069,2084.5278559836324,3.2140299794050313,4.686876E-6,15.938377,0.00992141,0.20373994,0.0030529092,0.039864015,0.0056235455,0.50531465,0.13939767,0.7003579,0.0015834245,0.048975203,0.0035047317,0.45590377,0.021599697,0.12619685,0.012726581,0.7003579,0.0015834245,"TWOGAUSSIANS_WITH_ELLIPSOIDAL_ON_ECLIPSE2",9,30.321482,0.20353994,0.002901451,0.22323848,0.031491853,0.7576,0.14879015,0.7003579,0.0015834245,0.27426115,0.019626498,0.70829636,0.015590626
375316653866487564,6781495490548349824,0.5316879,2130.388252458769,3.487896828293316,1.32043015E-5,18.166218,0.012632625,0.30425778,0.0035212673,0.07915559,0.0067490633,0.5895381,0.07134885,0.8132381,0.0032176366,0.06515067,0.0039937003,0.3370073,0.012875214,null,null,null,null,"TWOGAUSSIANS",8,15.314509,0.30425778,0.0035212673,0.4,0.0,0.5877274,0.07232348,0.8132381,0.0032176366,0.3648438,0.02236472,0.33519664,0.012069624
375316653866487564,6781506043284544384,0.55067253,2109.571877376774,2.523288362944414,1.731992E-5,14.685694,0.008624924,0.25568745,0.008901086,0.062590964,0.011756486,0.09273676,0.024753215,0.7410072,0.0031545528,0.045265634,0.010702608,0.0664845,0.016670765,0.08098709,0.009055466,0.7410072,0.0031545528,"TWOGAUSSIANS_WITH_ELLIPSOIDAL_ON_ECLIPSE2",9,103.56497,0.25053746,0.0058637457,0.3505094,0.065836325,0.2538053,0.020352582,0.7410072,0.0031545528,0.25348756,0.05993461,0.22844654,0.00545917
375316653866487564,6781538891194384768,0.6590814,2137.3239931957064,1.4598128573442033,4.677467E-6,17.274109,0.002521393,0.26703846,4.1071992E-4,0.028502215,6.036708E-4,0.7245712,0.008616574,0.76398396,0.003997391,0.03243693,0.003879306,0.19448937,0.01822668,0.027736716,0.0042379443,0.26703846,4.1071992E-4,"TWOGAUSSIANS_WITH_ELLIPSOIDAL_ON_ECLIPSE1",9,5.3213563,0.26703846,4.1071992E-4,0.1596124,0.0033805566,0.7800447,0.009184263,0.764054,0.0039080083,0.18164681,0.021724114,0.24994285,0.018774742
375316653866487564,6781582184464765952,0.42740202,2122.2697886791666,0.031936239085995,1.733262E-5,16.17804,0.04722031,0.39266926,0.0035816089,0.30196938,0.020083036,0.4411948,0.046622183,0.9114368,0.0029204553,0.09505979,0.009830374,0.1782703,0.033608325,null,null,null,null,"TWOGAUSSIANS",8,10.38291,0.39265928,0.0035773849,0.4,0.0,0.13988873,0.01952239,0.9166268,0.0042764423,0.4,0.0,0.09829631,0.030816408
375316653866487564,6781596752993903360,0.42661095,2141.2075772249254,0.21881274372975387,7.6447446E-5,17.059286,0.0061722966,0.3474153,0.01278641,0.029341917,0.022374548,0.25156367,1.95040012E12,null,null,null,null,null,null,0.01550971,0.012542136,0.3474153,0.01278641,"ONEGAUSSIAN_WITH_ELLIPSOIDAL",6,41.777374,0.3474153,0.01278641,0.16431475,0.12529747,0.28258306,1.95040012E12,null,null,null,null,null,null
375316653866487564,6781600081592817536,0.5840013,2111.4990053215765,2.0687558675118263,1.0301631E-5,17.191107,0.0038466512,0.14250535,0.002111746,0.026709722,0.002128333,0.41806412,0.01834377,0.6455738,0.0030918936,0.023910532,0.0015877123,0.57102925,0.04924824,0.00966414,0.008773909,0.14250535,0.002111746,"TWOGAUSSIANS_WITH_ELLIPSOIDAL_ON_ECLIPSE1",9,20.439695,0.6455738,0.0030918936,0.13389897,0.0088911895,0.59035033,0.050051227,0.14250535,0.002111746,0.14957444,0.011918666,0.43739238,0.019446237
375316653866487564,6781618983744811776,0.545724,2113.4882775799174,1.263727534162688,1.426627E-5,14.579615,0.0036183463,0.22676627,0.0021372167,0.023732865,0.001960145,0.17859133,0.005556262,0.72456723,0.011914821,0.018949008,0.011912348,0.25791913,0.06442429,null,null,null,null,"TWOGAUSSIANS",8,108.41757,0.72456723,0.011914821,0.10611444,0.066709146,0.25791913,0.06442429,0.22676627,0.0021372167,0.13290404,0.010976812,0.17859133,0.005556262
375316653866487564,6781621418989493504,0.5729599,2120.687831956002,4.155859512519479,6.2865256E-6,18.723814,0.007840871,0.29904988,0.0018848147,0.067447096,0.0033917213,0.347838,0.012328346,0.79800105,0.0035286357,0.06780378,0.0048459405,0.31662068,0.01607635,null,null,null,null,"TWOGAUSSIANS",8,1.8359921,0.29904988,0.0018848147,0.37770376,0.018993638,0.34714332,0.01230006,0.79800105,0.0035286357,0.37970117,0.027137266,0.315926,0.01613937
375316653866487564,6781626985267088768,0.5371325,2121.2657312912493,0.9427043538835691,2.3984452E-5,19.674877,0.00469336,0.1878418,0.0060732043,0.041271314,0.0068630143,0.14529596,0.01658847,0.71328956,0.043281004,0.047424205,0.033735473,0.8446831,28.631767,null,null,null,null,"TWOGAUSSIANS",8,1.3541824,0.71328956,0.043281004,0.26557556,0.18891865,0.84468305,28.631767,0.1878418,0.0060732043,0.23111936,0.03843288,0.14529595,0.016588496
375316653866487564,6781678391732381696,0.5923876,2105.146409947258,3.8107999418586767,7.020318E-6,17.209478,0.0058092345,0.26097223,0.0029315248,0.08000669,0.0026548996,0.40057632,0.013187363,0.76645213,0.002175904,0.08579512,0.00296366,0.35253435,0.0068936655,null,null,null,null,"TWOGAUSSIANS",8,8.775654,0.26097223,0.0029315248,0.4,0.0,0.39339456,0.013049363,0.76645213,0.002175904,0.4,0.0,0.34535253,0.0061881794
