Gaia/vari_eclipsing_binary/VariEclipsingBinary_131011-132722.csv
# %ECSV 1.0
# ---
# delimiter: ','
# meta: !!omap
# - RELEASE: Gaia DR3
# - TABLE: vari_eclipsing_binary
# - DESCRIPTION: >
#     This table describes the properties of the eclipsing binaries resulting from the variability analysis. 
# - CITATION: >
#     How to cite and acknowledge Gaia: 
#     https://gea.esac.esa.int/archive/documentation/credits.html 
# - KNOWN_ISSUES: >
#     Known issues: 
#     https://www.cosmos.esa.int/web/gaia-users/known-issues 
# - DOCUMENTATION: >
#     Tutorials and documentation: 
#     https://www.cosmos.esa.int/web/gaia-users/archive 
# datatype:
# - 
#   name: solution_id
#   datatype: int64
#   description: Solution Identifier
#   meta:
#     ucd: meta.version
# - 
#   name: source_id
#   datatype: int64
#   description: Unique source identifier
#   meta:
#     ucd: meta.id;meta.main
# - 
#   name: global_ranking
#   datatype: float32
#   description: Number between 0 (worst) and 1 (best)
#   meta:
#     ucd: stat.param
# - 
#   name: reference_time
#   datatype: float64
#   unit: d
#   description: Reference time used for the geometric model fit
#   meta:
#     ucd: time.epoch
# - 
#   name: frequency
#   datatype: float64
#   unit: d**-1
#   description: Frequency of geometric model of the eclipsing binary light curve
#   meta:
#     ucd: src.orbital
# - 
#   name: frequency_error
#   datatype: float32
#   unit: d**-1
#   description: "Uncertainty of \\texttt{frequency}"
#   meta:
#     ucd: stat.error
# - 
#   name: geom_model_reference_level
#   datatype: float32
#   unit: mag
#   description: Magnitude reference level of geometric model
#   meta:
#     ucd: phot.mag;em.opt
# - 
#   name: geom_model_reference_level_error
#   datatype: float32
#   unit: mag
#   description: "Uncertainty of \\texttt{geomModelReferenceLevel}"
#   meta:
#     ucd: stat.error;phot.mag;em.opt
# - 
#   name: geom_model_gaussian1_phase
#   datatype: float32
#   description: Phase of the Gaussian 1 component
#   meta:
#     ucd: time.phase
# - 
#   name: geom_model_gaussian1_phase_error
#   datatype: float32
#   description: "Uncertainty of \\texttt{geomModelGaussian1Phase}"
#   meta:
#     ucd: stat.error;time.phase
# - 
#   name: geom_model_gaussian1_sigma
#   datatype: float32
#   description: "Standard deviation [phase] of Gaussian 1 component"
#   meta:
#     ucd: stat.stdev
# - 
#   name: geom_model_gaussian1_sigma_error
#   datatype: float32
#   description: "Uncertainty of \\texttt{geomModelGaussian1Sigma}"
#   meta:
#     ucd: stat.error
# - 
#   name: geom_model_gaussian1_depth
#   datatype: float32
#   unit: mag
#   description: Magnitude depth of Gaussian 1 component
#   meta:
#     ucd: src.var.amplitude
# - 
#   name: geom_model_gaussian1_depth_error
#   datatype: float32
#   unit: mag
#   description: "Uncertainty of \\texttt{geomModelGaussian1Depth}"
#   meta:
#     ucd: stat.error;src.var.amplitude
# - 
#   name: geom_model_gaussian2_phase
#   datatype: float32
#   description: Phase of Gaussian 2 component
#   meta:
#     ucd: time.phase
# - 
#   name: geom_model_gaussian2_phase_error
#   datatype: float32
#   description: "Uncertainty of \\texttt{geomModelGaussian2Phase}"
#   meta:
#     ucd: stat.error;time.phase
# - 
#   name: geom_model_gaussian2_sigma
#   datatype: float32
[...]
#   datatype: float32
#   description: "Secondary eclipse: uncertainty of \\texttt{derivedSecondaryEclDuration}"
#   meta:
#     ucd: stat.error;time.duration
# - 
#   name: derived_secondary_ecl_depth
#   datatype: float32
#   unit: mag
#   description: "Secondary eclipse: depth"
#   meta:
#     ucd: src.var.amplitude
# - 
#   name: derived_secondary_ecl_depth_error
#   datatype: float32
#   unit: mag
#   description: "Secondary eclipse: uncertainty of \\texttt{derivedSecondaryEclDepth}"
#   meta:
#     ucd: stat.error;src.var.amplitude
solution_id,source_id,global_ranking,reference_time,frequency,frequency_error,geom_model_reference_level,geom_model_reference_level_error,geom_model_gaussian1_phase,geom_model_gaussian1_phase_error,geom_model_gaussian1_sigma,geom_model_gaussian1_sigma_error,geom_model_gaussian1_depth,geom_model_gaussian1_depth_error,geom_model_gaussian2_phase,geom_model_gaussian2_phase_error,geom_model_gaussian2_sigma,geom_model_gaussian2_sigma_error,geom_model_gaussian2_depth,geom_model_gaussian2_depth_error,geom_model_cosine_half_period_amplitude,geom_model_cosine_half_period_amplitude_error,geom_model_cosine_half_period_phase,geom_model_cosine_half_period_phase_error,model_type,num_model_parameters,reduced_chi2,derived_primary_ecl_phase,derived_primary_ecl_phase_error,derived_primary_ecl_duration,derived_primary_ecl_duration_error,derived_primary_ecl_depth,derived_primary_ecl_depth_error,derived_secondary_ecl_phase,derived_secondary_ecl_phase_error,derived_secondary_ecl_duration,derived_secondary_ecl_duration_error,derived_secondary_ecl_depth,derived_secondary_ecl_depth_error
[from data line 74]
375316653866487564,1156209907663130752,0.49344787,2140.089811523599,1.5534977930470055,2.6675598E-5,17.394077,0.010872079,0.84726685,0.0057926117,0.033645313,0.009869146,0.3545265,0.08044423,null,null,null,null,null,null,0.10048032,0.07159858,0.84726685,0.0057926117,"ONEGAUSSIAN_WITH_ELLIPSOIDAL",6,65.4834,0.84726685,0.0057926117,0.18841375,0.05526722,0.5554869,0.07553495,null,null,null,null,null,null
375316653866487564,1156388372144136192,0.63244075,2148.5476228555226,3.9366115697355597,3.2327214E-5,17.04609,0.025308862,0.30052343,0.0043527703,0.052206647,0.0078698,0.4589301,0.055483043,0.79030854,0.0041614412,0.041689243,0.005025984,0.6679654,0.07352843,0.13384463,0.033876486,0.79030854,0.0041614412,"TWOGAUSSIANS_WITH_ELLIPSOIDAL_ON_ECLIPSE2",9,24.946121,0.79030854,0.0041614412,0.23345977,0.02814551,0.9356521,0.026220666,0.2993834,0.003939024,0.2923572,0.044070877,0.72563803,0.053818528
375316653866487564,1156427576605701760,0.49312904,2243.559743734069,1.7468592517730095,3.1110994E-5,15.413491,0.003245485,0.19403793,7.587939E-4,0.008656495,0.0023278468,0.04134999,0.0335698,0.7370974,0.0033887068,0.038404755,0.004172084,0.11377045,0.023706738,0.028148597,0.004323808,0.7370974,0.0033887068,"TWOGAUSSIANS_WITH_ELLIPSOIDAL_ON_ECLIPSE2",9,24.255753,0.7370974,0.0033887068,0.21506663,0.02336367,0.17006761,0.02441596,0.19436793,6.0242956E-4,0.048476376,0.013035942,0.09365579,0.033933062
375316653866487564,1156642359330232192,0.58040786,2224.9292166931864,3.420058451409435,1.091602E-5,13.01341,0.019316232,0.15056476,0.0032001834,0.04585566,0.010945127,0.17766258,0.04726864,0.63722205,0.0366171,0.047866225,0.022801308,0.30342418,0.09714971,0.16170116,0.027251286,0.15056476,0.0032001834,"TWOGAUSSIANS_WITH_ELLIPSOIDAL_ON_ECLIPSE1",9,521.2893,0.63937205,0.03511323,0.26805088,0.12768732,0.62492216,0.10672135,0.15056476,0.0032001834,0.25679168,0.06129271,0.5010633,0.03053385
375316653866487564,1156665277275691648,0.6662608,2207.5767837122153,4.222281017133032,7.99663E-6,17.630249,0.012631669,0.23368925,0.0023090448,0.043199997,0.0064799446,0.43164128,0.026353074,0.7238652,0.008168656,0.0547405,0.004672835,0.49765337,0.0402192,0.16178934,0.018898038,0.23368925,0.0023090448,"TWOGAUSSIANS_WITH_ELLIPSOIDAL_ON_ECLIPSE1",9,8.431847,0.7251752,0.006917686,0.30654678,0.026167875,0.8201571,0.027495377,0.23368925,0.0023090448,0.24192,0.03628769,0.7552126,0.039371766
375316653866487564,1156726781207537664,0.5823883,2200.470979661068,1.1832945360818587,3.760439E-5,17.081963,0.0024187746,0.23582046,0.004872839,0.018696915,0.007352442,0.0192486,0.015483754,0.92510784,0.0060352767,0.014335776,0.0031706283,0.3105407,0.22328885,null,null,null,null,"TWOGAUSSIANS",8,4.196848,0.92510784,0.0060352767,0.08028034,0.017755518,0.3105407,0.22328885,0.23582046,0.004872839,0.10470273,0.041173674,0.0192486,0.015483754
375316653866487564,1156733446996776320,0.5733727,2160.6112320970583,3.4759302831652614,7.550333E-6,13.940761,0.16086157,0.35958052,0.0042302045,0.09990026,0.02010257,0.4016657,0.14928795,0.84596574,0.0064747343,0.123035386,0.039214473,0.36812136,0.15702055,null,null,null,null,"TWOGAUSSIANS",8,162.84303,0.35965052,0.003914303,0.4,0.0,0.34841827,0.025176102,0.84596574,0.0064747343,0.4,0.0,0.31466818,0.031268053
375316653866487564,1156822747956786688,0.5567045,2247.3073059871235,3.265013346853613,1.5164959E-5,15.553994,0.037820462,0.20881982,0.006845112,0.063171536,0.014683385,0.16327211,0.10013267,0.7165597,0.038252927,0.053276174,0.07408965,0.21970548,0.09725304,0.10542513,0.057477534,0.20881982,0.006845112,"TWOGAUSSIANS_WITH_ELLIPSOIDAL_ON_ECLIPSE1",9,221.98758,0.7165597,0.015891422,0.29834658,0.1433329,0.4299898,0.030172933,0.20881982,0.00685699,0.3537606,0.082226954,0.3740547,0.022557504
375316653866487564,1157093399615836160,0.47095636,2164.0747097517883,1.1588941810295004,4.2613017E-5,15.854048,0.0024501344,0.33196744,0.008278719,0.0369803,0.013550201,0.054180082,0.013347608,0.48379487,0.085294455,0.0711583,0.056146123,0.020649333,0.013838692,null,null,null,null,"TWOGAUSSIANS",8,14.285521,0.33363745,0.0062889257,0.20708968,0.07588113,0.056353156,0.014058725,0.48379487,0.085294455,0.39848647,0.14258324,0.020661179,0.013824631
375316653866487564,1157204995750382080,0.5494022,2161.703784500771,4.4347714358336585,3.6834008E-5,18.414562,0.01026759,0.26850438,0.005472487,0.0894917,0.0067427,0.24155267,0.011897324,0.760711,0.007555266,0.06654238,0.011387287,0.21730238,0.028068405,null,null,null,null,"TWOGAUSSIANS",8,2.2175977,0.26850438,0.005472487,0.4,0.0,0.23926307,0.011161202,0.760711,0.007555266,0.37263733,0.04555204,0.2150129,0.029144267
375316653866487564,1157470046772765056,0.54571205,2292.1456213947927,2.0870754008772376,8.2374325E-5,19.587967,0.006144489,0.55397105,0.0019042986,0.05516367,0.001791749,0.48542652,0.0106810685,null,null,null,null,null,null,null,null,null,null,"ONEGAUSSIAN",5,1.540448,0.55397105,0.0019042986,0.30891657,0.010033795,0.48542652,0.0,null,null,null,null,null,null
375316653866487564,1157505677821421696,0.6377948,2140.3765575516404,3.354097558259832,1.0004853E-5,17.297407,0.010367434,0.26779723,0.0036038314,0.04141772,0.008800821,0.20202464,0.01999241,0.76203406,0.0065926253,0.04941482,0.008434567,0.25377882,0.034254104,0.112480365,0.018310096,0.26779723,0.0036038314,"TWOGAUSSIANS_WITH_ELLIPSOIDAL_ON_ECLIPSE1",9,8.75505,0.762874,0.005925392,0.276723,0.047233574,0.47848687,0.026257252,0.26779723,0.0036038314,0.23193923,0.0492846,0.42698455,0.020614509
375316653866487564,1157659648104062976,0.5749331,2192.5126712586443,0.7080273761246236,1.1127991E-4,16.08701,9.128998E-4,0.12266427,0.026049217,0.012383048,0.02279461,0.009219967,1.26370961E13,0.36250553,7.2582887E-4,0.03673738,9.533153E-4,0.1452401,0.0020203784,null,null,null,null,"TWOGAUSSIANS",8,2.4420998,0.36250553,7.2582887E-4,0.20572932,0.005338566,0.1452401,0.0020203784,0.12266427,0.026049217,0.06934507,0.12764981,0.009219967,1.26370961E13
375316653866487564,1157693217568564480,0.56038237,2168.0732440114575,3.740269035677423,1.7962999E-5,17.482874,0.016521629,0.32178846,0.0064253747,0.044821452,0.016138416,0.10249471,0.1489788,0.79656273,0.008677443,0.055374376,0.008059881,0.22753109,0.061884057,0.10766723,0.040634133,0.32178846,0.0064253747,"TWOGAUSSIANS_WITH_ELLIPSOIDAL_ON_ECLIPSE1",9,24.397873,0.80123276,0.0053872443,0.3100965,0.04513533,0.4384841,0.032609742,0.32178846,0.0064253747,0.25100014,0.090375125,0.31782752,0.1400195
375316653866487564,1157707987960408448,0.5707664,2218.6753196498425,4.034693251141294,1.1716232E-5,16.773548,0.06004372,0.22803116,0.0045209504,0.11903562,0.018569395,0.301907,0.055388965,0.73075235,0.0058692056,0.11789534,0.02140166,0.2994634,0.056765463,null,null,null,null,"TWOGAUSSIANS",8,10.952694,0.22802116,0.004519538,0.4,0.0,0.23866285,0.0150921745,0.73076236,0.005882883,0.4,0.0,0.23623392,0.008078175
375316653866487564,1157816053633216640,0.5623911,2135.9052393515694,4.093399003460416,2.4777788E-5,15.532956,0.023543123,0.2883777,0.0036388857,0.08776931,0.018053962,0.3112275,0.056073926,0.7875236,0.00369405,0.08328519,0.0076795598,0.31330836,0.020367596,null,null,null,null,"TWOGAUSSIANS",8,60.219635,0.7875236,0.00369405,0.4,0.0,0.3047247,0.0148955975,0.2883777,0.0036388857,0.4,0.0,0.30264378,0.0648523
375316653866487564,1157875392901321088,0.56149334,2210.2942760322317,0.2485720088953734,1.8792853E-5,15.261276,0.110033855,0.19333102,0.003391672,0.15869847,0.069674544,0.1232223,0.10600429,0.68801737,0.009143611,0.13414074,0.050213087,0.12665229,0.09193418,null,null,null,null,"TWOGAUSSIANS",8,4.9925714,0.68801737,0.009143611,0.4,0.0,0.072399266,0.010841657,0.19353102,0.003057979,0.4,0.0,0.06748409,0.004534918
375316653866487564,1158026300872333696,0.56240344,2140.918371061407,2.288940979612663,1.95857E-5,11.26091,0.09389957,0.20371927,0.0062284386,0.06021999,0.014182175,0.37484026,0.19124961,0.7192682,0.0054714507,0.060234167,0.019949159,0.39727542,0.1880163,0.060945258,0.10310527,0.7192682,0.0054714507,"TWOGAUSSIANS_WITH_ELLIPSOIDAL_ON_ECLIPSE2",9,699.50037,0.7192682,0.0054714507,0.33731133,0.11171529,0.51907074,0.12924643,0.20503926,0.0043826,0.33723193,0.07942018,0.49557388,0.022479065
375316653866487564,1158120068598323712,0.603774,2198.5402000602326,2.8238851688351727,3.1708336E-5,13.609673,0.010869135,0.26508462,0.02270529,0.08004358,0.032763135,0.1330111,0.0121705765,0.7595678,0.004935275,0.083607726,0.0077843866,0.2664272,0.010848713,null,null,null,null,"TWOGAUSSIANS",8,70.48905,0.7595678,0.004935275,0.4,0.0,0.26323333,0.0058651757,0.26508462,0.02270529,0.4,0.05969328,0.12981725,0.0077214716
375316653866487564,1158193456704190208,0.61107343,2193.0367388922728,2.8780172667448083,9.693308E-6,17.546354,0.00896779,0.29700512,0.0038860138,0.085760705,0.0065396493,0.35074916,0.024380961,0.7838312,0.002914107,0.08355325,0.0040638116,0.3169422,0.0107715465,null,null,null,null,"TWOGAUSSIANS",8,3.7738845,0.29700512,0.0038860138,0.4,0.0,0.34399703,0.026033971,0.7838312,0.002914107,0.4,0.0,0.31019005,0.008984995
375316653866487564,1158204829779255552,0.57755566,2223.0398657923656,0.8886774076205262,1.3351966E-4,17.158968,0.0072863977,0.156978,0.07767454,0.02196386,0.01657479,0.2922209,3.3537958,null,null,null,null,null,null,0.0029672207,0.00889354,0.156978,0.07767454,"ONEGAUSSIAN_WITH_ELLIPSOIDAL",6,7.303559,0.156978,0.07767454,0.12299762,0.092818834,0.29815534,3.3658774,null,null,null,null,null,null
375316653866487564,1158300315490083712,0.5444351,2169.1163591109726,2.678164604091519,1.0398458E-5,17.08099,0.0137891285,0.19663909,0.0034090008,0.07145079,0.005658911,0.25717762,0.014382234,0.6956801,0.015092004,0.07474379,0.0088108005,0.29370064,0.044798348,null,null,null,null,"TWOGAUSSIANS",8,19.765316,0.6956801,0.015092004,0.4,0.008852385,0.29214874,0.044341713,0.19663909,0.0034090008,0.4,0.010578519,0.25562572,0.013620583
375316653866487564,1158356738476104832,0.6496763,2200.352290220442,3.640582151733368,1.4187837E-5,14.729713,0.004711774,0.25830397,0.0020551397,0.083963364,0.0019061589,0.51978725,0.009186259,0.75039804,0.004788472,0.08139098,0.0032033678,0.44302666,0.02059865,null,null,null,null,"TWOGAUSSIANS",8,78.89483,0.25830397,0.0020551397,0.4,0.0,0.51120025,0.009046224,0.75039804,0.004788472,0.4,0.0,0.43443966,0.019946042
375316653866487564,1158362304753729280,0.48324254,2128.322031992812,3.5333282000871042,1.2791304E-4,15.314233,0.0075116563,0.40993783,0.010538561,0.014624125,0.013025014,0.19878547,60.972286,0.9045599,0.004561087,0.02259212,0.003868492,0.23628926,0.0966184,0.023123479,0.015612213,0.40993783,0.010538561,"TWOGAUSSIANS_WITH_ELLIPSOIDAL_ON_ECLIPSE1",9,232.51093,0.9045999,0.0045049307,0.12651588,0.021663556,0.28248376,0.09611395,0.40993783,0.010538561,0.0818951,0.072940074,0.24503233,60.973633
375316653866487564,1158398622997198336,0.4973855,2180.6569726657076,3.4976343992447667,2.7317794E-5,18.775537,0.029771732,0.3316953,0.00678539,0.08123436,0.01329559,0.2826529,0.036157906,0.8200722,0.010642827,0.102629475,0.028103352,0.16027212,0.02706514,null,null,null,null,"TWOGAUSSIANS",8,3.420128,0.3316953,0.0067851963,0.4,0.0,0.27423316,0.034041032,0.8200722,0.010642827,0.4,0.0,0.15184979,0.024323402
375316653866487564,1158563549741261440,0.50122654,2173.353670495417,0.3389085213926775,7.682965E-6,16.61125,0.0018995575,0.23262843,0.0025359672,0.030559666,0.006763674,0.01847018,0.003066734,0.6893609,0.0015714526,0.00897287,0.0011156797,0.19309808,0.07092901,null,null,null,null,"TWOGAUSSIANS",8,7.2583556,0.6893609,0.0015714526,0.050248075,0.006247807,0.19309808,0.07092901,0.23262843,0.0025359672,0.17113413,0.037876572,0.01847018,0.003066734
375316653866487564,1158579488364609152,0.46923864,2157.653639043902,0.7470052861600532,3.011035E-5,19.25704,0.016114814,0.091957174,0.007795915,0.03390958,0.0085654445,0.09037082,0.011874716,0.6658721,0.015416245,0.15887305,0.026424157,0.1557797,0.01718317,null,null,null,null,"TWOGAUSSIANS",8,1.9399644,0.6658721,0.015416245,0.4,0.0,0.15262075,0.017956635,0.091097176,0.0070779393,0.18989365,0.047966488,0.09174129,0.012793229
375316653866487564,1158769257199251840,0.551532,2149.233336043725,0.8855645634047884,2.9795841E-5,18.451193,0.0038440845,0.1552532,8.050083E-4,0.011155659,7.8989594E-4,1.3343982,0.52907586,null,null,null,null,null,null,null,null,null,null,"ONEGAUSSIAN",5,3.4638379,0.1552532,8.050083E-4,0.06247169,0.004423417,1.3343982,0.0,null,null,null,null,null,null
375316653866487564,1158820079548015872,0.61105716,2192.878900840526,2.2010660184335356,1.0682381E-5,13.585743,0.015816968,0.13877688,0.013032232,0.080616154,0.017611984,0.20239492,0.019062174,0.6208755,0.0033576959,0.087587,0.0053558117,0.41980246,0.020612212,null,null,null,null,"TWOGAUSSIANS",8,165.86006,0.6208755,0.0033576959,0.4,0.0,0.41466698,0.019465253,0.13877688,0.013032232,0.4,0.0,0.19725956,0.020318495
375316653866487564,1159019670973191168,0.5396441,2201.1163240455376,2.908771214527744,7.2073715E-5,19.6307,0.0063795154,0.11583045,0.023873433,0.040975742,0.011129179,0.47044685,0.13759322,0.60650104,3.587764E-4,0.027181908,7.5717486E-4,0.40554222,0.0074343644,null,null,null,null,"TWOGAUSSIANS",8,1.4342268,0.11583045,0.023873433,0.22946416,0.062323403,0.47044685,0.13759322,0.60650104,3.587764E-4,0.1522187,0.004240179,0.40554222,0.0074343644
375316653866487564,1159263010935272448,0.5030098,2200.6450029289954,1.905853764219374,2.485587E-5,16.393173,0.08327118,0.24043947,0.003043702,0.11869115,0.016813936,0.2941548,0.08408352,0.74234337,0.011194671,0.117194995,0.040384483,0.23679383,0.06963778,null,null,null,null,"TWOGAUSSIANS",8,46.404488,0.24042948,0.00305045,0.4,0.0,0.23937114,0.010447482,0.7423533,0.011218017,0.4,0.0,0.18203984,0.048804082
375316653866487564,1159454910074087424,0.6101998,2141.95893906187,2.7953171272298447,1.48283325E-5,15.334822,0.046761934,0.23652218,0.042082254,0.057120986,0.052518427,0.21517125,0.3872494,0.7345524,0.0054113735,0.06225617,0.01749182,0.24919374,0.09701032,0.10650394,0.05164029,0.7345524,0.0054113735,"TWOGAUSSIANS_WITH_ELLIPSOIDAL_ON_ECLIPSE2",9,77.56671,0.7345524,0.0054113735,0.34863454,0.097954184,0.46211046,0.019202663,0.23612219,0.040950153,0.31987754,0.2941032,0.428062,0.4350146
375316653866487564,1159459823516670592,0.5358233,2236.230194200305,2.452225739690772,1.0123955E-5,15.235471,0.012022177,0.3206623,0.005105577,0.09304407,0.013277414,0.29570934,0.034900587,0.8257731,0.003893572,0.067749254,0.0049590496,0.26509175,0.015874133,null,null,null,null,"TWOGAUSSIANS",8,86.79361,0.3206623,0.005105577,0.4,0.0,0.29169646,0.037849773,0.8257731,0.003893572,0.3793958,0.02777068,0.2610792,0.014753075
375316653866487564,1159463461353793536,0.77142256,2206.974401341976,1.611322366801848,3.0371248E-6,15.785136,0.0066193985,0.28367245,9.3630614E-4,0.06774536,0.002278647,0.20887563,0.019789012,0.7758734,0.0031319074,0.05456663,0.003959038,0.15076308,0.0146803865,0.1728133,0.007816924,0.28367245,9.3630614E-4,"TWOGAUSSIANS_WITH_ELLIPSOIDAL_ON_ECLIPSE1",9,1.8714577,0.28367245,9.3630614E-4,0.379374,0.012760423,0.55427176,0.008967553,0.7786034,0.0016729707,0.30557314,0.022170613,0.49562013,0.0027708386
375316653866487564,1159654673297985664,0.5593937,2169.2732995792926,2.771688609404929,1.6578531E-5,17.100618,0.038436353,0.2911309,0.0038396055,0.10143759,0.015469606,0.2435055,0.033464573,0.8111404,0.008266763,0.11225506,0.019392783,0.21945038,0.036664046,null,null,null,null,"TWOGAUSSIANS",8,6.5127344,0.29110092,0.003782263,0.4,0.0,0.21971497,0.013866902,0.8111504,0.00828022,0.4,0.0,0.19563536,0.017296484
