Gaia/vari_eclipsing_binary/VariEclipsingBinary_465751-465767.csv
# %ECSV 1.0
# ---
# delimiter: ','
# meta: !!omap
# - RELEASE: Gaia DR3
# - TABLE: vari_eclipsing_binary
# - DESCRIPTION: >
#     This table describes the properties of the eclipsing binaries resulting from the variability analysis. 
# - CITATION: >
#     How to cite and acknowledge Gaia: 
#     https://gea.esac.esa.int/archive/documentation/credits.html 
# - KNOWN_ISSUES: >
#     Known issues: 
#     https://www.cosmos.esa.int/web/gaia-users/known-issues 
# - DOCUMENTATION: >
#     Tutorials and documentation: 
#     https://www.cosmos.esa.int/web/gaia-users/archive 
# datatype:
# - 
#   name: solution_id
#   datatype: int64
#   description: Solution Identifier
#   meta:
#     ucd: meta.version
# - 
#   name: source_id
#   datatype: int64
#   description: Unique source identifier
#   meta:
#     ucd: meta.id;meta.main
# - 
#   name: global_ranking
#   datatype: float32
#   description: Number between 0 (worst) and 1 (best)
#   meta:
#     ucd: stat.param
# - 
#   name: reference_time
#   datatype: float64
#   unit: d
#   description: Reference time used for the geometric model fit
#   meta:
#     ucd: time.epoch
# - 
#   name: frequency
#   datatype: float64
#   unit: d**-1
#   description: Frequency of geometric model of the eclipsing binary light curve
#   meta:
#     ucd: src.orbital
# - 
#   name: frequency_error
#   datatype: float32
#   unit: d**-1
#   description: "Uncertainty of \\texttt{frequency}"
#   meta:
#     ucd: stat.error
# - 
#   name: geom_model_reference_level
#   datatype: float32
#   unit: mag
#   description: Magnitude reference level of geometric model
#   meta:
#     ucd: phot.mag;em.opt
# - 
#   name: geom_model_reference_level_error
#   datatype: float32
#   unit: mag
#   description: "Uncertainty of \\texttt{geomModelReferenceLevel}"
#   meta:
#     ucd: stat.error;phot.mag;em.opt
# - 
#   name: geom_model_gaussian1_phase
#   datatype: float32
#   description: Phase of the Gaussian 1 component
#   meta:
#     ucd: time.phase
# - 
#   name: geom_model_gaussian1_phase_error
#   datatype: float32
#   description: "Uncertainty of \\texttt{geomModelGaussian1Phase}"
#   meta:
#     ucd: stat.error;time.phase
# - 
#   name: geom_model_gaussian1_sigma
#   datatype: float32
#   description: "Standard deviation [phase] of Gaussian 1 component"
#   meta:
#     ucd: stat.stdev
# - 
#   name: geom_model_gaussian1_sigma_error
#   datatype: float32
#   description: "Uncertainty of \\texttt{geomModelGaussian1Sigma}"
#   meta:
#     ucd: stat.error
# - 
#   name: geom_model_gaussian1_depth
#   datatype: float32
#   unit: mag
#   description: Magnitude depth of Gaussian 1 component
#   meta:
#     ucd: src.var.amplitude
# - 
#   name: geom_model_gaussian1_depth_error
#   datatype: float32
#   unit: mag
#   description: "Uncertainty of \\texttt{geomModelGaussian1Depth}"
#   meta:
#     ucd: stat.error;src.var.amplitude
# - 
#   name: geom_model_gaussian2_phase
#   datatype: float32
#   description: Phase of Gaussian 2 component
#   meta:
#     ucd: time.phase
# - 
#   name: geom_model_gaussian2_phase_error
#   datatype: float32
#   description: "Uncertainty of \\texttt{geomModelGaussian2Phase}"
#   meta:
#     ucd: stat.error;time.phase
# - 
#   name: geom_model_gaussian2_sigma
#   datatype: float32
[...]
#   datatype: float32
#   description: "Secondary eclipse: uncertainty of \\texttt{derivedSecondaryEclDuration}"
#   meta:
#     ucd: stat.error;time.duration
# - 
#   name: derived_secondary_ecl_depth
#   datatype: float32
#   unit: mag
#   description: "Secondary eclipse: depth"
#   meta:
#     ucd: src.var.amplitude
# - 
#   name: derived_secondary_ecl_depth_error
#   datatype: float32
#   unit: mag
#   description: "Secondary eclipse: uncertainty of \\texttt{derivedSecondaryEclDepth}"
#   meta:
#     ucd: stat.error;src.var.amplitude
solution_id,source_id,global_ranking,reference_time,frequency,frequency_error,geom_model_reference_level,geom_model_reference_level_error,geom_model_gaussian1_phase,geom_model_gaussian1_phase_error,geom_model_gaussian1_sigma,geom_model_gaussian1_sigma_error,geom_model_gaussian1_depth,geom_model_gaussian1_depth_error,geom_model_gaussian2_phase,geom_model_gaussian2_phase_error,geom_model_gaussian2_sigma,geom_model_gaussian2_sigma_error,geom_model_gaussian2_depth,geom_model_gaussian2_depth_error,geom_model_cosine_half_period_amplitude,geom_model_cosine_half_period_amplitude_error,geom_model_cosine_half_period_phase,geom_model_cosine_half_period_phase_error,model_type,num_model_parameters,reduced_chi2,derived_primary_ecl_phase,derived_primary_ecl_phase_error,derived_primary_ecl_duration,derived_primary_ecl_duration_error,derived_primary_ecl_depth,derived_primary_ecl_depth_error,derived_secondary_ecl_phase,derived_secondary_ecl_phase_error,derived_secondary_ecl_duration,derived_secondary_ecl_duration_error,derived_secondary_ecl_depth,derived_secondary_ecl_depth_error
[from data line 75]
375316653866487564,4096799502175171328,0.48291543,2214.4393981829944,3.0814409192456425,3.6023066E-5,18.506302,0.02132253,0.2802784,0.010866708,0.046440225,0.012148182,0.18873324,0.064220175,0.71689373,0.009199723,0.0672969,0.05144702,0.24612515,0.29191634,0.048284613,0.024401652,0.71689373,0.009199723,"TWOGAUSSIANS_WITH_ELLIPSOIDAL_ON_ECLIPSE2",9,8.44515,0.71689373,0.009199723,0.37686265,0.1320737,0.3424569,0.29168263,0.27558842,0.009589154,0.26006526,0.06802982,0.27155578,0.05121332
375316653866487564,4096799536534844032,0.46455336,2246.650321177153,0.3936233252625313,3.7540685E-5,17.845201,0.02887615,0.2440114,0.011642362,0.067082636,0.023082461,0.063451596,0.043215733,0.6790458,0.009299715,0.10091027,0.021006646,0.19681855,0.02566182,null,null,null,null,"TWOGAUSSIANS",8,3.9805095,0.6790458,0.009299715,0.4,0.0,0.19596486,0.022799477,0.24406141,0.011662028,0.37566277,0.103827804,0.06261609,0.040891025
375316653866487564,4096799570962853888,0.4665467,2263.330696912052,2.4255471656827545,8.263609E-5,18.545105,0.60498846,0.28711623,0.0053772517,0.13656805,0.029167231,0.83811814,0.49083465,0.782598,0.006701818,0.19685246,0.09060044,0.84047055,0.57812035,null,null,null,null,"TWOGAUSSIANS",8,4.632981,0.28830624,0.0042787637,0.4,0.0,0.3845562,0.013159304,0.782598,0.006701818,0.4,0.0,0.3220863,0.05474198
375316653866487564,4096799807091617920,0.47543097,2223.94451437874,0.8551980847062739,1.2621899E-4,18.594093,0.018831199,0.4042486,0.107167795,0.13450062,0.11002885,0.20109525,1.051324,0.66729546,0.039022427,0.07940514,0.026870303,0.23449649,0.09190885,null,null,null,null,"TWOGAUSSIANS",8,4.8152676,0.66729546,0.039022427,0.4,0.009872578,0.26306814,0.025071327,0.4085286,0.115120605,0.4,0.06335223,0.20101826,1.0528862
375316653866487564,4096799811412045952,0.61455274,2203.4186067326646,1.9281332704208338,5.9542654E-6,17.28167,0.014567189,0.29666638,0.0030985645,0.056982305,0.015315981,0.119230114,0.040031772,0.8074994,0.0055947737,0.060675025,0.007109187,0.18375768,0.03487752,0.12238591,0.01935765,0.29666638,0.0030985645,"TWOGAUSSIANS_WITH_ELLIPSOIDAL_ON_ECLIPSE1",9,6.306377,0.8074994,0.0055947737,0.33978012,0.039811447,0.42737144,0.007909482,0.29666638,0.0030985645,0.31910092,0.08576949,0.36397615,0.022926828
375316653866487564,4096800017570913536,0.59850025,2225.3576367987757,1.1581777562988245,9.682141E-6,18.304657,0.007482682,0.27886444,0.004029647,0.076788075,0.0036677553,0.44105056,0.023400005,0.7958249,0.005337618,0.07185777,0.0058755986,0.32356766,0.013991612,null,null,null,null,"TWOGAUSSIANS",8,2.0913088,0.27886444,0.004029647,0.4,0.0,0.43925765,0.023404991,0.7958249,0.005337618,0.4,0.014932766,0.32177472,0.014826688
375316653866487564,4096800150664688384,0.56585985,2238.831363422417,0.66704034195444,6.9065277E-6,18.69885,0.0051114853,0.26227176,0.0016219111,0.029022282,0.0024836175,0.64387965,0.056379724,0.7611419,0.10258482,0.037160635,0.037460167,0.07060075,44.480515,null,null,null,null,"TWOGAUSSIANS",8,4.398889,0.26227176,0.0016219111,0.16252477,0.013908258,0.64387965,0.056379724,0.7611419,0.10258482,0.20809956,0.20977694,0.07060075,44.480515
375316653866487564,4096800189368184448,0.47024542,2247.84597240902,0.06038051146752611,1.8190787E-5,18.809832,0.016624348,0.14915445,0.003110121,0.08052393,0.005653213,0.19386005,0.016998831,0.6316474,0.0033424527,0.06010268,0.015160654,0.13463743,0.052772444,null,null,null,null,"TWOGAUSSIANS",8,1.47554,0.14915445,0.003110121,0.4,0.0,0.19348374,0.016643176,0.6316474,0.0033424527,0.336575,0.084899664,0.13426112,0.052964937
375316653866487564,4096800361166766592,0.52039546,2198.2036818447173,2.479106785484559,9.838323E-6,19.347092,0.0077780765,null,null,null,null,null,null,null,null,null,null,null,null,0.1742687,0.008796887,0.27293053,0.00468866,"ELLIPSOIDAL",4,2.0905879,null,null,null,null,null,null,null,null,null,null,null,null
375316653866487564,4096800429886440576,0.4707655,2244.5797865658724,0.06799052377213256,1.7072227E-5,18.971077,0.039710544,0.41274622,0.022921318,0.04231192,0.016927175,0.38275132,0.063171886,0.8480867,0.03309945,0.07566056,0.025764808,0.31356955,0.05247869,null,null,null,null,"TWOGAUSSIANS",8,7.2671747,0.41274622,0.022921318,0.23694676,0.09479219,0.3827445,0.06317719,0.8480867,0.03309945,0.4,0.044475682,0.3135627,0.052420817
375316653866487564,4096800464246467840,0.50235134,2200.683899496891,0.3116228453626078,9.5006886E-5,19.492754,0.025447905,0.26344547,0.012026339,0.089156106,0.017430125,0.26785097,0.040883273,0.7102065,0.00907438,0.10821798,0.011847866,0.31175846,0.027876956,null,null,null,null,"TWOGAUSSIANS",8,1.9014657,0.7102065,0.00907438,0.4,0.0,0.3003579,0.016259626,0.26351544,0.011998603,0.4,0.0,0.2565123,0.03930297
375316653866487564,4096800567325522944,0.53689593,2214.2504920091014,0.6230684363956631,2.8154369E-5,19.204243,0.019581439,0.5276579,0.008316151,0.14447932,0.013321853,0.21213402,0.017259028,0.96967787,0.018657144,0.11685614,0.028543405,0.069889165,0.015101802,null,null,null,null,"TWOGAUSSIANS",8,0.29415885,0.5278279,0.007885651,0.4,0.0,0.18664889,0.004757018,0.96967787,0.018657144,0.4,0.0,0.046439365,0.0114004705
375316653866487564,4096800739123995136,0.45898274,2258.306655113315,0.5232907182773296,4.0808234E-5,18.963089,0.01025761,null,null,null,null,null,null,null,null,null,null,null,null,0.13336994,0.014387053,0.25677565,0.009545924,"ELLIPSOIDAL",4,3.1515632,null,null,null,null,null,null,null,null,null,null,null,null
375316653866487564,4096801392028997632,0.4613479,2228.5327194005813,3.3815556668282234,4.0262592E-5,18.513334,0.01885199,0.4588916,0.0061429744,0.14443716,0.03691934,0.10209168,0.013032993,0.9510533,0.046070643,0.01743783,0.033675656,0.113192596,0.50134283,null,null,null,null,"TWOGAUSSIANS",8,2.3969243,0.9510533,0.046070643,0.097651854,0.18858367,0.112616666,0.50230837,0.4588916,0.0061429744,0.4,0.0,0.10099715,0.011301745
375316653866487564,4096801426388789760,0.49432305,2274.286899834169,2.6620956621484497,2.3786473E-5,18.087185,0.0067120623,null,null,null,null,null,null,null,null,null,null,null,null,0.12430462,0.007876408,0.27866077,0.0054110964,"ELLIPSOIDAL",4,9.157193,null,null,null,null,null,null,null,null,null,null,null,null
375316653866487564,4096801460679462272,0.5000117,2189.386184255131,0.09595410781735361,7.450346E-5,19.14215,0.07871294,0.51079226,0.026502855,0.11477936,0.020693049,0.38095173,0.091723055,0.12969941,0.12024225,0.09937197,0.09089551,0.06266877,0.08292261,null,null,null,null,"TWOGAUSSIANS",8,2.731895,0.51074225,0.02087256,0.4,0.0,0.37617517,0.06377067,0.1385594,0.37155628,0.4,0.0,0.05958546,0.30482218
375316653866487564,4096801529399191040,0.5897199,2250.3792722105622,1.0101824744692627,1.1832942E-5,16.584932,0.049314957,0.23364058,0.0032030616,0.098844856,0.013190438,0.18361595,0.04642326,0.7395428,0.010206173,0.1155249,0.042425424,0.16766013,0.03690313,null,null,null,null,"TWOGAUSSIANS",8,2.5461166,0.23363057,0.0031342958,0.4,0.0,0.16215403,0.0045928247,0.7395428,0.010206173,0.4,0.0,0.14616992,0.017847516
375316653866487564,4096801632478610432,0.49483395,2210.6378092005484,0.5314445121799662,6.755214E-5,19.215553,0.068956524,0.2696508,0.014639702,0.17521241,0.03309657,0.42254624,0.06263895,0.6281141,0.0223004,0.06149416,0.019348186,0.19598436,0.049352393,null,null,null,null,"TWOGAUSSIANS",8,2.4906206,0.2696508,0.014639702,0.4,0.0,0.4029298,0.044476464,0.6281141,0.0223004,0.3443673,0.10834984,0.22900319,0.059601158
375316653866487564,4096801765611302272,0.4785733,2219.4994621104483,0.24875716579177176,3.3399137E-5,19.23176,0.01221413,0.25415832,0.032093428,0.07381548,0.026089553,0.13965371,0.06359363,0.8043324,0.03003029,0.044210207,0.051852,0.14390302,0.03264617,null,null,null,null,"TWOGAUSSIANS",8,1.1003147,0.8043324,0.03003029,0.24757716,0.20852382,0.14389779,0.03230627,0.25415832,0.032093428,0.4,0.11061122,0.1396485,0.063389
375316653866487564,4096801903011489152,0.48117632,2244.3863005472026,0.011330311358872872,1.8708004E-5,18.178762,0.0036188944,0.32675573,0.04962991,0.041270573,0.0163559,0.17642145,0.13098447,0.73005474,0.020509893,0.04466569,0.024689818,0.034017235,0.025886377,null,null,null,null,"TWOGAUSSIANS",8,3.5524025,0.32675573,0.04962991,0.2311152,0.09159304,0.17642145,0.13098443,0.73005474,0.020509893,0.25012788,0.13826297,0.034017235,0.025886385
375316653866487564,4096801976075504768,0.57013154,2204.360291804601,1.973732412904068,1.3318426E-5,18.744879,0.023552578,0.32436624,0.006391908,0.08429721,0.012652243,0.30981436,0.02170615,0.8251034,0.003098379,0.07580027,0.0066067623,0.5742266,0.02528919,null,null,null,null,"TWOGAUSSIANS",8,3.9618547,0.8251034,0.003098379,0.4,0.0,0.56804717,0.024436356,0.32436624,0.006391908,0.4,0.0,0.30363485,0.01736168
375316653866487564,4096802010504302464,0.49926847,2163.4285168906968,2.508222845292489,2.1971207E-5,19.335306,0.14519478,0.18452242,0.0075149774,0.084102124,0.038366646,0.5155725,0.107864566,0.6886612,0.0035898874,0.07510102,0.020937676,0.52521145,0.13474561,null,null,null,null,"TWOGAUSSIANS",8,11.033818,0.6886612,0.003589217,0.4,0.030600373,0.5183105,0.08863574,0.18452242,0.0075149774,0.4,0.031828504,0.5086715,0.052094962
375316653866487564,4096802315329206016,0.5969673,2216.722618061307,1.5140802839786804,4.839782E-6,17.0571,0.008174956,0.21144217,0.0043789395,0.08408602,0.007523568,0.3225196,0.021076862,0.7148822,0.0016299472,0.09262817,0.0042422693,0.23025118,0.0075054863,null,null,null,null,"TWOGAUSSIANS",8,3.3441892,0.21144217,0.0043789395,0.4,0.0,0.31321877,0.024955055,0.7148822,0.0016299472,0.4,0.0,0.22095011,0.0046935235
375316653866487564,4096802354033712384,0.58995366,2218.111537412783,0.8687351159935236,7.895607E-6,16.88861,0.0074009346,0.17992435,0.0012728018,0.074912615,0.0031936613,0.24850993,0.00940399,0.6782316,0.027243648,0.093348846,0.02083962,0.10796024,0.016121628,null,null,null,null,"TWOGAUSSIANS",8,5.544691,0.17992435,0.0012716077,0.4,0.0,0.24492079,0.008741156,0.6782316,0.027243648,0.4,0.0,0.10437097,0.015783485
375316653866487564,4096802491472600960,0.48381644,2207.0780521259417,1.1955570852639918,5.717977E-5,19.074408,0.027803853,0.4267213,0.021200497,0.10155034,0.03560262,0.16567028,0.030255074,0.059432756,0.046020262,0.10375505,0.03797831,0.099014,0.01975496,null,null,null,null,"TWOGAUSSIANS",8,1.956026,0.4263213,0.021502461,0.4,0.0,0.16365643,0.025531273,0.060392756,0.04590692,0.4,0.0,0.09705389,0.013922314
375316653866487564,4096802491540820224,0.48849013,2271.6112314637508,2.0397127182684684,1.927623E-5,18.17442,0.012345365,0.37770036,0.0022226034,0.05718458,0.005307237,0.13364752,0.028314373,0.8136128,0.05240958,0.18563999,0.13953178,0.027877543,0.009922186,null,null,null,null,"TWOGAUSSIANS",8,1.1653563,0.37814036,0.0019473621,0.32023364,0.029720528,0.13141797,0.02750255,0.8136128,0.05240958,0.4,0.04221412,0.023598634,0.0064583984
375316653866487564,4096802796362521984,0.50665385,2267.535963777929,0.3691136773075969,3.840296E-5,17.642794,0.0070322664,0.23446731,0.0014056489,0.029335469,0.0016937805,0.19840598,0.012723267,0.7211532,0.01834145,0.046313807,0.03822812,0.11910312,0.08221503,null,null,null,null,"TWOGAUSSIANS",8,7.192118,0.23446731,0.0014056489,0.16427863,0.009485171,0.19840598,0.012722938,0.7211532,0.01834145,0.2593573,0.15488586,0.11910312,0.08221712
375316653866487564,4096802903857660160,0.45513806,2234.7895399809972,2.5031470138228324,2.278143E-5,15.51224,0.011208967,0.316854,0.0144965,0.07017115,0.015553752,0.16370913,0.021120267,0.80989254,0.018243112,0.08349964,0.026023475,0.09481921,0.026896626,null,null,null,null,"TWOGAUSSIANS",8,11.338638,0.316854,0.0144965,0.39295843,0.04919616,0.16266567,0.02136145,0.80989254,0.018243112,0.4,0.014714012,0.09377574,0.028383816
375316653866487564,4096802938149506304,0.51752305,2220.5086021445563,0.42763878236151454,7.756241E-5,19.861822,0.008900505,0.29023224,0.009358432,0.062213242,0.017232824,0.300682,0.024945738,0.7336976,0.030899758,0.06785479,0.022467555,0.23605992,0.21551728,null,null,null,null,"TWOGAUSSIANS",8,1.7994701,0.29023224,0.009358432,0.34839416,0.09650382,0.300626,0.024982339,0.7336976,0.030899758,0.37998682,0.12216044,0.23600394,0.215579
375316653866487564,4096803109948231424,0.48551953,2170.252965191863,0.4275969977337198,5.9293823E-5,19.668432,0.102789916,0.23168465,0.043535423,0.066489115,0.028643645,0.33354962,0.2354532,0.73475474,0.012068046,0.14686945,0.07617587,0.21896769,0.09640277,null,null,null,null,"TWOGAUSSIANS",8,1.6556008,0.23165464,0.043690093,0.37233904,0.15555197,0.30695534,0.23872544,0.73475474,0.012068046,0.4,0.0,0.19103765,0.030306172
375316653866487564,4096803174319712896,0.50965124,2230.4016953831574,1.7527147180244818,3.639947E-5,18.52549,0.024413073,0.3195555,0.012006583,0.08772585,0.022701344,0.20663661,0.025991771,0.8392667,0.010847908,0.08734147,0.029749436,0.12401672,0.02260008,null,null,null,null,"TWOGAUSSIANS",8,3.2418363,0.3195555,0.012006259,0.4,0.0,0.2027447,0.021418117,0.8392667,0.0108534405,0.4,0.0,0.12012483,0.019033555
375316653866487564,4096803247387639168,0.49045098,2178.8502844599434,0.40620875637343157,1.2713281E-4,19.533787,0.020938694,0.32888392,0.025805766,0.06249097,0.025770692,0.20379248,0.09546571,0.7785289,0.025659679,0.06464115,0.019723017,0.25156915,0.07197354,null,null,null,null,"TWOGAUSSIANS",8,1.809667,0.7785289,0.025659679,0.36199042,0.06977467,0.2515305,0.071932584,0.32888392,0.025805766,0.34994945,0.12147798,0.20375383,0.095504366
375316653866487564,4096803350466779776,0.47343042,2202.2915928776333,1.6733648630585285,1.1036652E-5,19.643692,0.014175498,0.36523178,0.01890066,0.078298345,0.022527233,0.24829559,0.13121812,0.7740774,0.0017524136,0.03010737,0.0016446797,0.87946796,0.13744065,null,null,null,null,"TWOGAUSSIANS",8,3.1734705,0.7740774,0.0017524136,0.16860126,0.009210207,0.879468,0.13743997,0.36523178,0.01890066,0.4,0.061355047,0.24829537,0.13121839
375316653866487564,4096803453546440832,0.5051934,2265.58756714891,2.01169441346119,8.155382E-5,19.716145,0.0094612995,0.3847783,2.6224869E-5,0.015266861,8.7606395E-4,0.2709243,0.0070532565,0.76169723,0.012912181,0.07240114,0.011252075,0.31584394,0.05124479,null,null,null,null,"TWOGAUSSIANS",8,1.5909736,0.76169723,0.012912181,0.4,0.039240643,0.31584394,0.05124479,0.3847783,2.6224869E-5,0.08549442,0.004905958,0.27092472,0.0070543545
375316653866487564,4096803522344573312,0.60248995,2239.786741035029,2.2975773611740267,6.079061E-6,18.554955,0.0065518967,0.5977371,0.0039829034,0.03566472,0.0035533437,0.82503945,0.02780595,0.31168592,0.05907042,0.031184774,0.08739268,0.24067323,0.14113547,null,null,null,null,"TWOGAUSSIANS",8,2.041942,0.5977371,0.0037892566,0.19972242,0.019898726,0.82503945,0.017471643,0.31168592,0.05907042,0.17463474,0.20998096,0.24067323,0.1411899
375316653866487564,4096803694065036800,0.44319183,2275.8573030280063,1.074814088483063,8.23571E-5,19.269808,0.011247491,0.30743068,0.0673332,0.02985156,0.04433396,0.53475493,0.29507482,0.5923445,0.029578863,0.07766036,0.01812845,0.11405733,0.02141803,null,null,null,null,"TWOGAUSSIANS",8,2.7405465,0.3074407,0.06733351,0.16716874,0.22294651,0.53489125,0.29526114,0.5923445,0.029578863,0.4,0.017433321,0.11405733,0.021400763
375316653866487564,4096803694065040128,0.53861016,2284.052913617113,1.193830760731838,2.203391E-5,18.838678,0.034120377,0.36195743,0.0036553894,0.08191479,0.014409265,0.18361412,0.031342708,0.86558545,0.03981321,0.07291144,0.041289046,0.20742683,0.14980868,null,null,null,null,"TWOGAUSSIANS",8,1.3982263,0.86558545,0.03981321,0.4,0.05384794,0.20547158,0.14841701,0.36195743,0.0036330477,0.4,0.0,0.18165886,0.017558105
