Gaia/vari_eclipsing_binary/VariEclipsingBinary_658687-658813.csv
# %ECSV 1.0
# ---
# delimiter: ','
# meta: !!omap
# - RELEASE: Gaia DR3
# - TABLE: vari_eclipsing_binary
# - DESCRIPTION: >
#     This table describes the properties of the eclipsing binaries resulting from the variability analysis. 
# - CITATION: >
#     How to cite and acknowledge Gaia: 
#     https://gea.esac.esa.int/archive/documentation/credits.html 
# - KNOWN_ISSUES: >
#     Known issues: 
#     https://www.cosmos.esa.int/web/gaia-users/known-issues 
# - DOCUMENTATION: >
#     Tutorials and documentation: 
#     https://www.cosmos.esa.int/web/gaia-users/archive 
# datatype:
# - 
#   name: solution_id
#   datatype: int64
#   description: Solution Identifier
#   meta:
#     ucd: meta.version
# - 
#   name: source_id
#   datatype: int64
#   description: Unique source identifier
#   meta:
#     ucd: meta.id;meta.main
# - 
#   name: global_ranking
#   datatype: float32
#   description: Number between 0 (worst) and 1 (best)
#   meta:
#     ucd: stat.param
# - 
#   name: reference_time
#   datatype: float64
#   unit: d
#   description: Reference time used for the geometric model fit
#   meta:
#     ucd: time.epoch
# - 
#   name: frequency
#   datatype: float64
#   unit: d**-1
#   description: Frequency of geometric model of the eclipsing binary light curve
#   meta:
#     ucd: src.orbital
# - 
#   name: frequency_error
#   datatype: float32
#   unit: d**-1
#   description: "Uncertainty of \\texttt{frequency}"
#   meta:
#     ucd: stat.error
# - 
#   name: geom_model_reference_level
#   datatype: float32
#   unit: mag
#   description: Magnitude reference level of geometric model
#   meta:
#     ucd: phot.mag;em.opt
# - 
#   name: geom_model_reference_level_error
#   datatype: float32
#   unit: mag
#   description: "Uncertainty of \\texttt{geomModelReferenceLevel}"
#   meta:
#     ucd: stat.error;phot.mag;em.opt
# - 
#   name: geom_model_gaussian1_phase
#   datatype: float32
#   description: Phase of the Gaussian 1 component
#   meta:
#     ucd: time.phase
# - 
#   name: geom_model_gaussian1_phase_error
#   datatype: float32
#   description: "Uncertainty of \\texttt{geomModelGaussian1Phase}"
#   meta:
#     ucd: stat.error;time.phase
# - 
#   name: geom_model_gaussian1_sigma
#   datatype: float32
#   description: "Standard deviation [phase] of Gaussian 1 component"
#   meta:
#     ucd: stat.stdev
# - 
#   name: geom_model_gaussian1_sigma_error
#   datatype: float32
#   description: "Uncertainty of \\texttt{geomModelGaussian1Sigma}"
#   meta:
#     ucd: stat.error
# - 
#   name: geom_model_gaussian1_depth
#   datatype: float32
#   unit: mag
#   description: Magnitude depth of Gaussian 1 component
#   meta:
#     ucd: src.var.amplitude
# - 
#   name: geom_model_gaussian1_depth_error
#   datatype: float32
#   unit: mag
#   description: "Uncertainty of \\texttt{geomModelGaussian1Depth}"
#   meta:
#     ucd: stat.error;src.var.amplitude
# - 
#   name: geom_model_gaussian2_phase
#   datatype: float32
#   description: Phase of Gaussian 2 component
#   meta:
#     ucd: time.phase
# - 
#   name: geom_model_gaussian2_phase_error
#   datatype: float32
#   description: "Uncertainty of \\texttt{geomModelGaussian2Phase}"
#   meta:
#     ucd: stat.error;time.phase
# - 
#   name: geom_model_gaussian2_sigma
#   datatype: float32
[...]
#   datatype: float32
#   description: "Secondary eclipse: uncertainty of \\texttt{derivedSecondaryEclDuration}"
#   meta:
#     ucd: stat.error;time.duration
# - 
#   name: derived_secondary_ecl_depth
#   datatype: float32
#   unit: mag
#   description: "Secondary eclipse: depth"
#   meta:
#     ucd: src.var.amplitude
# - 
#   name: derived_secondary_ecl_depth_error
#   datatype: float32
#   unit: mag
#   description: "Secondary eclipse: uncertainty of \\texttt{derivedSecondaryEclDepth}"
#   meta:
#     ucd: stat.error;src.var.amplitude
solution_id,source_id,global_ranking,reference_time,frequency,frequency_error,geom_model_reference_level,geom_model_reference_level_error,geom_model_gaussian1_phase,geom_model_gaussian1_phase_error,geom_model_gaussian1_sigma,geom_model_gaussian1_sigma_error,geom_model_gaussian1_depth,geom_model_gaussian1_depth_error,geom_model_gaussian2_phase,geom_model_gaussian2_phase_error,geom_model_gaussian2_sigma,geom_model_gaussian2_sigma_error,geom_model_gaussian2_depth,geom_model_gaussian2_depth_error,geom_model_cosine_half_period_amplitude,geom_model_cosine_half_period_amplitude_error,geom_model_cosine_half_period_phase,geom_model_cosine_half_period_phase_error,model_type,num_model_parameters,reduced_chi2,derived_primary_ecl_phase,derived_primary_ecl_phase_error,derived_primary_ecl_duration,derived_primary_ecl_duration_error,derived_primary_ecl_depth,derived_primary_ecl_depth_error,derived_secondary_ecl_phase,derived_secondary_ecl_phase_error,derived_secondary_ecl_duration,derived_secondary_ecl_duration_error,derived_secondary_ecl_depth,derived_secondary_ecl_depth_error
[from data line 143]
375316653866487564,5794235105099708544,0.54718935,2210.6013252320936,1.1437051702049448,6.048066E-6,17.031475,0.0034490693,0.23706973,0.0018548424,0.05266382,0.0048360503,0.10811167,0.007910231,0.7380415,0.016943926,0.03524918,0.0077350815,0.029007526,0.01566565,0.02938107,0.005174073,0.23706973,0.0018548424,"TWOGAUSSIANS_WITH_ELLIPSOIDAL_ON_ECLIPSE1",9,2.787338,0.23706973,0.0018548424,0.2949174,0.02708188,0.16687243,0.0042886036,0.7380415,0.016205557,0.19739541,0.043316457,0.08776609,0.012913645
375316653866487564,5794237677775734400,0.54764163,2223.3501879500072,3.058552470072257,7.5888806E-6,18.895344,0.013323279,0.2962003,0.0034646357,0.095270686,0.008811206,0.25071993,0.013165651,0.78835475,0.0031891353,0.09188424,0.0056966613,0.25979263,0.014658464,null,null,null,null,"TWOGAUSSIANS",8,1.6029184,0.78835475,0.0031891353,0.4,0.0,0.24694604,0.010057818,0.2962003,0.0034646357,0.4,0.0,0.23787299,0.012519501
375316653866487564,5794238025679092736,0.43347126,2205.2481946990215,0.4286763458380931,4.495914E-5,13.068136,0.002486348,0.4336722,0.026102154,0.020207647,0.06216953,0.0906849,0.06867469,0.91462207,0.010109055,0.006919819,0.005948458,0.06877909,0.36362827,null,null,null,null,"TWOGAUSSIANS",8,7.974139,0.4336722,0.026102154,0.11316282,0.28148544,0.0906849,0.068674706,0.91462207,0.010109055,0.038750987,0.033311363,0.06877909,0.36362827
375316653866487564,5794238094388961792,0.5333138,2219.3731615036677,3.160704798552266,1.5826412E-5,17.957376,0.0151933255,0.26789474,0.0037286994,0.088581406,0.0067740013,0.24092124,0.015238472,0.7719502,0.0061258837,0.104156174,0.010795969,0.22443673,0.015770514,null,null,null,null,"TWOGAUSSIANS",8,5.9178863,0.26789474,0.0037286994,0.4,0.0,0.22581886,0.009731475,0.7719502,0.0061258837,0.4,0.0,0.20932987,0.008314773
375316653866487564,5794243622010814464,0.62757856,2250.94109615255,4.072804717037467,3.0846631E-6,17.852907,0.0077175065,0.18011385,0.002182403,0.047311928,0.0038040087,0.33874732,0.015565938,0.6882161,0.0019026439,0.045428757,0.002301403,0.39233547,0.019651785,0.12519749,0.009489225,0.18011385,0.002182403,"TWOGAUSSIANS_WITH_ELLIPSOIDAL_ON_ECLIPSE1",9,8.860429,0.6882161,0.0019026439,0.25440103,0.012887858,0.6420812,0.01495307,0.18011385,0.002182403,0.2649468,0.021302449,0.58914137,0.008030484
375316653866487564,5794244519660145536,0.48774964,2237.130094747343,2.5477049250022574,3.716853E-5,17.382727,0.044151302,0.23963985,0.0069755297,0.097747765,0.019235311,0.21560922,0.04182248,0.72980314,0.007712885,0.10814266,0.025457598,0.1983106,0.039262276,null,null,null,null,"TWOGAUSSIANS",8,26.393726,0.23964985,0.006987725,0.4,0.0,0.19642362,0.0111228945,0.72980314,0.007712885,0.4,0.0,0.1791162,0.01725847
375316653866487564,5794251116737936768,0.43543082,2231.9529302267874,1.231593598529523,2.2952314E-5,16.788435,0.0076327203,0.15790926,0.019888857,0.036254678,0.017091038,0.07182588,0.019752484,0.6223793,0.0053191134,0.07594945,0.006841254,0.18900691,0.019856356,null,null,null,null,"TWOGAUSSIANS",8,73.34636,0.6223793,0.0053191134,0.4,0.0,0.18900397,0.019856997,0.15790926,0.019888857,0.20302619,0.09570981,0.07182295,0.019754576
375316653866487564,5794252486823297024,0.5666486,2204.5650749331435,4.093501391767628,6.841789E-6,19.535788,0.009539961,0.24861676,0.0056760525,0.070142955,0.004762061,0.5131929,0.02518347,0.73656386,0.0038051184,0.076910496,0.0034917332,0.49036953,0.022982078,null,null,null,null,"TWOGAUSSIANS",8,1.7449573,0.24861676,0.0056760525,0.39280054,0.024428762,0.5108618,0.024895413,0.73656386,0.0038051184,0.4,0.0,0.48803848,0.022827787
375316653866487564,5794254002956049408,0.5110332,2215.302668065845,2.3810411993616785,1.4449243E-5,14.297504,0.07349992,0.2786374,0.0042620623,0.10721379,0.018336914,0.32733816,0.068716615,0.7713703,0.0052310852,0.11369377,0.023237968,0.27481425,0.07157592,null,null,null,null,"TWOGAUSSIANS",8,518.81757,0.27864742,0.004298623,0.4,0.0,0.2846108,0.014095672,0.7713703,0.0052310852,0.4,0.0,0.23206389,0.012833727
375316653866487564,5794257331547463936,0.45729873,2206.6161923821246,1.0920310984889032,2.8318264E-5,18.414238,0.010075811,0.270508,0.020743022,0.021159003,0.018312918,0.28311458,78970.7,0.79248005,0.008548154,0.04261579,0.029415417,0.12153528,0.09532502,0.054155957,0.015878102,0.79248005,0.008548154,"TWOGAUSSIANS_WITH_ELLIPSOIDAL_ON_ECLIPSE2",9,10.983281,0.270798,0.02091202,0.11849041,0.10255235,0.3894021,78970.72,0.79248005,0.008548154,0.23864843,0.16472633,0.22984718,0.09699971
375316653866487564,5794263829841289856,0.4991085,2211.501937281766,0.06702685233171783,1.6906532E-5,16.042048,0.002313094,0.17425157,0.034598164,0.0095560765,0.042057928,0.6271996,0.82908094,0.67801654,0.0021395981,0.022735965,0.0034691172,0.11583319,0.05449863,null,null,null,null,"TWOGAUSSIANS",8,24.387733,0.17425157,0.034598164,0.05351403,0.2355244,0.6271996,0.82908094,0.67801654,0.0021395981,0.12732139,0.019427057,0.11583319,0.05449863
375316653866487564,5794264620115303296,0.5704918,2213.571913391466,0.5988332169223425,3.2601167E-6,14.616935,0.003183265,0.66326916,7.6291E-4,0.025521912,6.4332125E-4,0.32225952,0.007742946,null,null,null,null,null,null,0.008831895,0.002347725,0.66326916,7.6291E-4,"ONEGAUSSIAN_WITH_ELLIPSOIDAL",6,71.2095,0.66326916,7.6291E-4,0.1429227,0.003602599,0.3399233,0.007288378,null,null,null,null,null,null
375316653866487564,5794264856329728384,0.55730516,2184.36948277843,4.013674158849756,5.5781165E-6,19.117609,0.007007377,0.2874055,0.0019131372,0.05894019,0.005531565,0.6200548,0.07039315,0.7850336,0.002775477,0.07203161,0.0024884625,0.41914433,0.012140029,null,null,null,null,"TWOGAUSSIANS",8,2.6171668,0.2874055,0.0019131372,0.33006507,0.030976763,0.61942154,0.070824645,0.7850336,0.002775477,0.4,0.0017833279,0.41851112,0.012080888
375316653866487564,5794265990201301120,0.5071356,2227.337360914142,2.562499963734693,2.1788472E-5,18.214487,0.012026396,0.25391385,0.0029972515,0.095488496,0.007583088,0.1755822,0.011142599,0.7499678,0.007081866,0.09271281,0.011771829,0.18036577,0.009958307,null,null,null,null,"TWOGAUSSIANS",8,2.7353833,0.7499678,0.007081866,0.4,0.0,0.17049773,0.005096783,0.25391385,0.0029972515,0.4,0.0,0.16571392,0.0057942625
375316653866487564,5794266230719481088,0.5934142,2211.444511725506,0.31347699066899404,8.2091365E-6,17.184643,0.001369149,0.20673594,0.010232814,0.010020003,0.010489154,0.38749942,0.16588159,0.7099514,0.001658372,0.0137914475,0.0011228987,0.27247253,0.040335,null,null,null,null,"TWOGAUSSIANS",8,4.0679016,0.20673594,0.010232814,0.056112014,0.058739264,0.38749942,0.16588159,0.7099514,0.001658372,0.07723211,0.0062882323,0.27247253,0.040335
375316653866487564,5794266578620409088,0.5907762,2214.7262145713094,2.8073711865419027,6.0792277E-6,16.86319,0.005406903,0.2566268,0.0020317992,0.08039908,0.0023954671,0.338277,0.0062806504,0.74789315,0.002416515,0.07616447,0.002768179,0.3844793,0.007918925,null,null,null,null,"TWOGAUSSIANS",8,9.936744,0.74789315,0.002416515,0.4,0.0,0.38081256,0.007663584,0.2566268,0.0020317992,0.4,0.0,0.33461025,0.0058039865
375316653866487564,5794278741968189696,0.49606338,2215.2026025719165,2.2019240137082963,2.4757708E-5,16.848253,0.0017500387,0.25227606,0.0065976125,0.07036345,0.008040514,0.05630064,0.0055864784,0.736799,0.007509791,0.067245714,0.013711668,0.02875692,0.004723429,null,null,null,null,"TWOGAUSSIANS",8,1.8458393,0.25227606,0.0065976125,0.3940353,0.03030658,0.056228146,0.005608627,0.736799,0.007509791,0.37657598,0.054928295,0.028684424,0.0048433957
375316653866487564,5794279807120808448,0.4494592,2250.1573431199877,3.0882159195122214,2.1593563E-5,19.004858,0.8025395,0.2836825,0.006643131,0.08514793,0.018018289,0.6142459,0.20765023,0.7648495,0.024241552,0.1917303,0.23623858,0.33006397,0.7809612,null,null,null,null,"TWOGAUSSIANS",8,14.179476,0.2844925,0.0057398155,0.4,0.0,0.5170849,0.044295065,0.7648495,0.024241552,0.4,0.0,0.21023831,0.044545136
375316653866487564,5794280352574958720,0.5471007,2266.9843357197483,3.5289481938684837,9.466018E-6,18.726955,0.00975842,0.2670503,0.0043573556,0.07998521,0.004931432,0.37172064,0.013256826,0.77078,0.0033254658,0.07653179,0.004200549,0.3940051,0.0124555575,null,null,null,null,"TWOGAUSSIANS",8,3.011317,0.77078,0.0033254658,0.4,0.0,0.38969675,0.012213258,0.2670503,0.0043573556,0.4,0.0,0.36741227,0.012489861
375316653866487564,5794280391229234560,0.61661816,2263.7913498982994,1.072950741588532,5.268267E-6,14.873317,0.013050335,0.22314899,0.0016596707,0.061271824,0.0034373293,0.30710715,0.026753448,0.7262029,0.0034129592,0.05609121,0.03308942,0.019649185,0.026676336,0.06618616,0.014521106,0.7262029,0.0034129592,"TWOGAUSSIANS_WITH_ELLIPSOIDAL_ON_ECLIPSE2",9,43.950897,0.22349899,0.0013173083,0.3431222,0.019249044,0.43937528,0.012450518,0.7262029,0.0034129592,0.3141108,0.16984087,0.15196052,0.0052159363
375316653866487564,5794282620317710592,0.5006526,2245.6057199769093,2.7637517363214417,1.2451516E-5,18.037498,0.03385569,0.28981027,0.003064613,0.118902825,0.018700557,0.19178706,0.029300101,0.7861031,0.0055007935,0.10157335,0.016995378,0.17940392,0.03160101,null,null,null,null,"TWOGAUSSIANS",8,3.1183026,0.28981027,0.0030651449,0.4,0.0,0.16452196,0.00987457,0.7861031,0.0055007935,0.4,0.0,0.15219276,0.00891037
375316653866487564,5794285059859626496,0.44495577,2276.9370553967456,2.9931710767731037,1.1296717E-4,19.026075,0.014437774,0.08867953,0.007920793,0.034757867,0.0069093932,0.23527814,0.045862928,0.58510387,0.010035071,0.042417545,0.016646316,0.21623433,0.021658784,null,null,null,null,"TWOGAUSSIANS",8,14.272801,0.08867953,0.007920793,0.19464405,0.038692605,0.23527814,0.045862935,0.58510387,0.010035071,0.23753826,0.09321937,0.21623433,0.021658793
375316653866487564,5794286129311950592,0.60551697,2222.718541346902,1.6127875333466835,2.2038373E-6,17.057476,0.0021126168,0.27592853,0.002180756,0.03552846,0.002559745,0.061079063,0.006136806,0.773555,5.788801E-4,0.039600726,8.611932E-4,0.2882702,0.007815227,0.021524359,0.0030905386,0.27592853,0.002180756,"TWOGAUSSIANS_WITH_ELLIPSOIDAL_ON_ECLIPSE1",9,2.65263,0.773595,5.574987E-4,0.22176406,0.004822682,0.3313095,0.007773103,0.27592853,0.002180756,0.19895937,0.014334572,0.104127765,0.0035623438
375316653866487564,5794289973301451264,0.5164202,2210.5018476887108,3.0972841514205145,1.0808896E-5,17.658842,0.014078474,0.29420516,0.0027285463,0.08473748,0.0046104616,0.36905035,0.018643571,0.7913879,0.0026870184,0.0895235,0.0043994766,0.37852675,0.016117709,null,null,null,null,"TWOGAUSSIANS",8,22.564754,0.7913879,0.0026870184,0.4,0.0,0.36689338,0.013856185,0.29420516,0.0027285463,0.4,0.0,0.35741708,0.01750262
375316653866487564,5794302102289681664,0.6410573,2242.7518636778254,0.7246536640363821,3.7084487E-6,17.144625,0.0019016651,0.19648391,0.0044227713,0.03306935,0.0040175975,0.107343495,0.008454859,0.6991941,0.0015125509,0.030824281,0.0015165557,0.7587545,0.030911881,0.012574276,0.005113128,0.19648391,0.0044227713,"TWOGAUSSIANS_WITH_ELLIPSOIDAL_ON_ECLIPSE1",9,5.891478,0.6991941,0.0015125509,0.17261598,0.008492712,0.78389573,0.031093199,0.19648391,0.0044227713,0.18518837,0.022498544,0.13249205,0.007412998
375316653866487564,5794308321397861504,0.5931729,2197.5587493438607,3.2994971372333444,4.2709903E-6,18.668232,0.009144004,0.24148594,0.0018932988,0.050083056,0.0035659515,0.44125113,0.027888203,0.7422633,0.0019632375,0.047274265,0.0028746172,0.41023636,0.026743647,0.120074034,0.013620544,0.24148594,0.0018932988,"TWOGAUSSIANS_WITH_ELLIPSOIDAL_ON_ECLIPSE1",9,3.6275458,0.24148594,0.0018932988,0.28046513,0.01996933,0.68139714,0.022727827,0.7422633,0.001913909,0.26473588,0.016097857,0.6503767,0.019916244
375316653866487564,5794310902681758848,0.5983411,2207.1889057590197,0.21929636698881982,2.4336061E-5,11.908681,0.0065601612,0.28115013,0.0035715383,0.037734617,0.0046931016,0.63298273,0.015615424,0.8259702,0.0066926926,0.016865881,0.006049211,0.0855153,0.016914418,0.03115974,0.008186819,0.28115013,0.0035715383,"TWOGAUSSIANS_WITH_ELLIPSOIDAL_ON_ECLIPSE1",9,1641.2267,0.28115013,0.0035715383,0.21131384,0.02628137,0.6953021,0.011237729,0.8259702,0.0066926926,0.09444894,0.03387558,0.14302173,0.012983147
375316653866487564,5794312689388102016,0.42772257,2204.694371297658,1.1222836818120296,3.876106E-5,16.277424,0.0068719834,0.18865006,0.007215371,0.05446791,0.008351081,0.14280489,0.024305193,0.68656635,0.011455265,0.021666128,0.006644497,0.05938883,0.015956704,0.0063316687,0.009605128,0.18865006,0.007215371,"TWOGAUSSIANS_WITH_ELLIPSOIDAL_ON_ECLIPSE1",9,127.81571,0.18865006,0.007215371,0.3050203,0.046766054,0.1554644,0.024325382,0.6865864,0.011409086,0.12133031,0.037209183,0.07204618,0.012969147
375316653866487564,5794316056642540032,0.519109,2227.628548745407,3.498060885586256,1.0734781E-5,17.390465,0.017815229,0.28227293,0.00543689,0.10524866,0.01149802,0.20782174,0.01725498,0.763324,0.0028292334,0.101224184,0.00842515,0.2223353,0.016489748,null,null,null,null,"TWOGAUSSIANS",8,9.916936,0.763324,0.0028292334,0.4,0.0,0.20409724,0.00862051,0.28228292,0.005442618,0.4,0.0,0.18957976,0.010922252
375316653866487564,5794321068860857728,0.43676552,2243.2441638825885,1.1677378613187837,4.191571E-5,18.046305,0.0047332253,0.28499785,0.016427414,0.07052372,0.030685363,0.08449951,0.033460174,0.79543626,0.009954601,0.029302426,0.0080422405,0.16040032,0.04264408,null,null,null,null,"TWOGAUSSIANS",8,10.502066,0.79543626,0.009954601,0.16409358,0.045036547,0.16039993,0.042644445,0.28499785,0.016427414,0.3949328,0.09598917,0.08449911,0.033476453
375316653866487564,5794324715296671744,0.6389809,2224.9590715339423,0.8958768738571811,2.6127034E-5,14.659729,0.0011126614,0.18980198,0.0033498113,0.026556594,0.0036506432,0.043355692,0.010216136,0.6668649,0.0043584676,0.015247881,0.0121060945,0.30478942,0.7287531,0.012488153,0.0013927678,0.6668649,0.0043584676,"TWOGAUSSIANS_WITH_ELLIPSOIDAL_ON_ECLIPSE2",9,11.567514,0.6668649,0.0043584676,0.08538814,0.06779413,0.32976574,0.72890216,0.18910198,0.0031492717,0.14871693,0.020443602,0.06783252,0.010236452
375316653866487564,5794325986607180288,0.500701,2239.7450377280325,2.6577784199762293,1.3676766E-5,16.493422,0.019643463,0.25981086,0.0059061884,0.088489264,0.008688562,0.35945365,0.021798387,0.75858,0.004715709,0.094990805,0.008063246,0.3629153,0.019383386,null,null,null,null,"TWOGAUSSIANS",8,101.45598,0.75858,0.004715709,0.4,0.0,0.34561664,0.01469629,0.25981086,0.0059061884,0.4,0.0,0.3421556,0.016770229
375316653866487564,5794328559284472064,0.5836412,2288.3054438920094,3.395710030201769,1.0822215E-5,18.801453,0.0032767046,0.26574215,0.00227139,0.07090556,0.0018773918,0.48634216,0.010948293,0.75760156,0.003007649,0.074432805,0.0028587102,0.5068835,0.013245078,null,null,null,null,"TWOGAUSSIANS",8,2.575003,0.75760156,0.003007649,0.4,0.0,0.50468206,0.013372417,0.26574215,0.00227139,0.39707112,0.00951709,0.48414072,0.010969372
375316653866487564,5794330556452217472,0.5514037,2216.2680868809125,2.4572136716491744,9.503467E-6,16.482336,0.012666158,0.2612796,0.0026405645,0.10460049,0.006422099,0.24945857,0.0117972735,0.7608945,0.003227765,0.10068522,0.005852019,0.26243544,0.013096761,null,null,null,null,"TWOGAUSSIANS",8,15.998977,0.7608945,0.003227765,0.4,0.0,0.23622778,0.0078848805,0.2612796,0.0026405645,0.4,0.0,0.22324777,0.0073241214
375316653866487564,5794331346726214272,0.58054894,2219.792720084083,3.1809731173123295,8.734175E-6,16.714502,0.010820151,0.26246354,0.004662857,0.044786945,0.008191439,0.11225394,0.03673767,0.7519859,0.004564192,0.052029636,0.0064323884,0.20818296,0.022057034,0.09638254,0.013140075,0.26246354,0.004662857,"TWOGAUSSIANS_WITH_ELLIPSOIDAL_ON_ECLIPSE1",9,25.36399,0.7537159,0.003446452,0.29136598,0.036021374,0.4002489,0.012056991,0.26246354,0.004662857,0.2508069,0.04587206,0.30501667,0.028475074
