Gaia/vari_eclipsing_binary/VariEclipsingBinary_676146-676198.csv
# %ECSV 1.0
# ---
# delimiter: ','
# meta: !!omap
# - RELEASE: Gaia DR3
# - TABLE: vari_eclipsing_binary
# - DESCRIPTION: >
#     This table describes the properties of the eclipsing binaries resulting from the variability analysis. 
# - CITATION: >
#     How to cite and acknowledge Gaia: 
#     https://gea.esac.esa.int/archive/documentation/credits.html 
# - KNOWN_ISSUES: >
#     Known issues: 
#     https://www.cosmos.esa.int/web/gaia-users/known-issues 
# - DOCUMENTATION: >
#     Tutorials and documentation: 
#     https://www.cosmos.esa.int/web/gaia-users/archive 
# datatype:
# - 
#   name: solution_id
#   datatype: int64
#   description: Solution Identifier
#   meta:
#     ucd: meta.version
# - 
#   name: source_id
#   datatype: int64
#   description: Unique source identifier
#   meta:
#     ucd: meta.id;meta.main
# - 
#   name: global_ranking
#   datatype: float32
#   description: Number between 0 (worst) and 1 (best)
#   meta:
#     ucd: stat.param
# - 
#   name: reference_time
#   datatype: float64
#   unit: d
#   description: Reference time used for the geometric model fit
#   meta:
#     ucd: time.epoch
# - 
#   name: frequency
#   datatype: float64
#   unit: d**-1
#   description: Frequency of geometric model of the eclipsing binary light curve
#   meta:
#     ucd: src.orbital
# - 
#   name: frequency_error
#   datatype: float32
#   unit: d**-1
#   description: "Uncertainty of \\texttt{frequency}"
#   meta:
#     ucd: stat.error
# - 
#   name: geom_model_reference_level
#   datatype: float32
#   unit: mag
#   description: Magnitude reference level of geometric model
#   meta:
#     ucd: phot.mag;em.opt
# - 
#   name: geom_model_reference_level_error
#   datatype: float32
#   unit: mag
#   description: "Uncertainty of \\texttt{geomModelReferenceLevel}"
#   meta:
#     ucd: stat.error;phot.mag;em.opt
# - 
#   name: geom_model_gaussian1_phase
#   datatype: float32
#   description: Phase of the Gaussian 1 component
#   meta:
#     ucd: time.phase
# - 
#   name: geom_model_gaussian1_phase_error
#   datatype: float32
#   description: "Uncertainty of \\texttt{geomModelGaussian1Phase}"
#   meta:
#     ucd: stat.error;time.phase
# - 
#   name: geom_model_gaussian1_sigma
#   datatype: float32
#   description: "Standard deviation [phase] of Gaussian 1 component"
#   meta:
#     ucd: stat.stdev
# - 
#   name: geom_model_gaussian1_sigma_error
#   datatype: float32
#   description: "Uncertainty of \\texttt{geomModelGaussian1Sigma}"
#   meta:
#     ucd: stat.error
# - 
#   name: geom_model_gaussian1_depth
#   datatype: float32
#   unit: mag
#   description: Magnitude depth of Gaussian 1 component
#   meta:
#     ucd: src.var.amplitude
# - 
#   name: geom_model_gaussian1_depth_error
#   datatype: float32
#   unit: mag
#   description: "Uncertainty of \\texttt{geomModelGaussian1Depth}"
#   meta:
#     ucd: stat.error;src.var.amplitude
# - 
#   name: geom_model_gaussian2_phase
#   datatype: float32
#   description: Phase of Gaussian 2 component
#   meta:
#     ucd: time.phase
# - 
#   name: geom_model_gaussian2_phase_error
#   datatype: float32
#   description: "Uncertainty of \\texttt{geomModelGaussian2Phase}"
#   meta:
#     ucd: stat.error;time.phase
# - 
#   name: geom_model_gaussian2_sigma
#   datatype: float32
[...]
#   datatype: float32
#   description: "Secondary eclipse: uncertainty of \\texttt{derivedSecondaryEclDuration}"
#   meta:
#     ucd: stat.error;time.duration
# - 
#   name: derived_secondary_ecl_depth
#   datatype: float32
#   unit: mag
#   description: "Secondary eclipse: depth"
#   meta:
#     ucd: src.var.amplitude
# - 
#   name: derived_secondary_ecl_depth_error
#   datatype: float32
#   unit: mag
#   description: "Secondary eclipse: uncertainty of \\texttt{derivedSecondaryEclDepth}"
#   meta:
#     ucd: stat.error;src.var.amplitude
solution_id,source_id,global_ranking,reference_time,frequency,frequency_error,geom_model_reference_level,geom_model_reference_level_error,geom_model_gaussian1_phase,geom_model_gaussian1_phase_error,geom_model_gaussian1_sigma,geom_model_gaussian1_sigma_error,geom_model_gaussian1_depth,geom_model_gaussian1_depth_error,geom_model_gaussian2_phase,geom_model_gaussian2_phase_error,geom_model_gaussian2_sigma,geom_model_gaussian2_sigma_error,geom_model_gaussian2_depth,geom_model_gaussian2_depth_error,geom_model_cosine_half_period_amplitude,geom_model_cosine_half_period_amplitude_error,geom_model_cosine_half_period_phase,geom_model_cosine_half_period_phase_error,model_type,num_model_parameters,reduced_chi2,derived_primary_ecl_phase,derived_primary_ecl_phase_error,derived_primary_ecl_duration,derived_primary_ecl_duration_error,derived_primary_ecl_depth,derived_primary_ecl_depth_error,derived_secondary_ecl_phase,derived_secondary_ecl_phase_error,derived_secondary_ecl_duration,derived_secondary_ecl_duration_error,derived_secondary_ecl_depth,derived_secondary_ecl_depth_error
[from data line 183]
375316653866487564,5947578150661053568,0.4428089,2375.8966299675553,2.484942159156948,2.434515E-4,19.4358,0.19058548,0.12588692,0.12688227,0.13754687,0.055541277,0.18154226,0.089551024,0.50642544,0.047672525,0.14219807,0.13656098,0.2863504,0.17580919,null,null,null,null,"TWOGAUSSIANS",8,5.2525587,0.50642544,0.047672525,0.4,0.0,0.25110495,0.050510496,0.1483269,0.0975352,0.4,0.0,0.15196416,0.061681326
375316653866487564,5947578253741807232,0.4900357,2368.8924650944,2.8039650397921716,5.193495E-5,19.572138,0.017506909,0.20064154,0.020584201,0.068646364,0.018661408,0.17353992,0.093587436,0.6784665,0.021509377,0.040968016,0.038010195,1.107894,1.535629,null,null,null,null,"TWOGAUSSIANS",8,3.4643354,0.6784665,0.021509377,0.22942089,0.21285708,1.1078862,1.5362554,0.20064154,0.020584201,0.38441965,0.09169778,0.17353222,0.09356797
375316653866487564,5947578867932638080,0.6082981,2352.3623508255723,3.836711578286305,1.735104E-5,17.478886,0.0062186304,0.20222911,0.002117972,0.074451834,0.0023322005,0.48048106,0.0067309593,0.7018264,0.0039570485,0.07349003,0.003769706,0.53392905,0.01995159,null,null,null,null,"TWOGAUSSIANS",8,9.947823,0.7018264,0.0039570485,0.4,0.0,0.5306097,0.019998373,0.20222911,0.002117972,0.4,0.0,0.47716177,0.006137381
375316653866487564,5947579348962971648,0.50804186,2311.316607021143,0.3613969962494478,3.3771666E-5,16.997297,0.3272644,0.4839475,0.019995362,0.20936437,0.08180833,0.57744443,0.2980418,0.88229,0.024258811,0.07957749,0.021156853,0.18099838,0.06621109,null,null,null,null,"TWOGAUSSIANS",8,55.89732,0.4839475,0.01998258,0.4,0.0,0.47554147,0.034403276,0.88229,0.024258811,0.4,0.00956778,0.18287809,0.02622182
375316653866487564,5947579383322719104,0.5806565,2324.8349516529192,3.2272245006524316,4.967267E-6,17.487804,0.009026758,0.29936665,0.0020833588,0.094176374,0.0039242324,0.22697262,0.009924783,0.79173446,0.0019253283,0.09080997,0.0052358718,0.22388777,0.007861372,null,null,null,null,"TWOGAUSSIANS",8,2.3940046,0.29936665,0.0020833588,0.4,0.0,0.2165299,0.0073403683,0.79173446,0.0019253283,0.4,0.0,0.2134453,0.006474972
375316653866487564,5947580173596564736,0.5326319,2340.6018575355592,2.6014722268646286,4.038517E-5,18.090252,0.0051563485,0.36101615,0.08532324,0.04608736,0.0820873,0.058126554,1.2678419,0.72184104,8.223223E-4,0.029628666,0.0016365902,0.5105276,0.045858826,0.041024074,0.006118143,0.72184104,8.223223E-4,"TWOGAUSSIANS_WITH_ELLIPSOIDAL_ON_ECLIPSE2",9,8.074495,0.72184104,8.223223E-4,0.16592053,0.009164905,0.59257567,0.049324412,0.34023613,0.10246993,0.2580892,0.18747656,0.096933596,1.2604885
375316653866487564,5947580173596571776,0.5248007,2338.924948069492,3.7191304263472733,1.3437546E-5,15.28876,0.10323751,0.28008816,0.0037026783,0.16110305,0.01333926,0.7988386,0.15208183,0.7751898,0.0038240831,0.26778445,0.028434535,1.2195435,0.105741546,null,null,null,null,"TWOGAUSSIANS",8,29.567488,0.7751898,0.0038240831,0.4,0.0,0.19564547,0.0065917945,0.28461817,0.0040265387,0.4,0.0,0.18676323,0.007676075
375316653866487564,5947580207956747648,0.46259055,2326.1266692171257,0.1157646800315232,1.8302746E-5,18.071503,0.0033609197,0.18777527,0.051109076,0.06304862,0.04221269,0.054047905,0.011413652,0.673273,0.007059512,0.052204497,0.006882581,0.15156677,0.0367794,null,null,null,null,"TWOGAUSSIANS",8,4.3709145,0.673273,0.007059512,0.29234517,0.038542453,0.15155877,0.036786467,0.18777527,0.051109076,0.3530723,0.21263182,0.0540399,0.011409966
375316653866487564,5947582136406817408,0.51108253,2319.6733272817455,2.853400298033356,1.02485055E-5,15.495936,0.11923824,0.2660795,0.007256092,0.10161107,0.032040704,0.32882077,0.10436678,0.7658644,0.0053462423,0.11849283,0.03193383,0.29927093,0.115463234,null,null,null,null,"TWOGAUSSIANS",8,92.61778,0.2660795,0.007430238,0.4,0.0,0.28187233,0.03381411,0.7658644,0.0053462423,0.4,0.0,0.2522447,0.021963289
375316653866487564,5947584575948217088,0.4344124,2288.1402822434748,2.9089259482493484,5.279418E-5,16.490799,0.020070752,0.2884385,0.010655491,0.0959393,0.018491453,0.15061012,0.020730283,0.8195338,0.018495472,0.09098896,0.025211474,0.11251175,0.022424797,null,null,null,null,"TWOGAUSSIANS",8,57.255493,0.2884385,0.010654565,0.4,0.0,0.14599952,0.015218123,0.8195338,0.018487968,0.4,0.0,0.10790197,0.0160311
375316653866487564,5947584713371474688,0.5598201,2304.187385651999,3.663445106321648,1.1938905E-5,18.7898,0.006971847,0.2765104,0.015998576,0.0807225,0.012399053,0.21752761,0.0663675,0.7915553,0.0029307916,0.088569775,0.0045647644,0.28669128,0.009962959,null,null,null,null,"TWOGAUSSIANS",8,1.6808419,0.7915553,0.0029307916,0.4,0.0,0.2817853,0.00988853,0.2765104,0.015998576,0.4,0.0,0.21262175,0.06733526
375316653866487564,5947585469306333184,0.47486115,2271.106359082694,1.6453183219607654,4.530969E-5,16.242868,0.0048121437,0.22544207,0.013823101,0.09417761,0.026725532,0.060243543,0.007866252,0.75034195,0.01030265,0.068799414,0.01076369,0.07238502,0.013905098,null,null,null,null,"TWOGAUSSIANS",8,7.0417027,0.75034195,0.01030265,0.3852767,0.059078094,0.071668155,0.014115262,0.22544207,0.013823101,0.4,0.01361565,0.05952649,0.008090412
375316653866487564,5947586465733870336,0.56913465,2331.8803069938626,3.4040900853454588,8.981931E-6,16.205254,0.019550681,0.3313034,0.0035454696,0.05030177,0.009900454,0.16472976,0.038048223,0.82207507,0.0059930934,0.055255156,0.0071596815,0.17836244,0.045268398,0.09505854,0.021857029,0.3313034,0.0035454696,"TWOGAUSSIANS_WITH_ELLIPSOIDAL_ON_ECLIPSE1",9,34.581825,0.8239651,0.004700753,0.30942887,0.040094215,0.36796725,0.019506019,0.3313034,0.0035454696,0.2816899,0.055442546,0.35484275,0.0125737265
375316653866487564,5947586564508336256,0.48395205,2318.497884985177,3.9182167270649253,4.1718242E-5,18.83023,0.11394472,0.24238673,0.01231989,0.116905674,0.037333906,0.36694637,0.11078296,0.70570236,0.007823709,0.10493751,0.020056369,0.38388875,0.10968227,null,null,null,null,"TWOGAUSSIANS",8,8.851465,0.70570236,0.007823709,0.4,0.0,0.3439407,0.034030598,0.24241674,0.012176801,0.4,0.0,0.3268693,0.024184966
375316653866487564,5947586633228005888,0.69143915,2315.2622612185296,0.25310182247229474,7.501018E-6,18.27285,0.0033764427,0.17528364,0.0028526932,0.021781681,0.0033239601,0.107800394,0.0088785915,0.6736571,8.1732863E-4,0.020560378,5.3464813E-4,2.0135398,0.02996237,0.026325036,0.004938286,0.17528364,0.0028526932,"TWOGAUSSIANS_WITH_ELLIPSOIDAL_ON_ECLIPSE1",9,3.452632,0.6736571,8.1732863E-4,0.11513812,0.0029940298,2.0661843,0.028123219,0.17528364,0.0028526932,0.12197741,0.018614177,0.16045043,0.008348554
375316653866487564,5947587801458531840,0.51728594,2370.5304836153077,1.1152356736593698,1.4758349E-5,16.983883,0.002962465,0.2288892,0.0034479843,0.064724684,0.003977284,0.16297098,0.009483015,0.7007543,0.026041808,0.07958613,0.012463471,0.054517988,0.014226909,null,null,null,null,"TWOGAUSSIANS",8,6.5345426,0.2288892,0.0034479843,0.36245823,0.02227279,0.16275568,0.009516926,0.7007543,0.026041808,0.4,0.0,0.05430269,0.014169362
375316653866487564,5947588252440314624,0.5623517,2269.3568989621367,3.554853549354393,2.3962575E-5,19.47125,0.01198169,0.26531515,0.00940397,0.078618854,0.007171847,0.42160985,0.027330337,0.76540285,0.005716927,0.071302466,0.0074293856,0.54308766,0.051214103,null,null,null,null,"TWOGAUSSIANS",8,2.1235428,0.76540285,0.005716927,0.3992938,0.015976546,0.5394488,0.052723568,0.26531515,0.00940397,0.4,0.0,0.417971,0.026727345
375316653866487564,5947588557373338624,0.57154304,2285.307351274873,2.1568077484147423,1.2361748E-5,17.878479,0.009117986,0.24150074,0.003403634,0.09706642,0.006311197,0.21875848,0.008934287,0.7337767,0.0053797914,0.08688702,0.009887682,0.21925472,0.018961865,null,null,null,null,"TWOGAUSSIANS",8,1.7819464,0.7337767,0.0053797914,0.4,0.0,0.20956215,0.022580754,0.24150074,0.003403634,0.4,0.0,0.20906512,0.0053611523
375316653866487564,5947588557373896960,0.557061,2318.6311628995218,3.4003340777575,5.209277E-6,18.829102,0.015947415,0.20268498,0.003891411,0.079565436,0.0066467184,0.43345898,0.03045659,0.7008689,0.0035651496,0.07413165,0.0055183624,0.39345112,0.021578856,null,null,null,null,"TWOGAUSSIANS",8,3.000621,0.20268498,0.003891411,0.4,0.0,0.4294533,0.031458266,0.7008689,0.0035651496,0.4,0.0033203203,0.38944548,0.02115807
375316653866487564,5947588596037742592,0.6019185,2319.571453370423,3.907610955264772,7.95695E-6,17.531538,0.030237088,0.27973536,0.003118547,0.04670919,0.0067378148,0.5373375,0.053265985,0.77659786,0.025704639,0.0458783,0.022502936,0.496094,0.107473105,0.1067662,0.032673337,0.27973536,0.003118547,"TWOGAUSSIANS_WITH_ELLIPSOIDAL_ON_ECLIPSE1",9,19.846392,0.27973536,0.003118547,0.26157147,0.037731763,0.7508689,0.018229466,0.77680784,0.023288019,0.25691846,0.12601644,0.70954806,0.11206121
375316653866487564,5947589004049339648,0.4997723,2282.9763670685215,2.569645162337125,1.513221E-5,17.615728,0.055655062,0.22644888,0.0076869987,0.1311337,0.029007522,0.15923665,0.05547301,0.74750835,0.0083147185,0.119133666,0.026284546,0.15131265,0.05460936,null,null,null,null,"TWOGAUSSIANS",8,5.206972,0.22631887,0.0074982485,0.4,0.0,0.12375495,0.010633012,0.7478783,0.007961974,0.4,0.0,0.11603556,0.010821056
375316653866487564,5947589695549453696,0.42212233,2431.7220276619214,2.0462604638651434,5.452545E-5,15.432635,0.03941684,0.13586363,0.06710777,0.037501108,0.05615245,0.13185987,0.2297418,0.66851676,0.049988646,0.08916467,0.04024157,0.1455536,0.044304702,null,null,null,null,"TWOGAUSSIANS",8,5.8708377,0.66851676,0.049988646,0.4,0.09155224,0.14551622,0.041779842,0.13586363,0.0671077,0.21000619,0.26276356,0.13182263,0.22820884
375316653866487564,5947590314009592704,0.4339952,2304.2603702077517,2.438796211104596,6.308162E-6,18.802404,0.011332228,0.16627185,0.006283872,0.035686877,0.005679357,0.17659907,0.014533166,0.7015181,0.002205138,0.018195119,0.0026133875,0.24706654,0.022791762,null,null,null,null,"TWOGAUSSIANS",8,12.7740555,0.7015181,0.002205138,0.10189266,0.01463497,0.24706654,0.022791762,0.16627185,0.006283872,0.19984652,0.031804398,0.17659907,0.014533166
375316653866487564,5947590722036282752,0.5871775,2292.5577160830903,3.1289124472984713,9.573698E-6,17.115366,0.005904665,0.23346676,0.004509085,0.091255926,0.006023861,0.26436853,0.013922709,0.74979883,0.0038302052,0.08823648,0.004265131,0.24931087,0.00625908,null,null,null,null,"TWOGAUSSIANS",8,5.6007094,0.23346676,0.004509085,0.4,0.0,0.25616947,0.015324098,0.74979883,0.0038302052,0.4,0.0,0.24111195,0.0037951916
375316653866487564,5947591443590976768,0.7076114,2306.4678716564536,2.7294355900441873,2.1869628E-6,13.449276,0.006642915,0.27744877,0.0016079093,0.04790605,0.0024612795,0.56622416,0.01581306,0.7765306,5.7183835E-4,0.0435573,0.0012740077,0.4845435,0.017552286,0.117570825,0.009515347,0.27744877,0.0016079093,"TWOGAUSSIANS_WITH_ELLIPSOIDAL_ON_ECLIPSE1",9,57.049416,0.27744877,0.0016079093,0.26827386,0.013783164,0.801365,0.005151989,0.7765906,4.7473298E-4,0.24392088,0.007134443,0.7196771,0.012824845
375316653866487564,5947592165145777408,0.57223105,2257.711392695466,2.5757148541554837,6.73665E-6,18.090416,0.024021082,0.19168374,0.00957041,0.10297826,0.013059335,0.35571983,0.024428707,0.695158,0.0027190272,0.100627124,0.008509043,0.33387196,0.021245534,null,null,null,null,"TWOGAUSSIANS",8,3.5297873,0.19168374,0.00957041,0.4,0.0,0.32331154,0.019254677,0.695158,0.0027190272,0.4,0.0,0.3014662,0.0084265545
375316653866487564,5947592719206283264,0.5650782,2293.738811832392,2.3293346654304354,1.00682855E-5,15.271019,0.020164382,0.29071793,0.00345029,0.09107285,0.0056977314,0.42036754,0.024643477,0.7978477,0.00678519,0.09417829,0.009654178,0.40210092,0.019505104,null,null,null,null,"TWOGAUSSIANS",8,168.38748,0.29071793,0.00345029,0.4,0.0,0.40098494,0.019941311,0.7978477,0.00678519,0.4,0.0,0.3827179,0.014013597
375316653866487564,5947592886700237056,0.46476334,2293.925242897625,3.577078083367771,1.38855485E-5,18.682535,0.019024108,0.2902108,0.0054659178,0.11646771,0.01822567,0.14805979,0.017045332,0.787158,0.012291765,0.07331335,0.017179301,0.15171242,0.022993112,null,null,null,null,"TWOGAUSSIANS",8,3.641511,0.787158,0.012295107,0.4,0.061826788,0.14310198,0.018857999,0.2902108,0.0054659178,0.4,0.0,0.1394197,0.012863488
375316653866487564,5947593509485123712,0.42947865,2328.8755178505025,1.1988591452702513,3.2174874E-5,17.599918,0.004025056,0.16876301,0.011898838,0.05343511,0.02437848,0.038940545,0.012416426,0.62081546,0.015147143,0.108819045,0.019722907,0.042824406,0.008460834,null,null,null,null,"TWOGAUSSIANS",8,2.7804766,0.62081546,0.015147143,0.4,0.0,0.042564325,0.008424645,0.16878301,0.011934418,0.29923663,0.13651949,0.038688265,0.01273904
375316653866487564,5947594677696319104,0.4760108,2346.552904600922,1.9162342961047412,3.1829895E-5,19.911798,0.011135462,0.24613103,0.0032927054,0.04640184,0.0032136638,0.5304602,0.04850146,0.7660559,0.032963797,0.035869837,0.02261971,0.14384623,0.12666938,null,null,null,null,"TWOGAUSSIANS",8,2.5388916,0.24613103,0.0032927054,0.2598503,0.017996516,0.5304602,0.04850146,0.7660559,0.032963797,0.2008711,0.12667038,0.14384623,0.12666938
375316653866487564,5947595158732408448,0.57760835,2361.128579147303,2.3891203238742924,5.740902E-6,18.090057,0.0054336027,0.20716298,0.0016695269,0.04519095,0.0047517437,0.27153048,0.027370254,0.7064668,0.006195339,0.045626912,0.005901618,0.23531045,0.049517725,0.13779522,0.011210403,0.20716298,0.0016695269,"TWOGAUSSIANS_WITH_ELLIPSOIDAL_ON_ECLIPSE1",9,7.8739953,0.20716298,0.0016695269,0.2530693,0.026609765,0.54712033,0.027729815,0.70657676,0.005088445,0.2555107,0.03304906,0.5108959,0.05112558
375316653866487564,5947595708488306048,0.4692833,2346.1966996691735,3.3666880802840544,2.6902391E-5,17.09448,1.0648354,0.23377323,0.013113864,0.17732507,0.09951367,0.6598374,1.0043813,0.74549866,0.014438828,0.17331928,0.07697039,0.6412624,0.8757547,null,null,null,null,"TWOGAUSSIANS",8,29.4808,0.23020324,0.00929926,0.4,0.0,0.2315366,0.024597606,0.7495687,0.009687486,0.4,0.0,0.21781322,0.021671414
375316653866487564,5947596155180257920,0.6397877,2344.535095249584,1.6504421802585434,2.416113E-6,14.0808735,0.0053926213,0.2140674,0.00422023,0.09512172,0.004175951,0.2632296,0.007228693,0.7160587,6.833937E-4,0.08561066,0.00173655,0.35850778,0.0055704606,null,null,null,null,"TWOGAUSSIANS",8,39.903393,0.7160587,6.833937E-4,0.4,0.0,0.34569368,0.004459623,0.2140674,0.00422023,0.4,0.0,0.250415,0.0045166006
375316653866487564,5947596322668020992,0.55340767,2350.8992138615595,0.6885612713786606,8.871827E-5,11.651016,0.0028504946,0.36489716,0.004068853,0.042405847,0.004805835,0.31220034,0.01400543,null,null,null,null,null,null,null,null,null,null,"ONEGAUSSIAN",5,634.0288,0.36489716,0.004068853,0.23747274,0.026912676,0.31220034,0.0,null,null,null,null,null,null
375316653866487564,5947596876719746304,0.48883432,2350.136969798603,3.792050330740877,3.420061E-5,19.46669,0.30977827,0.24221566,0.012291998,0.14257097,0.09297474,0.24452515,0.30504465,0.75850224,0.011656737,0.10621959,0.045791,0.26580718,0.27013266,null,null,null,null,"TWOGAUSSIANS",8,2.2244215,0.7589222,0.009841247,0.4,0.0,0.2090124,0.031530097,0.24219567,0.012258489,0.4,0.0,0.18661736,0.031154662
375316653866487564,5947597770087994240,0.46128112,2336.755277207191,0.11649862151686353,2.2002585E-5,15.032308,0.00305412,0.34985876,0.009196707,0.02753241,0.047991764,0.022138746,0.123341575,0.74117965,0.004430821,0.021103166,0.003509724,0.7205542,1.0533205,0.006556574,0.005174411,0.34985876,0.009196707,"TWOGAUSSIANS_WITH_ELLIPSOIDAL_ON_ECLIPSE1",9,25.10006,0.74122965,0.0044522984,0.11817773,0.019654455,0.72844803,1.0565331,0.34985876,0.009196707,0.1541815,0.26875386,0.035251863,0.13234988
