Gaia/vari_eclipsing_binary/VariEclipsingBinary_232894-232960.csv
# %ECSV 1.0
# ---
# delimiter: ','
# meta: !!omap
# - RELEASE: Gaia DR3
# - TABLE: vari_eclipsing_binary
# - DESCRIPTION: >
#     This table describes the properties of the eclipsing binaries resulting from the variability analysis. 
# - CITATION: >
#     How to cite and acknowledge Gaia: 
#     https://gea.esac.esa.int/archive/documentation/credits.html 
# - KNOWN_ISSUES: >
#     Known issues: 
#     https://www.cosmos.esa.int/web/gaia-users/known-issues 
# - DOCUMENTATION: >
#     Tutorials and documentation: 
#     https://www.cosmos.esa.int/web/gaia-users/archive 
# datatype:
# - 
#   name: solution_id
#   datatype: int64
#   description: Solution Identifier
#   meta:
#     ucd: meta.version
# - 
#   name: source_id
#   datatype: int64
#   description: Unique source identifier
#   meta:
#     ucd: meta.id;meta.main
# - 
#   name: global_ranking
#   datatype: float32
#   description: Number between 0 (worst) and 1 (best)
#   meta:
#     ucd: stat.param
# - 
#   name: reference_time
#   datatype: float64
#   unit: d
#   description: Reference time used for the geometric model fit
#   meta:
#     ucd: time.epoch
# - 
#   name: frequency
#   datatype: float64
#   unit: d**-1
#   description: Frequency of geometric model of the eclipsing binary light curve
#   meta:
#     ucd: src.orbital
# - 
#   name: frequency_error
#   datatype: float32
#   unit: d**-1
#   description: "Uncertainty of \\texttt{frequency}"
#   meta:
#     ucd: stat.error
# - 
#   name: geom_model_reference_level
#   datatype: float32
#   unit: mag
#   description: Magnitude reference level of geometric model
#   meta:
#     ucd: phot.mag;em.opt
# - 
#   name: geom_model_reference_level_error
#   datatype: float32
#   unit: mag
#   description: "Uncertainty of \\texttt{geomModelReferenceLevel}"
#   meta:
#     ucd: stat.error;phot.mag;em.opt
# - 
#   name: geom_model_gaussian1_phase
#   datatype: float32
#   description: Phase of the Gaussian 1 component
#   meta:
#     ucd: time.phase
# - 
#   name: geom_model_gaussian1_phase_error
#   datatype: float32
#   description: "Uncertainty of \\texttt{geomModelGaussian1Phase}"
#   meta:
#     ucd: stat.error;time.phase
# - 
#   name: geom_model_gaussian1_sigma
#   datatype: float32
#   description: "Standard deviation [phase] of Gaussian 1 component"
#   meta:
#     ucd: stat.stdev
# - 
#   name: geom_model_gaussian1_sigma_error
#   datatype: float32
#   description: "Uncertainty of \\texttt{geomModelGaussian1Sigma}"
#   meta:
#     ucd: stat.error
# - 
#   name: geom_model_gaussian1_depth
#   datatype: float32
#   unit: mag
#   description: Magnitude depth of Gaussian 1 component
#   meta:
#     ucd: src.var.amplitude
# - 
#   name: geom_model_gaussian1_depth_error
#   datatype: float32
#   unit: mag
#   description: "Uncertainty of \\texttt{geomModelGaussian1Depth}"
#   meta:
#     ucd: stat.error;src.var.amplitude
# - 
#   name: geom_model_gaussian2_phase
#   datatype: float32
#   description: Phase of Gaussian 2 component
#   meta:
#     ucd: time.phase
# - 
#   name: geom_model_gaussian2_phase_error
#   datatype: float32
#   description: "Uncertainty of \\texttt{geomModelGaussian2Phase}"
#   meta:
#     ucd: stat.error;time.phase
# - 
#   name: geom_model_gaussian2_sigma
#   datatype: float32
[...]
#   datatype: float32
#   description: "Secondary eclipse: uncertainty of \\texttt{derivedSecondaryEclDuration}"
#   meta:
#     ucd: stat.error;time.duration
# - 
#   name: derived_secondary_ecl_depth
#   datatype: float32
#   unit: mag
#   description: "Secondary eclipse: depth"
#   meta:
#     ucd: src.var.amplitude
# - 
#   name: derived_secondary_ecl_depth_error
#   datatype: float32
#   unit: mag
#   description: "Secondary eclipse: uncertainty of \\texttt{derivedSecondaryEclDepth}"
#   meta:
#     ucd: stat.error;src.var.amplitude
solution_id,source_id,global_ranking,reference_time,frequency,frequency_error,geom_model_reference_level,geom_model_reference_level_error,geom_model_gaussian1_phase,geom_model_gaussian1_phase_error,geom_model_gaussian1_sigma,geom_model_gaussian1_sigma_error,geom_model_gaussian1_depth,geom_model_gaussian1_depth_error,geom_model_gaussian2_phase,geom_model_gaussian2_phase_error,geom_model_gaussian2_sigma,geom_model_gaussian2_sigma_error,geom_model_gaussian2_depth,geom_model_gaussian2_depth_error,geom_model_cosine_half_period_amplitude,geom_model_cosine_half_period_amplitude_error,geom_model_cosine_half_period_phase,geom_model_cosine_half_period_phase_error,model_type,num_model_parameters,reduced_chi2,derived_primary_ecl_phase,derived_primary_ecl_phase_error,derived_primary_ecl_duration,derived_primary_ecl_duration_error,derived_primary_ecl_depth,derived_primary_ecl_depth_error,derived_secondary_ecl_phase,derived_secondary_ecl_phase_error,derived_secondary_ecl_duration,derived_secondary_ecl_duration_error,derived_secondary_ecl_depth,derived_secondary_ecl_depth_error
[from data line 651]
375316653866487564,2049050969039083008,0.5016682,2189.2594408502496,2.3060947800745204,2.158224E-5,17.27992,0.02483183,0.20632465,0.00726516,0.0936428,0.012516721,0.26311213,0.027303545,0.6963024,0.014173545,0.07276438,0.013434084,0.35353315,0.028747732,null,null,null,null,"TWOGAUSSIANS",8,45.991695,0.6963024,0.014173545,0.4,0.007846931,0.34813592,0.019730814,0.20632465,0.00726516,0.4,0.0,0.2577145,0.022936355
375316653866487564,2049051587511748608,0.5920214,2194.4386471737444,0.2958577571230632,9.8085175E-6,17.086332,0.0013533554,0.54645854,6.8804936E-4,0.00626184,2.698057E-4,0.74345124,0.088637024,0.15648925,0.60465395,0.039641768,0.080180556,0.0026206144,0.007352129,null,null,null,null,"TWOGAUSSIANS",8,1.8423401,0.54645854,6.8804936E-4,0.035066303,0.001510912,0.74345124,0.08863706,0.15648925,0.60465395,0.2219939,0.3467293,0.0026206144,0.007352129
375316653866487564,2049051999831839488,0.48678684,2188.044055555024,3.143146431253196,3.5559926E-5,18.962774,0.021183863,0.2374665,0.008091967,0.099064305,0.016609207,0.20663133,0.02075502,0.7590699,0.010859191,0.07704332,0.012348858,0.20746675,0.026554303,null,null,null,null,"TWOGAUSSIANS",8,4.917467,0.7590699,0.010859263,0.4,0.008640457,0.20236112,0.02320227,0.2374665,0.008091967,0.4,0.0,0.20152372,0.018729923
375316653866487564,2049052171626096768,0.5464865,2193.8887138109912,2.430783805627091,1.3318632E-5,18.942982,0.013975368,0.2322223,0.0036825258,0.04658516,0.01060611,0.29790318,0.072963275,0.71939284,0.004530331,0.033803403,0.006250421,0.30906314,0.04913992,0.1556467,0.016558474,0.2322223,0.0036825258,"TWOGAUSSIANS_WITH_ELLIPSOIDAL_ON_ECLIPSE1",9,5.850707,0.72046286,0.0041314936,0.18929906,0.03500236,0.6185045,0.04561025,0.2322223,0.0036825258,0.2608769,0.059394218,0.6091957,0.067718506
375316653866487564,2049052244645733120,0.4416743,2211.890025568342,3.433300606987634,3.4068238E-5,19.28364,0.004643821,null,null,null,null,null,null,null,null,null,null,null,null,0.064109,0.00592093,0.29293784,0.009788622,"ELLIPSOIDAL",4,2.8205676,null,null,null,null,null,null,null,null,null,null,null,null
375316653866487564,2049052244658717568,0.5884509,2215.005204110687,1.2773160495170832,5.289144E-6,14.940158,0.010100386,0.19813028,0.0034254882,0.0849596,0.008215749,0.14362215,0.008755302,0.68492985,0.0017002231,0.09463524,0.0050322087,0.23805043,0.008815356,null,null,null,null,"TWOGAUSSIANS",8,28.795115,0.68492985,0.0017002231,0.4,0.0,0.23175572,0.006073973,0.19813028,0.0034254882,0.4,0.0,0.13732795,0.0056821383
375316653866487564,2049053928285996288,0.5124955,2174.7277843062175,2.8094998784037606,2.4618956E-5,19.124447,0.012987216,0.3170349,0.0056681354,0.08251387,0.007741206,0.24615791,0.020148082,0.8129489,0.005730105,0.08734719,0.010214052,0.19003692,0.012384601,null,null,null,null,"TWOGAUSSIANS",8,1.589976,0.3170349,0.0056681354,0.4,0.0,0.24089533,0.01891,0.8129489,0.005730105,0.4,0.0,0.18477431,0.010260789
375316653866487564,2049056505253089280,0.4484773,2262.3428631384845,0.08198933626397481,6.880417E-5,17.144308,0.011064633,0.18433475,0.01911489,0.059019126,0.029460585,0.121028185,0.12850176,0.7182811,0.010091875,0.083363704,0.017802898,0.077881835,0.011453633,null,null,null,null,"TWOGAUSSIANS",8,3.859342,0.18433475,0.01911489,0.3305071,0.16497928,0.120866306,0.12875411,0.7182811,0.010091875,0.4,0.0,0.07771994,0.011252632
375316653866487564,2049056573985682048,0.5285579,2199.9967765122246,3.1490588224138096,6.433144E-6,18.356934,0.020867618,0.31506968,0.005807303,0.05547844,0.008811693,0.2104157,0.0595407,0.7928314,0.0030052338,0.057953328,0.008201899,0.31577864,0.06064835,0.1049815,0.032947287,0.7928314,0.0030052338,"TWOGAUSSIANS_WITH_ELLIPSOIDAL_ON_ECLIPSE2",9,9.002439,0.7928314,0.0030052338,0.32453865,0.045930635,0.5257117,0.046274632,0.31074968,0.0042160973,0.31067926,0.04934548,0.41706172,0.040206473
375316653866487564,2049056642692287744,0.4434306,2181.589931212877,2.075868756063745,2.372534E-4,19.321255,0.0072988486,0.3263344,0.013645186,0.06543032,0.02064477,0.17686252,0.036480006,0.64678335,0.018489076,0.050389737,0.021527773,0.06445236,0.023068532,null,null,null,null,"TWOGAUSSIANS",8,3.0786386,0.3263344,0.013645186,0.3664098,0.07361561,0.17686252,0.03648024,0.64678335,0.018489076,0.2821825,0.12055553,0.064453445,0.02307373
375316653866487564,2049057153788673792,0.5149988,2195.0430911090634,1.548610019374571,2.6578393E-5,19.1093,0.0070066457,0.2985767,0.003097681,0.04314469,0.002632325,0.72160256,0.03733097,0.7914556,0.0053552296,0.06955025,0.009253576,0.13830176,0.012481443,null,null,null,null,"TWOGAUSSIANS",8,2.7128737,0.2985767,0.003097681,0.24161027,0.01474102,0.72158283,0.037339326,0.7914556,0.0053552296,0.3894814,0.046948325,0.138282,0.012492317
375316653866487564,2049057226820875520,0.46675658,2201.7530800838895,2.6240923938587235,2.8097511E-5,17.66438,0.004567932,null,null,null,null,null,null,null,null,null,null,null,null,0.060635895,0.0069740578,0.23683605,0.008204921,"ELLIPSOIDAL",4,11.151749,null,null,null,null,null,null,null,null,null,null,null,null
375316653866487564,2049057604777827840,0.581576,2179.6882391135773,0.4973951576325359,5.152311E-6,16.378437,0.0019542712,0.22161712,9.889331E-4,0.026397232,8.475089E-4,0.33337557,0.008720391,0.59909064,0.008817518,0.028003184,0.009240536,0.013693819,0.0017510323,0.013716062,0.0031626746,0.22161712,9.889331E-4,"TWOGAUSSIANS_WITH_ELLIPSOIDAL_ON_ECLIPSE1",9,17.314617,0.22161712,9.889331E-4,0.1478245,0.0047460496,0.36080754,0.008133444,0.6095306,0.012896573,0.15681784,0.051746998,0.028706433,0.003251457
375316653866487564,2049058326332477696,0.5726176,2217.7261017458527,2.541179165860751,1.1592152E-5,15.698918,0.01221326,0.24254687,0.003788866,0.090163805,0.0055739996,0.5522668,0.018297173,0.75424635,0.0042282166,0.07984389,0.0048480644,0.49468255,0.017349685,null,null,null,null,"TWOGAUSSIANS",8,126.1206,0.24254687,0.003788866,0.4,0.0,0.5409757,0.017949078,0.75424635,0.0042282166,0.4,0.0,0.48339173,0.01575991
375316653866487564,2049058463771395584,0.561944,2185.9803176961113,0.7043405352277956,1.3648061E-5,17.654894,0.004705595,0.35832635,0.0015571587,0.027824588,0.0018131236,0.47074592,0.015005044,0.86062086,0.013778526,0.033097737,0.009134947,0.06780769,0.0072867153,null,null,null,null,"TWOGAUSSIANS",8,9.429357,0.35832635,0.0015571587,0.15581769,0.010153492,0.47074592,0.015005044,0.86062086,0.013778526,0.18534732,0.0511557,0.06780769,0.0072867153
375316653866487564,2049058704289712256,0.5661937,2214.583123588571,0.1381200498333493,6.392091E-5,15.970469,0.0026417214,0.31490222,0.0026955488,0.014009689,0.0020044246,0.4543772,0.20962009,0.48626328,0.0073859096,0.024586355,0.0057265926,0.020315554,0.007571634,null,null,null,null,"TWOGAUSSIANS",8,12.389669,0.31490222,0.0026955488,0.078454256,0.011224778,0.4543772,0.20962009,0.48626328,0.0073859096,0.1376836,0.03206892,0.020315554,0.007571634
375316653866487564,2049059593330099328,0.5689535,2185.6497501141657,2.7481713181441,8.550051E-6,18.755898,0.02028009,0.26844618,0.0023505206,0.050918456,0.007005692,0.32810035,0.044210777,0.76779866,0.0026042976,0.05386338,0.0055461163,0.42792633,0.043148108,0.09569092,0.028021887,0.26844618,0.0023505206,"TWOGAUSSIANS_WITH_ELLIPSOIDAL_ON_ECLIPSE1",9,4.065754,0.7678587,0.0023605828,0.30163494,0.031058252,0.6192938,0.022643957,0.26844618,0.0023505206,0.28514338,0.039231874,0.5194707,0.022810165
375316653866487564,2049060864640437120,0.54726285,2205.979926091086,1.9701184679177433,1.8194853E-5,18.818567,0.006974405,0.22068503,0.00246467,0.027180932,0.002614104,0.50464267,0.100939654,0.72745967,0.023995502,0.025710994,0.020931484,0.5672674,14773.795,0.024027443,0.010969557,0.22068503,0.00246467,"TWOGAUSSIANS_WITH_ELLIPSOIDAL_ON_ECLIPSE1",9,4.866716,0.72745967,0.023995502,0.14398156,0.11721631,0.6152352,14773.796,0.22068503,0.00246467,0.15221322,0.014638982,0.5526974,0.10058734
375316653866487564,2049061349978321664,0.51962745,2227.792719483923,0.8674182661708446,4.401559E-5,18.188108,0.0024757294,0.2523798,0.003172944,0.029702349,0.00229248,0.23008323,0.014272827,0.74950767,0.007091481,0.038354874,0.0060388297,0.19826709,0.050278332,null,null,null,null,"TWOGAUSSIANS",8,2.789297,0.2523798,0.003172944,0.16633315,0.012837889,0.23008323,0.014272827,0.74950767,0.007091481,0.21478729,0.033817448,0.19826709,0.050278332
375316653866487564,2049061727947039104,0.5265403,2229.971000636888,3.2941553238495516,1.1959609E-5,17.917501,0.008716071,0.19799304,0.0065006716,0.084425256,0.011500167,0.20913076,0.017180333,0.6976682,0.002480994,0.086956255,0.0060283067,0.25853965,0.016526058,null,null,null,null,"TWOGAUSSIANS",8,5.7994075,0.6976682,0.002480994,0.4,0.0,0.25197437,0.017712153,0.19799304,0.0065006716,0.4,0.0,0.20256552,0.02029854
375316653866487564,2049063067963943808,0.4432508,2223.342632175988,3.932843420270509,3.698401E-5,15.008653,0.0017397227,0.20767729,0.019235043,0.05419018,0.025051432,0.028366456,0.024747811,0.5357083,0.01173139,0.047814526,0.015845405,0.071138434,0.10905027,null,null,null,null,"TWOGAUSSIANS",8,5.747618,0.5357083,0.01173139,0.26776135,0.08873427,0.071138434,0.10905026,0.20767729,0.019235043,0.303465,0.14028803,0.028366456,0.024747813
375316653866487564,2049063102336218752,0.56085974,2249.480175450037,0.30456389093658726,1.0640955E-4,15.929278,0.0016513426,0.3571507,0.040697705,0.109818436,0.03792951,0.014015276,0.002015261,0.8555944,0.008671816,0.029167864,0.003598628,0.24846753,0.012728872,null,null,null,null,"TWOGAUSSIANS",8,6.984056,0.8555944,0.008671816,0.16334003,0.020152317,0.24841087,0.012682883,0.3571507,0.040697705,0.4,0.0,0.013957723,0.0019709712
375316653866487564,2049064717231899904,0.42762434,2223.8325850472684,2.5984209063246526,4.5759512E-5,18.552916,0.0056831846,null,null,null,null,null,null,null,null,null,null,null,null,0.07105559,0.008272786,0.313047,0.009498002,"ELLIPSOIDAL",4,11.216996,null,null,null,null,null,null,null,null,null,null,null,null
375316653866487564,2049066877595134208,0.4521191,2213.131830474729,3.390903466289751,1.9756751E-5,17.123713,0.013425832,0.15083925,0.033624064,0.06127441,0.07665423,0.120001994,0.07533214,0.7482447,0.0053534405,0.012735158,0.006360039,0.111188844,0.098007105,0.08924441,0.015232497,0.7482447,0.0053534405,"TWOGAUSSIANS_WITH_ELLIPSOIDAL_ON_ECLIPSE2",9,80.77159,0.7482447,0.0053429944,0.07131689,0.03561622,0.2896772,0.1027945,0.18050925,0.06286346,0.3431367,0.13937819,0.25479123,0.049567662
375316653866487564,2049067186832774528,0.58023345,2226.464258147752,3.9455879639976685,5.8215637E-6,18.842169,0.009359779,0.269581,0.0019138667,0.06801728,0.0028603391,0.48246557,0.01399174,0.7781908,0.0074340124,0.06928721,0.0043883338,0.5886859,0.05664127,null,null,null,null,"TWOGAUSSIANS",8,2.808368,0.7781908,0.0074340124,0.3880084,0.022433607,0.58756804,0.0567389,0.269581,0.0019138667,0.3808968,0.016017899,0.48134768,0.013892203
375316653866487564,2049069974284903808,0.6271305,2249.1769769276725,0.7107396522709242,1.9793775E-5,14.29849,0.003261264,0.23844723,0.0016332541,0.030461673,0.0026973605,0.07987297,0.0077646286,0.73467106,0.0023861548,0.036421932,0.0017237908,0.71748906,0.028239561,0.026089232,0.00439089,0.23844723,0.0016332541,"TWOGAUSSIANS_WITH_ELLIPSOIDAL_ON_ECLIPSE1",9,57.81365,0.7347011,0.0023670432,0.20396282,0.009653228,0.76963836,0.028197467,0.23844723,0.0016332541,0.17058536,0.015105218,0.13205142,0.0052580326
375316653866487564,2049070352242119424,0.4376091,2236.932933058898,2.9694261984271972,2.368668E-5,17.38225,0.013799917,0.35360935,0.030151896,0.1081681,0.045381576,0.11411278,0.017270893,0.790959,0.006284,0.042476207,0.011145594,0.14047572,0.024423009,null,null,null,null,"TWOGAUSSIANS",8,27.745987,0.790959,0.006284,0.23786676,0.062415324,0.1403049,0.024660744,0.35360935,0.030151896,0.4,0.0,0.11390962,0.01721225
375316653866487564,2049071279955004288,0.5222802,2273.0514131074474,2.1493158947434616,1.0016244E-5,17.899097,0.003990633,0.13101156,0.0033076503,0.04258187,0.0031107697,0.23940581,0.016452057,0.6171077,0.008315942,0.07289191,0.0135745965,0.068050675,0.007936682,null,null,null,null,"TWOGAUSSIANS",8,4.0301304,0.13101156,0.0033076503,0.23845848,0.01742031,0.23939554,0.016452746,0.6171077,0.008315942,0.4,0.046527084,0.068040416,0.007944529
375316653866487564,2049075025157037696,0.5634093,2236.9555938847107,3.4524072720409587,8.356918E-6,18.737816,0.008728534,0.28088376,0.0023407035,0.083480515,0.005236981,0.31952795,0.008058666,0.77190316,0.002629895,0.08143069,0.004727859,0.41877788,0.011728705,null,null,null,null,"TWOGAUSSIANS",8,2.5408652,0.77190316,0.002629895,0.4,0.0,0.4125478,0.012285876,0.28088376,0.0023407035,0.4,0.0,0.31329787,0.0070941406
375316653866487564,2049075123935471872,0.54531544,2217.2524950748434,4.015134645746082,1.368074E-5,18.882477,0.0096701505,0.25514543,0.005678032,0.0239869,0.009303707,0.1550024,0.042543195,0.7540714,0.0036813717,0.05128892,0.005395191,0.26688302,0.04032038,0.10248251,0.012668203,0.25514543,0.005678032,"TWOGAUSSIANS_WITH_ELLIPSOIDAL_ON_ECLIPSE1",9,3.8032317,0.75422144,0.002819307,0.28721797,0.030213067,0.47183815,0.034229774,0.25514543,0.005678032,0.13432664,0.052100755,0.3599656,0.029035816
375316653866487564,2049075471843043968,0.5254889,2239.1873791933954,0.11337947846945406,8.053943E-6,15.430586,0.005357831,0.47844616,0.013068691,0.13633113,0.031574804,0.10236637,0.02846281,0.88476706,0.0013885631,0.011193396,9.5777813E-4,0.415624,0.02941704,null,null,null,null,"TWOGAUSSIANS",8,124.02883,0.88476706,0.0013885631,0.062683016,0.0053635575,0.41659194,0.029510384,0.47844616,0.013068691,0.4,0.0,0.102120675,0.02894278
375316653866487564,2049076193397643776,0.6038577,2224.7793465570876,2.4942910457287524,5.823521E-6,16.019556,0.028567694,0.26882404,0.0021630435,0.06227495,0.015200663,0.13343026,0.0569377,0.7701238,0.0036065842,0.06656492,0.019158857,0.12219784,0.048618827,0.07736337,0.0304123,0.26882404,0.0021630435,"TWOGAUSSIANS_WITH_ELLIPSOIDAL_ON_ECLIPSE1",9,13.507278,0.26882404,0.0021630435,0.3487397,0.08512372,0.28801683,0.008829514,0.7701238,0.0034310312,0.37276354,0.09741623,0.27677408,0.019663747
375316653866487564,2049077151159875072,0.5252042,2197.912803805064,3.7147860033187916,2.8374036E-5,19.102818,0.02364194,0.17837542,0.00476315,0.090618655,0.009918728,0.32469958,0.02234104,0.671959,0.0062705213,0.08912148,0.01526317,0.2879023,0.020542102,null,null,null,null,"TWOGAUSSIANS",8,2.3737564,0.17837542,0.00476315,0.4,0.0,0.31314516,0.015848355,0.671959,0.0062705213,0.4,0.0,0.27634797,0.018108383
375316653866487564,2049079423213343232,0.54323983,2184.485883182231,2.455955969030348,1.3255476E-5,18.030827,0.01014953,0.29443175,0.0037852465,0.096622236,0.006327782,0.20548275,0.010515128,0.80165637,0.0043177293,0.098233715,0.008339614,0.19144869,0.009557791,null,null,null,null,"TWOGAUSSIANS",8,2.387628,0.29443175,0.0037852465,0.4,0.0,0.19209145,0.005897573,0.80165637,0.0043177293,0.4,0.0,0.17805709,0.007413544
375316653866487564,2049079629371676672,0.603276,2218.4907058387153,3.1836509558897386,7.3598417E-6,17.747648,0.0044481456,0.20240918,0.0020121576,0.083894804,0.002630303,0.49562818,0.009896655,0.70498353,0.002179805,0.07597118,0.0028585433,0.5011284,0.020832868,null,null,null,null,"TWOGAUSSIANS",8,5.4944153,0.70498353,0.002179805,0.4,0.0,0.4940196,0.021693455,0.20240918,0.0020121576,0.4,0.0,0.48851937,0.0099184355
375316653866487564,2049080037378590976,0.48514664,2183.4841176104733,3.102286529161638,2.3193006E-5,19.26457,0.01370324,0.19632046,0.0051656566,0.07478971,0.004654775,0.30970702,0.021287581,0.68729013,0.0052766926,0.078150705,0.00747906,0.3312288,0.02257537,null,null,null,null,"TWOGAUSSIANS",8,3.382398,0.68729013,0.0052766926,0.4,0.0,0.32870907,0.022562344,0.19632046,0.0051656566,0.4,0.0,0.3071873,0.020632438
