Gaia/vari_eclipsing_binary/VariEclipsingBinary_230154-230176.csv
# %ECSV 1.0
# ---
# delimiter: ','
# meta: !!omap
# - RELEASE: Gaia DR3
# - TABLE: vari_eclipsing_binary
# - DESCRIPTION: >
#     This table describes the properties of the eclipsing binaries resulting from the variability analysis. 
# - CITATION: >
#     How to cite and acknowledge Gaia: 
#     https://gea.esac.esa.int/archive/documentation/credits.html 
# - KNOWN_ISSUES: >
#     Known issues: 
#     https://www.cosmos.esa.int/web/gaia-users/known-issues 
# - DOCUMENTATION: >
#     Tutorials and documentation: 
#     https://www.cosmos.esa.int/web/gaia-users/archive 
# datatype:
# - 
#   name: solution_id
#   datatype: int64
#   description: Solution Identifier
#   meta:
#     ucd: meta.version
# - 
#   name: source_id
#   datatype: int64
#   description: Unique source identifier
#   meta:
#     ucd: meta.id;meta.main
# - 
#   name: global_ranking
#   datatype: float32
#   description: Number between 0 (worst) and 1 (best)
#   meta:
#     ucd: stat.param
# - 
#   name: reference_time
#   datatype: float64
#   unit: d
#   description: Reference time used for the geometric model fit
#   meta:
#     ucd: time.epoch
# - 
#   name: frequency
#   datatype: float64
#   unit: d**-1
#   description: Frequency of geometric model of the eclipsing binary light curve
#   meta:
#     ucd: src.orbital
# - 
#   name: frequency_error
#   datatype: float32
#   unit: d**-1
#   description: "Uncertainty of \\texttt{frequency}"
#   meta:
#     ucd: stat.error
# - 
#   name: geom_model_reference_level
#   datatype: float32
#   unit: mag
#   description: Magnitude reference level of geometric model
#   meta:
#     ucd: phot.mag;em.opt
# - 
#   name: geom_model_reference_level_error
#   datatype: float32
#   unit: mag
#   description: "Uncertainty of \\texttt{geomModelReferenceLevel}"
#   meta:
#     ucd: stat.error;phot.mag;em.opt
# - 
#   name: geom_model_gaussian1_phase
#   datatype: float32
#   description: Phase of the Gaussian 1 component
#   meta:
#     ucd: time.phase
# - 
#   name: geom_model_gaussian1_phase_error
#   datatype: float32
#   description: "Uncertainty of \\texttt{geomModelGaussian1Phase}"
#   meta:
#     ucd: stat.error;time.phase
# - 
#   name: geom_model_gaussian1_sigma
#   datatype: float32
#   description: "Standard deviation [phase] of Gaussian 1 component"
#   meta:
#     ucd: stat.stdev
# - 
#   name: geom_model_gaussian1_sigma_error
#   datatype: float32
#   description: "Uncertainty of \\texttt{geomModelGaussian1Sigma}"
#   meta:
#     ucd: stat.error
# - 
#   name: geom_model_gaussian1_depth
#   datatype: float32
#   unit: mag
#   description: Magnitude depth of Gaussian 1 component
#   meta:
#     ucd: src.var.amplitude
# - 
#   name: geom_model_gaussian1_depth_error
#   datatype: float32
#   unit: mag
#   description: "Uncertainty of \\texttt{geomModelGaussian1Depth}"
#   meta:
#     ucd: stat.error;src.var.amplitude
# - 
#   name: geom_model_gaussian2_phase
#   datatype: float32
#   description: Phase of Gaussian 2 component
#   meta:
#     ucd: time.phase
# - 
#   name: geom_model_gaussian2_phase_error
#   datatype: float32
#   description: "Uncertainty of \\texttt{geomModelGaussian2Phase}"
#   meta:
#     ucd: stat.error;time.phase
# - 
#   name: geom_model_gaussian2_sigma
#   datatype: float32
[...]
#   datatype: float32
#   description: "Secondary eclipse: uncertainty of \\texttt{derivedSecondaryEclDuration}"
#   meta:
#     ucd: stat.error;time.duration
# - 
#   name: derived_secondary_ecl_depth
#   datatype: float32
#   unit: mag
#   description: "Secondary eclipse: depth"
#   meta:
#     ucd: src.var.amplitude
# - 
#   name: derived_secondary_ecl_depth_error
#   datatype: float32
#   unit: mag
#   description: "Secondary eclipse: uncertainty of \\texttt{derivedSecondaryEclDepth}"
#   meta:
#     ucd: stat.error;src.var.amplitude
solution_id,source_id,global_ranking,reference_time,frequency,frequency_error,geom_model_reference_level,geom_model_reference_level_error,geom_model_gaussian1_phase,geom_model_gaussian1_phase_error,geom_model_gaussian1_sigma,geom_model_gaussian1_sigma_error,geom_model_gaussian1_depth,geom_model_gaussian1_depth_error,geom_model_gaussian2_phase,geom_model_gaussian2_phase_error,geom_model_gaussian2_sigma,geom_model_gaussian2_sigma_error,geom_model_gaussian2_depth,geom_model_gaussian2_depth_error,geom_model_cosine_half_period_amplitude,geom_model_cosine_half_period_amplitude_error,geom_model_cosine_half_period_phase,geom_model_cosine_half_period_phase_error,model_type,num_model_parameters,reduced_chi2,derived_primary_ecl_phase,derived_primary_ecl_phase_error,derived_primary_ecl_duration,derived_primary_ecl_duration_error,derived_primary_ecl_depth,derived_primary_ecl_depth_error,derived_secondary_ecl_phase,derived_secondary_ecl_phase_error,derived_secondary_ecl_duration,derived_secondary_ecl_duration_error,derived_secondary_ecl_depth,derived_secondary_ecl_depth_error
[from data line 73]
375316653866487564,2024477365197604224,0.52375287,2273.05079545185,2.937535054511029,8.214259E-6,18.54194,0.0063508702,0.2312715,0.0036480369,0.0701843,0.0043394454,0.20888236,0.008182209,0.72652483,0.0027055019,0.07273119,0.0044780485,0.18770596,0.006471986,null,null,null,null,"TWOGAUSSIANS",8,2.5113404,0.2312715,0.0036480369,0.39303207,0.020110656,0.20810866,0.0079584345,0.72652483,0.0027055019,0.4,4.6592302E-4,0.18693227,0.0061805206
375316653866487564,2024477850567058816,0.5669616,2290.4973936495808,3.742623888143936,5.4039756E-6,19.125257,0.00821656,0.26296622,0.0023358895,0.074508496,0.0034004014,0.40228167,0.01174757,0.76519096,0.0022692077,0.07181662,0.003705264,0.4813314,0.022576407,null,null,null,null,"TWOGAUSSIANS",8,2.3415623,0.76519096,0.0022692077,0.4,0.0074483887,0.47890216,0.022938123,0.26296622,0.0023358895,0.4,0.0,0.39985242,0.011556301
375316653866487564,2024477983671916800,0.5756411,2261.632690014905,1.045400010655633,2.9516927E-6,18.303946,0.003671345,0.33618733,6.573294E-4,0.02076357,8.373639E-4,0.726054,0.029234843,0.83541954,8.1356545E-4,0.023106657,0.0011102378,0.55017686,0.026009653,0.013975619,0.0071711806,0.33618733,6.573294E-4,"TWOGAUSSIANS_WITH_ELLIPSOIDAL_ON_ECLIPSE1",9,8.676288,0.33618733,6.573294E-4,0.116275996,0.0046892376,0.75400525,0.03147958,0.83541954,8.1356545E-4,0.12939727,0.006217332,0.57812744,0.02731867
375316653866487564,2024478640840910080,0.43622485,2249.0602077530657,1.6580688099555503,5.620777E-5,19.387772,0.009348866,0.8078103,0.011371462,0.029396234,0.021673856,0.37531748,0.20952448,null,null,null,null,null,null,0.02621186,0.012018469,0.8078103,0.011371462,"ONEGAUSSIAN_WITH_ELLIPSOIDAL",6,7.522832,0.8078103,0.011371462,0.16461891,0.121373594,0.42774108,0.21744353,null,null,null,null,null,null
375316653866487564,2024479121896709248,0.5986265,2252.3209820249785,0.1322620235590135,2.6480384E-6,15.668671,0.001049862,0.53025764,3.582846E-4,0.0063410043,2.1223996E-4,0.535169,0.012075465,0.6628269,0.00340875,0.016725987,0.0041124164,0.024336498,0.0032353674,null,null,null,null,"TWOGAUSSIANS",8,13.512837,0.53025764,3.582846E-4,0.035509624,0.0011885439,0.535169,0.012075465,0.6628269,0.00340875,0.093665525,0.023029532,0.024336498,0.0032353674
375316653866487564,2024479637272168320,0.5437986,2227.8547421091234,3.9114106834783615,1.4349718E-5,19.709293,0.013250833,0.168227,0.0039626188,0.07050037,0.005864333,0.5875608,0.03355929,0.65382296,0.0071072406,0.08205428,0.006758414,0.472422,0.02093148,null,null,null,null,"TWOGAUSSIANS",8,2.4452405,0.168227,0.0039626188,0.39480206,0.030263694,0.5840271,0.034136645,0.65382296,0.0071072406,0.4,0.0,0.4688883,0.020017967
375316653866487564,2024479980871004544,0.50193983,2264.850620211103,3.7819396162833816,1.1599742E-5,19.488453,0.013529976,0.23290794,0.005512369,0.082308926,0.008163042,0.28313267,0.015762152,0.7125531,0.004144594,0.08294848,0.0076041333,0.34347096,0.022765134,null,null,null,null,"TWOGAUSSIANS",8,1.9783903,0.7125531,0.004144594,0.4,0.0,0.33908522,0.023126202,0.23290794,0.005512369,0.4,0.0,0.27874696,0.013920486
375316653866487564,2024480354494999808,0.5326017,2274.947064773982,0.6037392839832093,1.4757491E-5,18.443068,0.0022509557,0.29479665,9.5927407E-4,0.028088177,0.0017632688,0.19993839,0.0068999967,0.5247732,0.073643506,0.049876172,0.07729821,0.007905014,2804.1077,null,null,null,null,"TWOGAUSSIANS",8,1.631273,0.29479665,9.5927407E-4,0.1572938,0.009874306,0.19993858,0.006900071,0.5247732,0.073643506,0.27930656,0.43286997,0.007905014,2804.1077
375316653866487564,2024480564984732160,0.4488695,2239.2178939600312,1.5397717573376968,3.668605E-5,17.147644,0.009291531,0.21647057,0.012721878,0.06908755,0.009297103,0.119362116,0.02482479,0.75911856,0.020026572,0.01076283,0.030300416,0.0633768,0.093447976,0.03528648,0.012515432,0.75911856,0.020026572,"TWOGAUSSIANS_WITH_ELLIPSOIDAL_ON_ECLIPSE2",9,29.633495,0.22407056,0.009974222,0.38689026,0.047543146,0.18583244,0.012466997,0.75911856,0.020026572,0.06027185,0.16968232,0.13393453,0.100540705
375316653866487564,2024480702424666496,0.49784434,2254.0702966790977,3.05955324552707,3.4205998E-5,18.934542,0.032020066,0.2802053,0.00962182,0.10751202,0.022384765,0.22994104,0.029743072,0.779172,0.005356165,0.09867058,0.015490261,0.23420048,0.028846154,null,null,null,null,"TWOGAUSSIANS",8,3.5946207,0.779172,0.005356165,0.4,0.0,0.21001737,0.012427405,0.2802053,0.00962182,0.4,0.0,0.20574993,0.013851026
375316653866487564,2024480702425414528,0.502132,2299.8080200174,3.0544054473276,1.7916997E-5,19.09193,0.017849134,0.25989598,0.005859323,0.090608425,0.012193292,0.34222916,0.033412118,0.75286615,0.0038133315,0.0811732,0.0069859573,0.2891766,0.019851869,null,null,null,null,"TWOGAUSSIANS",8,4.0395055,0.25989598,0.005859323,0.4,0.0,0.334131,0.036968857,0.75286615,0.0038133315,0.4,0.0,0.28107864,0.01648715
375316653866487564,2024480732452234112,0.5937947,2267.8589834475147,4.019471292434605,5.410413E-6,17.465816,0.020571355,0.2264407,0.0013591385,0.05205587,0.004971566,0.40489975,0.053134546,0.7173008,0.0013489465,0.0508503,0.0039664647,0.41004294,0.05733009,0.10377574,0.03629815,0.2264407,0.0013591385,"TWOGAUSSIANS_WITH_ELLIPSOIDAL_ON_ECLIPSE1",9,24.00302,0.71815073,0.0012915053,0.28476167,0.022212204,0.616968,0.021091469,0.2264407,0.0013591385,0.29151288,0.02784077,0.61244464,0.024798391
375316653866487564,2024480771164274048,0.5442089,2274.036238597003,2.316311121175392,1.1680821E-5,19.43884,0.008987759,0.22404176,0.0036979641,0.067767695,0.0035681063,0.5935356,0.023885095,0.7278776,0.0022152762,0.064604014,0.0039930614,0.54616684,0.036422882,null,null,null,null,"TWOGAUSSIANS",8,2.6401274,0.22404176,0.0036979641,0.37949908,0.019981395,0.59272116,0.023834858,0.7278776,0.0022152762,0.3617825,0.022361144,0.5453524,0.036692347
375316653866487564,2024480835531686912,0.56934595,2284.7366429853046,0.028603065667060095,6.0863036E-5,16.400991,7.253044E-4,0.57939243,0.006208167,0.007641496,0.0037761845,6.032142,6.9069867,null,null,null,null,null,null,null,null,null,null,"ONEGAUSSIAN",5,5.358304,0.57939243,0.006208167,0.04279238,0.021146633,6.032142,0.0,null,null,null,null,null,null
375316653866487564,2024480942962658432,0.5891499,2248.9058735435087,2.491728773263604,2.818932E-6,16.25926,0.0038167392,0.2717756,0.0018170795,0.09992948,0.003907273,0.13231857,0.0035554906,0.77092546,0.0010586255,0.08891717,0.0029708557,0.14718378,0.0034894028,null,null,null,null,"TWOGAUSSIANS",8,2.865569,0.77092546,0.0010586255,0.4,0.0,0.13894603,0.0024884706,0.2717756,0.0018170795,0.4,0.0,0.12407988,0.0025776527
375316653866487564,2024481046020867712,0.4544894,2266.963403605673,1.4433656406421878,2.2481256E-5,18.776522,0.030093234,0.2423874,0.0049045132,0.10041315,0.016441464,0.16636783,0.027426057,0.7248104,0.007942462,0.1224217,0.019091504,0.1810319,0.02910219,null,null,null,null,"TWOGAUSSIANS",8,3.6822386,0.7248104,0.007942462,0.4,0.0,0.15767297,0.011957099,0.2424874,0.004862405,0.4,0.0,0.14310773,0.010993627
375316653866487564,2024481114761404160,0.46618146,2276.6270689504063,1.9784097554823536,2.7338341E-5,17.879848,0.0077508083,0.18566997,0.004463071,0.029473651,0.0045590876,0.338681,0.060185622,0.67919934,0.00825154,0.029240564,0.004104875,0.41598234,0.12042713,0.019129997,0.010555663,0.18566997,0.004463071,"TWOGAUSSIANS_WITH_ELLIPSOIDAL_ON_ECLIPSE1",9,38.268307,0.67923933,0.008208909,0.16374716,0.0229873,0.45417944,0.12461409,0.18566997,0.004463071,0.16505244,0.025530891,0.37694094,0.059901383
375316653866487564,2024481320919895168,0.59326327,2250.1493579928956,1.4010770106581516,4.5542097E-6,18.143938,0.0054260036,0.23710212,0.0013859329,0.053246263,0.008497048,0.10008283,0.01421881,0.74058414,0.0046542846,0.04379404,0.005568277,0.08326745,0.014627356,0.10635564,0.008543351,0.23710212,0.0013859329,"TWOGAUSSIANS_WITH_ELLIPSOIDAL_ON_ECLIPSE1",9,2.635854,0.23710212,0.0013859329,0.2981791,0.047583472,0.31279236,0.012617397,0.74058414,0.0046542846,0.24524662,0.03118235,0.2958752,0.0070184194
375316653866487564,2024481385287451520,0.5899855,2257.190398210322,2.6795971855381118,5.161341E-6,18.014435,0.010090397,0.29605517,0.0012579978,0.055971652,0.0053197374,0.17521457,0.022295332,0.78672665,0.0030924934,0.056006797,0.007029869,0.1466741,0.022487609,0.09550291,0.013111792,0.29605517,0.0012579978,"TWOGAUSSIANS_WITH_ELLIPSOIDAL_ON_ECLIPSE1",9,4.408681,0.29605517,0.0012579978,0.31344125,0.02979053,0.366209,0.01061467,0.78899664,0.0023013465,0.31363806,0.03936727,0.33717266,0.011413689
375316653866487564,2024481454006974720,0.6078723,2255.6221348965664,1.5432914525223005,3.1288503E-6,17.8728,0.010979911,0.22779156,0.002198947,0.046758946,0.006426657,0.13273872,0.024535649,0.72551435,0.0024012232,0.046213493,0.0042614415,0.7015372,0.09065079,0.05922927,0.013939114,0.22779156,0.002198947,"TWOGAUSSIANS_WITH_ELLIPSOIDAL_ON_ECLIPSE1",9,3.1578097,0.7255743,0.0023167457,0.25879556,0.023864074,0.8199717,0.106348895,0.22779156,0.002198947,0.2618501,0.03598928,0.25119677,0.010074804
375316653866487564,2024482454791712640,0.5802972,2274.172824758853,0.27504976564380657,1.0859309E-6,15.020243,0.0012710069,0.346446,1.7858075E-4,0.016775072,3.2436688E-4,0.26363167,0.0025498627,0.8463825,0.0010856396,0.016799768,6.9214107E-4,0.26625705,0.015911102,0.01192263,0.0023017153,0.346446,1.7858075E-4,"TWOGAUSSIANS_WITH_ELLIPSOIDAL_ON_ECLIPSE1",9,30.514444,0.8463825,0.0010856396,0.0940787,0.0038759902,0.29010227,0.01620462,0.346446,1.7858075E-4,0.09394041,0.0018164546,0.28747693,0.0037412976
375316653866487564,2024482660950188416,0.560489,2262.774264527007,0.5601069255154209,4.401026E-5,17.571596,0.005006058,0.22143008,0.0065568048,0.037210267,0.006378854,0.079071626,0.026148286,0.7229952,5.801776E-4,0.035769142,0.0023798242,1.2024903,0.1839599,0.016085971,0.006924665,0.7229952,5.801776E-4,"TWOGAUSSIANS_WITH_ELLIPSOIDAL_ON_ECLIPSE2",9,6.684235,0.7229952,5.801776E-4,0.2003072,0.013327016,1.2346623,0.19136597,0.22150007,0.0063172523,0.2083775,0.03572158,0.11124059,0.022648916
375316653866487564,2024483141986443520,0.48278725,2269.084505734286,0.7771388160370974,2.4281031E-5,17.545599,0.0029979886,0.25612545,0.009873274,0.049408734,0.010863205,0.040160183,0.0055382117,0.754919,0.006638922,0.04962837,0.005071899,0.07743706,0.0063986247,null,null,null,null,"TWOGAUSSIANS",8,3.298763,0.754919,0.006638922,0.27791888,0.028402634,0.07743675,0.006398061,0.25612545,0.009873274,0.2766889,0.06083395,0.040159877,0.005538126
375316653866487564,2024483416845652992,0.44617265,2286.2825513059115,1.1737783046003534,2.757113E-5,18.620798,0.016830472,0.20671946,0.010619434,0.10170892,0.020877983,0.14824566,0.01896732,0.7214324,0.0071267723,0.08219573,0.01498029,0.20200256,0.027879704,null,null,null,null,"TWOGAUSSIANS",8,10.013562,0.7214324,0.0071307574,0.4,0.0,0.19529769,0.030116422,0.20671946,0.010619434,0.4,0.0,0.14153871,0.018441688
375316653866487564,2024483932260588288,0.5690487,2253.181786141163,1.61498944633103,4.4918784E-6,16.384916,0.0047721774,0.22188991,0.0016133424,0.037147626,0.0015886774,0.46430182,0.017822767,0.72184503,0.0024082554,0.028241822,0.004990751,0.14931218,0.021085888,0.028349873,0.008354279,0.22188991,0.0016133424,"TWOGAUSSIANS_WITH_ELLIPSOIDAL_ON_ECLIPSE1",9,45.65453,0.22188991,0.0016133424,0.2080267,0.008896594,0.5210016,0.01574273,0.72184503,0.002364457,0.1581542,0.027948206,0.2060119,0.025113387
375316653866487564,2024484172780788480,0.45948628,2285.185296663001,2.5743495780646004,3.180635E-5,19.509577,0.12587613,0.16715083,0.00576445,0.09859394,0.028875628,0.32103568,0.11453964,0.66371274,0.012753202,0.12611455,0.04775351,0.28391704,0.11809759,null,null,null,null,"TWOGAUSSIANS",8,3.874036,0.16717082,0.0058321315,0.4,0.0,0.2731026,0.025227806,0.66371274,0.012753202,0.4,0.0,0.23576516,0.020575881
375316653866487564,2024484481998013312,0.52159536,2250.1647575738425,2.865567636204687,1.2334388E-5,18.676249,0.016921438,0.27670172,0.0037643185,0.10217331,0.0091253705,0.30123568,0.02055544,0.7830182,0.0029575606,0.08930566,0.0068646013,0.32487357,0.018632678,null,null,null,null,"TWOGAUSSIANS",8,3.9900248,0.7830182,0.0029575606,0.4,0.0,0.30601653,0.016771624,0.27670172,0.0037643185,0.4,0.0,0.28237477,0.020097801
375316653866487564,2024485302298960512,0.5417171,2249.2878459711537,2.464757224696322,9.125688E-6,19.09773,0.011451266,0.25704187,0.002712978,0.08104954,0.0043292358,0.40861347,0.022570774,0.75324136,0.0028683778,0.089110956,0.004443041,0.38481885,0.013436072,null,null,null,null,"TWOGAUSSIANS",8,2.9334264,0.25704187,0.002712978,0.4,0.0,0.39873752,0.022706915,0.75324136,0.0028683778,0.4,0.0,0.37494278,0.012216943
375316653866487564,2024485753308040320,0.5197563,2263.158335823511,0.955371523519461,5.7397306E-6,17.772352,0.0014221935,0.23099889,0.0041897455,0.009672519,0.0034691268,0.025337858,0.048353616,0.7466799,0.0018423136,0.02636075,0.0011895694,0.21668138,0.0074412664,0.008468753,0.002200231,0.23099889,0.0041897455,"TWOGAUSSIANS_WITH_ELLIPSOIDAL_ON_ECLIPSE1",9,1.7168921,0.7466799,0.0018423136,0.1476202,0.006661589,0.23345499,0.0067470786,0.23099889,0.0041897455,0.054166105,0.01942711,0.04227536,0.048052102
375316653866487564,2024486298731578752,0.5440135,2261.9650238572476,0.4586219868451849,3.5271572E-5,15.026979,0.0010176616,0.13471074,0.0028208632,0.025849042,0.0019363266,0.16751307,0.01104233,0.6329448,0.003169628,0.031110013,0.002943532,0.042197455,0.0032932844,0.003638178,0.0015599758,0.13471074,0.0028208632,"TWOGAUSSIANS_WITH_ELLIPSOIDAL_ON_ECLIPSE1",9,23.445267,0.13471074,0.0028208632,0.14475465,0.01084343,0.17478941,0.010948305,0.63296485,0.0031242936,0.17421606,0.016483778,0.04947292,0.0025199999
375316653866487564,2024486440502612224,0.48902705,2225.989568995679,3.043233138952565,2.8624272E-5,19.824701,0.023682281,0.20222019,0.009119693,0.09796093,0.018463124,0.26964372,0.020815434,0.6929265,0.0075719575,0.090155594,0.013451298,0.24278672,0.02243135,null,null,null,null,"TWOGAUSSIANS",8,1.3923464,0.20222019,0.009119693,0.4,0.0,0.25652137,0.016046165,0.6929265,0.0075719575,0.4,0.0,0.2296656,0.012819829
375316653866487564,2024486711048688896,0.42415535,2220.860430290713,2.0385959002392995,5.2116913E-5,18.443163,0.0047986372,0.37345165,0.017320443,0.052223027,0.008378819,0.05166448,0.015666759,0.5893528,0.005345467,0.013566064,0.010413174,0.18299112,3.4237068,null,null,null,null,"TWOGAUSSIANS",8,7.6159663,0.5893528,0.005345467,0.07596996,0.05831377,0.18300116,3.4237018,0.37345165,0.017320443,0.29244894,0.046921387,0.05166448,0.015666759
375316653866487564,2024486848486108928,0.6209636,2268.0795274994653,0.20354363938598863,2.4111996E-6,18.391111,0.0032839254,0.25467184,5.8792287E-4,0.029090183,7.305865E-4,0.572604,0.011227951,0.7454771,0.0102676535,0.019831901,0.012166593,0.09798412,0.04243184,0.04188444,0.00459153,0.25467184,5.8792287E-4,"TWOGAUSSIANS_WITH_ELLIPSOIDAL_ON_ECLIPSE1",9,2.5103426,0.25467184,5.8792287E-4,0.16290502,0.0040912842,0.6563728,0.010457315,0.7457171,0.010296581,0.111058645,0.06813292,0.18148084,0.042424586
375316653866487564,2024487127716524032,0.46171874,2265.798552892652,2.143633346281264,2.2632876E-5,18.097397,0.004314491,0.27424395,0.004040376,0.009493839,0.008898624,0.117261276,490.417,null,null,null,null,null,null,0.09568513,0.006178505,0.27424395,0.004040376,"ONEGAUSSIAN_WITH_ELLIPSOIDAL",6,14.808181,0.27424395,0.004040376,0.0531655,0.049832296,0.30863118,490.41653,null,null,null,null,null,null
