Gaia/vari_eclipsing_binary/VariEclipsingBinary_682943-683057.csv
# %ECSV 1.0
# ---
# delimiter: ','
# meta: !!omap
# - RELEASE: Gaia DR3
# - TABLE: vari_eclipsing_binary
# - DESCRIPTION: >
#     This table describes the properties of the eclipsing binaries resulting from the variability analysis. 
# - CITATION: >
#     How to cite and acknowledge Gaia: 
#     https://gea.esac.esa.int/archive/documentation/credits.html 
# - KNOWN_ISSUES: >
#     Known issues: 
#     https://www.cosmos.esa.int/web/gaia-users/known-issues 
# - DOCUMENTATION: >
#     Tutorials and documentation: 
#     https://www.cosmos.esa.int/web/gaia-users/archive 
# datatype:
# - 
#   name: solution_id
#   datatype: int64
#   description: Solution Identifier
#   meta:
#     ucd: meta.version
# - 
#   name: source_id
#   datatype: int64
#   description: Unique source identifier
#   meta:
#     ucd: meta.id;meta.main
# - 
#   name: global_ranking
#   datatype: float32
#   description: Number between 0 (worst) and 1 (best)
#   meta:
#     ucd: stat.param
# - 
#   name: reference_time
#   datatype: float64
#   unit: d
#   description: Reference time used for the geometric model fit
#   meta:
#     ucd: time.epoch
# - 
#   name: frequency
#   datatype: float64
#   unit: d**-1
#   description: Frequency of geometric model of the eclipsing binary light curve
#   meta:
#     ucd: src.orbital
# - 
#   name: frequency_error
#   datatype: float32
#   unit: d**-1
#   description: "Uncertainty of \\texttt{frequency}"
#   meta:
#     ucd: stat.error
# - 
#   name: geom_model_reference_level
#   datatype: float32
#   unit: mag
#   description: Magnitude reference level of geometric model
#   meta:
#     ucd: phot.mag;em.opt
# - 
#   name: geom_model_reference_level_error
#   datatype: float32
#   unit: mag
#   description: "Uncertainty of \\texttt{geomModelReferenceLevel}"
#   meta:
#     ucd: stat.error;phot.mag;em.opt
# - 
#   name: geom_model_gaussian1_phase
#   datatype: float32
#   description: Phase of the Gaussian 1 component
#   meta:
#     ucd: time.phase
# - 
#   name: geom_model_gaussian1_phase_error
#   datatype: float32
#   description: "Uncertainty of \\texttt{geomModelGaussian1Phase}"
#   meta:
#     ucd: stat.error;time.phase
# - 
#   name: geom_model_gaussian1_sigma
#   datatype: float32
#   description: "Standard deviation [phase] of Gaussian 1 component"
#   meta:
#     ucd: stat.stdev
# - 
#   name: geom_model_gaussian1_sigma_error
#   datatype: float32
#   description: "Uncertainty of \\texttt{geomModelGaussian1Sigma}"
#   meta:
#     ucd: stat.error
# - 
#   name: geom_model_gaussian1_depth
#   datatype: float32
#   unit: mag
#   description: Magnitude depth of Gaussian 1 component
#   meta:
#     ucd: src.var.amplitude
# - 
#   name: geom_model_gaussian1_depth_error
#   datatype: float32
#   unit: mag
#   description: "Uncertainty of \\texttt{geomModelGaussian1Depth}"
#   meta:
#     ucd: stat.error;src.var.amplitude
# - 
#   name: geom_model_gaussian2_phase
#   datatype: float32
#   description: Phase of Gaussian 2 component
#   meta:
#     ucd: time.phase
# - 
#   name: geom_model_gaussian2_phase_error
#   datatype: float32
#   description: "Uncertainty of \\texttt{geomModelGaussian2Phase}"
#   meta:
#     ucd: stat.error;time.phase
# - 
#   name: geom_model_gaussian2_sigma
#   datatype: float32
[...]
#   datatype: float32
#   description: "Secondary eclipse: uncertainty of \\texttt{derivedSecondaryEclDuration}"
#   meta:
#     ucd: stat.error;time.duration
# - 
#   name: derived_secondary_ecl_depth
#   datatype: float32
#   unit: mag
#   description: "Secondary eclipse: depth"
#   meta:
#     ucd: src.var.amplitude
# - 
#   name: derived_secondary_ecl_depth_error
#   datatype: float32
#   unit: mag
#   description: "Secondary eclipse: uncertainty of \\texttt{derivedSecondaryEclDepth}"
#   meta:
#     ucd: stat.error;src.var.amplitude
solution_id,source_id,global_ranking,reference_time,frequency,frequency_error,geom_model_reference_level,geom_model_reference_level_error,geom_model_gaussian1_phase,geom_model_gaussian1_phase_error,geom_model_gaussian1_sigma,geom_model_gaussian1_sigma_error,geom_model_gaussian1_depth,geom_model_gaussian1_depth_error,geom_model_gaussian2_phase,geom_model_gaussian2_phase_error,geom_model_gaussian2_sigma,geom_model_gaussian2_sigma_error,geom_model_gaussian2_depth,geom_model_gaussian2_depth_error,geom_model_cosine_half_period_amplitude,geom_model_cosine_half_period_amplitude_error,geom_model_cosine_half_period_phase,geom_model_cosine_half_period_phase_error,model_type,num_model_parameters,reduced_chi2,derived_primary_ecl_phase,derived_primary_ecl_phase_error,derived_primary_ecl_duration,derived_primary_ecl_duration_error,derived_primary_ecl_depth,derived_primary_ecl_depth_error,derived_secondary_ecl_phase,derived_secondary_ecl_phase_error,derived_secondary_ecl_duration,derived_secondary_ecl_duration_error,derived_secondary_ecl_depth,derived_secondary_ecl_depth_error
[from data line 255]
375316653866487564,6007947519484058496,0.4508733,2100.170495442196,2.4092190502483826,9.225245E-5,17.891768,0.006349292,0.22226003,0.040401597,0.034602284,0.017683221,0.06269239,0.02983822,0.7226263,0.011409741,0.09402872,0.011168792,0.08018938,0.008302762,null,null,null,null,"TWOGAUSSIANS",8,6.194825,0.7226263,0.011409741,0.4,0.0,0.08012006,0.008189881,0.22226003,0.040401597,0.19377278,0.09902604,0.06262319,0.029794268
375316653866487564,6007949924666724352,0.543499,2110.220097227137,2.43884244599434,1.3715093E-5,19.065586,0.015350706,0.3038624,0.0049488475,0.0580884,0.005264674,0.6745827,0.07199372,0.8077037,0.009330536,0.0816552,0.009308639,0.17326562,0.020053651,null,null,null,null,"TWOGAUSSIANS",8,4.8204756,0.3038624,0.0049488475,0.32529503,0.029482173,0.67370415,0.072221674,0.8077037,0.009330536,0.4,0.0,0.1723871,0.019660186
375316653866487564,6007950684889265920,0.5813346,2112.9776504970846,2.4379640425733275,6.827784E-6,15.9958935,0.0063579236,0.23229307,0.004016512,0.08591613,0.0064344867,0.26490647,0.016509898,0.7331958,0.0018057092,0.083089635,0.0027123496,0.2981497,0.0068810284,null,null,null,null,"TWOGAUSSIANS",8,30.7707,0.7331958,0.0018057092,0.4,0.0,0.29120475,0.00558989,0.23229307,0.004016512,0.4,0.0,0.25796148,0.017784972
375316653866487564,6007951475150381184,0.48582736,2104.5835217640138,0.18793634385869604,3.618111E-5,19.852856,0.0074002044,0.1784222,0.0035249079,0.00711988,0.0012739999,0.89017177,0.4865673,0.805716,0.039118633,0.040175762,0.02462167,0.06703492,0.023596747,null,null,null,null,"TWOGAUSSIANS",8,1.655379,0.1784222,0.0035249079,0.039871328,0.0071344,0.89017177,0.4865673,0.805716,0.039118633,0.22498426,0.13788135,0.06703492,0.023596747
375316653866487564,6007951505214316800,0.5196079,2111.7131321368847,2.4640197758251388,1.0581912E-5,18.91706,0.009166418,0.23594283,0.010835099,0.017897218,0.01822709,0.05146718,0.036806397,0.7388816,0.0059165955,0.045942433,0.006062066,0.41598552,0.03686506,0.056662362,0.014907732,0.23594283,0.010835099,"TWOGAUSSIANS_WITH_ELLIPSOIDAL_ON_ECLIPSE1",9,7.8491297,0.7388816,0.0056922436,0.25727764,0.03394757,0.52927136,0.037536193,0.23594283,0.010835099,0.10022443,0.1020717,0.16479167,0.028197495
375316653866487564,6007954425795705472,0.50484484,2109.482545834553,2.978500337948912,1.7617542E-5,19.309002,0.0412275,0.2516419,0.0045682807,0.10596617,0.014254045,0.30821353,0.038524866,0.74533796,0.0065682568,0.095337644,0.018303026,0.3266925,0.036648903,null,null,null,null,"TWOGAUSSIANS",8,2.4592865,0.74533796,0.0065682568,0.4,0.0,0.29995084,0.04082721,0.2516419,0.004567911,0.4,0.0,0.28146327,0.019563682
375316653866487564,6007958239725694080,0.50621706,2113.001907660563,1.39342412525809,2.0344398E-5,19.249315,0.0104870675,0.16086145,0.015790708,0.013321524,0.019768754,0.2792794,4552.3643,0.6713184,0.0015951183,0.023031134,0.002447303,0.7532923,0.10064134,0.047087017,0.020925652,0.16086145,0.015790708,"TWOGAUSSIANS_WITH_ELLIPSOIDAL_ON_ECLIPSE1",9,7.9155536,0.6713184,0.0015951183,0.12897435,0.013704897,0.84706044,0.111150235,0.16086145,0.015790708,0.07460053,0.110705025,0.37345344,4552.3804
375316653866487564,6007958480243875712,0.4470028,2084.900660095048,4.19273226922357,6.1637606E-5,19.096127,0.02571653,0.30347335,0.024788456,0.072785415,0.039799802,0.14939457,0.037598446,0.782404,0.015428273,0.09746205,0.020223105,0.17662832,0.025283385,null,null,null,null,"TWOGAUSSIANS",8,5.6709523,0.782404,0.015428273,0.4,0.0,0.17362095,0.022948995,0.30347335,0.024788456,0.4,0.19451559,0.14638832,0.03815024
375316653866487564,6007959098720348288,0.52670664,2070.3871719777817,3.0957405586823215,1.8822757E-5,18.317215,0.011602897,0.2899884,0.0037655327,0.0986847,0.006361939,0.21914335,0.012074685,0.79601115,0.0030154432,0.08792356,0.008218394,0.1853073,0.011683074,null,null,null,null,"TWOGAUSSIANS",8,2.6801617,0.2899884,0.0037655327,0.4,0.0,0.20891137,0.008064273,0.79601115,0.0030154432,0.4,0.0,0.1750765,0.01019993
375316653866487564,6007959515342223744,0.44696158,2116.5043803324147,1.711771152643631,2.705214E-5,19.647242,0.018027581,0.27331495,0.0123522375,0.07165863,0.016293608,0.18647043,0.025216551,0.7518512,0.0051324135,0.05552737,0.008349384,0.25484988,0.07322457,null,null,null,null,"TWOGAUSSIANS",8,2.873584,0.7518512,0.0051324135,0.3109533,0.046756554,0.25475526,0.073289245,0.27331495,0.0123522375,0.4,0.06952908,0.1863758,0.025227873
375316653866487564,6007960339975742336,0.5952115,2108.6435697396646,4.167457422553989,1.6472954E-5,16.926538,0.011870163,0.27937207,0.0032421479,0.08719562,0.006686282,0.43693715,0.011378533,0.7805642,0.0040879217,0.08651077,0.005059887,0.37897044,0.015271678,null,null,null,null,"TWOGAUSSIANS",8,20.041412,0.27937207,0.0032421479,0.4,0.0,0.42426583,0.0076023866,0.7805642,0.0040879217,0.4,0.0,0.36629915,0.012907102
375316653866487564,6007966314261635072,0.5907698,2098.881845072071,4.497941360360821,1.1722845E-5,19.262756,0.0108477175,0.29842725,0.0017161759,0.061158348,0.002515179,0.618851,0.021824526,0.8011591,0.0041801566,0.066091605,0.0044641425,0.6298713,0.021928545,null,null,null,null,"TWOGAUSSIANS",8,2.6467743,0.8011591,0.0041801566,0.37011302,0.0249992,0.62936205,0.021957409,0.29842725,0.0017161759,0.34248677,0.014085003,0.61834174,0.021829484
375316653866487564,6007967280642997760,0.55037385,2131.623321217266,3.2080727221313543,8.973919E-6,18.756477,0.008331105,0.22779429,0.0033343602,0.08857595,0.005240818,0.26048508,0.010248944,0.7282942,0.0025424424,0.08660709,0.0041352394,0.39305595,0.01850646,null,null,null,null,"TWOGAUSSIANS",8,2.1824875,0.7282942,0.0025424424,0.4,0.0,0.3823104,0.01943553,0.22779429,0.0033343602,0.4,0.0,0.24973948,0.0097432835
375316653866487564,6007967619931262720,0.52051365,2097.7784986388137,3.614010238355708,1.1429238E-5,19.239456,0.045660727,0.23217624,0.004627264,0.09705877,0.015645886,0.37528074,0.043514702,0.7167684,0.0035905761,0.0819402,0.01019565,0.46024898,0.041254345,null,null,null,null,"TWOGAUSSIANS",8,3.4232042,0.7167684,0.0035905761,0.4,0.0,0.44727722,0.033703543,0.23217624,0.004627264,0.4,0.0,0.36230725,0.03608049
375316653866487564,6007967997888836352,0.57206845,2128.136225898729,3.182152713934915,1.12981115E-5,18.926714,0.005160326,0.20049036,0.0036706422,0.061889812,0.004687955,0.4696481,0.010805227,0.69579065,0.0029144485,0.06619234,0.0028147807,0.70453006,0.025961015,null,null,null,null,"TWOGAUSSIANS",8,3.1646705,0.69579065,0.0029144485,0.37067708,0.01576277,0.70403844,0.026029898,0.20049036,0.0036706422,0.34658295,0.02625255,0.4691565,0.010913745
375316653866487564,6007969269198662144,0.4804391,2061.434165745113,1.7952475898631322,1.081988E-5,18.165512,0.012498649,0.30920672,0.017642817,0.053738635,0.038579833,0.053610545,0.089969575,0.7474376,0.0031955603,0.038433757,0.0030497953,0.4373369,0.01607272,null,null,null,null,"TWOGAUSSIANS",8,29.04493,0.7474376,0.0031955603,0.21522903,0.017078854,0.4373369,0.016072715,0.30920672,0.017642817,0.30093634,0.21604706,0.053610545,0.089969575
375316653866487564,6007969342227545472,0.43893796,2108.962948406536,2.899788640793099,8.599869E-5,17.922472,0.0045765336,null,null,null,null,null,null,null,null,null,null,null,null,0.054239117,0.005959303,0.30127233,0.008859106,"ELLIPSOIDAL",4,12.584786,null,null,null,null,null,null,null,null,null,null,null,null
375316653866487564,6007971124626909952,0.5526776,2100.2768584821624,0.5508147430966454,4.9045266E-6,17.944756,0.003949147,0.33838892,0.013803151,0.028532995,0.0042025424,0.75165373,0.30953023,0.84425914,0.0048031225,0.042181417,0.0060377796,0.12509018,0.012742403,null,null,null,null,"TWOGAUSSIANS",8,5.2614436,0.33838892,0.013803151,0.15978478,0.023534238,0.75165373,0.30953023,0.84425914,0.0048031225,0.23621593,0.033811565,0.12509018,0.012742403
375316653866487564,6007973259237604736,0.5759178,2099.4776222672735,2.969398257816278,1.0556847E-5,16.776196,0.0032256662,0.2528212,0.0025946754,0.07825218,0.0026831417,0.42461184,0.01028406,0.7464574,0.0031913274,0.08279546,0.003733322,0.33945838,0.008302279,null,null,null,null,"TWOGAUSSIANS",8,19.65868,0.2528212,0.0025946754,0.4,0.0,0.4192203,0.010586604,0.7464574,0.0031913274,0.4,0.0,0.33406687,0.008350233
375316653866487564,6007973289291206272,0.41435447,2093.616714362218,2.9522326017462444,1.4056521E-5,19.644133,0.008487261,0.28761038,0.0031429408,0.028692802,0.0038955624,0.5206652,0.27754006,0.7848241,0.016525172,0.06058359,0.011216341,0.18269204,0.0759292,null,null,null,null,"TWOGAUSSIANS",8,4.0302963,0.28761038,0.0031429408,0.1606797,0.02181515,0.52066517,0.27754012,0.7848241,0.016525172,0.33926812,0.06281151,0.18269198,0.075929254
375316653866487564,6007976111095896832,0.4665424,2075.6896354843993,2.7565577145995483,5.1601415E-5,16.735773,0.009492449,0.23614883,0.009911985,0.09358504,0.024526453,0.09909973,0.015398667,0.7213806,0.012349146,0.07187411,0.011516303,0.077782504,0.011645331,null,null,null,null,"TWOGAUSSIANS",8,13.79053,0.23614883,0.009911985,0.4,0.0,0.097700566,0.01712017,0.7213806,0.012349146,0.4,0.027453937,0.07638351,0.009775934
375316653866487564,6007976489039140864,0.5759864,2088.5860632222607,1.9758240547628316,5.867121E-6,17.249674,0.0031648255,0.25740722,0.007580133,0.052992146,0.010597802,0.12576991,0.044304132,0.7516534,0.0015098786,0.05959732,0.002903395,0.30330586,0.015075653,null,null,null,null,"TWOGAUSSIANS",8,4.1039786,0.7516534,0.0015098786,0.333745,0.016259013,0.30328932,0.015083227,0.25740722,0.007580133,0.29675603,0.05934769,0.12575336,0.044340163
375316653866487564,6007978202732660096,0.49375254,2112.95256347695,0.3574538086022638,2.193855E-5,18.156973,0.004814314,0.43566117,0.008940345,0.035532277,0.0047694887,0.33750185,0.04359006,0.7751072,0.012440282,0.020540405,0.050859522,0.038107175,0.02211531,null,null,null,null,"TWOGAUSSIANS",8,4.871562,0.43566117,0.008940345,0.19898075,0.026709137,0.33750185,0.043590095,0.7751072,0.012440282,0.11502627,0.2848133,0.038107175,0.02211531
375316653866487564,6007979512710553088,0.5754546,2072.54531068867,2.6816538501438982,1.1956377E-5,17.340706,0.0150498515,0.31033322,0.0025005322,0.0798369,0.004367074,0.41015792,0.015866445,0.8136749,0.0029639178,0.08579761,0.0045190295,0.3949199,0.016551495,null,null,null,null,"TWOGAUSSIANS",8,12.2389145,0.31033322,0.0025005322,0.4,0.0,0.4022182,0.012742647,0.8136749,0.0029639178,0.4,0.0,0.38698015,0.013864386
375316653866487564,6007979920726621568,0.64458007,2085.444872529989,3.4024166542066703,5.4092206E-6,18.070498,0.008635534,0.20529118,0.0013856143,0.041454222,0.0028340102,0.4016668,0.021710478,0.70670706,0.0031842052,0.04413261,0.002954699,0.49372733,0.047712237,0.14394513,0.01186078,0.20529118,0.0013856143,"TWOGAUSSIANS_WITH_ELLIPSOIDAL_ON_ECLIPSE1",9,2.826732,0.70670706,0.0031842052,0.24714261,0.016546315,0.78159446,0.04733828,0.20529118,0.0013856143,0.23214364,0.015870458,0.68955666,0.010096446
375316653866487564,6007981192029945856,0.6231424,2053.7320328974793,2.232231939709267,6.0892844E-6,17.9185,0.0064926874,0.25636464,0.0013374938,0.084992684,0.002118056,0.34110028,0.006982483,0.75902617,0.0021498112,0.09493604,0.00551059,0.25544873,0.0059515773,null,null,null,null,"TWOGAUSSIANS",8,1.7887553,0.25636464,0.0013374938,0.4,0.0,0.32932472,0.004816299,0.75902617,0.0021498112,0.4,0.0,0.24367271,0.007019047
375316653866487564,6007984666671418880,0.6112909,2056.575180397577,1.7397425526452963,6.2525446E-6,15.675179,0.0043673916,0.28801483,0.0027607465,0.101256415,0.005074109,0.14428677,0.0046941284,0.78887486,0.0012595141,0.092674024,0.0035181714,0.17615816,0.0045503643,null,null,null,null,"TWOGAUSSIANS",8,6.7562222,0.78887486,0.0012595141,0.4,0.0,0.16488624,0.0049039572,0.28801483,0.0027607465,0.4,0.0,0.13301353,0.003940116
375316653866487564,6007984666671427200,0.48506382,2058.1278113981884,2.9370180236541774,1.872044E-5,16.971498,0.049648844,0.2658345,0.0067985025,0.14598918,0.043310683,0.12444558,0.0464433,0.7619631,0.00481436,0.10990903,0.020924555,0.12533966,0.045603845,null,null,null,null,"TWOGAUSSIANS",8,5.7636027,0.7619631,0.00481436,0.4,0.0,0.09060089,0.0037452732,0.26584452,0.0067931213,0.4,0.0,0.08900619,0.0058835647
375316653866487564,6007987071855159296,0.48542115,2099.527120882426,3.822462934197232,2.4232439E-5,19.2538,0.0062316014,0.25774044,0.004868227,0.02194451,0.020451576,0.035875827,0.025394902,null,null,null,null,null,null,0.1183844,0.009735961,0.25774044,0.004868227,"ONEGAUSSIAN_WITH_ELLIPSOIDAL",6,3.4423075,0.25774044,0.004868227,0.12288925,0.11452882,0.2726441,0.01827631,null,null,null,null,null,null
375316653866487564,6007989713244845696,0.5866863,2097.861844942264,3.4366216725148084,8.883294E-6,18.518206,0.011492448,0.27460104,0.0018678585,0.044046514,0.005703918,0.20577483,0.030624118,0.7760982,0.0042329766,0.04295258,0.0073761367,0.1928948,0.03333469,0.124751516,0.016264822,0.27460104,0.0018678585,"TWOGAUSSIANS_WITH_ELLIPSOIDAL_ON_ECLIPSE1",9,2.8788924,0.27460104,0.0018678585,0.24666047,0.031941943,0.45527777,0.024891077,0.7760982,0.0041754134,0.24053442,0.041306365,0.4423757,0.025883237
375316653866487564,6007991985295808384,0.6066497,2072.0657057382373,2.0872126880205872,4.8628335E-6,15.677561,0.016382484,0.2847627,0.0035885086,0.06617386,0.012530362,0.17681271,0.032304935,0.7840592,0.0032012977,0.057955172,0.007520728,0.20086683,0.03216255,0.10724103,0.01873689,0.2847627,0.0035885086,"TWOGAUSSIANS_WITH_ELLIPSOIDAL_ON_ECLIPSE1",9,37.209755,0.78421926,0.002417554,0.32454896,0.042116076,0.41518787,0.019757988,0.2847627,0.0035885086,0.3705736,0.07017003,0.391137,0.016551558
375316653866487564,6007993016088043136,0.4840623,2056.7183543512265,3.262080445608128,6.522605E-5,17.339413,0.13102353,0.24885793,0.016995003,0.12451078,0.03674892,0.26699948,0.1252519,0.73963916,0.009088048,0.13423418,0.033508647,0.24460366,0.12799634,null,null,null,null,"TWOGAUSSIANS",8,20.821053,0.24904792,0.017116705,0.4,0.0,0.19404522,0.023195906,0.73963916,0.009083856,0.4,0.0,0.17133482,0.011667456
375316653866487564,6007995691841228416,0.52015346,2090.9036733927574,0.7436138481955136,2.1327089E-5,19.085083,0.009371963,0.37295654,0.005792363,0.060540676,0.006374567,0.30990764,0.019434098,0.8796864,0.0094546275,0.06261289,0.010655762,0.13073562,0.01832722,null,null,null,null,"TWOGAUSSIANS",8,2.4634573,0.37295654,0.005792363,0.3390278,0.035697572,0.30982393,0.019402346,0.8796864,0.0094546275,0.3506322,0.059672263,0.13065192,0.01834561
375316653866487564,6007997512906102016,0.5344264,2059.154828733118,3.76361383770106,1.974933E-5,18.04045,0.0332289,0.2388454,0.0036996251,0.09744368,0.00984735,0.3502851,0.032611415,0.74336433,0.006473251,0.11186889,0.012139424,0.38406104,0.033996057,null,null,null,null,"TWOGAUSSIANS",8,7.203935,0.74336433,0.006473251,0.4,0.0,0.34386572,0.024565898,0.2388354,0.0037149,0.4,0.0,0.31012422,0.019639552
375316653866487564,6007997689012384128,0.4275178,2041.3613161535095,3.595104903207958,3.556739E-5,16.738285,0.0048807124,null,null,null,null,null,null,null,null,null,null,null,null,0.054315146,0.005575549,0.26867956,0.011907192,"ELLIPSOIDAL",4,54.537415,null,null,null,null,null,null,null,null,null,null,null,null
375316653866487564,6007998921656685952,0.4936551,2064.1031164916317,1.2629780786362597,4.168315E-5,19.573189,0.0056579984,0.43830892,0.0037726373,0.015075141,0.0045804996,0.5145088,1.4416001,0.751052,0.010556691,0.020596094,0.004735312,0.39429852,0.12768656,null,null,null,null,"TWOGAUSSIANS",8,1.3313053,0.43830892,0.0037726373,0.084420785,0.025650797,0.5145088,1.4416001,0.751052,0.010556691,0.11533813,0.026517747,0.39429852,0.12768656
375316653866487564,6008002151470822784,0.50565994,2060.7218202574977,1.20109301334709,1.2187314E-4,18.223984,0.006411972,0.7319806,5.761006E-5,0.0011473575,2.7368902E-5,2.7854602,0.16725932,null,null,null,null,null,null,0.020301543,0.0087332735,0.7319806,5.761006E-5,"ONEGAUSSIAN_WITH_ELLIPSOIDAL",6,19.617184,0.7319806,5.761006E-5,0.0064252024,1.5326585E-4,2.8260634,0.1723016,null,null,null,null,null,null
