Gaia/vari_eclipsing_binary/VariEclipsingBinary_690543-690623.csv
# %ECSV 1.0
# ---
# delimiter: ','
# meta: !!omap
# - RELEASE: Gaia DR3
# - TABLE: vari_eclipsing_binary
# - DESCRIPTION: >
#     This table describes the properties of the eclipsing binaries resulting from the variability analysis. 
# - CITATION: >
#     How to cite and acknowledge Gaia: 
#     https://gea.esac.esa.int/archive/documentation/credits.html 
# - KNOWN_ISSUES: >
#     Known issues: 
#     https://www.cosmos.esa.int/web/gaia-users/known-issues 
# - DOCUMENTATION: >
#     Tutorials and documentation: 
#     https://www.cosmos.esa.int/web/gaia-users/archive 
# datatype:
# - 
#   name: solution_id
#   datatype: int64
#   description: Solution Identifier
#   meta:
#     ucd: meta.version
# - 
#   name: source_id
#   datatype: int64
#   description: Unique source identifier
#   meta:
#     ucd: meta.id;meta.main
# - 
#   name: global_ranking
#   datatype: float32
#   description: Number between 0 (worst) and 1 (best)
#   meta:
#     ucd: stat.param
# - 
#   name: reference_time
#   datatype: float64
#   unit: d
#   description: Reference time used for the geometric model fit
#   meta:
#     ucd: time.epoch
# - 
#   name: frequency
#   datatype: float64
#   unit: d**-1
#   description: Frequency of geometric model of the eclipsing binary light curve
#   meta:
#     ucd: src.orbital
# - 
#   name: frequency_error
#   datatype: float32
#   unit: d**-1
#   description: "Uncertainty of \\texttt{frequency}"
#   meta:
#     ucd: stat.error
# - 
#   name: geom_model_reference_level
#   datatype: float32
#   unit: mag
#   description: Magnitude reference level of geometric model
#   meta:
#     ucd: phot.mag;em.opt
# - 
#   name: geom_model_reference_level_error
#   datatype: float32
#   unit: mag
#   description: "Uncertainty of \\texttt{geomModelReferenceLevel}"
#   meta:
#     ucd: stat.error;phot.mag;em.opt
# - 
#   name: geom_model_gaussian1_phase
#   datatype: float32
#   description: Phase of the Gaussian 1 component
#   meta:
#     ucd: time.phase
# - 
#   name: geom_model_gaussian1_phase_error
#   datatype: float32
#   description: "Uncertainty of \\texttt{geomModelGaussian1Phase}"
#   meta:
#     ucd: stat.error;time.phase
# - 
#   name: geom_model_gaussian1_sigma
#   datatype: float32
#   description: "Standard deviation [phase] of Gaussian 1 component"
#   meta:
#     ucd: stat.stdev
# - 
#   name: geom_model_gaussian1_sigma_error
#   datatype: float32
#   description: "Uncertainty of \\texttt{geomModelGaussian1Sigma}"
#   meta:
#     ucd: stat.error
# - 
#   name: geom_model_gaussian1_depth
#   datatype: float32
#   unit: mag
#   description: Magnitude depth of Gaussian 1 component
#   meta:
#     ucd: src.var.amplitude
# - 
#   name: geom_model_gaussian1_depth_error
#   datatype: float32
#   unit: mag
#   description: "Uncertainty of \\texttt{geomModelGaussian1Depth}"
#   meta:
#     ucd: stat.error;src.var.amplitude
# - 
#   name: geom_model_gaussian2_phase
#   datatype: float32
#   description: Phase of Gaussian 2 component
#   meta:
#     ucd: time.phase
# - 
#   name: geom_model_gaussian2_phase_error
#   datatype: float32
#   description: "Uncertainty of \\texttt{geomModelGaussian2Phase}"
#   meta:
#     ucd: stat.error;time.phase
# - 
#   name: geom_model_gaussian2_sigma
#   datatype: float32
[...]
#   datatype: float32
#   description: "Secondary eclipse: uncertainty of \\texttt{derivedSecondaryEclDuration}"
#   meta:
#     ucd: stat.error;time.duration
# - 
#   name: derived_secondary_ecl_depth
#   datatype: float32
#   unit: mag
#   description: "Secondary eclipse: depth"
#   meta:
#     ucd: src.var.amplitude
# - 
#   name: derived_secondary_ecl_depth_error
#   datatype: float32
#   unit: mag
#   description: "Secondary eclipse: uncertainty of \\texttt{derivedSecondaryEclDepth}"
#   meta:
#     ucd: stat.error;src.var.amplitude
solution_id,source_id,global_ranking,reference_time,frequency,frequency_error,geom_model_reference_level,geom_model_reference_level_error,geom_model_gaussian1_phase,geom_model_gaussian1_phase_error,geom_model_gaussian1_sigma,geom_model_gaussian1_sigma_error,geom_model_gaussian1_depth,geom_model_gaussian1_depth_error,geom_model_gaussian2_phase,geom_model_gaussian2_phase_error,geom_model_gaussian2_sigma,geom_model_gaussian2_sigma_error,geom_model_gaussian2_depth,geom_model_gaussian2_depth_error,geom_model_cosine_half_period_amplitude,geom_model_cosine_half_period_amplitude_error,geom_model_cosine_half_period_phase,geom_model_cosine_half_period_phase_error,model_type,num_model_parameters,reduced_chi2,derived_primary_ecl_phase,derived_primary_ecl_phase_error,derived_primary_ecl_duration,derived_primary_ecl_duration_error,derived_primary_ecl_depth,derived_primary_ecl_depth_error,derived_secondary_ecl_phase,derived_secondary_ecl_phase_error,derived_secondary_ecl_duration,derived_secondary_ecl_duration_error,derived_secondary_ecl_depth,derived_secondary_ecl_depth_error
[from data line 179]
375316653866487564,6074317064996975104,0.51593924,2184.8089194267122,2.554457728703548,3.6786343E-5,18.808392,0.0025393951,0.22761242,0.01798632,0.011605001,0.006777956,0.5440752,0.50938815,0.8481244,0.014703742,0.03263766,0.018631421,0.03480741,0.009722182,null,null,null,null,"TWOGAUSSIANS",8,1.8431064,0.22761242,0.01798632,0.06498801,0.037956554,0.5440752,0.50938815,0.8481244,0.014703742,0.1827709,0.10433596,0.03480741,0.009722182
375316653866487564,6074317206748707584,0.5105529,2163.880305462191,2.9910263137604183,9.988109E-6,17.811016,0.011330517,0.28917596,0.003912746,0.09435843,0.0065493393,0.20517957,0.014024438,0.77999145,0.0026036208,0.092125215,0.005476722,0.21425131,0.011104914,null,null,null,null,"TWOGAUSSIANS",8,6.2367535,0.77999145,0.0026036208,0.4,0.0,0.20417145,0.008054958,0.28917596,0.003912746,0.4,0.0,0.19509953,0.012817381
375316653866487564,6074317722144846080,0.48849306,2171.4032849024047,1.5991202272171643,1.10456285E-5,19.080563,0.017003702,0.2588632,0.0034834777,0.06590494,0.00485244,0.5592436,0.029062862,0.7639359,0.0071246764,0.08754293,0.007494637,0.30122265,0.023208955,null,null,null,null,"TWOGAUSSIANS",8,10.922863,0.2588632,0.0034834777,0.36906764,0.027173664,0.5558227,0.028902775,0.7639359,0.0071246764,0.4,0.0,0.2978016,0.02212082
375316653866487564,6074318237540427392,0.59152555,2190.0334289388093,2.8164923462484186,4.4774147E-6,17.48713,0.015550391,0.24944128,0.0014297344,0.052014515,0.005211261,0.26369673,0.030885864,0.75292957,0.0027309952,0.05206791,0.0067504337,0.18513848,0.03228626,0.106861934,0.017536405,0.24944128,0.0014297344,"TWOGAUSSIANS_WITH_ELLIPSOIDAL_ON_ECLIPSE1",9,10.865742,0.24944128,0.0014297344,0.29128128,0.029183062,0.4774167,0.01325401,0.75292957,0.0027309952,0.2915803,0.037802428,0.39875582,0.012923711
375316653866487564,6074318615497623168,0.5970297,2159.8682621185812,1.369085301866809,3.0714937E-6,16.857151,0.0018371382,0.25571188,9.1353315E-4,0.045902885,0.0013035231,0.1652216,0.0053878645,0.75198436,0.0067009097,0.030601,0.0066690124,0.028780075,0.0053062537,0.025243724,0.002341233,0.25571188,9.1353315E-4,"TWOGAUSSIANS_WITH_ELLIPSOIDAL_ON_ECLIPSE1",9,2.2053883,0.25571188,9.1353315E-4,0.25705615,0.007299729,0.2157089,0.004410198,0.75241435,0.00614624,0.1713656,0.037346467,0.07924286,0.0046436787
375316653866487564,6074318817344463744,0.4397609,2179.7410960145767,0.04639419156416031,4.7582336E-5,19.199488,0.029147746,0.16136783,0.01735653,0.10167018,0.021130648,0.1436922,0.04082035,0.62130415,0.012274313,0.121290214,0.022284301,0.18606606,0.02793777,null,null,null,null,"TWOGAUSSIANS",8,5.1076736,0.62130415,0.012274313,0.4,0.0,0.16854383,0.015360316,0.16165783,0.017159745,0.4,0.0,0.12631483,0.030121857
375316653866487564,6074321879661601152,0.46701825,2187.9147518945515,1.1893108885345944,1.3611808E-5,19.56043,0.008976177,0.16571674,0.037640277,0.03773546,0.037919283,0.11822203,0.025661854,0.6567671,0.0026162327,0.042784538,0.007202819,0.36633134,0.06579053,null,null,null,null,"TWOGAUSSIANS",8,3.3681982,0.6567671,0.0026162327,0.23959342,0.04033579,0.36633134,0.06579056,0.16571674,0.037640277,0.21131855,0.21234797,0.11822203,0.025662713
375316653866487564,6074324417983862912,0.44857427,2196.340271720613,0.5003998061889536,1.1780101E-5,18.102776,0.0025299087,0.06705431,0.10616183,0.059787866,0.05474105,0.005608846,0.015017621,0.72974724,0.002294275,0.015199303,0.002673816,0.0817168,0.010855782,0.023010071,0.0032252783,0.72974724,0.002294275,"TWOGAUSSIANS_WITH_ELLIPSOIDAL_ON_ECLIPSE2",9,3.1849658,0.72974724,0.002294275,0.085116096,0.014973369,0.1277368,0.011615739,0.22788431,0.21241392,0.33481205,0.30654988,0.046164215,0.02386699
375316653866487564,6074325002099417600,0.5867014,2208.8764101783822,2.3734789633696987,4.35964E-6,18.153362,0.0056154015,0.20864888,0.0017615656,0.07746999,0.0023653244,0.4636077,0.0086452635,0.6995037,0.001273762,0.07833378,0.0016420837,0.46795616,0.009186762,null,null,null,null,"TWOGAUSSIANS",8,4.7829447,0.6995037,0.001273762,0.4,0.0,0.4634852,0.009034519,0.20864888,0.0017615656,0.4,0.0,0.45913675,0.008551542
375316653866487564,6074325620567933056,0.54641974,2189.754592316216,3.75165842791203,6.567901E-6,18.258093,0.0077522425,0.23595561,0.0020054313,0.082950674,0.0039023792,0.3177574,0.008739307,0.7196335,0.0018685487,0.08428539,0.0042395364,0.29906482,0.011920187,null,null,null,null,"TWOGAUSSIANS",8,4.030441,0.23595561,0.0020054313,0.4,0.0,0.31250945,0.008354783,0.7196335,0.0018685487,0.4,0.0,0.29381686,0.012153655
375316653866487564,6074328511102647552,0.5027195,2183.9342866988754,3.0850754484331135,2.06605E-5,16.94029,0.036734655,0.2381594,0.0042280145,0.12074137,0.020715639,0.16645452,0.03520805,0.72455955,0.011938491,0.112285316,0.02900216,0.14030638,0.0353796,null,null,null,null,"TWOGAUSSIANS",8,11.825895,0.2381894,0.004198638,0.4,0.0,0.13947503,0.0054931287,0.72455955,0.011938491,0.4,0.0,0.11338047,0.00670571
375316653866487564,6074328541152501632,0.61620605,2199.0009766045205,3.640453125547609,3.1209465E-6,18.241032,0.008308835,0.29556212,0.0013587124,0.044432253,0.0031192354,0.48936468,0.027845684,0.7936056,0.0015711468,0.044907518,0.0031513157,0.40220255,0.02131405,0.12087717,0.010983121,0.29556212,0.0013587124,"TWOGAUSSIANS_WITH_ELLIPSOIDAL_ON_ECLIPSE1",9,4.3933787,0.29556212,0.0013587124,0.24882062,0.017467719,0.73111886,0.030878808,0.7937756,0.0014164363,0.2514821,0.017647369,0.6439234,0.024469681
375316653866487564,6074328614170984832,0.475047,2181.476226805309,2.6426087025865024,1.499656E-5,19.80653,0.023534475,0.2969507,0.006130495,0.10222413,0.01358564,0.21422888,0.023397958,0.8112643,0.006777599,0.09300618,0.015568158,0.2434165,0.019018134,null,null,null,null,"TWOGAUSSIANS",8,1.7648915,0.8112643,0.0067755315,0.4,0.0,0.2292817,0.018187173,0.2969507,0.006130495,0.4,0.0,0.20009105,0.014679975
375316653866487564,6074329404455903744,0.5959038,2142.959608325155,4.628299266649304,3.923128E-6,17.597095,0.010694113,0.23533303,0.0011152537,0.055526346,0.0021930556,0.5134649,0.023832116,0.7393412,0.0012155267,0.04893501,0.002754728,0.39411148,0.024149386,0.1081426,0.012800971,0.7393412,0.0012155267,"TWOGAUSSIANS_WITH_ELLIPSOIDAL_ON_ECLIPSE2",9,11.408802,0.23570302,9.789539E-4,0.31094754,0.012281111,0.7296102,0.015476274,0.7393412,0.0012155267,0.27403605,0.0154264765,0.6103811,0.014959586
375316653866487564,6074333046588217216,0.5891589,2177.0905050526194,1.1402461125002203,4.1474937E-6,14.538992,0.0011188642,0.19295172,0.0012862734,0.038832568,0.008735194,0.01256185,0.0029053292,0.6996306,0.009843436,0.06274817,0.012538148,0.039049294,0.00775785,0.051467124,0.0016582549,0.19295172,0.0012862734,"TWOGAUSSIANS_WITH_ELLIPSOIDAL_ON_ECLIPSE1",9,14.131359,0.6996306,0.009239161,0.35138977,0.0626105,0.14179254,0.007612876,0.19295172,0.0012862734,0.21746238,0.04891709,0.115486264,0.0019376039
375316653866487564,6074334038704087168,0.5614681,2161.7772883148414,2.901333954316214,5.4846723E-6,17.181168,0.0048475405,0.30697066,0.0021919904,0.09077536,0.0030696352,0.25981814,0.0066886223,0.8052437,0.0028631196,0.093795046,0.003336327,0.25261912,0.0074179745,null,null,null,null,"TWOGAUSSIANS",8,6.887271,0.30697066,0.0021919904,0.4,0.0,0.24708886,0.0063153016,0.8052437,0.0028631196,0.4,0.0,0.23988964,0.0068123816
375316653866487564,6074334554100147328,0.6417155,2178.0681485369946,0.5619190670675855,2.6195898E-6,17.308828,0.004085379,0.26075405,5.0197466E-4,0.029676506,5.8107247E-4,1.1838062,0.027670193,0.77537465,0.0039507924,0.04022454,0.00405754,0.0960955,0.011308376,0.005645191,0.0062383492,0.26075405,5.0197466E-4,"TWOGAUSSIANS_WITH_ELLIPSOIDAL_ON_ECLIPSE1",9,11.085244,0.26075405,5.0197466E-4,0.16618843,0.003254006,1.1950966,0.027844647,0.77537465,0.0039507924,0.22525743,0.022722226,0.10729085,0.0076875486
375316653866487564,6074336031572867200,0.52984744,2178.786302354506,3.3211716258873185,9.140136E-6,18.999485,0.008976551,0.24085854,0.003126781,0.077917024,0.003960222,0.3357179,0.011187567,0.73346716,0.0028387776,0.080269784,0.0049147345,0.38557854,0.016833441,null,null,null,null,"TWOGAUSSIANS",8,2.722008,0.73346716,0.0028387776,0.4,0.0,0.3813773,0.01735123,0.24085854,0.003126781,0.4,0.0,0.33151665,0.010422832
375316653866487564,6074339158308915200,0.5716363,2205.0382948624124,3.0624676789687317,4.080442E-6,19.014025,0.0039971843,0.23497546,6.918419E-4,0.033526827,0.0015961918,0.62733567,0.01532086,0.7363046,0.0017747853,0.034520134,0.002106907,0.31650192,0.025452672,null,null,null,null,"TWOGAUSSIANS",8,2.283256,0.23497546,6.918419E-4,0.18775024,0.008938674,0.62733567,0.01532086,0.7363046,0.0017747853,0.19331275,0.01179868,0.31650192,0.025452672
375316653866487564,6074339295743928704,0.45162782,2190.986010192901,0.8860927975448221,2.7207314E-5,16.38267,0.00150436,0.11242814,0.014440487,0.03207634,0.021673553,0.014740794,0.0038560852,0.630049,0.0072541325,0.073071815,0.00820685,0.07288303,0.007649214,null,null,null,null,"TWOGAUSSIANS",8,6.417117,0.630049,0.0072541325,0.4,0.01697327,0.07288258,0.0076497225,0.11242814,0.014440487,0.17962751,0.121371895,0.014740342,0.003857858
375316653866487564,6074339952896269568,0.56245065,2150.96267912333,2.822887657981244,4.8209963E-6,17.344288,0.008287784,0.14114356,0.0016990881,0.08366757,0.0028081185,0.46274963,0.010983094,0.6322081,0.0021318009,0.08460702,0.003769964,0.46405753,0.019546218,null,null,null,null,"TWOGAUSSIANS",8,17.705666,0.6322081,0.0021318009,0.4,0.0,0.45449227,0.02073297,0.14114356,0.0016990881,0.4,0.0,0.4531844,0.010498793
375316653866487564,6074341494778731008,0.5381812,2193.8308553197257,4.2497519150433405,6.5201175E-6,19.781744,0.006439672,0.26450497,0.0026587537,0.06970768,0.0033364599,0.48449132,0.019821262,0.76642305,0.0017151949,0.069213286,0.0019380337,0.46475008,0.013597738,null,null,null,null,"TWOGAUSSIANS",8,1.3164728,0.26450497,0.0026587537,0.390363,0.018684175,0.48310208,0.019999541,0.76642305,0.0017151949,0.3875944,0.010852989,0.46336085,0.013543023
375316653866487564,6074342078883824128,0.54247266,2200.0397966530136,2.334606996740536,8.62704E-6,18.741379,0.0043893703,0.2671067,0.0032679867,0.09191466,0.0046110083,0.20360476,0.005549138,0.7636109,0.0029691423,0.08408556,0.0033201403,0.25987005,0.009002149,null,null,null,null,"TWOGAUSSIANS",8,1.4346786,0.7636109,0.0029691423,0.4,0.0,0.25224856,0.009100846,0.2671067,0.0032679867,0.4,0.0,0.19598311,0.0052124285
375316653866487564,6074343388870252160,0.63264847,2174.164915386164,1.383501277119042,2.8054665E-6,15.813127,0.0058002206,0.21140029,6.469761E-4,0.053885557,0.002621293,0.1983515,0.012717102,0.7111211,0.0021468548,0.058644097,0.004346452,0.15013383,0.013282723,0.084886216,0.0077224355,0.21140029,6.469761E-4,"TWOGAUSSIANS_WITH_ELLIPSOIDAL_ON_ECLIPSE1",9,7.987797,0.21140029,6.469761E-4,0.30175912,0.014679242,0.3681023,0.0053877924,0.71119106,0.0018236933,0.32840696,0.024340132,0.31988424,0.008539443
375316653866487564,6074346030253840128,0.5283788,2165.0982521677324,2.946571295708467,1.372983E-5,19.603323,0.011425887,0.27530587,0.012057609,0.04112306,0.005583839,0.28039938,0.051930003,0.75745434,0.0019888452,0.037335884,0.0049280496,0.2736942,0.025980618,0.12636217,0.016501006,0.75745434,0.0019888452,"TWOGAUSSIANS_WITH_ELLIPSOIDAL_ON_ECLIPSE2",9,2.7322285,0.27339587,0.010784976,0.23028913,0.0312695,0.53029436,0.05902276,0.75745434,0.0019888452,0.20908095,0.027597079,0.5264185,0.015971772
375316653866487564,6074346068930132096,0.47395468,2179.384138896809,2.9431312234386366,2.6235382E-5,16.766668,0.9082883,0.2818639,0.009539443,0.12469201,0.06712782,0.21203725,0.637439,0.76635367,0.009441813,0.13728802,0.14944977,0.23665027,0.8779648,null,null,null,null,"TWOGAUSSIANS",8,34.8358,0.76635367,0.009441813,0.4,0.0,0.1720692,0.013214728,0.2823439,0.004837791,0.4,0.0,0.14797764,0.0090363445
375316653866487564,6074346137649722752,0.5716701,2156.9620490590773,3.0752049128661456,5.4837947E-6,17.187916,0.003266048,0.18215683,0.002000768,0.086143434,0.0024824573,0.26562232,0.0050905724,0.68667835,0.001683758,0.082154445,0.002634569,0.25060433,0.0039423355,null,null,null,null,"TWOGAUSSIANS",8,7.285467,0.18215683,0.002000768,0.4,0.0,0.25984946,0.0051260353,0.68667835,0.001683758,0.4,0.0,0.2448315,0.0037878687
375316653866487564,6074346859204162944,0.6583667,2159.8594005262225,3.09331750305676,2.2774693E-6,17.665808,0.005388927,0.24629557,6.3076365E-4,0.05237162,0.0014836361,0.38861427,0.011701554,0.7450468,0.0012699421,0.0478559,0.0019866086,0.3501182,0.012869699,0.10531543,0.006893314,0.24629557,6.3076365E-4,"TWOGAUSSIANS_WITH_ELLIPSOIDAL_ON_ECLIPSE1",9,3.4920588,0.24629557,6.3076365E-4,0.29328108,0.008308362,0.59924,0.007306104,0.7451668,0.0011459183,0.26799303,0.011125009,0.56073225,0.0062569487
375316653866487564,6074348920788412288,0.43578508,2174.450863943802,1.9090990498962468,3.914088E-5,19.513254,0.018758489,0.23438285,0.010253441,0.06406925,0.01630439,0.107625924,0.023325516,0.71899176,0.00811195,0.062561676,0.016296888,0.22192782,0.025590075,null,null,null,null,"TWOGAUSSIANS",8,5.9744573,0.71899176,0.00811195,0.35034537,0.09126257,0.22185035,0.025630696,0.23438285,0.010253441,0.35878778,0.091304585,0.10754844,0.023223432
375316653866487564,6074350089019530240,0.47764912,2165.604280029947,3.9457186128461212,2.0987589E-5,19.501637,0.01867228,0.23464164,0.0056503788,0.07910858,0.007166292,0.48332122,0.06312062,0.7130695,0.0040840376,0.071512565,0.0066463454,0.5790979,0.035524815,null,null,null,null,"TWOGAUSSIANS",8,8.242507,0.7130695,0.0040840376,0.4,0.018984515,0.57648104,0.036131635,0.23464164,0.0056503788,0.4,0.0,0.48070434,0.0636425
375316653866487564,6074350604415647104,0.4720897,2176.3435013662906,0.1331600638085053,2.7286833E-6,18.61788,0.0048910393,0.058198642,2.624316E-4,0.0032942551,2.0085151E-4,0.547037,0.0221592,0.52845585,0.0633463,0.11799104,0.060929604,0.036862947,0.011110992,null,null,null,null,"TWOGAUSSIANS",8,6.553292,0.058198642,2.624316E-4,0.018447828,0.0011247684,0.54704237,0.022181423,0.52845585,0.0633463,0.4,0.0,0.036853652,0.010816911
375316653866487564,6074350741854575872,0.6437956,2172.421819125528,0.6743832606274137,2.6057705E-6,12.176366,0.0023814056,0.13069607,7.4153056E-4,0.04650365,0.0010185705,0.23543096,0.0058677825,0.6332026,0.006253521,0.044476345,0.012395413,0.032637347,0.00552314,0.02323975,0.003227894,0.13069607,7.4153056E-4,"TWOGAUSSIANS_WITH_ELLIPSOIDAL_ON_ECLIPSE1",9,53.0376,0.13069607,7.4153056E-4,0.26042044,0.005703995,0.28191027,0.0026669663,0.6332026,0.0061998847,0.24906753,0.06941431,0.079105124,0.0052518067
375316653866487564,6074351291610435840,0.54242337,2139.9147123301427,2.425524380409544,5.8953788E-6,17.1735,0.039108913,0.25419894,0.005615582,0.05807502,0.012640064,0.3105147,0.072445296,0.7492197,0.0019387128,0.062372398,0.009742831,0.30813178,0.08270052,0.08249279,0.04793602,0.7492197,0.0019387128,"TWOGAUSSIANS_WITH_ELLIPSOIDAL_ON_ECLIPSE2",9,50.93505,0.25357896,0.0048940717,0.3252201,0.07078436,0.47523826,0.042573083,0.7492197,0.0019387128,0.34928542,0.054559857,0.47299677,0.022222456
375316653866487564,6074352288042872704,0.42019317,2157.514799733857,1.348413248919451,2.2068727E-5,19.007717,0.008782446,0.1593552,0.0033026384,0.008579962,0.0032291417,0.3379921,0.21652554,0.6484648,0.0023915425,0.030531371,0.0027650774,0.26062265,0.028517986,null,null,null,null,"TWOGAUSSIANS",8,19.597681,0.1593552,0.0033026384,0.04804779,0.018083192,0.3379921,0.21652554,0.6484648,0.0023915425,0.17097569,0.015484434,0.26062265,0.028517986
