Gaia/vari_eclipsing_binary/VariEclipsingBinary_681047-681092.csv
# %ECSV 1.0
# ---
# delimiter: ','
# meta: !!omap
# - RELEASE: Gaia DR3
# - TABLE: vari_eclipsing_binary
# - DESCRIPTION: >
#     This table describes the properties of the eclipsing binaries resulting from the variability analysis. 
# - CITATION: >
#     How to cite and acknowledge Gaia: 
#     https://gea.esac.esa.int/archive/documentation/credits.html 
# - KNOWN_ISSUES: >
#     Known issues: 
#     https://www.cosmos.esa.int/web/gaia-users/known-issues 
# - DOCUMENTATION: >
#     Tutorials and documentation: 
#     https://www.cosmos.esa.int/web/gaia-users/archive 
# datatype:
# - 
#   name: solution_id
#   datatype: int64
#   description: Solution Identifier
#   meta:
#     ucd: meta.version
# - 
#   name: source_id
#   datatype: int64
#   description: Unique source identifier
#   meta:
#     ucd: meta.id;meta.main
# - 
#   name: global_ranking
#   datatype: float32
#   description: Number between 0 (worst) and 1 (best)
#   meta:
#     ucd: stat.param
# - 
#   name: reference_time
#   datatype: float64
#   unit: d
#   description: Reference time used for the geometric model fit
#   meta:
#     ucd: time.epoch
# - 
#   name: frequency
#   datatype: float64
#   unit: d**-1
#   description: Frequency of geometric model of the eclipsing binary light curve
#   meta:
#     ucd: src.orbital
# - 
#   name: frequency_error
#   datatype: float32
#   unit: d**-1
#   description: "Uncertainty of \\texttt{frequency}"
#   meta:
#     ucd: stat.error
# - 
#   name: geom_model_reference_level
#   datatype: float32
#   unit: mag
#   description: Magnitude reference level of geometric model
#   meta:
#     ucd: phot.mag;em.opt
# - 
#   name: geom_model_reference_level_error
#   datatype: float32
#   unit: mag
#   description: "Uncertainty of \\texttt{geomModelReferenceLevel}"
#   meta:
#     ucd: stat.error;phot.mag;em.opt
# - 
#   name: geom_model_gaussian1_phase
#   datatype: float32
#   description: Phase of the Gaussian 1 component
#   meta:
#     ucd: time.phase
# - 
#   name: geom_model_gaussian1_phase_error
#   datatype: float32
#   description: "Uncertainty of \\texttt{geomModelGaussian1Phase}"
#   meta:
#     ucd: stat.error;time.phase
# - 
#   name: geom_model_gaussian1_sigma
#   datatype: float32
#   description: "Standard deviation [phase] of Gaussian 1 component"
#   meta:
#     ucd: stat.stdev
# - 
#   name: geom_model_gaussian1_sigma_error
#   datatype: float32
#   description: "Uncertainty of \\texttt{geomModelGaussian1Sigma}"
#   meta:
#     ucd: stat.error
# - 
#   name: geom_model_gaussian1_depth
#   datatype: float32
#   unit: mag
#   description: Magnitude depth of Gaussian 1 component
#   meta:
#     ucd: src.var.amplitude
# - 
#   name: geom_model_gaussian1_depth_error
#   datatype: float32
#   unit: mag
#   description: "Uncertainty of \\texttt{geomModelGaussian1Depth}"
#   meta:
#     ucd: stat.error;src.var.amplitude
# - 
#   name: geom_model_gaussian2_phase
#   datatype: float32
#   description: Phase of Gaussian 2 component
#   meta:
#     ucd: time.phase
# - 
#   name: geom_model_gaussian2_phase_error
#   datatype: float32
#   description: "Uncertainty of \\texttt{geomModelGaussian2Phase}"
#   meta:
#     ucd: stat.error;time.phase
# - 
#   name: geom_model_gaussian2_sigma
#   datatype: float32
[...]
#   datatype: float32
#   description: "Secondary eclipse: uncertainty of \\texttt{derivedSecondaryEclDuration}"
#   meta:
#     ucd: stat.error;time.duration
# - 
#   name: derived_secondary_ecl_depth
#   datatype: float32
#   unit: mag
#   description: "Secondary eclipse: depth"
#   meta:
#     ucd: src.var.amplitude
# - 
#   name: derived_secondary_ecl_depth_error
#   datatype: float32
#   unit: mag
#   description: "Secondary eclipse: uncertainty of \\texttt{derivedSecondaryEclDepth}"
#   meta:
#     ucd: stat.error;src.var.amplitude
solution_id,source_id,global_ranking,reference_time,frequency,frequency_error,geom_model_reference_level,geom_model_reference_level_error,geom_model_gaussian1_phase,geom_model_gaussian1_phase_error,geom_model_gaussian1_sigma,geom_model_gaussian1_sigma_error,geom_model_gaussian1_depth,geom_model_gaussian1_depth_error,geom_model_gaussian2_phase,geom_model_gaussian2_phase_error,geom_model_gaussian2_sigma,geom_model_gaussian2_sigma_error,geom_model_gaussian2_depth,geom_model_gaussian2_depth_error,geom_model_cosine_half_period_amplitude,geom_model_cosine_half_period_amplitude_error,geom_model_cosine_half_period_phase,geom_model_cosine_half_period_phase_error,model_type,num_model_parameters,reduced_chi2,derived_primary_ecl_phase,derived_primary_ecl_phase_error,derived_primary_ecl_duration,derived_primary_ecl_duration_error,derived_primary_ecl_depth,derived_primary_ecl_depth_error,derived_secondary_ecl_phase,derived_secondary_ecl_phase_error,derived_secondary_ecl_duration,derived_secondary_ecl_duration_error,derived_secondary_ecl_depth,derived_secondary_ecl_depth_error
[from data line 330]
375316653866487564,5990809191225119360,0.4944161,2185.1052933996943,1.4697667300044204,1.3762494E-5,18.800444,0.01649963,0.30289492,0.0037284316,0.08554779,0.010251542,0.18846641,0.014126746,0.79842997,0.0066152737,0.097867966,0.021412613,0.10718946,0.013458266,null,null,null,null,"TWOGAUSSIANS",8,1.6332144,0.30289492,0.0037284316,0.4,0.0,0.1821879,0.008780202,0.79842997,0.0066152737,0.4,0.0,0.10091049,0.009550361
375316653866487564,5990809637901815168,0.5760213,2163.1057617128467,0.9911943574189078,1.0072812E-5,19.014524,0.0058805235,0.3674988,0.0021062135,0.04290398,0.0017770205,0.8832306,0.07513626,0.8604986,0.0051406487,0.036683552,0.003258144,0.19876523,0.036505204,null,null,null,null,"TWOGAUSSIANS",8,2.9685445,0.3674988,0.0021062135,0.24026228,0.009951315,0.8832306,0.07513626,0.8604986,0.0051406487,0.2054279,0.018245606,0.19876523,0.036505204
375316653866487564,5990812111803433856,0.5393097,2192.4771148158825,2.81332559351023,1.2756559E-5,18.479048,0.011562256,0.19095552,0.0045662383,0.07893252,0.006398085,0.27898273,0.013108256,0.67885536,0.00537098,0.097010255,0.008297686,0.24934217,0.017747039,null,null,null,null,"TWOGAUSSIANS",8,3.293684,0.19095552,0.0045662383,0.4,0.0,0.27144846,0.011038985,0.67885536,0.00537098,0.4,0.0,0.24180688,0.018734142
375316653866487564,5990812116123386752,0.5131006,2106.637981050422,3.4697152601587837,3.0305095E-5,19.661282,0.021737147,0.24271677,0.004026764,0.081658825,0.00738788,0.32623282,0.023962704,0.7381005,0.0060988204,0.08632498,0.008510952,0.37333703,0.02643426,null,null,null,null,"TWOGAUSSIANS",8,1.8511207,0.7381005,0.0060988204,0.4,0.0,0.3656636,0.024285404,0.24271677,0.004026764,0.4,0.0,0.3185594,0.021189265
375316653866487564,5990812322278233344,0.63182753,2182.443212694787,0.48450618604316004,4.057757E-6,16.964043,0.0052810297,0.3268456,9.369803E-4,0.039208088,0.0012846767,0.66648406,0.017387234,0.8314168,0.015826307,0.030925324,0.01502112,0.12406413,1.4499497,0.014030959,0.00848367,0.8314168,0.015826307,"TWOGAUSSIANS_WITH_ELLIPSOIDAL_ON_ECLIPSE2",9,8.673666,0.32686558,9.1393135E-4,0.21956529,0.00719419,0.6945229,0.017383143,0.8314168,0.015826307,0.17318182,0.08411827,0.15212601,1.447465
375316653866487564,5990812764641297792,0.46057048,2137.04486418771,2.7930961209019913,2.4005016E-5,19.44104,0.040615182,0.30736777,0.007233489,0.1082986,0.018720884,0.2386436,0.038946837,0.7918666,0.0070371614,0.10607169,0.019209532,0.24917734,0.038922943,null,null,null,null,"TWOGAUSSIANS",8,2.1828454,0.7918666,0.0070371614,0.4,0.0,0.2221321,0.01952952,0.3073778,0.007243074,0.4,0.0,0.21159393,0.020036286
375316653866487564,5990814727441836032,0.4690685,2145.359079171326,2.253109577096684,1.6654549E-5,19.686531,0.038742457,0.111217305,0.046808146,0.08269242,0.06744678,0.32942262,0.2601331,0.6155012,0.003987375,0.07310372,0.0099964375,0.45826975,0.037679736,null,null,null,null,"TWOGAUSSIANS",8,6.217337,0.6155012,0.003987375,0.4,0.013906457,0.45420444,0.035059642,0.111217305,0.046808146,0.4,0.26944104,0.3253573,0.2649397
375316653866487564,5990815758252286080,0.48579344,2160.746635801941,2.4077156653765055,1.8697932E-5,18.707989,0.004216314,null,null,null,null,null,null,null,null,null,null,null,null,0.09644208,0.006412831,0.20900412,0.0047588097,"ELLIPSOIDAL",4,4.063792,null,null,null,null,null,null,null,null,null,null,null,null
375316653866487564,5990815857015037696,0.5265337,2183.2633491307297,2.64295627338525,6.815277E-6,18.574596,0.019772762,0.24025622,0.0125255035,0.03495294,0.0134130055,0.20343807,0.06689597,0.7532806,0.0035417858,0.04958908,0.0073611117,0.30960503,0.059382863,0.13589759,0.02571708,0.7532806,0.0035417858,"TWOGAUSSIANS_WITH_ELLIPSOIDAL_ON_ECLIPSE2",9,10.305339,0.7532806,0.0035417858,0.27769884,0.041222226,0.5813987,0.046621993,0.24173622,0.012444161,0.19573645,0.075112835,0.47362196,0.051822588
375316653866487564,5990817128325295616,0.4390834,2208.109806548271,2.9084177663343938,3.3577333E-5,18.976713,0.017986014,0.23129629,0.025807377,0.09156068,0.028692594,0.13726565,0.031601038,0.7269,0.0068244827,0.08552501,0.012026195,0.17304033,0.01880462,null,null,null,null,"TWOGAUSSIANS",8,6.378958,0.7269,0.0068244827,0.4,0.0,0.16773717,0.014347116,0.23129629,0.025807377,0.4,0.0,0.13196242,0.03293112
375316653866487564,5990817235703798400,0.5328162,2153.498763816026,3.261209746240056,1.5343427E-5,19.885159,0.008350303,0.2500419,0.05001906,0.063431196,0.0332227,0.48798123,0.28537133,0.746487,0.0049855583,0.06835836,0.0057127005,0.42023274,0.026837397,null,null,null,null,"TWOGAUSSIANS",8,1.173784,0.2500419,0.05001906,0.35521472,0.18604712,0.48737144,0.28555042,0.746487,0.0049855583,0.38280684,0.028256053,0.41962296,0.02696075
375316653866487564,5990819258629478016,0.47373497,2162.711820106811,2.287595200528162,1.6564083E-5,18.957682,0.004066145,0.2615248,0.0076809837,0.032340452,0.01055939,0.077436805,0.040427253,0.7646821,0.0065808916,0.0413408,0.0057769553,0.1436271,0.014064348,null,null,null,null,"TWOGAUSSIANS",8,2.3072975,0.7646821,0.0065808916,0.23150846,0.03235095,0.1436271,0.014064348,0.2615248,0.0076809837,0.18110654,0.059132587,0.077436805,0.040427253
375316653866487564,5990819572183447552,0.5709239,2147.3205607960654,0.33521012976019854,9.949222E-5,17.181421,0.005638455,0.40999067,0.01084138,0.073834956,0.020026794,0.05985785,0.0054533626,0.8792028,0.026665704,0.022510488,0.011888032,0.7374193,1.2026048,null,null,null,null,"TWOGAUSSIANS",8,18.163359,0.8792028,0.026665704,0.12605873,0.06657298,0.73741925,1.2026049,0.40999067,0.01084138,0.4,0.04542149,0.059857804,0.0054535563
375316653866487564,5990819842745280128,0.5716108,2180.775367239941,2.394618063654368,7.293321E-6,18.602612,0.01810146,0.26676315,0.0043921233,0.072268695,0.011128013,0.4976357,0.02066626,0.7691262,0.0041222484,0.059132673,0.006673743,0.29424062,0.016430655,null,null,null,null,"TWOGAUSSIANS",8,5.858043,0.26676315,0.0043921233,0.4,0.01343559,0.49711218,0.020528259,0.7691262,0.0041222484,0.33114296,0.03737296,0.29371712,0.015851524
375316653866487564,5990820568616163840,0.5294848,2134.8207583568455,0.49414619450335595,2.4461544E-5,19.701475,0.010079422,0.28620893,0.03269423,0.04081876,0.011327806,0.7675844,0.41212696,0.7720578,0.0011505523,0.02847751,0.0022471421,0.43771732,0.026269354,null,null,null,null,"TWOGAUSSIANS",8,3.5444713,0.28620893,0.03269423,0.22858503,0.06343571,0.7675844,0.41212696,0.7720578,0.0011505523,0.15947406,0.012583996,0.43771732,0.026269354
375316653866487564,5990820946555959040,0.519652,2160.9452956042624,2.8257673960489775,1.66042E-5,19.698294,0.013520795,0.2873472,0.003502951,0.08469336,0.0058852583,0.27960214,0.013810115,0.7761274,0.0073719635,0.092103615,0.012334473,0.2916002,0.026694011,null,null,null,null,"TWOGAUSSIANS",8,0.6873883,0.7761274,0.0073719635,0.4,0.0,0.28286842,0.029852413,0.2873472,0.003502951,0.4,0.0,0.27087063,0.010968728
375316653866487564,5990822522804803328,0.57312906,2107.2998036784106,2.5655716032419464,1.2298887E-5,19.047678,0.013155351,0.2127546,0.0042269994,0.08638449,0.00450412,0.48511294,0.01910392,0.70828986,0.0037238172,0.092560016,0.004997872,0.46356177,0.0153982425,null,null,null,null,"TWOGAUSSIANS",8,1.7991128,0.2127546,0.0042269994,0.4,0.0,0.46730784,0.015985698,0.70828986,0.0037238172,0.4,0.0,0.4457563,0.014082017
375316653866487564,5990822698901339776,0.46727675,2078.0814040264886,1.5147143909256504,2.6336795E-5,19.971779,0.0085993325,null,null,null,null,null,null,null,null,null,null,null,null,0.13352677,0.011133824,0.24551685,0.0059423833,"ELLIPSOIDAL",4,2.1710138,null,null,null,null,null,null,null,null,null,null,null,null
375316653866487564,5990822801998918656,0.53476715,2144.0276030947593,1.0643967175231503,1.5779198E-5,11.602735,0.0040503573,0.7005529,0.0051270574,0.0147326,0.004348971,0.032550197,0.006390139,0.9245586,0.007128285,0.021081436,0.0028053084,0.4212052,0.1166106,null,null,null,null,"TWOGAUSSIANS",8,323.57898,0.9245586,0.007128285,0.118056044,0.015709728,0.4212052,0.1166106,0.7005529,0.0051270574,0.08250256,0.024354236,0.032550197,0.006390139
375316653866487564,5990823038201040000,0.5364309,2184.0988794679233,1.8091818661524746,1.1106532E-5,18.75668,0.007376237,0.21461074,0.0043589505,0.053090695,0.0053439816,0.12806693,0.009821134,0.7145463,0.0027785047,0.050874308,0.003759984,0.509155,0.05939667,null,null,null,null,"TWOGAUSSIANS",8,2.3143852,0.7145463,0.0027785047,0.2848961,0.021055909,0.50915027,0.0594017,0.21461074,0.0043589505,0.29730788,0.029926296,0.12806222,0.009819058
375316653866487564,5990823145578079616,0.48738158,2126.724060395301,2.2388409766075608,1.9153184E-5,19.885664,0.015738407,0.20180096,0.0023480596,0.03265964,0.0035717709,0.46452785,0.057473775,0.70008004,0.015176387,0.049478203,0.026414702,0.3347433,0.45793185,null,null,null,null,"TWOGAUSSIANS",8,2.7757113,0.20180096,0.0023480596,0.18289398,0.020001918,0.46452785,0.05747379,0.70008004,0.015176387,0.27707794,0.14792234,0.3347433,0.45793188
375316653866487564,5990823283035499264,0.5740839,2186.4023785226955,1.757444327258645,9.677051E-6,18.007809,0.016961232,0.21114694,0.0044567287,0.089491665,0.011661637,0.20005846,0.014760283,0.7067149,0.0023048788,0.10744854,0.011625393,0.21982016,0.012414194,null,null,null,null,"TWOGAUSSIANS",8,1.9168868,0.7067149,0.0023048788,0.4,0.0,0.20404299,0.011786961,0.21114694,0.0044653574,0.4,0.0,0.18429011,0.011195517
375316653866487564,5990823592272904192,0.535452,2109.208971232086,1.2460819826386635,9.261531E-6,17.631908,0.009232962,0.16402921,0.014442554,0.05075058,0.013756406,0.081479974,0.016911063,0.6820591,0.005317068,0.055902,0.0055321837,0.20368908,0.014360216,null,null,null,null,"TWOGAUSSIANS",8,6.88438,0.6820591,0.005317068,0.31305122,0.03098023,0.2036871,0.014358651,0.16402921,0.014442554,0.28420323,0.077035874,0.08147799,0.016916221
375316653866487564,5990824107651954944,0.45702535,2175.7166928935853,2.901646495213456,2.4829667E-5,18.343822,0.03899115,0.32589394,0.00749673,0.10541654,0.03303383,0.20678039,0.028664473,0.82001996,0.010869884,0.081242904,0.024070762,0.19275959,0.03842694,null,null,null,null,"TWOGAUSSIANS",8,9.782232,0.32589394,0.00749673,0.4,0.0,0.19667871,0.032608908,0.82001996,0.010869884,0.4,0.02216158,0.18266347,0.033194564
375316653866487564,5990824726126118656,0.4679674,2115.320859163058,3.5534798251994992,4.116329E-5,19.418621,0.56572574,0.26368695,0.021314394,0.108628325,0.0984368,0.25206667,0.5418129,0.78823125,0.020676121,0.09603106,0.07011651,0.29932463,0.5186769,null,null,null,null,"TWOGAUSSIANS",8,3.8909593,0.7882512,0.01904215,0.4,0.0,0.27895206,0.057910524,0.26368695,0.02140006,0.4,0.043667153,0.231676,0.042344723
375316653866487564,5990824932305912832,0.48949733,2112.3050212636686,2.384900859270871,3.2375396E-5,19.524715,0.04003718,0.3235065,0.016022887,0.08233203,0.039504662,0.25997853,0.04145433,0.8276019,0.0066065346,0.07971503,0.016407358,0.23905215,0.036649063,null,null,null,null,"TWOGAUSSIANS",8,2.1764724,0.3235065,0.016022887,0.4,0.058704272,0.2560282,0.039414413,0.8276019,0.0066065346,0.4,0.0,0.23510183,0.025101976
375316653866487564,5990825688196873472,0.45561475,2117.1032640369317,2.637251300396088,1.4784439E-4,19.484829,0.023746626,0.329955,0.013972526,0.112240426,0.024893047,0.18363456,0.02479409,0.79613405,0.03526856,0.030119004,0.03344134,0.33612084,1.1560273,null,null,null,null,"TWOGAUSSIANS",8,4.7821894,0.79613405,0.03526856,0.16866642,0.1872715,0.3358532,1.1563234,0.329955,0.013972526,0.4,0.0,0.18333173,0.024435638
375316653866487564,5990825786982342272,0.53085303,2107.518727794847,2.729030600174146,1.4461088E-5,19.729221,0.015613844,0.2422895,0.006252463,0.08656323,0.008201714,0.4535377,0.0243596,0.74051243,0.0040447023,0.07663894,0.0053809965,0.41380706,0.031498093,null,null,null,null,"TWOGAUSSIANS",8,1.4418803,0.2422895,0.006252463,0.4,0.0,0.4458555,0.024411771,0.74051243,0.0040447023,0.4,0.0,0.40612492,0.031095913
375316653866487564,5990827230091641728,0.5800671,2170.547449224593,0.3263143754788832,1.952267E-5,19.242,0.010952234,0.30142936,0.0032855836,0.028452374,0.0024700658,0.60698754,0.030011341,0.75515896,0.010558492,0.13658836,0.031087343,0.09657546,0.017246384,null,null,null,null,"TWOGAUSSIANS",8,1.0601958,0.30143934,0.0032870714,0.15933329,0.013832369,0.60657305,0.029807722,0.75515896,0.010558492,0.4,0.0,0.0957406,0.01740934
375316653866487564,5990828260883816320,0.47930986,2089.2650439521485,2.678235612337955,2.4176234E-5,19.823668,0.023005404,0.27454227,0.009974796,0.10085933,0.013820747,0.2417255,0.027219389,0.74725634,0.0069759754,0.08339487,0.013756078,0.26482818,0.036892086,null,null,null,null,"TWOGAUSSIANS",8,1.6104195,0.74725634,0.0069759754,0.4,0.0,0.25648764,0.0368434,0.27454227,0.009974796,0.4,0.0,0.2333806,0.022540733
375316653866487564,5990828535759001856,0.5980125,2209.882672150597,3.0332336752406808,6.5899426E-6,18.466757,0.011885986,0.20661183,0.0021740955,0.06757611,0.0027633817,0.59090304,0.020722182,0.6991277,0.002469154,0.06708842,0.0032155507,0.69075465,0.018926136,null,null,null,null,"TWOGAUSSIANS",8,5.6028705,0.6991277,0.002469154,0.37569514,0.018007085,0.6897015,0.0189459,0.20661183,0.0021740955,0.3784262,0.015474937,0.5898499,0.020699224
375316653866487564,5990828776277015552,0.5196645,2214.224785168002,0.5404091627252248,2.0139116E-5,18.672596,0.0031288634,0.36019948,0.0019737654,0.024683122,8.3497947E-4,0.6261189,0.04022555,0.66317594,0.0034937246,0.024910862,0.0033751836,0.10085224,0.008483635,null,null,null,null,"TWOGAUSSIANS",8,2.5590482,0.36019948,0.0019737654,0.13822548,0.0046758847,0.6261189,0.04022555,0.66317594,0.0034937246,0.13950083,0.018901028,0.10085224,0.008483635
375316653866487564,5990830601659088896,0.45791298,2201.2050773377464,0.38721281551805053,4.840094E-5,14.443786,0.001569132,0.7953174,0.0034767734,0.008823933,0.0033740627,0.21590228,0.067779176,null,null,null,null,null,null,null,null,null,null,"ONEGAUSSIAN",5,109.9494,0.7953174,0.0034767734,0.049414024,0.01889475,0.21590228,0.0,null,null,null,null,null,null
375316653866487564,5990831495015785344,0.4844277,2135.9242761291416,3.0156884329556766,1.9478923E-5,19.509031,0.011923113,0.24931395,0.0070886835,0.09103832,0.015254656,0.19123182,0.016344719,0.7478688,0.0058107683,0.08478057,0.009070555,0.28730595,0.02314608,null,null,null,null,"TWOGAUSSIANS",8,1.5913677,0.7478688,0.0058107683,0.4,0.0,0.27937183,0.024647187,0.24931395,0.0070886835,0.4,0.0,0.1832976,0.017881503
375316653866487564,5990831525056327936,0.45764747,2184.58913925399,0.8065325026486457,5.825051E-5,18.572956,0.0043353615,0.3067923,0.024120448,0.017276337,0.016208075,0.05930291,123.9341,0.7282584,0.0044864323,0.017716188,0.004602593,0.23267514,0.10906292,null,null,null,null,"TWOGAUSSIANS",8,4.4042516,0.7282584,0.0044864323,0.09921065,0.02577452,0.23267514,0.10906292,0.3067923,0.024120448,0.096747495,0.09076522,0.05930291,123.9341
375316653866487564,5990833109920301568,0.58120644,2195.055247851223,1.602569654623841,6.568352E-6,17.231667,0.005797717,0.21195306,0.0017209667,0.07742116,0.003532796,0.35012135,0.018559247,0.7173611,0.0033943278,0.10336945,0.0058357976,0.1422699,0.0072826673,null,null,null,null,"TWOGAUSSIANS",8,3.5050156,0.21195306,0.0017209667,0.4,0.0,0.3420071,0.019945499,0.7173611,0.0033943278,0.4,0.0,0.13415319,0.006276565
375316653866487564,5990833694035848448,0.6059816,2202.85405337264,2.8476449619977027,1.211969E-5,16.311447,0.008286513,0.2853229,0.0038842305,0.0863984,0.007664164,0.28783888,0.010279595,0.78435236,0.0013846437,0.083173126,0.0041450346,0.23958023,0.006900755,null,null,null,null,"TWOGAUSSIANS",8,14.50752,0.2853229,0.0038842305,0.4,0.0,0.2811461,0.011327669,0.78435236,0.0013846437,0.4,0.0,0.23288749,0.0044062603
