Gaia/vari_eclipsing_binary/VariEclipsingBinary_460720-460730.csv
# %ECSV 1.0
# ---
# delimiter: ','
# meta: !!omap
# - RELEASE: Gaia DR3
# - TABLE: vari_eclipsing_binary
# - DESCRIPTION: >
#     This table describes the properties of the eclipsing binaries resulting from the variability analysis. 
# - CITATION: >
#     How to cite and acknowledge Gaia: 
#     https://gea.esac.esa.int/archive/documentation/credits.html 
# - KNOWN_ISSUES: >
#     Known issues: 
#     https://www.cosmos.esa.int/web/gaia-users/known-issues 
# - DOCUMENTATION: >
#     Tutorials and documentation: 
#     https://www.cosmos.esa.int/web/gaia-users/archive 
# datatype:
# - 
#   name: solution_id
#   datatype: int64
#   description: Solution Identifier
#   meta:
#     ucd: meta.version
# - 
#   name: source_id
#   datatype: int64
#   description: Unique source identifier
#   meta:
#     ucd: meta.id;meta.main
# - 
#   name: global_ranking
#   datatype: float32
#   description: Number between 0 (worst) and 1 (best)
#   meta:
#     ucd: stat.param
# - 
#   name: reference_time
#   datatype: float64
#   unit: d
#   description: Reference time used for the geometric model fit
#   meta:
#     ucd: time.epoch
# - 
#   name: frequency
#   datatype: float64
#   unit: d**-1
#   description: Frequency of geometric model of the eclipsing binary light curve
#   meta:
#     ucd: src.orbital
# - 
#   name: frequency_error
#   datatype: float32
#   unit: d**-1
#   description: "Uncertainty of \\texttt{frequency}"
#   meta:
#     ucd: stat.error
# - 
#   name: geom_model_reference_level
#   datatype: float32
#   unit: mag
#   description: Magnitude reference level of geometric model
#   meta:
#     ucd: phot.mag;em.opt
# - 
#   name: geom_model_reference_level_error
#   datatype: float32
#   unit: mag
#   description: "Uncertainty of \\texttt{geomModelReferenceLevel}"
#   meta:
#     ucd: stat.error;phot.mag;em.opt
# - 
#   name: geom_model_gaussian1_phase
#   datatype: float32
#   description: Phase of the Gaussian 1 component
#   meta:
#     ucd: time.phase
# - 
#   name: geom_model_gaussian1_phase_error
#   datatype: float32
#   description: "Uncertainty of \\texttt{geomModelGaussian1Phase}"
#   meta:
#     ucd: stat.error;time.phase
# - 
#   name: geom_model_gaussian1_sigma
#   datatype: float32
#   description: "Standard deviation [phase] of Gaussian 1 component"
#   meta:
#     ucd: stat.stdev
# - 
#   name: geom_model_gaussian1_sigma_error
#   datatype: float32
#   description: "Uncertainty of \\texttt{geomModelGaussian1Sigma}"
#   meta:
#     ucd: stat.error
# - 
#   name: geom_model_gaussian1_depth
#   datatype: float32
#   unit: mag
#   description: Magnitude depth of Gaussian 1 component
#   meta:
#     ucd: src.var.amplitude
# - 
#   name: geom_model_gaussian1_depth_error
#   datatype: float32
#   unit: mag
#   description: "Uncertainty of \\texttt{geomModelGaussian1Depth}"
#   meta:
#     ucd: stat.error;src.var.amplitude
# - 
#   name: geom_model_gaussian2_phase
#   datatype: float32
#   description: Phase of Gaussian 2 component
#   meta:
#     ucd: time.phase
# - 
#   name: geom_model_gaussian2_phase_error
#   datatype: float32
#   description: "Uncertainty of \\texttt{geomModelGaussian2Phase}"
#   meta:
#     ucd: stat.error;time.phase
# - 
#   name: geom_model_gaussian2_sigma
#   datatype: float32
[...]
#   datatype: float32
#   description: "Secondary eclipse: uncertainty of \\texttt{derivedSecondaryEclDuration}"
#   meta:
#     ucd: stat.error;time.duration
# - 
#   name: derived_secondary_ecl_depth
#   datatype: float32
#   unit: mag
#   description: "Secondary eclipse: depth"
#   meta:
#     ucd: src.var.amplitude
# - 
#   name: derived_secondary_ecl_depth_error
#   datatype: float32
#   unit: mag
#   description: "Secondary eclipse: uncertainty of \\texttt{derivedSecondaryEclDepth}"
#   meta:
#     ucd: stat.error;src.var.amplitude
solution_id,source_id,global_ranking,reference_time,frequency,frequency_error,geom_model_reference_level,geom_model_reference_level_error,geom_model_gaussian1_phase,geom_model_gaussian1_phase_error,geom_model_gaussian1_sigma,geom_model_gaussian1_sigma_error,geom_model_gaussian1_depth,geom_model_gaussian1_depth_error,geom_model_gaussian2_phase,geom_model_gaussian2_phase_error,geom_model_gaussian2_sigma,geom_model_gaussian2_sigma_error,geom_model_gaussian2_depth,geom_model_gaussian2_depth_error,geom_model_cosine_half_period_amplitude,geom_model_cosine_half_period_amplitude_error,geom_model_cosine_half_period_phase,geom_model_cosine_half_period_phase_error,model_type,num_model_parameters,reduced_chi2,derived_primary_ecl_phase,derived_primary_ecl_phase_error,derived_primary_ecl_duration,derived_primary_ecl_duration_error,derived_primary_ecl_depth,derived_primary_ecl_depth_error,derived_secondary_ecl_phase,derived_secondary_ecl_phase_error,derived_secondary_ecl_duration,derived_secondary_ecl_duration_error,derived_secondary_ecl_depth,derived_secondary_ecl_depth_error
[from data line 1321]
375316653866487564,4052622976242878080,0.4547325,2239.0739567621176,0.3551580104499935,2.7590768E-5,18.280167,0.0224962,0.21234997,0.020352678,0.033832837,0.03330288,0.19711696,0.10931465,0.6121755,0.025875367,0.050167046,0.04240956,0.11426404,0.55068886,0.065130025,0.02434351,0.21234997,0.020352678,"TWOGAUSSIANS_WITH_ELLIPSOIDAL_ON_ECLIPSE1",9,16.406666,0.21234997,0.020352678,0.1894639,0.18649614,0.32737625,0.11570448,0.62869555,0.029936887,0.28093547,0.23749354,0.2057001,0.55486345
375316653866487564,4052622980372126464,0.5162728,2276.3218171412677,0.09339824912750311,2.7056258E-5,18.360355,0.006023055,0.3463231,0.010512217,0.11841838,0.012515498,0.14031586,0.0070518563,0.7304536,0.004043169,0.03999311,0.010813321,0.0889663,0.031993378,null,null,null,null,"TWOGAUSSIANS",8,1.58138,0.3463231,0.010512217,0.4,0.0,0.14019768,0.006981864,0.7304536,0.004043169,0.22396141,0.0605546,0.08957637,0.03228874
375316653866487564,4052623014783943040,0.50632256,2250.8498027281794,0.26296151226125813,1.6318556E-5,18.886543,0.101222195,0.057434242,0.0030302342,0.036853135,0.008463867,0.45290995,0.78856885,0.5081064,0.006335356,0.26139516,0.074118696,0.25515106,0.09006677,null,null,null,null,"TWOGAUSSIANS",8,0.851823,0.057904243,0.0024791178,0.20637757,0.047397655,0.44669238,0.7936396,0.5081064,0.006335356,0.4,0.0,0.1634757,0.013978113
375316653866487564,4052623083502881408,0.46008477,2271.2621648031636,3.8808002033639055,4.939916E-5,18.499846,0.009184741,0.8698804,0.005498786,0.010014457,0.00882305,0.1334119,6.9379768E16,null,null,null,null,null,null,0.0479572,0.014367983,0.8698804,0.005498786,"ONEGAUSSIAN_WITH_ELLIPSOIDAL",6,6.8873034,0.8698804,0.005498786,0.05608096,0.049409084,0.22932608,6.9379768E16,null,null,null,null,null,null
375316653866487564,4052623113681419392,0.51758176,2215.205724129507,0.16517064033258483,8.936015E-6,18.543427,0.01494142,0.17135675,0.003848286,0.056676958,0.005099911,0.60497516,0.08556257,0.6003315,0.017049491,0.05544058,0.0075140377,0.3107905,0.057185456,null,null,null,null,"TWOGAUSSIANS",8,9.918451,0.17135675,0.003848286,0.31739095,0.028559502,0.6049732,0.08556394,0.6003315,0.017049491,0.31046724,0.04207861,0.31078848,0.05718313
375316653866487564,4052623117811362176,0.5124734,2220.3061830086062,1.9917512772091668,2.0495074E-5,17.38365,0.29186928,0.28671613,0.0062910034,0.114994526,0.04635783,0.28026283,0.26170093,0.77385867,0.006876933,0.12169625,0.07315676,0.30266696,0.25800118,null,null,null,null,"TWOGAUSSIANS",8,10.499854,0.77385867,0.006876933,0.4,0.0,0.24698506,0.034993254,0.28680614,0.005716935,0.4,0.0,0.22467452,0.024067555
375316653866487564,4052623148041118720,0.4467076,2230.481549433588,0.6933275279617505,4.2746655E-5,18.188559,0.015212911,0.25953436,0.02182242,0.10864207,0.022632487,0.13599247,0.054485515,0.62429005,0.007732258,0.021284085,0.004434009,0.17388968,0.026586179,null,null,null,null,"TWOGAUSSIANS",8,11.323852,0.62429005,0.007732258,0.11919087,0.024830451,0.17436789,0.027036408,0.25953436,0.02182242,0.4,0.0,0.13598561,0.05448775
375316653866487564,4052623216600461824,0.49179125,2225.395468358427,0.07868150889186926,6.541179E-6,17.771013,0.012927959,0.17248517,0.0111656785,0.08215855,0.016237149,0.1956129,0.014201524,0.5752312,0.0016824352,0.01788559,0.0037782488,0.16924696,0.041368447,null,null,null,null,"TWOGAUSSIANS",8,2.2330613,0.17248517,0.0111656785,0.4,0.0,0.19561289,0.01420153,0.5752312,0.0016824352,0.1001593,0.021158192,0.16924815,0.041369732
375316653866487564,4052623220890699904,0.4361592,2197.440145366098,0.24150230839811507,5.653516E-5,18.109434,0.041924726,0.31115118,0.009739245,0.068917215,0.01855153,0.17305705,0.045872293,0.81179327,0.018653503,0.13483356,0.07789624,0.08954147,0.034134965,null,null,null,null,"TWOGAUSSIANS",8,5.2593737,0.31115118,0.009742219,0.3859364,0.07104771,0.16324018,0.046078585,0.81179327,0.018653503,0.4,0.0,0.07953965,0.021420103
375316653866487564,4052623324021441280,0.4669185,2212.381813003938,1.1251621395768365,5.2231404E-5,18.885292,0.012500474,0.2142568,0.010372564,0.06405353,0.024972243,0.12960751,0.026344156,0.6863904,0.020042798,0.05697216,0.030332083,0.10280675,0.06900608,null,null,null,null,"TWOGAUSSIANS",8,2.6417336,0.2142568,0.010372564,0.35869977,0.08504625,0.12959035,0.026635062,0.6863904,0.020042798,0.31904408,0.16985966,0.10278959,0.06903369
375316653866487564,4052623324021451264,0.4696861,2216.6802371842605,0.5578304982417676,1.6000557E-5,18.804726,0.1251848,0.33198923,0.016944919,0.05829456,0.02395965,0.12236572,0.058444478,0.68596447,0.02228523,0.13043514,0.117053546,0.22780786,0.072226495,null,null,null,null,"TWOGAUSSIANS",8,3.4309394,0.68596447,0.02228523,0.4,0.0,0.22678621,0.06527675,0.33551922,0.008057893,0.32644954,0.13417403,0.12728788,0.07193492
375316653866487564,4052623358381230848,0.5272566,2202.2518177127636,0.3488220293809556,7.0111055E-5,18.833855,0.042063948,0.5011101,0.030138526,0.18175021,0.056514185,0.25537193,0.039730165,0.7631251,0.018294984,0.041847162,0.018795248,0.48191726,0.509307,null,null,null,null,"TWOGAUSSIANS",8,3.185344,0.7631251,0.018294984,0.23434411,0.10525338,0.5607157,0.50931853,0.5011101,0.030126844,0.4,0.0,0.24376291,0.01451656
375316653866487564,4052623388560097152,0.45935735,2227.405727845565,0.050725347060262625,1.8411678E-5,18.14865,0.055391822,0.12601705,0.0011331862,0.028572004,0.005810623,0.21909843,0.05494405,0.58332026,0.015976185,0.1367144,0.033272367,0.29759535,0.06830804,null,null,null,null,"TWOGAUSSIANS",8,19.525124,0.58332026,0.015976185,0.4,0.0,0.2955108,0.067099765,0.12610705,0.0010427652,0.16000323,0.03253949,0.21823433,0.053211853
375316653866487564,4052623388560115584,0.50730294,2235.2471918476563,0.6038706478822776,3.465662E-5,19.001017,0.19293003,0.28632435,0.011440469,0.12568928,0.049162146,0.22883,0.18569869,0.76751155,0.009424788,0.12812658,0.054539803,0.23664287,0.17504428,null,null,null,null,"TWOGAUSSIANS",8,1.271436,0.76751155,0.009424788,0.4,0.0,0.17921443,0.059669238,0.28660437,0.010424969,0.4,0.0,0.1714761,0.013585902
375316653866487564,4052623392740419712,0.51955307,2206.4429971452664,1.9945497399395533,1.9400237E-5,17.621883,0.03361944,0.24998088,0.00594013,0.091162845,0.014758298,0.3371163,0.026667973,0.7597415,0.004583402,0.09140162,0.010823643,0.39008924,0.04473348,null,null,null,null,"TWOGAUSSIANS",8,16.447075,0.7597415,0.004583402,0.4,0.0,0.37538636,0.042193875,0.24998088,0.00594013,0.4,0.0,0.32241347,0.023278007
375316653866487564,4052623422898897664,0.5179637,2238.9261978697523,1.793453736902917,2.95071E-5,17.530764,0.015904391,0.20923027,0.008116873,0.06659393,0.01314861,0.225515,0.034684964,0.722068,0.0050493693,0.093028985,0.0053262827,0.3431797,0.021071587,null,null,null,null,"TWOGAUSSIANS",8,25.797892,0.722068,0.0050493693,0.4,0.0,0.33992076,0.020031417,0.20923027,0.008116873,0.372926,0.07334479,0.22225651,0.035880428
375316653866487564,4052623422898960512,0.45467347,2360.2909086193695,0.05537974987676625,2.5756186E-5,19.12633,0.013006094,null,null,null,null,null,null,null,null,null,null,null,null,0.15940449,0.026947215,0.25869507,0.0060341163,"ELLIPSOIDAL",4,6.4479923,null,null,null,null,null,null,null,null,null,null,null,null
375316653866487564,4052623427100163328,0.46899995,2203.8526969635145,2.01592531502985,3.2923912E-5,17.901505,0.121671975,0.8575748,0.006718495,0.018803991,0.00783997,0.23896879,0.64748764,0.56571615,0.01689045,0.20282555,0.09603045,0.2999008,0.09532899,null,null,null,null,"TWOGAUSSIANS",8,5.794485,0.85646486,0.007462432,0.10530235,0.04390383,0.31782264,0.64890945,0.56571615,0.01689045,0.4,0.0,0.27117032,0.036770105
375316653866487564,4052623457258330624,0.5295494,2276.0495707932264,1.7229758434320785,1.5386324E-5,18.466934,0.010623857,0.19707543,0.006522116,0.09240509,0.007887302,0.23383413,0.017977344,0.7063185,0.0039192913,0.09531728,0.007922555,0.22199018,0.012195274,null,null,null,null,"TWOGAUSSIANS",8,3.451349,0.19707543,0.006522116,0.4,0.0,0.22234306,0.017473744,0.7063185,0.0039192913,0.4,0.0,0.21049882,0.012282438
375316653866487564,4052623491618388608,0.49457383,2100.936495368773,3.1416879771487354,4.163776E-5,18.970724,0.11846078,0.3193207,0.0076936325,0.08024138,0.023334699,0.6263938,0.17535882,0.8169725,0.014784668,0.10503821,0.032972082,0.38841262,0.10639637,null,null,null,null,"TWOGAUSSIANS",8,1.7353015,0.3193207,0.0076903086,0.4,0.032940023,0.6026654,0.18088748,0.8169725,0.014784668,0.4,0.0,0.36467487,0.06300048
375316653866487564,4052623594697589120,0.60748184,2266.714732937056,1.5175237906268733,1.0258522E-5,17.727007,0.016851522,0.23522627,0.0034627663,0.06064806,0.009506957,0.2126281,0.048284784,0.71655524,0.016788322,0.041591205,0.020243842,0.22028054,0.2794831,0.12402518,0.020069411,0.23522627,0.0034627663,"TWOGAUSSIANS_WITH_ELLIPSOIDAL_ON_ECLIPSE1",9,5.004352,0.7190352,0.013105635,0.23291075,0.113365516,0.46533805,0.30846348,0.23522627,0.0034627663,0.33962914,0.053238954,0.46063516,0.023441968
375316653866487564,4052623629060523520,0.45991972,2226.4662275720143,2.673873593802806,2.5504109E-5,18.996206,0.12752399,0.19116914,0.009067529,0.12680756,0.044593822,0.3165615,0.10020931,0.72937053,0.0046859407,0.12177954,0.021933198,0.32525924,0.1477857,null,null,null,null,"TWOGAUSSIANS",8,3.7665083,0.72987056,0.0045539336,0.4,0.0,0.26416585,0.075456664,0.19080915,0.008317164,0.4,0.0,0.2552744,0.026487708
375316653866487564,4052623667618992128,0.47790676,2218.7690588983605,0.24627321749418685,8.264811E-5,18.170645,0.0077131237,0.26543078,0.024584284,0.11250498,0.035106473,0.03836704,0.00915306,0.8154225,0.005265524,0.05028805,0.0071974183,0.15130621,0.0205215,null,null,null,null,"TWOGAUSSIANS",8,1.9737206,0.8154325,0.005264691,0.28161308,0.040305544,0.15097374,0.020710472,0.26543078,0.024584284,0.4,0.0,0.03802143,0.008525064
375316653866487564,4052623702003963008,0.4712201,2216.77014033231,0.3250252733018234,9.039183E-5,18.259787,0.07228803,0.07027245,0.015157731,0.025375642,0.017678669,0.14438412,0.105535254,0.42945483,0.011458737,0.13734443,0.035832055,0.27667117,0.066292964,null,null,null,null,"TWOGAUSSIANS",8,6.4312224,0.42945483,0.011458737,0.4,0.0,0.27593806,0.060342807,0.07105245,0.014041443,0.1421036,0.09900054,0.15277721,0.11156794
375316653866487564,4052623731965132416,0.6912218,2209.0256637104,0.04472366145466069,1.0334463E-6,15.231663,7.223767E-4,0.91337657,2.3724895E-6,0.0010606163,5.4291286E-6,0.5289262,0.0021330633,null,null,null,null,null,null,null,null,null,null,"ONEGAUSSIAN",5,3.8020992,0.91337657,2.3724895E-6,0.0059394515,3.040312E-5,0.5289262,0.0,null,null,null,null,null,null
375316653866487564,4052623736338251776,0.45000315,2166.646997259015,0.13520892919851682,2.1892052E-5,18.906176,0.21659379,0.3546914,0.045785267,0.17571637,0.110748194,0.2501818,0.2064923,0.7786406,0.028289888,0.13396835,0.01755101,0.48231116,0.14837146,null,null,null,null,"TWOGAUSSIANS",8,4.905961,0.7786406,0.028289888,0.4,0.0,0.38490778,0.022772102,0.36667138,0.050792977,0.4,0.0,0.14171244,0.029382698
375316653866487564,4052623903938383616,0.5554081,2271.100616819982,0.2239826607967857,8.116564E-5,17.50952,0.008635591,0.2508334,1.5799189E-5,0.012364766,2.0017405E-4,1.4972825,0.015384995,null,null,null,null,null,null,null,null,null,null,"ONEGAUSSIAN",5,45.246128,0.2508334,1.5799189E-5,0.069242686,0.0011209747,1.4972825,0.0,null,null,null,null,null,null
375316653866487564,4052623903938465024,0.5133869,2153.1560036573487,0.17445213759708286,4.7093523E-5,18.971075,0.09441906,0.3457396,0.0520104,0.0566615,0.037569243,0.4513455,0.27625397,0.79450846,0.0143362675,0.13843618,0.040992882,0.37643322,0.096101135,null,null,null,null,"TWOGAUSSIANS",8,6.332668,0.3460396,0.052355036,0.3173044,0.21038777,0.44026154,0.27196106,0.79450846,0.0143362675,0.4,0.0,0.3632403,0.07241168
375316653866487564,4052624079963535104,0.5258273,2307.6861882592248,0.2061707153597903,2.2705446E-5,18.399063,0.020236667,0.11549253,0.03587636,0.063489616,0.021713382,0.17810275,0.23712344,0.43617395,0.0046794466,0.069775894,0.0055722906,0.3434231,0.024347818,null,null,null,null,"TWOGAUSSIANS",8,0.93691677,0.43617395,0.0046794466,0.39074498,0.022099642,0.34342247,0.024351967,0.11550253,0.035890345,0.35554183,0.10259006,0.1781105,0.23712677
375316653866487564,4052624114323262336,0.5219568,2299.5840451402664,2.2396325421903414,2.6223795E-5,18.560318,0.017112276,0.29157457,0.0056374776,0.09029746,0.0068617216,0.3731733,0.022115847,0.8390665,0.026926864,0.05641941,0.01872909,0.39129838,0.014922734,null,null,null,null,"TWOGAUSSIANS",8,4.062335,0.8390665,0.026926864,0.3159487,0.087236665,0.39060083,0.017320765,0.29157457,0.0056374776,0.4,0.0,0.37247443,0.02045292
375316653866487564,4052624183016068736,0.49485797,2306.1599942060943,0.14652634328452507,7.2552495E-5,18.553768,0.04661167,0.2880892,0.009680269,0.093553424,0.032301944,0.21077266,0.034030538,0.7837565,0.04533935,0.10489531,0.05690496,0.19494824,0.05892685,null,null,null,null,"TWOGAUSSIANS",8,2.36169,0.2880892,0.009695312,0.4,0.0,0.19480418,0.042661536,0.7837565,0.04533935,0.4,0.08401982,0.1789754,0.054504756
375316653866487564,4052624320455094400,0.4707122,2257.0225442634946,0.24475990841248568,4.4055032E-5,18.748795,0.011157363,0.24397585,7.493801E-5,0.021224545,7.739127E-4,0.49068326,0.001238918,0.7495885,0.005441262,0.07332619,0.015763804,0.17249618,0.047994662,null,null,null,null,"TWOGAUSSIANS",8,3.488243,0.24397585,7.493801E-5,0.11885745,0.004333911,0.49068302,0.0012414212,0.7495885,0.005441262,0.4,0.013051638,0.17249595,0.047999654
375316653866487564,4052624384898942208,0.50911987,2310.2302902050405,0.9497279069752886,2.4624333E-5,19.1136,0.037105013,0.24503279,0.019608274,0.077966444,0.033405915,0.19211312,0.023273913,0.7534031,0.032416575,0.09494984,0.04397905,0.1452941,0.048150364,null,null,null,null,"TWOGAUSSIANS",8,1.5301241,0.24503279,0.019615375,0.4,0.0,0.1877741,0.01774007,0.7534031,0.032416575,0.4,2.4830532E-4,0.14095478,0.04117112
375316653866487564,4052624487978559104,0.4621686,2289.025608268519,0.5103724070255999,3.2172761E-6,18.189442,0.0030565278,0.58797807,0.0016263863,0.01557873,0.0026596584,0.2939551,0.1102426,0.95353895,0.028062044,0.018942622,0.015910396,0.015886633,713.5975,null,null,null,null,"TWOGAUSSIANS",8,1.9315917,0.58797807,0.0016263863,0.08724089,0.014894088,0.2939551,0.1102426,0.95353895,0.028062044,0.106078684,0.08909822,0.015886633,713.5975
375316653866487564,4052624522338387456,0.49881718,2189.022070541714,0.06019455025643477,2.559319E-5,18.768173,0.029510932,0.19584772,0.055827215,0.05075347,0.049153306,0.24199112,88.94212,0.76357234,0.007761317,0.10481091,0.016721863,0.27938396,0.026803043,null,null,null,null,"TWOGAUSSIANS",8,4.7529726,0.76357234,0.007761317,0.4,0.0,0.27874294,0.025667012,0.19582771,0.055798683,0.28421944,0.2752585,0.24140681,88.94274
375316653866487564,4052624522338674560,0.44682294,2268.098461364565,0.5213580221207589,5.4851287E-5,16.682188,0.009568913,0.14531103,0.016644426,0.07781858,0.015953323,0.040511064,0.009802781,0.51159245,0.008426413,0.099009186,0.026144156,0.032404345,0.009717396,null,null,null,null,"TWOGAUSSIANS",8,2.5776749,0.14550103,0.016495742,0.4,0.016088508,0.0404306,0.0093623,0.51159245,0.008426413,0.4,0.0,0.03228981,0.009044521
375316653866487564,4052624762857822208,0.49282017,2298.5055626196613,0.10918705661222379,4.4861077E-5,17.595177,0.011132409,0.338427,0.043744795,0.04605288,0.02044393,0.29953158,0.083719015,0.78431094,0.027267696,0.092194535,0.019331316,0.15905558,0.026651604,null,null,null,null,"TWOGAUSSIANS",8,10.185638,0.338427,0.043744404,0.25789613,0.11448601,0.29941392,0.0836224,0.78431094,0.027267696,0.4,0.0,0.15893659,0.026548037
