Gaia/vari_eclipsing_binary/VariEclipsingBinary_057431-057578.csv
# %ECSV 1.0
# ---
# delimiter: ','
# meta: !!omap
# - RELEASE: Gaia DR3
# - TABLE: vari_eclipsing_binary
# - DESCRIPTION: >
#     This table describes the properties of the eclipsing binaries resulting from the variability analysis. 
# - CITATION: >
#     How to cite and acknowledge Gaia: 
#     https://gea.esac.esa.int/archive/documentation/credits.html 
# - KNOWN_ISSUES: >
#     Known issues: 
#     https://www.cosmos.esa.int/web/gaia-users/known-issues 
# - DOCUMENTATION: >
#     Tutorials and documentation: 
#     https://www.cosmos.esa.int/web/gaia-users/archive 
# datatype:
# - 
#   name: solution_id
#   datatype: int64
#   description: Solution Identifier
#   meta:
#     ucd: meta.version
# - 
#   name: source_id
#   datatype: int64
#   description: Unique source identifier
#   meta:
#     ucd: meta.id;meta.main
# - 
#   name: global_ranking
#   datatype: float32
#   description: Number between 0 (worst) and 1 (best)
#   meta:
#     ucd: stat.param
# - 
#   name: reference_time
#   datatype: float64
#   unit: d
#   description: Reference time used for the geometric model fit
#   meta:
#     ucd: time.epoch
# - 
#   name: frequency
#   datatype: float64
#   unit: d**-1
#   description: Frequency of geometric model of the eclipsing binary light curve
#   meta:
#     ucd: src.orbital
# - 
#   name: frequency_error
#   datatype: float32
#   unit: d**-1
#   description: "Uncertainty of \\texttt{frequency}"
#   meta:
#     ucd: stat.error
# - 
#   name: geom_model_reference_level
#   datatype: float32
#   unit: mag
#   description: Magnitude reference level of geometric model
#   meta:
#     ucd: phot.mag;em.opt
# - 
#   name: geom_model_reference_level_error
#   datatype: float32
#   unit: mag
#   description: "Uncertainty of \\texttt{geomModelReferenceLevel}"
#   meta:
#     ucd: stat.error;phot.mag;em.opt
# - 
#   name: geom_model_gaussian1_phase
#   datatype: float32
#   description: Phase of the Gaussian 1 component
#   meta:
#     ucd: time.phase
# - 
#   name: geom_model_gaussian1_phase_error
#   datatype: float32
#   description: "Uncertainty of \\texttt{geomModelGaussian1Phase}"
#   meta:
#     ucd: stat.error;time.phase
# - 
#   name: geom_model_gaussian1_sigma
#   datatype: float32
#   description: "Standard deviation [phase] of Gaussian 1 component"
#   meta:
#     ucd: stat.stdev
# - 
#   name: geom_model_gaussian1_sigma_error
#   datatype: float32
#   description: "Uncertainty of \\texttt{geomModelGaussian1Sigma}"
#   meta:
#     ucd: stat.error
# - 
#   name: geom_model_gaussian1_depth
#   datatype: float32
#   unit: mag
#   description: Magnitude depth of Gaussian 1 component
#   meta:
#     ucd: src.var.amplitude
# - 
#   name: geom_model_gaussian1_depth_error
#   datatype: float32
#   unit: mag
#   description: "Uncertainty of \\texttt{geomModelGaussian1Depth}"
#   meta:
#     ucd: stat.error;src.var.amplitude
# - 
#   name: geom_model_gaussian2_phase
#   datatype: float32
#   description: Phase of Gaussian 2 component
#   meta:
#     ucd: time.phase
# - 
#   name: geom_model_gaussian2_phase_error
#   datatype: float32
#   description: "Uncertainty of \\texttt{geomModelGaussian2Phase}"
#   meta:
#     ucd: stat.error;time.phase
# - 
#   name: geom_model_gaussian2_sigma
#   datatype: float32
[...]
#   datatype: float32
#   description: "Secondary eclipse: uncertainty of \\texttt{derivedSecondaryEclDuration}"
#   meta:
#     ucd: stat.error;time.duration
# - 
#   name: derived_secondary_ecl_depth
#   datatype: float32
#   unit: mag
#   description: "Secondary eclipse: depth"
#   meta:
#     ucd: src.var.amplitude
# - 
#   name: derived_secondary_ecl_depth_error
#   datatype: float32
#   unit: mag
#   description: "Secondary eclipse: uncertainty of \\texttt{derivedSecondaryEclDepth}"
#   meta:
#     ucd: stat.error;src.var.amplitude
solution_id,source_id,global_ranking,reference_time,frequency,frequency_error,geom_model_reference_level,geom_model_reference_level_error,geom_model_gaussian1_phase,geom_model_gaussian1_phase_error,geom_model_gaussian1_sigma,geom_model_gaussian1_sigma_error,geom_model_gaussian1_depth,geom_model_gaussian1_depth_error,geom_model_gaussian2_phase,geom_model_gaussian2_phase_error,geom_model_gaussian2_sigma,geom_model_gaussian2_sigma_error,geom_model_gaussian2_depth,geom_model_gaussian2_depth_error,geom_model_cosine_half_period_amplitude,geom_model_cosine_half_period_amplitude_error,geom_model_cosine_half_period_phase,geom_model_cosine_half_period_phase_error,model_type,num_model_parameters,reduced_chi2,derived_primary_ecl_phase,derived_primary_ecl_phase_error,derived_primary_ecl_duration,derived_primary_ecl_duration_error,derived_primary_ecl_depth,derived_primary_ecl_depth_error,derived_secondary_ecl_phase,derived_secondary_ecl_phase_error,derived_secondary_ecl_duration,derived_secondary_ecl_duration_error,derived_secondary_ecl_depth,derived_secondary_ecl_depth_error
[from data line 392]
375316653866487564,505730341824042752,0.5883832,2151.633245574616,3.3116317366438515,7.733643E-6,18.80223,0.0052738446,0.2490157,0.0018877978,0.048792284,0.0046068667,0.17053188,0.015893776,0.7555711,0.003663887,0.04389348,0.004121221,0.13785061,0.014657059,0.08513576,0.007172277,0.2490157,0.0018877978,"TWOGAUSSIANS_WITH_ELLIPSOIDAL_ON_ECLIPSE1",9,1.1396726,0.2490157,0.0018877978,0.27323678,0.025798453,0.34080303,0.0134702725,0.7555711,0.003663887,0.24580349,0.023078838,0.30783305,0.010145087
375316653866487564,505732300329369472,0.6256076,2166.9697636284636,0.3827321077796079,1.1399941E-5,15.117226,6.9661293E-4,0.29689997,0.0021769868,0.021017373,0.0035835628,0.02188881,0.0021544497,0.7994018,7.531272E-4,0.021425588,0.0010728405,0.20730256,0.0024417068,null,null,null,null,"TWOGAUSSIANS",8,6.055786,0.7994018,7.531272E-4,0.11998329,0.0060079074,0.20730256,0.0024417068,0.29689997,0.0021769868,0.11769729,0.020067953,0.02188881,0.0021544497
375316653866487564,505732502186673408,0.60223675,2161.9135189099457,1.914044330002169,7.845667E-6,18.110455,0.0057752295,0.21239462,0.002092467,0.04455229,0.0025328721,0.19004105,0.017156625,0.7135763,8.626268E-4,0.044120073,0.0014254054,0.48608658,0.019599464,0.04363702,0.0089180535,0.21239462,0.002092467,"TWOGAUSSIANS_WITH_ELLIPSOIDAL_ON_ECLIPSE1",9,4.5886693,0.7135763,8.626268E-4,0.2470724,0.00798227,0.57335573,0.016525956,0.21239462,0.002092467,0.24949281,0.014184084,0.277315,0.01003353
375316653866487564,505733846517558272,0.4460553,2176.752344144675,2.2490136398872957,2.5944395E-5,18.02287,0.0042688493,0.13926087,0.0052597974,0.04704684,0.005209138,0.14301522,0.01138791,0.45778078,0.022065444,0.04348991,0.029416729,0.057567596,0.046216764,null,null,null,null,"TWOGAUSSIANS",8,9.163376,0.13926087,0.0052597974,0.2634623,0.029171174,0.14301522,0.01138791,0.45778078,0.022065444,0.24354349,0.16473368,0.057567596,0.046216764
375316653866487564,505734701207384448,0.5170225,2188.5180237495083,3.0555251651531306,1.299287E-5,17.818733,0.015093973,0.23242117,0.005265407,0.08214283,0.008242188,0.2228086,0.0133754965,0.73700386,0.0033803352,0.09434275,0.0077784494,0.23378497,0.015374705,null,null,null,null,"TWOGAUSSIANS",8,7.015089,0.73700386,0.0033803352,0.4,0.0,0.22612819,0.012620934,0.23242117,0.005265407,0.4,0.0,0.21515219,0.009926009
375316653866487564,505734808590183168,0.57863814,2179.9701842,2.4205763272181513,7.241206E-6,14.9183,0.033767965,0.23990825,0.0014133665,0.05462963,0.005748625,0.45041472,0.07179078,0.7374177,0.0015878581,0.06719406,0.004974592,0.6439288,0.069948584,0.034183834,0.043054923,0.7374177,0.0015878581,"TWOGAUSSIANS_WITH_ELLIPSOIDAL_ON_ECLIPSE2",9,333.22275,0.7374177,0.0015878581,0.37628672,0.027857713,0.71173286,0.03676581,0.23981826,0.0013848629,0.30592594,0.032192297,0.5182026,0.017712718
375316653866487564,505735530144655488,0.5378193,2189.4352154756193,1.0898504154520958,2.6515685E-5,18.98329,0.002696955,0.19440827,0.0012656184,0.0068861376,0.002513935,0.41803074,0.024803407,0.6931122,0.0020928346,0.018606102,0.0020208878,0.54133344,0.082518555,null,null,null,null,"TWOGAUSSIANS",8,2.5607529,0.6931122,0.0020928346,0.10419417,0.011316972,0.54133344,0.082518555,0.19440827,0.0012656184,0.03856237,0.014078037,0.41803074,0.024803407
375316653866487564,505735628920364800,0.5194968,2193.3312499289755,3.2095288110342377,1.2139501E-5,19.903408,0.014050201,0.26622117,0.0024545589,0.052984927,0.0072166207,0.3643881,0.08083476,0.7632078,0.0025638884,0.04775604,0.0060890843,0.33924618,0.0535724,0.12643582,0.019500094,0.26622117,0.0024545589,"TWOGAUSSIANS_WITH_ELLIPSOIDAL_ON_ECLIPSE1",9,1.7864146,0.26622117,0.0024545589,0.2967156,0.040413074,0.6172538,0.090303525,0.7635678,0.0022146986,0.26743382,0.03409887,0.59203196,0.05136388
375316653866487564,505736694073004928,0.5748508,2151.8788852579564,2.569602175799144,5.520282E-6,19.013235,0.007535431,0.18276231,0.0033559143,0.076516494,0.0055022556,0.4132236,0.021938376,0.68061376,0.0014987183,0.07384018,0.0024840154,0.39300784,0.010400696,null,null,null,null,"TWOGAUSSIANS",8,1.6610854,0.18276231,0.0033559143,0.4,0.0,0.4101725,0.022793619,0.68061376,0.0014987183,0.4,0.0,0.38995674,0.010159761
375316653866487564,505737179411923712,0.5813004,2160.7854070181916,0.3135448701051032,2.8791634E-5,16.983452,0.00782429,0.20342705,0.004128847,0.037064824,0.005049677,0.18289793,0.025804115,0.69285256,0.0014287237,0.040490866,0.0019149828,0.8371254,0.025208438,0.051207703,0.010276342,0.20342705,0.004128847,"TWOGAUSSIANS_WITH_ELLIPSOIDAL_ON_ECLIPSE1",9,25.512365,0.6930126,0.0014016947,0.22674885,0.010723904,0.93909633,0.025021194,0.20342705,0.004128847,0.20756301,0.028278193,0.2853133,0.020103412
375316653866487564,505737557369032576,0.43115288,2161.8342944912492,1.3496449746958803,4.4033786E-5,14.581224,0.113153465,0.2734062,0.00868882,0.13766518,0.019152256,0.22431754,0.06855983,0.74350643,0.01837571,0.34047824,0.021971233,0.5312073,0.10949685,null,null,null,null,"TWOGAUSSIANS",8,268.62527,0.2864162,0.0102793835,0.4,0.0,0.10888567,0.006795737,0.74350643,0.01837571,0.4,0.0,0.06701078,0.005021035
375316653866487564,505737694807987200,0.4806862,2160.686466927441,2.1166567208671325,1.1559292E-5,18.949562,0.009606016,0.17478839,0.0067823054,0.07859996,0.009253477,0.14197764,0.01078389,0.65878135,0.0033469442,0.065252945,0.004830321,0.19729799,0.012733889,null,null,null,null,"TWOGAUSSIANS",8,2.9862578,0.65878135,0.0033469442,0.36541647,0.027049795,0.19677185,0.01255869,0.17478839,0.0067823054,0.4,0.0,0.14145148,0.0105281165
375316653866487564,505739515874108544,0.56243193,2166.9793298218465,1.4491558083121168,5.6654308E-6,18.733019,0.0026987894,0.2626026,0.0016965637,0.03223067,0.0016573126,0.43490538,0.030131547,0.76155823,0.005096667,0.037718907,0.0046364698,0.1495442,0.010447529,null,null,null,null,"TWOGAUSSIANS",8,1.895765,0.2626026,0.0016965637,0.18049176,0.009280951,0.43490538,0.030131547,0.76155823,0.005096667,0.21122588,0.02596423,0.1495442,0.010447529
375316653866487564,505742642612280192,0.53352046,2164.9520865876193,0.1920492267362845,2.0538613E-5,17.801395,0.0022145547,0.14221942,0.0042962544,0.005752671,0.003199782,0.41391608,0.72984964,0.47237757,0.009825455,0.018852992,0.008746039,0.15817569,0.11311613,null,null,null,null,"TWOGAUSSIANS",8,4.640089,0.14221942,0.0042962544,0.03221496,0.017918779,0.41391608,0.72984964,0.47237757,0.009825455,0.10557675,0.04897782,0.15817569,0.11311613
375316653866487564,505744429318616704,0.49545687,2148.230265130871,0.662938462866271,1.7437858E-5,11.984326,0.060608003,0.2442038,0.0067570596,0.18975629,0.03152655,0.27482775,0.05281937,0.7461431,0.007993214,0.2235139,0.042465523,0.3102332,0.06875213,null,null,null,null,"TWOGAUSSIANS",8,37.45974,0.7477631,0.009871105,0.4,0.0,0.04636959,0.0017783088,0.2419838,0.0061771357,0.4,0.0,0.044690702,0.001972134
375316653866487564,505744601117433088,0.64385086,2181.896144649631,1.1515182431276303,3.4129848E-6,16.711721,0.002537826,0.2533992,7.214871E-4,0.035737727,9.396683E-4,0.43515864,0.0068176105,0.7539416,0.003264382,0.03334449,0.0035750587,0.08421841,0.006879718,0.015662566,0.002931886,0.2533992,7.214871E-4,"TWOGAUSSIANS_WITH_ELLIPSOIDAL_ON_ECLIPSE1",9,3.6845083,0.2533992,7.214871E-4,0.20013127,0.0052621425,0.46648377,0.0061513605,0.7539416,0.0032016374,0.18672913,0.020020328,0.11554317,0.004963627
375316653866487564,505746181664982016,0.50586283,2184.7144522804097,1.112129913651522,5.495527E-5,18.887766,0.006261734,0.2286256,0.0097465785,0.0120865125,0.009040053,0.19340122,0.06517904,0.73362964,0.012092962,0.014688357,0.013132486,0.739296,0.2055558,null,null,null,null,"TWOGAUSSIANS",8,9.882472,0.73362964,0.012092962,0.0822548,0.073541924,0.739296,0.2055558,0.2286256,0.0097465785,0.067684464,0.0506243,0.19340122,0.06517904
375316653866487564,505748685622924160,0.5283552,2160.3947688336493,2.7702323957788644,1.9990106E-5,18.468435,0.007201334,0.24509127,0.004634221,0.0860453,0.0061138975,0.17940357,0.008790872,0.7666113,0.0051480164,0.09900527,0.0059183454,0.19044939,0.013161008,null,null,null,null,"TWOGAUSSIANS",8,2.197685,0.7666113,0.0051480164,0.4,0.0,0.18348399,0.013730241,0.24509127,0.004634221,0.4,0.0,0.17243995,0.00772407
375316653866487564,505748926141284096,0.4763254,2183.980610846225,2.2763761721166578,1.3764966E-5,18.277424,0.0063134455,0.28995,0.0066428934,0.03415461,0.0048755305,0.35233542,0.09000947,0.7598014,0.0076946584,0.018638581,0.016871212,0.10204294,0.05033712,0.038334277,0.009903213,0.28995,0.0066428934,"TWOGAUSSIANS_WITH_ELLIPSOIDAL_ON_ECLIPSE1",9,11.460981,0.28995,0.0066428934,0.1912658,0.027302971,0.42900395,0.08934665,0.76040137,0.0063689044,0.104376055,0.094478786,0.17604612,0.05734159
375316653866487564,505751541784370560,0.5722114,2159.006805798365,2.233397300866125,9.641506E-6,19.56028,0.0071018194,0.25489473,0.0017607851,0.051572092,0.0018332367,0.8285256,0.02630435,0.75576013,0.004668114,0.063854314,0.005736366,0.35630003,0.028842462,null,null,null,null,"TWOGAUSSIANS",8,2.0993485,0.25489473,0.0017607851,0.28880373,0.010266125,0.828442,0.026309025,0.75576013,0.004668114,0.35758418,0.03212365,0.3562164,0.028881926
375316653866487564,505751782302521600,0.4807215,2138.6803858653293,1.0295324408709379,4.1588514E-6,17.956858,0.0045897327,0.15616119,3.822486E-4,0.012208793,0.0019978806,0.10521285,0.026765842,0.64932895,0.0015021663,0.018756518,9.1488526E-4,0.4250324,0.015106483,null,null,null,null,"TWOGAUSSIANS",8,20.251835,0.64932895,0.0015021663,0.105036505,0.0051233578,0.4250324,0.015106483,0.15616119,3.822486E-4,0.06836924,0.011188132,0.10521285,0.026765842
375316653866487564,505752950533561344,0.5423971,2146.534057780178,1.4160457015202381,8.088667E-6,19.75304,0.005597088,0.25240213,0.013422449,0.028328855,0.007146655,0.50174826,0.0415406,0.75166684,0.0011419314,0.024291,0.0029639255,0.9179468,0.24435034,null,null,null,null,"TWOGAUSSIANS",8,1.9876091,0.75166684,0.0011419314,0.13602959,0.016597982,0.9179468,0.24435034,0.25240213,0.013422449,0.15864159,0.04002127,0.50174826,0.0415406
375316653866487564,505755939830784768,0.622574,2161.8281866705465,0.24789310802193892,1.3238064E-6,13.933695,4.3228173E-4,0.33238575,2.4570205E-4,0.010364689,0.001037788,0.16600305,0.01248657,0.83301306,0.0025552765,0.012049472,0.0018172552,0.14285246,0.010010318,null,null,null,null,"TWOGAUSSIANS",8,8.95211,0.33238575,2.4570205E-4,0.058042254,0.005811613,0.16600305,0.01248657,0.83301306,0.0025552765,0.06747704,0.010176629,0.14285246,0.010010318
375316653866487564,505756764464484608,0.68089813,2190.6091642378237,2.209152876409151,2.9334367E-6,15.844291,0.0059997016,0.21244442,0.0015504421,0.04606721,0.0034057146,0.10649382,0.0149870375,0.7118905,6.933053E-4,0.05035158,0.0012049574,0.48869038,0.013664342,0.082454816,0.0075817597,0.21244442,0.0015504421,"TWOGAUSSIANS_WITH_ELLIPSOIDAL_ON_ECLIPSE1",9,12.59943,0.7119305,6.3278584E-4,0.28196883,0.0067477613,0.6535958,0.0065685664,0.21244442,0.0015504421,0.25797638,0.019072002,0.27140114,0.0035971568
375316653866487564,505757760896818432,0.6081551,2129.040519420644,0.5006350791691195,6.8603676E-6,12.3720665,9.3900616E-4,0.22915024,9.109979E-4,0.046137758,0.0019337164,0.09998627,0.007009378,0.72885096,0.012169626,0.028622922,0.016638592,0.01567061,0.0075580953,0.032317944,0.0012099497,0.22915024,9.109979E-4,"TWOGAUSSIANS_WITH_ELLIPSOIDAL_ON_ECLIPSE1",9,19.931002,0.22915024,9.109979E-4,0.25837144,0.010828812,0.16462204,0.00704036,0.728911,0.011289079,0.16028835,0.09317611,0.0803062,0.007467954
375316653866487564,505757898335766912,0.556029,2176.6330417219006,0.5185198381991317,6.880093E-5,16.152046,7.314653E-4,0.24648844,0.0016558368,0.022051675,0.0011671418,0.15033759,0.007789191,null,null,null,null,null,null,null,null,null,null,"ONEGAUSSIAN",5,3.6879828,0.24648844,0.0016558368,0.12348938,0.0065359944,0.15033759,0.0,null,null,null,null,null,null
375316653866487564,505762154640276352,0.5779149,2161.1689437815785,3.1752524932329393,7.446811E-6,18.179249,0.0063637756,0.28071886,0.0018214311,0.056361657,0.008287987,0.0982408,0.01341364,0.77846104,0.009048222,0.03696499,0.0069508576,0.06618319,0.020301173,0.09846837,0.008533829,0.28071886,0.0018214311,"TWOGAUSSIANS_WITH_ELLIPSOIDAL_ON_ECLIPSE1",9,2.1931703,0.28071886,0.0018214311,0.31562528,0.046412725,0.29517195,0.008261585,0.7790111,0.007736707,0.20700394,0.038924802,0.26308432,0.012686016
375316653866487564,505764044426494848,0.47490177,2150.7975758055527,3.1055017067925346,2.4580508E-5,17.357075,0.39882568,0.2590659,0.005227275,0.1366882,0.035579003,0.32761937,0.22526293,0.7576572,0.013123129,0.25209662,0.16242294,0.4385143,0.39812246,null,null,null,null,"TWOGAUSSIANS",8,9.466636,0.2597359,0.004772772,0.4,0.0,0.11841731,0.0075751916,0.7576572,0.013123129,0.4,0.0,0.10776381,0.008661673
375316653866487564,505766213392258432,0.5514432,2141.3960588708696,3.566409881587502,1.5490603E-5,16.54072,0.01160135,0.26192364,0.003929684,0.093260914,0.005389633,0.35327977,0.014398325,0.7477767,0.0018407045,0.09594152,0.005635771,0.31276575,0.010787158,null,null,null,null,"TWOGAUSSIANS",8,39.355007,0.26192364,0.003929684,0.4,0.0,0.33673838,0.013258945,0.7477767,0.0018407045,0.4,0.0,0.29622388,0.008906296
375316653866487564,505766385190949248,0.56575495,2154.783315119382,4.024254853365675,7.0760184E-6,16.129486,0.008102063,0.19028309,0.001980588,0.08187517,0.0033600521,0.29043207,0.010039424,0.6900603,0.002463634,0.09004385,0.00502536,0.30571625,0.008834669,null,null,null,null,"TWOGAUSSIANS",8,25.155964,0.6900603,0.002463634,0.4,0.0,0.29706866,0.008860321,0.19028309,0.001980588,0.4,0.0,0.2817846,0.009399622
375316653866487564,505767965738952064,0.6290258,2161.9458960368424,2.574349302530524,5.291569E-6,16.413336,0.008215228,0.21058707,0.001387457,0.0497176,0.0067235325,0.102014296,0.01662194,0.7109743,0.0023901127,0.051729314,0.0067603337,0.13982745,0.016756088,0.10933767,0.008969631,0.21058707,0.001387457,"TWOGAUSSIANS_WITH_ELLIPSOIDAL_ON_ECLIPSE1",9,7.8877363,0.7109743,0.002312405,0.28968418,0.037857868,0.35849988,0.015560347,0.21058707,0.001387457,0.27841857,0.03765178,0.32068804,0.006770209
375316653866487564,505769546287094784,0.58870715,2153.5608202683197,1.231232759851646,5.2018913E-6,14.247833,0.019716669,0.2684236,0.0020463553,0.09363738,0.0058850036,0.3033435,0.018831734,0.7880514,0.0029891364,0.1032722,0.010811646,0.21568559,0.017162127,null,null,null,null,"TWOGAUSSIANS",8,70.95125,0.2684236,0.0020536145,0.4,0.0,0.28782943,0.010452824,0.7880514,0.0029891364,0.4,0.0,0.20016716,0.012038721
375316653866487564,505770061682912640,0.6172344,2166.492482592881,0.16195737097397345,1.0704389E-6,13.930946,0.0013904704,0.37957183,6.980149E-5,0.006117192,2.3697404E-4,0.33609247,0.014279283,0.88099194,0.005187933,0.0057567884,0.004296642,0.5491805,0.21070592,0.0012430607,0.0018122491,0.37957183,6.980149E-5,"TWOGAUSSIANS_WITH_ELLIPSOIDAL_ON_ECLIPSE1",9,85.290375,0.88099194,0.005187933,0.032238014,0.024061194,0.55166644,0.21132128,0.37957183,6.980149E-5,0.034256276,0.0013270546,0.33857858,0.014380658
375316653866487564,505770851956835328,0.5233289,2146.4608829575996,0.6601228221146894,5.801431E-6,13.868952,0.0016638916,0.23268795,5.0921674E-4,0.018997952,6.5476965E-4,0.19740112,0.006277177,0.69989437,0.003727775,0.01816963,0.0027679293,0.04046026,0.012280035,0.0064767124,0.0023220836,0.69989437,0.003727775,"TWOGAUSSIANS_WITH_ELLIPSOIDAL_ON_ECLIPSE2",9,41.780872,0.23262796,5.054524E-4,0.10638853,0.00366671,0.20981331,0.006846894,0.69989437,0.003727775,0.10174993,0.015500404,0.05341368,0.0101184165
375316653866487564,505775112564369792,0.43158183,2156.6619437705594,4.050305804596176,5.0069182E-5,18.573765,0.005537209,0.48002782,0.029746978,0.0440247,0.029931353,0.09170329,0.032847922,0.71841943,0.00972753,0.09983601,0.016738463,0.09821952,0.01653976,null,null,null,null,"TWOGAUSSIANS",8,5.1464167,0.71841943,0.00972753,0.4,0.0,0.09821886,0.016542403,0.48307782,0.029923523,0.24653833,0.16761558,0.09758599,0.03467305
