Gaia/vari_eclipsing_binary/VariEclipsingBinary_677581-677596.csv
# %ECSV 1.0
# ---
# delimiter: ','
# meta: !!omap
# - RELEASE: Gaia DR3
# - TABLE: vari_eclipsing_binary
# - DESCRIPTION: >
#     This table describes the properties of the eclipsing binaries resulting from the variability analysis. 
# - CITATION: >
#     How to cite and acknowledge Gaia: 
#     https://gea.esac.esa.int/archive/documentation/credits.html 
# - KNOWN_ISSUES: >
#     Known issues: 
#     https://www.cosmos.esa.int/web/gaia-users/known-issues 
# - DOCUMENTATION: >
#     Tutorials and documentation: 
#     https://www.cosmos.esa.int/web/gaia-users/archive 
# datatype:
# - 
#   name: solution_id
#   datatype: int64
#   description: Solution Identifier
#   meta:
#     ucd: meta.version
# - 
#   name: source_id
#   datatype: int64
#   description: Unique source identifier
#   meta:
#     ucd: meta.id;meta.main
# - 
#   name: global_ranking
#   datatype: float32
#   description: Number between 0 (worst) and 1 (best)
#   meta:
#     ucd: stat.param
# - 
#   name: reference_time
#   datatype: float64
#   unit: d
#   description: Reference time used for the geometric model fit
#   meta:
#     ucd: time.epoch
# - 
#   name: frequency
#   datatype: float64
#   unit: d**-1
#   description: Frequency of geometric model of the eclipsing binary light curve
#   meta:
#     ucd: src.orbital
# - 
#   name: frequency_error
#   datatype: float32
#   unit: d**-1
#   description: "Uncertainty of \\texttt{frequency}"
#   meta:
#     ucd: stat.error
# - 
#   name: geom_model_reference_level
#   datatype: float32
#   unit: mag
#   description: Magnitude reference level of geometric model
#   meta:
#     ucd: phot.mag;em.opt
# - 
#   name: geom_model_reference_level_error
#   datatype: float32
#   unit: mag
#   description: "Uncertainty of \\texttt{geomModelReferenceLevel}"
#   meta:
#     ucd: stat.error;phot.mag;em.opt
# - 
#   name: geom_model_gaussian1_phase
#   datatype: float32
#   description: Phase of the Gaussian 1 component
#   meta:
#     ucd: time.phase
# - 
#   name: geom_model_gaussian1_phase_error
#   datatype: float32
#   description: "Uncertainty of \\texttt{geomModelGaussian1Phase}"
#   meta:
#     ucd: stat.error;time.phase
# - 
#   name: geom_model_gaussian1_sigma
#   datatype: float32
#   description: "Standard deviation [phase] of Gaussian 1 component"
#   meta:
#     ucd: stat.stdev
# - 
#   name: geom_model_gaussian1_sigma_error
#   datatype: float32
#   description: "Uncertainty of \\texttt{geomModelGaussian1Sigma}"
#   meta:
#     ucd: stat.error
# - 
#   name: geom_model_gaussian1_depth
#   datatype: float32
#   unit: mag
#   description: Magnitude depth of Gaussian 1 component
#   meta:
#     ucd: src.var.amplitude
# - 
#   name: geom_model_gaussian1_depth_error
#   datatype: float32
#   unit: mag
#   description: "Uncertainty of \\texttt{geomModelGaussian1Depth}"
#   meta:
#     ucd: stat.error;src.var.amplitude
# - 
#   name: geom_model_gaussian2_phase
#   datatype: float32
#   description: Phase of Gaussian 2 component
#   meta:
#     ucd: time.phase
# - 
#   name: geom_model_gaussian2_phase_error
#   datatype: float32
#   description: "Uncertainty of \\texttt{geomModelGaussian2Phase}"
#   meta:
#     ucd: stat.error;time.phase
# - 
#   name: geom_model_gaussian2_sigma
#   datatype: float32
[...]
#   datatype: float32
#   description: "Secondary eclipse: uncertainty of \\texttt{derivedSecondaryEclDuration}"
#   meta:
#     ucd: stat.error;time.duration
# - 
#   name: derived_secondary_ecl_depth
#   datatype: float32
#   unit: mag
#   description: "Secondary eclipse: depth"
#   meta:
#     ucd: src.var.amplitude
# - 
#   name: derived_secondary_ecl_depth_error
#   datatype: float32
#   unit: mag
#   description: "Secondary eclipse: uncertainty of \\texttt{derivedSecondaryEclDepth}"
#   meta:
#     ucd: stat.error;src.var.amplitude
solution_id,source_id,global_ranking,reference_time,frequency,frequency_error,geom_model_reference_level,geom_model_reference_level_error,geom_model_gaussian1_phase,geom_model_gaussian1_phase_error,geom_model_gaussian1_sigma,geom_model_gaussian1_sigma_error,geom_model_gaussian1_depth,geom_model_gaussian1_depth_error,geom_model_gaussian2_phase,geom_model_gaussian2_phase_error,geom_model_gaussian2_sigma,geom_model_gaussian2_sigma_error,geom_model_gaussian2_depth,geom_model_gaussian2_depth_error,geom_model_cosine_half_period_amplitude,geom_model_cosine_half_period_amplitude_error,geom_model_cosine_half_period_phase,geom_model_cosine_half_period_phase_error,model_type,num_model_parameters,reduced_chi2,derived_primary_ecl_phase,derived_primary_ecl_phase_error,derived_primary_ecl_duration,derived_primary_ecl_duration_error,derived_primary_ecl_depth,derived_primary_ecl_depth_error,derived_secondary_ecl_phase,derived_secondary_ecl_phase_error,derived_secondary_ecl_duration,derived_secondary_ecl_duration_error,derived_secondary_ecl_depth,derived_secondary_ecl_depth_error
375316653866487564,5960065647861141120,0.5037264,2215.6885242381763,0.10949864899668015,3.0254689E-5,19.415003,0.0055777603,0.49655586,0.008522882,0.056313813,0.010825166,0.24838412,0.014051515,0.7967132,0.018043963,0.04372716,0.013137228,0.07932444,0.00891934,null,null,null,null,"TWOGAUSSIANS",8,1.4268134,0.49655586,0.008522882,0.31535736,0.060620926,0.24838412,0.014051515,0.7967132,0.018043963,0.24487208,0.07356847,0.0793246,0.008920169
375316653866487564,5960065647861184000,0.48585448,2231.595645569243,4.054638994817183,9.429794E-5,19.103863,0.106190816,0.15921031,0.011261626,0.08432344,0.0155835105,0.5061172,0.107630596,0.54758495,0.02730515,0.11598672,0.08099794,0.1544987,0.09426276,null,null,null,null,"TWOGAUSSIANS",8,6.510743,0.15944031,0.009501999,0.4,0.0,0.5020849,0.09247518,0.54758495,0.02730515,0.4,0.0,0.14990896,0.07648695
375316653866487564,5960065682241811968,0.42743158,2291.8293694524614,4.119486391484757,7.2694E-5,18.097113,0.028708672,0.52043474,0.018505994,0.04249258,0.015107397,0.073633194,0.02674314,0.8281875,0.0176545,0.13993856,0.05390632,0.08605468,0.025723794,null,null,null,null,"TWOGAUSSIANS",8,4.2821884,0.8281875,0.0176545,0.4,0.0,0.08576138,0.023618735,0.52351475,0.020066308,0.23795845,0.084601425,0.081190936,0.035134204
375316653866487564,5960065716600988416,0.47372624,2224.4906483597224,0.4321467185174148,2.6018619E-5,19.538078,0.010544583,0.27060598,0.010150319,0.023485895,0.017342867,0.03067982,2.60212785E12,null,null,null,null,null,null,0.12990902,0.005210673,0.27060598,0.010150319,"ONEGAUSSIAN_WITH_ELLIPSOIDAL",6,2.8120213,0.27060598,0.010150319,0.13152102,0.097120054,0.29049778,2.60212785E12,null,null,null,null,null,null
375316653866487564,5960065746603520256,0.65528333,2242.0093890735366,2.6120468487341757,3.2164753E-5,16.920172,0.09206629,0.20128742,0.0074717826,0.055774517,0.023018068,0.56511897,0.055923548,0.7010809,0.0015551532,0.05564178,0.020769434,0.402326,0.14453028,0.08808327,0.088683344,0.20128742,0.0074717826,"TWOGAUSSIANS_WITH_ELLIPSOIDAL_ON_ECLIPSE1",9,17.94797,0.20128742,0.0074717826,0.3123373,0.087570466,0.741244,0.16931014,0.70110095,0.0015148527,0.31159398,0.10263461,0.5784508,0.06233765
375316653866487564,5960065854020036736,0.47551838,2120.1627786484355,0.21178248102366307,5.2249314E-5,18.786747,1.010973,0.37235698,0.041811705,0.12710164,0.036860757,0.7820837,0.62233853,0.81986284,0.011693844,0.20329002,0.10683108,1.050142,0.99517655,null,null,null,null,"TWOGAUSSIANS",8,3.4672964,0.81986284,0.011693844,0.4,0.0,0.5973671,0.10954082,0.39111698,0.026914245,0.4,0.0,0.4530276,0.19890772
375316653866487564,5960065922759459584,0.5318639,2223.7228659145303,2.645883163851159,1.6175381E-5,17.546091,0.010280009,0.17903283,0.06224909,0.065537274,0.04271821,0.5017681,0.19490859,0.67676437,0.0040892498,0.07750339,0.0054448186,0.4001846,0.0447538,null,null,null,null,"TWOGAUSSIANS",8,19.504988,0.17903283,0.06224909,0.36700875,0.23575526,0.4999114,0.19371371,0.67676437,0.0040892498,0.4,0.0,0.3983279,0.04498592
375316653866487564,5960066025821650944,0.49992573,2251.333866806844,2.4967077443786323,5.9952956E-5,17.842903,0.035624262,0.22364408,0.010147712,0.10654232,0.04788267,0.090605535,0.029639576,0.67511797,0.007897949,0.10938666,0.022343475,0.13162495,0.034336396,null,null,null,null,"TWOGAUSSIANS",8,4.439028,0.67511797,0.007897949,0.4,0.0,0.122970395,0.01648649,0.22376408,0.009957485,0.4,0.0,0.081966236,0.02168436
375316653866487564,5960066163278172928,0.48478144,2273.24367719991,0.7797377781856218,8.428323E-5,17.576025,0.0074792807,0.08886729,0.05186883,0.075956255,0.03046682,0.033427257,0.010275229,0.7270302,0.020493137,0.057898276,0.008234797,0.18178414,0.040498987,null,null,null,null,"TWOGAUSSIANS",8,14.822156,0.7270302,0.020493483,0.32423034,0.046114862,0.18178296,0.040497426,0.08886729,0.05186883,0.4,0.0822475,0.033425692,0.010254156
375316653866487564,5960066335059199360,0.46920303,2200.856742080391,2.6438833508004618,4.6421246E-5,18.851469,0.020338593,0.2425509,0.0076555447,0.091061585,0.016478218,0.119461186,0.022462454,0.73101145,0.051658157,0.08408219,0.043295853,0.13832441,0.021849168,null,null,null,null,"TWOGAUSSIANS",8,2.4507916,0.73101145,0.051658157,0.4,0.15326041,0.13472864,0.017886756,0.2425509,0.0076555447,0.4,0.0,0.11586534,0.01743541
375316653866487564,5960066365081739904,0.46789598,2208.508559615508,3.214932903201315,7.705367E-5,18.901695,0.006990771,0.519665,0.011841475,0.14814043,0.01924491,0.13239579,0.012238676,0.1642258,0.022672206,0.042262696,0.037056882,0.02500296,0.086285114,null,null,null,null,"TWOGAUSSIANS",8,2.498082,0.519665,0.011841475,0.4,0.0,0.13145569,0.012496292,0.1743258,0.33326328,0.2366711,0.2004928,0.032112956,0.08583675
375316653866487564,5960066438156139392,0.4509758,2241.990513827998,0.40400037236680436,4.1031846E-5,13.854311,0.0021233025,0.24117444,0.019332016,0.08081529,0.0298166,0.011091603,0.0021321643,0.7019576,0.013462483,0.091036946,0.027504416,0.006826028,0.0021184909,null,null,null,null,"TWOGAUSSIANS",8,3.1306992,0.24117444,0.019325018,0.4,0.028931057,0.010967575,0.0017377996,0.7019576,0.013462483,0.4,0.0,0.0067019826,0.0016602442
375316653866487564,5960066506875621760,0.56733453,2217.6439963958733,4.205032959283361,3.8024755E-5,17.27227,0.008772375,0.16806391,0.0022919998,0.014503177,0.0069831656,1.9120898,175.9169,0.780447,0.0065673995,0.041034516,0.00357515,1.3957914,0.3903916,null,null,null,null,"TWOGAUSSIANS",8,41.43352,0.16806391,0.0022919998,0.08121779,0.03910573,1.9120898,175.9169,0.780447,0.0065673995,0.2297933,0.02002084,1.3957914,0.3903916
375316653866487564,5960067125334076160,0.46120688,2252.7854719963693,0.30848062888293215,1.6519125E-5,19.86481,0.013939153,0.10071535,0.013359208,0.030294934,0.006427216,0.4845012,0.14102572,0.842939,0.016273547,0.05270652,0.014992288,0.1736803,0.034404606,null,null,null,null,"TWOGAUSSIANS",8,2.2169805,0.10071535,0.013359208,0.16965163,0.03599241,0.48450232,0.1410243,0.842939,0.016273547,0.2951565,0.083956815,0.1736803,0.034404606
375316653866487564,5960067292791924992,0.51420516,2213.13357335759,0.4866835926175965,3.8712144E-5,15.857582,0.004392693,0.3845162,0.05980011,0.04262329,0.03235447,0.1896975,0.20704594,0.78921336,0.022260867,0.054944865,0.012517179,0.51849025,1.6878942,null,null,null,null,"TWOGAUSSIANS",8,42.004974,0.78921336,0.022260867,0.30769125,0.0700962,0.51849025,1.6878943,0.3845162,0.05980011,0.23869042,0.18118504,0.1896975,0.20704567
375316653866487564,5960067503291275136,0.45080978,2281.2743817663895,0.16945073701172414,2.2276026E-5,18.596111,0.007871484,0.3468713,0.014760359,0.1008053,0.022608478,0.10172416,0.033640727,0.7872653,0.004244081,0.048154656,0.006354807,0.21683002,0.09063731,null,null,null,null,"TWOGAUSSIANS",8,2.7113874,0.7872653,0.004244081,0.26966608,0.03558692,0.21663098,0.09072922,0.3468713,0.014760359,0.4,0.0,0.10151783,0.03397451
375316653866487564,5960067533312972672,0.54479265,2277.8694539195035,2.9843729814193614,1.9969963E-5,18.325098,0.031418387,0.29859212,0.0037597392,0.043400258,0.010544426,0.26170066,0.14028153,0.80245405,0.0041795084,0.05624475,0.0096216705,0.36465713,0.079481184,0.11692922,0.050822712,0.29859212,0.0037597392,"TWOGAUSSIANS_WITH_ELLIPSOIDAL_ON_ECLIPSE1",9,16.427734,0.80245405,0.0041795084,0.31497058,0.05388136,0.5983642,0.050769042,0.29859212,0.0037597392,0.24304144,0.059048783,0.49554536,0.12506911
375316653866487564,5960067778186598656,0.58521676,2226.2694610941458,1.8539521655759217,6.220647E-6,16.6754,0.001250588,0.7693733,0.0019161502,0.06571679,0.014827835,0.03064536,0.0036281494,null,null,null,null,null,null,0.07885935,0.0015528251,0.7693733,0.0019161502,"ONEGAUSSIAN_WITH_ELLIPSOIDAL",6,2.9375002,0.7693733,0.0019161502,0.368014,0.08275462,0.18834168,0.0036499505,null,null,null,null,null,null
375316653866487564,5960067808190836864,0.5396227,2265.9216325068523,1.6493052326021975,1.2196174E-5,17.300735,0.07954402,0.228562,0.0042757513,0.11299341,0.027562227,0.18350874,0.07635538,0.7426309,0.04741961,0.12275907,0.055708278,0.20062715,0.11003726,null,null,null,null,"TWOGAUSSIANS",8,5.357114,0.74266094,0.04739467,0.4,0.0,0.16500565,0.10425867,0.22846201,0.00409018,0.4,0.0,0.14797437,0.0121573685
375316653866487564,5960067949966910848,0.55821365,2207.053712034541,1.5900039400877317,2.6646689E-5,18.899942,0.01720213,0.23780055,0.008282982,0.081219755,0.0087702805,0.395285,0.02057308,0.7576325,0.013794215,0.076244675,0.012848537,0.25543496,0.028653676,null,null,null,null,"TWOGAUSSIANS",8,3.124728,0.23780055,0.008282982,0.4,0.0,0.39253947,0.018229038,0.7576325,0.013794215,0.4,0.0,0.25268945,0.02765795
375316653866487564,5960067984344362624,0.5551873,2231.6991386928426,0.8738801066641837,1.5880802E-5,17.216253,0.004907587,0.24501184,0.023624016,0.079420336,0.023381291,0.04946397,0.026658503,0.7385694,0.0043693767,0.0658385,0.006686622,0.11838518,0.007699463,null,null,null,null,"TWOGAUSSIANS",8,2.6757903,0.7385694,0.0043693767,0.36869562,0.037445083,0.11805384,0.0076178615,0.24501184,0.023624016,0.4,0.06510904,0.04913262,0.026858537
375316653866487564,5960068529742577408,0.6453999,2280.107661955794,0.5164711755211923,2.9556842E-5,16.543415,0.0028799537,0.2941891,0.020526588,0.01695419,0.015519113,0.44549796,8.894456,0.78321093,0.002306271,0.016186042,0.0017094808,0.18376634,0.007985151,null,null,null,null,"TWOGAUSSIANS",8,8.416798,0.2941891,0.020526588,0.09494346,0.08690704,0.44549796,8.894456,0.78321093,0.002306271,0.090641834,0.009573092,0.18376634,0.007985151
375316653866487564,5960068564115484928,0.5185081,2226.257669978685,2.5943647610028675,2.9351442E-5,18.75956,0.02823138,0.28425437,0.006775661,0.069745705,0.0103421,0.27371657,0.026646858,0.79580647,0.0072309305,0.07667304,0.022954319,0.32982108,0.059511624,null,null,null,null,"TWOGAUSSIANS",8,2.9543664,0.79580647,0.0072309305,0.4,0.004119206,0.3284731,0.0645685,0.28425437,0.006775661,0.39057595,0.045963235,0.27236858,0.023155421
375316653866487564,5960069083856113024,0.46877557,2226.2218446654597,2.3075793016993478,4.3199918E-5,19.03419,0.0072645717,0.32285327,0.013735579,0.06482795,0.0126867555,0.1188611,0.023814185,0.7752879,0.008759743,0.052479655,0.011907706,0.1475153,0.021845303,null,null,null,null,"TWOGAUSSIANS",8,2.311178,0.7752879,0.008759743,0.29388607,0.06668316,0.14751047,0.02185283,0.32285327,0.013735579,0.3630365,0.07104583,0.11885627,0.023815984
375316653866487564,5960069152558792704,0.47113046,2243.4488095062725,1.4822049290162287,4.1956806E-5,18.844276,0.054259147,0.5546715,0.02171602,0.09461173,0.064236194,0.4308756,0.10308394,0.88292664,0.08281835,0.07744019,0.047504116,0.11682263,0.11962425,null,null,null,null,"TWOGAUSSIANS",8,21.654066,0.5546915,0.021731941,0.4,0.0,0.4306594,0.11515914,0.88292664,0.08281835,0.4,0.20276998,0.11764002,0.11988154
375316653866487564,5960069599239897216,0.53392243,2270.5265161282045,0.26486387569953573,1.8106978E-6,18.403946,0.016633196,0.41793212,3.528403E-6,4.4231562E-4,2.3645696E-5,1.1242561,0.10417223,0.6883068,0.022010744,0.13303371,0.048894133,0.043648176,0.018527722,null,null,null,null,"TWOGAUSSIANS",8,6.841983,0.41793212,3.528403E-6,0.0024769674,1.324159E-4,1.1297152,0.10004848,0.6883068,0.022010744,0.4,0.0,0.04357343,0.018009825
375316653866487564,5960069697973770496,0.46071222,2238.984387736699,1.1904775480852916,5.4803473E-5,17.233051,0.007265369,0.20207122,0.0014780132,0.00858799,0.0036108166,0.049667206,0.0141697945,0.7565036,0.018564794,0.033641856,0.044494655,0.11301406,0.42920586,0.07204226,0.008492395,0.7565036,0.018564794,"TWOGAUSSIANS_WITH_ELLIPSOIDAL_ON_ECLIPSE2",9,36.535717,0.7565036,0.018564794,0.1883944,0.24917006,0.2570986,0.42818034,0.20291123,0.0019147396,0.048092745,0.020220572,0.17778555,0.016702587
375316653866487564,5960069697980263040,0.51734525,2232.8706266187687,0.23032126840872041,1.7723636E-5,17.181076,0.011033599,0.3297049,0.059744895,0.12262001,0.04370836,0.051653713,0.018878987,0.7884898,0.008200639,0.05716501,0.0043278164,0.4586796,0.04745038,null,null,null,null,"TWOGAUSSIANS",8,18.06561,0.7884898,0.008200639,0.32012406,0.024235772,0.4568509,0.04477103,0.3297049,0.059744895,0.4,0.0,0.049774818,0.017679276
375316653866487564,5960069702314644480,0.5979446,2192.4768233583604,2.4382474369923837,9.0666135E-6,19.10564,0.008653995,0.27350596,0.0013937432,0.0758698,0.004904198,0.6238044,0.12184839,0.781117,0.0064891526,0.08577766,0.007054631,0.41322133,0.044600513,null,null,null,null,"TWOGAUSSIANS",8,0.75904983,0.27350596,0.0013937432,0.4,0.0018542337,0.6166048,0.12384899,0.781117,0.0064891526,0.4,0.0,0.40602168,0.04534127
375316653866487564,5960069702314743168,0.45640653,2223.274493487795,4.13419323653798,5.0088816E-5,19.38177,0.018339358,0.27496982,0.023966646,0.06630606,0.023079008,0.13488089,0.059740618,0.8057444,0.0093462365,0.04061122,0.023746073,0.38275504,0.23830949,null,null,null,null,"TWOGAUSSIANS",8,2.9884937,0.8057444,0.0093462365,0.22742282,0.132978,0.38275334,0.23852919,0.27496982,0.023966646,0.37131393,0.12412287,0.13487917,0.05971243
375316653866487564,5960069835412747392,0.4439542,2233.7077037742874,0.35913553754192856,2.7919506E-5,19.682941,0.0760344,0.26464987,0.044663448,0.06902421,0.073930584,0.96174294,0.6131082,0.5902886,0.00852332,0.040826797,0.010481178,0.5366245,0.040048707,null,null,null,null,"TWOGAUSSIANS",8,4.956125,0.26464987,0.044663448,0.38653558,0.04140119,0.96174294,0.61425257,0.5902886,0.00852332,0.22863008,0.058694597,0.5366386,0.052134294
375316653866487564,5960070561308193408,0.49388793,2236.0954005532635,2.7467909986667673,3.832142E-5,19.057507,0.07354958,0.29590556,0.02349948,0.1093566,0.02974508,0.31473547,0.07015912,0.8355738,0.013773723,0.122225694,0.026900046,0.29889107,0.065972105,null,null,null,null,"TWOGAUSSIANS",8,5.6984572,0.29563555,0.023216413,0.4,0.0,0.27455264,0.0184844,0.8356538,0.013569613,0.4,0.0,0.25848767,0.02974773
375316653866487564,5960070698763897600,0.4569302,2243.9683491837845,0.6377370274108644,2.54354E-4,18.223541,0.0076939454,0.26149535,0.016502965,0.0768262,0.013656913,0.123704985,0.020037204,0.77810454,0.0077784564,0.041262593,0.009177605,0.20568103,0.10293921,null,null,null,null,"TWOGAUSSIANS",8,6.3937497,0.77810454,0.0077784564,0.23107053,0.051394586,0.20566146,0.1029785,0.26149535,0.016502965,0.4,0.0,0.12368543,0.02006479
375316653866487564,5960071931356783744,0.70573205,2272.5094989371973,1.0159679111180642,7.339799E-6,16.331566,0.018427745,0.20356062,0.011477073,0.05773919,0.009059753,0.15227236,0.045767672,0.7297193,0.0043081148,0.057636756,0.010510368,0.15882768,0.03424022,0.07554596,0.017360609,0.20356062,0.011477073,"TWOGAUSSIANS_WITH_ELLIPSOIDAL_ON_ECLIPSE1",9,2.212169,0.7297193,0.0043081148,0.32276586,0.058858063,0.30585986,0.008682237,0.20356062,0.011477073,0.32333946,0.050734617,0.30334955,0.0517432
375316653866487564,5960072000080564096,0.499761,2216.9197232080755,4.284847773454225,3.925E-5,18.622147,0.016153842,0.24472544,0.014166196,0.06680912,0.017070817,0.112277046,0.026352739,0.6286718,0.010479508,0.11974644,0.014454706,0.22397245,0.022273581,null,null,null,null,"TWOGAUSSIANS",8,2.8730047,0.6286718,0.010479508,0.4,0.0,0.22253257,0.020949652,0.24617542,0.014435545,0.37413105,0.086958274,0.112174526,0.02634583
375316653866487564,5960072348014789248,0.54414976,2251.5065063591082,2.1378383387043454,2.2893128E-5,18.928946,0.042620797,0.27904296,0.010333312,0.05365361,0.011212242,0.34813428,0.09344334,0.7600689,0.01506922,0.020408027,0.029654007,0.3191389,2.7507594,0.13063909,0.04905307,0.7600689,0.01506922,"TWOGAUSSIANS_WITH_ELLIPSOIDAL_ON_ECLIPSE2",9,9.507344,0.27629295,0.007130475,0.30046022,0.06278855,0.60624856,0.029756913,0.7600689,0.01506922,0.11428495,0.16606244,0.58041584,2.751833
