Gaia/vari_eclipsing_binary/VariEclipsingBinary_674931-674950.csv
# %ECSV 1.0
# ---
# delimiter: ','
# meta: !!omap
# - RELEASE: Gaia DR3
# - TABLE: vari_eclipsing_binary
# - DESCRIPTION: >
#     This table describes the properties of the eclipsing binaries resulting from the variability analysis. 
# - CITATION: >
#     How to cite and acknowledge Gaia: 
#     https://gea.esac.esa.int/archive/documentation/credits.html 
# - KNOWN_ISSUES: >
#     Known issues: 
#     https://www.cosmos.esa.int/web/gaia-users/known-issues 
# - DOCUMENTATION: >
#     Tutorials and documentation: 
#     https://www.cosmos.esa.int/web/gaia-users/archive 
# datatype:
# - 
#   name: solution_id
#   datatype: int64
#   description: Solution Identifier
#   meta:
#     ucd: meta.version
# - 
#   name: source_id
#   datatype: int64
#   description: Unique source identifier
#   meta:
#     ucd: meta.id;meta.main
# - 
#   name: global_ranking
#   datatype: float32
#   description: Number between 0 (worst) and 1 (best)
#   meta:
#     ucd: stat.param
# - 
#   name: reference_time
#   datatype: float64
#   unit: d
#   description: Reference time used for the geometric model fit
#   meta:
#     ucd: time.epoch
# - 
#   name: frequency
#   datatype: float64
#   unit: d**-1
#   description: Frequency of geometric model of the eclipsing binary light curve
#   meta:
#     ucd: src.orbital
# - 
#   name: frequency_error
#   datatype: float32
#   unit: d**-1
#   description: "Uncertainty of \\texttt{frequency}"
#   meta:
#     ucd: stat.error
# - 
#   name: geom_model_reference_level
#   datatype: float32
#   unit: mag
#   description: Magnitude reference level of geometric model
#   meta:
#     ucd: phot.mag;em.opt
# - 
#   name: geom_model_reference_level_error
#   datatype: float32
#   unit: mag
#   description: "Uncertainty of \\texttt{geomModelReferenceLevel}"
#   meta:
#     ucd: stat.error;phot.mag;em.opt
# - 
#   name: geom_model_gaussian1_phase
#   datatype: float32
#   description: Phase of the Gaussian 1 component
#   meta:
#     ucd: time.phase
# - 
#   name: geom_model_gaussian1_phase_error
#   datatype: float32
#   description: "Uncertainty of \\texttt{geomModelGaussian1Phase}"
#   meta:
#     ucd: stat.error;time.phase
# - 
#   name: geom_model_gaussian1_sigma
#   datatype: float32
#   description: "Standard deviation [phase] of Gaussian 1 component"
#   meta:
#     ucd: stat.stdev
# - 
#   name: geom_model_gaussian1_sigma_error
#   datatype: float32
#   description: "Uncertainty of \\texttt{geomModelGaussian1Sigma}"
#   meta:
#     ucd: stat.error
# - 
#   name: geom_model_gaussian1_depth
#   datatype: float32
#   unit: mag
#   description: Magnitude depth of Gaussian 1 component
#   meta:
#     ucd: src.var.amplitude
# - 
#   name: geom_model_gaussian1_depth_error
#   datatype: float32
#   unit: mag
#   description: "Uncertainty of \\texttt{geomModelGaussian1Depth}"
#   meta:
#     ucd: stat.error;src.var.amplitude
# - 
#   name: geom_model_gaussian2_phase
#   datatype: float32
#   description: Phase of Gaussian 2 component
#   meta:
#     ucd: time.phase
# - 
#   name: geom_model_gaussian2_phase_error
#   datatype: float32
#   description: "Uncertainty of \\texttt{geomModelGaussian2Phase}"
#   meta:
#     ucd: stat.error;time.phase
# - 
#   name: geom_model_gaussian2_sigma
#   datatype: float32
[...]
#   datatype: float32
#   description: "Secondary eclipse: uncertainty of \\texttt{derivedSecondaryEclDuration}"
#   meta:
#     ucd: stat.error;time.duration
# - 
#   name: derived_secondary_ecl_depth
#   datatype: float32
#   unit: mag
#   description: "Secondary eclipse: depth"
#   meta:
#     ucd: src.var.amplitude
# - 
#   name: derived_secondary_ecl_depth_error
#   datatype: float32
#   unit: mag
#   description: "Secondary eclipse: uncertainty of \\texttt{derivedSecondaryEclDepth}"
#   meta:
#     ucd: stat.error;src.var.amplitude
solution_id,source_id,global_ranking,reference_time,frequency,frequency_error,geom_model_reference_level,geom_model_reference_level_error,geom_model_gaussian1_phase,geom_model_gaussian1_phase_error,geom_model_gaussian1_sigma,geom_model_gaussian1_sigma_error,geom_model_gaussian1_depth,geom_model_gaussian1_depth_error,geom_model_gaussian2_phase,geom_model_gaussian2_phase_error,geom_model_gaussian2_sigma,geom_model_gaussian2_sigma_error,geom_model_gaussian2_depth,geom_model_gaussian2_depth_error,geom_model_cosine_half_period_amplitude,geom_model_cosine_half_period_amplitude_error,geom_model_cosine_half_period_phase,geom_model_cosine_half_period_phase_error,model_type,num_model_parameters,reduced_chi2,derived_primary_ecl_phase,derived_primary_ecl_phase_error,derived_primary_ecl_duration,derived_primary_ecl_duration_error,derived_primary_ecl_depth,derived_primary_ecl_depth_error,derived_secondary_ecl_phase,derived_secondary_ecl_phase_error,derived_secondary_ecl_duration,derived_secondary_ecl_duration_error,derived_secondary_ecl_depth,derived_secondary_ecl_depth_error
[from data line 475]
375316653866487564,5936880727247382400,0.49037945,2171.6838047338947,2.997205305537069,2.7226884E-5,19.398533,0.019780891,0.28604206,0.0076399986,0.10217939,0.012823052,0.2267867,0.031051433,0.78609836,0.005333265,0.09636368,0.011183036,0.23060788,0.01949496,null,null,null,null,"TWOGAUSSIANS",8,1.3471075,0.78609836,0.005333265,0.4,0.0,0.21144812,0.013986529,0.28604206,0.0076399986,0.4,0.0,0.20762473,0.028393777
375316653866487564,5936880761523405952,0.4481173,2192.949430309647,1.5215083185245974,5.867716E-5,19.524706,0.041301087,0.18122426,0.024355002,0.076325156,0.02846372,0.3076795,0.06782163,0.6059699,0.02928081,0.1380627,0.05959669,0.24572045,0.061673287,null,null,null,null,"TWOGAUSSIANS",8,6.145092,0.18213426,0.02404443,0.4,0.10176857,0.29611614,0.07046281,0.6059699,0.02928081,0.4,0.0,0.23193033,0.070674814
375316653866487564,5936881306980143232,0.64275956,2163.637522498557,0.5085696690516869,1.1746951E-4,17.49615,0.001853651,0.7590771,0.12123171,0.069146626,0.11143345,0.003959986,0.01925659,0.2255486,0.008018368,0.019934177,0.003359025,0.46694577,0.16612631,null,null,null,null,"TWOGAUSSIANS",8,0.5987414,0.2255486,0.008018368,0.1116314,0.01881054,0.46694577,0.16612633,0.7590771,0.12123171,0.3872211,0.58562064,0.003959986,0.019256596
375316653866487564,5936881826758904192,0.44512358,2197.417816599306,0.036735149284273454,1.4448202E-5,18.52138,0.019376358,0.35446402,0.019639704,0.1534649,0.029680688,0.23734942,0.025166733,0.7398292,0.001975463,0.023245964,0.0034997507,5.300174,7.858669,null,null,null,null,"TWOGAUSSIANS",8,10.191536,0.7398292,0.001975463,0.1301774,0.019598605,5.308024,7.8572173,0.35446402,0.019639704,0.4,0.0,0.23497877,0.023591213
375316653866487564,5936881861104598272,0.450552,2186.279456346586,3.1813598865395027,3.7145906E-5,19.500505,0.3955762,0.2119945,0.020917516,0.11867684,0.09517986,0.29365984,0.3952572,0.70180064,0.0054482115,0.10125679,0.038905613,0.45482543,0.349956,null,null,null,null,"TWOGAUSSIANS",8,9.560092,0.70180064,0.0054482115,0.4,0.0,0.40681443,0.041550227,0.2120045,0.02090894,0.4,0.0,0.24556679,0.044200525
375316653866487564,5936881959815508608,0.52595013,2175.6673224443425,2.9164927828876976,1.0613217E-5,18.397902,0.025552014,0.26420024,0.003600506,0.09546832,0.007953023,0.40235266,0.024657087,0.76115596,0.0030588997,0.08945296,0.008608318,0.49242774,0.038544413,null,null,null,null,"TWOGAUSSIANS",8,8.399198,0.76115596,0.0030588997,0.4,0.0,0.47053382,0.04278968,0.26420024,0.003600506,0.4,0.0,0.38045803,0.017965458
375316653866487564,5936881964184348288,0.47025958,2187.979887386097,4.002403609085763,1.9191376E-4,17.309427,0.004278107,0.08210572,0.017798167,0.010928024,0.05405566,0.11162667,0.095671065,0.4655715,1.5366512E-6,0.0015344657,2.9023804E-5,1.4681743,0.058306325,null,null,null,null,"TWOGAUSSIANS",8,17.326855,0.4655715,1.5366512E-6,0.008593008,1.6253331E-4,1.4681743,0.058306325,0.08210572,0.017798167,0.06119693,0.3027117,0.11162667,0.095671065
375316653866487564,5936882685666824448,0.5010252,2181.2641466202576,3.214092666810827,1.7724175E-5,19.194918,0.053545512,0.30284652,0.0051482758,0.095090315,0.019993952,0.2831782,0.042592794,0.7966424,0.0074647814,0.12586536,0.023948416,0.26088014,0.052339006,null,null,null,null,"TWOGAUSSIANS",8,2.0010993,0.30288652,0.0051567857,0.4,0.0,0.24471793,0.023134558,0.7966424,0.0074647814,0.4,0.0,0.22222161,0.009389467
375316653866487564,5936882715769675008,0.47950023,2162.482155606428,2.6792982606294897,2.4088153E-5,18.38989,0.011670376,0.20494401,0.007263602,0.05014379,0.0050223274,0.45744672,0.052314725,0.50987595,0.049636707,0.124072045,0.046866897,0.046415053,0.0141719915,null,null,null,null,"TWOGAUSSIANS",8,15.061032,0.20519401,0.0070737936,0.28080523,0.028125033,0.45965916,0.051924627,0.50987595,0.049636707,0.4,0.0,0.046357162,0.014174745
375316653866487564,5936882720026472832,0.41308856,2160.813764959222,1.994812310386699,1.693881E-4,18.926142,0.017164065,0.17346498,0.02041622,0.042482097,0.021296982,0.09268337,0.12651499,0.76367164,0.026730018,0.08956376,0.029544368,0.10569949,0.036536045,null,null,null,null,"TWOGAUSSIANS",8,8.168127,0.76367164,0.026730018,0.4,0.0,0.10569079,0.036540166,0.17346498,0.02040719,0.23789974,0.1192631,0.092677675,0.12653156
375316653866487564,5936882754386351232,0.44764492,2162.919508534842,0.06211253749231623,4.0244682E-5,19.720827,0.009646858,null,null,null,null,null,null,null,null,null,null,null,null,0.1105001,0.013551799,0.20737989,0.0077490485,"ELLIPSOIDAL",4,4.161495,null,null,null,null,null,null,null,null,null,null,null,null
375316653866487564,5936882926184950144,0.4270453,2158.4668473787915,2.4320996227702403,3.539778E-5,19.023596,0.091589384,0.11546045,0.010468212,0.09470438,0.024719244,0.17170721,0.08047311,0.63943356,0.012037676,0.14354183,0.048294663,0.18355234,0.0891327,null,null,null,null,"TWOGAUSSIANS",8,4.3366284,0.63943356,0.012027877,0.4,0.0,0.1524947,0.018708698,0.11485045,0.009579363,0.4,0.0,0.141638,0.01862537
375316653866487564,5936883265492941056,0.50281537,2168.870015354549,0.8275711712865372,2.2224014E-5,16.151304,0.002829604,0.44715628,0.024651073,0.043038186,0.023449263,0.018272089,0.0073183673,0.72733414,0.0028973375,0.031317413,0.0040446655,0.15864915,0.003809333,null,null,null,null,"TWOGAUSSIANS",8,20.044216,0.72733414,0.0028973375,0.1753775,0.022650126,0.15864915,0.0038093298,0.44715628,0.024651073,0.24101384,0.13131587,0.018272089,0.0073183673
375316653866487564,5936883269853976704,0.6771283,2184.396937112463,1.9948945994461005,2.9438947E-6,14.87741,0.0133851115,0.22757688,6.6381635E-4,0.06876136,0.005528721,0.17129155,0.025493797,0.72866696,0.0018493091,0.06646214,0.00492643,0.2236646,0.025113543,0.09819287,0.013528396,0.22757688,6.6381635E-4,"TWOGAUSSIANS_WITH_ELLIPSOIDAL_ON_ECLIPSE1",9,16.493149,0.72866696,0.0017355123,0.37218794,0.027588008,0.41963205,0.007708974,0.22757688,6.6381635E-4,0.38506365,0.030960837,0.3672682,0.006687641
375316653866487564,5936883682098105088,0.4592419,2172.5422856885475,3.44112814512319,3.4827415E-5,19.852087,0.025560547,0.22679287,0.009204317,0.07762366,0.016288247,0.25250527,0.031179406,0.71724725,0.01081686,0.10622651,0.017798454,0.25935784,0.033633176,null,null,null,null,"TWOGAUSSIANS",8,2.1539607,0.71724725,0.01081686,0.4,0.0,0.2484904,0.032788437,0.22679287,0.009212097,0.4,0.018190287,0.24164653,0.030141637
375316653866487564,5936884403725606912,0.65113986,2193.202708068362,2.4275501493194707,5.39165E-6,16.196909,0.009583102,0.25933984,7.5664825E-4,0.055108603,0.0041524684,0.27653772,0.018984562,0.7608413,0.0052967956,0.051967923,0.006188247,0.27325347,0.025130458,0.11086654,0.011365299,0.25933984,7.5664825E-4,"TWOGAUSSIANS_WITH_ELLIPSOIDAL_ON_ECLIPSE1",9,11.84641,0.25933984,7.5664825E-4,0.30860817,0.023253823,0.498259,0.021138132,0.7608413,0.0052699675,0.29102036,0.034654185,0.49495503,0.014072246
375316653866487564,5936884472445075072,0.48653612,2196.0478779746813,0.5326565255129637,4.6757992E-5,19.479239,0.009871854,0.11115142,0.065508604,0.03556414,0.045752805,0.114476465,1.0093563E7,0.63331336,0.003831584,0.020700797,0.0021157523,0.79853076,0.13099673,null,null,null,null,"TWOGAUSSIANS",8,3.3980548,0.63331336,0.003831584,0.11592446,0.011848213,0.79853076,0.13099673,0.11115142,0.065508604,0.19915919,0.25621572,0.114476465,1.0093563E7
375316653866487564,5936885056490100224,0.46249065,2200.5360611661,2.7090420308899086,3.47916E-5,18.08934,0.0050438447,null,null,null,null,null,null,null,null,null,null,null,null,0.06119448,0.0066643655,0.28722754,0.011829842,"ELLIPSOIDAL",4,6.0924716,null,null,null,null,null,null,null,null,null,null,null,null
375316653866487564,5936885365798234496,0.48733294,2214.9633640723023,0.40326267812088756,7.692804E-5,15.321915,0.0013459608,0.09069764,0.007719257,0.025539469,0.0095497705,0.04028787,0.004159409,0.57194006,0.013612064,0.04100711,0.012349354,0.07482565,0.010770094,null,null,null,null,"TWOGAUSSIANS",8,15.885566,0.57194006,0.013612064,0.22963981,0.06915638,0.07482565,0.010770094,0.09069764,0.007719257,0.14302102,0.053478714,0.04028787,0.004159409
375316653866487564,5936885434445031808,0.4263159,2177.099756817291,0.19509942155645393,1.3043638E-4,17.801596,0.0036137775,0.2057812,0.011407544,0.05109227,0.008804936,0.10186212,0.03944967,0.6986122,0.023794895,0.055729993,0.014062063,0.12303485,0.0759072,null,null,null,null,"TWOGAUSSIANS",8,3.623254,0.6986122,0.023794895,0.31208795,0.07874755,0.12303199,0.07591155,0.2057812,0.011407544,0.28611672,0.049307644,0.10185926,0.03945315
375316653866487564,5936885674965494912,0.5411339,2180.561260975686,2.682700115651569,1.2163758E-5,18.673166,0.0090682125,0.25923446,0.0029904689,0.07828195,0.004584307,0.36810508,0.020530056,0.7537913,0.0032209984,0.0776941,0.0046467897,0.36619768,0.018166779,null,null,null,null,"TWOGAUSSIANS",8,4.332365,0.25923446,0.0029904689,0.4,0.0,0.36425313,0.02087519,0.7537913,0.0032209984,0.4,0.0,0.36234576,0.018460339
375316653866487564,5936885743755126272,0.4780785,2168.7898501610316,2.5512418351147392,5.1077564E-5,16.679737,0.068221815,0.17294426,0.0109723285,0.08886228,0.018588718,0.27376157,0.06944292,0.66839695,0.019194376,0.10366838,0.045963332,0.23507746,0.06443217,null,null,null,null,"TWOGAUSSIANS",8,103.455475,0.17294426,0.010961568,0.4,0.0,0.257571,0.026523216,0.66839695,0.019194376,0.4,0.0,0.2188827,0.020627597
375316653866487564,5936885984202755968,0.45411444,2184.202307171939,3.0133923684669957,1.5702983E-5,19.382826,0.018906448,0.27863604,0.031480588,0.039124735,0.030166393,0.6140972,0.83472997,0.7655558,0.0058277203,0.062801436,0.005667431,0.54426974,0.03578085,null,null,null,null,"TWOGAUSSIANS",8,19.250713,0.27863604,0.031480588,0.21909851,0.1689318,0.61409366,0.83474386,0.7655558,0.0058277203,0.35168803,0.03173761,0.5442662,0.035868354
375316653866487564,5936886018633273728,0.60679007,2190.5956838845514,2.395458991432862,6.565846E-6,17.078644,0.021772098,0.26370794,0.0010031639,0.066123754,0.004631108,0.3589093,0.045067333,0.76141703,0.002597068,0.05524386,0.004707078,0.33796436,0.04721817,0.107957125,0.025439277,0.26370794,0.0010031639,"TWOGAUSSIANS_WITH_ELLIPSOIDAL_ON_ECLIPSE1",9,17.06537,0.26370794,0.0010031639,0.37029302,0.025934206,0.5745374,0.015654057,0.76172704,0.002278288,0.30936563,0.026359638,0.5535537,0.010801228
375316653866487564,5936887221223972352,0.61210173,2191.6782729342913,0.9695612591122658,3.3662022E-6,14.728641,0.022372194,0.2493667,0.0011425195,0.123194486,0.01096431,0.13054216,0.021072593,0.7473298,0.001188456,0.13586557,0.014012721,0.117091954,0.021991847,null,null,null,null,"TWOGAUSSIANS",8,3.7419937,0.24940671,0.0011447188,0.4,0.0,0.09321329,0.0015819719,0.7473298,0.001188456,0.4,0.0,0.07956365,0.0013544466
375316653866487564,5936887461670955520,0.46663246,2176.020937022778,0.042194434257593505,2.8961756E-5,19.757708,0.03949108,0.634176,0.005487922,0.045617383,0.0067746826,1.0589824,0.37282702,0.41413698,0.09094545,0.18871771,0.1071806,0.16018626,0.07602109,null,null,null,null,"TWOGAUSSIANS",8,5.134563,0.63318604,0.005071424,0.25545734,0.037938222,1.1308546,0.39324668,0.41436696,0.22841156,0.4,0.0,0.15061608,0.9312167
375316653866487564,5936887736548741888,0.6496755,2198.003288407568,3.260787823377658,5.233637E-6,17.328537,0.008812584,0.25223738,0.005135236,0.04908103,0.0040401905,0.4312879,0.029510673,0.76276124,0.002230222,0.04789355,0.003433802,0.4379343,0.022533994,0.116195716,0.010807506,0.76276124,0.002230222,"TWOGAUSSIANS_WITH_ELLIPSOIDAL_ON_ECLIPSE2",9,8.212237,0.76276124,0.002230222,0.26820388,0.019229291,0.6703243,0.014541012,0.25321737,0.004570113,0.27485377,0.022625068,0.6627573,0.027302286
375316653866487564,5936888007128789120,0.552544,2167.186549409211,2.691551847693774,1.0676521E-5,18.215424,0.013910376,0.26311883,0.0019821394,0.08186089,0.0035754838,0.43631652,0.016093463,0.763062,0.004481326,0.08432727,0.007955163,0.4588105,0.029357208,null,null,null,null,"TWOGAUSSIANS",8,6.8844256,0.763062,0.004481326,0.4,0.0,0.4491318,0.031618744,0.26311883,0.0019821394,0.4,0.0,0.4266378,0.013666798
375316653866487564,5936888011498440320,0.5719228,2174.8125925457234,2.601510427629912,4.4310336E-6,13.26992,0.010837294,0.26517907,0.001455322,0.082487375,0.0029243696,0.34088802,0.011245101,0.76379687,0.0023022064,0.0873851,0.0044149105,0.35607123,0.010542738,null,null,null,null,"TWOGAUSSIANS",8,456.57358,0.76379687,0.0023022064,0.4,0.0,0.3471264,0.008770724,0.26517907,0.001455322,0.4,0.0,0.33194324,0.008985032
375316653866487564,5936888045793056512,0.5140043,2174.5919665477727,3.336379399864435,1.1373752E-5,19.857037,0.011880226,0.19431019,0.0050372565,0.07483699,0.00886972,0.48002538,0.08098496,0.6777827,0.0035536482,0.07341891,0.0042398693,0.4335412,0.02963077,null,null,null,null,"TWOGAUSSIANS",8,0.99114853,0.19431019,0.0050372565,0.4,0.0,0.4779141,0.08241229,0.6777827,0.0035536482,0.4,0.0,0.4314299,0.02955783
375316653866487564,5936888148868436736,0.5927133,2153.4450401966515,4.78216159592711,6.442206E-6,19.087143,0.009545592,0.2536329,0.001951762,0.052899454,0.0027843413,0.53521156,0.029063901,0.75270987,0.0017809245,0.04257183,0.0023950585,0.4115458,0.023854015,0.11803391,0.012867936,0.2536329,0.001951762,"TWOGAUSSIANS_WITH_ELLIPSOIDAL_ON_ECLIPSE1",9,2.703461,0.2536329,0.001951762,0.29623693,0.0155923115,0.7712715,0.02349568,0.75277984,0.0016300522,0.23840226,0.013412328,0.6475985,0.016256336
375316653866487564,5936888320667188352,0.56056386,2168.252037569214,2.9910056787589845,9.337069E-6,18.35078,0.010119482,0.16544473,0.0029098822,0.08176172,0.003814499,0.4838318,0.013693035,0.66532683,0.0025648365,0.08366498,0.0038067156,0.46414152,0.01488117,null,null,null,null,"TWOGAUSSIANS",8,4.3596087,0.16544473,0.0029098822,0.4,0.0,0.47401643,0.013088486,0.66532683,0.0025648365,0.4,0.0,0.45432618,0.01449556
375316653866487564,5936888458175059328,0.43311793,2139.0808199508474,2.9936991539999216,1.5781196E-5,16.634405,0.011857907,0.4195875,0.007492116,0.06645442,0.008111988,0.20322292,0.023718989,0.949586,1.1719936E-4,0.007120218,8.140827E-4,0.09967951,0.013202517,null,null,null,null,"TWOGAUSSIANS",8,142.92998,0.4195875,0.007492116,0.37214476,0.045427132,0.20322292,0.023718989,0.949586,1.1719936E-4,0.03987322,0.004558863,0.09967951,0.013202517
375316653866487564,5936888939142506624,0.51346177,2176.6501940392714,3.058301542383242,1.8038376E-5,18.986055,0.026217395,0.2956047,0.005781084,0.08573369,0.007262137,0.397657,0.033173114,0.793774,0.004757084,0.08746267,0.009218181,0.41817346,0.029395074,null,null,null,null,"TWOGAUSSIANS",8,5.3414693,0.793774,0.004757084,0.4,0.0,0.40591186,0.027799264,0.2956047,0.005781084,0.4,0.0,0.38539544,0.028661728
375316653866487564,5936889282740092672,0.53043854,2189.8437117647186,3.6146011923101287,9.535308E-6,19.354733,0.011462997,0.24354479,0.0024707052,0.07056382,0.0046272073,0.51021826,0.01325323,0.75023067,0.0034983272,0.07180809,0.0037493785,0.4825052,0.014904797,null,null,null,null,"TWOGAUSSIANS",8,1.7926774,0.24354479,0.0024707052,0.3951574,0.022325177,0.5084555,0.013381824,0.75023067,0.0034983272,0.4,0.012185003,0.48074245,0.014513539
375316653866487564,5936889351528336768,0.5323717,2151.765166579214,0.6277560505911499,1.6714546E-5,17.15763,0.0015755491,0.58829653,0.03940835,0.049762256,0.050252046,0.013941127,0.019279385,0.8415894,0.0011232281,0.027850315,0.0010950693,0.23877397,0.015092299,null,null,null,null,"TWOGAUSSIANS",8,3.8607795,0.8415894,0.0011232281,0.15596177,0.006132388,0.23877402,0.015092252,0.58829653,0.03940835,0.27866864,0.2736359,0.013941127,0.019279385
375316653866487564,5936889626406540800,0.5519244,2152.6487127204064,2.728004160380453,2.2765154E-5,19.155655,0.012538561,0.19425587,0.009633994,0.061979484,0.008819779,0.48966184,0.025971033,0.7006758,0.0050086053,0.06901258,0.006120531,0.5852549,0.014953242,null,null,null,null,"TWOGAUSSIANS",8,3.602831,0.7006758,0.0050086053,0.38647044,0.031983137,0.58464456,0.014603907,0.19425587,0.009633994,0.34708512,0.049390763,0.4890515,0.025161326
