Gaia/vari_eclipsing_binary/VariEclipsingBinary_473319-473402.csv
# %ECSV 1.0
# ---
# delimiter: ','
# meta: !!omap
# - RELEASE: Gaia DR3
# - TABLE: vari_eclipsing_binary
# - DESCRIPTION: >
#     This table describes the properties of the eclipsing binaries resulting from the variability analysis. 
# - CITATION: >
#     How to cite and acknowledge Gaia: 
#     https://gea.esac.esa.int/archive/documentation/credits.html 
# - KNOWN_ISSUES: >
#     Known issues: 
#     https://www.cosmos.esa.int/web/gaia-users/known-issues 
# - DOCUMENTATION: >
#     Tutorials and documentation: 
#     https://www.cosmos.esa.int/web/gaia-users/archive 
# datatype:
# - 
#   name: solution_id
#   datatype: int64
#   description: Solution Identifier
#   meta:
#     ucd: meta.version
# - 
#   name: source_id
#   datatype: int64
#   description: Unique source identifier
#   meta:
#     ucd: meta.id;meta.main
# - 
#   name: global_ranking
#   datatype: float32
#   description: Number between 0 (worst) and 1 (best)
#   meta:
#     ucd: stat.param
# - 
#   name: reference_time
#   datatype: float64
#   unit: d
#   description: Reference time used for the geometric model fit
#   meta:
#     ucd: time.epoch
# - 
#   name: frequency
#   datatype: float64
#   unit: d**-1
#   description: Frequency of geometric model of the eclipsing binary light curve
#   meta:
#     ucd: src.orbital
# - 
#   name: frequency_error
#   datatype: float32
#   unit: d**-1
#   description: "Uncertainty of \\texttt{frequency}"
#   meta:
#     ucd: stat.error
# - 
#   name: geom_model_reference_level
#   datatype: float32
#   unit: mag
#   description: Magnitude reference level of geometric model
#   meta:
#     ucd: phot.mag;em.opt
# - 
#   name: geom_model_reference_level_error
#   datatype: float32
#   unit: mag
#   description: "Uncertainty of \\texttt{geomModelReferenceLevel}"
#   meta:
#     ucd: stat.error;phot.mag;em.opt
# - 
#   name: geom_model_gaussian1_phase
#   datatype: float32
#   description: Phase of the Gaussian 1 component
#   meta:
#     ucd: time.phase
# - 
#   name: geom_model_gaussian1_phase_error
#   datatype: float32
#   description: "Uncertainty of \\texttt{geomModelGaussian1Phase}"
#   meta:
#     ucd: stat.error;time.phase
# - 
#   name: geom_model_gaussian1_sigma
#   datatype: float32
#   description: "Standard deviation [phase] of Gaussian 1 component"
#   meta:
#     ucd: stat.stdev
# - 
#   name: geom_model_gaussian1_sigma_error
#   datatype: float32
#   description: "Uncertainty of \\texttt{geomModelGaussian1Sigma}"
#   meta:
#     ucd: stat.error
# - 
#   name: geom_model_gaussian1_depth
#   datatype: float32
#   unit: mag
#   description: Magnitude depth of Gaussian 1 component
#   meta:
#     ucd: src.var.amplitude
# - 
#   name: geom_model_gaussian1_depth_error
#   datatype: float32
#   unit: mag
#   description: "Uncertainty of \\texttt{geomModelGaussian1Depth}"
#   meta:
#     ucd: stat.error;src.var.amplitude
# - 
#   name: geom_model_gaussian2_phase
#   datatype: float32
#   description: Phase of Gaussian 2 component
#   meta:
#     ucd: time.phase
# - 
#   name: geom_model_gaussian2_phase_error
#   datatype: float32
#   description: "Uncertainty of \\texttt{geomModelGaussian2Phase}"
#   meta:
#     ucd: stat.error;time.phase
# - 
#   name: geom_model_gaussian2_sigma
#   datatype: float32
[...]
#   datatype: float32
#   description: "Secondary eclipse: uncertainty of \\texttt{derivedSecondaryEclDuration}"
#   meta:
#     ucd: stat.error;time.duration
# - 
#   name: derived_secondary_ecl_depth
#   datatype: float32
#   unit: mag
#   description: "Secondary eclipse: depth"
#   meta:
#     ucd: src.var.amplitude
# - 
#   name: derived_secondary_ecl_depth_error
#   datatype: float32
#   unit: mag
#   description: "Secondary eclipse: uncertainty of \\texttt{derivedSecondaryEclDepth}"
#   meta:
#     ucd: stat.error;src.var.amplitude
solution_id,source_id,global_ranking,reference_time,frequency,frequency_error,geom_model_reference_level,geom_model_reference_level_error,geom_model_gaussian1_phase,geom_model_gaussian1_phase_error,geom_model_gaussian1_sigma,geom_model_gaussian1_sigma_error,geom_model_gaussian1_depth,geom_model_gaussian1_depth_error,geom_model_gaussian2_phase,geom_model_gaussian2_phase_error,geom_model_gaussian2_sigma,geom_model_gaussian2_sigma_error,geom_model_gaussian2_depth,geom_model_gaussian2_depth_error,geom_model_cosine_half_period_amplitude,geom_model_cosine_half_period_amplitude_error,geom_model_cosine_half_period_phase,geom_model_cosine_half_period_phase_error,model_type,num_model_parameters,reduced_chi2,derived_primary_ecl_phase,derived_primary_ecl_phase_error,derived_primary_ecl_duration,derived_primary_ecl_duration_error,derived_primary_ecl_depth,derived_primary_ecl_depth_error,derived_secondary_ecl_phase,derived_secondary_ecl_phase_error,derived_secondary_ecl_duration,derived_secondary_ecl_duration_error,derived_secondary_ecl_depth,derived_secondary_ecl_depth_error
[from data line 74]
375316653866487564,4163495430796253824,0.49276814,2359.093417624447,2.731695994994571,1.0236172E-5,18.255056,0.4578166,0.22457637,0.0056256917,0.13114712,0.0336829,0.32006294,0.3149141,0.7318665,0.006092165,0.18195076,0.12347746,0.30437353,0.45239916,null,null,null,null,"TWOGAUSSIANS",8,2.295238,0.22330637,0.0039096116,0.4,0.0,0.17056118,0.00657109,0.73215646,0.0057856794,0.4,0.0,0.14128959,0.008008086
375316653866487564,4163496148049014144,0.48749608,2370.9979485576255,0.13160197460497086,1.3898912E-5,13.369029,5.359193E-4,0.11446099,0.002970716,0.026552029,0.002245686,0.0840543,0.023198865,0.31445923,0.017347226,0.008384006,0.01170557,0.005172003,0.07968704,null,null,null,null,"TWOGAUSSIANS",8,10.209753,0.11446099,0.002970716,0.14869136,0.0125758415,0.0840543,0.023198865,0.31445923,0.017347226,0.046950433,0.06555119,0.005172003,0.07968704
375316653866487564,4163496835243760000,0.53633225,2363.117870892808,1.0171998096224788,3.169075E-5,19.048079,0.0058533167,0.29342318,0.0045292564,0.037970833,0.0039094244,0.7060553,0.063567445,0.7915296,0.0067988257,0.04026312,0.0063324915,0.11892054,0.011243414,null,null,null,null,"TWOGAUSSIANS",8,2.3578665,0.29342318,0.0045292564,0.21263666,0.021892777,0.7060553,0.063567445,0.7915296,0.0067988257,0.22547348,0.03546195,0.11892054,0.011243414
375316653866487564,4163497041402222720,0.44683278,2369.170034547341,2.1126149348070933,3.0788677E-5,18.496841,0.003098414,null,null,null,null,null,null,null,null,null,null,null,null,0.04323734,0.0045193015,0.24221882,0.0070848297,"ELLIPSOIDAL",4,3.1192212,null,null,null,null,null,null,null,null,null,null,null,null
375316653866487564,4163500825275892864,0.50065446,2421.0671370283976,3.2029247594730688,2.3429999E-5,16.968348,0.53933144,0.20355514,0.0076887,0.10553116,0.060547102,0.23166361,0.4439004,0.69438577,0.012077321,0.11877608,0.09875962,0.23298001,0.5259897,null,null,null,null,"TWOGAUSSIANS",8,26.48662,0.69438577,0.012077321,0.4,0.0,0.19771901,0.020498697,0.20359513,0.0066116937,0.4,0.0,0.19646536,0.015781749
375316653866487564,4163501851765977472,0.5123029,2372.4708372593614,2.7871339531515753,3.7492737E-5,18.812931,0.013915286,0.22396892,0.002724232,0.092456326,0.006720103,0.26826698,0.013539654,0.7292842,0.0099930735,0.09175368,0.007923629,0.29014,0.025456578,null,null,null,null,"TWOGAUSSIANS",8,3.0975695,0.7292842,0.0099930735,0.4,0.0,0.27718285,0.022148505,0.22396892,0.002724232,0.4,0.0,0.2553098,0.010575421
375316653866487564,4163502298442547840,0.4847877,2375.9413108788544,2.3737188832810587,3.274076E-5,17.621449,0.028485257,0.21748655,0.007953384,0.04282063,0.03974038,0.14793974,0.06967268,0.69504976,0.018502656,0.04768974,0.022149235,0.1583352,0.073133625,0.061684113,0.043796264,0.21748655,0.007953384,"TWOGAUSSIANS_WITH_ELLIPSOIDAL_ON_ECLIPSE1",9,31.440125,0.6977798,0.017110303,0.26706254,0.124035716,0.27956125,0.025904823,0.21748655,0.007953384,0.23979554,0.22254613,0.2713068,0.120393336
375316653866487564,4163507727281631232,0.47552782,2357.777982005594,2.0107371087066293,4.1601856E-5,18.311392,0.3939896,0.27422097,0.013825893,0.14176899,0.07809184,0.2506985,0.38601968,0.7806282,0.0068451916,0.119666465,0.048431307,0.2635156,0.33546022,null,null,null,null,"TWOGAUSSIANS",8,8.831823,0.7808282,0.0064028394,0.4,0.0,0.18638813,0.011504453,0.27417096,0.013858331,0.4,0.0,0.17264831,0.024559213
375316653866487564,4163508693646659712,0.43750483,2359.9653171136506,2.9565791615346746,2.3287159E-5,19.370724,0.022524377,0.20883988,0.00338721,0.037439525,0.005785638,0.19773008,0.026472555,0.70435685,0.059932567,0.11035891,0.06760558,0.13287756,0.025880964,null,null,null,null,"TWOGAUSSIANS",8,5.059612,0.20883988,0.0033876784,0.20966133,0.032399572,0.19698924,0.025508765,0.70435685,0.059932567,0.4,0.13649905,0.13212731,0.025558438
375316653866487564,4163511060176377984,0.5045596,2348.1223304474397,2.7000802666824897,2.6323622E-5,18.694399,0.016122492,0.24023679,0.0033259862,0.0902145,0.010214631,0.28171185,0.0149878375,0.75079626,0.00471385,0.08174461,0.009259872,0.28588638,0.020384181,null,null,null,null,"TWOGAUSSIANS",8,6.1477604,0.75079626,0.00471385,0.4,0.0,0.27898365,0.019752525,0.24023679,0.0033259862,0.4,0.0,0.27480897,0.013883845
375316653866487564,4163511201916240000,0.53275067,2343.182033345409,3.2905642270319024,2.8455328E-5,16.723204,0.04708941,0.262271,0.0052918303,0.1282127,0.019334152,0.22986725,0.042624593,0.73604363,0.0056735533,0.12339231,0.01949124,0.20930375,0.044260476,null,null,null,null,"TWOGAUSSIANS",8,11.851626,0.262511,0.005140747,0.4,0.0,0.18075635,0.0081530735,0.73604363,0.0056735533,0.4,0.0,0.1603369,0.00650069
375316653866487564,4163515561302992384,0.5063433,2365.7995564383723,2.956667991878363,1.4218607E-5,18.63904,0.010975615,0.20693816,0.0070249224,0.045498837,0.06677784,0.013162998,0.021072686,0.65895,0.043500207,0.05234733,0.050565846,0.041047703,0.023721445,0.070150554,0.013413362,0.20693816,0.0070249224,"TWOGAUSSIANS_WITH_ELLIPSOIDAL_ON_ECLIPSE1",9,2.5184932,0.68008995,0.038105015,0.29314503,0.28316873,0.17417963,0.013883475,0.20693816,0.0070249224,0.2547935,0.37395594,0.1534641,0.012322271
375316653866487564,4163515733100929792,0.5442986,2331.748082519465,2.0245629712176174,9.088094E-6,17.438402,0.0020724805,0.765862,0.0025788813,0.07128243,0.014117038,0.015755491,0.011608348,null,null,null,null,null,null,0.12584804,0.0024854117,0.765862,0.0025788813,"ONEGAUSSIAN_WITH_ELLIPSOIDAL",6,12.557493,0.765862,0.0025788813,0.3991816,0.051035352,0.26741797,0.012125172,null,null,null,null,null,null
375316653866487564,4163517451087799552,0.48287317,2362.936541838837,0.6619238967450527,3.2880544E-5,19.236336,0.0038501099,0.37508225,0.0036168469,0.022389477,0.002981201,0.35522783,0.12594923,0.60098743,0.0057308436,0.010389125,0.0054024463,0.09184097,1.6187072,null,null,null,null,"TWOGAUSSIANS",8,1.3355438,0.37508225,0.0036168469,0.12538107,0.016694726,0.35522783,0.12594923,0.60098743,0.0057308436,0.0581791,0.030253697,0.09184097,1.6187072
375316653866487564,4163517519807300736,0.49169508,2362.3045314672777,2.4087685897636293,1.2896631E-5,18.283949,0.6932473,0.2668476,0.00711854,0.121928744,0.15397537,0.15697308,0.65631765,0.75440425,0.0074212104,0.12522179,0.07700518,0.23403274,0.5766771,null,null,null,null,"TWOGAUSSIANS",8,2.4833288,0.75440425,0.0074212104,0.4,0.0,0.18955317,0.006357353,0.26703763,0.004553948,0.4,0.0,0.11259139,0.012025165
375316653866487564,4163518383092900480,0.46084636,2390.4285021246646,3.391653503007281,3.3667446E-5,19.481258,0.24959429,0.2501168,0.009855439,0.12561217,0.05682411,0.29832867,0.24321577,0.76644194,0.010194834,0.108812235,0.03539325,0.3620055,0.23900652,null,null,null,null,"TWOGAUSSIANS",8,3.3864202,0.766552,0.009493176,0.4,0.0,0.3048878,0.023346238,0.25008678,0.009777397,0.4,0.0,0.24099012,0.027334416
375316653866487564,4163518653676065024,0.5010266,2397.19753494025,2.231914758887953,1.237775E-5,19.52294,0.006968218,0.19837403,0.0059841075,0.044228047,0.00491161,0.45363706,0.086517185,0.69332373,0.022884035,0.041970868,0.018596461,0.41503474,0.07324413,null,null,null,null,"TWOGAUSSIANS",8,2.6798458,0.19837403,0.0059841075,0.24767707,0.027505016,0.45363703,0.086517304,0.69332373,0.022884035,0.23503686,0.104140185,0.4150347,0.07324533
375316653866487564,4163518795418389760,0.47194114,2385.1864064729148,1.5651121607844987,2.7358024E-5,18.674295,0.02257484,0.23125745,0.005341521,0.08791523,0.010438626,0.32135653,0.0304344,0.74969363,0.020829163,0.10762012,0.024625579,0.11831276,0.026555788,null,null,null,null,"TWOGAUSSIANS",8,13.081775,0.23125745,0.005338989,0.4,0.0,0.31069976,0.030173376,0.74969363,0.020829163,0.4,0.0,0.1076497,0.020485014
375316653866487564,4163518967208385024,0.45873195,2373.7846216037506,3.9952847010319643,3.9087354E-5,19.128887,0.08575845,0.27110276,0.005785718,0.11008746,0.04384241,0.2428817,0.05008941,0.7550003,0.009804429,0.115875095,0.030261854,0.19592208,0.082685724,null,null,null,null,"TWOGAUSSIANS",8,2.2546234,0.27114275,0.0056995815,0.4,0.0,0.21095365,0.041275833,0.7550003,0.009804429,0.4,0.0,0.16397195,0.016134078
375316653866487564,4163519547033455744,0.49735543,2380.8783759021985,0.1028788235258522,2.4349043E-5,19.613234,0.005074816,0.10869694,0.001417128,0.009940062,0.0022840374,0.72143555,0.53035396,0.6371339,0.0026544544,0.008061837,0.0022124376,0.50697595,0.09600688,null,null,null,null,"TWOGAUSSIANS",8,1.2284017,0.10869694,0.001417128,0.055664346,0.01279061,0.72143555,0.53035396,0.6371339,0.0026544544,0.04514629,0.012389651,0.50697595,0.09600688
375316653866487564,4163520028065648768,0.57736367,2378.9834171843822,1.2302827289260285,7.940159E-6,16.633698,0.0057140486,0.26457858,0.0035129145,0.10720129,0.007495348,0.11874593,0.005384295,0.74929786,0.0016164985,0.107736975,0.003749344,0.15076791,0.00582055,null,null,null,null,"TWOGAUSSIANS",8,2.0496771,0.74929786,0.0016164985,0.4,0.0,0.13567266,0.002516383,0.26459858,0.0035154012,0.4,0.0,0.10365292,0.004963579
375316653866487564,4163520066728744704,0.4751285,2375.145859878485,2.5862067066129786,2.4241454E-5,19.670033,0.009049936,0.26134115,0.010312418,0.07044595,0.007653777,0.4655553,0.04796495,0.73762685,0.0070722485,0.08891079,0.006515737,0.46679968,0.027878325,null,null,null,null,"TWOGAUSSIANS",8,3.9412901,0.73762685,0.0070722485,0.4,0.0,0.46262008,0.028499026,0.26134115,0.010312418,0.3944973,0.021407733,0.461376,0.04978151
375316653866487564,4163525594345805952,0.5510936,2385.432626624625,3.5083394079871706,1.0473623E-5,18.437952,0.0062652854,0.27404094,0.0017968725,0.069257505,0.0043905084,0.2708897,0.013069851,0.7801933,0.00617929,0.06464648,0.0047510006,0.25181553,0.009596768,null,null,null,null,"TWOGAUSSIANS",8,3.141673,0.27404094,0.0017968725,0.38784203,0.024151815,0.27047694,0.013187906,0.7801933,0.00617929,0.36202028,0.026605602,0.25140277,0.009524234
375316653866487564,4163532225775851520,0.4299153,2379.9496797613715,0.7369697403716898,6.6873785E-5,19.576555,0.019835489,0.4820847,0.11005578,0.11063531,0.043723002,0.1296508,0.025225023,0.7693954,0.029211968,0.089706734,0.04339392,0.32629785,0.06426119,null,null,null,null,"TWOGAUSSIANS",8,7.938362,0.7693954,0.029211968,0.4,0.0,0.3300603,0.08123599,0.49065468,0.115505405,0.4,0.0,0.13118763,0.02697863
375316653866487564,4163535146353551232,0.44627103,2364.1289694911225,0.15457509709699702,9.810074E-6,18.717033,0.0057286965,0.46030873,0.28253287,0.07327697,0.11712821,0.07953681,99990.94,0.8501688,0.007499054,0.025455028,0.006443383,0.13439526,0.01831043,null,null,null,null,"TWOGAUSSIANS",8,2.8753633,0.8501688,0.007499054,0.14254816,0.036082946,0.1343953,0.014346126,0.46030873,0.28253287,0.4,0.52461886,0.07953681,99990.94
375316653866487564,4163536112718073472,0.44312763,2352.2472083394405,2.930092598811716,2.6808208E-5,19.781412,0.0061196694,0.16362244,0.0076653,0.011428719,0.00735065,0.026942113,5.5970764,null,null,null,null,null,null,0.091681845,0.008773556,0.16362244,0.0076653,"ONEGAUSSIAN_WITH_ELLIPSOIDAL",6,2.8980713,0.16362244,0.0076653,0.06400083,0.041163642,0.2103055,5.5954223,null,null,null,null,null,null
375316653866487564,4163537104858562176,0.44360593,2340.227440780859,1.08594753421208,4.058991E-5,19.48938,0.07510292,0.30096427,0.008890352,0.11678687,0.027298778,0.25413054,0.06045982,0.7668452,0.031595457,0.14725168,0.0429913,0.17429413,0.08298582,null,null,null,null,"TWOGAUSSIANS",8,3.9325397,0.30202428,0.008248905,0.4,0.0,0.20342852,0.022126636,0.7668452,0.031595457,0.4,0.0,0.12226741,0.03129012
375316653866487564,4163540751291359616,0.4653544,2392.252113754129,3.228197188325301,2.9113053E-5,15.179635,0.020239787,0.30677688,0.0075280895,0.044738594,0.007319646,0.29023576,0.059501037,0.77881986,0.007642867,0.05047148,0.014198192,0.26000768,0.091446295,0.10885905,0.049911514,0.77881986,0.007642867,"TWOGAUSSIANS_WITH_ELLIPSOIDAL_ON_ECLIPSE2",9,237.91376,0.3038469,0.0057158004,0.25053614,0.040990017,0.50199115,0.044721957,0.77881986,0.007642867,0.2826403,0.07950988,0.4777242,0.05745611
375316653866487564,4163542877293179136,0.5101986,2344.774658907935,2.418125073009566,7.756893E-6,19.318203,0.0146778105,0.26806852,0.002530598,0.08063328,0.0058795097,0.42676187,0.023583377,0.7704257,0.0063213534,0.08369615,0.005487113,0.3855861,0.026941132,null,null,null,null,"TWOGAUSSIANS",8,3.4294543,0.26806852,0.002530598,0.4,0.0,0.41918892,0.024608778,0.7704257,0.0063213534,0.4,0.0,0.37801316,0.025435997
375316653866487564,4163545213755672832,0.5456782,2354.892230454846,1.6617801516474413,2.1014832E-5,19.376228,0.0036919843,0.3001056,0.0027628287,0.045258023,0.0023115806,0.4184127,0.01701076,0.7956709,0.007342683,0.044025157,0.0052759247,0.16017233,0.026101416,null,null,null,null,"TWOGAUSSIANS",8,1.0866493,0.3001056,0.0027628287,0.2534449,0.012944852,0.41841263,0.017010793,0.7956709,0.007342683,0.24654087,0.029545179,0.16017227,0.026101507
375316653866487564,4163552669819163520,0.48395348,2378.5701198978295,4.37040389635276,3.7950987E-5,19.039503,0.0033415686,0.1090794,7.542254E-4,0.00746143,0.0014333236,0.8482423,1.4336795,0.75834984,0.03630889,0.020713069,0.021353683,0.28734592,1.3528738,null,null,null,null,"TWOGAUSSIANS",8,1.987135,0.1090794,7.542254E-4,0.04178401,0.008026612,0.8482423,1.4336795,0.75834984,0.03630889,0.11599318,0.11958063,0.28734592,1.3528738
375316653866487564,4163555143718605952,0.57295173,2414.8645792476336,0.5199240005359886,8.392815E-6,18.97913,0.005820218,0.20184292,0.0035464016,0.036918096,0.0043915943,0.15547587,0.009022641,0.70290846,0.002455932,0.040652048,0.0023019088,0.6649919,0.037849873,null,null,null,null,"TWOGAUSSIANS",8,2.5770202,0.70290846,0.002455932,0.22765148,0.012890689,0.6649919,0.037849873,0.20184292,0.0035464016,0.20674133,0.024592927,0.15547587,0.009022642
375316653866487564,4163557033504171520,0.49450138,2377.588102769245,0.552805439306867,5.204315E-6,18.496223,0.0029955448,0.2629726,0.006041852,0.026994085,0.0066362866,0.048801783,0.008135071,0.77116305,0.012763002,0.029432725,0.0069230376,0.19995943,0.024482425,null,null,null,null,"TWOGAUSSIANS",8,1.7629261,0.77116305,0.012763002,0.16482326,0.03876901,0.19995943,0.024482425,0.2629726,0.006041852,0.15116687,0.037163205,0.048801783,0.008135071
375316653866487564,4163559133751676288,0.57566065,2384.2338041243174,2.667187936248106,4.998711E-6,17.387207,0.026478162,0.28838637,0.0020027256,0.10998635,0.007435725,0.30825815,0.02535603,0.79151595,0.0033059951,0.103109784,0.00830165,0.3547442,0.02489239,null,null,null,null,"TWOGAUSSIANS",8,5.466793,0.79151595,0.0033063393,0.4,0.0,0.31419086,0.0088918395,0.28838637,0.0020077508,0.4,0.0,0.26769018,0.009924516
375316653866487564,4163559473045762560,0.4412316,2398.711712968833,4.1256368226885805,1.3964984E-4,19.771591,0.04111279,0.21060114,0.041420802,0.10615477,0.05263656,0.09299692,0.040048614,0.5482118,0.011874839,0.060769893,0.012367661,0.6446684,0.058764637,null,null,null,null,"TWOGAUSSIANS",8,3.9050448,0.5482118,0.011874839,0.3403114,0.0692589,0.6451283,0.05860189,0.21060114,0.041420802,0.4,0.060507093,0.09286527,0.039634924
375316653866487564,4163563531798093696,0.58972293,2383.8514341085265,2.7028793157099473,1.841966E-5,17.011242,0.028818592,0.25409836,0.002595201,0.04563176,0.008071025,0.28553727,0.05359871,0.7572448,0.012907513,0.04601601,0.019381013,0.40147057,0.050953668,0.10337549,0.031933658,0.25409836,0.002595201,"TWOGAUSSIANS_WITH_ELLIPSOIDAL_ON_ECLIPSE1",9,34.60787,0.7572448,0.012907513,0.25768968,0.10853367,0.60814035,0.029180506,0.25409836,0.002595201,0.25553784,0.04519774,0.49228784,0.01703645
375316653866487564,4163565589081834624,0.44698864,2355.6376801325946,0.4343261411381245,8.83427E-5,17.973572,0.0047648796,0.23288903,0.009653119,0.060165033,0.00989236,0.051145453,0.009059799,0.7415045,0.011376249,0.022448003,0.008738888,0.17132856,0.039631628,null,null,null,null,"TWOGAUSSIANS",8,5.8058257,0.7415045,0.011376249,0.12570882,0.04893778,0.17132856,0.03963163,0.23288903,0.009653119,0.3369242,0.05539722,0.051145453,0.009059792
