Gaia/vari_eclipsing_binary/VariEclipsingBinary_065282-066955.csv
# %ECSV 1.0
# ---
# delimiter: ','
# meta: !!omap
# - RELEASE: Gaia DR3
# - TABLE: vari_eclipsing_binary
# - DESCRIPTION: >
#     This table describes the properties of the eclipsing binaries resulting from the variability analysis. 
# - CITATION: >
#     How to cite and acknowledge Gaia: 
#     https://gea.esac.esa.int/archive/documentation/credits.html 
# - KNOWN_ISSUES: >
#     Known issues: 
#     https://www.cosmos.esa.int/web/gaia-users/known-issues 
# - DOCUMENTATION: >
#     Tutorials and documentation: 
#     https://www.cosmos.esa.int/web/gaia-users/archive 
# datatype:
# - 
#   name: solution_id
#   datatype: int64
#   description: Solution Identifier
#   meta:
#     ucd: meta.version
# - 
#   name: source_id
#   datatype: int64
#   description: Unique source identifier
#   meta:
#     ucd: meta.id;meta.main
# - 
#   name: global_ranking
#   datatype: float32
#   description: Number between 0 (worst) and 1 (best)
#   meta:
#     ucd: stat.param
# - 
#   name: reference_time
#   datatype: float64
#   unit: d
#   description: Reference time used for the geometric model fit
#   meta:
#     ucd: time.epoch
# - 
#   name: frequency
#   datatype: float64
#   unit: d**-1
#   description: Frequency of geometric model of the eclipsing binary light curve
#   meta:
#     ucd: src.orbital
# - 
#   name: frequency_error
#   datatype: float32
#   unit: d**-1
#   description: "Uncertainty of \\texttt{frequency}"
#   meta:
#     ucd: stat.error
# - 
#   name: geom_model_reference_level
#   datatype: float32
#   unit: mag
#   description: Magnitude reference level of geometric model
#   meta:
#     ucd: phot.mag;em.opt
# - 
#   name: geom_model_reference_level_error
#   datatype: float32
#   unit: mag
#   description: "Uncertainty of \\texttt{geomModelReferenceLevel}"
#   meta:
#     ucd: stat.error;phot.mag;em.opt
# - 
#   name: geom_model_gaussian1_phase
#   datatype: float32
#   description: Phase of the Gaussian 1 component
#   meta:
#     ucd: time.phase
# - 
#   name: geom_model_gaussian1_phase_error
#   datatype: float32
#   description: "Uncertainty of \\texttt{geomModelGaussian1Phase}"
#   meta:
#     ucd: stat.error;time.phase
# - 
#   name: geom_model_gaussian1_sigma
#   datatype: float32
#   description: "Standard deviation [phase] of Gaussian 1 component"
#   meta:
#     ucd: stat.stdev
# - 
#   name: geom_model_gaussian1_sigma_error
#   datatype: float32
#   description: "Uncertainty of \\texttt{geomModelGaussian1Sigma}"
#   meta:
#     ucd: stat.error
# - 
#   name: geom_model_gaussian1_depth
#   datatype: float32
#   unit: mag
#   description: Magnitude depth of Gaussian 1 component
#   meta:
#     ucd: src.var.amplitude
# - 
#   name: geom_model_gaussian1_depth_error
#   datatype: float32
#   unit: mag
#   description: "Uncertainty of \\texttt{geomModelGaussian1Depth}"
#   meta:
#     ucd: stat.error;src.var.amplitude
# - 
#   name: geom_model_gaussian2_phase
#   datatype: float32
#   description: Phase of Gaussian 2 component
#   meta:
#     ucd: time.phase
# - 
#   name: geom_model_gaussian2_phase_error
#   datatype: float32
#   description: "Uncertainty of \\texttt{geomModelGaussian2Phase}"
#   meta:
#     ucd: stat.error;time.phase
# - 
#   name: geom_model_gaussian2_sigma
#   datatype: float32
[...]
#   datatype: float32
#   description: "Secondary eclipse: uncertainty of \\texttt{derivedSecondaryEclDuration}"
#   meta:
#     ucd: stat.error;time.duration
# - 
#   name: derived_secondary_ecl_depth
#   datatype: float32
#   unit: mag
#   description: "Secondary eclipse: depth"
#   meta:
#     ucd: src.var.amplitude
# - 
#   name: derived_secondary_ecl_depth_error
#   datatype: float32
#   unit: mag
#   description: "Secondary eclipse: uncertainty of \\texttt{derivedSecondaryEclDepth}"
#   meta:
#     ucd: stat.error;src.var.amplitude
solution_id,source_id,global_ranking,reference_time,frequency,frequency_error,geom_model_reference_level,geom_model_reference_level_error,geom_model_gaussian1_phase,geom_model_gaussian1_phase_error,geom_model_gaussian1_sigma,geom_model_gaussian1_sigma_error,geom_model_gaussian1_depth,geom_model_gaussian1_depth_error,geom_model_gaussian2_phase,geom_model_gaussian2_phase_error,geom_model_gaussian2_sigma,geom_model_gaussian2_sigma_error,geom_model_gaussian2_depth,geom_model_gaussian2_depth_error,geom_model_cosine_half_period_amplitude,geom_model_cosine_half_period_amplitude_error,geom_model_cosine_half_period_phase,geom_model_cosine_half_period_phase_error,model_type,num_model_parameters,reduced_chi2,derived_primary_ecl_phase,derived_primary_ecl_phase_error,derived_primary_ecl_duration,derived_primary_ecl_duration_error,derived_primary_ecl_depth,derived_primary_ecl_depth_error,derived_secondary_ecl_phase,derived_secondary_ecl_phase_error,derived_secondary_ecl_duration,derived_secondary_ecl_duration_error,derived_secondary_ecl_depth,derived_secondary_ecl_depth_error
[from data line 254]
375316653866487564,581339766432299264,0.5348065,2260.757000820248,2.402943643833424,1.6243846E-5,16.246952,0.024808578,0.26450184,0.007427788,0.065217,0.009101811,0.22662845,0.05512935,0.77684975,0.0047292365,0.05363646,0.011614222,0.20782089,0.051235434,0.033615958,0.030300817,0.77684975,0.0047292365,"TWOGAUSSIANS_WITH_ELLIPSOIDAL_ON_ECLIPSE2",9,56.84139,0.26562184,0.0064344667,0.36521524,0.05097014,0.29342088,0.011390772,0.77684975,0.0047292365,0.3003642,0.06503965,0.2749808,0.017524548
375316653866487564,581345921121162880,0.46096542,2223.147716908813,2.9666081273970195,1.7378936E-5,17.476645,0.013124347,0.20665029,0.15070029,0.16030101,0.10403618,0.024024058,0.011787493,0.3951103,0.0042866,0.045306683,0.0062308065,0.15615653,0.018449556,null,null,null,null,"TWOGAUSSIANS",8,16.597448,0.3951103,0.0042866,0.25371742,0.034892518,0.16782261,0.012363112,0.21032028,0.57083124,0.4,0.0,0.023685163,0.42776453
375316653866487564,581357977094473472,0.4295535,2205.3081613013505,0.31597665953774356,4.5423232E-5,18.205624,0.0059688636,0.24436939,0.012154581,0.013127309,0.0071116863,0.17277762,0.026463363,0.6357012,0.012145168,0.04893432,0.020100096,0.07612571,0.032366443,null,null,null,null,"TWOGAUSSIANS",8,11.250734,0.24436939,0.012154581,0.073512934,0.039825443,0.17277762,0.026463363,0.6357012,0.012145168,0.2740322,0.11256053,0.07612571,0.032366443
375316653866487564,581359596297008896,0.5185727,2222.450713269167,3.46769108218454,3.8215636E-5,15.890299,0.0019899397,0.18587053,0.009509465,0.007664092,0.0037045358,0.18701668,0.18715434,0.45353514,0.005249412,0.03414898,0.004859677,0.7302084,0.33157572,null,null,null,null,"TWOGAUSSIANS",8,42.450874,0.45353514,0.005249412,0.19123429,0.027214192,0.7302084,0.33157572,0.18587053,0.009509465,0.042918917,0.0207454,0.18701668,0.18715434
375316653866487564,581400621824840448,0.63087356,2212.0528113420937,1.957388760104139,6.1520923E-6,14.03634,0.003378393,0.2592656,0.0013820967,0.08665787,0.002096552,0.19358101,0.003371379,0.76030093,0.0016938642,0.097103834,0.002776186,0.18233772,0.0035286748,null,null,null,null,"TWOGAUSSIANS",8,14.600915,0.2592656,0.0013820967,0.4,0.0,0.18448365,0.001955407,0.76030093,0.0016938642,0.4,0.0,0.17323974,0.0023102334
375316653866487564,581409658436069760,0.4595942,2226.3723394198905,2.9900222725503913,3.3261014E-5,14.588979,0.1801965,0.17033367,0.013110697,0.21686421,0.10951764,1.0891238,0.49154854,0.66244954,0.0122862635,0.21284026,0.104238,1.0930398,0.51038194,null,null,null,null,"TWOGAUSSIANS",8,106.924706,0.66244954,0.0122862635,0.4,0.0,0.15591086,0.013089134,0.18205367,0.0072142826,0.4,0.0,0.13840878,0.010834659
375316653866487564,581415430872076672,0.5253657,2239.35594024005,2.6999394282401474,2.0799856E-5,17.123857,0.0081188865,0.53742623,0.037733685,0.14683096,0.050707914,0.046028182,0.0104929255,0.80940706,0.006607323,0.05573981,0.0058023143,0.3687862,0.031508844,null,null,null,null,"TWOGAUSSIANS",8,22.791557,0.80940706,0.006607323,0.31214294,0.03249296,0.37674266,0.02854693,0.53752625,0.03790504,0.4,0.0,0.04570838,0.01013589
375316653866487564,581415873253160960,0.58686686,2231.7973260723143,2.617823904043883,6.5643103E-6,14.567038,0.0055005834,0.2298629,0.0017623437,0.09408337,0.0037726131,0.25667444,0.0073953606,0.7287774,0.0021340717,0.09103854,0.0032236695,0.24469332,0.0070276964,null,null,null,null,"TWOGAUSSIANS",8,51.02525,0.2298629,0.0017623437,0.4,0.0,0.24381661,0.007986496,0.7287774,0.0021340717,0.4,0.0,0.23183574,0.0065361285
375316653866487564,581421542610179968,0.5898366,2194.949820458433,4.021041122491494,6.291198E-6,18.300083,0.006852071,0.2346212,0.0013762163,0.041275304,0.004547368,0.26752436,0.023635037,0.7357234,0.009898971,0.03104241,0.0061458875,0.22899719,0.057164323,0.13480927,0.010038948,0.2346212,0.0013762163,"TWOGAUSSIANS_WITH_ELLIPSOIDAL_ON_ECLIPSE1",9,4.213443,0.2346212,0.0013762163,0.2311417,0.02546526,0.5371427,0.02345922,0.7357234,0.009379429,0.1738375,0.03441697,0.4986026,0.053724937
375316653866487564,581529367764317056,0.64266527,2231.436606746032,1.3906893004571015,7.2876355E-6,14.009706,0.0020394244,0.16384453,9.5626956E-4,0.034105096,8.9319545E-4,0.7958074,0.055950664,0.66631603,0.0012641746,0.037074577,0.001789219,0.088204734,0.00550177,0.018380571,0.003070675,0.16384453,9.5626956E-4,"TWOGAUSSIANS_WITH_ELLIPSOIDAL_ON_ECLIPSE1",9,30.321136,0.16384453,9.5626956E-4,0.19098853,0.0050018947,0.8325686,0.05716093,0.66631603,0.0012641746,0.20761764,0.010019626,0.124957,0.002782252
375316653866487564,581558161225003264,0.5854934,2224.494982997282,0.4637788224413235,1.0982562E-5,17.8051,0.0011292322,0.22081897,0.0043958956,0.0026588638,0.002024423,0.46036446,0.24372506,0.40019852,0.0026083943,0.008385768,0.0064500608,0.028164927,24517.822,null,null,null,null,"TWOGAUSSIANS",8,1.1664352,0.22081897,0.0043958956,0.014889637,0.011336769,0.46036446,0.24372506,0.40019852,0.0026083943,0.0469603,0.03612034,0.028164927,24517.822
375316653866487564,581566781224359808,0.53147775,2199.900164446815,1.7209646326206463,9.940674E-6,18.028967,0.0025462331,0.34781227,0.001035042,0.022838548,9.557995E-4,0.28458217,0.018717088,0.84674215,0.0010979265,0.024520809,0.0011163825,0.3536043,0.023414657,null,null,null,null,"TWOGAUSSIANS",8,4.1267495,0.84674215,0.0010979265,0.13731652,0.006251742,0.3536043,0.023414657,0.34781227,0.001035042,0.12789586,0.005352477,0.28458217,0.018717088
375316653866487564,581569980974945920,0.7210026,2194.0291885185693,0.2872130525647478,8.435868E-6,16.486025,0.0016219596,0.22959433,3.930926E-4,0.02578544,4.5762837E-4,1.4586142,0.022100143,0.7312732,9.008509E-4,0.02826681,0.0010942098,0.12585223,0.0044913897,0.034361698,0.0022948955,0.22959433,3.930926E-4,"TWOGAUSSIANS_WITH_ELLIPSOIDAL_ON_ECLIPSE1",9,6.3258743,0.22959433,3.930926E-4,0.14439847,0.002562719,1.5273376,0.022893794,0.7312732,9.008509E-4,0.15829414,0.006127575,0.19456793,0.0037579269
375316653866487564,581623822684927360,0.65549546,2202.558497649049,2.27292894328176,4.4390067E-6,14.198698,0.0033778483,0.26436466,0.0012918871,0.047636095,0.0033000722,0.11599024,0.012342289,0.7666173,0.0061291414,0.04016298,0.006230273,0.09916163,0.014779745,0.14544538,0.004338766,0.26436466,0.0012918871,"TWOGAUSSIANS_WITH_ELLIPSOIDAL_ON_ECLIPSE1",9,48.41778,0.26436466,0.0012918871,0.26676214,0.018480403,0.4068806,0.008890503,0.7666173,0.005644228,0.22491269,0.034889527,0.38999373,0.014839937
375316653866487564,581646633255983616,0.54954183,2213.0807763502175,3.071256837502009,9.059969E-6,17.187359,0.0144064035,0.219932,0.0022515964,0.089531146,0.0056375614,0.24752595,0.0133516705,0.7277389,0.0021739395,0.09757399,0.007052937,0.28238323,0.013748352,null,null,null,null,"TWOGAUSSIANS",8,8.397985,0.7277389,0.0021739395,0.4,0.0,0.26905984,0.012493307,0.219932,0.0022515964,0.4,0.0,0.23420367,0.007876832
375316653866487564,581656086479242112,0.6955854,2214.8618599154124,1.9409395267813567,3.2828202E-6,13.526767,0.002964002,0.27539104,8.08587E-4,0.053861357,0.0034184016,0.1317895,0.0064045773,0.7761179,0.0023962297,0.0542795,0.0031747255,0.11446385,0.006639911,0.09846385,0.0034038778,0.27539104,8.08587E-4,"TWOGAUSSIANS_WITH_ELLIPSOIDAL_ON_ECLIPSE1",9,17.82758,0.27539104,8.08587E-4,0.30162358,0.019143049,0.32871163,0.0028340716,0.7761179,0.00196984,0.30396518,0.017778462,0.31138188,0.0035050958
375316653866487564,581674331500350080,0.56831527,2190.5576733158664,3.623699101681912,9.230681E-6,16.296701,0.03032227,0.25952357,0.0018013259,0.12006598,0.011877362,0.25305384,0.027571544,0.7657121,0.0040168217,0.11565686,0.013873171,0.20982432,0.029432805,null,null,null,null,"TWOGAUSSIANS",8,13.006426,0.25950354,0.0018113612,0.4,0.0,0.20710972,0.0046739406,0.7657521,0.004012476,0.4,0.0,0.16393128,0.0037821343
375316653866487564,581716417884444928,0.5715769,2255.4563991403584,3.6442236720227767,1.79849E-5,18.045229,0.009088413,0.26812357,0.0013996449,0.08092134,0.0025582975,0.45674112,0.007503662,0.76165605,0.003892219,0.08807324,0.003971583,0.4944403,0.016711203,null,null,null,null,"TWOGAUSSIANS",8,7.0916395,0.76165605,0.003892219,0.4,0.0,0.48377496,0.015763713,0.26812357,0.0013996449,0.4,0.0,0.44607592,0.006233855
375316653866487564,581757653865316864,0.4205135,2235.375648741036,1.2081633238439158,6.0546405E-5,15.746152,0.20339598,0.18581532,0.011907355,0.04230424,0.018533207,0.47419885,1.0493566,0.66282254,0.052061282,0.12842453,0.13247822,0.43394715,0.097983405,null,null,null,null,"TWOGAUSSIANS",8,16.237053,0.18584533,0.011899175,0.23690374,0.10378596,0.4677269,1.0523239,0.66282254,0.052061282,0.4,0.0,0.42692813,0.14683439
375316653866487564,581764766331149568,0.4471965,2202.512609807288,4.38560089448717,4.9005543E-5,17.729414,0.002403095,0.23513103,0.009145012,0.01779565,0.014814779,0.03146461,0.032496046,0.6908224,0.020875849,0.0287129,0.028942795,0.039208747,39091.95,0.024948856,0.0042875563,0.23513103,0.009145012,"TWOGAUSSIANS_WITH_ELLIPSOIDAL_ON_ECLIPSE1",9,5.0192432,0.69409245,0.018461293,0.16079225,0.16207966,0.08560824,39091.95,0.23513103,0.009145012,0.09965564,0.08296276,0.081362285,0.033284392
375316653866487564,581767205873052800,0.4906666,2196.1469876947135,0.21210505207952104,1.1962474E-5,14.467004,0.001594787,0.20454785,0.0031526166,0.008204963,0.0018772145,0.31690562,0.05523472,0.534278,0.0056167967,0.010590411,0.0040892023,0.21727894,0.08568772,null,null,null,null,"TWOGAUSSIANS",8,251.6427,0.20454785,0.0031526166,0.045947794,0.010512401,0.31690562,0.05523472,0.534278,0.0056167967,0.0593063,0.022899533,0.21727894,0.08568772
375316653866487564,581770568831911040,0.46430576,2220.6923832237317,3.036743081970806,1.17487645E-4,18.374174,0.005734975,0.17360121,0.016208338,0.027680459,0.010615561,0.09477292,0.123208165,0.6974811,0.004867129,0.101241514,0.005915155,0.1533773,0.010496545,null,null,null,null,"TWOGAUSSIANS",8,6.0711446,0.6974811,0.004867129,0.4,0.0,0.15331706,0.010483518,0.17360121,0.016208338,0.15501057,0.059447143,0.09471534,0.123286396
375316653866487564,581813763318510336,0.4736187,2272.149002810457,2.2948804831559615,1.810999E-5,17.342533,0.004182639,0.5619009,0.006493152,0.013298726,0.009585303,1.0812871,1742.0277,0.7940084,3.292634E-4,0.026499089,0.0011216219,0.15664601,0.002822618,null,null,null,null,"TWOGAUSSIANS",8,5.2593164,0.5619009,0.006493152,0.07447287,0.053677697,1.0812871,1742.0277,0.7940084,3.292634E-4,0.1483949,0.0062810825,0.15664601,0.002822618
375316653866487564,581840117237530240,0.50311977,2204.057156529474,1.559296358958421,1.02732185E-4,15.921936,0.0061677033,0.33399484,0.010663583,0.07515447,0.01841453,0.07082401,0.019349849,0.8354027,1.0923142E-5,0.002544968,4.534697E-4,1.5468291,0.70012933,null,null,null,null,"TWOGAUSSIANS",8,103.58056,0.8354027,1.0923142E-5,0.014251821,0.0025394303,1.5468291,0.70012933,0.33399484,0.010663583,0.4,0.0094430065,0.07082401,0.019349858
375316653866487564,581866436797781504,0.46750227,2196.7524351100637,3.4248109977636143,2.5341154E-5,18.75281,0.004900342,null,null,null,null,null,null,null,null,null,null,null,null,0.07986156,0.005407539,0.23277013,0.007352035,"ELLIPSOIDAL",4,4.058439,null,null,null,null,null,null,null,null,null,null,null,null
375316653866487564,581871212801342848,0.50188035,2232.1338410760773,0.3998328586141067,1.4823339E-4,15.809193,0.023894604,0.23908238,0.0054320088,0.022480318,0.0028032227,0.5615245,0.106941074,0.6270911,0.023856616,0.20638597,0.060717665,0.073713,0.022852674,null,null,null,null,"TWOGAUSSIANS",8,92.82848,0.23917238,0.0054334183,0.1258898,0.015698047,0.5671898,0.10700886,0.6270911,0.023856616,0.4,0.0,0.06587597,0.008310096
375316653866487564,581893924588529664,0.53772265,2238.5652626143096,3.1787138233139034,1.6628883E-5,16.4027,0.011892092,0.24012613,0.0036838036,0.099847205,0.008930021,0.17753808,0.011187698,0.74574834,0.0037797417,0.10420825,0.008117031,0.18426006,0.011735245,null,null,null,null,"TWOGAUSSIANS",8,16.909834,0.74574834,0.0037797417,0.4,0.0,0.16746475,0.006862213,0.24012613,0.0036838036,0.4,0.0,0.16074526,0.0075903283
375316653866487564,581918835398805632,0.5957032,2236.413980372493,3.7323511160271488,1.2570077E-5,16.35852,0.028429631,0.17439537,0.0020232296,0.0632434,0.008480776,0.34074315,0.053540185,0.67050976,0.0040832334,0.06147217,0.0066167535,0.40196225,0.05642425,0.08896405,0.03138937,0.17439537,0.0020232296,"TWOGAUSSIANS_WITH_ELLIPSOIDAL_ON_ECLIPSE1",9,38.658005,0.6709598,0.0035704116,0.34424415,0.03705382,0.5795793,0.02753621,0.17439537,0.0020232296,0.35416302,0.047492348,0.5184539,0.04140373
375316653866487564,581942577977963776,0.4182644,2210.3920997935093,1.88828053306171,4.177055E-5,11.407523,0.022956222,0.16524091,0.031004097,0.13300943,0.043724507,0.05105472,0.023583807,0.62871754,0.010468179,0.12223132,0.02500982,0.089449376,0.021707313,null,null,null,null,"TWOGAUSSIANS",8,72.77406,0.62871754,0.010468179,0.4,0.0,0.075151205,0.006010763,0.16591091,0.030484742,0.4,0.0,0.03669773,0.0066839904
375316653866487564,581988448229027456,0.5870978,2195.0009760764683,0.16275357477962138,3.6541055E-6,13.6882715,3.8893506E-4,0.42868018,1.9116318E-4,0.0064822347,2.4628142E-4,0.06943878,0.003126389,0.9261209,4.632972E-4,0.004589406,4.484966E-4,0.20749235,0.025692968,null,null,null,null,"TWOGAUSSIANS",8,12.425224,0.9261209,4.632972E-4,0.025700672,0.002511581,0.20749235,0.025692968,0.42868018,1.9116318E-4,0.036300514,0.0013791759,0.06943878,0.003126389
375316653866487564,582054590725221760,0.70382994,2199.602358058831,2.237270432649675,3.742863E-6,12.845217,0.0028631003,0.27506697,0.0012534399,0.046589114,0.0014581605,0.3096912,0.008082745,0.7769793,5.459073E-4,0.04672451,0.0011737348,0.31412405,0.010483758,0.1276239,0.0047771153,0.7769793,5.459073E-4,"TWOGAUSSIANS_WITH_ELLIPSOIDAL_ON_ECLIPSE2",9,52.465374,0.7769793,5.459073E-4,0.26165727,0.006572915,0.5693714,0.0086132,0.27530697,0.0010895203,0.26089904,0.0081656985,0.5649063,0.0062743872
375316653866487564,582076649677243520,0.66481096,2199.253299701129,2.9992471637291596,4.5503043E-6,15.341681,0.0060615055,0.24703868,0.0011730068,0.05090511,0.0019301706,0.20610346,0.014173142,0.7443646,0.0010289784,0.05290856,0.0024952951,0.2598163,0.014218353,0.09545651,0.0075598536,0.7443646,0.0010289784,"TWOGAUSSIANS_WITH_ELLIPSOIDAL_ON_ECLIPSE2",9,16.422655,0.7443646,0.0010289784,0.29628792,0.013973653,0.45072395,0.009144777,0.24660867,9.6975337E-4,0.2850686,0.010808955,0.3969658,0.0043561095
375316653866487564,582102075883744512,0.6004771,2230.617601887306,3.1715575726925787,4.719172E-6,16.177681,0.008592787,0.2605534,0.0020335354,0.04794429,0.0032625669,0.2786516,0.02192549,0.75804543,0.0015808041,0.05224265,0.0032822704,0.35782468,0.03227828,0.10503987,0.012828796,0.2605534,0.0020335354,"TWOGAUSSIANS_WITH_ELLIPSOIDAL_ON_ECLIPSE1",9,28.096676,0.75832546,0.0012439945,0.29255885,0.018380715,0.5678531,0.0346315,0.2605534,0.0020335354,0.26848802,0.018270375,0.48872635,0.010245296
375316653866487564,582123168469061888,0.416366,2202.0379476542657,1.7440892209487333,4.8026137E-5,18.652098,0.012680817,0.1997558,0.011148896,0.029758165,0.008533018,0.18189655,0.095087685,0.8144166,0.025578955,0.032079026,0.0836609,0.06473743,2.631943E30,0.04662229,0.021424016,0.8144166,0.025578955,"TWOGAUSSIANS_WITH_ELLIPSOIDAL_ON_ECLIPSE2",9,12.511857,0.20258582,0.0096497955,0.16664572,0.047784902,0.23537841,0.093708426,0.8144166,0.025578955,0.17964254,0.32598072,0.15798193,2.631943E30
