Gaia/vari_eclipsing_binary/VariEclipsingBinary_766147-766464.csv
# %ECSV 1.0
# ---
# delimiter: ','
# meta: !!omap
# - RELEASE: Gaia DR3
# - TABLE: vari_eclipsing_binary
# - DESCRIPTION: >
#     This table describes the properties of the eclipsing binaries resulting from the variability analysis. 
# - CITATION: >
#     How to cite and acknowledge Gaia: 
#     https://gea.esac.esa.int/archive/documentation/credits.html 
# - KNOWN_ISSUES: >
#     Known issues: 
#     https://www.cosmos.esa.int/web/gaia-users/known-issues 
# - DOCUMENTATION: >
#     Tutorials and documentation: 
#     https://www.cosmos.esa.int/web/gaia-users/archive 
# datatype:
# - 
#   name: solution_id
#   datatype: int64
#   description: Solution Identifier
#   meta:
#     ucd: meta.version
# - 
#   name: source_id
#   datatype: int64
#   description: Unique source identifier
#   meta:
#     ucd: meta.id;meta.main
# - 
#   name: global_ranking
#   datatype: float32
#   description: Number between 0 (worst) and 1 (best)
#   meta:
#     ucd: stat.param
# - 
#   name: reference_time
#   datatype: float64
#   unit: d
#   description: Reference time used for the geometric model fit
#   meta:
#     ucd: time.epoch
# - 
#   name: frequency
#   datatype: float64
#   unit: d**-1
#   description: Frequency of geometric model of the eclipsing binary light curve
#   meta:
#     ucd: src.orbital
# - 
#   name: frequency_error
#   datatype: float32
#   unit: d**-1
#   description: "Uncertainty of \\texttt{frequency}"
#   meta:
#     ucd: stat.error
# - 
#   name: geom_model_reference_level
#   datatype: float32
#   unit: mag
#   description: Magnitude reference level of geometric model
#   meta:
#     ucd: phot.mag;em.opt
# - 
#   name: geom_model_reference_level_error
#   datatype: float32
#   unit: mag
#   description: "Uncertainty of \\texttt{geomModelReferenceLevel}"
#   meta:
#     ucd: stat.error;phot.mag;em.opt
# - 
#   name: geom_model_gaussian1_phase
#   datatype: float32
#   description: Phase of the Gaussian 1 component
#   meta:
#     ucd: time.phase
# - 
#   name: geom_model_gaussian1_phase_error
#   datatype: float32
#   description: "Uncertainty of \\texttt{geomModelGaussian1Phase}"
#   meta:
#     ucd: stat.error;time.phase
# - 
#   name: geom_model_gaussian1_sigma
#   datatype: float32
#   description: "Standard deviation [phase] of Gaussian 1 component"
#   meta:
#     ucd: stat.stdev
# - 
#   name: geom_model_gaussian1_sigma_error
#   datatype: float32
#   description: "Uncertainty of \\texttt{geomModelGaussian1Sigma}"
#   meta:
#     ucd: stat.error
# - 
#   name: geom_model_gaussian1_depth
#   datatype: float32
#   unit: mag
#   description: Magnitude depth of Gaussian 1 component
#   meta:
#     ucd: src.var.amplitude
# - 
#   name: geom_model_gaussian1_depth_error
#   datatype: float32
#   unit: mag
#   description: "Uncertainty of \\texttt{geomModelGaussian1Depth}"
#   meta:
#     ucd: stat.error;src.var.amplitude
# - 
#   name: geom_model_gaussian2_phase
#   datatype: float32
#   description: Phase of Gaussian 2 component
#   meta:
#     ucd: time.phase
# - 
#   name: geom_model_gaussian2_phase_error
#   datatype: float32
#   description: "Uncertainty of \\texttt{geomModelGaussian2Phase}"
#   meta:
#     ucd: stat.error;time.phase
# - 
#   name: geom_model_gaussian2_sigma
#   datatype: float32
[...]
#   datatype: float32
#   description: "Secondary eclipse: uncertainty of \\texttt{derivedSecondaryEclDuration}"
#   meta:
#     ucd: stat.error;time.duration
# - 
#   name: derived_secondary_ecl_depth
#   datatype: float32
#   unit: mag
#   description: "Secondary eclipse: depth"
#   meta:
#     ucd: src.var.amplitude
# - 
#   name: derived_secondary_ecl_depth_error
#   datatype: float32
#   unit: mag
#   description: "Secondary eclipse: uncertainty of \\texttt{derivedSecondaryEclDepth}"
#   meta:
#     ucd: stat.error;src.var.amplitude
solution_id,source_id,global_ranking,reference_time,frequency,frequency_error,geom_model_reference_level,geom_model_reference_level_error,geom_model_gaussian1_phase,geom_model_gaussian1_phase_error,geom_model_gaussian1_sigma,geom_model_gaussian1_sigma_error,geom_model_gaussian1_depth,geom_model_gaussian1_depth_error,geom_model_gaussian2_phase,geom_model_gaussian2_phase_error,geom_model_gaussian2_sigma,geom_model_gaussian2_sigma_error,geom_model_gaussian2_depth,geom_model_gaussian2_depth_error,geom_model_cosine_half_period_amplitude,geom_model_cosine_half_period_amplitude_error,geom_model_cosine_half_period_phase,geom_model_cosine_half_period_phase_error,model_type,num_model_parameters,reduced_chi2,derived_primary_ecl_phase,derived_primary_ecl_phase_error,derived_primary_ecl_duration,derived_primary_ecl_duration_error,derived_primary_ecl_depth,derived_primary_ecl_depth_error,derived_secondary_ecl_phase,derived_secondary_ecl_phase_error,derived_secondary_ecl_duration,derived_secondary_ecl_duration_error,derived_secondary_ecl_depth,derived_secondary_ecl_depth_error
[from data line 257]
375316653866487564,6740953065155856640,0.49536777,2079.827453723877,0.04505997773295534,1.8131806E-5,17.470161,0.0049371766,0.08914911,4.15101E-5,0.0016808779,5.655925E-5,0.30041716,0.006967581,0.6781422,0.019030385,0.008613626,0.009892709,0.11215921,497.283,0.02248082,0.0073344144,0.6781422,0.019030385,"TWOGAUSSIANS_WITH_ELLIPSOIDAL_ON_ECLIPSE2",9,20.588902,0.08914911,4.15101E-5,0.009412915,3.1673178E-4,0.3327264,0.008959165,0.6781422,0.019030385,0.048236307,0.05539917,0.15712076,497.2836
375316653866487564,6740956599911456896,0.5726833,2155.31986213322,3.970086639847373,8.531875E-6,19.02139,0.011406565,0.19024065,0.0037423857,0.072374724,0.005170514,0.36705306,0.01693175,0.693362,0.0042150533,0.08097749,0.0036576474,0.3619698,0.014234386,null,null,null,null,"TWOGAUSSIANS",8,1.9084665,0.19024065,0.0037423857,0.4,0.014528115,0.3637075,0.017096212,0.693362,0.0042150533,0.4,0.0,0.35862428,0.012947462
375316653866487564,6740956771710210304,0.4942019,2154.7342306550036,1.17063870331848,7.443983E-5,18.405077,0.004894432,0.28951007,0.0027713736,0.02103952,0.0022177156,0.17077851,0.021771593,0.78112996,0.008470886,0.031183723,0.004809304,0.27924138,0.05171756,null,null,null,null,"TWOGAUSSIANS",8,6.053511,0.78112996,0.008470886,0.17462885,0.026932104,0.27924138,0.05171756,0.28951007,0.0027713736,0.11782131,0.012419208,0.17077851,0.021771593
375316653866487564,6740970279384852992,0.53624076,2184.9224217275664,0.2989949850866186,5.0061368E-5,16.18406,0.006152227,0.24735875,0.0104119,0.0725963,0.022039568,0.03582084,0.0060578557,0.7046339,0.09299428,0.023392111,0.043393604,0.20002529,0.17601897,null,null,null,null,"TWOGAUSSIANS",8,10.262597,0.7046339,0.09299428,0.13099582,0.24300419,0.20002528,0.17602497,0.24735875,0.0104119,0.4,0.06989792,0.03582083,0.0060483445
375316653866487564,6740970588619834112,0.5953857,2163.7774551062075,4.053759015041188,1.0412428E-5,18.270107,0.01788217,0.24392115,0.0014078837,0.045375355,0.009475259,0.22004037,0.07515107,0.7203107,0.0061412146,0.036411658,0.008297445,0.31422728,0.045790434,0.14058925,0.020299686,0.24392115,0.0014078837,"TWOGAUSSIANS_WITH_ELLIPSOIDAL_ON_ECLIPSE1",9,5.903872,0.7223107,0.006043363,0.20390528,0.046465695,0.58977973,0.0432241,0.24392115,0.0014078837,0.254102,0.05306145,0.50121874,0.06600089
375316653866487564,6740972925084716032,0.566743,2119.4725122165137,3.735213318778238,8.484709E-6,15.544178,0.017610684,0.29621673,0.003564483,0.060533334,0.011135479,0.18998134,0.041838504,0.8096159,0.006674259,0.04596958,0.012360969,0.15378575,0.037017725,0.10977997,0.021830965,0.29621673,0.003564483,"TWOGAUSSIANS_WITH_ELLIPSOIDAL_ON_ECLIPSE1",9,108.275215,0.29621673,0.003564483,0.33898667,0.062358685,0.4095036,0.034596257,0.8096159,0.006674259,0.25742966,0.06922142,0.37175548,0.02351602
375316653866487564,6740983988920520192,0.6749,2243.6712814051193,3.791029860052729,1.0105768E-5,14.334016,0.010678043,0.19463132,0.0013122151,0.07509418,0.0028141742,0.43681523,0.010564389,0.69258434,0.015975961,0.07225918,0.017594622,0.55775493,0.02612416,null,null,null,null,"TWOGAUSSIANS",8,83.42579,0.69258434,0.015975961,0.4,0.07907459,0.55478877,0.025047548,0.19463132,0.0013122151,0.4,0.0,0.43384907,0.008789021
375316653866487564,6740998381353773952,0.5306005,2196.018656825504,0.42472658329127344,1.5343951E-4,18.273989,0.014205814,0.3292687,0.009933035,0.14113204,0.016854163,0.18366359,0.014598716,0.76785326,0.015868664,0.05459694,0.014771107,0.21131615,0.059632145,null,null,null,null,"TWOGAUSSIANS",8,1.9556475,0.76785326,0.015868664,0.30574286,0.0827182,0.20727976,0.06099861,0.3292687,0.009933035,0.4,0.0,0.17809108,0.00929631
375316653866487564,6740999588241869184,0.5499744,2209.4156660100803,3.725491841902117,1.806387E-5,17.076782,0.009933105,0.194831,0.004639543,0.07601217,0.007926896,0.22506343,0.016558161,0.6829284,0.014146062,0.05442468,0.011603188,0.31097543,0.02051618,null,null,null,null,"TWOGAUSSIANS",8,16.733084,0.6829284,0.014146062,0.30477822,0.06497785,0.31074637,0.020043397,0.194831,0.004639543,0.4,0.0,0.22483435,0.01645441
375316653866487564,6740999790103257088,0.5114116,2255.449545367983,3.6015672230943347,3.075686E-5,18.787806,0.030338705,0.274686,0.015165094,0.10331031,0.016453063,0.2825654,0.03159093,0.764188,0.0074758613,0.09792757,0.02019975,0.2314316,0.026699066,null,null,null,null,"TWOGAUSSIANS",8,3.2386358,0.274686,0.015164718,0.4,0.0,0.26204604,0.017694354,0.764188,0.0074758613,0.4,0.0,0.2109163,0.02189219
375316653866487564,6741001306228729216,0.5357536,2187.159642908007,1.7891780468979197,1.5652351E-5,13.5353775,0.7882119,0.2151614,0.013468417,0.11500645,0.07439522,0.1380018,0.5845285,0.6924614,0.018105451,0.13022484,0.1087962,0.1709162,0.7475339,null,null,null,null,"TWOGAUSSIANS",8,124.41652,0.6924614,0.018105451,0.4,0.0,0.13912071,0.0101102395,0.2155714,0.01034925,0.4,0.0,0.106438644,0.012500905
375316653866487564,6741005974856312320,0.5150973,2190.3353411273765,2.4082489751974507,1.0419621E-5,18.483273,0.016199779,0.15280737,0.032815617,0.08997843,0.020419445,0.13653645,0.018815264,0.68023044,0.003183229,0.042779308,0.0029380599,0.61221176,0.08213086,null,null,null,null,"TWOGAUSSIANS",8,8.821661,0.68023044,0.003183229,0.23956412,0.016453136,0.6120621,0.0821462,0.15280737,0.032815617,0.4,0.0,0.1363866,0.01852983
375316653866487564,6741022295732226304,0.49519634,2289.5583491968923,1.4418356569641784,1.7835537E-4,17.996344,0.012861582,0.2690994,0.06052095,0.112913184,0.14147606,0.019728865,0.012904462,0.60645,0.1256762,0.06442067,0.059003487,0.14833078,0.19444038,null,null,null,null,"TWOGAUSSIANS",8,2.1519465,0.60645,0.1256762,0.36075574,0.3304195,0.14848873,0.1936289,0.26910943,0.060532644,0.4,0.029129412,0.019659596,0.0062001194
375316653866487564,6741029481214180352,0.61887175,2264.5755701348608,3.4450340627022213,1.1730898E-5,15.200938,0.035483867,0.24973835,0.006925962,0.05530007,0.0119216675,0.22710298,0.07746014,0.7478997,0.021500854,0.046764832,0.019334886,0.37949318,0.10229769,0.10159349,0.036931634,0.24973835,0.006925962,"TWOGAUSSIANS_WITH_ELLIPSOIDAL_ON_ECLIPSE1",9,126.81958,0.7480597,0.021254063,0.26188308,0.10827536,0.58264613,0.04450319,0.24973835,0.006925962,0.3096804,0.06676134,0.43028075,0.028757958
375316653866487564,6741031985178594048,0.57294935,2228.023767185696,0.5282968041339325,1.1665003E-4,18.529333,0.0021282972,0.53256184,0.031885114,0.030415602,0.018526757,0.018667178,0.0051276996,0.8251042,0.01069143,0.020126447,0.012769757,0.40217626,0.34663916,null,null,null,null,"TWOGAUSSIANS",8,0.9511172,0.8251042,0.01069143,0.11270811,0.071510635,0.40217626,0.34663916,0.53256184,0.031885114,0.17032738,0.10374984,0.018667178,0.0051276996
375316653866487564,6741039097644643328,0.5060067,2265.658488303321,3.1726172089788194,3.5199235E-5,18.407484,0.02521005,0.16944955,0.01043923,0.06465352,0.030022655,0.19300759,0.018561834,0.66661304,0.009452052,0.0889328,0.01834065,0.16674417,0.02242575,null,null,null,null,"TWOGAUSSIANS",8,4.4103565,0.16944955,0.01043923,0.36205974,0.07530793,0.19136465,0.025674416,0.66661304,0.009452052,0.4,0.0,0.16510119,0.015388087
375316653866487564,6741043706145967744,0.5473522,2228.3777618486183,4.018214644437696,3.5976343E-5,17.55719,0.022600338,0.4338758,0.0058484287,0.18394245,0.04218573,0.09030672,0.019228376,0.9173174,0.027333502,0.07666965,0.031479318,0.026313528,0.027745811,null,null,null,null,"TWOGAUSSIANS",8,0.80406857,0.4338758,0.0058484287,0.4,0.0,0.07394055,0.0061418302,0.9173174,0.027333502,0.4,0.09679146,0.014554085,0.024382234
375316653866487564,6741049856538683008,0.4980454,2117.488965395154,3.4493090228406897,3.9967847E-5,17.059704,0.012246212,0.43721944,0.015243043,0.051840782,0.020483375,0.086070485,0.03979795,0.7615271,0.009784633,0.06525136,0.009521309,0.24977861,0.052232783,null,null,null,null,"TWOGAUSSIANS",8,17.33934,0.7615271,0.009784633,0.3654076,0.052720673,0.2497786,0.052232657,0.43721944,0.015241855,0.2903084,0.114706896,0.08607154,0.039798222
375316653866487564,6741058751413073920,0.49249068,2240.9815792385725,0.04797219577368703,1.6018337E-5,17.103466,0.0063811196,0.08281007,0.039555416,0.01662109,0.01136364,0.26856735,1.0928938,0.5476056,0.03475818,0.041879892,0.023507163,0.11805175,0.010056204,null,null,null,null,"TWOGAUSSIANS",8,2.9991293,0.08281007,0.039555416,0.09307811,0.063636385,0.26856735,1.0928938,0.5476056,0.03475818,0.2345274,0.1316401,0.11805175,0.010056204
375316653866487564,6741060744279170432,0.5826444,2231.399497972952,4.215863831512912,1.1955385E-5,19.057753,0.012279138,0.18956603,0.0025393984,0.071657054,0.003000744,0.77280074,0.043365967,0.69338214,0.0029997048,0.0661491,0.0041496158,0.6716869,0.029688874,null,null,null,null,"TWOGAUSSIANS",8,2.8113523,0.18956603,0.0025393984,0.4,0.0077992906,0.77099305,0.043616965,0.69338214,0.0029997048,0.37043494,0.023237849,0.6698792,0.029850923
375316653866487564,6741066280493629184,0.58627486,2168.8615569018657,1.373654514829571,1.3422432E-5,17.187872,0.23762542,0.2145643,0.00643696,0.12202953,0.022265432,0.58715314,0.2101585,0.7145936,0.0026140432,0.15728414,0.044484895,0.49247614,0.22810267,null,null,null,null,"TWOGAUSSIANS",8,3.0121424,0.2145643,0.0065686903,0.4,0.0,0.38303855,0.021800969,0.7145936,0.0026319213,0.4,0.0,0.28233254,0.018957933
375316653866487564,6741092153376700032,0.49208742,2210.197956494859,0.680666861504503,2.8071776E-5,17.252367,0.013542592,0.1524343,0.08872743,0.011969571,0.016233124,0.99222237,1685.869,0.735459,0.008576973,0.029805167,0.0061023794,0.24709393,0.08611778,0.012581253,0.01893191,0.735459,0.008576973,"TWOGAUSSIANS_WITH_ELLIPSOIDAL_ON_ECLIPSE2",9,26.553673,0.1524543,0.08871131,0.067029595,0.09090549,1.0111377,1685.8662,0.735459,0.008576973,0.16690893,0.034173325,0.27225643,0.0855929
375316653866487564,6741101769806918656,0.6184771,2235.891398185063,2.8229674846116763,6.910841E-6,17.746563,0.0054545584,0.18678573,0.004235077,0.07797941,0.006436793,0.24022697,0.016288487,0.68713516,0.0021183318,0.07040924,0.0022839615,0.30566707,0.008749484,null,null,null,null,"TWOGAUSSIANS",8,2.445216,0.68713516,0.0021183318,0.39429173,0.012421552,0.30384216,0.008369061,0.18678573,0.004235077,0.4,0.0,0.23840202,0.016740398
375316653866487564,6741101838526397056,0.49417958,2234.0388955585818,4.278095954005592,3.219689E-5,18.67604,0.024338104,0.15047789,0.008621705,0.109295465,0.02049519,0.16012172,0.02256908,0.6461414,0.009019873,0.09884157,0.019072175,0.18271647,0.022815695,null,null,null,null,"TWOGAUSSIANS",8,2.2421248,0.6461414,0.009019873,0.4,0.0,0.1646705,0.008139693,0.15047789,0.008621705,0.4,0.0,0.14206749,0.009658982
375316653866487564,6741103075477009920,0.51632446,2267.7653383320003,3.5022044885496726,4.1374093E-5,18.653908,0.013178214,0.31982914,0.005541399,0.100702316,0.008260871,0.28568944,0.014802237,0.8353702,0.016184855,0.075260885,0.017601173,0.26977497,0.0326457,null,null,null,null,"TWOGAUSSIANS",8,3.7516015,0.31982914,0.005541399,0.4,0.0,0.27814877,0.012527104,0.8353702,0.016184855,0.4,0.03235469,0.26223758,0.040838618
375316653866487564,6741111218735208704,0.48779303,2250.558728077392,4.44294796775363,3.7050144E-5,19.227211,0.03523069,0.31747139,0.016507737,0.10772895,0.022700202,0.23981962,0.03976342,0.77094257,0.011068415,0.10426792,0.023420509,0.21262985,0.028783087,null,null,null,null,"TWOGAUSSIANS",8,2.0082629,0.31750137,0.016474737,0.4,0.0,0.22354673,0.02613542,0.77094257,0.011068415,0.4,0.0,0.19637479,0.01298874
375316653866487564,6741111704067974144,0.62539405,2268.905225930228,3.334713326382865,2.805645E-5,15.237412,0.009844043,0.30439338,0.0051815533,0.06361789,0.0523909,0.35787106,0.25087795,0.81432647,0.0024642085,0.038118824,0.0035889249,0.19211589,0.01973149,0.10619093,0.017188305,0.30439338,0.0051815533,"TWOGAUSSIANS_WITH_ELLIPSOIDAL_ON_ECLIPSE1",9,88.68666,0.30439338,0.0051815533,0.3562602,0.063227855,0.5700966,0.2389929,0.81432647,0.0024642085,0.21346541,0.020097978,0.40351525,0.013076235
375316653866487564,6741122316930134656,0.6210529,2203.7315689414045,3.377821847808139,2.4298039E-5,18.038832,0.013668554,0.23432332,0.0054164915,0.085520536,0.00894663,0.54126406,0.021476196,0.72618526,0.0060621183,0.07689644,0.005262975,0.50992566,0.017439196,null,null,null,null,"TWOGAUSSIANS",8,5.4827785,0.23432332,0.0054164915,0.4,0.0,0.533391,0.02098529,0.72618526,0.0060621183,0.4,0.0,0.5020526,0.0123945
375316653866487564,6741122626167799424,0.65293926,2216.4009478434123,4.677183553792409,1.183056E-5,18.03783,0.011581277,0.26794606,0.0056481343,0.046607573,0.008042897,0.29425457,0.032159343,0.7679902,0.0044341646,0.049740687,0.006088993,0.38708478,0.0325563,0.09809533,0.013843525,0.26794606,0.0056481343,"TWOGAUSSIANS_WITH_ELLIPSOIDAL_ON_ECLIPSE1",9,2.7194846,0.7679902,0.0040711192,0.27854782,0.03409836,0.58327395,0.027431794,0.26794606,0.0056481343,0.2610024,0.045040224,0.49044374,0.019119103
375316653866487564,6741147438196150016,0.45900038,2220.7790396620653,3.489347069296742,3.2346652E-5,18.260256,0.006933239,0.75664306,0.011623828,0.07024542,0.020140316,0.11093414,0.056087792,null,null,null,null,null,null,0.044262797,0.010711288,0.75664306,0.011623828,"ONEGAUSSIAN_WITH_ELLIPSOIDAL",6,9.711998,0.75664306,0.011623828,0.39337438,0.098269515,0.19926934,0.06295271,null,null,null,null,null,null
375316653866487564,6741154477644689792,0.50228524,2239.5343659500836,2.80151912160784,1.5090049E-5,17.115047,0.0026312936,null,null,null,null,null,null,null,null,null,null,null,null,0.054021694,0.00397357,0.23877068,0.0049280985,"ELLIPSOIDAL",4,7.2899685,null,null,null,null,null,null,null,null,null,null,null,null
375316653866487564,6741158291576898688,0.59000313,2241.3926315027898,3.5683563024153107,2.091667E-5,15.95935,0.0014982054,0.23860635,0.0038141331,0.026149942,0.0028717895,0.065924026,0.005428179,0.8007929,0.003569802,0.069752045,0.01253604,0.037898827,0.011257675,0.048183713,0.0037818986,0.8007929,0.003569802,"TWOGAUSSIANS_WITH_ELLIPSOIDAL_ON_ECLIPSE2",9,7.371403,0.24284634,0.0029372273,0.14643967,0.016082022,0.14914963,0.004857489,0.8007929,0.003569802,0.39061144,0.0509603,0.13420527,0.010822501
375316653866487564,6741160181362518784,0.5300607,2220.3404196986266,4.1091108905006015,1.2886919E-4,17.388939,0.007247924,0.6462753,0.006797083,0.04898031,0.004856246,0.5981565,0.067307144,null,null,null,null,null,null,null,null,null,null,"ONEGAUSSIAN",5,32.966946,0.6462753,0.006797083,0.27428976,0.027194979,0.5981565,0.0,null,null,null,null,null,null
375316653866487564,6741160421880703744,0.6490168,2242.321765347624,2.7169156738585007,8.908674E-6,16.192354,0.007988013,0.34519184,0.003710371,0.097391136,0.009647354,0.23228006,0.020234136,0.84249586,0.0018149073,0.0958744,0.0041341307,0.2593361,0.007244457,null,null,null,null,"TWOGAUSSIANS",8,3.2044995,0.84249586,0.0018149073,0.4,0.0,0.24268253,0.0047271773,0.34519184,0.003710371,0.4,0.0,0.21562624,0.025305122
375316653866487564,6741171043333635456,0.54922336,2278.4451902667142,3.745670281109834,2.9636003E-5,18.54862,0.055488776,0.31604135,0.012056705,0.11243647,0.024192017,0.29626474,0.05101927,0.8165213,0.0048341276,0.10970143,0.0225567,0.24473882,0.049502075,null,null,null,null,"TWOGAUSSIANS",8,2.1118267,0.31604135,0.012066816,0.4,0.0,0.25371262,0.026162028,0.8165213,0.0048373654,0.4,0.0,0.2022017,0.012805117
375316653866487564,6741172172910146688,0.5502588,2288.0482483759483,2.019614092936126,6.831236E-5,19.221918,0.014414189,0.30018473,0.035658907,0.01957033,0.073337145,1.2212123,1.1692013,0.7918443,0.020536784,0.073293276,0.05325791,0.4076124,1.19071462E9,null,null,null,null,"TWOGAUSSIANS",8,1.9211545,0.30018473,0.035658907,0.109593846,0.28448603,1.221212,1.1721215,0.7918443,0.020536784,0.4,0.28057134,0.40761214,1.19071462E9
