Gaia/vari_eclipsing_binary/VariEclipsingBinary_460824-460841.csv
# %ECSV 1.0
# ---
# delimiter: ','
# meta: !!omap
# - RELEASE: Gaia DR3
# - TABLE: vari_eclipsing_binary
# - DESCRIPTION: >
#     This table describes the properties of the eclipsing binaries resulting from the variability analysis. 
# - CITATION: >
#     How to cite and acknowledge Gaia: 
#     https://gea.esac.esa.int/archive/documentation/credits.html 
# - KNOWN_ISSUES: >
#     Known issues: 
#     https://www.cosmos.esa.int/web/gaia-users/known-issues 
# - DOCUMENTATION: >
#     Tutorials and documentation: 
#     https://www.cosmos.esa.int/web/gaia-users/archive 
# datatype:
# - 
#   name: solution_id
#   datatype: int64
#   description: Solution Identifier
#   meta:
#     ucd: meta.version
# - 
#   name: source_id
#   datatype: int64
#   description: Unique source identifier
#   meta:
#     ucd: meta.id;meta.main
# - 
#   name: global_ranking
#   datatype: float32
#   description: Number between 0 (worst) and 1 (best)
#   meta:
#     ucd: stat.param
# - 
#   name: reference_time
#   datatype: float64
#   unit: d
#   description: Reference time used for the geometric model fit
#   meta:
#     ucd: time.epoch
# - 
#   name: frequency
#   datatype: float64
#   unit: d**-1
#   description: Frequency of geometric model of the eclipsing binary light curve
#   meta:
#     ucd: src.orbital
# - 
#   name: frequency_error
#   datatype: float32
#   unit: d**-1
#   description: "Uncertainty of \\texttt{frequency}"
#   meta:
#     ucd: stat.error
# - 
#   name: geom_model_reference_level
#   datatype: float32
#   unit: mag
#   description: Magnitude reference level of geometric model
#   meta:
#     ucd: phot.mag;em.opt
# - 
#   name: geom_model_reference_level_error
#   datatype: float32
#   unit: mag
#   description: "Uncertainty of \\texttt{geomModelReferenceLevel}"
#   meta:
#     ucd: stat.error;phot.mag;em.opt
# - 
#   name: geom_model_gaussian1_phase
#   datatype: float32
#   description: Phase of the Gaussian 1 component
#   meta:
#     ucd: time.phase
# - 
#   name: geom_model_gaussian1_phase_error
#   datatype: float32
#   description: "Uncertainty of \\texttt{geomModelGaussian1Phase}"
#   meta:
#     ucd: stat.error;time.phase
# - 
#   name: geom_model_gaussian1_sigma
#   datatype: float32
#   description: "Standard deviation [phase] of Gaussian 1 component"
#   meta:
#     ucd: stat.stdev
# - 
#   name: geom_model_gaussian1_sigma_error
#   datatype: float32
#   description: "Uncertainty of \\texttt{geomModelGaussian1Sigma}"
#   meta:
#     ucd: stat.error
# - 
#   name: geom_model_gaussian1_depth
#   datatype: float32
#   unit: mag
#   description: Magnitude depth of Gaussian 1 component
#   meta:
#     ucd: src.var.amplitude
# - 
#   name: geom_model_gaussian1_depth_error
#   datatype: float32
#   unit: mag
#   description: "Uncertainty of \\texttt{geomModelGaussian1Depth}"
#   meta:
#     ucd: stat.error;src.var.amplitude
# - 
#   name: geom_model_gaussian2_phase
#   datatype: float32
#   description: Phase of Gaussian 2 component
#   meta:
#     ucd: time.phase
# - 
#   name: geom_model_gaussian2_phase_error
#   datatype: float32
#   description: "Uncertainty of \\texttt{geomModelGaussian2Phase}"
#   meta:
#     ucd: stat.error;time.phase
# - 
#   name: geom_model_gaussian2_sigma
#   datatype: float32
[...]
#   datatype: float32
#   description: "Secondary eclipse: uncertainty of \\texttt{derivedSecondaryEclDuration}"
#   meta:
#     ucd: stat.error;time.duration
# - 
#   name: derived_secondary_ecl_depth
#   datatype: float32
#   unit: mag
#   description: "Secondary eclipse: depth"
#   meta:
#     ucd: src.var.amplitude
# - 
#   name: derived_secondary_ecl_depth_error
#   datatype: float32
#   unit: mag
#   description: "Secondary eclipse: uncertainty of \\texttt{derivedSecondaryEclDepth}"
#   meta:
#     ucd: stat.error;src.var.amplitude
solution_id,source_id,global_ranking,reference_time,frequency,frequency_error,geom_model_reference_level,geom_model_reference_level_error,geom_model_gaussian1_phase,geom_model_gaussian1_phase_error,geom_model_gaussian1_sigma,geom_model_gaussian1_sigma_error,geom_model_gaussian1_depth,geom_model_gaussian1_depth_error,geom_model_gaussian2_phase,geom_model_gaussian2_phase_error,geom_model_gaussian2_sigma,geom_model_gaussian2_sigma_error,geom_model_gaussian2_depth,geom_model_gaussian2_depth_error,geom_model_cosine_half_period_amplitude,geom_model_cosine_half_period_amplitude_error,geom_model_cosine_half_period_phase,geom_model_cosine_half_period_phase_error,model_type,num_model_parameters,reduced_chi2,derived_primary_ecl_phase,derived_primary_ecl_phase_error,derived_primary_ecl_duration,derived_primary_ecl_duration_error,derived_primary_ecl_depth,derived_primary_ecl_depth_error,derived_secondary_ecl_phase,derived_secondary_ecl_phase_error,derived_secondary_ecl_duration,derived_secondary_ecl_duration_error,derived_secondary_ecl_depth,derived_secondary_ecl_depth_error
[from data line 149]
375316653866487564,4053509049362094592,0.5688535,2272.2435488682427,2.4975155715450557,1.5490732E-5,17.75658,0.012400399,0.3264158,0.0035849058,0.07873832,0.005198089,0.34220666,0.011446808,0.81612843,0.0048949956,0.079717755,0.0046186065,0.31530064,0.01989222,null,null,null,null,"TWOGAUSSIANS",8,7.5269403,0.3264158,0.0035849058,0.4,0.0,0.33852994,0.009919949,0.81612843,0.0048949956,0.4,0.0,0.31162396,0.018935986
375316653866487564,4053509083721894912,0.5983317,2260.9320236143544,0.6349311673828091,1.8274448E-5,17.170465,0.008372677,0.2871162,0.002544946,0.027359607,0.0023293686,0.64403373,0.058991037,0.78902376,0.0055001276,0.035552904,0.005371411,0.519166,0.059203513,null,null,null,null,"TWOGAUSSIANS",8,9.549687,0.2871162,0.002544946,0.1532138,0.013044464,0.64403373,0.058991037,0.78902376,0.0055001276,0.19909626,0.0300799,0.519166,0.059203513
375316653866487564,4053509530399166592,0.4707422,2188.533499759363,4.501581795235541,3.324541E-5,19.260782,0.009853564,0.32931453,0.017326321,0.06322845,0.031710535,0.18058334,0.07484333,0.84226215,0.021796174,0.08101469,0.027649498,0.14638293,0.07366415,null,null,null,null,"TWOGAUSSIANS",8,2.786651,0.32931453,0.017326321,0.3540793,0.177579,0.18001284,0.07530079,0.84226215,0.021796174,0.4,0.08365045,0.14581242,0.074176356
375316653866487564,4053510389391491200,0.57227975,2233.9734085525947,2.487024665460167,7.8661715E-6,18.116692,0.007552934,0.26527768,0.0047787987,0.06670317,0.0034826475,0.4449069,0.010302844,0.7614052,0.004618832,0.07218323,0.010334211,0.40590787,0.068897955,null,null,null,null,"TWOGAUSSIANS",8,4.3064504,0.26527768,0.0047787987,0.37353775,0.019502826,0.44373155,0.009179539,0.7614052,0.004618832,0.4,0.007280924,0.4047325,0.070491716
375316653866487564,4053510767348770048,0.544038,2219.2002119868152,2.6291462420590554,3.5569705E-5,18.399258,0.08769329,0.25430077,0.005369228,0.11999568,0.0321053,0.29905048,0.075158745,0.76935697,0.0035640383,0.1071536,0.017861608,0.3531829,0.08171351,null,null,null,null,"TWOGAUSSIANS",8,3.2429352,0.769417,0.0034617602,0.4,0.0,0.30401465,0.013189263,0.25428078,0.005378119,0.4,0.0,0.24978335,0.019485261
375316653866487564,4053510904825515904,0.49885824,2238.6890667156563,0.0754686247320407,5.132674E-5,15.305485,0.0036040298,0.43881023,0.076013304,0.038346015,0.03721745,0.19225676,1.8616791,0.7719386,0.0058351504,0.03800361,0.0041617947,0.09419867,0.017598508,null,null,null,null,"TWOGAUSSIANS",8,32.797386,0.43881023,0.076013304,0.21473767,0.20841773,0.19225676,1.8616791,0.7719386,0.0058351504,0.21282022,0.023306051,0.09419867,0.017598515
375316653866487564,4053511798141532160,0.49436405,2300.4244873491107,1.0100168675087637,3.3089374E-5,19.05618,0.026857395,0.4073347,0.009262327,0.08178527,0.010031026,0.30167794,0.04247563,0.8189029,0.017540751,0.08791525,0.03580823,0.0841543,0.02889307,null,null,null,null,"TWOGAUSSIANS",8,2.3273165,0.4073347,0.009237189,0.4,0.0,0.3009324,0.03987026,0.8189029,0.017540751,0.4,0.0,0.08340825,0.026182214
375316653866487564,4053511969941054208,0.56048596,2240.898496550628,2.9156325131896965,2.2848375E-5,19.081017,0.010981265,0.24056171,3.7735017E-4,0.06461708,0.0010718184,0.7683545,0.018590381,0.74736416,0.005068381,0.07431312,0.011418507,0.54496026,0.07383121,null,null,null,null,"TWOGAUSSIANS",8,3.5250325,0.24056171,3.7735017E-4,0.36185566,0.0060021835,0.7667134,0.01798277,0.74736416,0.005068381,0.4,0.0018216921,0.54331917,0.075979054
375316653866487564,4053512554085318784,0.49083635,2335.6100417188113,0.7690593307622777,1.45099775E-5,14.087673,0.0019693826,0.2840323,0.004031825,0.034141622,0.009042192,0.050237745,0.035150755,0.7909261,1.2661266E-4,0.0125901215,0.0011854065,0.54675907,0.2437916,0.0036505305,0.0024332548,0.2840323,0.004031825,"TWOGAUSSIANS_WITH_ELLIPSOIDAL_ON_ECLIPSE1",9,32.63965,0.7909261,1.2661266E-4,0.07050468,0.006638276,0.55404645,0.24821268,0.2840323,0.004031825,0.19119307,0.050636277,0.057538804,0.035123184
375316653866487564,4053512828936691840,0.4682157,2250.9899121551666,2.80805419317127,2.336911E-5,19.232967,0.0360875,0.21430367,0.00626412,0.05971211,0.046582166,0.1329748,0.062257268,0.6956656,0.04162061,0.038250357,0.023997206,0.21753497,0.12893207,0.083026096,0.049232252,0.21430367,0.00626412,"TWOGAUSSIANS_WITH_ELLIPSOIDAL_ON_ECLIPSE1",9,9.219863,0.6971656,0.04008685,0.214202,0.13438436,0.38148126,0.064084366,0.21430367,0.00626412,0.3343878,0.25520927,0.29900628,0.058987528
375316653866487564,4053512966402178560,0.6389097,2374.642018661825,0.01882138020523649,6.2907075E-6,15.877237,0.0013298017,0.35455292,0.11553134,0.058197334,0.042461116,0.01361837,0.001664028,0.7363234,0.024314236,0.011328325,0.009973314,0.4471945,0.250662,null,null,null,null,"TWOGAUSSIANS",8,5.5506697,0.7363234,0.024314236,0.06343862,0.055850558,0.4471945,0.250662,0.35455292,0.11553134,0.32590508,0.23778225,0.01361837,0.001664028
375316653866487564,4053513309999635200,0.43005577,2362.048672288456,1.9529517382048909,3.8280396E-5,18.660738,0.015019599,0.21365802,0.04897898,0.05117463,0.022550495,0.6062067,0.26906434,0.6687815,0.015070545,0.028153168,0.020556942,0.1739294,0.23781644,null,null,null,null,"TWOGAUSSIANS",8,4.4812746,0.21365802,0.04897898,0.28657794,0.12628277,0.6062067,0.26906434,0.6687815,0.015070545,0.15765774,0.11511887,0.1739294,0.23781645
375316653866487564,4053513791042233344,0.47286516,2337.4729567694553,1.931759424194575,3.018642E-5,19.730904,0.0068264,0.16529776,0.0028006122,0.010815455,0.0053169485,0.28752288,84.29379,null,null,null,null,null,null,0.06568108,0.0096771065,0.16529776,0.0028006122,"ONEGAUSSIAN_WITH_ELLIPSOIDAL",6,1.5145533,0.16529776,0.0028006122,0.060566545,0.029774912,0.41888496,84.294014,null,null,null,null,null,null
375316653866487564,4053513825370116096,0.4268168,2366.7227866747676,1.9316218178621303,2.6709662E-5,19.207285,0.036511764,0.24657848,0.04499358,0.080598764,0.03604025,0.16100095,0.0491936,0.7326481,0.005100116,0.0337211,0.016487792,2.215143,121.38431,null,null,null,null,"TWOGAUSSIANS",8,4.3476763,0.7326481,0.005100116,0.18883817,0.09233164,2.2151182,121.38435,0.24657848,0.04499358,0.4,0.0908261,0.16097635,0.04899762
375316653866487564,4053514031527936640,0.5465454,2271.4593121020516,1.8746205721313254,1.5154401E-5,18.387611,0.041092217,0.27823702,0.006267332,0.0817333,0.01762011,0.32709292,0.026656955,0.78916913,0.008412539,0.118699566,0.03167212,0.13849215,0.0404446,null,null,null,null,"TWOGAUSSIANS",8,2.9799347,0.278227,0.0063006505,0.4,0.0,0.31260285,0.022516279,0.78916913,0.008412539,0.4,0.0,0.12396042,0.020646472
375316653866487564,4053514168966861696,0.49069855,2312.5903183058113,2.1654479910812454,3.357832E-5,19.415861,0.10370581,0.25797567,0.012192233,0.091317214,0.042936664,0.29852286,0.06419005,0.74969524,0.007856631,0.10417882,0.030309917,0.31472108,0.09623066,null,null,null,null,"TWOGAUSSIANS",8,2.866377,0.74969524,0.007856631,0.4,0.0,0.29385805,0.018669887,0.25797567,0.012183978,0.4,0.0,0.27766636,0.057819787
375316653866487564,4053514684362074752,0.53612334,2371.9267866767245,2.810173191662233,7.4175696E-6,18.375557,0.009235808,0.27421987,0.0041640974,0.062027432,0.011855907,0.07684942,0.024224078,0.83040583,0.0015321202,0.027149767,0.00444225,0.16256782,0.033506494,0.08515447,0.011443623,0.27421987,0.0041640974,"TWOGAUSSIANS_WITH_ELLIPSOIDAL_ON_ECLIPSE1",9,4.76479,0.83040583,0.0015321202,0.1520387,0.0248766,0.31249598,0.035042338,0.27421987,0.0041640974,0.3473536,0.06639308,0.24713558,0.015311019
375316653866487564,4053514856188418560,0.43492422,2435.7452716842276,3.9952197997111205,1.3165234E-4,17.990206,0.02068295,0.44427636,0.07702523,0.064124145,0.06811637,0.15265138,2.4127579,0.696067,0.016241305,0.084327616,0.030100321,0.37634942,0.09432316,null,null,null,null,"TWOGAUSSIANS",8,5.636846,0.696067,0.016241305,0.4,0.031162623,0.3764164,0.09429761,0.44912636,0.25085413,0.35909522,0.3226343,0.15738402,2.4122288
375316653866487564,4053515161020406912,0.5982565,2412.0719227063055,1.8673227819882727,9.680495E-6,17.535261,0.016588017,0.24595134,0.0022353402,0.053860217,0.0047327923,0.27805373,0.037477147,0.740691,0.0024570536,0.054973748,0.004383527,0.33710697,0.036734056,0.095430315,0.019789247,0.24595134,0.0022353402,"TWOGAUSSIANS_WITH_ELLIPSOIDAL_ON_ECLIPSE1",9,7.410014,0.741321,0.002111219,0.30785298,0.024547752,0.5277711,0.0144192735,0.24595134,0.0022353402,0.3016172,0.026503637,0.46890152,0.011617397
375316653866487564,4053515234118010624,0.5172504,2429.180731723373,0.16191246630001116,3.0571075E-5,19.711452,0.011574306,0.18522362,0.0037118525,0.039210033,0.0042968597,0.45974383,0.027166152,0.67110175,0.0038601109,0.060945068,0.006173048,0.23895538,0.019752262,null,null,null,null,"TWOGAUSSIANS",8,2.1282585,0.18522362,0.0037118525,0.21957618,0.024062416,0.4597427,0.027166327,0.67110175,0.0038601109,0.34129238,0.03456907,0.23895423,0.019752115
375316653866487564,4053515646437909504,0.52900267,2354.7664664049225,2.2446950911548327,1.6398615E-5,19.380432,0.021294191,0.30385765,0.0062653613,0.09177165,0.0107286405,0.42137662,0.031675894,0.8152138,0.0022765296,0.07822573,0.0069881626,0.4916167,0.04793504,null,null,null,null,"TWOGAUSSIANS",8,2.3188257,0.8152138,0.0022765296,0.4,0.0,0.48185107,0.050469182,0.30385765,0.0062653613,0.4,0.0,0.4116106,0.032131165
375316653866487564,4053515921314037248,0.47275454,2256.0771841829264,0.9987840559842517,1.4541599E-5,19.448343,0.01836218,0.12947905,0.0035717848,0.05350459,0.0071739173,0.19994484,0.030625684,0.63397324,0.02066676,0.059948176,0.0230387,0.53618896,0.41356295,null,null,null,null,"TWOGAUSSIANS",8,4.648971,0.63397324,0.02066676,0.33570978,0.09964499,0.536155,0.41380358,0.12947905,0.0035717848,0.2996257,0.040173937,0.19991082,0.030536368
375316653866487564,4053516883387001088,0.4438817,2275.9193125255047,1.576176769986582,3.0370415E-5,19.277647,0.014873067,0.18158035,0.015722424,0.044833902,0.016603298,0.23207828,0.079575256,0.8050475,0.010270263,0.05873872,0.009467381,0.20467372,0.02107671,null,null,null,null,"TWOGAUSSIANS",8,5.9889417,0.18158035,0.015722424,0.25106984,0.09297847,0.23207828,0.0795753,0.8050475,0.010270263,0.32893685,0.053017337,0.20467371,0.021076573
375316653866487564,4053517089545994112,0.47464943,2213.931226322161,3.3520837604788407,4.052713E-5,17.859358,0.006443347,null,null,null,null,null,null,null,null,null,null,null,null,0.08056343,0.00998577,0.24167849,0.0072002965,"ELLIPSOIDAL",4,12.699466,null,null,null,null,null,null,null,null,null,null,null,null
375316653866487564,4053517192625046272,0.53242743,2380.4832946225174,2.3503390244690143,7.2455674E-5,19.8447,0.020195602,0.22085786,0.020304648,0.06618041,0.011073209,0.41781127,0.08487119,0.7150893,0.006617235,0.08822555,0.019315884,0.26129994,0.056044605,null,null,null,null,"TWOGAUSSIANS",8,1.0656061,0.22085786,0.020304648,0.37061027,0.06200997,0.41487214,0.082825884,0.7150893,0.006617235,0.4,0.0,0.25836074,0.05986069
375316653866487564,4053517192625144576,0.5227346,2249.104360004586,1.0494836984026576,3.9345712E-5,18.171597,0.0041663693,0.3392567,0.003739933,0.05503639,0.004891361,0.41914287,0.0637825,0.82670546,0.008504181,0.04011231,0.0072572147,0.120439835,0.017987981,null,null,null,null,"TWOGAUSSIANS",8,5.990472,0.3392567,0.003739933,0.3082038,0.027391622,0.41914263,0.063782714,0.82670546,0.008504181,0.22462893,0.040640403,0.12043959,0.017988171
375316653866487564,4053517776740857088,0.5036986,2312.8018338668994,2.5068327004958766,3.9585713E-5,18.872057,0.050836705,0.29745486,0.0050932867,0.08626244,0.0141514875,0.34346542,0.049267642,0.80059123,0.009406337,0.09654881,0.018152967,0.29331976,0.054671742,null,null,null,null,"TWOGAUSSIANS",8,5.945763,0.29745486,0.0050932867,0.4,0.0,0.32918924,0.030907642,0.80059123,0.009406337,0.4,0.0,0.27904272,0.0365117
375316653866487564,4053518601405808512,0.4036569,2289.565773794501,0.7492013483035438,6.1813545E-5,19.176292,0.08068187,0.13108431,0.010999534,0.023776881,0.014618074,0.19737685,0.43738535,0.60603267,0.01855897,0.20816194,0.08185942,0.21515912,0.06797278,null,null,null,null,"TWOGAUSSIANS",8,3.1156135,0.13127431,0.011164833,0.13315053,0.08186121,0.19359519,0.44029987,0.60603267,0.01855897,0.4,0.0,0.18650311,0.020305857
375316653866487564,4053520834758639872,0.4580294,2318.106406814286,0.9947395247853669,2.1096832E-5,19.858635,0.0504473,0.17180969,0.012773397,0.05896288,0.0144116795,0.3660706,0.0565893,0.6546701,0.0057244305,0.08374329,0.034996204,0.2321964,0.054835096,null,null,null,null,"TWOGAUSSIANS",8,3.150976,0.17180969,0.012773397,0.33019215,0.080705404,0.36529857,0.050906237,0.6546701,0.0057244305,0.4,0.014682887,0.23142438,0.055907905
375316653866487564,4053520972197183488,0.52341294,2348.9947844822996,0.5167251144905527,2.486342E-6,17.408869,0.014653617,0.24362639,0.050560035,0.15219724,0.11912898,0.023958301,0.008794596,0.7946572,0.0010379505,0.058166232,0.010597275,0.16664833,0.006532493,null,null,null,null,"TWOGAUSSIANS",8,3.920733,0.7947672,7.9257315E-4,0.3257309,0.059344735,0.16486184,0.004223447,0.24362639,0.050560035,0.4,0.088708535,0.021828502,0.011137127
375316653866487564,4053520972221759360,0.43577787,2338.2226676040464,4.091054181131585,3.263529E-5,13.432611,0.29283875,0.09683436,0.0296955,0.027460564,0.03356087,0.047598496,0.027653756,0.6392631,0.010209995,0.18962835,0.15289043,0.12377998,0.27894035,null,null,null,null,"TWOGAUSSIANS",8,33.952377,0.6392631,0.010209995,0.4,0.0,0.1145814,0.008536697,0.095954366,0.028490301,0.15377916,0.18794087,0.047227744,0.013319861
375316653866487564,4053521002180661888,0.48317835,2314.418629899195,2.0268549264773394,6.0116396E-5,18.496925,0.042528097,0.25554472,0.036004238,0.09084121,0.046703685,0.2965748,1.233422,0.7384905,0.013136352,0.09945727,0.021114385,0.3465612,0.052441344,null,null,null,null,"TWOGAUSSIANS",8,14.882586,0.7384905,0.013136352,0.4,0.0,0.33053064,0.043838207,0.25554472,0.035998993,0.4,0.087218165,0.28054708,1.2454058
375316653866487564,4053521556222083712,0.5747327,2201.8962177556978,2.407127919438943,1.2541845E-5,19.493208,0.024188219,0.26708248,0.0096427705,0.07892938,0.011429493,0.78656566,0.051742837,0.7579478,0.005558705,0.06607161,0.006388762,0.47672722,0.0652841,null,null,null,null,"TWOGAUSSIANS",8,2.8957987,0.26708248,0.0096427705,0.4,0.0,0.7839454,0.051755127,0.7579478,0.005558705,0.370001,0.035777066,0.47410697,0.06568577
375316653866487564,4053521556274204288,0.41927174,2209.096122082446,2.214138360633778,3.4415916E-5,18.404955,0.06266027,0.48539987,0.026336655,0.20112331,0.123936504,0.11287077,0.051927835,0.7794335,0.011569629,0.050736926,0.006859253,0.11290137,0.022908935,null,null,null,null,"TWOGAUSSIANS",8,5.896427,0.7794335,0.011569629,0.2841268,0.03841182,0.14160964,0.040697288,0.48539987,0.026336655,0.4,0.0,0.102574125,0.04213329
375316653866487564,4053522071621623552,0.4585276,2281.321547954781,0.8834219215586542,3.338612E-5,19.06358,0.0066302666,0.2845302,0.009970982,0.03542569,0.005612178,0.19163531,0.022571335,0.63885164,0.00995147,0.050404534,0.025505688,0.051189505,0.01358841,null,null,null,null,"TWOGAUSSIANS",8,2.6668615,0.2845302,0.009970982,0.19838387,0.031428196,0.19163531,0.022571282,0.63885164,0.00995147,0.2822654,0.11853547,0.051189505,0.013588413
375316653866487564,4053522140390343808,0.47383586,2247.710282623089,1.1697860605875772,9.171764E-5,15.065729,0.002657211,0.19107306,0.017883904,0.04123883,0.007948143,0.027361851,0.0055245184,0.61685985,0.014805848,0.061435316,0.0115106385,0.081460476,0.019256303,null,null,null,null,"TWOGAUSSIANS",8,36.09866,0.61685985,0.014805848,0.34403777,0.06445957,0.08146046,0.01925632,0.19107306,0.017883904,0.23093745,0.0445096,0.027361834,0.0055244886
