Gaia/vari_eclipsing_binary/VariEclipsingBinary_499175-499564.csv
# %ECSV 1.0
# ---
# delimiter: ','
# meta: !!omap
# - RELEASE: Gaia DR3
# - TABLE: vari_eclipsing_binary
# - DESCRIPTION: >
#     This table describes the properties of the eclipsing binaries resulting from the variability analysis. 
# - CITATION: >
#     How to cite and acknowledge Gaia: 
#     https://gea.esac.esa.int/archive/documentation/credits.html 
# - KNOWN_ISSUES: >
#     Known issues: 
#     https://www.cosmos.esa.int/web/gaia-users/known-issues 
# - DOCUMENTATION: >
#     Tutorials and documentation: 
#     https://www.cosmos.esa.int/web/gaia-users/archive 
# datatype:
# - 
#   name: solution_id
#   datatype: int64
#   description: Solution Identifier
#   meta:
#     ucd: meta.version
# - 
#   name: source_id
#   datatype: int64
#   description: Unique source identifier
#   meta:
#     ucd: meta.id;meta.main
# - 
#   name: global_ranking
#   datatype: float32
#   description: Number between 0 (worst) and 1 (best)
#   meta:
#     ucd: stat.param
# - 
#   name: reference_time
#   datatype: float64
#   unit: d
#   description: Reference time used for the geometric model fit
#   meta:
#     ucd: time.epoch
# - 
#   name: frequency
#   datatype: float64
#   unit: d**-1
#   description: Frequency of geometric model of the eclipsing binary light curve
#   meta:
#     ucd: src.orbital
# - 
#   name: frequency_error
#   datatype: float32
#   unit: d**-1
#   description: "Uncertainty of \\texttt{frequency}"
#   meta:
#     ucd: stat.error
# - 
#   name: geom_model_reference_level
#   datatype: float32
#   unit: mag
#   description: Magnitude reference level of geometric model
#   meta:
#     ucd: phot.mag;em.opt
# - 
#   name: geom_model_reference_level_error
#   datatype: float32
#   unit: mag
#   description: "Uncertainty of \\texttt{geomModelReferenceLevel}"
#   meta:
#     ucd: stat.error;phot.mag;em.opt
# - 
#   name: geom_model_gaussian1_phase
#   datatype: float32
#   description: Phase of the Gaussian 1 component
#   meta:
#     ucd: time.phase
# - 
#   name: geom_model_gaussian1_phase_error
#   datatype: float32
#   description: "Uncertainty of \\texttt{geomModelGaussian1Phase}"
#   meta:
#     ucd: stat.error;time.phase
# - 
#   name: geom_model_gaussian1_sigma
#   datatype: float32
#   description: "Standard deviation [phase] of Gaussian 1 component"
#   meta:
#     ucd: stat.stdev
# - 
#   name: geom_model_gaussian1_sigma_error
#   datatype: float32
#   description: "Uncertainty of \\texttt{geomModelGaussian1Sigma}"
#   meta:
#     ucd: stat.error
# - 
#   name: geom_model_gaussian1_depth
#   datatype: float32
#   unit: mag
#   description: Magnitude depth of Gaussian 1 component
#   meta:
#     ucd: src.var.amplitude
# - 
#   name: geom_model_gaussian1_depth_error
#   datatype: float32
#   unit: mag
#   description: "Uncertainty of \\texttt{geomModelGaussian1Depth}"
#   meta:
#     ucd: stat.error;src.var.amplitude
# - 
#   name: geom_model_gaussian2_phase
#   datatype: float32
#   description: Phase of Gaussian 2 component
#   meta:
#     ucd: time.phase
# - 
#   name: geom_model_gaussian2_phase_error
#   datatype: float32
#   description: "Uncertainty of \\texttt{geomModelGaussian2Phase}"
#   meta:
#     ucd: stat.error;time.phase
# - 
#   name: geom_model_gaussian2_sigma
#   datatype: float32
[...]
#   datatype: float32
#   description: "Secondary eclipse: uncertainty of \\texttt{derivedSecondaryEclDuration}"
#   meta:
#     ucd: stat.error;time.duration
# - 
#   name: derived_secondary_ecl_depth
#   datatype: float32
#   unit: mag
#   description: "Secondary eclipse: depth"
#   meta:
#     ucd: src.var.amplitude
# - 
#   name: derived_secondary_ecl_depth_error
#   datatype: float32
#   unit: mag
#   description: "Secondary eclipse: uncertainty of \\texttt{derivedSecondaryEclDepth}"
#   meta:
#     ucd: stat.error;src.var.amplitude
solution_id,source_id,global_ranking,reference_time,frequency,frequency_error,geom_model_reference_level,geom_model_reference_level_error,geom_model_gaussian1_phase,geom_model_gaussian1_phase_error,geom_model_gaussian1_sigma,geom_model_gaussian1_sigma_error,geom_model_gaussian1_depth,geom_model_gaussian1_depth_error,geom_model_gaussian2_phase,geom_model_gaussian2_phase_error,geom_model_gaussian2_sigma,geom_model_gaussian2_sigma_error,geom_model_gaussian2_depth,geom_model_gaussian2_depth_error,geom_model_cosine_half_period_amplitude,geom_model_cosine_half_period_amplitude_error,geom_model_cosine_half_period_phase,geom_model_cosine_half_period_phase_error,model_type,num_model_parameters,reduced_chi2,derived_primary_ecl_phase,derived_primary_ecl_phase_error,derived_primary_ecl_duration,derived_primary_ecl_duration_error,derived_primary_ecl_depth,derived_primary_ecl_depth_error,derived_secondary_ecl_phase,derived_secondary_ecl_phase_error,derived_secondary_ecl_duration,derived_secondary_ecl_duration_error,derived_secondary_ecl_depth,derived_secondary_ecl_depth_error
[from data line 143]
375316653866487564,4392080462230560512,0.6681835,2224.611480756779,1.1667455386377266,2.6285236E-6,13.345169,0.004250022,0.21736759,0.0014563253,0.056460742,0.008545166,0.037902147,0.009713967,0.7429954,0.0014707339,0.045364182,0.002635709,0.15361094,0.008878918,0.10595088,0.0050550224,0.21736759,0.0014563253,"TWOGAUSSIANS_WITH_ELLIPSOIDAL_ON_ECLIPSE1",9,40.97538,0.7429954,0.0014707339,0.2540394,0.014759971,0.36006352,0.004224614,0.21736759,0.0014563253,0.31618017,0.047852926,0.24980174,0.0026230186
375316653866487564,4392104685846299264,0.54027855,2249.165620882523,0.35324687276701805,3.5230896E-6,17.799492,0.0053452747,0.3604434,5.5501646E-6,0.007766233,5.8387704E-5,0.8056912,0.0049373186,0.8600211,3.1099885E-4,0.007637067,4.0758794E-4,0.44807404,0.054966956,null,null,null,null,"TWOGAUSSIANS",8,16.934814,0.3604434,5.5501646E-6,0.0434909,3.2697115E-4,0.8056912,0.0049373186,0.8600211,3.1099885E-4,0.042767577,0.0022824924,0.44807404,0.054966956
375316653866487564,4392115337365201280,0.5136099,2215.1438972798373,4.067474330520384,3.3609398E-5,16.949675,0.04263713,0.26011539,0.0030454327,0.064132944,0.012445487,0.41492394,0.099281505,0.754089,0.008760179,0.051538903,0.019270165,0.16548313,0.08938277,0.11981974,0.046164945,0.26011539,0.0030454327,"TWOGAUSSIANS_WITH_ELLIPSOIDAL_ON_ECLIPSE1",9,90.34331,0.26011539,0.0030454327,0.35914448,0.06969473,0.6543565,0.09591898,0.755489,0.0066725425,0.28861785,0.10791292,0.4046522,0.023049392
375316653866487564,4392126122024958336,0.5705259,2234.5638294842656,3.9413362920785566,7.768498E-6,18.85248,0.012176432,0.25691926,0.0017585893,0.07725048,0.0028256078,0.5406646,0.012055413,0.7579216,0.0010981796,0.072049946,0.0023211553,0.5644596,0.012171429,null,null,null,null,"TWOGAUSSIANS",8,4.428495,0.7579216,0.0010981796,0.4,0.0,0.56050146,0.011206387,0.25691926,0.0017585893,0.4,0.0,0.53670645,0.011208393
375316653866487564,4392136090646718848,0.5122818,2307.7320195451334,1.1010017651765291,2.2279932E-5,17.924545,0.006551985,0.21573481,0.004275626,0.017402535,0.0038798049,0.5471468,0.15449104,0.70409673,0.009695066,0.04366248,0.0066604046,0.1145878,0.012521405,null,null,null,null,"TWOGAUSSIANS",8,17.487186,0.21573481,0.004275626,0.097454205,0.021726906,0.5471468,0.15449104,0.70409673,0.009695066,0.24450989,0.037298266,0.1145878,0.012521405
375316653866487564,4392152411522499712,0.56680775,2275.5678170869132,2.0896887662948047,2.0291835E-5,15.623461,0.011038018,0.10173376,0.0042957165,0.06864224,0.003736515,0.2506694,0.012608437,0.58679914,0.0033067625,0.06971502,0.0044413256,0.5834603,0.019325128,null,null,null,null,"TWOGAUSSIANS",8,168.91684,0.58679914,0.0033067625,0.39040413,0.022911826,0.5827116,0.019337637,0.10173376,0.0042957165,0.38439652,0.020924484,0.24992073,0.012268341
375316653866487564,4392153541097337856,0.46895054,2346.4263120521514,0.036896798351648497,1.4951638E-5,16.66671,0.002652085,0.06309639,0.0017645704,0.023006395,0.003339808,0.07541825,0.014229806,0.53454465,0.011309827,0.14605665,0.012529217,0.12480712,0.027201189,null,null,null,null,"TWOGAUSSIANS",8,6.0317297,0.53454465,0.011309827,0.4,0.0,0.12341521,0.027892001,0.063166395,0.0017812621,0.12883581,0.018702924,0.0748876,0.014461525
375316653866487564,4392155087284819456,0.52675086,2291.3193081997133,3.9051443988790258,9.219067E-6,19.438343,0.017137539,0.26607558,0.006278846,0.0748757,0.0076596807,0.42673436,0.041130144,0.7671583,0.0031735075,0.08005316,0.0048711165,0.5336679,0.031747594,null,null,null,null,"TWOGAUSSIANS",8,3.718345,0.7671583,0.0031735075,0.4,0.0,0.5285447,0.03152027,0.26607558,0.006278846,0.4,0.0,0.42161113,0.041125003
375316653866487564,4392165021546496384,0.50864655,2285.512434723,3.8292670897679426,1.414375E-5,16.440762,0.030917136,0.2333909,0.013042564,0.054336708,0.018332947,0.1329243,0.05772685,0.70650846,0.008452847,0.048836198,0.04954639,0.06594921,0.04335806,0.07736945,0.030595232,0.70650846,0.008452847,"TWOGAUSSIANS_WITH_ELLIPSOIDAL_ON_ECLIPSE2",9,68.82625,0.2276809,0.010095015,0.30428556,0.1026645,0.28420728,0.017527377,0.70650846,0.008452847,0.2734827,0.16979007,0.22068642,0.027308216
375316653866487564,4392167151850306688,0.5369996,2328.135431516278,0.7053843561856186,2.3115465E-5,17.644484,0.0060289185,0.37266576,0.0015156263,0.010461419,0.0010627636,0.93634695,0.09129349,0.86948854,0.005393045,0.016421618,0.009120567,0.1468547,0.06823573,null,null,null,null,"TWOGAUSSIANS",8,38.229366,0.37266576,0.0015156263,0.058583945,0.005951476,0.93634695,0.09129349,0.86948854,0.005393045,0.09196106,0.051075175,0.1468547,0.06823573
375316653866487564,4392169419590357248,0.5588468,2298.1745975304957,1.6290721441990352,4.7346452E-6,18.36308,0.005036491,0.304198,0.004276672,0.053284843,0.0069775768,0.2522416,0.01723378,0.8054934,0.0014940017,0.040033147,0.0013209342,0.3320534,0.013603904,null,null,null,null,"TWOGAUSSIANS",8,3.420073,0.8054934,0.0014940017,0.22418562,0.007397231,0.3320531,0.0136038605,0.304198,0.004276672,0.29839513,0.03907443,0.2522413,0.017234247
375316653866487564,4392180479132641152,0.46232817,2273.947637626493,0.15808946948806946,3.3755092E-5,18.330048,0.004338718,0.23156515,4.6432024E-6,0.0042102323,3.091588E-5,0.44647396,0.0043334425,0.60896164,0.040665593,0.027603459,0.02939941,0.0214812,0.010782215,null,null,null,null,"TWOGAUSSIANS",8,11.12485,0.23156515,4.6432024E-6,0.0235773,1.7312891E-4,0.44647396,0.0043334425,0.60896164,0.040665593,0.15457937,0.1646367,0.0214812,0.010782215
375316653866487564,4392182201415972608,0.49122226,2257.7382513213006,2.1904659683586716,2.4236197E-5,13.704947,0.013949269,0.2048161,0.015377577,0.036917575,0.019331772,0.214308,0.19093052,0.7023738,0.0058318586,0.047886815,0.0075343708,0.27881888,0.0730161,0.025327515,0.01686965,0.2048161,0.015377577,"TWOGAUSSIANS_WITH_ELLIPSOIDAL_ON_ECLIPSE1",9,1116.1136,0.7024538,0.0055252477,0.26816615,0.042192478,0.32946208,0.072578356,0.2048161,0.015377577,0.20673841,0.10825793,0.26496273,0.20501828
375316653866487564,4392183090472858112,0.4690516,2248.799814914853,2.6245989781322017,3.3359942E-5,18.350344,0.028016685,0.2890775,0.013410354,0.09905833,0.019776864,0.13247094,0.03047728,0.78918976,0.010791265,0.09875362,0.02903648,0.114966,0.025480814,null,null,null,null,"TWOGAUSSIANS",8,5.162716,0.2890775,0.013418245,0.4,0.0,0.12237324,0.016862534,0.78918976,0.010791265,0.4,0.0,0.10486846,0.011608916
375316653866487564,4392203293998067200,0.48603106,2280.1965357152403,1.6899924819413135,1.3389057E-5,17.241173,0.019288125,0.24303582,0.0027281079,0.22157465,0.027111478,0.38607687,0.018146034,0.745433,0.0023251162,0.15369903,0.013298075,0.34060737,0.029311849,null,null,null,null,"TWOGAUSSIANS",8,5.04947,0.746723,0.0022884686,0.4,0.0,0.10753806,0.0031652087,0.24251582,0.002947578,0.4,0.0,0.095920466,0.008869449
375316653866487564,4392208246097415168,0.47514847,2338.4558295389297,1.0323439392832843,2.3416927E-5,14.942316,0.0015571986,0.25282812,0.0029733656,0.028441276,0.003823231,0.08798739,0.008751169,null,null,null,null,null,null,0.01039092,0.0020628406,0.25282812,0.0029733656,"ONEGAUSSIAN_WITH_ELLIPSOIDAL",6,32.325794,0.25282812,0.0029733656,0.15927115,0.021410095,0.10876921,0.008588593,null,null,null,null,null,null
375316653866487564,4392211402896073856,0.60490954,2372.3236870652518,3.1650404724720964,9.9072395E-6,18.430899,0.010763533,0.23312677,0.0017976833,0.053896144,0.0043626903,0.35202238,0.026151141,0.7342869,0.004783067,0.049406026,0.0053043365,0.2641559,0.038063772,0.1023648,0.013832213,0.23312677,0.0017976833,"TWOGAUSSIANS_WITH_ELLIPSOIDAL_ON_ECLIPSE1",9,3.0488808,0.23312677,0.0017976833,0.3018184,0.024431067,0.5567436,0.013049387,0.7342869,0.004662997,0.27667373,0.029704284,0.46886623,0.031426974
375316653866487564,4392215049325628544,0.60065776,2311.4054417792704,3.425439839627262,5.2504447E-6,15.824321,0.0032058333,0.27284658,0.0019653176,0.053560074,0.005021371,0.07891406,0.00800118,0.76923907,0.0036821703,0.047056828,0.0059857834,0.05190264,0.0082479855,0.04475071,0.005282425,0.27284658,0.0019653176,"TWOGAUSSIANS_WITH_ELLIPSOIDAL_ON_ECLIPSE1",9,7.4547157,0.27284658,0.0019653176,0.2999364,0.028119678,0.16841385,0.0034190791,0.7700791,0.0027063221,0.26351824,0.033520386,0.14136711,0.0035830406
375316653866487564,4392225082369316096,0.66486,2370.7394534010755,1.3421743096262044,3.5032747E-6,16.389675,0.0035075808,0.27662238,0.0034541504,0.033995885,0.0031437804,0.07736221,0.01149336,0.77603054,0.0013186428,0.042708956,0.0013716717,0.5476596,0.011801402,0.033708476,0.0042380225,0.27662238,0.0034541504,"TWOGAUSSIANS_WITH_ELLIPSOIDAL_ON_ECLIPSE1",9,9.7391405,0.77604055,0.0013014893,0.23917016,0.0076813614,0.6150755,0.010380853,0.27662238,0.0034541504,0.19037697,0.01760517,0.14477912,0.008611679
375316653866487564,4392236348065930880,0.510305,2321.630628274153,0.4471177428572728,1.8387533E-5,19.05904,0.0029875808,0.59467226,0.009680667,0.032509968,0.0067809303,0.05387622,0.019180106,0.82625383,0.0015694724,0.02210167,0.0019842272,0.45102635,0.13512073,null,null,null,null,"TWOGAUSSIANS",8,1.5757828,0.82625383,0.0015694724,0.12376936,0.011111673,0.45102635,0.13512073,0.59467226,0.009680667,0.18205582,0.03797321,0.05387622,0.019180106
375316653866487564,4392244220741284480,0.53389305,2283.6530180560967,4.537737050333328,8.276637E-6,19.458328,0.009975288,0.21423544,0.0033741859,0.06916246,0.005237278,0.49774334,0.033119854,0.71315616,0.0019560503,0.066730104,0.0031432183,0.54781383,0.022109505,null,null,null,null,"TWOGAUSSIANS",8,3.410985,0.71315616,0.0019560503,0.37368858,0.017602023,0.54664963,0.022192083,0.21423544,0.0033741859,0.3873098,0.029328758,0.4965791,0.03346805
375316653866487564,4392260709120213248,0.46441206,2280.7197839821097,3.047275078740325,9.928015E-6,19.757526,0.009089356,0.21300913,0.0061006867,0.029464576,0.003959546,0.23329116,0.040779173,0.70008844,0.0025327094,0.039011374,0.0054597096,0.57249486,0.11940532,0.061427318,0.023297306,0.21300913,0.0061006867,"TWOGAUSSIANS_WITH_ELLIPSOIDAL_ON_ECLIPSE1",9,3.6448967,0.70040846,0.002448442,0.21846369,0.030574372,0.6945618,0.13060166,0.21300913,0.0061006867,0.16500163,0.022173455,0.3561458,0.03179412
375316653866487564,4392270883901784576,0.5334216,2278.7724104506124,3.5178896661461203,2.5195084E-5,16.290401,0.02100093,0.25257605,0.0045911283,0.10188906,0.009178852,0.27166554,0.021268133,0.7565327,0.0062335944,0.10448315,0.014341072,0.23314592,0.019029334,null,null,null,null,"TWOGAUSSIANS",8,36.730076,0.25257605,0.004590801,0.4,0.0,0.24619213,0.012854486,0.7565327,0.0062335944,0.4,0.0,0.20767073,0.014595608
375316653866487564,4392278065085575552,0.6281731,2254.760604681327,2.26906327936106,5.2248856E-6,16.370605,0.0066629816,0.23982814,0.0014579805,0.043636538,0.0026006114,0.24883536,0.014622344,0.74136037,0.0041824044,0.044764288,0.005144069,0.26028824,0.014695667,0.12519182,0.008304576,0.23982814,0.0014579805,"TWOGAUSSIANS_WITH_ELLIPSOIDAL_ON_ECLIPSE1",9,15.435629,0.74136037,0.0041824044,0.25068003,0.028806787,0.51064837,0.0074514165,0.23982814,0.0014579805,0.24436462,0.014563424,0.49921867,0.006362819
375316653866487564,4392284829656918912,0.56738615,2268.3045696624026,0.025750282047127464,2.500699E-6,16.66529,0.004018771,0.70259655,5.0773E-5,0.0035120768,1.727583E-4,1.0130539,0.12738496,0.41753843,0.041576456,0.06415157,0.030382596,0.022892067,0.006972129,null,null,null,null,"TWOGAUSSIANS",8,8.915693,0.70259655,5.0773E-5,0.01966763,9.6744654E-4,1.0130551,0.12738472,0.41753843,0.041576456,0.35924882,0.17014253,0.022892067,0.006972129
375316653866487564,4392291564165764608,0.4913365,2276.843149202193,3.1476438900252752,9.2326045E-6,18.927639,0.008641247,0.18375663,0.003786164,0.07712465,0.012877114,0.19258048,0.015952656,0.68850386,0.0040636556,0.07442051,0.005411086,0.21556076,0.016711386,null,null,null,null,"TWOGAUSSIANS",8,2.189967,0.68850386,0.0040636556,0.4,0.0,0.2139735,0.016417807,0.18375663,0.003786164,0.4,0.0,0.19099323,0.017403478
375316653866487564,4392301773305153792,0.51908416,2250.248273974844,3.213831822666496,9.868612E-6,17.70764,0.014598643,0.27221632,0.003088027,0.09399804,0.007420335,0.2056734,0.015528518,0.75456923,0.0042558177,0.1026672,0.010563615,0.22655238,0.012624121,null,null,null,null,"TWOGAUSSIANS",8,7.080914,0.75456923,0.0042558177,0.4,0.0,0.21302293,0.010186367,0.27222633,0.0030903458,0.4,0.0,0.19214784,0.012022491
375316653866487564,4392302872816954880,0.4668459,2276.305490353051,2.6787164109915755,4.7936628E-5,15.169218,0.034949183,0.2703638,0.011108016,0.10150016,0.019831067,0.25894368,0.035160813,0.7488973,0.013559198,0.09694831,0.022482246,0.21015115,0.031884465,null,null,null,null,"TWOGAUSSIANS",8,460.26385,0.2703638,0.011102342,0.4,0.0,0.24414694,0.025704393,0.7488973,0.013559198,0.4,0.0,0.19535756,0.01764831
375316653866487564,4392304865681552128,0.68600506,2285.316506023741,4.140322341589813,1.6069197E-6,14.546106,0.0057359366,0.30653447,6.658523E-4,0.045035172,0.0019108759,0.24678883,0.011739775,0.805764,0.003935696,0.05044186,0.003767774,0.35531265,0.017138023,0.12430087,0.0065527614,0.30653447,6.658523E-4,"TWOGAUSSIANS_WITH_ELLIPSOIDAL_ON_ECLIPSE1",9,41.591164,0.805854,0.0034179753,0.28247443,0.021099534,0.60390747,0.013899142,0.30653447,6.658523E-4,0.25219697,0.010700905,0.49538872,0.004837826
375316653866487564,4392305484156844288,0.640214,2305.1784031394354,2.2938004756070804,4.306942E-6,13.793731,0.0055469438,0.3085285,9.78585E-4,0.050880592,0.0031574063,0.19538096,0.013480774,0.802131,0.0028108787,0.051613614,0.003336154,0.21081886,0.0148899015,0.10804407,0.0086185485,0.3085285,9.78585E-4,"TWOGAUSSIANS_WITH_ELLIPSOIDAL_ON_ECLIPSE1",9,92.32941,0.803261,0.0022356054,0.28903624,0.018682461,0.42661595,0.008518129,0.3085285,9.78585E-4,0.2849313,0.017681476,0.4114652,0.0070001762
375316653866487564,4392329192376313216,0.5693554,2237.16843950333,2.752996182791866,8.9772475E-6,13.243087,0.009659339,0.19941214,0.010283255,0.06640901,0.0105782915,0.07818565,0.023694687,0.6864313,0.0024333457,0.049642645,0.008605901,0.10377437,0.023210596,0.083680056,0.012528352,0.6864313,0.0024333457,"TWOGAUSSIANS_WITH_ELLIPSOIDAL_ON_ECLIPSE2",9,295.26617,0.6864313,0.0024333457,0.2779988,0.04819305,0.27110267,0.0092241345,0.19386214,0.005211229,0.37189043,0.059238434,0.24487682,0.008627958
375316653866487564,4392337915453325440,0.5165832,2274.411188067766,3.7095447899912917,2.9578188E-5,17.13734,0.1220291,0.22335985,0.00627593,0.26232758,0.04307653,0.9476169,0.12181646,0.72182715,0.0053609973,0.1413717,0.021790795,0.681973,0.17201662,null,null,null,null,"TWOGAUSSIANS",8,9.607232,0.72182715,0.0053609973,0.4,0.0,0.23431168,0.011614724,0.22354984,0.00675533,0.4,0.0,0.1957195,0.015085701
375316653866487564,4392360421081880832,0.5427435,2265.7080444852586,0.7428445456196023,3.7029072E-6,19.516188,0.0060297023,0.22235759,0.0013065628,0.026636118,0.0017585114,1.3540294,0.20000729,0.7236915,0.01484238,0.04035416,0.012604494,0.23228349,0.09353422,null,null,null,null,"TWOGAUSSIANS",8,2.507917,0.22235759,0.0013065628,0.14916226,0.009847664,1.3540294,0.20000729,0.7236915,0.01484238,0.22598328,0.07058517,0.23228349,0.09353422
375316653866487564,4392387565275497600,0.5919112,2257.3243293680016,3.5677084385739213,4.5831302E-6,17.148542,0.0072126137,0.1973154,0.0021188203,0.054469902,0.019445326,0.078365296,0.051515065,0.6898622,0.0033970803,0.049974438,0.008321913,0.07878186,0.01793655,0.08176282,0.011419342,0.1973154,0.0021188203,"TWOGAUSSIANS_WITH_ELLIPSOIDAL_ON_ECLIPSE1",9,4.4801292,0.6920222,0.002128699,0.27985686,0.04660271,0.24205033,0.00791059,0.1973154,0.0021188203,0.30503145,0.10889383,0.24188814,0.055160236
