Gaia/vari_eclipsing_binary/VariEclipsingBinary_673468-673502.csv
# %ECSV 1.0
# ---
# delimiter: ','
# meta: !!omap
# - RELEASE: Gaia DR3
# - TABLE: vari_eclipsing_binary
# - DESCRIPTION: >
#     This table describes the properties of the eclipsing binaries resulting from the variability analysis. 
# - CITATION: >
#     How to cite and acknowledge Gaia: 
#     https://gea.esac.esa.int/archive/documentation/credits.html 
# - KNOWN_ISSUES: >
#     Known issues: 
#     https://www.cosmos.esa.int/web/gaia-users/known-issues 
# - DOCUMENTATION: >
#     Tutorials and documentation: 
#     https://www.cosmos.esa.int/web/gaia-users/archive 
# datatype:
# - 
#   name: solution_id
#   datatype: int64
#   description: Solution Identifier
#   meta:
#     ucd: meta.version
# - 
#   name: source_id
#   datatype: int64
#   description: Unique source identifier
#   meta:
#     ucd: meta.id;meta.main
# - 
#   name: global_ranking
#   datatype: float32
#   description: Number between 0 (worst) and 1 (best)
#   meta:
#     ucd: stat.param
# - 
#   name: reference_time
#   datatype: float64
#   unit: d
#   description: Reference time used for the geometric model fit
#   meta:
#     ucd: time.epoch
# - 
#   name: frequency
#   datatype: float64
#   unit: d**-1
#   description: Frequency of geometric model of the eclipsing binary light curve
#   meta:
#     ucd: src.orbital
# - 
#   name: frequency_error
#   datatype: float32
#   unit: d**-1
#   description: "Uncertainty of \\texttt{frequency}"
#   meta:
#     ucd: stat.error
# - 
#   name: geom_model_reference_level
#   datatype: float32
#   unit: mag
#   description: Magnitude reference level of geometric model
#   meta:
#     ucd: phot.mag;em.opt
# - 
#   name: geom_model_reference_level_error
#   datatype: float32
#   unit: mag
#   description: "Uncertainty of \\texttt{geomModelReferenceLevel}"
#   meta:
#     ucd: stat.error;phot.mag;em.opt
# - 
#   name: geom_model_gaussian1_phase
#   datatype: float32
#   description: Phase of the Gaussian 1 component
#   meta:
#     ucd: time.phase
# - 
#   name: geom_model_gaussian1_phase_error
#   datatype: float32
#   description: "Uncertainty of \\texttt{geomModelGaussian1Phase}"
#   meta:
#     ucd: stat.error;time.phase
# - 
#   name: geom_model_gaussian1_sigma
#   datatype: float32
#   description: "Standard deviation [phase] of Gaussian 1 component"
#   meta:
#     ucd: stat.stdev
# - 
#   name: geom_model_gaussian1_sigma_error
#   datatype: float32
#   description: "Uncertainty of \\texttt{geomModelGaussian1Sigma}"
#   meta:
#     ucd: stat.error
# - 
#   name: geom_model_gaussian1_depth
#   datatype: float32
#   unit: mag
#   description: Magnitude depth of Gaussian 1 component
#   meta:
#     ucd: src.var.amplitude
# - 
#   name: geom_model_gaussian1_depth_error
#   datatype: float32
#   unit: mag
#   description: "Uncertainty of \\texttt{geomModelGaussian1Depth}"
#   meta:
#     ucd: stat.error;src.var.amplitude
# - 
#   name: geom_model_gaussian2_phase
#   datatype: float32
#   description: Phase of Gaussian 2 component
#   meta:
#     ucd: time.phase
# - 
#   name: geom_model_gaussian2_phase_error
#   datatype: float32
#   description: "Uncertainty of \\texttt{geomModelGaussian2Phase}"
#   meta:
#     ucd: stat.error;time.phase
# - 
#   name: geom_model_gaussian2_sigma
#   datatype: float32
[...]
#   datatype: float32
#   description: "Secondary eclipse: uncertainty of \\texttt{derivedSecondaryEclDuration}"
#   meta:
#     ucd: stat.error;time.duration
# - 
#   name: derived_secondary_ecl_depth
#   datatype: float32
#   unit: mag
#   description: "Secondary eclipse: depth"
#   meta:
#     ucd: src.var.amplitude
# - 
#   name: derived_secondary_ecl_depth_error
#   datatype: float32
#   unit: mag
#   description: "Secondary eclipse: uncertainty of \\texttt{derivedSecondaryEclDepth}"
#   meta:
#     ucd: stat.error;src.var.amplitude
solution_id,source_id,global_ranking,reference_time,frequency,frequency_error,geom_model_reference_level,geom_model_reference_level_error,geom_model_gaussian1_phase,geom_model_gaussian1_phase_error,geom_model_gaussian1_sigma,geom_model_gaussian1_sigma_error,geom_model_gaussian1_depth,geom_model_gaussian1_depth_error,geom_model_gaussian2_phase,geom_model_gaussian2_phase_error,geom_model_gaussian2_sigma,geom_model_gaussian2_sigma_error,geom_model_gaussian2_depth,geom_model_gaussian2_depth_error,geom_model_cosine_half_period_amplitude,geom_model_cosine_half_period_amplitude_error,geom_model_cosine_half_period_phase,geom_model_cosine_half_period_phase_error,model_type,num_model_parameters,reduced_chi2,derived_primary_ecl_phase,derived_primary_ecl_phase_error,derived_primary_ecl_duration,derived_primary_ecl_duration_error,derived_primary_ecl_depth,derived_primary_ecl_depth_error,derived_secondary_ecl_phase,derived_secondary_ecl_phase_error,derived_secondary_ecl_duration,derived_secondary_ecl_duration_error,derived_secondary_ecl_depth,derived_secondary_ecl_depth_error
[from data line 584]
375316653866487564,5924156285280246272,0.5845668,2261.821095564442,2.7258368326219418,3.645788E-6,16.719044,0.018666333,0.2831846,7.5126556E-4,0.05643337,0.0023698185,0.60830665,0.034043383,0.79433835,0.0061599356,0.040160112,0.007853678,0.22324951,0.044127107,0.07892465,0.017133126,0.2831846,7.5126556E-4,"TWOGAUSSIANS_WITH_ELLIPSOIDAL_ON_ECLIPSE1",9,65.69859,0.2831846,7.5126556E-4,0.31602687,0.0132709835,0.7661229,0.017652951,0.79433835,0.0061599356,0.22489662,0.0439806,0.38029176,0.031459466
375316653866487564,5924156761992672896,0.47561932,2267.346003972535,2.609561309750252,3.422516E-5,14.319687,0.97958034,0.2853013,0.022940757,0.115054734,0.15663184,0.10859143,0.7010785,0.81204957,0.030263564,0.11812956,0.31823984,0.08826191,0.9433338,null,null,null,null,"TWOGAUSSIANS",8,108.86498,0.2852013,0.010164695,0.4,0.0,0.0934049,0.014821475,0.81215954,0.021303039,0.4,0.0,0.073068306,0.01205437
375316653866487564,5924156796352416896,0.5088001,2277.837719933117,2.439679558338232,1.6422982E-5,17.693777,0.19046643,0.26303178,0.0048164004,0.14149876,0.049690794,0.2525087,0.18192501,0.7587126,0.0054638404,0.1394487,0.048931092,0.23839132,0.1811987,null,null,null,null,"TWOGAUSSIANS",8,6.794662,0.26320177,0.004613393,0.4,0.0,0.15530102,0.010176101,0.7587126,0.0054638404,0.4,0.0,0.14139569,0.009861179
375316653866487564,5924157212993309568,0.6064743,2271.445873312818,2.6921622255270283,6.721036E-6,15.021284,0.016680192,0.20527588,0.0014786617,0.048112202,0.0041635465,0.48146188,0.038812045,0.700952,0.0022574333,0.035892688,0.006668988,0.6375174,0.09733222,0.14405364,0.021828068,0.20527588,0.0014786617,"TWOGAUSSIANS_WITH_ELLIPSOIDAL_ON_ECLIPSE1",9,171.29875,0.701142,0.0021584546,0.20099905,0.037346333,0.9254204,0.12877278,0.20527588,0.0014786617,0.2694283,0.02331586,0.76956815,0.032131772
375316653866487564,5924157487871342080,0.6422391,2271.191488211254,1.5833226274393861,3.960235E-6,15.995217,0.007256747,0.20883748,0.0025868276,0.11707923,0.006483055,0.16072811,0.006700336,0.69866496,0.0010345217,0.09384194,0.002710589,0.296389,0.0064240005,null,null,null,null,"TWOGAUSSIANS",8,5.278477,0.69866496,0.0010345217,0.4,0.0,0.27430642,0.003807214,0.20883748,0.0025868276,0.4,0.0,0.13860844,0.0035821607
375316653866487564,5924157895865837696,0.53674805,2246.8625425299983,3.271731856601528,1.3431221E-5,17.92674,0.006129412,0.22670148,0.002638207,0.08636307,0.0043961178,0.22101821,0.007097024,0.7283555,0.004215724,0.09659577,0.005081799,0.26906976,0.0115545215,null,null,null,null,"TWOGAUSSIANS",8,4.444828,0.7283555,0.004215724,0.4,0.0,0.25765824,0.011844885,0.22670148,0.002638207,0.4,0.0,0.2096075,0.006191976
375316653866487564,5924159171480861184,0.57309824,2263.1002956331354,3.4225929243168833,8.10696E-6,18.006033,0.0040433807,0.26028055,0.0019271512,0.072022974,0.003058996,0.27987182,0.011582908,0.7618411,0.0025786085,0.07533467,0.0028305494,0.2350558,0.0061540953,null,null,null,null,"TWOGAUSSIANS",8,2.4730282,0.26028055,0.0019271512,0.4,0.0025369439,0.27831116,0.011791363,0.7618411,0.0025786085,0.4,0.0,0.23349516,0.0060727866
375316653866487564,5924159373332897792,0.47941077,2258.2673967220317,0.9122461227128666,9.1623966E-5,14.725431,0.010369395,0.27582267,0.012102824,0.121731654,0.034295153,0.03189105,0.010428196,0.73257166,0.009531888,0.08832981,0.019524042,0.06449009,0.008344964,null,null,null,null,"TWOGAUSSIANS",8,28.769146,0.73257166,0.009531888,0.4,0.0,0.061595336,0.0058251554,0.27582267,0.012093477,0.4,0.0,0.02896693,0.0054458203
375316653866487564,5924159888745933440,0.50525266,2279.823899265509,3.5134488990662107,1.533444E-5,18.904861,0.009058593,0.2654019,0.0032212038,0.083076835,0.005084165,0.3490972,0.027678603,0.75946563,0.0032259861,0.08309754,0.00446913,0.42904863,0.028667487,null,null,null,null,"TWOGAUSSIANS",8,4.765945,0.75946563,0.0032259861,0.4,0.0,0.42153853,0.029674992,0.2654019,0.0032212038,0.4,0.0,0.34158713,0.02859268
375316653866487564,5924160167912043264,0.52895164,2268.265240894211,3.266005842187667,1.08123095E-5,19.41672,0.012590587,0.21230435,0.0038393307,0.06571697,0.0033965998,0.64561486,0.028428173,0.70824003,0.002098798,0.06582748,0.004207575,0.6254001,0.028471364,null,null,null,null,"TWOGAUSSIANS",8,6.1860967,0.21230435,0.0038393307,0.36801502,0.01902096,0.64479136,0.028349174,0.70824003,0.002098798,0.36863393,0.023562422,0.6245767,0.028658848
375316653866487564,5924160850823182720,0.51964563,2271.667208823186,3.3720098833682486,2.81528E-5,19.515158,0.024726432,0.23343498,0.0046029477,0.09047662,0.007846273,0.42506593,0.02948175,0.73354965,0.004282487,0.07869927,0.008053058,0.37728816,0.043052133,null,null,null,null,"TWOGAUSSIANS",8,3.886785,0.23343498,0.0046029477,0.4,0.0,0.4149107,0.027048856,0.73354965,0.004282487,0.4,0.0,0.3671331,0.042110033
375316653866487564,5924161267445799040,0.55600446,2265.5096131874416,3.3596225494949294,6.047502E-6,19.612984,0.016842732,0.21144286,0.002559825,0.071971744,0.0028763923,0.7614155,0.030740852,0.7057825,0.0030149082,0.06133764,0.008104594,0.65168226,0.11850428,null,null,null,null,"TWOGAUSSIANS",8,3.1140401,0.21144286,0.002559825,0.4,0.0053026304,0.76035374,0.030607628,0.7057825,0.0030149082,0.34349078,0.04538573,0.6506205,0.11967554
375316653866487564,5924162023338814464,0.5097031,2276.4964581910417,3.86797015190661,2.7587872E-5,19.19514,0.018051367,0.26643854,0.0088342205,0.09103212,0.010964771,0.46886382,0.032976106,0.79005885,0.010019335,0.06922584,0.006687205,0.36999178,0.06547523,null,null,null,null,"TWOGAUSSIANS",8,4.2318254,0.26643854,0.0088342205,0.4,0.0,0.46483263,0.03360401,0.79005885,0.010019335,0.3876647,0.035805035,0.36596116,0.066377476
375316653866487564,5924162332575893120,0.45278484,2265.717580398178,3.9104658283226335,2.4818095E-5,19.725513,0.005647923,null,null,null,null,null,null,null,null,null,null,null,null,0.10410263,0.006914092,0.22780424,0.0067169946,"ELLIPSOIDAL",4,2.8840187,null,null,null,null,null,null,null,null,null,null,null,null
375316653866487564,5924162504392911232,0.5752333,2269.014244413754,2.5368436754592065,3.5113585E-6,17.479109,0.005074061,0.1759847,0.0019692155,0.07688974,0.0024237125,0.39689007,0.009131722,0.67835164,0.001469111,0.06926748,0.002025349,0.40908936,0.010017328,null,null,null,null,"TWOGAUSSIANS",8,9.288387,0.67835164,0.001469111,0.3878979,0.011341955,0.40690222,0.010065155,0.1759847,0.0019692155,0.4,0.0,0.3947029,0.0090521155
375316653866487564,5924162744911064960,0.46884373,2278.03138871884,0.0744096797371666,4.757696E-6,19.125704,0.015084175,0.15822542,8.7120134E-4,0.0179112,0.0016629028,0.35624778,0.04456023,0.74008423,0.012108432,0.14270829,0.015650818,0.3288521,0.02263012,null,null,null,null,"TWOGAUSSIANS",8,5.6437216,0.15814543,8.5679017E-4,0.10030271,0.009312255,0.3593993,0.044684276,0.74008423,0.012108432,0.4,0.0,0.32742387,0.022349695
375316653866487564,5924163466447881344,0.5400118,2248.3964190766337,3.2695038916538977,1.2884815E-5,18.906643,0.0074566426,0.22385141,0.0027921838,0.066558085,0.0028844876,0.6485922,0.04548744,0.7194811,0.0018377093,0.070843585,0.002987637,0.52756214,0.021864234,null,null,null,null,"TWOGAUSSIANS",8,5.9456043,0.22385141,0.0027921838,0.37272528,0.01615313,0.6472109,0.045719042,0.7194811,0.0018377093,0.39672408,0.013292655,0.52618086,0.02203656
375316653866487564,5924163569544956672,0.6792392,2233.9362260393596,2.8474256194420007,3.6711374E-6,16.155296,0.0078124553,0.23645549,8.3092053E-4,0.04392851,0.0016322937,0.51112825,0.016571024,0.7400988,0.00456073,0.042966843,0.0031622152,0.47509658,0.028448211,0.13256288,0.009441516,0.23645549,8.3092053E-4,"TWOGAUSSIANS_WITH_ELLIPSOIDAL_ON_ECLIPSE1",9,18.30908,0.23645549,8.3092053E-4,0.24599966,0.009140844,0.77625394,0.0065799686,0.7400988,0.00456073,0.24061431,0.017708406,0.7400834,0.019121606
375316653866487564,5924163913142688512,0.6305614,2256.177268303187,3.3706368451625437,6.400171E-6,17.977222,0.0077824905,0.2758833,0.0019295963,0.04940626,0.002765444,0.28438234,0.018135456,0.77804315,0.0012156119,0.05117902,0.0022394608,0.33561435,0.018322403,0.10275118,0.009021264,0.2758833,0.0019295963,"TWOGAUSSIANS_WITH_ELLIPSOIDAL_ON_ECLIPSE1",9,2.9266217,0.77804315,0.0012156119,0.28660253,0.01254098,0.5410753,0.012947571,0.2758833,0.0019295963,0.27667505,0.015486486,0.4898811,0.0064750435
375316653866487564,5924164321147523456,0.47992653,2268.0771493985044,0.6559306372520949,2.4088975E-5,16.9062,0.0032321818,0.30262056,0.0018671672,0.015913812,0.0020443709,0.15570353,0.015700813,0.81143624,0.0501758,0.023355711,0.01099249,0.11413351,0.094669774,0.0076791765,0.006842518,0.30262056,0.0018671672,"TWOGAUSSIANS_WITH_ELLIPSOIDAL_ON_ECLIPSE1",9,28.721031,0.30262056,0.0018671672,0.089117356,0.011448476,0.17106187,0.017041897,0.81143624,0.04973468,0.13079198,0.06155794,0.1294448,0.09691467
375316653866487564,5924164462880203136,0.43605956,2246.3247229475123,1.0643667274920925,7.02232E-5,19.345215,0.010687853,0.2302767,0.0026670909,0.021823417,0.0021164115,0.31940553,0.023830632,0.710771,0.05010217,0.04809753,0.028183913,0.2722603,0.10790458,null,null,null,null,"TWOGAUSSIANS",8,12.535747,0.2302767,0.0026670909,0.12221114,0.011851904,0.31940553,0.023830632,0.710771,0.05010217,0.26934618,0.13411282,0.2722603,0.10790456
375316653866487564,5924165386299354752,0.44615495,2265.8275252991484,0.29889847324460583,3.1951964E-5,18.785948,0.0042527327,0.25119194,0.023226896,0.05636062,0.0209099,0.09795423,0.39013675,0.68882453,0.006753094,0.07424804,0.00866616,0.15061422,0.02608076,null,null,null,null,"TWOGAUSSIANS",8,2.8425252,0.68882453,0.006753094,0.4,0.015488928,0.15059087,0.026095394,0.25119194,0.023226896,0.3156195,0.11709543,0.09793088,0.39015806
375316653866487564,5924166142204156288,0.52355945,2262.026970275167,2.950889308164048,1.28743895E-5,18.824286,0.019858176,0.26375437,0.005399415,0.08852372,0.012641543,0.24453518,0.019431226,0.7705275,0.005949055,0.08786955,0.010513441,0.24957366,0.024901511,null,null,null,null,"TWOGAUSSIANS",8,4.1330767,0.7705275,0.005949055,0.4,0.0,0.24160391,0.023242308,0.26375437,0.005399415,0.4,0.0,0.23656541,0.016477399
375316653866487564,5924167104276314624,0.43034378,2251.0663151437816,0.07441882114625478,1.1195802E-5,16.812527,0.0074075693,0.16565199,0.0032660835,0.015124039,0.007948173,0.08224381,0.03902369,0.75185513,0.023226053,0.10503428,0.029029189,0.11529853,0.024808507,null,null,null,null,"TWOGAUSSIANS",8,6.4666686,0.75185513,0.023226053,0.4,0.0,0.11529576,0.024817,0.165642,0.0033094196,0.08469462,0.044509772,0.08229021,0.038901642
375316653866487564,5924167928910053120,0.5928616,2264.3719375365545,2.8165306588675976,1.121237E-5,16.487848,0.013332196,0.30198443,0.002268444,0.046441372,0.0068592103,0.17975079,0.032771543,0.80760825,0.0033179857,0.052672073,0.007455695,0.20290028,0.028332466,0.11342764,0.019387845,0.30198443,0.002268444,"TWOGAUSSIANS_WITH_ELLIPSOIDAL_ON_ECLIPSE1",9,26.172153,0.80760825,0.0033179857,0.2949636,0.04175189,0.42946914,0.015347716,0.30198443,0.002268444,0.26007167,0.038411576,0.4066028,0.014073902
375316653866487564,5924168105030640384,0.5270653,2248.846689812025,0.6111588022568133,3.2786786E-5,19.232815,0.0037661511,0.39364615,8.329046E-5,0.034561638,4.2910813E-4,0.8227582,0.005812999,0.7615226,0.0064308336,0.025564346,0.008316241,0.04986216,0.009749675,null,null,null,null,"TWOGAUSSIANS",8,1.7216448,0.39364615,8.329046E-5,0.19354516,0.0024030055,0.8227582,0.005812999,0.7615226,0.0064308336,0.14316034,0.046570953,0.04986216,0.009749675
375316653866487564,5924168826585947904,0.4785135,2258.823324775061,0.5865320199152263,6.538787E-5,15.533251,0.0026776032,0.21264254,0.003909952,0.01605856,0.0015819297,0.21963677,0.035738237,0.63577527,0.007243604,0.030377565,0.0069340267,0.04233761,0.0090309605,null,null,null,null,"TWOGAUSSIANS",8,46.95493,0.21264254,0.003909952,0.08992794,0.008858806,0.21963677,0.035738237,0.63577527,0.007243604,0.17011435,0.03883055,0.04233761,0.0090309605
375316653866487564,5924169028417857920,0.5584141,2283.785810528398,2.097252029552904,2.1341673E-5,17.798538,0.0071291556,0.22489756,0.003418246,0.03423303,0.005296162,0.3999337,0.043637075,0.72249204,0.0074731656,0.036410335,0.0049053906,0.42738286,0.04026386,0.049772613,0.011837065,0.22489756,0.003418246,"TWOGAUSSIANS_WITH_ELLIPSOIDAL_ON_ECLIPSE1",9,12.732877,0.72255206,0.007405953,0.20389786,0.027470188,0.52690583,0.038816772,0.22489756,0.003418246,0.19170497,0.029658506,0.4994789,0.04834551
375316653866487564,5924169578197103104,0.5461798,2267.696203168002,1.5003102466961054,6.8237596E-6,19.428009,0.007463118,0.13517764,0.005681731,0.03593941,0.0069540124,0.28082493,0.052574746,0.64504457,0.0022478509,0.030322183,0.005836123,1.3135241,0.46892914,null,null,null,null,"TWOGAUSSIANS",8,3.762301,0.64504457,0.0022478509,0.16980422,0.03268229,1.3135241,0.46892914,0.13517764,0.005681731,0.2012607,0.03894247,0.28082493,0.052574746
375316653866487564,5924170196672221824,0.4406275,2269.5869660218195,2.9620841659009844,4.0955238E-5,19.18765,0.020301238,null,null,null,null,null,null,null,null,null,null,null,null,0.09077201,0.03055184,0.16908693,0.009874447,"ELLIPSOIDAL",4,14.201365,null,null,null,null,null,null,null,null,null,null,null,null
375316653866487564,5924170304040687616,0.58715796,2272.6553410330375,4.384922374539789,7.0301326E-6,18.730747,0.004597393,0.2880071,0.0015261831,0.07100904,0.002066427,0.5129672,0.0063550784,0.79507774,0.0026627688,0.06972083,0.0032375746,0.5028491,0.019924212,null,null,null,null,"TWOGAUSSIANS",8,2.6016753,0.2880071,0.0015261831,0.39765063,0.008934335,0.5114265,0.0063845757,0.79507774,0.0026627688,0.39043662,0.016379071,0.5013084,0.020216515
375316653866487564,5924171266127448960,0.4870491,2257.8334790055183,1.103331429180617,8.4615014E-5,15.646575,0.010450503,0.4189522,0.021988932,0.061931033,0.021394268,0.12050984,0.045082767,0.88982,0.005070998,0.032848038,0.0050290786,0.60894597,0.16163246,null,null,null,null,"TWOGAUSSIANS",8,550.8679,0.88982,0.005070998,0.18394901,0.02816284,0.6089459,0.16163252,0.4189522,0.021988932,0.34681377,0.1198079,0.120509766,0.04508289
375316653866487564,5924171472271803648,0.60285246,2262.725080429446,3.9042673175032503,5.356957E-6,18.328175,0.004834121,0.29492208,0.0017425191,0.07965129,0.0021885792,0.3874362,0.010142603,0.7938421,0.002853464,0.07768784,0.0036538062,0.37565535,0.01906078,null,null,null,null,"TWOGAUSSIANS",8,1.9079627,0.29492208,0.0017425191,0.4,0.0,0.38264787,0.010209757,0.7938421,0.002853464,0.4,0.0,0.370867,0.019774698
375316653866487564,5924172571797578624,0.6275754,2274.285118388764,2.057344414969206,4.5373276E-6,17.49551,0.009284764,0.20459165,0.0013040723,0.08963675,0.0035081245,0.38807794,0.008878382,0.7038916,0.0029868416,0.09653543,0.004614689,0.35588956,0.013228968,null,null,null,null,"TWOGAUSSIANS",8,2.9836876,0.20459165,0.0013040723,0.4,0.0,0.36815882,0.009083166,0.7038916,0.0029868416,0.4,0.0,0.33596954,0.013003954
375316653866487564,5924172881035276800,0.46855184,2273.941627890989,1.3716752993924872,5.6589623E-5,16.434208,0.0044160075,0.33277622,0.07850487,0.030811675,0.011453059,0.3079407,0.27561343,0.792722,0.023619136,0.053893983,0.018041305,0.03723031,0.01153799,null,null,null,null,"TWOGAUSSIANS",8,12.22602,0.33277622,0.07850487,0.17254537,0.06413713,0.3079407,0.27561343,0.792722,0.023619136,0.3018063,0.10103131,0.03723031,0.011537994
375316653866487564,5924173082865836672,0.5801481,2288.2491270176674,2.4465991462916623,8.973742E-6,18.436592,0.007163514,0.2393296,0.0035608583,0.047353595,0.0029456792,0.56418717,0.028100204,0.73119175,0.002466509,0.054154925,0.0019863606,0.8763491,0.025174802,null,null,null,null,"TWOGAUSSIANS",8,9.663918,0.73119175,0.002466509,0.3032676,0.011123619,0.8763439,0.025174802,0.2393296,0.0035608583,0.26518014,0.016495803,0.564182,0.028101096
