Gaia/vari_eclipsing_binary/VariEclipsingBinary_765467-765512.csv
# %ECSV 1.0
# ---
# delimiter: ','
# meta: !!omap
# - RELEASE: Gaia DR3
# - TABLE: vari_eclipsing_binary
# - DESCRIPTION: >
#     This table describes the properties of the eclipsing binaries resulting from the variability analysis. 
# - CITATION: >
#     How to cite and acknowledge Gaia: 
#     https://gea.esac.esa.int/archive/documentation/credits.html 
# - KNOWN_ISSUES: >
#     Known issues: 
#     https://www.cosmos.esa.int/web/gaia-users/known-issues 
# - DOCUMENTATION: >
#     Tutorials and documentation: 
#     https://www.cosmos.esa.int/web/gaia-users/archive 
# datatype:
# - 
#   name: solution_id
#   datatype: int64
#   description: Solution Identifier
#   meta:
#     ucd: meta.version
# - 
#   name: source_id
#   datatype: int64
#   description: Unique source identifier
#   meta:
#     ucd: meta.id;meta.main
# - 
#   name: global_ranking
#   datatype: float32
#   description: Number between 0 (worst) and 1 (best)
#   meta:
#     ucd: stat.param
# - 
#   name: reference_time
#   datatype: float64
#   unit: d
#   description: Reference time used for the geometric model fit
#   meta:
#     ucd: time.epoch
# - 
#   name: frequency
#   datatype: float64
#   unit: d**-1
#   description: Frequency of geometric model of the eclipsing binary light curve
#   meta:
#     ucd: src.orbital
# - 
#   name: frequency_error
#   datatype: float32
#   unit: d**-1
#   description: "Uncertainty of \\texttt{frequency}"
#   meta:
#     ucd: stat.error
# - 
#   name: geom_model_reference_level
#   datatype: float32
#   unit: mag
#   description: Magnitude reference level of geometric model
#   meta:
#     ucd: phot.mag;em.opt
# - 
#   name: geom_model_reference_level_error
#   datatype: float32
#   unit: mag
#   description: "Uncertainty of \\texttt{geomModelReferenceLevel}"
#   meta:
#     ucd: stat.error;phot.mag;em.opt
# - 
#   name: geom_model_gaussian1_phase
#   datatype: float32
#   description: Phase of the Gaussian 1 component
#   meta:
#     ucd: time.phase
# - 
#   name: geom_model_gaussian1_phase_error
#   datatype: float32
#   description: "Uncertainty of \\texttt{geomModelGaussian1Phase}"
#   meta:
#     ucd: stat.error;time.phase
# - 
#   name: geom_model_gaussian1_sigma
#   datatype: float32
#   description: "Standard deviation [phase] of Gaussian 1 component"
#   meta:
#     ucd: stat.stdev
# - 
#   name: geom_model_gaussian1_sigma_error
#   datatype: float32
#   description: "Uncertainty of \\texttt{geomModelGaussian1Sigma}"
#   meta:
#     ucd: stat.error
# - 
#   name: geom_model_gaussian1_depth
#   datatype: float32
#   unit: mag
#   description: Magnitude depth of Gaussian 1 component
#   meta:
#     ucd: src.var.amplitude
# - 
#   name: geom_model_gaussian1_depth_error
#   datatype: float32
#   unit: mag
#   description: "Uncertainty of \\texttt{geomModelGaussian1Depth}"
#   meta:
#     ucd: stat.error;src.var.amplitude
# - 
#   name: geom_model_gaussian2_phase
#   datatype: float32
#   description: Phase of Gaussian 2 component
#   meta:
#     ucd: time.phase
# - 
#   name: geom_model_gaussian2_phase_error
#   datatype: float32
#   description: "Uncertainty of \\texttt{geomModelGaussian2Phase}"
#   meta:
#     ucd: stat.error;time.phase
# - 
#   name: geom_model_gaussian2_sigma
#   datatype: float32
[...]
#   datatype: float32
#   description: "Secondary eclipse: uncertainty of \\texttt{derivedSecondaryEclDuration}"
#   meta:
#     ucd: stat.error;time.duration
# - 
#   name: derived_secondary_ecl_depth
#   datatype: float32
#   unit: mag
#   description: "Secondary eclipse: depth"
#   meta:
#     ucd: src.var.amplitude
# - 
#   name: derived_secondary_ecl_depth_error
#   datatype: float32
#   unit: mag
#   description: "Secondary eclipse: uncertainty of \\texttt{derivedSecondaryEclDepth}"
#   meta:
#     ucd: stat.error;src.var.amplitude
solution_id,source_id,global_ranking,reference_time,frequency,frequency_error,geom_model_reference_level,geom_model_reference_level_error,geom_model_gaussian1_phase,geom_model_gaussian1_phase_error,geom_model_gaussian1_sigma,geom_model_gaussian1_sigma_error,geom_model_gaussian1_depth,geom_model_gaussian1_depth_error,geom_model_gaussian2_phase,geom_model_gaussian2_phase_error,geom_model_gaussian2_sigma,geom_model_gaussian2_sigma_error,geom_model_gaussian2_depth,geom_model_gaussian2_depth_error,geom_model_cosine_half_period_amplitude,geom_model_cosine_half_period_amplitude_error,geom_model_cosine_half_period_phase,geom_model_cosine_half_period_phase_error,model_type,num_model_parameters,reduced_chi2,derived_primary_ecl_phase,derived_primary_ecl_phase_error,derived_primary_ecl_duration,derived_primary_ecl_duration_error,derived_primary_ecl_depth,derived_primary_ecl_depth_error,derived_secondary_ecl_phase,derived_secondary_ecl_phase_error,derived_secondary_ecl_duration,derived_secondary_ecl_duration_error,derived_secondary_ecl_depth,derived_secondary_ecl_depth_error
375316653866487564,6733122235971080448,0.5792031,2192.043699391534,2.9853065564731427,3.7215406E-5,18.700598,0.016922642,0.1839619,0.014531368,0.07718223,0.012828455,0.4873439,0.027227378,0.6983127,0.0055578235,0.0763507,0.0065816515,0.39051136,0.021463953,null,null,null,null,"TWOGAUSSIANS",8,4.7094975,0.1839619,0.014531368,0.4,0.0,0.48415437,0.024798177,0.6983127,0.0055578235,0.4,0.0,0.38732183,0.01934031
375316653866487564,6733125538817682432,0.52519107,2283.5382051867923,1.9970962197282356,8.255068E-6,17.708292,0.0035481562,0.24880375,0.002387865,0.0783782,0.005612466,0.100233406,0.006016714,0.7487297,0.0037252111,0.05884139,0.0077504264,0.15971175,0.033899974,null,null,null,null,"TWOGAUSSIANS",8,1.8635066,0.7487297,0.0037252111,0.3295118,0.04340239,0.15939693,0.034122195,0.24880375,0.002387865,0.4,0.0,0.0999186,0.0060757105
375316653866487564,6733126496580361344,0.47601405,2288.2274597453033,0.19389467478002068,6.760371E-5,18.900787,0.012677563,0.24855548,0.0047471467,0.04396058,0.005623379,0.15932134,0.016251603,0.6958364,0.015000598,0.0734456,0.011534368,0.08713124,0.015741942,null,null,null,null,"TWOGAUSSIANS",8,4.515388,0.24855548,0.0047471467,0.24617924,0.031490922,0.1593181,0.016245063,0.6958364,0.015000598,0.4,0.026821734,0.087128,0.01573339
375316653866487564,6733127291152750976,0.41422835,2317.3569818718643,1.567984895287826,4.67322E-5,19.872808,0.015989572,0.20018464,0.0115643395,0.051116988,0.014780907,0.3492118,0.09514418,0.7519867,0.024693336,0.06786549,0.02335733,0.17971456,0.042583685,null,null,null,null,"TWOGAUSSIANS",8,2.10644,0.20018464,0.0115643395,0.28625512,0.08277308,0.34920174,0.09525867,0.7519867,0.024693336,0.38004673,0.12840146,0.1797045,0.042564776
375316653866487564,6733128248923395328,0.4854158,2259.6447078563747,2.8090735221621155,8.2904524E-5,17.76,0.042465284,0.2455859,0.02163162,0.08533158,0.021475045,0.30415547,0.07584524,0.7066859,0.091704495,0.090378925,0.05427266,0.25524366,0.09500756,null,null,null,null,"TWOGAUSSIANS",8,22.122892,0.2455859,0.020262346,0.4,0.0,0.29912245,0.07191066,0.7066859,0.091704495,0.4,0.0,0.25021023,0.1109757
375316653866487564,6733129765065995264,0.6406698,2287.981724563475,2.4574135817889022,4.260897E-6,17.672077,0.006250167,0.22194676,0.0020400037,0.038162,0.003128766,0.36690336,0.017971661,null,null,null,null,null,null,0.1397985,0.010436382,0.22194676,0.0020400037,"ONEGAUSSIAN_WITH_ELLIPSOIDAL",6,4.703602,0.22194676,0.0020400037,0.2137072,0.01752109,0.64650035,0.01592588,null,null,null,null,null,null
375316653866487564,6733132273318436992,0.5303543,2283.0236755328756,3.90422348233808,4.428555E-5,18.874254,0.013706462,0.28281206,0.007836321,0.08212996,0.0078059295,0.3499889,0.022562135,0.7578807,0.0071633,0.05367208,0.008133534,0.40009618,0.041236512,null,null,null,null,"TWOGAUSSIANS",8,6.805445,0.7578807,0.0071633,0.30056363,0.045547795,0.3996861,0.041335806,0.28281206,0.007836321,0.4,0.0,0.3495788,0.022371784
375316653866487564,6733132891802223104,0.59161335,2264.0367109975036,3.342434850385617,1.4900689E-5,18.025434,0.012503611,0.21260452,0.003795955,0.08146015,0.003623594,0.53716344,0.01901314,0.730771,0.00748463,0.07882241,0.007875983,0.4503776,0.026390232,null,null,null,null,"TWOGAUSSIANS",8,7.8350296,0.21260452,0.003795955,0.4,0.0,0.5318676,0.017574009,0.730771,0.00748463,0.4,0.0,0.44508177,0.026345206
375316653866487564,6733133201031655296,0.51149136,2211.995401025383,3.412594306647271,1.3122896E-5,18.387049,0.046485674,0.2557683,0.008905345,0.101168886,0.025371285,0.18958357,0.04351717,0.7799314,0.015684191,0.11412952,0.026038053,0.20510457,0.04849513,null,null,null,null,"TWOGAUSSIANS",8,2.6960878,0.77994144,0.015684195,0.4,0.0,0.18473417,0.024266662,0.25570828,0.009031161,0.4,0.0,0.16924977,0.019055178
375316653866487564,6733134845993712128,0.47858962,2231.342869366681,0.15072000160647925,7.326194E-5,18.659681,0.010509134,0.22510426,0.007668926,0.0072059743,0.006719757,0.095388696,0.06149953,0.6495438,0.015328334,0.17197242,0.024476733,0.16785848,0.0153621305,null,null,null,null,"TWOGAUSSIANS",8,3.7357278,0.6495438,0.015328334,0.4,0.0,0.16295633,0.017638842,0.22516426,0.007836339,0.040353455,0.037630636,0.09909375,0.061828103
375316653866487564,6733135773704176000,0.5162762,2232.6452039058677,2.931073193023578,1.6764454E-5,17.99819,0.012142633,0.24502242,0.0057107103,0.082486585,0.0090958,0.15153818,0.013350642,0.7485734,0.005299506,0.10883289,0.012616164,0.1294815,0.01216723,null,null,null,null,"TWOGAUSSIANS",8,2.6086984,0.24502242,0.005713403,0.4,0.0,0.14298172,0.011024883,0.7485734,0.005299506,0.4,0.0,0.120918214,0.009417284
375316653866487564,6733135984178755456,0.52331924,2197.0588539107976,3.6002339450282363,2.4030656E-5,17.637394,0.024401711,0.19052155,0.0074478243,0.09667864,0.019166218,0.20972106,0.026411586,0.6920064,0.0074149854,0.08570292,0.011787535,0.22166523,0.027927436,null,null,null,null,"TWOGAUSSIANS",8,8.106613,0.6920064,0.0074149854,0.4,0.0,0.21186616,0.020203823,0.19052155,0.0074478243,0.4,0.0,0.19992134,0.028028779
375316653866487564,6733136220383487616,0.5800248,2241.05946025663,0.08409425335325695,6.982956E-5,17.652029,0.0031928262,0.21910493,0.013848335,0.113897175,0.051458914,0.0204179,0.050485782,0.5697479,0.0052844905,0.031165443,0.0025572327,0.409501,0.005893558,null,null,null,null,"TWOGAUSSIANS",8,5.5473075,0.5697479,0.0052844905,0.17452648,0.014320504,0.40967613,0.0060983864,0.21910493,0.013848335,0.4,0.04050399,0.020414427,0.050489526
375316653866487564,6733136598340216320,0.5700379,2230.7677065850567,3.2307748162009067,9.4972975E-6,17.482042,0.06591992,0.28528228,0.002764779,0.12044132,0.020003302,0.25338805,0.06111347,0.80223536,0.0041707754,0.12194398,0.026257718,0.25271362,0.053581234,null,null,null,null,"TWOGAUSSIANS",8,3.5485766,0.2851623,0.0024985038,0.4,0.0,0.2014616,0.007755433,0.80234534,0.004113192,0.4,0.0,0.20076333,0.0149575975
375316653866487564,6733136637004718848,0.5463823,2226.6885014751624,2.9801269797872787,1.02707445E-5,18.52888,0.016017856,0.2326459,0.005045812,0.093598366,0.008775285,0.2978231,0.014555875,0.7386452,0.007527604,0.105794795,0.011795141,0.26448303,0.016202196,null,null,null,null,"TWOGAUSSIANS",8,2.170117,0.2326459,0.005045098,0.4,0.0,0.2755545,0.009851026,0.7386452,0.007527604,0.4,0.0,0.24220712,0.011798287
375316653866487564,6733138045756577024,0.49119687,2275.3807774267816,3.4356173695493184,1.8297103E-5,19.666885,0.018234102,0.27447668,0.00965807,0.114400856,0.01600302,0.2634931,0.015821977,0.8070805,0.00618558,0.092191346,0.008702847,0.26369593,0.02931383,null,null,null,null,"TWOGAUSSIANS",8,1.050093,0.8071505,0.0061782445,0.4,0.0,0.24489395,0.026290571,0.27447668,0.009658302,0.4,0.0,0.24462403,0.01587444
375316653866487564,6733138836036816384,0.4908316,2205.2991550993916,0.4045139831067538,1.6081383E-4,18.714268,0.023771308,0.4725514,0.026168812,0.14862753,0.030312104,0.14228377,0.020036092,0.8137292,0.038027905,0.09850525,0.038991027,0.13966796,0.025375078,null,null,null,null,"TWOGAUSSIANS",8,2.1576712,0.8137292,0.038027905,0.4,0.0034611246,0.1419578,0.024513591,0.4745714,0.022401137,0.4,0.0,0.1347177,0.011516101
375316653866487564,6733139759436627328,0.58523345,2222.9370474998277,3.1811347455179297,1.2362679E-5,17.940773,0.008297969,0.23184079,0.0040738913,0.08099975,0.0047540306,0.25650346,0.015169941,0.7253409,0.008370638,0.0705869,0.010823797,0.317691,0.011981138,null,null,null,null,"TWOGAUSSIANS",8,4.462286,0.7253409,0.008370638,0.39528665,0.020098263,0.31556556,0.011570344,0.23184079,0.0040738913,0.4,0.0,0.25437802,0.014580479
375316653866487564,6733142134571948032,0.5166604,2205.792624430149,2.7223324268867,1.9141877E-5,16.486143,0.03281691,0.20413835,0.0090462435,0.10012558,0.014998881,0.42449462,0.034391467,0.719329,0.0064946027,0.0961476,0.011126496,0.37385398,0.032504935,null,null,null,null,"TWOGAUSSIANS",8,40.21341,0.20413835,0.009043537,0.4,0.0,0.3990505,0.031453263,0.719329,0.006501836,0.4,0.0,0.34841272,0.013277795
375316653866487564,6733143573367627648,0.5259,2304.0039013397077,2.2371149966843316,2.3539216E-5,17.831665,0.0031025717,0.23601373,0.006601116,0.06384169,0.006765013,0.15700634,0.011308112,0.7236095,0.012368426,0.06644069,0.015020967,0.14155634,0.09268169,null,null,null,null,"TWOGAUSSIANS",8,2.4295936,0.23601373,0.006601116,0.35751346,0.037884075,0.15687603,0.011337119,0.7236095,0.012368426,0.37206787,0.07905539,0.14142604,0.09282391
375316653866487564,6733143612040671488,0.56156945,2237.8063146726804,2.1986422777831502,1.7155558E-5,18.330244,0.057605743,0.2318524,0.0031564634,0.1028079,0.018287443,0.3152985,0.050918445,0.72345906,0.008103978,0.09930778,0.021195274,0.36008978,0.054690983,null,null,null,null,"TWOGAUSSIANS",8,3.2933478,0.72345906,0.008103978,0.4,0.0,0.33165944,0.014988997,0.2318524,0.0031574003,0.4,0.0,0.28686562,0.019552566
375316653866487564,6733145536187284608,0.6021873,2232.7349140675537,3.640056212114403,7.1771747E-6,19.368546,0.011881424,0.15277363,0.0015619227,0.079961,0.002983083,0.41411442,0.014556212,0.6155449,0.005601977,0.076161616,0.0052089198,0.53825253,0.03285844,null,null,null,null,"TWOGAUSSIANS",8,1.0872204,0.6155449,0.005601977,0.4,0.0,0.5357296,0.032754704,0.15277363,0.0015619227,0.4,0.0,0.4115914,0.013911089
375316653866487564,6733145944189166336,0.54513294,2258.8163484103216,3.785353942581714,1.7855398E-5,18.315386,0.112811804,0.28815714,0.015144296,0.07396957,0.046353083,0.4161567,0.07882484,0.7754335,0.007058417,0.100334875,0.027558947,0.34554744,0.100357346,null,null,null,null,"TWOGAUSSIANS",8,9.626262,0.28815714,0.015419774,0.4,0.0,0.40642554,0.019308269,0.7754335,0.007058417,0.4,0.0,0.33581293,0.016334655
375316653866487564,6733146322146435072,0.49758464,2200.434169183725,2.9064668571833567,1.4153332E-5,18.165703,0.002700536,null,null,null,null,null,null,null,null,null,null,null,null,0.07561809,0.0042604157,0.19453673,0.0037329653,"ELLIPSOIDAL",4,4.412145,null,null,null,null,null,null,null,null,null,null,null,null
375316653866487564,6733148246308918656,0.5364928,2249.854146592947,4.1069749822670945,2.4104851E-5,19.523273,0.02218115,0.3305437,0.0050654598,0.07887944,0.009731018,0.3190824,0.032270055,0.82697874,0.005120475,0.07311952,0.00913525,0.32837695,0.018658545,null,null,null,null,"TWOGAUSSIANS",8,1.4169332,0.82697874,0.005120475,0.4,0.020642793,0.32570204,0.017563904,0.3305437,0.0050654598,0.4,0.0,0.31640747,0.031946294
375316653866487564,6733149517605202944,0.58793914,2253.123400593321,0.10107860156279048,7.6555756E-5,17.319597,0.001151514,0.35284308,0.013560864,0.06788121,0.006632362,0.22784667,0.03770146,0.76643825,2.0971269E-4,0.0039008316,2.5041268E-4,0.07956905,0.0017677817,0.0025499496,0.001855409,0.35284308,0.013560864,"TWOGAUSSIANS_WITH_ELLIPSOIDAL_ON_ECLIPSE1",9,1.497113,0.35284308,0.013560864,0.3801348,0.037141226,0.23278975,0.038050484,0.76644826,2.144531E-4,0.021844657,0.001402311,0.08315102,0.0037437703
375316653866487564,6733149929922017280,0.5240442,2336.2608070648334,4.353734093092159,3.235558E-5,19.805984,0.009576658,0.2587079,0.003801501,0.036092684,0.004366543,0.4758623,0.044742245,0.55063015,0.11494522,0.17038192,0.09118438,0.080776796,0.014048868,null,null,null,null,"TWOGAUSSIANS",8,1.2788103,0.25921792,0.0035760335,0.20211902,0.024452642,0.49235946,0.046918754,0.55063015,0.11494522,0.4,0.0,0.07859754,0.014271365
375316653866487564,6733151098145732992,0.43132505,2288.830450502652,0.13321943833136415,4.1363586E-5,18.619534,0.35690367,0.16254626,0.024360195,0.13607638,0.0985288,0.24876171,0.30759573,0.6007595,0.11586162,0.15532252,0.15369451,0.22993782,1.2851559,null,null,null,null,"TWOGAUSSIANS",8,4.770974,0.16841626,0.014384828,0.4,0.0,0.17951225,0.04748266,0.6007595,0.11593682,0.4,0.08591162,0.15729558,1.3318603
375316653866487564,6733151480421095168,0.5882144,2239.5196530633316,0.46397523449146383,1.818556E-5,18.213247,0.003279809,0.25258198,0.02431492,0.030328568,0.007483537,0.28518912,0.17781205,0.5980586,0.037464153,0.08767819,0.0681264,0.014731032,0.007940617,null,null,null,null,"TWOGAUSSIANS",8,1.0565428,0.25258198,0.024311274,0.16983998,0.041907806,0.28519538,0.17777325,0.5980586,0.037464153,0.4,0.0058713104,0.014731021,0.007945845
375316653866487564,6733152751731366784,0.65397495,2242.929771514971,2.138670832844679,1.4965173E-6,13.187433,0.00466252,0.2623722,0.0050887964,0.086114585,0.0039859805,0.31567863,0.008293765,0.7541865,9.037646E-4,0.07904366,0.0014855729,0.39048502,0.0053626993,null,null,null,null,"TWOGAUSSIANS",8,36.313553,0.7541865,9.037646E-4,0.4,0.0,0.38435262,0.004440266,0.2623722,0.0050887964,0.4,0.0,0.3095462,0.0062485877
375316653866487564,6733155775388224640,0.59095573,2208.5446320781825,2.475355317327595,7.430638E-6,16.657034,0.010187421,0.24436945,0.0015137796,0.05561728,0.0051512346,0.52573884,0.086456195,0.7579305,0.027075836,0.04461367,0.019502273,0.07157829,0.035114307,0.060293783,0.014519383,0.24436945,0.0015137796,"TWOGAUSSIANS_WITH_ELLIPSOIDAL_ON_ECLIPSE1",9,20.692923,0.24436945,0.0015137796,0.31145677,0.028846912,0.64630497,0.092274055,0.7579305,0.023600679,0.24983656,0.10921273,0.19127108,0.023819081
375316653866487564,6733156531294594688,0.5424209,2238.6112580925537,4.130766692755207,3.1918913E-5,18.924274,0.019131387,0.289911,0.008218218,0.07983704,0.01153294,0.47236258,0.038063027,0.7842433,0.0046074064,0.06674198,0.006014636,0.50624037,0.079771064,null,null,null,null,"TWOGAUSSIANS",8,7.0548077,0.7842433,0.0046074064,0.3737551,0.033681963,0.5037127,0.08028922,0.289911,0.008218218,0.4,0.0,0.4698349,0.038533617
375316653866487564,6733157179821063680,0.4807429,2252.821016045486,1.1173163276886602,1.4993444E-5,16.411312,0.0042767143,0.46395788,0.009642866,0.026759738,0.0067083533,0.22098105,0.12737639,0.7087173,0.011197313,0.027595477,0.007872554,0.08366297,0.02408413,null,null,null,null,"TWOGAUSSIANS",8,1.5446067,0.46395788,0.009642866,0.14985453,0.037566777,0.22098105,0.12737639,0.7087173,0.011197313,0.15453467,0.044086304,0.08366297,0.02408413
375316653866487564,6733157287208932224,0.51944214,2262.011560463839,1.6920348819024047,6.2198866E-5,19.156279,0.0061556846,0.4058331,0.03166117,0.011746521,0.008757227,0.5174099,3.3973346,0.8511822,0.02158172,0.029719694,0.012916115,0.032351788,0.029449262,null,null,null,null,"TWOGAUSSIANS",8,1.2903609,0.4058331,0.03166117,0.06578052,0.049040474,0.5174099,3.3973346,0.8511822,0.02158172,0.1664303,0.072330244,0.032351788,0.029449262
375316653866487564,6733158421088129792,0.46035087,2266.1458657170087,0.14325932330832775,4.9893788E-5,17.656841,0.015835216,0.2998191,0.029776536,0.056594476,0.026354305,0.08831818,0.016708111,0.75273997,0.008711742,0.06243024,0.028444143,0.27689677,0.19324817,null,null,null,null,"TWOGAUSSIANS",8,9.211236,0.75273997,0.008711742,0.34960935,0.102054015,0.27688852,0.19343059,0.2998191,0.029776536,0.31692907,0.12023191,0.08830993,0.016603224
375316653866487564,6733159451873183744,0.5278198,2206.0744313785526,3.7247894991220587,3.6179557E-5,19.81956,0.053458046,0.14665887,0.0068105445,0.07944997,0.015570112,0.60918844,0.05704593,0.6596618,0.068035856,0.08793077,0.08514158,0.4177846,null,null,null,null,null,"TWOGAUSSIANS",8,4.89037,0.14665887,0.0068105445,0.4,0.0054959683,0.60011196,0.056874976,0.6596618,0.068035856,0.4,0.34820515,0.408708,null
375316653866487564,6733160100418052352,0.5068151,2246.8365847767427,3.275115582485604,8.075604E-5,18.597328,0.5206047,0.25660297,0.020512791,0.11376035,0.098891124,0.27486563,0.5190963,0.77507615,0.019813756,0.10434737,0.051604785,0.23209603,0.4217532,null,null,null,null,"TWOGAUSSIANS",8,8.306113,0.256593,0.020207921,0.4,0.0,0.24484798,0.025331141,0.77512616,0.019769149,0.4,0.0,0.20211574,0.03432719
375316653866487564,6733162131933076736,0.4996462,2218.823516416438,0.18409510580866406,2.792164E-5,18.070702,0.16311143,0.24749012,0.010310046,0.101782195,0.054683954,0.10793725,0.15320477,0.74570835,0.007922213,0.109157026,0.06559196,0.13411623,0.1556131,null,null,null,null,"TWOGAUSSIANS",8,2.4510055,0.74570835,0.007922213,0.4,0.0,0.11987027,0.013029846,0.24749012,0.010429413,0.4,0.0,0.0936975,0.009192558
