Gaia/vari_eclipsing_binary/VariEclipsingBinary_390172-390461.csv
# %ECSV 1.0
# ---
# delimiter: ','
# meta: !!omap
# - RELEASE: Gaia DR3
# - TABLE: vari_eclipsing_binary
# - DESCRIPTION: >
#     This table describes the properties of the eclipsing binaries resulting from the variability analysis. 
# - CITATION: >
#     How to cite and acknowledge Gaia: 
#     https://gea.esac.esa.int/archive/documentation/credits.html 
# - KNOWN_ISSUES: >
#     Known issues: 
#     https://www.cosmos.esa.int/web/gaia-users/known-issues 
# - DOCUMENTATION: >
#     Tutorials and documentation: 
#     https://www.cosmos.esa.int/web/gaia-users/archive 
# datatype:
# - 
#   name: solution_id
#   datatype: int64
#   description: Solution Identifier
#   meta:
#     ucd: meta.version
# - 
#   name: source_id
#   datatype: int64
#   description: Unique source identifier
#   meta:
#     ucd: meta.id;meta.main
# - 
#   name: global_ranking
#   datatype: float32
#   description: Number between 0 (worst) and 1 (best)
#   meta:
#     ucd: stat.param
# - 
#   name: reference_time
#   datatype: float64
#   unit: d
#   description: Reference time used for the geometric model fit
#   meta:
#     ucd: time.epoch
# - 
#   name: frequency
#   datatype: float64
#   unit: d**-1
#   description: Frequency of geometric model of the eclipsing binary light curve
#   meta:
#     ucd: src.orbital
# - 
#   name: frequency_error
#   datatype: float32
#   unit: d**-1
#   description: "Uncertainty of \\texttt{frequency}"
#   meta:
#     ucd: stat.error
# - 
#   name: geom_model_reference_level
#   datatype: float32
#   unit: mag
#   description: Magnitude reference level of geometric model
#   meta:
#     ucd: phot.mag;em.opt
# - 
#   name: geom_model_reference_level_error
#   datatype: float32
#   unit: mag
#   description: "Uncertainty of \\texttt{geomModelReferenceLevel}"
#   meta:
#     ucd: stat.error;phot.mag;em.opt
# - 
#   name: geom_model_gaussian1_phase
#   datatype: float32
#   description: Phase of the Gaussian 1 component
#   meta:
#     ucd: time.phase
# - 
#   name: geom_model_gaussian1_phase_error
#   datatype: float32
#   description: "Uncertainty of \\texttt{geomModelGaussian1Phase}"
#   meta:
#     ucd: stat.error;time.phase
# - 
#   name: geom_model_gaussian1_sigma
#   datatype: float32
#   description: "Standard deviation [phase] of Gaussian 1 component"
#   meta:
#     ucd: stat.stdev
# - 
#   name: geom_model_gaussian1_sigma_error
#   datatype: float32
#   description: "Uncertainty of \\texttt{geomModelGaussian1Sigma}"
#   meta:
#     ucd: stat.error
# - 
#   name: geom_model_gaussian1_depth
#   datatype: float32
#   unit: mag
#   description: Magnitude depth of Gaussian 1 component
#   meta:
#     ucd: src.var.amplitude
# - 
#   name: geom_model_gaussian1_depth_error
#   datatype: float32
#   unit: mag
#   description: "Uncertainty of \\texttt{geomModelGaussian1Depth}"
#   meta:
#     ucd: stat.error;src.var.amplitude
# - 
#   name: geom_model_gaussian2_phase
#   datatype: float32
#   description: Phase of Gaussian 2 component
#   meta:
#     ucd: time.phase
# - 
#   name: geom_model_gaussian2_phase_error
#   datatype: float32
#   description: "Uncertainty of \\texttt{geomModelGaussian2Phase}"
#   meta:
#     ucd: stat.error;time.phase
# - 
#   name: geom_model_gaussian2_sigma
#   datatype: float32
[...]
#   datatype: float32
#   description: "Secondary eclipse: uncertainty of \\texttt{derivedSecondaryEclDuration}"
#   meta:
#     ucd: stat.error;time.duration
# - 
#   name: derived_secondary_ecl_depth
#   datatype: float32
#   unit: mag
#   description: "Secondary eclipse: depth"
#   meta:
#     ucd: src.var.amplitude
# - 
#   name: derived_secondary_ecl_depth_error
#   datatype: float32
#   unit: mag
#   description: "Secondary eclipse: uncertainty of \\texttt{derivedSecondaryEclDepth}"
#   meta:
#     ucd: stat.error;src.var.amplitude
solution_id,source_id,global_ranking,reference_time,frequency,frequency_error,geom_model_reference_level,geom_model_reference_level_error,geom_model_gaussian1_phase,geom_model_gaussian1_phase_error,geom_model_gaussian1_sigma,geom_model_gaussian1_sigma_error,geom_model_gaussian1_depth,geom_model_gaussian1_depth_error,geom_model_gaussian2_phase,geom_model_gaussian2_phase_error,geom_model_gaussian2_sigma,geom_model_gaussian2_sigma_error,geom_model_gaussian2_depth,geom_model_gaussian2_depth_error,geom_model_cosine_half_period_amplitude,geom_model_cosine_half_period_amplitude_error,geom_model_cosine_half_period_phase,geom_model_cosine_half_period_phase_error,model_type,num_model_parameters,reduced_chi2,derived_primary_ecl_phase,derived_primary_ecl_phase_error,derived_primary_ecl_duration,derived_primary_ecl_duration_error,derived_primary_ecl_depth,derived_primary_ecl_depth_error,derived_secondary_ecl_phase,derived_secondary_ecl_phase_error,derived_secondary_ecl_duration,derived_secondary_ecl_duration_error,derived_secondary_ecl_depth,derived_secondary_ecl_depth_error
[from data line 743]
375316653866487564,3434379824115348736,0.4754959,2268.4615092833747,0.14993478904875543,3.5865552E-5,19.019003,0.013821682,0.32327855,0.01135914,0.07054733,0.010936909,0.1821356,0.02846301,0.8264777,0.01080675,0.04624236,0.013180537,0.98713976,2.9698603,null,null,null,null,"TWOGAUSSIANS",8,4.5234513,0.8264777,0.01080675,0.25895724,0.07381101,0.9870768,2.9699326,0.32327855,0.01135914,0.39506504,0.041452542,0.18207268,0.02844167
375316653866487564,3434381026703475072,0.5375358,2290.329216084038,3.428906030340662,1.8500818E-5,19.153473,0.032335337,0.21312506,0.0037622794,0.11609269,0.014120991,0.2823165,0.027382173,0.73040026,0.0052089444,0.10654384,0.011429856,0.2943181,0.03134654,null,null,null,null,"TWOGAUSSIANS",8,0.65731806,0.7304503,0.005195191,0.4,0.0,0.25568962,0.0121761,0.21310507,0.0037656282,0.4,0.0,0.24363703,0.013508122
375316653866487564,3434388444113987584,0.5507403,2195.040911583414,3.411234310512433,1.990025E-5,18.178944,0.017493227,0.28072736,0.0065501584,0.07883509,0.012945627,0.2326128,0.01825713,0.8159731,0.0049749003,0.092461355,0.00773434,0.21716893,0.018338833,null,null,null,null,"TWOGAUSSIANS",8,3.8504572,0.28072736,0.0065501584,0.4,0.008095625,0.22922722,0.016396139,0.8159731,0.0049749003,0.4,0.0,0.21378262,0.015166179
375316653866487564,3434388757647234432,0.5562202,2297.3810043507106,2.504953567812877,1.5991573E-5,16.236979,0.102577806,0.26739568,0.012418755,0.1001825,0.043045636,0.19334048,0.08722696,0.77183694,0.0035884648,0.121476546,0.033708006,0.20646712,0.09870993,null,null,null,null,"TWOGAUSSIANS",8,8.594081,0.77183694,0.0035904665,0.4,0.0,0.17653471,0.0067178034,0.26737568,0.0125763165,0.4,0.0,0.16349396,0.016871234
375316653866487564,3434397966055804288,0.61080897,2246.6671324346785,1.9738383952688883,1.1078617E-5,16.69277,0.01760257,0.21960582,0.0032635552,0.04198393,0.0068978444,0.22257027,0.04168114,0.7139954,0.013572076,0.05668813,0.017613238,0.3104509,0.040449597,0.095075384,0.022460263,0.21960582,0.0032635552,"TWOGAUSSIANS_WITH_ELLIPSOIDAL_ON_ECLIPSE1",9,18.352522,0.7147454,0.010777065,0.31745353,0.098127864,0.5003846,0.05633089,0.21960582,0.0032635552,0.23511,0.03862793,0.41270843,0.014288182
375316653866487564,3434400504382229376,0.54690933,2298.1453351963746,2.9775822764882127,2.7546548E-5,18.831373,0.27692404,0.27127746,0.006861117,0.08776391,0.028098473,0.34266883,0.21617937,0.7977495,0.007581079,0.07561832,0.12543145,0.39056444,0.09217114,null,null,null,null,"TWOGAUSSIANS",8,2.2290976,0.7977495,0.0074482104,0.4,0.0,0.38652948,0.16510262,0.27127746,0.0049212705,0.4,0.0,0.3386337,0.019630719
375316653866487564,3434402016211403648,0.52889234,2232.3136909771197,4.150567854830959,3.8692226E-5,18.91738,0.009194475,0.25486785,0.0055047045,0.038151562,0.004863498,0.34614518,0.02659449,0.5224621,0.008823533,0.036850598,0.022774504,0.028148018,0.01828115,0.0369554,0.015893335,0.5224621,0.008823533,"TWOGAUSSIANS_WITH_ELLIPSOIDAL_ON_ECLIPSE2",9,3.8263967,0.25442785,0.0055115027,0.21364875,0.027235586,0.34706682,0.026922157,0.5224621,0.008823533,0.20636335,0.12753722,0.10205854,0.022921804
375316653866487564,3434404180874416896,0.5558917,2264.352424764214,0.3397757845171368,2.803427E-5,18.940174,0.014077851,0.26066327,0.044411637,0.039676093,0.034896452,0.2938208,0.16428834,0.77583784,0.0058338447,0.10081457,0.00910468,0.27720356,0.018630203,null,null,null,null,"TWOGAUSSIANS",8,1.5791658,0.26066327,0.044424847,0.22218612,0.19542013,0.29321423,0.16520452,0.77583784,0.0058338447,0.4,0.0,0.27659374,0.017130116
375316653866487564,3434406830869605888,0.6373489,2278.576199109829,2.041530528141025,6.9993766E-6,14.771828,0.008360368,0.2646574,0.002736873,0.1048618,0.005060466,0.19859351,0.008268405,0.76194346,0.0019153302,0.093195036,0.007077215,0.25781304,0.00955789,null,null,null,null,"TWOGAUSSIANS",8,13.358721,0.76194346,0.0019153302,0.4,0.0,0.23998731,0.013873844,0.2646574,0.002736873,0.4,0.0,0.18076345,0.003169643
375316653866487564,3434413148766486144,0.5447326,2189.336045961966,3.554448726648677,2.3310533E-5,19.254519,0.009213149,0.2843449,0.09055198,0.049206104,0.03718331,0.52396566,24.966864,0.7820694,0.0036558963,0.048369553,0.0074932617,0.25482425,0.022475893,null,null,null,null,"TWOGAUSSIANS",8,2.2308831,0.2843449,0.09055198,0.27555418,0.20822655,0.5239644,24.966866,0.7820694,0.0036558963,0.2708695,0.041962266,0.25482297,0.022478467
375316653866487564,3434414974127512192,0.47458762,2225.8543229240336,2.627300654446455,3.1563548E-5,12.583374,0.016092034,0.2512325,0.008017579,0.100224584,0.02166008,0.05424199,0.015780943,0.7097542,0.027249025,0.09770489,0.049153373,0.03745562,0.015928673,null,null,null,null,"TWOGAUSSIANS",8,94.31891,0.25124252,0.007960077,0.4,0.0,0.05210567,0.006560273,0.7097542,0.027249025,0.4,0.00211285,0.035320245,0.007320984
375316653866487564,3434415936200152192,0.5729104,2191.6864772785957,3.432043646261377,1.1615345E-5,17.827564,0.018218938,0.20246634,0.0049821213,0.078120686,0.0063181175,0.41519168,0.019269394,0.7025151,0.0031307642,0.07734224,0.0062153507,0.3954165,0.017662326,null,null,null,null,"TWOGAUSSIANS",8,6.3835254,0.20246634,0.0049821213,0.4,0.0,0.41059825,0.01739189,0.7025151,0.0031307642,0.4,0.0,0.39082307,0.016528381
375316653866487564,3434417860345847168,0.5484706,2238.211893797835,4.0674093676747045,7.939306E-6,15.446488,0.003753405,0.55968475,2.7280784E-4,0.034899693,7.8176055E-4,0.37903172,0.0035487616,null,null,null,null,null,null,null,null,null,null,"ONEGAUSSIAN",5,62.8442,0.55968475,2.7280784E-4,0.19543828,0.004377859,0.37903172,0.0,null,null,null,null,null,null
375316653866487564,3434420948424583552,0.52123255,2283.2216753656776,0.04933366767287897,8.682165E-6,19.212864,0.009876244,0.34794804,0.03807518,0.08360028,0.02463396,0.18801706,0.028542155,0.88808906,0.004800918,0.050535973,0.005909269,0.47556132,0.13685346,null,null,null,null,"TWOGAUSSIANS",8,1.4245698,0.88808906,0.004800918,0.28300145,0.033091906,0.47540793,0.13723025,0.34794804,0.03807518,0.4,0.0,0.18786362,0.026337195
375316653866487564,3434422395831304960,0.64751226,2208.5373602165078,2.75830267109583,6.976786E-6,15.068138,0.02900036,0.20352899,0.0053248457,0.05324128,0.014636826,0.3820146,0.11017021,0.69881564,0.0060656457,0.05905546,0.0079693785,0.44976923,0.050037812,0.08866055,0.033932578,0.20352899,0.0053248457,"TWOGAUSSIANS_WITH_ELLIPSOIDAL_ON_ECLIPSE1",9,64.630196,0.6992756,0.0052930936,0.3307106,0.04462852,0.6269026,0.06325731,0.20352899,0.0053248457,0.29815117,0.08196622,0.5592882,0.12512144
375316653866487564,3434424934154294400,0.5300673,2183.7291691559153,4.018162267448447,4.2933952E-5,19.271082,0.010680524,0.14280066,0.0068977186,0.047542244,0.006141096,0.2817399,0.044598646,0.43668106,0.026933227,0.11799216,0.0701319,0.13507384,0.024316153,null,null,null,null,"TWOGAUSSIANS",8,1.0938485,0.14385065,0.0061104633,0.26623657,0.034390137,0.28783706,0.040377025,0.43668106,0.026933227,0.4,0.089313604,0.1350294,0.024444751
375316653866487564,3434428782447381632,0.63520813,2309.192431336085,2.57955082720862,4.1136263E-6,15.665784,0.0321521,0.25481835,0.004832525,0.049599394,0.0109173,0.3529528,0.051577628,0.7604253,0.0055862525,0.042382862,0.013224502,0.2451011,0.074683145,0.12816414,0.04022977,0.7604253,0.0055862525,"TWOGAUSSIANS_WITH_ELLIPSOIDAL_ON_ECLIPSE2",9,88.22761,0.25550836,0.0039284294,0.2777566,0.061136883,0.6090017,0.044206455,0.7604253,0.0055862525,0.23734403,0.074057214,0.5014287,0.012686827
375316653866487564,3434442599357284864,0.46985626,2263.5672992372406,1.1389723383812604,7.524405E-5,16.207298,0.009129461,0.2530797,0.014671905,0.06466418,0.016409708,0.073025554,0.019571124,0.76258063,0.027453518,0.05495489,0.048340447,0.15004139,0.6102741,null,null,null,null,"TWOGAUSSIANS",8,21.621464,0.76258063,0.027453518,0.3077474,0.2700676,0.1500182,0.6103579,0.2530797,0.014671905,0.3621194,0.078330584,0.07300238,0.019610187
375316653866487564,3434448126978031488,0.50581735,2244.70357934269,2.7043129185499066,6.424632E-5,16.986952,0.02879108,0.18845692,0.03338974,0.09663933,0.059591953,0.09626904,0.10451367,0.6649336,0.013713768,0.08352646,0.032254927,0.10481233,0.027519876,null,null,null,null,"TWOGAUSSIANS",8,6.648667,0.6649336,0.013713768,0.4,0.0,0.10188464,0.017176125,0.18845692,0.03338252,0.4,0.013581168,0.09334081,0.106541306
375316653866487564,3434449265146476416,0.52710795,2255.4253131157975,0.3126349644436998,1.2832177E-5,16.011553,0.008880553,0.16154386,0.0016597977,0.003986627,0.0013155693,7.173855,9.337177,0.5243893,0.062102668,0.043537527,0.04285837,0.4140686,1.2195209,0.013771979,0.019123796,0.16154386,0.0016597977,"TWOGAUSSIANS_WITH_ELLIPSOIDAL_ON_ECLIPSE1",9,176.8896,0.16154386,0.0016597977,0.022325112,0.007367188,7.201399,9.32086,0.5251693,0.06920768,0.24381016,0.16847734,0.42581216,1.2190497
375316653866487564,3434457953862683648,0.69394773,2329.8657240962752,0.5258765742952676,4.005485E-5,15.088715,0.0015192169,0.8132147,2.1830914E-4,0.025728734,5.3762697E-4,0.47281486,0.0029575888,null,null,null,null,null,null,null,null,null,null,"ONEGAUSSIAN",5,10.978353,0.8132147,2.1830914E-4,0.14408092,0.003010711,0.47281486,0.0,null,null,null,null,null,null
375316653866487564,3434461149319809664,0.47164908,2267.40864774512,0.7840746310636817,3.7640133E-5,17.88889,0.01154888,0.11159001,0.008686803,0.02699471,0.0048151426,0.23671122,0.05350942,0.73089004,0.0647219,0.1411264,0.049900744,0.053347036,0.019141866,null,null,null,null,"TWOGAUSSIANS",8,12.93761,0.111510016,0.008668177,0.15117037,0.0269648,0.23791078,0.053734876,0.73089004,0.0647219,0.4,0.0,0.053139362,0.01930229
375316653866487564,3434463691940534144,0.6056076,2259.3885616643324,3.425187835802293,1.8930146E-5,17.571718,0.008708604,0.27813274,0.0073454296,0.08293597,0.0063381037,0.35083377,0.017738214,0.7701864,0.0033982429,0.078216136,0.005186262,0.4824789,0.025187153,null,null,null,null,"TWOGAUSSIANS",8,7.4337626,0.7701864,0.0033982429,0.4,0.0,0.47679156,0.026483009,0.27813274,0.0073454296,0.4,0.0,0.34514645,0.017896915
375316653866487564,3434465242424924160,0.65277076,2235.0248255937263,3.2780842956573504,3.6981273E-6,15.902095,0.025368053,0.17335083,0.0010980294,0.0575038,0.0053467653,0.36571032,0.049125805,0.67885035,0.0024346623,0.05993503,0.00527789,0.3107076,0.052364912,0.07965003,0.026479522,0.17335083,0.0010980294,"TWOGAUSSIANS_WITH_ELLIPSOIDAL_ON_ECLIPSE1",9,25.464605,0.17335083,0.0010980294,0.32202128,0.029941885,0.5249464,0.012547699,0.67885035,0.0024346623,0.33563617,0.029556181,0.4697535,0.007855987
375316653866487564,3434468193066355200,0.5342276,2225.98959269644,0.7013110955299627,1.4456392E-5,14.321877,7.8413234E-4,0.23086648,0.0042362735,0.03148161,0.0072750547,0.10506458,0.08260423,0.7259658,0.0020472475,0.03575101,0.0019628145,0.13046439,0.013905494,0.008365227,0.0021292733,0.23086648,0.0042362735,"TWOGAUSSIANS_WITH_ELLIPSOIDAL_ON_ECLIPSE1",9,11.529445,0.72602576,0.0020159597,0.20020567,0.010991761,0.14717919,0.014540509,0.23086648,0.0042362735,0.176297,0.040740307,0.12179502,0.08344913
375316653866487564,3434468227426103552,0.5252739,2226.220275861456,1.771885992875082,3.0004345E-5,17.174196,0.014173142,0.23202631,0.015123451,0.06595465,0.04161883,0.072195925,0.020894872,0.68758315,0.0015897998,0.015238205,0.003862631,0.3007505,0.01442812,null,null,null,null,"TWOGAUSSIANS",8,22.824865,0.68758315,0.0015897998,0.08533394,0.021630734,0.3007505,0.0144281145,0.23202631,0.015123451,0.36934605,0.17197514,0.072195925,0.020894894
375316653866487564,3434469571751958272,0.5868378,2237.700241060594,2.6882569343471707,7.684521E-6,16.260841,0.009049212,0.2995894,0.0014474952,0.09613017,0.006872668,0.23795252,0.0093498,0.8140331,0.0041181534,0.09430433,0.0067169466,0.23138745,0.012942309,null,null,null,null,"TWOGAUSSIANS",8,7.7319164,0.2995894,0.0014474952,0.4,0.0,0.22574022,0.011786963,0.8140331,0.0041181534,0.4,0.0,0.2191755,0.014024492
375316653866487564,3434470701327428224,0.48329103,2261.8530777926644,2.9953454932040793,1.3327958E-5,19.765507,0.0063671554,null,null,null,null,null,null,null,null,null,null,null,null,0.180998,0.017568674,0.3005454,0.0038738367,"ELLIPSOIDAL",4,2.5393047,null,null,null,null,null,null,null,null,null,null,null,null
375316653866487564,3434472110076413184,0.50182974,2283.6642406668,0.049389005709932675,6.881647E-5,19.300442,0.004233772,0.33345547,0.01613929,0.053735565,0.02479409,0.16817783,0.02696592,0.8411566,0.034649547,0.05674489,0.021256784,0.1398819,0.026540725,null,null,null,null,"TWOGAUSSIANS",8,1.3377987,0.33345547,0.01613929,0.30091918,0.1128831,0.16816989,0.027083874,0.8411566,0.034649547,0.31777138,0.119037986,0.13987395,0.026560089
375316653866487564,3434483792387941760,0.4250998,2230.989507314417,0.4571097694137303,6.172281E-5,18.039577,0.148868,0.14938807,0.08238609,0.089612186,0.0601175,0.26582915,0.1698877,0.6158345,0.039245825,0.14681546,0.080283,0.2628287,0.14039591,null,null,null,null,"TWOGAUSSIANS",8,5.6092854,0.15024808,0.082616,0.4,0.19920535,0.22800167,0.14145294,0.6158345,0.039245825,0.4,0.0,0.2229437,0.030845761
375316653866487564,3434484960619100416,0.44987148,2258.8817264746945,0.5696341138487881,2.7172888E-5,15.615286,0.0027521779,0.31313863,0.012567472,0.07819446,0.03333703,0.019289207,0.0029918791,0.7940717,0.011358155,0.071730815,0.020105748,0.013608088,0.0030571462,null,null,null,null,"TWOGAUSSIANS",8,2.3720255,0.31313863,0.012567472,0.4,0.021620635,0.01920787,0.0034240293,0.7940717,0.011358155,0.4,0.046501208,0.0135267535,0.002703384
375316653866487564,3434486712965851776,0.5848068,2204.910771129761,2.2608632024766036,1.5148198E-5,17.70714,0.013459722,0.2719679,0.0069295377,0.08961912,0.008999556,0.26379246,0.020214954,0.77992636,0.0036130946,0.10286784,0.010121408,0.17256315,0.012822083,null,null,null,null,"TWOGAUSSIANS",8,1.4136168,0.2719679,0.0069295377,0.4,0.0,0.25097993,0.021951584,0.77992636,0.0036130946,0.4,0.0,0.15974799,0.005476848
375316653866487564,3434495062380985088,0.57090163,2157.7179793998807,3.8880251917620066,1.5949978E-5,18.267305,0.015766295,0.18641378,0.004960628,0.10080817,0.00909929,0.2342529,0.014872493,0.69374806,0.0043860837,0.09347685,0.008870836,0.31352192,0.012271674,null,null,null,null,"TWOGAUSSIANS",8,2.292194,0.69374806,0.0043860837,0.4,0.0,0.29576698,0.007416971,0.18641378,0.004960628,0.4,0.0,0.21649608,0.009005908
375316653866487564,3434495852655102848,0.5253787,2213.8154749395985,2.160996226923579,6.145786E-6,17.927105,0.0059857336,0.17584868,0.014322461,0.042196337,0.00789535,0.10883734,0.0138486475,0.7248146,3.638511E-5,0.0040634004,8.396586E-5,1.2752032,0.09304209,null,null,null,null,"TWOGAUSSIANS",8,17.42852,0.7248146,3.638511E-5,0.022755044,4.7020882E-4,1.2752032,0.09304209,0.17584868,0.014322461,0.23629948,0.04421396,0.10883734,0.0138486475
375316653866487564,3434497673721185920,0.6426209,2257.459338927412,0.913234249515261,2.039453E-5,17.45364,0.004050388,0.2909586,0.01143209,0.067586884,0.057153337,0.0949577,3.472758E33,0.7815573,0.0026517678,0.03344203,0.0029645236,0.18691711,0.008744353,0.021560192,0.0048721517,0.2909586,0.01143209,"TWOGAUSSIANS_WITH_ELLIPSOIDAL_ON_ECLIPSE1",9,1.3335937,0.78174734,0.0024870501,0.18727538,0.016601332,0.22979288,0.009017981,0.2909586,0.01143209,0.37848657,0.31663886,0.13798076,3.472758E33
375316653866487564,3434500491219745280,0.6177543,2283.403862858194,2.3416516105518754,1.1419457E-5,15.80263,0.0120489905,0.30423763,0.0030988972,0.098424256,0.005807086,0.27310136,0.012072122,0.80459446,0.0029871985,0.09496324,0.008722015,0.1897741,0.009982928,null,null,null,null,"TWOGAUSSIANS",8,10.648522,0.30423763,0.0030988972,0.4,0.0,0.25706875,0.006761871,0.80459446,0.0029871985,0.4,0.0,0.17374247,0.0066472264
