Gaia/vari_eclipsing_binary/VariEclipsingBinary_446881-450181.csv
# %ECSV 1.0
# ---
# delimiter: ','
# meta: !!omap
# - RELEASE: Gaia DR3
# - TABLE: vari_eclipsing_binary
# - DESCRIPTION: >
#     This table describes the properties of the eclipsing binaries resulting from the variability analysis. 
# - CITATION: >
#     How to cite and acknowledge Gaia: 
#     https://gea.esac.esa.int/archive/documentation/credits.html 
# - KNOWN_ISSUES: >
#     Known issues: 
#     https://www.cosmos.esa.int/web/gaia-users/known-issues 
# - DOCUMENTATION: >
#     Tutorials and documentation: 
#     https://www.cosmos.esa.int/web/gaia-users/archive 
# datatype:
# - 
#   name: solution_id
#   datatype: int64
#   description: Solution Identifier
#   meta:
#     ucd: meta.version
# - 
#   name: source_id
#   datatype: int64
#   description: Unique source identifier
#   meta:
#     ucd: meta.id;meta.main
# - 
#   name: global_ranking
#   datatype: float32
#   description: Number between 0 (worst) and 1 (best)
#   meta:
#     ucd: stat.param
# - 
#   name: reference_time
#   datatype: float64
#   unit: d
#   description: Reference time used for the geometric model fit
#   meta:
#     ucd: time.epoch
# - 
#   name: frequency
#   datatype: float64
#   unit: d**-1
#   description: Frequency of geometric model of the eclipsing binary light curve
#   meta:
#     ucd: src.orbital
# - 
#   name: frequency_error
#   datatype: float32
#   unit: d**-1
#   description: "Uncertainty of \\texttt{frequency}"
#   meta:
#     ucd: stat.error
# - 
#   name: geom_model_reference_level
#   datatype: float32
#   unit: mag
#   description: Magnitude reference level of geometric model
#   meta:
#     ucd: phot.mag;em.opt
# - 
#   name: geom_model_reference_level_error
#   datatype: float32
#   unit: mag
#   description: "Uncertainty of \\texttt{geomModelReferenceLevel}"
#   meta:
#     ucd: stat.error;phot.mag;em.opt
# - 
#   name: geom_model_gaussian1_phase
#   datatype: float32
#   description: Phase of the Gaussian 1 component
#   meta:
#     ucd: time.phase
# - 
#   name: geom_model_gaussian1_phase_error
#   datatype: float32
#   description: "Uncertainty of \\texttt{geomModelGaussian1Phase}"
#   meta:
#     ucd: stat.error;time.phase
# - 
#   name: geom_model_gaussian1_sigma
#   datatype: float32
#   description: "Standard deviation [phase] of Gaussian 1 component"
#   meta:
#     ucd: stat.stdev
# - 
#   name: geom_model_gaussian1_sigma_error
#   datatype: float32
#   description: "Uncertainty of \\texttt{geomModelGaussian1Sigma}"
#   meta:
#     ucd: stat.error
# - 
#   name: geom_model_gaussian1_depth
#   datatype: float32
#   unit: mag
#   description: Magnitude depth of Gaussian 1 component
#   meta:
#     ucd: src.var.amplitude
# - 
#   name: geom_model_gaussian1_depth_error
#   datatype: float32
#   unit: mag
#   description: "Uncertainty of \\texttt{geomModelGaussian1Depth}"
#   meta:
#     ucd: stat.error;src.var.amplitude
# - 
#   name: geom_model_gaussian2_phase
#   datatype: float32
#   description: Phase of Gaussian 2 component
#   meta:
#     ucd: time.phase
# - 
#   name: geom_model_gaussian2_phase_error
#   datatype: float32
#   description: "Uncertainty of \\texttt{geomModelGaussian2Phase}"
#   meta:
#     ucd: stat.error;time.phase
# - 
#   name: geom_model_gaussian2_sigma
#   datatype: float32
[...]
#   datatype: float32
#   description: "Secondary eclipse: uncertainty of \\texttt{derivedSecondaryEclDuration}"
#   meta:
#     ucd: stat.error;time.duration
# - 
#   name: derived_secondary_ecl_depth
#   datatype: float32
#   unit: mag
#   description: "Secondary eclipse: depth"
#   meta:
#     ucd: src.var.amplitude
# - 
#   name: derived_secondary_ecl_depth_error
#   datatype: float32
#   unit: mag
#   description: "Secondary eclipse: uncertainty of \\texttt{derivedSecondaryEclDepth}"
#   meta:
#     ucd: stat.error;src.var.amplitude
solution_id,source_id,global_ranking,reference_time,frequency,frequency_error,geom_model_reference_level,geom_model_reference_level_error,geom_model_gaussian1_phase,geom_model_gaussian1_phase_error,geom_model_gaussian1_sigma,geom_model_gaussian1_sigma_error,geom_model_gaussian1_depth,geom_model_gaussian1_depth_error,geom_model_gaussian2_phase,geom_model_gaussian2_phase_error,geom_model_gaussian2_sigma,geom_model_gaussian2_sigma_error,geom_model_gaussian2_depth,geom_model_gaussian2_depth_error,geom_model_cosine_half_period_amplitude,geom_model_cosine_half_period_amplitude_error,geom_model_cosine_half_period_phase,geom_model_cosine_half_period_phase_error,model_type,num_model_parameters,reduced_chi2,derived_primary_ecl_phase,derived_primary_ecl_phase_error,derived_primary_ecl_duration,derived_primary_ecl_duration_error,derived_primary_ecl_depth,derived_primary_ecl_depth_error,derived_secondary_ecl_phase,derived_secondary_ecl_phase_error,derived_secondary_ecl_duration,derived_secondary_ecl_duration_error,derived_secondary_ecl_depth,derived_secondary_ecl_depth_error
375316653866487564,3930918961683915776,0.5229276,2084.1863524633372,1.1442293156843386,3.5221954E-5,18.967154,0.0042781257,0.342584,0.015410661,0.04706257,0.014239787,0.5579445,0.30896685,0.67259943,0.012280569,0.030899381,0.010548439,0.045444455,0.021586588,null,null,null,null,"TWOGAUSSIANS",8,3.3226259,0.342584,0.015410661,0.26355037,0.07974281,0.5579445,0.30896685,0.67259943,0.012280569,0.17303653,0.059071254,0.045444455,0.021586588
375316653866487564,3930949443068013056,0.60437655,2096.798277040366,3.0746126828638327,9.66048E-6,14.078382,0.013099756,0.19617099,0.0024060823,0.049298212,0.008374053,0.11673404,0.025638651,0.69476616,0.0018392779,0.0693973,0.00501995,0.2084352,0.025025746,0.06992277,0.0134546505,0.19617099,0.0024060823,"TWOGAUSSIANS_WITH_ELLIPSOIDAL_ON_ECLIPSE1",9,108.6377,0.69505614,0.0012470938,0.38862488,0.025742877,0.3479859,0.006980156,0.19617099,0.0024060823,0.27606997,0.046894696,0.25629342,0.005057221
375316653866487564,3930975522109443584,0.5553573,2098.0699070682113,1.055192982077776,1.2744124E-5,16.682386,0.0018220913,0.21525207,8.2397665E-4,0.0099661155,7.220617E-4,0.27459362,0.01234356,0.71135354,0.0036694708,0.008838145,0.0039029452,0.20518386,0.060296852,0.005895526,0.0027634124,0.21525207,8.2397665E-4,"TWOGAUSSIANS_WITH_ELLIPSOIDAL_ON_ECLIPSE1",9,8.802019,0.21525207,8.2397665E-4,0.055810247,0.0040435456,0.28638464,0.012392902,0.71135354,0.0036694708,0.04949361,0.021856494,0.21696782,0.060281504
375316653866487564,3931440271930513024,0.5745868,2094.049541771663,1.6916450342849736,1.1850924E-5,14.3226,0.0047792434,0.26791915,0.002326618,0.039837994,0.0026786586,0.18526304,0.013295351,0.76821005,0.002642446,0.041832495,0.0053637656,0.1154331,0.012392084,0.028887765,0.00840482,0.26791915,0.002326618,"TWOGAUSSIANS_WITH_ELLIPSOIDAL_ON_ECLIPSE1",9,60.514294,0.26791915,0.002326618,0.22309276,0.015000489,0.24303854,0.008530103,0.76821005,0.002567125,0.23426197,0.030037088,0.17320842,0.011275982
375316653866487564,3931469134110753152,0.4012278,2140.0375136151392,0.021992470580583994,3.276741E-5,14.710199,0.03475952,0.20888337,0.016410466,0.141346,0.058059826,0.07746605,0.033033635,0.7159951,0.013269049,0.08263332,0.015551254,0.17021349,0.053235885,null,null,null,null,"TWOGAUSSIANS",8,13.897827,0.7160451,0.013314546,0.4,0.0,0.15577714,0.049734145,0.20888337,0.016410466,0.4,0.0,0.06272824,0.0058611264
375316653866487564,3931701229847457920,0.5056321,2039.9407375271592,4.002884347656214,2.6072505E-5,18.76502,0.021824611,0.26821142,0.01832885,0.13584323,0.0445714,0.095142916,0.018721072,0.679523,0.004489814,0.07546848,0.008158753,0.33451506,0.046220053,null,null,null,null,"TWOGAUSSIANS",8,2.7935054,0.679523,0.004489814,0.4,0.0,0.32989696,0.04663658,0.26821142,0.01832611,0.4,0.0,0.089545086,0.017357057
375316653866487564,3931727759860720000,0.6456128,2047.5141727029823,3.535450452027881,5.0232493E-6,15.769567,0.006338237,0.2469386,0.0020026932,0.04420249,0.008986536,0.21948054,0.02352314,0.748846,0.0014799901,0.048661374,0.001990528,0.3565713,0.019441616,0.107212685,0.012966264,0.2469386,0.0020026932,"TWOGAUSSIANS_WITH_ELLIPSOIDAL_ON_ECLIPSE1",9,32.57309,0.748846,0.0014799901,0.2725037,0.011146957,0.570965,0.014868058,0.2469386,0.0020026932,0.24753395,0.050324604,0.43390507,0.022547606
375316653866487564,3931845575108257536,0.5094523,2113.7323390004467,0.9531338854822999,1.8319555E-5,19.371126,0.034107726,0.3449367,0.043603044,0.16790776,0.10985926,0.056718815,0.030990465,0.8459241,0.00664554,0.029901426,0.02326178,0.654108,0.5098005,null,null,null,null,"TWOGAUSSIANS",8,1.4451151,0.8459241,0.00664554,0.16744798,0.13026597,0.65094346,0.5198719,0.3449367,0.043603044,0.4,0.0,0.05220756,0.018622288
375316653866487564,3931971920161660288,0.6621561,2052.835281749868,0.2626284948493541,6.72031E-5,12.299425,0.0018642739,0.3290442,4.8359496E-5,0.012495045,1.8355847E-4,0.29893547,0.0039219866,0.7140848,0.036348995,0.02078095,0.023433903,0.006236824,0.050630417,0.0035149967,0.0020930194,0.7140848,0.036348995,"TWOGAUSSIANS_WITH_ELLIPSOIDAL_ON_ECLIPSE2",9,50.227116,0.3290242,5.3089687E-5,0.06997225,0.0010279274,0.30289328,0.0013455149,0.7140848,0.036348995,0.11637333,0.13122986,0.013266814,0.051229123
375316653866487564,3932076648644071552,0.5500703,2110.656683226448,3.13241456475329,8.8072475E-6,14.365265,0.008674526,0.49121988,0.027840272,0.03448863,0.03338342,0.08062992,5.4631586,0.7468145,0.005014743,0.05528095,0.018265093,0.22887409,0.031370156,0.18573844,0.010772464,0.7468145,0.005014743,"TWOGAUSSIANS_WITH_ELLIPSOIDAL_ON_ECLIPSE2",9,745.2455,0.7468145,0.005014743,0.30957332,0.10228452,0.60034233,0.028513832,0.48691988,0.23191175,0.19313633,0.18694717,0.081434585,5.4609733
375316653866487564,3932205012331069952,0.41732144,2111.509423245872,4.573700239529412,9.7431024E-5,18.419493,0.10357194,0.28777143,0.018635927,0.22811416,0.07949876,0.15436453,0.11015938,0.8190396,0.036686543,0.073307395,0.05616394,0.08039299,0.043614328,null,null,null,null,"TWOGAUSSIANS",8,5.6853204,0.28777143,0.018619692,0.4,0.0,0.10251044,0.022892741,0.82397956,0.04953916,0.4,0.148733,0.05761939,0.011421935
375316653866487564,3932264424614269952,0.58078796,2112.0573581978715,0.3067259870426869,1.2558287E-4,17.06569,0.0033276146,0.16656153,0.012396488,0.009536942,0.0093712825,0.31446502,2.96823364E16,0.8867076,0.0025980056,0.011973994,0.0012412241,0.47119868,0.13901561,null,null,null,null,"TWOGAUSSIANS",8,8.381982,0.8867076,0.0025980056,0.06705437,0.0069508553,0.47119868,0.13901561,0.16656153,0.012396488,0.05340687,0.052479185,0.31446502,2.96823364E16
375316653866487564,3932316784560400384,0.5123134,2098.428820749939,4.1160359137522775,1.3495513E-5,18.756815,0.012389565,0.23021144,0.0027678688,0.08536012,0.0055101146,0.32287872,0.020805657,0.7464335,0.0068940255,0.093672074,0.010838187,0.3423897,0.019026194,null,null,null,null,"TWOGAUSSIANS",8,2.4463887,0.7464335,0.0068940255,0.4,0.0,0.33197612,0.020794142,0.23021144,0.002766715,0.4,0.0,0.31246573,0.021014813
375316653866487564,3932419009077063552,0.44076607,2139.898278924522,2.4164581470881497,1.3275132E-5,16.88083,0.009808156,0.17596735,0.004490526,0.056106728,0.008263535,0.10879562,0.021360904,0.6413819,0.046049878,0.12963942,0.072983295,0.03300699,0.014921216,null,null,null,null,"TWOGAUSSIANS",8,16.894232,0.17600736,0.0044835857,0.31419766,0.0462758,0.10753873,0.021003395,0.6413819,0.046049878,0.4,0.0,0.031690907,0.014762242
375316653866487564,3932464260852535808,0.5835501,2145.6558674149546,3.082190775916111,1.8025336E-5,12.800052,0.014085602,0.28838804,0.006846662,0.05906089,0.009452933,0.2803996,0.03460045,0.77442586,0.0072837537,0.049972903,0.0068189446,0.17793198,0.02917135,0.085369825,0.0139599955,0.28838804,0.006846662,"TWOGAUSSIANS_WITH_ELLIPSOIDAL_ON_ECLIPSE1",9,261.18582,0.28838804,0.006846662,0.330741,0.05293643,0.4511031,0.01516247,0.77664584,0.0058379536,0.27984825,0.03818609,0.3475323,0.007989736
375316653866487564,3932560365040758144,0.5434941,2126.389034741423,1.7157050275030366,1.1052276E-4,13.423553,0.045540605,0.27304095,0.07895646,0.043931123,0.056740962,0.2472118,null,0.7670913,0.0051432536,0.04462028,0.009909631,0.37492174,0.09350682,0.05526352,0.039992422,0.27304095,0.07895646,"TWOGAUSSIANS_WITH_ELLIPSOIDAL_ON_ECLIPSE1",9,2441.4116,0.76735127,0.0042358018,0.24987355,0.055493932,0.48530117,0.038612757,0.27304095,0.07895646,0.24601428,0.31774938,0.3577388,null
375316653866487564,3932584004540739456,0.63990283,2037.4554968484435,4.116587255794987,3.8548637E-6,15.973116,0.016861647,0.2914272,0.0021761109,0.05062148,0.004032107,0.47314465,0.04878595,0.78386647,0.0029670899,0.05336284,0.005213291,0.45394784,0.05105187,0.11093515,0.01833186,0.78386647,0.0029670899,"TWOGAUSSIANS_WITH_ELLIPSOIDAL_ON_ECLIPSE2",9,22.69979,0.29077718,0.0018720097,0.2834803,0.0225798,0.69454885,0.046951305,0.78386647,0.0029670899,0.29883188,0.02919443,0.6758091,0.046941716
375316653866487564,3932639564237715200,0.570468,2111.778718594327,4.065564527117618,1.3143865E-5,15.197253,0.26510063,0.2550503,0.00683606,0.17113566,0.08000922,0.25111285,0.2622013,0.7296549,0.008417921,0.11866561,0.02062142,0.31099847,0.1682983,null,null,null,null,"TWOGAUSSIANS",8,38.777405,0.7296549,0.008417921,0.4,0.0,0.2160798,0.008669308,0.25539032,0.0060651083,0.4,0.0,0.1486934,0.010761836
375316653866487564,3932657495725740416,0.5300929,2093.0057935734967,4.3322206320283945,1.5935275E-5,18.209116,0.0069694645,0.23789556,0.0069286716,0.08569977,0.0077042356,0.24057034,0.019403253,0.7372917,0.0056092767,0.074325666,0.007308912,0.23536544,0.022694467,null,null,null,null,"TWOGAUSSIANS",8,3.2471879,0.23789556,0.0069286716,0.4,0.0,0.23700823,0.02016911,0.7372917,0.0056092767,0.4,0.003943616,0.23180333,0.023473129
375316653866487564,3932741062904800768,0.5445537,2062.7428830278805,2.960940110680375,2.1565193E-5,13.618936,0.040610086,0.23135807,0.0036139134,0.08430519,0.011970136,0.40706238,0.059332516,0.73720706,0.004398362,0.0848185,0.010537654,0.39322996,0.037979595,null,null,null,null,"TWOGAUSSIANS",8,1256.0537,0.23135807,0.0036139134,0.4,0.0,0.39793062,0.057514813,0.73720706,0.004398362,0.4,0.0,0.3840982,0.027347902
375316653866487564,3932995874724769792,0.5397593,2072.3231108114105,2.1563212234002767,2.3615596E-5,18.809624,0.00897817,0.23679885,0.002883161,0.055513103,0.0059279604,0.3757016,0.05845103,0.72801465,0.043251526,0.08139503,0.023530336,0.14342536,0.04002251,null,null,null,null,"TWOGAUSSIANS",8,2.4922981,0.23679885,0.002883161,0.3108734,0.033196576,0.3752911,0.05877784,0.72801465,0.043251526,0.4,0.06500972,0.14301485,0.03977619
375316653866487564,3933315007974675712,0.65895236,2039.4104739935715,2.98817733836933,2.3538885E-6,15.794489,0.00845717,0.31630898,0.0010466046,0.054358467,0.003982268,0.25708407,0.019468084,0.8151788,0.0029566376,0.06488584,0.002950151,0.2616909,0.019452926,0.09509598,0.009890457,0.31630898,0.0010466046,"TWOGAUSSIANS_WITH_ELLIPSOIDAL_ON_ECLIPSE1",9,12.342843,0.8153988,0.0023515248,0.3633607,0.016520845,0.45172408,0.006026933,0.31630898,0.0010466046,0.30440742,0.022300702,0.44712496,0.02002701
375316653866487564,3933331981685339392,0.5384477,2106.7686764768796,0.4773942140573161,5.673259E-5,13.238748,0.006327801,0.3022458,0.00514709,0.016449645,0.0049595684,0.35662687,0.040201407,0.7982318,0.018035835,0.015921526,0.011383835,0.68441397,0.59153056,null,null,null,null,"TWOGAUSSIANS",8,2006.8031,0.7982318,0.018035835,0.08916054,0.06374948,0.68441397,0.59153056,0.3022458,0.00514709,0.09211801,0.027773583,0.35662687,0.040201407
375316653866487564,3933399940952722816,0.46439955,2078.45537776618,0.05049062882554619,5.294656E-5,17.18126,0.0045176116,0.3606096,0.038222812,0.009407491,0.027756572,0.096637465,0.06487301,0.8291411,0.034346256,0.06715026,0.020400768,0.07300186,0.033537026,null,null,null,null,"TWOGAUSSIANS",8,4.005011,0.3606096,0.038222812,0.05268195,0.1554368,0.096637465,0.06487284,0.8291411,0.034346256,0.3760414,0.088329844,0.07300186,0.03353703
375316653866487564,3933432105962887680,0.6422198,2055.962682409241,3.3568751670734396,8.365164E-6,12.402328,0.009560677,0.29084834,0.0037181329,0.03593155,0.0058239233,0.31989354,0.067978606,0.79576176,0.003131836,0.048842877,0.0050152033,0.3303576,0.056702524,0.13222814,0.011999589,0.79576176,0.003131836,"TWOGAUSSIANS_WITH_ELLIPSOIDAL_ON_ECLIPSE2",9,180.81325,0.79576176,0.003131836,0.2735201,0.028085139,0.59481275,0.048421178,0.29122832,0.003447462,0.20121667,0.03261397,0.5841163,0.0752851
375316653866487564,3933454027475995264,0.5615836,2053.1811131519157,3.1600253069439876,1.3189806E-5,14.339084,0.03775928,0.23388225,0.017899735,0.041491445,0.04855723,0.26761124,0.18411024,0.7268016,0.0063573243,0.042278077,0.018008001,0.1550012,0.07695585,0.1090997,0.038490105,0.7268016,0.0063573243,"TWOGAUSSIANS_WITH_ELLIPSOIDAL_ON_ECLIPSE2",9,268.10004,0.23317224,0.010018587,0.2323521,0.17715567,0.48542178,0.2306689,0.7268016,0.0063573243,0.23675723,0.1008448,0.37320033,0.009961835
375316653866487564,3933503677297886336,0.51383096,2100.17941086589,3.321505710330369,3.4172863E-5,17.063429,0.022202574,0.18686491,0.007998978,0.09276074,0.015150207,0.20364632,0.02488789,0.6799488,0.009288312,0.09448148,0.014405285,0.2239684,0.023823973,null,null,null,null,"TWOGAUSSIANS",8,22.863068,0.6799488,0.009288312,0.4,0.0,0.21302514,0.018397365,0.18686491,0.007998978,0.4,0.0,0.19270323,0.020243209
375316653866487564,3933712408413431040,0.5504353,2103.2395772180153,1.3902005892015168,4.9507594E-6,18.867096,0.016475484,0.24558656,0.029080376,0.04799194,0.030468225,0.22301649,0.02747665,0.7458732,6.253146E-4,0.04146246,0.0021070316,0.48562855,0.013925274,null,null,null,null,"TWOGAUSSIANS",8,4.0827513,0.7458732,6.253146E-4,0.23218977,0.011799377,0.48562846,0.01390578,0.24558656,0.029080376,0.26875484,0.14090051,0.22301638,0.027451215
375316653866487564,3933748834031261824,0.56896746,2079.7056325573626,1.407653270095234,8.656208E-6,10.109763,0.021288909,0.2047795,0.0031774852,0.13885246,0.021402594,0.10378127,0.020275464,0.7049931,0.0013859329,0.11275008,0.009758335,0.13194758,0.020080326,null,null,null,null,"TWOGAUSSIANS",8,30.725536,0.7049931,0.0013973437,0.4,0.0,0.10066677,0.001943931,0.2047795,0.003178947,0.4,0.0,0.07219734,0.0019754202
375316653866487564,3933764497776755968,0.5752333,2059.124577112483,1.9144739884034505,1.2214771E-5,15.102316,0.02784599,0.13993205,0.012725277,0.099170655,0.018299766,0.2063312,0.028911185,0.62345356,0.002037539,0.084830195,0.00719634,0.37461698,0.024655323,null,null,null,null,"TWOGAUSSIANS",8,29.11778,0.62345356,0.002037539,0.4,0.0,0.36418512,0.016481476,0.13993205,0.012725277,0.4,0.0,0.19589765,0.019432243
375316653866487564,3934118746679131648,0.46495897,2105.744941615659,0.22856214363022895,2.5946869E-5,18.336433,0.009339345,0.11651818,9.987636E-4,0.019507995,0.0015422065,0.36831802,0.026452668,0.8982964,0.0054753423,0.032971844,0.004571347,0.21495882,0.033227883,0.07967434,0.0160747,0.8982964,0.0054753423,"TWOGAUSSIANS_WITH_ELLIPSOIDAL_ON_ECLIPSE2",9,23.215963,0.11610818,9.5299527E-4,0.10924477,0.008636356,0.37466535,0.027230432,0.8982964,0.0054753423,0.18464233,0.025599545,0.3743067,0.03285293
375316653866487564,3934212827938146944,0.60525256,2111.2828437393946,3.7571295319854157,9.879308E-6,13.013217,0.01768719,0.29969537,0.007235791,0.049667615,0.007407991,0.24214138,0.039938204,0.80146235,0.0016830621,0.05430704,0.006259265,0.30568522,0.038254075,0.10482603,0.021125184,0.80146235,0.0016830621,"TWOGAUSSIANS_WITH_ELLIPSOIDAL_ON_ECLIPSE2",9,342.42108,0.80146235,0.0016830621,0.30411944,0.035051886,0.5153289,0.017681025,0.29994538,0.0062309434,0.27813864,0.04148475,0.45176294,0.02193183
375316653866487564,3934634628087631232,0.5143056,2101.6640091524437,3.765666920628485,2.8749675E-5,15.754587,0.027788354,0.25300443,0.003899004,0.089117564,0.011338457,0.30472094,0.022201566,0.7287981,0.008278637,0.088906854,0.01617418,0.30607283,0.029697835,null,null,null,null,"TWOGAUSSIANS",8,114.85643,0.7287981,0.008278637,0.4,0.0,0.29807234,0.028019074,0.25300443,0.003899004,0.4,0.0,0.29672042,0.01657557
375316653866487564,3934797969987207424,0.47708005,2130.9015859899646,3.8486741568101244,1.0675906E-5,18.849855,0.029149834,0.5284112,0.045183193,0.18163884,0.10852973,0.048394114,0.027048051,0.93110776,0.001403747,0.01132878,0.0013500915,0.3065345,0.0815249,null,null,null,null,"TWOGAUSSIANS",8,2.450394,0.93110776,0.001403747,0.063441165,0.0075605125,0.3087063,0.081558675,0.5284112,0.045183193,0.4,0.0,0.04620432,0.00893394
375316653866487564,3934942663140972160,0.5965708,2094.245645286071,4.0748896011441325,8.769604E-6,16.775883,0.019741157,0.27704343,0.002798737,0.041183416,0.010658393,0.1316697,0.03635449,0.7693733,0.00196092,0.06333374,0.009777938,0.18658173,0.04033081,0.09728042,0.021262454,0.7693733,0.00196092,"TWOGAUSSIANS_WITH_ELLIPSOIDAL_ON_ECLIPSE2",9,14.578226,0.7693733,0.00196092,0.35466895,0.05475645,0.38106525,0.011732769,0.27577344,0.002243408,0.23062712,0.059686996,0.32577616,0.0085213045
