Gaia/vari_eclipsing_binary/VariEclipsingBinary_677496-677513.csv
# %ECSV 1.0
# ---
# delimiter: ','
# meta: !!omap
# - RELEASE: Gaia DR3
# - TABLE: vari_eclipsing_binary
# - DESCRIPTION: >
#     This table describes the properties of the eclipsing binaries resulting from the variability analysis. 
# - CITATION: >
#     How to cite and acknowledge Gaia: 
#     https://gea.esac.esa.int/archive/documentation/credits.html 
# - KNOWN_ISSUES: >
#     Known issues: 
#     https://www.cosmos.esa.int/web/gaia-users/known-issues 
# - DOCUMENTATION: >
#     Tutorials and documentation: 
#     https://www.cosmos.esa.int/web/gaia-users/archive 
# datatype:
# - 
#   name: solution_id
#   datatype: int64
#   description: Solution Identifier
#   meta:
#     ucd: meta.version
# - 
#   name: source_id
#   datatype: int64
#   description: Unique source identifier
#   meta:
#     ucd: meta.id;meta.main
# - 
#   name: global_ranking
#   datatype: float32
#   description: Number between 0 (worst) and 1 (best)
#   meta:
#     ucd: stat.param
# - 
#   name: reference_time
#   datatype: float64
#   unit: d
#   description: Reference time used for the geometric model fit
#   meta:
#     ucd: time.epoch
# - 
#   name: frequency
#   datatype: float64
#   unit: d**-1
#   description: Frequency of geometric model of the eclipsing binary light curve
#   meta:
#     ucd: src.orbital
# - 
#   name: frequency_error
#   datatype: float32
#   unit: d**-1
#   description: "Uncertainty of \\texttt{frequency}"
#   meta:
#     ucd: stat.error
# - 
#   name: geom_model_reference_level
#   datatype: float32
#   unit: mag
#   description: Magnitude reference level of geometric model
#   meta:
#     ucd: phot.mag;em.opt
# - 
#   name: geom_model_reference_level_error
#   datatype: float32
#   unit: mag
#   description: "Uncertainty of \\texttt{geomModelReferenceLevel}"
#   meta:
#     ucd: stat.error;phot.mag;em.opt
# - 
#   name: geom_model_gaussian1_phase
#   datatype: float32
#   description: Phase of the Gaussian 1 component
#   meta:
#     ucd: time.phase
# - 
#   name: geom_model_gaussian1_phase_error
#   datatype: float32
#   description: "Uncertainty of \\texttt{geomModelGaussian1Phase}"
#   meta:
#     ucd: stat.error;time.phase
# - 
#   name: geom_model_gaussian1_sigma
#   datatype: float32
#   description: "Standard deviation [phase] of Gaussian 1 component"
#   meta:
#     ucd: stat.stdev
# - 
#   name: geom_model_gaussian1_sigma_error
#   datatype: float32
#   description: "Uncertainty of \\texttt{geomModelGaussian1Sigma}"
#   meta:
#     ucd: stat.error
# - 
#   name: geom_model_gaussian1_depth
#   datatype: float32
#   unit: mag
#   description: Magnitude depth of Gaussian 1 component
#   meta:
#     ucd: src.var.amplitude
# - 
#   name: geom_model_gaussian1_depth_error
#   datatype: float32
#   unit: mag
#   description: "Uncertainty of \\texttt{geomModelGaussian1Depth}"
#   meta:
#     ucd: stat.error;src.var.amplitude
# - 
#   name: geom_model_gaussian2_phase
#   datatype: float32
#   description: Phase of Gaussian 2 component
#   meta:
#     ucd: time.phase
# - 
#   name: geom_model_gaussian2_phase_error
#   datatype: float32
#   description: "Uncertainty of \\texttt{geomModelGaussian2Phase}"
#   meta:
#     ucd: stat.error;time.phase
# - 
#   name: geom_model_gaussian2_sigma
#   datatype: float32
[...]
#   datatype: float32
#   description: "Secondary eclipse: uncertainty of \\texttt{derivedSecondaryEclDuration}"
#   meta:
#     ucd: stat.error;time.duration
# - 
#   name: derived_secondary_ecl_depth
#   datatype: float32
#   unit: mag
#   description: "Secondary eclipse: depth"
#   meta:
#     ucd: src.var.amplitude
# - 
#   name: derived_secondary_ecl_depth_error
#   datatype: float32
#   unit: mag
#   description: "Secondary eclipse: uncertainty of \\texttt{derivedSecondaryEclDepth}"
#   meta:
#     ucd: stat.error;src.var.amplitude
solution_id,source_id,global_ranking,reference_time,frequency,frequency_error,geom_model_reference_level,geom_model_reference_level_error,geom_model_gaussian1_phase,geom_model_gaussian1_phase_error,geom_model_gaussian1_sigma,geom_model_gaussian1_sigma_error,geom_model_gaussian1_depth,geom_model_gaussian1_depth_error,geom_model_gaussian2_phase,geom_model_gaussian2_phase_error,geom_model_gaussian2_sigma,geom_model_gaussian2_sigma_error,geom_model_gaussian2_depth,geom_model_gaussian2_depth_error,geom_model_cosine_half_period_amplitude,geom_model_cosine_half_period_amplitude_error,geom_model_cosine_half_period_phase,geom_model_cosine_half_period_phase_error,model_type,num_model_parameters,reduced_chi2,derived_primary_ecl_phase,derived_primary_ecl_phase_error,derived_primary_ecl_duration,derived_primary_ecl_duration_error,derived_primary_ecl_depth,derived_primary_ecl_depth_error,derived_secondary_ecl_phase,derived_secondary_ecl_phase_error,derived_secondary_ecl_duration,derived_secondary_ecl_duration_error,derived_secondary_ecl_depth,derived_secondary_ecl_depth_error
[from data line 38]
375316653866487564,5959332819026706048,0.65196955,2231.64124374788,0.5322042955059608,5.3805776E-5,17.262646,0.0040712226,0.274529,0.0043043783,0.040750224,0.0017307497,1.5273263,0.106203176,0.56011695,0.008825228,0.0058771744,0.023753872,0.1218359,5427.8315,0.01900011,0.0070763994,0.56011695,0.008825228,"TWOGAUSSIANS_WITH_ELLIPSOIDAL_ON_ECLIPSE2",9,6.770869,0.274419,0.004312301,0.22820127,0.009692199,1.5292006,0.105903246,0.56011695,0.008825228,0.032912176,0.13302168,0.15983598,5427.834
375316653866487564,5959332892065744128,0.51605606,2196.356339882323,0.32771194267618475,2.4484038E-5,18.578653,0.011557815,0.30157024,0.03602735,0.18206269,0.085311495,0.04113637,0.013981439,0.74585915,0.007893916,0.043377645,0.0031942506,0.785803,0.23711863,null,null,null,null,"TWOGAUSSIANS",8,1.4867795,0.74585915,0.007893916,0.24291483,0.017887805,0.7834574,0.23681866,0.30157024,0.03602735,0.4,0.0,0.036306098,0.01569676
375316653866487564,5959333029504924928,0.5116099,2235.1646251451916,3.3936495847604777,6.2539606E-5,19.02345,0.017266486,0.19968499,0.012390017,0.072650306,0.014243782,0.40389565,0.063499,0.70733416,0.008677143,0.076111935,0.016100055,0.36856094,0.053302694,null,null,null,null,"TWOGAUSSIANS",8,5.4576263,0.19968499,0.012390017,0.4,0.04862651,0.40161496,0.06452776,0.70733416,0.008677143,0.4,0.03810611,0.36628026,0.05493925
375316653866487564,5959333098224341120,0.51094854,2232.412342755411,2.749888091260776,2.194914E-5,18.868137,0.025661321,0.24117495,0.0073823305,0.10529508,0.016722957,0.25426438,0.024331879,0.73377156,0.012687685,0.08967404,0.01539231,0.2676576,0.024016079,null,null,null,null,"TWOGAUSSIANS",8,2.7018197,0.73377156,0.012687685,0.4,0.0,0.25012386,0.016384177,0.24117495,0.0073823305,0.4,0.0,0.23672393,0.020994492
375316653866487564,5959333373101457536,0.5215547,2177.4380157728956,2.7590316265146795,5.1830866E-5,19.30689,0.04112208,0.24672177,0.008709832,0.08004866,0.01546403,0.36784664,0.053051036,0.74442816,0.0076609184,0.09375584,0.032942913,0.2737192,0.118547946,null,null,null,null,"TWOGAUSSIANS",8,3.2321203,0.24672177,0.008709832,0.4,0.0064601474,0.3582752,0.04979566,0.74442816,0.0076609184,0.4,0.02163911,0.26414737,0.13069725
375316653866487564,5959333987255060352,0.46927014,2214.4603126716115,3.577741330242795,7.779158E-5,19.03909,0.048349235,0.2429681,0.01375652,0.08387015,0.030752847,0.2010965,0.05310563,0.7174406,0.014740686,0.14728223,0.044206627,0.14082462,0.046279058,null,null,null,null,"TWOGAUSSIANS",8,2.8035212,0.2433681,0.014132336,0.4,0.0032932856,0.17935294,0.06285971,0.7174406,0.014740686,0.4,0.0,0.11805132,0.01683702
375316653866487564,5959334438253934720,0.4992511,2201.409225721995,0.8540777083462311,4.8617585E-5,19.245811,0.066240706,0.28738716,0.0052072955,0.11766348,0.020544175,0.24375038,0.06701743,0.79329073,0.009246988,0.11584259,0.018550618,0.3013124,0.06585726,null,null,null,null,"TWOGAUSSIANS",8,1.0752788,0.7933107,0.009372994,0.4,0.0,0.24965927,0.030832978,0.28736717,0.0051912037,0.4,0.0,0.19209309,0.029418245
375316653866487564,5959334506973425920,0.46335378,2220.218590253122,0.7283607858216716,6.689628E-5,19.47696,0.072722934,0.27803907,0.03799804,0.10871998,0.049680702,0.36532974,0.10108683,0.7809595,0.0069623953,0.089866295,0.035934933,0.37386847,0.0429891,null,null,null,null,"TWOGAUSSIANS",8,2.1161127,0.7809595,0.0069620316,0.4,0.08223983,0.34415996,0.06702733,0.27803907,0.03799804,0.4,0.0,0.33560258,0.08793653
375316653866487564,5959334541370729600,0.45593545,2233.8540239974636,0.32511369453941014,1.02894825E-4,18.516113,0.008806116,0.1561573,0.012909638,0.018443322,0.015287401,0.20135331,2033.0825,0.5440733,0.044704694,0.019314462,0.018385915,0.06980284,18.066664,0.04188751,0.0099154925,0.1561573,0.012909638,"TWOGAUSSIANS_WITH_ELLIPSOIDAL_ON_ECLIPSE1",9,9.008296,0.1561573,0.012909638,0.1032826,0.08560944,0.28512815,2033.0824,0.5468633,0.041996147,0.10816099,0.10296112,0.11917933,18.08547
375316653866487564,5959334678772425472,0.47987476,2208.137884988379,2.1583893340342413,2.4647872E-5,18.675674,0.0031999717,0.34618688,0.015399802,0.034700163,0.008829269,0.060457565,0.015502425,0.7875712,0.006409694,0.047722254,0.008969165,0.021445762,0.018921025,0.051689364,0.00944531,0.7875712,0.006409694,"TWOGAUSSIANS_WITH_ELLIPSOIDAL_ON_ECLIPSE2",9,3.4047654,0.33828688,0.013542598,0.1943209,0.0494439,0.15214285,0.013294894,0.7875712,0.006409694,0.26724464,0.050227325,0.12482445,0.015015528
375316653866487564,5959335640842350336,0.4884262,2253.0900760085533,0.28264436970230916,9.337199E-5,19.124163,0.011194162,0.6033468,0.054406866,0.035997577,0.027970634,0.253012,0.2793074,0.3296509,0.02298014,0.123929255,0.026696317,0.17080943,0.018657465,null,null,null,null,"TWOGAUSSIANS",8,2.3977516,0.60195684,0.05556319,0.20158643,0.15663555,0.26800385,0.27603477,0.3296509,0.02298014,0.4,0.0,0.17070968,0.018732594
375316653866487564,5959335675202146432,0.59609425,2270.468016772983,0.4625168126496405,3.411815E-5,18.59715,0.010016168,0.22529992,0.0026834833,0.052356478,0.0035151092,0.85246855,0.1768205,0.6378585,0.022848448,0.059800904,0.014724262,0.519188,0.17597416,null,null,null,null,"TWOGAUSSIANS",8,1.0187823,0.22529992,0.0026834833,0.29319626,0.01968461,0.8524671,0.17682016,0.6378585,0.022848448,0.33488506,0.07924041,0.51918656,0.1759965
375316653866487564,5959335743921671168,0.47872132,2242.4799753518755,0.09599589682875989,1.4524521E-4,18.019537,0.010650788,0.29868224,0.022890901,0.032727394,0.0131073175,0.07911717,0.035462115,0.51459414,0.013606142,0.058365315,0.011959139,0.20602801,0.024825627,null,null,null,null,"TWOGAUSSIANS",8,3.569687,0.51459414,0.013606142,0.32684577,0.06697118,0.20602801,0.024825625,0.29887226,0.022784708,0.1832734,0.073400974,0.079338424,0.03561709
375316653866487564,5959335778281441280,0.6306856,2265.814916409811,3.0718261625720205,6.952372E-6,18.79431,0.015256852,0.25653952,0.008461163,0.03874913,0.014085453,0.59530556,0.12826656,0.7555105,0.0031048022,0.029706769,0.0026937183,0.48748836,0.031844944,0.15166514,0.023183811,0.7555105,0.0031048022,"TWOGAUSSIANS_WITH_ELLIPSOIDAL_ON_ECLIPSE2",9,3.7658305,0.25647953,0.0074471915,0.21699512,0.07887854,0.8986239,0.14932048,0.7555105,0.0031048022,0.1663579,0.015084823,0.79081863,0.055370133
375316653866487564,5959336048845477632,0.53765386,2251.928493846538,1.8252794798535883,1.9034682E-5,19.349586,0.004789218,0.3350082,0.0041647777,0.037283704,0.018657742,0.22055732,1.6141568,null,null,null,null,null,null,0.10679072,0.008831126,0.3350082,0.0041647777,"ONEGAUSSIAN_WITH_ELLIPSOIDAL",6,0.9324402,0.3350082,0.0041647777,0.20878874,0.10448335,0.43413872,1.6140062,null,null,null,null,null,null
375316653866487564,5959336431157387904,0.54778326,2310.0080321579917,1.4785972638452456,3.563056E-5,16.534771,0.016211377,0.30550057,0.003699043,0.102234185,0.009132054,0.22058155,0.014781311,0.81406796,0.005141778,0.10240208,0.013076982,0.22604805,0.014968167,null,null,null,null,"TWOGAUSSIANS",8,7.1110506,0.81406796,0.005141528,0.4,0.0,0.205692,0.019735854,0.30550057,0.0036975672,0.4,0.0,0.20022568,0.011694625
375316653866487564,5959337320165778816,0.46647573,2224.6255067098955,2.942392827606398,1.0031174E-4,19.071344,0.20367625,0.2743181,0.0113322,0.09767835,0.039550744,0.24214739,0.17239086,0.78072935,0.0128018055,0.14631018,0.1031808,0.22561455,0.18886453,null,null,null,null,"TWOGAUSSIANS",8,3.0401282,0.2741481,0.011770004,0.4,0.016080432,0.1910981,0.052635346,0.78072935,0.012795123,0.4,0.0,0.17323898,0.04504384
375316653866487564,5959337805546913152,0.6022417,2252.1814633506706,1.4815040405761848,7.927767E-6,16.571438,0.035408348,0.2305768,0.0019075822,0.116644,0.018324524,0.25451082,0.022239435,0.72891265,0.0025062885,0.10803704,0.010895685,0.28770956,0.03426842,null,null,null,null,"TWOGAUSSIANS",8,6.0865808,0.72891265,0.0025062885,0.4,0.0,0.24320172,0.009071471,0.2305768,0.0019075822,0.4,0.0,0.20996368,0.016521586
375316653866487564,5959338728900012416,0.5342388,2262.0612476879514,1.1399902519308578,1.5461165E-4,10.30176,0.009361648,0.5114135,0.026758522,0.048028763,0.014912336,0.7610003,0.23200893,null,null,null,null,null,null,null,null,null,null,"ONEGAUSSIAN",5,1092.4825,0.5114135,0.026758522,0.26896107,0.08350908,0.7610003,0.0,null,null,null,null,null,null
375316653866487564,5959339248656154368,0.61836827,2247.2326206040743,2.1771871312334783,8.54188E-6,17.908152,0.009047706,0.19295475,0.003637715,0.0900652,0.004203297,0.45820943,0.013891088,0.6936145,0.0020304946,0.09151049,0.003390554,0.4095545,0.009788975,null,null,null,null,"TWOGAUSSIANS",8,2.562325,0.19295475,0.003637715,0.4,0.0,0.43886885,0.013133524,0.6936145,0.0020304946,0.4,0.0,0.39021385,0.008051821
375316653866487564,5959339725334194176,0.57410055,2247.3441227218746,1.0294219644664386,1.3271514E-5,17.288387,0.017922223,0.23872213,0.0062484103,0.10111472,0.012746424,0.19551103,0.017908452,0.7269727,0.0027226454,0.09030114,0.008478885,0.35549167,0.014662076,null,null,null,null,"TWOGAUSSIANS",8,11.009708,0.7269727,0.0027226454,0.4,0.0,0.34112215,0.012774546,0.23872213,0.0062484103,0.4,0.0,0.1811395,0.011056152
375316653866487564,5959339862776475904,0.59071076,2261.491464228272,2.424210601423864,1.9489284E-5,18.638277,0.0044402764,0.27814987,0.0036473086,0.02748283,0.026239805,0.20001815,0.18950543,0.8200054,0.016915957,0.0330365,0.014849969,0.095024325,0.01912096,0.15123911,0.0056174845,0.27814987,0.0036473086,"TWOGAUSSIANS_WITH_ELLIPSOIDAL_ON_ECLIPSE1",9,2.573311,0.27814987,0.0036473086,0.15390386,0.14694291,0.5024962,0.18601237,0.8200054,0.016915957,0.1850044,0.08315983,0.3770603,0.012979077
375316653866487564,5959340863534427264,0.5110406,2262.4682675873514,0.7164221398143764,2.1941023E-4,19.775173,0.017113259,0.124796055,0.026449779,0.1441914,0.0366511,0.1241965,0.015990164,0.47813162,0.016329883,0.10255559,0.018077195,0.267473,0.017513633,null,null,null,null,"TWOGAUSSIANS",8,0.71285504,0.47813162,0.016329883,0.4,0.0,0.26304257,0.016282981,0.12937605,0.027050389,0.4,0.0,0.11435375,0.013393193
375316653866487564,5959341035321936000,0.56424934,2209.8121582962085,1.054852212793135,7.267294E-6,18.1556,0.0040735533,0.28154057,5.5201235E-4,0.048946783,0.002142435,0.36971083,0.012041228,0.7953864,0.013960154,0.03818044,0.01288819,0.11414197,0.061302472,null,null,null,null,"TWOGAUSSIANS",8,2.494695,0.28154057,5.5201235E-4,0.274102,0.0119976355,0.3697108,0.012041238,0.7953864,0.013960154,0.21381047,0.07217387,0.11414196,0.061302487
375316653866487564,5959341099733281152,0.50054055,2274.2011268616307,0.6182340953976401,5.713296E-5,19.423029,0.02388627,0.3448887,0.017640688,0.18045238,0.025962314,0.26196194,0.023645429,0.9245826,0.01725098,0.030482449,0.011929614,0.13137867,0.10466363,null,null,null,null,"TWOGAUSSIANS",8,1.6585243,0.3448887,0.017640688,0.4,0.0,0.24962234,0.015202865,0.9260126,0.017252067,0.17070171,0.06680584,0.13807008,0.10737647
375316653866487564,5959342341003142144,0.5635625,2261.0114834045635,3.466769026110597,1.5809183E-5,19.39541,0.027687425,0.28466547,0.006353096,0.077710584,0.009628659,0.33683473,0.03758588,0.7890005,0.0042016474,0.07744519,0.008533955,0.426996,0.03924557,null,null,null,null,"TWOGAUSSIANS",8,2.1250622,0.7890005,0.0042016474,0.4,1.18798225E-5,0.42314774,0.037828322,0.28466547,0.006353096,0.4,0.0,0.33298647,0.036025755
375316653866487564,5959342581550791552,0.57784337,2243.0214382551435,3.804410895877617,1.0936396E-5,16.57691,0.013744571,0.2728643,0.0059786253,0.09741352,0.0073636454,0.2684089,0.013756458,0.79412216,0.0026812973,0.10255284,0.006156744,0.265147,0.012739425,null,null,null,null,"TWOGAUSSIANS",8,13.230017,0.2728543,0.005976179,0.4,0.0,0.25057375,0.0063142143,0.79412216,0.0026812973,0.4,0.0,0.24730799,0.007245677
375316653866487564,5959342748992831872,0.57798386,2258.0568138866893,1.4661920209597836,1.6122038E-5,17.7438,0.06176337,0.2867267,0.0035407213,0.10410419,0.029365467,0.17417416,0.057910133,0.781778,0.006131071,0.089794055,0.03338614,0.3005473,0.029515812,null,null,null,null,"TWOGAUSSIANS",8,2.1362052,0.781778,0.006131071,0.4,0.0,0.28564087,0.07663385,0.2867267,0.0035379173,0.4,0.0,0.15926434,0.0047425395
375316653866487564,5959342787679977472,0.5253612,2221.769563437702,2.905113240720889,4.3830718E-5,18.711182,0.026145633,0.33302382,0.006847882,0.070390746,0.01597565,0.18317446,0.018512763,0.839739,0.035649918,0.084340006,0.032403417,0.22053134,0.051649,null,null,null,null,"TWOGAUSSIANS",8,1.3801047,0.839739,0.035649918,0.4,0.10950735,0.21863776,0.050212875,0.33302382,0.006847882,0.3941882,0.08439562,0.1812809,0.01705524
375316653866487564,5959343230027530240,0.6093088,2292.7564076526523,2.009926408555439,1.4001682E-5,17.010416,0.011378825,0.312511,0.0041600093,0.07810367,0.0048558274,0.56362545,0.015765175,0.8155519,0.0031703713,0.0785571,0.0034240587,0.5388816,0.013773059,null,null,null,null,"TWOGAUSSIANS",8,16.659517,0.312511,0.0041600093,0.4,0.0,0.5572669,0.016478188,0.8155519,0.0031703713,0.4,0.0,0.5325231,0.0126888165
375316653866487564,5959343298748635264,0.5108276,2306.0285943066406,2.225117246946897,4.7588735E-5,17.5477,0.0080756005,0.15430297,0.02623192,0.023587633,0.037389092,0.034106806,0.022668138,0.5279263,0.007833135,0.12510079,0.014087609,0.13664982,0.012717194,null,null,null,null,"TWOGAUSSIANS",8,5.4017067,0.5279263,0.007833135,0.4,0.0,0.13655692,0.012715051,0.15492298,0.035847075,0.13209075,0.20937891,0.03560643,0.022180453
375316653866487564,5959343440515760384,0.49940407,2269.085931377104,2.366852330199132,2.6544707E-5,19.75963,0.023136038,0.21447673,0.0073523414,0.06885542,0.008224371,0.49969065,0.086430356,0.7256014,0.009794495,0.07931233,0.009912456,0.36744878,0.04749702,null,null,null,null,"TWOGAUSSIANS",8,3.729971,0.21447673,0.0073523414,0.38559034,0.04605648,0.49749196,0.086898685,0.7256014,0.009794495,0.4,0.0,0.36525008,0.047175717
375316653866487564,5959343955940548480,0.50821364,2237.438137030327,1.0699824255684773,9.109102E-5,18.0136,0.0051688235,0.24743971,0.0045410185,0.045952756,0.0052550593,0.104144976,0.013502529,0.74166465,0.0032529056,0.09032318,0.012225971,0.051045395,0.004023346,null,null,null,null,"TWOGAUSSIANS",8,1.5056614,0.24743971,0.0045410185,0.25733542,0.029428333,0.10402145,0.013485292,0.74166465,0.0032529056,0.4,0.0,0.050921846,0.0039435197
375316653866487564,5959343990271976832,0.5245937,2274.1664520319077,2.9754919481985036,1.5965476E-5,17.730986,0.026652945,0.31023625,0.009160586,0.08840132,0.017330147,0.20780551,0.027717356,0.81249374,0.0031664688,0.10095924,0.014272655,0.19481795,0.023712927,null,null,null,null,"TWOGAUSSIANS",8,3.906257,0.31023625,0.009168288,0.4,0.0,0.19592826,0.019394606,0.81249374,0.0031664688,0.4,0.0,0.18293889,0.010184989
375316653866487564,5959344196422259712,0.5992909,2236.4631200527156,4.217394406867727,1.2919544E-5,16.667923,0.014208824,0.20975965,0.006584979,0.07781632,0.007387121,0.4910441,0.028804518,0.7189648,0.0028285522,0.07192677,0.0041398033,0.5204771,0.029493434,null,null,null,null,"TWOGAUSSIANS",8,34.79613,0.7189648,0.0028285522,0.4,0.014968216,0.5173662,0.029591344,0.20975965,0.006584979,0.4,0.0,0.48793316,0.028962946
375316653866487564,5959344196422293376,0.4783816,2218.599327123451,0.5817001194945779,7.6277385E-5,19.59591,0.010956425,0.31135598,0.012604974,0.070611365,0.016221475,0.2322331,0.037042245,0.71258914,0.02532956,0.115153626,0.01939842,0.19582434,0.036064602,null,null,null,null,"TWOGAUSSIANS",8,1.6456442,0.31165597,0.0125319185,0.39542365,0.08425391,0.23044857,0.037396617,0.71258914,0.02532956,0.4,0.0,0.1935851,0.03492287
375316653866487564,5959344471298125056,0.4485354,2188.961301135529,4.490000831621812,5.9313472E-5,19.307917,0.036614288,0.2782231,0.010131065,0.082392484,0.026471362,0.15703982,0.03759797,0.7856801,0.027817555,0.06637584,0.06461833,0.13944888,0.037942123,null,null,null,null,"TWOGAUSSIANS",8,1.9794039,0.2782231,0.010127918,0.4,0.0,0.15615886,0.023829104,0.7856801,0.02782506,0.3717047,0.12054153,0.13856792,0.028817125
