Gaia/vari_eclipsing_binary/VariEclipsingBinary_462769-462784.csv
# %ECSV 1.0
# ---
# delimiter: ','
# meta: !!omap
# - RELEASE: Gaia DR3
# - TABLE: vari_eclipsing_binary
# - DESCRIPTION: >
#     This table describes the properties of the eclipsing binaries resulting from the variability analysis. 
# - CITATION: >
#     How to cite and acknowledge Gaia: 
#     https://gea.esac.esa.int/archive/documentation/credits.html 
# - KNOWN_ISSUES: >
#     Known issues: 
#     https://www.cosmos.esa.int/web/gaia-users/known-issues 
# - DOCUMENTATION: >
#     Tutorials and documentation: 
#     https://www.cosmos.esa.int/web/gaia-users/archive 
# datatype:
# - 
#   name: solution_id
#   datatype: int64
#   description: Solution Identifier
#   meta:
#     ucd: meta.version
# - 
#   name: source_id
#   datatype: int64
#   description: Unique source identifier
#   meta:
#     ucd: meta.id;meta.main
# - 
#   name: global_ranking
#   datatype: float32
#   description: Number between 0 (worst) and 1 (best)
#   meta:
#     ucd: stat.param
# - 
#   name: reference_time
#   datatype: float64
#   unit: d
#   description: Reference time used for the geometric model fit
#   meta:
#     ucd: time.epoch
# - 
#   name: frequency
#   datatype: float64
#   unit: d**-1
#   description: Frequency of geometric model of the eclipsing binary light curve
#   meta:
#     ucd: src.orbital
# - 
#   name: frequency_error
#   datatype: float32
#   unit: d**-1
#   description: "Uncertainty of \\texttt{frequency}"
#   meta:
#     ucd: stat.error
# - 
#   name: geom_model_reference_level
#   datatype: float32
#   unit: mag
#   description: Magnitude reference level of geometric model
#   meta:
#     ucd: phot.mag;em.opt
# - 
#   name: geom_model_reference_level_error
#   datatype: float32
#   unit: mag
#   description: "Uncertainty of \\texttt{geomModelReferenceLevel}"
#   meta:
#     ucd: stat.error;phot.mag;em.opt
# - 
#   name: geom_model_gaussian1_phase
#   datatype: float32
#   description: Phase of the Gaussian 1 component
#   meta:
#     ucd: time.phase
# - 
#   name: geom_model_gaussian1_phase_error
#   datatype: float32
#   description: "Uncertainty of \\texttt{geomModelGaussian1Phase}"
#   meta:
#     ucd: stat.error;time.phase
# - 
#   name: geom_model_gaussian1_sigma
#   datatype: float32
#   description: "Standard deviation [phase] of Gaussian 1 component"
#   meta:
#     ucd: stat.stdev
# - 
#   name: geom_model_gaussian1_sigma_error
#   datatype: float32
#   description: "Uncertainty of \\texttt{geomModelGaussian1Sigma}"
#   meta:
#     ucd: stat.error
# - 
#   name: geom_model_gaussian1_depth
#   datatype: float32
#   unit: mag
#   description: Magnitude depth of Gaussian 1 component
#   meta:
#     ucd: src.var.amplitude
# - 
#   name: geom_model_gaussian1_depth_error
#   datatype: float32
#   unit: mag
#   description: "Uncertainty of \\texttt{geomModelGaussian1Depth}"
#   meta:
#     ucd: stat.error;src.var.amplitude
# - 
#   name: geom_model_gaussian2_phase
#   datatype: float32
#   description: Phase of Gaussian 2 component
#   meta:
#     ucd: time.phase
# - 
#   name: geom_model_gaussian2_phase_error
#   datatype: float32
#   description: "Uncertainty of \\texttt{geomModelGaussian2Phase}"
#   meta:
#     ucd: stat.error;time.phase
# - 
#   name: geom_model_gaussian2_sigma
#   datatype: float32
[...]
#   datatype: float32
#   description: "Secondary eclipse: uncertainty of \\texttt{derivedSecondaryEclDuration}"
#   meta:
#     ucd: stat.error;time.duration
# - 
#   name: derived_secondary_ecl_depth
#   datatype: float32
#   unit: mag
#   description: "Secondary eclipse: depth"
#   meta:
#     ucd: src.var.amplitude
# - 
#   name: derived_secondary_ecl_depth_error
#   datatype: float32
#   unit: mag
#   description: "Secondary eclipse: uncertainty of \\texttt{derivedSecondaryEclDepth}"
#   meta:
#     ucd: stat.error;src.var.amplitude
solution_id,source_id,global_ranking,reference_time,frequency,frequency_error,geom_model_reference_level,geom_model_reference_level_error,geom_model_gaussian1_phase,geom_model_gaussian1_phase_error,geom_model_gaussian1_sigma,geom_model_gaussian1_sigma_error,geom_model_gaussian1_depth,geom_model_gaussian1_depth_error,geom_model_gaussian2_phase,geom_model_gaussian2_phase_error,geom_model_gaussian2_sigma,geom_model_gaussian2_sigma_error,geom_model_gaussian2_depth,geom_model_gaussian2_depth_error,geom_model_cosine_half_period_amplitude,geom_model_cosine_half_period_amplitude_error,geom_model_cosine_half_period_phase,geom_model_cosine_half_period_phase_error,model_type,num_model_parameters,reduced_chi2,derived_primary_ecl_phase,derived_primary_ecl_phase_error,derived_primary_ecl_duration,derived_primary_ecl_duration_error,derived_primary_ecl_depth,derived_primary_ecl_depth_error,derived_secondary_ecl_phase,derived_secondary_ecl_phase_error,derived_secondary_ecl_duration,derived_secondary_ecl_duration_error,derived_secondary_ecl_depth,derived_secondary_ecl_depth_error
375316653866487564,4070559347892104192,0.47880659,2321.7286465285133,1.2308861150656294,6.260529E-5,18.644733,0.46319756,0.32029793,0.038655344,0.13624802,0.05790622,0.39107636,0.38061532,0.8007422,0.011154,0.1644122,0.10913361,0.36314514,0.44760236,null,null,null,null,"TWOGAUSSIANS",8,4.629258,0.32257792,0.0354263,0.4,0.0,0.23134165,0.044795774,0.8007422,0.011154,0.4,0.0,0.19687037,0.018502148
375316653866487564,4070559554051229696,0.46504283,2270.8193862208627,1.092080148873378,9.7567485E-5,19.382605,0.02756755,0.4523341,0.014627759,0.10695102,0.02043988,0.32811666,0.13680825,0.78825605,0.057199713,0.06098771,0.052193165,0.15985887,0.31457743,null,null,null,null,"TWOGAUSSIANS",8,3.6367028,0.4523341,0.014627759,0.4,0.0,0.32792076,0.13679823,0.78825605,0.057199713,0.3415312,0.2899794,0.16202788,0.3224113
375316653866487564,4070559622770382464,0.5256968,2324.273592405538,0.8220089771595175,1.3018675E-5,19.566109,0.0054553114,0.29216775,0.0028207004,0.022870556,0.0014825361,1.0915039,0.317394,0.81054485,0.02635181,0.031490996,0.02766185,0.1322731,1.7344517,null,null,null,null,"TWOGAUSSIANS",8,0.8026454,0.29216775,0.0028207004,0.12807511,0.008302202,1.0915039,0.317394,0.81054485,0.02635181,0.17634958,0.15490636,0.1322731,1.7344517
375316653866487564,4070559932007809536,0.49661642,2322.397174080523,2.042227041114841,1.47112405E-5,18.760986,0.00683228,null,null,null,null,null,null,null,null,null,null,null,null,0.12246587,0.010675936,0.25769213,0.0037708613,"ELLIPSOIDAL",4,4.9622927,null,null,null,null,null,null,null,null,null,null,null,null
375316653866487564,4070560206886167680,0.5045938,2249.1806810659023,2.124909161414559,4.670156E-5,18.888668,0.0058820774,0.34276554,0.019698355,0.021599958,0.009580121,0.30136126,0.17548336,0.4668894,0.02712116,0.045085896,0.02353919,0.039662957,0.014979044,null,null,null,null,"TWOGAUSSIANS",8,3.0911756,0.34285554,0.019570557,0.12095976,0.05364868,0.3022601,0.17418756,0.4668894,0.02712116,0.252481,0.13181946,0.039662976,0.015054536
375316653866487564,4070560619211825536,0.52430487,2325.440379442187,2.3877231260200866,1.669393E-5,18.979774,0.024783349,0.23234922,0.01057605,0.086184,0.022316646,0.29169476,0.022499448,0.72329015,0.005274069,0.08692256,0.010074006,0.27184734,0.024711063,null,null,null,null,"TWOGAUSSIANS",8,2.5382123,0.23234922,0.01057605,0.4,0.0,0.2842352,0.02652386,0.72329015,0.005274069,0.4,0.0,0.26438776,0.016186578
375316653866487564,4070560683626843648,0.47582194,2332.7740060443334,2.0918423309847443,4.45729E-5,17.236244,0.008436919,0.19659573,0.012683903,0.023532275,0.018519111,0.18714644,1.8587468,0.73707616,0.009110478,0.063945994,0.013422505,0.09377426,0.034616094,0.03426263,0.012522403,0.73707616,0.009110478,"TWOGAUSSIANS_WITH_ELLIPSOIDAL_ON_ECLIPSE2",9,26.28521,0.19720572,0.0132899415,0.13178074,0.103707016,0.25135326,1.8605522,0.73707616,0.009110478,0.35809755,0.072465606,0.16225518,0.026549332
375316653866487564,4070560791002819200,0.5951881,2369.2405856795717,2.3778341177777813,1.2358714E-5,17.912895,0.0042198454,0.3362585,0.0075666793,0.0567848,0.004860665,0.4753528,0.065182656,0.8339696,0.003577851,0.06269916,0.0050476757,0.15296641,0.0071035926,null,null,null,null,"TWOGAUSSIANS",8,2.527501,0.3362585,0.0075666793,0.3179949,0.027219726,0.47527748,0.06518747,0.8339696,0.003577851,0.35111532,0.028266983,0.1528911,0.007084129
375316653866487564,4070560894081393408,0.4930753,2366.845490184109,2.785975997483239,1.5120866E-5,19.716581,0.02833781,0.28211424,0.0023486724,0.04513998,0.004806948,0.6219338,0.108142905,0.7457687,0.027270636,0.069622114,0.02237081,0.5151663,0.12309116,null,null,null,null,"TWOGAUSSIANS",8,8.394682,0.28211424,0.0023486724,0.2527839,0.026918909,0.6219142,0.10819108,0.7457687,0.027270636,0.38988385,0.06697916,0.51514673,0.12322759
375316653866487564,4070560958504798592,0.45035803,2292.3998894036695,0.05198506125897088,1.768074E-5,18.002226,0.0057406505,0.1840836,0.007343833,0.02570127,0.018904377,0.31014702,0.31871396,0.64376116,0.006655105,0.009548637,0.018002488,0.20365874,0.19429944,0.070945606,0.025374768,0.1840836,0.007343833,"TWOGAUSSIANS_WITH_ELLIPSOIDAL_ON_ECLIPSE1",9,9.66178,0.1840836,0.007343833,0.14392711,0.10586452,0.4520381,0.3203899,0.6439512,0.009066303,0.053472366,0.10081393,0.33667704,0.22784984
375316653866487564,4070561684354740992,0.46229258,2354.6061244720736,1.6249527415359561,2.5602829E-5,19.325167,0.035592742,0.22299564,0.021009004,0.07969775,0.019804103,0.18558428,0.041048944,0.7623127,0.023040086,0.11001978,0.030389363,0.21991172,0.0743132,null,null,null,null,"TWOGAUSSIANS",8,3.1817238,0.7623127,0.023040086,0.4,0.0,0.21280335,0.073080316,0.22295564,0.020973897,0.4,0.04856667,0.17851152,0.031475075
375316653866487564,4070562161095801344,0.6679786,2309.304343607685,1.425808673562348,5.142429E-5,14.935916,0.0018240489,0.27943215,0.02118597,0.05193491,0.027997345,0.51540184,7.0232067,0.94730115,0.018277355,0.021793906,0.028424643,0.010182496,3613.0444,0.0034145878,0.0034617318,0.27943215,0.02118597,"TWOGAUSSIANS_WITH_ELLIPSOIDAL_ON_ECLIPSE1",9,22.176088,0.27943215,0.02118597,0.2908355,0.15678513,0.52222633,7.023094,0.94730115,0.018277355,0.122045875,0.159178,0.011840656,3613.0444
375316653866487564,4070562302941403776,0.5377409,2337.851607411276,0.5364353492952351,3.0158377E-5,18.670012,0.007994048,0.8869038,0.0051448387,0.013204193,0.007635442,0.05428305,0.2714909,0.76024,0.0025825729,0.013970717,0.008244302,1.6101283,251.41847,0.025605148,0.009125335,0.76024,0.0025825729,"TWOGAUSSIANS_WITH_ELLIPSOIDAL_ON_ECLIPSE2",9,8.413012,0.76024,0.0025825729,0.07823601,0.046168093,1.6613384,251.41765,0.88586384,0.006621605,0.07394348,0.042758476,0.07951925,0.27675408
375316653866487564,4070562371549642240,0.49672872,2275.8755444521357,2.348043856285056,7.950205E-5,17.17754,0.090317346,0.22067113,0.04823539,0.07739891,0.06411273,0.18141933,0.084471,0.71562195,0.022455366,0.1073597,0.06269323,0.12983888,0.08739695,null,null,null,null,"TWOGAUSSIANS",8,12.147435,0.22067113,0.048275862,0.4,0.16438438,0.1744508,0.06496046,0.71562195,0.022455366,0.4,0.0,0.122865185,0.015184231
375316653866487564,4070562371549649920,0.45192394,2279.4348092451514,0.08792674332263731,9.7273885E-5,18.163944,0.012952791,0.27954042,0.015921088,0.10394447,0.039337043,0.075193904,0.018367749,0.73921365,0.055262994,0.104702234,0.026194507,0.08314752,0.015353804,null,null,null,null,"TWOGAUSSIANS",8,3.0723708,0.73921365,0.055262994,0.4,0.0,0.077621125,0.014875921,0.2795704,0.015854347,0.4,0.0,0.06966872,0.018266903
375316653866487564,4070562509005313792,0.54089624,2346.050165572139,1.3493263393221386,2.3523331E-5,18.878094,0.039900802,0.29562876,0.027630292,0.11550137,0.030459179,0.24342726,0.042594485,0.7821477,0.0056323814,0.08969333,0.012357403,0.32958227,0.0372717,null,null,null,null,"TWOGAUSSIANS",8,3.066258,0.7821477,0.0056323814,0.4,0.0,0.30571765,0.01782963,0.29562876,0.027630292,0.4,0.0,0.21951617,0.022113226
375316653866487564,4070562715147568768,0.5394864,2357.4358981363134,3.998008235386666,5.827301E-6,18.585196,0.010003741,0.10742662,0.002987368,0.071303144,0.006463587,0.35045293,0.03141387,0.6024876,0.0063429237,0.08182636,0.0068239905,0.31855807,0.03303357,null,null,null,null,"TWOGAUSSIANS",8,2.0175257,0.10742662,0.002987368,0.3992976,0.021797724,0.3475611,0.03226565,0.6024876,0.0063429237,0.4,0.0,0.3156662,0.033658136
375316653866487564,4070562783867426816,0.51316005,2323.706395548598,1.041106330199863,8.962964E-6,18.388243,0.0039855423,null,null,null,null,null,null,null,null,null,null,null,null,0.0838196,0.0055947374,0.1955014,0.0041535706,"ELLIPSOIDAL",4,2.8377924,null,null,null,null,null,null,null,null,null,null,null,null
375316653866487564,4070563952209215872,0.5669247,2295.132270910897,2.2971198794301007,7.881619E-6,16.902159,0.023649184,0.2576226,0.0036420787,0.09717237,0.0105811,0.2293685,0.02189192,0.75694376,0.004564753,0.1077394,0.010868946,0.26669848,0.020757586,null,null,null,null,"TWOGAUSSIANS",8,10.347445,0.75694376,0.004564753,0.4,0.0,0.2416378,0.010336218,0.2576226,0.0036446555,0.4,0.0,0.20431823,0.0069377325
375316653866487564,4070564394478739072,0.6411892,2334.9615749752797,0.8546791189401517,3.0565865E-5,15.199999,0.0013191069,0.15618896,8.493616E-4,0.02950357,0.0010964054,0.24062344,0.0028375702,0.6479294,0.008476172,0.032015827,0.004275724,0.28554937,0.04413114,null,null,null,null,"TWOGAUSSIANS",8,11.974566,0.6479294,0.008476172,0.17928863,0.023944054,0.28554937,0.04413114,0.15618896,8.493616E-4,0.16521999,0.0061398703,0.24062344,0.0028375702
375316653866487564,4070564398794536576,0.5319935,2351.8635760825923,2.4193134287400695,3.5275818E-5,19.724714,0.013759952,0.26256853,0.016236901,0.06681832,0.009007932,0.5150776,0.035870794,0.7746329,0.0047997595,0.07403832,0.0054087155,0.60264456,0.041114096,null,null,null,null,"TWOGAUSSIANS",8,1.7872455,0.7746329,0.0047997595,0.4,0.0028002043,0.6011363,0.041388735,0.26256853,0.016236901,0.3741826,0.05044442,0.51356936,0.035133198
375316653866487564,4070564776733671168,0.4873797,2327.2475857795057,0.0744732606888868,4.3645094E-5,19.750843,0.02035274,0.2390993,0.015584582,0.110798605,0.021096667,0.13059929,0.026792333,0.6228919,0.006463436,0.07398524,0.008907576,0.25654966,0.019986901,null,null,null,null,"TWOGAUSSIANS",8,0.9120166,0.6228919,0.006463436,0.4,0.0151367765,0.25559998,0.019510517,0.2390993,0.015581376,0.4,0.0,0.12932596,0.026184915
375316653866487564,4070564948540568960,0.5085823,2327.003295418427,0.7399384511303985,1.6137907E-5,18.348759,0.027763035,0.24328238,0.009849827,0.097037405,0.03155771,0.11705176,0.028662728,0.73697037,0.0033503831,0.08069388,0.01188051,0.22995259,0.023622992,null,null,null,null,"TWOGAUSSIANS",8,4.001102,0.73697037,0.0033503831,0.4,0.0,0.22454596,0.015324806,0.24328238,0.009849827,0.4,0.0,0.111644715,0.02453163
375316653866487564,4070565154691083776,0.5372103,2300.011814888054,0.4455124458419962,4.584244E-5,18.493685,0.006792101,0.19591117,0.015723879,0.020349244,0.018700274,0.21761222,9.00221,0.7501701,5.2517565E-4,0.007400945,9.5621776E-4,0.28044784,0.007352849,0.026366638,0.0093894815,0.19591117,0.015723879,"TWOGAUSSIANS_WITH_ELLIPSOIDAL_ON_ECLIPSE1",9,3.5729752,0.7501701,5.2517565E-4,0.04144529,0.0053548194,0.32728595,0.01415892,0.19591117,0.015723879,0.113955766,0.10472153,0.2703455,9.003332
375316653866487564,4070565773165016576,0.4727129,2325.070264147284,0.07892142088729863,1.7627142E-5,19.449482,0.023179391,0.16940765,0.009149396,0.04917969,0.010673459,0.35199162,0.053676438,0.6057476,0.04740269,0.12715581,0.05936261,0.15349765,0.053931184,null,null,null,null,"TWOGAUSSIANS",8,3.183568,0.16948764,0.009299957,0.27540627,0.05977137,0.35037738,0.054098703,0.6057476,0.04740269,0.4,0.0,0.151449,0.055273607
375316653866487564,4070566219842076800,0.50757945,2328.5098453747614,1.087886013372334,4.3026183E-5,19.264189,0.01363545,0.16402157,0.0071617384,0.061115332,0.0075082527,0.35852015,0.06597547,0.68599087,0.02821851,0.050362147,0.017194817,0.28845128,0.014643443,null,null,null,null,"TWOGAUSSIANS",8,2.5479414,0.16402157,0.0071617384,0.34224585,0.042046215,0.35850894,0.06598485,0.68599087,0.02821851,0.28202802,0.09629097,0.28844008,0.014644187
375316653866487564,4070566460359974144,0.5437085,2343.0432359066963,2.966125647138518,2.6063153E-5,18.453804,0.03529574,0.26676527,0.0051934444,0.102300234,0.016107557,0.22330777,0.031988937,0.7792534,0.0063765734,0.105141446,0.014183675,0.2545965,0.03423035,null,null,null,null,"TWOGAUSSIANS",8,2.0232594,0.7792534,0.006383532,0.4,0.0,0.23204145,0.018709362,0.26675525,0.0051901294,0.4,0.0,0.20075653,0.014546579
375316653866487564,4070567216275412352,0.4786917,2401.3759302110097,1.946862917894371,4.0295377E-5,19.506718,0.025448227,0.22690655,0.00901165,0.037280418,0.006617388,0.29519698,0.037120152,0.78872573,0.012693691,0.08007996,0.012251046,0.32040304,0.057577997,null,null,null,null,"TWOGAUSSIANS",8,1.399751,0.78872573,0.012693691,0.4,0.0,0.3203969,0.05757159,0.22690655,0.00901165,0.20877035,0.037057374,0.29519093,0.03710252
375316653866487564,4070567662951662336,0.5431578,2329.349801800442,2.483447151680253,1.9028652E-5,19.170763,0.0109607745,0.7651532,0.0057792543,0.029767966,0.020365281,0.17483056,8.423006,null,null,null,null,null,null,0.1388865,0.01474374,0.7651532,0.0057792543,"ONEGAUSSIAN_WITH_ELLIPSOIDAL",6,3.1297834,0.7651532,0.0057792543,0.16670062,0.114045575,0.45260334,8.419839,null,null,null,null,null,null
375316653866487564,4070568040917711360,0.54818434,2356.864618755344,2.082530510459144,2.761188E-5,19.522505,0.0217468,0.32671705,0.0043946407,0.088948175,0.0069071404,0.4313945,0.023307052,0.8363626,0.0018205666,0.07884375,0.0080345655,0.387071,0.02333263,null,null,null,null,"TWOGAUSSIANS",8,2.3409667,0.32671705,0.0043946407,0.4,0.0,0.42327216,0.020828899,0.8363626,0.0018205666,0.4,0.0,0.3789488,0.023309538
375316653866487564,4070568453220515456,0.4841803,2375.2585337464,3.5924708658610744,2.2251672E-5,18.840391,0.00945042,0.22720616,0.0021832313,0.027644124,0.004548124,0.12358598,0.015160791,0.69270337,0.06009686,0.06476364,0.0335035,0.14463355,0.09845361,null,null,null,null,"TWOGAUSSIANS",8,1.3159084,0.69270337,0.06009686,0.36267638,0.078021556,0.14463353,0.09847382,0.22720616,0.0021832313,0.15480709,0.025469495,0.12358597,0.015156723
375316653866487564,4070568552006872960,0.6337674,2248.9168073280443,0.3926728518468571,3.807203E-5,17.646772,0.0047343792,0.26908484,0.0053386046,0.03500344,0.004641187,1.172824,0.43096918,0.758561,0.0053989305,0.038500663,0.0053058737,0.16704693,0.017181015,null,null,null,null,"TWOGAUSSIANS",8,7.081791,0.26908484,0.0053386046,0.19601926,0.025990646,1.172824,0.43096918,0.758561,0.0053989305,0.21560372,0.029712891,0.16704693,0.017181015
375316653866487564,4070568625134910464,0.4432914,2280.097223960293,2.342922060754465,2.1102585E-5,19.897,0.04189922,0.096148565,0.014450099,0.08528829,0.031609073,0.14519724,0.04464561,0.78127795,0.0060022143,0.067807555,0.011374038,0.44511622,0.037597943,null,null,null,null,"TWOGAUSSIANS",8,5.5277786,0.781348,0.005925588,0.37972233,0.06369461,0.4452548,0.037842434,0.09611856,0.014462569,0.4,0.03774421,0.14518552,0.044645306
375316653866487564,4070569037350940416,0.4616227,2282.097239301669,2.2746478281349325,7.457492E-5,18.55285,0.0052259197,0.42397687,0.028169185,0.07232582,0.027963966,0.014835345,0.016858289,0.5906104,1.8910252E-4,0.0049837786,3.6919126E-4,0.17833409,0.0029749486,null,null,null,null,"TWOGAUSSIANS",8,2.7912383,0.5906104,1.8910252E-4,0.02790916,0.002067471,0.179378,0.004434198,0.42397687,0.028169185,0.4,0.089113936,0.014835345,0.016858289
375316653866487564,4070569411003385216,0.57213485,2273.9632654402944,1.027519186172826,1.0162028E-5,16.96191,0.020241607,0.2665066,0.004672418,0.10074158,0.007836155,0.26022622,0.021260658,0.75765187,0.00336356,0.11828938,0.014279725,0.20429245,0.016915562,null,null,null,null,"TWOGAUSSIANS",8,3.5762923,0.2665266,0.004658499,0.4,0.0,0.22978644,0.006745296,0.75765187,0.00336356,0.4,0.0,0.17379874,0.0061218874
375316653866487564,4070569930689779968,0.46311668,2279.0309750249844,3.841964751980911,6.295334E-5,19.738026,0.068469435,0.32810622,0.0122969495,0.08136801,0.01600967,0.5670903,0.08120468,0.054778945,0.033148788,0.06766863,0.02935138,0.219346,0.06658962,null,null,null,null,"TWOGAUSSIANS",8,4.5791507,0.3280662,0.012323889,0.4,9.287116E-4,0.56714815,0.081335194,0.05663894,0.03281265,0.37894434,0.12521484,0.22142895,0.06688653
375316653866487564,4070570274402749952,0.589975,2269.0354425714304,1.1526384380715484,9.82873E-6,15.309916,0.011764572,0.3114408,0.006191576,0.10058503,0.01277576,0.15334205,0.011146754,0.8287463,0.0030022995,0.09775964,0.010452412,0.10347334,0.011045798,null,null,null,null,"TWOGAUSSIANS",8,6.6275682,0.3114408,0.0061997054,0.4,0.0,0.14494568,0.01151876,0.82875633,0.0030042517,0.4,0.0,0.09507818,0.005174504
