Gaia/vari_eclipsing_binary/VariEclipsingBinary_472625-472665.csv
# %ECSV 1.0
# ---
# delimiter: ','
# meta: !!omap
# - RELEASE: Gaia DR3
# - TABLE: vari_eclipsing_binary
# - DESCRIPTION: >
#     This table describes the properties of the eclipsing binaries resulting from the variability analysis. 
# - CITATION: >
#     How to cite and acknowledge Gaia: 
#     https://gea.esac.esa.int/archive/documentation/credits.html 
# - KNOWN_ISSUES: >
#     Known issues: 
#     https://www.cosmos.esa.int/web/gaia-users/known-issues 
# - DOCUMENTATION: >
#     Tutorials and documentation: 
#     https://www.cosmos.esa.int/web/gaia-users/archive 
# datatype:
# - 
#   name: solution_id
#   datatype: int64
#   description: Solution Identifier
#   meta:
#     ucd: meta.version
# - 
#   name: source_id
#   datatype: int64
#   description: Unique source identifier
#   meta:
#     ucd: meta.id;meta.main
# - 
#   name: global_ranking
#   datatype: float32
#   description: Number between 0 (worst) and 1 (best)
#   meta:
#     ucd: stat.param
# - 
#   name: reference_time
#   datatype: float64
#   unit: d
#   description: Reference time used for the geometric model fit
#   meta:
#     ucd: time.epoch
# - 
#   name: frequency
#   datatype: float64
#   unit: d**-1
#   description: Frequency of geometric model of the eclipsing binary light curve
#   meta:
#     ucd: src.orbital
# - 
#   name: frequency_error
#   datatype: float32
#   unit: d**-1
#   description: "Uncertainty of \\texttt{frequency}"
#   meta:
#     ucd: stat.error
# - 
#   name: geom_model_reference_level
#   datatype: float32
#   unit: mag
#   description: Magnitude reference level of geometric model
#   meta:
#     ucd: phot.mag;em.opt
# - 
#   name: geom_model_reference_level_error
#   datatype: float32
#   unit: mag
#   description: "Uncertainty of \\texttt{geomModelReferenceLevel}"
#   meta:
#     ucd: stat.error;phot.mag;em.opt
# - 
#   name: geom_model_gaussian1_phase
#   datatype: float32
#   description: Phase of the Gaussian 1 component
#   meta:
#     ucd: time.phase
# - 
#   name: geom_model_gaussian1_phase_error
#   datatype: float32
#   description: "Uncertainty of \\texttt{geomModelGaussian1Phase}"
#   meta:
#     ucd: stat.error;time.phase
# - 
#   name: geom_model_gaussian1_sigma
#   datatype: float32
#   description: "Standard deviation [phase] of Gaussian 1 component"
#   meta:
#     ucd: stat.stdev
# - 
#   name: geom_model_gaussian1_sigma_error
#   datatype: float32
#   description: "Uncertainty of \\texttt{geomModelGaussian1Sigma}"
#   meta:
#     ucd: stat.error
# - 
#   name: geom_model_gaussian1_depth
#   datatype: float32
#   unit: mag
#   description: Magnitude depth of Gaussian 1 component
#   meta:
#     ucd: src.var.amplitude
# - 
#   name: geom_model_gaussian1_depth_error
#   datatype: float32
#   unit: mag
#   description: "Uncertainty of \\texttt{geomModelGaussian1Depth}"
#   meta:
#     ucd: stat.error;src.var.amplitude
# - 
#   name: geom_model_gaussian2_phase
#   datatype: float32
#   description: Phase of Gaussian 2 component
#   meta:
#     ucd: time.phase
# - 
#   name: geom_model_gaussian2_phase_error
#   datatype: float32
#   description: "Uncertainty of \\texttt{geomModelGaussian2Phase}"
#   meta:
#     ucd: stat.error;time.phase
# - 
#   name: geom_model_gaussian2_sigma
#   datatype: float32
[...]
#   datatype: float32
#   description: "Secondary eclipse: uncertainty of \\texttt{derivedSecondaryEclDuration}"
#   meta:
#     ucd: stat.error;time.duration
# - 
#   name: derived_secondary_ecl_depth
#   datatype: float32
#   unit: mag
#   description: "Secondary eclipse: depth"
#   meta:
#     ucd: src.var.amplitude
# - 
#   name: derived_secondary_ecl_depth_error
#   datatype: float32
#   unit: mag
#   description: "Secondary eclipse: uncertainty of \\texttt{derivedSecondaryEclDepth}"
#   meta:
#     ucd: stat.error;src.var.amplitude
solution_id,source_id,global_ranking,reference_time,frequency,frequency_error,geom_model_reference_level,geom_model_reference_level_error,geom_model_gaussian1_phase,geom_model_gaussian1_phase_error,geom_model_gaussian1_sigma,geom_model_gaussian1_sigma_error,geom_model_gaussian1_depth,geom_model_gaussian1_depth_error,geom_model_gaussian2_phase,geom_model_gaussian2_phase_error,geom_model_gaussian2_sigma,geom_model_gaussian2_sigma_error,geom_model_gaussian2_depth,geom_model_gaussian2_depth_error,geom_model_cosine_half_period_amplitude,geom_model_cosine_half_period_amplitude_error,geom_model_cosine_half_period_phase,geom_model_cosine_half_period_phase_error,model_type,num_model_parameters,reduced_chi2,derived_primary_ecl_phase,derived_primary_ecl_phase_error,derived_primary_ecl_duration,derived_primary_ecl_duration_error,derived_primary_ecl_depth,derived_primary_ecl_depth_error,derived_secondary_ecl_phase,derived_secondary_ecl_phase_error,derived_secondary_ecl_duration,derived_secondary_ecl_duration_error,derived_secondary_ecl_depth,derived_secondary_ecl_depth_error
[from data line 412]
375316653866487564,4157603594674459776,0.46559447,2258.239825862529,3.933605915247783,5.5349334E-5,19.236835,0.014710139,0.27745438,0.0059620813,0.020941421,0.014293448,0.17265175,0.09653149,0.59708536,0.009093558,0.10389197,0.007850066,0.32297376,0.029162874,null,null,null,null,"TWOGAUSSIANS",8,7.101901,0.59708536,0.009093558,0.4,0.0,0.32296774,0.029161518,0.27767438,0.0055949506,0.11727197,0.08004331,0.17549796,0.09664163
375316653866487564,4157604006991406080,0.44553596,2257.0925422554,1.2221935256190257,2.5710511E-5,19.726341,0.121802524,0.13949633,0.020205176,0.083331585,0.063915506,0.11594693,0.12053666,0.5741337,0.012352891,0.054491397,0.027928831,0.23638915,0.11662461,null,null,null,null,"TWOGAUSSIANS",8,4.9379582,0.5741337,0.012352891,0.30515182,0.095475405,0.23632322,0.09636641,0.13949633,0.020205176,0.4,0.0,0.115880854,0.09751549
375316653866487564,4157604281869705472,0.45800892,2283.48335197388,3.4788995547382804,6.43959E-5,19.416708,0.048601877,0.23909207,0.019834327,0.066642106,0.039207462,0.45577276,0.14891776,0.7591804,0.012850464,0.091928825,0.017182361,0.34689856,0.05056752,null,null,null,null,"TWOGAUSSIANS",8,10.295959,0.23909207,0.019834327,0.37319577,0.086317584,0.452244,0.17571376,0.7591804,0.012850464,0.4,0.0,0.34336936,0.037083898
375316653866487564,4157604316229413248,0.51632917,2280.542846740453,2.7329171616536185,2.5262261E-5,19.210382,0.023801435,0.26527244,0.008340194,0.07345915,0.016583882,0.28779435,0.05289517,0.7725216,0.0052008834,0.09524663,0.012817397,0.20925385,0.021883149,null,null,null,null,"TWOGAUSSIANS",8,1.2533245,0.26527244,0.008340194,0.4,0.004018598,0.28262934,0.05603774,0.7725216,0.0052008834,0.4,0.0,0.20408837,0.017245015
375316653866487564,4157604556748015872,0.61592484,2239.325045505125,1.5550391723430677,1.2382867E-5,16.418379,0.024615051,0.24499398,0.005845135,0.035087917,0.038135532,0.15104482,0.048770208,0.74256563,0.020293197,0.04391581,0.016134912,0.1470834,0.0643567,0.12769282,0.025987208,0.24499398,0.005845135,"TWOGAUSSIANS_WITH_ELLIPSOIDAL_ON_ECLIPSE1",9,17.336828,0.24499398,0.005845135,0.19649234,0.20619991,0.40643045,0.019231522,0.74307567,0.019010799,0.24592853,0.09035551,0.402422,0.04810903
375316653866487564,4157605553183265024,0.5475396,2231.5084432073545,2.1615523666439658,1.84784E-5,18.501787,0.017529406,0.24473771,0.00599507,0.07207356,0.010928597,0.36500075,0.037405964,0.7414303,0.0040694694,0.06385822,0.0047109444,0.70309967,0.07404738,null,null,null,null,"TWOGAUSSIANS",8,10.615488,0.7414303,0.0040694694,0.35760602,0.02638129,0.7020601,0.074188806,0.24473771,0.00599507,0.4,0.042492986,0.3639612,0.037772007
375316653866487564,4157607030669338624,0.57050014,2229.4199974184735,3.7896363009483736,1.2394838E-5,18.351707,0.013360178,0.23466639,0.014390879,0.07751338,0.013187355,0.49894226,0.022464411,0.72597486,0.0029179384,0.07773506,0.0049292636,0.5074023,0.020435557,null,null,null,null,"TWOGAUSSIANS",8,8.685298,0.72597486,0.0029179384,0.4,0.0,0.50271004,0.019303927,0.23466639,0.014390879,0.4,0.010618444,0.49425,0.020494882
375316653866487564,4157607442964303360,0.55512154,2230.906919651397,2.0193327836013224,1.5331676E-5,19.786491,0.0128929075,0.23927467,0.008930674,0.055077374,0.008401894,0.7747324,0.15850827,0.7465765,0.0024358884,0.06243621,0.00606884,0.36378998,0.04359053,null,null,null,null,"TWOGAUSSIANS",8,1.3351462,0.23927467,0.008930674,0.3084333,0.047050606,0.77463996,0.1586456,0.7465765,0.0024358884,0.34964278,0.033985507,0.36369756,0.04363638
375316653866487564,4157607649120897536,0.46727422,2247.5615676529387,1.3555127135258531,3.172901E-5,18.041252,0.011816088,0.3016097,0.0109769385,0.076758474,0.0099348035,0.17082377,0.037469465,0.81294256,0.015213394,0.06549138,0.025782129,0.10535878,0.029191105,null,null,null,null,"TWOGAUSSIANS",8,7.8755016,0.3016097,0.0109769385,0.4,0.0,0.17039779,0.03731501,0.81294256,0.015213394,0.3667517,0.081250414,0.1049328,0.02985584
375316653866487564,4157608091482926336,0.4554066,2253.1141494064336,4.015541226883198,4.724581E-5,18.276712,0.006629538,0.16616707,0.030597512,0.025818296,0.021143574,0.1606768,0.021736523,0.60596365,0.0538084,0.08619048,0.020486517,0.043678526,0.018282391,null,null,null,null,"TWOGAUSSIANS",8,2.86797,0.16616707,0.030597512,0.14458247,0.118404016,0.16067654,0.021818055,0.60596365,0.0538084,0.4,0.001662549,0.04367816,0.018269904
375316653866487564,4157608164517215360,0.54462224,2270.528939880215,1.683419644837769,3.2351396E-5,19.502722,0.0143343285,0.23206688,0.006870223,0.076707184,0.008437117,0.4571983,0.01945505,0.74787205,0.018264921,0.0784113,0.019829456,0.47020456,0.10076806,null,null,null,null,"TWOGAUSSIANS",8,2.6172252,0.74787205,0.018264921,0.4,0.055027116,0.46652076,0.10247699,0.23206688,0.006870223,0.4,0.0,0.4535145,0.019347658
375316653866487564,4157608194562172416,0.6389371,2254.134097948388,1.5546206878433144,4.459696E-6,18.701572,0.009934424,0.77618164,0.0011648118,0.044274185,0.0037555813,0.31050906,0.022677546,null,null,null,null,null,null,0.16498516,0.013383123,0.77618164,0.0011648118,"ONEGAUSSIAN_WITH_ELLIPSOIDAL",6,1.6038285,0.77618164,0.0011648118,0.24793544,0.021031257,0.640479,0.010131725,null,null,null,null,null,null
375316653866487564,4157608782993361280,0.48283884,2232.5212369051933,0.11863744986511277,2.8523782E-5,19.671824,0.054876607,0.25529596,0.0050088386,0.050618265,0.017225778,0.32621226,0.06588663,0.6962673,0.02592631,0.08205359,0.027041387,0.2215202,0.06622916,null,null,null,null,"TWOGAUSSIANS",8,4.449096,0.25529596,0.0050088386,0.2834623,0.09646435,0.32614312,0.065534115,0.6962673,0.02592631,0.4,0.051345177,0.22145092,0.06567386
375316653866487564,4157609057871820800,0.58056825,2226.792756652479,4.0026577237389125,1.8346918E-5,16.732634,0.018430216,0.24500543,0.0020664225,0.046451017,0.0030694653,0.591805,0.061858572,0.74579906,0.0032819442,0.037029788,0.017094497,0.45003623,0.6996371,0.12095905,0.021649443,0.24500543,0.0020664225,"TWOGAUSSIANS_WITH_ELLIPSOIDAL_ON_ECLIPSE1",9,37.345196,0.24500543,0.0020664225,0.2601257,0.017189005,0.8337228,0.04169585,0.74579906,0.003262713,0.20736681,0.09572918,0.691948,0.72104263
375316653866487564,4157609332749092096,0.45641533,2313.436544963639,1.193452199050938,1.4778805E-5,19.381071,0.07114083,0.16010764,0.043817326,0.13174598,0.035764337,0.25842312,0.09614969,0.5962333,0.0081648175,0.05230762,0.013780554,0.33274654,0.08441004,null,null,null,null,"TWOGAUSSIANS",8,6.624122,0.5962333,0.0081648175,0.29292268,0.0771711,0.3292989,0.07881716,0.16010764,0.043817326,0.4,0.0,0.25387,0.090020955
375316653866487564,4157609431512987904,0.5695434,2226.2197507329984,2.070136245938748,1.2142411E-5,17.923006,0.016649619,0.17289953,0.017746184,0.06905615,0.02335125,0.12416188,0.0123009365,0.6646744,0.0036866753,0.09403355,0.007043627,0.2698221,0.017527355,null,null,null,null,"TWOGAUSSIANS",8,3.8539996,0.6646744,0.0036866753,0.4,0.0,0.26684162,0.014372257,0.17289953,0.017746184,0.3867145,0.11201563,0.12118187,0.0102987075
375316653866487564,4157610672801769088,0.5859412,2220.5865503936698,0.9088108519984042,1.3964467E-5,17.30471,0.021565806,0.15974735,0.065915056,0.06347471,0.039011918,0.57091355,0.39052704,0.6429746,0.0022574035,0.054120313,0.005310102,0.4561495,0.04457254,null,null,null,null,"TWOGAUSSIANS",8,25.200502,0.15974735,0.065915056,0.35545838,0.10899893,0.5708478,0.39059883,0.6429746,0.0022574035,0.30307376,0.02973657,0.4560837,0.044350974
375316653866487564,4157611012066544256,0.58697397,2215.1109295985293,2.4194758285026037,1.0120562E-5,17.734432,0.01029186,0.18733564,0.004199851,0.089530885,0.0057282257,0.309951,0.012024963,0.676914,0.0030971738,0.086781755,0.0041392813,0.3281709,0.015065435,null,null,null,null,"TWOGAUSSIANS",8,3.9186954,0.676914,0.0030971738,0.4,0.0,0.31852064,0.013803541,0.18733564,0.004199851,0.4,0.0,0.30030066,0.01007638
375316653866487564,4157612386456163072,0.5095812,2246.726277586541,0.4421600965250477,2.378755E-4,18.438578,0.0041237897,0.42620522,0.017064424,0.03415058,0.00596244,0.44291148,0.18506396,0.7392122,0.013231586,0.034075744,0.0067408015,0.16043246,0.00809269,null,null,null,null,"TWOGAUSSIANS",8,2.255978,0.42620522,0.017064424,0.19124326,0.033389665,0.44291148,0.18506396,0.7392122,0.013231586,0.19082417,0.03774849,0.16043246,0.00809269
375316653866487564,4157612528205921152,0.5102613,2258.872173099626,2.745361692038019,5.597893E-5,19.836546,0.01429603,0.17989473,0.022199737,0.04185118,0.019419638,0.5119047,0.1680119,0.6990185,0.012455948,0.07232161,0.019641226,0.5792171,0.07239321,null,null,null,null,"TWOGAUSSIANS",8,3.4451988,0.6990185,0.012455948,0.4,0.08489327,0.57918245,0.07248175,0.17989473,0.022199737,0.23436663,0.10874997,0.51187015,0.16830793
375316653866487564,4157614070083563136,0.5970469,2265.3101596124097,1.0169032712811563,5.9195983E-5,17.61741,0.0034449738,0.27914554,0.082348384,0.020689556,0.033052463,0.47650224,5.086053,0.74388576,0.012513633,0.05275612,0.007256646,0.5743673,0.029519755,null,null,null,null,"TWOGAUSSIANS",8,11.287656,0.74388576,0.012513633,0.29543427,0.04063722,0.5743673,0.029519446,0.27914554,0.082348384,0.11586151,0.18509379,0.47650224,5.086053
