Gaia/vari_eclipsing_binary/VariEclipsingBinary_058705-058908.csv
# %ECSV 1.0
# ---
# delimiter: ','
# meta: !!omap
# - RELEASE: Gaia DR3
# - TABLE: vari_eclipsing_binary
# - DESCRIPTION: >
#     This table describes the properties of the eclipsing binaries resulting from the variability analysis. 
# - CITATION: >
#     How to cite and acknowledge Gaia: 
#     https://gea.esac.esa.int/archive/documentation/credits.html 
# - KNOWN_ISSUES: >
#     Known issues: 
#     https://www.cosmos.esa.int/web/gaia-users/known-issues 
# - DOCUMENTATION: >
#     Tutorials and documentation: 
#     https://www.cosmos.esa.int/web/gaia-users/archive 
# datatype:
# - 
#   name: solution_id
#   datatype: int64
#   description: Solution Identifier
#   meta:
#     ucd: meta.version
# - 
#   name: source_id
#   datatype: int64
#   description: Unique source identifier
#   meta:
#     ucd: meta.id;meta.main
# - 
#   name: global_ranking
#   datatype: float32
#   description: Number between 0 (worst) and 1 (best)
#   meta:
#     ucd: stat.param
# - 
#   name: reference_time
#   datatype: float64
#   unit: d
#   description: Reference time used for the geometric model fit
#   meta:
#     ucd: time.epoch
# - 
#   name: frequency
#   datatype: float64
#   unit: d**-1
#   description: Frequency of geometric model of the eclipsing binary light curve
#   meta:
#     ucd: src.orbital
# - 
#   name: frequency_error
#   datatype: float32
#   unit: d**-1
#   description: "Uncertainty of \\texttt{frequency}"
#   meta:
#     ucd: stat.error
# - 
#   name: geom_model_reference_level
#   datatype: float32
#   unit: mag
#   description: Magnitude reference level of geometric model
#   meta:
#     ucd: phot.mag;em.opt
# - 
#   name: geom_model_reference_level_error
#   datatype: float32
#   unit: mag
#   description: "Uncertainty of \\texttt{geomModelReferenceLevel}"
#   meta:
#     ucd: stat.error;phot.mag;em.opt
# - 
#   name: geom_model_gaussian1_phase
#   datatype: float32
#   description: Phase of the Gaussian 1 component
#   meta:
#     ucd: time.phase
# - 
#   name: geom_model_gaussian1_phase_error
#   datatype: float32
#   description: "Uncertainty of \\texttt{geomModelGaussian1Phase}"
#   meta:
#     ucd: stat.error;time.phase
# - 
#   name: geom_model_gaussian1_sigma
#   datatype: float32
#   description: "Standard deviation [phase] of Gaussian 1 component"
#   meta:
#     ucd: stat.stdev
# - 
#   name: geom_model_gaussian1_sigma_error
#   datatype: float32
#   description: "Uncertainty of \\texttt{geomModelGaussian1Sigma}"
#   meta:
#     ucd: stat.error
# - 
#   name: geom_model_gaussian1_depth
#   datatype: float32
#   unit: mag
#   description: Magnitude depth of Gaussian 1 component
#   meta:
#     ucd: src.var.amplitude
# - 
#   name: geom_model_gaussian1_depth_error
#   datatype: float32
#   unit: mag
#   description: "Uncertainty of \\texttt{geomModelGaussian1Depth}"
#   meta:
#     ucd: stat.error;src.var.amplitude
# - 
#   name: geom_model_gaussian2_phase
#   datatype: float32
#   description: Phase of Gaussian 2 component
#   meta:
#     ucd: time.phase
# - 
#   name: geom_model_gaussian2_phase_error
#   datatype: float32
#   description: "Uncertainty of \\texttt{geomModelGaussian2Phase}"
#   meta:
#     ucd: stat.error;time.phase
# - 
#   name: geom_model_gaussian2_sigma
#   datatype: float32
[...]
#   datatype: float32
#   description: "Secondary eclipse: uncertainty of \\texttt{derivedSecondaryEclDuration}"
#   meta:
#     ucd: stat.error;time.duration
# - 
#   name: derived_secondary_ecl_depth
#   datatype: float32
#   unit: mag
#   description: "Secondary eclipse: depth"
#   meta:
#     ucd: src.var.amplitude
# - 
#   name: derived_secondary_ecl_depth_error
#   datatype: float32
#   unit: mag
#   description: "Secondary eclipse: uncertainty of \\texttt{derivedSecondaryEclDepth}"
#   meta:
#     ucd: stat.error;src.var.amplitude
solution_id,source_id,global_ranking,reference_time,frequency,frequency_error,geom_model_reference_level,geom_model_reference_level_error,geom_model_gaussian1_phase,geom_model_gaussian1_phase_error,geom_model_gaussian1_sigma,geom_model_gaussian1_sigma_error,geom_model_gaussian1_depth,geom_model_gaussian1_depth_error,geom_model_gaussian2_phase,geom_model_gaussian2_phase_error,geom_model_gaussian2_sigma,geom_model_gaussian2_sigma_error,geom_model_gaussian2_depth,geom_model_gaussian2_depth_error,geom_model_cosine_half_period_amplitude,geom_model_cosine_half_period_amplitude_error,geom_model_cosine_half_period_phase,geom_model_cosine_half_period_phase_error,model_type,num_model_parameters,reduced_chi2,derived_primary_ecl_phase,derived_primary_ecl_phase_error,derived_primary_ecl_duration,derived_primary_ecl_duration_error,derived_primary_ecl_depth,derived_primary_ecl_depth_error,derived_secondary_ecl_phase,derived_secondary_ecl_phase_error,derived_secondary_ecl_duration,derived_secondary_ecl_duration_error,derived_secondary_ecl_depth,derived_secondary_ecl_depth_error
[from data line 108]
375316653866487564,516619527019700736,0.60284793,2252.676839026159,3.3274223103349754,3.2181842E-6,15.683165,0.011213793,0.26602754,0.0012296663,0.03842444,0.002867986,0.49719757,0.032395914,0.7643342,0.0018519465,0.042670116,0.0027345764,0.669003,0.031610858,0.15013596,0.0139877405,0.26602754,0.0012296663,"TWOGAUSSIANS_WITH_ELLIPSOIDAL_ON_ECLIPSE1",9,99.409035,0.7644342,0.001730805,0.23895265,0.015313628,0.969243,0.034667186,0.26602754,0.0012296663,0.21517687,0.016060721,0.79746944,0.03304097
375316653866487564,516624474826870784,0.46090743,2252.261619747997,0.04670553882896418,1.0888933E-5,16.161982,0.12160211,0.3904386,0.023032792,0.32657334,0.21131374,0.109328344,0.11380395,0.93441033,4.5429995E-5,0.0013845494,5.6258308E-5,0.34350532,0.013969974,null,null,null,null,"TWOGAUSSIANS",8,30.718422,0.93441033,4.5429995E-5,0.0077534765,3.1504652E-4,0.34432632,0.013635786,0.3904386,0.023032792,0.4,0.0,0.04361043,0.004875511
375316653866487564,516629800586573568,0.5415993,2265.9307555720025,3.0267852001882627,6.3622333E-6,18.934666,0.01919453,0.25288317,0.0020866832,0.10817368,0.005449611,0.36206847,0.018668478,0.7470137,0.002736035,0.10570827,0.008144732,0.3806766,0.015999531,null,null,null,null,"TWOGAUSSIANS",8,1.8456094,0.7470137,0.002736035,0.4,0.0,0.33543032,0.011572216,0.25288317,0.0020876671,0.4,0.0,0.316816,0.007817421
375316653866487564,516632205768151552,0.5905886,2228.059535905859,3.5336714093871264,4.2799657E-6,17.983137,0.0060220845,0.27148354,0.0016041516,0.07318835,0.001588933,0.51476437,0.012522246,0.76678926,0.004072715,0.06682187,0.004989594,0.5279636,0.017028715,null,null,null,null,"TWOGAUSSIANS",8,6.9432206,0.76678926,0.004072715,0.37420252,0.027941728,0.52639395,0.01741746,0.27148354,0.0016041516,0.4,0.0,0.5131947,0.012368344
375316653866487564,516635706162593280,0.5864972,2249.9897601860175,2.990891878735963,3.7165312E-6,18.10155,0.011345613,0.28234383,0.0015899093,0.090978384,0.003357061,0.407875,0.011642466,0.78347856,0.001521212,0.099152386,0.0044888873,0.3614431,0.010661527,null,null,null,null,"TWOGAUSSIANS",8,3.0368955,0.28234383,0.0015899093,0.4,0.0,0.3841717,0.008736368,0.78347856,0.001521212,0.4,0.0,0.33773786,0.0092958165
375316653866487564,516636878692444160,0.5851972,2270.682257883337,1.0402755073013699,5.137433E-6,16.612852,0.009589629,0.2547215,0.0032648384,0.10659336,0.0145971505,0.11064305,0.005473243,0.7544522,0.0020007668,0.10000586,0.005237033,0.17902851,0.009118798,null,null,null,null,"TWOGAUSSIANS",8,3.1380513,0.7544522,0.0020007668,0.4,0.0,0.16426167,0.0036799333,0.2547215,0.0032648384,0.4,0.0,0.09587386,0.00786341
375316653866487564,516640623903865728,0.6146395,2267.4029551141,2.385257614101886,3.1252644E-6,17.48497,0.01331299,0.26065463,9.562408E-4,0.055896517,0.0034003807,0.34546527,0.029136697,0.7667858,0.002952902,0.060665905,0.0053321496,0.2817676,0.03012552,0.12235068,0.017823223,0.26065463,9.562408E-4,"TWOGAUSSIANS_WITH_ELLIPSOIDAL_ON_ECLIPSE1",9,8.241927,0.26065463,9.562408E-4,0.3130205,0.019042132,0.590113,0.012470892,0.7667858,0.002952902,0.33972907,0.029860036,0.5260524,0.016759127
375316653866487564,516641723415467648,0.57616585,2268.518041339292,0.6487689235089874,1.4207695E-5,15.35055,0.0034301192,0.26526555,0.0010520283,0.029750058,0.001229457,0.24863993,0.00861819,0.76959574,0.010888838,0.026026323,0.016963542,0.08942742,0.07195294,0.008088347,0.0043789996,0.26526555,0.0010520283,"TWOGAUSSIANS_WITH_ELLIPSOIDAL_ON_ECLIPSE1",9,18.37726,0.26526555,0.0010520283,0.16660032,0.0068849595,0.26481658,0.0032800704,0.76959574,0.010888838,0.14574742,0.094995834,0.1055921,0.07659189
375316653866487564,516642234513016064,0.5601278,2235.187953181679,3.7247065686899217,9.389927E-6,19.538641,0.0076214434,0.26695782,0.00260472,0.06904914,0.002423403,0.62675124,0.023363538,0.7644856,0.0026440583,0.06720357,0.0030108523,0.5643864,0.01708193,null,null,null,null,"TWOGAUSSIANS",8,2.095768,0.26695782,0.00260472,0.38667518,0.0135710575,0.62542516,0.023365285,0.7644856,0.0026440583,0.37633997,0.016860772,0.56306034,0.01710213
375316653866487564,516646357681894016,0.533704,2229.6067365686436,3.5987234483163792,9.23465E-6,19.630592,0.007076094,0.33163226,0.0064405375,0.06187698,0.005211969,0.40637136,0.023254113,0.84036815,0.005469084,0.069836006,0.0056640576,0.3258699,0.01149136,null,null,null,null,"TWOGAUSSIANS",8,1.5805465,0.33163226,0.0064405375,0.34651107,0.029187027,0.40595606,0.023050936,0.84036815,0.005469084,0.39108163,0.022832572,0.3254546,0.011481313
375316653866487564,516648419265388416,0.49309108,2240.691780935134,2.025992317194206,8.916229E-6,17.909834,0.008888279,0.28152722,0.001768236,0.04742372,0.0053946734,0.3304146,0.042816225,0.7867103,0.0036279953,0.03280581,0.00440779,0.30020025,0.0866185,0.02526235,0.012926478,0.28152722,0.001768236,"TWOGAUSSIANS_WITH_ELLIPSOIDAL_ON_ECLIPSE1",9,19.502546,0.28152722,0.001768236,0.26557285,0.03021017,0.380939,0.04840231,0.7867103,0.0036279953,0.18371254,0.024683623,0.35067108,0.08932184
375316653866487564,516653779384705408,0.5413217,2256.0305717014007,2.143005481263108,1.059428E-5,18.92643,0.02513039,0.240311,0.003919673,0.096152246,0.013364553,0.24828528,0.019583307,0.71415734,0.007929918,0.07716856,0.010157382,0.59163475,0.040504538,null,null,null,null,"TWOGAUSSIANS",8,3.8641667,0.71415734,0.007929918,0.4,0.0,0.5845147,0.041453414,0.240311,0.003919673,0.4,0.0,0.2411638,0.014044438
375316653866487564,516657077919630592,0.5393595,2234.15695709882,2.268240353145603,4.5681063E-6,18.767876,0.004563603,0.24695133,0.003789649,0.034586404,0.0020123124,0.638835,0.039715663,0.74362105,0.0027295337,0.036160372,0.0025387732,0.6801876,0.09317318,null,null,null,null,"TWOGAUSSIANS",8,4.8836584,0.74362105,0.0027295337,0.20249808,0.01421713,0.6801876,0.09317318,0.24695133,0.003789649,0.19368386,0.011268949,0.638835,0.039715663
375316653866487564,516657769413462784,0.4526916,2210.3452945825,3.1496962801598576,2.5389863E-5,19.472597,0.019647488,0.2695992,0.014477809,0.10824991,0.024517542,0.17835793,0.018728295,0.7790616,0.00728929,0.057698373,0.007590828,0.21806455,0.021422556,null,null,null,null,"TWOGAUSSIANS",8,2.7570772,0.7790616,0.007295981,0.3231109,0.042508636,0.21482487,0.016566442,0.2695992,0.014477809,0.4,0.0,0.17510928,0.01574996
375316653866487564,516659315600727168,0.599533,2239.632691360602,0.5539831272019695,2.7747826E-6,18.076427,0.002302585,0.2355685,0.0020488536,0.024214815,0.002505207,0.719936,0.13243935,0.7362863,9.647198E-4,0.026811935,9.573385E-4,0.6059486,0.027715337,null,null,null,null,"TWOGAUSSIANS",8,3.8166368,0.2355685,0.0020488536,0.13560297,0.014029158,0.719936,0.13243935,0.7362863,9.647198E-4,0.15014684,0.0053610955,0.6059486,0.027715337
375316653866487564,516659556118914304,0.5323689,2222.323287785433,0.2928845931591558,1.2109064E-5,17.31968,9.4452256E-4,0.5574935,0.010355771,0.0154123455,0.0073427586,0.0096634915,0.005357146,0.8599738,0.0033812735,0.010483325,0.0038119608,0.4811509,0.23105493,null,null,null,null,"TWOGAUSSIANS",8,3.8784907,0.8599738,0.0033812735,0.058706623,0.02134698,0.4811509,0.23105493,0.5574935,0.010355771,0.086309135,0.04111945,0.0096634915,0.005357146
375316653866487564,516659723619586816,0.5454416,2252.3414016570487,3.241979976500982,6.574801E-6,17.363976,0.009785396,0.23252621,0.0020673042,0.08532769,0.0037366305,0.3258647,0.010505049,0.7288498,0.005378995,0.09517453,0.008042863,0.3042266,0.01234339,null,null,null,null,"TWOGAUSSIANS",8,11.352471,0.23252621,0.0020673042,0.4,0.0,0.3130822,0.008753795,0.7288498,0.005378995,0.4,0.0,0.2914435,0.011913886
375316653866487564,516667488920436992,0.5218329,2243.5841097042194,3.731656236327243,1.3663387E-5,17.539776,0.0073398636,0.25479203,0.0047391574,0.048109815,0.009888487,0.08864877,0.015962498,0.74496907,0.010374743,0.05293647,0.011413376,0.06233972,0.016001403,0.03767129,0.008900559,0.25479203,0.0047391574,"TWOGAUSSIANS_WITH_ELLIPSOIDAL_ON_ECLIPSE1",9,5.7757998,0.25479203,0.0047391574,0.26941496,0.055375528,0.16399074,0.008459986,0.7470391,0.007908599,0.29644424,0.0639149,0.13745539,0.00755408
375316653866487564,516668897669804544,0.5222768,2211.450051747368,3.1742743343021855,7.5511284E-6,19.729233,0.0048350594,0.26994666,0.0031663259,0.066162854,0.0039495467,0.57166195,0.032539867,0.7805633,0.0030462442,0.07118076,0.0028346232,0.4807676,0.012746085,null,null,null,null,"TWOGAUSSIANS",8,1.6622461,0.26994666,0.0031663259,0.370512,0.022117462,0.5706215,0.032784738,0.7805633,0.0030462442,0.39861226,0.011328537,0.47972712,0.012813804
375316653866487564,516670138918065536,0.6022592,2248.6102424465153,0.6209808867185445,1.7261056E-5,16.560747,0.006911065,0.2211787,0.0016360646,0.029159028,0.0030479433,0.1389313,0.017456576,0.7127299,0.0049945787,0.027098784,0.002896769,1.4165986,0.17487073,0.009002274,0.010948863,0.2211787,0.0016360646,"TWOGAUSSIANS_WITH_ELLIPSOIDAL_ON_ECLIPSE1",9,35.677483,0.7127399,0.004997652,0.15175319,0.016221905,1.4345524,0.17021891,0.2211787,0.0016360646,0.16329056,0.017068483,0.15693583,0.008336033
375316653866487564,516673536233766656,0.54922134,2242.203841337674,3.093547801427034,1.1033315E-5,19.082794,0.0068753217,0.22491989,0.006347239,0.07569237,0.0050334036,0.39726412,0.016596895,0.72691864,0.0027029533,0.07385148,0.0042167297,0.40786526,0.016114153,null,null,null,null,"TWOGAUSSIANS",8,3.2668538,0.72691864,0.0027029533,0.4,0.0,0.4049893,0.016644109,0.22491989,0.006347239,0.4,0.0,0.3943882,0.016556684
375316653866487564,516675357300699136,0.5527686,2232.0342615130226,0.4180688421226259,2.1561347E-5,18.223877,0.001660165,0.12850092,0.05184201,0.067918316,0.025703011,0.0065126778,0.0032675024,0.79667157,0.014938958,0.017058788,0.0077816118,0.4165222,0.23961213,0.0026215005,0.0027236007,0.79667157,0.014938958,"TWOGAUSSIANS_WITH_ELLIPSOIDAL_ON_ECLIPSE2",9,1.1653572,0.79667157,0.014938958,0.09552921,0.043577027,0.42176524,0.23910901,0.15265094,0.04031516,0.38034254,0.12013635,0.008114567,0.0036674798
375316653866487564,516676701628289920,0.49179387,2265.850549922296,0.30060290192954736,2.3475026E-5,17.921915,0.001464309,0.15846306,0.0098901475,0.02243933,0.0070237513,0.1529716,0.045724567,0.6542798,0.006167439,0.021819944,0.005071675,0.07656732,0.009827533,null,null,null,null,"TWOGAUSSIANS",8,2.140052,0.15846306,0.0098901475,0.12566026,0.039333005,0.1529716,0.045724567,0.6542798,0.006167439,0.12219169,0.028401379,0.07656732,0.009827533
375316653866487564,516677040927949440,0.4617618,2229.5979732743167,3.202930322650988,2.5043551E-5,19.127577,0.13438918,0.23439583,0.006969762,0.11945334,0.04278808,0.24342012,0.12821656,0.7378537,0.009343503,0.119798295,0.040622927,0.22476983,0.13241233,null,null,null,null,"TWOGAUSSIANS",8,2.8172078,0.23437583,0.0069585135,0.4,0.0,0.1923971,0.011376008,0.7378737,0.009377438,0.4,0.0,0.17374904,0.013144775
375316653866487564,516677796842315520,0.59238064,2258.06397171709,0.6306995990130592,5.285559E-6,16.03301,0.0016297186,0.2522881,0.003165338,0.032937266,0.0026180013,0.05238884,0.008214543,0.7507319,7.491824E-4,0.044839915,0.0011848891,0.2017246,0.004223949,0.022459146,0.0025536176,0.2522881,0.003165338,"TWOGAUSSIANS_WITH_ELLIPSOIDAL_ON_ECLIPSE1",9,7.324019,0.7507819,6.9862587E-4,0.25110352,0.006635379,0.24663863,0.0035841016,0.2522881,0.003165338,0.1844487,0.014660807,0.097307004,0.0068005077
375316653866487564,516679480468722048,0.48407376,2273.853409728823,2.9197484854236424,1.22160345E-5,18.949106,0.01378224,0.2637049,0.005327528,0.09182773,0.008247772,0.1956302,0.015027213,0.7621417,0.0061588734,0.0937255,0.010675149,0.1816083,0.014630718,null,null,null,null,"TWOGAUSSIANS",8,2.6915576,0.2637049,0.005327528,0.4,0.0,0.1858699,0.011840057,0.7621417,0.0061588734,0.4,0.0,0.17184792,0.012990156
375316653866487564,516680339462916480,0.5078996,2265.2747762237414,2.973119265622578,1.1066745E-5,18.720873,0.012063576,0.2593294,0.003828781,0.08581707,0.009714357,0.24739318,0.023209255,0.7482859,0.0038274385,0.08554115,0.0076957066,0.27633217,0.02384628,null,null,null,null,"TWOGAUSSIANS",8,4.0399837,0.7482859,0.0038274385,0.4,0.0,0.270209,0.024858521,0.2593294,0.003828781,0.4,0.0,0.24127002,0.024997843
375316653866487564,516680957938271360,0.52053696,2257.3402045084554,1.1433729248359727,4.4823805E-6,18.236025,0.0023780558,0.11762542,0.018567456,0.030075073,0.015274814,0.05667404,0.08095826,0.6079159,0.002805987,0.040073983,0.00269074,0.31909528,0.029194074,null,null,null,null,"TWOGAUSSIANS",8,2.6438415,0.6079159,0.002805987,0.2244143,0.015068144,0.31909528,0.029194074,0.11762542,0.018567456,0.1684204,0.08553896,0.05667404,0.08095826
375316653866487564,516682783302025472,0.5803264,2248.404723431606,0.7511656412595269,6.0722655E-6,17.570421,0.002343718,0.22886278,0.0020258413,0.02868318,0.0016952753,0.2025452,0.0071876193,0.7293525,0.0021707567,0.02907607,0.0034548254,0.22374155,0.019976098,0.02403873,0.0029578288,0.22886278,0.0020258413,"TWOGAUSSIANS_WITH_ELLIPSOIDAL_ON_ECLIPSE1",9,2.573497,0.7293525,0.0021616467,0.16282599,0.019347023,0.27181852,0.021262834,0.22886278,0.0020258413,0.1606258,0.009493542,0.25062263,0.004559547
375316653866487564,516682847723575552,0.5941385,2233.9996002959465,0.977122816599443,1.5051538E-6,18.284218,0.0026169764,0.3008436,3.6410618E-4,0.037358318,7.997571E-4,0.5330432,0.011560506,0.803758,0.0025784334,0.02893835,0.0031359035,0.07724882,0.008821761,null,null,null,null,"TWOGAUSSIANS",8,2.5112884,0.3008436,3.6410618E-4,0.20920658,0.0044786395,0.5330432,0.011560506,0.803758,0.0025784334,0.16205476,0.01756106,0.07724882,0.008821761
375316653866487564,516684874948266240,0.4808807,2235.3085422409736,1.378124368008569,1.0099239E-5,19.492476,0.009318472,0.15758522,0.008118473,0.07714665,0.012853897,0.13971944,0.015517554,0.65627295,0.0048843413,0.06964697,0.005182156,0.2892445,0.012676789,null,null,null,null,"TWOGAUSSIANS",8,2.3410668,0.65627295,0.0048843413,0.39002302,0.029020073,0.28809732,0.012253542,0.15758522,0.008118473,0.4,0.0049558454,0.13857228,0.015840877
375316653866487564,516687696744546176,0.5309954,2243.509985583804,0.250660163000138,1.1378787E-4,17.26071,9.705494E-4,0.18851615,1.6400841E-6,0.0059445584,9.9544144E-5,0.21676365,2.3720939E-4,0.6879314,0.014615131,0.02628767,0.010645014,0.06291246,0.005385389,null,null,null,null,"TWOGAUSSIANS",8,2.6166253,0.18851615,1.6400841E-6,0.033289526,5.574472E-4,0.21676365,2.3720939E-4,0.6879314,0.014615131,0.14721094,0.05961208,0.06291246,0.005385389
375316653866487564,516691407596504576,0.51876837,2277.3879306666972,0.19358159719720844,1.9503534E-5,18.651525,0.006408649,0.27066946,0.01121894,0.024807107,0.007913714,0.6176527,0.055153094,0.7486429,0.009515525,0.017171253,0.008781561,0.20027837,0.21188442,0.018291159,0.011060736,0.27066946,0.01121894,"TWOGAUSSIANS_WITH_ELLIPSOIDAL_ON_ECLIPSE1",9,12.511202,0.27066946,0.01121894,0.1389198,0.044316802,0.654235,0.057053223,0.7487329,0.00943548,0.09615901,0.049176738,0.23616733,0.21472827
375316653866487564,516691437658380160,0.5221524,2260.8620155918475,0.4987768861758091,1.6665308E-5,18.281733,0.0024414544,0.12883139,0.0011216301,0.01451832,0.001751578,0.20883633,0.004331311,0.57608414,0.11048265,0.08666476,0.06073239,0.012535745,0.006222198,null,null,null,null,"TWOGAUSSIANS",8,1.8621606,0.12883139,0.0011216301,0.08130259,0.0098088365,0.20883635,0.004328697,0.57608414,0.11048265,0.4,0.037308164,0.012535736,0.00622438
375316653866487564,516692331012301696,0.54573816,2255.6446996090735,3.8602028194173568,9.777439E-6,19.318913,0.0068703783,0.2734466,0.0027144386,0.07021265,0.0033859652,0.46148872,0.015290629,0.77515715,0.001995825,0.07420028,0.003601953,0.597601,0.030090379,null,null,null,null,"TWOGAUSSIANS",8,2.672755,0.77515715,0.001995825,0.4,0.0,0.5950793,0.03072718,0.2734466,0.0027144386,0.39319083,0.018961405,0.45896697,0.015426326
