Gaia/vari_eclipsing_binary/VariEclipsingBinary_529922-529933.csv
# %ECSV 1.0
# ---
# delimiter: ','
# meta: !!omap
# - RELEASE: Gaia DR3
# - TABLE: vari_eclipsing_binary
# - DESCRIPTION: >
#     This table describes the properties of the eclipsing binaries resulting from the variability analysis. 
# - CITATION: >
#     How to cite and acknowledge Gaia: 
#     https://gea.esac.esa.int/archive/documentation/credits.html 
# - KNOWN_ISSUES: >
#     Known issues: 
#     https://www.cosmos.esa.int/web/gaia-users/known-issues 
# - DOCUMENTATION: >
#     Tutorials and documentation: 
#     https://www.cosmos.esa.int/web/gaia-users/archive 
# datatype:
# - 
#   name: solution_id
#   datatype: int64
#   description: Solution Identifier
#   meta:
#     ucd: meta.version
# - 
#   name: source_id
#   datatype: int64
#   description: Unique source identifier
#   meta:
#     ucd: meta.id;meta.main
# - 
#   name: global_ranking
#   datatype: float32
#   description: Number between 0 (worst) and 1 (best)
#   meta:
#     ucd: stat.param
# - 
#   name: reference_time
#   datatype: float64
#   unit: d
#   description: Reference time used for the geometric model fit
#   meta:
#     ucd: time.epoch
# - 
#   name: frequency
#   datatype: float64
#   unit: d**-1
#   description: Frequency of geometric model of the eclipsing binary light curve
#   meta:
#     ucd: src.orbital
# - 
#   name: frequency_error
#   datatype: float32
#   unit: d**-1
#   description: "Uncertainty of \\texttt{frequency}"
#   meta:
#     ucd: stat.error
# - 
#   name: geom_model_reference_level
#   datatype: float32
#   unit: mag
#   description: Magnitude reference level of geometric model
#   meta:
#     ucd: phot.mag;em.opt
# - 
#   name: geom_model_reference_level_error
#   datatype: float32
#   unit: mag
#   description: "Uncertainty of \\texttt{geomModelReferenceLevel}"
#   meta:
#     ucd: stat.error;phot.mag;em.opt
# - 
#   name: geom_model_gaussian1_phase
#   datatype: float32
#   description: Phase of the Gaussian 1 component
#   meta:
#     ucd: time.phase
# - 
#   name: geom_model_gaussian1_phase_error
#   datatype: float32
#   description: "Uncertainty of \\texttt{geomModelGaussian1Phase}"
#   meta:
#     ucd: stat.error;time.phase
# - 
#   name: geom_model_gaussian1_sigma
#   datatype: float32
#   description: "Standard deviation [phase] of Gaussian 1 component"
#   meta:
#     ucd: stat.stdev
# - 
#   name: geom_model_gaussian1_sigma_error
#   datatype: float32
#   description: "Uncertainty of \\texttt{geomModelGaussian1Sigma}"
#   meta:
#     ucd: stat.error
# - 
#   name: geom_model_gaussian1_depth
#   datatype: float32
#   unit: mag
#   description: Magnitude depth of Gaussian 1 component
#   meta:
#     ucd: src.var.amplitude
# - 
#   name: geom_model_gaussian1_depth_error
#   datatype: float32
#   unit: mag
#   description: "Uncertainty of \\texttt{geomModelGaussian1Depth}"
#   meta:
#     ucd: stat.error;src.var.amplitude
# - 
#   name: geom_model_gaussian2_phase
#   datatype: float32
#   description: Phase of Gaussian 2 component
#   meta:
#     ucd: time.phase
# - 
#   name: geom_model_gaussian2_phase_error
#   datatype: float32
#   description: "Uncertainty of \\texttt{geomModelGaussian2Phase}"
#   meta:
#     ucd: stat.error;time.phase
# - 
#   name: geom_model_gaussian2_sigma
#   datatype: float32
[...]
#   datatype: float32
#   description: "Secondary eclipse: uncertainty of \\texttt{derivedSecondaryEclDuration}"
#   meta:
#     ucd: stat.error;time.duration
# - 
#   name: derived_secondary_ecl_depth
#   datatype: float32
#   unit: mag
#   description: "Secondary eclipse: depth"
#   meta:
#     ucd: src.var.amplitude
# - 
#   name: derived_secondary_ecl_depth_error
#   datatype: float32
#   unit: mag
#   description: "Secondary eclipse: uncertainty of \\texttt{derivedSecondaryEclDepth}"
#   meta:
#     ucd: stat.error;src.var.amplitude
solution_id,source_id,global_ranking,reference_time,frequency,frequency_error,geom_model_reference_level,geom_model_reference_level_error,geom_model_gaussian1_phase,geom_model_gaussian1_phase_error,geom_model_gaussian1_sigma,geom_model_gaussian1_sigma_error,geom_model_gaussian1_depth,geom_model_gaussian1_depth_error,geom_model_gaussian2_phase,geom_model_gaussian2_phase_error,geom_model_gaussian2_sigma,geom_model_gaussian2_sigma_error,geom_model_gaussian2_depth,geom_model_gaussian2_depth_error,geom_model_cosine_half_period_amplitude,geom_model_cosine_half_period_amplitude_error,geom_model_cosine_half_period_phase,geom_model_cosine_half_period_phase_error,model_type,num_model_parameters,reduced_chi2,derived_primary_ecl_phase,derived_primary_ecl_phase_error,derived_primary_ecl_duration,derived_primary_ecl_duration_error,derived_primary_ecl_depth,derived_primary_ecl_depth_error,derived_secondary_ecl_phase,derived_secondary_ecl_phase_error,derived_secondary_ecl_duration,derived_secondary_ecl_duration_error,derived_secondary_ecl_depth,derived_secondary_ecl_depth_error
[from data line 443]
375316653866487564,4661284751808807424,0.47189477,2211.1347274351906,1.3449946455996753,4.5708464E-5,17.667568,0.0030642685,0.19356504,0.0072395797,0.046629697,0.0055413153,0.17980395,0.015155928,0.6248543,0.0131197125,0.0349002,0.010804018,0.27914852,0.16351351,null,null,null,null,"TWOGAUSSIANS",8,12.794679,0.6248543,0.0131197125,0.19544113,0.0605025,0.27914852,0.16351351,0.19356504,0.0072395797,0.2611263,0.031031366,0.17980395,0.015155928
375316653866487564,4661284992327201536,0.44883648,2123.758571764684,0.24587177644716335,4.5117748E-5,19.469137,0.32726872,0.04834839,0.9090487,0.12018871,0.058873698,0.17974158,0.19226982,0.48365897,0.03320566,0.1700216,0.12845151,0.35096473,0.2950549,null,null,null,null,"TWOGAUSSIANS",8,4.3374457,0.48365897,0.03320566,0.4,0.0,0.27241763,0.043692395,0.06724839,0.8940686,0.4,0.0,0.117185965,0.07429084
375316653866487564,4661285026687532672,0.4222045,2200.570845492564,0.7914706755461512,1.12261994E-4,19.640158,0.023527082,0.23239182,0.08214767,0.041445095,0.0687157,0.21606359,0.09435681,0.7552009,0.014957073,0.05165654,0.014668916,0.19110653,0.020392166,null,null,null,null,"TWOGAUSSIANS",8,5.3960414,0.23239182,0.08214767,0.23209253,0.25548542,0.21606353,0.09486775,0.7552009,0.014957073,0.28927663,0.08214593,0.19110648,0.02010262
375316653866487564,4661285125471425280,0.45583704,2163.6944181982976,4.546962403073689,2.1082456E-5,18.163177,0.01371492,0.31747895,0.030157665,0.013651893,0.020233246,0.47173676,4.2490077,0.6784292,0.05803144,0.057095055,0.04415297,0.09965654,0.041826095,0.033488046,0.016772946,0.31747895,0.030157665,"TWOGAUSSIANS_WITH_ELLIPSOIDAL_ON_ECLIPSE1",9,5.150084,0.31747895,0.03015818,0.076450594,0.11330617,0.5387124,4.2570047,0.69262916,0.054174054,0.3197323,0.1419201,0.13017237,0.02489934
375316653866487564,4661285125471435648,0.45021662,2183.1430392977377,0.05122154648783377,3.3149172E-5,18.96677,0.0068003265,0.060492504,0.017528642,0.032473475,0.013119425,0.054350633,0.018396897,0.71027994,0.011428451,0.024027724,0.023568515,0.012428159,0.83567697,0.067657225,0.00744388,0.71027994,0.011428451,"TWOGAUSSIANS_WITH_ELLIPSOIDAL_ON_ECLIPSE2",9,4.1688285,0.71027994,0.011428451,0.13455525,0.13198368,0.14774244,0.83906597,0.0803325,0.12868094,0.18185146,0.073468775,0.10855063,0.03709604
375316653866487564,4661285159831317248,0.4403643,2179.8203388061524,0.7270255430537044,1.04091145E-4,18.524475,0.053069778,0.31190026,0.0078206295,0.09377939,0.026497344,0.19963638,0.048536588,0.84722567,0.011569062,0.1375295,0.039190177,0.15499699,0.0516145,null,null,null,null,"TWOGAUSSIANS",8,5.760435,0.31144026,0.007477612,0.4,0.0,0.17730685,0.04561053,0.8472356,0.011556493,0.4,0.0,0.13207194,0.019676816
375316653866487564,4661285232845903232,0.4971644,2145.3327472586466,0.184191336351829,7.634385E-5,19.56337,0.015280066,0.27774692,0.026359417,0.0834072,0.02509561,0.4750662,0.12087812,0.7522802,0.013765091,0.06811159,0.016495798,0.28897172,0.06130672,null,null,null,null,"TWOGAUSSIANS",8,0.80529183,0.27774692,0.026359417,0.4,0.018483175,0.47321925,0.123728745,0.7522802,0.013765091,0.3814249,0.08205774,0.28712478,0.062237438
375316653866487564,4661285816928604544,0.43322748,2234.8214318470605,1.0534839499548787,3.6286732E-5,18.896452,0.010374309,0.2020996,0.010780908,0.03437766,0.012028324,0.09407938,0.10105606,0.7006874,0.011309605,0.013379468,0.008111742,0.08666832,0.5225077,0.04570231,0.015933186,0.2020996,0.010780908,"TWOGAUSSIANS_WITH_ELLIPSOIDAL_ON_ECLIPSE1",9,4.3853683,0.2020996,0.010780908,0.19251491,0.06735862,0.18548392,0.103362456,0.70070744,0.011242123,0.07492502,0.045425758,0.17806576,0.522165
375316653866487564,4661285920040549632,0.428486,2149.860783766256,0.7516635226138036,6.463311E-5,18.559013,0.15495397,0.2402564,0.03560719,0.1546143,0.11902819,0.10698293,0.14411797,0.66947764,0.028990261,0.12606269,0.03514239,0.14863397,0.114562266,null,null,null,null,"TWOGAUSSIANS",8,4.0432916,0.66947764,0.028990261,0.4,0.0,0.12015249,0.020225732,0.24314639,0.030267498,0.4,0.0,0.07658909,0.026583599
375316653866487564,4661286053186949248,0.4203361,2205.0384132055874,4.249728101107699,3.978272E-5,19.262949,0.03614027,0.2140562,0.038557697,0.095203705,0.02819582,0.2997826,0.06832474,0.6017441,0.018132107,0.10213467,0.018201048,0.58817333,0.10195721,null,null,null,null,"TWOGAUSSIANS",8,14.840893,0.6017441,0.018132107,0.4,0.0,0.5813909,0.1054465,0.2145562,0.038872555,0.4,0.0119833825,0.29336637,0.07308604
375316653866487564,4661286572842318976,0.42823502,2164.7619585526727,1.9974299731984808,4.162597E-5,18.496038,0.04392934,0.2777097,0.013378554,0.20508693,0.054588497,0.14598452,0.04075561,0.69774646,0.008495864,0.045142617,0.028848602,0.06832464,0.054326203,null,null,null,null,"TWOGAUSSIANS",8,4.017708,0.2777097,0.013378554,0.4,0.0,0.12778153,0.015527471,0.69774646,0.008495864,0.25279868,0.16155216,0.07072188,0.05770366
375316653866487564,4661286706021949696,0.42771485,2171.99879112927,1.6973865234616778,9.6696196E-5,18.658699,0.011705247,0.29563382,0.020773496,0.084332265,0.020924378,0.081162885,0.019492727,0.72777325,0.0091939885,0.05616816,0.018358102,0.105561785,0.031733464,null,null,null,null,"TWOGAUSSIANS",8,4.4537215,0.72777325,0.0091939885,0.3145417,0.102805376,0.10551199,0.03177101,0.29563382,0.020773496,0.4,0.0,0.08111293,0.019403353
375316653866487564,4661287187034848128,0.46704733,2183.625742939267,1.3387712107871368,2.480645E-5,18.611786,0.017609678,0.35116205,0.07295064,0.089080766,0.09830145,0.10105415,0.027912542,0.5977205,0.015802903,0.06921766,0.011036106,0.14753503,0.061028756,null,null,null,null,"TWOGAUSSIANS",8,2.3500278,0.5977205,0.015802903,0.38761887,0.043717865,0.1497252,0.015070321,0.35226202,0.2188424,0.4,0.001989797,0.10131787,0.052417785
375316653866487564,4661287225682973696,0.47305188,2191.9687849210104,0.5240855035268376,1.6830738E-5,18.538176,0.035270818,0.2034724,0.0065751174,0.07838891,0.017227532,0.13503851,0.020844182,0.6478709,0.016478572,0.1439829,0.035706267,0.15670843,0.040474396,null,null,null,null,"TWOGAUSSIANS",8,1.9737324,0.6478709,0.016478572,0.4,0.0,0.14420985,0.029562552,0.2047024,0.0047081006,0.4,0.01613328,0.12398567,0.012633502
375316653866487564,4661287225725076224,0.4562526,2214.470647078212,0.1843409887197791,1.6445243E-5,19.50144,0.010191466,0.22263801,0.002071118,0.032773193,0.0031034378,0.23247765,0.014366671,0.7431823,0.014380312,0.053733908,0.022206478,0.34988526,4.2666087,null,null,null,null,"TWOGAUSSIANS",8,2.4340153,0.7431823,0.014380312,0.30090988,0.12435627,0.34988526,4.2666087,0.22263801,0.002071118,0.18352987,0.01737925,0.23247765,0.014366665
375316653866487564,4661287290092121472,0.42412755,2204.19843769709,0.49138106784506147,5.6740402E-5,18.828379,0.14538072,0.2682949,0.013982142,0.19156983,0.08866556,0.18338367,0.1421561,0.80343133,0.01721649,0.09599429,0.023083234,0.16925125,0.07561303,null,null,null,null,"TWOGAUSSIANS",8,4.939615,0.26828492,0.013946664,0.4,0.0,0.12415173,0.015166596,0.80760133,0.015069731,0.4,0.0,0.12351976,0.0203417
375316653866487564,4661287324478641920,0.5251488,2185.672805821828,0.9996014714622525,9.8399105E-5,18.53887,0.009822859,0.26272106,0.041210417,0.12703116,0.051831055,0.04079532,0.010472409,0.9185502,0.0029508513,0.018871982,0.0054499432,1.6091253,4.739244,null,null,null,null,"TWOGAUSSIANS",8,2.6379976,0.9185502,0.0029533796,0.1056831,0.030519683,1.610129,4.739165,0.26272106,0.041210417,0.4,0.0,0.040760044,0.010371404
375316653866487564,4661287358802679168,0.47270787,2218.4753340648003,0.852033617772096,5.2299507E-5,18.977894,0.050742894,0.2326477,0.010389503,0.12367354,0.03727596,0.1943525,0.047124766,0.7394263,0.008332741,0.081623755,0.019687112,0.17723261,0.047689743,null,null,null,null,"TWOGAUSSIANS",8,3.2541087,0.2326477,0.010389503,0.4,0.0,0.17696324,0.013058841,0.7394563,0.008240118,0.4,0.0,0.15995564,0.020538991
375316653866487564,4661287397509986944,0.4653713,2177.5657655151417,1.4403679215311476,7.990559E-5,17.830368,0.00672877,0.30695984,0.032287505,0.060489763,0.033489823,0.09379629,0.05392268,0.4080632,0.17584425,0.13968219,0.13837409,0.025102487,0.02090563,null,null,null,null,"TWOGAUSSIANS",8,2.560683,0.31079984,0.032654535,0.33874267,0.18754302,0.11322301,0.05785636,0.4080632,0.17584425,0.4,0.09408866,0.048223387,0.060563512
375316653866487564,4661287427502115840,0.42640573,2200.523916856013,0.41815025338367856,4.1151172E-5,18.325947,0.19799288,0.1609457,0.025425378,0.09402227,0.0148294475,0.17060733,0.105935186,0.6291472,0.020303138,0.24549143,0.18090555,0.20782332,0.19206643,null,null,null,null,"TWOGAUSSIANS",8,4.61247,0.1661557,0.020841265,0.4,0.0,0.11819226,0.053587843,0.6291472,0.020303138,0.4,0.0,0.10167886,0.0155630475
375316653866487564,4661287431869717248,0.44144306,2178.1080829867888,0.27667895174320817,3.4204106E-5,18.29372,0.0060876184,0.3164209,0.003290337,0.041206572,0.0073008873,0.24024005,0.09083352,0.7727908,0.003356054,0.040441945,0.0055126627,0.10047299,0.008096426,null,null,null,null,"TWOGAUSSIANS",8,5.5454144,0.3164209,0.003290337,0.2307568,0.040884968,0.24024005,0.09083352,0.7727908,0.003356054,0.2264749,0.030870913,0.10047299,0.008096426
375316653866487564,4661287461917547520,0.54040176,2195.3663837098343,1.3502609598799384,3.9558936E-6,18.852684,0.008032174,0.17128937,0.002377854,0.03860626,0.003803315,0.43942025,0.0640453,0.6734915,0.0026105773,0.043375697,0.006629511,0.55711794,0.13992617,null,null,null,null,"TWOGAUSSIANS",8,4.873655,0.6734915,0.0026105773,0.24290389,0.03712526,0.55711794,0.13992618,0.17128937,0.002377854,0.21619506,0.021298565,0.43942025,0.064045325
375316653866487564,4661287496277177984,0.4202696,2170.141104436981,2.017013792273763,8.012059E-5,18.26471,0.15756178,0.123047166,0.05217873,0.123726375,0.22569919,0.053023014,0.15164381,0.578468,0.034680143,0.08780743,0.07587928,0.09531991,0.1147182,null,null,null,null,"TWOGAUSSIANS",8,5.809006,0.578468,0.034680143,0.4,0.1522335,0.09062054,0.027588071,0.123047166,0.05207769,0.4,0.4094099,0.048259903,0.032278262
375316653866487564,4661287496277294464,0.43179074,2179.683230657077,0.1278517415510335,9.509157E-5,19.045692,0.008187768,0.22374032,0.011669068,0.060491912,0.029775033,0.12577644,0.33704433,0.7099391,0.011441424,0.045188732,0.022546945,0.21294597,0.48758608,null,null,null,null,"TWOGAUSSIANS",8,3.8146484,0.7099391,0.011441424,0.25305688,0.12626289,0.21294367,0.487597,0.22374032,0.011669068,0.3387547,0.16674018,0.12577415,0.3370488
375316653866487564,4661287500560645120,0.45805117,2188.4093723327082,0.3722666079357827,2.8163742E-5,18.67014,0.011774581,0.28206953,0.015761651,0.07490871,0.027498104,0.11695395,0.017642824,0.7540263,0.011575403,0.054971866,0.017077362,0.22939852,0.23659076,null,null,null,null,"TWOGAUSSIANS",8,4.1449323,0.7540263,0.011575403,0.30784246,0.09563323,0.22931993,0.23678172,0.28206953,0.015761651,0.4,0.020124719,0.116875365,0.01780326
375316653866487564,4661287569308561792,0.4632251,2190.782740698615,1.1971699818284782,1.3327195E-5,18.349957,0.0042802086,0.07519255,0.007668864,0.008690282,0.0030215974,0.21802457,0.15385135,0.6156144,0.008476487,0.021827174,0.005547783,0.10820868,0.08143863,null,null,null,null,"TWOGAUSSIANS",8,3.6646268,0.07519255,0.007668864,0.04866558,0.016920945,0.21802457,0.15385135,0.6156144,0.008476487,0.12223218,0.031067584,0.10820868,0.08143863
375316653866487564,4661287668075866880,0.4206443,2168.2660078942595,4.69153904181904,2.8124698E-5,17.907604,0.025164776,0.2369994,0.008390058,0.09015684,0.031988174,0.09108779,0.021419784,0.771432,0.035694018,0.157802,0.06340711,0.058011487,0.025549803,null,null,null,null,"TWOGAUSSIANS",8,4.012597,0.23608941,0.007615439,0.4,0.05014577,0.07949973,0.02520866,0.771432,0.03569348,0.4,0.0,0.045484513,0.01292696
375316653866487564,4661287668075868544,0.42827198,2162.8933744999313,0.21613640563985403,8.508127E-5,18.239243,0.014087138,0.21025275,0.04233052,0.051468015,0.033642605,0.092681624,0.049127888,0.8499252,0.02034859,0.0530773,0.01598678,0.017446917,0.018776948,0.058554314,0.01595042,0.8499252,0.02034859,"TWOGAUSSIANS_WITH_ELLIPSOIDAL_ON_ECLIPSE2",9,7.1282754,0.23338275,0.05465338,0.28822088,0.18839858,0.14854446,0.055683706,0.8499252,0.02034859,0.29723287,0.08952596,0.1345548,0.026051167
375316653866487564,4661287706718807936,0.513553,2194.882527158001,0.17498517652144427,1.2541824E-4,16.708904,0.0021750706,0.41084164,0.017474787,0.025734806,0.008227358,0.114795424,0.054346178,0.7246865,0.03541441,0.07159223,0.04250125,0.008587851,0.002172967,null,null,null,null,"TWOGAUSSIANS",8,1.6451315,0.41084164,0.017475406,0.14411491,0.046073206,0.114796,0.054355856,0.7246865,0.03541441,0.4,0.05847536,0.008587851,0.0021729572
375316653866487564,4661287706747526016,0.44232386,2168.3096668273215,0.2196654767447314,6.5747874E-5,18.102213,0.017407345,0.5034099,0.011718273,0.08939547,0.018422248,0.1194517,0.021299254,0.8902135,0.014859526,0.040944885,0.02063515,0.056996066,0.019729096,null,null,null,null,"TWOGAUSSIANS",8,5.573103,0.5034099,0.011718273,0.4,0.0,0.119448945,0.021218335,0.8902135,0.014859526,0.22929135,0.11555684,0.057003584,0.019732866
375316653866487564,4661287706747704320,0.43074194,2202.3685265180225,0.04221659686506753,8.4045685E-5,19.883663,0.013643672,0.3614734,0.005263821,0.0058260513,0.010240816,1.3772508,3.4838023,0.702147,0.01187045,0.0470538,0.020097788,0.44031766,1.6686252,0.063432604,0.022347527,0.702147,0.01187045,"TWOGAUSSIANS_WITH_ELLIPSOIDAL_ON_ECLIPSE2",9,4.085512,0.3614534,0.004845686,0.032625888,0.057348568,1.4141678,3.4837968,0.702147,0.01187045,0.2635013,0.11254762,0.56718236,1.6628999
375316653866487564,4661287736796632320,0.4422256,2202.1506076072696,1.0151904793841293,7.5651966E-5,19.341381,0.021879636,0.08517285,0.056404337,0.035363123,0.05076671,0.05092047,0.060383737,0.4451794,0.021819396,0.13536914,0.03654103,0.18460895,0.03142634,null,null,null,null,"TWOGAUSSIANS",8,3.497309,0.4451794,0.021819396,0.4,0.0,0.18419152,0.03312928,0.087892845,0.067352615,0.1980335,0.2842936,0.0560248,0.06095563
375316653866487564,4661287805479257088,0.43990874,2184.982905345214,0.3040880771961461,4.5992172E-5,18.727528,0.22896302,0.20766588,0.016368208,0.051344726,0.0123348655,0.23500639,0.057423297,0.6238738,0.019944625,0.2577946,0.12511335,0.253491,0.21774037,null,null,null,null,"TWOGAUSSIANS",8,8.446984,0.21068588,0.017724935,0.28753045,0.06907525,0.2362367,0.055554863,0.6238738,0.019944625,0.4,0.0,0.16623114,0.030402342
375316653866487564,4661287908538683392,0.56378114,2202.0288158432627,0.6536586512094043,5.5698006E-6,17.291723,0.0017681152,0.19521163,0.012214286,0.04039915,0.008490134,0.04935495,0.0077841785,0.72162116,0.00134692,0.02694188,0.0022335262,0.14990333,0.0043829246,null,null,null,null,"TWOGAUSSIANS",8,2.438714,0.72162116,0.00134692,0.15087454,0.012507747,0.14990333,0.0043829246,0.19521163,0.012214286,0.22623524,0.047544748,0.04935495,0.0077841785
375316653866487564,4661288011673270656,0.42904007,2188.4287225614676,0.5227093512025031,2.2384661E-4,17.778885,0.13443989,0.33182707,0.0339111,0.17273489,0.0889284,0.39010298,0.11832316,0.73083234,0.055252936,0.09350131,0.022853864,0.4408142,0.119888924,null,null,null,null,"TWOGAUSSIANS",8,30.154545,0.73083234,0.055252936,0.4,0.0,0.40827549,0.08222028,0.33199707,0.033878457,0.4,0.0,0.32962346,0.062844306
375316653866487564,4661288114757164032,0.44604772,2158.2156336689523,0.2660811542414541,3.9575898E-5,19.404541,0.012944831,0.21238317,0.016008245,0.023528272,0.017107612,0.09518106,0.151781,0.6772563,0.018307708,0.013701385,0.012423528,0.27124932,0.08611751,null,null,null,null,"TWOGAUSSIANS",8,4.341828,0.6772563,0.018307708,0.076727755,0.069571756,0.27124932,0.08611751,0.21238317,0.016008245,0.13175833,0.09580262,0.09518106,0.151781
