Gaia/vari_eclipsing_binary/VariEclipsingBinary_307591-309467.csv
# %ECSV 1.0
# ---
# delimiter: ','
# meta: !!omap
# - RELEASE: Gaia DR3
# - TABLE: vari_eclipsing_binary
# - DESCRIPTION: >
#     This table describes the properties of the eclipsing binaries resulting from the variability analysis. 
# - CITATION: >
#     How to cite and acknowledge Gaia: 
#     https://gea.esac.esa.int/archive/documentation/credits.html 
# - KNOWN_ISSUES: >
#     Known issues: 
#     https://www.cosmos.esa.int/web/gaia-users/known-issues 
# - DOCUMENTATION: >
#     Tutorials and documentation: 
#     https://www.cosmos.esa.int/web/gaia-users/archive 
# datatype:
# - 
#   name: solution_id
#   datatype: int64
#   description: Solution Identifier
#   meta:
#     ucd: meta.version
# - 
#   name: source_id
#   datatype: int64
#   description: Unique source identifier
#   meta:
#     ucd: meta.id;meta.main
# - 
#   name: global_ranking
#   datatype: float32
#   description: Number between 0 (worst) and 1 (best)
#   meta:
#     ucd: stat.param
# - 
#   name: reference_time
#   datatype: float64
#   unit: d
#   description: Reference time used for the geometric model fit
#   meta:
#     ucd: time.epoch
# - 
#   name: frequency
#   datatype: float64
#   unit: d**-1
#   description: Frequency of geometric model of the eclipsing binary light curve
#   meta:
#     ucd: src.orbital
# - 
#   name: frequency_error
#   datatype: float32
#   unit: d**-1
#   description: "Uncertainty of \\texttt{frequency}"
#   meta:
#     ucd: stat.error
# - 
#   name: geom_model_reference_level
#   datatype: float32
#   unit: mag
#   description: Magnitude reference level of geometric model
#   meta:
#     ucd: phot.mag;em.opt
# - 
#   name: geom_model_reference_level_error
#   datatype: float32
#   unit: mag
#   description: "Uncertainty of \\texttt{geomModelReferenceLevel}"
#   meta:
#     ucd: stat.error;phot.mag;em.opt
# - 
#   name: geom_model_gaussian1_phase
#   datatype: float32
#   description: Phase of the Gaussian 1 component
#   meta:
#     ucd: time.phase
# - 
#   name: geom_model_gaussian1_phase_error
#   datatype: float32
#   description: "Uncertainty of \\texttt{geomModelGaussian1Phase}"
#   meta:
#     ucd: stat.error;time.phase
# - 
#   name: geom_model_gaussian1_sigma
#   datatype: float32
#   description: "Standard deviation [phase] of Gaussian 1 component"
#   meta:
#     ucd: stat.stdev
# - 
#   name: geom_model_gaussian1_sigma_error
#   datatype: float32
#   description: "Uncertainty of \\texttt{geomModelGaussian1Sigma}"
#   meta:
#     ucd: stat.error
# - 
#   name: geom_model_gaussian1_depth
#   datatype: float32
#   unit: mag
#   description: Magnitude depth of Gaussian 1 component
#   meta:
#     ucd: src.var.amplitude
# - 
#   name: geom_model_gaussian1_depth_error
#   datatype: float32
#   unit: mag
#   description: "Uncertainty of \\texttt{geomModelGaussian1Depth}"
#   meta:
#     ucd: stat.error;src.var.amplitude
# - 
#   name: geom_model_gaussian2_phase
#   datatype: float32
#   description: Phase of Gaussian 2 component
#   meta:
#     ucd: time.phase
# - 
#   name: geom_model_gaussian2_phase_error
#   datatype: float32
#   description: "Uncertainty of \\texttt{geomModelGaussian2Phase}"
#   meta:
#     ucd: stat.error;time.phase
# - 
#   name: geom_model_gaussian2_sigma
#   datatype: float32
[...]
#   datatype: float32
#   description: "Secondary eclipse: uncertainty of \\texttt{derivedSecondaryEclDuration}"
#   meta:
#     ucd: stat.error;time.duration
# - 
#   name: derived_secondary_ecl_depth
#   datatype: float32
#   unit: mag
#   description: "Secondary eclipse: depth"
#   meta:
#     ucd: src.var.amplitude
# - 
#   name: derived_secondary_ecl_depth_error
#   datatype: float32
#   unit: mag
#   description: "Secondary eclipse: uncertainty of \\texttt{derivedSecondaryEclDepth}"
#   meta:
#     ucd: stat.error;src.var.amplitude
solution_id,source_id,global_ranking,reference_time,frequency,frequency_error,geom_model_reference_level,geom_model_reference_level_error,geom_model_gaussian1_phase,geom_model_gaussian1_phase_error,geom_model_gaussian1_sigma,geom_model_gaussian1_sigma_error,geom_model_gaussian1_depth,geom_model_gaussian1_depth_error,geom_model_gaussian2_phase,geom_model_gaussian2_phase_error,geom_model_gaussian2_sigma,geom_model_gaussian2_sigma_error,geom_model_gaussian2_depth,geom_model_gaussian2_depth_error,geom_model_cosine_half_period_amplitude,geom_model_cosine_half_period_amplitude_error,geom_model_cosine_half_period_phase,geom_model_cosine_half_period_phase_error,model_type,num_model_parameters,reduced_chi2,derived_primary_ecl_phase,derived_primary_ecl_phase_error,derived_primary_ecl_duration,derived_primary_ecl_duration_error,derived_primary_ecl_depth,derived_primary_ecl_depth_error,derived_secondary_ecl_phase,derived_secondary_ecl_phase_error,derived_secondary_ecl_duration,derived_secondary_ecl_duration_error,derived_secondary_ecl_depth,derived_secondary_ecl_depth_error
[from data line 76]
375316653866487564,2709448370283975808,0.4960127,2213.918080814253,3.0178391130668425,4.076722E-5,19.039871,0.014105776,0.17669472,0.040865816,0.054500274,0.031345665,0.05188555,0.027736487,0.588752,0.008516542,0.10962791,0.027202006,0.3065848,0.09747675,null,null,null,null,"TWOGAUSSIANS",8,2.0306115,0.588752,0.008516542,0.4,0.0,0.30606574,0.09995262,0.17721473,0.04147504,0.30520153,0.17553572,0.051631283,0.027779846
375316653866487564,2709461014667718912,0.52748764,2238.0923500225917,0.682776500575377,1.8377577E-6,18.875591,0.0039781583,0.17100391,5.7831977E-4,0.027386803,0.0014445613,0.36201313,7.4396795E-4,0.32679957,4.3250835E-5,0.0032176878,2.2172809E-4,0.10644062,0.006745636,null,null,null,null,"TWOGAUSSIANS",8,1.3898288,0.17100391,5.7831977E-4,0.1533661,0.008089543,0.36201313,7.4396795E-4,0.32679957,4.3250835E-5,0.018019052,0.0012416772,0.10644065,0.0067456183
375316653866487564,2709466172923317248,0.6017079,2249.8333661582155,2.7003711689414844,1.6919083E-5,14.955219,0.053206988,0.2915465,0.009998217,0.105316624,0.024175495,0.25043312,0.04976957,0.7876721,0.004423984,0.09507157,0.0149907665,0.36362657,0.050077558,null,null,null,null,"TWOGAUSSIANS",8,55.445065,0.7876721,0.004423984,0.4,0.0,0.3384701,0.0120317945,0.2915465,0.010000373,0.4,0.0,0.2252709,0.013465732
375316653866487564,2709503174066210432,0.5657855,2194.71737748883,1.2332475386686315,2.0304302E-5,18.066599,0.0026010936,0.3824792,0.013148965,0.06616059,0.029537028,0.37075675,1641.8871,0.8795517,0.008752706,0.03766291,0.010711623,0.021849088,0.0041870195,null,null,null,null,"TWOGAUSSIANS",8,0.7175043,0.3824792,0.013148965,0.37049928,0.16540736,0.37075475,1641.8872,0.8795517,0.008752706,0.21091229,0.05998509,0.021847092,0.0041872137
375316653866487564,2709524309600642432,0.5229982,2194.4042802811587,0.6559563746028573,8.4775864E-5,14.437355,0.0040986133,0.26966268,0.013072124,0.018092208,0.0058579356,0.27180946,0.3754278,0.5733717,0.005290905,0.045085788,0.009722455,0.058975853,0.008528093,0.01333548,0.0058285324,0.26966268,0.013072124,"TWOGAUSSIANS_WITH_ELLIPSOIDAL_ON_ECLIPSE1",9,147.93898,0.26966268,0.013072124,0.10131637,0.03280444,0.29848027,0.37549224,0.5772117,0.005953225,0.25248042,0.05444575,0.06210002,0.008985609
375316653866487564,2709566155467063168,0.5092404,2231.722497324101,0.9136990433369694,6.4770495E-5,18.091496,0.008413824,0.23935996,0.014384406,0.02101004,0.010529324,0.41395468,3.8480775,0.7547064,0.01819768,0.04131646,0.017917437,0.13181897,0.17883089,null,null,null,null,"TWOGAUSSIANS",8,13.732678,0.23935996,0.014384406,0.117656216,0.05896422,0.41395468,3.8480775,0.7547064,0.01819768,0.23137219,0.10033765,0.13181897,0.17883089
375316653866487564,2709580277319631232,0.6397884,2225.134128853447,0.16013007874401142,5.9720933E-5,17.302866,0.0065201405,0.4169375,7.3460606E-4,0.014875795,7.8310905E-4,0.78380847,0.18068895,0.57100433,0.00592343,0.030205455,0.0046733217,1.489955,4.3800306,null,null,null,null,"TWOGAUSSIANS",8,23.619648,0.57100433,0.00592343,0.16915055,0.026170602,1.489955,4.3800306,0.4169375,7.3460606E-4,0.08330445,0.004385411,0.7838118,0.18068907
375316653866487564,2709632920733629056,0.49482584,2188.5896069460873,3.9347170432971152,3.2837903E-5,16.807474,0.019784085,0.28288132,0.0039099273,0.0329123,0.007556893,0.350306,0.33937624,null,null,null,null,null,null,0.24491791,0.03608816,0.28288132,0.0039099273,"ONEGAUSSIAN_WITH_ELLIPSOIDAL",6,283.49216,0.28288132,0.0039099273,0.18430887,0.0423186,0.84014136,0.3356482,null,null,null,null,null,null
375316653866487564,2709670918309237504,0.5259052,2137.856743787691,2.1880053866612026,1.551265E-5,18.096193,0.0067540896,0.1516904,0.002940497,0.02421208,0.0024119124,0.3975715,0.056958932,0.6476869,0.009305555,0.03088857,0.01009635,0.18843265,0.068655536,null,null,null,null,"TWOGAUSSIANS",8,9.00933,0.1516904,0.002940497,0.13558765,0.0135067105,0.3975715,0.056958932,0.6476869,0.009305555,0.172976,0.056539558,0.18843265,0.068655536
375316653866487564,2709671468065070336,0.5817927,2154.343369824354,3.0392156797917105,1.1834939E-5,16.02559,0.013006048,0.2200508,0.003998178,0.042222746,0.009739578,0.13780941,0.023375914,0.7070255,0.027972572,0.062139466,0.04685583,0.2474554,0.13663433,0.054793533,0.013282523,0.2200508,0.003998178,"TWOGAUSSIANS_WITH_ELLIPSOIDAL_ON_ECLIPSE1",9,30.242527,0.70857555,0.021574922,0.347981,0.08672528,0.35636476,0.12672672,0.2200508,0.003998178,0.23644738,0.054541636,0.24736443,0.013825195
375316653866487564,2709705007464769152,0.65889853,2222.558498623554,3.31076945768372,3.4465186E-6,16.393545,0.010477585,0.25665706,0.0010898076,0.042793058,0.004861791,0.3507199,0.06400069,0.7601856,0.0024753565,0.055051096,0.0039402414,0.3206914,0.025059672,0.103193775,0.014675909,0.25665706,0.0010898076,"TWOGAUSSIANS_WITH_ELLIPSOIDAL_ON_ECLIPSE1",9,9.571264,0.25665706,0.0010898076,0.23964113,0.027226029,0.5570994,0.06608626,0.7601856,0.0024753565,0.30828616,0.022065353,0.5269695,0.0065256716
375316653866487564,2709708993194344704,0.5298256,2193.8999205779683,3.609986971129957,2.4173449E-5,16.717007,0.0048411326,null,null,null,null,null,null,null,null,null,null,null,null,0.082568154,0.004716164,0.27322146,0.006235765,"ELLIPSOIDAL",4,16.451876,null,null,null,null,null,null,null,null,null,null,null,null
375316653866487564,2709780324011160448,0.5395771,2133.5965622734025,1.2097860674620708,2.2435865E-4,17.869871,0.005662209,0.35226223,0.002657459,0.07163799,0.004201878,0.7219643,0.14563498,0.8711706,0.027280683,0.040395506,0.027273025,0.041746285,0.085507356,null,null,null,null,"TWOGAUSSIANS",8,5.7411547,0.35226223,0.002657459,0.4,0.019168053,0.72195375,0.14564943,0.8711706,0.027280683,0.22621483,0.15272895,0.041735705,0.085525654
375316653866487564,2709839766358553472,0.7060993,2136.2544751442147,4.813420208644045,3.7964799E-6,17.995743,0.006276728,0.16603519,0.0011545797,0.048132055,0.003918775,0.35611963,0.063708015,0.66085166,0.0030930764,0.040854122,0.0033781233,0.38798627,0.03233762,0.13571626,0.0072759856,0.16603519,0.0011545797,"TWOGAUSSIANS_WITH_ELLIPSOIDAL_ON_ECLIPSE1",9,0.8088536,0.66129166,0.0027799602,0.22878309,0.018917492,0.6591546,0.036016136,0.16603519,0.0011545797,0.2695395,0.02194514,0.6275515,0.0684966
375316653866487564,2709899483584208768,0.6018037,2204.12259949922,3.4646801962859666,1.6017719E-5,18.915192,0.014274106,0.20677356,0.0026854028,0.08980966,0.0071781375,0.35441938,0.03013385,0.7114834,0.0046312143,0.08667733,0.0077260416,0.37608364,0.027131148,null,null,null,null,"TWOGAUSSIANS",8,1.0188327,0.7114834,0.0046312143,0.4,0.0,0.36385912,0.02801084,0.20677356,0.0026854028,0.4,0.0,0.34219477,0.032794528
375316653866487564,2709938241368788864,0.4680599,2114.8107928862837,2.218222918696969,1.2412397E-4,19.65713,0.11540795,0.32028046,0.006456972,0.056900512,0.013997412,0.5459196,0.1408723,0.8058413,0.019529518,0.103678346,0.07442703,0.32686576,0.08393446,null,null,null,null,"TWOGAUSSIANS",8,3.895075,0.32028046,0.006357989,0.31864288,0.07838551,0.5415559,0.125523,0.8058413,0.019529518,0.4,0.0,0.32249495,0.06458699
375316653866487564,2709953458437673984,0.56055665,2193.729307362052,2.8158642855990013,1.85035E-5,17.310064,0.08812589,0.24399646,0.005054205,0.10200916,0.02040094,0.34594506,0.08260329,0.75277334,0.01669899,0.101122856,0.035995618,0.34890693,0.081610955,null,null,null,null,"TWOGAUSSIANS",8,15.727962,0.75277334,0.016727207,0.4,0.0,0.31873584,0.019955961,0.24399646,0.0049641198,0.4,0.0,0.31577313,0.030205322
375316653866487564,2709968611082395008,0.5258753,2250.887768961223,0.5939359394876889,1.3087495E-5,16.81936,0.006371998,0.86482257,4.219548E-4,0.024060918,0.0017195445,0.90640795,0.18837923,null,null,null,null,null,null,0.03323148,0.014074537,0.86482257,4.219548E-4,"ONEGAUSSIAN_WITH_ELLIPSOIDAL",6,19.671902,0.86482257,4.219548E-4,0.13474114,0.009629449,0.9728708,0.20069076,null,null,null,null,null,null
375316653866487564,2709979022082805376,0.5905267,2219.165940458525,1.9071949765211302,1.3346426E-5,12.415591,0.047782987,0.21595247,0.0047289515,0.0789409,0.013498366,0.45324028,0.027737416,0.72913945,0.0068037296,0.090187564,0.028782113,0.3908835,0.0638312,null,null,null,null,"TWOGAUSSIANS",8,573.11816,0.21595247,0.0047425423,0.4,0.0,0.44487742,0.01781232,0.72913945,0.0068037296,0.4,0.0,0.3825204,0.08614276
375316653866487564,2710095398516926848,0.5965159,2213.835533848788,1.8304759144353508,1.5371688E-5,12.549676,0.43949744,0.20827566,0.0054628095,0.10099599,0.03514392,0.14878756,0.17908582,0.70493895,0.07294206,0.11901242,0.18516952,0.1100417,0.43164915,null,null,null,null,"TWOGAUSSIANS",8,46.340557,0.20828566,0.004394518,0.4,0.0,0.1305397,0.009533139,0.70493895,0.07295142,0.4,0.03903922,0.091762714,0.028018273
375316653866487564,2710100797291057536,0.5801681,2227.8191666592493,0.03874490738019574,1.5214282E-4,9.388706,0.004812281,0.27448308,0.04885139,0.055597115,0.033196077,0.1290837,43.11544,0.5424423,5.8669056E-4,0.007972646,0.0021611303,0.033235464,0.013232177,0.0069630793,0.0051651257,0.27448308,0.04885139,"TWOGAUSSIANS_WITH_ELLIPSOIDAL_ON_ECLIPSE1",9,60.705826,0.27448308,0.04885139,0.31134385,0.14560807,0.14300467,43.11376,0.5424823,6.272069E-4,0.044646814,0.01210233,0.03340839,0.01579135
375316653866487564,2710106191770047616,0.6667796,2168.497262122807,3.2765970324108267,6.631517E-6,17.367931,0.008008841,0.27667806,0.0011002158,0.052041795,0.0018287795,0.42101818,0.01947556,0.7669836,0.0059242584,0.047143195,0.005967013,0.3195266,0.02415342,0.09908368,0.010235999,0.27667806,0.0011002158,"TWOGAUSSIANS_WITH_ELLIPSOIDAL_ON_ECLIPSE1",9,3.3927703,0.27667806,0.0011002158,0.29143405,0.010241165,0.61918044,0.010292494,0.7679336,0.005380673,0.26400188,0.033415273,0.5170264,0.022891432
375316653866487564,2710120176183533696,0.6072991,2213.572644198926,3.1513929632114226,1.5701515E-5,16.40199,0.0046731224,0.20954207,0.0019720409,0.03597778,0.002567048,0.26277396,0.014845608,0.7215205,0.04440848,0.038879298,0.031319667,0.1814632,3.5333097,0.027522067,0.00624925,0.20954207,0.0019720409,"TWOGAUSSIANS_WITH_ELLIPSOIDAL_ON_ECLIPSE1",9,11.592075,0.20954207,0.0019720409,0.20147558,0.014375468,0.31781808,0.012258904,0.7215205,0.044367176,0.21772406,0.17539014,0.23619612,3.5332072
375316653866487564,2710231875397835136,0.56230223,2205.0963495938736,4.345704451054833,1.9752393E-5,19.735188,0.008294243,0.31483528,0.012580328,0.05831175,0.008646052,0.54099846,0.08942002,0.80725986,0.0080993995,0.07875443,0.008462621,0.3146498,0.049676243,null,null,null,null,"TWOGAUSSIANS",8,0.59003335,0.31483528,0.012580328,0.3265458,0.048417896,0.5401791,0.08981261,0.80725986,0.0080993995,0.4,0.0,0.3138304,0.05004758
375316653866487564,2710266887971231232,0.67321384,2191.102860927366,2.5119690205247234,5.793864E-6,15.523609,0.00797702,0.24347128,0.0063462877,0.035903063,0.005469828,0.19992585,0.024878828,0.7524989,0.0027867102,0.041813847,0.0046891784,0.22042263,0.017004684,0.12713182,0.008997548,0.7524989,0.0027867102,"TWOGAUSSIANS_WITH_ELLIPSOIDAL_ON_ECLIPSE2",9,17.35329,0.7524989,0.0027867102,0.23415755,0.0262594,0.47468626,0.0037687419,0.24450128,0.0054888204,0.20105715,0.030631036,0.45346573,0.020909367
375316653866487564,2710270019002485376,0.6536899,2206.8702251041345,3.6200227224113233,2.982917E-6,14.449699,0.003960315,0.16162379,6.6348986E-4,0.073023565,0.0018116395,0.26086017,0.002984015,0.6570923,0.0013374918,0.07624535,0.0029266882,0.2201964,0.007976733,null,null,null,null,"TWOGAUSSIANS",8,13.141667,0.16162379,6.6348986E-4,0.4,0.0,0.25927985,0.0027767988,0.6570923,0.0013374918,0.4,0.0,0.21861607,0.0081394585
375316653866487564,2710275482200899200,0.52462137,2205.36670183573,4.833334993319202,2.663867E-5,17.382673,0.017805042,0.37054342,7.284671E-5,0.0069283824,1.4065627E-4,1.2019764,0.014271079,0.8482071,0.06412784,0.108173564,0.11966302,0.036740914,0.014387658,null,null,null,null,"TWOGAUSSIANS",8,32.55321,0.37054342,7.284671E-5,0.038798943,7.8767515E-4,1.2019767,0.014548043,0.8482071,0.06412784,0.4,0.09932384,0.036738683,0.013471899
375316653866487564,2710282556012116352,0.5027233,2187.345901727951,2.572946280853964,2.8235529E-5,19.030226,0.017089695,0.13472435,0.038617678,0.0635176,0.025541237,0.13320296,0.038696583,0.6041387,0.0034901823,0.04241109,0.0049302354,0.3226795,0.02513143,null,null,null,null,"TWOGAUSSIANS",8,3.9900308,0.6041387,0.0034901823,0.23750208,0.027609317,0.32267818,0.02512459,0.13472435,0.038617678,0.3556986,0.14154884,0.13320164,0.038693562
375316653866487564,2710286958353509120,0.6555414,2169.9022683050453,2.6412622818900084,6.1648007E-6,16.916132,0.0060791913,0.2798862,0.0020299517,0.08022979,0.0034493373,0.41318876,0.024130266,0.7872038,0.0019811264,0.076605394,0.0020270636,0.48476568,0.016777672,null,null,null,null,"TWOGAUSSIANS",8,5.755188,0.7872038,0.0019811264,0.4,0.0,0.47999462,0.016691376,0.2798862,0.0020299517,0.4,0.0,0.4084177,0.02486687
375316653866487564,2710440924341239808,0.5990586,2176.8640188932113,3.988491344952171,9.173056E-6,18.240604,0.008862805,0.25159717,0.004140051,0.07465652,0.0038600035,0.5248161,0.014165822,0.7566554,0.0027504903,0.07454069,0.003051469,0.43872997,0.01913725,null,null,null,null,"TWOGAUSSIANS",8,3.9153771,0.25159717,0.004140051,0.4,0.0,0.52169985,0.013711976,0.7566554,0.0027504903,0.4,0.0,0.43561378,0.019219285
375316653866487564,2710451743364160256,0.5677058,2188.290560889797,1.3139839564608835,1.3937448E-4,15.923886,0.0016630739,0.78520995,0.07892081,0.05414637,0.039531887,0.016495528,0.0070560016,0.6002305,0.024922283,0.043189064,0.041724186,0.26782376,0.20254053,null,null,null,null,"TWOGAUSSIANS",8,10.640557,0.60025054,0.024856018,0.24185875,0.1722402,0.267872,0.20259003,0.7847,0.18680432,0.3032197,0.20724407,0.016524063,0.2254986
375316653866487564,2710464117164543488,0.5179595,2199.0739271506814,3.0702838445313367,3.6564616E-5,15.08529,0.009220059,0.26434827,0.005108652,0.029975675,0.004612286,0.16648343,0.02203162,0.7905026,0.0112732,0.01629853,0.006956224,0.19959311,0.24162051,0.026009982,0.011034613,0.26434827,0.005108652,"TWOGAUSSIANS_WITH_ELLIPSOIDAL_ON_ECLIPSE1",9,174.18663,0.7905026,0.0112732,0.09127177,0.038954854,0.2502208,0.24534233,0.26434827,0.005108652,0.16786377,0.025828801,0.21850334,0.018312443
375316653866487564,2710511598028663424,0.50066936,2189.8519395011954,1.541101454652296,1.8609495E-5,18.578806,0.011328091,0.1445402,0.035170466,0.061239477,0.04815589,0.038014162,0.026042769,0.8355553,0.007490786,0.033902753,0.003834525,0.36954796,0.05126391,null,null,null,null,"TWOGAUSSIANS",8,6.2756767,0.8355553,0.007490786,0.18985541,0.021473339,0.36954808,0.051264085,0.1445402,0.035170466,0.34294108,0.26967296,0.038014162,0.026042769
375316653866487564,2710520776373151872,0.54209065,2191.0454758530163,2.637671070037252,2.085142E-5,13.694779,0.43236682,0.30184838,0.023084233,0.10232304,0.08983552,0.22856553,0.43347076,0.8203934,0.0064097145,0.10620203,0.059170008,0.1955835,0.38575727,null,null,null,null,"TWOGAUSSIANS",8,376.78925,0.30183837,0.023272876,0.4,0.0,0.2094165,0.023368223,0.8204034,0.006404379,0.4,0.0,0.1764306,0.021776138
375316653866487564,2710652271091915520,0.60287035,2203.006769272497,2.369973777845956,1.763677E-5,12.74022,0.004801229,0.3301387,0.0061723883,0.051481683,0.008255655,0.12371062,0.01516612,0.83698756,0.0030091994,0.034610633,0.0040124008,0.14344656,0.026507962,0.07078525,0.005526402,0.83698756,0.0030091994,"TWOGAUSSIANS_WITH_ELLIPSOIDAL_ON_ECLIPSE2",9,138.43452,0.83698756,0.0030091994,0.19381954,0.022469444,0.28501564,0.023757236,0.33145872,0.0045238053,0.2882974,0.046231665,0.26506826,0.014534502
