Gaia/vari_eclipsing_binary/VariEclipsingBinary_231211-231239.csv
# %ECSV 1.0
# ---
# delimiter: ','
# meta: !!omap
# - RELEASE: Gaia DR3
# - TABLE: vari_eclipsing_binary
# - DESCRIPTION: >
#     This table describes the properties of the eclipsing binaries resulting from the variability analysis. 
# - CITATION: >
#     How to cite and acknowledge Gaia: 
#     https://gea.esac.esa.int/archive/documentation/credits.html 
# - KNOWN_ISSUES: >
#     Known issues: 
#     https://www.cosmos.esa.int/web/gaia-users/known-issues 
# - DOCUMENTATION: >
#     Tutorials and documentation: 
#     https://www.cosmos.esa.int/web/gaia-users/archive 
# datatype:
# - 
#   name: solution_id
#   datatype: int64
#   description: Solution Identifier
#   meta:
#     ucd: meta.version
# - 
#   name: source_id
#   datatype: int64
#   description: Unique source identifier
#   meta:
#     ucd: meta.id;meta.main
# - 
#   name: global_ranking
#   datatype: float32
#   description: Number between 0 (worst) and 1 (best)
#   meta:
#     ucd: stat.param
# - 
#   name: reference_time
#   datatype: float64
#   unit: d
#   description: Reference time used for the geometric model fit
#   meta:
#     ucd: time.epoch
# - 
#   name: frequency
#   datatype: float64
#   unit: d**-1
#   description: Frequency of geometric model of the eclipsing binary light curve
#   meta:
#     ucd: src.orbital
# - 
#   name: frequency_error
#   datatype: float32
#   unit: d**-1
#   description: "Uncertainty of \\texttt{frequency}"
#   meta:
#     ucd: stat.error
# - 
#   name: geom_model_reference_level
#   datatype: float32
#   unit: mag
#   description: Magnitude reference level of geometric model
#   meta:
#     ucd: phot.mag;em.opt
# - 
#   name: geom_model_reference_level_error
#   datatype: float32
#   unit: mag
#   description: "Uncertainty of \\texttt{geomModelReferenceLevel}"
#   meta:
#     ucd: stat.error;phot.mag;em.opt
# - 
#   name: geom_model_gaussian1_phase
#   datatype: float32
#   description: Phase of the Gaussian 1 component
#   meta:
#     ucd: time.phase
# - 
#   name: geom_model_gaussian1_phase_error
#   datatype: float32
#   description: "Uncertainty of \\texttt{geomModelGaussian1Phase}"
#   meta:
#     ucd: stat.error;time.phase
# - 
#   name: geom_model_gaussian1_sigma
#   datatype: float32
#   description: "Standard deviation [phase] of Gaussian 1 component"
#   meta:
#     ucd: stat.stdev
# - 
#   name: geom_model_gaussian1_sigma_error
#   datatype: float32
#   description: "Uncertainty of \\texttt{geomModelGaussian1Sigma}"
#   meta:
#     ucd: stat.error
# - 
#   name: geom_model_gaussian1_depth
#   datatype: float32
#   unit: mag
#   description: Magnitude depth of Gaussian 1 component
#   meta:
#     ucd: src.var.amplitude
# - 
#   name: geom_model_gaussian1_depth_error
#   datatype: float32
#   unit: mag
#   description: "Uncertainty of \\texttt{geomModelGaussian1Depth}"
#   meta:
#     ucd: stat.error;src.var.amplitude
# - 
#   name: geom_model_gaussian2_phase
#   datatype: float32
#   description: Phase of Gaussian 2 component
#   meta:
#     ucd: time.phase
# - 
#   name: geom_model_gaussian2_phase_error
#   datatype: float32
#   description: "Uncertainty of \\texttt{geomModelGaussian2Phase}"
#   meta:
#     ucd: stat.error;time.phase
# - 
#   name: geom_model_gaussian2_sigma
#   datatype: float32
[...]
#   datatype: float32
#   description: "Secondary eclipse: uncertainty of \\texttt{derivedSecondaryEclDuration}"
#   meta:
#     ucd: stat.error;time.duration
# - 
#   name: derived_secondary_ecl_depth
#   datatype: float32
#   unit: mag
#   description: "Secondary eclipse: depth"
#   meta:
#     ucd: src.var.amplitude
# - 
#   name: derived_secondary_ecl_depth_error
#   datatype: float32
#   unit: mag
#   description: "Secondary eclipse: uncertainty of \\texttt{derivedSecondaryEclDepth}"
#   meta:
#     ucd: stat.error;src.var.amplitude
solution_id,source_id,global_ranking,reference_time,frequency,frequency_error,geom_model_reference_level,geom_model_reference_level_error,geom_model_gaussian1_phase,geom_model_gaussian1_phase_error,geom_model_gaussian1_sigma,geom_model_gaussian1_sigma_error,geom_model_gaussian1_depth,geom_model_gaussian1_depth_error,geom_model_gaussian2_phase,geom_model_gaussian2_phase_error,geom_model_gaussian2_sigma,geom_model_gaussian2_sigma_error,geom_model_gaussian2_depth,geom_model_gaussian2_depth_error,geom_model_cosine_half_period_amplitude,geom_model_cosine_half_period_amplitude_error,geom_model_cosine_half_period_phase,geom_model_cosine_half_period_phase_error,model_type,num_model_parameters,reduced_chi2,derived_primary_ecl_phase,derived_primary_ecl_phase_error,derived_primary_ecl_duration,derived_primary_ecl_duration_error,derived_primary_ecl_depth,derived_primary_ecl_depth_error,derived_secondary_ecl_phase,derived_secondary_ecl_phase_error,derived_secondary_ecl_duration,derived_secondary_ecl_duration_error,derived_secondary_ecl_depth,derived_secondary_ecl_depth_error
[from data line 472]
375316653866487564,2033899256475486592,0.48452127,2215.499207191645,0.06093414312372526,3.928742E-5,17.535778,0.0015783308,0.51267964,0.001073366,0.008297994,0.0015580276,0.3643009,0.25333142,0.7685966,0.0060265204,0.01704652,0.00460953,0.037416793,0.0035118063,null,null,null,null,"TWOGAUSSIANS",8,2.6333504,0.51267964,0.001073366,0.046468765,0.008724955,0.3643009,0.25333142,0.7685966,0.0060265204,0.09546052,0.02581337,0.037416793,0.0035118063
375316653866487564,2033899286496863872,0.61097705,2214.7496355939275,0.3138771623248728,7.883327E-6,18.035524,0.0031300017,0.5760333,0.1296102,0.036820292,0.092899494,0.015018022,0.0105741955,0.7464807,0.0011711969,0.014115634,0.0010053014,0.5580778,0.012682977,null,null,null,null,"TWOGAUSSIANS",8,2.2196233,0.7464807,0.0011711969,0.07904755,0.0056296876,0.5580781,0.012776029,0.5760333,0.1296102,0.20619364,0.3386381,0.015018022,0.010574106
375316653866487564,2033899320856612992,0.60351187,2238.0011338419145,0.939322985889782,1.9971505E-6,17.892359,0.002380781,0.36133924,6.437916E-4,0.036201164,8.180417E-4,0.475628,0.0086572105,0.8540176,0.0030503152,0.03744274,0.003953143,0.054221667,0.0030089547,null,null,null,null,"TWOGAUSSIANS",8,2.1871145,0.36133924,6.437916E-4,0.20272653,0.0045810337,0.475628,0.0086572105,0.8540176,0.0030503152,0.20967935,0.0221376,0.054221667,0.0030089547
375316653866487564,2033899320857369856,0.5598085,2222.370841887405,3.525894284020677,7.624582E-6,19.570265,0.012144434,0.24250472,0.0027547253,0.06359233,0.0042743534,0.6146959,0.040177748,0.7461878,0.0069429027,0.06391752,0.0045967004,0.7995165,0.04675802,null,null,null,null,"TWOGAUSSIANS",8,3.578677,0.7461878,0.0069429027,0.35793808,0.025741523,0.7989432,0.046671033,0.24250472,0.0027547253,0.35611704,0.023936378,0.6141226,0.040311974
375316653866487564,2033899634408158592,0.40800658,2251.0292208717533,0.4117502423718489,5.1582076E-5,18.886843,0.03651023,0.33402172,0.034115285,0.18115835,0.085044876,0.06444793,0.03532326,0.70124495,0.010132756,0.03696157,0.042338803,0.08936556,0.044209063,null,null,null,null,"TWOGAUSSIANS",8,4.8142467,0.70124495,0.010132756,0.20698479,0.20266624,0.09483092,0.04833252,0.33402172,0.034107354,0.4,0.0,0.06150967,0.015884385
375316653866487564,2033899874926538112,0.49936488,2207.134282966313,2.45813651145195,2.6715003E-5,18.020512,0.025841614,0.20588006,0.006670703,0.105612464,0.014814468,0.19878723,0.02754085,0.7056727,0.004898216,0.105944335,0.013696978,0.19732375,0.02484872,null,null,null,null,"TWOGAUSSIANS",8,6.757392,0.20588006,0.0066780173,0.4,0.0,0.17459044,0.011761587,0.7056727,0.0048962543,0.4,0.0,0.17312662,0.012232958
375316653866487564,2033900218524279552,0.474238,2234.1961804803077,3.67977291383608,1.5010602E-5,19.55921,0.047121227,0.20472755,0.0073903063,0.114813454,0.020529494,0.25488284,0.045945354,0.7215883,0.0069845086,0.10330002,0.022156851,0.24711618,0.040012408,null,null,null,null,"TWOGAUSSIANS",8,2.0402896,0.20471755,0.007374378,0.4,0.0,0.22462131,0.014811374,0.7216283,0.0069913673,0.4,0.0,0.2168959,0.023189623
375316653866487564,2033901008822129792,0.5328988,2220.0939256626402,1.2123455888314012,1.8366234E-5,18.188152,0.003365843,0.14256193,0.0029282293,0.029097047,0.003963983,0.07084365,0.015476893,0.64146847,0.016308395,0.046373434,0.009749989,0.2022271,0.0415376,0.05247393,0.00616666,0.14256193,0.0029282293,"TWOGAUSSIANS_WITH_ELLIPSOIDAL_ON_ECLIPSE1",9,5.1413794,0.64155847,0.015211622,0.25969124,0.054599937,0.30717018,0.042782836,0.14256193,0.0029282293,0.16294347,0.022198305,0.17579128,0.014152455
375316653866487564,2033901107563132160,0.47527206,2224.4567607490685,2.028580327361842,1.6908843E-5,18.248093,0.0024082283,null,null,null,null,null,null,null,null,null,null,null,null,0.051041722,0.0033365435,0.22180733,0.0054353653,"ELLIPSOIDAL",4,3.5900726,null,null,null,null,null,null,null,null,null,null,null,null
375316653866487564,2033902073949559168,0.4284445,2220.0365400040046,3.0237935039094896,4.263185E-5,19.860146,0.034407854,0.26148418,0.012461196,0.078509174,0.029466668,0.27558982,0.055420406,0.771123,0.01106502,0.06331859,0.012734989,0.22628155,0.036538437,null,null,null,null,"TWOGAUSSIANS",8,8.027062,0.26148418,0.012461196,0.4,0.050440993,0.27480146,0.056857523,0.771123,0.01106502,0.3545841,0.07131594,0.2254932,0.034662127
375316653866487564,2033902245748777728,0.45171663,2226.682033876927,0.7222918915566647,2.6054583E-6,19.646048,0.014793095,0.17577212,3.5822607E-4,6.1889674E-4,5.075219E-4,0.19882907,1.0024601,0.71378434,0.008083792,0.034751467,0.010341589,0.22761324,0.31267744,0.09696977,0.023611782,0.71378434,0.008083792,"TWOGAUSSIANS_WITH_ELLIPSOIDAL_ON_ECLIPSE2",9,8.829525,0.71378434,0.008083792,0.19460823,0.057912897,0.42155254,0.30922323,0.17577212,3.5822607E-4,0.0034658217,0.0028421225,0.3819141,1.002354
375316653866487564,2033902314468091136,0.53560144,2227.1609853612426,0.9859806837772511,1.7250311E-5,19.755125,0.011643445,0.21888961,0.027407229,0.049676627,0.022871206,0.2198799,0.018526563,0.70954174,0.0057211816,0.045210287,0.0081760725,0.7802189,0.18831317,null,null,null,null,"TWOGAUSSIANS",8,2.2304995,0.70954174,0.0057211816,0.2531776,0.045786005,0.7802185,0.18831535,0.21888961,0.027407229,0.27818912,0.122428566,0.21987946,0.018513558
375316653866487564,2033902417571508736,0.64507115,2235.7787852739593,2.179665360113595,1.0921893E-5,13.574897,4.6359657E-4,0.05137489,0.007081125,0.008490712,0.0050469874,0.30132014,40194.984,0.22826318,0.038976375,0.011262562,0.0122907,0.12852187,0.36433446,null,null,null,null,"TWOGAUSSIANS",8,12.7141,0.05137489,0.007081125,0.047547992,0.028263131,0.30132014,40194.984,0.22826318,0.038976375,0.06307035,0.06882792,0.12852187,0.36433446
375316653866487564,2033903001669715968,0.4751235,2163.9475458418765,2.1776557869656665,1.9534902E-5,19.57513,0.021981481,0.22913775,0.007963523,0.08981018,0.0129557615,0.3794399,0.046619326,0.7198881,0.005547255,0.08958383,0.007072709,0.41154572,0.03228037,null,null,null,null,"TWOGAUSSIANS",8,4.6517835,0.7198881,0.005547255,0.4,0.0,0.3974886,0.029482365,0.22913775,0.007963523,0.4,0.0,0.36538276,0.050117373
375316653866487564,2033903860684841088,0.41878942,2219.1964463587756,2.259151409390153,6.0304177E-5,17.514412,0.007532319,0.29314813,0.050261717,0.039000466,0.039566405,0.051952608,0.063265584,0.7374276,0.026154578,0.035294432,0.07780706,0.053197514,1.3131558,0.038701937,0.012586203,0.7374276,0.026154578,"TWOGAUSSIANS_WITH_ELLIPSOIDAL_ON_ECLIPSE2",9,48.415302,0.7374276,0.026154578,0.19764881,0.43571955,0.13060117,1.3289787,0.28495812,0.05002055,0.21840261,0.22157186,0.1215226,0.07482097
375316653866487564,2033904131214984576,0.6021959,2200.824403809562,3.053624648820327,6.3102134E-6,19.602942,0.010610376,0.2579182,0.0018365091,0.039299574,0.0021714251,0.5014147,0.026543504,0.7536706,0.0028036493,0.035943788,0.0035362735,0.2933057,0.023300633,0.17204133,0.01211403,0.2579182,0.0018365091,"TWOGAUSSIANS_WITH_ELLIPSOIDAL_ON_ECLIPSE1",9,2.0653887,0.2579182,0.0018365091,0.22007762,0.01215998,0.84549725,0.018551884,0.7541206,0.0024910697,0.20128521,0.019803131,0.63716936,0.013298563
375316653866487564,2033904543538745344,0.4729508,2204.0604166095795,0.42288611734509923,2.7621583E-5,19.378191,0.019667959,0.2482601,0.011740163,0.047406834,0.011471421,0.26195693,0.036639832,0.7286182,0.01950655,0.07019115,0.027049588,0.23162909,0.047768623,null,null,null,null,"TWOGAUSSIANS",8,5.6709146,0.2482601,0.011740163,0.26547828,0.06423996,0.26192948,0.036614284,0.7286182,0.01950655,0.39307043,0.11509597,0.23160163,0.04785064
375316653866487564,2033904547875690496,0.54624265,2209.0273611807065,0.2808369537286774,1.4144408E-4,15.305541,7.319232E-4,0.33943525,7.567974E-4,0.020103931,5.659119E-4,0.15411618,0.004264955,0.73669326,0.04578902,0.02498757,0.028264493,0.017466063,0.023031319,null,null,null,null,"TWOGAUSSIANS",8,6.963316,0.33943525,7.567974E-4,0.11258202,0.0031691066,0.15411618,0.004264955,0.73669326,0.04578902,0.13993038,0.15828116,0.017466063,0.023031319
375316653866487564,2033904650954857344,0.54824084,2228.8737936507027,0.4243376679782767,1.0877109E-6,15.965531,9.4256527E-4,0.64327145,3.0042737E-4,0.0064774207,7.538338E-5,1.3992523,0.08148986,null,null,null,null,null,null,null,null,null,null,"ONEGAUSSIAN",5,7.0116982,0.64327145,3.0042737E-4,0.036273554,4.2214693E-4,1.3992523,0.0,null,null,null,null,null,null
375316653866487564,2033905681729435136,0.6067228,2226.0857731864207,0.5606698044133168,3.6004978E-6,18.923824,0.003583057,0.5824073,0.04350503,0.05742403,0.0512293,0.030161519,0.020477146,0.75493604,8.255455E-4,0.023084344,7.79583E-4,1.508773,0.074659884,0.016951237,0.006880156,0.75493604,8.255455E-4,"TWOGAUSSIANS_WITH_ELLIPSOIDAL_ON_ECLIPSE2",9,3.2046793,0.75493604,8.255455E-4,0.12927233,0.004365665,1.5430061,0.07496154,0.6068373,0.15142083,0.32157457,0.19787154,0.03965152,1.4756937
375316653866487564,2033906025326651136,0.45469862,2200.1904019142926,0.786957253288472,4.1566942E-5,19.218939,0.0058017178,0.2592395,0.009787542,0.040415607,0.010637271,0.13645102,0.018000491,0.74489254,0.015537757,0.068200596,0.016325394,0.19388172,0.059150442,null,null,null,null,"TWOGAUSSIANS",8,3.404115,0.74489254,0.015537757,0.38192332,0.0650648,0.19387728,0.05918015,0.2592395,0.009787542,0.2263274,0.059568718,0.13644658,0.018001033
375316653866487564,2033906678162211712,0.44614425,2218.4163931436765,2.5444144294838122,3.5954246E-5,19.092228,0.050984457,0.26897907,0.015440044,0.08360255,0.019287307,0.3812422,0.049555425,0.76776844,0.0095337005,0.1048677,0.022084408,0.33901182,0.052853208,null,null,null,null,"TWOGAUSSIANS",8,16.489828,0.26897907,0.0154478885,0.4,0.0,0.36062643,0.02875068,0.76776844,0.0095337005,0.4,0.0,0.31838825,0.047459483
375316653866487564,2033906781241458432,0.5435556,2221.1622246128654,3.4080880329454857,1.10740475E-5,19.110886,0.011077394,0.21167547,0.005277272,0.07984403,0.005928097,0.35316023,0.022385044,0.7099485,0.004776516,0.07990352,0.007714707,0.42615262,0.02434612,null,null,null,null,"TWOGAUSSIANS",8,3.469054,0.7099485,0.004776516,0.4,0.0,0.42055964,0.025906585,0.21167547,0.005277272,0.4,0.0,0.34756723,0.02242027
375316653866487564,2033906918697568896,0.6541908,2221.816523228905,0.59424383931101,2.9911914E-6,17.25082,0.0027322406,0.22766142,6.4448017E-4,0.030937029,6.420106E-4,0.61955994,0.0144147575,0.72959757,0.0030328326,0.030523807,0.0010896643,0.5711771,0.0437726,0.02994658,0.0057621975,0.22766142,6.4448017E-4,"TWOGAUSSIANS_WITH_ELLIPSOIDAL_ON_ECLIPSE1",9,4.6269546,0.22766142,6.4448017E-4,0.17324737,0.0035952593,0.6794531,0.01368546,0.72959757,0.003024734,0.17093332,0.0061021205,0.6310613,0.043169692
375316653866487564,2033907296654698752,0.49284333,2209.698888481931,0.618443878935527,1.4796107E-5,17.64545,0.002385508,0.15430726,0.0130304815,0.025304968,0.008427794,0.018514095,0.0065244352,0.8658626,0.0036632337,0.03809516,0.002003444,0.33006927,0.018931968,null,null,null,null,"TWOGAUSSIANS",8,4.3356414,0.8658626,0.0036632337,0.2133329,0.011219286,0.33006927,0.018931968,0.15430726,0.0130304815,0.14170782,0.047195643,0.018514095,0.0065244352
375316653866487564,2033907434093752960,0.46607527,2193.779921251792,0.2083390990555276,2.2984721E-5,18.361025,0.0035426407,0.758377,0.0012609296,0.0067126565,0.0027051598,0.373894,0.8286392,null,null,null,null,null,null,0.027060203,0.005787099,0.758377,0.0012609296,"ONEGAUSSIAN_WITH_ELLIPSOIDAL",6,6.9518156,0.758377,0.0012609296,0.037590876,0.015148895,0.42801437,0.829257,null,null,null,null,null,null
375316653866487564,2033907777691195776,0.52839077,2190.6336950649634,0.7631566452894044,1.2573629E-5,17.794172,0.0023270422,0.30869484,0.0038214703,0.030663231,0.0047779703,0.17345749,0.10749681,0.8113646,0.0048427507,0.026630115,0.0032374577,0.29431948,0.018792411,null,null,null,null,"TWOGAUSSIANS",8,5.4383335,0.8113646,0.0048427507,0.14912865,0.018129762,0.29431948,0.018792411,0.30869484,0.0038214703,0.1717141,0.026756633,0.17345749,0.10749681
375316653866487564,2033908121288503168,0.477097,2205.232203125582,2.555003616328617,2.0092883E-5,17.499449,0.00903788,0.15575746,0.0064704623,0.071222894,0.009596144,0.15476607,0.012914397,0.6528337,0.0057674875,0.06771353,0.0071670855,0.17442448,0.0147461295,null,null,null,null,"TWOGAUSSIANS",8,17.292526,0.6528337,0.0057674875,0.37919575,0.03787999,0.17395623,0.014594744,0.15575746,0.0064704623,0.3988482,0.033825785,0.15429781,0.012786539
375316653866487564,2033908671044415872,0.4622447,2192.7303603360574,2.324066325291148,1.8144103E-5,19.747337,0.016541395,0.27903423,0.014162265,0.0798539,0.017918484,0.26639488,0.026204353,0.78937715,0.004899593,0.08529978,0.008615419,0.28712335,0.02692804,null,null,null,null,"TWOGAUSSIANS",8,1.4189403,0.78937715,0.004899593,0.4,0.0,0.28244987,0.026789762,0.27903423,0.014162265,0.4,0.0,0.2617214,0.02592325
375316653866487564,2033909186423575936,0.5900815,2179.2830148349944,2.539310077873031,1.04233395E-5,19.165916,0.017925415,0.24799076,0.0023591737,0.046106804,0.0047915676,0.31713343,0.03971243,0.7535193,0.0032807686,0.05133986,0.008344502,0.31698313,0.038295668,0.11072231,0.021463266,0.24799076,0.0023591737,"TWOGAUSSIANS_WITH_ELLIPSOIDAL_ON_ECLIPSE1",9,1.6824764,0.24799076,0.0023591737,0.2581981,0.02683278,0.5385745,0.011407593,0.7535193,0.0032807686,0.2875032,0.04672921,0.5381571,0.013386066
375316653866487564,2033909255143121792,0.45588088,2155.1139897502126,2.5486589729377025,4.850365E-5,19.592745,0.04432869,0.2666736,0.014182522,0.0943319,0.018528016,0.35716936,0.056537896,0.7769424,0.016985398,0.08603516,0.031501487,0.3618635,0.050073158,null,null,null,null,"TWOGAUSSIANS",8,7.9721336,0.7769424,0.016985398,0.4,0.06705029,0.3487387,0.051494207,0.2666736,0.014182522,0.4,0.0,0.34404397,0.047150757
375316653866487564,2033909839258306048,0.52862734,2200.1044890806793,2.8443965531524196,9.487289E-6,18.524246,0.008502914,0.2342833,0.0031022895,0.08004097,0.0053424556,0.28946754,0.009516396,0.73834854,0.004415204,0.078659244,0.004818449,0.34001404,0.012029832,null,null,null,null,"TWOGAUSSIANS",8,3.581159,0.73834854,0.004415204,0.4,0.0,0.3359731,0.010640481,0.2342833,0.0031022895,0.4,0.0,0.28542662,0.008832737
375316653866487564,2033910659563368960,0.46795362,2230.39613041867,0.05619941295933031,1.5895785E-5,18.960815,0.006682994,0.27965352,0.00534365,0.018457983,0.0043837046,1.2201664,0.89368105,0.8169919,0.0036348035,0.0056377426,0.0055486304,0.1434136,40.403366,0.016160838,0.007484033,0.27965352,0.00534365,"TWOGAUSSIANS_WITH_ELLIPSOIDAL_ON_ECLIPSE1",9,5.2619553,0.27965352,0.00534365,0.1033647,0.024548747,1.2524881,0.89180297,0.8169919,0.0036348035,0.03157136,0.03107233,0.1739887,40.400723
375316653866487564,2033910831364008832,0.45740825,2188.709394277987,3.1503319233346776,2.0958152E-5,19.576883,0.084860675,0.21263598,0.009201074,0.10856736,0.033322167,0.2483571,0.07759387,0.71393675,0.010715302,0.11456916,0.03460349,0.29196915,0.07530152,null,null,null,null,"TWOGAUSSIANS",8,3.6435897,0.71393675,0.010721579,0.4,0.0,0.24874258,0.034592,0.21263598,0.009212978,0.4,0.0,0.20516098,0.017923538
375316653866487564,2033910904410524672,0.6035469,2189.6188069985637,2.930626008643363,6.3274397E-6,16.872976,0.0187068,0.22304264,0.0040311874,0.055593845,0.0062844255,0.24660839,0.039644144,0.7305844,0.0026114075,0.05878166,0.0066920943,0.38146618,0.035715275,0.08527652,0.020398961,0.7305844,0.0026114075,"TWOGAUSSIANS_WITH_ELLIPSOIDAL_ON_ECLIPSE2",9,24.390137,0.7305844,0.0026114075,0.3291773,0.037475727,0.551969,0.015870133,0.22413264,0.0034494898,0.31132552,0.035192784,0.41678372,0.009539441
