Gaia/vari_eclipsing_binary/VariEclipsingBinary_666214-666233.csv
# %ECSV 1.0
# ---
# delimiter: ','
# meta: !!omap
# - RELEASE: Gaia DR3
# - TABLE: vari_eclipsing_binary
# - DESCRIPTION: >
#     This table describes the properties of the eclipsing binaries resulting from the variability analysis. 
# - CITATION: >
#     How to cite and acknowledge Gaia: 
#     https://gea.esac.esa.int/archive/documentation/credits.html 
# - KNOWN_ISSUES: >
#     Known issues: 
#     https://www.cosmos.esa.int/web/gaia-users/known-issues 
# - DOCUMENTATION: >
#     Tutorials and documentation: 
#     https://www.cosmos.esa.int/web/gaia-users/archive 
# datatype:
# - 
#   name: solution_id
#   datatype: int64
#   description: Solution Identifier
#   meta:
#     ucd: meta.version
# - 
#   name: source_id
#   datatype: int64
#   description: Unique source identifier
#   meta:
#     ucd: meta.id;meta.main
# - 
#   name: global_ranking
#   datatype: float32
#   description: Number between 0 (worst) and 1 (best)
#   meta:
#     ucd: stat.param
# - 
#   name: reference_time
#   datatype: float64
#   unit: d
#   description: Reference time used for the geometric model fit
#   meta:
#     ucd: time.epoch
# - 
#   name: frequency
#   datatype: float64
#   unit: d**-1
#   description: Frequency of geometric model of the eclipsing binary light curve
#   meta:
#     ucd: src.orbital
# - 
#   name: frequency_error
#   datatype: float32
#   unit: d**-1
#   description: "Uncertainty of \\texttt{frequency}"
#   meta:
#     ucd: stat.error
# - 
#   name: geom_model_reference_level
#   datatype: float32
#   unit: mag
#   description: Magnitude reference level of geometric model
#   meta:
#     ucd: phot.mag;em.opt
# - 
#   name: geom_model_reference_level_error
#   datatype: float32
#   unit: mag
#   description: "Uncertainty of \\texttt{geomModelReferenceLevel}"
#   meta:
#     ucd: stat.error;phot.mag;em.opt
# - 
#   name: geom_model_gaussian1_phase
#   datatype: float32
#   description: Phase of the Gaussian 1 component
#   meta:
#     ucd: time.phase
# - 
#   name: geom_model_gaussian1_phase_error
#   datatype: float32
#   description: "Uncertainty of \\texttt{geomModelGaussian1Phase}"
#   meta:
#     ucd: stat.error;time.phase
# - 
#   name: geom_model_gaussian1_sigma
#   datatype: float32
#   description: "Standard deviation [phase] of Gaussian 1 component"
#   meta:
#     ucd: stat.stdev
# - 
#   name: geom_model_gaussian1_sigma_error
#   datatype: float32
#   description: "Uncertainty of \\texttt{geomModelGaussian1Sigma}"
#   meta:
#     ucd: stat.error
# - 
#   name: geom_model_gaussian1_depth
#   datatype: float32
#   unit: mag
#   description: Magnitude depth of Gaussian 1 component
#   meta:
#     ucd: src.var.amplitude
# - 
#   name: geom_model_gaussian1_depth_error
#   datatype: float32
#   unit: mag
#   description: "Uncertainty of \\texttt{geomModelGaussian1Depth}"
#   meta:
#     ucd: stat.error;src.var.amplitude
# - 
#   name: geom_model_gaussian2_phase
#   datatype: float32
#   description: Phase of Gaussian 2 component
#   meta:
#     ucd: time.phase
# - 
#   name: geom_model_gaussian2_phase_error
#   datatype: float32
#   description: "Uncertainty of \\texttt{geomModelGaussian2Phase}"
#   meta:
#     ucd: stat.error;time.phase
# - 
#   name: geom_model_gaussian2_sigma
#   datatype: float32
[...]
#   datatype: float32
#   description: "Secondary eclipse: uncertainty of \\texttt{derivedSecondaryEclDuration}"
#   meta:
#     ucd: stat.error;time.duration
# - 
#   name: derived_secondary_ecl_depth
#   datatype: float32
#   unit: mag
#   description: "Secondary eclipse: depth"
#   meta:
#     ucd: src.var.amplitude
# - 
#   name: derived_secondary_ecl_depth_error
#   datatype: float32
#   unit: mag
#   description: "Secondary eclipse: uncertainty of \\texttt{derivedSecondaryEclDepth}"
#   meta:
#     ucd: stat.error;src.var.amplitude
solution_id,source_id,global_ranking,reference_time,frequency,frequency_error,geom_model_reference_level,geom_model_reference_level_error,geom_model_gaussian1_phase,geom_model_gaussian1_phase_error,geom_model_gaussian1_sigma,geom_model_gaussian1_sigma_error,geom_model_gaussian1_depth,geom_model_gaussian1_depth_error,geom_model_gaussian2_phase,geom_model_gaussian2_phase_error,geom_model_gaussian2_sigma,geom_model_gaussian2_sigma_error,geom_model_gaussian2_depth,geom_model_gaussian2_depth_error,geom_model_cosine_half_period_amplitude,geom_model_cosine_half_period_amplitude_error,geom_model_cosine_half_period_phase,geom_model_cosine_half_period_phase_error,model_type,num_model_parameters,reduced_chi2,derived_primary_ecl_phase,derived_primary_ecl_phase_error,derived_primary_ecl_duration,derived_primary_ecl_duration_error,derived_primary_ecl_depth,derived_primary_ecl_depth_error,derived_secondary_ecl_phase,derived_secondary_ecl_phase_error,derived_secondary_ecl_duration,derived_secondary_ecl_duration_error,derived_secondary_ecl_depth,derived_secondary_ecl_depth_error
[from data line 512]
375316653866487564,5860201129896336896,0.60198087,2227.3632075698624,0.28642779321047596,1.1558941E-5,16.504576,6.264758E-4,0.28253055,0.002185089,0.017753607,0.0015680107,0.16069265,0.026139017,0.789576,0.019492311,0.014514092,0.01253847,0.12018846,0.35292488,0.005218645,0.0010138886,0.28253055,0.002185089,"TWOGAUSSIANS_WITH_ELLIPSOIDAL_ON_ECLIPSE1",9,1.0100565,0.28253055,0.002185089,0.0994202,0.008780859,0.17112994,0.02626472,0.789576,0.019492311,0.08127891,0.070215434,0.13060531,0.35309878
375316653866487564,5860201164206837248,0.52907324,2211.639664491238,2.676604097441681,1.3312559E-5,19.180449,0.010797372,0.19563498,0.0036972985,0.071913324,0.0043669064,0.30330002,0.01693788,0.6853807,0.0034452109,0.07206504,0.005901511,0.3247256,0.016441422,null,null,null,null,"TWOGAUSSIANS",8,2.3089087,0.6853807,0.0034452109,0.4,0.014605067,0.32354933,0.016417298,0.19563498,0.0036972985,0.4,0.007702385,0.30212376,0.016724838
375316653866487564,5860201404724065408,0.55520225,2180.52372877609,0.6978308682406553,8.152465E-6,17.244076,0.0020756687,0.25940263,0.0021518392,0.041167844,0.0018061891,0.29012626,0.015942631,null,null,null,null,null,null,null,null,null,null,"ONEGAUSSIAN",5,4.1044436,0.25940263,0.0021518392,0.23053993,0.010114659,0.29012626,0.0,null,null,null,null,null,null
375316653866487564,5860201714011935872,0.41275564,2181.2761010252557,1.6314017997194388,4.5245717E-5,19.098959,0.012171001,0.5290843,0.01005544,0.076623395,0.0081849415,0.16216034,0.020875577,0.7986696,0.0013173985,0.014930065,0.0010445657,0.085333094,0.01799542,null,null,null,null,"TWOGAUSSIANS",8,6.061383,0.5290843,0.01005544,0.4,0.0,0.16216034,0.020875577,0.7986696,0.0013173985,0.08360837,0.0058495677,0.08566573,0.01814571
375316653866487564,5860202225053123968,0.63415563,2200.8775248076086,1.723452661315676,3.2354199E-6,17.39615,0.0021475242,0.3026261,6.9453585E-4,0.052171547,9.225505E-4,0.4240027,0.008298376,0.797747,0.0064366395,0.061607994,0.004354099,0.08408413,0.0038409566,null,null,null,null,"TWOGAUSSIANS",8,2.9214387,0.3026261,6.9453585E-4,0.29216066,0.005166283,0.42398444,0.008299417,0.797747,0.0064366395,0.34500477,0.024382953,0.08406586,0.0038382143
375316653866487564,5860202538645685632,0.65259975,2192.53580027106,0.9196455981561911,6.4238397E-6,16.09726,0.010342676,0.2401298,0.0029098273,0.04167706,0.0057371613,0.7250364,0.09129952,0.74330646,0.0011029044,0.044332404,0.0044495473,0.259106,0.019609397,0.10250946,0.014006336,0.74330646,0.0011029044,"TWOGAUSSIANS_WITH_ELLIPSOIDAL_ON_ECLIPSE2",9,18.798151,0.2402498,0.00278669,0.23339154,0.032128103,0.9299764,0.114426024,0.74330646,0.0011029044,0.24826147,0.024917463,0.4641246,0.010285723
375316653866487564,5860202607365179520,0.47711533,2233.1916790715286,1.351859424537608,1.4920019E-5,16.85891,0.007740311,0.2909277,0.0026322152,0.036001183,0.0031821905,0.25325108,0.017906647,0.85530967,0.011696494,0.040633384,0.010347981,0.07241616,0.04900059,0.029699853,0.010750974,0.2909277,0.0026322152,"TWOGAUSSIANS_WITH_ELLIPSOIDAL_ON_ECLIPSE1",9,47.616924,0.2909277,0.0026322152,0.20160663,0.017820267,0.3126504,0.015515096,0.85530967,0.011696494,0.22754695,0.057948697,0.12261413,0.04288266
375316653866487564,5860202847833583744,0.4930261,2207.2850907421343,1.4138662660461923,1.2213946E-5,19.18911,0.005721145,0.2937731,0.016709361,0.04115625,0.02428482,0.13937105,2.6750913,0.7922507,0.0031690989,0.049153097,0.003204926,0.2642413,0.008799104,null,null,null,null,"TWOGAUSSIANS",8,2.7641885,0.7922507,0.0031690989,0.27525735,0.017947584,0.26424122,0.008799094,0.2937731,0.016709361,0.23047501,0.13599499,0.13937098,2.6750915
375316653866487564,5860202950912834816,0.48957273,2162.7850783389054,2.374129776006818,2.3264814E-5,19.195065,0.051858347,0.27801034,0.004050602,0.09138443,0.013586123,0.41098702,0.048038337,0.7476901,0.01433918,0.08748484,0.021815097,0.41773522,0.04392242,null,null,null,null,"TWOGAUSSIANS",8,6.5765333,0.7476901,0.01433918,0.4,0.0023957982,0.40751728,0.038640138,0.27801034,0.004050602,0.4,0.0,0.40076855,0.0388778
375316653866487564,5860202950962588800,0.615405,2176.7622979402267,0.5077122164199522,2.5136142E-6,16.51678,8.753141E-4,0.30000198,0.020713426,0.017275212,0.01251234,0.21705393,0.3004123,0.8008344,5.258326E-4,0.018642262,3.9255642E-4,0.23014171,0.0029253042,null,null,null,null,"TWOGAUSSIANS",8,2.4635284,0.8008344,5.258326E-4,0.10439667,0.002198316,0.23014171,0.0029253042,0.30000198,0.020713426,0.096741185,0.070069104,0.21705393,0.3004123
375316653866487564,5860203260200243840,0.6044478,2213.2383454408373,1.3103145121950863,3.746E-6,15.680598,0.014065841,0.29028982,0.002034954,0.13529828,0.00796202,0.17464793,0.013246136,0.76964617,0.0017930896,0.11711955,0.0050693997,0.2172133,0.012349809,null,null,null,null,"TWOGAUSSIANS",8,4.5418468,0.76964617,0.0017930896,0.4,0.0,0.17193589,0.003138462,0.2904298,0.002017482,0.4,0.0,0.12899701,0.0025944076
375316653866487564,5860203290219331328,0.57857394,2187.3330631993854,3.5773579940603075,1.1132073E-5,18.856367,0.010217096,0.24223666,0.0025626523,0.071805425,0.0037599853,0.5798458,0.026376495,0.74311924,0.002610072,0.067699865,0.004061946,0.73026484,0.023372697,null,null,null,null,"TWOGAUSSIANS",8,4.3003445,0.74311924,0.002610072,0.37911922,0.022746898,0.7282078,0.023794044,0.24223666,0.0025626523,0.4,0.0081262505,0.5777888,0.026661163
375316653866487564,5860203633800145792,0.57380587,2222.9338360686065,0.11055658903332588,2.2078325E-6,15.464488,0.00133853,0.39511126,0.036507692,0.038628913,0.023530664,0.0478198,0.23866858,0.8828657,2.707439E-4,0.005572976,3.1081325E-4,0.4539506,0.05447863,null,null,null,null,"TWOGAUSSIANS",8,24.97883,0.8828657,2.707439E-4,0.031208666,0.0017405541,0.4539506,0.05447863,0.39511126,0.036507692,0.21632192,0.13177171,0.0478198,0.23866858
375316653866487564,5860203775596694400,0.41455874,2187.667289979185,2.3634139094571958,9.1075104E-5,18.753761,0.013267976,0.21725151,0.066109456,0.069272436,0.04472764,0.07000592,0.03750401,0.7166253,0.018787729,0.05872478,0.028128566,0.20136929,0.054530747,null,null,null,null,"TWOGAUSSIANS",8,22.570066,0.7166253,0.018787729,0.32885876,0.14622408,0.20126268,0.05477594,0.21725151,0.066109456,0.38792565,0.24668762,0.06989932,0.037410513
375316653866487564,5860204016067843072,0.44732252,2203.602303753016,1.6695169394341802,5.280656E-5,19.780186,0.032030083,0.273508,0.011993184,0.076871656,0.016848695,0.32778963,0.07213964,0.79437304,0.023089686,0.067894734,0.023335725,0.2875285,0.04868925,null,null,null,null,"TWOGAUSSIANS",8,7.0047045,0.273508,0.011993184,0.4,0.0075278725,0.3268388,0.07202922,0.79437304,0.023089686,0.38021052,0.07090003,0.28657767,0.045979958
375316653866487564,5860204286635184896,0.61665475,2233.450480260225,0.6678028891041132,3.2854965E-5,15.127976,0.008908892,0.26872107,0.0038193995,0.023231357,0.0042907386,2.0113142,0.38905862,0.7705888,0.0080315415,0.00860931,0.011853607,0.066250786,0.20774451,0.01669182,0.011038566,0.7705888,0.0080315415,"TWOGAUSSIANS_WITH_ELLIPSOIDAL_ON_ECLIPSE2",9,205.97383,0.26872107,0.0038193995,0.1300956,0.024028135,2.0446932,0.396162,0.7705888,0.0080315415,0.048212137,0.0663802,0.099634424,0.20780377
375316653866487564,5860204290944833664,0.55188394,2214.5873636553056,2.8642210512271737,1.1146577E-5,19.491062,0.0076301135,0.24706794,0.0028937478,0.065058775,0.003621106,0.5654747,0.03180916,0.7498899,0.005087263,0.075467594,0.0045505087,0.47025672,0.016190587,null,null,null,null,"TWOGAUSSIANS",8,2.1187105,0.24706794,0.0028937478,0.36432913,0.020278195,0.5637819,0.032231677,0.7498899,0.005087263,0.4,0.0,0.46856394,0.016076634
375316653866487564,5860204359664397312,0.50753343,2201.481711068388,0.6960862612959858,9.13966E-5,19.678083,0.009868469,0.57177156,0.005110439,0.01677903,0.0027210147,0.671839,0.14535944,0.8083088,0.049107924,0.04535951,0.026633758,0.07319886,0.03443832,null,null,null,null,"TWOGAUSSIANS",8,3.7778327,0.57177156,0.005110445,0.093962565,0.0152376825,0.6718391,0.14535554,0.8083088,0.049107924,0.25401327,0.14914905,0.07319886,0.03443832
375316653866487564,5860204527176329472,0.5104333,2243.391206528688,2.783254212210642,1.0823439E-5,18.875374,0.008106757,0.2620932,0.0040973537,0.0621855,0.0057658073,0.3095834,0.012341896,0.74349624,0.013760534,0.06490825,0.016625144,0.254181,0.027456438,null,null,null,null,"TWOGAUSSIANS",8,4.7030597,0.2620932,0.0040973537,0.3482388,0.03228852,0.30944774,0.012228971,0.74349624,0.013760534,0.36348623,0.052707847,0.25404537,0.02756535
375316653866487564,5860204565822652672,0.57739174,2200.142226261772,3.3424174515793075,1.187486E-5,18.279207,0.007996289,0.2831035,0.0027023985,0.06981324,0.0026158784,0.63133955,0.01890425,0.79376554,0.005045062,0.06947691,0.003741191,0.558238,0.032359716,null,null,null,null,"TWOGAUSSIANS",8,8.550141,0.2831035,0.0027023985,0.3909541,0.014648918,0.6299074,0.018858654,0.79376554,0.005045062,0.3890707,0.02095067,0.5568059,0.032418445
375316653866487564,5860204565870679296,0.60941225,2194.9868723137274,0.33883327385066564,2.3520804E-6,16.758259,0.004706679,0.17229736,0.00825537,0.074918605,0.016511828,0.09995142,0.032609306,0.6629852,0.001697416,0.05508326,0.0017088491,0.4944221,0.0065952074,null,null,null,null,"TWOGAUSSIANS",8,15.801945,0.6629852,0.001697416,0.30846626,0.0095695555,0.49424678,0.0065298504,0.17229736,0.00825537,0.4,0.06604281,0.099776074,0.032747258
375316653866487564,5860204668949919360,0.44647887,2187.0127311263514,0.9863974073730934,2.5680287E-5,14.9504385,0.0048106387,0.2149682,0.009182846,0.06272097,0.012276536,0.091208145,0.01965181,0.7365982,0.0149136875,0.09726235,0.021857157,0.04682865,0.0059076413,null,null,null,null,"TWOGAUSSIANS",8,40.81746,0.2149682,0.009182846,0.35123742,0.0687486,0.090633065,0.020191357,0.7365982,0.0149136875,0.4,0.0,0.046253275,0.00563761
375316653866487564,5860205012499550080,0.41949534,2149.068412130504,3.506307757277568,3.7050297E-5,19.020227,0.051608924,0.23206602,0.016998291,0.10556923,0.06716967,0.13958147,0.03611396,0.67088246,0.009772871,0.093568265,0.021506477,0.17948686,0.049981434,null,null,null,null,"TWOGAUSSIANS",8,6.30218,0.67088246,0.009772871,0.4,0.0,0.17361201,0.030441603,0.23207602,0.016971244,0.4,0.0,0.13368483,0.034422107
375316653866487564,5860205356097937408,0.5876341,2223.578966507148,2.3485934120192997,3.185603E-6,17.799185,0.015337978,0.20351936,9.922731E-4,0.054536544,0.003388912,0.52868193,0.030410148,0.7096406,0.0046684663,0.05012207,0.005030435,0.1364867,0.034743734,0.076860406,0.019512,0.20351936,9.922731E-4,"TWOGAUSSIANS_WITH_ELLIPSOIDAL_ON_ECLIPSE1",9,8.61268,0.20351936,9.922731E-4,0.30540463,0.018977907,0.6823879,0.024045397,0.7096406,0.0046684663,0.2806836,0.028170437,0.28996536,0.010256936
375316653866487564,5860205424816568192,0.5886285,2210.041468839381,0.8743408992545891,4.708329E-6,16.614094,0.010787793,0.26223424,0.002209107,0.0827839,0.003852333,0.47864255,0.013298621,0.7764506,0.0025624218,0.09268573,0.004436029,0.43528613,0.016020125,null,null,null,null,"TWOGAUSSIANS",8,21.383106,0.26223424,0.002209107,0.4,0.0,0.46624306,0.012767087,0.7764506,0.0025624218,0.4,0.0,0.4228861,0.016104596
375316653866487564,5860205734054959104,0.50898325,2218.3901012284855,2.9177471850185865,9.6663625E-6,19.472153,0.014683662,0.27025208,0.0065554744,0.06510628,0.006527599,0.437242,0.036135606,0.7673547,0.0030999875,0.058010697,0.0038119552,0.5646829,0.036351763,null,null,null,null,"TWOGAUSSIANS",8,4.482523,0.7673547,0.0030999875,0.32485992,0.021346949,0.56444854,0.03636295,0.27025208,0.0065554744,0.36459514,0.036554553,0.43700764,0.03615306
375316653866487564,5860205832823489024,0.57661426,2194.6010242976504,1.3671526609298406,4.78365E-6,16.711823,0.0070167473,0.22336547,0.0022786534,0.1097379,0.0077724205,0.10193462,0.0065142666,0.7213571,0.0026721053,0.08717183,0.0056411023,0.19015995,0.006562336,null,null,null,null,"TWOGAUSSIANS",8,2.3259006,0.7213571,0.0026721053,0.4,0.0,0.17997909,0.0061614164,0.22336547,0.0022786534,0.4,0.0,0.09174744,0.0029288258
375316653866487564,5860206283811019904,0.5483017,2252.6382916627012,2.514839382612023,1.07322085E-5,19.510845,0.014768277,0.20599578,0.0014079262,0.0777878,0.0036216993,0.50839823,0.0148543315,0.7086469,0.0059254784,0.07922621,0.0073144883,0.48291215,0.025710376,null,null,null,null,"TWOGAUSSIANS",8,2.1417727,0.20599578,0.0014079262,0.4,0.0,0.5025019,0.013993576,0.7086469,0.0059254784,0.4,0.0,0.47701585,0.025561828
375316653866487564,5860206283811139840,0.48942253,2242.2918871488114,3.041309338218049,1.8613528E-5,19.81963,0.01066737,0.30798933,0.009740493,0.06605784,0.010490251,0.4147527,0.06694662,0.8032265,0.0034553122,0.06585168,0.0053757844,0.34938517,0.016831964,null,null,null,null,"TWOGAUSSIANS",8,2.208766,0.30798933,0.009740493,0.3699239,0.048817873,0.41424918,0.06719883,0.8032265,0.0034553122,0.36876944,0.030104393,0.3488817,0.016742555
375316653866487564,5860206348224222464,0.6342066,2186.983640521993,0.9974829952511653,5.284649E-5,17.915077,0.0014395057,0.60927844,0.0022916195,0.016973045,0.0018531841,1.8935767,0.8498625,null,null,null,null,null,null,null,null,null,null,"ONEGAUSSIAN",5,2.57805,0.60927844,0.0022916195,0.095049046,0.010377831,1.8935767,0.0,null,null,null,null,null,null
375316653866487564,5860206455610090496,0.5247346,2226.580274187959,2.586406368624179,9.816791E-6,18.488894,0.009104224,0.22422923,0.003672348,0.078016475,0.0045203245,0.35462472,0.016209118,0.7150244,0.0018658438,0.09281246,0.0081547825,0.3142063,0.02734853,null,null,null,null,"TWOGAUSSIANS",8,4.2273774,0.22422923,0.003672348,0.4,0.0,0.346851,0.01602323,0.7150244,0.0018658438,0.4,0.0,0.30643222,0.030823283
375316653866487564,5860206455610123392,0.4498385,2196.508939257802,2.587180281879507,3.906272E-5,19.415606,0.05316583,0.16480377,0.010815944,0.09139447,0.02283434,0.23625016,0.051548555,0.6595192,0.009269187,0.087961346,0.027736774,0.27137923,0.050423924,null,null,null,null,"TWOGAUSSIANS",8,3.591581,0.6595192,0.009269187,0.4,0.0,0.26182526,0.050047733,0.16480377,0.010816847,0.4,0.0,0.22669606,0.028183706
375316653866487564,5860206627408718592,0.46968254,2240.716841207626,1.8729608676703169,1.8687011E-5,18.824028,0.0065328227,0.19813414,0.008680115,0.036012307,0.0059302514,0.23633032,0.040130716,0.695417,0.004104152,0.039770667,0.007250573,0.16314273,0.014462977,null,null,null,null,"TWOGAUSSIANS",8,4.4459124,0.19813414,0.008680115,0.20166893,0.033209406,0.23633032,0.040130716,0.695417,0.004104152,0.22271572,0.04060321,0.16314273,0.014462977
375316653866487564,5860206726194965760,0.5484847,2217.2773090048063,1.95277923672658,7.210384E-6,19.239954,0.0080077,0.246881,0.001881991,0.060108498,0.0036092927,0.30190894,0.018486394,0.74707925,0.0025378698,0.07802199,0.0041480456,0.52722,0.032944556,null,null,null,null,"TWOGAUSSIANS",8,1.8673152,0.74707925,0.0025378698,0.4,0.0,0.52605546,0.033327024,0.246881,0.001881991,0.3366076,0.02021204,0.3007444,0.018621637
375316653866487564,5860207108444809472,0.4753348,2223.128643796033,1.8464113976829648,3.545024E-5,18.857515,0.049720388,0.21087609,0.012274371,0.08759696,0.032346155,0.1589279,0.050782323,0.7031324,0.0074787815,0.109502085,0.020948231,0.2275844,0.047794048,null,null,null,null,"TWOGAUSSIANS",8,3.081591,0.7031324,0.007477891,0.4,0.0,0.21362148,0.019866617,0.21088609,0.012315819,0.4,0.0,0.14497913,0.019954715
375316653866487564,5860207177164515968,0.570499,2203.013739378085,2.8050248557760065,1.1075808E-5,19.0161,0.0072005107,0.22279242,0.0042830883,0.0790988,0.0050726654,0.33202305,0.019419484,0.7252569,0.0013998724,0.074581884,0.0022673646,0.40059796,0.0085951295,null,null,null,null,"TWOGAUSSIANS",8,1.4460478,0.7252569,0.0013998724,0.4,0.0,0.39713067,0.008080274,0.22279242,0.0042830883,0.4,0.0,0.32855573,0.019756291
