Gaia/vari_eclipsing_binary/VariEclipsingBinary_207269-207305.csv
# %ECSV 1.0
# ---
# delimiter: ','
# meta: !!omap
# - RELEASE: Gaia DR3
# - TABLE: vari_eclipsing_binary
# - DESCRIPTION: >
#     This table describes the properties of the eclipsing binaries resulting from the variability analysis. 
# - CITATION: >
#     How to cite and acknowledge Gaia: 
#     https://gea.esac.esa.int/archive/documentation/credits.html 
# - KNOWN_ISSUES: >
#     Known issues: 
#     https://www.cosmos.esa.int/web/gaia-users/known-issues 
# - DOCUMENTATION: >
#     Tutorials and documentation: 
#     https://www.cosmos.esa.int/web/gaia-users/archive 
# datatype:
# - 
#   name: solution_id
#   datatype: int64
#   description: Solution Identifier
#   meta:
#     ucd: meta.version
# - 
#   name: source_id
#   datatype: int64
#   description: Unique source identifier
#   meta:
#     ucd: meta.id;meta.main
# - 
#   name: global_ranking
#   datatype: float32
#   description: Number between 0 (worst) and 1 (best)
#   meta:
#     ucd: stat.param
# - 
#   name: reference_time
#   datatype: float64
#   unit: d
#   description: Reference time used for the geometric model fit
#   meta:
#     ucd: time.epoch
# - 
#   name: frequency
#   datatype: float64
#   unit: d**-1
#   description: Frequency of geometric model of the eclipsing binary light curve
#   meta:
#     ucd: src.orbital
# - 
#   name: frequency_error
#   datatype: float32
#   unit: d**-1
#   description: "Uncertainty of \\texttt{frequency}"
#   meta:
#     ucd: stat.error
# - 
#   name: geom_model_reference_level
#   datatype: float32
#   unit: mag
#   description: Magnitude reference level of geometric model
#   meta:
#     ucd: phot.mag;em.opt
# - 
#   name: geom_model_reference_level_error
#   datatype: float32
#   unit: mag
#   description: "Uncertainty of \\texttt{geomModelReferenceLevel}"
#   meta:
#     ucd: stat.error;phot.mag;em.opt
# - 
#   name: geom_model_gaussian1_phase
#   datatype: float32
#   description: Phase of the Gaussian 1 component
#   meta:
#     ucd: time.phase
# - 
#   name: geom_model_gaussian1_phase_error
#   datatype: float32
#   description: "Uncertainty of \\texttt{geomModelGaussian1Phase}"
#   meta:
#     ucd: stat.error;time.phase
# - 
#   name: geom_model_gaussian1_sigma
#   datatype: float32
#   description: "Standard deviation [phase] of Gaussian 1 component"
#   meta:
#     ucd: stat.stdev
# - 
#   name: geom_model_gaussian1_sigma_error
#   datatype: float32
#   description: "Uncertainty of \\texttt{geomModelGaussian1Sigma}"
#   meta:
#     ucd: stat.error
# - 
#   name: geom_model_gaussian1_depth
#   datatype: float32
#   unit: mag
#   description: Magnitude depth of Gaussian 1 component
#   meta:
#     ucd: src.var.amplitude
# - 
#   name: geom_model_gaussian1_depth_error
#   datatype: float32
#   unit: mag
#   description: "Uncertainty of \\texttt{geomModelGaussian1Depth}"
#   meta:
#     ucd: stat.error;src.var.amplitude
# - 
#   name: geom_model_gaussian2_phase
#   datatype: float32
#   description: Phase of Gaussian 2 component
#   meta:
#     ucd: time.phase
# - 
#   name: geom_model_gaussian2_phase_error
#   datatype: float32
#   description: "Uncertainty of \\texttt{geomModelGaussian2Phase}"
#   meta:
#     ucd: stat.error;time.phase
# - 
#   name: geom_model_gaussian2_sigma
#   datatype: float32
[...]
#   datatype: float32
#   description: "Secondary eclipse: uncertainty of \\texttt{derivedSecondaryEclDuration}"
#   meta:
#     ucd: stat.error;time.duration
# - 
#   name: derived_secondary_ecl_depth
#   datatype: float32
#   unit: mag
#   description: "Secondary eclipse: depth"
#   meta:
#     ucd: src.var.amplitude
# - 
#   name: derived_secondary_ecl_depth_error
#   datatype: float32
#   unit: mag
#   description: "Secondary eclipse: uncertainty of \\texttt{derivedSecondaryEclDepth}"
#   meta:
#     ucd: stat.error;src.var.amplitude
solution_id,source_id,global_ranking,reference_time,frequency,frequency_error,geom_model_reference_level,geom_model_reference_level_error,geom_model_gaussian1_phase,geom_model_gaussian1_phase_error,geom_model_gaussian1_sigma,geom_model_gaussian1_sigma_error,geom_model_gaussian1_depth,geom_model_gaussian1_depth_error,geom_model_gaussian2_phase,geom_model_gaussian2_phase_error,geom_model_gaussian2_sigma,geom_model_gaussian2_sigma_error,geom_model_gaussian2_depth,geom_model_gaussian2_depth_error,geom_model_cosine_half_period_amplitude,geom_model_cosine_half_period_amplitude_error,geom_model_cosine_half_period_phase,geom_model_cosine_half_period_phase_error,model_type,num_model_parameters,reduced_chi2,derived_primary_ecl_phase,derived_primary_ecl_phase_error,derived_primary_ecl_duration,derived_primary_ecl_duration_error,derived_primary_ecl_depth,derived_primary_ecl_depth_error,derived_secondary_ecl_phase,derived_secondary_ecl_phase_error,derived_secondary_ecl_duration,derived_secondary_ecl_duration_error,derived_secondary_ecl_depth,derived_secondary_ecl_depth_error
[from data line 617]
375316653866487564,1823402634369692800,0.5110534,2143.3601744738244,3.5176281160792517,1.5549756E-5,18.48168,0.2009321,0.23856805,0.0046248715,0.132986,0.03440153,0.28255403,0.18869509,0.7488305,0.0069590863,0.1438961,0.043293364,0.3276428,0.19571264,null,null,null,null,"TWOGAUSSIANS",8,2.4120412,0.74907047,0.006597151,0.4,0.0,0.21655257,0.011931128,0.23799805,0.003993058,0.4,0.0,0.1725752,0.011696846
375316653866487564,1823402668753603712,0.6453299,2158.1453512366556,1.885868876127347,3.896104E-6,16.232096,0.010175493,0.29947248,0.0016560012,0.06603866,0.003924858,0.30275753,0.020308914,0.80309445,0.0040107328,0.058915116,0.0064944527,0.12751706,0.023391025,0.08100805,0.011799025,0.29947248,0.0016560012,"TWOGAUSSIANS_WITH_ELLIPSOIDAL_ON_ECLIPSE1",9,11.2182455,0.29947248,0.0016560012,0.3698165,0.021979203,0.46453327,0.0067626107,0.80309445,0.0040107328,0.32992464,0.036368936,0.2892089,0.011192118
375316653866487564,1823403768239345536,0.48353848,2145.511478011232,4.260915267509153,1.959182E-5,19.426937,0.11477974,0.24120876,0.0097921435,0.10139749,0.024249157,0.3615278,0.10196385,0.7103756,0.010763177,0.13707675,0.04107658,0.3276265,0.11007743,null,null,null,null,"TWOGAUSSIANS",8,3.4845169,0.24173875,0.0089340815,0.4,0.0,0.3061984,0.029368455,0.7103756,0.010763177,0.4,0.0,0.27118257,0.025984474
375316653866487564,1823404691657778176,0.5948496,2101.244006753891,2.644626448201201,9.152476E-6,17.634708,0.007951748,0.23175827,0.0023424202,0.083550714,0.0030292962,0.41095692,0.010790897,0.7317325,0.0023519478,0.08117115,0.0031550692,0.41048548,0.0098126875,null,null,null,null,"TWOGAUSSIANS",8,5.348261,0.23175827,0.0023424202,0.4,0.0,0.40276048,0.009937553,0.7317325,0.0023519478,0.4,0.0,0.40228903,0.008985807
375316653866487564,1823406517044496640,0.4963793,2118.527268887747,2.1246726837451373,3.8401224E-5,17.566792,0.015686408,0.30766636,0.0048136823,0.08287491,0.009856132,0.2660723,0.017790906,0.7841983,0.0055252723,0.08884364,0.008237677,0.28683043,0.0255233,null,null,null,null,"TWOGAUSSIANS",8,25.009348,0.7841983,0.0055252723,0.4,0.0,0.2815247,0.024761435,0.30766636,0.0048136823,0.4,0.0,0.26076674,0.017933885
375316653866487564,1823407715317147264,0.521129,2123.603290017087,0.31468059879662885,1.6839153E-5,18.132753,0.004632138,0.3462306,0.0048354156,0.007423968,0.002620413,0.5255852,0.047404688,null,null,null,null,null,null,null,null,null,null,"ONEGAUSSIAN",5,7.7843795,0.3462306,0.0048354156,0.04157422,0.014674312,0.5255852,0.0,null,null,null,null,null,null
375316653866487564,1823408063206877568,0.5462886,2084.0951787018075,3.072634629468635,1.18235075E-5,18.05949,0.033056457,0.2569471,0.004032358,0.10534212,0.009860744,0.43525252,0.032058857,0.7514956,0.0026430334,0.09774899,0.00783447,0.4495538,0.031039461,null,null,null,null,"TWOGAUSSIANS",8,9.087161,0.7514956,0.0026430334,0.4,0.0,0.40965426,0.018785717,0.2569471,0.004032358,0.4,0.0,0.39534342,0.022701573
375316653866487564,1823410086139176448,0.54411685,2159.002100974788,2.7753357216521075,4.397164E-5,19.818594,0.009625392,0.24634114,0.004860355,0.048886206,0.003533204,0.61764306,0.014326752,0.77130073,0.02753283,0.04784067,0.033899825,0.091307476,0.028809682,null,null,null,null,"TWOGAUSSIANS",8,2.6510832,0.24634114,0.004860355,0.27376276,0.019785943,0.6176429,0.014325232,0.77130073,0.02753283,0.26790777,0.18983902,0.09130729,0.028808737
375316653866487564,1823410567175415680,0.5717421,2131.1988352414105,2.608216998194392,1.574635E-5,18.6783,0.01085697,0.29074943,0.0037624105,0.0731845,0.004267242,0.44204322,0.014803411,0.7889175,0.007199672,0.07791477,0.009245403,0.44043756,0.012303598,null,null,null,null,"TWOGAUSSIANS",8,4.279101,0.29074943,0.0037624105,0.4,0.0013452492,0.4384932,0.013754748,0.7889175,0.007199672,0.4,0.0,0.43688753,0.010876586
375316653866487564,1823410674573025280,0.63402206,2117.7843948150107,1.3293704825975197,1.2036588E-5,16.33323,0.0065011857,0.2265276,0.0011293843,0.035047606,9.700366E-4,1.316295,0.027756507,0.72815603,0.0045839157,0.035702206,0.0064990865,0.111520626,0.01790848,0.036415067,0.009277569,0.2265276,0.0011293843,"TWOGAUSSIANS_WITH_ELLIPSOIDAL_ON_ECLIPSE1",9,68.0508,0.2265276,0.0011293843,0.19626659,0.005432205,1.3891251,0.02620658,0.72815603,0.004498857,0.19993237,0.036394887,0.18434313,0.013354164
375316653866487564,1823410846371643776,0.47800842,2107.1960853819573,2.9864661427815142,3.5051322E-5,14.291836,0.33001918,0.24067707,0.010192697,0.12994854,0.12620196,0.12606795,0.32939622,0.7340422,0.005225492,0.10836932,0.049036905,0.13434677,0.22127835,null,null,null,null,"TWOGAUSSIANS",8,193.14316,0.7340422,0.005225492,0.4,0.0,0.107579604,0.012062768,0.24068707,0.010118827,0.4,0.0,0.09915091,0.009589009
375316653866487564,1823411529248363392,0.52879226,2109.0210785539784,2.0682663435371973,2.0117244E-5,19.325438,0.014491101,0.24039735,0.0018571788,0.051248383,0.0033032894,0.54022056,0.021263245,0.7435253,0.0034491166,0.044446148,0.005017242,0.8978812,0.09872689,null,null,null,null,"TWOGAUSSIANS",8,5.32357,0.7435253,0.0034491166,0.24889843,0.028096555,0.8978799,0.09872892,0.24039735,0.0018571788,0.28699094,0.01849842,0.5402192,0.021263003
375316653866487564,1823411911523652096,0.47884902,2127.8589743891757,3.393397702562054,2.031411E-5,17.85565,0.37948045,0.2705089,0.011147857,0.1632311,0.12927334,0.21097825,0.37164062,0.754167,0.011173026,0.12906034,0.037158232,0.1906787,0.22190362,null,null,null,null,"TWOGAUSSIANS",8,5.430027,0.2708889,0.0106071085,0.4,0.0,0.12709717,0.01513167,0.754167,0.011173026,0.4,0.0,0.11059725,0.0076717804
375316653866487564,1823412220736268800,0.46971884,2095.9951709487764,3.1101741898280277,2.325355E-5,19.09943,0.00813544,0.3171564,0.008435218,0.066028774,0.0128501,0.17354491,0.014028133,0.80439395,0.0061800946,0.08433613,0.007430503,0.17589144,0.010475546,null,null,null,null,"TWOGAUSSIANS",8,2.1226664,0.80439395,0.0061800946,0.4,0.0,0.1748562,0.009763083,0.3171564,0.008435218,0.36976114,0.056762848,0.17250969,0.01432484
375316653866487564,1823412633078363904,0.6541078,2170.897111853371,1.3859037728089083,3.7578457E-6,16.396029,0.0029777056,0.25804383,9.805172E-4,0.085641965,0.0013240578,0.39589354,0.005139671,0.7615786,0.0011727905,0.087139934,0.0018367765,0.309671,0.004636155,null,null,null,null,"TWOGAUSSIANS",8,6.2984285,0.25804383,9.805172E-4,0.4,0.0,0.3858913,0.005118104,0.7615786,0.0011727905,0.4,0.0,0.29966873,0.0047726803
375316653866487564,1823412766195956480,0.5155964,2153.2828178409286,2.2858363469571352,1.0707526E-5,18.999954,0.016562564,0.18962084,0.0018304368,0.047304418,0.0022246232,0.4780569,0.018682087,0.6902497,0.0076106377,0.10015749,0.010230294,0.17703378,0.01770616,null,null,null,null,"TWOGAUSSIANS",8,4.7228565,0.18962084,0.0018304368,0.26490474,0.01245789,0.47666723,0.01780351,0.6902497,0.0076106377,0.4,0.0,0.17564273,0.016823785
375316653866487564,1823413079730920960,0.46235222,2149.463839503123,3.7049974964307504,2.1562677E-5,19.442352,0.39473438,0.29543972,0.005012787,0.14299251,0.05794074,0.37932944,0.37584874,0.79681504,0.0055139475,0.14284638,0.06710574,0.3542254,0.37141544,null,null,null,null,"TWOGAUSSIANS",8,1.98839,0.2953697,0.0050931275,0.4,0.0,0.22348897,0.01531374,0.796895,0.0055396254,0.4,0.0,0.19851562,0.017956099
375316653866487564,1823413556470280064,0.49233449,2174.1388875765756,3.5333402810052337,2.0906258E-5,18.700367,0.5256148,0.28181022,0.011437496,0.16123666,0.08820212,0.44216508,0.52188134,0.7613314,0.010066088,0.123857215,0.028712716,0.42857683,0.37885544,null,null,null,null,"TWOGAUSSIANS",8,6.1795726,0.28213024,0.010793947,0.4,0.0,0.27950758,0.018001888,0.7613314,0.010066088,0.4,0.0,0.27334043,0.028694091
375316653866487564,1823413625189526144,0.4934588,2158.0216048647485,1.4446848050248664,2.0640278E-5,17.841518,0.11459008,0.27145794,0.0051573818,0.10904426,0.024003625,0.28346458,0.10721748,0.7683416,0.01337497,0.12306855,0.05228798,0.18990651,0.111759685,null,null,null,null,"TWOGAUSSIANS",8,11.899557,0.27146795,0.005158894,0.4,0.0,0.240277,0.010763804,0.7683416,0.013381521,0.4,0.0,0.14663504,0.012430927
375316653866487564,1823414591560181504,0.4716852,2176.8869626074734,0.03194481400806797,5.794461E-5,19.492338,0.011905715,0.2551697,0.010317709,0.0076081543,0.007989309,0.09997432,289886.28,0.5776323,0.017890684,0.14958042,0.022950426,0.2418396,0.03941427,null,null,null,null,"TWOGAUSSIANS",8,2.4377077,0.5776323,0.017890684,0.4,0.0,0.24002711,0.040628493,0.2553697,0.010052992,0.042605665,0.04474013,0.12188282,289886.28
375316653866487564,1823414965219553024,0.60093546,2172.4631040261493,2.260549224653423,1.1205931E-5,17.482357,0.010693336,0.28712308,0.0031320844,0.03915748,0.014309062,0.0815369,0.025491392,0.7860407,0.008678239,0.045970913,0.009612313,0.10441717,0.024082221,0.11547258,0.013403286,0.28712308,0.0031320844,"TWOGAUSSIANS_WITH_ELLIPSOIDAL_ON_ECLIPSE1",9,4.79327,0.7863307,0.0076517845,0.2574371,0.05382895,0.33535442,0.009724151,0.28712308,0.0031320844,0.2192819,0.08013075,0.31248197,0.012608161
375316653866487564,1823415068300727296,0.5542639,2164.8228861316056,3.1557368552730973,9.469589E-6,18.638332,0.024679784,0.23696223,0.002868173,0.057293754,0.006039384,0.3322167,0.07950257,0.7393628,0.0035622928,0.05033875,0.009066486,0.26426172,0.07799941,0.13292234,0.04897063,0.23696223,0.002868173,"TWOGAUSSIANS_WITH_ELLIPSOIDAL_ON_ECLIPSE1",9,6.527063,0.23696223,0.002868173,0.320845,0.03382055,0.59803545,0.036196135,0.7393628,0.0035622928,0.28189698,0.050772317,0.53002,0.05413579
375316653866487564,1823415519296385152,0.514559,2138.639738044739,0.2141519324034185,5.1745395E-5,15.753284,0.00938637,0.27041113,0.0025315327,0.023564178,0.0046895305,0.07339767,0.022230333,0.8016941,0.006686757,0.021847345,0.009172952,0.34595305,0.050504085,0.014845026,0.011669451,0.8016941,0.006686757,"TWOGAUSSIANS_WITH_ELLIPSOIDAL_ON_ECLIPSE2",9,108.860794,0.8016941,0.006686757,0.122345135,0.05136853,0.37564307,0.050481517,0.27094114,0.002263276,0.13195941,0.026261369,0.10197434,0.008498943
375316653866487564,1823415725454824832,0.43335417,2128.5367017082126,2.4638737869161034,2.39425E-5,17.152771,0.0153802335,0.17104022,0.017920876,0.09310632,0.040882964,0.083244815,0.013353303,0.7123363,0.0062629315,0.082470015,0.01716591,0.15505975,0.02186075,null,null,null,null,"TWOGAUSSIANS",8,30.213827,0.7123363,0.006263192,0.4,0.0,0.15315443,0.022481946,0.17104022,0.017919967,0.4,0.03834527,0.08133907,0.012515498
375316653866487564,1823416275187462912,0.6365966,2167.3612308619913,3.4887286321753477,3.8082608E-6,17.919933,0.01050742,0.15996715,7.612802E-4,0.04748549,0.0022792858,0.52025396,0.024123838,0.66878295,0.0045461915,0.061813354,0.005736112,0.6129982,0.03637923,0.095380776,0.016732628,0.15996715,7.612802E-4,"TWOGAUSSIANS_WITH_ELLIPSOIDAL_ON_ECLIPSE1",9,6.2212267,0.66878295,0.0045461915,0.34615478,0.03212223,0.80308014,0.02780025,0.15996715,7.612802E-4,0.26591876,0.012764,0.7109206,0.01843089
375316653866487564,1823416477050424064,0.6165029,2145.1328054341066,2.520239868591462,5.620631E-6,18.028198,0.0062863533,0.26704448,0.0017780648,0.04368504,0.00477045,0.20417137,0.02225045,0.76635873,0.023483992,0.04480261,0.015004229,0.27331993,0.048532564,0.124092735,0.007443405,0.26704448,0.0017780648,"TWOGAUSSIANS_WITH_ELLIPSOIDAL_ON_ECLIPSE1",9,3.1933374,0.76644874,0.019323217,0.2508946,0.084023684,0.5215013,0.038993854,0.26704448,0.0017780648,0.24463624,0.02671452,0.4523568,0.024629999
375316653866487564,1823416683208934400,0.57284045,2133.593081405731,2.8905947020046683,6.72511E-6,18.358894,0.025832867,0.24909256,0.003947517,0.05807131,0.010536749,0.24149098,0.053121448,0.778584,0.046677485,0.06204555,0.03352652,0.2486104,0.053379852,0.11928214,0.028443666,0.24909256,0.003947517,"TWOGAUSSIANS_WITH_ELLIPSOIDAL_ON_ECLIPSE1",9,8.227516,0.24909256,0.003947517,0.32519934,0.059005797,0.4800215,0.026423473,0.778584,0.04564315,0.34745508,0.18774852,0.4790429,0.032003287
375316653866487564,1823417099844505728,0.49545762,2170.1275506856864,2.8523572210297217,3.7844427E-5,18.696419,0.023891738,0.23493254,0.008499484,0.08730886,0.012124319,0.29372495,0.033733502,0.7475621,0.010706583,0.08116455,0.017011795,0.2789398,0.037329186,null,null,null,null,"TWOGAUSSIANS",8,9.465985,0.23493254,0.008499484,0.4,0.0,0.28813496,0.032159004,0.7475621,0.010706583,0.4,0.0,0.27334988,0.03960957
375316653866487564,1823417198604508416,0.4863335,2152.8581251641494,3.7693569871504,2.1463531E-5,18.333437,0.02902586,0.2341111,0.0066412883,0.1263888,0.022600368,0.1417661,0.027549116,0.711103,0.008196239,0.09921555,0.019634506,0.16687614,0.0220342,null,null,null,null,"TWOGAUSSIANS",8,2.8063421,0.711103,0.008196239,0.4,0.0,0.14652526,0.015465215,0.2341211,0.006630015,0.4,0.0,0.12127539,0.009617674
375316653866487564,1823418504274938752,0.52912956,2151.2280999913414,1.71790720769499,8.218419E-6,18.763494,0.008457754,0.33479384,0.0014610459,0.051418044,0.002255208,0.48676682,0.01802198,0.83568007,0.0070203897,0.050329484,0.0055353823,0.43740076,0.036487784,null,null,null,null,"TWOGAUSSIANS",8,5.396069,0.33479384,0.0014610459,0.28794104,0.012629165,0.48676178,0.018021083,0.83568007,0.0070203897,0.28184512,0.03099814,0.43739572,0.036489896
375316653866487564,1823419500707533568,0.43409324,2144.1599366391206,3.7127825675456263,4.4234348E-5,17.686346,0.017817596,0.47151127,0.012976593,0.12670611,0.020174496,0.15665267,0.021610402,0.87427133,0.019087741,0.028830798,0.027295453,0.08015015,21331.516,null,null,null,null,"TWOGAUSSIANS",8,32.58876,0.47151127,0.012976593,0.4,0.0,0.15647794,0.021317966,0.87427133,0.019087741,0.16145247,0.15285455,0.080979735,21331.516
375316653866487564,1823420054758950912,0.47291794,2136.0581625870036,2.9555444411267735,3.034211E-5,19.622356,0.18705618,0.3128031,0.03260542,0.1274723,0.074713916,0.29451293,0.16965635,0.7891568,0.010588936,0.12520072,0.058272433,0.26527485,0.17930707,null,null,null,null,"TWOGAUSSIANS",8,2.3485208,0.3130431,0.032637905,0.4,0.03961542,0.22945474,0.033326715,0.7891568,0.010588936,0.4,0.0,0.20032041,0.018037394
375316653866487564,1823420054781978240,0.5775595,2163.712219090771,2.921341096532087,1.2521386E-5,16.944828,0.0812912,0.16989113,0.0032893422,0.06446991,0.018619256,0.21954903,0.16279191,0.6802652,0.031143505,0.06384406,0.040982176,0.21467781,0.15310533,0.098309435,0.081410356,0.16989113,0.0032893422,"TWOGAUSSIANS_WITH_ELLIPSOIDAL_ON_ECLIPSE1",9,24.901415,0.16989113,0.0032893422,0.3610315,0.08516275,0.41599596,0.02159635,0.6802652,0.031143505,0.35752675,0.21061367,0.41029057,0.051917426
375316653866487564,1823420467098934656,0.5302262,2149.9544055817523,3.380621913297449,1.2235326E-5,17.104244,0.00533617,0.23992312,0.004528307,0.0483523,0.018867383,0.077523075,0.011598949,0.7275984,0.061739992,0.035077546,0.018894887,0.05112952,0.06108896,0.07339769,0.007081247,0.23992312,0.004528307,"TWOGAUSSIANS_WITH_ELLIPSOIDAL_ON_ECLIPSE1",9,12.258184,0.23992312,0.004528307,0.2707729,0.10565734,0.2243183,0.00797158,0.73028845,0.05927719,0.19643424,0.10581137,0.19723733,0.05333509
375316653866487564,1823420673257381632,0.53938097,2153.3216944444753,1.6119988831000729,1.039736E-5,13.768981,0.017971057,0.3317349,0.009088814,0.106841095,0.014937925,0.17211476,0.020491866,0.82774615,0.0020301056,0.1055218,0.010074001,0.15925696,0.016528714,null,null,null,null,"TWOGAUSSIANS",8,66.16627,0.3317349,0.009088814,0.4,0.0,0.15230335,0.01063883,0.82774615,0.002028411,0.4,0.0,0.13944738,0.005008701
