Gaia/vari_eclipsing_binary/VariEclipsingBinary_664088-664184.csv
# %ECSV 1.0
# ---
# delimiter: ','
# meta: !!omap
# - RELEASE: Gaia DR3
# - TABLE: vari_eclipsing_binary
# - DESCRIPTION: >
#     This table describes the properties of the eclipsing binaries resulting from the variability analysis. 
# - CITATION: >
#     How to cite and acknowledge Gaia: 
#     https://gea.esac.esa.int/archive/documentation/credits.html 
# - KNOWN_ISSUES: >
#     Known issues: 
#     https://www.cosmos.esa.int/web/gaia-users/known-issues 
# - DOCUMENTATION: >
#     Tutorials and documentation: 
#     https://www.cosmos.esa.int/web/gaia-users/archive 
# datatype:
# - 
#   name: solution_id
#   datatype: int64
#   description: Solution Identifier
#   meta:
#     ucd: meta.version
# - 
#   name: source_id
#   datatype: int64
#   description: Unique source identifier
#   meta:
#     ucd: meta.id;meta.main
# - 
#   name: global_ranking
#   datatype: float32
#   description: Number between 0 (worst) and 1 (best)
#   meta:
#     ucd: stat.param
# - 
#   name: reference_time
#   datatype: float64
#   unit: d
#   description: Reference time used for the geometric model fit
#   meta:
#     ucd: time.epoch
# - 
#   name: frequency
#   datatype: float64
#   unit: d**-1
#   description: Frequency of geometric model of the eclipsing binary light curve
#   meta:
#     ucd: src.orbital
# - 
#   name: frequency_error
#   datatype: float32
#   unit: d**-1
#   description: "Uncertainty of \\texttt{frequency}"
#   meta:
#     ucd: stat.error
# - 
#   name: geom_model_reference_level
#   datatype: float32
#   unit: mag
#   description: Magnitude reference level of geometric model
#   meta:
#     ucd: phot.mag;em.opt
# - 
#   name: geom_model_reference_level_error
#   datatype: float32
#   unit: mag
#   description: "Uncertainty of \\texttt{geomModelReferenceLevel}"
#   meta:
#     ucd: stat.error;phot.mag;em.opt
# - 
#   name: geom_model_gaussian1_phase
#   datatype: float32
#   description: Phase of the Gaussian 1 component
#   meta:
#     ucd: time.phase
# - 
#   name: geom_model_gaussian1_phase_error
#   datatype: float32
#   description: "Uncertainty of \\texttt{geomModelGaussian1Phase}"
#   meta:
#     ucd: stat.error;time.phase
# - 
#   name: geom_model_gaussian1_sigma
#   datatype: float32
#   description: "Standard deviation [phase] of Gaussian 1 component"
#   meta:
#     ucd: stat.stdev
# - 
#   name: geom_model_gaussian1_sigma_error
#   datatype: float32
#   description: "Uncertainty of \\texttt{geomModelGaussian1Sigma}"
#   meta:
#     ucd: stat.error
# - 
#   name: geom_model_gaussian1_depth
#   datatype: float32
#   unit: mag
#   description: Magnitude depth of Gaussian 1 component
#   meta:
#     ucd: src.var.amplitude
# - 
#   name: geom_model_gaussian1_depth_error
#   datatype: float32
#   unit: mag
#   description: "Uncertainty of \\texttt{geomModelGaussian1Depth}"
#   meta:
#     ucd: stat.error;src.var.amplitude
# - 
#   name: geom_model_gaussian2_phase
#   datatype: float32
#   description: Phase of Gaussian 2 component
#   meta:
#     ucd: time.phase
# - 
#   name: geom_model_gaussian2_phase_error
#   datatype: float32
#   description: "Uncertainty of \\texttt{geomModelGaussian2Phase}"
#   meta:
#     ucd: stat.error;time.phase
# - 
#   name: geom_model_gaussian2_sigma
#   datatype: float32
[...]
#   datatype: float32
#   description: "Secondary eclipse: uncertainty of \\texttt{derivedSecondaryEclDuration}"
#   meta:
#     ucd: stat.error;time.duration
# - 
#   name: derived_secondary_ecl_depth
#   datatype: float32
#   unit: mag
#   description: "Secondary eclipse: depth"
#   meta:
#     ucd: src.var.amplitude
# - 
#   name: derived_secondary_ecl_depth_error
#   datatype: float32
#   unit: mag
#   description: "Secondary eclipse: uncertainty of \\texttt{derivedSecondaryEclDepth}"
#   meta:
#     ucd: stat.error;src.var.amplitude
solution_id,source_id,global_ranking,reference_time,frequency,frequency_error,geom_model_reference_level,geom_model_reference_level_error,geom_model_gaussian1_phase,geom_model_gaussian1_phase_error,geom_model_gaussian1_sigma,geom_model_gaussian1_sigma_error,geom_model_gaussian1_depth,geom_model_gaussian1_depth_error,geom_model_gaussian2_phase,geom_model_gaussian2_phase_error,geom_model_gaussian2_sigma,geom_model_gaussian2_sigma_error,geom_model_gaussian2_depth,geom_model_gaussian2_depth_error,geom_model_cosine_half_period_amplitude,geom_model_cosine_half_period_amplitude_error,geom_model_cosine_half_period_phase,geom_model_cosine_half_period_phase_error,model_type,num_model_parameters,reduced_chi2,derived_primary_ecl_phase,derived_primary_ecl_phase_error,derived_primary_ecl_duration,derived_primary_ecl_duration_error,derived_primary_ecl_depth,derived_primary_ecl_depth_error,derived_secondary_ecl_phase,derived_secondary_ecl_phase_error,derived_secondary_ecl_duration,derived_secondary_ecl_duration_error,derived_secondary_ecl_depth,derived_secondary_ecl_depth_error
[from data line 576]
375316653866487564,5842199925480232576,0.6111797,2191.469216282877,2.4822682274613577,4.4185513E-6,16.04949,0.004381854,0.29886544,0.0012938352,0.08887349,0.001963602,0.3866461,0.0054813563,0.80181223,0.002487062,0.09517792,0.0025893536,0.34081143,0.007175204,null,null,null,null,"TWOGAUSSIANS",8,15.762868,0.29886544,0.0012938352,0.4,0.0,0.36935174,0.005284254,0.80181223,0.002487062,0.4,0.0,0.3235165,0.007831152
375316653866487564,5842200612661799424,0.4292768,2222.3049544112437,2.2393056998120624,3.5781028E-5,19.55274,0.00978936,0.12496674,0.006914511,0.04131262,0.0072262296,0.22153588,0.03383278,0.84500104,0.010760041,0.024119105,0.018427562,0.33233297,59.979927,null,null,null,null,"TWOGAUSSIANS",8,4.986734,0.84500104,0.010760041,0.13506699,0.10319434,0.33233297,59.979927,0.12496674,0.006914511,0.23135068,0.040466886,0.22153588,0.03383278
375316653866487564,5842200647034755584,0.64759886,2180.453305809438,1.6999460805731417,3.559547E-6,13.488305,0.0059176385,0.2516058,0.0017164974,0.050945483,0.0042176666,0.1005352,0.01315603,0.7468139,0.0012997945,0.053514224,0.004899622,0.10046286,0.012709244,0.075681746,0.0074616163,0.7468139,0.0012997945,"TWOGAUSSIANS_WITH_ELLIPSOIDAL_ON_ECLIPSE2",9,40.64262,0.7468139,0.0012997945,0.29967964,0.027437882,0.25182396,0.002649232,0.2504758,0.0012219416,0.2852947,0.023618935,0.25179148,0.0031281689
375316653866487564,5842200750101476608,0.43364704,2191.4101164731624,0.042323013094194485,1.452749E-4,19.55847,0.014214564,0.3507104,0.021355895,0.11866897,0.016268868,0.24884619,0.024435876,0.73545784,0.020977082,0.06620316,0.01758163,0.112777725,0.02849137,null,null,null,null,"TWOGAUSSIANS",8,4.997186,0.3507104,0.021355895,0.4,0.0,0.24743004,0.023713037,0.73545784,0.020977082,0.3707377,0.08943087,0.11266007,0.02824351
375316653866487564,5842201128071264000,0.5071605,2174.6264051605044,0.045377025420941866,2.454733E-5,14.333714,0.0026859706,0.1227348,0.0059588836,0.019482434,0.006787585,0.024560764,0.005494406,0.44709134,0.0029810194,0.01521559,0.0017727531,0.29408762,0.02747615,null,null,null,null,"TWOGAUSSIANS",8,211.17213,0.44709134,0.0029810194,0.0852073,0.009927417,0.29408762,0.02747615,0.1227348,0.0059588836,0.10910163,0.038010478,0.024560764,0.005494406
375316653866487564,5842205285599499520,0.5639217,2154.568435450475,3.6679280458937447,1.446623E-5,18.421175,0.014638146,0.22988392,0.0015386374,0.04137879,0.00435289,0.4616905,0.031948462,0.72207,0.009147431,0.043838263,0.011634235,0.10055841,0.041801862,0.09750727,0.021163551,0.22988392,0.0015386374,"TWOGAUSSIANS_WITH_ELLIPSOIDAL_ON_ECLIPSE1",9,8.886442,0.22988392,0.0015386374,0.23172122,0.024376184,0.6567049,0.03572442,0.72384995,0.0068325577,0.24549426,0.065151714,0.29520983,0.022362309
375316653866487564,5842205491745018880,0.46026507,2165.437862682566,0.19043799894836064,7.858681E-6,19.061308,0.005204903,0.35367632,2.4989678E-4,0.011461135,8.310571E-4,0.22763887,0.019773407,0.8570874,7.032258E-4,0.012509114,7.613325E-4,0.25851107,0.0054671913,null,null,null,null,"TWOGAUSSIANS",8,5.2192025,0.8570874,7.032258E-4,0.07005104,0.004263462,0.25851107,0.0054671913,0.35367632,2.4989678E-4,0.064182356,0.00465392,0.22763887,0.019773407
375316653866487564,5842205521805183232,0.50556505,2186.5584216669085,2.7547419875709056,2.2074677E-5,17.95006,0.025436137,0.29249623,0.0044127926,0.08080415,0.009017087,0.39235842,0.025470551,0.7924661,0.0057581137,0.08999237,0.010238499,0.3731031,0.022704706,null,null,null,null,"TWOGAUSSIANS",8,26.431993,0.29249623,0.0044127926,0.4,0.0,0.38185763,0.020076899,0.7924661,0.0057581137,0.4,0.0,0.3626022,0.01703071
375316653866487564,5842206522537245824,0.6053215,2186.0536989960297,3.3259802716396845,6.0414186E-6,18.35948,0.013450149,0.16153082,0.0021885943,0.055872217,0.0032782112,0.48205695,0.03786041,0.6609545,0.0027642646,0.051428683,0.00478799,0.39903536,0.03369123,0.09139046,0.02085354,0.16153082,0.0021885943,"TWOGAUSSIANS_WITH_ELLIPSOIDAL_ON_ECLIPSE1",9,5.8745065,0.16153082,0.0021885943,0.3128844,0.018357983,0.6648128,0.022635093,0.6610045,0.00250696,0.28800064,0.026812743,0.5817891,0.027177712
375316653866487564,5842208377975751296,0.5124284,2203.2774685401337,3.917549735926767,1.3047937E-5,16.458105,0.03013637,0.32792464,0.007124081,0.108580604,0.019841852,0.17668721,0.028031155,0.8071824,0.0028200713,0.09238592,0.011559426,0.23047718,0.027899323,null,null,null,null,"TWOGAUSSIANS",8,38.261425,0.8071824,0.0028200713,0.4,0.0,0.21667942,0.011380243,0.32792464,0.007125797,0.4,0.0,0.16287762,0.014879838
375316653866487564,5842208687199882112,0.498539,2202.651663667141,4.122844146916302,1.9871271E-5,19.359724,0.029860014,0.2337519,0.008151633,0.09460469,0.017933704,0.24958496,0.028324936,0.7210098,0.0055600954,0.09997498,0.014297681,0.2198606,0.027983125,null,null,null,null,"TWOGAUSSIANS",8,1.5782055,0.2337519,0.008156127,0.4,0.0,0.23507698,0.024413744,0.7210098,0.0055600954,0.4,0.0,0.2053512,0.014708383
375316653866487564,5842209644986992000,0.5391874,2209.249645192792,1.2948082536605865,1.1038765E-5,18.996847,0.007322596,0.29277822,0.0030420497,0.027437208,0.0025594505,0.42285493,0.025421705,0.7925747,0.0033911057,0.02861128,0.0026844877,0.56906104,0.033090793,null,null,null,null,"TWOGAUSSIANS",8,5.6631,0.7925747,0.0033911057,0.16022317,0.0150331305,0.56906104,0.033090793,0.29277822,0.0030420497,0.15364836,0.014332922,0.42285493,0.025421705
375316653866487564,5842211435978933760,0.4483098,2252.3014513751596,3.5496046575107547,1.5317535E-4,16.80021,0.002772171,0.25223675,0.019238118,0.037394337,0.015863307,0.11410017,0.03090379,0.7575174,0.025019525,0.05954235,0.018841023,0.075854056,0.03805735,null,null,null,null,"TWOGAUSSIANS",8,4.115657,0.25223675,0.019238118,0.2094083,0.088834524,0.11409995,0.030904585,0.7575174,0.025019525,0.33343717,0.08467882,0.07585384,0.038058847
375316653866487564,5842212771723211264,0.5657344,2221.2619866347172,3.1392904150645933,7.9404645E-6,19.04478,0.007244058,0.26619583,0.002289126,0.07433105,0.003120467,0.51360166,0.02012732,0.7648537,0.0030770812,0.06934988,0.0037145377,0.48185414,0.01908478,null,null,null,null,"TWOGAUSSIANS",8,2.9686356,0.26619583,0.002289126,0.4,0.0,0.5113409,0.020334335,0.7648537,0.0030770812,0.3883593,0.020801412,0.4795934,0.019345285
375316653866487564,5842214012973327488,0.5013081,2195.299660282634,3.418055298174414,1.7659348E-5,16.127146,0.005587968,0.2669355,0.004465996,0.039851166,0.0060526035,0.09990088,0.01366701,null,null,null,null,null,null,0.10581817,0.008656854,0.2669355,0.004465996,"ONEGAUSSIAN_WITH_ELLIPSOIDAL",6,123.49418,0.2669355,0.004465996,0.22316654,0.03389458,0.31153715,0.011069188,null,null,null,null,null,null
375316653866487564,5842214597088468480,0.56980747,2224.879621228346,0.9405313973271975,3.2562914E-6,15.512122,0.013720534,0.2864917,0.003509013,0.039950937,0.0034489399,0.6954193,0.041307222,0.7839563,0.00405228,0.04597341,0.008261846,0.259873,0.03314158,0.053710658,0.018886317,0.2864917,0.003509013,"TWOGAUSSIANS_WITH_ELLIPSOIDAL_ON_ECLIPSE1",9,218.99718,0.2864917,0.003509013,0.22372526,0.019314064,0.8028405,0.030107837,0.78411627,0.0037840572,0.2574511,0.04626634,0.36726868,0.028635953
375316653866487564,5842215696588446336,0.58489484,2239.5881739194724,3.7301363055682657,5.1381708E-6,18.417658,0.011321017,0.18400726,0.00237366,0.04054813,0.0053719035,0.34345832,0.046646595,0.6872011,0.002335835,0.04033426,0.0046723397,0.4704963,0.04196302,0.14570066,0.036470816,0.18400726,0.00237366,"TWOGAUSSIANS_WITH_ELLIPSOIDAL_ON_ECLIPSE1",9,8.043315,0.6872011,0.002335835,0.22587185,0.026165102,0.76178026,0.059633028,0.18400726,0.00237366,0.22706953,0.030082658,0.6348596,0.038042206
375316653866487564,5842215834039464448,0.5955892,2253.044636417082,2.240266528995235,4.6333926E-6,15.552952,0.01378168,0.2732602,0.0025081867,0.05262563,0.0046604625,0.3513046,0.03238822,0.7678026,0.0011575955,0.05585992,0.0034342827,0.39186618,0.03220839,0.10581726,0.019339643,0.7678026,0.0011575955,"TWOGAUSSIANS_WITH_ELLIPSOIDAL_ON_ECLIPSE2",9,88.16821,0.7678026,0.0011575955,0.31281555,0.019231984,0.60348034,0.015895568,0.2726302,0.0022134446,0.29470354,0.02609859,0.5626989,0.019751618
375316653866487564,5842216005837844224,0.61621636,2194.2874451750486,2.189117028976769,4.568807E-6,14.189279,0.0057941815,0.2839189,0.0011348049,0.044737138,0.003988732,0.12026566,0.014731751,0.7792883,0.0030588694,0.05275253,0.0048196875,0.11323711,0.015191145,0.10324937,0.007157068,0.2839189,0.0011348049,"TWOGAUSSIANS_WITH_ELLIPSOIDAL_ON_ECLIPSE1",9,81.3966,0.2839189,0.0011348049,0.25052798,0.022336898,0.3267633,0.009734493,0.7806083,0.0020163613,0.29541415,0.026990248,0.31960997,0.009947074
375316653866487564,5842216349423520128,0.43990222,2215.507059444942,1.953240586850824,6.620627E-5,18.487383,0.019024229,0.32450747,0.015891422,0.08890018,0.0307045,0.13153453,0.021052701,0.8463802,0.0058041275,0.02468842,0.002418722,0.14473249,0.034905624,null,null,null,null,"TWOGAUSSIANS",8,9.058694,0.8463802,0.0058041275,0.13825515,0.013544843,0.1447267,0.034898892,0.32450747,0.015891422,0.4,0.010195453,0.13152866,0.021069607
375316653866487564,5842217685152246528,0.6264456,2195.2175213025102,1.2656937549891285,6.813566E-6,15.732322,0.005320543,0.23084985,0.001326496,0.10688054,0.003525565,0.23791854,0.004863206,0.7307586,0.0013368111,0.09709584,0.0022604086,0.2769024,0.005888607,null,null,null,null,"TWOGAUSSIANS",8,7.0558853,0.7307586,0.0013368111,0.4,0.0,0.25165176,0.0039899084,0.23084985,0.001326496,0.4,0.0,0.21266045,0.00466304
375316653866487564,5842217891310695552,0.5682223,2181.668519731972,3.3641462340141364,1.3205481E-5,17.302536,0.0026789461,0.24581057,0.0026343195,0.034625884,0.011867827,0.06671707,0.018891111,0.7456301,0.006003145,0.016033053,0.006512199,0.042380825,0.0065552895,0.08156502,0.004449636,0.24581057,0.0026343195,"TWOGAUSSIANS_WITH_ELLIPSOIDAL_ON_ECLIPSE1",9,6.0477934,0.24581057,0.0026343195,0.19390495,0.06645983,0.2298469,0.019378403,0.7456401,0.005882941,0.0897851,0.036468316,0.20551045,0.00677873
375316653866487564,5842218136128818688,0.4965949,2183.08825336568,2.8888479999573464,3.1943375E-5,19.876022,0.015174032,0.21608643,0.004870578,0.07608516,0.0071862866,0.5093967,0.051737893,0.7261226,0.009991871,0.078241296,0.009228216,0.434777,0.023059314,null,null,null,null,"TWOGAUSSIANS",8,2.0427525,0.21608643,0.004870578,0.4,0.0,0.50540394,0.053463526,0.7261226,0.009991871,0.4,0.0028162138,0.43078426,0.021337207
375316653866487564,5842220025927576064,0.54941803,2206.7935597323158,3.051352419706074,8.05106E-6,14.499385,0.008648602,0.2642246,0.0025675737,0.0837725,0.004942604,0.31734842,0.0119244065,0.7501024,0.0033402636,0.08347781,0.005451883,0.33302757,0.01777942,null,null,null,null,"TWOGAUSSIANS",8,252.04881,0.7501024,0.0033402636,0.4,0.0,0.32725754,0.018685387,0.2642246,0.0025675737,0.4,0.0,0.3115784,0.011696758
375316653866487564,5842220163366519808,0.60867906,2218.854936151822,3.4607854831376663,4.3630926E-6,17.916418,0.017943997,0.25521427,0.0025839165,0.037778515,0.0073769665,0.54363453,0.18800066,0.75674033,0.0013513311,0.03705465,0.0029886665,0.4982191,0.038726002,0.16901493,0.021770954,0.25521427,0.0025839165,"TWOGAUSSIANS_WITH_ELLIPSOIDAL_ON_ECLIPSE1",9,11.995646,0.25521427,0.0025839165,0.21155968,0.04131101,0.8816638,0.20639178,0.75674033,0.0013401668,0.20750605,0.016736532,0.8362173,0.01925887
375316653866487564,5842220816201575808,0.4590637,2217.4235250936163,1.350275326904992,2.3467208E-5,18.039173,0.057444286,0.25305575,0.017715288,0.065714404,0.03334538,0.34165522,0.039090544,0.7519078,0.010942103,0.093099706,0.02887415,0.3875853,0.056359235,null,null,null,null,"TWOGAUSSIANS",8,55.444817,0.7519078,0.010942103,0.4,0.0,0.3825995,0.056316808,0.25305575,0.01772152,0.36800066,0.1260902,0.33666986,0.04323105
375316653866487564,5842222220638215424,0.5223776,2213.757281622892,3.499486776764478,1.6314156E-5,18.90171,0.012676564,0.20124057,0.0042340616,0.08189947,0.005430245,0.30182928,0.022068527,0.72122306,0.007419535,0.08193259,0.010756373,0.25845572,0.022223027,null,null,null,null,"TWOGAUSSIANS",8,3.376722,0.20124057,0.0042340616,0.4,0.0,0.29820248,0.02126208,0.72122306,0.007419535,0.4,0.0,0.25482893,0.022719523
375316653866487564,5842222426796398720,0.4975692,2215.5923952072,0.6233219915752323,6.78101E-5,17.768051,0.14638332,0.20677501,0.013677069,0.043561775,0.14419422,0.6759339,0.41700837,0.669925,0.015102707,0.08013134,0.041586332,0.13075767,0.121827446,null,null,null,null,"TWOGAUSSIANS",8,33.870914,0.20677501,0.013938095,0.24394593,0.15704359,0.6758988,0.5291636,0.669925,0.015102707,0.4,0.0,0.13072255,0.029494686
375316653866487564,5842223388869080192,0.5396209,2200.9151436496754,1.8279352967767883,1.2365663E-5,18.44047,0.007770873,0.25614166,0.0034784235,0.08021348,0.0047461553,0.25893033,0.0145364255,0.7702708,0.0032921399,0.07412933,0.0049158134,0.29037082,0.010761748,null,null,null,null,"TWOGAUSSIANS",8,3.1230006,0.7702708,0.0032921399,0.4,0.0,0.28824204,0.010812953,0.25614166,0.0034784235,0.4,0.0,0.25680155,0.014445857
375316653866487564,5842223496261201536,0.49364737,2231.8338948612304,1.402026155923259,1.2122857E-5,17.226551,0.011996478,0.4270845,0.028241105,0.16383488,0.036270812,0.07159561,0.015780855,0.82226396,0.009814719,0.029347679,0.008167532,0.28625557,0.014857368,null,null,null,null,"TWOGAUSSIANS",8,28.683527,0.82226396,0.009814719,0.16434701,0.04573818,0.28876552,0.016031243,0.4270845,0.028241105,0.4,0.0,0.070122875,0.014657714
375316653866487564,5842224252175844992,0.46552184,2175.560429047941,2.4236559392384622,5.120804E-5,12.987934,0.4625946,0.19961958,0.0082129445,0.10512497,0.06317871,0.1737573,0.32730642,0.704117,0.007666069,0.123049594,0.13469937,0.15494774,0.45329395,null,null,null,null,"TWOGAUSSIANS",8,698.3205,0.19959958,0.008452159,0.4,0.0,0.14563906,0.014830047,0.704117,0.0077211494,0.4,0.0,0.1267525,0.016702736
375316653866487564,5842225179888809856,0.4904862,2165.8855898129827,1.7741044948868698,1.5936515E-5,18.551182,0.04014804,0.31179318,0.0067777215,0.11132258,0.02645347,0.14536266,0.036827773,0.80096465,0.0068358104,0.11196662,0.02496759,0.16255689,0.037609655,null,null,null,null,"TWOGAUSSIANS",8,3.0306282,0.80096465,0.0068358104,0.4,0.0,0.14012152,0.0104879,0.31181318,0.006746807,0.4,0.0,0.12293065,0.01284377
375316653866487564,5842225248608300416,0.5120266,2143.5128534874284,2.8150944685654204,1.8482897E-5,17.210714,0.0033764744,0.30553052,0.0052846717,0.023358481,0.009060487,0.014419177,0.012797586,null,null,null,null,null,null,0.06062343,0.0046275225,0.30553052,0.0052846717,"ONEGAUSSIAN_WITH_ELLIPSOIDAL",6,7.813023,0.30553052,0.0052846717,0.13080749,0.050738726,0.13566604,0.01094648,null,null,null,null,null,null
375316653866487564,5842228753301603456,0.49323127,2190.568767797144,1.0915870760000002,1.5797443E-6,16.507502,0.008469123,0.41378963,9.74161E-6,0.004820063,9.836587E-5,4.2876987,0.2919397,null,null,null,null,null,null,null,null,null,null,"ONEGAUSSIAN",5,183.89969,0.41378963,9.74161E-6,0.026992353,5.508489E-4,4.2876987,0.0,null,null,null,null,null,null
375316653866487564,5842228852069024512,0.48358673,2203.760079560875,2.9799990929618305,2.143292E-5,17.691706,0.030935764,0.29184416,0.0100364955,0.1048708,0.040076397,0.063853875,0.029535204,0.77387094,0.010562708,0.108383924,0.03241778,0.083988026,0.030041073,null,null,null,null,"TWOGAUSSIANS",8,2.2798119,0.77387094,0.010562708,0.4,0.0,0.07631705,0.0079016555,0.2918642,0.0099956365,0.4,0.0,0.056186106,0.0076689604
