Gaia/vari_eclipsing_binary/VariEclipsingBinary_484790-484820.csv
# %ECSV 1.0
# ---
# delimiter: ','
# meta: !!omap
# - RELEASE: Gaia DR3
# - TABLE: vari_eclipsing_binary
# - DESCRIPTION: >
#     This table describes the properties of the eclipsing binaries resulting from the variability analysis. 
# - CITATION: >
#     How to cite and acknowledge Gaia: 
#     https://gea.esac.esa.int/archive/documentation/credits.html 
# - KNOWN_ISSUES: >
#     Known issues: 
#     https://www.cosmos.esa.int/web/gaia-users/known-issues 
# - DOCUMENTATION: >
#     Tutorials and documentation: 
#     https://www.cosmos.esa.int/web/gaia-users/archive 
# datatype:
# - 
#   name: solution_id
#   datatype: int64
#   description: Solution Identifier
#   meta:
#     ucd: meta.version
# - 
#   name: source_id
#   datatype: int64
#   description: Unique source identifier
#   meta:
#     ucd: meta.id;meta.main
# - 
#   name: global_ranking
#   datatype: float32
#   description: Number between 0 (worst) and 1 (best)
#   meta:
#     ucd: stat.param
# - 
#   name: reference_time
#   datatype: float64
#   unit: d
#   description: Reference time used for the geometric model fit
#   meta:
#     ucd: time.epoch
# - 
#   name: frequency
#   datatype: float64
#   unit: d**-1
#   description: Frequency of geometric model of the eclipsing binary light curve
#   meta:
#     ucd: src.orbital
# - 
#   name: frequency_error
#   datatype: float32
#   unit: d**-1
#   description: "Uncertainty of \\texttt{frequency}"
#   meta:
#     ucd: stat.error
# - 
#   name: geom_model_reference_level
#   datatype: float32
#   unit: mag
#   description: Magnitude reference level of geometric model
#   meta:
#     ucd: phot.mag;em.opt
# - 
#   name: geom_model_reference_level_error
#   datatype: float32
#   unit: mag
#   description: "Uncertainty of \\texttt{geomModelReferenceLevel}"
#   meta:
#     ucd: stat.error;phot.mag;em.opt
# - 
#   name: geom_model_gaussian1_phase
#   datatype: float32
#   description: Phase of the Gaussian 1 component
#   meta:
#     ucd: time.phase
# - 
#   name: geom_model_gaussian1_phase_error
#   datatype: float32
#   description: "Uncertainty of \\texttt{geomModelGaussian1Phase}"
#   meta:
#     ucd: stat.error;time.phase
# - 
#   name: geom_model_gaussian1_sigma
#   datatype: float32
#   description: "Standard deviation [phase] of Gaussian 1 component"
#   meta:
#     ucd: stat.stdev
# - 
#   name: geom_model_gaussian1_sigma_error
#   datatype: float32
#   description: "Uncertainty of \\texttt{geomModelGaussian1Sigma}"
#   meta:
#     ucd: stat.error
# - 
#   name: geom_model_gaussian1_depth
#   datatype: float32
#   unit: mag
#   description: Magnitude depth of Gaussian 1 component
#   meta:
#     ucd: src.var.amplitude
# - 
#   name: geom_model_gaussian1_depth_error
#   datatype: float32
#   unit: mag
#   description: "Uncertainty of \\texttt{geomModelGaussian1Depth}"
#   meta:
#     ucd: stat.error;src.var.amplitude
# - 
#   name: geom_model_gaussian2_phase
#   datatype: float32
#   description: Phase of Gaussian 2 component
#   meta:
#     ucd: time.phase
# - 
#   name: geom_model_gaussian2_phase_error
#   datatype: float32
#   description: "Uncertainty of \\texttt{geomModelGaussian2Phase}"
#   meta:
#     ucd: stat.error;time.phase
# - 
#   name: geom_model_gaussian2_sigma
#   datatype: float32
[...]
#   datatype: float32
#   description: "Secondary eclipse: uncertainty of \\texttt{derivedSecondaryEclDuration}"
#   meta:
#     ucd: stat.error;time.duration
# - 
#   name: derived_secondary_ecl_depth
#   datatype: float32
#   unit: mag
#   description: "Secondary eclipse: depth"
#   meta:
#     ucd: src.var.amplitude
# - 
#   name: derived_secondary_ecl_depth_error
#   datatype: float32
#   unit: mag
#   description: "Secondary eclipse: uncertainty of \\texttt{derivedSecondaryEclDepth}"
#   meta:
#     ucd: stat.error;src.var.amplitude
solution_id,source_id,global_ranking,reference_time,frequency,frequency_error,geom_model_reference_level,geom_model_reference_level_error,geom_model_gaussian1_phase,geom_model_gaussian1_phase_error,geom_model_gaussian1_sigma,geom_model_gaussian1_sigma_error,geom_model_gaussian1_depth,geom_model_gaussian1_depth_error,geom_model_gaussian2_phase,geom_model_gaussian2_phase_error,geom_model_gaussian2_sigma,geom_model_gaussian2_sigma_error,geom_model_gaussian2_depth,geom_model_gaussian2_depth_error,geom_model_cosine_half_period_amplitude,geom_model_cosine_half_period_amplitude_error,geom_model_cosine_half_period_phase,geom_model_cosine_half_period_phase_error,model_type,num_model_parameters,reduced_chi2,derived_primary_ecl_phase,derived_primary_ecl_phase_error,derived_primary_ecl_duration,derived_primary_ecl_duration_error,derived_primary_ecl_depth,derived_primary_ecl_depth_error,derived_secondary_ecl_phase,derived_secondary_ecl_phase_error,derived_secondary_ecl_duration,derived_secondary_ecl_duration_error,derived_secondary_ecl_depth,derived_secondary_ecl_depth_error
[from data line 263]
375316653866487564,4264351777012237440,0.45830572,2208.585194393944,0.14905165273265994,1.6898666E-5,17.089046,0.010926065,0.2534615,0.013717946,0.110216185,0.015205591,0.21624267,0.038017634,0.6957174,0.007564773,0.048198044,0.011660335,0.12810598,0.013182197,null,null,null,null,"TWOGAUSSIANS",8,3.9891505,0.2534615,0.013717946,0.4,0.0,0.21554996,0.03854525,0.6957174,0.007564773,0.26990905,0.06529788,0.12748283,0.013187614
375316653866487564,4264352258015709056,0.5687645,2255.2781133065596,4.085669184372694,1.5378113E-5,19.441576,0.025042782,0.14296407,0.01031195,0.09990388,0.017416641,0.3213768,0.013783289,0.6530383,0.008764908,0.08078574,0.009412841,0.39409944,0.028184248,null,null,null,null,"TWOGAUSSIANS",8,1.1337292,0.6530383,0.008764908,0.4,0.0,0.38111654,0.02077709,0.14296407,0.01031195,0.4,0.0,0.3083913,0.017148167
375316653866487564,4264352258015747072,0.540848,2195.5172125235235,0.6494432746295782,1.08564236E-4,19.3738,0.033806663,0.15100153,0.015056959,0.040359788,0.015077354,0.053894766,0.020979308,0.68704754,0.0124183465,0.16138826,0.028736487,0.30554992,0.036707968,null,null,null,null,"TWOGAUSSIANS",8,0.9856455,0.68704754,0.0124183465,0.4,0.0,0.294487,0.02022377,0.14901152,0.015916634,0.22601482,0.08443318,0.049025897,0.013269296
375316653866487564,4264352670372872832,0.4495995,2201.7849971436235,0.49017768639288306,6.668406E-5,19.45525,0.031059576,0.16578096,0.0033663618,0.055879958,0.009805743,0.5445937,0.04114053,0.7051728,0.016049052,0.09420413,0.022238815,0.40744054,0.04447325,null,null,null,null,"TWOGAUSSIANS",8,1.9822868,0.16578096,0.003366356,0.31292775,0.054912157,0.5432279,0.040604208,0.7051728,0.016049052,0.4,0.0,0.4060721,0.044269267
375316653866487564,4264352837839668736,0.5595645,2132.7390899880934,1.9645866755436252,2.8110797E-5,17.609049,0.012387843,0.2697462,0.015240853,0.085155174,0.017323319,0.23937565,0.20003192,0.76235723,0.0016794461,0.06309771,0.004036503,0.47392175,0.021554055,null,null,null,null,"TWOGAUSSIANS",8,14.1712,0.76235723,0.0016794461,0.35334718,0.022604417,0.47212955,0.021814961,0.2697462,0.015240853,0.4,0.0,0.23758343,0.20131004
375316653866487564,4264353456309319936,0.5825327,2202.1549740835653,3.370474831289611,9.815192E-6,19.232075,0.020461602,0.31792796,0.006851391,0.06342424,0.013990551,0.82849115,0.18754175,0.8242065,0.0033964505,0.06889429,0.0049614133,0.5781211,0.019548248,null,null,null,null,"TWOGAUSSIANS",8,1.5720433,0.31792796,0.006851391,0.3551757,0.060288746,0.82758373,0.18945076,0.8242065,0.0033964505,0.38580802,0.027783914,0.5772137,0.01865479
375316653866487564,4264354796338970880,0.5980467,2146.221984096964,2.0473095746079943,1.750584E-5,17.582699,0.014943634,0.25432798,0.0032998617,0.08611714,0.0054643196,0.3753257,0.015577406,0.7594147,0.0054676,0.07470733,0.010938374,0.25145808,0.010641567,null,null,null,null,"TWOGAUSSIANS",8,6.3877378,0.25432798,0.0032998617,0.4,0.0,0.37084526,0.012906175,0.7594147,0.0054676,0.4,0.027066097,0.24697764,0.01041567
375316653866487564,4264354830698696960,0.5345672,2174.4775607008237,1.983021275549932,1.3471031E-5,18.473227,0.0077597043,0.2729675,8.1230106E-4,0.036403265,0.0018359923,0.68398064,0.08571303,0.81032515,0.022058578,0.060450017,0.015445602,0.21984266,0.02845089,null,null,null,null,"TWOGAUSSIANS",8,2.2867103,0.2729675,8.1230106E-4,0.20385829,0.010281557,0.68398046,0.085712664,0.81032515,0.022058578,0.3385201,0.08649537,0.21984252,0.028452653
375316653866487564,4264355350389710976,0.5475335,2239.9609803300286,0.03729480109430719,1.6544103E-5,19.05963,0.053846404,0.193876,0.004282418,0.11920485,0.017368436,0.37075028,0.05692104,0.63113576,0.0029499189,0.08206578,0.0077818073,0.32616827,0.053597756,null,null,null,null,"TWOGAUSSIANS",8,0.69538677,0.193876,0.004282418,0.4,0.0,0.35688105,0.04492466,0.63113576,0.0029499189,0.4,0.0,0.31274813,0.038249806
375316653866487564,4264355762707029760,0.5997307,2160.182418974966,3.914990532332095,1.2339602E-5,19.210218,0.024249954,0.2530565,0.016595697,0.07574427,0.011080417,0.6388322,0.06075201,0.7501876,0.010789814,0.07523367,0.0122388955,0.65366334,0.065868,null,null,null,null,"TWOGAUSSIANS",8,2.6589627,0.7501876,0.010789814,0.4,0.0,0.6486239,0.06495678,0.2530565,0.016595697,0.4,0.032238856,0.63379276,0.05742668
375316653866487564,4264356656060793856,0.4623296,2168.9948249913396,0.07959551647913901,1.8289457E-4,18.724127,0.008548824,0.5395565,0.0054932423,0.02481414,0.013666883,2.1067164,54.966846,0.8782925,9.979714E-4,0.018681316,0.0038125108,0.07040174,0.0029548737,null,null,null,null,"TWOGAUSSIANS",8,2.5251365,0.5395565,0.0054932423,0.13895918,0.07653455,2.1067164,54.966846,0.8782925,9.979714E-4,0.104615375,0.02135006,0.07040174,0.0029548737
375316653866487564,4264356827893515776,0.5031202,2162.4802566739113,2.394260267244748,2.4033543E-5,15.237639,0.010745974,0.15869936,0.011550719,0.096752554,0.013324766,0.15271251,0.014169951,0.6647765,0.005438187,0.076701164,0.010658997,0.16815257,0.023851985,null,null,null,null,"TWOGAUSSIANS",8,81.360916,0.6647765,0.005438187,0.4,0.0,0.16367362,0.025564032,0.15869936,0.011550719,0.4,0.0,0.14823306,0.011835951
375316653866487564,4264357098441687680,0.5130369,2214.5155288598653,0.21960749212139813,5.598742E-5,18.798477,0.020519506,0.26040563,0.010350158,0.12681346,0.020236243,0.15863101,0.020186277,0.7903263,0.059324488,0.068322934,0.037478063,0.17498796,0.03415875,null,null,null,null,"TWOGAUSSIANS",8,0.9829454,0.79043627,0.059433166,0.3826084,0.20713654,0.16739275,0.02940517,0.26040563,0.010350158,0.4,0.0,0.15084529,0.014365224
375316653866487564,4264357098441701632,0.48107266,2207.197618530306,3.0941145586458543,7.203986E-5,17.242605,0.011828021,0.27977055,0.015212648,0.0965275,0.014312171,0.19919261,0.013621449,0.8661191,0.033178616,0.04917276,0.016031172,0.104151934,0.02692097,null,null,null,null,"TWOGAUSSIANS",8,38.309322,0.27977055,0.015212648,0.4,0.0,0.19910032,0.013573199,0.8661391,0.033198122,0.27536744,0.08977456,0.10408013,0.026974319
375316653866487564,4264357442039103488,0.601285,2222.8755707757327,2.9727811212610042,2.3800754E-5,17.025032,0.010182687,0.2055643,0.0015392477,0.067446694,0.0032911834,0.47578263,0.010867119,0.7047779,0.022627594,0.063811,0.013095745,0.5596695,0.082729526,null,null,null,null,"TWOGAUSSIANS",8,20.028152,0.7047779,0.022627594,0.35734156,0.049285397,0.55895907,0.081875026,0.2055643,0.0015392477,0.37770146,0.018430626,0.4750722,0.010461291
375316653866487564,4264357613837937920,0.53995025,2266.4236948259163,3.095111129192856,2.6032643E-5,19.0936,0.06956054,0.22391033,0.0048968834,0.1148655,0.025468767,0.35174763,0.05620352,0.71262443,0.020408126,0.10018921,0.060630653,0.4027324,120.20029,null,null,null,null,"TWOGAUSSIANS",8,3.6240518,0.71262443,0.020408126,0.4,0.16618034,0.35859415,120.23879,0.22391033,0.0048966957,0.4,0.0,0.30755424,0.01629243
375316653866487564,4264358683290766720,0.50500107,2223.966249516437,3.236925605732221,2.6390084E-5,18.361944,0.011623293,0.28243113,0.011281917,0.045121808,0.011605687,0.37308556,0.1523795,0.7191421,0.015010532,0.0639043,0.019633554,0.2138526,0.11341144,null,null,null,null,"TWOGAUSSIANS",8,7.083004,0.28243113,0.011281917,0.25268212,0.06499185,0.37308472,0.152381,0.7191421,0.015010532,0.35786408,0.10338408,0.21385175,0.1134139
375316653866487564,4264359366184372864,0.5773384,2202.6725525754036,2.988030723346946,1.5983853E-5,18.372953,0.0078043784,0.24154827,0.008804104,0.0731346,0.006011662,0.46443,0.06940582,0.729069,0.008659991,0.06723926,0.007930029,0.37857035,0.034927994,null,null,null,null,"TWOGAUSSIANS",8,2.7748835,0.24154827,0.008804104,0.4,0.0,0.4633565,0.06990148,0.729069,0.008659991,0.3765399,0.03808155,0.37749684,0.03545052
375316653866487564,4264359370514244352,0.4956221,2128.857528497731,0.09849712110824975,6.456676E-6,19.821333,0.016874222,0.37325406,0.017688753,0.00728637,0.008200458,0.22250533,0.26084918,0.84787846,0.009515519,0.057017952,0.021531545,0.4599824,0.62722796,0.055339165,0.034497112,0.84787846,0.009515519,"TWOGAUSSIANS_WITH_ELLIPSOIDAL_ON_ECLIPSE2",9,3.2492018,0.84787846,0.009515519,0.31930053,0.097375326,0.57063025,0.624982,0.37320405,0.01755862,0.04080367,0.045922566,0.33036906,0.26076636
375316653866487564,4264359744141697536,0.5345747,2243.425588344376,2.990126725175225,3.502585E-5,18.87113,0.021789586,0.246883,0.008823885,0.064768866,0.008772985,0.3816954,0.055316523,0.75243104,0.005642561,0.05761929,0.010142327,0.472291,0.05168102,null,null,null,null,"TWOGAUSSIANS",8,5.6506753,0.75243104,0.005642561,0.32266802,0.056797035,0.47212496,0.051870253,0.246883,0.008823885,0.36270565,0.04912872,0.38152936,0.055371266
375316653866487564,4264360298227291392,0.56449383,2242.6883726550127,0.3796412815823075,3.0689476E-5,13.374749,0.0013380264,0.22077858,0.0074309907,0.021495115,0.004884555,0.089511506,0.020375006,0.7184293,0.009380131,0.04516558,0.029100515,0.04975635,0.03284877,null,null,null,null,"TWOGAUSSIANS",8,14.294425,0.22077858,0.0074309907,0.12037264,0.027353508,0.089511506,0.020375006,0.7184293,0.009380131,0.25292724,0.14821129,0.04975635,0.032848816
375316653866487564,4264360981109909888,0.57994497,2241.550471836868,2.645038923637972,7.119371E-6,18.252104,0.011788496,0.23404613,8.5015735E-4,0.07909617,0.0037641067,0.35313508,0.009260901,0.7393412,0.015388195,0.08380923,0.02651269,0.24337654,0.075755015,null,null,null,null,"TWOGAUSSIANS",8,1.2950555,0.23404613,8.5015735E-4,0.4,0.0,0.34840032,0.010935418,0.7393412,0.015388195,0.4,0.0,0.23864177,0.08454917
375316653866487564,4264361427769012608,0.6641273,2181.3644799896083,0.2274898392280995,2.8126391E-5,16.657576,0.0037431314,0.1841526,0.0016870312,0.014154763,8.559784E-4,1.2898669,0.009394775,0.73086447,0.013304731,0.050606586,0.0038717133,0.9113252,0.3394756,null,null,null,null,"TWOGAUSSIANS",8,17.160004,0.1841526,0.0016870312,0.079266675,0.004793479,1.2898669,0.009394775,0.73086447,0.013304731,0.28339687,0.021681594,0.9113252,0.3394756
375316653866487564,4264361947461227648,0.47943565,2209.2014513595395,0.4395421609547184,2.9325552E-4,18.693346,0.013834181,0.32591417,0.031600676,0.12532254,0.0355919,0.14587049,0.034655027,0.6594229,0.0861326,0.05391796,0.06284177,0.12772149,0.034532204,null,null,null,null,"TWOGAUSSIANS",8,3.404255,0.32591417,0.029720623,0.4,0.0,0.14560196,0.033574957,0.6594229,0.0861326,0.30194056,0.15753849,0.13168101,0.032570023
375316653866487564,4264362153619749248,0.58050203,2221.836516271768,1.0892903464280987,1.1273687E-6,15.474558,0.006750027,0.31337708,4.365742E-7,0.015402821,6.919804E-5,1.3886609,0.0053658006,null,null,null,null,null,null,null,null,null,null,"ONEGAUSSIAN",5,179.4087,0.31337708,4.365742E-7,0.086255796,3.87509E-4,1.3886609,0.0,null,null,null,null,null,null
375316653866487564,4264362458561269632,0.4578522,2177.9346725948085,3.2755193431806506,5.7983845E-5,18.220522,0.026955502,0.09724036,0.017774729,0.070651546,0.031587698,0.1062095,0.021991588,0.6208511,0.02902067,0.087730855,0.04091777,0.14745814,0.030103147,null,null,null,null,"TWOGAUSSIANS",8,2.3543339,0.6208511,0.02902067,0.4,0.12404348,0.14638612,0.026444614,0.09724036,0.017774729,0.39564866,0.1238997,0.105137534,0.017305385
375316653866487564,4264362664719708032,0.60173804,2216.893617917362,2.5156188874182046,3.461367E-5,17.988321,0.009676614,0.19449024,0.005144594,0.06991235,0.007354706,0.5066684,0.04640457,0.7019759,0.006418045,0.07804892,0.0062081516,0.45258048,0.009961689,null,null,null,null,"TWOGAUSSIANS",8,4.9060106,0.19449024,0.005144594,0.39150915,0.027176727,0.50401026,0.047433075,0.7019759,0.006418045,0.4,0.0,0.44992235,0.008866312
375316653866487564,4264362664719751552,0.6334347,2249.4122738347564,3.1228001664235623,8.616438E-6,16.551838,0.0058540306,0.14859398,0.003966582,0.079703465,0.0048508514,0.31172106,0.026265152,0.6529756,0.0016811707,0.08346317,0.0034800228,0.31440303,0.010297913,null,null,null,null,"TWOGAUSSIANS",8,5.6019816,0.6529756,0.0016811707,0.4,0.0,0.30913535,0.011192044,0.14859398,0.003966582,0.4,0.0,0.3064534,0.027250959
375316653866487564,4264362772128537472,0.5035994,2340.99065406925,1.1986767805154117,4.7340716E-5,18.49946,0.028684784,0.063495666,0.0092264395,0.03817503,0.008452392,0.08129205,0.037005298,0.6351653,0.008206522,0.19720379,0.020868631,0.34730917,0.034179144,null,null,null,null,"TWOGAUSSIANS",8,0.7604563,0.6351653,0.008206522,0.4,0.0,0.31537634,0.029697783,0.057905663,0.011643432,0.21378016,0.047333397,0.08817968,0.036081057
375316653866487564,4264363351914853632,0.57503587,2183.5960194246577,2.9129973711810875,1.5555843E-5,17.526485,0.010299627,0.30201426,0.007940509,0.084583774,0.008382583,0.26779243,0.020678403,0.80633366,0.0031769697,0.07458589,0.00505507,0.26011336,0.016494136,null,null,null,null,"TWOGAUSSIANS",8,5.924281,0.30201426,0.007940509,0.4,0.0,0.2643086,0.020581678,0.80633366,0.0031769697,0.4,5.2302144E-4,0.25662956,0.016004503
375316653866487564,4264363768528994688,0.5909765,2246.932796671311,4.053982537611112,1.5168848E-5,19.286812,0.030708991,0.23927587,0.0059966296,0.07188021,0.01824916,0.64898705,0.060546435,0.7482956,0.010787515,0.073986016,0.008402712,0.69397646,0.057054553,null,null,null,null,"TWOGAUSSIANS",8,3.3586814,0.7482956,0.010787515,0.4,0.026718816,0.69093084,0.055115774,0.23927587,0.0059966296,0.4,0.044901356,0.6459415,0.06695324
375316653866487564,4264363871640315648,0.56228215,2199.170369575897,2.762199786555682,8.351344E-6,17.237654,0.014191627,0.36829185,0.0033371868,0.090219796,0.01061411,0.15549411,0.012609688,0.8720256,0.0027238526,0.07827708,0.0083231265,0.14375293,0.013810821,null,null,null,null,"TWOGAUSSIANS",8,1.6577299,0.36829185,0.0033371868,0.4,0.0,0.152066,0.011212508,0.8720256,0.0027238526,0.4,0.0,0.14032489,0.01198911
375316653866487564,4264364146485881088,0.53205585,2205.7229649979495,1.492133280665168,8.771164E-6,19.344275,0.3497292,0.27837914,0.0071618324,0.13330705,0.06005291,0.42060876,0.32683575,0.77615947,0.0044735875,0.11975841,0.034485858,0.44793585,0.3174156,null,null,null,null,"TWOGAUSSIANS",8,1.5698482,0.77615947,0.0044735875,0.4,0.0,0.3280431,0.01852494,0.27839914,0.007135306,0.4,0.0,0.30012056,0.03185858
375316653866487564,4264364730602095104,0.6309303,2167.674484218404,1.335210850746479,1.2273967E-5,17.750572,0.0030757855,0.31613967,0.02284864,0.049133353,0.014875089,0.119619906,0.04850774,0.8090221,4.658113E-4,0.040967204,7.3607365E-4,0.5216458,0.011644982,null,null,null,null,"TWOGAUSSIANS",8,2.6508458,0.8090221,4.658113E-4,0.22941636,0.0041220123,0.5216457,0.011644984,0.31613967,0.02284864,0.27514678,0.0833005,0.11961984,0.048507776
375316653866487564,4264365177310406272,0.63596696,2158.951139255365,1.9458705348145775,6.5364675E-6,17.245607,0.0043563987,0.2664802,0.0045075295,0.038988095,0.0036161726,0.12407093,0.021635083,0.77222073,0.0014389561,0.045630608,0.0016554192,0.63998955,0.028044052,0.030505398,0.008986017,0.2664802,0.0045075295,"TWOGAUSSIANS_WITH_ELLIPSOIDAL_ON_ECLIPSE1",9,7.7550273,0.77222073,0.0014389561,0.2555314,0.009270348,0.7009209,0.028882466,0.2664802,0.0045075295,0.21833333,0.020250566,0.18508162,0.022031942
375316653866487564,4264365241706065280,0.58625984,2158.0292223052656,1.8120950229504857,1.0749205E-5,17.392202,0.0066885026,0.22387859,0.004653146,0.09099597,0.006426121,0.2164988,0.007617257,0.7192941,0.004088214,0.0893965,0.0076039284,0.17465295,0.008628964,null,null,null,null,"TWOGAUSSIANS",8,2.214798,0.22387859,0.004653146,0.4,0.0,0.20871893,0.0061475397,0.7192941,0.004088214,0.4,0.0,0.16687313,0.008815383
