Gaia/vari_eclipsing_binary/VariEclipsingBinary_049852-050130.csv
# %ECSV 1.0
# ---
# delimiter: ','
# meta: !!omap
# - RELEASE: Gaia DR3
# - TABLE: vari_eclipsing_binary
# - DESCRIPTION: >
#     This table describes the properties of the eclipsing binaries resulting from the variability analysis. 
# - CITATION: >
#     How to cite and acknowledge Gaia: 
#     https://gea.esac.esa.int/archive/documentation/credits.html 
# - KNOWN_ISSUES: >
#     Known issues: 
#     https://www.cosmos.esa.int/web/gaia-users/known-issues 
# - DOCUMENTATION: >
#     Tutorials and documentation: 
#     https://www.cosmos.esa.int/web/gaia-users/archive 
# datatype:
# - 
#   name: solution_id
#   datatype: int64
#   description: Solution Identifier
#   meta:
#     ucd: meta.version
# - 
#   name: source_id
#   datatype: int64
#   description: Unique source identifier
#   meta:
#     ucd: meta.id;meta.main
# - 
#   name: global_ranking
#   datatype: float32
#   description: Number between 0 (worst) and 1 (best)
#   meta:
#     ucd: stat.param
# - 
#   name: reference_time
#   datatype: float64
#   unit: d
#   description: Reference time used for the geometric model fit
#   meta:
#     ucd: time.epoch
# - 
#   name: frequency
#   datatype: float64
#   unit: d**-1
#   description: Frequency of geometric model of the eclipsing binary light curve
#   meta:
#     ucd: src.orbital
# - 
#   name: frequency_error
#   datatype: float32
#   unit: d**-1
#   description: "Uncertainty of \\texttt{frequency}"
#   meta:
#     ucd: stat.error
# - 
#   name: geom_model_reference_level
#   datatype: float32
#   unit: mag
#   description: Magnitude reference level of geometric model
#   meta:
#     ucd: phot.mag;em.opt
# - 
#   name: geom_model_reference_level_error
#   datatype: float32
#   unit: mag
#   description: "Uncertainty of \\texttt{geomModelReferenceLevel}"
#   meta:
#     ucd: stat.error;phot.mag;em.opt
# - 
#   name: geom_model_gaussian1_phase
#   datatype: float32
#   description: Phase of the Gaussian 1 component
#   meta:
#     ucd: time.phase
# - 
#   name: geom_model_gaussian1_phase_error
#   datatype: float32
#   description: "Uncertainty of \\texttt{geomModelGaussian1Phase}"
#   meta:
#     ucd: stat.error;time.phase
# - 
#   name: geom_model_gaussian1_sigma
#   datatype: float32
#   description: "Standard deviation [phase] of Gaussian 1 component"
#   meta:
#     ucd: stat.stdev
# - 
#   name: geom_model_gaussian1_sigma_error
#   datatype: float32
#   description: "Uncertainty of \\texttt{geomModelGaussian1Sigma}"
#   meta:
#     ucd: stat.error
# - 
#   name: geom_model_gaussian1_depth
#   datatype: float32
#   unit: mag
#   description: Magnitude depth of Gaussian 1 component
#   meta:
#     ucd: src.var.amplitude
# - 
#   name: geom_model_gaussian1_depth_error
#   datatype: float32
#   unit: mag
#   description: "Uncertainty of \\texttt{geomModelGaussian1Depth}"
#   meta:
#     ucd: stat.error;src.var.amplitude
# - 
#   name: geom_model_gaussian2_phase
#   datatype: float32
#   description: Phase of Gaussian 2 component
#   meta:
#     ucd: time.phase
# - 
#   name: geom_model_gaussian2_phase_error
#   datatype: float32
#   description: "Uncertainty of \\texttt{geomModelGaussian2Phase}"
#   meta:
#     ucd: stat.error;time.phase
# - 
#   name: geom_model_gaussian2_sigma
#   datatype: float32
[...]
#   datatype: float32
#   description: "Secondary eclipse: uncertainty of \\texttt{derivedSecondaryEclDuration}"
#   meta:
#     ucd: stat.error;time.duration
# - 
#   name: derived_secondary_ecl_depth
#   datatype: float32
#   unit: mag
#   description: "Secondary eclipse: depth"
#   meta:
#     ucd: src.var.amplitude
# - 
#   name: derived_secondary_ecl_depth_error
#   datatype: float32
#   unit: mag
#   description: "Secondary eclipse: uncertainty of \\texttt{derivedSecondaryEclDepth}"
#   meta:
#     ucd: stat.error;src.var.amplitude
solution_id,source_id,global_ranking,reference_time,frequency,frequency_error,geom_model_reference_level,geom_model_reference_level_error,geom_model_gaussian1_phase,geom_model_gaussian1_phase_error,geom_model_gaussian1_sigma,geom_model_gaussian1_sigma_error,geom_model_gaussian1_depth,geom_model_gaussian1_depth_error,geom_model_gaussian2_phase,geom_model_gaussian2_phase_error,geom_model_gaussian2_sigma,geom_model_gaussian2_sigma_error,geom_model_gaussian2_depth,geom_model_gaussian2_depth_error,geom_model_cosine_half_period_amplitude,geom_model_cosine_half_period_amplitude_error,geom_model_cosine_half_period_phase,geom_model_cosine_half_period_phase_error,model_type,num_model_parameters,reduced_chi2,derived_primary_ecl_phase,derived_primary_ecl_phase_error,derived_primary_ecl_duration,derived_primary_ecl_duration_error,derived_primary_ecl_depth,derived_primary_ecl_depth_error,derived_secondary_ecl_phase,derived_secondary_ecl_phase_error,derived_secondary_ecl_duration,derived_secondary_ecl_duration_error,derived_secondary_ecl_depth,derived_secondary_ecl_depth_error
[from data line 403]
375316653866487564,439769226221598208,0.5664537,2081.1281491231507,2.5775150250970844,1.2277057E-5,18.664598,0.016315684,0.25712544,0.0027842869,0.08856965,0.0059194397,0.32510176,0.015385547,0.7602235,0.005209306,0.09550031,0.008474335,0.30956778,0.01657973,null,null,null,null,"TWOGAUSSIANS",8,1.9951949,0.25712544,0.0027842869,0.4,0.0,0.309987,0.008974473,0.7602235,0.005209306,0.4,0.0,0.2944524,0.009038748
375316653866487564,439776201248307456,0.613326,2078.945392857157,3.012013929412807,4.1690178E-6,18.019642,0.0076788454,0.2711656,0.0025141037,0.05013967,0.006715705,0.20299211,0.01980652,0.76645374,0.002918774,0.04867043,0.0028627585,0.2780744,0.021186318,0.09875018,0.012632795,0.2711656,0.0025141037,"TWOGAUSSIANS_WITH_ELLIPSOIDAL_ON_ECLIPSE1",9,2.9529028,0.7670038,0.0025060845,0.2725544,0.016031448,0.4754207,0.01145082,0.2711656,0.0025141037,0.28078216,0.03760795,0.4004912,0.020284623
375316653866487564,439777545572133760,0.5994892,2022.4236176725733,4.759090251966987,7.5472235E-6,18.711609,0.010722971,0.2011744,0.0018910482,0.03562276,0.0042284816,0.39909264,0.02766987,0.70478266,0.0015964904,0.04162225,0.0030321314,0.5491901,0.05566154,0.15270185,0.016410643,0.2011744,0.0018910482,"TWOGAUSSIANS_WITH_ELLIPSOIDAL_ON_ECLIPSE1",9,4.114112,0.70478266,0.0015964904,0.23308462,0.016979937,0.8544362,0.050655473,0.2011744,0.0018910482,0.19948746,0.023679497,0.7044957,0.009350844
375316653866487564,439777850515923712,0.5072188,2101.4144983676847,3.5890626871281373,7.270595E-6,17.989647,0.0054462603,0.47573242,0.0017350834,0.058472484,0.003949567,0.3081765,0.01785101,null,null,null,null,null,null,null,null,null,null,"ONEGAUSSIAN",5,8.804058,0.47573242,0.0017350834,0.32744592,0.022117577,0.3081765,0.0,null,null,null,null,null,null
375316653866487564,439786028133843584,0.60946727,2131.579698602207,2.7609096549288807,7.1519407E-6,18.319618,0.011592611,0.26058224,0.0013818721,0.05315929,0.0042960383,0.24591507,0.026278393,0.76021284,0.0046775457,0.050750285,0.0069467574,0.22714582,0.024727073,0.105867736,0.014747711,0.26058224,0.0013818721,"TWOGAUSSIANS_WITH_ELLIPSOIDAL_ON_ECLIPSE1",9,1.9877928,0.26058224,0.0013818721,0.297692,0.024057815,0.45764533,0.009865023,0.7602728,0.0040504546,0.2842016,0.03890184,0.43887514,0.007423143
375316653866487564,439786410388951552,0.57097495,2124.0419518510757,3.1023776187339505,9.4803345E-6,17.067965,0.017475214,0.2562209,0.0016903878,0.11163455,0.0073565207,0.24328706,0.015757278,0.7595512,0.0030962129,0.10968223,0.008794189,0.22301865,0.016827753,null,null,null,null,"TWOGAUSSIANS",8,3.0769906,0.2562209,0.0016943149,0.4,0.0,0.20820794,0.005396305,0.75956124,0.003104963,0.4,0.0,0.18794729,0.005116026
375316653866487564,439787819138316288,0.5212594,2050.926437431174,2.6648530607454863,3.3286626E-5,16.731567,0.076665364,0.21296759,0.0044917925,0.12094604,0.028236661,0.15702622,0.07272216,0.7132399,0.005208898,0.1398826,0.04745775,0.14482804,0.07460217,null,null,null,null,"TWOGAUSSIANS",8,5.635033,0.21295759,0.0045456914,0.4,0.0,0.109961726,0.0044590416,0.7132399,0.0052258177,0.4,0.0,0.09733765,0.0038836736
375316653866487564,439791594411278848,0.4583112,2085.027921221797,0.6557613013813559,1.3027571E-5,18.720362,0.002817614,0.3218758,0.0013060865,0.01727204,0.0023952376,0.2149998,0.16055368,0.71441245,0.10022891,0.071439326,0.067746036,0.019043038,0.02440644,null,null,null,null,"TWOGAUSSIANS",8,1.3521712,0.3218758,0.0013060865,0.09672342,0.013413331,0.2149998,0.16055368,0.71441245,0.10022891,0.4,0.3619462,0.019043038,0.024406442
375316653866487564,439791907947173248,0.4896548,2032.186259203249,0.06920112480400642,3.947991E-5,17.929714,0.0050742426,0.2923264,0.007917003,0.099684946,0.029297171,0.14042887,0.05894046,0.67814523,0.00460293,0.058699932,0.016154302,0.06640393,0.02134491,null,null,null,null,"TWOGAUSSIANS",8,1.9102074,0.2923264,0.007917003,0.4,0.0,0.14031723,0.059391465,0.67814523,0.00460293,0.32871962,0.0904641,0.06637074,0.021625146
375316653866487564,439792041087940736,0.58771956,2088.0514263101563,2.8315270210713077,1.2861652E-5,19.423264,0.011843387,0.3069017,0.004277309,0.07289156,0.0036710312,0.5802912,0.015703136,0.8085396,0.0037329237,0.07536011,0.0036999213,0.57537806,0.015906341,null,null,null,null,"TWOGAUSSIANS",8,1.5489733,0.3069017,0.004277309,0.4,0.0,0.5765187,0.015149715,0.8085396,0.0037329237,0.4,0.0,0.57160556,0.015015224
375316653866487564,439792217182660992,0.56795746,2056.8253238675766,3.820018095071508,1.386756E-5,19.353197,0.011887679,0.2041894,0.007865419,0.06129521,0.007255874,0.70095146,0.097137235,0.7098178,0.0012375058,0.05494079,0.002922023,0.7884279,0.04183092,null,null,null,null,"TWOGAUSSIANS",8,3.0342755,0.7098178,0.0012375058,0.30766842,0.016363328,0.7883128,0.041855354,0.2041894,0.007865419,0.34325317,0.040632892,0.70083636,0.09729528
375316653866487564,439792350325610880,0.6064339,2081.417989199489,1.8589787250014693,9.120612E-6,17.41517,0.0074122464,0.25054824,0.0016570407,0.092303455,0.0032397849,0.38154936,0.012731158,0.7418952,0.0022911348,0.10159148,0.00369214,0.36879593,0.008543536,null,null,null,null,"TWOGAUSSIANS",8,3.2702615,0.25054824,0.0016570407,0.4,0.0,0.35757533,0.014459291,0.7418952,0.0022911348,0.4,0.0,0.34481788,0.008579183
375316653866487564,439793518556785280,0.56705207,2090.040632094276,2.895096482226899,7.952467E-6,18.541012,0.0070533743,0.26209053,0.0016371601,0.07261565,0.0025093118,0.53034073,0.01562829,0.757125,0.002865275,0.0739106,0.0036841552,0.5256397,0.03550229,null,null,null,null,"TWOGAUSSIANS",8,3.8071556,0.26209053,0.0016371601,0.4,2.2690526E-4,0.52755624,0.015875973,0.757125,0.002865275,0.4,0.0,0.5228553,0.036051665
375316653866487564,439797439864986880,0.560433,2073.7067621681135,0.6449519192124864,5.432367E-5,17.261744,0.0014689505,0.24105689,0.0033431533,0.018933678,0.0074623753,0.28655806,1.495649,0.74181145,0.018494785,0.023651933,0.025040818,0.04787495,64.97112,0.014829024,0.0020606832,0.74181145,0.018494785,"TWOGAUSSIANS_WITH_ELLIPSOIDAL_ON_ECLIPSE2",9,1.4549704,0.24105689,0.0033302798,0.106028594,0.0417893,0.31621543,1.4970126,0.74181145,0.018494785,0.13245082,0.14022858,0.07753296,64.972
375316653866487564,439800940260400768,0.59556574,2145.429213603541,0.9808641212721034,1.7240724E-5,18.0288,0.0023605216,0.2573706,0.0029332875,0.034483645,0.0015650716,0.39781862,0.0074977274,null,null,null,null,null,null,null,null,null,null,"ONEGAUSSIAN",5,2.171568,0.2573706,0.0029332875,0.19310841,0.008764401,0.39781862,0.0,null,null,null,null,null,null
375316653866487564,439803036204502912,0.43843347,2213.8324636470493,2.771145392539016,9.3869596E-5,18.162878,0.030909777,0.31195214,0.009426317,0.0821859,0.018822715,0.24122,0.033414695,0.79204917,0.02216168,0.09443281,0.026606545,0.1603778,0.036901344,null,null,null,null,"TWOGAUSSIANS",8,37.717022,0.31195214,0.009426317,0.4,0.0045915297,0.23616287,0.029405639,0.79204917,0.02216168,0.4,0.0,0.15532027,0.030940799
375316653866487564,439804758489946496,0.69507873,2086.6693048591214,1.0212023211211665,3.594552E-6,15.4745035,0.0028087955,0.23491327,0.0065998426,0.030945266,0.0042235157,0.07783518,0.017757462,0.7402923,5.0590374E-4,0.032671537,4.4938788E-4,1.3694587,0.012777545,0.011311866,0.0047499496,0.7402923,5.0590374E-4,"TWOGAUSSIANS_WITH_ELLIPSOIDAL_ON_ECLIPSE2",9,28.2836,0.7402923,5.0590374E-4,0.1829606,0.0025165721,1.3920823,0.014795935,0.23503327,0.0064586634,0.17329349,0.02365169,0.1004336,0.017628402
375316653866487564,439808705561379712,0.4997725,2139.823395136583,0.759347617191247,3.152387E-5,18.84145,0.005906936,0.26209465,0.0046075974,0.044879485,0.006532666,0.24350369,0.019104667,0.74989855,0.016553733,0.05712916,0.015082788,0.22696595,0.06602676,null,null,null,null,"TWOGAUSSIANS",8,3.229543,0.26209465,0.0046075974,0.2513251,0.03658293,0.24350214,0.019107511,0.74989855,0.016553733,0.3199233,0.08446361,0.2269644,0.06603648
375316653866487564,439809809372187776,0.4961143,2111.157339910739,0.937881231933575,1.0104728E-5,15.05257,0.0019628578,0.6476138,0.010366905,0.033048842,0.016005285,0.07953852,0.011802294,null,null,null,null,null,null,0.008368013,0.001855901,0.6476138,0.010366905,"ONEGAUSSIAN_WITH_ELLIPSOIDAL",6,14.568708,0.6476138,0.010366905,0.18507352,0.0896296,0.09627452,0.013264225,null,null,null,null,null,null
375316653866487564,439814928972396544,0.49194127,2169.580431946851,1.6830025131412178,1.3858987E-5,15.878331,0.01716895,0.19775829,0.002952235,0.07820235,0.005479415,0.47012314,0.016471623,0.7156669,0.006057083,0.08140182,0.007736647,0.34156603,0.019731198,null,null,null,null,"TWOGAUSSIANS",8,91.87125,0.19775829,0.002952235,0.4,0.0,0.4660007,0.015253483,0.7156669,0.006057083,0.4,0.0,0.33744356,0.017984316
375316653866487564,439815719246585344,0.4461733,2175.9508226617413,2.8293091202862084,3.8065904E-5,17.557467,0.0074728685,null,null,null,null,null,null,null,null,null,null,null,null,0.093076475,0.012032262,0.2984516,0.007985861,"ELLIPSOIDAL",4,42.17675,null,null,null,null,null,null,null,null,null,null,null,null
375316653866487564,439816986258521728,0.43028262,2175.167903106105,2.047656224892386,6.7462825E-5,19.082613,0.04157987,0.25716394,0.023915976,0.0886349,0.031104086,0.21528442,0.043279037,0.7124476,0.014331356,0.101203,0.024012418,0.2213747,0.04440933,null,null,null,null,"TWOGAUSSIANS",8,9.12542,0.7124476,0.014331356,0.4,0.0,0.21426907,0.03692832,0.25717393,0.023875354,0.4,0.0,0.20818742,0.027017493
375316653866487564,439818910404437376,0.49035278,2105.8129551364145,0.9899747174346334,8.173274E-5,19.87349,0.010764923,0.23779733,0.016474236,0.020325534,0.01958646,0.80071175,0.5015087,0.7352002,0.022846533,0.025233632,0.022470903,0.33545953,0.15831712,null,null,null,null,"TWOGAUSSIANS",8,2.957894,0.23779733,0.016474236,0.113823,0.109684184,0.80071175,0.5015087,0.7352002,0.022846533,0.14130834,0.12583706,0.33545953,0.15831712
375316653866487564,439825202530644224,0.44924343,2095.4389004988566,0.08680000199705488,7.361999E-5,19.200195,0.052207906,0.310474,0.040960815,0.11067144,0.07451273,0.15887123,0.056686852,0.87079453,0.07025677,0.048183147,0.035319995,0.2101531,0.20637266,null,null,null,null,"TWOGAUSSIANS",8,1.6957352,0.87081456,0.07027075,0.2698256,0.19779196,0.20958488,0.20824428,0.310474,0.040960815,0.4,0.0,0.15824315,0.041348103
375316653866487564,439826027167866240,0.50565743,2158.9259567522804,0.2729780770357092,9.967425E-5,11.222181,0.0026750702,0.28381905,0.004792127,0.03525876,0.0031136526,0.5116067,0.09842194,0.7716769,0.0066411975,0.055045694,0.008180876,0.057045914,0.0060937437,null,null,null,null,"TWOGAUSSIANS",8,129.30634,0.28381905,0.004792127,0.19744904,0.017436456,0.5116067,0.098421946,0.7716769,0.0066411975,0.30825588,0.045812905,0.05704589,0.0060937507
375316653866487564,439826817441912576,0.6224298,2168.15088638263,0.012779628325708522,1.0762149E-6,14.522869,6.575845E-4,0.28168595,4.3031964E-8,4.709731E-4,8.846203E-7,0.5219026,9.877496E-5,null,null,null,null,null,null,null,null,null,null,"ONEGAUSSIAN",5,11.212262,0.28168595,4.3031964E-8,0.0026374492,4.953874E-6,0.5219026,0.0,null,null,null,null,null,null
375316653866487564,439827298478224640,0.42641476,2112.002329726551,0.024997161134451346,1.5253371E-5,15.147401,0.0019800146,0.14826366,0.014852717,0.056212854,0.013240406,0.18756264,0.3374147,0.6080199,0.008995508,0.06982499,0.007896178,0.04369083,0.0052453955,null,null,null,null,"TWOGAUSSIANS",8,9.897864,0.14826366,0.014852717,0.31479198,0.07414628,0.18754594,0.33743113,0.6080199,0.008995508,0.39101997,0.037836798,0.04367412,0.005251649
375316653866487564,439827951313254144,0.4449938,2120.2328402485323,3.1875650516621583,3.9846007E-5,17.478073,0.055723716,0.28205305,0.012334024,0.120833546,0.028782519,0.16876003,0.052596856,0.79740894,0.006236515,0.12716803,0.029525671,0.16229491,0.05331292,null,null,null,null,"TWOGAUSSIANS",8,18.90892,0.28187305,0.01225529,0.4,0.0,0.13075577,0.017493762,0.79751897,0.0061843055,0.4,0.0,0.124205746,0.011198879
375316653866487564,439828909087742464,0.5089082,2151.2643613001947,2.031325817939084,1.1116146E-5,19.79784,0.009158573,0.20801593,0.015391478,0.057241116,0.008320663,0.27265158,0.09622189,0.6903643,0.0027035256,0.050893575,0.0032322663,0.69371384,0.059965916,null,null,null,null,"TWOGAUSSIANS",8,1.4711341,0.6903643,0.0027035256,0.28500402,0.018100692,0.693705,0.05997186,0.20801593,0.015391478,0.32055026,0.046595715,0.27264273,0.09623618
375316653866487564,439829699361854848,0.52526546,2193.483701182986,3.0864240484201946,2.5436331E-5,18.903967,0.006849396,0.2882447,0.0037643535,0.025283352,0.0071786423,0.087507375,0.029550547,0.7801897,0.049555756,0.019355718,0.03950639,0.35980412,2.574217,0.12765956,0.009917052,0.2882447,0.0037643535,"TWOGAUSSIANS_WITH_ELLIPSOIDAL_ON_ECLIPSE1",9,2.6574636,0.78035975,0.048475396,0.10839202,0.2212358,0.61448276,2.5827568,0.2882447,0.0037643535,0.14158677,0.040200397,0.34282607,0.026370673
375316653866487564,439830012897499392,0.6222622,2155.8244774612385,2.622918370468405,8.676585E-6,16.529928,0.00907938,0.2190823,0.00521034,0.047679584,0.003619792,0.4025544,0.024445398,0.72656614,0.0016451735,0.04522592,0.0022596996,0.5321797,0.031739116,0.09287894,0.012993585,0.72656614,0.0016451735,"TWOGAUSSIANS_WITH_ELLIPSOIDAL_ON_ECLIPSE2",9,28.201351,0.72656614,0.0016451735,0.25326514,0.012654318,0.71793723,0.025022982,0.2196523,0.0047915294,0.26700568,0.020270836,0.5879328,0.013291148
375316653866487564,439830627074861056,0.46117592,2180.7991727654244,0.23188746886859016,1.07359505E-4,18.671543,0.0069411234,0.4161405,0.17299587,0.016951226,0.109239936,0.20231487,0.14698546,0.69314224,0.10158658,0.089720994,0.057793755,0.3689771,0.14621875,null,null,null,null,"TWOGAUSSIANS",8,7.6606984,0.69314224,0.10158658,0.4,0.21856546,0.36897695,0.09337288,0.4162905,0.17269568,0.094926864,0.3238372,0.20546491,0.14808396
375316653866487564,439831284207781888,0.5795662,2212.1338297514303,0.08496106740399209,4.6277535E-5,9.258341,0.0017995611,0.21287884,0.0025068915,0.016973494,0.002438801,0.033825386,0.0035424263,0.71902746,0.0057406165,0.057131317,0.07361055,0.2347268,0.2006261,0.009758257,0.0043456424,0.71902746,0.0057406165,"TWOGAUSSIANS_WITH_ELLIPSOIDAL_ON_ECLIPSE2",9,35.701134,0.71902746,0.0057406165,0.31993535,0.08035072,0.25422746,0.19643179,0.21295883,0.0024938923,0.095051564,0.013657286,0.053297304,0.003437592
375316653866487564,439832418079155072,0.5809467,2185.5926670253484,0.06045208194668614,2.6330556E-5,16.759308,0.0010184585,0.11232236,0.0038068774,0.0032049771,0.0021934726,0.2586274,20.802673,0.862047,0.06531422,0.022272894,0.032073956,0.15528047,7.7215135E17,null,null,null,null,"TWOGAUSSIANS",8,2.1170464,0.11232236,0.0038068774,0.017947873,0.012283446,0.2586274,20.802673,0.862047,0.06531422,0.12472821,0.17961414,0.15528047,7.7215135E17
375316653866487564,439833788170859776,0.5079154,2233.8856609813574,0.05202740656543177,7.79996E-5,18.76358,0.0031220901,0.4472616,0.008659538,0.07615654,0.006152145,0.3933644,0.043025848,0.81158197,0.008058121,0.013043403,0.007254091,0.026030984,0.010782366,null,null,null,null,"TWOGAUSSIANS",8,2.1730182,0.4472616,0.008659538,0.4,0.0,0.3933644,0.043025848,0.81158197,0.008058121,0.073043056,0.04062291,0.026035203,0.010783645
375316653866487564,439835063775097216,0.5072927,2115.2389541237744,3.8282809760819068,1.9058642E-5,19.466166,0.03772969,0.1865853,0.0054085846,0.09352973,0.018946892,0.255165,0.031253822,0.69627684,0.0064220326,0.08512483,0.012160105,0.31915644,0.041593358,null,null,null,null,"TWOGAUSSIANS",8,2.3012388,0.69627684,0.0064220326,0.4,0.0,0.30948505,0.032167163,0.1865853,0.0054085846,0.4,0.0,0.24549326,0.017067797
