Gaia/vari_eclipsing_binary/VariEclipsingBinary_450182-453970.csv
# %ECSV 1.0
# ---
# delimiter: ','
# meta: !!omap
# - RELEASE: Gaia DR3
# - TABLE: vari_eclipsing_binary
# - DESCRIPTION: >
#     This table describes the properties of the eclipsing binaries resulting from the variability analysis. 
# - CITATION: >
#     How to cite and acknowledge Gaia: 
#     https://gea.esac.esa.int/archive/documentation/credits.html 
# - KNOWN_ISSUES: >
#     Known issues: 
#     https://www.cosmos.esa.int/web/gaia-users/known-issues 
# - DOCUMENTATION: >
#     Tutorials and documentation: 
#     https://www.cosmos.esa.int/web/gaia-users/archive 
# datatype:
# - 
#   name: solution_id
#   datatype: int64
#   description: Solution Identifier
#   meta:
#     ucd: meta.version
# - 
#   name: source_id
#   datatype: int64
#   description: Unique source identifier
#   meta:
#     ucd: meta.id;meta.main
# - 
#   name: global_ranking
#   datatype: float32
#   description: Number between 0 (worst) and 1 (best)
#   meta:
#     ucd: stat.param
# - 
#   name: reference_time
#   datatype: float64
#   unit: d
#   description: Reference time used for the geometric model fit
#   meta:
#     ucd: time.epoch
# - 
#   name: frequency
#   datatype: float64
#   unit: d**-1
#   description: Frequency of geometric model of the eclipsing binary light curve
#   meta:
#     ucd: src.orbital
# - 
#   name: frequency_error
#   datatype: float32
#   unit: d**-1
#   description: "Uncertainty of \\texttt{frequency}"
#   meta:
#     ucd: stat.error
# - 
#   name: geom_model_reference_level
#   datatype: float32
#   unit: mag
#   description: Magnitude reference level of geometric model
#   meta:
#     ucd: phot.mag;em.opt
# - 
#   name: geom_model_reference_level_error
#   datatype: float32
#   unit: mag
#   description: "Uncertainty of \\texttt{geomModelReferenceLevel}"
#   meta:
#     ucd: stat.error;phot.mag;em.opt
# - 
#   name: geom_model_gaussian1_phase
#   datatype: float32
#   description: Phase of the Gaussian 1 component
#   meta:
#     ucd: time.phase
# - 
#   name: geom_model_gaussian1_phase_error
#   datatype: float32
#   description: "Uncertainty of \\texttt{geomModelGaussian1Phase}"
#   meta:
#     ucd: stat.error;time.phase
# - 
#   name: geom_model_gaussian1_sigma
#   datatype: float32
#   description: "Standard deviation [phase] of Gaussian 1 component"
#   meta:
#     ucd: stat.stdev
# - 
#   name: geom_model_gaussian1_sigma_error
#   datatype: float32
#   description: "Uncertainty of \\texttt{geomModelGaussian1Sigma}"
#   meta:
#     ucd: stat.error
# - 
#   name: geom_model_gaussian1_depth
#   datatype: float32
#   unit: mag
#   description: Magnitude depth of Gaussian 1 component
#   meta:
#     ucd: src.var.amplitude
# - 
#   name: geom_model_gaussian1_depth_error
#   datatype: float32
#   unit: mag
#   description: "Uncertainty of \\texttt{geomModelGaussian1Depth}"
#   meta:
#     ucd: stat.error;src.var.amplitude
# - 
#   name: geom_model_gaussian2_phase
#   datatype: float32
#   description: Phase of Gaussian 2 component
#   meta:
#     ucd: time.phase
# - 
#   name: geom_model_gaussian2_phase_error
#   datatype: float32
#   description: "Uncertainty of \\texttt{geomModelGaussian2Phase}"
#   meta:
#     ucd: stat.error;time.phase
# - 
#   name: geom_model_gaussian2_sigma
#   datatype: float32
[...]
#   datatype: float32
#   description: "Secondary eclipse: uncertainty of \\texttt{derivedSecondaryEclDuration}"
#   meta:
#     ucd: stat.error;time.duration
# - 
#   name: derived_secondary_ecl_depth
#   datatype: float32
#   unit: mag
#   description: "Secondary eclipse: depth"
#   meta:
#     ucd: src.var.amplitude
# - 
#   name: derived_secondary_ecl_depth_error
#   datatype: float32
#   unit: mag
#   description: "Secondary eclipse: uncertainty of \\texttt{derivedSecondaryEclDepth}"
#   meta:
#     ucd: stat.error;src.var.amplitude
solution_id,source_id,global_ranking,reference_time,frequency,frequency_error,geom_model_reference_level,geom_model_reference_level_error,geom_model_gaussian1_phase,geom_model_gaussian1_phase_error,geom_model_gaussian1_sigma,geom_model_gaussian1_sigma_error,geom_model_gaussian1_depth,geom_model_gaussian1_depth_error,geom_model_gaussian2_phase,geom_model_gaussian2_phase_error,geom_model_gaussian2_sigma,geom_model_gaussian2_sigma_error,geom_model_gaussian2_depth,geom_model_gaussian2_depth_error,geom_model_cosine_half_period_amplitude,geom_model_cosine_half_period_amplitude_error,geom_model_cosine_half_period_phase,geom_model_cosine_half_period_phase_error,model_type,num_model_parameters,reduced_chi2,derived_primary_ecl_phase,derived_primary_ecl_phase_error,derived_primary_ecl_duration,derived_primary_ecl_duration_error,derived_primary_ecl_depth,derived_primary_ecl_depth_error,derived_secondary_ecl_phase,derived_secondary_ecl_phase_error,derived_secondary_ecl_duration,derived_secondary_ecl_duration_error,derived_secondary_ecl_depth,derived_secondary_ecl_depth_error
[from data line 75]
375316653866487564,3969134790410280960,0.4391694,2215.33772957397,2.389329526858536,4.090273E-5,18.672241,0.2194279,0.14089829,0.0072102845,0.041150905,0.036505025,0.2268367,0.08228582,0.69983834,0.011569378,0.17342225,0.08044403,0.53048205,0.18457165,null,null,null,null,"TWOGAUSSIANS",8,29.612038,0.69983834,0.011569378,0.4,0.0,0.50289303,0.13187501,0.13894829,0.008708721,0.23044507,0.20442814,0.22333576,0.08235278
375316653866487564,3969574049600305152,0.4553139,2176.8446083200615,0.08799166466660924,4.893046E-5,13.856884,9.170803E-4,0.4305193,0.0037092494,0.016946977,0.0046344213,0.04737141,0.010714742,0.78826463,0.012985466,0.056869492,0.0064737964,0.04167489,0.008606818,null,null,null,null,"TWOGAUSSIANS",8,4.7815957,0.4305193,0.0037092494,0.09490307,0.025952758,0.04737141,0.010714742,0.78826463,0.012985466,0.31846917,0.03625326,0.04167489,0.008606818
375316653866487564,3969751616432780160,0.59354556,2163.72185776515,3.1042464294244225,1.1224672E-5,13.12516,0.0067186854,0.24346946,0.0031624858,0.04532774,0.016356982,0.09408791,0.013004002,0.7409471,0.009887024,0.016815547,0.00798835,0.32115877,7.6535897,0.09108258,0.008624744,0.24346946,0.0031624858,"TWOGAUSSIANS_WITH_ELLIPSOIDAL_ON_ECLIPSE1",9,109.07474,0.7409771,0.00985619,0.09416706,0.044734757,0.50327873,7.6684437,0.24346946,0.0031624858,0.25383535,0.09159911,0.27625304,0.014876177
375316653866487564,3970078416199869824,0.48905006,2144.506797813572,0.9227319721825276,2.5877189E-5,13.341906,0.0015229825,0.39109775,0.006116647,0.02823468,0.020898087,0.058199275,0.03511988,null,null,null,null,null,null,0.01703652,0.0020918134,0.39109775,0.006116647,"ONEGAUSSIAN_WITH_ELLIPSOIDAL",6,35.07211,0.39109775,0.006116647,0.15811421,0.11702929,0.09227231,0.036660314,null,null,null,null,null,null
375316653866487564,3970265019647316992,0.71967816,2152.053035067809,0.6597740629412537,7.347013E-5,11.765243,4.7001394E-4,0.71410704,0.018885149,0.034451034,0.009354648,0.24983028,0.041726984,null,null,null,null,null,null,null,null,null,null,"ONEGAUSSIAN",5,6.810582,0.71410704,0.018885149,0.19292578,0.05238603,0.24983028,0.0,null,null,null,null,null,null
375316653866487564,3970707057678129152,0.48458102,2177.591318628472,1.6133448328972173,3.5662175E-5,19.762173,0.04606005,0.24128294,0.013399742,0.10569846,0.02737246,0.585662,0.23171568,0.68379486,0.09680551,0.07787461,0.04380906,0.48295248,0.32413572,null,null,null,null,"TWOGAUSSIANS",8,5.5394406,0.24128294,0.013399742,0.4,0.0,0.5750595,0.23860966,0.68379486,0.09680551,0.4,0.19632635,0.47244194,0.31856552
375316653866487564,3970720114378581120,0.51829386,2188.258871003936,0.6238323335605866,2.758666E-4,17.307459,0.22403231,0.17474279,7.3939294E-4,0.018570516,0.001124574,0.68599516,0.029393058,0.70363504,0.029047417,0.212935,0.19487678,0.11114357,0.21276414,null,null,null,null,"TWOGAUSSIANS",8,42.069695,0.17472279,7.541499E-4,0.10399489,0.006297614,0.68491185,0.02700172,0.70363504,0.029047417,0.4,0.0,0.09536386,0.023728976
375316653866487564,3970770318251440768,0.6996008,2227.30174438033,0.49899835467735854,4.6980485E-6,9.537071,0.0024710454,0.5879153,0.002437294,0.04364131,0.002439597,0.37854278,0.005717132,null,null,null,null,null,null,null,null,null,null,"ONEGAUSSIAN",5,52.501484,0.5879153,0.002437294,0.24439134,0.013661743,0.37854278,0.0,null,null,null,null,null,null
375316653866487564,3970976201803788416,0.7110019,2193.1360255194063,3.471456858507792,4.4793455E-6,15.655125,0.013144472,0.17732313,0.0016689408,0.054465014,0.0037916377,0.37170747,0.027048735,0.6788031,0.0012522399,0.052155845,0.0031959328,0.3400345,0.027390156,0.06746777,0.015640471,0.17732313,0.0016689408,"TWOGAUSSIANS_WITH_ELLIPSOIDAL_ON_ECLIPSE1",9,9.129077,0.17732313,0.0016689408,0.30500406,0.021233171,0.50663006,0.008601079,0.6788031,0.0012522399,0.2920727,0.017897224,0.4749455,0.0069194133
375316653866487564,3971125490571392384,0.51462245,2221.230162439376,0.18606439954525084,3.4214605E-5,11.249959,0.0018478301,0.23813592,0.0048180665,0.05119932,0.0042166547,0.22560564,0.04990073,0.57142264,0.019872392,0.045585513,0.017629778,0.14107336,2.463374,null,null,null,null,"TWOGAUSSIANS",8,26.774324,0.23813592,0.0048180665,0.2867162,0.023613267,0.22560564,0.04990073,0.57142264,0.019872392,0.2552789,0.09872676,0.14107336,2.463374
375316653866487564,3971300007977905024,0.5472351,2167.906754770253,0.7668264057002925,1.40370485E-5,12.798419,0.0041770576,0.356168,0.0017303326,0.03303197,0.0018522801,0.22905882,0.010550577,null,null,null,null,null,null,0.012774796,0.0076253847,0.356168,0.0017303326,"ONEGAUSSIAN_WITH_ELLIPSOIDAL",6,158.85637,0.356168,0.0017303326,0.18497904,0.010372768,0.2546084,0.010598583,null,null,null,null,null,null
375316653866487564,3971330927449823872,0.6138862,2149.904346740754,2.406620016319614,1.3275764E-5,16.46249,0.0045961253,0.2478945,0.006282589,0.0908084,0.008054799,0.20338254,0.013911764,0.7436651,0.002061693,0.087871976,0.002369342,0.34705076,0.01000127,null,null,null,null,"TWOGAUSSIANS",8,6.2636065,0.7436651,0.002061693,0.4,0.0,0.33724084,0.010922887,0.2478945,0.006282589,0.4,0.0,0.1935726,0.016344287
375316653866487564,3971647144414835712,0.65032256,2144.0410120263305,2.851510106358962,1.3005334E-5,13.5975,0.013146544,0.2932371,0.0032130603,0.052707262,0.0037900675,0.39550477,0.030256182,0.80413365,0.0063974448,0.046689097,0.01455394,0.32980323,0.3231267,0.0892647,0.015256519,0.80413365,0.0063974448,"TWOGAUSSIANS_WITH_ELLIPSOIDAL_ON_ECLIPSE2",9,200.08446,0.2942171,0.002586669,0.29516065,0.021224378,0.5732703,0.019741736,0.80413365,0.0063974448,0.26145896,0.081502065,0.5083294,0.33439443
375316653866487564,3971852272052249728,0.5909549,2203.4792440920382,3.754504384472851,1.7584936E-5,19.036034,0.036393,0.23189744,0.040644232,0.06944069,0.06077991,0.5070411,0.35541186,0.72541696,0.01475408,0.07183299,0.016068581,0.63158983,0.0403686,null,null,null,null,"TWOGAUSSIANS",8,4.166123,0.72541696,0.01475408,0.4,0.017290968,0.6297559,0.032086417,0.23189744,0.040644232,0.38886786,0.07250417,0.5052072,0.36587965
375316653866487564,3971962150201096960,0.5380972,2206.478363962454,0.02805547315772357,2.8892713E-5,17.400671,0.0051448257,0.2903719,0.017334566,0.09401674,0.018614901,0.083945915,0.011711119,0.7661314,0.033000935,0.08021643,0.022122422,0.09456585,0.01735227,null,null,null,null,"TWOGAUSSIANS",8,1.6764512,0.7661314,0.033000935,0.4,0.06321752,0.092655785,0.016892256,0.2903719,0.017334566,0.4,0.0,0.08203561,0.011373314
375316653866487564,3972058735425405312,0.5424768,2151.000735413874,2.940152992529228,1.23082955E-5,14.952475,0.051724803,0.19731918,0.002845156,0.11109197,0.017907556,0.22577085,0.049324263,0.71220547,0.0065999874,0.09807436,0.033480015,0.2158695,0.029950608,null,null,null,null,"TWOGAUSSIANS",8,106.63133,0.19731918,0.0027723156,0.4,0.0,0.20444883,0.011131358,0.71222544,0.0066187647,0.4,0.0,0.19456744,0.03683182
375316653866487564,3972379689741570688,0.51524085,2188.5775209289263,1.1428136722830757,7.068284E-5,18.789951,0.015477094,0.29168516,0.040599268,0.020576887,0.041806478,0.30794156,0.16680507,0.7866344,0.030107915,0.04635442,0.01319835,0.37358603,0.23688842,null,null,null,null,"TWOGAUSSIANS",8,5.3241806,0.7866344,0.030107915,0.25958475,0.07391076,0.37358603,0.23688848,0.29168516,0.040599268,0.11523056,0.23411629,0.30794156,0.16680597
375316653866487564,3972610316600919936,0.5369591,2100.5608570395857,0.6480711670233452,4.3734017E-6,17.339722,0.003031552,0.24621616,1.0278278E-5,0.009644519,6.6153676E-5,0.42149562,0.0029591864,null,null,null,null,null,null,null,null,null,null,"ONEGAUSSIAN",5,13.512448,0.24621616,1.0278278E-5,0.054009303,3.704606E-4,0.42149562,0.0,null,null,null,null,null,null
375316653866487564,3972708619812339840,0.49373433,2073.5408389916447,3.6973856641276246,6.3883315E-5,17.709179,0.0070588873,0.25230673,0.031175964,0.14118008,0.05164204,0.036928855,0.017158864,0.7688384,2.8501757E-4,0.018593222,8.0022373E-4,0.19357812,0.005472252,null,null,null,null,"TWOGAUSSIANS",8,4.8300915,0.7688384,2.810197E-4,0.10412204,0.0044812527,0.19338945,0.0052343286,0.25230673,0.031175964,0.4,0.0,0.036589473,0.017766153
375316653866487564,3973001841523924736,0.54132545,2094.9355918785063,3.5399145582273133,1.855837E-5,17.204039,0.011813977,0.26224867,0.00426133,0.10050094,0.008735875,0.20886166,0.011663911,0.7632184,0.007278979,0.08702755,0.008066102,0.24392173,0.014884501,null,null,null,null,"TWOGAUSSIANS",8,5.0079436,0.7632184,0.007278979,0.4,0.0,0.23131748,0.011855544,0.26224867,0.00426133,0.4,0.0,0.19625567,0.009235304
375316653866487564,3973082037153637248,0.43932354,2086.761781197405,3.8689947046510653,2.3187886E-5,19.377796,0.016606832,0.7431128,0.0018496825,0.015777236,0.0023381957,0.21666297,0.037814893,0.8488164,0.0067177955,0.027225869,0.010669301,1.3118913,0.9885226,null,null,null,null,"TWOGAUSSIANS",8,21.012686,0.8488164,0.0067177955,0.15246487,0.059748087,1.3118913,0.9885226,0.7432328,0.001397399,0.088352524,0.013093895,0.21736816,0.03555157
375316653866487564,3973310946025894400,0.5327383,2151.2646828691836,2.7526953551136546,1.4413899E-5,12.603442,0.05139093,0.24626954,0.007106588,0.121869355,0.020213412,0.22948498,0.04974184,0.7529549,0.004539181,0.10371431,0.023624793,0.24814953,0.031382136,null,null,null,null,"TWOGAUSSIANS",8,364.32266,0.7529849,0.004520339,0.4,0.0,0.210259,0.029937886,0.24626954,0.007100944,0.4,0.0,0.19149515,0.016188404
375316653866487564,3973390729338461696,0.6068981,2120.6323749883,3.719411416286982,1.9997457E-5,14.987743,0.010759829,0.2571428,0.014384003,0.09471385,0.013447296,0.27408418,0.012346522,0.75175375,0.008884921,0.07067001,0.01368496,0.29489502,0.021944558,null,null,null,null,"TWOGAUSSIANS",8,48.54036,0.75175375,0.008884921,0.39575204,0.01592903,0.28965625,0.024700189,0.2571428,0.014384003,0.4,0.0,0.2688449,0.008497307
375316653866487564,3973508033485149696,0.63861364,2096.269663464235,2.123974243958688,6.0645543E-6,14.869649,0.016175335,0.24250358,0.003122324,0.12234067,0.011505451,0.17692977,0.014219898,0.7403223,0.0040146667,0.09280004,0.0069288886,0.34669453,0.013998535,null,null,null,null,"TWOGAUSSIANS",8,13.928517,0.7403223,0.0040146667,0.4,0.0,0.316774,0.00653392,0.24250358,0.003122324,0.4,0.0,0.1469259,0.0047470024
375316653866487564,3973555553003314944,0.51147854,2125.5699164050206,2.647427915521331,4.0932013E-5,18.423176,0.009032266,0.32383466,0.012588382,0.071677975,0.013149527,0.18451704,0.0138330795,0.8194613,0.0061130538,0.06441673,0.012051768,0.15472922,0.03208698,null,null,null,null,"TWOGAUSSIANS",8,3.805415,0.32383466,0.012588382,0.4,0.020871785,0.18416396,0.0133222835,0.8194613,0.0061130538,0.3607337,0.0674899,0.15437612,0.032487873
375316653866487564,3973738278091942400,0.6193074,2200.201017909737,2.964082295708381,1.3610985E-5,14.2110815,0.019897679,0.24867912,0.0041926643,0.050225038,0.0069234245,0.45742828,0.06486832,0.753117,0.013422278,0.0665068,0.02106337,0.48348197,0.07549009,0.075025655,0.027582211,0.753117,0.013422278,"TWOGAUSSIANS_WITH_ELLIPSOIDAL_ON_ECLIPSE2",9,377.35324,0.753117,0.013422278,0.3724381,0.052615542,0.63313943,0.050722316,0.24894911,0.003552597,0.28126022,0.03877118,0.6069763,0.07371088
375316653866487564,3973743913089022208,0.660301,2208.777867529757,2.951971240096827,3.295698E-6,15.518148,0.009372601,0.28551692,0.0020227805,0.053143833,0.0043162866,0.17323895,0.019973537,0.78636324,0.0031827728,0.056731105,0.009959052,0.1394342,0.02366924,0.09964359,0.011115537,0.28551692,0.0020227805,"TWOGAUSSIANS_WITH_ELLIPSOIDAL_ON_ECLIPSE1",9,7.0405874,0.28551692,0.0020227805,0.29760545,0.024171205,0.37251547,0.004217388,0.78636324,0.0030983295,0.3176942,0.05577069,0.3387051,0.03338103
375316653866487564,3973868535860219008,0.49722552,2062.122586728101,2.328680278185515,9.602462E-6,19.802334,0.017154712,0.19071138,0.0032048365,0.029792022,0.0042397203,0.47643617,0.09444411,0.6808624,0.04917176,0.077283025,0.0831486,0.10794877,0.037478555,null,null,null,null,"TWOGAUSSIANS",8,2.4957898,0.19071138,0.0032040584,0.16683532,0.023742434,0.47643274,0.09444572,0.6808624,0.04917176,0.4,0.18576494,0.107945345,0.03764858
375316653866487564,3973909423948953728,0.59614575,2081.4364168835355,3.3337279350485924,1.5216262E-5,15.36821,0.02938582,0.2580358,0.0070249746,0.04660185,0.02287105,0.284445,0.045105893,0.75894403,0.0042071803,0.041875355,0.011854279,0.164535,0.063175336,0.10998595,0.034691818,0.2580358,0.0070249746,"TWOGAUSSIANS_WITH_ELLIPSOIDAL_ON_ECLIPSE1",9,188.71574,0.2580358,0.0070249746,0.26097038,0.12807788,0.5044167,0.060679875,0.75894403,0.0039330274,0.23450199,0.066383965,0.38449958,0.021726841
375316653866487564,3974015316366809216,0.46625203,2009.1392449880775,3.6646708951178173,5.2830528E-5,17.461372,0.0041957498,0.37367702,0.009803973,0.08262884,0.019943623,0.1305237,0.08633129,0.9521293,0.009180693,0.026653081,0.023215242,0.05814236,2054.1733,null,null,null,null,"TWOGAUSSIANS",8,6.6395874,0.37367702,0.009803973,0.4,0.04425757,0.13052353,0.086331464,0.9521293,0.009180693,0.14925726,0.13000536,0.058142498,2054.1733
375316653866487564,3974088644344227968,0.5924102,2137.920452928022,2.3618635044547527,1.5041819E-5,14.908309,0.008399055,0.1508474,0.003376428,0.039273158,0.0034480072,0.3835299,0.035186544,0.6480198,0.0088237235,0.04372116,0.0053405697,0.39214602,0.04284874,0.011945648,0.016325139,0.1508474,0.003376428,"TWOGAUSSIANS_WITH_ELLIPSOIDAL_ON_ECLIPSE1",9,167.78906,0.6480498,0.008798314,0.2448385,0.029907191,0.4160298,0.03830684,0.1508474,0.003376428,0.21992968,0.01930884,0.40742117,0.031621456
375316653866487564,3974661215024224128,0.65470576,2053.5553059919253,3.8894388257261436,7.5677726E-6,14.803755,0.011570532,0.21358187,0.0015855026,0.0440747,0.0064085755,0.24949038,0.02121743,0.70859724,0.022229204,0.050629936,0.01349168,0.19102833,0.105667755,0.13045108,0.01378853,0.21358187,0.0015855026,"TWOGAUSSIANS_WITH_ELLIPSOIDAL_ON_ECLIPSE1",9,57.66499,0.21358187,0.0015855026,0.2468183,0.035888024,0.5103908,0.021613229,0.7096772,0.018899718,0.28352764,0.0755534,0.4517283,0.10541687
375316653866487564,3975086313707384960,0.62284523,2066.229875204104,3.0718237919370637,1.05848085E-5,12.69993,0.024816275,0.26327685,0.0051878705,0.054605335,0.011158293,0.16155651,0.049498692,0.7697577,0.004421802,0.059169676,0.01388696,0.22520712,0.043506492,0.08644029,0.025716618,0.7697577,0.004421802,"TWOGAUSSIANS_WITH_ELLIPSOIDAL_ON_ECLIPSE2",9,201.82045,0.7697577,0.004421802,0.3313502,0.07606221,0.39805523,0.018085714,0.26457682,0.003808334,0.3057899,0.06248644,0.3341757,0.010834245
375316653866487564,3975332325138696192,0.4989227,2054.3763353434256,4.124995554973913,3.6482073E-5,19.109734,0.004579908,null,null,null,null,null,null,null,null,null,null,null,null,0.12031862,0.005750314,0.2377907,0.004895321,"ELLIPSOIDAL",4,2.6571062,null,null,null,null,null,null,null,null,null,null,null,null
375316653866487564,3975556389287928064,0.5593411,2096.359421136427,0.8027094054092664,1.9956684E-5,19.473377,0.008397897,0.2932465,0.005428153,0.03751868,0.0044530802,0.5518648,0.058627766,0.79180956,0.0058059236,0.034083754,0.006197828,0.52442604,0.1838238,null,null,null,null,"TWOGAUSSIANS",8,1.6412845,0.2932465,0.005428153,0.21010461,0.024937248,0.5518648,0.058627766,0.79180956,0.0058059236,0.19086903,0.034707837,0.52442604,0.1838238
375316653866487564,3975663729110537472,0.5784508,2085.71570263312,4.114205513545675,7.825276E-6,16.148928,0.016986294,0.26625738,0.0018135329,0.06917052,0.0038846282,0.47389778,0.015589798,0.76012915,0.0029198774,0.07917737,0.005504582,0.5095119,0.01964,null,null,null,null,"TWOGAUSSIANS",8,87.06013,0.76012915,0.0029198774,0.4,0.0,0.50659466,0.01927803,0.26625738,0.0018135329,0.3873549,0.021753918,0.4709805,0.014474094
