Gaia/vari_eclipsing_binary/VariEclipsingBinary_667587-667620.csv
# %ECSV 1.0
# ---
# delimiter: ','
# meta: !!omap
# - RELEASE: Gaia DR3
# - TABLE: vari_eclipsing_binary
# - DESCRIPTION: >
#     This table describes the properties of the eclipsing binaries resulting from the variability analysis. 
# - CITATION: >
#     How to cite and acknowledge Gaia: 
#     https://gea.esac.esa.int/archive/documentation/credits.html 
# - KNOWN_ISSUES: >
#     Known issues: 
#     https://www.cosmos.esa.int/web/gaia-users/known-issues 
# - DOCUMENTATION: >
#     Tutorials and documentation: 
#     https://www.cosmos.esa.int/web/gaia-users/archive 
# datatype:
# - 
#   name: solution_id
#   datatype: int64
#   description: Solution Identifier
#   meta:
#     ucd: meta.version
# - 
#   name: source_id
#   datatype: int64
#   description: Unique source identifier
#   meta:
#     ucd: meta.id;meta.main
# - 
#   name: global_ranking
#   datatype: float32
#   description: Number between 0 (worst) and 1 (best)
#   meta:
#     ucd: stat.param
# - 
#   name: reference_time
#   datatype: float64
#   unit: d
#   description: Reference time used for the geometric model fit
#   meta:
#     ucd: time.epoch
# - 
#   name: frequency
#   datatype: float64
#   unit: d**-1
#   description: Frequency of geometric model of the eclipsing binary light curve
#   meta:
#     ucd: src.orbital
# - 
#   name: frequency_error
#   datatype: float32
#   unit: d**-1
#   description: "Uncertainty of \\texttt{frequency}"
#   meta:
#     ucd: stat.error
# - 
#   name: geom_model_reference_level
#   datatype: float32
#   unit: mag
#   description: Magnitude reference level of geometric model
#   meta:
#     ucd: phot.mag;em.opt
# - 
#   name: geom_model_reference_level_error
#   datatype: float32
#   unit: mag
#   description: "Uncertainty of \\texttt{geomModelReferenceLevel}"
#   meta:
#     ucd: stat.error;phot.mag;em.opt
# - 
#   name: geom_model_gaussian1_phase
#   datatype: float32
#   description: Phase of the Gaussian 1 component
#   meta:
#     ucd: time.phase
# - 
#   name: geom_model_gaussian1_phase_error
#   datatype: float32
#   description: "Uncertainty of \\texttt{geomModelGaussian1Phase}"
#   meta:
#     ucd: stat.error;time.phase
# - 
#   name: geom_model_gaussian1_sigma
#   datatype: float32
#   description: "Standard deviation [phase] of Gaussian 1 component"
#   meta:
#     ucd: stat.stdev
# - 
#   name: geom_model_gaussian1_sigma_error
#   datatype: float32
#   description: "Uncertainty of \\texttt{geomModelGaussian1Sigma}"
#   meta:
#     ucd: stat.error
# - 
#   name: geom_model_gaussian1_depth
#   datatype: float32
#   unit: mag
#   description: Magnitude depth of Gaussian 1 component
#   meta:
#     ucd: src.var.amplitude
# - 
#   name: geom_model_gaussian1_depth_error
#   datatype: float32
#   unit: mag
#   description: "Uncertainty of \\texttt{geomModelGaussian1Depth}"
#   meta:
#     ucd: stat.error;src.var.amplitude
# - 
#   name: geom_model_gaussian2_phase
#   datatype: float32
#   description: Phase of Gaussian 2 component
#   meta:
#     ucd: time.phase
# - 
#   name: geom_model_gaussian2_phase_error
#   datatype: float32
#   description: "Uncertainty of \\texttt{geomModelGaussian2Phase}"
#   meta:
#     ucd: stat.error;time.phase
# - 
#   name: geom_model_gaussian2_sigma
#   datatype: float32
[...]
#   datatype: float32
#   description: "Secondary eclipse: uncertainty of \\texttt{derivedSecondaryEclDuration}"
#   meta:
#     ucd: stat.error;time.duration
# - 
#   name: derived_secondary_ecl_depth
#   datatype: float32
#   unit: mag
#   description: "Secondary eclipse: depth"
#   meta:
#     ucd: src.var.amplitude
# - 
#   name: derived_secondary_ecl_depth_error
#   datatype: float32
#   unit: mag
#   description: "Secondary eclipse: uncertainty of \\texttt{derivedSecondaryEclDepth}"
#   meta:
#     ucd: stat.error;src.var.amplitude
solution_id,source_id,global_ranking,reference_time,frequency,frequency_error,geom_model_reference_level,geom_model_reference_level_error,geom_model_gaussian1_phase,geom_model_gaussian1_phase_error,geom_model_gaussian1_sigma,geom_model_gaussian1_sigma_error,geom_model_gaussian1_depth,geom_model_gaussian1_depth_error,geom_model_gaussian2_phase,geom_model_gaussian2_phase_error,geom_model_gaussian2_sigma,geom_model_gaussian2_sigma_error,geom_model_gaussian2_depth,geom_model_gaussian2_depth_error,geom_model_cosine_half_period_amplitude,geom_model_cosine_half_period_amplitude_error,geom_model_cosine_half_period_phase,geom_model_cosine_half_period_phase_error,model_type,num_model_parameters,reduced_chi2,derived_primary_ecl_phase,derived_primary_ecl_phase_error,derived_primary_ecl_duration,derived_primary_ecl_duration_error,derived_primary_ecl_depth,derived_primary_ecl_depth_error,derived_secondary_ecl_phase,derived_secondary_ecl_phase_error,derived_secondary_ecl_duration,derived_secondary_ecl_duration_error,derived_secondary_ecl_depth,derived_secondary_ecl_depth_error
[from data line 647]
375316653866487564,5872433127976837888,0.51225215,2143.262871311456,3.3557650905063534,1.5912243E-5,19.80869,0.041409552,0.247299,0.010915636,0.05450326,0.010924484,0.742967,0.14151601,0.72402567,0.0019426751,0.07162508,0.0046245097,0.9077027,0.03690072,null,null,null,null,"TWOGAUSSIANS",8,10.328821,0.72402567,0.0019426751,0.4,0.02172972,0.9074007,0.03660565,0.247299,0.010915636,0.30521825,0.061177112,0.74266505,0.14168617
375316653866487564,5872433913953948160,0.58906186,2114.2427991961713,2.605315391911301,6.2801496E-6,17.838564,0.024608873,0.25097215,0.00215141,0.05877076,0.009680669,0.26477084,0.050129816,0.7625319,0.0027154398,0.060876504,0.0071063973,0.28182247,0.05052354,0.1218425,0.028447077,0.25097215,0.00215141,"TWOGAUSSIANS_WITH_ELLIPSOIDAL_ON_ECLIPSE1",9,10.373016,0.7625319,0.0027154398,0.3409084,0.039795823,0.5241631,0.010322893,0.25097215,0.00215141,0.32911626,0.054211743,0.5083947,0.020855803
375316653866487564,5872433918280009216,0.56716096,2117.923972422742,2.3465212156648882,8.777555E-6,14.792139,0.007883309,0.30366826,0.0027357878,0.053384066,0.013437187,0.0746836,0.03205443,0.79198503,0.0056680096,0.05316492,0.009542544,0.09801507,0.014696352,0.06124873,0.009895811,0.30366826,0.0027357878,"TWOGAUSSIANS_WITH_ELLIPSOIDAL_ON_ECLIPSE1",9,60.600967,0.79453504,0.0044333134,0.29772356,0.05343825,0.21999432,0.008546688,0.30366826,0.0027357878,0.29895076,0.07524825,0.1971785,0.034735348
375316653866487564,5872434017032223360,0.6688922,2120.314228977264,3.270184983866472,3.0171057E-6,17.25059,0.0060327114,0.2625099,0.0013072713,0.047997005,0.0020939454,0.5211387,0.01705858,0.7661673,9.381794E-4,0.04650806,0.0023484526,0.42183718,0.01705781,0.12933229,0.0075193844,0.7661673,9.381794E-4,"TWOGAUSSIANS_WITH_ELLIPSOIDAL_ON_ECLIPSE2",9,4.999965,0.2628099,0.001178828,0.26878324,0.011726094,0.77967656,0.021030951,0.7661673,9.381794E-4,0.26044515,0.013151335,0.6805003,0.016869899
375316653866487564,5872434399287555584,0.58302057,2129.5477942027187,2.5647311899194234,9.665195E-6,18.880806,0.018601015,0.26686382,0.002949312,0.047039688,0.010161965,0.23797818,0.040894113,0.76750064,0.0033716937,0.056249827,0.00493171,0.3336912,0.040901814,0.109579116,0.022095578,0.26686382,0.002949312,"TWOGAUSSIANS_WITH_ELLIPSOIDAL_ON_ECLIPSE1",9,2.855627,0.76750064,0.0031977443,0.31499904,0.027617576,0.55282885,0.012001436,0.26686382,0.002949312,0.26342225,0.056907006,0.45711932,0.025650317
375316653866487564,5872436529591361536,0.4574239,2111.425192840617,3.940376795867791,1.9072184E-5,18.401901,0.0049888627,0.81066877,0.0052979253,0.004757389,0.0058633517,0.02063707,0.019445857,null,null,null,null,null,null,0.09268818,0.0066813803,0.81066877,0.0052979253,"ONEGAUSSIAN_WITH_ELLIPSOIDAL",6,14.374218,0.81066877,0.0052979253,0.026641378,0.032834772,0.20601335,0.018379197,null,null,null,null,null,null
375316653866487564,5872436662732646272,0.52363974,2127.5632406468553,2.3279024395230934,1.5580967E-5,17.868933,0.017051091,0.27072775,0.003008083,0.09944112,0.0071452977,0.28186914,0.015702905,0.773222,0.0046005594,0.10634031,0.009793024,0.21389233,0.016933687,null,null,null,null,"TWOGAUSSIANS",8,6.9709315,0.27072775,0.003008083,0.4,0.0,0.2571689,0.008122631,0.773222,0.0046005594,0.4,0.0,0.18918711,0.009697257
375316653866487564,5872437422973401984,0.63215554,2119.3868135575394,0.2806890079079366,1.0710048E-6,17.25511,0.0030071554,0.23144925,0.0019950517,0.025164733,0.0028625,0.0959906,0.0077721123,0.7286896,1.9864705E-4,0.027771987,3.067979E-4,0.7901431,0.009632243,0.025315171,0.0040311017,0.23144925,0.0019950517,"TWOGAUSSIANS_WITH_ELLIPSOIDAL_ON_ECLIPSE1",9,4.711168,0.7286996,1.9777169E-4,0.15552314,0.0017180683,0.84075826,0.0078118783,0.23144925,0.0019950517,0.1409225,0.01603,0.14662094,0.004370143
375316653866487564,5872437457333131392,0.6368022,2123.647294941987,1.1752579982148539,2.309113E-6,16.447939,0.004228532,0.26806936,8.0208975E-4,0.05231732,0.003578227,0.09189067,0.009033319,0.76865107,0.0017583439,0.05904314,0.0032910253,0.14327115,0.008079945,0.082687676,0.004742774,0.26806936,8.0208975E-4,"TWOGAUSSIANS_WITH_ELLIPSOIDAL_ON_ECLIPSE1",9,3.6240752,0.76865107,0.0016740201,0.3306416,0.018429741,0.30862436,0.0037199496,0.26806936,8.0208975E-4,0.29297698,0.020038072,0.25724608,0.0035119294
375316653866487564,5872437526052609792,0.681315,2127.454232961815,2.802654686185315,1.9565862E-6,14.466811,0.0038597644,0.292341,0.0012477508,0.049204282,0.0011874492,0.52660626,0.011713289,0.7942017,5.97777E-4,0.042467363,9.982922E-4,0.47297034,0.009032828,0.13114288,0.0052945423,0.7942017,5.97777E-4,"TWOGAUSSIANS_WITH_ELLIPSOIDAL_ON_ECLIPSE2",9,86.03064,0.292501,0.0011224666,0.275544,0.0066497154,0.78885746,0.009508289,0.7942017,5.97777E-4,0.23781723,0.0055904365,0.7352543,0.0035833528
375316653866487564,5872438041419917952,0.54308647,2111.488798710968,1.199724552778743,7.3650244E-6,18.279715,0.023305355,0.24376859,0.0027198428,0.091764405,0.008310141,0.29877448,0.019992728,0.769599,0.003954162,0.112306535,0.01746889,0.17947882,0.01891247,null,null,null,null,"TWOGAUSSIANS",8,3.1650705,0.24374859,0.0026958352,0.4,0.0,0.2827369,0.008239282,0.769599,0.003954844,0.4,0.0,0.16341443,0.0072978083
375316653866487564,5872438419405831040,0.51341635,2113.6619428245826,0.14771304219025905,1.488648E-4,15.316568,0.0061136927,0.3083436,0.0077911066,0.023293298,0.00531119,1.179994,0.07923174,0.8030412,0.008205383,0.014660678,0.014826353,0.15817694,36.318604,0.035664883,0.009992207,0.8030412,0.008205383,"TWOGAUSSIANS_WITH_ELLIPSOIDAL_ON_ECLIPSE2",9,584.07947,0.30833358,0.0077519394,0.13044247,0.029742664,1.2512448,0.07980992,0.8030412,0.008205383,0.082099795,0.08302757,0.22950672,36.319145
375316653866487564,5872438797362964096,0.67938477,2100.3876959255595,2.385820842201473,1.6533124E-6,16.374624,0.0034867055,0.2354846,5.005065E-4,0.049155995,0.0013903411,0.3188386,0.007713712,0.73425627,7.994557E-4,0.044792604,0.0014508696,0.29556137,0.0071859327,0.12854214,0.004514785,0.2354846,5.005065E-4,"TWOGAUSSIANS_WITH_ELLIPSOIDAL_ON_ECLIPSE1",9,6.2781553,0.2354846,5.005065E-4,0.27527356,0.0077859103,0.5759221,0.004144986,0.73440623,6.911176E-4,0.25083858,0.00812487,0.5526314,0.005158694
375316653866487564,5872439450198307840,0.5071358,2104.0367575176965,2.5983788351234396,1.3824262E-5,17.240562,0.5089905,0.2824565,0.0050174226,0.16714105,0.09330989,0.3446232,0.49455595,0.7856284,0.003915039,0.14684997,0.046966206,0.41862983,0.441049,null,null,null,null,"TWOGAUSSIANS",8,10.891785,0.78603834,0.0034903558,0.4,0.0,0.21957128,0.0081823245,0.2820965,0.00484338,0.4,0.0,0.14024816,0.007955704
375316653866487564,5872439759435979904,0.5156169,2094.195194239622,3.193272315304644,1.3856845E-5,17.5293,0.0071597765,0.25688928,0.004017635,0.09359574,0.0057090325,0.19877432,0.009313141,0.756434,0.0050686286,0.08267611,0.0077080666,0.14849387,0.010053047,null,null,null,null,"TWOGAUSSIANS",8,7.4357553,0.25688928,0.004017635,0.4,0.0,0.19262792,0.008571163,0.756434,0.0050686286,0.4,0.0,0.14234771,0.010118193
375316653866487564,5872442886172355840,0.5461601,2106.4899881904457,1.4376392486300709,1.553656E-5,16.912315,0.0015799935,0.16088416,0.001768279,0.02956146,0.0017880215,0.120737225,0.006817024,0.6580996,0.006311459,0.033791393,0.0053618173,0.111949995,0.011283873,0.012160612,0.0022843345,0.16088416,0.001768279,"TWOGAUSSIANS_WITH_ELLIPSOIDAL_ON_ECLIPSE1",9,3.1507366,0.16088416,0.001768279,0.16554417,0.010012921,0.14505845,0.0060259695,0.6581496,0.0062340214,0.18923181,0.030026175,0.1362639,0.010863221
375316653866487564,5872443092333816320,0.46734962,2110.94180036069,0.8053169686550615,5.6100318E-5,19.917976,0.008397141,0.35400498,0.0043955846,0.03143502,0.002703327,0.43615717,0.063413605,0.844542,0.014198485,0.020521365,0.009734058,0.113724194,0.29658815,null,null,null,null,"TWOGAUSSIANS",8,2.0590813,0.35400498,0.0043955846,0.17603612,0.015138632,0.43615717,0.063413605,0.844542,0.014198485,0.11491964,0.054510724,0.113724194,0.29658815
375316653866487564,5872443401568275584,0.647663,2114.299656105501,3.2354371803751683,2.7907931E-6,16.479847,0.0126293115,0.19972523,0.0010732001,0.05111506,0.003205248,0.37495476,0.026467074,0.69525987,0.001073181,0.05678643,0.0027046893,0.4399214,0.025691468,0.09402622,0.015430362,0.19972523,0.0010732001,"TWOGAUSSIANS_WITH_ELLIPSOIDAL_ON_ECLIPSE1",9,16.127338,0.6956999,9.4187655E-4,0.318004,0.01514626,0.6278187,0.009242239,0.19972523,0.0010732001,0.28624433,0.01794939,0.56298554,0.008856394
375316653866487564,5872443465963395840,0.5356026,2112.304006477118,0.2518740923524097,1.9098867E-5,17.519405,0.0016153717,0.07030231,5.6218455E-4,0.011297634,5.052332E-4,0.28260818,0.0057221116,0.5700002,9.558311E-4,0.009010826,0.0010727253,0.6903537,0.3768067,null,null,null,null,"TWOGAUSSIANS",8,6.2354083,0.5700002,9.558311E-4,0.050460625,0.006007262,0.6903537,0.3768067,0.07030231,5.6218455E-4,0.06326675,0.0028293056,0.28260818,0.0057221116
375316653866487564,5872443573366885632,0.6091611,2107.7687828581948,3.246316532835394,3.6772817E-6,17.29103,0.0070785196,0.25487337,0.0013967192,0.053636223,0.0042034644,0.16134344,0.012862557,0.751927,0.0017799598,0.049276523,0.005294822,0.10764304,0.012545716,0.064479075,0.0068559255,0.25487337,0.0013967192,"TWOGAUSSIANS_WITH_ELLIPSOIDAL_ON_ECLIPSE1",9,2.966547,0.25487337,0.0013967192,0.30036286,0.023539402,0.29029816,0.0058004004,0.75247705,0.0013735577,0.27594852,0.029651005,0.23656183,0.002129328
375316653866487564,5872444359316618496,0.6284819,2119.2135799795046,1.0691391269426205,1.0711747E-6,17.210299,0.0027858964,0.24566905,0.0033656016,0.032678787,0.0032204383,0.08466156,0.013080771,0.7375697,2.56209E-4,0.03595888,6.591759E-4,0.69536555,0.009357891,0.0149174575,0.0037474518,0.24566905,0.0033656016,"TWOGAUSSIANS_WITH_ELLIPSOIDAL_ON_ECLIPSE1",9,7.21337,0.7376097,2.426804E-4,0.20136972,0.003691385,0.7251236,0.009831133,0.24566905,0.0033656016,0.1830012,0.018034454,0.11449643,0.011631457
375316653866487564,5872444397972719360,0.46383625,2103.5448603368677,3.664884710813086,4.2070955E-5,19.391481,0.03261106,0.24573392,0.011080693,0.095335886,0.019856634,0.29845288,0.030542733,0.73781615,0.0076231183,0.090408914,0.01650131,0.26049632,0.029217934,null,null,null,null,"TWOGAUSSIANS",8,4.729935,0.24573392,0.011080693,0.4,0.0,0.285171,0.026940323,0.73781615,0.0076231183,0.4,0.0,0.24721499,0.021454964
375316653866487564,5872445016476049280,0.47287413,2102.4049956439244,0.35674923095755895,4.033591E-5,17.252419,0.0015849423,0.2154288,0.021106416,0.06448319,0.044323027,0.016000036,0.004934357,0.74243057,0.0012728048,0.012692112,8.998633E-4,0.111513175,0.0055324426,null,null,null,null,"TWOGAUSSIANS",8,2.9126234,0.74243057,0.0012728048,0.07107583,0.0050392346,0.111513175,0.0055324426,0.2154288,0.021106416,0.36110583,0.24468975,0.016000036,0.004934357
375316653866487564,5872446665743509632,0.58519685,2090.574188517537,3.095607351471576,9.367781E-6,17.263012,0.011407993,0.21660595,0.0014723219,0.051784616,0.0054687015,0.20626172,0.023781195,0.7150884,0.0041663004,0.045209717,0.0053339694,0.28981897,0.040502854,0.11856629,0.014065902,0.21660595,0.0014723219,"TWOGAUSSIANS_WITH_ELLIPSOIDAL_ON_ECLIPSE1",9,17.15377,0.71526843,0.0038237793,0.25317442,0.029870227,0.5269304,0.036054593,0.21660595,0.0014723219,0.28999385,0.030624727,0.44339222,0.009772776
375316653866487564,5872447387298038016,0.618411,2106.0394724471353,0.9895549816734783,3.8930493E-6,12.995074,0.0098817935,0.25414267,0.0014817175,0.10921852,0.004705943,0.25743654,0.008114327,0.77600366,0.0010819957,0.12048204,0.0038690793,0.24777049,0.009534415,null,null,null,null,"TWOGAUSSIANS",8,54.255337,0.25403267,0.0015064322,0.4,0.0,0.21941115,0.0037153992,0.7760337,0.0010651592,0.4,0.0,0.20965043,0.0020968232
375316653866487564,5872447799588744320,0.43783262,2119.892870911083,3.711682797802977,3.488441E-5,19.476923,0.022465635,0.12745269,0.026967207,0.031797163,0.032876782,0.08081936,0.09317851,0.608987,0.0068502356,0.08734581,0.009580979,0.52991325,0.026109787,null,null,null,null,"TWOGAUSSIANS",8,6.2861247,0.608987,0.0068502356,0.4,0.0,0.5298692,0.026035292,0.12745269,0.026967207,0.17806411,0.18410999,0.08077542,0.093322486
375316653866487564,5872448349370895488,0.6185246,2144.6465552764453,1.6702947842454197,3.4103482E-6,13.388049,0.0042590913,0.2218601,9.1808254E-4,0.08496039,0.002240479,0.26403123,0.00486981,0.7232804,0.0012673524,0.09467632,0.0026967565,0.26728517,0.0046072546,null,null,null,null,"TWOGAUSSIANS",8,44.941223,0.7232804,0.0012673524,0.4,0.0,0.2564976,0.0043204734,0.2218601,9.1808254E-4,0.4,0.0,0.2532441,0.0047683707
375316653866487564,5872448482485694080,0.5603374,2124.60049977517,1.251106066525902,4.2076726E-6,17.867752,0.0026607066,0.28297094,0.0031866066,0.037370287,0.0020489006,0.36149633,0.011734883,0.786744,0.0029511098,0.042097863,0.0044219377,0.067453355,0.0071455836,null,null,null,null,"TWOGAUSSIANS",8,3.1341896,0.28297094,0.0031866066,0.2092736,0.011473844,0.36149633,0.011734882,0.786744,0.0029511098,0.23574804,0.024762852,0.067453355,0.0071455846
375316653866487564,5872448658608560384,0.4560015,2127.0137958341934,0.41498582589569727,1.1218815E-5,12.735526,0.0011970096,0.2152962,0.0025369744,0.014139738,0.003234935,0.037150737,0.004807843,0.7041239,0.008499321,0.02394059,0.008451005,0.026909908,0.00638168,0.007133697,0.0020424798,0.7041239,0.008499321,"TWOGAUSSIANS_WITH_ELLIPSOIDAL_ON_ECLIPSE2",9,64.64104,0.2152262,0.002544616,0.07918253,0.018115636,0.051348343,0.0059327907,0.7041239,0.008499321,0.1340673,0.04732563,0.041177288,0.00700966
375316653866487564,5872449616357145472,0.5025657,2117.0384618104026,3.1125300104455964,1.7239954E-5,18.10969,0.01125811,0.2611605,0.0051599694,0.09141555,0.007148755,0.31325233,0.018378112,0.760401,0.00460477,0.07810772,0.007957465,0.25071126,0.02431447,null,null,null,null,"TWOGAUSSIANS",8,11.703014,0.2611605,0.0051599694,0.4,0.0,0.30607054,0.018214015,0.760401,0.00460477,0.4,0.0,0.24352966,0.025602229
375316653866487564,5872450067360500736,0.54416823,2137.045360081107,1.9657716174519357,6.8090067E-6,17.245789,0.008739743,0.28492343,0.00785821,0.041537125,0.010957828,0.11508614,0.04339474,0.7735233,0.0020511847,0.051700644,0.0027743925,0.63419545,0.042619932,0.03353266,0.0145731475,0.28492343,0.00785821,"TWOGAUSSIANS_WITH_ELLIPSOIDAL_ON_ECLIPSE1",9,24.878866,0.77377325,0.0019527234,0.2895236,0.015536599,0.70092297,0.040902592,0.28492343,0.00785821,0.23260789,0.061363835,0.18214966,0.037193093
375316653866487564,5872450617113727232,0.48178267,2125.92608652812,0.1785246781201866,1.0713773E-6,15.711911,0.0033129035,0.17502947,1.1510414E-5,0.0033734026,5.5965334E-5,0.34658885,0.0011458463,0.4974514,0.02364902,0.013227542,0.03253174,0.55861795,1.3984674,null,null,null,null,"TWOGAUSSIANS",8,129.24522,0.4974514,0.02364902,0.07407423,0.18217772,0.55861795,1.3984674,0.17502947,1.1510414E-5,0.018891053,3.1340588E-4,0.34658885,0.0011458463
375316653866487564,5872451269948747776,0.43417132,2102.2032209412996,3.4322275595307246,4.1195584E-5,18.406614,0.04120729,0.2753229,0.010517593,0.09803143,0.023801988,0.2614573,0.037637558,0.78059906,0.012372874,0.09309596,0.018555636,0.26272145,0.04519379,null,null,null,null,"TWOGAUSSIANS",8,35.513203,0.78059906,0.012372874,0.4,0.0,0.24681322,0.028846575,0.2753229,0.010517593,0.4,0.0,0.24554813,0.032663282
375316653866487564,5872451373028169216,0.59009904,2111.910761748164,2.2125406800280794,5.7244147E-6,16.654026,0.014829302,0.2713587,0.0014382631,0.11071058,0.0056815245,0.24403761,0.0137924375,0.77233994,0.0020358055,0.11571845,0.0068169655,0.23609482,0.013788621,null,null,null,null,"TWOGAUSSIANS",8,4.5347567,0.2713587,0.0014382631,0.4,0.0,0.20258787,0.0031926872,0.77233994,0.0020358055,0.4,0.0,0.19462153,0.004817758
