Gaia/vari_eclipsing_binary/VariEclipsingBinary_679701-679724.csv
# %ECSV 1.0
# ---
# delimiter: ','
# meta: !!omap
# - RELEASE: Gaia DR3
# - TABLE: vari_eclipsing_binary
# - DESCRIPTION: >
#     This table describes the properties of the eclipsing binaries resulting from the variability analysis. 
# - CITATION: >
#     How to cite and acknowledge Gaia: 
#     https://gea.esac.esa.int/archive/documentation/credits.html 
# - KNOWN_ISSUES: >
#     Known issues: 
#     https://www.cosmos.esa.int/web/gaia-users/known-issues 
# - DOCUMENTATION: >
#     Tutorials and documentation: 
#     https://www.cosmos.esa.int/web/gaia-users/archive 
# datatype:
# - 
#   name: solution_id
#   datatype: int64
#   description: Solution Identifier
#   meta:
#     ucd: meta.version
# - 
#   name: source_id
#   datatype: int64
#   description: Unique source identifier
#   meta:
#     ucd: meta.id;meta.main
# - 
#   name: global_ranking
#   datatype: float32
#   description: Number between 0 (worst) and 1 (best)
#   meta:
#     ucd: stat.param
# - 
#   name: reference_time
#   datatype: float64
#   unit: d
#   description: Reference time used for the geometric model fit
#   meta:
#     ucd: time.epoch
# - 
#   name: frequency
#   datatype: float64
#   unit: d**-1
#   description: Frequency of geometric model of the eclipsing binary light curve
#   meta:
#     ucd: src.orbital
# - 
#   name: frequency_error
#   datatype: float32
#   unit: d**-1
#   description: "Uncertainty of \\texttt{frequency}"
#   meta:
#     ucd: stat.error
# - 
#   name: geom_model_reference_level
#   datatype: float32
#   unit: mag
#   description: Magnitude reference level of geometric model
#   meta:
#     ucd: phot.mag;em.opt
# - 
#   name: geom_model_reference_level_error
#   datatype: float32
#   unit: mag
#   description: "Uncertainty of \\texttt{geomModelReferenceLevel}"
#   meta:
#     ucd: stat.error;phot.mag;em.opt
# - 
#   name: geom_model_gaussian1_phase
#   datatype: float32
#   description: Phase of the Gaussian 1 component
#   meta:
#     ucd: time.phase
# - 
#   name: geom_model_gaussian1_phase_error
#   datatype: float32
#   description: "Uncertainty of \\texttt{geomModelGaussian1Phase}"
#   meta:
#     ucd: stat.error;time.phase
# - 
#   name: geom_model_gaussian1_sigma
#   datatype: float32
#   description: "Standard deviation [phase] of Gaussian 1 component"
#   meta:
#     ucd: stat.stdev
# - 
#   name: geom_model_gaussian1_sigma_error
#   datatype: float32
#   description: "Uncertainty of \\texttt{geomModelGaussian1Sigma}"
#   meta:
#     ucd: stat.error
# - 
#   name: geom_model_gaussian1_depth
#   datatype: float32
#   unit: mag
#   description: Magnitude depth of Gaussian 1 component
#   meta:
#     ucd: src.var.amplitude
# - 
#   name: geom_model_gaussian1_depth_error
#   datatype: float32
#   unit: mag
#   description: "Uncertainty of \\texttt{geomModelGaussian1Depth}"
#   meta:
#     ucd: stat.error;src.var.amplitude
# - 
#   name: geom_model_gaussian2_phase
#   datatype: float32
#   description: Phase of Gaussian 2 component
#   meta:
#     ucd: time.phase
# - 
#   name: geom_model_gaussian2_phase_error
#   datatype: float32
#   description: "Uncertainty of \\texttt{geomModelGaussian2Phase}"
#   meta:
#     ucd: stat.error;time.phase
# - 
#   name: geom_model_gaussian2_sigma
#   datatype: float32
[...]
#   datatype: float32
#   description: "Secondary eclipse: uncertainty of \\texttt{derivedSecondaryEclDuration}"
#   meta:
#     ucd: stat.error;time.duration
# - 
#   name: derived_secondary_ecl_depth
#   datatype: float32
#   unit: mag
#   description: "Secondary eclipse: depth"
#   meta:
#     ucd: src.var.amplitude
# - 
#   name: derived_secondary_ecl_depth_error
#   datatype: float32
#   unit: mag
#   description: "Secondary eclipse: uncertainty of \\texttt{derivedSecondaryEclDepth}"
#   meta:
#     ucd: stat.error;src.var.amplitude
solution_id,source_id,global_ranking,reference_time,frequency,frequency_error,geom_model_reference_level,geom_model_reference_level_error,geom_model_gaussian1_phase,geom_model_gaussian1_phase_error,geom_model_gaussian1_sigma,geom_model_gaussian1_sigma_error,geom_model_gaussian1_depth,geom_model_gaussian1_depth_error,geom_model_gaussian2_phase,geom_model_gaussian2_phase_error,geom_model_gaussian2_sigma,geom_model_gaussian2_sigma_error,geom_model_gaussian2_depth,geom_model_gaussian2_depth_error,geom_model_cosine_half_period_amplitude,geom_model_cosine_half_period_amplitude_error,geom_model_cosine_half_period_phase,geom_model_cosine_half_period_phase_error,model_type,num_model_parameters,reduced_chi2,derived_primary_ecl_phase,derived_primary_ecl_phase_error,derived_primary_ecl_duration,derived_primary_ecl_duration_error,derived_primary_ecl_depth,derived_primary_ecl_depth_error,derived_secondary_ecl_phase,derived_secondary_ecl_phase_error,derived_secondary_ecl_duration,derived_secondary_ecl_duration_error,derived_secondary_ecl_depth,derived_secondary_ecl_depth_error
[from data line 184]
375316653866487564,5978852281462732800,0.46402153,2320.5431451933364,0.18686946441946292,7.4579024E-5,18.303217,0.02822328,0.17751582,0.009569635,0.076474614,0.021449333,0.122366816,0.029707855,0.7092752,0.042540368,0.02583727,0.06613017,0.403516,0.28696963,null,null,null,null,"TWOGAUSSIANS",8,11.395752,0.7092752,0.042569697,0.14468873,0.25070307,0.4035156,0.28929463,0.17751582,0.009572134,0.4,0.010231177,0.12236643,0.027913868
375316653866487564,5978852315822089344,0.47650638,2298.092454618867,2.6390134177229827,3.321222E-5,19.782646,0.030779434,0.20064166,0.0059740013,0.08190846,0.01356028,0.25815928,0.029653722,0.6708666,0.009451184,0.08748128,0.02090955,0.35054585,0.06642312,null,null,null,null,"TWOGAUSSIANS",8,2.2190776,0.6708666,0.009451184,0.4,0.0,0.34600747,0.0735233,0.20064166,0.0059741926,0.4,0.0,0.25362107,0.020229412
375316653866487564,5978852453261032704,0.5050589,2333.287975461226,1.0666288360784062,1.8211036E-5,18.903925,0.0065573948,0.16127612,0.014614606,0.05228442,0.014170281,0.078452885,0.026510675,0.6744949,0.0029478096,0.06159852,0.0029147444,0.31655005,0.010942104,null,null,null,null,"TWOGAUSSIANS",8,3.7923987,0.6744949,0.0029478096,0.34495172,0.016322568,0.31653723,0.010936849,0.16127612,0.014614606,0.29279274,0.07935357,0.07844007,0.026514482
375316653866487564,5978852625124597248,0.4656109,2303.04763527349,0.3778443006588114,3.420338E-5,17.690676,0.0072900527,0.22092043,0.013519954,0.013514969,0.01170647,0.21275021,0.052495357,0.72393984,0.012159954,0.015885402,0.007403092,0.39142397,0.11278977,null,null,null,null,"TWOGAUSSIANS",8,32.660072,0.72393984,0.012159954,0.08895824,0.041457314,0.39142397,0.11278977,0.22092043,0.013519954,0.075683825,0.06555623,0.21275021,0.052495357
375316653866487564,5978852899943825792,0.5755022,2347.281249329826,0.9241010864165945,5.119681E-6,19.033646,0.0047679497,0.24493454,0.0026070063,0.030402947,0.0020513942,0.6476775,0.02740123,0.74130505,0.0013372039,0.0355819,0.0022958291,0.57371885,0.020727387,null,null,null,null,"TWOGAUSSIANS",8,2.8177946,0.24493454,0.0026070063,0.17025651,0.011487807,0.6476775,0.02740123,0.74130505,0.0013372039,0.19925864,0.012856643,0.57371885,0.020727387
375316653866487564,5978853037441510784,0.6953662,2326.3438273622232,1.2597211092043972,3.2076612E-6,15.6799965,0.00356865,0.22227414,4.185387E-4,0.05388763,0.0011896747,0.29797626,0.008430608,0.7263914,0.00281673,0.058860607,0.004364484,0.0726444,0.008928125,0.076861426,0.005072422,0.22227414,4.185387E-4,"TWOGAUSSIANS_WITH_ELLIPSOIDAL_ON_ECLIPSE1",9,5.362292,0.22227414,4.185387E-4,0.30177075,0.0066621783,0.45168605,0.002579572,0.7263914,0.00281673,0.3296194,0.02444111,0.22625133,0.0035565956
375316653866487564,5978853140462349568,0.4423724,2335.787041895898,2.070713587530774,3.9139555E-5,19.552734,0.22312313,0.22142626,0.009050554,0.11149012,0.024450468,0.27822268,0.17021003,0.70206124,0.008031942,0.16054025,0.0784826,0.25456667,0.22135216,null,null,null,null,"TWOGAUSSIANS",8,1.7895836,0.22267626,0.007701436,0.4,0.0,0.19927108,0.020970473,0.70206124,0.008031942,0.4,0.0,0.17139028,0.014221891
375316653866487564,5978853170507651712,0.545321,2313.128122987106,1.2977065120359659,1.6806882E-5,17.70764,0.0038637135,0.29562542,0.0018507129,0.05539602,0.0032317927,0.28450912,0.023618314,0.7716997,0.010310943,0.061571304,0.009775439,0.07191634,0.010004404,null,null,null,null,"TWOGAUSSIANS",8,4.512089,0.29562542,0.0018507129,0.31021774,0.01809804,0.28449717,0.023624165,0.7716997,0.010310943,0.3447993,0.05474246,0.07190439,0.010011977
375316653866487564,5978853999458161920,0.5280711,2337.4323374695136,2.1813436869950595,3.534169E-5,18.063414,0.012554266,0.21366745,0.0032445001,0.07183958,0.0059860013,0.1996066,0.013811966,0.70133626,0.0035773807,0.06585458,0.0036227854,0.48476496,0.025598846,null,null,null,null,"TWOGAUSSIANS",8,11.991145,0.70133626,0.0035773807,0.36878565,0.020287598,0.48416948,0.025464434,0.21366745,0.0032445001,0.4,0.011437312,0.19901112,0.013506635
375316653866487564,5978854102593060480,0.64159316,2278.3690016486594,0.486847356313432,1.4200384E-5,17.261284,0.0024338015,0.2858687,5.7332846E-4,0.035601106,9.951622E-4,0.649308,0.026019907,0.78172,0.0059523475,0.037339173,0.0062082983,0.0878581,0.024471145,null,null,null,null,"TWOGAUSSIANS",8,3.540286,0.2858687,5.7332846E-4,0.1993662,0.005572908,0.649308,0.026019907,0.78172,0.0059523475,0.20909937,0.03476647,0.0878581,0.024471145
375316653866487564,5978854480484878720,0.56627166,2290.6721861196415,2.626349436729,1.2974939E-5,18.21686,0.010735157,0.28916553,0.0048648836,0.03147248,0.021300709,0.15240559,0.030895824,0.78126746,0.0039077695,0.047638018,0.0055479757,0.20724155,0.032774195,0.12979282,0.02431318,0.28916553,0.0048648836,"TWOGAUSSIANS_WITH_ELLIPSOIDAL_ON_ECLIPSE1",9,5.831133,0.78271747,0.002621379,0.2667729,0.031068664,0.4663051,0.018684499,0.28916553,0.0048648836,0.17624591,0.119283974,0.411991,0.038695082
375316653866487564,5978855236399286656,0.46401462,2295.604707084078,1.6982219396123022,2.4566449E-5,19.444397,0.014800407,0.19837013,0.007759892,0.023860741,0.006589014,0.3196566,0.20214209,0.9111557,0.02826248,0.017200243,0.01673685,1.9436102,3.56414E7,null,null,null,null,"TWOGAUSSIANS",8,14.785834,0.9111557,0.02826248,0.09632137,0.09372637,1.9436102,3.56414E7,0.19837013,0.007759892,0.13362016,0.03689848,0.3196566,0.20214209
375316653866487564,5978855713133762944,0.57742757,2313.5644301705347,1.3269197853542343,1.1545833E-5,18.193354,0.008995339,0.221272,0.008162344,0.037480988,0.01704935,0.1613766,0.39377484,0.6914254,0.0024085368,0.055989124,0.0026455144,0.32683128,0.020717274,0.06648118,0.012228261,0.221272,0.008162344,"TWOGAUSSIANS_WITH_ELLIPSOIDAL_ON_ECLIPSE1",9,5.8199816,0.69411534,0.0013918345,0.3135391,0.014814881,0.4555812,0.012103997,0.221272,0.008162344,0.20989352,0.09547636,0.2943372,0.40189087
375316653866487564,5978856645148718592,0.4508433,2280.7244232848066,2.1561667231251307,1.066401E-4,18.65353,0.0202493,0.20478041,0.006592852,0.07016041,0.00963132,0.47931668,0.07691937,0.6863775,0.029390972,0.07193617,0.030304655,0.3164819,0.13208434,null,null,null,null,"TWOGAUSSIANS",8,32.279778,0.20478041,0.006592852,0.39289832,0.052485388,0.47831813,0.07726146,0.6863775,0.029390972,0.4,0.13496841,0.31548333,0.13305518
375316653866487564,5978856782587322112,0.48790997,2283.9575344730233,4.783369428328958,1.7574203E-5,19.46821,0.0080728475,0.29256874,0.011010294,0.06971351,0.013877967,0.06776305,0.01806017,0.8741452,9.0051006E-4,0.018727908,0.0012960486,0.84470767,0.11750122,null,null,null,null,"TWOGAUSSIANS",8,1.6806272,0.8741452,9.0051006E-4,0.10487628,0.0072578723,0.84470767,0.11750122,0.29256874,0.011010294,0.39039564,0.0597306,0.06776305,0.01806017
375316653866487564,5978859320901578112,0.6437675,2333.8903717155536,0.07369911844500694,3.0941614E-5,17.331964,0.004433336,0.4003419,0.030010013,0.03720394,0.020916076,0.05996493,0.15363555,0.8968649,2.815249E-4,0.010379442,4.800936E-4,1.4434961,0.05875437,0.0027581705,0.006507336,0.8968649,2.815249E-4,"TWOGAUSSIANS_WITH_ELLIPSOIDAL_ON_ECLIPSE2",9,12.517618,0.8968649,2.815249E-4,0.058124878,0.002688524,1.4490125,0.061707616,0.40031192,0.029836688,0.20834206,0.117130026,0.06547865,0.15352273
375316653866487564,5978859595779392768,0.59323335,2332.004675627436,2.633566966424125,1.0533246E-5,17.6834,0.040800605,0.19871262,0.00354694,0.12577218,0.014890742,0.27081943,0.039936077,0.68747556,0.0024550355,0.10262501,0.009705967,0.3040929,0.03877449,null,null,null,null,"TWOGAUSSIANS",8,2.5913422,0.68747556,0.0024550355,0.4,0.0,0.25809166,0.007706551,0.19872262,0.0035377163,0.4,0.0,0.22461072,0.009292024
375316653866487564,5978860218562972672,0.53263575,2302.7124687998316,3.5315456740436058,1.7272854E-5,19.582325,0.01260415,0.19358431,0.0036132773,0.072219886,0.00455908,0.5805832,0.01741977,0.7022589,0.0051738676,0.06921951,0.00607273,0.6841536,0.06577254,null,null,null,null,"TWOGAUSSIANS",8,3.2278538,0.7022589,0.0051738676,0.38762924,0.02643458,0.6821996,0.06645953,0.19358431,0.0036132773,0.4,0.0065176296,0.5786292,0.017391095
375316653866487564,5978860218626908928,0.47224918,2309.662633732257,3.04811569437141,2.1957087E-5,19.768791,0.031961475,0.23082392,0.0027156153,0.07329418,0.009178745,0.44735932,0.048133556,0.72689754,0.0055978005,0.06862453,0.011528686,0.53466034,0.086735375,null,null,null,null,"TWOGAUSSIANS",8,2.8077962,0.72689754,0.0055978005,0.3842974,0.05331784,0.53287876,0.088508524,0.23082392,0.0027156153,0.4,0.028519945,0.4455778,0.048732694
375316653866487564,5978860729651280640,0.49150366,2305.2097453832807,1.3399878191979455,2.3041333E-5,18.73794,0.004733547,0.26772937,0.018111339,0.06778801,0.009608568,0.2801031,0.07229466,0.78815603,0.007056475,0.039516564,0.0066365507,0.12854393,0.016597062,null,null,null,null,"TWOGAUSSIANS",8,2.4833097,0.26772937,0.018111339,0.3796129,0.053807978,0.28009993,0.07229812,0.78815603,0.007056475,0.22129276,0.037164684,0.12854075,0.016598688
375316653866487564,5978861592952417152,0.4896726,2309.8291364587817,1.5730757696783235,5.1233572E-5,18.922981,0.0035615736,0.78019994,0.0076652793,0.03251489,0.011576803,0.12741488,0.029951595,null,null,null,null,null,null,0.047964115,0.005902637,0.78019994,0.0076652793,"ONEGAUSSIAN_WITH_ELLIPSOIDAL",6,1.8997767,0.78019994,0.0076652793,0.18208337,0.064830095,0.223343,0.030891167,null,null,null,null,null,null
375316653866487564,5978861799110895488,0.4956968,2301.045061198186,1.4256073673518102,2.7145923E-5,18.873878,0.00564886,0.28393286,0.0031553842,0.06628283,0.0053014164,0.32838538,0.051634684,0.783654,0.0122657195,0.07683962,0.009242477,0.124613896,0.01170931,null,null,null,null,"TWOGAUSSIANS",8,2.86481,0.28393286,0.0031553842,0.37118384,0.02968793,0.3275319,0.051997066,0.783654,0.0122657195,0.4,0.009080677,0.12376041,0.011556277
375316653866487564,5978862829908513920,0.51712346,2323.0197928940333,0.9065785391209678,1.2342511E-5,19.373661,0.009889213,0.23360246,0.002428475,0.07766747,0.0038458211,0.43539566,0.020771733,0.72892874,0.0066229883,0.08262312,0.0069133323,0.24154782,0.023242664,null,null,null,null,"TWOGAUSSIANS",8,2.7410111,0.23360246,0.002428475,0.4,0.0,0.43090138,0.021225665,0.72892874,0.0066229883,0.4,0.0,0.23705356,0.024045218
375316653866487564,5978862864268277376,0.5715402,2335.5176597692684,4.1917299326301025,8.891913E-6,19.092686,0.0075795334,0.23258024,0.0022660636,0.040539503,0.005896863,0.21020167,0.032908857,0.7322936,0.0027685028,0.0399849,0.004922197,0.23953764,0.027412163,0.15116094,0.018217353,0.23258024,0.0022660636,"TWOGAUSSIANS_WITH_ELLIPSOIDAL_ON_ECLIPSE1",9,4.386718,0.7323336,0.0023582452,0.22391546,0.027564304,0.54185855,0.026322274,0.23258024,0.0022660636,0.2270212,0.033022434,0.5125235,0.026332678
375316653866487564,5978865235090933888,0.5206255,2335.3130398378207,1.1354923026095243,1.1264042E-6,19.987972,0.0069968402,0.50734264,4.1011454E-6,0.012327388,1.393363E-4,0.57796395,0.0062788026,0.6797642,1.352226E-4,0.02674711,0.0025818886,0.0458756,0.0071951933,null,null,null,null,"TWOGAUSSIANS",8,1.9417344,0.50734264,4.1011454E-6,0.06903337,7.802833E-4,0.57796395,0.0062788026,0.6797642,1.352226E-4,0.14978382,0.014458576,0.0458756,0.0071951933
375316653866487564,5978865475667014272,0.4653652,2321.6652745331703,0.9004963428721803,5.9543236E-5,15.764051,2.2342174,0.2688212,0.010616986,0.11354953,0.32371953,0.20071942,2.1779366,0.7584829,0.0103545375,0.110515594,0.117971726,0.28348243,1.3600973,null,null,null,null,"TWOGAUSSIANS",8,69.43531,0.7584829,0.0103545375,0.4,0.0,0.24808656,0.025054086,0.2688412,0.008195004,0.4,0.0,0.16531903,0.016083106
375316653866487564,5978865990999731584,0.46562672,2306.6508469966307,1.5884473434534858,2.20433E-4,19.6086,0.008747167,0.23422238,0.019093959,0.07669899,0.013302514,0.14758953,0.029087238,0.7200421,0.0066504283,0.07252995,0.0075487993,0.25054336,0.028431617,null,null,null,null,"TWOGAUSSIANS",8,2.6500013,0.7200421,0.0066504283,0.4,0.0055034994,0.24953888,0.028867913,0.23422238,0.019093959,0.4,0.010990022,0.14658505,0.029183606
375316653866487564,5978866506396194944,0.4606449,2331.445118228379,1.0150812799952411,1.4498794E-5,17.973726,0.1651006,0.25576892,0.0067770625,0.30436677,0.03327382,0.6779167,0.1591026,0.7452009,0.0031702737,0.10550371,0.008026047,0.48367357,0.042635318,null,null,null,null,"TWOGAUSSIANS",8,10.069964,0.7452009,0.0031702737,0.4,0.0,0.3062407,0.018142384,0.25580892,0.0067981263,0.4,0.0,0.15454613,0.01624649
375316653866487564,5978866712617664000,0.56187946,2330.8776755675176,0.4477674367715013,2.346602E-6,14.303694,4.483291E-4,0.73560923,2.4931578E-4,0.012312762,3.0009728E-4,0.069817215,7.8121363E-4,null,null,null,null,null,null,0.0031294785,7.7856705E-4,0.73560923,2.4931578E-4,"ONEGAUSSIAN_WITH_ELLIPSOIDAL",6,5.7973814,0.73560923,2.4931578E-4,0.068951465,0.0016805448,0.07607617,0.001113733,null,null,null,null,null,null
375316653866487564,5978866914404182272,0.47787896,2320.8578503562485,3.2498010999725055,1.4941532E-5,18.93501,0.021830607,0.20456707,0.004094624,0.06949093,0.008967125,0.30411717,0.021383204,0.69964415,0.005202049,0.072690435,0.0075948252,0.27267095,0.025057243,null,null,null,null,"TWOGAUSSIANS",8,6.8337502,0.20456707,0.004094624,0.38914922,0.0418803,0.30306742,0.020559045,0.69964415,0.005202049,0.4,0.004758225,0.2716212,0.024048433
375316653866487564,5978868842922488448,0.5470357,2341.023990214047,3.186553105317763,1.8635654E-5,15.61276,0.0050687334,0.2540324,0.0045517692,0.093139164,0.0034334636,0.24603744,0.01108494,0.77250296,0.0026160148,0.089534566,0.0053984583,0.19671768,0.009657429,null,null,null,null,"TWOGAUSSIANS",8,32.76519,0.2540324,0.0045517692,0.4,0.0,0.23818822,0.011079648,0.77250296,0.0026160148,0.4,0.0,0.18886878,0.011063793
375316653866487564,5978871449890582784,0.5674686,2317.577765864733,2.080465490266732,1.0712194E-5,17.897158,0.005372189,0.27604046,0.0012553873,0.050282445,0.0025408275,0.29737568,0.013156618,0.7787399,0.0053515914,0.04153774,0.0061866757,0.10187509,0.016712517,0.030187646,0.009169727,0.27604046,0.0012553873,"TWOGAUSSIANS_WITH_ELLIPSOIDAL_ON_ECLIPSE1",9,4.3124356,0.27604046,0.0012553873,0.2815817,0.014228634,0.3577497,0.011000986,0.7787399,0.0052862354,0.23261134,0.034645382,0.16223174,0.0071263197
375316653866487564,5978871724767488384,0.5847141,2333.408709207254,2.323401445376349,1.04259225E-5,18.548632,0.0095724175,0.22756809,0.0024638793,0.07811879,0.0037733747,0.42050588,0.011773905,0.7247161,0.0020549544,0.075412214,0.002514103,0.4640983,0.012191291,null,null,null,null,"TWOGAUSSIANS",8,3.5550356,0.7247161,0.0020549544,0.4,0.0,0.45996436,0.011597239,0.22756809,0.0024638793,0.4,0.0,0.41637197,0.0115062855
375316653866487564,5978871935234591360,0.58148515,2332.2028536285397,1.1676840083972873,6.311486E-6,18.627535,0.005053971,0.23216312,0.0026491045,0.0595102,0.0028070125,0.253523,0.012195195,0.72755593,0.0011068952,0.05674239,0.0020017282,0.69393975,0.019147316,null,null,null,null,"TWOGAUSSIANS",8,3.685756,0.72755593,0.0011068952,0.3177574,0.011209678,0.69387305,0.01916811,0.23216312,0.0026491045,0.3332571,0.01571927,0.25345635,0.012201706
375316653866487564,5978872377602864768,0.6015197,2304.2201758675774,1.2238982205966324,7.4635896E-6,17.548988,0.008096431,0.2522187,0.002442503,0.04554466,0.007278495,0.09400863,0.021016395,0.7478552,0.0049478435,0.054095026,0.0060847746,0.39660633,0.022931779,0.088976026,0.010430695,0.2522187,0.002442503,"TWOGAUSSIANS_WITH_ELLIPSOIDAL_ON_ECLIPSE1",9,9.344351,0.74826515,0.004349088,0.30293214,0.03407474,0.57443047,0.024002045,0.2522187,0.002442503,0.2550501,0.04075957,0.27195394,0.01474302
