Gaia/vari_eclipsing_binary/VariEclipsingBinary_676999-677028.csv
# %ECSV 1.0
# ---
# delimiter: ','
# meta: !!omap
# - RELEASE: Gaia DR3
# - TABLE: vari_eclipsing_binary
# - DESCRIPTION: >
#     This table describes the properties of the eclipsing binaries resulting from the variability analysis. 
# - CITATION: >
#     How to cite and acknowledge Gaia: 
#     https://gea.esac.esa.int/archive/documentation/credits.html 
# - KNOWN_ISSUES: >
#     Known issues: 
#     https://www.cosmos.esa.int/web/gaia-users/known-issues 
# - DOCUMENTATION: >
#     Tutorials and documentation: 
#     https://www.cosmos.esa.int/web/gaia-users/archive 
# datatype:
# - 
#   name: solution_id
#   datatype: int64
#   description: Solution Identifier
#   meta:
#     ucd: meta.version
# - 
#   name: source_id
#   datatype: int64
#   description: Unique source identifier
#   meta:
#     ucd: meta.id;meta.main
# - 
#   name: global_ranking
#   datatype: float32
#   description: Number between 0 (worst) and 1 (best)
#   meta:
#     ucd: stat.param
# - 
#   name: reference_time
#   datatype: float64
#   unit: d
#   description: Reference time used for the geometric model fit
#   meta:
#     ucd: time.epoch
# - 
#   name: frequency
#   datatype: float64
#   unit: d**-1
#   description: Frequency of geometric model of the eclipsing binary light curve
#   meta:
#     ucd: src.orbital
# - 
#   name: frequency_error
#   datatype: float32
#   unit: d**-1
#   description: "Uncertainty of \\texttt{frequency}"
#   meta:
#     ucd: stat.error
# - 
#   name: geom_model_reference_level
#   datatype: float32
#   unit: mag
#   description: Magnitude reference level of geometric model
#   meta:
#     ucd: phot.mag;em.opt
# - 
#   name: geom_model_reference_level_error
#   datatype: float32
#   unit: mag
#   description: "Uncertainty of \\texttt{geomModelReferenceLevel}"
#   meta:
#     ucd: stat.error;phot.mag;em.opt
# - 
#   name: geom_model_gaussian1_phase
#   datatype: float32
#   description: Phase of the Gaussian 1 component
#   meta:
#     ucd: time.phase
# - 
#   name: geom_model_gaussian1_phase_error
#   datatype: float32
#   description: "Uncertainty of \\texttt{geomModelGaussian1Phase}"
#   meta:
#     ucd: stat.error;time.phase
# - 
#   name: geom_model_gaussian1_sigma
#   datatype: float32
#   description: "Standard deviation [phase] of Gaussian 1 component"
#   meta:
#     ucd: stat.stdev
# - 
#   name: geom_model_gaussian1_sigma_error
#   datatype: float32
#   description: "Uncertainty of \\texttt{geomModelGaussian1Sigma}"
#   meta:
#     ucd: stat.error
# - 
#   name: geom_model_gaussian1_depth
#   datatype: float32
#   unit: mag
#   description: Magnitude depth of Gaussian 1 component
#   meta:
#     ucd: src.var.amplitude
# - 
#   name: geom_model_gaussian1_depth_error
#   datatype: float32
#   unit: mag
#   description: "Uncertainty of \\texttt{geomModelGaussian1Depth}"
#   meta:
#     ucd: stat.error;src.var.amplitude
# - 
#   name: geom_model_gaussian2_phase
#   datatype: float32
#   description: Phase of Gaussian 2 component
#   meta:
#     ucd: time.phase
# - 
#   name: geom_model_gaussian2_phase_error
#   datatype: float32
#   description: "Uncertainty of \\texttt{geomModelGaussian2Phase}"
#   meta:
#     ucd: stat.error;time.phase
# - 
#   name: geom_model_gaussian2_sigma
#   datatype: float32
[...]
#   datatype: float32
#   description: "Secondary eclipse: uncertainty of \\texttt{derivedSecondaryEclDuration}"
#   meta:
#     ucd: stat.error;time.duration
# - 
#   name: derived_secondary_ecl_depth
#   datatype: float32
#   unit: mag
#   description: "Secondary eclipse: depth"
#   meta:
#     ucd: src.var.amplitude
# - 
#   name: derived_secondary_ecl_depth_error
#   datatype: float32
#   unit: mag
#   description: "Secondary eclipse: uncertainty of \\texttt{derivedSecondaryEclDepth}"
#   meta:
#     ucd: stat.error;src.var.amplitude
solution_id,source_id,global_ranking,reference_time,frequency,frequency_error,geom_model_reference_level,geom_model_reference_level_error,geom_model_gaussian1_phase,geom_model_gaussian1_phase_error,geom_model_gaussian1_sigma,geom_model_gaussian1_sigma_error,geom_model_gaussian1_depth,geom_model_gaussian1_depth_error,geom_model_gaussian2_phase,geom_model_gaussian2_phase_error,geom_model_gaussian2_sigma,geom_model_gaussian2_sigma_error,geom_model_gaussian2_depth,geom_model_gaussian2_depth_error,geom_model_cosine_half_period_amplitude,geom_model_cosine_half_period_amplitude_error,geom_model_cosine_half_period_phase,geom_model_cosine_half_period_phase_error,model_type,num_model_parameters,reduced_chi2,derived_primary_ecl_phase,derived_primary_ecl_phase_error,derived_primary_ecl_duration,derived_primary_ecl_duration_error,derived_primary_ecl_depth,derived_primary_ecl_depth_error,derived_secondary_ecl_phase,derived_secondary_ecl_phase_error,derived_secondary_ecl_duration,derived_secondary_ecl_duration_error,derived_secondary_ecl_depth,derived_secondary_ecl_depth_error
[from data line 75]
375316653866487564,5954976317746276096,0.52461934,2422.105314827767,3.2672385241353483,1.5589289E-5,16.65116,0.030205986,0.26786917,0.004903466,0.0991254,0.011275185,0.3589821,0.0289929,0.7726626,0.008281454,0.083907776,0.012271032,0.37899837,0.033252556,null,null,null,null,"TWOGAUSSIANS",8,64.759186,0.7726626,0.008281454,0.4,0.0,0.36265582,0.023860093,0.26786917,0.004903466,0.4,0.0,0.34263733,0.024372516
375316653866487564,5954976450893758848,0.56337494,2392.9116869589807,3.755144081078899,5.7466714E-6,19.195103,0.014248599,0.31358227,0.0025897105,0.048823006,0.006244545,0.39323485,0.042476714,0.80871147,0.0061758715,0.0394414,0.0073680617,0.30648708,0.08909483,0.13353628,0.026935168,0.31358227,0.0025897105,"TWOGAUSSIANS_WITH_ELLIPSOIDAL_ON_ECLIPSE1",9,3.540132,0.31358227,0.0025897105,0.27340883,0.034969453,0.66030663,0.041647717,0.80918145,0.0055308808,0.22087182,0.041261144,0.57333297,0.08435573
375316653866487564,5954977108039326208,0.5934297,2407.8737845416517,2.6767518034427864,8.045598E-6,17.813307,0.011760721,0.25416926,0.0014914109,0.084346436,0.003563587,0.3660906,0.011066353,0.75216335,0.0028075739,0.10246174,0.007951838,0.29337737,0.010243204,null,null,null,null,"TWOGAUSSIANS",8,3.7894497,0.25416926,0.0014914109,0.4,0.0,0.3487074,0.008193528,0.75216335,0.0028075739,0.4,0.0,0.27599025,0.007939045
375316653866487564,5954977378589978496,0.557796,2434.797380822158,0.1935554038447216,1.3265636E-5,15.553777,0.0014385912,0.5746467,0.0073502273,0.0063651893,0.017007696,0.20114215,0.19988099,0.9382799,1.3882031E-4,0.0017019995,6.229541E-4,0.35681772,0.29042548,null,null,null,null,"TWOGAUSSIANS",8,7.5386014,0.9382799,1.3882031E-4,0.009531197,0.003488543,0.35681772,0.29042548,0.5746467,0.0073502273,0.03564506,0.09524309,0.20114215,0.19988099
375316653866487564,5954977657795189504,0.59591246,2443.523680533991,1.5723693232517395,1.1720035E-5,17.084782,0.011996586,0.23736928,0.0047191735,0.09340169,0.008160336,0.19842306,0.014307681,0.7221895,0.0025721884,0.09323658,0.0049607423,0.2889916,0.012008704,null,null,null,null,"TWOGAUSSIANS",8,6.5806594,0.7221895,0.0025721884,0.4,0.0,0.27841127,0.00803603,0.23736928,0.0047191735,0.4,0.0,0.18784286,0.013296782
375316653866487564,5954978718619810048,0.45387483,2431.7674346673602,2.6477793643886964,4.80005E-5,15.518228,0.0625963,0.22111934,0.015141252,0.084255755,0.03288046,0.25422168,0.057148397,0.68899924,0.008632731,0.099990286,0.025756633,0.27032775,0.05785253,null,null,null,null,"TWOGAUSSIANS",8,604.1913,0.68899924,0.008632731,0.4,0.0,0.26224044,0.03662723,0.22112934,0.0151650235,0.4,0.022076206,0.24613929,0.043386016
375316653866487564,5954979478846316416,0.4262966,2495.8712917845146,0.8320244209951225,1.0655793E-6,19.80532,0.0110757165,0.4848925,1.1679507E-6,0.0021453032,4.036007E-5,1.6203668,0.039840907,0.8321527,0.01772406,0.023604866,0.011982114,0.29109612,0.31915307,null,null,null,null,"TWOGAUSSIANS",8,3.4138386,0.4848925,1.1679507E-6,0.012013698,2.2601639E-4,1.6203668,0.039840907,0.8321527,0.01772406,0.13218725,0.06709984,0.29109612,0.31915307
375316653866487564,5954979856799871744,0.59565526,2413.562805445128,3.1761980977499706,8.304537E-6,19.061262,0.008557472,0.26770818,0.0034325656,0.061430234,0.004169661,0.6767395,0.020550553,0.768077,0.0016672128,0.06633057,0.0024461346,0.5272052,0.020662077,null,null,null,null,"TWOGAUSSIANS",8,2.3402836,0.26770818,0.0034325656,0.3440093,0.023350101,0.67618513,0.020650193,0.768077,0.0016672128,0.37145117,0.013698353,0.52665085,0.020712273
375316653866487564,5954980333527539840,0.5805668,2423.352558178932,2.3045548498746675,9.3505005E-6,17.631502,0.008600039,0.28550035,0.002071498,0.085433744,0.0046652467,0.36128435,0.0135854585,0.7931639,0.002615858,0.08928964,0.0045555294,0.20488687,0.0106814075,null,null,null,null,"TWOGAUSSIANS",8,3.7386718,0.28550035,0.002071498,0.4,0.0,0.35339534,0.014713973,0.7931639,0.002615858,0.4,0.0,0.19699782,0.009171201
375316653866487564,5954981231190102784,0.58673424,2442.4537161990565,2.9057085002746352,9.936003E-6,18.781645,0.0069660377,0.20556115,0.0029899427,0.040576845,0.007400674,0.2831625,0.027545482,0.69300246,0.0116921775,0.044601206,0.011110523,0.18772544,0.06868807,0.10654778,0.011382736,0.20556115,0.0029899427,"TWOGAUSSIANS_WITH_ELLIPSOIDAL_ON_ECLIPSE1",9,1.884506,0.20556115,0.0029899427,0.22723034,0.041443773,0.49625784,0.029865766,0.6949025,0.010267573,0.24976675,0.062218927,0.3996962,0.06475722
375316653866487564,5954981707912933888,0.48882306,2374.793127500231,0.16111484734885298,1.0892102E-4,18.253206,0.0057097585,0.2805177,0.014913882,0.014744963,0.022506086,0.18563585,0.02484485,0.62449217,0.011708698,0.095600426,0.010918295,0.07117591,0.008244257,null,null,null,null,"TWOGAUSSIANS",8,4.3830285,0.2805177,0.014958707,0.08257179,0.12603408,0.18574563,0.024866784,0.62449217,0.011708698,0.4,0.0,0.07117575,0.008244088
375316653866487564,5954981918402686208,0.54046136,2387.549199800662,2.918656572514983,9.7940465E-6,16.66612,0.00617471,0.27595702,0.00243599,0.06399867,0.0027552831,0.56534815,0.016832506,0.77371645,0.0020566497,0.055244368,0.0023083263,0.48398235,0.028596966,null,null,null,null,"TWOGAUSSIANS",8,17.04851,0.27595702,0.00243599,0.35839254,0.015429585,0.5652006,0.016858414,0.77371645,0.0020566497,0.30936846,0.012926627,0.48383483,0.028621567
375316653866487564,5954982674298115968,0.6020263,2373.451508281662,2.2564103529468524,4.2379775E-6,17.922655,0.012235066,0.2348225,0.004053922,0.110950716,0.008690286,0.20984212,0.011765028,0.71649814,0.001139725,0.09108883,0.0036730438,0.34725767,0.010835842,null,null,null,null,"TWOGAUSSIANS",8,1.533542,0.71649814,0.001139725,0.4,0.0,0.32797608,0.006651286,0.2348225,0.004053922,0.4,0.0,0.19054008,0.008949905
375316653866487564,5954983052255278848,0.45132145,2359.2726246642937,0.1760385845813641,1.6753684E-5,18.124601,0.006065131,0.28289086,0.0056595034,0.057905506,0.007904566,0.22051316,0.06973649,0.8521664,0.0068334346,0.058959458,0.021253362,0.11285708,0.03842165,null,null,null,null,"TWOGAUSSIANS",8,4.7857075,0.28289086,0.0056595034,0.32427084,0.04426557,0.22051094,0.06974317,0.8521664,0.0068334346,0.33017296,0.11620987,0.11285487,0.038432863
375316653866487564,5954983357200962304,0.4575912,2364.7426577591236,3.0492224970006183,2.9054188E-5,19.209188,0.0062820097,null,null,null,null,null,null,null,null,null,null,null,null,0.10435461,0.008138655,0.23193598,0.00816499,"ELLIPSOIDAL",4,5.6812,null,null,null,null,null,null,null,null,null,null,null,null
375316653866487564,5954984701546164608,0.4589777,2392.5861376800567,0.03868174897545669,2.2381513E-5,19.267845,0.00845894,0.32967517,0.005819512,0.062197406,0.005374067,0.16655883,0.021190004,0.7576956,0.004435568,0.058583464,0.009818767,1.0166041,1.071701,null,null,null,null,"TWOGAUSSIANS",8,3.0273597,0.7576956,0.004435568,0.3280674,0.054985095,1.0165935,1.0717156,0.32967517,0.005819512,0.34830546,0.030094774,0.16654824,0.021187613
375316653866487564,5954984873340412800,0.57759,2375.371533444772,1.539407475425743,4.4609783E-6,12.502443,0.08883507,0.22244793,0.0015291518,0.22381574,0.019844668,1.6563399,0.11089218,0.71876574,0.0013799065,0.20029801,0.015795577,1.548185,0.14766538,null,null,null,null,"TWOGAUSSIANS",8,44.245983,0.71876574,0.0013799065,0.4,0.0,0.23218352,0.005184344,0.22681792,0.0012237197,0.4,0.0,0.20471968,0.0027710025
375316653866487564,5954985663596176128,0.5092584,2391.5618014625384,3.489901307619524,3.876126E-5,19.959948,0.017071001,0.23448215,0.00491596,0.0104472395,0.018517891,0.26607424,0.07843429,0.73128176,0.020991547,0.05159614,0.016089112,0.2569981,0.0820241,0.094650865,0.024565557,0.23448215,0.00491596,"TWOGAUSSIANS_WITH_ELLIPSOIDAL_ON_ECLIPSE1",9,2.707599,0.23448215,0.00491596,0.058504544,0.10370019,0.45537323,0.11443703,0.73171175,0.018971737,0.28893837,0.09009903,0.44623077,0.077183366
375316653866487564,5954986144632467584,0.5445779,2426.5780823487657,2.8037308481820427,1.9054187E-5,19.001945,0.014833003,0.23640548,0.002672585,0.082201235,0.004374538,0.38698834,0.017793301,0.72441024,0.0031246042,0.079571545,0.004955836,0.41445076,0.015287198,null,null,null,null,"TWOGAUSSIANS",8,3.1679933,0.72441024,0.0031246042,0.4,0.0,0.40910268,0.013725178,0.23640548,0.002672585,0.4,0.0,0.38164023,0.016450772
375316653866487564,5954986209042503680,0.5820816,2407.4754476534977,3.930097421020139,1.4478851E-5,17.35614,0.010220413,0.2655631,0.001513967,0.05408928,0.005160355,0.16136979,0.023980392,0.7536833,0.0033052056,0.056936543,0.0051169363,0.18376748,0.02767431,0.104003005,0.014812686,0.2655631,0.001513967,"TWOGAUSSIANS_WITH_ELLIPSOIDAL_ON_ECLIPSE1",9,10.783931,0.7563534,0.0025392782,0.31884465,0.028654842,0.39086574,0.015935007,0.2655631,0.001513967,0.30289996,0.028897988,0.36936575,0.008186975
375316653866487564,5954986419528694784,0.61496025,2396.5842292903553,1.6282118563546333,3.6816193E-6,13.226829,0.014851183,0.31404153,0.0020109145,0.10235432,0.005498834,0.2656976,0.013791803,0.8153959,0.0013669092,0.11611528,0.0074483105,0.23144677,0.012983401,null,null,null,null,"TWOGAUSSIANS",8,56.39334,0.31404153,0.0020097443,0.4,0.0,0.2304024,0.004653104,0.8153959,0.0013669092,0.4,0.0,0.19611146,0.005270414
375316653866487564,5954986483919947520,0.5455938,2375.016768723873,2.565666908853367,7.961635E-6,17.526714,0.010515785,0.25891897,0.0033237978,0.093635574,0.0052710073,0.30347234,0.012372905,0.7570448,0.0011304868,0.08201717,0.0035923116,0.36279538,0.008290295,null,null,null,null,"TWOGAUSSIANS",8,9.848472,0.7570448,0.0011304868,0.4,0.0,0.35170427,0.0056167133,0.25891897,0.0033237978,0.4,0.0,0.29238084,0.010664214
375316653866487564,5954987244166897536,0.46469396,2462.103631682523,3.0532664858099303,3.9234157E-5,16.619984,0.2771372,0.17079595,0.013131069,0.11844194,0.06076407,0.20834167,0.23450838,0.68501973,0.012949254,0.13699928,0.082661174,0.17672454,0.27272958,null,null,null,null,"TWOGAUSSIANS",8,15.491005,0.17049596,0.01181845,0.4,0.0,0.15886196,0.029775837,0.6851297,0.012692733,0.4,0.0,0.1268243,0.018761706
375316653866487564,5954987278522228864,0.6659584,2419.0402218820545,0.4134139825138893,3.4162445E-6,10.014135,0.0011490511,0.21095367,7.034657E-4,0.030034665,0.0011121668,0.43619987,0.024656393,0.71112454,5.5422966E-4,0.029169321,4.5613333E-4,0.3995995,0.0066787745,0.011008572,0.0018919884,0.21095367,7.034657E-4,"TWOGAUSSIANS_WITH_ELLIPSOIDAL_ON_ECLIPSE1",9,26.079693,0.21095367,7.034657E-4,0.16819413,0.006228134,0.45821702,0.024921933,0.71112454,5.5422966E-4,0.1633482,0.0025543468,0.4216166,0.0059484513
375316653866487564,5954987587741843712,0.4286431,2397.9115144565644,3.2044008527882593,5.6501547E-5,19.678726,0.09986265,0.27437693,0.018000392,0.11543703,0.041210443,0.19885473,0.099882275,0.713653,0.04489727,0.072769575,0.051510107,0.20842552,0.123136744,null,null,null,null,"TWOGAUSSIANS",8,6.378939,0.713653,0.04489727,0.4,0.065010786,0.20392351,0.049145628,0.27437693,0.017955216,0.4,0.0,0.1942086,0.027846709
375316653866487564,5954988000058368000,0.43764603,2529.202448084838,1.005567761435634,1.14164664E-4,18.930174,0.022136273,0.08252076,0.039086502,0.04375127,0.03774742,0.13118462,0.053868994,0.61560285,0.01639624,0.0591094,0.009475519,0.4410007,0.07078795,null,null,null,null,"TWOGAUSSIANS",8,6.6197243,0.61560285,0.01639624,0.33101264,0.05306291,0.44099995,0.07071308,0.08252076,0.039086502,0.24500711,0.17144036,0.13118386,0.053797834
375316653866487564,5954989408826052736,0.423766,2387.52236194232,2.0735204169327983,6.0677048E-5,15.088785,0.0029561883,0.2993247,0.0044243066,0.018558111,0.0063076676,0.085950464,0.018538754,0.74518675,0.012664187,0.08063435,0.014965843,0.043618426,0.014088242,null,null,null,null,"TWOGAUSSIANS",8,12.536048,0.2993247,0.0044243066,0.10392542,0.035322938,0.08595046,0.01853882,0.74518675,0.012664187,0.4,0.008180515,0.04361841,0.014088255
375316653866487564,5954989752405543680,0.4471883,2397.8706125498484,0.17920578758929628,5.0897306E-5,18.404219,0.095255524,0.14444548,0.02074636,0.17750363,0.13131045,0.10692642,0.0894933,0.8821313,0.007572653,0.03759851,0.0055036573,0.4315639,0.042900577,null,null,null,null,"TWOGAUSSIANS",8,8.35777,0.8831113,0.0073896684,0.21055166,0.030820481,0.46356297,0.044983324,0.14444548,0.02074636,0.4,0.0,0.1028794,0.028390806
375316653866487564,5954989958564068224,0.4837425,2374.173867864308,3.1249005176001785,3.3916203E-5,19.54085,0.012762215,0.22822385,0.0090559805,0.0619651,0.007604569,0.27383646,0.028877426,0.72591835,0.0066254647,0.08855258,0.013642866,0.3046666,0.042816736,null,null,null,null,"TWOGAUSSIANS",8,3.912082,0.72591835,0.0066254647,0.4,0.0,0.30247688,0.044436213,0.22822385,0.0090559805,0.34700456,0.04258559,0.27164683,0.028365323
375316653866487564,5954991363002435840,0.6753952,2299.6700729916192,0.18744333397106772,1.2514692E-4,16.450708,0.0015183192,0.3822558,4.677929E-4,0.02094707,9.301546E-4,1.0738803,0.08838051,0.62404823,0.028064642,0.06922362,0.020378724,0.01225167,0.0049595973,0.0053658206,0.0028437395,0.3822558,4.677929E-4,"TWOGAUSSIANS_WITH_ELLIPSOIDAL_ON_ECLIPSE1",9,5.2703733,0.3822558,4.677929E-4,0.1173036,0.0052088657,1.0846394,0.08897991,0.62404823,0.029289873,0.38765225,0.08071901,0.012280177,0.004903351
375316653866487564,5954991397362184832,0.44152817,2328.0237691391458,0.38505882862010915,2.0080342E-5,16.988571,0.0022735205,0.61626405,0.0059347204,0.042384937,0.0064540617,0.073759966,0.017870178,0.87060344,0.005139322,0.039587673,0.005660551,0.044615224,0.00418446,null,null,null,null,"TWOGAUSSIANS",8,3.8810918,0.61626405,0.0059347204,0.23735565,0.036142748,0.073759966,0.017870178,0.87060344,0.005139322,0.22169098,0.031699087,0.044615228,0.0041844607
375316653866487564,5954991779651243648,0.51070297,2260.6450352053007,1.5845305564259637,6.7204155E-6,18.515574,0.01333538,0.18025875,9.900121E-4,0.016937433,0.0014913583,0.52708644,0.026323589,0.531753,0.0025287557,0.036975823,0.0056642015,0.42619342,0.060581326,0.038694315,0.01705673,0.18025875,9.900121E-4,"TWOGAUSSIANS_WITH_ELLIPSOIDAL_ON_ECLIPSE1",9,12.927222,0.18025875,9.900121E-4,0.094849624,0.008351606,0.6044748,0.034772027,0.533253,0.002678317,0.2070646,0.03171953,0.4539725,0.06440744
375316653866487564,5954992672987463040,0.49019784,2281.970544954399,0.18496432682576025,1.1072017E-5,19.594612,0.011245442,0.270811,0.0073033483,0.0069100857,0.0031840873,1.2851897,28052.506,null,null,null,null,null,null,0.043200098,0.019595373,0.270811,0.0073033483,"ONEGAUSSIAN_WITH_ELLIPSOIDAL",6,10.804523,0.270811,0.0073033483,0.03869648,0.01783089,1.3715898,28052.504,null,null,null,null,null,null
375316653866487564,5954992707347265664,0.45095667,2364.3886952751645,2.5430778715189843,1.7246142E-5,19.033546,0.006690779,null,null,null,null,null,null,null,null,null,null,null,null,0.10550784,0.009066797,0.16305421,0.00648049,"ELLIPSOIDAL",4,7.494114,null,null,null,null,null,null,null,null,null,null,null,null
375316653866487564,5954993085304399872,0.49434263,2357.4125740846957,3.5625508352728277,1.6264992E-5,18.79436,0.049410287,0.16601759,0.005239229,0.098653704,0.025747271,0.21336557,0.04084373,0.66108966,0.004364987,0.09149518,0.017704012,0.22062051,0.045722514,null,null,null,null,"TWOGAUSSIANS",8,2.700751,0.66108966,0.004364987,0.4,0.0,0.20786978,0.022566576,0.16601759,0.005239229,0.4,0.0,0.20061383,0.028829891
375316653866487564,5954993630742507392,0.52650577,2312.4870704833093,2.93132698183468,8.475995E-6,17.91749,0.017590418,0.28922263,0.0042067342,0.092560746,0.0077293008,0.325826,0.030642765,0.7685049,0.0035167097,0.088228665,0.0072899903,0.36211848,0.018726233,null,null,null,null,"TWOGAUSSIANS",8,11.064944,0.7685049,0.0035167097,0.4,0.0,0.351287,0.017241182,0.28922263,0.0042067342,0.4,0.0,0.31499413,0.030396782
