Gaia/vari_eclipsing_binary/VariEclipsingBinary_250505-250614.csv
# %ECSV 1.0
# ---
# delimiter: ','
# meta: !!omap
# - RELEASE: Gaia DR3
# - TABLE: vari_eclipsing_binary
# - DESCRIPTION: >
#     This table describes the properties of the eclipsing binaries resulting from the variability analysis. 
# - CITATION: >
#     How to cite and acknowledge Gaia: 
#     https://gea.esac.esa.int/archive/documentation/credits.html 
# - KNOWN_ISSUES: >
#     Known issues: 
#     https://www.cosmos.esa.int/web/gaia-users/known-issues 
# - DOCUMENTATION: >
#     Tutorials and documentation: 
#     https://www.cosmos.esa.int/web/gaia-users/archive 
# datatype:
# - 
#   name: solution_id
#   datatype: int64
#   description: Solution Identifier
#   meta:
#     ucd: meta.version
# - 
#   name: source_id
#   datatype: int64
#   description: Unique source identifier
#   meta:
#     ucd: meta.id;meta.main
# - 
#   name: global_ranking
#   datatype: float32
#   description: Number between 0 (worst) and 1 (best)
#   meta:
#     ucd: stat.param
# - 
#   name: reference_time
#   datatype: float64
#   unit: d
#   description: Reference time used for the geometric model fit
#   meta:
#     ucd: time.epoch
# - 
#   name: frequency
#   datatype: float64
#   unit: d**-1
#   description: Frequency of geometric model of the eclipsing binary light curve
#   meta:
#     ucd: src.orbital
# - 
#   name: frequency_error
#   datatype: float32
#   unit: d**-1
#   description: "Uncertainty of \\texttt{frequency}"
#   meta:
#     ucd: stat.error
# - 
#   name: geom_model_reference_level
#   datatype: float32
#   unit: mag
#   description: Magnitude reference level of geometric model
#   meta:
#     ucd: phot.mag;em.opt
# - 
#   name: geom_model_reference_level_error
#   datatype: float32
#   unit: mag
#   description: "Uncertainty of \\texttt{geomModelReferenceLevel}"
#   meta:
#     ucd: stat.error;phot.mag;em.opt
# - 
#   name: geom_model_gaussian1_phase
#   datatype: float32
#   description: Phase of the Gaussian 1 component
#   meta:
#     ucd: time.phase
# - 
#   name: geom_model_gaussian1_phase_error
#   datatype: float32
#   description: "Uncertainty of \\texttt{geomModelGaussian1Phase}"
#   meta:
#     ucd: stat.error;time.phase
# - 
#   name: geom_model_gaussian1_sigma
#   datatype: float32
#   description: "Standard deviation [phase] of Gaussian 1 component"
#   meta:
#     ucd: stat.stdev
# - 
#   name: geom_model_gaussian1_sigma_error
#   datatype: float32
#   description: "Uncertainty of \\texttt{geomModelGaussian1Sigma}"
#   meta:
#     ucd: stat.error
# - 
#   name: geom_model_gaussian1_depth
#   datatype: float32
#   unit: mag
#   description: Magnitude depth of Gaussian 1 component
#   meta:
#     ucd: src.var.amplitude
# - 
#   name: geom_model_gaussian1_depth_error
#   datatype: float32
#   unit: mag
#   description: "Uncertainty of \\texttt{geomModelGaussian1Depth}"
#   meta:
#     ucd: stat.error;src.var.amplitude
# - 
#   name: geom_model_gaussian2_phase
#   datatype: float32
#   description: Phase of Gaussian 2 component
#   meta:
#     ucd: time.phase
# - 
#   name: geom_model_gaussian2_phase_error
#   datatype: float32
#   description: "Uncertainty of \\texttt{geomModelGaussian2Phase}"
#   meta:
#     ucd: stat.error;time.phase
# - 
#   name: geom_model_gaussian2_sigma
#   datatype: float32
[...]
#   datatype: float32
#   description: "Secondary eclipse: uncertainty of \\texttt{derivedSecondaryEclDuration}"
#   meta:
#     ucd: stat.error;time.duration
# - 
#   name: derived_secondary_ecl_depth
#   datatype: float32
#   unit: mag
#   description: "Secondary eclipse: depth"
#   meta:
#     ucd: src.var.amplitude
# - 
#   name: derived_secondary_ecl_depth_error
#   datatype: float32
#   unit: mag
#   description: "Secondary eclipse: uncertainty of \\texttt{derivedSecondaryEclDepth}"
#   meta:
#     ucd: stat.error;src.var.amplitude
solution_id,source_id,global_ranking,reference_time,frequency,frequency_error,geom_model_reference_level,geom_model_reference_level_error,geom_model_gaussian1_phase,geom_model_gaussian1_phase_error,geom_model_gaussian1_sigma,geom_model_gaussian1_sigma_error,geom_model_gaussian1_depth,geom_model_gaussian1_depth_error,geom_model_gaussian2_phase,geom_model_gaussian2_phase_error,geom_model_gaussian2_sigma,geom_model_gaussian2_sigma_error,geom_model_gaussian2_depth,geom_model_gaussian2_depth_error,geom_model_cosine_half_period_amplitude,geom_model_cosine_half_period_amplitude_error,geom_model_cosine_half_period_phase,geom_model_cosine_half_period_phase_error,model_type,num_model_parameters,reduced_chi2,derived_primary_ecl_phase,derived_primary_ecl_phase_error,derived_primary_ecl_duration,derived_primary_ecl_duration_error,derived_primary_ecl_depth,derived_primary_ecl_depth_error,derived_secondary_ecl_phase,derived_secondary_ecl_phase_error,derived_secondary_ecl_duration,derived_secondary_ecl_duration_error,derived_secondary_ecl_depth,derived_secondary_ecl_depth_error
[from data line 253]
375316653866487564,2203761467779392384,0.579903,2120.8136675225983,2.948283478221768,6.7399947E-6,14.406553,0.009514712,0.24893987,0.0020995238,0.055982128,0.004359242,0.22993271,0.025472451,0.74449193,0.004110633,0.04412678,0.006132209,0.16098711,0.022360373,0.10895908,0.01358618,0.24893987,0.0020995238,"TWOGAUSSIANS_WITH_ELLIPSOIDAL_ON_ECLIPSE1",9,212.7681,0.24893987,0.0020995238,0.3134999,0.024411755,0.44784003,0.012454284,0.74526197,0.0033882507,0.24710996,0.03434037,0.37875357,0.013879034
375316653866487564,2203762116312338560,0.52578664,2116.8552718188103,3.0969332827950997,9.020939E-6,19.061392,0.012778008,0.21054395,0.0037839536,0.08712411,0.007135195,0.28473997,0.014603023,0.7090572,0.0042680297,0.085836925,0.0074491743,0.29037973,0.015100243,null,null,null,null,"TWOGAUSSIANS",8,1.8976551,0.7090572,0.0042680297,0.4,0.0,0.28178474,0.014304362,0.21054395,0.0037839536,0.4,0.0,0.27614495,0.013865122
375316653866487564,2203763215824025600,0.45339113,2139.731422062093,0.2701415060339374,1.6829299E-5,19.196623,0.031177647,0.26510006,0.011536891,0.18205547,0.022514055,0.34440482,0.038432036,0.86054456,0.0037375232,0.044586178,0.01154979,0.23498257,0.032362014,null,null,null,null,"TWOGAUSSIANS",8,6.588499,0.26510006,0.011536891,0.4,0.0,0.32373238,0.035689533,0.8634046,0.004933898,0.24968259,0.064678825,0.24557547,0.037150715
375316653866487564,2203764074817484288,0.5347849,2114.2900332073955,3.2668623002063457,1.1884914E-5,19.13886,0.01903872,0.24113671,0.0026333337,0.08578352,0.006478589,0.3730745,0.017113123,0.74216586,0.0061014127,0.09754481,0.010324335,0.34174004,0.02768236,null,null,null,null,"TWOGAUSSIANS",8,1.5590928,0.24113671,0.0026333337,0.4,0.0,0.35611716,0.010676507,0.74216586,0.0061014127,0.4,0.0,0.3247814,0.029582767
375316653866487564,2203764113479443072,0.52451307,2136.5181189754667,2.9103045584041776,9.854371E-6,18.935326,0.029245937,0.2123933,0.0047593256,0.109600835,0.013095774,0.27126384,0.028069252,0.7115584,0.0042561763,0.10306167,0.010553002,0.28587794,0.028595334,null,null,null,null,"TWOGAUSSIANS",8,1.5486149,0.7115584,0.0042561763,0.4,0.0,0.25116083,0.013715218,0.2123933,0.0047593256,0.4,0.0,0.23653473,0.008580392
375316653866487564,2203765831466478976,0.50596315,2103.9196191526285,0.41266956167072427,1.6221038E-5,18.455452,0.003183675,0.24728028,0.008144933,0.019135594,0.0068915533,0.22917835,0.06144675,0.7456096,0.0011510978,0.016315777,0.0013856972,0.06842589,0.005339864,null,null,null,null,"TWOGAUSSIANS",8,1.6152908,0.24728028,0.008144933,0.10715933,0.038592696,0.22917835,0.06144675,0.7456096,0.0011510978,0.09136835,0.007759904,0.06842589,0.005339864
375316653866487564,2203767893050887936,0.5295442,2133.6331034379714,2.756190604594118,8.3929735E-6,16.626307,0.0013876089,0.21953928,0.006564113,0.022404086,0.040975295,0.1141038,0.10145065,0.7100616,5.9356313E-4,0.010056317,4.4526267E-4,0.17973082,0.004473818,null,null,null,null,"TWOGAUSSIANS",8,3.1418548,0.7100616,5.9356313E-4,0.056315377,0.002493471,0.17973082,0.004473818,0.21953928,0.006564113,0.12546287,0.22946164,0.1141038,0.10145065
375316653866487564,2203768167928788864,0.5240516,2119.8849840082285,4.212660167785505,7.5555436E-6,19.44,0.0188537,0.28514186,0.003109019,0.048650075,0.010510619,0.2108976,0.04429881,0.78489494,0.008023044,0.03848876,0.01033452,0.3005019,0.047548283,0.11386705,0.031121787,0.28514186,0.003109019,"TWOGAUSSIANS_WITH_ELLIPSOIDAL_ON_ECLIPSE1",9,4.144931,0.7849149,0.007850227,0.21553706,0.05787331,0.528235,0.035179634,0.28514186,0.003109019,0.2724404,0.058859468,0.4386312,0.03429057
375316653866487564,2203769297496737920,0.47802314,2111.9232348160904,1.9819223677496844,3.0707797E-5,18.771488,0.016121909,0.30324402,0.009402477,0.079526134,0.015153563,0.11204615,0.015832348,0.7935072,0.011727425,0.093089074,0.032964226,0.13747376,0.020519791,null,null,null,null,"TWOGAUSSIANS",8,2.3321662,0.7935072,0.011727425,0.4,0.0,0.13428682,0.028967548,0.30324402,0.009401504,0.4,0.0,0.10885939,0.009360888
375316653866487564,2203773592462897408,0.51749295,2086.567287116223,3.6339220969958355,1.1999834E-5,17.548367,0.0011635319,0.5648044,9.031575E-4,0.0056621395,0.0028587673,0.1394304,25.622953,0.78314924,0.0014134772,0.024950577,0.001057546,0.18866281,0.003563303,null,null,null,null,"TWOGAUSSIANS",8,1.5433195,0.78314924,0.0014134772,0.13972324,0.0059222574,0.18866281,0.003563303,0.5648044,9.031575E-4,0.03170798,0.016009098,0.1394304,25.622953
375316653866487564,2203774730639069568,0.5286898,2099.0256172408845,4.0084975723783876,2.1418853E-5,18.502508,0.04259953,0.20796062,0.006747074,0.08946665,0.024045143,0.3721704,0.043031972,0.6882059,0.0037382555,0.08991419,0.010396601,0.39469266,0.040481173,null,null,null,null,"TWOGAUSSIANS",8,9.094142,0.6882059,0.0037382555,0.4,0.0,0.38317156,0.020213498,0.20796062,0.006747074,0.4,0.0,0.36064935,0.061818134
375316653866487564,2203775791485630592,0.5284755,2085.6149337425118,3.516836047447138,8.43572E-6,18.570559,0.011527005,0.23616521,0.004484741,0.070374794,0.0052629984,0.46028155,0.02727311,0.74474186,0.0039447243,0.071900256,0.0053224727,0.4038275,0.018774025,null,null,null,null,"TWOGAUSSIANS",8,8.572063,0.23616521,0.004484741,0.39409885,0.02796433,0.45883426,0.027378596,0.74474186,0.0039447243,0.4,0.006270131,0.40238023,0.018792942
375316653866487564,2203777341979321600,0.5382728,2160.565832265728,0.08705227610256445,9.469776E-5,14.358611,3.56004E-4,0.15302517,0.0031662933,0.018006105,0.0045056976,0.05000591,0.0021896912,0.5497089,0.024729814,0.02586538,0.02161165,0.0139871165,0.01610478,null,null,null,null,"TWOGAUSSIANS",8,4.688947,0.15302517,0.0031662933,0.10083419,0.025231905,0.05000591,0.0021896912,0.5497089,0.024729814,0.14484613,0.121025234,0.0139871165,0.01610478
375316653866487564,2203777926095549312,0.5550441,2134.5192849929826,2.710485463520068,9.744393E-6,18.239697,0.012852323,0.25743064,0.0040616305,0.09810967,0.007325504,0.28927237,0.016840126,0.75877607,0.0033616999,0.092183545,0.0077898623,0.22556423,0.011645432,null,null,null,null,"TWOGAUSSIANS",8,3.1411972,0.25743064,0.0040616305,0.4,0.0,0.27334133,0.017153444,0.75877607,0.0033616999,0.4,0.0,0.20963432,0.0092916945
375316653866487564,2203778746423820928,0.46959752,2099.9766184293603,0.36905744033353294,3.39138E-5,18.332962,0.0028850662,0.5206434,0.040033158,0.037431456,0.027907599,0.2983197,0.01977634,0.38401628,0.07662909,0.059120968,0.05413499,0.05475975,0.035631794,5.833056E-4,0.0028879284,0.5206434,0.040033158,"TWOGAUSSIANS_WITH_ELLIPSOIDAL_ON_ECLIPSE1",9,3.690024,0.5199334,0.040549308,0.20961615,0.15628254,0.3033301,0.0414242,0.38781628,0.19392483,0.33107743,0.13125569,0.055722736,0.3550786
375316653866487564,2203782525994409472,0.45966467,2120.759955435301,3.3514202593633144,2.7215649E-5,18.856846,0.017078772,0.2500864,0.008387615,0.12874727,0.019869357,0.1550901,0.016159508,0.7164276,0.010910325,0.09201522,0.012404885,0.1795253,0.015618535,null,null,null,null,"TWOGAUSSIANS",8,3.114091,0.7164276,0.010910325,0.4,0.0,0.16236882,0.013146747,0.2500864,0.008386664,0.4,0.0,0.13768569,0.012747682
375316653866487564,2203783316269124096,0.47641662,2113.8074852554246,1.31904455557037,1.7748083E-5,18.070047,0.0025153244,null,null,null,null,null,null,null,null,null,null,null,null,0.055083312,0.0033551927,0.20619981,0.0049451427,"ELLIPSOIDAL",4,3.8417232,null,null,null,null,null,null,null,null,null,null,null,null
375316653866487564,2203783384990293632,0.47004452,2131.9345962074426,3.194550891689658,1.550206E-5,19.577663,0.0284556,0.22264297,0.008271268,0.09684387,0.019148294,0.26194334,0.02451539,0.7186501,0.0050858324,0.08807645,0.011589701,0.27925906,0.027221393,null,null,null,null,"TWOGAUSSIANS",8,2.4242167,0.7186501,0.0050858324,0.4,0.0,0.26611423,0.01965071,0.22264297,0.008271268,0.4,0.0,0.2487977,0.025241677
375316653866487564,2203784488805079808,0.6253651,2133.6058921726267,2.5350311270996477,2.8664042E-6,16.657745,0.016456055,0.25711256,0.0015837096,0.065937854,0.0057630097,0.19919291,0.034627415,0.7559428,0.0016202708,0.053721093,0.005422824,0.22364928,0.032975957,0.108301,0.018534495,0.25711256,0.0015837096,"TWOGAUSSIANS_WITH_ELLIPSOIDAL_ON_ECLIPSE1",9,11.776319,0.75615287,0.001199031,0.3008381,0.030367814,0.4400881,0.0070898,0.25711256,0.0015837096,0.369252,0.032272853,0.4156413,0.007341003
375316653866487564,2203785931914183040,0.60978216,2109.688854579005,3.1102045278178485,2.8488873E-6,17.22777,0.0050545144,0.23864307,0.001752933,0.04080539,0.004952012,0.19265205,0.013994295,0.7303097,0.0015519176,0.048344817,0.0027588129,0.27890864,0.017517557,0.10758165,0.007299811,0.23864307,0.001752933,"TWOGAUSSIANS_WITH_ELLIPSOIDAL_ON_ECLIPSE1",9,5.3659716,0.73134977,0.0013398106,0.27073097,0.015449353,0.49355468,0.017338458,0.23864307,0.001752933,0.22851019,0.027731266,0.40781415,0.012300713
375316653866487564,2203788779466871552,0.50082487,2083.6178353973473,4.415126218817026,2.1480027E-5,19.113657,0.009036821,0.21168795,0.006378416,0.06756503,0.007814931,0.23790795,0.020867513,0.70942193,0.004439589,0.0720598,0.0075587467,0.18930846,0.009773506,null,null,null,null,"TWOGAUSSIANS",8,1.6710448,0.21168795,0.006378416,0.37836418,0.043736797,0.23725368,0.020830713,0.70942193,0.004439589,0.4,0.023801401,0.18865418,0.0098783085
375316653866487564,2203789470967221888,0.5796433,2119.1646994860066,1.4581833297676021,5.155993E-6,17.114527,0.07139837,0.23246598,0.004208735,0.17370786,0.027411843,0.2622821,0.06772965,0.6963687,0.0048425463,0.12849434,0.007480566,0.33696598,0.057101373,null,null,null,null,"TWOGAUSSIANS",8,2.9787266,0.6963687,0.0048425463,0.4,0.0,0.22891286,0.005701554,0.23393598,0.0037346575,0.4,0.0,0.14513637,0.005754729
375316653866487564,2203789844619642240,0.44994146,2103.1656593702373,0.0634342752591024,6.531143E-5,17.623247,0.013103144,0.26656318,0.017755054,0.05522479,0.015696777,0.1446956,0.031912815,0.84818715,0.03382195,0.026062218,0.024891831,0.21484958,0.78177667,0.030785562,0.01038857,0.84818715,0.03382195,"TWOGAUSSIANS_WITH_ELLIPSOIDAL_ON_ECLIPSE2",9,11.009026,0.84818715,0.03382195,0.14594842,0.13939425,0.2764203,0.7750915,0.2732032,0.018721567,0.30925882,0.08790195,0.19253892,0.02557209
375316653866487564,2203793383672575232,0.49578282,2105.697652777883,1.2160757702430622,1.1941713E-5,17.806868,0.0023280187,0.29550707,0.009984668,0.074033946,0.01382497,0.09800855,0.0141727775,0.8065296,0.0051164716,0.06258157,0.0061743706,0.08873657,0.012100829,null,null,null,null,"TWOGAUSSIANS",8,1.4293494,0.29550707,0.009984668,0.4,0.047220055,0.09783768,0.014325546,0.8065296,0.0051164716,0.35045677,0.034576476,0.0885657,0.012163665
375316653866487564,2203793624190765952,0.60177916,2109.4277961841053,2.754860343256834,4.5717766E-6,17.716372,0.008545005,0.22956231,0.0031901342,0.040896453,0.0035765355,0.41719374,0.03602449,0.7367763,0.0013808463,0.04328045,0.0033304726,0.35818157,0.042124305,0.14712866,0.010699189,0.7367763,0.0013808463,"TWOGAUSSIANS_WITH_ELLIPSOIDAL_ON_ECLIPSE2",9,12.728439,0.2301723,0.00296656,0.22902013,0.020028599,0.71089774,0.03470864,0.7367763,0.0013808463,0.24237052,0.018650647,0.65243834,0.04388202
375316653866487564,2203795788854291584,0.5836197,2114.5436839606605,2.2776618573375353,1.5325864E-5,18.315239,0.013077592,0.19087516,0.004033673,0.044490907,0.0068190587,0.25164548,0.033881456,0.6894067,0.003551783,0.045713946,0.007646659,0.2734833,0.045614794,0.12062844,0.016518842,0.19087516,0.004033673,"TWOGAUSSIANS_WITH_ELLIPSOIDAL_ON_ECLIPSE1",9,6.2770057,0.6895967,0.0029558355,0.2559981,0.042821288,0.5147221,0.04655689,0.19087516,0.004033673,0.24914908,0.03818673,0.49290222,0.012783683
375316653866487564,2203797953517904128,0.54190135,2072.8381260837655,1.3719695761779305,1.9090437E-5,18.55657,0.030648211,0.13452955,0.019145377,0.08331762,0.025772631,0.2577237,0.019656323,0.6095572,0.0020300334,0.08078899,0.009419054,0.4069838,0.02222571,null,null,null,null,"TWOGAUSSIANS",8,5.5181537,0.6095572,0.0020300334,0.4,0.0,0.40312672,0.014635232,0.13452955,0.019145377,0.4,0.0,0.25386658,0.017376782
375316653866487564,2203798267060018688,0.60763437,2119.0860980648154,2.200889259484665,4.086866E-6,15.125071,0.010825903,0.28994316,0.0010309962,0.055153858,0.0018173665,0.6987966,0.026665952,0.79717964,0.0025240148,0.048988808,0.004428331,0.21981153,0.025593705,0.049329113,0.0133847995,0.79717964,0.0025240148,"TWOGAUSSIANS_WITH_ELLIPSOIDAL_ON_ECLIPSE2",9,134.0472,0.29018316,9.7041036E-4,0.3088616,0.010177253,0.79724383,0.019281166,0.79717964,0.0025240148,0.27433732,0.024798652,0.3184559,0.010416399
375316653866487564,2203799881967738624,0.56153977,2100.239951287512,0.4447949483543767,4.7417605E-5,16.547543,8.3215215E-4,0.26680335,0.0031369808,0.018682346,0.0020436316,0.20056364,0.026760105,null,null,null,null,null,null,null,null,null,null,"ONEGAUSSIAN",5,3.5989099,0.26680335,0.0031369808,0.104621135,0.011444338,0.20056364,0.0,null,null,null,null,null,null
375316653866487564,2203800186900892416,0.48071304,2073.093614040253,0.6802388782983552,1.1363845E-6,18.787426,0.0032302297,0.50572807,1.670901E-4,0.0018620654,2.3688727E-4,0.4417389,0.24074446,0.68736804,0.056580182,0.033176422,0.029658582,0.012030242,0.007791001,null,null,null,null,"TWOGAUSSIANS",8,1.3125671,0.50572807,1.670901E-4,0.010427566,0.0013265687,0.4417389,0.24074419,0.68736804,0.056580182,0.18578796,0.16608806,0.012030242,0.007791001
375316653866487564,2203801462515779968,0.53323084,2083.138404210285,0.866325534835108,6.6265507E-6,17.8384,0.029147837,0.22393286,0.006296868,0.14577132,0.0427591,0.09765428,0.022675276,0.7400019,0.0026714883,0.074206375,0.012199543,0.18646054,0.022108011,null,null,null,null,"TWOGAUSSIANS",8,1.9903299,0.7401319,0.0025525482,0.4,0.023779549,0.17291668,0.0063091256,0.22393286,0.006296868,0.4,0.0,0.083529815,0.008887869
375316653866487564,2203802385924228864,0.6128876,2060.3290483025867,0.5650427388660325,3.1068983E-5,18.012358,0.0016838568,0.15039684,0.014226024,0.00969271,0.0063982094,0.3742829,0.56067884,0.6372815,2.0351594E-5,0.014349011,8.323553E-5,0.54464126,6.8275374E-4,null,null,null,null,"TWOGAUSSIANS",8,1.2883378,0.6372815,2.0351594E-5,0.08035446,4.6611897E-4,0.54464126,6.8275374E-4,0.15039684,0.014226024,0.05427918,0.035829972,0.3742829,0.56067884
375316653866487564,2203802523362256256,0.46534568,2055.646183755193,2.476725853410158,1.820233E-5,18.83128,0.012049814,0.18374224,0.025317011,0.10974534,0.020528479,0.07351042,0.022232195,0.7510108,0.0025304228,0.02167831,0.004888135,1.1357746,0.8462467,null,null,null,null,"TWOGAUSSIANS",8,9.362452,0.7510108,0.0025304228,0.12139853,0.027373556,1.13579,0.84624296,0.18374224,0.025317011,0.4,0.0,0.07349482,0.022238372
375316653866487564,2203804761050649344,0.63256973,2086.7183451117685,0.27978407852085013,1.5512058E-5,16.06987,7.3026674E-4,0.15416862,0.015080147,0.012976944,0.010352394,0.1065986,0.04949074,0.7236399,0.0020569724,0.01932216,0.0039518024,0.3209828,0.04246135,null,null,null,null,"TWOGAUSSIANS",8,4.5478845,0.7236399,0.0020569724,0.108204104,0.022130093,0.3209828,0.04246135,0.15416862,0.015080147,0.072670884,0.057973403,0.1065986,0.04949074
375316653866487564,2203805070288292352,0.53005403,2113.9641697122597,2.5914560942429374,1.5727588E-5,15.725837,0.052637596,0.2599269,0.003922066,0.11510808,0.036891937,0.12340708,0.048968125,0.7609283,0.023606261,0.1121061,0.051369797,0.124555975,0.05098989,null,null,null,null,"TWOGAUSSIANS",8,11.478832,0.7609283,0.02360902,0.4,0.0,0.10277103,0.006862305,0.2599269,0.0039335787,0.4,0.0,0.10161434,0.005604067
