Gaia/vari_eclipsing_binary/VariEclipsingBinary_595965-596108.csv
# %ECSV 1.0
# ---
# delimiter: ','
# meta: !!omap
# - RELEASE: Gaia DR3
# - TABLE: vari_eclipsing_binary
# - DESCRIPTION: >
#     This table describes the properties of the eclipsing binaries resulting from the variability analysis. 
# - CITATION: >
#     How to cite and acknowledge Gaia: 
#     https://gea.esac.esa.int/archive/documentation/credits.html 
# - KNOWN_ISSUES: >
#     Known issues: 
#     https://www.cosmos.esa.int/web/gaia-users/known-issues 
# - DOCUMENTATION: >
#     Tutorials and documentation: 
#     https://www.cosmos.esa.int/web/gaia-users/archive 
# datatype:
# - 
#   name: solution_id
#   datatype: int64
#   description: Solution Identifier
#   meta:
#     ucd: meta.version
# - 
#   name: source_id
#   datatype: int64
#   description: Unique source identifier
#   meta:
#     ucd: meta.id;meta.main
# - 
#   name: global_ranking
#   datatype: float32
#   description: Number between 0 (worst) and 1 (best)
#   meta:
#     ucd: stat.param
# - 
#   name: reference_time
#   datatype: float64
#   unit: d
#   description: Reference time used for the geometric model fit
#   meta:
#     ucd: time.epoch
# - 
#   name: frequency
#   datatype: float64
#   unit: d**-1
#   description: Frequency of geometric model of the eclipsing binary light curve
#   meta:
#     ucd: src.orbital
# - 
#   name: frequency_error
#   datatype: float32
#   unit: d**-1
#   description: "Uncertainty of \\texttt{frequency}"
#   meta:
#     ucd: stat.error
# - 
#   name: geom_model_reference_level
#   datatype: float32
#   unit: mag
#   description: Magnitude reference level of geometric model
#   meta:
#     ucd: phot.mag;em.opt
# - 
#   name: geom_model_reference_level_error
#   datatype: float32
#   unit: mag
#   description: "Uncertainty of \\texttt{geomModelReferenceLevel}"
#   meta:
#     ucd: stat.error;phot.mag;em.opt
# - 
#   name: geom_model_gaussian1_phase
#   datatype: float32
#   description: Phase of the Gaussian 1 component
#   meta:
#     ucd: time.phase
# - 
#   name: geom_model_gaussian1_phase_error
#   datatype: float32
#   description: "Uncertainty of \\texttt{geomModelGaussian1Phase}"
#   meta:
#     ucd: stat.error;time.phase
# - 
#   name: geom_model_gaussian1_sigma
#   datatype: float32
#   description: "Standard deviation [phase] of Gaussian 1 component"
#   meta:
#     ucd: stat.stdev
# - 
#   name: geom_model_gaussian1_sigma_error
#   datatype: float32
#   description: "Uncertainty of \\texttt{geomModelGaussian1Sigma}"
#   meta:
#     ucd: stat.error
# - 
#   name: geom_model_gaussian1_depth
#   datatype: float32
#   unit: mag
#   description: Magnitude depth of Gaussian 1 component
#   meta:
#     ucd: src.var.amplitude
# - 
#   name: geom_model_gaussian1_depth_error
#   datatype: float32
#   unit: mag
#   description: "Uncertainty of \\texttt{geomModelGaussian1Depth}"
#   meta:
#     ucd: stat.error;src.var.amplitude
# - 
#   name: geom_model_gaussian2_phase
#   datatype: float32
#   description: Phase of Gaussian 2 component
#   meta:
#     ucd: time.phase
# - 
#   name: geom_model_gaussian2_phase_error
#   datatype: float32
#   description: "Uncertainty of \\texttt{geomModelGaussian2Phase}"
#   meta:
#     ucd: stat.error;time.phase
# - 
#   name: geom_model_gaussian2_sigma
#   datatype: float32
[...]
#   datatype: float32
#   description: "Secondary eclipse: uncertainty of \\texttt{derivedSecondaryEclDuration}"
#   meta:
#     ucd: stat.error;time.duration
# - 
#   name: derived_secondary_ecl_depth
#   datatype: float32
#   unit: mag
#   description: "Secondary eclipse: depth"
#   meta:
#     ucd: src.var.amplitude
# - 
#   name: derived_secondary_ecl_depth_error
#   datatype: float32
#   unit: mag
#   description: "Secondary eclipse: uncertainty of \\texttt{derivedSecondaryEclDepth}"
#   meta:
#     ucd: stat.error;src.var.amplitude
solution_id,source_id,global_ranking,reference_time,frequency,frequency_error,geom_model_reference_level,geom_model_reference_level_error,geom_model_gaussian1_phase,geom_model_gaussian1_phase_error,geom_model_gaussian1_sigma,geom_model_gaussian1_sigma_error,geom_model_gaussian1_depth,geom_model_gaussian1_depth_error,geom_model_gaussian2_phase,geom_model_gaussian2_phase_error,geom_model_gaussian2_sigma,geom_model_gaussian2_sigma_error,geom_model_gaussian2_depth,geom_model_gaussian2_depth_error,geom_model_cosine_half_period_amplitude,geom_model_cosine_half_period_amplitude_error,geom_model_cosine_half_period_phase,geom_model_cosine_half_period_phase_error,model_type,num_model_parameters,reduced_chi2,derived_primary_ecl_phase,derived_primary_ecl_phase_error,derived_primary_ecl_duration,derived_primary_ecl_duration_error,derived_primary_ecl_depth,derived_primary_ecl_depth_error,derived_secondary_ecl_phase,derived_secondary_ecl_phase_error,derived_secondary_ecl_duration,derived_secondary_ecl_duration_error,derived_secondary_ecl_depth,derived_secondary_ecl_depth_error
[from data line 218]
375316653866487564,5242461412493842816,0.43499425,2160.49492330108,4.489574570263821,3.929597E-5,18.731092,0.004351497,0.20153907,0.013476303,0.07074411,0.011288371,0.093842044,0.011819892,0.6613484,0.003587075,0.027624615,0.0045117685,0.1368927,0.008134164,null,null,null,null,"TWOGAUSSIANS",8,2.9104435,0.6613484,0.003587075,0.15469784,0.025265904,0.13689265,0.008134164,0.20153907,0.013476303,0.396167,0.033565473,0.09384199,0.011820039
375316653866487564,5242464912886383360,0.51012695,2149.021537578743,3.5046949109683374,1.42932695E-5,18.825317,0.06428491,0.34246927,0.0060080895,0.11864294,0.02046443,0.38307863,0.060105834,0.8386171,0.00459891,0.10107344,0.012901165,0.45374998,0.062640674,null,null,null,null,"TWOGAUSSIANS",8,5.823764,0.8386171,0.00459891,0.4,0.0,0.3945013,0.033714797,0.34246927,0.0060080895,0.4,0.0,0.3237269,0.021556888
375316653866487564,5242465913619714816,0.51441664,2136.1227313313284,2.1311133374163274,1.6960996E-5,16.665035,0.013420033,0.24510595,0.011712642,0.022722129,0.012985087,0.082332365,0.03707091,0.76652795,0.0049864617,0.044799972,0.05528932,0.08738431,0.10825825,0.1251855,0.017099725,0.76652795,0.0049864617,"TWOGAUSSIANS_WITH_ELLIPSOIDAL_ON_ECLIPSE2",9,59.24912,0.76652795,0.0049864617,0.25087982,0.23806068,0.33775532,0.11604698,0.24745595,0.012041814,0.12724392,0.07271649,0.3286861,0.037546843
375316653866487564,5242466910046127104,0.4647823,2123.7812232089013,1.7522036359557425,4.2990578E-5,18.425524,0.016682662,0.47812843,0.015133568,0.17667033,0.032472182,0.14597927,0.015447566,0.93950015,0.005228772,0.015004055,0.004988772,0.054832768,0.011826951,null,null,null,null,"TWOGAUSSIANS",8,5.835899,0.47812843,0.015133568,0.4,0.0,0.14043197,0.015522183,0.93950015,0.005228772,0.08402271,0.027937124,0.0555084,0.012149996
375316653866487564,5242473129164406016,0.59762466,2192.2524917831347,3.1830724533303334,6.6923817E-6,14.901911,0.09644605,0.25738385,0.005918289,0.059386916,0.019451147,0.299566,0.18467198,0.7690095,0.005116105,0.054129973,0.025268197,0.28089577,0.17910703,0.091341116,0.09605111,0.7690095,0.005116105,"TWOGAUSSIANS_WITH_ELLIPSOIDAL_ON_ECLIPSE2",9,185.40607,0.25906384,0.004039279,0.33256674,0.08435769,0.4813896,0.01389281,0.7690095,0.005116105,0.30312786,0.119007885,0.46355167,0.046754275
375316653866487564,5242473335322841984,0.6134542,2196.1285976784966,0.3862415595813148,4.55686E-5,16.274004,0.0011215876,0.61822695,0.047866404,0.02845529,0.019485103,0.40161356,0.2428045,null,null,null,null,null,null,null,null,null,null,"ONEGAUSSIAN",5,4.926503,0.61822695,0.047866404,0.15934962,0.10911658,0.40161356,0.0,null,null,null,null,null,null
375316653866487564,5242473399744404864,0.4995485,2206.685077133006,3.7563899032888544,5.550711E-5,15.198931,0.059604984,0.2556294,0.012853439,0.06181113,0.030532591,0.4127477,1.9503456,0.76418054,0.012598853,0.05246881,0.017856706,0.3170308,0.10747734,0.0639365,0.06242006,0.2556294,0.012853439,"TWOGAUSSIANS_WITH_ELLIPSOIDAL_ON_ECLIPSE1",9,244.97165,0.2556294,0.012853439,0.34614232,0.17098251,0.5405057,1.9812276,0.76418054,0.012598853,0.29382533,0.09999755,0.44442004,0.061667442
375316653866487564,5242483780683386880,0.60077316,2231.7624085049156,2.118694060137208,6.146236E-6,14.168382,0.013733239,0.19975942,0.002361235,0.110594906,0.010118811,0.1514234,0.011471315,0.6771162,0.00176021,0.10955662,0.0069175246,0.26032898,0.011459921,null,null,null,null,"TWOGAUSSIANS",8,39.176876,0.6771162,0.00176021,0.4,0.0,0.23685148,0.0051188366,0.19980942,0.0023491418,0.4,0.0,0.12795275,0.0057189935
375316653866487564,5242484021201549056,0.50378615,2194.2792423245446,3.2308960444761796,2.8424362E-5,16.656296,0.03464222,0.32696423,0.0063590696,0.10762403,0.01619954,0.33572644,0.030997613,0.85752165,0.0063622,0.10445484,0.016490614,0.2646161,0.03212232,null,null,null,null,"TWOGAUSSIANS",8,55.40654,0.3269442,0.0063609635,0.4,0.0,0.30964077,0.012563137,0.85756165,0.0063715396,0.4,0.0,0.23854549,0.023834668
375316653866487564,5242485253854498304,0.5849061,2208.5043245458273,2.9585974006958797,7.172686E-6,18.292553,0.011592957,0.17952923,0.0024541519,0.0706183,0.0043667573,0.39497098,0.011097649,0.68071073,0.0022737186,0.07001679,0.0022305434,0.59018165,0.0132604325,null,null,null,null,"TWOGAUSSIANS",8,5.677867,0.68071073,0.0022737186,0.392094,0.011770975,0.5884992,0.012699848,0.17952923,0.0024541519,0.3954625,0.023127455,0.39328846,0.010949109
375316653866487564,5242487251016363904,0.67345446,2191.9139955698734,1.0350565003055459,2.941852E-6,13.565026,0.0012079214,0.26884666,0.002418031,0.02701477,0.0024750426,0.31060386,0.045454036,0.76967514,0.0021738724,0.026061023,0.0020372237,0.2980204,0.007571991,0.012970935,0.0020205835,0.26884666,0.002418031,"TWOGAUSSIANS_WITH_ELLIPSOIDAL_ON_ECLIPSE1",9,28.735922,0.26884666,0.002418031,0.15128271,0.013860239,0.33654568,0.046249833,0.76967514,0.0021738724,0.14594172,0.011408453,0.32396153,0.0060224286
375316653866487564,5242488213089007872,0.64321536,2172.2897408322606,2.12926212379278,3.3479052E-6,14.772792,0.006667901,0.2742566,0.0011057721,0.05253632,0.0031564508,0.21759212,0.013026523,0.7793036,0.003050101,0.057695787,0.0039716926,0.18802181,0.013078096,0.10843464,0.0068615032,0.2742566,0.0011057721,"TWOGAUSSIANS_WITH_ELLIPSOIDAL_ON_ECLIPSE1",9,25.527319,0.2742566,0.0011057721,0.2942034,0.017676124,0.43444726,0.004798981,0.7793036,0.003050101,0.3230964,0.022241477,0.40465894,0.0056621274
375316653866487564,5242489686260599680,0.6742961,2203.039268819425,0.8140497860270327,1.0176533E-5,17.445335,0.0023478887,0.23063706,0.0026501622,0.028975474,0.0028318984,0.17109807,0.009268665,0.72960436,0.0011937938,0.028048228,8.1837375E-4,1.7501456,0.07264419,0.037516277,0.0037557667,0.23063706,0.0026501622,"TWOGAUSSIANS_WITH_ELLIPSOIDAL_ON_ECLIPSE1",9,5.9788227,0.72960436,0.0011859306,0.15707009,0.004582893,1.8251748,0.07222827,0.23063706,0.0026501622,0.16226265,0.01585863,0.24613056,0.007644514
375316653866487564,5242489827996508032,0.5562765,2193.024617234088,2.812252059896893,8.487065E-6,16.14715,0.019386968,0.26162857,0.00436103,0.10669469,0.011059201,0.27296352,0.01666438,0.7693773,0.006134505,0.09853564,0.011230485,0.23790579,0.018011175,null,null,null,null,"TWOGAUSSIANS",8,27.442682,0.26162857,0.00436103,0.4,0.0,0.24903256,0.009614785,0.7693873,0.0061375396,0.4,0.0,0.21398331,0.010131269
375316653866487564,5242494329122182400,0.60784996,2143.7045306984296,3.961819828181299,1.6242857E-5,15.822746,0.03345791,0.33759257,0.02641972,0.04800996,0.018200269,0.49965948,0.13168749,0.82842016,0.007413132,0.048064943,0.016278759,0.40669218,0.0685799,0.10089922,0.03725703,0.82842016,0.007413132,"TWOGAUSSIANS_WITH_ELLIPSOIDAL_ON_ECLIPSE2",9,113.33621,0.33696258,0.025129184,0.26885578,0.10192151,0.70083237,0.110600926,0.82842016,0.007413132,0.2691637,0.09116105,0.6084889,0.014969934
375316653866487564,5242499616225564032,0.59151924,2190.9166036252045,3.255554601395349,1.8139343E-5,17.773468,0.01655308,0.17555922,0.004857729,0.04410966,0.0064754765,0.27042356,0.04288031,0.6757654,0.0047638686,0.05276639,0.007113909,0.38779193,0.042772226,0.10903429,0.021490313,0.17555922,0.004857729,"TWOGAUSSIANS_WITH_ELLIPSOIDAL_ON_ECLIPSE1",9,10.828865,0.6757654,0.004451128,0.29549178,0.03983789,0.605855,0.036532678,0.17555922,0.004857729,0.2470141,0.03626267,0.48848695,0.03474054
375316653866487564,5242501750825967872,0.5151655,2136.3693113421054,1.3259804033053366,1.3926387E-5,15.815355,0.0017192594,0.27692324,0.0092236325,0.036172234,0.010577782,0.038787182,0.008963543,0.76557547,0.0031181911,0.04383021,0.002845211,0.1080362,0.006180095,0.009513803,0.0038536487,0.27692324,0.0092236325,"TWOGAUSSIANS_WITH_ELLIPSOIDAL_ON_ECLIPSE1",9,10.599676,0.7658655,0.0029481037,0.24544917,0.01593318,0.12696972,0.005126014,0.27692324,0.0092236325,0.2025645,0.05923558,0.05781478,0.00631856
375316653866487564,5242504911921864704,0.5709798,2142.449088697555,1.7599347788288657,1.1547458E-5,14.056643,0.014021659,0.26223528,0.0038461336,0.10217263,0.013866013,0.13381031,0.010477057,0.7550936,0.004236363,0.105189316,0.008834745,0.18917748,0.013476216,null,null,null,null,"TWOGAUSSIANS",8,61.34194,0.7550936,0.004236363,0.4,0.0,0.1731896,0.0061263135,0.26224527,0.0038467725,0.4,0.0,0.11782557,0.0077969995
375316653866487564,5242506045793237248,0.67799747,2164.6253986821025,0.37694129191141157,1.2360161E-6,14.61906,0.002459001,0.21016836,5.9926574E-4,0.043111645,0.0010012697,0.15757772,0.0024435238,0.70548356,0.018057458,0.040565465,0.010895161,0.69688296,0.17091148,null,null,null,null,"TWOGAUSSIANS",8,39.005764,0.70548356,0.018057458,0.2271666,0.0610129,0.69688296,0.17091143,0.21016836,5.9926574E-4,0.2414252,0.00560711,0.15757772,0.0024434659
375316653866487564,5242509138170340096,0.60501665,2183.0447062659264,3.3807705001032726,5.1885236E-6,15.37855,0.009903135,0.2339756,0.0021991006,0.050217718,0.0045454493,0.14980477,0.021924736,0.73130447,0.0028299442,0.059095267,0.0049338117,0.20948029,0.018793045,0.092192754,0.0105049675,0.2339756,0.0021991006,"TWOGAUSSIANS_WITH_ELLIPSOIDAL_ON_ECLIPSE1",9,46.181805,0.73182446,0.0020634588,0.33093348,0.027629346,0.39380094,0.0056133014,0.2339756,0.0021991006,0.2812192,0.025454516,0.3341672,0.00904954
375316653866487564,5242510856156885504,0.5073113,2185.706482650466,3.5755611964638887,1.7201683E-5,17.233507,0.0037429451,0.12833336,0.008031197,0.025486855,0.016661229,0.037787434,0.97367823,0.49276277,0.0045729047,0.15003999,0.008301825,0.0867811,0.0043590073,null,null,null,null,"TWOGAUSSIANS",8,2.151463,0.49276277,0.0045729047,0.4,0.0,0.086108096,0.004238557,0.12961335,0.009135283,0.14272638,0.09330288,0.04171569,0.9729925
375316653866487564,5242515318624296448,0.56825083,2173.9506179274076,3.046382127146131,1.3793031E-5,15.823504,0.036943357,0.12864861,0.0030469275,0.062164024,0.016861245,0.12029304,0.0824033,0.61520374,0.013544907,0.0630936,0.021564553,0.15740009,0.077671774,0.13937569,0.04451668,0.12864861,0.0030469275,"TWOGAUSSIANS_WITH_ELLIPSOIDAL_ON_ECLIPSE1",9,74.00933,0.6200137,0.00899173,0.3533242,0.117180005,0.4348115,0.018502345,0.12864861,0.0030469275,0.3481185,0.093570404,0.39898092,0.013509512
375316653866487564,5242516662952749312,0.47978628,2199.0019135812518,3.0678711623462434,7.0276124E-6,17.372864,0.13646413,0.24491854,0.0028210185,0.21440916,0.023200847,1.0129701,0.13641039,0.7509504,0.0031336173,0.17506373,0.0134241255,0.91862047,0.09368168,null,null,null,null,"TWOGAUSSIANS",8,9.014955,0.7555104,0.0038100716,0.4,0.0,0.22217028,0.01073834,0.24193855,0.0029101372,0.4,0.0,0.21386836,0.0077845184
375316653866487564,5242518587098236672,0.604829,2203.011475025873,3.929853765780135,5.2308023E-6,16.561003,0.025795631,0.15349662,0.001155853,0.059571423,0.0050814184,0.40849695,0.056993946,0.64145017,0.0064097424,0.05443562,0.0101343,0.32171977,0.05951085,0.07989294,0.03507726,0.15349662,0.001155853,"TWOGAUSSIANS_WITH_ELLIPSOIDAL_ON_ECLIPSE1",9,25.67201,0.15349662,0.001155853,0.33359995,0.028455943,0.56821877,0.016751966,0.6427002,0.0058358125,0.30483946,0.05675208,0.48062262,0.025056932
375316653866487564,5242521881334505088,0.5129364,2193.066967196205,3.706613718855801,3.2480537E-5,19.623207,0.14611858,0.29774708,0.01892389,0.11579719,0.049787946,0.309108,0.1453279,0.7956413,0.022873776,0.093798935,0.049082167,0.22133808,0.11387052,null,null,null,null,"TWOGAUSSIANS",8,1.9183612,0.29774708,0.018902887,0.4,0.0,0.27908322,0.024932433,0.7956413,0.023133012,0.4,0.0059187715,0.19136846,0.029481066
375316653866487564,5242524600052054144,0.5167482,2146.6641995211617,2.970650243984122,2.3041232E-5,16.285927,0.016532775,0.27363074,0.005665548,0.10632152,0.013308216,0.17512213,0.01567507,0.77977186,0.007671822,0.09973474,0.014504156,0.14794083,0.016658928,null,null,null,null,"TWOGAUSSIANS",8,19.139824,0.27363074,0.0056655267,0.4,0.0,0.15933213,0.007250684,0.77977186,0.0076784543,0.4,0.0,0.13215548,0.009821481
375316653866487564,5242525287246902400,0.578068,2136.5300420623616,3.4967689710258774,9.143294E-6,16.671106,0.018501922,0.2057033,0.014360027,0.0377835,0.011510525,0.5327471,0.3346017,0.7157621,0.0021168427,0.049377523,0.005339313,0.5028167,0.06956937,0.12531117,0.029195808,0.7157621,0.0021168427,"TWOGAUSSIANS_WITH_ELLIPSOIDAL_ON_ECLIPSE2",9,67.79777,0.2062133,0.013615713,0.21158761,0.06445894,0.7824181,0.36674747,0.7157621,0.0021168427,0.27651414,0.029900152,0.7534373,0.069870666
375316653866487564,5242529582214168704,0.4442955,2161.2949658274256,1.2655353098249886,2.1430838E-5,17.846527,0.017071046,0.30583727,0.008084858,0.018412387,0.010593612,0.22912645,1.196704,0.7779507,0.06199709,0.03301466,0.08691085,0.15639777,0.10347652,null,null,null,null,"TWOGAUSSIANS",8,24.446188,0.30583727,0.008085292,0.10310937,0.059324224,0.22912645,1.1967007,0.7779507,0.06199709,0.18488209,0.22172587,0.15639777,0.103499755
375316653866487564,5242529852795623424,0.5454274,2141.574330738852,3.82616385994628,8.283305E-6,17.811914,0.009670138,0.23608036,0.002958049,0.085293196,0.004901416,0.28208858,0.0108927665,0.7350854,0.0033887548,0.08713652,0.004274542,0.34014517,0.01803498,null,null,null,null,"TWOGAUSSIANS",8,7.4671183,0.7350854,0.0033887548,0.4,0.0,0.33104354,0.017568229,0.23608036,0.002958049,0.4,0.0,0.27298698,0.009704531
375316653866487564,5242535625227981312,0.46264616,2183.604217176293,1.1497532332791134,2.596673E-5,19.706417,0.04326025,0.27938512,0.022882147,0.12997124,0.041758463,0.24305186,0.09197028,0.78173137,0.020004049,0.031657584,0.019472342,0.4049203,0.066035084,null,null,null,null,"TWOGAUSSIANS",8,5.610354,0.78173137,0.020004049,0.17728247,0.10904511,0.40179807,0.05681998,0.27938512,0.022882147,0.4,0.0,0.23963174,0.09244804
375316653866487564,5242538172148973056,0.51739585,2223.6951120679582,0.35162391919376107,1.6457509E-5,17.25397,0.0025681353,0.28082782,8.833975E-4,0.014040936,0.0012401481,0.14849125,0.01866613,0.74271536,0.05388506,0.085158534,0.040458474,0.009276582,0.0054074405,null,null,null,null,"TWOGAUSSIANS",8,3.2787008,0.28082782,8.833975E-4,0.07862924,0.006944829,0.14849125,0.018666131,0.74271536,0.05388506,0.4,0.115227245,0.009276574,0.0054074554
375316653866487564,5242540268093105664,0.6416965,2212.1687930417083,1.1311096854349676,4.5424263E-6,13.996984,0.0034462456,0.281315,0.0012629152,0.09000361,0.0024649212,0.16987467,0.0034703056,0.7828528,0.0016565927,0.09582967,0.002787376,0.15711017,0.0032828387,null,null,null,null,"TWOGAUSSIANS",8,14.109226,0.281315,0.0012629152,0.4,0.0,0.16133119,0.0025609485,0.7828528,0.0016565927,0.4,0.0,0.14856638,0.0021157877
375316653866487564,5242542703336140672,0.5202883,2205.619425399067,1.4641887184281366,6.250115E-5,16.41184,0.008413398,0.25012988,0.00623701,0.034885608,0.011022377,0.17134556,0.045441292,0.7393387,0.011080331,0.034456216,0.021450762,0.48164988,93977.266,0.046125308,0.023660216,0.7393387,0.011080331,"TWOGAUSSIANS_WITH_ELLIPSOIDAL_ON_ECLIPSE2",9,100.26067,0.7393387,0.011080331,0.1929548,0.120124266,0.5739004,93977.27,0.24959987,0.006017219,0.19535941,0.06172531,0.2631934,0.057677403
375316653866487564,5242543016871414144,0.6396317,2226.212328569741,1.6886960487273328,2.7024766E-6,15.21926,0.007178526,0.27715826,0.0013041814,0.116426155,0.0038808472,0.19824088,0.0068272636,0.76805794,0.0012515836,0.10256568,0.004173907,0.2005733,0.005890775,null,null,null,null,"TWOGAUSSIANS",8,4.568942,0.76805794,0.0012515836,0.4,0.0,0.17394878,0.003978578,0.27715826,0.0013033828,0.4,0.0,0.17157808,0.0020331366
