Gaia/vari_eclipsing_binary/VariEclipsingBinary_466890-466905.csv
# %ECSV 1.0
# ---
# delimiter: ','
# meta: !!omap
# - RELEASE: Gaia DR3
# - TABLE: vari_eclipsing_binary
# - DESCRIPTION: >
#     This table describes the properties of the eclipsing binaries resulting from the variability analysis. 
# - CITATION: >
#     How to cite and acknowledge Gaia: 
#     https://gea.esac.esa.int/archive/documentation/credits.html 
# - KNOWN_ISSUES: >
#     Known issues: 
#     https://www.cosmos.esa.int/web/gaia-users/known-issues 
# - DOCUMENTATION: >
#     Tutorials and documentation: 
#     https://www.cosmos.esa.int/web/gaia-users/archive 
# datatype:
# - 
#   name: solution_id
#   datatype: int64
#   description: Solution Identifier
#   meta:
#     ucd: meta.version
# - 
#   name: source_id
#   datatype: int64
#   description: Unique source identifier
#   meta:
#     ucd: meta.id;meta.main
# - 
#   name: global_ranking
#   datatype: float32
#   description: Number between 0 (worst) and 1 (best)
#   meta:
#     ucd: stat.param
# - 
#   name: reference_time
#   datatype: float64
#   unit: d
#   description: Reference time used for the geometric model fit
#   meta:
#     ucd: time.epoch
# - 
#   name: frequency
#   datatype: float64
#   unit: d**-1
#   description: Frequency of geometric model of the eclipsing binary light curve
#   meta:
#     ucd: src.orbital
# - 
#   name: frequency_error
#   datatype: float32
#   unit: d**-1
#   description: "Uncertainty of \\texttt{frequency}"
#   meta:
#     ucd: stat.error
# - 
#   name: geom_model_reference_level
#   datatype: float32
#   unit: mag
#   description: Magnitude reference level of geometric model
#   meta:
#     ucd: phot.mag;em.opt
# - 
#   name: geom_model_reference_level_error
#   datatype: float32
#   unit: mag
#   description: "Uncertainty of \\texttt{geomModelReferenceLevel}"
#   meta:
#     ucd: stat.error;phot.mag;em.opt
# - 
#   name: geom_model_gaussian1_phase
#   datatype: float32
#   description: Phase of the Gaussian 1 component
#   meta:
#     ucd: time.phase
# - 
#   name: geom_model_gaussian1_phase_error
#   datatype: float32
#   description: "Uncertainty of \\texttt{geomModelGaussian1Phase}"
#   meta:
#     ucd: stat.error;time.phase
# - 
#   name: geom_model_gaussian1_sigma
#   datatype: float32
#   description: "Standard deviation [phase] of Gaussian 1 component"
#   meta:
#     ucd: stat.stdev
# - 
#   name: geom_model_gaussian1_sigma_error
#   datatype: float32
#   description: "Uncertainty of \\texttt{geomModelGaussian1Sigma}"
#   meta:
#     ucd: stat.error
# - 
#   name: geom_model_gaussian1_depth
#   datatype: float32
#   unit: mag
#   description: Magnitude depth of Gaussian 1 component
#   meta:
#     ucd: src.var.amplitude
# - 
#   name: geom_model_gaussian1_depth_error
#   datatype: float32
#   unit: mag
#   description: "Uncertainty of \\texttt{geomModelGaussian1Depth}"
#   meta:
#     ucd: stat.error;src.var.amplitude
# - 
#   name: geom_model_gaussian2_phase
#   datatype: float32
#   description: Phase of Gaussian 2 component
#   meta:
#     ucd: time.phase
# - 
#   name: geom_model_gaussian2_phase_error
#   datatype: float32
#   description: "Uncertainty of \\texttt{geomModelGaussian2Phase}"
#   meta:
#     ucd: stat.error;time.phase
# - 
#   name: geom_model_gaussian2_sigma
#   datatype: float32
[...]
#   datatype: float32
#   description: "Secondary eclipse: uncertainty of \\texttt{derivedSecondaryEclDuration}"
#   meta:
#     ucd: stat.error;time.duration
# - 
#   name: derived_secondary_ecl_depth
#   datatype: float32
#   unit: mag
#   description: "Secondary eclipse: depth"
#   meta:
#     ucd: src.var.amplitude
# - 
#   name: derived_secondary_ecl_depth_error
#   datatype: float32
#   unit: mag
#   description: "Secondary eclipse: uncertainty of \\texttt{derivedSecondaryEclDepth}"
#   meta:
#     ucd: stat.error;src.var.amplitude
solution_id,source_id,global_ranking,reference_time,frequency,frequency_error,geom_model_reference_level,geom_model_reference_level_error,geom_model_gaussian1_phase,geom_model_gaussian1_phase_error,geom_model_gaussian1_sigma,geom_model_gaussian1_sigma_error,geom_model_gaussian1_depth,geom_model_gaussian1_depth_error,geom_model_gaussian2_phase,geom_model_gaussian2_phase_error,geom_model_gaussian2_sigma,geom_model_gaussian2_sigma_error,geom_model_gaussian2_depth,geom_model_gaussian2_depth_error,geom_model_cosine_half_period_amplitude,geom_model_cosine_half_period_amplitude_error,geom_model_cosine_half_period_phase,geom_model_cosine_half_period_phase_error,model_type,num_model_parameters,reduced_chi2,derived_primary_ecl_phase,derived_primary_ecl_phase_error,derived_primary_ecl_duration,derived_primary_ecl_duration_error,derived_primary_ecl_depth,derived_primary_ecl_depth_error,derived_secondary_ecl_phase,derived_secondary_ecl_phase_error,derived_secondary_ecl_duration,derived_secondary_ecl_duration_error,derived_secondary_ecl_depth,derived_secondary_ecl_depth_error
[from data line 341]
375316653866487564,4106876594991273216,0.59067225,2261.4920737646557,1.6192997152351085,6.560187E-5,16.753721,0.0031046877,0.4698542,0.025530083,0.050245915,0.015902182,0.3733767,0.1857324,0.7920301,8.799748E-4,0.0057253344,4.9083214E-4,0.08540135,0.0090435995,null,null,null,null,"TWOGAUSSIANS",8,5.967465,0.4698542,0.025530083,0.2813771,0.089052215,0.3733767,0.1857324,0.7920301,8.799748E-4,0.032061875,0.0027486598,0.08540135,0.009043572
375316653866487564,4106876904162643200,0.61748254,2267.177429907685,1.3722517228059852,1.0721734E-5,17.460356,0.022812536,0.21952936,0.0026858344,0.088515885,0.0054788613,0.41280937,0.02310761,0.7165092,0.010788399,0.09831305,0.017028403,0.24684833,0.025061546,null,null,null,null,"TWOGAUSSIANS",8,4.4361157,0.21952936,0.0026824307,0.4,0.0,0.39616683,0.010156938,0.7165092,0.010788399,0.4,0.0,0.23020466,0.016622
375316653866487564,4106877179035986560,0.48042893,2208.757368755141,0.11865709105804476,1.5119099E-5,19.78859,0.02228723,0.31672576,0.0064627584,0.068445556,0.011758659,0.20980039,0.031224681,0.80088377,0.037225813,0.07924411,0.06491553,0.25170383,297477.84,null,null,null,null,"TWOGAUSSIANS",8,2.220238,0.80088377,0.037225813,0.4,0.29153714,0.25066853,297477.84,0.31672576,0.0064627584,0.38329512,0.060487255,0.20876509,0.030246135
375316653866487564,4106877419554476800,0.48489204,2267.731673426338,3.313696065756926,4.7359244E-5,19.630217,0.20760532,0.2847615,0.007567888,0.14568658,0.046312556,0.37107158,0.20014569,0.7948003,0.022998873,0.14235865,0.055107296,0.35695216,0.18993922,null,null,null,null,"TWOGAUSSIANS",8,1.9758561,0.28425148,0.0076305084,0.4,0.0,0.22080258,0.0110003175,0.7954403,0.0223103,0.4,0.0,0.20725358,0.023906933
375316653866487564,4106877591357646720,0.5138129,2240.5637066290146,3.059639957833468,1.3359278E-5,19.771671,0.027550673,0.2123025,0.0028892036,0.06720197,0.008873838,0.67921585,0.18529272,0.7104954,0.007585802,0.061745904,0.01110486,0.7795142,0.43542513,null,null,null,null,"TWOGAUSSIANS",8,1.942482,0.7104954,0.007585802,0.34577706,0.06218722,0.7787684,0.43619573,0.2123025,0.0028892036,0.37633103,0.049693495,0.67847,0.18595062
375316653866487564,4106877831875686912,0.51392645,2299.760228949702,3.2079152011247665,2.1413709E-5,18.884506,0.020319993,0.27295822,0.0055558514,0.0712684,0.010420064,0.29372928,0.034153655,0.7628184,0.0056379926,0.069126666,0.009672475,0.3573545,0.04016155,null,null,null,null,"TWOGAUSSIANS",8,5.1014543,0.7628184,0.0056379926,0.38710934,0.041834734,0.35647613,0.040461957,0.27295822,0.0055558514,0.39910308,0.03688809,0.29285088,0.034460053
375316653866487564,4106877900595223552,0.4805114,2266.317817920319,0.02920707271234783,3.3434102E-5,18.090652,1.1268638,0.21976177,0.010148769,0.2729183,0.1898516,1.1343752,1.1158413,0.7283161,0.008709555,0.118027754,0.036331322,0.70947134,0.45333943,null,null,null,null,"TWOGAUSSIANS",8,7.245,0.21963178,0.010015368,0.4,0.0,0.32642478,0.031087039,0.7313661,0.006591791,0.4,0.0,0.32283777,0.025892675
375316653866487564,4106878038034298880,0.47241163,2260.1352436970333,0.10670790523715763,9.764113E-5,19.353214,0.048503816,0.16954714,0.024859393,0.047394205,0.015461056,0.32459766,0.08896666,0.78726584,0.035614513,0.11285346,0.05516288,0.25305203,0.28885868,null,null,null,null,"TWOGAUSSIANS",8,4.046564,0.16937715,0.024869116,0.26540753,0.08658191,0.32512096,0.08900889,0.78726584,0.035614513,0.4,0.0,0.25275746,0.28925735
375316653866487564,4106878072460150400,0.495675,2344.4350330444818,1.9706123349916749,1.30818435E-5,18.642653,0.03653897,0.29352623,0.042912964,0.10352315,0.043240868,0.10090802,0.036038112,0.77803963,0.011937839,0.056304414,0.05085788,0.14853677,0.033706386,null,null,null,null,"TWOGAUSSIANS",8,1.7619685,0.77803963,0.011937839,0.31530473,0.09058688,0.14733398,0.060058244,0.29352623,0.042912964,0.4,0.0,0.09970306,0.021329198
375316653866487564,4106878656575980928,0.5431915,2139.335597814116,0.6737968961026358,5.2067633E-5,19.268974,0.010204249,0.3209422,0.009105841,0.08183302,0.008125158,0.43900985,0.04147079,0.7437465,0.0154295415,0.06682059,0.019031584,0.8984169,2.8119512,null,null,null,null,"TWOGAUSSIANS",8,2.3402915,0.7437465,0.0154295415,0.3741953,0.106576875,0.8977805,2.8126657,0.3209422,0.009105841,0.4,0.0,0.4383727,0.04167874
375316653866487564,4106878759578253568,0.6086877,2199.1134477810956,1.922777542524118,1.4734274E-5,18.790394,0.011206329,0.2520389,0.010434652,0.090803646,0.011182288,0.30816805,0.013600563,0.74753505,0.004729855,0.08940098,0.010744377,0.2659746,0.010283793,null,null,null,null,"TWOGAUSSIANS",8,0.7486432,0.2520389,0.010434652,0.4,0.0,0.2967918,0.010781299,0.74753505,0.004729855,0.4,0.0,0.2545984,0.014537325
375316653866487564,4106878931453838080,0.59540516,2254.760936396028,3.2009538702826585,1.2301747E-5,18.3692,0.0057203863,0.32903966,0.0028255233,0.07987747,0.0028174152,0.31921443,0.0067658476,0.8297608,0.006855008,0.08053317,0.0072591244,0.37295592,0.05330393,null,null,null,null,"TWOGAUSSIANS",8,1.691776,0.8297608,0.006855008,0.4,0.0,0.36767024,0.054884553,0.32903966,0.0028255233,0.4,0.0,0.31392872,0.005711505
375316653866487564,4106879378130577792,0.5031862,2163.1237281930316,0.925320140407775,3.1175772E-5,18.036608,0.010123664,0.26487064,0.0060986606,0.07569923,0.014880737,0.09982335,0.009884262,0.68212765,0.052266344,0.079075366,0.030531667,0.19360593,0.24150833,null,null,null,null,"TWOGAUSSIANS",8,2.0437522,0.68212765,0.052266344,0.4,0.04837876,0.19337298,0.24197939,0.26487064,0.006085947,0.4,0.019451551,0.09959055,0.009451739
375316653866487564,4106879476856460416,0.50040966,2135.0760453470825,1.7786944063888737,1.934236E-5,16.246254,0.0034304282,0.18285775,0.0016584421,0.018397165,0.0023820035,0.028957533,0.0030611597,0.40694395,0.010475369,0.06891901,0.01840274,0.08439311,0.041492727,null,null,null,null,"TWOGAUSSIANS",8,1.2295492,0.40694395,0.010475369,0.38594645,0.09944995,0.08439311,0.041492727,0.18309775,0.001569023,0.103024125,0.01333922,0.029387152,0.0031871418
375316653866487564,4106879618572445440,0.46669945,2138.6691845617956,0.8251853146310448,1.082572E-4,19.564682,0.03428488,0.32902807,0.04208548,0.084392644,0.039319772,0.34568876,1.1171577,0.7762071,0.028775794,0.13529788,0.04000388,0.21433243,0.031172805,null,null,null,null,"TWOGAUSSIANS",8,2.9579515,0.32945806,0.041991178,0.4,0.12287466,0.32591408,1.1343219,0.7762071,0.028775794,0.4,0.0,0.19359292,0.025597136
375316653866487564,4106879652932300928,0.5380968,2216.846399764897,2.3884498332068613,1.9047617E-5,19.41533,0.023031736,0.21972331,0.0038918997,0.07691664,0.008920474,0.41010725,0.033166923,0.7223525,0.0115138395,0.093380235,0.023193087,0.28415465,0.04484239,null,null,null,null,"TWOGAUSSIANS",8,1.684302,0.21972331,0.0038918997,0.4,0.0,0.40158182,0.036564272,0.7223525,0.0115138395,0.4,0.0,0.27562886,0.05233327
375316653866487564,4106879687292289920,0.47126967,2230.2563329144214,0.15883225189998101,2.604244E-5,19.21559,0.019284273,0.4186663,0.015276958,0.07859273,0.016109757,0.7531126,0.43259442,0.86469626,0.006582213,0.024000732,0.010564214,0.18627645,0.10991262,null,null,null,null,"TWOGAUSSIANS",8,8.836773,0.4186663,0.015276958,0.4,0.026428433,0.7531122,0.43259603,0.86469626,0.006582213,0.1344041,0.0591596,0.1862761,0.10991344
375316653866487564,4106880030965601536,0.48014876,2257.1798058616228,0.3569576811586435,7.066595E-5,18.771147,0.03850343,0.38476232,0.01522771,0.1514345,0.04554809,0.16498981,0.03321151,0.938632,0.87208366,0.060896564,0.05787277,0.036206555,1.5218228,null,null,null,null,"TWOGAUSSIANS",8,1.8047895,0.38476232,0.015226303,0.4,0.0,0.15848118,0.018429719,0.94278204,0.52106524,0.34102076,0.21752809,0.03213163,1.5206368
375316653866487564,4106880541985647744,0.52083266,2244.3962866056813,2.86751441868528,1.5685828E-5,17.224594,0.13509916,0.18346752,0.006987306,0.10465671,0.026713291,0.4155051,0.12883334,0.6810912,0.01114033,0.112256005,0.040909808,0.3717145,0.12228427,null,null,null,null,"TWOGAUSSIANS",8,34.457664,0.18346752,0.00699162,0.4,0.0,0.36194682,0.029486982,0.6810912,0.01114033,0.4,0.0,0.31812873,0.030780789
375316653866487564,4106880546284189952,0.49703786,2269.9359466070664,0.6302861489517886,3.88783E-5,18.36458,0.012861117,0.4653111,0.0068304995,0.01905644,0.009080602,0.11727846,0.67745954,0.78527373,0.02935173,0.047899995,0.056994535,0.53977615,0.43507996,null,null,null,null,"TWOGAUSSIANS",8,7.6891313,0.78527373,0.02935173,0.26823997,0.12634125,0.53977615,0.43508372,0.4653111,0.006828503,0.10671606,0.05085137,0.11727846,0.6774401
375316653866487564,4106880649440773888,0.63227046,2229.494238237454,1.252531903697919,8.9298155E-6,14.794573,0.01010217,0.23330565,0.0023107447,0.04160957,0.005721553,0.13836929,0.028580582,0.72720337,0.031141255,0.047387466,0.038240034,0.15613352,0.1498214,0.12170074,0.014829933,0.23330565,0.0023107447,"TWOGAUSSIANS_WITH_ELLIPSOIDAL_ON_ECLIPSE1",9,68.559586,0.7285234,0.02700102,0.2653698,0.20182005,0.39925417,0.14949946,0.23330565,0.0023107447,0.2330136,0.032040697,0.3817702,0.016255638
375316653866487564,4106880713807134464,0.54399765,2206.0885334778236,1.2551953909302114,4.3938708E-5,18.80462,0.01413058,0.23003423,0.008835671,0.090402424,0.012680243,0.18147546,0.0146546615,0.7263148,0.0107863415,0.089629404,0.016519433,0.21894115,0.025647638,null,null,null,null,"TWOGAUSSIANS",8,1.3859648,0.7263148,0.0107863415,0.4,0.0,0.21099444,0.026100459,0.23003423,0.008835671,0.4,0.0,0.17352875,0.010815845
375316653866487564,4106880786802737664,0.58540404,2235.945616777148,1.9257901326324243,3.4948247E-5,18.382484,0.03503698,0.26770636,0.09361122,0.042878613,0.04425873,0.50269943,0.48540252,0.71040857,0.012122453,0.08340246,0.10852414,0.2751128,0.16134885,null,null,null,null,"TWOGAUSSIANS",8,2.3949444,0.26770636,0.09402808,0.24012023,0.18163313,0.50266224,0.48659152,0.71040857,0.012122453,0.4,0.0,0.27507535,0.17903946
375316653866487564,4106880821162527232,0.458723,2208.1301009093268,0.8428115189572815,1.3194492E-4,19.369852,0.022612177,0.22192043,0.027092086,0.09810801,0.027391708,0.17220491,0.026590053,0.6621319,0.030566107,0.1037281,0.027766787,0.152958,0.04388381,null,null,null,null,"TWOGAUSSIANS",8,3.2786114,0.22196043,0.027075678,0.4,0.0,0.16530743,0.025616543,0.6621319,0.030566107,0.4,0.0,0.14604898,0.044177715
375316653866487564,4106881336558492800,0.5108957,2185.297816943194,0.10656556058436943,7.333265E-5,19.225231,0.020092469,0.1975948,0.07278735,0.07194806,0.04724246,0.2489587,0.26266778,0.63183415,0.048495244,0.091392964,0.036954824,0.23529127,0.033617992,null,null,null,null,"TWOGAUSSIANS",8,3.2790308,0.1975948,0.07268737,0.4,0.24419065,0.24777362,0.26319376,0.63183415,0.048495244,0.4,0.0,0.23410323,0.03233152
375316653866487564,4106882298631660416,0.52264154,2209.3146126312436,0.23922665391132378,1.1287381E-5,18.537258,0.008599989,0.42447624,0.0031060681,0.068065174,0.0064216056,0.19714208,0.015396881,0.77995855,0.0024235554,0.008588171,0.0032486145,0.3228109,0.09798809,null,null,null,null,"TWOGAUSSIANS",8,6.8848534,0.77995855,0.0024235554,0.04809376,0.018192241,0.32281113,0.09798805,0.42447624,0.0031060681,0.38116497,0.033454075,0.19714208,0.015396881
375316653866487564,4106882917108438400,0.5382829,2186.3176708138276,2.6252007144384364,1.3244219E-5,19.318066,0.01957733,0.27997676,0.0029923485,0.07514774,0.004288217,0.59843266,0.01807406,0.786437,0.0047859726,0.061719473,0.0046824934,0.567279,0.039978154,null,null,null,null,"TWOGAUSSIANS",8,3.3770473,0.27997676,0.0029923485,0.4,0.0,0.5971966,0.01729634,0.786437,0.0047859726,0.34562904,0.026221965,0.5660429,0.03966521
375316653866487564,4106883638738342144,0.4561861,2237.1937981721317,2.041126386823913,1.2065523E-5,19.101358,0.40665108,0.13787565,0.0026541955,0.03198693,0.007172247,0.3234239,0.04679898,0.5330636,0.018273927,0.3090416,0.10386384,0.69225025,0.38892516,null,null,null,null,"TWOGAUSSIANS",8,5.1341395,0.13986565,0.0035686323,0.1791268,0.040164582,0.35682684,0.044356544,0.5330636,0.018273927,0.4,0.0,0.32476917,0.026394753
375316653866487564,4106883741742706816,0.47241983,2204.076579851512,0.837110953488718,4.23555E-5,19.55698,0.038055692,0.4520413,0.014406909,0.20369655,0.036482215,0.2534606,0.035066336,0.94031936,0.0011586032,0.022505438,0.002888184,0.16530558,0.023926023,null,null,null,null,"TWOGAUSSIANS",8,2.16122,0.4520413,0.014406909,0.4,0.0,0.22208214,0.01836631,0.94031936,0.0011586032,0.12603045,0.01617383,0.15905349,0.025609542
375316653866487564,4106883776102270208,0.56213826,2235.0491291143026,2.5058829013475576,2.5904088E-5,18.318237,0.016465079,0.13701238,0.0040628957,0.08429013,0.009592625,0.3087706,0.02027341,0.63863194,0.027032014,0.06443894,0.029828232,0.47248787,0.19780044,null,null,null,null,"TWOGAUSSIANS",8,6.4851704,0.63863194,0.027032014,0.36085805,0.05901414,0.47000852,0.20584784,0.13701238,0.0040628957,0.4,0.0,0.30629125,0.01833623
375316653866487564,4106883943605163776,0.43035698,2213.481467766958,0.6231895821961947,7.1829825E-5,16.828964,0.025714703,0.1696965,0.04693434,0.045356587,0.03585928,0.09161069,1.6702292,0.6069855,0.02051421,0.20398372,0.06931595,0.08324699,0.019609563,null,null,null,null,"TWOGAUSSIANS",8,3.5241513,0.1711465,0.04704102,0.25399688,0.20081197,0.08991542,1.6719761,0.6069855,0.02051421,0.4,0.0,0.071289785,0.009158193
375316653866487564,4106884119791241728,0.50261736,2226.9825857879314,0.9795256054574037,4.3511285E-5,19.783367,0.02583119,0.27498493,0.019567808,0.07007199,0.018177712,0.3246893,0.12519829,0.50594956,0.054175217,0.111296766,0.051989697,0.36081442,0.041624803,null,null,null,null,"TWOGAUSSIANS",8,3.613383,0.2897449,0.0126694,0.39240313,0.073095694,0.37215894,0.02712597,0.50594956,0.054175217,0.4,0.0,0.36214653,0.04432598
375316653866487564,4106884532016948352,0.48122194,2219.1270108754093,2.0799376298131524,3.1603333E-5,19.457054,0.03745789,0.29851002,0.010249789,0.054146193,0.010556187,0.20167165,0.051035035,0.8019005,0.06374246,0.058511484,0.050232965,0.20422085,0.07528321,null,null,null,null,"TWOGAUSSIANS",8,5.1882167,0.8019005,0.06374246,0.32766432,0.10323322,0.20420212,0.07368156,0.29851002,0.01025052,0.3032187,0.059114646,0.20165291,0.050283648
375316653866487564,4106884802593676288,0.5004009,2231.7191052133207,0.32372873805757707,3.5176137E-5,16.510544,0.0015120452,0.6863671,0.07424088,0.05859104,0.050079275,0.24196582,0.15995553,0.96035796,0.004157665,0.014683861,0.0032501696,0.046869576,0.020000247,null,null,null,null,"TWOGAUSSIANS",8,10.457599,0.6863671,0.07424088,0.32810983,0.28044394,0.24196582,0.15995553,0.96035796,0.004157665,0.08222962,0.018200949,0.04687389,0.019999439
375316653866487564,4106885047411859072,0.61757797,2228.90647878187,2.6078889321490806,5.9301165E-6,18.087597,0.0074080876,0.2934956,0.009844783,0.0673088,0.005449734,0.36907145,0.021268776,0.7988344,0.002823396,0.0691009,0.0037957325,0.3583956,0.018561205,null,null,null,null,"TWOGAUSSIANS",8,4.7479677,0.2934956,0.009844783,0.37692928,0.022758996,0.36831015,0.02055278,0.7988344,0.002823396,0.38696504,0.021256102,0.3576343,0.018560695
375316653866487564,4106885219211057408,0.47398666,2210.678653143668,3.143715042076045,6.148482E-5,18.88713,0.21120538,0.30217063,0.01901396,0.098505795,0.058310594,0.37297854,0.19420448,0.8047031,0.11643285,0.10454912,0.11486491,0.43468055,49.355347,null,null,null,null,"TWOGAUSSIANS",8,10.881853,0.8047031,0.11640026,0.4,0.33189765,0.39695558,49.393726,0.30217063,0.019226225,0.4,0.03605253,0.33526114,0.06896346
375316653866487564,4106885219211184128,0.4878229,2227.031146888371,1.0967320028434688,6.697437E-5,19.505686,0.03310365,0.23269497,0.0049106516,0.07473482,0.010355407,0.31766194,0.028366486,0.758332,0.02218737,0.09216757,0.034031626,0.26364926,0.04921519,null,null,null,null,"TWOGAUSSIANS",8,3.2284536,0.23269497,0.0049155354,0.4,4.586438E-4,0.31366998,0.016242106,0.758332,0.02218737,0.4,0.0,0.2596568,0.04928853
