Gaia/vari_eclipsing_binary/VariEclipsingBinary_462209-462224.csv
# %ECSV 1.0
# ---
# delimiter: ','
# meta: !!omap
# - RELEASE: Gaia DR3
# - TABLE: vari_eclipsing_binary
# - DESCRIPTION: >
#     This table describes the properties of the eclipsing binaries resulting from the variability analysis. 
# - CITATION: >
#     How to cite and acknowledge Gaia: 
#     https://gea.esac.esa.int/archive/documentation/credits.html 
# - KNOWN_ISSUES: >
#     Known issues: 
#     https://www.cosmos.esa.int/web/gaia-users/known-issues 
# - DOCUMENTATION: >
#     Tutorials and documentation: 
#     https://www.cosmos.esa.int/web/gaia-users/archive 
# datatype:
# - 
#   name: solution_id
#   datatype: int64
#   description: Solution Identifier
#   meta:
#     ucd: meta.version
# - 
#   name: source_id
#   datatype: int64
#   description: Unique source identifier
#   meta:
#     ucd: meta.id;meta.main
# - 
#   name: global_ranking
#   datatype: float32
#   description: Number between 0 (worst) and 1 (best)
#   meta:
#     ucd: stat.param
# - 
#   name: reference_time
#   datatype: float64
#   unit: d
#   description: Reference time used for the geometric model fit
#   meta:
#     ucd: time.epoch
# - 
#   name: frequency
#   datatype: float64
#   unit: d**-1
#   description: Frequency of geometric model of the eclipsing binary light curve
#   meta:
#     ucd: src.orbital
# - 
#   name: frequency_error
#   datatype: float32
#   unit: d**-1
#   description: "Uncertainty of \\texttt{frequency}"
#   meta:
#     ucd: stat.error
# - 
#   name: geom_model_reference_level
#   datatype: float32
#   unit: mag
#   description: Magnitude reference level of geometric model
#   meta:
#     ucd: phot.mag;em.opt
# - 
#   name: geom_model_reference_level_error
#   datatype: float32
#   unit: mag
#   description: "Uncertainty of \\texttt{geomModelReferenceLevel}"
#   meta:
#     ucd: stat.error;phot.mag;em.opt
# - 
#   name: geom_model_gaussian1_phase
#   datatype: float32
#   description: Phase of the Gaussian 1 component
#   meta:
#     ucd: time.phase
# - 
#   name: geom_model_gaussian1_phase_error
#   datatype: float32
#   description: "Uncertainty of \\texttt{geomModelGaussian1Phase}"
#   meta:
#     ucd: stat.error;time.phase
# - 
#   name: geom_model_gaussian1_sigma
#   datatype: float32
#   description: "Standard deviation [phase] of Gaussian 1 component"
#   meta:
#     ucd: stat.stdev
# - 
#   name: geom_model_gaussian1_sigma_error
#   datatype: float32
#   description: "Uncertainty of \\texttt{geomModelGaussian1Sigma}"
#   meta:
#     ucd: stat.error
# - 
#   name: geom_model_gaussian1_depth
#   datatype: float32
#   unit: mag
#   description: Magnitude depth of Gaussian 1 component
#   meta:
#     ucd: src.var.amplitude
# - 
#   name: geom_model_gaussian1_depth_error
#   datatype: float32
#   unit: mag
#   description: "Uncertainty of \\texttt{geomModelGaussian1Depth}"
#   meta:
#     ucd: stat.error;src.var.amplitude
# - 
#   name: geom_model_gaussian2_phase
#   datatype: float32
#   description: Phase of Gaussian 2 component
#   meta:
#     ucd: time.phase
# - 
#   name: geom_model_gaussian2_phase_error
#   datatype: float32
#   description: "Uncertainty of \\texttt{geomModelGaussian2Phase}"
#   meta:
#     ucd: stat.error;time.phase
# - 
#   name: geom_model_gaussian2_sigma
#   datatype: float32
[...]
#   datatype: float32
#   description: "Secondary eclipse: uncertainty of \\texttt{derivedSecondaryEclDuration}"
#   meta:
#     ucd: stat.error;time.duration
# - 
#   name: derived_secondary_ecl_depth
#   datatype: float32
#   unit: mag
#   description: "Secondary eclipse: depth"
#   meta:
#     ucd: src.var.amplitude
# - 
#   name: derived_secondary_ecl_depth_error
#   datatype: float32
#   unit: mag
#   description: "Secondary eclipse: uncertainty of \\texttt{derivedSecondaryEclDepth}"
#   meta:
#     ucd: stat.error;src.var.amplitude
solution_id,source_id,global_ranking,reference_time,frequency,frequency_error,geom_model_reference_level,geom_model_reference_level_error,geom_model_gaussian1_phase,geom_model_gaussian1_phase_error,geom_model_gaussian1_sigma,geom_model_gaussian1_sigma_error,geom_model_gaussian1_depth,geom_model_gaussian1_depth_error,geom_model_gaussian2_phase,geom_model_gaussian2_phase_error,geom_model_gaussian2_sigma,geom_model_gaussian2_sigma_error,geom_model_gaussian2_depth,geom_model_gaussian2_depth_error,geom_model_cosine_half_period_amplitude,geom_model_cosine_half_period_amplitude_error,geom_model_cosine_half_period_phase,geom_model_cosine_half_period_phase_error,model_type,num_model_parameters,reduced_chi2,derived_primary_ecl_phase,derived_primary_ecl_phase_error,derived_primary_ecl_duration,derived_primary_ecl_duration_error,derived_primary_ecl_depth,derived_primary_ecl_depth_error,derived_secondary_ecl_phase,derived_secondary_ecl_phase_error,derived_secondary_ecl_duration,derived_secondary_ecl_duration_error,derived_secondary_ecl_depth,derived_secondary_ecl_depth_error
[from data line 448]
375316653866487564,4065743727538272128,0.48051116,2231.3814421150123,0.10256134601828362,1.42644585E-5,19.785103,0.008066021,0.20595132,0.011748467,0.052556336,0.014389233,0.27169526,0.03925907,0.63389385,0.014030102,0.06926289,0.010443815,0.26981902,0.05613408,null,null,null,null,"TWOGAUSSIANS",8,1.3637154,0.20595132,0.011748467,0.2943155,0.0805797,0.27168652,0.039268557,0.63389385,0.014030102,0.38787222,0.044907473,0.2698103,0.05614187
375316653866487564,4065743864977060352,0.4606052,2279.2024181435468,3.8519366414541345,4.739787E-5,19.442453,0.46697494,0.22905287,0.048751,0.21675321,0.14939435,0.6991399,0.41597593,0.7480101,0.0062391325,0.055057347,0.016762216,0.9468249,0.34684503,null,null,null,null,"TWOGAUSSIANS",8,4.374782,0.7485701,0.006405987,0.30832115,0.09386841,0.848788,0.27254623,0.22905287,0.048751,0.4,0.018478138,0.50172424,0.18849592
375316653866487564,4065743933696693504,0.4912824,2299.8214300109044,4.811855969417804,2.2976E-5,18.976736,0.012140548,0.3234551,0.001571141,0.013492364,0.0026519452,0.8728324,0.58192873,0.6779051,0.019623872,0.06025807,0.021733874,0.3028499,0.07687729,null,null,null,null,"TWOGAUSSIANS",8,1.5351517,0.3234551,0.001571141,0.07555724,0.014850894,0.8728325,0.58192766,0.6779051,0.019623872,0.33744517,0.07223973,0.3028499,0.076877296
375316653866487564,4065744002419979136,0.5049368,2246.8440471801277,4.556584096160898,9.961591E-6,19.397188,0.009172338,0.29331917,0.0032205493,0.012679033,0.0027710246,0.06544517,0.00936538,0.85154307,0.058678623,0.025485264,0.03002236,0.34637684,0.69837296,null,null,null,null,"TWOGAUSSIANS",8,1.7578785,0.85154307,0.058678623,0.14271748,0.16812523,0.34637684,0.69837296,0.29331917,0.0032205493,0.07100259,0.015517738,0.06544517,0.00936538
375316653866487564,4065744311671122688,0.56795454,2283.463657132771,3.82258882365307,3.0930627E-5,18.202137,0.0077448953,0.25605083,0.005253936,0.07695638,0.006652439,0.32544953,0.012489683,0.7556959,0.0033256726,0.07706653,0.00502247,0.3264692,0.009490415,null,null,null,null,"TWOGAUSSIANS",8,4.502444,0.7556959,0.0033256726,0.4,0.0,0.32313812,0.0089953635,0.25605083,0.005253936,0.4,1.5129782E-4,0.3221184,0.0126266945
375316653866487564,4065744346013835776,0.438149,2244.111992736504,0.6289582254609453,7.988385E-5,19.393143,0.04685515,0.36740074,0.021468319,0.13231432,0.02390106,0.32963106,0.06155917,0.70413285,0.017952787,0.070840694,0.021975571,0.16332799,0.03985735,null,null,null,null,"TWOGAUSSIANS",8,4.275227,0.36741072,0.021357642,0.4,0.0,0.32721195,0.058543816,0.70413285,0.017952787,0.3967079,0.04506694,0.17383881,0.038347945
375316653866487564,4065744449093221760,0.5895958,2268.107326380872,1.0633262699902541,1.38453925E-5,17.178143,0.006776573,0.30145863,0.012520988,0.041675888,0.013698884,0.21028283,0.102254316,0.7987203,6.299442E-4,0.035396736,0.0015761547,1.1311644,0.13492545,0.030086027,0.011437471,0.7987203,6.299442E-4,"TWOGAUSSIANS_WITH_ELLIPSOIDAL_ON_ECLIPSE2",9,10.508352,0.7987203,6.299442E-4,0.19822173,0.008826466,1.1913364,0.13856584,0.3013586,0.012165295,0.23338498,0.07671375,0.27043766,0.10666657
375316653866487564,4065744449109337472,0.5015634,2208.5618550216673,1.212627898217338,3.071557E-5,13.049585,0.004452232,0.7681865,0.0056223106,0.040898126,0.0055973,0.16750477,0.02965331,null,null,null,null,null,null,0.043673627,0.008179252,0.7681865,0.0056223106,"ONEGAUSSIAN_WITH_ELLIPSOIDAL",6,92.136185,0.7681865,0.0056223106,0.2290295,0.03134488,0.25485194,0.028247641,null,null,null,null,null,null
375316653866487564,4065744552172447744,0.49690583,2230.9881133107806,2.6265091589457614,1.0605392E-5,18.632053,0.0052227555,0.25641575,0.0047648,0.07190142,0.00912024,0.26752263,0.029592248,0.75494343,0.0061814943,0.07690102,0.006952975,0.18393117,0.012965341,null,null,null,null,"TWOGAUSSIANS",8,3.2290852,0.25641575,0.0047648,0.4,0.03408989,0.26601997,0.030476471,0.75494343,0.0061814943,0.4,0.0,0.18242851,0.013190112
375316653866487564,4065745406822033408,0.46711797,2307.776189184489,1.216025258150214,1.0650822E-4,19.279732,0.033810508,0.18784581,0.029520191,0.055967577,0.037745103,0.080714256,0.034469828,0.680098,0.019059114,0.026296884,0.053658526,0.39307296,0.26297718,null,null,null,null,"TWOGAUSSIANS",8,2.7408223,0.680098,0.019059114,0.14726254,0.2573759,0.39307296,0.2639381,0.18784581,0.029520191,0.31341845,0.20381692,0.080714256,0.03385792
375316653866487564,4065745514248485760,0.49484566,2402.4665134614984,2.477613030001413,3.7284975E-5,19.831873,0.019917354,0.0931028,0.01993381,0.059343945,0.027973339,0.11466501,0.09426574,0.4015723,0.012474395,0.044856317,0.012274095,0.36809716,0.059104152,null,null,null,null,"TWOGAUSSIANS",8,1.5318656,0.4015723,0.012474395,0.25119537,0.06873493,0.3680973,0.059105273,0.0931028,0.01993381,0.3323261,0.1566507,0.11466501,0.094265744
375316653866487564,4065745582968040192,0.48881504,2329.8338608474887,2.572685005648612,5.468046E-5,19.16202,0.07103495,0.34035805,0.055517133,0.18255188,0.1247086,0.12204843,0.06743332,0.81678784,4.7576992E-4,0.02780817,0.0019227947,0.4134968,0.03251329,null,null,null,null,"TWOGAUSSIANS",8,1.8815345,0.81678784,4.7576992E-4,0.15572576,0.010767651,0.40979862,0.026205635,0.34035805,0.055517133,0.4,0.0,0.11230324,0.025129175
375316653866487564,4065745720407051136,0.47678623,2341.504268598888,1.7742601293377855,3.60557E-5,19.144388,0.077411205,0.2825118,0.0149289025,0.07959488,0.016624324,0.38343686,0.22275059,0.71121836,0.0224483,0.099690124,0.052808844,0.49904075,0.17181236,null,null,null,null,"TWOGAUSSIANS",8,2.5479395,0.71121836,0.0224483,0.4,0.0,0.49353558,0.22199315,0.28254178,0.014369809,0.4,0.008008221,0.3779797,0.2130677
375316653866487564,4065745720407081728,0.48919734,2284.6118876854057,0.6394835601554945,4.7964968E-5,19.77808,0.025535407,0.5107939,0.058306362,0.06322861,0.081215695,0.09882973,0.02374447,0.7892843,0.010086714,0.017372385,0.0075713377,0.28601405,0.089150265,null,null,null,null,"TWOGAUSSIANS",8,1.8030387,0.7892843,0.010086714,0.09728535,0.042399492,0.2860201,0.090251334,0.5107939,0.058306362,0.3540802,0.09525873,0.09882973,0.023806427
375316653866487564,4065746132723863296,0.56206864,2302.3052864895853,4.4936536200316075,1.2665583E-5,19.191975,0.008701754,0.25107294,0.03544583,0.04809249,0.016145809,0.49825656,0.2888959,0.61345834,8.9430006E-4,0.03486348,0.0014872326,1.3645542,0.17214422,null,null,null,null,"TWOGAUSSIANS",8,2.254702,0.61345834,8.9430006E-4,0.19523549,0.008328503,1.3645542,0.17214422,0.25107294,0.03544583,0.26931792,0.09041653,0.49825656,0.2888959
375316653866487564,4065746579400643200,0.46124947,2294.6632935123125,0.05174125932772076,7.220153E-6,19.703424,0.01107024,0.045761876,0.014722637,0.018683935,0.005051465,0.5820601,0.34956205,0.4767648,0.039132692,0.037469737,0.025946502,0.2028026,0.25281346,null,null,null,null,"TWOGAUSSIANS",8,1.9967614,0.045761876,0.014722637,0.10463003,0.028288204,0.5820601,0.34956205,0.4767648,0.039132692,0.20983052,0.1453004,0.2028026,0.25281346
375316653866487564,4065746678125198848,0.50693977,2276.107524263267,2.2713474641507823,3.5444635E-5,18.444147,0.040829655,0.20785046,0.017047158,0.09345274,0.02152444,0.27014062,0.05736247,0.70270735,0.0147839775,0.09391399,0.02867207,0.24252394,0.035598572,null,null,null,null,"TWOGAUSSIANS",8,5.293583,0.20785046,0.017043795,0.4,0.0,0.25662902,0.05097773,0.70270735,0.014792515,0.4,0.0,0.22901233,0.011717447
375316653866487564,4065748361751802240,0.6543475,2265.4572706393474,1.1772687896460963,9.727961E-5,17.833042,0.0049476065,0.34119678,0.0113497935,0.04632263,0.010982967,0.8432594,0.5316986,0.56703717,0.07867001,0.17504159,0.0774389,0.023880314,0.007004567,null,null,null,null,"TWOGAUSSIANS",8,1.832069,0.3413868,0.011327796,0.25940672,0.061504617,0.85284925,0.53738415,0.56703717,0.07867001,0.4,0.0,0.023078352,0.0032542273
375316653866487564,4065748602270014208,0.51187444,2291.5280774449097,2.452286825954832,3.3818324E-5,18.565945,0.078249514,0.33450523,0.0069913114,0.09739805,0.018098792,0.45940718,0.07473114,0.8293888,0.026039459,0.092954196,0.038171396,0.47932923,0.10470539,null,null,null,null,"TWOGAUSSIANS",8,5.8856254,0.8293888,0.026044687,0.4,0.0,0.45159805,0.12074895,0.33450523,0.006964045,0.4,0.0,0.43167475,0.028080208
375316653866487564,4065749087659432192,0.48147744,2320.0718688959964,4.864308639697977,4.2277614E-5,19.506685,0.021058552,0.3663628,0.0133092785,0.15013735,0.015304577,0.39628375,0.029358428,0.7166888,0.024364874,0.055156592,0.023729986,0.18894576,0.32514447,null,null,null,null,"TWOGAUSSIANS",8,5.7679996,0.3663628,0.0133092785,0.4,0.0,0.3916317,0.028237885,0.7166888,0.024364874,0.30887693,0.13288791,0.21037264,0.3225265
375316653866487564,4065749877933543040,0.5137439,2383.5801993385926,2.2489013731662095,7.832077E-5,19.521816,0.16027346,0.27801383,0.013796919,0.17064749,0.07777008,0.26032478,0.15091628,0.7761717,0.005729893,0.08484756,0.011011886,0.5568924,0.11874868,null,null,null,null,"TWOGAUSSIANS",8,1.7232058,0.7761717,0.0057429615,0.4,0.0,0.47817576,0.023185875,0.27801383,0.013796919,0.4,0.0,0.17448744,0.034034107
375316653866487564,4065750118450854272,0.49773505,2365.77258163304,1.0635907497191113,1.5278585E-5,18.751846,0.010820817,0.22177666,0.0062350472,0.06279252,0.008002297,0.2120445,0.024086552,0.66229576,0.029695107,0.073028944,0.01824068,0.08175992,0.02102365,null,null,null,null,"TWOGAUSSIANS",8,1.8550323,0.22177666,0.0062350472,0.3516381,0.04481286,0.21199262,0.024109982,0.66229576,0.029695107,0.4,0.05415278,0.08170803,0.020986296
375316653866487564,4065750462048162560,0.51304513,2257.8089817545992,1.4156306944050998,1.5861595E-5,15.843759,0.01156643,0.23650086,0.0783788,0.03410528,0.029281694,0.46987513,2.6694949,0.7665433,0.0034353049,0.049821563,0.018941844,0.1274253,0.14373566,0.055096287,0.024135958,0.7665433,0.0034353049,"TWOGAUSSIANS_WITH_ELLIPSOIDAL_ON_ECLIPSE2",9,21.941975,0.23712085,0.077979855,0.19098955,0.16397749,0.5762664,2.6612754,0.7665433,0.0034353049,0.27900076,0.10607433,0.23761743,0.15432017
375316653866487564,4065750599502668032,0.4591018,2261.136462968402,0.4530861206183291,2.9805553E-5,19.639492,0.15052584,0.46202812,0.010134909,0.11243107,0.036931876,0.34145463,0.14313842,0.9165185,0.0689837,0.11283926,0.10548519,0.12387818,0.23649299,null,null,null,null,"TWOGAUSSIANS",8,2.8041973,0.46207812,0.009988846,0.4,0.0,0.32016835,0.058125585,0.9165185,0.0689837,0.4,0.25682628,0.10265286,0.22049189
375316653866487564,4065750702566386816,0.5699554,2272.350640132977,2.699267833973346,2.653157E-5,19.247595,0.031793483,0.27938503,0.003799849,0.07017432,0.0058129597,0.5561699,0.027831122,0.78355783,0.013645056,0.07863176,0.011152384,0.6774107,0.06593975,null,null,null,null,"TWOGAUSSIANS",8,3.1910386,0.78355783,0.013645056,0.4,0.002225497,0.673447,0.064229704,0.27938503,0.003799849,0.3929762,0.030993335,0.5522062,0.026538763
375316653866487564,4065750977444591232,0.49399242,2348.1893545137646,1.4461222687004598,5.8749665E-5,18.99839,0.03225538,0.17869896,0.061796535,0.07090218,0.042457018,0.11324128,0.053122066,0.7227802,0.005693928,0.056914937,0.016206067,0.40430826,0.27686098,null,null,null,null,"TWOGAUSSIANS",8,2.16099,0.7227802,0.005693928,0.31872365,0.09075398,0.40426287,0.27698725,0.17869896,0.061796535,0.3970522,0.076598704,0.11319587,0.051416542
375316653866487564,4065751046164169344,0.4801482,2275.879509588924,0.1356920107910733,1.8320581E-5,19.881313,0.020087095,0.42840937,0.004502933,0.0032910523,0.0015244329,0.22522643,0.3279034,0.6576805,0.082931906,0.0630959,0.04138729,0.6392404,0.58197194,null,null,null,null,"TWOGAUSSIANS",8,2.0800364,0.6576805,0.082931906,0.35333705,0.07512759,0.6392404,0.58197355,0.42840937,0.004501097,0.018429894,0.008536824,0.22609441,0.32784066
375316653866487564,4065751183603124992,0.49290588,2354.7104240543513,2.4999063440494815,4.407684E-5,18.124905,0.0056839166,0.20954517,0.010778166,0.10914356,0.01350074,0.121465094,0.010085426,0.9046448,0.008082352,0.056799706,0.013633667,0.09048731,0.06779473,null,null,null,null,"TWOGAUSSIANS",8,1.4654471,0.20954517,0.010778166,0.4,0.0,0.12143239,0.010119528,0.9070048,0.008046829,0.31807834,0.076348536,0.092982374,0.06795003
375316653866487564,4065751351049439616,0.64268404,2275.328649502479,0.9328480032934426,5.8605045E-5,18.279383,0.0064196703,0.1952315,0.0025094182,0.040789165,0.0018282324,1.2331296,0.04773467,0.6915617,0.0015468278,0.044791877,0.001847787,0.34359837,0.011301128,null,null,null,null,"TWOGAUSSIANS",8,5.160484,0.1952315,0.0025094182,0.22841932,0.010238102,1.2331296,0.04773468,0.6915617,0.0015468278,0.25083452,0.010347607,0.3435983,0.011301131
375316653866487564,4065753039029896192,0.46787128,2365.4681672948873,1.678258087330864,7.166576E-5,19.755047,0.024265986,0.20126341,0.018946614,0.077675834,0.024182884,0.21609347,0.050424427,0.56397516,0.013416399,0.099267155,0.011485089,0.77454835,0.081736825,null,null,null,null,"TWOGAUSSIANS",8,4.048353,0.56397516,0.013416399,0.4,0.0,0.77322847,0.08184633,0.20230341,0.019740561,0.4,0.0205302,0.21576539,0.050604012
375316653866487564,4065753932397606144,0.4974982,2260.6936567823236,0.6041502284962059,1.9709859E-4,19.69525,0.016309546,0.37515286,0.046603087,0.080898985,0.07626321,0.06490898,0.058924153,0.7197224,0.039500505,0.10359171,0.014676033,0.44433033,0.054458093,null,null,null,null,"TWOGAUSSIANS",8,2.1190581,0.7197224,0.039500505,0.4,0.0,0.44366902,0.05516716,0.38214287,0.05581575,0.4,0.32376167,0.06619482,0.06323116
375316653866487564,4065754138542084224,0.45610857,2300.369439940947,0.4111754471075727,4.0385847E-5,19.384136,0.14833806,0.3160504,0.010580139,0.055973753,0.010688533,0.8000964,0.14245424,0.6909913,0.025871282,0.15579641,0.056370273,0.4975067,0.16419485,null,null,null,null,"TWOGAUSSIANS",8,13.467227,0.3177304,0.009567547,0.31345302,0.059855785,0.81480944,0.15254658,0.6909913,0.025871282,0.4,0.0,0.48421928,0.1439795
375316653866487564,4065755714743233792,0.49182284,2289.829202703963,1.2483262899060568,3.7946316E-5,18.485132,0.009746017,0.26816234,0.008727404,0.09959032,0.017704539,0.15809241,0.091407396,0.8351241,0.021506572,0.09126343,0.025245283,0.04659979,0.011664741,null,null,null,null,"TWOGAUSSIANS",8,1.1166092,0.26816234,0.008725552,0.4,0.0,0.15600093,0.09276325,0.83522403,0.021508906,0.4,0.0,0.044520143,0.010768501
375316653866487564,4065755989614471552,0.5626609,2215.9924470886604,1.6776447687208345,8.402692E-5,13.928321,0.002866154,0.5321134,0.017182663,0.054431785,0.009968169,0.49073485,0.08347799,null,null,null,null,null,null,null,null,null,null,"ONEGAUSSIAN",5,390.54858,0.5321134,0.017182663,0.304818,0.055821747,0.49073485,0.0,null,null,null,null,null,null
375316653866487564,4065756023980915840,0.47335136,2244.619191811082,3.5694396701266204,4.9144537E-6,19.370625,0.0064253667,0.3563868,4.4097065E-4,0.03213025,9.5487613E-4,1.9063302,0.17781161,0.68624634,1.1487658E-4,0.008090367,6.3230656E-4,0.46254215,0.08401584,null,null,null,null,"TWOGAUSSIANS",8,3.1571233,0.3563868,4.4097065E-4,0.17992939,0.0053473064,1.9063302,0.17781161,0.68624634,1.1487658E-4,0.045306053,0.0035409166,0.46254215,0.08401584
375316653866487564,4065756303219630336,0.5354314,2224.7257408952296,0.3566716506929862,2.8384116E-4,15.771352,0.0010507145,0.4766192,0.014619833,0.058560915,0.0100887865,0.31994858,0.02411829,null,null,null,null,null,null,null,null,null,null,"ONEGAUSSIAN",5,17.115093,0.4766192,0.014619833,0.32794112,0.0564972,0.31994858,0.0,null,null,null,null,null,null
375316653866487564,4065756543721817984,0.48188618,2252.3129892512134,0.6623649602497474,2.3991379E-5,18.61521,0.026748775,0.22810705,0.002105719,0.0764019,0.010519887,0.27663305,0.021209449,0.7100513,0.040328205,0.081162296,0.043692302,0.17682017,0.04762895,null,null,null,null,"TWOGAUSSIANS",8,8.779649,0.22810705,0.0021085625,0.4,0.0,0.27466616,0.014939705,0.7100513,0.040328205,0.4,0.08694931,0.17485328,0.04604427
