Gaia/vari_eclipsing_binary/VariEclipsingBinary_669328-669353.csv
# %ECSV 1.0
# ---
# delimiter: ','
# meta: !!omap
# - RELEASE: Gaia DR3
# - TABLE: vari_eclipsing_binary
# - DESCRIPTION: >
#     This table describes the properties of the eclipsing binaries resulting from the variability analysis. 
# - CITATION: >
#     How to cite and acknowledge Gaia: 
#     https://gea.esac.esa.int/archive/documentation/credits.html 
# - KNOWN_ISSUES: >
#     Known issues: 
#     https://www.cosmos.esa.int/web/gaia-users/known-issues 
# - DOCUMENTATION: >
#     Tutorials and documentation: 
#     https://www.cosmos.esa.int/web/gaia-users/archive 
# datatype:
# - 
#   name: solution_id
#   datatype: int64
#   description: Solution Identifier
#   meta:
#     ucd: meta.version
# - 
#   name: source_id
#   datatype: int64
#   description: Unique source identifier
#   meta:
#     ucd: meta.id;meta.main
# - 
#   name: global_ranking
#   datatype: float32
#   description: Number between 0 (worst) and 1 (best)
#   meta:
#     ucd: stat.param
# - 
#   name: reference_time
#   datatype: float64
#   unit: d
#   description: Reference time used for the geometric model fit
#   meta:
#     ucd: time.epoch
# - 
#   name: frequency
#   datatype: float64
#   unit: d**-1
#   description: Frequency of geometric model of the eclipsing binary light curve
#   meta:
#     ucd: src.orbital
# - 
#   name: frequency_error
#   datatype: float32
#   unit: d**-1
#   description: "Uncertainty of \\texttt{frequency}"
#   meta:
#     ucd: stat.error
# - 
#   name: geom_model_reference_level
#   datatype: float32
#   unit: mag
#   description: Magnitude reference level of geometric model
#   meta:
#     ucd: phot.mag;em.opt
# - 
#   name: geom_model_reference_level_error
#   datatype: float32
#   unit: mag
#   description: "Uncertainty of \\texttt{geomModelReferenceLevel}"
#   meta:
#     ucd: stat.error;phot.mag;em.opt
# - 
#   name: geom_model_gaussian1_phase
#   datatype: float32
#   description: Phase of the Gaussian 1 component
#   meta:
#     ucd: time.phase
# - 
#   name: geom_model_gaussian1_phase_error
#   datatype: float32
#   description: "Uncertainty of \\texttt{geomModelGaussian1Phase}"
#   meta:
#     ucd: stat.error;time.phase
# - 
#   name: geom_model_gaussian1_sigma
#   datatype: float32
#   description: "Standard deviation [phase] of Gaussian 1 component"
#   meta:
#     ucd: stat.stdev
# - 
#   name: geom_model_gaussian1_sigma_error
#   datatype: float32
#   description: "Uncertainty of \\texttt{geomModelGaussian1Sigma}"
#   meta:
#     ucd: stat.error
# - 
#   name: geom_model_gaussian1_depth
#   datatype: float32
#   unit: mag
#   description: Magnitude depth of Gaussian 1 component
#   meta:
#     ucd: src.var.amplitude
# - 
#   name: geom_model_gaussian1_depth_error
#   datatype: float32
#   unit: mag
#   description: "Uncertainty of \\texttt{geomModelGaussian1Depth}"
#   meta:
#     ucd: stat.error;src.var.amplitude
# - 
#   name: geom_model_gaussian2_phase
#   datatype: float32
#   description: Phase of Gaussian 2 component
#   meta:
#     ucd: time.phase
# - 
#   name: geom_model_gaussian2_phase_error
#   datatype: float32
#   description: "Uncertainty of \\texttt{geomModelGaussian2Phase}"
#   meta:
#     ucd: stat.error;time.phase
# - 
#   name: geom_model_gaussian2_sigma
#   datatype: float32
[...]
#   datatype: float32
#   description: "Secondary eclipse: uncertainty of \\texttt{derivedSecondaryEclDuration}"
#   meta:
#     ucd: stat.error;time.duration
# - 
#   name: derived_secondary_ecl_depth
#   datatype: float32
#   unit: mag
#   description: "Secondary eclipse: depth"
#   meta:
#     ucd: src.var.amplitude
# - 
#   name: derived_secondary_ecl_depth_error
#   datatype: float32
#   unit: mag
#   description: "Secondary eclipse: uncertainty of \\texttt{derivedSecondaryEclDepth}"
#   meta:
#     ucd: stat.error;src.var.amplitude
solution_id,source_id,global_ranking,reference_time,frequency,frequency_error,geom_model_reference_level,geom_model_reference_level_error,geom_model_gaussian1_phase,geom_model_gaussian1_phase_error,geom_model_gaussian1_sigma,geom_model_gaussian1_sigma_error,geom_model_gaussian1_depth,geom_model_gaussian1_depth_error,geom_model_gaussian2_phase,geom_model_gaussian2_phase_error,geom_model_gaussian2_sigma,geom_model_gaussian2_sigma_error,geom_model_gaussian2_depth,geom_model_gaussian2_depth_error,geom_model_cosine_half_period_amplitude,geom_model_cosine_half_period_amplitude_error,geom_model_cosine_half_period_phase,geom_model_cosine_half_period_phase_error,model_type,num_model_parameters,reduced_chi2,derived_primary_ecl_phase,derived_primary_ecl_phase_error,derived_primary_ecl_duration,derived_primary_ecl_duration_error,derived_primary_ecl_depth,derived_primary_ecl_depth_error,derived_secondary_ecl_phase,derived_secondary_ecl_phase_error,derived_secondary_ecl_duration,derived_secondary_ecl_duration_error,derived_secondary_ecl_depth,derived_secondary_ecl_depth_error
[from data line 111]
375316653866487564,5887509975021094400,0.5553489,2126.1151409634685,2.872037149750098,1.1454695E-5,19.398726,0.011406994,0.22374643,0.006219774,0.06829796,0.00929026,0.54384786,0.025283376,0.7364121,0.0032597997,0.068880685,0.0031246175,0.5153402,0.01799417,null,null,null,null,"TWOGAUSSIANS",8,1.8683506,0.22374643,0.006219774,0.38246855,0.03251843,0.5428663,0.025759215,0.7364121,0.0032597997,0.38573185,0.017497858,0.5143587,0.017550334
375316653866487564,5887510490417243776,0.5126309,2133.186531979589,1.041054793308371,2.094245E-5,19.267838,0.0070695668,0.19605272,0.012683643,0.068674386,0.013264212,0.15935938,0.02255393,0.68384415,0.002410994,0.05572118,0.0029311236,0.52368593,0.03798516,null,null,null,null,"TWOGAUSSIANS",8,2.2101865,0.68384415,0.002410994,0.3120386,0.016414292,0.5235751,0.038021367,0.19605272,0.012683643,0.38457653,0.070309654,0.15924859,0.022622332
375316653866487564,5887510696617085824,0.56936,2152.6701053416105,1.4297274167410075,1.0830751E-5,16.801594,0.020155556,0.2924864,0.0028579049,0.11032707,0.01057926,0.1545483,0.019065948,0.7940701,0.0031088977,0.12932503,0.017151123,0.10638504,0.019596735,null,null,null,null,"TWOGAUSSIANS",8,1.8291118,0.29247642,0.002886532,0.4,0.0,0.1267733,0.0030628284,0.7940701,0.0031170181,0.4,0.0,0.07849985,0.0031375159
375316653866487564,5887511074574336640,0.4503014,2109.2785885054845,2.9317653096476604,6.437515E-5,19.046865,0.03230959,0.6293757,0.024298262,0.01783272,0.030427808,0.15278721,8.868131,null,null,null,null,null,null,0.16064255,0.042518448,0.6293757,0.024298262,"ONEGAUSSIAN_WITH_ELLIPSOIDAL",6,34.406036,0.6293757,0.024298262,0.09986323,0.17039572,0.4740723,8.891449,null,null,null,null,null,null
375316653866487564,5887511212013436928,0.4940092,2129.4718567216914,2.382422808166669,2.4942834E-5,19.138443,0.018574694,0.2064855,0.007031249,0.08303175,0.012517839,0.30270922,0.03512575,0.7043144,0.014645264,0.08620161,0.017363477,0.30702418,0.068477355,null,null,null,null,"TWOGAUSSIANS",8,3.7062302,0.7043144,0.014645264,0.4,0.0,0.29955748,0.07164964,0.2064855,0.007031249,0.4,0.0,0.29524255,0.037083067
375316653866487564,5887511383771164672,0.5686344,2131.271028020054,2.7078364367807346,1.2531253E-5,18.510752,0.0088153165,0.23832831,0.0033958303,0.07531146,0.004190165,0.38095477,0.010501173,0.7261912,0.0025453672,0.07969706,0.004341583,0.41513819,0.022154856,null,null,null,null,"TWOGAUSSIANS",8,3.9382174,0.7261912,0.0025453672,0.4,0.0,0.41174546,0.02267996,0.23832831,0.0033958303,0.4,0.0,0.37756205,0.009769036
375316653866487564,5887512002296680064,0.5127505,2115.001956469786,3.7148128063877244,1.5834048E-5,19.813028,0.020838818,0.28894526,0.0043639583,0.072513655,0.0064382134,0.39814863,0.030881383,0.79231244,0.00562169,0.08413819,0.013630576,0.37317744,0.07472525,null,null,null,null,"TWOGAUSSIANS",8,2.2432067,0.28894526,0.0043639583,0.4,0.012093928,0.39375883,0.029677238,0.79231244,0.00562169,0.4,0.0,0.36878765,0.07803009
375316653866487564,5887513685872967936,0.5081533,2117.055847330464,2.883232655336779,1.9103847E-5,19.123058,0.008084664,0.14471766,0.003152136,0.036398362,0.010896585,0.06676014,0.044621963,0.64114606,0.03876066,0.02724087,0.03578255,0.1783057,0.5616542,0.12201166,0.016481025,0.14471766,0.003152136,"TWOGAUSSIANS_WITH_ELLIPSOIDAL_ON_ECLIPSE1",9,4.2199035,0.6414161,0.038656924,0.15254888,0.20038228,0.42221496,0.5630103,0.14471766,0.003152136,0.20383084,0.061020877,0.31078315,0.03625392
375316653866487564,5887514441788283648,0.58149,2122.543308461788,2.923165450416197,9.209201E-6,19.456312,0.0070239617,0.29550615,0.0034785713,0.061324976,0.003031068,0.73167026,0.02211051,0.7966346,0.0031207127,0.06602652,0.0030812838,0.6157729,0.029799968,null,null,null,null,"TWOGAUSSIANS",8,1.7287997,0.29550615,0.0034785713,0.34341988,0.016973982,0.7310898,0.022103544,0.7966346,0.0031207127,0.36974853,0.017255189,0.6151925,0.029902887
375316653866487564,5887514957224685568,0.6074835,2144.5896066940554,2.064027624955613,7.1611953E-6,17.005743,0.008634801,0.28794432,0.0030406937,0.057331875,0.009154899,0.077429645,0.03392029,0.7782066,0.003710597,0.049521312,0.008188331,0.0986598,0.015821457,0.082304925,0.009904711,0.28794432,0.0030406937,"TWOGAUSSIANS_WITH_ELLIPSOIDAL_ON_ECLIPSE1",9,4.337782,0.7805866,0.0024336737,0.27731934,0.04585465,0.26279828,0.0112192435,0.28794432,0.0030406937,0.3210585,0.051267434,0.24203354,0.025636412
375316653866487564,5887515094623439360,0.4732691,2138.2737356440625,2.482185992780077,3.237173E-5,18.869667,0.012175718,0.16957092,0.010619476,0.09447995,0.015800865,0.12817019,0.010767744,0.64124423,0.011952269,0.10434676,0.016771603,0.13942611,0.0129805105,null,null,null,null,"TWOGAUSSIANS",8,1.8752402,0.64124423,0.011952269,0.4,0.0,0.13158809,0.009668528,0.16958092,0.010604859,0.4,0.0,0.12033712,0.011379548
375316653866487564,5887515472629411328,0.45087054,2179.9570542500373,0.05429993062584499,9.132303E-5,15.781068,0.023147816,0.2702964,7.485524E-4,0.01080364,0.0016507137,0.6750172,0.10392142,0.6631691,0.021493366,0.03281416,0.016104208,0.29283264,0.073962286,0.03978463,0.026913557,0.2702964,7.485524E-4,"TWOGAUSSIANS_WITH_ELLIPSOIDAL_ON_ECLIPSE1",9,97.394585,0.2702964,7.485524E-4,0.060500383,0.009243997,0.7545862,0.121374555,0.6649591,0.022510543,0.18375929,0.09018356,0.34191227,0.061828665
375316653866487564,5887515678779595904,0.5942879,2153.5944209435893,2.748107973898478,1.0914644E-5,14.52065,0.039191436,0.23972774,0.0021719441,0.06328751,0.01918356,0.12889376,0.07866406,0.7354748,0.010050515,0.06459098,0.020696912,0.13125777,0.077018134,0.10446887,0.0412978,0.23972774,0.0021719441,"TWOGAUSSIANS_WITH_ELLIPSOIDAL_ON_ECLIPSE1",9,84.97138,0.7369348,0.007221343,0.36170948,0.10067582,0.33998773,0.01262139,0.23972774,0.0021719441,0.35441005,0.08585273,0.3377216,0.0097004995
375316653866487564,5887516572093655040,0.47296217,2141.309912254534,1.7596960095193934,2.3720264E-5,18.968777,0.004432674,0.7104758,0.0092446655,0.07022038,0.024089132,0.05706029,0.022455564,null,null,null,null,null,null,0.035499196,0.005576336,0.7104758,0.0092446655,"ONEGAUSSIAN_WITH_ELLIPSOIDAL",6,2.4449599,0.7104758,0.0092446655,0.39323413,0.112053715,0.12795995,0.021638792,null,null,null,null,null,null
375316653866487564,5887518152680860160,0.6067359,2179.688710526648,3.060004598208795,9.4999E-6,14.333955,0.007515229,0.27713642,0.0017248418,0.047991518,0.0030593846,0.31374142,0.020385517,0.78626925,0.0034565246,0.04933449,0.0040671327,0.25264013,0.019146606,0.10093862,0.012365007,0.27713642,0.0017248418,"TWOGAUSSIANS_WITH_ELLIPSOIDAL_ON_ECLIPSE1",9,148.28992,0.27713642,0.0017248418,0.2687525,0.017132554,0.5156168,0.009255966,0.78626925,0.0034565246,0.27627313,0.022775942,0.45385146,0.0110936435
375316653866487564,5887518324479607680,0.604233,2174.5101707663202,1.0436425412349357,5.9262147E-6,17.264357,0.004662836,0.29585817,0.0033816125,0.07914394,0.0039474647,0.38090682,0.016029378,0.7956405,0.0020524033,0.08077262,0.002929454,0.28117847,0.0054322667,null,null,null,null,"TWOGAUSSIANS",8,5.3362837,0.29585817,0.0033816125,0.4,0.0,0.3760092,0.01657704,0.7956405,0.0020524033,0.4,0.0,0.27628082,0.00488117
375316653866487564,5887518358839348864,0.59320796,2181.9685161023026,4.660071357343371,3.8974547E-5,16.725073,0.0012475309,0.13530482,0.0047617042,0.01994014,0.0024728582,0.6475131,0.29020178,0.8024305,0.007692702,0.020727774,0.004584358,0.13319768,0.088067085,null,null,null,null,"TWOGAUSSIANS",8,4.057527,0.13530482,0.0047617042,0.11166479,0.013848006,0.6475131,0.29020178,0.8024305,0.007692702,0.11607553,0.025672404,0.13319768,0.088067085
375316653866487564,5887518526301211392,0.4602407,2136.1635176205127,1.0157874511160945,5.308334E-5,19.22594,0.045511227,0.27003506,0.017624233,0.09699489,0.042905793,0.12054709,0.04919865,0.7611965,0.011303742,0.101782985,0.025519846,0.19872384,0.040272575,null,null,null,null,"TWOGAUSSIANS",8,2.6539948,0.7611965,0.011308015,0.4,0.0,0.1870209,0.018287813,0.27003506,0.017664406,0.4,0.0,0.10884619,0.02856928
375316653866487564,5887518530638096512,0.6267283,2159.9872495395666,1.8221791049818847,6.3794314E-6,17.552197,0.009986555,0.23577069,0.0017201585,0.049218517,0.004548854,0.21383572,0.022476714,0.73810846,0.003302314,0.049657214,0.0051040505,0.19989318,0.020845478,0.107946806,0.012266813,0.23577069,0.0017201585,"TWOGAUSSIANS_WITH_ELLIPSOIDAL_ON_ECLIPSE1",9,4.099655,0.23577069,0.0017201585,0.27562368,0.025473583,0.4297276,0.011733634,0.73810846,0.003302314,0.2780804,0.028582683,0.4157385,0.0071783355
375316653866487564,5887518564958989952,0.50175714,2154.559618625512,4.057846592333465,1.8167446E-5,18.469158,0.007289544,0.266072,0.0038359708,0.051310048,0.011719887,0.0725584,0.028112963,0.7827117,0.025700076,0.02504037,0.0148749715,0.13741231,0.49426556,0.09447651,0.00925429,0.266072,0.0038359708,"TWOGAUSSIANS_WITH_ELLIPSOIDAL_ON_ECLIPSE1",9,8.392158,0.7827117,0.025700076,0.14022607,0.08329984,0.3243069,0.4865686,0.266072,0.0038359708,0.28733626,0.06563137,0.2615109,0.023304665
375316653866487564,5887518942963123456,0.6359216,2158.159349864285,1.1291069389965005,5.866146E-6,17.653812,0.0026122837,0.24727558,0.003145971,0.070876405,0.006118005,0.12008609,0.0039738226,0.7407395,0.001247078,0.05825852,0.0017152642,0.43536767,0.012525495,null,null,null,null,"TWOGAUSSIANS",8,2.9681559,0.7407395,0.001247078,0.3262477,0.009605479,0.43517643,0.012551238,0.24727558,0.003145971,0.39690787,0.028742636,0.11989485,0.00400767
375316653866487564,5887519007334307840,0.5058163,2138.5038995518817,1.7491951237610863,4.135654E-5,18.689793,0.0038934168,0.30436185,0.003403674,0.045730487,0.0033364838,0.20303042,0.017231015,0.81049615,0.0069224243,0.03378435,0.005642612,0.22916126,0.063687585,null,null,null,null,"TWOGAUSSIANS",8,3.192674,0.81049615,0.0069224243,0.18919234,0.031598628,0.22916126,0.063687585,0.30436185,0.003403674,0.25609073,0.018684309,0.20303042,0.017231015
375316653866487564,5887519561391726592,0.5011218,2153.4802283454037,3.6522010816912114,1.4990373E-5,19.795774,0.042933527,0.22093835,0.0061195944,0.09162461,0.013979077,0.4262581,0.05831867,0.7189638,0.0031457772,0.0746678,0.009981222,0.5480955,0.041546334,null,null,null,null,"TWOGAUSSIANS",8,3.8823016,0.7189638,0.0031457772,0.4,0.021407535,0.53815407,0.04179698,0.22093835,0.0061195944,0.4,0.0,0.4163163,0.057587672
375316653866487564,5887519728888592000,0.5844349,2144.0875096134173,1.0944750570794475,2.0303925E-5,18.882029,0.008476523,0.27255142,0.0033514993,0.042840306,0.0031780747,0.8334764,0.09918745,0.76862115,0.013974868,0.03939563,0.009999658,0.07524463,0.022333987,0.04214622,0.011411906,0.27255142,0.0033514993,"TWOGAUSSIANS_WITH_ELLIPSOIDAL_ON_ECLIPSE1",9,3.5169678,0.27255142,0.0033514993,0.2399057,0.017797219,0.9177688,0.10385392,0.7690911,0.013057431,0.22061554,0.055998087,0.15949184,0.009390473
375316653866487564,5887519767549696256,0.48455462,2143.7299624505986,2.6158203487219223,6.552421E-5,19.871258,0.020844068,0.2957831,0.014547808,0.08303651,0.013696385,0.24064153,0.022640673,0.7611669,0.045377053,0.04383021,0.050495204,0.30438915,0.27134326,null,null,null,null,"TWOGAUSSIANS",8,1.9340451,0.7611669,0.045377053,0.24544916,0.24994834,0.30432028,0.27322075,0.2957831,0.014547808,0.4,0.0,0.24057262,0.019344812
375316653866487564,5887519904988741120,0.5350322,2120.537942260957,2.8416747070336155,2.1501868E-5,19.805746,0.012582379,0.22745842,0.0036767658,0.07392122,0.0047864206,0.42190892,0.022365896,0.7361726,0.005207416,0.074327424,0.0064315824,0.40630797,0.029471165,null,null,null,null,"TWOGAUSSIANS",8,1.2204154,0.22745842,0.0036767658,0.4,0.0,0.41961223,0.022237606,0.7361726,0.005207416,0.4,0.0,0.40401128,0.029782735
375316653866487564,5887520313007585408,0.42895374,2173.8025979383833,2.320030838809572,5.7516692E-5,18.691853,0.023744857,0.21402897,0.025838016,0.06908121,0.034659337,0.21471144,0.031532742,0.68776447,0.022186667,0.06788835,0.021152588,0.11029628,0.048570193,null,null,null,null,"TWOGAUSSIANS",8,10.688103,0.21402897,0.025838016,0.38685477,0.039262336,0.21451989,0.035179123,0.68776447,0.022186667,0.38017473,0.07989126,0.11010472,0.046240896
375316653866487564,5887520317352647168,0.67310494,2181.6388516279417,0.7873112701893527,1.1056687E-6,13.981281,0.0012177441,0.35338315,5.956549E-4,0.030321132,4.1590788E-4,0.90452397,0.010120816,0.85226107,0.0038289027,0.030720444,0.002236664,0.05842716,0.0017399285,null,null,null,null,"TWOGAUSSIANS",8,22.124166,0.35338315,5.956549E-4,0.16979834,0.002329084,0.90452397,0.010120816,0.85226107,0.0038289027,0.17203449,0.012525319,0.05842716,0.0017399285
375316653866487564,5887520489104510848,0.52009064,2145.7860448596143,2.2449091363982547,3.5574903E-5,19.337402,0.013975224,0.27518973,0.004992878,0.08493395,0.005943585,0.30618337,0.018531121,0.7946145,0.0066891327,0.09104027,0.009998516,0.2865553,0.022279859,null,null,null,null,"TWOGAUSSIANS",8,2.0204573,0.27518973,0.004992878,0.4,0.0,0.29860052,0.01699396,0.7946145,0.0066891327,0.4,0.0,0.27897218,0.022265024
375316653866487564,5887520935819898240,0.50272334,2147.0506896937254,2.162238196127163,2.2745588E-5,19.80775,0.019437224,0.3092063,0.0075782556,0.076914355,0.015394734,0.38149658,0.03413119,0.79664993,0.0052182414,0.081933595,0.007654814,0.40465987,0.052071143,null,null,null,null,"TWOGAUSSIANS",8,1.807667,0.79664993,0.0052182414,0.4,0.0,0.4003482,0.052155435,0.3092063,0.0075782556,0.4,0.030551244,0.3771849,0.037039876
375316653866487564,5887521073220305152,0.44312453,2146.1007066671464,2.430743800960778,2.3176612E-5,19.250738,0.66560966,0.3326038,0.01683687,0.17833748,0.08458809,0.6274229,0.6323959,0.8173306,0.012612247,0.16616324,0.050320152,0.6605563,0.5845768,null,null,null,null,"TWOGAUSSIANS",8,4.127457,0.8173306,0.012612247,0.4,0.0,0.26625648,0.019546371,0.3367438,0.013132972,0.4,0.0,0.22275998,0.022460688
375316653866487564,5887521245019003136,0.435193,2121.5000524579605,1.7562125403458966,1.1953842E-4,19.333542,0.015121365,0.28116837,0.0152996,0.0896599,0.015760522,0.14909506,0.024067692,0.7718976,0.015296827,0.08700376,0.017744472,0.1102891,0.017847368,null,null,null,null,"TWOGAUSSIANS",8,3.0613513,0.28116837,0.0152996,0.4,0.0,0.1450687,0.02259831,0.7718976,0.015296827,0.4,0.0,0.10626278,0.014462727
375316653866487564,5887522305869383808,0.59588724,2154.2792861656067,2.8263364081726214,9.186887E-6,18.666035,0.010989448,0.24387574,0.0021397227,0.047467705,0.0063306773,0.20138587,0.03881474,0.7480713,0.012553949,0.046832863,0.009983062,0.18653569,0.028155847,0.09434832,0.013820588,0.24387574,0.0021397227,"TWOGAUSSIANS_WITH_ELLIPSOIDAL_ON_ECLIPSE1",9,2.579689,0.24387574,0.0021397227,0.26581913,0.035451792,0.390082,0.0368936,0.7480713,0.012553949,0.26226404,0.055905145,0.37510073,0.011735428
375316653866487564,5887522447656519296,0.5505279,2152.791657021543,3.138304458711079,9.623686E-6,18.833786,0.008706046,0.27662486,0.0032217684,0.08033512,0.0046722917,0.2931053,0.011258646,0.7804813,0.004557475,0.07424846,0.004832178,0.41753885,0.027512377,null,null,null,null,"TWOGAUSSIANS",8,3.0284193,0.7804813,0.004557475,0.4,0.0,0.4141227,0.027788904,0.27662486,0.0032217684,0.4,0.0,0.28968915,0.010677596
375316653866487564,5887522477668083328,0.4712462,2165.64657210308,3.011925080119552,2.1714417E-5,18.933186,0.050382596,0.24376379,0.0058540977,0.102731556,0.016112924,0.23751964,0.049562823,0.74137616,0.012134539,0.11262868,0.030685,0.23454821,0.049941532,null,null,null,null,"TWOGAUSSIANS",8,5.062522,0.24376379,0.0058512143,0.4,0.0,0.20652758,0.014014199,0.74137616,0.012134539,0.4,0.0,0.20353483,0.03275279
