Gaia/vari_eclipsing_binary/VariEclipsingBinary_714344-715497.csv
# %ECSV 1.0
# ---
# delimiter: ','
# meta: !!omap
# - RELEASE: Gaia DR3
# - TABLE: vari_eclipsing_binary
# - DESCRIPTION: >
#     This table describes the properties of the eclipsing binaries resulting from the variability analysis. 
# - CITATION: >
#     How to cite and acknowledge Gaia: 
#     https://gea.esac.esa.int/archive/documentation/credits.html 
# - KNOWN_ISSUES: >
#     Known issues: 
#     https://www.cosmos.esa.int/web/gaia-users/known-issues 
# - DOCUMENTATION: >
#     Tutorials and documentation: 
#     https://www.cosmos.esa.int/web/gaia-users/archive 
# datatype:
# - 
#   name: solution_id
#   datatype: int64
#   description: Solution Identifier
#   meta:
#     ucd: meta.version
# - 
#   name: source_id
#   datatype: int64
#   description: Unique source identifier
#   meta:
#     ucd: meta.id;meta.main
# - 
#   name: global_ranking
#   datatype: float32
#   description: Number between 0 (worst) and 1 (best)
#   meta:
#     ucd: stat.param
# - 
#   name: reference_time
#   datatype: float64
#   unit: d
#   description: Reference time used for the geometric model fit
#   meta:
#     ucd: time.epoch
# - 
#   name: frequency
#   datatype: float64
#   unit: d**-1
#   description: Frequency of geometric model of the eclipsing binary light curve
#   meta:
#     ucd: src.orbital
# - 
#   name: frequency_error
#   datatype: float32
#   unit: d**-1
#   description: "Uncertainty of \\texttt{frequency}"
#   meta:
#     ucd: stat.error
# - 
#   name: geom_model_reference_level
#   datatype: float32
#   unit: mag
#   description: Magnitude reference level of geometric model
#   meta:
#     ucd: phot.mag;em.opt
# - 
#   name: geom_model_reference_level_error
#   datatype: float32
#   unit: mag
#   description: "Uncertainty of \\texttt{geomModelReferenceLevel}"
#   meta:
#     ucd: stat.error;phot.mag;em.opt
# - 
#   name: geom_model_gaussian1_phase
#   datatype: float32
#   description: Phase of the Gaussian 1 component
#   meta:
#     ucd: time.phase
# - 
#   name: geom_model_gaussian1_phase_error
#   datatype: float32
#   description: "Uncertainty of \\texttt{geomModelGaussian1Phase}"
#   meta:
#     ucd: stat.error;time.phase
# - 
#   name: geom_model_gaussian1_sigma
#   datatype: float32
#   description: "Standard deviation [phase] of Gaussian 1 component"
#   meta:
#     ucd: stat.stdev
# - 
#   name: geom_model_gaussian1_sigma_error
#   datatype: float32
#   description: "Uncertainty of \\texttt{geomModelGaussian1Sigma}"
#   meta:
#     ucd: stat.error
# - 
#   name: geom_model_gaussian1_depth
#   datatype: float32
#   unit: mag
#   description: Magnitude depth of Gaussian 1 component
#   meta:
#     ucd: src.var.amplitude
# - 
#   name: geom_model_gaussian1_depth_error
#   datatype: float32
#   unit: mag
#   description: "Uncertainty of \\texttt{geomModelGaussian1Depth}"
#   meta:
#     ucd: stat.error;src.var.amplitude
# - 
#   name: geom_model_gaussian2_phase
#   datatype: float32
#   description: Phase of Gaussian 2 component
#   meta:
#     ucd: time.phase
# - 
#   name: geom_model_gaussian2_phase_error
#   datatype: float32
#   description: "Uncertainty of \\texttt{geomModelGaussian2Phase}"
#   meta:
#     ucd: stat.error;time.phase
# - 
#   name: geom_model_gaussian2_sigma
#   datatype: float32
[...]
#   datatype: float32
#   description: "Secondary eclipse: uncertainty of \\texttt{derivedSecondaryEclDuration}"
#   meta:
#     ucd: stat.error;time.duration
# - 
#   name: derived_secondary_ecl_depth
#   datatype: float32
#   unit: mag
#   description: "Secondary eclipse: depth"
#   meta:
#     ucd: src.var.amplitude
# - 
#   name: derived_secondary_ecl_depth_error
#   datatype: float32
#   unit: mag
#   description: "Secondary eclipse: uncertainty of \\texttt{derivedSecondaryEclDepth}"
#   meta:
#     ucd: stat.error;src.var.amplitude
solution_id,source_id,global_ranking,reference_time,frequency,frequency_error,geom_model_reference_level,geom_model_reference_level_error,geom_model_gaussian1_phase,geom_model_gaussian1_phase_error,geom_model_gaussian1_sigma,geom_model_gaussian1_sigma_error,geom_model_gaussian1_depth,geom_model_gaussian1_depth_error,geom_model_gaussian2_phase,geom_model_gaussian2_phase_error,geom_model_gaussian2_sigma,geom_model_gaussian2_sigma_error,geom_model_gaussian2_depth,geom_model_gaussian2_depth_error,geom_model_cosine_half_period_amplitude,geom_model_cosine_half_period_amplitude_error,geom_model_cosine_half_period_phase,geom_model_cosine_half_period_phase_error,model_type,num_model_parameters,reduced_chi2,derived_primary_ecl_phase,derived_primary_ecl_phase_error,derived_primary_ecl_duration,derived_primary_ecl_duration_error,derived_primary_ecl_depth,derived_primary_ecl_depth_error,derived_secondary_ecl_phase,derived_secondary_ecl_phase_error,derived_secondary_ecl_duration,derived_secondary_ecl_duration_error,derived_secondary_ecl_depth,derived_secondary_ecl_depth_error
[from data line 259]
375316653866487564,6292748243990988544,0.5086185,2350.061726090255,1.5420410618911276,3.6223224E-5,14.874392,0.0063884594,0.37252808,0.004706238,0.05054157,0.004910326,0.4779684,0.059813134,null,null,null,null,null,null,null,null,null,null,"ONEGAUSSIAN",5,560.62555,0.37252808,0.004706238,0.28303277,0.027497826,0.4779684,0.0,null,null,null,null,null,null
375316653866487564,6292779030316698112,0.47968155,2279.1807728174626,0.5824415427849129,4.069434E-5,17.703173,0.0021954062,0.2045598,9.6935965E-4,0.010425936,7.4984075E-4,0.2043821,0.020639576,0.38555208,0.090382576,0.03450675,0.038157936,0.013812994,0.010235756,0.013296442,0.0038678464,0.2045598,9.6935965E-4,"TWOGAUSSIANS_WITH_ELLIPSOIDAL_ON_ECLIPSE1",9,4.095488,0.2045598,9.6935965E-4,0.05838524,0.004199108,0.23097484,0.02114326,0.38555208,0.10660969,0.1932378,0.21368445,0.018506713,0.007374645
375316653866487564,6292854999697502080,0.5295469,2213.0669467868606,3.7518517003160206,1.3339057E-5,18.864738,0.010298216,0.6142117,0.010044962,0.027714742,0.018564867,0.11869621,0.25006923,0.8592272,0.031130064,0.010286884,0.02181736,0.4442034,0.29822004,0.014248624,0.0112225935,0.8592272,0.031130064,"TWOGAUSSIANS_WITH_ELLIPSOIDAL_ON_ECLIPSE2",9,6.910179,0.8592272,0.031130064,0.057606556,0.12217722,0.47270063,0.30303618,0.61428165,0.0100886095,0.15520255,0.10396325,0.118724555,0.25018042
375316653866487564,6292875001360968064,0.557486,2160.1646161260187,3.343514503677057,7.0094075E-6,17.62537,0.011285311,0.22691444,0.00821543,0.029275319,0.0064783758,0.4648543,0.25874284,0.73521876,0.0063439696,0.0322969,0.0051135267,0.33343464,0.02526632,0.08023805,0.016411979,0.73521876,0.0063439696,"TWOGAUSSIANS_WITH_ELLIPSOIDAL_ON_ECLIPSE2",9,19.483839,0.22710443,0.008124416,0.16394179,0.036278903,0.6249035,0.26327127,0.73521876,0.0063439696,0.18086265,0.028635751,0.49391037,0.021099871
375316653866487564,6292883415201966848,0.59340113,2230.429346223545,4.377090273403012,1.2679045E-5,17.877047,0.012202801,0.2761971,0.002927216,0.049118727,0.004893679,0.3539987,0.03771778,0.7574294,0.013349832,0.05027199,0.0124478005,0.23384263,0.038018085,0.094571926,0.018789478,0.2761971,0.002927216,"TWOGAUSSIANS_WITH_ELLIPSOIDAL_ON_ECLIPSE1",9,8.493228,0.2761971,0.002927216,0.2750649,0.027404603,0.54314137,0.021195717,0.76002944,0.012185269,0.28152317,0.069707684,0.4207276,0.042435523
375316653866487564,6292977599539769856,0.48825622,2309.455437487602,2.1164423137761426,2.1858492E-5,17.68195,0.09162381,0.22769727,0.00627678,0.13023058,0.058425583,0.102031834,0.09017365,0.7154768,0.012420554,0.09841401,0.039406862,0.1057239,0.08179792,null,null,null,null,"TWOGAUSSIANS",8,2.4573174,0.7154768,0.012420554,0.4,0.0,0.08922252,0.0061115595,0.22769727,0.0062776515,0.4,0.0,0.085394755,0.0058666505
375316653866487564,6292983646853784320,0.55228764,2268.3924712869825,1.054021956198659,1.9204981E-5,16.096136,0.006612142,0.33255765,0.002545536,0.037984964,0.05366005,0.2223649,0.1719132,0.8297922,0.008080497,0.06973367,0.01297517,0.06439171,0.007220369,null,null,null,null,"TWOGAUSSIANS",8,9.465614,0.33255765,0.002545536,0.21271579,0.18040209,0.22236142,0.17330544,0.8297922,0.008080497,0.39050856,0.05174128,0.06438822,0.006407459
375316653866487564,6292986189474630784,0.45392656,2343.5685376038264,2.643814982256577,2.5255322E-5,18.784252,0.008466849,0.26701137,0.0019452036,0.021952642,0.004382015,0.49982277,0.22482464,0.713803,0.02208405,0.021856459,0.02675366,0.09771077,0.04721133,null,null,null,null,"TWOGAUSSIANS",8,3.5844295,0.26701137,0.0019452036,0.122934796,0.024539284,0.49982277,0.22482464,0.713803,0.02208405,0.12239617,0.14982049,0.09771077,0.04721133
375316653866487564,6293120501691578496,0.5261061,2194.2309539957278,4.10025196908373,2.2414784E-5,17.183455,0.017663442,0.21621826,0.010844497,0.08392492,0.012016884,0.2928302,0.029857162,0.70404077,0.0042100255,0.084980845,0.009204837,0.26265618,0.023396354,null,null,null,null,"TWOGAUSSIANS",8,21.549984,0.21621826,0.010844497,0.4,0.0,0.28724408,0.025425294,0.70404077,0.0042100255,0.4,0.0,0.25707003,0.023137748
375316653866487564,6293124831018660608,0.6070908,2235.8559228651284,2.323997955683601,6.141325E-6,13.013934,0.0032957913,0.30736852,0.009274579,0.0866338,0.008790357,0.10175145,0.008480278,0.808961,0.0018904408,0.062652595,0.001986324,0.17341301,0.004463509,null,null,null,null,"TWOGAUSSIANS",8,21.30362,0.808961,0.0018904408,0.35085452,0.011123415,0.17253196,0.004235182,0.30736852,0.009274579,0.4,0.0,0.100870386,0.008536189
375316653866487564,6293158022525802240,0.5872152,2254.3926568394654,2.6529034961345435,9.128671E-6,13.368957,0.013100075,0.2267578,0.003904212,0.04473015,0.0077800457,0.30469397,0.067093,0.7161147,0.002251709,0.055626616,0.0043331375,0.3540489,0.03567687,0.08958071,0.019207112,0.7161147,0.002251709,"TWOGAUSSIANS_WITH_ELLIPSOIDAL_ON_ECLIPSE2",9,408.94144,0.7161147,0.002251709,0.31150904,0.02426557,0.53319544,0.021627108,0.2258578,0.0037313723,0.25048882,0.043568257,0.48310822,0.085708015
375316653866487564,6293200834759825024,0.5317888,2266.0054427115642,2.9407438752770787,4.170803E-5,12.604363,0.02736984,0.32813913,0.009956914,0.105249554,0.023718573,0.17020586,0.024834534,0.82370865,0.002030453,0.112691455,0.018343668,0.15366517,0.02524466,null,null,null,null,"TWOGAUSSIANS",8,178.78128,0.3281491,0.009966186,0.4,0.0,0.14808209,0.024630038,0.82370865,0.002030453,0.4,0.0,0.13152921,0.0052071004
375316653866487564,6293219384722978944,0.5416484,2244.373264228888,3.0931526938020144,1.7121112E-5,17.097649,0.031859394,0.29751426,0.008045883,0.0914743,0.029052004,0.31732732,0.040066894,0.7989179,0.005223328,0.09017687,0.009308119,0.35271472,0.02922769,null,null,null,null,"TWOGAUSSIANS",8,17.49291,0.7989179,0.005223328,0.4,0.0,0.3378979,0.011108454,0.29751426,0.008045883,0.4,0.0,0.30251044,0.066971965
375316653866487564,6293261136100976896,0.56517273,2218.8140068047605,2.444951257630078,3.7192956E-5,9.957694,0.02621364,0.23409115,0.036469944,0.03995226,0.03162304,0.10825695,0.051044475,0.7427045,0.006404236,0.06718552,0.15242809,0.10990001,0.0847697,0.084893174,0.03452749,0.7427045,0.006404236,"TWOGAUSSIANS_WITH_ELLIPSOIDAL_ON_ECLIPSE2",9,475.0444,0.7427045,0.006404236,0.3762389,0.104424074,0.27957928,0.05940812,0.23551115,0.026412617,0.22373267,0.17708902,0.27752128,0.015983727
375316653866487564,6293289409869930880,0.65280104,2230.41367345628,2.9050505097792754,6.2107197E-6,17.05354,0.017782649,0.25637013,0.00276179,0.04589265,0.017942164,0.3520006,0.06430961,0.7533227,0.0025949692,0.043055713,0.0048650145,0.32707366,0.03983457,0.12513725,0.020424832,0.25637013,0.00276179,"TWOGAUSSIANS_WITH_ELLIPSOIDAL_ON_ECLIPSE1",9,14.358048,0.25637013,0.00276179,0.25699884,0.10047612,0.6022748,0.062998,0.7536327,0.0022370548,0.24111201,0.027244082,0.5772653,0.01569913
375316653866487564,6293319032259058176,0.5899895,2223.3225303093677,3.299046915236498,9.5392525E-6,17.35549,0.02321061,0.2170568,0.0021932244,0.086894885,0.0069122757,0.42807502,0.01891471,0.7234176,0.004875152,0.09351063,0.020782018,0.31908816,0.049093343,null,null,null,null,"TWOGAUSSIANS",8,8.370124,0.2170568,0.0021917757,0.4,0.0,0.4138076,0.011531585,0.7234176,0.004875152,0.4,0.0,0.3048204,0.064783454
375316653866487564,6293323975766972288,0.57601255,2201.0618678093438,3.80774600678023,1.673339E-5,19.530167,0.019199394,0.23786049,0.009148145,0.0638131,0.00740703,0.6238459,0.03325697,0.7312511,0.0036003964,0.06462828,0.0046621026,0.67326856,0.035793524,null,null,null,null,"TWOGAUSSIANS",8,2.9487174,0.7312511,0.0036003964,0.36191836,0.026107775,0.67272586,0.03577132,0.23786049,0.009148145,0.35735336,0.041479368,0.6233032,0.032891713
375316653866487564,6293337101187158912,0.4637803,2259.6075728917485,0.08903027199016533,2.7468604E-5,17.949343,0.02565753,0.21044962,0.012968789,0.044611584,0.02104707,0.3732038,66.22276,0.93350905,0.0020884494,0.019318353,0.003734935,3.4365916,22.823267,0.04452448,0.029078836,0.21044962,0.012968789,"TWOGAUSSIANS_WITH_ELLIPSOIDAL_ON_ECLIPSE1",9,32.14495,0.93350905,0.0020884494,0.10818278,0.020915637,3.4391189,22.823124,0.21044962,0.012968789,0.24982488,0.117863595,0.46225274,66.20951
375316653866487564,6293408573737489280,0.5582749,2279.0462234628253,0.4379303179525424,9.822955E-6,18.501883,0.0031917251,0.5886688,0.031745274,0.032155048,0.0125658745,0.049202166,0.031555533,0.85588837,0.020453755,0.017540477,0.007698426,0.342793,0.45006785,0.0057029678,0.00429104,0.85588837,0.020453755,"TWOGAUSSIANS_WITH_ELLIPSOIDAL_ON_ECLIPSE2",9,1.3693722,0.85588837,0.020453755,0.098226674,0.043111186,0.3541989,0.450686,0.58833885,0.03244674,0.18006827,0.0703689,0.049337678,0.031537756
375316653866487564,6293416953218474624,0.5323744,2229.007071536387,2.67343162616646,2.4026942E-5,18.848679,0.008262154,0.1814484,0.024725974,0.03692061,0.029234018,0.36733913,0.017768273,0.6788283,0.0045838505,0.02633817,0.009641789,0.10956951,0.010806572,null,null,null,null,"TWOGAUSSIANS",8,4.174877,0.1814484,0.024725974,0.20675541,0.1637105,0.36733913,0.017768223,0.6788283,0.0045838505,0.14749375,0.053994015,0.10956951,0.0108065335
375316653866487564,6293505841862179072,0.44790354,2297.049997993217,0.452615008397416,5.3802643E-5,17.94478,0.0048501617,0.3246955,0.02063068,0.0597536,0.049525097,0.011416156,475.26395,0.8269423,0.010730357,0.013929168,0.00628982,0.08329748,0.12696184,0.01758964,0.0065201735,0.3246955,0.02063068,"TWOGAUSSIANS_WITH_ELLIPSOIDAL_ON_ECLIPSE1",9,6.629547,0.8269423,0.010714845,0.07800334,0.035222992,0.11846791,0.12724847,0.3246955,0.02063068,0.33462018,0.26517695,0.04659359,475.2621
375316653866487564,6293521892155096320,0.5339467,2200.627419934507,2.1010775644607422,1.3549845E-5,13.553046,0.17760043,0.20084493,0.012871441,0.13089357,0.049198862,0.13898303,0.14289175,0.70382726,0.004850086,0.15131295,0.09058909,0.12338755,0.17330109,null,null,null,null,"TWOGAUSSIANS",8,16.220583,0.20066492,0.012752343,0.4,0.0,0.08711384,0.005686094,0.70391726,0.0047560306,0.4,0.0,0.07065535,0.0046625324
375316653866487564,6293524572214692352,0.60938936,2160.3542681650006,1.700242811659279,1.3469114E-5,12.6114025,0.012392176,0.3662903,0.005426636,0.09964306,0.009817472,0.23199892,0.010245922,0.87216,0.003652258,0.08915847,0.0079281,0.15080838,0.011945898,null,null,null,null,"TWOGAUSSIANS",8,63.832954,0.3662903,0.005426636,0.4,0.0,0.22158282,0.004728511,0.87216,0.003652258,0.4,0.0,0.14039387,0.007762108
375316653866487564,6293545699158521856,0.55558753,2242.5827618897515,3.066394165441884,9.444439E-6,18.383635,0.011234947,0.27634168,0.0028049194,0.079528034,0.0040756953,0.28755078,0.013929948,0.78277886,0.003749774,0.08178763,0.006472956,0.2772973,0.018544374,null,null,null,null,"TWOGAUSSIANS",8,1.6888708,0.27634168,0.0028049194,0.4,0.0,0.28346252,0.012735283,0.78277886,0.003749774,0.4,0.0,0.273209,0.019150672
375316653866487564,6293586144865087744,0.49585372,2239.752204796761,0.23784585901202002,4.6418587E-5,16.5046,0.0069140065,0.15853915,7.094618E-4,0.005947439,6.459402E-4,0.24012566,0.06092202,0.6244172,0.011624124,0.022988914,0.019081745,0.21369942,54.324154,0.032556634,0.011130727,0.15853915,7.094618E-4,"TWOGAUSSIANS_WITH_ELLIPSOIDAL_ON_ECLIPSE1",9,39.49314,0.15853915,7.094618E-4,0.033305656,0.003617265,0.30523887,0.06416982,0.62483716,0.011961322,0.12873791,0.10685777,0.27590066,54.32989
