Gaia/vari_eclipsing_binary/VariEclipsingBinary_666094-666106.csv
# %ECSV 1.0
# ---
# delimiter: ','
# meta: !!omap
# - RELEASE: Gaia DR3
# - TABLE: vari_eclipsing_binary
# - DESCRIPTION: >
#     This table describes the properties of the eclipsing binaries resulting from the variability analysis. 
# - CITATION: >
#     How to cite and acknowledge Gaia: 
#     https://gea.esac.esa.int/archive/documentation/credits.html 
# - KNOWN_ISSUES: >
#     Known issues: 
#     https://www.cosmos.esa.int/web/gaia-users/known-issues 
# - DOCUMENTATION: >
#     Tutorials and documentation: 
#     https://www.cosmos.esa.int/web/gaia-users/archive 
# datatype:
# - 
#   name: solution_id
#   datatype: int64
#   description: Solution Identifier
#   meta:
#     ucd: meta.version
# - 
#   name: source_id
#   datatype: int64
#   description: Unique source identifier
#   meta:
#     ucd: meta.id;meta.main
# - 
#   name: global_ranking
#   datatype: float32
#   description: Number between 0 (worst) and 1 (best)
#   meta:
#     ucd: stat.param
# - 
#   name: reference_time
#   datatype: float64
#   unit: d
#   description: Reference time used for the geometric model fit
#   meta:
#     ucd: time.epoch
# - 
#   name: frequency
#   datatype: float64
#   unit: d**-1
#   description: Frequency of geometric model of the eclipsing binary light curve
#   meta:
#     ucd: src.orbital
# - 
#   name: frequency_error
#   datatype: float32
#   unit: d**-1
#   description: "Uncertainty of \\texttt{frequency}"
#   meta:
#     ucd: stat.error
# - 
#   name: geom_model_reference_level
#   datatype: float32
#   unit: mag
#   description: Magnitude reference level of geometric model
#   meta:
#     ucd: phot.mag;em.opt
# - 
#   name: geom_model_reference_level_error
#   datatype: float32
#   unit: mag
#   description: "Uncertainty of \\texttt{geomModelReferenceLevel}"
#   meta:
#     ucd: stat.error;phot.mag;em.opt
# - 
#   name: geom_model_gaussian1_phase
#   datatype: float32
#   description: Phase of the Gaussian 1 component
#   meta:
#     ucd: time.phase
# - 
#   name: geom_model_gaussian1_phase_error
#   datatype: float32
#   description: "Uncertainty of \\texttt{geomModelGaussian1Phase}"
#   meta:
#     ucd: stat.error;time.phase
# - 
#   name: geom_model_gaussian1_sigma
#   datatype: float32
#   description: "Standard deviation [phase] of Gaussian 1 component"
#   meta:
#     ucd: stat.stdev
# - 
#   name: geom_model_gaussian1_sigma_error
#   datatype: float32
#   description: "Uncertainty of \\texttt{geomModelGaussian1Sigma}"
#   meta:
#     ucd: stat.error
# - 
#   name: geom_model_gaussian1_depth
#   datatype: float32
#   unit: mag
#   description: Magnitude depth of Gaussian 1 component
#   meta:
#     ucd: src.var.amplitude
# - 
#   name: geom_model_gaussian1_depth_error
#   datatype: float32
#   unit: mag
#   description: "Uncertainty of \\texttt{geomModelGaussian1Depth}"
#   meta:
#     ucd: stat.error;src.var.amplitude
# - 
#   name: geom_model_gaussian2_phase
#   datatype: float32
#   description: Phase of Gaussian 2 component
#   meta:
#     ucd: time.phase
# - 
#   name: geom_model_gaussian2_phase_error
#   datatype: float32
#   description: "Uncertainty of \\texttt{geomModelGaussian2Phase}"
#   meta:
#     ucd: stat.error;time.phase
# - 
#   name: geom_model_gaussian2_sigma
#   datatype: float32
[...]
#   datatype: float32
#   description: "Secondary eclipse: uncertainty of \\texttt{derivedSecondaryEclDuration}"
#   meta:
#     ucd: stat.error;time.duration
# - 
#   name: derived_secondary_ecl_depth
#   datatype: float32
#   unit: mag
#   description: "Secondary eclipse: depth"
#   meta:
#     ucd: src.var.amplitude
# - 
#   name: derived_secondary_ecl_depth_error
#   datatype: float32
#   unit: mag
#   description: "Secondary eclipse: uncertainty of \\texttt{derivedSecondaryEclDepth}"
#   meta:
#     ucd: stat.error;src.var.amplitude
solution_id,source_id,global_ranking,reference_time,frequency,frequency_error,geom_model_reference_level,geom_model_reference_level_error,geom_model_gaussian1_phase,geom_model_gaussian1_phase_error,geom_model_gaussian1_sigma,geom_model_gaussian1_sigma_error,geom_model_gaussian1_depth,geom_model_gaussian1_depth_error,geom_model_gaussian2_phase,geom_model_gaussian2_phase_error,geom_model_gaussian2_sigma,geom_model_gaussian2_sigma_error,geom_model_gaussian2_depth,geom_model_gaussian2_depth_error,geom_model_cosine_half_period_amplitude,geom_model_cosine_half_period_amplitude_error,geom_model_cosine_half_period_phase,geom_model_cosine_half_period_phase_error,model_type,num_model_parameters,reduced_chi2,derived_primary_ecl_phase,derived_primary_ecl_phase_error,derived_primary_ecl_duration,derived_primary_ecl_duration_error,derived_primary_ecl_depth,derived_primary_ecl_depth_error,derived_secondary_ecl_phase,derived_secondary_ecl_phase_error,derived_secondary_ecl_duration,derived_secondary_ecl_duration_error,derived_secondary_ecl_depth,derived_secondary_ecl_depth_error
[from data line 469]
375316653866487564,5859093028321521664,0.5431205,2212.759501799455,2.486887526179135,8.201841E-6,17.869047,0.008467251,0.4243297,0.00217108,0.06511503,0.0024499455,0.70710015,0.04577902,0.7920666,0.09518555,0.014286035,0.0125650205,0.06978792,0.24573396,null,null,null,null,"TWOGAUSSIANS",8,24.66576,0.4243297,0.00217108,0.36464417,0.013719695,0.70710015,0.04577902,0.7920666,0.09518555,0.080001794,0.07036411,0.069788,0.24573387
375316653866487564,5859093062681411584,0.45579782,2205.264533611653,2.357400465989984,2.1396569E-5,19.659184,0.0106436955,0.1955662,0.034535505,0.0406425,0.027481778,0.08088923,0.041724276,0.7654312,0.006554164,0.031505708,0.0056411643,0.13702504,0.03838739,0.074447684,0.016168263,0.7654312,0.006554164,"TWOGAUSSIANS_WITH_ELLIPSOIDAL_ON_ECLIPSE2",9,4.0050235,0.7654312,0.006554164,0.17643197,0.031590518,0.28592035,0.03218863,0.2087262,0.042449087,0.227598,0.15389796,0.20753872,0.033717744
375316653866487564,5859093303199709056,0.5279229,2207.8436115020695,2.2768192679629107,7.765719E-6,19.442326,0.01658834,0.2956614,0.0033257739,0.08117414,0.0054495954,0.39201713,0.017505223,0.79420006,0.003328418,0.07706943,0.0056614056,0.40569517,0.021355914,null,null,null,null,"TWOGAUSSIANS",8,3.0902603,0.79420006,0.003328418,0.4,0.0,0.40043682,0.020581922,0.2956614,0.0033257739,0.4,0.0,0.3867588,0.015517699
375316653866487564,5859093333217117312,0.5421572,2205.950151264891,0.4174292446096916,3.7127495E-5,17.537659,8.349132E-4,0.20450546,0.0022235718,0.013029039,0.001004843,0.22583616,0.018639186,0.44553632,0.013950508,0.042499747,0.01596658,0.013529437,0.009237746,null,null,null,null,"TWOGAUSSIANS",8,1.1928074,0.20450546,0.0022235718,0.07296262,0.0056271213,0.22583616,0.018639185,0.44553632,0.013950508,0.23799857,0.089412846,0.013529437,0.009237746
375316653866487564,5859093887315995264,0.49980828,2238.370791171192,2.465427844310685,1.3708913E-5,19.091265,0.030384267,0.27378365,0.00455989,0.10175024,0.022791902,0.24848771,0.016897501,0.7775039,0.004558206,0.09007016,0.012704621,0.23002864,0.028288355,null,null,null,null,"TWOGAUSSIANS",8,1.9472643,0.27378365,0.00455989,0.4,0.0,0.2332689,0.03000178,0.7775039,0.004557756,0.4,0.0,0.21481262,0.014820773
375316653866487564,5859094024800592000,0.51706105,2218.6880192781928,1.193707390220725,1.929298E-5,17.67998,0.0027733312,0.34013897,0.0053137843,0.04232567,0.0034786107,0.27886534,0.035909384,0.8382926,0.014381655,0.04243792,0.007662365,0.039182533,0.015089393,null,null,null,null,"TWOGAUSSIANS",8,5.1576805,0.34013897,0.0053137843,0.23702376,0.01948022,0.27886534,0.03590939,0.8382926,0.014381655,0.23765235,0.042909246,0.039182525,0.015089393
375316653866487564,5859094093474000256,0.46720564,2214.8049350226242,2.6660566624366213,2.2467673E-5,19.628916,0.032646194,0.22115439,0.014563168,0.095811985,0.017949747,0.322948,0.0394443,0.7412652,0.014769221,0.07927119,0.026157547,0.21157135,0.028104234,null,null,null,null,"TWOGAUSSIANS",8,4.2578545,0.22115439,0.014563168,0.4,0.0,0.31651497,0.032180935,0.7412652,0.0147758275,0.4,0.016916951,0.2051396,0.025903683
375316653866487564,5859094230913270016,0.44937316,2209.330384238468,2.8794025710858913,2.8827959E-5,18.945913,0.17443788,0.30350405,0.0064538647,0.110095024,0.031962007,0.5356929,0.15821482,0.7922905,0.03134835,0.11296781,0.051310316,0.6195634,0.15244338,null,null,null,null,"TWOGAUSSIANS",8,11.064937,0.7922905,0.03134835,0.4,0.0,0.53619623,0.06850287,0.30353403,0.0064243483,0.4,0.0,0.4523619,0.036927935
375316653866487564,5859094776331679744,0.4880832,2222.8930285327174,1.262591774638075,1.5181616E-5,18.609478,0.019211901,0.2564073,0.0076684277,0.10178593,0.015475747,0.1456187,0.01838125,0.73126554,0.0044235713,0.111295715,0.010309156,0.21841207,0.020127337,null,null,null,null,"TWOGAUSSIANS",8,2.8859618,0.73126554,0.0044235713,0.4,0.0,0.2012043,0.011914274,0.25646728,0.007629759,0.4,0.0,0.12843552,0.008114293
375316653866487564,5859094780714843520,0.5297033,2201.8476646809686,1.1667204105563957,8.733345E-6,15.695297,0.013098248,0.24360849,0.0034804111,0.115404874,0.012209019,0.1079643,0.012520413,0.7405192,0.003362155,0.102904096,0.01315628,0.11456301,0.010754433,null,null,null,null,"TWOGAUSSIANS",8,12.1487665,0.7405192,0.003362155,0.4,0.0,0.099015206,0.0056695747,0.24360849,0.0034804111,0.4,0.0,0.09239999,0.0035637766
375316653866487564,5859095738414512384,0.43885493,2177.5998481308925,1.1986813147719664,5.3417E-5,19.030024,0.007006499,0.22713962,0.015299838,0.024556901,0.026476214,0.25758538,0.103359014,0.7469185,0.010219943,0.058007997,0.015179468,0.13057557,0.016751459,null,null,null,null,"TWOGAUSSIANS",8,6.7613,0.22713962,0.015299838,0.13751864,0.14826679,0.25758538,0.10336049,0.7469185,0.010219943,0.32484478,0.08500502,0.13057557,0.016751355
375316653866487564,5859096223781582848,0.4590648,2183.743288495978,2.8210487297662725,2.432352E-5,19.70087,0.011617448,0.20742592,0.018840838,0.05387764,0.01941855,0.2610806,0.04809824,0.7100162,0.011116058,0.07138042,0.012423611,0.2173814,0.03254442,null,null,null,null,"TWOGAUSSIANS",8,3.3144207,0.20742592,0.018840838,0.30171478,0.10530703,0.2609322,0.048824962,0.7100162,0.011116058,0.39973038,0.046051797,0.21723299,0.03258916
375316653866487564,5859096223824996992,0.47985575,2194.4594953504043,2.326357716211392,1.5536467E-5,19.75258,0.02697691,0.2710195,0.0031352965,0.06395679,0.0088942,0.6728312,0.06605162,0.77870244,0.012203009,0.06664229,0.017308686,0.27483758,0.031320527,null,null,null,null,"TWOGAUSSIANS",8,8.50985,0.2710195,0.0031352965,0.35815802,0.049807522,0.67238873,0.06623876,0.77870244,0.012203009,0.37319684,0.096928634,0.2743952,0.03099423
375316653866487564,5859096326860303488,0.55448896,2227.385311751056,1.4100021499169866,8.873118E-6,18.2712,0.006881821,0.29340294,0.0034274952,0.078184664,0.003953422,0.5240102,0.012052418,0.79579616,0.003332947,0.07776244,0.0055540306,0.27914545,0.01576256,null,null,null,null,"TWOGAUSSIANS",8,6.7158747,0.29340294,0.0034274952,0.4,0.0,0.51976323,0.011954084,0.79579616,0.003332947,0.4,0.0,0.27489853,0.016436473
375316653866487564,5859096464299434496,0.5199663,2207.4807730229263,2.8541196741197683,1.2130678E-5,19.228727,0.00917283,0.28667295,0.0029577739,0.070372015,0.0052093174,0.4274404,0.0141793955,0.78795964,0.004538221,0.068238206,0.0069484985,0.32776314,0.012252446,null,null,null,null,"TWOGAUSSIANS",8,2.859543,0.28667295,0.0029577739,0.3940833,0.020214599,0.42635715,0.014277198,0.78795964,0.004538221,0.38213396,0.038911592,0.32667992,0.012430473
375316653866487564,5859096631767538304,0.48742676,2209.291049938018,0.6729636321719354,4.671184E-5,18.788568,0.0019781499,0.45278063,0.0062311683,0.017817622,0.006677931,0.3650338,0.15953496,null,null,null,null,null,null,null,null,null,null,"ONEGAUSSIAN",5,2.0480058,0.45278063,0.0062311683,0.09977869,0.037396412,0.3650338,0.0,null,null,null,null,null,null
375316653866487564,5859096807939954048,0.5887218,2209.5968457663957,2.1271141606479396,7.6287647E-6,16.351078,0.045643087,0.28844386,0.0022777426,0.06902409,0.01355277,0.17990597,0.08335332,0.78056866,0.0026634887,0.060782567,0.017797977,0.2701614,0.07914781,0.05564935,0.042965595,0.28844386,0.0022777426,"TWOGAUSSIANS_WITH_ELLIPSOIDAL_ON_ECLIPSE1",9,16.716537,0.78140867,0.002256691,0.34038237,0.06912386,0.38093475,0.011664575,0.28844386,0.0022777426,0.38653493,0.03029202,0.29092243,0.014118676
375316653866487564,5859096906628573056,0.41233602,2195.80523088099,0.20394854951293778,3.5444926E-5,17.535208,0.02995932,0.29514286,0.018495224,0.04850626,0.052355297,0.056565516,0.0114448415,0.7542314,0.02588712,0.1335265,0.068285905,0.038417373,0.029612696,null,null,null,null,"TWOGAUSSIANS",8,6.816924,0.29524288,0.022197938,0.27163506,0.17409265,0.055780124,0.010241782,0.7542314,0.02588712,0.4,0.0,0.03751723,0.010393202
375316653866487564,5859097048415560576,0.6486809,2205.417293278949,3.1730199240541834,3.6876195E-6,18.129404,0.007899131,0.2619414,0.0011456099,0.046044637,0.0027603684,0.28339192,0.018587094,0.7603852,0.001464141,0.047464687,0.0035237083,0.34577587,0.014958889,0.121465966,0.009785895,0.2619414,0.0011456099,"TWOGAUSSIANS_WITH_ELLIPSOIDAL_ON_ECLIPSE1",9,1.818392,0.7605552,0.0012896141,0.26580223,0.019732766,0.58868676,0.012531927,0.2619414,0.0011456099,0.25784996,0.015458063,0.52632344,0.0092838425
375316653866487564,5859097181526060672,0.5741236,2214.0109433426646,2.3417981105163546,5.1523393E-6,18.06966,0.0072996006,0.20374332,0.0014289204,0.07313946,0.0023361584,0.437379,0.009922477,0.7000966,0.0023385375,0.07303535,0.0027636383,0.4606487,0.012297686,null,null,null,null,"TWOGAUSSIANS",8,4.7025137,0.7000966,0.0023385375,0.4,0.0,0.45827556,0.012155478,0.20374332,0.0014289204,0.4,0.0,0.43500584,0.009765561
375316653866487564,5859097323293934592,0.4506722,2226.3404871759053,1.7885111884731502,5.7470814E-5,19.808884,0.0221167,0.31253907,0.0077011604,0.089248,0.014428438,0.25515565,0.021852454,0.7675114,0.0060122395,0.04570855,0.008380987,0.24832137,0.025308745,null,null,null,null,"TWOGAUSSIANS",8,3.5447342,0.31253907,0.0077011604,0.4,0.0,0.25501826,0.021689238,0.7675114,0.0060122395,0.25596786,0.046933524,0.24818456,0.025183085
375316653866487564,5859097696908255488,0.45219553,2172.341209099296,0.9608842625801741,5.8320053E-5,18.332897,0.004262251,0.22542028,0.008847433,0.05612674,0.0086837765,0.14984693,0.038256373,0.7401276,0.010377655,0.101503864,0.011440426,0.04200921,0.0056310734,null,null,null,null,"TWOGAUSSIANS",8,2.5713637,0.22542028,0.008847433,0.31430975,0.048629146,0.14925775,0.03867932,0.7401276,0.010377655,0.4,0.0,0.04141946,0.0052846014
375316653866487564,5859098079250546432,0.49222264,2221.827407417733,0.6423009559095461,1.006558E-5,14.706711,0.0012215263,0.27404225,0.0011761073,0.031758517,0.0020846426,0.07750783,0.004173196,0.7446411,0.04977205,0.06601124,0.035539135,0.08312792,0.020374836,null,null,null,null,"TWOGAUSSIANS",8,26.38295,0.7446411,0.04977205,0.36966294,0.19901916,0.083127856,0.020374894,0.27404225,0.0011761073,0.1778477,0.011673999,0.077507764,0.004173217
375316653866487564,5859098525886568704,0.4956934,2198.9226510500807,2.518208619996543,1.5927373E-5,19.824726,0.026738973,0.23420201,0.0037909967,0.098542966,0.0077436916,0.41456982,0.026254231,0.7514409,0.0044795475,0.10755396,0.008642876,0.34747204,0.028373027,null,null,null,null,"TWOGAUSSIANS",8,1.5222307,0.23419201,0.0037924307,0.4,0.0,0.38224337,0.017221775,0.7514409,0.0044804635,0.4,0.0,0.3151306,0.018458799
375316653866487564,5859098865158678144,0.5111359,2223.2233687247776,3.2047045124520506,1.3072043E-5,19.617384,0.009131716,0.23080035,0.0029821026,0.08504187,0.0037552319,0.36994037,0.0163977,0.7457552,0.0046148053,0.07828868,0.0068934713,0.38654777,0.018002085,null,null,null,null,"TWOGAUSSIANS",8,1.7409561,0.7457552,0.0046148053,0.4,0.0,0.38130757,0.018391594,0.23080035,0.0029821026,0.4,0.0,0.3647001,0.016224887
375316653866487564,5859099110001158784,0.49500132,2222.27100611084,0.8208360123152392,9.3365525E-5,18.287333,0.0024265267,0.17205623,0.016004216,0.039720587,0.009195762,0.014230157,0.0054120184,0.87590677,0.0015451801,0.0131090395,0.005590175,2.4204578,260.68613,null,null,null,null,"TWOGAUSSIANS",8,1.818493,0.87590677,0.0015451801,0.07341062,0.031304978,2.4204578,260.68613,0.17205623,0.016004216,0.22243528,0.051496267,0.014230157,0.0054120184
375316653866487564,5859099384879372544,0.4868602,2219.546889455166,1.3138583727881914,4.920983E-5,19.486126,0.034636665,0.35349286,0.015815841,0.05539751,0.025580231,0.4780565,0.21563955,0.84590256,0.011834188,0.0423641,0.061540943,0.14902386,0.057506815,null,null,null,null,"TWOGAUSSIANS",8,2.7847512,0.35349286,0.015815841,0.31022605,0.095927104,0.4780557,0.21856591,0.84590256,0.011834188,0.23723897,0.30952653,0.14902307,0.05826932
375316653866487564,5859099419239040000,0.49735203,2210.900601259989,2.6102586941837527,1.1120355E-5,18.927547,0.13567816,0.20440693,0.004282104,0.10831954,0.020774696,0.33772087,0.124738105,0.7123837,0.0075052325,0.1434962,0.039661087,0.31453636,0.13367267,null,null,null,null,"TWOGAUSSIANS",8,3.0114007,0.20418693,0.0040331776,0.4,0.0,0.25564066,0.021922557,0.7123937,0.0074963374,0.4,0.0,0.23099412,0.016091159
375316653866487564,5859100072072903680,0.53117967,2172.865447248116,1.4068109976175245,1.1371908E-5,18.957626,0.003309361,0.38659808,0.005695095,0.021851698,0.004257203,0.40587953,0.043940358,0.90326303,0.0020396775,0.02824008,0.001029478,0.43354577,0.033003118,null,null,null,null,"TWOGAUSSIANS",8,2.3386118,0.90326303,0.0020396775,0.15814446,0.005765077,0.43354577,0.033003118,0.38659808,0.005695095,0.122369505,0.023840338,0.40587953,0.043940358
375316653866487564,5859100209513764096,0.5012537,2211.5087198942906,1.6200064816830202,5.879238E-6,17.822754,0.0035176186,0.097324125,0.11716708,0.033523865,0.08029846,0.014133628,0.014741904,0.34174725,0.027511418,0.01229869,0.0118320435,0.24807264,0.32991362,null,null,null,null,"TWOGAUSSIANS",8,2.980091,0.34174725,0.027511418,0.06887267,0.066259444,0.24807264,0.32985318,0.097324125,0.11716708,0.18773364,0.22207414,0.014133628,0.014741676
375316653866487564,5859100346993309312,0.6183955,2220.4793953084204,0.5697830706686681,1.1457619E-6,15.612914,0.003575845,0.19994503,0.0069540036,0.026853796,0.0032560576,0.05522463,0.011603831,0.69594926,4.0040145E-4,0.027397787,7.770363E-4,0.43415302,0.0087155225,0.0072363215,0.0053541115,0.19994503,0.0069540036,"TWOGAUSSIANS_WITH_ELLIPSOIDAL_ON_ECLIPSE1",9,23.65186,0.69595927,3.996254E-4,0.1534276,0.004351403,0.44861656,0.009233249,0.19994503,0.0069540036,0.15038125,0.018233923,0.069697276,0.0044478364
375316653866487564,5859100450030172160,0.4504303,2199.007962884468,2.3479966143737703,1.7979783E-5,18.708847,0.005656889,0.78074163,0.0058054924,0.036467917,0.0142374765,0.01853619,0.01947906,null,null,null,null,null,null,0.07835125,0.008911013,0.78074163,0.0058054924,"ONEGAUSSIAN_WITH_ELLIPSOIDAL",6,6.3706436,0.78074163,0.0058054924,0.20422034,0.07972987,0.17523842,0.013224972,null,null,null,null,null,null
375316653866487564,5859100690547948416,0.4175956,2229.3197960160887,0.40234387981012254,3.2755164E-5,18.580475,0.00921815,0.22556148,0.01467698,0.04851699,0.009250114,0.15101272,0.02459314,0.44970286,0.005830367,0.013825593,0.012475268,0.17767139,1.5270876,null,null,null,null,"TWOGAUSSIANS",8,9.296303,0.44970286,0.005830367,0.07742332,0.0698615,0.17767489,1.5270846,0.22556148,0.01467698,0.27169514,0.05180064,0.15101272,0.02459314
375316653866487564,5859100724907846912,0.45085034,2209.2011347233824,0.5473081702984365,8.890102E-5,15.848913,0.0011605925,0.2833636,0.011387969,0.024503732,0.016389696,0.056891404,0.04469866,0.78323036,0.048257925,0.044615984,0.021960849,0.05805174,0.04260668,null,null,null,null,"TWOGAUSSIANS",8,10.724569,0.78323036,0.048257925,0.2498495,0.12298076,0.05805174,0.04260668,0.2833636,0.011387969,0.1372209,0.0917823,0.056891404,0.04469866
375316653866487564,5859100724950266496,0.65888524,2200.7425158531237,0.38335150979616617,4.529278E-6,16.57275,0.003058632,0.19633675,0.0033802548,0.031011444,0.0025103898,0.08429019,0.0089504775,0.68640757,8.7777036E-4,0.030141743,0.0011360102,1.0903318,0.028080827,0.018214568,0.004123457,0.19633675,0.0033802548,"TWOGAUSSIANS_WITH_ELLIPSOIDAL_ON_ECLIPSE1",9,15.638487,0.68642753,8.7819895E-4,0.16879377,0.006361657,1.1266197,0.029851759,0.19633675,0.0033802548,0.17366408,0.014058183,0.120719306,0.006600542
375316653866487564,5859100789279284352,0.6417715,2192.3277778540137,0.6861456285038402,2.6026046E-5,14.613847,6.1268907E-4,0.4444734,0.0035211237,0.026128512,0.001775411,0.3245348,0.019256676,0.28199795,0.130721,0.070875354,0.06655611,0.004106064,0.007936474,null,null,null,null,"TWOGAUSSIANS",8,12.071326,0.4444534,0.0035329405,0.14631967,0.009942302,0.32483158,0.019268641,0.28199795,0.24610582,0.39690197,0.34918842,0.004106065,0.44119248
