Gaia/vari_eclipsing_binary/VariEclipsingBinary_681403-681456.csv
# %ECSV 1.0
# ---
# delimiter: ','
# meta: !!omap
# - RELEASE: Gaia DR3
# - TABLE: vari_eclipsing_binary
# - DESCRIPTION: >
#     This table describes the properties of the eclipsing binaries resulting from the variability analysis. 
# - CITATION: >
#     How to cite and acknowledge Gaia: 
#     https://gea.esac.esa.int/archive/documentation/credits.html 
# - KNOWN_ISSUES: >
#     Known issues: 
#     https://www.cosmos.esa.int/web/gaia-users/known-issues 
# - DOCUMENTATION: >
#     Tutorials and documentation: 
#     https://www.cosmos.esa.int/web/gaia-users/archive 
# datatype:
# - 
#   name: solution_id
#   datatype: int64
#   description: Solution Identifier
#   meta:
#     ucd: meta.version
# - 
#   name: source_id
#   datatype: int64
#   description: Unique source identifier
#   meta:
#     ucd: meta.id;meta.main
# - 
#   name: global_ranking
#   datatype: float32
#   description: Number between 0 (worst) and 1 (best)
#   meta:
#     ucd: stat.param
# - 
#   name: reference_time
#   datatype: float64
#   unit: d
#   description: Reference time used for the geometric model fit
#   meta:
#     ucd: time.epoch
# - 
#   name: frequency
#   datatype: float64
#   unit: d**-1
#   description: Frequency of geometric model of the eclipsing binary light curve
#   meta:
#     ucd: src.orbital
# - 
#   name: frequency_error
#   datatype: float32
#   unit: d**-1
#   description: "Uncertainty of \\texttt{frequency}"
#   meta:
#     ucd: stat.error
# - 
#   name: geom_model_reference_level
#   datatype: float32
#   unit: mag
#   description: Magnitude reference level of geometric model
#   meta:
#     ucd: phot.mag;em.opt
# - 
#   name: geom_model_reference_level_error
#   datatype: float32
#   unit: mag
#   description: "Uncertainty of \\texttt{geomModelReferenceLevel}"
#   meta:
#     ucd: stat.error;phot.mag;em.opt
# - 
#   name: geom_model_gaussian1_phase
#   datatype: float32
#   description: Phase of the Gaussian 1 component
#   meta:
#     ucd: time.phase
# - 
#   name: geom_model_gaussian1_phase_error
#   datatype: float32
#   description: "Uncertainty of \\texttt{geomModelGaussian1Phase}"
#   meta:
#     ucd: stat.error;time.phase
# - 
#   name: geom_model_gaussian1_sigma
#   datatype: float32
#   description: "Standard deviation [phase] of Gaussian 1 component"
#   meta:
#     ucd: stat.stdev
# - 
#   name: geom_model_gaussian1_sigma_error
#   datatype: float32
#   description: "Uncertainty of \\texttt{geomModelGaussian1Sigma}"
#   meta:
#     ucd: stat.error
# - 
#   name: geom_model_gaussian1_depth
#   datatype: float32
#   unit: mag
#   description: Magnitude depth of Gaussian 1 component
#   meta:
#     ucd: src.var.amplitude
# - 
#   name: geom_model_gaussian1_depth_error
#   datatype: float32
#   unit: mag
#   description: "Uncertainty of \\texttt{geomModelGaussian1Depth}"
#   meta:
#     ucd: stat.error;src.var.amplitude
# - 
#   name: geom_model_gaussian2_phase
#   datatype: float32
#   description: Phase of Gaussian 2 component
#   meta:
#     ucd: time.phase
# - 
#   name: geom_model_gaussian2_phase_error
#   datatype: float32
#   description: "Uncertainty of \\texttt{geomModelGaussian2Phase}"
#   meta:
#     ucd: stat.error;time.phase
# - 
#   name: geom_model_gaussian2_sigma
#   datatype: float32
[...]
#   datatype: float32
#   description: "Secondary eclipse: uncertainty of \\texttt{derivedSecondaryEclDuration}"
#   meta:
#     ucd: stat.error;time.duration
# - 
#   name: derived_secondary_ecl_depth
#   datatype: float32
#   unit: mag
#   description: "Secondary eclipse: depth"
#   meta:
#     ucd: src.var.amplitude
# - 
#   name: derived_secondary_ecl_depth_error
#   datatype: float32
#   unit: mag
#   description: "Secondary eclipse: uncertainty of \\texttt{derivedSecondaryEclDepth}"
#   meta:
#     ucd: stat.error;src.var.amplitude
solution_id,source_id,global_ranking,reference_time,frequency,frequency_error,geom_model_reference_level,geom_model_reference_level_error,geom_model_gaussian1_phase,geom_model_gaussian1_phase_error,geom_model_gaussian1_sigma,geom_model_gaussian1_sigma_error,geom_model_gaussian1_depth,geom_model_gaussian1_depth_error,geom_model_gaussian2_phase,geom_model_gaussian2_phase_error,geom_model_gaussian2_sigma,geom_model_gaussian2_sigma_error,geom_model_gaussian2_depth,geom_model_gaussian2_depth_error,geom_model_cosine_half_period_amplitude,geom_model_cosine_half_period_amplitude_error,geom_model_cosine_half_period_phase,geom_model_cosine_half_period_phase_error,model_type,num_model_parameters,reduced_chi2,derived_primary_ecl_phase,derived_primary_ecl_phase_error,derived_primary_ecl_duration,derived_primary_ecl_duration_error,derived_primary_ecl_depth,derived_primary_ecl_depth_error,derived_secondary_ecl_phase,derived_secondary_ecl_phase_error,derived_secondary_ecl_duration,derived_secondary_ecl_duration_error,derived_secondary_ecl_depth,derived_secondary_ecl_depth_error
[from data line 222]
375316653866487564,5993896310638259968,0.62551814,2066.888066979929,0.8386035277081393,4.3956043E-6,18.200947,0.0039418805,0.30096498,0.005980156,0.023456894,0.014085019,0.17564961,0.05741438,0.80281645,0.0013465347,0.027244909,0.001207595,1.2452184,0.11108452,0.021953546,0.0071812593,0.30096498,0.005980156,"TWOGAUSSIANS_WITH_ELLIPSOIDAL_ON_ECLIPSE1",9,2.2368624,0.80281645,0.001344997,0.15257148,0.006762532,1.2891195,0.112940624,0.30096498,0.005980156,0.13135861,0.07887611,0.21955669,0.06945758
375316653866487564,5993896452401006208,0.60179794,2029.120927946129,1.8060528863525651,4.526648E-6,16.89511,0.005098281,0.28731787,0.0018430693,0.09111953,0.0026914983,0.2841071,0.006784156,0.7852718,0.0032113667,0.0879123,0.005032254,0.2060415,0.0062260926,null,null,null,null,"TWOGAUSSIANS",8,3.6135223,0.28731787,0.0018430693,0.4,0.0,0.2746067,0.006055335,0.7852718,0.0032113667,0.4,0.0,0.19654126,0.005990634
375316653866487564,5993898028626403712,0.4952156,2054.8933592530257,0.9053711437534882,2.0776926E-5,18.00806,0.0020944255,0.30112746,0.002100558,0.023549587,0.0018810134,0.30202478,0.0580522,0.5587768,0.005861539,0.007820974,0.0053071473,0.120356075,0.067138225,null,null,null,null,"TWOGAUSSIANS",8,2.8588881,0.30112746,0.002100558,0.13187769,0.010533676,0.30202478,0.0580522,0.5587768,0.005861539,0.043797456,0.029720025,0.120356075,0.067138225
375316653866487564,5993899510389285760,0.4965277,2045.3754009179247,1.5578492682722824,1.1022883E-5,19.532658,0.011292903,0.2882517,0.0053415243,0.09061349,0.007670745,0.2075054,0.018271962,0.7969397,0.008565518,0.07289101,0.0117359795,0.27583465,0.01466067,null,null,null,null,"TWOGAUSSIANS",8,1.4486691,0.7969397,0.008565518,0.4,0.0066325436,0.2721427,0.013641921,0.2882517,0.0053415243,0.4,0.0,0.20381333,0.017363854
375316653866487564,5993901224082751872,0.5576076,2029.5429534736816,3.1909778619942486,1.0031751E-5,18.231432,0.0094750505,0.26039323,0.0025356808,0.08838384,0.0054402873,0.33379838,0.016133547,0.7626867,0.004297748,0.0857863,0.0048607495,0.2628463,0.010938308,null,null,null,null,"TWOGAUSSIANS",8,3.1557264,0.26039323,0.0025356808,0.4,0.0,0.3245294,0.017294377,0.7626867,0.004297748,0.4,0.0,0.25357738,0.008161197
375316653866487564,5993902705873628160,0.6762699,2063.283569740137,1.15734044477903,2.779229E-6,15.435505,0.002674992,0.2538122,4.941498E-4,0.046657186,0.0010372109,0.35559666,0.0061228503,0.7467337,0.03919388,0.04083481,0.024701927,0.045012545,0.01609779,0.023229824,0.0032855368,0.2538122,4.941498E-4,"TWOGAUSSIANS_WITH_ELLIPSOIDAL_ON_ECLIPSE1",9,7.9566846,0.2538122,4.941498E-4,0.26128024,0.0058083814,0.40205604,0.0052168616,0.7475837,0.0388546,0.22867495,0.13833079,0.09139105,0.011886056
375316653866487564,5993902843284212352,0.4309003,2038.2881597465766,0.867623244478111,8.945155E-6,19.873335,0.006509579,0.21750818,0.0017460642,0.0155475335,0.0019890768,0.5759665,0.08499857,0.7351391,0.045172457,0.047637884,0.04606374,0.105302125,3.2657937E21,null,null,null,null,"TWOGAUSSIANS",8,2.5200775,0.21750818,0.0017460642,0.08706619,0.011138831,0.5759665,0.08499857,0.7351391,0.045172457,0.26677215,0.25795695,0.105302125,3.2657937E21
375316653866487564,5993903388746511872,0.61480415,2042.9621348866629,3.481952935670405,3.7367374E-6,18.44417,0.0151354205,0.23367897,8.837789E-4,0.05069863,0.0046591875,0.3662429,0.02498665,0.73331964,0.00770502,0.054495763,0.0103993295,0.41813663,0.050382126,0.12150742,0.016896663,0.23367897,8.837789E-4,"TWOGAUSSIANS_WITH_ELLIPSOIDAL_ON_ECLIPSE1",9,3.2682502,0.73335963,0.0072377897,0.3051763,0.05823625,0.66113687,0.056553006,0.23367897,8.837789E-4,0.28391233,0.02609145,0.6092442,0.020110212
375316653866487564,5993904969295910144,0.5132172,2109.076347369084,0.649767120033928,8.439512E-6,18.303743,0.004869671,0.28310877,0.0059124595,0.02481939,0.0045640264,0.17215829,0.05305712,0.7820068,0.072720475,0.020519435,0.039795727,0.023408007,0.0142569635,0.02640299,0.0076818937,0.28310877,0.0059124595,"TWOGAUSSIANS_WITH_ELLIPSOIDAL_ON_ECLIPSE1",9,2.6276724,0.28310877,0.0059124595,0.13898858,0.025558548,0.22496425,0.05504406,0.7820868,0.055679098,0.114908844,0.22285606,0.07621162,0.02863774
375316653866487564,5993907477556838656,0.49877748,2116.876765209926,2.446345998693664,1.4256302E-5,17.92593,0.00768481,0.29895014,0.0051049767,0.046661474,0.01319896,0.20732203,0.020476904,0.8772736,1.8271981E-5,9.3470345E-4,9.898636E-5,0.15887196,0.012150166,0.13274282,0.014430308,0.29895014,0.0051049767,"TWOGAUSSIANS_WITH_ELLIPSOIDAL_ON_ECLIPSE1",9,30.615168,0.29895014,0.0051049767,0.26130426,0.07391418,0.47280747,0.023046758,0.8772736,1.8271981E-5,0.0052343393,5.543236E-4,0.36508697,0.018078515
375316653866487564,5993907584933969152,0.50490594,2112.928436620673,1.4443446264613913,1.0940188E-5,19.280954,0.0023326613,0.76576996,0.0026116178,0.050558247,0.012069522,0.009178044,0.099878795,null,null,null,null,null,null,0.11675385,0.0025801016,0.76576996,0.0026116178,"ONEGAUSSIAN_WITH_ELLIPSOIDAL",6,2.0379233,0.76576996,0.0026116178,0.28312618,0.06758933,0.24268514,0.099044636,null,null,null,null,null,null
375316653866487564,5993909234202285696,0.4918446,2038.609353138409,3.1541790110561596,2.7845106E-5,19.772593,0.055142824,0.20474324,0.006627273,0.10507225,0.021431081,0.28121713,0.04864101,0.69977903,0.014470367,0.08997479,0.024001561,0.31966084,0.06707898,null,null,null,null,"TWOGAUSSIANS",8,1.8043741,0.69977903,0.014504799,0.4,0.0,0.2988596,0.046255123,0.20474324,0.00662525,0.4,0.0,0.260409,0.018000443
375316653866487564,5993909646518371328,0.47710863,2039.6168380060553,2.4684484318803444,2.4869873E-5,19.803627,0.018745719,0.24341352,0.0074621066,0.085650064,0.014647295,0.22941317,0.016634796,0.74088776,0.008908653,0.090484016,0.014063077,0.26692623,0.029259935,null,null,null,null,"TWOGAUSSIANS",8,1.4250344,0.74088776,0.008908653,0.4,0.0,0.25846148,0.030601552,0.24341352,0.0074621066,0.4,0.0,0.22094853,0.01719585
375316653866487564,5993910741731996544,0.53472006,2043.4730721748042,4.042859443688811,8.565887E-6,19.412146,0.01420594,0.23034048,0.0045170034,0.08002476,0.00898639,0.41937587,0.049093086,0.7257279,0.0030838416,0.0824575,0.0035612397,0.5370358,0.013938975,null,null,null,null,"TWOGAUSSIANS",8,2.2990885,0.7257279,0.0030838416,0.4,0.0,0.5293905,0.010587582,0.23034048,0.0045170034,0.4,0.0,0.41173053,0.052636556
375316653866487564,5993911330145571840,0.53364193,2072.029450616567,2.8276790500210716,1.8909377E-5,19.7919,0.015012165,0.29748377,0.0017023209,0.067525886,0.0069371504,0.41343656,0.026512736,0.7858891,0.021825476,0.07195323,0.01690807,0.35467532,0.07161231,null,null,null,null,"TWOGAUSSIANS",8,1.6930513,0.29748377,0.0017023209,0.37814498,0.03324712,0.4125216,0.02676277,0.7858891,0.021825476,0.4,0.08613303,0.35376036,0.07213881
375316653866487564,5993915552095450240,0.44220352,2188.0707779648747,2.6970189722891966,4.0226783E-5,17.75194,0.019208517,0.31458336,0.029705036,0.10317316,0.06550772,0.053202257,0.0669465,0.787288,0.006763232,0.059389275,0.011390176,0.11698203,0.019266017,null,null,null,null,"TWOGAUSSIANS",8,8.585405,0.787288,0.006763232,0.33257994,0.06378499,0.11628819,0.015336775,0.31458336,0.029705036,0.4,0.06629594,0.052506834,0.0669439
375316653866487564,5993917274403480320,0.6378733,2074.4157041811104,2.0905838146403117,3.464476E-6,16.87435,0.012568272,0.24847664,0.0020772542,0.061845664,0.0073132715,0.18335488,0.024374906,0.75018656,0.0034303558,0.057462003,0.0074375803,0.18312809,0.02420394,0.09166353,0.014427331,0.24847664,0.0020772542,"TWOGAUSSIANS_WITH_ELLIPSOIDAL_ON_ECLIPSE1",9,4.3544197,0.24847664,0.0020772542,0.3463357,0.04095432,0.36661765,0.008723805,0.75018656,0.0034303558,0.3217872,0.04165045,0.3663697,0.009664351
375316653866487564,5993917613679734144,0.49639642,2072.353551984128,1.2097053149195511,4.889327E-5,18.292017,0.008327575,0.23871854,0.0037579525,0.041597992,0.0075012473,0.2619167,0.06277851,0.7310675,0.022744192,0.041255496,0.022083372,0.057768933,0.03778493,null,null,null,null,"TWOGAUSSIANS",8,6.510796,0.23871854,0.0037579525,0.23294875,0.042006984,0.2619167,0.06277852,0.7310675,0.022744192,0.23103078,0.12366688,0.057768933,0.03778493
375316653866487564,5993922252244368000,0.5588129,2043.1990055046706,0.09080714105943821,8.092205E-5,19.143915,0.027909076,0.22805814,0.011414802,0.054973416,0.0076714447,0.60761726,0.039789837,0.64216757,0.036367487,0.1620177,0.13992387,0.03277588,0.02213494,null,null,null,null,"TWOGAUSSIANS",8,1.6468874,0.22814815,0.0111635355,0.30785114,0.04296009,0.60626376,0.039452646,0.64216757,0.036367487,0.4,0.07057002,0.030123923,0.012911079
375316653866487564,5993922668882229632,0.4849943,2059.6850549534224,3.391525288342301,2.8430113E-5,17.064276,0.03420565,0.26227862,0.010475339,0.116909824,0.02572489,0.17669828,0.032651935,0.7390407,0.007944497,0.0992687,0.015513133,0.21393219,0.03291943,null,null,null,null,"TWOGAUSSIANS",8,32.191517,0.7390407,0.007944497,0.4,0.0,0.19349785,0.013015899,0.2622886,0.010469202,0.4,0.0,0.15621509,0.014887466
375316653866487564,5993922840658094464,0.4567785,2036.7067986074626,3.3337893304086688,6.20741E-5,19.426458,0.6876962,0.28588694,0.0114943,0.15335804,0.12765403,0.3696982,0.66918784,0.77904654,0.0115674585,0.13165413,0.0867069,0.37952363,0.58782715,null,null,null,null,"TWOGAUSSIANS",8,4.469071,0.77904654,0.0115674585,0.4,0.0,0.22994545,0.021663131,0.28607696,0.011050759,0.4,0.0,0.21701957,0.0326354
375316653866487564,5993924073311371776,0.4915651,2051.2405008962855,2.979029068219597,3.8022215E-5,17.858965,0.55775285,0.2597706,0.0057686768,0.2929291,0.17451392,0.6279669,0.547147,0.7489897,0.0057029133,0.11900761,0.017723108,0.34930825,0.17896123,null,null,null,null,"TWOGAUSSIANS",8,4.059586,0.7489897,0.0057029133,0.4,0.0,0.16190651,0.01722023,0.2599706,0.0056357845,0.4,0.0,0.1513714,0.010031466
375316653866487564,5993924386869165184,0.50990975,2057.597971295061,3.0877873804037352,2.2855684E-5,13.560326,0.0018677168,0.23725258,0.020614391,0.044293474,0.023202892,0.017585691,0.007740658,0.7054808,0.0035172594,0.05327586,0.012650744,0.021665571,0.005727931,0.023953265,0.002888702,0.7054808,0.0035172594,"TWOGAUSSIANS_WITH_ELLIPSOIDAL_ON_ECLIPSE2",9,39.13233,0.7054808,0.0035172594,0.29834482,0.070844166,0.069571644,0.004019297,0.22776258,0.011998842,0.24804346,0.1299362,0.06415988,0.009323709
375316653866487564,5993926482790559488,0.4866864,2057.6249196181698,2.8985426217579855,1.5732348E-5,19.59872,0.040212836,0.2803314,0.0074040242,0.0952336,0.013452569,0.4064035,0.042177495,0.77623034,0.0037490071,0.1009873,0.017921964,0.37611026,0.035880238,null,null,null,null,"TWOGAUSSIANS",8,2.911343,0.2803314,0.0074040242,0.4,0.0,0.3776229,0.02952137,0.77623034,0.0037490071,0.4,0.0,0.34732684,0.04773738
375316653866487564,5993927135625741952,0.5129105,2084.4874762034838,3.2352579112642195,1.49666885E-5,19.687946,0.02103031,0.266205,0.0032534632,0.09399782,0.008351517,0.35652822,0.02167279,0.7680333,0.010925977,0.07568025,0.013028791,0.4590229,0.030322822,null,null,null,null,"TWOGAUSSIANS",8,2.7416167,0.7680333,0.010925977,0.4,0.020750035,0.44905466,0.027924389,0.266205,0.0032534632,0.4,0.0,0.34655944,0.020991389
375316653866487564,5993927238704887168,0.4730352,2060.9918276116978,2.5814438479933886,2.1349295E-5,19.655554,0.023485947,0.25284052,0.004493995,0.09139666,0.011285508,0.34958,0.019160308,0.76078707,0.010506026,0.09036723,0.012057063,0.20821567,0.033889633,null,null,null,null,"TWOGAUSSIANS",8,3.2839222,0.25284052,0.004493995,0.4,0.0,0.33874467,0.01846986,0.76078707,0.010506026,0.4,0.0,0.19738048,0.029925777
375316653866487564,5993927376143877760,0.49230656,2053.1326229482656,2.049373975311088,1.2304453E-5,19.616951,0.0121060535,0.18051215,0.0132151935,0.075849876,0.017160982,0.13409944,0.01587603,0.68902403,0.0044482956,0.06740592,0.0057302765,0.33360675,0.024248747,null,null,null,null,"TWOGAUSSIANS",8,2.0097623,0.68902403,0.0044482956,0.37747315,0.032089546,0.3328604,0.024133995,0.18051215,0.0132151935,0.4,0.019011894,0.13335311,0.015644362
375316653866487564,5993927822820522880,0.5231057,2036.5295503416637,0.6395076514252103,1.0313444E-5,19.6782,0.006229738,0.1330435,0.015584889,0.027740754,0.015051958,0.36269957,0.9100332,0.63211954,0.001545253,0.020089587,0.0010236857,0.5721044,0.013295964,null,null,null,null,"TWOGAUSSIANS",8,1.8787745,0.63211954,0.001545253,0.11250169,0.0057326397,0.5721044,0.013295964,0.1330435,0.015584889,0.15534823,0.08429097,0.36269957,0.9100332
375316653866487564,5993928441295709952,0.54617655,2059.718996976315,3.217125355160743,8.016557E-6,18.28984,0.012449875,0.25416827,0.0040498762,0.086037755,0.007925233,0.30185696,0.024582978,0.7537738,0.003697919,0.08869187,0.007664948,0.2604677,0.011085724,null,null,null,null,"TWOGAUSSIANS",8,3.7242017,0.25416827,0.0040498762,0.4,0.0,0.29258603,0.026457299,0.7537738,0.003697919,0.4,0.0,0.2511967,0.008286867
375316653866487564,5993928922332793600,0.5256162,2101.587268533048,2.2034909591519534,1.2557808E-5,19.922174,0.0101391245,0.16583207,0.0030756567,0.03925035,0.0022442678,0.6381701,0.04234499,0.49060565,0.005000208,0.039141763,0.0040195966,0.58581495,0.042245165,null,null,null,null,"TWOGAUSSIANS",8,3.0158155,0.16583207,0.0030756567,0.21980196,0.0125679,0.6381701,0.04234499,0.49060565,0.005000208,0.21919388,0.022509743,0.58581495,0.042245165
375316653866487564,5993929089833261952,0.4903824,2065.9079544256124,3.160733071961545,1.8701212E-5,18.286486,0.0106446855,0.21289194,0.011630658,0.07334112,0.01689003,0.13148221,0.01037628,0.7144563,0.01635404,0.09240975,0.017404214,0.0973426,0.014093617,null,null,null,null,"TWOGAUSSIANS",8,3.6559541,0.21289194,0.011630658,0.4,0.01614236,0.12922254,0.0079584345,0.7144563,0.01635404,0.4,0.0,0.09508284,0.011818698
375316653866487564,5993929300289348096,0.5102103,2047.7161874544272,2.1135368167720903,3.8054935E-5,18.610662,0.036405683,0.3654559,0.0027238147,0.02623567,0.0023160155,0.8294253,0.29278156,0.48386934,0.035053454,0.16393143,0.09100281,0.055319857,0.035305396,null,null,null,null,"TWOGAUSSIANS",8,5.3297744,0.36561587,0.0027499886,0.14691976,0.012969688,0.8710003,0.29224837,0.48386934,0.035053454,0.4,0.0,0.05429474,0.015825164
375316653866487564,5993929643887382272,0.5235293,2079.1633078107634,3.208607652149944,9.593459E-6,19.25418,0.018040087,0.15051417,0.0037210013,0.07994867,0.008168388,0.29969987,0.025403231,0.6535299,0.0038510412,0.08117843,0.0065238946,0.39705998,0.017516274,null,null,null,null,"TWOGAUSSIANS",8,2.3289196,0.6535299,0.0038510412,0.4,0.0,0.39178154,0.014783367,0.15051417,0.0037210013,0.4,0.0,0.29442146,0.025562786
375316653866487564,5993929884430567552,0.50410175,2058.0051099348343,3.84310257585859,2.4048224E-5,19.160765,0.010656395,0.34716955,0.030642942,0.069085926,0.031173777,0.06375367,0.01772898,0.58798593,0.009636599,0.03230057,0.004479721,0.72807425,0.24061617,null,null,null,null,"TWOGAUSSIANS",8,2.3074744,0.58798593,0.009636599,0.1808832,0.02508644,0.7282208,0.24062917,0.34716955,0.030642942,0.38688117,0.16569422,0.06375367,0.01772898
375316653866487564,5993930124923131776,0.5550161,2029.0845336089358,3.022627622668393,1.7412602E-5,18.618193,0.013284215,0.24188538,0.0034748644,0.090589546,0.006694821,0.2754469,0.013189824,0.74135286,0.009282158,0.081494495,0.011192231,0.32013857,0.017829977,null,null,null,null,"TWOGAUSSIANS",8,2.286321,0.74135286,0.009282158,0.4,0.0,0.31155232,0.014335193,0.24188538,0.0034748644,0.4,0.0,0.2668605,0.010308093
