Gaia/vari_eclipsing_binary/VariEclipsingBinary_463590-463602.csv
# %ECSV 1.0
# ---
# delimiter: ','
# meta: !!omap
# - RELEASE: Gaia DR3
# - TABLE: vari_eclipsing_binary
# - DESCRIPTION: >
#     This table describes the properties of the eclipsing binaries resulting from the variability analysis. 
# - CITATION: >
#     How to cite and acknowledge Gaia: 
#     https://gea.esac.esa.int/archive/documentation/credits.html 
# - KNOWN_ISSUES: >
#     Known issues: 
#     https://www.cosmos.esa.int/web/gaia-users/known-issues 
# - DOCUMENTATION: >
#     Tutorials and documentation: 
#     https://www.cosmos.esa.int/web/gaia-users/archive 
# datatype:
# - 
#   name: solution_id
#   datatype: int64
#   description: Solution Identifier
#   meta:
#     ucd: meta.version
# - 
#   name: source_id
#   datatype: int64
#   description: Unique source identifier
#   meta:
#     ucd: meta.id;meta.main
# - 
#   name: global_ranking
#   datatype: float32
#   description: Number between 0 (worst) and 1 (best)
#   meta:
#     ucd: stat.param
# - 
#   name: reference_time
#   datatype: float64
#   unit: d
#   description: Reference time used for the geometric model fit
#   meta:
#     ucd: time.epoch
# - 
#   name: frequency
#   datatype: float64
#   unit: d**-1
#   description: Frequency of geometric model of the eclipsing binary light curve
#   meta:
#     ucd: src.orbital
# - 
#   name: frequency_error
#   datatype: float32
#   unit: d**-1
#   description: "Uncertainty of \\texttt{frequency}"
#   meta:
#     ucd: stat.error
# - 
#   name: geom_model_reference_level
#   datatype: float32
#   unit: mag
#   description: Magnitude reference level of geometric model
#   meta:
#     ucd: phot.mag;em.opt
# - 
#   name: geom_model_reference_level_error
#   datatype: float32
#   unit: mag
#   description: "Uncertainty of \\texttt{geomModelReferenceLevel}"
#   meta:
#     ucd: stat.error;phot.mag;em.opt
# - 
#   name: geom_model_gaussian1_phase
#   datatype: float32
#   description: Phase of the Gaussian 1 component
#   meta:
#     ucd: time.phase
# - 
#   name: geom_model_gaussian1_phase_error
#   datatype: float32
#   description: "Uncertainty of \\texttt{geomModelGaussian1Phase}"
#   meta:
#     ucd: stat.error;time.phase
# - 
#   name: geom_model_gaussian1_sigma
#   datatype: float32
#   description: "Standard deviation [phase] of Gaussian 1 component"
#   meta:
#     ucd: stat.stdev
# - 
#   name: geom_model_gaussian1_sigma_error
#   datatype: float32
#   description: "Uncertainty of \\texttt{geomModelGaussian1Sigma}"
#   meta:
#     ucd: stat.error
# - 
#   name: geom_model_gaussian1_depth
#   datatype: float32
#   unit: mag
#   description: Magnitude depth of Gaussian 1 component
#   meta:
#     ucd: src.var.amplitude
# - 
#   name: geom_model_gaussian1_depth_error
#   datatype: float32
#   unit: mag
#   description: "Uncertainty of \\texttt{geomModelGaussian1Depth}"
#   meta:
#     ucd: stat.error;src.var.amplitude
# - 
#   name: geom_model_gaussian2_phase
#   datatype: float32
#   description: Phase of Gaussian 2 component
#   meta:
#     ucd: time.phase
# - 
#   name: geom_model_gaussian2_phase_error
#   datatype: float32
#   description: "Uncertainty of \\texttt{geomModelGaussian2Phase}"
#   meta:
#     ucd: stat.error;time.phase
# - 
#   name: geom_model_gaussian2_sigma
#   datatype: float32
[...]
#   datatype: float32
#   description: "Secondary eclipse: uncertainty of \\texttt{derivedSecondaryEclDuration}"
#   meta:
#     ucd: stat.error;time.duration
# - 
#   name: derived_secondary_ecl_depth
#   datatype: float32
#   unit: mag
#   description: "Secondary eclipse: depth"
#   meta:
#     ucd: src.var.amplitude
# - 
#   name: derived_secondary_ecl_depth_error
#   datatype: float32
#   unit: mag
#   description: "Secondary eclipse: uncertainty of \\texttt{derivedSecondaryEclDepth}"
#   meta:
#     ucd: stat.error;src.var.amplitude
solution_id,source_id,global_ranking,reference_time,frequency,frequency_error,geom_model_reference_level,geom_model_reference_level_error,geom_model_gaussian1_phase,geom_model_gaussian1_phase_error,geom_model_gaussian1_sigma,geom_model_gaussian1_sigma_error,geom_model_gaussian1_depth,geom_model_gaussian1_depth_error,geom_model_gaussian2_phase,geom_model_gaussian2_phase_error,geom_model_gaussian2_sigma,geom_model_gaussian2_sigma_error,geom_model_gaussian2_depth,geom_model_gaussian2_depth_error,geom_model_cosine_half_period_amplitude,geom_model_cosine_half_period_amplitude_error,geom_model_cosine_half_period_phase,geom_model_cosine_half_period_phase_error,model_type,num_model_parameters,reduced_chi2,derived_primary_ecl_phase,derived_primary_ecl_phase_error,derived_primary_ecl_duration,derived_primary_ecl_duration_error,derived_primary_ecl_depth,derived_primary_ecl_depth_error,derived_secondary_ecl_phase,derived_secondary_ecl_phase_error,derived_secondary_ecl_duration,derived_secondary_ecl_duration_error,derived_secondary_ecl_depth,derived_secondary_ecl_depth_error
[from data line 39]
375316653866487564,4077785338327091328,0.55231804,2237.656847549652,2.455392502973541,7.015458E-5,19.122087,0.015524197,0.23888066,0.0060191453,0.07115009,0.008076082,0.3656534,0.046101548,0.7359245,0.003724697,0.07228799,0.0059513617,0.39951676,0.025843123,null,null,null,null,"TWOGAUSSIANS",8,3.7010071,0.7359245,0.003724697,0.4,0.014069235,0.39788136,0.025812216,0.23888066,0.0060191453,0.39844048,0.033393107,0.364018,0.046613704
375316653866487564,4077785402806352640,0.5170119,2330.641018626978,2.5891812956722777,5.0680617E-5,19.651255,0.07074917,0.21479425,0.007996484,0.077536345,0.015008562,0.34947455,0.06874279,0.722732,0.028039798,0.08275339,0.052147783,0.37394026,0.044802215,null,null,null,null,"TWOGAUSSIANS",8,3.3834045,0.722732,0.028039798,0.4,0.0,0.36916664,0.06731999,0.21479425,0.007917211,0.4,0.010668459,0.34470093,0.04049982
375316653866487564,4077785849483151744,0.53665835,2218.82382772203,2.9789449661588554,7.103333E-5,19.480074,0.025337087,0.27435303,0.0056182477,0.065290324,0.021044277,0.70140815,0.33439925,0.7623873,0.066707976,0.076002575,0.07984589,0.5203666,180020.9,null,null,null,null,"TWOGAUSSIANS",8,3.748844,0.27435303,0.0056182477,0.3656258,0.062480763,0.6997328,0.33958325,0.7623873,0.066707976,0.4,0.41122642,0.51869124,180020.9
375316653866487564,4077785849484615296,0.5439621,2225.130369903841,0.40472502674867966,4.3659482E-5,19.540598,0.009452157,0.48660162,0.018026244,0.09563169,0.030822856,0.29722917,0.049195696,0.7130175,0.020123076,0.07119605,0.015138817,0.26552576,0.02851397,null,null,null,null,"TWOGAUSSIANS",8,1.4680132,0.4891816,0.017105639,0.4,0.031218784,0.2990046,0.05212901,0.7130175,0.020123076,0.39869788,0.042217217,0.28353912,0.011504289
375316653866487564,4077785883844325632,0.41868603,2218.55707330927,4.730091700068576,8.458873E-5,18.631357,0.10117642,0.3690957,0.051213697,0.034361534,0.063055135,0.5189322,0.18821312,0.78453183,0.052504186,0.111662544,0.040657472,0.37134743,0.13204609,null,null,null,null,"TWOGAUSSIANS",8,7.639657,0.36912572,0.05080003,0.19242458,0.2237786,0.5190716,0.22413439,0.78453183,0.052504186,0.4,0.0,0.37111965,0.11210178
375316653866487564,4077785952563799040,0.48134232,2230.160276999889,2.8924090388487795,7.8933714E-5,18.774965,0.019810105,0.24027523,0.0060635996,0.10264543,0.01435482,0.1741482,0.019010834,0.7174243,0.022517499,0.08998043,0.029205645,0.21870616,0.1314828,null,null,null,null,"TWOGAUSSIANS",8,3.5076463,0.7174243,0.022517499,0.4,0.04920675,0.2090211,0.13677792,0.24027523,0.0060646287,0.4,0.0,0.16445938,0.010850272
375316653866487564,4077786193081788672,0.47680157,2215.0811518984824,0.8181251204852096,1.1108481E-4,19.249205,0.005767646,0.6117449,0.05573197,0.057498828,0.03052667,0.15311359,0.059872206,0.42127445,0.03824188,0.11281229,0.028815944,0.18356685,0.019168548,null,null,null,null,"TWOGAUSSIANS",8,2.5260847,0.59435487,0.068660185,0.32199344,0.17094935,0.20282784,0.05518078,0.42422444,0.034606025,0.4,0.0,0.18423474,0.017970847
375316653866487564,4077786605405298048,0.44767886,2262.5541067736553,3.5896706697665937,5.7232453E-5,19.509375,0.03963257,0.285588,0.032736912,0.09041693,0.056735624,0.20228589,0.040904373,0.81180096,0.011843469,0.07154043,0.027923614,0.23761658,0.04860057,null,null,null,null,"TWOGAUSSIANS",8,3.3095322,0.81180096,0.011843469,0.4,0.064692624,0.23542002,0.049222335,0.285588,0.032736912,0.4,0.1210189,0.2000891,0.029914437
375316653866487564,4077786811556894976,0.46501997,2245.4312180500883,2.926529327815265,4.712209E-5,18.543943,0.03867371,0.25111935,0.23695591,0.10301456,0.075305946,0.10248339,0.0331533,0.7628395,0.009737836,0.08871314,0.01510173,0.13117191,0.038943265,null,null,null,null,"TWOGAUSSIANS",8,5.248707,0.7628395,0.009759836,0.4,0.0,0.124689534,0.016340613,0.25111935,0.23743549,0.4,0.16327119,0.095999256,0.020520903
375316653866487564,4077786884554933120,0.41743425,2220.607234047049,0.40889477494821774,4.3911514E-5,18.6584,0.023098208,null,null,null,null,null,null,null,null,null,null,null,null,0.203165,0.033952024,0.24056649,0.014570194,"ELLIPSOIDAL",4,19.38776,null,null,null,null,null,null,null,null,null,null,null,null
375316653866487564,4077786884555351680,0.4686722,2305.540569654946,0.2450646467460916,1.0971568E-4,17.302347,0.005510132,0.63327426,0.05797039,0.027797665,0.016572934,0.44973022,1.1129315,null,null,null,null,null,null,null,null,null,null,"ONEGAUSSIAN",5,15.722565,0.63327426,0.05797039,0.15566693,0.092808425,0.44973022,0.0,null,null,null,null,null,null
375316653866487564,4077786914561619712,0.67116195,2231.6366813519758,0.7930261140683289,4.578463E-6,16.618359,0.0061663077,0.38131905,0.0018352696,0.08458285,0.0043720435,0.27215496,0.005376227,0.883119,7.171637E-4,0.08513752,0.003393286,0.23201928,0.0055202083,null,null,null,null,"TWOGAUSSIANS",8,1.6501172,0.38131905,0.0018352696,0.4,0.0,0.2658058,0.006194411,0.883119,7.171637E-4,0.4,0.0,0.22567014,0.0040097344
375316653866487564,4077787228152372096,0.46667084,2215.0757511562,0.40906944982497956,6.46339E-5,18.257326,0.007831525,0.2779764,0.009033368,0.052036714,0.008866429,0.101384126,0.03142522,0.7221701,0.011852139,0.042687196,0.009156422,0.095034376,0.0154401725,null,null,null,null,"TWOGAUSSIANS",8,5.7199774,0.2779764,0.009033368,0.2914056,0.049652006,0.10138412,0.031425223,0.7221701,0.011852139,0.23904829,0.05127596,0.09503437,0.01544017
375316653866487564,4077787812267625984,0.509284,2247.4775125351202,1.497341698844679,5.6142988E-5,19.227285,0.04013526,0.4096393,0.02345235,0.20146261,0.048913073,0.21875921,0.03590594,0.81238097,0.059481617,0.07467857,0.057392508,0.10396332,0.0487707,null,null,null,null,"TWOGAUSSIANS",8,0.8526771,0.4096393,0.023451071,0.4,0.0,0.18418372,0.01190469,0.81238097,0.059481617,0.4,0.2772043,0.10174635,0.056430876
375316653866487564,4077787876741051008,0.48998445,2204.84960758856,2.594971277693517,1.241368E-5,19.11615,0.01704662,0.35056224,0.0030951623,0.084927246,0.007416712,0.3368557,0.018893553,0.8604655,0.012055898,0.0948825,0.020584635,0.28049502,0.043617446,null,null,null,null,"TWOGAUSSIANS",8,4.388778,0.35056224,0.0030951623,0.4,0.0,0.32591805,0.0176734,0.8604655,0.012055898,0.4,0.0,0.26955676,0.049827874
375316653866487564,4077787915346688256,0.54398435,2246.3369121867718,0.07363858894927712,1.4934004E-5,19.208088,0.0948437,0.18751319,0.017662743,0.15093136,0.037493292,0.2744526,0.09613157,0.6186206,0.0046596495,0.076384954,0.0779678,0.40310904,0.115380935,null,null,null,null,"TWOGAUSSIANS",8,0.4847487,0.6186206,0.0046596495,0.4,0.010195498,0.38271347,0.17645593,0.18751319,0.012752506,0.4,0.0,0.24918772,0.061253343
375316653866487564,4077787984027108224,0.49060586,2277.917917644437,2.228168740245265,3.8230297E-5,18.94794,0.036178388,0.2668285,0.006118164,0.079286374,0.011893177,0.5157841,0.039990574,0.77808976,0.016425267,0.07133086,0.012749559,0.5614832,0.07108725,null,null,null,null,"TWOGAUSSIANS",8,21.131292,0.77808976,0.016425267,0.3994528,0.023973899,0.55810916,0.06991252,0.2668285,0.006118164,0.4,0.0,0.51241,0.039798837
375316653866487564,4077788014180141696,0.44724396,2184.4163255973153,1.1492198002670697,1.3140192E-4,19.539892,0.0214598,0.7946706,0.016094161,0.016326163,0.018903518,0.30989453,6.6672874E13,null,null,null,null,null,null,0.09990439,0.036719892,0.7946706,0.016094161,"ONEGAUSSIAN_WITH_ELLIPSOIDAL",6,8.783749,0.7946706,0.016094161,0.091426514,0.105859704,0.50970316,6.6672874E13,null,null,null,null,null,null
375316653866487564,4077788082899744640,0.5226302,2168.6098556672014,2.9480521494721548,1.42457475E-5,18.938951,0.01827649,0.18207815,0.0038824487,0.078324944,0.010016689,0.17485842,0.020079939,0.69139206,0.003974147,0.0958709,0.017545868,0.21175945,0.017309709,null,null,null,null,"TWOGAUSSIANS",8,1.2263453,0.69139206,0.003974147,0.4,0.0,0.2063771,0.022040868,0.18207815,0.0038821832,0.4,0.0,0.16947666,0.017353596
375316653866487564,4077788185978895616,0.5610014,2101.0389193735664,0.7557324421323789,1.5737809E-5,19.119928,0.009064674,0.40813342,0.00849561,0.13300571,0.016281072,0.17891714,0.013723272,0.14174454,0.015727747,0.033294156,0.027401567,0.04163168,0.12398581,null,null,null,null,"TWOGAUSSIANS",8,0.57969177,0.40813342,0.00849561,0.4,0.0,0.17861165,0.013834926,0.15339455,0.0342441,0.18644728,0.15344878,0.0674377,0.12096933
375316653866487564,4077788220270263552,0.61820954,2247.4077799287793,1.7716145072108793,5.7990137E-6,17.615927,0.005152814,0.2615401,0.004505999,0.08470224,0.0044908808,0.20789215,0.008995256,0.74547195,0.0011779561,0.07403468,0.0025223745,0.4622657,0.020981316,null,null,null,null,"TWOGAUSSIANS",8,3.5410173,0.74547195,0.0011779561,0.4,0.0,0.45924753,0.021316804,0.2615401,0.004505999,0.4,0.0,0.20487396,0.008854136
375316653866487564,4077788288956904192,0.5695777,2227.213955333945,1.2040574321982271,1.5116604E-5,15.492834,0.24964702,0.2633843,0.008941805,0.12809563,0.036289353,0.19472127,0.17784633,0.7865304,0.008065965,0.16387919,0.11931377,0.15073664,0.24587418,null,null,null,null,"TWOGAUSSIANS",8,4.9353333,0.26148432,0.0034194977,0.4,0.0,0.13150956,0.014309812,0.7872804,0.006102851,0.4,0.0,0.084634356,0.012335452
375316653866487564,4077788460787492864,0.5035921,2233.975301329922,0.40914706660047,4.899032E-5,18.78128,0.010429556,0.27733186,0.014563917,0.09933209,0.022661073,0.12323976,0.01535201,0.676145,0.009760334,0.041527405,0.010709483,0.10790442,0.0353079,null,null,null,null,"TWOGAUSSIANS",8,1.2656052,0.27733186,0.014563917,0.4,0.0,0.12321576,0.015322747,0.676145,0.009760334,0.23255347,0.059973106,0.10791935,0.03533896
375316653866487564,4077788529545427072,0.5288124,2233.7689397711674,2.6201551420469347,1.6343763E-5,19.05299,0.019313741,0.1802563,0.0072636637,0.08694624,0.012596717,0.32866102,0.03566144,0.6854951,0.021129103,0.079079136,0.018363915,0.35728505,0.047177974,null,null,null,null,"TWOGAUSSIANS",8,3.0512896,0.6854951,0.021129103,0.4,0.044183135,0.35062554,0.045283098,0.1802563,0.0072636637,0.4,0.0,0.3220015,0.03852184
375316653866487564,4077788598295543296,0.44855332,2230.0418966541174,4.400081838498277,9.543783E-5,18.736744,0.008268143,0.2654079,0.018607495,0.08370512,0.01615197,0.14172657,0.025628995,0.7853219,0.020432532,0.06745276,0.024535788,0.08928727,0.009670597,null,null,null,null,"TWOGAUSSIANS",8,4.9325733,0.2654079,0.018607495,0.4,0.0021083602,0.14110824,0.025622426,0.7853219,0.020432532,0.37773547,0.07079749,0.088668965,0.009970683
375316653866487564,4077788636901503104,0.4787371,2235.693789696255,2.5443668088749156,2.2171176E-5,19.027763,0.10799412,0.15338558,0.010897693,0.11656702,0.022428278,0.3797813,0.12626533,0.6349711,0.009172227,0.117133565,0.033384033,0.36619198,0.09677689,null,null,null,null,"TWOGAUSSIANS",8,4.4566565,0.15345557,0.010725827,0.4,0.0,0.31618807,0.034457866,0.6349711,0.009172227,0.4,0.0,0.302594,0.039557785
375316653866487564,4077788838745421312,0.55993223,2173.1181125460034,2.3444960148860954,1.1134446E-5,18.523077,0.015366389,0.32211608,0.004610132,0.07788309,0.005000513,0.42272308,0.028330704,0.81440055,0.0032334921,0.08411487,0.005272285,0.4248672,0.01727755,null,null,null,null,"TWOGAUSSIANS",8,3.6757812,0.81440055,0.0032334921,0.4,0.0,0.41863063,0.015453,0.32211608,0.004610132,0.4,0.0,0.4164865,0.02788039
375316653866487564,4077788877380876928,0.43908736,2185.167965739926,0.1867120125189151,2.6901967E-5,19.144121,0.21133596,0.1662151,0.008840311,0.069661126,0.03078837,0.23875736,0.17645462,0.6996952,0.04033807,0.10170616,0.12523675,0.20992501,0.19668953,null,null,null,null,"TWOGAUSSIANS",8,3.7978518,0.1662151,0.008392522,0.39010233,0.04795572,0.23535745,0.08048393,0.6996952,0.04033807,0.4,0.0,0.20651922,0.0471521
375316653866487564,4077789117899022720,0.5264546,2176.3691025698204,3.3026230190518464,3.0320325E-5,18.240076,0.0816301,0.19878821,0.00561666,0.08270179,0.025663938,0.25407144,0.07582333,0.69891685,0.017469978,0.08147545,0.061065253,0.22143379,0.052147415,null,null,null,null,"TWOGAUSSIANS",8,2.2268384,0.19878821,0.0055348896,0.4,0.0,0.24948825,0.030491326,0.69891685,0.01748685,0.4,0.0,0.21685061,0.023913635
375316653866487564,4077789285491594112,0.5169624,2206.45242550007,0.31039754156235394,4.5996505E-5,19.30756,0.030654743,0.2199156,0.0099671865,0.08266761,0.0196505,0.41480255,0.03283932,0.67946535,0.027113108,0.06484475,0.0150413755,1.0227305,0.11909161,null,null,null,null,"TWOGAUSSIANS",8,6.4614005,0.67946535,0.027113108,0.3631306,0.084231704,1.0212594,0.11878946,0.2199156,0.0099671865,0.4,0.0,0.41333145,0.029839473
375316653866487564,4077789324057460480,0.50780106,2125.9408011625264,0.8182760031028316,7.661758E-6,19.50572,0.11122728,0.35816664,0.017571332,0.19450249,0.048896097,0.50550187,0.105226494,0.94324005,0.0057959445,0.012303037,0.0015803517,0.093252555,0.012564711,null,null,null,null,"TWOGAUSSIANS",8,3.6838458,0.35816664,0.017571332,0.4,0.0,0.46836886,0.027102124,0.94404006,0.0059916265,0.068897,0.00884997,0.11373408,0.030085756
375316653866487564,4077789354210876672,0.5739291,2224.501947246113,2.3340070340437875,1.1897477E-5,18.816402,0.022564862,0.24459383,0.011134018,0.086493015,0.01300074,0.35337818,0.03305733,0.7484718,0.0028283373,0.1015403,0.009855344,0.30276978,0.017953558,null,null,null,null,"TWOGAUSSIANS",8,1.1292578,0.24459383,0.011134018,0.4,0.0,0.33553904,0.033208232,0.7484718,0.0028283373,0.4,0.0,0.28492734,0.011965812
375316653866487564,4077789461496489344,0.45667163,2226.362985174994,1.3531146582783797,9.369612E-6,17.981308,0.0037517438,0.10266562,0.0012086238,0.017551308,0.0045365607,3.020855,13.99299,0.59423244,0.01159606,0.05179393,0.010715745,0.08360626,0.0146746375,null,null,null,null,"TWOGAUSSIANS",8,3.7632463,0.10266562,0.0012086238,0.09828733,0.025404738,3.020855,13.99299,0.59423244,0.01159606,0.290046,0.060008176,0.08360626,0.0146746375
375316653866487564,4077789491580543104,0.44042704,2204.6027559091085,2.3872249527300617,9.622151E-5,18.393463,0.009824648,0.23739931,0.014354271,0.061204594,0.01651637,0.13059944,0.3123898,0.8031187,8.499366E-5,0.007422048,4.0375025E-4,0.6797121,0.0067990394,null,null,null,null,"TWOGAUSSIANS",8,4.7104363,0.8031187,8.499366E-5,0.04156347,0.0022610014,0.6797121,0.0067990394,0.23739931,0.014354271,0.34274572,0.09249168,0.13059944,0.3123898
375316653866487564,4077789491651662208,0.48698956,2191.3837117650505,1.9582319939466473,2.5171772E-5,18.459608,0.019653352,0.16301495,0.039162446,0.055171702,0.046856016,0.15204999,0.042938977,0.7018075,0.012872416,0.08839432,0.016621074,0.17681418,0.016832655,null,null,null,null,"TWOGAUSSIANS",8,3.2636573,0.7018075,0.012872416,0.4,0.0,0.1765305,0.015676977,0.16301495,0.039162446,0.30896154,0.103997946,0.15176651,0.055964705
375316653866487564,4077789560264686464,0.47854385,2204.967841564334,0.15991413661854567,4.6832552E-5,18.702026,0.023451498,0.2127622,0.007915243,0.08480971,0.024568431,0.122144446,0.045151323,0.6788139,0.004703149,0.06872651,0.017330633,0.36282817,0.12703642,null,null,null,null,"TWOGAUSSIANS",8,3.253936,0.6788139,0.004703149,0.38486847,0.054991473,0.36191007,0.12923689,0.2127622,0.007915243,0.4,0.0,0.12122631,0.044834733
375316653866487564,4077789667656517888,0.4786364,2256.271045134411,0.1946653780184119,2.0482788E-5,17.968222,0.1610334,0.29203114,0.009867833,0.22421783,0.07142331,0.32593468,0.15140785,0.7557194,0.020849254,0.08974713,0.028164906,0.115377165,0.04892047,null,null,null,null,"TWOGAUSSIANS",8,1.7570484,0.29203114,0.009846782,0.4,0.0,0.21600392,0.013834883,0.7557194,0.020849254,0.4,0.017472303,0.062479306,0.014444211
