Gaia/vari_eclipsing_binary/VariEclipsingBinary_664762-664801.csv
# %ECSV 1.0
# ---
# delimiter: ','
# meta: !!omap
# - RELEASE: Gaia DR3
# - TABLE: vari_eclipsing_binary
# - DESCRIPTION: >
#     This table describes the properties of the eclipsing binaries resulting from the variability analysis. 
# - CITATION: >
#     How to cite and acknowledge Gaia: 
#     https://gea.esac.esa.int/archive/documentation/credits.html 
# - KNOWN_ISSUES: >
#     Known issues: 
#     https://www.cosmos.esa.int/web/gaia-users/known-issues 
# - DOCUMENTATION: >
#     Tutorials and documentation: 
#     https://www.cosmos.esa.int/web/gaia-users/archive 
# datatype:
# - 
#   name: solution_id
#   datatype: int64
#   description: Solution Identifier
#   meta:
#     ucd: meta.version
# - 
#   name: source_id
#   datatype: int64
#   description: Unique source identifier
#   meta:
#     ucd: meta.id;meta.main
# - 
#   name: global_ranking
#   datatype: float32
#   description: Number between 0 (worst) and 1 (best)
#   meta:
#     ucd: stat.param
# - 
#   name: reference_time
#   datatype: float64
#   unit: d
#   description: Reference time used for the geometric model fit
#   meta:
#     ucd: time.epoch
# - 
#   name: frequency
#   datatype: float64
#   unit: d**-1
#   description: Frequency of geometric model of the eclipsing binary light curve
#   meta:
#     ucd: src.orbital
# - 
#   name: frequency_error
#   datatype: float32
#   unit: d**-1
#   description: "Uncertainty of \\texttt{frequency}"
#   meta:
#     ucd: stat.error
# - 
#   name: geom_model_reference_level
#   datatype: float32
#   unit: mag
#   description: Magnitude reference level of geometric model
#   meta:
#     ucd: phot.mag;em.opt
# - 
#   name: geom_model_reference_level_error
#   datatype: float32
#   unit: mag
#   description: "Uncertainty of \\texttt{geomModelReferenceLevel}"
#   meta:
#     ucd: stat.error;phot.mag;em.opt
# - 
#   name: geom_model_gaussian1_phase
#   datatype: float32
#   description: Phase of the Gaussian 1 component
#   meta:
#     ucd: time.phase
# - 
#   name: geom_model_gaussian1_phase_error
#   datatype: float32
#   description: "Uncertainty of \\texttt{geomModelGaussian1Phase}"
#   meta:
#     ucd: stat.error;time.phase
# - 
#   name: geom_model_gaussian1_sigma
#   datatype: float32
#   description: "Standard deviation [phase] of Gaussian 1 component"
#   meta:
#     ucd: stat.stdev
# - 
#   name: geom_model_gaussian1_sigma_error
#   datatype: float32
#   description: "Uncertainty of \\texttt{geomModelGaussian1Sigma}"
#   meta:
#     ucd: stat.error
# - 
#   name: geom_model_gaussian1_depth
#   datatype: float32
#   unit: mag
#   description: Magnitude depth of Gaussian 1 component
#   meta:
#     ucd: src.var.amplitude
# - 
#   name: geom_model_gaussian1_depth_error
#   datatype: float32
#   unit: mag
#   description: "Uncertainty of \\texttt{geomModelGaussian1Depth}"
#   meta:
#     ucd: stat.error;src.var.amplitude
# - 
#   name: geom_model_gaussian2_phase
#   datatype: float32
#   description: Phase of Gaussian 2 component
#   meta:
#     ucd: time.phase
# - 
#   name: geom_model_gaussian2_phase_error
#   datatype: float32
#   description: "Uncertainty of \\texttt{geomModelGaussian2Phase}"
#   meta:
#     ucd: stat.error;time.phase
# - 
#   name: geom_model_gaussian2_sigma
#   datatype: float32
[...]
#   datatype: float32
#   description: "Secondary eclipse: uncertainty of \\texttt{derivedSecondaryEclDuration}"
#   meta:
#     ucd: stat.error;time.duration
# - 
#   name: derived_secondary_ecl_depth
#   datatype: float32
#   unit: mag
#   description: "Secondary eclipse: depth"
#   meta:
#     ucd: src.var.amplitude
# - 
#   name: derived_secondary_ecl_depth_error
#   datatype: float32
#   unit: mag
#   description: "Secondary eclipse: uncertainty of \\texttt{derivedSecondaryEclDepth}"
#   meta:
#     ucd: stat.error;src.var.amplitude
solution_id,source_id,global_ranking,reference_time,frequency,frequency_error,geom_model_reference_level,geom_model_reference_level_error,geom_model_gaussian1_phase,geom_model_gaussian1_phase_error,geom_model_gaussian1_sigma,geom_model_gaussian1_sigma_error,geom_model_gaussian1_depth,geom_model_gaussian1_depth_error,geom_model_gaussian2_phase,geom_model_gaussian2_phase_error,geom_model_gaussian2_sigma,geom_model_gaussian2_sigma_error,geom_model_gaussian2_depth,geom_model_gaussian2_depth_error,geom_model_cosine_half_period_amplitude,geom_model_cosine_half_period_amplitude_error,geom_model_cosine_half_period_phase,geom_model_cosine_half_period_phase_error,model_type,num_model_parameters,reduced_chi2,derived_primary_ecl_phase,derived_primary_ecl_phase_error,derived_primary_ecl_duration,derived_primary_ecl_duration_error,derived_primary_ecl_depth,derived_primary_ecl_depth_error,derived_secondary_ecl_phase,derived_secondary_ecl_phase_error,derived_secondary_ecl_duration,derived_secondary_ecl_duration_error,derived_secondary_ecl_depth,derived_secondary_ecl_depth_error
[from data line 326]
375316653866487564,5847485037360379520,0.54280156,2214.5038395601778,3.5240981655773203,4.518958E-6,18.698347,0.0059229843,0.31174594,0.0016428605,0.07444593,0.004712455,0.32576898,0.01595015,0.80973506,0.0032609564,0.071307875,0.0038165904,0.28474313,0.009302764,null,null,null,null,"TWOGAUSSIANS",8,2.467952,0.31174594,0.0016428605,0.4,0.0,0.32414997,0.01639544,0.80973506,0.0032609564,0.3993241,0.015634933,0.28312412,0.009256867
375316653866487564,5847485857684637312,0.4790266,2282.0052884630686,0.1971064962693178,1.9723524E-5,18.19578,0.0052714166,0.2540076,0.0017684905,0.003942973,0.001239799,0.52298105,1.6436323,0.48723882,0.016992252,0.05222176,0.009584658,0.056317445,0.025519297,0.018952942,0.007323085,0.2540076,0.0017684905,"TWOGAUSSIANS_WITH_ELLIPSOIDAL_ON_ECLIPSE1",9,8.627632,0.2540076,0.0017684905,0.022080649,0.0069428743,0.56088954,1.6444985,0.48723882,0.016992252,0.29244184,0.053674083,0.056736685,0.025684323
375316653866487564,5847487511274278016,0.65088224,2198.493280812695,0.15283312531630117,9.97625E-7,14.904016,0.0011711853,0.13093324,3.2469634E-7,0.0011418401,1.4801747E-6,1.8778409,0.0011532898,0.4324868,0.012775915,0.01627905,0.0069415467,0.16068858,0.08181,null,null,null,null,"TWOGAUSSIANS",8,20.183327,0.13093324,3.2469634E-7,0.006394305,8.288978E-6,1.8778409,0.0011532898,0.4324868,0.012775915,0.091162674,0.038872663,0.16068858,0.08181
375316653866487564,5847489057462447360,0.570605,2247.340954519062,0.09938932163655356,1.6316194E-4,18.533802,0.0024030064,0.34340522,2.1514094E-4,0.0057485816,2.3985679E-4,0.829676,0.04295265,0.73879933,0.06755215,0.047534257,0.05295416,0.019190818,1.3397237,null,null,null,null,"TWOGAUSSIANS",8,1.9631793,0.34340522,2.1514094E-4,0.032192055,0.001343198,0.829676,0.04295265,0.73879933,0.06755215,0.26619184,0.2965433,0.019190818,1.3397237
375316653866487564,5847489160541686144,0.63020736,2241.3511835608215,2.6272120673186565,4.01328E-6,17.690231,0.003989953,0.2444544,0.0017182104,0.08773424,0.0025204148,0.2545792,0.005092395,0.74268925,0.0010513613,0.088433996,0.001855694,0.36976483,0.0062573347,null,null,null,null,"TWOGAUSSIANS",8,1.8082477,0.74268925,0.0010513613,0.4,0.0,0.3591569,0.006357189,0.2444544,0.0017182104,0.4,0.0,0.24397127,0.004674927
375316653866487564,5847489431097431040,0.4714995,2241.8415154125223,3.502361307575552,1.6470423E-5,18.8729,0.0032800266,null,null,null,null,null,null,null,null,null,null,null,null,0.07993225,0.0048432583,0.26162452,0.004114849,"ELLIPSOIDAL",4,2.4369502,null,null,null,null,null,null,null,null,null,null,null,null
375316653866487564,5847492321626831104,0.46333364,2194.2886384187555,0.1516384116357801,9.83668E-6,18.549883,0.005007542,0.29132214,0.013754922,0.007913593,0.0021817668,0.55669934,0.42187157,0.6182834,0.0281879,0.012210696,0.016982824,0.15643677,79984.68,null,null,null,null,"TWOGAUSSIANS",8,10.614106,0.29132214,0.013754922,0.044316124,0.012217893,0.55669934,0.42187157,0.6182834,0.0281879,0.0683799,0.09510381,0.15643677,79984.68
375316653866487564,5847493867814727680,0.44415265,2247.551370816111,2.8333448177705836,2.4721947E-5,19.027796,0.014085964,0.27224338,0.00836555,0.08177636,0.014032399,0.13426858,0.018310895,0.7574041,0.01003811,0.0858963,0.019821811,0.13794568,0.015666246,null,null,null,null,"TWOGAUSSIANS",8,4.3229146,0.7574041,0.01003811,0.4,0.0,0.13550432,0.014371257,0.27224338,0.00836555,0.4,0.0,0.13182725,0.016209457
375316653866487564,5847493966582962048,0.5710451,2254.8688503085405,2.384347747770279,1.3811865E-5,17.678457,0.009211506,0.2200613,0.0030849385,0.07642116,0.0036954607,0.3528458,0.011727994,0.71826863,0.003860356,0.080784544,0.004365048,0.40439856,0.015167804,null,null,null,null,"TWOGAUSSIANS",8,9.999245,0.71826863,0.003860356,0.4,0.0,0.3997593,0.014839791,0.2200613,0.0030849385,0.4,0.0,0.34820652,0.010873543
375316653866487564,5847495895039763712,0.5300747,2214.105609409429,3.624308769139986,1.7002025E-5,18.608217,0.024422446,0.29047155,0.007522873,0.043629676,0.0114410315,0.20664887,0.05377854,0.76341426,0.005179737,0.044324413,0.014053106,0.11806493,0.050787076,0.08613155,0.026460882,0.76341426,0.005179737,"TWOGAUSSIANS_WITH_ELLIPSOIDAL_ON_ECLIPSE2",9,6.492702,0.28749156,0.0063116956,0.24432619,0.06406978,0.37451753,0.046498556,0.76341426,0.005179737,0.24821672,0.07869739,0.29032752,0.014249964
375316653866487564,5847496376087269632,0.56358635,2221.027566225791,2.1607257436602874,8.5107995E-6,18.25493,0.0066200043,0.28663698,0.0035994828,0.03721101,0.0042527285,0.29850483,0.021783194,0.77888733,0.002922712,0.039607022,0.0033466583,0.33458987,0.02379729,0.097963385,0.011361858,0.28663698,0.0035994828,"TWOGAUSSIANS_WITH_ELLIPSOIDAL_ON_ECLIPSE1",9,9.671242,0.7794074,0.0026791727,0.22179931,0.018741287,0.5300837,0.021240124,0.28663698,0.0035994828,0.20838165,0.02381528,0.49443153,0.018322274
375316653866487564,5847496406119549824,0.5525875,2274.912142166455,1.6328988267604554,1.1696637E-5,17.941338,0.008884203,0.23436023,0.006160961,0.062460862,0.013156525,0.06688443,0.023459252,0.74818975,0.0052607567,0.047570907,0.00579513,0.19358741,0.025631344,0.039682195,0.013462788,0.23436023,0.006160961,"TWOGAUSSIANS_WITH_ELLIPSOIDAL_ON_ECLIPSE1",9,3.6346815,0.74818975,0.0052607567,0.2663971,0.03245273,0.27233192,0.017766653,0.23436023,0.006160961,0.34978083,0.073676534,0.14622669,0.010147942
375316653866487564,5847496474838801792,0.58280396,2254.310397302674,1.3338099328856048,5.9269187E-6,17.58667,0.008344447,0.24456166,0.0024777674,0.10301673,0.00565211,0.19665174,0.008062302,0.7533845,0.0031011768,0.10123767,0.0059539485,0.1905321,0.008185367,null,null,null,null,"TWOGAUSSIANS",8,1.7796574,0.24456166,0.0024764016,0.4,0.0,0.17926161,0.0060843094,0.7533845,0.0031102675,0.4,0.0,0.17314315,0.0039801733
375316653866487564,5847496822763851136,0.42053682,2231.0597319750404,2.4999908616505264,1.614303E-5,14.60996,0.0045202975,0.22481163,0.004239067,0.03530873,0.00664373,0.12184226,0.026784757,0.7152132,0.015777085,0.021812357,0.01413966,0.12078519,0.057184428,0.061067905,0.006687886,0.22481163,0.004239067,"TWOGAUSSIANS_WITH_ELLIPSOIDAL_ON_ECLIPSE1",9,76.35984,0.22481163,0.004239067,0.19772889,0.037204888,0.24397793,0.025299506,0.7155632,0.014595421,0.1221492,0.079182096,0.24249338,0.06195996
375316653866487564,5847497956635201280,0.65737027,2236.198512983381,0.6807948121437452,6.5249056E-5,11.838238,9.2944945E-4,0.06012857,0.025553409,0.03416789,0.018279547,0.0039720107,0.0025986854,0.8003511,0.0014344798,0.045383386,9.6505374E-4,0.4068876,0.0082672555,null,null,null,null,"TWOGAUSSIANS",8,41.991806,0.8003511,0.0014344798,0.25414696,0.005404301,0.4068876,0.0082672555,0.06012857,0.025553409,0.1913402,0.10236546,0.003972042,0.0025987015
375316653866487564,5847498025354676480,0.48363745,2240.5020405241053,1.9454906371385532,1.7237548E-5,17.894978,0.026574723,0.2358036,0.004513674,0.12333994,0.022913383,0.11379409,0.025587564,0.73026675,0.00718997,0.09236657,0.022009112,0.12333872,0.021929216,null,null,null,null,"TWOGAUSSIANS",8,3.2886589,0.73026675,0.00718997,0.4,0.0,0.10849606,0.008265645,0.2358036,0.004513674,0.4,0.0,0.09888912,0.006548773
375316653866487564,5847498059714386944,0.47513318,2235.034848381256,0.5430270389067492,2.44065E-5,17.29956,0.004366811,0.2598452,0.0028817528,0.023858694,0.0024732957,0.13547808,0.01715362,0.75881344,0.02916865,0.028986204,0.030927507,0.1416595,1359.5957,0.014513507,0.0068542003,0.2598452,0.0028817528,"TWOGAUSSIANS_WITH_ELLIPSOIDAL_ON_ECLIPSE1",9,14.247738,0.75882345,0.029180547,0.16232274,0.17319404,0.17068528,1359.6007,0.2598452,0.0028817528,0.13360868,0.013850456,0.16450506,0.014151095
375316653866487564,5847498609470214016,0.47785482,2248.206321960827,0.10501490431468805,8.345336E-6,12.594681,0.0066191815,0.6678018,0.007149526,0.021268697,0.0036233682,0.5999979,0.3817841,0.90541315,0.0010211742,0.013175616,0.0025962554,0.04767022,0.006423598,0.0063110343,0.010293929,0.90541315,0.0010211742,"TWOGAUSSIANS_WITH_ELLIPSOIDAL_ON_ECLIPSE2",9,1027.7795,0.66781175,0.0071611004,0.119104706,0.02029086,0.6000742,0.3817961,0.90541315,0.0010211742,0.07378345,0.014539029,0.060292255,0.016958637
375316653866487564,5847499021787136768,0.5153859,2241.625727453092,1.129448194129679,3.3482547E-6,17.937254,0.0050797397,0.28826153,5.143917E-4,0.021959493,9.185167E-4,0.5820992,0.019419517,0.79444134,8.87143E-4,0.010797105,0.0026725158,0.7338933,0.64561886,0.01210348,0.010361999,0.28826153,5.143917E-4,"TWOGAUSSIANS_WITH_ELLIPSOIDAL_ON_ECLIPSE1",9,21.140285,0.79444134,8.87143E-4,0.060463786,0.014966088,0.7580637,0.6463524,0.28826153,5.143917E-4,0.12297317,0.0051436936,0.6063061,0.021632891
375316653866487564,5847499326697961728,0.61649543,2229.397886014602,1.108506999877557,3.6616022E-6,18.312647,0.0042861123,0.23082536,0.0013025635,0.02632463,7.6825253E-4,0.7912262,0.014047578,0.7323033,0.0022601918,0.031036492,0.0043410133,0.13718465,0.011630982,0.026169978,0.006760379,0.23082536,0.0013025635,"TWOGAUSSIANS_WITH_ELLIPSOIDAL_ON_ECLIPSE1",9,2.4323852,0.23082536,0.0013025635,0.14741792,0.004302214,0.8435661,0.010476746,0.7323033,0.0022601918,0.17380436,0.024309672,0.18952005,0.011779926
375316653866487564,5847499434093327744,0.5790274,2196.448206789171,3.1797391149399554,3.856857E-6,18.869606,0.014240852,0.20456281,0.0017586318,0.049986545,0.004152513,0.42986032,0.04219143,0.7087369,0.0016661509,0.049182862,0.004077516,0.39617473,0.03012485,0.12006663,0.019885153,0.20456281,0.0017586318,"TWOGAUSSIANS_WITH_ELLIPSOIDAL_ON_ECLIPSE1",9,2.5404217,0.20456281,0.0017586318,0.27992466,0.023254074,0.66999125,0.038773857,0.7087369,0.0016661509,0.27542403,0.02283409,0.6361405,0.02008902
375316653866487564,5847499601575884032,0.59077686,2236.195778781927,2.913920400816945,4.220554E-6,18.134403,0.0064709913,0.2399404,0.0017944137,0.080066174,0.0026330943,0.44914013,0.010798555,0.7415276,0.0016201204,0.077008344,0.0020697743,0.4894091,0.011141857,null,null,null,null,"TWOGAUSSIANS",8,3.401555,0.7415276,0.0016201204,0.4,0.0,0.4836906,0.011005845,0.2399404,0.0017944137,0.4,0.0,0.44342166,0.010957753
375316653866487564,5847500632376336384,0.54762965,2252.8257169920385,0.1843855607831717,4.2943502E-5,17.278212,0.0070972824,0.16999109,0.004347786,0.00868411,0.0054011056,0.7799485,0.29751778,0.8542121,0.007874482,0.014965133,0.0060309777,1.1781425,0.9155238,0.009663478,0.011546702,0.16999109,0.004347786,"TWOGAUSSIANS_WITH_ELLIPSOIDAL_ON_ECLIPSE1",9,47.65839,0.8542121,0.007874482,0.08380474,0.033773474,1.1812601,0.91512316,0.16999109,0.004347786,0.048631016,0.03024619,0.7992753,0.30899966
375316653866487564,5847500666727283968,0.554749,2220.9448240140123,1.95502113341864,4.1234034E-6,17.980785,0.0076951287,0.2710367,0.0034021717,0.087017946,0.008172319,0.15822345,0.010650884,0.75654525,0.001296997,0.08812332,0.0038958336,0.24779186,0.0065439986,null,null,null,null,"TWOGAUSSIANS",8,2.6113772,0.75654525,0.001296997,0.4,0.0,0.24250583,0.0054774703,0.2710367,0.0034021717,0.4,0.0,0.15293747,0.011228568
375316653866487564,5847500804165398656,0.4922631,2248.309776740627,1.6459173930829878,1.5987358E-5,14.281011,0.03249181,0.24079062,0.0036166057,0.10780072,0.016410813,0.20895475,0.026996085,0.7636207,0.005836401,0.11669718,0.017088555,0.22492246,0.029879173,null,null,null,null,"TWOGAUSSIANS",8,179.96329,0.7636407,0.005830999,0.4,0.0,0.1961194,0.008920901,0.24071062,0.0035511437,0.4,0.0,0.180201,0.010185441
375316653866487564,5847501525734755712,0.48493943,2201.9356076450654,2.7589160766141942,1.2739822E-5,19.423908,0.009051487,0.2590097,0.006639764,0.0765468,0.007389515,0.3180409,0.03016202,0.7623198,0.0040634647,0.07871129,0.0046340544,0.3099849,0.015459926,null,null,null,null,"TWOGAUSSIANS",8,2.137753,0.2590097,0.006639764,0.4,0.0,0.31476116,0.030846573,0.7623198,0.0040634647,0.4,0.0,0.30670515,0.015243654
375316653866487564,5847501770566306944,0.605619,2254.626447591903,1.4950021590467657,4.686549E-6,17.504072,0.004616427,0.26829976,0.0022307134,0.05295788,0.003104621,0.4038657,0.014110282,0.77722055,0.0061715087,0.03848476,0.009385749,0.054850437,0.013598836,0.0601685,0.007565551,0.26829976,0.0022307134,"TWOGAUSSIANS_WITH_ELLIPSOIDAL_ON_ECLIPSE1",9,8.521318,0.26829976,0.0022307134,0.29656413,0.017385878,0.52419674,0.011940818,0.77722055,0.0061715087,0.21551466,0.052560195,0.17480381,0.01051383
375316653866487564,5847502801353827072,0.50459826,2301.796868041574,3.0233780865929227,1.7365384E-5,16.617332,0.07553365,0.16498785,0.0050341827,0.09487575,0.033061102,0.0897915,0.06645408,0.66476953,0.014153567,0.10542807,0.07760194,0.08086511,0.07184767,null,null,null,null,"TWOGAUSSIANS",8,6.13356,0.16498785,0.0040008165,0.4,0.0,0.08229405,0.0074512344,0.66476953,0.014371784,0.4,0.0,0.07336571,0.008506656
375316653866487564,5847503071906675072,0.48289168,2258.3500867708453,2.7287580104882467,4.8266233E-5,19.16344,0.014245306,0.23596917,0.008369069,0.07626886,0.008871157,0.2815224,0.018428344,0.7163685,0.01111064,0.08353327,0.013910512,0.2728295,0.020317383,null,null,null,null,"TWOGAUSSIANS",8,6.166286,0.23596917,0.008369069,0.4,0.0,0.27872244,0.016383352,0.7163685,0.01111064,0.4,0.0,0.27002952,0.019482857
375316653866487564,5847503213670679296,0.532818,2276.0047371593087,3.1608348581279953,2.5597057E-5,15.393795,0.013653899,0.2562509,0.0047208057,0.037505616,0.015092061,0.050402865,0.02993428,0.7977667,0.15670975,0.0626807,0.11318274,0.01819204,6.0448766E15,0.10630985,0.01522028,0.2562509,0.0047208057,"TWOGAUSSIANS_WITH_ELLIPSOIDAL_ON_ECLIPSE1",9,146.54228,0.2562509,0.0047208057,0.21003145,0.08451554,0.26302165,0.007188118,0.7977667,0.15600777,0.3510119,0.6063357,0.2166686,6.0448766E15
375316653866487564,5847503690382340480,0.48612544,2269.68397550598,0.06466800455946063,1.8209852E-5,18.143919,0.006205648,0.075989425,0.0014418653,0.0043412526,0.0034249166,0.36164325,0.06711493,0.8843112,0.015899444,0.01259177,0.010885308,0.12902889,5.6145983,0.016931267,0.009320951,0.075989425,0.0014418653,"TWOGAUSSIANS_WITH_ELLIPSOIDAL_ON_ECLIPSE1",9,16.68679,0.075989425,0.0014418653,0.024311014,0.019179534,0.3955056,0.06856212,0.8844912,0.015678246,0.07051391,0.06095772,0.13338844,5.616068
375316653866487564,5847503900841906176,0.439593,2230.1202028833413,1.848164428679299,2.2391996E-5,17.96898,0.010979145,0.4706576,0.0018085273,0.024038386,0.004188288,0.11136915,0.019061862,0.7574994,0.16234486,0.0737805,0.11129649,0.070538186,0.047967944,null,null,null,null,"TWOGAUSSIANS",8,5.9611354,0.47066757,0.0015018896,0.13461496,0.023454411,0.11140599,0.011411785,0.7574994,0.16234486,0.4,0.10892213,0.070538186,0.049101606
375316653866487564,5847505206535572224,0.4726407,2268.2535729702736,3.1402202269218464,2.2095406E-5,17.288092,0.76740575,0.24222825,0.007276654,0.11840895,0.031112488,0.505944,0.30477554,0.73940015,0.0091994,0.28125083,0.23663288,0.62537533,0.7472732,null,null,null,null,"TWOGAUSSIANS",8,27.742054,0.24290825,0.006458236,0.4,0.0,0.2744429,0.021332093,0.73940015,0.009204534,0.4,0.0,0.13866189,0.028759087
375316653866487564,5847505447026809344,0.45749646,2268.5258592555424,1.7519820541034956,1.6215845E-5,18.943247,0.0058699483,0.2619196,0.005505386,0.049161922,0.0064848308,0.11672803,0.021767847,0.7377075,0.008636372,0.05509289,0.016275108,0.1297061,0.026077358,null,null,null,null,"TWOGAUSSIANS",8,3.4362662,0.7377075,0.008636372,0.3085202,0.091140606,0.12970531,0.026082046,0.2619196,0.005505386,0.27530676,0.036315054,0.11672723,0.021767866
375316653866487564,5847507096294100224,0.45529726,2292.4874751048187,0.03168261579697623,4.2902477E-5,18.579218,0.46231326,0.3326901,0.0093911,0.25950313,0.14990503,0.32930052,0.44619608,0.77074045,0.0031935344,0.01439526,0.018149514,0.15935726,0.07777754,null,null,null,null,"TWOGAUSSIANS",8,4.981761,0.3326901,0.0093911,0.4,0.0,0.22676326,0.02097249,0.77074045,0.0031935344,0.08061346,0.101637274,0.16722155,0.08063106
