Gaia/vari_eclipsing_binary/VariEclipsingBinary_228486-228619.csv
# %ECSV 1.0
# ---
# delimiter: ','
# meta: !!omap
# - RELEASE: Gaia DR3
# - TABLE: vari_eclipsing_binary
# - DESCRIPTION: >
#     This table describes the properties of the eclipsing binaries resulting from the variability analysis. 
# - CITATION: >
#     How to cite and acknowledge Gaia: 
#     https://gea.esac.esa.int/archive/documentation/credits.html 
# - KNOWN_ISSUES: >
#     Known issues: 
#     https://www.cosmos.esa.int/web/gaia-users/known-issues 
# - DOCUMENTATION: >
#     Tutorials and documentation: 
#     https://www.cosmos.esa.int/web/gaia-users/archive 
# datatype:
# - 
#   name: solution_id
#   datatype: int64
#   description: Solution Identifier
#   meta:
#     ucd: meta.version
# - 
#   name: source_id
#   datatype: int64
#   description: Unique source identifier
#   meta:
#     ucd: meta.id;meta.main
# - 
#   name: global_ranking
#   datatype: float32
#   description: Number between 0 (worst) and 1 (best)
#   meta:
#     ucd: stat.param
# - 
#   name: reference_time
#   datatype: float64
#   unit: d
#   description: Reference time used for the geometric model fit
#   meta:
#     ucd: time.epoch
# - 
#   name: frequency
#   datatype: float64
#   unit: d**-1
#   description: Frequency of geometric model of the eclipsing binary light curve
#   meta:
#     ucd: src.orbital
# - 
#   name: frequency_error
#   datatype: float32
#   unit: d**-1
#   description: "Uncertainty of \\texttt{frequency}"
#   meta:
#     ucd: stat.error
# - 
#   name: geom_model_reference_level
#   datatype: float32
#   unit: mag
#   description: Magnitude reference level of geometric model
#   meta:
#     ucd: phot.mag;em.opt
# - 
#   name: geom_model_reference_level_error
#   datatype: float32
#   unit: mag
#   description: "Uncertainty of \\texttt{geomModelReferenceLevel}"
#   meta:
#     ucd: stat.error;phot.mag;em.opt
# - 
#   name: geom_model_gaussian1_phase
#   datatype: float32
#   description: Phase of the Gaussian 1 component
#   meta:
#     ucd: time.phase
# - 
#   name: geom_model_gaussian1_phase_error
#   datatype: float32
#   description: "Uncertainty of \\texttt{geomModelGaussian1Phase}"
#   meta:
#     ucd: stat.error;time.phase
# - 
#   name: geom_model_gaussian1_sigma
#   datatype: float32
#   description: "Standard deviation [phase] of Gaussian 1 component"
#   meta:
#     ucd: stat.stdev
# - 
#   name: geom_model_gaussian1_sigma_error
#   datatype: float32
#   description: "Uncertainty of \\texttt{geomModelGaussian1Sigma}"
#   meta:
#     ucd: stat.error
# - 
#   name: geom_model_gaussian1_depth
#   datatype: float32
#   unit: mag
#   description: Magnitude depth of Gaussian 1 component
#   meta:
#     ucd: src.var.amplitude
# - 
#   name: geom_model_gaussian1_depth_error
#   datatype: float32
#   unit: mag
#   description: "Uncertainty of \\texttt{geomModelGaussian1Depth}"
#   meta:
#     ucd: stat.error;src.var.amplitude
# - 
#   name: geom_model_gaussian2_phase
#   datatype: float32
#   description: Phase of Gaussian 2 component
#   meta:
#     ucd: time.phase
# - 
#   name: geom_model_gaussian2_phase_error
#   datatype: float32
#   description: "Uncertainty of \\texttt{geomModelGaussian2Phase}"
#   meta:
#     ucd: stat.error;time.phase
# - 
#   name: geom_model_gaussian2_sigma
#   datatype: float32
[...]
#   datatype: float32
#   description: "Secondary eclipse: uncertainty of \\texttt{derivedSecondaryEclDuration}"
#   meta:
#     ucd: stat.error;time.duration
# - 
#   name: derived_secondary_ecl_depth
#   datatype: float32
#   unit: mag
#   description: "Secondary eclipse: depth"
#   meta:
#     ucd: src.var.amplitude
# - 
#   name: derived_secondary_ecl_depth_error
#   datatype: float32
#   unit: mag
#   description: "Secondary eclipse: uncertainty of \\texttt{derivedSecondaryEclDepth}"
#   meta:
#     ucd: stat.error;src.var.amplitude
solution_id,source_id,global_ranking,reference_time,frequency,frequency_error,geom_model_reference_level,geom_model_reference_level_error,geom_model_gaussian1_phase,geom_model_gaussian1_phase_error,geom_model_gaussian1_sigma,geom_model_gaussian1_sigma_error,geom_model_gaussian1_depth,geom_model_gaussian1_depth_error,geom_model_gaussian2_phase,geom_model_gaussian2_phase_error,geom_model_gaussian2_sigma,geom_model_gaussian2_sigma_error,geom_model_gaussian2_depth,geom_model_gaussian2_depth_error,geom_model_cosine_half_period_amplitude,geom_model_cosine_half_period_amplitude_error,geom_model_cosine_half_period_phase,geom_model_cosine_half_period_phase_error,model_type,num_model_parameters,reduced_chi2,derived_primary_ecl_phase,derived_primary_ecl_phase_error,derived_primary_ecl_duration,derived_primary_ecl_duration_error,derived_primary_ecl_depth,derived_primary_ecl_depth_error,derived_secondary_ecl_phase,derived_secondary_ecl_phase_error,derived_secondary_ecl_duration,derived_secondary_ecl_duration_error,derived_secondary_ecl_depth,derived_secondary_ecl_depth_error
[from data line 864]
375316653866487564,2010939696995994496,0.5341065,2177.8209549175454,0.12950423648448586,1.0082646E-6,17.839615,0.001305755,0.249554,0.017231608,0.02752507,0.007946229,0.02451787,0.008908804,0.70498973,0.0014665517,0.003395301,2.5210442E-4,0.29105276,0.16379322,null,null,null,null,"TWOGAUSSIANS",8,1.3447418,0.70498973,0.0014665517,0.019013686,0.0014117848,0.29105276,0.16379322,0.249554,0.017231608,0.15414038,0.04449888,0.02451787,0.008908804
375316653866487564,2010939735648574976,0.52597445,2184.833786062551,3.057920196183805,1.4776511E-5,19.84851,0.013081327,0.2966155,0.0038466835,0.07083414,0.0047396766,0.58755916,0.02994843,0.79882747,0.008142574,0.07525322,0.008888159,0.4018389,0.05312205,null,null,null,null,"TWOGAUSSIANS",8,1.7608681,0.2966155,0.0038466835,0.39667118,0.015209351,0.5849429,0.030340923,0.79882747,0.008142574,0.4,0.0156032285,0.3992226,0.054262344
375316653866487564,2010941930376270848,0.50896984,2215.6657616117304,2.28404113244496,2.3018663E-5,18.469973,0.019624159,0.29718924,0.0074764625,0.10516887,0.016800633,0.18984255,0.017733999,0.807407,0.0041477676,0.096492745,0.011128828,0.20335642,0.01840083,null,null,null,null,"TWOGAUSSIANS",8,3.0325181,0.807407,0.0041460735,0.4,0.0,0.18740068,0.009902657,0.29718924,0.0074764625,0.4,0.0,0.17388234,0.0150707
375316653866487564,2010946401445309824,0.6384388,2242.180817607016,0.8036204964882196,2.4812607E-6,16.056534,0.0062678377,0.23554368,0.0016434516,0.034091897,0.0025562793,0.19675726,0.014322765,0.7328693,6.8018783E-4,0.04020437,9.65602E-4,0.8007042,0.023742758,0.04369846,0.0071028923,0.23554368,0.0016434516,"TWOGAUSSIANS_WITH_ELLIPSOIDAL_ON_ECLIPSE1",9,32.446648,0.7329093,6.7034864E-4,0.22514448,0.005407371,0.8880767,0.022990508,0.23554368,0.0016434516,0.19091463,0.014315164,0.28415415,0.010302998
375316653866487564,2010947805891523584,0.4843088,2214.963467073295,0.7785668379332743,1.4440094E-5,19.148314,0.0076165725,0.3034555,0.012839377,0.0393315,0.0062693222,0.4482141,0.07220586,0.83284634,0.02752448,0.05238237,0.016625673,0.07141765,0.016863387,null,null,null,null,"TWOGAUSSIANS",8,3.1592743,0.3034555,0.012839377,0.22025639,0.035108205,0.44821408,0.07220585,0.83284634,0.02752448,0.29334128,0.09310377,0.07141763,0.016863363
375316653866487564,2010947844546635776,0.48760688,2213.405100531146,1.7123578889615023,1.9327297E-5,18.63201,0.0042663366,0.23518343,0.0049581393,0.050928272,0.002821067,0.33181205,0.019824456,0.733828,0.014432374,0.06955654,0.010312394,0.064967684,0.020705588,null,null,null,null,"TWOGAUSSIANS",8,3.4337819,0.23518343,0.0049581393,0.28519833,0.015797975,0.3317688,0.019816741,0.733828,0.014432374,0.38951662,0.054756146,0.06492444,0.020729326
375316653866487564,2010948634820580352,0.52885145,2201.94546251148,0.23663553022105988,2.7962753E-5,18.881517,0.006071047,0.2768889,0.011913869,0.0709887,0.01469566,0.16766998,0.11804449,0.7680399,7.1494357E-4,0.033351988,9.911814E-4,0.6407436,0.0135445045,null,null,null,null,"TWOGAUSSIANS",8,4.4682846,0.7680399,7.1494357E-4,0.18677112,0.0055506155,0.64074033,0.0135443965,0.2768889,0.011913869,0.3975367,0.076638915,0.16766675,0.118047856
375316653866487564,2010949184584220160,0.6275282,2212.052138154748,3.150122930023965,4.182247E-6,16.147688,0.0041628242,0.26591128,0.0013648595,0.08482525,0.0017261261,0.46516183,0.0069834483,0.76308805,0.001125724,0.082481876,0.0016303299,0.43662372,0.008183449,null,null,null,null,"TWOGAUSSIANS",8,15.603055,0.26591128,0.0013648595,0.4,0.0,0.45530552,0.006972135,0.76308805,0.001125724,0.4,0.0,0.4267674,0.008419851
375316653866487564,2010954029307353984,0.47595558,2161.5216023748553,1.448505439617401,9.358641E-6,17.97014,0.004845131,0.18060969,0.0033228998,0.021674808,0.0033627166,0.21368098,0.04563448,0.67942864,0.006200043,0.02450672,0.0070906305,0.19083989,0.010931605,0.023007821,0.00882463,0.18060969,0.0033228998,"TWOGAUSSIANS_WITH_ELLIPSOIDAL_ON_ECLIPSE1",9,17.409267,0.18060969,0.0033228998,0.12137893,0.018831214,0.25969657,0.04838779,0.67943865,0.0060755303,0.13723764,0.03970753,0.23685296,0.009010794
375316653866487564,2010954888300788096,0.54189074,2190.285819436385,2.3659823555747814,9.868075E-6,15.151847,0.3155653,0.2634275,0.0029495629,0.13821436,0.07669442,0.13155963,0.2846829,0.76454943,0.0032729518,0.14218223,0.08839629,0.13354155,0.29733884,null,null,null,null,"TWOGAUSSIANS",8,10.778659,0.7645894,0.0036833177,0.4,0.0,0.08023924,0.0035283917,0.2633775,0.0024818443,0.4,0.0,0.078429736,0.0029781777
375316653866487564,2010955674272162176,0.46909133,2200.785701765725,3.295572074481638,2.5874408E-5,18.005363,0.05573345,0.2511357,0.008422788,0.10361254,0.022968998,0.27447549,0.058115996,0.75596005,0.011439801,0.09611028,0.028199218,0.27213064,0.050704684,null,null,null,null,"TWOGAUSSIANS",8,20.548141,0.2511357,0.008422576,0.4,0.0,0.2520859,0.041729465,0.75596005,0.011439801,0.4,0.0,0.24974523,0.034171995
375316653866487564,2010955678574762368,0.57046664,2183.720800178041,0.5556954885415442,7.736144E-6,17.832283,0.0025015313,0.21734267,8.283324E-4,0.020544061,7.375646E-4,0.32433474,0.004593726,0.70465934,0.059506662,0.05419702,0.03680929,0.042555213,0.040636458,null,null,null,null,"TWOGAUSSIANS",8,2.2964811,0.21734267,8.283324E-4,0.11504675,0.0041303616,0.32433474,0.0045937216,0.70465934,0.059506662,0.3035033,0.18396205,0.042555213,0.040636484
375316653866487564,2010957289180024960,0.5658904,2190.1365594150097,3.2337359245164525,1.9558194E-5,18.473637,0.017049413,0.27969968,0.0069545372,0.031323876,0.033709567,0.2645026,0.3562077,0.75897723,0.0054863873,0.044733502,0.00681521,0.23267095,0.041628014,0.12075096,0.026012594,0.27969968,0.0069545372,"TWOGAUSSIANS_WITH_ELLIPSOIDAL_ON_ECLIPSE1",9,7.6053457,0.27969968,0.0069545372,0.17541371,0.18877357,0.5060038,0.38268408,0.76187724,0.0044593154,0.2505076,0.03816518,0.47066796,0.020987112
375316653866487564,2010961687226961792,0.5402283,2215.4257903567986,3.205760125930547,1.1616373E-5,19.710417,0.008579908,0.22579512,0.004519329,0.072793104,0.0072098793,0.41603723,0.055713765,0.7110817,0.0038555774,0.07436324,0.003964696,0.50874233,0.014588054,null,null,null,null,"TWOGAUSSIANS",8,1.0899053,0.7110817,0.0038555774,0.4,0.0,0.5067121,0.014362002,0.22579512,0.004519329,0.4,0.019696191,0.41400695,0.05675846
375316653866487564,2010962374422014080,0.6082082,2232.3349934200746,2.226297437622476,9.855205E-6,17.916424,0.007447295,0.25822124,0.001352517,0.054197557,0.0025788792,0.3849079,0.02095462,0.7717216,0.015475033,0.04666751,0.013607006,0.09683111,0.017368834,0.04806936,0.010210323,0.25822124,0.001352517,"TWOGAUSSIANS_WITH_ELLIPSOIDAL_ON_ECLIPSE1",9,3.4733555,0.25822124,0.001352517,0.3035063,0.014441724,0.48103732,0.018250708,0.7717216,0.015475033,0.26133806,0.07619923,0.19227041,0.00587119
