Gaia/vari_eclipsing_binary/VariEclipsingBinary_508209-508277.csv
# %ECSV 1.0
# ---
# delimiter: ','
# meta: !!omap
# - RELEASE: Gaia DR3
# - TABLE: vari_eclipsing_binary
# - DESCRIPTION: >
#     This table describes the properties of the eclipsing binaries resulting from the variability analysis. 
# - CITATION: >
#     How to cite and acknowledge Gaia: 
#     https://gea.esac.esa.int/archive/documentation/credits.html 
# - KNOWN_ISSUES: >
#     Known issues: 
#     https://www.cosmos.esa.int/web/gaia-users/known-issues 
# - DOCUMENTATION: >
#     Tutorials and documentation: 
#     https://www.cosmos.esa.int/web/gaia-users/archive 
# datatype:
# - 
#   name: solution_id
#   datatype: int64
#   description: Solution Identifier
#   meta:
#     ucd: meta.version
# - 
#   name: source_id
#   datatype: int64
#   description: Unique source identifier
#   meta:
#     ucd: meta.id;meta.main
# - 
#   name: global_ranking
#   datatype: float32
#   description: Number between 0 (worst) and 1 (best)
#   meta:
#     ucd: stat.param
# - 
#   name: reference_time
#   datatype: float64
#   unit: d
#   description: Reference time used for the geometric model fit
#   meta:
#     ucd: time.epoch
# - 
#   name: frequency
#   datatype: float64
#   unit: d**-1
#   description: Frequency of geometric model of the eclipsing binary light curve
#   meta:
#     ucd: src.orbital
# - 
#   name: frequency_error
#   datatype: float32
#   unit: d**-1
#   description: "Uncertainty of \\texttt{frequency}"
#   meta:
#     ucd: stat.error
# - 
#   name: geom_model_reference_level
#   datatype: float32
#   unit: mag
#   description: Magnitude reference level of geometric model
#   meta:
#     ucd: phot.mag;em.opt
# - 
#   name: geom_model_reference_level_error
#   datatype: float32
#   unit: mag
#   description: "Uncertainty of \\texttt{geomModelReferenceLevel}"
#   meta:
#     ucd: stat.error;phot.mag;em.opt
# - 
#   name: geom_model_gaussian1_phase
#   datatype: float32
#   description: Phase of the Gaussian 1 component
#   meta:
#     ucd: time.phase
# - 
#   name: geom_model_gaussian1_phase_error
#   datatype: float32
#   description: "Uncertainty of \\texttt{geomModelGaussian1Phase}"
#   meta:
#     ucd: stat.error;time.phase
# - 
#   name: geom_model_gaussian1_sigma
#   datatype: float32
#   description: "Standard deviation [phase] of Gaussian 1 component"
#   meta:
#     ucd: stat.stdev
# - 
#   name: geom_model_gaussian1_sigma_error
#   datatype: float32
#   description: "Uncertainty of \\texttt{geomModelGaussian1Sigma}"
#   meta:
#     ucd: stat.error
# - 
#   name: geom_model_gaussian1_depth
#   datatype: float32
#   unit: mag
#   description: Magnitude depth of Gaussian 1 component
#   meta:
#     ucd: src.var.amplitude
# - 
#   name: geom_model_gaussian1_depth_error
#   datatype: float32
#   unit: mag
#   description: "Uncertainty of \\texttt{geomModelGaussian1Depth}"
#   meta:
#     ucd: stat.error;src.var.amplitude
# - 
#   name: geom_model_gaussian2_phase
#   datatype: float32
#   description: Phase of Gaussian 2 component
#   meta:
#     ucd: time.phase
# - 
#   name: geom_model_gaussian2_phase_error
#   datatype: float32
#   description: "Uncertainty of \\texttt{geomModelGaussian2Phase}"
#   meta:
#     ucd: stat.error;time.phase
# - 
#   name: geom_model_gaussian2_sigma
#   datatype: float32
[...]
#   datatype: float32
#   description: "Secondary eclipse: uncertainty of \\texttt{derivedSecondaryEclDuration}"
#   meta:
#     ucd: stat.error;time.duration
# - 
#   name: derived_secondary_ecl_depth
#   datatype: float32
#   unit: mag
#   description: "Secondary eclipse: depth"
#   meta:
#     ucd: src.var.amplitude
# - 
#   name: derived_secondary_ecl_depth_error
#   datatype: float32
#   unit: mag
#   description: "Secondary eclipse: uncertainty of \\texttt{derivedSecondaryEclDepth}"
#   meta:
#     ucd: stat.error;src.var.amplitude
solution_id,source_id,global_ranking,reference_time,frequency,frequency_error,geom_model_reference_level,geom_model_reference_level_error,geom_model_gaussian1_phase,geom_model_gaussian1_phase_error,geom_model_gaussian1_sigma,geom_model_gaussian1_sigma_error,geom_model_gaussian1_depth,geom_model_gaussian1_depth_error,geom_model_gaussian2_phase,geom_model_gaussian2_phase_error,geom_model_gaussian2_sigma,geom_model_gaussian2_sigma_error,geom_model_gaussian2_depth,geom_model_gaussian2_depth_error,geom_model_cosine_half_period_amplitude,geom_model_cosine_half_period_amplitude_error,geom_model_cosine_half_period_phase,geom_model_cosine_half_period_phase_error,model_type,num_model_parameters,reduced_chi2,derived_primary_ecl_phase,derived_primary_ecl_phase_error,derived_primary_ecl_duration,derived_primary_ecl_duration_error,derived_primary_ecl_depth,derived_primary_ecl_depth_error,derived_secondary_ecl_phase,derived_secondary_ecl_phase_error,derived_secondary_ecl_duration,derived_secondary_ecl_duration_error,derived_secondary_ecl_depth,derived_secondary_ecl_depth_error
[from data line 73]
375316653866487564,4470338060609696384,0.60110086,2253.2624077207415,2.067943379270067,1.7951246E-5,17.751099,0.005717548,0.25858372,0.0017555221,0.065872386,0.0036840537,0.14430213,0.006332172,0.7587465,0.008451855,0.058610387,0.008025054,0.56802076,0.19117178,null,null,null,null,"TWOGAUSSIANS",8,2.845622,0.7587465,0.008451855,0.32821816,0.044940304,0.56785226,0.19138218,0.25858372,0.0017555221,0.36888537,0.0206307,0.14413366,0.006206298
375316653866487564,4470339301857949440,0.51734364,2273.343720778378,0.45430968731205273,6.9442635E-6,16.301966,0.009477019,0.26661217,0.022420142,0.027423486,0.028271675,0.023863189,0.028485434,0.7769461,0.013822299,0.02428485,0.0077327765,0.29691908,0.09496396,0.03601798,0.011756584,0.26661217,0.022420142,"TWOGAUSSIANS_WITH_ELLIPSOIDAL_ON_ECLIPSE1",9,52.103634,0.7769461,0.013800916,0.13599516,0.043303546,0.36865172,0.08826963,0.26661217,0.022420142,0.15357152,0.15832138,0.09589912,0.016150199
375316653866487564,4470339812959601792,0.55506694,2215.9074138741435,3.3029684167051987,2.30183E-5,19.74539,0.015537298,0.22309001,0.007162656,0.08261097,0.0076907743,0.60255325,0.050253574,0.7011394,0.006737979,0.0859487,0.008288049,0.45611733,0.018899327,null,null,null,null,"TWOGAUSSIANS",8,1.7395697,0.22309001,0.007162656,0.4,0.0,0.5939118,0.05146083,0.7011394,0.006737979,0.4,0.0,0.44747588,0.016715018
375316653866487564,4470340603224984064,0.54457504,2272.248151585878,0.6762328649034542,4.503197E-5,18.169891,0.0032969047,0.2330255,0.009394891,0.027993247,0.0055622165,0.296953,0.29798037,0.7576813,0.015390858,0.069152825,0.045848396,0.0922531,3137.8833,null,null,null,null,"TWOGAUSSIANS",8,1.9952965,0.2330255,0.009394891,0.15676218,0.031148411,0.2969529,0.2979805,0.7576813,0.015390858,0.38725585,0.24878342,0.09225299,3137.8833
375316653866487564,4470340775023660416,0.45426038,2269.474609074138,0.12508440363945264,1.3943651E-4,17.886913,0.011658067,0.6140977,0.070085876,0.1515324,0.038037322,0.06327011,0.016783034,0.8545697,0.016685179,0.06733252,0.015191057,0.1538151,0.01750793,null,null,null,null,"TWOGAUSSIANS",8,6.109106,0.8545697,0.016685179,0.3770621,0.066274896,0.17116754,0.0141635025,0.6211777,0.38090584,0.4,0.0,0.062970184,0.17137913
375316653866487564,4470342149410730240,0.5539101,2296.1309736008907,0.37240831794217155,1.0749042E-5,15.537083,0.0014869228,0.6456807,0.003610036,0.021288777,0.0061682207,0.08373892,0.008066867,null,null,null,null,null,null,0.018835725,0.0024629831,0.6456807,0.003610036,"ONEGAUSSIAN_WITH_ELLIPSOIDAL",6,9.471949,0.6456807,0.003610036,0.11921715,0.034542035,0.1214103,0.010180009,null,null,null,null,null,null
375316653866487564,4470343287587767296,0.49517775,2301.8167094440573,0.380598117080635,2.765823E-4,12.959409,0.004327056,0.31880572,0.017485194,0.018293697,0.023810549,2.2230034,2.609788,null,null,null,null,null,null,0.0060780966,0.007270901,0.31880572,0.017485194,"ONEGAUSSIAN_WITH_ELLIPSOIDAL",6,298.79962,0.31880572,0.017485194,0.10244471,0.13333908,2.2351596,2.613976,null,null,null,null,null,null
375316653866487564,4470344112215737856,0.4952956,2274.752379447842,1.0497556675349662,2.0468437E-4,19.89696,0.007233023,0.2320054,0.010078087,0.042513374,0.005128996,0.5743475,0.1953812,0.6920717,0.020193042,0.054035213,0.012720436,0.06769357,0.009903497,null,null,null,null,"TWOGAUSSIANS",8,1.5415174,0.2320054,0.010078087,0.2380749,0.028722376,0.5743475,0.19538125,0.6920717,0.020193042,0.3025972,0.07123444,0.06769351,0.009903661
375316653866487564,4470344588967606144,0.54826224,2322.8374350878303,3.4696673237095603,1.7877675E-5,15.405124,0.032385066,0.23528513,0.0062327804,0.112904675,0.017126469,0.25537717,0.027903935,0.7495517,0.0027724886,0.103438295,0.011107595,0.2374837,0.030988915,null,null,null,null,"TWOGAUSSIANS",8,55.4966,0.23527513,0.006245385,0.4,0.0,0.22615989,0.011854149,0.7495817,0.0027823562,0.4,0.0,0.20829394,0.009225942
375316653866487564,4470344936849465472,0.5556305,2278.4455575651036,2.9296109255539293,4.341383E-5,19.10779,0.022669563,0.29058805,0.030022664,0.086598285,0.025241243,0.4715913,0.04829072,0.790962,0.0067488193,0.08160846,0.009473207,0.4872693,0.035274107,null,null,null,null,"TWOGAUSSIANS",8,3.1708443,0.790962,0.0067488193,0.4,0.0,0.4757965,0.03517809,0.29058805,0.030022664,0.4,0.037266485,0.4601184,0.04732326
375316653866487564,4470345624045048960,0.52929527,2300.5316712829435,3.8727356589232413,1.9744592E-5,18.72156,0.015050137,0.2344249,0.0062153977,0.07082924,0.0075136614,0.3002356,0.017391134,0.74704677,0.0045653926,0.06907887,0.00664924,0.28513741,0.016162641,null,null,null,null,"TWOGAUSSIANS",8,3.108406,0.2344249,0.0062153977,0.39664376,0.032435656,0.29952395,0.016888766,0.74704677,0.0045653926,0.38684168,0.035102744,0.28442577,0.015488399
375316653866487564,4470346478740431104,0.5831428,2296.7256609580127,2.224367685557917,1.1678966E-5,18.112848,0.0064332723,0.21796331,0.0072938176,0.076820455,0.0093449615,0.22345366,0.03613736,0.7163887,0.0031785853,0.062347785,0.002256984,0.67502284,0.029815242,null,null,null,null,"TWOGAUSSIANS",8,7.332232,0.7163887,0.0031785853,0.3491476,0.012639109,0.67393947,0.029681604,0.21796331,0.0072938176,0.4,0.017324824,0.22237033,0.036631756
375316653866487564,4470346860990485632,0.4277825,2306.794196271868,0.06932842147874631,7.582052E-5,17.958338,0.0057282313,0.24183987,0.008143947,0.030178722,0.0056628534,0.30593958,0.12879327,0.82877517,0.0022939674,0.0079150135,0.0017027254,0.11764942,0.055135146,0.019133788,0.008385,0.24183987,0.008143947,"TWOGAUSSIANS_WITH_ELLIPSOIDAL_ON_ECLIPSE1",9,9.137772,0.24183987,0.008143947,0.16900085,0.031711977,0.3442071,0.12854612,0.82877517,0.0022939674,0.044324074,0.009535262,0.14559048,0.0562418
375316653866487564,4470347578252140160,0.45036605,2304.5627367776106,3.1160744836132217,4.8582984E-5,16.705496,0.024482908,0.18800202,0.011997226,0.087095544,0.02076502,0.19551678,0.024944121,0.64389837,0.010524959,0.101480104,0.017984152,0.24581362,0.032596413,null,null,null,null,"TWOGAUSSIANS",8,87.6351,0.64389837,0.010524959,0.4,0.0,0.23894899,0.030700434,0.18802202,0.012009784,0.4,0.0,0.18866225,0.023017569
375316653866487564,4470348407191430272,0.6441824,2321.603177924518,3.1057456570088395,4.7745275E-6,16.706234,0.014703957,0.21723536,0.0024044325,0.05192448,0.004388157,0.44595322,0.039311063,0.7158516,0.0015998279,0.046915088,0.006925692,0.33154285,0.027642397,0.11568785,0.01840243,0.21723536,0.0024044325,"TWOGAUSSIANS_WITH_ELLIPSOIDAL_ON_ECLIPSE1",9,11.011941,0.21723536,0.0024044325,0.2907771,0.024573678,0.6773241,0.025200192,0.71600163,0.001396852,0.2627245,0.038783874,0.56289816,0.04733315
375316653866487564,4470350915450457344,0.44376856,2345.8017297575625,0.8940845071936074,6.0004084E-5,15.402813,0.009795385,0.26596093,0.0089579,0.050645642,0.00822153,0.25185853,0.045226526,0.82348543,0.0057206783,0.061846722,0.0079632215,0.124448985,0.013338745,null,null,null,null,"TWOGAUSSIANS",8,285.96527,0.26596093,0.0089579,0.2836156,0.04604057,0.25185698,0.045228623,0.82348543,0.0057206783,0.34634164,0.04459404,0.12444741,0.013337386
375316653866487564,4470351018529612416,0.54247206,2307.1550049365646,3.2015388899230195,2.7644599E-5,18.437002,0.009288932,0.2644599,0.0066363323,0.08842583,0.007363536,0.2741137,0.029476672,0.7951808,0.006626727,0.07491106,0.009900571,0.26712686,0.020862143,null,null,null,null,"TWOGAUSSIANS",8,3.6632504,0.2644599,0.0066363323,0.4,0.0,0.27136138,0.02983144,0.7951808,0.006626727,0.4,0.0,0.26437476,0.021794822
375316653866487564,4470352835299149696,0.500327,2237.5068825593225,3.462462343321017,6.7700865E-5,19.666634,0.020002944,0.46175689,0.047823448,0.11912206,0.037988964,0.07589848,0.031647407,0.7809441,0.0069555864,0.03084787,0.009666577,0.878934,20.718662,null,null,null,null,"TWOGAUSSIANS",8,4.789393,0.7809441,0.0069555864,0.17274807,0.05413283,0.88100636,20.71856,0.46175689,0.047823448,0.4,0.0,0.07587578,0.031645283
375316653866487564,4470354209696402304,0.45958748,2246.947364688797,3.3747884520402387,4.079773E-5,19.759216,0.17159835,0.25348976,0.0387759,0.08409645,0.11737263,0.1900897,0.11540893,0.7592008,0.013428236,0.087992966,0.034677025,0.18789575,0.14987668,null,null,null,null,"TWOGAUSSIANS",8,2.8967037,0.25348976,0.038890507,0.4,0.10644158,0.185054,0.064404145,0.7592008,0.012893851,0.4,0.0,0.18286002,0.04152749
375316653866487564,4470354999960143104,0.54776967,2320.905676567038,3.716191617297684,1.0482348E-5,17.913841,0.00994566,0.26333886,0.0020059238,0.08189983,0.0043301624,0.26677677,0.010064897,0.767637,0.008543474,0.08238181,0.008719422,0.20911755,0.013353864,null,null,null,null,"TWOGAUSSIANS",8,5.2254453,0.26333886,0.0020059238,0.4,0.0,0.26253518,0.0089822775,0.767637,0.008543474,0.4,0.0,0.20487598,0.011878889
375316653866487564,4470355858947542912,0.57343787,2313.706423502716,3.732124549318334,1.9702764E-5,18.680862,0.019366547,0.2223879,0.0070986063,0.073766746,0.0085473135,0.49773887,0.049304765,0.71196264,0.019901082,0.07353809,0.019136356,0.51928526,0.13287713,null,null,null,null,"TWOGAUSSIANS",8,4.7615223,0.71196264,0.019901082,0.4,0.084974736,0.5167734,0.13419576,0.2223879,0.0070986063,0.4,0.0,0.49522698,0.049518507
375316653866487564,4470358543312700416,0.53276205,2252.0718742287604,0.9936608095441177,7.492291E-6,17.436293,0.0061668814,0.49380556,0.00268261,0.019679857,0.0028733448,0.8830748,0.16746408,null,null,null,null,null,null,null,null,null,null,"ONEGAUSSIAN",5,43.25448,0.49380556,0.00268261,0.1102072,0.016090732,0.8830748,0.0,null,null,null,null,null,null
375316653866487564,4470358710805920256,0.46172717,2252.217301084375,0.17314477612793178,9.297964E-5,18.61017,0.0060667875,0.07208071,0.00290876,0.02618178,0.005408857,0.43918115,0.2325128,0.6470485,0.012595159,0.07324772,0.015259254,0.20603913,0.038663547,null,null,null,null,"TWOGAUSSIANS",8,5.6856513,0.07208071,0.00290876,0.14661796,0.0302896,0.43918115,0.23251285,0.6470485,0.012595159,0.4,0.04486682,0.20603912,0.038663775
375316653866487564,4470358921261674368,0.5915078,2208.362220859928,2.0161181909706896,2.5459927E-5,19.291655,0.00683076,0.0858903,0.020724662,0.046283826,0.018351713,0.05145944,0.012819827,0.4088058,0.014231634,0.060385324,0.010702308,2.0286608,1.5697045,null,null,null,null,"TWOGAUSSIANS",8,1.0693301,0.4088058,0.014231634,0.3381578,0.059932925,2.0286608,1.5697045,0.0858903,0.020728938,0.25918943,0.1027696,0.05146069,0.012819188
375316653866487564,4470359604162451968,0.5163968,2244.048441487174,3.37568858845994,9.141385E-6,19.537498,0.02847713,0.32953057,0.007630954,0.06450056,0.010982308,0.49185342,0.036444772,0.8283121,0.0027070928,0.079468235,0.00812202,0.43396005,0.029069794,null,null,null,null,"TWOGAUSSIANS",8,3.4545927,0.32953057,0.007630954,0.36120316,0.06150092,0.48972502,0.036137898,0.8283121,0.0027070928,0.4,0.0,0.43183166,0.028809115
375316653866487564,4470365758857805312,0.6020808,2275.398809946594,2.7151019483290204,1.45869335E-5,17.233591,0.031283464,0.1981193,0.003117715,0.0569404,0.009180869,0.31714913,0.0600382,0.69426054,0.003922786,0.062611595,0.008181655,0.3501437,0.061715927,0.07422781,0.03324591,0.1981193,0.003117715,"TWOGAUSSIANS_WITH_ELLIPSOIDAL_ON_ECLIPSE1",9,15.443366,0.6947105,0.0033307204,0.35062492,0.045817267,0.49840677,0.011725767,0.1981193,0.003117715,0.31886622,0.051412866,0.46548933,0.027380908
375316653866487564,4470365926354725504,0.49236283,2254.5689813941763,1.941041590281103,3.5940757E-5,17.894463,0.008153383,0.23658133,0.009101281,0.047827806,0.009032579,0.1721371,0.02282521,0.7398926,0.007407252,0.066868946,0.009945134,0.32756588,0.07346816,null,null,null,null,"TWOGAUSSIANS",8,13.568609,0.7398926,0.007407252,0.3744661,0.05569275,0.32753336,0.073503055,0.23658133,0.009101281,0.2678357,0.050582442,0.17210458,0.02283889
375316653866487564,4470368473277232384,0.55418926,2307.3730926510657,2.618481838126587,1.2876963E-5,14.044511,0.0030833825,0.24659564,0.002953664,0.018718094,0.018197712,0.03402516,0.1985247,null,null,null,null,null,null,0.1265541,0.005524245,0.24659564,0.002953664,"ONEGAUSSIAN_WITH_ELLIPSOIDAL",6,243.91586,0.24659564,0.002953664,0.104821324,0.101907186,0.28713325,0.19979993,null,null,null,null,null,null
375316653866487564,4470370225615683840,0.56013936,2301.206782916474,4.342111819071574,9.659768E-6,18.674583,0.015702037,0.2662874,0.0036332828,0.08043882,0.0040869014,0.4629372,0.020893048,0.769,0.0076041236,0.081562206,0.008126962,0.43783838,0.028247798,null,null,null,null,"TWOGAUSSIANS",8,4.555416,0.2662874,0.0036332828,0.4,0.0,0.4556368,0.01986835,0.769,0.0076041236,0.4,0.0,0.43053797,0.027315015
375316653866487564,4470370741011769216,0.4717864,2271.503940523096,3.0864908163559592,3.5802976E-5,18.778429,0.0032765642,null,null,null,null,null,null,null,null,null,null,null,null,0.059504516,0.004713995,0.21523486,0.0060704807,"ELLIPSOIDAL",4,2.2032464,null,null,null,null,null,null,null,null,null,null,null,null
375316653866487564,4470374795469250816,0.59950846,2260.4449547071576,0.07941089633469879,7.414102E-5,13.654211,5.616343E-4,0.43011016,0.05965186,0.03717122,0.029338349,0.012892197,0.020406803,0.76684046,0.029007666,0.0053196223,0.00816047,0.12669228,1.8021939,0.0012542568,8.7813527E-4,0.76684046,0.029007666,"TWOGAUSSIANS_WITH_ELLIPSOIDAL_ON_ECLIPSE2",9,6.9949527,0.76684046,0.029007666,0.029789886,0.04569863,0.1292008,1.8026533,0.42860016,0.060120992,0.20815884,0.16429475,0.013576818,0.020641197
375316653866487564,4470374932908249856,0.4617032,2304.9615589213636,0.40212307579696327,9.1855814E-5,18.387733,0.008018061,0.20362261,0.009576951,0.061886977,0.019952184,0.54465985,0.41399443,0.89036644,0.011126545,0.009536233,0.0045577753,0.12922958,0.12553035,null,null,null,null,"TWOGAUSSIANS",8,5.472172,0.20362261,0.009576951,0.3465671,0.07134696,0.54465985,0.41399443,0.89036644,0.011126837,0.053402904,0.025523543,0.12923107,0.12552314
375316653866487564,4470379429732088704,0.50766885,2277.3811469346165,0.3140763039730141,1.7915248E-5,17.540802,0.0035121525,0.17824136,0.0035511355,0.05582273,0.0056851036,0.13642031,0.011664169,0.7407329,0.006575993,0.03484526,0.0062416913,0.0803975,0.016004626,null,null,null,null,"TWOGAUSSIANS",8,2.548891,0.17824136,0.0035511355,0.3126073,0.03183658,0.13642031,0.011664172,0.7407329,0.006575993,0.19513346,0.03495347,0.0803975,0.01600463
375316653866487564,4470379777622981760,0.5502935,2266.213283525828,2.348080874803667,2.7585265E-5,18.267248,0.02231203,0.20933096,0.005075555,0.073500566,0.007289978,0.31360424,0.024027068,0.6902449,0.013291199,0.077733785,0.017500456,0.48266253,0.01848395,null,null,null,null,"TWOGAUSSIANS",8,7.8217545,0.6902449,0.013291199,0.4,0.0,0.4805015,0.015782619,0.20933096,0.005075555,0.4,0.0026898882,0.3114432,0.020219875
375316653866487564,4470386271622035968,0.60524154,2298.705136167907,3.134390840562718,5.508119E-6,16.948774,0.010456645,0.2690459,0.0023175986,0.049138032,0.00572205,0.1861309,0.022570431,0.758169,0.0052486854,0.055067055,0.008067191,0.21350007,0.02134002,0.07900705,0.012685825,0.2690459,0.0023175986,"TWOGAUSSIANS_WITH_ELLIPSOIDAL_ON_ECLIPSE1",9,7.1731224,0.759799,0.0043692174,0.3083755,0.045176268,0.37088454,0.019096944,0.2690459,0.0023175986,0.27517298,0.03204348,0.3441417,0.0107202865
375316653866487564,4470386885794753664,0.5022384,2271.3951477195455,3.323882680613375,1.5962849E-5,19.842781,0.029511219,0.21163511,0.0035095937,0.082922384,0.007520973,0.3809211,0.0298155,0.71647614,0.0062203077,0.09674481,0.017485691,0.34759244,0.027552832,null,null,null,null,"TWOGAUSSIANS",8,2.133647,0.21163511,0.0035095937,0.4,0.0,0.36698222,0.020821676,0.71647614,0.0062203077,0.4,0.0,0.33365244,0.024324505
