Gaia/vari_eclipsing_binary/VariEclipsingBinary_685589-685627.csv
# %ECSV 1.0
# ---
# delimiter: ','
# meta: !!omap
# - RELEASE: Gaia DR3
# - TABLE: vari_eclipsing_binary
# - DESCRIPTION: >
#     This table describes the properties of the eclipsing binaries resulting from the variability analysis. 
# - CITATION: >
#     How to cite and acknowledge Gaia: 
#     https://gea.esac.esa.int/archive/documentation/credits.html 
# - KNOWN_ISSUES: >
#     Known issues: 
#     https://www.cosmos.esa.int/web/gaia-users/known-issues 
# - DOCUMENTATION: >
#     Tutorials and documentation: 
#     https://www.cosmos.esa.int/web/gaia-users/archive 
# datatype:
# - 
#   name: solution_id
#   datatype: int64
#   description: Solution Identifier
#   meta:
#     ucd: meta.version
# - 
#   name: source_id
#   datatype: int64
#   description: Unique source identifier
#   meta:
#     ucd: meta.id;meta.main
# - 
#   name: global_ranking
#   datatype: float32
#   description: Number between 0 (worst) and 1 (best)
#   meta:
#     ucd: stat.param
# - 
#   name: reference_time
#   datatype: float64
#   unit: d
#   description: Reference time used for the geometric model fit
#   meta:
#     ucd: time.epoch
# - 
#   name: frequency
#   datatype: float64
#   unit: d**-1
#   description: Frequency of geometric model of the eclipsing binary light curve
#   meta:
#     ucd: src.orbital
# - 
#   name: frequency_error
#   datatype: float32
#   unit: d**-1
#   description: "Uncertainty of \\texttt{frequency}"
#   meta:
#     ucd: stat.error
# - 
#   name: geom_model_reference_level
#   datatype: float32
#   unit: mag
#   description: Magnitude reference level of geometric model
#   meta:
#     ucd: phot.mag;em.opt
# - 
#   name: geom_model_reference_level_error
#   datatype: float32
#   unit: mag
#   description: "Uncertainty of \\texttt{geomModelReferenceLevel}"
#   meta:
#     ucd: stat.error;phot.mag;em.opt
# - 
#   name: geom_model_gaussian1_phase
#   datatype: float32
#   description: Phase of the Gaussian 1 component
#   meta:
#     ucd: time.phase
# - 
#   name: geom_model_gaussian1_phase_error
#   datatype: float32
#   description: "Uncertainty of \\texttt{geomModelGaussian1Phase}"
#   meta:
#     ucd: stat.error;time.phase
# - 
#   name: geom_model_gaussian1_sigma
#   datatype: float32
#   description: "Standard deviation [phase] of Gaussian 1 component"
#   meta:
#     ucd: stat.stdev
# - 
#   name: geom_model_gaussian1_sigma_error
#   datatype: float32
#   description: "Uncertainty of \\texttt{geomModelGaussian1Sigma}"
#   meta:
#     ucd: stat.error
# - 
#   name: geom_model_gaussian1_depth
#   datatype: float32
#   unit: mag
#   description: Magnitude depth of Gaussian 1 component
#   meta:
#     ucd: src.var.amplitude
# - 
#   name: geom_model_gaussian1_depth_error
#   datatype: float32
#   unit: mag
#   description: "Uncertainty of \\texttt{geomModelGaussian1Depth}"
#   meta:
#     ucd: stat.error;src.var.amplitude
# - 
#   name: geom_model_gaussian2_phase
#   datatype: float32
#   description: Phase of Gaussian 2 component
#   meta:
#     ucd: time.phase
# - 
#   name: geom_model_gaussian2_phase_error
#   datatype: float32
#   description: "Uncertainty of \\texttt{geomModelGaussian2Phase}"
#   meta:
#     ucd: stat.error;time.phase
# - 
#   name: geom_model_gaussian2_sigma
#   datatype: float32
[...]
#   datatype: float32
#   description: "Secondary eclipse: uncertainty of \\texttt{derivedSecondaryEclDuration}"
#   meta:
#     ucd: stat.error;time.duration
# - 
#   name: derived_secondary_ecl_depth
#   datatype: float32
#   unit: mag
#   description: "Secondary eclipse: depth"
#   meta:
#     ucd: src.var.amplitude
# - 
#   name: derived_secondary_ecl_depth_error
#   datatype: float32
#   unit: mag
#   description: "Secondary eclipse: uncertainty of \\texttt{derivedSecondaryEclDepth}"
#   meta:
#     ucd: stat.error;src.var.amplitude
solution_id,source_id,global_ranking,reference_time,frequency,frequency_error,geom_model_reference_level,geom_model_reference_level_error,geom_model_gaussian1_phase,geom_model_gaussian1_phase_error,geom_model_gaussian1_sigma,geom_model_gaussian1_sigma_error,geom_model_gaussian1_depth,geom_model_gaussian1_depth_error,geom_model_gaussian2_phase,geom_model_gaussian2_phase_error,geom_model_gaussian2_sigma,geom_model_gaussian2_sigma_error,geom_model_gaussian2_depth,geom_model_gaussian2_depth_error,geom_model_cosine_half_period_amplitude,geom_model_cosine_half_period_amplitude_error,geom_model_cosine_half_period_phase,geom_model_cosine_half_period_phase_error,model_type,num_model_parameters,reduced_chi2,derived_primary_ecl_phase,derived_primary_ecl_phase_error,derived_primary_ecl_duration,derived_primary_ecl_duration_error,derived_primary_ecl_depth,derived_primary_ecl_depth_error,derived_secondary_ecl_phase,derived_secondary_ecl_phase_error,derived_secondary_ecl_duration,derived_secondary_ecl_duration_error,derived_secondary_ecl_depth,derived_secondary_ecl_depth_error
[from data line 444]
375316653866487564,6030831654997976320,0.51027286,2146.251623281675,3.2094201251761754,2.2876557E-5,18.611414,0.007439874,null,null,null,null,null,null,null,null,null,null,null,null,0.154472,0.010851185,0.24335994,0.0051400876,"ELLIPSOIDAL",4,9.850125,null,null,null,null,null,null,null,null,null,null,null,null
375316653866487564,6030832449595874048,0.51375073,2193.244550974561,3.692696559691826,2.3639222E-4,19.045904,0.0113297,0.2756225,0.030503342,0.014396278,0.05158006,0.6524637,0.6823542,null,null,null,null,null,null,null,null,null,null,"ONEGAUSSIAN",5,2.611385,0.2756225,0.030503342,0.08061916,0.28884834,0.6524637,0.0,null,null,null,null,null,null
375316653866487564,6030833274209664128,0.546647,2199.2658705319714,2.8786158331441354,1.1566409E-5,19.302128,0.013907199,0.2473818,0.0043173223,0.06285408,0.007892802,0.57556146,0.15175219,0.7439659,0.0040618107,0.07660674,0.00532732,0.5357153,0.035335872,null,null,null,null,"TWOGAUSSIANS",8,2.3626397,0.2473818,0.0043173223,0.35198286,0.04419969,0.5739316,0.15249155,0.7439659,0.0040618107,0.4,0.0,0.53408533,0.035847407
375316653866487564,6030833544779843840,0.5758774,2190.941515377996,1.84294361604591,2.7607204E-5,17.86219,0.0073746555,0.18633284,0.004042101,0.069869585,0.0045643724,0.26205322,0.011854902,0.6953353,0.007978034,0.08797915,0.008830711,0.18448535,0.017467692,null,null,null,null,"TWOGAUSSIANS",8,3.2287452,0.18633284,0.004042101,0.39126968,0.02180538,0.25969958,0.011491736,0.6953353,0.007978034,0.4,0.0,0.18213166,0.017983029
375316653866487564,6030834133203229440,0.55900407,2193.7903595852354,2.8285004691818783,1.3913661E-5,16.861721,0.05196767,0.25429848,0.0049557514,0.046421167,0.034328427,0.26988527,0.0821338,0.750146,0.0069760606,0.057742182,0.012217009,0.33964175,0.11962953,0.07273681,0.06004633,0.25429848,0.0049557514,"TWOGAUSSIANS_WITH_ELLIPSOIDAL_ON_ECLIPSE1",9,20.273624,0.750566,0.0062809754,0.32335624,0.068415254,0.4850042,0.052095458,0.25429848,0.0049557514,0.25995854,0.1487127,0.41533667,0.17862661
375316653866487564,6030837118192790400,0.57459295,2215.5161281761875,2.6065204718395663,2.7595195E-5,18.260134,0.008929518,0.21628666,0.0038034555,0.049253024,0.0028895575,0.5657203,0.0356439,0.739161,0.012909388,0.08077674,0.014352683,0.17540023,0.029254122,null,null,null,null,"TWOGAUSSIANS",8,7.2154922,0.21628666,0.0038034555,0.27581695,0.016181521,0.5655602,0.03563349,0.739161,0.012909388,0.4,0.0,0.17524008,0.029341934
375316653866487564,6030837122500629248,0.51633906,2215.768732617027,1.538339256161409,1.8164643E-5,17.256748,0.0018512429,null,null,null,null,null,null,null,null,null,null,null,null,0.04240602,0.0028610153,0.2866802,0.004239278,"ELLIPSOIDAL",4,2.6989696,null,null,null,null,null,null,null,null,null,null,null,null
375316653866487564,6030837225579758208,0.48779517,2192.153084172604,2.6987206233525494,3.246188E-5,19.430248,0.036158,0.24490151,0.006811025,0.08485298,0.02057476,0.2466317,0.024475964,0.73226905,0.011881338,0.092630066,0.024111778,0.19125001,0.030886088,null,null,null,null,"TWOGAUSSIANS",8,2.6848478,0.24490151,0.006809479,0.4,0.0,0.23998532,0.010260589,0.73226905,0.011881338,0.4,0.0,0.18460342,0.017441703
375316653866487564,6030837977186312576,0.54469115,2214.7758574296367,2.7313305968524237,2.027759E-5,18.278095,0.012094541,0.22955793,0.0044778814,0.09281509,0.0071119843,0.2593021,0.0119975675,0.74918896,0.007807359,0.0824423,0.0119306035,0.22116056,0.0199915,null,null,null,null,"TWOGAUSSIANS",8,3.802469,0.22955793,0.0044778814,0.4,0.0,0.253378,0.008854231,0.74918896,0.007807359,0.4,0.0,0.2152369,0.021143822
375316653866487564,6030838084573444736,0.4706138,2209.01852733857,3.711484742744204,3.6751833E-5,19.67272,0.006921332,0.7377504,0.008647509,0.012442002,0.015587606,0.042018168,0.1251627,null,null,null,null,null,null,0.08525286,0.008895523,0.7377504,0.008647509,"ONEGAUSSIAN_WITH_ELLIPSOIDAL",6,1.7370844,0.7377504,0.008647509,0.06967521,0.08729059,0.2125235,0.13031884,null,null,null,null,null,null
375316653866487564,6030839081005414656,0.44137263,2147.913266757253,0.5583261499946639,4.8245496E-5,18.02684,0.005613307,0.29431292,0.007741126,0.044951607,0.011026346,0.040568333,0.005277006,0.5706627,0.025837796,0.09162129,0.009926219,0.0805684,0.023461169,null,null,null,null,"TWOGAUSSIANS",8,2.7199876,0.5706627,0.025837796,0.4,0.0,0.08056829,0.023461437,0.2957729,0.007409224,0.251729,0.061747536,0.04144111,0.005577831
375316653866487564,6030840141849809920,0.4844775,2236.8514054799402,3.4378282498255834,3.115865E-5,18.42501,0.0031137972,null,null,null,null,null,null,null,null,null,null,null,null,0.05839875,0.004366175,0.30637515,0.006280669,"ELLIPSOIDAL",4,2.4617276,null,null,null,null,null,null,null,null,null,null,null,null
375316653866487564,6030840970806920704,0.56005716,2211.821710463391,2.815611867705306,2.6068908E-5,17.330889,0.011204032,0.27367085,0.0015954586,0.077025495,0.0036677648,0.45772243,0.010618185,0.768622,0.005010059,0.08091234,0.0055908663,0.3995305,0.020182129,null,null,null,null,"TWOGAUSSIANS",8,20.569904,0.27367085,0.0015954586,0.4,0.0,0.45258707,0.010752873,0.768622,0.005010059,0.4,0.0,0.39439517,0.020065973
375316653866487564,6030841211325041792,0.5935447,2206.0827339903267,2.8713057557059773,1.361267E-5,16.385328,0.0073509314,0.30792224,0.0018695059,0.047890812,0.008873966,0.094692916,0.018334072,0.8290637,0.012007013,0.036466565,0.017959822,0.10055305,0.0199659,0.103270926,0.010706083,0.30792224,0.0018695059,"TWOGAUSSIANS_WITH_ELLIPSOIDAL_ON_ECLIPSE1",9,14.447364,0.8290637,0.012007013,0.20421275,0.100575,0.3034715,0.015227579,0.30792224,0.0018695059,0.26818857,0.049694207,0.30123448,0.01572105
375316653866487564,6030841623628065280,0.5755402,2216.835540554576,3.855635967757253,6.321872E-6,19.180647,0.015056883,0.22067297,0.0063448027,0.08148549,0.009317714,0.44636348,0.03725375,0.7284328,0.006555246,0.07197091,0.0055616014,0.5536422,0.03564426,null,null,null,null,"TWOGAUSSIANS",8,1.842703,0.7284328,0.006555246,0.4,0.02039483,0.54951334,0.035196587,0.22067297,0.0063448027,0.4,0.0,0.44223464,0.038506687
375316653866487564,6030842207757494784,0.6396712,2203.36850919811,2.053041382689406,6.160841E-6,15.435402,0.008638082,0.21750154,0.0025839878,0.100654095,0.0042907046,0.2731202,0.00886711,0.70725995,0.0043011606,0.10968771,0.008179005,0.22779433,0.009650827,null,null,null,null,"TWOGAUSSIANS",8,11.581843,0.21751153,0.0025829717,0.4,0.0,0.2469937,0.0076068942,0.70725995,0.0043011606,0.4,0.0,0.20165531,0.012340148
375316653866487564,6030843238549415552,0.4581027,2204.907101054704,2.634490185640716,7.687541E-5,14.790587,0.13221695,0.29064667,0.025549533,0.11528571,0.2845926,0.05175163,0.109855555,0.78390616,0.014457944,0.10352599,0.0724499,0.063525155,0.077744365,null,null,null,null,"TWOGAUSSIANS",8,66.676636,0.78390616,0.014457944,0.4,0.0,0.05576024,0.0147326,0.29064667,0.025652984,0.4,0.44610226,0.04397908,0.040599145
375316653866487564,6030844436817299328,0.5356762,2212.0394520255877,1.5456767153708317,1.6280514E-5,16.79824,0.006247644,0.22943202,0.00517382,0.09612028,0.007814491,0.10321414,0.0065237894,0.7303947,0.003934893,0.09500341,0.009022003,0.08444328,0.007861732,null,null,null,null,"TWOGAUSSIANS",8,2.5101762,0.22943202,0.00517382,0.4,0.0,0.097199626,0.004236453,0.7303947,0.003934893,0.4,0.0,0.07842887,0.0072217793
375316653866487564,6030845330170677888,0.47645494,2237.804001523769,2.6431539124604573,2.7983642E-5,18.440308,0.017005157,0.3013321,0.0027484144,0.11286628,0.013376581,0.11703569,0.0161204,0.7722832,0.00874774,0.11548784,0.018118411,0.10792948,0.016484724,null,null,null,null,"TWOGAUSSIANS",8,1.3479557,0.30142206,0.002692796,0.4,0.0,0.10172392,0.0071833753,0.7722832,0.00874774,0.4,0.0,0.09260963,0.008123895
375316653866487564,6030846773279754368,0.58278954,2204.6260391850383,1.6922499499605792,2.556818E-5,17.311895,0.008744462,0.10107549,7.399611E-4,0.026907863,0.0019067634,0.827942,0.09852661,0.5959346,1.670824E-4,0.025204929,4.568571E-4,0.39764798,0.009460111,null,null,null,null,"TWOGAUSSIANS",8,29.731379,0.10107549,7.399611E-4,0.15068403,0.010677875,0.827942,0.09852661,0.5959346,1.670824E-4,0.1411476,0.0025583997,0.39764798,0.009460111
