Gaia/vari_eclipsing_binary/VariEclipsingBinary_602947-603019.csv
# %ECSV 1.0
# ---
# delimiter: ','
# meta: !!omap
# - RELEASE: Gaia DR3
# - TABLE: vari_eclipsing_binary
# - DESCRIPTION: >
#     This table describes the properties of the eclipsing binaries resulting from the variability analysis. 
# - CITATION: >
#     How to cite and acknowledge Gaia: 
#     https://gea.esac.esa.int/archive/documentation/credits.html 
# - KNOWN_ISSUES: >
#     Known issues: 
#     https://www.cosmos.esa.int/web/gaia-users/known-issues 
# - DOCUMENTATION: >
#     Tutorials and documentation: 
#     https://www.cosmos.esa.int/web/gaia-users/archive 
# datatype:
# - 
#   name: solution_id
#   datatype: int64
#   description: Solution Identifier
#   meta:
#     ucd: meta.version
# - 
#   name: source_id
#   datatype: int64
#   description: Unique source identifier
#   meta:
#     ucd: meta.id;meta.main
# - 
#   name: global_ranking
#   datatype: float32
#   description: Number between 0 (worst) and 1 (best)
#   meta:
#     ucd: stat.param
# - 
#   name: reference_time
#   datatype: float64
#   unit: d
#   description: Reference time used for the geometric model fit
#   meta:
#     ucd: time.epoch
# - 
#   name: frequency
#   datatype: float64
#   unit: d**-1
#   description: Frequency of geometric model of the eclipsing binary light curve
#   meta:
#     ucd: src.orbital
# - 
#   name: frequency_error
#   datatype: float32
#   unit: d**-1
#   description: "Uncertainty of \\texttt{frequency}"
#   meta:
#     ucd: stat.error
# - 
#   name: geom_model_reference_level
#   datatype: float32
#   unit: mag
#   description: Magnitude reference level of geometric model
#   meta:
#     ucd: phot.mag;em.opt
# - 
#   name: geom_model_reference_level_error
#   datatype: float32
#   unit: mag
#   description: "Uncertainty of \\texttt{geomModelReferenceLevel}"
#   meta:
#     ucd: stat.error;phot.mag;em.opt
# - 
#   name: geom_model_gaussian1_phase
#   datatype: float32
#   description: Phase of the Gaussian 1 component
#   meta:
#     ucd: time.phase
# - 
#   name: geom_model_gaussian1_phase_error
#   datatype: float32
#   description: "Uncertainty of \\texttt{geomModelGaussian1Phase}"
#   meta:
#     ucd: stat.error;time.phase
# - 
#   name: geom_model_gaussian1_sigma
#   datatype: float32
#   description: "Standard deviation [phase] of Gaussian 1 component"
#   meta:
#     ucd: stat.stdev
# - 
#   name: geom_model_gaussian1_sigma_error
#   datatype: float32
#   description: "Uncertainty of \\texttt{geomModelGaussian1Sigma}"
#   meta:
#     ucd: stat.error
# - 
#   name: geom_model_gaussian1_depth
#   datatype: float32
#   unit: mag
#   description: Magnitude depth of Gaussian 1 component
#   meta:
#     ucd: src.var.amplitude
# - 
#   name: geom_model_gaussian1_depth_error
#   datatype: float32
#   unit: mag
#   description: "Uncertainty of \\texttt{geomModelGaussian1Depth}"
#   meta:
#     ucd: stat.error;src.var.amplitude
# - 
#   name: geom_model_gaussian2_phase
#   datatype: float32
#   description: Phase of Gaussian 2 component
#   meta:
#     ucd: time.phase
# - 
#   name: geom_model_gaussian2_phase_error
#   datatype: float32
#   description: "Uncertainty of \\texttt{geomModelGaussian2Phase}"
#   meta:
#     ucd: stat.error;time.phase
# - 
#   name: geom_model_gaussian2_sigma
#   datatype: float32
[...]
#   datatype: float32
#   description: "Secondary eclipse: uncertainty of \\texttt{derivedSecondaryEclDuration}"
#   meta:
#     ucd: stat.error;time.duration
# - 
#   name: derived_secondary_ecl_depth
#   datatype: float32
#   unit: mag
#   description: "Secondary eclipse: depth"
#   meta:
#     ucd: src.var.amplitude
# - 
#   name: derived_secondary_ecl_depth_error
#   datatype: float32
#   unit: mag
#   description: "Secondary eclipse: uncertainty of \\texttt{derivedSecondaryEclDepth}"
#   meta:
#     ucd: stat.error;src.var.amplitude
solution_id,source_id,global_ranking,reference_time,frequency,frequency_error,geom_model_reference_level,geom_model_reference_level_error,geom_model_gaussian1_phase,geom_model_gaussian1_phase_error,geom_model_gaussian1_sigma,geom_model_gaussian1_sigma_error,geom_model_gaussian1_depth,geom_model_gaussian1_depth_error,geom_model_gaussian2_phase,geom_model_gaussian2_phase_error,geom_model_gaussian2_sigma,geom_model_gaussian2_sigma_error,geom_model_gaussian2_depth,geom_model_gaussian2_depth_error,geom_model_cosine_half_period_amplitude,geom_model_cosine_half_period_amplitude_error,geom_model_cosine_half_period_phase,geom_model_cosine_half_period_phase_error,model_type,num_model_parameters,reduced_chi2,derived_primary_ecl_phase,derived_primary_ecl_phase_error,derived_primary_ecl_duration,derived_primary_ecl_duration_error,derived_primary_ecl_depth,derived_primary_ecl_depth_error,derived_secondary_ecl_phase,derived_secondary_ecl_phase_error,derived_secondary_ecl_duration,derived_secondary_ecl_duration_error,derived_secondary_ecl_depth,derived_secondary_ecl_depth_error
[from data line 143]
375316653866487564,5303684075368444032,0.6232087,2062.0409497073,0.6707568506608632,2.6922937E-6,16.700691,0.001150258,0.22753696,0.015385659,0.022549495,0.009662581,0.4176512,0.09922777,0.7265544,3.241804E-4,0.021593504,4.2709778E-4,0.38039988,0.0074090273,null,null,null,null,"TWOGAUSSIANS",8,4.451961,0.22753696,0.015385659,0.12627718,0.054110453,0.4176512,0.09922777,0.7265544,3.241804E-4,0.12092362,0.0023917477,0.38039988,0.0074090273
375316653866487564,5303685140520339328,0.48456565,2089.6094774675657,3.2443768445475394,1.520085E-5,16.592506,0.29192698,0.23779096,0.009487601,0.11619053,0.05459971,0.1525836,0.23963156,0.72072846,0.008966898,0.13649613,0.085059874,0.17178018,0.28556097,null,null,null,null,"TWOGAUSSIANS",8,17.790197,0.72072846,0.008966898,0.4,0.0,0.13185024,0.011308914,0.23823096,0.0067174723,0.4,0.0,0.11308017,0.009008264
375316653866487564,5303685484117729152,0.5209762,2084.2338895550984,1.7063159240447634,9.953599E-7,16.718168,0.0018129544,0.23296115,1.409315E-6,0.004023658,2.9126164E-5,0.6600898,0.008315786,0.7006588,2.8606452E-4,0.01067334,3.2826507E-4,0.16427834,0.0029712177,null,null,null,null,"TWOGAUSSIANS",8,8.460079,0.23296115,1.409315E-6,0.022532484,1.6310651E-4,0.6600898,0.008315786,0.7006588,2.8606452E-4,0.059770707,0.0018382843,0.16427834,0.0029712177
375316653866487564,5303685685967425920,0.5907223,2057.3544346781423,2.0858104378510425,4.237442E-6,17.724764,0.0046094623,0.2798706,0.0015773776,0.083750054,0.0020296525,0.43843397,0.010790136,0.7786695,0.0019449122,0.08936268,0.0026354743,0.39850095,0.009874988,null,null,null,null,"TWOGAUSSIANS",8,4.5573635,0.2798706,0.0015773776,0.4,0.0,0.42581785,0.011274582,0.7786695,0.0019449122,0.4,0.0,0.38588473,0.010671752
375316653866487564,5303686411832290432,0.48351428,2066.869913472931,0.0708084495129143,2.6055544E-5,19.313822,0.0053658183,0.15285903,3.300754E-5,0.0057966453,1.540728E-4,0.31083617,0.0037083284,0.50978184,0.00876597,0.043874748,0.010616715,0.08553998,0.029802611,null,null,null,null,"TWOGAUSSIANS",8,2.1789222,0.15285903,3.300754E-5,0.032461215,8.628077E-4,0.31083617,0.0037083284,0.50978184,0.00876597,0.2456986,0.059453603,0.08553998,0.029802611
375316653866487564,5303688404695277312,0.5237576,2069.083282996688,0.4213075085611861,9.1972855E-5,16.562346,0.0018608395,0.39450058,0.0010691956,0.015720392,9.6041145E-4,0.16727534,0.0031375387,0.5610899,0.014547353,0.02524979,0.016629439,0.33717266,0.28532913,null,null,null,null,"TWOGAUSSIANS",8,13.137361,0.5610899,0.014547353,0.14139883,0.09312485,0.33717266,0.28532913,0.39450058,0.0010691956,0.08803419,0.005378304,0.16727534,0.003138238
375316653866487564,5303689950883341952,0.5190585,2040.4626731977767,2.5449350850694894,2.468353E-5,17.527098,0.009274864,0.2646406,0.0052222833,0.085095845,0.008849337,0.15875885,0.010853472,0.76200354,0.0065188655,0.096216835,0.009980557,0.1497942,0.011059569,null,null,null,null,"TWOGAUSSIANS",8,4.9624033,0.2646406,0.0052222833,0.4,0.0,0.15217513,0.009700872,0.76200354,0.0065188655,0.4,0.0,0.14321008,0.0096618375
375316653866487564,5303691565791056128,0.66064554,2074.3573319386287,0.31186924158924517,4.9980456E-5,15.868353,5.5536523E-4,0.22332154,0.026796117,0.019801648,0.010899186,0.010435833,0.009702828,0.50658387,0.0013767786,0.0182918,9.844698E-4,0.34239954,0.010751215,5.0937076E-4,9.966944E-4,0.50658387,0.0013767786,"TWOGAUSSIANS_WITH_ELLIPSOIDAL_ON_ECLIPSE2",9,2.3656933,0.50658387,0.0013767786,0.10243408,0.0055130306,0.3434183,0.010811463,0.22322154,0.02661849,0.110889226,0.061035443,0.010479812,0.009736727
375316653866487564,5303692046827406336,0.49788594,2069.878249493158,0.7758314569014917,1.4500461E-5,12.869549,0.11878746,0.22811078,0.006693986,0.1818086,0.111543685,0.06375098,0.117136866,0.71769416,0.007261636,0.14405896,0.030090058,0.07195311,0.07063239,null,null,null,null,"TWOGAUSSIANS",8,18.40759,0.71769416,0.007261636,0.4,0.0,0.036091585,0.0013446849,0.22923078,0.00593586,0.4,0.0,0.025312731,0.0013822268
375316653866487564,5303692661002207488,0.5044843,2035.9324094464866,2.6210857128564555,1.3583424E-5,18.439579,0.0032555137,0.76756006,0.0036837892,0.017367978,0.0087541975,0.028522022,0.05925063,null,null,null,null,null,null,0.08762295,0.0049462537,0.76756006,0.0036837892,"ONEGAUSSIAN_WITH_ELLIPSOIDAL",6,3.3400774,0.76756006,0.0036837892,0.09726068,0.049023505,0.20376791,0.058781408,null,null,null,null,null,null
375316653866487564,5303694761252074496,0.4391499,2077.765184653345,0.18940205854217806,3.834746E-6,19.493319,0.01568999,0.53125703,4.787346E-4,0.020405034,0.0012036829,0.86222506,0.042816978,0.8980479,0.012068096,0.04197897,0.0048079924,0.10825093,0.0440969,null,null,null,null,"TWOGAUSSIANS",8,7.4665956,0.53125703,4.787346E-4,0.11426819,0.0067406236,0.86222506,0.042816978,0.8980479,0.012068096,0.23508224,0.026924757,0.10825093,0.0440969
375316653866487564,5303696096964177152,0.5086264,2048.1276903760836,3.899695026308391,1.4679888E-5,18.396612,0.36816406,0.26983175,0.009429263,0.13517499,0.060759198,0.27871922,0.34037137,0.77421665,0.0043409113,0.1428408,0.0782135,0.27766612,0.35247254,null,null,null,null,"TWOGAUSSIANS",8,2.2896369,0.26963174,0.0092053665,0.4,0.0,0.17269287,0.008737508,0.77435666,0.0040184017,0.4,0.0,0.17102002,0.013853696
375316653866487564,5303696444873741056,0.6006722,2063.9214955465795,0.30100041915435594,7.653194E-6,18.357553,0.003732987,0.10733457,6.01802E-4,0.008714725,7.217943E-4,0.6672071,0.06388735,0.6049827,0.0065544895,0.008149429,0.0060667214,0.70178807,0.2700551,null,null,null,null,"TWOGAUSSIANS",8,3.523577,0.6049827,0.0065544895,0.045636803,0.033973638,0.70178807,0.2700551,0.10733457,6.01802E-4,0.04880246,0.004042048,0.6672071,0.06388735
375316653866487564,5303696719751563264,0.54244065,2044.981593129062,3.427196193405872,5.212561E-6,19.049356,0.013607647,0.27507672,0.004873548,0.084993064,0.005148389,0.5255698,0.027594939,0.75739866,0.0034270636,0.08359402,0.004919003,0.52798676,0.014189012,null,null,null,null,"TWOGAUSSIANS",8,4.483056,0.75739866,0.0034270636,0.4,0.0,0.5185426,0.01270809,0.27507672,0.004873548,0.4,0.0,0.5161256,0.027097508
375316653866487564,5303696925910250496,0.5779021,2085.192745049482,0.2425892096909799,7.1997306E-6,12.475337,0.0016338588,0.250143,0.0011317107,0.037347782,0.0014205512,0.09440277,0.0035436961,null,null,null,null,null,null,0.016689427,0.0020864771,0.250143,0.0011317107,"ONEGAUSSIAN_WITH_ELLIPSOIDAL",6,103.39383,0.250143,0.0011317107,0.20914759,0.007955086,0.1277816,0.0022185396,null,null,null,null,null,null
375316653866487564,5303697338227156736,0.5919662,2087.0792514106984,2.3727216622086833,6.597198E-6,16.033901,0.010944043,0.24618481,0.0021529056,0.05322914,0.00648805,0.1863127,0.028566666,0.7515378,0.004385696,0.05277553,0.009515234,0.19514918,0.027238216,0.09872334,0.0138272615,0.24618481,0.0021529056,"TWOGAUSSIANS_WITH_ELLIPSOIDAL_ON_ECLIPSE1",9,41.415237,0.7515378,0.004385696,0.29554296,0.053285312,0.39236724,0.03193028,0.24618481,0.0021529056,0.2980832,0.036333077,0.38375401,0.020860912
375316653866487564,5303697510025585536,0.57020134,2065.964374309086,1.9939496864812807,6.7938167E-6,17.18523,0.007526949,0.25666407,0.0020375033,0.087450705,0.0035736947,0.26473954,0.007306195,0.7722807,0.004510304,0.08099128,0.006412713,0.15690693,0.008047643,null,null,null,null,"TWOGAUSSIANS",8,6.3791666,0.25666407,0.0020375033,0.4,0.0,0.26095256,0.0060468833,0.7722807,0.004510304,0.4,0.0,0.15312001,0.0071750525
375316653866487564,5303697849314052224,0.47723693,2043.4693714731616,0.051003031020944105,5.2168225E-6,17.423197,0.0014913967,0.19133364,0.002271555,0.011747349,0.0020448505,0.015890794,0.0025202963,0.5613418,6.504084E-4,0.0021989862,3.3447475E-4,0.13556564,0.017210906,0.009104218,0.0018470221,0.5613418,6.504084E-4,"TWOGAUSSIANS_WITH_ELLIPSOIDAL_ON_ECLIPSE2",9,3.9693768,0.5613418,6.504084E-4,0.012314323,0.0018730585,0.15377408,0.017376639,0.19033363,0.0020040742,0.065785155,0.011451163,0.024481043,0.003825742
375316653866487564,5303698403378534016,0.5520324,2058.1309847164425,2.716663584486938,1.0451433E-5,18.467602,0.042087086,0.28353292,0.0075458935,0.11042575,0.017624356,0.25724214,0.039656684,0.79151696,0.0026872868,0.12054141,0.016777253,0.25042352,0.03866414,null,null,null,null,"TWOGAUSSIANS",8,2.1327467,0.28349292,0.007559704,0.4,0.0,0.2122255,0.012804297,0.791527,0.0026927919,0.4,0.0,0.20533074,0.009190216
375316653866487564,5303698540817501312,0.5549525,2090.63049457511,1.7213747538491706,4.054764E-5,14.477237,0.0015425332,0.4813821,0.008587912,0.019067299,0.009481791,0.45499372,0.8183397,null,null,null,null,null,null,null,null,null,null,"ONEGAUSSIAN",5,33.043423,0.4813821,0.008587912,0.10677687,0.05309803,0.45499372,0.0,null,null,null,null,null,null
375316653866487564,5303699086261597440,0.6287924,2036.5538759662802,1.3808423105382688,3.4970578E-6,18.028551,0.0112274345,0.22789308,0.0051584654,0.044103805,0.008952926,0.22376223,0.088215,0.72042644,0.0011928595,0.039058775,0.0019526217,0.71522313,0.038133204,0.048493028,0.015840394,0.22789308,0.0051584654,"TWOGAUSSIANS_WITH_ELLIPSOIDAL_ON_ECLIPSE1",9,6.2596254,0.7205464,0.0011647183,0.21872914,0.010934682,0.81199926,0.03440736,0.22789308,0.0051584654,0.24698131,0.050136387,0.32074824,0.093387805
375316653866487564,5303699429858980224,0.46182033,2047.8512289119353,2.4611183769294556,2.0549654E-5,18.514517,0.02196398,0.23120962,0.020757379,0.17375806,0.03943186,0.10865826,0.022213178,0.63263685,0.005680333,0.07164609,0.006579963,0.2713489,0.0150399385,null,null,null,null,"TWOGAUSSIANS",8,8.106197,0.63263685,0.005680333,0.4,0.0163109,0.26646748,0.012187036,0.23120962,0.020757379,0.4,0.0,0.09595417,0.016456839
375316653866487564,5303701220877666048,0.44126928,2068.1771577880704,1.5098259433116128,2.9421983E-5,15.465426,0.0033500968,null,null,null,null,null,null,null,null,null,null,null,null,0.0411981,0.004299516,0.25448498,0.008763428,"ELLIPSOIDAL",4,81.43701,null,null,null,null,null,null,null,null,null,null,null,null
375316653866487564,5303701908072214784,0.6072774,2106.047220027026,2.074458958213232,3.423999E-6,13.6514435,0.008913994,0.27233645,0.0011954729,0.07919045,0.0025054943,0.4235712,0.009626239,0.7872923,0.0033801612,0.09389845,0.00445549,0.15551268,0.009269698,null,null,null,null,"TWOGAUSSIANS",8,87.900475,0.27233645,0.0011954729,0.4,0.0,0.41782996,0.008911848,0.7872923,0.0033801612,0.4,0.0,0.14977115,0.0077797435
375316653866487564,5303706031240573568,0.5967743,2033.859672830965,0.10517164944756804,9.963529E-7,17.328606,0.0016170713,0.9393836,0.024203222,0.018694716,0.020287579,0.0066630105,0.06693457,0.31950575,1.4264647E-7,2.3491296E-4,7.9146486E-7,0.45224693,0.0014213739,null,null,null,null,"TWOGAUSSIANS",8,2.1747549,0.31950575,1.4264647E-7,0.0013155126,4.4322032E-6,0.45224693,0.0014213739,0.9393836,0.024203222,0.10469041,0.11361045,0.0066630105,0.06693457
375316653866487564,5303706855874267776,0.6549374,2108.364911881127,2.7807735098488684,2.9859011E-6,15.310122,0.017411657,0.28466195,0.0024846902,0.06023154,0.0044811224,0.34675705,0.037549555,0.78948146,8.913996E-4,0.063150704,0.0033753454,0.40793633,0.035494555,0.06462112,0.020097783,0.78948146,8.913996E-4,"TWOGAUSSIANS_WITH_ELLIPSOIDAL_ON_ECLIPSE2",9,34.211952,0.78948146,8.913996E-4,0.35364395,0.018901935,0.536974,0.008918046,0.28512195,0.002170985,0.33729663,0.025094286,0.47568762,0.012627485
375316653866487564,5303707233831423104,0.530115,2116.8521726043405,1.953442213994138,2.5706431E-5,16.068874,0.0039937017,0.6295714,0.040441263,0.066178925,0.03797103,0.01894285,0.00983361,0.9490887,0.01003582,0.0060521835,0.0020944788,1.2851343,5.6170454,0.005340473,0.0062187454,0.6295714,0.040441263,"TWOGAUSSIANS_WITH_ELLIPSOIDAL_ON_ECLIPSE1",9,77.118256,0.9490887,0.01003582,0.03389223,0.011729081,1.2870312,5.6174746,0.6295714,0.040441263,0.37060198,0.21263778,0.0296091,0.0077719623
375316653866487564,5303707268173604480,0.5376839,2092.5865647731703,3.3235090265157705,1.20388395E-5,19.884466,0.024176303,0.27749065,0.002960617,0.06474135,0.003984361,0.5936866,0.03803447,0.77740127,0.0052676867,0.060888153,0.008070282,0.57919115,0.09160971,null,null,null,null,"TWOGAUSSIANS",8,3.2004101,0.27749065,0.002960617,0.36255154,0.022312421,0.59326166,0.037702397,0.77740127,0.0052676867,0.34097368,0.045193575,0.5787662,0.09192101
375316653866487564,5303710498006438400,0.6593688,2060.667932194865,2.447582496318127,2.5309382E-6,16.800793,0.0070236614,0.2507638,0.0011128179,0.046839535,0.0032859137,0.23370065,0.016468486,0.7510182,0.0019914883,0.050254487,0.0040391427,0.22278544,0.018829053,0.14195544,0.008445523,0.2507638,0.0011128179,"TWOGAUSSIANS_WITH_ELLIPSOIDAL_ON_ECLIPSE1",9,5.903999,0.2507638,0.0011128179,0.2623014,0.018401118,0.5176098,0.0107063595,0.7510182,0.0019232531,0.28142515,0.0226192,0.50669384,0.018216679
375316653866487564,5303712383490930944,0.5475017,2046.7825049518742,0.27399322987856084,3.069561E-5,18.3922,0.0019309778,0.3419165,0.04442154,0.04349799,0.05421479,0.024932284,0.17373653,0.8282204,9.6968625E-4,0.0137726795,7.9283613E-4,0.44620138,0.0025115635,null,null,null,null,"TWOGAUSSIANS",8,2.1510916,0.8282204,9.6968625E-4,0.077127,0.004439882,0.44620138,0.0025115598,0.3419165,0.04442154,0.24358875,0.2459427,0.024932284,0.17373653
375316653866487564,5303712830157507200,0.613176,2075.9116388852626,2.8123191959053466,3.672083E-6,17.177996,0.007399786,0.25261876,0.0013875855,0.05584171,0.0034513301,0.30803764,0.016334672,0.7298548,0.055809036,0.032539554,0.029084504,0.39404094,11.578911,0.09586361,0.009007631,0.25261876,0.0013875855,"TWOGAUSSIANS_WITH_ELLIPSOIDAL_ON_ECLIPSE1",9,9.948005,0.7307348,0.055924095,0.1822215,0.16287322,0.58200806,11.576189,0.25261876,0.0013875855,0.3127136,0.019327449,0.4997509,0.012705528
375316653866487564,5303713212406881408,0.48982978,2043.135674803989,1.257327014626644,3.084926E-5,19.08399,0.0049376334,0.33585453,0.00408342,0.025199823,0.0032557242,0.13616818,0.02409019,0.8440662,5.302551E-5,0.0109712295,3.2007165E-4,0.41624054,0.0033065577,null,null,null,null,"TWOGAUSSIANS",8,3.4565277,0.8440662,5.302551E-5,0.061438885,0.0017924012,0.41624054,0.0033065577,0.33585453,0.00408342,0.141119,0.018232057,0.13616818,0.02409019
375316653866487564,5303713762181407488,0.43437243,2081.3849029454163,0.7994579504091348,7.918204E-5,18.878828,0.026256189,0.27071753,0.0056368047,0.034540813,0.005522066,0.4185688,0.099872485,0.65971214,0.042521264,0.09683556,0.03616177,0.10391876,0.033038966,null,null,null,null,"TWOGAUSSIANS",8,23.7599,0.27071753,0.0056339083,0.19342856,0.03092357,0.41859612,0.09989818,0.65971214,0.042521264,0.4,0.0,0.10391353,0.033036683
375316653866487564,5303714311937130624,0.57316864,2072.8072988825334,0.08933192860044474,1.14532035E-4,13.975777,3.2241948E-4,0.58557636,0.023573587,0.025211165,0.025626943,0.0031634732,0.003083585,0.84496695,9.5906935E-4,0.005930762,5.65402E-4,0.11239603,0.008376904,null,null,null,null,"TWOGAUSSIANS",8,5.0257926,0.84496695,9.5906935E-4,0.033212267,0.0031662511,0.11239603,0.008376904,0.58557636,0.023573587,0.14118253,0.14351088,0.0031634732,0.003083585
375316653866487564,5303714552455080448,0.49390635,2065.049413477763,0.729591118933286,8.027417E-6,16.738997,0.12494045,0.24418257,0.0052047623,0.10563923,0.05900341,0.076544516,0.107219905,0.7450364,0.006694024,0.11568325,0.08219981,0.062251896,0.12114713,null,null,null,null,"TWOGAUSSIANS",8,2.2698898,0.24418257,0.005417539,0.4,0.0,0.06597822,0.0041334946,0.7450364,0.006694024,0.4,0.0,0.051676758,0.0033773594
375316653866487564,5303715033491470208,0.5192375,2059.5794578007885,0.5438752639854122,1.1848895E-5,17.189735,0.0012325078,0.21715945,0.0039720684,0.015495951,0.0075760377,0.23059332,0.20306392,0.7183507,0.014815739,0.020208659,0.0015529789,0.100485526,0.052957702,0.014015306,0.0021401204,0.21715945,0.0039720684,"TWOGAUSSIANS_WITH_ELLIPSOIDAL_ON_ECLIPSE1",9,2.9170706,0.21715945,0.0039720684,0.08677733,0.04242581,0.2586239,0.20335016,0.7183507,0.014562676,0.11316849,0.008696682,0.12851453,0.054011844
