Gaia/vari_eclipsing_binary/VariEclipsingBinary_348781-349438.csv
# %ECSV 1.0
# ---
# delimiter: ','
# meta: !!omap
# - RELEASE: Gaia DR3
# - TABLE: vari_eclipsing_binary
# - DESCRIPTION: >
#     This table describes the properties of the eclipsing binaries resulting from the variability analysis. 
# - CITATION: >
#     How to cite and acknowledge Gaia: 
#     https://gea.esac.esa.int/archive/documentation/credits.html 
# - KNOWN_ISSUES: >
#     Known issues: 
#     https://www.cosmos.esa.int/web/gaia-users/known-issues 
# - DOCUMENTATION: >
#     Tutorials and documentation: 
#     https://www.cosmos.esa.int/web/gaia-users/archive 
# datatype:
# - 
#   name: solution_id
#   datatype: int64
#   description: Solution Identifier
#   meta:
#     ucd: meta.version
# - 
#   name: source_id
#   datatype: int64
#   description: Unique source identifier
#   meta:
#     ucd: meta.id;meta.main
# - 
#   name: global_ranking
#   datatype: float32
#   description: Number between 0 (worst) and 1 (best)
#   meta:
#     ucd: stat.param
# - 
#   name: reference_time
#   datatype: float64
#   unit: d
#   description: Reference time used for the geometric model fit
#   meta:
#     ucd: time.epoch
# - 
#   name: frequency
#   datatype: float64
#   unit: d**-1
#   description: Frequency of geometric model of the eclipsing binary light curve
#   meta:
#     ucd: src.orbital
# - 
#   name: frequency_error
#   datatype: float32
#   unit: d**-1
#   description: "Uncertainty of \\texttt{frequency}"
#   meta:
#     ucd: stat.error
# - 
#   name: geom_model_reference_level
#   datatype: float32
#   unit: mag
#   description: Magnitude reference level of geometric model
#   meta:
#     ucd: phot.mag;em.opt
# - 
#   name: geom_model_reference_level_error
#   datatype: float32
#   unit: mag
#   description: "Uncertainty of \\texttt{geomModelReferenceLevel}"
#   meta:
#     ucd: stat.error;phot.mag;em.opt
# - 
#   name: geom_model_gaussian1_phase
#   datatype: float32
#   description: Phase of the Gaussian 1 component
#   meta:
#     ucd: time.phase
# - 
#   name: geom_model_gaussian1_phase_error
#   datatype: float32
#   description: "Uncertainty of \\texttt{geomModelGaussian1Phase}"
#   meta:
#     ucd: stat.error;time.phase
# - 
#   name: geom_model_gaussian1_sigma
#   datatype: float32
#   description: "Standard deviation [phase] of Gaussian 1 component"
#   meta:
#     ucd: stat.stdev
# - 
#   name: geom_model_gaussian1_sigma_error
#   datatype: float32
#   description: "Uncertainty of \\texttt{geomModelGaussian1Sigma}"
#   meta:
#     ucd: stat.error
# - 
#   name: geom_model_gaussian1_depth
#   datatype: float32
#   unit: mag
#   description: Magnitude depth of Gaussian 1 component
#   meta:
#     ucd: src.var.amplitude
# - 
#   name: geom_model_gaussian1_depth_error
#   datatype: float32
#   unit: mag
#   description: "Uncertainty of \\texttt{geomModelGaussian1Depth}"
#   meta:
#     ucd: stat.error;src.var.amplitude
# - 
#   name: geom_model_gaussian2_phase
#   datatype: float32
#   description: Phase of Gaussian 2 component
#   meta:
#     ucd: time.phase
# - 
#   name: geom_model_gaussian2_phase_error
#   datatype: float32
#   description: "Uncertainty of \\texttt{geomModelGaussian2Phase}"
#   meta:
#     ucd: stat.error;time.phase
# - 
#   name: geom_model_gaussian2_sigma
#   datatype: float32
[...]
#   datatype: float32
#   description: "Secondary eclipse: uncertainty of \\texttt{derivedSecondaryEclDuration}"
#   meta:
#     ucd: stat.error;time.duration
# - 
#   name: derived_secondary_ecl_depth
#   datatype: float32
#   unit: mag
#   description: "Secondary eclipse: depth"
#   meta:
#     ucd: src.var.amplitude
# - 
#   name: derived_secondary_ecl_depth_error
#   datatype: float32
#   unit: mag
#   description: "Secondary eclipse: uncertainty of \\texttt{derivedSecondaryEclDepth}"
#   meta:
#     ucd: stat.error;src.var.amplitude
solution_id,source_id,global_ranking,reference_time,frequency,frequency_error,geom_model_reference_level,geom_model_reference_level_error,geom_model_gaussian1_phase,geom_model_gaussian1_phase_error,geom_model_gaussian1_sigma,geom_model_gaussian1_sigma_error,geom_model_gaussian1_depth,geom_model_gaussian1_depth_error,geom_model_gaussian2_phase,geom_model_gaussian2_phase_error,geom_model_gaussian2_sigma,geom_model_gaussian2_sigma_error,geom_model_gaussian2_depth,geom_model_gaussian2_depth_error,geom_model_cosine_half_period_amplitude,geom_model_cosine_half_period_amplitude_error,geom_model_cosine_half_period_phase,geom_model_cosine_half_period_phase_error,model_type,num_model_parameters,reduced_chi2,derived_primary_ecl_phase,derived_primary_ecl_phase_error,derived_primary_ecl_duration,derived_primary_ecl_duration_error,derived_primary_ecl_depth,derived_primary_ecl_depth_error,derived_secondary_ecl_phase,derived_secondary_ecl_phase_error,derived_secondary_ecl_duration,derived_secondary_ecl_duration_error,derived_secondary_ecl_depth,derived_secondary_ecl_depth_error
[from data line 535]
375316653866487564,3071812390226213120,0.6010115,2248.530366515715,0.35356107152937777,4.7647422E-6,18.647345,0.0016999659,0.18683901,0.0013264604,0.01464772,0.001889226,0.46291453,0.17093281,0.6877701,0.0010015485,0.015166103,7.216934E-4,0.45804068,0.0064482074,null,null,null,null,"TWOGAUSSIANS",8,1.2049186,0.18683901,0.0013264604,0.082027234,0.010579665,0.46291453,0.17093281,0.6877701,0.0010015485,0.08493018,0.0040414827,0.45804068,0.0064482074
375316653866487564,3071840775664703744,0.47890234,2230.2210252287937,2.761438218612517,3.0063087E-5,15.595396,0.008455593,0.34160516,0.0053262985,0.09062453,0.008387909,0.1425789,0.011313859,0.85101956,0.006303056,0.06901796,0.010786147,0.1502407,0.023954982,null,null,null,null,"TWOGAUSSIANS",8,78.83446,0.85101956,0.006303056,0.3865006,0.037551966,0.14846547,0.024971973,0.34160516,0.0053262985,0.4,0.0,0.14080358,0.010844605
375316653866487564,3071842901673111040,0.61534864,2193.178054429344,2.3942608066957773,3.6185793E-5,18.371408,0.0039792727,0.16743794,0.007114521,0.03301078,0.013295687,0.64134353,0.4265597,0.6660172,0.0016906871,0.034519516,0.001542864,0.6680999,0.017317777,null,null,null,null,"TWOGAUSSIANS",8,3.786867,0.6660172,0.0016906871,0.19330929,0.008640039,0.6680999,0.017317777,0.16743794,0.007114521,0.18486038,0.07445585,0.64134353,0.4265597
375316653866487564,3071878120405865856,0.48658857,2231.8936981460683,4.351202452473627,1.72748E-5,18.421358,1.8652813,0.3513452,0.015330843,0.27176937,0.24841022,1.2232916,1.8432484,0.8246718,0.022030156,0.12632288,0.065220244,0.8125105,0.72575074,null,null,null,null,"TWOGAUSSIANS",8,5.3433847,0.8246718,0.022030156,0.4,0.0,0.39608747,0.059955265,0.35245523,0.013861899,0.4,0.0,0.3550366,0.094964184
375316653866487564,3071879082478549760,0.50297713,2226.16040326971,2.7971630585530813,1.3012177E-5,15.811764,0.0017916185,0.23657437,0.005798363,0.0491655,0.010401546,0.03845445,0.003630849,0.7426009,0.0045766355,0.04635956,0.0034332606,0.10258182,0.014336498,null,null,null,null,"TWOGAUSSIANS",8,5.740602,0.7426009,0.0045766355,0.25961354,0.019226259,0.102581725,0.014336548,0.23657437,0.005798363,0.2753268,0.058248658,0.03845435,0.0036310256
375316653866487564,3071885164152323072,0.5533134,2234.829557223191,2.742794912303379,1.845872E-5,18.38313,0.013747382,0.24022363,0.0034697808,0.073826395,0.005129667,0.36029136,0.017397717,0.7352955,0.005285874,0.094318554,0.006763828,0.42652816,0.019196844,null,null,null,null,"TWOGAUSSIANS",8,6.658272,0.7352955,0.005285874,0.4,0.0,0.41787046,0.017092178,0.24022363,0.0034697808,0.4,0.0032682947,0.35163438,0.015039927
375316653866487564,3071914473008895744,0.5663932,2200.312344743372,3.688263578751978,9.084069E-6,17.959713,0.0041230097,0.2194223,0.0020946888,0.035791982,0.0050149825,0.086133584,0.01197954,0.7248751,0.027363423,0.04079572,0.013811641,0.08318688,0.046463605,0.11043561,0.0071558417,0.2194223,0.0020946888,"TWOGAUSSIANS_WITH_ELLIPSOIDAL_ON_ECLIPSE1",9,4.6284723,0.2194223,0.0020946888,0.2004351,0.028083904,0.30700478,0.009110777,0.7248751,0.02320549,0.22845604,0.07734519,0.3037989,0.04544992
375316653866487564,3071920829559333248,0.6512061,2212.699100772568,0.6326066463635848,1.276142E-5,16.23308,0.004190563,0.2419201,0.0036479428,0.03119549,0.003367342,1.1920643,0.34345987,0.742033,8.5312873E-4,0.026131216,0.0025340472,0.09461862,0.009273149,0.01955673,0.0056510814,0.2419201,0.0036479428,"TWOGAUSSIANS_WITH_ELLIPSOIDAL_ON_ECLIPSE1",9,21.00104,0.2419201,0.0036479428,0.17469475,0.018857116,1.2311778,0.34457028,0.742033,8.466288E-4,0.14633481,0.0141906645,0.13373205,0.0033465903
375316653866487564,3071977248249952000,0.5126493,2209.746437655545,3.1768231769479307,2.311108E-5,15.98699,0.006191509,0.25566715,0.0060837343,0.070151806,0.0066002086,0.21509898,0.014004109,0.766203,0.004063633,0.0855887,0.00587051,0.21005431,0.015172571,null,null,null,null,"TWOGAUSSIANS",8,72.33481,0.25566715,0.0060837343,0.39285013,0.02937084,0.21313962,0.01398805,0.766203,0.004063633,0.4,0.0,0.20809494,0.015426554
375316653866487564,3072003778263458560,0.488422,2218.1131768797686,2.2223189594951087,1.2780274E-5,13.729979,0.041183423,0.24752969,0.014751141,0.06857576,0.013637972,0.23240693,0.10334766,0.7310152,0.003473953,0.058999415,0.0044668424,0.6873099,0.088359535,0.031984318,0.06003443,0.24752969,0.014751141,"TWOGAUSSIANS_WITH_ELLIPSOIDAL_ON_ECLIPSE1",9,1016.80927,0.73142517,0.0025611834,0.33039674,0.025014319,0.7502982,0.043601938,0.24752969,0.014751141,0.38402426,0.0665476,0.29606453,0.038103256
375316653866487564,3072022225147544064,0.47919118,2240.694855497597,3.457109506891794,2.7079168E-5,18.852808,0.06820502,0.24529955,0.008110944,0.11576784,0.026278578,0.26279512,0.065230586,0.74797237,0.004896296,0.11405506,0.023281151,0.26145136,0.06117991,null,null,null,null,"TWOGAUSSIANS",8,4.5639887,0.24528955,0.008127867,0.4,0.0,0.21488804,0.0168625,0.7479824,0.0049108905,0.4,0.0,0.213556,0.018958658
375316653866487564,3072025596697586304,0.5551386,2229.481781631459,1.5093369181403486,1.0762515E-6,17.518412,0.002333326,0.4449844,1.3673547E-5,0.009815528,7.172151E-4,0.14971824,0.023352684,0.88230455,9.3545864E-8,0.0016038351,4.743016E-6,3.296881,0.01886146,null,null,null,null,"TWOGAUSSIANS",8,13.873612,0.88230455,9.3545864E-8,0.008981477,2.6560889E-5,3.296881,0.01886146,0.4449844,1.3673547E-5,0.05496696,0.004016405,0.14971824,0.023352684
375316653866487564,3072042914005724160,0.44495043,2271.914938119361,0.0811485296898693,1.893551E-5,15.520636,0.0021427004,0.2714912,0.004684672,0.0655564,0.0071096816,0.115950316,0.028864726,0.7665731,0.076338165,0.06357567,0.03729095,0.1608755,0.121377446,null,null,null,null,"TWOGAUSSIANS",8,9.217164,0.7665731,0.076338165,0.35602376,0.20882931,0.1607452,0.121353544,0.2714912,0.004684672,0.36711586,0.039814215,0.11582002,0.028970994
375316653866487564,3072078338895919104,0.5796508,2225.1707707757764,1.862982569220186,5.788857E-6,15.834384,0.014981681,0.2635659,0.0015826904,0.100207746,0.0054210657,0.2731442,0.013072306,0.79045886,0.0023705983,0.117809445,0.011573784,0.17414005,0.011446566,null,null,null,null,"TWOGAUSSIANS",8,10.517379,0.26350588,0.001584672,0.4,0.0,0.25040534,0.004612525,0.7904688,0.0023633929,0.4,0.0,0.15134269,0.004767716
375316653866487564,3072089437091367296,0.58274585,2255.972546207364,2.971565376202832,9.862098E-6,14.81879,0.011178027,0.29325348,0.0033327108,0.08524861,0.0038923128,0.34023294,0.014719853,0.7922279,0.0019780553,0.09098332,0.0046527027,0.38299567,0.012776288,null,null,null,null,"TWOGAUSSIANS",8,92.83002,0.7922279,0.0019780553,0.4,0.0,0.37029,0.012660138,0.29325348,0.0033327108,0.4,0.0,0.3275275,0.012033082
375316653866487564,3072096274679424512,0.5141892,2225.0765368837283,2.312729369909248,1.5914826E-5,17.114227,0.008788819,0.24054235,0.02296009,0.013751222,0.011725402,0.07851396,0.74012035,0.7331613,0.0020056085,0.03609068,0.0028029403,0.38413313,0.021782666,0.016883183,0.013196446,0.7331613,0.0020056085,"TWOGAUSSIANS_WITH_ELLIPSOIDAL_ON_ECLIPSE2",9,44.879444,0.7331613,0.0020056085,0.20210782,0.015696466,0.41789946,0.013716941,0.24049234,0.022615125,0.07700685,0.06566225,0.112208165,0.7449063
375316653866487564,3072127026646100864,0.4999,2212.678212371442,0.07587042894313388,8.9375135E-6,19.691908,0.022935117,0.1249776,0.00989404,0.020594291,0.009482121,0.23608078,0.047574855,0.74177,0.0043452857,0.053750135,0.00934121,0.35903886,0.08433418,0.13857009,0.026505224,0.74177,0.0043452857,"TWOGAUSSIANS_WITH_ELLIPSOIDAL_ON_ECLIPSE2",9,5.24401,0.74177,0.0043452857,0.30100074,0.052310776,0.6361714,0.065399684,0.1281076,0.008118249,0.115328036,0.053099878,0.39160797,0.04244005
375316653866487564,3072128465459160576,0.55485415,2210.1868335603885,4.665212222812671,1.5496862E-5,17.888027,0.023197008,0.21502274,0.005351254,0.07637026,0.0073556257,0.5225614,0.025869608,0.69095296,0.0049730474,0.07977949,0.0065452107,0.60178834,0.033002242,null,null,null,null,"TWOGAUSSIANS",8,21.675064,0.69095296,0.0049730474,0.4,0.0,0.597767,0.031723026,0.21502274,0.005351254,0.4,0.0,0.51854,0.023372227
375316653866487564,3072154342637039872,0.5638195,2221.630967000346,2.689442268109025,1.5688871E-5,12.753116,0.011268336,0.28475067,0.0046715266,0.049147528,0.012037385,0.09686738,0.026121726,0.76186585,0.007272037,0.06555902,0.0071118656,0.14445142,0.022878788,0.10255425,0.014273217,0.28475067,0.0046715266,"TWOGAUSSIANS_WITH_ELLIPSOIDAL_ON_ECLIPSE1",9,614.3908,0.7693059,0.0043423367,0.36713055,0.039826445,0.3466818,0.008514561,0.28475067,0.0046715266,0.27522615,0.06740936,0.30195045,0.008216128
375316653866487564,3072167742935122944,0.52810353,2250.5009107028054,4.922529392163961,2.7403441E-5,19.596321,0.010314523,0.26018313,0.0041671894,0.08674442,0.0067977384,0.33859375,0.019379228,0.7668323,0.002795991,0.06760274,0.0058428515,0.3887826,0.014632688,null,null,null,null,"TWOGAUSSIANS",8,1.6297771,0.7668323,0.002795991,0.37857535,0.03271997,0.38552314,0.015394466,0.26018313,0.0041671894,0.4,0.0,0.33533427,0.020196147
375316653866487564,3072189492650515200,0.43044254,2197.3909668702395,0.09959463299532059,1.2100649E-4,15.64543,0.18956974,0.20437177,0.07563389,0.19944328,0.2889907,0.08352872,0.17440361,0.7147278,0.0306829,0.08187573,0.06294679,0.22989412,1.4516732,null,null,null,null,"TWOGAUSSIANS",8,22.986803,0.7150278,0.030754242,0.4,0.2725743,0.2018464,1.480157,0.20437177,0.07563389,0.4,0.19282016,0.048215833,0.013584702
375316653866487564,3072197223590592896,0.49243107,2223.0150076168643,3.197595981846872,2.4222209E-5,12.157811,0.06777127,0.30405056,0.005196075,0.17885461,0.04071658,0.42901465,0.15730204,0.7994452,0.005727446,0.24013156,0.06731377,0.5478696,0.07272278,null,null,null,null,"TWOGAUSSIANS",8,150.16269,0.7994452,0.005727446,0.4,0.0,0.08732811,0.0037908494,0.30948058,0.0070121144,0.4,0.0,0.07656646,0.016385313
375316653866487564,3072200964506693760,0.5013144,2227.4782719705136,1.181197712926457,5.518395E-5,18.21533,0.0018594277,0.114228494,0.0018388402,0.009946974,0.0013678627,0.18458879,0.008584367,0.64662075,0.0018313384,0.010867587,0.0052626445,0.023692561,0.002719361,null,null,null,null,"TWOGAUSSIANS",8,1.9608608,0.114228494,0.0018388402,0.055703055,0.0076600313,0.18458879,0.008584367,0.64662075,0.0018313384,0.060858488,0.029470809,0.023692561,0.002719361
375316653866487564,3072212685472881152,0.6109248,2246.0686551891886,0.5537922219138194,1.0759603E-6,14.621869,4.4933066E-4,0.25992817,7.998959E-9,0.0103449505,1.783706E-5,1.0789866,0.004116222,null,null,null,null,null,null,null,null,null,null,"ONEGAUSSIAN",5,6.8247724,0.25992817,7.998959E-9,0.05793172,9.988753E-5,1.0789866,0.0,null,null,null,null,null,null
375316653866487564,3072221717788818560,0.53482306,2193.439182190645,2.995127387371663,3.117406E-5,14.529902,0.009704855,0.22027844,0.0030083288,0.09388382,0.0061553293,0.20169178,0.009749591,0.72447103,0.005279013,0.09307884,0.0070140157,0.20147945,0.011914468,null,null,null,null,"TWOGAUSSIANS",8,123.15942,0.22027844,0.0030083288,0.4,0.0,0.19106798,0.007651066,0.72447103,0.005279013,0.4,0.0,0.19085573,0.010497083
375316653866487564,3072256524203069184,0.6964563,2223.326114573886,1.1754371255891083,1.2540129E-6,11.686098,0.0019430018,0.2401513,0.0016204447,0.042895958,0.0034483308,0.064135484,0.0074243215,0.7422114,2.5018826E-4,0.041746583,3.0083137E-4,0.784587,0.005241097,0.033141,0.0027652327,0.2401513,0.0016204447,"TWOGAUSSIANS_WITH_ELLIPSOIDAL_ON_ECLIPSE1",9,37.86419,0.7422114,2.5018826E-4,0.23378088,0.0016846556,0.8508578,0.003989423,0.2401513,0.0016204447,0.24021737,0.019310653,0.13041739,0.0062870574
375316653866487564,3072263159928426752,0.5420862,2223.3892759228006,3.3117830134834167,8.091764E-6,16.072672,0.75853086,0.2605512,0.0055591892,0.1429761,0.102147065,0.30408362,0.7260005,0.76912063,0.0044066557,0.132334,0.067293346,0.27561206,0.62652534,null,null,null,null,"TWOGAUSSIANS",8,16.797928,0.2603512,0.0042799963,0.4,0.0,0.1992934,0.013212699,0.76954067,0.002810508,0.4,0.0,0.1717439,0.007436991
375316653866487564,3072266870780112384,0.6600583,2233.112885957491,3.9773677271305226,3.8636663E-6,17.78678,0.010412999,0.29078597,0.0015354556,0.049156588,0.003112891,0.5412769,0.04286582,0.78869283,0.001466159,0.04289458,0.0022148273,0.40841183,0.026710654,0.12855652,0.014561195,0.29078597,0.0015354556,"TWOGAUSSIANS_WITH_ELLIPSOIDAL_ON_ECLIPSE1",9,3.9704947,0.29078597,0.0015354556,0.2752769,0.01743219,0.79838794,0.03964662,0.78887284,0.001301439,0.24020965,0.012403033,0.66548216,0.008519169
375316653866487564,3072286490190758016,0.6410215,2232.9055486923107,3.6806172639378465,1.2440487E-5,16.398785,0.009000669,0.2581781,0.0028831135,0.051784582,0.004679975,0.4616274,0.024973625,0.76006484,0.0014238571,0.04947783,0.0020069492,0.3747578,0.018899575,0.11712187,0.010891777,0.2581781,0.0028831135,"TWOGAUSSIANS_WITH_ELLIPSOIDAL_ON_ECLIPSE1",9,21.6257,0.2581781,0.0028831135,0.28999367,0.026207859,0.6958656,0.019010948,0.76006484,0.0014009619,0.27707586,0.011238916,0.6089631,0.006552007
375316653866487564,3072298138141991936,0.63887936,2207.076279525518,2.024018838049254,3.3955246E-6,11.2691145,0.006063146,0.24245004,0.0011222869,0.04199427,0.0019973505,0.20978649,0.01533904,0.7386289,0.0021204848,0.046738427,0.0026603362,0.24774854,0.01374449,0.12122799,0.0069589894,0.24245004,0.0011222869,"TWOGAUSSIANS_WITH_ELLIPSOIDAL_ON_ECLIPSE1",9,48.46337,0.73917896,0.0017742583,0.2617352,0.014897883,0.4900847,0.006294371,0.24245004,0.0011222869,0.2351679,0.011185163,0.45224223,0.006691914
375316653866487564,3072333764895146368,0.42519444,2242.9130030042447,3.1262344986289996,1.2907521E-4,17.65215,0.014368018,0.38983905,0.017757554,0.050592296,0.15735382,0.059492104,0.02093187,null,null,null,null,null,null,null,null,null,null,"ONEGAUSSIAN",5,5.382003,0.38983905,0.017757554,0.28331685,0.1707834,0.059492104,0.0,null,null,null,null,null,null
375316653866487564,3072339026230942464,0.41335097,2181.9773562349433,0.17558504556785953,7.872028E-5,16.825672,0.11704544,0.45275536,0.06484798,0.24678177,0.20319001,0.11975631,0.0716395,0.88950294,0.02860503,0.07009019,0.017894214,0.054387126,0.031066673,null,null,null,null,"TWOGAUSSIANS",8,8.536052,0.45275536,0.06484798,0.4,0.0,0.07787735,0.06187338,0.88950294,0.02860503,0.39250505,0.08830693,0.046309877,0.015608539
375316653866487564,3072345588941078912,0.46667686,2227.302263649304,2.938756844707792,2.9246477E-5,14.520007,0.013427506,0.2577947,0.01049702,0.08162973,0.010794559,0.2944011,0.039620955,0.76844275,0.008790681,0.079503775,0.0101917805,0.33128443,0.037092343,null,null,null,null,"TWOGAUSSIANS",8,877.1838,0.76844275,0.008790681,0.4,0.0,0.32717058,0.038125016,0.2577947,0.01049702,0.4,0.0,0.29028723,0.040175643
375316653866487564,3072373793991549568,0.45913723,2249.3745454024593,0.8930725058294664,1.1525819E-4,16.116787,0.0048712716,0.3963786,0.04260512,0.032127805,0.035111405,0.481103,4.77590674E17,0.6669267,0.031825416,0.060960986,0.028016843,0.039685182,0.011163468,null,null,null,null,"TWOGAUSSIANS",8,85.88439,0.3963786,0.0426049,0.17991571,0.19662386,0.4811051,4.77590674E17,0.6669267,0.031825416,0.34138152,0.13664436,0.039685182,0.011163468
375316653866487564,3072384278006282880,0.5324294,2248.5036016625886,2.3789059390656355,1.3651497E-5,16.453728,0.0066437316,0.23082586,0.0015824648,0.028618166,0.0020652055,0.44228774,0.046398684,0.72837704,0.0028017072,0.035994124,0.0041432837,0.43612903,0.040143233,0.024259673,0.010820533,0.23082586,0.0015824648,"TWOGAUSSIANS_WITH_ELLIPSOIDAL_ON_ECLIPSE1",9,94.29875,0.23082586,0.0015824648,0.16026174,0.011565151,0.49080703,0.048187293,0.7284071,0.0027661154,0.2015671,0.023202388,0.484637,0.04239317
375316653866487564,3072399911688186880,0.40960017,2232.196692913906,0.11350267425817305,1.8229667E-4,18.93116,0.032162003,0.27087533,0.031884994,0.18874018,0.06715573,0.106564164,0.031544656,0.71438485,0.0165937,0.052611962,0.027774975,0.13740332,0.38438335,null,null,null,null,"TWOGAUSSIANS",8,6.2179217,0.71438485,0.0165937,0.29462698,0.15553986,0.1319523,0.3899044,0.27087533,0.031884994,0.4,0.0,0.09299459,0.015316888
