Gaia/vari_eclipsing_binary/VariEclipsingBinary_639041-639169.csv
# %ECSV 1.0
# ---
# delimiter: ','
# meta: !!omap
# - RELEASE: Gaia DR3
# - TABLE: vari_eclipsing_binary
# - DESCRIPTION: >
#     This table describes the properties of the eclipsing binaries resulting from the variability analysis. 
# - CITATION: >
#     How to cite and acknowledge Gaia: 
#     https://gea.esac.esa.int/archive/documentation/credits.html 
# - KNOWN_ISSUES: >
#     Known issues: 
#     https://www.cosmos.esa.int/web/gaia-users/known-issues 
# - DOCUMENTATION: >
#     Tutorials and documentation: 
#     https://www.cosmos.esa.int/web/gaia-users/archive 
# datatype:
# - 
#   name: solution_id
#   datatype: int64
#   description: Solution Identifier
#   meta:
#     ucd: meta.version
# - 
#   name: source_id
#   datatype: int64
#   description: Unique source identifier
#   meta:
#     ucd: meta.id;meta.main
# - 
#   name: global_ranking
#   datatype: float32
#   description: Number between 0 (worst) and 1 (best)
#   meta:
#     ucd: stat.param
# - 
#   name: reference_time
#   datatype: float64
#   unit: d
#   description: Reference time used for the geometric model fit
#   meta:
#     ucd: time.epoch
# - 
#   name: frequency
#   datatype: float64
#   unit: d**-1
#   description: Frequency of geometric model of the eclipsing binary light curve
#   meta:
#     ucd: src.orbital
# - 
#   name: frequency_error
#   datatype: float32
#   unit: d**-1
#   description: "Uncertainty of \\texttt{frequency}"
#   meta:
#     ucd: stat.error
# - 
#   name: geom_model_reference_level
#   datatype: float32
#   unit: mag
#   description: Magnitude reference level of geometric model
#   meta:
#     ucd: phot.mag;em.opt
# - 
#   name: geom_model_reference_level_error
#   datatype: float32
#   unit: mag
#   description: "Uncertainty of \\texttt{geomModelReferenceLevel}"
#   meta:
#     ucd: stat.error;phot.mag;em.opt
# - 
#   name: geom_model_gaussian1_phase
#   datatype: float32
#   description: Phase of the Gaussian 1 component
#   meta:
#     ucd: time.phase
# - 
#   name: geom_model_gaussian1_phase_error
#   datatype: float32
#   description: "Uncertainty of \\texttt{geomModelGaussian1Phase}"
#   meta:
#     ucd: stat.error;time.phase
# - 
#   name: geom_model_gaussian1_sigma
#   datatype: float32
#   description: "Standard deviation [phase] of Gaussian 1 component"
#   meta:
#     ucd: stat.stdev
# - 
#   name: geom_model_gaussian1_sigma_error
#   datatype: float32
#   description: "Uncertainty of \\texttt{geomModelGaussian1Sigma}"
#   meta:
#     ucd: stat.error
# - 
#   name: geom_model_gaussian1_depth
#   datatype: float32
#   unit: mag
#   description: Magnitude depth of Gaussian 1 component
#   meta:
#     ucd: src.var.amplitude
# - 
#   name: geom_model_gaussian1_depth_error
#   datatype: float32
#   unit: mag
#   description: "Uncertainty of \\texttt{geomModelGaussian1Depth}"
#   meta:
#     ucd: stat.error;src.var.amplitude
# - 
#   name: geom_model_gaussian2_phase
#   datatype: float32
#   description: Phase of Gaussian 2 component
#   meta:
#     ucd: time.phase
# - 
#   name: geom_model_gaussian2_phase_error
#   datatype: float32
#   description: "Uncertainty of \\texttt{geomModelGaussian2Phase}"
#   meta:
#     ucd: stat.error;time.phase
# - 
#   name: geom_model_gaussian2_sigma
#   datatype: float32
[...]
#   datatype: float32
#   description: "Secondary eclipse: uncertainty of \\texttt{derivedSecondaryEclDuration}"
#   meta:
#     ucd: stat.error;time.duration
# - 
#   name: derived_secondary_ecl_depth
#   datatype: float32
#   unit: mag
#   description: "Secondary eclipse: depth"
#   meta:
#     ucd: src.var.amplitude
# - 
#   name: derived_secondary_ecl_depth_error
#   datatype: float32
#   unit: mag
#   description: "Secondary eclipse: uncertainty of \\texttt{derivedSecondaryEclDepth}"
#   meta:
#     ucd: stat.error;src.var.amplitude
solution_id,source_id,global_ranking,reference_time,frequency,frequency_error,geom_model_reference_level,geom_model_reference_level_error,geom_model_gaussian1_phase,geom_model_gaussian1_phase_error,geom_model_gaussian1_sigma,geom_model_gaussian1_sigma_error,geom_model_gaussian1_depth,geom_model_gaussian1_depth_error,geom_model_gaussian2_phase,geom_model_gaussian2_phase_error,geom_model_gaussian2_sigma,geom_model_gaussian2_sigma_error,geom_model_gaussian2_depth,geom_model_gaussian2_depth_error,geom_model_cosine_half_period_amplitude,geom_model_cosine_half_period_amplitude_error,geom_model_cosine_half_period_phase,geom_model_cosine_half_period_phase_error,model_type,num_model_parameters,reduced_chi2,derived_primary_ecl_phase,derived_primary_ecl_phase_error,derived_primary_ecl_duration,derived_primary_ecl_duration_error,derived_primary_ecl_depth,derived_primary_ecl_depth_error,derived_secondary_ecl_phase,derived_secondary_ecl_phase_error,derived_secondary_ecl_duration,derived_secondary_ecl_duration_error,derived_secondary_ecl_depth,derived_secondary_ecl_depth_error
[from data line 794]
375316653866487564,5622049385166643456,0.5163318,2202.691956190929,1.1318885861546062,3.280913E-6,16.35409,0.0041338834,0.32792124,0.049511038,0.14151028,0.07336318,0.022731401,0.008010196,0.6622215,0.002501696,0.041536715,0.0038679163,0.45317808,0.05048554,null,null,null,null,"TWOGAUSSIANS",8,18.56207,0.6622215,0.002501696,0.23260559,0.021660332,0.45445746,0.051018137,0.32792124,0.049511038,0.4,0.0,0.02261479,0.008218405
375316653866487564,5622049415223471104,0.6155821,2195.6256025554135,1.7381044164371662,5.9474255E-6,18.868744,0.013969111,0.28785425,0.0016352851,0.049541596,0.004271356,0.23154017,0.032489844,0.7792874,0.0055967774,0.06250038,0.009295314,0.20992526,0.029235713,0.119071275,0.017236853,0.28785425,0.0016352851,"TWOGAUSSIANS_WITH_ELLIPSOIDAL_ON_ECLIPSE1",9,1.5349809,0.28785425,0.0016352851,0.27743292,0.023919594,0.46964186,0.009574909,0.7815074,0.0039183246,0.3500021,0.052053757,0.44751605,0.013899119
375316653866487564,5622050205501399040,0.6396452,2204.041652746848,0.29383344897078234,1.3738952E-5,17.717613,0.001233307,0.18890467,0.0026827618,0.031085039,0.007952502,0.95557094,0.6939891,0.49137515,0.0017599523,0.00907071,0.0013319005,0.012637148,0.0017716628,null,null,null,null,"TWOGAUSSIANS",8,1.5008781,0.18890467,0.0026827618,0.17407621,0.04453401,0.95557094,0.6939891,0.49137515,0.0017599523,0.050795976,0.0074586426,0.012637148,0.0017716628
375316653866487564,5622053680133960704,0.6621663,2196.348421423648,0.6447058045868976,4.0193186E-6,16.802856,0.0017631154,0.38152397,0.0017254372,0.024595292,6.1874284E-4,0.6357487,0.027112449,0.23460893,0.099403575,0.09574814,0.11984174,0.0045808414,0.003483842,null,null,null,null,"TWOGAUSSIANS",8,2.9406848,0.38150397,0.0017209764,0.13773364,0.0034649598,0.63716054,0.027775558,0.23461893,0.09975975,0.4,0.17654327,0.004580842,0.0034838018
375316653866487564,5622053783213150464,0.5664426,2187.35638401244,1.8502885447253559,6.20707E-6,15.18978,0.07841844,0.26195183,0.004900576,0.1752974,0.03169911,0.17324641,0.075903825,0.73379654,0.0063915877,0.14655091,0.015647737,0.16596612,0.065001234,null,null,null,null,"TWOGAUSSIANS",8,3.3800008,0.26476184,0.0029462192,0.4,0.0,0.08648473,0.0021080934,0.73379654,0.0063915877,0.4,0.0,0.0844816,0.0021092694
375316653866487564,5622054947142338944,0.573022,2181.1934414434913,3.390593906301066,6.1841492E-6,19.260014,0.016837789,0.28308144,0.0013125839,0.07083282,0.002754666,0.56132334,0.018679675,0.78137773,0.002173604,0.07389196,0.0044383416,0.46818662,0.018174399,null,null,null,null,"TWOGAUSSIANS",8,1.7190131,0.28308144,0.0013125839,0.39666378,0.015129532,0.55881065,0.017924579,0.78137773,0.002173604,0.4,0.006024559,0.46567395,0.01768576
375316653866487564,5622055295041588992,0.5134529,2210.2056395929853,1.8718297661175562,1.898268E-5,19.081896,0.0038714386,0.16698532,0.0035390963,0.03357186,0.004010888,0.13245589,0.011565154,0.6993423,0.0048484975,0.009211968,0.010417507,0.07913312,0.1049785,0.05292053,0.007685674,0.16698532,0.0035390963,"TWOGAUSSIANS_WITH_ELLIPSOIDAL_ON_ECLIPSE1",9,1.5409825,0.16698532,0.0035390963,0.18800242,0.022460973,0.23829693,0.009677741,0.6993423,0.0048484975,0.05158702,0.05833804,0.1806594,0.116497144
375316653866487564,5622055325099488000,0.53236693,2195.103919615844,3.3896457688261052,1.9543055E-5,19.178244,0.009246367,0.2652358,0.0065114424,0.06763791,0.008191904,0.3464992,0.029816035,0.75585806,0.0048080496,0.07522203,0.005755239,0.35843953,0.013009229,null,null,null,null,"TWOGAUSSIANS",8,3.1273,0.75585806,0.0048080496,0.4,0.0,0.35721713,0.012963255,0.2652358,0.0065114424,0.37877232,0.043299034,0.3452768,0.030136649
375316653866487564,5622056600702401920,0.5010509,2225.9067581638787,1.5582189042857435,1.1354556E-6,15.391746,0.0014876378,0.6521287,0.014822375,0.043779716,0.009795749,0.04010858,0.047094,0.8383276,1.10465805E-7,0.0028354258,1.1685483E-5,5.311503,0.09969011,null,null,null,null,"TWOGAUSSIANS",8,21.624052,0.8383276,1.10465805E-7,0.015878385,6.5438704E-5,5.3115077,0.09968121,0.6521287,0.014822375,0.24516642,0.054856196,0.04010858,0.047094
375316653866487564,5622060753935990528,0.555345,2237.874822383288,2.645282550272485,8.49055E-6,18.429394,0.008612909,0.23956046,0.0063940277,0.07537275,0.0075670765,0.3016363,0.03567746,0.74311644,0.0015064352,0.08118643,0.0030244414,0.3539722,0.009830338,null,null,null,null,"TWOGAUSSIANS",8,3.752348,0.74311644,0.0015064352,0.4,0.0,0.3502584,0.0091034975,0.23956046,0.0063940277,0.4,0.0,0.29792252,0.036415443
375316653866487564,5622060861319391232,0.5294665,2231.1864968065865,1.1436282875063943,1.1810873E-6,17.364311,8.9898426E-4,0.5740175,5.330347E-4,0.036085866,5.930903E-4,0.26691017,0.002850982,0.7867824,0.0039206087,0.027430026,0.0032972125,0.0076087913,0.001401625,8.5640135E-9,2.0263612E-4,0.5740175,5.330347E-4,"TWOGAUSSIANS_WITH_ELLIPSOIDAL_ON_ECLIPSE1",9,1.8917644,0.5740175,5.330347E-4,0.20208085,0.0033213058,0.2669102,0.0025012337,0.7867824,0.0039206087,0.15360814,0.01846439,0.0076087997,0.0014172047
375316653866487564,5622062059608232960,0.5955006,2196.7516629491074,0.363747463761315,1.0886002E-6,17.92904,0.0020788377,0.14503215,8.078448E-6,0.0058569275,2.901061E-5,2.143259,0.02141819,0.64883053,8.303884E-4,0.01823285,8.820557E-4,0.40326053,0.00423404,null,null,null,null,"TWOGAUSSIANS",8,2.6444154,0.14503215,8.078448E-6,0.032798793,1.6245942E-4,2.143259,0.02141819,0.64883053,8.303884E-4,0.10210396,0.004939512,0.40326053,0.00423404
375316653866487564,5622062540642332416,0.61174554,2219.0534449054044,3.0321159058475584,1.06743455E-5,18.705109,0.024997694,0.26488876,0.003653035,0.046255127,0.008224243,0.35068518,0.054865237,0.76030177,0.004094744,0.05091728,0.00893259,0.43251887,0.037767053,0.12007112,0.027833309,0.26488876,0.003653035,"TWOGAUSSIANS_WITH_ELLIPSOIDAL_ON_ECLIPSE1",9,2.2326503,0.7607718,0.0035587088,0.28513676,0.0500225,0.6724801,0.03477058,0.26488876,0.003653035,0.2590287,0.04605576,0.5908255,0.018554434
375316653866487564,5622062819816505344,0.5123619,2236.4013642462974,3.366299575000397,1.8697947E-5,19.829206,0.015212251,0.26540998,0.0064378204,0.07007471,0.009198852,0.60038596,0.11943336,0.7624034,0.0048873415,0.06626165,0.005233179,0.58976686,0.04368655,null,null,null,null,"TWOGAUSSIANS",8,3.1857967,0.26540998,0.0064378204,0.39241835,0.0469211,0.5990685,0.12035612,0.7624034,0.0048873415,0.37106523,0.029305803,0.5884494,0.04384452
375316653866487564,5622063060342769920,0.5331669,2210.805414440994,2.76431742026387,2.6944981E-5,19.760706,0.017592028,0.21995565,0.01159351,0.057302978,0.014485342,0.44196582,0.051566057,0.7235785,0.0051333862,0.04732175,0.0047328114,0.6783203,0.060078446,null,null,null,null,"TWOGAUSSIANS",8,3.7671866,0.7235785,0.0051333862,0.2650018,0.026503745,0.67831033,0.060085285,0.21995565,0.01159351,0.3208967,0.08111792,0.4419559,0.05157727
375316653866487564,5622065568603523456,0.53808546,2234.98586843434,1.1178286652155767,8.41676E-6,16.443018,0.0020766237,0.26130393,0.0062409127,0.022602025,0.006591347,0.061397824,0.006687437,0.74408746,0.002115422,0.038843267,0.0035077159,0.14146873,0.010725562,0.034534667,0.0037172537,0.74408746,0.002115422,"TWOGAUSSIANS_WITH_ELLIPSOIDAL_ON_ECLIPSE2",9,6.8800564,0.74408746,0.002115422,0.2175223,0.01964321,0.21053804,0.010209693,0.26056394,0.0061523924,0.12657134,0.036911543,0.12969664,0.006998949
375316653866487564,5622066732532860800,0.5628665,2216.2299047877627,2.8943949999791587,9.903409E-6,18.21539,0.0117727965,0.25220984,0.0039163874,0.09085175,0.005919889,0.2826662,0.012571873,0.7517924,0.0027911302,0.09386367,0.005881871,0.26887688,0.010534823,null,null,null,null,"TWOGAUSSIANS",8,3.1238394,0.25220984,0.0039163874,0.4,0.0,0.2686236,0.0095709665,0.7517924,0.0027911302,0.4,0.0,0.25483406,0.007093154
375316653866487564,5622068038209901568,0.5276561,2200.631620903054,1.8122082242438349,1.58127E-5,17.146156,0.009877929,0.26733276,0.0034232037,0.09418457,0.0067585823,0.19256057,0.010194721,0.7718852,0.006238356,0.09312759,0.009762972,0.12824027,0.010603015,null,null,null,null,"TWOGAUSSIANS",8,8.55313,0.26733276,0.0034232037,0.4,0.0,0.18422514,0.0079142945,0.7718852,0.006238356,0.4,0.0,0.11990499,0.0080048805
375316653866487564,5622068660979752832,0.49351445,2194.3892515131615,0.36633802136049615,2.2458327E-5,17.6062,0.002167388,0.15182869,0.005832834,0.0028844653,0.0025160955,0.18334398,89.727974,0.52802145,0.01592057,0.031334594,0.018862784,0.3215549,0.26467428,null,null,null,null,"TWOGAUSSIANS",8,4.6373076,0.52802145,0.01592057,0.17547373,0.10563159,0.3215549,0.26467428,0.15182869,0.005832834,0.016153006,0.014090135,0.18334398,89.727974
375316653866487564,5622070958780830848,0.46995774,2216.3313182511033,0.6297293293578823,1.312835E-5,19.919966,0.008848868,0.3934383,0.012569315,0.020726832,0.008604148,0.18250981,0.20966008,0.8068442,0.0015240846,0.017352149,0.0010528628,0.49610946,0.05591155,null,null,null,null,"TWOGAUSSIANS",8,2.5289452,0.8068442,0.0015240846,0.09717204,0.0058960323,0.49610946,0.05591155,0.3934383,0.012569315,0.116070256,0.04818323,0.18250981,0.20966008
375316653866487564,5622073127736834816,0.55496746,2209.7593724610197,2.8017222507758053,8.9993E-6,18.605219,0.0067338715,0.27200857,0.0041575083,0.07188582,0.004900359,0.47492048,0.017745612,0.77829003,0.0023358262,0.06779813,0.0024856662,0.43636498,0.011821945,null,null,null,null,"TWOGAUSSIANS",8,5.707281,0.27200857,0.0041575083,0.4,0.011075365,0.473641,0.017904637,0.77829003,0.0023358262,0.37966955,0.013919732,0.4350855,0.011660549
375316653866487564,5622076288845714688,0.5540078,2217.693610124617,0.2057927116265116,2.6569913E-5,17.395554,0.006709738,0.26834434,0.012158864,0.011791651,0.01078966,0.0894076,3.4816725,0.7764394,0.0023229432,0.02226477,0.0027481471,0.2788275,0.021677803,0.017676558,0.009091529,0.26834434,0.012158864,"TWOGAUSSIANS_WITH_ELLIPSOIDAL_ON_ECLIPSE1",9,10.074374,0.7764394,0.0023229432,0.12468271,0.015389624,0.31408918,0.018551165,0.26834434,0.012158864,0.066033244,0.060422096,0.12476067,3.481022
375316653866487564,5622076632440392320,0.45236015,2232.5981631353216,0.66016849133263,1.4433439E-5,18.12663,0.0036161686,0.16146058,0.009606378,0.0011809242,0.0036492578,0.6313713,0.660908,0.527671,0.0049097366,0.010030079,0.010081376,0.19968806,2.83133968E11,0.0197442,0.004750427,0.16146058,0.009606378,"TWOGAUSSIANS_WITH_ELLIPSOIDAL_ON_ECLIPSE1",9,9.104184,0.16146058,0.009606378,0.006613176,0.020435844,0.6708597,0.6601178,0.52779096,0.004707946,0.056168444,0.05645571,0.21727116,2.83133968E11
375316653866487564,5622077044757391104,0.58930284,2179.1460471416285,1.2290581400557616,1.153136E-5,17.22806,0.00939215,0.22075294,0.0020109648,0.10520199,0.0068852575,0.18169041,0.008279849,0.7254931,0.0037696173,0.098392285,0.006035512,0.22517084,0.010134604,null,null,null,null,"TWOGAUSSIANS",8,2.9241588,0.7254931,0.0037696173,0.4,0.0,0.20656751,0.0051397695,0.22075294,0.0020109648,0.4,0.0,0.16308363,0.00668889
375316653866487564,5622079862255639680,0.5088897,2208.303385939093,1.4692154956169803,1.0109377E-5,16.542936,0.0047449716,0.57079846,0.0025346412,0.03800224,0.0020096013,0.36764815,0.020084329,0.7944186,0.012668657,0.016448706,0.01217008,0.033261437,0.020115674,null,null,null,null,"TWOGAUSSIANS",8,50.321,0.57079846,0.0025346412,0.21281256,0.011253767,0.36764815,0.020084329,0.7944186,0.012668657,0.09211276,0.06815245,0.03326145,0.020115688
375316653866487564,5622080927407750272,0.6821181,2229.1760632883424,0.10487491027125333,3.2078008E-6,12.726625,0.0021197393,0.3386506,0.0046454845,0.03128173,0.008788893,0.04836106,0.014640343,0.8336691,0.0067078513,0.016652895,0.0029409532,1.4213386,0.31121212,0.045000423,0.0078830505,0.8336691,0.0067078513,"TWOGAUSSIANS_WITH_ELLIPSOIDAL_ON_ECLIPSE2",9,167.87434,0.8336691,0.0067078513,0.09325621,0.016469337,1.5113394,0.3035156,0.33802062,0.0034516049,0.17517768,0.0492178,0.13828482,0.02245425
375316653866487564,5622081232342535680,0.4478416,2207.653642739799,2.282644088263372,3.2016436E-5,18.44144,0.008163067,0.21962984,0.008335412,0.05453663,0.007052094,0.103997596,0.018902376,0.7147513,0.007549516,0.0655267,0.012551552,0.12348437,0.015564952,null,null,null,null,"TWOGAUSSIANS",8,6.5810175,0.7147513,0.007549516,0.36694953,0.067660406,0.12345147,0.015584435,0.21962984,0.008335412,0.30540514,0.039491728,0.103964694,0.018886654
375316653866487564,5622081889480371584,0.55780375,2222.256661585816,2.6546197957351527,1.1711895E-5,18.491777,0.014419068,0.14749086,0.0034073517,0.05313181,0.0093663,0.21376356,0.035178848,0.6378663,0.0055231457,0.041742165,0.006153843,0.20667244,0.031592797,0.14877035,0.018064717,0.14749086,0.0034073517,"TWOGAUSSIANS_WITH_ELLIPSOIDAL_ON_ECLIPSE1",9,10.419024,0.14749086,0.0034073517,0.29753813,0.05245128,0.5113008,0.019500323,0.63945633,0.004573143,0.23375611,0.03446152,0.50330216,0.010837772
375316653866487564,5622082366216948736,0.49120563,2213.420230678453,0.20457548342514265,4.0461215E-5,16.503881,0.005410907,0.7122051,5.8981346E-4,0.0039949673,5.061504E-4,0.43993554,0.06185458,0.58867973,0.103965275,0.120122105,0.07953631,0.044250555,0.028574368,null,null,null,null,"TWOGAUSSIANS",8,29.002375,0.7121951,5.8897014E-4,0.022371816,0.0028344423,0.4660002,0.06402255,0.58867973,0.103965275,0.4,0.15334782,0.04423525,0.028585186
375316653866487564,5622082881613571712,0.56417817,2209.5288782043813,2.84767063256711,8.349908E-6,18.017189,0.0068530836,0.24853146,0.0019232618,0.04136578,0.0059345616,0.115368254,0.014594304,0.7545288,0.0077056834,0.049951993,0.0065481723,0.075897105,0.014920982,0.09114687,0.007116461,0.24853146,0.0019232618,"TWOGAUSSIANS_WITH_ELLIPSOIDAL_ON_ECLIPSE1",9,4.5642953,0.24853146,0.0019232618,0.23164837,0.033233546,0.29766184,0.010165836,0.7545288,0.0077056834,0.27973118,0.036669765,0.25793198,0.0061535137
375316653866487564,5622084638259151488,0.42347687,2211.476566510851,1.519836912810692,1.8404784E-5,18.005499,0.0039756848,0.22814657,0.0064284545,0.040081404,0.009947412,0.13248868,0.032290455,0.7079885,0.01722759,0.043656457,0.01614875,0.056318585,0.009377541,null,null,null,null,"TWOGAUSSIANS",8,9.696755,0.22814657,0.0064284545,0.22445585,0.055705503,0.13248868,0.032290466,0.7079885,0.01722759,0.24447615,0.090433,0.05631858,0.009377758
375316653866487564,5622085875209783808,0.6767732,2234.467988163123,0.158840222874195,6.737031E-6,13.755,0.0017434577,0.19855659,0.0038790645,0.0212359,0.0020203178,1.5114348,0.25965574,0.6978018,0.009156915,0.026523309,0.0053298404,0.06374817,0.011269751,0.023894424,0.002998927,0.19855659,0.0038790645,"TWOGAUSSIANS_WITH_ELLIPSOIDAL_ON_ECLIPSE1",9,79.286285,0.19855659,0.0038790645,0.11892104,0.01131378,1.5592237,0.26169732,0.6978318,0.009088912,0.14853053,0.029847106,0.11153597,0.009651835
375316653866487564,5622086699843325824,0.55655813,2206.5964632030705,0.4125770152760924,8.06788E-5,19.112898,0.0066711567,0.2598533,0.009627368,0.03632934,0.006531454,1.3744235,0.37341878,0.757755,0.008597172,0.047090318,0.009747901,0.22537564,0.023622345,null,null,null,null,"TWOGAUSSIANS",8,4.705926,0.2598533,0.009627368,0.20344432,0.036576144,1.3744235,0.37341878,0.757755,0.008597172,0.2637058,0.054588247,0.22537562,0.02362241
375316653866487564,5622086906001761792,0.57001024,2210.0101765732393,2.476825512102353,6.412474E-6,16.04332,0.0039999746,0.23646073,0.0014820171,0.06309863,0.0026283392,0.15279981,0.004535391,0.73296666,0.003509209,0.07699647,0.0047281426,0.20373084,0.010497808,null,null,null,null,"TWOGAUSSIANS",8,15.244791,0.73296666,0.003509209,0.4,0.0,0.20317242,0.010631072,0.23646073,0.0014820171,0.35335234,0.014718699,0.1522414,0.004415449
