Gaia/vari_eclipsing_binary/VariEclipsingBinary_458804-458820.csv
# %ECSV 1.0
# ---
# delimiter: ','
# meta: !!omap
# - RELEASE: Gaia DR3
# - TABLE: vari_eclipsing_binary
# - DESCRIPTION: >
#     This table describes the properties of the eclipsing binaries resulting from the variability analysis. 
# - CITATION: >
#     How to cite and acknowledge Gaia: 
#     https://gea.esac.esa.int/archive/documentation/credits.html 
# - KNOWN_ISSUES: >
#     Known issues: 
#     https://www.cosmos.esa.int/web/gaia-users/known-issues 
# - DOCUMENTATION: >
#     Tutorials and documentation: 
#     https://www.cosmos.esa.int/web/gaia-users/archive 
# datatype:
# - 
#   name: solution_id
#   datatype: int64
#   description: Solution Identifier
#   meta:
#     ucd: meta.version
# - 
#   name: source_id
#   datatype: int64
#   description: Unique source identifier
#   meta:
#     ucd: meta.id;meta.main
# - 
#   name: global_ranking
#   datatype: float32
#   description: Number between 0 (worst) and 1 (best)
#   meta:
#     ucd: stat.param
# - 
#   name: reference_time
#   datatype: float64
#   unit: d
#   description: Reference time used for the geometric model fit
#   meta:
#     ucd: time.epoch
# - 
#   name: frequency
#   datatype: float64
#   unit: d**-1
#   description: Frequency of geometric model of the eclipsing binary light curve
#   meta:
#     ucd: src.orbital
# - 
#   name: frequency_error
#   datatype: float32
#   unit: d**-1
#   description: "Uncertainty of \\texttt{frequency}"
#   meta:
#     ucd: stat.error
# - 
#   name: geom_model_reference_level
#   datatype: float32
#   unit: mag
#   description: Magnitude reference level of geometric model
#   meta:
#     ucd: phot.mag;em.opt
# - 
#   name: geom_model_reference_level_error
#   datatype: float32
#   unit: mag
#   description: "Uncertainty of \\texttt{geomModelReferenceLevel}"
#   meta:
#     ucd: stat.error;phot.mag;em.opt
# - 
#   name: geom_model_gaussian1_phase
#   datatype: float32
#   description: Phase of the Gaussian 1 component
#   meta:
#     ucd: time.phase
# - 
#   name: geom_model_gaussian1_phase_error
#   datatype: float32
#   description: "Uncertainty of \\texttt{geomModelGaussian1Phase}"
#   meta:
#     ucd: stat.error;time.phase
# - 
#   name: geom_model_gaussian1_sigma
#   datatype: float32
#   description: "Standard deviation [phase] of Gaussian 1 component"
#   meta:
#     ucd: stat.stdev
# - 
#   name: geom_model_gaussian1_sigma_error
#   datatype: float32
#   description: "Uncertainty of \\texttt{geomModelGaussian1Sigma}"
#   meta:
#     ucd: stat.error
# - 
#   name: geom_model_gaussian1_depth
#   datatype: float32
#   unit: mag
#   description: Magnitude depth of Gaussian 1 component
#   meta:
#     ucd: src.var.amplitude
# - 
#   name: geom_model_gaussian1_depth_error
#   datatype: float32
#   unit: mag
#   description: "Uncertainty of \\texttt{geomModelGaussian1Depth}"
#   meta:
#     ucd: stat.error;src.var.amplitude
# - 
#   name: geom_model_gaussian2_phase
#   datatype: float32
#   description: Phase of Gaussian 2 component
#   meta:
#     ucd: time.phase
# - 
#   name: geom_model_gaussian2_phase_error
#   datatype: float32
#   description: "Uncertainty of \\texttt{geomModelGaussian2Phase}"
#   meta:
#     ucd: stat.error;time.phase
# - 
#   name: geom_model_gaussian2_sigma
#   datatype: float32
[...]
#   datatype: float32
#   description: "Secondary eclipse: uncertainty of \\texttt{derivedSecondaryEclDuration}"
#   meta:
#     ucd: stat.error;time.duration
# - 
#   name: derived_secondary_ecl_depth
#   datatype: float32
#   unit: mag
#   description: "Secondary eclipse: depth"
#   meta:
#     ucd: src.var.amplitude
# - 
#   name: derived_secondary_ecl_depth_error
#   datatype: float32
#   unit: mag
#   description: "Secondary eclipse: uncertainty of \\texttt{derivedSecondaryEclDepth}"
#   meta:
#     ucd: stat.error;src.var.amplitude
solution_id,source_id,global_ranking,reference_time,frequency,frequency_error,geom_model_reference_level,geom_model_reference_level_error,geom_model_gaussian1_phase,geom_model_gaussian1_phase_error,geom_model_gaussian1_sigma,geom_model_gaussian1_sigma_error,geom_model_gaussian1_depth,geom_model_gaussian1_depth_error,geom_model_gaussian2_phase,geom_model_gaussian2_phase_error,geom_model_gaussian2_sigma,geom_model_gaussian2_sigma_error,geom_model_gaussian2_depth,geom_model_gaussian2_depth_error,geom_model_cosine_half_period_amplitude,geom_model_cosine_half_period_amplitude_error,geom_model_cosine_half_period_phase,geom_model_cosine_half_period_phase_error,model_type,num_model_parameters,reduced_chi2,derived_primary_ecl_phase,derived_primary_ecl_phase_error,derived_primary_ecl_duration,derived_primary_ecl_duration_error,derived_primary_ecl_depth,derived_primary_ecl_depth_error,derived_secondary_ecl_phase,derived_secondary_ecl_phase_error,derived_secondary_ecl_duration,derived_secondary_ecl_duration_error,derived_secondary_ecl_depth,derived_secondary_ecl_depth_error
[from data line 75]
375316653866487564,4035702458554020480,0.44547886,2319.300039192852,0.21461149357917425,2.2858734E-5,19.840471,0.02532093,0.23923561,0.020234378,0.059996396,0.018323313,0.4903759,0.041674007,0.7978504,0.0061374693,0.051585857,0.0073063285,0.4763774,0.065642044,null,null,null,null,"TWOGAUSSIANS",8,6.5873528,0.23923561,0.020234378,0.33597982,0.07026015,0.49037242,0.041648746,0.7978504,0.0061374693,0.2888808,0.04091544,0.4763739,0.065627985
375316653866487564,4035702492902598784,0.5889412,2347.838364910868,1.5058543999300575,2.6498376E-5,15.958089,0.0024131362,0.16762066,0.004177611,0.03134924,0.0043034665,0.039356943,0.0061263675,0.680361,0.0050912867,0.04636528,0.00512597,0.2291452,0.020636441,0.01033424,0.0028251028,0.16762066,0.004177611,"TWOGAUSSIANS_WITH_ELLIPSOIDAL_ON_ECLIPSE1",9,8.374463,0.680361,0.0050912867,0.25964555,0.028705433,0.24968146,0.021346923,0.16762066,0.004177611,0.17555575,0.024099413,0.060025364,0.0039818757
375316653866487564,4035703072672920832,0.48988065,2274.286679998585,3.36317062104942,2.914447E-5,19.341423,0.033611227,0.24281481,0.017189525,0.08418057,0.019301299,0.4681956,0.045932423,0.7357457,0.006585353,0.085885026,0.01112339,0.313566,0.035708066,null,null,null,null,"TWOGAUSSIANS",8,5.644778,0.24281481,0.017189525,0.4,0.0,0.45924488,0.03183985,0.7357457,0.006585353,0.4,0.0,0.30461526,0.027269028
375316653866487564,4035703141371674624,0.4452703,2303.5856324933816,2.4321841362138947,6.66738E-5,18.708508,0.017071303,0.23254797,0.030870741,0.060214303,0.03611761,0.16112684,0.040512554,0.71727973,0.024656706,0.09211011,0.031958174,0.14261664,0.035369247,null,null,null,null,"TWOGAUSSIANS",8,9.789144,0.23254797,0.030870827,0.3372001,0.124736235,0.16017109,0.040380612,0.71727973,0.024656706,0.4,0.0,0.14166074,0.034905054
375316653866487564,4035703180097395456,0.4901503,2257.019456364994,2.9794981865375023,1.8783472E-5,17.943712,0.023134628,0.27880064,0.0046438356,0.07751184,0.008628866,0.37180158,0.061112978,0.75830173,0.0056195683,0.11059026,0.01630626,0.1868428,0.021450065,null,null,null,null,"TWOGAUSSIANS",8,7.1885047,0.27881065,0.0046429625,0.4,0.0,0.36139977,0.06450485,0.75830173,0.0056195683,0.4,0.0,0.17642264,0.014927331
375316653866487564,4035703347529708672,0.60729986,2320.4305955462473,2.7916767537756964,8.25812E-6,17.565094,0.02256621,0.24267147,0.001485729,0.06313772,0.0040640514,0.42672852,0.04845174,0.75096494,0.0077856393,0.0512773,0.009462659,0.3416095,0.052583348,0.07519946,0.027066097,0.24267147,0.001485729,"TWOGAUSSIANS_WITH_ELLIPSOIDAL_ON_ECLIPSE1",9,10.182818,0.24267147,0.001485729,0.3535712,0.022758687,0.57696265,0.010975475,0.75096494,0.0077856393,0.2871529,0.05299089,0.4914356,0.047325846
375316653866487564,4035704069084100096,0.510225,2368.252361510965,0.3076728170410978,7.778412E-5,17.35859,0.035184707,0.40669617,0.02513382,0.19724628,0.061844222,0.135836,0.031015527,0.19981746,0.007731985,0.014124695,0.004304576,1.7333038,1.5612291,null,null,null,null,"TWOGAUSSIANS",8,30.596989,0.19986746,0.007789725,0.07909829,0.024105627,1.8007916,1.565686,0.40669617,0.02513382,0.4,0.0,0.124904275,0.015451714
375316653866487564,4035704073450762368,0.50387675,2333.155420055217,1.2191189818174382,3.360177E-5,17.358625,0.0023290755,0.18649119,0.0048020114,0.061374538,0.003885783,0.0692528,0.004461304,0.6969357,0.03027714,0.02904434,0.0098671885,0.40777534,0.3177052,null,null,null,null,"TWOGAUSSIANS",8,3.9748583,0.6969357,0.03027714,0.16264829,0.055256255,0.4077753,0.3177052,0.18649119,0.0048020114,0.3436974,0.021760384,0.06925277,0.0044613048
375316653866487564,4035704275244583040,0.5963957,2319.0636795940286,1.3980254264683125,8.748558E-6,17.522596,0.004740753,0.25172535,0.0062518455,0.04104675,0.0109665515,0.65675443,0.21375929,0.7569144,0.0056947437,0.03434275,0.00833358,0.16224347,0.013533699,null,null,null,null,"TWOGAUSSIANS",8,2.93111,0.25172535,0.0062518455,0.2298618,0.06141269,0.65675443,0.2137593,0.7569144,0.0056947437,0.19231941,0.04666805,0.16224347,0.013533695
375316653866487564,4035704515762828288,0.6710865,2313.3223950045326,1.0498719288847458,5.891787E-6,16.399792,0.008225768,0.26186025,0.0065803956,0.09610282,0.0057871556,0.28758815,0.017986448,0.7488708,0.0015190488,0.10431895,0.0041352683,0.24698384,0.0077437228,null,null,null,null,"TWOGAUSSIANS",8,2.4475403,0.26186025,0.0065884735,0.4,0.0,0.26755276,0.018358232,0.7488708,0.0015190488,0.4,0.0,0.22694345,0.0029957984
375316653866487564,4035704760590938112,0.47278935,2350.3185583912523,2.8154939556405996,5.642949E-5,19.731388,0.023517493,0.2893266,0.018449139,0.047057666,0.041200753,0.2269536,0.3012691,0.76043457,0.008396816,0.036822766,0.011736001,0.42726249,0.07940132,0.12268489,0.040235315,0.2893266,0.018449139,"TWOGAUSSIANS_WITH_ELLIPSOIDAL_ON_ECLIPSE1",9,21.792612,0.7620746,0.0070130853,0.20620748,0.06572161,0.665084,0.06635828,0.2893266,0.018449139,0.26352292,0.20066695,0.47232276,0.2874454
375316653866487564,4035705443473585152,0.41529986,2352.1609464576422,0.3762770904115832,1.6078418E-5,18.329731,0.01210193,0.20707124,0.0022043677,0.027219733,0.0030557346,0.24920872,0.009403965,0.7279937,0.03757005,0.09365896,0.027622996,0.08795448,0.04802859,null,null,null,null,"TWOGAUSSIANS",8,16.709208,0.20707124,0.0022043677,0.1524305,0.017112114,0.24919175,0.009399418,0.7279937,0.03757005,0.4,0.0,0.0879373,0.048050176
375316653866487564,4035705516559839872,0.6437529,2352.147578946937,3.8925788084805752,2.0031407E-6,17.236595,0.0054908907,0.29377237,0.0010064425,0.042666916,0.0020100821,0.30349663,0.011832176,0.78337663,0.002705542,0.05232011,0.003291692,0.1898166,0.016517494,0.12924209,0.0073028924,0.29377237,0.0010064425,"TWOGAUSSIANS_WITH_ELLIPSOIDAL_ON_ECLIPSE1",9,5.8969917,0.29377237,0.0010064425,0.23893473,0.011256459,0.5619793,0.006479923,0.7857366,0.002152339,0.29299262,0.018433474,0.44744784,0.01159059
375316653866487564,4035705890150123136,0.57919097,2367.695451949967,0.6316684972021902,2.4795554E-5,17.460215,0.005276083,0.1201575,0.007669441,0.030520223,0.007388346,0.10583016,0.020612145,0.61935246,0.005368245,0.0345851,0.0067952927,0.80933076,0.19856676,null,null,null,null,"TWOGAUSSIANS",8,13.576136,0.61935246,0.005368245,0.19367656,0.03805364,0.80933076,0.19856676,0.1201575,0.007669441,0.17091325,0.04137474,0.10583016,0.020612145
375316653866487564,4035706100675536128,0.43732888,2415.7549379576158,1.1542538897783816,2.8009006E-5,19.01045,0.02176742,0.23537384,0.014411344,0.0317674,0.023959937,0.46771666,0.36894184,0.60783494,0.0071094143,0.010067122,0.0088932,0.38704696,0.17788668,null,null,null,null,"TWOGAUSSIANS",8,6.9667478,0.23537384,0.014411344,0.17789745,0.13417564,0.46771666,0.36894184,0.60783494,0.0071094143,0.056375884,0.049801923,0.38704696,0.17788668
375316653866487564,4035706306833880448,0.44376183,2350.369604400074,3.2143162330220414,3.3267934E-5,18.380066,0.52478707,0.27747875,0.008718886,0.1101965,0.030058784,0.49175376,0.380409,0.7707763,0.013917998,0.16795239,0.11020598,0.46993157,0.510379,null,null,null,null,"TWOGAUSSIANS",8,29.605534,0.27803874,0.008739406,0.4,0.0,0.32668898,0.038561683,0.7707763,0.013917998,0.4,0.0,0.2936427,0.032555815
375316653866487564,4035706341193623424,0.48805186,2367.5341653300857,3.238148871657172,2.8055976E-5,19.579597,0.011531817,0.22785383,0.011003494,0.03877529,0.020737834,0.1279273,0.096113,0.44471136,0.023028968,0.06120554,0.025151992,0.06336231,0.027502263,0.12838292,0.01256437,0.22785383,0.011003494,"TWOGAUSSIANS_WITH_ELLIPSOIDAL_ON_ECLIPSE1",9,3.1782994,0.22792383,0.011017125,0.21714163,0.11613187,0.3848123,0.096140385,0.44471136,0.023028968,0.34275103,0.14085115,0.07433655,0.031327907
375316653866487564,4035706650378740864,0.5020056,2360.2683554680593,3.7772703892982396,3.976783E-5,19.668156,0.015922764,0.24738689,0.0074478174,0.07342832,0.009424737,0.39650637,0.050822362,0.7527904,0.012063578,0.061509285,0.014271482,0.5321958,0.20161416,null,null,null,null,"TWOGAUSSIANS",8,3.9360633,0.7527904,0.012063578,0.344452,0.0799203,0.53138524,0.20226449,0.24738689,0.0074478174,0.4,0.013072464,0.39569584,0.05130888
375316653866487564,4035706680424761088,0.6137576,2354.7241152033957,4.530432089127656,3.793704E-6,18.091906,0.009972257,0.24823697,0.002602019,0.048015423,0.0034778204,0.27278095,0.02622985,0.7430527,0.001807614,0.05301188,0.0034671696,0.3387856,0.027210103,0.093984954,0.014774451,0.24823697,0.002602019,"TWOGAUSSIANS_WITH_ELLIPSOIDAL_ON_ECLIPSE1",9,5.0903063,0.7436227,0.001485573,0.29686654,0.01941615,0.52657396,0.024166102,0.24823697,0.002602019,0.26888636,0.019475793,0.46074688,0.011180051
375316653866487564,4035706886603459968,0.5611067,2340.277792349192,3.267979796265113,8.815533E-6,18.30037,0.016079582,0.17727338,0.0026777312,0.10281361,0.007033158,0.28716794,0.016765382,0.67104167,0.0026811662,0.09315541,0.005594549,0.31463632,0.017523289,null,null,null,null,"TWOGAUSSIANS",8,3.1728914,0.67104167,0.0026811662,0.4,0.0,0.2933534,0.013078156,0.17727338,0.0026777312,0.4,0.0,0.26588103,0.013960162
375316653866487564,4035706989662455040,0.58748174,2325.0390065266783,2.764645224096968,1.0014057E-5,17.967812,0.01898191,0.25331107,0.0026040731,0.044475697,0.014023196,0.25579777,0.0512266,0.7557014,0.007742398,0.05680856,0.010474994,0.17771827,0.0456583,0.14692877,0.026525315,0.25331107,0.0026040731,"TWOGAUSSIANS_WITH_ELLIPSOIDAL_ON_ECLIPSE1",9,10.526117,0.25331107,0.0026040731,0.24906391,0.078529894,0.5496455,0.06800582,0.7557014,0.007283231,0.31812793,0.058659963,0.4714997,0.018729337
375316653866487564,4035707131467572096,0.46488318,2373.116718383786,0.08821683998018288,5.245755E-5,17.432514,0.00846914,0.22548045,0.07014454,0.051501602,0.024521766,0.055783972,0.07722462,0.7252233,0.04699918,0.079502225,0.038578674,0.052681156,0.012715437,null,null,null,null,"TWOGAUSSIANS",8,4.4253097,0.22548045,0.07014454,0.288409,0.13732189,0.055712312,0.07725073,0.7252233,0.04699918,0.4,0.07322758,0.0526095,0.011733565
375316653866487564,4035707470700340224,0.535277,2347.3830591876867,2.5119612063174133,1.5639143E-5,18.079782,0.029131774,0.18005508,0.004360557,0.056837365,0.007212522,0.47076496,0.07815367,0.6930387,0.004793029,0.05226,0.008439278,0.47180077,0.08480263,0.04834584,0.04440458,0.18005508,0.004360557,"TWOGAUSSIANS_WITH_ELLIPSOIDAL_ON_ECLIPSE1",9,23.72079,0.6930387,0.004793029,0.292656,0.04725996,0.56781954,0.05846127,0.18005508,0.004360557,0.31828925,0.040390123,0.5674258,0.058744982
375316653866487564,4035707475010745728,0.5310348,2329.991516389753,2.8860007878019713,1.4982624E-5,17.231901,0.019296922,0.32041365,0.004103269,0.07896873,0.0050128507,0.42613634,0.02435214,0.8176229,0.004549532,0.07947325,0.0070507904,0.44096932,0.044407524,null,null,null,null,"TWOGAUSSIANS",8,34.792297,0.8176229,0.004549532,0.4,0.0,0.43532857,0.045706358,0.32041365,0.004103269,0.4,0.0,0.42049563,0.021784829
375316653866487564,4035707475064921984,0.5632355,2311.596495465689,3.383868714939625,1.7067854E-5,18.119282,0.009739589,0.21844794,0.005640372,0.07104281,0.007201935,0.4258343,0.030814955,0.7242262,0.0030249404,0.08006087,0.0035796517,0.60368836,0.039976235,null,null,null,null,"TWOGAUSSIANS",8,10.618146,0.7242262,0.0030249404,0.4,0.0,0.5999159,0.040368203,0.21844794,0.005640372,0.39783975,0.015896067,0.42206183,0.03182923
375316653866487564,4035707509370609920,0.5159257,2328.813890471616,2.8531022486816604,1.073302E-5,18.75954,0.047933828,0.21874756,0.0049006604,0.11736562,0.017132536,0.39944297,0.040272936,0.70996255,0.0023954841,0.09870406,0.0110590095,0.43101367,0.041158788,null,null,null,null,"TWOGAUSSIANS",8,5.291302,0.70996255,0.0023954841,0.4,0.0,0.3796807,0.014553233,0.21874756,0.004902891,0.4,0.0,0.34801665,0.01588853
375316653866487564,4035707608171537536,0.58058774,2349.424618108631,2.6656886153840986,7.99692E-6,18.534355,0.01101841,0.1972075,0.0029401248,0.08521884,0.0039943606,0.36950192,0.016093126,0.70530784,0.0052653817,0.09009833,0.006856211,0.3237124,0.01663661,null,null,null,null,"TWOGAUSSIANS",8,1.7523675,0.1972075,0.0029401248,0.4,0.0,0.35915595,0.014785518,0.70530784,0.0052653817,0.4,0.0,0.31336632,0.015745498
375316653866487564,4035707887381859328,0.48539013,2334.496611816934,2.8816663204391952,3.336345E-5,19.108784,0.035536736,0.23942894,0.019609362,0.0443725,0.040025923,0.1919119,0.9632639,0.7752438,0.013858204,0.022398561,0.030618269,0.30434808,1.0477232,0.15194428,0.04764372,0.7752438,0.013858204,"TWOGAUSSIANS_WITH_ELLIPSOIDAL_ON_ECLIPSE2",9,10.189568,0.7752438,0.013858204,0.12543194,0.17146231,0.6082357,1.0527952,0.24644893,0.01727213,0.24848598,0.22414516,0.4835736,1.0131999
375316653866487564,4035708570212142336,0.4867299,2363.066152511747,2.8679816043448376,1.5981268E-5,18.547985,0.032784533,0.16589889,0.013008669,0.072017215,0.018579004,0.28628963,0.037692223,0.6883032,0.007993821,0.10441364,0.017659964,0.21603452,0.031058036,null,null,null,null,"TWOGAUSSIANS",8,9.834402,0.16589889,0.013014244,0.4,0.04792135,0.28038782,0.034199923,0.6883032,0.007993821,0.4,0.0,0.21012573,0.021849051
375316653866487564,4035708780682587264,0.53689164,2354.5065967465675,2.734890075008885,2.1810332E-5,19.333221,0.012979574,0.23767942,0.0058886125,0.074315384,0.011374084,0.3372163,0.054524116,0.7241231,0.008494366,0.07372368,0.010413167,0.41367906,0.026110185,null,null,null,null,"TWOGAUSSIANS",8,3.819344,0.7241231,0.008494366,0.4,0.030041577,0.41186047,0.026227353,0.23767942,0.0058886125,0.4,0.0019113431,0.33539766,0.056489356
375316653866487564,4035709021201052288,0.5535419,2338.1393224463786,3.550359826060554,9.202056E-6,19.547981,0.010202443,0.21931769,0.005223475,0.07722113,0.0060336823,0.39370143,0.04522858,0.7234541,0.005500058,0.07655682,0.005284907,0.4640031,0.027533157,null,null,null,null,"TWOGAUSSIANS",8,1.3097243,0.7234541,0.005500058,0.4,0.0,0.46004236,0.027226118,0.21931769,0.005223475,0.4,0.0,0.3897407,0.04645698
375316653866487564,4035709055613500800,0.64844596,2322.224581036548,0.7132429531236018,1.9315978E-5,16.939842,0.0030204733,0.39082745,0.037464242,0.028956912,0.10675719,0.004663263,0.002091434,0.7362555,0.015727734,0.034300044,0.00539396,0.45867476,0.10292325,null,null,null,null,"TWOGAUSSIANS",8,3.5304213,0.7362555,0.015727734,0.19208026,0.030206176,0.45867476,0.102923095,0.39082745,0.037464242,0.16215871,0.44995585,0.004663263,0.002091381
375316653866487564,4035709124275795840,0.51072294,2339.3499642445763,0.31749737108435133,1.5202407E-5,17.617826,0.004034245,0.7518317,0.0011227839,0.007919653,0.0016060468,0.2634547,0.118605666,null,null,null,null,null,null,null,null,null,null,"ONEGAUSSIAN",5,5.602015,0.7518317,0.0011227839,0.044350058,0.008993862,0.2634547,0.0,null,null,null,null,null,null
375316653866487564,4035709124282893568,0.5335188,2307.7683871831728,3.086750850823989,2.1708878E-5,18.023773,0.015397177,0.19538328,0.0060310275,0.080132365,0.01541663,0.40852213,0.03075946,0.70061105,0.006166777,0.08485053,0.009573363,0.34984973,0.03304546,null,null,null,null,"TWOGAUSSIANS",8,17.186943,0.19538328,0.0060310275,0.4,0.0,0.40159005,0.036536988,0.70061105,0.006166777,0.4,0.0,0.34291762,0.034131948
375316653866487564,4035709571009665152,0.53184533,2363.708068858176,0.38106759175589267,7.910571E-5,17.033705,0.01572394,0.17839807,0.13911238,0.041029055,0.021603243,0.96235824,6.9572115,0.8848935,0.035723772,0.016214125,0.020838957,0.116949156,1.45281882E9,0.025227726,0.031835053,0.8848935,0.035723772,"TWOGAUSSIANS_WITH_ELLIPSOIDAL_ON_ECLIPSE2",9,45.28149,0.17868806,0.13872199,0.2297627,0.12097816,0.966059,6.958452,0.8848935,0.035723772,0.0907991,0.11669816,0.16740447,1.45281882E9
