Gaia/vari_eclipsing_binary/VariEclipsingBinary_466937-466949.csv
# %ECSV 1.0
# ---
# delimiter: ','
# meta: !!omap
# - RELEASE: Gaia DR3
# - TABLE: vari_eclipsing_binary
# - DESCRIPTION: >
#     This table describes the properties of the eclipsing binaries resulting from the variability analysis. 
# - CITATION: >
#     How to cite and acknowledge Gaia: 
#     https://gea.esac.esa.int/archive/documentation/credits.html 
# - KNOWN_ISSUES: >
#     Known issues: 
#     https://www.cosmos.esa.int/web/gaia-users/known-issues 
# - DOCUMENTATION: >
#     Tutorials and documentation: 
#     https://www.cosmos.esa.int/web/gaia-users/archive 
# datatype:
# - 
#   name: solution_id
#   datatype: int64
#   description: Solution Identifier
#   meta:
#     ucd: meta.version
# - 
#   name: source_id
#   datatype: int64
#   description: Unique source identifier
#   meta:
#     ucd: meta.id;meta.main
# - 
#   name: global_ranking
#   datatype: float32
#   description: Number between 0 (worst) and 1 (best)
#   meta:
#     ucd: stat.param
# - 
#   name: reference_time
#   datatype: float64
#   unit: d
#   description: Reference time used for the geometric model fit
#   meta:
#     ucd: time.epoch
# - 
#   name: frequency
#   datatype: float64
#   unit: d**-1
#   description: Frequency of geometric model of the eclipsing binary light curve
#   meta:
#     ucd: src.orbital
# - 
#   name: frequency_error
#   datatype: float32
#   unit: d**-1
#   description: "Uncertainty of \\texttt{frequency}"
#   meta:
#     ucd: stat.error
# - 
#   name: geom_model_reference_level
#   datatype: float32
#   unit: mag
#   description: Magnitude reference level of geometric model
#   meta:
#     ucd: phot.mag;em.opt
# - 
#   name: geom_model_reference_level_error
#   datatype: float32
#   unit: mag
#   description: "Uncertainty of \\texttt{geomModelReferenceLevel}"
#   meta:
#     ucd: stat.error;phot.mag;em.opt
# - 
#   name: geom_model_gaussian1_phase
#   datatype: float32
#   description: Phase of the Gaussian 1 component
#   meta:
#     ucd: time.phase
# - 
#   name: geom_model_gaussian1_phase_error
#   datatype: float32
#   description: "Uncertainty of \\texttt{geomModelGaussian1Phase}"
#   meta:
#     ucd: stat.error;time.phase
# - 
#   name: geom_model_gaussian1_sigma
#   datatype: float32
#   description: "Standard deviation [phase] of Gaussian 1 component"
#   meta:
#     ucd: stat.stdev
# - 
#   name: geom_model_gaussian1_sigma_error
#   datatype: float32
#   description: "Uncertainty of \\texttt{geomModelGaussian1Sigma}"
#   meta:
#     ucd: stat.error
# - 
#   name: geom_model_gaussian1_depth
#   datatype: float32
#   unit: mag
#   description: Magnitude depth of Gaussian 1 component
#   meta:
#     ucd: src.var.amplitude
# - 
#   name: geom_model_gaussian1_depth_error
#   datatype: float32
#   unit: mag
#   description: "Uncertainty of \\texttt{geomModelGaussian1Depth}"
#   meta:
#     ucd: stat.error;src.var.amplitude
# - 
#   name: geom_model_gaussian2_phase
#   datatype: float32
#   description: Phase of Gaussian 2 component
#   meta:
#     ucd: time.phase
# - 
#   name: geom_model_gaussian2_phase_error
#   datatype: float32
#   description: "Uncertainty of \\texttt{geomModelGaussian2Phase}"
#   meta:
#     ucd: stat.error;time.phase
# - 
#   name: geom_model_gaussian2_sigma
#   datatype: float32
[...]
#   datatype: float32
#   description: "Secondary eclipse: uncertainty of \\texttt{derivedSecondaryEclDuration}"
#   meta:
#     ucd: stat.error;time.duration
# - 
#   name: derived_secondary_ecl_depth
#   datatype: float32
#   unit: mag
#   description: "Secondary eclipse: depth"
#   meta:
#     ucd: src.var.amplitude
# - 
#   name: derived_secondary_ecl_depth_error
#   datatype: float32
#   unit: mag
#   description: "Secondary eclipse: uncertainty of \\texttt{derivedSecondaryEclDepth}"
#   meta:
#     ucd: stat.error;src.var.amplitude
solution_id,source_id,global_ranking,reference_time,frequency,frequency_error,geom_model_reference_level,geom_model_reference_level_error,geom_model_gaussian1_phase,geom_model_gaussian1_phase_error,geom_model_gaussian1_sigma,geom_model_gaussian1_sigma_error,geom_model_gaussian1_depth,geom_model_gaussian1_depth_error,geom_model_gaussian2_phase,geom_model_gaussian2_phase_error,geom_model_gaussian2_sigma,geom_model_gaussian2_sigma_error,geom_model_gaussian2_depth,geom_model_gaussian2_depth_error,geom_model_cosine_half_period_amplitude,geom_model_cosine_half_period_amplitude_error,geom_model_cosine_half_period_phase,geom_model_cosine_half_period_phase_error,model_type,num_model_parameters,reduced_chi2,derived_primary_ecl_phase,derived_primary_ecl_phase_error,derived_primary_ecl_duration,derived_primary_ecl_duration_error,derived_primary_ecl_depth,derived_primary_ecl_depth_error,derived_secondary_ecl_phase,derived_secondary_ecl_phase_error,derived_secondary_ecl_duration,derived_secondary_ecl_duration_error,derived_secondary_ecl_depth,derived_secondary_ecl_depth_error
[from data line 527]
375316653866487564,4107313582075384704,0.44688445,2353.681666326846,0.03982780852680068,1.3362558E-4,19.331102,0.26488885,0.11150356,0.018813713,0.079669215,0.04178997,0.16307706,0.2339803,0.6694964,0.013091728,0.138488,0.04402662,0.44477752,0.26757523,null,null,null,null,"TWOGAUSSIANS",8,9.045243,0.6694964,0.0132060405,0.4,0.0,0.4222968,0.09640407,0.10906356,0.012848657,0.4,0.0,0.14353065,0.090742216
375316653866487564,4107313646514099328,0.5250097,2297.2314787181103,0.9013683575177601,1.3723694E-5,18.77808,0.005858434,0.31561393,0.002839799,0.061543673,0.0057654153,0.5493882,0.09056082,0.8103614,0.0041586347,0.051544875,0.0061670993,0.18796052,0.011588683,null,null,null,null,"TWOGAUSSIANS",8,3.0427918,0.31561393,0.002839799,0.34464458,0.032286327,0.54935724,0.09060853,0.8103614,0.0041586347,0.28865132,0.03453576,0.1879296,0.011601297
375316653866487564,4107313650841845120,0.44511873,2327.1275519243472,0.38233771650010334,5.2952335E-5,19.493874,0.011276959,0.32605198,0.015164865,0.07102949,0.009130058,0.16360272,0.039728872,0.7223193,0.0030463547,0.03547167,0.0031793837,0.5019041,0.063476406,null,null,null,null,"TWOGAUSSIANS",8,2.8181458,0.7223193,0.0030463547,0.19864136,0.017804548,0.5019041,0.06347647,0.32605198,0.015164865,0.39776516,0.034741726,0.16360268,0.0397289
375316653866487564,4107313681024764928,0.45367992,2303.113468874109,2.2780962727588343,2.4384572E-5,19.340061,0.091075614,0.31793976,0.0064902357,0.15660621,0.041258834,0.24931757,0.08898836,0.81298345,0.005601529,0.09851136,0.019531658,0.2590834,0.08037574,null,null,null,null,"TWOGAUSSIANS",8,2.8771226,0.81298345,0.005601529,0.4,0.0,0.19328766,0.01627712,0.31793976,0.0064954874,0.4,0.0,0.18045916,0.014267413
375316653866487564,4107313784104001408,0.5462974,2274.116436848341,2.1927842477978947,1.3853024E-5,19.429274,0.03027677,0.223831,0.0072482293,0.08853686,0.01219481,0.39250457,0.031192739,0.72092503,0.00507253,0.08526397,0.010564647,0.38324884,0.02681337,null,null,null,null,"TWOGAUSSIANS",8,1.9356226,0.223831,0.0072482293,0.4,0.0,0.38071263,0.024226667,0.72092503,0.00507253,0.4,0.0,0.37145695,0.01923036
375316653866487564,4107313921542595328,0.47928092,2295.6608474065893,4.97767532412598,5.916926E-5,19.031706,0.007942239,0.28408146,0.04306701,0.08074432,0.027752457,0.14970098,0.06615313,0.50952226,0.058541726,0.13151185,0.038492985,0.19663262,0.025843088,null,null,null,null,"TWOGAUSSIANS",8,3.751862,0.32129145,0.045909386,0.4,0.01964563,0.20471175,0.016017832,0.50952226,0.058541726,0.4,0.0,0.19916031,0.01870277
375316653866487564,4107313955902273664,0.4848174,2325.413862366918,1.6651930863217228,2.5396635E-5,18.209309,0.69737947,0.26040083,0.008669233,0.113557905,0.12908985,0.23346177,0.688008,0.763076,0.0053858706,0.10034172,0.04190325,0.32807672,0.47408807,null,null,null,null,"TWOGAUSSIANS",8,12.227433,0.763076,0.005588303,0.4,0.0,0.2937556,0.034091644,0.26040083,0.008684119,0.4,0.0,0.1991144,0.032019857
375316653866487564,4107313960079710464,0.44908467,2299.6410663068914,1.611285326395712,4.882457E-5,14.179816,0.002572946,0.5562875,0.022537803,0.039567593,0.031488255,0.09482803,0.037760157,0.8392397,0.0065057483,0.026842337,0.00846551,0.122260705,0.047160167,null,null,null,null,"TWOGAUSSIANS",8,27.413988,0.8392397,0.0065057483,0.15031709,0.047406852,0.122260705,0.04716019,0.5562875,0.022537803,0.22157851,0.17633423,0.09482803,0.037760157
375316653866487564,4107313990261990528,0.49371833,2304.0332404119954,2.709220226865475,2.5168016E-5,17.788912,0.036770854,0.26814765,0.010249316,0.11511068,0.024575964,0.13246006,0.036900077,0.76633775,0.004236472,0.11356477,0.022602297,0.1604316,0.033702098,null,null,null,null,"TWOGAUSSIANS",8,6.454979,0.76633775,0.004236472,0.4,0.0,0.13426107,0.008377898,0.26815763,0.010262507,0.4,0.0,0.10628815,0.012695188
375316653866487564,4107314269317329920,0.5588293,2297.8786442367746,3.02911376020972,1.4895679E-5,16.793055,0.013723623,0.2533464,0.00544254,0.0834196,0.00562654,0.48593777,0.019613814,0.76429164,0.002249765,0.083134316,0.0040408485,0.45917577,0.013750057,null,null,null,null,"TWOGAUSSIANS",8,32.64425,0.2533464,0.00544254,0.4,0.0,0.4773915,0.017877558,0.76429164,0.002249765,0.4,0.0,0.4506295,0.011845214
375316653866487564,4107314269373747968,0.44586533,2283.828775510078,0.0718492940372916,5.7376037E-5,19.266636,0.23525882,0.37852186,0.014475331,0.012949616,0.22007418,0.6470922,0.42858696,0.75573266,0.06919064,0.07622574,0.039316513,0.20654152,0.9392095,null,null,null,null,"TWOGAUSSIANS",8,2.8569324,0.37852186,0.016128886,0.07251785,0.31829897,0.64709324,0.5619399,0.75573266,0.06919064,0.4,0.06443197,0.20654152,0.92330974
375316653866487564,4107314643102643072,0.5560735,2315.0088868999114,0.32471790780424764,8.359061E-6,18.05564,0.0052399924,0.77880186,0.004470855,0.027016133,0.0028482396,0.9833205,0.059910733,null,null,null,null,null,null,0.04545177,0.009244744,0.77880186,0.004470855,"ONEGAUSSIAN_WITH_ELLIPSOIDAL",6,16.03703,0.77880186,0.004470855,0.15129034,0.015950141,1.0742238,0.059120048,null,null,null,null,null,null
375316653866487564,4107314647330979072,0.4463313,2309.8908562855627,2.725797074870887,4.0250834E-5,19.144058,0.011995178,0.20155892,0.008663016,0.00700735,0.0021946235,0.71464723,1.4920164,0.75635517,0.02161025,0.016507491,0.044821803,0.40452203,0.4671033,0.08233576,0.011646348,0.75635517,0.02161025,"TWOGAUSSIANS_WITH_ELLIPSOIDAL_ON_ECLIPSE2",9,16.494675,0.20160893,0.008679616,0.03924116,0.012289892,0.8605725,1.4870958,0.75635517,0.02161025,0.09244195,0.2510021,0.5691934,0.4686275
375316653866487564,4107314711646087168,0.5915007,2305.5570228005095,2.347365670147634,9.204149E-6,16.130487,0.011728968,0.2552095,0.0022400368,0.053526003,0.004097019,0.30836654,0.02669842,0.748872,0.020414544,0.039963733,0.017977228,0.21410114,0.028577903,0.08767435,0.01609058,0.2552095,0.0022400368,"TWOGAUSSIANS_WITH_ELLIPSOIDAL_ON_ECLIPSE1",9,42.88738,0.2552095,0.0022400368,0.29974562,0.022943307,0.4837094,0.009910279,0.74946195,0.019690376,0.2237969,0.10067248,0.38919207,0.023482544
375316653866487564,4107314746176267136,0.47593862,2279.1899389106784,0.10051853665985898,2.3001076E-5,19.28189,0.48322254,0.11224947,0.012504398,0.06028073,0.011684368,0.5336163,0.113388225,0.6172041,0.013866694,0.23157841,0.102336265,0.6298813,0.46204603,null,null,null,null,"TWOGAUSSIANS",8,3.6878653,0.111949466,0.012826406,0.33757207,0.06543247,0.42467266,0.11662267,0.6172041,0.013866694,0.4,0.0,0.39847568,0.044187352
375316653866487564,4107314746176274816,0.46101984,2322.324351514453,2.3002272045704713,5.127006E-5,18.57775,0.59502155,0.266291,0.011666224,0.21141231,0.085549496,0.6446941,0.5755757,0.7749501,0.007381086,0.17431724,0.051576614,0.5946231,0.49051854,null,null,null,null,"TWOGAUSSIANS",8,2.705157,0.7810501,0.002601793,0.4,0.0,0.15474752,0.010547209,0.26218098,0.008119719,0.4,0.0,0.14535168,0.015755003
375316653866487564,4107314750353915136,0.47452953,2317.0914578487605,1.7739052872351253,2.5203251E-5,18.996937,0.032958183,0.16757981,0.015689373,0.075333804,0.019331867,0.16486016,0.03322825,0.6561195,0.014345521,0.1085094,0.025126275,0.3227986,0.029935725,null,null,null,null,"TWOGAUSSIANS",8,6.204381,0.6561195,0.014345521,0.4,0.0,0.3127553,0.023275077,0.16758981,0.015649049,0.4,0.01853088,0.15483451,0.018791556
375316653866487564,4107314814726551936,0.40558916,2309.7802074078736,0.13895936993701305,3.6755362E-5,18.504902,0.014709302,0.34469113,0.0219165,0.12185649,0.029007709,0.25401306,0.06918661,0.72004294,0.0040241997,0.035897728,0.0047560153,0.8928148,0.55056024,null,null,null,null,"TWOGAUSSIANS",8,7.970568,0.72004294,0.0040241997,0.20102727,0.026633685,0.8947896,0.55138904,0.34469113,0.0219165,0.4,0.0,0.25377658,0.06945897
375316653866487564,4107315231390883584,0.5065557,2214.9371108530345,0.8753770581224956,4.7372516E-5,18.789066,0.009294813,0.24404578,0.003204061,0.053748086,0.007047758,1.5183254,0.90893877,0.75356275,0.011367136,0.061711278,0.011107797,0.4014275,0.028975574,null,null,null,null,"TWOGAUSSIANS",8,7.8557096,0.24404578,0.003204061,0.3009893,0.039467443,1.5182388,0.90904367,0.75356275,0.011367136,0.34558317,0.061465442,0.4013409,0.02900583
375316653866487564,4107315300109795072,0.4315221,2306.1103004790925,0.6088057490009443,1.253468E-4,18.825325,0.008859059,0.21118282,0.012445795,0.042400166,0.011955983,0.39149573,0.34558,0.7045438,0.013863368,0.0532893,0.007312296,0.41763598,0.1197441,null,null,null,null,"TWOGAUSSIANS",8,24.66878,0.7045438,0.013863368,0.2984201,0.040948857,0.41763532,0.11974482,0.21118282,0.012445795,0.23744094,0.0669535,0.39149508,0.3455812
375316653866487564,4107315364656565248,0.5491665,2303.9085478297616,1.94099093768026,2.8486344E-5,17.972918,0.00914839,0.2629026,0.0045261215,0.073522925,0.0047893175,0.3808623,0.03246146,0.76006234,0.0066977805,0.10467425,0.009556873,0.12992051,0.009369983,null,null,null,null,"TWOGAUSSIANS",8,4.093627,0.2629026,0.0045261215,0.4,0.0011543192,0.37367353,0.033394475,0.76006234,0.0066977805,0.4,0.0,0.12272884,0.0065229703
375316653866487564,4107315433202117248,0.48506,2298.358332561734,3.2939494830397757,2.9340175E-5,17.503017,0.0030663484,0.34080097,0.048942946,0.03730093,0.048593678,0.018325495,0.020226046,0.58493614,0.0053552547,0.10980031,0.007127792,0.0986873,0.0048925946,null,null,null,null,"TWOGAUSSIANS",8,3.5585403,0.58493614,0.0053552547,0.4,0.0,0.0986811,0.004894448,0.36086097,0.30959335,0.20888521,0.2721246,0.028152259,0.098457634
375316653866487564,4107315746786838016,0.45541546,2319.3954843667884,0.38941531926041995,5.4468987E-6,19.180387,0.0046545877,0.22998413,0.0036331017,0.03463001,0.006373485,0.15410073,0.0367035,0.76392823,1.850301E-5,0.010776214,2.715844E-4,0.26746252,9.303188E-4,null,null,null,null,"TWOGAUSSIANS",8,2.4734454,0.76392823,1.850301E-5,0.060346797,0.0015208726,0.26746252,9.303188E-4,0.22998413,0.0036331017,0.19392808,0.035691515,0.15410073,0.0367035
375316653866487564,4107316154933527808,0.46416622,2321.4985875166644,0.05470662608724168,6.2095314E-5,18.610682,0.012060353,0.22722666,0.008609886,0.08232373,0.008169797,0.2393432,0.029151635,0.5707165,0.039763317,0.048026193,0.019213852,0.12661499,0.061778117,null,null,null,null,"TWOGAUSSIANS",8,6.185057,0.22722666,0.008609886,0.4,0.0,0.23934206,0.029149733,0.5707165,0.039763317,0.26894668,0.10759757,0.12665354,0.061696712
375316653866487564,4107316258013044864,0.5252908,2304.928269449643,1.0700051242144044,2.3783472E-5,17.997602,0.0112205185,0.2569249,0.003711619,0.09060875,0.007840628,0.21953526,0.012372901,0.75388485,0.0039145304,0.099662945,0.007645108,0.18940885,0.013538552,null,null,null,null,"TWOGAUSSIANS",8,4.2754307,0.2569249,0.003711619,0.4,0.0,0.20722945,0.011842171,0.75388485,0.0039145304,0.4,0.0,0.17710184,0.010941545
375316653866487564,4107316464114309760,0.44310588,2313.8789452268156,0.11163289009062785,2.0403771E-5,19.746778,0.03170202,0.46905822,0.02024184,0.09598556,0.027027465,0.4607292,0.11340486,0.81973535,0.054710135,0.06805871,0.03648476,0.13723403,0.042758077,null,null,null,null,"TWOGAUSSIANS",8,5.0949287,0.46905822,0.02024729,0.4,0.0,0.46051311,0.11375342,0.81973535,0.054710135,0.38112876,0.18891956,0.13759989,0.042727392
375316653866487564,4107316502700460800,0.4593267,2314.7958590811127,0.6129551410180328,1.4269342E-5,17.637695,0.006873441,0.24720217,0.005816588,0.010486713,0.0060455995,0.053654652,0.02652524,0.749095,0.0033800027,0.04123018,0.010048632,0.18095717,0.024479821,0.030918805,0.012280082,0.24720217,0.005816588,"TWOGAUSSIANS_WITH_ELLIPSOIDAL_ON_ECLIPSE1",9,24.008608,0.749095,0.0033595085,0.230889,0.056272335,0.24278593,0.025632309,0.24720217,0.005816588,0.05872559,0.033855356,0.11549216,0.02858397
375316653866487564,4107316601555527040,0.4141631,2315.9124199467524,0.22099674256194876,8.473284E-5,18.289083,0.010905769,0.3994142,0.03657649,0.103811584,0.0315252,0.2751015,0.075670026,0.69139767,0.029752493,0.07512746,0.021777427,0.1826305,0.030507647,null,null,null,null,"TWOGAUSSIANS",8,5.62081,0.3996142,0.036349002,0.4,0.0,0.2750156,0.07604929,0.69139767,0.029752493,0.4,0.08556254,0.1877165,0.021472394
375316653866487564,4107316670272824448,0.4682772,2356.698394692668,1.6025982849113294,2.3094764E-5,19.72412,0.014296161,0.20411111,0.0036075327,0.04550929,0.005978847,0.2364719,0.03684904,0.68688244,0.013064213,0.05996948,0.0114847645,0.2507209,0.031987682,null,null,null,null,"TWOGAUSSIANS",8,2.62885,0.68688244,0.013064213,0.3358291,0.064314686,0.25071797,0.03198643,0.20411111,0.0036075327,0.25485203,0.033481546,0.236469,0.0368501
375316653866487564,4107316708858949504,0.41287205,2323.693803548934,4.060040189199831,4.7033103E-5,19.46345,0.054726742,0.14413446,0.0035905181,0.059469137,0.010984756,0.6872479,0.09391588,0.8654823,0.032263752,0.03378494,0.013442603,0.14893919,0.13187684,null,null,null,null,"TWOGAUSSIANS",8,30.02216,0.14413446,0.0035905181,0.33302718,0.061514635,0.6872479,0.09391588,0.8654922,0.032317586,0.18919566,0.07527857,0.14895092,0.13187145
375316653866487564,4107316811891281280,0.5180308,2335.191628144793,0.8229763910265359,4.913076E-5,18.898294,0.0034723529,0.18308456,1.9231838E-5,0.010365481,2.4479872E-4,0.17726268,0.0027800703,0.67960566,0.0053688358,0.03624225,0.0041222954,0.6584186,0.1275809,null,null,null,null,"TWOGAUSSIANS",8,2.2806604,0.67960566,0.0053688358,0.2029566,0.023084855,0.6584186,0.1275809,0.18308456,1.9231838E-5,0.058046687,0.0013708728,0.17726268,0.0027800703
375316653866487564,4107316842073794560,0.5108129,2324.9615752946343,2.327361683536201,2.1435268E-5,19.534475,0.024311475,0.25980854,0.0069655925,0.08119968,0.016451644,0.4606758,0.060855683,0.7702914,0.013435443,0.08436823,0.015334223,0.36067134,0.030583957,null,null,null,null,"TWOGAUSSIANS",8,2.3071756,0.25980854,0.0069655925,0.4,0.00494467,0.45367065,0.06765467,0.7702914,0.013435443,0.4,0.0,0.35366616,0.023707034
375316653866487564,4107316945207524608,0.4685514,2405.0240411923965,0.36087173592270405,8.132155E-5,19.770014,0.018102879,0.14170146,0.0052846083,0.048884835,0.0121249715,0.3426823,0.08348854,0.61722326,0.016071383,0.040414765,0.020970345,0.24724963,0.19363905,null,null,null,null,"TWOGAUSSIANS",8,1.5313795,0.14170146,0.0052846083,0.27375507,0.06789984,0.34268227,0.08349727,0.61722326,0.016071383,0.22632268,0.11743393,0.24724962,0.19364272
375316653866487564,4107317052456828672,0.51304543,2358.3814932970167,3.828213456528936,8.9680625E-6,19.900093,0.045178514,0.22449295,0.042707626,0.1204828,0.05070801,0.110402234,0.065758504,0.56369853,0.016833235,0.05831688,0.011062517,0.3464968,0.05757432,null,null,null,null,"TWOGAUSSIANS",8,1.194842,0.56369853,0.016833235,0.3265745,0.061950095,0.34827662,0.05669326,0.22449295,0.042707626,0.4,0.0,0.11008416,0.06262878
375316653866487564,4107317121176846208,0.55786556,2342.83843018806,2.152111602571037,1.3197983E-5,17.665854,0.4527441,0.20966662,0.0033720678,0.1580627,0.030727025,0.7324215,0.38050923,0.71120614,0.0022510914,0.19891053,0.059391562,0.7377938,0.44211835,null,null,null,null,"TWOGAUSSIANS",8,2.6479673,0.20904663,0.0031240035,0.4,0.0,0.25312832,0.007480371,0.71156615,0.0022259736,0.4,0.0,0.20568956,0.006970257
375316653866487564,4107317151365987840,0.42918682,2298.268126644152,0.4620603076298445,2.4616653E-5,19.70492,0.02143265,0.2140102,0.002668612,0.029751262,0.0042275446,0.62672186,0.122016564,0.6889641,0.009743007,0.042298086,0.00987171,0.22790414,0.077327274,0.07621788,0.036453962,0.2140102,0.002668612,"TWOGAUSSIANS_WITH_ELLIPSOIDAL_ON_ECLIPSE1",9,16.069813,0.2140102,0.002668612,0.16660707,0.023674252,0.77915764,0.115877055,0.6911042,0.00989178,0.23686929,0.05528158,0.37691262,0.05755807
