Gaia/vari_eclipsing_binary/VariEclipsingBinary_663551-663715.csv
# %ECSV 1.0
# ---
# delimiter: ','
# meta: !!omap
# - RELEASE: Gaia DR3
# - TABLE: vari_eclipsing_binary
# - DESCRIPTION: >
#     This table describes the properties of the eclipsing binaries resulting from the variability analysis. 
# - CITATION: >
#     How to cite and acknowledge Gaia: 
#     https://gea.esac.esa.int/archive/documentation/credits.html 
# - KNOWN_ISSUES: >
#     Known issues: 
#     https://www.cosmos.esa.int/web/gaia-users/known-issues 
# - DOCUMENTATION: >
#     Tutorials and documentation: 
#     https://www.cosmos.esa.int/web/gaia-users/archive 
# datatype:
# - 
#   name: solution_id
#   datatype: int64
#   description: Solution Identifier
#   meta:
#     ucd: meta.version
# - 
#   name: source_id
#   datatype: int64
#   description: Unique source identifier
#   meta:
#     ucd: meta.id;meta.main
# - 
#   name: global_ranking
#   datatype: float32
#   description: Number between 0 (worst) and 1 (best)
#   meta:
#     ucd: stat.param
# - 
#   name: reference_time
#   datatype: float64
#   unit: d
#   description: Reference time used for the geometric model fit
#   meta:
#     ucd: time.epoch
# - 
#   name: frequency
#   datatype: float64
#   unit: d**-1
#   description: Frequency of geometric model of the eclipsing binary light curve
#   meta:
#     ucd: src.orbital
# - 
#   name: frequency_error
#   datatype: float32
#   unit: d**-1
#   description: "Uncertainty of \\texttt{frequency}"
#   meta:
#     ucd: stat.error
# - 
#   name: geom_model_reference_level
#   datatype: float32
#   unit: mag
#   description: Magnitude reference level of geometric model
#   meta:
#     ucd: phot.mag;em.opt
# - 
#   name: geom_model_reference_level_error
#   datatype: float32
#   unit: mag
#   description: "Uncertainty of \\texttt{geomModelReferenceLevel}"
#   meta:
#     ucd: stat.error;phot.mag;em.opt
# - 
#   name: geom_model_gaussian1_phase
#   datatype: float32
#   description: Phase of the Gaussian 1 component
#   meta:
#     ucd: time.phase
# - 
#   name: geom_model_gaussian1_phase_error
#   datatype: float32
#   description: "Uncertainty of \\texttt{geomModelGaussian1Phase}"
#   meta:
#     ucd: stat.error;time.phase
# - 
#   name: geom_model_gaussian1_sigma
#   datatype: float32
#   description: "Standard deviation [phase] of Gaussian 1 component"
#   meta:
#     ucd: stat.stdev
# - 
#   name: geom_model_gaussian1_sigma_error
#   datatype: float32
#   description: "Uncertainty of \\texttt{geomModelGaussian1Sigma}"
#   meta:
#     ucd: stat.error
# - 
#   name: geom_model_gaussian1_depth
#   datatype: float32
#   unit: mag
#   description: Magnitude depth of Gaussian 1 component
#   meta:
#     ucd: src.var.amplitude
# - 
#   name: geom_model_gaussian1_depth_error
#   datatype: float32
#   unit: mag
#   description: "Uncertainty of \\texttt{geomModelGaussian1Depth}"
#   meta:
#     ucd: stat.error;src.var.amplitude
# - 
#   name: geom_model_gaussian2_phase
#   datatype: float32
#   description: Phase of Gaussian 2 component
#   meta:
#     ucd: time.phase
# - 
#   name: geom_model_gaussian2_phase_error
#   datatype: float32
#   description: "Uncertainty of \\texttt{geomModelGaussian2Phase}"
#   meta:
#     ucd: stat.error;time.phase
# - 
#   name: geom_model_gaussian2_sigma
#   datatype: float32
[...]
#   datatype: float32
#   description: "Secondary eclipse: uncertainty of \\texttt{derivedSecondaryEclDuration}"
#   meta:
#     ucd: stat.error;time.duration
# - 
#   name: derived_secondary_ecl_depth
#   datatype: float32
#   unit: mag
#   description: "Secondary eclipse: depth"
#   meta:
#     ucd: src.var.amplitude
# - 
#   name: derived_secondary_ecl_depth_error
#   datatype: float32
#   unit: mag
#   description: "Secondary eclipse: uncertainty of \\texttt{derivedSecondaryEclDepth}"
#   meta:
#     ucd: stat.error;src.var.amplitude
solution_id,source_id,global_ranking,reference_time,frequency,frequency_error,geom_model_reference_level,geom_model_reference_level_error,geom_model_gaussian1_phase,geom_model_gaussian1_phase_error,geom_model_gaussian1_sigma,geom_model_gaussian1_sigma_error,geom_model_gaussian1_depth,geom_model_gaussian1_depth_error,geom_model_gaussian2_phase,geom_model_gaussian2_phase_error,geom_model_gaussian2_sigma,geom_model_gaussian2_sigma_error,geom_model_gaussian2_depth,geom_model_gaussian2_depth_error,geom_model_cosine_half_period_amplitude,geom_model_cosine_half_period_amplitude_error,geom_model_cosine_half_period_phase,geom_model_cosine_half_period_phase_error,model_type,num_model_parameters,reduced_chi2,derived_primary_ecl_phase,derived_primary_ecl_phase_error,derived_primary_ecl_duration,derived_primary_ecl_duration_error,derived_primary_ecl_depth,derived_primary_ecl_depth_error,derived_secondary_ecl_phase,derived_secondary_ecl_phase_error,derived_secondary_ecl_duration,derived_secondary_ecl_duration_error,derived_secondary_ecl_depth,derived_secondary_ecl_depth_error
[from data line 216]
375316653866487564,5837286409863595392,0.569762,2201.7420940452403,2.4529223689761044,7.395912E-6,17.497988,0.034164663,0.1290747,0.0022319036,0.047308054,0.010977699,0.34897172,0.047508467,0.6271228,0.007242249,0.06514722,0.013936332,0.24111739,0.069033034,0.113385834,0.038311224,0.1290747,0.0022319036,"TWOGAUSSIANS_WITH_ELLIPSOIDAL_ON_ECLIPSE1",9,19.032671,0.1290747,0.0022319036,0.2649251,0.061475117,0.57560736,0.064086884,0.6275928,0.0057396647,0.3648244,0.07804346,0.4677271,0.026835019
375316653866487564,5837288643244772736,0.49924275,2212.564117853147,0.34562703524490623,1.018378E-6,18.460035,0.0022473696,0.6067344,1.7363323E-5,0.009218641,1.4595901E-4,0.44999558,0.0058582188,null,null,null,null,null,null,null,null,null,null,"ONEGAUSSIAN",5,1.8671787,0.6067344,1.7363323E-5,0.051624388,8.173705E-4,0.44999558,0.0,null,null,null,null,null,null
375316653866487564,5837290743489256320,0.5874569,2175.0793786708546,3.483197779082467,4.9858504E-6,15.866637,0.007140839,0.252164,0.001784385,0.07743753,0.0040267813,0.27315384,0.00802643,0.7428435,0.002118203,0.08714257,0.0030736192,0.29013926,0.007120035,null,null,null,null,"TWOGAUSSIANS",8,27.43649,0.7428435,0.002118203,0.4,0.0,0.2854516,0.0057022627,0.252164,0.001784385,0.4,0.0,0.26846623,0.0079015745
375316653866487564,5837291327604869760,0.60732365,2185.266283301496,3.2288575730541074,4.0465807E-6,19.21022,0.007435174,0.2729529,0.0021308714,0.04109758,0.0051317606,0.43010032,0.08228023,0.7745004,0.0015521798,0.045533452,0.0032606563,0.46178338,0.020072233,0.12789695,0.0155736385,0.2729529,0.0021308714,"TWOGAUSSIANS_WITH_ELLIPSOIDAL_ON_ECLIPSE1",9,1.8513069,0.7745004,0.0015354174,0.25498733,0.018259674,0.7175529,0.01870902,0.2729529,0.0021308714,0.23014645,0.02873786,0.685894,0.08931257
375316653866487564,5837297787235890048,0.67714363,2219.145847281103,3.28679968323064,2.3588782E-6,15.39955,0.0072863926,0.28104803,8.568205E-4,0.044195306,0.0024216187,0.30882904,0.01641432,0.77887547,0.0022417346,0.044084013,0.0040292637,0.41332498,0.03960609,0.13427016,0.010801516,0.28104803,8.568205E-4,"TWOGAUSSIANS_WITH_ELLIPSOIDAL_ON_ECLIPSE1",9,34.106106,0.7790755,0.002037994,0.24687047,0.022563878,0.68181974,0.052254606,0.28104803,8.568205E-4,0.24749371,0.013561065,0.5773693,0.0071892682
375316653866487564,5837302769394645504,0.4561204,2244.965495685537,3.1672062492150843,1.9511925E-5,18.997736,0.003869469,null,null,null,null,null,null,null,null,null,null,null,null,0.06952436,0.0064314567,0.26887047,0.0054577603,"ELLIPSOIDAL",4,3.1815448,null,null,null,null,null,null,null,null,null,null,null,null
375316653866487564,5837309297747826432,0.65217555,2207.4174608889716,3.068545127119776,4.0050713E-6,15.484776,0.005169578,0.22327605,0.0018293157,0.035506956,0.01077113,0.19173986,0.013116921,0.719405,0.0013516587,0.04853053,0.0036283534,0.30859467,0.032054305,0.114627965,0.007871324,0.22327605,0.0018293157,"TWOGAUSSIANS_WITH_ELLIPSOIDAL_ON_ECLIPSE1",9,29.056038,0.71987504,9.814719E-4,0.27177098,0.020318778,0.5377303,0.03456455,0.22327605,0.0018293157,0.19883896,0.06031833,0.4209946,0.0072517497
375316653866487564,5837313798868744576,0.5255075,2193.7549964793707,2.891152546416881,2.0731026E-5,19.702406,0.009251045,0.18475793,0.0048423074,0.087594375,0.008859802,0.4035435,0.020441439,0.6935157,0.009366422,0.0835665,0.009038094,0.3964121,0.014617074,null,null,null,null,"TWOGAUSSIANS",8,1.5285105,0.18475793,0.0048423074,0.4,0.0,0.39389417,0.023383956,0.6935157,0.009366422,0.4,0.0,0.38676283,0.012177164
375316653866487564,5837313897654434560,0.57041806,2201.553072748542,0.7948269656148443,3.160499E-5,18.966063,0.0046611563,0.30840683,0.02394175,0.034914758,0.033880312,0.6532822,0.5868736,0.7389114,0.006424054,0.025323588,0.008976858,0.6478322,0.479282,null,null,null,null,"TWOGAUSSIANS",8,2.156465,0.30840683,0.02394175,0.19552265,0.18972974,0.6532822,0.5868736,0.7389114,0.006424054,0.14181209,0.050270405,0.6478322,0.479282
375316653866487564,5837319605671045248,0.48430791,2230.577256753934,3.9882195579270014,4.5110573E-5,19.67086,0.02904248,0.2234029,0.008706711,0.08837642,0.013413457,0.2526595,0.028886141,0.69151825,0.009322902,0.10546008,0.015373953,0.22810154,0.029848423,null,null,null,null,"TWOGAUSSIANS",8,2.0111535,0.2234129,0.008692774,0.4,0.0,0.24165455,0.021507613,0.69151825,0.009322902,0.4,0.0,0.2170841,0.019754576
375316653866487564,5837322247071046144,0.49807805,2228.520704968142,2.711433807147052,1.599546E-5,18.508524,0.032100644,0.25437424,0.005816722,0.104730785,0.01374361,0.21291624,0.03149076,0.76227754,0.004253456,0.1266458,0.02260711,0.16865624,0.028251821,null,null,null,null,"TWOGAUSSIANS",8,1.3629858,0.25432426,0.0057820794,0.4,0.0,0.17971218,0.005409344,0.76228756,0.00426234,0.4,0.0,0.13531415,0.009118185
375316653866487564,5837323213442640896,0.5200164,2230.071588102952,3.4970941080485742,3.3923123E-5,18.623194,0.005766473,0.77038693,0.002611279,0.04270037,0.0029973846,0.38406327,0.022835288,null,null,null,null,null,null,0.04163485,0.007900992,0.77038693,0.002611279,"ONEGAUSSIAN_WITH_ELLIPSOIDAL",6,7.1257696,0.77038693,0.002611279,0.23912206,0.016785353,0.4673329,0.023693249,null,null,null,null,null,null
375316653866487564,5837324862710089728,0.58230263,2261.723900403676,1.360222167434502,4.343257E-6,16.470911,0.0018588105,0.27889055,8.7405706E-4,0.043922424,7.986126E-4,0.2341306,0.0074516665,0.7792153,0.0015921402,0.045567244,0.0022371118,0.062871754,0.002933848,null,null,null,null,"TWOGAUSSIANS",8,3.72838,0.27889055,8.7405706E-4,0.24596559,0.0044722306,0.23413058,0.0074516684,0.7792153,0.0015921402,0.25517657,0.012527825,0.06287172,0.002933848
375316653866487564,5837325171947737472,0.52422154,2260.5568826701274,0.41112431980304054,2.2551093E-4,18.8277,0.04809189,0.6400525,0.07476064,0.18051463,0.14629649,0.060402922,0.043535605,0.45293543,0.0040813647,0.039179422,0.0030212959,0.5970608,0.035514362,null,null,null,null,"TWOGAUSSIANS",8,5.1666627,0.45345542,0.0040590814,0.21940476,0.016919257,0.62980604,0.03469718,0.6395925,0.26176745,0.4,0.0,0.05780298,0.7790101
375316653866487564,5837326713837164416,0.5089141,2201.069732033541,3.3573100547686017,1.1429895E-5,18.91955,0.024230199,0.27143908,0.005293736,0.09338315,0.009906526,0.33310026,0.023534002,0.77846503,0.00580979,0.08420003,0.012293834,0.33350468,0.040236633,null,null,null,null,"TWOGAUSSIANS",8,5.7355924,0.77846503,0.00580979,0.4,0.0,0.32220563,0.04392669,0.27143908,0.005293736,0.4,0.0,0.32180083,0.01675573
375316653866487564,5837329432555314048,0.6486344,2233.3399954815886,3.4536191016079845,3.758764E-6,14.584118,0.011563244,0.23885234,0.001036419,0.041542865,0.0028106973,0.56295955,0.044700194,0.7371872,0.0016547948,0.03620769,0.0025857033,0.35200816,0.02536391,0.16246186,0.013528227,0.23885234,0.001036419,"TWOGAUSSIANS_WITH_ELLIPSOIDAL_ON_ECLIPSE1",9,135.35838,0.23885234,0.001036419,0.23264004,0.015739905,0.88788307,0.044447042,0.7373372,0.0015061992,0.20276307,0.014479939,0.6768992,0.0077316966
375316653866487564,5837329466915055872,0.5778926,2230.934197311233,4.273038285285007,7.2100065E-6,17.082935,0.010074512,0.18959734,0.004820749,0.08207156,0.005222117,0.36709043,0.033181015,0.68271947,0.0025479004,0.08148136,0.0040557343,0.33517888,0.009442511,null,null,null,null,"TWOGAUSSIANS",8,10.332818,0.18959734,0.004820749,0.4,0.0,0.3613305,0.033595726,0.68271947,0.0025479004,0.4,0.0,0.32941896,0.0073522427
375316653866487564,5837332662370198016,0.5864727,2159.7827617576672,3.5919214313490615,6.536907E-6,17.146994,0.0063737007,0.22345822,0.0019155948,0.04586155,0.003572214,0.12818857,0.015129548,0.7246464,0.003740816,0.03816949,0.004644981,0.26869148,0.015081779,0.10287998,0.007680002,0.22345822,0.0019155948,"TWOGAUSSIANS_WITH_ELLIPSOIDAL_ON_ECLIPSE1",9,17.238842,0.7246464,0.0037179925,0.21374913,0.026011895,0.47443995,0.011484747,0.22345822,0.0019155948,0.25682467,0.0200044,0.3339485,0.0072197462
375316653866487564,5837335887885102720,0.48412162,2199.5703183440173,2.8784483638699996,2.2054617E-5,18.476723,0.03465359,0.2509571,0.012221406,0.09666888,0.025834687,0.18177299,0.03458891,0.75543934,0.004689279,0.100614175,0.018075425,0.17771837,0.033040967,null,null,null,null,"TWOGAUSSIANS",8,3.2020967,0.2509571,0.012235425,0.4,0.0,0.16811271,0.015146146,0.75543934,0.004679571,0.4,0.0,0.1640571,0.013031419
375316653866487564,5837340320291532800,0.5038174,2182.735920378081,0.8629835883697106,4.9805578E-5,17.519653,0.006771068,0.30103463,0.018642392,0.008808355,0.009355701,0.3031466,935743.25,0.7692043,2.7367187E-4,0.0052356576,4.2546948E-4,0.546965,0.026151538,0.008388647,0.011484537,0.30103463,0.018642392,"TWOGAUSSIANS_WITH_ELLIPSOIDAL_ON_ECLIPSE1",9,40.70434,0.7692043,2.7367187E-4,0.029319683,0.002382629,0.56308013,0.046038326,0.30103463,0.018642392,0.049326785,0.052391924,0.3199239,935743.25
375316653866487564,5837351697665275520,0.53795683,2192.924470423417,2.6977344281835385,8.543237E-6,16.931211,0.003452791,0.14063087,0.0022863017,0.05082391,0.007966557,0.078214444,0.012795383,null,null,null,null,null,null,0.10684401,0.0062239463,0.14063087,0.0022863017,"ONEGAUSSIAN_WITH_ELLIPSOIDAL",6,18.927511,0.14063087,0.0022863017,0.28461388,0.044612717,0.29190153,0.010971297,null,null,null,null,null,null
375316653866487564,5837355923913148416,0.6175588,2191.60032792304,2.940327883405543,7.1281183E-6,16.310528,0.016491087,0.24034739,0.0015697003,0.058280565,0.0062746773,0.29586536,0.03912764,0.74543077,0.002337508,0.050388634,0.0065947706,0.29176387,0.036593363,0.104706496,0.026048414,0.24034739,0.0015697003,"TWOGAUSSIANS_WITH_ELLIPSOIDAL_ON_ECLIPSE1",9,32.475727,0.24034739,0.0015697003,0.32637116,0.035138194,0.50524783,0.025322,0.74543077,0.002337508,0.28217635,0.036930714,0.50093275,0.01904495
375316653866487564,5837358569613143680,0.6415384,2243.251453737961,2.6399907245113163,4.113445E-6,14.651074,0.0062692496,0.2894332,0.0014542143,0.08655003,0.0023011947,0.45323804,0.006956338,0.7900799,0.0020984958,0.09118951,0.0030034387,0.39566502,0.013459478,null,null,null,null,"TWOGAUSSIANS",8,66.91259,0.2894332,0.0014542143,0.4,0.0,0.43724975,0.006043519,0.7900799,0.0020984958,0.4,0.0,0.37967655,0.0144355185
375316653866487564,5837359046351995136,0.52315056,2232.8548717488356,3.7756288915954945,2.767213E-5,19.085264,0.009923809,0.26590824,0.0065728743,0.08107519,0.011315218,0.38250569,0.028446507,0.76404786,0.008023692,0.07207115,0.0074966387,0.46666554,0.049276624,null,null,null,null,"TWOGAUSSIANS",8,6.317261,0.76404786,0.008023692,0.4,0.02332613,0.46276477,0.05005555,0.26590824,0.0065728743,0.4,0.0020957289,0.3786049,0.03003554
375316653866487564,5837359806563752960,0.6171101,2216.4233850406704,3.0342533658551565,5.397319E-6,17.802593,0.013929376,0.28019893,0.0017458017,0.048702672,0.004393975,0.3612609,0.04342635,0.7798763,0.00275379,0.055811383,0.004232048,0.4657454,0.0397607,0.11123158,0.015539428,0.28019893,0.0017458017,"TWOGAUSSIANS_WITH_ELLIPSOIDAL_ON_ECLIPSE1",9,10.166495,0.7799063,0.002525478,0.31254375,0.02369947,0.6881866,0.037738107,0.28019893,0.0017458017,0.27273497,0.024606258,0.5837029,0.041953705
375316653866487564,5837370801680898432,0.5637569,2244.0101699845814,2.6357996719752594,8.583819E-6,16.718452,0.008867215,0.28035405,0.002951108,0.097692825,0.006068375,0.22947931,0.008381604,0.78720933,0.002210195,0.09176323,0.0049229986,0.2327466,0.00848816,null,null,null,null,"TWOGAUSSIANS",8,11.340141,0.78720933,0.002210195,0.4,0.0,0.21985582,0.006467526,0.28035405,0.002951108,0.4,0.0,0.2165877,0.0071394425
375316653866487564,5837371072256917760,0.48777756,2235.276344121582,3.6385281827797273,1.5083999E-5,19.793978,0.016000155,0.20010588,0.0058020675,0.0898512,0.006833819,0.33289766,0.025086526,0.71443325,0.0032119604,0.0797685,0.0053961473,0.4329617,0.026202327,null,null,null,null,"TWOGAUSSIANS",8,1.4097484,0.71443325,0.0032119604,0.4,0.0,0.42539805,0.026563283,0.20010588,0.0058020675,0.4,0.0,0.32533386,0.024842285
375316653866487564,5837373924115251456,0.52999884,2233.303070406743,3.8550237886908962,8.281208E-6,18.112392,0.0058653895,0.26644337,0.0040333425,0.05530984,0.006346472,0.18145527,0.010949404,0.764492,0.0024467942,0.045141675,0.004412253,0.46070808,0.053650547,null,null,null,null,"TWOGAUSSIANS",8,5.6341777,0.764492,0.0024467942,0.25279337,0.024708617,0.46070603,0.053653657,0.26644337,0.0040333425,0.3097351,0.035540245,0.18145321,0.01095052
375316653866487564,5837374065856053248,0.61719054,2240.9093795333697,1.5255570250725916,8.7505E-6,15.718708,0.001811084,0.15063737,0.004949936,0.07103556,0.005174643,0.08401136,0.0041664876,0.6476545,0.0012237859,0.05553067,0.0010551476,0.3259662,0.009574359,null,null,null,null,"TWOGAUSSIANS",8,5.893249,0.6476545,0.0012237859,0.31097177,0.005908827,0.32585606,0.009576569,0.15063737,0.004949936,0.3977991,0.013261667,0.083901234,0.0041673803
375316653866487564,5837377914146952576,0.45564327,2232.4281058386923,1.4367035404751762,9.283154E-5,17.179161,0.0070507606,0.23763402,0.005731773,0.026336187,0.008951585,0.3640206,0.16945338,null,null,null,null,null,null,0.059576888,0.008762109,0.23763402,0.005731773,"ONEGAUSSIAN_WITH_ELLIPSOIDAL",6,66.82357,0.23763402,0.005731773,0.14748265,0.050128873,0.48317426,0.16906476,null,null,null,null,null,null
375316653866487564,5837379456033875712,0.5275884,2160.832051669141,1.7690281806812136,7.2152674E-5,16.842697,0.0012728105,0.4900819,0.0038479136,0.014506991,0.0010081679,0.34818557,0.09702522,0.6901027,0.025468614,0.012406896,0.015192583,0.014194838,0.010384857,null,null,null,null,"TWOGAUSSIANS",8,3.616745,0.4900819,0.0038479136,0.08123915,0.00564574,0.34818557,0.09702522,0.6901027,0.025468614,0.069478616,0.08507846,0.014194838,0.010384857
375316653866487564,5837380933502665728,0.56751007,2190.966553729371,3.0462387339934955,6.7526603E-6,18.978878,0.0057121445,0.22090292,0.0016206312,0.046694238,0.003297537,0.23770575,0.016690308,0.7265389,0.007575495,0.04033183,0.0049932706,0.2664037,0.038780987,0.13125059,0.010206689,0.22090292,0.0016206312,"TWOGAUSSIANS_WITH_ELLIPSOIDAL_ON_ECLIPSE1",9,1.7142799,0.7265389,0.0073894463,0.22585824,0.027962316,0.52857566,0.034997385,0.22090292,0.0016206312,0.26148775,0.018466208,0.50020677,0.010501732
375316653866487564,5837386087463789568,0.594241,2219.8271721936594,3.012000856917482,1.5068884E-5,19.060404,0.0107241105,0.24617201,0.0018836866,0.044208635,0.005875843,0.26141018,0.032447293,0.74931794,0.0030277562,0.044725038,0.0054346547,0.34595302,0.03640217,0.120400794,0.016690888,0.24617201,0.0018836866,"TWOGAUSSIANS_WITH_ELLIPSOIDAL_ON_ECLIPSE1",9,3.3121126,0.74931794,0.0030277562,0.2504602,0.030434066,0.58666015,0.03584685,0.24617201,0.0018836866,0.24756837,0.03290472,0.50221133,0.023808852
375316653866487564,5837391864200579072,0.56776345,2245.57251601481,3.3179862274628067,6.313225E-6,13.1649065,0.013905725,0.2784933,0.0024404782,0.12533613,0.010630446,0.14996313,0.0127249975,0.77436024,0.0019269981,0.10596607,0.008741938,0.13252181,0.01266123,null,null,null,null,"TWOGAUSSIANS",8,58.13117,0.2784933,0.0024455579,0.4,0.0,0.12370514,0.003063161,0.77436024,0.0019269981,0.4,0.0,0.10636576,0.003533464
375316653866487564,5837391894258582656,0.59432995,2252.775750052296,3.901823765796905,1.0026503E-5,18.239174,0.009128933,0.30174637,0.0012177512,0.041134924,0.0030447955,0.47091797,0.03517916,0.7993544,0.0033069705,0.044043664,0.007421518,0.5777554,0.29457805,0.15089396,0.014523391,0.30174637,0.0012177512,"TWOGAUSSIANS_WITH_ELLIPSOIDAL_ON_ECLIPSE1",9,4.6804085,0.7995344,0.0031178363,0.24664453,0.0415605,0.87947965,0.30202124,0.30174637,0.0012177512,0.23035558,0.017050855,0.7727053,0.04136776
