Gaia/vari_eclipsing_binary/VariEclipsingBinary_054883-055358.csv
# %ECSV 1.0
# ---
# delimiter: ','
# meta: !!omap
# - RELEASE: Gaia DR3
# - TABLE: vari_eclipsing_binary
# - DESCRIPTION: >
#     This table describes the properties of the eclipsing binaries resulting from the variability analysis. 
# - CITATION: >
#     How to cite and acknowledge Gaia: 
#     https://gea.esac.esa.int/archive/documentation/credits.html 
# - KNOWN_ISSUES: >
#     Known issues: 
#     https://www.cosmos.esa.int/web/gaia-users/known-issues 
# - DOCUMENTATION: >
#     Tutorials and documentation: 
#     https://www.cosmos.esa.int/web/gaia-users/archive 
# datatype:
# - 
#   name: solution_id
#   datatype: int64
#   description: Solution Identifier
#   meta:
#     ucd: meta.version
# - 
#   name: source_id
#   datatype: int64
#   description: Unique source identifier
#   meta:
#     ucd: meta.id;meta.main
# - 
#   name: global_ranking
#   datatype: float32
#   description: Number between 0 (worst) and 1 (best)
#   meta:
#     ucd: stat.param
# - 
#   name: reference_time
#   datatype: float64
#   unit: d
#   description: Reference time used for the geometric model fit
#   meta:
#     ucd: time.epoch
# - 
#   name: frequency
#   datatype: float64
#   unit: d**-1
#   description: Frequency of geometric model of the eclipsing binary light curve
#   meta:
#     ucd: src.orbital
# - 
#   name: frequency_error
#   datatype: float32
#   unit: d**-1
#   description: "Uncertainty of \\texttt{frequency}"
#   meta:
#     ucd: stat.error
# - 
#   name: geom_model_reference_level
#   datatype: float32
#   unit: mag
#   description: Magnitude reference level of geometric model
#   meta:
#     ucd: phot.mag;em.opt
# - 
#   name: geom_model_reference_level_error
#   datatype: float32
#   unit: mag
#   description: "Uncertainty of \\texttt{geomModelReferenceLevel}"
#   meta:
#     ucd: stat.error;phot.mag;em.opt
# - 
#   name: geom_model_gaussian1_phase
#   datatype: float32
#   description: Phase of the Gaussian 1 component
#   meta:
#     ucd: time.phase
# - 
#   name: geom_model_gaussian1_phase_error
#   datatype: float32
#   description: "Uncertainty of \\texttt{geomModelGaussian1Phase}"
#   meta:
#     ucd: stat.error;time.phase
# - 
#   name: geom_model_gaussian1_sigma
#   datatype: float32
#   description: "Standard deviation [phase] of Gaussian 1 component"
#   meta:
#     ucd: stat.stdev
# - 
#   name: geom_model_gaussian1_sigma_error
#   datatype: float32
#   description: "Uncertainty of \\texttt{geomModelGaussian1Sigma}"
#   meta:
#     ucd: stat.error
# - 
#   name: geom_model_gaussian1_depth
#   datatype: float32
#   unit: mag
#   description: Magnitude depth of Gaussian 1 component
#   meta:
#     ucd: src.var.amplitude
# - 
#   name: geom_model_gaussian1_depth_error
#   datatype: float32
#   unit: mag
#   description: "Uncertainty of \\texttt{geomModelGaussian1Depth}"
#   meta:
#     ucd: stat.error;src.var.amplitude
# - 
#   name: geom_model_gaussian2_phase
#   datatype: float32
#   description: Phase of Gaussian 2 component
#   meta:
#     ucd: time.phase
# - 
#   name: geom_model_gaussian2_phase_error
#   datatype: float32
#   description: "Uncertainty of \\texttt{geomModelGaussian2Phase}"
#   meta:
#     ucd: stat.error;time.phase
# - 
#   name: geom_model_gaussian2_sigma
#   datatype: float32
[...]
#   datatype: float32
#   description: "Secondary eclipse: uncertainty of \\texttt{derivedSecondaryEclDuration}"
#   meta:
#     ucd: stat.error;time.duration
# - 
#   name: derived_secondary_ecl_depth
#   datatype: float32
#   unit: mag
#   description: "Secondary eclipse: depth"
#   meta:
#     ucd: src.var.amplitude
# - 
#   name: derived_secondary_ecl_depth_error
#   datatype: float32
#   unit: mag
#   description: "Secondary eclipse: uncertainty of \\texttt{derivedSecondaryEclDepth}"
#   meta:
#     ucd: stat.error;src.var.amplitude
solution_id,source_id,global_ranking,reference_time,frequency,frequency_error,geom_model_reference_level,geom_model_reference_level_error,geom_model_gaussian1_phase,geom_model_gaussian1_phase_error,geom_model_gaussian1_sigma,geom_model_gaussian1_sigma_error,geom_model_gaussian1_depth,geom_model_gaussian1_depth_error,geom_model_gaussian2_phase,geom_model_gaussian2_phase_error,geom_model_gaussian2_sigma,geom_model_gaussian2_sigma_error,geom_model_gaussian2_depth,geom_model_gaussian2_depth_error,geom_model_cosine_half_period_amplitude,geom_model_cosine_half_period_amplitude_error,geom_model_cosine_half_period_phase,geom_model_cosine_half_period_phase_error,model_type,num_model_parameters,reduced_chi2,derived_primary_ecl_phase,derived_primary_ecl_phase_error,derived_primary_ecl_duration,derived_primary_ecl_duration_error,derived_primary_ecl_depth,derived_primary_ecl_depth_error,derived_secondary_ecl_phase,derived_secondary_ecl_phase_error,derived_secondary_ecl_duration,derived_secondary_ecl_duration_error,derived_secondary_ecl_depth,derived_secondary_ecl_depth_error
[from data line 246]
375316653866487564,484344217884855808,0.59988487,2220.947019466571,0.11026871210758124,4.0455843E-6,15.10914,2.9293404E-4,0.25853935,0.0016294253,0.007581054,0.0014517322,0.14314143,0.08414395,0.7528312,0.001063499,0.00634917,6.741569E-4,0.13274996,0.004837735,null,null,null,null,"TWOGAUSSIANS",8,2.6432292,0.25853935,0.0016294253,0.0424539,0.008129701,0.14314143,0.08414395,0.7528312,0.001063499,0.03555535,0.0037752783,0.13274996,0.004837735
375316653866487564,484350097698872064,0.5858079,2191.057117149771,4.116748799497396,7.250286E-6,17.679447,0.007350892,0.17963243,0.0010552981,0.047892652,0.0037181806,0.24868026,0.015434706,0.66875196,0.009829242,0.050683223,0.0058550993,0.1320313,0.029331915,0.10125808,0.009745987,0.17963243,0.0010552981,"TWOGAUSSIANS_WITH_ELLIPSOIDAL_ON_ECLIPSE1",9,7.653668,0.17963243,0.0010552981,0.26819888,0.020821812,0.45119518,0.013494851,0.67133194,0.0069264844,0.28382605,0.032788556,0.33382493,0.025901573
375316653866487564,484370232505835904,0.5756396,2187.364774449593,4.615406873590771,5.0378903E-6,19.731743,0.00867812,0.15710518,0.003228758,0.065189704,0.0023910038,0.6580211,0.02126659,0.6522814,0.0016382368,0.060313623,0.0021796692,0.67372125,0.013736702,null,null,null,null,"TWOGAUSSIANS",8,1.8634102,0.6522814,0.0016382368,0.33775628,0.012206148,0.67331344,0.013730938,0.15710518,0.003228758,0.36506233,0.013389621,0.6576133,0.021209864
375316653866487564,484385827527677824,0.5327766,2190.6402085643563,3.668430826407068,1.1767792E-5,18.653557,0.022403046,0.25823772,0.0022691365,0.040243715,0.004264621,0.3861796,0.04949916,0.755409,0.0062680785,0.03438051,0.0137910005,0.33319607,0.051356953,0.1519648,0.030118773,0.25823772,0.0022691365,"TWOGAUSSIANS_WITH_ELLIPSOIDAL_ON_ECLIPSE1",9,13.386018,0.25823772,0.0022691365,0.22536482,0.023881879,0.69010854,0.01741173,0.755629,0.0057326825,0.19253086,0.077229604,0.63703656,0.07091562
375316653866487564,484399713160793344,0.43492767,2276.108605410132,0.047650706445768534,1.596737E-5,14.233354,0.001139872,0.32209554,0.0054826145,0.1202857,0.0071391854,0.06518243,0.006822246,0.7477414,0.0060571735,0.07278345,0.0078122993,0.042978223,0.0039779465,null,null,null,null,"TWOGAUSSIANS",8,9.265797,0.32209554,0.0054826145,0.4,0.0,0.06388837,0.0068731415,0.7477414,0.0060571735,0.4,0.0073242784,0.041809354,0.00423882
375316653866487564,484409368247330048,0.58177584,2232.7311258434893,2.8472874941365314,3.755654E-6,13.863629,0.033873796,0.24684991,0.0018603299,0.12772521,0.012810286,0.23203893,0.03242192,0.7424955,0.001285871,0.121063374,0.011192666,0.23656076,0.030915858,null,null,null,null,"TWOGAUSSIANS",8,62.105637,0.7424955,0.001285871,0.4,0.0,0.17680024,0.0042444575,0.2468799,0.0018766775,0.4,0.0,0.17215288,0.0033330915
375316653866487564,484410399039456640,0.58159685,2249.0042323966027,0.35906943288315213,1.5432113E-5,12.806611,4.6168888E-4,0.266368,0.001639607,0.013440252,0.0026671097,0.4950585,0.46480876,0.7675869,0.0012974011,0.014131448,0.0018691173,0.17603387,0.015874501,0.0054700915,7.1461045E-4,0.266368,0.001639607,"TWOGAUSSIANS_WITH_ELLIPSOIDAL_ON_ECLIPSE1",9,24.718592,0.266368,0.001639607,0.075265415,0.014935815,0.5059987,0.46506956,0.7675869,0.0012974011,0.07913611,0.010467057,0.18697341,0.016492795
375316653866487564,484416240194957824,0.6109,2263.8704312406285,2.1301497795725246,2.9112105E-6,15.726786,0.0018518177,0.24252161,0.0015215343,0.04562047,0.009433134,0.011526553,0.004690631,0.7354434,0.0016035471,0.05627595,0.0018697657,0.108002864,0.0047289412,0.057118665,0.0025542595,0.24252161,0.0015215343,"TWOGAUSSIANS_WITH_ELLIPSOIDAL_ON_ECLIPSE1",9,7.1307435,0.7369234,0.001072319,0.3151453,0.010470687,0.2220575,0.0030885995,0.24252161,0.0015215343,0.25547463,0.05282555,0.12575983,0.0017760816
375316653866487564,484417511505266688,0.4326722,2271.423688029624,0.2004628786608512,2.3058743E-5,12.991589,0.0014205273,0.15206124,0.0044126436,0.031909294,0.008045218,0.080655865,0.021498643,0.65775055,0.0020286113,0.0160831,0.003371184,0.088088505,0.014934252,null,null,null,null,"TWOGAUSSIANS",8,77.47197,0.65775055,0.0020286113,0.09006537,0.018878631,0.088088505,0.014934252,0.15206124,0.0044126436,0.17869206,0.04505322,0.080655865,0.021498643
375316653866487564,484450084538002816,0.5898891,2171.513244285049,0.5080063318091196,3.0569227E-6,14.992922,0.0015250259,0.26702634,5.9176574E-4,0.02896698,4.4993742E-4,0.5601015,0.005720805,0.7664573,0.008302823,0.026907137,0.006158355,0.059573323,0.025046272,0.010273934,0.0035472803,0.26702634,5.9176574E-4,"TWOGAUSSIANS_WITH_ELLIPSOIDAL_ON_ECLIPSE1",9,33.120728,0.26702634,5.9176574E-4,0.16221508,0.0025196495,0.5806494,0.005220825,0.76646733,0.00825217,0.15067996,0.03448679,0.08012093,0.026358413
375316653866487564,484454272126671744,0.5950311,2152.4421533357636,2.036136423069184,6.745322E-6,18.078377,0.0026749,0.23549223,0.0012360815,0.053395286,0.002088233,0.19940601,0.006807616,0.74460584,0.009531812,0.038046043,0.0104205925,0.031702477,0.01751198,0.07517014,0.00338146,0.23549223,0.0012360815,"TWOGAUSSIANS_WITH_ELLIPSOIDAL_ON_ECLIPSE1",9,1.9402097,0.23549223,0.0012360815,0.2990136,0.011694104,0.34974283,0.004527337,0.74460584,0.009531812,0.21305785,0.058355317,0.18154685,0.017977504
375316653866487564,484476021842313088,0.5222441,2196.5994373031704,1.4746125403648205,5.066312E-6,19.119593,0.0031223143,0.24306238,7.912862E-4,0.020971024,5.8185466E-4,0.35715225,0.00856164,0.7433012,0.004211449,0.018647963,0.0034558363,0.4736109,0.011371147,null,null,null,null,"TWOGAUSSIANS",8,2.11952,0.7433012,0.004211449,0.10442859,0.019352684,0.4736109,0.011371147,0.24306238,7.912862E-4,0.117437735,0.003258386,0.35715225,0.00856164
375316653866487564,484476747694882560,0.5601608,2189.736453469209,2.8141355876103815,7.8733965E-6,13.213761,0.009916247,0.24209614,0.001244311,0.050784055,0.0037760967,0.25839704,0.023812998,0.7483364,0.0026060154,0.048146628,0.004161753,0.21263866,0.02303791,0.10867549,0.013280609,0.24209614,0.001244311,"TWOGAUSSIANS_WITH_ELLIPSOIDAL_ON_ECLIPSE1",9,139.93132,0.24209614,0.001244311,0.2843907,0.021146143,0.47574595,0.012684395,0.7483364,0.0026060154,0.2696211,0.023305817,0.42965358,0.009182048
375316653866487564,484478598821912448,0.54753536,2226.0209458529853,0.14063394625536985,2.6544703E-6,18.584888,0.0028351147,0.19384731,0.005130258,0.014303878,0.0031725552,0.49669293,0.05632005,0.6977465,3.7586235E-4,0.015870098,4.7271283E-4,0.24740179,0.005546763,null,null,null,null,"TWOGAUSSIANS",8,3.0827637,0.19384731,0.005130258,0.08010172,0.01776631,0.49669293,0.05632005,0.6977465,3.7586235E-4,0.088872544,0.002647192,0.24740179,0.005546763
375316653866487564,484497221799850496,0.48807362,2193.250358115958,2.1584987427030313,6.116478E-6,18.121487,0.006409638,0.23308183,0.0010476001,0.03232101,0.0017256751,0.26399046,0.018111445,0.73203784,0.0019016418,0.03469177,0.0024941957,0.38987592,0.0154776545,null,null,null,null,"TWOGAUSSIANS",8,21.45005,0.73203784,0.0019016418,0.1942739,0.013967495,0.38987592,0.0154776545,0.23308183,0.0010476001,0.18099767,0.00966378,0.26399046,0.018111445
375316653866487564,484507671459165440,0.6535234,2171.0992421661213,3.380108236313929,3.223992E-6,15.563312,0.0083094165,0.21342097,6.0693576E-4,0.04320425,0.001862963,0.42060724,0.016938902,0.7156481,0.0012617714,0.044833254,0.0022043786,0.5206693,0.021714646,0.12866962,0.010702877,0.7156481,0.0012617714,"TWOGAUSSIANS_WITH_ELLIPSOIDAL_ON_ECLIPSE2",9,51.80867,0.7156481,0.0012617714,0.25106624,0.012344521,0.77800804,0.016813666,0.21360098,5.1942916E-4,0.24194382,0.010432593,0.67789984,0.008975012
375316653866487564,484513272096496896,0.59656954,2202.1642550210827,1.4896038677451042,5.8507617E-6,15.364502,0.0048643597,0.23036206,0.0013352698,0.046607833,0.0019004516,0.36064914,0.010705863,0.7254664,0.003999538,0.055458594,0.0046970895,0.099483095,0.010457869,0.00901576,0.0056564338,0.23036206,0.0013352698,"TWOGAUSSIANS_WITH_ELLIPSOIDAL_ON_ECLIPSE1",9,28.04431,0.23036206,0.0013352698,0.26100385,0.0106425285,0.37867773,0.00537092,0.72567636,0.0038128616,0.31056812,0.026303701,0.11749534,0.003626918
375316653866487564,484523884957584256,0.5085951,2244.0452992892165,1.2480240508539167,8.227369E-6,17.702599,0.004156272,0.34001902,0.001384466,0.029052842,0.0014001211,0.4391849,0.017711751,0.51543385,0.020852163,0.01513078,0.017617872,0.029807266,1.44196252E12,null,null,null,null,"TWOGAUSSIANS",8,19.664223,0.34001902,0.001384466,0.16269591,0.007840678,0.4391849,0.017711751,0.51543385,0.020852163,0.08473237,0.09866008,0.029807271,1.44196252E12
375316653866487564,484539248058766464,0.5533834,2244.4285402894175,3.6142263653656053,7.704329E-6,16.189482,0.019907923,0.28800976,0.0023863337,0.10517743,0.00963944,0.27447894,0.015989156,0.77483064,0.0022957053,0.10260446,0.008762453,0.22865033,0.017720433,null,null,null,null,"TWOGAUSSIANS",8,21.816328,0.28800976,0.0023942913,0.4,0.0,0.25074208,0.008318373,0.77483064,0.0022957053,0.4,0.0,0.20491762,0.0064678565
375316653866487564,484542198698294144,0.4987336,2238.942843452018,4.207292751075137,1.169781E-5,19.5169,0.0071266447,0.221052,0.0044429884,0.06369599,0.0052704723,0.29124463,0.025670493,0.71663773,0.0036138948,0.054168694,0.0056477785,0.49350366,0.06837462,null,null,null,null,"TWOGAUSSIANS",8,2.9917483,0.71663773,0.0036138948,0.3033447,0.031627562,0.49342588,0.06847002,0.221052,0.0044429884,0.35669756,0.029514644,0.29116684,0.025704049
375316653866487564,484550002656728320,0.67197186,2222.8621021148874,0.315452048584165,1.0968836E-6,15.57934,5.949781E-4,0.33556542,1.672515E-4,0.013113151,2.769194E-4,0.5644803,0.020525238,0.8356203,0.002093316,0.012863593,0.001079808,0.5612651,0.077307954,null,null,null,null,"TWOGAUSSIANS",8,7.4948707,0.33556542,1.672515E-4,0.073433645,0.0015507486,0.5644803,0.020525238,0.8356203,0.002093316,0.07203612,0.006046925,0.5612651,0.077307954
375316653866487564,484556565366744448,0.5155415,2258.1850394929015,3.161496397967492,1.2880818E-5,17.329494,0.0048860554,0.23534168,0.0037918626,0.08211357,0.009147077,0.09723747,0.005724024,0.73078567,0.00440039,0.09413566,0.0062194066,0.1350831,0.0057567465,null,null,null,null,"TWOGAUSSIANS",8,4.586687,0.73078567,0.00440039,0.4,0.0,0.13124363,0.0047940486,0.23534168,0.0037918626,0.4,0.0,0.0933982,0.006297598
375316653866487564,484584293675350272,0.6363896,2225.298647026518,2.99490564829885,3.2606522E-6,15.858803,0.0043439604,0.284323,9.52053E-4,0.050468724,0.002586754,0.2552785,0.009175106,0.78496337,0.0022146143,0.045559738,0.0031402116,0.18796913,0.009875713,0.11558591,0.0056197722,0.284323,9.52053E-4,"TWOGAUSSIANS_WITH_ELLIPSOIDAL_ON_ECLIPSE1",9,21.73787,0.284323,9.52053E-4,0.28262487,0.014485822,0.48644868,0.0050491947,0.78496337,0.002213601,0.25513455,0.017585184,0.41913557,0.0065555214
375316653866487564,484596560102084736,0.5366761,2234.7252755388313,2.7755350153246523,8.3976565E-6,15.265132,0.03733624,0.27240625,0.0061841826,0.107238084,0.020024609,0.20716472,0.032760784,0.76948875,0.0022143363,0.11700426,0.020151226,0.19771989,0.032478295,null,null,null,null,"TWOGAUSSIANS",8,50.291176,0.27241623,0.006206416,0.4,0.0,0.17455655,0.0070421672,0.76948875,0.0022143363,0.4,0.0,0.16507661,0.0075624837
375316653866487564,484621913289933696,0.541774,2231.5377344644376,3.1963884175703647,1.2315606E-5,18.727467,0.007102905,0.26687765,0.004192459,0.09053841,0.005839155,0.29860032,0.010678145,0.7848236,0.0023437853,0.09379751,0.0036034312,0.2777484,0.0075783515,null,null,null,null,"TWOGAUSSIANS",8,2.1444604,0.26687765,0.004192459,0.4,0.0,0.28749362,0.010715008,0.7848236,0.0023437853,0.4,0.0,0.26664132,0.005102616
375316653866487564,484628205420638848,0.5354444,2246.6897946364265,0.6436466766799287,2.2875674E-5,14.679027,5.8052456E-4,0.26874828,0.0040441,0.022212997,0.005491516,0.009407272,0.0016358056,0.76850116,0.0040699323,0.022652078,0.0025310263,0.11094723,0.012339037,0.0067933705,8.7100547E-4,0.26874828,0.0040441,"TWOGAUSSIANS_WITH_ELLIPSOIDAL_ON_ECLIPSE1",9,8.302505,0.76850116,0.004053324,0.12685165,0.014173747,0.12453391,0.012434217,0.26874828,0.0040441,0.124392785,0.03075249,0.022993984,0.0015115124
375316653866487564,484632496090580224,0.5204411,2250.530901748839,1.285898850257242,4.3039386E-6,19.634424,0.0038927856,0.2137924,0.0026933004,0.019732738,0.0015570937,0.48948953,0.10029712,0.7130638,0.00152713,0.017295653,0.0013296953,0.588074,0.04538221,null,null,null,null,"TWOGAUSSIANS",8,1.8973542,0.7130638,0.00152713,0.096855655,0.007446294,0.588074,0.04538221,0.2137924,0.0026933004,0.11050333,0.008719725,0.48948953,0.10029712
375316653866487564,484650569312634752,0.56236684,2269.994350201323,3.750591096183598,4.3790815E-6,18.047153,0.0064682853,0.25990513,0.0017649394,0.081007935,0.0026054538,0.31965956,0.007952279,0.76759636,0.001379726,0.08351403,0.002897478,0.2920568,0.007076151,null,null,null,null,"TWOGAUSSIANS",8,5.0633583,0.25990513,0.0017649394,0.4,0.0,0.31443697,0.0073689697,0.76759636,0.001379726,0.4,0.0,0.2868342,0.0065290937
375316653866487564,484654043943843584,0.6264183,2243.268483726527,2.4173424333505062,3.129861E-6,13.698371,0.0052178986,0.21101841,0.0011707832,0.085935645,0.0016677476,0.41747147,0.005530814,0.7087394,9.4841444E-4,0.08046454,0.0016113328,0.4433159,0.007677211,null,null,null,null,"TWOGAUSSIANS",8,147.39534,0.7087394,9.4841444E-4,0.4,0.0,0.43429056,0.007408298,0.21101841,0.0011707832,0.4,0.0,0.4084461,0.004562494
375316653866487564,484655590132063488,0.62554383,2248.1164746665395,2.509652290449854,2.1546382E-6,15.46413,0.0030762705,0.2374279,0.0014755051,0.047348857,0.0036438631,0.06176026,0.008613314,0.7314834,0.0011436499,0.058852024,0.0022225173,0.2593484,0.009658985,0.06742401,0.004335468,0.2374279,0.0014755051,"TWOGAUSSIANS_WITH_ELLIPSOIDAL_ON_ECLIPSE1",9,14.929773,0.7322234,9.074551E-4,0.32957134,0.012446096,0.39401057,0.009984345,0.2374279,0.0014755051,0.2651536,0.020405633,0.1965871,0.0038370923
375316653866487564,484666757047232640,0.42023912,2254.0663548486837,4.465014980947097,2.3293478E-5,17.458097,0.0024202408,0.26107675,0.0036288803,0.008916413,0.00680457,0.10736541,0.050281227,0.44108012,0.0039547165,0.023162901,0.0050777565,0.1291269,0.03550205,null,null,null,null,"TWOGAUSSIANS",8,16.570683,0.44108012,0.0039547165,0.12971225,0.028435437,0.1291269,0.03550205,0.26107675,0.0036288803,0.049931914,0.038105592,0.10736541,0.050281227
375316653866487564,484669398448391808,0.46138737,2255.253942352475,2.156921210008726,2.2263654E-5,19.809532,0.007786955,0.10211212,0.013509226,0.016357444,0.008759209,1.1763225,0.7886241,0.54555494,0.007875607,0.02246021,0.0053606783,0.13097924,0.04364124,null,null,null,null,"TWOGAUSSIANS",8,8.127549,0.10211212,0.013509226,0.09160169,0.049051568,1.1763225,0.7886241,0.54555494,0.007875607,0.12577717,0.0300198,0.13097924,0.04364124
375316653866487564,484673766433773440,0.5417916,2244.2999960080933,0.10804370863107501,1.8262199E-5,14.095859,0.0020990742,0.3723328,0.05377066,0.15965077,0.070436485,0.006277544,0.0025337788,0.9043466,7.2530133E-4,0.010163743,1.828566E-4,1.6895113,0.14607887,null,null,null,null,"TWOGAUSSIANS",8,39.363525,0.9043466,7.2530133E-4,0.05691696,0.001023997,1.6895189,0.14608653,0.3723328,0.05377066,0.4,0.0,0.0061753383,0.0023000226
375316653866487564,484679092193213184,0.5238854,2248.3937162526136,0.41597329559557417,1.1960396E-5,13.57256,0.00566988,0.1876363,0.0026073323,0.041592337,0.004541191,0.22013798,0.01870947,0.6834186,0.004102887,0.03673487,0.003599734,0.29279426,0.025429087,0.014830066,0.007563239,0.1876363,0.0026073323,"TWOGAUSSIANS_WITH_ELLIPSOIDAL_ON_ECLIPSE1",9,852.529,0.6834686,0.004047611,0.20571527,0.02015851,0.32243374,0.022066489,0.1876363,0.0026073323,0.23291709,0.025430668,0.24979806,0.020118633
