Gaia/vari_eclipsing_binary/VariEclipsingBinary_705075-705381.csv
# %ECSV 1.0
# ---
# delimiter: ','
# meta: !!omap
# - RELEASE: Gaia DR3
# - TABLE: vari_eclipsing_binary
# - DESCRIPTION: >
#     This table describes the properties of the eclipsing binaries resulting from the variability analysis. 
# - CITATION: >
#     How to cite and acknowledge Gaia: 
#     https://gea.esac.esa.int/archive/documentation/credits.html 
# - KNOWN_ISSUES: >
#     Known issues: 
#     https://www.cosmos.esa.int/web/gaia-users/known-issues 
# - DOCUMENTATION: >
#     Tutorials and documentation: 
#     https://www.cosmos.esa.int/web/gaia-users/archive 
# datatype:
# - 
#   name: solution_id
#   datatype: int64
#   description: Solution Identifier
#   meta:
#     ucd: meta.version
# - 
#   name: source_id
#   datatype: int64
#   description: Unique source identifier
#   meta:
#     ucd: meta.id;meta.main
# - 
#   name: global_ranking
#   datatype: float32
#   description: Number between 0 (worst) and 1 (best)
#   meta:
#     ucd: stat.param
# - 
#   name: reference_time
#   datatype: float64
#   unit: d
#   description: Reference time used for the geometric model fit
#   meta:
#     ucd: time.epoch
# - 
#   name: frequency
#   datatype: float64
#   unit: d**-1
#   description: Frequency of geometric model of the eclipsing binary light curve
#   meta:
#     ucd: src.orbital
# - 
#   name: frequency_error
#   datatype: float32
#   unit: d**-1
#   description: "Uncertainty of \\texttt{frequency}"
#   meta:
#     ucd: stat.error
# - 
#   name: geom_model_reference_level
#   datatype: float32
#   unit: mag
#   description: Magnitude reference level of geometric model
#   meta:
#     ucd: phot.mag;em.opt
# - 
#   name: geom_model_reference_level_error
#   datatype: float32
#   unit: mag
#   description: "Uncertainty of \\texttt{geomModelReferenceLevel}"
#   meta:
#     ucd: stat.error;phot.mag;em.opt
# - 
#   name: geom_model_gaussian1_phase
#   datatype: float32
#   description: Phase of the Gaussian 1 component
#   meta:
#     ucd: time.phase
# - 
#   name: geom_model_gaussian1_phase_error
#   datatype: float32
#   description: "Uncertainty of \\texttt{geomModelGaussian1Phase}"
#   meta:
#     ucd: stat.error;time.phase
# - 
#   name: geom_model_gaussian1_sigma
#   datatype: float32
#   description: "Standard deviation [phase] of Gaussian 1 component"
#   meta:
#     ucd: stat.stdev
# - 
#   name: geom_model_gaussian1_sigma_error
#   datatype: float32
#   description: "Uncertainty of \\texttt{geomModelGaussian1Sigma}"
#   meta:
#     ucd: stat.error
# - 
#   name: geom_model_gaussian1_depth
#   datatype: float32
#   unit: mag
#   description: Magnitude depth of Gaussian 1 component
#   meta:
#     ucd: src.var.amplitude
# - 
#   name: geom_model_gaussian1_depth_error
#   datatype: float32
#   unit: mag
#   description: "Uncertainty of \\texttt{geomModelGaussian1Depth}"
#   meta:
#     ucd: stat.error;src.var.amplitude
# - 
#   name: geom_model_gaussian2_phase
#   datatype: float32
#   description: Phase of Gaussian 2 component
#   meta:
#     ucd: time.phase
# - 
#   name: geom_model_gaussian2_phase_error
#   datatype: float32
#   description: "Uncertainty of \\texttt{geomModelGaussian2Phase}"
#   meta:
#     ucd: stat.error;time.phase
# - 
#   name: geom_model_gaussian2_sigma
#   datatype: float32
[...]
#   datatype: float32
#   description: "Secondary eclipse: uncertainty of \\texttt{derivedSecondaryEclDuration}"
#   meta:
#     ucd: stat.error;time.duration
# - 
#   name: derived_secondary_ecl_depth
#   datatype: float32
#   unit: mag
#   description: "Secondary eclipse: depth"
#   meta:
#     ucd: src.var.amplitude
# - 
#   name: derived_secondary_ecl_depth_error
#   datatype: float32
#   unit: mag
#   description: "Secondary eclipse: uncertainty of \\texttt{derivedSecondaryEclDepth}"
#   meta:
#     ucd: stat.error;src.var.amplitude
solution_id,source_id,global_ranking,reference_time,frequency,frequency_error,geom_model_reference_level,geom_model_reference_level_error,geom_model_gaussian1_phase,geom_model_gaussian1_phase_error,geom_model_gaussian1_sigma,geom_model_gaussian1_sigma_error,geom_model_gaussian1_depth,geom_model_gaussian1_depth_error,geom_model_gaussian2_phase,geom_model_gaussian2_phase_error,geom_model_gaussian2_sigma,geom_model_gaussian2_sigma_error,geom_model_gaussian2_depth,geom_model_gaussian2_depth_error,geom_model_cosine_half_period_amplitude,geom_model_cosine_half_period_amplitude_error,geom_model_cosine_half_period_phase,geom_model_cosine_half_period_phase_error,model_type,num_model_parameters,reduced_chi2,derived_primary_ecl_phase,derived_primary_ecl_phase_error,derived_primary_ecl_duration,derived_primary_ecl_duration_error,derived_primary_ecl_depth,derived_primary_ecl_depth_error,derived_secondary_ecl_phase,derived_secondary_ecl_phase_error,derived_secondary_ecl_duration,derived_secondary_ecl_duration_error,derived_secondary_ecl_depth,derived_secondary_ecl_depth_error
[from data line 297]
375316653866487564,6204066553837652736,0.54973364,2200.0236145803074,2.489933273636671,1.2328122E-5,16.785261,0.0075070714,0.24307382,0.014749289,0.02914421,0.007017259,0.30428725,0.10360388,0.750227,0.009227674,0.028799593,0.0076017356,0.13701062,0.023957925,0.031732228,0.010901303,0.24307382,0.014749289,"TWOGAUSSIANS_WITH_ELLIPSOIDAL_ON_ECLIPSE1",9,15.3575535,0.24307382,0.014749289,0.16320758,0.03929665,0.3677517,0.10194225,0.750227,0.009169429,0.16127773,0.04256972,0.20034695,0.01933508
375316653866487564,6204067408531286912,0.59248966,2142.1735212159383,4.341627457800487,2.118165E-5,18.06551,0.012451164,0.31586927,0.0043330146,0.07054603,0.004504963,0.66255635,0.043515302,0.79918295,0.013996098,0.07283752,0.01326464,0.5619117,0.05540203,null,null,null,null,"TWOGAUSSIANS",8,9.470979,0.31586927,0.0043330146,0.3950578,0.017246585,0.6607111,0.043864474,0.79918295,0.013996098,0.4,0.06130058,0.56006646,0.055888485
375316653866487564,6204067893866949760,0.5609015,2196.2267316684156,0.4230227286672595,5.002849E-5,14.405452,0.027324261,0.33791575,0.007165194,0.0274808,0.023998573,0.68880135,0.2834799,0.8281495,0.0075380453,0.030032428,0.009393372,0.83747834,0.10017579,0.032483514,0.034744754,0.8281495,0.0075380453,"TWOGAUSSIANS_WITH_ELLIPSOIDAL_ON_ECLIPSE2",9,1349.8333,0.8281495,0.0075380453,0.1681816,0.05260288,0.9024454,0.09189278,0.33786574,0.007099506,0.15389249,0.13439201,0.7535254,0.3467661
375316653866487564,6204076994898795136,0.56434214,2098.5914683637884,3.9504148987262018,1.50694095E-5,17.555147,0.010025716,0.25164592,0.0039172284,0.07049552,0.0058778813,0.60157895,0.012386421,0.7598202,0.0056212097,0.07025045,0.00481678,0.7075226,0.013549658,null,null,null,null,"TWOGAUSSIANS",8,5.140935,0.7598202,0.0056212097,0.39340255,0.012265511,0.705597,0.013106831,0.25164592,0.0039172284,0.39477494,0.027586346,0.5996533,0.01216526
375316653866487564,6204081873979852032,0.62217283,2117.653310151775,1.3417910412963183,3.7575658E-6,17.88689,0.0038783979,0.25325486,0.011704335,0.050535418,0.0147597175,0.13514142,0.05774272,0.7533312,0.0056068106,0.044028297,0.0053674867,0.5294516,0.063407645,null,null,null,null,"TWOGAUSSIANS",8,2.6191192,0.7533312,0.0056068106,0.24655847,0.030057926,0.5294512,0.06340842,0.25325486,0.011704335,0.28299835,0.08265442,0.13514099,0.05774355
375316653866487564,6204083076570662784,0.6494873,2097.5913012770225,3.5979489790054036,5.3387425E-6,17.871786,0.012503022,0.23161776,0.0014155818,0.054289594,0.0029186232,0.41535562,0.029773375,0.73022777,0.0030222828,0.050263416,0.0043294597,0.4202368,0.03221235,0.11641788,0.016851677,0.23161776,0.0014155818,"TWOGAUSSIANS_WITH_ELLIPSOIDAL_ON_ECLIPSE1",9,3.3687048,0.7303677,0.0026774723,0.28147513,0.024244975,0.6530439,0.02975026,0.23161776,0.0014155818,0.30402172,0.016344288,0.64817876,0.01230586
375316653866487564,6204088333610750208,0.51329255,2145.755262705738,4.189132871315575,2.1745916E-5,19.655672,0.018258844,0.28950587,0.0076373424,0.06368356,0.007711972,0.29786184,0.023933075,0.7804115,0.019180894,0.053295627,0.019938875,0.71763515,0.2746422,null,null,null,null,"TWOGAUSSIANS",8,3.051774,0.7804115,0.019180894,0.2984555,0.111657694,0.7175673,0.27512762,0.28950587,0.0076373424,0.35662794,0.043187045,0.29779404,0.023839554
375316653866487564,6204107613724674304,0.44202742,2108.406149171591,0.21961267864665274,1.9200554E-4,15.202292,0.008533845,0.24436742,0.017466586,0.09771238,0.053945083,0.017612329,0.0071555446,0.70952874,0.014333789,0.10824561,0.044630207,0.023163503,0.0077180057,null,null,null,null,"TWOGAUSSIANS",8,4.8686934,0.70952874,0.014333789,0.4,0.0,0.021769883,0.005008242,0.24441743,0.017165586,0.4,0.009817998,0.016220875,0.0040340917
375316653866487564,6204116852193790080,0.4798163,2125.7036039179584,0.06927796150362397,1.4337015E-5,18.293718,0.0035710924,0.35343528,0.019805904,0.067216724,0.02761772,0.09297228,0.009562227,0.8200216,0.008937824,0.030381575,0.0062049185,0.12894686,0.021904273,null,null,null,null,"TWOGAUSSIANS",8,2.4943624,0.8200216,0.008937824,0.17013682,0.034747545,0.1289468,0.021903802,0.35343528,0.019805904,0.37641367,0.061931565,0.09297222,0.009575499
375316653866487564,6204119055512969856,0.49415487,2120.943619695417,4.229543330505209,3.424953E-5,19.084105,0.02370251,0.2125637,0.009706171,0.0814685,0.014887528,0.22862789,0.031165462,0.7144372,0.016348539,0.08973062,0.017250493,0.27244785,0.03622677,null,null,null,null,"TWOGAUSSIANS",8,4.168321,0.7144372,0.016348539,0.4,0.0,0.26563337,0.035349503,0.2125637,0.009706171,0.4,0.0,0.22181353,0.028968997
375316653866487564,6204120395547462400,0.4985287,2076.4167210031296,3.2033367036385103,3.854837E-5,14.871332,0.04161554,0.24904628,0.018235376,0.11658732,0.01679406,0.2198709,0.04044692,0.69528437,0.012342194,0.13407288,0.030369598,0.24243332,0.03166886,null,null,null,null,"TWOGAUSSIANS",8,166.24814,0.69528437,0.012342194,0.4,0.0,0.20230965,0.025078215,0.2504663,0.016818756,0.4,0.0,0.18061621,0.011926357
375316653866487564,6204132829472996736,0.59948534,2134.2001435995103,3.5682699497078243,1.1397373E-5,18.191402,0.009727374,0.285402,0.012741825,0.07056806,0.010909121,0.35654405,0.020781167,0.7867382,0.0033847683,0.07554597,0.00548785,0.4217488,0.01636832,null,null,null,null,"TWOGAUSSIANS",8,4.8172083,0.7867382,0.0033847683,0.4,0.0,0.41959023,0.01669381,0.285402,0.012741825,0.39518115,0.061091073,0.35438547,0.020649076
375316653866487564,6204133692766462080,0.5168248,2201.9980561002812,3.6084540178779125,1.0981081E-5,18.902996,0.0075817457,0.3104619,0.0037484588,0.03405222,0.006418645,0.10340469,0.042654954,null,null,null,null,null,null,0.11145007,0.013383707,0.3104619,0.0037484588,"ONEGAUSSIAN_WITH_ELLIPSOIDAL",6,4.3114195,0.3104619,0.0037484588,0.19069244,0.035944413,0.32630476,0.038704637,null,null,null,null,null,null
375316653866487564,6204143347846946688,0.54205704,2137.472946887495,2.954610613990849,1.4893113E-5,18.341194,0.02154899,0.25045535,0.013322707,0.08611657,0.01749682,0.21235192,0.027118156,0.7781763,0.006436951,0.07788174,0.022083899,0.13835432,0.015236086,null,null,null,null,"TWOGAUSSIANS",8,2.4000223,0.25045535,0.013322707,0.4,0.0,0.21040148,0.021846017,0.7781763,0.0064343973,0.4,0.0,0.13640393,0.011241939
375316653866487564,6204148776690372480,0.47084725,2172.467312180202,1.2427323395490188,9.140482E-5,17.481808,0.0033878009,0.23706006,0.013337922,0.025457833,0.011720227,0.048105787,0.10872978,0.66280854,0.005430664,0.06164693,0.008593367,0.07243452,0.007474844,null,null,null,null,"TWOGAUSSIANS",8,3.1440384,0.66280854,0.005430664,0.34522283,0.048122857,0.07243452,0.007474844,0.23706006,0.013337922,0.14256386,0.065633275,0.048105787,0.10872978
375316653866487564,6204162172689642624,0.5887187,2095.5568742180863,3.7590232244898183,1.2475431E-5,18.277317,0.0066899024,0.23348619,0.0028227689,0.072832756,0.0034716313,0.4965788,0.009871723,0.73795897,0.0044288756,0.08095152,0.0052505815,0.4616802,0.036680747,null,null,null,null,"TWOGAUSSIANS",8,3.5262659,0.23348619,0.0028227689,0.4,0.0029660433,0.4921846,0.009463399,0.73795897,0.0044288756,0.4,0.0,0.457286,0.037636764
375316653866487564,6204163207780798080,0.4932467,2152.985560556969,1.021553409533618,4.457748E-6,14.291517,0.0013896881,0.13117115,0.0014093106,0.022680406,0.0037030354,0.095303245,0.036688343,0.65927434,0.018271366,0.053897213,0.038865574,0.014035743,0.008358779,0.005665594,0.001915886,0.65927434,0.018271366,"TWOGAUSSIANS_WITH_ELLIPSOIDAL_ON_ECLIPSE2",9,7.500525,0.13130115,0.00135175,0.12701027,0.020736998,0.1062861,0.039170735,0.65927434,0.018271366,0.3018244,0.18471138,0.02536662,0.008102138
375316653866487564,6204192512337611776,0.67644006,2116.498388514966,0.7203936324535631,2.0969783E-5,14.634775,0.0037737526,0.24154907,0.007550526,0.03652876,0.0071317567,0.1809908,0.012919737,0.74370927,0.00368788,0.027352521,0.0043010497,0.72552145,0.10000685,0.017693212,0.005879317,0.24154907,0.007550526,"TWOGAUSSIANS_WITH_ELLIPSOIDAL_ON_ECLIPSE1",9,39.361534,0.74370927,0.00368788,0.15317412,0.02408588,0.7609014,0.10346754,0.24154907,0.007550526,0.20456104,0.03993784,0.21637721,0.012068495
375316653866487564,6204219381654985472,0.5408548,2113.379386174003,4.445911328150852,2.8664213E-5,19.938545,0.01927549,0.25016236,0.0041991896,0.058756735,0.0055433153,0.78514606,0.09689725,0.752956,0.008189768,0.06728199,0.0056403354,0.6099852,0.043659627,null,null,null,null,"TWOGAUSSIANS",8,1.6326042,0.25016236,0.0041991896,0.32903773,0.031042567,0.784667,0.09725071,0.752956,0.008189768,0.37677917,0.03158588,0.60950613,0.043515727
375316653866487564,6204224260735572992,0.614485,2134.0192976840226,3.837811811818556,7.3197766E-6,18.958649,0.0069176992,0.19985238,0.003006108,0.0709671,0.004291086,0.5179177,0.042835213,0.69976324,0.006039628,0.0693473,0.0042006415,0.58420414,0.009400099,null,null,null,null,"TWOGAUSSIANS",8,1.4553096,0.69976324,0.006039628,0.38834485,0.023523593,0.58228624,0.009061576,0.19985238,0.003006108,0.39741576,0.009582867,0.5159998,0.043512333
375316653866487564,6204241612404917120,0.6173143,2069.2788535882896,2.8424776583520908,6.583649E-6,18.134216,0.0120074535,0.18999772,0.005656331,0.029452214,0.020432916,0.296237,0.9501134,0.691827,0.007050439,0.047618978,0.006356802,0.41615304,0.057109017,0.1322427,0.014826488,0.18999772,0.005656331,"TWOGAUSSIANS_WITH_ELLIPSOIDAL_ON_ECLIPSE1",9,2.7901666,0.691827,0.006390909,0.2666663,0.035598088,0.6806029,0.06606772,0.18999772,0.005656331,0.1649324,0.114424326,0.5607218,0.950334
375316653866487564,6204243021154097920,0.58039254,2112.7292784018196,3.487210812854536,1.7670807E-5,17.840445,0.009878961,0.26722142,0.0026897776,0.07645572,0.0029265021,0.32862192,0.011453352,0.7732383,0.006146899,0.07928143,0.0053262357,0.3810253,0.020826804,null,null,null,null,"TWOGAUSSIANS",8,3.9063175,0.7732383,0.006146899,0.4,0.0,0.37741214,0.020936972,0.26722142,0.0026897776,0.4,0.0,0.32500875,0.010242809
375316653866487564,6204243433470963840,0.55743766,2151.6540532454355,2.5619899127068217,1.7317079E-4,18.484045,0.012224691,0.39004803,0.07072749,0.053802114,0.17038645,0.21603802,0.18481861,0.68541646,0.0029407237,0.021193631,0.0053621223,0.032393806,0.0049075573,null,null,null,null,"TWOGAUSSIANS",8,1.0000973,0.39004803,0.07072749,0.30129185,0.1053086,0.21603802,0.18997397,0.68541646,0.0029407237,0.11868433,0.030027883,0.03239387,0.0073079136
375316653866487564,6204250790754194048,0.5404385,2108.2817730873235,3.5457635163196874,2.3782899E-5,17.122509,0.0024489195,0.11772738,0.0059396653,0.0227077,0.006041305,0.07501371,0.040785927,0.48849735,1.05239E-5,0.018618805,2.6128886E-4,0.47387344,0.005325628,null,null,null,null,"TWOGAUSSIANS",8,6.528633,0.48849735,1.05239E-5,0.10426531,0.0014632177,0.47387344,0.005325628,0.11772738,0.0059396653,0.12716313,0.03383131,0.07501371,0.040785927
375316653866487564,6204258654835262592,0.48707956,2131.0658696104124,0.3387629510743576,8.2296196E-5,18.580082,0.012758913,0.3180143,0.016307449,0.110435314,0.019846532,0.118026055,0.013026912,0.71256775,0.039841212,0.08169563,0.028621282,0.1421655,0.03692862,null,null,null,null,"TWOGAUSSIANS",8,2.6649964,0.71256775,0.039841212,0.4,0.03474836,0.14060813,0.038321473,0.3180243,0.016705604,0.4,0.0,0.11627022,0.010500857
375316653866487564,6204260067883641344,0.51355577,2142.466753948579,0.06989360975875776,1.947879E-5,19.44114,0.0051477277,0.22512609,1.9476579E-4,0.0033885832,4.416932E-4,0.04859736,0.0038824382,0.79726136,0.012148123,0.008310706,0.006095722,0.42949778,3.0220325,null,null,null,null,"TWOGAUSSIANS",8,1.510027,0.79726136,0.012148123,0.046539955,0.034136042,0.42949778,3.0220325,0.22512609,1.9476579E-4,0.018976064,0.002473482,0.04859736,0.0038824382
375316653866487564,6204267661385843072,0.5248508,2115.8222247595195,3.005318970106348,2.132046E-5,16.960886,0.0024469923,null,null,null,null,null,null,null,null,null,null,null,null,0.057630893,0.0042165206,0.2660443,0.003542306,"ELLIPSOIDAL",4,8.366728,null,null,null,null,null,null,null,null,null,null,null,null
375316653866487564,6204274872630241920,0.43912458,2148.583946251412,1.9178058999970886,9.812214E-5,18.837736,0.019125743,0.22425874,0.024124853,0.12948519,0.040192496,0.12400714,0.041047495,0.55901605,0.017624786,0.055588536,0.020055287,0.07132689,0.017670024,null,null,null,null,"TWOGAUSSIANS",8,3.5684876,0.22425874,0.024124853,0.4,0.0,0.12368293,0.041185252,0.55901605,0.017624786,0.3112958,0.11230961,0.07538912,0.020279186
375316653866487564,6204279206256295936,0.43477935,2163.478536795053,1.3962376072193943,6.223298E-5,17.987017,0.005206905,0.27286196,0.02515331,0.13038509,0.027456796,0.061163295,0.008161091,0.6296228,0.04677403,0.024084568,0.028926367,0.0251459,0.01926241,null,null,null,null,"TWOGAUSSIANS",8,2.4320693,0.27286196,0.02515331,0.4,0.0,0.06108491,0.00814008,0.6296228,0.04677403,0.13487358,0.16198766,0.026515752,0.020951815
375316653866487564,6204297481338561792,0.5162777,2133.310911655276,0.9636182726317298,4.416546E-5,19.88978,0.006259995,0.20927794,0.0030934394,0.050684027,0.0036990084,0.26449832,0.019290257,0.8135545,0.0034612436,0.020008748,0.003896849,0.35108608,0.2001604,0.051115923,0.005731683,0.20927794,0.0030934394,"TWOGAUSSIANS_WITH_ELLIPSOIDAL_ON_ECLIPSE1",9,0.9298111,0.8135545,0.0034612436,0.11204899,0.021822354,0.4153621,0.20040727,0.20927794,0.0030934394,0.28383055,0.020714447,0.3667287,0.019723775
375316653866487564,6204309679045815424,0.47831327,2143.190160363779,3.1996157897266464,1.9129011E-5,14.146192,0.0038009735,0.29781696,0.08954924,0.09498861,0.04568312,0.02356816,0.014083761,0.7247749,0.0114694815,0.042350948,0.0053554825,0.2096323,0.06559511,null,null,null,null,"TWOGAUSSIANS",8,64.49467,0.7247749,0.0114694815,0.23716532,0.029990703,0.2096198,0.065457426,0.29781696,0.08954924,0.4,0.010073084,0.023554694,0.014084671
375316653866487564,6204329951291963648,0.5341323,2055.06969079943,4.698214528983346,5.090477E-5,19.41102,0.037146553,0.25373864,0.005559087,0.07159663,0.00805414,0.60309565,0.08766644,0.7345763,0.026854657,0.06079459,0.037482765,0.75677884,0.19015227,null,null,null,null,"TWOGAUSSIANS",8,5.55633,0.7345763,0.026854657,0.3404497,0.085552394,0.7561684,0.19658938,0.25373864,0.005559087,0.4,0.024160964,0.6024852,0.08631672
375316653866487564,6204337033696619520,0.47820753,2102.332094295095,0.3355807387483494,4.869312E-5,16.579376,0.31105718,0.25686845,0.018793592,0.11505442,0.03835227,0.13519435,0.11800885,0.74098545,0.008515407,0.21259837,0.11060269,0.28802228,0.3066506,null,null,null,null,"TWOGAUSSIANS",8,4.542223,0.74098545,0.008515407,0.4,0.0,0.16353695,0.007460873,0.26568845,0.023908038,0.4,0.0,0.047642346,0.009666433
375316653866487564,6204349643720686720,0.42676878,2210.6038503272266,0.6162562192523142,1.337971E-4,15.32737,0.015264098,0.3879185,0.046173178,0.037034847,0.037459683,0.57945937,3583.8271,0.9089839,0.004287475,0.022170275,0.006367163,0.20507155,0.12950972,null,null,null,null,"TWOGAUSSIANS",8,903.4545,0.3879185,0.046173178,0.20739515,0.20977421,0.57945937,3583.8271,0.9089839,0.004287475,0.12415355,0.03565611,0.20507155,0.12950972
375316653866487564,6204350601494219008,0.6258443,2094.332486876598,2.879572518146848,8.620266E-6,16.980291,0.026544081,0.23085552,0.0020012597,0.045718353,0.0036028528,0.52494293,0.08933188,0.72713757,0.0024313368,0.06303542,0.0054875184,0.3787403,0.05890885,0.07489299,0.03082855,0.23085552,0.0020012597,"TWOGAUSSIANS_WITH_ELLIPSOIDAL_ON_ECLIPSE1",9,16.499573,0.23085552,0.0020012597,0.25602278,0.020175977,0.67461467,0.056256514,0.7275476,0.0021121346,0.35299835,0.030730104,0.5283393,0.02334753
375316653866487564,6204350880670730624,0.5883908,2082.963949638615,3.597938507546994,9.004155E-6,17.56246,0.013480494,0.20260987,0.01957209,0.08303119,0.015635317,0.20794302,0.037961803,0.7076738,0.002735122,0.09060249,0.006043117,0.23411675,0.011922355,null,null,null,null,"TWOGAUSSIANS",8,2.2473404,0.7076738,0.002735122,0.4,0.0,0.22768795,0.006414113,0.20260987,0.01957209,0.4,0.0,0.20151433,0.033784606
