Gaia/vari_eclipsing_binary/VariEclipsingBinary_635127-635254.csv
# %ECSV 1.0
# ---
# delimiter: ','
# meta: !!omap
# - RELEASE: Gaia DR3
# - TABLE: vari_eclipsing_binary
# - DESCRIPTION: >
#     This table describes the properties of the eclipsing binaries resulting from the variability analysis. 
# - CITATION: >
#     How to cite and acknowledge Gaia: 
#     https://gea.esac.esa.int/archive/documentation/credits.html 
# - KNOWN_ISSUES: >
#     Known issues: 
#     https://www.cosmos.esa.int/web/gaia-users/known-issues 
# - DOCUMENTATION: >
#     Tutorials and documentation: 
#     https://www.cosmos.esa.int/web/gaia-users/archive 
# datatype:
# - 
#   name: solution_id
#   datatype: int64
#   description: Solution Identifier
#   meta:
#     ucd: meta.version
# - 
#   name: source_id
#   datatype: int64
#   description: Unique source identifier
#   meta:
#     ucd: meta.id;meta.main
# - 
#   name: global_ranking
#   datatype: float32
#   description: Number between 0 (worst) and 1 (best)
#   meta:
#     ucd: stat.param
# - 
#   name: reference_time
#   datatype: float64
#   unit: d
#   description: Reference time used for the geometric model fit
#   meta:
#     ucd: time.epoch
# - 
#   name: frequency
#   datatype: float64
#   unit: d**-1
#   description: Frequency of geometric model of the eclipsing binary light curve
#   meta:
#     ucd: src.orbital
# - 
#   name: frequency_error
#   datatype: float32
#   unit: d**-1
#   description: "Uncertainty of \\texttt{frequency}"
#   meta:
#     ucd: stat.error
# - 
#   name: geom_model_reference_level
#   datatype: float32
#   unit: mag
#   description: Magnitude reference level of geometric model
#   meta:
#     ucd: phot.mag;em.opt
# - 
#   name: geom_model_reference_level_error
#   datatype: float32
#   unit: mag
#   description: "Uncertainty of \\texttt{geomModelReferenceLevel}"
#   meta:
#     ucd: stat.error;phot.mag;em.opt
# - 
#   name: geom_model_gaussian1_phase
#   datatype: float32
#   description: Phase of the Gaussian 1 component
#   meta:
#     ucd: time.phase
# - 
#   name: geom_model_gaussian1_phase_error
#   datatype: float32
#   description: "Uncertainty of \\texttt{geomModelGaussian1Phase}"
#   meta:
#     ucd: stat.error;time.phase
# - 
#   name: geom_model_gaussian1_sigma
#   datatype: float32
#   description: "Standard deviation [phase] of Gaussian 1 component"
#   meta:
#     ucd: stat.stdev
# - 
#   name: geom_model_gaussian1_sigma_error
#   datatype: float32
#   description: "Uncertainty of \\texttt{geomModelGaussian1Sigma}"
#   meta:
#     ucd: stat.error
# - 
#   name: geom_model_gaussian1_depth
#   datatype: float32
#   unit: mag
#   description: Magnitude depth of Gaussian 1 component
#   meta:
#     ucd: src.var.amplitude
# - 
#   name: geom_model_gaussian1_depth_error
#   datatype: float32
#   unit: mag
#   description: "Uncertainty of \\texttt{geomModelGaussian1Depth}"
#   meta:
#     ucd: stat.error;src.var.amplitude
# - 
#   name: geom_model_gaussian2_phase
#   datatype: float32
#   description: Phase of Gaussian 2 component
#   meta:
#     ucd: time.phase
# - 
#   name: geom_model_gaussian2_phase_error
#   datatype: float32
#   description: "Uncertainty of \\texttt{geomModelGaussian2Phase}"
#   meta:
#     ucd: stat.error;time.phase
# - 
#   name: geom_model_gaussian2_sigma
#   datatype: float32
[...]
#   datatype: float32
#   description: "Secondary eclipse: uncertainty of \\texttt{derivedSecondaryEclDuration}"
#   meta:
#     ucd: stat.error;time.duration
# - 
#   name: derived_secondary_ecl_depth
#   datatype: float32
#   unit: mag
#   description: "Secondary eclipse: depth"
#   meta:
#     ucd: src.var.amplitude
# - 
#   name: derived_secondary_ecl_depth_error
#   datatype: float32
#   unit: mag
#   description: "Secondary eclipse: uncertainty of \\texttt{derivedSecondaryEclDepth}"
#   meta:
#     ucd: stat.error;src.var.amplitude
solution_id,source_id,global_ranking,reference_time,frequency,frequency_error,geom_model_reference_level,geom_model_reference_level_error,geom_model_gaussian1_phase,geom_model_gaussian1_phase_error,geom_model_gaussian1_sigma,geom_model_gaussian1_sigma_error,geom_model_gaussian1_depth,geom_model_gaussian1_depth_error,geom_model_gaussian2_phase,geom_model_gaussian2_phase_error,geom_model_gaussian2_sigma,geom_model_gaussian2_sigma_error,geom_model_gaussian2_depth,geom_model_gaussian2_depth_error,geom_model_cosine_half_period_amplitude,geom_model_cosine_half_period_amplitude_error,geom_model_cosine_half_period_phase,geom_model_cosine_half_period_phase_error,model_type,num_model_parameters,reduced_chi2,derived_primary_ecl_phase,derived_primary_ecl_phase_error,derived_primary_ecl_duration,derived_primary_ecl_duration_error,derived_primary_ecl_depth,derived_primary_ecl_depth_error,derived_secondary_ecl_phase,derived_secondary_ecl_phase_error,derived_secondary_ecl_duration,derived_secondary_ecl_duration_error,derived_secondary_ecl_depth,derived_secondary_ecl_depth_error
[from data line 253]
375316653866487564,5586999497092784896,0.6228187,2220.549958601196,3.004159338027127,7.590323E-6,17.549097,0.01493488,0.24297585,0.0033431826,0.048909787,0.005142,0.35282546,0.034675207,0.7392538,0.0051303953,0.05290596,0.006726129,0.47797891,0.03278896,0.107205786,0.019419791,0.24297585,0.0033431826,"TWOGAUSSIANS_WITH_ELLIPSOIDAL_ON_ECLIPSE1",9,15.8215065,0.7395938,0.004566218,0.29627335,0.03766632,0.69227827,0.019514665,0.24297585,0.0033431826,0.27389482,0.0287952,0.5672315,0.012502992
375316653866487564,5587002619532123776,0.54555297,2230.4065363506465,2.8351951942147218,1.0056232E-5,18.998144,0.021488475,0.20679606,0.0030557006,0.09907985,0.0066626566,0.433654,0.02100945,0.7114197,0.0034070143,0.101340376,0.007936497,0.3879065,0.0207014,null,null,null,null,"TWOGAUSSIANS",8,2.2021732,0.20679606,0.0030557006,0.4,0.0,0.39923215,0.015270314,0.7114197,0.0034070143,0.4,0.0,0.35348314,0.017379738
375316653866487564,5587002653885535232,0.50220424,2228.008736529181,2.7778674246605357,1.3603042E-5,19.616877,0.014415593,0.267328,0.015036979,0.096334144,0.015915131,0.23660323,0.03221343,0.7593526,0.004005193,0.08334492,0.008022115,0.26989737,0.019860813,null,null,null,null,"TWOGAUSSIANS",8,1.1527151,0.7593526,0.004005193,0.4,0.0,0.26068792,0.02029249,0.267328,0.015036979,0.4,0.0,0.22739305,0.035049126
375316653866487564,5587002898706961664,0.4719786,2187.803187403937,1.033925580255441,3.0875595E-5,18.4328,0.16967471,0.27178425,0.007964004,0.09769331,0.032842446,0.14702919,0.1159221,0.78396934,0.009093821,0.14346933,0.11941128,0.11525475,0.1649146,null,null,null,null,"TWOGAUSSIANS",8,2.0458138,0.27155423,0.0074203596,0.4,0.0,0.12172687,0.011793342,0.78396934,0.009056378,0.4,0.0,0.08940005,0.009204657
375316653866487564,5587003512885695488,0.5136282,2211.4808444045125,3.1848712097278584,1.0559502E-5,19.228998,0.006293476,0.27537894,0.0020215614,0.061253652,0.0030836468,0.25954854,0.011239746,0.7769577,0.005691082,0.07134235,0.004606231,0.26808017,0.019197548,null,null,null,null,"TWOGAUSSIANS",8,1.3738496,0.7769577,0.005691082,0.39951715,0.020188935,0.2676687,0.01915637,0.27537894,0.0020215614,0.34302047,0.017268421,0.25913706,0.011250868
375316653866487564,5587005303883747840,0.52860665,2227.8391488386915,1.505262114916454,1.3379058E-5,18.00779,0.0018186186,0.23069876,0.0028603931,0.057841983,0.011230551,0.030336786,0.005204382,null,null,null,null,null,null,0.049142145,0.002031677,0.23069876,0.0028603931,"ONEGAUSSIAN_WITH_ELLIPSOIDAL",6,1.1047435,0.23069876,0.0028603931,0.3239151,0.06289108,0.12861818,0.004764221,null,null,null,null,null,null
375316653866487564,5587005991083174912,0.5207752,2218.736997646794,2.1125914374950963,1.2881158E-5,18.049463,0.005796548,0.2698348,0.004542678,0.079442434,0.0054463693,0.18044274,0.009072451,0.77392465,0.006123747,0.08388326,0.008192838,0.18807185,0.011190245,null,null,null,null,"TWOGAUSSIANS",8,3.0416074,0.77392465,0.006123747,0.4,0.0,0.18492453,0.011862305,0.2698348,0.004542678,0.4,0.0,0.1772954,0.008588627
375316653866487564,5587007120651750016,0.5296474,2239.1417075463783,0.31436547696763667,6.535986E-5,18.386332,0.0023650292,0.20679855,0.0027654045,0.012967705,0.001338111,0.25334182,0.03247187,0.69194394,0.0097037405,0.017022636,0.009432156,0.36142334,661.2967,null,null,null,null,"TWOGAUSSIANS",8,1.5447484,0.69194394,0.0097037405,0.09532676,0.05282007,0.36142334,661.2967,0.20679855,0.0027654045,0.07261915,0.0074934214,0.25334182,0.03247187
375316653866487564,5587008048373890304,0.5141968,2224.876888761436,0.939445261888991,1.8267595E-4,16.806717,0.0013258832,0.48966086,7.9053314E-4,0.02027176,3.1693003E-4,0.35092577,0.010318974,null,null,null,null,null,null,null,null,null,null,"ONEGAUSSIAN",5,5.3333263,0.48966086,7.9053314E-4,0.11352186,0.0017748082,0.35092577,0.0,null,null,null,null,null,null
375316653866487564,5587009427056970368,0.56575316,2220.6134360382753,2.444403701518916,1.0272409E-5,15.880833,0.011399996,0.28792816,0.0034141405,0.07723671,0.004543826,0.45118788,0.018942382,0.79269916,0.0018406977,0.08547517,0.0031089305,0.43284473,0.016606735,null,null,null,null,"TWOGAUSSIANS",8,94.98245,0.28792816,0.0034141405,0.4,0.0,0.4440193,0.018835884,0.79269916,0.0018406977,0.4,0.0,0.42567608,0.015836336
375316653866487564,5587011896655768704,0.5720263,2207.2824761852153,3.5076461735712794,7.900416E-6,19.310394,0.0074816956,0.2524877,0.002482159,0.06831671,0.0031543795,0.6562673,0.019970087,0.74908066,0.0022302351,0.06341954,0.0028259784,0.58048314,0.022276716,null,null,null,null,"TWOGAUSSIANS",8,2.3445065,0.2524877,0.002482159,0.38257357,0.017664526,0.6554331,0.020082531,0.74908066,0.0022302351,0.35514945,0.015825478,0.579649,0.022368552
375316653866487564,5587012313274970624,0.6549992,2217.055378350654,0.5097751568851747,4.952956E-6,17.391653,0.0017433986,0.15236808,0.013542021,0.01328544,0.0034386623,0.18258063,0.25591722,0.7843055,4.825249E-4,0.020041237,7.439786E-4,0.6478783,0.031944983,null,null,null,null,"TWOGAUSSIANS",8,2.5334935,0.7843055,4.825249E-4,0.11223093,0.00416628,0.6478783,0.031944983,0.15236808,0.013542021,0.074398465,0.01925651,0.18258063,0.25591722
375316653866487564,5587012377692054016,0.50001884,2227.5675280414853,0.4993159802916941,1.7472526E-5,19.25886,0.010202741,0.14073941,5.06775E-4,0.011149874,6.773913E-4,0.56908053,0.09920283,0.4752153,0.025697641,0.11185477,0.021845955,0.032794826,0.01614475,null,null,null,null,"TWOGAUSSIANS",8,1.2892205,0.14073941,5.06775E-4,0.062439293,0.0037933912,0.56945264,0.099272184,0.4752153,0.025697641,0.4,0.0,0.03279182,0.016144212
375316653866487564,5587013103548928384,0.47209087,2239.54130752564,3.174970325927175,2.8809603E-5,18.879375,0.00514594,0.15225956,0.02897929,0.05826209,0.027557168,0.096165106,0.03767903,0.73344946,0.0066765375,0.018289376,0.0069285813,0.089917086,0.04162514,0.06545136,0.006055719,0.73344946,0.0066765375,"TWOGAUSSIANS_WITH_ELLIPSOIDAL_ON_ECLIPSE2",9,3.36723,0.73344946,0.0066765375,0.10242051,0.038800057,0.22081979,0.04220777,0.17348956,0.022791954,0.32626772,0.09186771,0.20317398,0.031592213
375316653866487564,5587013687664441856,0.4941995,2224.0034186036933,1.044492806173661,3.475768E-5,16.086403,7.5153017E-4,0.19492164,0.007473762,0.061572094,0.007858611,0.050968956,0.00649533,null,null,null,null,null,null,null,null,null,null,"ONEGAUSSIAN",5,4.1885037,0.19492164,0.007473762,0.34480372,0.04400822,0.050968956,0.0,null,null,null,null,null,null
375316653866487564,5587013825098691456,0.48934913,2234.7699850764616,0.6953554605095543,1.7917757E-5,19.618343,0.005406763,0.347313,1.3811489E-4,0.015700296,3.6048054E-4,0.97211117,0.0383887,0.5504023,0.02817362,0.04771771,0.025785394,0.03675182,0.01025453,null,null,null,null,"TWOGAUSSIANS",8,1.3967499,0.347313,1.3811489E-4,0.08792166,0.002018691,0.97211546,0.038384728,0.5504023,0.02817362,0.26721916,0.1443982,0.03675182,0.01025453
375316653866487564,5587014576714864384,0.5525491,2201.1586955248226,3.727465919483113,1.1234237E-5,18.593197,0.01292593,0.24706684,0.0033573715,0.07143297,0.0045265337,0.6184154,0.041259244,0.7517987,0.0040194993,0.070769876,0.004897113,0.53904897,0.01708553,null,null,null,null,"TWOGAUSSIANS",8,7.68485,0.24706684,0.0033573715,0.4,0.014969404,0.61629206,0.041608904,0.7517987,0.0040194993,0.3963113,0.023709787,0.5369256,0.016626263
375316653866487564,5587015440011475840,0.4446453,2182.0798646450203,2.0474176199701732,3.9038856E-5,17.986961,0.009081612,0.26336792,0.0017368111,0.02522475,0.0028759202,0.16712031,0.016576512,0.66601336,0.011878736,0.038896184,0.006028381,0.3424499,0.06790459,null,null,null,null,"TWOGAUSSIANS",8,32.535492,0.66601336,0.011878736,0.21781863,0.033758935,0.3424499,0.06790459,0.26336792,0.0017368111,0.14125861,0.016105153,0.16712031,0.016576512
375316653866487564,5587016363421452160,0.55633086,2198.8781211939145,3.076094347010577,8.668873E-6,19.533424,0.0095072845,0.28081092,0.004137251,0.08223464,0.005215092,0.37986693,0.013074923,0.78735876,0.0045924587,0.07471186,0.004270231,0.43203452,0.0150831165,null,null,null,null,"TWOGAUSSIANS",8,1.2608945,0.78735876,0.0045924587,0.4,0.0,0.42762375,0.013975465,0.28081092,0.004137251,0.4,0.0,0.37545615,0.013007792
375316653866487564,5587016608244790400,0.40990093,2188.403999828914,2.1026173046502783,1.5943388E-5,19.174131,0.03843632,0.105782084,0.0038140889,0.03673856,0.010934634,0.24735884,0.103575766,0.32254723,0.0019749128,0.045050085,0.0072212135,0.4605868,0.043629695,null,null,null,null,"TWOGAUSSIANS",8,17.260351,0.32254723,0.0019749128,0.25228047,0.040438794,0.46058682,0.043629687,0.105782084,0.0038126926,0.20573594,0.06123395,0.24736317,0.10357392
375316653866487564,5587017703457295744,0.4873454,2220.0426221426324,2.9107269514711107,1.2676349E-5,18.570812,0.60684127,0.11041383,0.0057823537,0.16557139,0.09335513,0.50977373,0.5527982,0.61138546,0.0055118925,0.18158324,0.111810215,0.5268401,0.5829085,null,null,null,null,"TWOGAUSSIANS",8,2.1183288,0.61162543,0.0055406205,0.4,0.0,0.17174546,0.012724172,0.110083826,0.006445245,0.4,0.0,0.16779436,0.015420575
375316653866487564,5587018837322602752,0.5390809,2211.514424592075,1.1433590297257017,2.7013664E-5,18.277271,0.0203571,0.33823642,0.041186724,0.18105878,0.094621316,0.0460893,0.019818496,0.66864926,0.00327972,0.028447429,0.003121243,0.515101,0.05952378,null,null,null,null,"TWOGAUSSIANS",8,5.594424,0.66864926,0.00327972,0.1593056,0.017478961,0.52183366,0.060673807,0.33823642,0.041186724,0.4,0.0,0.044053875,0.01272683
375316653866487564,5587021792265018752,0.59260064,2193.7812052813915,3.845798645965146,7.328985E-6,19.144035,0.0060669864,0.2300253,0.0019759357,0.06582055,0.0039157537,0.6561189,0.036148876,0.73015,0.0019318399,0.06755218,0.002575961,0.5468232,0.013246698,null,null,null,null,"TWOGAUSSIANS",8,2.0239437,0.2300253,0.0019759357,0.36859506,0.02192822,0.655061,0.03659188,0.73015,0.0019318399,0.3782922,0.014425381,0.5457653,0.013322383
375316653866487564,5587026087228019584,0.4678976,2205.2933474787,3.0424739535502883,4.757338E-5,16.546932,0.19751072,0.2820198,0.026940774,0.10666716,0.06350747,0.13767162,0.1782307,0.7852399,0.0069166585,0.1089772,0.07920186,0.13724147,0.18840778,null,null,null,null,"TWOGAUSSIANS",8,32.133865,0.2820198,0.026981998,0.4,0.0,0.11962081,0.03325797,0.7852399,0.006921183,0.4,0.0,0.11918793,0.009558806
375316653866487564,5587027191041858816,0.5727649,2235.892634386337,3.004874037543459,1.4124737E-5,14.470873,0.019857451,0.24318254,0.0031134759,0.10126155,0.007566363,0.31519723,0.019913403,0.7362707,0.0031528582,0.092521906,0.007688142,0.27684182,0.018119149,null,null,null,null,"TWOGAUSSIANS",8,140.23322,0.24318254,0.0031134759,0.4,0.0,0.2958603,0.01239222,0.7362707,0.0031528582,0.4,0.0,0.257508,0.011146238
375316653866487564,5587030485276163072,0.42590058,2260.230808760826,0.1032759543582497,2.2624143E-5,19.359045,0.011627503,0.4783038,0.043951564,0.123226896,0.025770301,0.121527664,0.034779817,0.8004066,0.012926638,0.049403753,0.008457557,0.5766683,0.22004744,null,null,null,null,"TWOGAUSSIANS",8,10.3913555,0.8004066,0.012926638,0.276661,0.047362324,0.5805017,0.22004901,0.4783038,0.043951564,0.4,0.0,0.121370554,0.034828547
375316653866487564,5587030519635898496,0.6488784,2265.683853749596,3.5534020687559913,2.4561534E-6,16.890633,0.005486035,0.21624468,6.357446E-4,0.04292237,0.0035210666,0.115776025,0.013064459,0.7153278,0.0013468538,0.048283525,0.003584867,0.16215158,0.0109785665,0.10958596,0.007345323,0.21624468,6.357446E-4,"TWOGAUSSIANS_WITH_ELLIPSOIDAL_ON_ECLIPSE1",9,3.8795419,0.7155078,0.001028137,0.27038774,0.020075256,0.38131696,0.008462837,0.21624468,6.357446E-4,0.24036528,0.019717973,0.33494726,0.0064802277
375316653866487564,5587032203261107712,0.49170205,2229.914782887566,2.3709988722730433,1.6533519E-5,18.753466,0.016726738,0.23300959,0.0055195196,0.07401644,0.0072151776,0.320026,0.024615237,0.73856825,0.007089319,0.08901192,0.012453165,0.23872802,0.02266856,null,null,null,null,"TWOGAUSSIANS",8,6.1181993,0.23300959,0.0055195196,0.4,7.209413E-4,0.31560767,0.023826595,0.73856825,0.007089319,0.4,0.0,0.23430958,0.022825403
375316653866487564,5587035677897868544,0.6480114,2251.52253193121,1.3316723058406872,2.8012035E-5,16.172188,6.9626054E-4,0.64742064,0.0015741863,0.033189174,7.9331E-4,0.5061609,0.04122401,0.4958389,9.9268E-6,0.0052544014,1.6426317E-4,0.024829084,5.234903E-4,null,null,null,null,"TWOGAUSSIANS",8,2.8544674,0.64742064,0.0015741863,0.18585938,0.004442536,0.5061609,0.04122401,0.4958389,9.9268E-6,0.029424647,9.1987377E-4,0.024844037,5.2614236E-4
375316653866487564,5587037219784080768,0.4552492,2261.0805850934985,0.42656646954452154,1.1965785E-4,16.498371,0.0029030493,0.25844887,0.01862314,0.043262303,0.016451888,0.050248023,0.02550469,0.82444954,0.0034346671,0.017175982,0.0013679081,0.8997446,0.2953418,null,null,null,null,"TWOGAUSSIANS",8,10.636038,0.82444954,0.0034346671,0.096185505,0.007660285,0.8997446,0.2953418,0.25844887,0.01862314,0.2422689,0.09213058,0.050248023,0.02550469
375316653866487564,5587041725211879808,0.5404871,2224.249288375461,1.6715733636776666,1.181727E-5,16.368101,0.022821853,0.1934785,0.003787082,0.123117626,0.02266884,0.09159293,0.021149676,0.688028,0.005797871,0.11498088,0.02287751,0.08475382,0.021187212,null,null,null,null,"TWOGAUSSIANS",8,3.071917,0.19349849,0.0038075359,0.4,0.0,0.07308061,0.0046238145,0.688028,0.005797871,0.4,0.0,0.066276714,0.004136636
375316653866487564,5587043271400121600,0.5435538,2207.255895674792,0.17278423802236992,1.00197525E-4,17.22757,0.0022961374,0.21454184,0.007076619,0.024188867,0.004421121,0.666625,0.23946369,0.39037365,0.01074273,0.042645827,0.015948465,0.038079992,0.03264741,null,null,null,null,"TWOGAUSSIANS",8,9.986364,0.21454184,0.0070766336,0.13545765,0.02475828,0.6666328,0.23946902,0.39037365,0.01074273,0.23881662,0.089311406,0.038079992,0.03264741
375316653866487564,5587044473992849152,0.51816815,2232.377359272606,2.808098768818763,6.511832E-5,18.439257,0.004552006,0.40871006,4.2076666E-5,0.004271572,3.056356E-4,0.17814751,0.012866972,0.6660218,0.027562203,0.004919747,0.042163752,0.7722152,1.345931,null,null,null,null,"TWOGAUSSIANS",8,2.5147471,0.6660218,0.027562203,0.027550584,0.236117,0.7722152,1.345931,0.40871006,4.2076666E-5,0.023920804,0.0017115594,0.17814751,0.0128668025
375316653866487564,5587045191242819584,0.536986,2185.423831184265,2.8279265505130593,9.717485E-6,17.674456,0.012212684,0.2563598,0.0027282005,0.085881405,0.00862556,0.229987,0.010857803,0.7603633,0.005163936,0.09893253,0.010739999,0.1909521,0.0139090335,null,null,null,null,"TWOGAUSSIANS",8,4.99027,0.2563598,0.0027282005,0.4,0.0,0.21992762,0.012348695,0.7603633,0.005163936,0.4,0.0,0.18089165,0.013659066
375316653866487564,5587045917094898944,0.48366296,2215.8469094072248,2.7008531092621313,2.7992259E-5,19.620453,0.101466015,0.24482222,0.007508822,0.10171142,0.025911069,0.3065548,0.088428885,0.7336811,0.0082517825,0.13699366,0.046689097,0.2623007,0.087830245,null,null,null,null,"TWOGAUSSIANS",8,1.4768018,0.24499223,0.007751446,0.4,0.0,0.25162777,0.016419895,0.7336811,0.0082517825,0.4,0.0,0.20667799,0.027783494
375316653866487564,5587047596428825344,0.60651064,2204.633137729792,0.13661953840474853,4.0357613E-6,17.937975,0.0017455965,0.13083206,7.0711934E-7,0.0026168986,1.1632537E-5,1.5537292,0.0134449825,0.45025685,0.0032256444,0.019871676,0.0018499986,0.37331864,0.03926788,null,null,null,null,"TWOGAUSSIANS",8,1.5238525,0.13083206,7.0711934E-7,0.014654632,6.514221E-5,1.5537292,0.0134449825,0.45025685,0.0032256444,0.11128139,0.010359992,0.37331864,0.03926788
