period: 1.5950000000000002
incl: 70.22
sma: 8.43
q: 0.6833333333333333
teffP: 7655.0
teffS: 4555.0