period: 1.5950000000000002
incl: 75.22
sma: 5.09
q: 0.7466666666666667
teffP: 7955.0
teffS: 4555.0