period: 1.5950000000000002
incl: 80.22
sma: 5.09
q: 0.81
teffP: 7955.0
teffS: 5221.666666666667