period: 2.08
incl: 80.22
sma: 11.77
q: 0.7466666666666667
teffP: 7055.0
teffS: 4888.333333333333