period: 1.5950000000000002
incl: 80.22
sma: 8.43
q: 0.7466666666666667
teffP: 7355.0
teffS: 4888.333333333333