period: 1.5950000000000002
incl: 70.22
sma: 5.09
q: 0.7466666666666667
teffP: 7355.0
teffS: 5221.666666666667