period: 0.59
incl: 70.11
sma: 3.31
q: 0.8466666666666667
teffP: 7657.666666666667
teffS: 7351.0