period: 0.5
incl: 75.16499999999999
sma: 3.5100000000000002
q: 0.72
teffP: 7804.333333333333
teffS: 7351.0