period: 0.5
incl: 70.11
sma: 3.5100000000000002
q: 0.8466666666666667
teffP: 7951.0
teffS: 7384.333333333333