period: 0.5
incl: 80.22
sma: 3.71
q: 0.8466666666666667
teffP: 7951.0
teffS: 7417.666666666667