period: 0.59
incl: 80.22
sma: 3.5100000000000002
q: 0.72
teffP: 7657.666666666667
teffS: 7417.666666666667