period: 0.41
incl: 70.11
sma: 3.31
q: 0.8466666666666667
teffP: 7804.333333333333
teffS: 7451.0