period: 0.41
incl: 80.22
sma: 3.5100000000000002
q: 0.72
teffP: 7951.0
teffS: 7417.666666666667