period: 0.41
incl: 80.22
sma: 3.5100000000000002
q: 0.7833333333333333
teffP: 7657.666666666667
teffS: 7351.0