period: 0.5
incl: 75.16499999999999
sma: 3.31
q: 0.8466666666666667
teffP: 7951.0
teffS: 7351.0