period: 0.5
incl: 75.16499999999999
sma: 3.31
q: 0.72
teffP: 7951.0
teffS: 7417.666666666667