period: 0.41
incl: 75.16499999999999
sma: 3.31
q: 0.7833333333333333
teffP: 7951.0
teffS: 7451.0