period: 0.59
incl: 75.16499999999999
sma: 3.71
q: 0.7833333333333333
teffP: 7804.333333333333
teffS: 7351.0