period: 0.5
incl: 80.22
sma: 3.5100000000000002
q: 0.8466666666666667
teffP: 7804.333333333333
teffS: 7384.333333333333