period: 0.5
incl: 80.22
sma: 3.71
q: 0.8466666666666667
teffP: 7804.333333333333
teffS: 7451.0