period: 0.5
incl: 75.16499999999999
sma: 3.31
q: 0.72
teffP: 7657.666666666667
teffS: 7384.333333333333