period: 1.0
incl: 70
sma: 5.0
q: 0.631578947368421
teffP: 7568.421052631579
teffS: 5394.736842105263