period: 1.0
incl: 70
sma: 5.526315789473684
q: 0.6526315789473685
teffP: 7426.315789473684
teffS: 4657.894736842105