period: 1.0
incl: 70
sma: 5.0
q: 0.7263157894736842
teffP: 7568.421052631579
teffS: 4815.789473684211