period: 1.0
incl: 70
sma: 5.526315789473684
q: 0.7052631578947368
teffP: 7426.315789473684
teffS: 5342.105263157895