period: 1.0
incl: 70
sma: 5.0
q: 0.6105263157894737
teffP: 7047.368421052632
teffS: 5342.105263157895