period: 1.0
incl: 70
sma: 5.526315789473684
q: 0.6
teffP: 7757.894736842105
teffS: 5394.736842105263