period: 1.0
incl: 70
sma: 5.0
q: 0.7157894736842105
teffP: 7284.210526315789
teffS: 4973.684210526316