period: 1.0
incl: 70
sma: 5.526315789473684
q: 0.768421052631579
teffP: 7426.315789473684
teffS: 4710.526315789473