period: 1.0
incl: 70
sma: 5.526315789473684
q: 0.7789473684210526
teffP: 7047.368421052632
teffS: 5236.8421052631575