period: 1.0
incl: 70
sma: 5.526315789473684
q: 0.7789473684210526
teffP: 7378.9473684210525
teffS: 5184.210526315789