period: 1.0
incl: 70
sma: 5.0
q: 0.736842105263158
teffP: 7615.789473684211
teffS: 4921.0526315789475