period: 1.0
incl: 70
sma: 5.526315789473684
q: 0.768421052631579
teffP: 7852.631578947368
teffS: 5289.473684210527