period: 1.0
incl: 70
sma: 5.526315789473684
q: 0.768421052631579
teffP: 7663.1578947368425
teffS: 5500.0