period: 1.0
incl: 70
sma: 5.526315789473684
q: 0.7789473684210526
teffP: 7568.421052631579
teffS: 5026.315789473684