period: 1.0
incl: 70
sma: 5.0
q: 0.6105263157894737
teffP: 7900.0
teffS: 5289.473684210527