period: 1.0
incl: 70
sma: 5.0
q: 0.6421052631578947
teffP: 7284.210526315789
teffS: 4973.684210526316