period: 1.0
incl: 70
sma: 5.526315789473684
q: 0.6210526315789473
teffP: 7473.684210526316
teffS: 5447.368421052632