period: 1.0
incl: 70
sma: 5.526315789473684
q: 0.7894736842105263
teffP: 7805.263157894737
teffS: 5131.578947368421