period: 1.0
incl: 70
sma: 5.0
q: 0.7263157894736842
teffP: 7757.894736842105
teffS: 5078.9473684210525