period: 1.0
incl: 70
sma: 5.526315789473684
q: 0.6842105263157895
teffP: 7047.368421052632
teffS: 4921.0526315789475