period: 1.0
incl: 70
sma: 5.526315789473684
q: 0.6
teffP: 7000.0
teffS: 5078.9473684210525