period: 1.0
incl: 70
sma: 5.0
q: 0.7052631578947368
teffP: 7757.894736842105
teffS: 4815.789473684211