period: 1.0
incl: 70
sma: 5.526315789473684
q: 0.7894736842105263
teffP: 7236.842105263158
teffS: 4500.0