period: 1.0
incl: 70
sma: 5.0
q: 0.6947368421052632
teffP: 7426.315789473684
teffS: 4710.526315789473