period: 1.0
incl: 70
sma: 5.526315789473684
q: 0.768421052631579
teffP: 7094.736842105263
teffS: 5026.315789473684