period: 1.0
incl: 70
sma: 5.526315789473684
q: 0.7789473684210526
teffP: 7521.0526315789475
teffS: 4657.894736842105