period: 1.0
incl: 70
sma: 5.0
q: 0.736842105263158
teffP: 7047.368421052632
teffS: 4868.421052631579