period: 1.0
incl: 70
sma: 5.0
q: 0.7157894736842105
teffP: 7710.526315789473
teffS: 4763.157894736842