period: 1.0
incl: 70
sma: 5.526315789473684
q: 0.7263157894736842
teffP: 7142.105263157895
teffS: 4552.631578947368