period: 1.0
incl: 70
sma: 5.526315789473684
q: 0.6947368421052632
teffP: 7189.473684210527
teffS: 5342.105263157895