period: 1.0
incl: 70
sma: 5.0
q: 0.7473684210526316
teffP: 7615.789473684211
teffS: 4973.684210526316