period: 1.0
incl: 70
sma: 5.0
q: 0.7157894736842105
teffP: 7378.9473684210525
teffS: 5236.8421052631575