period: 1.0
incl: 70
sma: 5.0
q: 0.7473684210526316
teffP: 7473.684210526316
teffS: 4605.263157894737