period: 1.0
incl: 70
sma: 5.526315789473684
q: 0.6526315789473685
teffP: 7236.842105263158
teffS: 4710.526315789473