period: 1.0
incl: 70
sma: 5.0
q: 0.6736842105263158
teffP: 7473.684210526316
teffS: 5184.210526315789