period: 1.0
incl: 70
sma: 5.526315789473684
q: 0.6105263157894737
teffP: 7331.578947368421
teffS: 4605.263157894737