period: 1.0
incl: 70
sma: 5.0
q: 0.6210526315789473
teffP: 7378.9473684210525
teffS: 5078.9473684210525