period: 1.0
incl: 70
sma: 5.526315789473684
q: 0.6210526315789473
teffP: 7236.842105263158
teffS: 5078.9473684210525