period: 1.0
incl: 70
sma: 5.526315789473684
q: 0.7052631578947368
teffP: 7331.578947368421
teffS: 5342.105263157895