period: 1.0
incl: 70
sma: 5.526315789473684
q: 0.736842105263158
teffP: 7378.9473684210525
teffS: 4973.684210526316