period: 1.0
incl: 70
sma: 5.526315789473684
q: 0.7473684210526316
teffP: 7426.315789473684
teffS: 5500.0