period: 1.0
incl: 70
sma: 5.0
q: 0.7473684210526316
teffP: 7710.526315789473
teffS: 4552.631578947368