period: 1.0
incl: 70
sma: 5.526315789473684
q: 0.6947368421052632
teffP: 7757.894736842105
teffS: 4552.631578947368