period: 1.0
incl: 70
sma: 5.0
q: 0.7263157894736842
teffP: 7900.0
teffS: 4710.526315789473