period: 1.0
incl: 70
sma: 5.526315789473684
q: 0.6105263157894737
teffP: 7757.894736842105
teffS: 4973.684210526316