period: 1.0
incl: 70
sma: 5.0
q: 0.6842105263157895
teffP: 7900.0
teffS: 4921.0526315789475