period: 1.0
incl: 70
sma: 5.0
q: 0.7894736842105263
teffP: 7426.315789473684
teffS: 5184.210526315789