period: 1.0
incl: 70
sma: 5.0
q: 0.6947368421052632
teffP: 7710.526315789473
teffS: 4657.894736842105