period: 1.0
incl: 70
sma: 5.0
q: 0.7578947368421053
teffP: 7000.0
teffS: 5131.578947368421