period: 1.0
incl: 70
sma: 5.526315789473684
q: 0.6842105263157895
teffP: 7189.473684210527
teffS: 4500.0