period: 1.0
incl: 70
sma: 5.0
q: 0.7789473684210526
teffP: 7426.315789473684
teffS: 4921.0526315789475