period: 1.0
incl: 70
sma: 5.526315789473684
q: 0.8
teffP: 7378.9473684210525
teffS: 5131.578947368421