period: 1.0
incl: 70
sma: 5.0
q: 0.736842105263158
teffP: 7236.842105263158
teffS: 5394.736842105263