period: 1.0
incl: 70
sma: 5.0
q: 0.8
teffP: 7663.1578947368425
teffS: 4815.789473684211