period: 1.0
incl: 70
sma: 5.0
q: 0.7263157894736842
teffP: 7047.368421052632
teffS: 4973.684210526316