period: 1.0
incl: 70
sma: 5.526315789473684
q: 0.736842105263158
teffP: 7615.789473684211
teffS: 5184.210526315789