period: 1.0
incl: 70
sma: 5.526315789473684
q: 0.7789473684210526
teffP: 7900.0
teffS: 5289.473684210527