period: 1.0
incl: 70
sma: 5.0
q: 0.736842105263158
teffP: 7331.578947368421
teffS: 4815.789473684211