period: 1.0
incl: 70
sma: 5.526315789473684
q: 0.7263157894736842
teffP: 7521.0526315789475
teffS: 5500.0