period: 1.0
incl: 70
sma: 5.0
q: 0.6210526315789473
teffP: 7663.1578947368425
teffS: 5026.315789473684