period: 1.0
incl: 70
sma: 5.0
q: 0.7578947368421053
teffP: 7900.0
teffS: 4763.157894736842