period: 1.0
incl: 70
sma: 5.0
q: 0.7473684210526316
teffP: 7378.9473684210525
teffS: 4973.684210526316