period: 1.0
incl: 70
sma: 5.0
q: 0.7578947368421053
teffP: 7378.9473684210525
teffS: 5184.210526315789