period: 1.0
incl: 70
sma: 5.526315789473684
q: 0.7894736842105263
teffP: 7473.684210526316
teffS: 5078.9473684210525