period: 1.0
incl: 70
sma: 5.0
q: 0.7894736842105263
teffP: 7473.684210526316
teffS: 4710.526315789473