period: 1.0
incl: 70
sma: 5.0
q: 0.8
teffP: 7142.105263157895
teffS: 5078.9473684210525