period: 1.0
incl: 70
sma: 5.0
q: 0.6421052631578947
teffP: 7568.421052631579
teffS: 5289.473684210527