period: 1.0
incl: 70
sma: 5.0
q: 0.6210526315789473
teffP: 7521.0526315789475
teffS: 4710.526315789473