period: 1.0
incl: 70
sma: 5.526315789473684
q: 0.6
teffP: 7663.1578947368425
teffS: 5289.473684210527