period: 1.0
incl: 70
sma: 5.0
q: 0.631578947368421
teffP: 7142.105263157895
teffS: 4868.421052631579