period: 1.0
incl: 70
sma: 5.0
q: 0.6947368421052632
teffP: 7805.263157894737
teffS: 5026.315789473684