period: 1.0
incl: 70
sma: 5.526315789473684
q: 0.6421052631578947
teffP: 7094.736842105263
teffS: 4815.789473684211