period: 1.0
incl: 70
sma: 5.526315789473684
q: 0.631578947368421
teffP: 7900.0
teffS: 4921.0526315789475