period: 1.0
incl: 70
sma: 5.526315789473684
q: 0.6526315789473685
teffP: 7142.105263157895
teffS: 5184.210526315789