period: 1.0
incl: 70
sma: 5.0
q: 0.7473684210526316
teffP: 7000.0
teffS: 4921.0526315789475