period: 1.0
incl: 70
sma: 5.526315789473684
q: 0.7578947368421053
teffP: 7473.684210526316
teffS: 4921.0526315789475