period: 1.0
incl: 70
sma: 5.526315789473684
q: 0.7157894736842105
teffP: 7615.789473684211
teffS: 5236.8421052631575