period: 1.0
incl: 70
sma: 5.526315789473684
q: 0.7578947368421053
teffP: 7426.315789473684
teffS: 4763.157894736842