period: 1.0
incl: 70
sma: 5.0
q: 0.6210526315789473
teffP: 7852.631578947368
teffS: 5078.9473684210525