period: 1.0
incl: 70
sma: 5.526315789473684
q: 0.6210526315789473
teffP: 7710.526315789473
teffS: 5078.9473684210525