period: 1.0
incl: 70
sma: 5.0
q: 0.6421052631578947
teffP: 7189.473684210527
teffS: 5131.578947368421