period: 1.0
incl: 70
sma: 5.0
q: 0.6421052631578947
teffP: 7615.789473684211
teffS: 5394.736842105263