period: 1.0
incl: 70
sma: 5.526315789473684
q: 0.7263157894736842
teffP: 7284.210526315789
teffS: 4710.526315789473