period: 1.0
incl: 70
sma: 5.0
q: 0.7157894736842105
teffP: 7757.894736842105
teffS: 5289.473684210527