period: 1.0
incl: 70
sma: 5.526315789473684
q: 0.7263157894736842
teffP: 7615.789473684211
teffS: 5447.368421052632