period: 1.0
incl: 70
sma: 5.0
q: 0.768421052631579
teffP: 7852.631578947368
teffS: 5394.736842105263