period: 1.0
incl: 70
sma: 5.526315789473684
q: 0.6526315789473685
teffP: 7521.0526315789475
teffS: 4921.0526315789475