period: 1.0
incl: 70
sma: 5.0
q: 0.768421052631579
teffP: 7426.315789473684
teffS: 4868.421052631579