period: 1.0
incl: 70
sma: 5.0
q: 0.7157894736842105
teffP: 7805.263157894737
teffS: 5289.473684210527