period: 1.0
incl: 70
sma: 5.0
q: 0.7578947368421053
teffP: 7805.263157894737
teffS: 5447.368421052632