period: 1.0
incl: 70
sma: 5.0
q: 0.6526315789473685
teffP: 7710.526315789473
teffS: 5342.105263157895