period: 1.0
incl: 70
sma: 5.526315789473684
q: 0.6631578947368421
teffP: 7284.210526315789
teffS: 5289.473684210527