period: 1.0
incl: 70
sma: 5.0
q: 0.6421052631578947
teffP: 7142.105263157895
teffS: 5026.315789473684