period: 1.0
incl: 70
sma: 5.0
q: 0.768421052631579
teffP: 7331.578947368421
teffS: 5500.0