period: 1.0
incl: 70
sma: 5.0
q: 0.6105263157894737
teffP: 7615.789473684211
teffS: 5078.9473684210525