period: 1.0
incl: 70
sma: 5.526315789473684
q: 0.6736842105263158
teffP: 7805.263157894737
teffS: 5289.473684210527