period: 1.0
incl: 70
sma: 5.0
q: 0.8
teffP: 7284.210526315789
teffS: 4868.421052631579