period: 1.0
incl: 70
sma: 5.526315789473684
q: 0.6631578947368421
teffP: 7710.526315789473
teffS: 5342.105263157895