period: 1.0
incl: 70
sma: 5.0
q: 0.7473684210526316
teffP: 7094.736842105263
teffS: 4657.894736842105