period: 1.0
incl: 70
sma: 5.0
q: 0.6105263157894737
teffP: 7284.210526315789
teffS: 4921.0526315789475