period: 1.0
incl: 70
sma: 5.526315789473684
q: 0.768421052631579
teffP: 7047.368421052632
teffS: 5394.736842105263