period: 1.0
incl: 70
sma: 5.526315789473684
q: 0.7157894736842105
teffP: 7047.368421052632
teffS: 4500.0