period: 1.0
incl: 70
sma: 5.526315789473684
q: 0.6631578947368421
teffP: 7236.842105263158
teffS: 5131.578947368421