period: 1.0
incl: 70
sma: 5.0
q: 0.7473684210526316
teffP: 7568.421052631579
teffS: 5184.210526315789