period: 1.0
incl: 70
sma: 5.526315789473684
q: 0.6
teffP: 7568.421052631579
teffS: 4500.0