period: 1.0
incl: 70
sma: 5.0
q: 0.8
teffP: 7189.473684210527
teffS: 4868.421052631579