period: 1.0
incl: 70
sma: 5.0
q: 0.6842105263157895
teffP: 7710.526315789473
teffS: 5289.473684210527