period: 1.0
incl: 70
sma: 5.526315789473684
q: 0.6842105263157895
teffP: 7710.526315789473
teffS: 4815.789473684211