period: 1.0
incl: 70
sma: 5.0
q: 0.8
teffP: 7047.368421052632
teffS: 5131.578947368421