period: 1.0
incl: 70
sma: 5.0
q: 0.6631578947368421
teffP: 7047.368421052632
teffS: 5236.8421052631575