period: 1.0
incl: 70
sma: 5.0
q: 0.7473684210526316
teffP: 7805.263157894737
teffS: 4552.631578947368