period: 1.0
incl: 70
sma: 5.0
q: 0.7578947368421053
teffP: 7568.421052631579
teffS: 5184.210526315789