period: 1.0
incl: 70
sma: 5.526315789473684
q: 0.6105263157894737
teffP: 7189.473684210527
teffS: 5078.9473684210525