period: 1.0
incl: 70
sma: 5.526315789473684
q: 0.7473684210526316
teffP: 7142.105263157895
teffS: 5342.105263157895