period: 1.0
incl: 70
sma: 5.526315789473684
q: 0.736842105263158
teffP: 7189.473684210527
teffS: 4921.0526315789475