period: 1.0
incl: 70
sma: 5.0
q: 0.7052631578947368
teffP: 7094.736842105263
teffS: 5289.473684210527