period: 1.0
incl: 70
sma: 5.526315789473684
q: 0.6947368421052632
teffP: 7284.210526315789
teffS: 5026.315789473684