period: 1.0
incl: 70
sma: 5.0
q: 0.7052631578947368
teffP: 7852.631578947368
teffS: 5342.105263157895