period: 1.0
incl: 70
sma: 5.0
q: 0.736842105263158
teffP: 7805.263157894737
teffS: 5184.210526315789