period: 1.0
incl: 70
sma: 5.0
q: 0.6210526315789473
teffP: 7284.210526315789
teffS: 5131.578947368421