period: 1.0
incl: 70
sma: 5.526315789473684
q: 0.7578947368421053
teffP: 7094.736842105263
teffS: 4657.894736842105