period: 1.0
incl: 70
sma: 5.0
q: 0.7789473684210526
teffP: 7805.263157894737
teffS: 5394.736842105263