period: 1.0
incl: 70
sma: 5.0
q: 0.631578947368421
teffP: 7284.210526315789
teffS: 5184.210526315789