period: 1.0
incl: 70
sma: 5.526315789473684
q: 0.6736842105263158
teffP: 7663.1578947368425
teffS: 5131.578947368421