period: 1.0
incl: 70
sma: 5.0
q: 0.6947368421052632
teffP: 7284.210526315789
teffS: 4763.157894736842