period: 1.0
incl: 70
sma: 5.0
q: 0.6526315789473685
teffP: 7331.578947368421
teffS: 5026.315789473684