period: 1.0
incl: 70
sma: 5.526315789473684
q: 0.6421052631578947
teffP: 7852.631578947368
teffS: 4763.157894736842