period: 1.0
incl: 70
sma: 5.0
q: 0.7052631578947368
teffP: 7521.0526315789475
teffS: 5184.210526315789