period: 1.0
incl: 70
sma: 5.0
q: 0.7894736842105263
teffP: 7189.473684210527
teffS: 4552.631578947368