period: 1.0
incl: 70
sma: 5.526315789473684
q: 0.7578947368421053
teffP: 7236.842105263158
teffS: 5394.736842105263