period: 1.0
incl: 70
sma: 5.0
q: 0.7263157894736842
teffP: 7426.315789473684
teffS: 5131.578947368421