period: 1.0
incl: 70
sma: 5.0
q: 0.6526315789473685
teffP: 7852.631578947368
teffS: 4815.789473684211