period: 1.0
incl: 70
sma: 5.526315789473684
q: 0.7052631578947368
teffP: 7663.1578947368425
teffS: 5447.368421052632