period: 1.0
incl: 70
sma: 5.0
q: 0.736842105263158
teffP: 7521.0526315789475
teffS: 5131.578947368421