period: 1.0
incl: 70
sma: 5.526315789473684
q: 0.6105263157894737
teffP: 7236.842105263158
teffS: 5342.105263157895