period: 1.0
incl: 70
sma: 5.526315789473684
q: 0.6
teffP: 7521.0526315789475
teffS: 5026.315789473684