period: 1.0
incl: 70
sma: 5.526315789473684
q: 0.6947368421052632
teffP: 7568.421052631579
teffS: 4657.894736842105