period: 1.0
incl: 70
sma: 5.0
q: 0.6631578947368421
teffP: 7094.736842105263
teffS: 5078.9473684210525