period: 1.0
incl: 70
sma: 5.0
q: 0.736842105263158
teffP: 7710.526315789473
teffS: 4815.789473684211