period: 1.0
incl: 70
sma: 5.526315789473684
q: 0.736842105263158
teffP: 7094.736842105263
teffS: 4552.631578947368