period: 1.0
incl: 70
sma: 5.0
q: 0.7263157894736842
teffP: 7852.631578947368
teffS: 5500.0