period: 1.0
incl: 70
sma: 5.0
q: 0.6842105263157895
teffP: 7094.736842105263
teffS: 4868.421052631579