period: 1.0
incl: 70
sma: 5.526315789473684
q: 0.631578947368421
teffP: 7805.263157894737
teffS: 4500.0