period: 1.0
incl: 70
sma: 5.0
q: 0.736842105263158
teffP: 7473.684210526316
teffS: 5289.473684210527