period: 1.0
incl: 70
sma: 5.0
q: 0.6736842105263158
teffP: 7142.105263157895
teffS: 4868.421052631579