period: 1.0
incl: 70
sma: 5.0
q: 0.8
teffP: 7331.578947368421
teffS: 5236.8421052631575