period: 1.0
incl: 70
sma: 5.526315789473684
q: 0.7157894736842105
teffP: 7331.578947368421
teffS: 5078.9473684210525