period: 1.0
incl: 70
sma: 5.0
q: 0.768421052631579
teffP: 7900.0
teffS: 4763.157894736842