period: 1.0
incl: 70
sma: 5.0
q: 0.7789473684210526
teffP: 7000.0
teffS: 4868.421052631579