period: 1.0
incl: 70
sma: 5.0
q: 0.7263157894736842
teffP: 7189.473684210527
teffS: 5447.368421052632