period: 1.0
incl: 70
sma: 5.0
q: 0.736842105263158
teffP: 7426.315789473684
teffS: 5447.368421052632