period: 1.0
incl: 70
sma: 5.0
q: 0.6
teffP: 7852.631578947368
teffS: 4921.0526315789475