period: 1.0
incl: 70
sma: 5.526315789473684
q: 0.7052631578947368
teffP: 7473.684210526316
teffS: 4868.421052631579