period: 1.0
incl: 70
sma: 5.0
q: 0.6736842105263158
teffP: 7757.894736842105
teffS: 4973.684210526316