period: 1.0
incl: 70
sma: 5.526315789473684
q: 0.736842105263158
teffP: 7852.631578947368
teffS: 5026.315789473684