period: 1.0
incl: 70
sma: 5.526315789473684
q: 0.6842105263157895
teffP: 7284.210526315789
teffS: 4605.263157894737