period: 1.0
incl: 70
sma: 5.0
q: 0.631578947368421
teffP: 7331.578947368421
teffS: 4552.631578947368