period: 1.0
incl: 70
sma: 5.526315789473684
q: 0.6736842105263158
teffP: 7331.578947368421
teffS: 5500.0