period: 1.0
incl: 70
sma: 5.0
q: 0.7157894736842105
teffP: 7236.842105263158
teffS: 4710.526315789473