period: 1.0
incl: 70
sma: 5.526315789473684
q: 0.6736842105263158
teffP: 7000.0
teffS: 4763.157894736842