period: 1.0
incl: 70
sma: 5.0
q: 0.7789473684210526
teffP: 7473.684210526316
teffS: 4500.0