period: 1.0
incl: 70
sma: 5.0
q: 0.736842105263158
teffP: 7900.0
teffS: 4657.894736842105