period: 1.0
incl: 70
sma: 5.0
q: 0.7052631578947368
teffP: 7378.9473684210525
teffS: 5026.315789473684