period: 1.0
incl: 70
sma: 5.526315789473684
q: 0.7473684210526316
teffP: 7757.894736842105
teffS: 4500.0