period: 1.0
incl: 70
sma: 5.526315789473684
q: 0.7789473684210526
teffP: 7710.526315789473
teffS: 5447.368421052632