period: 1.0
incl: 70
sma: 5.0
q: 0.6631578947368421
teffP: 7378.9473684210525
teffS: 5394.736842105263