period: 1.0
incl: 70
sma: 5.0
q: 0.6842105263157895
teffP: 7805.263157894737
teffS: 5447.368421052632