period: 1.0
incl: 70
sma: 5.0
q: 0.6
teffP: 7615.789473684211
teffS: 4710.526315789473