period: 1.0
incl: 70
sma: 5.0
q: 0.7894736842105263
teffP: 7094.736842105263
teffS: 5184.210526315789