period: 1.0
incl: 70
sma: 5.0
q: 0.6842105263157895
teffP: 7236.842105263158
teffS: 5289.473684210527