period: 1.0
incl: 70
sma: 5.0
q: 0.8
teffP: 7236.842105263158
teffS: 5184.210526315789