period: 1.0
incl: 70
sma: 5.0
q: 0.6526315789473685
teffP: 7805.263157894737
teffS: 5131.578947368421