period: 1.0
incl: 70
sma: 5.0
q: 0.6947368421052632
teffP: 7378.9473684210525
teffS: 5236.8421052631575