period: 1.0
incl: 70
sma: 5.0
q: 0.7578947368421053
teffP: 7331.578947368421
teffS: 5078.9473684210525