period: 1.0
incl: 70
sma: 5.526315789473684
q: 0.6631578947368421
teffP: 7615.789473684211
teffS: 4815.789473684211