period: 1.0
incl: 70
sma: 5.526315789473684
q: 0.7263157894736842
teffP: 7426.315789473684
teffS: 4921.0526315789475