period: 1.0
incl: 70
sma: 5.526315789473684
q: 0.631578947368421
teffP: 7142.105263157895
teffS: 5078.9473684210525