period: 1.0
incl: 70
sma: 5.0
q: 0.768421052631579
teffP: 7757.894736842105
teffS: 5500.0