period: 1.0
incl: 70
sma: 5.526315789473684
q: 0.6105263157894737
teffP: 7663.1578947368425
teffS: 4921.0526315789475