period: 0.4
incl: 70
sma: 3.3
q: 0.8578947368421053
teffP: 7784.210526315789
teffS: 7407.894736842105