period: 0.4
incl: 70
sma: 3.331578947368421
q: 0.8578947368421053
teffP: 7831.578947368421
teffS: 7355.263157894737