period: 0.4
incl: 70
sma: 3.3
q: 0.9
teffP: 7713.1578947368425
teffS: 7413.1578947368425