period: 0.4
incl: 70
sma: 3.3
q: 0.763157894736842
teffP: 7784.210526315789
teffS: 7355.263157894737