period: 0.4
incl: 70
sma: 3.3
q: 0.868421052631579
teffP: 7571.0526315789475
teffS: 7381.578947368421