period: 0.4
incl: 70
sma: 3.3
q: 0.8789473684210527
teffP: 7784.210526315789
teffS: 7418.421052631579