period: 0.4
incl: 70
sma: 3.3
q: 0.763157894736842
teffP: 7500.0
teffS: 7413.1578947368425