period: 0.4
incl: 70
sma: 3.3
q: 0.731578947368421
teffP: 7665.789473684211
teffS: 7376.315789473684