period: 0.4
incl: 70
sma: 3.3
q: 0.763157894736842
teffP: 7926.315789473684
teffS: 7450.0