period: 0.4
incl: 70
sma: 3.331578947368421
q: 0.7210526315789473
teffP: 7665.789473684211
teffS: 7355.263157894737