period: 0.4
incl: 70
sma: 3.3
q: 0.7421052631578947
teffP: 7760.526315789473
teffS: 7376.315789473684