period: 0.4
incl: 70
sma: 3.3
q: 0.868421052631579
teffP: 7523.684210526316
teffS: 7350.0