period: 0.4
incl: 70
sma: 3.331578947368421
q: 0.7947368421052632
teffP: 7523.684210526316
teffS: 7434.210526315789