period: 0.4
incl: 70
sma: 3.331578947368421
q: 0.8789473684210527
teffP: 7642.105263157895
teffS: 7439.473684210527