period: 0.4
incl: 70
sma: 3.3
q: 0.7
teffP: 7594.736842105263
teffS: 7402.631578947368