period: 0.4
incl: 70
sma: 3.3
q: 0.868421052631579
teffP: 7950.0
teffS: 7428.9473684210525