period: 0.4
incl: 70
sma: 3.3
q: 0.9
teffP: 7665.789473684211
teffS: 7381.578947368421