period: 0.4
incl: 70
sma: 3.331578947368421
q: 0.8263157894736842
teffP: 7618.421052631579
teffS: 7360.526315789473