period: 0.4
incl: 70
sma: 3.3
q: 0.8368421052631578
teffP: 7950.0
teffS: 7407.894736842105