period: 0.4
incl: 70
sma: 3.3
q: 0.7421052631578947
teffP: 7547.368421052632
teffS: 7386.8421052631575