period: 0.4
incl: 70
sma: 3.3
q: 0.7421052631578947
teffP: 7500.0
teffS: 7392.105263157895