period: 0.4
incl: 70
sma: 3.331578947368421
q: 0.763157894736842
teffP: 7950.0
teffS: 7360.526315789473