period: 0.4
incl: 70
sma: 3.331578947368421
q: 0.8157894736842105
teffP: 7642.105263157895
teffS: 7360.526315789473