period: 0.4
incl: 70
sma: 3.3
q: 0.8052631578947368
teffP: 7500.0
teffS: 7407.894736842105