period: 0.4
incl: 70
sma: 3.331578947368421
q: 0.7210526315789473
teffP: 7689.473684210527
teffS: 7350.0