period: 0.4
incl: 70
sma: 3.3
q: 0.731578947368421
teffP: 7831.578947368421
teffS: 7355.263157894737