period: 0.4
incl: 70
sma: 3.3
q: 0.8157894736842105
teffP: 7523.684210526316
teffS: 7365.789473684211