period: 0.4
incl: 70
sma: 3.331578947368421
q: 0.7210526315789473
teffP: 7855.263157894737
teffS: 7434.210526315789