period: 0.4
incl: 70
sma: 3.3
q: 0.8578947368421053
teffP: 7760.526315789473
teffS: 7439.473684210527