period: 0.4
incl: 70
sma: 3.331578947368421
q: 0.7736842105263158
teffP: 7760.526315789473
teffS: 7350.0