period: 0.4
incl: 70
sma: 3.3
q: 0.8263157894736842
teffP: 7902.631578947368
teffS: 7413.1578947368425