period: 0.4
incl: 70
sma: 3.3
q: 0.8894736842105263
teffP: 7831.578947368421
teffS: 7397.368421052632