period: 0.4
incl: 70
sma: 3.331578947368421
q: 0.9
teffP: 7902.631578947368
teffS: 7407.894736842105