period: 0.4
incl: 70
sma: 3.331578947368421
q: 0.9
teffP: 7878.9473684210525
teffS: 7407.894736842105