period: 0.4
incl: 70
sma: 3.331578947368421
q: 0.9
teffP: 7950.0
teffS: 7381.578947368421