period: 0.4
incl: 70
sma: 3.331578947368421
q: 0.763157894736842
teffP: 7642.105263157895
teffS: 7428.9473684210525