period: 0.4
incl: 70
sma: 3.331578947368421
q: 0.9
teffP: 7689.473684210527
teffS: 7371.0526315789475