period: 0.4
incl: 70
sma: 3.331578947368421
q: 0.7947368421052632
teffP: 7831.578947368421
teffS: 7450.0