period: 0.4
incl: 70
sma: 3.331578947368421
q: 0.7210526315789473
teffP: 7902.631578947368
teffS: 7360.526315789473