period: 0.4
incl: 70
sma: 3.3
q: 0.8894736842105263
teffP: 7736.842105263158
teffS: 7376.315789473684