period: 0.4
incl: 70
sma: 3.331578947368421
q: 0.8368421052631578
teffP: 7618.421052631579
teffS: 7365.789473684211