period: 0.4
incl: 70
sma: 3.331578947368421
q: 0.8368421052631578
teffP: 7855.263157894737
teffS: 7371.0526315789475