period: 0.4
incl: 70
sma: 3.3
q: 0.7842105263157895
teffP: 7713.1578947368425
teffS: 7423.684210526316