period: 0.4
incl: 70
sma: 3.3
q: 0.7421052631578947
teffP: 7713.1578947368425
teffS: 7360.526315789473