period: 0.4
incl: 70
sma: 3.331578947368421
q: 0.7210526315789473
teffP: 7523.684210526316
teffS: 7365.789473684211