period: 0.4
incl: 70
sma: 3.3
q: 0.731578947368421
teffP: 7618.421052631579
teffS: 7407.894736842105