period: 0.4
incl: 70
sma: 3.3
q: 0.7736842105263158
teffP: 7855.263157894737
teffS: 7413.1578947368425