period: 0.4
incl: 70
sma: 3.3
q: 0.8368421052631578
teffP: 7902.631578947368
teffS: 7365.789473684211