period: 0.4
incl: 70
sma: 3.3
q: 0.8473684210526315
teffP: 7618.421052631579
teffS: 7376.315789473684