period: 0.4
incl: 70
sma: 3.3
q: 0.8894736842105263
teffP: 7878.9473684210525
teffS: 7407.894736842105