period: 0.4
incl: 70
sma: 3.3
q: 0.7421052631578947
teffP: 7594.736842105263
teffS: 7381.578947368421