period: 0.4
incl: 70
sma: 3.3
q: 0.763157894736842
teffP: 7665.789473684211
teffS: 7439.473684210527