period: 0.4
incl: 70
sma: 3.331578947368421
q: 0.8263157894736842
teffP: 7500.0
teffS: 7434.210526315789