period: 0.4
incl: 70
sma: 3.3
q: 0.8157894736842105
teffP: 7855.263157894737
teffS: 7418.421052631579