period: 0.4
incl: 70
sma: 3.3
q: 0.7526315789473684
teffP: 7500.0
teffS: 7360.526315789473