period: 0.4
incl: 70
sma: 3.331578947368421
q: 0.7421052631578947
teffP: 7689.473684210527
teffS: 7434.210526315789