period: 0.4
incl: 70
sma: 3.331578947368421
q: 0.8052631578947368
teffP: 7736.842105263158
teffS: 7386.8421052631575