period: 0.4
incl: 70
sma: 3.3
q: 0.8894736842105263
teffP: 7807.894736842105
teffS: 7439.473684210527