period: 0.4
incl: 70
sma: 3.331578947368421
q: 0.7
teffP: 7500.0
teffS: 7428.9473684210525