period: 0.4
incl: 70
sma: 3.3
q: 0.8894736842105263
teffP: 7523.684210526316
teffS: 7386.8421052631575