period: 0.4
incl: 70
sma: 3.331578947368421
q: 0.868421052631579
teffP: 7642.105263157895
teffS: 7434.210526315789