period: 0.4
incl: 70
sma: 3.3
q: 0.8052631578947368
teffP: 7807.894736842105
teffS: 7450.0