period: 0.4
incl: 70
sma: 3.331578947368421
q: 0.7421052631578947
teffP: 7831.578947368421
teffS: 7428.9473684210525