period: 0.4
incl: 70
sma: 3.3
q: 0.7947368421052632
teffP: 7760.526315789473
teffS: 7350.0