period: 0.4
incl: 70
sma: 3.331578947368421
q: 0.7842105263157895
teffP: 7807.894736842105
teffS: 7350.0