period: 0.4
incl: 70
sma: 3.3
q: 0.7736842105263158
teffP: 7642.105263157895
teffS: 7371.0526315789475