period: 0.4
incl: 70
sma: 3.331578947368421
q: 0.763157894736842
teffP: 7878.9473684210525
teffS: 7450.0