period: 0.4
incl: 70
sma: 3.331578947368421
q: 0.8157894736842105
teffP: 7523.684210526316
teffS: 7402.631578947368