period: 0.4
incl: 70
sma: 3.3
q: 0.8263157894736842
teffP: 7547.368421052632
teffS: 7402.631578947368