period: 0.4
incl: 70
sma: 3.3
q: 0.7947368421052632
teffP: 7547.368421052632
teffS: 7371.0526315789475