period: 0.4
incl: 70
sma: 3.3
q: 0.7105263157894737
teffP: 7784.210526315789
teffS: 7381.578947368421