period: 0.4
incl: 70
sma: 3.3
q: 0.8473684210526315
teffP: 7665.789473684211
teffS: 7402.631578947368