period: 0.4
incl: 70
sma: 3.331578947368421
q: 0.8263157894736842
teffP: 7689.473684210527
teffS: 7381.578947368421