period: 0.4
incl: 70
sma: 3.331578947368421
q: 0.8473684210526315
teffP: 7736.842105263158
teffS: 7397.368421052632