period: 0.4
incl: 70
sma: 3.331578947368421
q: 0.8052631578947368
teffP: 7855.263157894737
teffS: 7444.736842105263