period: 0.4
incl: 70
sma: 3.3
q: 0.8473684210526315
teffP: 7713.1578947368425
teffS: 7444.736842105263