period: 0.4
incl: 70
sma: 3.331578947368421
q: 0.731578947368421
teffP: 7594.736842105263
teffS: 7413.1578947368425