period: 0.4
incl: 70
sma: 3.3
q: 0.868421052631579
teffP: 7760.526315789473
teffS: 7355.263157894737