period: 0.4
incl: 70
sma: 3.3
q: 0.7736842105263158
teffP: 7500.0
teffS: 7355.263157894737