period: 0.4
incl: 70
sma: 3.3
q: 0.9
teffP: 7642.105263157895
teffS: 7365.789473684211