period: 0.4
incl: 70
sma: 3.3
q: 0.8368421052631578
teffP: 7926.315789473684
teffS: 7434.210526315789