period: 0.4
incl: 70
sma: 3.3
q: 0.7526315789473684
teffP: 7926.315789473684
teffS: 7376.315789473684