period: 0.4
incl: 70
sma: 3.331578947368421
q: 0.8157894736842105
teffP: 7571.0526315789475
teffS: 7365.789473684211