period: 0.4
incl: 70
sma: 3.3
q: 0.8263157894736842
teffP: 7736.842105263158
teffS: 7386.8421052631575