period: 0.4
incl: 70
sma: 3.331578947368421
q: 0.8473684210526315
teffP: 7878.9473684210525
teffS: 7444.736842105263