period: 0.4
incl: 70
sma: 3.331578947368421
q: 0.8789473684210527
teffP: 7713.1578947368425
teffS: 7413.1578947368425