period: 0.4
incl: 70
sma: 3.3
q: 0.7421052631578947
teffP: 7950.0
teffS: 7439.473684210527