period: 0.4
incl: 70
sma: 3.331578947368421
q: 0.7842105263157895
teffP: 7523.684210526316
teffS: 7444.736842105263