period: 0.4
incl: 70
sma: 3.331578947368421
q: 0.8789473684210527
teffP: 7950.0
teffS: 7402.631578947368