period: 0.4
incl: 70
sma: 3.3
q: 0.8578947368421053
teffP: 7950.0
teffS: 7381.578947368421