period: 0.4
incl: 70
sma: 3.331578947368421
q: 0.8368421052631578
teffP: 7784.210526315789
teffS: 7397.368421052632