period: 0.4
incl: 70
sma: 3.3
q: 0.8157894736842105
teffP: 7926.315789473684
teffS: 7428.9473684210525