period: 0.4
incl: 70
sma: 3.331578947368421
q: 0.7947368421052632
teffP: 7807.894736842105
teffS: 7402.631578947368