period: 0.4
incl: 70
sma: 3.331578947368421
q: 0.8052631578947368
teffP: 7523.684210526316
teffS: 7381.578947368421