period: 0.4
incl: 70
sma: 3.3
q: 0.8578947368421053
teffP: 7807.894736842105
teffS: 7423.684210526316