period: 0.4
incl: 70
sma: 3.3
q: 0.7210526315789473
teffP: 7571.0526315789475
teffS: 7450.0