period: 0.4
incl: 70
sma: 3.331578947368421
q: 0.7105263157894737
teffP: 7926.315789473684
teffS: 7444.736842105263