period: 0.4
incl: 70
sma: 3.331578947368421
q: 0.8894736842105263
teffP: 7500.0
teffS: 7418.421052631579