period: 0.4
incl: 70
sma: 3.331578947368421
q: 0.7842105263157895
teffP: 7689.473684210527
teffS: 7418.421052631579