period: 0.4
incl: 70
sma: 3.331578947368421
q: 0.8473684210526315
teffP: 7571.0526315789475
teffS: 7450.0