period: 0.4
incl: 70
sma: 3.331578947368421
q: 0.8368421052631578
teffP: 7547.368421052632
teffS: 7386.8421052631575