period: 0.4
incl: 70
sma: 3.331578947368421
q: 0.868421052631579
teffP: 7500.0
teffS: 7360.526315789473