period: 0.4
incl: 70
sma: 3.363157894736842
q: 0.7
teffP: 7760.526315789473
teffS: 7386.8421052631575