period: 0.4
incl: 70
sma: 3.3
q: 0.9
teffP: 7831.578947368421
teffS: 7392.105263157895