period: 0.4
incl: 70
sma: 3.331578947368421
q: 0.8473684210526315
teffP: 7618.421052631579
teffS: 7402.631578947368