period: 0.4
incl: 70
sma: 3.3
q: 0.7842105263157895
teffP: 7689.473684210527
teffS: 7392.105263157895