period: 0.4
incl: 70
sma: 3.331578947368421
q: 0.8578947368421053
teffP: 7784.210526315789
teffS: 7365.789473684211