period: 0.4
incl: 70
sma: 3.3
q: 0.731578947368421
teffP: 7760.526315789473
teffS: 7423.684210526316