period: 0.4
incl: 70
sma: 3.3
q: 0.7526315789473684
teffP: 7523.684210526316
teffS: 7371.0526315789475