period: 0.4
incl: 70
sma: 3.331578947368421
q: 0.8789473684210527
teffP: 7665.789473684211
teffS: 7450.0