period: 0.4
incl: 70
sma: 3.3
q: 0.7421052631578947
teffP: 7642.105263157895
teffS: 7371.0526315789475