period: 0.4
incl: 70
sma: 3.331578947368421
q: 0.8789473684210527
teffP: 7855.263157894737
teffS: 7350.0