period: 0.4
incl: 70
sma: 3.3
q: 0.7
teffP: 7878.9473684210525
teffS: 7360.526315789473