period: 0.4
incl: 70
sma: 3.3
q: 0.8789473684210527
teffP: 7902.631578947368
teffS: 7371.0526315789475