period: 0.4
incl: 70
sma: 3.3
q: 0.8052631578947368
teffP: 7571.0526315789475
teffS: 7376.315789473684