period: 0.4
incl: 70
sma: 3.3
q: 0.7526315789473684
teffP: 7547.368421052632
teffS: 7418.421052631579