period: 0.4
incl: 70
sma: 3.331578947368421
q: 0.8473684210526315
teffP: 7642.105263157895
teffS: 7365.789473684211