period: 0.4
incl: 70
sma: 3.3
q: 0.7421052631578947
teffP: 7571.0526315789475
teffS: 7360.526315789473