period: 0.4
incl: 70
sma: 3.3
q: 0.7842105263157895
teffP: 7950.0
teffS: 7381.578947368421