period: 0.4
incl: 70
sma: 3.3
q: 0.7947368421052632
teffP: 7926.315789473684
teffS: 7392.105263157895