period: 0.4
incl: 70
sma: 3.331578947368421
q: 0.7736842105263158
teffP: 7713.1578947368425
teffS: 7392.105263157895