period: 0.4
incl: 70
sma: 3.331578947368421
q: 0.8894736842105263
teffP: 7642.105263157895
teffS: 7381.578947368421