period: 0.4
incl: 70
sma: 3.3
q: 0.7842105263157895
teffP: 7760.526315789473
teffS: 7413.1578947368425