period: 0.4
incl: 70
sma: 3.3
q: 0.763157894736842
teffP: 7950.0
teffS: 7386.8421052631575