period: 0.4
incl: 70
sma: 3.3
q: 0.7842105263157895
teffP: 7855.263157894737
teffS: 7386.8421052631575