period: 0.4
incl: 70
sma: 3.3
q: 0.7526315789473684
teffP: 7618.421052631579
teffS: 7439.473684210527