period: 0.4
incl: 70
sma: 3.3
q: 0.8368421052631578
teffP: 7571.0526315789475
teffS: 7355.263157894737