period: 0.4
incl: 70
sma: 3.331578947368421
q: 0.8789473684210527
teffP: 7807.894736842105
teffS: 7360.526315789473