period: 0.4
incl: 70
sma: 3.331578947368421
q: 0.7736842105263158
teffP: 7878.9473684210525
teffS: 7434.210526315789