period: 0.4
incl: 70
sma: 3.331578947368421
q: 0.7105263157894737
teffP: 7807.894736842105
teffS: 7386.8421052631575