period: 0.4
incl: 70
sma: 3.3
q: 0.731578947368421
teffP: 7642.105263157895
teffS: 7428.9473684210525