period: 0.4
incl: 70
sma: 3.331578947368421
q: 0.7842105263157895
teffP: 7618.421052631579
teffS: 7402.631578947368