period: 0.4
incl: 70
sma: 3.3
q: 0.8157894736842105
teffP: 7878.9473684210525
teffS: 7381.578947368421