period: 0.4
incl: 70
sma: 3.331578947368421
q: 0.8368421052631578
teffP: 7831.578947368421
teffS: 7423.684210526316