period: 0.4
incl: 70
sma: 3.3
q: 0.9
teffP: 7689.473684210527
teffS: 7360.526315789473