period: 0.4
incl: 70
sma: 3.331578947368421
q: 0.8157894736842105
teffP: 7950.0
teffS: 7365.789473684211