period: 0.4
incl: 70
sma: 3.331578947368421
q: 0.7210526315789473
teffP: 7950.0
teffS: 7450.0