period: 0.4
incl: 70
sma: 3.331578947368421
q: 0.8894736842105263
teffP: 7736.842105263158
teffS: 7360.526315789473