period: 0.4
incl: 70
sma: 3.331578947368421
q: 0.7736842105263158
teffP: 7500.0
teffS: 7397.368421052632