period: 0.4
incl: 70
sma: 3.331578947368421
q: 0.8368421052631578
teffP: 7571.0526315789475
teffS: 7402.631578947368