period: 0.4
incl: 70
sma: 3.3
q: 0.7210526315789473
teffP: 7642.105263157895
teffS: 7439.473684210527