period: 0.4
incl: 70
sma: 3.3
q: 0.8052631578947368
teffP: 7689.473684210527
teffS: 7418.421052631579