period: 0.4
incl: 70
sma: 3.331578947368421
q: 0.7842105263157895
teffP: 7665.789473684211
teffS: 7371.0526315789475