period: 0.4
incl: 70
sma: 3.3
q: 0.8578947368421053
teffP: 7926.315789473684
teffS: 7365.789473684211