period: 0.4
incl: 70
sma: 3.331578947368421
q: 0.7421052631578947
teffP: 7784.210526315789
teffS: 7350.0