period: 0.4
incl: 70
sma: 3.331578947368421
q: 0.8157894736842105
teffP: 7926.315789473684
teffS: 7439.473684210527