period: 0.4
incl: 70
sma: 3.3
q: 0.9
teffP: 7902.631578947368
teffS: 7397.368421052632