period: 0.4
incl: 70
sma: 3.331578947368421
q: 0.7210526315789473
teffP: 7594.736842105263
teffS: 7392.105263157895