period: 0.4
incl: 70
sma: 3.3
q: 0.7736842105263158
teffP: 7547.368421052632
teffS: 7381.578947368421