period: 0.4
incl: 70
sma: 3.3
q: 0.8473684210526315
teffP: 7736.842105263158
teffS: 7407.894736842105