period: 0.4
incl: 70
sma: 3.363157894736842
q: 0.7
teffP: 7500.0
teffS: 7371.0526315789475