period: 0.4
incl: 70
sma: 3.331578947368421
q: 0.8052631578947368
teffP: 7878.9473684210525
teffS: 7413.1578947368425