period: 0.4
incl: 70
sma: 3.3
q: 0.7842105263157895
teffP: 7878.9473684210525
teffS: 7365.789473684211