period: 0.4
incl: 70
sma: 3.331578947368421
q: 0.8578947368421053
teffP: 7950.0
teffS: 7428.9473684210525