period: 0.4
incl: 70
sma: 3.331578947368421
q: 0.8894736842105263
teffP: 7618.421052631579
teffS: 7407.894736842105