period: 0.4
incl: 70
sma: 3.331578947368421
q: 0.8473684210526315
teffP: 7689.473684210527
teffS: 7413.1578947368425