period: 0.4
incl: 70
sma: 3.3
q: 0.7105263157894737
teffP: 7902.631578947368
teffS: 7407.894736842105