period: 0.4
incl: 70
sma: 3.331578947368421
q: 0.7736842105263158
teffP: 7902.631578947368
teffS: 7444.736842105263