period: 0.4
incl: 70
sma: 3.3
q: 0.7842105263157895
teffP: 7571.0526315789475
teffS: 7423.684210526316