period: 0.4
incl: 70
sma: 3.331578947368421
q: 0.7
teffP: 7665.789473684211
teffS: 7392.105263157895