period: 0.4
incl: 70
sma: 3.3
q: 0.9
teffP: 7547.368421052632
teffS: 7355.263157894737