period: 0.4
incl: 70
sma: 3.3
q: 0.8052631578947368
teffP: 7760.526315789473
teffS: 7360.526315789473