period: 0.4
incl: 70
sma: 3.3
q: 0.731578947368421
teffP: 7902.631578947368
teffS: 7350.0