period: 0.4
incl: 70
sma: 3.331578947368421
q: 0.763157894736842
teffP: 7902.631578947368
teffS: 7381.578947368421