period: 0.4
incl: 70
sma: 3.3
q: 0.7736842105263158
teffP: 7523.684210526316
teffS: 7376.315789473684