period: 0.4
incl: 70
sma: 3.331578947368421
q: 0.7421052631578947
teffP: 7926.315789473684
teffS: 7428.9473684210525