period: 0.4
incl: 70
sma: 3.3
q: 0.7
teffP: 7760.526315789473
teffS: 7397.368421052632