period: 0.4
incl: 70
sma: 3.3
q: 0.7736842105263158
teffP: 7926.315789473684
teffS: 7397.368421052632