period: 0.4
incl: 70
sma: 3.3
q: 0.8894736842105263
teffP: 7950.0
teffS: 7371.0526315789475