period: 0.4
incl: 70
sma: 3.3
q: 0.8473684210526315
teffP: 7547.368421052632
teffS: 7397.368421052632