period: 0.4
incl: 70
sma: 3.363157894736842
q: 0.7
teffP: 7642.105263157895
teffS: 7450.0