period: 0.4
incl: 70
sma: 3.331578947368421
q: 0.8368421052631578
teffP: 7665.789473684211
teffS: 7402.631578947368