period: 0.4
incl: 70
sma: 3.331578947368421
q: 0.8578947368421053
teffP: 7571.0526315789475
teffS: 7413.1578947368425