period: 0.4
incl: 70
sma: 3.331578947368421
q: 0.8789473684210527
teffP: 7500.0
teffS: 7355.263157894737