period: 0.4
incl: 70
sma: 3.3
q: 0.8894736842105263
teffP: 7926.315789473684
teffS: 7350.0