period: 0.4
incl: 70
sma: 3.331578947368421
q: 0.731578947368421
teffP: 7547.368421052632
teffS: 7418.421052631579