period: 0.4
incl: 70
sma: 3.3
q: 0.763157894736842
teffP: 7760.526315789473
teffS: 7392.105263157895