period: 0.4
incl: 70
sma: 3.331578947368421
q: 0.868421052631579
teffP: 7713.1578947368425
teffS: 7407.894736842105