period: 0.4
incl: 70
sma: 3.3
q: 0.731578947368421
teffP: 7807.894736842105
teffS: 7418.421052631579