period: 0.4
incl: 70
sma: 3.3
q: 0.7947368421052632
teffP: 7689.473684210527
teffS: 7418.421052631579