period: 0.4
incl: 70
sma: 3.331578947368421
q: 0.8578947368421053
teffP: 7855.263157894737
teffS: 7350.0