period: 0.4
incl: 70
sma: 3.3
q: 0.7
teffP: 7736.842105263158
teffS: 7392.105263157895