period: 0.4
incl: 70
sma: 3.3
q: 0.8157894736842105
teffP: 7807.894736842105
teffS: 7371.0526315789475