period: 0.4
incl: 70
sma: 3.331578947368421
q: 0.8263157894736842
teffP: 7642.105263157895
teffS: 7350.0