period: 0.4
incl: 70
sma: 3.331578947368421
q: 0.8578947368421053
teffP: 7547.368421052632
teffS: 7444.736842105263