period: 0.4
incl: 70
sma: 3.331578947368421
q: 0.7526315789473684
teffP: 7950.0
teffS: 7413.1578947368425