period: 0.4
incl: 70
sma: 3.3
q: 0.8368421052631578
teffP: 7878.9473684210525
teffS: 7355.263157894737