period: 0.4
incl: 70
sma: 3.3
q: 0.8789473684210527
teffP: 7523.684210526316
teffS: 7392.105263157895