period: 0.4
incl: 70
sma: 3.3
q: 0.8473684210526315
teffP: 7926.315789473684
teffS: 7418.421052631579