period: 3.0
incl: 70
sma: 15.0
q: 0.7250000000000001
teffP: 10750.0
teffS: 5250.0
requivP: 2.6500000000000004
requivS: 3.0