period: 3.0
incl: 70
sma: 20.0
q: 0.7250000000000001
teffP: 10000.0
teffS: 5000.0
requivP: 2.6500000000000004
requivS: 2.8